9.1113,9.1113,9.1113,9.1113,9.1113,9.1113,9.1113,9.1113,9.1113,9.1113,9.1113,9.1113,9.1113,9.1113,9.1113,9.1113,9.1113,9.1113,9.1113,9.1113,9.1113,9.1113,9.1113,9.1113,9.1113,9.1113,9.1113,9.1113,9.1113,9.1113,9.1113,9.1113,9.1113,9.1113,9.1113,9.1113,9.1113,9.1113,9.1113,9.1113,9.1113,9.1113,9.1113,9.1113,9.1113,9.1113,9.1113,9.1113,9.1113,9.1113,9.1113,9.1113,9.1113,9.1113,9.1113,9.1113,9.1113,9.1113,9.1113,9.1113,9.1113,9.1113,9.1113,9.1113,9.1113,9.1113,9.1113,9.1113,9.1113,9.1113,9.1113,9.1113,9.1113,9.1113,9.1113,9.1113,9.1113,9.1113,9.1113,9.1113,9.1113,9.1113,9.1113,9.1113,9.1113,9.1113,9.1113,9.1113,9.1113,9.1113,9.1113,9.1113,9.1113,9.1113,9.1113,9.1113,9.1113,9.1113,9.1113,9.1113,9.1113,9.1113,9.1113,9.1113,9.1113,9.1113,9.1113,9.1113,9.1113,9.1113,9.1113,9.1113,9.1113,9.1113,9.1113,9.1113,9.1113,9.1113,9.1113,9.1113,9.1113,9.1113,9.1113,9.1113,9.1113,9.1113,9.1113,9.1113,9.1113,9.1113,9.1113,9.1113,9.1113,9.1113,9.1113,9.1113,9.1113,9.1113,9.1113,9.1113,9.1113,9.1113,9.1113,9.1113,9.1113,9.1113,9.1113,9.1113,9.1113,9.1113,9.1113,9.1113,9.1113,9.1113,9.1113,9.1113,9.1113,9.1113,9.1113,9.1113,9.1113,9.1113,9.1113,9.1113,9.1113,9.1113,9.1113,9.1113,9.1113,9.1113,9.1113,9.1113,9.1113,9.1113,9.1113,9.1113,9.1113,9.1113,9.1113,9.1113,9.1113,9.1113,9.1113,9.1113,9.1113,9.1113,9.1113,9.1113,9.1113,9.1113,9.1113,9.1113,9.1113,9.1113,9.1113,9.1113,9.1113,9.1113,9.1113,9.1113,9.1113,9.1113,9.1113,9.1113,9.1113,9.1113,9.1113,9.1113,9.1113,9.1113,9.1113,9.1113,9.1113,9.1113,9.1113,9.1113,9.1113,9.1113,9.1113,9.1113,9.1113,9.1113,9.1113,9.1113,9.1113,9.1113,9.1113,9.1113,9.1113,9.1113,9.1113,9.1113,9.1113,9.1113,9.1113,9.1113,9.1113,9.1113,9.1113,9.1113,9.1113,9.1113,9.1113,9.1113,9.1113,9.1113,9.1113,9.1113,9.1113,9.1113,9.1113,9.1113,9.1113,9.1113,9.1113,9.1113,9.1113,9.1113,9.1113,9.1113,9.1113,9.1113,9.1113,9.1113,9.1113,9.1113,9.1113,9.1113,9.1113,9.1113,9.1113,9.1113,9.1113,9.1113,9.1113,9.1113,9.1113,9.1113,9.1113,9.1113,9.1113,9.1113,9.1113,9.1113,9.1113,9.1113,9.1113,9.1113,9.1113,9.1113,9.1113,9.1113,9.1113,9.1113,9.1113,9.1113,9.1113,9.1113,9.1113,9.1113,9.1113,9.1113,9.1113,9.1113,9.1113,9.1113,9.1113,9.1113,9.1113,9.1113,9.1113,9.1113,9.1113,9.1113,9.1113,9.1113,9.1113,9.1113,9.1113,9.1113,9.1113,9.1113,9.1113,9.1113,9.1113,9.1113,9.1113,9.1113,9.1113,9.1113,9.1113,9.1113,9.1113,9.1113,9.1113,9.1113,9.1113,9.1113,9.1113,9.1113,9.1113,9.1113,9.1113,9.1113,9.1113,9.1113,9.1113,9.1113,9.1113,9.1113,9.1113,9.1113,9.1113,9.1113,9.1113,9.1113,9.1113,9.1113,9.1113,9.1113,9.1113,9.1113,9.1113,9.1113,9.1113,9.1113,9.1113,9.1113,9.1113,9.1113,9.1113,9.1113,9.1113,9.1113,9.1113,9.1113,9.1113,9.1113,9.1113,9.1113,9.1113,9.1113,9.1113,9.1113,9.1113,9.1113,9.1113,9.1113,9.1113,9.1113,9.1113,9.1113,9.1113,9.1113,9.1113,9.1113,9.1113,9.1113,9.1113,9.1113,9.1113,9.1113,9.1113,9.1113,9.1113,9.1113,9.1113,9.1113,9.1113,9.1113,9.1113,9.1113,9.1113,9.1113,9.1113,9.1113,9.1113,9.1113,9.1113,9.1113,9.1113,9.1113,9.1113,9.1113,9.1113,9.1113,9.1113,9.1113,9.1113,9.1113,9.1113,9.1113,9.1113,9.1113,9.1113,9.1113,9.1113,9.1113,9.1113,9.1113,9.1113,9.1113,9.1113,9.1113,9.1113,9.1113,9.1113,9.1113,9.1113,9.1113,9.1113,9.1113,9.1113,9.1113,9.1113,9.1113,9.1113,9.1113,9.1113,9.1113,9.1113,9.1113,9.1113,9.1113,9.1113,9.1113,9.1113,9.1113,9.1113,9.1113,9.1113,9.1113,9.1113,9.1113,9.1113,9.1113,9.1113,9.1113,9.1113,9.1113,9.1113,9.1113,9.1113,9.1113,9.1113,9.1113,9.1113,9.1113,9.1113,9.1113,9.1113,9.1113,9.1113,9.1113,9.1113,9.1113,9.1113,9.1113,9.1113,9.1113,9.1113,9.1113,9.1113,9.1113,9.1113,9.1113,9.1113,9.1113,9.1113,9.1113,9.1113,9.1113,9.1113,9.1113,9.1113,9.1113,9.1113,9.1113,9.1113,9.1113,9.1113,9.1113,9.1113,9.1113,9.1113,9.1113,9.1113,9.1113,9.1113,9.1113,9.1113,9.1113,9.1113,9.1113,9.1113,9.1113,9.1113,9.1113,9.1113,9.1113,9.1113,9.1113,9.1113,9.1113,9.1113,9.1113,9.1113,9.1113,9.1113,9.1113,9.1113,9.1113,9.1113,9.1113,9.1113,9.1113,9.1113,9.1113,9.1113,9.1113,9.1113,9.1113,9.1113,9.1113,9.1113,9.1113,9.1113,9.1113,9.1113,9.1113,9.1113,9.1113,9.1113,9.1113,9.1113,9.1113,9.1113,9.1113,9.1113,9.1113,9.1113,9.1113,9.1113,9.1113,9.1113,9.1113,9.1113,9.1113,9.1113,9.1113,9.1113,9.1113,9.1113,9.1113,9.1113,9.1113,9.1113,9.1113,9.1113,9.1113,9.1113,9.1113,9.1113,9.1113,9.1113,9.1113,9.1113,9.1113,9.1113,9.1113,9.1113,9.1113,9.1113,9.1113,9.1113,9.1113,9.1113,9.1113,9.1113,9.1113,9.1113,9.1113,9.1113,9.1113,9.1113,9.1113,9.1113,9.1113,9.1113,9.1113,9.1113,9.1113,9.1113,9.1113,9.1113,9.1113,9.1113,9.1113,9.1113,9.1113,9.1113,9.1113,9.1113,9.1113,9.1113,9.1113,9.1113,9.1113,9.1113,9.1113,9.1113,9.1113,9.1113,9.1113,9.1113,9.1113,9.1113,9.1113,9.1113,9.1113,9.1113,9.1113,9.1113,9.1113,9.1113,9.1113,9.1113,9.1113,9.1113,9.1113,9.1113,9.1113,9.1113,9.1113,9.1113,9.1113,9.1113,9.1113,9.1113,9.1113,9.1113,9.1113,9.1113,9.1113,9.1113,9.1113,9.1113,9.1113,9.1113,9.1113,9.1113,9.1113,9.1113,9.1113,9.1113,9.1113,9.1113,9.1113,9.1113,9.1113,9.1113,9.1113,9.1113,9.1113,9.1113,9.1113,9.1113,9.1113,9.1113,9.1113,9.1113,9.1113,9.1113,9.1113,9.1113,9.1113,9.1113,9.1113,9.1113,9.1113,9.1113,9.1113,9.1113,9.1113,9.1113,9.1113,9.1113,9.1113,9.1113,9.1113,9.1113,9.1113,9.1113,9.1113,9.1113,9.1113,9.1113,9.1113,9.1113,9.1113,9.1113,9.1113,9.1113,9.1113,9.1113,9.1113,9.1113,9.1113,9.1113,9.1113,9.1113,9.1113,9.1113,9.1113,9.1113,9.1113,9.1113,9.1113,9.1113,9.1113,9.1113,9.1113,9.1113,9.1113,9.1113,9.1113,9.1113,9.1113,9.1113,9.1113,9.1113,9.1113,9.1113,9.1113,9.1113,9.1113,9.1113,9.1113,9.1113,9.1113,9.1113,9.1113,9.1113,9.1113,9.1113,9.1113,9.1113,9.1113,9.1113,9.1113,9.1113,9.1113,9.1113,9.1113,9.1113,9.1113,9.1113,9.1113,9.1113,9.1113,9.1113,9.1113,9.1113,9.1113,9.1113,9.1113,9.1113,9.1113,9.1113,9.1113,9.1113,9.1113,9.1113,9.1113,9.1113,9.1113,9.1113,9.1113,9.1113,9.1113,9.1113,9.1113,9.1113,9.1113,9.1113,9.1113,9.1113,9.1113,9.1113,9.1113,9.1113,9.1113,9.1113,9.1113,9.1113,9.1113,9.1113,9.1113,9.1113,9.1113,9.1113,9.1113,9.1113,9.1113,9.1113,9.1113,9.1113,9.1113,9.1113,9.1113,9.1113,9.1113,9.1113,9.1113,9.1113,9.1113,9.1113,9.1113,9.1113,9.1113,9.1113,9.1113,9.1113,9.1113,9.1113,9.1113,9.1113,9.1113,9.1113,9.1113,9.1113,9.1113,9.1113,9.1113,9.1113,9.1113,9.1113,9.1113,9.1113,9.1113,9.1113,9.1113,9.1113,9.1113,9.1113,9.1113,9.1113,9.1113,9.1113,9.1113,9.1113,9.1113,9.1113,9.1113,9.1113,9.1113,9.1113,9.1113,9.1113,9.1113,9.1113,9.1113,9.1113,9.1113,9.1113,9.1113,9.1113,9.1113,9.1113,9.1113,9.1113,9.1113,9.1113,9.1113,9.1113,9.1113,9.1113,9.1113,9.1113,9.1113,9.1113,9.1113,9.1113,9.1113,9.1113,9.1113,9.1113,9.1113,9.1113,9.1113,9.1113,9.1113,9.1113,9.1113,9.1113,9.1113,9.1113,9.1113,9.1113,9.1113,9.1113,9.1113,9.1113,9.1113,9.1113,9.1113,9.1113,9.1113,9.1113,9.1113,9.1113,9.1113,9.1113,9.1113,9.1113,9.1113,9.1113,9.1113,9.1113,9.1113
9.1024,9.1024,9.1024,9.1024,9.1024,9.1024,9.1024,9.1024,9.1024,9.1024,9.1024,9.1024,9.1024,9.1024,9.1024,9.1024,9.1024,9.1024,9.1024,9.1024,9.1024,9.1024,9.1024,9.1024,9.1024,9.1024,9.1024,9.1024,9.1024,9.1024,9.1024,9.1024,9.1024,9.1024,9.1024,9.1024,9.1024,9.1024,9.1024,9.1024,9.1024,9.1024,9.1024,9.1024,9.1024,9.1024,9.1024,9.1024,9.1024,9.1024,9.1024,9.1024,9.1024,9.1024,9.1024,9.1024,9.1024,9.1024,9.1024,9.1024,9.1024,9.1024,9.1024,9.1024,9.1024,9.1024,9.1024,9.1024,9.1024,9.1024,9.1024,9.1024,9.1024,9.1024,9.1024,9.1024,9.1024,9.1024,9.1024,9.1024,9.1024,9.1024,9.1024,9.1024,9.1024,9.1024,9.1024,9.1024,9.1024,9.1024,9.1024,9.1024,9.1024,9.1024,9.1024,9.1024,9.1024,9.1024,9.1024,9.1024,9.1024,9.1024,9.1024,9.1024,9.1024,9.1024,9.1024,9.1024,9.1024,9.1024,9.1024,9.1024,9.1024,9.1024,9.1024,9.1024,9.1024,9.1024,9.1024,9.1024,9.1024,9.1024,9.1024,9.1024,9.1024,9.1024,9.1024,9.1024,9.1024,9.1024,9.1024,9.1024,9.1024,9.1024,9.1024,9.1024,9.1024,9.1024,9.1024,9.1024,9.1024,9.1024,9.1024,9.1024,9.1024,9.1024,9.1024,9.1024,9.1024,9.1024,9.1024,9.1024,9.1024,9.1024,9.1024,9.1024,9.1024,9.1024,9.1024,9.1024,9.1024,9.1024,9.1024,9.1024,9.1024,9.1024,9.1024,9.1024,9.1024,9.1024,9.1024,9.1024,9.1024,9.1024,9.1024,9.1024,9.1024,9.1024,9.1024,9.1024,9.1024,9.1024,9.1024,9.1024,9.1024,9.1024,9.1024,9.1024,9.1024,9.1024,9.1024,9.1024,9.1024,9.1024,9.1024,9.1024,9.1024,9.1024,9.1024,9.1024,9.1024,9.1024,9.1024,9.1024,9.1024,9.1024,9.1024,9.1024,9.1024,9.1024,9.1024,9.1024,9.1024,9.1024,9.1024,9.1024,9.1024,9.1024,9.1024,9.1024,9.1024,9.1024,9.1024,9.1024,9.1024,9.1024,9.1024,9.1024,9.1024,9.1024,9.1024,9.1024,9.1024,9.1024,9.1024,9.1024,9.1024,9.1024,9.1024,9.1024,9.1024,9.1024,9.1024,9.1024,9.1024,9.1024,9.1024,9.1024,9.1024,9.1024,9.1024,9.1024,9.1024,9.1024,9.1024,9.1024,9.1024,9.1024,9.1024,9.1024,9.1024,9.1024,9.1024,9.1024,9.1024,9.1024,9.1024,9.1024,9.1024,9.1024,9.1024,9.1024,9.1024,9.1024,9.1024,9.1024,9.1024,9.1024,9.1024,9.1024,9.1024,9.1024,9.1024,9.1024,9.1024,9.1024,9.1024,9.1024,9.1024,9.1024,9.1024,9.1024,9.1024,9.1024,9.1024,9.1024,9.1024,9.1024,9.1024,9.1024,9.1024,9.1024,9.1024,9.1024,9.1024,9.1024,9.1024,9.1024,9.1024,9.1024,9.1024,9.1024,9.1024,9.1024,9.1024,9.1024,9.1024,9.1024,9.1024,9.1024,9.1024,9.1024,9.1024,9.1024,9.1024,9.1024,9.1024,9.1024,9.1024,9.1024,9.1024,9.1024,9.1024,9.1024,9.1024,9.1024,9.1024,9.1024,9.1024,9.1024,9.1024,9.1024,9.1024,9.1024,9.1024,9.1024,9.1024,9.1024,9.1024,9.1024,9.1024,9.1024,9.1024,9.1024,9.1024,9.1024,9.1024,9.1024,9.1024,9.1024,9.1024,9.1024,9.1024,9.1024,9.1024,9.1024,9.1024,9.1024,9.1024,9.1024,9.1024,9.1024,9.1024,9.1024,9.1024,9.1024,9.1024,9.1024,9.1024,9.1024,9.1024,9.1024,9.1024,9.1024,9.1024,9.1024,9.1024,9.1024,9.1024,9.1024,9.1024,9.1024,9.1024,9.1024,9.1024,9.1024,9.1024,9.1024,9.1024,9.1024,9.1024,9.1024,9.1024,9.1024,9.1024,9.1024,9.1024,9.1024,9.1024,9.1024,9.1024,9.1024,9.1024,9.1024,9.1024,9.1024,9.1024,9.1024,9.1024,9.1024,9.1024,9.1024,9.1024,9.1024,9.1024,9.1024,9.1024,9.1024,9.1024,9.1024,9.1024,9.1024,9.1024,9.1024,9.1024,9.1024,9.1024,9.1024,9.1024,9.1024,9.1024,9.1024,9.1024,9.1024,9.1024,9.1024,9.1024,9.1024,9.1024,9.1024,9.1024,9.1024,9.1024,9.1024,9.1024,9.1024,9.1024,9.1024,9.1024,9.1024,9.1024,9.1024,9.1024,9.1024,9.1024,9.1024,9.1024,9.1024,9.1024,9.1024,9.1024,9.1024,9.1024,9.1024,9.1024,9.1024,9.1024,9.1024,9.1024,9.1024,9.1024,9.1024,9.1024,9.1024,9.1024,9.1024,9.1024,9.1024,9.1024,9.1024,9.1024,9.1024,9.1024,9.1024,9.1024,9.1024,9.1024,9.1024,9.1024,9.1024,9.1024,9.1024,9.1024,9.1024,9.1024,9.1024,9.1024,9.1024,9.1024,9.1024,9.1024,9.1024,9.1024,9.1024,9.1024,9.1024,9.1024,9.1024,9.1024,9.1024,9.1024,9.1024,9.1024,9.1024,9.1024,9.1024,9.1024,9.1024,9.1024,9.1024,9.1024,9.1024,9.1024,9.1024,9.1024,9.1024,9.1024,9.1024,9.1024,9.1024,9.1024,9.1024,9.1024,9.1024,9.1024,9.1024,9.1024,9.1024,9.1024,9.1024,9.1024,9.1024,9.1024,9.1024,9.1024,9.1024,9.1024,9.1024,9.1024,9.1024,9.1024,9.1024,9.1024,9.1024,9.1024,9.1024,9.1024,9.1024,9.1024,9.1024,9.1024,9.1024,9.1024,9.1024,9.1024,9.1024,9.1024,9.1024,9.1024,9.1024,9.1024,9.1024,9.1024,9.1024,9.1024,9.1024,9.1024,9.1024,9.1024,9.1024,9.1024,9.1024,9.1024,9.1024,9.1024,9.1024,9.1024,9.1024,9.1024,9.1024,9.1024,9.1024,9.1024,9.1024,9.1024,9.1024,9.1024,9.1024,9.1024,9.1024,9.1024,9.1024,9.1024,9.1024,9.1024,9.1024,9.1024,9.1024,9.1024,9.1024,9.1024,9.1024,9.1024,9.1024,9.1024,9.1024,9.1024,9.1024,9.1024,9.1024,9.1024,9.1024,9.1024,9.1024,9.1024,9.1024,9.1024,9.1024,9.1024,9.1024,9.1024,9.1024,9.1024,9.1024,9.1024,9.1024,9.1024,9.1024,9.1024,9.1024,9.1024,9.1024,9.1024,9.1024,9.1024,9.1024,9.1024,9.1024,9.1024,9.1024,9.1024,9.1024,9.1024,9.1024,9.1024,9.1024,9.1024,9.1024,9.1024,9.1024,9.1024,9.1024,9.1024,9.1024,9.1024,9.1024,9.1024,9.1024,9.1024,9.1024,9.1024,9.1024,9.1024,9.1024,9.1024,9.1024,9.1024,9.1024,9.1024,9.1024,9.1024,9.1024,9.1024,9.1024,9.1024,9.1024,9.1024,9.1024,9.1024,9.1024,9.1024,9.1024,9.1024,9.1024,9.1024,9.1024,9.1024,9.1024,9.1024,9.1024,9.1024,9.1024,9.1024,9.1024,9.1024,9.1024,9.1024,9.1024,9.1024,9.1024,9.1024,9.1024,9.1024,9.1024,9.1024,9.1024,9.1024,9.1024,9.1024,9.1024,9.1024,9.1024,9.1024,9.1024,9.1024,9.1024,9.1024,9.1024,9.1024,9.1024,9.1024,9.1024,9.1024,9.1024,9.1024,9.1024,9.1024,9.1024,9.1024,9.1024,9.1024,9.1024,9.1024,9.1024,9.1024,9.1024,9.1024,9.1024,9.1024,9.1024,9.1024,9.1024,9.1024,9.1024,9.1024,9.1024,9.1024,9.1024,9.1024,9.1024,9.1024,9.1024,9.1024,9.1024,9.1024,9.1024,9.1024,9.1024,9.1024,9.1024,9.1024,9.1024,9.1024,9.1024,9.1024,9.1024,9.1024,9.1024,9.1024,9.1024,9.1024,9.1024,9.1024,9.1024,9.1024,9.1024,9.1024,9.1024,9.1024,9.1024,9.1024,9.1024,9.1024,9.1024,9.1024,9.1024,9.1024,9.1024,9.1024,9.1024,9.1024,9.1024,9.1024,9.1024,9.1024,9.1024,9.1024,9.1024,9.1024,9.1024,9.1024,9.1024,9.1024,9.1024,9.1024,9.1024,9.1024,9.1024,9.1024,9.1024,9.1024,9.1024,9.1024,9.1024,9.1024,9.1024,9.1024,9.1024,9.1024,9.1024,9.1024,9.1024,9.1024,9.1024,9.1024,9.1024,9.1024,9.1024,9.1024,9.1024,9.1024,9.1024,9.1024,9.1024,9.1024,9.1024,9.1024,9.1024,9.1024,9.1024,9.1024,9.1024,9.1024,9.1024,9.1024,9.1024,9.1024,9.1024,9.1024,9.1024,9.1024,9.1024,9.1024,9.1024,9.1024,9.1024,9.1024,9.1024,9.1024,9.1024,9.1024,9.1024,9.1024,9.1024,9.1024,9.1024,9.1024,9.1024,9.1024,9.1024,9.1024,9.1024,9.1024,9.1024,9.1024,9.1024,9.1024,9.1024,9.1024,9.1024,9.1024,9.1024,9.1024,9.1024,9.1024,9.1024,9.1024,9.1024,9.1024,9.1024,9.1024,9.1024,9.1024,9.1024,9.1024,9.1024,9.1024,9.1024,9.1024,9.1024,9.1024,9.1024,9.1024,9.1024,9.1024,9.1024,9.1024,9.1024,9.1024,9.1024,9.1024,9.1024,9.1024,9.1024,9.1024,9.1024,9.1024,9.1024,9.1024,9.1024,9.1024,9.1024,9.1024,9.1024,9.1024,9.1024,9.1024,9.1024,9.1024,9.1024,9.1024,9.1024,9.1024,9.1024,9.1024,9.1024,9.1024,9.1024,9.1024,9.1024
9.0936,9.0936,9.0936,9.0936,9.0936,9.0936,9.0936,9.0936,9.0936,9.0936,9.0936,9.0936,9.0936,9.0936,9.0936,9.0936,9.0936,9.0936,9.0936,9.0936,9.0936,9.0936,9.0936,9.0936,9.0936,9.0936,9.0936,9.0936,9.0936,9.0936,9.0936,9.0936,9.0936,9.0936,9.0936,9.0936,9.0936,9.0936,9.0936,9.0936,9.0936,9.0936,9.0936,9.0936,9.0936,9.0936,9.0936,9.0936,9.0936,9.0936,9.0936,9.0936,9.0936,9.0936,9.0936,9.0936,9.0936,9.0936,9.0936,9.0936,9.0936,9.0936,9.0936,9.0936,9.0936,9.0936,9.0936,9.0936,9.0936,9.0936,9.0936,9.0936,9.0936,9.0936,9.0936,9.0936,9.0936,9.0936,9.0936,9.0936,9.0936,9.0936,9.0936,9.0936,9.0936,9.0936,9.0936,9.0936,9.0936,9.0936,9.0936,9.0936,9.0936,9.0936,9.0936,9.0936,9.0936,9.0936,9.0936,9.0936,9.0936,9.0936,9.0936,9.0936,9.0936,9.0936,9.0936,9.0936,9.0936,9.0936,9.0936,9.0936,9.0936,9.0936,9.0936,9.0936,9.0936,9.0936,9.0936,9.0936,9.0936,9.0936,9.0936,9.0936,9.0936,9.0936,9.0936,9.0936,9.0936,9.0936,9.0936,9.0936,9.0936,9.0936,9.0936,9.0936,9.0936,9.0936,9.0936,9.0936,9.0936,9.0936,9.0936,9.0936,9.0936,9.0936,9.0936,9.0936,9.0936,9.0936,9.0936,9.0936,9.0936,9.0936,9.0936,9.0936,9.0936,9.0936,9.0936,9.0936,9.0936,9.0936,9.0936,9.0936,9.0936,9.0936,9.0936,9.0936,9.0936,9.0936,9.0936,9.0936,9.0936,9.0936,9.0936,9.0936,9.0936,9.0936,9.0936,9.0936,9.0936,9.0936,9.0936,9.0936,9.0936,9.0936,9.0936,9.0936,9.0936,9.0936,9.0936,9.0936,9.0936,9.0936,9.0936,9.0936,9.0936,9.0936,9.0936,9.0936,9.0936,9.0936,9.0936,9.0936,9.0936,9.0936,9.0936,9.0936,9.0936,9.0936,9.0936,9.0936,9.0936,9.0936,9.0936,9.0936,9.0936,9.0936,9.0936,9.0936,9.0936,9.0936,9.0936,9.0936,9.0936,9.0936,9.0936,9.0936,9.0936,9.0936,9.0936,9.0936,9.0936,9.0936,9.0936,9.0936,9.0936,9.0936,9.0936,9.0936,9.0936,9.0936,9.0936,9.0936,9.0936,9.0936,9.0936,9.0936,9.0936,9.0936,9.0936,9.0936,9.0936,9.0936,9.0936,9.0936,9.0936,9.0936,9.0936,9.0936,9.0936,9.0936,9.0936,9.0936,9.0936,9.0936,9.0936,9.0936,9.0936,9.0936,9.0936,9.0936,9.0936,9.0936,9.0936,9.0936,9.0936,9.0936,9.0936,9.0936,9.0936,9.0936,9.0936,9.0936,9.0936,9.0936,9.0936,9.0936,9.0936,9.0936,9.0936,9.0936,9.0936,9.0936,9.0936,9.0936,9.0936,9.0936,9.0936,9.0936,9.0936,9.0936,9.0936,9.0936,9.0936,9.0936,9.0936,9.0936,9.0936,9.0936,9.0936,9.0936,9.0936,9.0936,9.0936,9.0936,9.0936,9.0936,9.0936,9.0936,9.0936,9.0936,9.0936,9.0936,9.0936,9.0936,9.0936,9.0936,9.0936,9.0936,9.0936,9.0936,9.0936,9.0936,9.0936,9.0936,9.0936,9.0936,9.0936,9.0936,9.0936,9.0936,9.0936,9.0936,9.0936,9.0936,9.0936,9.0936,9.0936,9.0936,9.0936,9.0936,9.0936,9.0936,9.0936,9.0936,9.0936,9.0936,9.0936,9.0936,9.0936,9.0936,9.0936,9.0936,9.0936,9.0936,9.0936,9.0936,9.0936,9.0936,9.0936,9.0936,9.0936,9.0936,9.0936,9.0936,9.0936,9.0936,9.0936,9.0936,9.0936,9.0936,9.0936,9.0936,9.0936,9.0936,9.0936,9.0936,9.0936,9.0936,9.0936,9.0936,9.0936,9.0936,9.0936,9.0936,9.0936,9.0936,9.0936,9.0936,9.0936,9.0936,9.0936,9.0936,9.0936,9.0936,9.0936,9.0936,9.0936,9.0936,9.0936,9.0936,9.0936,9.0936,9.0936,9.0936,9.0936,9.0936,9.0936,9.0936,9.0936,9.0936,9.0936,9.0936,9.0936,9.0936,9.0936,9.0936,9.0936,9.0936,9.0936,9.0936,9.0936,9.0936,9.0936,9.0936,9.0936,9.0936,9.0936,9.0936,9.0936,9.0936,9.0936,9.0936,9.0936,9.0936,9.0936,9.0936,9.0936,9.0936,9.0936,9.0936,9.0936,9.0936,9.0936,9.0936,9.0936,9.0936,9.0936,9.0936,9.0936,9.0936,9.0936,9.0936,9.0936,9.0936,9.0936,9.0936,9.0936,9.0936,9.0936,9.0936,9.0936,9.0936,9.0936,9.0936,9.0936,9.0936,9.0936,9.0936,9.0936,9.0936,9.0936,9.0936,9.0936,9.0936,9.0936,9.0936,9.0936,9.0936,9.0936,9.0936,9.0936,9.0936,9.0936,9.0936,9.0936,9.0936,9.0936,9.0936,9.0936,9.0936,9.0936,9.0936,9.0936,9.0936,9.0936,9.0936,9.0936,9.0936,9.0936,9.0936,9.0936,9.0936,9.0936,9.0936,9.0936,9.0936,9.0936,9.0936,9.0936,9.0936,9.0936,9.0936,9.0936,9.0936,9.0936,9.0936,9.0936,9.0936,9.0936,9.0936,9.0936,9.0936,9.0936,9.0936,9.0936,9.0936,9.0936,9.0936,9.0936,9.0936,9.0936,9.0936,9.0936,9.0936,9.0936,9.0936,9.0936,9.0936,9.0936,9.0936,9.0936,9.0936,9.0936,9.0936,9.0936,9.0936,9.0936,9.0936,9.0936,9.0936,9.0936,9.0936,9.0936,9.0936,9.0936,9.0936,9.0936,9.0936,9.0936,9.0936,9.0936,9.0936,9.0936,9.0936,9.0936,9.0936,9.0936,9.0936,9.0936,9.0936,9.0936,9.0936,9.0936,9.0936,9.0936,9.0936,9.0936,9.0936,9.0936,9.0936,9.0936,9.0936,9.0936,9.0936,9.0936,9.0936,9.0936,9.0936,9.0936,9.0936,9.0936,9.0936,9.0936,9.0936,9.0936,9.0936,9.0936,9.0936,9.0936,9.0936,9.0936,9.0936,9.0936,9.0936,9.0936,9.0936,9.0936,9.0936,9.0936,9.0936,9.0936,9.0936,9.0936,9.0936,9.0936,9.0936,9.0936,9.0936,9.0936,9.0936,9.0936,9.0936,9.0936,9.0936,9.0936,9.0936,9.0936,9.0936,9.0936,9.0936,9.0936,9.0936,9.0936,9.0936,9.0936,9.0936,9.0936,9.0936,9.0936,9.0936,9.0936,9.0936,9.0936,9.0936,9.0936,9.0936,9.0936,9.0936,9.0936,9.0936,9.0936,9.0936,9.0936,9.0936,9.0936,9.0936,9.0936,9.0936,9.0936,9.0936,9.0936,9.0936,9.0936,9.0936,9.0936,9.0936,9.0936,9.0936,9.0936,9.0936,9.0936,9.0936,9.0936,9.0936,9.0936,9.0936,9.0936,9.0936,9.0936,9.0936,9.0936,9.0936,9.0936,9.0936,9.0936,9.0936,9.0936,9.0936,9.0936,9.0936,9.0936,9.0936,9.0936,9.0936,9.0936,9.0936,9.0936,9.0936,9.0936,9.0936,9.0936,9.0936,9.0936,9.0936,9.0936,9.0936,9.0936,9.0936,9.0936,9.0936,9.0936,9.0936,9.0936,9.0936,9.0936,9.0936,9.0936,9.0936,9.0936,9.0936,9.0936,9.0936,9.0936,9.0936,9.0936,9.0936,9.0936,9.0936,9.0936,9.0936,9.0936,9.0936,9.0936,9.0936,9.0936,9.0936,9.0936,9.0936,9.0936,9.0936,9.0936,9.0936,9.0936,9.0936,9.0936,9.0936,9.0936,9.0936,9.0936,9.0936,9.0936,9.0936,9.0936,9.0936,9.0936,9.0936,9.0936,9.0936,9.0936,9.0936,9.0936,9.0936,9.0936,9.0936,9.0936,9.0936,9.0936,9.0936,9.0936,9.0936,9.0936,9.0936,9.0936,9.0936,9.0936,9.0936,9.0936,9.0936,9.0936,9.0936,9.0936,9.0936,9.0936,9.0936,9.0936,9.0936,9.0936,9.0936,9.0936,9.0936,9.0936,9.0936,9.0936,9.0936,9.0936,9.0936,9.0936,9.0936,9.0936,9.0936,9.0936,9.0936,9.0936,9.0936,9.0936,9.0936,9.0936,9.0936,9.0936,9.0936,9.0936,9.0936,9.0936,9.0936,9.0936,9.0936,9.0936,9.0936,9.0936,9.0936,9.0936,9.0936,9.0936,9.0936,9.0936,9.0936,9.0936,9.0936,9.0936,9.0936,9.0936,9.0936,9.0936,9.0936,9.0936,9.0936,9.0936,9.0936,9.0936,9.0936,9.0936,9.0936,9.0936,9.0936,9.0936,9.0936,9.0936,9.0936,9.0936,9.0936,9.0936,9.0936,9.0936,9.0936,9.0936,9.0936,9.0936,9.0936,9.0936,9.0936,9.0936,9.0936,9.0936,9.0936,9.0936,9.0936,9.0936,9.0936,9.0936,9.0936,9.0936,9.0936,9.0936,9.0936,9.0936,9.0936,9.0936,9.0936,9.0936,9.0936,9.0936,9.0936,9.0936,9.0936,9.0936,9.0936,9.0936,9.0936,9.0936,9.0936,9.0936,9.0936,9.0936,9.0936,9.0936,9.0936,9.0936,9.0936,9.0936,9.0936,9.0936,9.0936,9.0936,9.0936,9.0936,9.0936,9.0936,9.0936,9.0936,9.0936,9.0936,9.0936,9.0936,9.0936,9.0936,9.0936,9.0936,9.0936,9.0936,9.0936,9.0936,9.0936,9.0936,9.0936,9.0936,9.0936,9.0936,9.0936,9.0936,9.0936,9.0936,9.0936,9.0936,9.0936,9.0936,9.0936,9.0936,9.0936,9.0936,9.0936,9.0936,9.0936,9.0936,9.0936,9.0936,9.0936,9.0936,9.0936
9.0842,9.0842,9.0842,9.0842,9.0842,9.0842,9.0842,9.0842,9.0842,9.0842,9.0842,9.0842,9.0842,9.0842,9.0842,9.0842,9.0842,9.0842,9.0842,9.0842,9.0842,9.0842,9.0842,9.0842,9.0842,9.0842,9.0842,9.0842,9.0842,9.0842,9.0842,9.0842,9.0842,9.0842,9.0842,9.0842,9.0842,9.0842,9.0842,9.0842,9.0842,9.0842,9.0842,9.0842,9.0842,9.0842,9.0842,9.0842,9.0842,9.0842,9.0842,9.0842,9.0842,9.0842,9.0842,9.0842,9.0842,9.0842,9.0842,9.0842,9.0842,9.0842,9.0842,9.0842,9.0842,9.0842,9.0842,9.0842,9.0842,9.0842,9.0842,9.0842,9.0842,9.0842,9.0842,9.0842,9.0842,9.0842,9.0842,9.0842,9.0842,9.0842,9.0842,9.0842,9.0842,9.0842,9.0842,9.0842,9.0842,9.0842,9.0842,9.0842,9.0842,9.0842,9.0842,9.0842,9.0842,9.0842,9.0842,9.0842,9.0842,9.0842,9.0842,9.0842,9.0842,9.0842,9.0842,9.0842,9.0842,9.0842,9.0842,9.0842,9.0842,9.0842,9.0842,9.0842,9.0842,9.0842,9.0842,9.0842,9.0842,9.0842,9.0842,9.0842,9.0842,9.0842,9.0842,9.0842,9.0842,9.0842,9.0842,9.0842,9.0842,9.0842,9.0842,9.0842,9.0842,9.0842,9.0842,9.0842,9.0842,9.0842,9.0842,9.0842,9.0842,9.0842,9.0842,9.0842,9.0842,9.0842,9.0842,9.0842,9.0842,9.0842,9.0842,9.0842,9.0842,9.0842,9.0842,9.0842,9.0842,9.0842,9.0842,9.0842,9.0842,9.0842,9.0842,9.0842,9.0842,9.0842,9.0842,9.0842,9.0842,9.0842,9.0842,9.0842,9.0842,9.0842,9.0842,9.0842,9.0842,9.0842,9.0842,9.0842,9.0842,9.0842,9.0842,9.0842,9.0842,9.0842,9.0842,9.0842,9.0842,9.0842,9.0842,9.0842,9.0842,9.0842,9.0842,9.0842,9.0842,9.0842,9.0842,9.0842,9.0842,9.0842,9.0842,9.0842,9.0842,9.0842,9.0842,9.0842,9.0842,9.0842,9.0842,9.0842,9.0842,9.0842,9.0842,9.0842,9.0842,9.0842,9.0842,9.0842,9.0842,9.0842,9.0842,9.0842,9.0842,9.0842,9.0842,9.0842,9.0842,9.0842,9.0842,9.0842,9.0842,9.0842,9.0842,9.0842,9.0842,9.0842,9.0842,9.0842,9.0842,9.0842,9.0842,9.0842,9.0842,9.0842,9.0842,9.0842,9.0842,9.0842,9.0842,9.0842,9.0842,9.0842,9.0842,9.0842,9.0842,9.0842,9.0842,9.0842,9.0842,9.0842,9.0842,9.0842,9.0842,9.0842,9.0842,9.0842,9.0842,9.0842,9.0842,9.0842,9.0842,9.0842,9.0842,9.0842,9.0842,9.0842,9.0842,9.0842,9.0842,9.0842,9.0842,9.0842,9.0842,9.0842,9.0842,9.0842,9.0842,9.0842,9.0842,9.0842,9.0842,9.0842,9.0842,9.0842,9.0842,9.0842,9.0842,9.0842,9.0842,9.0842,9.0842,9.0842,9.0842,9.0842,9.0842,9.0842,9.0842,9.0842,9.0842,9.0842,9.0842,9.0842,9.0842,9.0842,9.0842,9.0842,9.0842,9.0842,9.0842,9.0842,9.0842,9.0842,9.0842,9.0842,9.0842,9.0842,9.0842,9.0842,9.0842,9.0842,9.0842,9.0842,9.0842,9.0842,9.0842,9.0842,9.0842,9.0842,9.0842,9.0842,9.0842,9.0842,9.0842,9.0842,9.0842,9.0842,9.0842,9.0842,9.0842,9.0842,9.0842,9.0842,9.0842,9.0842,9.0842,9.0842,9.0842,9.0842,9.0842,9.0842,9.0842,9.0842,9.0842,9.0842,9.0842,9.0842,9.0842,9.0842,9.0842,9.0842,9.0842,9.0842,9.0842,9.0842,9.0842,9.0842,9.0842,9.0842,9.0842,9.0842,9.0842,9.0842,9.0842,9.0842,9.0842,9.0842,9.0842,9.0842,9.0842,9.0842,9.0842,9.0842,9.0842,9.0842,9.0842,9.0842,9.0842,9.0842,9.0842,9.0842,9.0842,9.0842,9.0842,9.0842,9.0842,9.0842,9.0842,9.0842,9.0842,9.0842,9.0842,9.0842,9.0842,9.0842,9.0842,9.0842,9.0842,9.0842,9.0842,9.0842,9.0842,9.0842,9.0842,9.0842,9.0842,9.0842,9.0842,9.0842,9.0842,9.0842,9.0842,9.0842,9.0842,9.0842,9.0842,9.0842,9.0842,9.0842,9.0842,9.0842,9.0842,9.0842,9.0842,9.0842,9.0842,9.0842,9.0842,9.0842,9.0842,9.0842,9.0842,9.0842,9.0842,9.0842,9.0842,9.0842,9.0842,9.0842,9.0842,9.0842,9.0842,9.0842,9.0842,9.0842,9.0842,9.0842,9.0842,9.0842,9.0842,9.0842,9.0842,9.0842,9.0842,9.0842,9.0842,9.0842,9.0842,9.0842,9.0842,9.0842,9.0842,9.0842,9.0842,9.0842,9.0842,9.0842,9.0842,9.0842,9.0842,9.0842,9.0842,9.0842,9.0842,9.0842,9.0842,9.0842,9.0842,9.0842,9.0842,9.0842,9.0842,9.0842,9.0842,9.0842,9.0842,9.0842,9.0842,9.0842,9.0842,9.0842,9.0842,9.0842,9.0842,9.0842,9.0842,9.0842,9.0842,9.0842,9.0842,9.0842,9.0842,9.0842,9.0842,9.0842,9.0842,9.0842,9.0842,9.0842,9.0842,9.0842,9.0842,9.0842,9.0842,9.0842,9.0842,9.0842,9.0842,9.0842,9.0842,9.0842,9.0842,9.0842,9.0842,9.0842,9.0842,9.0842,9.0842,9.0842,9.0842,9.0842,9.0842,9.0842,9.0842,9.0842,9.0842,9.0842,9.0842,9.0842,9.0842,9.0842,9.0842,9.0842,9.0842,9.0842,9.0842,9.0842,9.0842,9.0842,9.0842,9.0842,9.0842,9.0842,9.0842,9.0842,9.0842,9.0842,9.0842,9.0842,9.0842,9.0842,9.0842,9.0842,9.0842,9.0842,9.0842,9.0842,9.0842,9.0842,9.0842,9.0842,9.0842,9.0842,9.0842,9.0842,9.0842,9.0842,9.0842,9.0842,9.0842,9.0842,9.0842,9.0842,9.0842,9.0842,9.0842,9.0842,9.0842,9.0842,9.0842,9.0842,9.0842,9.0842,9.0842,9.0842,9.0842,9.0842,9.0842,9.0842,9.0842,9.0842,9.0842,9.0842,9.0842,9.0842,9.0842,9.0842,9.0842,9.0842,9.0842,9.0842,9.0842,9.0842,9.0842,9.0842,9.0842,9.0842,9.0842,9.0842,9.0842,9.0842,9.0842,9.0842,9.0842,9.0842,9.0842,9.0842,9.0842,9.0842,9.0842,9.0842,9.0842,9.0842,9.0842,9.0842,9.0842,9.0842,9.0842,9.0842,9.0842,9.0842,9.0842,9.0842,9.0842,9.0842,9.0842,9.0842,9.0842,9.0842,9.0842,9.0842,9.0842,9.0842,9.0842,9.0842,9.0842,9.0842,9.0842,9.0842,9.0842,9.0842,9.0842,9.0842,9.0842,9.0842,9.0842,9.0842,9.0842,9.0842,9.0842,9.0842,9.0842,9.0842,9.0842,9.0842,9.0842,9.0842,9.0842,9.0842,9.0842,9.0842,9.0842,9.0842,9.0842,9.0842,9.0842,9.0842,9.0842,9.0842,9.0842,9.0842,9.0842,9.0842,9.0842,9.0842,9.0842,9.0842,9.0842,9.0842,9.0842,9.0842,9.0842,9.0842,9.0842,9.0842,9.0842,9.0842,9.0842,9.0842,9.0842,9.0842,9.0842,9.0842,9.0842,9.0842,9.0842,9.0842,9.0842,9.0842,9.0842,9.0842,9.0842,9.0842,9.0842,9.0842,9.0842,9.0842,9.0842,9.0842,9.0842,9.0842,9.0842,9.0842,9.0842,9.0842,9.0842,9.0842,9.0842,9.0842,9.0842,9.0842,9.0842,9.0842,9.0842,9.0842,9.0842,9.0842,9.0842,9.0842,9.0842,9.0842,9.0842,9.0842,9.0842,9.0842,9.0842,9.0842,9.0842,9.0842,9.0842,9.0842,9.0842,9.0842,9.0842,9.0842,9.0842,9.0842,9.0842,9.0842,9.0842,9.0842,9.0842,9.0842,9.0842,9.0842,9.0842,9.0842,9.0842,9.0842,9.0842,9.0842,9.0842,9.0842,9.0842,9.0842,9.0842,9.0842,9.0842,9.0842,9.0842,9.0842,9.0842,9.0842,9.0842,9.0842,9.0842,9.0842,9.0842,9.0842,9.0842,9.0842,9.0842,9.0842,9.0842,9.0842,9.0842,9.0842,9.0842,9.0842,9.0842,9.0842,9.0842,9.0842,9.0842,9.0842,9.0842,9.0842,9.0842,9.0842,9.0842,9.0842,9.0842,9.0842,9.0842,9.0842,9.0842,9.0842,9.0842,9.0842,9.0842,9.0842,9.0842,9.0842,9.0842,9.0842,9.0842,9.0842,9.0842,9.0842,9.0842,9.0842,9.0842,9.0842,9.0842,9.0842,9.0842,9.0842,9.0842,9.0842,9.0842,9.0842,9.0842,9.0842,9.0842,9.0842,9.0842,9.0842,9.0842,9.0842,9.0842,9.0842,9.0842,9.0842,9.0842,9.0842,9.0842,9.0842,9.0842,9.0842,9.0842,9.0842,9.0842,9.0842,9.0842,9.0842,9.0842,9.0842,9.0842,9.0842,9.0842,9.0842,9.0842,9.0842,9.0842,9.0842,9.0842,9.0842,9.0842,9.0842,9.0842,9.0842,9.0842,9.0842,9.0842,9.0842,9.0842,9.0842,9.0842,9.0842,9.0842,9.0842,9.0842,9.0842,9.0842,9.0842,9.0842,9.0842,9.0842,9.0842,9.0842,9.0842,9.0842,9.0842,9.0842,9.0842,9.0842,9.0842,9.0842,9.0842,9.0842,9.0842,9.0842,9.0842,9.0842,9.0842,9.0842,9.0842,9.0842,9.0842,9.0842,9.0842,9.0842,9.0842,9.0842,9.0842
9.0749,9.0749,9.0749,9.0749,9.0749,9.0749,9.0749,9.0749,9.0749,9.0749,9.0749,9.0749,9.0749,9.0749,9.0749,9.0749,9.0749,9.0749,9.0749,9.0749,9.0749,9.0749,9.0749,9.0749,9.0749,9.0749,9.0749,9.0749,9.0749,9.0749,9.0749,9.0749,9.0749,9.0749,9.0749,9.0749,9.0749,9.0749,9.0749,9.0749,9.0749,9.0749,9.0749,9.0749,9.0749,9.0749,9.0749,9.0749,9.0749,9.0749,9.0749,9.0749,9.0749,9.0749,9.0749,9.0749,9.0749,9.0749,9.0749,9.0749,9.0749,9.0749,9.0749,9.0749,9.0749,9.0749,9.0749,9.0749,9.0749,9.0749,9.0749,9.0749,9.0749,9.0749,9.0749,9.0749,9.0749,9.0749,9.0749,9.0749,9.0749,9.0749,9.0749,9.0749,9.0749,9.0749,9.0749,9.0749,9.0749,9.0749,9.0749,9.0749,9.0749,9.0749,9.0749,9.0749,9.0749,9.0749,9.0749,9.0749,9.0749,9.0749,9.0749,9.0749,9.0749,9.0749,9.0749,9.0749,9.0749,9.0749,9.0749,9.0749,9.0749,9.0749,9.0749,9.0749,9.0749,9.0749,9.0749,9.0749,9.0749,9.0749,9.0749,9.0749,9.0749,9.0749,9.0749,9.0749,9.0749,9.0749,9.0749,9.0749,9.0749,9.0749,9.0749,9.0749,9.0749,9.0749,9.0749,9.0749,9.0749,9.0749,9.0749,9.0749,9.0749,9.0749,9.0749,9.0749,9.0749,9.0749,9.0749,9.0749,9.0749,9.0749,9.0749,9.0749,9.0749,9.0749,9.0749,9.0749,9.0749,9.0749,9.0749,9.0749,9.0749,9.0749,9.0749,9.0749,9.0749,9.0749,9.0749,9.0749,9.0749,9.0749,9.0749,9.0749,9.0749,9.0749,9.0749,9.0749,9.0749,9.0749,9.0749,9.0749,9.0749,9.0749,9.0749,9.0749,9.0749,9.0749,9.0749,9.0749,9.0749,9.0749,9.0749,9.0749,9.0749,9.0749,9.0749,9.0749,9.0749,9.0749,9.0749,9.0749,9.0749,9.0749,9.0749,9.0749,9.0749,9.0749,9.0749,9.0749,9.0749,9.0749,9.0749,9.0749,9.0749,9.0749,9.0749,9.0749,9.0749,9.0749,9.0749,9.0749,9.0749,9.0749,9.0749,9.0749,9.0749,9.0749,9.0749,9.0749,9.0749,9.0749,9.0749,9.0749,9.0749,9.0749,9.0749,9.0749,9.0749,9.0749,9.0749,9.0749,9.0749,9.0749,9.0749,9.0749,9.0749,9.0749,9.0749,9.0749,9.0749,9.0749,9.0749,9.0749,9.0749,9.0749,9.0749,9.0749,9.0749,9.0749,9.0749,9.0749,9.0749,9.0749,9.0749,9.0749,9.0749,9.0749,9.0749,9.0749,9.0749,9.0749,9.0749,9.0749,9.0749,9.0749,9.0749,9.0749,9.0749,9.0749,9.0749,9.0749,9.0749,9.0749,9.0749,9.0749,9.0749,9.0749,9.0749,9.0749,9.0749,9.0749,9.0749,9.0749,9.0749,9.0749,9.0749,9.0749,9.0749,9.0749,9.0749,9.0749,9.0749,9.0749,9.0749,9.0749,9.0749,9.0749,9.0749,9.0749,9.0749,9.0749,9.0749,9.0749,9.0749,9.0749,9.0749,9.0749,9.0749,9.0749,9.0749,9.0749,9.0749,9.0749,9.0749,9.0749,9.0749,9.0749,9.0749,9.0749,9.0749,9.0749,9.0749,9.0749,9.0749,9.0749,9.0749,9.0749,9.0749,9.0749,9.0749,9.0749,9.0749,9.0749,9.0749,9.0749,9.0749,9.0749,9.0749,9.0749,9.0749,9.0749,9.0749,9.0749,9.0749,9.0749,9.0749,9.0749,9.0749,9.0749,9.0749,9.0749,9.0749,9.0749,9.0749,9.0749,9.0749,9.0749,9.0749,9.0749,9.0749,9.0749,9.0749,9.0749,9.0749,9.0749,9.0749,9.0749,9.0749,9.0749,9.0749,9.0749,9.0749,9.0749,9.0749,9.0749,9.0749,9.0749,9.0749,9.0749,9.0749,9.0749,9.0749,9.0749,9.0749,9.0749,9.0749,9.0749,9.0749,9.0749,9.0749,9.0749,9.0749,9.0749,9.0749,9.0749,9.0749,9.0749,9.0749,9.0749,9.0749,9.0749,9.0749,9.0749,9.0749,9.0749,9.0749,9.0749,9.0749,9.0749,9.0749,9.0749,9.0749,9.0749,9.0749,9.0749,9.0749,9.0749,9.0749,9.0749,9.0749,9.0749,9.0749,9.0749,9.0749,9.0749,9.0749,9.0749,9.0749,9.0749,9.0749,9.0749,9.0749,9.0749,9.0749,9.0749,9.0749,9.0749,9.0749,9.0749,9.0749,9.0749,9.0749,9.0749,9.0749,9.0749,9.0749,9.0749,9.0749,9.0749,9.0749,9.0749,9.0749,9.0749,9.0749,9.0749,9.0749,9.0749,9.0749,9.0749,9.0749,9.0749,9.0749,9.0749,9.0749,9.0749,9.0749,9.0749,9.0749,9.0749,9.0749,9.0749,9.0749,9.0749,9.0749,9.0749,9.0749,9.0749,9.0749,9.0749,9.0749,9.0749,9.0749,9.0749,9.0749,9.0749,9.0749,9.0749,9.0749,9.0749,9.0749,9.0749,9.0749,9.0749,9.0749,9.0749,9.0749,9.0749,9.0749,9.0749,9.0749,9.0749,9.0749,9.0749,9.0749,9.0749,9.0749,9.0749,9.0749,9.0749,9.0749,9.0749,9.0749,9.0749,9.0749,9.0749,9.0749,9.0749,9.0749,9.0749,9.0749,9.0749,9.0749,9.0749,9.0749,9.0749,9.0749,9.0749,9.0749,9.0749,9.0749,9.0749,9.0749,9.0749,9.0749,9.0749,9.0749,9.0749,9.0749,9.0749,9.0749,9.0749,9.0749,9.0749,9.0749,9.0749,9.0749,9.0749,9.0749,9.0749,9.0749,9.0749,9.0749,9.0749,9.0749,9.0749,9.0749,9.0749,9.0749,9.0749,9.0749,9.0749,9.0749,9.0749,9.0749,9.0749,9.0749,9.0749,9.0749,9.0749,9.0749,9.0749,9.0749,9.0749,9.0749,9.0749,9.0749,9.0749,9.0749,9.0749,9.0749,9.0749,9.0749,9.0749,9.0749,9.0749,9.0749,9.0749,9.0749,9.0749,9.0749,9.0749,9.0749,9.0749,9.0749,9.0749,9.0749,9.0749,9.0749,9.0749,9.0749,9.0749,9.0749,9.0749,9.0749,9.0749,9.0749,9.0749,9.0749,9.0749,9.0749,9.0749,9.0749,9.0749,9.0749,9.0749,9.0749,9.0749,9.0749,9.0749,9.0749,9.0749,9.0749,9.0749,9.0749,9.0749,9.0749,9.0749,9.0749,9.0749,9.0749,9.0749,9.0749,9.0749,9.0749,9.0749,9.0749,9.0749,9.0749,9.0749,9.0749,9.0749,9.0749,9.0749,9.0749,9.0749,9.0749,9.0749,9.0749,9.0749,9.0749,9.0749,9.0749,9.0749,9.0749,9.0749,9.0749,9.0749,9.0749,9.0749,9.0749,9.0749,9.0749,9.0749,9.0749,9.0749,9.0749,9.0749,9.0749,9.0749,9.0749,9.0749,9.0749,9.0749,9.0749,9.0749,9.0749,9.0749,9.0749,9.0749,9.0749,9.0749,9.0749,9.0749,9.0749,9.0749,9.0749,9.0749,9.0749,9.0749,9.0749,9.0749,9.0749,9.0749,9.0749,9.0749,9.0749,9.0749,9.0749,9.0749,9.0749,9.0749,9.0749,9.0749,9.0749,9.0749,9.0749,9.0749,9.0749,9.0749,9.0749,9.0749,9.0749,9.0749,9.0749,9.0749,9.0749,9.0749,9.0749,9.0749,9.0749,9.0749,9.0749,9.0749,9.0749,9.0749,9.0749,9.0749,9.0749,9.0749,9.0749,9.0749,9.0749,9.0749,9.0749,9.0749,9.0749,9.0749,9.0749,9.0749,9.0749,9.0749,9.0749,9.0749,9.0749,9.0749,9.0749,9.0749,9.0749,9.0749,9.0749,9.0749,9.0749,9.0749,9.0749,9.0749,9.0749,9.0749,9.0749,9.0749,9.0749,9.0749,9.0749,9.0749,9.0749,9.0749,9.0749,9.0749,9.0749,9.0749,9.0749,9.0749,9.0749,9.0749,9.0749,9.0749,9.0749,9.0749,9.0749,9.0749,9.0749,9.0749,9.0749,9.0749,9.0749,9.0749,9.0749,9.0749,9.0749,9.0749,9.0749,9.0749,9.0749,9.0749,9.0749,9.0749,9.0749,9.0749,9.0749,9.0749,9.0749,9.0749,9.0749,9.0749,9.0749,9.0749,9.0749,9.0749,9.0749,9.0749,9.0749,9.0749,9.0749,9.0749,9.0749,9.0749,9.0749,9.0749,9.0749,9.0749,9.0749,9.0749,9.0749,9.0749,9.0749,9.0749,9.0749,9.0749,9.0749,9.0749,9.0749,9.0749,9.0749,9.0749,9.0749,9.0749,9.0749,9.0749,9.0749,9.0749,9.0749,9.0749,9.0749,9.0749,9.0749,9.0749,9.0749,9.0749,9.0749,9.0749,9.0749,9.0749,9.0749,9.0749,9.0749,9.0749,9.0749,9.0749,9.0749,9.0749,9.0749,9.0749,9.0749,9.0749,9.0749,9.0749,9.0749,9.0749,9.0749,9.0749,9.0749,9.0749,9.0749,9.0749,9.0749,9.0749,9.0749,9.0749,9.0749,9.0749,9.0749,9.0749,9.0749,9.0749,9.0749,9.0749,9.0749,9.0749,9.0749,9.0749,9.0749,9.0749,9.0749,9.0749,9.0749,9.0749,9.0749,9.0749,9.0749,9.0749,9.0749,9.0749,9.0749,9.0749,9.0749,9.0749,9.0749,9.0749,9.0749,9.0749,9.0749,9.0749,9.0749,9.0749,9.0749,9.0749,9.0749,9.0749,9.0749,9.0749,9.0749,9.0749,9.0749,9.0749,9.0749,9.0749,9.0749,9.0749,9.0749,9.0749,9.0749,9.0749,9.0749,9.0749,9.0749,9.0749,9.0749,9.0749,9.0749,9.0749,9.0749,9.0749,9.0749,9.0749,9.0749,9.0749,9.0749,9.0749
9.0656,9.0656,9.0656,9.0656,9.0656,9.0656,9.0656,9.0656,9.0656,9.0656,9.0656,9.0656,9.0656,9.0656,9.0656,9.0656,9.0656,9.0656,9.0656,9.0656,9.0656,9.0656,9.0656,9.0656,9.0656,9.0656,9.0656,9.0656,9.0656,9.0656,9.0656,9.0656,9.0656,9.0656,9.0656,9.0656,9.0656,9.0656,9.0656,9.0656,9.0656,9.0656,9.0656,9.0656,9.0656,9.0656,9.0656,9.0656,9.0656,9.0656,9.0656,9.0656,9.0656,9.0656,9.0656,9.0656,9.0656,9.0656,9.0656,9.0656,9.0656,9.0656,9.0656,9.0656,9.0656,9.0656,9.0656,9.0656,9.0656,9.0656,9.0656,9.0656,9.0656,9.0656,9.0656,9.0656,9.0656,9.0656,9.0656,9.0656,9.0656,9.0656,9.0656,9.0656,9.0656,9.0656,9.0656,9.0656,9.0656,9.0656,9.0656,9.0656,9.0656,9.0656,9.0656,9.0656,9.0656,9.0656,9.0656,9.0656,9.0656,9.0656,9.0656,9.0656,9.0656,9.0656,9.0656,9.0656,9.0656,9.0656,9.0656,9.0656,9.0656,9.0656,9.0656,9.0656,9.0656,9.0656,9.0656,9.0656,9.0656,9.0656,9.0656,9.0656,9.0656,9.0656,9.0656,9.0656,9.0656,9.0656,9.0656,9.0656,9.0656,9.0656,9.0656,9.0656,9.0656,9.0656,9.0656,9.0656,9.0656,9.0656,9.0656,9.0656,9.0656,9.0656,9.0656,9.0656,9.0656,9.0656,9.0656,9.0656,9.0656,9.0656,9.0656,9.0656,9.0656,9.0656,9.0656,9.0656,9.0656,9.0656,9.0656,9.0656,9.0656,9.0656,9.0656,9.0656,9.0656,9.0656,9.0656,9.0656,9.0656,9.0656,9.0656,9.0656,9.0656,9.0656,9.0656,9.0656,9.0656,9.0656,9.0656,9.0656,9.0656,9.0656,9.0656,9.0656,9.0656,9.0656,9.0656,9.0656,9.0656,9.0656,9.0656,9.0656,9.0656,9.0656,9.0656,9.0656,9.0656,9.0656,9.0656,9.0656,9.0656,9.0656,9.0656,9.0656,9.0656,9.0656,9.0656,9.0656,9.0656,9.0656,9.0656,9.0656,9.0656,9.0656,9.0656,9.0656,9.0656,9.0656,9.0656,9.0656,9.0656,9.0656,9.0656,9.0656,9.0656,9.0656,9.0656,9.0656,9.0656,9.0656,9.0656,9.0656,9.0656,9.0656,9.0656,9.0656,9.0656,9.0656,9.0656,9.0656,9.0656,9.0656,9.0656,9.0656,9.0656,9.0656,9.0656,9.0656,9.0656,9.0656,9.0656,9.0656,9.0656,9.0656,9.0656,9.0656,9.0656,9.0656,9.0656,9.0656,9.0656,9.0656,9.0656,9.0656,9.0656,9.0656,9.0656,9.0656,9.0656,9.0656,9.0656,9.0656,9.0656,9.0656,9.0656,9.0656,9.0656,9.0656,9.0656,9.0656,9.0656,9.0656,9.0656,9.0656,9.0656,9.0656,9.0656,9.0656,9.0656,9.0656,9.0656,9.0656,9.0656,9.0656,9.0656,9.0656,9.0656,9.0656,9.0656,9.0656,9.0656,9.0656,9.0656,9.0656,9.0656,9.0656,9.0656,9.0656,9.0656,9.0656,9.0656,9.0656,9.0656,9.0656,9.0656,9.0656,9.0656,9.0656,9.0656,9.0656,9.0656,9.0656,9.0656,9.0656,9.0656,9.0656,9.0656,9.0656,9.0656,9.0656,9.0656,9.0656,9.0656,9.0656,9.0656,9.0656,9.0656,9.0656,9.0656,9.0656,9.0656,9.0656,9.0656,9.0656,9.0656,9.0656,9.0656,9.0656,9.0656,9.0656,9.0656,9.0656,9.0656,9.0656,9.0656,9.0656,9.0656,9.0656,9.0656,9.0656,9.0656,9.0656,9.0656,9.0656,9.0656,9.0656,9.0656,9.0656,9.0656,9.0656,9.0656,9.0656,9.0656,9.0656,9.0656,9.0656,9.0656,9.0656,9.0656,9.0656,9.0656,9.0656,9.0656,9.0656,9.0656,9.0656,9.0656,9.0656,9.0656,9.0656,9.0656,9.0656,9.0656,9.0656,9.0656,9.0656,9.0656,9.0656,9.0656,9.0656,9.0656,9.0656,9.0656,9.0656,9.0656,9.0656,9.0656,9.0656,9.0656,9.0656,9.0656,9.0656,9.0656,9.0656,9.0656,9.0656,9.0656,9.0656,9.0656,9.0656,9.0656,9.0656,9.0656,9.0656,9.0656,9.0656,9.0656,9.0656,9.0656,9.0656,9.0656,9.0656,9.0656,9.0656,9.0656,9.0656,9.0656,9.0656,9.0656,9.0656,9.0656,9.0656,9.0656,9.0656,9.0656,9.0656,9.0656,9.0656,9.0656,9.0656,9.0656,9.0656,9.0656,9.0656,9.0656,9.0656,9.0656,9.0656,9.0656,9.0656,9.0656,9.0656,9.0656,9.0656,9.0656,9.0656,9.0656,9.0656,9.0656,9.0656,9.0656,9.0656,9.0656,9.0656,9.0656,9.0656,9.0656,9.0656,9.0656,9.0656,9.0656,9.0656,9.0656,9.0656,9.0656,9.0656,9.0656,9.0656,9.0656,9.0656,9.0656,9.0656,9.0656,9.0656,9.0656,9.0656,9.0656,9.0656,9.0656,9.0656,9.0656,9.0656,9.0656,9.0656,9.0656,9.0656,9.0656,9.0656,9.0656,9.0656,9.0656,9.0656,9.0656,9.0656,9.0656,9.0656,9.0656,9.0656,9.0656,9.0656,9.0656,9.0656,9.0656,9.0656,9.0656,9.0656,9.0656,9.0656,9.0656,9.0656,9.0656,9.0656,9.0656,9.0656,9.0656,9.0656,9.0656,9.0656,9.0656,9.0656,9.0656,9.0656,9.0656,9.0656,9.0656,9.0656,9.0656,9.0656,9.0656,9.0656,9.0656,9.0656,9.0656,9.0656,9.0656,9.0656,9.0656,9.0656,9.0656,9.0656,9.0656,9.0656,9.0656,9.0656,9.0656,9.0656,9.0656,9.0656,9.0656,9.0656,9.0656,9.0656,9.0656,9.0656,9.0656,9.0656,9.0656,9.0656,9.0656,9.0656,9.0656,9.0656,9.0656,9.0656,9.0656,9.0656,9.0656,9.0656,9.0656,9.0656,9.0656,9.0656,9.0656,9.0656,9.0656,9.0656,9.0656,9.0656,9.0656,9.0656,9.0656,9.0656,9.0656,9.0656,9.0656,9.0656,9.0656,9.0656,9.0656,9.0656,9.0656,9.0656,9.0656,9.0656,9.0656,9.0656,9.0656,9.0656,9.0656,9.0656,9.0656,9.0656,9.0656,9.0656,9.0656,9.0656,9.0656,9.0656,9.0656,9.0656,9.0656,9.0656,9.0656,9.0656,9.0656,9.0656,9.0656,9.0656,9.0656,9.0656,9.0656,9.0656,9.0656,9.0656,9.0656,9.0656,9.0656,9.0656,9.0656,9.0656,9.0656,9.0656,9.0656,9.0656,9.0656,9.0656,9.0656,9.0656,9.0656,9.0656,9.0656,9.0656,9.0656,9.0656,9.0656,9.0656,9.0656,9.0656,9.0656,9.0656,9.0656,9.0656,9.0656,9.0656,9.0656,9.0656,9.0656,9.0656,9.0656,9.0656,9.0656,9.0656,9.0656,9.0656,9.0656,9.0656,9.0656,9.0656,9.0656,9.0656,9.0656,9.0656,9.0656,9.0656,9.0656,9.0656,9.0656,9.0656,9.0656,9.0656,9.0656,9.0656,9.0656,9.0656,9.0656,9.0656,9.0656,9.0656,9.0656,9.0656,9.0656,9.0656,9.0656,9.0656,9.0656,9.0656,9.0656,9.0656,9.0656,9.0656,9.0656,9.0656,9.0656,9.0656,9.0656,9.0656,9.0656,9.0656,9.0656,9.0656,9.0656,9.0656,9.0656,9.0656,9.0656,9.0656,9.0656,9.0656,9.0656,9.0656,9.0656,9.0656,9.0656,9.0656,9.0656,9.0656,9.0656,9.0656,9.0656,9.0656,9.0656,9.0656,9.0656,9.0656,9.0656,9.0656,9.0656,9.0656,9.0656,9.0656,9.0656,9.0656,9.0656,9.0656,9.0656,9.0656,9.0656,9.0656,9.0656,9.0656,9.0656,9.0656,9.0656,9.0656,9.0656,9.0656,9.0656,9.0656,9.0656,9.0656,9.0656,9.0656,9.0656,9.0656,9.0656,9.0656,9.0656,9.0656,9.0656,9.0656,9.0656,9.0656,9.0656,9.0656,9.0656,9.0656,9.0656,9.0656,9.0656,9.0656,9.0656,9.0656,9.0656,9.0656,9.0656,9.0656,9.0656,9.0656,9.0656,9.0656,9.0656,9.0656,9.0656,9.0656,9.0656,9.0656,9.0656,9.0656,9.0656,9.0656,9.0656,9.0656,9.0656,9.0656,9.0656,9.0656,9.0656,9.0656,9.0656,9.0656,9.0656,9.0656,9.0656,9.0656,9.0656,9.0656,9.0656,9.0656,9.0656,9.0656,9.0656,9.0656,9.0656,9.0656,9.0656,9.0656,9.0656,9.0656,9.0656,9.0656,9.0656,9.0656,9.0656,9.0656,9.0656,9.0656,9.0656,9.0656,9.0656,9.0656,9.0656,9.0656,9.0656,9.0656,9.0656,9.0656,9.0656,9.0656,9.0656,9.0656,9.0656,9.0656,9.0656,9.0656,9.0656,9.0656,9.0656,9.0656,9.0656,9.0656,9.0656,9.0656,9.0656,9.0656,9.0656,9.0656,9.0656,9.0656,9.0656,9.0656,9.0656,9.0656,9.0656,9.0656,9.0656,9.0656,9.0656,9.0656,9.0656,9.0656,9.0656,9.0656,9.0656,9.0656,9.0656,9.0656,9.0656,9.0656,9.0656,9.0656,9.0656,9.0656,9.0656,9.0656,9.0656,9.0656,9.0656,9.0656,9.0656,9.0656,9.0656,9.0656,9.0656,9.0656,9.0656,9.0656,9.0656,9.0656,9.0656,9.0656,9.0656,9.0656,9.0656,9.0656,9.0656,9.0656,9.0656,9.0656,9.0656,9.0656,9.0656,9.0656,9.0656,9.0656,9.0656,9.0656,9.0656,9.0656,9.0656,9.0656,9.0656,9.0656,9.0656,9.0656,9.0656,9.0656
9.0558,9.0558,9.0558,9.0558,9.0558,9.0558,9.0558,9.0558,9.0558,9.0558,9.0558,9.0558,9.0558,9.0558,9.0558,9.0558,9.0558,9.0558,9.0558,9.0558,9.0558,9.0558,9.0558,9.0558,9.0558,9.0558,9.0558,9.0558,9.0558,9.0558,9.0558,9.0558,9.0558,9.0558,9.0558,9.0558,9.0558,9.0558,9.0558,9.0558,9.0558,9.0558,9.0558,9.0558,9.0558,9.0558,9.0558,9.0558,9.0558,9.0558,9.0558,9.0558,9.0558,9.0558,9.0558,9.0558,9.0558,9.0558,9.0558,9.0558,9.0558,9.0558,9.0558,9.0558,9.0558,9.0558,9.0558,9.0558,9.0558,9.0558,9.0558,9.0558,9.0558,9.0558,9.0558,9.0558,9.0558,9.0558,9.0558,9.0558,9.0558,9.0558,9.0558,9.0558,9.0558,9.0558,9.0558,9.0558,9.0558,9.0558,9.0558,9.0558,9.0558,9.0558,9.0558,9.0558,9.0558,9.0558,9.0558,9.0558,9.0558,9.0558,9.0558,9.0558,9.0558,9.0558,9.0558,9.0558,9.0558,9.0558,9.0558,9.0558,9.0558,9.0558,9.0558,9.0558,9.0558,9.0558,9.0558,9.0558,9.0558,9.0558,9.0558,9.0558,9.0558,9.0558,9.0558,9.0558,9.0558,9.0558,9.0558,9.0558,9.0558,9.0558,9.0558,9.0558,9.0558,9.0558,9.0558,9.0558,9.0558,9.0558,9.0558,9.0558,9.0558,9.0558,9.0558,9.0558,9.0558,9.0558,9.0558,9.0558,9.0558,9.0558,9.0558,9.0558,9.0558,9.0558,9.0558,9.0558,9.0558,9.0558,9.0558,9.0558,9.0558,9.0558,9.0558,9.0558,9.0558,9.0558,9.0558,9.0558,9.0558,9.0558,9.0558,9.0558,9.0558,9.0558,9.0558,9.0558,9.0558,9.0558,9.0558,9.0558,9.0558,9.0558,9.0558,9.0558,9.0558,9.0558,9.0558,9.0558,9.0558,9.0558,9.0558,9.0558,9.0558,9.0558,9.0558,9.0558,9.0558,9.0558,9.0558,9.0558,9.0558,9.0558,9.0558,9.0558,9.0558,9.0558,9.0558,9.0558,9.0558,9.0558,9.0558,9.0558,9.0558,9.0558,9.0558,9.0558,9.0558,9.0558,9.0558,9.0558,9.0558,9.0558,9.0558,9.0558,9.0558,9.0558,9.0558,9.0558,9.0558,9.0558,9.0558,9.0558,9.0558,9.0558,9.0558,9.0558,9.0558,9.0558,9.0558,9.0558,9.0558,9.0558,9.0558,9.0558,9.0558,9.0558,9.0558,9.0558,9.0558,9.0558,9.0558,9.0558,9.0558,9.0558,9.0558,9.0558,9.0558,9.0558,9.0558,9.0558,9.0558,9.0558,9.0558,9.0558,9.0558,9.0558,9.0558,9.0558,9.0558,9.0558,9.0558,9.0558,9.0558,9.0558,9.0558,9.0558,9.0558,9.0558,9.0558,9.0558,9.0558,9.0558,9.0558,9.0558,9.0558,9.0558,9.0558,9.0558,9.0558,9.0558,9.0558,9.0558,9.0558,9.0558,9.0558,9.0558,9.0558,9.0558,9.0558,9.0558,9.0558,9.0558,9.0558,9.0558,9.0558,9.0558,9.0558,9.0558,9.0558,9.0558,9.0558,9.0558,9.0558,9.0558,9.0558,9.0558,9.0558,9.0558,9.0558,9.0558,9.0558,9.0558,9.0558,9.0558,9.0558,9.0558,9.0558,9.0558,9.0558,9.0558,9.0558,9.0558,9.0558,9.0558,9.0558,9.0558,9.0558,9.0558,9.0558,9.0558,9.0558,9.0558,9.0558,9.0558,9.0558,9.0558,9.0558,9.0558,9.0558,9.0558,9.0558,9.0558,9.0558,9.0558,9.0558,9.0558,9.0558,9.0558,9.0558,9.0558,9.0558,9.0558,9.0558,9.0558,9.0558,9.0558,9.0558,9.0558,9.0558,9.0558,9.0558,9.0558,9.0558,9.0558,9.0558,9.0558,9.0558,9.0558,9.0558,9.0558,9.0558,9.0558,9.0558,9.0558,9.0558,9.0558,9.0558,9.0558,9.0558,9.0558,9.0558,9.0558,9.0558,9.0558,9.0558,9.0558,9.0558,9.0558,9.0558,9.0558,9.0558,9.0558,9.0558,9.0558,9.0558,9.0558,9.0558,9.0558,9.0558,9.0558,9.0558,9.0558,9.0558,9.0558,9.0558,9.0558,9.0558,9.0558,9.0558,9.0558,9.0558,9.0558,9.0558,9.0558,9.0558,9.0558,9.0558,9.0558,9.0558,9.0558,9.0558,9.0558,9.0558,9.0558,9.0558,9.0558,9.0558,9.0558,9.0558,9.0558,9.0558,9.0558,9.0558,9.0558,9.0558,9.0558,9.0558,9.0558,9.0558,9.0558,9.0558,9.0558,9.0558,9.0558,9.0558,9.0558,9.0558,9.0558,9.0558,9.0558,9.0558,9.0558,9.0558,9.0558,9.0558,9.0558,9.0558,9.0558,9.0558,9.0558,9.0558,9.0558,9.0558,9.0558,9.0558,9.0558,9.0558,9.0558,9.0558,9.0558,9.0558,9.0558,9.0558,9.0558,9.0558,9.0558,9.0558,9.0558,9.0558,9.0558,9.0558,9.0558,9.0558,9.0558,9.0558,9.0558,9.0558,9.0558,9.0558,9.0558,9.0558,9.0558,9.0558,9.0558,9.0558,9.0558,9.0558,9.0558,9.0558,9.0558,9.0558,9.0558,9.0558,9.0558,9.0558,9.0558,9.0558,9.0558,9.0558,9.0558,9.0558,9.0558,9.0558,9.0558,9.0558,9.0558,9.0558,9.0558,9.0558,9.0558,9.0558,9.0558,9.0558,9.0558,9.0558,9.0558,9.0558,9.0558,9.0558,9.0558,9.0558,9.0558,9.0558,9.0558,9.0558,9.0558,9.0558,9.0558,9.0558,9.0558,9.0558,9.0558,9.0558,9.0558,9.0558,9.0558,9.0558,9.0558,9.0558,9.0558,9.0558,9.0558,9.0558,9.0558,9.0558,9.0558,9.0558,9.0558,9.0558,9.0558,9.0558,9.0558,9.0558,9.0558,9.0558,9.0558,9.0558,9.0558,9.0558,9.0558,9.0558,9.0558,9.0558,9.0558,9.0558,9.0558,9.0558,9.0558,9.0558,9.0558,9.0558,9.0558,9.0558,9.0558,9.0558,9.0558,9.0558,9.0558,9.0558,9.0558,9.0558,9.0558,9.0558,9.0558,9.0558,9.0558,9.0558,9.0558,9.0558,9.0558,9.0558,9.0558,9.0558,9.0558,9.0558,9.0558,9.0558,9.0558,9.0558,9.0558,9.0558,9.0558,9.0558,9.0558,9.0558,9.0558,9.0558,9.0558,9.0558,9.0558,9.0558,9.0558,9.0558,9.0558,9.0558,9.0558,9.0558,9.0558,9.0558,9.0558,9.0558,9.0558,9.0558,9.0558,9.0558,9.0558,9.0558,9.0558,9.0558,9.0558,9.0558,9.0558,9.0558,9.0558,9.0558,9.0558,9.0558,9.0558,9.0558,9.0558,9.0558,9.0558,9.0558,9.0558,9.0558,9.0558,9.0558,9.0558,9.0558,9.0558,9.0558,9.0558,9.0558,9.0558,9.0558,9.0558,9.0558,9.0558,9.0558,9.0558,9.0558,9.0558,9.0558,9.0558,9.0558,9.0558,9.0558,9.0558,9.0558,9.0558,9.0558,9.0558,9.0558,9.0558,9.0558,9.0558,9.0558,9.0558,9.0558,9.0558,9.0558,9.0558,9.0558,9.0558,9.0558,9.0558,9.0558,9.0558,9.0558,9.0558,9.0558,9.0558,9.0558,9.0558,9.0558,9.0558,9.0558,9.0558,9.0558,9.0558,9.0558,9.0558,9.0558,9.0558,9.0558,9.0558,9.0558,9.0558,9.0558,9.0558,9.0558,9.0558,9.0558,9.0558,9.0558,9.0558,9.0558,9.0558,9.0558,9.0558,9.0558,9.0558,9.0558,9.0558,9.0558,9.0558,9.0558,9.0558,9.0558,9.0558,9.0558,9.0558,9.0558,9.0558,9.0558,9.0558,9.0558,9.0558,9.0558,9.0558,9.0558,9.0558,9.0558,9.0558,9.0558,9.0558,9.0558,9.0558,9.0558,9.0558,9.0558,9.0558,9.0558,9.0558,9.0558,9.0558,9.0558,9.0558,9.0558,9.0558,9.0558,9.0558,9.0558,9.0558,9.0558,9.0558,9.0558,9.0558,9.0558,9.0558,9.0558,9.0558,9.0558,9.0558,9.0558,9.0558,9.0558,9.0558,9.0558,9.0558,9.0558,9.0558,9.0558,9.0558,9.0558,9.0558,9.0558,9.0558,9.0558,9.0558,9.0558,9.0558,9.0558,9.0558,9.0558,9.0558,9.0558,9.0558,9.0558,9.0558,9.0558,9.0558,9.0558,9.0558,9.0558,9.0558,9.0558,9.0558,9.0558,9.0558,9.0558,9.0558,9.0558,9.0558,9.0558,9.0558,9.0558,9.0558,9.0558,9.0558,9.0558,9.0558,9.0558,9.0558,9.0558,9.0558,9.0558,9.0558,9.0558,9.0558,9.0558,9.0558,9.0558,9.0558,9.0558,9.0558,9.0558,9.0558,9.0558,9.0558,9.0558,9.0558,9.0558,9.0558,9.0558,9.0558,9.0558,9.0558,9.0558,9.0558,9.0558,9.0558,9.0558,9.0558,9.0558,9.0558,9.0558,9.0558,9.0558,9.0558,9.0558,9.0558,9.0558,9.0558,9.0558,9.0558,9.0558,9.0558,9.0558,9.0558,9.0558,9.0558,9.0558,9.0558,9.0558,9.0558,9.0558,9.0558,9.0558,9.0558,9.0558,9.0558,9.0558,9.0558,9.0558,9.0558,9.0558,9.0558,9.0558,9.0558,9.0558,9.0558,9.0558,9.0558,9.0558,9.0558,9.0558,9.0558,9.0558,9.0558,9.0558,9.0558,9.0558,9.0558,9.0558,9.0558,9.0558,9.0558,9.0558,9.0558,9.0558,9.0558,9.0558,9.0558,9.0558,9.0558,9.0558,9.0558,9.0558,9.0558,9.0558,9.0558,9.0558,9.0558,9.0558,9.0558,9.0558,9.0558,9.0558,9.0558,9.0558,9.0558,9.0558,9.0558,9.0558,9.0558
9.0465,9.0465,9.0465,9.0465,9.0465,9.0465,9.0465,9.0465,9.0465,9.0465,9.0465,9.0465,9.0465,9.0465,9.0465,9.0465,9.0465,9.0465,9.0465,9.0465,9.0465,9.0465,9.0465,9.0465,9.0465,9.0465,9.0465,9.0465,9.0465,9.0465,9.0465,9.0465,9.0465,9.0465,9.0465,9.0465,9.0465,9.0465,9.0465,9.0465,9.0465,9.0465,9.0465,9.0465,9.0465,9.0465,9.0465,9.0465,9.0465,9.0465,9.0465,9.0465,9.0465,9.0465,9.0465,9.0465,9.0465,9.0465,9.0465,9.0465,9.0465,9.0465,9.0465,9.0465,9.0465,9.0465,9.0465,9.0465,9.0465,9.0465,9.0465,9.0465,9.0465,9.0465,9.0465,9.0465,9.0465,9.0465,9.0465,9.0465,9.0465,9.0465,9.0465,9.0465,9.0465,9.0465,9.0465,9.0465,9.0465,9.0465,9.0465,9.0465,9.0465,9.0465,9.0465,9.0465,9.0465,9.0465,9.0465,9.0465,9.0465,9.0465,9.0465,9.0465,9.0465,9.0465,9.0465,9.0465,9.0465,9.0465,9.0465,9.0465,9.0465,9.0465,9.0465,9.0465,9.0465,9.0465,9.0465,9.0465,9.0465,9.0465,9.0465,9.0465,9.0465,9.0465,9.0465,9.0465,9.0465,9.0465,9.0465,9.0465,9.0465,9.0465,9.0465,9.0465,9.0465,9.0465,9.0465,9.0465,9.0465,9.0465,9.0465,9.0465,9.0465,9.0465,9.0465,9.0465,9.0465,9.0465,9.0465,9.0465,9.0465,9.0465,9.0465,9.0465,9.0465,9.0465,9.0465,9.0465,9.0465,9.0465,9.0465,9.0465,9.0465,9.0465,9.0465,9.0465,9.0465,9.0465,9.0465,9.0465,9.0465,9.0465,9.0465,9.0465,9.0465,9.0465,9.0465,9.0465,9.0465,9.0465,9.0465,9.0465,9.0465,9.0465,9.0465,9.0465,9.0465,9.0465,9.0465,9.0465,9.0465,9.0465,9.0465,9.0465,9.0465,9.0465,9.0465,9.0465,9.0465,9.0465,9.0465,9.0465,9.0465,9.0465,9.0465,9.0465,9.0465,9.0465,9.0465,9.0465,9.0465,9.0465,9.0465,9.0465,9.0465,9.0465,9.0465,9.0465,9.0465,9.0465,9.0465,9.0465,9.0465,9.0465,9.0465,9.0465,9.0465,9.0465,9.0465,9.0465,9.0465,9.0465,9.0465,9.0465,9.0465,9.0465,9.0465,9.0465,9.0465,9.0465,9.0465,9.0465,9.0465,9.0465,9.0465,9.0465,9.0465,9.0465,9.0465,9.0465,9.0465,9.0465,9.0465,9.0465,9.0465,9.0465,9.0465,9.0465,9.0465,9.0465,9.0465,9.0465,9.0465,9.0465,9.0465,9.0465,9.0465,9.0465,9.0465,9.0465,9.0465,9.0465,9.0465,9.0465,9.0465,9.0465,9.0465,9.0465,9.0465,9.0465,9.0465,9.0465,9.0465,9.0465,9.0465,9.0465,9.0465,9.0465,9.0465,9.0465,9.0465,9.0465,9.0465,9.0465,9.0465,9.0465,9.0465,9.0465,9.0465,9.0465,9.0465,9.0465,9.0465,9.0465,9.0465,9.0465,9.0465,9.0465,9.0465,9.0465,9.0465,9.0465,9.0465,9.0465,9.0465,9.0465,9.0465,9.0465,9.0465,9.0465,9.0465,9.0465,9.0465,9.0465,9.0465,9.0465,9.0465,9.0465,9.0465,9.0465,9.0465,9.0465,9.0465,9.0465,9.0465,9.0465,9.0465,9.0465,9.0465,9.0465,9.0465,9.0465,9.0465,9.0465,9.0465,9.0465,9.0465,9.0465,9.0465,9.0465,9.0465,9.0465,9.0465,9.0465,9.0465,9.0465,9.0465,9.0465,9.0465,9.0465,9.0465,9.0465,9.0465,9.0465,9.0465,9.0465,9.0465,9.0465,9.0465,9.0465,9.0465,9.0465,9.0465,9.0465,9.0465,9.0465,9.0465,9.0465,9.0465,9.0465,9.0465,9.0465,9.0465,9.0465,9.0465,9.0465,9.0465,9.0465,9.0465,9.0465,9.0465,9.0465,9.0465,9.0465,9.0465,9.0465,9.0465,9.0465,9.0465,9.0465,9.0465,9.0465,9.0465,9.0465,9.0465,9.0465,9.0465,9.0465,9.0465,9.0465,9.0465,9.0465,9.0465,9.0465,9.0465,9.0465,9.0465,9.0465,9.0465,9.0465,9.0465,9.0465,9.0465,9.0465,9.0465,9.0465,9.0465,9.0465,9.0465,9.0465,9.0465,9.0465,9.0465,9.0465,9.0465,9.0465,9.0465,9.0465,9.0465,9.0465,9.0465,9.0465,9.0465,9.0465,9.0465,9.0465,9.0465,9.0465,9.0465,9.0465,9.0465,9.0465,9.0465,9.0465,9.0465,9.0465,9.0465,9.0465,9.0465,9.0465,9.0465,9.0465,9.0465,9.0465,9.0465,9.0465,9.0465,9.0465,9.0465,9.0465,9.0465,9.0465,9.0465,9.0465,9.0465,9.0465,9.0465,9.0465,9.0465,9.0465,9.0465,9.0465,9.0465,9.0465,9.0465,9.0465,9.0465,9.0465,9.0465,9.0465,9.0465,9.0465,9.0465,9.0465,9.0465,9.0465,9.0465,9.0465,9.0465,9.0465,9.0465,9.0465,9.0465,9.0465,9.0465,9.0465,9.0465,9.0465,9.0465,9.0465,9.0465,9.0465,9.0465,9.0465,9.0465,9.0465,9.0465,9.0465,9.0465,9.0465,9.0465,9.0465,9.0465,9.0465,9.0465,9.0465,9.0465,9.0465,9.0465,9.0465,9.0465,9.0465,9.0465,9.0465,9.0465,9.0465,9.0465,9.0465,9.0465,9.0465,9.0465,9.0465,9.0465,9.0465,9.0465,9.0465,9.0465,9.0465,9.0465,9.0465,9.0465,9.0465,9.0465,9.0465,9.0465,9.0465,9.0465,9.0465,9.0465,9.0465,9.0465,9.0465,9.0465,9.0465,9.0465,9.0465,9.0465,9.0465,9.0465,9.0465,9.0465,9.0465,9.0465,9.0465,9.0465,9.0465,9.0465,9.0465,9.0465,9.0465,9.0465,9.0465,9.0465,9.0465,9.0465,9.0465,9.0465,9.0465,9.0465,9.0465,9.0465,9.0465,9.0465,9.0465,9.0465,9.0465,9.0465,9.0465,9.0465,9.0465,9.0465,9.0465,9.0465,9.0465,9.0465,9.0465,9.0465,9.0465,9.0465,9.0465,9.0465,9.0465,9.0465,9.0465,9.0465,9.0465,9.0465,9.0465,9.0465,9.0465,9.0465,9.0465,9.0465,9.0465,9.0465,9.0465,9.0465,9.0465,9.0465,9.0465,9.0465,9.0465,9.0465,9.0465,9.0465,9.0465,9.0465,9.0465,9.0465,9.0465,9.0465,9.0465,9.0465,9.0465,9.0465,9.0465,9.0465,9.0465,9.0465,9.0465,9.0465,9.0465,9.0465,9.0465,9.0465,9.0465,9.0465,9.0465,9.0465,9.0465,9.0465,9.0465,9.0465,9.0465,9.0465,9.0465,9.0465,9.0465,9.0465,9.0465,9.0465,9.0465,9.0465,9.0465,9.0465,9.0465,9.0465,9.0465,9.0465,9.0465,9.0465,9.0465,9.0465,9.0465,9.0465,9.0465,9.0465,9.0465,9.0465,9.0465,9.0465,9.0465,9.0465,9.0465,9.0465,9.0465,9.0465,9.0465,9.0465,9.0465,9.0465,9.0465,9.0465,9.0465,9.0465,9.0465,9.0465,9.0465,9.0465,9.0465,9.0465,9.0465,9.0465,9.0465,9.0465,9.0465,9.0465,9.0465,9.0465,9.0465,9.0465,9.0465,9.0465,9.0465,9.0465,9.0465,9.0465,9.0465,9.0465,9.0465,9.0465,9.0465,9.0465,9.0465,9.0465,9.0465,9.0465,9.0465,9.0465,9.0465,9.0465,9.0465,9.0465,9.0465,9.0465,9.0465,9.0465,9.0465,9.0465,9.0465,9.0465,9.0465,9.0465,9.0465,9.0465,9.0465,9.0465,9.0465,9.0465,9.0465,9.0465,9.0465,9.0465,9.0465,9.0465,9.0465,9.0465,9.0465,9.0465,9.0465,9.0465,9.0465,9.0465,9.0465,9.0465,9.0465,9.0465,9.0465,9.0465,9.0465,9.0465,9.0465,9.0465,9.0465,9.0465,9.0465,9.0465,9.0465,9.0465,9.0465,9.0465,9.0465,9.0465,9.0465,9.0465,9.0465,9.0465,9.0465,9.0465,9.0465,9.0465,9.0465,9.0465,9.0465,9.0465,9.0465,9.0465,9.0465,9.0465,9.0465,9.0465,9.0465,9.0465,9.0465,9.0465,9.0465,9.0465,9.0465,9.0465,9.0465,9.0465,9.0465,9.0465,9.0465,9.0465,9.0465,9.0465,9.0465,9.0465,9.0465,9.0465,9.0465,9.0465,9.0465,9.0465,9.0465,9.0465,9.0465,9.0465,9.0465,9.0465,9.0465,9.0465,9.0465,9.0465,9.0465,9.0465,9.0465,9.0465,9.0465,9.0465,9.0465,9.0465,9.0465,9.0465,9.0465,9.0465,9.0465,9.0465,9.0465,9.0465,9.0465,9.0465,9.0465,9.0465,9.0465,9.0465,9.0465,9.0465,9.0465,9.0465,9.0465,9.0465,9.0465,9.0465,9.0465,9.0465,9.0465,9.0465,9.0465,9.0465,9.0465,9.0465,9.0465,9.0465,9.0465,9.0465,9.0465,9.0465,9.0465,9.0465,9.0465,9.0465,9.0465,9.0465,9.0465,9.0465,9.0465,9.0465,9.0465,9.0465,9.0465,9.0465,9.0465,9.0465,9.0465,9.0465,9.0465,9.0465,9.0465,9.0465,9.0465,9.0465,9.0465,9.0465,9.0465,9.0465,9.0465,9.0465,9.0465,9.0465,9.0465,9.0465,9.0465,9.0465,9.0465,9.0465,9.0465,9.0465,9.0465,9.0465,9.0465,9.0465,9.0465,9.0465,9.0465,9.0465,9.0465,9.0465,9.0465,9.0465,9.0465,9.0465,9.0465,9.0465,9.0465,9.0465,9.0465,9.0465,9.0465,9.0465,9.0465,9.0465,9.0465,9.0465,9.0465,9.0465,9.0465
9.0383,9.0383,9.0383,9.0383,9.0383,9.0383,9.0383,9.0383,9.0383,9.0383,9.0383,9.0383,9.0383,9.0383,9.0383,9.0383,9.0383,9.0383,9.0383,9.0383,9.0383,9.0383,9.0383,9.0383,9.0383,9.0383,9.0383,9.0383,9.0383,9.0383,9.0383,9.0383,9.0383,9.0383,9.0383,9.0383,9.0383,9.0383,9.0383,9.0383,9.0383,9.0383,9.0383,9.0383,9.0383,9.0383,9.0383,9.0383,9.0383,9.0383,9.0383,9.0383,9.0383,9.0383,9.0383,9.0383,9.0383,9.0383,9.0383,9.0383,9.0383,9.0383,9.0383,9.0383,9.0383,9.0383,9.0383,9.0383,9.0383,9.0383,9.0383,9.0383,9.0383,9.0383,9.0383,9.0383,9.0383,9.0383,9.0383,9.0383,9.0383,9.0383,9.0383,9.0383,9.0383,9.0383,9.0383,9.0383,9.0383,9.0383,9.0383,9.0383,9.0383,9.0383,9.0383,9.0383,9.0383,9.0383,9.0383,9.0383,9.0383,9.0383,9.0383,9.0383,9.0383,9.0383,9.0383,9.0383,9.0383,9.0383,9.0383,9.0383,9.0383,9.0383,9.0383,9.0383,9.0383,9.0383,9.0383,9.0383,9.0383,9.0383,9.0383,9.0383,9.0383,9.0383,9.0383,9.0383,9.0383,9.0383,9.0383,9.0383,9.0383,9.0383,9.0383,9.0383,9.0383,9.0383,9.0383,9.0383,9.0383,9.0383,9.0383,9.0383,9.0383,9.0383,9.0383,9.0383,9.0383,9.0383,9.0383,9.0383,9.0383,9.0383,9.0383,9.0383,9.0383,9.0383,9.0383,9.0383,9.0383,9.0383,9.0383,9.0383,9.0383,9.0383,9.0383,9.0383,9.0383,9.0383,9.0383,9.0383,9.0383,9.0383,9.0383,9.0383,9.0383,9.0383,9.0383,9.0383,9.0383,9.0383,9.0383,9.0383,9.0383,9.0383,9.0383,9.0383,9.0383,9.0383,9.0383,9.0383,9.0383,9.0383,9.0383,9.0383,9.0383,9.0383,9.0383,9.0383,9.0383,9.0383,9.0383,9.0383,9.0383,9.0383,9.0383,9.0383,9.0383,9.0383,9.0383,9.0383,9.0383,9.0383,9.0383,9.0383,9.0383,9.0383,9.0383,9.0383,9.0383,9.0383,9.0383,9.0383,9.0383,9.0383,9.0383,9.0383,9.0383,9.0383,9.0383,9.0383,9.0383,9.0383,9.0383,9.0383,9.0383,9.0383,9.0383,9.0383,9.0383,9.0383,9.0383,9.0383,9.0383,9.0383,9.0383,9.0383,9.0383,9.0383,9.0383,9.0383,9.0383,9.0383,9.0383,9.0383,9.0383,9.0383,9.0383,9.0383,9.0383,9.0383,9.0383,9.0383,9.0383,9.0383,9.0383,9.0383,9.0383,9.0383,9.0383,9.0383,9.0383,9.0383,9.0383,9.0383,9.0383,9.0383,9.0383,9.0383,9.0383,9.0383,9.0383,9.0383,9.0383,9.0383,9.0383,9.0383,9.0383,9.0383,9.0383,9.0383,9.0383,9.0383,9.0383,9.0383,9.0383,9.0383,9.0383,9.0383,9.0383,9.0383,9.0383,9.0383,9.0383,9.0383,9.0383,9.0383,9.0383,9.0383,9.0383,9.0383,9.0383,9.0383,9.0383,9.0383,9.0383,9.0383,9.0383,9.0383,9.0383,9.0383,9.0383,9.0383,9.0383,9.0383,9.0383,9.0383,9.0383,9.0383,9.0383,9.0383,9.0383,9.0383,9.0383,9.0383,9.0383,9.0383,9.0383,9.0383,9.0383,9.0383,9.0383,9.0383,9.0383,9.0383,9.0383,9.0383,9.0383,9.0383,9.0383,9.0383,9.0383,9.0383,9.0383,9.0383,9.0383,9.0383,9.0383,9.0383,9.0383,9.0383,9.0383,9.0383,9.0383,9.0383,9.0383,9.0383,9.0383,9.0383,9.0383,9.0383,9.0383,9.0383,9.0383,9.0383,9.0383,9.0383,9.0383,9.0383,9.0383,9.0383,9.0383,9.0383,9.0383,9.0383,9.0383,9.0383,9.0383,9.0383,9.0383,9.0383,9.0383,9.0383,9.0383,9.0383,9.0383,9.0383,9.0383,9.0383,9.0383,9.0383,9.0383,9.0383,9.0383,9.0383,9.0383,9.0383,9.0383,9.0383,9.0383,9.0383,9.0383,9.0383,9.0383,9.0383,9.0383,9.0383,9.0383,9.0383,9.0383,9.0383,9.0383,9.0383,9.0383,9.0383,9.0383,9.0383,9.0383,9.0383,9.0383,9.0383,9.0383,9.0383,9.0383,9.0383,9.0383,9.0383,9.0383,9.0383,9.0383,9.0383,9.0383,9.0383,9.0383,9.0383,9.0383,9.0383,9.0383,9.0383,9.0383,9.0383,9.0383,9.0383,9.0383,9.0383,9.0383,9.0383,9.0383,9.0383,9.0383,9.0383,9.0383,9.0383,9.0383,9.0383,9.0383,9.0383,9.0383,9.0383,9.0383,9.0383,9.0383,9.0383,9.0383,9.0383,9.0383,9.0383,9.0383,9.0383,9.0383,9.0383,9.0383,9.0383,9.0383,9.0383,9.0383,9.0383,9.0383,9.0383,9.0383,9.0383,9.0383,9.0383,9.0383,9.0383,9.0383,9.0383,9.0383,9.0383,9.0383,9.0383,9.0383,9.0383,9.0383,9.0383,9.0383,9.0383,9.0383,9.0383,9.0383,9.0383,9.0383,9.0383,9.0383,9.0383,9.0383,9.0383,9.0383,9.0383,9.0383,9.0383,9.0383,9.0383,9.0383,9.0383,9.0383,9.0383,9.0383,9.0383,9.0383,9.0383,9.0383,9.0383,9.0383,9.0383,9.0383,9.0383,9.0383,9.0383,9.0383,9.0383,9.0383,9.0383,9.0383,9.0383,9.0383,9.0383,9.0383,9.0383,9.0383,9.0383,9.0383,9.0383,9.0383,9.0383,9.0383,9.0383,9.0383,9.0383,9.0383,9.0383,9.0383,9.0383,9.0383,9.0383,9.0383,9.0383,9.0383,9.0383,9.0383,9.0383,9.0383,9.0383,9.0383,9.0383,9.0383,9.0383,9.0383,9.0383,9.0383,9.0383,9.0383,9.0383,9.0383,9.0383,9.0383,9.0383,9.0383,9.0383,9.0383,9.0383,9.0383,9.0383,9.0383,9.0383,9.0383,9.0383,9.0383,9.0383,9.0383,9.0383,9.0383,9.0383,9.0383,9.0383,9.0383,9.0383,9.0383,9.0383,9.0383,9.0383,9.0383,9.0383,9.0383,9.0383,9.0383,9.0383,9.0383,9.0383,9.0383,9.0383,9.0383,9.0383,9.0383,9.0383,9.0383,9.0383,9.0383,9.0383,9.0383,9.0383,9.0383,9.0383,9.0383,9.0383,9.0383,9.0383,9.0383,9.0383,9.0383,9.0383,9.0383,9.0383,9.0383,9.0383,9.0383,9.0383,9.0383,9.0383,9.0383,9.0383,9.0383,9.0383,9.0383,9.0383,9.0383,9.0383,9.0383,9.0383,9.0383,9.0383,9.0383,9.0383,9.0383,9.0383,9.0383,9.0383,9.0383,9.0383,9.0383,9.0383,9.0383,9.0383,9.0383,9.0383,9.0383,9.0383,9.0383,9.0383,9.0383,9.0383,9.0383,9.0383,9.0383,9.0383,9.0383,9.0383,9.0383,9.0383,9.0383,9.0383,9.0383,9.0383,9.0383,9.0383,9.0383,9.0383,9.0383,9.0383,9.0383,9.0383,9.0383,9.0383,9.0383,9.0383,9.0383,9.0383,9.0383,9.0383,9.0383,9.0383,9.0383,9.0383,9.0383,9.0383,9.0383,9.0383,9.0383,9.0383,9.0383,9.0383,9.0383,9.0383,9.0383,9.0383,9.0383,9.0383,9.0383,9.0383,9.0383,9.0383,9.0383,9.0383,9.0383,9.0383,9.0383,9.0383,9.0383,9.0383,9.0383,9.0383,9.0383,9.0383,9.0383,9.0383,9.0383,9.0383,9.0383,9.0383,9.0383,9.0383,9.0383,9.0383,9.0383,9.0383,9.0383,9.0383,9.0383,9.0383,9.0383,9.0383,9.0383,9.0383,9.0383,9.0383,9.0383,9.0383,9.0383,9.0383,9.0383,9.0383,9.0383,9.0383,9.0383,9.0383,9.0383,9.0383,9.0383,9.0383,9.0383,9.0383,9.0383,9.0383,9.0383,9.0383,9.0383,9.0383,9.0383,9.0383,9.0383,9.0383,9.0383,9.0383,9.0383,9.0383,9.0383,9.0383,9.0383,9.0383,9.0383,9.0383,9.0383,9.0383,9.0383,9.0383,9.0383,9.0383,9.0383,9.0383,9.0383,9.0383,9.0383,9.0383,9.0383,9.0383,9.0383,9.0383,9.0383,9.0383,9.0383,9.0383,9.0383,9.0383,9.0383,9.0383,9.0383,9.0383,9.0383,9.0383,9.0383,9.0383,9.0383,9.0383,9.0383,9.0383,9.0383,9.0383,9.0383,9.0383,9.0383,9.0383,9.0383,9.0383,9.0383,9.0383,9.0383,9.0383,9.0383,9.0383,9.0383,9.0383,9.0383,9.0383,9.0383,9.0383,9.0383,9.0383,9.0383,9.0383,9.0383,9.0383,9.0383,9.0383,9.0383,9.0383,9.0383,9.0383,9.0383,9.0383,9.0383,9.0383,9.0383,9.0383,9.0383,9.0383,9.0383,9.0383,9.0383,9.0383,9.0383,9.0383,9.0383,9.0383,9.0383,9.0383,9.0383,9.0383,9.0383,9.0383,9.0383,9.0383,9.0383,9.0383,9.0383,9.0383,9.0383,9.0383,9.0383,9.0383,9.0383,9.0383,9.0383,9.0383,9.0383,9.0383,9.0383,9.0383,9.0383,9.0383,9.0383,9.0383,9.0383,9.0383,9.0383,9.0383,9.0383,9.0383,9.0383,9.0383,9.0383,9.0383,9.0383,9.0383,9.0383,9.0383,9.0383,9.0383,9.0383,9.0383,9.0383,9.0383,9.0383,9.0383,9.0383,9.0383,9.0383,9.0383,9.0383,9.0383,9.0383,9.0383,9.0383,9.0383,9.0383,9.0383,9.0383,9.0383,9.0383,9.0383,9.0383,9.0383,9.0383,9.0383,9.0383,9.0383,9.0383,9.0383,9.0383,9.0383
9.0290,9.0290,9.0290,9.0290,9.0290,9.0290,9.0290,9.0290,9.0290,9.0290,9.0290,9.0290,9.0290,9.0290,9.0290,9.0290,9.0290,9.0290,9.0290,9.0290,9.0290,9.0290,9.0290,9.0290,9.0290,9.0290,9.0290,9.0290,9.0290,9.0290,9.0290,9.0290,9.0290,9.0290,9.0290,9.0290,9.0290,9.0290,9.0290,9.0290,9.0290,9.0290,9.0290,9.0290,9.0290,9.0290,9.0290,9.0290,9.0290,9.0290,9.0290,9.0290,9.0290,9.0290,9.0290,9.0290,9.0290,9.0290,9.0290,9.0290,9.0290,9.0290,9.0290,9.0290,9.0290,9.0290,9.0290,9.0290,9.0290,9.0290,9.0290,9.0290,9.0290,9.0290,9.0290,9.0290,9.0290,9.0290,9.0290,9.0290,9.0290,9.0290,9.0290,9.0290,9.0290,9.0290,9.0290,9.0290,9.0290,9.0290,9.0290,9.0290,9.0290,9.0290,9.0290,9.0290,9.0290,9.0290,9.0290,9.0290,9.0290,9.0290,9.0290,9.0290,9.0290,9.0290,9.0290,9.0290,9.0290,9.0290,9.0290,9.0290,9.0290,9.0290,9.0290,9.0290,9.0290,9.0290,9.0290,9.0290,9.0290,9.0290,9.0290,9.0290,9.0290,9.0290,9.0290,9.0290,9.0290,9.0290,9.0290,9.0290,9.0290,9.0290,9.0290,9.0290,9.0290,9.0290,9.0290,9.0290,9.0290,9.0290,9.0290,9.0290,9.0290,9.0290,9.0290,9.0290,9.0290,9.0290,9.0290,9.0290,9.0290,9.0290,9.0290,9.0290,9.0290,9.0290,9.0290,9.0290,9.0290,9.0290,9.0290,9.0290,9.0290,9.0290,9.0290,9.0290,9.0290,9.0290,9.0290,9.0290,9.0290,9.0290,9.0290,9.0290,9.0290,9.0290,9.0290,9.0290,9.0290,9.0290,9.0290,9.0290,9.0290,9.0290,9.0290,9.0290,9.0290,9.0290,9.0290,9.0290,9.0290,9.0290,9.0290,9.0290,9.0290,9.0290,9.0290,9.0290,9.0290,9.0290,9.0290,9.0290,9.0290,9.0290,9.0290,9.0290,9.0290,9.0290,9.0290,9.0290,9.0290,9.0290,9.0290,9.0290,9.0290,9.0290,9.0290,9.0290,9.0290,9.0290,9.0290,9.0290,9.0290,9.0290,9.0290,9.0290,9.0290,9.0290,9.0290,9.0290,9.0290,9.0290,9.0290,9.0290,9.0290,9.0290,9.0290,9.0290,9.0290,9.0290,9.0290,9.0290,9.0290,9.0290,9.0290,9.0290,9.0290,9.0290,9.0290,9.0290,9.0290,9.0290,9.0290,9.0290,9.0290,9.0290,9.0290,9.0290,9.0290,9.0290,9.0290,9.0290,9.0290,9.0290,9.0290,9.0290,9.0290,9.0290,9.0290,9.0290,9.0290,9.0290,9.0290,9.0290,9.0290,9.0290,9.0290,9.0290,9.0290,9.0290,9.0290,9.0290,9.0290,9.0290,9.0290,9.0290,9.0290,9.0290,9.0290,9.0290,9.0290,9.0290,9.0290,9.0290,9.0290,9.0290,9.0290,9.0290,9.0290,9.0290,9.0290,9.0290,9.0290,9.0290,9.0290,9.0290,9.0290,9.0290,9.0290,9.0290,9.0290,9.0290,9.0290,9.0290,9.0290,9.0290,9.0290,9.0290,9.0290,9.0290,9.0290,9.0290,9.0290,9.0290,9.0290,9.0290,9.0290,9.0290,9.0290,9.0290,9.0290,9.0290,9.0290,9.0290,9.0290,9.0290,9.0290,9.0290,9.0290,9.0290,9.0290,9.0290,9.0290,9.0290,9.0290,9.0290,9.0290,9.0290,9.0290,9.0290,9.0290,9.0290,9.0290,9.0290,9.0290,9.0290,9.0290,9.0290,9.0290,9.0290,9.0290,9.0290,9.0290,9.0290,9.0290,9.0290,9.0290,9.0290,9.0290,9.0290,9.0290,9.0290,9.0290,9.0290,9.0290,9.0290,9.0290,9.0290,9.0290,9.0290,9.0290,9.0290,9.0290,9.0290,9.0290,9.0290,9.0290,9.0290,9.0290,9.0290,9.0290,9.0290,9.0290,9.0290,9.0290,9.0290,9.0290,9.0290,9.0290,9.0290,9.0290,9.0290,9.0290,9.0290,9.0290,9.0290,9.0290,9.0290,9.0290,9.0290,9.0290,9.0290,9.0290,9.0290,9.0290,9.0290,9.0290,9.0290,9.0290,9.0290,9.0290,9.0290,9.0290,9.0290,9.0290,9.0290,9.0290,9.0290,9.0290,9.0290,9.0290,9.0290,9.0290,9.0290,9.0290,9.0290,9.0290,9.0290,9.0290,9.0290,9.0290,9.0290,9.0290,9.0290,9.0290,9.0290,9.0290,9.0290,9.0290,9.0290,9.0290,9.0290,9.0290,9.0290,9.0290,9.0290,9.0290,9.0290,9.0290,9.0290,9.0290,9.0290,9.0290,9.0290,9.0290,9.0290,9.0290,9.0290,9.0290,9.0290,9.0290,9.0290,9.0290,9.0290,9.0290,9.0290,9.0290,9.0290,9.0290,9.0290,9.0290,9.0290,9.0290,9.0290,9.0290,9.0290,9.0290,9.0290,9.0290,9.0290,9.0290,9.0290,9.0290,9.0290,9.0290,9.0290,9.0290,9.0290,9.0290,9.0290,9.0290,9.0290,9.0290,9.0290,9.0290,9.0290,9.0290,9.0290,9.0290,9.0290,9.0290,9.0290,9.0290,9.0290,9.0290,9.0290,9.0290,9.0290,9.0290,9.0290,9.0290,9.0290,9.0290,9.0290,9.0290,9.0290,9.0290,9.0290,9.0290,9.0290,9.0290,9.0290,9.0290,9.0290,9.0290,9.0290,9.0290,9.0290,9.0290,9.0290,9.0290,9.0290,9.0290,9.0290,9.0290,9.0290,9.0290,9.0290,9.0290,9.0290,9.0290,9.0290,9.0290,9.0290,9.0290,9.0290,9.0290,9.0290,9.0290,9.0290,9.0290,9.0290,9.0290,9.0290,9.0290,9.0290,9.0290,9.0290,9.0290,9.0290,9.0290,9.0290,9.0290,9.0290,9.0290,9.0290,9.0290,9.0290,9.0290,9.0290,9.0290,9.0290,9.0290,9.0290,9.0290,9.0290,9.0290,9.0290,9.0290,9.0290,9.0290,9.0290,9.0290,9.0290,9.0290,9.0290,9.0290,9.0290,9.0290,9.0290,9.0290,9.0290,9.0290,9.0290,9.0290,9.0290,9.0290,9.0290,9.0290,9.0290,9.0290,9.0290,9.0290,9.0290,9.0290,9.0290,9.0290,9.0290,9.0290,9.0290,9.0290,9.0290,9.0290,9.0290,9.0290,9.0290,9.0290,9.0290,9.0290,9.0290,9.0290,9.0290,9.0290,9.0290,9.0290,9.0290,9.0290,9.0290,9.0290,9.0290,9.0290,9.0290,9.0290,9.0290,9.0290,9.0290,9.0290,9.0290,9.0290,9.0290,9.0290,9.0290,9.0290,9.0290,9.0290,9.0290,9.0290,9.0290,9.0290,9.0290,9.0290,9.0290,9.0290,9.0290,9.0290,9.0290,9.0290,9.0290,9.0290,9.0290,9.0290,9.0290,9.0290,9.0290,9.0290,9.0290,9.0290,9.0290,9.0290,9.0290,9.0290,9.0290,9.0290,9.0290,9.0290,9.0290,9.0290,9.0290,9.0290,9.0290,9.0290,9.0290,9.0290,9.0290,9.0290,9.0290,9.0290,9.0290,9.0290,9.0290,9.0290,9.0290,9.0290,9.0290,9.0290,9.0290,9.0290,9.0290,9.0290,9.0290,9.0290,9.0290,9.0290,9.0290,9.0290,9.0290,9.0290,9.0290,9.0290,9.0290,9.0290,9.0290,9.0290,9.0290,9.0290,9.0290,9.0290,9.0290,9.0290,9.0290,9.0290,9.0290,9.0290,9.0290,9.0290,9.0290,9.0290,9.0290,9.0290,9.0290,9.0290,9.0290,9.0290,9.0290,9.0290,9.0290,9.0290,9.0290,9.0290,9.0290,9.0290,9.0290,9.0290,9.0290,9.0290,9.0290,9.0290,9.0290,9.0290,9.0290,9.0290,9.0290,9.0290,9.0290,9.0290,9.0290,9.0290,9.0290,9.0290,9.0290,9.0290,9.0290,9.0290,9.0290,9.0290,9.0290,9.0290,9.0290,9.0290,9.0290,9.0290,9.0290,9.0290,9.0290,9.0290,9.0290,9.0290,9.0290,9.0290,9.0290,9.0290,9.0290,9.0290,9.0290,9.0290,9.0290,9.0290,9.0290,9.0290,9.0290,9.0290,9.0290,9.0290,9.0290,9.0290,9.0290,9.0290,9.0290,9.0290,9.0290,9.0290,9.0290,9.0290,9.0290,9.0290,9.0290,9.0290,9.0290,9.0290,9.0290,9.0290,9.0290,9.0290,9.0290,9.0290,9.0290,9.0290,9.0290,9.0290,9.0290,9.0290,9.0290,9.0290,9.0290,9.0290,9.0290,9.0290,9.0290,9.0290,9.0290,9.0290,9.0290,9.0290,9.0290,9.0290,9.0290,9.0290,9.0290,9.0290,9.0290,9.0290,9.0290,9.0290,9.0290,9.0290,9.0290,9.0290,9.0290,9.0290,9.0290,9.0290,9.0290,9.0290,9.0290,9.0290,9.0290,9.0290,9.0290,9.0290,9.0290,9.0290,9.0290,9.0290,9.0290,9.0290,9.0290,9.0290,9.0290,9.0290,9.0290,9.0290,9.0290,9.0290,9.0290,9.0290,9.0290,9.0290,9.0290,9.0290,9.0290,9.0290,9.0290,9.0290,9.0290,9.0290,9.0290,9.0290,9.0290,9.0290,9.0290,9.0290,9.0290,9.0290,9.0290,9.0290,9.0290,9.0290,9.0290,9.0290,9.0290,9.0290,9.0290,9.0290,9.0290,9.0290,9.0290,9.0290,9.0290,9.0290,9.0290,9.0290,9.0290,9.0290,9.0290,9.0290,9.0290,9.0290,9.0290,9.0290,9.0290,9.0290,9.0290,9.0290,9.0290,9.0290,9.0290,9.0290,9.0290,9.0290,9.0290,9.0290,9.0290,9.0290,9.0290,9.0290,9.0290,9.0290,9.0290,9.0290,9.0290,9.0290,9.0290,9.0290,9.0290,9.0290,9.0290,9.0290,9.0290
9.0193,9.0193,9.0193,9.0193,9.0193,9.0193,9.0193,9.0193,9.0193,9.0193,9.0193,9.0193,9.0193,9.0193,9.0193,9.0193,9.0193,9.0193,9.0193,9.0193,9.0193,9.0193,9.0193,9.0193,9.0193,9.0193,9.0193,9.0193,9.0193,9.0193,9.0193,9.0193,9.0193,9.0193,9.0193,9.0193,9.0193,9.0193,9.0193,9.0193,9.0193,9.0193,9.0193,9.0193,9.0193,9.0193,9.0193,9.0193,9.0193,9.0193,9.0193,9.0193,9.0193,9.0193,9.0193,9.0193,9.0193,9.0193,9.0193,9.0193,9.0193,9.0193,9.0193,9.0193,9.0193,9.0193,9.0193,9.0193,9.0193,9.0193,9.0193,9.0193,9.0193,9.0193,9.0193,9.0193,9.0193,9.0193,9.0193,9.0193,9.0193,9.0193,9.0193,9.0193,9.0193,9.0193,9.0193,9.0193,9.0193,9.0193,9.0193,9.0193,9.0193,9.0193,9.0193,9.0193,9.0193,9.0193,9.0193,9.0193,9.0193,9.0193,9.0193,9.0193,9.0193,9.0193,9.0193,9.0193,9.0193,9.0193,9.0193,9.0193,9.0193,9.0193,9.0193,9.0193,9.0193,9.0193,9.0193,9.0193,9.0193,9.0193,9.0193,9.0193,9.0193,9.0193,9.0193,9.0193,9.0193,9.0193,9.0193,9.0193,9.0193,9.0193,9.0193,9.0193,9.0193,9.0193,9.0193,9.0193,9.0193,9.0193,9.0193,9.0193,9.0193,9.0193,9.0193,9.0193,9.0193,9.0193,9.0193,9.0193,9.0193,9.0193,9.0193,9.0193,9.0193,9.0193,9.0193,9.0193,9.0193,9.0193,9.0193,9.0193,9.0193,9.0193,9.0193,9.0193,9.0193,9.0193,9.0193,9.0193,9.0193,9.0193,9.0193,9.0193,9.0193,9.0193,9.0193,9.0193,9.0193,9.0193,9.0193,9.0193,9.0193,9.0193,9.0193,9.0193,9.0193,9.0193,9.0193,9.0193,9.0193,9.0193,9.0193,9.0193,9.0193,9.0193,9.0193,9.0193,9.0193,9.0193,9.0193,9.0193,9.0193,9.0193,9.0193,9.0193,9.0193,9.0193,9.0193,9.0193,9.0193,9.0193,9.0193,9.0193,9.0193,9.0193,9.0193,9.0193,9.0193,9.0193,9.0193,9.0193,9.0193,9.0193,9.0193,9.0193,9.0193,9.0193,9.0193,9.0193,9.0193,9.0193,9.0193,9.0193,9.0193,9.0193,9.0193,9.0193,9.0193,9.0193,9.0193,9.0193,9.0193,9.0193,9.0193,9.0193,9.0193,9.0193,9.0193,9.0193,9.0193,9.0193,9.0193,9.0193,9.0193,9.0193,9.0193,9.0193,9.0193,9.0193,9.0193,9.0193,9.0193,9.0193,9.0193,9.0193,9.0193,9.0193,9.0193,9.0193,9.0193,9.0193,9.0193,9.0193,9.0193,9.0193,9.0193,9.0193,9.0193,9.0193,9.0193,9.0193,9.0193,9.0193,9.0193,9.0193,9.0193,9.0193,9.0193,9.0193,9.0193,9.0193,9.0193,9.0193,9.0193,9.0193,9.0193,9.0193,9.0193,9.0193,9.0193,9.0193,9.0193,9.0193,9.0193,9.0193,9.0193,9.0193,9.0193,9.0193,9.0193,9.0193,9.0193,9.0193,9.0193,9.0193,9.0193,9.0193,9.0193,9.0193,9.0193,9.0193,9.0193,9.0193,9.0193,9.0193,9.0193,9.0193,9.0193,9.0193,9.0193,9.0193,9.0193,9.0193,9.0193,9.0193,9.0193,9.0193,9.0193,9.0193,9.0193,9.0193,9.0193,9.0193,9.0193,9.0193,9.0193,9.0193,9.0193,9.0193,9.0193,9.0193,9.0193,9.0193,9.0193,9.0193,9.0193,9.0193,9.0193,9.0193,9.0193,9.0193,9.0193,9.0193,9.0193,9.0193,9.0193,9.0193,9.0193,9.0193,9.0193,9.0193,9.0193,9.0193,9.0193,9.0193,9.0193,9.0193,9.0193,9.0193,9.0193,9.0193,9.0193,9.0193,9.0193,9.0193,9.0193,9.0193,9.0193,9.0193,9.0193,9.0193,9.0193,9.0193,9.0193,9.0193,9.0193,9.0193,9.0193,9.0193,9.0193,9.0193,9.0193,9.0193,9.0193,9.0193,9.0193,9.0193,9.0193,9.0193,9.0193,9.0193,9.0193,9.0193,9.0193,9.0193,9.0193,9.0193,9.0193,9.0193,9.0193,9.0193,9.0193,9.0193,9.0193,9.0193,9.0193,9.0193,9.0193,9.0193,9.0193,9.0193,9.0193,9.0193,9.0193,9.0193,9.0193,9.0193,9.0193,9.0193,9.0193,9.0193,9.0193,9.0193,9.0193,9.0193,9.0193,9.0193,9.0193,9.0193,9.0193,9.0193,9.0193,9.0193,9.0193,9.0193,9.0193,9.0193,9.0193,9.0193,9.0193,9.0193,9.0193,9.0193,9.0193,9.0193,9.0193,9.0193,9.0193,9.0193,9.0193,9.0193,9.0193,9.0193,9.0193,9.0193,9.0193,9.0193,9.0193,9.0193,9.0193,9.0193,9.0193,9.0193,9.0193,9.0193,9.0193,9.0193,9.0193,9.0193,9.0193,9.0193,9.0193,9.0193,9.0193,9.0193,9.0193,9.0193,9.0193,9.0193,9.0193,9.0193,9.0193,9.0193,9.0193,9.0193,9.0193,9.0193,9.0193,9.0193,9.0193,9.0193,9.0193,9.0193,9.0193,9.0193,9.0193,9.0193,9.0193,9.0193,9.0193,9.0193,9.0193,9.0193,9.0193,9.0193,9.0193,9.0193,9.0193,9.0193,9.0193,9.0193,9.0193,9.0193,9.0193,9.0193,9.0193,9.0193,9.0193,9.0193,9.0193,9.0193,9.0193,9.0193,9.0193,9.0193,9.0193,9.0193,9.0193,9.0193,9.0193,9.0193,9.0193,9.0193,9.0193,9.0193,9.0193,9.0193,9.0193,9.0193,9.0193,9.0193,9.0193,9.0193,9.0193,9.0193,9.0193,9.0193,9.0193,9.0193,9.0193,9.0193,9.0193,9.0193,9.0193,9.0193,9.0193,9.0193,9.0193,9.0193,9.0193,9.0193,9.0193,9.0193,9.0193,9.0193,9.0193,9.0193,9.0193,9.0193,9.0193,9.0193,9.0193,9.0193,9.0193,9.0193,9.0193,9.0193,9.0193,9.0193,9.0193,9.0193,9.0193,9.0193,9.0193,9.0193,9.0193,9.0193,9.0193,9.0193,9.0193,9.0193,9.0193,9.0193,9.0193,9.0193,9.0193,9.0193,9.0193,9.0193,9.0193,9.0193,9.0193,9.0193,9.0193,9.0193,9.0193,9.0193,9.0193,9.0193,9.0193,9.0193,9.0193,9.0193,9.0193,9.0193,9.0193,9.0193,9.0193,9.0193,9.0193,9.0193,9.0193,9.0193,9.0193,9.0193,9.0193,9.0193,9.0193,9.0193,9.0193,9.0193,9.0193,9.0193,9.0193,9.0193,9.0193,9.0193,9.0193,9.0193,9.0193,9.0193,9.0193,9.0193,9.0193,9.0193,9.0193,9.0193,9.0193,9.0193,9.0193,9.0193,9.0193,9.0193,9.0193,9.0193,9.0193,9.0193,9.0193,9.0193,9.0193,9.0193,9.0193,9.0193,9.0193,9.0193,9.0193,9.0193,9.0193,9.0193,9.0193,9.0193,9.0193,9.0193,9.0193,9.0193,9.0193,9.0193,9.0193,9.0193,9.0193,9.0193,9.0193,9.0193,9.0193,9.0193,9.0193,9.0193,9.0193,9.0193,9.0193,9.0193,9.0193,9.0193,9.0193,9.0193,9.0193,9.0193,9.0193,9.0193,9.0193,9.0193,9.0193,9.0193,9.0193,9.0193,9.0193,9.0193,9.0193,9.0193,9.0193,9.0193,9.0193,9.0193,9.0193,9.0193,9.0193,9.0193,9.0193,9.0193,9.0193,9.0193,9.0193,9.0193,9.0193,9.0193,9.0193,9.0193,9.0193,9.0193,9.0193,9.0193,9.0193,9.0193,9.0193,9.0193,9.0193,9.0193,9.0193,9.0193,9.0193,9.0193,9.0193,9.0193,9.0193,9.0193,9.0193,9.0193,9.0193,9.0193,9.0193,9.0193,9.0193,9.0193,9.0193,9.0193,9.0193,9.0193,9.0193,9.0193,9.0193,9.0193,9.0193,9.0193,9.0193,9.0193,9.0193,9.0193,9.0193,9.0193,9.0193,9.0193,9.0193,9.0193,9.0193,9.0193,9.0193,9.0193,9.0193,9.0193,9.0193,9.0193,9.0193,9.0193,9.0193,9.0193,9.0193,9.0193,9.0193,9.0193,9.0193,9.0193,9.0193,9.0193,9.0193,9.0193,9.0193,9.0193,9.0193,9.0193,9.0193,9.0193,9.0193,9.0193,9.0193,9.0193,9.0193,9.0193,9.0193,9.0193,9.0193,9.0193,9.0193,9.0193,9.0193,9.0193,9.0193,9.0193,9.0193,9.0193,9.0193,9.0193,9.0193,9.0193,9.0193,9.0193,9.0193,9.0193,9.0193,9.0193,9.0193,9.0193,9.0193,9.0193,9.0193,9.0193,9.0193,9.0193,9.0193,9.0193,9.0193,9.0193,9.0193,9.0193,9.0193,9.0193,9.0193,9.0193,9.0193,9.0193,9.0193,9.0193,9.0193,9.0193,9.0193,9.0193,9.0193,9.0193,9.0193,9.0193,9.0193,9.0193,9.0193,9.0193,9.0193,9.0193,9.0193,9.0193,9.0193,9.0193,9.0193,9.0193,9.0193,9.0193,9.0193,9.0193,9.0193,9.0193,9.0193,9.0193,9.0193,9.0193,9.0193,9.0193,9.0193,9.0193,9.0193,9.0193,9.0193,9.0193,9.0193,9.0193,9.0193,9.0193,9.0193,9.0193,9.0193,9.0193,9.0193,9.0193,9.0193,9.0193,9.0193,9.0193,9.0193,9.0193,9.0193,9.0193,9.0193,9.0193,9.0193,9.0193,9.0193,9.0193,9.0193,9.0193,9.0193,9.0193,9.0193,9.0193,9.0193,9.0193,9.0193,9.0193,9.0193,9.0193,9.0193,9.0193,9.0193,9.0193,9.0193,9.0193,9.0193,9.0193,9.0193,9.0193,9.0193,9.0193
9.0111,9.0111,9.0111,9.0111,9.0111,9.0111,9.0111,9.0111,9.0111,9.0111,9.0111,9.0111,9.0111,9.0111,9.0111,9.0111,9.0111,9.0111,9.0111,9.0111,9.0111,9.0111,9.0111,9.0111,9.0111,9.0111,9.0111,9.0111,9.0111,9.0111,9.0111,9.0111,9.0111,9.0111,9.0111,9.0111,9.0111,9.0111,9.0111,9.0111,9.0111,9.0111,9.0111,9.0111,9.0111,9.0111,9.0111,9.0111,9.0111,9.0111,9.0111,9.0111,9.0111,9.0111,9.0111,9.0111,9.0111,9.0111,9.0111,9.0111,9.0111,9.0111,9.0111,9.0111,9.0111,9.0111,9.0111,9.0111,9.0111,9.0111,9.0111,9.0111,9.0111,9.0111,9.0111,9.0111,9.0111,9.0111,9.0111,9.0111,9.0111,9.0111,9.0111,9.0111,9.0111,9.0111,9.0111,9.0111,9.0111,9.0111,9.0111,9.0111,9.0111,9.0111,9.0111,9.0111,9.0111,9.0111,9.0111,9.0111,9.0111,9.0111,9.0111,9.0111,9.0111,9.0111,9.0111,9.0111,9.0111,9.0111,9.0111,9.0111,9.0111,9.0111,9.0111,9.0111,9.0111,9.0111,9.0111,9.0111,9.0111,9.0111,9.0111,9.0111,9.0111,9.0111,9.0111,9.0111,9.0111,9.0111,9.0111,9.0111,9.0111,9.0111,9.0111,9.0111,9.0111,9.0111,9.0111,9.0111,9.0111,9.0111,9.0111,9.0111,9.0111,9.0111,9.0111,9.0111,9.0111,9.0111,9.0111,9.0111,9.0111,9.0111,9.0111,9.0111,9.0111,9.0111,9.0111,9.0111,9.0111,9.0111,9.0111,9.0111,9.0111,9.0111,9.0111,9.0111,9.0111,9.0111,9.0111,9.0111,9.0111,9.0111,9.0111,9.0111,9.0111,9.0111,9.0111,9.0111,9.0111,9.0111,9.0111,9.0111,9.0111,9.0111,9.0111,9.0111,9.0111,9.0111,9.0111,9.0111,9.0111,9.0111,9.0111,9.0111,9.0111,9.0111,9.0111,9.0111,9.0111,9.0111,9.0111,9.0111,9.0111,9.0111,9.0111,9.0111,9.0111,9.0111,9.0111,9.0111,9.0111,9.0111,9.0111,9.0111,9.0111,9.0111,9.0111,9.0111,9.0111,9.0111,9.0111,9.0111,9.0111,9.0111,9.0111,9.0111,9.0111,9.0111,9.0111,9.0111,9.0111,9.0111,9.0111,9.0111,9.0111,9.0111,9.0111,9.0111,9.0111,9.0111,9.0111,9.0111,9.0111,9.0111,9.0111,9.0111,9.0111,9.0111,9.0111,9.0111,9.0111,9.0111,9.0111,9.0111,9.0111,9.0111,9.0111,9.0111,9.0111,9.0111,9.0111,9.0111,9.0111,9.0111,9.0111,9.0111,9.0111,9.0111,9.0111,9.0111,9.0111,9.0111,9.0111,9.0111,9.0111,9.0111,9.0111,9.0111,9.0111,9.0111,9.0111,9.0111,9.0111,9.0111,9.0111,9.0111,9.0111,9.0111,9.0111,9.0111,9.0111,9.0111,9.0111,9.0111,9.0111,9.0111,9.0111,9.0111,9.0111,9.0111,9.0111,9.0111,9.0111,9.0111,9.0111,9.0111,9.0111,9.0111,9.0111,9.0111,9.0111,9.0111,9.0111,9.0111,9.0111,9.0111,9.0111,9.0111,9.0111,9.0111,9.0111,9.0111,9.0111,9.0111,9.0111,9.0111,9.0111,9.0111,9.0111,9.0111,9.0111,9.0111,9.0111,9.0111,9.0111,9.0111,9.0111,9.0111,9.0111,9.0111,9.0111,9.0111,9.0111,9.0111,9.0111,9.0111,9.0111,9.0111,9.0101,9.0101,9.0101,9.0101,9.0101,9.0101,9.0101,9.0101,9.0101,9.0101,9.0101,9.0101,9.0101,9.0101,9.0101,9.0101,9.0101,9.0101,9.0101,9.0101,9.0101,9.0101,9.0101,9.0101,9.0101,9.0101,9.0101,9.0101,9.0101,9.0101,9.0101,9.0101,9.0101,9.0101,9.0101,9.0101,9.0101,9.0101,9.0101,9.0101,9.0101,9.0101,9.0101,9.0101,9.0101,9.0101,9.0101,9.0101,9.0101,9.0101,9.0101,9.0101,9.0101,9.0101,9.0101,9.0101,9.0101,9.0101,9.0101,9.0101,9.0101,9.0101,9.0101,9.0101,9.0101,9.0101,9.0101,9.0101,9.0101,9.0101,9.0101,9.0101,9.0101,9.0101,9.0101,9.0101,9.0101,9.0101,9.0101,9.0101,9.0101,9.0101,9.0101,9.0101,9.0101,9.0101,9.0101,9.0101,9.0101,9.0101,9.0101,9.0101,9.0101,9.0101,9.0101,9.0101,9.0101,9.0101,9.0101,9.0101,9.0101,9.0101,9.0101,9.0101,9.0101,9.0101,9.0101,9.0101,9.0101,9.0101,9.0101,9.0101,9.0101,9.0101,9.0101,9.0101,9.0101,9.0101,9.0101,9.0101,9.0101,9.0101,9.0101,9.0101,9.0101,9.0101,9.0101,9.0101,9.0101,9.0101,9.0101,9.0101,9.0101,9.0101,9.0101,9.0101,9.0101,9.0101,9.0101,9.0101,9.0101,9.0101,9.0101,9.0101,9.0101,9.0101,9.0101,9.0101,9.0101,9.0101,9.0101,9.0101,9.0101,9.0101,9.0101,9.0101,9.0101,9.0101,9.0101,9.0101,9.0101,9.0101,9.0101,9.0101,9.0101,9.0101,9.0101,9.0101,9.0101,9.0101,9.0101,9.0101,9.0101,9.0101,9.0101,9.0101,9.0101,9.0101,9.0101,9.0101,9.0101,9.0101,9.0101,9.0101,9.0101,9.0101,9.0101,9.0101,9.0101,9.0101,9.0101,9.0101,9.0101,9.0101,9.0101,9.0101,9.0101,9.0101,9.0101,9.0101,9.0101,9.0101,9.0101,9.0101,9.0101,9.0101,9.0101,9.0101,9.0101,9.0101,9.0101,9.0101,9.0101,9.0101,9.0101,9.0101,9.0101,9.0101,9.0101,9.0101,9.0101,9.0101,9.0101,9.0101,9.0101,9.0101,9.0101,9.0101,9.0101,9.0101,9.0101,9.0101,9.0101,9.0101,9.0101,9.0101,9.0101,9.0101,9.0101,9.0101,9.0101,9.0101,9.0101,9.0101,9.0101,9.0101,9.0101,9.0101,9.0101,9.0101,9.0101,9.0101,9.0101,9.0101,9.0101,9.0101,9.0101,9.0101,9.0101,9.0101,9.0101,9.0101,9.0101,9.0101,9.0101,9.0101,9.0101,9.0101,9.0101,9.0101,9.0101,9.0101,9.0101,9.0101,9.0101,9.0101,9.0101,9.0101,9.0101,9.0101,9.0101,9.0101,9.0101,9.0101,9.0101,9.0101,9.0101,9.0101,9.0101,9.0101,9.0101,9.0101,9.0101,9.0101,9.0101,9.0101,9.0101,9.0101,9.0101,9.0101,9.0101,9.0101,9.0101,9.0101,9.0101,9.0101,9.0101,9.0101,9.0101,9.0101,9.0101,9.0101,9.0101,9.0101,9.0101,9.0101,9.0101,9.0101,9.0101,9.0101,9.0101,9.0101,9.0101,9.0101,9.0101,9.0101,9.0101,9.0101,9.0101,9.0101,9.0101,9.0101,9.0101,9.0101,9.0101,9.0101,9.0101,9.0101,9.0101,9.0101,9.0101,9.0101,9.0101,9.0101,9.0101,9.0101,9.0101,9.0101,9.0101,9.0101,9.0101,9.0101,9.0101,9.0101,9.0101,9.0101,9.0101,9.0101,9.0101,9.0101,9.0101,9.0101,9.0101,9.0101,9.0101,9.0101,9.0101,9.0101,9.0101,9.0101,9.0101,9.0101,9.0101,9.0101,9.0101,9.0101,9.0101,9.0101,9.0101,9.0101,9.0101,9.0101,9.0101,9.0101,9.0101,9.0101,9.0101,9.0101,9.0101,9.0101,9.0101,9.0101,9.0101,9.0101,9.0101,9.0101,9.0101,9.0101,9.0101,9.0101,9.0101,9.0101,9.0101,9.0101,9.0101,9.0101,9.0101,9.0101,9.0101,9.0101,9.0101,9.0101,9.0101,9.0101,9.0101,9.0101,9.0101,9.0101,9.0101,9.0101,9.0101,9.0101,9.0101,9.0101,9.0101,9.0101,9.0101,9.0101,9.0101,9.0101,9.0101,9.0101,9.0101,9.0101,9.0101,9.0101,9.0101,9.0101,9.0101,9.0101,9.0101,9.0101,9.0101,9.0101,9.0101,9.0101,9.0101,9.0101,9.0101,9.0101,9.0101,9.0101,9.0101,9.0101,9.0101,9.0101,9.0101,9.0101,9.0101,9.0101,9.0101,9.0101,9.0101,9.0101,9.0101,9.0101,9.0101,9.0101,9.0101,9.0101,9.0101,9.0101,9.0101,9.0101,9.0101,9.0101,9.0101,9.0101,9.0101,9.0101,9.0101,9.0101,9.0101,9.0101,9.0101,9.0101,9.0101,9.0101,9.0101,9.0101,9.0101,9.0101,9.0101,9.0101,9.0101,9.0101,9.0101,9.0101,9.0101,9.0101,9.0101,9.0101,9.0101,9.0101,9.0101,9.0101,9.0101,9.0101,9.0101,9.0101,9.0101,9.0101,9.0101,9.0101,9.0101,9.0101,9.0101,9.0101,9.0101,9.0101,9.0101,9.0101,9.0101,9.0101,9.0101,9.0101,9.0101,9.0101,9.0101,9.0101,9.0101,9.0101,9.0101,9.0101,9.0101,9.0101,9.0101,9.0101,9.0101,9.0101,9.0101,9.0101,9.0101,9.0101,9.0101,9.0101,9.0101,9.0101,9.0101,9.0101,9.0101,9.0101,9.0101,9.0101,9.0101,9.0101,9.0101,9.0101,9.0101,9.0101,9.0101,9.0101,9.0101,9.0101,9.0101,9.0101,9.0101,9.0101,9.0101,9.0101,9.0101,9.0101,9.0101,9.0101,9.0101,9.0101,9.0101,9.0101,9.0101,9.0101,9.0101,9.0101,9.0101,9.0101,9.0101,9.0101,9.0101,9.0101,9.0101,9.0101,9.0101,9.0101,9.0101,9.0101,9.0101,9.0101,9.0101,9.0101,9.0101,9.0101,9.0101,9.0101,9.0101,9.0101,9.0101,9.0101,9.0101,9.0101,9.0101,9.0101
9.0019,9.0019,9.0019,9.0019,9.0019,9.0019,9.0019,9.0019,9.0019,9.0019,9.0019,9.0019,9.0019,9.0019,9.0019,9.0019,9.0019,9.0019,9.0019,9.0019,9.0019,9.0019,9.0019,9.0019,9.0019,9.0019,9.0019,9.0019,9.0019,9.0019,9.0019,9.0019,9.0019,9.0019,9.0019,9.0019,9.0019,9.0019,9.0019,9.0019,9.0019,9.0019,9.0019,9.0019,9.0019,9.0019,9.0019,9.0019,9.0019,9.0019,9.0019,9.0019,9.0019,9.0019,9.0019,9.0019,9.0019,9.0019,9.0019,9.0019,9.0019,9.0019,9.0019,9.0019,9.0019,9.0019,9.0019,9.0019,9.0019,9.0019,9.0019,9.0019,9.0019,9.0019,9.0019,9.0019,9.0019,9.0019,9.0019,9.0019,9.0019,9.0019,9.0019,9.0019,9.0019,9.0019,9.0019,9.0019,9.0019,9.0019,9.0019,9.0019,9.0019,9.0019,9.0019,9.0019,9.0019,9.0019,9.0019,9.0019,9.0019,9.0019,9.0019,9.0019,9.0019,9.0019,9.0019,9.0019,9.0019,9.0019,9.0019,9.0019,9.0019,9.0019,9.0019,9.0019,9.0019,9.0019,9.0019,9.0019,9.0019,9.0019,9.0019,9.0019,9.0019,9.0019,9.0019,9.0019,9.0019,9.0019,9.0019,9.0019,9.0019,9.0019,9.0019,9.0019,9.0019,9.0019,9.0019,9.0019,9.0019,9.0019,9.0019,9.0019,9.0019,9.0019,9.0019,9.0019,9.0019,9.0019,9.0019,9.0019,9.0019,9.0019,9.0019,9.0019,9.0019,9.0019,9.0019,9.0019,9.0019,9.0019,9.0019,9.0019,9.0019,9.0019,9.0019,9.0019,9.0019,9.0019,9.0019,9.0019,9.0019,9.0019,9.0019,9.0019,9.0019,9.0019,9.0019,9.0019,9.0019,9.0019,9.0019,9.0019,9.0019,9.0019,9.0019,9.0019,9.0019,9.0019,9.0019,9.0019,9.0019,9.0019,9.0019,9.0019,9.0019,9.0019,9.0019,9.0019,9.0019,9.0019,9.0019,9.0019,9.0019,9.0019,9.0019,9.0019,9.0019,9.0019,9.0019,9.0019,9.0019,9.0019,9.0019,9.0019,9.0019,9.0019,9.0019,9.0019,9.0019,9.0019,9.0019,9.0019,9.0019,9.0019,9.0019,9.0019,9.0019,9.0019,9.0019,9.0019,9.0019,9.0019,9.0019,9.0019,9.0019,9.0019,9.0019,9.0019,9.0019,9.0019,9.0019,9.0019,9.0019,9.0019,9.0019,9.0019,9.0019,9.0019,9.0019,9.0019,9.0019,9.0019,9.0019,9.0019,9.0019,9.0019,9.0019,9.0019,9.0019,9.0019,9.0019,9.0019,9.0019,9.0019,9.0019,9.0019,9.0019,9.0019,9.0019,9.0019,9.0019,9.0019,9.0019,9.0019,9.0019,9.0019,9.0019,9.0019,9.0019,9.0019,9.0019,9.0019,9.0019,9.0019,9.0019,9.0019,9.0019,9.0019,9.0019,9.0019,9.0019,9.0019,9.0019,9.0019,9.0019,9.0019,9.0019,9.0019,9.0019,9.0019,9.0019,9.0019,9.0019,9.0019,9.0019,9.0019,9.0019,9.0019,9.0019,9.0019,9.0019,9.0019,9.0019,9.0019,9.0019,9.0019,9.0019,9.0019,9.0019,9.0019,9.0019,9.0019,9.0019,9.0019,9.0019,9.0019,9.0019,9.0019,9.0019,9.0019,9.0019,9.0019,9.0019,9.0019,9.0019,9.0019,9.0019,9.0019,9.0019,9.0019,9.0019,9.0019,9.0019,9.0019,9.0019,9.0019,9.0019,9.0019,9.0019,9.0019,9.0019,9.0019,9.0019,9.0019,9.0019,9.0019,9.0019,9.0019,9.0019,9.0019,9.0019,9.0019,9.0019,9.0019,9.0019,9.0019,9.0019,9.0019,9.0019,9.0019,9.0019,9.0019,9.0019,9.0019,9.0019,9.0019,9.0019,9.0019,9.0019,9.0019,9.0019,9.0019,9.0019,9.0019,9.0019,9.0019,9.0019,9.0019,9.0019,9.0019,9.0019,9.0019,9.0019,9.0019,9.0019,9.0019,9.0019,9.0019,9.0019,9.0019,9.0019,9.0019,9.0019,9.0019,9.0019,9.0019,9.0019,9.0019,9.0019,9.0019,9.0019,9.0019,9.0019,9.0019,9.0019,9.0019,9.0019,9.0019,9.0019,9.0019,9.0019,9.0019,9.0019,9.0019,9.0019,9.0019,9.0019,9.0019,9.0019,9.0019,9.0019,9.0019,9.0019,9.0019,9.0019,9.0019,9.0019,9.0019,9.0019,9.0019,9.0019,9.0019,9.0019,9.0019,9.0019,9.0019,9.0019,9.0019,9.0019,9.0019,9.0019,9.0019,9.0019,9.0019,9.0019,9.0019,9.0019,9.0019,9.0019,9.0019,9.0019,9.0019,9.0019,9.0019,9.0019,9.0019,9.0019,9.0019,9.0019,9.0019,9.0019,9.0019,9.0019,9.0019,9.0019,9.0019,9.0019,9.0019,9.0019,9.0019,9.0019,9.0019,9.0019,9.0019,9.0019,9.0019,9.0019,9.0019,9.0019,9.0019,9.0019,9.0019,9.0019,9.0019,9.0019,9.0019,9.0019,9.0019,9.0019,9.0019,9.0019,9.0019,9.0019,9.0019,9.0019,9.0019,9.0019,9.0019,9.0019,9.0019,9.0019,9.0019,9.0019,9.0019,9.0019,9.0019,9.0019,9.0019,9.0019,9.0019,9.0019,9.0019,9.0019,9.0019,9.0019,9.0019,9.0019,9.0019,9.0019,9.0019,9.0019,9.0019,9.0019,9.0019,9.0019,9.0019,9.0019,9.0019,9.0019,9.0019,9.0019,9.0019,9.0019,9.0019,9.0019,9.0019,9.0019,9.0019,9.0019,9.0019,9.0019,9.0019,9.0019,9.0019,9.0019,9.0019,9.0019,9.0019,9.0019,9.0019,9.0019,9.0019,9.0019,9.0019,9.0019,9.0019,9.0019,9.0019,9.0019,9.0019,9.0019,9.0019,9.0019,9.0019,9.0019,9.0019,9.0019,9.0019,9.0019,9.0019,9.0019,9.0019,9.0019,9.0019,9.0019,9.0019,9.0019,9.0019,9.0019,9.0019,9.0019,9.0019,9.0019,9.0019,9.0019,9.0019,9.0019,9.0019,9.0019,9.0019,9.0019,9.0019,9.0019,9.0019,9.0019,9.0019,9.0019,9.0019,9.0019,9.0019,9.0019,9.0019,9.0019,9.0019,9.0019,9.0019,9.0019,9.0019,9.0019,9.0019,9.0019,9.0019,9.0019,9.0019,9.0019,9.0019,9.0019,9.0019,9.0019,9.0019,9.0019,9.0019,9.0019,9.0019,9.0019,9.0019,9.0019,9.0019,9.0019,9.0019,9.0019,9.0019,9.0019,9.0019,9.0019,9.0019,9.0019,9.0019,9.0019,9.0019,9.0019,9.0019,9.0019,9.0019,9.0019,9.0019,9.0019,9.0019,9.0019,9.0019,9.0019,9.0019,9.0019,9.0019,9.0019,9.0019,9.0019,9.0019,9.0019,9.0019,9.0019,9.0019,9.0019,9.0019,9.0019,9.0019,9.0019,9.0019,9.0019,9.0019,9.0019,9.0019,9.0019,9.0019,9.0019,9.0019,9.0019,9.0019,9.0019,9.0019,9.0019,9.0019,9.0019,9.0019,9.0019,9.0019,9.0019,9.0019,9.0019,9.0019,9.0019,9.0019,9.0019,9.0019,9.0019,9.0019,9.0019,9.0019,9.0019,9.0019,9.0019,9.0019,9.0019,9.0019,9.0019,9.0019,9.0019,9.0019,9.0019,9.0019,9.0019,9.0019,9.0019,9.0019,9.0019,9.0019,9.0019,9.0019,9.0019,9.0019,9.0019,9.0019,9.0019,9.0019,9.0019,9.0019,9.0019,9.0019,9.0019,9.0019,9.0019,9.0019,9.0019,9.0019,9.0019,9.0019,9.0019,9.0019,9.0019,9.0019,9.0019,9.0019,9.0019,9.0019,9.0019,9.0019,9.0019,9.0019,9.0019,9.0019,9.0019,9.0019,9.0019,9.0019,9.0019,9.0019,9.0019,9.0019,9.0019,9.0019,9.0019,9.0019,9.0019,9.0019,9.0019,9.0019,9.0019,9.0019,9.0019,9.0019,9.0019,9.0019,9.0019,9.0019,9.0019,9.0019,9.0019,9.0019,9.0019,9.0019,9.0019,9.0019,9.0019,9.0019,9.0019,9.0019,9.0019,9.0019,9.0019,9.0019,9.0019,9.0019,9.0019,9.0019,9.0019,9.0019,9.0019,9.0019,9.0019,9.0019,9.0019,9.0019,9.0019,9.0019,9.0019,9.0019,9.0019,9.0019,9.0019,9.0019,9.0019,9.0019,9.0019,9.0019,9.0019,9.0019,9.0019,9.0019,9.0019,9.0019,9.0019,9.0019,9.0019,9.0019,9.0019,9.0019,9.0019,9.0019,9.0019,9.0019,9.0019,9.0019,9.0019,9.0019,9.0019,9.0019,9.0019,9.0019,9.0019,9.0019,9.0019,9.0019,9.0019,9.0019,9.0019,9.0019,9.0019,9.0019,9.0019,9.0019,9.0019,9.0019,9.0019,9.0019,9.0019,9.0019,9.0019,9.0019,9.0019,9.0019,9.0019,9.0019,9.0019,9.0019,9.0019,9.0019,9.0019,9.0019,9.0019,9.0019,9.0019,9.0019,9.0019,9.0019,9.0019,9.0019,9.0019,9.0019,9.0019,9.0019,9.0019,9.0019,9.0019,9.0019,9.0019,9.0019,9.0019,9.0019,9.0019,9.0019,9.0019,9.0019,9.0019,9.0019,9.0019,9.0019,9.0019,9.0019,9.0019,9.0019,9.0019,9.0019,9.0019,9.0019,9.0019,9.0019,9.0019,9.0019,9.0019,9.0019,9.0019,9.0019,9.0019,9.0019,9.0019,9.0019,9.0019,9.0019,9.0019,9.0019,9.0019,9.0019,9.0019,9.0019,9.0019,9.0019,9.0019,9.0019,9.0019,9.0019,9.0019,9.0019,9.0019,9.0019,9.0019,9.0019,9.0019,9.0019,9.0019,9.0019,9.0019,9.0019,9.0019,9.0019,9.0019,9.0019,9.0019,9.0019
8.9923,8.9923,8.9923,8.9923,8.9923,8.9923,8.9923,8.9923,8.9923,8.9923,8.9923,8.9923,8.9923,8.9923,8.9923,8.9923,8.9923,8.9923,8.9923,8.9923,8.9923,8.9923,8.9923,8.9923,8.9923,8.9923,8.9923,8.9923,8.9923,8.9923,8.9923,8.9923,8.9923,8.9923,8.9923,8.9923,8.9923,8.9923,8.9923,8.9923,8.9923,8.9923,8.9923,8.9923,8.9923,8.9923,8.9923,8.9923,8.9923,8.9923,8.9923,8.9923,8.9923,8.9923,8.9923,8.9923,8.9923,8.9923,8.9923,8.9923,8.9923,8.9923,8.9923,8.9923,8.9923,8.9923,8.9923,8.9923,8.9923,8.9923,8.9923,8.9923,8.9923,8.9923,8.9923,8.9923,8.9923,8.9923,8.9923,8.9923,8.9923,8.9923,8.9923,8.9923,8.9923,8.9923,8.9923,8.9923,8.9923,8.9923,8.9923,8.9923,8.9923,8.9923,8.9923,8.9923,8.9923,8.9923,8.9923,8.9923,8.9923,8.9923,8.9923,8.9923,8.9923,8.9923,8.9923,8.9923,8.9923,8.9923,8.9923,8.9923,8.9923,8.9923,8.9923,8.9923,8.9923,8.9923,8.9923,8.9923,8.9923,8.9923,8.9923,8.9923,8.9923,8.9923,8.9923,8.9923,8.9923,8.9923,8.9923,8.9923,8.9923,8.9923,8.9923,8.9923,8.9923,8.9923,8.9923,8.9923,8.9923,8.9923,8.9923,8.9923,8.9923,8.9923,8.9923,8.9923,8.9923,8.9923,8.9923,8.9923,8.9923,8.9923,8.9923,8.9923,8.9923,8.9923,8.9923,8.9923,8.9923,8.9923,8.9923,8.9923,8.9923,8.9923,8.9923,8.9923,8.9923,8.9923,8.9923,8.9923,8.9923,8.9923,8.9923,8.9923,8.9923,8.9923,8.9923,8.9923,8.9923,8.9923,8.9923,8.9923,8.9923,8.9923,8.9923,8.9923,8.9923,8.9923,8.9923,8.9923,8.9923,8.9923,8.9923,8.9923,8.9923,8.9923,8.9923,8.9923,8.9923,8.9923,8.9923,8.9923,8.9923,8.9923,8.9923,8.9923,8.9923,8.9923,8.9923,8.9923,8.9923,8.9923,8.9923,8.9923,8.9923,8.9923,8.9923,8.9923,8.9923,8.9923,8.9923,8.9923,8.9923,8.9923,8.9923,8.9923,8.9923,8.9923,8.9923,8.9923,8.9923,8.9923,8.9923,8.9923,8.9923,8.9923,8.9923,8.9923,8.9923,8.9923,8.9923,8.9923,8.9923,8.9923,8.9923,8.9923,8.9923,8.9923,8.9923,8.9923,8.9923,8.9923,8.9923,8.9923,8.9923,8.9923,8.9923,8.9923,8.9923,8.9923,8.9923,8.9923,8.9923,8.9923,8.9923,8.9923,8.9923,8.9923,8.9923,8.9923,8.9923,8.9923,8.9923,8.9923,8.9923,8.9923,8.9923,8.9923,8.9923,8.9923,8.9923,8.9923,8.9923,8.9923,8.9923,8.9923,8.9923,8.9923,8.9923,8.9923,8.9923,8.9923,8.9923,8.9923,8.9923,8.9923,8.9923,8.9923,8.9923,8.9923,8.9923,8.9923,8.9923,8.9923,8.9923,8.9923,8.9923,8.9923,8.9923,8.9923,8.9923,8.9923,8.9923,8.9923,8.9923,8.9923,8.9923,8.9923,8.9923,8.9923,8.9923,8.9923,8.9923,8.9923,8.9923,8.9923,8.9923,8.9923,8.9923,8.9923,8.9923,8.9923,8.9923,8.9923,8.9923,8.9923,8.9923,8.9923,8.9923,8.9923,8.9923,8.9923,8.9923,8.9923,8.9923,8.9923,8.9923,8.9923,8.9923,8.9923,8.9923,8.9923,8.9923,8.9923,8.9923,8.9923,8.9923,8.9923,8.9923,8.9923,8.9923,8.9923,8.9923,8.9923,8.9923,8.9923,8.9923,8.9923,8.9923,8.9923,8.9923,8.9923,8.9923,8.9923,8.9923,8.9923,8.9923,8.9923,8.9923,8.9923,8.9923,8.9923,8.9923,8.9923,8.9923,8.9923,8.9923,8.9923,8.9923,8.9923,8.9923,8.9923,8.9923,8.9923,8.9923,8.9923,8.9923,8.9923,8.9923,8.9923,8.9923,8.9923,8.9923,8.9923,8.9923,8.9923,8.9923,8.9923,8.9923,8.9923,8.9923,8.9923,8.9923,8.9923,8.9923,8.9923,8.9923,8.9923,8.9923,8.9923,8.9923,8.9923,8.9923,8.9923,8.9923,8.9923,8.9923,8.9923,8.9923,8.9923,8.9923,8.9923,8.9923,8.9923,8.9923,8.9923,8.9923,8.9923,8.9923,8.9923,8.9923,8.9923,8.9923,8.9923,8.9923,8.9923,8.9923,8.9923,8.9923,8.9923,8.9923,8.9923,8.9923,8.9923,8.9923,8.9923,8.9923,8.9923,8.9923,8.9923,8.9923,8.9923,8.9923,8.9923,8.9923,8.9923,8.9923,8.9923,8.9923,8.9923,8.9923,8.9923,8.9923,8.9923,8.9923,8.9923,8.9923,8.9923,8.9923,8.9923,8.9923,8.9923,8.9923,8.9923,8.9923,8.9923,8.9923,8.9923,8.9923,8.9923,8.9923,8.9923,8.9923,8.9923,8.9923,8.9923,8.9923,8.9923,8.9923,8.9923,8.9923,8.9923,8.9923,8.9923,8.9923,8.9923,8.9923,8.9923,8.9923,8.9923,8.9923,8.9923,8.9923,8.9923,8.9923,8.9923,8.9923,8.9923,8.9923,8.9923,8.9923,8.9923,8.9923,8.9923,8.9923,8.9923,8.9923,8.9923,8.9923,8.9923,8.9923,8.9923,8.9923,8.9923,8.9923,8.9923,8.9923,8.9923,8.9923,8.9923,8.9923,8.9923,8.9923,8.9923,8.9923,8.9923,8.9923,8.9923,8.9923,8.9923,8.9923,8.9923,8.9923,8.9923,8.9923,8.9923,8.9923,8.9923,8.9923,8.9923,8.9923,8.9923,8.9923,8.9923,8.9923,8.9923,8.9923,8.9923,8.9923,8.9923,8.9923,8.9923,8.9923,8.9923,8.9923,8.9923,8.9923,8.9923,8.9923,8.9923,8.9923,8.9923,8.9923,8.9923,8.9923,8.9923,8.9923,8.9923,8.9923,8.9923,8.9923,8.9923,8.9923,8.9923,8.9923,8.9923,8.9923,8.9923,8.9923,8.9923,8.9923,8.9923,8.9923,8.9923,8.9923,8.9923,8.9923,8.9923,8.9923,8.9923,8.9923,8.9923,8.9923,8.9923,8.9923,8.9923,8.9923,8.9923,8.9923,8.9923,8.9923,8.9923,8.9923,8.9923,8.9923,8.9923,8.9923,8.9923,8.9923,8.9923,8.9923,8.9923,8.9923,8.9923,8.9923,8.9923,8.9923,8.9923,8.9923,8.9923,8.9923,8.9923,8.9923,8.9923,8.9923,8.9923,8.9923,8.9923,8.9923,8.9923,8.9923,8.9923,8.9923,8.9923,8.9923,8.9923,8.9923,8.9923,8.9923,8.9923,8.9923,8.9923,8.9923,8.9923,8.9923,8.9923,8.9923,8.9923,8.9923,8.9923,8.9923,8.9923,8.9923,8.9923,8.9923,8.9923,8.9923,8.9923,8.9923,8.9923,8.9923,8.9923,8.9923,8.9923,8.9923,8.9923,8.9923,8.9923,8.9923,8.9923,8.9923,8.9923,8.9923,8.9923,8.9923,8.9923,8.9923,8.9923,8.9923,8.9923,8.9923,8.9923,8.9923,8.9923,8.9923,8.9923,8.9923,8.9923,8.9923,8.9923,8.9923,8.9923,8.9923,8.9923,8.9923,8.9923,8.9923,8.9923,8.9923,8.9923,8.9923,8.9923,8.9923,8.9923,8.9923,8.9923,8.9923,8.9923,8.9923,8.9923,8.9923,8.9923,8.9923,8.9923,8.9923,8.9923,8.9923,8.9923,8.9923,8.9923,8.9923,8.9923,8.9923,8.9923,8.9923,8.9923,8.9923,8.9923,8.9923,8.9923,8.9923,8.9923,8.9923,8.9923,8.9923,8.9923,8.9923,8.9923,8.9923,8.9923,8.9923,8.9923,8.9923,8.9923,8.9923,8.9923,8.9923,8.9923,8.9923,8.9923,8.9923,8.9923,8.9923,8.9923,8.9923,8.9923,8.9923,8.9923,8.9923,8.9923,8.9923,8.9923,8.9923,8.9923,8.9923,8.9923,8.9923,8.9923,8.9923,8.9923,8.9923,8.9923,8.9923,8.9923,8.9923,8.9923,8.9923,8.9923,8.9923,8.9923,8.9923,8.9923,8.9923,8.9923,8.9923,8.9923,8.9923,8.9923,8.9923,8.9923,8.9923,8.9923,8.9923,8.9923,8.9923,8.9923,8.9923,8.9923,8.9923,8.9923,8.9923,8.9923,8.9923,8.9923,8.9923,8.9923,8.9923,8.9923,8.9923,8.9923,8.9923,8.9923,8.9923,8.9923,8.9923,8.9923,8.9923,8.9923,8.9923,8.9923,8.9923,8.9923,8.9923,8.9923,8.9923,8.9923,8.9923,8.9923,8.9923,8.9923,8.9923,8.9923,8.9923,8.9923,8.9923,8.9923,8.9923,8.9923,8.9923,8.9923,8.9923,8.9923,8.9923,8.9923,8.9923,8.9923,8.9923,8.9923,8.9923,8.9923,8.9923,8.9923,8.9923,8.9923,8.9923,8.9923,8.9923,8.9923,8.9923,8.9923,8.9923,8.9923,8.9923,8.9923,8.9923,8.9923,8.9923,8.9923,8.9923,8.9923,8.9923,8.9923,8.9923,8.9923,8.9923,8.9923,8.9923,8.9923,8.9923,8.9923,8.9923,8.9923,8.9923,8.9923,8.9923,8.9923,8.9923,8.9923,8.9923,8.9923,8.9923,8.9923,8.9923,8.9923,8.9923,8.9923,8.9923,8.9923,8.9923,8.9923,8.9923,8.9923,8.9923,8.9923,8.9923,8.9923,8.9923,8.9923,8.9923,8.9923,8.9923,8.9923,8.9923,8.9923,8.9923,8.9923,8.9923,8.9923,8.9923,8.9923,8.9923,8.9923,8.9923,8.9923,8.9923,8.9923,8.9923,8.9923,8.9923,8.9923,8.9923,8.9923,8.9923,8.9923,8.9923,8.9923,8.9923,8.9923
8.9832,8.9832,8.9832,8.9832,8.9832,8.9832,8.9832,8.9832,8.9832,8.9832,8.9832,8.9832,8.9832,8.9832,8.9832,8.9832,8.9832,8.9832,8.9832,8.9832,8.9832,8.9832,8.9832,8.9832,8.9832,8.9832,8.9832,8.9832,8.9832,8.9832,8.9832,8.9832,8.9832,8.9832,8.9832,8.9832,8.9832,8.9832,8.9832,8.9832,8.9832,8.9832,8.9832,8.9832,8.9832,8.9832,8.9832,8.9832,8.9832,8.9832,8.9832,8.9832,8.9832,8.9832,8.9832,8.9832,8.9832,8.9832,8.9832,8.9832,8.9832,8.9832,8.9832,8.9832,8.9832,8.9832,8.9832,8.9832,8.9832,8.9832,8.9832,8.9832,8.9832,8.9832,8.9832,8.9832,8.9832,8.9832,8.9832,8.9832,8.9832,8.9832,8.9832,8.9832,8.9832,8.9832,8.9832,8.9832,8.9832,8.9832,8.9832,8.9832,8.9832,8.9832,8.9832,8.9832,8.9832,8.9832,8.9832,8.9832,8.9832,8.9832,8.9832,8.9832,8.9832,8.9832,8.9832,8.9832,8.9832,8.9832,8.9832,8.9832,8.9832,8.9832,8.9832,8.9832,8.9832,8.9832,8.9832,8.9832,8.9832,8.9832,8.9832,8.9832,8.9832,8.9832,8.9832,8.9832,8.9832,8.9832,8.9832,8.9832,8.9832,8.9832,8.9832,8.9832,8.9832,8.9832,8.9832,8.9832,8.9832,8.9832,8.9832,8.9832,8.9832,8.9832,8.9832,8.9832,8.9832,8.9832,8.9832,8.9832,8.9832,8.9832,8.9832,8.9832,8.9832,8.9832,8.9832,8.9832,8.9832,8.9832,8.9832,8.9832,8.9832,8.9832,8.9832,8.9832,8.9832,8.9832,8.9832,8.9832,8.9832,8.9832,8.9832,8.9832,8.9832,8.9832,8.9832,8.9832,8.9832,8.9832,8.9832,8.9832,8.9832,8.9832,8.9832,8.9832,8.9832,8.9832,8.9832,8.9832,8.9832,8.9832,8.9832,8.9832,8.9832,8.9832,8.9832,8.9832,8.9832,8.9832,8.9832,8.9832,8.9832,8.9832,8.9832,8.9832,8.9832,8.9832,8.9832,8.9832,8.9832,8.9832,8.9832,8.9832,8.9832,8.9832,8.9832,8.9832,8.9832,8.9832,8.9832,8.9832,8.9832,8.9832,8.9832,8.9832,8.9832,8.9832,8.9832,8.9832,8.9832,8.9832,8.9832,8.9832,8.9832,8.9832,8.9832,8.9832,8.9832,8.9832,8.9832,8.9832,8.9832,8.9832,8.9832,8.9832,8.9832,8.9832,8.9832,8.9832,8.9832,8.9832,8.9832,8.9832,8.9832,8.9832,8.9832,8.9832,8.9832,8.9832,8.9832,8.9832,8.9832,8.9832,8.9832,8.9832,8.9832,8.9832,8.9832,8.9832,8.9832,8.9832,8.9832,8.9832,8.9832,8.9832,8.9832,8.9832,8.9832,8.9832,8.9832,8.9832,8.9832,8.9832,8.9832,8.9832,8.9832,8.9832,8.9832,8.9832,8.9832,8.9832,8.9832,8.9832,8.9832,8.9832,8.9832,8.9832,8.9832,8.9832,8.9832,8.9832,8.9832,8.9832,8.9832,8.9832,8.9832,8.9832,8.9832,8.9832,8.9832,8.9832,8.9832,8.9832,8.9832,8.9832,8.9832,8.9832,8.9832,8.9832,8.9832,8.9832,8.9832,8.9832,8.9832,8.9832,8.9832,8.9832,8.9832,8.9832,8.9832,8.9832,8.9832,8.9832,8.9832,8.9832,8.9832,8.9832,8.9832,8.9832,8.9832,8.9832,8.9832,8.9832,8.9832,8.9832,8.9832,8.9832,8.9832,8.9832,8.9832,8.9832,8.9832,8.9832,8.9832,8.9832,8.9832,8.9832,8.9832,8.9832,8.9832,8.9832,8.9832,8.9832,8.9832,8.9832,8.9832,8.9832,8.9832,8.9832,8.9832,8.9832,8.9832,8.9832,8.9832,8.9832,8.9832,8.9832,8.9832,8.9832,8.9832,8.9832,8.9832,8.9832,8.9832,8.9832,8.9832,8.9832,8.9832,8.9832,8.9832,8.9832,8.9832,8.9832,8.9832,8.9832,8.9832,8.9832,8.9832,8.9832,8.9832,8.9832,8.9832,8.9832,8.9832,8.9832,8.9832,8.9832,8.9832,8.9832,8.9832,8.9832,8.9832,8.9832,8.9832,8.9832,8.9832,8.9832,8.9832,8.9832,8.9832,8.9832,8.9832,8.9832,8.9832,8.9832,8.9832,8.9832,8.9832,8.9832,8.9832,8.9832,8.9832,8.9832,8.9832,8.9832,8.9832,8.9832,8.9832,8.9832,8.9832,8.9832,8.9832,8.9832,8.9832,8.9832,8.9832,8.9832,8.9832,8.9832,8.9832,8.9832,8.9832,8.9832,8.9832,8.9832,8.9832,8.9832,8.9832,8.9832,8.9832,8.9832,8.9832,8.9832,8.9832,8.9832,8.9832,8.9832,8.9832,8.9832,8.9832,8.9832,8.9832,8.9832,8.9832,8.9832,8.9832,8.9832,8.9832,8.9832,8.9832,8.9832,8.9832,8.9832,8.9832,8.9832,8.9832,8.9832,8.9832,8.9832,8.9832,8.9832,8.9832,8.9832,8.9832,8.9832,8.9832,8.9832,8.9832,8.9832,8.9832,8.9832,8.9832,8.9832,8.9832,8.9832,8.9832,8.9832,8.9832,8.9832,8.9832,8.9832,8.9832,8.9832,8.9832,8.9832,8.9832,8.9832,8.9832,8.9832,8.9832,8.9832,8.9832,8.9832,8.9832,8.9832,8.9832,8.9832,8.9832,8.9832,8.9832,8.9832,8.9832,8.9832,8.9832,8.9832,8.9832,8.9832,8.9832,8.9832,8.9832,8.9832,8.9832,8.9832,8.9832,8.9832,8.9832,8.9832,8.9832,8.9832,8.9832,8.9832,8.9832,8.9832,8.9832,8.9832,8.9832,8.9832,8.9832,8.9832,8.9832,8.9832,8.9832,8.9832,8.9832,8.9832,8.9832,8.9832,8.9832,8.9832,8.9832,8.9832,8.9832,8.9832,8.9832,8.9832,8.9832,8.9832,8.9832,8.9832,8.9832,8.9832,8.9832,8.9832,8.9832,8.9832,8.9832,8.9832,8.9832,8.9832,8.9832,8.9832,8.9832,8.9832,8.9832,8.9832,8.9832,8.9832,8.9832,8.9832,8.9832,8.9832,8.9832,8.9832,8.9832,8.9832,8.9832,8.9832,8.9832,8.9832,8.9832,8.9832,8.9832,8.9832,8.9832,8.9832,8.9832,8.9832,8.9832,8.9832,8.9832,8.9832,8.9832,8.9832,8.9832,8.9832,8.9832,8.9832,8.9832,8.9832,8.9832,8.9832,8.9832,8.9832,8.9832,8.9832,8.9832,8.9832,8.9832,8.9832,8.9832,8.9832,8.9832,8.9832,8.9832,8.9832,8.9832,8.9832,8.9832,8.9832,8.9832,8.9832,8.9832,8.9832,8.9832,8.9832,8.9832,8.9832,8.9832,8.9832,8.9832,8.9832,8.9832,8.9832,8.9832,8.9832,8.9832,8.9832,8.9832,8.9832,8.9832,8.9832,8.9832,8.9832,8.9832,8.9832,8.9832,8.9832,8.9832,8.9832,8.9832,8.9832,8.9832,8.9832,8.9832,8.9832,8.9832,8.9832,8.9832,8.9832,8.9832,8.9832,8.9832,8.9832,8.9832,8.9832,8.9832,8.9832,8.9832,8.9832,8.9832,8.9832,8.9832,8.9832,8.9832,8.9832,8.9832,8.9832,8.9832,8.9832,8.9832,8.9832,8.9832,8.9832,8.9832,8.9832,8.9832,8.9832,8.9832,8.9832,8.9832,8.9832,8.9832,8.9832,8.9832,8.9832,8.9832,8.9832,8.9832,8.9832,8.9832,8.9832,8.9832,8.9832,8.9832,8.9832,8.9832,8.9832,8.9832,8.9832,8.9832,8.9832,8.9832,8.9832,8.9832,8.9832,8.9832,8.9832,8.9832,8.9832,8.9832,8.9832,8.9832,8.9832,8.9832,8.9832,8.9832,8.9832,8.9832,8.9832,8.9832,8.9832,8.9832,8.9832,8.9832,8.9832,8.9832,8.9832,8.9832,8.9832,8.9832,8.9832,8.9832,8.9832,8.9832,8.9832,8.9832,8.9832,8.9832,8.9832,8.9832,8.9832,8.9832,8.9832,8.9832,8.9832,8.9832,8.9832,8.9832,8.9832,8.9832,8.9832,8.9832,8.9832,8.9832,8.9832,8.9832,8.9832,8.9832,8.9832,8.9832,8.9832,8.9832,8.9832,8.9832,8.9832,8.9832,8.9832,8.9832,8.9832,8.9832,8.9832,8.9832,8.9832,8.9832,8.9832,8.9832,8.9832,8.9832,8.9832,8.9832,8.9832,8.9832,8.9832,8.9832,8.9832,8.9832,8.9832,8.9832,8.9832,8.9832,8.9832,8.9832,8.9832,8.9832,8.9832,8.9832,8.9832,8.9832,8.9832,8.9832,8.9832,8.9832,8.9832,8.9832,8.9832,8.9832,8.9832,8.9832,8.9832,8.9832,8.9832,8.9832,8.9832,8.9832,8.9832,8.9832,8.9832,8.9832,8.9832,8.9832,8.9832,8.9832,8.9832,8.9832,8.9832,8.9832,8.9832,8.9832,8.9832,8.9832,8.9832,8.9832,8.9832,8.9832,8.9832,8.9832,8.9832,8.9832,8.9832,8.9832,8.9832,8.9832,8.9832,8.9832,8.9832,8.9832,8.9832,8.9832,8.9832,8.9832,8.9832,8.9832,8.9832,8.9832,8.9832,8.9832,8.9832,8.9832,8.9832,8.9832,8.9832,8.9832,8.9832,8.9832,8.9832,8.9832,8.9832,8.9832,8.9832,8.9832,8.9832,8.9832,8.9832,8.9832,8.9832,8.9832,8.9832,8.9832,8.9832,8.9832,8.9832,8.9832,8.9832,8.9832,8.9832,8.9832,8.9832,8.9832,8.9832,8.9832,8.9832,8.9832,8.9832,8.9832,8.9832,8.9832,8.9832,8.9832,8.9832,8.9832,8.9832,8.9832,8.9832,8.9832,8.9832,8.9832,8.9832,8.9832,8.9832,8.9832,8.9832,8.9832,8.9832,8.9832,8.9832,8.9832,8.9832
8.9740,8.9740,8.9740,8.9740,8.9740,8.9740,8.9740,8.9740,8.9740,8.9740,8.9740,8.9740,8.9740,8.9740,8.9740,8.9740,8.9740,8.9740,8.9740,8.9740,8.9740,8.9740,8.9740,8.9740,8.9740,8.9740,8.9740,8.9740,8.9740,8.9740,8.9740,8.9740,8.9740,8.9740,8.9740,8.9740,8.9740,8.9740,8.9740,8.9740,8.9740,8.9740,8.9740,8.9740,8.9740,8.9740,8.9740,8.9740,8.9740,8.9740,8.9740,8.9740,8.9740,8.9740,8.9740,8.9740,8.9740,8.9740,8.9740,8.9740,8.9740,8.9740,8.9740,8.9740,8.9740,8.9740,8.9740,8.9740,8.9740,8.9740,8.9740,8.9740,8.9740,8.9740,8.9740,8.9740,8.9740,8.9740,8.9740,8.9740,8.9740,8.9740,8.9740,8.9740,8.9740,8.9740,8.9740,8.9740,8.9740,8.9740,8.9740,8.9740,8.9740,8.9740,8.9740,8.9740,8.9740,8.9740,8.9740,8.9740,8.9740,8.9740,8.9740,8.9740,8.9740,8.9740,8.9740,8.9740,8.9740,8.9740,8.9740,8.9740,8.9740,8.9740,8.9740,8.9740,8.9740,8.9740,8.9740,8.9740,8.9740,8.9740,8.9740,8.9740,8.9740,8.9740,8.9740,8.9740,8.9740,8.9740,8.9740,8.9740,8.9740,8.9740,8.9740,8.9740,8.9740,8.9740,8.9740,8.9740,8.9740,8.9740,8.9740,8.9740,8.9740,8.9740,8.9740,8.9740,8.9740,8.9740,8.9740,8.9740,8.9740,8.9740,8.9740,8.9740,8.9740,8.9740,8.9740,8.9740,8.9740,8.9740,8.9740,8.9740,8.9740,8.9740,8.9740,8.9740,8.9740,8.9740,8.9740,8.9740,8.9740,8.9740,8.9740,8.9740,8.9740,8.9740,8.9740,8.9740,8.9740,8.9740,8.9740,8.9740,8.9740,8.9740,8.9740,8.9740,8.9740,8.9740,8.9740,8.9740,8.9740,8.9740,8.9740,8.9740,8.9740,8.9740,8.9740,8.9740,8.9740,8.9740,8.9740,8.9740,8.9740,8.9740,8.9740,8.9740,8.9740,8.9740,8.9740,8.9740,8.9740,8.9740,8.9740,8.9740,8.9740,8.9740,8.9740,8.9740,8.9740,8.9740,8.9740,8.9740,8.9740,8.9740,8.9740,8.9740,8.9740,8.9740,8.9740,8.9740,8.9740,8.9740,8.9740,8.9740,8.9740,8.9740,8.9740,8.9740,8.9740,8.9740,8.9740,8.9740,8.9740,8.9740,8.9740,8.9740,8.9740,8.9740,8.9740,8.9740,8.9740,8.9740,8.9740,8.9740,8.9740,8.9740,8.9740,8.9740,8.9740,8.9740,8.9740,8.9740,8.9740,8.9740,8.9740,8.9740,8.9740,8.9740,8.9740,8.9740,8.9740,8.9740,8.9740,8.9740,8.9740,8.9740,8.9740,8.9740,8.9740,8.9740,8.9740,8.9740,8.9740,8.9740,8.9740,8.9740,8.9740,8.9740,8.9740,8.9740,8.9740,8.9740,8.9740,8.9740,8.9740,8.9740,8.9740,8.9740,8.9740,8.9740,8.9740,8.9740,8.9740,8.9740,8.9740,8.9740,8.9740,8.9740,8.9740,8.9740,8.9740,8.9740,8.9740,8.9740,8.9740,8.9740,8.9740,8.9740,8.9740,8.9740,8.9740,8.9740,8.9740,8.9740,8.9740,8.9740,8.9740,8.9740,8.9740,8.9740,8.9740,8.9740,8.9740,8.9740,8.9740,8.9740,8.9740,8.9740,8.9740,8.9740,8.9740,8.9740,8.9740,8.9740,8.9740,8.9740,8.9740,8.9740,8.9740,8.9740,8.9740,8.9740,8.9740,8.9740,8.9740,8.9740,8.9740,8.9740,8.9740,8.9740,8.9740,8.9740,8.9740,8.9740,8.9740,8.9740,8.9740,8.9740,8.9740,8.9740,8.9740,8.9740,8.9740,8.9740,8.9740,8.9740,8.9740,8.9740,8.9740,8.9740,8.9740,8.9740,8.9740,8.9740,8.9740,8.9740,8.9740,8.9740,8.9740,8.9740,8.9740,8.9740,8.9740,8.9740,8.9740,8.9740,8.9740,8.9740,8.9740,8.9740,8.9740,8.9740,8.9740,8.9740,8.9740,8.9740,8.9740,8.9740,8.9740,8.9740,8.9740,8.9740,8.9740,8.9740,8.9740,8.9740,8.9740,8.9740,8.9740,8.9740,8.9740,8.9740,8.9740,8.9740,8.9740,8.9740,8.9740,8.9740,8.9740,8.9740,8.9740,8.9740,8.9740,8.9740,8.9740,8.9740,8.9740,8.9740,8.9740,8.9740,8.9740,8.9740,8.9740,8.9740,8.9740,8.9740,8.9740,8.9740,8.9740,8.9740,8.9740,8.9740,8.9740,8.9740,8.9740,8.9740,8.9740,8.9740,8.9740,8.9740,8.9740,8.9740,8.9740,8.9740,8.9740,8.9740,8.9740,8.9740,8.9740,8.9740,8.9740,8.9740,8.9740,8.9740,8.9740,8.9740,8.9740,8.9740,8.9740,8.9740,8.9740,8.9740,8.9740,8.9740,8.9740,8.9740,8.9740,8.9740,8.9740,8.9740,8.9740,8.9740,8.9740,8.9740,8.9740,8.9740,8.9740,8.9740,8.9740,8.9740,8.9740,8.9740,8.9740,8.9740,8.9740,8.9740,8.9740,8.9740,8.9740,8.9740,8.9740,8.9740,8.9740,8.9740,8.9740,8.9740,8.9740,8.9740,8.9740,8.9740,8.9740,8.9740,8.9740,8.9740,8.9740,8.9740,8.9740,8.9740,8.9740,8.9740,8.9740,8.9740,8.9740,8.9740,8.9740,8.9740,8.9740,8.9740,8.9740,8.9740,8.9740,8.9740,8.9740,8.9740,8.9740,8.9740,8.9740,8.9740,8.9740,8.9740,8.9740,8.9740,8.9740,8.9740,8.9740,8.9740,8.9740,8.9740,8.9740,8.9740,8.9740,8.9740,8.9740,8.9740,8.9740,8.9740,8.9740,8.9740,8.9740,8.9740,8.9740,8.9740,8.9740,8.9740,8.9740,8.9740,8.9740,8.9740,8.9740,8.9740,8.9740,8.9740,8.9740,8.9740,8.9740,8.9740,8.9740,8.9740,8.9740,8.9740,8.9740,8.9740,8.9740,8.9740,8.9740,8.9740,8.9740,8.9740,8.9740,8.9740,8.9740,8.9740,8.9740,8.9740,8.9740,8.9740,8.9740,8.9740,8.9740,8.9740,8.9740,8.9740,8.9740,8.9740,8.9740,8.9740,8.9740,8.9740,8.9740,8.9740,8.9740,8.9740,8.9740,8.9740,8.9740,8.9740,8.9740,8.9740,8.9740,8.9740,8.9740,8.9740,8.9740,8.9740,8.9740,8.9740,8.9740,8.9740,8.9740,8.9740,8.9740,8.9740,8.9740,8.9740,8.9740,8.9740,8.9740,8.9740,8.9740,8.9740,8.9740,8.9740,8.9740,8.9740,8.9740,8.9740,8.9740,8.9740,8.9740,8.9740,8.9740,8.9740,8.9740,8.9740,8.9740,8.9740,8.9740,8.9740,8.9740,8.9740,8.9740,8.9740,8.9740,8.9740,8.9740,8.9740,8.9740,8.9740,8.9740,8.9740,8.9740,8.9740,8.9740,8.9740,8.9740,8.9740,8.9740,8.9740,8.9740,8.9740,8.9740,8.9740,8.9740,8.9740,8.9740,8.9740,8.9740,8.9740,8.9740,8.9740,8.9740,8.9740,8.9740,8.9740,8.9740,8.9740,8.9740,8.9740,8.9740,8.9740,8.9740,8.9740,8.9740,8.9740,8.9740,8.9740,8.9740,8.9740,8.9740,8.9740,8.9740,8.9740,8.9740,8.9740,8.9740,8.9740,8.9740,8.9740,8.9740,8.9740,8.9740,8.9740,8.9740,8.9740,8.9740,8.9740,8.9740,8.9740,8.9740,8.9740,8.9740,8.9740,8.9740,8.9740,8.9740,8.9740,8.9740,8.9740,8.9740,8.9740,8.9740,8.9740,8.9740,8.9740,8.9740,8.9740,8.9740,8.9740,8.9740,8.9740,8.9740,8.9740,8.9740,8.9740,8.9740,8.9740,8.9740,8.9740,8.9740,8.9740,8.9740,8.9740,8.9740,8.9740,8.9740,8.9740,8.9740,8.9740,8.9740,8.9740,8.9740,8.9740,8.9740,8.9740,8.9740,8.9740,8.9740,8.9740,8.9740,8.9740,8.9740,8.9740,8.9740,8.9740,8.9740,8.9740,8.9740,8.9740,8.9740,8.9740,8.9740,8.9740,8.9740,8.9740,8.9740,8.9740,8.9740,8.9740,8.9740,8.9740,8.9740,8.9740,8.9740,8.9740,8.9740,8.9740,8.9740,8.9740,8.9740,8.9740,8.9740,8.9740,8.9740,8.9740,8.9740,8.9740,8.9740,8.9740,8.9740,8.9740,8.9740,8.9740,8.9740,8.9740,8.9740,8.9740,8.9740,8.9740,8.9740,8.9740,8.9740,8.9740,8.9740,8.9740,8.9740,8.9740,8.9740,8.9740,8.9740,8.9740,8.9740,8.9740,8.9740,8.9740,8.9740,8.9740,8.9740,8.9740,8.9740,8.9740,8.9740,8.9740,8.9740,8.9740,8.9740,8.9740,8.9740,8.9740,8.9740,8.9740,8.9740,8.9740,8.9740,8.9740,8.9740,8.9740,8.9740,8.9740,8.9740,8.9740,8.9740,8.9740,8.9740,8.9740,8.9740,8.9740,8.9740,8.9740,8.9740,8.9740,8.9740,8.9740,8.9740,8.9740,8.9740,8.9740,8.9740,8.9740,8.9740,8.9740,8.9740,8.9740,8.9740,8.9740,8.9740,8.9740,8.9740,8.9740,8.9740,8.9740,8.9740,8.9740,8.9740,8.9740,8.9740,8.9740,8.9740,8.9740,8.9740,8.9740,8.9740,8.9740,8.9740,8.9740,8.9740,8.9740,8.9740,8.9740,8.9740,8.9740,8.9740,8.9740,8.9740,8.9740,8.9740,8.9740,8.9740,8.9740,8.9740,8.9740,8.9740,8.9740,8.9740,8.9740,8.9740,8.9740,8.9740,8.9740,8.9740,8.9740,8.9740,8.9740,8.9740,8.9740,8.9740,8.9740,8.9740,8.9740
8.9654,8.9654,8.9654,8.9654,8.9654,8.9654,8.9654,8.9654,8.9654,8.9654,8.9654,8.9654,8.9654,8.9654,8.9654,8.9654,8.9654,8.9654,8.9654,8.9654,8.9654,8.9654,8.9654,8.9654,8.9654,8.9654,8.9654,8.9654,8.9654,8.9654,8.9654,8.9654,8.9654,8.9654,8.9654,8.9654,8.9654,8.9654,8.9654,8.9654,8.9654,8.9654,8.9654,8.9654,8.9654,8.9654,8.9654,8.9654,8.9654,8.9654,8.9654,8.9654,8.9654,8.9654,8.9654,8.9654,8.9654,8.9654,8.9654,8.9654,8.9654,8.9654,8.9654,8.9654,8.9654,8.9654,8.9654,8.9654,8.9654,8.9654,8.9654,8.9654,8.9654,8.9654,8.9654,8.9654,8.9654,8.9654,8.9654,8.9654,8.9654,8.9654,8.9654,8.9654,8.9654,8.9654,8.9654,8.9654,8.9654,8.9654,8.9654,8.9654,8.9654,8.9654,8.9654,8.9654,8.9654,8.9654,8.9654,8.9654,8.9654,8.9654,8.9654,8.9654,8.9654,8.9654,8.9654,8.9654,8.9654,8.9654,8.9654,8.9654,8.9654,8.9654,8.9654,8.9654,8.9654,8.9654,8.9654,8.9654,8.9654,8.9654,8.9654,8.9654,8.9654,8.9654,8.9654,8.9654,8.9654,8.9654,8.9654,8.9654,8.9654,8.9654,8.9654,8.9654,8.9654,8.9654,8.9654,8.9654,8.9654,8.9654,8.9654,8.9654,8.9654,8.9654,8.9654,8.9654,8.9654,8.9654,8.9654,8.9654,8.9654,8.9654,8.9654,8.9654,8.9654,8.9654,8.9654,8.9654,8.9654,8.9654,8.9654,8.9654,8.9654,8.9654,8.9654,8.9654,8.9654,8.9654,8.9654,8.9654,8.9654,8.9654,8.9654,8.9654,8.9654,8.9654,8.9654,8.9654,8.9654,8.9654,8.9654,8.9654,8.9654,8.9654,8.9654,8.9654,8.9654,8.9654,8.9654,8.9654,8.9654,8.9654,8.9654,8.9654,8.9654,8.9654,8.9654,8.9654,8.9654,8.9654,8.9654,8.9654,8.9654,8.9654,8.9654,8.9654,8.9654,8.9654,8.9654,8.9654,8.9654,8.9654,8.9654,8.9654,8.9654,8.9654,8.9654,8.9654,8.9654,8.9654,8.9654,8.9654,8.9654,8.9654,8.9654,8.9654,8.9654,8.9654,8.9654,8.9654,8.9654,8.9654,8.9654,8.9654,8.9654,8.9654,8.9654,8.9654,8.9654,8.9654,8.9654,8.9654,8.9654,8.9654,8.9654,8.9654,8.9654,8.9654,8.9654,8.9654,8.9654,8.9654,8.9654,8.9654,8.9654,8.9654,8.9654,8.9654,8.9654,8.9654,8.9654,8.9654,8.9654,8.9654,8.9654,8.9654,8.9654,8.9654,8.9654,8.9654,8.9654,8.9654,8.9654,8.9654,8.9654,8.9654,8.9654,8.9654,8.9654,8.9654,8.9654,8.9654,8.9654,8.9654,8.9654,8.9654,8.9654,8.9654,8.9654,8.9654,8.9654,8.9654,8.9654,8.9654,8.9654,8.9654,8.9654,8.9654,8.9654,8.9654,8.9654,8.9654,8.9654,8.9654,8.9654,8.9654,8.9654,8.9654,8.9654,8.9654,8.9654,8.9654,8.9654,8.9654,8.9654,8.9654,8.9654,8.9654,8.9654,8.9654,8.9654,8.9654,8.9654,8.9654,8.9654,8.9654,8.9654,8.9654,8.9654,8.9654,8.9654,8.9654,8.9654,8.9654,8.9654,8.9654,8.9654,8.9654,8.9654,8.9654,8.9654,8.9654,8.9654,8.9654,8.9654,8.9654,8.9654,8.9654,8.9654,8.9654,8.9654,8.9654,8.9654,8.9654,8.9654,8.9654,8.9654,8.9654,8.9654,8.9654,8.9654,8.9654,8.9654,8.9654,8.9654,8.9654,8.9654,8.9654,8.9654,8.9654,8.9654,8.9654,8.9654,8.9654,8.9654,8.9654,8.9654,8.9654,8.9654,8.9654,8.9654,8.9654,8.9654,8.9654,8.9654,8.9654,8.9654,8.9654,8.9654,8.9654,8.9654,8.9654,8.9654,8.9654,8.9654,8.9654,8.9654,8.9654,8.9654,8.9654,8.9654,8.9654,8.9654,8.9654,8.9654,8.9654,8.9654,8.9654,8.9654,8.9654,8.9654,8.9654,8.9654,8.9654,8.9654,8.9654,8.9654,8.9654,8.9654,8.9654,8.9654,8.9654,8.9654,8.9654,8.9654,8.9654,8.9654,8.9654,8.9654,8.9654,8.9654,8.9654,8.9654,8.9654,8.9654,8.9654,8.9654,8.9654,8.9654,8.9654,8.9654,8.9654,8.9654,8.9654,8.9654,8.9654,8.9654,8.9654,8.9654,8.9654,8.9654,8.9654,8.9654,8.9654,8.9654,8.9654,8.9654,8.9654,8.9654,8.9654,8.9654,8.9654,8.9654,8.9654,8.9654,8.9654,8.9654,8.9654,8.9654,8.9654,8.9654,8.9654,8.9654,8.9654,8.9654,8.9654,8.9654,8.9654,8.9654,8.9654,8.9654,8.9654,8.9654,8.9654,8.9654,8.9654,8.9654,8.9654,8.9654,8.9654,8.9654,8.9654,8.9654,8.9654,8.9654,8.9654,8.9654,8.9654,8.9654,8.9654,8.9654,8.9654,8.9654,8.9654,8.9654,8.9654,8.9654,8.9654,8.9654,8.9654,8.9654,8.9654,8.9654,8.9654,8.9654,8.9654,8.9654,8.9654,8.9654,8.9654,8.9654,8.9654,8.9654,8.9654,8.9654,8.9654,8.9654,8.9654,8.9654,8.9654,8.9654,8.9654,8.9654,8.9654,8.9654,8.9654,8.9654,8.9654,8.9654,8.9654,8.9654,8.9654,8.9654,8.9654,8.9654,8.9654,8.9654,8.9654,8.9654,8.9654,8.9654,8.9654,8.9654,8.9654,8.9654,8.9654,8.9654,8.9654,8.9654,8.9654,8.9654,8.9654,8.9654,8.9654,8.9654,8.9654,8.9654,8.9654,8.9654,8.9654,8.9654,8.9654,8.9654,8.9654,8.9654,8.9654,8.9654,8.9654,8.9654,8.9654,8.9654,8.9654,8.9654,8.9654,8.9654,8.9654,8.9654,8.9654,8.9654,8.9654,8.9654,8.9654,8.9654,8.9654,8.9654,8.9654,8.9654,8.9654,8.9654,8.9654,8.9654,8.9654,8.9654,8.9654,8.9654,8.9654,8.9654,8.9654,8.9654,8.9654,8.9654,8.9654,8.9654,8.9654,8.9654,8.9654,8.9654,8.9654,8.9654,8.9654,8.9654,8.9654,8.9654,8.9654,8.9654,8.9654,8.9654,8.9654,8.9654,8.9654,8.9654,8.9654,8.9654,8.9654,8.9654,8.9654,8.9654,8.9654,8.9654,8.9654,8.9654,8.9654,8.9654,8.9654,8.9654,8.9654,8.9654,8.9654,8.9654,8.9654,8.9654,8.9654,8.9654,8.9654,8.9654,8.9654,8.9654,8.9654,8.9654,8.9654,8.9654,8.9654,8.9654,8.9654,8.9654,8.9654,8.9654,8.9654,8.9654,8.9654,8.9654,8.9654,8.9654,8.9654,8.9654,8.9654,8.9654,8.9654,8.9654,8.9654,8.9654,8.9654,8.9654,8.9654,8.9654,8.9654,8.9654,8.9654,8.9654,8.9654,8.9654,8.9654,8.9654,8.9654,8.9654,8.9654,8.9654,8.9654,8.9654,8.9654,8.9654,8.9654,8.9654,8.9654,8.9654,8.9654,8.9654,8.9654,8.9654,8.9654,8.9654,8.9654,8.9654,8.9654,8.9654,8.9654,8.9654,8.9654,8.9654,8.9654,8.9654,8.9654,8.9654,8.9654,8.9654,8.9654,8.9654,8.9654,8.9654,8.9654,8.9654,8.9654,8.9654,8.9654,8.9654,8.9654,8.9654,8.9654,8.9654,8.9654,8.9654,8.9654,8.9654,8.9654,8.9654,8.9654,8.9654,8.9654,8.9654,8.9654,8.9654,8.9654,8.9654,8.9654,8.9654,8.9654,8.9654,8.9654,8.9654,8.9654,8.9654,8.9654,8.9654,8.9654,8.9654,8.9654,8.9654,8.9654,8.9654,8.9654,8.9654,8.9654,8.9654,8.9654,8.9654,8.9654,8.9654,8.9654,8.9654,8.9654,8.9654,8.9654,8.9654,8.9654,8.9654,8.9654,8.9654,8.9654,8.9654,8.9654,8.9654,8.9654,8.9654,8.9654,8.9654,8.9654,8.9654,8.9654,8.9654,8.9654,8.9654,8.9654,8.9654,8.9654,8.9654,8.9654,8.9654,8.9654,8.9654,8.9654,8.9654,8.9654,8.9654,8.9654,8.9654,8.9654,8.9654,8.9654,8.9654,8.9654,8.9654,8.9654,8.9654,8.9654,8.9654,8.9654,8.9654,8.9654,8.9654,8.9654,8.9654,8.9654,8.9654,8.9654,8.9654,8.9654,8.9654,8.9654,8.9654,8.9654,8.9654,8.9654,8.9654,8.9654,8.9654,8.9654,8.9654,8.9654,8.9654,8.9654,8.9654,8.9654,8.9654,8.9654,8.9654,8.9654,8.9654,8.9654,8.9654,8.9654,8.9654,8.9654,8.9654,8.9654,8.9654,8.9654,8.9654,8.9654,8.9654,8.9654,8.9654,8.9654,8.9654,8.9654,8.9654,8.9654,8.9654,8.9654,8.9654,8.9654,8.9654,8.9654,8.9654,8.9654,8.9654,8.9654,8.9654,8.9654,8.9654,8.9654,8.9654,8.9654,8.9654,8.9654,8.9654,8.9654,8.9654,8.9654,8.9654,8.9654,8.9654,8.9654,8.9654,8.9654,8.9654,8.9654,8.9654,8.9654,8.9654,8.9654,8.9654,8.9654,8.9654,8.9654,8.9654,8.9654,8.9654,8.9654,8.9654,8.9654,8.9654,8.9654,8.9654,8.9654,8.9654,8.9654,8.9654,8.9654,8.9654,8.9654,8.9654,8.9654,8.9654,8.9654,8.9654,8.9654,8.9654,8.9654,8.9654,8.9654,8.9654,8.9654,8.9654,8.9654,8.9654,8.9654,8.9654,8.9654,8.9654,8.9654,8.9654,8.9654,8.9654,8.9654,8.9654,8.9654,8.9654,8.9654
8.9568,8.9568,8.9568,8.9568,8.9568,8.9568,8.9568,8.9568,8.9568,8.9568,8.9568,8.9568,8.9568,8.9568,8.9568,8.9568,8.9568,8.9568,8.9568,8.9568,8.9568,8.9568,8.9568,8.9568,8.9568,8.9568,8.9568,8.9568,8.9568,8.9568,8.9568,8.9568,8.9568,8.9568,8.9568,8.9568,8.9568,8.9568,8.9568,8.9568,8.9568,8.9568,8.9568,8.9568,8.9568,8.9568,8.9568,8.9568,8.9568,8.9568,8.9568,8.9568,8.9568,8.9568,8.9568,8.9568,8.9568,8.9568,8.9568,8.9568,8.9568,8.9568,8.9568,8.9568,8.9568,8.9568,8.9568,8.9568,8.9568,8.9568,8.9568,8.9568,8.9568,8.9568,8.9568,8.9568,8.9568,8.9568,8.9568,8.9568,8.9568,8.9568,8.9568,8.9568,8.9568,8.9568,8.9568,8.9568,8.9568,8.9568,8.9568,8.9568,8.9568,8.9568,8.9568,8.9568,8.9568,8.9568,8.9568,8.9568,8.9568,8.9568,8.9568,8.9568,8.9568,8.9568,8.9568,8.9568,8.9568,8.9568,8.9568,8.9568,8.9568,8.9568,8.9568,8.9568,8.9568,8.9568,8.9568,8.9568,8.9568,8.9568,8.9568,8.9568,8.9568,8.9568,8.9568,8.9568,8.9568,8.9568,8.9568,8.9568,8.9568,8.9568,8.9568,8.9568,8.9568,8.9568,8.9568,8.9568,8.9568,8.9568,8.9568,8.9568,8.9568,8.9568,8.9568,8.9568,8.9568,8.9568,8.9568,8.9568,8.9568,8.9568,8.9568,8.9568,8.9568,8.9568,8.9568,8.9568,8.9568,8.9568,8.9568,8.9568,8.9568,8.9568,8.9568,8.9568,8.9568,8.9568,8.9568,8.9568,8.9568,8.9568,8.9568,8.9568,8.9568,8.9568,8.9568,8.9568,8.9568,8.9568,8.9568,8.9568,8.9568,8.9568,8.9568,8.9568,8.9568,8.9568,8.9568,8.9568,8.9568,8.9568,8.9568,8.9568,8.9568,8.9568,8.9568,8.9568,8.9568,8.9568,8.9568,8.9568,8.9568,8.9568,8.9568,8.9568,8.9568,8.9568,8.9568,8.9568,8.9568,8.9568,8.9568,8.9568,8.9568,8.9568,8.9568,8.9568,8.9568,8.9568,8.9568,8.9568,8.9568,8.9568,8.9568,8.9568,8.9568,8.9568,8.9568,8.9568,8.9568,8.9568,8.9568,8.9568,8.9568,8.9568,8.9568,8.9568,8.9568,8.9568,8.9568,8.9568,8.9568,8.9568,8.9568,8.9568,8.9568,8.9568,8.9568,8.9568,8.9568,8.9568,8.9568,8.9568,8.9568,8.9568,8.9568,8.9568,8.9568,8.9568,8.9568,8.9568,8.9568,8.9568,8.9568,8.9568,8.9568,8.9568,8.9568,8.9568,8.9568,8.9568,8.9568,8.9568,8.9568,8.9568,8.9568,8.9568,8.9568,8.9568,8.9568,8.9568,8.9568,8.9568,8.9568,8.9568,8.9568,8.9568,8.9568,8.9568,8.9568,8.9568,8.9568,8.9568,8.9568,8.9568,8.9568,8.9568,8.9568,8.9568,8.9568,8.9568,8.9568,8.9568,8.9568,8.9568,8.9568,8.9568,8.9568,8.9568,8.9568,8.9568,8.9568,8.9568,8.9568,8.9568,8.9568,8.9568,8.9568,8.9568,8.9568,8.9568,8.9568,8.9568,8.9568,8.9568,8.9568,8.9568,8.9568,8.9568,8.9568,8.9568,8.9568,8.9568,8.9568,8.9568,8.9568,8.9568,8.9568,8.9568,8.9568,8.9568,8.9568,8.9568,8.9568,8.9568,8.9568,8.9568,8.9568,8.9568,8.9568,8.9568,8.9568,8.9568,8.9568,8.9568,8.9568,8.9568,8.9568,8.9568,8.9568,8.9568,8.9568,8.9568,8.9568,8.9568,8.9568,8.9568,8.9568,8.9568,8.9568,8.9568,8.9568,8.9568,8.9568,8.9568,8.9568,8.9568,8.9568,8.9568,8.9568,8.9568,8.9568,8.9568,8.9568,8.9568,8.9568,8.9568,8.9568,8.9568,8.9568,8.9568,8.9568,8.9568,8.9568,8.9568,8.9568,8.9568,8.9568,8.9568,8.9568,8.9568,8.9568,8.9568,8.9568,8.9568,8.9568,8.9568,8.9568,8.9568,8.9568,8.9568,8.9568,8.9568,8.9568,8.9568,8.9568,8.9568,8.9568,8.9568,8.9568,8.9568,8.9568,8.9568,8.9568,8.9568,8.9568,8.9568,8.9568,8.9568,8.9568,8.9568,8.9568,8.9568,8.9568,8.9568,8.9568,8.9568,8.9568,8.9568,8.9568,8.9568,8.9568,8.9568,8.9568,8.9568,8.9568,8.9568,8.9568,8.9568,8.9568,8.9568,8.9568,8.9568,8.9568,8.9568,8.9568,8.9568,8.9568,8.9568,8.9568,8.9568,8.9568,8.9568,8.9568,8.9568,8.9568,8.9568,8.9568,8.9568,8.9568,8.9568,8.9568,8.9568,8.9568,8.9568,8.9568,8.9568,8.9568,8.9568,8.9568,8.9568,8.9568,8.9568,8.9568,8.9568,8.9568,8.9568,8.9568,8.9568,8.9568,8.9568,8.9568,8.9568,8.9568,8.9568,8.9568,8.9568,8.9568,8.9568,8.9568,8.9568,8.9568,8.9568,8.9568,8.9568,8.9568,8.9568,8.9568,8.9568,8.9568,8.9568,8.9568,8.9568,8.9568,8.9568,8.9568,8.9568,8.9568,8.9568,8.9568,8.9568,8.9568,8.9568,8.9568,8.9568,8.9568,8.9568,8.9568,8.9568,8.9568,8.9568,8.9568,8.9568,8.9568,8.9568,8.9568,8.9568,8.9568,8.9568,8.9568,8.9568,8.9568,8.9568,8.9568,8.9568,8.9568,8.9568,8.9568,8.9568,8.9568,8.9568,8.9568,8.9568,8.9568,8.9568,8.9568,8.9568,8.9568,8.9568,8.9568,8.9568,8.9568,8.9568,8.9568,8.9568,8.9568,8.9568,8.9568,8.9568,8.9568,8.9568,8.9568,8.9568,8.9568,8.9568,8.9568,8.9568,8.9568,8.9568,8.9568,8.9568,8.9568,8.9568,8.9568,8.9568,8.9568,8.9568,8.9568,8.9568,8.9568,8.9568,8.9568,8.9568,8.9568,8.9568,8.9568,8.9568,8.9568,8.9568,8.9568,8.9568,8.9568,8.9568,8.9568,8.9568,8.9568,8.9568,8.9568,8.9568,8.9568,8.9568,8.9568,8.9568,8.9568,8.9568,8.9568,8.9568,8.9568,8.9568,8.9568,8.9568,8.9568,8.9568,8.9568,8.9568,8.9568,8.9568,8.9568,8.9568,8.9568,8.9568,8.9568,8.9568,8.9568,8.9568,8.9568,8.9568,8.9568,8.9568,8.9568,8.9568,8.9568,8.9568,8.9568,8.9568,8.9568,8.9568,8.9568,8.9568,8.9568,8.9568,8.9568,8.9568,8.9568,8.9568,8.9568,8.9568,8.9568,8.9568,8.9568,8.9568,8.9568,8.9568,8.9568,8.9568,8.9568,8.9568,8.9568,8.9568,8.9568,8.9568,8.9568,8.9568,8.9568,8.9568,8.9568,8.9568,8.9568,8.9568,8.9568,8.9568,8.9568,8.9568,8.9568,8.9568,8.9568,8.9568,8.9568,8.9568,8.9568,8.9568,8.9568,8.9568,8.9568,8.9568,8.9568,8.9568,8.9568,8.9568,8.9568,8.9568,8.9568,8.9568,8.9568,8.9568,8.9568,8.9568,8.9568,8.9568,8.9568,8.9568,8.9568,8.9568,8.9568,8.9568,8.9568,8.9568,8.9568,8.9568,8.9568,8.9568,8.9568,8.9568,8.9568,8.9568,8.9568,8.9568,8.9568,8.9568,8.9568,8.9568,8.9568,8.9568,8.9568,8.9568,8.9568,8.9568,8.9568,8.9568,8.9568,8.9568,8.9568,8.9568,8.9568,8.9568,8.9568,8.9568,8.9568,8.9568,8.9568,8.9568,8.9568,8.9568,8.9568,8.9568,8.9568,8.9568,8.9568,8.9568,8.9568,8.9568,8.9568,8.9568,8.9568,8.9568,8.9568,8.9568,8.9568,8.9568,8.9568,8.9568,8.9568,8.9568,8.9568,8.9568,8.9568,8.9568,8.9568,8.9568,8.9568,8.9568,8.9568,8.9568,8.9568,8.9568,8.9568,8.9568,8.9568,8.9568,8.9568,8.9568,8.9568,8.9568,8.9568,8.9568,8.9568,8.9568,8.9568,8.9568,8.9568,8.9568,8.9568,8.9568,8.9568,8.9568,8.9568,8.9568,8.9568,8.9568,8.9568,8.9568,8.9568,8.9568,8.9568,8.9568,8.9568,8.9568,8.9568,8.9568,8.9568,8.9568,8.9568,8.9568,8.9568,8.9568,8.9568,8.9568,8.9568,8.9568,8.9568,8.9568,8.9568,8.9568,8.9568,8.9568,8.9568,8.9568,8.9568,8.9568,8.9568,8.9568,8.9568,8.9568,8.9568,8.9568,8.9568,8.9568,8.9568,8.9568,8.9568,8.9568,8.9568,8.9568,8.9568,8.9568,8.9568,8.9568,8.9568,8.9568,8.9568,8.9568,8.9568,8.9568,8.9568,8.9568,8.9568,8.9568,8.9568,8.9568,8.9568,8.9568,8.9568,8.9568,8.9568,8.9568,8.9568,8.9568,8.9568,8.9568,8.9568,8.9568,8.9568,8.9568,8.9568,8.9568,8.9568,8.9568,8.9568,8.9568,8.9568,8.9568,8.9568,8.9568,8.9568,8.9568,8.9568,8.9568,8.9568,8.9568,8.9568,8.9568,8.9568,8.9568,8.9568,8.9568,8.9568,8.9568,8.9568,8.9568,8.9568,8.9568,8.9568,8.9568,8.9568,8.9568,8.9568,8.9568,8.9568,8.9568,8.9568,8.9568,8.9568,8.9568,8.9568,8.9568,8.9568,8.9568,8.9568,8.9568,8.9568,8.9568,8.9568,8.9568,8.9568,8.9568,8.9568,8.9568,8.9568,8.9568,8.9568,8.9568,8.9568,8.9568,8.9568,8.9568,8.9568,8.9568,8.9568,8.9568,8.9568,8.9568,8.9568,8.9568,8.9568,8.9568,8.9568,8.9568
8.9473,8.9473,8.9473,8.9473,8.9473,8.9473,8.9473,8.9473,8.9473,8.9473,8.9473,8.9473,8.9473,8.9473,8.9473,8.9473,8.9473,8.9473,8.9473,8.9473,8.9473,8.9473,8.9473,8.9473,8.9473,8.9473,8.9473,8.9473,8.9473,8.9473,8.9473,8.9473,8.9473,8.9473,8.9473,8.9473,8.9473,8.9473,8.9473,8.9473,8.9473,8.9473,8.9473,8.9473,8.9473,8.9473,8.9473,8.9473,8.9473,8.9473,8.9473,8.9473,8.9473,8.9473,8.9473,8.9473,8.9473,8.9473,8.9473,8.9473,8.9473,8.9473,8.9473,8.9473,8.9473,8.9473,8.9473,8.9473,8.9473,8.9473,8.9473,8.9473,8.9473,8.9473,8.9473,8.9473,8.9473,8.9473,8.9473,8.9473,8.9473,8.9473,8.9473,8.9473,8.9473,8.9473,8.9473,8.9473,8.9473,8.9473,8.9473,8.9473,8.9473,8.9473,8.9473,8.9473,8.9473,8.9473,8.9473,8.9473,8.9473,8.9473,8.9473,8.9473,8.9473,8.9473,8.9473,8.9473,8.9473,8.9473,8.9473,8.9473,8.9473,8.9473,8.9473,8.9473,8.9473,8.9473,8.9473,8.9473,8.9473,8.9473,8.9473,8.9473,8.9473,8.9473,8.9473,8.9473,8.9473,8.9473,8.9473,8.9473,8.9473,8.9473,8.9473,8.9473,8.9473,8.9473,8.9473,8.9473,8.9473,8.9473,8.9473,8.9473,8.9473,8.9473,8.9473,8.9473,8.9473,8.9473,8.9473,8.9473,8.9473,8.9473,8.9473,8.9473,8.9473,8.9473,8.9473,8.9473,8.9473,8.9473,8.9473,8.9473,8.9473,8.9473,8.9473,8.9473,8.9473,8.9473,8.9473,8.9473,8.9473,8.9473,8.9473,8.9473,8.9473,8.9473,8.9473,8.9473,8.9473,8.9473,8.9473,8.9473,8.9473,8.9473,8.9473,8.9473,8.9473,8.9473,8.9473,8.9473,8.9473,8.9473,8.9473,8.9473,8.9473,8.9473,8.9473,8.9473,8.9473,8.9473,8.9473,8.9473,8.9473,8.9473,8.9473,8.9473,8.9473,8.9473,8.9473,8.9473,8.9473,8.9473,8.9473,8.9473,8.9473,8.9473,8.9473,8.9473,8.9473,8.9473,8.9473,8.9473,8.9473,8.9473,8.9473,8.9473,8.9473,8.9473,8.9473,8.9473,8.9473,8.9473,8.9473,8.9473,8.9473,8.9473,8.9473,8.9473,8.9473,8.9473,8.9473,8.9473,8.9473,8.9473,8.9473,8.9473,8.9473,8.9473,8.9473,8.9473,8.9473,8.9473,8.9473,8.9473,8.9473,8.9473,8.9473,8.9473,8.9473,8.9473,8.9473,8.9473,8.9473,8.9473,8.9473,8.9473,8.9473,8.9473,8.9473,8.9473,8.9473,8.9473,8.9473,8.9473,8.9473,8.9473,8.9473,8.9473,8.9473,8.9473,8.9473,8.9473,8.9473,8.9473,8.9473,8.9473,8.9473,8.9473,8.9473,8.9473,8.9473,8.9473,8.9473,8.9473,8.9473,8.9473,8.9473,8.9473,8.9473,8.9473,8.9473,8.9473,8.9473,8.9473,8.9473,8.9473,8.9473,8.9473,8.9473,8.9473,8.9473,8.9473,8.9473,8.9473,8.9473,8.9473,8.9473,8.9473,8.9473,8.9473,8.9473,8.9473,8.9473,8.9473,8.9473,8.9473,8.9473,8.9473,8.9473,8.9473,8.9473,8.9473,8.9473,8.9473,8.9473,8.9473,8.9473,8.9473,8.9473,8.9473,8.9473,8.9473,8.9473,8.9473,8.9473,8.9473,8.9473,8.9473,8.9473,8.9473,8.9473,8.9473,8.9473,8.9473,8.9473,8.9473,8.9473,8.9473,8.9473,8.9473,8.9473,8.9473,8.9473,8.9473,8.9473,8.9473,8.9473,8.9473,8.9473,8.9473,8.9473,8.9473,8.9473,8.9473,8.9473,8.9473,8.9473,8.9473,8.9473,8.9473,8.9473,8.9473,8.9473,8.9473,8.9473,8.9473,8.9473,8.9473,8.9473,8.9473,8.9473,8.9473,8.9473,8.9473,8.9473,8.9473,8.9473,8.9473,8.9473,8.9473,8.9473,8.9473,8.9473,8.9473,8.9473,8.9473,8.9473,8.9473,8.9473,8.9473,8.9473,8.9473,8.9473,8.9473,8.9473,8.9473,8.9473,8.9473,8.9473,8.9473,8.9473,8.9473,8.9473,8.9473,8.9473,8.9473,8.9473,8.9473,8.9473,8.9473,8.9473,8.9473,8.9473,8.9473,8.9473,8.9473,8.9473,8.9473,8.9473,8.9473,8.9473,8.9473,8.9473,8.9473,8.9473,8.9473,8.9473,8.9473,8.9473,8.9473,8.9473,8.9473,8.9473,8.9473,8.9473,8.9473,8.9473,8.9473,8.9473,8.9473,8.9473,8.9473,8.9473,8.9473,8.9473,8.9473,8.9473,8.9473,8.9473,8.9473,8.9473,8.9473,8.9473,8.9473,8.9473,8.9473,8.9473,8.9473,8.9473,8.9473,8.9473,8.9473,8.9473,8.9473,8.9473,8.9473,8.9473,8.9473,8.9473,8.9473,8.9473,8.9473,8.9473,8.9473,8.9473,8.9473,8.9473,8.9473,8.9473,8.9473,8.9473,8.9473,8.9473,8.9473,8.9473,8.9473,8.9473,8.9473,8.9473,8.9473,8.9473,8.9473,8.9473,8.9473,8.9473,8.9473,8.9473,8.9473,8.9473,8.9473,8.9473,8.9473,8.9473,8.9473,8.9473,8.9473,8.9473,8.9473,8.9473,8.9473,8.9473,8.9473,8.9473,8.9473,8.9473,8.9473,8.9473,8.9473,8.9473,8.9473,8.9473,8.9473,8.9473,8.9473,8.9473,8.9473,8.9473,8.9473,8.9473,8.9473,8.9473,8.9473,8.9473,8.9473,8.9473,8.9473,8.9473,8.9473,8.9473,8.9473,8.9473,8.9473,8.9473,8.9473,8.9473,8.9473,8.9473,8.9473,8.9473,8.9473,8.9473,8.9473,8.9473,8.9473,8.9473,8.9473,8.9473,8.9473,8.9473,8.9473,8.9473,8.9473,8.9473,8.9473,8.9473,8.9473,8.9473,8.9473,8.9473,8.9473,8.9473,8.9473,8.9473,8.9473,8.9473,8.9473,8.9473,8.9473,8.9473,8.9473,8.9473,8.9473,8.9473,8.9473,8.9473,8.9473,8.9473,8.9473,8.9473,8.9473,8.9473,8.9473,8.9473,8.9473,8.9473,8.9473,8.9473,8.9473,8.9473,8.9473,8.9473,8.9473,8.9473,8.9473,8.9473,8.9473,8.9473,8.9473,8.9473,8.9473,8.9473,8.9473,8.9473,8.9473,8.9473,8.9473,8.9473,8.9473,8.9473,8.9473,8.9473,8.9473,8.9473,8.9473,8.9473,8.9473,8.9473,8.9473,8.9473,8.9473,8.9473,8.9473,8.9473,8.9473,8.9473,8.9473,8.9473,8.9473,8.9473,8.9473,8.9473,8.9473,8.9473,8.9473,8.9473,8.9473,8.9473,8.9473,8.9473,8.9473,8.9473,8.9473,8.9473,8.9473,8.9473,8.9473,8.9473,8.9473,8.9473,8.9473,8.9473,8.9473,8.9473,8.9473,8.9473,8.9473,8.9473,8.9473,8.9473,8.9473,8.9473,8.9473,8.9473,8.9473,8.9473,8.9473,8.9473,8.9473,8.9473,8.9473,8.9473,8.9473,8.9473,8.9473,8.9473,8.9473,8.9473,8.9473,8.9473,8.9473,8.9473,8.9473,8.9473,8.9473,8.9473,8.9473,8.9473,8.9473,8.9473,8.9473,8.9473,8.9473,8.9473,8.9473,8.9473,8.9473,8.9473,8.9473,8.9473,8.9473,8.9473,8.9473,8.9473,8.9473,8.9473,8.9473,8.9473,8.9473,8.9473,8.9473,8.9473,8.9473,8.9473,8.9473,8.9473,8.9473,8.9473,8.9473,8.9473,8.9473,8.9473,8.9473,8.9473,8.9473,8.9473,8.9473,8.9473,8.9473,8.9473,8.9473,8.9473,8.9473,8.9473,8.9473,8.9473,8.9473,8.9473,8.9473,8.9473,8.9473,8.9473,8.9473,8.9473,8.9473,8.9473,8.9473,8.9473,8.9473,8.9473,8.9473,8.9473,8.9473,8.9473,8.9473,8.9473,8.9473,8.9473,8.9473,8.9473,8.9473,8.9473,8.9473,8.9473,8.9473,8.9473,8.9473,8.9473,8.9473,8.9473,8.9473,8.9473,8.9473,8.9473,8.9473,8.9473,8.9473,8.9473,8.9473,8.9473,8.9473,8.9473,8.9473,8.9473,8.9473,8.9473,8.9473,8.9473,8.9473,8.9473,8.9473,8.9473,8.9473,8.9473,8.9473,8.9473,8.9473,8.9473,8.9473,8.9473,8.9473,8.9473,8.9473,8.9473,8.9473,8.9473,8.9473,8.9473,8.9473,8.9473,8.9473,8.9473,8.9473,8.9473,8.9473,8.9473,8.9473,8.9473,8.9473,8.9473,8.9473,8.9473,8.9473,8.9473,8.9473,8.9473,8.9473,8.9473,8.9473,8.9473,8.9473,8.9473,8.9473,8.9473,8.9473,8.9473,8.9473,8.9473,8.9473,8.9473,8.9473,8.9473,8.9473,8.9473,8.9473,8.9473,8.9473,8.9473,8.9473,8.9473,8.9473,8.9473,8.9473,8.9473,8.9473,8.9473,8.9473,8.9473,8.9473,8.9473,8.9473,8.9473,8.9473,8.9473,8.9473,8.9473,8.9473,8.9473,8.9473,8.9473,8.9473,8.9473,8.9473,8.9473,8.9473,8.9473,8.9473,8.9473,8.9473,8.9473,8.9473,8.9473,8.9473,8.9473,8.9473,8.9473,8.9473,8.9473,8.9473,8.9473,8.9473,8.9473,8.9473,8.9473,8.9473,8.9473,8.9473,8.9473,8.9473,8.9473,8.9473,8.9473,8.9473,8.9473,8.9473,8.9473,8.9473,8.9473,8.9473,8.9473,8.9473,8.9473,8.9473,8.9473,8.9473,8.9473,8.9473,8.9473,8.9473,8.9473,8.9473,8.9473,8.9473,8.9473,8.9473,8.9473,8.9473,8.9473,8.9473
8.9392,8.9392,8.9392,8.9392,8.9392,8.9392,8.9392,8.9392,8.9392,8.9392,8.9392,8.9392,8.9392,8.9392,8.9392,8.9392,8.9392,8.9392,8.9392,8.9392,8.9392,8.9392,8.9392,8.9392,8.9392,8.9392,8.9392,8.9392,8.9392,8.9392,8.9392,8.9392,8.9392,8.9392,8.9392,8.9392,8.9392,8.9392,8.9392,8.9392,8.9392,8.9392,8.9392,8.9392,8.9392,8.9392,8.9392,8.9392,8.9392,8.9392,8.9392,8.9392,8.9392,8.9392,8.9392,8.9392,8.9392,8.9392,8.9392,8.9392,8.9392,8.9392,8.9392,8.9392,8.9392,8.9392,8.9392,8.9392,8.9392,8.9392,8.9392,8.9392,8.9392,8.9392,8.9392,8.9392,8.9392,8.9392,8.9392,8.9392,8.9392,8.9392,8.9392,8.9392,8.9392,8.9392,8.9392,8.9392,8.9392,8.9392,8.9392,8.9392,8.9392,8.9392,8.9392,8.9392,8.9392,8.9392,8.9392,8.9392,8.9392,8.9392,8.9392,8.9392,8.9392,8.9392,8.9392,8.9392,8.9392,8.9392,8.9392,8.9392,8.9392,8.9392,8.9392,8.9392,8.9392,8.9392,8.9392,8.9392,8.9392,8.9392,8.9392,8.9392,8.9392,8.9392,8.9392,8.9392,8.9392,8.9392,8.9392,8.9392,8.9392,8.9392,8.9392,8.9392,8.9392,8.9392,8.9392,8.9392,8.9392,8.9392,8.9392,8.9392,8.9392,8.9392,8.9392,8.9392,8.9392,8.9392,8.9392,8.9392,8.9392,8.9392,8.9392,8.9392,8.9392,8.9392,8.9392,8.9392,8.9392,8.9392,8.9392,8.9392,8.9392,8.9392,8.9392,8.9392,8.9392,8.9392,8.9392,8.9392,8.9392,8.9392,8.9392,8.9392,8.9392,8.9392,8.9392,8.9392,8.9392,8.9392,8.9392,8.9392,8.9392,8.9392,8.9392,8.9392,8.9392,8.9392,8.9392,8.9392,8.9392,8.9392,8.9392,8.9392,8.9392,8.9392,8.9392,8.9392,8.9392,8.9392,8.9392,8.9392,8.9392,8.9392,8.9392,8.9392,8.9392,8.9392,8.9392,8.9392,8.9392,8.9392,8.9392,8.9392,8.9392,8.9392,8.9392,8.9392,8.9392,8.9392,8.9392,8.9392,8.9392,8.9392,8.9392,8.9392,8.9392,8.9392,8.9392,8.9392,8.9392,8.9392,8.9392,8.9392,8.9392,8.9392,8.9392,8.9392,8.9392,8.9392,8.9392,8.9392,8.9392,8.9392,8.9392,8.9392,8.9392,8.9392,8.9392,8.9392,8.9392,8.9392,8.9392,8.9392,8.9392,8.9392,8.9392,8.9392,8.9392,8.9392,8.9392,8.9392,8.9392,8.9392,8.9392,8.9392,8.9392,8.9392,8.9392,8.9392,8.9392,8.9392,8.9392,8.9392,8.9392,8.9392,8.9392,8.9392,8.9392,8.9392,8.9392,8.9392,8.9392,8.9392,8.9392,8.9392,8.9392,8.9392,8.9392,8.9392,8.9392,8.9392,8.9392,8.9392,8.9392,8.9392,8.9392,8.9392,8.9392,8.9392,8.9392,8.9392,8.9392,8.9392,8.9392,8.9392,8.9392,8.9392,8.9392,8.9392,8.9392,8.9392,8.9392,8.9392,8.9392,8.9392,8.9392,8.9392,8.9392,8.9392,8.9392,8.9392,8.9392,8.9392,8.9392,8.9392,8.9392,8.9392,8.9392,8.9392,8.9392,8.9392,8.9392,8.9392,8.9392,8.9392,8.9392,8.9392,8.9392,8.9392,8.9392,8.9392,8.9392,8.9392,8.9392,8.9392,8.9392,8.9392,8.9392,8.9392,8.9392,8.9392,8.9392,8.9392,8.9392,8.9392,8.9392,8.9392,8.9392,8.9392,8.9392,8.9392,8.9392,8.9392,8.9392,8.9392,8.9392,8.9392,8.9392,8.9392,8.9392,8.9392,8.9392,8.9392,8.9392,8.9392,8.9392,8.9392,8.9392,8.9392,8.9392,8.9392,8.9392,8.9392,8.9392,8.9392,8.9392,8.9392,8.9392,8.9392,8.9392,8.9392,8.9392,8.9392,8.9392,8.9392,8.9392,8.9392,8.9392,8.9392,8.9392,8.9392,8.9392,8.9392,8.9392,8.9392,8.9392,8.9392,8.9392,8.9392,8.9392,8.9392,8.9392,8.9392,8.9392,8.9392,8.9392,8.9392,8.9392,8.9392,8.9392,8.9392,8.9392,8.9392,8.9392,8.9392,8.9392,8.9392,8.9392,8.9392,8.9392,8.9392,8.9392,8.9392,8.9392,8.9392,8.9392,8.9392,8.9392,8.9392,8.9392,8.9392,8.9392,8.9392,8.9392,8.9392,8.9392,8.9392,8.9392,8.9392,8.9392,8.9392,8.9392,8.9392,8.9392,8.9392,8.9392,8.9392,8.9392,8.9392,8.9392,8.9392,8.9392,8.9392,8.9392,8.9392,8.9392,8.9392,8.9392,8.9392,8.9392,8.9392,8.9392,8.9392,8.9392,8.9392,8.9392,8.9392,8.9392,8.9392,8.9392,8.9392,8.9392,8.9392,8.9392,8.9392,8.9392,8.9392,8.9392,8.9392,8.9392,8.9392,8.9392,8.9392,8.9392,8.9392,8.9392,8.9392,8.9392,8.9392,8.9392,8.9392,8.9392,8.9392,8.9392,8.9392,8.9392,8.9392,8.9392,8.9392,8.9392,8.9392,8.9392,8.9392,8.9392,8.9392,8.9392,8.9392,8.9392,8.9392,8.9392,8.9392,8.9392,8.9392,8.9392,8.9392,8.9392,8.9392,8.9392,8.9392,8.9392,8.9392,8.9392,8.9392,8.9392,8.9392,8.9392,8.9392,8.9392,8.9392,8.9392,8.9392,8.9392,8.9392,8.9392,8.9392,8.9392,8.9392,8.9392,8.9392,8.9392,8.9392,8.9392,8.9392,8.9392,8.9392,8.9392,8.9392,8.9392,8.9392,8.9392,8.9392,8.9392,8.9392,8.9392,8.9392,8.9392,8.9392,8.9392,8.9392,8.9392,8.9392,8.9392,8.9392,8.9392,8.9392,8.9392,8.9392,8.9392,8.9392,8.9392,8.9392,8.9392,8.9392,8.9392,8.9392,8.9392,8.9392,8.9392,8.9392,8.9392,8.9392,8.9392,8.9392,8.9392,8.9392,8.9392,8.9392,8.9392,8.9392,8.9392,8.9392,8.9392,8.9392,8.9392,8.9392,8.9392,8.9392,8.9392,8.9392,8.9392,8.9392,8.9392,8.9392,8.9392,8.9392,8.9392,8.9392,8.9392,8.9392,8.9392,8.9392,8.9392,8.9392,8.9392,8.9392,8.9392,8.9392,8.9392,8.9392,8.9392,8.9392,8.9392,8.9392,8.9392,8.9392,8.9392,8.9392,8.9392,8.9392,8.9392,8.9392,8.9392,8.9392,8.9392,8.9392,8.9392,8.9392,8.9392,8.9392,8.9392,8.9392,8.9392,8.9392,8.9392,8.9392,8.9392,8.9392,8.9392,8.9392,8.9392,8.9392,8.9392,8.9392,8.9392,8.9392,8.9392,8.9392,8.9392,8.9392,8.9392,8.9392,8.9392,8.9392,8.9392,8.9392,8.9392,8.9392,8.9392,8.9392,8.9392,8.9392,8.9392,8.9392,8.9392,8.9392,8.9392,8.9392,8.9392,8.9392,8.9392,8.9392,8.9392,8.9392,8.9392,8.9392,8.9392,8.9392,8.9392,8.9392,8.9392,8.9392,8.9392,8.9392,8.9392,8.9392,8.9392,8.9392,8.9392,8.9392,8.9392,8.9392,8.9392,8.9392,8.9392,8.9392,8.9392,8.9392,8.9392,8.9392,8.9392,8.9392,8.9392,8.9392,8.9392,8.9392,8.9392,8.9392,8.9392,8.9392,8.9392,8.9392,8.9392,8.9392,8.9392,8.9392,8.9392,8.9392,8.9392,8.9392,8.9392,8.9392,8.9392,8.9392,8.9392,8.9392,8.9392,8.9392,8.9392,8.9392,8.9392,8.9392,8.9392,8.9392,8.9392,8.9392,8.9392,8.9392,8.9392,8.9392,8.9392,8.9392,8.9392,8.9392,8.9392,8.9392,8.9392,8.9392,8.9392,8.9392,8.9392,8.9392,8.9392,8.9392,8.9392,8.9392,8.9392,8.9392,8.9392,8.9392,8.9392,8.9392,8.9392,8.9392,8.9392,8.9392,8.9392,8.9392,8.9392,8.9392,8.9392,8.9392,8.9392,8.9392,8.9392,8.9392,8.9392,8.9392,8.9392,8.9392,8.9392,8.9392,8.9392,8.9392,8.9392,8.9392,8.9392,8.9392,8.9392,8.9392,8.9392,8.9392,8.9392,8.9392,8.9392,8.9392,8.9392,8.9392,8.9392,8.9392,8.9392,8.9392,8.9392,8.9392,8.9392,8.9392,8.9392,8.9392,8.9392,8.9392,8.9392,8.9392,8.9392,8.9392,8.9392,8.9392,8.9392,8.9392,8.9392,8.9392,8.9392,8.9392,8.9392,8.9392,8.9392,8.9392,8.9392,8.9392,8.9392,8.9392,8.9392,8.9392,8.9392,8.9392,8.9392,8.9392,8.9392,8.9392,8.9392,8.9392,8.9392,8.9392,8.9392,8.9392,8.9392,8.9392,8.9392,8.9392,8.9392,8.9392,8.9392,8.9392,8.9392,8.9392,8.9392,8.9392,8.9392,8.9392,8.9392,8.9392,8.9392,8.9392,8.9392,8.9392,8.9392,8.9392,8.9392,8.9392,8.9392,8.9392,8.9392,8.9392,8.9392,8.9392,8.9392,8.9392,8.9392,8.9392,8.9392,8.9392,8.9392,8.9392,8.9392,8.9392,8.9392,8.9392,8.9392,8.9392,8.9392,8.9392,8.9392,8.9392,8.9392,8.9392,8.9392,8.9392,8.9392,8.9392,8.9392,8.9392,8.9392,8.9392,8.9392,8.9392,8.9392,8.9392,8.9392,8.9392,8.9392,8.9392,8.9392,8.9392,8.9392,8.9392,8.9392,8.9392,8.9392,8.9392,8.9392,8.9392,8.9392,8.9392,8.9392,8.9392,8.9392,8.9392,8.9392,8.9392,8.9392,8.9392,8.9392,8.9392,8.9392,8.9392,8.9392,8.9392,8.9392,8.9392
8.9301,8.9301,8.9301,8.9301,8.9301,8.9301,8.9301,8.9301,8.9301,8.9301,8.9301,8.9301,8.9301,8.9301,8.9301,8.9301,8.9301,8.9301,8.9301,8.9301,8.9301,8.9301,8.9301,8.9301,8.9301,8.9301,8.9301,8.9301,8.9301,8.9301,8.9301,8.9301,8.9301,8.9301,8.9301,8.9301,8.9301,8.9301,8.9301,8.9301,8.9301,8.9301,8.9301,8.9301,8.9301,8.9301,8.9301,8.9301,8.9301,8.9301,8.9301,8.9301,8.9301,8.9301,8.9301,8.9301,8.9301,8.9301,8.9301,8.9301,8.9301,8.9301,8.9301,8.9301,8.9301,8.9301,8.9301,8.9301,8.9301,8.9301,8.9301,8.9301,8.9301,8.9301,8.9301,8.9301,8.9301,8.9301,8.9301,8.9301,8.9301,8.9301,8.9301,8.9301,8.9301,8.9301,8.9301,8.9301,8.9301,8.9301,8.9301,8.9301,8.9301,8.9301,8.9301,8.9301,8.9301,8.9301,8.9301,8.9301,8.9301,8.9301,8.9301,8.9301,8.9301,8.9301,8.9301,8.9301,8.9301,8.9301,8.9301,8.9301,8.9301,8.9301,8.9301,8.9301,8.9301,8.9301,8.9301,8.9301,8.9301,8.9301,8.9301,8.9301,8.9301,8.9301,8.9301,8.9301,8.9301,8.9301,8.9301,8.9301,8.9301,8.9301,8.9301,8.9301,8.9301,8.9301,8.9301,8.9301,8.9301,8.9301,8.9301,8.9301,8.9301,8.9301,8.9301,8.9301,8.9301,8.9301,8.9301,8.9301,8.9301,8.9301,8.9301,8.9301,8.9301,8.9301,8.9301,8.9301,8.9301,8.9301,8.9301,8.9301,8.9301,8.9301,8.9301,8.9301,8.9301,8.9301,8.9301,8.9301,8.9301,8.9301,8.9301,8.9301,8.9301,8.9301,8.9301,8.9301,8.9301,8.9301,8.9301,8.9301,8.9301,8.9301,8.9301,8.9301,8.9301,8.9301,8.9301,8.9301,8.9301,8.9301,8.9301,8.9301,8.9301,8.9301,8.9301,8.9301,8.9301,8.9301,8.9301,8.9301,8.9301,8.9301,8.9301,8.9301,8.9301,8.9301,8.9301,8.9301,8.9301,8.9301,8.9301,8.9301,8.9301,8.9301,8.9301,8.9301,8.9301,8.9301,8.9301,8.9301,8.9301,8.9301,8.9301,8.9301,8.9301,8.9301,8.9301,8.9301,8.9301,8.9301,8.9301,8.9301,8.9301,8.9301,8.9301,8.9301,8.9301,8.9301,8.9301,8.9301,8.9301,8.9301,8.9301,8.9301,8.9301,8.9301,8.9301,8.9301,8.9301,8.9301,8.9301,8.9301,8.9301,8.9301,8.9301,8.9301,8.9301,8.9301,8.9301,8.9301,8.9301,8.9301,8.9301,8.9301,8.9301,8.9301,8.9301,8.9301,8.9301,8.9301,8.9301,8.9301,8.9301,8.9301,8.9301,8.9301,8.9301,8.9301,8.9301,8.9301,8.9301,8.9301,8.9301,8.9301,8.9301,8.9301,8.9301,8.9301,8.9301,8.9301,8.9301,8.9301,8.9301,8.9301,8.9301,8.9301,8.9301,8.9301,8.9301,8.9301,8.9301,8.9301,8.9301,8.9301,8.9301,8.9301,8.9301,8.9301,8.9301,8.9301,8.9301,8.9301,8.9301,8.9301,8.9301,8.9301,8.9301,8.9301,8.9301,8.9301,8.9301,8.9301,8.9301,8.9301,8.9301,8.9301,8.9301,8.9301,8.9301,8.9301,8.9301,8.9301,8.9301,8.9301,8.9301,8.9301,8.9301,8.9301,8.9301,8.9301,8.9301,8.9301,8.9301,8.9301,8.9301,8.9301,8.9301,8.9301,8.9301,8.9301,8.9301,8.9301,8.9301,8.9301,8.9301,8.9301,8.9301,8.9301,8.9301,8.9301,8.9301,8.9301,8.9301,8.9301,8.9301,8.9301,8.9301,8.9301,8.9301,8.9301,8.9301,8.9301,8.9301,8.9301,8.9301,8.9301,8.9301,8.9301,8.9301,8.9301,8.9301,8.9301,8.9301,8.9301,8.9301,8.9301,8.9301,8.9301,8.9301,8.9301,8.9301,8.9301,8.9301,8.9301,8.9301,8.9301,8.9301,8.9301,8.9301,8.9301,8.9301,8.9301,8.9301,8.9301,8.9301,8.9301,8.9301,8.9301,8.9301,8.9301,8.9301,8.9301,8.9301,8.9301,8.9301,8.9301,8.9301,8.9301,8.9301,8.9301,8.9301,8.9301,8.9301,8.9301,8.9301,8.9301,8.9301,8.9301,8.9301,8.9301,8.9301,8.9301,8.9301,8.9301,8.9301,8.9301,8.9301,8.9301,8.9301,8.9301,8.9301,8.9301,8.9301,8.9301,8.9301,8.9301,8.9301,8.9301,8.9301,8.9301,8.9301,8.9301,8.9301,8.9301,8.9301,8.9301,8.9301,8.9301,8.9301,8.9301,8.9301,8.9301,8.9301,8.9301,8.9301,8.9301,8.9301,8.9301,8.9301,8.9301,8.9301,8.9301,8.9301,8.9301,8.9301,8.9301,8.9301,8.9301,8.9301,8.9301,8.9301,8.9301,8.9301,8.9301,8.9301,8.9301,8.9301,8.9301,8.9301,8.9301,8.9301,8.9301,8.9301,8.9301,8.9301,8.9301,8.9301,8.9301,8.9301,8.9301,8.9301,8.9301,8.9301,8.9301,8.9301,8.9301,8.9301,8.9301,8.9301,8.9301,8.9301,8.9301,8.9301,8.9301,8.9301,8.9301,8.9301,8.9301,8.9301,8.9301,8.9301,8.9301,8.9301,8.9301,8.9301,8.9301,8.9301,8.9301,8.9301,8.9301,8.9301,8.9301,8.9301,8.9301,8.9301,8.9301,8.9301,8.9301,8.9301,8.9301,8.9301,8.9301,8.9301,8.9301,8.9301,8.9301,8.9301,8.9301,8.9301,8.9301,8.9301,8.9301,8.9301,8.9301,8.9301,8.9301,8.9301,8.9301,8.9301,8.9301,8.9301,8.9301,8.9301,8.9301,8.9301,8.9301,8.9301,8.9301,8.9301,8.9301,8.9301,8.9301,8.9301,8.9301,8.9301,8.9301,8.9301,8.9301,8.9301,8.9301,8.9301,8.9301,8.9301,8.9301,8.9301,8.9301,8.9301,8.9301,8.9301,8.9301,8.9301,8.9301,8.9301,8.9301,8.9301,8.9301,8.9301,8.9301,8.9301,8.9301,8.9301,8.9301,8.9301,8.9301,8.9301,8.9301,8.9301,8.9301,8.9301,8.9301,8.9301,8.9301,8.9301,8.9301,8.9301,8.9301,8.9301,8.9301,8.9301,8.9301,8.9301,8.9301,8.9301,8.9301,8.9301,8.9301,8.9301,8.9301,8.9301,8.9301,8.9301,8.9301,8.9301,8.9301,8.9301,8.9301,8.9301,8.9301,8.9301,8.9301,8.9301,8.9301,8.9301,8.9301,8.9301,8.9301,8.9301,8.9301,8.9301,8.9301,8.9301,8.9301,8.9301,8.9301,8.9301,8.9301,8.9301,8.9301,8.9301,8.9301,8.9301,8.9301,8.9301,8.9301,8.9301,8.9301,8.9301,8.9301,8.9301,8.9301,8.9301,8.9301,8.9301,8.9301,8.9301,8.9301,8.9301,8.9301,8.9301,8.9301,8.9301,8.9301,8.9301,8.9301,8.9301,8.9301,8.9301,8.9301,8.9301,8.9301,8.9301,8.9301,8.9301,8.9301,8.9301,8.9301,8.9301,8.9301,8.9301,8.9301,8.9301,8.9301,8.9301,8.9301,8.9301,8.9301,8.9301,8.9301,8.9301,8.9301,8.9301,8.9301,8.9301,8.9301,8.9301,8.9301,8.9301,8.9301,8.9301,8.9301,8.9301,8.9301,8.9301,8.9301,8.9301,8.9301,8.9301,8.9301,8.9301,8.9301,8.9301,8.9301,8.9301,8.9301,8.9301,8.9301,8.9301,8.9301,8.9301,8.9301,8.9301,8.9301,8.9301,8.9301,8.9301,8.9301,8.9301,8.9301,8.9301,8.9301,8.9301,8.9301,8.9301,8.9301,8.9301,8.9301,8.9301,8.9301,8.9301,8.9301,8.9301,8.9301,8.9301,8.9301,8.9301,8.9301,8.9301,8.9301,8.9301,8.9301,8.9301,8.9301,8.9301,8.9301,8.9301,8.9301,8.9301,8.9301,8.9301,8.9301,8.9301,8.9301,8.9301,8.9301,8.9301,8.9301,8.9301,8.9301,8.9301,8.9301,8.9301,8.9301,8.9301,8.9301,8.9301,8.9301,8.9301,8.9301,8.9301,8.9301,8.9301,8.9301,8.9301,8.9301,8.9301,8.9301,8.9301,8.9301,8.9301,8.9301,8.9301,8.9301,8.9301,8.9301,8.9301,8.9301,8.9301,8.9301,8.9301,8.9301,8.9301,8.9301,8.9301,8.9301,8.9301,8.9301,8.9301,8.9301,8.9301,8.9301,8.9301,8.9301,8.9301,8.9301,8.9301,8.9301,8.9301,8.9301,8.9301,8.9301,8.9301,8.9301,8.9301,8.9301,8.9301,8.9301,8.9301,8.9301,8.9301,8.9301,8.9301,8.9301,8.9301,8.9301,8.9301,8.9301,8.9301,8.9301,8.9301,8.9301,8.9301,8.9301,8.9301,8.9301,8.9301,8.9301,8.9301,8.9301,8.9301,8.9301,8.9301,8.9301,8.9301,8.9301,8.9301,8.9301,8.9301,8.9301,8.9301,8.9301,8.9301,8.9301,8.9301,8.9301,8.9301,8.9301,8.9301,8.9301,8.9301,8.9301,8.9301,8.9301,8.9301,8.9301,8.9301,8.9301,8.9301,8.9301,8.9301,8.9301,8.9301,8.9301,8.9301,8.9301,8.9301,8.9301,8.9301,8.9301,8.9301,8.9301,8.9301,8.9301,8.9301,8.9301,8.9301,8.9301,8.9301,8.9301,8.9301,8.9301,8.9301,8.9301,8.9301,8.9301,8.9301,8.9301,8.9301,8.9301,8.9301,8.9301,8.9301,8.9301,8.9301,8.9301,8.9301,8.9301,8.9301,8.9301,8.9301,8.9301,8.9301,8.9301,8.9301,8.9301,8.9301,8.9301,8.9301,8.9301,8.9301,8.9301,8.9301,8.9301,8.9301,8.9301,8.9301,8.9301
8.9211,8.9211,8.9211,8.9211,8.9211,8.9211,8.9211,8.9211,8.9211,8.9211,8.9211,8.9211,8.9211,8.9211,8.9211,8.9211,8.9211,8.9211,8.9211,8.9211,8.9211,8.9211,8.9211,8.9211,8.9211,8.9211,8.9211,8.9211,8.9211,8.9211,8.9211,8.9211,8.9211,8.9211,8.9211,8.9211,8.9211,8.9211,8.9211,8.9211,8.9211,8.9211,8.9211,8.9211,8.9211,8.9211,8.9211,8.9211,8.9211,8.9211,8.9211,8.9211,8.9211,8.9211,8.9211,8.9211,8.9211,8.9211,8.9211,8.9211,8.9211,8.9211,8.9211,8.9211,8.9211,8.9211,8.9211,8.9211,8.9211,8.9211,8.9211,8.9211,8.9211,8.9211,8.9211,8.9211,8.9211,8.9211,8.9211,8.9211,8.9211,8.9211,8.9211,8.9211,8.9211,8.9211,8.9211,8.9211,8.9211,8.9211,8.9211,8.9211,8.9211,8.9211,8.9211,8.9211,8.9211,8.9211,8.9211,8.9211,8.9211,8.9211,8.9211,8.9211,8.9211,8.9211,8.9211,8.9211,8.9211,8.9211,8.9211,8.9211,8.9211,8.9211,8.9211,8.9211,8.9211,8.9211,8.9211,8.9211,8.9211,8.9211,8.9211,8.9211,8.9211,8.9211,8.9211,8.9211,8.9211,8.9211,8.9211,8.9211,8.9211,8.9211,8.9211,8.9211,8.9211,8.9211,8.9211,8.9211,8.9211,8.9211,8.9211,8.9211,8.9211,8.9211,8.9211,8.9211,8.9211,8.9211,8.9211,8.9211,8.9211,8.9211,8.9211,8.9211,8.9211,8.9211,8.9211,8.9211,8.9211,8.9211,8.9211,8.9211,8.9211,8.9211,8.9211,8.9211,8.9211,8.9211,8.9211,8.9211,8.9211,8.9211,8.9211,8.9211,8.9211,8.9211,8.9211,8.9211,8.9211,8.9211,8.9211,8.9211,8.9211,8.9211,8.9211,8.9211,8.9211,8.9211,8.9211,8.9211,8.9211,8.9211,8.9211,8.9211,8.9211,8.9211,8.9211,8.9211,8.9211,8.9211,8.9211,8.9211,8.9211,8.9211,8.9211,8.9211,8.9211,8.9211,8.9211,8.9211,8.9211,8.9211,8.9211,8.9211,8.9211,8.9211,8.9211,8.9211,8.9211,8.9211,8.9211,8.9211,8.9211,8.9211,8.9211,8.9211,8.9211,8.9211,8.9211,8.9211,8.9211,8.9211,8.9211,8.9211,8.9211,8.9211,8.9211,8.9211,8.9211,8.9211,8.9211,8.9211,8.9211,8.9211,8.9211,8.9211,8.9211,8.9211,8.9211,8.9211,8.9211,8.9211,8.9211,8.9211,8.9211,8.9211,8.9211,8.9211,8.9211,8.9211,8.9211,8.9211,8.9211,8.9211,8.9211,8.9211,8.9211,8.9211,8.9211,8.9211,8.9211,8.9211,8.9211,8.9211,8.9211,8.9211,8.9211,8.9211,8.9211,8.9211,8.9211,8.9211,8.9211,8.9211,8.9211,8.9211,8.9211,8.9211,8.9211,8.9211,8.9211,8.9211,8.9211,8.9211,8.9211,8.9211,8.9211,8.9211,8.9211,8.9211,8.9211,8.9211,8.9211,8.9211,8.9211,8.9211,8.9211,8.9211,8.9211,8.9211,8.9211,8.9211,8.9211,8.9211,8.9211,8.9211,8.9211,8.9211,8.9211,8.9211,8.9211,8.9211,8.9211,8.9211,8.9211,8.9211,8.9211,8.9211,8.9211,8.9211,8.9211,8.9211,8.9211,8.9211,8.9211,8.9211,8.9211,8.9211,8.9211,8.9211,8.9211,8.9211,8.9211,8.9211,8.9211,8.9211,8.9211,8.9211,8.9211,8.9211,8.9211,8.9211,8.9211,8.9211,8.9211,8.9211,8.9211,8.9211,8.9211,8.9211,8.9211,8.9211,8.9211,8.9211,8.9211,8.9211,8.9211,8.9211,8.9211,8.9211,8.9211,8.9211,8.9211,8.9211,8.9211,8.9211,8.9211,8.9211,8.9211,8.9211,8.9211,8.9211,8.9211,8.9211,8.9211,8.9211,8.9211,8.9211,8.9211,8.9211,8.9211,8.9211,8.9211,8.9211,8.9211,8.9211,8.9211,8.9211,8.9211,8.9211,8.9211,8.9211,8.9211,8.9211,8.9211,8.9211,8.9211,8.9211,8.9211,8.9211,8.9211,8.9211,8.9211,8.9211,8.9211,8.9211,8.9211,8.9211,8.9211,8.9211,8.9211,8.9211,8.9211,8.9211,8.9211,8.9211,8.9211,8.9211,8.9211,8.9211,8.9211,8.9211,8.9211,8.9211,8.9211,8.9211,8.9211,8.9211,8.9211,8.9211,8.9211,8.9211,8.9211,8.9211,8.9211,8.9211,8.9211,8.9211,8.9211,8.9211,8.9211,8.9211,8.9211,8.9211,8.9211,8.9211,8.9211,8.9211,8.9211,8.9211,8.9211,8.9211,8.9211,8.9211,8.9211,8.9211,8.9211,8.9211,8.9211,8.9211,8.9211,8.9211,8.9211,8.9211,8.9211,8.9211,8.9211,8.9211,8.9211,8.9211,8.9211,8.9211,8.9211,8.9211,8.9211,8.9211,8.9211,8.9211,8.9211,8.9211,8.9211,8.9211,8.9211,8.9211,8.9211,8.9211,8.9211,8.9211,8.9211,8.9211,8.9211,8.9211,8.9211,8.9211,8.9211,8.9211,8.9211,8.9211,8.9211,8.9211,8.9211,8.9211,8.9211,8.9211,8.9211,8.9211,8.9211,8.9211,8.9211,8.9211,8.9211,8.9211,8.9211,8.9211,8.9211,8.9211,8.9211,8.9211,8.9211,8.9211,8.9211,8.9211,8.9211,8.9211,8.9211,8.9211,8.9211,8.9211,8.9211,8.9211,8.9211,8.9211,8.9211,8.9211,8.9211,8.9211,8.9211,8.9211,8.9211,8.9211,8.9211,8.9211,8.9211,8.9211,8.9211,8.9211,8.9211,8.9211,8.9211,8.9211,8.9211,8.9211,8.9211,8.9211,8.9211,8.9211,8.9211,8.9211,8.9211,8.9211,8.9211,8.9211,8.9211,8.9211,8.9211,8.9211,8.9211,8.9211,8.9211,8.9211,8.9211,8.9211,8.9211,8.9211,8.9211,8.9211,8.9211,8.9211,8.9211,8.9211,8.9211,8.9211,8.9211,8.9211,8.9211,8.9211,8.9211,8.9211,8.9211,8.9211,8.9211,8.9211,8.9211,8.9211,8.9211,8.9211,8.9211,8.9211,8.9211,8.9211,8.9211,8.9211,8.9211,8.9211,8.9211,8.9211,8.9211,8.9211,8.9211,8.9211,8.9211,8.9211,8.9211,8.9211,8.9211,8.9211,8.9211,8.9211,8.9211,8.9211,8.9211,8.9211,8.9211,8.9211,8.9211,8.9211,8.9211,8.9211,8.9211,8.9211,8.9211,8.9211,8.9211,8.9211,8.9211,8.9211,8.9211,8.9211,8.9211,8.9211,8.9211,8.9211,8.9211,8.9211,8.9211,8.9211,8.9211,8.9211,8.9211,8.9211,8.9211,8.9211,8.9211,8.9211,8.9211,8.9211,8.9211,8.9211,8.9211,8.9211,8.9211,8.9211,8.9211,8.9211,8.9211,8.9211,8.9211,8.9211,8.9211,8.9211,8.9211,8.9211,8.9211,8.9211,8.9211,8.9211,8.9211,8.9211,8.9211,8.9211,8.9211,8.9211,8.9211,8.9211,8.9211,8.9211,8.9211,8.9211,8.9211,8.9211,8.9211,8.9211,8.9211,8.9211,8.9211,8.9211,8.9211,8.9211,8.9211,8.9211,8.9211,8.9211,8.9211,8.9211,8.9211,8.9211,8.9211,8.9211,8.9211,8.9211,8.9211,8.9211,8.9211,8.9211,8.9211,8.9211,8.9211,8.9211,8.9211,8.9211,8.9211,8.9211,8.9211,8.9211,8.9211,8.9211,8.9211,8.9211,8.9211,8.9211,8.9211,8.9211,8.9211,8.9211,8.9211,8.9211,8.9211,8.9211,8.9211,8.9211,8.9211,8.9211,8.9211,8.9211,8.9211,8.9211,8.9211,8.9211,8.9211,8.9211,8.9211,8.9211,8.9211,8.9211,8.9211,8.9211,8.9211,8.9211,8.9211,8.9211,8.9211,8.9211,8.9211,8.9211,8.9211,8.9211,8.9211,8.9211,8.9211,8.9211,8.9211,8.9211,8.9211,8.9211,8.9211,8.9211,8.9211,8.9211,8.9211,8.9211,8.9211,8.9211,8.9211,8.9211,8.9211,8.9211,8.9211,8.9211,8.9211,8.9211,8.9211,8.9211,8.9211,8.9211,8.9211,8.9211,8.9211,8.9211,8.9211,8.9211,8.9211,8.9211,8.9211,8.9211,8.9211,8.9211,8.9211,8.9211,8.9211,8.9211,8.9211,8.9211,8.9211,8.9211,8.9211,8.9211,8.9211,8.9211,8.9211,8.9211,8.9211,8.9211,8.9211,8.9211,8.9211,8.9211,8.9211,8.9211,8.9211,8.9211,8.9211,8.9211,8.9211,8.9211,8.9211,8.9211,8.9211,8.9211,8.9211,8.9211,8.9211,8.9211,8.9211,8.9211,8.9211,8.9211,8.9211,8.9211,8.9211,8.9211,8.9211,8.9211,8.9211,8.9211,8.9211,8.9211,8.9211,8.9211,8.9211,8.9211,8.9211,8.9211,8.9211,8.9211,8.9211,8.9211,8.9211,8.9211,8.9211,8.9211,8.9211,8.9211,8.9211,8.9211,8.9211,8.9211,8.9211,8.9211,8.9211,8.9211,8.9211,8.9211,8.9211,8.9211,8.9211,8.9211,8.9211,8.9211,8.9211,8.9211,8.9211,8.9211,8.9211,8.9211,8.9211,8.9211,8.9211,8.9211,8.9211,8.9211,8.9211,8.9211,8.9211,8.9211,8.9211,8.9211,8.9211,8.9211,8.9211,8.9211,8.9211,8.9211,8.9211,8.9211,8.9211,8.9211,8.9211,8.9211,8.9211,8.9211,8.9211,8.9211,8.9211,8.9211,8.9211,8.9211,8.9211,8.9211,8.9211,8.9211,8.9211,8.9211,8.9211,8.9211,8.9211,8.9211,8.9211,8.9211,8.9211,8.9211,8.9211,8.9211,8.9211,8.9211,8.9211,8.9211,8.9211,8.9211
8.9121,8.9121,8.9121,8.9121,8.9121,8.9121,8.9121,8.9121,8.9121,8.9121,8.9121,8.9121,8.9121,8.9121,8.9121,8.9121,8.9121,8.9121,8.9121,8.9121,8.9121,8.9121,8.9121,8.9121,8.9121,8.9121,8.9121,8.9121,8.9121,8.9121,8.9121,8.9121,8.9121,8.9121,8.9121,8.9121,8.9121,8.9121,8.9121,8.9121,8.9121,8.9121,8.9121,8.9121,8.9121,8.9121,8.9121,8.9121,8.9121,8.9121,8.9121,8.9121,8.9121,8.9121,8.9121,8.9121,8.9121,8.9121,8.9121,8.9121,8.9121,8.9121,8.9121,8.9121,8.9121,8.9121,8.9121,8.9121,8.9121,8.9121,8.9121,8.9121,8.9121,8.9121,8.9121,8.9121,8.9121,8.9121,8.9121,8.9121,8.9121,8.9121,8.9121,8.9121,8.9121,8.9121,8.9121,8.9121,8.9121,8.9121,8.9121,8.9121,8.9121,8.9121,8.9121,8.9121,8.9121,8.9121,8.9121,8.9121,8.9121,8.9121,8.9121,8.9121,8.9121,8.9121,8.9121,8.9121,8.9121,8.9121,8.9121,8.9121,8.9121,8.9121,8.9121,8.9121,8.9121,8.9121,8.9121,8.9121,8.9121,8.9121,8.9121,8.9121,8.9121,8.9121,8.9121,8.9121,8.9121,8.9121,8.9121,8.9121,8.9121,8.9121,8.9121,8.9121,8.9121,8.9121,8.9121,8.9121,8.9121,8.9121,8.9121,8.9121,8.9121,8.9121,8.9121,8.9121,8.9121,8.9121,8.9121,8.9121,8.9121,8.9121,8.9121,8.9121,8.9121,8.9121,8.9121,8.9121,8.9121,8.9121,8.9121,8.9121,8.9121,8.9121,8.9121,8.9121,8.9121,8.9121,8.9121,8.9121,8.9121,8.9121,8.9121,8.9121,8.9121,8.9121,8.9121,8.9121,8.9121,8.9121,8.9121,8.9121,8.9121,8.9121,8.9121,8.9121,8.9121,8.9121,8.9121,8.9121,8.9121,8.9121,8.9121,8.9121,8.9121,8.9121,8.9121,8.9121,8.9121,8.9121,8.9121,8.9121,8.9121,8.9121,8.9121,8.9121,8.9121,8.9121,8.9121,8.9121,8.9121,8.9121,8.9121,8.9121,8.9121,8.9121,8.9121,8.9121,8.9121,8.9121,8.9121,8.9121,8.9121,8.9121,8.9121,8.9121,8.9121,8.9121,8.9121,8.9121,8.9121,8.9121,8.9121,8.9121,8.9121,8.9121,8.9121,8.9121,8.9121,8.9121,8.9121,8.9121,8.9121,8.9121,8.9121,8.9121,8.9121,8.9121,8.9121,8.9121,8.9121,8.9121,8.9121,8.9121,8.9121,8.9121,8.9121,8.9121,8.9121,8.9121,8.9121,8.9121,8.9121,8.9121,8.9121,8.9121,8.9121,8.9121,8.9121,8.9121,8.9121,8.9121,8.9121,8.9121,8.9121,8.9121,8.9121,8.9121,8.9121,8.9121,8.9121,8.9121,8.9121,8.9121,8.9121,8.9121,8.9121,8.9121,8.9121,8.9121,8.9121,8.9121,8.9121,8.9121,8.9121,8.9121,8.9121,8.9121,8.9121,8.9121,8.9121,8.9121,8.9121,8.9121,8.9121,8.9121,8.9121,8.9121,8.9121,8.9121,8.9121,8.9121,8.9121,8.9121,8.9121,8.9121,8.9121,8.9121,8.9121,8.9121,8.9121,8.9121,8.9121,8.9121,8.9121,8.9121,8.9121,8.9121,8.9121,8.9121,8.9121,8.9121,8.9121,8.9121,8.9121,8.9121,8.9121,8.9121,8.9121,8.9121,8.9121,8.9121,8.9121,8.9121,8.9121,8.9121,8.9121,8.9121,8.9121,8.9121,8.9121,8.9121,8.9121,8.9121,8.9121,8.9121,8.9121,8.9121,8.9121,8.9121,8.9121,8.9121,8.9121,8.9121,8.9121,8.9121,8.9121,8.9121,8.9121,8.9121,8.9121,8.9121,8.9121,8.9121,8.9121,8.9121,8.9121,8.9121,8.9121,8.9121,8.9121,8.9121,8.9121,8.9121,8.9121,8.9121,8.9121,8.9121,8.9121,8.9121,8.9121,8.9121,8.9121,8.9121,8.9121,8.9121,8.9121,8.9121,8.9121,8.9121,8.9121,8.9121,8.9121,8.9121,8.9121,8.9121,8.9121,8.9121,8.9121,8.9121,8.9121,8.9121,8.9121,8.9121,8.9121,8.9121,8.9121,8.9121,8.9121,8.9121,8.9121,8.9121,8.9121,8.9121,8.9121,8.9121,8.9121,8.9121,8.9121,8.9121,8.9121,8.9121,8.9121,8.9121,8.9121,8.9121,8.9121,8.9121,8.9121,8.9121,8.9121,8.9121,8.9121,8.9121,8.9121,8.9121,8.9121,8.9121,8.9121,8.9121,8.9121,8.9121,8.9121,8.9121,8.9121,8.9121,8.9121,8.9121,8.9121,8.9121,8.9121,8.9121,8.9121,8.9121,8.9121,8.9121,8.9121,8.9121,8.9121,8.9121,8.9121,8.9121,8.9121,8.9121,8.9121,8.9121,8.9121,8.9121,8.9121,8.9121,8.9121,8.9121,8.9121,8.9121,8.9121,8.9121,8.9121,8.9121,8.9121,8.9121,8.9121,8.9121,8.9121,8.9121,8.9121,8.9121,8.9121,8.9121,8.9121,8.9121,8.9121,8.9121,8.9121,8.9121,8.9121,8.9121,8.9121,8.9121,8.9121,8.9121,8.9121,8.9121,8.9121,8.9121,8.9121,8.9121,8.9121,8.9121,8.9121,8.9121,8.9121,8.9121,8.9121,8.9121,8.9121,8.9121,8.9121,8.9121,8.9121,8.9121,8.9121,8.9121,8.9121,8.9121,8.9121,8.9121,8.9121,8.9121,8.9121,8.9121,8.9121,8.9121,8.9121,8.9121,8.9121,8.9121,8.9121,8.9121,8.9121,8.9121,8.9121,8.9121,8.9121,8.9121,8.9121,8.9121,8.9121,8.9121,8.9121,8.9121,8.9121,8.9121,8.9121,8.9121,8.9121,8.9121,8.9121,8.9121,8.9121,8.9121,8.9121,8.9121,8.9121,8.9121,8.9121,8.9121,8.9121,8.9121,8.9121,8.9121,8.9121,8.9121,8.9121,8.9121,8.9121,8.9121,8.9121,8.9121,8.9121,8.9121,8.9121,8.9121,8.9121,8.9121,8.9121,8.9121,8.9121,8.9121,8.9121,8.9121,8.9121,8.9121,8.9121,8.9121,8.9121,8.9121,8.9121,8.9121,8.9121,8.9121,8.9121,8.9121,8.9121,8.9121,8.9121,8.9121,8.9121,8.9121,8.9121,8.9121,8.9121,8.9121,8.9121,8.9121,8.9121,8.9121,8.9121,8.9121,8.9121,8.9121,8.9121,8.9121,8.9121,8.9121,8.9121,8.9121,8.9121,8.9121,8.9121,8.9121,8.9121,8.9121,8.9121,8.9121,8.9121,8.9121,8.9121,8.9121,8.9121,8.9121,8.9121,8.9121,8.9121,8.9121,8.9121,8.9121,8.9121,8.9121,8.9121,8.9121,8.9121,8.9121,8.9121,8.9121,8.9121,8.9121,8.9121,8.9121,8.9121,8.9121,8.9121,8.9121,8.9121,8.9121,8.9121,8.9121,8.9121,8.9121,8.9121,8.9121,8.9121,8.9121,8.9121,8.9121,8.9121,8.9121,8.9121,8.9121,8.9121,8.9121,8.9121,8.9121,8.9121,8.9121,8.9121,8.9121,8.9121,8.9121,8.9121,8.9121,8.9121,8.9121,8.9121,8.9121,8.9121,8.9121,8.9121,8.9121,8.9121,8.9121,8.9121,8.9121,8.9121,8.9121,8.9121,8.9121,8.9121,8.9121,8.9121,8.9121,8.9121,8.9121,8.9121,8.9121,8.9121,8.9121,8.9121,8.9121,8.9121,8.9121,8.9121,8.9121,8.9121,8.9121,8.9121,8.9121,8.9121,8.9121,8.9121,8.9121,8.9121,8.9121,8.9121,8.9121,8.9121,8.9121,8.9121,8.9121,8.9121,8.9121,8.9121,8.9121,8.9121,8.9121,8.9121,8.9121,8.9121,8.9121,8.9121,8.9121,8.9121,8.9121,8.9121,8.9121,8.9121,8.9121,8.9121,8.9121,8.9121,8.9121,8.9121,8.9121,8.9121,8.9121,8.9121,8.9121,8.9121,8.9121,8.9121,8.9121,8.9121,8.9121,8.9121,8.9121,8.9121,8.9121,8.9121,8.9121,8.9121,8.9121,8.9121,8.9121,8.9121,8.9121,8.9121,8.9121,8.9121,8.9121,8.9121,8.9121,8.9121,8.9121,8.9121,8.9121,8.9121,8.9121,8.9121,8.9121,8.9121,8.9121,8.9121,8.9121,8.9121,8.9121,8.9121,8.9121,8.9121,8.9121,8.9121,8.9121,8.9121,8.9121,8.9121,8.9121,8.9121,8.9121,8.9121,8.9121,8.9121,8.9121,8.9121,8.9121,8.9121,8.9121,8.9121,8.9121,8.9121,8.9121,8.9121,8.9121,8.9121,8.9121,8.9121,8.9121,8.9121,8.9121,8.9121,8.9121,8.9121,8.9121,8.9121,8.9121,8.9121,8.9121,8.9121,8.9121,8.9121,8.9121,8.9121,8.9121,8.9121,8.9121,8.9121,8.9121,8.9121,8.9121,8.9121,8.9121,8.9121,8.9121,8.9121,8.9121,8.9121,8.9121,8.9121,8.9121,8.9121,8.9121,8.9121,8.9121,8.9121,8.9121,8.9121,8.9121,8.9121,8.9121,8.9121,8.9121,8.9121,8.9121,8.9121,8.9121,8.9121,8.9121,8.9121,8.9121,8.9121,8.9121,8.9121,8.9121,8.9121,8.9121,8.9121,8.9121,8.9121,8.9121,8.9121,8.9121,8.9121,8.9121,8.9121,8.9121,8.9121,8.9121,8.9121,8.9121,8.9121,8.9121,8.9121,8.9121,8.9121,8.9121,8.9121,8.9121,8.9121,8.9121,8.9121,8.9121,8.9121,8.9121,8.9121,8.9121,8.9121,8.9121,8.9121,8.9121,8.9121,8.9121,8.9121,8.9121,8.9121,8.9121,8.9121,8.9121,8.9121,8.9121,8.9121,8.9121,8.9121,8.9121,8.9121,8.9121,8.9121,8.9121,8.9121,8.9121,8.9121,8.9121
8.9027,8.9027,8.9027,8.9027,8.9027,8.9027,8.9027,8.9027,8.9027,8.9027,8.9027,8.9027,8.9027,8.9027,8.9027,8.9027,8.9027,8.9027,8.9027,8.9027,8.9027,8.9027,8.9027,8.9027,8.9027,8.9027,8.9027,8.9027,8.9027,8.9027,8.9027,8.9027,8.9027,8.9027,8.9027,8.9027,8.9027,8.9027,8.9027,8.9027,8.9027,8.9027,8.9027,8.9027,8.9027,8.9027,8.9027,8.9027,8.9027,8.9027,8.9027,8.9027,8.9027,8.9027,8.9027,8.9027,8.9027,8.9027,8.9027,8.9027,8.9027,8.9027,8.9027,8.9027,8.9027,8.9027,8.9027,8.9027,8.9027,8.9027,8.9027,8.9027,8.9027,8.9027,8.9027,8.9027,8.9027,8.9027,8.9027,8.9027,8.9027,8.9027,8.9027,8.9027,8.9027,8.9027,8.9027,8.9027,8.9027,8.9027,8.9027,8.9027,8.9027,8.9027,8.9027,8.9027,8.9027,8.9027,8.9027,8.9027,8.9027,8.9027,8.9027,8.9027,8.9027,8.9027,8.9027,8.9027,8.9027,8.9027,8.9027,8.9027,8.9027,8.9027,8.9027,8.9027,8.9027,8.9027,8.9027,8.9027,8.9027,8.9027,8.9027,8.9027,8.9027,8.9027,8.9027,8.9027,8.9027,8.9027,8.9027,8.9027,8.9027,8.9027,8.9027,8.9027,8.9027,8.9027,8.9027,8.9027,8.9027,8.9027,8.9027,8.9027,8.9027,8.9027,8.9027,8.9027,8.9027,8.9027,8.9027,8.9027,8.9027,8.9027,8.9027,8.9027,8.9027,8.9027,8.9027,8.9027,8.9027,8.9027,8.9027,8.9027,8.9027,8.9027,8.9027,8.9027,8.9027,8.9027,8.9027,8.9027,8.9027,8.9027,8.9027,8.9027,8.9027,8.9027,8.9027,8.9027,8.9027,8.9027,8.9027,8.9027,8.9027,8.9027,8.9027,8.9027,8.9027,8.9027,8.9027,8.9027,8.9027,8.9027,8.9027,8.9027,8.9027,8.9027,8.9027,8.9027,8.9027,8.9027,8.9027,8.9027,8.9027,8.9027,8.9027,8.9027,8.9027,8.9027,8.9027,8.9027,8.9027,8.9027,8.9027,8.9027,8.9027,8.9027,8.9027,8.9027,8.9027,8.9027,8.9027,8.9027,8.9027,8.9027,8.9027,8.9027,8.9027,8.9027,8.9027,8.9027,8.9027,8.9027,8.9027,8.9027,8.9027,8.9027,8.9027,8.9027,8.9027,8.9027,8.9027,8.9027,8.9027,8.9027,8.9027,8.9027,8.9027,8.9027,8.9027,8.9027,8.9027,8.9027,8.9027,8.9027,8.9027,8.9027,8.9027,8.9027,8.9027,8.9027,8.9027,8.9027,8.9027,8.9027,8.9027,8.9027,8.9027,8.9027,8.9027,8.9027,8.9027,8.9027,8.9027,8.9027,8.9027,8.9027,8.9027,8.9027,8.9027,8.9027,8.9027,8.9027,8.9027,8.9027,8.9027,8.9027,8.9027,8.9027,8.9027,8.9027,8.9027,8.9027,8.9027,8.9027,8.9027,8.9027,8.9027,8.9027,8.9027,8.9027,8.9027,8.9027,8.9027,8.9027,8.9027,8.9027,8.9027,8.9027,8.9027,8.9027,8.9027,8.9027,8.9027,8.9027,8.9027,8.9027,8.9027,8.9027,8.9027,8.9027,8.9027,8.9027,8.9027,8.9027,8.9027,8.9027,8.9027,8.9027,8.9027,8.9027,8.9027,8.9027,8.9027,8.9027,8.9027,8.9027,8.9027,8.9027,8.9027,8.9027,8.9027,8.9027,8.9027,8.9027,8.9027,8.9027,8.9027,8.9027,8.9027,8.9027,8.9027,8.9027,8.9027,8.9027,8.9027,8.9027,8.9027,8.9027,8.9027,8.9027,8.9027,8.9027,8.9027,8.9027,8.9027,8.9027,8.9027,8.9027,8.9027,8.9027,8.9027,8.9027,8.9027,8.9027,8.9027,8.9027,8.9027,8.9027,8.9027,8.9027,8.9027,8.9027,8.9027,8.9027,8.9027,8.9027,8.9027,8.9027,8.9027,8.9027,8.9027,8.9027,8.9027,8.9027,8.9027,8.9027,8.9027,8.9027,8.9027,8.9027,8.9027,8.9027,8.9027,8.9027,8.9027,8.9027,8.9027,8.9027,8.9027,8.9027,8.9027,8.9027,8.9027,8.9027,8.9027,8.9027,8.9027,8.9027,8.9027,8.9027,8.9027,8.9027,8.9027,8.9027,8.9027,8.9027,8.9027,8.9027,8.9027,8.9027,8.9027,8.9027,8.9027,8.9027,8.9027,8.9027,8.9027,8.9027,8.9027,8.9027,8.9027,8.9027,8.9027,8.9027,8.9027,8.9027,8.9027,8.9027,8.9027,8.9027,8.9027,8.9027,8.9027,8.9027,8.9027,8.9027,8.9027,8.9027,8.9027,8.9027,8.9027,8.9027,8.9027,8.9027,8.9027,8.9027,8.9027,8.9027,8.9027,8.9027,8.9027,8.9027,8.9027,8.9027,8.9027,8.9027,8.9027,8.9027,8.9027,8.9027,8.9027,8.9027,8.9027,8.9027,8.9027,8.9027,8.9027,8.9027,8.9027,8.9027,8.9027,8.9027,8.9027,8.9027,8.9027,8.9027,8.9027,8.9027,8.9027,8.9027,8.9027,8.9027,8.9027,8.9027,8.9027,8.9027,8.9027,8.9027,8.9027,8.9027,8.9027,8.9027,8.9027,8.9027,8.9027,8.9027,8.9027,8.9027,8.9027,8.9027,8.9027,8.9027,8.9027,8.9027,8.9027,8.9027,8.9027,8.9027,8.9027,8.9027,8.9027,8.9027,8.9027,8.9027,8.9027,8.9027,8.9027,8.9027,8.9027,8.9027,8.9027,8.9027,8.9027,8.9027,8.9027,8.9027,8.9027,8.9027,8.9027,8.9027,8.9027,8.9027,8.9027,8.9027,8.9027,8.9027,8.9027,8.9027,8.9027,8.9027,8.9027,8.9027,8.9027,8.9027,8.9027,8.9027,8.9027,8.9027,8.9027,8.9027,8.9027,8.9027,8.9027,8.9027,8.9027,8.9027,8.9027,8.9027,8.9027,8.9027,8.9027,8.9027,8.9027,8.9027,8.9027,8.9027,8.9027,8.9027,8.9027,8.9027,8.9027,8.9027,8.9027,8.9027,8.9027,8.9027,8.9027,8.9027,8.9027,8.9027,8.9027,8.9027,8.9027,8.9027,8.9027,8.9027,8.9027,8.9027,8.9027,8.9027,8.9027,8.9027,8.9027,8.9027,8.9027,8.9027,8.9027,8.9027,8.9027,8.9027,8.9027,8.9027,8.9027,8.9027,8.9027,8.9027,8.9027,8.9027,8.9027,8.9027,8.9027,8.9027,8.9027,8.9027,8.9027,8.9027,8.9027,8.9027,8.9027,8.9027,8.9027,8.9027,8.9027,8.9027,8.9027,8.9027,8.9027,8.9027,8.9027,8.9027,8.9027,8.9027,8.9027,8.9027,8.9027,8.9027,8.9027,8.9027,8.9027,8.9027,8.9027,8.9027,8.9027,8.9027,8.9027,8.9027,8.9027,8.9027,8.9027,8.9027,8.9027,8.9027,8.9027,8.9027,8.9027,8.9027,8.9027,8.9027,8.9027,8.9027,8.9027,8.9027,8.9027,8.9027,8.9027,8.9027,8.9027,8.9027,8.9027,8.9027,8.9027,8.9027,8.9027,8.9027,8.9027,8.9027,8.9027,8.9027,8.9027,8.9027,8.9027,8.9027,8.9027,8.9027,8.9027,8.9027,8.9027,8.9027,8.9027,8.9027,8.9027,8.9027,8.9027,8.9027,8.9027,8.9027,8.9027,8.9027,8.9027,8.9027,8.9027,8.9027,8.9027,8.9027,8.9027,8.9027,8.9027,8.9027,8.9027,8.9027,8.9027,8.9027,8.9027,8.9027,8.9027,8.9027,8.9027,8.9027,8.9027,8.9027,8.9027,8.9027,8.9027,8.9027,8.9027,8.9027,8.9027,8.9027,8.9027,8.9027,8.9027,8.9027,8.9027,8.9027,8.9027,8.9027,8.9027,8.9027,8.9027,8.9027,8.9027,8.9027,8.9027,8.9027,8.9027,8.9027,8.9027,8.9027,8.9027,8.9027,8.9027,8.9027,8.9027,8.9027,8.9027,8.9027,8.9027,8.9027,8.9027,8.9027,8.9027,8.9027,8.9027,8.9027,8.9027,8.9027,8.9027,8.9027,8.9027,8.9027,8.9027,8.9027,8.9027,8.9027,8.9027,8.9027,8.9027,8.9027,8.9027,8.9027,8.9027,8.9027,8.9027,8.9027,8.9027,8.9027,8.9027,8.9027,8.9027,8.9027,8.9027,8.9027,8.9027,8.9027,8.9027,8.9027,8.9027,8.9027,8.9027,8.9027,8.9027,8.9027,8.9027,8.9027,8.9027,8.9027,8.9027,8.9027,8.9027,8.9027,8.9027,8.9027,8.9027,8.9027,8.9027,8.9027,8.9027,8.9027,8.9027,8.9027,8.9027,8.9027,8.9027,8.9027,8.9027,8.9027,8.9027,8.9027,8.9027,8.9027,8.9027,8.9027,8.9027,8.9027,8.9027,8.9027,8.9027,8.9027,8.9027,8.9027,8.9027,8.9027,8.9027,8.9027,8.9027,8.9027,8.9027,8.9027,8.9027,8.9027,8.9027,8.9027,8.9027,8.9027,8.9027,8.9027,8.9027,8.9027,8.9027,8.9027,8.9027,8.9027,8.9027,8.9027,8.9027,8.9027,8.9027,8.9027,8.9027,8.9027,8.9027,8.9027,8.9027,8.9027,8.9027,8.9027,8.9027,8.9027,8.9027,8.9027,8.9027,8.9027,8.9027,8.9027,8.9027,8.9027,8.9027,8.9027,8.9027,8.9027,8.9027,8.9027,8.9027,8.9027,8.9027,8.9027,8.9027,8.9027,8.9027,8.9027,8.9027,8.9027,8.9027,8.9027,8.9027,8.9027,8.9027,8.9027,8.9027,8.9027,8.9027,8.9027,8.9027,8.9027,8.9027,8.9027,8.9027,8.9027,8.9027,8.9027,8.9027,8.9027,8.9027,8.9027,8.9027,8.9027,8.9027,8.9027,8.9027,8.9027,8.9027,8.9027,8.9027,8.9027,8.9027,8.9027,8.9027,8.9027
8.8947,8.8947,8.8947,8.8947,8.8947,8.8947,8.8947,8.8947,8.8947,8.8947,8.8947,8.8947,8.8947,8.8947,8.8947,8.8947,8.8947,8.8947,8.8947,8.8947,8.8947,8.8947,8.8947,8.8947,8.8947,8.8947,8.8947,8.8947,8.8947,8.8947,8.8947,8.8947,8.8947,8.8947,8.8947,8.8947,8.8947,8.8947,8.8947,8.8947,8.8947,8.8947,8.8947,8.8947,8.8947,8.8947,8.8947,8.8947,8.8947,8.8947,8.8947,8.8947,8.8947,8.8947,8.8947,8.8947,8.8947,8.8947,8.8947,8.8947,8.8947,8.8947,8.8947,8.8947,8.8947,8.8947,8.8947,8.8947,8.8947,8.8947,8.8947,8.8947,8.8947,8.8947,8.8947,8.8947,8.8947,8.8947,8.8947,8.8947,8.8947,8.8947,8.8947,8.8947,8.8947,8.8947,8.8947,8.8947,8.8947,8.8947,8.8947,8.8947,8.8947,8.8947,8.8947,8.8947,8.8947,8.8947,8.8947,8.8947,8.8947,8.8947,8.8947,8.8947,8.8947,8.8947,8.8947,8.8947,8.8947,8.8947,8.8947,8.8947,8.8947,8.8947,8.8947,8.8947,8.8947,8.8947,8.8947,8.8947,8.8947,8.8947,8.8947,8.8947,8.8947,8.8947,8.8947,8.8947,8.8947,8.8947,8.8947,8.8947,8.8947,8.8947,8.8947,8.8947,8.8947,8.8947,8.8947,8.8947,8.8947,8.8947,8.8947,8.8947,8.8947,8.8947,8.8947,8.8947,8.8947,8.8947,8.8947,8.8947,8.8947,8.8947,8.8947,8.8947,8.8947,8.8947,8.8947,8.8947,8.8947,8.8947,8.8947,8.8947,8.8947,8.8947,8.8947,8.8947,8.8947,8.8947,8.8947,8.8947,8.8947,8.8947,8.8947,8.8947,8.8947,8.8947,8.8947,8.8947,8.8947,8.8947,8.8947,8.8947,8.8947,8.8947,8.8947,8.8947,8.8947,8.8947,8.8947,8.8947,8.8947,8.8947,8.8947,8.8947,8.8947,8.8947,8.8947,8.8947,8.8947,8.8947,8.8947,8.8947,8.8947,8.8947,8.8947,8.8947,8.8947,8.8947,8.8947,8.8947,8.8947,8.8947,8.8947,8.8947,8.8947,8.8947,8.8947,8.8947,8.8947,8.8947,8.8947,8.8947,8.8947,8.8947,8.8947,8.8947,8.8947,8.8947,8.8947,8.8947,8.8947,8.8947,8.8947,8.8947,8.8947,8.8947,8.8947,8.8947,8.8947,8.8947,8.8947,8.8947,8.8947,8.8947,8.8947,8.8947,8.8947,8.8947,8.8947,8.8947,8.8947,8.8947,8.8947,8.8947,8.8947,8.8947,8.8947,8.8947,8.8947,8.8947,8.8947,8.8947,8.8947,8.8947,8.8947,8.8947,8.8947,8.8947,8.8947,8.8947,8.8947,8.8947,8.8947,8.8947,8.8947,8.8947,8.8947,8.8947,8.8947,8.8947,8.8947,8.8947,8.8947,8.8947,8.8947,8.8947,8.8947,8.8947,8.8947,8.8947,8.8947,8.8947,8.8947,8.8947,8.8947,8.8947,8.8947,8.8947,8.8947,8.8947,8.8947,8.8947,8.8947,8.8947,8.8947,8.8947,8.8947,8.8947,8.8947,8.8947,8.8947,8.8947,8.8947,8.8947,8.8947,8.8947,8.8947,8.8947,8.8947,8.8947,8.8947,8.8947,8.8947,8.8947,8.8947,8.8947,8.8947,8.8947,8.8947,8.8947,8.8947,8.8947,8.8947,8.8947,8.8947,8.8947,8.8947,8.8947,8.8947,8.8947,8.8947,8.8947,8.8947,8.8947,8.8947,8.8947,8.8947,8.8947,8.8947,8.8947,8.8947,8.8947,8.8947,8.8947,8.8947,8.8947,8.8947,8.8947,8.8947,8.8947,8.8947,8.8947,8.8947,8.8947,8.8947,8.8947,8.8947,8.8947,8.8947,8.8947,8.8947,8.8947,8.8947,8.8947,8.8947,8.8947,8.8947,8.8947,8.8947,8.8947,8.8947,8.8947,8.8947,8.8947,8.8947,8.8947,8.8947,8.8947,8.8947,8.8947,8.8947,8.8947,8.8947,8.8947,8.8947,8.8947,8.8947,8.8947,8.8947,8.8947,8.8947,8.8947,8.8947,8.8947,8.8947,8.8947,8.8947,8.8947,8.8947,8.8947,8.8947,8.8947,8.8947,8.8947,8.8947,8.8947,8.8947,8.8947,8.8947,8.8947,8.8947,8.8947,8.8947,8.8947,8.8947,8.8947,8.8947,8.8947,8.8947,8.8947,8.8947,8.8947,8.8947,8.8947,8.8947,8.8947,8.8947,8.8947,8.8947,8.8947,8.8947,8.8947,8.8947,8.8947,8.8947,8.8947,8.8947,8.8947,8.8947,8.8947,8.8947,8.8947,8.8947,8.8947,8.8947,8.8947,8.8947,8.8947,8.8947,8.8947,8.8947,8.8947,8.8947,8.8947,8.8947,8.8947,8.8947,8.8947,8.8947,8.8947,8.8947,8.8947,8.8947,8.8947,8.8947,8.8947,8.8947,8.8947,8.8947,8.8947,8.8947,8.8947,8.8947,8.8947,8.8947,8.8947,8.8947,8.8947,8.8947,8.8947,8.8947,8.8947,8.8947,8.8947,8.8947,8.8947,8.8947,8.8947,8.8947,8.8947,8.8947,8.8947,8.8947,8.8947,8.8947,8.8947,8.8947,8.8947,8.8947,8.8947,8.8947,8.8947,8.8947,8.8947,8.8947,8.8947,8.8947,8.8947,8.8947,8.8947,8.8947,8.8947,8.8947,8.8947,8.8947,8.8947,8.8947,8.8947,8.8947,8.8947,8.8947,8.8947,8.8947,8.8947,8.8947,8.8947,8.8947,8.8947,8.8947,8.8947,8.8947,8.8947,8.8947,8.8947,8.8947,8.8947,8.8947,8.8947,8.8947,8.8947,8.8947,8.8947,8.8947,8.8947,8.8947,8.8947,8.8947,8.8947,8.8947,8.8947,8.8947,8.8947,8.8947,8.8947,8.8947,8.8947,8.8947,8.8947,8.8947,8.8947,8.8947,8.8947,8.8947,8.8947,8.8947,8.8947,8.8947,8.8947,8.8947,8.8947,8.8947,8.8947,8.8947,8.8947,8.8947,8.8947,8.8947,8.8947,8.8947,8.8947,8.8947,8.8947,8.8947,8.8947,8.8947,8.8947,8.8947,8.8947,8.8947,8.8947,8.8947,8.8947,8.8947,8.8947,8.8947,8.8947,8.8947,8.8947,8.8947,8.8947,8.8947,8.8947,8.8947,8.8947,8.8947,8.8947,8.8947,8.8947,8.8947,8.8947,8.8947,8.8947,8.8947,8.8947,8.8947,8.8947,8.8947,8.8947,8.8947,8.8947,8.8947,8.8947,8.8947,8.8947,8.8947,8.8947,8.8947,8.8947,8.8947,8.8947,8.8947,8.8947,8.8947,8.8947,8.8947,8.8947,8.8947,8.8947,8.8947,8.8947,8.8947,8.8947,8.8947,8.8947,8.8947,8.8947,8.8947,8.8947,8.8947,8.8947,8.8947,8.8947,8.8947,8.8947,8.8947,8.8947,8.8947,8.8947,8.8947,8.8947,8.8947,8.8947,8.8947,8.8947,8.8947,8.8947,8.8947,8.8947,8.8947,8.8947,8.8947,8.8947,8.8947,8.8947,8.8947,8.8947,8.8947,8.8947,8.8947,8.8947,8.8947,8.8947,8.8947,8.8947,8.8947,8.8947,8.8947,8.8947,8.8947,8.8947,8.8947,8.8947,8.8947,8.8947,8.8947,8.8947,8.8947,8.8947,8.8947,8.8947,8.8947,8.8947,8.8947,8.8947,8.8947,8.8947,8.8947,8.8947,8.8947,8.8947,8.8947,8.8947,8.8947,8.8947,8.8947,8.8947,8.8947,8.8947,8.8947,8.8947,8.8947,8.8947,8.8947,8.8947,8.8947,8.8947,8.8947,8.8947,8.8947,8.8947,8.8947,8.8947,8.8947,8.8947,8.8947,8.8947,8.8947,8.8947,8.8947,8.8947,8.8947,8.8947,8.8947,8.8947,8.8947,8.8947,8.8947,8.8947,8.8947,8.8947,8.8947,8.8947,8.8947,8.8947,8.8947,8.8947,8.8947,8.8947,8.8947,8.8947,8.8947,8.8947,8.8947,8.8947,8.8947,8.8947,8.8947,8.8947,8.8947,8.8947,8.8947,8.8947,8.8947,8.8947,8.8947,8.8947,8.8947,8.8947,8.8947,8.8947,8.8947,8.8947,8.8947,8.8947,8.8947,8.8947,8.8947,8.8947,8.8947,8.8947,8.8947,8.8947,8.8947,8.8947,8.8947,8.8947,8.8947,8.8947,8.8947,8.8947,8.8947,8.8947,8.8947,8.8947,8.8947,8.8947,8.8947,8.8947,8.8947,8.8947,8.8947,8.8947,8.8947,8.8947,8.8947,8.8947,8.8947,8.8947,8.8947,8.8947,8.8947,8.8947,8.8947,8.8947,8.8947,8.8947,8.8947,8.8947,8.8947,8.8947,8.8947,8.8947,8.8947,8.8947,8.8947,8.8947,8.8947,8.8947,8.8947,8.8947,8.8947,8.8947,8.8947,8.8947,8.8947,8.8947,8.8947,8.8947,8.8947,8.8947,8.8947,8.8947,8.8947,8.8947,8.8947,8.8947,8.8947,8.8947,8.8947,8.8947,8.8947,8.8947,8.8947,8.8947,8.8947,8.8947,8.8947,8.8947,8.8947,8.8947,8.8947,8.8947,8.8947,8.8947,8.8947,8.8947,8.8947,8.8947,8.8947,8.8947,8.8947,8.8947,8.8947,8.8947,8.8947,8.8947,8.8947,8.8947,8.8947,8.8947,8.8947,8.8947,8.8947,8.8947,8.8947,8.8947,8.8947,8.8947,8.8947,8.8947,8.8947,8.8947,8.8947,8.8947,8.8947,8.8947,8.8947,8.8947,8.8947,8.8947,8.8947,8.8947,8.8947,8.8947,8.8947,8.8947,8.8947,8.8947,8.8947,8.8947,8.8947,8.8947,8.8947,8.8947,8.8947,8.8947,8.8947,8.8947,8.8947,8.8947,8.8947,8.8947,8.8947,8.8947,8.8947,8.8947,8.8947,8.8947,8.8947,8.8947,8.8947,8.8947,8.8947,8.8947,8.8947,8.8947,8.8947,8.8947
8.8852,8.8852,8.8852,8.8852,8.8852,8.8852,8.8852,8.8852,8.8852,8.8852,8.8852,8.8852,8.8852,8.8852,8.8852,8.8852,8.8852,8.8852,8.8852,8.8852,8.8852,8.8852,8.8852,8.8852,8.8852,8.8852,8.8852,8.8852,8.8852,8.8852,8.8852,8.8852,8.8852,8.8852,8.8852,8.8852,8.8852,8.8852,8.8852,8.8852,8.8852,8.8852,8.8852,8.8852,8.8852,8.8852,8.8852,8.8852,8.8852,8.8852,8.8852,8.8852,8.8852,8.8852,8.8852,8.8852,8.8852,8.8852,8.8852,8.8852,8.8852,8.8852,8.8852,8.8852,8.8852,8.8852,8.8852,8.8852,8.8852,8.8852,8.8852,8.8852,8.8852,8.8852,8.8852,8.8852,8.8852,8.8852,8.8852,8.8852,8.8852,8.8852,8.8852,8.8852,8.8852,8.8852,8.8852,8.8852,8.8852,8.8852,8.8852,8.8852,8.8852,8.8852,8.8852,8.8852,8.8852,8.8852,8.8852,8.8852,8.8852,8.8852,8.8852,8.8852,8.8852,8.8852,8.8852,8.8852,8.8852,8.8852,8.8852,8.8852,8.8852,8.8852,8.8852,8.8852,8.8852,8.8852,8.8852,8.8852,8.8852,8.8852,8.8852,8.8852,8.8852,8.8852,8.8852,8.8852,8.8852,8.8852,8.8852,8.8852,8.8852,8.8852,8.8852,8.8852,8.8852,8.8852,8.8852,8.8852,8.8852,8.8852,8.8852,8.8852,8.8852,8.8852,8.8852,8.8852,8.8852,8.8852,8.8852,8.8852,8.8852,8.8852,8.8852,8.8852,8.8852,8.8852,8.8852,8.8852,8.8852,8.8852,8.8852,8.8852,8.8852,8.8852,8.8852,8.8852,8.8852,8.8852,8.8852,8.8852,8.8852,8.8852,8.8852,8.8852,8.8852,8.8852,8.8852,8.8852,8.8852,8.8852,8.8852,8.8852,8.8852,8.8852,8.8852,8.8852,8.8852,8.8852,8.8852,8.8852,8.8852,8.8852,8.8852,8.8852,8.8852,8.8852,8.8852,8.8852,8.8852,8.8852,8.8852,8.8852,8.8852,8.8852,8.8852,8.8852,8.8852,8.8852,8.8852,8.8852,8.8852,8.8852,8.8852,8.8852,8.8852,8.8852,8.8852,8.8852,8.8852,8.8852,8.8852,8.8852,8.8852,8.8852,8.8852,8.8852,8.8852,8.8852,8.8852,8.8852,8.8852,8.8852,8.8852,8.8852,8.8852,8.8852,8.8852,8.8852,8.8852,8.8852,8.8852,8.8852,8.8852,8.8852,8.8852,8.8852,8.8852,8.8852,8.8852,8.8852,8.8852,8.8852,8.8852,8.8852,8.8852,8.8852,8.8852,8.8852,8.8852,8.8852,8.8852,8.8852,8.8852,8.8852,8.8852,8.8852,8.8852,8.8852,8.8852,8.8852,8.8852,8.8852,8.8852,8.8852,8.8852,8.8852,8.8852,8.8852,8.8852,8.8852,8.8852,8.8852,8.8852,8.8852,8.8852,8.8852,8.8852,8.8852,8.8852,8.8852,8.8852,8.8852,8.8852,8.8852,8.8852,8.8852,8.8852,8.8852,8.8852,8.8852,8.8852,8.8852,8.8852,8.8852,8.8852,8.8852,8.8852,8.8852,8.8852,8.8852,8.8852,8.8852,8.8852,8.8852,8.8852,8.8852,8.8852,8.8852,8.8852,8.8852,8.8852,8.8852,8.8852,8.8852,8.8852,8.8852,8.8852,8.8852,8.8852,8.8852,8.8852,8.8852,8.8852,8.8852,8.8852,8.8852,8.8852,8.8852,8.8852,8.8852,8.8852,8.8852,8.8852,8.8852,8.8852,8.8852,8.8852,8.8852,8.8852,8.8852,8.8852,8.8852,8.8852,8.8852,8.8852,8.8852,8.8852,8.8852,8.8852,8.8852,8.8852,8.8852,8.8852,8.8852,8.8852,8.8852,8.8852,8.8852,8.8852,8.8852,8.8852,8.8852,8.8852,8.8852,8.8852,8.8852,8.8852,8.8852,8.8852,8.8852,8.8852,8.8852,8.8852,8.8852,8.8852,8.8852,8.8852,8.8852,8.8852,8.8852,8.8852,8.8852,8.8852,8.8852,8.8852,8.8852,8.8852,8.8852,8.8852,8.8852,8.8852,8.8852,8.8852,8.8852,8.8852,8.8852,8.8852,8.8852,8.8852,8.8852,8.8852,8.8852,8.8852,8.8852,8.8852,8.8852,8.8852,8.8852,8.8852,8.8852,8.8852,8.8852,8.8852,8.8852,8.8852,8.8852,8.8852,8.8852,8.8852,8.8852,8.8852,8.8852,8.8852,8.8852,8.8852,8.8852,8.8852,8.8852,8.8852,8.8852,8.8852,8.8852,8.8852,8.8852,8.8852,8.8852,8.8852,8.8852,8.8852,8.8852,8.8852,8.8852,8.8852,8.8852,8.8852,8.8852,8.8852,8.8852,8.8852,8.8852,8.8852,8.8852,8.8852,8.8852,8.8852,8.8852,8.8852,8.8852,8.8852,8.8852,8.8852,8.8852,8.8852,8.8852,8.8852,8.8852,8.8852,8.8852,8.8852,8.8852,8.8852,8.8852,8.8852,8.8852,8.8852,8.8852,8.8852,8.8852,8.8852,8.8852,8.8852,8.8852,8.8852,8.8852,8.8852,8.8852,8.8852,8.8852,8.8852,8.8852,8.8852,8.8852,8.8852,8.8852,8.8852,8.8852,8.8852,8.8852,8.8852,8.8852,8.8852,8.8852,8.8852,8.8852,8.8852,8.8852,8.8852,8.8852,8.8852,8.8852,8.8852,8.8852,8.8852,8.8852,8.8852,8.8852,8.8852,8.8852,8.8852,8.8852,8.8852,8.8852,8.8852,8.8852,8.8852,8.8852,8.8852,8.8852,8.8852,8.8852,8.8852,8.8852,8.8852,8.8852,8.8852,8.8852,8.8852,8.8852,8.8852,8.8852,8.8852,8.8852,8.8852,8.8852,8.8852,8.8852,8.8852,8.8852,8.8852,8.8852,8.8852,8.8852,8.8852,8.8852,8.8852,8.8852,8.8852,8.8852,8.8852,8.8852,8.8852,8.8852,8.8852,8.8852,8.8852,8.8852,8.8852,8.8852,8.8852,8.8852,8.8852,8.8852,8.8852,8.8852,8.8852,8.8852,8.8852,8.8852,8.8852,8.8852,8.8852,8.8852,8.8852,8.8852,8.8852,8.8852,8.8852,8.8852,8.8852,8.8852,8.8852,8.8852,8.8852,8.8852,8.8852,8.8852,8.8852,8.8852,8.8852,8.8852,8.8852,8.8852,8.8852,8.8852,8.8852,8.8852,8.8852,8.8852,8.8852,8.8852,8.8852,8.8852,8.8852,8.8852,8.8852,8.8852,8.8852,8.8852,8.8852,8.8852,8.8852,8.8852,8.8852,8.8852,8.8852,8.8852,8.8852,8.8852,8.8852,8.8852,8.8852,8.8852,8.8852,8.8852,8.8852,8.8852,8.8852,8.8852,8.8852,8.8852,8.8852,8.8852,8.8852,8.8852,8.8852,8.8852,8.8852,8.8852,8.8852,8.8852,8.8852,8.8852,8.8852,8.8852,8.8852,8.8852,8.8852,8.8852,8.8852,8.8852,8.8852,8.8852,8.8852,8.8852,8.8852,8.8852,8.8852,8.8852,8.8852,8.8852,8.8852,8.8852,8.8852,8.8852,8.8852,8.8852,8.8852,8.8852,8.8852,8.8852,8.8852,8.8852,8.8852,8.8852,8.8852,8.8852,8.8852,8.8852,8.8852,8.8852,8.8852,8.8852,8.8852,8.8852,8.8852,8.8852,8.8852,8.8852,8.8852,8.8852,8.8852,8.8852,8.8852,8.8852,8.8852,8.8852,8.8852,8.8852,8.8852,8.8852,8.8852,8.8852,8.8852,8.8852,8.8852,8.8852,8.8852,8.8852,8.8852,8.8852,8.8852,8.8852,8.8852,8.8852,8.8852,8.8852,8.8852,8.8852,8.8852,8.8852,8.8852,8.8852,8.8852,8.8852,8.8852,8.8852,8.8852,8.8852,8.8852,8.8852,8.8852,8.8852,8.8852,8.8852,8.8852,8.8852,8.8852,8.8852,8.8852,8.8852,8.8852,8.8852,8.8852,8.8852,8.8852,8.8852,8.8852,8.8852,8.8852,8.8852,8.8852,8.8852,8.8852,8.8852,8.8852,8.8852,8.8852,8.8852,8.8852,8.8852,8.8852,8.8852,8.8852,8.8852,8.8852,8.8852,8.8852,8.8852,8.8852,8.8852,8.8852,8.8852,8.8852,8.8852,8.8852,8.8852,8.8852,8.8852,8.8852,8.8852,8.8852,8.8852,8.8852,8.8852,8.8852,8.8852,8.8852,8.8852,8.8852,8.8852,8.8852,8.8852,8.8852,8.8852,8.8852,8.8852,8.8852,8.8852,8.8852,8.8852,8.8852,8.8852,8.8852,8.8852,8.8852,8.8852,8.8852,8.8852,8.8852,8.8852,8.8852,8.8852,8.8852,8.8852,8.8852,8.8852,8.8852,8.8852,8.8852,8.8852,8.8852,8.8852,8.8852,8.8852,8.8852,8.8852,8.8852,8.8852,8.8852,8.8852,8.8852,8.8852,8.8852,8.8852,8.8852,8.8852,8.8852,8.8852,8.8852,8.8852,8.8852,8.8852,8.8852,8.8852,8.8852,8.8852,8.8852,8.8852,8.8852,8.8852,8.8852,8.8852,8.8852,8.8852,8.8852,8.8852,8.8852,8.8852,8.8852,8.8852,8.8852,8.8852,8.8852,8.8852,8.8852,8.8852,8.8852,8.8852,8.8852,8.8852,8.8852,8.8852,8.8852,8.8852,8.8852,8.8852,8.8852,8.8852,8.8852,8.8852,8.8852,8.8852,8.8852,8.8852,8.8852,8.8852,8.8852,8.8852,8.8852,8.8852,8.8852,8.8852,8.8852,8.8852,8.8852,8.8852,8.8852,8.8852,8.8852,8.8852,8.8852,8.8852,8.8852,8.8852,8.8852,8.8852,8.8852,8.8852,8.8852,8.8852,8.8852,8.8852,8.8852,8.8852,8.8852,8.8852,8.8852,8.8852,8.8852,8.8852,8.8852,8.8852,8.8852,8.8852,8.8852,8.8852,8.8852,8.8852,8.8852,8.8852,8.8852,8.8852,8.8852,8.8852,8.8852,8.8852,8.8852,8.8852
8.8768,8.8768,8.8768,8.8768,8.8768,8.8768,8.8768,8.8768,8.8768,8.8768,8.8768,8.8768,8.8768,8.8768,8.8768,8.8768,8.8768,8.8768,8.8768,8.8768,8.8768,8.8768,8.8768,8.8768,8.8768,8.8768,8.8768,8.8768,8.8768,8.8768,8.8768,8.8768,8.8768,8.8768,8.8768,8.8768,8.8768,8.8768,8.8768,8.8768,8.8768,8.8768,8.8768,8.8768,8.8768,8.8768,8.8768,8.8768,8.8768,8.8768,8.8768,8.8768,8.8768,8.8768,8.8768,8.8768,8.8768,8.8768,8.8768,8.8768,8.8768,8.8768,8.8768,8.8768,8.8768,8.8768,8.8768,8.8768,8.8768,8.8768,8.8768,8.8768,8.8768,8.8768,8.8768,8.8768,8.8768,8.8768,8.8768,8.8768,8.8768,8.8768,8.8768,8.8768,8.8768,8.8768,8.8768,8.8768,8.8768,8.8768,8.8768,8.8768,8.8768,8.8768,8.8768,8.8768,8.8768,8.8768,8.8768,8.8768,8.8768,8.8768,8.8768,8.8768,8.8768,8.8768,8.8768,8.8768,8.8768,8.8768,8.8768,8.8768,8.8768,8.8768,8.8768,8.8768,8.8768,8.8768,8.8768,8.8768,8.8768,8.8768,8.8768,8.8768,8.8768,8.8768,8.8768,8.8768,8.8768,8.8768,8.8768,8.8768,8.8768,8.8768,8.8768,8.8768,8.8768,8.8768,8.8768,8.8768,8.8768,8.8768,8.8768,8.8768,8.8768,8.8768,8.8768,8.8768,8.8768,8.8768,8.8768,8.8768,8.8768,8.8768,8.8768,8.8768,8.8768,8.8768,8.8768,8.8768,8.8768,8.8768,8.8768,8.8768,8.8768,8.8768,8.8768,8.8768,8.8768,8.8768,8.8768,8.8768,8.8768,8.8768,8.8768,8.8768,8.8768,8.8768,8.8768,8.8768,8.8768,8.8768,8.8768,8.8768,8.8768,8.8768,8.8768,8.8768,8.8768,8.8768,8.8768,8.8768,8.8768,8.8768,8.8768,8.8768,8.8768,8.8768,8.8768,8.8768,8.8768,8.8768,8.8768,8.8768,8.8768,8.8768,8.8768,8.8768,8.8768,8.8768,8.8768,8.8768,8.8768,8.8768,8.8768,8.8768,8.8768,8.8768,8.8768,8.8768,8.8768,8.8768,8.8768,8.8768,8.8768,8.8768,8.8768,8.8768,8.8768,8.8768,8.8768,8.8768,8.8768,8.8768,8.8768,8.8768,8.8768,8.8768,8.8768,8.8768,8.8768,8.8768,8.8768,8.8768,8.8768,8.8768,8.8768,8.8768,8.8768,8.8768,8.8768,8.8768,8.8768,8.8768,8.8768,8.8768,8.8768,8.8768,8.8768,8.8768,8.8768,8.8768,8.8768,8.8768,8.8768,8.8768,8.8768,8.8768,8.8768,8.8768,8.8768,8.8768,8.8768,8.8768,8.8768,8.8768,8.8768,8.8768,8.8768,8.8768,8.8768,8.8768,8.8768,8.8768,8.8768,8.8768,8.8768,8.8768,8.8768,8.8768,8.8768,8.8768,8.8768,8.8768,8.8768,8.8768,8.8768,8.8768,8.8768,8.8768,8.8768,8.8768,8.8768,8.8768,8.8768,8.8768,8.8768,8.8768,8.8768,8.8768,8.8768,8.8768,8.8768,8.8768,8.8768,8.8768,8.8768,8.8768,8.8768,8.8768,8.8768,8.8768,8.8768,8.8768,8.8768,8.8768,8.8768,8.8768,8.8768,8.8768,8.8768,8.8768,8.8768,8.8768,8.8768,8.8768,8.8768,8.8768,8.8768,8.8768,8.8768,8.8768,8.8768,8.8768,8.8768,8.8768,8.8768,8.8768,8.8768,8.8768,8.8768,8.8768,8.8768,8.8768,8.8768,8.8768,8.8768,8.8768,8.8768,8.8768,8.8768,8.8768,8.8768,8.8768,8.8768,8.8768,8.8768,8.8768,8.8768,8.8768,8.8768,8.8768,8.8768,8.8768,8.8768,8.8768,8.8768,8.8768,8.8768,8.8768,8.8768,8.8768,8.8768,8.8768,8.8768,8.8768,8.8768,8.8768,8.8768,8.8768,8.8768,8.8768,8.8768,8.8768,8.8768,8.8768,8.8768,8.8768,8.8768,8.8768,8.8768,8.8768,8.8768,8.8768,8.8768,8.8768,8.8768,8.8768,8.8768,8.8768,8.8768,8.8768,8.8768,8.8768,8.8768,8.8768,8.8768,8.8768,8.8768,8.8768,8.8768,8.8768,8.8768,8.8768,8.8768,8.8768,8.8768,8.8768,8.8768,8.8768,8.8768,8.8768,8.8768,8.8768,8.8768,8.8768,8.8768,8.8768,8.8768,8.8768,8.8768,8.8768,8.8768,8.8768,8.8768,8.8768,8.8768,8.8768,8.8768,8.8768,8.8768,8.8768,8.8768,8.8768,8.8768,8.8768,8.8768,8.8768,8.8768,8.8768,8.8768,8.8768,8.8768,8.8768,8.8768,8.8768,8.8768,8.8768,8.8768,8.8768,8.8768,8.8768,8.8768,8.8768,8.8768,8.8768,8.8768,8.8768,8.8768,8.8768,8.8768,8.8768,8.8768,8.8768,8.8768,8.8768,8.8768,8.8768,8.8768,8.8768,8.8768,8.8768,8.8768,8.8768,8.8768,8.8768,8.8768,8.8768,8.8768,8.8768,8.8768,8.8768,8.8768,8.8768,8.8768,8.8768,8.8768,8.8768,8.8768,8.8768,8.8768,8.8768,8.8768,8.8768,8.8768,8.8768,8.8768,8.8768,8.8768,8.8768,8.8768,8.8768,8.8768,8.8768,8.8768,8.8768,8.8768,8.8768,8.8768,8.8768,8.8768,8.8768,8.8768,8.8768,8.8768,8.8768,8.8768,8.8768,8.8768,8.8768,8.8768,8.8768,8.8768,8.8768,8.8768,8.8768,8.8768,8.8768,8.8768,8.8768,8.8768,8.8768,8.8768,8.8768,8.8768,8.8768,8.8768,8.8768,8.8768,8.8768,8.8768,8.8768,8.8768,8.8768,8.8768,8.8768,8.8768,8.8768,8.8768,8.8768,8.8768,8.8768,8.8768,8.8768,8.8768,8.8768,8.8768,8.8768,8.8768,8.8768,8.8768,8.8768,8.8768,8.8768,8.8768,8.8768,8.8768,8.8768,8.8768,8.8768,8.8768,8.8768,8.8768,8.8768,8.8768,8.8768,8.8768,8.8768,8.8768,8.8768,8.8768,8.8768,8.8768,8.8768,8.8768,8.8768,8.8768,8.8768,8.8768,8.8768,8.8768,8.8768,8.8768,8.8768,8.8768,8.8768,8.8768,8.8768,8.8768,8.8768,8.8768,8.8768,8.8768,8.8768,8.8768,8.8768,8.8768,8.8768,8.8768,8.8768,8.8768,8.8768,8.8768,8.8768,8.8768,8.8768,8.8768,8.8768,8.8768,8.8768,8.8768,8.8768,8.8768,8.8768,8.8768,8.8768,8.8768,8.8768,8.8768,8.8768,8.8768,8.8768,8.8768,8.8768,8.8768,8.8768,8.8768,8.8768,8.8768,8.8768,8.8768,8.8768,8.8768,8.8768,8.8768,8.8768,8.8768,8.8768,8.8768,8.8768,8.8768,8.8768,8.8768,8.8768,8.8768,8.8768,8.8768,8.8768,8.8768,8.8768,8.8768,8.8768,8.8768,8.8768,8.8768,8.8768,8.8768,8.8768,8.8768,8.8768,8.8768,8.8768,8.8768,8.8768,8.8768,8.8768,8.8768,8.8768,8.8768,8.8768,8.8768,8.8768,8.8768,8.8768,8.8768,8.8768,8.8768,8.8768,8.8768,8.8768,8.8768,8.8768,8.8768,8.8768,8.8768,8.8768,8.8768,8.8768,8.8768,8.8768,8.8768,8.8768,8.8768,8.8768,8.8768,8.8768,8.8768,8.8768,8.8768,8.8768,8.8768,8.8768,8.8768,8.8768,8.8768,8.8768,8.8768,8.8768,8.8768,8.8768,8.8768,8.8768,8.8768,8.8768,8.8768,8.8768,8.8768,8.8768,8.8768,8.8768,8.8768,8.8768,8.8768,8.8768,8.8768,8.8768,8.8768,8.8768,8.8768,8.8768,8.8768,8.8768,8.8768,8.8768,8.8768,8.8768,8.8768,8.8768,8.8768,8.8768,8.8768,8.8768,8.8768,8.8768,8.8768,8.8768,8.8768,8.8768,8.8768,8.8768,8.8768,8.8768,8.8768,8.8768,8.8768,8.8768,8.8768,8.8768,8.8768,8.8768,8.8768,8.8768,8.8768,8.8768,8.8768,8.8768,8.8768,8.8768,8.8768,8.8768,8.8768,8.8768,8.8768,8.8768,8.8768,8.8768,8.8768,8.8768,8.8768,8.8768,8.8768,8.8768,8.8768,8.8768,8.8768,8.8768,8.8768,8.8768,8.8768,8.8768,8.8768,8.8768,8.8768,8.8768,8.8768,8.8768,8.8768,8.8768,8.8768,8.8768,8.8768,8.8768,8.8768,8.8768,8.8768,8.8768,8.8768,8.8768,8.8768,8.8768,8.8768,8.8768,8.8768,8.8768,8.8768,8.8768,8.8768,8.8768,8.8768,8.8768,8.8768,8.8768,8.8768,8.8768,8.8768,8.8768,8.8768,8.8768,8.8768,8.8768,8.8768,8.8768,8.8768,8.8768,8.8768,8.8768,8.8768,8.8768,8.8768,8.8768,8.8768,8.8768,8.8768,8.8768,8.8768,8.8768,8.8768,8.8768,8.8768,8.8768,8.8768,8.8768,8.8768,8.8768,8.8768,8.8768,8.8768,8.8768,8.8768,8.8768,8.8768,8.8768,8.8768,8.8768,8.8768,8.8768,8.8768,8.8768,8.8768,8.8768,8.8768,8.8768,8.8768,8.8768,8.8768,8.8768,8.8768,8.8768,8.8768,8.8768,8.8768,8.8768,8.8768,8.8768,8.8768,8.8768,8.8768,8.8768,8.8768,8.8768,8.8768,8.8768,8.8768,8.8768,8.8768,8.8768,8.8768,8.8768,8.8768,8.8768,8.8768,8.8768,8.8768,8.8768,8.8768,8.8768,8.8768,8.8768,8.8768,8.8768,8.8768,8.8768,8.8768,8.8768,8.8768,8.8768,8.8768,8.8768,8.8768,8.8768,8.8768,8.8768,8.8768,8.8768,8.8768,8.8768,8.8768,8.8768,8.8768,8.8768
8.8684,8.8684,8.8684,8.8684,8.8684,8.8684,8.8684,8.8684,8.8684,8.8684,8.8684,8.8684,8.8684,8.8684,8.8684,8.8684,8.8684,8.8684,8.8684,8.8684,8.8684,8.8684,8.8684,8.8684,8.8684,8.8684,8.8684,8.8684,8.8684,8.8684,8.8684,8.8684,8.8684,8.8684,8.8684,8.8684,8.8684,8.8684,8.8684,8.8684,8.8684,8.8684,8.8684,8.8684,8.8684,8.8684,8.8684,8.8684,8.8684,8.8684,8.8684,8.8684,8.8684,8.8684,8.8684,8.8684,8.8684,8.8684,8.8684,8.8684,8.8684,8.8684,8.8684,8.8684,8.8684,8.8684,8.8684,8.8684,8.8684,8.8684,8.8684,8.8684,8.8684,8.8684,8.8684,8.8684,8.8684,8.8684,8.8684,8.8684,8.8684,8.8684,8.8684,8.8684,8.8684,8.8684,8.8684,8.8684,8.8684,8.8684,8.8684,8.8684,8.8684,8.8684,8.8684,8.8684,8.8684,8.8684,8.8684,8.8684,8.8684,8.8684,8.8684,8.8684,8.8684,8.8684,8.8684,8.8684,8.8684,8.8684,8.8684,8.8684,8.8684,8.8684,8.8684,8.8684,8.8684,8.8684,8.8684,8.8684,8.8684,8.8684,8.8684,8.8684,8.8684,8.8684,8.8684,8.8684,8.8684,8.8684,8.8684,8.8684,8.8684,8.8684,8.8684,8.8684,8.8684,8.8684,8.8684,8.8684,8.8684,8.8684,8.8684,8.8684,8.8684,8.8684,8.8684,8.8684,8.8684,8.8684,8.8684,8.8684,8.8684,8.8684,8.8684,8.8684,8.8684,8.8684,8.8684,8.8684,8.8684,8.8684,8.8684,8.8684,8.8684,8.8684,8.8684,8.8684,8.8684,8.8684,8.8684,8.8684,8.8684,8.8684,8.8684,8.8684,8.8684,8.8684,8.8684,8.8684,8.8684,8.8684,8.8684,8.8684,8.8684,8.8684,8.8684,8.8684,8.8684,8.8684,8.8684,8.8684,8.8684,8.8684,8.8684,8.8684,8.8684,8.8684,8.8684,8.8684,8.8684,8.8684,8.8684,8.8684,8.8684,8.8684,8.8684,8.8684,8.8684,8.8684,8.8684,8.8684,8.8684,8.8684,8.8684,8.8684,8.8684,8.8684,8.8684,8.8684,8.8684,8.8684,8.8684,8.8684,8.8684,8.8684,8.8684,8.8684,8.8684,8.8684,8.8684,8.8684,8.8684,8.8684,8.8684,8.8684,8.8684,8.8684,8.8684,8.8684,8.8684,8.8684,8.8684,8.8684,8.8684,8.8684,8.8684,8.8684,8.8684,8.8684,8.8684,8.8684,8.8684,8.8684,8.8684,8.8684,8.8684,8.8684,8.8684,8.8684,8.8684,8.8684,8.8684,8.8684,8.8684,8.8684,8.8684,8.8684,8.8684,8.8684,8.8684,8.8684,8.8684,8.8684,8.8684,8.8684,8.8684,8.8684,8.8684,8.8684,8.8684,8.8684,8.8684,8.8684,8.8684,8.8684,8.8684,8.8684,8.8684,8.8684,8.8684,8.8684,8.8684,8.8684,8.8684,8.8684,8.8684,8.8684,8.8684,8.8684,8.8684,8.8684,8.8684,8.8684,8.8684,8.8684,8.8684,8.8684,8.8684,8.8684,8.8684,8.8684,8.8684,8.8684,8.8684,8.8684,8.8684,8.8684,8.8684,8.8684,8.8684,8.8684,8.8684,8.8684,8.8684,8.8684,8.8684,8.8684,8.8684,8.8684,8.8684,8.8684,8.8684,8.8684,8.8684,8.8684,8.8684,8.8684,8.8684,8.8684,8.8684,8.8684,8.8684,8.8684,8.8684,8.8684,8.8684,8.8684,8.8684,8.8684,8.8684,8.8684,8.8684,8.8684,8.8684,8.8684,8.8684,8.8684,8.8684,8.8684,8.8684,8.8684,8.8684,8.8684,8.8684,8.8684,8.8684,8.8684,8.8684,8.8684,8.8684,8.8684,8.8684,8.8684,8.8684,8.8684,8.8684,8.8684,8.8684,8.8684,8.8684,8.8684,8.8684,8.8684,8.8684,8.8684,8.8684,8.8684,8.8684,8.8684,8.8684,8.8684,8.8684,8.8684,8.8684,8.8684,8.8684,8.8684,8.8684,8.8684,8.8684,8.8684,8.8684,8.8684,8.8684,8.8684,8.8684,8.8684,8.8684,8.8684,8.8684,8.8684,8.8684,8.8684,8.8684,8.8684,8.8684,8.8684,8.8684,8.8684,8.8684,8.8684,8.8684,8.8684,8.8684,8.8684,8.8684,8.8684,8.8684,8.8684,8.8684,8.8684,8.8684,8.8684,8.8684,8.8684,8.8684,8.8684,8.8684,8.8684,8.8684,8.8684,8.8684,8.8684,8.8684,8.8684,8.8684,8.8684,8.8684,8.8684,8.8684,8.8684,8.8684,8.8684,8.8684,8.8684,8.8684,8.8684,8.8684,8.8684,8.8684,8.8684,8.8684,8.8684,8.8684,8.8684,8.8684,8.8684,8.8684,8.8684,8.8684,8.8684,8.8684,8.8684,8.8684,8.8684,8.8684,8.8684,8.8684,8.8684,8.8684,8.8684,8.8684,8.8684,8.8684,8.8684,8.8684,8.8684,8.8684,8.8684,8.8684,8.8684,8.8684,8.8684,8.8684,8.8684,8.8684,8.8684,8.8684,8.8684,8.8684,8.8684,8.8684,8.8684,8.8684,8.8684,8.8684,8.8684,8.8684,8.8684,8.8684,8.8684,8.8684,8.8684,8.8684,8.8684,8.8684,8.8684,8.8684,8.8684,8.8684,8.8684,8.8684,8.8684,8.8684,8.8684,8.8684,8.8684,8.8684,8.8684,8.8684,8.8684,8.8684,8.8684,8.8684,8.8684,8.8684,8.8684,8.8684,8.8684,8.8684,8.8684,8.8684,8.8684,8.8684,8.8684,8.8684,8.8684,8.8684,8.8684,8.8684,8.8684,8.8684,8.8684,8.8684,8.8684,8.8684,8.8684,8.8684,8.8684,8.8684,8.8684,8.8684,8.8684,8.8684,8.8684,8.8684,8.8684,8.8684,8.8684,8.8684,8.8684,8.8684,8.8684,8.8684,8.8684,8.8684,8.8684,8.8684,8.8684,8.8684,8.8684,8.8684,8.8684,8.8684,8.8684,8.8684,8.8684,8.8684,8.8684,8.8684,8.8684,8.8684,8.8684,8.8684,8.8684,8.8684,8.8684,8.8684,8.8684,8.8684,8.8684,8.8684,8.8684,8.8684,8.8684,8.8684,8.8684,8.8684,8.8684,8.8684,8.8684,8.8684,8.8684,8.8684,8.8684,8.8684,8.8684,8.8684,8.8684,8.8684,8.8684,8.8684,8.8684,8.8684,8.8684,8.8684,8.8684,8.8684,8.8684,8.8684,8.8684,8.8684,8.8684,8.8684,8.8684,8.8684,8.8684,8.8684,8.8684,8.8684,8.8684,8.8684,8.8684,8.8684,8.8684,8.8684,8.8684,8.8684,8.8684,8.8684,8.8684,8.8684,8.8684,8.8684,8.8684,8.8684,8.8684,8.8684,8.8684,8.8684,8.8684,8.8684,8.8684,8.8684,8.8684,8.8684,8.8684,8.8684,8.8684,8.8684,8.8684,8.8684,8.8684,8.8684,8.8684,8.8684,8.8684,8.8684,8.8684,8.8684,8.8684,8.8684,8.8684,8.8684,8.8684,8.8684,8.8684,8.8684,8.8684,8.8684,8.8684,8.8684,8.8684,8.8684,8.8684,8.8684,8.8684,8.8684,8.8684,8.8684,8.8684,8.8684,8.8684,8.8684,8.8684,8.8684,8.8684,8.8684,8.8684,8.8684,8.8684,8.8684,8.8684,8.8684,8.8684,8.8684,8.8684,8.8684,8.8684,8.8684,8.8684,8.8684,8.8684,8.8684,8.8684,8.8684,8.8684,8.8684,8.8684,8.8684,8.8684,8.8684,8.8684,8.8684,8.8684,8.8684,8.8684,8.8684,8.8684,8.8684,8.8684,8.8684,8.8684,8.8684,8.8684,8.8684,8.8684,8.8684,8.8684,8.8684,8.8684,8.8684,8.8684,8.8684,8.8684,8.8684,8.8684,8.8684,8.8684,8.8684,8.8684,8.8684,8.8684,8.8684,8.8684,8.8684,8.8684,8.8684,8.8684,8.8684,8.8684,8.8684,8.8684,8.8684,8.8684,8.8684,8.8684,8.8684,8.8684,8.8684,8.8684,8.8684,8.8684,8.8684,8.8684,8.8684,8.8684,8.8684,8.8684,8.8684,8.8684,8.8684,8.8684,8.8684,8.8684,8.8684,8.8684,8.8684,8.8684,8.8684,8.8684,8.8684,8.8684,8.8684,8.8684,8.8684,8.8684,8.8684,8.8684,8.8684,8.8684,8.8684,8.8684,8.8684,8.8684,8.8684,8.8684,8.8684,8.8684,8.8684,8.8684,8.8684,8.8684,8.8684,8.8684,8.8684,8.8684,8.8684,8.8684,8.8684,8.8684,8.8684,8.8684,8.8684,8.8684,8.8684,8.8684,8.8684,8.8684,8.8684,8.8684,8.8684,8.8684,8.8684,8.8684,8.8684,8.8684,8.8684,8.8684,8.8684,8.8684,8.8684,8.8684,8.8684,8.8684,8.8684,8.8684,8.8684,8.8684,8.8684,8.8684,8.8684,8.8684,8.8684,8.8684,8.8684,8.8684,8.8684,8.8684,8.8684,8.8684,8.8684,8.8684,8.8684,8.8684,8.8684,8.8684,8.8684,8.8684,8.8684,8.8684,8.8684,8.8684,8.8684,8.8684,8.8684,8.8684,8.8684,8.8684,8.8684,8.8684,8.8684,8.8684,8.8684,8.8684,8.8684,8.8684,8.8684,8.8684,8.8684,8.8684,8.8684,8.8684,8.8684,8.8684,8.8684,8.8684,8.8684,8.8684,8.8684,8.8684,8.8684,8.8684,8.8684,8.8684,8.8684,8.8684,8.8684,8.8684,8.8684,8.8684,8.8684,8.8684,8.8684,8.8684,8.8684,8.8684,8.8684,8.8684,8.8684,8.8684,8.8684,8.8684,8.8684,8.8684,8.8684,8.8684,8.8684,8.8684,8.8684,8.8684,8.8684,8.8684,8.8684,8.8684,8.8684,8.8684,8.8684,8.8684,8.8684,8.8684,8.8684,8.8684,8.8684,8.8684,8.8684,8.8684,8.8684,8.8684
8.8585,8.8585,8.8585,8.8585,8.8585,8.8585,8.8585,8.8585,8.8585,8.8585,8.8585,8.8585,8.8585,8.8585,8.8585,8.8585,8.8585,8.8585,8.8585,8.8585,8.8585,8.8585,8.8585,8.8585,8.8585,8.8585,8.8585,8.8585,8.8585,8.8585,8.8585,8.8585,8.8585,8.8585,8.8585,8.8585,8.8585,8.8585,8.8585,8.8585,8.8585,8.8585,8.8585,8.8585,8.8585,8.8585,8.8585,8.8585,8.8585,8.8585,8.8585,8.8585,8.8585,8.8585,8.8585,8.8585,8.8585,8.8585,8.8585,8.8585,8.8585,8.8585,8.8585,8.8585,8.8585,8.8585,8.8585,8.8585,8.8585,8.8585,8.8585,8.8585,8.8585,8.8585,8.8585,8.8585,8.8585,8.8585,8.8585,8.8585,8.8585,8.8585,8.8585,8.8585,8.8585,8.8585,8.8585,8.8585,8.8585,8.8585,8.8585,8.8585,8.8585,8.8585,8.8585,8.8585,8.8585,8.8585,8.8585,8.8585,8.8585,8.8585,8.8585,8.8585,8.8585,8.8585,8.8585,8.8585,8.8585,8.8585,8.8585,8.8585,8.8585,8.8585,8.8585,8.8585,8.8585,8.8585,8.8585,8.8585,8.8585,8.8585,8.8585,8.8585,8.8585,8.8585,8.8585,8.8585,8.8585,8.8585,8.8585,8.8585,8.8585,8.8585,8.8585,8.8585,8.8585,8.8585,8.8585,8.8585,8.8585,8.8585,8.8585,8.8585,8.8585,8.8585,8.8585,8.8585,8.8585,8.8585,8.8585,8.8585,8.8585,8.8585,8.8585,8.8585,8.8585,8.8585,8.8585,8.8585,8.8585,8.8585,8.8585,8.8585,8.8585,8.8585,8.8585,8.8585,8.8585,8.8585,8.8585,8.8585,8.8585,8.8585,8.8585,8.8585,8.8585,8.8585,8.8585,8.8585,8.8585,8.8585,8.8585,8.8585,8.8585,8.8585,8.8585,8.8585,8.8585,8.8585,8.8585,8.8585,8.8585,8.8585,8.8585,8.8585,8.8585,8.8585,8.8585,8.8585,8.8585,8.8585,8.8585,8.8585,8.8585,8.8585,8.8585,8.8585,8.8585,8.8585,8.8585,8.8585,8.8585,8.8585,8.8585,8.8585,8.8585,8.8585,8.8585,8.8585,8.8585,8.8585,8.8585,8.8585,8.8585,8.8585,8.8585,8.8585,8.8585,8.8585,8.8585,8.8585,8.8585,8.8585,8.8585,8.8585,8.8585,8.8585,8.8585,8.8585,8.8585,8.8585,8.8585,8.8585,8.8585,8.8585,8.8585,8.8585,8.8585,8.8585,8.8585,8.8585,8.8585,8.8585,8.8585,8.8585,8.8585,8.8585,8.8585,8.8585,8.8585,8.8585,8.8585,8.8585,8.8585,8.8585,8.8585,8.8585,8.8585,8.8585,8.8585,8.8585,8.8585,8.8585,8.8585,8.8585,8.8585,8.8585,8.8585,8.8585,8.8585,8.8585,8.8585,8.8585,8.8585,8.8585,8.8585,8.8585,8.8585,8.8585,8.8585,8.8585,8.8585,8.8585,8.8585,8.8585,8.8585,8.8585,8.8585,8.8585,8.8585,8.8585,8.8585,8.8585,8.8585,8.8585,8.8585,8.8585,8.8585,8.8585,8.8585,8.8585,8.8585,8.8585,8.8585,8.8585,8.8585,8.8585,8.8585,8.8585,8.8585,8.8585,8.8585,8.8585,8.8585,8.8585,8.8585,8.8585,8.8585,8.8585,8.8585,8.8585,8.8585,8.8585,8.8585,8.8585,8.8585,8.8585,8.8585,8.8585,8.8585,8.8585,8.8585,8.8585,8.8585,8.8585,8.8585,8.8585,8.8585,8.8585,8.8585,8.8585,8.8585,8.8585,8.8585,8.8585,8.8585,8.8585,8.8585,8.8585,8.8585,8.8585,8.8585,8.8585,8.8585,8.8585,8.8585,8.8585,8.8585,8.8585,8.8585,8.8585,8.8585,8.8585,8.8585,8.8585,8.8585,8.8585,8.8585,8.8585,8.8585,8.8585,8.8585,8.8585,8.8585,8.8585,8.8585,8.8585,8.8585,8.8585,8.8585,8.8585,8.8585,8.8585,8.8585,8.8585,8.8585,8.8585,8.8585,8.8585,8.8585,8.8585,8.8585,8.8585,8.8585,8.8585,8.8585,8.8585,8.8585,8.8585,8.8585,8.8585,8.8585,8.8585,8.8585,8.8585,8.8585,8.8585,8.8585,8.8585,8.8585,8.8585,8.8585,8.8585,8.8585,8.8585,8.8585,8.8585,8.8585,8.8585,8.8585,8.8585,8.8585,8.8585,8.8585,8.8585,8.8585,8.8585,8.8585,8.8585,8.8585,8.8585,8.8585,8.8585,8.8585,8.8585,8.8585,8.8585,8.8585,8.8585,8.8585,8.8585,8.8585,8.8585,8.8585,8.8585,8.8585,8.8585,8.8585,8.8585,8.8585,8.8585,8.8585,8.8585,8.8585,8.8585,8.8585,8.8585,8.8585,8.8585,8.8585,8.8585,8.8585,8.8585,8.8585,8.8585,8.8585,8.8585,8.8585,8.8585,8.8585,8.8585,8.8585,8.8585,8.8585,8.8585,8.8585,8.8585,8.8585,8.8585,8.8585,8.8585,8.8585,8.8585,8.8585,8.8585,8.8585,8.8585,8.8585,8.8585,8.8585,8.8585,8.8585,8.8585,8.8585,8.8585,8.8585,8.8585,8.8585,8.8585,8.8585,8.8585,8.8585,8.8585,8.8585,8.8585,8.8585,8.8585,8.8585,8.8585,8.8585,8.8585,8.8585,8.8585,8.8585,8.8585,8.8585,8.8585,8.8585,8.8585,8.8585,8.8585,8.8585,8.8585,8.8585,8.8585,8.8585,8.8585,8.8585,8.8585,8.8585,8.8585,8.8585,8.8585,8.8585,8.8585,8.8585,8.8585,8.8585,8.8585,8.8585,8.8585,8.8585,8.8585,8.8585,8.8585,8.8585,8.8585,8.8585,8.8585,8.8585,8.8585,8.8585,8.8585,8.8585,8.8585,8.8585,8.8585,8.8585,8.8585,8.8585,8.8585,8.8585,8.8585,8.8585,8.8585,8.8585,8.8585,8.8585,8.8585,8.8585,8.8585,8.8585,8.8585,8.8585,8.8585,8.8585,8.8585,8.8595,8.8595,8.8595,8.8595,8.8595,8.8595,8.8595,8.8595,8.8595,8.8595,8.8595,8.8595,8.8595,8.8595,8.8595,8.8595,8.8595,8.8595,8.8595,8.8595,8.8595,8.8595,8.8595,8.8595,8.8595,8.8595,8.8595,8.8595,8.8595,8.8595,8.8595,8.8595,8.8595,8.8595,8.8595,8.8595,8.8595,8.8595,8.8595,8.8595,8.8595,8.8595,8.8595,8.8595,8.8595,8.8595,8.8595,8.8595,8.8595,8.8595,8.8595,8.8595,8.8595,8.8595,8.8595,8.8595,8.8595,8.8595,8.8595,8.8595,8.8595,8.8595,8.8595,8.8595,8.8595,8.8595,8.8595,8.8595,8.8595,8.8595,8.8595,8.8595,8.8595,8.8595,8.8595,8.8595,8.8595,8.8595,8.8595,8.8595,8.8595,8.8595,8.8595,8.8595,8.8595,8.8595,8.8595,8.8595,8.8595,8.8595,8.8595,8.8595,8.8595,8.8595,8.8595,8.8595,8.8595,8.8595,8.8595,8.8595,8.8595,8.8595,8.8595,8.8595,8.8595,8.8595,8.8595,8.8595,8.8595,8.8595,8.8595,8.8595,8.8595,8.8595,8.8595,8.8595,8.8595,8.8595,8.8595,8.8595,8.8595,8.8595,8.8595,8.8595,8.8595,8.8595,8.8595,8.8595,8.8595,8.8595,8.8595,8.8595,8.8595,8.8595,8.8595,8.8595,8.8595,8.8595,8.8595,8.8595,8.8595,8.8595,8.8595,8.8595,8.8595,8.8595,8.8595,8.8595,8.8595,8.8595,8.8595,8.8595,8.8595,8.8595,8.8595,8.8595,8.8595,8.8595,8.8595,8.8595,8.8595,8.8595,8.8595,8.8595,8.8595,8.8595,8.8595,8.8595,8.8595,8.8595,8.8595,8.8595,8.8595,8.8595,8.8595,8.8595,8.8595,8.8595,8.8595,8.8595,8.8595,8.8595,8.8595,8.8595,8.8595,8.8595,8.8595,8.8595,8.8595,8.8595,8.8595,8.8595,8.8595,8.8595,8.8595,8.8595,8.8595,8.8595,8.8595,8.8595,8.8595,8.8595,8.8595,8.8595,8.8595,8.8595,8.8595,8.8595,8.8595,8.8595,8.8595,8.8595,8.8595,8.8595,8.8595,8.8595,8.8595,8.8595,8.8595,8.8595,8.8595,8.8595,8.8595,8.8595,8.8595,8.8595,8.8595,8.8595,8.8595,8.8595,8.8595,8.8595,8.8595,8.8595,8.8595,8.8595,8.8595,8.8595,8.8595,8.8595,8.8595,8.8595,8.8595,8.8595,8.8595,8.8595,8.8595,8.8595,8.8595,8.8595,8.8595,8.8595,8.8595,8.8595,8.8595,8.8595,8.8595,8.8595,8.8595,8.8595,8.8595,8.8595,8.8595,8.8595,8.8595,8.8595,8.8595,8.8595,8.8595,8.8595,8.8595,8.8595,8.8595,8.8595,8.8595,8.8595,8.8595,8.8595,8.8595,8.8595,8.8595,8.8595,8.8595,8.8595,8.8595,8.8595,8.8595,8.8595,8.8595,8.8595,8.8595,8.8595,8.8595,8.8595,8.8595,8.8595,8.8595,8.8595,8.8595,8.8595,8.8595,8.8595,8.8595,8.8595,8.8595,8.8595,8.8595,8.8595,8.8595,8.8595,8.8595,8.8595,8.8595,8.8595,8.8595,8.8595,8.8595,8.8595,8.8595,8.8595,8.8595,8.8595,8.8595,8.8595,8.8595,8.8595,8.8595,8.8595,8.8595,8.8595,8.8595,8.8595,8.8595,8.8595,8.8595,8.8595,8.8595,8.8595,8.8595,8.8595,8.8595,8.8595,8.8595,8.8595,8.8595,8.8595,8.8595,8.8595,8.8595,8.8595,8.8595,8.8595,8.8595,8.8595,8.8595,8.8595,8.8595,8.8595,8.8595,8.8595,8.8595,8.8595,8.8595,8.8595,8.8595,8.8595,8.8595,8.8595,8.8595,8.8595,8.8595,8.8595
8.8506,8.8506,8.8506,8.8506,8.8506,8.8506,8.8506,8.8506,8.8506,8.8506,8.8506,8.8506,8.8506,8.8506,8.8506,8.8506,8.8506,8.8506,8.8506,8.8506,8.8506,8.8506,8.8506,8.8506,8.8506,8.8506,8.8506,8.8506,8.8506,8.8506,8.8506,8.8506,8.8506,8.8506,8.8506,8.8506,8.8506,8.8506,8.8506,8.8506,8.8506,8.8506,8.8506,8.8506,8.8506,8.8506,8.8506,8.8506,8.8506,8.8506,8.8506,8.8506,8.8506,8.8506,8.8506,8.8506,8.8506,8.8506,8.8506,8.8506,8.8506,8.8506,8.8506,8.8506,8.8506,8.8506,8.8506,8.8506,8.8506,8.8506,8.8506,8.8506,8.8506,8.8506,8.8506,8.8506,8.8506,8.8506,8.8506,8.8506,8.8506,8.8506,8.8506,8.8506,8.8506,8.8506,8.8506,8.8506,8.8506,8.8506,8.8506,8.8506,8.8506,8.8506,8.8506,8.8506,8.8506,8.8506,8.8506,8.8506,8.8506,8.8506,8.8506,8.8506,8.8506,8.8506,8.8506,8.8506,8.8506,8.8506,8.8506,8.8506,8.8506,8.8506,8.8506,8.8506,8.8506,8.8506,8.8506,8.8506,8.8506,8.8506,8.8506,8.8506,8.8506,8.8506,8.8506,8.8506,8.8506,8.8506,8.8506,8.8506,8.8506,8.8506,8.8506,8.8506,8.8506,8.8506,8.8506,8.8506,8.8506,8.8506,8.8506,8.8506,8.8506,8.8506,8.8506,8.8506,8.8506,8.8506,8.8506,8.8506,8.8506,8.8506,8.8506,8.8506,8.8506,8.8506,8.8506,8.8506,8.8506,8.8506,8.8506,8.8506,8.8506,8.8506,8.8506,8.8506,8.8506,8.8506,8.8506,8.8506,8.8506,8.8506,8.8506,8.8506,8.8506,8.8506,8.8506,8.8506,8.8506,8.8506,8.8506,8.8506,8.8506,8.8506,8.8506,8.8506,8.8506,8.8506,8.8506,8.8506,8.8506,8.8506,8.8506,8.8506,8.8506,8.8506,8.8506,8.8506,8.8506,8.8506,8.8506,8.8506,8.8506,8.8506,8.8506,8.8506,8.8506,8.8506,8.8506,8.8506,8.8506,8.8506,8.8506,8.8506,8.8506,8.8506,8.8506,8.8506,8.8506,8.8506,8.8506,8.8506,8.8506,8.8506,8.8506,8.8506,8.8506,8.8506,8.8506,8.8506,8.8506,8.8506,8.8506,8.8506,8.8506,8.8506,8.8506,8.8506,8.8506,8.8506,8.8506,8.8506,8.8506,8.8506,8.8506,8.8506,8.8506,8.8506,8.8506,8.8506,8.8506,8.8506,8.8506,8.8506,8.8506,8.8506,8.8506,8.8506,8.8506,8.8506,8.8506,8.8506,8.8506,8.8506,8.8506,8.8506,8.8506,8.8506,8.8506,8.8506,8.8506,8.8506,8.8506,8.8506,8.8506,8.8506,8.8506,8.8506,8.8506,8.8506,8.8506,8.8506,8.8506,8.8506,8.8506,8.8506,8.8506,8.8506,8.8506,8.8506,8.8506,8.8506,8.8506,8.8506,8.8506,8.8506,8.8506,8.8506,8.8506,8.8506,8.8506,8.8506,8.8506,8.8506,8.8506,8.8506,8.8506,8.8506,8.8506,8.8506,8.8506,8.8506,8.8506,8.8506,8.8506,8.8506,8.8506,8.8506,8.8506,8.8506,8.8506,8.8506,8.8506,8.8506,8.8506,8.8506,8.8506,8.8506,8.8506,8.8506,8.8506,8.8506,8.8506,8.8506,8.8506,8.8506,8.8506,8.8506,8.8506,8.8506,8.8506,8.8506,8.8506,8.8506,8.8506,8.8506,8.8506,8.8506,8.8506,8.8506,8.8506,8.8506,8.8506,8.8506,8.8506,8.8506,8.8506,8.8506,8.8506,8.8506,8.8506,8.8506,8.8506,8.8506,8.8506,8.8506,8.8506,8.8506,8.8506,8.8506,8.8506,8.8506,8.8506,8.8506,8.8506,8.8506,8.8506,8.8506,8.8506,8.8506,8.8506,8.8506,8.8506,8.8506,8.8506,8.8506,8.8506,8.8506,8.8506,8.8506,8.8506,8.8506,8.8506,8.8506,8.8506,8.8506,8.8506,8.8506,8.8506,8.8506,8.8506,8.8506,8.8506,8.8506,8.8506,8.8506,8.8506,8.8506,8.8506,8.8506,8.8506,8.8506,8.8506,8.8506,8.8506,8.8506,8.8506,8.8506,8.8506,8.8506,8.8506,8.8506,8.8506,8.8506,8.8506,8.8506,8.8506,8.8506,8.8506,8.8506,8.8506,8.8506,8.8506,8.8506,8.8506,8.8506,8.8506,8.8506,8.8506,8.8506,8.8506,8.8506,8.8506,8.8506,8.8506,8.8506,8.8506,8.8506,8.8506,8.8506,8.8506,8.8506,8.8506,8.8506,8.8506,8.8506,8.8506,8.8506,8.8506,8.8506,8.8506,8.8506,8.8506,8.8506,8.8506,8.8506,8.8506,8.8506,8.8506,8.8506,8.8506,8.8506,8.8506,8.8506,8.8506,8.8506,8.8506,8.8506,8.8506,8.8506,8.8506,8.8506,8.8506,8.8506,8.8506,8.8506,8.8506,8.8506,8.8506,8.8506,8.8506,8.8506,8.8506,8.8506,8.8506,8.8506,8.8506,8.8506,8.8506,8.8506,8.8506,8.8506,8.8506,8.8506,8.8506,8.8506,8.8506,8.8506,8.8506,8.8506,8.8506,8.8506,8.8506,8.8506,8.8506,8.8506,8.8506,8.8506,8.8506,8.8506,8.8506,8.8506,8.8506,8.8506,8.8506,8.8506,8.8506,8.8506,8.8506,8.8506,8.8506,8.8506,8.8506,8.8506,8.8506,8.8506,8.8506,8.8506,8.8506,8.8506,8.8506,8.8506,8.8506,8.8506,8.8506,8.8506,8.8506,8.8506,8.8506,8.8506,8.8506,8.8506,8.8506,8.8506,8.8506,8.8506,8.8506,8.8506,8.8506,8.8506,8.8506,8.8506,8.8506,8.8506,8.8506,8.8506,8.8506,8.8506,8.8506,8.8506,8.8506,8.8506,8.8506,8.8506,8.8506,8.8506,8.8506,8.8506,8.8506,8.8506,8.8506,8.8506,8.8506,8.8506,8.8506,8.8506,8.8506,8.8506,8.8506,8.8506,8.8506,8.8506,8.8506,8.8506,8.8506,8.8506,8.8506,8.8506,8.8506,8.8506,8.8506,8.8506,8.8506,8.8506,8.8506,8.8506,8.8506,8.8506,8.8506,8.8506,8.8506,8.8506,8.8506,8.8506,8.8506,8.8506,8.8506,8.8506,8.8506,8.8506,8.8506,8.8506,8.8506,8.8506,8.8506,8.8506,8.8506,8.8506,8.8506,8.8506,8.8506,8.8506,8.8506,8.8506,8.8506,8.8506,8.8506,8.8506,8.8506,8.8506,8.8506,8.8506,8.8506,8.8506,8.8506,8.8506,8.8506,8.8506,8.8506,8.8506,8.8506,8.8506,8.8506,8.8506,8.8506,8.8506,8.8506,8.8506,8.8506,8.8506,8.8506,8.8506,8.8506,8.8506,8.8506,8.8506,8.8506,8.8506,8.8506,8.8506,8.8506,8.8506,8.8506,8.8506,8.8506,8.8506,8.8506,8.8506,8.8506,8.8506,8.8506,8.8506,8.8506,8.8506,8.8506,8.8506,8.8506,8.8506,8.8506,8.8506,8.8506,8.8506,8.8506,8.8506,8.8506,8.8506,8.8506,8.8506,8.8506,8.8506,8.8506,8.8506,8.8506,8.8506,8.8506,8.8506,8.8506,8.8506,8.8506,8.8506,8.8506,8.8506,8.8506,8.8506,8.8506,8.8506,8.8506,8.8506,8.8506,8.8506,8.8506,8.8506,8.8506,8.8506,8.8506,8.8506,8.8506,8.8506,8.8506,8.8506,8.8506,8.8506,8.8506,8.8506,8.8506,8.8506,8.8506,8.8506,8.8506,8.8506,8.8506,8.8506,8.8506,8.8506,8.8506,8.8506,8.8506,8.8506,8.8506,8.8506,8.8506,8.8506,8.8506,8.8506,8.8506,8.8506,8.8506,8.8506,8.8506,8.8506,8.8506,8.8506,8.8506,8.8506,8.8506,8.8506,8.8506,8.8506,8.8506,8.8506,8.8506,8.8506,8.8506,8.8506,8.8506,8.8506,8.8506,8.8506,8.8506,8.8506,8.8506,8.8506,8.8506,8.8506,8.8506,8.8506,8.8506,8.8506,8.8506,8.8506,8.8506,8.8506,8.8506,8.8506,8.8506,8.8506,8.8506,8.8506,8.8506,8.8506,8.8506,8.8506,8.8506,8.8506,8.8506,8.8506,8.8506,8.8506,8.8506,8.8506,8.8506,8.8506,8.8506,8.8506,8.8506,8.8506,8.8506,8.8506,8.8506,8.8506,8.8506,8.8506,8.8506,8.8506,8.8506,8.8506,8.8506,8.8506,8.8506,8.8506,8.8506,8.8506,8.8506,8.8506,8.8506,8.8506,8.8506,8.8506,8.8506,8.8506,8.8506,8.8506,8.8506,8.8506,8.8506,8.8506,8.8506,8.8506,8.8506,8.8506,8.8506,8.8506,8.8506,8.8506,8.8506,8.8506,8.8506,8.8506,8.8506,8.8506,8.8506,8.8506,8.8506,8.8506,8.8506,8.8506,8.8506,8.8506,8.8506,8.8506,8.8506,8.8506,8.8506,8.8506,8.8506,8.8506,8.8506,8.8506,8.8506,8.8506,8.8506,8.8506,8.8506,8.8506,8.8506,8.8506,8.8506,8.8506,8.8506,8.8506,8.8506,8.8506,8.8506,8.8506,8.8506,8.8506,8.8506,8.8506,8.8506,8.8506,8.8506,8.8506,8.8506,8.8506,8.8506,8.8506,8.8506,8.8506,8.8506,8.8506,8.8506,8.8506,8.8506,8.8506,8.8506,8.8506,8.8506,8.8506,8.8506,8.8506,8.8506,8.8506,8.8506,8.8506,8.8506,8.8506,8.8506,8.8506,8.8506,8.8506,8.8506,8.8506,8.8506,8.8506,8.8506,8.8506,8.8506,8.8506,8.8506,8.8506,8.8506,8.8506,8.8506,8.8506,8.8506,8.8506,8.8506,8.8506,8.8506,8.8506,8.8506,8.8506,8.8506,8.8506,8.8506,8.8506,8.8506,8.8506
8.8413,8.8413,8.8413,8.8413,8.8413,8.8413,8.8413,8.8413,8.8413,8.8413,8.8413,8.8413,8.8413,8.8413,8.8413,8.8413,8.8413,8.8413,8.8413,8.8413,8.8413,8.8413,8.8413,8.8413,8.8413,8.8413,8.8413,8.8413,8.8413,8.8413,8.8413,8.8413,8.8413,8.8413,8.8413,8.8413,8.8413,8.8413,8.8413,8.8413,8.8413,8.8413,8.8413,8.8413,8.8413,8.8413,8.8413,8.8413,8.8413,8.8413,8.8413,8.8413,8.8413,8.8413,8.8413,8.8413,8.8413,8.8413,8.8413,8.8413,8.8413,8.8413,8.8413,8.8413,8.8413,8.8413,8.8413,8.8413,8.8413,8.8413,8.8413,8.8413,8.8413,8.8413,8.8413,8.8413,8.8413,8.8413,8.8413,8.8413,8.8413,8.8413,8.8413,8.8413,8.8413,8.8413,8.8413,8.8413,8.8413,8.8413,8.8413,8.8413,8.8413,8.8413,8.8413,8.8413,8.8413,8.8413,8.8413,8.8413,8.8413,8.8413,8.8413,8.8413,8.8413,8.8413,8.8413,8.8413,8.8413,8.8413,8.8413,8.8413,8.8413,8.8413,8.8413,8.8413,8.8413,8.8413,8.8413,8.8413,8.8413,8.8413,8.8413,8.8413,8.8413,8.8413,8.8413,8.8413,8.8413,8.8413,8.8413,8.8413,8.8413,8.8413,8.8413,8.8413,8.8413,8.8413,8.8413,8.8413,8.8413,8.8413,8.8413,8.8413,8.8413,8.8413,8.8413,8.8413,8.8413,8.8413,8.8413,8.8413,8.8413,8.8413,8.8413,8.8413,8.8413,8.8413,8.8413,8.8413,8.8413,8.8413,8.8413,8.8413,8.8413,8.8413,8.8413,8.8413,8.8413,8.8413,8.8413,8.8413,8.8413,8.8413,8.8413,8.8413,8.8413,8.8413,8.8413,8.8413,8.8413,8.8413,8.8413,8.8413,8.8413,8.8413,8.8413,8.8413,8.8413,8.8413,8.8413,8.8413,8.8413,8.8413,8.8413,8.8413,8.8413,8.8413,8.8413,8.8413,8.8413,8.8413,8.8413,8.8413,8.8413,8.8413,8.8413,8.8413,8.8413,8.8413,8.8413,8.8413,8.8413,8.8413,8.8413,8.8413,8.8413,8.8413,8.8413,8.8413,8.8413,8.8413,8.8413,8.8413,8.8413,8.8413,8.8413,8.8413,8.8413,8.8413,8.8413,8.8413,8.8413,8.8413,8.8413,8.8413,8.8413,8.8413,8.8413,8.8413,8.8413,8.8413,8.8413,8.8413,8.8413,8.8413,8.8413,8.8413,8.8413,8.8413,8.8413,8.8413,8.8413,8.8413,8.8413,8.8413,8.8413,8.8413,8.8413,8.8413,8.8413,8.8413,8.8413,8.8413,8.8413,8.8413,8.8413,8.8413,8.8413,8.8413,8.8413,8.8413,8.8413,8.8413,8.8413,8.8413,8.8413,8.8413,8.8413,8.8413,8.8413,8.8413,8.8413,8.8413,8.8413,8.8413,8.8413,8.8413,8.8413,8.8413,8.8413,8.8413,8.8413,8.8413,8.8413,8.8413,8.8413,8.8413,8.8413,8.8413,8.8413,8.8413,8.8413,8.8413,8.8413,8.8413,8.8413,8.8413,8.8413,8.8413,8.8413,8.8413,8.8413,8.8413,8.8413,8.8413,8.8413,8.8413,8.8413,8.8413,8.8413,8.8413,8.8413,8.8413,8.8413,8.8413,8.8413,8.8413,8.8413,8.8413,8.8413,8.8413,8.8413,8.8413,8.8413,8.8413,8.8413,8.8413,8.8413,8.8413,8.8413,8.8413,8.8413,8.8413,8.8413,8.8413,8.8413,8.8413,8.8413,8.8413,8.8413,8.8413,8.8413,8.8413,8.8413,8.8413,8.8413,8.8413,8.8413,8.8413,8.8413,8.8413,8.8413,8.8413,8.8413,8.8413,8.8413,8.8413,8.8413,8.8413,8.8413,8.8413,8.8413,8.8413,8.8413,8.8413,8.8413,8.8413,8.8413,8.8413,8.8413,8.8413,8.8413,8.8413,8.8413,8.8413,8.8413,8.8413,8.8413,8.8413,8.8413,8.8413,8.8413,8.8413,8.8413,8.8413,8.8413,8.8413,8.8413,8.8413,8.8413,8.8413,8.8413,8.8413,8.8413,8.8413,8.8413,8.8413,8.8413,8.8413,8.8413,8.8413,8.8413,8.8413,8.8413,8.8413,8.8413,8.8413,8.8413,8.8413,8.8413,8.8413,8.8413,8.8413,8.8413,8.8413,8.8413,8.8413,8.8413,8.8413,8.8413,8.8413,8.8413,8.8413,8.8413,8.8413,8.8413,8.8413,8.8413,8.8413,8.8413,8.8413,8.8413,8.8413,8.8413,8.8413,8.8413,8.8413,8.8413,8.8413,8.8413,8.8413,8.8413,8.8413,8.8413,8.8413,8.8413,8.8413,8.8413,8.8413,8.8413,8.8413,8.8413,8.8413,8.8413,8.8413,8.8413,8.8413,8.8413,8.8413,8.8413,8.8413,8.8413,8.8413,8.8413,8.8413,8.8413,8.8413,8.8413,8.8413,8.8413,8.8413,8.8413,8.8413,8.8413,8.8413,8.8413,8.8413,8.8413,8.8413,8.8413,8.8413,8.8413,8.8413,8.8413,8.8413,8.8413,8.8413,8.8413,8.8413,8.8413,8.8413,8.8413,8.8413,8.8413,8.8413,8.8413,8.8413,8.8413,8.8413,8.8413,8.8413,8.8413,8.8413,8.8413,8.8413,8.8413,8.8413,8.8413,8.8413,8.8413,8.8413,8.8413,8.8413,8.8413,8.8413,8.8413,8.8413,8.8413,8.8413,8.8413,8.8413,8.8413,8.8413,8.8413,8.8413,8.8413,8.8413,8.8413,8.8413,8.8413,8.8413,8.8413,8.8413,8.8413,8.8413,8.8413,8.8413,8.8413,8.8413,8.8413,8.8413,8.8413,8.8413,8.8413,8.8413,8.8413,8.8413,8.8413,8.8413,8.8413,8.8413,8.8413,8.8413,8.8413,8.8413,8.8413,8.8413,8.8413,8.8413,8.8413,8.8413,8.8413,8.8413,8.8413,8.8413,8.8413,8.8413,8.8413,8.8413,8.8413,8.8413,8.8413,8.8413,8.8413,8.8413,8.8413,8.8413,8.8413,8.8413,8.8413,8.8413,8.8413,8.8413,8.8413,8.8413,8.8413,8.8413,8.8413,8.8413,8.8413,8.8413,8.8413,8.8413,8.8413,8.8413,8.8413,8.8413,8.8413,8.8413,8.8413,8.8413,8.8413,8.8413,8.8413,8.8413,8.8413,8.8413,8.8413,8.8413,8.8413,8.8413,8.8413,8.8413,8.8413,8.8413,8.8413,8.8413,8.8413,8.8413,8.8413,8.8413,8.8413,8.8413,8.8413,8.8413,8.8413,8.8413,8.8413,8.8413,8.8413,8.8413,8.8413,8.8413,8.8413,8.8413,8.8413,8.8413,8.8413,8.8413,8.8413,8.8413,8.8413,8.8413,8.8413,8.8413,8.8413,8.8413,8.8413,8.8413,8.8413,8.8413,8.8413,8.8413,8.8413,8.8413,8.8413,8.8413,8.8413,8.8413,8.8413,8.8413,8.8413,8.8413,8.8413,8.8413,8.8413,8.8413,8.8413,8.8413,8.8413,8.8413,8.8413,8.8413,8.8413,8.8413,8.8413,8.8413,8.8413,8.8413,8.8413,8.8413,8.8413,8.8413,8.8413,8.8413,8.8413,8.8413,8.8413,8.8413,8.8413,8.8413,8.8413,8.8413,8.8413,8.8413,8.8413,8.8413,8.8413,8.8413,8.8413,8.8413,8.8413,8.8413,8.8413,8.8413,8.8413,8.8413,8.8413,8.8413,8.8413,8.8413,8.8413,8.8413,8.8413,8.8413,8.8413,8.8413,8.8413,8.8413,8.8413,8.8413,8.8413,8.8413,8.8413,8.8413,8.8413,8.8413,8.8413,8.8413,8.8413,8.8413,8.8413,8.8413,8.8413,8.8413,8.8413,8.8413,8.8413,8.8413,8.8413,8.8413,8.8413,8.8413,8.8413,8.8413,8.8413,8.8413,8.8413,8.8413,8.8413,8.8413,8.8413,8.8413,8.8413,8.8413,8.8413,8.8413,8.8413,8.8413,8.8413,8.8413,8.8413,8.8413,8.8413,8.8413,8.8413,8.8413,8.8413,8.8413,8.8413,8.8413,8.8413,8.8413,8.8413,8.8413,8.8413,8.8413,8.8413,8.8413,8.8413,8.8413,8.8413,8.8413,8.8413,8.8413,8.8413,8.8413,8.8413,8.8413,8.8413,8.8413,8.8413,8.8413,8.8413,8.8413,8.8413,8.8413,8.8413,8.8413,8.8413,8.8413,8.8413,8.8413,8.8413,8.8413,8.8413,8.8413,8.8413,8.8413,8.8413,8.8413,8.8413,8.8413,8.8413,8.8413,8.8413,8.8413,8.8413,8.8413,8.8413,8.8413,8.8413,8.8413,8.8413,8.8413,8.8413,8.8413,8.8413,8.8413,8.8413,8.8413,8.8413,8.8413,8.8413,8.8413,8.8413,8.8413,8.8413,8.8413,8.8413,8.8413,8.8413,8.8413,8.8413,8.8413,8.8413,8.8413,8.8413,8.8413,8.8413,8.8413,8.8413,8.8413,8.8413,8.8413,8.8413,8.8413,8.8413,8.8413,8.8413,8.8413,8.8413,8.8413,8.8413,8.8413,8.8413,8.8413,8.8413,8.8413,8.8413,8.8413,8.8413,8.8413,8.8413,8.8413,8.8413,8.8413,8.8413,8.8413,8.8413,8.8413,8.8413,8.8413,8.8413,8.8413,8.8413,8.8413,8.8413,8.8413,8.8413,8.8413,8.8413,8.8413,8.8413,8.8413,8.8413,8.8413,8.8413,8.8413,8.8413,8.8413,8.8413,8.8413,8.8413,8.8413,8.8413,8.8413,8.8413,8.8413,8.8413,8.8413,8.8413,8.8413,8.8413,8.8413,8.8413,8.8413,8.8413,8.8413,8.8413,8.8413,8.8413,8.8413,8.8413,8.8413,8.8413,8.8413,8.8413,8.8413,8.8413,8.8413,8.8413,8.8413,8.8413,8.8413,8.8413,8.8413,8.8413,8.8413,8.8413,8.8413,8.8413,8.8413,8.8413,8.8413,8.8413,8.8413,8.8413,8.8413
8.8334,8.8334,8.8334,8.8334,8.8334,8.8334,8.8334,8.8334,8.8334,8.8334,8.8334,8.8334,8.8334,8.8334,8.8334,8.8334,8.8334,8.8334,8.8334,8.8334,8.8334,8.8334,8.8334,8.8334,8.8334,8.8334,8.8334,8.8334,8.8334,8.8334,8.8334,8.8334,8.8334,8.8334,8.8334,8.8334,8.8334,8.8334,8.8334,8.8334,8.8334,8.8334,8.8334,8.8334,8.8334,8.8334,8.8334,8.8334,8.8334,8.8334,8.8334,8.8334,8.8334,8.8334,8.8334,8.8334,8.8334,8.8334,8.8334,8.8334,8.8334,8.8334,8.8334,8.8334,8.8334,8.8334,8.8334,8.8334,8.8334,8.8334,8.8334,8.8334,8.8334,8.8334,8.8334,8.8334,8.8334,8.8334,8.8334,8.8334,8.8334,8.8334,8.8334,8.8334,8.8334,8.8334,8.8334,8.8334,8.8334,8.8334,8.8334,8.8334,8.8334,8.8334,8.8334,8.8334,8.8334,8.8334,8.8334,8.8334,8.8334,8.8334,8.8334,8.8334,8.8334,8.8334,8.8334,8.8334,8.8334,8.8334,8.8334,8.8334,8.8334,8.8334,8.8334,8.8334,8.8334,8.8334,8.8334,8.8334,8.8334,8.8334,8.8334,8.8334,8.8334,8.8334,8.8334,8.8334,8.8334,8.8334,8.8334,8.8334,8.8334,8.8334,8.8334,8.8334,8.8334,8.8334,8.8334,8.8334,8.8334,8.8334,8.8334,8.8334,8.8334,8.8334,8.8334,8.8334,8.8334,8.8334,8.8334,8.8334,8.8334,8.8334,8.8334,8.8334,8.8334,8.8334,8.8334,8.8334,8.8334,8.8334,8.8334,8.8334,8.8334,8.8334,8.8334,8.8334,8.8334,8.8334,8.8334,8.8334,8.8334,8.8334,8.8334,8.8334,8.8334,8.8334,8.8334,8.8334,8.8334,8.8334,8.8334,8.8334,8.8334,8.8334,8.8334,8.8334,8.8334,8.8334,8.8334,8.8334,8.8334,8.8334,8.8334,8.8334,8.8334,8.8334,8.8334,8.8334,8.8334,8.8334,8.8334,8.8334,8.8334,8.8334,8.8334,8.8334,8.8334,8.8334,8.8334,8.8334,8.8334,8.8334,8.8334,8.8334,8.8334,8.8334,8.8334,8.8334,8.8334,8.8334,8.8334,8.8334,8.8334,8.8334,8.8334,8.8334,8.8334,8.8334,8.8334,8.8334,8.8334,8.8334,8.8334,8.8334,8.8334,8.8334,8.8334,8.8334,8.8334,8.8334,8.8334,8.8334,8.8334,8.8334,8.8334,8.8334,8.8334,8.8334,8.8334,8.8334,8.8334,8.8334,8.8334,8.8334,8.8334,8.8334,8.8334,8.8334,8.8334,8.8334,8.8334,8.8334,8.8334,8.8334,8.8334,8.8334,8.8334,8.8334,8.8334,8.8334,8.8334,8.8334,8.8334,8.8334,8.8334,8.8334,8.8334,8.8334,8.8334,8.8334,8.8334,8.8334,8.8334,8.8334,8.8334,8.8334,8.8334,8.8334,8.8334,8.8334,8.8334,8.8334,8.8334,8.8334,8.8334,8.8334,8.8334,8.8334,8.8334,8.8334,8.8334,8.8334,8.8334,8.8334,8.8334,8.8334,8.8334,8.8334,8.8334,8.8334,8.8334,8.8334,8.8334,8.8334,8.8334,8.8334,8.8334,8.8334,8.8334,8.8334,8.8334,8.8334,8.8334,8.8334,8.8334,8.8334,8.8334,8.8334,8.8334,8.8334,8.8334,8.8334,8.8334,8.8334,8.8334,8.8334,8.8334,8.8334,8.8334,8.8334,8.8334,8.8334,8.8334,8.8334,8.8334,8.8334,8.8334,8.8334,8.8334,8.8334,8.8334,8.8334,8.8334,8.8334,8.8334,8.8334,8.8334,8.8334,8.8334,8.8334,8.8334,8.8334,8.8334,8.8334,8.8334,8.8334,8.8334,8.8334,8.8334,8.8334,8.8334,8.8334,8.8334,8.8334,8.8334,8.8334,8.8334,8.8334,8.8334,8.8334,8.8334,8.8334,8.8334,8.8334,8.8334,8.8334,8.8334,8.8334,8.8334,8.8334,8.8334,8.8334,8.8334,8.8334,8.8334,8.8334,8.8334,8.8334,8.8334,8.8334,8.8334,8.8334,8.8334,8.8334,8.8334,8.8334,8.8334,8.8334,8.8334,8.8334,8.8334,8.8334,8.8334,8.8334,8.8334,8.8334,8.8334,8.8334,8.8334,8.8334,8.8334,8.8334,8.8334,8.8334,8.8334,8.8334,8.8334,8.8334,8.8334,8.8334,8.8334,8.8334,8.8334,8.8334,8.8334,8.8334,8.8334,8.8334,8.8334,8.8334,8.8334,8.8334,8.8334,8.8334,8.8334,8.8334,8.8334,8.8334,8.8334,8.8334,8.8334,8.8334,8.8334,8.8334,8.8334,8.8334,8.8334,8.8334,8.8334,8.8334,8.8334,8.8334,8.8334,8.8334,8.8334,8.8334,8.8334,8.8334,8.8334,8.8334,8.8334,8.8334,8.8334,8.8334,8.8334,8.8334,8.8334,8.8334,8.8334,8.8334,8.8334,8.8334,8.8334,8.8334,8.8334,8.8334,8.8334,8.8334,8.8334,8.8334,8.8334,8.8334,8.8334,8.8334,8.8334,8.8334,8.8334,8.8334,8.8334,8.8334,8.8334,8.8334,8.8334,8.8334,8.8334,8.8334,8.8334,8.8334,8.8334,8.8334,8.8334,8.8334,8.8334,8.8334,8.8334,8.8334,8.8334,8.8334,8.8334,8.8334,8.8334,8.8334,8.8334,8.8334,8.8334,8.8334,8.8334,8.8334,8.8334,8.8334,8.8334,8.8334,8.8334,8.8334,8.8334,8.8334,8.8334,8.8334,8.8334,8.8334,8.8334,8.8334,8.8334,8.8334,8.8334,8.8334,8.8334,8.8334,8.8334,8.8334,8.8334,8.8334,8.8334,8.8334,8.8334,8.8334,8.8334,8.8334,8.8334,8.8334,8.8334,8.8334,8.8334,8.8334,8.8334,8.8334,8.8334,8.8334,8.8334,8.8334,8.8334,8.8334,8.8334,8.8334,8.8334,8.8334,8.8334,8.8334,8.8334,8.8334,8.8334,8.8334,8.8334,8.8334,8.8334,8.8334,8.8334,8.8334,8.8334,8.8334,8.8334,8.8334,8.8334,8.8334,8.8334,8.8334,8.8334,8.8334,8.8334,8.8334,8.8334,8.8334,8.8334,8.8334,8.8334,8.8334,8.8334,8.8334,8.8334,8.8334,8.8334,8.8334,8.8334,8.8334,8.8334,8.8334,8.8334,8.8334,8.8334,8.8334,8.8334,8.8334,8.8334,8.8334,8.8334,8.8334,8.8334,8.8334,8.8334,8.8334,8.8334,8.8334,8.8334,8.8334,8.8334,8.8334,8.8334,8.8334,8.8334,8.8334,8.8334,8.8334,8.8334,8.8334,8.8334,8.8334,8.8334,8.8334,8.8334,8.8334,8.8334,8.8334,8.8334,8.8334,8.8334,8.8334,8.8334,8.8334,8.8334,8.8334,8.8334,8.8334,8.8334,8.8334,8.8334,8.8334,8.8334,8.8334,8.8334,8.8334,8.8334,8.8334,8.8334,8.8334,8.8334,8.8334,8.8334,8.8334,8.8334,8.8334,8.8334,8.8334,8.8334,8.8334,8.8334,8.8334,8.8334,8.8334,8.8334,8.8334,8.8334,8.8334,8.8334,8.8334,8.8334,8.8334,8.8334,8.8334,8.8334,8.8334,8.8334,8.8334,8.8334,8.8334,8.8334,8.8334,8.8334,8.8334,8.8334,8.8334,8.8334,8.8334,8.8334,8.8334,8.8334,8.8334,8.8334,8.8334,8.8334,8.8334,8.8334,8.8334,8.8334,8.8334,8.8334,8.8334,8.8334,8.8334,8.8334,8.8334,8.8334,8.8334,8.8334,8.8334,8.8334,8.8334,8.8334,8.8334,8.8334,8.8334,8.8334,8.8334,8.8334,8.8334,8.8334,8.8334,8.8334,8.8334,8.8334,8.8334,8.8334,8.8334,8.8334,8.8334,8.8334,8.8334,8.8334,8.8334,8.8334,8.8334,8.8334,8.8334,8.8334,8.8334,8.8334,8.8334,8.8334,8.8334,8.8334,8.8334,8.8334,8.8334,8.8334,8.8334,8.8334,8.8334,8.8334,8.8334,8.8334,8.8334,8.8334,8.8334,8.8334,8.8334,8.8334,8.8334,8.8334,8.8334,8.8334,8.8334,8.8334,8.8334,8.8334,8.8334,8.8334,8.8334,8.8334,8.8334,8.8334,8.8334,8.8334,8.8334,8.8334,8.8334,8.8334,8.8334,8.8334,8.8334,8.8334,8.8334,8.8334,8.8334,8.8334,8.8334,8.8334,8.8334,8.8334,8.8334,8.8334,8.8334,8.8334,8.8334,8.8334,8.8334,8.8334,8.8334,8.8334,8.8334,8.8334,8.8334,8.8334,8.8334,8.8334,8.8334,8.8334,8.8334,8.8334,8.8334,8.8334,8.8334,8.8334,8.8334,8.8334,8.8334,8.8334,8.8334,8.8334,8.8334,8.8334,8.8334,8.8334,8.8334,8.8334,8.8334,8.8334,8.8334,8.8334,8.8334,8.8334,8.8334,8.8334,8.8334,8.8334,8.8334,8.8334,8.8334,8.8334,8.8334,8.8334,8.8334,8.8334,8.8334,8.8334,8.8334,8.8334,8.8334,8.8334,8.8334,8.8334,8.8334,8.8334,8.8334,8.8334,8.8334,8.8334,8.8334,8.8334,8.8334,8.8334,8.8334,8.8334,8.8334,8.8334,8.8334,8.8334,8.8334,8.8334,8.8334,8.8334,8.8334,8.8334,8.8334,8.8334,8.8334,8.8334,8.8334,8.8334,8.8334,8.8334,8.8334,8.8334,8.8334,8.8334,8.8334,8.8334,8.8334,8.8334,8.8334,8.8334,8.8334,8.8334,8.8334,8.8334,8.8334,8.8334,8.8334,8.8334,8.8334,8.8334,8.8334,8.8334,8.8334,8.8334,8.8334,8.8334,8.8334,8.8334,8.8334,8.8334,8.8334,8.8334,8.8334,8.8334,8.8334,8.8334,8.8334,8.8334,8.8334,8.8334,8.8334,8.8334,8.8334,8.8334,8.8334,8.8334,8.8334,8.8334,8.8334
8.8236,8.8236,8.8236,8.8236,8.8236,8.8236,8.8236,8.8236,8.8236,8.8236,8.8236,8.8236,8.8236,8.8236,8.8236,8.8236,8.8236,8.8236,8.8236,8.8236,8.8236,8.8236,8.8236,8.8236,8.8236,8.8236,8.8236,8.8236,8.8236,8.8236,8.8236,8.8236,8.8236,8.8236,8.8236,8.8236,8.8236,8.8236,8.8236,8.8236,8.8236,8.8236,8.8236,8.8236,8.8236,8.8236,8.8236,8.8236,8.8236,8.8236,8.8236,8.8236,8.8236,8.8236,8.8236,8.8236,8.8236,8.8236,8.8236,8.8236,8.8236,8.8236,8.8236,8.8236,8.8236,8.8236,8.8236,8.8236,8.8236,8.8236,8.8236,8.8236,8.8236,8.8236,8.8236,8.8236,8.8236,8.8236,8.8236,8.8236,8.8236,8.8236,8.8236,8.8236,8.8236,8.8236,8.8236,8.8236,8.8236,8.8236,8.8236,8.8236,8.8236,8.8236,8.8236,8.8236,8.8236,8.8236,8.8236,8.8236,8.8236,8.8236,8.8236,8.8236,8.8236,8.8236,8.8236,8.8236,8.8236,8.8236,8.8236,8.8236,8.8236,8.8236,8.8236,8.8236,8.8236,8.8236,8.8236,8.8236,8.8236,8.8236,8.8236,8.8236,8.8236,8.8236,8.8236,8.8236,8.8236,8.8236,8.8236,8.8236,8.8236,8.8236,8.8236,8.8236,8.8236,8.8236,8.8236,8.8236,8.8236,8.8236,8.8236,8.8236,8.8236,8.8236,8.8236,8.8236,8.8236,8.8236,8.8236,8.8236,8.8236,8.8236,8.8236,8.8236,8.8236,8.8236,8.8236,8.8236,8.8236,8.8236,8.8236,8.8236,8.8236,8.8236,8.8236,8.8236,8.8236,8.8236,8.8236,8.8236,8.8236,8.8236,8.8236,8.8236,8.8236,8.8236,8.8236,8.8236,8.8236,8.8236,8.8236,8.8236,8.8236,8.8236,8.8236,8.8236,8.8236,8.8236,8.8236,8.8236,8.8236,8.8236,8.8236,8.8236,8.8236,8.8236,8.8236,8.8236,8.8236,8.8236,8.8236,8.8236,8.8236,8.8236,8.8236,8.8236,8.8236,8.8236,8.8236,8.8236,8.8236,8.8236,8.8236,8.8236,8.8236,8.8236,8.8236,8.8236,8.8236,8.8236,8.8236,8.8236,8.8236,8.8236,8.8236,8.8236,8.8236,8.8236,8.8236,8.8236,8.8236,8.8236,8.8236,8.8236,8.8236,8.8236,8.8236,8.8236,8.8236,8.8236,8.8236,8.8236,8.8236,8.8236,8.8236,8.8236,8.8236,8.8236,8.8236,8.8236,8.8236,8.8236,8.8236,8.8236,8.8236,8.8236,8.8236,8.8236,8.8236,8.8236,8.8236,8.8236,8.8236,8.8236,8.8236,8.8236,8.8236,8.8236,8.8236,8.8236,8.8236,8.8236,8.8236,8.8236,8.8236,8.8236,8.8236,8.8236,8.8236,8.8236,8.8236,8.8236,8.8236,8.8236,8.8236,8.8236,8.8236,8.8236,8.8236,8.8236,8.8236,8.8236,8.8236,8.8236,8.8236,8.8236,8.8236,8.8236,8.8236,8.8236,8.8236,8.8236,8.8236,8.8236,8.8236,8.8236,8.8236,8.8236,8.8236,8.8236,8.8236,8.8236,8.8236,8.8236,8.8236,8.8236,8.8236,8.8236,8.8236,8.8236,8.8236,8.8236,8.8236,8.8236,8.8236,8.8236,8.8236,8.8236,8.8236,8.8236,8.8236,8.8236,8.8236,8.8236,8.8236,8.8236,8.8236,8.8236,8.8236,8.8236,8.8236,8.8236,8.8236,8.8236,8.8236,8.8236,8.8236,8.8236,8.8236,8.8236,8.8236,8.8236,8.8236,8.8236,8.8236,8.8236,8.8236,8.8236,8.8236,8.8236,8.8236,8.8236,8.8236,8.8236,8.8236,8.8236,8.8236,8.8236,8.8236,8.8236,8.8236,8.8236,8.8236,8.8236,8.8236,8.8236,8.8236,8.8236,8.8236,8.8236,8.8236,8.8236,8.8236,8.8236,8.8236,8.8236,8.8236,8.8236,8.8236,8.8236,8.8236,8.8236,8.8236,8.8236,8.8236,8.8236,8.8236,8.8236,8.8236,8.8236,8.8236,8.8236,8.8236,8.8236,8.8236,8.8236,8.8236,8.8236,8.8236,8.8236,8.8236,8.8236,8.8236,8.8236,8.8236,8.8236,8.8236,8.8236,8.8236,8.8236,8.8236,8.8236,8.8236,8.8236,8.8236,8.8236,8.8236,8.8236,8.8236,8.8236,8.8236,8.8236,8.8236,8.8236,8.8236,8.8236,8.8236,8.8236,8.8236,8.8236,8.8236,8.8236,8.8236,8.8236,8.8236,8.8236,8.8236,8.8236,8.8236,8.8236,8.8236,8.8236,8.8236,8.8236,8.8236,8.8236,8.8236,8.8236,8.8236,8.8236,8.8236,8.8236,8.8236,8.8236,8.8236,8.8236,8.8236,8.8236,8.8236,8.8236,8.8236,8.8236,8.8236,8.8236,8.8236,8.8236,8.8236,8.8236,8.8236,8.8236,8.8236,8.8236,8.8236,8.8236,8.8236,8.8236,8.8236,8.8236,8.8236,8.8236,8.8236,8.8236,8.8236,8.8236,8.8236,8.8236,8.8236,8.8236,8.8236,8.8236,8.8236,8.8236,8.8236,8.8236,8.8236,8.8236,8.8236,8.8236,8.8236,8.8236,8.8236,8.8236,8.8236,8.8236,8.8236,8.8236,8.8236,8.8236,8.8236,8.8236,8.8236,8.8236,8.8236,8.8236,8.8236,8.8236,8.8236,8.8236,8.8236,8.8236,8.8236,8.8236,8.8236,8.8236,8.8236,8.8236,8.8236,8.8236,8.8236,8.8236,8.8236,8.8236,8.8236,8.8236,8.8236,8.8236,8.8236,8.8236,8.8236,8.8236,8.8236,8.8236,8.8236,8.8236,8.8236,8.8236,8.8236,8.8236,8.8236,8.8236,8.8236,8.8236,8.8236,8.8236,8.8236,8.8236,8.8236,8.8236,8.8236,8.8236,8.8236,8.8236,8.8236,8.8236,8.8236,8.8236,8.8236,8.8236,8.8236,8.8236,8.8236,8.8236,8.8236,8.8236,8.8236,8.8236,8.8236,8.8236,8.8236,8.8236,8.8236,8.8236,8.8236,8.8236,8.8236,8.8236,8.8236,8.8236,8.8236,8.8236,8.8236,8.8236,8.8236,8.8236,8.8236,8.8236,8.8236,8.8236,8.8236,8.8236,8.8236,8.8236,8.8236,8.8236,8.8236,8.8236,8.8236,8.8236,8.8236,8.8236,8.8236,8.8236,8.8236,8.8236,8.8236,8.8236,8.8236,8.8236,8.8236,8.8236,8.8236,8.8236,8.8236,8.8236,8.8236,8.8236,8.8236,8.8236,8.8236,8.8236,8.8236,8.8236,8.8236,8.8236,8.8236,8.8236,8.8236,8.8236,8.8236,8.8236,8.8236,8.8236,8.8236,8.8236,8.8236,8.8236,8.8236,8.8236,8.8236,8.8236,8.8236,8.8236,8.8236,8.8236,8.8236,8.8236,8.8236,8.8236,8.8236,8.8236,8.8236,8.8236,8.8236,8.8236,8.8236,8.8236,8.8236,8.8236,8.8236,8.8236,8.8236,8.8236,8.8236,8.8236,8.8236,8.8236,8.8236,8.8236,8.8236,8.8236,8.8236,8.8236,8.8236,8.8236,8.8236,8.8236,8.8236,8.8236,8.8236,8.8236,8.8236,8.8236,8.8236,8.8236,8.8236,8.8236,8.8236,8.8236,8.8236,8.8236,8.8236,8.8236,8.8236,8.8236,8.8236,8.8236,8.8236,8.8236,8.8236,8.8236,8.8236,8.8236,8.8236,8.8236,8.8236,8.8236,8.8236,8.8236,8.8236,8.8236,8.8236,8.8236,8.8236,8.8236,8.8236,8.8236,8.8236,8.8236,8.8236,8.8236,8.8236,8.8236,8.8236,8.8236,8.8236,8.8236,8.8236,8.8236,8.8236,8.8236,8.8236,8.8236,8.8236,8.8236,8.8236,8.8236,8.8236,8.8236,8.8236,8.8236,8.8236,8.8236,8.8236,8.8236,8.8236,8.8236,8.8236,8.8236,8.8236,8.8236,8.8236,8.8236,8.8236,8.8236,8.8236,8.8236,8.8236,8.8236,8.8236,8.8236,8.8236,8.8236,8.8236,8.8236,8.8236,8.8236,8.8236,8.8236,8.8236,8.8236,8.8236,8.8236,8.8236,8.8236,8.8236,8.8236,8.8236,8.8236,8.8236,8.8236,8.8236,8.8236,8.8236,8.8236,8.8236,8.8236,8.8236,8.8236,8.8236,8.8236,8.8236,8.8236,8.8236,8.8236,8.8236,8.8236,8.8236,8.8236,8.8236,8.8236,8.8236,8.8236,8.8236,8.8236,8.8236,8.8236,8.8236,8.8236,8.8236,8.8236,8.8236,8.8236,8.8236,8.8236,8.8236,8.8236,8.8236,8.8236,8.8236,8.8236,8.8236,8.8236,8.8236,8.8236,8.8236,8.8236,8.8236,8.8236,8.8236,8.8236,8.8236,8.8236,8.8236,8.8236,8.8236,8.8236,8.8236,8.8236,8.8236,8.8236,8.8236,8.8236,8.8236,8.8236,8.8236,8.8236,8.8236,8.8236,8.8236,8.8236,8.8236,8.8236,8.8236,8.8236,8.8236,8.8236,8.8236,8.8236,8.8236,8.8236,8.8236,8.8236,8.8236,8.8236,8.8236,8.8236,8.8236,8.8236,8.8236,8.8236,8.8236,8.8236,8.8236,8.8236,8.8236,8.8236,8.8236,8.8236,8.8236,8.8236,8.8236,8.8236,8.8236,8.8236,8.8236,8.8236,8.8236,8.8236,8.8236,8.8236,8.8236,8.8236,8.8236,8.8236,8.8236,8.8236,8.8236,8.8236,8.8236,8.8236,8.8236,8.8236,8.8236,8.8236,8.8236,8.8236,8.8236,8.8236,8.8236,8.8236,8.8236,8.8236,8.8236,8.8236,8.8236,8.8236,8.8236,8.8236,8.8236,8.8236,8.8236,8.8236,8.8236,8.8236,8.8236,8.8236,8.8236,8.8236,8.8236,8.8236,8.8236,8.8236,8.8236,8.8236,8.8236,8.8236,8.8236,8.8236
8.8157,8.8157,8.8157,8.8157,8.8157,8.8157,8.8157,8.8157,8.8157,8.8157,8.8157,8.8157,8.8157,8.8157,8.8157,8.8157,8.8157,8.8157,8.8157,8.8157,8.8157,8.8157,8.8157,8.8157,8.8157,8.8157,8.8157,8.8157,8.8157,8.8157,8.8157,8.8157,8.8157,8.8157,8.8157,8.8157,8.8157,8.8157,8.8157,8.8157,8.8157,8.8157,8.8157,8.8157,8.8157,8.8157,8.8157,8.8157,8.8157,8.8157,8.8157,8.8157,8.8157,8.8157,8.8157,8.8157,8.8157,8.8157,8.8157,8.8157,8.8157,8.8157,8.8157,8.8157,8.8157,8.8157,8.8157,8.8157,8.8157,8.8157,8.8157,8.8157,8.8157,8.8157,8.8157,8.8157,8.8157,8.8157,8.8157,8.8157,8.8157,8.8157,8.8157,8.8157,8.8157,8.8157,8.8157,8.8157,8.8157,8.8157,8.8157,8.8157,8.8157,8.8157,8.8157,8.8157,8.8157,8.8157,8.8157,8.8157,8.8157,8.8157,8.8157,8.8157,8.8157,8.8157,8.8157,8.8157,8.8157,8.8157,8.8157,8.8157,8.8157,8.8157,8.8157,8.8157,8.8157,8.8157,8.8157,8.8157,8.8157,8.8157,8.8157,8.8157,8.8157,8.8157,8.8157,8.8157,8.8157,8.8157,8.8157,8.8157,8.8157,8.8157,8.8157,8.8157,8.8157,8.8157,8.8157,8.8157,8.8157,8.8157,8.8157,8.8157,8.8157,8.8157,8.8157,8.8157,8.8157,8.8157,8.8157,8.8157,8.8157,8.8157,8.8157,8.8157,8.8157,8.8157,8.8157,8.8157,8.8157,8.8157,8.8157,8.8157,8.8157,8.8157,8.8157,8.8157,8.8157,8.8157,8.8157,8.8157,8.8157,8.8157,8.8157,8.8157,8.8157,8.8157,8.8157,8.8157,8.8157,8.8157,8.8157,8.8157,8.8157,8.8157,8.8157,8.8157,8.8157,8.8157,8.8157,8.8157,8.8157,8.8157,8.8157,8.8157,8.8157,8.8157,8.8157,8.8157,8.8157,8.8157,8.8157,8.8157,8.8157,8.8157,8.8157,8.8157,8.8157,8.8157,8.8157,8.8157,8.8157,8.8157,8.8157,8.8157,8.8157,8.8157,8.8157,8.8157,8.8157,8.8157,8.8157,8.8157,8.8157,8.8157,8.8157,8.8157,8.8157,8.8157,8.8157,8.8157,8.8157,8.8157,8.8157,8.8157,8.8157,8.8157,8.8157,8.8157,8.8157,8.8157,8.8157,8.8157,8.8157,8.8157,8.8157,8.8157,8.8157,8.8157,8.8157,8.8157,8.8157,8.8157,8.8157,8.8157,8.8157,8.8157,8.8157,8.8157,8.8157,8.8157,8.8157,8.8157,8.8157,8.8157,8.8157,8.8157,8.8157,8.8157,8.8157,8.8157,8.8157,8.8157,8.8157,8.8157,8.8157,8.8157,8.8157,8.8157,8.8157,8.8157,8.8157,8.8157,8.8157,8.8157,8.8157,8.8157,8.8157,8.8157,8.8157,8.8157,8.8157,8.8157,8.8157,8.8157,8.8157,8.8157,8.8157,8.8157,8.8157,8.8157,8.8157,8.8157,8.8157,8.8157,8.8157,8.8157,8.8157,8.8157,8.8157,8.8157,8.8157,8.8157,8.8157,8.8157,8.8157,8.8157,8.8157,8.8157,8.8157,8.8157,8.8157,8.8157,8.8157,8.8157,8.8157,8.8157,8.8157,8.8157,8.8157,8.8157,8.8157,8.8157,8.8157,8.8157,8.8157,8.8157,8.8157,8.8157,8.8157,8.8157,8.8157,8.8157,8.8157,8.8157,8.8157,8.8157,8.8157,8.8157,8.8157,8.8157,8.8157,8.8157,8.8157,8.8157,8.8157,8.8157,8.8157,8.8157,8.8157,8.8157,8.8157,8.8157,8.8157,8.8157,8.8157,8.8157,8.8157,8.8157,8.8157,8.8157,8.8157,8.8157,8.8157,8.8157,8.8157,8.8157,8.8157,8.8157,8.8157,8.8157,8.8157,8.8157,8.8157,8.8157,8.8157,8.8157,8.8157,8.8157,8.8157,8.8157,8.8157,8.8157,8.8157,8.8157,8.8157,8.8157,8.8157,8.8157,8.8157,8.8157,8.8157,8.8157,8.8157,8.8157,8.8157,8.8157,8.8157,8.8157,8.8157,8.8157,8.8157,8.8157,8.8157,8.8157,8.8157,8.8157,8.8157,8.8157,8.8157,8.8157,8.8157,8.8157,8.8157,8.8157,8.8157,8.8157,8.8157,8.8157,8.8157,8.8157,8.8157,8.8157,8.8157,8.8157,8.8157,8.8157,8.8157,8.8157,8.8157,8.8157,8.8157,8.8157,8.8157,8.8157,8.8157,8.8157,8.8157,8.8157,8.8157,8.8157,8.8157,8.8157,8.8157,8.8157,8.8157,8.8157,8.8157,8.8157,8.8157,8.8157,8.8157,8.8157,8.8157,8.8157,8.8157,8.8157,8.8157,8.8157,8.8157,8.8157,8.8157,8.8157,8.8157,8.8157,8.8157,8.8157,8.8157,8.8157,8.8157,8.8157,8.8157,8.8157,8.8157,8.8157,8.8157,8.8157,8.8157,8.8157,8.8157,8.8157,8.8157,8.8157,8.8157,8.8157,8.8157,8.8157,8.8157,8.8157,8.8157,8.8157,8.8157,8.8157,8.8157,8.8157,8.8157,8.8157,8.8157,8.8157,8.8157,8.8157,8.8157,8.8157,8.8157,8.8157,8.8157,8.8157,8.8157,8.8157,8.8157,8.8157,8.8157,8.8157,8.8157,8.8157,8.8157,8.8157,8.8157,8.8157,8.8157,8.8157,8.8157,8.8157,8.8157,8.8157,8.8157,8.8157,8.8157,8.8157,8.8157,8.8157,8.8157,8.8157,8.8157,8.8157,8.8157,8.8157,8.8157,8.8157,8.8157,8.8157,8.8157,8.8157,8.8157,8.8157,8.8157,8.8157,8.8157,8.8157,8.8157,8.8157,8.8157,8.8157,8.8157,8.8157,8.8157,8.8157,8.8157,8.8157,8.8157,8.8157,8.8157,8.8157,8.8157,8.8157,8.8157,8.8157,8.8157,8.8157,8.8157,8.8157,8.8157,8.8157,8.8157,8.8157,8.8157,8.8157,8.8157,8.8157,8.8157,8.8157,8.8157,8.8157,8.8157,8.8157,8.8157,8.8157,8.8157,8.8157,8.8157,8.8157,8.8157,8.8157,8.8157,8.8157,8.8157,8.8157,8.8157,8.8157,8.8157,8.8157,8.8157,8.8157,8.8157,8.8157,8.8157,8.8157,8.8157,8.8157,8.8157,8.8157,8.8157,8.8157,8.8157,8.8157,8.8157,8.8157,8.8157,8.8157,8.8157,8.8157,8.8157,8.8157,8.8157,8.8157,8.8157,8.8157,8.8157,8.8157,8.8157,8.8157,8.8157,8.8157,8.8157,8.8157,8.8157,8.8157,8.8157,8.8157,8.8157,8.8157,8.8157,8.8157,8.8157,8.8157,8.8157,8.8157,8.8157,8.8157,8.8157,8.8157,8.8157,8.8157,8.8157,8.8157,8.8157,8.8157,8.8157,8.8157,8.8157,8.8157,8.8157,8.8157,8.8157,8.8157,8.8157,8.8157,8.8157,8.8157,8.8157,8.8157,8.8157,8.8157,8.8157,8.8157,8.8157,8.8157,8.8157,8.8157,8.8157,8.8157,8.8157,8.8157,8.8157,8.8157,8.8157,8.8157,8.8157,8.8157,8.8157,8.8157,8.8157,8.8157,8.8157,8.8157,8.8157,8.8157,8.8157,8.8157,8.8157,8.8157,8.8157,8.8157,8.8157,8.8157,8.8157,8.8157,8.8157,8.8157,8.8157,8.8157,8.8157,8.8157,8.8157,8.8157,8.8157,8.8157,8.8157,8.8157,8.8157,8.8157,8.8157,8.8157,8.8157,8.8157,8.8157,8.8157,8.8157,8.8157,8.8157,8.8157,8.8157,8.8157,8.8157,8.8157,8.8157,8.8157,8.8157,8.8157,8.8157,8.8157,8.8157,8.8157,8.8157,8.8157,8.8157,8.8157,8.8157,8.8157,8.8157,8.8157,8.8157,8.8157,8.8157,8.8157,8.8157,8.8157,8.8157,8.8157,8.8157,8.8157,8.8157,8.8157,8.8157,8.8157,8.8157,8.8157,8.8157,8.8157,8.8157,8.8157,8.8157,8.8157,8.8157,8.8157,8.8157,8.8157,8.8157,8.8157,8.8157,8.8157,8.8157,8.8157,8.8157,8.8157,8.8157,8.8157,8.8157,8.8157,8.8157,8.8157,8.8157,8.8157,8.8157,8.8157,8.8157,8.8157,8.8157,8.8157,8.8157,8.8157,8.8157,8.8157,8.8157,8.8157,8.8157,8.8157,8.8157,8.8157,8.8157,8.8157,8.8157,8.8157,8.8157,8.8157,8.8157,8.8157,8.8157,8.8157,8.8157,8.8157,8.8157,8.8157,8.8157,8.8157,8.8157,8.8157,8.8157,8.8157,8.8157,8.8157,8.8157,8.8157,8.8157,8.8157,8.8157,8.8157,8.8157,8.8157,8.8157,8.8157,8.8157,8.8157,8.8157,8.8157,8.8157,8.8157,8.8157,8.8157,8.8157,8.8157,8.8157,8.8157,8.8157,8.8157,8.8157,8.8157,8.8157,8.8157,8.8157,8.8157,8.8157,8.8157,8.8157,8.8157,8.8157,8.8157,8.8157,8.8157,8.8157,8.8157,8.8157,8.8157,8.8157,8.8157,8.8157,8.8157,8.8157,8.8157,8.8157,8.8157,8.8157,8.8157,8.8157,8.8157,8.8157,8.8157,8.8157,8.8157,8.8157,8.8157,8.8157,8.8157,8.8157,8.8157,8.8157,8.8157,8.8157,8.8157,8.8157,8.8157,8.8157,8.8157,8.8157,8.8157,8.8157,8.8157,8.8157,8.8157,8.8157,8.8157,8.8157,8.8157,8.8157,8.8157,8.8157,8.8157,8.8157,8.8157,8.8157,8.8157,8.8157,8.8157,8.8157,8.8157,8.8157,8.8157,8.8157,8.8157,8.8157,8.8157,8.8157,8.8157,8.8157,8.8157,8.8157,8.8157,8.8157,8.8157,8.8157,8.8157,8.8157,8.8157,8.8157,8.8157,8.8157,8.8157,8.8157,8.8157
8.8065,8.8065,8.8065,8.8065,8.8065,8.8065,8.8065,8.8065,8.8065,8.8065,8.8065,8.8065,8.8065,8.8065,8.8065,8.8065,8.8065,8.8065,8.8065,8.8065,8.8065,8.8065,8.8065,8.8065,8.8065,8.8065,8.8065,8.8065,8.8065,8.8065,8.8065,8.8065,8.8065,8.8065,8.8065,8.8065,8.8065,8.8065,8.8065,8.8065,8.8065,8.8065,8.8065,8.8065,8.8065,8.8065,8.8065,8.8065,8.8065,8.8065,8.8065,8.8065,8.8065,8.8065,8.8065,8.8065,8.8065,8.8065,8.8065,8.8065,8.8065,8.8065,8.8065,8.8065,8.8065,8.8065,8.8065,8.8065,8.8065,8.8065,8.8065,8.8065,8.8065,8.8065,8.8065,8.8065,8.8065,8.8065,8.8065,8.8065,8.8065,8.8065,8.8065,8.8065,8.8065,8.8065,8.8065,8.8065,8.8065,8.8065,8.8065,8.8065,8.8065,8.8065,8.8065,8.8065,8.8065,8.8065,8.8065,8.8065,8.8065,8.8065,8.8065,8.8065,8.8065,8.8065,8.8065,8.8065,8.8065,8.8065,8.8065,8.8065,8.8065,8.8065,8.8065,8.8065,8.8065,8.8065,8.8065,8.8065,8.8065,8.8065,8.8065,8.8065,8.8065,8.8065,8.8065,8.8065,8.8065,8.8065,8.8065,8.8065,8.8065,8.8065,8.8065,8.8065,8.8065,8.8065,8.8065,8.8065,8.8065,8.8065,8.8065,8.8065,8.8065,8.8065,8.8065,8.8065,8.8065,8.8065,8.8065,8.8065,8.8065,8.8065,8.8065,8.8065,8.8065,8.8065,8.8065,8.8065,8.8065,8.8065,8.8065,8.8065,8.8065,8.8065,8.8065,8.8065,8.8065,8.8065,8.8065,8.8065,8.8065,8.8065,8.8065,8.8065,8.8065,8.8065,8.8065,8.8065,8.8065,8.8065,8.8065,8.8065,8.8065,8.8065,8.8065,8.8065,8.8065,8.8065,8.8065,8.8065,8.8065,8.8065,8.8065,8.8065,8.8065,8.8065,8.8065,8.8065,8.8065,8.8065,8.8065,8.8065,8.8065,8.8065,8.8065,8.8065,8.8065,8.8065,8.8065,8.8065,8.8065,8.8065,8.8065,8.8065,8.8065,8.8065,8.8065,8.8065,8.8065,8.8065,8.8065,8.8065,8.8065,8.8065,8.8065,8.8065,8.8065,8.8065,8.8065,8.8065,8.8065,8.8065,8.8065,8.8065,8.8065,8.8065,8.8065,8.8065,8.8065,8.8065,8.8065,8.8065,8.8065,8.8065,8.8065,8.8065,8.8065,8.8065,8.8065,8.8065,8.8065,8.8065,8.8065,8.8065,8.8065,8.8065,8.8065,8.8065,8.8065,8.8065,8.8065,8.8065,8.8065,8.8065,8.8065,8.8065,8.8065,8.8065,8.8065,8.8065,8.8065,8.8065,8.8065,8.8065,8.8065,8.8065,8.8065,8.8065,8.8065,8.8065,8.8065,8.8065,8.8065,8.8065,8.8065,8.8065,8.8065,8.8065,8.8065,8.8065,8.8065,8.8065,8.8065,8.8065,8.8065,8.8065,8.8065,8.8065,8.8065,8.8065,8.8065,8.8065,8.8065,8.8065,8.8065,8.8065,8.8065,8.8065,8.8065,8.8065,8.8065,8.8065,8.8065,8.8065,8.8065,8.8065,8.8065,8.8065,8.8065,8.8065,8.8065,8.8065,8.8065,8.8065,8.8065,8.8065,8.8065,8.8065,8.8065,8.8065,8.8065,8.8065,8.8065,8.8065,8.8065,8.8065,8.8065,8.8065,8.8065,8.8065,8.8065,8.8065,8.8065,8.8065,8.8065,8.8065,8.8065,8.8065,8.8065,8.8065,8.8065,8.8065,8.8065,8.8065,8.8065,8.8065,8.8065,8.8065,8.8065,8.8065,8.8065,8.8065,8.8065,8.8065,8.8065,8.8065,8.8065,8.8065,8.8065,8.8065,8.8065,8.8065,8.8065,8.8065,8.8065,8.8065,8.8065,8.8065,8.8065,8.8065,8.8065,8.8065,8.8065,8.8065,8.8065,8.8065,8.8065,8.8065,8.8065,8.8065,8.8065,8.8065,8.8065,8.8065,8.8065,8.8065,8.8065,8.8065,8.8065,8.8065,8.8065,8.8065,8.8065,8.8065,8.8065,8.8065,8.8065,8.8065,8.8065,8.8065,8.8065,8.8065,8.8065,8.8065,8.8065,8.8065,8.8065,8.8065,8.8065,8.8065,8.8065,8.8065,8.8065,8.8065,8.8065,8.8065,8.8065,8.8065,8.8065,8.8065,8.8065,8.8065,8.8065,8.8065,8.8065,8.8065,8.8065,8.8065,8.8065,8.8065,8.8065,8.8065,8.8065,8.8065,8.8065,8.8065,8.8065,8.8065,8.8065,8.8065,8.8065,8.8065,8.8065,8.8065,8.8065,8.8065,8.8065,8.8065,8.8065,8.8065,8.8065,8.8065,8.8065,8.8065,8.8065,8.8065,8.8065,8.8065,8.8065,8.8065,8.8065,8.8065,8.8065,8.8065,8.8065,8.8065,8.8065,8.8065,8.8065,8.8065,8.8065,8.8065,8.8065,8.8065,8.8065,8.8065,8.8065,8.8065,8.8065,8.8065,8.8065,8.8065,8.8065,8.8065,8.8065,8.8065,8.8065,8.8065,8.8065,8.8065,8.8065,8.8065,8.8065,8.8065,8.8065,8.8065,8.8065,8.8065,8.8065,8.8065,8.8065,8.8065,8.8065,8.8065,8.8065,8.8065,8.8065,8.8065,8.8065,8.8065,8.8065,8.8065,8.8065,8.8065,8.8065,8.8065,8.8065,8.8065,8.8065,8.8065,8.8065,8.8065,8.8065,8.8065,8.8065,8.8065,8.8065,8.8065,8.8065,8.8065,8.8065,8.8065,8.8065,8.8065,8.8065,8.8065,8.8065,8.8065,8.8065,8.8065,8.8065,8.8065,8.8065,8.8065,8.8065,8.8065,8.8065,8.8065,8.8065,8.8065,8.8065,8.8065,8.8065,8.8065,8.8065,8.8065,8.8065,8.8065,8.8065,8.8065,8.8065,8.8065,8.8065,8.8065,8.8065,8.8065,8.8065,8.8065,8.8065,8.8065,8.8065,8.8065,8.8065,8.8065,8.8065,8.8065,8.8065,8.8065,8.8065,8.8065,8.8065,8.8065,8.8065,8.8065,8.8065,8.8065,8.8065,8.8065,8.8065,8.8065,8.8065,8.8065,8.8065,8.8065,8.8065,8.8065,8.8065,8.8065,8.8065,8.8065,8.8065,8.8065,8.8065,8.8065,8.8065,8.8065,8.8065,8.8065,8.8065,8.8065,8.8065,8.8065,8.8065,8.8065,8.8065,8.8065,8.8065,8.8065,8.8065,8.8065,8.8065,8.8065,8.8065,8.8065,8.8065,8.8065,8.8065,8.8065,8.8065,8.8065,8.8065,8.8065,8.8065,8.8065,8.8065,8.8065,8.8065,8.8065,8.8065,8.8065,8.8065,8.8065,8.8065,8.8065,8.8065,8.8065,8.8065,8.8065,8.8065,8.8065,8.8065,8.8065,8.8065,8.8065,8.8065,8.8065,8.8065,8.8065,8.8065,8.8065,8.8065,8.8065,8.8065,8.8065,8.8065,8.8065,8.8065,8.8065,8.8065,8.8065,8.8065,8.8065,8.8065,8.8065,8.8065,8.8065,8.8065,8.8065,8.8065,8.8065,8.8065,8.8065,8.8065,8.8065,8.8065,8.8065,8.8065,8.8065,8.8065,8.8065,8.8065,8.8065,8.8065,8.8065,8.8065,8.8065,8.8065,8.8065,8.8065,8.8065,8.8065,8.8065,8.8065,8.8065,8.8065,8.8065,8.8065,8.8065,8.8065,8.8065,8.8065,8.8065,8.8065,8.8065,8.8065,8.8065,8.8065,8.8065,8.8065,8.8065,8.8065,8.8065,8.8065,8.8065,8.8065,8.8065,8.8065,8.8065,8.8065,8.8065,8.8065,8.8065,8.8065,8.8065,8.8065,8.8065,8.8065,8.8065,8.8065,8.8065,8.8065,8.8065,8.8065,8.8065,8.8065,8.8065,8.8065,8.8065,8.8065,8.8065,8.8065,8.8065,8.8065,8.8065,8.8065,8.8065,8.8065,8.8065,8.8065,8.8065,8.8065,8.8065,8.8065,8.8065,8.8065,8.8065,8.8065,8.8065,8.8065,8.8065,8.8065,8.8065,8.8065,8.8065,8.8065,8.8065,8.8065,8.8065,8.8065,8.8065,8.8065,8.8065,8.8065,8.8065,8.8065,8.8065,8.8065,8.8065,8.8065,8.8065,8.8065,8.8065,8.8065,8.8065,8.8065,8.8065,8.8065,8.8065,8.8065,8.8065,8.8065,8.8065,8.8065,8.8065,8.8065,8.8065,8.8065,8.8065,8.8065,8.8065,8.8065,8.8065,8.8065,8.8065,8.8065,8.8065,8.8065,8.8065,8.8065,8.8065,8.8065,8.8065,8.8065,8.8065,8.8065,8.8065,8.8065,8.8065,8.8065,8.8065,8.8065,8.8065,8.8065,8.8065,8.8065,8.8065,8.8065,8.8065,8.8065,8.8065,8.8065,8.8065,8.8065,8.8065,8.8065,8.8065,8.8065,8.8065,8.8065,8.8065,8.8065,8.8065,8.8065,8.8065,8.8065,8.8065,8.8065,8.8065,8.8065,8.8065,8.8065,8.8065,8.8065,8.8065,8.8065,8.8065,8.8065,8.8065,8.8065,8.8065,8.8065,8.8065,8.8065,8.8065,8.8065,8.8065,8.8065,8.8065,8.8065,8.8065,8.8065,8.8065,8.8065,8.8065,8.8065,8.8065,8.8065,8.8065,8.8065,8.8065,8.8065,8.8065,8.8065,8.8065,8.8065,8.8065,8.8065,8.8065,8.8065,8.8065,8.8065,8.8065,8.8065,8.8065,8.8065,8.8065,8.8065,8.8065,8.8065,8.8065,8.8065,8.8065,8.8065,8.8065,8.8065,8.8065,8.8065,8.8065,8.8065,8.8065,8.8065,8.8065,8.8065,8.8065,8.8065,8.8065,8.8065,8.8065,8.8065,8.8065,8.8065,8.8065,8.8065,8.8065,8.8065,8.8065,8.8065,8.8065,8.8065,8.8065,8.8065,8.8065,8.8065,8.8065,8.8065,8.8065,8.8065,8.8065
8.7987,8.7987,8.7987,8.7987,8.7987,8.7987,8.7987,8.7987,8.7987,8.7987,8.7987,8.7987,8.7987,8.7987,8.7987,8.7987,8.7987,8.7987,8.7987,8.7987,8.7987,8.7987,8.7987,8.7987,8.7987,8.7987,8.7987,8.7987,8.7987,8.7987,8.7987,8.7987,8.7987,8.7987,8.7987,8.7987,8.7987,8.7987,8.7987,8.7987,8.7987,8.7987,8.7987,8.7987,8.7987,8.7987,8.7987,8.7987,8.7987,8.7987,8.7987,8.7987,8.7987,8.7987,8.7987,8.7987,8.7987,8.7987,8.7987,8.7987,8.7987,8.7987,8.7987,8.7987,8.7987,8.7987,8.7987,8.7987,8.7987,8.7987,8.7987,8.7987,8.7987,8.7987,8.7987,8.7987,8.7987,8.7987,8.7987,8.7987,8.7987,8.7987,8.7987,8.7987,8.7987,8.7987,8.7987,8.7987,8.7987,8.7987,8.7987,8.7987,8.7987,8.7987,8.7987,8.7987,8.7987,8.7987,8.7987,8.7987,8.7987,8.7987,8.7987,8.7987,8.7987,8.7987,8.7987,8.7987,8.7987,8.7987,8.7987,8.7987,8.7987,8.7987,8.7987,8.7987,8.7987,8.7987,8.7987,8.7987,8.7987,8.7987,8.7987,8.7987,8.7987,8.7987,8.7987,8.7987,8.7987,8.7987,8.7987,8.7987,8.7987,8.7987,8.7987,8.7987,8.7987,8.7987,8.7987,8.7987,8.7987,8.7987,8.7987,8.7987,8.7987,8.7987,8.7987,8.7987,8.7987,8.7987,8.7987,8.7987,8.7987,8.7987,8.7987,8.7987,8.7987,8.7987,8.7987,8.7987,8.7987,8.7987,8.7987,8.7987,8.7987,8.7987,8.7987,8.7987,8.7987,8.7987,8.7987,8.7987,8.7987,8.7987,8.7987,8.7987,8.7987,8.7987,8.7987,8.7987,8.7987,8.7987,8.7987,8.7987,8.7987,8.7987,8.7987,8.7987,8.7987,8.7987,8.7987,8.7987,8.7987,8.7987,8.7987,8.7987,8.7987,8.7987,8.7987,8.7987,8.7987,8.7987,8.7987,8.7987,8.7987,8.7987,8.7987,8.7987,8.7987,8.7987,8.7987,8.7987,8.7987,8.7987,8.7987,8.7987,8.7987,8.7987,8.7987,8.7987,8.7987,8.7987,8.7987,8.7987,8.7987,8.7987,8.7987,8.7987,8.7987,8.7987,8.7987,8.7987,8.7987,8.7987,8.7987,8.7987,8.7987,8.7987,8.7987,8.7987,8.7987,8.7987,8.7987,8.7987,8.7987,8.7987,8.7987,8.7987,8.7987,8.7987,8.7987,8.7987,8.7987,8.7987,8.7987,8.7987,8.7987,8.7987,8.7987,8.7987,8.7987,8.7987,8.7987,8.7987,8.7987,8.7987,8.7987,8.7987,8.7987,8.7987,8.7987,8.7987,8.7987,8.7987,8.7987,8.7987,8.7987,8.7987,8.7987,8.7987,8.7987,8.7987,8.7987,8.7987,8.7987,8.7987,8.7987,8.7987,8.7987,8.7987,8.7987,8.7987,8.7987,8.7987,8.7987,8.7987,8.7987,8.7987,8.7987,8.7987,8.7987,8.7987,8.7987,8.7987,8.7987,8.7987,8.7987,8.7987,8.7987,8.7987,8.7987,8.7987,8.7987,8.7987,8.7987,8.7987,8.7987,8.7987,8.7987,8.7987,8.7987,8.7987,8.7987,8.7987,8.7987,8.7987,8.7987,8.7987,8.7987,8.7987,8.7987,8.7987,8.7987,8.7987,8.7987,8.7987,8.7987,8.7987,8.7987,8.7987,8.7987,8.7987,8.7987,8.7987,8.7987,8.7987,8.7987,8.7987,8.7987,8.7987,8.7987,8.7987,8.7987,8.7987,8.7987,8.7987,8.7987,8.7987,8.7987,8.7987,8.7987,8.7987,8.7987,8.7987,8.7987,8.7987,8.7987,8.7987,8.7987,8.7987,8.7987,8.7987,8.7987,8.7987,8.7987,8.7987,8.7987,8.7987,8.7987,8.7987,8.7987,8.7987,8.7987,8.7987,8.7987,8.7987,8.7987,8.7987,8.7987,8.7987,8.7987,8.7987,8.7987,8.7987,8.7987,8.7987,8.7987,8.7987,8.7987,8.7987,8.7987,8.7987,8.7987,8.7987,8.7987,8.7987,8.7987,8.7987,8.7987,8.7987,8.7987,8.7987,8.7987,8.7987,8.7987,8.7987,8.7987,8.7987,8.7987,8.7987,8.7987,8.7987,8.7987,8.7987,8.7987,8.7987,8.7987,8.7987,8.7987,8.7987,8.7987,8.7987,8.7987,8.7987,8.7987,8.7987,8.7987,8.7987,8.7987,8.7987,8.7987,8.7987,8.7987,8.7987,8.7987,8.7987,8.7987,8.7987,8.7987,8.7987,8.7987,8.7987,8.7987,8.7987,8.7987,8.7987,8.7987,8.7987,8.7987,8.7987,8.7987,8.7987,8.7987,8.7987,8.7987,8.7987,8.7987,8.7987,8.7987,8.7987,8.7987,8.7987,8.7987,8.7987,8.7987,8.7987,8.7987,8.7987,8.7987,8.7987,8.7987,8.7987,8.7987,8.7987,8.7987,8.7987,8.7987,8.7987,8.7987,8.7987,8.7987,8.7987,8.7987,8.7987,8.7987,8.7987,8.7987,8.7987,8.7987,8.7987,8.7987,8.7987,8.7987,8.7987,8.7987,8.7987,8.7987,8.7987,8.7987,8.7987,8.7987,8.7987,8.7987,8.7987,8.7987,8.7987,8.7987,8.7987,8.7987,8.7987,8.7987,8.7987,8.7987,8.7987,8.7987,8.7987,8.7987,8.7987,8.7987,8.7987,8.7987,8.7987,8.7987,8.7987,8.7987,8.7987,8.7987,8.7987,8.7987,8.7987,8.7987,8.7987,8.7987,8.7987,8.7987,8.7987,8.7987,8.7987,8.7987,8.7987,8.7987,8.7987,8.7987,8.7987,8.7987,8.7987,8.7987,8.7987,8.7987,8.7987,8.7987,8.7987,8.7987,8.7987,8.7987,8.7987,8.7987,8.7987,8.7987,8.7987,8.7987,8.7987,8.7987,8.7987,8.7987,8.7987,8.7987,8.7987,8.7987,8.7987,8.7987,8.7987,8.7987,8.7987,8.7987,8.7987,8.7987,8.7987,8.7987,8.7987,8.7987,8.7987,8.7987,8.7987,8.7987,8.7987,8.7987,8.7987,8.7987,8.7987,8.7987,8.7987,8.7987,8.7987,8.7987,8.7987,8.7987,8.7987,8.7987,8.7987,8.7987,8.7987,8.7987,8.7987,8.7987,8.7987,8.7987,8.7987,8.7987,8.7987,8.7987,8.7987,8.7987,8.7987,8.7987,8.7987,8.7987,8.7987,8.7987,8.7987,8.7987,8.7987,8.7987,8.7987,8.7987,8.7987,8.7987,8.7987,8.7987,8.7987,8.7987,8.7987,8.7987,8.7987,8.7987,8.7987,8.7987,8.7987,8.7987,8.7987,8.7987,8.7987,8.7987,8.7987,8.7987,8.7987,8.7987,8.7987,8.7987,8.7987,8.7987,8.7987,8.7987,8.7987,8.7987,8.7987,8.7987,8.7987,8.7987,8.7987,8.7987,8.7987,8.7987,8.7987,8.7987,8.7987,8.7987,8.7987,8.7987,8.7987,8.7987,8.7987,8.7987,8.7987,8.7987,8.7987,8.7987,8.7987,8.7987,8.7987,8.7987,8.7987,8.7987,8.7987,8.7987,8.7987,8.7987,8.7987,8.7987,8.7987,8.7987,8.7987,8.7987,8.7987,8.7987,8.7987,8.7987,8.7987,8.7987,8.7987,8.7987,8.7987,8.7987,8.7987,8.7987,8.7987,8.7987,8.7987,8.7987,8.7987,8.7987,8.7987,8.7987,8.7987,8.7987,8.7987,8.7987,8.7987,8.7987,8.7987,8.7987,8.7987,8.7987,8.7987,8.7987,8.7987,8.7987,8.7987,8.7987,8.7987,8.7987,8.7987,8.7987,8.7987,8.7987,8.7987,8.7987,8.7987,8.7987,8.7987,8.7987,8.7987,8.7987,8.7987,8.7987,8.7987,8.7987,8.7987,8.7987,8.7987,8.7987,8.7987,8.7987,8.7987,8.7987,8.7987,8.7987,8.7987,8.7987,8.7987,8.7987,8.7987,8.7987,8.7987,8.7987,8.7987,8.7987,8.7987,8.7987,8.7987,8.7987,8.7987,8.7987,8.7987,8.7987,8.7987,8.7987,8.7987,8.7987,8.7987,8.7987,8.7987,8.7987,8.7987,8.7987,8.7987,8.7987,8.7987,8.7987,8.7987,8.7987,8.7987,8.7987,8.7987,8.7987,8.7987,8.7987,8.7987,8.7987,8.7987,8.7987,8.7987,8.7987,8.7987,8.7987,8.7987,8.7987,8.7987,8.7987,8.7987,8.7987,8.7987,8.7987,8.7987,8.7987,8.7987,8.7987,8.7987,8.7987,8.7987,8.7987,8.7987,8.7987,8.7987,8.7987,8.7987,8.7987,8.7987,8.7987,8.7987,8.7987,8.7987,8.7987,8.7987,8.7987,8.7987,8.7987,8.7987,8.7987,8.7987,8.7987,8.7987,8.7987,8.7987,8.7987,8.7987,8.7987,8.7987,8.7987,8.7987,8.7987,8.7987,8.7987,8.7987,8.7987,8.7987,8.7987,8.7987,8.7987,8.7987,8.7987,8.7987,8.7987,8.7987,8.7987,8.7987,8.7987,8.7987,8.7987,8.7987,8.7987,8.7987,8.7987,8.7987,8.7987,8.7987,8.7987,8.7987,8.7987,8.7987,8.7987,8.7987,8.7987,8.7987,8.7987,8.7987,8.7987,8.7987,8.7987,8.7987,8.7987,8.7987,8.7987,8.7987,8.7987,8.7987,8.7987,8.7987,8.7987,8.7987,8.7987,8.7987,8.7987,8.7987,8.7987,8.7987,8.7987,8.7987,8.7987,8.7987,8.7987,8.7987,8.7987,8.7987,8.7987,8.7987,8.7987,8.7987,8.7987,8.7987,8.7987,8.7987,8.7987,8.7987,8.7987,8.7987,8.7987,8.7987,8.7987,8.7987,8.7987,8.7987,8.7987,8.7987,8.7987,8.7987,8.7987,8.7987,8.7987,8.7987,8.7987,8.7987,8.7987,8.7987,8.7987,8.7987,8.7987,8.7987,8.7987,8.7987
8.7890,8.7890,8.7890,8.7890,8.7890,8.7890,8.7890,8.7890,8.7890,8.7890,8.7890,8.7890,8.7890,8.7890,8.7890,8.7890,8.7890,8.7890,8.7890,8.7890,8.7890,8.7890,8.7890,8.7890,8.7890,8.7890,8.7890,8.7890,8.7890,8.7890,8.7890,8.7890,8.7890,8.7890,8.7890,8.7890,8.7890,8.7890,8.7890,8.7890,8.7890,8.7890,8.7890,8.7890,8.7890,8.7890,8.7890,8.7890,8.7890,8.7890,8.7890,8.7890,8.7890,8.7890,8.7890,8.7890,8.7890,8.7890,8.7890,8.7890,8.7890,8.7890,8.7890,8.7890,8.7890,8.7890,8.7890,8.7890,8.7890,8.7890,8.7890,8.7890,8.7890,8.7890,8.7890,8.7890,8.7890,8.7890,8.7890,8.7890,8.7890,8.7890,8.7890,8.7890,8.7890,8.7890,8.7890,8.7890,8.7890,8.7890,8.7890,8.7890,8.7890,8.7890,8.7890,8.7890,8.7890,8.7890,8.7890,8.7890,8.7890,8.7890,8.7890,8.7890,8.7890,8.7890,8.7890,8.7890,8.7890,8.7890,8.7890,8.7890,8.7890,8.7890,8.7890,8.7890,8.7890,8.7890,8.7890,8.7890,8.7890,8.7890,8.7890,8.7890,8.7890,8.7890,8.7890,8.7890,8.7890,8.7890,8.7890,8.7890,8.7890,8.7890,8.7890,8.7890,8.7890,8.7890,8.7890,8.7890,8.7890,8.7890,8.7890,8.7890,8.7890,8.7890,8.7890,8.7890,8.7890,8.7890,8.7890,8.7890,8.7890,8.7890,8.7890,8.7890,8.7890,8.7890,8.7890,8.7890,8.7890,8.7890,8.7890,8.7890,8.7890,8.7890,8.7890,8.7890,8.7890,8.7890,8.7890,8.7890,8.7890,8.7890,8.7890,8.7890,8.7890,8.7890,8.7890,8.7890,8.7890,8.7890,8.7890,8.7890,8.7890,8.7890,8.7890,8.7890,8.7890,8.7890,8.7890,8.7890,8.7890,8.7890,8.7890,8.7890,8.7890,8.7890,8.7890,8.7890,8.7890,8.7890,8.7890,8.7890,8.7890,8.7890,8.7890,8.7890,8.7890,8.7890,8.7890,8.7890,8.7890,8.7890,8.7890,8.7890,8.7890,8.7890,8.7890,8.7890,8.7890,8.7890,8.7890,8.7890,8.7890,8.7890,8.7890,8.7890,8.7890,8.7890,8.7890,8.7890,8.7890,8.7890,8.7890,8.7890,8.7890,8.7890,8.7890,8.7890,8.7890,8.7890,8.7890,8.7890,8.7890,8.7890,8.7890,8.7890,8.7890,8.7890,8.7890,8.7890,8.7890,8.7890,8.7890,8.7890,8.7890,8.7890,8.7890,8.7890,8.7890,8.7890,8.7890,8.7890,8.7890,8.7890,8.7890,8.7890,8.7890,8.7890,8.7890,8.7890,8.7890,8.7890,8.7890,8.7890,8.7890,8.7890,8.7890,8.7890,8.7890,8.7890,8.7890,8.7890,8.7890,8.7890,8.7890,8.7890,8.7890,8.7890,8.7890,8.7890,8.7890,8.7890,8.7890,8.7890,8.7890,8.7890,8.7890,8.7890,8.7890,8.7890,8.7890,8.7890,8.7890,8.7890,8.7890,8.7890,8.7890,8.7890,8.7890,8.7890,8.7890,8.7890,8.7890,8.7890,8.7890,8.7890,8.7890,8.7890,8.7890,8.7890,8.7890,8.7890,8.7890,8.7890,8.7890,8.7890,8.7890,8.7890,8.7890,8.7890,8.7890,8.7890,8.7890,8.7890,8.7890,8.7890,8.7890,8.7890,8.7890,8.7890,8.7890,8.7890,8.7890,8.7890,8.7890,8.7890,8.7890,8.7890,8.7890,8.7890,8.7890,8.7890,8.7890,8.7890,8.7890,8.7890,8.7890,8.7890,8.7890,8.7890,8.7890,8.7890,8.7890,8.7890,8.7890,8.7890,8.7890,8.7890,8.7890,8.7890,8.7890,8.7890,8.7890,8.7890,8.7890,8.7890,8.7890,8.7890,8.7890,8.7890,8.7890,8.7890,8.7890,8.7890,8.7890,8.7890,8.7890,8.7890,8.7890,8.7890,8.7890,8.7890,8.7890,8.7890,8.7890,8.7890,8.7890,8.7890,8.7890,8.7890,8.7890,8.7890,8.7890,8.7890,8.7890,8.7890,8.7890,8.7890,8.7890,8.7890,8.7890,8.7890,8.7890,8.7890,8.7890,8.7890,8.7890,8.7890,8.7890,8.7890,8.7890,8.7890,8.7890,8.7890,8.7890,8.7890,8.7890,8.7890,8.7890,8.7890,8.7890,8.7890,8.7890,8.7890,8.7890,8.7890,8.7890,8.7890,8.7890,8.7890,8.7890,8.7890,8.7890,8.7890,8.7890,8.7890,8.7890,8.7890,8.7890,8.7890,8.7890,8.7890,8.7890,8.7890,8.7890,8.7890,8.7890,8.7890,8.7890,8.7890,8.7890,8.7890,8.7890,8.7890,8.7890,8.7890,8.7890,8.7890,8.7890,8.7890,8.7890,8.7890,8.7890,8.7890,8.7890,8.7890,8.7890,8.7890,8.7890,8.7890,8.7890,8.7890,8.7890,8.7890,8.7890,8.7890,8.7890,8.7890,8.7890,8.7890,8.7890,8.7890,8.7890,8.7890,8.7890,8.7890,8.7890,8.7890,8.7890,8.7890,8.7890,8.7890,8.7890,8.7890,8.7890,8.7890,8.7890,8.7890,8.7890,8.7890,8.7890,8.7890,8.7890,8.7890,8.7890,8.7890,8.7890,8.7890,8.7890,8.7890,8.7890,8.7890,8.7890,8.7890,8.7890,8.7890,8.7890,8.7890,8.7890,8.7890,8.7890,8.7890,8.7890,8.7890,8.7890,8.7890,8.7890,8.7890,8.7890,8.7890,8.7890,8.7890,8.7890,8.7890,8.7890,8.7890,8.7890,8.7890,8.7890,8.7890,8.7890,8.7890,8.7890,8.7890,8.7890,8.7890,8.7890,8.7890,8.7890,8.7890,8.7890,8.7890,8.7890,8.7890,8.7890,8.7890,8.7890,8.7890,8.7890,8.7890,8.7890,8.7890,8.7890,8.7890,8.7890,8.7890,8.7890,8.7890,8.7890,8.7890,8.7890,8.7890,8.7890,8.7890,8.7890,8.7890,8.7890,8.7890,8.7890,8.7890,8.7890,8.7890,8.7890,8.7890,8.7890,8.7890,8.7890,8.7890,8.7890,8.7890,8.7890,8.7890,8.7890,8.7890,8.7890,8.7890,8.7890,8.7890,8.7890,8.7890,8.7890,8.7890,8.7890,8.7890,8.7890,8.7890,8.7890,8.7890,8.7890,8.7890,8.7890,8.7890,8.7890,8.7890,8.7890,8.7890,8.7890,8.7890,8.7890,8.7890,8.7890,8.7890,8.7890,8.7890,8.7890,8.7890,8.7890,8.7890,8.7890,8.7890,8.7890,8.7890,8.7890,8.7890,8.7890,8.7890,8.7890,8.7890,8.7890,8.7890,8.7890,8.7890,8.7890,8.7890,8.7890,8.7890,8.7890,8.7890,8.7890,8.7890,8.7890,8.7890,8.7890,8.7890,8.7890,8.7890,8.7890,8.7890,8.7890,8.7890,8.7890,8.7890,8.7890,8.7890,8.7890,8.7890,8.7890,8.7890,8.7890,8.7890,8.7890,8.7890,8.7890,8.7890,8.7890,8.7890,8.7890,8.7890,8.7890,8.7890,8.7890,8.7890,8.7890,8.7890,8.7890,8.7890,8.7890,8.7890,8.7890,8.7890,8.7890,8.7890,8.7890,8.7890,8.7890,8.7890,8.7890,8.7890,8.7890,8.7890,8.7890,8.7890,8.7890,8.7890,8.7890,8.7890,8.7890,8.7890,8.7890,8.7890,8.7890,8.7890,8.7890,8.7890,8.7890,8.7890,8.7890,8.7890,8.7890,8.7890,8.7890,8.7890,8.7890,8.7890,8.7890,8.7890,8.7890,8.7890,8.7890,8.7890,8.7890,8.7890,8.7890,8.7890,8.7890,8.7890,8.7890,8.7890,8.7890,8.7890,8.7890,8.7890,8.7890,8.7890,8.7890,8.7890,8.7890,8.7890,8.7890,8.7890,8.7890,8.7890,8.7890,8.7890,8.7890,8.7890,8.7890,8.7890,8.7890,8.7890,8.7890,8.7890,8.7890,8.7890,8.7890,8.7890,8.7890,8.7890,8.7890,8.7890,8.7890,8.7890,8.7890,8.7890,8.7890,8.7890,8.7890,8.7890,8.7890,8.7890,8.7890,8.7890,8.7890,8.7890,8.7890,8.7890,8.7890,8.7890,8.7890,8.7890,8.7890,8.7890,8.7890,8.7890,8.7890,8.7890,8.7890,8.7890,8.7890,8.7890,8.7890,8.7890,8.7890,8.7890,8.7890,8.7890,8.7890,8.7890,8.7890,8.7890,8.7890,8.7890,8.7890,8.7890,8.7890,8.7890,8.7890,8.7890,8.7890,8.7890,8.7890,8.7890,8.7890,8.7890,8.7890,8.7890,8.7890,8.7890,8.7890,8.7890,8.7890,8.7890,8.7890,8.7890,8.7890,8.7890,8.7890,8.7890,8.7890,8.7890,8.7890,8.7890,8.7890,8.7890,8.7890,8.7890,8.7890,8.7890,8.7890,8.7890,8.7890,8.7890,8.7890,8.7890,8.7890,8.7890,8.7890,8.7890,8.7890,8.7890,8.7890,8.7890,8.7890,8.7890,8.7890,8.7890,8.7890,8.7890,8.7890,8.7890,8.7890,8.7890,8.7890,8.7890,8.7890,8.7890,8.7890,8.7890,8.7890,8.7890,8.7890,8.7890,8.7890,8.7890,8.7890,8.7890,8.7890,8.7890,8.7890,8.7890,8.7890,8.7890,8.7890,8.7890,8.7890,8.7890,8.7890,8.7890,8.7890,8.7890,8.7890,8.7890,8.7890,8.7890,8.7890,8.7890,8.7890,8.7890,8.7890,8.7890,8.7890,8.7890,8.7890,8.7890,8.7890,8.7890,8.7890,8.7890,8.7890,8.7890,8.7890,8.7890,8.7890,8.7890,8.7890,8.7890,8.7890,8.7890,8.7890,8.7890,8.7890,8.7890,8.7890,8.7890,8.7890,8.7890,8.7890,8.7890,8.7890,8.7890,8.7890,8.7890,8.7890,8.7890,8.7890,8.7890,8.7890,8.7890
8.7807,8.7807,8.7807,8.7807,8.7807,8.7807,8.7807,8.7807,8.7807,8.7807,8.7807,8.7807,8.7807,8.7807,8.7807,8.7807,8.7807,8.7807,8.7807,8.7807,8.7807,8.7807,8.7807,8.7807,8.7807,8.7807,8.7807,8.7807,8.7807,8.7807,8.7807,8.7807,8.7807,8.7807,8.7807,8.7807,8.7807,8.7807,8.7807,8.7807,8.7807,8.7807,8.7807,8.7807,8.7807,8.7807,8.7807,8.7807,8.7807,8.7807,8.7807,8.7807,8.7807,8.7807,8.7807,8.7807,8.7807,8.7807,8.7807,8.7807,8.7807,8.7807,8.7807,8.7807,8.7807,8.7807,8.7807,8.7807,8.7807,8.7807,8.7807,8.7807,8.7807,8.7807,8.7807,8.7807,8.7807,8.7807,8.7807,8.7807,8.7807,8.7807,8.7807,8.7807,8.7807,8.7807,8.7807,8.7807,8.7807,8.7807,8.7807,8.7807,8.7807,8.7807,8.7807,8.7807,8.7807,8.7807,8.7807,8.7807,8.7807,8.7807,8.7807,8.7807,8.7807,8.7807,8.7807,8.7807,8.7807,8.7807,8.7807,8.7807,8.7807,8.7807,8.7807,8.7807,8.7807,8.7807,8.7807,8.7807,8.7807,8.7807,8.7807,8.7807,8.7807,8.7807,8.7807,8.7807,8.7807,8.7807,8.7807,8.7807,8.7807,8.7807,8.7807,8.7807,8.7807,8.7807,8.7807,8.7807,8.7807,8.7807,8.7807,8.7807,8.7807,8.7807,8.7807,8.7807,8.7807,8.7807,8.7807,8.7807,8.7807,8.7807,8.7807,8.7807,8.7807,8.7807,8.7807,8.7807,8.7807,8.7807,8.7807,8.7807,8.7807,8.7807,8.7807,8.7807,8.7807,8.7807,8.7807,8.7807,8.7807,8.7807,8.7807,8.7807,8.7807,8.7807,8.7807,8.7807,8.7807,8.7807,8.7807,8.7807,8.7807,8.7807,8.7807,8.7807,8.7807,8.7807,8.7807,8.7807,8.7807,8.7807,8.7807,8.7807,8.7807,8.7807,8.7807,8.7807,8.7807,8.7807,8.7807,8.7807,8.7807,8.7807,8.7807,8.7807,8.7807,8.7807,8.7807,8.7807,8.7807,8.7807,8.7807,8.7807,8.7807,8.7807,8.7807,8.7807,8.7807,8.7807,8.7807,8.7807,8.7807,8.7807,8.7807,8.7807,8.7807,8.7807,8.7807,8.7807,8.7807,8.7807,8.7807,8.7807,8.7807,8.7807,8.7807,8.7807,8.7807,8.7807,8.7807,8.7807,8.7807,8.7807,8.7807,8.7807,8.7807,8.7807,8.7807,8.7807,8.7807,8.7807,8.7807,8.7807,8.7807,8.7807,8.7807,8.7807,8.7807,8.7807,8.7807,8.7807,8.7807,8.7807,8.7807,8.7807,8.7807,8.7807,8.7807,8.7807,8.7807,8.7807,8.7807,8.7807,8.7807,8.7807,8.7807,8.7807,8.7807,8.7807,8.7807,8.7807,8.7807,8.7807,8.7807,8.7807,8.7807,8.7807,8.7807,8.7807,8.7807,8.7807,8.7807,8.7807,8.7807,8.7807,8.7807,8.7807,8.7807,8.7807,8.7807,8.7807,8.7807,8.7807,8.7807,8.7807,8.7807,8.7807,8.7807,8.7807,8.7807,8.7807,8.7807,8.7807,8.7807,8.7807,8.7807,8.7807,8.7807,8.7807,8.7807,8.7807,8.7807,8.7807,8.7807,8.7807,8.7807,8.7807,8.7807,8.7807,8.7807,8.7807,8.7807,8.7807,8.7807,8.7807,8.7807,8.7807,8.7807,8.7807,8.7807,8.7807,8.7807,8.7807,8.7807,8.7807,8.7807,8.7807,8.7807,8.7807,8.7807,8.7807,8.7807,8.7807,8.7807,8.7807,8.7807,8.7807,8.7807,8.7807,8.7807,8.7807,8.7807,8.7807,8.7807,8.7807,8.7807,8.7807,8.7807,8.7807,8.7807,8.7807,8.7807,8.7807,8.7807,8.7807,8.7807,8.7807,8.7807,8.7807,8.7807,8.7807,8.7807,8.7807,8.7807,8.7807,8.7807,8.7807,8.7807,8.7807,8.7807,8.7807,8.7807,8.7807,8.7807,8.7807,8.7807,8.7807,8.7807,8.7807,8.7807,8.7807,8.7807,8.7807,8.7807,8.7807,8.7807,8.7807,8.7807,8.7807,8.7807,8.7807,8.7807,8.7807,8.7807,8.7807,8.7807,8.7807,8.7807,8.7807,8.7807,8.7807,8.7807,8.7807,8.7807,8.7807,8.7807,8.7807,8.7807,8.7807,8.7807,8.7807,8.7807,8.7807,8.7807,8.7807,8.7807,8.7807,8.7807,8.7807,8.7807,8.7807,8.7807,8.7807,8.7807,8.7807,8.7807,8.7807,8.7807,8.7807,8.7807,8.7807,8.7807,8.7807,8.7807,8.7807,8.7807,8.7807,8.7807,8.7807,8.7807,8.7807,8.7807,8.7807,8.7807,8.7807,8.7807,8.7807,8.7807,8.7807,8.7807,8.7807,8.7807,8.7807,8.7807,8.7807,8.7807,8.7807,8.7807,8.7807,8.7807,8.7807,8.7807,8.7807,8.7807,8.7807,8.7807,8.7807,8.7807,8.7807,8.7807,8.7807,8.7807,8.7807,8.7807,8.7807,8.7807,8.7807,8.7807,8.7807,8.7807,8.7807,8.7807,8.7807,8.7807,8.7807,8.7807,8.7807,8.7807,8.7807,8.7807,8.7807,8.7807,8.7807,8.7807,8.7807,8.7807,8.7807,8.7807,8.7807,8.7807,8.7807,8.7807,8.7807,8.7807,8.7807,8.7807,8.7807,8.7807,8.7807,8.7807,8.7807,8.7807,8.7807,8.7807,8.7807,8.7807,8.7807,8.7807,8.7807,8.7807,8.7807,8.7807,8.7807,8.7807,8.7807,8.7807,8.7807,8.7807,8.7807,8.7807,8.7807,8.7807,8.7807,8.7807,8.7807,8.7807,8.7807,8.7807,8.7807,8.7807,8.7807,8.7807,8.7807,8.7807,8.7807,8.7807,8.7807,8.7807,8.7807,8.7807,8.7807,8.7807,8.7807,8.7807,8.7807,8.7807,8.7807,8.7807,8.7807,8.7807,8.7807,8.7807,8.7807,8.7807,8.7807,8.7807,8.7807,8.7807,8.7807,8.7807,8.7807,8.7807,8.7807,8.7807,8.7807,8.7807,8.7807,8.7807,8.7807,8.7807,8.7807,8.7807,8.7807,8.7807,8.7807,8.7807,8.7807,8.7807,8.7807,8.7807,8.7807,8.7807,8.7807,8.7807,8.7807,8.7807,8.7807,8.7807,8.7807,8.7807,8.7807,8.7807,8.7807,8.7807,8.7807,8.7807,8.7807,8.7807,8.7807,8.7807,8.7807,8.7807,8.7807,8.7807,8.7807,8.7807,8.7807,8.7807,8.7807,8.7807,8.7807,8.7807,8.7807,8.7807,8.7807,8.7807,8.7807,8.7807,8.7807,8.7807,8.7807,8.7807,8.7807,8.7807,8.7807,8.7807,8.7807,8.7807,8.7807,8.7807,8.7807,8.7807,8.7807,8.7807,8.7807,8.7807,8.7807,8.7807,8.7807,8.7807,8.7807,8.7807,8.7807,8.7807,8.7807,8.7807,8.7807,8.7807,8.7807,8.7807,8.7807,8.7807,8.7807,8.7807,8.7807,8.7807,8.7807,8.7807,8.7807,8.7807,8.7807,8.7807,8.7807,8.7807,8.7807,8.7807,8.7807,8.7807,8.7807,8.7807,8.7807,8.7807,8.7807,8.7807,8.7807,8.7807,8.7807,8.7807,8.7807,8.7807,8.7807,8.7807,8.7807,8.7807,8.7807,8.7807,8.7807,8.7807,8.7807,8.7807,8.7807,8.7807,8.7807,8.7807,8.7807,8.7807,8.7807,8.7807,8.7807,8.7807,8.7807,8.7807,8.7807,8.7807,8.7807,8.7807,8.7807,8.7807,8.7807,8.7807,8.7807,8.7807,8.7807,8.7807,8.7807,8.7807,8.7807,8.7807,8.7807,8.7807,8.7807,8.7807,8.7807,8.7807,8.7807,8.7807,8.7807,8.7807,8.7807,8.7807,8.7807,8.7807,8.7807,8.7807,8.7807,8.7807,8.7807,8.7807,8.7807,8.7807,8.7807,8.7807,8.7807,8.7807,8.7807,8.7807,8.7807,8.7807,8.7807,8.7807,8.7807,8.7807,8.7807,8.7807,8.7807,8.7807,8.7807,8.7807,8.7807,8.7807,8.7807,8.7807,8.7807,8.7807,8.7807,8.7807,8.7807,8.7807,8.7807,8.7807,8.7807,8.7807,8.7807,8.7807,8.7807,8.7807,8.7807,8.7807,8.7807,8.7807,8.7807,8.7807,8.7807,8.7807,8.7807,8.7807,8.7807,8.7807,8.7807,8.7807,8.7807,8.7807,8.7807,8.7807,8.7807,8.7807,8.7807,8.7807,8.7807,8.7807,8.7807,8.7807,8.7807,8.7807,8.7807,8.7807,8.7807,8.7807,8.7807,8.7807,8.7807,8.7807,8.7807,8.7807,8.7807,8.7807,8.7807,8.7807,8.7807,8.7807,8.7807,8.7807,8.7807,8.7807,8.7807,8.7807,8.7807,8.7807,8.7807,8.7807,8.7807,8.7807,8.7807,8.7807,8.7807,8.7807,8.7807,8.7807,8.7807,8.7807,8.7807,8.7807,8.7807,8.7807,8.7807,8.7807,8.7807,8.7807,8.7807,8.7807,8.7807,8.7807,8.7807,8.7807,8.7807,8.7807,8.7807,8.7807,8.7807,8.7807,8.7807,8.7807,8.7807,8.7807,8.7807,8.7807,8.7807,8.7807,8.7807,8.7807,8.7807,8.7807,8.7807,8.7807,8.7807,8.7807,8.7807,8.7807,8.7807,8.7807,8.7807,8.7807,8.7807,8.7807,8.7807,8.7807,8.7807,8.7807,8.7807,8.7807,8.7807,8.7807,8.7807,8.7807,8.7807,8.7807,8.7807,8.7807,8.7807,8.7807,8.7807,8.7807,8.7807,8.7807,8.7807,8.7807,8.7807,8.7807,8.7807,8.7807,8.7807,8.7807,8.7807,8.7807,8.7807,8.7807,8.7807,8.7807,8.7807,8.7807,8.7807,8.7807,8.7807,8.7807,8.7807,8.7807,8.7807
8.7725,8.7725,8.7725,8.7725,8.7725,8.7725,8.7725,8.7725,8.7725,8.7725,8.7725,8.7725,8.7725,8.7725,8.7725,8.7725,8.7725,8.7725,8.7725,8.7725,8.7725,8.7725,8.7725,8.7725,8.7725,8.7725,8.7725,8.7725,8.7725,8.7725,8.7725,8.7725,8.7725,8.7725,8.7725,8.7725,8.7725,8.7725,8.7725,8.7725,8.7725,8.7725,8.7725,8.7725,8.7725,8.7725,8.7725,8.7725,8.7725,8.7725,8.7725,8.7725,8.7725,8.7725,8.7725,8.7725,8.7725,8.7725,8.7725,8.7725,8.7725,8.7725,8.7725,8.7725,8.7725,8.7725,8.7725,8.7725,8.7725,8.7725,8.7725,8.7725,8.7725,8.7725,8.7725,8.7725,8.7725,8.7725,8.7725,8.7725,8.7725,8.7725,8.7725,8.7725,8.7725,8.7725,8.7725,8.7725,8.7725,8.7725,8.7725,8.7725,8.7725,8.7725,8.7725,8.7725,8.7725,8.7725,8.7725,8.7725,8.7725,8.7725,8.7725,8.7725,8.7725,8.7725,8.7725,8.7725,8.7725,8.7725,8.7725,8.7725,8.7725,8.7725,8.7725,8.7725,8.7725,8.7725,8.7725,8.7725,8.7725,8.7725,8.7725,8.7725,8.7725,8.7725,8.7725,8.7725,8.7725,8.7725,8.7725,8.7725,8.7725,8.7725,8.7725,8.7725,8.7725,8.7725,8.7725,8.7725,8.7725,8.7725,8.7725,8.7725,8.7725,8.7725,8.7725,8.7725,8.7725,8.7725,8.7725,8.7725,8.7725,8.7725,8.7725,8.7725,8.7725,8.7725,8.7725,8.7725,8.7725,8.7725,8.7725,8.7725,8.7725,8.7725,8.7725,8.7725,8.7725,8.7725,8.7725,8.7725,8.7725,8.7725,8.7725,8.7725,8.7725,8.7725,8.7725,8.7725,8.7725,8.7725,8.7725,8.7725,8.7725,8.7725,8.7725,8.7725,8.7725,8.7725,8.7725,8.7725,8.7725,8.7725,8.7725,8.7725,8.7725,8.7725,8.7725,8.7725,8.7725,8.7725,8.7725,8.7725,8.7725,8.7725,8.7725,8.7725,8.7725,8.7725,8.7725,8.7725,8.7725,8.7725,8.7725,8.7725,8.7725,8.7725,8.7725,8.7725,8.7725,8.7725,8.7725,8.7725,8.7725,8.7725,8.7725,8.7725,8.7725,8.7725,8.7725,8.7725,8.7725,8.7725,8.7725,8.7725,8.7725,8.7725,8.7725,8.7725,8.7725,8.7725,8.7725,8.7725,8.7725,8.7725,8.7725,8.7725,8.7725,8.7725,8.7725,8.7725,8.7725,8.7725,8.7725,8.7725,8.7725,8.7725,8.7725,8.7725,8.7725,8.7725,8.7725,8.7725,8.7725,8.7725,8.7725,8.7725,8.7725,8.7725,8.7725,8.7725,8.7725,8.7725,8.7725,8.7725,8.7725,8.7725,8.7725,8.7725,8.7725,8.7725,8.7725,8.7725,8.7725,8.7725,8.7725,8.7725,8.7725,8.7725,8.7725,8.7725,8.7725,8.7725,8.7725,8.7725,8.7725,8.7725,8.7725,8.7725,8.7725,8.7725,8.7725,8.7725,8.7725,8.7725,8.7725,8.7725,8.7725,8.7725,8.7725,8.7725,8.7725,8.7725,8.7725,8.7725,8.7725,8.7725,8.7725,8.7725,8.7725,8.7725,8.7725,8.7725,8.7725,8.7725,8.7725,8.7725,8.7725,8.7725,8.7725,8.7725,8.7725,8.7725,8.7725,8.7725,8.7725,8.7725,8.7725,8.7725,8.7725,8.7725,8.7725,8.7725,8.7725,8.7725,8.7725,8.7725,8.7725,8.7725,8.7725,8.7725,8.7725,8.7725,8.7725,8.7725,8.7725,8.7725,8.7725,8.7725,8.7725,8.7725,8.7725,8.7725,8.7725,8.7725,8.7725,8.7725,8.7725,8.7725,8.7725,8.7725,8.7725,8.7725,8.7725,8.7725,8.7725,8.7725,8.7725,8.7725,8.7725,8.7725,8.7725,8.7725,8.7725,8.7725,8.7725,8.7725,8.7725,8.7725,8.7725,8.7725,8.7725,8.7725,8.7725,8.7725,8.7725,8.7725,8.7725,8.7725,8.7725,8.7725,8.7725,8.7725,8.7725,8.7725,8.7725,8.7725,8.7725,8.7725,8.7725,8.7725,8.7725,8.7725,8.7725,8.7725,8.7725,8.7725,8.7725,8.7725,8.7725,8.7725,8.7725,8.7725,8.7725,8.7725,8.7725,8.7725,8.7725,8.7725,8.7725,8.7725,8.7725,8.7725,8.7725,8.7725,8.7725,8.7725,8.7725,8.7725,8.7725,8.7725,8.7725,8.7725,8.7725,8.7725,8.7725,8.7725,8.7725,8.7725,8.7725,8.7725,8.7725,8.7725,8.7725,8.7725,8.7725,8.7725,8.7725,8.7725,8.7725,8.7725,8.7725,8.7725,8.7725,8.7725,8.7725,8.7725,8.7725,8.7725,8.7725,8.7725,8.7725,8.7725,8.7725,8.7725,8.7725,8.7725,8.7725,8.7725,8.7725,8.7725,8.7725,8.7725,8.7725,8.7725,8.7725,8.7725,8.7725,8.7725,8.7725,8.7725,8.7725,8.7725,8.7725,8.7725,8.7725,8.7725,8.7725,8.7725,8.7725,8.7725,8.7725,8.7725,8.7725,8.7725,8.7725,8.7725,8.7725,8.7725,8.7725,8.7725,8.7725,8.7725,8.7725,8.7725,8.7725,8.7725,8.7725,8.7725,8.7725,8.7725,8.7725,8.7725,8.7725,8.7725,8.7725,8.7725,8.7725,8.7725,8.7725,8.7725,8.7725,8.7725,8.7725,8.7725,8.7725,8.7725,8.7725,8.7725,8.7725,8.7725,8.7725,8.7725,8.7725,8.7725,8.7725,8.7725,8.7725,8.7725,8.7725,8.7725,8.7725,8.7725,8.7725,8.7725,8.7725,8.7725,8.7725,8.7725,8.7725,8.7725,8.7725,8.7725,8.7725,8.7725,8.7725,8.7725,8.7725,8.7725,8.7725,8.7725,8.7725,8.7725,8.7725,8.7725,8.7725,8.7725,8.7725,8.7725,8.7725,8.7725,8.7725,8.7725,8.7725,8.7725,8.7725,8.7725,8.7725,8.7725,8.7725,8.7725,8.7725,8.7725,8.7725,8.7725,8.7725,8.7725,8.7725,8.7725,8.7725,8.7725,8.7725,8.7725,8.7725,8.7725,8.7725,8.7725,8.7725,8.7725,8.7725,8.7725,8.7725,8.7725,8.7725,8.7725,8.7725,8.7725,8.7725,8.7725,8.7725,8.7725,8.7725,8.7725,8.7725,8.7725,8.7725,8.7725,8.7725,8.7725,8.7725,8.7725,8.7725,8.7725,8.7725,8.7725,8.7725,8.7725,8.7725,8.7725,8.7725,8.7725,8.7725,8.7725,8.7725,8.7725,8.7725,8.7725,8.7725,8.7725,8.7725,8.7725,8.7725,8.7725,8.7725,8.7725,8.7725,8.7725,8.7725,8.7725,8.7725,8.7725,8.7725,8.7725,8.7725,8.7725,8.7725,8.7725,8.7725,8.7725,8.7725,8.7725,8.7725,8.7725,8.7725,8.7725,8.7725,8.7725,8.7725,8.7725,8.7725,8.7725,8.7725,8.7725,8.7725,8.7725,8.7725,8.7725,8.7725,8.7725,8.7725,8.7725,8.7725,8.7725,8.7725,8.7725,8.7725,8.7725,8.7725,8.7725,8.7725,8.7725,8.7725,8.7725,8.7725,8.7725,8.7725,8.7725,8.7725,8.7725,8.7725,8.7725,8.7725,8.7725,8.7725,8.7725,8.7725,8.7725,8.7725,8.7725,8.7725,8.7725,8.7725,8.7725,8.7725,8.7725,8.7725,8.7725,8.7725,8.7725,8.7725,8.7725,8.7725,8.7725,8.7725,8.7725,8.7725,8.7725,8.7725,8.7725,8.7725,8.7725,8.7725,8.7725,8.7725,8.7725,8.7725,8.7725,8.7725,8.7725,8.7725,8.7725,8.7725,8.7725,8.7725,8.7725,8.7725,8.7725,8.7725,8.7725,8.7725,8.7725,8.7725,8.7725,8.7725,8.7725,8.7725,8.7725,8.7725,8.7725,8.7725,8.7725,8.7725,8.7725,8.7725,8.7725,8.7725,8.7725,8.7725,8.7725,8.7725,8.7725,8.7725,8.7725,8.7725,8.7725,8.7725,8.7725,8.7725,8.7725,8.7725,8.7725,8.7725,8.7725,8.7725,8.7725,8.7725,8.7725,8.7725,8.7725,8.7725,8.7725,8.7725,8.7725,8.7725,8.7725,8.7725,8.7725,8.7725,8.7725,8.7725,8.7725,8.7725,8.7725,8.7725,8.7725,8.7725,8.7725,8.7725,8.7725,8.7725,8.7725,8.7725,8.7725,8.7725,8.7725,8.7725,8.7725,8.7725,8.7725,8.7725,8.7725,8.7725,8.7725,8.7725,8.7725,8.7725,8.7725,8.7725,8.7725,8.7725,8.7725,8.7725,8.7725,8.7725,8.7725,8.7725,8.7725,8.7725,8.7725,8.7725,8.7725,8.7725,8.7725,8.7725,8.7725,8.7725,8.7725,8.7725,8.7725,8.7725,8.7725,8.7725,8.7725,8.7725,8.7725,8.7725,8.7725,8.7725,8.7725,8.7725,8.7725,8.7725,8.7725,8.7725,8.7725,8.7725,8.7725,8.7725,8.7725,8.7725,8.7725,8.7725,8.7725,8.7725,8.7725,8.7725,8.7725,8.7725,8.7725,8.7725,8.7725,8.7725,8.7725,8.7725,8.7725,8.7725,8.7725,8.7725,8.7725,8.7725,8.7725,8.7725,8.7725,8.7725,8.7725,8.7725,8.7725,8.7725,8.7725,8.7725,8.7725,8.7725,8.7725,8.7725,8.7725,8.7725,8.7725,8.7725,8.7725,8.7725,8.7725,8.7725,8.7725,8.7725,8.7725,8.7725,8.7725,8.7725,8.7725,8.7725,8.7725,8.7725,8.7725,8.7725,8.7725,8.7725,8.7725,8.7725,8.7725,8.7725,8.7725,8.7725,8.7725,8.7725,8.7725,8.7725,8.7725,8.7725,8.7725,8.7725,8.7725,8.7725,8.7725,8.7725,8.7725,8.7725,8.7725,8.7725,8.7725
8.7638,8.7638,8.7638,8.7638,8.7638,8.7638,8.7638,8.7638,8.7638,8.7638,8.7638,8.7638,8.7638,8.7638,8.7638,8.7638,8.7638,8.7638,8.7638,8.7638,8.7638,8.7638,8.7638,8.7638,8.7638,8.7638,8.7638,8.7638,8.7638,8.7638,8.7638,8.7638,8.7638,8.7638,8.7638,8.7638,8.7638,8.7638,8.7638,8.7638,8.7638,8.7638,8.7638,8.7638,8.7638,8.7638,8.7638,8.7638,8.7638,8.7638,8.7638,8.7638,8.7638,8.7638,8.7638,8.7638,8.7638,8.7638,8.7638,8.7638,8.7638,8.7638,8.7638,8.7638,8.7638,8.7638,8.7638,8.7638,8.7638,8.7638,8.7638,8.7638,8.7638,8.7638,8.7638,8.7638,8.7638,8.7638,8.7638,8.7638,8.7638,8.7638,8.7638,8.7638,8.7638,8.7638,8.7638,8.7638,8.7638,8.7638,8.7638,8.7638,8.7638,8.7638,8.7638,8.7638,8.7638,8.7638,8.7638,8.7638,8.7638,8.7638,8.7638,8.7638,8.7638,8.7638,8.7638,8.7638,8.7638,8.7638,8.7638,8.7638,8.7638,8.7638,8.7638,8.7638,8.7638,8.7638,8.7638,8.7638,8.7638,8.7638,8.7638,8.7638,8.7638,8.7638,8.7638,8.7638,8.7638,8.7638,8.7638,8.7638,8.7638,8.7638,8.7638,8.7638,8.7638,8.7638,8.7638,8.7638,8.7638,8.7638,8.7638,8.7638,8.7638,8.7638,8.7638,8.7638,8.7638,8.7638,8.7638,8.7638,8.7638,8.7638,8.7638,8.7638,8.7638,8.7638,8.7638,8.7638,8.7638,8.7638,8.7638,8.7638,8.7638,8.7638,8.7638,8.7638,8.7638,8.7638,8.7638,8.7638,8.7638,8.7638,8.7638,8.7638,8.7638,8.7638,8.7638,8.7638,8.7638,8.7638,8.7638,8.7638,8.7638,8.7638,8.7638,8.7638,8.7638,8.7638,8.7638,8.7638,8.7638,8.7638,8.7638,8.7638,8.7638,8.7638,8.7638,8.7638,8.7638,8.7638,8.7638,8.7638,8.7638,8.7638,8.7638,8.7638,8.7638,8.7638,8.7638,8.7638,8.7638,8.7638,8.7638,8.7638,8.7638,8.7638,8.7638,8.7638,8.7638,8.7638,8.7638,8.7638,8.7638,8.7638,8.7638,8.7638,8.7638,8.7638,8.7638,8.7638,8.7638,8.7638,8.7638,8.7638,8.7638,8.7638,8.7638,8.7638,8.7638,8.7638,8.7638,8.7638,8.7638,8.7638,8.7638,8.7638,8.7638,8.7638,8.7638,8.7638,8.7638,8.7638,8.7638,8.7638,8.7638,8.7638,8.7638,8.7638,8.7638,8.7638,8.7638,8.7638,8.7638,8.7638,8.7638,8.7638,8.7638,8.7638,8.7638,8.7638,8.7638,8.7638,8.7638,8.7638,8.7638,8.7638,8.7638,8.7638,8.7638,8.7638,8.7638,8.7638,8.7638,8.7638,8.7638,8.7638,8.7638,8.7638,8.7638,8.7638,8.7638,8.7638,8.7638,8.7638,8.7638,8.7638,8.7638,8.7638,8.7638,8.7638,8.7638,8.7638,8.7638,8.7638,8.7638,8.7638,8.7638,8.7638,8.7638,8.7638,8.7638,8.7638,8.7638,8.7638,8.7638,8.7638,8.7638,8.7638,8.7638,8.7638,8.7638,8.7638,8.7638,8.7638,8.7638,8.7638,8.7638,8.7638,8.7638,8.7638,8.7638,8.7638,8.7638,8.7638,8.7638,8.7638,8.7638,8.7638,8.7638,8.7638,8.7638,8.7638,8.7638,8.7638,8.7638,8.7638,8.7638,8.7638,8.7638,8.7638,8.7638,8.7638,8.7638,8.7638,8.7638,8.7638,8.7638,8.7638,8.7638,8.7638,8.7638,8.7638,8.7638,8.7638,8.7638,8.7638,8.7638,8.7638,8.7638,8.7638,8.7638,8.7638,8.7638,8.7638,8.7638,8.7638,8.7638,8.7638,8.7638,8.7638,8.7638,8.7638,8.7638,8.7638,8.7638,8.7638,8.7638,8.7638,8.7638,8.7638,8.7638,8.7638,8.7638,8.7638,8.7638,8.7638,8.7638,8.7638,8.7638,8.7638,8.7638,8.7638,8.7638,8.7638,8.7638,8.7638,8.7638,8.7638,8.7638,8.7638,8.7638,8.7638,8.7638,8.7638,8.7638,8.7638,8.7638,8.7638,8.7638,8.7638,8.7638,8.7638,8.7638,8.7638,8.7638,8.7638,8.7638,8.7638,8.7638,8.7638,8.7638,8.7638,8.7638,8.7638,8.7638,8.7638,8.7638,8.7638,8.7638,8.7638,8.7638,8.7638,8.7638,8.7638,8.7638,8.7638,8.7638,8.7638,8.7638,8.7638,8.7638,8.7638,8.7638,8.7638,8.7638,8.7638,8.7638,8.7638,8.7638,8.7638,8.7638,8.7638,8.7638,8.7638,8.7638,8.7638,8.7638,8.7638,8.7638,8.7638,8.7638,8.7638,8.7638,8.7638,8.7638,8.7638,8.7638,8.7638,8.7638,8.7638,8.7638,8.7638,8.7638,8.7638,8.7638,8.7638,8.7638,8.7638,8.7638,8.7638,8.7638,8.7638,8.7638,8.7638,8.7638,8.7638,8.7638,8.7638,8.7638,8.7638,8.7638,8.7638,8.7638,8.7638,8.7638,8.7638,8.7638,8.7638,8.7638,8.7638,8.7638,8.7638,8.7638,8.7638,8.7638,8.7638,8.7638,8.7638,8.7638,8.7638,8.7638,8.7638,8.7638,8.7638,8.7638,8.7638,8.7638,8.7638,8.7638,8.7638,8.7638,8.7638,8.7638,8.7638,8.7638,8.7638,8.7638,8.7638,8.7638,8.7638,8.7638,8.7638,8.7638,8.7638,8.7638,8.7638,8.7638,8.7638,8.7638,8.7638,8.7638,8.7638,8.7638,8.7638,8.7638,8.7638,8.7638,8.7638,8.7638,8.7638,8.7638,8.7638,8.7638,8.7638,8.7638,8.7638,8.7638,8.7638,8.7638,8.7638,8.7638,8.7638,8.7638,8.7638,8.7638,8.7638,8.7638,8.7638,8.7638,8.7638,8.7638,8.7638,8.7638,8.7638,8.7638,8.7638,8.7638,8.7638,8.7638,8.7638,8.7638,8.7638,8.7638,8.7638,8.7638,8.7638,8.7638,8.7638,8.7638,8.7638,8.7638,8.7638,8.7638,8.7638,8.7638,8.7638,8.7638,8.7638,8.7638,8.7638,8.7638,8.7638,8.7638,8.7638,8.7638,8.7638,8.7638,8.7638,8.7638,8.7638,8.7638,8.7638,8.7638,8.7638,8.7638,8.7638,8.7638,8.7638,8.7638,8.7638,8.7638,8.7638,8.7638,8.7638,8.7638,8.7638,8.7638,8.7638,8.7638,8.7638,8.7638,8.7638,8.7638,8.7638,8.7638,8.7638,8.7638,8.7638,8.7638,8.7638,8.7638,8.7638,8.7638,8.7638,8.7638,8.7638,8.7638,8.7638,8.7638,8.7638,8.7638,8.7638,8.7638,8.7638,8.7638,8.7638,8.7638,8.7638,8.7638,8.7638,8.7638,8.7638,8.7638,8.7638,8.7638,8.7638,8.7638,8.7638,8.7638,8.7638,8.7638,8.7638,8.7638,8.7638,8.7638,8.7638,8.7638,8.7638,8.7638,8.7638,8.7638,8.7638,8.7638,8.7638,8.7638,8.7638,8.7638,8.7638,8.7638,8.7638,8.7638,8.7638,8.7638,8.7638,8.7638,8.7638,8.7638,8.7638,8.7638,8.7638,8.7638,8.7638,8.7638,8.7638,8.7638,8.7638,8.7638,8.7638,8.7638,8.7638,8.7638,8.7638,8.7638,8.7638,8.7638,8.7638,8.7638,8.7638,8.7638,8.7638,8.7638,8.7638,8.7638,8.7638,8.7638,8.7638,8.7638,8.7638,8.7638,8.7638,8.7638,8.7638,8.7638,8.7638,8.7638,8.7638,8.7638,8.7638,8.7638,8.7638,8.7638,8.7638,8.7638,8.7638,8.7638,8.7638,8.7638,8.7638,8.7638,8.7638,8.7638,8.7638,8.7638,8.7638,8.7638,8.7638,8.7638,8.7638,8.7638,8.7638,8.7638,8.7638,8.7638,8.7638,8.7638,8.7638,8.7638,8.7638,8.7638,8.7638,8.7638,8.7638,8.7638,8.7638,8.7638,8.7638,8.7638,8.7638,8.7638,8.7638,8.7638,8.7638,8.7638,8.7638,8.7638,8.7638,8.7638,8.7638,8.7638,8.7638,8.7638,8.7638,8.7638,8.7638,8.7638,8.7638,8.7638,8.7638,8.7638,8.7638,8.7638,8.7638,8.7638,8.7638,8.7638,8.7638,8.7638,8.7638,8.7638,8.7638,8.7638,8.7638,8.7638,8.7638,8.7638,8.7638,8.7638,8.7638,8.7638,8.7638,8.7638,8.7638,8.7638,8.7638,8.7638,8.7638,8.7638,8.7638,8.7638,8.7638,8.7638,8.7638,8.7638,8.7638,8.7638,8.7638,8.7638,8.7638,8.7638,8.7638,8.7638,8.7638,8.7638,8.7638,8.7638,8.7638,8.7638,8.7638,8.7638,8.7638,8.7638,8.7638,8.7638,8.7638,8.7638,8.7638,8.7638,8.7638,8.7638,8.7638,8.7638,8.7638,8.7638,8.7638,8.7638,8.7638,8.7638,8.7638,8.7638,8.7638,8.7638,8.7638,8.7638,8.7638,8.7638,8.7638,8.7638,8.7638,8.7638,8.7638,8.7638,8.7638,8.7638,8.7638,8.7638,8.7638,8.7638,8.7638,8.7638,8.7638,8.7638,8.7638,8.7638,8.7638,8.7638,8.7638,8.7638,8.7638,8.7638,8.7638,8.7638,8.7638,8.7638,8.7638,8.7638,8.7638,8.7638,8.7638,8.7638,8.7638,8.7638,8.7638,8.7638,8.7638,8.7638,8.7638,8.7638,8.7638,8.7638,8.7638,8.7638,8.7638,8.7638,8.7638,8.7638,8.7638,8.7638,8.7638,8.7638,8.7638,8.7638,8.7638,8.7638,8.7638,8.7638,8.7638,8.7638,8.7638,8.7638,8.7638,8.7638,8.7638,8.7638,8.7638,8.7638,8.7638,8.7638,8.7638
8.7546,8.7546,8.7546,8.7546,8.7546,8.7546,8.7546,8.7546,8.7546,8.7546,8.7546,8.7546,8.7546,8.7546,8.7546,8.7546,8.7546,8.7546,8.7546,8.7546,8.7546,8.7546,8.7546,8.7546,8.7546,8.7546,8.7546,8.7546,8.7546,8.7546,8.7546,8.7546,8.7546,8.7546,8.7546,8.7546,8.7546,8.7546,8.7546,8.7546,8.7546,8.7546,8.7546,8.7546,8.7546,8.7546,8.7546,8.7546,8.7546,8.7546,8.7546,8.7546,8.7546,8.7546,8.7546,8.7546,8.7546,8.7546,8.7546,8.7546,8.7546,8.7546,8.7546,8.7546,8.7546,8.7546,8.7546,8.7546,8.7546,8.7546,8.7546,8.7546,8.7546,8.7546,8.7546,8.7546,8.7546,8.7546,8.7546,8.7546,8.7546,8.7546,8.7546,8.7546,8.7546,8.7546,8.7546,8.7546,8.7546,8.7546,8.7546,8.7546,8.7546,8.7546,8.7546,8.7546,8.7546,8.7546,8.7546,8.7546,8.7546,8.7546,8.7546,8.7546,8.7546,8.7546,8.7546,8.7546,8.7546,8.7546,8.7546,8.7546,8.7546,8.7546,8.7546,8.7546,8.7546,8.7546,8.7546,8.7546,8.7546,8.7546,8.7546,8.7546,8.7546,8.7546,8.7546,8.7546,8.7546,8.7546,8.7546,8.7546,8.7546,8.7546,8.7546,8.7546,8.7546,8.7546,8.7546,8.7546,8.7546,8.7546,8.7546,8.7546,8.7546,8.7546,8.7546,8.7546,8.7546,8.7546,8.7546,8.7546,8.7546,8.7546,8.7546,8.7546,8.7546,8.7546,8.7546,8.7546,8.7546,8.7546,8.7546,8.7546,8.7546,8.7546,8.7546,8.7546,8.7546,8.7546,8.7546,8.7546,8.7546,8.7546,8.7546,8.7546,8.7546,8.7546,8.7546,8.7546,8.7546,8.7546,8.7546,8.7546,8.7546,8.7546,8.7546,8.7546,8.7546,8.7546,8.7546,8.7546,8.7546,8.7546,8.7546,8.7546,8.7546,8.7546,8.7546,8.7546,8.7546,8.7546,8.7546,8.7546,8.7546,8.7546,8.7546,8.7546,8.7546,8.7546,8.7546,8.7546,8.7546,8.7546,8.7546,8.7546,8.7546,8.7546,8.7546,8.7546,8.7546,8.7546,8.7546,8.7546,8.7546,8.7546,8.7546,8.7546,8.7546,8.7546,8.7546,8.7546,8.7546,8.7546,8.7546,8.7546,8.7546,8.7546,8.7546,8.7546,8.7546,8.7546,8.7546,8.7546,8.7546,8.7546,8.7546,8.7546,8.7546,8.7546,8.7546,8.7546,8.7546,8.7546,8.7546,8.7546,8.7546,8.7546,8.7546,8.7546,8.7546,8.7546,8.7546,8.7546,8.7546,8.7546,8.7546,8.7546,8.7546,8.7546,8.7546,8.7546,8.7546,8.7546,8.7546,8.7546,8.7546,8.7546,8.7546,8.7546,8.7546,8.7546,8.7546,8.7546,8.7546,8.7546,8.7546,8.7546,8.7546,8.7546,8.7546,8.7546,8.7546,8.7546,8.7546,8.7546,8.7546,8.7546,8.7546,8.7546,8.7546,8.7546,8.7546,8.7546,8.7546,8.7546,8.7546,8.7546,8.7546,8.7546,8.7546,8.7546,8.7546,8.7546,8.7546,8.7546,8.7546,8.7546,8.7546,8.7546,8.7546,8.7546,8.7546,8.7546,8.7546,8.7546,8.7546,8.7546,8.7546,8.7546,8.7546,8.7546,8.7546,8.7546,8.7546,8.7546,8.7546,8.7546,8.7546,8.7546,8.7546,8.7546,8.7546,8.7546,8.7546,8.7546,8.7546,8.7546,8.7546,8.7546,8.7546,8.7546,8.7546,8.7546,8.7546,8.7546,8.7546,8.7546,8.7546,8.7546,8.7546,8.7546,8.7546,8.7546,8.7546,8.7546,8.7546,8.7546,8.7546,8.7546,8.7546,8.7546,8.7546,8.7546,8.7546,8.7546,8.7546,8.7546,8.7546,8.7546,8.7546,8.7546,8.7546,8.7546,8.7546,8.7546,8.7546,8.7546,8.7546,8.7546,8.7546,8.7546,8.7546,8.7546,8.7546,8.7546,8.7546,8.7546,8.7546,8.7546,8.7546,8.7546,8.7546,8.7546,8.7546,8.7546,8.7546,8.7546,8.7546,8.7546,8.7546,8.7546,8.7546,8.7546,8.7546,8.7546,8.7546,8.7546,8.7546,8.7546,8.7546,8.7546,8.7546,8.7546,8.7546,8.7546,8.7546,8.7546,8.7546,8.7546,8.7546,8.7546,8.7546,8.7546,8.7546,8.7546,8.7546,8.7546,8.7546,8.7546,8.7546,8.7546,8.7546,8.7546,8.7546,8.7546,8.7546,8.7546,8.7546,8.7546,8.7546,8.7546,8.7546,8.7546,8.7546,8.7546,8.7546,8.7546,8.7546,8.7546,8.7546,8.7546,8.7546,8.7546,8.7546,8.7546,8.7546,8.7546,8.7546,8.7546,8.7546,8.7546,8.7546,8.7546,8.7546,8.7546,8.7546,8.7546,8.7546,8.7546,8.7546,8.7546,8.7546,8.7546,8.7546,8.7546,8.7546,8.7546,8.7546,8.7546,8.7546,8.7546,8.7546,8.7546,8.7546,8.7546,8.7546,8.7546,8.7546,8.7546,8.7546,8.7546,8.7546,8.7546,8.7546,8.7546,8.7546,8.7546,8.7546,8.7546,8.7546,8.7546,8.7546,8.7546,8.7546,8.7546,8.7546,8.7546,8.7546,8.7546,8.7546,8.7546,8.7546,8.7546,8.7546,8.7546,8.7546,8.7546,8.7546,8.7546,8.7546,8.7546,8.7546,8.7546,8.7546,8.7546,8.7546,8.7546,8.7546,8.7546,8.7546,8.7546,8.7546,8.7546,8.7546,8.7546,8.7546,8.7546,8.7546,8.7546,8.7546,8.7546,8.7546,8.7546,8.7546,8.7546,8.7546,8.7546,8.7546,8.7546,8.7546,8.7546,8.7546,8.7546,8.7546,8.7546,8.7546,8.7546,8.7546,8.7546,8.7546,8.7546,8.7546,8.7546,8.7546,8.7546,8.7546,8.7546,8.7546,8.7546,8.7546,8.7546,8.7546,8.7546,8.7546,8.7546,8.7546,8.7546,8.7546,8.7546,8.7546,8.7546,8.7546,8.7546,8.7546,8.7546,8.7546,8.7546,8.7546,8.7546,8.7546,8.7546,8.7546,8.7546,8.7546,8.7546,8.7546,8.7546,8.7546,8.7546,8.7546,8.7546,8.7546,8.7546,8.7546,8.7546,8.7546,8.7546,8.7546,8.7546,8.7546,8.7546,8.7546,8.7546,8.7546,8.7546,8.7546,8.7546,8.7546,8.7546,8.7546,8.7546,8.7546,8.7546,8.7546,8.7546,8.7546,8.7546,8.7546,8.7546,8.7546,8.7546,8.7546,8.7546,8.7546,8.7546,8.7546,8.7546,8.7546,8.7546,8.7546,8.7546,8.7546,8.7546,8.7546,8.7546,8.7546,8.7546,8.7546,8.7546,8.7546,8.7546,8.7546,8.7546,8.7546,8.7546,8.7546,8.7546,8.7546,8.7546,8.7546,8.7546,8.7546,8.7546,8.7546,8.7546,8.7546,8.7546,8.7546,8.7546,8.7546,8.7546,8.7546,8.7546,8.7546,8.7546,8.7546,8.7546,8.7546,8.7546,8.7546,8.7546,8.7546,8.7546,8.7546,8.7546,8.7546,8.7546,8.7546,8.7546,8.7546,8.7546,8.7546,8.7546,8.7546,8.7546,8.7546,8.7546,8.7546,8.7546,8.7546,8.7546,8.7546,8.7546,8.7546,8.7546,8.7546,8.7546,8.7546,8.7546,8.7546,8.7546,8.7546,8.7546,8.7546,8.7546,8.7546,8.7546,8.7546,8.7546,8.7546,8.7546,8.7546,8.7546,8.7546,8.7546,8.7546,8.7546,8.7546,8.7546,8.7546,8.7546,8.7546,8.7546,8.7546,8.7546,8.7546,8.7546,8.7546,8.7546,8.7546,8.7546,8.7546,8.7546,8.7546,8.7546,8.7546,8.7546,8.7546,8.7546,8.7546,8.7546,8.7546,8.7546,8.7546,8.7546,8.7546,8.7546,8.7546,8.7546,8.7546,8.7546,8.7546,8.7546,8.7546,8.7546,8.7546,8.7546,8.7546,8.7546,8.7546,8.7546,8.7546,8.7546,8.7546,8.7546,8.7546,8.7546,8.7546,8.7546,8.7546,8.7546,8.7546,8.7546,8.7546,8.7546,8.7546,8.7546,8.7546,8.7546,8.7546,8.7546,8.7546,8.7546,8.7546,8.7546,8.7546,8.7546,8.7546,8.7546,8.7546,8.7546,8.7546,8.7546,8.7546,8.7546,8.7546,8.7546,8.7546,8.7546,8.7546,8.7546,8.7546,8.7546,8.7546,8.7546,8.7546,8.7546,8.7546,8.7546,8.7546,8.7546,8.7546,8.7546,8.7546,8.7546,8.7546,8.7546,8.7546,8.7546,8.7546,8.7546,8.7546,8.7546,8.7546,8.7546,8.7546,8.7546,8.7546,8.7546,8.7546,8.7546,8.7546,8.7546,8.7546,8.7546,8.7546,8.7546,8.7546,8.7546,8.7546,8.7546,8.7546,8.7546,8.7546,8.7546,8.7546,8.7546,8.7546,8.7546,8.7546,8.7546,8.7546,8.7546,8.7546,8.7546,8.7546,8.7546,8.7546,8.7546,8.7546,8.7546,8.7546,8.7546,8.7546,8.7546,8.7546,8.7546,8.7546,8.7546,8.7546,8.7546,8.7546,8.7546,8.7546,8.7546,8.7546,8.7546,8.7546,8.7546,8.7546,8.7546,8.7546,8.7546,8.7546,8.7546,8.7546,8.7546,8.7546,8.7546,8.7546,8.7546,8.7546,8.7546,8.7546,8.7546,8.7546,8.7546,8.7546,8.7546,8.7546,8.7546,8.7546,8.7546,8.7546,8.7546,8.7546,8.7546,8.7546,8.7546,8.7546,8.7546,8.7546,8.7546,8.7546,8.7546,8.7546,8.7546,8.7546,8.7546,8.7546,8.7546,8.7546,8.7546,8.7546,8.7546,8.7546,8.7546,8.7546,8.7546,8.7546,8.7546,8.7546,8.7546,8.7546,8.7546,8.7546,8.7546,8.7546,8.7546
8.7460,8.7460,8.7460,8.7460,8.7460,8.7460,8.7460,8.7460,8.7460,8.7460,8.7460,8.7460,8.7460,8.7460,8.7460,8.7460,8.7460,8.7460,8.7460,8.7460,8.7460,8.7460,8.7460,8.7460,8.7460,8.7460,8.7460,8.7460,8.7460,8.7460,8.7460,8.7460,8.7460,8.7460,8.7460,8.7460,8.7460,8.7460,8.7460,8.7460,8.7460,8.7460,8.7460,8.7460,8.7460,8.7460,8.7460,8.7460,8.7460,8.7460,8.7460,8.7460,8.7460,8.7460,8.7460,8.7460,8.7460,8.7460,8.7460,8.7460,8.7460,8.7460,8.7460,8.7460,8.7460,8.7460,8.7460,8.7460,8.7460,8.7460,8.7460,8.7460,8.7460,8.7460,8.7460,8.7460,8.7460,8.7460,8.7460,8.7460,8.7460,8.7460,8.7460,8.7460,8.7460,8.7460,8.7460,8.7460,8.7460,8.7460,8.7460,8.7460,8.7460,8.7460,8.7460,8.7460,8.7460,8.7460,8.7460,8.7460,8.7460,8.7460,8.7460,8.7460,8.7460,8.7460,8.7460,8.7460,8.7460,8.7460,8.7460,8.7460,8.7460,8.7460,8.7460,8.7460,8.7460,8.7460,8.7460,8.7460,8.7460,8.7460,8.7460,8.7460,8.7460,8.7460,8.7460,8.7460,8.7460,8.7460,8.7460,8.7460,8.7460,8.7460,8.7460,8.7460,8.7460,8.7460,8.7460,8.7460,8.7460,8.7460,8.7460,8.7460,8.7460,8.7460,8.7460,8.7460,8.7460,8.7460,8.7460,8.7460,8.7460,8.7460,8.7460,8.7460,8.7460,8.7460,8.7460,8.7460,8.7460,8.7460,8.7460,8.7460,8.7460,8.7460,8.7460,8.7460,8.7460,8.7460,8.7460,8.7460,8.7460,8.7460,8.7460,8.7460,8.7460,8.7460,8.7460,8.7460,8.7460,8.7460,8.7460,8.7460,8.7460,8.7460,8.7460,8.7460,8.7460,8.7460,8.7460,8.7460,8.7460,8.7460,8.7460,8.7460,8.7460,8.7460,8.7460,8.7460,8.7460,8.7460,8.7460,8.7460,8.7460,8.7460,8.7460,8.7460,8.7460,8.7460,8.7460,8.7460,8.7460,8.7460,8.7460,8.7460,8.7460,8.7460,8.7460,8.7460,8.7460,8.7460,8.7460,8.7460,8.7460,8.7460,8.7460,8.7460,8.7460,8.7460,8.7460,8.7460,8.7460,8.7460,8.7460,8.7460,8.7460,8.7460,8.7460,8.7460,8.7460,8.7460,8.7460,8.7460,8.7460,8.7460,8.7460,8.7460,8.7460,8.7460,8.7460,8.7460,8.7460,8.7460,8.7460,8.7460,8.7460,8.7460,8.7460,8.7460,8.7460,8.7460,8.7460,8.7460,8.7460,8.7460,8.7460,8.7460,8.7460,8.7460,8.7460,8.7460,8.7460,8.7460,8.7460,8.7460,8.7460,8.7460,8.7460,8.7460,8.7460,8.7460,8.7460,8.7460,8.7460,8.7460,8.7460,8.7460,8.7460,8.7460,8.7460,8.7460,8.7460,8.7460,8.7460,8.7460,8.7460,8.7460,8.7460,8.7460,8.7460,8.7460,8.7460,8.7460,8.7460,8.7460,8.7460,8.7460,8.7460,8.7460,8.7460,8.7460,8.7460,8.7460,8.7460,8.7460,8.7460,8.7460,8.7460,8.7460,8.7460,8.7460,8.7460,8.7460,8.7460,8.7460,8.7460,8.7460,8.7460,8.7460,8.7460,8.7460,8.7460,8.7460,8.7460,8.7460,8.7460,8.7460,8.7460,8.7460,8.7460,8.7460,8.7460,8.7460,8.7460,8.7460,8.7460,8.7460,8.7460,8.7460,8.7460,8.7460,8.7460,8.7460,8.7460,8.7460,8.7460,8.7460,8.7460,8.7460,8.7460,8.7460,8.7460,8.7460,8.7460,8.7460,8.7460,8.7460,8.7460,8.7460,8.7460,8.7460,8.7460,8.7460,8.7460,8.7460,8.7460,8.7460,8.7460,8.7460,8.7460,8.7460,8.7460,8.7460,8.7460,8.7460,8.7460,8.7460,8.7460,8.7460,8.7460,8.7460,8.7460,8.7460,8.7460,8.7460,8.7460,8.7460,8.7460,8.7460,8.7460,8.7460,8.7460,8.7460,8.7460,8.7460,8.7460,8.7460,8.7460,8.7460,8.7460,8.7460,8.7460,8.7460,8.7460,8.7460,8.7460,8.7460,8.7460,8.7460,8.7460,8.7460,8.7460,8.7460,8.7460,8.7460,8.7460,8.7460,8.7460,8.7460,8.7460,8.7460,8.7460,8.7460,8.7460,8.7460,8.7460,8.7460,8.7460,8.7460,8.7460,8.7460,8.7460,8.7460,8.7460,8.7460,8.7460,8.7460,8.7460,8.7460,8.7460,8.7460,8.7460,8.7460,8.7460,8.7460,8.7460,8.7460,8.7460,8.7460,8.7460,8.7460,8.7460,8.7460,8.7460,8.7460,8.7460,8.7460,8.7460,8.7460,8.7460,8.7460,8.7460,8.7460,8.7460,8.7460,8.7460,8.7460,8.7460,8.7460,8.7460,8.7460,8.7460,8.7460,8.7460,8.7460,8.7460,8.7460,8.7460,8.7460,8.7460,8.7460,8.7460,8.7460,8.7460,8.7460,8.7460,8.7460,8.7460,8.7460,8.7460,8.7460,8.7460,8.7460,8.7460,8.7460,8.7460,8.7460,8.7460,8.7460,8.7460,8.7460,8.7460,8.7460,8.7460,8.7460,8.7460,8.7460,8.7460,8.7460,8.7460,8.7460,8.7460,8.7460,8.7460,8.7460,8.7460,8.7460,8.7460,8.7460,8.7460,8.7460,8.7460,8.7460,8.7460,8.7460,8.7460,8.7460,8.7460,8.7460,8.7460,8.7460,8.7460,8.7460,8.7460,8.7460,8.7460,8.7460,8.7460,8.7460,8.7460,8.7460,8.7460,8.7460,8.7460,8.7460,8.7460,8.7460,8.7460,8.7460,8.7460,8.7460,8.7460,8.7460,8.7460,8.7460,8.7460,8.7460,8.7460,8.7460,8.7460,8.7460,8.7460,8.7460,8.7460,8.7460,8.7460,8.7460,8.7460,8.7460,8.7460,8.7460,8.7460,8.7460,8.7460,8.7460,8.7460,8.7460,8.7460,8.7460,8.7460,8.7460,8.7460,8.7460,8.7460,8.7460,8.7460,8.7460,8.7460,8.7460,8.7460,8.7460,8.7460,8.7460,8.7460,8.7460,8.7460,8.7460,8.7460,8.7460,8.7460,8.7460,8.7460,8.7460,8.7460,8.7460,8.7460,8.7460,8.7460,8.7460,8.7460,8.7460,8.7460,8.7460,8.7460,8.7460,8.7460,8.7460,8.7460,8.7460,8.7460,8.7460,8.7460,8.7460,8.7460,8.7460,8.7460,8.7460,8.7460,8.7460,8.7460,8.7460,8.7460,8.7460,8.7460,8.7460,8.7460,8.7460,8.7460,8.7460,8.7460,8.7460,8.7460,8.7460,8.7460,8.7460,8.7460,8.7460,8.7460,8.7460,8.7460,8.7460,8.7460,8.7460,8.7460,8.7460,8.7460,8.7460,8.7460,8.7460,8.7460,8.7460,8.7460,8.7460,8.7460,8.7460,8.7460,8.7460,8.7460,8.7460,8.7460,8.7460,8.7460,8.7460,8.7460,8.7460,8.7460,8.7460,8.7460,8.7460,8.7460,8.7460,8.7460,8.7460,8.7460,8.7460,8.7460,8.7460,8.7460,8.7460,8.7460,8.7460,8.7460,8.7460,8.7460,8.7460,8.7460,8.7460,8.7460,8.7460,8.7460,8.7460,8.7460,8.7460,8.7460,8.7460,8.7460,8.7460,8.7460,8.7460,8.7460,8.7460,8.7460,8.7460,8.7460,8.7460,8.7460,8.7460,8.7460,8.7460,8.7460,8.7460,8.7460,8.7460,8.7460,8.7460,8.7460,8.7460,8.7460,8.7460,8.7460,8.7460,8.7460,8.7460,8.7460,8.7460,8.7460,8.7460,8.7460,8.7460,8.7460,8.7460,8.7460,8.7460,8.7460,8.7460,8.7460,8.7460,8.7460,8.7460,8.7460,8.7460,8.7460,8.7460,8.7460,8.7460,8.7460,8.7460,8.7460,8.7460,8.7460,8.7460,8.7460,8.7460,8.7460,8.7460,8.7460,8.7460,8.7460,8.7460,8.7460,8.7460,8.7460,8.7460,8.7460,8.7460,8.7460,8.7460,8.7460,8.7460,8.7460,8.7460,8.7460,8.7460,8.7460,8.7460,8.7460,8.7460,8.7460,8.7460,8.7460,8.7460,8.7460,8.7460,8.7460,8.7460,8.7460,8.7460,8.7460,8.7460,8.7460,8.7460,8.7460,8.7460,8.7460,8.7460,8.7460,8.7460,8.7460,8.7460,8.7460,8.7460,8.7460,8.7460,8.7460,8.7460,8.7460,8.7460,8.7460,8.7460,8.7460,8.7460,8.7460,8.7460,8.7460,8.7460,8.7460,8.7460,8.7460,8.7460,8.7460,8.7460,8.7460,8.7460,8.7460,8.7460,8.7460,8.7460,8.7460,8.7460,8.7460,8.7460,8.7460,8.7460,8.7460,8.7460,8.7460,8.7460,8.7460,8.7460,8.7460,8.7460,8.7460,8.7460,8.7460,8.7460,8.7460,8.7460,8.7460,8.7460,8.7460,8.7460,8.7460,8.7460,8.7460,8.7460,8.7460,8.7460,8.7460,8.7460,8.7460,8.7460,8.7460,8.7460,8.7460,8.7460,8.7460,8.7460,8.7460,8.7460,8.7460,8.7460,8.7460,8.7460,8.7460,8.7460,8.7460,8.7460,8.7460,8.7460,8.7460,8.7460,8.7460,8.7460,8.7460,8.7460,8.7460,8.7460,8.7460,8.7460,8.7460,8.7460,8.7460,8.7460,8.7460,8.7460,8.7460,8.7460,8.7460,8.7460,8.7460,8.7460,8.7460,8.7460,8.7460,8.7460,8.7460,8.7460,8.7460,8.7460,8.7460,8.7460,8.7460,8.7460,8.7460,8.7460,8.7460,8.7460,8.7460,8.7460,8.7460,8.7460,8.7460,8.7460,8.7460,8.7460,8.7460,8.7460,8.7460,8.7460,8.7460,8.7460,8.7460,8.7460,8.7460,8.7460,8.7460,8.7460,8.7460,8.7460
8.7378,8.7378,8.7378,8.7378,8.7378,8.7378,8.7378,8.7378,8.7378,8.7378,8.7378,8.7378,8.7378,8.7378,8.7378,8.7378,8.7378,8.7378,8.7378,8.7378,8.7378,8.7378,8.7378,8.7378,8.7378,8.7378,8.7378,8.7378,8.7378,8.7378,8.7378,8.7378,8.7378,8.7378,8.7378,8.7378,8.7378,8.7378,8.7378,8.7378,8.7378,8.7378,8.7378,8.7378,8.7378,8.7378,8.7378,8.7378,8.7378,8.7378,8.7378,8.7378,8.7378,8.7378,8.7378,8.7378,8.7378,8.7378,8.7378,8.7378,8.7378,8.7378,8.7378,8.7378,8.7378,8.7378,8.7378,8.7378,8.7378,8.7378,8.7378,8.7378,8.7378,8.7378,8.7378,8.7378,8.7378,8.7378,8.7378,8.7378,8.7378,8.7378,8.7378,8.7378,8.7378,8.7378,8.7378,8.7378,8.7378,8.7378,8.7378,8.7378,8.7378,8.7378,8.7378,8.7378,8.7378,8.7378,8.7378,8.7378,8.7378,8.7378,8.7378,8.7378,8.7378,8.7378,8.7378,8.7378,8.7378,8.7378,8.7378,8.7378,8.7378,8.7378,8.7378,8.7378,8.7378,8.7378,8.7378,8.7378,8.7378,8.7378,8.7378,8.7378,8.7378,8.7378,8.7378,8.7378,8.7378,8.7378,8.7378,8.7378,8.7378,8.7378,8.7378,8.7378,8.7378,8.7378,8.7378,8.7378,8.7378,8.7378,8.7378,8.7378,8.7378,8.7378,8.7378,8.7378,8.7378,8.7378,8.7378,8.7378,8.7378,8.7378,8.7378,8.7378,8.7378,8.7378,8.7378,8.7378,8.7378,8.7378,8.7378,8.7378,8.7378,8.7378,8.7378,8.7378,8.7378,8.7378,8.7378,8.7378,8.7378,8.7378,8.7378,8.7378,8.7378,8.7378,8.7378,8.7378,8.7378,8.7378,8.7378,8.7378,8.7378,8.7378,8.7378,8.7378,8.7378,8.7378,8.7378,8.7378,8.7378,8.7378,8.7378,8.7378,8.7378,8.7378,8.7378,8.7378,8.7378,8.7378,8.7378,8.7378,8.7378,8.7378,8.7378,8.7378,8.7378,8.7378,8.7378,8.7378,8.7378,8.7378,8.7378,8.7378,8.7378,8.7378,8.7378,8.7378,8.7378,8.7378,8.7378,8.7378,8.7378,8.7378,8.7378,8.7378,8.7378,8.7378,8.7378,8.7378,8.7378,8.7378,8.7378,8.7378,8.7378,8.7378,8.7378,8.7378,8.7378,8.7378,8.7378,8.7378,8.7378,8.7378,8.7378,8.7378,8.7378,8.7378,8.7378,8.7378,8.7378,8.7378,8.7378,8.7378,8.7378,8.7378,8.7378,8.7378,8.7378,8.7378,8.7378,8.7378,8.7378,8.7378,8.7378,8.7378,8.7378,8.7378,8.7378,8.7378,8.7378,8.7378,8.7378,8.7378,8.7378,8.7378,8.7378,8.7378,8.7378,8.7378,8.7378,8.7378,8.7378,8.7378,8.7378,8.7378,8.7378,8.7378,8.7378,8.7378,8.7378,8.7378,8.7378,8.7378,8.7378,8.7378,8.7378,8.7378,8.7378,8.7378,8.7378,8.7378,8.7378,8.7378,8.7378,8.7378,8.7378,8.7378,8.7378,8.7378,8.7378,8.7378,8.7378,8.7378,8.7378,8.7378,8.7378,8.7378,8.7378,8.7378,8.7378,8.7378,8.7378,8.7378,8.7378,8.7378,8.7378,8.7378,8.7378,8.7378,8.7378,8.7378,8.7378,8.7378,8.7378,8.7378,8.7378,8.7378,8.7378,8.7378,8.7378,8.7378,8.7378,8.7378,8.7378,8.7378,8.7378,8.7378,8.7378,8.7378,8.7378,8.7378,8.7378,8.7378,8.7378,8.7378,8.7378,8.7378,8.7378,8.7378,8.7378,8.7378,8.7378,8.7378,8.7378,8.7378,8.7378,8.7378,8.7378,8.7378,8.7378,8.7378,8.7378,8.7378,8.7378,8.7378,8.7378,8.7378,8.7378,8.7378,8.7378,8.7378,8.7378,8.7378,8.7378,8.7378,8.7378,8.7378,8.7378,8.7378,8.7378,8.7378,8.7378,8.7378,8.7378,8.7378,8.7378,8.7378,8.7378,8.7378,8.7378,8.7378,8.7378,8.7378,8.7378,8.7378,8.7378,8.7378,8.7378,8.7378,8.7378,8.7378,8.7378,8.7378,8.7378,8.7378,8.7378,8.7378,8.7378,8.7378,8.7378,8.7378,8.7378,8.7378,8.7378,8.7378,8.7378,8.7378,8.7378,8.7378,8.7378,8.7378,8.7378,8.7378,8.7378,8.7378,8.7378,8.7378,8.7378,8.7378,8.7378,8.7378,8.7378,8.7378,8.7378,8.7378,8.7378,8.7378,8.7378,8.7378,8.7378,8.7378,8.7378,8.7378,8.7378,8.7378,8.7378,8.7378,8.7378,8.7378,8.7378,8.7378,8.7378,8.7378,8.7378,8.7378,8.7378,8.7378,8.7378,8.7378,8.7378,8.7378,8.7378,8.7378,8.7378,8.7378,8.7378,8.7378,8.7378,8.7378,8.7378,8.7378,8.7378,8.7378,8.7378,8.7378,8.7378,8.7378,8.7378,8.7378,8.7378,8.7378,8.7378,8.7378,8.7378,8.7378,8.7378,8.7378,8.7378,8.7378,8.7378,8.7378,8.7378,8.7378,8.7378,8.7378,8.7378,8.7378,8.7378,8.7378,8.7378,8.7378,8.7378,8.7378,8.7378,8.7378,8.7378,8.7378,8.7378,8.7378,8.7378,8.7378,8.7378,8.7378,8.7378,8.7378,8.7378,8.7378,8.7378,8.7378,8.7378,8.7378,8.7378,8.7378,8.7378,8.7378,8.7378,8.7378,8.7378,8.7378,8.7378,8.7378,8.7378,8.7378,8.7378,8.7378,8.7378,8.7378,8.7378,8.7378,8.7378,8.7378,8.7378,8.7378,8.7378,8.7378,8.7378,8.7378,8.7378,8.7378,8.7378,8.7378,8.7378,8.7378,8.7378,8.7378,8.7378,8.7378,8.7378,8.7378,8.7378,8.7378,8.7378,8.7378,8.7378,8.7378,8.7378,8.7378,8.7378,8.7378,8.7378,8.7378,8.7378,8.7378,8.7378,8.7378,8.7378,8.7378,8.7378,8.7378,8.7378,8.7378,8.7378,8.7378,8.7378,8.7378,8.7378,8.7378,8.7378,8.7378,8.7378,8.7378,8.7378,8.7378,8.7378,8.7378,8.7378,8.7378,8.7378,8.7378,8.7378,8.7378,8.7378,8.7378,8.7378,8.7378,8.7378,8.7378,8.7378,8.7378,8.7378,8.7378,8.7378,8.7378,8.7378,8.7378,8.7378,8.7378,8.7378,8.7378,8.7378,8.7378,8.7378,8.7378,8.7378,8.7378,8.7378,8.7378,8.7378,8.7378,8.7378,8.7378,8.7378,8.7378,8.7378,8.7378,8.7378,8.7378,8.7378,8.7378,8.7378,8.7378,8.7378,8.7378,8.7378,8.7378,8.7378,8.7378,8.7378,8.7378,8.7378,8.7378,8.7378,8.7378,8.7378,8.7378,8.7378,8.7378,8.7378,8.7378,8.7378,8.7378,8.7378,8.7378,8.7378,8.7378,8.7378,8.7378,8.7378,8.7378,8.7378,8.7378,8.7378,8.7378,8.7378,8.7378,8.7378,8.7378,8.7378,8.7378,8.7378,8.7378,8.7378,8.7378,8.7378,8.7378,8.7378,8.7378,8.7378,8.7378,8.7378,8.7378,8.7378,8.7378,8.7378,8.7378,8.7378,8.7378,8.7378,8.7378,8.7378,8.7378,8.7378,8.7378,8.7378,8.7378,8.7378,8.7378,8.7378,8.7378,8.7378,8.7378,8.7378,8.7378,8.7378,8.7378,8.7378,8.7378,8.7378,8.7378,8.7378,8.7378,8.7378,8.7378,8.7378,8.7378,8.7378,8.7378,8.7378,8.7378,8.7378,8.7378,8.7378,8.7378,8.7378,8.7378,8.7378,8.7378,8.7378,8.7378,8.7378,8.7378,8.7378,8.7378,8.7378,8.7378,8.7378,8.7378,8.7378,8.7378,8.7378,8.7378,8.7378,8.7378,8.7378,8.7378,8.7378,8.7378,8.7378,8.7378,8.7378,8.7378,8.7378,8.7378,8.7378,8.7378,8.7378,8.7378,8.7378,8.7378,8.7378,8.7378,8.7378,8.7378,8.7378,8.7378,8.7378,8.7378,8.7378,8.7378,8.7378,8.7378,8.7378,8.7378,8.7378,8.7378,8.7378,8.7378,8.7378,8.7378,8.7378,8.7378,8.7378,8.7378,8.7378,8.7378,8.7378,8.7378,8.7378,8.7378,8.7378,8.7378,8.7378,8.7378,8.7378,8.7378,8.7378,8.7378,8.7378,8.7378,8.7378,8.7378,8.7378,8.7378,8.7378,8.7378,8.7378,8.7378,8.7378,8.7378,8.7378,8.7378,8.7378,8.7378,8.7378,8.7378,8.7378,8.7378,8.7378,8.7378,8.7378,8.7378,8.7378,8.7378,8.7378,8.7378,8.7378,8.7378,8.7378,8.7378,8.7378,8.7378,8.7378,8.7378,8.7378,8.7378,8.7378,8.7378,8.7378,8.7378,8.7378,8.7378,8.7378,8.7378,8.7378,8.7378,8.7378,8.7378,8.7378,8.7378,8.7378,8.7378,8.7378,8.7378,8.7378,8.7378,8.7378,8.7378,8.7378,8.7378,8.7378,8.7378,8.7378,8.7378,8.7378,8.7378,8.7378,8.7378,8.7378,8.7378,8.7378,8.7378,8.7378,8.7378,8.7378,8.7378,8.7378,8.7378,8.7378,8.7378,8.7378,8.7378,8.7378,8.7378,8.7378,8.7378,8.7378,8.7378,8.7378,8.7378,8.7378,8.7378,8.7378,8.7378,8.7378,8.7378,8.7378,8.7378,8.7378,8.7378,8.7378,8.7378,8.7378,8.7378,8.7378,8.7378,8.7378,8.7378,8.7378,8.7378,8.7378,8.7378,8.7378,8.7378,8.7378,8.7378,8.7378,8.7378,8.7378,8.7378,8.7378,8.7378,8.7378,8.7378,8.7378,8.7378,8.7378,8.7378,8.7378,8.7378,8.7378,8.7378,8.7378,8.7378,8.7378,8.7378,8.7378,8.7378
8.7296,8.7296,8.7296,8.7296,8.7296,8.7296,8.7296,8.7296,8.7296,8.7296,8.7296,8.7296,8.7296,8.7296,8.7296,8.7296,8.7296,8.7296,8.7296,8.7296,8.7296,8.7296,8.7296,8.7296,8.7296,8.7296,8.7296,8.7296,8.7296,8.7296,8.7296,8.7296,8.7296,8.7296,8.7296,8.7296,8.7296,8.7296,8.7296,8.7296,8.7296,8.7296,8.7296,8.7296,8.7296,8.7296,8.7296,8.7296,8.7296,8.7296,8.7296,8.7296,8.7296,8.7296,8.7296,8.7296,8.7296,8.7296,8.7296,8.7296,8.7296,8.7296,8.7296,8.7296,8.7296,8.7296,8.7296,8.7296,8.7296,8.7296,8.7296,8.7296,8.7296,8.7296,8.7296,8.7296,8.7296,8.7296,8.7296,8.7296,8.7296,8.7296,8.7296,8.7296,8.7296,8.7296,8.7296,8.7296,8.7296,8.7296,8.7296,8.7296,8.7296,8.7296,8.7296,8.7296,8.7296,8.7296,8.7296,8.7296,8.7296,8.7296,8.7296,8.7296,8.7296,8.7296,8.7296,8.7296,8.7296,8.7296,8.7296,8.7296,8.7296,8.7296,8.7296,8.7296,8.7296,8.7296,8.7296,8.7296,8.7296,8.7296,8.7296,8.7296,8.7296,8.7296,8.7296,8.7296,8.7296,8.7296,8.7296,8.7296,8.7296,8.7296,8.7296,8.7296,8.7296,8.7296,8.7296,8.7296,8.7296,8.7296,8.7296,8.7296,8.7296,8.7296,8.7296,8.7296,8.7296,8.7296,8.7296,8.7296,8.7296,8.7296,8.7296,8.7296,8.7296,8.7296,8.7296,8.7296,8.7296,8.7296,8.7296,8.7296,8.7296,8.7296,8.7296,8.7296,8.7296,8.7296,8.7296,8.7296,8.7296,8.7296,8.7296,8.7296,8.7296,8.7296,8.7296,8.7296,8.7296,8.7296,8.7296,8.7296,8.7296,8.7296,8.7296,8.7296,8.7296,8.7296,8.7296,8.7296,8.7296,8.7296,8.7296,8.7296,8.7296,8.7296,8.7296,8.7296,8.7296,8.7296,8.7296,8.7296,8.7296,8.7296,8.7296,8.7296,8.7296,8.7296,8.7296,8.7296,8.7296,8.7296,8.7296,8.7296,8.7296,8.7296,8.7296,8.7296,8.7296,8.7296,8.7296,8.7296,8.7296,8.7296,8.7296,8.7296,8.7296,8.7296,8.7296,8.7296,8.7296,8.7296,8.7296,8.7296,8.7296,8.7296,8.7296,8.7296,8.7296,8.7296,8.7296,8.7296,8.7296,8.7296,8.7296,8.7296,8.7296,8.7296,8.7296,8.7296,8.7296,8.7296,8.7296,8.7296,8.7296,8.7296,8.7296,8.7296,8.7296,8.7296,8.7296,8.7296,8.7296,8.7296,8.7296,8.7296,8.7296,8.7296,8.7296,8.7296,8.7296,8.7296,8.7296,8.7296,8.7296,8.7296,8.7296,8.7296,8.7296,8.7296,8.7296,8.7296,8.7296,8.7296,8.7296,8.7296,8.7296,8.7296,8.7296,8.7296,8.7296,8.7296,8.7296,8.7296,8.7296,8.7296,8.7296,8.7296,8.7296,8.7296,8.7296,8.7296,8.7296,8.7296,8.7296,8.7296,8.7296,8.7296,8.7296,8.7296,8.7296,8.7296,8.7296,8.7296,8.7296,8.7296,8.7296,8.7296,8.7296,8.7296,8.7296,8.7296,8.7296,8.7296,8.7296,8.7296,8.7296,8.7296,8.7296,8.7296,8.7296,8.7296,8.7296,8.7296,8.7296,8.7296,8.7296,8.7296,8.7296,8.7296,8.7296,8.7296,8.7296,8.7296,8.7296,8.7296,8.7296,8.7296,8.7296,8.7296,8.7296,8.7296,8.7296,8.7296,8.7296,8.7296,8.7296,8.7296,8.7296,8.7296,8.7296,8.7296,8.7296,8.7296,8.7296,8.7296,8.7296,8.7296,8.7296,8.7296,8.7296,8.7296,8.7296,8.7296,8.7296,8.7296,8.7296,8.7296,8.7296,8.7296,8.7296,8.7296,8.7296,8.7296,8.7296,8.7296,8.7296,8.7296,8.7296,8.7296,8.7296,8.7296,8.7296,8.7296,8.7296,8.7296,8.7296,8.7296,8.7296,8.7296,8.7296,8.7296,8.7296,8.7296,8.7296,8.7296,8.7296,8.7296,8.7296,8.7296,8.7296,8.7296,8.7296,8.7296,8.7296,8.7296,8.7296,8.7296,8.7296,8.7296,8.7296,8.7296,8.7296,8.7296,8.7296,8.7296,8.7296,8.7296,8.7296,8.7296,8.7296,8.7296,8.7296,8.7296,8.7296,8.7296,8.7296,8.7296,8.7296,8.7296,8.7296,8.7296,8.7296,8.7296,8.7296,8.7296,8.7296,8.7296,8.7296,8.7296,8.7296,8.7296,8.7296,8.7296,8.7296,8.7296,8.7296,8.7296,8.7296,8.7296,8.7296,8.7296,8.7296,8.7296,8.7296,8.7296,8.7296,8.7296,8.7296,8.7296,8.7296,8.7296,8.7296,8.7296,8.7296,8.7296,8.7296,8.7296,8.7296,8.7296,8.7296,8.7296,8.7296,8.7296,8.7296,8.7296,8.7296,8.7296,8.7296,8.7296,8.7296,8.7296,8.7296,8.7296,8.7296,8.7296,8.7296,8.7296,8.7296,8.7296,8.7296,8.7296,8.7296,8.7296,8.7296,8.7296,8.7296,8.7296,8.7296,8.7296,8.7296,8.7296,8.7296,8.7296,8.7296,8.7296,8.7296,8.7296,8.7296,8.7296,8.7296,8.7296,8.7296,8.7296,8.7296,8.7296,8.7296,8.7296,8.7296,8.7296,8.7296,8.7296,8.7296,8.7296,8.7296,8.7296,8.7296,8.7296,8.7296,8.7296,8.7296,8.7296,8.7296,8.7296,8.7296,8.7296,8.7296,8.7296,8.7296,8.7296,8.7296,8.7296,8.7296,8.7296,8.7296,8.7296,8.7296,8.7296,8.7296,8.7296,8.7296,8.7296,8.7296,8.7296,8.7296,8.7296,8.7296,8.7296,8.7296,8.7296,8.7296,8.7296,8.7296,8.7296,8.7296,8.7296,8.7296,8.7296,8.7296,8.7296,8.7296,8.7296,8.7296,8.7296,8.7296,8.7296,8.7296,8.7296,8.7296,8.7296,8.7296,8.7296,8.7296,8.7296,8.7296,8.7296,8.7296,8.7296,8.7296,8.7296,8.7296,8.7296,8.7296,8.7296,8.7296,8.7296,8.7296,8.7296,8.7296,8.7296,8.7296,8.7296,8.7296,8.7296,8.7296,8.7296,8.7296,8.7296,8.7296,8.7296,8.7296,8.7296,8.7296,8.7296,8.7296,8.7296,8.7296,8.7296,8.7296,8.7296,8.7296,8.7296,8.7296,8.7296,8.7296,8.7296,8.7296,8.7296,8.7296,8.7296,8.7296,8.7296,8.7296,8.7296,8.7296,8.7296,8.7296,8.7296,8.7296,8.7296,8.7296,8.7296,8.7296,8.7296,8.7296,8.7296,8.7296,8.7296,8.7296,8.7296,8.7296,8.7296,8.7296,8.7296,8.7296,8.7296,8.7296,8.7296,8.7296,8.7296,8.7296,8.7296,8.7296,8.7296,8.7296,8.7296,8.7296,8.7296,8.7296,8.7296,8.7296,8.7296,8.7296,8.7296,8.7296,8.7296,8.7296,8.7296,8.7296,8.7296,8.7296,8.7296,8.7296,8.7296,8.7296,8.7296,8.7296,8.7296,8.7296,8.7296,8.7296,8.7296,8.7296,8.7296,8.7296,8.7296,8.7296,8.7296,8.7296,8.7296,8.7296,8.7296,8.7296,8.7296,8.7296,8.7296,8.7296,8.7296,8.7296,8.7296,8.7296,8.7296,8.7296,8.7296,8.7296,8.7296,8.7296,8.7296,8.7296,8.7296,8.7296,8.7296,8.7296,8.7296,8.7296,8.7296,8.7296,8.7296,8.7296,8.7296,8.7296,8.7296,8.7296,8.7296,8.7296,8.7296,8.7296,8.7296,8.7296,8.7296,8.7296,8.7296,8.7296,8.7296,8.7296,8.7296,8.7296,8.7296,8.7296,8.7296,8.7296,8.7296,8.7296,8.7296,8.7296,8.7296,8.7296,8.7296,8.7296,8.7296,8.7296,8.7296,8.7296,8.7296,8.7296,8.7296,8.7296,8.7296,8.7296,8.7296,8.7296,8.7296,8.7296,8.7296,8.7296,8.7296,8.7296,8.7296,8.7296,8.7296,8.7296,8.7296,8.7296,8.7296,8.7296,8.7296,8.7296,8.7296,8.7296,8.7296,8.7296,8.7296,8.7296,8.7296,8.7296,8.7296,8.7296,8.7296,8.7296,8.7296,8.7296,8.7296,8.7296,8.7296,8.7296,8.7296,8.7296,8.7296,8.7296,8.7296,8.7296,8.7296,8.7296,8.7296,8.7296,8.7296,8.7296,8.7296,8.7296,8.7296,8.7296,8.7296,8.7296,8.7296,8.7296,8.7296,8.7296,8.7296,8.7296,8.7296,8.7296,8.7296,8.7296,8.7296,8.7296,8.7296,8.7296,8.7296,8.7296,8.7296,8.7296,8.7296,8.7296,8.7296,8.7296,8.7296,8.7296,8.7296,8.7296,8.7296,8.7296,8.7296,8.7296,8.7296,8.7296,8.7296,8.7296,8.7296,8.7296,8.7296,8.7296,8.7296,8.7296,8.7296,8.7296,8.7296,8.7296,8.7296,8.7296,8.7296,8.7296,8.7296,8.7296,8.7296,8.7296,8.7296,8.7296,8.7296,8.7296,8.7296,8.7296,8.7296,8.7296,8.7296,8.7296,8.7296,8.7296,8.7296,8.7296,8.7296,8.7296,8.7296,8.7296,8.7296,8.7296,8.7296,8.7296,8.7296,8.7296,8.7296,8.7296,8.7296,8.7296,8.7296,8.7296,8.7296,8.7296,8.7296,8.7296,8.7296,8.7296,8.7296,8.7296,8.7296,8.7296,8.7296,8.7296,8.7296,8.7296,8.7296,8.7296,8.7296,8.7296,8.7296,8.7296,8.7296,8.7296,8.7296,8.7296,8.7296,8.7296,8.7296,8.7296,8.7296,8.7296,8.7296,8.7296,8.7296,8.7296,8.7296,8.7296,8.7296,8.7296,8.7296,8.7296,8.7296,8.7296,8.7296
8.7214,8.7214,8.7214,8.7214,8.7214,8.7214,8.7214,8.7214,8.7214,8.7214,8.7214,8.7214,8.7214,8.7214,8.7214,8.7214,8.7214,8.7214,8.7214,8.7214,8.7214,8.7214,8.7214,8.7214,8.7214,8.7214,8.7214,8.7214,8.7214,8.7214,8.7214,8.7214,8.7214,8.7214,8.7214,8.7214,8.7214,8.7214,8.7214,8.7214,8.7214,8.7214,8.7214,8.7214,8.7214,8.7214,8.7214,8.7214,8.7214,8.7214,8.7214,8.7214,8.7214,8.7214,8.7214,8.7214,8.7214,8.7214,8.7214,8.7214,8.7214,8.7214,8.7214,8.7214,8.7214,8.7214,8.7214,8.7214,8.7214,8.7214,8.7214,8.7214,8.7214,8.7214,8.7214,8.7214,8.7214,8.7214,8.7214,8.7214,8.7214,8.7214,8.7214,8.7214,8.7214,8.7214,8.7214,8.7214,8.7214,8.7214,8.7214,8.7214,8.7214,8.7214,8.7214,8.7214,8.7214,8.7214,8.7214,8.7214,8.7214,8.7214,8.7214,8.7214,8.7214,8.7214,8.7214,8.7214,8.7214,8.7214,8.7214,8.7214,8.7214,8.7214,8.7214,8.7214,8.7214,8.7214,8.7214,8.7214,8.7214,8.7214,8.7214,8.7214,8.7214,8.7214,8.7214,8.7214,8.7214,8.7214,8.7214,8.7214,8.7214,8.7214,8.7214,8.7214,8.7214,8.7214,8.7214,8.7214,8.7214,8.7214,8.7214,8.7214,8.7214,8.7214,8.7214,8.7214,8.7214,8.7214,8.7214,8.7214,8.7214,8.7214,8.7214,8.7214,8.7214,8.7214,8.7214,8.7214,8.7214,8.7214,8.7214,8.7214,8.7214,8.7214,8.7214,8.7214,8.7214,8.7214,8.7214,8.7214,8.7214,8.7214,8.7214,8.7214,8.7214,8.7214,8.7214,8.7214,8.7214,8.7214,8.7214,8.7214,8.7214,8.7214,8.7214,8.7214,8.7214,8.7214,8.7214,8.7214,8.7214,8.7214,8.7214,8.7214,8.7214,8.7214,8.7214,8.7214,8.7214,8.7214,8.7214,8.7214,8.7214,8.7214,8.7214,8.7214,8.7214,8.7214,8.7214,8.7214,8.7214,8.7214,8.7214,8.7214,8.7214,8.7214,8.7214,8.7214,8.7214,8.7214,8.7214,8.7214,8.7214,8.7214,8.7214,8.7214,8.7214,8.7214,8.7214,8.7214,8.7214,8.7214,8.7214,8.7214,8.7214,8.7214,8.7214,8.7214,8.7214,8.7214,8.7214,8.7214,8.7214,8.7214,8.7214,8.7214,8.7214,8.7214,8.7214,8.7214,8.7214,8.7214,8.7214,8.7214,8.7214,8.7214,8.7214,8.7214,8.7214,8.7214,8.7214,8.7214,8.7214,8.7214,8.7214,8.7214,8.7214,8.7214,8.7214,8.7214,8.7214,8.7214,8.7214,8.7214,8.7214,8.7214,8.7214,8.7214,8.7214,8.7214,8.7214,8.7214,8.7214,8.7214,8.7214,8.7214,8.7214,8.7214,8.7214,8.7214,8.7214,8.7214,8.7214,8.7214,8.7214,8.7214,8.7214,8.7214,8.7214,8.7214,8.7214,8.7214,8.7214,8.7214,8.7214,8.7214,8.7214,8.7214,8.7214,8.7214,8.7214,8.7214,8.7214,8.7214,8.7214,8.7214,8.7214,8.7214,8.7214,8.7214,8.7214,8.7214,8.7214,8.7214,8.7214,8.7214,8.7214,8.7214,8.7214,8.7214,8.7214,8.7214,8.7214,8.7214,8.7214,8.7214,8.7214,8.7214,8.7214,8.7214,8.7214,8.7214,8.7214,8.7214,8.7214,8.7214,8.7214,8.7214,8.7214,8.7214,8.7214,8.7214,8.7214,8.7214,8.7214,8.7214,8.7214,8.7214,8.7214,8.7214,8.7214,8.7214,8.7214,8.7214,8.7214,8.7214,8.7214,8.7214,8.7214,8.7214,8.7214,8.7214,8.7214,8.7214,8.7214,8.7214,8.7214,8.7214,8.7214,8.7214,8.7214,8.7214,8.7214,8.7214,8.7214,8.7214,8.7214,8.7214,8.7214,8.7214,8.7214,8.7214,8.7214,8.7214,8.7214,8.7214,8.7214,8.7214,8.7214,8.7214,8.7214,8.7214,8.7214,8.7214,8.7214,8.7214,8.7214,8.7214,8.7214,8.7214,8.7214,8.7214,8.7214,8.7214,8.7214,8.7214,8.7214,8.7214,8.7214,8.7214,8.7214,8.7214,8.7214,8.7214,8.7214,8.7214,8.7214,8.7214,8.7214,8.7214,8.7214,8.7214,8.7214,8.7214,8.7214,8.7214,8.7214,8.7214,8.7214,8.7214,8.7214,8.7214,8.7214,8.7214,8.7214,8.7214,8.7214,8.7214,8.7214,8.7214,8.7214,8.7214,8.7214,8.7214,8.7214,8.7214,8.7214,8.7214,8.7214,8.7214,8.7214,8.7214,8.7214,8.7214,8.7214,8.7214,8.7214,8.7214,8.7214,8.7214,8.7214,8.7214,8.7214,8.7214,8.7214,8.7214,8.7214,8.7214,8.7214,8.7214,8.7214,8.7214,8.7214,8.7214,8.7214,8.7214,8.7214,8.7214,8.7214,8.7214,8.7214,8.7214,8.7214,8.7214,8.7214,8.7214,8.7214,8.7214,8.7214,8.7214,8.7214,8.7214,8.7214,8.7214,8.7214,8.7214,8.7214,8.7214,8.7214,8.7214,8.7214,8.7214,8.7214,8.7214,8.7214,8.7214,8.7214,8.7214,8.7214,8.7214,8.7214,8.7214,8.7214,8.7214,8.7214,8.7214,8.7214,8.7214,8.7214,8.7214,8.7214,8.7214,8.7214,8.7214,8.7214,8.7214,8.7214,8.7214,8.7214,8.7214,8.7214,8.7214,8.7214,8.7214,8.7214,8.7214,8.7214,8.7214,8.7214,8.7214,8.7214,8.7214,8.7214,8.7214,8.7214,8.7214,8.7214,8.7214,8.7214,8.7214,8.7214,8.7214,8.7214,8.7214,8.7214,8.7214,8.7214,8.7214,8.7214,8.7214,8.7214,8.7214,8.7214,8.7214,8.7214,8.7214,8.7214,8.7214,8.7214,8.7214,8.7214,8.7214,8.7214,8.7214,8.7214,8.7214,8.7214,8.7214,8.7214,8.7214,8.7214,8.7214,8.7214,8.7214,8.7214,8.7214,8.7214,8.7214,8.7214,8.7214,8.7214,8.7214,8.7214,8.7214,8.7214,8.7214,8.7214,8.7214,8.7214,8.7214,8.7214,8.7214,8.7214,8.7214,8.7214,8.7214,8.7214,8.7214,8.7214,8.7214,8.7214,8.7214,8.7214,8.7214,8.7214,8.7214,8.7214,8.7214,8.7214,8.7214,8.7214,8.7214,8.7214,8.7214,8.7214,8.7214,8.7214,8.7214,8.7214,8.7214,8.7214,8.7214,8.7214,8.7214,8.7214,8.7214,8.7214,8.7214,8.7214,8.7214,8.7214,8.7214,8.7214,8.7214,8.7214,8.7214,8.7214,8.7214,8.7214,8.7214,8.7214,8.7214,8.7214,8.7214,8.7214,8.7214,8.7214,8.7214,8.7214,8.7214,8.7214,8.7214,8.7214,8.7214,8.7214,8.7214,8.7214,8.7214,8.7214,8.7214,8.7214,8.7214,8.7214,8.7214,8.7214,8.7214,8.7214,8.7214,8.7214,8.7214,8.7214,8.7214,8.7214,8.7214,8.7214,8.7214,8.7214,8.7214,8.7214,8.7214,8.7214,8.7214,8.7214,8.7214,8.7214,8.7214,8.7214,8.7214,8.7214,8.7214,8.7214,8.7214,8.7214,8.7214,8.7214,8.7214,8.7214,8.7214,8.7214,8.7214,8.7214,8.7214,8.7214,8.7214,8.7214,8.7214,8.7214,8.7214,8.7214,8.7214,8.7214,8.7214,8.7214,8.7214,8.7214,8.7214,8.7214,8.7214,8.7214,8.7214,8.7214,8.7214,8.7214,8.7214,8.7214,8.7214,8.7214,8.7214,8.7214,8.7214,8.7214,8.7214,8.7214,8.7214,8.7214,8.7214,8.7214,8.7214,8.7214,8.7214,8.7214,8.7214,8.7214,8.7214,8.7214,8.7214,8.7214,8.7214,8.7214,8.7214,8.7214,8.7214,8.7214,8.7214,8.7214,8.7214,8.7214,8.7214,8.7214,8.7214,8.7214,8.7214,8.7214,8.7214,8.7214,8.7214,8.7214,8.7214,8.7214,8.7214,8.7214,8.7214,8.7214,8.7214,8.7214,8.7214,8.7214,8.7214,8.7214,8.7214,8.7214,8.7214,8.7214,8.7214,8.7214,8.7214,8.7214,8.7214,8.7214,8.7214,8.7214,8.7214,8.7214,8.7214,8.7214,8.7214,8.7214,8.7214,8.7214,8.7214,8.7214,8.7214,8.7214,8.7214,8.7214,8.7214,8.7214,8.7214,8.7214,8.7214,8.7214,8.7214,8.7214,8.7214,8.7214,8.7214,8.7214,8.7214,8.7214,8.7214,8.7214,8.7214,8.7214,8.7214,8.7214,8.7214,8.7214,8.7214,8.7214,8.7214,8.7214,8.7214,8.7214,8.7214,8.7214,8.7214,8.7214,8.7214,8.7214,8.7214,8.7214,8.7214,8.7214,8.7214,8.7214,8.7214,8.7214,8.7214,8.7214,8.7214,8.7214,8.7214,8.7214,8.7214,8.7214,8.7214,8.7214,8.7214,8.7214,8.7214,8.7214,8.7214,8.7214,8.7214,8.7214,8.7214,8.7214,8.7214,8.7214,8.7214,8.7214,8.7214,8.7214,8.7214,8.7214,8.7214,8.7214,8.7214,8.7214,8.7214,8.7214,8.7214,8.7214,8.7214,8.7214,8.7214,8.7214,8.7214,8.7214,8.7214,8.7214,8.7214,8.7214,8.7214,8.7214,8.7214,8.7214,8.7214,8.7214,8.7214,8.7214,8.7214,8.7214,8.7214,8.7214,8.7214,8.7214,8.7214,8.7214,8.7214,8.7214,8.7214,8.7214,8.7214,8.7214,8.7214,8.7214,8.7214,8.7214,8.7214,8.7214,8.7214,8.7214,8.7214,8.7214,8.7214,8.7214,8.7214,8.7214,8.7214,8.7214,8.7214,8.7214,8.7214,8.7214,8.7214,8.7214,8.7214
8.7119,8.7119,8.7119,8.7119,8.7119,8.7119,8.7119,8.7119,8.7119,8.7119,8.7119,8.7119,8.7119,8.7119,8.7119,8.7119,8.7119,8.7119,8.7119,8.7119,8.7119,8.7119,8.7119,8.7119,8.7119,8.7119,8.7119,8.7119,8.7119,8.7119,8.7119,8.7119,8.7119,8.7119,8.7119,8.7119,8.7119,8.7119,8.7119,8.7119,8.7119,8.7119,8.7119,8.7119,8.7119,8.7119,8.7119,8.7119,8.7119,8.7119,8.7119,8.7119,8.7119,8.7119,8.7119,8.7119,8.7119,8.7119,8.7119,8.7119,8.7119,8.7119,8.7119,8.7119,8.7119,8.7119,8.7119,8.7119,8.7119,8.7119,8.7119,8.7119,8.7119,8.7119,8.7119,8.7119,8.7119,8.7119,8.7119,8.7119,8.7119,8.7119,8.7119,8.7119,8.7119,8.7119,8.7119,8.7119,8.7119,8.7119,8.7119,8.7119,8.7119,8.7119,8.7119,8.7119,8.7119,8.7119,8.7119,8.7119,8.7119,8.7119,8.7119,8.7119,8.7119,8.7119,8.7119,8.7119,8.7119,8.7119,8.7119,8.7119,8.7119,8.7119,8.7119,8.7119,8.7119,8.7119,8.7119,8.7119,8.7119,8.7119,8.7119,8.7119,8.7119,8.7119,8.7119,8.7119,8.7119,8.7119,8.7119,8.7119,8.7119,8.7119,8.7119,8.7119,8.7119,8.7119,8.7119,8.7119,8.7119,8.7119,8.7119,8.7119,8.7119,8.7119,8.7119,8.7119,8.7119,8.7119,8.7119,8.7119,8.7119,8.7119,8.7119,8.7119,8.7119,8.7119,8.7119,8.7119,8.7119,8.7119,8.7119,8.7119,8.7119,8.7119,8.7119,8.7119,8.7119,8.7119,8.7119,8.7119,8.7119,8.7119,8.7119,8.7119,8.7119,8.7119,8.7119,8.7119,8.7119,8.7119,8.7119,8.7119,8.7119,8.7119,8.7119,8.7119,8.7119,8.7119,8.7119,8.7119,8.7119,8.7119,8.7119,8.7119,8.7119,8.7119,8.7119,8.7119,8.7119,8.7119,8.7119,8.7119,8.7119,8.7119,8.7119,8.7119,8.7119,8.7119,8.7119,8.7119,8.7119,8.7119,8.7119,8.7119,8.7119,8.7119,8.7119,8.7119,8.7119,8.7119,8.7119,8.7119,8.7119,8.7119,8.7119,8.7119,8.7119,8.7119,8.7119,8.7119,8.7119,8.7119,8.7119,8.7119,8.7119,8.7119,8.7119,8.7119,8.7119,8.7119,8.7119,8.7119,8.7119,8.7119,8.7119,8.7119,8.7119,8.7119,8.7119,8.7119,8.7119,8.7119,8.7119,8.7119,8.7119,8.7119,8.7119,8.7119,8.7119,8.7119,8.7119,8.7119,8.7119,8.7119,8.7119,8.7119,8.7119,8.7119,8.7119,8.7119,8.7119,8.7119,8.7119,8.7119,8.7119,8.7119,8.7119,8.7119,8.7119,8.7119,8.7119,8.7119,8.7119,8.7119,8.7119,8.7119,8.7119,8.7119,8.7119,8.7119,8.7119,8.7119,8.7119,8.7119,8.7119,8.7119,8.7119,8.7119,8.7119,8.7119,8.7119,8.7119,8.7119,8.7119,8.7119,8.7119,8.7119,8.7119,8.7119,8.7119,8.7119,8.7119,8.7119,8.7119,8.7119,8.7119,8.7119,8.7119,8.7119,8.7119,8.7119,8.7119,8.7119,8.7119,8.7119,8.7119,8.7119,8.7119,8.7119,8.7119,8.7119,8.7119,8.7119,8.7119,8.7119,8.7119,8.7119,8.7119,8.7119,8.7119,8.7119,8.7119,8.7119,8.7119,8.7119,8.7119,8.7119,8.7119,8.7119,8.7119,8.7119,8.7119,8.7119,8.7119,8.7119,8.7119,8.7119,8.7119,8.7119,8.7119,8.7119,8.7119,8.7119,8.7119,8.7119,8.7119,8.7119,8.7119,8.7119,8.7119,8.7119,8.7119,8.7119,8.7119,8.7119,8.7119,8.7119,8.7119,8.7119,8.7119,8.7119,8.7119,8.7119,8.7119,8.7119,8.7119,8.7119,8.7119,8.7119,8.7119,8.7119,8.7119,8.7119,8.7119,8.7119,8.7119,8.7119,8.7119,8.7119,8.7119,8.7119,8.7119,8.7119,8.7119,8.7119,8.7119,8.7119,8.7119,8.7119,8.7119,8.7119,8.7119,8.7119,8.7119,8.7119,8.7119,8.7119,8.7119,8.7119,8.7119,8.7119,8.7119,8.7119,8.7119,8.7119,8.7119,8.7119,8.7119,8.7119,8.7119,8.7119,8.7119,8.7119,8.7119,8.7119,8.7119,8.7119,8.7119,8.7119,8.7119,8.7119,8.7119,8.7119,8.7119,8.7119,8.7119,8.7119,8.7119,8.7119,8.7119,8.7119,8.7119,8.7119,8.7119,8.7119,8.7119,8.7119,8.7119,8.7119,8.7119,8.7119,8.7119,8.7119,8.7119,8.7119,8.7119,8.7119,8.7119,8.7119,8.7119,8.7119,8.7119,8.7119,8.7119,8.7119,8.7119,8.7119,8.7119,8.7119,8.7119,8.7119,8.7119,8.7119,8.7119,8.7119,8.7119,8.7119,8.7119,8.7119,8.7119,8.7119,8.7119,8.7119,8.7119,8.7119,8.7119,8.7119,8.7119,8.7119,8.7119,8.7119,8.7119,8.7119,8.7119,8.7119,8.7119,8.7119,8.7119,8.7119,8.7119,8.7119,8.7119,8.7119,8.7119,8.7119,8.7119,8.7119,8.7119,8.7119,8.7119,8.7119,8.7119,8.7119,8.7119,8.7119,8.7119,8.7119,8.7119,8.7119,8.7119,8.7119,8.7119,8.7119,8.7119,8.7119,8.7119,8.7119,8.7119,8.7119,8.7119,8.7119,8.7119,8.7119,8.7119,8.7119,8.7119,8.7119,8.7119,8.7119,8.7119,8.7119,8.7119,8.7119,8.7119,8.7119,8.7119,8.7119,8.7119,8.7119,8.7119,8.7119,8.7119,8.7119,8.7119,8.7119,8.7119,8.7119,8.7119,8.7119,8.7119,8.7119,8.7119,8.7119,8.7119,8.7119,8.7119,8.7119,8.7119,8.7119,8.7119,8.7119,8.7119,8.7119,8.7119,8.7119,8.7119,8.7119,8.7119,8.7119,8.7119,8.7119,8.7119,8.7119,8.7119,8.7119,8.7119,8.7119,8.7119,8.7119,8.7119,8.7119,8.7119,8.7119,8.7119,8.7119,8.7119,8.7119,8.7119,8.7119,8.7119,8.7119,8.7119,8.7119,8.7119,8.7119,8.7119,8.7119,8.7119,8.7119,8.7119,8.7119,8.7119,8.7119,8.7119,8.7119,8.7119,8.7119,8.7119,8.7119,8.7119,8.7119,8.7119,8.7119,8.7119,8.7119,8.7119,8.7119,8.7119,8.7119,8.7119,8.7119,8.7119,8.7119,8.7119,8.7119,8.7119,8.7119,8.7119,8.7119,8.7119,8.7119,8.7119,8.7119,8.7119,8.7119,8.7119,8.7119,8.7119,8.7119,8.7119,8.7119,8.7119,8.7119,8.7119,8.7119,8.7119,8.7119,8.7119,8.7119,8.7119,8.7119,8.7119,8.7119,8.7119,8.7119,8.7119,8.7119,8.7119,8.7119,8.7119,8.7119,8.7119,8.7119,8.7119,8.7119,8.7119,8.7119,8.7119,8.7119,8.7119,8.7119,8.7119,8.7119,8.7119,8.7119,8.7119,8.7119,8.7119,8.7119,8.7119,8.7119,8.7119,8.7119,8.7119,8.7119,8.7119,8.7119,8.7119,8.7119,8.7119,8.7119,8.7119,8.7119,8.7119,8.7119,8.7119,8.7119,8.7119,8.7119,8.7119,8.7119,8.7119,8.7119,8.7119,8.7119,8.7119,8.7119,8.7119,8.7119,8.7119,8.7119,8.7119,8.7119,8.7119,8.7119,8.7119,8.7119,8.7119,8.7119,8.7119,8.7119,8.7119,8.7119,8.7119,8.7119,8.7119,8.7119,8.7119,8.7119,8.7119,8.7119,8.7119,8.7119,8.7119,8.7119,8.7119,8.7119,8.7119,8.7119,8.7119,8.7119,8.7119,8.7119,8.7119,8.7119,8.7119,8.7119,8.7119,8.7119,8.7119,8.7119,8.7119,8.7119,8.7119,8.7119,8.7119,8.7119,8.7119,8.7119,8.7119,8.7119,8.7119,8.7119,8.7119,8.7119,8.7119,8.7119,8.7119,8.7119,8.7119,8.7119,8.7119,8.7119,8.7119,8.7119,8.7119,8.7119,8.7119,8.7119,8.7119,8.7119,8.7119,8.7119,8.7119,8.7119,8.7119,8.7119,8.7119,8.7119,8.7119,8.7119,8.7119,8.7119,8.7119,8.7119,8.7119,8.7119,8.7119,8.7119,8.7119,8.7119,8.7119,8.7119,8.7119,8.7119,8.7119,8.7119,8.7119,8.7119,8.7119,8.7119,8.7119,8.7119,8.7119,8.7119,8.7119,8.7119,8.7119,8.7119,8.7119,8.7119,8.7119,8.7119,8.7119,8.7119,8.7119,8.7119,8.7119,8.7119,8.7119,8.7119,8.7119,8.7119,8.7119,8.7119,8.7119,8.7119,8.7119,8.7119,8.7119,8.7119,8.7119,8.7119,8.7119,8.7119,8.7119,8.7119,8.7119,8.7119,8.7119,8.7119,8.7119,8.7119,8.7119,8.7119,8.7119,8.7119,8.7119,8.7119,8.7119,8.7119,8.7119,8.7119,8.7119,8.7119,8.7119,8.7119,8.7119,8.7119,8.7119,8.7119,8.7119,8.7119,8.7119,8.7119,8.7119,8.7119,8.7119,8.7119,8.7119,8.7119,8.7119,8.7119,8.7119,8.7119,8.7119,8.7119,8.7119,8.7119,8.7119,8.7119,8.7119,8.7119,8.7119,8.7119,8.7119,8.7119,8.7119,8.7119,8.7119,8.7119,8.7119,8.7119,8.7119,8.7119,8.7119,8.7119,8.7119,8.7119,8.7119,8.7119,8.7119,8.7119,8.7119,8.7119,8.7119,8.7119,8.7119,8.7119,8.7119,8.7119,8.7119,8.7119,8.7119,8.7119,8.7119,8.7119,8.7119,8.7119,8.7119,8.7119,8.7119,8.7119,8.7119,8.7119,8.7119,8.7119,8.7119
8.7043,8.7043,8.7043,8.7043,8.7043,8.7043,8.7043,8.7043,8.7043,8.7043,8.7043,8.7043,8.7043,8.7043,8.7043,8.7043,8.7043,8.7043,8.7043,8.7043,8.7043,8.7043,8.7043,8.7043,8.7043,8.7043,8.7043,8.7043,8.7043,8.7043,8.7043,8.7043,8.7043,8.7043,8.7043,8.7043,8.7043,8.7043,8.7043,8.7043,8.7043,8.7043,8.7043,8.7043,8.7043,8.7043,8.7043,8.7043,8.7043,8.7043,8.7043,8.7043,8.7043,8.7043,8.7043,8.7043,8.7043,8.7043,8.7043,8.7043,8.7043,8.7043,8.7043,8.7043,8.7043,8.7043,8.7043,8.7043,8.7043,8.7043,8.7043,8.7043,8.7043,8.7043,8.7043,8.7043,8.7043,8.7043,8.7043,8.7043,8.7043,8.7043,8.7043,8.7043,8.7043,8.7043,8.7043,8.7043,8.7043,8.7043,8.7043,8.7043,8.7043,8.7043,8.7043,8.7043,8.7043,8.7043,8.7043,8.7043,8.7043,8.7043,8.7043,8.7043,8.7043,8.7043,8.7043,8.7043,8.7043,8.7043,8.7043,8.7043,8.7043,8.7043,8.7043,8.7043,8.7043,8.7043,8.7043,8.7043,8.7043,8.7043,8.7043,8.7043,8.7043,8.7043,8.7043,8.7043,8.7043,8.7043,8.7043,8.7043,8.7043,8.7043,8.7043,8.7043,8.7043,8.7043,8.7043,8.7043,8.7043,8.7043,8.7043,8.7043,8.7043,8.7043,8.7043,8.7043,8.7043,8.7043,8.7043,8.7043,8.7043,8.7043,8.7043,8.7043,8.7043,8.7043,8.7043,8.7043,8.7043,8.7043,8.7043,8.7043,8.7043,8.7043,8.7043,8.7043,8.7043,8.7043,8.7043,8.7043,8.7043,8.7043,8.7043,8.7043,8.7043,8.7043,8.7043,8.7043,8.7043,8.7043,8.7043,8.7043,8.7043,8.7043,8.7043,8.7043,8.7043,8.7043,8.7043,8.7043,8.7043,8.7043,8.7043,8.7043,8.7043,8.7043,8.7043,8.7043,8.7043,8.7043,8.7043,8.7043,8.7043,8.7043,8.7043,8.7043,8.7043,8.7043,8.7043,8.7043,8.7043,8.7043,8.7043,8.7043,8.7043,8.7043,8.7043,8.7043,8.7043,8.7043,8.7043,8.7043,8.7043,8.7043,8.7043,8.7043,8.7043,8.7043,8.7043,8.7043,8.7043,8.7043,8.7043,8.7043,8.7043,8.7043,8.7043,8.7043,8.7043,8.7043,8.7043,8.7043,8.7043,8.7043,8.7043,8.7043,8.7043,8.7043,8.7043,8.7043,8.7043,8.7043,8.7043,8.7043,8.7043,8.7043,8.7043,8.7043,8.7043,8.7043,8.7043,8.7043,8.7043,8.7043,8.7043,8.7043,8.7043,8.7043,8.7043,8.7043,8.7043,8.7043,8.7043,8.7043,8.7043,8.7043,8.7043,8.7043,8.7043,8.7043,8.7043,8.7043,8.7043,8.7043,8.7043,8.7043,8.7043,8.7043,8.7043,8.7043,8.7043,8.7043,8.7043,8.7043,8.7043,8.7043,8.7043,8.7043,8.7043,8.7043,8.7043,8.7043,8.7043,8.7043,8.7043,8.7043,8.7043,8.7043,8.7043,8.7043,8.7043,8.7043,8.7043,8.7043,8.7043,8.7043,8.7043,8.7043,8.7043,8.7043,8.7043,8.7043,8.7043,8.7043,8.7043,8.7043,8.7043,8.7043,8.7043,8.7043,8.7043,8.7043,8.7043,8.7043,8.7043,8.7043,8.7043,8.7043,8.7043,8.7043,8.7043,8.7043,8.7043,8.7043,8.7043,8.7043,8.7043,8.7043,8.7043,8.7043,8.7043,8.7043,8.7043,8.7043,8.7043,8.7043,8.7043,8.7043,8.7043,8.7043,8.7043,8.7043,8.7043,8.7043,8.7043,8.7043,8.7043,8.7043,8.7043,8.7043,8.7043,8.7043,8.7043,8.7043,8.7043,8.7043,8.7043,8.7043,8.7043,8.7043,8.7043,8.7043,8.7043,8.7043,8.7043,8.7043,8.7043,8.7043,8.7043,8.7043,8.7043,8.7043,8.7043,8.7043,8.7043,8.7043,8.7043,8.7043,8.7043,8.7043,8.7043,8.7043,8.7043,8.7043,8.7043,8.7043,8.7043,8.7043,8.7043,8.7043,8.7043,8.7043,8.7043,8.7043,8.7043,8.7043,8.7043,8.7043,8.7043,8.7043,8.7043,8.7043,8.7043,8.7043,8.7043,8.7043,8.7043,8.7043,8.7043,8.7043,8.7043,8.7043,8.7043,8.7043,8.7043,8.7043,8.7043,8.7043,8.7043,8.7043,8.7043,8.7043,8.7043,8.7043,8.7043,8.7043,8.7043,8.7043,8.7043,8.7043,8.7043,8.7043,8.7043,8.7043,8.7043,8.7043,8.7043,8.7043,8.7043,8.7043,8.7043,8.7043,8.7043,8.7043,8.7043,8.7043,8.7043,8.7043,8.7043,8.7043,8.7043,8.7043,8.7043,8.7043,8.7043,8.7043,8.7043,8.7043,8.7043,8.7043,8.7043,8.7043,8.7043,8.7043,8.7043,8.7043,8.7043,8.7043,8.7043,8.7043,8.7043,8.7043,8.7043,8.7043,8.7043,8.7043,8.7043,8.7043,8.7043,8.7043,8.7043,8.7043,8.7043,8.7043,8.7043,8.7043,8.7043,8.7043,8.7043,8.7043,8.7043,8.7043,8.7043,8.7043,8.7043,8.7043,8.7043,8.7043,8.7043,8.7043,8.7043,8.7043,8.7043,8.7043,8.7043,8.7043,8.7043,8.7043,8.7043,8.7043,8.7043,8.7043,8.7043,8.7043,8.7043,8.7043,8.7043,8.7043,8.7043,8.7043,8.7043,8.7043,8.7043,8.7043,8.7043,8.7043,8.7043,8.7043,8.7043,8.7043,8.7043,8.7043,8.7043,8.7043,8.7043,8.7043,8.7043,8.7043,8.7043,8.7043,8.7043,8.7043,8.7043,8.7043,8.7043,8.7043,8.7043,8.7043,8.7043,8.7043,8.7043,8.7043,8.7043,8.7043,8.7043,8.7043,8.7043,8.7043,8.7043,8.7043,8.7043,8.7043,8.7043,8.7043,8.7043,8.7043,8.7043,8.7043,8.7043,8.7043,8.7043,8.7043,8.7043,8.7043,8.7043,8.7043,8.7043,8.7043,8.7043,8.7043,8.7043,8.7043,8.7043,8.7043,8.7043,8.7043,8.7043,8.7043,8.7043,8.7043,8.7043,8.7043,8.7043,8.7043,8.7043,8.7043,8.7043,8.7043,8.7043,8.7043,8.7043,8.7043,8.7043,8.7043,8.7043,8.7043,8.7043,8.7043,8.7043,8.7043,8.7043,8.7043,8.7043,8.7043,8.7043,8.7043,8.7043,8.7043,8.7043,8.7043,8.7043,8.7043,8.7043,8.7043,8.7043,8.7043,8.7043,8.7043,8.7043,8.7043,8.7043,8.7043,8.7043,8.7043,8.7043,8.7043,8.7043,8.7043,8.7043,8.7043,8.7043,8.7043,8.7043,8.7043,8.7043,8.7043,8.7043,8.7043,8.7043,8.7043,8.7043,8.7043,8.7043,8.7043,8.7043,8.7043,8.7043,8.7043,8.7043,8.7043,8.7043,8.7043,8.7043,8.7043,8.7043,8.7043,8.7043,8.7043,8.7043,8.7043,8.7043,8.7043,8.7043,8.7043,8.7043,8.7043,8.7043,8.7043,8.7043,8.7043,8.7043,8.7043,8.7043,8.7043,8.7043,8.7043,8.7043,8.7043,8.7043,8.7043,8.7043,8.7043,8.7043,8.7043,8.7043,8.7043,8.7043,8.7043,8.7043,8.7043,8.7043,8.7043,8.7043,8.7043,8.7043,8.7043,8.7043,8.7043,8.7043,8.7043,8.7043,8.7043,8.7043,8.7043,8.7043,8.7043,8.7043,8.7043,8.7043,8.7043,8.7043,8.7043,8.7043,8.7043,8.7043,8.7043,8.7043,8.7043,8.7043,8.7043,8.7043,8.7043,8.7043,8.7043,8.7043,8.7043,8.7043,8.7043,8.7043,8.7043,8.7043,8.7043,8.7043,8.7043,8.7043,8.7043,8.7043,8.7043,8.7043,8.7043,8.7043,8.7043,8.7043,8.7043,8.7043,8.7043,8.7043,8.7043,8.7043,8.7043,8.7043,8.7043,8.7043,8.7043,8.7043,8.7043,8.7043,8.7043,8.7043,8.7043,8.7043,8.7043,8.7043,8.7043,8.7043,8.7043,8.7043,8.7043,8.7043,8.7043,8.7043,8.7043,8.7043,8.7043,8.7043,8.7043,8.7043,8.7043,8.7043,8.7043,8.7043,8.7043,8.7043,8.7043,8.7043,8.7043,8.7043,8.7043,8.7043,8.7043,8.7043,8.7043,8.7043,8.7043,8.7043,8.7043,8.7043,8.7043,8.7043,8.7043,8.7043,8.7043,8.7043,8.7043,8.7043,8.7043,8.7043,8.7043,8.7043,8.7043,8.7043,8.7043,8.7043,8.7043,8.7043,8.7043,8.7043,8.7043,8.7043,8.7043,8.7043,8.7043,8.7043,8.7043,8.7043,8.7043,8.7043,8.7043,8.7043,8.7043,8.7043,8.7043,8.7043,8.7043,8.7043,8.7043,8.7043,8.7043,8.7043,8.7043,8.7043,8.7043,8.7043,8.7043,8.7043,8.7043,8.7043,8.7043,8.7043,8.7043,8.7043,8.7043,8.7043,8.7043,8.7043,8.7043,8.7043,8.7043,8.7043,8.7043,8.7043,8.7043,8.7043,8.7043,8.7043,8.7043,8.7043,8.7043,8.7043,8.7043,8.7043,8.7043,8.7043,8.7043,8.7043,8.7043,8.7043,8.7043,8.7043,8.7043,8.7043,8.7043,8.7043,8.7043,8.7043,8.7043,8.7043,8.7043,8.7043,8.7043,8.7043,8.7043,8.7043,8.7043,8.7043,8.7043,8.7043,8.7043,8.7043,8.7043,8.7043,8.7043,8.7043,8.7043,8.7043,8.7043,8.7043,8.7043,8.7043,8.7043,8.7043,8.7043,8.7043,8.7043,8.7043,8.7043,8.7043,8.7043,8.7043,8.7043,8.7043,8.7043,8.7043,8.7043,8.7043,8.7043,8.7043,8.7043
8.6957,8.6957,8.6957,8.6957,8.6957,8.6957,8.6957,8.6957,8.6957,8.6957,8.6957,8.6957,8.6957,8.6957,8.6957,8.6957,8.6957,8.6957,8.6957,8.6957,8.6957,8.6957,8.6957,8.6957,8.6957,8.6957,8.6957,8.6957,8.6957,8.6957,8.6957,8.6957,8.6957,8.6957,8.6957,8.6957,8.6957,8.6957,8.6957,8.6957,8.6957,8.6957,8.6957,8.6957,8.6957,8.6957,8.6957,8.6957,8.6957,8.6957,8.6957,8.6957,8.6957,8.6957,8.6957,8.6957,8.6957,8.6957,8.6957,8.6957,8.6957,8.6957,8.6957,8.6957,8.6957,8.6957,8.6957,8.6957,8.6957,8.6957,8.6957,8.6957,8.6957,8.6957,8.6957,8.6957,8.6957,8.6957,8.6957,8.6957,8.6957,8.6957,8.6957,8.6957,8.6957,8.6957,8.6957,8.6957,8.6957,8.6957,8.6957,8.6957,8.6957,8.6957,8.6957,8.6957,8.6957,8.6957,8.6957,8.6957,8.6957,8.6957,8.6957,8.6957,8.6957,8.6957,8.6957,8.6957,8.6957,8.6957,8.6957,8.6957,8.6957,8.6957,8.6957,8.6957,8.6957,8.6957,8.6957,8.6957,8.6957,8.6957,8.6957,8.6957,8.6957,8.6957,8.6957,8.6957,8.6957,8.6957,8.6957,8.6957,8.6957,8.6957,8.6957,8.6957,8.6957,8.6957,8.6957,8.6957,8.6957,8.6957,8.6957,8.6957,8.6957,8.6957,8.6957,8.6957,8.6957,8.6957,8.6957,8.6957,8.6957,8.6957,8.6957,8.6957,8.6957,8.6957,8.6957,8.6957,8.6957,8.6957,8.6957,8.6957,8.6957,8.6957,8.6957,8.6957,8.6957,8.6957,8.6957,8.6957,8.6957,8.6957,8.6957,8.6957,8.6957,8.6957,8.6957,8.6957,8.6957,8.6957,8.6957,8.6957,8.6957,8.6957,8.6957,8.6957,8.6957,8.6957,8.6957,8.6957,8.6957,8.6957,8.6957,8.6957,8.6957,8.6957,8.6957,8.6957,8.6957,8.6957,8.6957,8.6957,8.6957,8.6957,8.6957,8.6957,8.6957,8.6957,8.6957,8.6957,8.6957,8.6957,8.6957,8.6957,8.6957,8.6957,8.6957,8.6957,8.6957,8.6957,8.6957,8.6957,8.6957,8.6957,8.6957,8.6957,8.6957,8.6957,8.6957,8.6957,8.6957,8.6957,8.6957,8.6957,8.6957,8.6957,8.6957,8.6957,8.6957,8.6957,8.6957,8.6957,8.6957,8.6957,8.6957,8.6957,8.6957,8.6957,8.6957,8.6957,8.6957,8.6957,8.6957,8.6957,8.6957,8.6957,8.6957,8.6957,8.6957,8.6957,8.6957,8.6957,8.6957,8.6957,8.6957,8.6957,8.6957,8.6957,8.6957,8.6957,8.6957,8.6957,8.6957,8.6957,8.6957,8.6957,8.6957,8.6957,8.6957,8.6957,8.6957,8.6957,8.6957,8.6957,8.6957,8.6957,8.6957,8.6957,8.6957,8.6957,8.6957,8.6957,8.6957,8.6957,8.6957,8.6957,8.6957,8.6957,8.6957,8.6957,8.6957,8.6957,8.6957,8.6957,8.6957,8.6957,8.6957,8.6957,8.6957,8.6957,8.6957,8.6957,8.6957,8.6957,8.6957,8.6957,8.6957,8.6957,8.6957,8.6957,8.6957,8.6957,8.6957,8.6957,8.6957,8.6957,8.6957,8.6957,8.6957,8.6957,8.6957,8.6957,8.6957,8.6957,8.6957,8.6957,8.6957,8.6957,8.6957,8.6957,8.6957,8.6957,8.6957,8.6957,8.6957,8.6957,8.6957,8.6957,8.6957,8.6957,8.6957,8.6957,8.6957,8.6957,8.6957,8.6957,8.6957,8.6957,8.6957,8.6957,8.6957,8.6957,8.6957,8.6957,8.6957,8.6957,8.6957,8.6957,8.6957,8.6957,8.6957,8.6957,8.6957,8.6957,8.6957,8.6957,8.6957,8.6957,8.6957,8.6957,8.6957,8.6957,8.6957,8.6957,8.6957,8.6957,8.6957,8.6957,8.6957,8.6957,8.6957,8.6957,8.6957,8.6957,8.6957,8.6957,8.6957,8.6957,8.6957,8.6957,8.6957,8.6957,8.6957,8.6957,8.6957,8.6957,8.6957,8.6957,8.6957,8.6957,8.6957,8.6957,8.6957,8.6957,8.6957,8.6957,8.6957,8.6957,8.6957,8.6957,8.6957,8.6957,8.6957,8.6957,8.6957,8.6957,8.6957,8.6957,8.6957,8.6957,8.6957,8.6957,8.6957,8.6957,8.6957,8.6957,8.6957,8.6957,8.6957,8.6957,8.6957,8.6957,8.6957,8.6957,8.6957,8.6957,8.6957,8.6957,8.6957,8.6957,8.6957,8.6957,8.6957,8.6957,8.6957,8.6957,8.6957,8.6957,8.6957,8.6957,8.6957,8.6957,8.6957,8.6957,8.6957,8.6957,8.6957,8.6957,8.6957,8.6957,8.6957,8.6957,8.6957,8.6957,8.6957,8.6957,8.6957,8.6957,8.6957,8.6957,8.6957,8.6957,8.6957,8.6957,8.6957,8.6957,8.6957,8.6957,8.6957,8.6957,8.6957,8.6957,8.6957,8.6957,8.6957,8.6957,8.6957,8.6957,8.6957,8.6957,8.6957,8.6957,8.6957,8.6957,8.6957,8.6957,8.6957,8.6957,8.6957,8.6957,8.6957,8.6957,8.6957,8.6957,8.6957,8.6957,8.6957,8.6957,8.6957,8.6957,8.6957,8.6957,8.6957,8.6957,8.6957,8.6957,8.6957,8.6957,8.6957,8.6957,8.6957,8.6957,8.6957,8.6957,8.6957,8.6957,8.6957,8.6957,8.6957,8.6957,8.6957,8.6957,8.6957,8.6957,8.6957,8.6957,8.6957,8.6957,8.6957,8.6957,8.6957,8.6957,8.6957,8.6957,8.6957,8.6957,8.6957,8.6957,8.6957,8.6957,8.6957,8.6957,8.6957,8.6957,8.6957,8.6957,8.6957,8.6957,8.6957,8.6957,8.6957,8.6957,8.6957,8.6957,8.6957,8.6957,8.6957,8.6957,8.6957,8.6957,8.6957,8.6957,8.6957,8.6957,8.6957,8.6957,8.6957,8.6957,8.6957,8.6957,8.6957,8.6957,8.6957,8.6957,8.6957,8.6957,8.6957,8.6957,8.6957,8.6957,8.6957,8.6957,8.6957,8.6957,8.6957,8.6957,8.6957,8.6957,8.6957,8.6957,8.6957,8.6957,8.6957,8.6957,8.6957,8.6957,8.6957,8.6957,8.6957,8.6957,8.6957,8.6957,8.6957,8.6957,8.6957,8.6957,8.6957,8.6957,8.6957,8.6957,8.6957,8.6957,8.6957,8.6957,8.6957,8.6957,8.6957,8.6957,8.6957,8.6957,8.6957,8.6957,8.6957,8.6957,8.6957,8.6957,8.6957,8.6957,8.6957,8.6957,8.6957,8.6957,8.6957,8.6957,8.6957,8.6957,8.6957,8.6957,8.6957,8.6957,8.6957,8.6957,8.6957,8.6957,8.6957,8.6957,8.6957,8.6957,8.6957,8.6957,8.6957,8.6957,8.6957,8.6957,8.6957,8.6957,8.6957,8.6957,8.6957,8.6957,8.6957,8.6957,8.6957,8.6957,8.6957,8.6957,8.6957,8.6957,8.6957,8.6957,8.6957,8.6957,8.6957,8.6957,8.6957,8.6957,8.6957,8.6957,8.6957,8.6957,8.6957,8.6957,8.6957,8.6957,8.6957,8.6957,8.6957,8.6957,8.6957,8.6957,8.6957,8.6957,8.6957,8.6957,8.6957,8.6957,8.6957,8.6957,8.6957,8.6957,8.6957,8.6957,8.6957,8.6957,8.6957,8.6957,8.6957,8.6957,8.6957,8.6957,8.6957,8.6957,8.6957,8.6957,8.6957,8.6957,8.6957,8.6957,8.6957,8.6957,8.6957,8.6957,8.6957,8.6957,8.6957,8.6957,8.6957,8.6957,8.6957,8.6957,8.6957,8.6957,8.6957,8.6957,8.6957,8.6957,8.6957,8.6957,8.6957,8.6957,8.6957,8.6957,8.6957,8.6957,8.6957,8.6957,8.6957,8.6957,8.6957,8.6957,8.6957,8.6957,8.6957,8.6957,8.6957,8.6957,8.6957,8.6957,8.6957,8.6957,8.6957,8.6957,8.6957,8.6957,8.6957,8.6957,8.6957,8.6957,8.6957,8.6957,8.6957,8.6957,8.6957,8.6957,8.6957,8.6957,8.6957,8.6957,8.6957,8.6957,8.6957,8.6957,8.6957,8.6957,8.6957,8.6957,8.6957,8.6957,8.6957,8.6957,8.6957,8.6957,8.6957,8.6957,8.6957,8.6957,8.6957,8.6957,8.6957,8.6957,8.6957,8.6957,8.6957,8.6957,8.6957,8.6957,8.6957,8.6957,8.6957,8.6957,8.6957,8.6957,8.6957,8.6957,8.6957,8.6957,8.6957,8.6957,8.6957,8.6957,8.6957,8.6957,8.6957,8.6957,8.6957,8.6957,8.6957,8.6957,8.6957,8.6957,8.6957,8.6957,8.6957,8.6957,8.6957,8.6957,8.6957,8.6957,8.6957,8.6957,8.6957,8.6957,8.6957,8.6957,8.6957,8.6957,8.6957,8.6957,8.6957,8.6957,8.6957,8.6957,8.6957,8.6957,8.6957,8.6957,8.6957,8.6957,8.6957,8.6957,8.6957,8.6957,8.6957,8.6957,8.6957,8.6957,8.6957,8.6957,8.6957,8.6957,8.6957,8.6957,8.6957,8.6957,8.6957,8.6957,8.6957,8.6957,8.6957,8.6957,8.6957,8.6957,8.6957,8.6957,8.6957,8.6957,8.6957,8.6957,8.6957,8.6957,8.6957,8.6957,8.6957,8.6957,8.6957,8.6957,8.6957,8.6957,8.6957,8.6957,8.6957,8.6957,8.6957,8.6957,8.6957,8.6957,8.6957,8.6957,8.6957,8.6957,8.6957,8.6957,8.6957,8.6957,8.6957,8.6957,8.6957,8.6957,8.6957,8.6957,8.6957,8.6957,8.6957,8.6957,8.6957,8.6957,8.6957,8.6957,8.6957,8.6957,8.6957,8.6957,8.6957,8.6957,8.6957,8.6957,8.6957,8.6957
8.6867,8.6867,8.6867,8.6867,8.6867,8.6867,8.6867,8.6867,8.6867,8.6867,8.6867,8.6867,8.6867,8.6867,8.6867,8.6867,8.6867,8.6867,8.6867,8.6867,8.6867,8.6867,8.6867,8.6867,8.6867,8.6867,8.6867,8.6867,8.6867,8.6867,8.6867,8.6867,8.6867,8.6867,8.6867,8.6867,8.6867,8.6867,8.6867,8.6867,8.6867,8.6867,8.6867,8.6867,8.6867,8.6867,8.6867,8.6867,8.6867,8.6867,8.6867,8.6867,8.6867,8.6867,8.6867,8.6867,8.6867,8.6867,8.6867,8.6867,8.6867,8.6867,8.6867,8.6867,8.6867,8.6867,8.6867,8.6867,8.6867,8.6867,8.6867,8.6867,8.6867,8.6867,8.6867,8.6867,8.6867,8.6867,8.6867,8.6867,8.6867,8.6867,8.6867,8.6867,8.6867,8.6867,8.6867,8.6867,8.6867,8.6867,8.6867,8.6867,8.6867,8.6867,8.6867,8.6867,8.6867,8.6867,8.6867,8.6867,8.6867,8.6867,8.6867,8.6867,8.6867,8.6867,8.6867,8.6867,8.6867,8.6867,8.6867,8.6867,8.6867,8.6867,8.6867,8.6867,8.6867,8.6867,8.6867,8.6867,8.6867,8.6867,8.6867,8.6867,8.6867,8.6867,8.6867,8.6867,8.6867,8.6867,8.6867,8.6867,8.6867,8.6867,8.6867,8.6867,8.6867,8.6867,8.6867,8.6867,8.6867,8.6867,8.6867,8.6867,8.6867,8.6867,8.6867,8.6867,8.6867,8.6867,8.6867,8.6867,8.6867,8.6867,8.6867,8.6867,8.6867,8.6867,8.6867,8.6867,8.6867,8.6867,8.6867,8.6867,8.6867,8.6867,8.6867,8.6867,8.6867,8.6867,8.6867,8.6867,8.6867,8.6867,8.6867,8.6867,8.6867,8.6867,8.6867,8.6867,8.6867,8.6867,8.6867,8.6867,8.6867,8.6867,8.6867,8.6867,8.6867,8.6867,8.6867,8.6867,8.6867,8.6867,8.6867,8.6867,8.6867,8.6867,8.6867,8.6867,8.6867,8.6867,8.6867,8.6867,8.6867,8.6867,8.6867,8.6867,8.6867,8.6867,8.6867,8.6867,8.6867,8.6867,8.6867,8.6867,8.6867,8.6867,8.6867,8.6867,8.6867,8.6867,8.6867,8.6867,8.6867,8.6867,8.6867,8.6867,8.6867,8.6867,8.6867,8.6867,8.6867,8.6867,8.6867,8.6867,8.6867,8.6867,8.6867,8.6867,8.6867,8.6867,8.6867,8.6867,8.6867,8.6867,8.6867,8.6867,8.6867,8.6867,8.6867,8.6867,8.6867,8.6867,8.6867,8.6867,8.6867,8.6867,8.6867,8.6867,8.6867,8.6867,8.6867,8.6867,8.6867,8.6867,8.6867,8.6867,8.6867,8.6867,8.6867,8.6867,8.6867,8.6867,8.6867,8.6867,8.6867,8.6867,8.6867,8.6867,8.6867,8.6867,8.6867,8.6867,8.6867,8.6867,8.6867,8.6867,8.6867,8.6867,8.6867,8.6867,8.6867,8.6867,8.6867,8.6867,8.6867,8.6867,8.6867,8.6867,8.6867,8.6867,8.6867,8.6867,8.6867,8.6867,8.6867,8.6867,8.6867,8.6867,8.6867,8.6867,8.6867,8.6867,8.6867,8.6867,8.6867,8.6867,8.6867,8.6867,8.6867,8.6867,8.6867,8.6867,8.6867,8.6867,8.6867,8.6867,8.6867,8.6867,8.6867,8.6867,8.6867,8.6867,8.6867,8.6867,8.6867,8.6867,8.6867,8.6867,8.6867,8.6867,8.6867,8.6867,8.6867,8.6867,8.6867,8.6867,8.6867,8.6867,8.6867,8.6867,8.6867,8.6867,8.6867,8.6867,8.6867,8.6867,8.6867,8.6867,8.6867,8.6867,8.6867,8.6867,8.6867,8.6867,8.6867,8.6867,8.6867,8.6867,8.6867,8.6867,8.6867,8.6867,8.6867,8.6867,8.6867,8.6867,8.6867,8.6867,8.6867,8.6867,8.6867,8.6867,8.6867,8.6867,8.6867,8.6867,8.6867,8.6867,8.6867,8.6867,8.6867,8.6867,8.6867,8.6867,8.6867,8.6867,8.6867,8.6867,8.6867,8.6867,8.6867,8.6867,8.6867,8.6867,8.6867,8.6867,8.6867,8.6867,8.6867,8.6867,8.6867,8.6867,8.6867,8.6867,8.6867,8.6867,8.6867,8.6867,8.6867,8.6867,8.6867,8.6867,8.6867,8.6867,8.6867,8.6867,8.6867,8.6867,8.6867,8.6867,8.6867,8.6867,8.6867,8.6867,8.6867,8.6867,8.6867,8.6867,8.6867,8.6867,8.6867,8.6867,8.6867,8.6867,8.6867,8.6867,8.6867,8.6867,8.6867,8.6867,8.6867,8.6867,8.6867,8.6867,8.6867,8.6867,8.6867,8.6867,8.6867,8.6867,8.6867,8.6867,8.6867,8.6867,8.6867,8.6867,8.6867,8.6867,8.6867,8.6867,8.6867,8.6867,8.6867,8.6867,8.6867,8.6867,8.6867,8.6867,8.6867,8.6867,8.6867,8.6867,8.6867,8.6867,8.6867,8.6867,8.6867,8.6867,8.6867,8.6867,8.6867,8.6867,8.6867,8.6867,8.6867,8.6867,8.6867,8.6867,8.6867,8.6867,8.6867,8.6867,8.6867,8.6867,8.6867,8.6867,8.6867,8.6867,8.6867,8.6867,8.6867,8.6867,8.6867,8.6867,8.6867,8.6867,8.6867,8.6867,8.6867,8.6867,8.6867,8.6867,8.6867,8.6867,8.6867,8.6867,8.6867,8.6867,8.6867,8.6867,8.6867,8.6867,8.6867,8.6867,8.6867,8.6867,8.6867,8.6867,8.6867,8.6867,8.6867,8.6867,8.6867,8.6867,8.6867,8.6867,8.6867,8.6867,8.6867,8.6867,8.6867,8.6867,8.6867,8.6867,8.6867,8.6867,8.6867,8.6867,8.6867,8.6867,8.6867,8.6867,8.6867,8.6867,8.6867,8.6867,8.6867,8.6867,8.6867,8.6867,8.6867,8.6867,8.6867,8.6867,8.6867,8.6867,8.6867,8.6867,8.6867,8.6867,8.6867,8.6867,8.6867,8.6867,8.6867,8.6867,8.6867,8.6867,8.6867,8.6867,8.6867,8.6867,8.6867,8.6867,8.6867,8.6867,8.6867,8.6867,8.6867,8.6867,8.6867,8.6867,8.6867,8.6867,8.6867,8.6867,8.6867,8.6867,8.6867,8.6867,8.6867,8.6867,8.6867,8.6867,8.6867,8.6867,8.6867,8.6867,8.6867,8.6867,8.6867,8.6867,8.6867,8.6867,8.6867,8.6867,8.6867,8.6867,8.6867,8.6867,8.6867,8.6867,8.6867,8.6867,8.6867,8.6867,8.6867,8.6867,8.6867,8.6867,8.6867,8.6867,8.6867,8.6867,8.6867,8.6867,8.6867,8.6867,8.6867,8.6867,8.6867,8.6867,8.6867,8.6867,8.6867,8.6867,8.6867,8.6867,8.6867,8.6867,8.6867,8.6867,8.6867,8.6867,8.6867,8.6867,8.6867,8.6867,8.6867,8.6867,8.6867,8.6867,8.6867,8.6867,8.6867,8.6867,8.6867,8.6867,8.6867,8.6867,8.6867,8.6867,8.6867,8.6867,8.6867,8.6867,8.6867,8.6867,8.6867,8.6867,8.6867,8.6867,8.6867,8.6867,8.6867,8.6867,8.6867,8.6867,8.6867,8.6867,8.6867,8.6867,8.6867,8.6867,8.6867,8.6867,8.6867,8.6867,8.6867,8.6867,8.6867,8.6867,8.6867,8.6867,8.6867,8.6867,8.6867,8.6867,8.6867,8.6867,8.6867,8.6867,8.6867,8.6867,8.6867,8.6867,8.6867,8.6867,8.6867,8.6867,8.6867,8.6867,8.6867,8.6867,8.6867,8.6867,8.6867,8.6867,8.6867,8.6867,8.6867,8.6867,8.6867,8.6867,8.6867,8.6867,8.6867,8.6867,8.6867,8.6867,8.6867,8.6867,8.6867,8.6867,8.6867,8.6867,8.6867,8.6867,8.6867,8.6867,8.6867,8.6867,8.6867,8.6867,8.6867,8.6867,8.6867,8.6867,8.6867,8.6867,8.6867,8.6867,8.6867,8.6867,8.6867,8.6867,8.6867,8.6867,8.6867,8.6867,8.6867,8.6867,8.6867,8.6867,8.6867,8.6867,8.6867,8.6867,8.6867,8.6867,8.6867,8.6867,8.6867,8.6867,8.6867,8.6867,8.6867,8.6867,8.6867,8.6867,8.6867,8.6867,8.6867,8.6867,8.6867,8.6867,8.6867,8.6867,8.6867,8.6867,8.6867,8.6867,8.6867,8.6867,8.6867,8.6867,8.6867,8.6867,8.6867,8.6867,8.6867,8.6867,8.6867,8.6867,8.6867,8.6867,8.6867,8.6867,8.6867,8.6867,8.6867,8.6867,8.6867,8.6867,8.6867,8.6867,8.6867,8.6867,8.6867,8.6867,8.6867,8.6867,8.6867,8.6867,8.6867,8.6867,8.6867,8.6867,8.6867,8.6867,8.6867,8.6867,8.6867,8.6867,8.6867,8.6867,8.6867,8.6867,8.6867,8.6867,8.6867,8.6867,8.6867,8.6867,8.6867,8.6867,8.6867,8.6867,8.6867,8.6867,8.6867,8.6867,8.6867,8.6867,8.6867,8.6867,8.6867,8.6867,8.6867,8.6867,8.6867,8.6867,8.6867,8.6867,8.6867,8.6867,8.6867,8.6867,8.6867,8.6867,8.6867,8.6867,8.6867,8.6867,8.6867,8.6867,8.6867,8.6867,8.6867,8.6867,8.6867,8.6867,8.6867,8.6867,8.6867,8.6867,8.6867,8.6867,8.6867,8.6867,8.6867,8.6867,8.6867,8.6867,8.6867,8.6867,8.6867,8.6867,8.6867,8.6867,8.6867,8.6867,8.6867,8.6867,8.6867,8.6867,8.6867,8.6867,8.6867,8.6867,8.6867,8.6867,8.6867,8.6867,8.6867,8.6867,8.6867,8.6867,8.6867,8.6867,8.6867,8.6867,8.6867,8.6867,8.6867,8.6867,8.6867,8.6867,8.6867,8.6867,8.6867,8.6867,8.6867,8.6867,8.6867,8.6867,8.6867,8.6867
8.6791,8.6791,8.6791,8.6791,8.6791,8.6791,8.6791,8.6791,8.6791,8.6791,8.6791,8.6791,8.6791,8.6791,8.6791,8.6791,8.6791,8.6791,8.6791,8.6791,8.6791,8.6791,8.6791,8.6791,8.6791,8.6791,8.6791,8.6791,8.6791,8.6791,8.6791,8.6791,8.6791,8.6791,8.6791,8.6791,8.6791,8.6791,8.6791,8.6791,8.6791,8.6791,8.6791,8.6791,8.6791,8.6791,8.6791,8.6791,8.6791,8.6791,8.6791,8.6791,8.6791,8.6791,8.6791,8.6791,8.6791,8.6791,8.6791,8.6791,8.6791,8.6791,8.6791,8.6791,8.6791,8.6791,8.6791,8.6791,8.6791,8.6791,8.6791,8.6791,8.6791,8.6791,8.6791,8.6791,8.6791,8.6791,8.6791,8.6791,8.6791,8.6791,8.6791,8.6791,8.6791,8.6791,8.6791,8.6791,8.6791,8.6791,8.6791,8.6791,8.6791,8.6791,8.6791,8.6791,8.6791,8.6791,8.6791,8.6791,8.6791,8.6791,8.6791,8.6791,8.6791,8.6791,8.6791,8.6791,8.6791,8.6791,8.6791,8.6791,8.6791,8.6791,8.6791,8.6791,8.6791,8.6791,8.6791,8.6791,8.6791,8.6791,8.6791,8.6791,8.6791,8.6791,8.6791,8.6791,8.6791,8.6791,8.6791,8.6791,8.6791,8.6791,8.6791,8.6791,8.6791,8.6791,8.6791,8.6791,8.6791,8.6791,8.6791,8.6791,8.6791,8.6791,8.6791,8.6791,8.6791,8.6791,8.6791,8.6791,8.6791,8.6791,8.6791,8.6791,8.6791,8.6791,8.6791,8.6791,8.6791,8.6791,8.6791,8.6791,8.6791,8.6791,8.6791,8.6791,8.6791,8.6791,8.6791,8.6791,8.6791,8.6791,8.6791,8.6791,8.6791,8.6791,8.6791,8.6791,8.6791,8.6791,8.6791,8.6791,8.6791,8.6791,8.6791,8.6791,8.6791,8.6791,8.6791,8.6791,8.6791,8.6791,8.6791,8.6791,8.6791,8.6791,8.6791,8.6791,8.6791,8.6791,8.6791,8.6791,8.6791,8.6791,8.6791,8.6791,8.6791,8.6791,8.6791,8.6791,8.6791,8.6791,8.6791,8.6791,8.6791,8.6791,8.6791,8.6791,8.6791,8.6791,8.6791,8.6791,8.6791,8.6791,8.6791,8.6791,8.6791,8.6791,8.6791,8.6791,8.6791,8.6791,8.6791,8.6791,8.6791,8.6791,8.6791,8.6791,8.6791,8.6791,8.6791,8.6791,8.6791,8.6791,8.6791,8.6791,8.6791,8.6791,8.6791,8.6791,8.6791,8.6791,8.6791,8.6791,8.6791,8.6791,8.6791,8.6791,8.6791,8.6791,8.6791,8.6791,8.6791,8.6791,8.6791,8.6791,8.6791,8.6791,8.6791,8.6791,8.6791,8.6791,8.6791,8.6791,8.6791,8.6791,8.6791,8.6791,8.6791,8.6791,8.6791,8.6791,8.6791,8.6791,8.6791,8.6791,8.6791,8.6791,8.6791,8.6791,8.6791,8.6791,8.6791,8.6791,8.6791,8.6791,8.6791,8.6791,8.6791,8.6791,8.6791,8.6791,8.6791,8.6791,8.6791,8.6791,8.6791,8.6791,8.6791,8.6791,8.6791,8.6791,8.6791,8.6791,8.6791,8.6791,8.6791,8.6791,8.6791,8.6791,8.6791,8.6791,8.6791,8.6791,8.6791,8.6791,8.6791,8.6791,8.6791,8.6791,8.6791,8.6791,8.6791,8.6791,8.6791,8.6791,8.6791,8.6791,8.6791,8.6791,8.6791,8.6791,8.6791,8.6791,8.6791,8.6791,8.6791,8.6791,8.6791,8.6791,8.6791,8.6791,8.6791,8.6791,8.6791,8.6791,8.6791,8.6791,8.6791,8.6791,8.6791,8.6791,8.6791,8.6791,8.6791,8.6791,8.6791,8.6791,8.6791,8.6791,8.6791,8.6791,8.6791,8.6791,8.6791,8.6791,8.6791,8.6791,8.6791,8.6791,8.6791,8.6791,8.6791,8.6791,8.6791,8.6791,8.6791,8.6791,8.6791,8.6791,8.6791,8.6791,8.6791,8.6791,8.6791,8.6791,8.6791,8.6791,8.6791,8.6791,8.6791,8.6791,8.6791,8.6791,8.6791,8.6791,8.6791,8.6791,8.6791,8.6791,8.6791,8.6791,8.6791,8.6791,8.6791,8.6791,8.6791,8.6791,8.6791,8.6791,8.6791,8.6791,8.6791,8.6791,8.6791,8.6791,8.6791,8.6791,8.6791,8.6791,8.6791,8.6791,8.6791,8.6791,8.6791,8.6791,8.6791,8.6791,8.6791,8.6791,8.6791,8.6791,8.6791,8.6791,8.6791,8.6791,8.6791,8.6791,8.6791,8.6791,8.6791,8.6791,8.6791,8.6791,8.6791,8.6791,8.6791,8.6791,8.6791,8.6791,8.6791,8.6791,8.6791,8.6791,8.6791,8.6791,8.6791,8.6791,8.6791,8.6791,8.6791,8.6791,8.6791,8.6791,8.6791,8.6791,8.6791,8.6791,8.6791,8.6791,8.6791,8.6791,8.6791,8.6791,8.6791,8.6791,8.6791,8.6791,8.6791,8.6791,8.6791,8.6791,8.6791,8.6791,8.6791,8.6791,8.6791,8.6791,8.6791,8.6791,8.6791,8.6791,8.6791,8.6791,8.6791,8.6791,8.6791,8.6791,8.6791,8.6791,8.6791,8.6791,8.6791,8.6791,8.6791,8.6791,8.6791,8.6791,8.6791,8.6791,8.6791,8.6791,8.6791,8.6791,8.6791,8.6791,8.6791,8.6791,8.6791,8.6791,8.6791,8.6791,8.6791,8.6791,8.6791,8.6791,8.6791,8.6791,8.6791,8.6791,8.6791,8.6791,8.6791,8.6791,8.6791,8.6791,8.6791,8.6791,8.6791,8.6791,8.6791,8.6791,8.6791,8.6791,8.6791,8.6791,8.6791,8.6791,8.6791,8.6791,8.6791,8.6791,8.6791,8.6791,8.6791,8.6791,8.6791,8.6791,8.6791,8.6791,8.6791,8.6791,8.6791,8.6791,8.6791,8.6791,8.6791,8.6791,8.6791,8.6791,8.6791,8.6791,8.6791,8.6791,8.6791,8.6791,8.6791,8.6791,8.6791,8.6791,8.6791,8.6791,8.6791,8.6791,8.6791,8.6791,8.6791,8.6791,8.6791,8.6791,8.6791,8.6791,8.6791,8.6791,8.6791,8.6791,8.6791,8.6791,8.6791,8.6791,8.6791,8.6791,8.6791,8.6791,8.6791,8.6791,8.6791,8.6791,8.6791,8.6791,8.6791,8.6791,8.6791,8.6791,8.6791,8.6791,8.6791,8.6791,8.6791,8.6791,8.6791,8.6791,8.6791,8.6791,8.6791,8.6791,8.6791,8.6791,8.6791,8.6791,8.6791,8.6791,8.6791,8.6791,8.6791,8.6791,8.6791,8.6791,8.6791,8.6791,8.6791,8.6791,8.6791,8.6791,8.6791,8.6791,8.6791,8.6791,8.6791,8.6791,8.6791,8.6791,8.6791,8.6791,8.6791,8.6791,8.6791,8.6791,8.6791,8.6791,8.6791,8.6791,8.6791,8.6791,8.6791,8.6791,8.6791,8.6791,8.6791,8.6791,8.6791,8.6791,8.6791,8.6791,8.6791,8.6791,8.6791,8.6791,8.6791,8.6791,8.6791,8.6791,8.6791,8.6791,8.6791,8.6791,8.6791,8.6791,8.6791,8.6791,8.6791,8.6791,8.6791,8.6791,8.6791,8.6791,8.6791,8.6791,8.6791,8.6791,8.6791,8.6791,8.6791,8.6791,8.6791,8.6791,8.6791,8.6791,8.6791,8.6791,8.6791,8.6791,8.6791,8.6791,8.6791,8.6791,8.6791,8.6791,8.6791,8.6791,8.6791,8.6791,8.6791,8.6791,8.6791,8.6791,8.6791,8.6791,8.6791,8.6791,8.6791,8.6791,8.6791,8.6791,8.6791,8.6791,8.6791,8.6791,8.6791,8.6791,8.6791,8.6791,8.6791,8.6791,8.6791,8.6791,8.6791,8.6791,8.6791,8.6791,8.6791,8.6791,8.6791,8.6791,8.6791,8.6791,8.6791,8.6791,8.6791,8.6791,8.6791,8.6791,8.6791,8.6791,8.6791,8.6791,8.6791,8.6791,8.6791,8.6791,8.6791,8.6791,8.6791,8.6791,8.6791,8.6791,8.6791,8.6791,8.6791,8.6791,8.6791,8.6791,8.6791,8.6791,8.6791,8.6791,8.6791,8.6791,8.6791,8.6791,8.6791,8.6791,8.6791,8.6791,8.6791,8.6791,8.6791,8.6791,8.6791,8.6791,8.6791,8.6791,8.6791,8.6791,8.6791,8.6791,8.6791,8.6791,8.6791,8.6791,8.6791,8.6791,8.6791,8.6791,8.6791,8.6791,8.6791,8.6791,8.6791,8.6791,8.6791,8.6791,8.6791,8.6791,8.6791,8.6791,8.6791,8.6791,8.6791,8.6791,8.6791,8.6791,8.6791,8.6791,8.6791,8.6791,8.6791,8.6791,8.6791,8.6791,8.6791,8.6791,8.6791,8.6791,8.6791,8.6791,8.6791,8.6791,8.6791,8.6791,8.6791,8.6791,8.6791,8.6791,8.6791,8.6791,8.6791,8.6791,8.6791,8.6791,8.6791,8.6791,8.6791,8.6791,8.6791,8.6791,8.6791,8.6791,8.6791,8.6791,8.6791,8.6791,8.6791,8.6791,8.6791,8.6791,8.6791,8.6791,8.6791,8.6791,8.6791,8.6791,8.6791,8.6791,8.6791,8.6791,8.6791,8.6791,8.6791,8.6791,8.6791,8.6791,8.6791,8.6791,8.6791,8.6791,8.6791,8.6791,8.6791,8.6791,8.6791,8.6791,8.6791,8.6791,8.6791,8.6791,8.6791,8.6791,8.6791,8.6791,8.6791,8.6791,8.6791,8.6791,8.6791,8.6791,8.6791,8.6791,8.6791,8.6791,8.6791,8.6791,8.6791,8.6791,8.6791,8.6791,8.6791,8.6791,8.6791,8.6791,8.6791,8.6791,8.6791,8.6791,8.6791,8.6791,8.6791,8.6791,8.6791,8.6791,8.6791,8.6791,8.6791,8.6791,8.6791,8.6791,8.6791,8.6791
8.6701,8.6701,8.6701,8.6701,8.6701,8.6701,8.6701,8.6701,8.6701,8.6701,8.6701,8.6701,8.6701,8.6701,8.6701,8.6701,8.6701,8.6701,8.6701,8.6701,8.6701,8.6701,8.6701,8.6701,8.6701,8.6701,8.6701,8.6701,8.6701,8.6701,8.6701,8.6701,8.6701,8.6701,8.6701,8.6701,8.6701,8.6701,8.6701,8.6701,8.6701,8.6701,8.6701,8.6701,8.6701,8.6701,8.6701,8.6701,8.6701,8.6701,8.6701,8.6701,8.6701,8.6701,8.6701,8.6701,8.6701,8.6701,8.6701,8.6701,8.6701,8.6701,8.6701,8.6701,8.6701,8.6701,8.6701,8.6701,8.6701,8.6701,8.6701,8.6701,8.6701,8.6701,8.6701,8.6701,8.6701,8.6701,8.6701,8.6701,8.6701,8.6701,8.6701,8.6701,8.6701,8.6701,8.6701,8.6701,8.6701,8.6701,8.6701,8.6701,8.6701,8.6701,8.6701,8.6701,8.6701,8.6701,8.6701,8.6701,8.6701,8.6701,8.6701,8.6701,8.6701,8.6701,8.6701,8.6701,8.6701,8.6701,8.6701,8.6701,8.6701,8.6701,8.6701,8.6701,8.6701,8.6701,8.6701,8.6701,8.6701,8.6701,8.6701,8.6701,8.6701,8.6701,8.6701,8.6701,8.6701,8.6701,8.6701,8.6701,8.6701,8.6701,8.6701,8.6701,8.6701,8.6701,8.6701,8.6701,8.6701,8.6701,8.6701,8.6701,8.6701,8.6701,8.6701,8.6701,8.6701,8.6701,8.6701,8.6701,8.6701,8.6701,8.6701,8.6701,8.6701,8.6701,8.6701,8.6701,8.6701,8.6701,8.6701,8.6701,8.6701,8.6701,8.6701,8.6701,8.6701,8.6701,8.6701,8.6701,8.6701,8.6701,8.6701,8.6701,8.6701,8.6701,8.6701,8.6701,8.6701,8.6701,8.6701,8.6701,8.6701,8.6701,8.6701,8.6701,8.6701,8.6701,8.6701,8.6701,8.6701,8.6701,8.6701,8.6701,8.6701,8.6701,8.6701,8.6701,8.6701,8.6701,8.6701,8.6701,8.6701,8.6701,8.6701,8.6701,8.6701,8.6701,8.6701,8.6701,8.6701,8.6701,8.6701,8.6701,8.6701,8.6701,8.6701,8.6701,8.6701,8.6701,8.6701,8.6701,8.6701,8.6701,8.6701,8.6701,8.6701,8.6701,8.6701,8.6701,8.6701,8.6701,8.6701,8.6701,8.6701,8.6701,8.6701,8.6701,8.6701,8.6701,8.6701,8.6701,8.6701,8.6701,8.6701,8.6701,8.6701,8.6701,8.6701,8.6701,8.6701,8.6701,8.6701,8.6701,8.6701,8.6701,8.6701,8.6701,8.6701,8.6701,8.6701,8.6701,8.6701,8.6701,8.6701,8.6701,8.6701,8.6701,8.6701,8.6701,8.6701,8.6701,8.6701,8.6701,8.6701,8.6701,8.6701,8.6701,8.6701,8.6701,8.6701,8.6701,8.6701,8.6701,8.6701,8.6701,8.6701,8.6701,8.6701,8.6701,8.6701,8.6701,8.6701,8.6701,8.6701,8.6701,8.6701,8.6701,8.6701,8.6701,8.6701,8.6701,8.6701,8.6701,8.6701,8.6701,8.6701,8.6701,8.6701,8.6701,8.6701,8.6701,8.6701,8.6701,8.6701,8.6701,8.6701,8.6701,8.6701,8.6701,8.6701,8.6701,8.6701,8.6701,8.6701,8.6701,8.6701,8.6701,8.6701,8.6701,8.6701,8.6701,8.6701,8.6701,8.6701,8.6701,8.6701,8.6701,8.6701,8.6701,8.6701,8.6701,8.6701,8.6701,8.6701,8.6701,8.6701,8.6701,8.6701,8.6701,8.6701,8.6701,8.6701,8.6701,8.6701,8.6701,8.6701,8.6701,8.6701,8.6701,8.6701,8.6701,8.6701,8.6701,8.6701,8.6701,8.6701,8.6701,8.6701,8.6701,8.6701,8.6701,8.6701,8.6701,8.6701,8.6701,8.6701,8.6701,8.6701,8.6701,8.6701,8.6701,8.6701,8.6701,8.6701,8.6701,8.6701,8.6701,8.6701,8.6701,8.6701,8.6701,8.6701,8.6701,8.6701,8.6701,8.6701,8.6701,8.6701,8.6701,8.6701,8.6701,8.6701,8.6701,8.6701,8.6701,8.6701,8.6701,8.6701,8.6701,8.6701,8.6701,8.6701,8.6701,8.6701,8.6701,8.6701,8.6701,8.6701,8.6701,8.6701,8.6701,8.6701,8.6701,8.6701,8.6701,8.6701,8.6701,8.6701,8.6701,8.6701,8.6701,8.6701,8.6701,8.6701,8.6701,8.6701,8.6701,8.6701,8.6701,8.6701,8.6701,8.6701,8.6701,8.6701,8.6701,8.6701,8.6701,8.6701,8.6701,8.6701,8.6701,8.6701,8.6701,8.6701,8.6701,8.6701,8.6701,8.6701,8.6701,8.6701,8.6701,8.6701,8.6701,8.6701,8.6701,8.6701,8.6701,8.6701,8.6701,8.6701,8.6701,8.6701,8.6701,8.6701,8.6701,8.6701,8.6701,8.6701,8.6701,8.6701,8.6701,8.6701,8.6701,8.6701,8.6701,8.6701,8.6701,8.6701,8.6701,8.6701,8.6701,8.6701,8.6701,8.6701,8.6701,8.6701,8.6701,8.6701,8.6701,8.6701,8.6701,8.6701,8.6701,8.6701,8.6701,8.6701,8.6701,8.6701,8.6701,8.6701,8.6701,8.6701,8.6701,8.6701,8.6701,8.6701,8.6701,8.6701,8.6701,8.6701,8.6701,8.6701,8.6701,8.6701,8.6701,8.6701,8.6701,8.6701,8.6701,8.6701,8.6701,8.6701,8.6701,8.6701,8.6701,8.6701,8.6701,8.6701,8.6701,8.6701,8.6701,8.6701,8.6701,8.6701,8.6701,8.6701,8.6701,8.6701,8.6701,8.6701,8.6701,8.6701,8.6701,8.6701,8.6701,8.6701,8.6701,8.6701,8.6701,8.6701,8.6701,8.6701,8.6701,8.6701,8.6701,8.6701,8.6701,8.6701,8.6701,8.6701,8.6701,8.6701,8.6701,8.6701,8.6701,8.6701,8.6701,8.6701,8.6701,8.6701,8.6701,8.6701,8.6701,8.6701,8.6701,8.6701,8.6701,8.6701,8.6701,8.6701,8.6701,8.6701,8.6701,8.6701,8.6701,8.6701,8.6701,8.6701,8.6701,8.6701,8.6701,8.6701,8.6701,8.6701,8.6701,8.6701,8.6701,8.6701,8.6701,8.6701,8.6701,8.6701,8.6701,8.6701,8.6701,8.6701,8.6701,8.6701,8.6701,8.6701,8.6701,8.6701,8.6701,8.6701,8.6701,8.6701,8.6701,8.6701,8.6701,8.6701,8.6701,8.6701,8.6701,8.6701,8.6701,8.6701,8.6701,8.6701,8.6701,8.6701,8.6701,8.6701,8.6701,8.6701,8.6701,8.6701,8.6701,8.6701,8.6701,8.6701,8.6701,8.6701,8.6701,8.6701,8.6701,8.6701,8.6701,8.6701,8.6701,8.6701,8.6701,8.6701,8.6701,8.6701,8.6701,8.6701,8.6701,8.6701,8.6701,8.6701,8.6701,8.6701,8.6701,8.6701,8.6701,8.6701,8.6701,8.6701,8.6701,8.6701,8.6701,8.6701,8.6701,8.6701,8.6701,8.6701,8.6701,8.6701,8.6701,8.6701,8.6701,8.6701,8.6701,8.6701,8.6701,8.6701,8.6701,8.6701,8.6701,8.6701,8.6701,8.6701,8.6701,8.6701,8.6701,8.6701,8.6701,8.6701,8.6701,8.6701,8.6701,8.6701,8.6701,8.6701,8.6701,8.6701,8.6701,8.6701,8.6701,8.6701,8.6701,8.6701,8.6701,8.6701,8.6701,8.6701,8.6701,8.6701,8.6701,8.6701,8.6701,8.6701,8.6701,8.6701,8.6701,8.6701,8.6701,8.6701,8.6701,8.6701,8.6701,8.6701,8.6701,8.6701,8.6701,8.6701,8.6701,8.6701,8.6701,8.6701,8.6701,8.6701,8.6701,8.6701,8.6701,8.6701,8.6701,8.6701,8.6701,8.6701,8.6701,8.6701,8.6701,8.6701,8.6701,8.6701,8.6701,8.6701,8.6701,8.6701,8.6701,8.6701,8.6701,8.6701,8.6701,8.6701,8.6701,8.6701,8.6701,8.6701,8.6701,8.6701,8.6701,8.6701,8.6701,8.6701,8.6701,8.6701,8.6701,8.6701,8.6701,8.6701,8.6701,8.6701,8.6701,8.6701,8.6701,8.6701,8.6701,8.6701,8.6701,8.6701,8.6701,8.6701,8.6701,8.6701,8.6701,8.6701,8.6701,8.6701,8.6701,8.6701,8.6701,8.6701,8.6701,8.6701,8.6701,8.6701,8.6701,8.6701,8.6701,8.6701,8.6701,8.6701,8.6701,8.6701,8.6701,8.6701,8.6701,8.6701,8.6701,8.6701,8.6701,8.6701,8.6701,8.6701,8.6701,8.6701,8.6701,8.6701,8.6701,8.6701,8.6701,8.6701,8.6701,8.6701,8.6701,8.6701,8.6701,8.6701,8.6701,8.6701,8.6701,8.6701,8.6701,8.6701,8.6701,8.6701,8.6701,8.6701,8.6701,8.6701,8.6701,8.6701,8.6701,8.6701,8.6701,8.6701,8.6701,8.6701,8.6701,8.6701,8.6701,8.6701,8.6701,8.6701,8.6701,8.6701,8.6701,8.6701,8.6701,8.6701,8.6701,8.6701,8.6701,8.6701,8.6701,8.6701,8.6701,8.6701,8.6701,8.6701,8.6701,8.6701,8.6701,8.6701,8.6701,8.6701,8.6701,8.6701,8.6701,8.6701,8.6701,8.6701,8.6701,8.6701,8.6701,8.6701,8.6701,8.6701,8.6701,8.6701,8.6701,8.6701,8.6701,8.6701,8.6701,8.6701,8.6701,8.6701,8.6701,8.6701,8.6701,8.6701,8.6701,8.6701,8.6701,8.6701,8.6701,8.6701,8.6701,8.6701,8.6701,8.6701,8.6701,8.6701,8.6701,8.6701,8.6701,8.6701,8.6701,8.6701,8.6701,8.6701,8.6701,8.6701,8.6701,8.6701,8.6701,8.6701,8.6701,8.6701,8.6701,8.6701,8.6701,8.6701,8.6701
8.6621,8.6621,8.6621,8.6621,8.6621,8.6621,8.6621,8.6621,8.6621,8.6621,8.6621,8.6621,8.6621,8.6621,8.6621,8.6621,8.6621,8.6621,8.6621,8.6621,8.6621,8.6621,8.6621,8.6621,8.6621,8.6621,8.6621,8.6621,8.6621,8.6621,8.6621,8.6621,8.6621,8.6621,8.6621,8.6621,8.6621,8.6621,8.6621,8.6621,8.6621,8.6621,8.6621,8.6621,8.6621,8.6621,8.6621,8.6621,8.6621,8.6621,8.6621,8.6621,8.6621,8.6621,8.6621,8.6621,8.6621,8.6621,8.6621,8.6621,8.6621,8.6621,8.6621,8.6621,8.6621,8.6621,8.6621,8.6621,8.6621,8.6621,8.6621,8.6621,8.6621,8.6621,8.6621,8.6621,8.6621,8.6621,8.6621,8.6621,8.6621,8.6621,8.6621,8.6621,8.6621,8.6621,8.6621,8.6621,8.6621,8.6621,8.6621,8.6621,8.6621,8.6621,8.6621,8.6621,8.6621,8.6621,8.6621,8.6621,8.6621,8.6621,8.6621,8.6621,8.6621,8.6621,8.6621,8.6621,8.6621,8.6621,8.6621,8.6621,8.6621,8.6621,8.6621,8.6621,8.6621,8.6621,8.6621,8.6621,8.6621,8.6621,8.6621,8.6621,8.6621,8.6621,8.6621,8.6621,8.6621,8.6621,8.6621,8.6621,8.6621,8.6621,8.6621,8.6621,8.6621,8.6621,8.6621,8.6621,8.6621,8.6621,8.6621,8.6621,8.6621,8.6621,8.6621,8.6621,8.6621,8.6621,8.6621,8.6621,8.6621,8.6621,8.6621,8.6621,8.6621,8.6621,8.6621,8.6621,8.6621,8.6621,8.6621,8.6621,8.6621,8.6621,8.6621,8.6621,8.6621,8.6621,8.6621,8.6621,8.6621,8.6621,8.6621,8.6621,8.6621,8.6621,8.6621,8.6621,8.6621,8.6621,8.6621,8.6621,8.6621,8.6621,8.6621,8.6621,8.6621,8.6621,8.6621,8.6621,8.6621,8.6621,8.6621,8.6621,8.6621,8.6621,8.6621,8.6621,8.6621,8.6621,8.6621,8.6621,8.6621,8.6621,8.6621,8.6621,8.6621,8.6621,8.6621,8.6621,8.6621,8.6621,8.6621,8.6621,8.6621,8.6621,8.6621,8.6621,8.6621,8.6621,8.6621,8.6621,8.6621,8.6621,8.6621,8.6621,8.6621,8.6621,8.6621,8.6621,8.6621,8.6621,8.6621,8.6621,8.6621,8.6621,8.6621,8.6621,8.6621,8.6621,8.6621,8.6621,8.6621,8.6621,8.6621,8.6621,8.6621,8.6621,8.6621,8.6621,8.6621,8.6621,8.6621,8.6621,8.6621,8.6621,8.6621,8.6621,8.6621,8.6621,8.6621,8.6621,8.6621,8.6621,8.6621,8.6621,8.6621,8.6621,8.6621,8.6621,8.6621,8.6621,8.6621,8.6621,8.6621,8.6621,8.6621,8.6621,8.6621,8.6621,8.6621,8.6621,8.6621,8.6621,8.6621,8.6621,8.6621,8.6621,8.6621,8.6621,8.6621,8.6621,8.6621,8.6621,8.6621,8.6621,8.6621,8.6621,8.6621,8.6621,8.6621,8.6621,8.6621,8.6621,8.6621,8.6621,8.6621,8.6621,8.6621,8.6621,8.6621,8.6621,8.6621,8.6621,8.6621,8.6621,8.6621,8.6621,8.6621,8.6621,8.6621,8.6621,8.6621,8.6621,8.6621,8.6621,8.6621,8.6621,8.6621,8.6621,8.6621,8.6621,8.6621,8.6621,8.6621,8.6621,8.6621,8.6621,8.6621,8.6621,8.6621,8.6621,8.6621,8.6621,8.6621,8.6621,8.6621,8.6621,8.6621,8.6621,8.6621,8.6621,8.6621,8.6621,8.6621,8.6621,8.6621,8.6621,8.6621,8.6621,8.6621,8.6621,8.6621,8.6621,8.6621,8.6621,8.6621,8.6621,8.6621,8.6621,8.6621,8.6621,8.6621,8.6621,8.6621,8.6621,8.6621,8.6621,8.6621,8.6621,8.6621,8.6621,8.6621,8.6621,8.6621,8.6621,8.6621,8.6621,8.6621,8.6621,8.6621,8.6621,8.6621,8.6621,8.6621,8.6621,8.6621,8.6621,8.6621,8.6621,8.6621,8.6621,8.6621,8.6621,8.6621,8.6621,8.6621,8.6621,8.6621,8.6621,8.6621,8.6621,8.6621,8.6621,8.6621,8.6621,8.6621,8.6621,8.6621,8.6621,8.6621,8.6621,8.6621,8.6621,8.6621,8.6621,8.6621,8.6621,8.6621,8.6621,8.6621,8.6621,8.6621,8.6621,8.6621,8.6621,8.6621,8.6621,8.6621,8.6621,8.6621,8.6621,8.6621,8.6621,8.6621,8.6621,8.6621,8.6621,8.6621,8.6621,8.6621,8.6621,8.6621,8.6621,8.6621,8.6621,8.6621,8.6621,8.6621,8.6621,8.6621,8.6621,8.6621,8.6621,8.6621,8.6621,8.6621,8.6621,8.6621,8.6621,8.6621,8.6621,8.6621,8.6621,8.6621,8.6621,8.6621,8.6621,8.6621,8.6621,8.6621,8.6621,8.6621,8.6621,8.6621,8.6621,8.6621,8.6621,8.6621,8.6621,8.6621,8.6621,8.6621,8.6621,8.6621,8.6621,8.6621,8.6621,8.6621,8.6621,8.6621,8.6621,8.6621,8.6621,8.6621,8.6621,8.6621,8.6621,8.6621,8.6621,8.6621,8.6621,8.6621,8.6621,8.6621,8.6621,8.6621,8.6621,8.6621,8.6621,8.6621,8.6621,8.6621,8.6621,8.6621,8.6621,8.6621,8.6621,8.6621,8.6621,8.6621,8.6621,8.6621,8.6621,8.6621,8.6621,8.6621,8.6621,8.6621,8.6621,8.6621,8.6621,8.6621,8.6621,8.6621,8.6621,8.6621,8.6621,8.6621,8.6621,8.6621,8.6621,8.6621,8.6621,8.6621,8.6621,8.6621,8.6621,8.6621,8.6621,8.6621,8.6621,8.6621,8.6621,8.6621,8.6621,8.6621,8.6621,8.6621,8.6621,8.6621,8.6621,8.6621,8.6621,8.6621,8.6621,8.6621,8.6621,8.6621,8.6621,8.6621,8.6621,8.6621,8.6621,8.6621,8.6621,8.6621,8.6621,8.6621,8.6621,8.6621,8.6621,8.6621,8.6621,8.6621,8.6621,8.6621,8.6621,8.6621,8.6621,8.6621,8.6621,8.6621,8.6621,8.6621,8.6621,8.6621,8.6621,8.6621,8.6621,8.6621,8.6621,8.6621,8.6621,8.6621,8.6621,8.6621,8.6621,8.6621,8.6621,8.6621,8.6621,8.6621,8.6621,8.6621,8.6621,8.6621,8.6621,8.6621,8.6621,8.6621,8.6621,8.6621,8.6621,8.6621,8.6621,8.6621,8.6621,8.6621,8.6621,8.6621,8.6621,8.6621,8.6621,8.6621,8.6621,8.6621,8.6621,8.6621,8.6621,8.6621,8.6621,8.6621,8.6621,8.6621,8.6621,8.6621,8.6621,8.6621,8.6621,8.6621,8.6621,8.6621,8.6621,8.6621,8.6621,8.6621,8.6621,8.6621,8.6621,8.6621,8.6621,8.6621,8.6621,8.6621,8.6621,8.6621,8.6621,8.6621,8.6621,8.6621,8.6621,8.6621,8.6621,8.6621,8.6621,8.6621,8.6621,8.6621,8.6621,8.6621,8.6621,8.6621,8.6621,8.6621,8.6621,8.6621,8.6621,8.6621,8.6621,8.6621,8.6621,8.6621,8.6621,8.6621,8.6621,8.6621,8.6621,8.6621,8.6621,8.6621,8.6621,8.6621,8.6621,8.6621,8.6621,8.6621,8.6621,8.6621,8.6621,8.6621,8.6621,8.6621,8.6621,8.6621,8.6621,8.6621,8.6621,8.6621,8.6621,8.6621,8.6621,8.6621,8.6621,8.6621,8.6621,8.6621,8.6621,8.6621,8.6621,8.6621,8.6621,8.6621,8.6621,8.6621,8.6621,8.6621,8.6621,8.6621,8.6621,8.6621,8.6621,8.6621,8.6621,8.6621,8.6621,8.6621,8.6621,8.6621,8.6621,8.6621,8.6621,8.6621,8.6621,8.6621,8.6621,8.6621,8.6621,8.6621,8.6621,8.6621,8.6621,8.6621,8.6621,8.6621,8.6621,8.6621,8.6621,8.6621,8.6621,8.6621,8.6621,8.6621,8.6621,8.6621,8.6621,8.6621,8.6621,8.6621,8.6621,8.6621,8.6621,8.6621,8.6621,8.6621,8.6621,8.6621,8.6621,8.6621,8.6621,8.6621,8.6621,8.6621,8.6621,8.6621,8.6621,8.6621,8.6621,8.6621,8.6621,8.6621,8.6621,8.6621,8.6621,8.6621,8.6621,8.6621,8.6621,8.6621,8.6621,8.6621,8.6621,8.6621,8.6621,8.6621,8.6621,8.6621,8.6621,8.6621,8.6621,8.6621,8.6621,8.6621,8.6621,8.6621,8.6621,8.6621,8.6621,8.6621,8.6621,8.6621,8.6621,8.6621,8.6621,8.6621,8.6621,8.6621,8.6621,8.6621,8.6621,8.6621,8.6621,8.6621,8.6621,8.6621,8.6621,8.6621,8.6621,8.6621,8.6621,8.6621,8.6621,8.6621,8.6621,8.6621,8.6621,8.6621,8.6621,8.6621,8.6621,8.6621,8.6621,8.6621,8.6621,8.6621,8.6621,8.6621,8.6621,8.6621,8.6621,8.6621,8.6621,8.6621,8.6621,8.6621,8.6621,8.6621,8.6621,8.6621,8.6621,8.6621,8.6621,8.6621,8.6621,8.6621,8.6621,8.6621,8.6621,8.6621,8.6621,8.6621,8.6621,8.6621,8.6621,8.6621,8.6621,8.6621,8.6621,8.6621,8.6621,8.6621,8.6621,8.6621,8.6621,8.6621,8.6621,8.6621,8.6621,8.6621,8.6621,8.6621,8.6621,8.6621,8.6621,8.6621,8.6621,8.6621,8.6621,8.6621,8.6621,8.6621,8.6621,8.6621,8.6621,8.6621,8.6621,8.6621,8.6621,8.6621,8.6621,8.6621,8.6621,8.6621,8.6621,8.6621,8.6621,8.6621,8.6621,8.6621,8.6621,8.6621,8.6621,8.6621,8.6621,8.6621,8.6621,8.6621,8.6621
8.6540,8.6540,8.6540,8.6540,8.6540,8.6540,8.6540,8.6540,8.6540,8.6540,8.6540,8.6540,8.6540,8.6540,8.6540,8.6540,8.6540,8.6540,8.6540,8.6540,8.6540,8.6540,8.6540,8.6540,8.6540,8.6540,8.6540,8.6540,8.6540,8.6540,8.6540,8.6540,8.6540,8.6540,8.6540,8.6540,8.6540,8.6540,8.6540,8.6540,8.6540,8.6540,8.6540,8.6540,8.6540,8.6540,8.6540,8.6540,8.6540,8.6540,8.6540,8.6540,8.6540,8.6540,8.6540,8.6540,8.6540,8.6540,8.6540,8.6540,8.6540,8.6540,8.6540,8.6540,8.6540,8.6540,8.6540,8.6540,8.6540,8.6540,8.6540,8.6540,8.6540,8.6540,8.6540,8.6540,8.6540,8.6540,8.6540,8.6540,8.6540,8.6540,8.6540,8.6540,8.6540,8.6540,8.6540,8.6540,8.6540,8.6540,8.6540,8.6540,8.6540,8.6540,8.6540,8.6540,8.6540,8.6540,8.6540,8.6540,8.6540,8.6540,8.6540,8.6540,8.6540,8.6540,8.6540,8.6540,8.6540,8.6540,8.6540,8.6540,8.6540,8.6540,8.6540,8.6540,8.6540,8.6540,8.6540,8.6540,8.6540,8.6540,8.6540,8.6540,8.6540,8.6540,8.6540,8.6540,8.6540,8.6540,8.6540,8.6540,8.6540,8.6540,8.6540,8.6540,8.6540,8.6540,8.6540,8.6540,8.6540,8.6540,8.6540,8.6540,8.6540,8.6540,8.6540,8.6540,8.6540,8.6540,8.6540,8.6540,8.6540,8.6540,8.6540,8.6540,8.6540,8.6540,8.6540,8.6540,8.6540,8.6540,8.6540,8.6540,8.6540,8.6540,8.6540,8.6540,8.6540,8.6540,8.6540,8.6540,8.6540,8.6540,8.6540,8.6540,8.6540,8.6540,8.6540,8.6540,8.6540,8.6540,8.6540,8.6540,8.6540,8.6540,8.6540,8.6540,8.6540,8.6540,8.6540,8.6540,8.6540,8.6540,8.6540,8.6540,8.6540,8.6540,8.6540,8.6540,8.6540,8.6540,8.6540,8.6540,8.6540,8.6540,8.6540,8.6540,8.6540,8.6540,8.6540,8.6540,8.6540,8.6540,8.6540,8.6540,8.6540,8.6540,8.6540,8.6540,8.6540,8.6540,8.6540,8.6540,8.6540,8.6540,8.6540,8.6540,8.6540,8.6540,8.6540,8.6540,8.6540,8.6540,8.6540,8.6540,8.6540,8.6540,8.6540,8.6540,8.6540,8.6540,8.6540,8.6540,8.6540,8.6540,8.6540,8.6540,8.6540,8.6540,8.6540,8.6540,8.6540,8.6540,8.6540,8.6540,8.6540,8.6540,8.6540,8.6540,8.6540,8.6540,8.6540,8.6540,8.6540,8.6540,8.6540,8.6540,8.6540,8.6540,8.6540,8.6540,8.6540,8.6540,8.6540,8.6540,8.6540,8.6540,8.6540,8.6540,8.6540,8.6540,8.6540,8.6540,8.6540,8.6540,8.6540,8.6540,8.6540,8.6540,8.6540,8.6540,8.6540,8.6540,8.6540,8.6540,8.6540,8.6540,8.6540,8.6540,8.6540,8.6540,8.6540,8.6540,8.6540,8.6540,8.6540,8.6540,8.6540,8.6540,8.6540,8.6540,8.6540,8.6540,8.6540,8.6540,8.6540,8.6540,8.6540,8.6540,8.6540,8.6540,8.6540,8.6540,8.6540,8.6540,8.6540,8.6540,8.6540,8.6540,8.6540,8.6540,8.6540,8.6540,8.6540,8.6540,8.6540,8.6540,8.6540,8.6540,8.6540,8.6540,8.6540,8.6540,8.6540,8.6540,8.6540,8.6540,8.6540,8.6540,8.6540,8.6540,8.6540,8.6540,8.6540,8.6540,8.6540,8.6540,8.6540,8.6540,8.6540,8.6540,8.6540,8.6540,8.6540,8.6540,8.6540,8.6540,8.6540,8.6540,8.6540,8.6540,8.6540,8.6540,8.6540,8.6540,8.6540,8.6540,8.6540,8.6540,8.6540,8.6540,8.6540,8.6540,8.6540,8.6540,8.6540,8.6540,8.6540,8.6540,8.6540,8.6540,8.6540,8.6540,8.6540,8.6540,8.6540,8.6540,8.6540,8.6540,8.6540,8.6540,8.6540,8.6540,8.6540,8.6540,8.6540,8.6540,8.6540,8.6540,8.6540,8.6540,8.6540,8.6540,8.6540,8.6540,8.6540,8.6540,8.6540,8.6540,8.6540,8.6540,8.6540,8.6540,8.6540,8.6540,8.6540,8.6540,8.6540,8.6540,8.6540,8.6540,8.6540,8.6540,8.6540,8.6540,8.6540,8.6540,8.6540,8.6540,8.6540,8.6540,8.6540,8.6540,8.6540,8.6540,8.6540,8.6540,8.6540,8.6540,8.6540,8.6540,8.6540,8.6540,8.6540,8.6540,8.6540,8.6540,8.6540,8.6540,8.6540,8.6540,8.6540,8.6540,8.6540,8.6540,8.6540,8.6540,8.6540,8.6540,8.6540,8.6540,8.6540,8.6540,8.6540,8.6540,8.6540,8.6540,8.6540,8.6540,8.6540,8.6540,8.6540,8.6540,8.6540,8.6540,8.6540,8.6540,8.6540,8.6540,8.6540,8.6540,8.6540,8.6540,8.6540,8.6540,8.6540,8.6540,8.6540,8.6540,8.6540,8.6540,8.6540,8.6540,8.6540,8.6540,8.6540,8.6540,8.6540,8.6540,8.6540,8.6540,8.6540,8.6540,8.6540,8.6540,8.6540,8.6540,8.6540,8.6540,8.6540,8.6540,8.6540,8.6540,8.6540,8.6540,8.6540,8.6540,8.6540,8.6540,8.6540,8.6540,8.6540,8.6540,8.6540,8.6540,8.6540,8.6540,8.6540,8.6540,8.6540,8.6540,8.6540,8.6540,8.6540,8.6540,8.6540,8.6540,8.6540,8.6540,8.6540,8.6540,8.6540,8.6540,8.6540,8.6540,8.6540,8.6540,8.6540,8.6540,8.6540,8.6540,8.6540,8.6540,8.6540,8.6540,8.6540,8.6540,8.6540,8.6540,8.6540,8.6540,8.6540,8.6540,8.6540,8.6540,8.6540,8.6540,8.6540,8.6540,8.6540,8.6540,8.6540,8.6540,8.6540,8.6540,8.6540,8.6540,8.6540,8.6540,8.6540,8.6540,8.6540,8.6540,8.6540,8.6540,8.6540,8.6540,8.6540,8.6540,8.6540,8.6540,8.6540,8.6540,8.6540,8.6540,8.6540,8.6540,8.6540,8.6540,8.6540,8.6540,8.6540,8.6540,8.6540,8.6540,8.6540,8.6540,8.6540,8.6540,8.6540,8.6540,8.6540,8.6540,8.6540,8.6540,8.6540,8.6540,8.6540,8.6540,8.6540,8.6540,8.6540,8.6540,8.6540,8.6540,8.6540,8.6540,8.6540,8.6540,8.6540,8.6540,8.6540,8.6540,8.6540,8.6540,8.6540,8.6540,8.6540,8.6540,8.6540,8.6540,8.6540,8.6540,8.6540,8.6540,8.6540,8.6540,8.6540,8.6540,8.6540,8.6540,8.6540,8.6540,8.6540,8.6540,8.6540,8.6540,8.6540,8.6540,8.6540,8.6540,8.6540,8.6540,8.6540,8.6540,8.6540,8.6540,8.6540,8.6540,8.6540,8.6540,8.6540,8.6540,8.6540,8.6540,8.6540,8.6540,8.6540,8.6540,8.6540,8.6540,8.6540,8.6540,8.6540,8.6540,8.6540,8.6540,8.6540,8.6540,8.6540,8.6540,8.6540,8.6540,8.6540,8.6540,8.6540,8.6540,8.6540,8.6540,8.6540,8.6540,8.6540,8.6540,8.6540,8.6540,8.6540,8.6540,8.6540,8.6540,8.6540,8.6540,8.6540,8.6540,8.6540,8.6540,8.6540,8.6540,8.6540,8.6540,8.6540,8.6540,8.6540,8.6540,8.6540,8.6540,8.6540,8.6540,8.6540,8.6540,8.6540,8.6540,8.6540,8.6540,8.6540,8.6540,8.6540,8.6540,8.6540,8.6540,8.6540,8.6540,8.6540,8.6540,8.6540,8.6540,8.6540,8.6540,8.6540,8.6540,8.6540,8.6540,8.6540,8.6540,8.6540,8.6540,8.6540,8.6540,8.6540,8.6540,8.6540,8.6540,8.6540,8.6540,8.6540,8.6540,8.6540,8.6540,8.6540,8.6540,8.6540,8.6540,8.6540,8.6540,8.6540,8.6540,8.6540,8.6540,8.6540,8.6540,8.6540,8.6540,8.6540,8.6540,8.6540,8.6540,8.6540,8.6540,8.6540,8.6540,8.6540,8.6540,8.6540,8.6540,8.6540,8.6540,8.6540,8.6540,8.6540,8.6540,8.6540,8.6540,8.6540,8.6540,8.6540,8.6540,8.6540,8.6540,8.6540,8.6540,8.6540,8.6540,8.6540,8.6540,8.6540,8.6540,8.6540,8.6540,8.6540,8.6540,8.6540,8.6540,8.6540,8.6540,8.6540,8.6540,8.6540,8.6540,8.6540,8.6540,8.6540,8.6540,8.6540,8.6540,8.6540,8.6540,8.6540,8.6540,8.6540,8.6540,8.6540,8.6540,8.6540,8.6540,8.6540,8.6540,8.6540,8.6540,8.6540,8.6540,8.6540,8.6540,8.6540,8.6540,8.6540,8.6540,8.6540,8.6540,8.6540,8.6540,8.6540,8.6540,8.6540,8.6540,8.6540,8.6540,8.6540,8.6540,8.6540,8.6540,8.6540,8.6540,8.6540,8.6540,8.6540,8.6540,8.6540,8.6540,8.6540,8.6540,8.6540,8.6540,8.6540,8.6540,8.6540,8.6540,8.6540,8.6540,8.6540,8.6540,8.6540,8.6540,8.6540,8.6540,8.6540,8.6540,8.6540,8.6540,8.6540,8.6540,8.6540,8.6540,8.6540,8.6540,8.6540,8.6540,8.6540,8.6540,8.6540,8.6540,8.6540,8.6540,8.6540,8.6540,8.6540,8.6540,8.6540,8.6540,8.6540,8.6540,8.6540,8.6540,8.6540,8.6540,8.6540,8.6540,8.6540,8.6540,8.6540,8.6540,8.6540,8.6540,8.6540,8.6540,8.6540,8.6540,8.6540,8.6540,8.6540,8.6540,8.6540,8.6540,8.6540,8.6540,8.6540,8.6540,8.6540,8.6540,8.6540,8.6540
8.6447,8.6447,8.6447,8.6447,8.6447,8.6447,8.6447,8.6447,8.6447,8.6447,8.6447,8.6447,8.6447,8.6447,8.6447,8.6447,8.6447,8.6447,8.6447,8.6447,8.6447,8.6447,8.6447,8.6447,8.6447,8.6447,8.6447,8.6447,8.6447,8.6447,8.6447,8.6447,8.6447,8.6447,8.6447,8.6447,8.6447,8.6447,8.6447,8.6447,8.6447,8.6447,8.6447,8.6447,8.6447,8.6447,8.6447,8.6447,8.6447,8.6447,8.6447,8.6447,8.6447,8.6447,8.6447,8.6447,8.6447,8.6447,8.6447,8.6447,8.6447,8.6447,8.6447,8.6447,8.6447,8.6447,8.6447,8.6447,8.6447,8.6447,8.6447,8.6447,8.6447,8.6447,8.6447,8.6447,8.6447,8.6447,8.6447,8.6447,8.6447,8.6447,8.6447,8.6447,8.6447,8.6447,8.6447,8.6447,8.6447,8.6447,8.6447,8.6447,8.6447,8.6447,8.6447,8.6447,8.6447,8.6447,8.6447,8.6447,8.6447,8.6447,8.6447,8.6447,8.6447,8.6447,8.6447,8.6447,8.6447,8.6447,8.6447,8.6447,8.6447,8.6447,8.6447,8.6447,8.6447,8.6447,8.6447,8.6447,8.6447,8.6447,8.6447,8.6447,8.6447,8.6447,8.6447,8.6447,8.6447,8.6447,8.6447,8.6447,8.6447,8.6447,8.6447,8.6447,8.6447,8.6447,8.6447,8.6447,8.6447,8.6447,8.6447,8.6447,8.6447,8.6447,8.6447,8.6447,8.6447,8.6447,8.6447,8.6447,8.6447,8.6447,8.6447,8.6447,8.6447,8.6447,8.6447,8.6447,8.6447,8.6447,8.6447,8.6447,8.6447,8.6447,8.6447,8.6447,8.6447,8.6447,8.6447,8.6447,8.6447,8.6447,8.6447,8.6447,8.6447,8.6447,8.6447,8.6447,8.6447,8.6447,8.6447,8.6447,8.6447,8.6447,8.6447,8.6447,8.6447,8.6447,8.6447,8.6447,8.6447,8.6447,8.6447,8.6447,8.6447,8.6447,8.6447,8.6447,8.6447,8.6447,8.6447,8.6447,8.6447,8.6447,8.6447,8.6447,8.6447,8.6447,8.6447,8.6447,8.6447,8.6447,8.6447,8.6447,8.6447,8.6447,8.6447,8.6447,8.6447,8.6447,8.6447,8.6447,8.6447,8.6447,8.6447,8.6447,8.6447,8.6447,8.6447,8.6447,8.6447,8.6447,8.6447,8.6447,8.6447,8.6447,8.6447,8.6447,8.6447,8.6447,8.6447,8.6447,8.6447,8.6447,8.6447,8.6447,8.6447,8.6447,8.6447,8.6447,8.6447,8.6447,8.6447,8.6447,8.6447,8.6447,8.6447,8.6447,8.6447,8.6447,8.6447,8.6447,8.6447,8.6447,8.6447,8.6447,8.6447,8.6447,8.6447,8.6447,8.6447,8.6447,8.6447,8.6447,8.6447,8.6447,8.6447,8.6447,8.6447,8.6447,8.6447,8.6447,8.6447,8.6447,8.6447,8.6447,8.6447,8.6447,8.6447,8.6447,8.6447,8.6447,8.6447,8.6447,8.6447,8.6447,8.6447,8.6447,8.6447,8.6447,8.6447,8.6447,8.6447,8.6447,8.6447,8.6447,8.6447,8.6447,8.6447,8.6447,8.6447,8.6447,8.6447,8.6447,8.6447,8.6447,8.6447,8.6447,8.6447,8.6447,8.6447,8.6447,8.6447,8.6447,8.6447,8.6447,8.6447,8.6447,8.6447,8.6447,8.6447,8.6447,8.6447,8.6447,8.6447,8.6447,8.6447,8.6447,8.6447,8.6447,8.6447,8.6447,8.6447,8.6447,8.6447,8.6447,8.6447,8.6447,8.6447,8.6447,8.6447,8.6447,8.6447,8.6447,8.6447,8.6447,8.6447,8.6447,8.6447,8.6447,8.6447,8.6447,8.6447,8.6447,8.6447,8.6447,8.6447,8.6447,8.6447,8.6447,8.6447,8.6447,8.6447,8.6447,8.6447,8.6447,8.6447,8.6447,8.6447,8.6447,8.6447,8.6447,8.6447,8.6447,8.6447,8.6447,8.6447,8.6447,8.6447,8.6447,8.6447,8.6447,8.6447,8.6447,8.6447,8.6447,8.6447,8.6447,8.6447,8.6447,8.6447,8.6447,8.6447,8.6447,8.6447,8.6447,8.6447,8.6447,8.6447,8.6447,8.6447,8.6447,8.6447,8.6447,8.6447,8.6447,8.6447,8.6447,8.6447,8.6447,8.6447,8.6447,8.6447,8.6447,8.6447,8.6447,8.6447,8.6447,8.6447,8.6447,8.6447,8.6447,8.6447,8.6447,8.6447,8.6447,8.6447,8.6447,8.6447,8.6447,8.6447,8.6447,8.6447,8.6447,8.6447,8.6447,8.6447,8.6447,8.6447,8.6447,8.6447,8.6447,8.6447,8.6447,8.6447,8.6447,8.6447,8.6447,8.6447,8.6447,8.6447,8.6447,8.6447,8.6447,8.6447,8.6447,8.6447,8.6447,8.6447,8.6447,8.6447,8.6447,8.6447,8.6447,8.6447,8.6447,8.6447,8.6447,8.6447,8.6447,8.6447,8.6447,8.6447,8.6447,8.6447,8.6447,8.6447,8.6447,8.6447,8.6447,8.6447,8.6447,8.6447,8.6447,8.6447,8.6447,8.6447,8.6447,8.6447,8.6447,8.6447,8.6447,8.6447,8.6447,8.6447,8.6447,8.6447,8.6447,8.6447,8.6447,8.6447,8.6447,8.6447,8.6447,8.6447,8.6447,8.6447,8.6447,8.6447,8.6447,8.6447,8.6447,8.6447,8.6447,8.6447,8.6447,8.6447,8.6447,8.6447,8.6447,8.6447,8.6447,8.6447,8.6447,8.6447,8.6447,8.6447,8.6447,8.6447,8.6447,8.6447,8.6447,8.6447,8.6447,8.6447,8.6447,8.6447,8.6447,8.6447,8.6447,8.6447,8.6447,8.6447,8.6447,8.6447,8.6447,8.6447,8.6447,8.6447,8.6447,8.6447,8.6447,8.6447,8.6447,8.6447,8.6447,8.6447,8.6447,8.6447,8.6447,8.6447,8.6447,8.6447,8.6447,8.6447,8.6447,8.6447,8.6447,8.6447,8.6447,8.6447,8.6447,8.6447,8.6447,8.6447,8.6447,8.6447,8.6447,8.6447,8.6447,8.6447,8.6447,8.6447,8.6447,8.6447,8.6447,8.6447,8.6447,8.6447,8.6447,8.6447,8.6447,8.6447,8.6447,8.6447,8.6447,8.6447,8.6447,8.6447,8.6447,8.6447,8.6447,8.6447,8.6447,8.6447,8.6447,8.6447,8.6447,8.6447,8.6447,8.6447,8.6447,8.6447,8.6447,8.6447,8.6447,8.6447,8.6447,8.6447,8.6447,8.6447,8.6447,8.6447,8.6447,8.6447,8.6447,8.6447,8.6447,8.6447,8.6447,8.6447,8.6447,8.6447,8.6447,8.6447,8.6447,8.6447,8.6447,8.6447,8.6447,8.6447,8.6447,8.6447,8.6447,8.6447,8.6447,8.6447,8.6447,8.6447,8.6447,8.6447,8.6447,8.6447,8.6447,8.6447,8.6447,8.6447,8.6447,8.6447,8.6447,8.6447,8.6447,8.6447,8.6447,8.6447,8.6447,8.6447,8.6447,8.6447,8.6447,8.6447,8.6447,8.6447,8.6447,8.6447,8.6447,8.6447,8.6447,8.6447,8.6447,8.6447,8.6447,8.6447,8.6447,8.6447,8.6447,8.6447,8.6447,8.6447,8.6447,8.6447,8.6447,8.6447,8.6447,8.6447,8.6447,8.6447,8.6447,8.6447,8.6447,8.6447,8.6447,8.6447,8.6447,8.6447,8.6447,8.6447,8.6447,8.6447,8.6447,8.6447,8.6447,8.6447,8.6447,8.6447,8.6447,8.6447,8.6447,8.6447,8.6447,8.6447,8.6447,8.6447,8.6447,8.6447,8.6447,8.6447,8.6447,8.6447,8.6447,8.6447,8.6447,8.6447,8.6447,8.6447,8.6447,8.6447,8.6447,8.6447,8.6447,8.6447,8.6447,8.6447,8.6447,8.6447,8.6447,8.6447,8.6447,8.6447,8.6447,8.6447,8.6447,8.6447,8.6447,8.6447,8.6447,8.6447,8.6447,8.6447,8.6447,8.6447,8.6447,8.6447,8.6447,8.6447,8.6447,8.6447,8.6447,8.6447,8.6447,8.6447,8.6447,8.6447,8.6447,8.6447,8.6447,8.6447,8.6447,8.6447,8.6447,8.6447,8.6447,8.6447,8.6447,8.6447,8.6447,8.6447,8.6447,8.6447,8.6447,8.6447,8.6447,8.6447,8.6447,8.6447,8.6447,8.6447,8.6447,8.6447,8.6447,8.6447,8.6447,8.6447,8.6447,8.6447,8.6447,8.6447,8.6447,8.6447,8.6447,8.6447,8.6447,8.6447,8.6447,8.6447,8.6447,8.6447,8.6447,8.6447,8.6447,8.6447,8.6447,8.6447,8.6447,8.6447,8.6447,8.6447,8.6447,8.6447,8.6447,8.6447,8.6447,8.6447,8.6447,8.6447,8.6447,8.6447,8.6447,8.6447,8.6447,8.6447,8.6447,8.6447,8.6447,8.6447,8.6447,8.6447,8.6447,8.6447,8.6447,8.6447,8.6447,8.6447,8.6447,8.6447,8.6447,8.6447,8.6447,8.6447,8.6447,8.6447,8.6447,8.6447,8.6447,8.6447,8.6447,8.6447,8.6447,8.6447,8.6447,8.6447,8.6447,8.6447,8.6447,8.6447,8.6447,8.6447,8.6447,8.6447,8.6447,8.6447,8.6447,8.6447,8.6447,8.6447,8.6447,8.6447,8.6447,8.6447,8.6447,8.6447,8.6447,8.6447,8.6447,8.6447,8.6447,8.6447,8.6447,8.6447,8.6447,8.6447,8.6447,8.6447,8.6447,8.6447,8.6447,8.6447,8.6447,8.6447,8.6447,8.6447,8.6447,8.6447,8.6447,8.6447,8.6447,8.6447,8.6447,8.6447,8.6447,8.6447,8.6447,8.6447,8.6447,8.6447,8.6447,8.6447,8.6447,8.6447,8.6447,8.6447,8.6447,8.6447,8.6447,8.6447,8.6447,8.6447,8.6447,8.6447,8.6447,8.6447,8.6447,8.6447,8.6447,8.6447,8.6447,8.6447,8.6447
8.6367,8.6367,8.6367,8.6367,8.6367,8.6367,8.6367,8.6367,8.6367,8.6367,8.6367,8.6367,8.6367,8.6367,8.6367,8.6367,8.6367,8.6367,8.6367,8.6367,8.6367,8.6367,8.6367,8.6367,8.6367,8.6367,8.6367,8.6367,8.6367,8.6367,8.6367,8.6367,8.6367,8.6367,8.6367,8.6367,8.6367,8.6367,8.6367,8.6367,8.6367,8.6367,8.6367,8.6367,8.6367,8.6367,8.6367,8.6367,8.6367,8.6367,8.6367,8.6367,8.6367,8.6367,8.6367,8.6367,8.6367,8.6367,8.6367,8.6367,8.6367,8.6367,8.6367,8.6367,8.6367,8.6367,8.6367,8.6367,8.6367,8.6367,8.6367,8.6367,8.6367,8.6367,8.6367,8.6367,8.6367,8.6367,8.6367,8.6367,8.6367,8.6367,8.6367,8.6367,8.6367,8.6367,8.6367,8.6367,8.6367,8.6367,8.6367,8.6367,8.6367,8.6367,8.6367,8.6367,8.6367,8.6367,8.6367,8.6367,8.6367,8.6367,8.6367,8.6367,8.6367,8.6367,8.6367,8.6367,8.6367,8.6367,8.6367,8.6367,8.6367,8.6367,8.6367,8.6367,8.6367,8.6367,8.6367,8.6367,8.6367,8.6367,8.6367,8.6367,8.6367,8.6367,8.6367,8.6367,8.6367,8.6367,8.6367,8.6367,8.6367,8.6367,8.6367,8.6367,8.6367,8.6367,8.6367,8.6367,8.6367,8.6367,8.6367,8.6367,8.6367,8.6367,8.6367,8.6367,8.6367,8.6367,8.6367,8.6367,8.6367,8.6367,8.6367,8.6367,8.6367,8.6367,8.6367,8.6367,8.6367,8.6367,8.6367,8.6367,8.6367,8.6367,8.6367,8.6367,8.6367,8.6367,8.6367,8.6367,8.6367,8.6367,8.6367,8.6367,8.6367,8.6367,8.6367,8.6367,8.6367,8.6367,8.6367,8.6367,8.6367,8.6367,8.6367,8.6367,8.6367,8.6367,8.6367,8.6367,8.6367,8.6367,8.6367,8.6367,8.6367,8.6367,8.6367,8.6367,8.6367,8.6367,8.6367,8.6367,8.6367,8.6367,8.6367,8.6367,8.6367,8.6367,8.6367,8.6367,8.6367,8.6367,8.6367,8.6367,8.6367,8.6367,8.6367,8.6367,8.6367,8.6367,8.6367,8.6367,8.6367,8.6367,8.6367,8.6367,8.6367,8.6367,8.6367,8.6367,8.6367,8.6367,8.6367,8.6367,8.6367,8.6367,8.6367,8.6367,8.6367,8.6367,8.6367,8.6367,8.6367,8.6367,8.6367,8.6367,8.6367,8.6367,8.6367,8.6367,8.6367,8.6367,8.6367,8.6367,8.6367,8.6367,8.6367,8.6367,8.6367,8.6367,8.6367,8.6367,8.6367,8.6367,8.6367,8.6367,8.6367,8.6367,8.6367,8.6367,8.6367,8.6367,8.6367,8.6367,8.6367,8.6367,8.6367,8.6367,8.6367,8.6367,8.6367,8.6367,8.6367,8.6367,8.6367,8.6367,8.6367,8.6367,8.6367,8.6367,8.6367,8.6367,8.6367,8.6367,8.6367,8.6367,8.6367,8.6367,8.6367,8.6367,8.6367,8.6367,8.6367,8.6367,8.6367,8.6367,8.6367,8.6367,8.6367,8.6367,8.6367,8.6367,8.6367,8.6367,8.6367,8.6367,8.6367,8.6367,8.6367,8.6367,8.6367,8.6367,8.6367,8.6367,8.6367,8.6367,8.6367,8.6367,8.6367,8.6367,8.6367,8.6367,8.6367,8.6367,8.6367,8.6367,8.6367,8.6367,8.6367,8.6367,8.6367,8.6367,8.6367,8.6367,8.6367,8.6367,8.6367,8.6367,8.6367,8.6367,8.6367,8.6367,8.6367,8.6367,8.6367,8.6367,8.6367,8.6367,8.6367,8.6367,8.6367,8.6367,8.6367,8.6367,8.6367,8.6367,8.6367,8.6367,8.6367,8.6367,8.6367,8.6367,8.6367,8.6367,8.6367,8.6367,8.6367,8.6367,8.6367,8.6367,8.6367,8.6367,8.6367,8.6367,8.6367,8.6367,8.6367,8.6367,8.6367,8.6367,8.6367,8.6367,8.6367,8.6367,8.6367,8.6367,8.6367,8.6367,8.6367,8.6367,8.6367,8.6367,8.6367,8.6367,8.6367,8.6367,8.6367,8.6367,8.6367,8.6367,8.6367,8.6367,8.6367,8.6367,8.6367,8.6367,8.6367,8.6367,8.6367,8.6367,8.6367,8.6367,8.6367,8.6367,8.6367,8.6367,8.6367,8.6367,8.6367,8.6367,8.6367,8.6367,8.6367,8.6367,8.6367,8.6367,8.6367,8.6367,8.6367,8.6367,8.6367,8.6367,8.6367,8.6367,8.6367,8.6367,8.6367,8.6367,8.6367,8.6367,8.6367,8.6367,8.6367,8.6367,8.6367,8.6367,8.6367,8.6367,8.6367,8.6367,8.6367,8.6367,8.6367,8.6367,8.6367,8.6367,8.6367,8.6367,8.6367,8.6367,8.6367,8.6367,8.6367,8.6367,8.6367,8.6367,8.6367,8.6367,8.6367,8.6367,8.6367,8.6367,8.6367,8.6367,8.6367,8.6367,8.6367,8.6367,8.6367,8.6367,8.6367,8.6367,8.6367,8.6367,8.6367,8.6367,8.6367,8.6367,8.6367,8.6367,8.6367,8.6367,8.6367,8.6367,8.6367,8.6367,8.6367,8.6367,8.6367,8.6367,8.6367,8.6367,8.6367,8.6367,8.6367,8.6367,8.6367,8.6367,8.6367,8.6367,8.6367,8.6367,8.6367,8.6367,8.6367,8.6367,8.6367,8.6367,8.6367,8.6367,8.6367,8.6367,8.6367,8.6367,8.6367,8.6367,8.6367,8.6367,8.6367,8.6367,8.6367,8.6367,8.6367,8.6367,8.6367,8.6367,8.6367,8.6367,8.6367,8.6367,8.6367,8.6367,8.6367,8.6367,8.6367,8.6367,8.6367,8.6367,8.6367,8.6367,8.6367,8.6367,8.6367,8.6367,8.6367,8.6367,8.6367,8.6367,8.6367,8.6367,8.6367,8.6367,8.6367,8.6367,8.6367,8.6367,8.6367,8.6367,8.6367,8.6367,8.6367,8.6367,8.6367,8.6367,8.6367,8.6367,8.6367,8.6367,8.6367,8.6367,8.6367,8.6367,8.6367,8.6367,8.6367,8.6367,8.6367,8.6367,8.6367,8.6367,8.6367,8.6367,8.6367,8.6367,8.6367,8.6367,8.6367,8.6367,8.6367,8.6367,8.6367,8.6367,8.6367,8.6367,8.6367,8.6367,8.6367,8.6367,8.6367,8.6367,8.6367,8.6367,8.6367,8.6367,8.6367,8.6367,8.6367,8.6367,8.6367,8.6367,8.6367,8.6367,8.6367,8.6367,8.6367,8.6367,8.6367,8.6367,8.6367,8.6367,8.6367,8.6367,8.6367,8.6367,8.6367,8.6367,8.6367,8.6367,8.6367,8.6367,8.6367,8.6367,8.6367,8.6367,8.6367,8.6367,8.6367,8.6367,8.6367,8.6367,8.6367,8.6367,8.6367,8.6367,8.6367,8.6367,8.6367,8.6367,8.6367,8.6367,8.6367,8.6367,8.6367,8.6367,8.6367,8.6367,8.6367,8.6367,8.6367,8.6367,8.6367,8.6367,8.6367,8.6367,8.6367,8.6367,8.6367,8.6367,8.6367,8.6367,8.6367,8.6367,8.6367,8.6367,8.6367,8.6367,8.6367,8.6367,8.6367,8.6367,8.6367,8.6367,8.6367,8.6367,8.6367,8.6367,8.6367,8.6367,8.6367,8.6367,8.6367,8.6367,8.6367,8.6367,8.6367,8.6367,8.6367,8.6367,8.6367,8.6367,8.6367,8.6367,8.6367,8.6367,8.6367,8.6367,8.6367,8.6367,8.6367,8.6367,8.6367,8.6367,8.6367,8.6367,8.6367,8.6367,8.6367,8.6367,8.6367,8.6367,8.6367,8.6367,8.6367,8.6367,8.6367,8.6367,8.6367,8.6367,8.6367,8.6367,8.6367,8.6367,8.6367,8.6367,8.6367,8.6367,8.6367,8.6367,8.6367,8.6367,8.6367,8.6367,8.6367,8.6367,8.6367,8.6367,8.6367,8.6367,8.6367,8.6367,8.6367,8.6367,8.6367,8.6367,8.6367,8.6367,8.6367,8.6367,8.6367,8.6367,8.6367,8.6367,8.6367,8.6367,8.6367,8.6367,8.6367,8.6367,8.6367,8.6367,8.6367,8.6367,8.6367,8.6367,8.6367,8.6367,8.6367,8.6367,8.6367,8.6367,8.6367,8.6367,8.6367,8.6367,8.6367,8.6367,8.6367,8.6367,8.6367,8.6367,8.6367,8.6367,8.6367,8.6367,8.6367,8.6367,8.6367,8.6367,8.6367,8.6367,8.6367,8.6367,8.6367,8.6367,8.6367,8.6367,8.6367,8.6367,8.6367,8.6367,8.6367,8.6367,8.6367,8.6367,8.6367,8.6367,8.6367,8.6367,8.6367,8.6367,8.6367,8.6367,8.6367,8.6367,8.6367,8.6367,8.6367,8.6367,8.6367,8.6367,8.6367,8.6367,8.6367,8.6367,8.6367,8.6367,8.6367,8.6367,8.6367,8.6367,8.6367,8.6367,8.6367,8.6367,8.6367,8.6367,8.6367,8.6367,8.6367,8.6367,8.6367,8.6367,8.6367,8.6367,8.6367,8.6367,8.6367,8.6367,8.6367,8.6367,8.6367,8.6367,8.6367,8.6367,8.6367,8.6367,8.6367,8.6367,8.6367,8.6367,8.6367,8.6367,8.6367,8.6367,8.6367,8.6367,8.6367,8.6367,8.6367,8.6367,8.6367,8.6367,8.6367,8.6367,8.6367,8.6367,8.6367,8.6367,8.6367,8.6367,8.6367,8.6367,8.6367,8.6367,8.6367,8.6367,8.6367,8.6367,8.6367,8.6367,8.6367,8.6367,8.6367,8.6367,8.6367,8.6367,8.6367,8.6367,8.6367,8.6367,8.6367,8.6367,8.6367,8.6367,8.6367,8.6367,8.6367,8.6367,8.6367,8.6367,8.6367,8.6367,8.6367,8.6367,8.6367,8.6367,8.6367,8.6367,8.6367,8.6367,8.6367,8.6367,8.6367,8.6367,8.6367,8.6367,8.6367,8.6367
8.6282,8.6282,8.6282,8.6282,8.6282,8.6282,8.6282,8.6282,8.6282,8.6282,8.6282,8.6282,8.6282,8.6282,8.6282,8.6282,8.6282,8.6282,8.6282,8.6282,8.6282,8.6282,8.6282,8.6282,8.6282,8.6282,8.6282,8.6282,8.6282,8.6282,8.6282,8.6282,8.6282,8.6282,8.6282,8.6282,8.6282,8.6282,8.6282,8.6282,8.6282,8.6282,8.6282,8.6282,8.6282,8.6282,8.6282,8.6282,8.6282,8.6282,8.6282,8.6282,8.6282,8.6282,8.6282,8.6282,8.6282,8.6282,8.6282,8.6282,8.6282,8.6282,8.6282,8.6282,8.6282,8.6282,8.6282,8.6282,8.6282,8.6282,8.6282,8.6282,8.6282,8.6282,8.6282,8.6282,8.6282,8.6282,8.6282,8.6282,8.6282,8.6282,8.6282,8.6282,8.6282,8.6282,8.6282,8.6282,8.6282,8.6282,8.6282,8.6282,8.6282,8.6282,8.6282,8.6282,8.6282,8.6282,8.6282,8.6282,8.6282,8.6282,8.6282,8.6282,8.6282,8.6282,8.6282,8.6282,8.6282,8.6282,8.6282,8.6282,8.6282,8.6282,8.6282,8.6282,8.6282,8.6282,8.6282,8.6282,8.6282,8.6282,8.6282,8.6282,8.6282,8.6282,8.6282,8.6282,8.6282,8.6282,8.6282,8.6282,8.6282,8.6282,8.6282,8.6282,8.6282,8.6282,8.6282,8.6282,8.6282,8.6282,8.6282,8.6282,8.6282,8.6282,8.6282,8.6282,8.6282,8.6282,8.6282,8.6282,8.6282,8.6282,8.6282,8.6282,8.6282,8.6282,8.6282,8.6282,8.6282,8.6282,8.6282,8.6282,8.6282,8.6282,8.6282,8.6282,8.6282,8.6282,8.6282,8.6282,8.6282,8.6282,8.6282,8.6282,8.6282,8.6282,8.6282,8.6282,8.6282,8.6282,8.6282,8.6282,8.6282,8.6282,8.6282,8.6282,8.6282,8.6282,8.6282,8.6282,8.6282,8.6282,8.6282,8.6282,8.6282,8.6282,8.6282,8.6282,8.6282,8.6282,8.6282,8.6282,8.6282,8.6282,8.6282,8.6282,8.6282,8.6282,8.6282,8.6282,8.6282,8.6282,8.6282,8.6282,8.6282,8.6282,8.6282,8.6282,8.6282,8.6282,8.6282,8.6282,8.6282,8.6282,8.6282,8.6282,8.6282,8.6282,8.6282,8.6282,8.6282,8.6282,8.6282,8.6282,8.6282,8.6282,8.6282,8.6282,8.6282,8.6282,8.6282,8.6282,8.6282,8.6282,8.6282,8.6282,8.6282,8.6282,8.6282,8.6282,8.6282,8.6282,8.6282,8.6282,8.6282,8.6282,8.6282,8.6282,8.6282,8.6282,8.6282,8.6282,8.6282,8.6282,8.6282,8.6282,8.6282,8.6282,8.6282,8.6282,8.6282,8.6282,8.6282,8.6282,8.6282,8.6282,8.6282,8.6282,8.6282,8.6282,8.6282,8.6282,8.6282,8.6282,8.6282,8.6282,8.6282,8.6282,8.6282,8.6282,8.6282,8.6282,8.6282,8.6282,8.6282,8.6282,8.6282,8.6282,8.6282,8.6282,8.6282,8.6282,8.6282,8.6282,8.6282,8.6282,8.6282,8.6282,8.6282,8.6282,8.6282,8.6282,8.6282,8.6282,8.6282,8.6282,8.6282,8.6282,8.6282,8.6282,8.6282,8.6282,8.6282,8.6282,8.6282,8.6282,8.6282,8.6282,8.6282,8.6282,8.6282,8.6282,8.6282,8.6282,8.6282,8.6282,8.6282,8.6282,8.6282,8.6282,8.6282,8.6282,8.6282,8.6282,8.6282,8.6282,8.6282,8.6282,8.6282,8.6282,8.6282,8.6282,8.6282,8.6282,8.6282,8.6282,8.6282,8.6282,8.6282,8.6282,8.6282,8.6282,8.6282,8.6282,8.6282,8.6282,8.6282,8.6282,8.6282,8.6282,8.6282,8.6282,8.6282,8.6282,8.6282,8.6282,8.6282,8.6282,8.6282,8.6282,8.6282,8.6282,8.6282,8.6282,8.6282,8.6282,8.6282,8.6282,8.6282,8.6282,8.6282,8.6282,8.6282,8.6282,8.6282,8.6282,8.6282,8.6282,8.6282,8.6282,8.6282,8.6282,8.6282,8.6282,8.6282,8.6282,8.6282,8.6282,8.6282,8.6282,8.6282,8.6282,8.6282,8.6282,8.6282,8.6282,8.6282,8.6282,8.6282,8.6282,8.6282,8.6282,8.6282,8.6282,8.6282,8.6282,8.6282,8.6282,8.6282,8.6282,8.6282,8.6282,8.6282,8.6282,8.6282,8.6282,8.6282,8.6282,8.6282,8.6282,8.6282,8.6282,8.6282,8.6282,8.6282,8.6282,8.6282,8.6282,8.6282,8.6282,8.6282,8.6282,8.6282,8.6282,8.6282,8.6282,8.6282,8.6282,8.6282,8.6282,8.6282,8.6282,8.6282,8.6282,8.6282,8.6282,8.6282,8.6282,8.6282,8.6282,8.6282,8.6282,8.6282,8.6282,8.6282,8.6282,8.6282,8.6282,8.6282,8.6282,8.6282,8.6282,8.6282,8.6282,8.6282,8.6282,8.6282,8.6282,8.6282,8.6282,8.6282,8.6282,8.6282,8.6282,8.6282,8.6282,8.6282,8.6282,8.6282,8.6282,8.6282,8.6282,8.6282,8.6282,8.6282,8.6282,8.6282,8.6282,8.6282,8.6282,8.6282,8.6282,8.6282,8.6282,8.6282,8.6282,8.6282,8.6282,8.6282,8.6282,8.6282,8.6282,8.6282,8.6282,8.6282,8.6282,8.6282,8.6282,8.6282,8.6282,8.6282,8.6282,8.6282,8.6282,8.6282,8.6282,8.6282,8.6282,8.6282,8.6282,8.6282,8.6282,8.6282,8.6282,8.6282,8.6282,8.6282,8.6282,8.6282,8.6282,8.6282,8.6282,8.6282,8.6282,8.6282,8.6282,8.6282,8.6282,8.6282,8.6282,8.6282,8.6282,8.6282,8.6282,8.6282,8.6282,8.6282,8.6282,8.6282,8.6282,8.6282,8.6282,8.6282,8.6282,8.6282,8.6282,8.6282,8.6282,8.6282,8.6282,8.6282,8.6282,8.6282,8.6282,8.6282,8.6282,8.6282,8.6282,8.6282,8.6282,8.6282,8.6282,8.6282,8.6282,8.6282,8.6282,8.6282,8.6282,8.6282,8.6282,8.6282,8.6282,8.6282,8.6282,8.6282,8.6282,8.6282,8.6282,8.6282,8.6282,8.6282,8.6282,8.6282,8.6282,8.6282,8.6282,8.6282,8.6282,8.6282,8.6282,8.6282,8.6282,8.6282,8.6282,8.6282,8.6282,8.6282,8.6282,8.6282,8.6282,8.6282,8.6282,8.6282,8.6282,8.6282,8.6282,8.6282,8.6282,8.6282,8.6282,8.6282,8.6282,8.6282,8.6282,8.6282,8.6282,8.6282,8.6282,8.6282,8.6282,8.6282,8.6282,8.6282,8.6282,8.6282,8.6282,8.6282,8.6282,8.6282,8.6282,8.6282,8.6282,8.6282,8.6282,8.6282,8.6282,8.6282,8.6282,8.6282,8.6282,8.6282,8.6282,8.6282,8.6282,8.6282,8.6282,8.6282,8.6282,8.6282,8.6282,8.6282,8.6282,8.6282,8.6282,8.6282,8.6282,8.6282,8.6282,8.6282,8.6282,8.6282,8.6282,8.6282,8.6282,8.6282,8.6282,8.6282,8.6282,8.6282,8.6282,8.6282,8.6282,8.6282,8.6282,8.6282,8.6282,8.6282,8.6282,8.6282,8.6282,8.6282,8.6282,8.6282,8.6282,8.6282,8.6282,8.6282,8.6282,8.6282,8.6282,8.6282,8.6282,8.6282,8.6282,8.6282,8.6282,8.6282,8.6282,8.6282,8.6282,8.6282,8.6282,8.6282,8.6282,8.6282,8.6282,8.6282,8.6282,8.6282,8.6282,8.6282,8.6282,8.6282,8.6282,8.6282,8.6282,8.6282,8.6282,8.6282,8.6282,8.6282,8.6282,8.6282,8.6282,8.6282,8.6282,8.6282,8.6282,8.6282,8.6282,8.6282,8.6282,8.6282,8.6282,8.6282,8.6282,8.6282,8.6282,8.6282,8.6282,8.6282,8.6282,8.6282,8.6282,8.6282,8.6282,8.6282,8.6282,8.6282,8.6282,8.6282,8.6282,8.6282,8.6282,8.6282,8.6282,8.6282,8.6282,8.6282,8.6282,8.6282,8.6282,8.6282,8.6282,8.6282,8.6282,8.6282,8.6282,8.6282,8.6282,8.6282,8.6282,8.6282,8.6282,8.6282,8.6282,8.6282,8.6282,8.6282,8.6282,8.6282,8.6282,8.6282,8.6282,8.6282,8.6282,8.6282,8.6282,8.6282,8.6282,8.6282,8.6282,8.6282,8.6282,8.6282,8.6282,8.6282,8.6282,8.6282,8.6282,8.6282,8.6282,8.6282,8.6282,8.6282,8.6282,8.6282,8.6282,8.6282,8.6282,8.6282,8.6282,8.6282,8.6282,8.6282,8.6282,8.6282,8.6282,8.6282,8.6282,8.6282,8.6282,8.6282,8.6282,8.6282,8.6282,8.6282,8.6282,8.6282,8.6282,8.6282,8.6282,8.6282,8.6282,8.6282,8.6282,8.6282,8.6282,8.6282,8.6282,8.6282,8.6282,8.6282,8.6282,8.6282,8.6282,8.6282,8.6282,8.6282,8.6282,8.6282,8.6282,8.6282,8.6282,8.6282,8.6282,8.6282,8.6282,8.6282,8.6282,8.6282,8.6282,8.6282,8.6282,8.6282,8.6282,8.6282,8.6282,8.6282,8.6282,8.6282,8.6282,8.6282,8.6282,8.6282,8.6282,8.6282,8.6282,8.6282,8.6282,8.6282,8.6282,8.6282,8.6282,8.6282,8.6282,8.6282,8.6282,8.6282,8.6282,8.6282,8.6282,8.6282,8.6282,8.6282,8.6282,8.6282,8.6282,8.6282,8.6282,8.6282,8.6282,8.6282,8.6282,8.6282,8.6282,8.6282,8.6282,8.6282,8.6282,8.6282,8.6282,8.6282,8.6282,8.6282,8.6282,8.6282,8.6282,8.6282,8.6282,8.6282,8.6282,8.6282,8.6282,8.6282,8.6282,8.6282,8.6282
8.6207,8.6207,8.6207,8.6207,8.6207,8.6207,8.6207,8.6207,8.6207,8.6207,8.6207,8.6207,8.6207,8.6207,8.6207,8.6207,8.6207,8.6207,8.6207,8.6207,8.6207,8.6207,8.6207,8.6207,8.6207,8.6207,8.6207,8.6207,8.6207,8.6207,8.6207,8.6207,8.6207,8.6207,8.6207,8.6207,8.6207,8.6207,8.6207,8.6207,8.6207,8.6207,8.6207,8.6207,8.6207,8.6207,8.6207,8.6207,8.6207,8.6207,8.6207,8.6207,8.6207,8.6207,8.6207,8.6207,8.6207,8.6207,8.6207,8.6207,8.6207,8.6207,8.6207,8.6207,8.6207,8.6207,8.6207,8.6207,8.6207,8.6207,8.6207,8.6207,8.6207,8.6207,8.6207,8.6207,8.6207,8.6207,8.6207,8.6207,8.6207,8.6207,8.6207,8.6207,8.6207,8.6207,8.6207,8.6207,8.6207,8.6207,8.6207,8.6207,8.6207,8.6207,8.6207,8.6207,8.6207,8.6207,8.6207,8.6207,8.6207,8.6207,8.6207,8.6207,8.6207,8.6207,8.6207,8.6207,8.6207,8.6207,8.6207,8.6207,8.6207,8.6207,8.6207,8.6207,8.6207,8.6207,8.6207,8.6207,8.6207,8.6207,8.6207,8.6207,8.6207,8.6207,8.6207,8.6207,8.6207,8.6207,8.6207,8.6207,8.6207,8.6207,8.6207,8.6207,8.6207,8.6207,8.6207,8.6207,8.6207,8.6207,8.6207,8.6207,8.6207,8.6207,8.6207,8.6207,8.6207,8.6207,8.6207,8.6207,8.6207,8.6207,8.6207,8.6207,8.6207,8.6207,8.6207,8.6207,8.6207,8.6207,8.6207,8.6207,8.6207,8.6207,8.6207,8.6207,8.6207,8.6207,8.6207,8.6207,8.6207,8.6207,8.6207,8.6207,8.6207,8.6207,8.6207,8.6207,8.6207,8.6207,8.6207,8.6207,8.6207,8.6207,8.6207,8.6207,8.6207,8.6207,8.6207,8.6207,8.6207,8.6207,8.6207,8.6207,8.6207,8.6207,8.6207,8.6207,8.6207,8.6207,8.6207,8.6207,8.6207,8.6207,8.6207,8.6207,8.6207,8.6207,8.6207,8.6207,8.6207,8.6207,8.6207,8.6207,8.6207,8.6207,8.6207,8.6207,8.6207,8.6207,8.6207,8.6207,8.6207,8.6207,8.6207,8.6207,8.6207,8.6207,8.6207,8.6207,8.6207,8.6207,8.6207,8.6207,8.6207,8.6207,8.6207,8.6207,8.6207,8.6207,8.6207,8.6207,8.6207,8.6207,8.6207,8.6207,8.6207,8.6207,8.6207,8.6207,8.6207,8.6207,8.6207,8.6207,8.6207,8.6207,8.6207,8.6207,8.6207,8.6207,8.6207,8.6207,8.6207,8.6207,8.6207,8.6207,8.6207,8.6207,8.6207,8.6207,8.6207,8.6207,8.6207,8.6207,8.6207,8.6207,8.6207,8.6207,8.6207,8.6207,8.6207,8.6207,8.6207,8.6207,8.6207,8.6207,8.6207,8.6207,8.6207,8.6207,8.6207,8.6207,8.6207,8.6207,8.6207,8.6207,8.6207,8.6207,8.6207,8.6207,8.6207,8.6207,8.6207,8.6207,8.6207,8.6207,8.6207,8.6207,8.6207,8.6207,8.6207,8.6207,8.6207,8.6207,8.6207,8.6207,8.6207,8.6207,8.6207,8.6207,8.6207,8.6207,8.6207,8.6207,8.6207,8.6207,8.6207,8.6207,8.6207,8.6207,8.6207,8.6207,8.6207,8.6207,8.6207,8.6207,8.6207,8.6207,8.6207,8.6207,8.6207,8.6207,8.6207,8.6207,8.6207,8.6207,8.6207,8.6207,8.6207,8.6207,8.6207,8.6207,8.6207,8.6207,8.6207,8.6207,8.6207,8.6207,8.6207,8.6207,8.6207,8.6207,8.6207,8.6207,8.6207,8.6207,8.6207,8.6207,8.6207,8.6207,8.6207,8.6207,8.6207,8.6207,8.6207,8.6207,8.6207,8.6207,8.6207,8.6207,8.6207,8.6207,8.6207,8.6207,8.6207,8.6207,8.6207,8.6207,8.6207,8.6207,8.6207,8.6207,8.6207,8.6207,8.6207,8.6207,8.6207,8.6207,8.6207,8.6207,8.6207,8.6207,8.6207,8.6207,8.6207,8.6207,8.6207,8.6207,8.6207,8.6207,8.6207,8.6207,8.6207,8.6207,8.6207,8.6207,8.6207,8.6207,8.6207,8.6207,8.6207,8.6207,8.6207,8.6207,8.6207,8.6207,8.6207,8.6207,8.6207,8.6207,8.6207,8.6207,8.6207,8.6207,8.6207,8.6207,8.6207,8.6207,8.6207,8.6207,8.6207,8.6207,8.6207,8.6207,8.6207,8.6207,8.6207,8.6207,8.6207,8.6207,8.6207,8.6207,8.6207,8.6207,8.6207,8.6207,8.6207,8.6207,8.6207,8.6207,8.6207,8.6207,8.6207,8.6207,8.6207,8.6207,8.6207,8.6207,8.6207,8.6207,8.6207,8.6207,8.6207,8.6207,8.6207,8.6207,8.6207,8.6207,8.6207,8.6207,8.6207,8.6207,8.6207,8.6207,8.6207,8.6207,8.6207,8.6207,8.6207,8.6207,8.6207,8.6207,8.6207,8.6207,8.6207,8.6207,8.6207,8.6207,8.6207,8.6207,8.6207,8.6207,8.6207,8.6207,8.6207,8.6207,8.6207,8.6207,8.6207,8.6207,8.6207,8.6207,8.6207,8.6207,8.6207,8.6207,8.6207,8.6207,8.6207,8.6207,8.6207,8.6207,8.6207,8.6207,8.6207,8.6207,8.6207,8.6207,8.6207,8.6207,8.6207,8.6207,8.6207,8.6207,8.6207,8.6207,8.6207,8.6207,8.6207,8.6207,8.6207,8.6207,8.6207,8.6207,8.6207,8.6207,8.6207,8.6207,8.6207,8.6207,8.6207,8.6207,8.6207,8.6207,8.6207,8.6207,8.6207,8.6207,8.6207,8.6207,8.6207,8.6207,8.6207,8.6207,8.6207,8.6207,8.6207,8.6207,8.6207,8.6207,8.6207,8.6207,8.6207,8.6207,8.6207,8.6207,8.6207,8.6207,8.6207,8.6207,8.6207,8.6207,8.6207,8.6207,8.6207,8.6207,8.6207,8.6207,8.6207,8.6207,8.6207,8.6207,8.6207,8.6207,8.6207,8.6207,8.6207,8.6207,8.6207,8.6207,8.6207,8.6207,8.6207,8.6207,8.6207,8.6207,8.6207,8.6207,8.6207,8.6207,8.6207,8.6207,8.6207,8.6207,8.6207,8.6207,8.6207,8.6207,8.6207,8.6207,8.6207,8.6207,8.6207,8.6207,8.6207,8.6207,8.6207,8.6207,8.6207,8.6207,8.6207,8.6207,8.6207,8.6207,8.6207,8.6207,8.6207,8.6207,8.6207,8.6207,8.6207,8.6207,8.6207,8.6207,8.6207,8.6207,8.6207,8.6207,8.6207,8.6207,8.6207,8.6207,8.6207,8.6207,8.6207,8.6207,8.6207,8.6207,8.6207,8.6207,8.6207,8.6207,8.6207,8.6207,8.6207,8.6207,8.6207,8.6207,8.6207,8.6207,8.6207,8.6207,8.6207,8.6207,8.6207,8.6207,8.6207,8.6207,8.6207,8.6207,8.6207,8.6207,8.6207,8.6207,8.6207,8.6207,8.6207,8.6207,8.6207,8.6207,8.6207,8.6207,8.6207,8.6207,8.6207,8.6207,8.6207,8.6207,8.6207,8.6207,8.6207,8.6207,8.6207,8.6207,8.6207,8.6207,8.6207,8.6207,8.6207,8.6207,8.6207,8.6207,8.6207,8.6207,8.6207,8.6207,8.6207,8.6207,8.6207,8.6207,8.6207,8.6207,8.6207,8.6207,8.6207,8.6207,8.6207,8.6207,8.6207,8.6207,8.6207,8.6207,8.6207,8.6207,8.6207,8.6207,8.6207,8.6207,8.6207,8.6207,8.6207,8.6207,8.6207,8.6207,8.6207,8.6207,8.6207,8.6207,8.6207,8.6207,8.6207,8.6207,8.6207,8.6207,8.6207,8.6207,8.6207,8.6207,8.6207,8.6207,8.6207,8.6207,8.6207,8.6207,8.6207,8.6207,8.6207,8.6207,8.6207,8.6207,8.6207,8.6207,8.6207,8.6207,8.6207,8.6207,8.6207,8.6207,8.6207,8.6207,8.6207,8.6207,8.6207,8.6207,8.6207,8.6207,8.6207,8.6207,8.6207,8.6207,8.6207,8.6207,8.6207,8.6207,8.6207,8.6207,8.6207,8.6207,8.6207,8.6207,8.6207,8.6207,8.6207,8.6207,8.6207,8.6207,8.6207,8.6207,8.6207,8.6207,8.6207,8.6207,8.6207,8.6207,8.6207,8.6207,8.6207,8.6207,8.6207,8.6207,8.6207,8.6207,8.6207,8.6207,8.6207,8.6207,8.6207,8.6207,8.6207,8.6207,8.6207,8.6207,8.6207,8.6207,8.6207,8.6207,8.6207,8.6207,8.6207,8.6207,8.6207,8.6207,8.6207,8.6207,8.6207,8.6207,8.6207,8.6207,8.6207,8.6207,8.6207,8.6207,8.6207,8.6207,8.6207,8.6207,8.6207,8.6207,8.6207,8.6207,8.6207,8.6207,8.6207,8.6207,8.6207,8.6207,8.6207,8.6207,8.6207,8.6207,8.6207,8.6207,8.6207,8.6207,8.6207,8.6207,8.6207,8.6207,8.6207,8.6207,8.6207,8.6207,8.6207,8.6207,8.6207,8.6207,8.6207,8.6207,8.6207,8.6207,8.6207,8.6207,8.6207,8.6207,8.6207,8.6207,8.6207,8.6207,8.6207,8.6207,8.6207,8.6207,8.6207,8.6207,8.6207,8.6207,8.6207,8.6207,8.6207,8.6207,8.6207,8.6207,8.6207,8.6207,8.6207,8.6207,8.6207,8.6207,8.6207,8.6207,8.6207,8.6207,8.6207,8.6207,8.6207,8.6207,8.6207,8.6207,8.6207,8.6207,8.6207,8.6207,8.6207,8.6207,8.6207,8.6207,8.6207,8.6207,8.6207,8.6207,8.6207,8.6207,8.6207,8.6207,8.6207,8.6207,8.6207,8.6207,8.6207,8.6207,8.6207,8.6207,8.6207,8.6207,8.6207,8.6207,8.6207,8.6207
8.6114,8.6114,8.6114,8.6114,8.6114,8.6114,8.6114,8.6114,8.6114,8.6114,8.6114,8.6114,8.6114,8.6114,8.6114,8.6114,8.6114,8.6114,8.6114,8.6114,8.6114,8.6114,8.6114,8.6114,8.6114,8.6114,8.6114,8.6114,8.6114,8.6114,8.6114,8.6114,8.6114,8.6114,8.6114,8.6114,8.6114,8.6114,8.6114,8.6114,8.6114,8.6114,8.6114,8.6114,8.6114,8.6114,8.6114,8.6114,8.6114,8.6114,8.6114,8.6114,8.6114,8.6114,8.6114,8.6114,8.6114,8.6114,8.6114,8.6114,8.6114,8.6114,8.6114,8.6114,8.6114,8.6114,8.6114,8.6114,8.6114,8.6114,8.6114,8.6114,8.6114,8.6114,8.6114,8.6114,8.6114,8.6114,8.6114,8.6114,8.6114,8.6114,8.6114,8.6114,8.6114,8.6114,8.6114,8.6114,8.6114,8.6114,8.6114,8.6114,8.6114,8.6114,8.6114,8.6114,8.6114,8.6114,8.6114,8.6114,8.6114,8.6114,8.6114,8.6114,8.6114,8.6114,8.6114,8.6114,8.6114,8.6114,8.6114,8.6114,8.6114,8.6114,8.6114,8.6114,8.6114,8.6114,8.6114,8.6114,8.6114,8.6114,8.6114,8.6114,8.6114,8.6114,8.6114,8.6114,8.6114,8.6114,8.6114,8.6114,8.6114,8.6114,8.6114,8.6114,8.6114,8.6114,8.6114,8.6114,8.6114,8.6114,8.6114,8.6114,8.6114,8.6114,8.6114,8.6114,8.6114,8.6114,8.6114,8.6114,8.6114,8.6114,8.6114,8.6114,8.6114,8.6114,8.6114,8.6114,8.6114,8.6114,8.6114,8.6114,8.6114,8.6114,8.6114,8.6114,8.6114,8.6114,8.6114,8.6114,8.6114,8.6114,8.6114,8.6114,8.6114,8.6114,8.6114,8.6114,8.6114,8.6114,8.6114,8.6114,8.6114,8.6114,8.6114,8.6114,8.6114,8.6114,8.6114,8.6114,8.6114,8.6114,8.6114,8.6114,8.6114,8.6114,8.6114,8.6114,8.6114,8.6114,8.6114,8.6114,8.6114,8.6114,8.6114,8.6114,8.6114,8.6114,8.6114,8.6114,8.6114,8.6114,8.6114,8.6114,8.6114,8.6114,8.6114,8.6114,8.6114,8.6114,8.6114,8.6114,8.6114,8.6114,8.6114,8.6114,8.6114,8.6114,8.6114,8.6114,8.6114,8.6114,8.6114,8.6114,8.6114,8.6114,8.6114,8.6114,8.6114,8.6114,8.6114,8.6114,8.6114,8.6114,8.6114,8.6114,8.6114,8.6114,8.6114,8.6114,8.6114,8.6114,8.6114,8.6114,8.6114,8.6114,8.6114,8.6114,8.6114,8.6114,8.6114,8.6114,8.6114,8.6114,8.6114,8.6114,8.6114,8.6114,8.6114,8.6114,8.6114,8.6114,8.6114,8.6114,8.6114,8.6114,8.6114,8.6114,8.6114,8.6114,8.6114,8.6114,8.6114,8.6114,8.6114,8.6114,8.6114,8.6114,8.6114,8.6114,8.6114,8.6114,8.6114,8.6114,8.6114,8.6114,8.6114,8.6114,8.6114,8.6114,8.6114,8.6114,8.6114,8.6114,8.6114,8.6114,8.6114,8.6114,8.6114,8.6114,8.6114,8.6114,8.6114,8.6114,8.6114,8.6114,8.6114,8.6114,8.6114,8.6114,8.6114,8.6114,8.6114,8.6114,8.6114,8.6114,8.6114,8.6114,8.6114,8.6114,8.6114,8.6114,8.6114,8.6114,8.6114,8.6114,8.6114,8.6114,8.6114,8.6114,8.6114,8.6114,8.6114,8.6114,8.6114,8.6114,8.6114,8.6114,8.6114,8.6114,8.6114,8.6114,8.6114,8.6114,8.6114,8.6114,8.6114,8.6114,8.6114,8.6114,8.6114,8.6114,8.6114,8.6114,8.6114,8.6114,8.6114,8.6114,8.6114,8.6114,8.6114,8.6114,8.6114,8.6114,8.6114,8.6114,8.6114,8.6114,8.6114,8.6114,8.6114,8.6114,8.6114,8.6114,8.6114,8.6114,8.6114,8.6114,8.6114,8.6114,8.6114,8.6114,8.6114,8.6114,8.6114,8.6114,8.6114,8.6114,8.6114,8.6114,8.6114,8.6114,8.6114,8.6114,8.6114,8.6114,8.6114,8.6114,8.6114,8.6114,8.6114,8.6114,8.6114,8.6114,8.6114,8.6114,8.6114,8.6114,8.6114,8.6114,8.6114,8.6114,8.6114,8.6114,8.6114,8.6114,8.6114,8.6114,8.6114,8.6114,8.6114,8.6114,8.6114,8.6114,8.6114,8.6114,8.6114,8.6114,8.6114,8.6114,8.6114,8.6114,8.6114,8.6114,8.6114,8.6114,8.6114,8.6114,8.6114,8.6114,8.6114,8.6114,8.6114,8.6114,8.6114,8.6114,8.6114,8.6114,8.6114,8.6114,8.6114,8.6114,8.6114,8.6114,8.6114,8.6114,8.6114,8.6114,8.6114,8.6114,8.6114,8.6114,8.6114,8.6114,8.6114,8.6114,8.6114,8.6114,8.6114,8.6114,8.6114,8.6114,8.6114,8.6114,8.6114,8.6114,8.6114,8.6114,8.6114,8.6114,8.6114,8.6114,8.6114,8.6114,8.6114,8.6114,8.6114,8.6114,8.6114,8.6114,8.6114,8.6114,8.6114,8.6114,8.6114,8.6114,8.6114,8.6114,8.6114,8.6114,8.6114,8.6114,8.6114,8.6114,8.6114,8.6114,8.6114,8.6114,8.6114,8.6114,8.6114,8.6114,8.6114,8.6114,8.6114,8.6114,8.6114,8.6114,8.6114,8.6114,8.6114,8.6114,8.6114,8.6114,8.6114,8.6114,8.6114,8.6114,8.6114,8.6114,8.6114,8.6114,8.6114,8.6114,8.6114,8.6114,8.6114,8.6114,8.6114,8.6114,8.6114,8.6114,8.6114,8.6114,8.6114,8.6114,8.6114,8.6114,8.6114,8.6114,8.6114,8.6114,8.6114,8.6114,8.6114,8.6114,8.6114,8.6114,8.6114,8.6114,8.6114,8.6114,8.6114,8.6114,8.6114,8.6114,8.6114,8.6114,8.6114,8.6114,8.6114,8.6114,8.6114,8.6114,8.6114,8.6114,8.6114,8.6114,8.6114,8.6114,8.6114,8.6114,8.6114,8.6114,8.6114,8.6114,8.6114,8.6114,8.6114,8.6114,8.6114,8.6114,8.6114,8.6114,8.6114,8.6114,8.6114,8.6114,8.6114,8.6114,8.6114,8.6114,8.6114,8.6114,8.6114,8.6114,8.6114,8.6114,8.6114,8.6114,8.6114,8.6114,8.6114,8.6114,8.6114,8.6114,8.6114,8.6114,8.6114,8.6114,8.6114,8.6114,8.6114,8.6114,8.6114,8.6114,8.6114,8.6114,8.6114,8.6114,8.6114,8.6114,8.6114,8.6114,8.6114,8.6114,8.6114,8.6114,8.6114,8.6114,8.6114,8.6114,8.6114,8.6114,8.6114,8.6114,8.6114,8.6114,8.6114,8.6114,8.6114,8.6114,8.6114,8.6114,8.6114,8.6114,8.6114,8.6114,8.6114,8.6114,8.6114,8.6114,8.6114,8.6114,8.6114,8.6114,8.6114,8.6114,8.6114,8.6114,8.6114,8.6114,8.6114,8.6114,8.6114,8.6114,8.6114,8.6114,8.6114,8.6114,8.6114,8.6114,8.6114,8.6114,8.6114,8.6114,8.6114,8.6114,8.6114,8.6114,8.6114,8.6114,8.6114,8.6114,8.6114,8.6114,8.6114,8.6114,8.6114,8.6114,8.6114,8.6114,8.6114,8.6114,8.6114,8.6114,8.6114,8.6114,8.6114,8.6114,8.6114,8.6114,8.6114,8.6114,8.6114,8.6114,8.6114,8.6114,8.6114,8.6114,8.6114,8.6114,8.6114,8.6114,8.6114,8.6114,8.6114,8.6114,8.6114,8.6114,8.6114,8.6114,8.6114,8.6114,8.6114,8.6114,8.6114,8.6114,8.6114,8.6114,8.6114,8.6114,8.6114,8.6114,8.6114,8.6114,8.6114,8.6114,8.6114,8.6114,8.6114,8.6114,8.6114,8.6114,8.6114,8.6114,8.6114,8.6114,8.6114,8.6114,8.6114,8.6114,8.6114,8.6114,8.6114,8.6114,8.6114,8.6114,8.6114,8.6114,8.6114,8.6114,8.6114,8.6114,8.6114,8.6114,8.6114,8.6114,8.6114,8.6114,8.6114,8.6114,8.6114,8.6114,8.6114,8.6114,8.6114,8.6114,8.6114,8.6114,8.6114,8.6114,8.6114,8.6114,8.6114,8.6114,8.6114,8.6114,8.6114,8.6114,8.6114,8.6114,8.6114,8.6114,8.6114,8.6114,8.6114,8.6114,8.6114,8.6114,8.6114,8.6114,8.6114,8.6114,8.6114,8.6114,8.6114,8.6114,8.6114,8.6114,8.6114,8.6114,8.6114,8.6114,8.6114,8.6114,8.6114,8.6114,8.6114,8.6114,8.6114,8.6114,8.6114,8.6114,8.6114,8.6114,8.6114,8.6114,8.6114,8.6114,8.6114,8.6114,8.6114,8.6114,8.6114,8.6114,8.6114,8.6114,8.6114,8.6114,8.6114,8.6114,8.6114,8.6114,8.6114,8.6114,8.6114,8.6114,8.6114,8.6114,8.6114,8.6114,8.6114,8.6114,8.6114,8.6114,8.6114,8.6114,8.6114,8.6114,8.6114,8.6114,8.6114,8.6114,8.6114,8.6114,8.6114,8.6114,8.6114,8.6114,8.6114,8.6114,8.6114,8.6114,8.6114,8.6114,8.6114,8.6114,8.6114,8.6114,8.6114,8.6114,8.6114,8.6114,8.6114,8.6114,8.6114,8.6114,8.6114,8.6114,8.6114,8.6114,8.6114,8.6114,8.6114,8.6114,8.6114,8.6114,8.6114,8.6114,8.6114,8.6114,8.6114,8.6114,8.6114,8.6114,8.6114,8.6114,8.6114,8.6114,8.6114,8.6114,8.6114,8.6114,8.6114,8.6114,8.6114,8.6114,8.6114,8.6114,8.6114,8.6114,8.6114,8.6114,8.6114,8.6114,8.6114,8.6114,8.6114,8.6114,8.6114,8.6114,8.6114,8.6114,8.6114,8.6114,8.6114,8.6114
8.6039,8.6039,8.6039,8.6039,8.6039,8.6039,8.6039,8.6039,8.6039,8.6039,8.6039,8.6039,8.6039,8.6039,8.6039,8.6039,8.6039,8.6039,8.6039,8.6039,8.6039,8.6039,8.6039,8.6039,8.6039,8.6039,8.6039,8.6039,8.6039,8.6039,8.6039,8.6039,8.6039,8.6039,8.6039,8.6039,8.6039,8.6039,8.6039,8.6039,8.6039,8.6039,8.6039,8.6039,8.6039,8.6039,8.6039,8.6039,8.6039,8.6039,8.6039,8.6039,8.6039,8.6039,8.6039,8.6039,8.6039,8.6039,8.6039,8.6039,8.6039,8.6039,8.6039,8.6039,8.6039,8.6039,8.6039,8.6039,8.6039,8.6039,8.6039,8.6039,8.6039,8.6039,8.6039,8.6039,8.6039,8.6039,8.6039,8.6039,8.6039,8.6039,8.6039,8.6039,8.6039,8.6039,8.6039,8.6039,8.6039,8.6039,8.6039,8.6039,8.6039,8.6039,8.6039,8.6039,8.6039,8.6039,8.6039,8.6039,8.6039,8.6039,8.6039,8.6039,8.6039,8.6039,8.6039,8.6039,8.6039,8.6039,8.6039,8.6039,8.6039,8.6039,8.6039,8.6039,8.6039,8.6039,8.6039,8.6039,8.6039,8.6039,8.6039,8.6039,8.6039,8.6039,8.6039,8.6039,8.6039,8.6039,8.6039,8.6039,8.6039,8.6039,8.6039,8.6039,8.6039,8.6039,8.6039,8.6039,8.6039,8.6039,8.6039,8.6039,8.6039,8.6039,8.6039,8.6039,8.6039,8.6039,8.6039,8.6039,8.6039,8.6039,8.6039,8.6039,8.6039,8.6039,8.6039,8.6039,8.6039,8.6039,8.6039,8.6039,8.6039,8.6039,8.6039,8.6039,8.6039,8.6039,8.6039,8.6039,8.6039,8.6039,8.6039,8.6039,8.6039,8.6039,8.6039,8.6039,8.6039,8.6039,8.6039,8.6039,8.6039,8.6039,8.6039,8.6039,8.6039,8.6039,8.6039,8.6039,8.6039,8.6039,8.6039,8.6039,8.6039,8.6039,8.6039,8.6039,8.6039,8.6039,8.6039,8.6039,8.6039,8.6039,8.6039,8.6039,8.6039,8.6039,8.6039,8.6039,8.6039,8.6039,8.6039,8.6039,8.6039,8.6039,8.6039,8.6039,8.6039,8.6039,8.6039,8.6039,8.6039,8.6039,8.6039,8.6039,8.6039,8.6039,8.6039,8.6039,8.6039,8.6039,8.6039,8.6039,8.6039,8.6039,8.6039,8.6039,8.6039,8.6039,8.6039,8.6039,8.6039,8.6039,8.6039,8.6039,8.6039,8.6039,8.6039,8.6039,8.6039,8.6039,8.6039,8.6039,8.6039,8.6039,8.6039,8.6039,8.6039,8.6039,8.6039,8.6039,8.6039,8.6039,8.6039,8.6039,8.6039,8.6039,8.6039,8.6039,8.6039,8.6039,8.6039,8.6039,8.6039,8.6039,8.6039,8.6039,8.6039,8.6039,8.6039,8.6039,8.6039,8.6039,8.6039,8.6039,8.6039,8.6039,8.6039,8.6039,8.6039,8.6039,8.6039,8.6039,8.6039,8.6039,8.6039,8.6039,8.6039,8.6039,8.6039,8.6039,8.6039,8.6039,8.6039,8.6039,8.6039,8.6039,8.6039,8.6039,8.6039,8.6039,8.6039,8.6039,8.6039,8.6039,8.6039,8.6039,8.6039,8.6039,8.6039,8.6039,8.6039,8.6039,8.6039,8.6039,8.6039,8.6039,8.6039,8.6039,8.6039,8.6039,8.6039,8.6039,8.6039,8.6039,8.6039,8.6039,8.6039,8.6039,8.6039,8.6039,8.6039,8.6039,8.6039,8.6039,8.6039,8.6039,8.6039,8.6039,8.6039,8.6039,8.6039,8.6039,8.6039,8.6039,8.6039,8.6039,8.6039,8.6039,8.6039,8.6039,8.6039,8.6039,8.6039,8.6039,8.6039,8.6039,8.6039,8.6039,8.6039,8.6039,8.6039,8.6039,8.6039,8.6039,8.6039,8.6039,8.6039,8.6039,8.6039,8.6039,8.6039,8.6039,8.6039,8.6039,8.6039,8.6039,8.6039,8.6039,8.6039,8.6039,8.6039,8.6039,8.6039,8.6039,8.6039,8.6039,8.6039,8.6039,8.6039,8.6039,8.6039,8.6039,8.6039,8.6039,8.6039,8.6039,8.6039,8.6039,8.6039,8.6039,8.6039,8.6039,8.6039,8.6039,8.6039,8.6039,8.6039,8.6039,8.6039,8.6039,8.6039,8.6039,8.6039,8.6039,8.6039,8.6039,8.6039,8.6039,8.6039,8.6039,8.6039,8.6039,8.6039,8.6039,8.6039,8.6039,8.6039,8.6039,8.6039,8.6039,8.6039,8.6039,8.6039,8.6039,8.6039,8.6039,8.6039,8.6039,8.6039,8.6039,8.6039,8.6039,8.6039,8.6039,8.6039,8.6039,8.6039,8.6039,8.6039,8.6039,8.6039,8.6039,8.6039,8.6039,8.6039,8.6039,8.6039,8.6039,8.6039,8.6039,8.6039,8.6039,8.6039,8.6039,8.6039,8.6039,8.6039,8.6039,8.6039,8.6039,8.6039,8.6039,8.6039,8.6039,8.6039,8.6039,8.6039,8.6039,8.6039,8.6039,8.6039,8.6039,8.6039,8.6039,8.6039,8.6039,8.6039,8.6039,8.6039,8.6039,8.6039,8.6039,8.6039,8.6039,8.6039,8.6039,8.6039,8.6039,8.6039,8.6039,8.6039,8.6039,8.6039,8.6039,8.6039,8.6039,8.6039,8.6039,8.6039,8.6039,8.6039,8.6039,8.6039,8.6039,8.6039,8.6039,8.6039,8.6039,8.6039,8.6039,8.6039,8.6039,8.6039,8.6039,8.6039,8.6039,8.6039,8.6039,8.6039,8.6039,8.6039,8.6039,8.6039,8.6039,8.6039,8.6039,8.6039,8.6039,8.6039,8.6039,8.6039,8.6039,8.6039,8.6039,8.6039,8.6039,8.6039,8.6039,8.6039,8.6039,8.6039,8.6039,8.6039,8.6039,8.6039,8.6039,8.6039,8.6039,8.6039,8.6039,8.6039,8.6039,8.6039,8.6039,8.6039,8.6039,8.6039,8.6039,8.6039,8.6039,8.6039,8.6039,8.6039,8.6039,8.6039,8.6039,8.6039,8.6039,8.6039,8.6039,8.6039,8.6039,8.6039,8.6039,8.6039,8.6039,8.6039,8.6039,8.6039,8.6039,8.6039,8.6039,8.6039,8.6039,8.6039,8.6039,8.6039,8.6039,8.6039,8.6039,8.6039,8.6039,8.6039,8.6039,8.6039,8.6039,8.6039,8.6039,8.6039,8.6039,8.6039,8.6039,8.6039,8.6039,8.6039,8.6039,8.6039,8.6039,8.6039,8.6039,8.6039,8.6039,8.6039,8.6039,8.6039,8.6039,8.6039,8.6039,8.6039,8.6039,8.6039,8.6039,8.6039,8.6039,8.6039,8.6039,8.6039,8.6039,8.6039,8.6039,8.6039,8.6039,8.6039,8.6039,8.6039,8.6039,8.6039,8.6039,8.6039,8.6039,8.6039,8.6039,8.6039,8.6039,8.6039,8.6039,8.6039,8.6039,8.6039,8.6039,8.6039,8.6039,8.6039,8.6039,8.6039,8.6039,8.6039,8.6039,8.6039,8.6039,8.6039,8.6039,8.6039,8.6039,8.6039,8.6039,8.6039,8.6039,8.6039,8.6039,8.6039,8.6039,8.6039,8.6039,8.6039,8.6039,8.6039,8.6039,8.6039,8.6039,8.6039,8.6039,8.6039,8.6039,8.6039,8.6039,8.6039,8.6039,8.6039,8.6039,8.6039,8.6039,8.6039,8.6039,8.6039,8.6039,8.6039,8.6039,8.6039,8.6039,8.6039,8.6039,8.6039,8.6039,8.6039,8.6039,8.6039,8.6039,8.6039,8.6039,8.6039,8.6039,8.6039,8.6039,8.6039,8.6039,8.6039,8.6039,8.6039,8.6039,8.6039,8.6039,8.6039,8.6039,8.6039,8.6039,8.6039,8.6039,8.6039,8.6039,8.6039,8.6039,8.6039,8.6039,8.6039,8.6039,8.6039,8.6039,8.6039,8.6039,8.6039,8.6039,8.6039,8.6039,8.6039,8.6039,8.6039,8.6039,8.6039,8.6039,8.6039,8.6039,8.6039,8.6039,8.6039,8.6039,8.6039,8.6039,8.6039,8.6039,8.6039,8.6039,8.6039,8.6039,8.6039,8.6039,8.6039,8.6039,8.6039,8.6039,8.6039,8.6039,8.6039,8.6039,8.6039,8.6039,8.6039,8.6039,8.6039,8.6039,8.6039,8.6039,8.6039,8.6039,8.6039,8.6039,8.6039,8.6039,8.6039,8.6039,8.6039,8.6039,8.6039,8.6039,8.6039,8.6039,8.6039,8.6039,8.6039,8.6039,8.6039,8.6039,8.6039,8.6039,8.6039,8.6039,8.6039,8.6039,8.6039,8.6039,8.6039,8.6039,8.6039,8.6039,8.6039,8.6039,8.6039,8.6039,8.6039,8.6039,8.6039,8.6039,8.6039,8.6039,8.6039,8.6039,8.6039,8.6039,8.6039,8.6039,8.6039,8.6039,8.6039,8.6039,8.6039,8.6039,8.6039,8.6039,8.6039,8.6039,8.6039,8.6039,8.6039,8.6039,8.6039,8.6039,8.6039,8.6039,8.6039,8.6039,8.6039,8.6039,8.6039,8.6039,8.6039,8.6039,8.6039,8.6039,8.6039,8.6039,8.6039,8.6039,8.6039,8.6039,8.6039,8.6039,8.6039,8.6039,8.6039,8.6039,8.6039,8.6039,8.6039,8.6039,8.6039,8.6039,8.6039,8.6039,8.6039,8.6039,8.6039,8.6039,8.6039,8.6039,8.6039,8.6039,8.6039,8.6039,8.6039,8.6039,8.6039,8.6039,8.6039,8.6039,8.6039,8.6039,8.6039,8.6039,8.6039,8.6039,8.6039,8.6039,8.6039,8.6039,8.6039,8.6039,8.6039,8.6039,8.6039,8.6039,8.6039,8.6039,8.6039,8.6039,8.6039,8.6039,8.6039,8.6039,8.6039,8.6039,8.6039,8.6039,8.6039,8.6039,8.6039,8.6039,8.6039,8.6039,8.6039,8.6039,8.6039,8.6039,8.6039,8.6039,8.6039,8.6039
8.5956,8.5956,8.5956,8.5956,8.5956,8.5956,8.5956,8.5956,8.5956,8.5956,8.5956,8.5956,8.5956,8.5956,8.5956,8.5956,8.5956,8.5956,8.5956,8.5956,8.5956,8.5956,8.5956,8.5956,8.5956,8.5956,8.5956,8.5956,8.5956,8.5956,8.5956,8.5956,8.5956,8.5956,8.5956,8.5956,8.5956,8.5956,8.5956,8.5956,8.5956,8.5956,8.5956,8.5956,8.5956,8.5956,8.5956,8.5956,8.5956,8.5956,8.5956,8.5956,8.5956,8.5956,8.5956,8.5956,8.5956,8.5956,8.5956,8.5956,8.5956,8.5956,8.5956,8.5956,8.5956,8.5956,8.5956,8.5956,8.5956,8.5956,8.5956,8.5956,8.5956,8.5956,8.5956,8.5956,8.5956,8.5956,8.5956,8.5956,8.5956,8.5956,8.5956,8.5956,8.5956,8.5956,8.5956,8.5956,8.5956,8.5956,8.5956,8.5956,8.5956,8.5956,8.5956,8.5956,8.5956,8.5956,8.5956,8.5956,8.5956,8.5956,8.5956,8.5956,8.5956,8.5956,8.5956,8.5956,8.5956,8.5956,8.5956,8.5956,8.5956,8.5956,8.5956,8.5956,8.5956,8.5956,8.5956,8.5956,8.5956,8.5956,8.5956,8.5956,8.5956,8.5956,8.5956,8.5956,8.5956,8.5956,8.5956,8.5956,8.5956,8.5956,8.5956,8.5956,8.5956,8.5956,8.5956,8.5956,8.5956,8.5956,8.5956,8.5956,8.5956,8.5956,8.5956,8.5956,8.5956,8.5956,8.5956,8.5956,8.5956,8.5956,8.5956,8.5956,8.5956,8.5956,8.5956,8.5956,8.5956,8.5956,8.5956,8.5956,8.5956,8.5956,8.5956,8.5956,8.5956,8.5956,8.5956,8.5956,8.5956,8.5956,8.5956,8.5956,8.5956,8.5956,8.5956,8.5956,8.5956,8.5956,8.5956,8.5956,8.5956,8.5956,8.5956,8.5956,8.5956,8.5956,8.5956,8.5956,8.5956,8.5956,8.5956,8.5956,8.5956,8.5956,8.5956,8.5956,8.5956,8.5956,8.5956,8.5956,8.5956,8.5956,8.5956,8.5956,8.5956,8.5956,8.5956,8.5956,8.5956,8.5956,8.5956,8.5956,8.5956,8.5956,8.5956,8.5956,8.5956,8.5956,8.5956,8.5956,8.5956,8.5956,8.5956,8.5956,8.5956,8.5956,8.5956,8.5956,8.5956,8.5956,8.5956,8.5956,8.5956,8.5956,8.5956,8.5956,8.5956,8.5956,8.5956,8.5956,8.5956,8.5956,8.5956,8.5956,8.5956,8.5956,8.5956,8.5956,8.5956,8.5956,8.5956,8.5956,8.5956,8.5956,8.5956,8.5956,8.5956,8.5956,8.5956,8.5956,8.5956,8.5956,8.5956,8.5956,8.5956,8.5956,8.5956,8.5956,8.5956,8.5956,8.5956,8.5956,8.5956,8.5956,8.5956,8.5956,8.5956,8.5956,8.5956,8.5956,8.5956,8.5956,8.5956,8.5956,8.5956,8.5956,8.5956,8.5956,8.5956,8.5956,8.5956,8.5956,8.5956,8.5956,8.5956,8.5956,8.5956,8.5956,8.5956,8.5956,8.5956,8.5956,8.5956,8.5956,8.5956,8.5956,8.5956,8.5956,8.5956,8.5956,8.5956,8.5956,8.5956,8.5956,8.5956,8.5956,8.5956,8.5956,8.5956,8.5956,8.5956,8.5956,8.5956,8.5956,8.5956,8.5956,8.5956,8.5956,8.5956,8.5956,8.5956,8.5956,8.5956,8.5956,8.5956,8.5956,8.5956,8.5956,8.5956,8.5956,8.5956,8.5956,8.5956,8.5956,8.5956,8.5956,8.5956,8.5956,8.5956,8.5956,8.5956,8.5956,8.5956,8.5956,8.5956,8.5956,8.5956,8.5956,8.5956,8.5956,8.5956,8.5956,8.5956,8.5956,8.5956,8.5956,8.5956,8.5956,8.5956,8.5956,8.5956,8.5956,8.5956,8.5956,8.5956,8.5956,8.5956,8.5956,8.5956,8.5956,8.5956,8.5956,8.5956,8.5956,8.5956,8.5956,8.5956,8.5956,8.5956,8.5956,8.5956,8.5956,8.5956,8.5956,8.5956,8.5956,8.5956,8.5956,8.5956,8.5956,8.5956,8.5956,8.5956,8.5956,8.5956,8.5956,8.5956,8.5956,8.5956,8.5956,8.5956,8.5956,8.5956,8.5956,8.5956,8.5956,8.5956,8.5956,8.5956,8.5956,8.5956,8.5956,8.5956,8.5956,8.5956,8.5956,8.5956,8.5956,8.5956,8.5956,8.5956,8.5956,8.5956,8.5956,8.5956,8.5956,8.5956,8.5956,8.5956,8.5956,8.5956,8.5956,8.5956,8.5956,8.5956,8.5956,8.5956,8.5956,8.5956,8.5956,8.5956,8.5956,8.5956,8.5956,8.5956,8.5956,8.5956,8.5956,8.5956,8.5956,8.5956,8.5956,8.5956,8.5956,8.5956,8.5956,8.5956,8.5956,8.5956,8.5956,8.5956,8.5956,8.5956,8.5956,8.5956,8.5956,8.5956,8.5956,8.5956,8.5956,8.5956,8.5956,8.5956,8.5956,8.5956,8.5956,8.5956,8.5956,8.5956,8.5956,8.5956,8.5956,8.5956,8.5956,8.5956,8.5956,8.5956,8.5956,8.5956,8.5956,8.5956,8.5956,8.5956,8.5956,8.5956,8.5956,8.5956,8.5956,8.5956,8.5956,8.5956,8.5956,8.5956,8.5956,8.5956,8.5956,8.5956,8.5956,8.5956,8.5956,8.5956,8.5956,8.5956,8.5956,8.5956,8.5956,8.5956,8.5956,8.5956,8.5956,8.5956,8.5956,8.5956,8.5956,8.5956,8.5956,8.5956,8.5956,8.5956,8.5956,8.5956,8.5956,8.5956,8.5956,8.5956,8.5956,8.5956,8.5956,8.5956,8.5956,8.5956,8.5956,8.5956,8.5956,8.5956,8.5956,8.5956,8.5956,8.5956,8.5956,8.5956,8.5956,8.5956,8.5956,8.5956,8.5956,8.5956,8.5956,8.5956,8.5956,8.5956,8.5956,8.5956,8.5956,8.5956,8.5956,8.5956,8.5956,8.5956,8.5956,8.5956,8.5956,8.5956,8.5956,8.5956,8.5956,8.5956,8.5956,8.5956,8.5956,8.5956,8.5956,8.5956,8.5956,8.5956,8.5956,8.5956,8.5956,8.5956,8.5956,8.5956,8.5956,8.5956,8.5956,8.5956,8.5956,8.5956,8.5956,8.5956,8.5956,8.5956,8.5956,8.5956,8.5956,8.5956,8.5956,8.5956,8.5956,8.5956,8.5956,8.5956,8.5956,8.5956,8.5956,8.5956,8.5956,8.5956,8.5956,8.5956,8.5956,8.5956,8.5956,8.5956,8.5956,8.5956,8.5956,8.5956,8.5956,8.5956,8.5956,8.5956,8.5956,8.5956,8.5956,8.5956,8.5956,8.5956,8.5956,8.5956,8.5956,8.5956,8.5956,8.5956,8.5956,8.5956,8.5956,8.5956,8.5956,8.5956,8.5956,8.5956,8.5956,8.5956,8.5956,8.5956,8.5956,8.5956,8.5956,8.5956,8.5956,8.5956,8.5956,8.5956,8.5956,8.5956,8.5956,8.5956,8.5956,8.5956,8.5956,8.5956,8.5956,8.5956,8.5956,8.5956,8.5956,8.5956,8.5956,8.5956,8.5956,8.5956,8.5956,8.5956,8.5956,8.5956,8.5956,8.5956,8.5956,8.5956,8.5956,8.5956,8.5956,8.5956,8.5956,8.5956,8.5956,8.5956,8.5956,8.5956,8.5956,8.5956,8.5956,8.5956,8.5956,8.5956,8.5956,8.5956,8.5956,8.5956,8.5956,8.5956,8.5956,8.5956,8.5956,8.5956,8.5956,8.5956,8.5956,8.5956,8.5956,8.5956,8.5956,8.5956,8.5956,8.5956,8.5956,8.5956,8.5956,8.5956,8.5956,8.5956,8.5956,8.5956,8.5956,8.5956,8.5956,8.5956,8.5956,8.5956,8.5956,8.5956,8.5956,8.5956,8.5956,8.5956,8.5956,8.5956,8.5956,8.5956,8.5956,8.5956,8.5956,8.5956,8.5956,8.5956,8.5956,8.5956,8.5956,8.5956,8.5956,8.5956,8.5956,8.5956,8.5956,8.5956,8.5956,8.5956,8.5956,8.5956,8.5956,8.5956,8.5956,8.5956,8.5956,8.5956,8.5956,8.5956,8.5956,8.5956,8.5956,8.5956,8.5956,8.5956,8.5956,8.5956,8.5956,8.5956,8.5956,8.5956,8.5956,8.5956,8.5956,8.5956,8.5956,8.5956,8.5956,8.5956,8.5956,8.5956,8.5956,8.5956,8.5956,8.5956,8.5956,8.5956,8.5956,8.5956,8.5956,8.5956,8.5956,8.5956,8.5956,8.5956,8.5956,8.5956,8.5956,8.5956,8.5956,8.5956,8.5956,8.5956,8.5956,8.5956,8.5956,8.5956,8.5956,8.5956,8.5956,8.5956,8.5956,8.5956,8.5956,8.5956,8.5956,8.5956,8.5956,8.5956,8.5956,8.5956,8.5956,8.5956,8.5956,8.5956,8.5956,8.5956,8.5956,8.5956,8.5956,8.5956,8.5956,8.5956,8.5956,8.5956,8.5956,8.5956,8.5956,8.5956,8.5956,8.5956,8.5956,8.5956,8.5956,8.5956,8.5956,8.5956,8.5956,8.5956,8.5956,8.5956,8.5956,8.5956,8.5956,8.5956,8.5956,8.5956,8.5956,8.5956,8.5956,8.5956,8.5956,8.5956,8.5956,8.5956,8.5956,8.5956,8.5956,8.5956,8.5956,8.5956,8.5956,8.5956,8.5956,8.5956,8.5956,8.5956,8.5956,8.5956,8.5956,8.5956,8.5956,8.5956,8.5956,8.5956,8.5956,8.5956,8.5956,8.5956,8.5956,8.5956,8.5956,8.5956,8.5956,8.5956,8.5956,8.5956,8.5956,8.5956,8.5956,8.5956,8.5956,8.5956,8.5956,8.5956,8.5956,8.5956,8.5956,8.5956,8.5956,8.5956,8.5956,8.5956,8.5956,8.5956,8.5956,8.5956,8.5956,8.5956,8.5956,8.5956,8.5956,8.5956,8.5956,8.5956,8.5956,8.5956,8.5956
8.5872,8.5872,8.5872,8.5872,8.5872,8.5872,8.5872,8.5872,8.5872,8.5872,8.5872,8.5872,8.5872,8.5872,8.5872,8.5872,8.5872,8.5872,8.5872,8.5872,8.5872,8.5872,8.5872,8.5872,8.5872,8.5872,8.5872,8.5872,8.5872,8.5872,8.5872,8.5872,8.5872,8.5872,8.5872,8.5872,8.5872,8.5872,8.5872,8.5872,8.5872,8.5872,8.5872,8.5872,8.5872,8.5872,8.5872,8.5872,8.5872,8.5872,8.5872,8.5872,8.5872,8.5872,8.5872,8.5872,8.5872,8.5872,8.5872,8.5872,8.5872,8.5872,8.5872,8.5872,8.5872,8.5872,8.5872,8.5872,8.5872,8.5872,8.5872,8.5872,8.5872,8.5872,8.5872,8.5872,8.5872,8.5872,8.5872,8.5872,8.5872,8.5872,8.5872,8.5872,8.5872,8.5872,8.5872,8.5872,8.5872,8.5872,8.5872,8.5872,8.5872,8.5872,8.5872,8.5872,8.5872,8.5872,8.5872,8.5872,8.5872,8.5872,8.5872,8.5872,8.5872,8.5872,8.5872,8.5872,8.5872,8.5872,8.5872,8.5872,8.5872,8.5872,8.5872,8.5872,8.5872,8.5872,8.5872,8.5872,8.5872,8.5872,8.5872,8.5872,8.5872,8.5872,8.5872,8.5872,8.5872,8.5872,8.5872,8.5872,8.5872,8.5872,8.5872,8.5872,8.5872,8.5872,8.5872,8.5872,8.5872,8.5872,8.5872,8.5872,8.5872,8.5872,8.5872,8.5872,8.5872,8.5872,8.5872,8.5872,8.5872,8.5872,8.5872,8.5872,8.5872,8.5872,8.5872,8.5872,8.5872,8.5872,8.5872,8.5872,8.5872,8.5872,8.5872,8.5872,8.5872,8.5872,8.5872,8.5872,8.5872,8.5872,8.5872,8.5872,8.5872,8.5872,8.5872,8.5872,8.5872,8.5872,8.5872,8.5872,8.5872,8.5872,8.5872,8.5872,8.5872,8.5872,8.5872,8.5872,8.5872,8.5872,8.5872,8.5872,8.5872,8.5872,8.5872,8.5872,8.5872,8.5872,8.5872,8.5872,8.5872,8.5872,8.5872,8.5872,8.5872,8.5872,8.5872,8.5872,8.5872,8.5872,8.5872,8.5872,8.5872,8.5872,8.5872,8.5872,8.5872,8.5872,8.5872,8.5872,8.5872,8.5872,8.5872,8.5872,8.5872,8.5872,8.5872,8.5872,8.5872,8.5872,8.5872,8.5872,8.5872,8.5872,8.5872,8.5872,8.5872,8.5872,8.5872,8.5872,8.5872,8.5872,8.5872,8.5872,8.5872,8.5872,8.5872,8.5872,8.5872,8.5872,8.5872,8.5872,8.5872,8.5872,8.5872,8.5872,8.5872,8.5872,8.5872,8.5872,8.5872,8.5872,8.5872,8.5872,8.5872,8.5872,8.5872,8.5872,8.5872,8.5872,8.5872,8.5872,8.5872,8.5872,8.5872,8.5872,8.5872,8.5872,8.5872,8.5872,8.5872,8.5872,8.5872,8.5872,8.5872,8.5872,8.5872,8.5872,8.5872,8.5872,8.5872,8.5872,8.5872,8.5872,8.5872,8.5872,8.5872,8.5872,8.5872,8.5872,8.5872,8.5872,8.5872,8.5872,8.5872,8.5872,8.5872,8.5872,8.5872,8.5872,8.5872,8.5872,8.5872,8.5872,8.5872,8.5872,8.5872,8.5872,8.5872,8.5872,8.5872,8.5872,8.5872,8.5872,8.5872,8.5872,8.5872,8.5872,8.5872,8.5872,8.5872,8.5872,8.5872,8.5872,8.5872,8.5872,8.5872,8.5872,8.5872,8.5872,8.5872,8.5872,8.5872,8.5872,8.5872,8.5872,8.5872,8.5872,8.5872,8.5872,8.5872,8.5872,8.5872,8.5872,8.5872,8.5872,8.5872,8.5872,8.5872,8.5872,8.5872,8.5872,8.5872,8.5872,8.5872,8.5872,8.5872,8.5872,8.5872,8.5872,8.5872,8.5872,8.5872,8.5872,8.5872,8.5872,8.5872,8.5872,8.5872,8.5872,8.5872,8.5872,8.5872,8.5872,8.5872,8.5872,8.5872,8.5872,8.5872,8.5872,8.5872,8.5872,8.5872,8.5872,8.5872,8.5872,8.5872,8.5872,8.5872,8.5872,8.5872,8.5872,8.5872,8.5872,8.5872,8.5872,8.5872,8.5872,8.5872,8.5872,8.5872,8.5872,8.5872,8.5872,8.5872,8.5872,8.5872,8.5872,8.5872,8.5872,8.5872,8.5872,8.5872,8.5872,8.5872,8.5872,8.5872,8.5872,8.5872,8.5872,8.5872,8.5872,8.5872,8.5872,8.5872,8.5872,8.5872,8.5872,8.5872,8.5872,8.5872,8.5872,8.5872,8.5872,8.5872,8.5872,8.5872,8.5872,8.5872,8.5872,8.5872,8.5872,8.5872,8.5872,8.5872,8.5872,8.5872,8.5872,8.5872,8.5872,8.5872,8.5872,8.5872,8.5872,8.5872,8.5872,8.5872,8.5872,8.5872,8.5872,8.5872,8.5872,8.5872,8.5872,8.5872,8.5872,8.5872,8.5872,8.5872,8.5872,8.5872,8.5872,8.5872,8.5872,8.5872,8.5872,8.5872,8.5872,8.5872,8.5872,8.5872,8.5872,8.5872,8.5872,8.5872,8.5872,8.5872,8.5872,8.5872,8.5872,8.5872,8.5872,8.5872,8.5872,8.5872,8.5872,8.5872,8.5872,8.5872,8.5872,8.5872,8.5872,8.5872,8.5872,8.5872,8.5872,8.5872,8.5872,8.5872,8.5872,8.5872,8.5872,8.5872,8.5872,8.5872,8.5872,8.5872,8.5872,8.5872,8.5872,8.5872,8.5872,8.5872,8.5872,8.5872,8.5872,8.5872,8.5872,8.5872,8.5872,8.5872,8.5872,8.5872,8.5872,8.5872,8.5872,8.5872,8.5872,8.5872,8.5872,8.5872,8.5872,8.5872,8.5872,8.5872,8.5872,8.5872,8.5872,8.5872,8.5872,8.5872,8.5872,8.5872,8.5872,8.5872,8.5872,8.5872,8.5872,8.5872,8.5872,8.5872,8.5872,8.5872,8.5872,8.5872,8.5872,8.5872,8.5872,8.5872,8.5872,8.5872,8.5872,8.5872,8.5872,8.5872,8.5872,8.5872,8.5872,8.5872,8.5872,8.5872,8.5872,8.5872,8.5872,8.5872,8.5872,8.5872,8.5872,8.5872,8.5872,8.5872,8.5872,8.5872,8.5872,8.5872,8.5872,8.5872,8.5872,8.5872,8.5872,8.5872,8.5872,8.5872,8.5872,8.5872,8.5872,8.5872,8.5872,8.5872,8.5872,8.5872,8.5872,8.5872,8.5872,8.5872,8.5872,8.5872,8.5872,8.5872,8.5872,8.5872,8.5872,8.5872,8.5872,8.5872,8.5872,8.5872,8.5872,8.5872,8.5872,8.5872,8.5872,8.5872,8.5872,8.5872,8.5872,8.5872,8.5872,8.5872,8.5872,8.5872,8.5872,8.5872,8.5872,8.5872,8.5872,8.5872,8.5872,8.5872,8.5872,8.5872,8.5872,8.5872,8.5872,8.5872,8.5872,8.5872,8.5872,8.5872,8.5872,8.5872,8.5872,8.5872,8.5872,8.5872,8.5872,8.5872,8.5872,8.5872,8.5872,8.5872,8.5872,8.5872,8.5872,8.5872,8.5872,8.5872,8.5872,8.5872,8.5872,8.5872,8.5872,8.5872,8.5872,8.5872,8.5872,8.5872,8.5872,8.5872,8.5872,8.5872,8.5872,8.5872,8.5872,8.5872,8.5872,8.5872,8.5872,8.5872,8.5872,8.5872,8.5872,8.5872,8.5872,8.5872,8.5872,8.5872,8.5872,8.5872,8.5872,8.5872,8.5872,8.5872,8.5872,8.5872,8.5872,8.5872,8.5872,8.5872,8.5872,8.5872,8.5872,8.5872,8.5872,8.5872,8.5872,8.5872,8.5872,8.5872,8.5872,8.5872,8.5872,8.5872,8.5872,8.5872,8.5872,8.5872,8.5872,8.5872,8.5872,8.5872,8.5872,8.5872,8.5872,8.5872,8.5872,8.5872,8.5872,8.5872,8.5872,8.5872,8.5872,8.5872,8.5872,8.5872,8.5872,8.5872,8.5872,8.5872,8.5872,8.5872,8.5872,8.5872,8.5872,8.5872,8.5872,8.5872,8.5872,8.5872,8.5872,8.5872,8.5872,8.5872,8.5872,8.5872,8.5872,8.5872,8.5872,8.5872,8.5872,8.5872,8.5872,8.5872,8.5872,8.5872,8.5872,8.5872,8.5872,8.5872,8.5872,8.5872,8.5872,8.5872,8.5872,8.5872,8.5872,8.5872,8.5872,8.5872,8.5872,8.5872,8.5872,8.5872,8.5872,8.5872,8.5872,8.5872,8.5872,8.5872,8.5872,8.5872,8.5872,8.5872,8.5872,8.5872,8.5872,8.5872,8.5872,8.5872,8.5872,8.5872,8.5872,8.5872,8.5872,8.5872,8.5872,8.5872,8.5872,8.5872,8.5872,8.5872,8.5872,8.5872,8.5872,8.5872,8.5872,8.5872,8.5872,8.5872,8.5872,8.5872,8.5872,8.5872,8.5872,8.5872,8.5872,8.5872,8.5872,8.5872,8.5872,8.5872,8.5872,8.5872,8.5872,8.5872,8.5872,8.5872,8.5872,8.5872,8.5872,8.5872,8.5872,8.5872,8.5872,8.5872,8.5872,8.5872,8.5872,8.5872,8.5872,8.5872,8.5872,8.5872,8.5872,8.5872,8.5872,8.5872,8.5872,8.5872,8.5872,8.5872,8.5872,8.5872,8.5872,8.5872,8.5872,8.5872,8.5872,8.5872,8.5872,8.5872,8.5872,8.5872,8.5872,8.5872,8.5872,8.5872,8.5872,8.5872,8.5872,8.5872,8.5872,8.5872,8.5872,8.5872,8.5872,8.5872,8.5872,8.5872,8.5872,8.5872,8.5872,8.5872,8.5872,8.5872,8.5872,8.5872,8.5872,8.5872,8.5872,8.5872,8.5872,8.5872,8.5872,8.5872,8.5872,8.5872,8.5872,8.5872,8.5872,8.5872,8.5872,8.5872,8.5872,8.5872,8.5872,8.5872,8.5872,8.5872,8.5872,8.5872,8.5872,8.5872,8.5872,8.5872,8.5872
8.5793,8.5793,8.5793,8.5793,8.5793,8.5793,8.5793,8.5793,8.5793,8.5793,8.5793,8.5793,8.5793,8.5793,8.5793,8.5793,8.5793,8.5793,8.5793,8.5793,8.5793,8.5793,8.5793,8.5793,8.5793,8.5793,8.5793,8.5793,8.5793,8.5793,8.5793,8.5793,8.5793,8.5793,8.5793,8.5793,8.5793,8.5793,8.5793,8.5793,8.5793,8.5793,8.5793,8.5793,8.5793,8.5793,8.5793,8.5793,8.5793,8.5793,8.5793,8.5793,8.5793,8.5793,8.5793,8.5793,8.5793,8.5793,8.5793,8.5793,8.5793,8.5793,8.5793,8.5793,8.5793,8.5793,8.5793,8.5793,8.5793,8.5793,8.5793,8.5793,8.5793,8.5793,8.5793,8.5793,8.5793,8.5793,8.5793,8.5793,8.5793,8.5793,8.5793,8.5793,8.5793,8.5793,8.5793,8.5793,8.5793,8.5793,8.5793,8.5793,8.5793,8.5793,8.5793,8.5793,8.5793,8.5793,8.5793,8.5793,8.5793,8.5793,8.5793,8.5793,8.5793,8.5793,8.5793,8.5793,8.5793,8.5793,8.5793,8.5793,8.5793,8.5793,8.5793,8.5793,8.5793,8.5793,8.5793,8.5793,8.5793,8.5793,8.5793,8.5793,8.5793,8.5793,8.5793,8.5793,8.5793,8.5793,8.5793,8.5793,8.5793,8.5793,8.5793,8.5793,8.5793,8.5793,8.5793,8.5793,8.5793,8.5793,8.5793,8.5793,8.5793,8.5793,8.5793,8.5793,8.5793,8.5793,8.5793,8.5793,8.5793,8.5793,8.5793,8.5793,8.5793,8.5793,8.5793,8.5793,8.5793,8.5793,8.5793,8.5793,8.5793,8.5793,8.5793,8.5793,8.5793,8.5793,8.5793,8.5793,8.5793,8.5793,8.5793,8.5793,8.5793,8.5793,8.5793,8.5793,8.5793,8.5793,8.5793,8.5793,8.5793,8.5793,8.5793,8.5793,8.5793,8.5793,8.5793,8.5793,8.5793,8.5793,8.5793,8.5793,8.5793,8.5793,8.5793,8.5793,8.5793,8.5793,8.5793,8.5793,8.5793,8.5793,8.5793,8.5793,8.5793,8.5793,8.5793,8.5793,8.5793,8.5793,8.5793,8.5793,8.5793,8.5793,8.5793,8.5793,8.5793,8.5793,8.5793,8.5793,8.5793,8.5793,8.5793,8.5793,8.5793,8.5793,8.5793,8.5793,8.5793,8.5793,8.5793,8.5793,8.5793,8.5793,8.5793,8.5793,8.5793,8.5793,8.5793,8.5793,8.5793,8.5793,8.5793,8.5793,8.5793,8.5793,8.5793,8.5793,8.5793,8.5793,8.5793,8.5793,8.5793,8.5793,8.5793,8.5793,8.5793,8.5793,8.5793,8.5793,8.5793,8.5793,8.5793,8.5793,8.5793,8.5793,8.5793,8.5793,8.5793,8.5793,8.5793,8.5793,8.5793,8.5793,8.5793,8.5793,8.5793,8.5793,8.5793,8.5793,8.5793,8.5793,8.5793,8.5793,8.5793,8.5793,8.5793,8.5793,8.5793,8.5793,8.5793,8.5793,8.5793,8.5793,8.5793,8.5793,8.5793,8.5793,8.5793,8.5793,8.5793,8.5793,8.5793,8.5793,8.5793,8.5793,8.5793,8.5793,8.5793,8.5793,8.5793,8.5793,8.5793,8.5793,8.5793,8.5793,8.5793,8.5793,8.5793,8.5793,8.5793,8.5793,8.5793,8.5793,8.5793,8.5793,8.5793,8.5793,8.5793,8.5793,8.5793,8.5793,8.5793,8.5793,8.5793,8.5793,8.5793,8.5793,8.5793,8.5793,8.5793,8.5793,8.5793,8.5793,8.5793,8.5793,8.5793,8.5793,8.5793,8.5793,8.5793,8.5793,8.5793,8.5793,8.5793,8.5793,8.5793,8.5793,8.5793,8.5793,8.5793,8.5793,8.5793,8.5793,8.5793,8.5793,8.5793,8.5793,8.5793,8.5793,8.5793,8.5793,8.5793,8.5793,8.5793,8.5793,8.5793,8.5793,8.5793,8.5793,8.5793,8.5793,8.5793,8.5793,8.5793,8.5793,8.5793,8.5793,8.5793,8.5793,8.5793,8.5793,8.5793,8.5793,8.5793,8.5793,8.5793,8.5793,8.5793,8.5793,8.5793,8.5793,8.5793,8.5793,8.5793,8.5793,8.5793,8.5793,8.5793,8.5793,8.5793,8.5793,8.5793,8.5793,8.5793,8.5793,8.5793,8.5793,8.5793,8.5793,8.5793,8.5793,8.5793,8.5793,8.5793,8.5793,8.5793,8.5793,8.5793,8.5793,8.5793,8.5793,8.5793,8.5793,8.5793,8.5793,8.5793,8.5793,8.5793,8.5793,8.5793,8.5793,8.5793,8.5793,8.5793,8.5793,8.5793,8.5793,8.5793,8.5793,8.5793,8.5793,8.5793,8.5793,8.5793,8.5793,8.5793,8.5793,8.5793,8.5793,8.5793,8.5793,8.5793,8.5793,8.5793,8.5793,8.5793,8.5793,8.5793,8.5793,8.5793,8.5793,8.5793,8.5793,8.5793,8.5793,8.5793,8.5793,8.5793,8.5793,8.5793,8.5793,8.5793,8.5793,8.5793,8.5793,8.5793,8.5793,8.5793,8.5793,8.5793,8.5793,8.5793,8.5793,8.5793,8.5793,8.5793,8.5793,8.5793,8.5793,8.5793,8.5793,8.5793,8.5793,8.5793,8.5793,8.5793,8.5793,8.5793,8.5793,8.5793,8.5793,8.5793,8.5793,8.5793,8.5793,8.5793,8.5793,8.5793,8.5793,8.5793,8.5793,8.5793,8.5793,8.5793,8.5793,8.5793,8.5793,8.5793,8.5793,8.5793,8.5793,8.5793,8.5793,8.5793,8.5793,8.5793,8.5793,8.5793,8.5793,8.5793,8.5793,8.5793,8.5793,8.5793,8.5793,8.5793,8.5793,8.5793,8.5793,8.5793,8.5793,8.5793,8.5793,8.5793,8.5793,8.5793,8.5793,8.5793,8.5793,8.5793,8.5793,8.5793,8.5793,8.5793,8.5793,8.5793,8.5793,8.5793,8.5793,8.5793,8.5793,8.5793,8.5793,8.5793,8.5793,8.5793,8.5793,8.5793,8.5793,8.5793,8.5793,8.5793,8.5793,8.5793,8.5793,8.5793,8.5793,8.5793,8.5793,8.5793,8.5793,8.5793,8.5793,8.5793,8.5793,8.5793,8.5793,8.5793,8.5793,8.5793,8.5793,8.5793,8.5793,8.5793,8.5793,8.5793,8.5793,8.5793,8.5793,8.5793,8.5793,8.5793,8.5793,8.5793,8.5793,8.5793,8.5793,8.5793,8.5793,8.5793,8.5793,8.5793,8.5793,8.5793,8.5793,8.5793,8.5793,8.5793,8.5793,8.5793,8.5793,8.5793,8.5793,8.5793,8.5793,8.5793,8.5793,8.5793,8.5793,8.5793,8.5793,8.5793,8.5793,8.5793,8.5793,8.5793,8.5793,8.5793,8.5793,8.5793,8.5793,8.5793,8.5793,8.5793,8.5793,8.5793,8.5793,8.5793,8.5793,8.5793,8.5793,8.5793,8.5793,8.5793,8.5793,8.5793,8.5793,8.5793,8.5793,8.5793,8.5793,8.5793,8.5793,8.5793,8.5793,8.5793,8.5793,8.5793,8.5793,8.5793,8.5793,8.5793,8.5793,8.5793,8.5793,8.5793,8.5793,8.5793,8.5793,8.5793,8.5793,8.5793,8.5793,8.5793,8.5793,8.5793,8.5793,8.5793,8.5793,8.5793,8.5793,8.5793,8.5793,8.5793,8.5793,8.5793,8.5793,8.5793,8.5793,8.5793,8.5793,8.5793,8.5793,8.5793,8.5793,8.5793,8.5793,8.5793,8.5793,8.5793,8.5793,8.5793,8.5793,8.5793,8.5793,8.5793,8.5793,8.5793,8.5793,8.5793,8.5793,8.5793,8.5793,8.5793,8.5793,8.5793,8.5793,8.5793,8.5793,8.5793,8.5793,8.5793,8.5793,8.5793,8.5793,8.5793,8.5793,8.5793,8.5793,8.5793,8.5793,8.5793,8.5793,8.5793,8.5793,8.5793,8.5793,8.5793,8.5793,8.5793,8.5793,8.5793,8.5793,8.5793,8.5793,8.5793,8.5793,8.5793,8.5793,8.5793,8.5793,8.5793,8.5793,8.5793,8.5793,8.5793,8.5793,8.5793,8.5793,8.5793,8.5793,8.5793,8.5793,8.5793,8.5793,8.5793,8.5793,8.5793,8.5793,8.5793,8.5793,8.5793,8.5793,8.5793,8.5793,8.5793,8.5793,8.5793,8.5793,8.5793,8.5793,8.5793,8.5793,8.5793,8.5793,8.5793,8.5793,8.5793,8.5793,8.5793,8.5793,8.5793,8.5793,8.5793,8.5793,8.5793,8.5793,8.5793,8.5793,8.5793,8.5793,8.5793,8.5793,8.5793,8.5793,8.5793,8.5793,8.5793,8.5793,8.5793,8.5793,8.5793,8.5793,8.5793,8.5793,8.5793,8.5793,8.5793,8.5793,8.5793,8.5793,8.5793,8.5793,8.5793,8.5793,8.5793,8.5793,8.5793,8.5793,8.5793,8.5793,8.5793,8.5793,8.5793,8.5793,8.5793,8.5793,8.5793,8.5793,8.5793,8.5793,8.5793,8.5793,8.5793,8.5793,8.5793,8.5793,8.5793,8.5793,8.5793,8.5793,8.5793,8.5793,8.5793,8.5793,8.5793,8.5793,8.5793,8.5793,8.5793,8.5793,8.5793,8.5793,8.5793,8.5793,8.5793,8.5793,8.5793,8.5793,8.5793,8.5793,8.5793,8.5793,8.5793,8.5793,8.5793,8.5793,8.5793,8.5793,8.5793,8.5793,8.5793,8.5793,8.5793,8.5793,8.5793,8.5793,8.5793,8.5793,8.5793,8.5793,8.5793,8.5793,8.5793,8.5793,8.5793,8.5793,8.5793,8.5793,8.5793,8.5793,8.5793,8.5793,8.5793,8.5793,8.5793,8.5793,8.5793,8.5793,8.5793,8.5793,8.5793,8.5793,8.5793,8.5793,8.5793,8.5793,8.5793,8.5793,8.5793,8.5793,8.5793,8.5793,8.5793,8.5793,8.5793,8.5793,8.5793,8.5793,8.5793,8.5793,8.5793,8.5793,8.5793,8.5793
8.5701,8.5701,8.5701,8.5701,8.5701,8.5701,8.5701,8.5701,8.5701,8.5701,8.5701,8.5701,8.5701,8.5701,8.5701,8.5701,8.5701,8.5701,8.5701,8.5701,8.5701,8.5701,8.5701,8.5701,8.5701,8.5701,8.5701,8.5701,8.5701,8.5701,8.5701,8.5701,8.5701,8.5701,8.5701,8.5701,8.5701,8.5701,8.5701,8.5701,8.5701,8.5701,8.5701,8.5701,8.5701,8.5701,8.5701,8.5701,8.5701,8.5701,8.5701,8.5701,8.5701,8.5701,8.5701,8.5701,8.5701,8.5701,8.5701,8.5701,8.5701,8.5701,8.5701,8.5701,8.5701,8.5701,8.5701,8.5701,8.5701,8.5701,8.5701,8.5701,8.5701,8.5701,8.5701,8.5701,8.5701,8.5701,8.5701,8.5701,8.5701,8.5701,8.5701,8.5701,8.5701,8.5701,8.5701,8.5701,8.5701,8.5701,8.5701,8.5701,8.5701,8.5701,8.5701,8.5701,8.5701,8.5701,8.5701,8.5701,8.5701,8.5701,8.5701,8.5701,8.5701,8.5701,8.5701,8.5701,8.5701,8.5701,8.5701,8.5701,8.5701,8.5701,8.5701,8.5701,8.5701,8.5701,8.5701,8.5701,8.5701,8.5701,8.5701,8.5701,8.5701,8.5701,8.5701,8.5701,8.5701,8.5701,8.5701,8.5701,8.5701,8.5701,8.5701,8.5701,8.5701,8.5701,8.5701,8.5701,8.5701,8.5701,8.5701,8.5701,8.5701,8.5701,8.5701,8.5701,8.5701,8.5701,8.5701,8.5701,8.5701,8.5701,8.5701,8.5701,8.5701,8.5701,8.5701,8.5701,8.5701,8.5701,8.5701,8.5701,8.5701,8.5701,8.5701,8.5701,8.5701,8.5701,8.5701,8.5701,8.5701,8.5701,8.5701,8.5701,8.5701,8.5701,8.5701,8.5701,8.5701,8.5701,8.5701,8.5701,8.5701,8.5701,8.5701,8.5701,8.5701,8.5701,8.5701,8.5701,8.5701,8.5701,8.5701,8.5701,8.5701,8.5701,8.5701,8.5701,8.5701,8.5701,8.5701,8.5701,8.5701,8.5701,8.5701,8.5701,8.5701,8.5701,8.5701,8.5701,8.5701,8.5701,8.5701,8.5701,8.5701,8.5701,8.5701,8.5701,8.5701,8.5701,8.5701,8.5701,8.5701,8.5701,8.5701,8.5701,8.5701,8.5701,8.5701,8.5701,8.5701,8.5701,8.5701,8.5701,8.5701,8.5701,8.5701,8.5701,8.5701,8.5701,8.5701,8.5701,8.5701,8.5701,8.5701,8.5701,8.5701,8.5701,8.5701,8.5701,8.5701,8.5701,8.5701,8.5701,8.5701,8.5701,8.5701,8.5701,8.5701,8.5701,8.5701,8.5701,8.5701,8.5701,8.5701,8.5701,8.5701,8.5701,8.5701,8.5701,8.5701,8.5701,8.5701,8.5701,8.5701,8.5701,8.5701,8.5701,8.5701,8.5701,8.5701,8.5701,8.5701,8.5701,8.5701,8.5701,8.5701,8.5701,8.5701,8.5701,8.5701,8.5701,8.5701,8.5701,8.5701,8.5701,8.5701,8.5701,8.5701,8.5701,8.5701,8.5701,8.5701,8.5701,8.5701,8.5701,8.5701,8.5701,8.5701,8.5701,8.5701,8.5701,8.5701,8.5701,8.5701,8.5701,8.5701,8.5701,8.5701,8.5701,8.5701,8.5701,8.5701,8.5701,8.5701,8.5701,8.5701,8.5701,8.5701,8.5701,8.5701,8.5701,8.5701,8.5701,8.5701,8.5701,8.5701,8.5701,8.5701,8.5701,8.5701,8.5701,8.5701,8.5701,8.5701,8.5701,8.5701,8.5701,8.5701,8.5701,8.5701,8.5701,8.5701,8.5701,8.5701,8.5701,8.5701,8.5701,8.5701,8.5701,8.5701,8.5701,8.5701,8.5701,8.5701,8.5701,8.5701,8.5701,8.5701,8.5701,8.5701,8.5701,8.5701,8.5701,8.5701,8.5701,8.5701,8.5701,8.5701,8.5701,8.5701,8.5701,8.5701,8.5701,8.5701,8.5701,8.5701,8.5701,8.5701,8.5701,8.5701,8.5701,8.5701,8.5701,8.5701,8.5701,8.5701,8.5701,8.5701,8.5701,8.5701,8.5701,8.5701,8.5701,8.5701,8.5701,8.5701,8.5701,8.5701,8.5701,8.5701,8.5701,8.5701,8.5701,8.5701,8.5701,8.5701,8.5701,8.5701,8.5701,8.5701,8.5701,8.5701,8.5701,8.5701,8.5701,8.5701,8.5701,8.5701,8.5701,8.5701,8.5701,8.5701,8.5701,8.5701,8.5701,8.5701,8.5701,8.5701,8.5701,8.5701,8.5701,8.5701,8.5701,8.5701,8.5701,8.5701,8.5701,8.5701,8.5701,8.5701,8.5701,8.5701,8.5701,8.5701,8.5701,8.5701,8.5701,8.5701,8.5701,8.5701,8.5701,8.5701,8.5701,8.5701,8.5701,8.5701,8.5701,8.5701,8.5701,8.5701,8.5701,8.5701,8.5701,8.5701,8.5701,8.5701,8.5701,8.5701,8.5701,8.5701,8.5701,8.5701,8.5701,8.5701,8.5701,8.5701,8.5701,8.5701,8.5701,8.5701,8.5701,8.5701,8.5701,8.5701,8.5701,8.5701,8.5701,8.5701,8.5701,8.5701,8.5701,8.5701,8.5701,8.5701,8.5701,8.5701,8.5701,8.5701,8.5701,8.5701,8.5701,8.5701,8.5701,8.5701,8.5701,8.5701,8.5701,8.5701,8.5701,8.5701,8.5701,8.5701,8.5701,8.5701,8.5701,8.5701,8.5701,8.5701,8.5701,8.5701,8.5701,8.5701,8.5701,8.5701,8.5701,8.5701,8.5701,8.5701,8.5701,8.5701,8.5701,8.5701,8.5701,8.5701,8.5701,8.5701,8.5701,8.5701,8.5701,8.5701,8.5701,8.5701,8.5701,8.5701,8.5701,8.5701,8.5701,8.5701,8.5701,8.5701,8.5701,8.5701,8.5701,8.5701,8.5701,8.5701,8.5701,8.5701,8.5701,8.5701,8.5701,8.5701,8.5701,8.5701,8.5701,8.5701,8.5701,8.5701,8.5701,8.5701,8.5701,8.5701,8.5701,8.5701,8.5701,8.5701,8.5701,8.5701,8.5701,8.5701,8.5701,8.5701,8.5701,8.5701,8.5701,8.5701,8.5701,8.5701,8.5701,8.5701,8.5701,8.5701,8.5701,8.5701,8.5701,8.5701,8.5701,8.5701,8.5701,8.5701,8.5701,8.5701,8.5701,8.5701,8.5701,8.5701,8.5701,8.5701,8.5701,8.5701,8.5701,8.5701,8.5701,8.5701,8.5701,8.5701,8.5701,8.5701,8.5701,8.5701,8.5701,8.5701,8.5701,8.5701,8.5701,8.5701,8.5701,8.5701,8.5701,8.5701,8.5701,8.5701,8.5701,8.5701,8.5701,8.5701,8.5701,8.5701,8.5701,8.5701,8.5701,8.5701,8.5701,8.5701,8.5701,8.5701,8.5701,8.5701,8.5701,8.5701,8.5701,8.5701,8.5701,8.5701,8.5701,8.5701,8.5701,8.5701,8.5701,8.5701,8.5701,8.5701,8.5701,8.5701,8.5701,8.5701,8.5701,8.5701,8.5701,8.5701,8.5701,8.5701,8.5701,8.5701,8.5701,8.5701,8.5701,8.5701,8.5701,8.5701,8.5701,8.5701,8.5701,8.5701,8.5701,8.5701,8.5701,8.5701,8.5701,8.5701,8.5701,8.5701,8.5701,8.5701,8.5701,8.5701,8.5701,8.5701,8.5701,8.5701,8.5701,8.5701,8.5701,8.5701,8.5701,8.5701,8.5701,8.5701,8.5701,8.5701,8.5701,8.5701,8.5701,8.5701,8.5701,8.5701,8.5701,8.5701,8.5701,8.5701,8.5701,8.5701,8.5701,8.5701,8.5701,8.5701,8.5701,8.5701,8.5701,8.5701,8.5701,8.5701,8.5701,8.5701,8.5701,8.5701,8.5701,8.5701,8.5701,8.5701,8.5701,8.5701,8.5701,8.5701,8.5701,8.5701,8.5701,8.5701,8.5701,8.5701,8.5701,8.5701,8.5701,8.5701,8.5701,8.5701,8.5701,8.5701,8.5701,8.5701,8.5701,8.5701,8.5701,8.5701,8.5701,8.5701,8.5701,8.5701,8.5701,8.5701,8.5701,8.5701,8.5701,8.5701,8.5701,8.5701,8.5701,8.5701,8.5701,8.5701,8.5701,8.5701,8.5701,8.5701,8.5701,8.5701,8.5701,8.5701,8.5701,8.5701,8.5701,8.5701,8.5701,8.5701,8.5701,8.5701,8.5701,8.5701,8.5701,8.5701,8.5701,8.5701,8.5701,8.5701,8.5701,8.5701,8.5701,8.5701,8.5701,8.5701,8.5701,8.5701,8.5701,8.5701,8.5701,8.5701,8.5701,8.5701,8.5701,8.5701,8.5701,8.5701,8.5701,8.5701,8.5701,8.5701,8.5701,8.5701,8.5701,8.5701,8.5701,8.5701,8.5701,8.5701,8.5701,8.5701,8.5701,8.5701,8.5701,8.5701,8.5701,8.5701,8.5701,8.5701,8.5701,8.5701,8.5701,8.5701,8.5701,8.5701,8.5701,8.5701,8.5701,8.5701,8.5701,8.5701,8.5701,8.5701,8.5701,8.5701,8.5701,8.5701,8.5701,8.5701,8.5701,8.5701,8.5701,8.5701,8.5701,8.5701,8.5701,8.5701,8.5701,8.5701,8.5701,8.5701,8.5701,8.5701,8.5701,8.5701,8.5701,8.5701,8.5701,8.5701,8.5701,8.5701,8.5701,8.5701,8.5701,8.5701,8.5701,8.5701,8.5701,8.5701,8.5701,8.5701,8.5701,8.5701,8.5701,8.5701,8.5701,8.5701,8.5701,8.5701,8.5701,8.5701,8.5701,8.5701,8.5701,8.5701,8.5701,8.5701,8.5701,8.5701,8.5701,8.5701,8.5701,8.5701,8.5701,8.5701,8.5701,8.5701,8.5701,8.5701,8.5701,8.5701,8.5701,8.5701,8.5701,8.5701,8.5701,8.5701,8.5701,8.5701,8.5701,8.5701,8.5701,8.5701,8.5701,8.5701,8.5701,8.5701,8.5701,8.5701,8.5701,8.5701,8.5701
8.5627,8.5627,8.5627,8.5627,8.5627,8.5627,8.5627,8.5627,8.5627,8.5627,8.5627,8.5627,8.5627,8.5627,8.5627,8.5627,8.5627,8.5627,8.5627,8.5627,8.5627,8.5627,8.5627,8.5627,8.5627,8.5627,8.5627,8.5627,8.5627,8.5627,8.5627,8.5627,8.5627,8.5627,8.5627,8.5627,8.5627,8.5627,8.5627,8.5627,8.5627,8.5627,8.5627,8.5627,8.5627,8.5627,8.5627,8.5627,8.5627,8.5627,8.5627,8.5627,8.5627,8.5627,8.5627,8.5627,8.5627,8.5627,8.5627,8.5627,8.5627,8.5627,8.5627,8.5627,8.5627,8.5627,8.5627,8.5627,8.5627,8.5627,8.5627,8.5627,8.5627,8.5627,8.5627,8.5627,8.5627,8.5627,8.5627,8.5627,8.5627,8.5627,8.5627,8.5627,8.5627,8.5627,8.5627,8.5627,8.5627,8.5627,8.5627,8.5627,8.5627,8.5627,8.5627,8.5627,8.5627,8.5627,8.5627,8.5627,8.5627,8.5627,8.5627,8.5627,8.5627,8.5627,8.5627,8.5627,8.5627,8.5627,8.5627,8.5627,8.5627,8.5627,8.5627,8.5627,8.5627,8.5627,8.5627,8.5627,8.5627,8.5627,8.5627,8.5627,8.5627,8.5627,8.5627,8.5627,8.5627,8.5627,8.5627,8.5627,8.5627,8.5627,8.5627,8.5627,8.5627,8.5627,8.5627,8.5627,8.5627,8.5627,8.5627,8.5627,8.5627,8.5627,8.5627,8.5627,8.5627,8.5627,8.5627,8.5627,8.5627,8.5627,8.5627,8.5627,8.5627,8.5627,8.5627,8.5627,8.5627,8.5627,8.5627,8.5627,8.5627,8.5627,8.5627,8.5627,8.5627,8.5627,8.5627,8.5627,8.5627,8.5627,8.5627,8.5627,8.5627,8.5627,8.5627,8.5627,8.5627,8.5627,8.5627,8.5627,8.5627,8.5627,8.5627,8.5627,8.5627,8.5627,8.5627,8.5627,8.5627,8.5627,8.5627,8.5627,8.5627,8.5627,8.5627,8.5627,8.5627,8.5627,8.5627,8.5627,8.5627,8.5627,8.5627,8.5627,8.5627,8.5627,8.5627,8.5627,8.5627,8.5627,8.5627,8.5627,8.5627,8.5627,8.5627,8.5627,8.5627,8.5627,8.5627,8.5627,8.5627,8.5627,8.5627,8.5627,8.5627,8.5627,8.5627,8.5627,8.5627,8.5627,8.5627,8.5627,8.5627,8.5627,8.5627,8.5627,8.5627,8.5627,8.5627,8.5627,8.5627,8.5627,8.5627,8.5627,8.5627,8.5627,8.5627,8.5627,8.5627,8.5627,8.5627,8.5627,8.5627,8.5627,8.5627,8.5627,8.5627,8.5627,8.5627,8.5627,8.5627,8.5627,8.5627,8.5627,8.5627,8.5627,8.5627,8.5627,8.5627,8.5627,8.5627,8.5627,8.5627,8.5627,8.5627,8.5627,8.5627,8.5627,8.5627,8.5627,8.5627,8.5627,8.5627,8.5627,8.5627,8.5627,8.5627,8.5627,8.5627,8.5627,8.5627,8.5627,8.5627,8.5627,8.5627,8.5627,8.5627,8.5627,8.5627,8.5627,8.5627,8.5627,8.5627,8.5627,8.5627,8.5627,8.5627,8.5627,8.5627,8.5627,8.5627,8.5627,8.5627,8.5627,8.5627,8.5627,8.5627,8.5627,8.5627,8.5627,8.5627,8.5627,8.5627,8.5627,8.5627,8.5627,8.5627,8.5627,8.5627,8.5627,8.5627,8.5627,8.5627,8.5627,8.5627,8.5627,8.5627,8.5627,8.5627,8.5627,8.5627,8.5627,8.5627,8.5627,8.5627,8.5627,8.5627,8.5627,8.5627,8.5627,8.5627,8.5627,8.5627,8.5627,8.5627,8.5627,8.5627,8.5627,8.5627,8.5627,8.5627,8.5627,8.5627,8.5627,8.5627,8.5627,8.5627,8.5627,8.5627,8.5627,8.5627,8.5627,8.5627,8.5627,8.5627,8.5627,8.5627,8.5627,8.5627,8.5627,8.5627,8.5627,8.5627,8.5627,8.5627,8.5627,8.5627,8.5627,8.5627,8.5627,8.5627,8.5627,8.5627,8.5627,8.5627,8.5627,8.5627,8.5627,8.5627,8.5627,8.5627,8.5627,8.5627,8.5627,8.5627,8.5627,8.5627,8.5627,8.5627,8.5627,8.5627,8.5627,8.5627,8.5627,8.5627,8.5627,8.5627,8.5627,8.5627,8.5627,8.5627,8.5627,8.5627,8.5627,8.5627,8.5627,8.5627,8.5627,8.5627,8.5627,8.5627,8.5627,8.5627,8.5627,8.5627,8.5627,8.5627,8.5627,8.5627,8.5627,8.5627,8.5627,8.5627,8.5627,8.5627,8.5627,8.5627,8.5627,8.5627,8.5627,8.5627,8.5627,8.5627,8.5627,8.5627,8.5627,8.5627,8.5627,8.5627,8.5627,8.5627,8.5627,8.5627,8.5627,8.5627,8.5627,8.5627,8.5627,8.5627,8.5627,8.5627,8.5627,8.5627,8.5627,8.5627,8.5627,8.5627,8.5627,8.5627,8.5627,8.5627,8.5627,8.5627,8.5627,8.5627,8.5627,8.5627,8.5627,8.5627,8.5627,8.5627,8.5627,8.5627,8.5627,8.5627,8.5627,8.5627,8.5627,8.5627,8.5627,8.5627,8.5627,8.5627,8.5627,8.5627,8.5627,8.5627,8.5627,8.5627,8.5627,8.5627,8.5627,8.5627,8.5627,8.5627,8.5627,8.5627,8.5627,8.5627,8.5627,8.5627,8.5627,8.5627,8.5627,8.5627,8.5627,8.5627,8.5627,8.5627,8.5627,8.5627,8.5627,8.5627,8.5627,8.5627,8.5627,8.5627,8.5627,8.5627,8.5627,8.5627,8.5627,8.5627,8.5627,8.5627,8.5627,8.5627,8.5627,8.5627,8.5627,8.5627,8.5627,8.5627,8.5627,8.5627,8.5627,8.5627,8.5627,8.5627,8.5627,8.5627,8.5627,8.5627,8.5627,8.5627,8.5627,8.5627,8.5627,8.5627,8.5627,8.5627,8.5627,8.5627,8.5627,8.5627,8.5627,8.5627,8.5627,8.5627,8.5627,8.5627,8.5627,8.5627,8.5627,8.5627,8.5627,8.5627,8.5627,8.5627,8.5627,8.5627,8.5627,8.5627,8.5627,8.5627,8.5627,8.5627,8.5627,8.5627,8.5627,8.5627,8.5627,8.5627,8.5627,8.5627,8.5627,8.5627,8.5627,8.5627,8.5627,8.5627,8.5627,8.5627,8.5627,8.5627,8.5627,8.5627,8.5627,8.5627,8.5627,8.5627,8.5627,8.5627,8.5627,8.5627,8.5627,8.5627,8.5627,8.5627,8.5627,8.5627,8.5627,8.5627,8.5627,8.5627,8.5627,8.5627,8.5627,8.5627,8.5627,8.5627,8.5627,8.5627,8.5627,8.5627,8.5627,8.5627,8.5627,8.5627,8.5627,8.5627,8.5627,8.5627,8.5627,8.5627,8.5627,8.5627,8.5627,8.5627,8.5627,8.5627,8.5627,8.5627,8.5627,8.5627,8.5627,8.5627,8.5627,8.5627,8.5627,8.5627,8.5627,8.5627,8.5627,8.5627,8.5627,8.5627,8.5627,8.5627,8.5627,8.5627,8.5627,8.5627,8.5627,8.5627,8.5627,8.5627,8.5627,8.5627,8.5627,8.5627,8.5627,8.5627,8.5627,8.5627,8.5627,8.5627,8.5627,8.5627,8.5627,8.5627,8.5627,8.5627,8.5627,8.5627,8.5627,8.5627,8.5627,8.5627,8.5627,8.5627,8.5627,8.5627,8.5627,8.5627,8.5627,8.5627,8.5627,8.5627,8.5627,8.5627,8.5627,8.5627,8.5627,8.5627,8.5627,8.5627,8.5627,8.5627,8.5627,8.5627,8.5627,8.5627,8.5627,8.5627,8.5627,8.5627,8.5627,8.5627,8.5627,8.5627,8.5627,8.5627,8.5627,8.5627,8.5627,8.5627,8.5627,8.5627,8.5627,8.5627,8.5627,8.5627,8.5627,8.5627,8.5627,8.5627,8.5627,8.5627,8.5627,8.5627,8.5627,8.5627,8.5627,8.5627,8.5627,8.5627,8.5627,8.5627,8.5627,8.5627,8.5627,8.5627,8.5627,8.5627,8.5627,8.5627,8.5627,8.5627,8.5627,8.5627,8.5627,8.5627,8.5627,8.5627,8.5627,8.5627,8.5627,8.5627,8.5627,8.5627,8.5627,8.5627,8.5627,8.5627,8.5627,8.5627,8.5627,8.5627,8.5627,8.5627,8.5627,8.5627,8.5627,8.5627,8.5627,8.5627,8.5627,8.5627,8.5627,8.5627,8.5627,8.5627,8.5627,8.5627,8.5627,8.5627,8.5627,8.5627,8.5627,8.5627,8.5627,8.5627,8.5627,8.5627,8.5627,8.5627,8.5627,8.5627,8.5627,8.5627,8.5627,8.5627,8.5627,8.5627,8.5627,8.5627,8.5627,8.5627,8.5627,8.5627,8.5627,8.5627,8.5627,8.5627,8.5627,8.5627,8.5627,8.5627,8.5627,8.5627,8.5627,8.5627,8.5627,8.5627,8.5627,8.5627,8.5627,8.5627,8.5627,8.5627,8.5627,8.5627,8.5627,8.5627,8.5627,8.5627,8.5627,8.5627,8.5627,8.5627,8.5627,8.5627,8.5627,8.5627,8.5627,8.5627,8.5627,8.5627,8.5627,8.5627,8.5627,8.5627,8.5627,8.5627,8.5627,8.5627,8.5627,8.5627,8.5627,8.5627,8.5627,8.5627,8.5627,8.5627,8.5627,8.5627,8.5627,8.5627,8.5627,8.5627,8.5627,8.5627,8.5627,8.5627,8.5627,8.5627,8.5627,8.5627,8.5627,8.5627,8.5627,8.5627,8.5627,8.5627,8.5627,8.5627,8.5627,8.5627,8.5627,8.5627,8.5627,8.5627,8.5627,8.5627,8.5627,8.5627,8.5627,8.5627,8.5627,8.5627,8.5627,8.5627,8.5627,8.5627,8.5627,8.5627,8.5627,8.5627,8.5627,8.5627,8.5627,8.5627,8.5627,8.5627,8.5627,8.5627,8.5627,8.5627,8.5627,8.5627,8.5627,8.5627,8.5627,8.5627,8.5627
8.5540,8.5540,8.5540,8.5540,8.5540,8.5540,8.5540,8.5540,8.5540,8.5540,8.5540,8.5540,8.5540,8.5540,8.5540,8.5540,8.5540,8.5540,8.5540,8.5540,8.5540,8.5540,8.5540,8.5540,8.5540,8.5540,8.5540,8.5540,8.5540,8.5540,8.5540,8.5540,8.5540,8.5540,8.5540,8.5540,8.5540,8.5540,8.5540,8.5540,8.5540,8.5540,8.5540,8.5540,8.5540,8.5540,8.5540,8.5540,8.5540,8.5540,8.5540,8.5540,8.5540,8.5540,8.5540,8.5540,8.5540,8.5540,8.5540,8.5540,8.5540,8.5540,8.5540,8.5540,8.5540,8.5540,8.5540,8.5540,8.5540,8.5540,8.5540,8.5540,8.5540,8.5540,8.5540,8.5540,8.5540,8.5540,8.5540,8.5540,8.5540,8.5540,8.5540,8.5540,8.5540,8.5540,8.5540,8.5540,8.5540,8.5540,8.5540,8.5540,8.5540,8.5540,8.5540,8.5540,8.5540,8.5540,8.5540,8.5540,8.5540,8.5540,8.5540,8.5540,8.5540,8.5540,8.5540,8.5540,8.5540,8.5540,8.5540,8.5540,8.5540,8.5540,8.5540,8.5540,8.5540,8.5540,8.5540,8.5540,8.5540,8.5540,8.5540,8.5540,8.5540,8.5540,8.5540,8.5540,8.5540,8.5540,8.5540,8.5540,8.5540,8.5540,8.5540,8.5540,8.5540,8.5540,8.5540,8.5540,8.5540,8.5540,8.5540,8.5540,8.5540,8.5540,8.5540,8.5540,8.5540,8.5540,8.5540,8.5540,8.5540,8.5540,8.5540,8.5540,8.5540,8.5540,8.5540,8.5540,8.5540,8.5540,8.5540,8.5540,8.5540,8.5540,8.5540,8.5540,8.5540,8.5540,8.5540,8.5540,8.5540,8.5540,8.5540,8.5540,8.5540,8.5540,8.5540,8.5540,8.5540,8.5540,8.5540,8.5540,8.5540,8.5540,8.5540,8.5540,8.5540,8.5540,8.5540,8.5540,8.5540,8.5540,8.5540,8.5540,8.5540,8.5540,8.5540,8.5540,8.5540,8.5540,8.5540,8.5540,8.5540,8.5540,8.5540,8.5540,8.5540,8.5540,8.5540,8.5540,8.5540,8.5540,8.5540,8.5540,8.5540,8.5540,8.5540,8.5540,8.5540,8.5540,8.5540,8.5540,8.5540,8.5540,8.5540,8.5540,8.5540,8.5540,8.5540,8.5540,8.5540,8.5540,8.5540,8.5540,8.5540,8.5540,8.5540,8.5540,8.5540,8.5540,8.5540,8.5540,8.5540,8.5540,8.5540,8.5540,8.5540,8.5540,8.5540,8.5540,8.5540,8.5540,8.5540,8.5540,8.5540,8.5540,8.5540,8.5540,8.5540,8.5540,8.5540,8.5540,8.5540,8.5540,8.5540,8.5540,8.5540,8.5540,8.5540,8.5540,8.5540,8.5540,8.5540,8.5540,8.5540,8.5540,8.5540,8.5540,8.5540,8.5540,8.5540,8.5540,8.5540,8.5540,8.5540,8.5540,8.5540,8.5540,8.5540,8.5540,8.5540,8.5540,8.5540,8.5540,8.5540,8.5540,8.5540,8.5540,8.5540,8.5540,8.5540,8.5540,8.5540,8.5540,8.5540,8.5540,8.5540,8.5540,8.5540,8.5540,8.5540,8.5540,8.5540,8.5540,8.5540,8.5540,8.5540,8.5540,8.5540,8.5540,8.5540,8.5540,8.5540,8.5540,8.5540,8.5540,8.5540,8.5540,8.5540,8.5540,8.5540,8.5540,8.5540,8.5540,8.5540,8.5540,8.5540,8.5540,8.5540,8.5540,8.5540,8.5540,8.5540,8.5540,8.5540,8.5540,8.5540,8.5540,8.5540,8.5540,8.5540,8.5540,8.5540,8.5540,8.5540,8.5540,8.5540,8.5540,8.5540,8.5540,8.5540,8.5540,8.5540,8.5540,8.5540,8.5540,8.5540,8.5540,8.5540,8.5540,8.5540,8.5540,8.5540,8.5540,8.5540,8.5540,8.5540,8.5540,8.5540,8.5540,8.5540,8.5540,8.5540,8.5540,8.5540,8.5540,8.5540,8.5540,8.5540,8.5540,8.5540,8.5540,8.5540,8.5540,8.5540,8.5540,8.5540,8.5540,8.5540,8.5540,8.5540,8.5540,8.5540,8.5540,8.5540,8.5540,8.5540,8.5540,8.5540,8.5540,8.5540,8.5540,8.5540,8.5540,8.5540,8.5540,8.5540,8.5540,8.5540,8.5540,8.5540,8.5540,8.5540,8.5540,8.5540,8.5540,8.5540,8.5540,8.5540,8.5540,8.5540,8.5540,8.5540,8.5540,8.5540,8.5540,8.5540,8.5540,8.5540,8.5540,8.5540,8.5540,8.5540,8.5540,8.5540,8.5540,8.5540,8.5540,8.5540,8.5540,8.5540,8.5540,8.5540,8.5540,8.5540,8.5540,8.5540,8.5540,8.5540,8.5540,8.5540,8.5540,8.5540,8.5540,8.5540,8.5540,8.5540,8.5540,8.5540,8.5540,8.5540,8.5540,8.5540,8.5540,8.5540,8.5540,8.5540,8.5540,8.5540,8.5540,8.5540,8.5540,8.5540,8.5540,8.5540,8.5540,8.5540,8.5540,8.5540,8.5540,8.5540,8.5540,8.5540,8.5540,8.5540,8.5540,8.5540,8.5540,8.5540,8.5540,8.5540,8.5540,8.5540,8.5540,8.5540,8.5540,8.5540,8.5540,8.5540,8.5540,8.5540,8.5540,8.5540,8.5540,8.5540,8.5540,8.5540,8.5540,8.5540,8.5540,8.5540,8.5540,8.5540,8.5540,8.5540,8.5540,8.5540,8.5540,8.5540,8.5540,8.5540,8.5540,8.5540,8.5540,8.5540,8.5540,8.5540,8.5540,8.5540,8.5540,8.5540,8.5540,8.5540,8.5540,8.5540,8.5540,8.5540,8.5540,8.5540,8.5540,8.5540,8.5540,8.5540,8.5540,8.5540,8.5540,8.5540,8.5540,8.5540,8.5540,8.5540,8.5540,8.5540,8.5540,8.5540,8.5540,8.5540,8.5540,8.5540,8.5540,8.5540,8.5540,8.5540,8.5540,8.5540,8.5540,8.5540,8.5540,8.5540,8.5540,8.5540,8.5540,8.5540,8.5540,8.5540,8.5540,8.5540,8.5540,8.5540,8.5540,8.5540,8.5540,8.5540,8.5540,8.5540,8.5540,8.5540,8.5540,8.5540,8.5540,8.5540,8.5540,8.5540,8.5540,8.5540,8.5540,8.5540,8.5540,8.5540,8.5540,8.5540,8.5540,8.5540,8.5540,8.5540,8.5540,8.5540,8.5540,8.5540,8.5540,8.5540,8.5540,8.5540,8.5540,8.5540,8.5540,8.5540,8.5540,8.5540,8.5540,8.5540,8.5540,8.5540,8.5540,8.5540,8.5540,8.5540,8.5540,8.5540,8.5540,8.5540,8.5540,8.5540,8.5540,8.5540,8.5540,8.5540,8.5540,8.5540,8.5540,8.5540,8.5540,8.5540,8.5540,8.5540,8.5540,8.5540,8.5540,8.5540,8.5540,8.5540,8.5540,8.5540,8.5540,8.5540,8.5540,8.5540,8.5540,8.5540,8.5540,8.5540,8.5540,8.5540,8.5540,8.5540,8.5540,8.5540,8.5540,8.5540,8.5540,8.5540,8.5540,8.5540,8.5540,8.5540,8.5540,8.5540,8.5540,8.5540,8.5540,8.5540,8.5540,8.5540,8.5540,8.5540,8.5540,8.5540,8.5540,8.5540,8.5540,8.5540,8.5540,8.5540,8.5540,8.5540,8.5540,8.5540,8.5540,8.5540,8.5540,8.5540,8.5540,8.5540,8.5540,8.5540,8.5540,8.5540,8.5540,8.5540,8.5540,8.5540,8.5540,8.5540,8.5540,8.5540,8.5540,8.5540,8.5540,8.5540,8.5540,8.5540,8.5540,8.5540,8.5540,8.5540,8.5540,8.5540,8.5540,8.5540,8.5540,8.5540,8.5540,8.5540,8.5540,8.5540,8.5540,8.5540,8.5540,8.5540,8.5540,8.5540,8.5540,8.5540,8.5540,8.5540,8.5540,8.5540,8.5540,8.5540,8.5540,8.5540,8.5540,8.5540,8.5540,8.5540,8.5540,8.5540,8.5540,8.5540,8.5540,8.5540,8.5540,8.5540,8.5540,8.5540,8.5540,8.5540,8.5540,8.5540,8.5540,8.5540,8.5540,8.5540,8.5540,8.5540,8.5540,8.5540,8.5540,8.5540,8.5540,8.5540,8.5540,8.5540,8.5540,8.5540,8.5540,8.5540,8.5540,8.5540,8.5540,8.5540,8.5540,8.5540,8.5540,8.5540,8.5540,8.5540,8.5540,8.5540,8.5540,8.5540,8.5540,8.5540,8.5540,8.5540,8.5540,8.5540,8.5540,8.5540,8.5540,8.5540,8.5540,8.5540,8.5540,8.5540,8.5540,8.5540,8.5540,8.5540,8.5540,8.5540,8.5540,8.5540,8.5540,8.5540,8.5540,8.5540,8.5540,8.5540,8.5540,8.5540,8.5540,8.5540,8.5540,8.5540,8.5540,8.5540,8.5540,8.5540,8.5540,8.5540,8.5540,8.5540,8.5540,8.5540,8.5540,8.5540,8.5540,8.5540,8.5540,8.5540,8.5540,8.5540,8.5540,8.5540,8.5540,8.5540,8.5540,8.5540,8.5540,8.5540,8.5540,8.5540,8.5540,8.5540,8.5540,8.5540,8.5540,8.5540,8.5540,8.5540,8.5540,8.5540,8.5540,8.5540,8.5540,8.5540,8.5540,8.5540,8.5540,8.5540,8.5540,8.5540,8.5540,8.5540,8.5540,8.5540,8.5540,8.5540,8.5540,8.5540,8.5540,8.5540,8.5540,8.5540,8.5540,8.5540,8.5540,8.5540,8.5540,8.5540,8.5540,8.5540,8.5540,8.5540,8.5540,8.5540,8.5540,8.5540,8.5540,8.5540,8.5540,8.5540,8.5540,8.5540,8.5540,8.5540,8.5540,8.5540,8.5540,8.5540,8.5540,8.5540,8.5540,8.5540,8.5540,8.5540,8.5540,8.5540,8.5540,8.5540,8.5540,8.5540,8.5540,8.5540,8.5540,8.5540,8.5540,8.5540,8.5540,8.5540,8.5540,8.5540,8.5540,8.5540,8.5540,8.5540,8.5540
8.5466,8.5466,8.5466,8.5466,8.5466,8.5466,8.5466,8.5466,8.5466,8.5466,8.5466,8.5466,8.5466,8.5466,8.5466,8.5466,8.5466,8.5466,8.5466,8.5466,8.5466,8.5466,8.5466,8.5466,8.5466,8.5466,8.5466,8.5466,8.5466,8.5466,8.5466,8.5466,8.5466,8.5466,8.5466,8.5466,8.5466,8.5466,8.5466,8.5466,8.5466,8.5466,8.5466,8.5466,8.5466,8.5466,8.5466,8.5466,8.5466,8.5466,8.5466,8.5466,8.5466,8.5466,8.5466,8.5466,8.5466,8.5466,8.5466,8.5466,8.5466,8.5466,8.5466,8.5466,8.5466,8.5466,8.5466,8.5466,8.5466,8.5466,8.5466,8.5466,8.5466,8.5466,8.5466,8.5466,8.5466,8.5466,8.5466,8.5466,8.5466,8.5466,8.5466,8.5466,8.5466,8.5466,8.5466,8.5466,8.5466,8.5466,8.5466,8.5466,8.5466,8.5466,8.5466,8.5466,8.5466,8.5466,8.5466,8.5466,8.5466,8.5466,8.5466,8.5466,8.5466,8.5466,8.5466,8.5466,8.5466,8.5466,8.5466,8.5466,8.5466,8.5466,8.5466,8.5466,8.5466,8.5466,8.5466,8.5466,8.5466,8.5466,8.5466,8.5466,8.5466,8.5466,8.5466,8.5466,8.5466,8.5466,8.5466,8.5466,8.5466,8.5466,8.5466,8.5466,8.5466,8.5466,8.5466,8.5466,8.5466,8.5466,8.5466,8.5466,8.5466,8.5466,8.5466,8.5466,8.5466,8.5466,8.5466,8.5466,8.5466,8.5466,8.5466,8.5466,8.5466,8.5466,8.5466,8.5466,8.5466,8.5466,8.5466,8.5466,8.5466,8.5466,8.5466,8.5466,8.5466,8.5466,8.5466,8.5466,8.5466,8.5466,8.5466,8.5466,8.5466,8.5466,8.5466,8.5466,8.5466,8.5466,8.5466,8.5466,8.5466,8.5466,8.5466,8.5466,8.5466,8.5466,8.5466,8.5466,8.5466,8.5466,8.5466,8.5466,8.5466,8.5466,8.5466,8.5466,8.5466,8.5466,8.5466,8.5466,8.5466,8.5466,8.5466,8.5466,8.5466,8.5466,8.5466,8.5466,8.5466,8.5466,8.5466,8.5466,8.5466,8.5466,8.5466,8.5466,8.5466,8.5466,8.5466,8.5466,8.5466,8.5466,8.5466,8.5466,8.5466,8.5466,8.5466,8.5466,8.5466,8.5466,8.5466,8.5466,8.5466,8.5466,8.5466,8.5466,8.5466,8.5466,8.5466,8.5466,8.5466,8.5466,8.5466,8.5466,8.5466,8.5466,8.5466,8.5466,8.5466,8.5466,8.5466,8.5466,8.5466,8.5466,8.5466,8.5466,8.5466,8.5466,8.5466,8.5466,8.5466,8.5466,8.5466,8.5466,8.5466,8.5466,8.5466,8.5466,8.5466,8.5466,8.5466,8.5466,8.5466,8.5466,8.5466,8.5466,8.5466,8.5466,8.5466,8.5466,8.5466,8.5466,8.5466,8.5466,8.5466,8.5466,8.5466,8.5466,8.5466,8.5466,8.5466,8.5466,8.5466,8.5466,8.5466,8.5466,8.5466,8.5466,8.5466,8.5466,8.5466,8.5466,8.5466,8.5466,8.5466,8.5466,8.5466,8.5466,8.5466,8.5466,8.5466,8.5466,8.5466,8.5466,8.5466,8.5466,8.5466,8.5466,8.5466,8.5466,8.5466,8.5466,8.5466,8.5466,8.5466,8.5466,8.5466,8.5466,8.5466,8.5466,8.5466,8.5466,8.5466,8.5466,8.5466,8.5466,8.5466,8.5466,8.5466,8.5466,8.5466,8.5466,8.5466,8.5466,8.5466,8.5466,8.5466,8.5466,8.5466,8.5466,8.5466,8.5466,8.5466,8.5466,8.5466,8.5466,8.5466,8.5466,8.5466,8.5466,8.5466,8.5466,8.5466,8.5466,8.5466,8.5466,8.5466,8.5466,8.5466,8.5466,8.5466,8.5466,8.5466,8.5466,8.5466,8.5466,8.5466,8.5466,8.5466,8.5466,8.5466,8.5466,8.5466,8.5466,8.5466,8.5466,8.5466,8.5466,8.5466,8.5466,8.5466,8.5466,8.5466,8.5466,8.5466,8.5466,8.5466,8.5466,8.5466,8.5466,8.5466,8.5466,8.5466,8.5466,8.5466,8.5466,8.5466,8.5466,8.5466,8.5466,8.5466,8.5466,8.5466,8.5466,8.5466,8.5466,8.5466,8.5466,8.5466,8.5466,8.5466,8.5466,8.5466,8.5466,8.5466,8.5466,8.5466,8.5466,8.5466,8.5466,8.5466,8.5466,8.5466,8.5466,8.5466,8.5466,8.5466,8.5466,8.5466,8.5466,8.5466,8.5466,8.5466,8.5466,8.5466,8.5466,8.5466,8.5466,8.5466,8.5466,8.5466,8.5466,8.5466,8.5466,8.5466,8.5466,8.5466,8.5466,8.5466,8.5466,8.5466,8.5466,8.5466,8.5466,8.5466,8.5466,8.5466,8.5466,8.5466,8.5466,8.5466,8.5466,8.5466,8.5466,8.5466,8.5466,8.5466,8.5466,8.5466,8.5466,8.5466,8.5466,8.5466,8.5466,8.5466,8.5466,8.5466,8.5466,8.5466,8.5466,8.5466,8.5466,8.5466,8.5466,8.5466,8.5466,8.5466,8.5466,8.5466,8.5466,8.5466,8.5466,8.5466,8.5466,8.5466,8.5466,8.5466,8.5466,8.5466,8.5466,8.5466,8.5466,8.5466,8.5466,8.5466,8.5466,8.5466,8.5466,8.5466,8.5466,8.5466,8.5466,8.5466,8.5466,8.5466,8.5466,8.5466,8.5466,8.5466,8.5466,8.5466,8.5466,8.5466,8.5466,8.5466,8.5466,8.5466,8.5466,8.5466,8.5466,8.5466,8.5466,8.5466,8.5466,8.5466,8.5466,8.5466,8.5466,8.5466,8.5466,8.5466,8.5466,8.5466,8.5466,8.5466,8.5466,8.5466,8.5466,8.5466,8.5466,8.5466,8.5466,8.5466,8.5466,8.5466,8.5466,8.5466,8.5466,8.5466,8.5466,8.5466,8.5466,8.5466,8.5466,8.5466,8.5466,8.5466,8.5466,8.5466,8.5466,8.5466,8.5466,8.5466,8.5466,8.5466,8.5466,8.5466,8.5466,8.5466,8.5466,8.5466,8.5466,8.5466,8.5466,8.5466,8.5466,8.5466,8.5466,8.5466,8.5466,8.5466,8.5466,8.5466,8.5466,8.5466,8.5466,8.5466,8.5466,8.5466,8.5466,8.5466,8.5466,8.5466,8.5466,8.5466,8.5466,8.5466,8.5466,8.5466,8.5466,8.5466,8.5466,8.5466,8.5466,8.5466,8.5466,8.5466,8.5466,8.5466,8.5466,8.5466,8.5466,8.5466,8.5466,8.5466,8.5466,8.5466,8.5466,8.5466,8.5466,8.5466,8.5466,8.5466,8.5466,8.5466,8.5466,8.5466,8.5466,8.5466,8.5466,8.5466,8.5466,8.5466,8.5466,8.5466,8.5466,8.5466,8.5466,8.5466,8.5466,8.5466,8.5466,8.5466,8.5466,8.5466,8.5466,8.5466,8.5466,8.5466,8.5466,8.5466,8.5466,8.5466,8.5466,8.5466,8.5466,8.5466,8.5466,8.5466,8.5466,8.5466,8.5466,8.5466,8.5466,8.5466,8.5466,8.5466,8.5466,8.5466,8.5466,8.5466,8.5466,8.5466,8.5466,8.5466,8.5466,8.5466,8.5466,8.5466,8.5466,8.5466,8.5466,8.5466,8.5466,8.5466,8.5466,8.5466,8.5466,8.5466,8.5466,8.5466,8.5466,8.5466,8.5466,8.5466,8.5466,8.5466,8.5466,8.5466,8.5466,8.5466,8.5466,8.5466,8.5466,8.5466,8.5466,8.5466,8.5466,8.5466,8.5466,8.5466,8.5466,8.5466,8.5466,8.5466,8.5466,8.5466,8.5466,8.5466,8.5466,8.5466,8.5466,8.5466,8.5466,8.5466,8.5466,8.5466,8.5466,8.5466,8.5466,8.5466,8.5466,8.5466,8.5466,8.5466,8.5466,8.5466,8.5466,8.5466,8.5466,8.5466,8.5466,8.5466,8.5466,8.5466,8.5466,8.5466,8.5466,8.5466,8.5466,8.5466,8.5466,8.5466,8.5466,8.5466,8.5466,8.5466,8.5466,8.5466,8.5466,8.5466,8.5466,8.5466,8.5466,8.5466,8.5466,8.5466,8.5466,8.5466,8.5466,8.5466,8.5466,8.5466,8.5466,8.5466,8.5466,8.5466,8.5466,8.5466,8.5466,8.5466,8.5466,8.5466,8.5466,8.5466,8.5466,8.5466,8.5466,8.5466,8.5466,8.5466,8.5466,8.5466,8.5466,8.5466,8.5466,8.5466,8.5466,8.5466,8.5466,8.5466,8.5466,8.5466,8.5466,8.5466,8.5466,8.5466,8.5466,8.5466,8.5466,8.5466,8.5466,8.5466,8.5466,8.5466,8.5466,8.5466,8.5466,8.5466,8.5466,8.5466,8.5466,8.5466,8.5466,8.5466,8.5466,8.5466,8.5466,8.5466,8.5466,8.5466,8.5466,8.5466,8.5466,8.5466,8.5466,8.5466,8.5466,8.5466,8.5466,8.5466,8.5466,8.5466,8.5466,8.5466,8.5466,8.5466,8.5466,8.5466,8.5466,8.5466,8.5466,8.5466,8.5466,8.5466,8.5466,8.5466,8.5466,8.5466,8.5466,8.5466,8.5466,8.5466,8.5466,8.5466,8.5466,8.5466,8.5466,8.5466,8.5466,8.5466,8.5466,8.5466,8.5466,8.5466,8.5466,8.5466,8.5466,8.5466,8.5466,8.5466,8.5466,8.5466,8.5466,8.5466,8.5466,8.5466,8.5466,8.5466,8.5466,8.5466,8.5466,8.5466,8.5466,8.5466,8.5466,8.5466,8.5466,8.5466,8.5466,8.5466,8.5466,8.5466,8.5466,8.5466,8.5466,8.5466,8.5466,8.5466,8.5466,8.5466,8.5466,8.5466,8.5466,8.5466,8.5466,8.5466,8.5466,8.5466,8.5466,8.5466,8.5466,8.5466,8.5466,8.5466,8.5466,8.5466,8.5466,8.5466,8.5466,8.5466,8.5466,8.5466,8.5466,8.5466,8.5466
8.5383,8.5383,8.5383,8.5383,8.5383,8.5383,8.5383,8.5383,8.5383,8.5383,8.5383,8.5383,8.5383,8.5383,8.5383,8.5383,8.5383,8.5383,8.5383,8.5383,8.5383,8.5383,8.5383,8.5383,8.5383,8.5383,8.5383,8.5383,8.5383,8.5383,8.5383,8.5383,8.5383,8.5383,8.5383,8.5383,8.5383,8.5383,8.5383,8.5383,8.5383,8.5383,8.5383,8.5383,8.5383,8.5383,8.5383,8.5383,8.5383,8.5383,8.5383,8.5383,8.5383,8.5383,8.5383,8.5383,8.5383,8.5383,8.5383,8.5383,8.5383,8.5383,8.5383,8.5383,8.5383,8.5383,8.5383,8.5383,8.5383,8.5383,8.5383,8.5383,8.5383,8.5383,8.5383,8.5383,8.5383,8.5383,8.5383,8.5383,8.5383,8.5383,8.5383,8.5383,8.5383,8.5383,8.5383,8.5383,8.5383,8.5383,8.5383,8.5383,8.5383,8.5383,8.5383,8.5383,8.5383,8.5383,8.5383,8.5383,8.5383,8.5383,8.5383,8.5383,8.5383,8.5383,8.5383,8.5383,8.5383,8.5383,8.5383,8.5383,8.5383,8.5383,8.5383,8.5383,8.5383,8.5383,8.5383,8.5383,8.5383,8.5383,8.5383,8.5383,8.5383,8.5383,8.5383,8.5383,8.5383,8.5383,8.5383,8.5383,8.5383,8.5383,8.5383,8.5383,8.5383,8.5383,8.5383,8.5383,8.5383,8.5383,8.5383,8.5383,8.5383,8.5383,8.5383,8.5383,8.5383,8.5383,8.5383,8.5383,8.5383,8.5383,8.5383,8.5383,8.5383,8.5383,8.5383,8.5383,8.5383,8.5383,8.5383,8.5383,8.5383,8.5383,8.5383,8.5383,8.5383,8.5383,8.5383,8.5383,8.5383,8.5383,8.5383,8.5383,8.5383,8.5383,8.5383,8.5383,8.5383,8.5383,8.5383,8.5383,8.5383,8.5383,8.5383,8.5383,8.5383,8.5383,8.5383,8.5383,8.5383,8.5383,8.5383,8.5383,8.5383,8.5383,8.5383,8.5383,8.5383,8.5383,8.5383,8.5383,8.5383,8.5383,8.5383,8.5383,8.5383,8.5383,8.5383,8.5383,8.5383,8.5383,8.5383,8.5383,8.5383,8.5383,8.5383,8.5383,8.5383,8.5383,8.5383,8.5383,8.5383,8.5383,8.5383,8.5383,8.5383,8.5383,8.5383,8.5383,8.5383,8.5383,8.5383,8.5383,8.5383,8.5383,8.5383,8.5383,8.5383,8.5383,8.5383,8.5383,8.5383,8.5383,8.5383,8.5383,8.5383,8.5383,8.5383,8.5383,8.5383,8.5383,8.5383,8.5383,8.5383,8.5383,8.5383,8.5383,8.5383,8.5383,8.5383,8.5383,8.5383,8.5383,8.5383,8.5383,8.5383,8.5383,8.5383,8.5383,8.5383,8.5383,8.5383,8.5383,8.5383,8.5383,8.5383,8.5383,8.5383,8.5383,8.5383,8.5383,8.5383,8.5383,8.5383,8.5383,8.5383,8.5383,8.5383,8.5383,8.5383,8.5383,8.5383,8.5383,8.5383,8.5383,8.5383,8.5383,8.5383,8.5383,8.5383,8.5383,8.5383,8.5383,8.5383,8.5383,8.5383,8.5383,8.5383,8.5383,8.5383,8.5383,8.5383,8.5383,8.5383,8.5383,8.5383,8.5383,8.5383,8.5383,8.5383,8.5383,8.5383,8.5383,8.5383,8.5383,8.5383,8.5383,8.5383,8.5383,8.5383,8.5383,8.5383,8.5383,8.5383,8.5383,8.5383,8.5383,8.5383,8.5383,8.5383,8.5383,8.5383,8.5383,8.5383,8.5383,8.5383,8.5383,8.5383,8.5383,8.5383,8.5383,8.5383,8.5383,8.5383,8.5383,8.5383,8.5383,8.5383,8.5383,8.5383,8.5383,8.5383,8.5383,8.5383,8.5383,8.5383,8.5383,8.5383,8.5383,8.5383,8.5383,8.5383,8.5383,8.5383,8.5383,8.5383,8.5383,8.5383,8.5383,8.5383,8.5383,8.5383,8.5383,8.5383,8.5383,8.5383,8.5383,8.5383,8.5383,8.5383,8.5383,8.5383,8.5383,8.5383,8.5383,8.5383,8.5383,8.5383,8.5383,8.5383,8.5383,8.5383,8.5383,8.5383,8.5383,8.5383,8.5383,8.5383,8.5383,8.5383,8.5383,8.5383,8.5383,8.5383,8.5383,8.5383,8.5383,8.5383,8.5383,8.5383,8.5383,8.5383,8.5383,8.5383,8.5383,8.5383,8.5383,8.5383,8.5383,8.5383,8.5383,8.5383,8.5383,8.5383,8.5383,8.5383,8.5383,8.5383,8.5383,8.5383,8.5383,8.5383,8.5383,8.5383,8.5383,8.5383,8.5383,8.5383,8.5383,8.5383,8.5383,8.5383,8.5383,8.5383,8.5383,8.5383,8.5383,8.5383,8.5383,8.5383,8.5383,8.5383,8.5383,8.5383,8.5383,8.5383,8.5383,8.5383,8.5383,8.5383,8.5383,8.5383,8.5383,8.5383,8.5383,8.5383,8.5383,8.5383,8.5383,8.5383,8.5383,8.5383,8.5383,8.5383,8.5383,8.5383,8.5383,8.5383,8.5383,8.5383,8.5383,8.5383,8.5383,8.5383,8.5383,8.5383,8.5383,8.5383,8.5383,8.5383,8.5383,8.5383,8.5383,8.5383,8.5383,8.5383,8.5383,8.5383,8.5383,8.5383,8.5383,8.5383,8.5383,8.5383,8.5383,8.5383,8.5383,8.5383,8.5383,8.5383,8.5383,8.5383,8.5383,8.5383,8.5383,8.5383,8.5383,8.5383,8.5383,8.5383,8.5383,8.5383,8.5383,8.5383,8.5383,8.5383,8.5383,8.5383,8.5383,8.5383,8.5383,8.5383,8.5383,8.5383,8.5383,8.5383,8.5383,8.5383,8.5383,8.5383,8.5383,8.5383,8.5383,8.5383,8.5383,8.5383,8.5383,8.5383,8.5383,8.5383,8.5383,8.5383,8.5383,8.5383,8.5383,8.5383,8.5383,8.5383,8.5383,8.5383,8.5383,8.5383,8.5383,8.5383,8.5383,8.5383,8.5383,8.5383,8.5383,8.5383,8.5383,8.5383,8.5383,8.5383,8.5383,8.5383,8.5383,8.5383,8.5383,8.5383,8.5383,8.5383,8.5383,8.5383,8.5383,8.5383,8.5383,8.5383,8.5383,8.5383,8.5383,8.5383,8.5383,8.5383,8.5383,8.5383,8.5383,8.5383,8.5383,8.5383,8.5383,8.5383,8.5383,8.5383,8.5383,8.5383,8.5383,8.5383,8.5383,8.5383,8.5383,8.5383,8.5383,8.5383,8.5383,8.5383,8.5383,8.5383,8.5383,8.5383,8.5383,8.5383,8.5383,8.5383,8.5383,8.5383,8.5383,8.5383,8.5383,8.5383,8.5383,8.5383,8.5383,8.5383,8.5383,8.5383,8.5383,8.5383,8.5383,8.5383,8.5383,8.5383,8.5383,8.5383,8.5383,8.5383,8.5383,8.5383,8.5383,8.5383,8.5383,8.5383,8.5383,8.5383,8.5383,8.5383,8.5383,8.5383,8.5383,8.5383,8.5383,8.5383,8.5383,8.5383,8.5383,8.5383,8.5383,8.5383,8.5383,8.5383,8.5383,8.5383,8.5383,8.5383,8.5383,8.5383,8.5383,8.5383,8.5383,8.5383,8.5383,8.5383,8.5383,8.5383,8.5383,8.5383,8.5383,8.5383,8.5383,8.5383,8.5383,8.5383,8.5383,8.5383,8.5383,8.5383,8.5383,8.5383,8.5383,8.5383,8.5383,8.5383,8.5383,8.5383,8.5383,8.5383,8.5383,8.5383,8.5383,8.5383,8.5383,8.5383,8.5383,8.5383,8.5383,8.5383,8.5383,8.5383,8.5383,8.5383,8.5383,8.5383,8.5383,8.5383,8.5383,8.5383,8.5383,8.5383,8.5383,8.5383,8.5383,8.5383,8.5383,8.5383,8.5383,8.5383,8.5383,8.5383,8.5383,8.5383,8.5383,8.5383,8.5383,8.5383,8.5383,8.5383,8.5383,8.5383,8.5383,8.5383,8.5383,8.5383,8.5383,8.5383,8.5383,8.5383,8.5383,8.5383,8.5383,8.5383,8.5383,8.5383,8.5383,8.5383,8.5383,8.5383,8.5383,8.5383,8.5383,8.5383,8.5383,8.5383,8.5383,8.5383,8.5383,8.5383,8.5383,8.5383,8.5383,8.5383,8.5383,8.5383,8.5383,8.5383,8.5383,8.5383,8.5383,8.5383,8.5383,8.5383,8.5383,8.5383,8.5383,8.5383,8.5383,8.5383,8.5383,8.5383,8.5383,8.5383,8.5383,8.5383,8.5383,8.5383,8.5383,8.5383,8.5383,8.5383,8.5383,8.5383,8.5383,8.5383,8.5383,8.5383,8.5383,8.5383,8.5383,8.5383,8.5383,8.5383,8.5383,8.5383,8.5383,8.5383,8.5383,8.5383,8.5383,8.5383,8.5383,8.5383,8.5383,8.5383,8.5383,8.5383,8.5383,8.5383,8.5383,8.5383,8.5383,8.5383,8.5383,8.5383,8.5383,8.5383,8.5383,8.5383,8.5383,8.5383,8.5383,8.5383,8.5383,8.5383,8.5383,8.5383,8.5383,8.5383,8.5383,8.5383,8.5383,8.5383,8.5383,8.5383,8.5383,8.5383,8.5383,8.5383,8.5383,8.5383,8.5383,8.5383,8.5383,8.5383,8.5383,8.5383,8.5383,8.5383,8.5383,8.5383,8.5383,8.5383,8.5383,8.5383,8.5383,8.5383,8.5383,8.5383,8.5383,8.5383,8.5383,8.5383,8.5383,8.5383,8.5383,8.5383,8.5383,8.5383,8.5383,8.5383,8.5383,8.5383,8.5383,8.5383,8.5383,8.5383,8.5383,8.5383,8.5383,8.5383,8.5383,8.5383,8.5383,8.5383,8.5383,8.5383,8.5383,8.5383,8.5383,8.5383,8.5383,8.5383,8.5383,8.5383,8.5383,8.5383,8.5383,8.5383,8.5383,8.5383,8.5383,8.5383,8.5383,8.5383,8.5383,8.5383,8.5383,8.5383,8.5383,8.5383,8.5383,8.5383,8.5383,8.5383,8.5383,8.5383,8.5383,8.5383,8.5383
8.5301,8.5301,8.5301,8.5301,8.5301,8.5301,8.5301,8.5301,8.5301,8.5301,8.5301,8.5301,8.5301,8.5301,8.5301,8.5301,8.5301,8.5301,8.5301,8.5301,8.5301,8.5301,8.5301,8.5301,8.5301,8.5301,8.5301,8.5301,8.5301,8.5301,8.5301,8.5301,8.5301,8.5301,8.5301,8.5301,8.5301,8.5301,8.5301,8.5301,8.5301,8.5301,8.5301,8.5301,8.5301,8.5301,8.5301,8.5301,8.5301,8.5301,8.5301,8.5301,8.5301,8.5301,8.5301,8.5301,8.5301,8.5301,8.5301,8.5301,8.5301,8.5301,8.5301,8.5301,8.5301,8.5301,8.5301,8.5301,8.5301,8.5301,8.5301,8.5301,8.5301,8.5301,8.5301,8.5301,8.5301,8.5301,8.5301,8.5301,8.5301,8.5301,8.5301,8.5301,8.5301,8.5301,8.5301,8.5301,8.5301,8.5301,8.5301,8.5301,8.5301,8.5301,8.5301,8.5301,8.5301,8.5301,8.5301,8.5301,8.5301,8.5301,8.5301,8.5301,8.5301,8.5301,8.5301,8.5301,8.5301,8.5301,8.5301,8.5301,8.5301,8.5301,8.5301,8.5301,8.5301,8.5301,8.5301,8.5301,8.5301,8.5301,8.5301,8.5301,8.5301,8.5301,8.5301,8.5301,8.5301,8.5301,8.5301,8.5301,8.5301,8.5301,8.5301,8.5301,8.5301,8.5301,8.5301,8.5301,8.5301,8.5301,8.5301,8.5301,8.5301,8.5301,8.5301,8.5301,8.5301,8.5301,8.5301,8.5301,8.5301,8.5301,8.5301,8.5301,8.5301,8.5301,8.5301,8.5301,8.5301,8.5301,8.5301,8.5301,8.5301,8.5301,8.5301,8.5301,8.5301,8.5301,8.5301,8.5301,8.5301,8.5301,8.5301,8.5301,8.5301,8.5301,8.5301,8.5301,8.5301,8.5301,8.5301,8.5301,8.5301,8.5301,8.5301,8.5301,8.5301,8.5301,8.5301,8.5301,8.5301,8.5301,8.5301,8.5301,8.5301,8.5301,8.5301,8.5301,8.5301,8.5301,8.5301,8.5301,8.5301,8.5301,8.5301,8.5301,8.5301,8.5301,8.5301,8.5301,8.5301,8.5301,8.5301,8.5301,8.5301,8.5301,8.5301,8.5301,8.5301,8.5301,8.5301,8.5301,8.5301,8.5301,8.5301,8.5301,8.5301,8.5301,8.5301,8.5301,8.5301,8.5301,8.5301,8.5301,8.5301,8.5301,8.5301,8.5301,8.5301,8.5301,8.5301,8.5301,8.5301,8.5301,8.5301,8.5301,8.5301,8.5301,8.5301,8.5301,8.5301,8.5301,8.5301,8.5301,8.5301,8.5301,8.5301,8.5301,8.5301,8.5301,8.5301,8.5301,8.5301,8.5301,8.5301,8.5301,8.5301,8.5301,8.5301,8.5301,8.5301,8.5301,8.5301,8.5301,8.5301,8.5301,8.5301,8.5301,8.5301,8.5301,8.5301,8.5301,8.5301,8.5301,8.5301,8.5301,8.5301,8.5301,8.5301,8.5301,8.5301,8.5301,8.5301,8.5301,8.5301,8.5301,8.5301,8.5301,8.5301,8.5301,8.5301,8.5301,8.5301,8.5301,8.5301,8.5301,8.5301,8.5301,8.5301,8.5301,8.5301,8.5301,8.5301,8.5301,8.5301,8.5301,8.5301,8.5301,8.5301,8.5301,8.5301,8.5301,8.5301,8.5301,8.5301,8.5301,8.5301,8.5301,8.5301,8.5301,8.5301,8.5301,8.5301,8.5301,8.5301,8.5301,8.5301,8.5301,8.5301,8.5301,8.5301,8.5301,8.5301,8.5301,8.5301,8.5301,8.5301,8.5301,8.5301,8.5301,8.5301,8.5301,8.5301,8.5301,8.5301,8.5301,8.5301,8.5301,8.5301,8.5301,8.5301,8.5301,8.5301,8.5301,8.5301,8.5301,8.5301,8.5301,8.5301,8.5301,8.5301,8.5301,8.5301,8.5301,8.5301,8.5301,8.5301,8.5301,8.5301,8.5301,8.5301,8.5301,8.5301,8.5301,8.5301,8.5301,8.5301,8.5301,8.5301,8.5301,8.5301,8.5301,8.5301,8.5301,8.5301,8.5301,8.5301,8.5301,8.5301,8.5301,8.5301,8.5301,8.5301,8.5301,8.5301,8.5301,8.5301,8.5301,8.5301,8.5301,8.5301,8.5301,8.5301,8.5301,8.5301,8.5301,8.5301,8.5301,8.5301,8.5301,8.5301,8.5301,8.5301,8.5301,8.5301,8.5301,8.5301,8.5301,8.5301,8.5301,8.5301,8.5301,8.5301,8.5301,8.5301,8.5301,8.5301,8.5301,8.5301,8.5301,8.5301,8.5301,8.5301,8.5301,8.5301,8.5301,8.5301,8.5301,8.5301,8.5301,8.5301,8.5301,8.5301,8.5301,8.5301,8.5301,8.5301,8.5301,8.5301,8.5301,8.5301,8.5301,8.5301,8.5301,8.5301,8.5301,8.5301,8.5301,8.5301,8.5301,8.5301,8.5301,8.5301,8.5301,8.5301,8.5301,8.5301,8.5301,8.5301,8.5301,8.5301,8.5301,8.5301,8.5301,8.5301,8.5301,8.5301,8.5301,8.5301,8.5301,8.5301,8.5301,8.5301,8.5301,8.5301,8.5301,8.5301,8.5301,8.5301,8.5301,8.5301,8.5301,8.5301,8.5301,8.5301,8.5301,8.5301,8.5301,8.5301,8.5301,8.5301,8.5301,8.5301,8.5301,8.5301,8.5301,8.5301,8.5301,8.5301,8.5301,8.5301,8.5301,8.5301,8.5301,8.5301,8.5301,8.5301,8.5301,8.5301,8.5301,8.5301,8.5301,8.5301,8.5301,8.5301,8.5301,8.5301,8.5301,8.5301,8.5301,8.5301,8.5301,8.5301,8.5301,8.5301,8.5301,8.5301,8.5301,8.5301,8.5301,8.5301,8.5301,8.5301,8.5301,8.5301,8.5301,8.5301,8.5301,8.5301,8.5301,8.5301,8.5301,8.5301,8.5301,8.5301,8.5301,8.5301,8.5301,8.5301,8.5301,8.5301,8.5301,8.5301,8.5301,8.5301,8.5301,8.5301,8.5301,8.5301,8.5301,8.5301,8.5301,8.5301,8.5301,8.5301,8.5301,8.5301,8.5301,8.5301,8.5301,8.5301,8.5301,8.5301,8.5301,8.5301,8.5301,8.5301,8.5301,8.5301,8.5301,8.5301,8.5301,8.5301,8.5301,8.5301,8.5301,8.5301,8.5301,8.5301,8.5301,8.5301,8.5301,8.5301,8.5301,8.5301,8.5301,8.5301,8.5301,8.5301,8.5301,8.5301,8.5301,8.5301,8.5301,8.5301,8.5301,8.5301,8.5301,8.5301,8.5301,8.5301,8.5301,8.5301,8.5301,8.5301,8.5301,8.5301,8.5301,8.5301,8.5301,8.5301,8.5301,8.5301,8.5301,8.5301,8.5301,8.5301,8.5301,8.5301,8.5301,8.5301,8.5301,8.5301,8.5301,8.5301,8.5301,8.5301,8.5301,8.5301,8.5301,8.5301,8.5301,8.5301,8.5301,8.5301,8.5301,8.5301,8.5301,8.5301,8.5301,8.5301,8.5301,8.5301,8.5301,8.5301,8.5301,8.5301,8.5301,8.5301,8.5301,8.5301,8.5301,8.5301,8.5301,8.5301,8.5301,8.5301,8.5301,8.5301,8.5301,8.5301,8.5301,8.5301,8.5301,8.5301,8.5301,8.5301,8.5301,8.5301,8.5301,8.5301,8.5301,8.5301,8.5301,8.5301,8.5301,8.5301,8.5301,8.5301,8.5301,8.5301,8.5301,8.5301,8.5301,8.5301,8.5301,8.5301,8.5301,8.5301,8.5301,8.5301,8.5301,8.5301,8.5301,8.5301,8.5301,8.5301,8.5301,8.5301,8.5301,8.5301,8.5301,8.5301,8.5301,8.5301,8.5301,8.5301,8.5301,8.5301,8.5301,8.5301,8.5301,8.5301,8.5301,8.5301,8.5301,8.5301,8.5301,8.5301,8.5301,8.5301,8.5301,8.5301,8.5301,8.5301,8.5301,8.5301,8.5301,8.5301,8.5301,8.5301,8.5301,8.5301,8.5301,8.5301,8.5301,8.5301,8.5301,8.5301,8.5301,8.5301,8.5301,8.5301,8.5301,8.5301,8.5301,8.5301,8.5301,8.5301,8.5301,8.5301,8.5301,8.5301,8.5301,8.5301,8.5301,8.5301,8.5301,8.5301,8.5301,8.5301,8.5301,8.5301,8.5301,8.5301,8.5301,8.5301,8.5301,8.5301,8.5301,8.5301,8.5301,8.5301,8.5301,8.5301,8.5301,8.5301,8.5301,8.5301,8.5301,8.5301,8.5301,8.5301,8.5301,8.5301,8.5301,8.5301,8.5301,8.5301,8.5301,8.5301,8.5301,8.5301,8.5301,8.5301,8.5301,8.5301,8.5301,8.5301,8.5301,8.5301,8.5301,8.5301,8.5301,8.5301,8.5301,8.5301,8.5301,8.5301,8.5301,8.5301,8.5301,8.5301,8.5301,8.5301,8.5301,8.5301,8.5301,8.5301,8.5301,8.5301,8.5301,8.5301,8.5301,8.5301,8.5301,8.5301,8.5301,8.5301,8.5301,8.5301,8.5301,8.5301,8.5301,8.5301,8.5301,8.5301,8.5301,8.5301,8.5301,8.5301,8.5301,8.5301,8.5301,8.5301,8.5301,8.5301,8.5301,8.5301,8.5301,8.5301,8.5301,8.5301,8.5301,8.5301,8.5301,8.5301,8.5301,8.5301,8.5301,8.5301,8.5301,8.5301,8.5301,8.5301,8.5301,8.5301,8.5301,8.5301,8.5301,8.5301,8.5301,8.5301,8.5301,8.5301,8.5301,8.5301,8.5301,8.5301,8.5301,8.5301,8.5301,8.5301,8.5301,8.5301,8.5301,8.5301,8.5301,8.5301,8.5301,8.5301,8.5301,8.5301,8.5301,8.5301,8.5301,8.5301,8.5301,8.5301,8.5301,8.5301,8.5301,8.5301,8.5301,8.5301,8.5301,8.5301,8.5301,8.5301,8.5301,8.5301,8.5301,8.5301,8.5301,8.5301,8.5301,8.5301,8.5301,8.5301,8.5301,8.5301,8.5301,8.5301,8.5301,8.5301,8.5301,8.5301,8.5301
8.5214,8.5214,8.5214,8.5214,8.5214,8.5214,8.5214,8.5214,8.5214,8.5214,8.5214,8.5214,8.5214,8.5214,8.5214,8.5214,8.5214,8.5214,8.5214,8.5214,8.5214,8.5214,8.5214,8.5214,8.5214,8.5214,8.5214,8.5214,8.5214,8.5214,8.5214,8.5214,8.5214,8.5214,8.5214,8.5214,8.5214,8.5214,8.5214,8.5214,8.5214,8.5214,8.5214,8.5214,8.5214,8.5214,8.5214,8.5214,8.5214,8.5214,8.5214,8.5214,8.5214,8.5214,8.5214,8.5214,8.5214,8.5214,8.5214,8.5214,8.5214,8.5214,8.5214,8.5214,8.5214,8.5214,8.5214,8.5214,8.5214,8.5214,8.5214,8.5214,8.5214,8.5214,8.5214,8.5214,8.5214,8.5214,8.5214,8.5214,8.5214,8.5214,8.5214,8.5214,8.5214,8.5214,8.5214,8.5214,8.5214,8.5214,8.5214,8.5214,8.5214,8.5214,8.5214,8.5214,8.5214,8.5214,8.5214,8.5214,8.5214,8.5214,8.5214,8.5214,8.5214,8.5214,8.5214,8.5214,8.5214,8.5214,8.5214,8.5214,8.5214,8.5214,8.5214,8.5214,8.5214,8.5214,8.5214,8.5214,8.5214,8.5214,8.5214,8.5214,8.5214,8.5214,8.5214,8.5214,8.5214,8.5214,8.5214,8.5214,8.5214,8.5214,8.5214,8.5214,8.5214,8.5214,8.5214,8.5214,8.5214,8.5214,8.5214,8.5214,8.5214,8.5214,8.5214,8.5214,8.5214,8.5214,8.5214,8.5214,8.5214,8.5214,8.5214,8.5214,8.5214,8.5214,8.5214,8.5214,8.5214,8.5214,8.5214,8.5214,8.5214,8.5214,8.5214,8.5214,8.5214,8.5214,8.5214,8.5214,8.5214,8.5214,8.5214,8.5214,8.5214,8.5214,8.5214,8.5214,8.5214,8.5214,8.5214,8.5214,8.5214,8.5214,8.5214,8.5214,8.5214,8.5214,8.5214,8.5214,8.5214,8.5214,8.5214,8.5214,8.5214,8.5214,8.5214,8.5214,8.5214,8.5214,8.5214,8.5214,8.5214,8.5214,8.5214,8.5214,8.5214,8.5214,8.5214,8.5214,8.5214,8.5214,8.5214,8.5214,8.5214,8.5214,8.5214,8.5214,8.5214,8.5214,8.5214,8.5214,8.5214,8.5214,8.5214,8.5214,8.5214,8.5214,8.5214,8.5214,8.5214,8.5214,8.5214,8.5214,8.5214,8.5214,8.5214,8.5214,8.5214,8.5214,8.5214,8.5214,8.5214,8.5214,8.5214,8.5214,8.5214,8.5214,8.5214,8.5214,8.5214,8.5214,8.5214,8.5214,8.5214,8.5214,8.5214,8.5214,8.5214,8.5214,8.5214,8.5214,8.5214,8.5214,8.5214,8.5214,8.5214,8.5214,8.5214,8.5214,8.5214,8.5214,8.5214,8.5214,8.5214,8.5214,8.5214,8.5214,8.5214,8.5214,8.5214,8.5214,8.5214,8.5214,8.5214,8.5214,8.5214,8.5214,8.5214,8.5214,8.5214,8.5214,8.5214,8.5214,8.5214,8.5214,8.5214,8.5214,8.5214,8.5214,8.5214,8.5214,8.5214,8.5214,8.5214,8.5214,8.5214,8.5214,8.5214,8.5214,8.5214,8.5214,8.5214,8.5214,8.5214,8.5214,8.5214,8.5214,8.5214,8.5214,8.5214,8.5214,8.5214,8.5214,8.5214,8.5214,8.5214,8.5214,8.5214,8.5214,8.5214,8.5214,8.5214,8.5214,8.5214,8.5214,8.5214,8.5214,8.5214,8.5214,8.5214,8.5214,8.5214,8.5214,8.5214,8.5214,8.5214,8.5214,8.5214,8.5214,8.5214,8.5214,8.5214,8.5214,8.5214,8.5214,8.5214,8.5214,8.5214,8.5214,8.5214,8.5214,8.5214,8.5214,8.5214,8.5214,8.5214,8.5214,8.5214,8.5214,8.5214,8.5214,8.5214,8.5214,8.5214,8.5214,8.5214,8.5214,8.5214,8.5214,8.5214,8.5214,8.5214,8.5214,8.5214,8.5214,8.5214,8.5214,8.5214,8.5214,8.5214,8.5214,8.5214,8.5214,8.5214,8.5214,8.5214,8.5214,8.5214,8.5214,8.5214,8.5214,8.5214,8.5214,8.5214,8.5214,8.5214,8.5214,8.5214,8.5214,8.5214,8.5214,8.5214,8.5214,8.5214,8.5214,8.5214,8.5214,8.5214,8.5214,8.5214,8.5214,8.5214,8.5214,8.5214,8.5214,8.5214,8.5214,8.5214,8.5214,8.5214,8.5214,8.5214,8.5214,8.5214,8.5214,8.5214,8.5214,8.5214,8.5214,8.5214,8.5214,8.5214,8.5214,8.5214,8.5214,8.5214,8.5214,8.5214,8.5214,8.5214,8.5214,8.5214,8.5214,8.5214,8.5214,8.5214,8.5214,8.5214,8.5214,8.5214,8.5214,8.5214,8.5214,8.5214,8.5214,8.5214,8.5214,8.5214,8.5214,8.5214,8.5214,8.5214,8.5214,8.5214,8.5214,8.5214,8.5214,8.5214,8.5214,8.5214,8.5214,8.5214,8.5214,8.5214,8.5214,8.5214,8.5214,8.5214,8.5214,8.5214,8.5214,8.5214,8.5214,8.5214,8.5214,8.5214,8.5214,8.5214,8.5214,8.5214,8.5214,8.5214,8.5214,8.5214,8.5214,8.5214,8.5214,8.5214,8.5214,8.5214,8.5214,8.5214,8.5214,8.5214,8.5214,8.5214,8.5214,8.5214,8.5214,8.5214,8.5214,8.5214,8.5214,8.5214,8.5214,8.5214,8.5214,8.5214,8.5214,8.5214,8.5214,8.5214,8.5214,8.5214,8.5214,8.5214,8.5214,8.5214,8.5214,8.5214,8.5214,8.5214,8.5214,8.5214,8.5214,8.5214,8.5214,8.5214,8.5214,8.5214,8.5214,8.5214,8.5214,8.5214,8.5214,8.5214,8.5214,8.5214,8.5214,8.5214,8.5214,8.5214,8.5214,8.5214,8.5214,8.5214,8.5214,8.5214,8.5214,8.5214,8.5214,8.5214,8.5214,8.5214,8.5214,8.5214,8.5214,8.5214,8.5214,8.5214,8.5214,8.5214,8.5214,8.5214,8.5214,8.5214,8.5214,8.5214,8.5214,8.5214,8.5214,8.5214,8.5214,8.5214,8.5214,8.5214,8.5214,8.5214,8.5214,8.5214,8.5214,8.5214,8.5214,8.5214,8.5214,8.5214,8.5214,8.5214,8.5214,8.5214,8.5214,8.5214,8.5214,8.5214,8.5214,8.5214,8.5214,8.5214,8.5214,8.5214,8.5214,8.5214,8.5214,8.5214,8.5214,8.5214,8.5214,8.5214,8.5214,8.5214,8.5214,8.5214,8.5214,8.5214,8.5214,8.5214,8.5214,8.5214,8.5214,8.5214,8.5214,8.5214,8.5214,8.5214,8.5214,8.5214,8.5214,8.5214,8.5214,8.5214,8.5214,8.5214,8.5214,8.5214,8.5214,8.5214,8.5214,8.5214,8.5214,8.5214,8.5214,8.5214,8.5214,8.5214,8.5214,8.5214,8.5214,8.5214,8.5214,8.5214,8.5214,8.5214,8.5214,8.5214,8.5214,8.5214,8.5214,8.5214,8.5214,8.5214,8.5214,8.5214,8.5214,8.5214,8.5214,8.5214,8.5214,8.5214,8.5214,8.5214,8.5214,8.5214,8.5214,8.5214,8.5214,8.5214,8.5214,8.5214,8.5214,8.5214,8.5214,8.5214,8.5214,8.5214,8.5214,8.5214,8.5214,8.5214,8.5214,8.5214,8.5214,8.5214,8.5214,8.5214,8.5214,8.5214,8.5214,8.5214,8.5214,8.5214,8.5214,8.5214,8.5214,8.5214,8.5214,8.5214,8.5214,8.5214,8.5214,8.5214,8.5214,8.5214,8.5214,8.5214,8.5214,8.5214,8.5214,8.5214,8.5214,8.5214,8.5214,8.5214,8.5214,8.5214,8.5214,8.5214,8.5214,8.5214,8.5214,8.5214,8.5214,8.5214,8.5214,8.5214,8.5214,8.5214,8.5214,8.5214,8.5214,8.5214,8.5214,8.5214,8.5214,8.5214,8.5214,8.5214,8.5214,8.5214,8.5214,8.5214,8.5214,8.5214,8.5214,8.5214,8.5214,8.5214,8.5214,8.5214,8.5214,8.5214,8.5214,8.5214,8.5214,8.5214,8.5214,8.5214,8.5214,8.5214,8.5214,8.5214,8.5214,8.5214,8.5214,8.5214,8.5214,8.5214,8.5214,8.5214,8.5214,8.5214,8.5214,8.5214,8.5214,8.5214,8.5214,8.5214,8.5214,8.5214,8.5214,8.5214,8.5214,8.5214,8.5214,8.5214,8.5214,8.5214,8.5214,8.5214,8.5214,8.5214,8.5214,8.5214,8.5214,8.5214,8.5214,8.5214,8.5214,8.5214,8.5214,8.5214,8.5214,8.5214,8.5214,8.5214,8.5214,8.5214,8.5214,8.5214,8.5214,8.5214,8.5214,8.5214,8.5214,8.5214,8.5214,8.5214,8.5214,8.5214,8.5214,8.5214,8.5214,8.5214,8.5214,8.5214,8.5214,8.5214,8.5214,8.5214,8.5214,8.5214,8.5214,8.5214,8.5214,8.5214,8.5214,8.5214,8.5214,8.5214,8.5214,8.5214,8.5214,8.5214,8.5214,8.5214,8.5214,8.5214,8.5214,8.5214,8.5214,8.5214,8.5214,8.5214,8.5214,8.5214,8.5214,8.5214,8.5214,8.5214,8.5214,8.5214,8.5214,8.5214,8.5214,8.5214,8.5214,8.5214,8.5214,8.5214,8.5214,8.5214,8.5214,8.5214,8.5214,8.5214,8.5214,8.5214,8.5214,8.5214,8.5214,8.5214,8.5214,8.5214,8.5214,8.5214,8.5214,8.5214,8.5214,8.5214,8.5214,8.5214,8.5214,8.5214,8.5214,8.5214,8.5214,8.5214,8.5214,8.5214,8.5214,8.5214,8.5214,8.5214,8.5214,8.5214,8.5214,8.5214,8.5214,8.5214,8.5214,8.5214,8.5214,8.5214,8.5214,8.5214,8.5214,8.5214,8.5214,8.5214,8.5214,8.5214,8.5214,8.5214,8.5214,8.5214,8.5214,8.5214,8.5214
8.5132,8.5132,8.5132,8.5132,8.5132,8.5132,8.5132,8.5132,8.5132,8.5132,8.5132,8.5132,8.5132,8.5132,8.5132,8.5132,8.5132,8.5132,8.5132,8.5132,8.5132,8.5132,8.5132,8.5132,8.5132,8.5132,8.5132,8.5132,8.5132,8.5132,8.5132,8.5132,8.5132,8.5132,8.5132,8.5132,8.5132,8.5132,8.5132,8.5132,8.5132,8.5132,8.5132,8.5132,8.5132,8.5132,8.5132,8.5132,8.5132,8.5132,8.5132,8.5132,8.5132,8.5132,8.5132,8.5132,8.5132,8.5132,8.5132,8.5132,8.5132,8.5132,8.5132,8.5132,8.5132,8.5132,8.5132,8.5132,8.5132,8.5132,8.5132,8.5132,8.5132,8.5132,8.5132,8.5132,8.5132,8.5132,8.5132,8.5132,8.5132,8.5132,8.5132,8.5132,8.5132,8.5132,8.5132,8.5132,8.5132,8.5132,8.5132,8.5132,8.5132,8.5132,8.5132,8.5132,8.5132,8.5132,8.5132,8.5132,8.5132,8.5132,8.5132,8.5132,8.5132,8.5132,8.5132,8.5132,8.5132,8.5132,8.5132,8.5132,8.5132,8.5132,8.5132,8.5132,8.5132,8.5132,8.5132,8.5132,8.5132,8.5132,8.5132,8.5132,8.5132,8.5132,8.5132,8.5132,8.5132,8.5132,8.5132,8.5132,8.5132,8.5132,8.5132,8.5132,8.5132,8.5132,8.5132,8.5132,8.5132,8.5132,8.5132,8.5132,8.5132,8.5132,8.5132,8.5132,8.5132,8.5132,8.5132,8.5132,8.5132,8.5132,8.5132,8.5132,8.5132,8.5132,8.5132,8.5132,8.5132,8.5132,8.5132,8.5132,8.5132,8.5132,8.5132,8.5132,8.5132,8.5132,8.5132,8.5132,8.5132,8.5132,8.5132,8.5132,8.5132,8.5132,8.5132,8.5132,8.5132,8.5132,8.5132,8.5132,8.5132,8.5132,8.5132,8.5132,8.5132,8.5132,8.5132,8.5132,8.5132,8.5132,8.5132,8.5132,8.5132,8.5132,8.5132,8.5132,8.5132,8.5132,8.5132,8.5132,8.5132,8.5132,8.5132,8.5132,8.5132,8.5132,8.5132,8.5132,8.5132,8.5132,8.5132,8.5132,8.5132,8.5132,8.5132,8.5132,8.5132,8.5132,8.5132,8.5132,8.5132,8.5132,8.5132,8.5132,8.5132,8.5132,8.5132,8.5132,8.5132,8.5132,8.5132,8.5132,8.5132,8.5132,8.5132,8.5132,8.5132,8.5132,8.5132,8.5132,8.5132,8.5132,8.5132,8.5132,8.5132,8.5132,8.5132,8.5132,8.5132,8.5132,8.5132,8.5132,8.5132,8.5132,8.5132,8.5132,8.5132,8.5132,8.5132,8.5132,8.5132,8.5132,8.5132,8.5132,8.5132,8.5132,8.5132,8.5132,8.5132,8.5132,8.5132,8.5132,8.5132,8.5132,8.5132,8.5132,8.5132,8.5132,8.5132,8.5132,8.5132,8.5132,8.5132,8.5132,8.5132,8.5132,8.5132,8.5132,8.5132,8.5132,8.5132,8.5132,8.5132,8.5132,8.5132,8.5132,8.5132,8.5132,8.5132,8.5132,8.5132,8.5132,8.5132,8.5132,8.5132,8.5132,8.5132,8.5132,8.5132,8.5132,8.5132,8.5132,8.5132,8.5132,8.5132,8.5132,8.5132,8.5132,8.5132,8.5132,8.5132,8.5132,8.5132,8.5132,8.5132,8.5132,8.5132,8.5132,8.5132,8.5132,8.5132,8.5132,8.5132,8.5132,8.5132,8.5132,8.5132,8.5132,8.5132,8.5132,8.5132,8.5132,8.5132,8.5132,8.5132,8.5132,8.5132,8.5132,8.5132,8.5132,8.5132,8.5132,8.5132,8.5132,8.5132,8.5132,8.5132,8.5132,8.5132,8.5132,8.5132,8.5132,8.5132,8.5132,8.5132,8.5132,8.5132,8.5132,8.5132,8.5132,8.5132,8.5132,8.5132,8.5132,8.5132,8.5132,8.5132,8.5132,8.5132,8.5132,8.5132,8.5132,8.5132,8.5132,8.5132,8.5132,8.5132,8.5132,8.5132,8.5132,8.5132,8.5132,8.5132,8.5132,8.5132,8.5132,8.5132,8.5132,8.5132,8.5132,8.5132,8.5132,8.5132,8.5132,8.5132,8.5132,8.5132,8.5132,8.5132,8.5132,8.5132,8.5132,8.5132,8.5132,8.5132,8.5132,8.5132,8.5132,8.5132,8.5132,8.5132,8.5132,8.5132,8.5132,8.5132,8.5132,8.5132,8.5132,8.5132,8.5132,8.5132,8.5132,8.5132,8.5132,8.5132,8.5132,8.5132,8.5132,8.5132,8.5132,8.5132,8.5132,8.5132,8.5132,8.5132,8.5132,8.5132,8.5132,8.5132,8.5132,8.5132,8.5132,8.5132,8.5132,8.5132,8.5132,8.5132,8.5132,8.5132,8.5132,8.5132,8.5132,8.5132,8.5132,8.5132,8.5132,8.5132,8.5132,8.5132,8.5132,8.5132,8.5132,8.5132,8.5132,8.5132,8.5132,8.5132,8.5132,8.5132,8.5132,8.5132,8.5132,8.5132,8.5132,8.5132,8.5132,8.5132,8.5132,8.5132,8.5132,8.5132,8.5132,8.5132,8.5132,8.5132,8.5132,8.5132,8.5132,8.5132,8.5132,8.5132,8.5132,8.5132,8.5132,8.5132,8.5132,8.5132,8.5132,8.5132,8.5132,8.5132,8.5132,8.5132,8.5132,8.5132,8.5132,8.5132,8.5132,8.5132,8.5132,8.5132,8.5132,8.5132,8.5132,8.5132,8.5132,8.5132,8.5132,8.5132,8.5132,8.5132,8.5132,8.5132,8.5132,8.5132,8.5132,8.5132,8.5132,8.5132,8.5132,8.5132,8.5132,8.5132,8.5132,8.5132,8.5132,8.5132,8.5132,8.5132,8.5132,8.5132,8.5132,8.5132,8.5132,8.5132,8.5132,8.5132,8.5132,8.5132,8.5132,8.5132,8.5132,8.5132,8.5132,8.5132,8.5132,8.5132,8.5132,8.5132,8.5132,8.5132,8.5132,8.5132,8.5132,8.5132,8.5132,8.5132,8.5132,8.5132,8.5132,8.5132,8.5132,8.5132,8.5132,8.5132,8.5132,8.5132,8.5132,8.5132,8.5132,8.5132,8.5132,8.5132,8.5132,8.5132,8.5132,8.5132,8.5132,8.5132,8.5132,8.5132,8.5132,8.5132,8.5132,8.5132,8.5132,8.5132,8.5132,8.5132,8.5132,8.5132,8.5132,8.5132,8.5132,8.5132,8.5132,8.5132,8.5132,8.5132,8.5132,8.5132,8.5132,8.5132,8.5132,8.5132,8.5132,8.5132,8.5132,8.5132,8.5132,8.5132,8.5132,8.5132,8.5132,8.5132,8.5132,8.5132,8.5132,8.5132,8.5132,8.5132,8.5132,8.5132,8.5132,8.5132,8.5132,8.5132,8.5132,8.5132,8.5132,8.5132,8.5132,8.5132,8.5132,8.5132,8.5132,8.5132,8.5132,8.5132,8.5132,8.5132,8.5132,8.5132,8.5132,8.5132,8.5132,8.5132,8.5132,8.5132,8.5132,8.5132,8.5132,8.5132,8.5132,8.5132,8.5132,8.5132,8.5132,8.5132,8.5132,8.5132,8.5132,8.5132,8.5132,8.5132,8.5132,8.5132,8.5132,8.5132,8.5132,8.5132,8.5132,8.5132,8.5132,8.5132,8.5132,8.5132,8.5132,8.5132,8.5132,8.5132,8.5132,8.5132,8.5132,8.5132,8.5132,8.5132,8.5132,8.5132,8.5132,8.5132,8.5132,8.5132,8.5132,8.5132,8.5132,8.5132,8.5132,8.5132,8.5132,8.5132,8.5132,8.5132,8.5132,8.5132,8.5132,8.5132,8.5132,8.5132,8.5132,8.5132,8.5132,8.5132,8.5132,8.5132,8.5132,8.5132,8.5132,8.5132,8.5132,8.5132,8.5132,8.5132,8.5132,8.5132,8.5132,8.5132,8.5132,8.5132,8.5132,8.5132,8.5132,8.5132,8.5132,8.5132,8.5132,8.5132,8.5132,8.5132,8.5132,8.5132,8.5132,8.5132,8.5132,8.5132,8.5132,8.5132,8.5132,8.5132,8.5132,8.5132,8.5132,8.5132,8.5132,8.5132,8.5132,8.5132,8.5132,8.5132,8.5132,8.5132,8.5132,8.5132,8.5132,8.5132,8.5132,8.5132,8.5132,8.5132,8.5132,8.5132,8.5132,8.5132,8.5132,8.5132,8.5132,8.5132,8.5132,8.5132,8.5132,8.5132,8.5132,8.5132,8.5132,8.5132,8.5132,8.5132,8.5132,8.5132,8.5132,8.5132,8.5132,8.5132,8.5132,8.5132,8.5132,8.5132,8.5132,8.5132,8.5132,8.5132,8.5132,8.5132,8.5132,8.5132,8.5132,8.5132,8.5132,8.5132,8.5132,8.5132,8.5132,8.5132,8.5132,8.5132,8.5132,8.5132,8.5132,8.5132,8.5132,8.5132,8.5132,8.5132,8.5132,8.5132,8.5132,8.5132,8.5132,8.5132,8.5132,8.5132,8.5132,8.5132,8.5132,8.5132,8.5132,8.5132,8.5132,8.5132,8.5132,8.5132,8.5132,8.5132,8.5132,8.5132,8.5132,8.5132,8.5132,8.5132,8.5132,8.5132,8.5132,8.5132,8.5132,8.5132,8.5132,8.5132,8.5132,8.5132,8.5132,8.5132,8.5132,8.5132,8.5132,8.5132,8.5132,8.5132,8.5132,8.5132,8.5132,8.5132,8.5132,8.5132,8.5132,8.5132,8.5132,8.5132,8.5132,8.5132,8.5132,8.5132,8.5132,8.5132,8.5132,8.5132,8.5132,8.5132,8.5132,8.5132,8.5132,8.5132,8.5132,8.5132,8.5132,8.5132,8.5132,8.5132,8.5132,8.5132,8.5132,8.5132,8.5132,8.5132,8.5132,8.5132,8.5132,8.5132,8.5132,8.5132,8.5132,8.5132,8.5132,8.5132,8.5132,8.5132,8.5132,8.5132,8.5132,8.5132,8.5132,8.5132,8.5132,8.5132,8.5132,8.5132,8.5132,8.5132,8.5132,8.5132,8.5132,8.5132,8.5132,8.5132,8.5132,8.5132,8.5132
8.5050,8.5050,8.5050,8.5050,8.5050,8.5050,8.5050,8.5050,8.5050,8.5050,8.5050,8.5050,8.5050,8.5050,8.5050,8.5050,8.5050,8.5050,8.5050,8.5050,8.5050,8.5050,8.5050,8.5050,8.5050,8.5050,8.5050,8.5050,8.5050,8.5050,8.5050,8.5050,8.5050,8.5050,8.5050,8.5050,8.5050,8.5050,8.5050,8.5050,8.5050,8.5050,8.5050,8.5050,8.5050,8.5050,8.5050,8.5050,8.5050,8.5050,8.5050,8.5050,8.5050,8.5050,8.5050,8.5050,8.5050,8.5050,8.5050,8.5050,8.5050,8.5050,8.5050,8.5050,8.5050,8.5050,8.5050,8.5050,8.5050,8.5050,8.5050,8.5050,8.5050,8.5050,8.5050,8.5050,8.5050,8.5050,8.5050,8.5050,8.5050,8.5050,8.5050,8.5050,8.5050,8.5050,8.5050,8.5050,8.5050,8.5050,8.5050,8.5050,8.5050,8.5050,8.5050,8.5050,8.5050,8.5050,8.5050,8.5050,8.5050,8.5050,8.5050,8.5050,8.5050,8.5050,8.5050,8.5050,8.5050,8.5050,8.5050,8.5050,8.5050,8.5050,8.5050,8.5050,8.5050,8.5050,8.5050,8.5050,8.5050,8.5050,8.5050,8.5050,8.5050,8.5050,8.5050,8.5050,8.5050,8.5050,8.5050,8.5050,8.5050,8.5050,8.5050,8.5050,8.5050,8.5050,8.5050,8.5050,8.5050,8.5050,8.5050,8.5050,8.5050,8.5050,8.5050,8.5050,8.5050,8.5050,8.5050,8.5050,8.5050,8.5050,8.5050,8.5050,8.5050,8.5050,8.5050,8.5050,8.5050,8.5050,8.5050,8.5050,8.5050,8.5050,8.5050,8.5050,8.5050,8.5050,8.5050,8.5050,8.5050,8.5050,8.5050,8.5050,8.5050,8.5050,8.5050,8.5050,8.5050,8.5050,8.5050,8.5050,8.5050,8.5050,8.5050,8.5050,8.5050,8.5050,8.5050,8.5050,8.5050,8.5050,8.5050,8.5050,8.5050,8.5050,8.5050,8.5050,8.5050,8.5050,8.5050,8.5050,8.5050,8.5050,8.5050,8.5050,8.5050,8.5050,8.5050,8.5050,8.5050,8.5050,8.5050,8.5050,8.5050,8.5050,8.5050,8.5050,8.5050,8.5050,8.5050,8.5050,8.5050,8.5050,8.5050,8.5050,8.5050,8.5050,8.5050,8.5050,8.5050,8.5050,8.5050,8.5050,8.5050,8.5050,8.5050,8.5050,8.5050,8.5050,8.5050,8.5050,8.5050,8.5050,8.5050,8.5050,8.5050,8.5050,8.5050,8.5050,8.5050,8.5050,8.5050,8.5050,8.5050,8.5050,8.5050,8.5050,8.5050,8.5050,8.5050,8.5050,8.5050,8.5050,8.5050,8.5050,8.5050,8.5050,8.5050,8.5050,8.5050,8.5050,8.5050,8.5050,8.5050,8.5050,8.5050,8.5050,8.5050,8.5050,8.5050,8.5050,8.5050,8.5050,8.5050,8.5050,8.5050,8.5050,8.5050,8.5050,8.5050,8.5050,8.5050,8.5050,8.5050,8.5050,8.5050,8.5050,8.5050,8.5050,8.5050,8.5050,8.5050,8.5050,8.5050,8.5050,8.5050,8.5050,8.5050,8.5050,8.5050,8.5050,8.5050,8.5050,8.5050,8.5050,8.5050,8.5050,8.5050,8.5050,8.5050,8.5050,8.5050,8.5050,8.5050,8.5050,8.5050,8.5050,8.5050,8.5050,8.5050,8.5050,8.5050,8.5050,8.5050,8.5050,8.5050,8.5050,8.5050,8.5050,8.5050,8.5050,8.5050,8.5050,8.5050,8.5050,8.5050,8.5050,8.5050,8.5050,8.5050,8.5050,8.5050,8.5050,8.5050,8.5050,8.5050,8.5050,8.5050,8.5050,8.5050,8.5050,8.5050,8.5050,8.5050,8.5050,8.5050,8.5050,8.5050,8.5050,8.5050,8.5050,8.5050,8.5050,8.5050,8.5050,8.5050,8.5050,8.5050,8.5050,8.5050,8.5050,8.5050,8.5050,8.5050,8.5050,8.5050,8.5050,8.5050,8.5050,8.5050,8.5050,8.5050,8.5050,8.5050,8.5050,8.5050,8.5050,8.5050,8.5050,8.5050,8.5050,8.5050,8.5050,8.5050,8.5050,8.5050,8.5050,8.5050,8.5050,8.5050,8.5050,8.5050,8.5050,8.5050,8.5050,8.5050,8.5050,8.5050,8.5050,8.5050,8.5050,8.5050,8.5050,8.5050,8.5050,8.5050,8.5050,8.5050,8.5050,8.5050,8.5050,8.5050,8.5050,8.5050,8.5050,8.5050,8.5050,8.5050,8.5050,8.5050,8.5050,8.5050,8.5050,8.5050,8.5050,8.5050,8.5050,8.5050,8.5050,8.5050,8.5050,8.5050,8.5050,8.5050,8.5050,8.5050,8.5050,8.5050,8.5050,8.5050,8.5050,8.5050,8.5050,8.5050,8.5050,8.5050,8.5050,8.5050,8.5050,8.5050,8.5050,8.5050,8.5050,8.5050,8.5050,8.5050,8.5050,8.5050,8.5050,8.5050,8.5050,8.5050,8.5050,8.5050,8.5050,8.5050,8.5050,8.5050,8.5050,8.5050,8.5050,8.5050,8.5050,8.5050,8.5050,8.5050,8.5050,8.5050,8.5050,8.5050,8.5050,8.5050,8.5050,8.5050,8.5050,8.5050,8.5050,8.5050,8.5050,8.5050,8.5050,8.5050,8.5050,8.5050,8.5050,8.5050,8.5050,8.5050,8.5050,8.5050,8.5050,8.5050,8.5050,8.5050,8.5050,8.5050,8.5050,8.5050,8.5050,8.5050,8.5050,8.5050,8.5050,8.5050,8.5050,8.5050,8.5050,8.5050,8.5050,8.5050,8.5050,8.5050,8.5050,8.5050,8.5050,8.5050,8.5050,8.5050,8.5050,8.5050,8.5050,8.5050,8.5050,8.5050,8.5050,8.5050,8.5050,8.5050,8.5050,8.5050,8.5050,8.5050,8.5050,8.5050,8.5050,8.5050,8.5050,8.5050,8.5050,8.5050,8.5050,8.5050,8.5050,8.5050,8.5050,8.5050,8.5050,8.5050,8.5050,8.5050,8.5050,8.5050,8.5050,8.5050,8.5050,8.5050,8.5050,8.5050,8.5050,8.5050,8.5050,8.5050,8.5050,8.5050,8.5050,8.5050,8.5050,8.5050,8.5050,8.5050,8.5050,8.5050,8.5050,8.5050,8.5050,8.5050,8.5050,8.5050,8.5050,8.5050,8.5050,8.5050,8.5050,8.5050,8.5050,8.5050,8.5050,8.5050,8.5050,8.5050,8.5050,8.5050,8.5050,8.5050,8.5050,8.5050,8.5050,8.5050,8.5050,8.5050,8.5050,8.5050,8.5050,8.5050,8.5050,8.5050,8.5050,8.5050,8.5050,8.5050,8.5050,8.5050,8.5050,8.5050,8.5050,8.5050,8.5050,8.5050,8.5050,8.5050,8.5050,8.5050,8.5050,8.5050,8.5050,8.5050,8.5050,8.5050,8.5050,8.5050,8.5050,8.5050,8.5050,8.5050,8.5050,8.5050,8.5050,8.5050,8.5050,8.5050,8.5050,8.5050,8.5050,8.5050,8.5050,8.5050,8.5050,8.5050,8.5050,8.5050,8.5050,8.5050,8.5050,8.5050,8.5050,8.5050,8.5050,8.5050,8.5050,8.5050,8.5050,8.5050,8.5050,8.5050,8.5050,8.5050,8.5050,8.5050,8.5050,8.5050,8.5050,8.5050,8.5050,8.5050,8.5050,8.5050,8.5050,8.5050,8.5050,8.5050,8.5050,8.5050,8.5050,8.5050,8.5050,8.5050,8.5050,8.5050,8.5050,8.5050,8.5050,8.5050,8.5050,8.5050,8.5050,8.5050,8.5050,8.5050,8.5050,8.5050,8.5050,8.5050,8.5050,8.5050,8.5050,8.5050,8.5050,8.5050,8.5050,8.5050,8.5050,8.5050,8.5050,8.5050,8.5050,8.5050,8.5050,8.5050,8.5050,8.5050,8.5050,8.5050,8.5050,8.5050,8.5050,8.5050,8.5050,8.5050,8.5050,8.5050,8.5050,8.5050,8.5050,8.5050,8.5050,8.5050,8.5050,8.5050,8.5050,8.5050,8.5050,8.5050,8.5050,8.5050,8.5050,8.5050,8.5050,8.5050,8.5050,8.5050,8.5050,8.5050,8.5050,8.5050,8.5050,8.5050,8.5050,8.5050,8.5050,8.5050,8.5050,8.5050,8.5050,8.5050,8.5050,8.5050,8.5050,8.5050,8.5050,8.5050,8.5050,8.5050,8.5050,8.5050,8.5050,8.5050,8.5050,8.5050,8.5050,8.5050,8.5050,8.5050,8.5050,8.5050,8.5050,8.5050,8.5050,8.5050,8.5050,8.5050,8.5050,8.5050,8.5050,8.5050,8.5050,8.5050,8.5050,8.5050,8.5050,8.5050,8.5050,8.5050,8.5050,8.5050,8.5050,8.5050,8.5050,8.5050,8.5050,8.5050,8.5050,8.5050,8.5050,8.5050,8.5050,8.5050,8.5050,8.5050,8.5050,8.5050,8.5050,8.5050,8.5050,8.5050,8.5050,8.5050,8.5050,8.5050,8.5050,8.5050,8.5050,8.5050,8.5050,8.5050,8.5050,8.5050,8.5050,8.5050,8.5050,8.5050,8.5050,8.5050,8.5050,8.5050,8.5050,8.5050,8.5050,8.5050,8.5050,8.5050,8.5050,8.5050,8.5050,8.5050,8.5050,8.5050,8.5050,8.5050,8.5050,8.5050,8.5050,8.5050,8.5050,8.5050,8.5050,8.5050,8.5050,8.5050,8.5050,8.5050,8.5050,8.5050,8.5050,8.5050,8.5050,8.5050,8.5050,8.5050,8.5050,8.5050,8.5050,8.5050,8.5050,8.5050,8.5050,8.5050,8.5050,8.5050,8.5050,8.5050,8.5050,8.5050,8.5050,8.5050,8.5050,8.5050,8.5050,8.5050,8.5050,8.5050,8.5050,8.5050,8.5050,8.5050,8.5050,8.5050,8.5050,8.5050,8.5050,8.5050,8.5050,8.5050,8.5050,8.5050,8.5050,8.5050,8.5050,8.5050,8.5050,8.5050,8.5050,8.5050,8.5050,8.5050,8.5050,8.5050,8.5050
8.4977,8.4977,8.4977,8.4977,8.4977,8.4977,8.4977,8.4977,8.4977,8.4977,8.4977,8.4977,8.4977,8.4977,8.4977,8.4977,8.4977,8.4977,8.4977,8.4977,8.4977,8.4977,8.4977,8.4977,8.4977,8.4977,8.4977,8.4977,8.4977,8.4977,8.4977,8.4977,8.4977,8.4977,8.4977,8.4977,8.4977,8.4977,8.4977,8.4977,8.4977,8.4977,8.4977,8.4977,8.4977,8.4977,8.4977,8.4977,8.4977,8.4977,8.4977,8.4977,8.4977,8.4977,8.4977,8.4977,8.4977,8.4977,8.4977,8.4977,8.4977,8.4977,8.4977,8.4977,8.4977,8.4977,8.4977,8.4977,8.4977,8.4977,8.4977,8.4977,8.4977,8.4977,8.4977,8.4977,8.4977,8.4977,8.4977,8.4977,8.4977,8.4977,8.4977,8.4977,8.4977,8.4977,8.4977,8.4977,8.4977,8.4977,8.4977,8.4977,8.4977,8.4977,8.4977,8.4977,8.4977,8.4977,8.4977,8.4977,8.4977,8.4977,8.4977,8.4977,8.4977,8.4977,8.4977,8.4977,8.4977,8.4977,8.4977,8.4977,8.4977,8.4977,8.4977,8.4977,8.4977,8.4977,8.4977,8.4977,8.4977,8.4977,8.4977,8.4977,8.4977,8.4977,8.4977,8.4977,8.4977,8.4977,8.4977,8.4977,8.4977,8.4977,8.4977,8.4977,8.4977,8.4977,8.4977,8.4977,8.4977,8.4977,8.4977,8.4977,8.4977,8.4977,8.4977,8.4977,8.4977,8.4977,8.4977,8.4977,8.4977,8.4977,8.4977,8.4977,8.4977,8.4977,8.4977,8.4977,8.4977,8.4977,8.4977,8.4977,8.4977,8.4977,8.4977,8.4977,8.4977,8.4977,8.4977,8.4977,8.4977,8.4977,8.4977,8.4977,8.4977,8.4977,8.4977,8.4977,8.4977,8.4977,8.4977,8.4977,8.4977,8.4977,8.4977,8.4977,8.4977,8.4977,8.4977,8.4977,8.4977,8.4977,8.4977,8.4977,8.4977,8.4977,8.4977,8.4977,8.4977,8.4977,8.4977,8.4977,8.4977,8.4977,8.4977,8.4977,8.4977,8.4977,8.4977,8.4977,8.4977,8.4977,8.4977,8.4977,8.4977,8.4977,8.4977,8.4977,8.4977,8.4977,8.4977,8.4977,8.4977,8.4977,8.4977,8.4977,8.4977,8.4977,8.4977,8.4977,8.4977,8.4977,8.4977,8.4977,8.4977,8.4977,8.4977,8.4977,8.4977,8.4977,8.4977,8.4977,8.4977,8.4977,8.4977,8.4977,8.4977,8.4977,8.4977,8.4977,8.4977,8.4977,8.4977,8.4977,8.4977,8.4977,8.4977,8.4977,8.4977,8.4977,8.4977,8.4977,8.4977,8.4977,8.4977,8.4977,8.4977,8.4977,8.4977,8.4977,8.4977,8.4977,8.4977,8.4977,8.4977,8.4977,8.4977,8.4977,8.4977,8.4977,8.4977,8.4977,8.4977,8.4977,8.4977,8.4977,8.4977,8.4977,8.4977,8.4977,8.4977,8.4977,8.4977,8.4977,8.4977,8.4977,8.4977,8.4977,8.4977,8.4977,8.4977,8.4977,8.4977,8.4977,8.4977,8.4977,8.4977,8.4977,8.4977,8.4977,8.4977,8.4977,8.4977,8.4977,8.4977,8.4977,8.4977,8.4977,8.4977,8.4977,8.4977,8.4977,8.4977,8.4977,8.4977,8.4977,8.4977,8.4977,8.4977,8.4977,8.4977,8.4977,8.4977,8.4977,8.4977,8.4977,8.4977,8.4977,8.4977,8.4977,8.4977,8.4977,8.4977,8.4977,8.4977,8.4977,8.4977,8.4977,8.4977,8.4977,8.4977,8.4977,8.4977,8.4977,8.4977,8.4977,8.4977,8.4977,8.4977,8.4977,8.4977,8.4977,8.4977,8.4977,8.4977,8.4977,8.4977,8.4977,8.4977,8.4977,8.4977,8.4977,8.4977,8.4977,8.4977,8.4977,8.4977,8.4977,8.4977,8.4977,8.4977,8.4977,8.4977,8.4977,8.4977,8.4977,8.4977,8.4977,8.4977,8.4977,8.4977,8.4977,8.4977,8.4977,8.4977,8.4977,8.4977,8.4977,8.4977,8.4977,8.4977,8.4977,8.4977,8.4977,8.4977,8.4977,8.4977,8.4977,8.4977,8.4977,8.4977,8.4977,8.4977,8.4977,8.4977,8.4977,8.4977,8.4977,8.4977,8.4977,8.4977,8.4977,8.4977,8.4977,8.4977,8.4977,8.4977,8.4977,8.4977,8.4977,8.4977,8.4977,8.4977,8.4977,8.4977,8.4977,8.4977,8.4977,8.4977,8.4977,8.4977,8.4977,8.4977,8.4977,8.4977,8.4977,8.4977,8.4977,8.4977,8.4977,8.4977,8.4977,8.4977,8.4977,8.4977,8.4977,8.4977,8.4977,8.4977,8.4977,8.4977,8.4977,8.4977,8.4977,8.4977,8.4977,8.4977,8.4977,8.4977,8.4977,8.4977,8.4977,8.4977,8.4977,8.4977,8.4977,8.4977,8.4977,8.4977,8.4977,8.4977,8.4977,8.4977,8.4977,8.4977,8.4977,8.4977,8.4977,8.4977,8.4977,8.4977,8.4977,8.4977,8.4977,8.4977,8.4977,8.4977,8.4977,8.4977,8.4977,8.4977,8.4977,8.4977,8.4977,8.4977,8.4977,8.4977,8.4977,8.4977,8.4977,8.4977,8.4977,8.4977,8.4977,8.4977,8.4977,8.4977,8.4977,8.4977,8.4977,8.4977,8.4977,8.4977,8.4977,8.4977,8.4977,8.4977,8.4977,8.4977,8.4977,8.4977,8.4977,8.4977,8.4977,8.4977,8.4977,8.4977,8.4977,8.4977,8.4977,8.4977,8.4977,8.4977,8.4977,8.4977,8.4977,8.4977,8.4977,8.4977,8.4977,8.4977,8.4977,8.4977,8.4977,8.4977,8.4977,8.4977,8.4977,8.4977,8.4977,8.4977,8.4977,8.4977,8.4977,8.4977,8.4977,8.4977,8.4977,8.4977,8.4977,8.4977,8.4977,8.4977,8.4977,8.4977,8.4977,8.4977,8.4977,8.4977,8.4977,8.4977,8.4977,8.4977,8.4977,8.4977,8.4977,8.4977,8.4977,8.4977,8.4977,8.4977,8.4977,8.4977,8.4977,8.4977,8.4977,8.4977,8.4977,8.4977,8.4977,8.4977,8.4977,8.4977,8.4977,8.4977,8.4977,8.4977,8.4977,8.4977,8.4977,8.4977,8.4977,8.4977,8.4977,8.4977,8.4977,8.4977,8.4977,8.4977,8.4977,8.4977,8.4977,8.4977,8.4977,8.4977,8.4977,8.4977,8.4977,8.4977,8.4977,8.4977,8.4977,8.4977,8.4977,8.4977,8.4977,8.4977,8.4977,8.4977,8.4977,8.4977,8.4977,8.4977,8.4977,8.4977,8.4977,8.4977,8.4977,8.4977,8.4977,8.4977,8.4977,8.4977,8.4977,8.4977,8.4977,8.4977,8.4977,8.4977,8.4977,8.4977,8.4977,8.4977,8.4977,8.4977,8.4977,8.4977,8.4977,8.4977,8.4977,8.4977,8.4977,8.4977,8.4977,8.4977,8.4977,8.4977,8.4977,8.4977,8.4977,8.4977,8.4977,8.4977,8.4977,8.4977,8.4977,8.4977,8.4977,8.4977,8.4977,8.4977,8.4977,8.4977,8.4977,8.4977,8.4977,8.4977,8.4977,8.4977,8.4977,8.4977,8.4977,8.4977,8.4977,8.4977,8.4977,8.4977,8.4977,8.4977,8.4977,8.4977,8.4977,8.4977,8.4977,8.4977,8.4977,8.4977,8.4977,8.4977,8.4977,8.4977,8.4977,8.4977,8.4977,8.4977,8.4977,8.4977,8.4977,8.4977,8.4977,8.4977,8.4977,8.4977,8.4977,8.4977,8.4977,8.4977,8.4977,8.4977,8.4977,8.4977,8.4977,8.4977,8.4977,8.4977,8.4977,8.4977,8.4977,8.4977,8.4977,8.4977,8.4977,8.4977,8.4977,8.4977,8.4977,8.4977,8.4977,8.4977,8.4977,8.4977,8.4977,8.4977,8.4977,8.4977,8.4977,8.4977,8.4977,8.4977,8.4977,8.4977,8.4977,8.4977,8.4977,8.4977,8.4977,8.4977,8.4977,8.4977,8.4977,8.4977,8.4977,8.4977,8.4977,8.4977,8.4977,8.4977,8.4977,8.4977,8.4977,8.4977,8.4977,8.4977,8.4977,8.4977,8.4977,8.4977,8.4977,8.4977,8.4977,8.4977,8.4977,8.4977,8.4977,8.4977,8.4977,8.4977,8.4977,8.4977,8.4977,8.4977,8.4977,8.4977,8.4977,8.4977,8.4977,8.4977,8.4977,8.4977,8.4977,8.4977,8.4977,8.4977,8.4977,8.4977,8.4977,8.4977,8.4977,8.4977,8.4977,8.4977,8.4977,8.4977,8.4977,8.4977,8.4977,8.4977,8.4977,8.4977,8.4977,8.4977,8.4977,8.4977,8.4977,8.4977,8.4977,8.4977,8.4977,8.4977,8.4977,8.4977,8.4977,8.4977,8.4977,8.4977,8.4977,8.4977,8.4977,8.4977,8.4977,8.4977,8.4977,8.4977,8.4977,8.4977,8.4977,8.4977,8.4977,8.4977,8.4977,8.4977,8.4977,8.4977,8.4977,8.4977,8.4977,8.4977,8.4977,8.4977,8.4977,8.4977,8.4977,8.4977,8.4977,8.4977,8.4977,8.4977,8.4977,8.4977,8.4977,8.4977,8.4977,8.4977,8.4977,8.4977,8.4977,8.4977,8.4977,8.4977,8.4977,8.4977,8.4977,8.4977,8.4977,8.4977,8.4977,8.4977,8.4977,8.4977,8.4977,8.4977,8.4977,8.4977,8.4977,8.4977,8.4977,8.4977,8.4977,8.4977,8.4977,8.4977,8.4977,8.4977,8.4977,8.4977,8.4977,8.4977,8.4977,8.4977,8.4977,8.4977,8.4977,8.4977,8.4977,8.4977,8.4977,8.4977,8.4977,8.4977,8.4977,8.4977,8.4977,8.4977,8.4977,8.4977,8.4977,8.4977,8.4977,8.4977,8.4977,8.4977,8.4977,8.4977,8.4977,8.4977,8.4977,8.4977,8.4977
8.4895,8.4895,8.4895,8.4895,8.4895,8.4895,8.4895,8.4895,8.4895,8.4895,8.4895,8.4895,8.4895,8.4895,8.4895,8.4895,8.4895,8.4895,8.4895,8.4895,8.4895,8.4895,8.4895,8.4895,8.4895,8.4895,8.4895,8.4895,8.4895,8.4895,8.4895,8.4895,8.4895,8.4895,8.4895,8.4895,8.4895,8.4895,8.4895,8.4895,8.4895,8.4895,8.4895,8.4895,8.4895,8.4895,8.4895,8.4895,8.4895,8.4895,8.4895,8.4895,8.4895,8.4895,8.4895,8.4895,8.4895,8.4895,8.4895,8.4895,8.4895,8.4895,8.4895,8.4895,8.4895,8.4895,8.4895,8.4895,8.4895,8.4895,8.4895,8.4895,8.4895,8.4895,8.4895,8.4895,8.4895,8.4895,8.4895,8.4895,8.4895,8.4895,8.4895,8.4895,8.4895,8.4895,8.4895,8.4895,8.4895,8.4895,8.4895,8.4895,8.4895,8.4895,8.4895,8.4895,8.4895,8.4895,8.4895,8.4895,8.4895,8.4895,8.4895,8.4895,8.4895,8.4895,8.4895,8.4895,8.4895,8.4895,8.4895,8.4895,8.4895,8.4895,8.4895,8.4895,8.4895,8.4895,8.4895,8.4895,8.4895,8.4895,8.4895,8.4895,8.4895,8.4895,8.4895,8.4895,8.4895,8.4895,8.4895,8.4895,8.4895,8.4895,8.4895,8.4895,8.4895,8.4895,8.4895,8.4895,8.4895,8.4895,8.4895,8.4895,8.4895,8.4895,8.4895,8.4895,8.4895,8.4895,8.4895,8.4895,8.4895,8.4895,8.4895,8.4895,8.4895,8.4895,8.4895,8.4895,8.4895,8.4895,8.4895,8.4895,8.4895,8.4895,8.4895,8.4895,8.4895,8.4895,8.4895,8.4895,8.4895,8.4895,8.4895,8.4895,8.4895,8.4895,8.4895,8.4895,8.4895,8.4895,8.4895,8.4895,8.4895,8.4895,8.4895,8.4895,8.4895,8.4895,8.4895,8.4895,8.4895,8.4895,8.4895,8.4895,8.4895,8.4895,8.4895,8.4895,8.4895,8.4895,8.4895,8.4895,8.4895,8.4895,8.4895,8.4895,8.4895,8.4895,8.4895,8.4895,8.4895,8.4895,8.4895,8.4895,8.4895,8.4895,8.4895,8.4895,8.4895,8.4895,8.4895,8.4895,8.4895,8.4895,8.4895,8.4895,8.4895,8.4895,8.4895,8.4895,8.4895,8.4895,8.4895,8.4895,8.4895,8.4895,8.4895,8.4895,8.4895,8.4895,8.4895,8.4895,8.4895,8.4895,8.4895,8.4895,8.4895,8.4895,8.4895,8.4895,8.4895,8.4895,8.4895,8.4895,8.4895,8.4895,8.4895,8.4895,8.4895,8.4895,8.4895,8.4895,8.4895,8.4895,8.4895,8.4895,8.4895,8.4895,8.4895,8.4895,8.4895,8.4895,8.4895,8.4895,8.4895,8.4895,8.4895,8.4895,8.4895,8.4895,8.4895,8.4895,8.4895,8.4895,8.4895,8.4895,8.4895,8.4895,8.4895,8.4895,8.4895,8.4895,8.4895,8.4895,8.4895,8.4895,8.4895,8.4895,8.4895,8.4895,8.4895,8.4895,8.4895,8.4895,8.4895,8.4895,8.4895,8.4895,8.4895,8.4895,8.4895,8.4895,8.4895,8.4895,8.4895,8.4895,8.4895,8.4895,8.4895,8.4895,8.4895,8.4895,8.4895,8.4895,8.4895,8.4895,8.4895,8.4895,8.4895,8.4895,8.4895,8.4895,8.4895,8.4895,8.4895,8.4895,8.4895,8.4895,8.4895,8.4895,8.4895,8.4895,8.4895,8.4895,8.4895,8.4895,8.4895,8.4895,8.4895,8.4895,8.4895,8.4895,8.4895,8.4895,8.4895,8.4895,8.4895,8.4895,8.4895,8.4895,8.4895,8.4895,8.4895,8.4895,8.4895,8.4895,8.4895,8.4895,8.4895,8.4895,8.4895,8.4895,8.4895,8.4895,8.4895,8.4895,8.4895,8.4895,8.4895,8.4895,8.4895,8.4895,8.4895,8.4895,8.4895,8.4895,8.4895,8.4895,8.4895,8.4895,8.4895,8.4895,8.4895,8.4895,8.4895,8.4895,8.4895,8.4895,8.4895,8.4895,8.4895,8.4895,8.4895,8.4895,8.4895,8.4895,8.4895,8.4895,8.4895,8.4895,8.4895,8.4895,8.4895,8.4895,8.4895,8.4895,8.4895,8.4895,8.4895,8.4895,8.4895,8.4895,8.4895,8.4895,8.4895,8.4895,8.4895,8.4895,8.4895,8.4895,8.4895,8.4895,8.4895,8.4895,8.4895,8.4895,8.4895,8.4895,8.4895,8.4895,8.4895,8.4895,8.4895,8.4895,8.4895,8.4895,8.4895,8.4895,8.4895,8.4895,8.4895,8.4895,8.4895,8.4895,8.4895,8.4895,8.4895,8.4895,8.4895,8.4895,8.4895,8.4895,8.4895,8.4895,8.4895,8.4895,8.4895,8.4895,8.4895,8.4895,8.4895,8.4895,8.4895,8.4895,8.4895,8.4895,8.4895,8.4895,8.4895,8.4895,8.4895,8.4895,8.4895,8.4895,8.4895,8.4895,8.4895,8.4895,8.4895,8.4895,8.4895,8.4895,8.4895,8.4895,8.4895,8.4895,8.4895,8.4895,8.4895,8.4895,8.4895,8.4895,8.4895,8.4895,8.4895,8.4895,8.4895,8.4895,8.4895,8.4895,8.4895,8.4895,8.4895,8.4895,8.4895,8.4895,8.4895,8.4895,8.4895,8.4895,8.4895,8.4895,8.4895,8.4895,8.4895,8.4895,8.4895,8.4895,8.4895,8.4895,8.4895,8.4895,8.4895,8.4895,8.4895,8.4895,8.4895,8.4895,8.4895,8.4895,8.4895,8.4895,8.4895,8.4895,8.4895,8.4895,8.4895,8.4895,8.4895,8.4895,8.4895,8.4895,8.4895,8.4895,8.4895,8.4895,8.4895,8.4895,8.4895,8.4895,8.4895,8.4895,8.4895,8.4895,8.4895,8.4895,8.4895,8.4895,8.4895,8.4895,8.4895,8.4895,8.4895,8.4895,8.4895,8.4895,8.4895,8.4895,8.4895,8.4895,8.4895,8.4895,8.4895,8.4895,8.4895,8.4895,8.4895,8.4895,8.4895,8.4895,8.4895,8.4895,8.4895,8.4895,8.4895,8.4895,8.4895,8.4895,8.4895,8.4895,8.4895,8.4895,8.4895,8.4895,8.4895,8.4895,8.4895,8.4895,8.4895,8.4895,8.4895,8.4895,8.4895,8.4895,8.4895,8.4895,8.4895,8.4895,8.4895,8.4895,8.4895,8.4895,8.4895,8.4895,8.4895,8.4895,8.4895,8.4895,8.4895,8.4895,8.4895,8.4895,8.4895,8.4895,8.4895,8.4895,8.4895,8.4895,8.4895,8.4895,8.4895,8.4895,8.4895,8.4895,8.4895,8.4895,8.4895,8.4895,8.4895,8.4895,8.4895,8.4895,8.4895,8.4895,8.4895,8.4895,8.4895,8.4895,8.4895,8.4895,8.4895,8.4895,8.4895,8.4895,8.4895,8.4895,8.4895,8.4895,8.4895,8.4895,8.4895,8.4895,8.4895,8.4895,8.4895,8.4895,8.4895,8.4895,8.4895,8.4895,8.4895,8.4895,8.4895,8.4895,8.4895,8.4895,8.4895,8.4895,8.4895,8.4895,8.4895,8.4895,8.4895,8.4895,8.4895,8.4895,8.4895,8.4895,8.4895,8.4895,8.4895,8.4895,8.4895,8.4895,8.4895,8.4895,8.4895,8.4895,8.4895,8.4895,8.4895,8.4895,8.4895,8.4895,8.4895,8.4895,8.4895,8.4895,8.4895,8.4895,8.4895,8.4895,8.4895,8.4895,8.4895,8.4895,8.4895,8.4895,8.4895,8.4895,8.4895,8.4895,8.4895,8.4895,8.4895,8.4895,8.4895,8.4895,8.4895,8.4895,8.4895,8.4895,8.4895,8.4895,8.4895,8.4895,8.4895,8.4895,8.4895,8.4895,8.4895,8.4895,8.4895,8.4895,8.4895,8.4895,8.4895,8.4895,8.4895,8.4895,8.4895,8.4895,8.4895,8.4895,8.4895,8.4895,8.4895,8.4895,8.4895,8.4895,8.4895,8.4895,8.4895,8.4895,8.4895,8.4895,8.4895,8.4895,8.4895,8.4895,8.4895,8.4895,8.4895,8.4895,8.4895,8.4895,8.4895,8.4895,8.4895,8.4895,8.4895,8.4895,8.4895,8.4895,8.4895,8.4895,8.4895,8.4895,8.4895,8.4895,8.4895,8.4895,8.4895,8.4895,8.4895,8.4895,8.4895,8.4895,8.4895,8.4895,8.4895,8.4895,8.4895,8.4895,8.4895,8.4895,8.4895,8.4895,8.4895,8.4895,8.4895,8.4895,8.4895,8.4895,8.4895,8.4895,8.4895,8.4895,8.4895,8.4895,8.4895,8.4895,8.4895,8.4895,8.4895,8.4895,8.4895,8.4895,8.4895,8.4895,8.4895,8.4895,8.4895,8.4895,8.4895,8.4895,8.4895,8.4895,8.4895,8.4895,8.4895,8.4895,8.4895,8.4895,8.4895,8.4895,8.4895,8.4895,8.4895,8.4895,8.4895,8.4895,8.4895,8.4895,8.4895,8.4895,8.4895,8.4895,8.4895,8.4895,8.4895,8.4895,8.4895,8.4895,8.4895,8.4895,8.4895,8.4895,8.4895,8.4895,8.4895,8.4895,8.4895,8.4895,8.4895,8.4895,8.4895,8.4895,8.4895,8.4895,8.4895,8.4895,8.4895,8.4895,8.4895,8.4895,8.4895,8.4895,8.4895,8.4895,8.4895,8.4895,8.4895,8.4895,8.4895,8.4895,8.4895,8.4895,8.4895,8.4895,8.4895,8.4895,8.4895,8.4895,8.4895,8.4895,8.4895,8.4895,8.4895,8.4895,8.4895,8.4895,8.4895,8.4895,8.4895,8.4895,8.4895,8.4895,8.4895,8.4895,8.4895,8.4895,8.4895,8.4895,8.4895,8.4895,8.4895,8.4895,8.4895,8.4895,8.4895,8.4895,8.4895,8.4895,8.4895,8.4895,8.4895,8.4895,8.4895,8.4895,8.4895,8.4895,8.4895,8.4895,8.4895,8.4895,8.4895,8.4895
8.4818,8.4818,8.4818,8.4818,8.4818,8.4818,8.4818,8.4818,8.4818,8.4818,8.4818,8.4818,8.4818,8.4818,8.4818,8.4818,8.4818,8.4818,8.4818,8.4818,8.4818,8.4818,8.4818,8.4818,8.4818,8.4818,8.4818,8.4818,8.4818,8.4818,8.4818,8.4818,8.4818,8.4818,8.4818,8.4818,8.4818,8.4818,8.4818,8.4818,8.4818,8.4818,8.4818,8.4818,8.4818,8.4818,8.4818,8.4818,8.4818,8.4818,8.4818,8.4818,8.4818,8.4818,8.4818,8.4818,8.4818,8.4818,8.4818,8.4818,8.4818,8.4818,8.4818,8.4818,8.4818,8.4818,8.4818,8.4818,8.4818,8.4818,8.4818,8.4818,8.4818,8.4818,8.4818,8.4818,8.4818,8.4818,8.4818,8.4818,8.4818,8.4818,8.4818,8.4818,8.4818,8.4818,8.4818,8.4818,8.4818,8.4818,8.4818,8.4818,8.4818,8.4818,8.4818,8.4818,8.4818,8.4818,8.4818,8.4818,8.4818,8.4818,8.4818,8.4818,8.4818,8.4818,8.4818,8.4818,8.4818,8.4818,8.4818,8.4818,8.4818,8.4818,8.4818,8.4818,8.4818,8.4818,8.4818,8.4818,8.4818,8.4818,8.4818,8.4818,8.4818,8.4818,8.4818,8.4818,8.4818,8.4818,8.4818,8.4818,8.4818,8.4818,8.4818,8.4818,8.4818,8.4818,8.4818,8.4818,8.4818,8.4818,8.4818,8.4818,8.4818,8.4818,8.4818,8.4818,8.4818,8.4818,8.4818,8.4818,8.4818,8.4818,8.4818,8.4818,8.4818,8.4818,8.4818,8.4818,8.4818,8.4818,8.4818,8.4818,8.4818,8.4818,8.4818,8.4818,8.4818,8.4818,8.4818,8.4818,8.4818,8.4818,8.4818,8.4818,8.4818,8.4818,8.4818,8.4818,8.4818,8.4818,8.4818,8.4818,8.4818,8.4818,8.4818,8.4818,8.4818,8.4818,8.4818,8.4818,8.4818,8.4818,8.4818,8.4818,8.4818,8.4818,8.4818,8.4818,8.4818,8.4818,8.4818,8.4818,8.4818,8.4818,8.4818,8.4818,8.4818,8.4818,8.4818,8.4818,8.4818,8.4818,8.4818,8.4818,8.4818,8.4818,8.4818,8.4818,8.4818,8.4818,8.4818,8.4818,8.4818,8.4818,8.4818,8.4818,8.4818,8.4818,8.4818,8.4818,8.4818,8.4818,8.4818,8.4818,8.4818,8.4818,8.4818,8.4818,8.4818,8.4818,8.4818,8.4818,8.4818,8.4818,8.4818,8.4818,8.4818,8.4818,8.4818,8.4818,8.4818,8.4818,8.4818,8.4818,8.4818,8.4818,8.4818,8.4818,8.4818,8.4818,8.4818,8.4818,8.4818,8.4818,8.4818,8.4818,8.4818,8.4818,8.4818,8.4818,8.4818,8.4818,8.4818,8.4818,8.4818,8.4818,8.4818,8.4818,8.4818,8.4818,8.4818,8.4818,8.4818,8.4818,8.4818,8.4818,8.4818,8.4818,8.4818,8.4818,8.4818,8.4818,8.4818,8.4818,8.4818,8.4818,8.4818,8.4818,8.4818,8.4818,8.4818,8.4818,8.4818,8.4818,8.4818,8.4818,8.4818,8.4818,8.4818,8.4818,8.4818,8.4818,8.4818,8.4818,8.4818,8.4818,8.4818,8.4818,8.4818,8.4818,8.4818,8.4818,8.4818,8.4818,8.4818,8.4818,8.4818,8.4818,8.4818,8.4818,8.4818,8.4818,8.4818,8.4818,8.4818,8.4818,8.4818,8.4818,8.4818,8.4818,8.4818,8.4818,8.4818,8.4818,8.4818,8.4818,8.4818,8.4818,8.4818,8.4818,8.4818,8.4818,8.4818,8.4818,8.4818,8.4818,8.4818,8.4818,8.4818,8.4818,8.4818,8.4818,8.4818,8.4818,8.4818,8.4818,8.4818,8.4818,8.4818,8.4818,8.4818,8.4818,8.4818,8.4818,8.4818,8.4818,8.4818,8.4818,8.4818,8.4818,8.4818,8.4818,8.4818,8.4818,8.4818,8.4818,8.4818,8.4818,8.4818,8.4818,8.4818,8.4818,8.4818,8.4818,8.4818,8.4818,8.4818,8.4818,8.4818,8.4818,8.4818,8.4818,8.4818,8.4818,8.4818,8.4818,8.4818,8.4818,8.4818,8.4818,8.4818,8.4818,8.4818,8.4818,8.4818,8.4818,8.4818,8.4818,8.4818,8.4818,8.4818,8.4818,8.4818,8.4818,8.4818,8.4818,8.4818,8.4818,8.4818,8.4818,8.4818,8.4818,8.4818,8.4818,8.4818,8.4818,8.4818,8.4818,8.4818,8.4818,8.4818,8.4818,8.4818,8.4818,8.4818,8.4818,8.4818,8.4818,8.4818,8.4818,8.4818,8.4818,8.4818,8.4818,8.4818,8.4818,8.4818,8.4818,8.4818,8.4818,8.4818,8.4818,8.4818,8.4818,8.4818,8.4818,8.4818,8.4818,8.4818,8.4818,8.4818,8.4818,8.4818,8.4818,8.4818,8.4818,8.4818,8.4818,8.4818,8.4818,8.4818,8.4818,8.4818,8.4818,8.4818,8.4818,8.4818,8.4818,8.4818,8.4818,8.4818,8.4818,8.4818,8.4818,8.4818,8.4818,8.4818,8.4818,8.4818,8.4818,8.4818,8.4818,8.4818,8.4818,8.4818,8.4818,8.4818,8.4818,8.4818,8.4818,8.4818,8.4818,8.4818,8.4818,8.4818,8.4818,8.4818,8.4818,8.4818,8.4818,8.4818,8.4818,8.4818,8.4818,8.4818,8.4818,8.4818,8.4818,8.4818,8.4818,8.4818,8.4818,8.4818,8.4818,8.4818,8.4818,8.4818,8.4818,8.4818,8.4818,8.4818,8.4818,8.4818,8.4818,8.4818,8.4818,8.4818,8.4818,8.4818,8.4818,8.4818,8.4818,8.4818,8.4818,8.4818,8.4818,8.4818,8.4818,8.4818,8.4818,8.4818,8.4818,8.4818,8.4818,8.4818,8.4818,8.4818,8.4818,8.4818,8.4818,8.4818,8.4818,8.4818,8.4818,8.4818,8.4818,8.4818,8.4818,8.4818,8.4818,8.4818,8.4818,8.4818,8.4818,8.4818,8.4818,8.4818,8.4818,8.4818,8.4818,8.4818,8.4818,8.4818,8.4818,8.4818,8.4818,8.4818,8.4818,8.4818,8.4818,8.4818,8.4818,8.4818,8.4818,8.4818,8.4818,8.4818,8.4818,8.4818,8.4818,8.4818,8.4818,8.4818,8.4818,8.4818,8.4818,8.4818,8.4818,8.4818,8.4818,8.4818,8.4818,8.4818,8.4818,8.4818,8.4818,8.4818,8.4818,8.4818,8.4818,8.4818,8.4818,8.4818,8.4818,8.4818,8.4818,8.4818,8.4818,8.4818,8.4818,8.4818,8.4818,8.4818,8.4818,8.4818,8.4818,8.4818,8.4818,8.4818,8.4818,8.4818,8.4818,8.4818,8.4818,8.4818,8.4818,8.4818,8.4818,8.4818,8.4818,8.4818,8.4818,8.4818,8.4818,8.4818,8.4818,8.4818,8.4818,8.4818,8.4818,8.4818,8.4818,8.4818,8.4818,8.4818,8.4818,8.4818,8.4818,8.4818,8.4818,8.4818,8.4818,8.4818,8.4818,8.4818,8.4818,8.4818,8.4818,8.4818,8.4818,8.4818,8.4818,8.4818,8.4818,8.4818,8.4818,8.4818,8.4818,8.4818,8.4818,8.4818,8.4818,8.4818,8.4818,8.4818,8.4818,8.4818,8.4818,8.4818,8.4818,8.4818,8.4818,8.4818,8.4818,8.4818,8.4818,8.4818,8.4818,8.4818,8.4818,8.4818,8.4818,8.4818,8.4818,8.4818,8.4818,8.4818,8.4818,8.4818,8.4818,8.4818,8.4818,8.4818,8.4818,8.4818,8.4818,8.4818,8.4818,8.4818,8.4818,8.4818,8.4818,8.4818,8.4818,8.4818,8.4818,8.4818,8.4818,8.4818,8.4818,8.4818,8.4818,8.4818,8.4818,8.4818,8.4818,8.4818,8.4818,8.4818,8.4818,8.4818,8.4818,8.4818,8.4818,8.4818,8.4818,8.4818,8.4818,8.4818,8.4818,8.4818,8.4818,8.4818,8.4818,8.4818,8.4818,8.4818,8.4818,8.4818,8.4818,8.4818,8.4818,8.4818,8.4818,8.4818,8.4818,8.4818,8.4818,8.4818,8.4818,8.4818,8.4818,8.4818,8.4818,8.4818,8.4818,8.4818,8.4818,8.4818,8.4818,8.4818,8.4818,8.4818,8.4818,8.4818,8.4818,8.4818,8.4818,8.4818,8.4818,8.4818,8.4818,8.4818,8.4818,8.4818,8.4818,8.4818,8.4818,8.4818,8.4818,8.4818,8.4818,8.4818,8.4818,8.4818,8.4818,8.4818,8.4818,8.4818,8.4818,8.4818,8.4818,8.4818,8.4818,8.4818,8.4818,8.4818,8.4818,8.4818,8.4818,8.4818,8.4818,8.4818,8.4818,8.4818,8.4818,8.4818,8.4818,8.4818,8.4818,8.4818,8.4818,8.4818,8.4818,8.4818,8.4818,8.4818,8.4818,8.4818,8.4818,8.4818,8.4818,8.4818,8.4818,8.4818,8.4818,8.4818,8.4818,8.4818,8.4818,8.4818,8.4818,8.4818,8.4818,8.4818,8.4818,8.4818,8.4818,8.4818,8.4818,8.4818,8.4818,8.4818,8.4818,8.4818,8.4818,8.4818,8.4818,8.4818,8.4818,8.4818,8.4818,8.4818,8.4818,8.4818,8.4818,8.4818,8.4818,8.4818,8.4818,8.4818,8.4818,8.4818,8.4818,8.4818,8.4818,8.4818,8.4818,8.4818,8.4818,8.4818,8.4818,8.4818,8.4818,8.4818,8.4818,8.4818,8.4818,8.4818,8.4818,8.4818,8.4818,8.4818,8.4818,8.4818,8.4818,8.4818,8.4818,8.4818,8.4818,8.4818,8.4818,8.4818,8.4818,8.4818,8.4818,8.4818,8.4818,8.4818,8.4818,8.4818,8.4818,8.4818,8.4818,8.4818,8.4818,8.4818,8.4818,8.4818,8.4818,8.4818,8.4818,8.4818,8.4818,8.4818,8.4818,8.4818,8.4818
8.4737,8.4737,8.4737,8.4737,8.4737,8.4737,8.4737,8.4737,8.4737,8.4737,8.4737,8.4737,8.4737,8.4737,8.4737,8.4737,8.4737,8.4737,8.4737,8.4737,8.4737,8.4737,8.4737,8.4737,8.4737,8.4737,8.4737,8.4737,8.4737,8.4737,8.4737,8.4737,8.4737,8.4737,8.4737,8.4737,8.4737,8.4737,8.4737,8.4737,8.4737,8.4737,8.4737,8.4737,8.4737,8.4737,8.4737,8.4737,8.4737,8.4737,8.4737,8.4737,8.4737,8.4737,8.4737,8.4737,8.4737,8.4737,8.4737,8.4737,8.4737,8.4737,8.4737,8.4737,8.4737,8.4737,8.4737,8.4737,8.4737,8.4737,8.4737,8.4737,8.4737,8.4737,8.4737,8.4737,8.4737,8.4737,8.4737,8.4737,8.4737,8.4737,8.4737,8.4737,8.4737,8.4737,8.4737,8.4737,8.4737,8.4737,8.4737,8.4737,8.4737,8.4737,8.4737,8.4737,8.4737,8.4737,8.4737,8.4737,8.4737,8.4737,8.4737,8.4737,8.4737,8.4737,8.4737,8.4737,8.4737,8.4737,8.4737,8.4737,8.4737,8.4737,8.4737,8.4737,8.4737,8.4737,8.4737,8.4737,8.4737,8.4737,8.4737,8.4737,8.4737,8.4737,8.4737,8.4737,8.4737,8.4737,8.4737,8.4737,8.4737,8.4737,8.4737,8.4737,8.4737,8.4737,8.4737,8.4737,8.4737,8.4737,8.4737,8.4737,8.4737,8.4737,8.4737,8.4737,8.4737,8.4737,8.4737,8.4737,8.4737,8.4737,8.4737,8.4737,8.4737,8.4737,8.4737,8.4737,8.4737,8.4737,8.4737,8.4737,8.4737,8.4737,8.4737,8.4737,8.4737,8.4737,8.4737,8.4737,8.4737,8.4737,8.4737,8.4737,8.4737,8.4737,8.4737,8.4737,8.4737,8.4737,8.4737,8.4737,8.4737,8.4737,8.4737,8.4737,8.4737,8.4737,8.4737,8.4737,8.4737,8.4737,8.4737,8.4737,8.4737,8.4737,8.4737,8.4737,8.4737,8.4737,8.4737,8.4737,8.4737,8.4737,8.4737,8.4737,8.4737,8.4737,8.4737,8.4737,8.4737,8.4737,8.4737,8.4737,8.4737,8.4737,8.4737,8.4737,8.4737,8.4737,8.4737,8.4737,8.4737,8.4737,8.4737,8.4737,8.4737,8.4737,8.4737,8.4737,8.4737,8.4737,8.4737,8.4737,8.4737,8.4737,8.4737,8.4737,8.4737,8.4737,8.4737,8.4737,8.4737,8.4737,8.4737,8.4737,8.4737,8.4737,8.4737,8.4737,8.4737,8.4737,8.4737,8.4737,8.4737,8.4737,8.4737,8.4737,8.4737,8.4737,8.4737,8.4737,8.4737,8.4737,8.4737,8.4737,8.4737,8.4737,8.4737,8.4737,8.4737,8.4737,8.4737,8.4737,8.4737,8.4737,8.4737,8.4737,8.4737,8.4737,8.4737,8.4737,8.4737,8.4737,8.4737,8.4737,8.4737,8.4737,8.4737,8.4737,8.4737,8.4737,8.4737,8.4737,8.4737,8.4737,8.4737,8.4737,8.4737,8.4737,8.4737,8.4737,8.4737,8.4737,8.4737,8.4737,8.4737,8.4737,8.4737,8.4737,8.4737,8.4737,8.4737,8.4737,8.4737,8.4737,8.4737,8.4737,8.4737,8.4737,8.4737,8.4737,8.4737,8.4737,8.4737,8.4737,8.4737,8.4737,8.4737,8.4737,8.4737,8.4737,8.4737,8.4737,8.4737,8.4737,8.4737,8.4737,8.4737,8.4737,8.4737,8.4737,8.4737,8.4737,8.4737,8.4737,8.4737,8.4737,8.4737,8.4737,8.4737,8.4737,8.4737,8.4737,8.4737,8.4737,8.4737,8.4737,8.4737,8.4737,8.4737,8.4737,8.4737,8.4737,8.4737,8.4737,8.4737,8.4737,8.4737,8.4737,8.4737,8.4737,8.4737,8.4737,8.4737,8.4737,8.4737,8.4737,8.4737,8.4737,8.4737,8.4737,8.4737,8.4737,8.4737,8.4737,8.4737,8.4737,8.4737,8.4737,8.4737,8.4737,8.4737,8.4737,8.4737,8.4737,8.4737,8.4737,8.4737,8.4737,8.4737,8.4737,8.4737,8.4737,8.4737,8.4737,8.4737,8.4737,8.4737,8.4737,8.4737,8.4737,8.4737,8.4737,8.4737,8.4737,8.4737,8.4737,8.4737,8.4737,8.4737,8.4737,8.4737,8.4737,8.4737,8.4737,8.4737,8.4737,8.4737,8.4737,8.4737,8.4737,8.4737,8.4737,8.4737,8.4737,8.4737,8.4737,8.4737,8.4737,8.4737,8.4737,8.4737,8.4737,8.4737,8.4737,8.4737,8.4737,8.4737,8.4737,8.4737,8.4737,8.4737,8.4737,8.4737,8.4737,8.4737,8.4737,8.4737,8.4737,8.4737,8.4737,8.4737,8.4737,8.4737,8.4737,8.4737,8.4737,8.4737,8.4737,8.4737,8.4737,8.4737,8.4737,8.4737,8.4737,8.4737,8.4737,8.4737,8.4737,8.4737,8.4737,8.4737,8.4737,8.4737,8.4737,8.4737,8.4737,8.4737,8.4737,8.4737,8.4737,8.4737,8.4737,8.4737,8.4737,8.4737,8.4737,8.4737,8.4737,8.4737,8.4737,8.4737,8.4737,8.4737,8.4737,8.4737,8.4737,8.4737,8.4737,8.4737,8.4737,8.4737,8.4737,8.4737,8.4737,8.4737,8.4737,8.4737,8.4737,8.4737,8.4737,8.4737,8.4737,8.4737,8.4737,8.4737,8.4737,8.4737,8.4737,8.4737,8.4737,8.4737,8.4737,8.4737,8.4737,8.4737,8.4737,8.4737,8.4737,8.4737,8.4737,8.4737,8.4737,8.4737,8.4737,8.4737,8.4737,8.4737,8.4737,8.4737,8.4737,8.4737,8.4737,8.4737,8.4737,8.4737,8.4737,8.4737,8.4737,8.4737,8.4737,8.4737,8.4737,8.4737,8.4737,8.4737,8.4737,8.4737,8.4737,8.4737,8.4737,8.4737,8.4737,8.4737,8.4737,8.4737,8.4737,8.4737,8.4737,8.4737,8.4737,8.4737,8.4737,8.4737,8.4737,8.4737,8.4737,8.4737,8.4737,8.4737,8.4737,8.4737,8.4737,8.4737,8.4737,8.4737,8.4737,8.4737,8.4737,8.4737,8.4737,8.4737,8.4737,8.4737,8.4737,8.4737,8.4737,8.4737,8.4737,8.4737,8.4737,8.4737,8.4737,8.4737,8.4737,8.4737,8.4737,8.4737,8.4737,8.4737,8.4737,8.4737,8.4737,8.4737,8.4737,8.4737,8.4737,8.4737,8.4737,8.4737,8.4737,8.4737,8.4737,8.4737,8.4737,8.4737,8.4737,8.4737,8.4737,8.4737,8.4737,8.4737,8.4737,8.4737,8.4737,8.4737,8.4737,8.4737,8.4737,8.4737,8.4737,8.4737,8.4737,8.4737,8.4737,8.4737,8.4737,8.4737,8.4737,8.4737,8.4737,8.4737,8.4737,8.4737,8.4737,8.4737,8.4737,8.4737,8.4737,8.4737,8.4737,8.4737,8.4737,8.4737,8.4737,8.4737,8.4737,8.4737,8.4737,8.4737,8.4737,8.4737,8.4737,8.4737,8.4737,8.4737,8.4737,8.4737,8.4737,8.4737,8.4737,8.4737,8.4737,8.4737,8.4737,8.4737,8.4737,8.4737,8.4737,8.4737,8.4737,8.4737,8.4737,8.4737,8.4737,8.4737,8.4737,8.4737,8.4737,8.4737,8.4737,8.4737,8.4737,8.4737,8.4737,8.4737,8.4737,8.4737,8.4737,8.4737,8.4737,8.4737,8.4737,8.4737,8.4737,8.4737,8.4737,8.4737,8.4737,8.4737,8.4737,8.4737,8.4737,8.4737,8.4737,8.4737,8.4737,8.4737,8.4737,8.4737,8.4737,8.4737,8.4737,8.4737,8.4737,8.4737,8.4737,8.4737,8.4737,8.4737,8.4737,8.4737,8.4737,8.4737,8.4737,8.4737,8.4737,8.4737,8.4737,8.4737,8.4737,8.4737,8.4737,8.4737,8.4737,8.4737,8.4737,8.4737,8.4737,8.4737,8.4737,8.4737,8.4737,8.4737,8.4737,8.4737,8.4737,8.4737,8.4737,8.4737,8.4737,8.4737,8.4737,8.4737,8.4737,8.4737,8.4737,8.4737,8.4737,8.4737,8.4737,8.4737,8.4737,8.4737,8.4737,8.4737,8.4737,8.4737,8.4737,8.4737,8.4737,8.4737,8.4737,8.4737,8.4737,8.4737,8.4737,8.4737,8.4737,8.4737,8.4737,8.4737,8.4737,8.4737,8.4737,8.4737,8.4737,8.4737,8.4737,8.4737,8.4737,8.4737,8.4737,8.4737,8.4737,8.4737,8.4737,8.4737,8.4737,8.4737,8.4737,8.4737,8.4737,8.4737,8.4737,8.4737,8.4737,8.4737,8.4737,8.4737,8.4737,8.4737,8.4737,8.4737,8.4737,8.4737,8.4737,8.4737,8.4737,8.4737,8.4737,8.4737,8.4737,8.4737,8.4737,8.4737,8.4737,8.4737,8.4737,8.4737,8.4737,8.4737,8.4737,8.4737,8.4737,8.4737,8.4737,8.4737,8.4737,8.4737,8.4737,8.4737,8.4737,8.4737,8.4737,8.4737,8.4737,8.4737,8.4737,8.4737,8.4737,8.4737,8.4737,8.4737,8.4737,8.4737,8.4737,8.4737,8.4737,8.4737,8.4737,8.4737,8.4737,8.4737,8.4737,8.4737,8.4737,8.4737,8.4737,8.4737,8.4737,8.4737,8.4737,8.4737,8.4737,8.4737,8.4737,8.4737,8.4737,8.4737,8.4737,8.4737,8.4737,8.4737,8.4737,8.4737,8.4737,8.4737,8.4737,8.4737,8.4737,8.4737,8.4737,8.4737,8.4737,8.4737,8.4737,8.4737,8.4737,8.4737,8.4737,8.4737,8.4737,8.4737,8.4737,8.4737,8.4737,8.4737,8.4737,8.4737,8.4737,8.4737,8.4737,8.4737,8.4737,8.4737,8.4737,8.4737,8.4737,8.4737,8.4737,8.4737,8.4737,8.4737,8.4737,8.4737,8.4737
8.4656,8.4656,8.4656,8.4656,8.4656,8.4656,8.4656,8.4656,8.4656,8.4656,8.4656,8.4656,8.4656,8.4656,8.4656,8.4656,8.4656,8.4656,8.4656,8.4656,8.4656,8.4656,8.4656,8.4656,8.4656,8.4656,8.4656,8.4656,8.4656,8.4656,8.4656,8.4656,8.4656,8.4656,8.4656,8.4656,8.4656,8.4656,8.4656,8.4656,8.4656,8.4656,8.4656,8.4656,8.4656,8.4656,8.4656,8.4656,8.4656,8.4656,8.4656,8.4656,8.4656,8.4656,8.4656,8.4656,8.4656,8.4656,8.4656,8.4656,8.4656,8.4656,8.4656,8.4656,8.4656,8.4656,8.4656,8.4656,8.4656,8.4656,8.4656,8.4656,8.4656,8.4656,8.4656,8.4656,8.4656,8.4656,8.4656,8.4656,8.4656,8.4656,8.4656,8.4656,8.4656,8.4656,8.4656,8.4656,8.4656,8.4656,8.4656,8.4656,8.4656,8.4656,8.4656,8.4656,8.4656,8.4656,8.4656,8.4656,8.4656,8.4656,8.4656,8.4656,8.4656,8.4656,8.4656,8.4656,8.4656,8.4656,8.4656,8.4656,8.4656,8.4656,8.4656,8.4656,8.4656,8.4656,8.4656,8.4656,8.4656,8.4656,8.4656,8.4656,8.4656,8.4656,8.4656,8.4656,8.4656,8.4656,8.4656,8.4656,8.4656,8.4656,8.4656,8.4656,8.4656,8.4656,8.4656,8.4656,8.4656,8.4656,8.4656,8.4656,8.4656,8.4656,8.4656,8.4656,8.4656,8.4656,8.4656,8.4656,8.4656,8.4656,8.4656,8.4656,8.4656,8.4656,8.4656,8.4656,8.4656,8.4656,8.4656,8.4656,8.4656,8.4656,8.4656,8.4656,8.4656,8.4656,8.4656,8.4656,8.4656,8.4656,8.4656,8.4656,8.4656,8.4656,8.4656,8.4656,8.4656,8.4656,8.4656,8.4656,8.4656,8.4656,8.4656,8.4656,8.4656,8.4656,8.4656,8.4656,8.4656,8.4656,8.4656,8.4656,8.4656,8.4656,8.4656,8.4656,8.4656,8.4656,8.4656,8.4656,8.4656,8.4656,8.4656,8.4656,8.4656,8.4656,8.4656,8.4656,8.4656,8.4656,8.4656,8.4656,8.4656,8.4656,8.4656,8.4656,8.4656,8.4656,8.4656,8.4656,8.4656,8.4656,8.4656,8.4656,8.4656,8.4656,8.4656,8.4656,8.4656,8.4656,8.4656,8.4656,8.4656,8.4656,8.4656,8.4656,8.4656,8.4656,8.4656,8.4656,8.4656,8.4656,8.4656,8.4656,8.4656,8.4656,8.4656,8.4656,8.4656,8.4656,8.4656,8.4656,8.4656,8.4656,8.4656,8.4656,8.4656,8.4656,8.4656,8.4656,8.4656,8.4656,8.4656,8.4656,8.4656,8.4656,8.4656,8.4656,8.4656,8.4656,8.4656,8.4656,8.4656,8.4656,8.4656,8.4656,8.4656,8.4656,8.4656,8.4656,8.4656,8.4656,8.4656,8.4656,8.4656,8.4656,8.4656,8.4656,8.4656,8.4656,8.4656,8.4656,8.4656,8.4656,8.4656,8.4656,8.4656,8.4656,8.4656,8.4656,8.4656,8.4656,8.4656,8.4656,8.4656,8.4656,8.4656,8.4656,8.4656,8.4656,8.4656,8.4656,8.4656,8.4656,8.4656,8.4656,8.4656,8.4656,8.4656,8.4656,8.4656,8.4656,8.4656,8.4656,8.4656,8.4656,8.4656,8.4656,8.4656,8.4656,8.4656,8.4656,8.4656,8.4656,8.4656,8.4656,8.4656,8.4656,8.4656,8.4656,8.4656,8.4656,8.4656,8.4656,8.4656,8.4656,8.4656,8.4656,8.4656,8.4656,8.4656,8.4656,8.4656,8.4656,8.4656,8.4656,8.4656,8.4656,8.4656,8.4656,8.4656,8.4656,8.4656,8.4656,8.4656,8.4656,8.4656,8.4656,8.4656,8.4656,8.4656,8.4656,8.4656,8.4656,8.4656,8.4656,8.4656,8.4656,8.4656,8.4656,8.4656,8.4656,8.4656,8.4656,8.4656,8.4656,8.4656,8.4656,8.4656,8.4656,8.4656,8.4656,8.4656,8.4656,8.4656,8.4656,8.4656,8.4656,8.4656,8.4656,8.4656,8.4656,8.4656,8.4656,8.4656,8.4656,8.4656,8.4656,8.4656,8.4656,8.4656,8.4656,8.4656,8.4656,8.4656,8.4656,8.4656,8.4656,8.4656,8.4656,8.4656,8.4656,8.4656,8.4656,8.4656,8.4656,8.4656,8.4656,8.4656,8.4656,8.4656,8.4656,8.4656,8.4656,8.4656,8.4656,8.4656,8.4656,8.4656,8.4656,8.4656,8.4656,8.4656,8.4656,8.4656,8.4656,8.4656,8.4656,8.4656,8.4656,8.4656,8.4656,8.4656,8.4656,8.4656,8.4656,8.4656,8.4656,8.4656,8.4656,8.4656,8.4656,8.4656,8.4656,8.4656,8.4656,8.4656,8.4656,8.4656,8.4656,8.4656,8.4656,8.4656,8.4656,8.4656,8.4656,8.4656,8.4656,8.4656,8.4656,8.4656,8.4656,8.4656,8.4656,8.4656,8.4656,8.4656,8.4656,8.4656,8.4656,8.4656,8.4656,8.4656,8.4656,8.4656,8.4656,8.4656,8.4656,8.4656,8.4656,8.4656,8.4656,8.4656,8.4656,8.4656,8.4656,8.4656,8.4656,8.4656,8.4656,8.4656,8.4656,8.4656,8.4656,8.4656,8.4656,8.4656,8.4656,8.4656,8.4656,8.4656,8.4656,8.4656,8.4656,8.4656,8.4656,8.4656,8.4656,8.4656,8.4656,8.4656,8.4656,8.4656,8.4656,8.4656,8.4656,8.4656,8.4656,8.4656,8.4656,8.4656,8.4656,8.4656,8.4656,8.4656,8.4656,8.4656,8.4656,8.4656,8.4656,8.4656,8.4656,8.4656,8.4656,8.4656,8.4656,8.4656,8.4656,8.4656,8.4656,8.4656,8.4656,8.4656,8.4656,8.4656,8.4656,8.4656,8.4656,8.4656,8.4656,8.4656,8.4656,8.4656,8.4656,8.4656,8.4656,8.4656,8.4656,8.4656,8.4656,8.4656,8.4656,8.4656,8.4656,8.4656,8.4656,8.4656,8.4656,8.4656,8.4656,8.4656,8.4656,8.4656,8.4656,8.4656,8.4656,8.4656,8.4656,8.4656,8.4656,8.4656,8.4656,8.4656,8.4656,8.4656,8.4656,8.4656,8.4656,8.4656,8.4656,8.4656,8.4656,8.4656,8.4656,8.4656,8.4656,8.4656,8.4656,8.4656,8.4656,8.4656,8.4656,8.4656,8.4656,8.4656,8.4656,8.4656,8.4656,8.4656,8.4656,8.4656,8.4656,8.4656,8.4656,8.4656,8.4656,8.4656,8.4656,8.4656,8.4656,8.4656,8.4656,8.4656,8.4656,8.4656,8.4656,8.4656,8.4656,8.4656,8.4656,8.4656,8.4656,8.4656,8.4656,8.4656,8.4656,8.4656,8.4656,8.4656,8.4656,8.4656,8.4656,8.4656,8.4656,8.4656,8.4656,8.4656,8.4656,8.4656,8.4656,8.4656,8.4656,8.4656,8.4656,8.4656,8.4656,8.4656,8.4656,8.4656,8.4656,8.4656,8.4656,8.4656,8.4656,8.4656,8.4656,8.4656,8.4656,8.4656,8.4656,8.4656,8.4656,8.4656,8.4656,8.4656,8.4656,8.4656,8.4656,8.4656,8.4656,8.4656,8.4656,8.4656,8.4656,8.4656,8.4656,8.4656,8.4656,8.4656,8.4656,8.4656,8.4656,8.4656,8.4656,8.4656,8.4656,8.4656,8.4656,8.4656,8.4656,8.4656,8.4656,8.4656,8.4656,8.4656,8.4656,8.4656,8.4656,8.4656,8.4656,8.4656,8.4656,8.4656,8.4656,8.4656,8.4656,8.4656,8.4656,8.4656,8.4656,8.4656,8.4656,8.4656,8.4656,8.4656,8.4656,8.4656,8.4656,8.4656,8.4656,8.4656,8.4656,8.4656,8.4656,8.4656,8.4656,8.4656,8.4656,8.4656,8.4656,8.4656,8.4656,8.4656,8.4656,8.4656,8.4656,8.4656,8.4656,8.4656,8.4656,8.4656,8.4656,8.4656,8.4656,8.4656,8.4656,8.4656,8.4656,8.4656,8.4656,8.4656,8.4656,8.4656,8.4656,8.4656,8.4656,8.4656,8.4656,8.4656,8.4656,8.4656,8.4656,8.4656,8.4656,8.4656,8.4656,8.4656,8.4656,8.4656,8.4656,8.4656,8.4656,8.4656,8.4656,8.4656,8.4656,8.4656,8.4656,8.4656,8.4656,8.4656,8.4656,8.4656,8.4656,8.4656,8.4656,8.4656,8.4656,8.4656,8.4656,8.4656,8.4656,8.4656,8.4656,8.4656,8.4656,8.4656,8.4656,8.4656,8.4656,8.4656,8.4656,8.4656,8.4656,8.4656,8.4656,8.4656,8.4656,8.4656,8.4656,8.4656,8.4656,8.4656,8.4656,8.4656,8.4656,8.4656,8.4656,8.4656,8.4656,8.4656,8.4656,8.4656,8.4656,8.4656,8.4656,8.4656,8.4656,8.4656,8.4656,8.4656,8.4656,8.4656,8.4656,8.4656,8.4656,8.4656,8.4656,8.4656,8.4656,8.4656,8.4656,8.4656,8.4656,8.4656,8.4656,8.4656,8.4656,8.4656,8.4656,8.4656,8.4656,8.4656,8.4656,8.4656,8.4656,8.4656,8.4656,8.4656,8.4656,8.4656,8.4656,8.4656,8.4656,8.4656,8.4656,8.4656,8.4656,8.4656,8.4656,8.4656,8.4656,8.4656,8.4656,8.4656,8.4656,8.4656,8.4656,8.4656,8.4656,8.4656,8.4656,8.4656,8.4656,8.4656,8.4656,8.4656,8.4656,8.4656,8.4656,8.4656,8.4656,8.4656,8.4656,8.4656,8.4656,8.4656,8.4656,8.4656,8.4656,8.4656,8.4656,8.4656,8.4656,8.4656,8.4656,8.4656,8.4656,8.4656,8.4656,8.4656,8.4656,8.4656,8.4656,8.4656,8.4656,8.4656,8.4656,8.4656,8.4656,8.4656,8.4656,8.4656,8.4656,8.4656,8.4656
8.4575,8.4575,8.4575,8.4575,8.4575,8.4575,8.4575,8.4575,8.4575,8.4575,8.4575,8.4575,8.4575,8.4575,8.4575,8.4575,8.4575,8.4575,8.4575,8.4575,8.4575,8.4575,8.4575,8.4575,8.4575,8.4575,8.4575,8.4575,8.4575,8.4575,8.4575,8.4575,8.4575,8.4575,8.4575,8.4575,8.4575,8.4575,8.4575,8.4575,8.4575,8.4575,8.4575,8.4575,8.4575,8.4575,8.4575,8.4575,8.4575,8.4575,8.4575,8.4575,8.4575,8.4575,8.4575,8.4575,8.4575,8.4575,8.4575,8.4575,8.4575,8.4575,8.4575,8.4575,8.4575,8.4575,8.4575,8.4575,8.4575,8.4575,8.4575,8.4575,8.4575,8.4575,8.4575,8.4575,8.4575,8.4575,8.4575,8.4575,8.4575,8.4575,8.4575,8.4575,8.4575,8.4575,8.4575,8.4575,8.4575,8.4575,8.4575,8.4575,8.4575,8.4575,8.4575,8.4575,8.4575,8.4575,8.4575,8.4575,8.4575,8.4575,8.4575,8.4575,8.4575,8.4575,8.4575,8.4575,8.4575,8.4575,8.4575,8.4575,8.4575,8.4575,8.4575,8.4575,8.4575,8.4575,8.4575,8.4575,8.4575,8.4575,8.4575,8.4575,8.4575,8.4575,8.4575,8.4575,8.4575,8.4575,8.4575,8.4575,8.4575,8.4575,8.4575,8.4575,8.4575,8.4575,8.4575,8.4575,8.4575,8.4575,8.4575,8.4575,8.4575,8.4575,8.4575,8.4575,8.4575,8.4575,8.4575,8.4575,8.4575,8.4575,8.4575,8.4575,8.4575,8.4575,8.4575,8.4575,8.4575,8.4575,8.4575,8.4575,8.4575,8.4575,8.4575,8.4575,8.4575,8.4575,8.4575,8.4575,8.4575,8.4575,8.4575,8.4575,8.4575,8.4575,8.4575,8.4575,8.4575,8.4575,8.4575,8.4575,8.4575,8.4575,8.4575,8.4575,8.4575,8.4575,8.4575,8.4575,8.4575,8.4575,8.4575,8.4575,8.4575,8.4575,8.4575,8.4575,8.4575,8.4575,8.4575,8.4575,8.4575,8.4575,8.4575,8.4575,8.4575,8.4575,8.4575,8.4575,8.4575,8.4575,8.4575,8.4575,8.4575,8.4575,8.4575,8.4575,8.4575,8.4575,8.4575,8.4575,8.4575,8.4575,8.4575,8.4575,8.4575,8.4575,8.4575,8.4575,8.4575,8.4575,8.4575,8.4575,8.4575,8.4575,8.4575,8.4575,8.4575,8.4575,8.4575,8.4575,8.4575,8.4575,8.4575,8.4575,8.4575,8.4575,8.4575,8.4575,8.4575,8.4575,8.4575,8.4575,8.4575,8.4575,8.4575,8.4575,8.4575,8.4575,8.4575,8.4575,8.4575,8.4575,8.4575,8.4575,8.4575,8.4575,8.4575,8.4575,8.4575,8.4575,8.4575,8.4575,8.4575,8.4575,8.4575,8.4575,8.4575,8.4575,8.4575,8.4575,8.4575,8.4575,8.4575,8.4575,8.4575,8.4575,8.4575,8.4575,8.4575,8.4575,8.4575,8.4575,8.4575,8.4575,8.4575,8.4575,8.4575,8.4575,8.4575,8.4575,8.4575,8.4575,8.4575,8.4575,8.4575,8.4575,8.4575,8.4575,8.4575,8.4575,8.4575,8.4575,8.4575,8.4575,8.4575,8.4575,8.4575,8.4575,8.4575,8.4575,8.4575,8.4575,8.4575,8.4575,8.4575,8.4575,8.4575,8.4575,8.4575,8.4575,8.4575,8.4575,8.4575,8.4575,8.4575,8.4575,8.4575,8.4575,8.4575,8.4575,8.4575,8.4575,8.4575,8.4575,8.4575,8.4575,8.4575,8.4575,8.4575,8.4575,8.4575,8.4575,8.4575,8.4575,8.4575,8.4575,8.4575,8.4575,8.4575,8.4575,8.4575,8.4575,8.4575,8.4575,8.4575,8.4575,8.4575,8.4575,8.4575,8.4575,8.4575,8.4575,8.4575,8.4575,8.4575,8.4575,8.4575,8.4575,8.4575,8.4575,8.4575,8.4575,8.4575,8.4575,8.4575,8.4575,8.4575,8.4575,8.4575,8.4575,8.4575,8.4575,8.4575,8.4575,8.4575,8.4575,8.4575,8.4575,8.4575,8.4575,8.4575,8.4575,8.4575,8.4575,8.4575,8.4575,8.4575,8.4575,8.4575,8.4575,8.4575,8.4575,8.4575,8.4575,8.4575,8.4575,8.4575,8.4575,8.4575,8.4575,8.4575,8.4575,8.4575,8.4575,8.4575,8.4575,8.4575,8.4575,8.4575,8.4575,8.4575,8.4575,8.4575,8.4575,8.4575,8.4575,8.4575,8.4575,8.4575,8.4575,8.4575,8.4575,8.4575,8.4575,8.4575,8.4575,8.4575,8.4575,8.4575,8.4575,8.4575,8.4575,8.4575,8.4575,8.4575,8.4575,8.4575,8.4575,8.4575,8.4575,8.4575,8.4575,8.4575,8.4575,8.4575,8.4575,8.4575,8.4575,8.4575,8.4575,8.4575,8.4575,8.4575,8.4575,8.4575,8.4575,8.4575,8.4575,8.4575,8.4575,8.4575,8.4575,8.4575,8.4575,8.4575,8.4575,8.4575,8.4575,8.4575,8.4575,8.4575,8.4575,8.4575,8.4575,8.4575,8.4575,8.4575,8.4575,8.4575,8.4575,8.4575,8.4575,8.4575,8.4575,8.4575,8.4575,8.4575,8.4575,8.4575,8.4575,8.4575,8.4575,8.4575,8.4575,8.4575,8.4575,8.4575,8.4575,8.4575,8.4575,8.4575,8.4575,8.4575,8.4575,8.4575,8.4575,8.4575,8.4575,8.4575,8.4575,8.4575,8.4575,8.4575,8.4575,8.4575,8.4575,8.4575,8.4575,8.4575,8.4575,8.4575,8.4575,8.4575,8.4575,8.4575,8.4575,8.4575,8.4575,8.4575,8.4575,8.4575,8.4575,8.4575,8.4575,8.4575,8.4575,8.4575,8.4575,8.4575,8.4575,8.4575,8.4575,8.4575,8.4575,8.4575,8.4575,8.4575,8.4575,8.4575,8.4575,8.4575,8.4575,8.4575,8.4575,8.4575,8.4575,8.4575,8.4575,8.4575,8.4575,8.4575,8.4575,8.4575,8.4575,8.4575,8.4575,8.4575,8.4575,8.4575,8.4575,8.4575,8.4575,8.4575,8.4575,8.4575,8.4575,8.4575,8.4575,8.4575,8.4575,8.4575,8.4575,8.4575,8.4575,8.4575,8.4575,8.4575,8.4575,8.4575,8.4575,8.4575,8.4575,8.4575,8.4575,8.4575,8.4575,8.4575,8.4575,8.4575,8.4575,8.4575,8.4575,8.4575,8.4575,8.4575,8.4575,8.4575,8.4575,8.4575,8.4575,8.4575,8.4575,8.4575,8.4575,8.4575,8.4575,8.4575,8.4575,8.4575,8.4575,8.4575,8.4575,8.4575,8.4575,8.4575,8.4575,8.4575,8.4575,8.4575,8.4575,8.4575,8.4575,8.4575,8.4575,8.4575,8.4575,8.4575,8.4575,8.4575,8.4575,8.4575,8.4575,8.4575,8.4575,8.4575,8.4575,8.4575,8.4575,8.4575,8.4575,8.4575,8.4575,8.4575,8.4575,8.4575,8.4575,8.4575,8.4575,8.4575,8.4575,8.4575,8.4575,8.4575,8.4575,8.4575,8.4575,8.4575,8.4575,8.4575,8.4575,8.4575,8.4575,8.4575,8.4575,8.4575,8.4575,8.4575,8.4575,8.4575,8.4575,8.4575,8.4575,8.4575,8.4575,8.4575,8.4575,8.4575,8.4575,8.4575,8.4575,8.4575,8.4575,8.4575,8.4575,8.4575,8.4575,8.4575,8.4575,8.4575,8.4575,8.4575,8.4575,8.4575,8.4575,8.4575,8.4575,8.4575,8.4575,8.4575,8.4575,8.4575,8.4575,8.4575,8.4575,8.4575,8.4575,8.4575,8.4575,8.4575,8.4575,8.4575,8.4575,8.4575,8.4575,8.4575,8.4575,8.4575,8.4575,8.4575,8.4575,8.4575,8.4575,8.4575,8.4575,8.4575,8.4575,8.4575,8.4575,8.4575,8.4575,8.4575,8.4575,8.4575,8.4575,8.4575,8.4575,8.4575,8.4575,8.4575,8.4575,8.4575,8.4575,8.4575,8.4575,8.4575,8.4575,8.4575,8.4575,8.4575,8.4575,8.4575,8.4575,8.4575,8.4575,8.4575,8.4575,8.4575,8.4575,8.4575,8.4575,8.4575,8.4575,8.4575,8.4575,8.4575,8.4575,8.4575,8.4575,8.4575,8.4575,8.4575,8.4575,8.4575,8.4575,8.4575,8.4575,8.4575,8.4575,8.4575,8.4575,8.4575,8.4575,8.4575,8.4575,8.4575,8.4575,8.4575,8.4575,8.4575,8.4575,8.4575,8.4575,8.4575,8.4575,8.4575,8.4575,8.4575,8.4575,8.4575,8.4575,8.4575,8.4575,8.4575,8.4575,8.4575,8.4575,8.4575,8.4575,8.4575,8.4575,8.4575,8.4575,8.4575,8.4575,8.4575,8.4575,8.4575,8.4575,8.4575,8.4575,8.4575,8.4575,8.4575,8.4575,8.4575,8.4575,8.4575,8.4575,8.4575,8.4575,8.4575,8.4575,8.4575,8.4575,8.4575,8.4575,8.4575,8.4575,8.4575,8.4575,8.4575,8.4575,8.4575,8.4575,8.4575,8.4575,8.4575,8.4575,8.4575,8.4575,8.4575,8.4575,8.4575,8.4575,8.4575,8.4575,8.4575,8.4575,8.4575,8.4575,8.4575,8.4575,8.4575,8.4575,8.4575,8.4575,8.4575,8.4575,8.4575,8.4575,8.4575,8.4575,8.4575,8.4575,8.4575,8.4575,8.4575,8.4575,8.4575,8.4575,8.4575,8.4575,8.4575,8.4575,8.4575,8.4575,8.4575,8.4575,8.4575,8.4575,8.4575,8.4575,8.4575,8.4575,8.4575,8.4575,8.4575,8.4575,8.4575,8.4575,8.4575,8.4575,8.4575,8.4575,8.4575,8.4575,8.4575,8.4575,8.4575,8.4575,8.4575,8.4575,8.4575,8.4575,8.4575,8.4575,8.4575,8.4575,8.4575,8.4575,8.4575,8.4575,8.4575,8.4575,8.4575,8.4575
8.4494,8.4494,8.4494,8.4494,8.4494,8.4494,8.4494,8.4494,8.4494,8.4494,8.4494,8.4494,8.4494,8.4494,8.4494,8.4494,8.4494,8.4494,8.4494,8.4494,8.4494,8.4494,8.4494,8.4494,8.4494,8.4494,8.4494,8.4494,8.4494,8.4494,8.4494,8.4494,8.4494,8.4494,8.4494,8.4494,8.4494,8.4494,8.4494,8.4494,8.4494,8.4494,8.4494,8.4494,8.4494,8.4494,8.4494,8.4494,8.4494,8.4494,8.4494,8.4494,8.4494,8.4494,8.4494,8.4494,8.4494,8.4494,8.4494,8.4494,8.4494,8.4494,8.4494,8.4494,8.4494,8.4494,8.4494,8.4494,8.4494,8.4494,8.4494,8.4494,8.4494,8.4494,8.4494,8.4494,8.4494,8.4494,8.4494,8.4494,8.4494,8.4494,8.4494,8.4494,8.4494,8.4494,8.4494,8.4494,8.4494,8.4494,8.4494,8.4494,8.4494,8.4494,8.4494,8.4494,8.4494,8.4494,8.4494,8.4494,8.4494,8.4494,8.4494,8.4494,8.4494,8.4494,8.4494,8.4494,8.4494,8.4494,8.4494,8.4494,8.4494,8.4494,8.4494,8.4494,8.4494,8.4494,8.4494,8.4494,8.4494,8.4494,8.4494,8.4494,8.4494,8.4494,8.4494,8.4494,8.4494,8.4494,8.4494,8.4494,8.4494,8.4494,8.4494,8.4494,8.4494,8.4494,8.4494,8.4494,8.4494,8.4494,8.4494,8.4494,8.4494,8.4494,8.4494,8.4494,8.4494,8.4494,8.4494,8.4494,8.4494,8.4494,8.4494,8.4494,8.4494,8.4494,8.4494,8.4494,8.4494,8.4494,8.4494,8.4494,8.4494,8.4494,8.4494,8.4494,8.4494,8.4494,8.4494,8.4494,8.4494,8.4494,8.4494,8.4494,8.4494,8.4494,8.4494,8.4494,8.4494,8.4494,8.4494,8.4494,8.4494,8.4494,8.4494,8.4494,8.4494,8.4494,8.4494,8.4494,8.4494,8.4494,8.4494,8.4494,8.4494,8.4494,8.4494,8.4494,8.4494,8.4494,8.4494,8.4494,8.4494,8.4494,8.4494,8.4494,8.4494,8.4494,8.4494,8.4494,8.4494,8.4494,8.4494,8.4494,8.4494,8.4494,8.4494,8.4494,8.4494,8.4494,8.4494,8.4494,8.4494,8.4494,8.4494,8.4494,8.4494,8.4494,8.4494,8.4494,8.4494,8.4494,8.4494,8.4494,8.4494,8.4494,8.4494,8.4494,8.4494,8.4494,8.4494,8.4494,8.4494,8.4494,8.4494,8.4494,8.4494,8.4494,8.4494,8.4494,8.4494,8.4494,8.4494,8.4494,8.4494,8.4494,8.4494,8.4494,8.4494,8.4494,8.4494,8.4494,8.4494,8.4494,8.4494,8.4494,8.4494,8.4494,8.4494,8.4494,8.4494,8.4494,8.4494,8.4494,8.4494,8.4494,8.4494,8.4494,8.4494,8.4494,8.4494,8.4494,8.4494,8.4494,8.4494,8.4494,8.4494,8.4494,8.4494,8.4494,8.4494,8.4494,8.4494,8.4494,8.4494,8.4494,8.4494,8.4494,8.4494,8.4494,8.4494,8.4494,8.4494,8.4494,8.4494,8.4494,8.4494,8.4494,8.4494,8.4494,8.4494,8.4494,8.4494,8.4494,8.4494,8.4494,8.4494,8.4494,8.4494,8.4494,8.4494,8.4494,8.4494,8.4494,8.4494,8.4494,8.4494,8.4494,8.4494,8.4494,8.4494,8.4494,8.4494,8.4494,8.4494,8.4494,8.4494,8.4494,8.4494,8.4494,8.4494,8.4494,8.4494,8.4494,8.4494,8.4494,8.4494,8.4494,8.4494,8.4494,8.4494,8.4494,8.4494,8.4494,8.4494,8.4494,8.4494,8.4494,8.4494,8.4494,8.4494,8.4494,8.4494,8.4494,8.4494,8.4494,8.4494,8.4494,8.4494,8.4494,8.4494,8.4494,8.4494,8.4494,8.4494,8.4494,8.4494,8.4494,8.4494,8.4494,8.4494,8.4494,8.4494,8.4494,8.4494,8.4494,8.4494,8.4494,8.4494,8.4494,8.4494,8.4494,8.4494,8.4494,8.4494,8.4494,8.4494,8.4494,8.4494,8.4494,8.4494,8.4494,8.4494,8.4494,8.4494,8.4494,8.4494,8.4494,8.4494,8.4494,8.4494,8.4494,8.4494,8.4494,8.4494,8.4494,8.4494,8.4494,8.4494,8.4494,8.4494,8.4494,8.4494,8.4494,8.4494,8.4494,8.4494,8.4494,8.4494,8.4494,8.4494,8.4494,8.4494,8.4494,8.4494,8.4494,8.4494,8.4494,8.4494,8.4494,8.4494,8.4494,8.4494,8.4494,8.4494,8.4494,8.4494,8.4494,8.4494,8.4494,8.4494,8.4494,8.4494,8.4494,8.4494,8.4494,8.4494,8.4494,8.4494,8.4494,8.4494,8.4494,8.4494,8.4494,8.4494,8.4494,8.4494,8.4494,8.4494,8.4494,8.4494,8.4494,8.4494,8.4494,8.4494,8.4494,8.4494,8.4494,8.4494,8.4494,8.4494,8.4494,8.4494,8.4494,8.4494,8.4494,8.4494,8.4494,8.4494,8.4494,8.4494,8.4494,8.4494,8.4494,8.4494,8.4494,8.4494,8.4494,8.4494,8.4494,8.4494,8.4494,8.4494,8.4494,8.4494,8.4494,8.4494,8.4494,8.4494,8.4494,8.4494,8.4494,8.4494,8.4494,8.4494,8.4494,8.4494,8.4494,8.4494,8.4494,8.4494,8.4494,8.4494,8.4494,8.4494,8.4494,8.4494,8.4494,8.4494,8.4494,8.4494,8.4494,8.4494,8.4494,8.4494,8.4494,8.4494,8.4494,8.4494,8.4494,8.4494,8.4494,8.4494,8.4494,8.4494,8.4494,8.4494,8.4494,8.4494,8.4494,8.4494,8.4494,8.4494,8.4494,8.4494,8.4494,8.4494,8.4494,8.4494,8.4494,8.4494,8.4494,8.4494,8.4494,8.4494,8.4494,8.4494,8.4494,8.4494,8.4494,8.4494,8.4494,8.4494,8.4494,8.4494,8.4494,8.4494,8.4494,8.4494,8.4494,8.4494,8.4494,8.4494,8.4494,8.4494,8.4494,8.4494,8.4494,8.4494,8.4494,8.4494,8.4494,8.4494,8.4494,8.4494,8.4494,8.4494,8.4494,8.4494,8.4494,8.4494,8.4494,8.4494,8.4494,8.4494,8.4494,8.4494,8.4494,8.4494,8.4494,8.4494,8.4494,8.4494,8.4494,8.4494,8.4494,8.4494,8.4494,8.4494,8.4494,8.4494,8.4494,8.4494,8.4494,8.4494,8.4494,8.4494,8.4494,8.4494,8.4494,8.4494,8.4494,8.4494,8.4494,8.4494,8.4494,8.4494,8.4494,8.4494,8.4494,8.4494,8.4494,8.4494,8.4494,8.4494,8.4494,8.4494,8.4494,8.4494,8.4494,8.4494,8.4494,8.4494,8.4494,8.4494,8.4494,8.4494,8.4494,8.4494,8.4494,8.4494,8.4494,8.4494,8.4494,8.4494,8.4494,8.4494,8.4494,8.4494,8.4494,8.4494,8.4494,8.4494,8.4494,8.4494,8.4494,8.4494,8.4494,8.4494,8.4494,8.4494,8.4494,8.4494,8.4494,8.4494,8.4494,8.4494,8.4494,8.4494,8.4494,8.4494,8.4494,8.4494,8.4494,8.4494,8.4494,8.4494,8.4494,8.4494,8.4494,8.4494,8.4494,8.4494,8.4494,8.4494,8.4494,8.4494,8.4494,8.4494,8.4494,8.4494,8.4494,8.4494,8.4494,8.4494,8.4494,8.4494,8.4494,8.4494,8.4494,8.4494,8.4494,8.4494,8.4494,8.4494,8.4494,8.4494,8.4494,8.4494,8.4494,8.4494,8.4494,8.4494,8.4494,8.4494,8.4494,8.4494,8.4494,8.4494,8.4494,8.4494,8.4494,8.4494,8.4494,8.4494,8.4494,8.4494,8.4494,8.4494,8.4494,8.4494,8.4494,8.4494,8.4494,8.4494,8.4494,8.4494,8.4494,8.4494,8.4494,8.4494,8.4494,8.4494,8.4494,8.4494,8.4494,8.4494,8.4494,8.4494,8.4494,8.4494,8.4494,8.4494,8.4494,8.4494,8.4494,8.4494,8.4494,8.4494,8.4494,8.4494,8.4494,8.4494,8.4494,8.4494,8.4494,8.4494,8.4494,8.4494,8.4494,8.4494,8.4494,8.4494,8.4494,8.4494,8.4494,8.4494,8.4494,8.4494,8.4494,8.4494,8.4494,8.4494,8.4494,8.4494,8.4494,8.4494,8.4494,8.4494,8.4494,8.4494,8.4494,8.4494,8.4494,8.4494,8.4494,8.4494,8.4494,8.4494,8.4494,8.4494,8.4494,8.4494,8.4494,8.4494,8.4494,8.4494,8.4494,8.4494,8.4494,8.4494,8.4494,8.4494,8.4494,8.4494,8.4494,8.4494,8.4494,8.4494,8.4494,8.4494,8.4494,8.4494,8.4494,8.4494,8.4494,8.4494,8.4494,8.4494,8.4494,8.4494,8.4494,8.4494,8.4494,8.4494,8.4494,8.4494,8.4494,8.4494,8.4494,8.4494,8.4494,8.4494,8.4494,8.4494,8.4494,8.4494,8.4494,8.4494,8.4494,8.4494,8.4494,8.4494,8.4494,8.4494,8.4494,8.4494,8.4494,8.4494,8.4494,8.4494,8.4494,8.4494,8.4494,8.4494,8.4494,8.4494,8.4494,8.4494,8.4494,8.4494,8.4494,8.4494,8.4494,8.4494,8.4494,8.4494,8.4494,8.4494,8.4494,8.4494,8.4494,8.4494,8.4494,8.4494,8.4494,8.4494,8.4494,8.4494,8.4494,8.4494,8.4494,8.4494,8.4494,8.4494,8.4494,8.4494,8.4494,8.4494,8.4494,8.4494,8.4494,8.4494,8.4494,8.4494,8.4494,8.4494,8.4494,8.4494,8.4494,8.4494,8.4494,8.4494,8.4494,8.4494,8.4494,8.4494,8.4494,8.4494,8.4494,8.4494,8.4494,8.4494,8.4494,8.4494,8.4494,8.4494,8.4494,8.4494,8.4494,8.4494,8.4494,8.4494,8.4494,8.4494,8.4494,8.4494,8.4494
8.4417,8.4417,8.4417,8.4417,8.4417,8.4417,8.4417,8.4417,8.4417,8.4417,8.4417,8.4417,8.4417,8.4417,8.4417,8.4417,8.4417,8.4417,8.4417,8.4417,8.4417,8.4417,8.4417,8.4417,8.4417,8.4417,8.4417,8.4417,8.4417,8.4417,8.4417,8.4417,8.4417,8.4417,8.4417,8.4417,8.4417,8.4417,8.4417,8.4417,8.4417,8.4417,8.4417,8.4417,8.4417,8.4417,8.4417,8.4417,8.4417,8.4417,8.4417,8.4417,8.4417,8.4417,8.4417,8.4417,8.4417,8.4417,8.4417,8.4417,8.4417,8.4417,8.4417,8.4417,8.4417,8.4417,8.4417,8.4417,8.4417,8.4417,8.4417,8.4417,8.4417,8.4417,8.4417,8.4417,8.4417,8.4417,8.4417,8.4417,8.4417,8.4417,8.4417,8.4417,8.4417,8.4417,8.4417,8.4417,8.4417,8.4417,8.4417,8.4417,8.4417,8.4417,8.4417,8.4417,8.4417,8.4417,8.4417,8.4417,8.4417,8.4417,8.4417,8.4417,8.4417,8.4417,8.4417,8.4417,8.4417,8.4417,8.4417,8.4417,8.4417,8.4417,8.4417,8.4417,8.4417,8.4417,8.4417,8.4417,8.4417,8.4417,8.4417,8.4417,8.4417,8.4417,8.4417,8.4417,8.4417,8.4417,8.4417,8.4417,8.4417,8.4417,8.4417,8.4417,8.4417,8.4417,8.4417,8.4417,8.4417,8.4417,8.4417,8.4417,8.4417,8.4417,8.4417,8.4417,8.4417,8.4417,8.4417,8.4417,8.4417,8.4417,8.4417,8.4417,8.4417,8.4417,8.4417,8.4417,8.4417,8.4417,8.4417,8.4417,8.4417,8.4417,8.4417,8.4417,8.4417,8.4417,8.4417,8.4417,8.4417,8.4417,8.4417,8.4417,8.4417,8.4417,8.4417,8.4417,8.4417,8.4417,8.4417,8.4417,8.4417,8.4417,8.4417,8.4417,8.4417,8.4417,8.4417,8.4417,8.4417,8.4417,8.4417,8.4417,8.4417,8.4417,8.4417,8.4417,8.4417,8.4417,8.4417,8.4417,8.4417,8.4417,8.4417,8.4417,8.4417,8.4417,8.4417,8.4417,8.4417,8.4417,8.4417,8.4417,8.4417,8.4417,8.4417,8.4417,8.4417,8.4417,8.4417,8.4417,8.4417,8.4417,8.4417,8.4417,8.4417,8.4417,8.4417,8.4417,8.4417,8.4417,8.4417,8.4417,8.4417,8.4417,8.4417,8.4417,8.4417,8.4417,8.4417,8.4417,8.4417,8.4417,8.4417,8.4417,8.4417,8.4417,8.4417,8.4417,8.4417,8.4417,8.4417,8.4417,8.4417,8.4417,8.4417,8.4417,8.4417,8.4417,8.4417,8.4417,8.4417,8.4417,8.4417,8.4417,8.4417,8.4417,8.4417,8.4417,8.4417,8.4417,8.4417,8.4417,8.4417,8.4417,8.4417,8.4417,8.4417,8.4417,8.4417,8.4417,8.4417,8.4417,8.4417,8.4417,8.4417,8.4417,8.4417,8.4417,8.4417,8.4417,8.4417,8.4417,8.4417,8.4417,8.4417,8.4417,8.4417,8.4417,8.4417,8.4417,8.4417,8.4417,8.4417,8.4417,8.4417,8.4417,8.4417,8.4417,8.4417,8.4417,8.4417,8.4417,8.4417,8.4417,8.4417,8.4417,8.4417,8.4417,8.4417,8.4417,8.4417,8.4417,8.4417,8.4417,8.4417,8.4417,8.4417,8.4417,8.4417,8.4417,8.4417,8.4417,8.4417,8.4417,8.4417,8.4417,8.4417,8.4417,8.4417,8.4417,8.4417,8.4417,8.4417,8.4417,8.4417,8.4417,8.4417,8.4417,8.4417,8.4417,8.4417,8.4417,8.4417,8.4417,8.4417,8.4417,8.4417,8.4417,8.4417,8.4417,8.4417,8.4417,8.4417,8.4417,8.4417,8.4417,8.4417,8.4417,8.4417,8.4417,8.4417,8.4417,8.4417,8.4417,8.4417,8.4417,8.4417,8.4417,8.4417,8.4417,8.4417,8.4417,8.4417,8.4417,8.4417,8.4417,8.4417,8.4417,8.4417,8.4417,8.4417,8.4417,8.4417,8.4417,8.4417,8.4417,8.4417,8.4417,8.4417,8.4417,8.4417,8.4417,8.4417,8.4417,8.4417,8.4417,8.4417,8.4417,8.4417,8.4417,8.4417,8.4417,8.4417,8.4417,8.4417,8.4417,8.4417,8.4417,8.4417,8.4417,8.4417,8.4417,8.4417,8.4417,8.4417,8.4417,8.4417,8.4417,8.4417,8.4417,8.4417,8.4417,8.4417,8.4417,8.4417,8.4417,8.4417,8.4417,8.4417,8.4417,8.4417,8.4417,8.4417,8.4417,8.4417,8.4417,8.4417,8.4417,8.4417,8.4417,8.4417,8.4417,8.4417,8.4417,8.4417,8.4417,8.4417,8.4417,8.4417,8.4417,8.4417,8.4417,8.4417,8.4417,8.4417,8.4417,8.4417,8.4417,8.4417,8.4417,8.4417,8.4417,8.4417,8.4417,8.4417,8.4417,8.4417,8.4417,8.4417,8.4417,8.4417,8.4417,8.4417,8.4417,8.4417,8.4417,8.4417,8.4417,8.4417,8.4417,8.4417,8.4417,8.4417,8.4417,8.4417,8.4417,8.4417,8.4417,8.4417,8.4417,8.4417,8.4417,8.4417,8.4417,8.4417,8.4417,8.4417,8.4417,8.4417,8.4417,8.4417,8.4417,8.4417,8.4417,8.4417,8.4417,8.4417,8.4417,8.4417,8.4417,8.4417,8.4417,8.4417,8.4417,8.4417,8.4417,8.4417,8.4417,8.4417,8.4417,8.4417,8.4417,8.4417,8.4417,8.4417,8.4417,8.4417,8.4417,8.4417,8.4417,8.4417,8.4417,8.4417,8.4417,8.4417,8.4417,8.4417,8.4417,8.4417,8.4417,8.4417,8.4417,8.4417,8.4417,8.4417,8.4417,8.4417,8.4417,8.4417,8.4417,8.4417,8.4417,8.4417,8.4417,8.4417,8.4417,8.4417,8.4417,8.4417,8.4417,8.4417,8.4417,8.4417,8.4417,8.4417,8.4417,8.4417,8.4417,8.4417,8.4417,8.4417,8.4417,8.4417,8.4417,8.4417,8.4417,8.4417,8.4417,8.4417,8.4417,8.4417,8.4417,8.4417,8.4417,8.4417,8.4417,8.4417,8.4417,8.4417,8.4417,8.4417,8.4417,8.4417,8.4417,8.4417,8.4417,8.4417,8.4417,8.4417,8.4417,8.4417,8.4417,8.4417,8.4417,8.4417,8.4417,8.4417,8.4417,8.4417,8.4417,8.4417,8.4417,8.4417,8.4417,8.4417,8.4417,8.4417,8.4417,8.4417,8.4417,8.4417,8.4417,8.4417,8.4417,8.4417,8.4417,8.4417,8.4417,8.4417,8.4417,8.4417,8.4417,8.4417,8.4417,8.4417,8.4417,8.4417,8.4417,8.4417,8.4417,8.4417,8.4417,8.4417,8.4417,8.4417,8.4417,8.4417,8.4417,8.4417,8.4417,8.4417,8.4417,8.4417,8.4417,8.4417,8.4417,8.4417,8.4417,8.4417,8.4417,8.4417,8.4417,8.4417,8.4417,8.4417,8.4417,8.4417,8.4417,8.4417,8.4417,8.4417,8.4417,8.4417,8.4417,8.4417,8.4417,8.4417,8.4417,8.4417,8.4417,8.4417,8.4417,8.4417,8.4417,8.4417,8.4417,8.4417,8.4417,8.4417,8.4417,8.4417,8.4417,8.4417,8.4417,8.4417,8.4417,8.4417,8.4417,8.4417,8.4417,8.4417,8.4417,8.4417,8.4417,8.4417,8.4417,8.4417,8.4417,8.4417,8.4417,8.4417,8.4417,8.4417,8.4417,8.4417,8.4417,8.4417,8.4417,8.4417,8.4417,8.4417,8.4417,8.4417,8.4417,8.4417,8.4417,8.4417,8.4417,8.4417,8.4417,8.4417,8.4417,8.4417,8.4417,8.4417,8.4417,8.4417,8.4417,8.4417,8.4417,8.4417,8.4417,8.4417,8.4417,8.4417,8.4417,8.4417,8.4417,8.4417,8.4417,8.4417,8.4417,8.4417,8.4417,8.4417,8.4417,8.4417,8.4417,8.4417,8.4417,8.4417,8.4417,8.4417,8.4417,8.4417,8.4417,8.4417,8.4417,8.4417,8.4417,8.4417,8.4417,8.4417,8.4417,8.4417,8.4417,8.4417,8.4417,8.4417,8.4417,8.4417,8.4417,8.4417,8.4417,8.4417,8.4417,8.4417,8.4417,8.4417,8.4417,8.4417,8.4417,8.4417,8.4417,8.4417,8.4417,8.4417,8.4417,8.4417,8.4417,8.4417,8.4417,8.4417,8.4417,8.4417,8.4417,8.4417,8.4417,8.4417,8.4417,8.4417,8.4417,8.4417,8.4417,8.4417,8.4417,8.4417,8.4417,8.4417,8.4417,8.4417,8.4417,8.4417,8.4417,8.4417,8.4417,8.4417,8.4417,8.4417,8.4417,8.4417,8.4417,8.4417,8.4417,8.4417,8.4417,8.4417,8.4417,8.4417,8.4417,8.4417,8.4417,8.4417,8.4417,8.4417,8.4417,8.4417,8.4417,8.4417,8.4417,8.4417,8.4417,8.4417,8.4417,8.4417,8.4417,8.4417,8.4417,8.4417,8.4417,8.4417,8.4417,8.4417,8.4417,8.4417,8.4417,8.4417,8.4417,8.4417,8.4417,8.4417,8.4417,8.4417,8.4417,8.4417,8.4417,8.4417,8.4417,8.4417,8.4417,8.4417,8.4417,8.4417,8.4417,8.4417,8.4417,8.4417,8.4417,8.4417,8.4417,8.4417,8.4417,8.4417,8.4417,8.4417,8.4417,8.4417,8.4417,8.4417,8.4417,8.4417,8.4417,8.4417,8.4417,8.4417,8.4417,8.4417,8.4417,8.4417,8.4417,8.4417,8.4417,8.4417,8.4417,8.4417,8.4417,8.4417,8.4417,8.4417,8.4417,8.4417,8.4417,8.4417,8.4417,8.4417,8.4417,8.4417,8.4417,8.4417,8.4417,8.4417,8.4417,8.4417,8.4417,8.4417,8.4417,8.4417,8.4417,8.4417,8.4417,8.4417,8.4417,8.4417,8.4417,8.4417,8.4417
8.4337,8.4337,8.4337,8.4337,8.4337,8.4337,8.4337,8.4337,8.4337,8.4337,8.4337,8.4337,8.4337,8.4337,8.4337,8.4337,8.4337,8.4337,8.4337,8.4337,8.4337,8.4337,8.4337,8.4337,8.4337,8.4337,8.4337,8.4337,8.4337,8.4337,8.4337,8.4337,8.4337,8.4337,8.4337,8.4337,8.4337,8.4337,8.4337,8.4337,8.4337,8.4337,8.4337,8.4337,8.4337,8.4337,8.4337,8.4337,8.4337,8.4337,8.4337,8.4337,8.4337,8.4337,8.4337,8.4337,8.4337,8.4337,8.4337,8.4337,8.4337,8.4337,8.4337,8.4337,8.4337,8.4337,8.4337,8.4337,8.4337,8.4337,8.4337,8.4337,8.4337,8.4337,8.4337,8.4337,8.4337,8.4337,8.4337,8.4337,8.4337,8.4337,8.4337,8.4337,8.4337,8.4337,8.4337,8.4337,8.4337,8.4337,8.4337,8.4337,8.4337,8.4337,8.4337,8.4337,8.4337,8.4337,8.4337,8.4337,8.4337,8.4337,8.4337,8.4337,8.4337,8.4337,8.4337,8.4337,8.4337,8.4337,8.4337,8.4337,8.4337,8.4337,8.4337,8.4337,8.4337,8.4337,8.4337,8.4337,8.4337,8.4337,8.4337,8.4337,8.4337,8.4337,8.4337,8.4337,8.4337,8.4337,8.4337,8.4337,8.4337,8.4337,8.4337,8.4337,8.4337,8.4337,8.4337,8.4337,8.4337,8.4337,8.4337,8.4337,8.4337,8.4337,8.4337,8.4337,8.4337,8.4337,8.4337,8.4337,8.4337,8.4337,8.4337,8.4337,8.4337,8.4337,8.4337,8.4337,8.4337,8.4337,8.4337,8.4337,8.4337,8.4337,8.4337,8.4337,8.4337,8.4337,8.4337,8.4337,8.4337,8.4337,8.4337,8.4337,8.4337,8.4337,8.4337,8.4337,8.4337,8.4337,8.4337,8.4337,8.4337,8.4337,8.4337,8.4337,8.4337,8.4337,8.4337,8.4337,8.4337,8.4337,8.4337,8.4337,8.4337,8.4337,8.4337,8.4337,8.4337,8.4337,8.4337,8.4337,8.4337,8.4337,8.4337,8.4337,8.4337,8.4337,8.4337,8.4337,8.4337,8.4337,8.4337,8.4337,8.4337,8.4337,8.4337,8.4337,8.4337,8.4337,8.4337,8.4337,8.4337,8.4337,8.4337,8.4337,8.4337,8.4337,8.4337,8.4337,8.4337,8.4337,8.4337,8.4337,8.4337,8.4337,8.4337,8.4337,8.4337,8.4337,8.4337,8.4337,8.4337,8.4337,8.4337,8.4337,8.4337,8.4337,8.4337,8.4337,8.4337,8.4337,8.4337,8.4337,8.4337,8.4337,8.4337,8.4337,8.4337,8.4337,8.4337,8.4337,8.4337,8.4337,8.4337,8.4337,8.4337,8.4337,8.4337,8.4337,8.4337,8.4337,8.4337,8.4337,8.4337,8.4337,8.4337,8.4337,8.4337,8.4337,8.4337,8.4337,8.4337,8.4337,8.4337,8.4337,8.4337,8.4337,8.4337,8.4337,8.4337,8.4337,8.4337,8.4337,8.4337,8.4337,8.4337,8.4337,8.4337,8.4337,8.4337,8.4337,8.4337,8.4337,8.4337,8.4337,8.4337,8.4337,8.4337,8.4337,8.4337,8.4337,8.4337,8.4337,8.4337,8.4337,8.4337,8.4337,8.4337,8.4337,8.4337,8.4337,8.4337,8.4337,8.4337,8.4337,8.4337,8.4337,8.4337,8.4337,8.4337,8.4337,8.4337,8.4337,8.4337,8.4337,8.4337,8.4337,8.4337,8.4337,8.4337,8.4337,8.4337,8.4337,8.4337,8.4337,8.4337,8.4337,8.4337,8.4337,8.4337,8.4337,8.4337,8.4337,8.4337,8.4337,8.4337,8.4337,8.4337,8.4337,8.4337,8.4337,8.4337,8.4337,8.4337,8.4337,8.4337,8.4337,8.4337,8.4337,8.4337,8.4337,8.4337,8.4337,8.4337,8.4337,8.4337,8.4337,8.4337,8.4337,8.4337,8.4337,8.4337,8.4337,8.4337,8.4337,8.4337,8.4337,8.4337,8.4337,8.4337,8.4337,8.4337,8.4337,8.4337,8.4337,8.4337,8.4337,8.4337,8.4337,8.4337,8.4337,8.4337,8.4337,8.4337,8.4337,8.4337,8.4337,8.4337,8.4337,8.4337,8.4337,8.4337,8.4337,8.4337,8.4337,8.4337,8.4337,8.4337,8.4337,8.4337,8.4337,8.4337,8.4337,8.4337,8.4337,8.4337,8.4337,8.4337,8.4337,8.4337,8.4337,8.4337,8.4337,8.4337,8.4337,8.4337,8.4337,8.4337,8.4337,8.4337,8.4337,8.4337,8.4337,8.4337,8.4337,8.4337,8.4337,8.4337,8.4337,8.4337,8.4337,8.4337,8.4337,8.4337,8.4337,8.4337,8.4337,8.4337,8.4337,8.4337,8.4337,8.4337,8.4337,8.4337,8.4337,8.4337,8.4337,8.4337,8.4337,8.4337,8.4337,8.4337,8.4337,8.4337,8.4337,8.4337,8.4337,8.4337,8.4337,8.4337,8.4337,8.4337,8.4337,8.4337,8.4337,8.4337,8.4337,8.4337,8.4337,8.4337,8.4337,8.4337,8.4337,8.4337,8.4337,8.4337,8.4337,8.4337,8.4337,8.4337,8.4337,8.4337,8.4337,8.4337,8.4337,8.4337,8.4337,8.4337,8.4337,8.4337,8.4337,8.4337,8.4337,8.4337,8.4337,8.4337,8.4337,8.4337,8.4337,8.4337,8.4337,8.4337,8.4337,8.4337,8.4337,8.4337,8.4337,8.4337,8.4337,8.4337,8.4337,8.4337,8.4337,8.4337,8.4337,8.4337,8.4337,8.4337,8.4337,8.4337,8.4337,8.4337,8.4337,8.4337,8.4337,8.4337,8.4337,8.4337,8.4337,8.4337,8.4337,8.4337,8.4337,8.4337,8.4337,8.4337,8.4337,8.4337,8.4337,8.4337,8.4337,8.4337,8.4337,8.4337,8.4337,8.4337,8.4337,8.4337,8.4337,8.4337,8.4337,8.4337,8.4337,8.4337,8.4337,8.4337,8.4337,8.4337,8.4337,8.4337,8.4337,8.4337,8.4337,8.4337,8.4337,8.4337,8.4337,8.4337,8.4337,8.4337,8.4337,8.4337,8.4337,8.4337,8.4337,8.4337,8.4337,8.4337,8.4337,8.4337,8.4337,8.4337,8.4337,8.4337,8.4337,8.4337,8.4337,8.4337,8.4337,8.4337,8.4337,8.4337,8.4337,8.4337,8.4337,8.4337,8.4337,8.4337,8.4337,8.4337,8.4337,8.4337,8.4337,8.4337,8.4337,8.4337,8.4337,8.4337,8.4337,8.4337,8.4337,8.4337,8.4337,8.4337,8.4337,8.4337,8.4337,8.4337,8.4337,8.4337,8.4337,8.4337,8.4337,8.4337,8.4337,8.4337,8.4337,8.4337,8.4337,8.4337,8.4337,8.4337,8.4337,8.4337,8.4337,8.4337,8.4337,8.4337,8.4337,8.4337,8.4337,8.4337,8.4337,8.4337,8.4337,8.4337,8.4337,8.4337,8.4337,8.4337,8.4337,8.4337,8.4337,8.4337,8.4337,8.4337,8.4337,8.4337,8.4337,8.4337,8.4337,8.4337,8.4337,8.4337,8.4337,8.4337,8.4337,8.4337,8.4337,8.4337,8.4337,8.4337,8.4337,8.4337,8.4337,8.4337,8.4337,8.4337,8.4337,8.4337,8.4337,8.4337,8.4337,8.4337,8.4337,8.4337,8.4337,8.4337,8.4337,8.4337,8.4337,8.4337,8.4337,8.4337,8.4337,8.4337,8.4337,8.4337,8.4337,8.4337,8.4337,8.4337,8.4337,8.4337,8.4337,8.4337,8.4337,8.4337,8.4337,8.4337,8.4337,8.4337,8.4337,8.4337,8.4337,8.4337,8.4337,8.4337,8.4337,8.4337,8.4337,8.4337,8.4337,8.4337,8.4337,8.4337,8.4337,8.4337,8.4337,8.4337,8.4337,8.4337,8.4337,8.4337,8.4337,8.4337,8.4337,8.4337,8.4337,8.4337,8.4337,8.4337,8.4337,8.4337,8.4337,8.4337,8.4337,8.4337,8.4337,8.4337,8.4337,8.4337,8.4337,8.4337,8.4337,8.4337,8.4337,8.4337,8.4337,8.4337,8.4337,8.4337,8.4337,8.4337,8.4337,8.4337,8.4337,8.4337,8.4337,8.4337,8.4337,8.4337,8.4337,8.4337,8.4337,8.4337,8.4337,8.4337,8.4337,8.4337,8.4337,8.4337,8.4337,8.4337,8.4337,8.4337,8.4337,8.4337,8.4337,8.4337,8.4337,8.4337,8.4337,8.4337,8.4337,8.4337,8.4337,8.4337,8.4337,8.4337,8.4337,8.4337,8.4337,8.4337,8.4337,8.4337,8.4337,8.4337,8.4337,8.4337,8.4337,8.4337,8.4337,8.4337,8.4337,8.4337,8.4337,8.4337,8.4337,8.4337,8.4337,8.4337,8.4337,8.4337,8.4337,8.4337,8.4337,8.4337,8.4337,8.4337,8.4337,8.4337,8.4337,8.4337,8.4337,8.4337,8.4337,8.4337,8.4337,8.4337,8.4337,8.4337,8.4337,8.4337,8.4337,8.4337,8.4337,8.4337,8.4337,8.4337,8.4337,8.4337,8.4337,8.4337,8.4337,8.4337,8.4337,8.4337,8.4337,8.4337,8.4337,8.4337,8.4337,8.4337,8.4337,8.4337,8.4337,8.4337,8.4337,8.4337,8.4337,8.4337,8.4337,8.4337,8.4337,8.4337,8.4337,8.4337,8.4337,8.4337,8.4337,8.4337,8.4337,8.4337,8.4337,8.4337,8.4337,8.4337,8.4337,8.4337,8.4337,8.4337,8.4337,8.4337,8.4337,8.4337,8.4337,8.4337,8.4337,8.4337,8.4337,8.4337,8.4337,8.4337,8.4337,8.4337,8.4337,8.4337,8.4337,8.4337,8.4337,8.4337,8.4337,8.4337,8.4337,8.4337,8.4337,8.4337,8.4337,8.4337,8.4337,8.4337,8.4337,8.4337,8.4337,8.4337,8.4337,8.4337,8.4337,8.4337,8.4337,8.4337,8.4337,8.4337,8.4337,8.4337,8.4337
8.4256,8.4256,8.4256,8.4256,8.4256,8.4256,8.4256,8.4256,8.4256,8.4256,8.4256,8.4256,8.4256,8.4256,8.4256,8.4256,8.4256,8.4256,8.4256,8.4256,8.4256,8.4256,8.4256,8.4256,8.4256,8.4256,8.4256,8.4256,8.4256,8.4256,8.4256,8.4256,8.4256,8.4256,8.4256,8.4256,8.4256,8.4256,8.4256,8.4256,8.4256,8.4256,8.4256,8.4256,8.4256,8.4256,8.4256,8.4256,8.4256,8.4256,8.4256,8.4256,8.4256,8.4256,8.4256,8.4256,8.4256,8.4256,8.4256,8.4256,8.4256,8.4256,8.4256,8.4256,8.4256,8.4256,8.4256,8.4256,8.4256,8.4256,8.4256,8.4256,8.4256,8.4256,8.4256,8.4256,8.4256,8.4256,8.4256,8.4256,8.4256,8.4256,8.4256,8.4256,8.4256,8.4256,8.4256,8.4256,8.4256,8.4256,8.4256,8.4256,8.4256,8.4256,8.4256,8.4256,8.4256,8.4256,8.4256,8.4256,8.4256,8.4256,8.4256,8.4256,8.4256,8.4256,8.4256,8.4256,8.4256,8.4256,8.4256,8.4256,8.4256,8.4256,8.4256,8.4256,8.4256,8.4256,8.4256,8.4256,8.4256,8.4256,8.4256,8.4256,8.4256,8.4256,8.4256,8.4256,8.4256,8.4256,8.4256,8.4256,8.4256,8.4256,8.4256,8.4256,8.4256,8.4256,8.4256,8.4256,8.4256,8.4256,8.4256,8.4256,8.4256,8.4256,8.4256,8.4256,8.4256,8.4256,8.4256,8.4256,8.4256,8.4256,8.4256,8.4256,8.4256,8.4256,8.4256,8.4256,8.4256,8.4256,8.4256,8.4256,8.4256,8.4256,8.4256,8.4256,8.4256,8.4256,8.4256,8.4256,8.4256,8.4256,8.4256,8.4256,8.4256,8.4256,8.4256,8.4256,8.4256,8.4256,8.4256,8.4256,8.4256,8.4256,8.4256,8.4256,8.4256,8.4256,8.4256,8.4256,8.4256,8.4256,8.4256,8.4256,8.4256,8.4256,8.4256,8.4256,8.4256,8.4256,8.4256,8.4256,8.4256,8.4256,8.4256,8.4256,8.4256,8.4256,8.4256,8.4256,8.4256,8.4256,8.4256,8.4256,8.4256,8.4256,8.4256,8.4256,8.4256,8.4256,8.4256,8.4256,8.4256,8.4256,8.4256,8.4256,8.4256,8.4256,8.4256,8.4256,8.4256,8.4256,8.4256,8.4256,8.4256,8.4256,8.4256,8.4256,8.4256,8.4256,8.4256,8.4256,8.4256,8.4256,8.4256,8.4256,8.4256,8.4256,8.4256,8.4256,8.4256,8.4256,8.4256,8.4256,8.4256,8.4256,8.4256,8.4256,8.4256,8.4256,8.4256,8.4256,8.4256,8.4256,8.4256,8.4256,8.4256,8.4256,8.4256,8.4256,8.4256,8.4256,8.4256,8.4256,8.4256,8.4256,8.4256,8.4256,8.4256,8.4256,8.4256,8.4256,8.4256,8.4256,8.4256,8.4256,8.4256,8.4256,8.4256,8.4256,8.4256,8.4256,8.4256,8.4256,8.4256,8.4256,8.4256,8.4256,8.4256,8.4256,8.4256,8.4256,8.4256,8.4256,8.4256,8.4256,8.4256,8.4256,8.4256,8.4256,8.4256,8.4256,8.4256,8.4256,8.4256,8.4256,8.4256,8.4256,8.4256,8.4256,8.4256,8.4256,8.4256,8.4256,8.4256,8.4256,8.4256,8.4256,8.4256,8.4256,8.4256,8.4256,8.4256,8.4256,8.4256,8.4256,8.4256,8.4256,8.4256,8.4256,8.4256,8.4256,8.4256,8.4256,8.4256,8.4256,8.4256,8.4256,8.4256,8.4256,8.4256,8.4256,8.4256,8.4256,8.4256,8.4256,8.4256,8.4256,8.4256,8.4256,8.4256,8.4256,8.4256,8.4256,8.4256,8.4256,8.4256,8.4256,8.4256,8.4256,8.4256,8.4256,8.4256,8.4256,8.4256,8.4256,8.4256,8.4256,8.4256,8.4256,8.4256,8.4256,8.4256,8.4256,8.4256,8.4256,8.4256,8.4256,8.4256,8.4256,8.4256,8.4256,8.4256,8.4256,8.4256,8.4256,8.4256,8.4256,8.4256,8.4256,8.4256,8.4256,8.4256,8.4256,8.4256,8.4256,8.4256,8.4256,8.4256,8.4256,8.4256,8.4256,8.4256,8.4256,8.4256,8.4256,8.4256,8.4256,8.4256,8.4256,8.4256,8.4256,8.4256,8.4256,8.4256,8.4256,8.4256,8.4256,8.4256,8.4256,8.4256,8.4256,8.4256,8.4256,8.4256,8.4256,8.4256,8.4256,8.4256,8.4256,8.4256,8.4256,8.4256,8.4256,8.4256,8.4256,8.4256,8.4256,8.4256,8.4256,8.4256,8.4256,8.4256,8.4256,8.4256,8.4256,8.4256,8.4256,8.4256,8.4256,8.4256,8.4256,8.4256,8.4256,8.4256,8.4256,8.4256,8.4256,8.4256,8.4256,8.4256,8.4256,8.4256,8.4256,8.4256,8.4256,8.4256,8.4256,8.4256,8.4256,8.4256,8.4256,8.4256,8.4256,8.4256,8.4256,8.4256,8.4256,8.4256,8.4256,8.4256,8.4256,8.4256,8.4256,8.4256,8.4256,8.4256,8.4256,8.4256,8.4256,8.4256,8.4256,8.4256,8.4256,8.4256,8.4256,8.4256,8.4256,8.4256,8.4256,8.4256,8.4256,8.4256,8.4256,8.4256,8.4256,8.4256,8.4256,8.4256,8.4256,8.4256,8.4256,8.4256,8.4256,8.4256,8.4256,8.4256,8.4256,8.4256,8.4256,8.4256,8.4256,8.4256,8.4256,8.4256,8.4256,8.4256,8.4256,8.4256,8.4256,8.4256,8.4256,8.4256,8.4256,8.4256,8.4256,8.4256,8.4256,8.4256,8.4256,8.4256,8.4256,8.4256,8.4256,8.4256,8.4256,8.4256,8.4256,8.4256,8.4256,8.4256,8.4256,8.4256,8.4256,8.4256,8.4256,8.4256,8.4256,8.4256,8.4256,8.4256,8.4256,8.4256,8.4256,8.4256,8.4256,8.4256,8.4256,8.4256,8.4256,8.4256,8.4256,8.4256,8.4256,8.4256,8.4256,8.4256,8.4256,8.4256,8.4256,8.4256,8.4256,8.4256,8.4256,8.4256,8.4256,8.4256,8.4256,8.4256,8.4256,8.4256,8.4256,8.4256,8.4256,8.4256,8.4256,8.4256,8.4256,8.4256,8.4256,8.4256,8.4256,8.4256,8.4256,8.4256,8.4256,8.4256,8.4256,8.4256,8.4256,8.4256,8.4256,8.4256,8.4256,8.4256,8.4256,8.4256,8.4256,8.4256,8.4256,8.4256,8.4256,8.4256,8.4256,8.4256,8.4256,8.4256,8.4256,8.4256,8.4256,8.4256,8.4256,8.4256,8.4256,8.4256,8.4256,8.4256,8.4256,8.4256,8.4256,8.4256,8.4256,8.4256,8.4256,8.4256,8.4256,8.4256,8.4256,8.4256,8.4256,8.4256,8.4256,8.4256,8.4256,8.4256,8.4256,8.4256,8.4256,8.4256,8.4256,8.4256,8.4256,8.4256,8.4256,8.4256,8.4256,8.4256,8.4256,8.4256,8.4256,8.4256,8.4256,8.4256,8.4256,8.4256,8.4256,8.4256,8.4256,8.4256,8.4256,8.4256,8.4256,8.4256,8.4256,8.4256,8.4256,8.4256,8.4256,8.4256,8.4256,8.4256,8.4256,8.4256,8.4256,8.4256,8.4256,8.4256,8.4256,8.4256,8.4256,8.4256,8.4256,8.4256,8.4256,8.4256,8.4256,8.4256,8.4256,8.4256,8.4256,8.4256,8.4256,8.4256,8.4256,8.4256,8.4256,8.4256,8.4256,8.4256,8.4256,8.4256,8.4256,8.4256,8.4256,8.4256,8.4256,8.4256,8.4256,8.4256,8.4256,8.4256,8.4256,8.4256,8.4256,8.4256,8.4256,8.4256,8.4256,8.4256,8.4256,8.4256,8.4256,8.4256,8.4256,8.4256,8.4256,8.4256,8.4256,8.4256,8.4256,8.4256,8.4256,8.4256,8.4256,8.4256,8.4256,8.4256,8.4256,8.4256,8.4256,8.4256,8.4256,8.4256,8.4256,8.4256,8.4256,8.4256,8.4256,8.4256,8.4256,8.4256,8.4256,8.4256,8.4256,8.4256,8.4256,8.4256,8.4256,8.4256,8.4256,8.4256,8.4256,8.4256,8.4256,8.4256,8.4256,8.4256,8.4256,8.4256,8.4256,8.4256,8.4256,8.4256,8.4256,8.4256,8.4256,8.4256,8.4256,8.4256,8.4256,8.4256,8.4256,8.4256,8.4256,8.4256,8.4256,8.4256,8.4256,8.4256,8.4256,8.4256,8.4256,8.4256,8.4256,8.4256,8.4256,8.4256,8.4256,8.4256,8.4256,8.4256,8.4256,8.4256,8.4256,8.4256,8.4256,8.4256,8.4256,8.4256,8.4256,8.4256,8.4256,8.4256,8.4256,8.4256,8.4256,8.4256,8.4256,8.4256,8.4256,8.4256,8.4256,8.4256,8.4256,8.4256,8.4256,8.4256,8.4256,8.4256,8.4256,8.4256,8.4256,8.4256,8.4256,8.4256,8.4256,8.4256,8.4256,8.4256,8.4256,8.4256,8.4256,8.4256,8.4256,8.4256,8.4256,8.4256,8.4256,8.4256,8.4256,8.4256,8.4256,8.4256,8.4256,8.4256,8.4256,8.4256,8.4256,8.4256,8.4256,8.4256,8.4256,8.4256,8.4256,8.4256,8.4256,8.4256,8.4256,8.4256,8.4256,8.4256,8.4256,8.4256,8.4256,8.4256,8.4256,8.4256,8.4256,8.4256,8.4256,8.4256,8.4256,8.4256,8.4256,8.4256,8.4256,8.4256,8.4256,8.4256,8.4256,8.4256,8.4256,8.4256,8.4256,8.4256,8.4256,8.4256,8.4256,8.4256,8.4256,8.4256,8.4256,8.4256,8.4256,8.4256,8.4256,8.4256,8.4256,8.4256,8.4256,8.4256,8.4256,8.4256,8.4256,8.4256,8.4256,8.4256,8.4256,8.4256,8.4256,8.4256,8.4256,8.4256,8.4256,8.4256,8.4256,8.4256,8.4256
8.4176,8.4176,8.4176,8.4176,8.4176,8.4176,8.4176,8.4176,8.4176,8.4176,8.4176,8.4176,8.4176,8.4176,8.4176,8.4176,8.4176,8.4176,8.4176,8.4176,8.4176,8.4176,8.4176,8.4176,8.4176,8.4176,8.4176,8.4176,8.4176,8.4176,8.4176,8.4176,8.4176,8.4176,8.4176,8.4176,8.4176,8.4176,8.4176,8.4176,8.4176,8.4176,8.4176,8.4176,8.4176,8.4176,8.4176,8.4176,8.4176,8.4176,8.4176,8.4176,8.4176,8.4176,8.4176,8.4176,8.4176,8.4176,8.4176,8.4176,8.4176,8.4176,8.4176,8.4176,8.4176,8.4176,8.4176,8.4176,8.4176,8.4176,8.4176,8.4176,8.4176,8.4176,8.4176,8.4176,8.4176,8.4176,8.4176,8.4176,8.4176,8.4176,8.4176,8.4176,8.4176,8.4176,8.4176,8.4176,8.4176,8.4176,8.4176,8.4176,8.4176,8.4176,8.4176,8.4176,8.4176,8.4176,8.4176,8.4176,8.4176,8.4176,8.4176,8.4176,8.4176,8.4176,8.4176,8.4176,8.4176,8.4176,8.4176,8.4176,8.4176,8.4176,8.4176,8.4176,8.4176,8.4176,8.4176,8.4176,8.4176,8.4176,8.4176,8.4176,8.4176,8.4176,8.4176,8.4176,8.4176,8.4176,8.4176,8.4176,8.4176,8.4176,8.4176,8.4176,8.4176,8.4176,8.4176,8.4176,8.4176,8.4176,8.4176,8.4176,8.4176,8.4176,8.4176,8.4176,8.4176,8.4176,8.4176,8.4176,8.4176,8.4176,8.4176,8.4176,8.4176,8.4176,8.4176,8.4176,8.4176,8.4176,8.4176,8.4176,8.4176,8.4176,8.4176,8.4176,8.4176,8.4176,8.4176,8.4176,8.4176,8.4176,8.4176,8.4176,8.4176,8.4176,8.4176,8.4176,8.4176,8.4176,8.4176,8.4176,8.4176,8.4176,8.4176,8.4176,8.4176,8.4176,8.4176,8.4176,8.4176,8.4176,8.4176,8.4176,8.4176,8.4176,8.4176,8.4176,8.4176,8.4176,8.4176,8.4176,8.4176,8.4176,8.4176,8.4176,8.4176,8.4176,8.4176,8.4176,8.4176,8.4176,8.4176,8.4176,8.4176,8.4176,8.4176,8.4176,8.4176,8.4176,8.4176,8.4176,8.4176,8.4176,8.4176,8.4176,8.4176,8.4176,8.4176,8.4176,8.4176,8.4176,8.4176,8.4176,8.4176,8.4176,8.4176,8.4176,8.4176,8.4176,8.4176,8.4176,8.4176,8.4176,8.4176,8.4176,8.4176,8.4176,8.4176,8.4176,8.4176,8.4176,8.4176,8.4176,8.4176,8.4176,8.4176,8.4176,8.4176,8.4176,8.4176,8.4176,8.4176,8.4176,8.4176,8.4176,8.4176,8.4176,8.4176,8.4176,8.4176,8.4176,8.4176,8.4176,8.4176,8.4176,8.4176,8.4176,8.4176,8.4176,8.4176,8.4176,8.4176,8.4176,8.4176,8.4176,8.4176,8.4176,8.4176,8.4176,8.4176,8.4176,8.4176,8.4176,8.4176,8.4176,8.4176,8.4176,8.4176,8.4176,8.4176,8.4176,8.4176,8.4176,8.4176,8.4176,8.4176,8.4176,8.4176,8.4176,8.4176,8.4176,8.4176,8.4176,8.4176,8.4176,8.4176,8.4176,8.4176,8.4176,8.4176,8.4176,8.4176,8.4176,8.4176,8.4176,8.4176,8.4176,8.4176,8.4176,8.4176,8.4176,8.4176,8.4176,8.4176,8.4176,8.4176,8.4176,8.4176,8.4176,8.4176,8.4176,8.4176,8.4176,8.4176,8.4176,8.4176,8.4176,8.4176,8.4176,8.4176,8.4176,8.4176,8.4176,8.4176,8.4176,8.4176,8.4176,8.4176,8.4176,8.4176,8.4176,8.4176,8.4176,8.4176,8.4176,8.4176,8.4176,8.4176,8.4176,8.4176,8.4176,8.4176,8.4176,8.4176,8.4176,8.4176,8.4176,8.4176,8.4176,8.4176,8.4176,8.4176,8.4176,8.4176,8.4176,8.4176,8.4176,8.4176,8.4176,8.4176,8.4176,8.4176,8.4176,8.4176,8.4176,8.4176,8.4176,8.4176,8.4176,8.4176,8.4176,8.4176,8.4176,8.4176,8.4176,8.4176,8.4176,8.4176,8.4176,8.4176,8.4176,8.4176,8.4176,8.4176,8.4176,8.4176,8.4176,8.4176,8.4176,8.4176,8.4176,8.4176,8.4176,8.4176,8.4176,8.4176,8.4176,8.4176,8.4176,8.4176,8.4176,8.4176,8.4176,8.4176,8.4176,8.4176,8.4176,8.4176,8.4176,8.4176,8.4176,8.4176,8.4176,8.4176,8.4176,8.4176,8.4176,8.4176,8.4176,8.4176,8.4176,8.4176,8.4176,8.4176,8.4176,8.4176,8.4176,8.4176,8.4176,8.4176,8.4176,8.4176,8.4176,8.4176,8.4176,8.4176,8.4176,8.4176,8.4176,8.4176,8.4176,8.4176,8.4176,8.4176,8.4176,8.4176,8.4176,8.4176,8.4176,8.4176,8.4176,8.4176,8.4176,8.4176,8.4176,8.4176,8.4176,8.4176,8.4176,8.4176,8.4176,8.4176,8.4176,8.4176,8.4176,8.4176,8.4176,8.4176,8.4176,8.4176,8.4176,8.4176,8.4176,8.4176,8.4176,8.4176,8.4176,8.4176,8.4176,8.4176,8.4176,8.4176,8.4176,8.4176,8.4176,8.4176,8.4176,8.4176,8.4176,8.4176,8.4176,8.4176,8.4176,8.4176,8.4176,8.4176,8.4176,8.4176,8.4176,8.4176,8.4176,8.4176,8.4176,8.4176,8.4176,8.4176,8.4176,8.4176,8.4176,8.4176,8.4176,8.4176,8.4176,8.4176,8.4176,8.4176,8.4176,8.4176,8.4176,8.4176,8.4176,8.4176,8.4176,8.4176,8.4176,8.4176,8.4176,8.4176,8.4176,8.4176,8.4176,8.4176,8.4176,8.4176,8.4176,8.4176,8.4176,8.4176,8.4176,8.4176,8.4176,8.4176,8.4176,8.4176,8.4176,8.4176,8.4176,8.4176,8.4176,8.4176,8.4176,8.4176,8.4176,8.4176,8.4176,8.4176,8.4176,8.4176,8.4176,8.4176,8.4176,8.4176,8.4176,8.4176,8.4176,8.4176,8.4176,8.4176,8.4176,8.4176,8.4176,8.4176,8.4176,8.4176,8.4176,8.4176,8.4176,8.4176,8.4176,8.4176,8.4176,8.4176,8.4176,8.4176,8.4176,8.4176,8.4176,8.4176,8.4176,8.4176,8.4176,8.4176,8.4176,8.4176,8.4176,8.4176,8.4176,8.4176,8.4176,8.4176,8.4176,8.4176,8.4176,8.4176,8.4176,8.4176,8.4176,8.4176,8.4176,8.4176,8.4176,8.4176,8.4176,8.4176,8.4176,8.4176,8.4176,8.4176,8.4176,8.4176,8.4176,8.4176,8.4176,8.4176,8.4176,8.4176,8.4176,8.4176,8.4176,8.4176,8.4176,8.4176,8.4176,8.4176,8.4176,8.4176,8.4176,8.4176,8.4176,8.4176,8.4176,8.4176,8.4176,8.4176,8.4176,8.4176,8.4176,8.4176,8.4176,8.4176,8.4176,8.4176,8.4176,8.4176,8.4176,8.4176,8.4176,8.4176,8.4176,8.4176,8.4176,8.4176,8.4176,8.4176,8.4176,8.4176,8.4176,8.4176,8.4176,8.4176,8.4176,8.4176,8.4176,8.4176,8.4176,8.4176,8.4176,8.4176,8.4176,8.4176,8.4176,8.4176,8.4176,8.4176,8.4176,8.4176,8.4176,8.4176,8.4176,8.4176,8.4176,8.4176,8.4176,8.4176,8.4176,8.4176,8.4176,8.4176,8.4176,8.4176,8.4176,8.4176,8.4176,8.4176,8.4176,8.4176,8.4176,8.4176,8.4176,8.4176,8.4176,8.4176,8.4176,8.4176,8.4176,8.4176,8.4176,8.4176,8.4176,8.4176,8.4176,8.4176,8.4176,8.4176,8.4176,8.4176,8.4176,8.4176,8.4176,8.4176,8.4176,8.4176,8.4176,8.4176,8.4176,8.4176,8.4176,8.4176,8.4176,8.4176,8.4176,8.4176,8.4176,8.4176,8.4176,8.4176,8.4176,8.4176,8.4176,8.4176,8.4176,8.4176,8.4176,8.4176,8.4176,8.4176,8.4176,8.4176,8.4176,8.4176,8.4176,8.4176,8.4176,8.4176,8.4176,8.4176,8.4176,8.4176,8.4176,8.4176,8.4176,8.4176,8.4176,8.4176,8.4176,8.4176,8.4176,8.4176,8.4176,8.4176,8.4176,8.4176,8.4176,8.4176,8.4176,8.4176,8.4176,8.4176,8.4176,8.4176,8.4176,8.4176,8.4176,8.4176,8.4176,8.4176,8.4176,8.4176,8.4176,8.4176,8.4176,8.4176,8.4176,8.4176,8.4176,8.4176,8.4176,8.4176,8.4176,8.4176,8.4176,8.4176,8.4176,8.4176,8.4176,8.4176,8.4176,8.4176,8.4176,8.4176,8.4176,8.4176,8.4176,8.4176,8.4176,8.4176,8.4176,8.4176,8.4176,8.4176,8.4176,8.4176,8.4176,8.4176,8.4176,8.4176,8.4176,8.4176,8.4176,8.4176,8.4176,8.4176,8.4176,8.4176,8.4176,8.4176,8.4176,8.4176,8.4176,8.4176,8.4176,8.4176,8.4176,8.4176,8.4176,8.4176,8.4176,8.4176,8.4176,8.4176,8.4176,8.4176,8.4176,8.4176,8.4176,8.4176,8.4176,8.4176,8.4176,8.4176,8.4176,8.4176,8.4176,8.4176,8.4176,8.4176,8.4176,8.4176,8.4176,8.4176,8.4176,8.4176,8.4176,8.4176,8.4176,8.4176,8.4176,8.4176,8.4176,8.4176,8.4176,8.4176,8.4176,8.4176,8.4176,8.4176,8.4176,8.4176,8.4176,8.4176,8.4176,8.4176,8.4176,8.4176,8.4176,8.4176,8.4176,8.4176,8.4176,8.4176,8.4176,8.4176,8.4176,8.4176,8.4176,8.4176,8.4176,8.4176,8.4176,8.4176,8.4176,8.4176,8.4176,8.4176,8.4176,8.4176,8.4176
8.4092,8.4092,8.4092,8.4092,8.4092,8.4092,8.4092,8.4092,8.4092,8.4092,8.4092,8.4092,8.4092,8.4092,8.4092,8.4092,8.4092,8.4092,8.4092,8.4092,8.4092,8.4092,8.4092,8.4092,8.4092,8.4092,8.4092,8.4092,8.4092,8.4092,8.4092,8.4092,8.4092,8.4092,8.4092,8.4092,8.4092,8.4092,8.4092,8.4092,8.4092,8.4092,8.4092,8.4092,8.4092,8.4092,8.4092,8.4092,8.4092,8.4092,8.4092,8.4092,8.4092,8.4092,8.4092,8.4092,8.4092,8.4092,8.4092,8.4092,8.4092,8.4092,8.4092,8.4092,8.4092,8.4092,8.4092,8.4092,8.4092,8.4092,8.4092,8.4092,8.4092,8.4092,8.4092,8.4092,8.4092,8.4092,8.4092,8.4092,8.4092,8.4092,8.4092,8.4092,8.4092,8.4092,8.4092,8.4092,8.4092,8.4092,8.4092,8.4092,8.4092,8.4092,8.4092,8.4092,8.4092,8.4092,8.4092,8.4092,8.4092,8.4092,8.4092,8.4092,8.4092,8.4092,8.4092,8.4092,8.4092,8.4092,8.4092,8.4092,8.4092,8.4092,8.4092,8.4092,8.4092,8.4092,8.4092,8.4092,8.4092,8.4092,8.4092,8.4092,8.4092,8.4092,8.4092,8.4092,8.4092,8.4092,8.4092,8.4092,8.4092,8.4092,8.4092,8.4092,8.4092,8.4092,8.4092,8.4092,8.4092,8.4092,8.4092,8.4092,8.4092,8.4092,8.4092,8.4092,8.4092,8.4092,8.4092,8.4092,8.4092,8.4092,8.4092,8.4092,8.4092,8.4092,8.4092,8.4092,8.4092,8.4092,8.4092,8.4092,8.4092,8.4092,8.4092,8.4092,8.4092,8.4092,8.4092,8.4092,8.4092,8.4092,8.4092,8.4092,8.4092,8.4092,8.4092,8.4092,8.4092,8.4092,8.4092,8.4092,8.4092,8.4092,8.4092,8.4092,8.4092,8.4092,8.4092,8.4092,8.4092,8.4092,8.4092,8.4092,8.4092,8.4092,8.4092,8.4092,8.4092,8.4092,8.4092,8.4092,8.4092,8.4092,8.4092,8.4092,8.4092,8.4092,8.4092,8.4092,8.4092,8.4092,8.4092,8.4092,8.4092,8.4092,8.4092,8.4092,8.4092,8.4092,8.4092,8.4092,8.4092,8.4092,8.4092,8.4092,8.4092,8.4092,8.4092,8.4092,8.4092,8.4092,8.4092,8.4092,8.4092,8.4092,8.4092,8.4092,8.4092,8.4092,8.4092,8.4092,8.4092,8.4092,8.4092,8.4092,8.4092,8.4092,8.4092,8.4092,8.4092,8.4092,8.4092,8.4092,8.4092,8.4092,8.4092,8.4092,8.4092,8.4092,8.4092,8.4092,8.4092,8.4092,8.4092,8.4092,8.4092,8.4092,8.4092,8.4092,8.4092,8.4092,8.4092,8.4092,8.4092,8.4092,8.4092,8.4092,8.4092,8.4092,8.4092,8.4092,8.4092,8.4092,8.4092,8.4092,8.4092,8.4092,8.4092,8.4092,8.4092,8.4092,8.4092,8.4092,8.4092,8.4092,8.4092,8.4092,8.4092,8.4092,8.4092,8.4092,8.4092,8.4092,8.4092,8.4092,8.4092,8.4092,8.4092,8.4092,8.4092,8.4092,8.4092,8.4092,8.4092,8.4092,8.4092,8.4092,8.4092,8.4092,8.4092,8.4092,8.4092,8.4092,8.4092,8.4092,8.4092,8.4092,8.4092,8.4092,8.4092,8.4092,8.4092,8.4092,8.4092,8.4092,8.4092,8.4092,8.4092,8.4092,8.4092,8.4092,8.4092,8.4092,8.4092,8.4092,8.4092,8.4092,8.4092,8.4092,8.4092,8.4092,8.4092,8.4092,8.4092,8.4092,8.4092,8.4092,8.4092,8.4092,8.4092,8.4092,8.4092,8.4092,8.4092,8.4092,8.4092,8.4092,8.4092,8.4092,8.4092,8.4092,8.4092,8.4092,8.4092,8.4092,8.4092,8.4092,8.4092,8.4092,8.4092,8.4092,8.4092,8.4092,8.4092,8.4092,8.4092,8.4092,8.4092,8.4092,8.4092,8.4092,8.4092,8.4092,8.4092,8.4092,8.4092,8.4092,8.4092,8.4092,8.4092,8.4092,8.4092,8.4092,8.4092,8.4092,8.4092,8.4092,8.4092,8.4092,8.4092,8.4092,8.4092,8.4092,8.4092,8.4092,8.4092,8.4092,8.4092,8.4092,8.4092,8.4092,8.4092,8.4092,8.4092,8.4092,8.4092,8.4092,8.4092,8.4092,8.4092,8.4092,8.4092,8.4092,8.4092,8.4092,8.4092,8.4092,8.4092,8.4092,8.4092,8.4092,8.4092,8.4092,8.4092,8.4092,8.4092,8.4092,8.4092,8.4092,8.4092,8.4092,8.4092,8.4092,8.4092,8.4092,8.4092,8.4092,8.4092,8.4092,8.4092,8.4092,8.4092,8.4092,8.4092,8.4092,8.4092,8.4092,8.4092,8.4092,8.4092,8.4092,8.4092,8.4092,8.4092,8.4092,8.4092,8.4092,8.4092,8.4092,8.4092,8.4092,8.4092,8.4092,8.4092,8.4092,8.4092,8.4092,8.4092,8.4092,8.4092,8.4092,8.4092,8.4092,8.4092,8.4092,8.4092,8.4092,8.4092,8.4092,8.4092,8.4092,8.4092,8.4092,8.4092,8.4092,8.4092,8.4092,8.4092,8.4092,8.4092,8.4092,8.4092,8.4092,8.4092,8.4092,8.4092,8.4092,8.4092,8.4092,8.4092,8.4092,8.4092,8.4092,8.4092,8.4092,8.4092,8.4092,8.4092,8.4092,8.4092,8.4092,8.4092,8.4092,8.4092,8.4092,8.4092,8.4092,8.4092,8.4092,8.4092,8.4092,8.4092,8.4092,8.4092,8.4092,8.4092,8.4092,8.4092,8.4092,8.4092,8.4092,8.4092,8.4092,8.4092,8.4092,8.4092,8.4092,8.4092,8.4092,8.4092,8.4092,8.4092,8.4092,8.4092,8.4092,8.4092,8.4092,8.4092,8.4092,8.4092,8.4092,8.4092,8.4092,8.4092,8.4092,8.4092,8.4092,8.4092,8.4092,8.4092,8.4092,8.4092,8.4092,8.4092,8.4092,8.4092,8.4092,8.4092,8.4092,8.4092,8.4092,8.4092,8.4092,8.4092,8.4092,8.4092,8.4092,8.4092,8.4092,8.4092,8.4092,8.4092,8.4092,8.4092,8.4092,8.4092,8.4092,8.4092,8.4092,8.4092,8.4092,8.4092,8.4092,8.4092,8.4092,8.4092,8.4092,8.4092,8.4092,8.4092,8.4092,8.4092,8.4092,8.4092,8.4092,8.4092,8.4092,8.4092,8.4092,8.4092,8.4092,8.4092,8.4092,8.4092,8.4092,8.4092,8.4092,8.4092,8.4092,8.4092,8.4092,8.4092,8.4092,8.4092,8.4092,8.4092,8.4092,8.4092,8.4092,8.4092,8.4092,8.4092,8.4092,8.4092,8.4092,8.4092,8.4092,8.4092,8.4092,8.4092,8.4092,8.4092,8.4092,8.4092,8.4092,8.4092,8.4092,8.4092,8.4092,8.4092,8.4092,8.4092,8.4092,8.4092,8.4092,8.4092,8.4092,8.4092,8.4092,8.4092,8.4092,8.4092,8.4092,8.4092,8.4092,8.4092,8.4092,8.4092,8.4092,8.4092,8.4092,8.4092,8.4092,8.4092,8.4092,8.4092,8.4092,8.4092,8.4092,8.4092,8.4092,8.4092,8.4092,8.4092,8.4092,8.4092,8.4092,8.4092,8.4092,8.4092,8.4092,8.4092,8.4092,8.4092,8.4092,8.4092,8.4092,8.4092,8.4092,8.4092,8.4092,8.4092,8.4092,8.4092,8.4092,8.4092,8.4092,8.4092,8.4092,8.4092,8.4092,8.4092,8.4092,8.4092,8.4092,8.4092,8.4092,8.4092,8.4092,8.4092,8.4092,8.4092,8.4092,8.4092,8.4092,8.4092,8.4092,8.4092,8.4092,8.4092,8.4092,8.4092,8.4092,8.4092,8.4092,8.4092,8.4092,8.4092,8.4092,8.4092,8.4092,8.4092,8.4092,8.4092,8.4092,8.4092,8.4092,8.4092,8.4092,8.4092,8.4092,8.4092,8.4092,8.4092,8.4092,8.4092,8.4092,8.4092,8.4092,8.4092,8.4092,8.4092,8.4092,8.4092,8.4092,8.4092,8.4092,8.4092,8.4092,8.4092,8.4092,8.4092,8.4092,8.4092,8.4092,8.4092,8.4092,8.4092,8.4092,8.4092,8.4092,8.4092,8.4092,8.4092,8.4092,8.4092,8.4092,8.4092,8.4092,8.4092,8.4092,8.4092,8.4092,8.4092,8.4092,8.4092,8.4092,8.4092,8.4092,8.4092,8.4092,8.4092,8.4092,8.4092,8.4092,8.4092,8.4092,8.4092,8.4092,8.4092,8.4092,8.4092,8.4092,8.4092,8.4092,8.4092,8.4092,8.4092,8.4092,8.4092,8.4092,8.4092,8.4092,8.4092,8.4092,8.4092,8.4092,8.4092,8.4092,8.4092,8.4092,8.4092,8.4092,8.4092,8.4092,8.4092,8.4092,8.4092,8.4092,8.4092,8.4092,8.4092,8.4092,8.4092,8.4092,8.4092,8.4092,8.4092,8.4092,8.4092,8.4092,8.4092,8.4092,8.4092,8.4092,8.4092,8.4092,8.4092,8.4092,8.4092,8.4092,8.4092,8.4092,8.4092,8.4092,8.4092,8.4092,8.4092,8.4092,8.4092,8.4092,8.4092,8.4092,8.4092,8.4092,8.4092,8.4092,8.4092,8.4092,8.4092,8.4092,8.4092,8.4092,8.4092,8.4092,8.4092,8.4092,8.4092,8.4092,8.4092,8.4092,8.4092,8.4092,8.4092,8.4092,8.4092,8.4092,8.4092,8.4092,8.4092,8.4092,8.4092,8.4092,8.4092,8.4092,8.4092,8.4092,8.4092,8.4092,8.4092,8.4092,8.4092,8.4092,8.4092,8.4092,8.4092,8.4092,8.4092,8.4092,8.4092,8.4092,8.4092,8.4092,8.4092,8.4092,8.4092,8.4092,8.4092,8.4092,8.4092,8.4092,8.4092,8.4092,8.4092,8.4092,8.4092,8.4092
8.4020,8.4020,8.4020,8.4020,8.4020,8.4020,8.4020,8.4020,8.4020,8.4020,8.4020,8.4020,8.4020,8.4020,8.4020,8.4020,8.4020,8.4020,8.4020,8.4020,8.4020,8.4020,8.4020,8.4020,8.4020,8.4020,8.4020,8.4020,8.4020,8.4020,8.4020,8.4020,8.4020,8.4020,8.4020,8.4020,8.4020,8.4020,8.4020,8.4020,8.4020,8.4020,8.4020,8.4020,8.4020,8.4020,8.4020,8.4020,8.4020,8.4020,8.4020,8.4020,8.4020,8.4020,8.4020,8.4020,8.4020,8.4020,8.4020,8.4020,8.4020,8.4020,8.4020,8.4020,8.4020,8.4020,8.4020,8.4020,8.4020,8.4020,8.4020,8.4020,8.4020,8.4020,8.4020,8.4020,8.4020,8.4020,8.4020,8.4020,8.4020,8.4020,8.4020,8.4020,8.4020,8.4020,8.4020,8.4020,8.4020,8.4020,8.4020,8.4020,8.4020,8.4020,8.4020,8.4020,8.4020,8.4020,8.4020,8.4020,8.4020,8.4020,8.4020,8.4020,8.4020,8.4020,8.4020,8.4020,8.4020,8.4020,8.4020,8.4020,8.4020,8.4020,8.4020,8.4020,8.4020,8.4020,8.4020,8.4020,8.4020,8.4020,8.4020,8.4020,8.4020,8.4020,8.4020,8.4020,8.4020,8.4020,8.4020,8.4020,8.4020,8.4020,8.4020,8.4020,8.4020,8.4020,8.4020,8.4020,8.4020,8.4020,8.4020,8.4020,8.4020,8.4020,8.4020,8.4020,8.4020,8.4020,8.4020,8.4020,8.4020,8.4020,8.4020,8.4020,8.4020,8.4020,8.4020,8.4020,8.4020,8.4020,8.4020,8.4020,8.4020,8.4020,8.4020,8.4020,8.4020,8.4020,8.4020,8.4020,8.4020,8.4020,8.4020,8.4020,8.4020,8.4020,8.4020,8.4020,8.4020,8.4020,8.4020,8.4020,8.4020,8.4020,8.4020,8.4020,8.4020,8.4020,8.4020,8.4020,8.4020,8.4020,8.4020,8.4020,8.4020,8.4020,8.4020,8.4020,8.4020,8.4020,8.4020,8.4020,8.4020,8.4020,8.4020,8.4020,8.4020,8.4020,8.4020,8.4020,8.4020,8.4020,8.4020,8.4020,8.4020,8.4020,8.4020,8.4020,8.4020,8.4020,8.4020,8.4020,8.4020,8.4020,8.4020,8.4020,8.4020,8.4020,8.4020,8.4020,8.4020,8.4020,8.4020,8.4020,8.4020,8.4020,8.4020,8.4020,8.4020,8.4020,8.4020,8.4020,8.4020,8.4020,8.4020,8.4020,8.4020,8.4020,8.4020,8.4020,8.4020,8.4020,8.4020,8.4020,8.4020,8.4020,8.4020,8.4020,8.4020,8.4020,8.4020,8.4020,8.4020,8.4020,8.4020,8.4020,8.4020,8.4020,8.4020,8.4020,8.4020,8.4020,8.4020,8.4020,8.4020,8.4020,8.4020,8.4020,8.4020,8.4020,8.4020,8.4020,8.4020,8.4020,8.4020,8.4020,8.4020,8.4020,8.4020,8.4020,8.4020,8.4020,8.4020,8.4020,8.4020,8.4020,8.4020,8.4020,8.4020,8.4020,8.4020,8.4020,8.4020,8.4020,8.4020,8.4020,8.4020,8.4020,8.4020,8.4020,8.4020,8.4020,8.4020,8.4020,8.4020,8.4020,8.4020,8.4020,8.4020,8.4020,8.4020,8.4020,8.4020,8.4020,8.4020,8.4020,8.4020,8.4020,8.4020,8.4020,8.4020,8.4020,8.4020,8.4020,8.4020,8.4020,8.4020,8.4020,8.4020,8.4020,8.4020,8.4020,8.4020,8.4020,8.4020,8.4020,8.4020,8.4020,8.4020,8.4020,8.4020,8.4020,8.4020,8.4020,8.4020,8.4020,8.4020,8.4020,8.4020,8.4020,8.4020,8.4020,8.4020,8.4020,8.4020,8.4020,8.4020,8.4020,8.4020,8.4020,8.4020,8.4020,8.4020,8.4020,8.4020,8.4020,8.4020,8.4020,8.4020,8.4020,8.4020,8.4020,8.4020,8.4020,8.4020,8.4020,8.4020,8.4020,8.4020,8.4020,8.4020,8.4020,8.4020,8.4020,8.4020,8.4020,8.4020,8.4020,8.4020,8.4020,8.4020,8.4020,8.4020,8.4020,8.4020,8.4020,8.4020,8.4020,8.4020,8.4020,8.4020,8.4020,8.4020,8.4020,8.4020,8.4020,8.4020,8.4020,8.4020,8.4020,8.4020,8.4020,8.4020,8.4020,8.4020,8.4020,8.4020,8.4020,8.4020,8.4020,8.4020,8.4020,8.4020,8.4020,8.4020,8.4020,8.4020,8.4020,8.4020,8.4020,8.4020,8.4020,8.4020,8.4020,8.4020,8.4020,8.4020,8.4020,8.4020,8.4020,8.4020,8.4020,8.4020,8.4020,8.4020,8.4020,8.4020,8.4020,8.4020,8.4020,8.4020,8.4020,8.4020,8.4020,8.4020,8.4020,8.4020,8.4020,8.4020,8.4020,8.4020,8.4020,8.4020,8.4020,8.4020,8.4020,8.4020,8.4020,8.4020,8.4020,8.4020,8.4020,8.4020,8.4020,8.4020,8.4020,8.4020,8.4020,8.4020,8.4020,8.4020,8.4020,8.4020,8.4020,8.4020,8.4020,8.4020,8.4020,8.4020,8.4020,8.4020,8.4020,8.4020,8.4020,8.4020,8.4020,8.4020,8.4020,8.4020,8.4020,8.4020,8.4020,8.4020,8.4020,8.4020,8.4020,8.4020,8.4020,8.4020,8.4020,8.4020,8.4020,8.4020,8.4020,8.4020,8.4020,8.4020,8.4020,8.4020,8.4020,8.4020,8.4020,8.4020,8.4020,8.4020,8.4020,8.4020,8.4020,8.4020,8.4020,8.4020,8.4020,8.4020,8.4020,8.4020,8.4020,8.4020,8.4020,8.4020,8.4020,8.4020,8.4020,8.4020,8.4020,8.4020,8.4020,8.4020,8.4020,8.4020,8.4020,8.4020,8.4020,8.4020,8.4020,8.4020,8.4020,8.4020,8.4020,8.4020,8.4020,8.4020,8.4020,8.4020,8.4020,8.4020,8.4020,8.4020,8.4020,8.4020,8.4020,8.4020,8.4020,8.4020,8.4020,8.4020,8.4020,8.4020,8.4020,8.4020,8.4020,8.4020,8.4020,8.4020,8.4020,8.4020,8.4020,8.4020,8.4020,8.4020,8.4020,8.4020,8.4020,8.4020,8.4020,8.4020,8.4020,8.4020,8.4020,8.4020,8.4020,8.4020,8.4020,8.4020,8.4020,8.4020,8.4020,8.4020,8.4020,8.4020,8.4020,8.4020,8.4020,8.4020,8.4020,8.4020,8.4020,8.4020,8.4020,8.4020,8.4020,8.4020,8.4020,8.4020,8.4020,8.4020,8.4020,8.4020,8.4020,8.4020,8.4020,8.4020,8.4020,8.4020,8.4020,8.4020,8.4020,8.4020,8.4020,8.4020,8.4020,8.4020,8.4020,8.4020,8.4020,8.4020,8.4020,8.4020,8.4020,8.4020,8.4020,8.4020,8.4020,8.4020,8.4020,8.4020,8.4020,8.4020,8.4020,8.4020,8.4020,8.4020,8.4020,8.4020,8.4020,8.4020,8.4020,8.4020,8.4020,8.4020,8.4020,8.4020,8.4020,8.4020,8.4020,8.4020,8.4020,8.4020,8.4020,8.4020,8.4020,8.4020,8.4020,8.4020,8.4020,8.4020,8.4020,8.4020,8.4020,8.4020,8.4020,8.4020,8.4020,8.4020,8.4020,8.4020,8.4020,8.4020,8.4020,8.4020,8.4020,8.4020,8.4020,8.4020,8.4020,8.4020,8.4020,8.4020,8.4020,8.4020,8.4020,8.4020,8.4020,8.4020,8.4020,8.4020,8.4020,8.4020,8.4020,8.4020,8.4020,8.4020,8.4020,8.4020,8.4020,8.4020,8.4020,8.4020,8.4020,8.4020,8.4020,8.4020,8.4020,8.4020,8.4020,8.4020,8.4020,8.4020,8.4020,8.4020,8.4020,8.4020,8.4020,8.4020,8.4020,8.4020,8.4020,8.4020,8.4020,8.4020,8.4020,8.4020,8.4020,8.4020,8.4020,8.4020,8.4020,8.4020,8.4020,8.4020,8.4020,8.4020,8.4020,8.4020,8.4020,8.4020,8.4020,8.4020,8.4020,8.4020,8.4020,8.4020,8.4020,8.4020,8.4020,8.4020,8.4020,8.4020,8.4020,8.4020,8.4020,8.4020,8.4020,8.4020,8.4020,8.4020,8.4020,8.4020,8.4020,8.4020,8.4020,8.4020,8.4020,8.4020,8.4020,8.4020,8.4020,8.4020,8.4020,8.4020,8.4020,8.4020,8.4020,8.4020,8.4020,8.4020,8.4020,8.4020,8.4020,8.4020,8.4020,8.4020,8.4020,8.4020,8.4020,8.4020,8.4020,8.4020,8.4020,8.4020,8.4020,8.4020,8.4020,8.4020,8.4020,8.4020,8.4020,8.4020,8.4020,8.4020,8.4020,8.4020,8.4020,8.4020,8.4020,8.4020,8.4020,8.4020,8.4020,8.4020,8.4020,8.4020,8.4020,8.4020,8.4020,8.4020,8.4020,8.4020,8.4020,8.4020,8.4020,8.4020,8.4020,8.4020,8.4020,8.4020,8.4020,8.4020,8.4020,8.4020,8.4020,8.4020,8.4020,8.4020,8.4020,8.4020,8.4020,8.4020,8.4020,8.4020,8.4020,8.4020,8.4020,8.4020,8.4020,8.4020,8.4020,8.4020,8.4020,8.4020,8.4020,8.4020,8.4020,8.4020,8.4020,8.4020,8.4020,8.4020,8.4020,8.4020,8.4020,8.4020,8.4020,8.4020,8.4020,8.4020,8.4020,8.4020,8.4020,8.4020,8.4020,8.4020,8.4020,8.4020,8.4020,8.4020,8.4020,8.4020,8.4020,8.4020,8.4020,8.4020,8.4020,8.4020,8.4020,8.4020,8.4020,8.4020,8.4020,8.4020,8.4020,8.4020,8.4020,8.4020,8.4020,8.4020,8.4020,8.4020,8.4020,8.4020,8.4020,8.4020,8.4020,8.4020,8.4020,8.4020,8.4020,8.4020,8.4020,8.4020,8.4020,8.4020,8.4020,8.4020,8.4020,8.4020,8.4020,8.4020,8.4020
8.3936,8.3936,8.3936,8.3936,8.3936,8.3936,8.3936,8.3936,8.3936,8.3936,8.3936,8.3936,8.3936,8.3936,8.3936,8.3936,8.3936,8.3936,8.3936,8.3936,8.3936,8.3936,8.3936,8.3936,8.3936,8.3936,8.3936,8.3936,8.3936,8.3936,8.3936,8.3936,8.3936,8.3936,8.3936,8.3936,8.3936,8.3936,8.3936,8.3936,8.3936,8.3936,8.3936,8.3936,8.3936,8.3936,8.3936,8.3936,8.3936,8.3936,8.3936,8.3936,8.3936,8.3936,8.3936,8.3936,8.3936,8.3936,8.3936,8.3936,8.3936,8.3936,8.3936,8.3936,8.3936,8.3936,8.3936,8.3936,8.3936,8.3936,8.3936,8.3936,8.3936,8.3936,8.3936,8.3936,8.3936,8.3936,8.3936,8.3936,8.3936,8.3936,8.3936,8.3936,8.3936,8.3936,8.3936,8.3936,8.3936,8.3936,8.3936,8.3936,8.3936,8.3936,8.3936,8.3936,8.3936,8.3936,8.3936,8.3936,8.3936,8.3936,8.3936,8.3936,8.3936,8.3936,8.3936,8.3936,8.3936,8.3936,8.3936,8.3936,8.3936,8.3936,8.3936,8.3936,8.3936,8.3936,8.3936,8.3936,8.3936,8.3936,8.3936,8.3936,8.3936,8.3936,8.3936,8.3936,8.3936,8.3936,8.3936,8.3936,8.3936,8.3936,8.3936,8.3936,8.3936,8.3936,8.3936,8.3936,8.3936,8.3936,8.3936,8.3936,8.3936,8.3936,8.3936,8.3936,8.3936,8.3936,8.3936,8.3936,8.3936,8.3936,8.3936,8.3936,8.3936,8.3936,8.3936,8.3936,8.3936,8.3936,8.3936,8.3936,8.3936,8.3936,8.3936,8.3936,8.3936,8.3936,8.3936,8.3936,8.3936,8.3936,8.3936,8.3936,8.3936,8.3936,8.3936,8.3936,8.3936,8.3936,8.3936,8.3936,8.3936,8.3936,8.3936,8.3936,8.3936,8.3936,8.3936,8.3936,8.3936,8.3936,8.3936,8.3936,8.3936,8.3936,8.3936,8.3936,8.3936,8.3936,8.3936,8.3936,8.3936,8.3936,8.3936,8.3936,8.3936,8.3936,8.3936,8.3936,8.3936,8.3936,8.3936,8.3936,8.3936,8.3936,8.3936,8.3936,8.3936,8.3936,8.3936,8.3936,8.3936,8.3936,8.3936,8.3936,8.3936,8.3936,8.3936,8.3936,8.3936,8.3936,8.3936,8.3936,8.3936,8.3936,8.3936,8.3936,8.3936,8.3936,8.3936,8.3936,8.3936,8.3936,8.3936,8.3936,8.3936,8.3936,8.3936,8.3936,8.3936,8.3936,8.3936,8.3936,8.3936,8.3936,8.3936,8.3936,8.3936,8.3936,8.3936,8.3936,8.3936,8.3936,8.3936,8.3936,8.3936,8.3936,8.3936,8.3936,8.3936,8.3936,8.3936,8.3936,8.3936,8.3936,8.3936,8.3936,8.3936,8.3936,8.3936,8.3936,8.3936,8.3936,8.3936,8.3936,8.3936,8.3936,8.3936,8.3936,8.3936,8.3936,8.3936,8.3936,8.3936,8.3936,8.3936,8.3936,8.3936,8.3936,8.3936,8.3936,8.3936,8.3936,8.3936,8.3936,8.3936,8.3936,8.3936,8.3936,8.3936,8.3936,8.3936,8.3936,8.3936,8.3936,8.3936,8.3936,8.3936,8.3936,8.3936,8.3936,8.3936,8.3936,8.3936,8.3936,8.3936,8.3936,8.3936,8.3936,8.3936,8.3936,8.3936,8.3936,8.3936,8.3936,8.3936,8.3936,8.3936,8.3936,8.3936,8.3936,8.3936,8.3936,8.3936,8.3936,8.3936,8.3936,8.3936,8.3936,8.3936,8.3936,8.3936,8.3936,8.3936,8.3936,8.3936,8.3936,8.3936,8.3936,8.3936,8.3936,8.3936,8.3936,8.3936,8.3936,8.3936,8.3936,8.3936,8.3936,8.3936,8.3936,8.3936,8.3936,8.3936,8.3936,8.3936,8.3936,8.3936,8.3936,8.3936,8.3936,8.3936,8.3936,8.3936,8.3936,8.3936,8.3936,8.3936,8.3936,8.3936,8.3936,8.3936,8.3936,8.3936,8.3936,8.3936,8.3936,8.3936,8.3936,8.3936,8.3936,8.3936,8.3936,8.3936,8.3936,8.3936,8.3936,8.3936,8.3936,8.3936,8.3936,8.3936,8.3936,8.3936,8.3936,8.3936,8.3936,8.3936,8.3936,8.3936,8.3936,8.3936,8.3936,8.3936,8.3936,8.3936,8.3936,8.3936,8.3936,8.3936,8.3936,8.3936,8.3936,8.3936,8.3936,8.3936,8.3936,8.3936,8.3936,8.3936,8.3936,8.3936,8.3936,8.3936,8.3936,8.3936,8.3936,8.3936,8.3936,8.3936,8.3936,8.3936,8.3936,8.3936,8.3936,8.3936,8.3936,8.3936,8.3936,8.3936,8.3936,8.3936,8.3936,8.3936,8.3936,8.3936,8.3936,8.3936,8.3936,8.3936,8.3936,8.3936,8.3936,8.3936,8.3936,8.3936,8.3936,8.3936,8.3936,8.3936,8.3936,8.3936,8.3936,8.3936,8.3936,8.3936,8.3936,8.3936,8.3936,8.3936,8.3936,8.3936,8.3936,8.3936,8.3936,8.3936,8.3936,8.3936,8.3936,8.3936,8.3936,8.3936,8.3936,8.3936,8.3936,8.3936,8.3936,8.3936,8.3936,8.3936,8.3936,8.3936,8.3936,8.3936,8.3936,8.3936,8.3936,8.3936,8.3936,8.3936,8.3936,8.3936,8.3936,8.3936,8.3936,8.3936,8.3936,8.3936,8.3936,8.3936,8.3936,8.3936,8.3936,8.3936,8.3936,8.3936,8.3936,8.3936,8.3936,8.3936,8.3936,8.3936,8.3936,8.3936,8.3936,8.3936,8.3936,8.3936,8.3936,8.3936,8.3936,8.3936,8.3936,8.3936,8.3936,8.3936,8.3936,8.3936,8.3936,8.3936,8.3936,8.3936,8.3936,8.3936,8.3936,8.3936,8.3936,8.3936,8.3936,8.3936,8.3936,8.3936,8.3936,8.3936,8.3936,8.3936,8.3936,8.3936,8.3936,8.3936,8.3936,8.3936,8.3936,8.3936,8.3936,8.3936,8.3936,8.3936,8.3936,8.3936,8.3936,8.3936,8.3936,8.3936,8.3936,8.3936,8.3936,8.3936,8.3936,8.3936,8.3936,8.3936,8.3936,8.3936,8.3936,8.3936,8.3936,8.3936,8.3936,8.3936,8.3936,8.3936,8.3936,8.3936,8.3936,8.3936,8.3936,8.3936,8.3936,8.3936,8.3936,8.3936,8.3936,8.3936,8.3936,8.3936,8.3936,8.3936,8.3936,8.3936,8.3936,8.3936,8.3936,8.3936,8.3936,8.3936,8.3936,8.3936,8.3936,8.3936,8.3936,8.3936,8.3936,8.3936,8.3936,8.3936,8.3936,8.3936,8.3936,8.3936,8.3936,8.3936,8.3936,8.3936,8.3936,8.3936,8.3936,8.3936,8.3936,8.3936,8.3936,8.3936,8.3936,8.3936,8.3936,8.3936,8.3936,8.3936,8.3936,8.3936,8.3936,8.3936,8.3936,8.3936,8.3936,8.3936,8.3936,8.3936,8.3936,8.3936,8.3936,8.3936,8.3936,8.3936,8.3936,8.3936,8.3936,8.3936,8.3936,8.3936,8.3936,8.3936,8.3936,8.3936,8.3936,8.3936,8.3936,8.3936,8.3936,8.3936,8.3936,8.3936,8.3936,8.3936,8.3936,8.3936,8.3936,8.3936,8.3936,8.3936,8.3936,8.3936,8.3936,8.3936,8.3936,8.3936,8.3936,8.3936,8.3936,8.3936,8.3936,8.3936,8.3936,8.3936,8.3936,8.3936,8.3936,8.3936,8.3936,8.3936,8.3936,8.3936,8.3936,8.3936,8.3936,8.3936,8.3936,8.3936,8.3936,8.3936,8.3936,8.3936,8.3936,8.3936,8.3936,8.3936,8.3936,8.3936,8.3936,8.3936,8.3936,8.3936,8.3936,8.3936,8.3936,8.3936,8.3936,8.3936,8.3936,8.3936,8.3936,8.3936,8.3936,8.3936,8.3936,8.3936,8.3936,8.3936,8.3936,8.3936,8.3936,8.3936,8.3936,8.3936,8.3936,8.3936,8.3936,8.3936,8.3936,8.3936,8.3936,8.3936,8.3936,8.3936,8.3936,8.3936,8.3936,8.3936,8.3936,8.3936,8.3936,8.3936,8.3936,8.3936,8.3936,8.3936,8.3936,8.3936,8.3936,8.3936,8.3936,8.3936,8.3936,8.3936,8.3936,8.3936,8.3936,8.3936,8.3936,8.3936,8.3936,8.3936,8.3936,8.3936,8.3936,8.3936,8.3936,8.3936,8.3936,8.3936,8.3936,8.3936,8.3936,8.3936,8.3936,8.3936,8.3936,8.3936,8.3936,8.3936,8.3936,8.3936,8.3936,8.3936,8.3936,8.3936,8.3936,8.3936,8.3936,8.3936,8.3936,8.3936,8.3936,8.3936,8.3936,8.3936,8.3936,8.3936,8.3936,8.3936,8.3936,8.3936,8.3936,8.3936,8.3936,8.3936,8.3936,8.3936,8.3936,8.3936,8.3936,8.3936,8.3936,8.3936,8.3936,8.3936,8.3936,8.3936,8.3936,8.3936,8.3936,8.3936,8.3936,8.3936,8.3936,8.3936,8.3936,8.3936,8.3936,8.3936,8.3936,8.3936,8.3936,8.3936,8.3936,8.3936,8.3936,8.3936,8.3936,8.3936,8.3936,8.3936,8.3936,8.3936,8.3936,8.3936,8.3936,8.3936,8.3936,8.3936,8.3936,8.3936,8.3936,8.3936,8.3936,8.3936,8.3936,8.3936,8.3936,8.3936,8.3936,8.3936,8.3936,8.3936,8.3936,8.3936,8.3936,8.3936,8.3936,8.3936,8.3936,8.3936,8.3936,8.3936,8.3936,8.3936,8.3936,8.3936,8.3936,8.3936,8.3936,8.3936,8.3936,8.3936,8.3936,8.3936,8.3936,8.3936,8.3936,8.3936,8.3936,8.3936,8.3936,8.3936,8.3936,8.3936,8.3936,8.3936,8.3936,8.3936,8.3936,8.3936,8.3936,8.3936,8.3936,8.3936,8.3936
8.3861,8.3861,8.3861,8.3861,8.3861,8.3861,8.3861,8.3861,8.3861,8.3861,8.3861,8.3861,8.3861,8.3861,8.3861,8.3861,8.3861,8.3861,8.3861,8.3861,8.3861,8.3861,8.3861,8.3861,8.3861,8.3861,8.3861,8.3861,8.3861,8.3861,8.3861,8.3861,8.3861,8.3861,8.3861,8.3861,8.3861,8.3861,8.3861,8.3861,8.3861,8.3861,8.3861,8.3861,8.3861,8.3861,8.3861,8.3861,8.3861,8.3861,8.3861,8.3861,8.3861,8.3861,8.3861,8.3861,8.3861,8.3861,8.3861,8.3861,8.3861,8.3861,8.3861,8.3861,8.3861,8.3861,8.3861,8.3861,8.3861,8.3861,8.3861,8.3861,8.3861,8.3861,8.3861,8.3861,8.3861,8.3861,8.3861,8.3861,8.3861,8.3861,8.3861,8.3861,8.3861,8.3861,8.3861,8.3861,8.3861,8.3861,8.3861,8.3861,8.3861,8.3861,8.3861,8.3861,8.3861,8.3861,8.3861,8.3861,8.3861,8.3861,8.3861,8.3861,8.3861,8.3861,8.3861,8.3861,8.3861,8.3861,8.3861,8.3861,8.3861,8.3861,8.3861,8.3861,8.3861,8.3861,8.3861,8.3861,8.3861,8.3861,8.3861,8.3861,8.3861,8.3861,8.3861,8.3861,8.3861,8.3861,8.3861,8.3861,8.3861,8.3861,8.3861,8.3861,8.3861,8.3861,8.3861,8.3861,8.3861,8.3861,8.3861,8.3861,8.3861,8.3861,8.3861,8.3861,8.3861,8.3861,8.3861,8.3861,8.3861,8.3861,8.3861,8.3861,8.3861,8.3861,8.3861,8.3861,8.3861,8.3861,8.3861,8.3861,8.3861,8.3861,8.3861,8.3861,8.3861,8.3861,8.3861,8.3861,8.3861,8.3861,8.3861,8.3861,8.3861,8.3861,8.3861,8.3861,8.3861,8.3861,8.3861,8.3861,8.3861,8.3861,8.3861,8.3861,8.3861,8.3861,8.3861,8.3861,8.3861,8.3861,8.3861,8.3861,8.3861,8.3861,8.3861,8.3861,8.3861,8.3861,8.3861,8.3861,8.3861,8.3861,8.3861,8.3861,8.3861,8.3861,8.3861,8.3861,8.3861,8.3861,8.3861,8.3861,8.3861,8.3861,8.3861,8.3861,8.3861,8.3861,8.3861,8.3861,8.3861,8.3861,8.3861,8.3861,8.3861,8.3861,8.3861,8.3861,8.3861,8.3861,8.3861,8.3861,8.3861,8.3861,8.3861,8.3861,8.3861,8.3861,8.3861,8.3861,8.3861,8.3861,8.3861,8.3861,8.3861,8.3861,8.3861,8.3861,8.3861,8.3861,8.3861,8.3861,8.3861,8.3861,8.3861,8.3861,8.3861,8.3861,8.3861,8.3861,8.3861,8.3861,8.3861,8.3861,8.3861,8.3861,8.3861,8.3861,8.3861,8.3861,8.3861,8.3861,8.3861,8.3861,8.3861,8.3861,8.3861,8.3861,8.3861,8.3861,8.3861,8.3861,8.3861,8.3861,8.3861,8.3861,8.3861,8.3861,8.3861,8.3861,8.3861,8.3861,8.3861,8.3861,8.3861,8.3861,8.3861,8.3861,8.3861,8.3861,8.3861,8.3861,8.3861,8.3861,8.3861,8.3861,8.3861,8.3861,8.3861,8.3861,8.3861,8.3861,8.3861,8.3861,8.3861,8.3861,8.3861,8.3861,8.3861,8.3861,8.3861,8.3861,8.3861,8.3861,8.3861,8.3861,8.3861,8.3861,8.3861,8.3861,8.3861,8.3861,8.3861,8.3861,8.3861,8.3861,8.3861,8.3861,8.3861,8.3861,8.3861,8.3861,8.3861,8.3861,8.3861,8.3861,8.3861,8.3861,8.3861,8.3861,8.3861,8.3861,8.3861,8.3861,8.3861,8.3861,8.3861,8.3861,8.3861,8.3861,8.3861,8.3861,8.3861,8.3861,8.3861,8.3861,8.3861,8.3861,8.3861,8.3861,8.3861,8.3861,8.3861,8.3861,8.3861,8.3861,8.3861,8.3861,8.3861,8.3861,8.3861,8.3861,8.3861,8.3861,8.3861,8.3861,8.3861,8.3861,8.3861,8.3861,8.3861,8.3861,8.3861,8.3861,8.3861,8.3861,8.3861,8.3861,8.3861,8.3861,8.3861,8.3861,8.3861,8.3861,8.3861,8.3861,8.3861,8.3861,8.3861,8.3861,8.3861,8.3861,8.3861,8.3861,8.3861,8.3861,8.3861,8.3861,8.3861,8.3861,8.3861,8.3861,8.3861,8.3861,8.3861,8.3861,8.3861,8.3861,8.3861,8.3861,8.3861,8.3861,8.3861,8.3861,8.3861,8.3861,8.3861,8.3861,8.3861,8.3861,8.3861,8.3861,8.3861,8.3861,8.3861,8.3861,8.3861,8.3861,8.3861,8.3861,8.3861,8.3861,8.3861,8.3861,8.3861,8.3861,8.3861,8.3861,8.3861,8.3861,8.3861,8.3861,8.3861,8.3861,8.3861,8.3861,8.3861,8.3861,8.3861,8.3861,8.3861,8.3861,8.3861,8.3861,8.3861,8.3861,8.3861,8.3861,8.3861,8.3861,8.3861,8.3861,8.3861,8.3861,8.3861,8.3861,8.3861,8.3861,8.3861,8.3861,8.3861,8.3861,8.3861,8.3861,8.3861,8.3861,8.3861,8.3861,8.3861,8.3861,8.3861,8.3861,8.3861,8.3861,8.3861,8.3861,8.3861,8.3861,8.3861,8.3861,8.3861,8.3861,8.3861,8.3861,8.3861,8.3861,8.3861,8.3861,8.3861,8.3861,8.3861,8.3861,8.3861,8.3861,8.3861,8.3861,8.3861,8.3861,8.3861,8.3861,8.3861,8.3861,8.3861,8.3861,8.3861,8.3861,8.3861,8.3861,8.3861,8.3861,8.3861,8.3861,8.3861,8.3861,8.3861,8.3861,8.3861,8.3861,8.3861,8.3861,8.3861,8.3861,8.3861,8.3861,8.3861,8.3861,8.3861,8.3861,8.3861,8.3861,8.3861,8.3861,8.3861,8.3861,8.3861,8.3861,8.3861,8.3861,8.3861,8.3861,8.3861,8.3861,8.3861,8.3861,8.3861,8.3861,8.3861,8.3861,8.3861,8.3861,8.3861,8.3861,8.3861,8.3861,8.3861,8.3861,8.3861,8.3861,8.3861,8.3861,8.3861,8.3861,8.3861,8.3861,8.3861,8.3861,8.3861,8.3861,8.3861,8.3861,8.3861,8.3861,8.3861,8.3861,8.3861,8.3861,8.3861,8.3861,8.3861,8.3861,8.3861,8.3861,8.3861,8.3861,8.3861,8.3861,8.3861,8.3861,8.3861,8.3861,8.3861,8.3861,8.3861,8.3861,8.3861,8.3861,8.3861,8.3861,8.3861,8.3861,8.3861,8.3861,8.3861,8.3861,8.3861,8.3861,8.3861,8.3861,8.3861,8.3861,8.3861,8.3861,8.3861,8.3861,8.3861,8.3861,8.3861,8.3861,8.3861,8.3861,8.3861,8.3861,8.3861,8.3861,8.3861,8.3861,8.3861,8.3861,8.3861,8.3861,8.3861,8.3861,8.3861,8.3861,8.3861,8.3861,8.3861,8.3861,8.3861,8.3861,8.3861,8.3861,8.3861,8.3861,8.3861,8.3861,8.3861,8.3861,8.3861,8.3861,8.3861,8.3861,8.3861,8.3861,8.3861,8.3861,8.3861,8.3861,8.3861,8.3861,8.3861,8.3861,8.3861,8.3861,8.3861,8.3861,8.3861,8.3861,8.3861,8.3861,8.3861,8.3861,8.3861,8.3861,8.3861,8.3861,8.3861,8.3861,8.3861,8.3861,8.3861,8.3861,8.3861,8.3861,8.3861,8.3861,8.3861,8.3861,8.3861,8.3861,8.3861,8.3861,8.3861,8.3861,8.3861,8.3861,8.3861,8.3861,8.3861,8.3861,8.3861,8.3861,8.3861,8.3861,8.3861,8.3861,8.3861,8.3861,8.3861,8.3861,8.3861,8.3861,8.3861,8.3861,8.3861,8.3861,8.3861,8.3861,8.3861,8.3861,8.3861,8.3861,8.3861,8.3861,8.3861,8.3861,8.3861,8.3861,8.3861,8.3861,8.3861,8.3861,8.3861,8.3861,8.3861,8.3861,8.3861,8.3861,8.3861,8.3861,8.3861,8.3861,8.3861,8.3861,8.3861,8.3861,8.3861,8.3861,8.3861,8.3861,8.3861,8.3861,8.3861,8.3861,8.3861,8.3861,8.3861,8.3861,8.3861,8.3861,8.3861,8.3861,8.3861,8.3861,8.3861,8.3861,8.3861,8.3861,8.3861,8.3861,8.3861,8.3861,8.3861,8.3861,8.3861,8.3861,8.3861,8.3861,8.3861,8.3861,8.3861,8.3861,8.3861,8.3861,8.3861,8.3861,8.3861,8.3861,8.3861,8.3861,8.3861,8.3861,8.3861,8.3861,8.3861,8.3861,8.3861,8.3861,8.3861,8.3861,8.3861,8.3861,8.3861,8.3861,8.3861,8.3861,8.3861,8.3861,8.3861,8.3861,8.3861,8.3861,8.3861,8.3861,8.3861,8.3861,8.3861,8.3861,8.3861,8.3861,8.3861,8.3861,8.3861,8.3861,8.3861,8.3861,8.3861,8.3861,8.3861,8.3861,8.3861,8.3861,8.3861,8.3861,8.3861,8.3861,8.3861,8.3861,8.3861,8.3861,8.3861,8.3861,8.3861,8.3861,8.3861,8.3861,8.3861,8.3861,8.3861,8.3861,8.3861,8.3861,8.3861,8.3861,8.3861,8.3861,8.3861,8.3861,8.3861,8.3861,8.3861,8.3861,8.3861,8.3861,8.3861,8.3861,8.3861,8.3861,8.3861,8.3861,8.3861,8.3861,8.3861,8.3861,8.3861,8.3861,8.3861,8.3861,8.3861,8.3861,8.3861,8.3861,8.3861,8.3861,8.3861,8.3861,8.3861,8.3861,8.3861,8.3861,8.3861,8.3861,8.3861,8.3861,8.3861,8.3861,8.3861,8.3861,8.3861,8.3861,8.3861,8.3861,8.3861,8.3861,8.3861,8.3861,8.3861,8.3861,8.3861,8.3861,8.3861,8.3861,8.3861,8.3861,8.3861,8.3861,8.3861,8.3861,8.3861,8.3861,8.3861,8.3861,8.3861,8.3861,8.3861,8.3861
8.3786,8.3786,8.3786,8.3786,8.3786,8.3786,8.3786,8.3786,8.3786,8.3786,8.3786,8.3786,8.3786,8.3786,8.3786,8.3786,8.3786,8.3786,8.3786,8.3786,8.3786,8.3786,8.3786,8.3786,8.3786,8.3786,8.3786,8.3786,8.3786,8.3786,8.3786,8.3786,8.3786,8.3786,8.3786,8.3786,8.3786,8.3786,8.3786,8.3786,8.3786,8.3786,8.3786,8.3786,8.3786,8.3786,8.3786,8.3786,8.3786,8.3786,8.3786,8.3786,8.3786,8.3786,8.3786,8.3786,8.3786,8.3786,8.3786,8.3786,8.3786,8.3786,8.3786,8.3786,8.3786,8.3786,8.3786,8.3786,8.3786,8.3786,8.3786,8.3786,8.3786,8.3786,8.3786,8.3786,8.3786,8.3786,8.3786,8.3786,8.3786,8.3786,8.3786,8.3786,8.3786,8.3786,8.3786,8.3786,8.3786,8.3786,8.3786,8.3786,8.3786,8.3786,8.3786,8.3786,8.3786,8.3786,8.3786,8.3786,8.3786,8.3786,8.3786,8.3786,8.3786,8.3786,8.3786,8.3786,8.3786,8.3786,8.3786,8.3786,8.3786,8.3786,8.3786,8.3786,8.3786,8.3786,8.3786,8.3786,8.3786,8.3786,8.3786,8.3786,8.3786,8.3786,8.3786,8.3786,8.3786,8.3786,8.3786,8.3786,8.3786,8.3786,8.3786,8.3786,8.3786,8.3786,8.3786,8.3786,8.3786,8.3786,8.3786,8.3786,8.3786,8.3786,8.3786,8.3786,8.3786,8.3786,8.3786,8.3786,8.3786,8.3786,8.3786,8.3786,8.3786,8.3786,8.3786,8.3786,8.3786,8.3786,8.3786,8.3786,8.3786,8.3786,8.3786,8.3786,8.3786,8.3786,8.3786,8.3786,8.3786,8.3786,8.3786,8.3786,8.3786,8.3786,8.3786,8.3786,8.3786,8.3786,8.3786,8.3786,8.3786,8.3786,8.3786,8.3786,8.3786,8.3786,8.3786,8.3786,8.3786,8.3786,8.3786,8.3786,8.3786,8.3786,8.3786,8.3786,8.3786,8.3786,8.3786,8.3786,8.3786,8.3786,8.3786,8.3786,8.3786,8.3786,8.3786,8.3786,8.3786,8.3786,8.3786,8.3786,8.3786,8.3786,8.3786,8.3786,8.3786,8.3786,8.3786,8.3786,8.3786,8.3786,8.3786,8.3786,8.3786,8.3786,8.3786,8.3786,8.3786,8.3786,8.3786,8.3786,8.3786,8.3786,8.3786,8.3786,8.3786,8.3786,8.3786,8.3786,8.3786,8.3786,8.3786,8.3786,8.3786,8.3786,8.3786,8.3786,8.3786,8.3786,8.3786,8.3786,8.3786,8.3786,8.3786,8.3786,8.3786,8.3786,8.3786,8.3786,8.3786,8.3786,8.3786,8.3786,8.3786,8.3786,8.3786,8.3786,8.3786,8.3786,8.3786,8.3786,8.3786,8.3786,8.3786,8.3786,8.3786,8.3786,8.3786,8.3786,8.3786,8.3786,8.3786,8.3786,8.3786,8.3786,8.3786,8.3786,8.3786,8.3786,8.3786,8.3786,8.3786,8.3786,8.3786,8.3786,8.3786,8.3786,8.3786,8.3786,8.3786,8.3786,8.3786,8.3786,8.3786,8.3786,8.3786,8.3786,8.3786,8.3786,8.3786,8.3786,8.3786,8.3786,8.3786,8.3786,8.3786,8.3786,8.3786,8.3786,8.3786,8.3786,8.3786,8.3786,8.3786,8.3786,8.3786,8.3786,8.3786,8.3786,8.3786,8.3786,8.3786,8.3786,8.3786,8.3786,8.3786,8.3786,8.3786,8.3786,8.3786,8.3786,8.3786,8.3786,8.3786,8.3786,8.3786,8.3786,8.3786,8.3786,8.3786,8.3786,8.3786,8.3786,8.3786,8.3786,8.3786,8.3786,8.3786,8.3786,8.3786,8.3786,8.3786,8.3786,8.3786,8.3786,8.3786,8.3786,8.3786,8.3786,8.3786,8.3786,8.3786,8.3786,8.3786,8.3786,8.3786,8.3786,8.3786,8.3786,8.3786,8.3786,8.3786,8.3786,8.3786,8.3786,8.3786,8.3786,8.3786,8.3786,8.3786,8.3786,8.3786,8.3786,8.3786,8.3786,8.3786,8.3786,8.3786,8.3786,8.3786,8.3786,8.3786,8.3786,8.3786,8.3786,8.3786,8.3786,8.3786,8.3786,8.3786,8.3786,8.3786,8.3786,8.3786,8.3786,8.3786,8.3786,8.3786,8.3786,8.3786,8.3786,8.3786,8.3786,8.3786,8.3786,8.3786,8.3786,8.3786,8.3786,8.3786,8.3786,8.3786,8.3786,8.3786,8.3786,8.3786,8.3786,8.3786,8.3786,8.3786,8.3786,8.3786,8.3786,8.3786,8.3786,8.3786,8.3786,8.3786,8.3786,8.3786,8.3786,8.3786,8.3786,8.3786,8.3786,8.3786,8.3786,8.3786,8.3786,8.3786,8.3786,8.3786,8.3786,8.3786,8.3786,8.3786,8.3786,8.3786,8.3786,8.3786,8.3786,8.3786,8.3786,8.3786,8.3786,8.3786,8.3786,8.3786,8.3786,8.3786,8.3786,8.3786,8.3786,8.3786,8.3786,8.3786,8.3786,8.3786,8.3786,8.3786,8.3786,8.3786,8.3786,8.3786,8.3786,8.3786,8.3786,8.3786,8.3786,8.3786,8.3786,8.3786,8.3786,8.3786,8.3786,8.3786,8.3786,8.3786,8.3786,8.3786,8.3786,8.3786,8.3786,8.3786,8.3786,8.3786,8.3786,8.3786,8.3786,8.3786,8.3786,8.3786,8.3786,8.3786,8.3786,8.3786,8.3786,8.3786,8.3786,8.3786,8.3786,8.3786,8.3786,8.3786,8.3786,8.3786,8.3786,8.3786,8.3786,8.3786,8.3786,8.3786,8.3786,8.3786,8.3786,8.3786,8.3786,8.3786,8.3786,8.3786,8.3786,8.3786,8.3786,8.3786,8.3786,8.3786,8.3786,8.3786,8.3786,8.3786,8.3786,8.3786,8.3786,8.3786,8.3786,8.3786,8.3786,8.3786,8.3786,8.3786,8.3786,8.3786,8.3786,8.3786,8.3786,8.3786,8.3786,8.3786,8.3786,8.3786,8.3786,8.3786,8.3786,8.3786,8.3786,8.3786,8.3786,8.3786,8.3786,8.3786,8.3786,8.3786,8.3786,8.3786,8.3786,8.3786,8.3786,8.3786,8.3786,8.3786,8.3786,8.3786,8.3786,8.3786,8.3786,8.3786,8.3786,8.3786,8.3786,8.3786,8.3786,8.3786,8.3786,8.3786,8.3786,8.3786,8.3786,8.3786,8.3786,8.3786,8.3786,8.3786,8.3786,8.3786,8.3786,8.3786,8.3786,8.3786,8.3786,8.3786,8.3786,8.3786,8.3786,8.3786,8.3786,8.3786,8.3786,8.3786,8.3786,8.3786,8.3786,8.3786,8.3786,8.3786,8.3786,8.3786,8.3786,8.3786,8.3786,8.3786,8.3786,8.3786,8.3786,8.3786,8.3786,8.3786,8.3786,8.3786,8.3786,8.3786,8.3786,8.3786,8.3786,8.3786,8.3786,8.3786,8.3786,8.3786,8.3786,8.3786,8.3786,8.3786,8.3786,8.3786,8.3786,8.3786,8.3786,8.3786,8.3786,8.3786,8.3786,8.3786,8.3786,8.3786,8.3786,8.3786,8.3786,8.3786,8.3786,8.3786,8.3786,8.3786,8.3786,8.3786,8.3786,8.3786,8.3786,8.3786,8.3786,8.3786,8.3786,8.3786,8.3786,8.3786,8.3786,8.3786,8.3786,8.3786,8.3786,8.3786,8.3786,8.3786,8.3786,8.3786,8.3786,8.3786,8.3786,8.3786,8.3786,8.3786,8.3786,8.3786,8.3786,8.3786,8.3786,8.3786,8.3786,8.3786,8.3786,8.3786,8.3786,8.3786,8.3786,8.3786,8.3786,8.3786,8.3786,8.3786,8.3786,8.3786,8.3786,8.3786,8.3786,8.3786,8.3786,8.3786,8.3786,8.3786,8.3786,8.3786,8.3786,8.3786,8.3786,8.3786,8.3786,8.3786,8.3786,8.3786,8.3786,8.3786,8.3786,8.3786,8.3786,8.3786,8.3786,8.3786,8.3786,8.3786,8.3786,8.3786,8.3786,8.3786,8.3786,8.3786,8.3786,8.3786,8.3786,8.3786,8.3786,8.3786,8.3786,8.3786,8.3786,8.3786,8.3786,8.3786,8.3786,8.3786,8.3786,8.3786,8.3786,8.3786,8.3786,8.3786,8.3786,8.3786,8.3786,8.3786,8.3786,8.3786,8.3786,8.3786,8.3786,8.3786,8.3786,8.3786,8.3786,8.3786,8.3786,8.3786,8.3786,8.3786,8.3786,8.3786,8.3786,8.3786,8.3786,8.3786,8.3786,8.3786,8.3786,8.3786,8.3786,8.3786,8.3786,8.3786,8.3786,8.3786,8.3786,8.3786,8.3786,8.3786,8.3786,8.3786,8.3786,8.3786,8.3786,8.3786,8.3786,8.3786,8.3786,8.3786,8.3786,8.3786,8.3786,8.3786,8.3786,8.3786,8.3786,8.3786,8.3786,8.3786,8.3786,8.3786,8.3786,8.3786,8.3786,8.3786,8.3786,8.3786,8.3786,8.3786,8.3786,8.3786,8.3786,8.3786,8.3786,8.3786,8.3786,8.3786,8.3786,8.3786,8.3786,8.3786,8.3786,8.3786,8.3786,8.3786,8.3786,8.3786,8.3786,8.3786,8.3786,8.3786,8.3786,8.3786,8.3786,8.3786,8.3786,8.3786,8.3786,8.3786,8.3786,8.3786,8.3786,8.3786,8.3786,8.3786,8.3786,8.3786,8.3786,8.3786,8.3786,8.3786,8.3786,8.3786,8.3786,8.3786,8.3786,8.3786,8.3786,8.3786,8.3786,8.3786,8.3786,8.3786,8.3786,8.3786,8.3786,8.3786,8.3786,8.3786,8.3786,8.3786,8.3786,8.3786,8.3786,8.3786,8.3786,8.3786,8.3786,8.3786,8.3786,8.3786,8.3786,8.3786,8.3786,8.3786,8.3786,8.3786,8.3786,8.3786,8.3786,8.3786,8.3786,8.3786,8.3786,8.3786,8.3786,8.3786,8.3786,8.3786,8.3786,8.3786,8.3786
8.3706,8.3706,8.3706,8.3706,8.3706,8.3706,8.3706,8.3706,8.3706,8.3706,8.3706,8.3706,8.3706,8.3706,8.3706,8.3706,8.3706,8.3706,8.3706,8.3706,8.3706,8.3706,8.3706,8.3706,8.3706,8.3706,8.3706,8.3706,8.3706,8.3706,8.3706,8.3706,8.3706,8.3706,8.3706,8.3706,8.3706,8.3706,8.3706,8.3706,8.3706,8.3706,8.3706,8.3706,8.3706,8.3706,8.3706,8.3706,8.3706,8.3706,8.3706,8.3706,8.3706,8.3706,8.3706,8.3706,8.3706,8.3706,8.3706,8.3706,8.3706,8.3706,8.3706,8.3706,8.3706,8.3706,8.3706,8.3706,8.3706,8.3706,8.3706,8.3706,8.3706,8.3706,8.3706,8.3706,8.3706,8.3706,8.3706,8.3706,8.3706,8.3706,8.3706,8.3706,8.3706,8.3706,8.3706,8.3706,8.3706,8.3706,8.3706,8.3706,8.3706,8.3706,8.3706,8.3706,8.3706,8.3706,8.3706,8.3706,8.3706,8.3706,8.3706,8.3706,8.3706,8.3706,8.3706,8.3706,8.3706,8.3706,8.3706,8.3706,8.3706,8.3706,8.3706,8.3706,8.3706,8.3706,8.3706,8.3706,8.3706,8.3706,8.3706,8.3706,8.3706,8.3706,8.3706,8.3706,8.3706,8.3706,8.3706,8.3706,8.3706,8.3706,8.3706,8.3706,8.3706,8.3706,8.3706,8.3706,8.3706,8.3706,8.3706,8.3706,8.3706,8.3706,8.3706,8.3706,8.3706,8.3706,8.3706,8.3706,8.3706,8.3706,8.3706,8.3706,8.3706,8.3706,8.3706,8.3706,8.3706,8.3706,8.3706,8.3706,8.3706,8.3706,8.3706,8.3706,8.3706,8.3706,8.3706,8.3706,8.3706,8.3706,8.3706,8.3706,8.3706,8.3706,8.3706,8.3706,8.3706,8.3706,8.3706,8.3706,8.3706,8.3706,8.3706,8.3706,8.3706,8.3706,8.3706,8.3706,8.3706,8.3706,8.3706,8.3706,8.3706,8.3706,8.3706,8.3706,8.3706,8.3706,8.3706,8.3706,8.3706,8.3706,8.3706,8.3706,8.3706,8.3706,8.3706,8.3706,8.3706,8.3706,8.3706,8.3706,8.3706,8.3706,8.3706,8.3706,8.3706,8.3706,8.3706,8.3706,8.3706,8.3706,8.3706,8.3706,8.3706,8.3706,8.3706,8.3706,8.3706,8.3706,8.3706,8.3706,8.3706,8.3706,8.3706,8.3706,8.3706,8.3706,8.3706,8.3706,8.3706,8.3706,8.3706,8.3706,8.3706,8.3706,8.3706,8.3706,8.3706,8.3706,8.3706,8.3706,8.3706,8.3706,8.3706,8.3706,8.3706,8.3706,8.3706,8.3706,8.3706,8.3706,8.3706,8.3706,8.3706,8.3706,8.3706,8.3706,8.3706,8.3706,8.3706,8.3706,8.3706,8.3706,8.3706,8.3706,8.3706,8.3706,8.3706,8.3706,8.3706,8.3706,8.3706,8.3706,8.3706,8.3706,8.3706,8.3706,8.3706,8.3706,8.3706,8.3706,8.3706,8.3706,8.3706,8.3706,8.3706,8.3706,8.3706,8.3706,8.3706,8.3706,8.3706,8.3706,8.3706,8.3706,8.3706,8.3706,8.3706,8.3706,8.3706,8.3706,8.3706,8.3706,8.3706,8.3706,8.3706,8.3706,8.3706,8.3706,8.3706,8.3706,8.3706,8.3706,8.3706,8.3706,8.3706,8.3706,8.3706,8.3706,8.3706,8.3706,8.3706,8.3706,8.3706,8.3706,8.3706,8.3706,8.3706,8.3706,8.3706,8.3706,8.3706,8.3706,8.3706,8.3706,8.3706,8.3706,8.3706,8.3706,8.3706,8.3706,8.3706,8.3706,8.3706,8.3706,8.3706,8.3706,8.3706,8.3706,8.3706,8.3706,8.3706,8.3706,8.3706,8.3706,8.3706,8.3706,8.3706,8.3706,8.3706,8.3706,8.3706,8.3706,8.3706,8.3706,8.3706,8.3706,8.3706,8.3706,8.3706,8.3706,8.3706,8.3706,8.3706,8.3706,8.3706,8.3706,8.3706,8.3706,8.3706,8.3706,8.3706,8.3706,8.3706,8.3706,8.3706,8.3706,8.3706,8.3706,8.3706,8.3706,8.3706,8.3706,8.3706,8.3706,8.3706,8.3706,8.3706,8.3706,8.3706,8.3706,8.3706,8.3706,8.3706,8.3706,8.3706,8.3706,8.3706,8.3706,8.3706,8.3706,8.3706,8.3706,8.3706,8.3706,8.3706,8.3706,8.3706,8.3706,8.3706,8.3706,8.3706,8.3706,8.3706,8.3706,8.3706,8.3706,8.3706,8.3706,8.3706,8.3706,8.3706,8.3706,8.3706,8.3706,8.3706,8.3706,8.3706,8.3706,8.3706,8.3706,8.3706,8.3706,8.3706,8.3706,8.3706,8.3706,8.3706,8.3706,8.3706,8.3706,8.3706,8.3706,8.3706,8.3706,8.3706,8.3706,8.3706,8.3706,8.3706,8.3706,8.3706,8.3706,8.3706,8.3706,8.3706,8.3706,8.3706,8.3706,8.3706,8.3706,8.3706,8.3706,8.3706,8.3706,8.3706,8.3706,8.3706,8.3706,8.3706,8.3706,8.3706,8.3706,8.3706,8.3706,8.3706,8.3706,8.3706,8.3706,8.3706,8.3706,8.3706,8.3706,8.3706,8.3706,8.3706,8.3706,8.3706,8.3706,8.3706,8.3706,8.3706,8.3706,8.3706,8.3706,8.3706,8.3706,8.3706,8.3706,8.3706,8.3706,8.3706,8.3706,8.3706,8.3706,8.3706,8.3706,8.3706,8.3706,8.3706,8.3706,8.3706,8.3706,8.3706,8.3706,8.3706,8.3706,8.3706,8.3706,8.3706,8.3706,8.3706,8.3706,8.3706,8.3706,8.3706,8.3706,8.3706,8.3706,8.3706,8.3706,8.3706,8.3706,8.3706,8.3706,8.3706,8.3706,8.3706,8.3706,8.3706,8.3706,8.3706,8.3706,8.3706,8.3706,8.3706,8.3706,8.3706,8.3706,8.3706,8.3706,8.3706,8.3706,8.3706,8.3706,8.3706,8.3706,8.3706,8.3706,8.3706,8.3706,8.3706,8.3706,8.3706,8.3706,8.3706,8.3706,8.3706,8.3706,8.3706,8.3706,8.3706,8.3706,8.3706,8.3706,8.3706,8.3706,8.3706,8.3706,8.3706,8.3706,8.3706,8.3706,8.3706,8.3706,8.3706,8.3706,8.3706,8.3706,8.3706,8.3706,8.3706,8.3706,8.3706,8.3706,8.3706,8.3706,8.3706,8.3706,8.3706,8.3706,8.3706,8.3706,8.3706,8.3706,8.3706,8.3706,8.3706,8.3706,8.3706,8.3706,8.3706,8.3706,8.3706,8.3706,8.3706,8.3706,8.3706,8.3706,8.3706,8.3706,8.3706,8.3706,8.3706,8.3706,8.3706,8.3706,8.3706,8.3706,8.3706,8.3706,8.3706,8.3706,8.3706,8.3706,8.3706,8.3706,8.3706,8.3706,8.3706,8.3706,8.3706,8.3706,8.3706,8.3706,8.3706,8.3706,8.3706,8.3706,8.3706,8.3706,8.3706,8.3706,8.3706,8.3706,8.3706,8.3706,8.3706,8.3706,8.3706,8.3706,8.3706,8.3706,8.3706,8.3706,8.3706,8.3706,8.3706,8.3706,8.3706,8.3706,8.3706,8.3706,8.3706,8.3706,8.3706,8.3706,8.3706,8.3706,8.3706,8.3706,8.3706,8.3706,8.3706,8.3706,8.3706,8.3706,8.3706,8.3706,8.3706,8.3706,8.3706,8.3706,8.3706,8.3706,8.3706,8.3706,8.3706,8.3706,8.3706,8.3706,8.3706,8.3706,8.3706,8.3706,8.3706,8.3706,8.3706,8.3706,8.3706,8.3706,8.3706,8.3706,8.3706,8.3706,8.3706,8.3706,8.3706,8.3706,8.3706,8.3706,8.3706,8.3706,8.3706,8.3706,8.3706,8.3706,8.3706,8.3706,8.3706,8.3706,8.3706,8.3706,8.3706,8.3706,8.3706,8.3706,8.3706,8.3706,8.3706,8.3706,8.3706,8.3706,8.3706,8.3706,8.3706,8.3706,8.3706,8.3706,8.3706,8.3706,8.3706,8.3706,8.3706,8.3706,8.3706,8.3706,8.3706,8.3706,8.3706,8.3706,8.3706,8.3706,8.3706,8.3706,8.3706,8.3706,8.3706,8.3706,8.3706,8.3706,8.3706,8.3706,8.3706,8.3706,8.3706,8.3706,8.3706,8.3706,8.3706,8.3706,8.3706,8.3706,8.3706,8.3706,8.3706,8.3706,8.3706,8.3706,8.3706,8.3706,8.3706,8.3706,8.3706,8.3706,8.3706,8.3706,8.3706,8.3706,8.3706,8.3706,8.3706,8.3706,8.3706,8.3706,8.3706,8.3706,8.3706,8.3706,8.3706,8.3706,8.3706,8.3706,8.3706,8.3706,8.3706,8.3706,8.3706,8.3706,8.3706,8.3706,8.3706,8.3706,8.3706,8.3706,8.3706,8.3706,8.3706,8.3706,8.3706,8.3706,8.3706,8.3706,8.3706,8.3706,8.3706,8.3706,8.3706,8.3706,8.3706,8.3706,8.3706,8.3706,8.3706,8.3706,8.3706,8.3706,8.3706,8.3706,8.3706,8.3706,8.3706,8.3706,8.3706,8.3706,8.3706,8.3706,8.3706,8.3706,8.3706,8.3706,8.3706,8.3706,8.3706,8.3706,8.3706,8.3706,8.3706,8.3706,8.3706,8.3706,8.3706,8.3706,8.3706,8.3706,8.3706,8.3706,8.3706,8.3706,8.3706,8.3706,8.3706,8.3706,8.3706,8.3706,8.3706,8.3706,8.3706,8.3706,8.3706,8.3706,8.3706,8.3706,8.3706,8.3706,8.3706,8.3706,8.3706,8.3706,8.3706,8.3706,8.3706,8.3706,8.3706,8.3706,8.3706,8.3706,8.3706,8.3706,8.3706,8.3706,8.3706,8.3706,8.3706,8.3706,8.3706,8.3706,8.3706,8.3706,8.3706,8.3706,8.3706,8.3706,8.3706,8.3706,8.3706,8.3706,8.3706,8.3706,8.3706,8.3706,8.3706,8.3706,8.3706,8.3706
8.3627,8.3627,8.3627,8.3627,8.3627,8.3627,8.3627,8.3627,8.3627,8.3627,8.3627,8.3627,8.3627,8.3627,8.3627,8.3627,8.3627,8.3627,8.3627,8.3627,8.3627,8.3627,8.3627,8.3627,8.3627,8.3627,8.3627,8.3627,8.3627,8.3627,8.3627,8.3627,8.3627,8.3627,8.3627,8.3627,8.3627,8.3627,8.3627,8.3627,8.3627,8.3627,8.3627,8.3627,8.3627,8.3627,8.3627,8.3627,8.3627,8.3627,8.3627,8.3627,8.3627,8.3627,8.3627,8.3627,8.3627,8.3627,8.3627,8.3627,8.3627,8.3627,8.3627,8.3627,8.3627,8.3627,8.3627,8.3627,8.3627,8.3627,8.3627,8.3627,8.3627,8.3627,8.3627,8.3627,8.3627,8.3627,8.3627,8.3627,8.3627,8.3627,8.3627,8.3627,8.3627,8.3627,8.3627,8.3627,8.3627,8.3627,8.3627,8.3627,8.3627,8.3627,8.3627,8.3627,8.3627,8.3627,8.3627,8.3627,8.3627,8.3627,8.3627,8.3627,8.3627,8.3627,8.3627,8.3627,8.3627,8.3627,8.3627,8.3627,8.3627,8.3627,8.3627,8.3627,8.3627,8.3627,8.3627,8.3627,8.3627,8.3627,8.3627,8.3627,8.3627,8.3627,8.3627,8.3627,8.3627,8.3627,8.3627,8.3627,8.3627,8.3627,8.3627,8.3627,8.3627,8.3627,8.3627,8.3627,8.3627,8.3627,8.3627,8.3627,8.3627,8.3627,8.3627,8.3627,8.3627,8.3627,8.3627,8.3627,8.3627,8.3627,8.3627,8.3627,8.3627,8.3627,8.3627,8.3627,8.3627,8.3627,8.3627,8.3627,8.3627,8.3627,8.3627,8.3627,8.3627,8.3627,8.3627,8.3627,8.3627,8.3627,8.3627,8.3627,8.3627,8.3627,8.3627,8.3627,8.3627,8.3627,8.3627,8.3627,8.3627,8.3627,8.3627,8.3627,8.3627,8.3627,8.3627,8.3627,8.3627,8.3627,8.3627,8.3627,8.3627,8.3627,8.3627,8.3627,8.3627,8.3627,8.3627,8.3627,8.3627,8.3627,8.3627,8.3627,8.3627,8.3627,8.3627,8.3627,8.3627,8.3627,8.3627,8.3627,8.3627,8.3627,8.3627,8.3627,8.3627,8.3627,8.3627,8.3627,8.3627,8.3627,8.3627,8.3627,8.3627,8.3627,8.3627,8.3627,8.3627,8.3627,8.3627,8.3627,8.3627,8.3627,8.3627,8.3627,8.3627,8.3627,8.3627,8.3627,8.3627,8.3627,8.3627,8.3627,8.3627,8.3627,8.3627,8.3627,8.3627,8.3627,8.3627,8.3627,8.3627,8.3627,8.3627,8.3627,8.3627,8.3627,8.3627,8.3627,8.3627,8.3627,8.3627,8.3627,8.3627,8.3627,8.3627,8.3627,8.3627,8.3627,8.3627,8.3627,8.3627,8.3627,8.3627,8.3627,8.3627,8.3627,8.3627,8.3627,8.3627,8.3627,8.3627,8.3627,8.3627,8.3627,8.3627,8.3627,8.3627,8.3627,8.3627,8.3627,8.3627,8.3627,8.3627,8.3627,8.3627,8.3627,8.3627,8.3627,8.3627,8.3627,8.3627,8.3627,8.3627,8.3627,8.3627,8.3627,8.3627,8.3627,8.3627,8.3627,8.3627,8.3627,8.3627,8.3627,8.3627,8.3627,8.3627,8.3627,8.3627,8.3627,8.3627,8.3627,8.3627,8.3627,8.3627,8.3627,8.3627,8.3627,8.3627,8.3627,8.3627,8.3627,8.3627,8.3627,8.3627,8.3627,8.3627,8.3627,8.3627,8.3627,8.3627,8.3627,8.3627,8.3627,8.3627,8.3627,8.3627,8.3627,8.3627,8.3627,8.3627,8.3627,8.3627,8.3627,8.3627,8.3627,8.3627,8.3627,8.3627,8.3627,8.3627,8.3627,8.3627,8.3627,8.3627,8.3627,8.3627,8.3627,8.3627,8.3627,8.3627,8.3627,8.3627,8.3627,8.3627,8.3627,8.3627,8.3627,8.3627,8.3627,8.3627,8.3627,8.3627,8.3627,8.3627,8.3627,8.3627,8.3627,8.3627,8.3627,8.3627,8.3627,8.3627,8.3627,8.3627,8.3627,8.3627,8.3627,8.3627,8.3627,8.3627,8.3627,8.3627,8.3627,8.3627,8.3627,8.3627,8.3627,8.3627,8.3627,8.3627,8.3627,8.3627,8.3627,8.3627,8.3627,8.3627,8.3627,8.3627,8.3627,8.3627,8.3627,8.3627,8.3627,8.3627,8.3627,8.3627,8.3627,8.3627,8.3627,8.3627,8.3627,8.3627,8.3627,8.3627,8.3627,8.3627,8.3627,8.3627,8.3627,8.3627,8.3627,8.3627,8.3627,8.3627,8.3627,8.3627,8.3627,8.3627,8.3627,8.3627,8.3627,8.3627,8.3627,8.3627,8.3627,8.3627,8.3627,8.3627,8.3627,8.3627,8.3627,8.3627,8.3627,8.3627,8.3627,8.3627,8.3627,8.3627,8.3627,8.3627,8.3627,8.3627,8.3627,8.3627,8.3627,8.3627,8.3627,8.3627,8.3627,8.3627,8.3627,8.3627,8.3627,8.3627,8.3627,8.3627,8.3627,8.3627,8.3627,8.3627,8.3627,8.3627,8.3627,8.3627,8.3627,8.3627,8.3627,8.3627,8.3627,8.3627,8.3627,8.3627,8.3627,8.3627,8.3627,8.3627,8.3627,8.3627,8.3627,8.3627,8.3627,8.3627,8.3627,8.3627,8.3627,8.3627,8.3627,8.3627,8.3627,8.3627,8.3627,8.3627,8.3627,8.3627,8.3627,8.3627,8.3627,8.3627,8.3627,8.3627,8.3627,8.3627,8.3627,8.3627,8.3627,8.3627,8.3627,8.3627,8.3627,8.3627,8.3627,8.3627,8.3627,8.3627,8.3627,8.3627,8.3627,8.3627,8.3627,8.3627,8.3627,8.3627,8.3627,8.3627,8.3627,8.3627,8.3627,8.3627,8.3627,8.3627,8.3627,8.3627,8.3627,8.3627,8.3627,8.3627,8.3627,8.3627,8.3627,8.3627,8.3627,8.3627,8.3627,8.3627,8.3627,8.3627,8.3627,8.3627,8.3627,8.3627,8.3627,8.3627,8.3627,8.3627,8.3627,8.3627,8.3627,8.3627,8.3627,8.3627,8.3627,8.3627,8.3627,8.3627,8.3627,8.3627,8.3627,8.3627,8.3627,8.3627,8.3627,8.3627,8.3627,8.3627,8.3627,8.3627,8.3627,8.3627,8.3627,8.3627,8.3627,8.3627,8.3627,8.3627,8.3627,8.3627,8.3627,8.3627,8.3627,8.3627,8.3627,8.3627,8.3627,8.3627,8.3627,8.3627,8.3627,8.3627,8.3627,8.3627,8.3627,8.3627,8.3627,8.3627,8.3627,8.3627,8.3627,8.3627,8.3627,8.3627,8.3627,8.3627,8.3627,8.3627,8.3627,8.3627,8.3627,8.3627,8.3627,8.3627,8.3627,8.3627,8.3627,8.3627,8.3627,8.3627,8.3627,8.3627,8.3627,8.3627,8.3627,8.3627,8.3627,8.3627,8.3627,8.3627,8.3627,8.3627,8.3627,8.3627,8.3627,8.3627,8.3627,8.3627,8.3627,8.3627,8.3627,8.3627,8.3627,8.3627,8.3627,8.3627,8.3627,8.3627,8.3627,8.3627,8.3627,8.3627,8.3627,8.3627,8.3627,8.3627,8.3627,8.3627,8.3627,8.3627,8.3627,8.3627,8.3627,8.3627,8.3627,8.3627,8.3627,8.3627,8.3627,8.3627,8.3627,8.3627,8.3627,8.3627,8.3627,8.3627,8.3627,8.3627,8.3627,8.3627,8.3627,8.3627,8.3627,8.3627,8.3627,8.3627,8.3627,8.3627,8.3627,8.3627,8.3627,8.3627,8.3627,8.3627,8.3627,8.3627,8.3627,8.3627,8.3627,8.3627,8.3627,8.3627,8.3627,8.3627,8.3627,8.3627,8.3627,8.3627,8.3627,8.3627,8.3627,8.3627,8.3627,8.3627,8.3627,8.3627,8.3627,8.3627,8.3627,8.3627,8.3627,8.3627,8.3627,8.3627,8.3627,8.3627,8.3627,8.3627,8.3627,8.3627,8.3627,8.3627,8.3627,8.3627,8.3627,8.3627,8.3627,8.3627,8.3627,8.3627,8.3627,8.3627,8.3627,8.3627,8.3627,8.3627,8.3627,8.3627,8.3627,8.3627,8.3627,8.3627,8.3627,8.3627,8.3627,8.3627,8.3627,8.3627,8.3627,8.3627,8.3627,8.3627,8.3627,8.3627,8.3627,8.3627,8.3627,8.3627,8.3627,8.3627,8.3627,8.3627,8.3627,8.3627,8.3627,8.3627,8.3627,8.3627,8.3627,8.3627,8.3627,8.3627,8.3627,8.3627,8.3627,8.3627,8.3627,8.3627,8.3627,8.3627,8.3627,8.3627,8.3627,8.3627,8.3627,8.3627,8.3627,8.3627,8.3627,8.3627,8.3627,8.3627,8.3627,8.3627,8.3627,8.3627,8.3627,8.3627,8.3627,8.3627,8.3627,8.3627,8.3627,8.3627,8.3627,8.3627,8.3627,8.3627,8.3627,8.3627,8.3627,8.3627,8.3627,8.3627,8.3627,8.3627,8.3627,8.3627,8.3627,8.3627,8.3627,8.3627,8.3627,8.3627,8.3627,8.3627,8.3627,8.3627,8.3627,8.3627,8.3627,8.3627,8.3627,8.3627,8.3627,8.3627,8.3627,8.3627,8.3627,8.3627,8.3627,8.3627,8.3627,8.3627,8.3627,8.3627,8.3627,8.3627,8.3627,8.3627,8.3627,8.3627,8.3627,8.3627,8.3627,8.3627,8.3627,8.3627,8.3627,8.3627,8.3627,8.3627,8.3627,8.3627,8.3627,8.3627,8.3627,8.3627,8.3627,8.3627,8.3627,8.3627,8.3627,8.3627,8.3627,8.3627,8.3627,8.3627,8.3627,8.3627,8.3627,8.3627,8.3627,8.3627,8.3627,8.3627,8.3627,8.3627,8.3627,8.3627,8.3627,8.3627,8.3627,8.3627,8.3627,8.3627,8.3627,8.3627,8.3627,8.3627,8.3627,8.3627,8.3627,8.3627,8.3627,8.3627,8.3627
8.3548,8.3548,8.3548,8.3548,8.3548,8.3548,8.3548,8.3548,8.3548,8.3548,8.3548,8.3548,8.3548,8.3548,8.3548,8.3548,8.3548,8.3548,8.3548,8.3548,8.3548,8.3548,8.3548,8.3548,8.3548,8.3548,8.3548,8.3548,8.3548,8.3548,8.3548,8.3548,8.3548,8.3548,8.3548,8.3548,8.3548,8.3548,8.3548,8.3548,8.3548,8.3548,8.3548,8.3548,8.3548,8.3548,8.3548,8.3548,8.3548,8.3548,8.3548,8.3548,8.3548,8.3548,8.3548,8.3548,8.3548,8.3548,8.3548,8.3548,8.3548,8.3548,8.3548,8.3548,8.3548,8.3548,8.3548,8.3548,8.3548,8.3548,8.3548,8.3548,8.3548,8.3548,8.3548,8.3548,8.3548,8.3548,8.3548,8.3548,8.3548,8.3548,8.3548,8.3548,8.3548,8.3548,8.3548,8.3548,8.3548,8.3548,8.3548,8.3548,8.3548,8.3548,8.3548,8.3548,8.3548,8.3548,8.3548,8.3548,8.3548,8.3548,8.3548,8.3548,8.3548,8.3548,8.3548,8.3548,8.3548,8.3548,8.3548,8.3548,8.3548,8.3548,8.3548,8.3548,8.3548,8.3548,8.3548,8.3548,8.3548,8.3548,8.3548,8.3548,8.3548,8.3548,8.3548,8.3548,8.3548,8.3548,8.3548,8.3548,8.3548,8.3548,8.3548,8.3548,8.3548,8.3548,8.3548,8.3548,8.3548,8.3548,8.3548,8.3548,8.3548,8.3548,8.3548,8.3548,8.3548,8.3548,8.3548,8.3548,8.3548,8.3548,8.3548,8.3548,8.3548,8.3548,8.3548,8.3548,8.3548,8.3548,8.3548,8.3548,8.3548,8.3548,8.3548,8.3548,8.3548,8.3548,8.3548,8.3548,8.3548,8.3548,8.3548,8.3548,8.3548,8.3548,8.3548,8.3548,8.3548,8.3548,8.3548,8.3548,8.3548,8.3548,8.3548,8.3548,8.3548,8.3548,8.3548,8.3548,8.3548,8.3548,8.3548,8.3548,8.3548,8.3548,8.3548,8.3548,8.3548,8.3548,8.3548,8.3548,8.3548,8.3548,8.3548,8.3548,8.3548,8.3548,8.3548,8.3548,8.3548,8.3548,8.3548,8.3548,8.3548,8.3548,8.3548,8.3548,8.3548,8.3548,8.3548,8.3548,8.3548,8.3548,8.3548,8.3548,8.3548,8.3548,8.3548,8.3548,8.3548,8.3548,8.3548,8.3548,8.3548,8.3548,8.3548,8.3548,8.3548,8.3548,8.3548,8.3548,8.3548,8.3548,8.3548,8.3548,8.3548,8.3548,8.3548,8.3548,8.3548,8.3548,8.3548,8.3548,8.3548,8.3548,8.3548,8.3548,8.3548,8.3548,8.3548,8.3548,8.3548,8.3548,8.3548,8.3548,8.3548,8.3548,8.3548,8.3548,8.3548,8.3548,8.3548,8.3548,8.3548,8.3548,8.3548,8.3548,8.3548,8.3548,8.3548,8.3548,8.3548,8.3548,8.3548,8.3548,8.3548,8.3548,8.3548,8.3548,8.3548,8.3548,8.3548,8.3548,8.3548,8.3548,8.3548,8.3548,8.3548,8.3548,8.3548,8.3548,8.3548,8.3548,8.3548,8.3548,8.3548,8.3548,8.3548,8.3548,8.3548,8.3548,8.3548,8.3548,8.3548,8.3548,8.3548,8.3548,8.3548,8.3548,8.3548,8.3548,8.3548,8.3548,8.3548,8.3548,8.3548,8.3548,8.3548,8.3548,8.3548,8.3548,8.3548,8.3548,8.3548,8.3548,8.3548,8.3548,8.3548,8.3548,8.3548,8.3548,8.3548,8.3548,8.3548,8.3548,8.3548,8.3548,8.3548,8.3548,8.3548,8.3548,8.3548,8.3548,8.3548,8.3548,8.3548,8.3548,8.3548,8.3548,8.3548,8.3548,8.3548,8.3548,8.3548,8.3548,8.3548,8.3548,8.3548,8.3548,8.3548,8.3548,8.3548,8.3548,8.3548,8.3548,8.3548,8.3548,8.3548,8.3548,8.3548,8.3548,8.3548,8.3548,8.3548,8.3548,8.3548,8.3548,8.3548,8.3548,8.3548,8.3548,8.3548,8.3548,8.3548,8.3548,8.3548,8.3548,8.3548,8.3548,8.3548,8.3548,8.3548,8.3548,8.3548,8.3548,8.3548,8.3548,8.3548,8.3548,8.3548,8.3548,8.3548,8.3548,8.3548,8.3548,8.3548,8.3548,8.3548,8.3548,8.3548,8.3548,8.3548,8.3548,8.3548,8.3548,8.3548,8.3548,8.3548,8.3548,8.3548,8.3548,8.3548,8.3548,8.3548,8.3548,8.3548,8.3548,8.3548,8.3548,8.3548,8.3548,8.3548,8.3548,8.3548,8.3548,8.3548,8.3548,8.3548,8.3548,8.3548,8.3548,8.3548,8.3548,8.3548,8.3548,8.3548,8.3548,8.3548,8.3548,8.3548,8.3548,8.3548,8.3548,8.3548,8.3548,8.3548,8.3548,8.3548,8.3548,8.3548,8.3548,8.3548,8.3548,8.3548,8.3548,8.3548,8.3548,8.3548,8.3548,8.3548,8.3548,8.3548,8.3548,8.3548,8.3548,8.3548,8.3548,8.3548,8.3548,8.3548,8.3548,8.3548,8.3548,8.3548,8.3548,8.3548,8.3548,8.3548,8.3548,8.3548,8.3548,8.3548,8.3548,8.3548,8.3548,8.3548,8.3548,8.3548,8.3548,8.3548,8.3548,8.3548,8.3548,8.3548,8.3548,8.3548,8.3548,8.3548,8.3548,8.3548,8.3548,8.3548,8.3548,8.3548,8.3548,8.3548,8.3548,8.3548,8.3548,8.3548,8.3548,8.3548,8.3548,8.3548,8.3548,8.3548,8.3548,8.3548,8.3548,8.3548,8.3548,8.3548,8.3548,8.3548,8.3548,8.3548,8.3548,8.3548,8.3548,8.3548,8.3548,8.3548,8.3548,8.3548,8.3548,8.3548,8.3548,8.3548,8.3548,8.3548,8.3548,8.3548,8.3548,8.3548,8.3548,8.3548,8.3548,8.3548,8.3548,8.3548,8.3548,8.3548,8.3548,8.3548,8.3548,8.3548,8.3548,8.3548,8.3548,8.3548,8.3548,8.3548,8.3548,8.3548,8.3548,8.3548,8.3548,8.3548,8.3548,8.3548,8.3548,8.3548,8.3548,8.3548,8.3548,8.3548,8.3548,8.3548,8.3548,8.3548,8.3548,8.3548,8.3548,8.3548,8.3548,8.3548,8.3548,8.3548,8.3548,8.3548,8.3548,8.3548,8.3548,8.3548,8.3548,8.3548,8.3548,8.3548,8.3548,8.3548,8.3548,8.3548,8.3548,8.3548,8.3548,8.3548,8.3548,8.3548,8.3548,8.3548,8.3548,8.3548,8.3548,8.3548,8.3548,8.3548,8.3548,8.3548,8.3548,8.3548,8.3548,8.3548,8.3548,8.3548,8.3548,8.3548,8.3548,8.3548,8.3548,8.3548,8.3548,8.3548,8.3548,8.3548,8.3548,8.3548,8.3548,8.3548,8.3548,8.3548,8.3548,8.3548,8.3548,8.3548,8.3548,8.3548,8.3548,8.3548,8.3548,8.3548,8.3548,8.3548,8.3548,8.3548,8.3548,8.3548,8.3548,8.3548,8.3548,8.3548,8.3548,8.3548,8.3548,8.3548,8.3548,8.3548,8.3548,8.3548,8.3548,8.3548,8.3548,8.3548,8.3548,8.3548,8.3548,8.3548,8.3548,8.3548,8.3548,8.3548,8.3548,8.3548,8.3548,8.3548,8.3548,8.3548,8.3548,8.3548,8.3548,8.3548,8.3548,8.3548,8.3548,8.3548,8.3548,8.3548,8.3548,8.3548,8.3548,8.3548,8.3548,8.3548,8.3548,8.3548,8.3548,8.3548,8.3548,8.3548,8.3548,8.3548,8.3548,8.3548,8.3548,8.3548,8.3548,8.3548,8.3548,8.3548,8.3548,8.3548,8.3548,8.3548,8.3548,8.3548,8.3548,8.3548,8.3548,8.3548,8.3548,8.3548,8.3548,8.3548,8.3548,8.3548,8.3548,8.3548,8.3548,8.3548,8.3548,8.3548,8.3548,8.3548,8.3548,8.3548,8.3548,8.3548,8.3548,8.3548,8.3548,8.3548,8.3548,8.3548,8.3548,8.3548,8.3548,8.3548,8.3548,8.3548,8.3548,8.3548,8.3548,8.3548,8.3548,8.3548,8.3548,8.3548,8.3548,8.3548,8.3548,8.3548,8.3548,8.3548,8.3548,8.3548,8.3548,8.3548,8.3548,8.3548,8.3548,8.3548,8.3548,8.3548,8.3548,8.3548,8.3548,8.3548,8.3548,8.3548,8.3548,8.3548,8.3548,8.3548,8.3548,8.3548,8.3548,8.3548,8.3548,8.3548,8.3548,8.3548,8.3548,8.3548,8.3548,8.3548,8.3548,8.3548,8.3548,8.3548,8.3548,8.3548,8.3548,8.3548,8.3548,8.3548,8.3548,8.3548,8.3548,8.3548,8.3548,8.3548,8.3548,8.3548,8.3548,8.3548,8.3548,8.3548,8.3548,8.3548,8.3548,8.3548,8.3548,8.3548,8.3548,8.3548,8.3548,8.3548,8.3548,8.3548,8.3548,8.3548,8.3548,8.3548,8.3548,8.3548,8.3548,8.3548,8.3548,8.3548,8.3548,8.3548,8.3548,8.3548,8.3548,8.3548,8.3548,8.3548,8.3548,8.3548,8.3548,8.3548,8.3548,8.3548,8.3548,8.3548,8.3548,8.3548,8.3548,8.3548,8.3548,8.3548,8.3548,8.3548,8.3548,8.3548,8.3548,8.3548,8.3548,8.3548,8.3548,8.3548,8.3548,8.3548,8.3548,8.3548,8.3548,8.3548,8.3548,8.3548,8.3548,8.3548,8.3548,8.3548,8.3548,8.3548,8.3548,8.3548,8.3548,8.3548,8.3548,8.3548,8.3548,8.3548,8.3548,8.3548,8.3548,8.3548,8.3548,8.3548,8.3548,8.3548,8.3548,8.3548,8.3548,8.3548,8.3548,8.3548,8.3548,8.3548,8.3548,8.3548,8.3548,8.3548,8.3548,8.3548,8.3548,8.3548,8.3548,8.3548,8.3548,8.3548,8.3548,8.3548,8.3548,8.3548,8.3548,8.3548,8.3548
8.3465,8.3465,8.3465,8.3465,8.3465,8.3465,8.3465,8.3465,8.3465,8.3465,8.3465,8.3465,8.3465,8.3465,8.3465,8.3465,8.3465,8.3465,8.3465,8.3465,8.3465,8.3465,8.3465,8.3465,8.3465,8.3465,8.3465,8.3465,8.3465,8.3465,8.3465,8.3465,8.3465,8.3465,8.3465,8.3465,8.3465,8.3465,8.3465,8.3465,8.3465,8.3465,8.3465,8.3465,8.3465,8.3465,8.3465,8.3465,8.3465,8.3465,8.3465,8.3465,8.3465,8.3465,8.3465,8.3465,8.3465,8.3465,8.3465,8.3465,8.3465,8.3465,8.3465,8.3465,8.3465,8.3465,8.3465,8.3465,8.3465,8.3465,8.3465,8.3465,8.3465,8.3465,8.3465,8.3465,8.3465,8.3465,8.3465,8.3465,8.3465,8.3465,8.3465,8.3465,8.3465,8.3465,8.3465,8.3465,8.3465,8.3465,8.3465,8.3465,8.3465,8.3465,8.3465,8.3465,8.3465,8.3465,8.3465,8.3465,8.3465,8.3465,8.3465,8.3465,8.3465,8.3465,8.3465,8.3465,8.3465,8.3465,8.3465,8.3465,8.3465,8.3465,8.3465,8.3465,8.3465,8.3465,8.3465,8.3465,8.3465,8.3465,8.3465,8.3465,8.3465,8.3465,8.3465,8.3465,8.3465,8.3465,8.3465,8.3465,8.3465,8.3465,8.3465,8.3465,8.3465,8.3465,8.3465,8.3465,8.3465,8.3465,8.3465,8.3465,8.3465,8.3465,8.3465,8.3465,8.3465,8.3465,8.3465,8.3465,8.3465,8.3465,8.3465,8.3465,8.3465,8.3465,8.3465,8.3465,8.3465,8.3465,8.3465,8.3465,8.3465,8.3465,8.3465,8.3465,8.3465,8.3465,8.3465,8.3465,8.3465,8.3465,8.3465,8.3465,8.3465,8.3465,8.3465,8.3465,8.3465,8.3465,8.3465,8.3465,8.3465,8.3465,8.3465,8.3465,8.3465,8.3465,8.3465,8.3465,8.3465,8.3465,8.3465,8.3465,8.3465,8.3465,8.3465,8.3465,8.3465,8.3465,8.3465,8.3465,8.3465,8.3465,8.3465,8.3465,8.3465,8.3465,8.3465,8.3465,8.3465,8.3465,8.3465,8.3465,8.3465,8.3465,8.3465,8.3465,8.3465,8.3465,8.3465,8.3465,8.3465,8.3465,8.3465,8.3465,8.3465,8.3465,8.3465,8.3465,8.3465,8.3465,8.3465,8.3465,8.3465,8.3465,8.3465,8.3465,8.3465,8.3465,8.3465,8.3465,8.3465,8.3465,8.3465,8.3465,8.3465,8.3465,8.3465,8.3465,8.3465,8.3465,8.3465,8.3465,8.3465,8.3465,8.3465,8.3465,8.3465,8.3465,8.3465,8.3465,8.3465,8.3465,8.3465,8.3465,8.3465,8.3465,8.3465,8.3465,8.3465,8.3465,8.3465,8.3465,8.3465,8.3465,8.3465,8.3465,8.3465,8.3465,8.3465,8.3465,8.3465,8.3465,8.3465,8.3465,8.3465,8.3465,8.3465,8.3465,8.3465,8.3465,8.3465,8.3465,8.3465,8.3465,8.3465,8.3465,8.3465,8.3465,8.3465,8.3465,8.3465,8.3465,8.3465,8.3465,8.3465,8.3465,8.3465,8.3465,8.3465,8.3465,8.3465,8.3465,8.3465,8.3465,8.3465,8.3465,8.3465,8.3465,8.3465,8.3465,8.3465,8.3465,8.3465,8.3465,8.3465,8.3465,8.3465,8.3465,8.3465,8.3465,8.3465,8.3465,8.3465,8.3465,8.3465,8.3465,8.3465,8.3465,8.3465,8.3465,8.3465,8.3465,8.3465,8.3465,8.3465,8.3465,8.3465,8.3465,8.3465,8.3465,8.3465,8.3465,8.3465,8.3465,8.3465,8.3465,8.3465,8.3465,8.3465,8.3465,8.3465,8.3465,8.3465,8.3465,8.3465,8.3465,8.3465,8.3465,8.3465,8.3465,8.3465,8.3465,8.3465,8.3465,8.3465,8.3465,8.3465,8.3465,8.3465,8.3465,8.3465,8.3465,8.3465,8.3465,8.3465,8.3465,8.3465,8.3465,8.3465,8.3465,8.3465,8.3465,8.3465,8.3465,8.3465,8.3465,8.3465,8.3465,8.3465,8.3465,8.3465,8.3465,8.3465,8.3465,8.3465,8.3465,8.3465,8.3465,8.3465,8.3465,8.3465,8.3465,8.3465,8.3465,8.3465,8.3465,8.3465,8.3465,8.3465,8.3465,8.3465,8.3465,8.3465,8.3465,8.3465,8.3465,8.3465,8.3465,8.3465,8.3465,8.3465,8.3465,8.3465,8.3465,8.3465,8.3465,8.3465,8.3465,8.3465,8.3465,8.3465,8.3465,8.3465,8.3465,8.3465,8.3465,8.3465,8.3465,8.3465,8.3465,8.3465,8.3465,8.3465,8.3465,8.3465,8.3465,8.3465,8.3465,8.3465,8.3465,8.3465,8.3465,8.3465,8.3465,8.3465,8.3465,8.3465,8.3465,8.3465,8.3465,8.3465,8.3465,8.3465,8.3465,8.3465,8.3465,8.3465,8.3465,8.3465,8.3465,8.3465,8.3465,8.3465,8.3465,8.3465,8.3465,8.3465,8.3465,8.3465,8.3465,8.3465,8.3465,8.3465,8.3465,8.3465,8.3465,8.3465,8.3465,8.3465,8.3465,8.3465,8.3465,8.3465,8.3465,8.3465,8.3465,8.3465,8.3465,8.3465,8.3465,8.3465,8.3465,8.3465,8.3465,8.3465,8.3465,8.3465,8.3465,8.3465,8.3465,8.3465,8.3465,8.3465,8.3465,8.3465,8.3465,8.3465,8.3465,8.3465,8.3465,8.3465,8.3465,8.3465,8.3465,8.3465,8.3465,8.3465,8.3465,8.3465,8.3465,8.3465,8.3465,8.3465,8.3465,8.3465,8.3465,8.3465,8.3465,8.3465,8.3465,8.3465,8.3465,8.3465,8.3465,8.3465,8.3465,8.3465,8.3465,8.3465,8.3465,8.3465,8.3465,8.3465,8.3465,8.3465,8.3465,8.3465,8.3465,8.3465,8.3465,8.3465,8.3465,8.3465,8.3465,8.3465,8.3465,8.3465,8.3465,8.3465,8.3465,8.3465,8.3465,8.3465,8.3465,8.3465,8.3465,8.3465,8.3465,8.3465,8.3465,8.3465,8.3465,8.3465,8.3465,8.3465,8.3465,8.3465,8.3465,8.3465,8.3465,8.3465,8.3465,8.3465,8.3465,8.3465,8.3465,8.3465,8.3465,8.3465,8.3465,8.3465,8.3465,8.3465,8.3465,8.3465,8.3465,8.3465,8.3465,8.3465,8.3465,8.3465,8.3465,8.3465,8.3465,8.3465,8.3465,8.3465,8.3465,8.3465,8.3465,8.3465,8.3465,8.3465,8.3465,8.3465,8.3465,8.3465,8.3465,8.3465,8.3465,8.3465,8.3465,8.3465,8.3465,8.3465,8.3465,8.3465,8.3465,8.3465,8.3465,8.3465,8.3465,8.3465,8.3465,8.3465,8.3465,8.3465,8.3465,8.3465,8.3465,8.3465,8.3465,8.3465,8.3465,8.3465,8.3465,8.3465,8.3465,8.3465,8.3465,8.3465,8.3465,8.3465,8.3465,8.3465,8.3465,8.3465,8.3465,8.3465,8.3465,8.3465,8.3465,8.3465,8.3465,8.3465,8.3465,8.3465,8.3465,8.3465,8.3465,8.3465,8.3465,8.3465,8.3465,8.3465,8.3465,8.3465,8.3465,8.3465,8.3465,8.3465,8.3465,8.3465,8.3465,8.3465,8.3465,8.3465,8.3465,8.3465,8.3465,8.3465,8.3465,8.3465,8.3465,8.3465,8.3465,8.3465,8.3465,8.3465,8.3465,8.3465,8.3465,8.3465,8.3465,8.3465,8.3465,8.3465,8.3465,8.3465,8.3465,8.3465,8.3465,8.3465,8.3465,8.3465,8.3465,8.3465,8.3465,8.3465,8.3465,8.3465,8.3465,8.3465,8.3465,8.3465,8.3465,8.3465,8.3465,8.3465,8.3465,8.3465,8.3465,8.3465,8.3465,8.3465,8.3465,8.3465,8.3465,8.3465,8.3465,8.3465,8.3465,8.3465,8.3465,8.3465,8.3465,8.3465,8.3465,8.3465,8.3465,8.3465,8.3465,8.3465,8.3465,8.3465,8.3465,8.3465,8.3465,8.3465,8.3465,8.3465,8.3465,8.3465,8.3465,8.3465,8.3465,8.3465,8.3465,8.3465,8.3465,8.3465,8.3465,8.3465,8.3465,8.3465,8.3465,8.3465,8.3465,8.3465,8.3465,8.3465,8.3465,8.3465,8.3465,8.3465,8.3465,8.3465,8.3465,8.3465,8.3465,8.3465,8.3465,8.3465,8.3465,8.3465,8.3465,8.3465,8.3465,8.3465,8.3465,8.3465,8.3465,8.3465,8.3465,8.3465,8.3465,8.3465,8.3465,8.3465,8.3465,8.3465,8.3465,8.3465,8.3465,8.3465,8.3465,8.3465,8.3465,8.3465,8.3465,8.3465,8.3465,8.3465,8.3465,8.3465,8.3465,8.3465,8.3465,8.3465,8.3465,8.3465,8.3465,8.3465,8.3465,8.3465,8.3465,8.3465,8.3465,8.3465,8.3465,8.3465,8.3465,8.3465,8.3465,8.3465,8.3465,8.3465,8.3465,8.3465,8.3465,8.3465,8.3465,8.3465,8.3465,8.3465,8.3465,8.3465,8.3465,8.3465,8.3465,8.3465,8.3465,8.3465,8.3465,8.3465,8.3465,8.3465,8.3465,8.3465,8.3465,8.3465,8.3465,8.3465,8.3465,8.3465,8.3465,8.3465,8.3465,8.3465,8.3465,8.3465,8.3465,8.3465,8.3465,8.3465,8.3465,8.3465,8.3465,8.3465,8.3465,8.3465,8.3465,8.3465,8.3465,8.3465,8.3465,8.3465,8.3465,8.3465,8.3465,8.3465,8.3465,8.3465,8.3465,8.3465,8.3465,8.3465,8.3465,8.3465,8.3465,8.3465,8.3465,8.3465,8.3465,8.3465,8.3465,8.3465,8.3465,8.3465,8.3465,8.3465,8.3465,8.3465,8.3465,8.3465,8.3465,8.3465,8.3465,8.3465,8.3465,8.3465,8.3465,8.3465,8.3465,8.3465,8.3465
8.3395,8.3395,8.3395,8.3395,8.3395,8.3395,8.3395,8.3395,8.3395,8.3395,8.3395,8.3395,8.3395,8.3395,8.3395,8.3395,8.3395,8.3395,8.3395,8.3395,8.3395,8.3395,8.3395,8.3395,8.3395,8.3395,8.3395,8.3395,8.3395,8.3395,8.3395,8.3395,8.3395,8.3395,8.3395,8.3395,8.3395,8.3395,8.3395,8.3395,8.3395,8.3395,8.3395,8.3395,8.3395,8.3395,8.3395,8.3395,8.3395,8.3395,8.3395,8.3395,8.3395,8.3395,8.3395,8.3395,8.3395,8.3395,8.3395,8.3395,8.3395,8.3395,8.3395,8.3395,8.3395,8.3395,8.3395,8.3395,8.3395,8.3395,8.3395,8.3395,8.3395,8.3395,8.3395,8.3395,8.3395,8.3395,8.3395,8.3395,8.3395,8.3395,8.3395,8.3395,8.3395,8.3395,8.3395,8.3395,8.3395,8.3395,8.3395,8.3395,8.3395,8.3395,8.3395,8.3395,8.3395,8.3395,8.3395,8.3395,8.3395,8.3395,8.3395,8.3395,8.3395,8.3395,8.3395,8.3395,8.3395,8.3395,8.3395,8.3395,8.3395,8.3395,8.3395,8.3395,8.3395,8.3395,8.3395,8.3395,8.3395,8.3395,8.3395,8.3395,8.3395,8.3395,8.3395,8.3395,8.3395,8.3395,8.3395,8.3395,8.3395,8.3395,8.3395,8.3395,8.3395,8.3395,8.3395,8.3395,8.3395,8.3395,8.3395,8.3395,8.3395,8.3395,8.3395,8.3395,8.3395,8.3395,8.3395,8.3395,8.3395,8.3395,8.3395,8.3395,8.3395,8.3395,8.3395,8.3395,8.3395,8.3395,8.3395,8.3395,8.3395,8.3395,8.3395,8.3395,8.3395,8.3395,8.3395,8.3395,8.3395,8.3395,8.3395,8.3395,8.3395,8.3395,8.3395,8.3395,8.3395,8.3395,8.3395,8.3395,8.3395,8.3395,8.3395,8.3395,8.3395,8.3395,8.3395,8.3395,8.3395,8.3395,8.3395,8.3395,8.3395,8.3395,8.3395,8.3395,8.3395,8.3395,8.3395,8.3395,8.3395,8.3395,8.3395,8.3395,8.3395,8.3395,8.3395,8.3395,8.3395,8.3395,8.3395,8.3395,8.3395,8.3395,8.3395,8.3395,8.3395,8.3395,8.3395,8.3395,8.3395,8.3395,8.3395,8.3395,8.3395,8.3395,8.3395,8.3395,8.3395,8.3395,8.3395,8.3395,8.3395,8.3395,8.3395,8.3395,8.3395,8.3395,8.3395,8.3395,8.3395,8.3395,8.3395,8.3395,8.3395,8.3395,8.3395,8.3395,8.3395,8.3395,8.3395,8.3395,8.3395,8.3395,8.3395,8.3395,8.3395,8.3395,8.3395,8.3395,8.3395,8.3395,8.3395,8.3395,8.3395,8.3395,8.3395,8.3395,8.3395,8.3395,8.3395,8.3395,8.3395,8.3395,8.3395,8.3395,8.3395,8.3395,8.3395,8.3395,8.3395,8.3395,8.3395,8.3395,8.3395,8.3395,8.3395,8.3395,8.3395,8.3395,8.3395,8.3395,8.3395,8.3395,8.3395,8.3395,8.3395,8.3395,8.3395,8.3395,8.3395,8.3395,8.3395,8.3395,8.3395,8.3395,8.3395,8.3395,8.3395,8.3395,8.3395,8.3395,8.3395,8.3395,8.3395,8.3395,8.3395,8.3395,8.3395,8.3395,8.3395,8.3395,8.3395,8.3395,8.3395,8.3395,8.3395,8.3395,8.3395,8.3395,8.3395,8.3395,8.3395,8.3395,8.3395,8.3395,8.3395,8.3395,8.3395,8.3395,8.3395,8.3395,8.3395,8.3395,8.3395,8.3395,8.3395,8.3395,8.3395,8.3395,8.3395,8.3395,8.3395,8.3395,8.3395,8.3395,8.3395,8.3395,8.3395,8.3395,8.3395,8.3395,8.3395,8.3395,8.3395,8.3395,8.3395,8.3395,8.3395,8.3395,8.3395,8.3395,8.3395,8.3395,8.3395,8.3395,8.3395,8.3395,8.3395,8.3395,8.3395,8.3395,8.3395,8.3395,8.3395,8.3395,8.3395,8.3395,8.3395,8.3395,8.3395,8.3395,8.3395,8.3395,8.3395,8.3395,8.3395,8.3395,8.3395,8.3395,8.3395,8.3395,8.3395,8.3395,8.3395,8.3395,8.3395,8.3395,8.3395,8.3395,8.3395,8.3395,8.3395,8.3395,8.3395,8.3395,8.3395,8.3395,8.3395,8.3395,8.3395,8.3395,8.3395,8.3395,8.3395,8.3395,8.3395,8.3395,8.3395,8.3395,8.3395,8.3395,8.3395,8.3395,8.3395,8.3395,8.3395,8.3395,8.3395,8.3395,8.3395,8.3395,8.3395,8.3395,8.3395,8.3395,8.3395,8.3395,8.3395,8.3395,8.3395,8.3395,8.3395,8.3395,8.3395,8.3395,8.3395,8.3395,8.3395,8.3395,8.3395,8.3395,8.3395,8.3395,8.3395,8.3395,8.3395,8.3395,8.3395,8.3395,8.3395,8.3395,8.3395,8.3395,8.3395,8.3395,8.3395,8.3395,8.3395,8.3395,8.3395,8.3395,8.3395,8.3395,8.3395,8.3395,8.3395,8.3395,8.3395,8.3395,8.3395,8.3395,8.3395,8.3395,8.3395,8.3395,8.3395,8.3395,8.3395,8.3395,8.3395,8.3395,8.3395,8.3395,8.3395,8.3395,8.3395,8.3395,8.3395,8.3395,8.3395,8.3395,8.3395,8.3395,8.3395,8.3395,8.3395,8.3395,8.3395,8.3395,8.3395,8.3395,8.3395,8.3395,8.3395,8.3395,8.3395,8.3395,8.3395,8.3395,8.3395,8.3395,8.3395,8.3395,8.3395,8.3395,8.3395,8.3395,8.3395,8.3395,8.3395,8.3395,8.3395,8.3395,8.3395,8.3395,8.3395,8.3395,8.3395,8.3395,8.3395,8.3395,8.3395,8.3395,8.3395,8.3395,8.3395,8.3395,8.3395,8.3395,8.3395,8.3395,8.3395,8.3395,8.3395,8.3395,8.3395,8.3395,8.3395,8.3395,8.3395,8.3395,8.3395,8.3395,8.3395,8.3395,8.3395,8.3395,8.3395,8.3395,8.3395,8.3395,8.3395,8.3395,8.3395,8.3395,8.3395,8.3395,8.3395,8.3395,8.3395,8.3395,8.3395,8.3395,8.3395,8.3395,8.3395,8.3395,8.3395,8.3395,8.3395,8.3395,8.3395,8.3395,8.3395,8.3395,8.3395,8.3395,8.3395,8.3395,8.3395,8.3395,8.3395,8.3395,8.3395,8.3395,8.3395,8.3395,8.3395,8.3395,8.3395,8.3395,8.3395,8.3395,8.3395,8.3395,8.3395,8.3395,8.3395,8.3395,8.3395,8.3395,8.3395,8.3395,8.3395,8.3395,8.3395,8.3395,8.3395,8.3395,8.3395,8.3395,8.3395,8.3395,8.3395,8.3395,8.3395,8.3395,8.3395,8.3395,8.3395,8.3395,8.3395,8.3395,8.3395,8.3395,8.3395,8.3395,8.3395,8.3395,8.3395,8.3395,8.3395,8.3395,8.3395,8.3395,8.3395,8.3395,8.3395,8.3395,8.3395,8.3395,8.3395,8.3395,8.3395,8.3395,8.3395,8.3395,8.3395,8.3395,8.3395,8.3395,8.3395,8.3395,8.3395,8.3395,8.3395,8.3395,8.3395,8.3395,8.3395,8.3395,8.3395,8.3395,8.3395,8.3395,8.3395,8.3395,8.3395,8.3395,8.3395,8.3395,8.3395,8.3395,8.3395,8.3395,8.3395,8.3395,8.3395,8.3395,8.3395,8.3395,8.3395,8.3395,8.3395,8.3395,8.3395,8.3395,8.3395,8.3395,8.3395,8.3395,8.3395,8.3395,8.3395,8.3395,8.3395,8.3395,8.3395,8.3395,8.3395,8.3395,8.3395,8.3395,8.3395,8.3395,8.3395,8.3395,8.3395,8.3395,8.3395,8.3395,8.3395,8.3395,8.3395,8.3395,8.3395,8.3395,8.3395,8.3395,8.3395,8.3395,8.3395,8.3395,8.3395,8.3395,8.3395,8.3395,8.3395,8.3395,8.3395,8.3395,8.3395,8.3395,8.3395,8.3395,8.3395,8.3395,8.3395,8.3395,8.3395,8.3395,8.3395,8.3395,8.3395,8.3395,8.3395,8.3395,8.3395,8.3395,8.3395,8.3395,8.3395,8.3395,8.3395,8.3395,8.3395,8.3395,8.3395,8.3395,8.3395,8.3395,8.3395,8.3395,8.3395,8.3395,8.3395,8.3395,8.3395,8.3395,8.3395,8.3395,8.3395,8.3395,8.3395,8.3395,8.3395,8.3395,8.3395,8.3395,8.3395,8.3395,8.3395,8.3395,8.3395,8.3395,8.3395,8.3395,8.3395,8.3395,8.3395,8.3395,8.3395,8.3395,8.3395,8.3395,8.3395,8.3395,8.3395,8.3395,8.3395,8.3395,8.3395,8.3395,8.3395,8.3395,8.3395,8.3395,8.3395,8.3395,8.3395,8.3395,8.3395,8.3395,8.3395,8.3395,8.3395,8.3395,8.3395,8.3395,8.3395,8.3395,8.3395,8.3395,8.3395,8.3395,8.3395,8.3395,8.3395,8.3395,8.3395,8.3395,8.3395,8.3395,8.3395,8.3395,8.3395,8.3395,8.3395,8.3395,8.3395,8.3395,8.3395,8.3395,8.3395,8.3395,8.3395,8.3395,8.3395,8.3395,8.3395,8.3395,8.3395,8.3395,8.3395,8.3395,8.3395,8.3395,8.3395,8.3395,8.3395,8.3395,8.3395,8.3395,8.3395,8.3395,8.3395,8.3395,8.3395,8.3395,8.3395,8.3395,8.3395,8.3395,8.3395,8.3395,8.3395,8.3395,8.3395,8.3395,8.3395,8.3395,8.3395,8.3395,8.3395,8.3395,8.3395,8.3395,8.3395,8.3395,8.3395,8.3395,8.3395,8.3395,8.3395,8.3395,8.3395,8.3395,8.3395,8.3395,8.3395,8.3395,8.3395,8.3395,8.3395,8.3395,8.3395,8.3395,8.3395,8.3395,8.3395,8.3395,8.3395,8.3395,8.3395,8.3395,8.3395,8.3395,8.3395,8.3395,8.3395,8.3395,8.3395,8.3395,8.3395,8.3395
8.3316,8.3316,8.3316,8.3316,8.3316,8.3316,8.3316,8.3316,8.3316,8.3316,8.3316,8.3316,8.3316,8.3316,8.3316,8.3316,8.3316,8.3316,8.3316,8.3316,8.3316,8.3316,8.3316,8.3316,8.3316,8.3316,8.3316,8.3316,8.3316,8.3316,8.3316,8.3316,8.3316,8.3316,8.3316,8.3316,8.3316,8.3316,8.3316,8.3316,8.3316,8.3316,8.3316,8.3316,8.3316,8.3316,8.3316,8.3316,8.3316,8.3316,8.3316,8.3316,8.3316,8.3316,8.3316,8.3316,8.3316,8.3316,8.3316,8.3316,8.3316,8.3316,8.3316,8.3316,8.3316,8.3316,8.3316,8.3316,8.3316,8.3316,8.3316,8.3316,8.3316,8.3316,8.3316,8.3316,8.3316,8.3316,8.3316,8.3316,8.3316,8.3316,8.3316,8.3316,8.3316,8.3316,8.3316,8.3316,8.3316,8.3316,8.3316,8.3316,8.3316,8.3316,8.3316,8.3316,8.3316,8.3316,8.3316,8.3316,8.3316,8.3316,8.3316,8.3316,8.3316,8.3316,8.3316,8.3316,8.3316,8.3316,8.3316,8.3316,8.3316,8.3316,8.3316,8.3316,8.3316,8.3316,8.3316,8.3316,8.3316,8.3316,8.3316,8.3316,8.3316,8.3316,8.3316,8.3316,8.3316,8.3316,8.3316,8.3316,8.3316,8.3316,8.3316,8.3316,8.3316,8.3316,8.3316,8.3316,8.3316,8.3316,8.3316,8.3316,8.3316,8.3316,8.3316,8.3316,8.3316,8.3316,8.3316,8.3316,8.3316,8.3316,8.3316,8.3316,8.3316,8.3316,8.3316,8.3316,8.3316,8.3316,8.3316,8.3316,8.3316,8.3316,8.3316,8.3316,8.3316,8.3316,8.3316,8.3316,8.3316,8.3316,8.3316,8.3316,8.3316,8.3316,8.3316,8.3316,8.3316,8.3316,8.3316,8.3316,8.3316,8.3316,8.3316,8.3316,8.3316,8.3316,8.3316,8.3316,8.3316,8.3316,8.3316,8.3316,8.3316,8.3316,8.3316,8.3316,8.3316,8.3316,8.3316,8.3316,8.3316,8.3316,8.3316,8.3316,8.3316,8.3316,8.3316,8.3316,8.3316,8.3316,8.3316,8.3316,8.3316,8.3316,8.3316,8.3316,8.3316,8.3316,8.3316,8.3316,8.3316,8.3316,8.3316,8.3316,8.3316,8.3316,8.3316,8.3316,8.3316,8.3316,8.3316,8.3316,8.3316,8.3316,8.3316,8.3316,8.3316,8.3316,8.3316,8.3316,8.3316,8.3316,8.3316,8.3316,8.3316,8.3316,8.3316,8.3316,8.3316,8.3316,8.3316,8.3316,8.3316,8.3316,8.3316,8.3316,8.3316,8.3316,8.3316,8.3316,8.3316,8.3316,8.3316,8.3316,8.3316,8.3316,8.3316,8.3316,8.3316,8.3316,8.3316,8.3316,8.3316,8.3316,8.3316,8.3316,8.3316,8.3316,8.3316,8.3316,8.3316,8.3316,8.3316,8.3316,8.3316,8.3316,8.3316,8.3316,8.3316,8.3316,8.3316,8.3316,8.3316,8.3316,8.3316,8.3316,8.3316,8.3316,8.3316,8.3316,8.3316,8.3316,8.3316,8.3316,8.3316,8.3316,8.3316,8.3316,8.3316,8.3316,8.3316,8.3316,8.3316,8.3316,8.3316,8.3316,8.3316,8.3316,8.3316,8.3316,8.3316,8.3316,8.3316,8.3316,8.3316,8.3316,8.3316,8.3316,8.3316,8.3316,8.3316,8.3316,8.3316,8.3316,8.3316,8.3316,8.3316,8.3316,8.3316,8.3316,8.3316,8.3316,8.3316,8.3316,8.3316,8.3316,8.3316,8.3316,8.3316,8.3316,8.3316,8.3316,8.3316,8.3316,8.3316,8.3316,8.3316,8.3316,8.3316,8.3316,8.3316,8.3316,8.3316,8.3316,8.3316,8.3316,8.3316,8.3316,8.3316,8.3316,8.3316,8.3316,8.3316,8.3316,8.3316,8.3316,8.3316,8.3316,8.3316,8.3316,8.3316,8.3316,8.3316,8.3316,8.3316,8.3316,8.3316,8.3316,8.3316,8.3316,8.3316,8.3316,8.3316,8.3316,8.3316,8.3316,8.3316,8.3316,8.3316,8.3316,8.3316,8.3316,8.3316,8.3316,8.3316,8.3316,8.3316,8.3316,8.3316,8.3316,8.3316,8.3316,8.3316,8.3316,8.3316,8.3316,8.3316,8.3316,8.3316,8.3316,8.3316,8.3316,8.3316,8.3316,8.3316,8.3316,8.3316,8.3316,8.3316,8.3316,8.3316,8.3316,8.3316,8.3316,8.3316,8.3316,8.3316,8.3316,8.3316,8.3316,8.3316,8.3316,8.3316,8.3316,8.3316,8.3316,8.3316,8.3316,8.3316,8.3316,8.3316,8.3316,8.3316,8.3316,8.3316,8.3316,8.3316,8.3316,8.3316,8.3316,8.3316,8.3316,8.3316,8.3316,8.3316,8.3316,8.3316,8.3316,8.3316,8.3316,8.3316,8.3316,8.3316,8.3316,8.3316,8.3316,8.3316,8.3316,8.3316,8.3316,8.3316,8.3316,8.3316,8.3316,8.3316,8.3316,8.3316,8.3316,8.3316,8.3316,8.3316,8.3316,8.3316,8.3316,8.3316,8.3316,8.3316,8.3316,8.3316,8.3316,8.3316,8.3316,8.3316,8.3316,8.3316,8.3316,8.3316,8.3316,8.3316,8.3316,8.3316,8.3316,8.3316,8.3316,8.3316,8.3316,8.3316,8.3316,8.3316,8.3316,8.3316,8.3316,8.3316,8.3316,8.3316,8.3316,8.3316,8.3316,8.3316,8.3316,8.3316,8.3316,8.3316,8.3316,8.3316,8.3316,8.3316,8.3316,8.3316,8.3316,8.3316,8.3316,8.3316,8.3316,8.3316,8.3316,8.3316,8.3316,8.3316,8.3316,8.3316,8.3316,8.3316,8.3316,8.3316,8.3316,8.3316,8.3316,8.3316,8.3316,8.3316,8.3316,8.3316,8.3316,8.3316,8.3316,8.3316,8.3316,8.3316,8.3316,8.3316,8.3316,8.3316,8.3316,8.3316,8.3316,8.3316,8.3316,8.3316,8.3316,8.3316,8.3316,8.3316,8.3316,8.3316,8.3316,8.3316,8.3316,8.3316,8.3316,8.3316,8.3316,8.3316,8.3316,8.3316,8.3316,8.3316,8.3316,8.3316,8.3316,8.3316,8.3316,8.3316,8.3316,8.3316,8.3316,8.3316,8.3316,8.3316,8.3316,8.3316,8.3316,8.3316,8.3316,8.3316,8.3316,8.3316,8.3316,8.3316,8.3316,8.3316,8.3316,8.3316,8.3316,8.3316,8.3316,8.3316,8.3316,8.3316,8.3316,8.3316,8.3316,8.3316,8.3316,8.3316,8.3316,8.3316,8.3316,8.3316,8.3316,8.3316,8.3316,8.3316,8.3316,8.3316,8.3316,8.3316,8.3316,8.3316,8.3316,8.3316,8.3316,8.3316,8.3316,8.3316,8.3316,8.3316,8.3316,8.3316,8.3316,8.3316,8.3316,8.3316,8.3316,8.3316,8.3316,8.3316,8.3316,8.3316,8.3316,8.3316,8.3316,8.3316,8.3316,8.3316,8.3316,8.3316,8.3316,8.3316,8.3316,8.3316,8.3316,8.3316,8.3316,8.3316,8.3316,8.3316,8.3316,8.3316,8.3316,8.3316,8.3316,8.3316,8.3316,8.3316,8.3316,8.3316,8.3316,8.3316,8.3316,8.3316,8.3316,8.3316,8.3316,8.3316,8.3316,8.3316,8.3316,8.3316,8.3316,8.3316,8.3316,8.3316,8.3316,8.3316,8.3316,8.3316,8.3316,8.3316,8.3316,8.3316,8.3316,8.3316,8.3316,8.3316,8.3316,8.3316,8.3316,8.3316,8.3316,8.3316,8.3316,8.3316,8.3316,8.3316,8.3316,8.3316,8.3316,8.3316,8.3316,8.3316,8.3316,8.3316,8.3316,8.3316,8.3316,8.3316,8.3316,8.3316,8.3316,8.3316,8.3316,8.3316,8.3316,8.3316,8.3316,8.3316,8.3316,8.3316,8.3316,8.3316,8.3316,8.3316,8.3316,8.3316,8.3316,8.3316,8.3316,8.3316,8.3316,8.3316,8.3316,8.3316,8.3316,8.3316,8.3316,8.3316,8.3316,8.3316,8.3316,8.3316,8.3316,8.3316,8.3316,8.3316,8.3316,8.3316,8.3316,8.3316,8.3316,8.3316,8.3316,8.3316,8.3316,8.3316,8.3316,8.3316,8.3316,8.3316,8.3316,8.3316,8.3316,8.3316,8.3316,8.3316,8.3316,8.3316,8.3316,8.3316,8.3316,8.3316,8.3316,8.3316,8.3316,8.3316,8.3316,8.3316,8.3316,8.3316,8.3316,8.3316,8.3316,8.3316,8.3316,8.3316,8.3316,8.3316,8.3316,8.3316,8.3316,8.3316,8.3316,8.3316,8.3316,8.3316,8.3316,8.3316,8.3316,8.3316,8.3316,8.3316,8.3316,8.3316,8.3316,8.3316,8.3316,8.3316,8.3316,8.3316,8.3316,8.3316,8.3316,8.3316,8.3316,8.3316,8.3316,8.3316,8.3316,8.3316,8.3316,8.3316,8.3316,8.3316,8.3316,8.3316,8.3316,8.3316,8.3316,8.3316,8.3316,8.3316,8.3316,8.3316,8.3316,8.3316,8.3316,8.3316,8.3316,8.3316,8.3316,8.3316,8.3316,8.3316,8.3316,8.3316,8.3316,8.3316,8.3316,8.3316,8.3316,8.3316,8.3316,8.3316,8.3316,8.3316,8.3316,8.3316,8.3316,8.3316,8.3316,8.3316,8.3316,8.3316,8.3316,8.3316,8.3316,8.3316,8.3316,8.3316,8.3316,8.3316,8.3316,8.3316,8.3316,8.3316,8.3316,8.3316,8.3316,8.3316,8.3316,8.3316,8.3316,8.3316,8.3316,8.3316,8.3316,8.3316,8.3316,8.3316,8.3316,8.3316,8.3316,8.3316,8.3316,8.3316,8.3316,8.3316,8.3316,8.3316,8.3316,8.3316,8.3316,8.3316,8.3316,8.3316,8.3316,8.3316,8.3316,8.3316,8.3316,8.3316,8.3316,8.3316,8.3316,8.3316,8.3316
8.3238,8.3238,8.3238,8.3238,8.3238,8.3238,8.3238,8.3238,8.3238,8.3238,8.3238,8.3238,8.3238,8.3238,8.3238,8.3238,8.3238,8.3238,8.3238,8.3238,8.3238,8.3238,8.3238,8.3238,8.3238,8.3238,8.3238,8.3238,8.3238,8.3238,8.3238,8.3238,8.3238,8.3238,8.3238,8.3238,8.3238,8.3238,8.3238,8.3238,8.3238,8.3238,8.3238,8.3238,8.3238,8.3238,8.3238,8.3238,8.3238,8.3238,8.3238,8.3238,8.3238,8.3238,8.3238,8.3238,8.3238,8.3238,8.3238,8.3238,8.3238,8.3238,8.3238,8.3238,8.3238,8.3238,8.3238,8.3238,8.3238,8.3238,8.3238,8.3238,8.3238,8.3238,8.3238,8.3238,8.3238,8.3238,8.3238,8.3238,8.3238,8.3238,8.3238,8.3238,8.3238,8.3238,8.3238,8.3238,8.3238,8.3238,8.3238,8.3238,8.3238,8.3238,8.3238,8.3238,8.3238,8.3238,8.3238,8.3238,8.3238,8.3238,8.3238,8.3238,8.3238,8.3238,8.3238,8.3238,8.3238,8.3238,8.3238,8.3238,8.3238,8.3238,8.3238,8.3238,8.3238,8.3238,8.3238,8.3238,8.3238,8.3238,8.3238,8.3238,8.3238,8.3238,8.3238,8.3238,8.3238,8.3238,8.3238,8.3238,8.3238,8.3238,8.3238,8.3238,8.3238,8.3238,8.3238,8.3238,8.3238,8.3238,8.3238,8.3238,8.3238,8.3238,8.3238,8.3238,8.3238,8.3238,8.3238,8.3238,8.3238,8.3238,8.3238,8.3238,8.3238,8.3238,8.3238,8.3238,8.3238,8.3238,8.3238,8.3238,8.3238,8.3238,8.3238,8.3238,8.3238,8.3238,8.3238,8.3238,8.3238,8.3238,8.3238,8.3238,8.3238,8.3238,8.3238,8.3238,8.3238,8.3238,8.3238,8.3238,8.3238,8.3238,8.3238,8.3238,8.3238,8.3238,8.3238,8.3238,8.3238,8.3238,8.3238,8.3238,8.3238,8.3238,8.3238,8.3238,8.3238,8.3238,8.3238,8.3238,8.3238,8.3238,8.3238,8.3238,8.3238,8.3238,8.3238,8.3238,8.3238,8.3238,8.3238,8.3238,8.3238,8.3238,8.3238,8.3238,8.3238,8.3238,8.3238,8.3238,8.3238,8.3238,8.3238,8.3238,8.3238,8.3238,8.3238,8.3238,8.3238,8.3238,8.3238,8.3238,8.3238,8.3238,8.3238,8.3238,8.3238,8.3238,8.3238,8.3238,8.3238,8.3238,8.3238,8.3238,8.3238,8.3238,8.3238,8.3238,8.3238,8.3238,8.3238,8.3238,8.3238,8.3238,8.3238,8.3238,8.3238,8.3238,8.3238,8.3238,8.3238,8.3238,8.3238,8.3238,8.3238,8.3238,8.3238,8.3238,8.3238,8.3238,8.3238,8.3238,8.3238,8.3238,8.3238,8.3238,8.3238,8.3238,8.3238,8.3238,8.3238,8.3238,8.3238,8.3238,8.3238,8.3238,8.3238,8.3238,8.3238,8.3238,8.3238,8.3238,8.3238,8.3238,8.3238,8.3238,8.3238,8.3238,8.3238,8.3238,8.3238,8.3238,8.3238,8.3238,8.3238,8.3238,8.3238,8.3238,8.3238,8.3238,8.3238,8.3238,8.3238,8.3238,8.3238,8.3238,8.3238,8.3238,8.3238,8.3238,8.3238,8.3238,8.3238,8.3238,8.3238,8.3238,8.3238,8.3238,8.3238,8.3238,8.3238,8.3238,8.3238,8.3238,8.3238,8.3238,8.3238,8.3238,8.3238,8.3238,8.3238,8.3238,8.3238,8.3238,8.3238,8.3238,8.3238,8.3238,8.3238,8.3238,8.3238,8.3238,8.3238,8.3238,8.3238,8.3238,8.3238,8.3238,8.3238,8.3238,8.3238,8.3238,8.3238,8.3238,8.3238,8.3238,8.3238,8.3238,8.3238,8.3238,8.3238,8.3238,8.3238,8.3238,8.3238,8.3238,8.3238,8.3238,8.3238,8.3238,8.3238,8.3238,8.3238,8.3238,8.3238,8.3238,8.3238,8.3238,8.3238,8.3238,8.3238,8.3238,8.3238,8.3238,8.3238,8.3238,8.3238,8.3238,8.3238,8.3238,8.3238,8.3238,8.3238,8.3238,8.3238,8.3238,8.3238,8.3238,8.3238,8.3238,8.3238,8.3238,8.3238,8.3238,8.3238,8.3238,8.3238,8.3238,8.3238,8.3238,8.3238,8.3238,8.3238,8.3238,8.3238,8.3238,8.3238,8.3238,8.3238,8.3238,8.3238,8.3238,8.3238,8.3238,8.3238,8.3238,8.3238,8.3238,8.3238,8.3238,8.3238,8.3238,8.3238,8.3238,8.3238,8.3238,8.3238,8.3238,8.3238,8.3238,8.3238,8.3238,8.3238,8.3238,8.3238,8.3238,8.3238,8.3238,8.3238,8.3238,8.3238,8.3238,8.3238,8.3238,8.3238,8.3238,8.3238,8.3238,8.3238,8.3238,8.3238,8.3238,8.3238,8.3238,8.3238,8.3238,8.3238,8.3238,8.3238,8.3238,8.3238,8.3238,8.3238,8.3238,8.3238,8.3238,8.3238,8.3238,8.3238,8.3238,8.3238,8.3238,8.3238,8.3238,8.3238,8.3238,8.3238,8.3238,8.3238,8.3238,8.3238,8.3238,8.3238,8.3238,8.3238,8.3238,8.3238,8.3238,8.3238,8.3238,8.3238,8.3238,8.3238,8.3238,8.3238,8.3238,8.3238,8.3238,8.3238,8.3238,8.3238,8.3238,8.3238,8.3238,8.3238,8.3238,8.3238,8.3238,8.3238,8.3238,8.3238,8.3238,8.3238,8.3238,8.3238,8.3238,8.3238,8.3238,8.3238,8.3238,8.3238,8.3238,8.3238,8.3238,8.3238,8.3238,8.3238,8.3238,8.3238,8.3238,8.3238,8.3238,8.3238,8.3238,8.3238,8.3238,8.3238,8.3238,8.3238,8.3238,8.3238,8.3238,8.3238,8.3238,8.3238,8.3238,8.3238,8.3238,8.3238,8.3238,8.3238,8.3238,8.3238,8.3238,8.3238,8.3238,8.3238,8.3238,8.3238,8.3238,8.3238,8.3238,8.3238,8.3238,8.3238,8.3238,8.3238,8.3238,8.3238,8.3238,8.3238,8.3238,8.3238,8.3238,8.3238,8.3238,8.3238,8.3238,8.3238,8.3238,8.3238,8.3238,8.3238,8.3238,8.3238,8.3238,8.3238,8.3238,8.3238,8.3238,8.3238,8.3238,8.3238,8.3238,8.3238,8.3238,8.3238,8.3238,8.3238,8.3238,8.3238,8.3238,8.3238,8.3238,8.3238,8.3238,8.3238,8.3238,8.3238,8.3238,8.3238,8.3238,8.3238,8.3238,8.3238,8.3238,8.3238,8.3238,8.3238,8.3238,8.3238,8.3238,8.3238,8.3238,8.3238,8.3238,8.3238,8.3238,8.3238,8.3238,8.3238,8.3238,8.3238,8.3238,8.3238,8.3238,8.3238,8.3238,8.3238,8.3238,8.3238,8.3238,8.3238,8.3238,8.3238,8.3238,8.3238,8.3238,8.3238,8.3238,8.3238,8.3238,8.3238,8.3238,8.3238,8.3238,8.3238,8.3238,8.3238,8.3238,8.3238,8.3238,8.3238,8.3238,8.3238,8.3238,8.3238,8.3238,8.3238,8.3238,8.3238,8.3238,8.3238,8.3238,8.3238,8.3238,8.3238,8.3238,8.3238,8.3238,8.3238,8.3238,8.3238,8.3238,8.3238,8.3238,8.3238,8.3238,8.3238,8.3238,8.3238,8.3238,8.3238,8.3238,8.3238,8.3238,8.3238,8.3238,8.3238,8.3238,8.3238,8.3238,8.3238,8.3238,8.3238,8.3238,8.3238,8.3238,8.3238,8.3238,8.3238,8.3238,8.3238,8.3238,8.3238,8.3238,8.3238,8.3238,8.3238,8.3238,8.3238,8.3238,8.3238,8.3238,8.3238,8.3238,8.3238,8.3238,8.3238,8.3238,8.3238,8.3238,8.3238,8.3238,8.3238,8.3238,8.3238,8.3238,8.3238,8.3238,8.3238,8.3238,8.3238,8.3238,8.3238,8.3238,8.3238,8.3238,8.3238,8.3238,8.3238,8.3238,8.3238,8.3238,8.3238,8.3238,8.3238,8.3238,8.3238,8.3238,8.3238,8.3238,8.3238,8.3238,8.3238,8.3238,8.3238,8.3238,8.3238,8.3238,8.3238,8.3238,8.3238,8.3238,8.3238,8.3238,8.3238,8.3238,8.3238,8.3238,8.3238,8.3238,8.3238,8.3238,8.3238,8.3238,8.3238,8.3238,8.3238,8.3238,8.3238,8.3238,8.3238,8.3238,8.3238,8.3238,8.3238,8.3238,8.3238,8.3238,8.3238,8.3238,8.3238,8.3238,8.3238,8.3238,8.3238,8.3238,8.3238,8.3238,8.3238,8.3238,8.3238,8.3238,8.3238,8.3238,8.3238,8.3238,8.3238,8.3238,8.3238,8.3238,8.3238,8.3238,8.3238,8.3238,8.3238,8.3238,8.3238,8.3238,8.3238,8.3238,8.3238,8.3238,8.3238,8.3238,8.3238,8.3238,8.3238,8.3238,8.3238,8.3238,8.3238,8.3238,8.3238,8.3238,8.3238,8.3238,8.3238,8.3238,8.3238,8.3238,8.3238,8.3238,8.3238,8.3238,8.3238,8.3238,8.3238,8.3238,8.3238,8.3238,8.3238,8.3238,8.3238,8.3238,8.3238,8.3238,8.3238,8.3238,8.3238,8.3238,8.3238,8.3238,8.3238,8.3238,8.3238,8.3238,8.3238,8.3238,8.3238,8.3238,8.3238,8.3238,8.3238,8.3238,8.3238,8.3238,8.3238,8.3238,8.3238,8.3238,8.3238,8.3238,8.3238,8.3238,8.3238,8.3238,8.3238,8.3238,8.3238,8.3238,8.3238,8.3238,8.3238,8.3238,8.3238,8.3238,8.3238,8.3238,8.3238,8.3238,8.3238,8.3238,8.3238,8.3238,8.3238,8.3238,8.3238,8.3238,8.3238,8.3238,8.3238,8.3238,8.3238,8.3238,8.3238,8.3238,8.3238,8.3238,8.3238,8.3238,8.3238,8.3238,8.3238,8.3238
8.3155,8.3155,8.3155,8.3155,8.3155,8.3155,8.3155,8.3155,8.3155,8.3155,8.3155,8.3155,8.3155,8.3155,8.3155,8.3155,8.3155,8.3155,8.3155,8.3155,8.3155,8.3155,8.3155,8.3155,8.3155,8.3155,8.3155,8.3155,8.3155,8.3155,8.3155,8.3155,8.3155,8.3155,8.3155,8.3155,8.3155,8.3155,8.3155,8.3155,8.3155,8.3155,8.3155,8.3155,8.3155,8.3155,8.3155,8.3155,8.3155,8.3155,8.3155,8.3155,8.3155,8.3155,8.3155,8.3155,8.3155,8.3155,8.3155,8.3155,8.3155,8.3155,8.3155,8.3155,8.3155,8.3155,8.3155,8.3155,8.3155,8.3155,8.3155,8.3155,8.3155,8.3155,8.3155,8.3155,8.3155,8.3155,8.3155,8.3155,8.3155,8.3155,8.3155,8.3155,8.3155,8.3155,8.3155,8.3155,8.3155,8.3155,8.3155,8.3155,8.3155,8.3155,8.3155,8.3155,8.3155,8.3155,8.3155,8.3155,8.3155,8.3155,8.3155,8.3155,8.3155,8.3155,8.3155,8.3155,8.3155,8.3155,8.3155,8.3155,8.3155,8.3155,8.3155,8.3155,8.3155,8.3155,8.3155,8.3155,8.3155,8.3155,8.3155,8.3155,8.3155,8.3155,8.3155,8.3155,8.3155,8.3155,8.3155,8.3155,8.3155,8.3155,8.3155,8.3155,8.3155,8.3155,8.3155,8.3155,8.3155,8.3155,8.3155,8.3155,8.3155,8.3155,8.3155,8.3155,8.3155,8.3155,8.3155,8.3155,8.3155,8.3155,8.3155,8.3155,8.3155,8.3155,8.3155,8.3155,8.3155,8.3155,8.3155,8.3155,8.3155,8.3155,8.3155,8.3155,8.3155,8.3155,8.3155,8.3155,8.3155,8.3155,8.3155,8.3155,8.3155,8.3155,8.3155,8.3155,8.3155,8.3155,8.3155,8.3155,8.3155,8.3155,8.3155,8.3155,8.3155,8.3155,8.3155,8.3155,8.3155,8.3155,8.3155,8.3155,8.3155,8.3155,8.3155,8.3155,8.3155,8.3155,8.3155,8.3155,8.3155,8.3155,8.3155,8.3155,8.3155,8.3155,8.3155,8.3155,8.3155,8.3155,8.3155,8.3155,8.3155,8.3155,8.3155,8.3155,8.3155,8.3155,8.3155,8.3155,8.3155,8.3155,8.3155,8.3155,8.3155,8.3155,8.3155,8.3155,8.3155,8.3155,8.3155,8.3155,8.3155,8.3155,8.3155,8.3155,8.3155,8.3155,8.3155,8.3155,8.3155,8.3155,8.3155,8.3155,8.3155,8.3155,8.3155,8.3155,8.3155,8.3155,8.3155,8.3155,8.3155,8.3155,8.3155,8.3155,8.3155,8.3155,8.3155,8.3155,8.3155,8.3155,8.3155,8.3155,8.3155,8.3155,8.3155,8.3155,8.3155,8.3155,8.3155,8.3155,8.3155,8.3155,8.3155,8.3155,8.3155,8.3155,8.3155,8.3155,8.3155,8.3155,8.3155,8.3155,8.3155,8.3155,8.3155,8.3155,8.3155,8.3155,8.3155,8.3155,8.3155,8.3155,8.3155,8.3155,8.3155,8.3155,8.3155,8.3155,8.3155,8.3155,8.3155,8.3155,8.3155,8.3155,8.3155,8.3155,8.3155,8.3155,8.3155,8.3155,8.3155,8.3155,8.3155,8.3155,8.3155,8.3155,8.3155,8.3155,8.3155,8.3155,8.3155,8.3155,8.3155,8.3155,8.3155,8.3155,8.3155,8.3155,8.3155,8.3155,8.3155,8.3155,8.3155,8.3155,8.3155,8.3155,8.3155,8.3155,8.3155,8.3155,8.3155,8.3155,8.3155,8.3155,8.3155,8.3155,8.3155,8.3155,8.3155,8.3155,8.3155,8.3155,8.3155,8.3155,8.3155,8.3155,8.3155,8.3155,8.3155,8.3155,8.3155,8.3155,8.3155,8.3155,8.3155,8.3155,8.3155,8.3155,8.3155,8.3155,8.3155,8.3155,8.3155,8.3155,8.3155,8.3155,8.3155,8.3155,8.3155,8.3155,8.3155,8.3155,8.3155,8.3155,8.3155,8.3155,8.3155,8.3155,8.3155,8.3155,8.3155,8.3155,8.3155,8.3155,8.3155,8.3155,8.3155,8.3155,8.3155,8.3155,8.3155,8.3155,8.3155,8.3155,8.3155,8.3155,8.3155,8.3155,8.3155,8.3155,8.3155,8.3155,8.3155,8.3155,8.3155,8.3155,8.3155,8.3155,8.3155,8.3155,8.3155,8.3155,8.3155,8.3155,8.3155,8.3155,8.3155,8.3155,8.3155,8.3155,8.3155,8.3155,8.3155,8.3155,8.3155,8.3155,8.3155,8.3155,8.3155,8.3155,8.3155,8.3155,8.3155,8.3155,8.3155,8.3155,8.3155,8.3155,8.3155,8.3155,8.3155,8.3155,8.3155,8.3155,8.3155,8.3155,8.3155,8.3155,8.3155,8.3155,8.3155,8.3155,8.3155,8.3155,8.3155,8.3155,8.3155,8.3155,8.3155,8.3155,8.3155,8.3155,8.3155,8.3155,8.3155,8.3155,8.3155,8.3155,8.3155,8.3155,8.3155,8.3155,8.3155,8.3155,8.3155,8.3155,8.3155,8.3155,8.3155,8.3155,8.3155,8.3155,8.3155,8.3155,8.3155,8.3155,8.3155,8.3155,8.3155,8.3155,8.3155,8.3155,8.3155,8.3155,8.3155,8.3155,8.3155,8.3155,8.3155,8.3155,8.3155,8.3155,8.3155,8.3155,8.3155,8.3155,8.3155,8.3155,8.3155,8.3155,8.3155,8.3155,8.3155,8.3155,8.3155,8.3155,8.3155,8.3155,8.3155,8.3155,8.3155,8.3155,8.3155,8.3155,8.3155,8.3155,8.3155,8.3155,8.3155,8.3155,8.3155,8.3155,8.3155,8.3155,8.3155,8.3155,8.3155,8.3155,8.3155,8.3155,8.3155,8.3155,8.3155,8.3155,8.3155,8.3155,8.3155,8.3155,8.3155,8.3155,8.3155,8.3155,8.3155,8.3155,8.3155,8.3155,8.3155,8.3155,8.3155,8.3155,8.3155,8.3155,8.3155,8.3155,8.3155,8.3155,8.3155,8.3155,8.3155,8.3155,8.3155,8.3155,8.3155,8.3155,8.3155,8.3155,8.3155,8.3155,8.3155,8.3155,8.3155,8.3155,8.3155,8.3155,8.3155,8.3155,8.3155,8.3155,8.3155,8.3155,8.3155,8.3155,8.3155,8.3155,8.3155,8.3155,8.3155,8.3155,8.3155,8.3155,8.3155,8.3155,8.3155,8.3155,8.3155,8.3155,8.3155,8.3155,8.3155,8.3155,8.3155,8.3155,8.3155,8.3155,8.3155,8.3155,8.3155,8.3155,8.3155,8.3155,8.3155,8.3155,8.3155,8.3155,8.3155,8.3155,8.3155,8.3155,8.3155,8.3155,8.3155,8.3155,8.3155,8.3155,8.3155,8.3155,8.3155,8.3155,8.3155,8.3155,8.3155,8.3155,8.3155,8.3155,8.3155,8.3155,8.3155,8.3155,8.3155,8.3155,8.3155,8.3155,8.3155,8.3155,8.3155,8.3155,8.3155,8.3155,8.3155,8.3155,8.3155,8.3155,8.3155,8.3155,8.3155,8.3155,8.3155,8.3155,8.3155,8.3155,8.3155,8.3155,8.3155,8.3155,8.3155,8.3155,8.3155,8.3155,8.3155,8.3155,8.3155,8.3155,8.3155,8.3155,8.3155,8.3155,8.3155,8.3155,8.3155,8.3155,8.3155,8.3155,8.3155,8.3155,8.3155,8.3155,8.3155,8.3155,8.3155,8.3155,8.3155,8.3155,8.3155,8.3155,8.3155,8.3155,8.3155,8.3155,8.3155,8.3155,8.3155,8.3155,8.3155,8.3155,8.3155,8.3155,8.3155,8.3155,8.3155,8.3155,8.3155,8.3155,8.3155,8.3155,8.3155,8.3155,8.3155,8.3155,8.3155,8.3155,8.3155,8.3155,8.3155,8.3155,8.3155,8.3155,8.3155,8.3155,8.3155,8.3155,8.3155,8.3155,8.3155,8.3155,8.3155,8.3155,8.3155,8.3155,8.3155,8.3155,8.3155,8.3155,8.3155,8.3155,8.3155,8.3155,8.3155,8.3155,8.3155,8.3155,8.3155,8.3155,8.3155,8.3155,8.3155,8.3155,8.3155,8.3155,8.3155,8.3155,8.3155,8.3155,8.3155,8.3155,8.3155,8.3155,8.3155,8.3155,8.3155,8.3155,8.3155,8.3155,8.3155,8.3155,8.3155,8.3155,8.3155,8.3155,8.3155,8.3155,8.3155,8.3155,8.3155,8.3155,8.3155,8.3155,8.3155,8.3155,8.3155,8.3155,8.3155,8.3155,8.3155,8.3155,8.3155,8.3155,8.3155,8.3155,8.3155,8.3155,8.3155,8.3155,8.3155,8.3155,8.3155,8.3155,8.3155,8.3155,8.3155,8.3155,8.3155,8.3155,8.3155,8.3155,8.3155,8.3155,8.3155,8.3155,8.3155,8.3155,8.3155,8.3155,8.3155,8.3155,8.3155,8.3155,8.3155,8.3155,8.3155,8.3155,8.3155,8.3155,8.3155,8.3155,8.3155,8.3155,8.3155,8.3155,8.3155,8.3155,8.3155,8.3155,8.3155,8.3155,8.3155,8.3155,8.3155,8.3155,8.3155,8.3155,8.3155,8.3155,8.3155,8.3155,8.3155,8.3155,8.3155,8.3155,8.3155,8.3155,8.3155,8.3155,8.3155,8.3155,8.3155,8.3155,8.3155,8.3155,8.3155,8.3155,8.3155,8.3155,8.3155,8.3155,8.3155,8.3155,8.3155,8.3155,8.3155,8.3155,8.3155,8.3155,8.3155,8.3155,8.3155,8.3155,8.3155,8.3155,8.3155,8.3155,8.3155,8.3155,8.3155,8.3155,8.3155,8.3155,8.3155,8.3155,8.3155,8.3155,8.3155,8.3155,8.3155,8.3155,8.3155,8.3155,8.3155,8.3155,8.3155,8.3155,8.3155,8.3155,8.3155,8.3155,8.3155,8.3155,8.3155,8.3155,8.3155,8.3155,8.3155,8.3155,8.3155,8.3155,8.3155,8.3155,8.3155,8.3155,8.3155,8.3155,8.3155,8.3155,8.3155,8.3155
8.3085,8.3085,8.3085,8.3085,8.3085,8.3085,8.3085,8.3085,8.3085,8.3085,8.3085,8.3085,8.3085,8.3085,8.3085,8.3085,8.3085,8.3085,8.3085,8.3085,8.3085,8.3085,8.3085,8.3085,8.3085,8.3085,8.3085,8.3085,8.3085,8.3085,8.3085,8.3085,8.3085,8.3085,8.3085,8.3085,8.3085,8.3085,8.3085,8.3085,8.3085,8.3085,8.3085,8.3085,8.3085,8.3085,8.3085,8.3085,8.3085,8.3085,8.3085,8.3085,8.3085,8.3085,8.3085,8.3085,8.3085,8.3085,8.3085,8.3085,8.3085,8.3085,8.3085,8.3085,8.3085,8.3085,8.3085,8.3085,8.3085,8.3085,8.3085,8.3085,8.3085,8.3085,8.3085,8.3085,8.3085,8.3085,8.3085,8.3085,8.3085,8.3085,8.3085,8.3085,8.3085,8.3085,8.3085,8.3085,8.3085,8.3085,8.3085,8.3085,8.3085,8.3085,8.3085,8.3085,8.3085,8.3085,8.3085,8.3085,8.3085,8.3085,8.3085,8.3085,8.3085,8.3085,8.3085,8.3085,8.3085,8.3085,8.3085,8.3085,8.3085,8.3085,8.3085,8.3085,8.3085,8.3085,8.3085,8.3085,8.3085,8.3085,8.3085,8.3085,8.3085,8.3085,8.3085,8.3085,8.3085,8.3085,8.3085,8.3085,8.3085,8.3085,8.3085,8.3085,8.3085,8.3085,8.3085,8.3085,8.3085,8.3085,8.3085,8.3085,8.3085,8.3085,8.3085,8.3085,8.3085,8.3085,8.3085,8.3085,8.3085,8.3085,8.3085,8.3085,8.3085,8.3085,8.3085,8.3085,8.3085,8.3085,8.3085,8.3085,8.3085,8.3085,8.3085,8.3085,8.3085,8.3085,8.3085,8.3085,8.3085,8.3085,8.3085,8.3085,8.3085,8.3085,8.3085,8.3085,8.3085,8.3085,8.3085,8.3085,8.3085,8.3085,8.3085,8.3085,8.3085,8.3085,8.3085,8.3085,8.3085,8.3085,8.3085,8.3085,8.3085,8.3085,8.3085,8.3085,8.3085,8.3085,8.3085,8.3085,8.3085,8.3085,8.3085,8.3085,8.3085,8.3085,8.3085,8.3085,8.3085,8.3085,8.3085,8.3085,8.3085,8.3085,8.3085,8.3085,8.3085,8.3085,8.3085,8.3085,8.3085,8.3085,8.3085,8.3085,8.3085,8.3085,8.3085,8.3085,8.3085,8.3085,8.3085,8.3085,8.3085,8.3085,8.3085,8.3085,8.3085,8.3085,8.3085,8.3085,8.3085,8.3085,8.3085,8.3085,8.3085,8.3085,8.3085,8.3085,8.3085,8.3085,8.3085,8.3085,8.3085,8.3085,8.3085,8.3085,8.3085,8.3085,8.3085,8.3085,8.3085,8.3085,8.3085,8.3085,8.3085,8.3085,8.3085,8.3085,8.3085,8.3085,8.3085,8.3085,8.3085,8.3085,8.3085,8.3085,8.3085,8.3085,8.3085,8.3085,8.3085,8.3085,8.3085,8.3085,8.3085,8.3085,8.3085,8.3085,8.3085,8.3085,8.3085,8.3085,8.3085,8.3085,8.3085,8.3085,8.3085,8.3085,8.3085,8.3085,8.3085,8.3085,8.3085,8.3085,8.3085,8.3085,8.3085,8.3085,8.3085,8.3085,8.3085,8.3085,8.3085,8.3085,8.3085,8.3085,8.3085,8.3085,8.3085,8.3085,8.3085,8.3085,8.3085,8.3085,8.3085,8.3085,8.3085,8.3085,8.3085,8.3085,8.3085,8.3085,8.3085,8.3085,8.3085,8.3085,8.3085,8.3085,8.3085,8.3085,8.3085,8.3085,8.3085,8.3085,8.3085,8.3085,8.3085,8.3085,8.3085,8.3085,8.3085,8.3085,8.3085,8.3085,8.3085,8.3085,8.3085,8.3085,8.3085,8.3085,8.3085,8.3085,8.3085,8.3085,8.3085,8.3085,8.3085,8.3085,8.3085,8.3085,8.3085,8.3085,8.3085,8.3085,8.3085,8.3085,8.3085,8.3085,8.3085,8.3085,8.3085,8.3085,8.3085,8.3085,8.3085,8.3085,8.3085,8.3085,8.3085,8.3085,8.3085,8.3085,8.3085,8.3085,8.3085,8.3085,8.3085,8.3085,8.3085,8.3085,8.3085,8.3085,8.3085,8.3085,8.3085,8.3085,8.3085,8.3085,8.3085,8.3085,8.3085,8.3085,8.3085,8.3085,8.3085,8.3085,8.3085,8.3085,8.3085,8.3085,8.3085,8.3085,8.3085,8.3085,8.3085,8.3085,8.3085,8.3085,8.3085,8.3085,8.3085,8.3085,8.3085,8.3085,8.3085,8.3085,8.3085,8.3085,8.3085,8.3085,8.3085,8.3085,8.3085,8.3085,8.3085,8.3085,8.3085,8.3085,8.3085,8.3085,8.3085,8.3085,8.3085,8.3085,8.3085,8.3085,8.3085,8.3085,8.3085,8.3085,8.3085,8.3085,8.3085,8.3085,8.3085,8.3085,8.3085,8.3085,8.3085,8.3085,8.3085,8.3085,8.3085,8.3085,8.3085,8.3085,8.3085,8.3085,8.3085,8.3085,8.3085,8.3085,8.3085,8.3085,8.3085,8.3085,8.3085,8.3085,8.3085,8.3085,8.3085,8.3085,8.3085,8.3085,8.3085,8.3085,8.3085,8.3085,8.3085,8.3085,8.3085,8.3085,8.3085,8.3085,8.3085,8.3085,8.3085,8.3085,8.3085,8.3085,8.3085,8.3085,8.3085,8.3085,8.3085,8.3085,8.3085,8.3085,8.3085,8.3085,8.3085,8.3085,8.3085,8.3085,8.3085,8.3085,8.3085,8.3085,8.3085,8.3085,8.3085,8.3085,8.3085,8.3085,8.3085,8.3085,8.3085,8.3085,8.3085,8.3085,8.3085,8.3085,8.3085,8.3085,8.3085,8.3085,8.3085,8.3085,8.3085,8.3085,8.3085,8.3085,8.3085,8.3085,8.3085,8.3085,8.3085,8.3085,8.3085,8.3085,8.3085,8.3085,8.3085,8.3085,8.3085,8.3085,8.3085,8.3085,8.3085,8.3085,8.3085,8.3085,8.3085,8.3085,8.3085,8.3085,8.3085,8.3085,8.3085,8.3085,8.3085,8.3085,8.3085,8.3085,8.3085,8.3085,8.3085,8.3085,8.3085,8.3085,8.3085,8.3085,8.3085,8.3085,8.3085,8.3085,8.3085,8.3085,8.3085,8.3085,8.3085,8.3085,8.3085,8.3085,8.3085,8.3085,8.3085,8.3085,8.3085,8.3085,8.3085,8.3085,8.3085,8.3085,8.3085,8.3085,8.3085,8.3085,8.3085,8.3085,8.3085,8.3085,8.3085,8.3085,8.3085,8.3085,8.3085,8.3085,8.3085,8.3085,8.3085,8.3085,8.3085,8.3085,8.3085,8.3085,8.3085,8.3085,8.3085,8.3085,8.3085,8.3085,8.3085,8.3085,8.3085,8.3085,8.3085,8.3085,8.3085,8.3085,8.3085,8.3085,8.3085,8.3085,8.3085,8.3085,8.3085,8.3085,8.3085,8.3085,8.3085,8.3085,8.3085,8.3085,8.3085,8.3085,8.3085,8.3085,8.3085,8.3085,8.3085,8.3085,8.3085,8.3085,8.3085,8.3085,8.3085,8.3085,8.3085,8.3085,8.3085,8.3085,8.3085,8.3085,8.3085,8.3085,8.3085,8.3085,8.3085,8.3085,8.3085,8.3085,8.3085,8.3085,8.3085,8.3085,8.3085,8.3085,8.3085,8.3085,8.3085,8.3085,8.3085,8.3085,8.3085,8.3085,8.3085,8.3085,8.3085,8.3085,8.3085,8.3085,8.3085,8.3085,8.3085,8.3085,8.3085,8.3085,8.3085,8.3085,8.3085,8.3085,8.3085,8.3085,8.3085,8.3085,8.3085,8.3085,8.3085,8.3085,8.3085,8.3085,8.3085,8.3085,8.3085,8.3085,8.3085,8.3085,8.3085,8.3085,8.3085,8.3085,8.3085,8.3085,8.3085,8.3085,8.3085,8.3085,8.3085,8.3085,8.3085,8.3085,8.3085,8.3085,8.3085,8.3085,8.3085,8.3085,8.3085,8.3085,8.3085,8.3085,8.3085,8.3085,8.3085,8.3085,8.3085,8.3085,8.3085,8.3085,8.3085,8.3085,8.3085,8.3085,8.3085,8.3085,8.3085,8.3085,8.3085,8.3085,8.3085,8.3085,8.3085,8.3085,8.3085,8.3085,8.3085,8.3085,8.3085,8.3085,8.3085,8.3085,8.3085,8.3085,8.3085,8.3085,8.3085,8.3085,8.3085,8.3085,8.3085,8.3085,8.3085,8.3085,8.3085,8.3085,8.3085,8.3085,8.3085,8.3085,8.3085,8.3085,8.3085,8.3085,8.3085,8.3085,8.3085,8.3085,8.3085,8.3085,8.3085,8.3085,8.3085,8.3085,8.3085,8.3085,8.3085,8.3085,8.3085,8.3085,8.3085,8.3085,8.3085,8.3085,8.3085,8.3085,8.3085,8.3085,8.3085,8.3085,8.3085,8.3085,8.3085,8.3085,8.3085,8.3085,8.3085,8.3085,8.3085,8.3085,8.3085,8.3085,8.3085,8.3085,8.3085,8.3085,8.3085,8.3085,8.3085,8.3085,8.3085,8.3085,8.3085,8.3085,8.3085,8.3085,8.3085,8.3085,8.3085,8.3085,8.3085,8.3085,8.3085,8.3085,8.3085,8.3085,8.3085,8.3085,8.3085,8.3085,8.3085,8.3085,8.3085,8.3085,8.3085,8.3085,8.3085,8.3085,8.3085,8.3085,8.3085,8.3085,8.3085,8.3085,8.3085,8.3085,8.3085,8.3085,8.3085,8.3085,8.3085,8.3085,8.3085,8.3085,8.3085,8.3085,8.3085,8.3085,8.3085,8.3085,8.3085,8.3085,8.3085,8.3085,8.3085,8.3085,8.3085,8.3085,8.3085,8.3085,8.3085,8.3085,8.3085,8.3085,8.3085,8.3085,8.3085,8.3085,8.3085,8.3085,8.3085,8.3085,8.3085,8.3085,8.3085,8.3085,8.3085,8.3085,8.3085,8.3085,8.3085,8.3085,8.3085,8.3085,8.3085,8.3085,8.3085,8.3085,8.3085,8.3085,8.3085,8.3085,8.3085,8.3085,8.3085,8.3085
8.2999,8.2999,8.2999,8.2999,8.2999,8.2999,8.2999,8.2999,8.2999,8.2999,8.2999,8.2999,8.2999,8.2999,8.2999,8.2999,8.2999,8.2999,8.2999,8.2999,8.2999,8.2999,8.2999,8.2999,8.2999,8.2999,8.2999,8.2999,8.2999,8.2999,8.2999,8.2999,8.2999,8.2999,8.2999,8.2999,8.2999,8.2999,8.2999,8.2999,8.2999,8.2999,8.2999,8.2999,8.2999,8.2999,8.2999,8.2999,8.2999,8.2999,8.2999,8.2999,8.2999,8.2999,8.2999,8.2999,8.2999,8.2999,8.2999,8.2999,8.2999,8.2999,8.2999,8.2999,8.2999,8.2999,8.2999,8.2999,8.2999,8.2999,8.2999,8.2999,8.2999,8.2999,8.2999,8.2999,8.2999,8.2999,8.2999,8.2999,8.2999,8.2999,8.2999,8.2999,8.2999,8.2999,8.2999,8.2999,8.2999,8.2999,8.2999,8.2999,8.2999,8.2999,8.2999,8.2999,8.2999,8.2999,8.2999,8.2999,8.2999,8.2999,8.2999,8.2999,8.2999,8.2999,8.2999,8.2999,8.2999,8.2999,8.2999,8.2999,8.2999,8.2999,8.2999,8.2999,8.2999,8.2999,8.2999,8.2999,8.2999,8.2999,8.2999,8.2999,8.2999,8.2999,8.2999,8.2999,8.2999,8.2999,8.2999,8.2999,8.2999,8.2999,8.2999,8.2999,8.2999,8.2999,8.2999,8.2999,8.2999,8.2999,8.2999,8.2999,8.2999,8.2999,8.2999,8.2999,8.2999,8.2999,8.2999,8.2999,8.2999,8.2999,8.2999,8.2999,8.2999,8.2999,8.2999,8.2999,8.2999,8.2999,8.2999,8.2999,8.2999,8.2999,8.2999,8.2999,8.2999,8.2999,8.2999,8.2999,8.2999,8.2999,8.2999,8.2999,8.2999,8.2999,8.2999,8.2999,8.2999,8.2999,8.2999,8.2999,8.2999,8.2999,8.2999,8.2999,8.2999,8.2999,8.2999,8.2999,8.2999,8.2999,8.2999,8.2999,8.2999,8.2999,8.2999,8.2999,8.2999,8.2999,8.2999,8.2999,8.2999,8.2999,8.2999,8.2999,8.2999,8.2999,8.2999,8.2999,8.2999,8.2999,8.2999,8.2999,8.2999,8.2999,8.2999,8.2999,8.2999,8.2999,8.2999,8.2999,8.2999,8.2999,8.2999,8.2999,8.2999,8.2999,8.2999,8.2999,8.2999,8.2999,8.2999,8.2999,8.2999,8.2999,8.2999,8.2999,8.2999,8.2999,8.2999,8.2999,8.2999,8.2999,8.2999,8.2999,8.2999,8.2999,8.2999,8.2999,8.2999,8.2999,8.2999,8.2999,8.2999,8.2999,8.2999,8.2999,8.2999,8.2999,8.2999,8.2999,8.2999,8.2999,8.2999,8.2999,8.2999,8.2999,8.2999,8.2999,8.2999,8.2999,8.2999,8.2999,8.2999,8.2999,8.2999,8.2999,8.2999,8.2999,8.2999,8.2999,8.2999,8.2999,8.2999,8.2999,8.2999,8.2999,8.2999,8.2999,8.2999,8.2999,8.2999,8.2999,8.2999,8.2999,8.2999,8.2999,8.2999,8.2999,8.2999,8.2999,8.2999,8.2999,8.2999,8.2999,8.2999,8.2999,8.2999,8.2999,8.2999,8.2999,8.2999,8.2999,8.2999,8.2999,8.2999,8.2999,8.2999,8.2999,8.2999,8.2999,8.2999,8.2999,8.2999,8.2999,8.2999,8.2999,8.2999,8.2999,8.2999,8.2999,8.2999,8.2999,8.2999,8.2999,8.2999,8.2999,8.2999,8.2999,8.2999,8.2999,8.2999,8.2999,8.2999,8.2999,8.2999,8.2999,8.2999,8.2999,8.2999,8.2999,8.2999,8.2999,8.2999,8.2999,8.2999,8.2999,8.2999,8.2999,8.2999,8.2999,8.2999,8.2999,8.2999,8.2999,8.2999,8.2999,8.2999,8.2999,8.2999,8.2999,8.2999,8.2999,8.2999,8.2999,8.2999,8.2999,8.2999,8.2999,8.2999,8.2999,8.2999,8.2999,8.2999,8.2999,8.2999,8.2999,8.2999,8.2999,8.2999,8.2999,8.2999,8.2999,8.2999,8.2999,8.2999,8.2999,8.2999,8.2999,8.2999,8.2999,8.2999,8.2999,8.2999,8.2999,8.2999,8.2999,8.2999,8.2999,8.2999,8.2999,8.2999,8.2999,8.2999,8.2999,8.2999,8.2999,8.2999,8.2999,8.2999,8.2999,8.2999,8.2999,8.2999,8.2999,8.2999,8.2999,8.2999,8.2999,8.2999,8.2999,8.2999,8.2999,8.2999,8.2999,8.2999,8.2999,8.2999,8.2999,8.2999,8.2999,8.2999,8.2999,8.2999,8.2999,8.2999,8.2999,8.2999,8.2999,8.2999,8.2999,8.2999,8.2999,8.2999,8.2999,8.2999,8.2999,8.2999,8.2999,8.2999,8.2999,8.2999,8.2999,8.2999,8.2999,8.2999,8.2999,8.2999,8.2999,8.2999,8.2999,8.2999,8.2999,8.2999,8.2999,8.2999,8.2999,8.2999,8.2999,8.2999,8.2999,8.2999,8.2999,8.2999,8.2999,8.2999,8.2999,8.2999,8.2999,8.2999,8.2999,8.2999,8.2999,8.2999,8.2999,8.2999,8.2999,8.2999,8.2999,8.2999,8.2999,8.2999,8.2999,8.2999,8.2999,8.2999,8.2999,8.2999,8.2999,8.2999,8.2999,8.2999,8.2999,8.2999,8.2999,8.2999,8.2999,8.2999,8.2999,8.2999,8.2999,8.2999,8.2999,8.2999,8.2999,8.2999,8.2999,8.2999,8.2999,8.2999,8.2999,8.2999,8.2999,8.2999,8.2999,8.2999,8.2999,8.2999,8.2999,8.2999,8.2999,8.2999,8.2999,8.2999,8.2999,8.2999,8.2999,8.2999,8.2999,8.2999,8.2999,8.2999,8.2999,8.2999,8.2999,8.2999,8.2999,8.2999,8.2999,8.2999,8.2999,8.2999,8.2999,8.2999,8.2999,8.2999,8.2999,8.2999,8.2999,8.2999,8.2999,8.2999,8.2999,8.2999,8.2999,8.2999,8.2999,8.2999,8.2999,8.2999,8.2999,8.2999,8.2999,8.2999,8.2999,8.2999,8.2999,8.2999,8.2999,8.2999,8.2999,8.2999,8.2999,8.2999,8.2999,8.2999,8.2999,8.2999,8.2999,8.2999,8.2999,8.2999,8.2999,8.2999,8.2999,8.2999,8.2999,8.2999,8.2999,8.2999,8.2999,8.2999,8.2999,8.2999,8.2999,8.2999,8.2999,8.2999,8.2999,8.2999,8.2999,8.2999,8.2999,8.2999,8.2999,8.2999,8.2999,8.2999,8.2999,8.2999,8.2999,8.2999,8.2999,8.2999,8.2999,8.2999,8.2999,8.2999,8.2999,8.2999,8.2999,8.2999,8.2999,8.2999,8.2999,8.2999,8.2999,8.2999,8.2999,8.2999,8.2999,8.2999,8.2999,8.2999,8.2999,8.2999,8.2999,8.2999,8.2999,8.2999,8.2999,8.2999,8.2999,8.2999,8.2999,8.2999,8.2999,8.2999,8.2999,8.2999,8.2999,8.2999,8.2999,8.2999,8.2999,8.2999,8.2999,8.2999,8.2999,8.2999,8.2999,8.2999,8.2999,8.2999,8.2999,8.2999,8.2999,8.2999,8.2999,8.2999,8.2999,8.2999,8.2999,8.2999,8.2999,8.2999,8.2999,8.2999,8.2999,8.2999,8.2999,8.2999,8.2999,8.2999,8.2999,8.2999,8.2999,8.2999,8.2999,8.2999,8.2999,8.2999,8.2999,8.2999,8.2999,8.2999,8.2999,8.2999,8.2999,8.2999,8.2999,8.2999,8.2999,8.2999,8.2999,8.2999,8.2999,8.2999,8.2999,8.2999,8.2999,8.2999,8.2999,8.2999,8.2999,8.2999,8.2999,8.2999,8.2999,8.2999,8.2999,8.2999,8.2999,8.2999,8.2999,8.2999,8.2999,8.2999,8.2999,8.2999,8.2999,8.2999,8.2999,8.2999,8.2999,8.2999,8.2999,8.2999,8.2999,8.2999,8.2999,8.2999,8.2999,8.2999,8.2999,8.2999,8.2999,8.2999,8.2999,8.2999,8.2999,8.2999,8.2999,8.2999,8.2999,8.2999,8.2999,8.2999,8.2999,8.2999,8.2999,8.2999,8.2999,8.2999,8.2999,8.2999,8.2999,8.2999,8.2999,8.2999,8.2999,8.2999,8.2999,8.2999,8.2999,8.2999,8.2999,8.2999,8.2999,8.2999,8.2999,8.2999,8.2999,8.2999,8.2999,8.2999,8.2999,8.2999,8.2999,8.2999,8.2999,8.2999,8.2999,8.2999,8.2999,8.2999,8.2999,8.2999,8.2999,8.2999,8.2999,8.2999,8.2999,8.2999,8.2999,8.2999,8.2999,8.2999,8.2999,8.2999,8.2999,8.2999,8.2999,8.2999,8.2999,8.2999,8.2999,8.2999,8.2999,8.2999,8.2999,8.2999,8.2999,8.2999,8.2999,8.2999,8.2999,8.2999,8.2999,8.2999,8.2999,8.2999,8.2999,8.2999,8.2999,8.2999,8.2999,8.2999,8.2999,8.2999,8.2999,8.2999,8.2999,8.2999,8.2999,8.2999,8.2999,8.2999,8.2999,8.2999,8.2999,8.2999,8.2999,8.2999,8.2999,8.2999,8.2999,8.2999,8.2999,8.2999,8.2999,8.2999,8.2999,8.2999,8.2999,8.2999,8.2999,8.2999,8.2999,8.2999,8.2999,8.2999,8.2999,8.2999,8.2999,8.2999,8.2999,8.2999,8.2999,8.2999,8.2999,8.2999,8.2999,8.2999,8.2999,8.2999,8.2999,8.2999,8.2999,8.2999,8.2999,8.2999,8.2999,8.2999,8.2999,8.2999,8.2999,8.2999,8.2999,8.2999,8.2999,8.2999,8.2999,8.2999,8.2999,8.2999,8.2999,8.2999,8.2999,8.2999,8.2999,8.2999,8.2999,8.2999,8.2999,8.2999,8.2999,8.2999,8.2999,8.2999,8.2999,8.2999,8.2999,8.2999,8.2999,8.2999,8.2999,8.2999,8.2999,8.2999,8.2999,8.2999,8.2999,8.2999,8.2999,8.2999,8.2999
8.2925,8.2925,8.2925,8.2925,8.2925,8.2925,8.2925,8.2925,8.2925,8.2925,8.2925,8.2925,8.2925,8.2925,8.2925,8.2925,8.2925,8.2925,8.2925,8.2925,8.2925,8.2925,8.2925,8.2925,8.2925,8.2925,8.2925,8.2925,8.2925,8.2925,8.2925,8.2925,8.2925,8.2925,8.2925,8.2925,8.2925,8.2925,8.2925,8.2925,8.2925,8.2925,8.2925,8.2925,8.2925,8.2925,8.2925,8.2925,8.2925,8.2925,8.2925,8.2925,8.2925,8.2925,8.2925,8.2925,8.2925,8.2925,8.2925,8.2925,8.2925,8.2925,8.2925,8.2925,8.2925,8.2925,8.2925,8.2925,8.2925,8.2925,8.2925,8.2925,8.2925,8.2925,8.2925,8.2925,8.2925,8.2925,8.2925,8.2925,8.2925,8.2925,8.2925,8.2925,8.2925,8.2925,8.2925,8.2925,8.2925,8.2925,8.2925,8.2925,8.2925,8.2925,8.2925,8.2925,8.2925,8.2925,8.2925,8.2925,8.2925,8.2925,8.2925,8.2925,8.2925,8.2925,8.2925,8.2925,8.2925,8.2925,8.2925,8.2925,8.2925,8.2925,8.2925,8.2925,8.2925,8.2925,8.2925,8.2925,8.2925,8.2925,8.2925,8.2925,8.2925,8.2925,8.2925,8.2925,8.2925,8.2925,8.2925,8.2925,8.2925,8.2925,8.2925,8.2925,8.2925,8.2925,8.2925,8.2925,8.2925,8.2925,8.2925,8.2925,8.2925,8.2925,8.2925,8.2925,8.2925,8.2925,8.2925,8.2925,8.2925,8.2925,8.2925,8.2925,8.2925,8.2925,8.2925,8.2925,8.2925,8.2925,8.2925,8.2925,8.2925,8.2925,8.2925,8.2925,8.2925,8.2925,8.2925,8.2925,8.2925,8.2925,8.2925,8.2925,8.2925,8.2925,8.2925,8.2925,8.2925,8.2925,8.2925,8.2925,8.2925,8.2925,8.2925,8.2925,8.2925,8.2925,8.2925,8.2925,8.2925,8.2925,8.2925,8.2925,8.2925,8.2925,8.2925,8.2925,8.2925,8.2925,8.2925,8.2925,8.2925,8.2925,8.2925,8.2925,8.2925,8.2925,8.2925,8.2925,8.2925,8.2925,8.2925,8.2925,8.2925,8.2925,8.2925,8.2925,8.2925,8.2925,8.2925,8.2925,8.2925,8.2925,8.2925,8.2925,8.2925,8.2925,8.2925,8.2925,8.2925,8.2925,8.2925,8.2925,8.2925,8.2925,8.2925,8.2925,8.2925,8.2925,8.2925,8.2925,8.2925,8.2925,8.2925,8.2925,8.2925,8.2925,8.2925,8.2925,8.2925,8.2925,8.2925,8.2925,8.2925,8.2925,8.2925,8.2925,8.2925,8.2925,8.2925,8.2925,8.2925,8.2925,8.2925,8.2925,8.2925,8.2925,8.2925,8.2925,8.2925,8.2925,8.2925,8.2925,8.2925,8.2925,8.2925,8.2925,8.2925,8.2925,8.2925,8.2925,8.2925,8.2925,8.2925,8.2925,8.2925,8.2925,8.2925,8.2925,8.2925,8.2925,8.2925,8.2925,8.2925,8.2925,8.2925,8.2925,8.2925,8.2925,8.2925,8.2925,8.2925,8.2925,8.2925,8.2925,8.2925,8.2925,8.2925,8.2925,8.2925,8.2925,8.2925,8.2925,8.2925,8.2925,8.2925,8.2925,8.2925,8.2925,8.2925,8.2925,8.2925,8.2925,8.2925,8.2925,8.2925,8.2925,8.2925,8.2925,8.2925,8.2925,8.2925,8.2925,8.2925,8.2925,8.2925,8.2925,8.2925,8.2925,8.2925,8.2925,8.2925,8.2925,8.2925,8.2925,8.2925,8.2925,8.2925,8.2925,8.2925,8.2925,8.2925,8.2925,8.2925,8.2925,8.2925,8.2925,8.2925,8.2925,8.2925,8.2925,8.2925,8.2925,8.2925,8.2925,8.2925,8.2925,8.2925,8.2925,8.2925,8.2925,8.2925,8.2925,8.2925,8.2925,8.2925,8.2925,8.2925,8.2925,8.2925,8.2925,8.2925,8.2925,8.2925,8.2925,8.2925,8.2925,8.2925,8.2925,8.2925,8.2925,8.2925,8.2925,8.2925,8.2925,8.2925,8.2925,8.2925,8.2925,8.2925,8.2925,8.2925,8.2925,8.2925,8.2925,8.2925,8.2925,8.2925,8.2925,8.2925,8.2925,8.2925,8.2925,8.2925,8.2925,8.2925,8.2925,8.2925,8.2925,8.2925,8.2925,8.2925,8.2925,8.2925,8.2925,8.2925,8.2925,8.2925,8.2925,8.2925,8.2925,8.2925,8.2925,8.2925,8.2925,8.2925,8.2925,8.2925,8.2925,8.2925,8.2925,8.2925,8.2925,8.2925,8.2925,8.2925,8.2925,8.2925,8.2925,8.2925,8.2925,8.2925,8.2925,8.2925,8.2925,8.2925,8.2925,8.2925,8.2925,8.2925,8.2925,8.2925,8.2925,8.2925,8.2925,8.2925,8.2925,8.2925,8.2925,8.2925,8.2925,8.2925,8.2925,8.2925,8.2925,8.2925,8.2925,8.2925,8.2925,8.2925,8.2925,8.2925,8.2925,8.2925,8.2925,8.2925,8.2925,8.2925,8.2925,8.2925,8.2925,8.2925,8.2925,8.2925,8.2925,8.2925,8.2925,8.2925,8.2925,8.2925,8.2925,8.2925,8.2925,8.2925,8.2925,8.2925,8.2925,8.2925,8.2925,8.2925,8.2925,8.2925,8.2925,8.2925,8.2925,8.2925,8.2925,8.2925,8.2925,8.2925,8.2925,8.2925,8.2925,8.2925,8.2925,8.2925,8.2925,8.2925,8.2925,8.2925,8.2925,8.2925,8.2925,8.2925,8.2925,8.2925,8.2925,8.2925,8.2925,8.2925,8.2925,8.2925,8.2925,8.2925,8.2925,8.2925,8.2925,8.2925,8.2925,8.2925,8.2925,8.2925,8.2925,8.2925,8.2925,8.2925,8.2925,8.2925,8.2925,8.2925,8.2925,8.2925,8.2925,8.2925,8.2925,8.2925,8.2925,8.2925,8.2925,8.2925,8.2925,8.2925,8.2925,8.2925,8.2925,8.2925,8.2925,8.2925,8.2925,8.2925,8.2925,8.2925,8.2925,8.2925,8.2925,8.2925,8.2925,8.2925,8.2925,8.2925,8.2925,8.2925,8.2925,8.2925,8.2925,8.2925,8.2925,8.2925,8.2925,8.2925,8.2925,8.2925,8.2925,8.2925,8.2925,8.2925,8.2925,8.2925,8.2925,8.2925,8.2925,8.2925,8.2925,8.2925,8.2925,8.2925,8.2925,8.2925,8.2925,8.2925,8.2925,8.2925,8.2925,8.2925,8.2925,8.2925,8.2925,8.2925,8.2925,8.2925,8.2925,8.2925,8.2925,8.2925,8.2925,8.2925,8.2925,8.2925,8.2925,8.2925,8.2925,8.2925,8.2925,8.2925,8.2925,8.2925,8.2925,8.2925,8.2925,8.2925,8.2925,8.2925,8.2925,8.2925,8.2925,8.2925,8.2925,8.2925,8.2925,8.2925,8.2925,8.2925,8.2925,8.2925,8.2925,8.2925,8.2925,8.2925,8.2925,8.2925,8.2925,8.2925,8.2925,8.2925,8.2925,8.2925,8.2925,8.2925,8.2925,8.2925,8.2925,8.2925,8.2925,8.2925,8.2925,8.2925,8.2925,8.2925,8.2925,8.2925,8.2925,8.2925,8.2925,8.2925,8.2925,8.2925,8.2925,8.2925,8.2925,8.2925,8.2925,8.2925,8.2925,8.2925,8.2925,8.2925,8.2925,8.2925,8.2925,8.2925,8.2925,8.2925,8.2925,8.2925,8.2925,8.2925,8.2925,8.2925,8.2925,8.2925,8.2925,8.2925,8.2925,8.2925,8.2925,8.2925,8.2925,8.2925,8.2925,8.2925,8.2925,8.2925,8.2925,8.2925,8.2925,8.2925,8.2925,8.2925,8.2925,8.2925,8.2925,8.2925,8.2925,8.2925,8.2925,8.2925,8.2925,8.2925,8.2925,8.2925,8.2925,8.2925,8.2925,8.2925,8.2925,8.2925,8.2925,8.2925,8.2925,8.2925,8.2925,8.2925,8.2925,8.2925,8.2925,8.2925,8.2925,8.2925,8.2925,8.2925,8.2925,8.2925,8.2925,8.2925,8.2925,8.2925,8.2925,8.2925,8.2925,8.2925,8.2925,8.2925,8.2925,8.2925,8.2925,8.2925,8.2925,8.2925,8.2925,8.2925,8.2925,8.2925,8.2925,8.2925,8.2925,8.2925,8.2925,8.2925,8.2925,8.2925,8.2925,8.2925,8.2925,8.2925,8.2925,8.2925,8.2925,8.2925,8.2925,8.2925,8.2925,8.2925,8.2925,8.2925,8.2925,8.2925,8.2925,8.2925,8.2925,8.2925,8.2925,8.2925,8.2925,8.2925,8.2925,8.2925,8.2925,8.2925,8.2925,8.2925,8.2925,8.2925,8.2925,8.2925,8.2925,8.2925,8.2925,8.2925,8.2925,8.2925,8.2925,8.2925,8.2925,8.2925,8.2925,8.2925,8.2925,8.2925,8.2925,8.2925,8.2925,8.2925,8.2925,8.2925,8.2925,8.2925,8.2925,8.2925,8.2925,8.2925,8.2925,8.2925,8.2925,8.2925,8.2925,8.2925,8.2925,8.2925,8.2925,8.2925,8.2925,8.2925,8.2925,8.2925,8.2925,8.2925,8.2925,8.2925,8.2925,8.2925,8.2925,8.2925,8.2925,8.2925,8.2925,8.2925,8.2925,8.2925,8.2925,8.2925,8.2925,8.2925,8.2925,8.2925,8.2925,8.2925,8.2925,8.2925,8.2925,8.2925,8.2925,8.2925,8.2925,8.2925,8.2925,8.2925,8.2925,8.2925,8.2925,8.2925,8.2925,8.2925,8.2925,8.2925,8.2925,8.2925,8.2925,8.2925,8.2925,8.2925,8.2925,8.2925,8.2925,8.2925,8.2925,8.2925,8.2925,8.2925,8.2925,8.2925,8.2925,8.2925,8.2925,8.2925,8.2925,8.2925,8.2925,8.2925,8.2925,8.2925,8.2925,8.2925,8.2925,8.2925,8.2925,8.2925,8.2925,8.2925,8.2925,8.2925,8.2925,8.2925,8.2925,8.2925,8.2925,8.2925,8.2925
8.2847,8.2847,8.2847,8.2847,8.2847,8.2847,8.2847,8.2847,8.2847,8.2847,8.2847,8.2847,8.2847,8.2847,8.2847,8.2847,8.2847,8.2847,8.2847,8.2847,8.2847,8.2847,8.2847,8.2847,8.2847,8.2847,8.2847,8.2847,8.2847,8.2847,8.2847,8.2847,8.2847,8.2847,8.2847,8.2847,8.2847,8.2847,8.2847,8.2847,8.2847,8.2847,8.2847,8.2847,8.2847,8.2847,8.2847,8.2847,8.2847,8.2847,8.2847,8.2847,8.2847,8.2847,8.2847,8.2847,8.2847,8.2847,8.2847,8.2847,8.2847,8.2847,8.2847,8.2847,8.2847,8.2847,8.2847,8.2847,8.2847,8.2847,8.2847,8.2847,8.2847,8.2847,8.2847,8.2847,8.2847,8.2847,8.2847,8.2847,8.2847,8.2847,8.2847,8.2847,8.2847,8.2847,8.2847,8.2847,8.2847,8.2847,8.2847,8.2847,8.2847,8.2847,8.2847,8.2847,8.2847,8.2847,8.2847,8.2847,8.2847,8.2847,8.2847,8.2847,8.2847,8.2847,8.2847,8.2847,8.2847,8.2847,8.2847,8.2847,8.2847,8.2847,8.2847,8.2847,8.2847,8.2847,8.2847,8.2847,8.2847,8.2847,8.2847,8.2847,8.2847,8.2847,8.2847,8.2847,8.2847,8.2847,8.2847,8.2847,8.2847,8.2847,8.2847,8.2847,8.2847,8.2847,8.2847,8.2847,8.2847,8.2847,8.2847,8.2847,8.2847,8.2847,8.2847,8.2847,8.2847,8.2847,8.2847,8.2847,8.2847,8.2847,8.2847,8.2847,8.2847,8.2847,8.2847,8.2847,8.2847,8.2847,8.2847,8.2847,8.2847,8.2847,8.2847,8.2847,8.2847,8.2847,8.2847,8.2847,8.2847,8.2847,8.2847,8.2847,8.2847,8.2847,8.2847,8.2847,8.2847,8.2847,8.2847,8.2847,8.2847,8.2847,8.2847,8.2847,8.2847,8.2847,8.2847,8.2847,8.2847,8.2847,8.2847,8.2847,8.2847,8.2847,8.2847,8.2847,8.2847,8.2847,8.2847,8.2847,8.2847,8.2847,8.2847,8.2847,8.2847,8.2847,8.2847,8.2847,8.2847,8.2847,8.2847,8.2847,8.2847,8.2847,8.2847,8.2847,8.2847,8.2847,8.2847,8.2847,8.2847,8.2847,8.2847,8.2847,8.2847,8.2847,8.2847,8.2847,8.2847,8.2847,8.2847,8.2847,8.2847,8.2847,8.2847,8.2847,8.2847,8.2847,8.2847,8.2847,8.2847,8.2847,8.2847,8.2847,8.2847,8.2847,8.2847,8.2847,8.2847,8.2847,8.2847,8.2847,8.2847,8.2847,8.2847,8.2847,8.2847,8.2847,8.2847,8.2847,8.2847,8.2847,8.2847,8.2847,8.2847,8.2847,8.2847,8.2847,8.2847,8.2847,8.2847,8.2847,8.2847,8.2847,8.2847,8.2847,8.2847,8.2847,8.2847,8.2847,8.2847,8.2847,8.2847,8.2847,8.2847,8.2847,8.2847,8.2847,8.2847,8.2847,8.2847,8.2847,8.2847,8.2847,8.2847,8.2847,8.2847,8.2847,8.2847,8.2847,8.2847,8.2847,8.2847,8.2847,8.2847,8.2847,8.2847,8.2847,8.2847,8.2847,8.2847,8.2847,8.2847,8.2847,8.2847,8.2847,8.2847,8.2847,8.2847,8.2847,8.2847,8.2847,8.2847,8.2847,8.2847,8.2847,8.2847,8.2847,8.2847,8.2847,8.2847,8.2847,8.2847,8.2847,8.2847,8.2847,8.2847,8.2847,8.2847,8.2847,8.2847,8.2847,8.2847,8.2847,8.2847,8.2847,8.2847,8.2847,8.2847,8.2847,8.2847,8.2847,8.2847,8.2847,8.2847,8.2847,8.2847,8.2847,8.2847,8.2847,8.2847,8.2847,8.2847,8.2847,8.2847,8.2847,8.2847,8.2847,8.2847,8.2847,8.2847,8.2847,8.2847,8.2847,8.2847,8.2847,8.2847,8.2847,8.2847,8.2847,8.2847,8.2847,8.2847,8.2847,8.2847,8.2847,8.2847,8.2847,8.2847,8.2847,8.2847,8.2847,8.2847,8.2847,8.2847,8.2847,8.2847,8.2847,8.2847,8.2847,8.2847,8.2847,8.2847,8.2847,8.2847,8.2847,8.2847,8.2847,8.2847,8.2847,8.2847,8.2847,8.2847,8.2847,8.2847,8.2847,8.2847,8.2847,8.2847,8.2847,8.2847,8.2847,8.2847,8.2847,8.2847,8.2847,8.2847,8.2847,8.2847,8.2847,8.2847,8.2847,8.2847,8.2847,8.2847,8.2847,8.2847,8.2847,8.2847,8.2847,8.2847,8.2847,8.2847,8.2847,8.2847,8.2847,8.2847,8.2847,8.2847,8.2847,8.2847,8.2847,8.2847,8.2847,8.2847,8.2847,8.2847,8.2847,8.2847,8.2847,8.2847,8.2847,8.2847,8.2847,8.2847,8.2847,8.2847,8.2847,8.2847,8.2847,8.2847,8.2847,8.2847,8.2847,8.2847,8.2847,8.2847,8.2847,8.2847,8.2847,8.2847,8.2847,8.2847,8.2847,8.2847,8.2847,8.2847,8.2847,8.2847,8.2847,8.2847,8.2847,8.2847,8.2847,8.2847,8.2847,8.2847,8.2847,8.2847,8.2847,8.2847,8.2847,8.2847,8.2847,8.2847,8.2847,8.2847,8.2847,8.2847,8.2847,8.2847,8.2847,8.2847,8.2847,8.2847,8.2847,8.2847,8.2847,8.2847,8.2847,8.2847,8.2847,8.2847,8.2847,8.2847,8.2847,8.2847,8.2847,8.2847,8.2847,8.2847,8.2847,8.2847,8.2847,8.2847,8.2847,8.2847,8.2847,8.2847,8.2847,8.2847,8.2847,8.2847,8.2847,8.2847,8.2847,8.2847,8.2847,8.2847,8.2847,8.2847,8.2847,8.2847,8.2847,8.2847,8.2847,8.2847,8.2847,8.2847,8.2847,8.2847,8.2847,8.2847,8.2847,8.2847,8.2847,8.2847,8.2847,8.2847,8.2847,8.2847,8.2847,8.2847,8.2847,8.2847,8.2847,8.2847,8.2847,8.2847,8.2847,8.2847,8.2847,8.2847,8.2847,8.2847,8.2847,8.2847,8.2847,8.2847,8.2847,8.2847,8.2847,8.2847,8.2847,8.2847,8.2847,8.2847,8.2847,8.2847,8.2847,8.2847,8.2847,8.2847,8.2847,8.2847,8.2847,8.2847,8.2847,8.2847,8.2847,8.2847,8.2847,8.2847,8.2847,8.2847,8.2847,8.2847,8.2847,8.2847,8.2847,8.2847,8.2847,8.2847,8.2847,8.2847,8.2847,8.2847,8.2847,8.2847,8.2847,8.2847,8.2847,8.2847,8.2847,8.2847,8.2847,8.2847,8.2847,8.2847,8.2847,8.2847,8.2847,8.2847,8.2847,8.2847,8.2847,8.2847,8.2847,8.2847,8.2847,8.2847,8.2847,8.2847,8.2847,8.2847,8.2847,8.2847,8.2847,8.2847,8.2847,8.2847,8.2847,8.2847,8.2847,8.2847,8.2847,8.2847,8.2847,8.2847,8.2847,8.2847,8.2847,8.2847,8.2847,8.2847,8.2847,8.2847,8.2847,8.2847,8.2847,8.2847,8.2847,8.2847,8.2847,8.2847,8.2847,8.2847,8.2847,8.2847,8.2847,8.2847,8.2847,8.2847,8.2847,8.2847,8.2847,8.2847,8.2847,8.2847,8.2847,8.2847,8.2847,8.2847,8.2847,8.2847,8.2847,8.2847,8.2847,8.2847,8.2847,8.2847,8.2847,8.2847,8.2847,8.2847,8.2847,8.2847,8.2847,8.2847,8.2847,8.2847,8.2847,8.2847,8.2847,8.2847,8.2847,8.2847,8.2847,8.2847,8.2847,8.2847,8.2847,8.2847,8.2847,8.2847,8.2847,8.2847,8.2847,8.2847,8.2847,8.2847,8.2847,8.2847,8.2847,8.2847,8.2847,8.2847,8.2847,8.2847,8.2847,8.2847,8.2847,8.2847,8.2847,8.2847,8.2847,8.2847,8.2847,8.2847,8.2847,8.2847,8.2847,8.2847,8.2847,8.2847,8.2847,8.2847,8.2847,8.2847,8.2847,8.2847,8.2847,8.2847,8.2847,8.2847,8.2847,8.2847,8.2847,8.2847,8.2847,8.2847,8.2847,8.2847,8.2847,8.2847,8.2847,8.2847,8.2847,8.2847,8.2847,8.2847,8.2847,8.2847,8.2847,8.2847,8.2847,8.2847,8.2847,8.2847,8.2847,8.2847,8.2847,8.2847,8.2847,8.2847,8.2847,8.2847,8.2847,8.2847,8.2847,8.2847,8.2847,8.2847,8.2847,8.2847,8.2847,8.2847,8.2847,8.2847,8.2847,8.2847,8.2847,8.2847,8.2847,8.2847,8.2847,8.2847,8.2847,8.2847,8.2847,8.2847,8.2847,8.2847,8.2847,8.2847,8.2847,8.2847,8.2847,8.2847,8.2847,8.2847,8.2847,8.2847,8.2847,8.2847,8.2847,8.2847,8.2847,8.2847,8.2847,8.2847,8.2847,8.2847,8.2847,8.2847,8.2847,8.2847,8.2847,8.2847,8.2847,8.2847,8.2847,8.2847,8.2847,8.2847,8.2847,8.2847,8.2847,8.2847,8.2847,8.2847,8.2847,8.2847,8.2847,8.2847,8.2847,8.2847,8.2847,8.2847,8.2847,8.2847,8.2847,8.2847,8.2847,8.2847,8.2847,8.2847,8.2847,8.2847,8.2847,8.2847,8.2847,8.2847,8.2847,8.2847,8.2847,8.2847,8.2847,8.2847,8.2847,8.2847,8.2847,8.2847,8.2847,8.2847,8.2847,8.2847,8.2847,8.2847,8.2847,8.2847,8.2847,8.2847,8.2847,8.2847,8.2847,8.2847,8.2847,8.2847,8.2847,8.2847,8.2847,8.2847,8.2847,8.2847,8.2847,8.2847,8.2847,8.2847,8.2847,8.2847,8.2847,8.2847,8.2847,8.2847,8.2847,8.2847,8.2847,8.2847,8.2847,8.2847,8.2847,8.2847,8.2847,8.2847,8.2847,8.2847,8.2847,8.2847,8.2847,8.2847,8.2847,8.2847,8.2847,8.2847,8.2847
8.2778,8.2778,8.2778,8.2778,8.2778,8.2778,8.2778,8.2778,8.2778,8.2778,8.2778,8.2778,8.2778,8.2778,8.2778,8.2778,8.2778,8.2778,8.2778,8.2778,8.2778,8.2778,8.2778,8.2778,8.2778,8.2778,8.2778,8.2778,8.2778,8.2778,8.2778,8.2778,8.2778,8.2778,8.2778,8.2778,8.2778,8.2778,8.2778,8.2778,8.2778,8.2778,8.2778,8.2778,8.2778,8.2778,8.2778,8.2778,8.2778,8.2778,8.2778,8.2778,8.2778,8.2778,8.2778,8.2778,8.2778,8.2778,8.2778,8.2778,8.2778,8.2778,8.2778,8.2778,8.2778,8.2778,8.2778,8.2778,8.2778,8.2778,8.2778,8.2778,8.2778,8.2778,8.2778,8.2778,8.2778,8.2778,8.2778,8.2778,8.2778,8.2778,8.2778,8.2778,8.2778,8.2778,8.2778,8.2778,8.2778,8.2778,8.2778,8.2778,8.2778,8.2778,8.2778,8.2778,8.2778,8.2778,8.2778,8.2778,8.2778,8.2778,8.2778,8.2778,8.2778,8.2778,8.2778,8.2778,8.2778,8.2778,8.2778,8.2778,8.2778,8.2778,8.2778,8.2778,8.2778,8.2778,8.2778,8.2778,8.2778,8.2778,8.2778,8.2778,8.2778,8.2778,8.2778,8.2778,8.2778,8.2778,8.2778,8.2778,8.2778,8.2778,8.2778,8.2778,8.2778,8.2778,8.2778,8.2778,8.2778,8.2778,8.2778,8.2778,8.2778,8.2778,8.2778,8.2778,8.2778,8.2778,8.2778,8.2778,8.2778,8.2778,8.2778,8.2778,8.2778,8.2778,8.2778,8.2778,8.2778,8.2778,8.2778,8.2778,8.2778,8.2778,8.2778,8.2778,8.2778,8.2778,8.2778,8.2778,8.2778,8.2778,8.2778,8.2778,8.2778,8.2778,8.2778,8.2778,8.2778,8.2778,8.2778,8.2778,8.2778,8.2778,8.2778,8.2778,8.2778,8.2778,8.2778,8.2778,8.2778,8.2778,8.2778,8.2778,8.2778,8.2778,8.2778,8.2778,8.2778,8.2778,8.2778,8.2778,8.2778,8.2778,8.2778,8.2778,8.2778,8.2778,8.2778,8.2778,8.2778,8.2778,8.2778,8.2778,8.2778,8.2778,8.2778,8.2778,8.2778,8.2778,8.2778,8.2778,8.2778,8.2778,8.2778,8.2778,8.2778,8.2778,8.2778,8.2778,8.2778,8.2778,8.2778,8.2778,8.2778,8.2778,8.2778,8.2778,8.2778,8.2778,8.2778,8.2778,8.2778,8.2778,8.2778,8.2778,8.2778,8.2778,8.2778,8.2778,8.2778,8.2778,8.2778,8.2778,8.2778,8.2778,8.2778,8.2778,8.2778,8.2778,8.2778,8.2778,8.2778,8.2778,8.2778,8.2778,8.2778,8.2778,8.2778,8.2778,8.2778,8.2778,8.2778,8.2778,8.2778,8.2778,8.2778,8.2778,8.2778,8.2778,8.2778,8.2778,8.2778,8.2778,8.2778,8.2778,8.2778,8.2778,8.2778,8.2778,8.2778,8.2778,8.2778,8.2778,8.2778,8.2778,8.2778,8.2778,8.2778,8.2778,8.2778,8.2778,8.2778,8.2778,8.2778,8.2778,8.2778,8.2778,8.2778,8.2778,8.2778,8.2778,8.2778,8.2778,8.2778,8.2778,8.2778,8.2778,8.2778,8.2778,8.2778,8.2778,8.2778,8.2778,8.2778,8.2778,8.2778,8.2778,8.2778,8.2778,8.2778,8.2778,8.2778,8.2778,8.2778,8.2778,8.2778,8.2778,8.2778,8.2778,8.2778,8.2778,8.2778,8.2778,8.2778,8.2778,8.2778,8.2778,8.2778,8.2778,8.2778,8.2778,8.2778,8.2778,8.2778,8.2778,8.2778,8.2778,8.2778,8.2778,8.2778,8.2778,8.2778,8.2778,8.2778,8.2778,8.2778,8.2778,8.2778,8.2778,8.2778,8.2778,8.2778,8.2778,8.2778,8.2778,8.2778,8.2778,8.2778,8.2778,8.2778,8.2778,8.2778,8.2778,8.2778,8.2778,8.2778,8.2778,8.2778,8.2778,8.2778,8.2778,8.2778,8.2778,8.2778,8.2778,8.2778,8.2778,8.2778,8.2778,8.2778,8.2778,8.2778,8.2778,8.2778,8.2778,8.2778,8.2778,8.2778,8.2778,8.2778,8.2778,8.2778,8.2778,8.2778,8.2778,8.2778,8.2778,8.2778,8.2778,8.2778,8.2778,8.2778,8.2778,8.2778,8.2778,8.2778,8.2778,8.2778,8.2778,8.2778,8.2778,8.2778,8.2778,8.2778,8.2778,8.2778,8.2778,8.2778,8.2778,8.2778,8.2778,8.2778,8.2778,8.2778,8.2778,8.2778,8.2778,8.2778,8.2778,8.2778,8.2778,8.2778,8.2778,8.2778,8.2778,8.2778,8.2778,8.2778,8.2778,8.2778,8.2778,8.2778,8.2778,8.2778,8.2778,8.2778,8.2778,8.2778,8.2778,8.2778,8.2778,8.2778,8.2778,8.2778,8.2778,8.2778,8.2778,8.2778,8.2778,8.2778,8.2778,8.2778,8.2778,8.2778,8.2778,8.2778,8.2778,8.2778,8.2778,8.2778,8.2778,8.2778,8.2778,8.2778,8.2778,8.2778,8.2778,8.2778,8.2778,8.2778,8.2778,8.2778,8.2778,8.2778,8.2778,8.2778,8.2778,8.2778,8.2778,8.2778,8.2778,8.2778,8.2778,8.2778,8.2778,8.2778,8.2778,8.2778,8.2778,8.2778,8.2778,8.2778,8.2778,8.2778,8.2778,8.2778,8.2778,8.2778,8.2778,8.2778,8.2778,8.2778,8.2778,8.2778,8.2778,8.2778,8.2778,8.2778,8.2778,8.2778,8.2778,8.2778,8.2778,8.2778,8.2778,8.2778,8.2778,8.2778,8.2778,8.2778,8.2778,8.2778,8.2778,8.2778,8.2778,8.2778,8.2778,8.2778,8.2778,8.2778,8.2778,8.2778,8.2778,8.2778,8.2778,8.2778,8.2778,8.2778,8.2778,8.2778,8.2778,8.2778,8.2778,8.2778,8.2778,8.2778,8.2778,8.2778,8.2778,8.2778,8.2778,8.2778,8.2778,8.2778,8.2778,8.2778,8.2778,8.2778,8.2778,8.2778,8.2778,8.2778,8.2778,8.2778,8.2778,8.2778,8.2778,8.2778,8.2778,8.2778,8.2778,8.2778,8.2778,8.2778,8.2778,8.2778,8.2778,8.2778,8.2778,8.2778,8.2778,8.2778,8.2778,8.2778,8.2778,8.2778,8.2778,8.2778,8.2778,8.2778,8.2778,8.2778,8.2778,8.2778,8.2778,8.2778,8.2778,8.2778,8.2778,8.2778,8.2778,8.2778,8.2778,8.2778,8.2778,8.2778,8.2778,8.2778,8.2778,8.2778,8.2778,8.2778,8.2778,8.2778,8.2778,8.2778,8.2778,8.2778,8.2778,8.2778,8.2778,8.2778,8.2778,8.2778,8.2778,8.2778,8.2778,8.2778,8.2778,8.2778,8.2778,8.2778,8.2778,8.2778,8.2778,8.2778,8.2778,8.2778,8.2778,8.2778,8.2778,8.2778,8.2778,8.2778,8.2778,8.2778,8.2778,8.2778,8.2778,8.2778,8.2778,8.2778,8.2778,8.2778,8.2778,8.2778,8.2778,8.2778,8.2778,8.2778,8.2778,8.2778,8.2778,8.2778,8.2778,8.2778,8.2778,8.2778,8.2778,8.2778,8.2778,8.2778,8.2778,8.2778,8.2778,8.2778,8.2778,8.2778,8.2778,8.2778,8.2778,8.2778,8.2778,8.2778,8.2778,8.2778,8.2778,8.2778,8.2778,8.2778,8.2778,8.2778,8.2778,8.2778,8.2778,8.2778,8.2778,8.2778,8.2778,8.2778,8.2778,8.2778,8.2778,8.2778,8.2778,8.2778,8.2778,8.2778,8.2778,8.2778,8.2778,8.2778,8.2778,8.2778,8.2778,8.2778,8.2778,8.2778,8.2778,8.2778,8.2778,8.2778,8.2778,8.2778,8.2778,8.2778,8.2778,8.2778,8.2778,8.2778,8.2778,8.2778,8.2778,8.2778,8.2778,8.2778,8.2778,8.2778,8.2778,8.2778,8.2778,8.2778,8.2778,8.2778,8.2778,8.2778,8.2778,8.2778,8.2778,8.2778,8.2778,8.2778,8.2778,8.2778,8.2778,8.2778,8.2778,8.2778,8.2778,8.2778,8.2778,8.2778,8.2778,8.2778,8.2778,8.2778,8.2778,8.2778,8.2778,8.2778,8.2778,8.2778,8.2778,8.2778,8.2778,8.2778,8.2778,8.2778,8.2778,8.2778,8.2778,8.2778,8.2778,8.2778,8.2778,8.2778,8.2778,8.2778,8.2778,8.2778,8.2778,8.2778,8.2778,8.2778,8.2778,8.2778,8.2778,8.2778,8.2778,8.2778,8.2778,8.2778,8.2778,8.2778,8.2778,8.2778,8.2778,8.2778,8.2778,8.2778,8.2778,8.2778,8.2778,8.2778,8.2778,8.2778,8.2778,8.2778,8.2778,8.2778,8.2778,8.2778,8.2778,8.2778,8.2778,8.2778,8.2778,8.2778,8.2778,8.2778,8.2778,8.2778,8.2778,8.2778,8.2778,8.2778,8.2778,8.2778,8.2778,8.2778,8.2778,8.2778,8.2778,8.2778,8.2778,8.2778,8.2778,8.2778,8.2778,8.2778,8.2778,8.2778,8.2778,8.2778,8.2778,8.2778,8.2778,8.2778,8.2778,8.2778,8.2778,8.2778,8.2778,8.2778,8.2778,8.2778,8.2778,8.2778,8.2778,8.2778,8.2778,8.2778,8.2778,8.2778,8.2778,8.2778,8.2778,8.2778,8.2778,8.2778,8.2778,8.2778,8.2778,8.2778,8.2778,8.2778,8.2778,8.2778,8.2778,8.2778,8.2778,8.2778,8.2778,8.2778,8.2778,8.2778,8.2778,8.2778,8.2778,8.2778,8.2778,8.2778,8.2778,8.2778,8.2778,8.2778,8.2778,8.2778,8.2778,8.2778,8.2778,8.2778,8.2778,8.2778,8.2778,8.2778,8.2778,8.2778,8.2778,8.2778,8.2778,8.2778,8.2778,8.2778,8.2778,8.2778,8.2778
8.2701,8.2701,8.2701,8.2701,8.2701,8.2701,8.2701,8.2701,8.2701,8.2701,8.2701,8.2701,8.2701,8.2701,8.2701,8.2701,8.2701,8.2701,8.2701,8.2701,8.2701,8.2701,8.2701,8.2701,8.2701,8.2701,8.2701,8.2701,8.2701,8.2701,8.2701,8.2701,8.2701,8.2701,8.2701,8.2701,8.2701,8.2701,8.2701,8.2701,8.2701,8.2701,8.2701,8.2701,8.2701,8.2701,8.2701,8.2701,8.2701,8.2701,8.2701,8.2701,8.2701,8.2701,8.2701,8.2701,8.2701,8.2701,8.2701,8.2701,8.2701,8.2701,8.2701,8.2701,8.2701,8.2701,8.2701,8.2701,8.2701,8.2701,8.2701,8.2701,8.2701,8.2701,8.2701,8.2701,8.2701,8.2701,8.2701,8.2701,8.2701,8.2701,8.2701,8.2701,8.2701,8.2701,8.2701,8.2701,8.2701,8.2701,8.2701,8.2701,8.2701,8.2701,8.2701,8.2701,8.2701,8.2701,8.2701,8.2701,8.2701,8.2701,8.2701,8.2701,8.2701,8.2701,8.2701,8.2701,8.2701,8.2701,8.2701,8.2701,8.2701,8.2701,8.2701,8.2701,8.2701,8.2701,8.2701,8.2701,8.2701,8.2701,8.2701,8.2701,8.2701,8.2701,8.2701,8.2701,8.2701,8.2701,8.2701,8.2701,8.2701,8.2701,8.2701,8.2701,8.2701,8.2701,8.2701,8.2701,8.2701,8.2701,8.2701,8.2701,8.2701,8.2701,8.2701,8.2701,8.2701,8.2701,8.2701,8.2701,8.2701,8.2701,8.2701,8.2701,8.2701,8.2701,8.2701,8.2701,8.2701,8.2701,8.2701,8.2701,8.2701,8.2701,8.2701,8.2701,8.2701,8.2701,8.2701,8.2701,8.2701,8.2701,8.2701,8.2701,8.2701,8.2701,8.2701,8.2701,8.2701,8.2701,8.2701,8.2701,8.2701,8.2701,8.2701,8.2701,8.2701,8.2701,8.2701,8.2701,8.2701,8.2701,8.2701,8.2701,8.2701,8.2701,8.2701,8.2701,8.2701,8.2701,8.2701,8.2701,8.2701,8.2701,8.2701,8.2701,8.2701,8.2701,8.2701,8.2701,8.2701,8.2701,8.2701,8.2701,8.2701,8.2701,8.2701,8.2701,8.2701,8.2701,8.2701,8.2701,8.2701,8.2701,8.2701,8.2701,8.2701,8.2701,8.2701,8.2701,8.2701,8.2701,8.2701,8.2701,8.2701,8.2701,8.2701,8.2701,8.2701,8.2701,8.2701,8.2701,8.2701,8.2701,8.2701,8.2701,8.2701,8.2701,8.2701,8.2701,8.2701,8.2701,8.2701,8.2701,8.2701,8.2701,8.2701,8.2701,8.2701,8.2701,8.2701,8.2701,8.2701,8.2701,8.2701,8.2701,8.2701,8.2701,8.2701,8.2701,8.2701,8.2701,8.2701,8.2701,8.2701,8.2701,8.2701,8.2701,8.2701,8.2701,8.2701,8.2701,8.2701,8.2701,8.2701,8.2701,8.2701,8.2701,8.2701,8.2701,8.2701,8.2701,8.2701,8.2701,8.2701,8.2701,8.2701,8.2701,8.2701,8.2701,8.2701,8.2701,8.2701,8.2701,8.2701,8.2701,8.2701,8.2701,8.2701,8.2701,8.2701,8.2701,8.2701,8.2701,8.2701,8.2701,8.2701,8.2701,8.2701,8.2701,8.2701,8.2701,8.2701,8.2701,8.2701,8.2701,8.2701,8.2701,8.2701,8.2701,8.2701,8.2701,8.2701,8.2701,8.2701,8.2701,8.2701,8.2701,8.2701,8.2701,8.2701,8.2701,8.2701,8.2701,8.2701,8.2701,8.2701,8.2701,8.2701,8.2701,8.2701,8.2701,8.2701,8.2701,8.2701,8.2701,8.2701,8.2701,8.2701,8.2701,8.2701,8.2701,8.2701,8.2701,8.2701,8.2701,8.2701,8.2701,8.2701,8.2701,8.2701,8.2701,8.2701,8.2701,8.2701,8.2701,8.2701,8.2701,8.2701,8.2701,8.2701,8.2701,8.2701,8.2701,8.2701,8.2701,8.2701,8.2701,8.2701,8.2701,8.2701,8.2701,8.2701,8.2701,8.2701,8.2701,8.2701,8.2701,8.2701,8.2701,8.2701,8.2701,8.2701,8.2701,8.2701,8.2701,8.2701,8.2701,8.2701,8.2701,8.2701,8.2701,8.2701,8.2701,8.2701,8.2701,8.2701,8.2701,8.2701,8.2701,8.2701,8.2701,8.2701,8.2701,8.2701,8.2701,8.2701,8.2701,8.2701,8.2701,8.2701,8.2701,8.2701,8.2701,8.2701,8.2701,8.2701,8.2701,8.2701,8.2701,8.2701,8.2701,8.2701,8.2701,8.2701,8.2701,8.2701,8.2701,8.2701,8.2701,8.2701,8.2701,8.2701,8.2701,8.2701,8.2701,8.2701,8.2701,8.2701,8.2701,8.2701,8.2701,8.2701,8.2701,8.2701,8.2701,8.2701,8.2701,8.2701,8.2701,8.2701,8.2701,8.2701,8.2701,8.2701,8.2701,8.2701,8.2701,8.2701,8.2701,8.2701,8.2701,8.2701,8.2701,8.2701,8.2701,8.2701,8.2701,8.2701,8.2701,8.2701,8.2701,8.2701,8.2701,8.2701,8.2701,8.2701,8.2701,8.2701,8.2701,8.2701,8.2701,8.2701,8.2701,8.2701,8.2701,8.2701,8.2701,8.2701,8.2701,8.2701,8.2701,8.2701,8.2701,8.2701,8.2701,8.2701,8.2701,8.2701,8.2701,8.2701,8.2701,8.2701,8.2701,8.2701,8.2701,8.2701,8.2701,8.2701,8.2701,8.2701,8.2701,8.2701,8.2701,8.2701,8.2701,8.2701,8.2701,8.2701,8.2701,8.2701,8.2701,8.2701,8.2701,8.2701,8.2701,8.2701,8.2701,8.2701,8.2701,8.2701,8.2701,8.2701,8.2701,8.2701,8.2701,8.2701,8.2701,8.2701,8.2701,8.2701,8.2701,8.2701,8.2701,8.2701,8.2701,8.2701,8.2701,8.2701,8.2701,8.2701,8.2701,8.2701,8.2701,8.2701,8.2701,8.2701,8.2701,8.2701,8.2701,8.2701,8.2701,8.2701,8.2701,8.2701,8.2701,8.2701,8.2701,8.2701,8.2701,8.2701,8.2701,8.2701,8.2701,8.2701,8.2701,8.2701,8.2701,8.2701,8.2701,8.2701,8.2701,8.2701,8.2701,8.2701,8.2701,8.2701,8.2701,8.2701,8.2701,8.2701,8.2701,8.2701,8.2701,8.2701,8.2701,8.2701,8.2701,8.2701,8.2701,8.2701,8.2701,8.2701,8.2701,8.2701,8.2701,8.2701,8.2701,8.2701,8.2701,8.2701,8.2701,8.2701,8.2701,8.2701,8.2701,8.2701,8.2701,8.2701,8.2701,8.2701,8.2701,8.2701,8.2701,8.2701,8.2701,8.2701,8.2701,8.2701,8.2701,8.2701,8.2701,8.2701,8.2701,8.2701,8.2701,8.2701,8.2701,8.2701,8.2701,8.2701,8.2701,8.2701,8.2701,8.2701,8.2701,8.2701,8.2701,8.2701,8.2701,8.2701,8.2701,8.2701,8.2701,8.2701,8.2701,8.2701,8.2701,8.2701,8.2701,8.2701,8.2701,8.2701,8.2701,8.2701,8.2701,8.2701,8.2701,8.2701,8.2701,8.2701,8.2701,8.2701,8.2701,8.2701,8.2701,8.2701,8.2701,8.2701,8.2701,8.2701,8.2701,8.2701,8.2701,8.2701,8.2701,8.2701,8.2701,8.2701,8.2701,8.2701,8.2701,8.2701,8.2701,8.2701,8.2701,8.2701,8.2701,8.2701,8.2701,8.2701,8.2701,8.2701,8.2701,8.2701,8.2701,8.2701,8.2701,8.2701,8.2701,8.2701,8.2701,8.2701,8.2701,8.2701,8.2701,8.2701,8.2701,8.2701,8.2701,8.2701,8.2701,8.2701,8.2701,8.2701,8.2701,8.2701,8.2701,8.2701,8.2701,8.2701,8.2701,8.2701,8.2701,8.2701,8.2701,8.2701,8.2701,8.2701,8.2701,8.2701,8.2701,8.2701,8.2701,8.2701,8.2701,8.2701,8.2701,8.2701,8.2701,8.2701,8.2701,8.2701,8.2701,8.2701,8.2701,8.2701,8.2701,8.2701,8.2701,8.2701,8.2701,8.2701,8.2701,8.2701,8.2701,8.2701,8.2701,8.2701,8.2701,8.2701,8.2701,8.2701,8.2701,8.2701,8.2701,8.2701,8.2701,8.2701,8.2701,8.2701,8.2701,8.2701,8.2701,8.2701,8.2701,8.2701,8.2701,8.2701,8.2701,8.2701,8.2701,8.2701,8.2701,8.2701,8.2701,8.2701,8.2701,8.2701,8.2701,8.2701,8.2701,8.2701,8.2701,8.2701,8.2701,8.2701,8.2701,8.2701,8.2701,8.2701,8.2701,8.2701,8.2701,8.2701,8.2701,8.2701,8.2701,8.2701,8.2701,8.2701,8.2701,8.2701,8.2701,8.2701,8.2701,8.2701,8.2701,8.2701,8.2701,8.2701,8.2701,8.2701,8.2701,8.2701,8.2701,8.2701,8.2701,8.2701,8.2701,8.2701,8.2701,8.2701,8.2701,8.2701,8.2701,8.2701,8.2701,8.2701,8.2701,8.2701,8.2701,8.2701,8.2701,8.2701,8.2701,8.2701,8.2701,8.2701,8.2701,8.2701,8.2701,8.2701,8.2701,8.2701,8.2701,8.2701,8.2701,8.2701,8.2701,8.2701,8.2701,8.2701,8.2701,8.2701,8.2701,8.2701,8.2701,8.2701,8.2701,8.2701,8.2701,8.2701,8.2701,8.2701,8.2701,8.2701,8.2701,8.2701,8.2701,8.2701,8.2701,8.2701,8.2701,8.2701,8.2701,8.2701,8.2701,8.2701,8.2701,8.2701,8.2701,8.2701,8.2701,8.2701,8.2701,8.2701,8.2701,8.2701,8.2701,8.2701,8.2701,8.2701,8.2701,8.2701,8.2701,8.2701,8.2701,8.2701,8.2701,8.2701,8.2701,8.2701,8.2701,8.2701,8.2701,8.2701,8.2701,8.2701,8.2701,8.2701,8.2701,8.2701,8.2701,8.2701,8.2701,8.2701,8.2701
8.2623,8.2623,8.2623,8.2623,8.2623,8.2623,8.2623,8.2623,8.2623,8.2623,8.2623,8.2623,8.2623,8.2623,8.2623,8.2623,8.2623,8.2623,8.2623,8.2623,8.2623,8.2623,8.2623,8.2623,8.2623,8.2623,8.2623,8.2623,8.2623,8.2623,8.2623,8.2623,8.2623,8.2623,8.2623,8.2623,8.2623,8.2623,8.2623,8.2623,8.2623,8.2623,8.2623,8.2623,8.2623,8.2623,8.2623,8.2623,8.2623,8.2623,8.2623,8.2623,8.2623,8.2623,8.2623,8.2623,8.2623,8.2623,8.2623,8.2623,8.2623,8.2623,8.2623,8.2623,8.2623,8.2623,8.2623,8.2623,8.2623,8.2623,8.2623,8.2623,8.2623,8.2623,8.2623,8.2623,8.2623,8.2623,8.2623,8.2623,8.2623,8.2623,8.2623,8.2623,8.2623,8.2623,8.2623,8.2623,8.2623,8.2623,8.2623,8.2623,8.2623,8.2623,8.2623,8.2623,8.2623,8.2623,8.2623,8.2623,8.2623,8.2623,8.2623,8.2623,8.2623,8.2623,8.2623,8.2623,8.2623,8.2623,8.2623,8.2623,8.2623,8.2623,8.2623,8.2623,8.2623,8.2623,8.2623,8.2623,8.2623,8.2623,8.2623,8.2623,8.2623,8.2623,8.2623,8.2623,8.2623,8.2623,8.2623,8.2623,8.2623,8.2623,8.2623,8.2623,8.2623,8.2623,8.2623,8.2623,8.2623,8.2623,8.2623,8.2623,8.2623,8.2623,8.2623,8.2623,8.2623,8.2623,8.2623,8.2623,8.2623,8.2623,8.2623,8.2623,8.2623,8.2623,8.2623,8.2623,8.2623,8.2623,8.2623,8.2623,8.2623,8.2623,8.2623,8.2623,8.2623,8.2623,8.2623,8.2623,8.2623,8.2623,8.2623,8.2623,8.2623,8.2623,8.2623,8.2623,8.2623,8.2623,8.2623,8.2623,8.2623,8.2623,8.2623,8.2623,8.2623,8.2623,8.2623,8.2623,8.2623,8.2623,8.2623,8.2623,8.2623,8.2623,8.2623,8.2623,8.2623,8.2623,8.2623,8.2623,8.2623,8.2623,8.2623,8.2623,8.2623,8.2623,8.2623,8.2623,8.2623,8.2623,8.2623,8.2623,8.2623,8.2623,8.2623,8.2623,8.2623,8.2623,8.2623,8.2623,8.2623,8.2623,8.2623,8.2623,8.2623,8.2623,8.2623,8.2623,8.2623,8.2623,8.2623,8.2623,8.2623,8.2623,8.2623,8.2623,8.2623,8.2623,8.2623,8.2623,8.2623,8.2623,8.2623,8.2623,8.2623,8.2623,8.2623,8.2623,8.2623,8.2623,8.2623,8.2623,8.2623,8.2623,8.2623,8.2623,8.2623,8.2623,8.2623,8.2623,8.2623,8.2623,8.2623,8.2623,8.2623,8.2623,8.2623,8.2623,8.2623,8.2623,8.2623,8.2623,8.2623,8.2623,8.2623,8.2623,8.2623,8.2623,8.2623,8.2623,8.2623,8.2623,8.2623,8.2623,8.2623,8.2623,8.2623,8.2623,8.2623,8.2623,8.2623,8.2623,8.2623,8.2623,8.2623,8.2623,8.2623,8.2623,8.2623,8.2623,8.2623,8.2623,8.2623,8.2623,8.2623,8.2623,8.2623,8.2623,8.2623,8.2623,8.2623,8.2623,8.2623,8.2623,8.2623,8.2623,8.2623,8.2623,8.2623,8.2623,8.2623,8.2623,8.2623,8.2623,8.2623,8.2623,8.2623,8.2623,8.2623,8.2623,8.2623,8.2623,8.2623,8.2623,8.2623,8.2623,8.2623,8.2623,8.2623,8.2623,8.2623,8.2623,8.2623,8.2623,8.2623,8.2623,8.2623,8.2623,8.2623,8.2623,8.2623,8.2623,8.2623,8.2623,8.2623,8.2623,8.2623,8.2623,8.2623,8.2623,8.2623,8.2623,8.2623,8.2623,8.2623,8.2623,8.2623,8.2623,8.2623,8.2623,8.2623,8.2623,8.2623,8.2623,8.2623,8.2623,8.2623,8.2623,8.2623,8.2623,8.2623,8.2623,8.2623,8.2623,8.2623,8.2623,8.2623,8.2623,8.2623,8.2623,8.2623,8.2623,8.2623,8.2623,8.2623,8.2623,8.2623,8.2623,8.2623,8.2623,8.2623,8.2623,8.2623,8.2623,8.2623,8.2623,8.2623,8.2623,8.2623,8.2623,8.2623,8.2623,8.2623,8.2623,8.2623,8.2623,8.2623,8.2623,8.2623,8.2623,8.2623,8.2623,8.2623,8.2623,8.2623,8.2623,8.2623,8.2623,8.2623,8.2623,8.2623,8.2623,8.2623,8.2623,8.2623,8.2623,8.2623,8.2623,8.2623,8.2623,8.2623,8.2623,8.2623,8.2623,8.2623,8.2623,8.2623,8.2623,8.2623,8.2623,8.2623,8.2623,8.2623,8.2623,8.2623,8.2623,8.2623,8.2623,8.2623,8.2623,8.2623,8.2623,8.2623,8.2623,8.2623,8.2623,8.2623,8.2623,8.2623,8.2623,8.2623,8.2623,8.2623,8.2623,8.2623,8.2623,8.2623,8.2623,8.2623,8.2623,8.2623,8.2623,8.2623,8.2623,8.2623,8.2623,8.2623,8.2623,8.2623,8.2623,8.2623,8.2623,8.2623,8.2623,8.2623,8.2623,8.2623,8.2623,8.2623,8.2623,8.2623,8.2623,8.2623,8.2623,8.2623,8.2623,8.2623,8.2623,8.2623,8.2623,8.2623,8.2623,8.2623,8.2623,8.2623,8.2623,8.2623,8.2623,8.2623,8.2623,8.2623,8.2623,8.2623,8.2623,8.2623,8.2623,8.2623,8.2623,8.2623,8.2623,8.2623,8.2623,8.2623,8.2623,8.2623,8.2623,8.2623,8.2623,8.2623,8.2623,8.2623,8.2623,8.2623,8.2623,8.2623,8.2623,8.2623,8.2623,8.2623,8.2623,8.2623,8.2623,8.2623,8.2623,8.2623,8.2623,8.2623,8.2623,8.2623,8.2623,8.2623,8.2623,8.2623,8.2623,8.2623,8.2623,8.2623,8.2623,8.2623,8.2623,8.2623,8.2623,8.2623,8.2623,8.2623,8.2623,8.2623,8.2623,8.2623,8.2623,8.2623,8.2623,8.2623,8.2623,8.2623,8.2623,8.2623,8.2623,8.2623,8.2623,8.2623,8.2623,8.2623,8.2623,8.2623,8.2623,8.2623,8.2623,8.2623,8.2623,8.2623,8.2623,8.2623,8.2623,8.2623,8.2623,8.2623,8.2623,8.2623,8.2623,8.2623,8.2623,8.2623,8.2623,8.2623,8.2623,8.2623,8.2623,8.2623,8.2623,8.2623,8.2623,8.2623,8.2623,8.2623,8.2623,8.2623,8.2623,8.2623,8.2623,8.2623,8.2623,8.2623,8.2623,8.2623,8.2623,8.2623,8.2623,8.2623,8.2623,8.2623,8.2623,8.2623,8.2623,8.2623,8.2623,8.2623,8.2623,8.2623,8.2623,8.2623,8.2623,8.2623,8.2623,8.2623,8.2623,8.2623,8.2623,8.2623,8.2623,8.2623,8.2623,8.2623,8.2623,8.2623,8.2623,8.2623,8.2623,8.2623,8.2623,8.2623,8.2623,8.2623,8.2623,8.2623,8.2623,8.2623,8.2623,8.2623,8.2623,8.2623,8.2623,8.2623,8.2623,8.2623,8.2623,8.2623,8.2623,8.2623,8.2623,8.2623,8.2623,8.2623,8.2623,8.2623,8.2623,8.2623,8.2623,8.2623,8.2623,8.2623,8.2623,8.2623,8.2623,8.2623,8.2623,8.2623,8.2623,8.2623,8.2623,8.2623,8.2623,8.2623,8.2623,8.2623,8.2623,8.2623,8.2623,8.2623,8.2623,8.2623,8.2623,8.2623,8.2623,8.2623,8.2623,8.2623,8.2623,8.2623,8.2623,8.2623,8.2623,8.2623,8.2623,8.2623,8.2623,8.2623,8.2623,8.2623,8.2623,8.2623,8.2623,8.2623,8.2623,8.2623,8.2623,8.2623,8.2623,8.2623,8.2623,8.2623,8.2623,8.2623,8.2623,8.2623,8.2623,8.2623,8.2623,8.2623,8.2623,8.2623,8.2623,8.2623,8.2623,8.2623,8.2623,8.2623,8.2623,8.2623,8.2623,8.2623,8.2623,8.2623,8.2623,8.2623,8.2623,8.2623,8.2623,8.2623,8.2623,8.2623,8.2623,8.2623,8.2623,8.2623,8.2623,8.2623,8.2623,8.2623,8.2623,8.2623,8.2623,8.2623,8.2623,8.2623,8.2623,8.2623,8.2623,8.2623,8.2623,8.2623,8.2623,8.2623,8.2623,8.2623,8.2623,8.2623,8.2623,8.2623,8.2623,8.2623,8.2623,8.2623,8.2623,8.2623,8.2623,8.2623,8.2623,8.2623,8.2623,8.2623,8.2623,8.2623,8.2623,8.2623,8.2623,8.2623,8.2623,8.2623,8.2623,8.2623,8.2623,8.2623,8.2623,8.2623,8.2623,8.2623,8.2623,8.2623,8.2623,8.2623,8.2623,8.2623,8.2623,8.2623,8.2623,8.2623,8.2623,8.2623,8.2623,8.2623,8.2623,8.2623,8.2623,8.2623,8.2623,8.2623,8.2623,8.2623,8.2623,8.2623,8.2623,8.2623,8.2623,8.2623,8.2623,8.2623,8.2623,8.2623,8.2623,8.2623,8.2623,8.2623,8.2623,8.2623,8.2623,8.2623,8.2623,8.2623,8.2623,8.2623,8.2623,8.2623,8.2623,8.2623,8.2623,8.2623,8.2623,8.2623,8.2623,8.2623,8.2623,8.2623,8.2623,8.2623,8.2623,8.2623,8.2623,8.2623,8.2623,8.2623,8.2623,8.2623,8.2623,8.2623,8.2623,8.2623,8.2623,8.2623,8.2623,8.2623,8.2623,8.2623,8.2623,8.2623,8.2623,8.2623,8.2623,8.2623,8.2623,8.2623,8.2623,8.2623,8.2623,8.2623,8.2623,8.2623,8.2623,8.2623,8.2623,8.2623,8.2623,8.2623,8.2623,8.2623,8.2623,8.2623,8.2623,8.2623,8.2623,8.2623,8.2623,8.2623,8.2623,8.2623,8.2623,8.2623,8.2623,8.2623,8.2623,8.2623,8.2623,8.2623,8.2623,8.2623,8.2623
8.2542,8.2542,8.2542,8.2542,8.2542,8.2542,8.2542,8.2542,8.2542,8.2542,8.2542,8.2542,8.2542,8.2542,8.2542,8.2542,8.2542,8.2542,8.2542,8.2542,8.2542,8.2542,8.2542,8.2542,8.2542,8.2542,8.2542,8.2542,8.2542,8.2542,8.2542,8.2542,8.2542,8.2542,8.2542,8.2542,8.2542,8.2542,8.2542,8.2542,8.2542,8.2542,8.2542,8.2542,8.2542,8.2542,8.2542,8.2542,8.2542,8.2542,8.2542,8.2542,8.2542,8.2542,8.2542,8.2542,8.2542,8.2542,8.2542,8.2542,8.2542,8.2542,8.2542,8.2542,8.2542,8.2542,8.2542,8.2542,8.2542,8.2542,8.2542,8.2542,8.2542,8.2542,8.2542,8.2542,8.2542,8.2542,8.2542,8.2542,8.2542,8.2542,8.2542,8.2542,8.2542,8.2542,8.2542,8.2542,8.2542,8.2542,8.2542,8.2542,8.2542,8.2542,8.2542,8.2542,8.2542,8.2542,8.2542,8.2542,8.2542,8.2542,8.2542,8.2542,8.2542,8.2542,8.2542,8.2542,8.2542,8.2542,8.2542,8.2542,8.2542,8.2542,8.2542,8.2542,8.2542,8.2542,8.2542,8.2542,8.2542,8.2542,8.2542,8.2542,8.2542,8.2542,8.2542,8.2542,8.2542,8.2542,8.2542,8.2542,8.2542,8.2542,8.2542,8.2542,8.2542,8.2542,8.2542,8.2542,8.2542,8.2542,8.2542,8.2542,8.2542,8.2542,8.2542,8.2542,8.2542,8.2542,8.2542,8.2542,8.2542,8.2542,8.2542,8.2542,8.2542,8.2542,8.2542,8.2542,8.2542,8.2542,8.2542,8.2542,8.2542,8.2542,8.2542,8.2542,8.2542,8.2542,8.2542,8.2542,8.2542,8.2542,8.2542,8.2542,8.2542,8.2542,8.2542,8.2542,8.2542,8.2542,8.2542,8.2542,8.2542,8.2542,8.2542,8.2542,8.2542,8.2542,8.2542,8.2542,8.2542,8.2542,8.2542,8.2542,8.2542,8.2542,8.2542,8.2542,8.2542,8.2542,8.2542,8.2542,8.2542,8.2542,8.2542,8.2542,8.2542,8.2542,8.2542,8.2542,8.2542,8.2542,8.2542,8.2542,8.2542,8.2542,8.2542,8.2542,8.2542,8.2542,8.2542,8.2542,8.2542,8.2542,8.2542,8.2542,8.2542,8.2542,8.2542,8.2542,8.2542,8.2542,8.2542,8.2542,8.2542,8.2542,8.2542,8.2542,8.2542,8.2542,8.2542,8.2542,8.2542,8.2542,8.2542,8.2542,8.2542,8.2542,8.2542,8.2542,8.2542,8.2542,8.2542,8.2542,8.2542,8.2542,8.2542,8.2542,8.2542,8.2542,8.2542,8.2542,8.2542,8.2542,8.2542,8.2542,8.2542,8.2542,8.2542,8.2542,8.2542,8.2542,8.2542,8.2542,8.2542,8.2542,8.2542,8.2542,8.2542,8.2542,8.2542,8.2542,8.2542,8.2542,8.2542,8.2542,8.2542,8.2542,8.2542,8.2542,8.2542,8.2542,8.2542,8.2542,8.2542,8.2542,8.2542,8.2542,8.2542,8.2542,8.2542,8.2542,8.2542,8.2542,8.2542,8.2542,8.2542,8.2542,8.2542,8.2542,8.2542,8.2542,8.2542,8.2542,8.2542,8.2542,8.2542,8.2542,8.2542,8.2542,8.2542,8.2542,8.2542,8.2542,8.2542,8.2542,8.2542,8.2542,8.2542,8.2542,8.2542,8.2542,8.2542,8.2542,8.2542,8.2542,8.2542,8.2542,8.2542,8.2542,8.2542,8.2542,8.2542,8.2542,8.2542,8.2542,8.2542,8.2542,8.2542,8.2542,8.2542,8.2542,8.2542,8.2542,8.2542,8.2542,8.2542,8.2542,8.2542,8.2542,8.2542,8.2542,8.2542,8.2542,8.2542,8.2542,8.2542,8.2542,8.2542,8.2542,8.2542,8.2542,8.2542,8.2542,8.2542,8.2542,8.2542,8.2542,8.2542,8.2542,8.2542,8.2542,8.2542,8.2542,8.2542,8.2542,8.2542,8.2542,8.2542,8.2542,8.2542,8.2542,8.2542,8.2542,8.2542,8.2542,8.2542,8.2542,8.2542,8.2542,8.2542,8.2542,8.2542,8.2542,8.2542,8.2542,8.2542,8.2542,8.2542,8.2542,8.2542,8.2542,8.2542,8.2542,8.2542,8.2542,8.2542,8.2542,8.2542,8.2542,8.2542,8.2542,8.2542,8.2542,8.2542,8.2542,8.2542,8.2542,8.2542,8.2542,8.2542,8.2542,8.2542,8.2542,8.2542,8.2542,8.2542,8.2542,8.2542,8.2542,8.2542,8.2542,8.2542,8.2542,8.2542,8.2542,8.2542,8.2542,8.2542,8.2542,8.2542,8.2542,8.2542,8.2542,8.2542,8.2542,8.2542,8.2542,8.2542,8.2542,8.2542,8.2542,8.2542,8.2542,8.2542,8.2542,8.2542,8.2542,8.2542,8.2542,8.2542,8.2542,8.2542,8.2542,8.2542,8.2542,8.2542,8.2542,8.2542,8.2542,8.2542,8.2542,8.2542,8.2542,8.2542,8.2542,8.2542,8.2542,8.2542,8.2542,8.2542,8.2542,8.2542,8.2542,8.2542,8.2542,8.2542,8.2542,8.2542,8.2542,8.2542,8.2542,8.2542,8.2542,8.2542,8.2542,8.2542,8.2542,8.2542,8.2542,8.2542,8.2542,8.2542,8.2542,8.2542,8.2542,8.2542,8.2542,8.2542,8.2542,8.2542,8.2542,8.2542,8.2542,8.2542,8.2542,8.2542,8.2542,8.2542,8.2542,8.2542,8.2542,8.2542,8.2542,8.2542,8.2542,8.2542,8.2542,8.2542,8.2542,8.2542,8.2542,8.2542,8.2542,8.2542,8.2542,8.2542,8.2542,8.2542,8.2542,8.2542,8.2542,8.2542,8.2542,8.2542,8.2542,8.2542,8.2542,8.2542,8.2542,8.2542,8.2542,8.2542,8.2542,8.2542,8.2542,8.2542,8.2542,8.2542,8.2542,8.2542,8.2542,8.2542,8.2542,8.2542,8.2542,8.2542,8.2542,8.2542,8.2542,8.2542,8.2542,8.2542,8.2542,8.2542,8.2542,8.2542,8.2542,8.2542,8.2542,8.2542,8.2542,8.2542,8.2542,8.2542,8.2542,8.2542,8.2542,8.2542,8.2542,8.2542,8.2542,8.2542,8.2542,8.2542,8.2542,8.2542,8.2542,8.2542,8.2542,8.2542,8.2542,8.2542,8.2542,8.2542,8.2542,8.2542,8.2542,8.2542,8.2542,8.2542,8.2542,8.2542,8.2542,8.2542,8.2542,8.2542,8.2542,8.2542,8.2542,8.2542,8.2542,8.2542,8.2542,8.2542,8.2542,8.2542,8.2542,8.2542,8.2542,8.2542,8.2542,8.2542,8.2542,8.2542,8.2542,8.2542,8.2542,8.2542,8.2542,8.2542,8.2542,8.2542,8.2542,8.2542,8.2542,8.2542,8.2542,8.2542,8.2542,8.2542,8.2542,8.2542,8.2542,8.2542,8.2542,8.2542,8.2542,8.2542,8.2542,8.2542,8.2542,8.2542,8.2542,8.2542,8.2542,8.2542,8.2542,8.2542,8.2542,8.2542,8.2542,8.2542,8.2542,8.2542,8.2542,8.2542,8.2542,8.2542,8.2542,8.2542,8.2542,8.2542,8.2542,8.2542,8.2542,8.2542,8.2542,8.2542,8.2542,8.2542,8.2542,8.2542,8.2542,8.2542,8.2542,8.2542,8.2542,8.2542,8.2542,8.2542,8.2542,8.2542,8.2542,8.2542,8.2542,8.2542,8.2542,8.2542,8.2542,8.2542,8.2542,8.2542,8.2542,8.2542,8.2542,8.2542,8.2542,8.2542,8.2542,8.2542,8.2542,8.2542,8.2542,8.2542,8.2542,8.2542,8.2542,8.2542,8.2542,8.2542,8.2542,8.2542,8.2542,8.2542,8.2542,8.2542,8.2542,8.2542,8.2542,8.2542,8.2542,8.2542,8.2542,8.2542,8.2542,8.2542,8.2542,8.2542,8.2542,8.2542,8.2542,8.2542,8.2542,8.2542,8.2542,8.2542,8.2542,8.2542,8.2542,8.2542,8.2542,8.2542,8.2542,8.2542,8.2542,8.2542,8.2542,8.2542,8.2542,8.2542,8.2542,8.2542,8.2542,8.2542,8.2542,8.2542,8.2542,8.2542,8.2542,8.2542,8.2542,8.2542,8.2542,8.2542,8.2542,8.2542,8.2542,8.2542,8.2542,8.2542,8.2542,8.2542,8.2542,8.2542,8.2542,8.2542,8.2542,8.2542,8.2542,8.2542,8.2542,8.2542,8.2542,8.2542,8.2542,8.2542,8.2542,8.2542,8.2542,8.2542,8.2542,8.2542,8.2542,8.2542,8.2542,8.2542,8.2542,8.2542,8.2542,8.2542,8.2542,8.2542,8.2542,8.2542,8.2542,8.2542,8.2542,8.2542,8.2542,8.2542,8.2542,8.2542,8.2542,8.2542,8.2542,8.2542,8.2542,8.2542,8.2542,8.2542,8.2542,8.2542,8.2542,8.2542,8.2542,8.2542,8.2542,8.2542,8.2542,8.2542,8.2542,8.2542,8.2542,8.2542,8.2542,8.2542,8.2542,8.2542,8.2542,8.2542,8.2542,8.2542,8.2542,8.2542,8.2542,8.2542,8.2542,8.2542,8.2542,8.2542,8.2542,8.2542,8.2542,8.2542,8.2542,8.2542,8.2542,8.2542,8.2542,8.2542,8.2542,8.2542,8.2542,8.2542,8.2542,8.2542,8.2542,8.2542,8.2542,8.2542,8.2542,8.2542,8.2542,8.2542,8.2542,8.2542,8.2542,8.2542,8.2542,8.2542,8.2542,8.2542,8.2542,8.2542,8.2542,8.2542,8.2542,8.2542,8.2542,8.2542,8.2542,8.2542,8.2542,8.2542,8.2542,8.2542,8.2542,8.2542,8.2542,8.2542,8.2542,8.2542,8.2542,8.2542,8.2542,8.2542,8.2542,8.2542,8.2542,8.2542,8.2542,8.2542,8.2542,8.2542,8.2542,8.2542,8.2542,8.2542,8.2542,8.2542,8.2542,8.2542,8.2542,8.2542,8.2542,8.2542,8.2542
8.2473,8.2473,8.2473,8.2473,8.2473,8.2473,8.2473,8.2473,8.2473,8.2473,8.2473,8.2473,8.2473,8.2473,8.2473,8.2473,8.2473,8.2473,8.2473,8.2473,8.2473,8.2473,8.2473,8.2473,8.2473,8.2473,8.2473,8.2473,8.2473,8.2473,8.2473,8.2473,8.2473,8.2473,8.2473,8.2473,8.2473,8.2473,8.2473,8.2473,8.2473,8.2473,8.2473,8.2473,8.2473,8.2473,8.2473,8.2473,8.2473,8.2473,8.2473,8.2473,8.2473,8.2473,8.2473,8.2473,8.2473,8.2473,8.2473,8.2473,8.2473,8.2473,8.2473,8.2473,8.2473,8.2473,8.2473,8.2473,8.2473,8.2473,8.2473,8.2473,8.2473,8.2473,8.2473,8.2473,8.2473,8.2473,8.2473,8.2473,8.2473,8.2473,8.2473,8.2473,8.2473,8.2473,8.2473,8.2473,8.2473,8.2473,8.2473,8.2473,8.2473,8.2473,8.2473,8.2473,8.2473,8.2473,8.2473,8.2473,8.2473,8.2473,8.2473,8.2473,8.2473,8.2473,8.2473,8.2473,8.2473,8.2473,8.2473,8.2473,8.2473,8.2473,8.2473,8.2473,8.2473,8.2473,8.2473,8.2473,8.2473,8.2473,8.2473,8.2473,8.2473,8.2473,8.2473,8.2473,8.2473,8.2473,8.2473,8.2473,8.2473,8.2473,8.2473,8.2473,8.2473,8.2473,8.2473,8.2473,8.2473,8.2473,8.2473,8.2473,8.2473,8.2473,8.2473,8.2473,8.2473,8.2473,8.2473,8.2473,8.2473,8.2473,8.2473,8.2473,8.2473,8.2473,8.2473,8.2473,8.2473,8.2473,8.2473,8.2473,8.2473,8.2473,8.2473,8.2473,8.2473,8.2473,8.2473,8.2473,8.2473,8.2473,8.2473,8.2473,8.2473,8.2473,8.2473,8.2473,8.2473,8.2473,8.2473,8.2473,8.2473,8.2473,8.2473,8.2473,8.2473,8.2473,8.2473,8.2473,8.2473,8.2473,8.2473,8.2473,8.2473,8.2473,8.2473,8.2473,8.2473,8.2473,8.2473,8.2473,8.2473,8.2473,8.2473,8.2473,8.2473,8.2473,8.2473,8.2473,8.2473,8.2473,8.2473,8.2473,8.2473,8.2473,8.2473,8.2473,8.2473,8.2473,8.2473,8.2473,8.2473,8.2473,8.2473,8.2473,8.2473,8.2473,8.2473,8.2473,8.2473,8.2473,8.2473,8.2473,8.2473,8.2473,8.2473,8.2473,8.2473,8.2473,8.2473,8.2473,8.2473,8.2473,8.2473,8.2473,8.2473,8.2473,8.2473,8.2473,8.2473,8.2473,8.2473,8.2473,8.2473,8.2473,8.2473,8.2473,8.2473,8.2473,8.2473,8.2473,8.2473,8.2473,8.2473,8.2473,8.2473,8.2473,8.2473,8.2473,8.2473,8.2473,8.2473,8.2473,8.2473,8.2473,8.2473,8.2473,8.2473,8.2473,8.2473,8.2473,8.2473,8.2473,8.2473,8.2473,8.2473,8.2473,8.2473,8.2473,8.2473,8.2473,8.2473,8.2473,8.2473,8.2473,8.2473,8.2473,8.2473,8.2473,8.2473,8.2473,8.2473,8.2473,8.2473,8.2473,8.2473,8.2473,8.2473,8.2473,8.2473,8.2473,8.2473,8.2473,8.2473,8.2473,8.2473,8.2473,8.2473,8.2473,8.2473,8.2473,8.2473,8.2473,8.2473,8.2473,8.2473,8.2473,8.2473,8.2473,8.2473,8.2473,8.2473,8.2473,8.2473,8.2473,8.2473,8.2473,8.2473,8.2473,8.2473,8.2473,8.2473,8.2473,8.2473,8.2473,8.2473,8.2473,8.2473,8.2473,8.2473,8.2473,8.2473,8.2473,8.2473,8.2473,8.2473,8.2473,8.2473,8.2473,8.2473,8.2473,8.2473,8.2473,8.2473,8.2473,8.2473,8.2473,8.2473,8.2473,8.2473,8.2473,8.2473,8.2473,8.2473,8.2473,8.2473,8.2473,8.2473,8.2473,8.2473,8.2473,8.2473,8.2473,8.2473,8.2473,8.2473,8.2473,8.2473,8.2473,8.2473,8.2473,8.2473,8.2473,8.2473,8.2473,8.2473,8.2473,8.2473,8.2473,8.2473,8.2473,8.2473,8.2473,8.2473,8.2473,8.2473,8.2473,8.2473,8.2473,8.2473,8.2473,8.2473,8.2473,8.2473,8.2473,8.2473,8.2473,8.2473,8.2473,8.2473,8.2473,8.2473,8.2473,8.2473,8.2473,8.2473,8.2473,8.2473,8.2473,8.2473,8.2473,8.2473,8.2473,8.2473,8.2473,8.2473,8.2473,8.2473,8.2473,8.2473,8.2473,8.2473,8.2473,8.2473,8.2473,8.2473,8.2473,8.2473,8.2473,8.2473,8.2473,8.2473,8.2473,8.2473,8.2473,8.2473,8.2473,8.2473,8.2473,8.2473,8.2473,8.2473,8.2473,8.2473,8.2473,8.2473,8.2473,8.2473,8.2473,8.2473,8.2473,8.2473,8.2473,8.2473,8.2473,8.2473,8.2473,8.2473,8.2473,8.2473,8.2473,8.2473,8.2473,8.2473,8.2473,8.2473,8.2473,8.2473,8.2473,8.2473,8.2473,8.2473,8.2473,8.2473,8.2473,8.2473,8.2473,8.2473,8.2473,8.2473,8.2473,8.2473,8.2473,8.2473,8.2473,8.2473,8.2473,8.2473,8.2473,8.2473,8.2473,8.2473,8.2473,8.2473,8.2473,8.2473,8.2473,8.2473,8.2473,8.2473,8.2473,8.2473,8.2473,8.2473,8.2473,8.2473,8.2473,8.2473,8.2473,8.2473,8.2473,8.2473,8.2473,8.2473,8.2473,8.2473,8.2473,8.2473,8.2473,8.2473,8.2473,8.2473,8.2473,8.2473,8.2473,8.2473,8.2473,8.2473,8.2473,8.2473,8.2473,8.2473,8.2473,8.2473,8.2473,8.2473,8.2473,8.2473,8.2473,8.2473,8.2473,8.2473,8.2473,8.2473,8.2473,8.2473,8.2473,8.2473,8.2473,8.2473,8.2473,8.2473,8.2473,8.2473,8.2473,8.2473,8.2473,8.2473,8.2473,8.2473,8.2473,8.2473,8.2473,8.2473,8.2473,8.2473,8.2473,8.2473,8.2473,8.2473,8.2473,8.2473,8.2473,8.2473,8.2473,8.2473,8.2473,8.2473,8.2473,8.2473,8.2473,8.2473,8.2473,8.2473,8.2473,8.2473,8.2473,8.2473,8.2473,8.2473,8.2473,8.2473,8.2473,8.2473,8.2473,8.2473,8.2473,8.2473,8.2473,8.2473,8.2473,8.2473,8.2473,8.2473,8.2473,8.2473,8.2473,8.2473,8.2473,8.2473,8.2473,8.2473,8.2473,8.2473,8.2473,8.2473,8.2473,8.2473,8.2473,8.2473,8.2473,8.2473,8.2473,8.2473,8.2473,8.2473,8.2473,8.2473,8.2473,8.2473,8.2473,8.2473,8.2473,8.2473,8.2473,8.2473,8.2473,8.2473,8.2473,8.2473,8.2473,8.2473,8.2473,8.2473,8.2473,8.2473,8.2473,8.2473,8.2473,8.2473,8.2473,8.2473,8.2473,8.2473,8.2473,8.2473,8.2473,8.2473,8.2473,8.2473,8.2473,8.2473,8.2473,8.2473,8.2473,8.2473,8.2473,8.2473,8.2473,8.2473,8.2473,8.2473,8.2473,8.2473,8.2473,8.2473,8.2473,8.2473,8.2473,8.2473,8.2473,8.2473,8.2473,8.2473,8.2473,8.2473,8.2473,8.2473,8.2473,8.2473,8.2473,8.2473,8.2473,8.2473,8.2473,8.2473,8.2473,8.2473,8.2473,8.2473,8.2473,8.2473,8.2473,8.2473,8.2473,8.2473,8.2473,8.2473,8.2473,8.2473,8.2473,8.2473,8.2473,8.2473,8.2473,8.2473,8.2473,8.2473,8.2473,8.2473,8.2473,8.2473,8.2473,8.2473,8.2473,8.2473,8.2473,8.2473,8.2473,8.2473,8.2473,8.2473,8.2473,8.2473,8.2473,8.2473,8.2473,8.2473,8.2473,8.2473,8.2473,8.2473,8.2473,8.2473,8.2473,8.2473,8.2473,8.2473,8.2473,8.2473,8.2473,8.2473,8.2473,8.2473,8.2473,8.2473,8.2473,8.2473,8.2473,8.2473,8.2473,8.2473,8.2473,8.2473,8.2473,8.2473,8.2473,8.2473,8.2473,8.2473,8.2473,8.2473,8.2473,8.2473,8.2473,8.2473,8.2473,8.2473,8.2473,8.2473,8.2473,8.2473,8.2473,8.2473,8.2473,8.2473,8.2473,8.2473,8.2473,8.2473,8.2473,8.2473,8.2473,8.2473,8.2473,8.2473,8.2473,8.2473,8.2473,8.2473,8.2473,8.2473,8.2473,8.2473,8.2473,8.2473,8.2473,8.2473,8.2473,8.2473,8.2473,8.2473,8.2473,8.2473,8.2473,8.2473,8.2473,8.2473,8.2473,8.2473,8.2473,8.2473,8.2473,8.2473,8.2473,8.2473,8.2473,8.2473,8.2473,8.2473,8.2473,8.2473,8.2473,8.2473,8.2473,8.2473,8.2473,8.2473,8.2473,8.2473,8.2473,8.2473,8.2473,8.2473,8.2473,8.2473,8.2473,8.2473,8.2473,8.2473,8.2473,8.2473,8.2473,8.2473,8.2473,8.2473,8.2473,8.2473,8.2473,8.2473,8.2473,8.2473,8.2473,8.2473,8.2473,8.2473,8.2473,8.2473,8.2473,8.2473,8.2473,8.2473,8.2473,8.2473,8.2473,8.2473,8.2473,8.2473,8.2473,8.2473,8.2473,8.2473,8.2473,8.2473,8.2473,8.2473,8.2473,8.2473,8.2473,8.2473,8.2473,8.2473,8.2473,8.2473,8.2473,8.2473,8.2473,8.2473,8.2473,8.2473,8.2473,8.2473,8.2473,8.2473,8.2473,8.2473,8.2473,8.2473,8.2473,8.2473,8.2473,8.2473,8.2473,8.2473,8.2473,8.2473,8.2473,8.2473,8.2473,8.2473,8.2473,8.2473,8.2473,8.2473,8.2473,8.2473,8.2473,8.2473,8.2473,8.2473,8.2473,8.2473,8.2473,8.2473,8.2473,8.2473,8.2473
8.2396,8.2396,8.2396,8.2396,8.2396,8.2396,8.2396,8.2396,8.2396,8.2396,8.2396,8.2396,8.2396,8.2396,8.2396,8.2396,8.2396,8.2396,8.2396,8.2396,8.2396,8.2396,8.2396,8.2396,8.2396,8.2396,8.2396,8.2396,8.2396,8.2396,8.2396,8.2396,8.2396,8.2396,8.2396,8.2396,8.2396,8.2396,8.2396,8.2396,8.2396,8.2396,8.2396,8.2396,8.2396,8.2396,8.2396,8.2396,8.2396,8.2396,8.2396,8.2396,8.2396,8.2396,8.2396,8.2396,8.2396,8.2396,8.2396,8.2396,8.2396,8.2396,8.2396,8.2396,8.2396,8.2396,8.2396,8.2396,8.2396,8.2396,8.2396,8.2396,8.2396,8.2396,8.2396,8.2396,8.2396,8.2396,8.2396,8.2396,8.2396,8.2396,8.2396,8.2396,8.2396,8.2396,8.2396,8.2396,8.2396,8.2396,8.2396,8.2396,8.2396,8.2396,8.2396,8.2396,8.2396,8.2396,8.2396,8.2396,8.2396,8.2396,8.2396,8.2396,8.2396,8.2396,8.2396,8.2396,8.2396,8.2396,8.2396,8.2396,8.2396,8.2396,8.2396,8.2396,8.2396,8.2396,8.2396,8.2396,8.2396,8.2396,8.2396,8.2396,8.2396,8.2396,8.2396,8.2396,8.2396,8.2396,8.2396,8.2396,8.2396,8.2396,8.2396,8.2396,8.2396,8.2396,8.2396,8.2396,8.2396,8.2396,8.2396,8.2396,8.2396,8.2396,8.2396,8.2396,8.2396,8.2396,8.2396,8.2396,8.2396,8.2396,8.2396,8.2396,8.2396,8.2396,8.2396,8.2396,8.2396,8.2396,8.2396,8.2396,8.2396,8.2396,8.2396,8.2396,8.2396,8.2396,8.2396,8.2396,8.2396,8.2396,8.2396,8.2396,8.2396,8.2396,8.2396,8.2396,8.2396,8.2396,8.2396,8.2396,8.2396,8.2396,8.2396,8.2396,8.2396,8.2396,8.2396,8.2396,8.2396,8.2396,8.2396,8.2396,8.2396,8.2396,8.2396,8.2396,8.2396,8.2396,8.2396,8.2396,8.2396,8.2396,8.2396,8.2396,8.2396,8.2396,8.2396,8.2396,8.2396,8.2396,8.2396,8.2396,8.2396,8.2396,8.2396,8.2396,8.2396,8.2396,8.2396,8.2396,8.2396,8.2396,8.2396,8.2396,8.2396,8.2396,8.2396,8.2396,8.2396,8.2396,8.2396,8.2396,8.2396,8.2396,8.2396,8.2396,8.2396,8.2396,8.2396,8.2396,8.2396,8.2396,8.2396,8.2396,8.2396,8.2396,8.2396,8.2396,8.2396,8.2396,8.2396,8.2396,8.2396,8.2396,8.2396,8.2396,8.2396,8.2396,8.2396,8.2396,8.2396,8.2396,8.2396,8.2396,8.2396,8.2396,8.2396,8.2396,8.2396,8.2396,8.2396,8.2396,8.2396,8.2396,8.2396,8.2396,8.2396,8.2396,8.2396,8.2396,8.2396,8.2396,8.2396,8.2396,8.2396,8.2396,8.2396,8.2396,8.2396,8.2396,8.2396,8.2396,8.2396,8.2396,8.2396,8.2396,8.2396,8.2396,8.2396,8.2396,8.2396,8.2396,8.2396,8.2396,8.2396,8.2396,8.2396,8.2396,8.2396,8.2396,8.2396,8.2396,8.2396,8.2396,8.2396,8.2396,8.2396,8.2396,8.2396,8.2396,8.2396,8.2396,8.2396,8.2396,8.2396,8.2396,8.2396,8.2396,8.2396,8.2396,8.2396,8.2396,8.2396,8.2396,8.2396,8.2396,8.2396,8.2396,8.2396,8.2396,8.2396,8.2396,8.2396,8.2396,8.2396,8.2396,8.2396,8.2396,8.2396,8.2396,8.2396,8.2396,8.2396,8.2396,8.2396,8.2396,8.2396,8.2396,8.2396,8.2396,8.2396,8.2396,8.2396,8.2396,8.2396,8.2396,8.2396,8.2396,8.2396,8.2396,8.2396,8.2396,8.2396,8.2396,8.2396,8.2396,8.2396,8.2396,8.2396,8.2396,8.2396,8.2396,8.2396,8.2396,8.2396,8.2396,8.2396,8.2396,8.2396,8.2396,8.2396,8.2396,8.2396,8.2396,8.2396,8.2396,8.2396,8.2396,8.2396,8.2396,8.2396,8.2396,8.2396,8.2396,8.2396,8.2396,8.2396,8.2396,8.2396,8.2396,8.2396,8.2396,8.2396,8.2396,8.2396,8.2396,8.2396,8.2396,8.2396,8.2396,8.2396,8.2396,8.2396,8.2396,8.2396,8.2396,8.2396,8.2396,8.2396,8.2396,8.2396,8.2396,8.2396,8.2396,8.2396,8.2396,8.2396,8.2396,8.2396,8.2396,8.2396,8.2396,8.2396,8.2396,8.2396,8.2396,8.2396,8.2396,8.2396,8.2396,8.2396,8.2396,8.2396,8.2396,8.2396,8.2396,8.2396,8.2396,8.2396,8.2396,8.2396,8.2396,8.2396,8.2396,8.2396,8.2396,8.2396,8.2396,8.2396,8.2396,8.2396,8.2396,8.2396,8.2396,8.2396,8.2396,8.2396,8.2396,8.2396,8.2396,8.2396,8.2396,8.2396,8.2396,8.2396,8.2396,8.2396,8.2396,8.2396,8.2396,8.2396,8.2396,8.2396,8.2396,8.2396,8.2396,8.2396,8.2396,8.2396,8.2396,8.2396,8.2396,8.2396,8.2396,8.2396,8.2396,8.2396,8.2396,8.2396,8.2396,8.2396,8.2396,8.2396,8.2396,8.2396,8.2396,8.2396,8.2396,8.2396,8.2396,8.2396,8.2396,8.2396,8.2396,8.2396,8.2396,8.2396,8.2396,8.2396,8.2396,8.2396,8.2396,8.2396,8.2396,8.2396,8.2396,8.2396,8.2396,8.2396,8.2396,8.2396,8.2396,8.2396,8.2396,8.2396,8.2396,8.2396,8.2396,8.2396,8.2396,8.2396,8.2396,8.2396,8.2396,8.2396,8.2396,8.2396,8.2396,8.2396,8.2396,8.2396,8.2396,8.2396,8.2396,8.2396,8.2396,8.2396,8.2396,8.2396,8.2396,8.2396,8.2396,8.2396,8.2396,8.2396,8.2396,8.2396,8.2396,8.2396,8.2396,8.2396,8.2396,8.2396,8.2396,8.2396,8.2396,8.2396,8.2396,8.2396,8.2396,8.2396,8.2396,8.2396,8.2396,8.2396,8.2396,8.2396,8.2396,8.2396,8.2396,8.2396,8.2396,8.2396,8.2396,8.2396,8.2396,8.2396,8.2396,8.2396,8.2396,8.2396,8.2396,8.2396,8.2396,8.2396,8.2396,8.2396,8.2396,8.2396,8.2396,8.2396,8.2396,8.2396,8.2396,8.2396,8.2396,8.2396,8.2396,8.2396,8.2396,8.2396,8.2396,8.2396,8.2396,8.2396,8.2396,8.2396,8.2396,8.2396,8.2396,8.2396,8.2396,8.2396,8.2396,8.2396,8.2396,8.2396,8.2396,8.2396,8.2396,8.2396,8.2396,8.2396,8.2396,8.2396,8.2396,8.2396,8.2396,8.2396,8.2396,8.2396,8.2396,8.2396,8.2396,8.2396,8.2396,8.2396,8.2396,8.2396,8.2396,8.2396,8.2396,8.2396,8.2396,8.2396,8.2396,8.2396,8.2396,8.2396,8.2396,8.2396,8.2396,8.2396,8.2396,8.2396,8.2396,8.2396,8.2396,8.2396,8.2396,8.2396,8.2396,8.2396,8.2396,8.2396,8.2396,8.2396,8.2396,8.2396,8.2396,8.2396,8.2396,8.2396,8.2396,8.2396,8.2396,8.2396,8.2396,8.2396,8.2396,8.2396,8.2396,8.2396,8.2396,8.2396,8.2396,8.2396,8.2396,8.2396,8.2396,8.2396,8.2396,8.2396,8.2396,8.2396,8.2396,8.2396,8.2396,8.2396,8.2396,8.2396,8.2396,8.2396,8.2396,8.2396,8.2396,8.2396,8.2396,8.2396,8.2396,8.2396,8.2396,8.2396,8.2396,8.2396,8.2396,8.2396,8.2396,8.2396,8.2396,8.2396,8.2396,8.2396,8.2396,8.2396,8.2396,8.2396,8.2396,8.2396,8.2396,8.2396,8.2396,8.2396,8.2396,8.2396,8.2396,8.2396,8.2396,8.2396,8.2396,8.2396,8.2396,8.2396,8.2396,8.2396,8.2396,8.2396,8.2396,8.2396,8.2396,8.2396,8.2396,8.2396,8.2396,8.2396,8.2396,8.2396,8.2396,8.2396,8.2396,8.2396,8.2396,8.2396,8.2396,8.2396,8.2396,8.2396,8.2396,8.2396,8.2396,8.2396,8.2396,8.2396,8.2396,8.2396,8.2396,8.2396,8.2396,8.2396,8.2396,8.2396,8.2396,8.2396,8.2396,8.2396,8.2396,8.2396,8.2396,8.2396,8.2396,8.2396,8.2396,8.2396,8.2396,8.2396,8.2396,8.2396,8.2396,8.2396,8.2396,8.2396,8.2396,8.2396,8.2396,8.2396,8.2396,8.2396,8.2396,8.2396,8.2396,8.2396,8.2396,8.2396,8.2396,8.2396,8.2396,8.2396,8.2396,8.2396,8.2396,8.2396,8.2396,8.2396,8.2396,8.2396,8.2396,8.2396,8.2396,8.2396,8.2396,8.2396,8.2396,8.2396,8.2396,8.2396,8.2396,8.2396,8.2396,8.2396,8.2396,8.2396,8.2396,8.2396,8.2396,8.2396,8.2396,8.2396,8.2396,8.2396,8.2396,8.2396,8.2396,8.2396,8.2396,8.2396,8.2396,8.2396,8.2396,8.2396,8.2396,8.2396,8.2396,8.2396,8.2396,8.2396,8.2396,8.2396,8.2396,8.2396,8.2396,8.2396,8.2396,8.2396,8.2396,8.2396,8.2396,8.2396,8.2396,8.2396,8.2396,8.2396,8.2396,8.2396,8.2396,8.2396,8.2396,8.2396,8.2396,8.2396,8.2396,8.2396,8.2396,8.2396,8.2396,8.2396,8.2396,8.2396,8.2396,8.2396,8.2396,8.2396,8.2396,8.2396,8.2396,8.2396,8.2396,8.2396,8.2396,8.2396,8.2396,8.2396,8.2396,8.2396,8.2396,8.2396,8.2396,8.2396,8.2396,8.2396,8.2396,8.2396,8.2396,8.2396,8.2396,8.2396,8.2396
8.2315,8.2315,8.2315,8.2315,8.2315,8.2315,8.2315,8.2315,8.2315,8.2315,8.2315,8.2315,8.2315,8.2315,8.2315,8.2315,8.2315,8.2315,8.2315,8.2315,8.2315,8.2315,8.2315,8.2315,8.2315,8.2315,8.2315,8.2315,8.2315,8.2315,8.2315,8.2315,8.2315,8.2315,8.2315,8.2315,8.2315,8.2315,8.2315,8.2315,8.2315,8.2315,8.2315,8.2315,8.2315,8.2315,8.2315,8.2315,8.2315,8.2315,8.2315,8.2315,8.2315,8.2315,8.2315,8.2315,8.2315,8.2315,8.2315,8.2315,8.2315,8.2315,8.2315,8.2315,8.2315,8.2315,8.2315,8.2315,8.2315,8.2315,8.2315,8.2315,8.2315,8.2315,8.2315,8.2315,8.2315,8.2315,8.2315,8.2315,8.2315,8.2315,8.2315,8.2315,8.2315,8.2315,8.2315,8.2315,8.2315,8.2315,8.2315,8.2315,8.2315,8.2315,8.2315,8.2315,8.2315,8.2315,8.2315,8.2315,8.2315,8.2315,8.2315,8.2315,8.2315,8.2315,8.2315,8.2315,8.2315,8.2315,8.2315,8.2315,8.2315,8.2315,8.2315,8.2315,8.2315,8.2315,8.2315,8.2315,8.2315,8.2315,8.2315,8.2315,8.2315,8.2315,8.2315,8.2315,8.2315,8.2315,8.2315,8.2315,8.2315,8.2315,8.2315,8.2315,8.2315,8.2315,8.2315,8.2315,8.2315,8.2315,8.2315,8.2315,8.2315,8.2315,8.2315,8.2315,8.2315,8.2315,8.2315,8.2315,8.2315,8.2315,8.2315,8.2315,8.2315,8.2315,8.2315,8.2315,8.2315,8.2315,8.2315,8.2315,8.2315,8.2315,8.2315,8.2315,8.2315,8.2315,8.2315,8.2315,8.2315,8.2315,8.2315,8.2315,8.2315,8.2315,8.2315,8.2315,8.2315,8.2315,8.2315,8.2315,8.2315,8.2315,8.2315,8.2315,8.2315,8.2315,8.2315,8.2315,8.2315,8.2315,8.2315,8.2315,8.2315,8.2315,8.2315,8.2315,8.2315,8.2315,8.2315,8.2315,8.2315,8.2315,8.2315,8.2315,8.2315,8.2315,8.2315,8.2315,8.2315,8.2315,8.2315,8.2315,8.2315,8.2315,8.2315,8.2315,8.2315,8.2315,8.2315,8.2315,8.2315,8.2315,8.2315,8.2315,8.2315,8.2315,8.2315,8.2315,8.2315,8.2315,8.2315,8.2315,8.2315,8.2315,8.2315,8.2315,8.2315,8.2315,8.2315,8.2315,8.2315,8.2315,8.2315,8.2315,8.2315,8.2315,8.2315,8.2315,8.2315,8.2315,8.2315,8.2315,8.2315,8.2315,8.2315,8.2315,8.2315,8.2315,8.2315,8.2315,8.2315,8.2315,8.2315,8.2315,8.2315,8.2315,8.2315,8.2315,8.2315,8.2315,8.2315,8.2315,8.2315,8.2315,8.2315,8.2315,8.2315,8.2315,8.2315,8.2315,8.2315,8.2315,8.2315,8.2315,8.2315,8.2315,8.2315,8.2315,8.2315,8.2315,8.2315,8.2315,8.2315,8.2315,8.2315,8.2315,8.2315,8.2315,8.2315,8.2315,8.2315,8.2315,8.2315,8.2315,8.2315,8.2315,8.2315,8.2315,8.2315,8.2315,8.2315,8.2315,8.2315,8.2315,8.2315,8.2315,8.2315,8.2315,8.2315,8.2315,8.2315,8.2315,8.2315,8.2315,8.2315,8.2315,8.2315,8.2315,8.2315,8.2315,8.2315,8.2315,8.2315,8.2315,8.2315,8.2315,8.2315,8.2315,8.2315,8.2315,8.2315,8.2315,8.2315,8.2315,8.2315,8.2315,8.2315,8.2315,8.2315,8.2315,8.2315,8.2315,8.2315,8.2315,8.2315,8.2315,8.2315,8.2315,8.2315,8.2315,8.2315,8.2315,8.2315,8.2315,8.2315,8.2315,8.2315,8.2315,8.2315,8.2315,8.2315,8.2315,8.2315,8.2315,8.2315,8.2315,8.2315,8.2315,8.2315,8.2315,8.2315,8.2315,8.2315,8.2315,8.2315,8.2315,8.2315,8.2315,8.2315,8.2315,8.2315,8.2315,8.2315,8.2315,8.2315,8.2315,8.2315,8.2315,8.2315,8.2315,8.2315,8.2315,8.2315,8.2315,8.2315,8.2315,8.2315,8.2315,8.2315,8.2315,8.2315,8.2315,8.2315,8.2315,8.2315,8.2315,8.2315,8.2315,8.2315,8.2315,8.2315,8.2315,8.2315,8.2315,8.2315,8.2315,8.2315,8.2315,8.2315,8.2315,8.2315,8.2315,8.2315,8.2315,8.2315,8.2315,8.2315,8.2315,8.2315,8.2315,8.2315,8.2315,8.2315,8.2315,8.2315,8.2315,8.2315,8.2315,8.2315,8.2315,8.2315,8.2315,8.2315,8.2315,8.2315,8.2315,8.2315,8.2315,8.2315,8.2315,8.2315,8.2315,8.2315,8.2315,8.2315,8.2315,8.2315,8.2315,8.2315,8.2315,8.2315,8.2315,8.2315,8.2315,8.2315,8.2315,8.2315,8.2315,8.2315,8.2315,8.2315,8.2315,8.2315,8.2315,8.2315,8.2315,8.2315,8.2315,8.2315,8.2315,8.2315,8.2315,8.2315,8.2315,8.2315,8.2315,8.2315,8.2315,8.2315,8.2315,8.2315,8.2315,8.2315,8.2315,8.2315,8.2315,8.2315,8.2315,8.2315,8.2315,8.2315,8.2315,8.2315,8.2315,8.2315,8.2315,8.2315,8.2315,8.2315,8.2315,8.2315,8.2315,8.2315,8.2315,8.2315,8.2315,8.2315,8.2315,8.2315,8.2315,8.2315,8.2315,8.2315,8.2315,8.2315,8.2315,8.2315,8.2315,8.2315,8.2315,8.2315,8.2315,8.2315,8.2315,8.2315,8.2315,8.2315,8.2315,8.2315,8.2315,8.2315,8.2315,8.2315,8.2315,8.2315,8.2315,8.2315,8.2315,8.2315,8.2315,8.2315,8.2315,8.2315,8.2315,8.2315,8.2315,8.2315,8.2315,8.2315,8.2315,8.2315,8.2315,8.2315,8.2315,8.2315,8.2315,8.2315,8.2315,8.2315,8.2315,8.2315,8.2315,8.2315,8.2315,8.2315,8.2315,8.2315,8.2315,8.2315,8.2315,8.2315,8.2315,8.2315,8.2315,8.2315,8.2315,8.2315,8.2315,8.2315,8.2315,8.2315,8.2315,8.2315,8.2315,8.2315,8.2315,8.2315,8.2315,8.2315,8.2315,8.2315,8.2315,8.2315,8.2315,8.2315,8.2315,8.2315,8.2315,8.2315,8.2315,8.2315,8.2315,8.2315,8.2315,8.2315,8.2315,8.2315,8.2315,8.2315,8.2315,8.2315,8.2315,8.2315,8.2315,8.2315,8.2315,8.2315,8.2315,8.2315,8.2315,8.2315,8.2315,8.2315,8.2315,8.2315,8.2315,8.2315,8.2315,8.2315,8.2315,8.2315,8.2315,8.2315,8.2315,8.2315,8.2315,8.2315,8.2315,8.2315,8.2315,8.2315,8.2315,8.2315,8.2315,8.2315,8.2315,8.2315,8.2315,8.2315,8.2315,8.2315,8.2315,8.2315,8.2315,8.2315,8.2315,8.2315,8.2315,8.2315,8.2315,8.2315,8.2315,8.2315,8.2315,8.2315,8.2315,8.2315,8.2315,8.2315,8.2315,8.2315,8.2315,8.2315,8.2315,8.2315,8.2315,8.2315,8.2315,8.2315,8.2315,8.2315,8.2315,8.2315,8.2315,8.2315,8.2315,8.2315,8.2315,8.2315,8.2315,8.2315,8.2315,8.2315,8.2315,8.2315,8.2315,8.2315,8.2315,8.2315,8.2315,8.2315,8.2315,8.2315,8.2315,8.2315,8.2315,8.2315,8.2315,8.2315,8.2315,8.2315,8.2315,8.2315,8.2315,8.2315,8.2315,8.2315,8.2315,8.2315,8.2315,8.2315,8.2315,8.2315,8.2315,8.2315,8.2315,8.2315,8.2315,8.2315,8.2315,8.2315,8.2315,8.2315,8.2315,8.2315,8.2315,8.2315,8.2315,8.2315,8.2315,8.2315,8.2315,8.2315,8.2315,8.2315,8.2315,8.2315,8.2315,8.2315,8.2315,8.2315,8.2315,8.2315,8.2315,8.2315,8.2315,8.2315,8.2315,8.2315,8.2315,8.2315,8.2315,8.2315,8.2315,8.2315,8.2315,8.2315,8.2315,8.2315,8.2315,8.2315,8.2315,8.2315,8.2315,8.2315,8.2315,8.2315,8.2315,8.2315,8.2315,8.2315,8.2315,8.2315,8.2315,8.2315,8.2315,8.2315,8.2315,8.2315,8.2315,8.2315,8.2315,8.2315,8.2315,8.2315,8.2315,8.2315,8.2315,8.2315,8.2315,8.2315,8.2315,8.2315,8.2315,8.2315,8.2315,8.2315,8.2315,8.2315,8.2315,8.2315,8.2315,8.2315,8.2315,8.2315,8.2315,8.2315,8.2315,8.2315,8.2315,8.2315,8.2315,8.2315,8.2315,8.2315,8.2315,8.2315,8.2315,8.2315,8.2315,8.2315,8.2315,8.2315,8.2315,8.2315,8.2315,8.2315,8.2315,8.2315,8.2315,8.2315,8.2315,8.2315,8.2315,8.2315,8.2315,8.2315,8.2315,8.2315,8.2315,8.2315,8.2315,8.2315,8.2315,8.2315,8.2315,8.2315,8.2315,8.2315,8.2315,8.2315,8.2315,8.2315,8.2315,8.2315,8.2315,8.2315,8.2315,8.2315,8.2315,8.2315,8.2315,8.2315,8.2315,8.2315,8.2315,8.2315,8.2315,8.2315,8.2315,8.2315,8.2315,8.2315,8.2315,8.2315,8.2315,8.2315,8.2315,8.2315,8.2315,8.2315,8.2315,8.2315,8.2315,8.2315,8.2315,8.2315,8.2315,8.2315,8.2315,8.2315,8.2315,8.2315,8.2315,8.2315,8.2315,8.2315,8.2315,8.2315,8.2315,8.2315,8.2315,8.2315,8.2315,8.2315,8.2315,8.2315,8.2315,8.2315,8.2315,8.2315,8.2315,8.2315,8.2315,8.2315,8.2315,8.2315,8.2315,8.2315,8.2315,8.2315,8.2315,8.2315,8.2315,8.2315,8.2315
8.2243,8.2243,8.2243,8.2243,8.2243,8.2243,8.2243,8.2243,8.2243,8.2243,8.2243,8.2243,8.2243,8.2243,8.2243,8.2243,8.2243,8.2243,8.2243,8.2243,8.2243,8.2243,8.2243,8.2243,8.2243,8.2243,8.2243,8.2243,8.2243,8.2243,8.2243,8.2243,8.2243,8.2243,8.2243,8.2243,8.2243,8.2243,8.2243,8.2243,8.2243,8.2243,8.2243,8.2243,8.2243,8.2243,8.2243,8.2243,8.2243,8.2243,8.2243,8.2243,8.2243,8.2243,8.2243,8.2243,8.2243,8.2243,8.2243,8.2243,8.2243,8.2243,8.2243,8.2243,8.2243,8.2243,8.2243,8.2243,8.2243,8.2243,8.2243,8.2243,8.2243,8.2243,8.2243,8.2243,8.2243,8.2243,8.2243,8.2243,8.2243,8.2243,8.2243,8.2243,8.2243,8.2243,8.2243,8.2243,8.2243,8.2243,8.2243,8.2243,8.2243,8.2243,8.2243,8.2243,8.2243,8.2243,8.2243,8.2243,8.2243,8.2243,8.2243,8.2243,8.2243,8.2243,8.2243,8.2243,8.2243,8.2243,8.2243,8.2243,8.2243,8.2243,8.2243,8.2243,8.2243,8.2243,8.2243,8.2243,8.2243,8.2243,8.2243,8.2243,8.2243,8.2243,8.2243,8.2243,8.2243,8.2243,8.2243,8.2243,8.2243,8.2243,8.2243,8.2243,8.2243,8.2243,8.2243,8.2243,8.2243,8.2243,8.2243,8.2243,8.2243,8.2243,8.2243,8.2243,8.2243,8.2243,8.2243,8.2243,8.2243,8.2243,8.2243,8.2243,8.2243,8.2243,8.2243,8.2243,8.2243,8.2243,8.2243,8.2243,8.2243,8.2243,8.2243,8.2243,8.2243,8.2243,8.2243,8.2243,8.2243,8.2243,8.2243,8.2243,8.2243,8.2243,8.2243,8.2243,8.2243,8.2243,8.2243,8.2243,8.2243,8.2243,8.2243,8.2243,8.2243,8.2243,8.2243,8.2243,8.2243,8.2243,8.2243,8.2243,8.2243,8.2243,8.2243,8.2243,8.2243,8.2243,8.2243,8.2243,8.2243,8.2243,8.2243,8.2243,8.2243,8.2243,8.2243,8.2243,8.2243,8.2243,8.2243,8.2243,8.2243,8.2243,8.2243,8.2243,8.2243,8.2243,8.2243,8.2243,8.2243,8.2243,8.2243,8.2243,8.2243,8.2243,8.2243,8.2243,8.2243,8.2243,8.2243,8.2243,8.2243,8.2243,8.2243,8.2243,8.2243,8.2243,8.2243,8.2243,8.2243,8.2243,8.2243,8.2243,8.2243,8.2243,8.2243,8.2243,8.2243,8.2243,8.2243,8.2243,8.2243,8.2243,8.2243,8.2243,8.2243,8.2243,8.2243,8.2243,8.2243,8.2243,8.2243,8.2243,8.2243,8.2243,8.2243,8.2243,8.2243,8.2243,8.2243,8.2243,8.2243,8.2243,8.2243,8.2243,8.2243,8.2243,8.2243,8.2243,8.2243,8.2243,8.2243,8.2243,8.2243,8.2243,8.2243,8.2243,8.2243,8.2243,8.2243,8.2243,8.2243,8.2243,8.2243,8.2243,8.2243,8.2243,8.2243,8.2243,8.2243,8.2243,8.2243,8.2243,8.2243,8.2243,8.2243,8.2243,8.2243,8.2243,8.2243,8.2243,8.2243,8.2243,8.2243,8.2243,8.2243,8.2243,8.2243,8.2243,8.2243,8.2243,8.2243,8.2243,8.2243,8.2243,8.2243,8.2243,8.2243,8.2243,8.2243,8.2243,8.2243,8.2243,8.2243,8.2243,8.2243,8.2243,8.2243,8.2243,8.2243,8.2243,8.2243,8.2243,8.2243,8.2243,8.2243,8.2243,8.2243,8.2243,8.2243,8.2243,8.2243,8.2243,8.2243,8.2243,8.2243,8.2243,8.2243,8.2243,8.2243,8.2243,8.2243,8.2243,8.2243,8.2243,8.2243,8.2243,8.2243,8.2243,8.2243,8.2243,8.2243,8.2243,8.2243,8.2243,8.2243,8.2243,8.2243,8.2243,8.2243,8.2243,8.2243,8.2243,8.2243,8.2243,8.2243,8.2243,8.2243,8.2243,8.2243,8.2243,8.2243,8.2243,8.2243,8.2243,8.2243,8.2243,8.2243,8.2243,8.2243,8.2243,8.2243,8.2243,8.2243,8.2243,8.2243,8.2243,8.2243,8.2243,8.2243,8.2243,8.2243,8.2243,8.2243,8.2243,8.2243,8.2243,8.2243,8.2243,8.2243,8.2243,8.2243,8.2243,8.2243,8.2243,8.2243,8.2243,8.2243,8.2243,8.2243,8.2243,8.2243,8.2243,8.2243,8.2243,8.2243,8.2243,8.2243,8.2243,8.2243,8.2243,8.2243,8.2243,8.2243,8.2243,8.2243,8.2243,8.2243,8.2243,8.2243,8.2243,8.2243,8.2243,8.2243,8.2243,8.2243,8.2243,8.2243,8.2243,8.2243,8.2243,8.2243,8.2243,8.2243,8.2243,8.2243,8.2243,8.2243,8.2243,8.2243,8.2243,8.2243,8.2243,8.2243,8.2243,8.2243,8.2243,8.2243,8.2243,8.2243,8.2243,8.2243,8.2243,8.2243,8.2243,8.2243,8.2243,8.2243,8.2243,8.2243,8.2243,8.2243,8.2243,8.2243,8.2243,8.2243,8.2243,8.2243,8.2243,8.2243,8.2243,8.2243,8.2243,8.2243,8.2243,8.2243,8.2243,8.2243,8.2243,8.2243,8.2243,8.2243,8.2243,8.2243,8.2243,8.2243,8.2243,8.2243,8.2243,8.2243,8.2243,8.2243,8.2243,8.2243,8.2243,8.2243,8.2243,8.2243,8.2243,8.2243,8.2243,8.2243,8.2243,8.2243,8.2243,8.2243,8.2243,8.2243,8.2243,8.2243,8.2243,8.2243,8.2243,8.2243,8.2243,8.2243,8.2243,8.2243,8.2243,8.2243,8.2243,8.2243,8.2243,8.2243,8.2243,8.2243,8.2243,8.2243,8.2243,8.2243,8.2243,8.2243,8.2243,8.2243,8.2243,8.2243,8.2243,8.2243,8.2243,8.2243,8.2243,8.2243,8.2243,8.2243,8.2243,8.2243,8.2243,8.2243,8.2243,8.2243,8.2243,8.2243,8.2243,8.2243,8.2243,8.2243,8.2243,8.2243,8.2243,8.2243,8.2243,8.2243,8.2243,8.2243,8.2243,8.2243,8.2243,8.2243,8.2243,8.2243,8.2243,8.2243,8.2243,8.2243,8.2243,8.2243,8.2243,8.2243,8.2243,8.2243,8.2243,8.2243,8.2243,8.2243,8.2243,8.2243,8.2243,8.2243,8.2243,8.2243,8.2243,8.2243,8.2243,8.2243,8.2243,8.2243,8.2243,8.2243,8.2243,8.2243,8.2243,8.2243,8.2243,8.2243,8.2243,8.2243,8.2243,8.2243,8.2243,8.2243,8.2243,8.2243,8.2243,8.2243,8.2243,8.2243,8.2243,8.2243,8.2243,8.2243,8.2243,8.2243,8.2243,8.2243,8.2243,8.2243,8.2243,8.2243,8.2243,8.2243,8.2243,8.2243,8.2243,8.2243,8.2243,8.2243,8.2243,8.2243,8.2243,8.2243,8.2243,8.2243,8.2243,8.2243,8.2243,8.2243,8.2243,8.2243,8.2243,8.2243,8.2243,8.2243,8.2243,8.2243,8.2243,8.2243,8.2243,8.2243,8.2243,8.2243,8.2243,8.2243,8.2243,8.2243,8.2243,8.2243,8.2243,8.2243,8.2243,8.2243,8.2243,8.2243,8.2243,8.2243,8.2243,8.2243,8.2243,8.2243,8.2243,8.2243,8.2243,8.2243,8.2243,8.2243,8.2243,8.2243,8.2243,8.2243,8.2243,8.2243,8.2243,8.2243,8.2243,8.2243,8.2243,8.2243,8.2243,8.2243,8.2243,8.2243,8.2243,8.2243,8.2243,8.2243,8.2243,8.2243,8.2243,8.2243,8.2243,8.2243,8.2243,8.2243,8.2243,8.2243,8.2243,8.2243,8.2243,8.2243,8.2243,8.2243,8.2243,8.2243,8.2243,8.2243,8.2243,8.2243,8.2243,8.2243,8.2243,8.2243,8.2243,8.2243,8.2243,8.2243,8.2243,8.2243,8.2243,8.2243,8.2243,8.2243,8.2243,8.2243,8.2243,8.2243,8.2243,8.2243,8.2243,8.2243,8.2243,8.2243,8.2243,8.2243,8.2243,8.2243,8.2243,8.2243,8.2243,8.2243,8.2243,8.2243,8.2243,8.2243,8.2243,8.2243,8.2243,8.2243,8.2243,8.2243,8.2243,8.2243,8.2243,8.2243,8.2243,8.2243,8.2243,8.2243,8.2243,8.2243,8.2243,8.2243,8.2243,8.2243,8.2243,8.2243,8.2243,8.2243,8.2243,8.2243,8.2243,8.2243,8.2243,8.2243,8.2243,8.2243,8.2243,8.2243,8.2243,8.2243,8.2243,8.2243,8.2243,8.2243,8.2243,8.2243,8.2243,8.2243,8.2243,8.2243,8.2243,8.2243,8.2243,8.2243,8.2243,8.2243,8.2243,8.2243,8.2243,8.2243,8.2243,8.2243,8.2243,8.2243,8.2243,8.2243,8.2243,8.2243,8.2243,8.2243,8.2243,8.2243,8.2243,8.2243,8.2243,8.2243,8.2243,8.2243,8.2243,8.2243,8.2243,8.2243,8.2243,8.2243,8.2243,8.2243,8.2243,8.2243,8.2243,8.2243,8.2243,8.2243,8.2243,8.2243,8.2243,8.2243,8.2243,8.2243,8.2243,8.2243,8.2243,8.2243,8.2243,8.2243,8.2243,8.2243,8.2243,8.2243,8.2243,8.2243,8.2243,8.2243,8.2243,8.2243,8.2243,8.2243,8.2243,8.2243,8.2243,8.2243,8.2243,8.2243,8.2243,8.2243,8.2243,8.2243,8.2243,8.2243,8.2243,8.2243,8.2243,8.2243,8.2243,8.2243,8.2243,8.2243,8.2243,8.2243,8.2243,8.2243,8.2243,8.2243,8.2243,8.2243,8.2243,8.2243,8.2243,8.2243,8.2243,8.2243,8.2243,8.2243,8.2243,8.2243,8.2243,8.2243,8.2243,8.2243,8.2243,8.2243,8.2243,8.2243,8.2243,8.2243,8.2243,8.2243,8.2243
8.2170,8.2170,8.2170,8.2170,8.2170,8.2170,8.2170,8.2170,8.2170,8.2170,8.2170,8.2170,8.2170,8.2170,8.2170,8.2170,8.2170,8.2170,8.2170,8.2170,8.2170,8.2170,8.2170,8.2170,8.2170,8.2170,8.2170,8.2170,8.2170,8.2170,8.2170,8.2170,8.2170,8.2170,8.2170,8.2170,8.2170,8.2170,8.2170,8.2170,8.2170,8.2170,8.2170,8.2170,8.2170,8.2170,8.2170,8.2170,8.2170,8.2170,8.2170,8.2170,8.2170,8.2170,8.2170,8.2170,8.2170,8.2170,8.2170,8.2170,8.2170,8.2170,8.2170,8.2170,8.2170,8.2170,8.2170,8.2170,8.2170,8.2170,8.2170,8.2170,8.2170,8.2170,8.2170,8.2170,8.2170,8.2170,8.2170,8.2170,8.2170,8.2170,8.2170,8.2170,8.2170,8.2170,8.2170,8.2170,8.2170,8.2170,8.2170,8.2170,8.2170,8.2170,8.2170,8.2170,8.2170,8.2170,8.2170,8.2170,8.2170,8.2170,8.2170,8.2170,8.2170,8.2170,8.2170,8.2170,8.2170,8.2170,8.2170,8.2170,8.2170,8.2170,8.2170,8.2170,8.2170,8.2170,8.2170,8.2170,8.2170,8.2170,8.2170,8.2170,8.2170,8.2170,8.2170,8.2170,8.2170,8.2170,8.2170,8.2170,8.2170,8.2170,8.2170,8.2170,8.2170,8.2170,8.2170,8.2170,8.2170,8.2170,8.2170,8.2170,8.2170,8.2170,8.2170,8.2170,8.2170,8.2170,8.2170,8.2170,8.2170,8.2170,8.2170,8.2170,8.2170,8.2170,8.2170,8.2170,8.2170,8.2170,8.2170,8.2170,8.2170,8.2170,8.2170,8.2170,8.2170,8.2170,8.2170,8.2170,8.2170,8.2170,8.2170,8.2170,8.2170,8.2170,8.2170,8.2170,8.2170,8.2170,8.2170,8.2170,8.2170,8.2170,8.2170,8.2170,8.2170,8.2170,8.2170,8.2170,8.2170,8.2170,8.2170,8.2170,8.2170,8.2170,8.2170,8.2170,8.2170,8.2170,8.2170,8.2170,8.2170,8.2170,8.2170,8.2170,8.2170,8.2170,8.2170,8.2170,8.2170,8.2170,8.2170,8.2170,8.2170,8.2170,8.2170,8.2170,8.2170,8.2170,8.2170,8.2170,8.2170,8.2170,8.2170,8.2170,8.2170,8.2170,8.2170,8.2170,8.2170,8.2170,8.2170,8.2170,8.2170,8.2170,8.2170,8.2170,8.2170,8.2170,8.2170,8.2170,8.2170,8.2170,8.2170,8.2170,8.2170,8.2170,8.2170,8.2170,8.2170,8.2170,8.2170,8.2170,8.2170,8.2170,8.2170,8.2170,8.2170,8.2170,8.2170,8.2170,8.2170,8.2170,8.2170,8.2170,8.2170,8.2170,8.2170,8.2170,8.2170,8.2170,8.2170,8.2170,8.2170,8.2170,8.2170,8.2170,8.2170,8.2170,8.2170,8.2170,8.2170,8.2170,8.2170,8.2170,8.2170,8.2170,8.2170,8.2170,8.2170,8.2170,8.2170,8.2170,8.2170,8.2170,8.2170,8.2170,8.2170,8.2170,8.2170,8.2170,8.2170,8.2170,8.2170,8.2170,8.2170,8.2170,8.2170,8.2170,8.2170,8.2170,8.2170,8.2170,8.2170,8.2170,8.2170,8.2170,8.2170,8.2170,8.2170,8.2170,8.2170,8.2170,8.2170,8.2170,8.2170,8.2170,8.2170,8.2170,8.2170,8.2170,8.2170,8.2170,8.2170,8.2170,8.2170,8.2170,8.2170,8.2170,8.2170,8.2170,8.2170,8.2170,8.2170,8.2170,8.2170,8.2170,8.2170,8.2170,8.2170,8.2170,8.2170,8.2170,8.2170,8.2170,8.2170,8.2170,8.2170,8.2170,8.2170,8.2170,8.2170,8.2170,8.2170,8.2170,8.2170,8.2170,8.2170,8.2170,8.2170,8.2170,8.2170,8.2170,8.2170,8.2170,8.2170,8.2170,8.2170,8.2170,8.2170,8.2170,8.2170,8.2170,8.2170,8.2170,8.2170,8.2170,8.2170,8.2170,8.2170,8.2170,8.2170,8.2170,8.2170,8.2170,8.2170,8.2170,8.2170,8.2170,8.2170,8.2170,8.2170,8.2170,8.2170,8.2170,8.2170,8.2170,8.2170,8.2170,8.2170,8.2170,8.2170,8.2170,8.2170,8.2170,8.2170,8.2170,8.2170,8.2170,8.2170,8.2170,8.2170,8.2170,8.2170,8.2170,8.2170,8.2170,8.2170,8.2170,8.2170,8.2170,8.2170,8.2170,8.2170,8.2170,8.2170,8.2170,8.2170,8.2170,8.2170,8.2170,8.2170,8.2170,8.2170,8.2170,8.2170,8.2170,8.2170,8.2170,8.2170,8.2170,8.2170,8.2170,8.2170,8.2170,8.2170,8.2170,8.2170,8.2170,8.2170,8.2170,8.2170,8.2170,8.2170,8.2170,8.2170,8.2170,8.2170,8.2170,8.2170,8.2170,8.2170,8.2170,8.2170,8.2170,8.2170,8.2170,8.2170,8.2170,8.2170,8.2170,8.2170,8.2170,8.2170,8.2170,8.2170,8.2170,8.2170,8.2170,8.2170,8.2170,8.2170,8.2170,8.2170,8.2170,8.2170,8.2170,8.2170,8.2170,8.2170,8.2170,8.2170,8.2170,8.2170,8.2170,8.2170,8.2170,8.2170,8.2170,8.2170,8.2170,8.2170,8.2170,8.2170,8.2170,8.2170,8.2170,8.2170,8.2170,8.2170,8.2170,8.2170,8.2170,8.2170,8.2170,8.2170,8.2170,8.2170,8.2170,8.2170,8.2170,8.2170,8.2170,8.2170,8.2170,8.2170,8.2170,8.2170,8.2170,8.2170,8.2170,8.2170,8.2170,8.2170,8.2170,8.2170,8.2170,8.2170,8.2170,8.2170,8.2170,8.2170,8.2170,8.2170,8.2170,8.2170,8.2170,8.2170,8.2170,8.2170,8.2170,8.2170,8.2170,8.2170,8.2170,8.2170,8.2170,8.2170,8.2170,8.2170,8.2170,8.2170,8.2170,8.2170,8.2170,8.2170,8.2170,8.2170,8.2170,8.2170,8.2170,8.2170,8.2170,8.2170,8.2170,8.2170,8.2170,8.2170,8.2170,8.2170,8.2170,8.2170,8.2170,8.2170,8.2170,8.2170,8.2170,8.2170,8.2170,8.2170,8.2170,8.2170,8.2170,8.2170,8.2170,8.2170,8.2170,8.2170,8.2170,8.2170,8.2170,8.2170,8.2170,8.2170,8.2170,8.2170,8.2170,8.2170,8.2170,8.2170,8.2170,8.2170,8.2170,8.2170,8.2170,8.2170,8.2170,8.2170,8.2170,8.2170,8.2170,8.2170,8.2170,8.2170,8.2170,8.2170,8.2170,8.2170,8.2170,8.2170,8.2170,8.2170,8.2170,8.2170,8.2170,8.2170,8.2170,8.2170,8.2170,8.2170,8.2170,8.2170,8.2170,8.2170,8.2170,8.2170,8.2170,8.2170,8.2170,8.2170,8.2170,8.2170,8.2170,8.2170,8.2170,8.2170,8.2170,8.2170,8.2170,8.2170,8.2170,8.2170,8.2170,8.2170,8.2170,8.2170,8.2170,8.2170,8.2170,8.2170,8.2170,8.2170,8.2170,8.2170,8.2170,8.2170,8.2170,8.2170,8.2170,8.2170,8.2170,8.2170,8.2170,8.2170,8.2170,8.2170,8.2170,8.2170,8.2170,8.2170,8.2170,8.2170,8.2170,8.2170,8.2170,8.2170,8.2170,8.2170,8.2170,8.2170,8.2170,8.2170,8.2170,8.2170,8.2170,8.2170,8.2170,8.2170,8.2170,8.2170,8.2170,8.2170,8.2170,8.2170,8.2170,8.2170,8.2170,8.2170,8.2170,8.2170,8.2170,8.2170,8.2170,8.2170,8.2170,8.2170,8.2170,8.2170,8.2170,8.2170,8.2170,8.2170,8.2170,8.2170,8.2170,8.2170,8.2170,8.2170,8.2170,8.2170,8.2170,8.2170,8.2170,8.2170,8.2170,8.2170,8.2170,8.2170,8.2170,8.2170,8.2170,8.2170,8.2170,8.2170,8.2170,8.2170,8.2170,8.2170,8.2170,8.2170,8.2170,8.2170,8.2170,8.2170,8.2170,8.2170,8.2170,8.2170,8.2170,8.2170,8.2170,8.2170,8.2170,8.2170,8.2170,8.2170,8.2170,8.2170,8.2170,8.2170,8.2170,8.2170,8.2170,8.2170,8.2170,8.2170,8.2170,8.2170,8.2170,8.2170,8.2170,8.2170,8.2170,8.2170,8.2170,8.2170,8.2170,8.2170,8.2170,8.2170,8.2170,8.2170,8.2170,8.2170,8.2170,8.2170,8.2170,8.2170,8.2170,8.2170,8.2170,8.2170,8.2170,8.2170,8.2170,8.2170,8.2170,8.2170,8.2170,8.2170,8.2170,8.2170,8.2170,8.2170,8.2170,8.2170,8.2170,8.2170,8.2170,8.2170,8.2170,8.2170,8.2170,8.2170,8.2170,8.2170,8.2170,8.2170,8.2170,8.2170,8.2170,8.2170,8.2170,8.2170,8.2170,8.2170,8.2170,8.2170,8.2170,8.2170,8.2170,8.2170,8.2170,8.2170,8.2170,8.2170,8.2170,8.2170,8.2170,8.2170,8.2170,8.2170,8.2170,8.2170,8.2170,8.2170,8.2170,8.2170,8.2170,8.2170,8.2170,8.2170,8.2170,8.2170,8.2170,8.2170,8.2170,8.2170,8.2170,8.2170,8.2170,8.2170,8.2170,8.2170,8.2170,8.2170,8.2170,8.2170,8.2170,8.2170,8.2170,8.2170,8.2170,8.2170,8.2170,8.2170,8.2170,8.2170,8.2170,8.2170,8.2170,8.2170,8.2170,8.2170,8.2170,8.2170,8.2170,8.2170,8.2170,8.2170,8.2170,8.2170,8.2170,8.2170,8.2170,8.2170,8.2170,8.2170,8.2170,8.2170,8.2170,8.2170,8.2170,8.2170,8.2170,8.2170,8.2170,8.2170,8.2170,8.2170,8.2170,8.2170,8.2170,8.2170,8.2170,8.2170,8.2170,8.2170,8.2170,8.2170,8.2170,8.2170,8.2170,8.2170,8.2170,8.2170,8.2170
8.2086,8.2086,8.2086,8.2086,8.2086,8.2086,8.2086,8.2086,8.2086,8.2086,8.2086,8.2086,8.2086,8.2086,8.2086,8.2086,8.2086,8.2086,8.2086,8.2086,8.2086,8.2086,8.2086,8.2086,8.2086,8.2086,8.2086,8.2086,8.2086,8.2086,8.2086,8.2086,8.2086,8.2086,8.2086,8.2086,8.2086,8.2086,8.2086,8.2086,8.2086,8.2086,8.2086,8.2086,8.2086,8.2086,8.2086,8.2086,8.2086,8.2086,8.2086,8.2086,8.2086,8.2086,8.2086,8.2086,8.2086,8.2086,8.2086,8.2086,8.2086,8.2086,8.2086,8.2086,8.2086,8.2086,8.2086,8.2086,8.2086,8.2086,8.2086,8.2086,8.2086,8.2086,8.2086,8.2086,8.2086,8.2086,8.2086,8.2086,8.2086,8.2086,8.2086,8.2086,8.2086,8.2086,8.2086,8.2086,8.2086,8.2086,8.2086,8.2086,8.2086,8.2086,8.2086,8.2086,8.2086,8.2086,8.2086,8.2086,8.2086,8.2086,8.2086,8.2086,8.2086,8.2086,8.2086,8.2086,8.2086,8.2086,8.2086,8.2086,8.2086,8.2086,8.2086,8.2086,8.2086,8.2086,8.2086,8.2086,8.2086,8.2086,8.2086,8.2086,8.2086,8.2086,8.2086,8.2086,8.2086,8.2086,8.2086,8.2086,8.2086,8.2086,8.2086,8.2086,8.2086,8.2086,8.2086,8.2086,8.2086,8.2086,8.2086,8.2086,8.2086,8.2086,8.2086,8.2086,8.2086,8.2086,8.2086,8.2086,8.2086,8.2086,8.2086,8.2086,8.2086,8.2086,8.2086,8.2086,8.2086,8.2086,8.2086,8.2086,8.2086,8.2086,8.2086,8.2086,8.2086,8.2086,8.2086,8.2086,8.2086,8.2086,8.2086,8.2086,8.2086,8.2086,8.2086,8.2086,8.2086,8.2086,8.2086,8.2086,8.2086,8.2086,8.2086,8.2086,8.2086,8.2086,8.2086,8.2086,8.2086,8.2086,8.2086,8.2086,8.2086,8.2086,8.2086,8.2086,8.2086,8.2086,8.2086,8.2086,8.2086,8.2086,8.2086,8.2086,8.2086,8.2086,8.2086,8.2086,8.2086,8.2086,8.2086,8.2086,8.2086,8.2086,8.2086,8.2086,8.2086,8.2086,8.2086,8.2086,8.2086,8.2086,8.2086,8.2086,8.2086,8.2086,8.2086,8.2086,8.2086,8.2086,8.2086,8.2086,8.2086,8.2086,8.2086,8.2086,8.2086,8.2086,8.2086,8.2086,8.2086,8.2086,8.2086,8.2086,8.2086,8.2086,8.2086,8.2086,8.2086,8.2086,8.2086,8.2086,8.2086,8.2086,8.2086,8.2086,8.2086,8.2086,8.2086,8.2086,8.2086,8.2086,8.2086,8.2086,8.2086,8.2086,8.2086,8.2086,8.2086,8.2086,8.2086,8.2086,8.2086,8.2086,8.2086,8.2086,8.2086,8.2086,8.2086,8.2086,8.2086,8.2086,8.2086,8.2086,8.2086,8.2086,8.2086,8.2086,8.2086,8.2086,8.2086,8.2086,8.2086,8.2086,8.2086,8.2086,8.2086,8.2086,8.2086,8.2086,8.2086,8.2086,8.2086,8.2086,8.2086,8.2086,8.2086,8.2086,8.2086,8.2086,8.2086,8.2086,8.2086,8.2086,8.2086,8.2086,8.2086,8.2086,8.2086,8.2086,8.2086,8.2086,8.2086,8.2086,8.2086,8.2086,8.2086,8.2086,8.2086,8.2086,8.2086,8.2086,8.2086,8.2086,8.2086,8.2086,8.2086,8.2086,8.2086,8.2086,8.2086,8.2086,8.2086,8.2086,8.2086,8.2086,8.2086,8.2086,8.2086,8.2086,8.2086,8.2086,8.2086,8.2086,8.2086,8.2086,8.2086,8.2086,8.2086,8.2086,8.2086,8.2086,8.2086,8.2086,8.2086,8.2086,8.2086,8.2086,8.2086,8.2086,8.2086,8.2086,8.2086,8.2086,8.2086,8.2086,8.2086,8.2086,8.2086,8.2086,8.2086,8.2086,8.2086,8.2086,8.2086,8.2086,8.2086,8.2086,8.2086,8.2086,8.2086,8.2086,8.2086,8.2086,8.2086,8.2086,8.2086,8.2086,8.2086,8.2086,8.2086,8.2086,8.2086,8.2086,8.2086,8.2086,8.2086,8.2086,8.2086,8.2086,8.2086,8.2086,8.2086,8.2086,8.2086,8.2086,8.2086,8.2086,8.2086,8.2086,8.2086,8.2086,8.2086,8.2086,8.2086,8.2086,8.2086,8.2086,8.2086,8.2086,8.2086,8.2086,8.2086,8.2086,8.2086,8.2086,8.2086,8.2086,8.2086,8.2086,8.2086,8.2086,8.2086,8.2086,8.2086,8.2086,8.2086,8.2086,8.2086,8.2086,8.2086,8.2086,8.2086,8.2086,8.2086,8.2086,8.2086,8.2086,8.2086,8.2086,8.2086,8.2086,8.2086,8.2086,8.2086,8.2086,8.2086,8.2086,8.2086,8.2086,8.2086,8.2086,8.2086,8.2086,8.2086,8.2086,8.2086,8.2086,8.2086,8.2086,8.2086,8.2086,8.2086,8.2086,8.2086,8.2086,8.2086,8.2086,8.2086,8.2086,8.2086,8.2086,8.2086,8.2086,8.2086,8.2086,8.2086,8.2086,8.2086,8.2086,8.2086,8.2086,8.2086,8.2086,8.2086,8.2086,8.2086,8.2086,8.2086,8.2086,8.2086,8.2086,8.2086,8.2086,8.2086,8.2086,8.2086,8.2086,8.2086,8.2086,8.2086,8.2086,8.2086,8.2086,8.2086,8.2086,8.2086,8.2086,8.2086,8.2086,8.2086,8.2086,8.2086,8.2086,8.2086,8.2086,8.2086,8.2086,8.2086,8.2086,8.2086,8.2086,8.2086,8.2086,8.2086,8.2086,8.2086,8.2086,8.2086,8.2086,8.2086,8.2086,8.2086,8.2086,8.2086,8.2086,8.2086,8.2086,8.2086,8.2086,8.2086,8.2086,8.2086,8.2086,8.2086,8.2086,8.2086,8.2086,8.2086,8.2086,8.2086,8.2086,8.2086,8.2086,8.2086,8.2086,8.2086,8.2086,8.2086,8.2086,8.2086,8.2086,8.2086,8.2086,8.2086,8.2086,8.2086,8.2086,8.2086,8.2086,8.2086,8.2086,8.2086,8.2086,8.2086,8.2086,8.2086,8.2086,8.2086,8.2086,8.2086,8.2086,8.2086,8.2086,8.2086,8.2086,8.2086,8.2086,8.2086,8.2086,8.2086,8.2086,8.2086,8.2086,8.2086,8.2086,8.2086,8.2086,8.2086,8.2086,8.2086,8.2086,8.2086,8.2086,8.2086,8.2086,8.2086,8.2086,8.2086,8.2086,8.2086,8.2086,8.2086,8.2086,8.2086,8.2086,8.2086,8.2086,8.2086,8.2086,8.2086,8.2086,8.2086,8.2086,8.2086,8.2086,8.2086,8.2086,8.2086,8.2086,8.2086,8.2086,8.2086,8.2086,8.2086,8.2086,8.2086,8.2086,8.2086,8.2086,8.2086,8.2086,8.2086,8.2086,8.2086,8.2086,8.2086,8.2086,8.2086,8.2086,8.2086,8.2086,8.2086,8.2086,8.2086,8.2086,8.2086,8.2086,8.2086,8.2086,8.2086,8.2086,8.2086,8.2086,8.2086,8.2086,8.2086,8.2086,8.2086,8.2086,8.2086,8.2086,8.2086,8.2086,8.2086,8.2086,8.2086,8.2086,8.2086,8.2086,8.2086,8.2086,8.2086,8.2086,8.2086,8.2086,8.2086,8.2086,8.2086,8.2086,8.2086,8.2086,8.2086,8.2086,8.2086,8.2086,8.2086,8.2086,8.2086,8.2086,8.2086,8.2086,8.2086,8.2086,8.2086,8.2086,8.2086,8.2086,8.2086,8.2086,8.2086,8.2086,8.2086,8.2086,8.2086,8.2086,8.2086,8.2086,8.2086,8.2086,8.2086,8.2086,8.2086,8.2086,8.2086,8.2086,8.2086,8.2086,8.2086,8.2086,8.2086,8.2086,8.2086,8.2086,8.2086,8.2086,8.2086,8.2086,8.2086,8.2086,8.2086,8.2086,8.2086,8.2086,8.2086,8.2086,8.2086,8.2086,8.2086,8.2086,8.2086,8.2086,8.2086,8.2086,8.2086,8.2086,8.2086,8.2086,8.2086,8.2086,8.2086,8.2086,8.2086,8.2086,8.2086,8.2086,8.2086,8.2086,8.2086,8.2086,8.2086,8.2086,8.2086,8.2086,8.2086,8.2086,8.2086,8.2086,8.2086,8.2086,8.2086,8.2086,8.2086,8.2086,8.2086,8.2086,8.2086,8.2086,8.2086,8.2086,8.2086,8.2086,8.2086,8.2086,8.2086,8.2086,8.2086,8.2086,8.2086,8.2086,8.2086,8.2086,8.2086,8.2086,8.2086,8.2086,8.2086,8.2086,8.2086,8.2086,8.2086,8.2086,8.2086,8.2086,8.2086,8.2086,8.2086,8.2086,8.2086,8.2086,8.2086,8.2086,8.2086,8.2086,8.2086,8.2086,8.2086,8.2086,8.2086,8.2086,8.2086,8.2086,8.2086,8.2086,8.2086,8.2086,8.2086,8.2086,8.2086,8.2086,8.2086,8.2086,8.2086,8.2086,8.2086,8.2086,8.2086,8.2086,8.2086,8.2086,8.2086,8.2086,8.2086,8.2086,8.2086,8.2086,8.2086,8.2086,8.2086,8.2086,8.2086,8.2086,8.2086,8.2086,8.2086,8.2086,8.2086,8.2086,8.2086,8.2086,8.2086,8.2086,8.2086,8.2086,8.2086,8.2086,8.2086,8.2086,8.2086,8.2086,8.2086,8.2086,8.2086,8.2086,8.2086,8.2086,8.2086,8.2086,8.2086,8.2086,8.2086,8.2086,8.2086,8.2086,8.2086,8.2086,8.2086,8.2086,8.2086,8.2086,8.2086,8.2086,8.2086,8.2086,8.2086,8.2086,8.2086,8.2086,8.2086,8.2086,8.2086,8.2086,8.2086,8.2086,8.2086,8.2086,8.2086,8.2086,8.2086,8.2086,8.2086,8.2086,8.2086,8.2086,8.2086,8.2086,8.2086,8.2086,8.2086,8.2086,8.2086,8.2086,8.2086,8.2086,8.2086,8.2086
8.2018,8.2018,8.2018,8.2018,8.2018,8.2018,8.2018,8.2018,8.2018,8.2018,8.2018,8.2018,8.2018,8.2018,8.2018,8.2018,8.2018,8.2018,8.2018,8.2018,8.2018,8.2018,8.2018,8.2018,8.2018,8.2018,8.2018,8.2018,8.2018,8.2018,8.2018,8.2018,8.2018,8.2018,8.2018,8.2018,8.2018,8.2018,8.2018,8.2018,8.2018,8.2018,8.2018,8.2018,8.2018,8.2018,8.2018,8.2018,8.2018,8.2018,8.2018,8.2018,8.2018,8.2018,8.2018,8.2018,8.2018,8.2018,8.2018,8.2018,8.2018,8.2018,8.2018,8.2018,8.2018,8.2018,8.2018,8.2018,8.2018,8.2018,8.2018,8.2018,8.2018,8.2018,8.2018,8.2018,8.2018,8.2018,8.2018,8.2018,8.2018,8.2018,8.2018,8.2018,8.2018,8.2018,8.2018,8.2018,8.2018,8.2018,8.2018,8.2018,8.2018,8.2018,8.2018,8.2018,8.2018,8.2018,8.2018,8.2018,8.2018,8.2018,8.2018,8.2018,8.2018,8.2018,8.2018,8.2018,8.2018,8.2018,8.2018,8.2018,8.2018,8.2018,8.2018,8.2018,8.2018,8.2018,8.2018,8.2018,8.2018,8.2018,8.2018,8.2018,8.2018,8.2018,8.2018,8.2018,8.2018,8.2018,8.2018,8.2018,8.2018,8.2018,8.2018,8.2018,8.2018,8.2018,8.2018,8.2018,8.2018,8.2018,8.2018,8.2018,8.2018,8.2018,8.2018,8.2018,8.2018,8.2018,8.2018,8.2018,8.2018,8.2018,8.2018,8.2018,8.2018,8.2018,8.2018,8.2018,8.2018,8.2018,8.2018,8.2018,8.2018,8.2018,8.2018,8.2018,8.2018,8.2018,8.2018,8.2018,8.2018,8.2018,8.2018,8.2018,8.2018,8.2018,8.2018,8.2018,8.2018,8.2018,8.2018,8.2018,8.2018,8.2018,8.2018,8.2018,8.2018,8.2018,8.2018,8.2018,8.2018,8.2018,8.2018,8.2018,8.2018,8.2018,8.2018,8.2018,8.2018,8.2018,8.2018,8.2018,8.2018,8.2018,8.2018,8.2018,8.2018,8.2018,8.2018,8.2018,8.2018,8.2018,8.2018,8.2018,8.2018,8.2018,8.2018,8.2018,8.2018,8.2018,8.2018,8.2018,8.2018,8.2018,8.2018,8.2018,8.2018,8.2018,8.2018,8.2018,8.2018,8.2018,8.2018,8.2018,8.2018,8.2018,8.2018,8.2018,8.2018,8.2018,8.2018,8.2018,8.2018,8.2018,8.2018,8.2018,8.2018,8.2018,8.2018,8.2018,8.2018,8.2018,8.2018,8.2018,8.2018,8.2018,8.2018,8.2018,8.2018,8.2018,8.2018,8.2018,8.2018,8.2018,8.2018,8.2018,8.2018,8.2018,8.2018,8.2018,8.2018,8.2018,8.2018,8.2018,8.2018,8.2018,8.2018,8.2018,8.2018,8.2018,8.2018,8.2018,8.2018,8.2018,8.2018,8.2018,8.2018,8.2018,8.2018,8.2018,8.2018,8.2018,8.2018,8.2018,8.2018,8.2018,8.2018,8.2018,8.2018,8.2018,8.2018,8.2018,8.2018,8.2018,8.2018,8.2018,8.2018,8.2018,8.2018,8.2018,8.2018,8.2018,8.2018,8.2018,8.2018,8.2018,8.2018,8.2018,8.2018,8.2018,8.2018,8.2018,8.2018,8.2018,8.2018,8.2018,8.2018,8.2018,8.2018,8.2018,8.2018,8.2018,8.2018,8.2018,8.2018,8.2018,8.2018,8.2018,8.2018,8.2018,8.2018,8.2018,8.2018,8.2018,8.2018,8.2018,8.2018,8.2018,8.2018,8.2018,8.2018,8.2018,8.2018,8.2018,8.2018,8.2018,8.2018,8.2018,8.2018,8.2018,8.2018,8.2018,8.2018,8.2018,8.2018,8.2018,8.2018,8.2018,8.2018,8.2018,8.2018,8.2018,8.2018,8.2018,8.2018,8.2018,8.2018,8.2018,8.2018,8.2018,8.2018,8.2018,8.2018,8.2018,8.2018,8.2018,8.2018,8.2018,8.2018,8.2018,8.2018,8.2018,8.2018,8.2018,8.2018,8.2018,8.2018,8.2018,8.2018,8.2018,8.2018,8.2018,8.2018,8.2018,8.2018,8.2018,8.2018,8.2018,8.2018,8.2018,8.2018,8.2018,8.2018,8.2018,8.2018,8.2018,8.2018,8.2018,8.2018,8.2018,8.2018,8.2018,8.2018,8.2018,8.2018,8.2018,8.2018,8.2018,8.2018,8.2018,8.2018,8.2018,8.2018,8.2018,8.2018,8.2018,8.2018,8.2018,8.2018,8.2018,8.2018,8.2018,8.2018,8.2018,8.2018,8.2018,8.2018,8.2018,8.2018,8.2018,8.2018,8.2018,8.2018,8.2018,8.2018,8.2018,8.2018,8.2018,8.2018,8.2018,8.2018,8.2018,8.2018,8.2018,8.2018,8.2018,8.2018,8.2018,8.2018,8.2018,8.2018,8.2018,8.2018,8.2018,8.2018,8.2018,8.2018,8.2018,8.2018,8.2018,8.2018,8.2018,8.2018,8.2018,8.2018,8.2018,8.2018,8.2018,8.2018,8.2018,8.2018,8.2018,8.2018,8.2018,8.2018,8.2018,8.2018,8.2018,8.2018,8.2018,8.2018,8.2018,8.2018,8.2018,8.2018,8.2018,8.2018,8.2018,8.2018,8.2018,8.2018,8.2018,8.2018,8.2018,8.2018,8.2018,8.2018,8.2018,8.2018,8.2018,8.2018,8.2018,8.2018,8.2018,8.2018,8.2018,8.2018,8.2018,8.2018,8.2018,8.2018,8.2018,8.2018,8.2018,8.2018,8.2018,8.2018,8.2018,8.2018,8.2018,8.2018,8.2018,8.2018,8.2018,8.2018,8.2018,8.2018,8.2018,8.2018,8.2018,8.2018,8.2018,8.2018,8.2018,8.2018,8.2018,8.2018,8.2018,8.2018,8.2018,8.2018,8.2018,8.2018,8.2018,8.2018,8.2018,8.2018,8.2018,8.2018,8.2018,8.2018,8.2018,8.2018,8.2018,8.2018,8.2018,8.2018,8.2018,8.2018,8.2018,8.2018,8.2018,8.2018,8.2018,8.2018,8.2018,8.2018,8.2018,8.2018,8.2018,8.2018,8.2018,8.2018,8.2018,8.2018,8.2018,8.2018,8.2018,8.2018,8.2018,8.2018,8.2018,8.2018,8.2018,8.2018,8.2018,8.2018,8.2018,8.2018,8.2018,8.2018,8.2018,8.2018,8.2018,8.2018,8.2018,8.2018,8.2018,8.2018,8.2018,8.2018,8.2018,8.2018,8.2018,8.2018,8.2018,8.2018,8.2018,8.2018,8.2018,8.2018,8.2018,8.2018,8.2018,8.2018,8.2018,8.2018,8.2018,8.2018,8.2018,8.2018,8.2018,8.2018,8.2018,8.2018,8.2018,8.2018,8.2018,8.2018,8.2018,8.2018,8.2018,8.2018,8.2018,8.2018,8.2018,8.2018,8.2018,8.2018,8.2018,8.2018,8.2018,8.2018,8.2018,8.2018,8.2018,8.2018,8.2018,8.2018,8.2018,8.2018,8.2018,8.2018,8.2018,8.2018,8.2018,8.2018,8.2018,8.2018,8.2018,8.2018,8.2018,8.2018,8.2018,8.2018,8.2018,8.2018,8.2018,8.2018,8.2018,8.2018,8.2018,8.2018,8.2018,8.2018,8.2018,8.2018,8.2018,8.2018,8.2018,8.2018,8.2018,8.2018,8.2018,8.2018,8.2018,8.2018,8.2018,8.2018,8.2018,8.2018,8.2018,8.2018,8.2018,8.2018,8.2018,8.2018,8.2018,8.2018,8.2018,8.2018,8.2018,8.2018,8.2018,8.2018,8.2018,8.2018,8.2018,8.2018,8.2018,8.2018,8.2018,8.2018,8.2018,8.2018,8.2018,8.2018,8.2018,8.2018,8.2018,8.2018,8.2018,8.2018,8.2018,8.2018,8.2018,8.2018,8.2018,8.2018,8.2018,8.2018,8.2018,8.2018,8.2018,8.2018,8.2018,8.2018,8.2018,8.2018,8.2018,8.2018,8.2018,8.2018,8.2018,8.2018,8.2018,8.2018,8.2018,8.2018,8.2018,8.2018,8.2018,8.2018,8.2018,8.2018,8.2018,8.2018,8.2018,8.2018,8.2018,8.2018,8.2018,8.2018,8.2018,8.2018,8.2018,8.2018,8.2018,8.2018,8.2018,8.2018,8.2018,8.2018,8.2018,8.2018,8.2018,8.2018,8.2018,8.2018,8.2018,8.2018,8.2018,8.2018,8.2018,8.2018,8.2018,8.2018,8.2018,8.2018,8.2018,8.2018,8.2018,8.2018,8.2018,8.2018,8.2018,8.2018,8.2018,8.2018,8.2018,8.2018,8.2018,8.2018,8.2018,8.2018,8.2018,8.2018,8.2018,8.2018,8.2018,8.2018,8.2018,8.2018,8.2018,8.2018,8.2018,8.2018,8.2018,8.2018,8.2018,8.2018,8.2018,8.2018,8.2018,8.2018,8.2018,8.2018,8.2018,8.2018,8.2018,8.2018,8.2018,8.2018,8.2018,8.2018,8.2018,8.2018,8.2018,8.2018,8.2018,8.2018,8.2018,8.2018,8.2018,8.2018,8.2018,8.2018,8.2018,8.2018,8.2018,8.2018,8.2018,8.2018,8.2018,8.2018,8.2018,8.2018,8.2018,8.2018,8.2018,8.2018,8.2018,8.2018,8.2018,8.2018,8.2018,8.2018,8.2018,8.2018,8.2018,8.2018,8.2018,8.2018,8.2018,8.2018,8.2018,8.2018,8.2018,8.2018,8.2018,8.2018,8.2018,8.2018,8.2018,8.2018,8.2018,8.2018,8.2018,8.2018,8.2018,8.2018,8.2018,8.2018,8.2018,8.2018,8.2018,8.2018,8.2018,8.2018,8.2018,8.2018,8.2018,8.2018,8.2018,8.2018,8.2018,8.2018,8.2018,8.2018,8.2018,8.2018,8.2018,8.2018,8.2018,8.2018,8.2018,8.2018,8.2018,8.2018,8.2018,8.2018,8.2018,8.2018,8.2018,8.2018,8.2018,8.2018,8.2018,8.2018,8.2018,8.2018,8.2018,8.2018,8.2018,8.2018,8.2018,8.2018,8.2018
8.1942,8.1942,8.1942,8.1942,8.1942,8.1942,8.1942,8.1942,8.1942,8.1942,8.1942,8.1942,8.1942,8.1942,8.1942,8.1942,8.1942,8.1942,8.1942,8.1942,8.1942,8.1942,8.1942,8.1942,8.1942,8.1942,8.1942,8.1942,8.1942,8.1942,8.1942,8.1942,8.1942,8.1942,8.1942,8.1942,8.1942,8.1942,8.1942,8.1942,8.1942,8.1942,8.1942,8.1942,8.1942,8.1942,8.1942,8.1942,8.1942,8.1942,8.1942,8.1942,8.1942,8.1942,8.1942,8.1942,8.1942,8.1942,8.1942,8.1942,8.1942,8.1942,8.1942,8.1942,8.1942,8.1942,8.1942,8.1942,8.1942,8.1942,8.1942,8.1942,8.1942,8.1942,8.1942,8.1942,8.1942,8.1942,8.1942,8.1942,8.1942,8.1942,8.1942,8.1942,8.1942,8.1942,8.1942,8.1942,8.1942,8.1942,8.1942,8.1942,8.1942,8.1942,8.1942,8.1942,8.1942,8.1942,8.1942,8.1942,8.1942,8.1942,8.1942,8.1942,8.1942,8.1942,8.1942,8.1942,8.1942,8.1942,8.1942,8.1942,8.1942,8.1942,8.1942,8.1942,8.1942,8.1942,8.1942,8.1942,8.1942,8.1942,8.1942,8.1942,8.1942,8.1942,8.1942,8.1942,8.1942,8.1942,8.1942,8.1942,8.1942,8.1942,8.1942,8.1942,8.1942,8.1942,8.1942,8.1942,8.1942,8.1942,8.1942,8.1942,8.1942,8.1942,8.1942,8.1942,8.1942,8.1942,8.1942,8.1942,8.1942,8.1942,8.1942,8.1942,8.1942,8.1942,8.1942,8.1942,8.1942,8.1942,8.1942,8.1942,8.1942,8.1942,8.1942,8.1942,8.1942,8.1942,8.1942,8.1942,8.1942,8.1942,8.1942,8.1942,8.1942,8.1942,8.1942,8.1942,8.1942,8.1942,8.1942,8.1942,8.1942,8.1942,8.1942,8.1942,8.1942,8.1942,8.1942,8.1942,8.1942,8.1942,8.1942,8.1942,8.1942,8.1942,8.1942,8.1942,8.1942,8.1942,8.1942,8.1942,8.1942,8.1942,8.1942,8.1942,8.1942,8.1942,8.1942,8.1942,8.1942,8.1942,8.1942,8.1942,8.1942,8.1942,8.1942,8.1942,8.1942,8.1942,8.1942,8.1942,8.1942,8.1942,8.1942,8.1942,8.1942,8.1942,8.1942,8.1942,8.1942,8.1942,8.1942,8.1942,8.1942,8.1942,8.1942,8.1942,8.1942,8.1942,8.1942,8.1942,8.1942,8.1942,8.1942,8.1942,8.1942,8.1942,8.1942,8.1942,8.1942,8.1942,8.1942,8.1942,8.1942,8.1942,8.1942,8.1942,8.1942,8.1942,8.1942,8.1942,8.1942,8.1942,8.1942,8.1942,8.1942,8.1942,8.1942,8.1942,8.1942,8.1942,8.1942,8.1942,8.1942,8.1942,8.1942,8.1942,8.1942,8.1942,8.1942,8.1942,8.1942,8.1942,8.1942,8.1942,8.1942,8.1942,8.1942,8.1942,8.1942,8.1942,8.1942,8.1942,8.1942,8.1942,8.1942,8.1942,8.1942,8.1942,8.1942,8.1942,8.1942,8.1942,8.1942,8.1942,8.1942,8.1942,8.1942,8.1942,8.1942,8.1942,8.1942,8.1942,8.1942,8.1942,8.1942,8.1942,8.1942,8.1942,8.1942,8.1942,8.1942,8.1942,8.1942,8.1942,8.1942,8.1942,8.1942,8.1942,8.1942,8.1942,8.1942,8.1942,8.1942,8.1942,8.1942,8.1942,8.1942,8.1942,8.1942,8.1942,8.1942,8.1942,8.1942,8.1942,8.1942,8.1942,8.1942,8.1942,8.1942,8.1942,8.1942,8.1942,8.1942,8.1942,8.1942,8.1942,8.1942,8.1942,8.1942,8.1942,8.1942,8.1942,8.1942,8.1942,8.1942,8.1942,8.1942,8.1942,8.1942,8.1942,8.1942,8.1942,8.1942,8.1942,8.1942,8.1942,8.1942,8.1942,8.1942,8.1942,8.1942,8.1942,8.1942,8.1942,8.1942,8.1942,8.1942,8.1942,8.1942,8.1942,8.1942,8.1942,8.1942,8.1942,8.1942,8.1942,8.1942,8.1942,8.1942,8.1942,8.1942,8.1942,8.1942,8.1942,8.1942,8.1942,8.1942,8.1942,8.1942,8.1942,8.1942,8.1942,8.1942,8.1942,8.1942,8.1942,8.1942,8.1942,8.1942,8.1942,8.1942,8.1942,8.1942,8.1942,8.1942,8.1942,8.1942,8.1942,8.1942,8.1942,8.1942,8.1942,8.1942,8.1942,8.1942,8.1942,8.1942,8.1942,8.1942,8.1942,8.1942,8.1942,8.1942,8.1942,8.1942,8.1942,8.1942,8.1942,8.1942,8.1942,8.1942,8.1942,8.1942,8.1942,8.1942,8.1942,8.1942,8.1942,8.1942,8.1942,8.1942,8.1942,8.1942,8.1942,8.1942,8.1942,8.1942,8.1942,8.1942,8.1942,8.1942,8.1942,8.1942,8.1942,8.1942,8.1942,8.1942,8.1942,8.1942,8.1942,8.1942,8.1942,8.1942,8.1942,8.1942,8.1942,8.1942,8.1942,8.1942,8.1942,8.1942,8.1942,8.1942,8.1942,8.1942,8.1942,8.1942,8.1942,8.1942,8.1942,8.1942,8.1942,8.1942,8.1942,8.1942,8.1942,8.1942,8.1942,8.1942,8.1942,8.1942,8.1942,8.1942,8.1942,8.1942,8.1942,8.1942,8.1942,8.1942,8.1942,8.1942,8.1942,8.1942,8.1942,8.1942,8.1942,8.1942,8.1942,8.1942,8.1942,8.1942,8.1942,8.1942,8.1942,8.1942,8.1942,8.1942,8.1942,8.1942,8.1942,8.1942,8.1942,8.1942,8.1942,8.1942,8.1942,8.1942,8.1942,8.1942,8.1942,8.1942,8.1942,8.1942,8.1942,8.1942,8.1942,8.1942,8.1942,8.1942,8.1942,8.1942,8.1942,8.1942,8.1942,8.1942,8.1942,8.1942,8.1942,8.1942,8.1942,8.1942,8.1942,8.1942,8.1942,8.1942,8.1942,8.1942,8.1942,8.1942,8.1942,8.1942,8.1942,8.1942,8.1942,8.1942,8.1942,8.1942,8.1942,8.1942,8.1942,8.1942,8.1942,8.1942,8.1942,8.1942,8.1942,8.1942,8.1942,8.1942,8.1942,8.1942,8.1942,8.1942,8.1942,8.1942,8.1942,8.1942,8.1942,8.1942,8.1942,8.1942,8.1942,8.1942,8.1942,8.1942,8.1942,8.1942,8.1942,8.1942,8.1942,8.1942,8.1942,8.1942,8.1942,8.1942,8.1942,8.1942,8.1942,8.1942,8.1942,8.1942,8.1942,8.1942,8.1942,8.1942,8.1942,8.1942,8.1942,8.1942,8.1942,8.1942,8.1942,8.1942,8.1942,8.1942,8.1942,8.1942,8.1942,8.1942,8.1942,8.1942,8.1942,8.1942,8.1942,8.1942,8.1942,8.1942,8.1942,8.1942,8.1942,8.1942,8.1942,8.1942,8.1942,8.1942,8.1942,8.1942,8.1942,8.1942,8.1942,8.1942,8.1942,8.1942,8.1942,8.1942,8.1942,8.1942,8.1942,8.1942,8.1942,8.1942,8.1942,8.1942,8.1942,8.1942,8.1942,8.1942,8.1942,8.1942,8.1942,8.1942,8.1942,8.1942,8.1942,8.1942,8.1942,8.1942,8.1942,8.1942,8.1942,8.1942,8.1942,8.1942,8.1942,8.1942,8.1942,8.1942,8.1942,8.1942,8.1942,8.1942,8.1942,8.1942,8.1942,8.1942,8.1942,8.1942,8.1942,8.1942,8.1942,8.1942,8.1942,8.1942,8.1942,8.1942,8.1942,8.1942,8.1942,8.1942,8.1942,8.1942,8.1942,8.1942,8.1942,8.1942,8.1942,8.1942,8.1942,8.1942,8.1942,8.1942,8.1942,8.1942,8.1942,8.1942,8.1942,8.1942,8.1942,8.1942,8.1942,8.1942,8.1942,8.1942,8.1942,8.1942,8.1942,8.1942,8.1942,8.1942,8.1942,8.1942,8.1942,8.1942,8.1942,8.1942,8.1942,8.1942,8.1942,8.1942,8.1942,8.1942,8.1942,8.1942,8.1942,8.1942,8.1942,8.1942,8.1942,8.1942,8.1942,8.1942,8.1942,8.1942,8.1942,8.1942,8.1942,8.1942,8.1942,8.1942,8.1942,8.1942,8.1942,8.1942,8.1942,8.1942,8.1942,8.1942,8.1942,8.1942,8.1942,8.1942,8.1942,8.1942,8.1942,8.1942,8.1942,8.1942,8.1942,8.1942,8.1942,8.1942,8.1942,8.1942,8.1942,8.1942,8.1942,8.1942,8.1942,8.1942,8.1942,8.1942,8.1942,8.1942,8.1942,8.1942,8.1942,8.1942,8.1942,8.1942,8.1942,8.1942,8.1942,8.1942,8.1942,8.1942,8.1942,8.1942,8.1942,8.1942,8.1942,8.1942,8.1942,8.1942,8.1942,8.1942,8.1942,8.1942,8.1942,8.1942,8.1942,8.1942,8.1942,8.1942,8.1942,8.1942,8.1942,8.1942,8.1942,8.1942,8.1942,8.1942,8.1942,8.1942,8.1942,8.1942,8.1942,8.1942,8.1942,8.1942,8.1942,8.1942,8.1942,8.1942,8.1942,8.1942,8.1942,8.1942,8.1942,8.1942,8.1942,8.1942,8.1942,8.1942,8.1942,8.1942,8.1942,8.1942,8.1942,8.1942,8.1942,8.1942,8.1942,8.1942,8.1942,8.1942,8.1942,8.1942,8.1942,8.1942,8.1942,8.1942,8.1942,8.1942,8.1942,8.1942,8.1942,8.1942,8.1942,8.1942,8.1942,8.1942,8.1942,8.1942,8.1942,8.1942,8.1942,8.1942,8.1942,8.1942,8.1942,8.1942,8.1942,8.1942,8.1942,8.1942,8.1942,8.1942,8.1942,8.1942,8.1942,8.1942,8.1942,8.1942,8.1942,8.1942,8.1942,8.1942,8.1942,8.1942,8.1942,8.1942,8.1942,8.1942,8.1942,8.1942,8.1942,8.1942,8.1942,8.1942,8.1942,8.1942,8.1942,8.1942,8.1942,8.1942,8.1942
8.1870,8.1870,8.1870,8.1870,8.1870,8.1870,8.1870,8.1870,8.1870,8.1870,8.1870,8.1870,8.1870,8.1870,8.1870,8.1870,8.1870,8.1870,8.1870,8.1870,8.1870,8.1870,8.1870,8.1870,8.1870,8.1870,8.1870,8.1870,8.1870,8.1870,8.1870,8.1870,8.1870,8.1870,8.1870,8.1870,8.1870,8.1870,8.1870,8.1870,8.1870,8.1870,8.1870,8.1870,8.1870,8.1870,8.1870,8.1870,8.1870,8.1870,8.1870,8.1870,8.1870,8.1870,8.1870,8.1870,8.1870,8.1870,8.1870,8.1870,8.1870,8.1870,8.1870,8.1870,8.1870,8.1870,8.1870,8.1870,8.1870,8.1870,8.1870,8.1870,8.1870,8.1870,8.1870,8.1870,8.1870,8.1870,8.1870,8.1870,8.1870,8.1870,8.1870,8.1870,8.1870,8.1870,8.1870,8.1870,8.1870,8.1870,8.1870,8.1870,8.1870,8.1870,8.1870,8.1870,8.1870,8.1870,8.1870,8.1870,8.1870,8.1870,8.1870,8.1870,8.1870,8.1870,8.1870,8.1870,8.1870,8.1870,8.1870,8.1870,8.1870,8.1870,8.1870,8.1870,8.1870,8.1870,8.1870,8.1870,8.1870,8.1870,8.1870,8.1870,8.1870,8.1870,8.1870,8.1870,8.1870,8.1870,8.1870,8.1870,8.1870,8.1870,8.1870,8.1870,8.1870,8.1870,8.1870,8.1870,8.1870,8.1870,8.1870,8.1870,8.1870,8.1870,8.1870,8.1870,8.1870,8.1870,8.1870,8.1870,8.1870,8.1870,8.1870,8.1870,8.1870,8.1870,8.1870,8.1870,8.1870,8.1870,8.1870,8.1870,8.1870,8.1870,8.1870,8.1870,8.1870,8.1870,8.1870,8.1870,8.1870,8.1870,8.1870,8.1870,8.1870,8.1870,8.1870,8.1870,8.1870,8.1870,8.1870,8.1870,8.1870,8.1870,8.1870,8.1870,8.1870,8.1870,8.1870,8.1870,8.1870,8.1870,8.1870,8.1870,8.1870,8.1870,8.1870,8.1870,8.1870,8.1870,8.1870,8.1870,8.1870,8.1870,8.1870,8.1870,8.1870,8.1870,8.1870,8.1870,8.1870,8.1870,8.1870,8.1870,8.1870,8.1870,8.1870,8.1870,8.1870,8.1870,8.1870,8.1870,8.1870,8.1870,8.1870,8.1870,8.1870,8.1870,8.1870,8.1870,8.1870,8.1870,8.1870,8.1870,8.1870,8.1870,8.1870,8.1870,8.1870,8.1870,8.1870,8.1870,8.1870,8.1870,8.1870,8.1870,8.1870,8.1870,8.1870,8.1870,8.1870,8.1870,8.1870,8.1870,8.1870,8.1870,8.1870,8.1870,8.1870,8.1870,8.1870,8.1870,8.1870,8.1870,8.1870,8.1870,8.1870,8.1870,8.1870,8.1870,8.1870,8.1870,8.1870,8.1870,8.1870,8.1870,8.1870,8.1870,8.1870,8.1870,8.1870,8.1870,8.1870,8.1870,8.1870,8.1870,8.1870,8.1870,8.1870,8.1870,8.1870,8.1870,8.1870,8.1870,8.1870,8.1870,8.1870,8.1870,8.1870,8.1870,8.1870,8.1870,8.1870,8.1870,8.1870,8.1870,8.1870,8.1870,8.1870,8.1870,8.1870,8.1870,8.1870,8.1870,8.1870,8.1862,8.1862,8.1862,8.1862,8.1862,8.1862,8.1862,8.1862,8.1862,8.1862,8.1862,8.1862,8.1862,8.1862,8.1862,8.1862,8.1862,8.1862,8.1862,8.1862,8.1862,8.1862,8.1862,8.1862,8.1862,8.1862,8.1862,8.1862,8.1862,8.1862,8.1862,8.1862,8.1862,8.1862,8.1862,8.1862,8.1862,8.1862,8.1862,8.1862,8.1862,8.1862,8.1862,8.1862,8.1862,8.1862,8.1862,8.1862,8.1862,8.1862,8.1862,8.1862,8.1862,8.1862,8.1862,8.1862,8.1862,8.1862,8.1862,8.1862,8.1862,8.1862,8.1862,8.1862,8.1862,8.1862,8.1862,8.1862,8.1862,8.1862,8.1862,8.1862,8.1862,8.1862,8.1862,8.1862,8.1862,8.1862,8.1862,8.1862,8.1862,8.1862,8.1862,8.1862,8.1862,8.1862,8.1862,8.1862,8.1862,8.1862,8.1862,8.1862,8.1862,8.1862,8.1862,8.1862,8.1862,8.1862,8.1862,8.1862,8.1862,8.1862,8.1862,8.1862,8.1862,8.1862,8.1862,8.1862,8.1862,8.1862,8.1862,8.1862,8.1862,8.1862,8.1862,8.1862,8.1862,8.1862,8.1862,8.1862,8.1862,8.1862,8.1862,8.1862,8.1862,8.1862,8.1862,8.1862,8.1862,8.1862,8.1862,8.1862,8.1862,8.1862,8.1862,8.1862,8.1862,8.1862,8.1862,8.1862,8.1862,8.1862,8.1862,8.1862,8.1862,8.1862,8.1862,8.1862,8.1862,8.1862,8.1862,8.1862,8.1862,8.1862,8.1862,8.1862,8.1862,8.1862,8.1862,8.1862,8.1862,8.1862,8.1862,8.1862,8.1862,8.1862,8.1862,8.1862,8.1862,8.1862,8.1862,8.1862,8.1862,8.1862,8.1862,8.1862,8.1862,8.1862,8.1862,8.1862,8.1862,8.1862,8.1862,8.1862,8.1862,8.1862,8.1862,8.1862,8.1862,8.1862,8.1862,8.1862,8.1862,8.1862,8.1862,8.1862,8.1862,8.1862,8.1862,8.1862,8.1862,8.1862,8.1862,8.1862,8.1862,8.1862,8.1862,8.1862,8.1862,8.1862,8.1862,8.1862,8.1862,8.1862,8.1862,8.1862,8.1862,8.1862,8.1862,8.1862,8.1862,8.1862,8.1862,8.1862,8.1862,8.1862,8.1862,8.1862,8.1862,8.1862,8.1862,8.1862,8.1862,8.1862,8.1862,8.1862,8.1862,8.1862,8.1862,8.1862,8.1862,8.1862,8.1862,8.1862,8.1862,8.1862,8.1862,8.1862,8.1862,8.1862,8.1862,8.1862,8.1862,8.1862,8.1862,8.1862,8.1862,8.1862,8.1862,8.1862,8.1862,8.1862,8.1862,8.1862,8.1862,8.1862,8.1862,8.1862,8.1862,8.1862,8.1862,8.1862,8.1862,8.1862,8.1862,8.1862,8.1862,8.1862,8.1862,8.1862,8.1862,8.1862,8.1862,8.1862,8.1862,8.1862,8.1862,8.1862,8.1862,8.1862,8.1862,8.1862,8.1862,8.1862,8.1862,8.1862,8.1862,8.1862,8.1862,8.1862,8.1862,8.1862,8.1862,8.1862,8.1862,8.1862,8.1862,8.1862,8.1862,8.1862,8.1862,8.1862,8.1862,8.1862,8.1862,8.1862,8.1862,8.1862,8.1862,8.1862,8.1862,8.1862,8.1862,8.1862,8.1862,8.1862,8.1862,8.1862,8.1862,8.1862,8.1862,8.1862,8.1862,8.1862,8.1862,8.1862,8.1862,8.1862,8.1862,8.1862,8.1862,8.1862,8.1862,8.1862,8.1862,8.1862,8.1862,8.1862,8.1862,8.1862,8.1862,8.1862,8.1862,8.1862,8.1862,8.1862,8.1862,8.1862,8.1862,8.1862,8.1862,8.1862,8.1862,8.1862,8.1862,8.1862,8.1862,8.1862,8.1862,8.1862,8.1862,8.1862,8.1862,8.1862,8.1862,8.1862,8.1862,8.1862,8.1862,8.1862,8.1862,8.1862,8.1862,8.1862,8.1862,8.1862,8.1862,8.1862,8.1862,8.1862,8.1862,8.1862,8.1862,8.1862,8.1862,8.1862,8.1862,8.1862,8.1862,8.1862,8.1862,8.1862,8.1862,8.1862,8.1862,8.1862,8.1862,8.1862,8.1862,8.1862,8.1862,8.1862,8.1862,8.1862,8.1862,8.1862,8.1862,8.1862,8.1862,8.1862,8.1862,8.1862,8.1862,8.1862,8.1862,8.1862,8.1862,8.1862,8.1862,8.1862,8.1862,8.1862,8.1862,8.1862,8.1862,8.1862,8.1862,8.1862,8.1862,8.1862,8.1862,8.1862,8.1862,8.1862,8.1862,8.1862,8.1862,8.1862,8.1862,8.1862,8.1862,8.1862,8.1862,8.1862,8.1862,8.1862,8.1862,8.1862,8.1862,8.1862,8.1862,8.1862,8.1862,8.1862,8.1862,8.1862,8.1862,8.1862,8.1862,8.1862,8.1862,8.1862,8.1862,8.1862,8.1862,8.1862,8.1862,8.1862,8.1862,8.1862,8.1862,8.1862,8.1862,8.1862,8.1862,8.1862,8.1862,8.1862,8.1862,8.1862,8.1862,8.1862,8.1862,8.1862,8.1862,8.1862,8.1862,8.1862,8.1862,8.1862,8.1862,8.1862,8.1862,8.1862,8.1862,8.1862,8.1862,8.1862,8.1862,8.1862,8.1862,8.1862,8.1862,8.1862,8.1862,8.1862,8.1862,8.1862,8.1862,8.1862,8.1862,8.1862,8.1862,8.1862,8.1862,8.1862,8.1862,8.1862,8.1862,8.1862,8.1862,8.1862,8.1862,8.1862,8.1862,8.1862,8.1862,8.1862,8.1862,8.1862,8.1862,8.1862,8.1862,8.1862,8.1862,8.1862,8.1862,8.1862,8.1862,8.1862,8.1862,8.1862,8.1862,8.1862,8.1862,8.1862,8.1862,8.1862,8.1862,8.1862,8.1862,8.1862,8.1862,8.1862,8.1862,8.1862,8.1862,8.1862,8.1862,8.1862,8.1862,8.1862,8.1862,8.1862,8.1862,8.1862,8.1862,8.1862,8.1862,8.1862,8.1862,8.1862,8.1862,8.1862,8.1862,8.1862,8.1862,8.1862,8.1862,8.1862,8.1862,8.1862,8.1862,8.1862,8.1862,8.1862,8.1862,8.1862,8.1862,8.1862,8.1862,8.1862,8.1862,8.1862,8.1862,8.1862,8.1862,8.1862,8.1862,8.1862,8.1862,8.1862,8.1862,8.1862,8.1862,8.1862,8.1862,8.1862,8.1862,8.1862,8.1862,8.1862,8.1862,8.1862,8.1862,8.1862,8.1862,8.1862,8.1862,8.1862,8.1862,8.1862,8.1862,8.1862,8.1862,8.1862,8.1862,8.1862,8.1862,8.1862,8.1862,8.1862,8.1862
8.1786,8.1786,8.1786,8.1786,8.1786,8.1786,8.1786,8.1786,8.1786,8.1786,8.1786,8.1786,8.1786,8.1786,8.1786,8.1786,8.1786,8.1786,8.1786,8.1786,8.1786,8.1786,8.1786,8.1786,8.1786,8.1786,8.1786,8.1786,8.1786,8.1786,8.1786,8.1786,8.1786,8.1786,8.1786,8.1786,8.1786,8.1786,8.1786,8.1786,8.1786,8.1786,8.1786,8.1786,8.1786,8.1786,8.1786,8.1786,8.1786,8.1786,8.1786,8.1786,8.1786,8.1786,8.1786,8.1786,8.1786,8.1786,8.1786,8.1786,8.1786,8.1786,8.1786,8.1786,8.1786,8.1786,8.1786,8.1786,8.1786,8.1786,8.1786,8.1786,8.1786,8.1786,8.1786,8.1786,8.1786,8.1786,8.1786,8.1786,8.1786,8.1786,8.1786,8.1786,8.1786,8.1786,8.1786,8.1786,8.1786,8.1786,8.1786,8.1786,8.1786,8.1786,8.1786,8.1786,8.1786,8.1786,8.1786,8.1786,8.1786,8.1786,8.1786,8.1786,8.1786,8.1786,8.1786,8.1786,8.1786,8.1786,8.1786,8.1786,8.1786,8.1786,8.1786,8.1786,8.1786,8.1786,8.1786,8.1786,8.1786,8.1786,8.1786,8.1786,8.1786,8.1786,8.1786,8.1786,8.1786,8.1786,8.1786,8.1786,8.1786,8.1786,8.1786,8.1786,8.1786,8.1786,8.1786,8.1786,8.1786,8.1786,8.1786,8.1786,8.1786,8.1786,8.1786,8.1786,8.1786,8.1786,8.1786,8.1786,8.1786,8.1786,8.1786,8.1786,8.1786,8.1786,8.1786,8.1786,8.1786,8.1786,8.1786,8.1786,8.1786,8.1786,8.1786,8.1786,8.1786,8.1786,8.1786,8.1786,8.1786,8.1786,8.1786,8.1786,8.1786,8.1786,8.1786,8.1786,8.1786,8.1786,8.1786,8.1786,8.1786,8.1786,8.1786,8.1786,8.1786,8.1786,8.1786,8.1786,8.1786,8.1786,8.1786,8.1786,8.1786,8.1786,8.1786,8.1786,8.1786,8.1786,8.1786,8.1786,8.1786,8.1786,8.1786,8.1786,8.1786,8.1786,8.1786,8.1786,8.1786,8.1786,8.1786,8.1786,8.1786,8.1786,8.1786,8.1786,8.1786,8.1786,8.1786,8.1786,8.1786,8.1786,8.1786,8.1786,8.1786,8.1786,8.1786,8.1786,8.1786,8.1786,8.1786,8.1786,8.1786,8.1786,8.1786,8.1786,8.1786,8.1786,8.1786,8.1786,8.1786,8.1786,8.1786,8.1786,8.1786,8.1786,8.1786,8.1786,8.1786,8.1786,8.1786,8.1786,8.1786,8.1786,8.1786,8.1786,8.1786,8.1786,8.1786,8.1786,8.1786,8.1786,8.1786,8.1786,8.1786,8.1786,8.1786,8.1786,8.1786,8.1786,8.1786,8.1786,8.1786,8.1786,8.1786,8.1786,8.1786,8.1786,8.1786,8.1786,8.1786,8.1786,8.1786,8.1786,8.1786,8.1786,8.1786,8.1786,8.1786,8.1786,8.1786,8.1786,8.1786,8.1786,8.1786,8.1786,8.1786,8.1786,8.1786,8.1786,8.1786,8.1786,8.1786,8.1786,8.1786,8.1786,8.1786,8.1786,8.1786,8.1786,8.1786,8.1786,8.1786,8.1786,8.1786,8.1786,8.1786,8.1786,8.1786,8.1786,8.1786,8.1786,8.1786,8.1786,8.1786,8.1786,8.1786,8.1786,8.1786,8.1786,8.1786,8.1786,8.1786,8.1786,8.1786,8.1786,8.1786,8.1786,8.1786,8.1786,8.1786,8.1786,8.1786,8.1786,8.1786,8.1786,8.1786,8.1786,8.1786,8.1786,8.1786,8.1786,8.1786,8.1786,8.1786,8.1786,8.1786,8.1786,8.1786,8.1786,8.1786,8.1786,8.1786,8.1786,8.1786,8.1786,8.1786,8.1786,8.1786,8.1786,8.1786,8.1786,8.1786,8.1786,8.1786,8.1786,8.1786,8.1786,8.1786,8.1786,8.1786,8.1786,8.1786,8.1786,8.1786,8.1786,8.1786,8.1786,8.1786,8.1786,8.1786,8.1786,8.1786,8.1786,8.1786,8.1786,8.1786,8.1786,8.1786,8.1786,8.1786,8.1786,8.1786,8.1786,8.1786,8.1786,8.1786,8.1786,8.1786,8.1786,8.1786,8.1786,8.1786,8.1786,8.1786,8.1786,8.1786,8.1786,8.1786,8.1786,8.1786,8.1786,8.1786,8.1786,8.1786,8.1786,8.1786,8.1786,8.1786,8.1786,8.1786,8.1786,8.1786,8.1786,8.1786,8.1786,8.1786,8.1786,8.1786,8.1786,8.1786,8.1786,8.1786,8.1786,8.1786,8.1786,8.1786,8.1786,8.1786,8.1786,8.1786,8.1786,8.1786,8.1786,8.1786,8.1786,8.1786,8.1786,8.1786,8.1786,8.1786,8.1786,8.1786,8.1786,8.1786,8.1786,8.1786,8.1786,8.1786,8.1786,8.1786,8.1786,8.1786,8.1786,8.1786,8.1786,8.1786,8.1786,8.1786,8.1786,8.1786,8.1786,8.1786,8.1786,8.1786,8.1786,8.1786,8.1786,8.1786,8.1786,8.1786,8.1786,8.1786,8.1786,8.1786,8.1786,8.1786,8.1786,8.1786,8.1786,8.1786,8.1786,8.1786,8.1786,8.1786,8.1786,8.1786,8.1786,8.1786,8.1786,8.1786,8.1786,8.1786,8.1786,8.1786,8.1786,8.1786,8.1786,8.1786,8.1786,8.1786,8.1786,8.1786,8.1786,8.1786,8.1786,8.1786,8.1786,8.1786,8.1786,8.1786,8.1786,8.1786,8.1786,8.1786,8.1786,8.1786,8.1786,8.1786,8.1786,8.1786,8.1786,8.1786,8.1786,8.1786,8.1786,8.1786,8.1786,8.1786,8.1786,8.1786,8.1786,8.1786,8.1786,8.1786,8.1786,8.1786,8.1786,8.1786,8.1786,8.1786,8.1786,8.1786,8.1786,8.1786,8.1786,8.1786,8.1786,8.1786,8.1786,8.1786,8.1786,8.1786,8.1786,8.1786,8.1786,8.1786,8.1786,8.1786,8.1786,8.1786,8.1786,8.1786,8.1786,8.1786,8.1786,8.1786,8.1786,8.1786,8.1786,8.1786,8.1786,8.1786,8.1786,8.1786,8.1786,8.1786,8.1786,8.1786,8.1786,8.1786,8.1786,8.1786,8.1786,8.1786,8.1786,8.1786,8.1786,8.1786,8.1786,8.1786,8.1786,8.1786,8.1786,8.1786,8.1786,8.1786,8.1786,8.1786,8.1786,8.1786,8.1786,8.1786,8.1786,8.1786,8.1786,8.1786,8.1786,8.1786,8.1786,8.1786,8.1786,8.1786,8.1786,8.1786,8.1786,8.1786,8.1786,8.1786,8.1786,8.1786,8.1786,8.1786,8.1786,8.1786,8.1786,8.1786,8.1786,8.1786,8.1786,8.1786,8.1786,8.1786,8.1786,8.1786,8.1786,8.1786,8.1786,8.1786,8.1786,8.1786,8.1786,8.1786,8.1786,8.1786,8.1786,8.1786,8.1786,8.1786,8.1786,8.1786,8.1786,8.1786,8.1786,8.1786,8.1786,8.1786,8.1786,8.1786,8.1786,8.1786,8.1786,8.1786,8.1786,8.1786,8.1786,8.1786,8.1786,8.1786,8.1786,8.1786,8.1786,8.1786,8.1786,8.1786,8.1786,8.1786,8.1786,8.1786,8.1786,8.1786,8.1786,8.1786,8.1786,8.1786,8.1786,8.1786,8.1786,8.1786,8.1786,8.1786,8.1786,8.1786,8.1786,8.1786,8.1786,8.1786,8.1786,8.1786,8.1786,8.1786,8.1786,8.1786,8.1786,8.1786,8.1786,8.1786,8.1786,8.1786,8.1786,8.1786,8.1786,8.1786,8.1786,8.1786,8.1786,8.1786,8.1786,8.1786,8.1786,8.1786,8.1786,8.1786,8.1786,8.1786,8.1786,8.1786,8.1786,8.1786,8.1786,8.1786,8.1786,8.1786,8.1786,8.1786,8.1786,8.1786,8.1786,8.1786,8.1786,8.1786,8.1786,8.1786,8.1786,8.1786,8.1786,8.1786,8.1786,8.1786,8.1786,8.1786,8.1786,8.1786,8.1786,8.1786,8.1786,8.1786,8.1786,8.1786,8.1786,8.1786,8.1786,8.1786,8.1786,8.1786,8.1786,8.1786,8.1786,8.1786,8.1786,8.1786,8.1786,8.1786,8.1786,8.1786,8.1786,8.1786,8.1786,8.1786,8.1786,8.1786,8.1786,8.1786,8.1786,8.1786,8.1786,8.1786,8.1786,8.1786,8.1786,8.1786,8.1786,8.1786,8.1786,8.1786,8.1786,8.1786,8.1786,8.1786,8.1786,8.1786,8.1786,8.1786,8.1786,8.1786,8.1786,8.1786,8.1786,8.1786,8.1786,8.1786,8.1786,8.1786,8.1786,8.1786,8.1786,8.1786,8.1786,8.1786,8.1786,8.1786,8.1786,8.1786,8.1786,8.1786,8.1786,8.1786,8.1786,8.1786,8.1786,8.1786,8.1786,8.1786,8.1786,8.1786,8.1786,8.1786,8.1786,8.1786,8.1786,8.1786,8.1786,8.1786,8.1786,8.1786,8.1786,8.1786,8.1786,8.1786,8.1786,8.1786,8.1786,8.1786,8.1786,8.1786,8.1786,8.1786,8.1786,8.1786,8.1786,8.1786,8.1786,8.1786,8.1786,8.1786,8.1786,8.1786,8.1786,8.1786,8.1786,8.1786,8.1786,8.1786,8.1786,8.1786,8.1786,8.1786,8.1786,8.1786,8.1786,8.1786,8.1786,8.1786,8.1786,8.1786,8.1786,8.1786,8.1786,8.1786,8.1786,8.1786,8.1786,8.1786,8.1786,8.1786,8.1786,8.1786,8.1786,8.1786,8.1786,8.1786,8.1786,8.1786,8.1786,8.1786,8.1786,8.1786,8.1786,8.1786,8.1786,8.1786,8.1786,8.1786,8.1786,8.1786,8.1786,8.1786,8.1786,8.1786,8.1786,8.1786,8.1786,8.1786,8.1786,8.1786,8.1786,8.1786,8.1786,8.1786,8.1786,8.1786,8.1786,8.1786,8.1786,8.1786,8.1786
8.1719,8.1719,8.1719,8.1719,8.1719,8.1719,8.1719,8.1719,8.1719,8.1719,8.1719,8.1719,8.1719,8.1719,8.1719,8.1719,8.1719,8.1719,8.1719,8.1719,8.1719,8.1719,8.1719,8.1719,8.1719,8.1719,8.1719,8.1719,8.1719,8.1719,8.1719,8.1719,8.1719,8.1719,8.1719,8.1719,8.1719,8.1719,8.1719,8.1719,8.1719,8.1719,8.1719,8.1719,8.1719,8.1719,8.1719,8.1719,8.1719,8.1719,8.1719,8.1719,8.1719,8.1719,8.1719,8.1719,8.1719,8.1719,8.1719,8.1719,8.1719,8.1719,8.1719,8.1719,8.1719,8.1719,8.1719,8.1719,8.1719,8.1719,8.1719,8.1719,8.1719,8.1719,8.1719,8.1719,8.1719,8.1719,8.1719,8.1719,8.1719,8.1719,8.1719,8.1719,8.1719,8.1719,8.1719,8.1719,8.1719,8.1719,8.1719,8.1719,8.1719,8.1719,8.1719,8.1719,8.1719,8.1719,8.1719,8.1719,8.1719,8.1719,8.1719,8.1719,8.1719,8.1719,8.1719,8.1719,8.1719,8.1719,8.1719,8.1719,8.1719,8.1719,8.1719,8.1719,8.1719,8.1719,8.1719,8.1719,8.1719,8.1719,8.1719,8.1719,8.1719,8.1719,8.1719,8.1719,8.1719,8.1719,8.1719,8.1719,8.1719,8.1719,8.1719,8.1719,8.1719,8.1719,8.1719,8.1719,8.1719,8.1719,8.1719,8.1719,8.1719,8.1719,8.1719,8.1719,8.1719,8.1719,8.1719,8.1719,8.1719,8.1719,8.1719,8.1719,8.1719,8.1719,8.1719,8.1719,8.1719,8.1719,8.1719,8.1719,8.1719,8.1719,8.1719,8.1719,8.1719,8.1719,8.1719,8.1719,8.1719,8.1719,8.1719,8.1719,8.1719,8.1719,8.1719,8.1719,8.1719,8.1719,8.1719,8.1719,8.1719,8.1719,8.1719,8.1719,8.1719,8.1719,8.1719,8.1719,8.1719,8.1719,8.1719,8.1719,8.1719,8.1719,8.1719,8.1719,8.1719,8.1719,8.1719,8.1719,8.1719,8.1719,8.1719,8.1719,8.1719,8.1719,8.1719,8.1719,8.1719,8.1719,8.1719,8.1719,8.1719,8.1719,8.1719,8.1719,8.1719,8.1719,8.1719,8.1719,8.1719,8.1719,8.1719,8.1719,8.1719,8.1719,8.1719,8.1719,8.1719,8.1719,8.1719,8.1719,8.1719,8.1719,8.1719,8.1719,8.1719,8.1719,8.1719,8.1719,8.1719,8.1719,8.1719,8.1719,8.1719,8.1719,8.1719,8.1719,8.1719,8.1719,8.1719,8.1719,8.1719,8.1719,8.1719,8.1719,8.1719,8.1719,8.1719,8.1719,8.1719,8.1719,8.1719,8.1719,8.1719,8.1719,8.1719,8.1719,8.1719,8.1719,8.1719,8.1719,8.1719,8.1719,8.1719,8.1719,8.1719,8.1719,8.1719,8.1719,8.1719,8.1719,8.1719,8.1719,8.1719,8.1719,8.1719,8.1719,8.1719,8.1719,8.1719,8.1719,8.1719,8.1719,8.1719,8.1719,8.1719,8.1719,8.1719,8.1719,8.1719,8.1719,8.1719,8.1719,8.1719,8.1719,8.1719,8.1719,8.1719,8.1719,8.1719,8.1719,8.1719,8.1719,8.1719,8.1719,8.1719,8.1719,8.1719,8.1719,8.1719,8.1719,8.1719,8.1719,8.1719,8.1719,8.1719,8.1719,8.1719,8.1719,8.1719,8.1719,8.1719,8.1719,8.1719,8.1719,8.1719,8.1719,8.1719,8.1719,8.1719,8.1719,8.1719,8.1719,8.1719,8.1719,8.1719,8.1719,8.1719,8.1719,8.1719,8.1719,8.1719,8.1719,8.1719,8.1719,8.1719,8.1719,8.1719,8.1719,8.1719,8.1719,8.1719,8.1719,8.1719,8.1719,8.1719,8.1719,8.1719,8.1719,8.1719,8.1719,8.1719,8.1719,8.1719,8.1719,8.1719,8.1719,8.1719,8.1719,8.1719,8.1719,8.1719,8.1719,8.1719,8.1719,8.1719,8.1719,8.1719,8.1719,8.1719,8.1719,8.1719,8.1719,8.1719,8.1719,8.1719,8.1719,8.1719,8.1719,8.1719,8.1719,8.1719,8.1719,8.1719,8.1719,8.1719,8.1719,8.1719,8.1719,8.1719,8.1719,8.1719,8.1719,8.1719,8.1719,8.1719,8.1719,8.1719,8.1719,8.1719,8.1719,8.1719,8.1719,8.1719,8.1719,8.1719,8.1719,8.1719,8.1719,8.1719,8.1719,8.1719,8.1719,8.1719,8.1719,8.1719,8.1719,8.1719,8.1719,8.1719,8.1719,8.1719,8.1719,8.1719,8.1719,8.1719,8.1719,8.1719,8.1719,8.1719,8.1719,8.1719,8.1719,8.1719,8.1719,8.1719,8.1719,8.1719,8.1719,8.1719,8.1719,8.1719,8.1719,8.1719,8.1719,8.1719,8.1719,8.1719,8.1719,8.1719,8.1719,8.1719,8.1719,8.1719,8.1719,8.1719,8.1719,8.1719,8.1719,8.1719,8.1719,8.1719,8.1719,8.1719,8.1719,8.1719,8.1719,8.1719,8.1719,8.1719,8.1719,8.1719,8.1719,8.1719,8.1719,8.1719,8.1719,8.1719,8.1719,8.1719,8.1719,8.1719,8.1719,8.1719,8.1719,8.1719,8.1719,8.1719,8.1719,8.1719,8.1719,8.1719,8.1719,8.1719,8.1719,8.1719,8.1719,8.1719,8.1719,8.1719,8.1719,8.1719,8.1719,8.1719,8.1719,8.1719,8.1719,8.1719,8.1719,8.1719,8.1719,8.1719,8.1719,8.1719,8.1719,8.1719,8.1719,8.1719,8.1719,8.1719,8.1719,8.1719,8.1719,8.1719,8.1719,8.1719,8.1719,8.1719,8.1719,8.1719,8.1719,8.1719,8.1719,8.1719,8.1719,8.1719,8.1719,8.1719,8.1719,8.1719,8.1719,8.1719,8.1719,8.1719,8.1719,8.1719,8.1719,8.1719,8.1719,8.1719,8.1719,8.1719,8.1719,8.1719,8.1719,8.1719,8.1719,8.1719,8.1719,8.1719,8.1719,8.1719,8.1719,8.1719,8.1719,8.1719,8.1719,8.1719,8.1719,8.1719,8.1719,8.1719,8.1719,8.1719,8.1719,8.1719,8.1719,8.1719,8.1719,8.1719,8.1719,8.1719,8.1719,8.1719,8.1719,8.1719,8.1719,8.1719,8.1719,8.1719,8.1719,8.1719,8.1719,8.1719,8.1719,8.1719,8.1719,8.1719,8.1719,8.1719,8.1719,8.1719,8.1719,8.1719,8.1719,8.1719,8.1719,8.1719,8.1719,8.1719,8.1719,8.1719,8.1719,8.1719,8.1719,8.1719,8.1719,8.1719,8.1719,8.1719,8.1719,8.1719,8.1719,8.1719,8.1719,8.1719,8.1719,8.1719,8.1719,8.1719,8.1719,8.1719,8.1719,8.1719,8.1719,8.1719,8.1719,8.1719,8.1719,8.1719,8.1719,8.1719,8.1719,8.1719,8.1719,8.1719,8.1719,8.1719,8.1719,8.1719,8.1719,8.1719,8.1719,8.1719,8.1719,8.1719,8.1719,8.1719,8.1719,8.1719,8.1719,8.1719,8.1719,8.1719,8.1719,8.1719,8.1719,8.1719,8.1719,8.1719,8.1719,8.1719,8.1719,8.1719,8.1719,8.1719,8.1719,8.1719,8.1719,8.1719,8.1719,8.1719,8.1719,8.1719,8.1719,8.1719,8.1719,8.1719,8.1719,8.1719,8.1719,8.1719,8.1719,8.1719,8.1719,8.1719,8.1719,8.1719,8.1719,8.1719,8.1719,8.1719,8.1719,8.1719,8.1719,8.1719,8.1719,8.1719,8.1719,8.1719,8.1719,8.1719,8.1719,8.1719,8.1719,8.1719,8.1719,8.1719,8.1719,8.1719,8.1719,8.1719,8.1719,8.1719,8.1719,8.1719,8.1719,8.1719,8.1719,8.1719,8.1719,8.1719,8.1719,8.1719,8.1719,8.1719,8.1719,8.1719,8.1719,8.1719,8.1719,8.1719,8.1719,8.1719,8.1719,8.1719,8.1719,8.1719,8.1719,8.1719,8.1719,8.1719,8.1719,8.1719,8.1719,8.1719,8.1719,8.1719,8.1719,8.1719,8.1719,8.1719,8.1719,8.1719,8.1719,8.1719,8.1719,8.1719,8.1719,8.1719,8.1719,8.1719,8.1719,8.1719,8.1719,8.1719,8.1719,8.1719,8.1719,8.1719,8.1719,8.1719,8.1719,8.1719,8.1719,8.1719,8.1719,8.1719,8.1719,8.1719,8.1719,8.1719,8.1719,8.1719,8.1719,8.1719,8.1719,8.1719,8.1719,8.1719,8.1719,8.1719,8.1719,8.1719,8.1719,8.1719,8.1719,8.1719,8.1719,8.1719,8.1719,8.1719,8.1719,8.1719,8.1719,8.1719,8.1719,8.1719,8.1719,8.1719,8.1719,8.1719,8.1719,8.1719,8.1719,8.1719,8.1719,8.1719,8.1719,8.1719,8.1719,8.1719,8.1719,8.1719,8.1719,8.1719,8.1719,8.1719,8.1719,8.1719,8.1719,8.1719,8.1719,8.1719,8.1719,8.1719,8.1719,8.1719,8.1719,8.1719,8.1719,8.1719,8.1719,8.1719,8.1719,8.1719,8.1719,8.1719,8.1719,8.1719,8.1719,8.1719,8.1719,8.1719,8.1719,8.1719,8.1719,8.1719,8.1719,8.1719,8.1719,8.1719,8.1719,8.1719,8.1719,8.1719,8.1719,8.1719,8.1719,8.1719,8.1719,8.1719,8.1719,8.1719,8.1719,8.1719,8.1719,8.1719,8.1719,8.1719,8.1719,8.1719,8.1719,8.1719,8.1719,8.1719,8.1719,8.1719,8.1719,8.1719,8.1719,8.1719,8.1719,8.1719,8.1719,8.1719,8.1719,8.1719,8.1719,8.1719,8.1719,8.1719,8.1719,8.1719,8.1719,8.1719,8.1719,8.1719,8.1719,8.1719,8.1719,8.1719,8.1719,8.1719,8.1719,8.1719,8.1719,8.1719,8.1719,8.1719,8.1719,8.1719,8.1719,8.1719,8.1719
8.1643,8.1643,8.1643,8.1643,8.1643,8.1643,8.1643,8.1643,8.1643,8.1643,8.1643,8.1643,8.1643,8.1643,8.1643,8.1643,8.1643,8.1643,8.1643,8.1643,8.1643,8.1643,8.1643,8.1643,8.1643,8.1643,8.1643,8.1643,8.1643,8.1643,8.1643,8.1643,8.1643,8.1643,8.1643,8.1643,8.1643,8.1643,8.1643,8.1643,8.1643,8.1643,8.1643,8.1643,8.1643,8.1643,8.1643,8.1643,8.1643,8.1643,8.1643,8.1643,8.1643,8.1643,8.1643,8.1643,8.1643,8.1643,8.1643,8.1643,8.1643,8.1643,8.1643,8.1643,8.1643,8.1643,8.1643,8.1643,8.1643,8.1643,8.1643,8.1643,8.1643,8.1643,8.1643,8.1643,8.1643,8.1643,8.1643,8.1643,8.1643,8.1643,8.1643,8.1643,8.1643,8.1643,8.1643,8.1643,8.1643,8.1643,8.1643,8.1643,8.1643,8.1643,8.1643,8.1643,8.1643,8.1643,8.1643,8.1643,8.1643,8.1643,8.1643,8.1643,8.1643,8.1643,8.1643,8.1643,8.1643,8.1643,8.1643,8.1643,8.1643,8.1643,8.1643,8.1643,8.1643,8.1643,8.1643,8.1643,8.1643,8.1643,8.1643,8.1643,8.1643,8.1643,8.1643,8.1643,8.1643,8.1643,8.1643,8.1643,8.1643,8.1643,8.1643,8.1643,8.1643,8.1643,8.1643,8.1643,8.1643,8.1643,8.1643,8.1643,8.1643,8.1643,8.1643,8.1643,8.1643,8.1643,8.1643,8.1643,8.1643,8.1643,8.1643,8.1643,8.1643,8.1643,8.1643,8.1643,8.1643,8.1643,8.1643,8.1643,8.1643,8.1643,8.1643,8.1643,8.1643,8.1643,8.1643,8.1643,8.1643,8.1643,8.1643,8.1643,8.1643,8.1643,8.1643,8.1643,8.1643,8.1643,8.1643,8.1643,8.1643,8.1643,8.1643,8.1643,8.1643,8.1643,8.1643,8.1643,8.1643,8.1643,8.1643,8.1643,8.1643,8.1643,8.1643,8.1643,8.1643,8.1643,8.1643,8.1643,8.1643,8.1643,8.1643,8.1643,8.1643,8.1643,8.1643,8.1643,8.1643,8.1643,8.1643,8.1643,8.1643,8.1643,8.1643,8.1643,8.1643,8.1643,8.1643,8.1643,8.1643,8.1643,8.1643,8.1643,8.1643,8.1643,8.1643,8.1643,8.1643,8.1643,8.1643,8.1643,8.1643,8.1643,8.1643,8.1643,8.1643,8.1643,8.1643,8.1643,8.1643,8.1643,8.1643,8.1643,8.1643,8.1643,8.1643,8.1643,8.1643,8.1643,8.1643,8.1643,8.1643,8.1643,8.1643,8.1643,8.1643,8.1643,8.1643,8.1643,8.1643,8.1643,8.1643,8.1643,8.1643,8.1643,8.1643,8.1643,8.1643,8.1643,8.1643,8.1643,8.1643,8.1643,8.1643,8.1643,8.1643,8.1643,8.1643,8.1643,8.1643,8.1643,8.1643,8.1643,8.1643,8.1643,8.1643,8.1643,8.1643,8.1643,8.1643,8.1643,8.1643,8.1643,8.1643,8.1643,8.1643,8.1643,8.1643,8.1643,8.1643,8.1643,8.1643,8.1643,8.1643,8.1643,8.1643,8.1643,8.1643,8.1643,8.1643,8.1643,8.1643,8.1643,8.1643,8.1643,8.1643,8.1643,8.1643,8.1643,8.1643,8.1643,8.1643,8.1643,8.1643,8.1643,8.1643,8.1643,8.1643,8.1643,8.1643,8.1643,8.1643,8.1643,8.1643,8.1643,8.1643,8.1643,8.1643,8.1643,8.1643,8.1643,8.1643,8.1643,8.1643,8.1643,8.1643,8.1643,8.1643,8.1643,8.1643,8.1643,8.1643,8.1643,8.1643,8.1643,8.1643,8.1643,8.1643,8.1643,8.1643,8.1643,8.1643,8.1643,8.1643,8.1643,8.1643,8.1643,8.1643,8.1643,8.1643,8.1643,8.1643,8.1643,8.1643,8.1643,8.1643,8.1643,8.1643,8.1643,8.1643,8.1643,8.1643,8.1643,8.1643,8.1643,8.1643,8.1643,8.1643,8.1643,8.1643,8.1643,8.1643,8.1643,8.1643,8.1643,8.1643,8.1643,8.1643,8.1643,8.1643,8.1643,8.1643,8.1643,8.1643,8.1643,8.1643,8.1643,8.1643,8.1643,8.1643,8.1643,8.1643,8.1643,8.1643,8.1643,8.1643,8.1643,8.1643,8.1643,8.1643,8.1643,8.1643,8.1643,8.1643,8.1643,8.1643,8.1643,8.1643,8.1643,8.1643,8.1643,8.1643,8.1643,8.1643,8.1643,8.1643,8.1643,8.1643,8.1643,8.1643,8.1643,8.1643,8.1643,8.1643,8.1643,8.1643,8.1643,8.1643,8.1643,8.1643,8.1643,8.1643,8.1643,8.1643,8.1643,8.1643,8.1643,8.1643,8.1643,8.1643,8.1643,8.1643,8.1643,8.1643,8.1643,8.1643,8.1643,8.1643,8.1643,8.1643,8.1643,8.1643,8.1643,8.1643,8.1643,8.1643,8.1643,8.1643,8.1643,8.1643,8.1643,8.1643,8.1643,8.1643,8.1643,8.1643,8.1643,8.1643,8.1643,8.1643,8.1643,8.1643,8.1643,8.1643,8.1643,8.1643,8.1643,8.1643,8.1643,8.1643,8.1643,8.1643,8.1643,8.1643,8.1643,8.1643,8.1643,8.1643,8.1643,8.1643,8.1643,8.1643,8.1643,8.1643,8.1643,8.1643,8.1643,8.1643,8.1643,8.1643,8.1643,8.1643,8.1643,8.1643,8.1643,8.1643,8.1643,8.1643,8.1643,8.1643,8.1643,8.1643,8.1643,8.1643,8.1643,8.1643,8.1643,8.1643,8.1643,8.1643,8.1643,8.1643,8.1643,8.1643,8.1643,8.1643,8.1643,8.1643,8.1643,8.1643,8.1643,8.1643,8.1643,8.1643,8.1643,8.1643,8.1643,8.1643,8.1643,8.1643,8.1643,8.1643,8.1643,8.1643,8.1643,8.1643,8.1643,8.1643,8.1643,8.1643,8.1643,8.1643,8.1643,8.1643,8.1643,8.1643,8.1643,8.1643,8.1643,8.1643,8.1643,8.1643,8.1643,8.1643,8.1643,8.1643,8.1643,8.1643,8.1643,8.1643,8.1643,8.1643,8.1643,8.1643,8.1643,8.1643,8.1643,8.1643,8.1643,8.1643,8.1643,8.1643,8.1643,8.1643,8.1643,8.1643,8.1643,8.1643,8.1643,8.1643,8.1643,8.1643,8.1643,8.1643,8.1643,8.1643,8.1643,8.1643,8.1643,8.1643,8.1643,8.1643,8.1643,8.1643,8.1643,8.1643,8.1643,8.1643,8.1643,8.1643,8.1643,8.1643,8.1643,8.1643,8.1643,8.1643,8.1643,8.1643,8.1643,8.1643,8.1643,8.1643,8.1643,8.1643,8.1643,8.1643,8.1643,8.1643,8.1643,8.1643,8.1643,8.1643,8.1643,8.1643,8.1643,8.1643,8.1643,8.1643,8.1643,8.1643,8.1643,8.1643,8.1643,8.1643,8.1643,8.1643,8.1643,8.1643,8.1643,8.1643,8.1643,8.1643,8.1643,8.1643,8.1643,8.1643,8.1643,8.1643,8.1643,8.1643,8.1643,8.1643,8.1643,8.1643,8.1643,8.1643,8.1643,8.1643,8.1643,8.1643,8.1643,8.1643,8.1643,8.1643,8.1643,8.1643,8.1643,8.1643,8.1643,8.1643,8.1643,8.1643,8.1643,8.1643,8.1643,8.1643,8.1643,8.1643,8.1643,8.1643,8.1643,8.1643,8.1643,8.1643,8.1643,8.1643,8.1643,8.1643,8.1643,8.1643,8.1643,8.1643,8.1643,8.1643,8.1643,8.1643,8.1643,8.1643,8.1643,8.1643,8.1643,8.1643,8.1643,8.1643,8.1643,8.1643,8.1643,8.1643,8.1643,8.1643,8.1643,8.1643,8.1643,8.1643,8.1643,8.1643,8.1643,8.1643,8.1643,8.1643,8.1643,8.1643,8.1643,8.1643,8.1643,8.1643,8.1643,8.1643,8.1643,8.1643,8.1643,8.1643,8.1643,8.1643,8.1643,8.1643,8.1643,8.1643,8.1643,8.1643,8.1643,8.1643,8.1643,8.1643,8.1643,8.1643,8.1643,8.1643,8.1643,8.1643,8.1643,8.1643,8.1643,8.1643,8.1643,8.1643,8.1643,8.1643,8.1643,8.1643,8.1643,8.1643,8.1643,8.1643,8.1643,8.1643,8.1643,8.1643,8.1643,8.1643,8.1643,8.1643,8.1643,8.1643,8.1643,8.1643,8.1643,8.1643,8.1643,8.1643,8.1643,8.1643,8.1643,8.1643,8.1643,8.1643,8.1643,8.1643,8.1643,8.1643,8.1643,8.1643,8.1643,8.1643,8.1643,8.1643,8.1643,8.1643,8.1643,8.1643,8.1643,8.1643,8.1643,8.1643,8.1643,8.1643,8.1643,8.1643,8.1643,8.1643,8.1643,8.1643,8.1643,8.1643,8.1643,8.1643,8.1643,8.1643,8.1643,8.1643,8.1643,8.1643,8.1643,8.1643,8.1643,8.1643,8.1643,8.1643,8.1643,8.1643,8.1643,8.1643,8.1643,8.1643,8.1643,8.1643,8.1643,8.1643,8.1643,8.1643,8.1643,8.1643,8.1643,8.1643,8.1643,8.1643,8.1643,8.1643,8.1643,8.1643,8.1643,8.1643,8.1643,8.1643,8.1643,8.1643,8.1643,8.1643,8.1643,8.1643,8.1643,8.1643,8.1643,8.1643,8.1643,8.1643,8.1643,8.1643,8.1643,8.1643,8.1643,8.1643,8.1643,8.1643,8.1643,8.1643,8.1643,8.1643,8.1643,8.1643,8.1643,8.1643,8.1643,8.1643,8.1643,8.1643,8.1643,8.1643,8.1643,8.1643,8.1643,8.1643,8.1643,8.1643,8.1643,8.1643,8.1643,8.1643,8.1643,8.1643,8.1643,8.1643,8.1643,8.1643,8.1643,8.1643,8.1643,8.1643,8.1643,8.1643,8.1643,8.1643,8.1643,8.1643,8.1643,8.1643,8.1643,8.1643,8.1643,8.1643,8.1643,8.1643,8.1643,8.1643,8.1643
8.1572,8.1572,8.1572,8.1572,8.1572,8.1572,8.1572,8.1572,8.1572,8.1572,8.1572,8.1572,8.1572,8.1572,8.1572,8.1572,8.1572,8.1572,8.1572,8.1572,8.1572,8.1572,8.1572,8.1572,8.1572,8.1572,8.1572,8.1572,8.1572,8.1572,8.1572,8.1572,8.1572,8.1572,8.1572,8.1572,8.1572,8.1572,8.1572,8.1572,8.1572,8.1572,8.1572,8.1572,8.1572,8.1572,8.1572,8.1572,8.1572,8.1572,8.1572,8.1572,8.1572,8.1572,8.1572,8.1572,8.1572,8.1572,8.1572,8.1572,8.1572,8.1572,8.1572,8.1572,8.1572,8.1572,8.1572,8.1572,8.1572,8.1572,8.1572,8.1572,8.1572,8.1572,8.1572,8.1572,8.1572,8.1572,8.1572,8.1572,8.1572,8.1572,8.1572,8.1572,8.1572,8.1572,8.1572,8.1572,8.1572,8.1572,8.1572,8.1572,8.1572,8.1572,8.1572,8.1572,8.1572,8.1572,8.1572,8.1572,8.1572,8.1572,8.1572,8.1572,8.1572,8.1572,8.1572,8.1572,8.1572,8.1572,8.1572,8.1572,8.1572,8.1572,8.1572,8.1572,8.1572,8.1572,8.1572,8.1572,8.1572,8.1572,8.1572,8.1572,8.1572,8.1572,8.1572,8.1572,8.1572,8.1572,8.1572,8.1572,8.1572,8.1572,8.1572,8.1572,8.1572,8.1572,8.1572,8.1572,8.1572,8.1572,8.1572,8.1572,8.1572,8.1572,8.1572,8.1572,8.1572,8.1572,8.1572,8.1572,8.1572,8.1572,8.1572,8.1572,8.1572,8.1572,8.1572,8.1572,8.1572,8.1572,8.1572,8.1572,8.1572,8.1572,8.1572,8.1572,8.1572,8.1572,8.1572,8.1572,8.1572,8.1572,8.1572,8.1572,8.1572,8.1572,8.1572,8.1572,8.1572,8.1572,8.1572,8.1572,8.1572,8.1572,8.1572,8.1572,8.1572,8.1572,8.1572,8.1572,8.1572,8.1572,8.1572,8.1572,8.1572,8.1572,8.1572,8.1572,8.1572,8.1572,8.1572,8.1572,8.1572,8.1572,8.1572,8.1572,8.1572,8.1572,8.1572,8.1572,8.1572,8.1572,8.1572,8.1572,8.1572,8.1572,8.1572,8.1572,8.1572,8.1572,8.1572,8.1572,8.1572,8.1572,8.1572,8.1572,8.1572,8.1572,8.1572,8.1572,8.1572,8.1572,8.1572,8.1572,8.1572,8.1572,8.1572,8.1572,8.1572,8.1572,8.1572,8.1572,8.1572,8.1572,8.1572,8.1572,8.1572,8.1572,8.1572,8.1572,8.1572,8.1572,8.1572,8.1572,8.1572,8.1572,8.1572,8.1572,8.1572,8.1572,8.1572,8.1572,8.1572,8.1572,8.1572,8.1572,8.1572,8.1572,8.1572,8.1572,8.1572,8.1572,8.1572,8.1572,8.1572,8.1572,8.1572,8.1572,8.1572,8.1572,8.1572,8.1572,8.1572,8.1572,8.1572,8.1572,8.1572,8.1572,8.1572,8.1572,8.1572,8.1572,8.1572,8.1572,8.1572,8.1572,8.1572,8.1572,8.1572,8.1572,8.1572,8.1572,8.1572,8.1572,8.1572,8.1572,8.1572,8.1572,8.1572,8.1572,8.1572,8.1572,8.1572,8.1572,8.1572,8.1572,8.1572,8.1572,8.1572,8.1572,8.1572,8.1572,8.1572,8.1572,8.1572,8.1572,8.1572,8.1572,8.1572,8.1572,8.1572,8.1572,8.1572,8.1572,8.1572,8.1572,8.1572,8.1572,8.1572,8.1572,8.1572,8.1572,8.1572,8.1572,8.1572,8.1572,8.1572,8.1572,8.1572,8.1572,8.1572,8.1572,8.1572,8.1572,8.1572,8.1572,8.1572,8.1572,8.1572,8.1572,8.1572,8.1572,8.1572,8.1572,8.1572,8.1572,8.1572,8.1572,8.1572,8.1572,8.1572,8.1572,8.1572,8.1572,8.1572,8.1572,8.1572,8.1572,8.1572,8.1572,8.1572,8.1572,8.1572,8.1572,8.1572,8.1572,8.1572,8.1572,8.1572,8.1572,8.1572,8.1572,8.1572,8.1572,8.1572,8.1572,8.1572,8.1572,8.1572,8.1572,8.1572,8.1572,8.1572,8.1572,8.1572,8.1572,8.1572,8.1572,8.1572,8.1572,8.1572,8.1572,8.1572,8.1572,8.1572,8.1572,8.1572,8.1572,8.1572,8.1572,8.1572,8.1572,8.1572,8.1572,8.1572,8.1572,8.1572,8.1572,8.1572,8.1572,8.1572,8.1572,8.1572,8.1572,8.1572,8.1572,8.1572,8.1572,8.1572,8.1572,8.1572,8.1572,8.1572,8.1572,8.1572,8.1572,8.1572,8.1572,8.1572,8.1572,8.1572,8.1572,8.1572,8.1572,8.1572,8.1572,8.1572,8.1572,8.1572,8.1572,8.1572,8.1572,8.1572,8.1572,8.1572,8.1572,8.1572,8.1572,8.1572,8.1572,8.1572,8.1572,8.1572,8.1572,8.1572,8.1572,8.1572,8.1572,8.1572,8.1572,8.1572,8.1572,8.1572,8.1572,8.1572,8.1572,8.1572,8.1572,8.1572,8.1572,8.1572,8.1572,8.1572,8.1572,8.1572,8.1572,8.1572,8.1572,8.1572,8.1572,8.1572,8.1572,8.1572,8.1572,8.1572,8.1572,8.1572,8.1572,8.1572,8.1572,8.1572,8.1572,8.1572,8.1572,8.1572,8.1572,8.1572,8.1572,8.1572,8.1572,8.1572,8.1572,8.1572,8.1572,8.1572,8.1572,8.1572,8.1572,8.1572,8.1572,8.1572,8.1572,8.1572,8.1572,8.1572,8.1572,8.1572,8.1572,8.1572,8.1572,8.1572,8.1572,8.1572,8.1572,8.1572,8.1572,8.1572,8.1572,8.1572,8.1572,8.1572,8.1572,8.1572,8.1572,8.1572,8.1572,8.1572,8.1572,8.1572,8.1572,8.1572,8.1572,8.1572,8.1572,8.1572,8.1572,8.1572,8.1572,8.1572,8.1572,8.1572,8.1572,8.1572,8.1572,8.1572,8.1572,8.1572,8.1572,8.1572,8.1572,8.1572,8.1572,8.1572,8.1572,8.1572,8.1572,8.1572,8.1572,8.1572,8.1572,8.1572,8.1572,8.1572,8.1572,8.1572,8.1572,8.1572,8.1572,8.1572,8.1572,8.1572,8.1572,8.1572,8.1572,8.1572,8.1572,8.1572,8.1572,8.1572,8.1572,8.1572,8.1572,8.1572,8.1572,8.1572,8.1572,8.1572,8.1572,8.1572,8.1572,8.1572,8.1572,8.1572,8.1572,8.1572,8.1572,8.1572,8.1572,8.1572,8.1572,8.1572,8.1572,8.1572,8.1572,8.1572,8.1572,8.1572,8.1572,8.1572,8.1572,8.1572,8.1572,8.1572,8.1572,8.1572,8.1572,8.1572,8.1572,8.1572,8.1572,8.1572,8.1572,8.1572,8.1572,8.1572,8.1572,8.1572,8.1572,8.1572,8.1572,8.1572,8.1572,8.1572,8.1572,8.1572,8.1572,8.1572,8.1572,8.1572,8.1572,8.1572,8.1572,8.1572,8.1572,8.1572,8.1572,8.1572,8.1572,8.1572,8.1572,8.1572,8.1572,8.1572,8.1572,8.1572,8.1572,8.1572,8.1572,8.1572,8.1572,8.1572,8.1572,8.1572,8.1572,8.1572,8.1572,8.1572,8.1572,8.1572,8.1572,8.1572,8.1572,8.1572,8.1572,8.1572,8.1572,8.1572,8.1572,8.1572,8.1572,8.1572,8.1572,8.1572,8.1572,8.1572,8.1572,8.1572,8.1572,8.1572,8.1572,8.1572,8.1572,8.1572,8.1572,8.1572,8.1572,8.1572,8.1572,8.1572,8.1572,8.1572,8.1572,8.1572,8.1572,8.1572,8.1572,8.1572,8.1572,8.1572,8.1572,8.1572,8.1572,8.1572,8.1572,8.1572,8.1572,8.1572,8.1572,8.1572,8.1572,8.1572,8.1572,8.1572,8.1572,8.1572,8.1572,8.1572,8.1572,8.1572,8.1572,8.1572,8.1572,8.1572,8.1572,8.1572,8.1572,8.1572,8.1572,8.1572,8.1572,8.1572,8.1572,8.1572,8.1572,8.1572,8.1572,8.1572,8.1572,8.1572,8.1572,8.1572,8.1572,8.1572,8.1572,8.1572,8.1572,8.1572,8.1572,8.1572,8.1572,8.1572,8.1572,8.1572,8.1572,8.1572,8.1572,8.1572,8.1572,8.1572,8.1572,8.1572,8.1572,8.1572,8.1572,8.1572,8.1572,8.1572,8.1572,8.1572,8.1572,8.1572,8.1572,8.1572,8.1572,8.1572,8.1572,8.1572,8.1572,8.1572,8.1572,8.1572,8.1572,8.1572,8.1572,8.1572,8.1572,8.1572,8.1572,8.1572,8.1572,8.1572,8.1572,8.1572,8.1572,8.1572,8.1572,8.1572,8.1572,8.1572,8.1572,8.1572,8.1572,8.1572,8.1572,8.1572,8.1572,8.1572,8.1572,8.1572,8.1572,8.1572,8.1572,8.1572,8.1572,8.1572,8.1572,8.1572,8.1572,8.1572,8.1572,8.1572,8.1572,8.1572,8.1572,8.1572,8.1572,8.1572,8.1572,8.1572,8.1572,8.1572,8.1572,8.1572,8.1572,8.1572,8.1572,8.1572,8.1572,8.1572,8.1572,8.1572,8.1572,8.1572,8.1572,8.1572,8.1572,8.1572,8.1572,8.1572,8.1572,8.1572,8.1572,8.1572,8.1572,8.1572,8.1572,8.1572,8.1572,8.1572,8.1572,8.1572,8.1572,8.1572,8.1572,8.1572,8.1572,8.1572,8.1572,8.1572,8.1572,8.1572,8.1572,8.1572,8.1572,8.1572,8.1572,8.1572,8.1572,8.1572,8.1572,8.1572,8.1572,8.1572,8.1572,8.1572,8.1572,8.1572,8.1572,8.1572,8.1572,8.1572,8.1572,8.1572,8.1572,8.1572,8.1572,8.1572,8.1572,8.1572,8.1572,8.1572,8.1572,8.1572,8.1572,8.1572,8.1572,8.1572,8.1572,8.1572,8.1572,8.1572,8.1572,8.1572,8.1572,8.1572,8.1572,8.1572,8.1572
8.1489,8.1489,8.1489,8.1489,8.1489,8.1489,8.1489,8.1489,8.1489,8.1489,8.1489,8.1489,8.1489,8.1489,8.1489,8.1489,8.1489,8.1489,8.1489,8.1489,8.1489,8.1489,8.1489,8.1489,8.1489,8.1489,8.1489,8.1489,8.1489,8.1489,8.1489,8.1489,8.1489,8.1489,8.1489,8.1489,8.1489,8.1489,8.1489,8.1489,8.1489,8.1489,8.1489,8.1489,8.1489,8.1489,8.1489,8.1489,8.1489,8.1489,8.1489,8.1489,8.1489,8.1489,8.1489,8.1489,8.1489,8.1489,8.1489,8.1489,8.1489,8.1489,8.1489,8.1489,8.1489,8.1489,8.1489,8.1489,8.1489,8.1489,8.1489,8.1489,8.1489,8.1489,8.1489,8.1489,8.1489,8.1489,8.1489,8.1489,8.1489,8.1489,8.1489,8.1489,8.1489,8.1489,8.1489,8.1489,8.1489,8.1489,8.1489,8.1489,8.1489,8.1489,8.1489,8.1489,8.1489,8.1489,8.1489,8.1489,8.1489,8.1489,8.1489,8.1489,8.1489,8.1489,8.1489,8.1489,8.1489,8.1489,8.1489,8.1489,8.1489,8.1489,8.1489,8.1489,8.1489,8.1489,8.1489,8.1489,8.1489,8.1489,8.1489,8.1489,8.1489,8.1489,8.1489,8.1489,8.1489,8.1489,8.1489,8.1489,8.1489,8.1489,8.1489,8.1489,8.1489,8.1489,8.1489,8.1489,8.1489,8.1489,8.1489,8.1489,8.1489,8.1489,8.1489,8.1489,8.1489,8.1489,8.1489,8.1489,8.1489,8.1489,8.1489,8.1489,8.1489,8.1489,8.1489,8.1489,8.1489,8.1489,8.1489,8.1489,8.1489,8.1489,8.1489,8.1489,8.1489,8.1489,8.1489,8.1489,8.1489,8.1489,8.1489,8.1489,8.1489,8.1489,8.1489,8.1489,8.1489,8.1489,8.1489,8.1489,8.1489,8.1489,8.1489,8.1489,8.1489,8.1489,8.1489,8.1489,8.1489,8.1489,8.1489,8.1489,8.1489,8.1489,8.1489,8.1489,8.1489,8.1489,8.1489,8.1489,8.1489,8.1489,8.1489,8.1489,8.1489,8.1489,8.1489,8.1489,8.1489,8.1489,8.1489,8.1489,8.1489,8.1489,8.1489,8.1489,8.1489,8.1489,8.1489,8.1489,8.1489,8.1489,8.1489,8.1489,8.1489,8.1489,8.1489,8.1489,8.1489,8.1489,8.1489,8.1489,8.1489,8.1489,8.1489,8.1489,8.1489,8.1489,8.1489,8.1489,8.1489,8.1489,8.1489,8.1489,8.1489,8.1489,8.1489,8.1489,8.1489,8.1489,8.1489,8.1489,8.1489,8.1489,8.1489,8.1489,8.1489,8.1489,8.1489,8.1489,8.1489,8.1489,8.1489,8.1489,8.1489,8.1489,8.1489,8.1489,8.1489,8.1489,8.1489,8.1489,8.1489,8.1489,8.1489,8.1489,8.1489,8.1489,8.1489,8.1489,8.1489,8.1489,8.1489,8.1489,8.1489,8.1489,8.1489,8.1489,8.1489,8.1489,8.1489,8.1489,8.1489,8.1489,8.1489,8.1489,8.1489,8.1489,8.1489,8.1489,8.1489,8.1489,8.1489,8.1489,8.1489,8.1489,8.1489,8.1489,8.1489,8.1489,8.1489,8.1489,8.1489,8.1489,8.1489,8.1489,8.1489,8.1489,8.1489,8.1489,8.1489,8.1489,8.1489,8.1489,8.1489,8.1489,8.1489,8.1489,8.1489,8.1489,8.1489,8.1489,8.1489,8.1489,8.1489,8.1489,8.1489,8.1489,8.1489,8.1489,8.1489,8.1489,8.1489,8.1489,8.1489,8.1489,8.1489,8.1489,8.1489,8.1489,8.1489,8.1489,8.1489,8.1489,8.1489,8.1489,8.1489,8.1489,8.1489,8.1489,8.1489,8.1489,8.1489,8.1489,8.1489,8.1489,8.1489,8.1489,8.1489,8.1489,8.1489,8.1489,8.1489,8.1489,8.1489,8.1489,8.1489,8.1489,8.1489,8.1489,8.1489,8.1489,8.1489,8.1489,8.1489,8.1489,8.1489,8.1489,8.1489,8.1489,8.1489,8.1489,8.1489,8.1489,8.1489,8.1489,8.1489,8.1489,8.1489,8.1489,8.1489,8.1489,8.1489,8.1489,8.1489,8.1489,8.1489,8.1489,8.1489,8.1489,8.1489,8.1489,8.1489,8.1489,8.1489,8.1489,8.1489,8.1489,8.1489,8.1489,8.1489,8.1489,8.1489,8.1489,8.1489,8.1489,8.1489,8.1489,8.1489,8.1489,8.1489,8.1489,8.1489,8.1489,8.1489,8.1489,8.1489,8.1489,8.1489,8.1489,8.1489,8.1489,8.1489,8.1489,8.1489,8.1489,8.1489,8.1489,8.1489,8.1489,8.1489,8.1489,8.1489,8.1489,8.1489,8.1489,8.1489,8.1489,8.1489,8.1489,8.1489,8.1489,8.1489,8.1489,8.1489,8.1489,8.1489,8.1489,8.1489,8.1489,8.1489,8.1489,8.1489,8.1489,8.1489,8.1489,8.1489,8.1489,8.1489,8.1489,8.1489,8.1489,8.1489,8.1489,8.1489,8.1489,8.1489,8.1489,8.1489,8.1489,8.1489,8.1489,8.1489,8.1489,8.1489,8.1489,8.1489,8.1489,8.1489,8.1489,8.1489,8.1489,8.1489,8.1489,8.1489,8.1489,8.1489,8.1489,8.1489,8.1489,8.1489,8.1489,8.1489,8.1489,8.1489,8.1489,8.1489,8.1489,8.1489,8.1489,8.1489,8.1489,8.1489,8.1489,8.1489,8.1489,8.1489,8.1489,8.1489,8.1489,8.1489,8.1489,8.1489,8.1489,8.1489,8.1489,8.1489,8.1489,8.1489,8.1489,8.1489,8.1489,8.1489,8.1489,8.1489,8.1489,8.1489,8.1489,8.1489,8.1489,8.1489,8.1489,8.1489,8.1489,8.1489,8.1489,8.1489,8.1489,8.1489,8.1489,8.1489,8.1489,8.1489,8.1489,8.1489,8.1489,8.1489,8.1489,8.1489,8.1489,8.1489,8.1489,8.1489,8.1489,8.1489,8.1489,8.1489,8.1489,8.1489,8.1489,8.1489,8.1489,8.1489,8.1489,8.1489,8.1489,8.1489,8.1489,8.1489,8.1489,8.1489,8.1489,8.1489,8.1489,8.1489,8.1489,8.1489,8.1489,8.1489,8.1489,8.1489,8.1489,8.1489,8.1489,8.1489,8.1489,8.1489,8.1489,8.1489,8.1489,8.1489,8.1489,8.1489,8.1489,8.1489,8.1489,8.1489,8.1489,8.1489,8.1489,8.1489,8.1489,8.1489,8.1489,8.1489,8.1489,8.1489,8.1489,8.1489,8.1489,8.1489,8.1489,8.1489,8.1489,8.1489,8.1489,8.1489,8.1489,8.1489,8.1489,8.1489,8.1489,8.1489,8.1489,8.1489,8.1489,8.1489,8.1489,8.1489,8.1489,8.1489,8.1489,8.1489,8.1489,8.1489,8.1489,8.1489,8.1489,8.1489,8.1489,8.1489,8.1489,8.1489,8.1489,8.1489,8.1489,8.1489,8.1489,8.1489,8.1489,8.1489,8.1489,8.1489,8.1489,8.1489,8.1489,8.1489,8.1489,8.1489,8.1489,8.1489,8.1489,8.1489,8.1489,8.1489,8.1489,8.1489,8.1489,8.1489,8.1489,8.1489,8.1489,8.1489,8.1489,8.1489,8.1489,8.1489,8.1489,8.1489,8.1489,8.1489,8.1489,8.1489,8.1489,8.1489,8.1489,8.1489,8.1489,8.1489,8.1489,8.1489,8.1489,8.1489,8.1489,8.1489,8.1489,8.1489,8.1489,8.1489,8.1489,8.1489,8.1489,8.1489,8.1489,8.1489,8.1489,8.1489,8.1489,8.1489,8.1489,8.1489,8.1489,8.1489,8.1489,8.1489,8.1489,8.1489,8.1489,8.1489,8.1489,8.1489,8.1489,8.1489,8.1489,8.1489,8.1489,8.1489,8.1489,8.1489,8.1489,8.1489,8.1489,8.1489,8.1489,8.1489,8.1489,8.1489,8.1489,8.1489,8.1489,8.1489,8.1489,8.1489,8.1489,8.1489,8.1489,8.1489,8.1489,8.1489,8.1489,8.1489,8.1489,8.1489,8.1489,8.1489,8.1489,8.1489,8.1489,8.1489,8.1489,8.1489,8.1489,8.1489,8.1489,8.1489,8.1489,8.1489,8.1489,8.1489,8.1489,8.1489,8.1489,8.1489,8.1489,8.1489,8.1489,8.1489,8.1489,8.1489,8.1489,8.1489,8.1489,8.1489,8.1489,8.1489,8.1489,8.1489,8.1489,8.1489,8.1489,8.1489,8.1489,8.1489,8.1489,8.1489,8.1489,8.1489,8.1489,8.1489,8.1489,8.1489,8.1489,8.1489,8.1489,8.1489,8.1489,8.1489,8.1489,8.1489,8.1489,8.1489,8.1489,8.1489,8.1489,8.1489,8.1489,8.1489,8.1489,8.1489,8.1489,8.1489,8.1489,8.1489,8.1489,8.1489,8.1489,8.1489,8.1489,8.1489,8.1489,8.1489,8.1489,8.1489,8.1489,8.1489,8.1489,8.1489,8.1489,8.1489,8.1489,8.1489,8.1489,8.1489,8.1489,8.1489,8.1489,8.1489,8.1489,8.1489,8.1489,8.1489,8.1489,8.1489,8.1489,8.1489,8.1489,8.1489,8.1489,8.1489,8.1489,8.1489,8.1489,8.1489,8.1489,8.1489,8.1489,8.1489,8.1489,8.1489,8.1489,8.1489,8.1489,8.1489,8.1489,8.1489,8.1489,8.1489,8.1489,8.1489,8.1489,8.1489,8.1489,8.1489,8.1489,8.1489,8.1489,8.1489,8.1489,8.1489,8.1489,8.1489,8.1489,8.1489,8.1489,8.1489,8.1489,8.1489,8.1489,8.1489,8.1489,8.1489,8.1489,8.1489,8.1489,8.1489,8.1489,8.1489,8.1489,8.1489,8.1489,8.1489,8.1489,8.1489,8.1489,8.1489,8.1489,8.1489,8.1489,8.1489,8.1489,8.1489,8.1489,8.1489,8.1489,8.1489,8.1489,8.1489,8.1489,8.1489,8.1489,8.1489,8.1489,8.1489,8.1489,8.1489,8.1489
8.1414,8.1414,8.1414,8.1414,8.1414,8.1414,8.1414,8.1414,8.1414,8.1414,8.1414,8.1414,8.1414,8.1414,8.1414,8.1414,8.1414,8.1414,8.1414,8.1414,8.1414,8.1414,8.1414,8.1414,8.1414,8.1414,8.1414,8.1414,8.1414,8.1414,8.1414,8.1414,8.1414,8.1414,8.1414,8.1414,8.1414,8.1414,8.1414,8.1414,8.1414,8.1414,8.1414,8.1414,8.1414,8.1414,8.1414,8.1414,8.1414,8.1414,8.1414,8.1414,8.1414,8.1414,8.1414,8.1414,8.1414,8.1414,8.1414,8.1414,8.1414,8.1414,8.1414,8.1414,8.1414,8.1414,8.1414,8.1414,8.1414,8.1414,8.1414,8.1414,8.1414,8.1414,8.1414,8.1414,8.1414,8.1414,8.1414,8.1414,8.1414,8.1414,8.1414,8.1414,8.1414,8.1414,8.1414,8.1414,8.1414,8.1414,8.1414,8.1414,8.1414,8.1414,8.1414,8.1414,8.1414,8.1414,8.1414,8.1414,8.1414,8.1414,8.1414,8.1414,8.1414,8.1414,8.1414,8.1414,8.1414,8.1414,8.1414,8.1414,8.1414,8.1414,8.1414,8.1414,8.1414,8.1414,8.1414,8.1414,8.1414,8.1414,8.1414,8.1414,8.1414,8.1414,8.1414,8.1414,8.1414,8.1414,8.1414,8.1414,8.1414,8.1414,8.1414,8.1414,8.1414,8.1414,8.1414,8.1414,8.1414,8.1414,8.1414,8.1414,8.1414,8.1414,8.1414,8.1414,8.1414,8.1414,8.1414,8.1414,8.1414,8.1414,8.1414,8.1414,8.1414,8.1414,8.1414,8.1414,8.1414,8.1414,8.1414,8.1414,8.1414,8.1414,8.1414,8.1414,8.1414,8.1414,8.1414,8.1414,8.1414,8.1414,8.1414,8.1414,8.1414,8.1414,8.1414,8.1414,8.1414,8.1414,8.1414,8.1414,8.1414,8.1414,8.1414,8.1414,8.1414,8.1414,8.1414,8.1414,8.1414,8.1414,8.1414,8.1414,8.1414,8.1414,8.1414,8.1414,8.1414,8.1414,8.1414,8.1414,8.1414,8.1414,8.1414,8.1414,8.1414,8.1414,8.1414,8.1414,8.1414,8.1414,8.1414,8.1414,8.1414,8.1414,8.1414,8.1414,8.1414,8.1414,8.1414,8.1414,8.1414,8.1414,8.1414,8.1414,8.1414,8.1414,8.1414,8.1414,8.1414,8.1414,8.1414,8.1414,8.1414,8.1414,8.1414,8.1414,8.1414,8.1414,8.1414,8.1414,8.1414,8.1414,8.1414,8.1414,8.1414,8.1414,8.1414,8.1414,8.1414,8.1414,8.1414,8.1414,8.1414,8.1414,8.1414,8.1414,8.1414,8.1414,8.1414,8.1414,8.1414,8.1414,8.1414,8.1414,8.1414,8.1414,8.1414,8.1414,8.1414,8.1414,8.1414,8.1414,8.1414,8.1414,8.1414,8.1414,8.1414,8.1414,8.1414,8.1414,8.1414,8.1414,8.1414,8.1414,8.1414,8.1414,8.1414,8.1414,8.1414,8.1414,8.1414,8.1414,8.1414,8.1414,8.1414,8.1414,8.1414,8.1414,8.1414,8.1414,8.1414,8.1414,8.1414,8.1414,8.1414,8.1414,8.1414,8.1414,8.1414,8.1414,8.1414,8.1414,8.1414,8.1414,8.1414,8.1414,8.1414,8.1414,8.1414,8.1414,8.1414,8.1414,8.1414,8.1414,8.1414,8.1414,8.1414,8.1414,8.1414,8.1414,8.1414,8.1414,8.1414,8.1414,8.1414,8.1414,8.1414,8.1414,8.1414,8.1414,8.1414,8.1414,8.1414,8.1414,8.1414,8.1414,8.1414,8.1414,8.1414,8.1414,8.1414,8.1414,8.1414,8.1414,8.1414,8.1414,8.1414,8.1414,8.1414,8.1414,8.1414,8.1414,8.1414,8.1414,8.1414,8.1414,8.1414,8.1414,8.1414,8.1414,8.1414,8.1414,8.1414,8.1414,8.1414,8.1414,8.1414,8.1414,8.1414,8.1414,8.1414,8.1414,8.1414,8.1414,8.1414,8.1414,8.1414,8.1414,8.1414,8.1414,8.1414,8.1414,8.1414,8.1414,8.1414,8.1414,8.1414,8.1414,8.1414,8.1414,8.1414,8.1414,8.1414,8.1414,8.1414,8.1414,8.1414,8.1414,8.1414,8.1414,8.1414,8.1414,8.1414,8.1414,8.1414,8.1414,8.1414,8.1414,8.1414,8.1414,8.1414,8.1414,8.1414,8.1414,8.1414,8.1414,8.1414,8.1414,8.1414,8.1414,8.1414,8.1414,8.1414,8.1414,8.1414,8.1414,8.1414,8.1414,8.1414,8.1414,8.1414,8.1414,8.1414,8.1414,8.1414,8.1414,8.1414,8.1414,8.1414,8.1414,8.1414,8.1414,8.1414,8.1414,8.1414,8.1414,8.1414,8.1414,8.1414,8.1414,8.1414,8.1414,8.1414,8.1414,8.1414,8.1414,8.1414,8.1414,8.1414,8.1414,8.1414,8.1414,8.1414,8.1414,8.1414,8.1414,8.1414,8.1414,8.1414,8.1414,8.1414,8.1414,8.1414,8.1414,8.1414,8.1414,8.1414,8.1414,8.1414,8.1414,8.1414,8.1414,8.1414,8.1414,8.1414,8.1414,8.1414,8.1414,8.1414,8.1414,8.1414,8.1414,8.1414,8.1414,8.1414,8.1414,8.1414,8.1414,8.1414,8.1414,8.1414,8.1414,8.1414,8.1414,8.1414,8.1414,8.1414,8.1414,8.1414,8.1414,8.1414,8.1414,8.1414,8.1414,8.1414,8.1414,8.1414,8.1414,8.1414,8.1414,8.1414,8.1414,8.1414,8.1414,8.1414,8.1414,8.1414,8.1414,8.1414,8.1414,8.1414,8.1414,8.1414,8.1414,8.1414,8.1414,8.1414,8.1414,8.1414,8.1414,8.1414,8.1414,8.1414,8.1414,8.1414,8.1414,8.1414,8.1414,8.1414,8.1414,8.1414,8.1414,8.1414,8.1414,8.1414,8.1414,8.1414,8.1414,8.1414,8.1414,8.1414,8.1414,8.1414,8.1414,8.1414,8.1414,8.1414,8.1414,8.1414,8.1414,8.1414,8.1414,8.1414,8.1414,8.1414,8.1414,8.1414,8.1414,8.1414,8.1414,8.1414,8.1414,8.1414,8.1414,8.1414,8.1414,8.1414,8.1414,8.1414,8.1414,8.1414,8.1414,8.1414,8.1414,8.1414,8.1414,8.1414,8.1414,8.1414,8.1414,8.1414,8.1414,8.1414,8.1414,8.1414,8.1414,8.1414,8.1414,8.1414,8.1414,8.1414,8.1414,8.1414,8.1414,8.1414,8.1414,8.1414,8.1414,8.1414,8.1414,8.1414,8.1414,8.1414,8.1414,8.1414,8.1414,8.1414,8.1414,8.1414,8.1414,8.1414,8.1414,8.1414,8.1414,8.1414,8.1414,8.1414,8.1414,8.1414,8.1414,8.1414,8.1414,8.1414,8.1414,8.1414,8.1414,8.1414,8.1414,8.1414,8.1414,8.1414,8.1414,8.1414,8.1414,8.1414,8.1414,8.1414,8.1414,8.1414,8.1414,8.1414,8.1414,8.1414,8.1414,8.1414,8.1414,8.1414,8.1414,8.1414,8.1414,8.1414,8.1414,8.1414,8.1414,8.1414,8.1414,8.1414,8.1414,8.1414,8.1414,8.1414,8.1414,8.1414,8.1414,8.1414,8.1414,8.1414,8.1414,8.1414,8.1414,8.1414,8.1414,8.1414,8.1414,8.1414,8.1414,8.1414,8.1414,8.1414,8.1414,8.1414,8.1414,8.1414,8.1414,8.1414,8.1414,8.1414,8.1414,8.1414,8.1414,8.1414,8.1414,8.1414,8.1414,8.1414,8.1414,8.1414,8.1414,8.1414,8.1414,8.1414,8.1414,8.1414,8.1414,8.1414,8.1414,8.1414,8.1414,8.1414,8.1414,8.1414,8.1414,8.1414,8.1414,8.1414,8.1414,8.1414,8.1414,8.1414,8.1414,8.1414,8.1414,8.1414,8.1414,8.1414,8.1414,8.1414,8.1414,8.1414,8.1414,8.1414,8.1414,8.1414,8.1414,8.1414,8.1414,8.1414,8.1414,8.1414,8.1414,8.1414,8.1414,8.1414,8.1414,8.1414,8.1414,8.1414,8.1414,8.1414,8.1414,8.1414,8.1414,8.1414,8.1414,8.1414,8.1414,8.1414,8.1414,8.1414,8.1414,8.1414,8.1414,8.1414,8.1414,8.1414,8.1414,8.1414,8.1414,8.1414,8.1414,8.1414,8.1414,8.1414,8.1414,8.1414,8.1414,8.1414,8.1414,8.1414,8.1414,8.1414,8.1414,8.1414,8.1414,8.1414,8.1414,8.1414,8.1414,8.1414,8.1414,8.1414,8.1414,8.1414,8.1414,8.1414,8.1414,8.1414,8.1414,8.1414,8.1414,8.1414,8.1414,8.1414,8.1414,8.1414,8.1414,8.1414,8.1414,8.1414,8.1414,8.1414,8.1414,8.1414,8.1414,8.1414,8.1414,8.1414,8.1414,8.1414,8.1414,8.1414,8.1414,8.1414,8.1414,8.1414,8.1414,8.1414,8.1414,8.1414,8.1414,8.1414,8.1414,8.1414,8.1414,8.1414,8.1414,8.1414,8.1414,8.1414,8.1414,8.1414,8.1414,8.1414,8.1414,8.1414,8.1414,8.1414,8.1414,8.1414,8.1414,8.1414,8.1414,8.1414,8.1414,8.1414,8.1414,8.1414,8.1414,8.1414,8.1414,8.1414,8.1414,8.1414,8.1414,8.1414,8.1414,8.1414,8.1414,8.1414,8.1414,8.1414,8.1414,8.1414,8.1414,8.1414,8.1414,8.1414,8.1414,8.1414,8.1414,8.1414,8.1414,8.1414,8.1414,8.1414,8.1414,8.1414,8.1414,8.1414,8.1414,8.1414,8.1414,8.1414,8.1414,8.1414,8.1414,8.1414,8.1414,8.1414,8.1414,8.1414,8.1414,8.1414,8.1414,8.1414,8.1414,8.1414,8.1414,8.1414,8.1414,8.1414,8.1414,8.1414,8.1414,8.1414,8.1414,8.1414,8.1414,8.1414,8.1414,8.1414,8.1414,8.1414,8.1414,8.1414,8.1414
8.1347,8.1347,8.1347,8.1347,8.1347,8.1347,8.1347,8.1347,8.1347,8.1347,8.1347,8.1347,8.1347,8.1347,8.1347,8.1347,8.1347,8.1347,8.1347,8.1347,8.1347,8.1347,8.1347,8.1347,8.1347,8.1347,8.1347,8.1347,8.1347,8.1347,8.1347,8.1347,8.1347,8.1347,8.1347,8.1347,8.1347,8.1347,8.1347,8.1347,8.1347,8.1347,8.1347,8.1347,8.1347,8.1347,8.1347,8.1347,8.1347,8.1347,8.1347,8.1347,8.1347,8.1347,8.1347,8.1347,8.1347,8.1347,8.1347,8.1347,8.1347,8.1347,8.1347,8.1347,8.1347,8.1347,8.1347,8.1347,8.1347,8.1347,8.1347,8.1347,8.1347,8.1347,8.1347,8.1347,8.1347,8.1347,8.1347,8.1347,8.1347,8.1347,8.1347,8.1347,8.1347,8.1347,8.1347,8.1347,8.1347,8.1347,8.1347,8.1347,8.1347,8.1347,8.1347,8.1347,8.1347,8.1347,8.1347,8.1347,8.1347,8.1347,8.1347,8.1347,8.1347,8.1347,8.1347,8.1347,8.1347,8.1347,8.1347,8.1347,8.1347,8.1347,8.1347,8.1347,8.1347,8.1347,8.1347,8.1347,8.1347,8.1347,8.1347,8.1347,8.1347,8.1347,8.1347,8.1347,8.1347,8.1347,8.1347,8.1347,8.1347,8.1347,8.1347,8.1347,8.1347,8.1347,8.1347,8.1347,8.1347,8.1347,8.1347,8.1347,8.1347,8.1347,8.1347,8.1347,8.1347,8.1347,8.1347,8.1347,8.1347,8.1347,8.1347,8.1347,8.1347,8.1347,8.1347,8.1347,8.1347,8.1347,8.1347,8.1347,8.1347,8.1347,8.1347,8.1347,8.1347,8.1347,8.1347,8.1347,8.1347,8.1347,8.1347,8.1347,8.1347,8.1347,8.1347,8.1347,8.1347,8.1347,8.1347,8.1347,8.1347,8.1347,8.1347,8.1347,8.1347,8.1347,8.1347,8.1347,8.1347,8.1347,8.1347,8.1347,8.1347,8.1347,8.1347,8.1347,8.1347,8.1347,8.1347,8.1347,8.1347,8.1347,8.1347,8.1347,8.1347,8.1347,8.1347,8.1347,8.1347,8.1347,8.1347,8.1347,8.1347,8.1347,8.1347,8.1347,8.1347,8.1347,8.1347,8.1347,8.1347,8.1347,8.1347,8.1347,8.1347,8.1347,8.1347,8.1347,8.1347,8.1347,8.1347,8.1347,8.1347,8.1347,8.1347,8.1347,8.1347,8.1347,8.1347,8.1347,8.1347,8.1347,8.1347,8.1347,8.1347,8.1347,8.1347,8.1347,8.1347,8.1347,8.1347,8.1347,8.1347,8.1347,8.1347,8.1347,8.1347,8.1347,8.1347,8.1347,8.1347,8.1347,8.1347,8.1347,8.1347,8.1347,8.1347,8.1347,8.1347,8.1347,8.1347,8.1347,8.1347,8.1347,8.1347,8.1347,8.1347,8.1347,8.1347,8.1347,8.1347,8.1347,8.1347,8.1347,8.1347,8.1347,8.1347,8.1347,8.1347,8.1347,8.1347,8.1347,8.1347,8.1347,8.1347,8.1347,8.1347,8.1347,8.1347,8.1347,8.1347,8.1347,8.1347,8.1347,8.1347,8.1347,8.1347,8.1347,8.1347,8.1347,8.1347,8.1347,8.1347,8.1347,8.1347,8.1347,8.1347,8.1347,8.1347,8.1347,8.1347,8.1347,8.1347,8.1347,8.1347,8.1347,8.1347,8.1347,8.1347,8.1347,8.1347,8.1347,8.1347,8.1347,8.1347,8.1347,8.1347,8.1347,8.1347,8.1347,8.1347,8.1347,8.1347,8.1347,8.1347,8.1347,8.1347,8.1347,8.1347,8.1347,8.1347,8.1347,8.1347,8.1347,8.1347,8.1347,8.1347,8.1347,8.1347,8.1347,8.1347,8.1347,8.1347,8.1347,8.1347,8.1347,8.1347,8.1347,8.1347,8.1347,8.1347,8.1347,8.1347,8.1347,8.1347,8.1347,8.1347,8.1347,8.1347,8.1347,8.1347,8.1347,8.1347,8.1347,8.1347,8.1347,8.1347,8.1347,8.1347,8.1347,8.1347,8.1347,8.1347,8.1347,8.1347,8.1347,8.1347,8.1347,8.1347,8.1347,8.1347,8.1347,8.1347,8.1347,8.1347,8.1347,8.1347,8.1347,8.1347,8.1347,8.1347,8.1347,8.1347,8.1347,8.1347,8.1347,8.1347,8.1347,8.1347,8.1347,8.1347,8.1347,8.1347,8.1347,8.1347,8.1347,8.1347,8.1347,8.1347,8.1347,8.1347,8.1347,8.1347,8.1347,8.1347,8.1347,8.1347,8.1347,8.1347,8.1347,8.1347,8.1347,8.1347,8.1347,8.1347,8.1347,8.1347,8.1347,8.1347,8.1347,8.1347,8.1347,8.1347,8.1347,8.1347,8.1347,8.1347,8.1347,8.1347,8.1347,8.1347,8.1347,8.1347,8.1347,8.1347,8.1347,8.1347,8.1347,8.1347,8.1347,8.1347,8.1347,8.1347,8.1347,8.1347,8.1347,8.1347,8.1347,8.1347,8.1347,8.1347,8.1347,8.1347,8.1347,8.1347,8.1347,8.1347,8.1347,8.1347,8.1347,8.1347,8.1347,8.1347,8.1347,8.1347,8.1347,8.1347,8.1347,8.1347,8.1347,8.1347,8.1347,8.1347,8.1347,8.1347,8.1347,8.1347,8.1347,8.1347,8.1347,8.1347,8.1347,8.1347,8.1347,8.1347,8.1347,8.1347,8.1347,8.1347,8.1347,8.1347,8.1347,8.1347,8.1347,8.1347,8.1347,8.1347,8.1347,8.1347,8.1347,8.1347,8.1347,8.1347,8.1347,8.1347,8.1347,8.1347,8.1347,8.1347,8.1347,8.1347,8.1347,8.1347,8.1347,8.1347,8.1347,8.1347,8.1347,8.1347,8.1347,8.1347,8.1347,8.1347,8.1347,8.1347,8.1347,8.1347,8.1347,8.1347,8.1347,8.1347,8.1347,8.1347,8.1347,8.1347,8.1347,8.1347,8.1347,8.1347,8.1347,8.1347,8.1347,8.1347,8.1347,8.1347,8.1347,8.1347,8.1347,8.1347,8.1347,8.1347,8.1347,8.1347,8.1347,8.1347,8.1347,8.1347,8.1347,8.1347,8.1347,8.1347,8.1347,8.1347,8.1347,8.1347,8.1347,8.1347,8.1347,8.1347,8.1347,8.1347,8.1347,8.1347,8.1347,8.1347,8.1347,8.1347,8.1347,8.1347,8.1347,8.1347,8.1347,8.1347,8.1347,8.1347,8.1347,8.1347,8.1347,8.1347,8.1347,8.1347,8.1347,8.1347,8.1347,8.1347,8.1347,8.1347,8.1347,8.1347,8.1347,8.1347,8.1347,8.1347,8.1347,8.1347,8.1347,8.1347,8.1347,8.1347,8.1347,8.1347,8.1347,8.1347,8.1347,8.1347,8.1347,8.1347,8.1347,8.1347,8.1347,8.1347,8.1347,8.1347,8.1347,8.1347,8.1347,8.1347,8.1347,8.1347,8.1347,8.1347,8.1347,8.1347,8.1347,8.1347,8.1347,8.1347,8.1347,8.1347,8.1347,8.1347,8.1347,8.1347,8.1347,8.1347,8.1347,8.1347,8.1347,8.1347,8.1347,8.1347,8.1347,8.1347,8.1347,8.1347,8.1347,8.1347,8.1347,8.1347,8.1347,8.1347,8.1347,8.1347,8.1347,8.1347,8.1347,8.1347,8.1347,8.1347,8.1347,8.1347,8.1347,8.1347,8.1347,8.1347,8.1347,8.1347,8.1347,8.1347,8.1347,8.1347,8.1347,8.1347,8.1347,8.1347,8.1347,8.1347,8.1347,8.1347,8.1347,8.1347,8.1347,8.1347,8.1347,8.1347,8.1347,8.1347,8.1347,8.1347,8.1347,8.1347,8.1347,8.1347,8.1347,8.1347,8.1347,8.1347,8.1347,8.1347,8.1347,8.1347,8.1347,8.1347,8.1347,8.1347,8.1347,8.1347,8.1347,8.1347,8.1347,8.1347,8.1347,8.1347,8.1347,8.1347,8.1347,8.1347,8.1347,8.1347,8.1347,8.1347,8.1347,8.1347,8.1347,8.1347,8.1347,8.1347,8.1347,8.1347,8.1347,8.1347,8.1347,8.1347,8.1347,8.1347,8.1347,8.1347,8.1347,8.1347,8.1347,8.1347,8.1347,8.1347,8.1347,8.1347,8.1347,8.1347,8.1347,8.1347,8.1347,8.1347,8.1347,8.1347,8.1347,8.1347,8.1347,8.1347,8.1347,8.1347,8.1347,8.1347,8.1347,8.1347,8.1347,8.1347,8.1347,8.1347,8.1347,8.1347,8.1347,8.1347,8.1347,8.1347,8.1347,8.1347,8.1347,8.1347,8.1347,8.1347,8.1347,8.1347,8.1347,8.1347,8.1347,8.1347,8.1347,8.1347,8.1347,8.1347,8.1347,8.1347,8.1347,8.1347,8.1347,8.1347,8.1347,8.1347,8.1347,8.1347,8.1347,8.1347,8.1347,8.1347,8.1347,8.1347,8.1347,8.1347,8.1347,8.1347,8.1347,8.1347,8.1347,8.1347,8.1347,8.1347,8.1347,8.1347,8.1347,8.1347,8.1347,8.1347,8.1347,8.1347,8.1347,8.1347,8.1347,8.1347,8.1347,8.1347,8.1347,8.1347,8.1347,8.1347,8.1347,8.1347,8.1347,8.1347,8.1347,8.1347,8.1347,8.1347,8.1347,8.1347,8.1347,8.1347,8.1347,8.1347,8.1347,8.1347,8.1347,8.1347,8.1347,8.1347,8.1347,8.1347,8.1347,8.1347,8.1347,8.1347,8.1347,8.1347,8.1347,8.1347,8.1347,8.1347,8.1347,8.1347,8.1347,8.1347,8.1347,8.1347,8.1347,8.1347,8.1347,8.1347,8.1347,8.1347,8.1347,8.1347,8.1347,8.1347,8.1347,8.1347,8.1347,8.1347,8.1347,8.1347,8.1347,8.1347,8.1347,8.1347,8.1347,8.1347,8.1347,8.1347,8.1347,8.1347,8.1347,8.1347,8.1347,8.1347,8.1347,8.1347,8.1347,8.1347,8.1347,8.1347,8.1347,8.1347,8.1347,8.1347,8.1347,8.1347,8.1347,8.1347,8.1347
8.1272,8.1272,8.1272,8.1272,8.1272,8.1272,8.1272,8.1272,8.1272,8.1272,8.1272,8.1272,8.1272,8.1272,8.1272,8.1272,8.1272,8.1272,8.1272,8.1272,8.1272,8.1272,8.1272,8.1272,8.1272,8.1272,8.1272,8.1272,8.1272,8.1272,8.1272,8.1272,8.1272,8.1272,8.1272,8.1272,8.1272,8.1272,8.1272,8.1272,8.1272,8.1272,8.1272,8.1272,8.1272,8.1272,8.1272,8.1272,8.1272,8.1272,8.1272,8.1272,8.1272,8.1272,8.1272,8.1272,8.1272,8.1272,8.1272,8.1272,8.1272,8.1272,8.1272,8.1272,8.1272,8.1272,8.1272,8.1272,8.1272,8.1272,8.1272,8.1272,8.1272,8.1272,8.1272,8.1272,8.1272,8.1272,8.1272,8.1272,8.1272,8.1272,8.1272,8.1272,8.1272,8.1272,8.1272,8.1272,8.1272,8.1272,8.1272,8.1272,8.1272,8.1272,8.1272,8.1272,8.1272,8.1272,8.1272,8.1272,8.1272,8.1272,8.1272,8.1272,8.1272,8.1272,8.1272,8.1272,8.1272,8.1272,8.1272,8.1272,8.1272,8.1272,8.1272,8.1272,8.1272,8.1272,8.1272,8.1272,8.1272,8.1272,8.1272,8.1272,8.1272,8.1272,8.1272,8.1272,8.1272,8.1272,8.1272,8.1272,8.1272,8.1272,8.1272,8.1272,8.1272,8.1272,8.1272,8.1272,8.1272,8.1272,8.1272,8.1272,8.1272,8.1272,8.1272,8.1272,8.1272,8.1272,8.1272,8.1272,8.1272,8.1272,8.1272,8.1272,8.1272,8.1272,8.1272,8.1272,8.1272,8.1272,8.1272,8.1272,8.1272,8.1272,8.1272,8.1272,8.1272,8.1272,8.1272,8.1272,8.1272,8.1272,8.1272,8.1272,8.1272,8.1272,8.1272,8.1272,8.1272,8.1272,8.1272,8.1272,8.1272,8.1272,8.1272,8.1272,8.1272,8.1272,8.1272,8.1272,8.1272,8.1272,8.1272,8.1272,8.1272,8.1272,8.1272,8.1272,8.1272,8.1272,8.1272,8.1272,8.1272,8.1272,8.1272,8.1272,8.1272,8.1272,8.1272,8.1272,8.1272,8.1272,8.1272,8.1272,8.1272,8.1272,8.1272,8.1272,8.1272,8.1272,8.1272,8.1272,8.1272,8.1272,8.1272,8.1272,8.1272,8.1272,8.1272,8.1272,8.1272,8.1272,8.1272,8.1272,8.1272,8.1272,8.1272,8.1272,8.1272,8.1272,8.1272,8.1272,8.1272,8.1272,8.1272,8.1272,8.1272,8.1272,8.1272,8.1272,8.1272,8.1272,8.1272,8.1272,8.1272,8.1272,8.1272,8.1272,8.1272,8.1272,8.1272,8.1272,8.1272,8.1272,8.1272,8.1272,8.1272,8.1272,8.1272,8.1272,8.1272,8.1272,8.1272,8.1272,8.1272,8.1272,8.1272,8.1272,8.1272,8.1272,8.1272,8.1272,8.1272,8.1272,8.1272,8.1272,8.1272,8.1272,8.1272,8.1272,8.1272,8.1272,8.1272,8.1272,8.1272,8.1272,8.1272,8.1272,8.1272,8.1272,8.1272,8.1272,8.1272,8.1272,8.1272,8.1272,8.1272,8.1272,8.1272,8.1272,8.1272,8.1272,8.1272,8.1272,8.1272,8.1272,8.1272,8.1272,8.1272,8.1272,8.1272,8.1272,8.1272,8.1272,8.1272,8.1272,8.1272,8.1272,8.1272,8.1272,8.1272,8.1272,8.1272,8.1272,8.1272,8.1272,8.1272,8.1272,8.1272,8.1272,8.1272,8.1272,8.1272,8.1272,8.1272,8.1272,8.1272,8.1272,8.1272,8.1272,8.1272,8.1272,8.1272,8.1272,8.1272,8.1272,8.1272,8.1272,8.1272,8.1272,8.1272,8.1272,8.1272,8.1272,8.1272,8.1272,8.1272,8.1272,8.1272,8.1272,8.1272,8.1272,8.1272,8.1272,8.1272,8.1272,8.1272,8.1272,8.1272,8.1272,8.1272,8.1272,8.1272,8.1272,8.1272,8.1272,8.1272,8.1272,8.1272,8.1272,8.1272,8.1272,8.1272,8.1272,8.1272,8.1272,8.1272,8.1272,8.1272,8.1272,8.1272,8.1272,8.1272,8.1272,8.1272,8.1272,8.1272,8.1272,8.1272,8.1272,8.1272,8.1272,8.1272,8.1272,8.1272,8.1272,8.1272,8.1272,8.1272,8.1272,8.1272,8.1272,8.1272,8.1272,8.1272,8.1272,8.1272,8.1272,8.1272,8.1272,8.1272,8.1272,8.1272,8.1272,8.1272,8.1272,8.1272,8.1272,8.1272,8.1272,8.1272,8.1272,8.1272,8.1272,8.1272,8.1272,8.1272,8.1272,8.1272,8.1272,8.1272,8.1272,8.1272,8.1272,8.1272,8.1272,8.1272,8.1272,8.1272,8.1272,8.1272,8.1272,8.1272,8.1272,8.1272,8.1272,8.1272,8.1272,8.1272,8.1272,8.1272,8.1272,8.1272,8.1272,8.1272,8.1272,8.1272,8.1272,8.1272,8.1272,8.1272,8.1272,8.1272,8.1272,8.1272,8.1272,8.1272,8.1272,8.1272,8.1272,8.1272,8.1272,8.1272,8.1272,8.1272,8.1272,8.1272,8.1272,8.1272,8.1272,8.1272,8.1272,8.1272,8.1272,8.1272,8.1272,8.1272,8.1272,8.1272,8.1272,8.1272,8.1272,8.1272,8.1272,8.1272,8.1272,8.1272,8.1272,8.1272,8.1272,8.1272,8.1272,8.1272,8.1272,8.1272,8.1272,8.1272,8.1272,8.1272,8.1272,8.1272,8.1272,8.1272,8.1272,8.1272,8.1272,8.1272,8.1272,8.1272,8.1272,8.1272,8.1272,8.1272,8.1272,8.1272,8.1272,8.1272,8.1272,8.1272,8.1272,8.1272,8.1272,8.1272,8.1272,8.1272,8.1272,8.1272,8.1272,8.1272,8.1272,8.1272,8.1272,8.1272,8.1272,8.1272,8.1272,8.1272,8.1272,8.1272,8.1272,8.1272,8.1272,8.1272,8.1272,8.1272,8.1272,8.1272,8.1272,8.1272,8.1272,8.1272,8.1272,8.1272,8.1272,8.1272,8.1272,8.1272,8.1272,8.1272,8.1272,8.1272,8.1272,8.1272,8.1272,8.1272,8.1272,8.1272,8.1272,8.1272,8.1272,8.1272,8.1272,8.1272,8.1272,8.1272,8.1272,8.1272,8.1272,8.1272,8.1272,8.1272,8.1272,8.1272,8.1272,8.1272,8.1272,8.1272,8.1272,8.1272,8.1272,8.1272,8.1272,8.1272,8.1272,8.1272,8.1272,8.1272,8.1272,8.1272,8.1272,8.1272,8.1272,8.1272,8.1272,8.1272,8.1272,8.1272,8.1272,8.1272,8.1272,8.1272,8.1272,8.1272,8.1272,8.1272,8.1272,8.1272,8.1272,8.1272,8.1272,8.1272,8.1272,8.1272,8.1272,8.1272,8.1272,8.1272,8.1272,8.1272,8.1272,8.1272,8.1272,8.1272,8.1272,8.1272,8.1272,8.1272,8.1272,8.1272,8.1272,8.1272,8.1272,8.1272,8.1272,8.1272,8.1272,8.1272,8.1272,8.1272,8.1272,8.1272,8.1272,8.1272,8.1272,8.1272,8.1272,8.1272,8.1272,8.1272,8.1272,8.1272,8.1272,8.1272,8.1272,8.1272,8.1272,8.1272,8.1272,8.1272,8.1272,8.1272,8.1272,8.1272,8.1272,8.1272,8.1272,8.1272,8.1272,8.1272,8.1272,8.1272,8.1272,8.1272,8.1272,8.1272,8.1272,8.1272,8.1272,8.1272,8.1272,8.1272,8.1272,8.1272,8.1272,8.1272,8.1272,8.1272,8.1272,8.1272,8.1272,8.1272,8.1272,8.1272,8.1272,8.1272,8.1272,8.1272,8.1272,8.1272,8.1272,8.1272,8.1272,8.1272,8.1272,8.1272,8.1272,8.1272,8.1272,8.1272,8.1272,8.1272,8.1272,8.1272,8.1272,8.1272,8.1272,8.1272,8.1272,8.1272,8.1272,8.1272,8.1272,8.1272,8.1272,8.1272,8.1272,8.1272,8.1272,8.1272,8.1272,8.1272,8.1272,8.1272,8.1272,8.1272,8.1272,8.1272,8.1272,8.1272,8.1272,8.1272,8.1272,8.1272,8.1272,8.1272,8.1272,8.1272,8.1272,8.1272,8.1272,8.1272,8.1272,8.1272,8.1272,8.1272,8.1272,8.1272,8.1272,8.1272,8.1272,8.1272,8.1272,8.1272,8.1272,8.1272,8.1272,8.1272,8.1272,8.1272,8.1272,8.1272,8.1272,8.1272,8.1272,8.1272,8.1272,8.1272,8.1272,8.1272,8.1272,8.1272,8.1272,8.1272,8.1272,8.1272,8.1272,8.1272,8.1272,8.1272,8.1272,8.1272,8.1272,8.1272,8.1272,8.1272,8.1272,8.1272,8.1272,8.1272,8.1272,8.1272,8.1272,8.1272,8.1272,8.1272,8.1272,8.1272,8.1272,8.1272,8.1272,8.1272,8.1272,8.1272,8.1272,8.1272,8.1272,8.1272,8.1272,8.1272,8.1272,8.1272,8.1272,8.1272,8.1272,8.1272,8.1272,8.1272,8.1272,8.1272,8.1272,8.1272,8.1272,8.1272,8.1272,8.1272,8.1272,8.1272,8.1272,8.1272,8.1272,8.1272,8.1272,8.1272,8.1272,8.1272,8.1272,8.1272,8.1272,8.1272,8.1272,8.1272,8.1272,8.1272,8.1272,8.1272,8.1272,8.1272,8.1272,8.1272,8.1272,8.1272,8.1272,8.1272,8.1272,8.1272,8.1272,8.1272,8.1272,8.1272,8.1272,8.1272,8.1272,8.1272,8.1272,8.1272,8.1272,8.1272,8.1272,8.1272,8.1272,8.1272,8.1272,8.1272,8.1272,8.1272,8.1272,8.1272,8.1272,8.1272,8.1272,8.1272,8.1272,8.1272,8.1272,8.1272,8.1272,8.1272,8.1272,8.1272,8.1272,8.1272,8.1272,8.1272,8.1272,8.1272,8.1272,8.1272,8.1272,8.1272,8.1272,8.1272,8.1272,8.1272,8.1272,8.1272,8.1272,8.1272,8.1272
8.1193,8.1193,8.1193,8.1193,8.1193,8.1193,8.1193,8.1193,8.1193,8.1193,8.1193,8.1193,8.1193,8.1193,8.1193,8.1193,8.1193,8.1193,8.1193,8.1193,8.1193,8.1193,8.1193,8.1193,8.1193,8.1193,8.1193,8.1193,8.1193,8.1193,8.1193,8.1193,8.1193,8.1193,8.1193,8.1193,8.1193,8.1193,8.1193,8.1193,8.1193,8.1193,8.1193,8.1193,8.1193,8.1193,8.1193,8.1193,8.1193,8.1193,8.1193,8.1193,8.1193,8.1193,8.1193,8.1193,8.1193,8.1193,8.1193,8.1193,8.1193,8.1193,8.1193,8.1193,8.1193,8.1193,8.1193,8.1193,8.1193,8.1193,8.1193,8.1193,8.1193,8.1193,8.1193,8.1193,8.1193,8.1193,8.1193,8.1193,8.1193,8.1193,8.1193,8.1193,8.1193,8.1193,8.1193,8.1193,8.1193,8.1193,8.1193,8.1193,8.1193,8.1193,8.1193,8.1193,8.1193,8.1193,8.1193,8.1193,8.1193,8.1193,8.1193,8.1193,8.1193,8.1193,8.1193,8.1193,8.1193,8.1193,8.1193,8.1193,8.1193,8.1193,8.1193,8.1193,8.1193,8.1193,8.1193,8.1193,8.1193,8.1193,8.1193,8.1193,8.1193,8.1193,8.1193,8.1193,8.1193,8.1193,8.1193,8.1193,8.1193,8.1193,8.1193,8.1193,8.1193,8.1193,8.1193,8.1193,8.1193,8.1193,8.1193,8.1193,8.1193,8.1193,8.1193,8.1193,8.1193,8.1193,8.1193,8.1193,8.1193,8.1193,8.1193,8.1193,8.1193,8.1193,8.1193,8.1193,8.1193,8.1193,8.1193,8.1193,8.1193,8.1193,8.1193,8.1193,8.1193,8.1193,8.1193,8.1193,8.1193,8.1193,8.1193,8.1193,8.1193,8.1193,8.1193,8.1193,8.1193,8.1193,8.1193,8.1193,8.1193,8.1193,8.1193,8.1193,8.1193,8.1193,8.1193,8.1193,8.1193,8.1193,8.1193,8.1193,8.1193,8.1193,8.1193,8.1193,8.1193,8.1193,8.1193,8.1193,8.1193,8.1193,8.1193,8.1193,8.1193,8.1193,8.1193,8.1193,8.1193,8.1193,8.1193,8.1193,8.1193,8.1193,8.1193,8.1193,8.1193,8.1193,8.1193,8.1193,8.1193,8.1193,8.1193,8.1193,8.1193,8.1193,8.1193,8.1193,8.1193,8.1193,8.1193,8.1193,8.1193,8.1193,8.1193,8.1193,8.1193,8.1193,8.1193,8.1193,8.1193,8.1193,8.1193,8.1193,8.1193,8.1193,8.1193,8.1193,8.1193,8.1193,8.1193,8.1193,8.1193,8.1193,8.1193,8.1193,8.1193,8.1193,8.1193,8.1193,8.1193,8.1193,8.1193,8.1193,8.1193,8.1193,8.1193,8.1193,8.1193,8.1193,8.1193,8.1193,8.1193,8.1193,8.1193,8.1193,8.1193,8.1193,8.1193,8.1193,8.1193,8.1193,8.1193,8.1193,8.1193,8.1193,8.1193,8.1193,8.1193,8.1193,8.1193,8.1193,8.1193,8.1193,8.1193,8.1193,8.1193,8.1193,8.1193,8.1193,8.1193,8.1193,8.1193,8.1193,8.1193,8.1193,8.1193,8.1193,8.1193,8.1193,8.1193,8.1193,8.1193,8.1193,8.1193,8.1193,8.1193,8.1193,8.1193,8.1193,8.1193,8.1193,8.1193,8.1193,8.1193,8.1193,8.1193,8.1193,8.1193,8.1193,8.1193,8.1193,8.1193,8.1193,8.1193,8.1193,8.1193,8.1193,8.1193,8.1193,8.1193,8.1193,8.1193,8.1193,8.1193,8.1193,8.1193,8.1193,8.1193,8.1193,8.1193,8.1193,8.1193,8.1193,8.1193,8.1193,8.1193,8.1193,8.1193,8.1193,8.1193,8.1193,8.1193,8.1193,8.1193,8.1193,8.1193,8.1193,8.1193,8.1193,8.1193,8.1193,8.1193,8.1193,8.1193,8.1193,8.1193,8.1193,8.1193,8.1193,8.1193,8.1193,8.1193,8.1193,8.1193,8.1193,8.1193,8.1193,8.1193,8.1193,8.1193,8.1193,8.1193,8.1193,8.1193,8.1193,8.1193,8.1193,8.1193,8.1193,8.1193,8.1193,8.1193,8.1193,8.1193,8.1193,8.1193,8.1193,8.1193,8.1193,8.1193,8.1193,8.1193,8.1193,8.1193,8.1193,8.1193,8.1193,8.1193,8.1193,8.1193,8.1193,8.1193,8.1193,8.1193,8.1193,8.1193,8.1193,8.1193,8.1193,8.1193,8.1193,8.1193,8.1193,8.1193,8.1193,8.1193,8.1193,8.1193,8.1193,8.1193,8.1193,8.1193,8.1193,8.1193,8.1193,8.1193,8.1193,8.1193,8.1193,8.1193,8.1193,8.1193,8.1193,8.1193,8.1193,8.1193,8.1193,8.1193,8.1193,8.1193,8.1193,8.1193,8.1193,8.1193,8.1193,8.1193,8.1193,8.1193,8.1193,8.1193,8.1193,8.1193,8.1193,8.1193,8.1193,8.1193,8.1193,8.1193,8.1193,8.1193,8.1193,8.1193,8.1193,8.1193,8.1193,8.1193,8.1193,8.1193,8.1193,8.1193,8.1193,8.1193,8.1193,8.1193,8.1193,8.1193,8.1193,8.1193,8.1193,8.1193,8.1193,8.1193,8.1193,8.1193,8.1193,8.1193,8.1193,8.1193,8.1193,8.1193,8.1193,8.1193,8.1193,8.1193,8.1193,8.1193,8.1193,8.1193,8.1193,8.1193,8.1193,8.1193,8.1193,8.1193,8.1193,8.1193,8.1193,8.1193,8.1193,8.1193,8.1193,8.1193,8.1193,8.1193,8.1193,8.1193,8.1193,8.1193,8.1193,8.1193,8.1193,8.1193,8.1193,8.1193,8.1193,8.1193,8.1193,8.1193,8.1193,8.1193,8.1193,8.1193,8.1193,8.1193,8.1193,8.1193,8.1193,8.1193,8.1193,8.1193,8.1193,8.1193,8.1193,8.1193,8.1193,8.1193,8.1193,8.1193,8.1193,8.1193,8.1193,8.1193,8.1193,8.1193,8.1193,8.1193,8.1193,8.1193,8.1193,8.1193,8.1193,8.1193,8.1193,8.1193,8.1193,8.1193,8.1193,8.1193,8.1193,8.1193,8.1193,8.1193,8.1193,8.1193,8.1193,8.1193,8.1193,8.1193,8.1193,8.1193,8.1193,8.1193,8.1193,8.1193,8.1193,8.1193,8.1193,8.1193,8.1193,8.1193,8.1193,8.1193,8.1193,8.1193,8.1193,8.1193,8.1193,8.1193,8.1193,8.1193,8.1193,8.1193,8.1193,8.1193,8.1193,8.1193,8.1193,8.1193,8.1193,8.1193,8.1193,8.1193,8.1193,8.1193,8.1193,8.1193,8.1193,8.1193,8.1193,8.1193,8.1193,8.1193,8.1193,8.1193,8.1193,8.1193,8.1193,8.1193,8.1193,8.1193,8.1193,8.1193,8.1193,8.1193,8.1193,8.1193,8.1193,8.1193,8.1193,8.1193,8.1193,8.1193,8.1193,8.1193,8.1193,8.1193,8.1193,8.1193,8.1193,8.1193,8.1193,8.1193,8.1193,8.1193,8.1193,8.1193,8.1193,8.1193,8.1193,8.1193,8.1193,8.1193,8.1193,8.1193,8.1193,8.1193,8.1193,8.1193,8.1193,8.1193,8.1193,8.1193,8.1193,8.1193,8.1193,8.1193,8.1193,8.1193,8.1193,8.1193,8.1193,8.1193,8.1193,8.1193,8.1193,8.1193,8.1193,8.1193,8.1193,8.1193,8.1193,8.1193,8.1193,8.1193,8.1193,8.1193,8.1193,8.1193,8.1193,8.1193,8.1193,8.1193,8.1193,8.1193,8.1193,8.1193,8.1193,8.1193,8.1193,8.1193,8.1193,8.1193,8.1193,8.1193,8.1193,8.1193,8.1193,8.1193,8.1193,8.1193,8.1193,8.1193,8.1193,8.1193,8.1193,8.1193,8.1193,8.1193,8.1193,8.1193,8.1193,8.1193,8.1193,8.1193,8.1193,8.1193,8.1193,8.1193,8.1193,8.1193,8.1193,8.1193,8.1193,8.1193,8.1193,8.1193,8.1193,8.1193,8.1193,8.1193,8.1193,8.1193,8.1193,8.1193,8.1193,8.1193,8.1193,8.1193,8.1193,8.1193,8.1193,8.1193,8.1193,8.1193,8.1193,8.1193,8.1193,8.1193,8.1193,8.1193,8.1193,8.1193,8.1193,8.1193,8.1193,8.1193,8.1193,8.1193,8.1193,8.1193,8.1193,8.1193,8.1193,8.1193,8.1193,8.1193,8.1193,8.1193,8.1193,8.1193,8.1193,8.1193,8.1193,8.1193,8.1193,8.1193,8.1193,8.1193,8.1193,8.1193,8.1193,8.1193,8.1193,8.1193,8.1193,8.1193,8.1193,8.1193,8.1193,8.1193,8.1193,8.1193,8.1193,8.1193,8.1193,8.1193,8.1193,8.1193,8.1193,8.1193,8.1193,8.1193,8.1193,8.1193,8.1193,8.1193,8.1193,8.1193,8.1193,8.1193,8.1193,8.1193,8.1193,8.1193,8.1193,8.1193,8.1193,8.1193,8.1193,8.1193,8.1193,8.1193,8.1193,8.1193,8.1193,8.1193,8.1193,8.1193,8.1193,8.1193,8.1193,8.1193,8.1193,8.1193,8.1193,8.1193,8.1193,8.1193,8.1193,8.1193,8.1193,8.1193,8.1193,8.1193,8.1193,8.1193,8.1193,8.1193,8.1193,8.1193,8.1193,8.1193,8.1193,8.1193,8.1193,8.1193,8.1193,8.1193,8.1193,8.1193,8.1193,8.1193,8.1193,8.1193,8.1193,8.1193,8.1193,8.1193,8.1193,8.1193,8.1193,8.1193,8.1193,8.1193,8.1193,8.1193,8.1193,8.1193,8.1193,8.1193,8.1193,8.1193,8.1193,8.1193,8.1193,8.1193,8.1193,8.1193,8.1193,8.1193,8.1193,8.1193,8.1193,8.1193,8.1193,8.1193,8.1193,8.1193,8.1193,8.1193,8.1193,8.1193,8.1193,8.1193,8.1193,8.1193,8.1193,8.1193,8.1193,8.1193,8.1193,8.1193,8.1193,8.1193,8.1193
8.1119,8.1119,8.1119,8.1119,8.1119,8.1119,8.1119,8.1119,8.1119,8.1119,8.1119,8.1119,8.1119,8.1119,8.1119,8.1119,8.1119,8.1119,8.1119,8.1119,8.1119,8.1119,8.1119,8.1119,8.1119,8.1119,8.1119,8.1119,8.1119,8.1119,8.1119,8.1119,8.1119,8.1119,8.1119,8.1119,8.1119,8.1119,8.1119,8.1119,8.1119,8.1119,8.1119,8.1119,8.1119,8.1119,8.1119,8.1119,8.1119,8.1119,8.1119,8.1119,8.1119,8.1119,8.1119,8.1119,8.1119,8.1119,8.1119,8.1119,8.1119,8.1119,8.1119,8.1119,8.1119,8.1119,8.1119,8.1119,8.1119,8.1119,8.1119,8.1119,8.1119,8.1119,8.1119,8.1119,8.1119,8.1119,8.1119,8.1119,8.1119,8.1119,8.1119,8.1119,8.1119,8.1119,8.1119,8.1119,8.1119,8.1119,8.1119,8.1119,8.1119,8.1119,8.1119,8.1119,8.1119,8.1119,8.1119,8.1119,8.1119,8.1119,8.1119,8.1119,8.1119,8.1119,8.1119,8.1119,8.1119,8.1119,8.1119,8.1119,8.1119,8.1119,8.1119,8.1119,8.1119,8.1119,8.1119,8.1119,8.1119,8.1119,8.1119,8.1119,8.1119,8.1119,8.1119,8.1119,8.1119,8.1119,8.1119,8.1119,8.1119,8.1119,8.1119,8.1119,8.1119,8.1119,8.1119,8.1119,8.1119,8.1119,8.1119,8.1119,8.1119,8.1119,8.1119,8.1119,8.1119,8.1119,8.1119,8.1119,8.1119,8.1119,8.1119,8.1119,8.1119,8.1119,8.1119,8.1119,8.1119,8.1119,8.1119,8.1119,8.1119,8.1119,8.1119,8.1119,8.1119,8.1119,8.1119,8.1119,8.1119,8.1119,8.1119,8.1119,8.1119,8.1119,8.1119,8.1119,8.1119,8.1119,8.1119,8.1119,8.1119,8.1119,8.1119,8.1119,8.1119,8.1119,8.1119,8.1119,8.1119,8.1119,8.1119,8.1119,8.1119,8.1119,8.1119,8.1119,8.1119,8.1119,8.1119,8.1119,8.1119,8.1119,8.1119,8.1119,8.1119,8.1119,8.1119,8.1119,8.1119,8.1119,8.1119,8.1119,8.1119,8.1119,8.1119,8.1119,8.1119,8.1119,8.1119,8.1119,8.1119,8.1119,8.1119,8.1119,8.1119,8.1119,8.1119,8.1119,8.1119,8.1119,8.1119,8.1119,8.1119,8.1119,8.1119,8.1119,8.1119,8.1119,8.1119,8.1119,8.1119,8.1119,8.1119,8.1119,8.1119,8.1119,8.1119,8.1119,8.1119,8.1119,8.1119,8.1119,8.1119,8.1119,8.1119,8.1119,8.1119,8.1119,8.1119,8.1119,8.1119,8.1119,8.1119,8.1119,8.1119,8.1119,8.1119,8.1119,8.1119,8.1119,8.1119,8.1119,8.1119,8.1119,8.1119,8.1119,8.1119,8.1119,8.1119,8.1119,8.1119,8.1119,8.1119,8.1119,8.1119,8.1119,8.1119,8.1119,8.1119,8.1119,8.1119,8.1119,8.1119,8.1119,8.1119,8.1119,8.1119,8.1119,8.1119,8.1119,8.1119,8.1119,8.1119,8.1119,8.1119,8.1119,8.1119,8.1119,8.1119,8.1119,8.1119,8.1119,8.1119,8.1119,8.1119,8.1119,8.1119,8.1119,8.1119,8.1119,8.1119,8.1119,8.1119,8.1119,8.1119,8.1119,8.1119,8.1119,8.1119,8.1119,8.1119,8.1119,8.1119,8.1119,8.1119,8.1119,8.1119,8.1119,8.1119,8.1119,8.1119,8.1119,8.1119,8.1119,8.1119,8.1119,8.1119,8.1119,8.1119,8.1119,8.1119,8.1119,8.1119,8.1119,8.1119,8.1119,8.1119,8.1119,8.1119,8.1119,8.1119,8.1119,8.1119,8.1119,8.1119,8.1119,8.1119,8.1119,8.1119,8.1119,8.1119,8.1119,8.1119,8.1119,8.1119,8.1119,8.1119,8.1119,8.1119,8.1119,8.1119,8.1119,8.1119,8.1119,8.1119,8.1119,8.1119,8.1119,8.1119,8.1119,8.1119,8.1119,8.1119,8.1119,8.1119,8.1119,8.1119,8.1119,8.1119,8.1119,8.1119,8.1119,8.1119,8.1119,8.1119,8.1119,8.1119,8.1119,8.1119,8.1119,8.1119,8.1119,8.1119,8.1119,8.1119,8.1119,8.1119,8.1119,8.1119,8.1119,8.1119,8.1119,8.1119,8.1119,8.1119,8.1119,8.1119,8.1119,8.1119,8.1119,8.1119,8.1119,8.1119,8.1119,8.1119,8.1119,8.1119,8.1119,8.1119,8.1119,8.1119,8.1119,8.1119,8.1119,8.1119,8.1119,8.1119,8.1119,8.1119,8.1119,8.1119,8.1119,8.1119,8.1119,8.1119,8.1119,8.1119,8.1119,8.1119,8.1119,8.1119,8.1119,8.1119,8.1119,8.1119,8.1119,8.1119,8.1119,8.1119,8.1119,8.1119,8.1119,8.1119,8.1119,8.1119,8.1119,8.1119,8.1119,8.1119,8.1119,8.1119,8.1119,8.1119,8.1119,8.1119,8.1119,8.1119,8.1119,8.1119,8.1119,8.1119,8.1119,8.1119,8.1119,8.1119,8.1119,8.1119,8.1119,8.1119,8.1119,8.1119,8.1119,8.1119,8.1119,8.1119,8.1119,8.1119,8.1119,8.1119,8.1119,8.1119,8.1119,8.1119,8.1119,8.1119,8.1119,8.1119,8.1119,8.1119,8.1119,8.1119,8.1119,8.1119,8.1119,8.1119,8.1119,8.1119,8.1119,8.1119,8.1119,8.1119,8.1119,8.1119,8.1119,8.1119,8.1119,8.1119,8.1119,8.1119,8.1119,8.1119,8.1119,8.1119,8.1119,8.1119,8.1119,8.1119,8.1119,8.1119,8.1119,8.1119,8.1119,8.1119,8.1119,8.1119,8.1119,8.1119,8.1119,8.1119,8.1119,8.1119,8.1119,8.1119,8.1119,8.1119,8.1119,8.1119,8.1119,8.1119,8.1119,8.1119,8.1119,8.1119,8.1119,8.1119,8.1119,8.1119,8.1119,8.1119,8.1119,8.1119,8.1119,8.1119,8.1119,8.1119,8.1119,8.1119,8.1119,8.1119,8.1119,8.1119,8.1119,8.1119,8.1119,8.1119,8.1119,8.1119,8.1119,8.1119,8.1119,8.1119,8.1119,8.1119,8.1119,8.1119,8.1119,8.1119,8.1119,8.1119,8.1119,8.1119,8.1119,8.1119,8.1119,8.1119,8.1119,8.1119,8.1119,8.1119,8.1119,8.1119,8.1119,8.1119,8.1119,8.1119,8.1119,8.1119,8.1119,8.1119,8.1119,8.1119,8.1119,8.1119,8.1119,8.1119,8.1119,8.1119,8.1119,8.1119,8.1119,8.1119,8.1119,8.1119,8.1119,8.1119,8.1119,8.1119,8.1119,8.1119,8.1119,8.1119,8.1119,8.1119,8.1119,8.1119,8.1119,8.1119,8.1119,8.1119,8.1119,8.1119,8.1119,8.1119,8.1119,8.1119,8.1119,8.1119,8.1119,8.1119,8.1119,8.1119,8.1119,8.1119,8.1119,8.1119,8.1119,8.1119,8.1119,8.1119,8.1119,8.1119,8.1119,8.1119,8.1119,8.1119,8.1119,8.1119,8.1119,8.1119,8.1119,8.1119,8.1119,8.1119,8.1119,8.1119,8.1119,8.1119,8.1119,8.1119,8.1119,8.1119,8.1119,8.1119,8.1119,8.1119,8.1119,8.1119,8.1119,8.1119,8.1119,8.1119,8.1119,8.1119,8.1119,8.1119,8.1119,8.1119,8.1119,8.1119,8.1119,8.1119,8.1119,8.1119,8.1119,8.1119,8.1119,8.1119,8.1119,8.1119,8.1119,8.1119,8.1119,8.1119,8.1119,8.1119,8.1119,8.1119,8.1119,8.1119,8.1119,8.1119,8.1119,8.1119,8.1119,8.1119,8.1119,8.1119,8.1119,8.1119,8.1119,8.1119,8.1119,8.1119,8.1119,8.1119,8.1119,8.1119,8.1119,8.1119,8.1119,8.1119,8.1119,8.1119,8.1119,8.1119,8.1119,8.1119,8.1119,8.1119,8.1119,8.1119,8.1119,8.1119,8.1119,8.1119,8.1119,8.1119,8.1119,8.1119,8.1119,8.1119,8.1119,8.1119,8.1119,8.1119,8.1119,8.1119,8.1119,8.1119,8.1119,8.1119,8.1119,8.1119,8.1119,8.1119,8.1119,8.1119,8.1119,8.1119,8.1119,8.1119,8.1119,8.1119,8.1119,8.1119,8.1119,8.1119,8.1119,8.1119,8.1119,8.1119,8.1119,8.1119,8.1119,8.1119,8.1119,8.1119,8.1119,8.1119,8.1119,8.1119,8.1119,8.1119,8.1119,8.1119,8.1119,8.1119,8.1119,8.1119,8.1119,8.1119,8.1119,8.1119,8.1119,8.1119,8.1119,8.1119,8.1119,8.1119,8.1119,8.1119,8.1119,8.1119,8.1119,8.1119,8.1119,8.1119,8.1119,8.1119,8.1119,8.1119,8.1119,8.1119,8.1119,8.1119,8.1119,8.1119,8.1119,8.1119,8.1119,8.1119,8.1119,8.1119,8.1119,8.1119,8.1119,8.1119,8.1119,8.1119,8.1119,8.1119,8.1119,8.1119,8.1119,8.1119,8.1119,8.1119,8.1119,8.1119,8.1119,8.1119,8.1119,8.1119,8.1119,8.1119,8.1119,8.1119,8.1119,8.1119,8.1119,8.1119,8.1119,8.1119,8.1119,8.1119,8.1119,8.1119,8.1119,8.1119,8.1119,8.1119,8.1119,8.1119,8.1119,8.1119,8.1119,8.1119,8.1119,8.1119,8.1119,8.1119,8.1119,8.1119,8.1119,8.1119,8.1119,8.1119,8.1119,8.1119,8.1119,8.1119,8.1119,8.1119,8.1119,8.1119,8.1119,8.1119,8.1119,8.1119,8.1119,8.1119,8.1119,8.1119,8.1119,8.1119,8.1119,8.1119,8.1119,8.1119,8.1119,8.1119,8.1119,8.1119,8.1119,8.1119,8.1119,8.1119,8.1119,8.1119,8.1119,8.1119,8.1119,8.1119,8.1119,8.1119,8.1119
8.1052,8.1052,8.1052,8.1052,8.1052,8.1052,8.1052,8.1052,8.1052,8.1052,8.1052,8.1052,8.1052,8.1052,8.1052,8.1052,8.1052,8.1052,8.1052,8.1052,8.1052,8.1052,8.1052,8.1052,8.1052,8.1052,8.1052,8.1052,8.1052,8.1052,8.1052,8.1052,8.1052,8.1052,8.1052,8.1052,8.1052,8.1052,8.1052,8.1052,8.1052,8.1052,8.1052,8.1052,8.1052,8.1052,8.1052,8.1052,8.1052,8.1052,8.1052,8.1052,8.1052,8.1052,8.1052,8.1052,8.1052,8.1052,8.1052,8.1052,8.1052,8.1052,8.1052,8.1052,8.1052,8.1052,8.1052,8.1052,8.1052,8.1052,8.1052,8.1052,8.1052,8.1052,8.1052,8.1052,8.1052,8.1052,8.1052,8.1052,8.1052,8.1052,8.1052,8.1052,8.1052,8.1052,8.1052,8.1052,8.1052,8.1052,8.1052,8.1052,8.1052,8.1052,8.1052,8.1052,8.1052,8.1052,8.1052,8.1052,8.1052,8.1052,8.1052,8.1052,8.1052,8.1052,8.1052,8.1052,8.1052,8.1052,8.1052,8.1052,8.1052,8.1052,8.1052,8.1052,8.1052,8.1052,8.1052,8.1052,8.1052,8.1052,8.1052,8.1052,8.1052,8.1052,8.1052,8.1052,8.1052,8.1052,8.1052,8.1052,8.1052,8.1052,8.1052,8.1052,8.1052,8.1052,8.1052,8.1052,8.1052,8.1052,8.1052,8.1052,8.1052,8.1052,8.1052,8.1052,8.1052,8.1052,8.1052,8.1052,8.1052,8.1052,8.1052,8.1052,8.1052,8.1052,8.1052,8.1052,8.1052,8.1052,8.1052,8.1052,8.1052,8.1052,8.1052,8.1052,8.1052,8.1052,8.1052,8.1052,8.1052,8.1052,8.1052,8.1052,8.1052,8.1052,8.1052,8.1052,8.1052,8.1052,8.1052,8.1052,8.1052,8.1052,8.1052,8.1052,8.1052,8.1052,8.1052,8.1052,8.1052,8.1052,8.1052,8.1052,8.1052,8.1052,8.1052,8.1052,8.1052,8.1052,8.1052,8.1052,8.1052,8.1052,8.1052,8.1052,8.1052,8.1052,8.1052,8.1052,8.1052,8.1052,8.1052,8.1052,8.1052,8.1052,8.1052,8.1052,8.1052,8.1052,8.1052,8.1052,8.1052,8.1052,8.1052,8.1052,8.1052,8.1052,8.1052,8.1052,8.1052,8.1052,8.1052,8.1052,8.1052,8.1052,8.1052,8.1052,8.1052,8.1052,8.1052,8.1052,8.1052,8.1052,8.1052,8.1052,8.1052,8.1052,8.1052,8.1052,8.1052,8.1052,8.1052,8.1052,8.1052,8.1052,8.1052,8.1052,8.1052,8.1052,8.1052,8.1052,8.1052,8.1052,8.1052,8.1052,8.1052,8.1052,8.1052,8.1052,8.1052,8.1052,8.1052,8.1052,8.1052,8.1052,8.1052,8.1052,8.1052,8.1052,8.1052,8.1052,8.1052,8.1052,8.1052,8.1052,8.1052,8.1052,8.1052,8.1052,8.1052,8.1052,8.1052,8.1052,8.1052,8.1052,8.1052,8.1052,8.1052,8.1052,8.1052,8.1052,8.1052,8.1052,8.1052,8.1052,8.1052,8.1052,8.1052,8.1052,8.1052,8.1052,8.1052,8.1052,8.1052,8.1052,8.1052,8.1052,8.1052,8.1052,8.1052,8.1052,8.1052,8.1052,8.1052,8.1052,8.1052,8.1052,8.1052,8.1052,8.1052,8.1052,8.1052,8.1052,8.1052,8.1052,8.1052,8.1052,8.1052,8.1052,8.1052,8.1052,8.1052,8.1052,8.1052,8.1052,8.1052,8.1052,8.1052,8.1052,8.1052,8.1052,8.1052,8.1052,8.1052,8.1052,8.1052,8.1052,8.1052,8.1052,8.1052,8.1052,8.1052,8.1052,8.1052,8.1052,8.1052,8.1052,8.1052,8.1052,8.1052,8.1052,8.1052,8.1052,8.1052,8.1052,8.1052,8.1052,8.1052,8.1052,8.1052,8.1052,8.1052,8.1052,8.1052,8.1052,8.1052,8.1052,8.1052,8.1052,8.1052,8.1052,8.1052,8.1052,8.1052,8.1052,8.1052,8.1052,8.1052,8.1052,8.1052,8.1052,8.1052,8.1052,8.1052,8.1052,8.1052,8.1052,8.1052,8.1052,8.1052,8.1052,8.1052,8.1052,8.1052,8.1052,8.1052,8.1052,8.1052,8.1052,8.1052,8.1052,8.1052,8.1052,8.1052,8.1052,8.1052,8.1052,8.1052,8.1052,8.1052,8.1052,8.1052,8.1052,8.1052,8.1052,8.1052,8.1052,8.1052,8.1052,8.1052,8.1052,8.1052,8.1052,8.1052,8.1052,8.1052,8.1052,8.1052,8.1052,8.1052,8.1052,8.1052,8.1052,8.1052,8.1052,8.1052,8.1052,8.1052,8.1052,8.1052,8.1052,8.1052,8.1052,8.1052,8.1052,8.1052,8.1052,8.1052,8.1052,8.1052,8.1052,8.1052,8.1052,8.1052,8.1052,8.1052,8.1052,8.1052,8.1052,8.1052,8.1052,8.1052,8.1052,8.1052,8.1052,8.1052,8.1052,8.1052,8.1052,8.1052,8.1052,8.1052,8.1052,8.1052,8.1052,8.1052,8.1052,8.1052,8.1052,8.1052,8.1052,8.1052,8.1052,8.1052,8.1052,8.1052,8.1052,8.1052,8.1052,8.1052,8.1052,8.1052,8.1052,8.1052,8.1052,8.1052,8.1052,8.1052,8.1052,8.1052,8.1052,8.1052,8.1052,8.1052,8.1052,8.1052,8.1052,8.1052,8.1052,8.1052,8.1052,8.1052,8.1052,8.1052,8.1052,8.1052,8.1052,8.1052,8.1052,8.1052,8.1052,8.1052,8.1052,8.1052,8.1052,8.1052,8.1052,8.1052,8.1052,8.1052,8.1052,8.1052,8.1052,8.1052,8.1052,8.1052,8.1052,8.1052,8.1052,8.1052,8.1052,8.1052,8.1052,8.1052,8.1052,8.1052,8.1052,8.1052,8.1052,8.1052,8.1052,8.1052,8.1052,8.1052,8.1052,8.1052,8.1052,8.1052,8.1052,8.1052,8.1052,8.1052,8.1052,8.1052,8.1052,8.1052,8.1052,8.1052,8.1052,8.1052,8.1052,8.1052,8.1052,8.1052,8.1052,8.1052,8.1052,8.1052,8.1052,8.1052,8.1052,8.1052,8.1052,8.1052,8.1052,8.1052,8.1052,8.1052,8.1052,8.1052,8.1052,8.1052,8.1052,8.1052,8.1052,8.1052,8.1052,8.1052,8.1052,8.1052,8.1052,8.1052,8.1052,8.1052,8.1052,8.1052,8.1052,8.1052,8.1052,8.1052,8.1052,8.1052,8.1052,8.1052,8.1052,8.1052,8.1052,8.1052,8.1052,8.1052,8.1052,8.1052,8.1052,8.1052,8.1052,8.1052,8.1052,8.1052,8.1052,8.1052,8.1052,8.1052,8.1052,8.1052,8.1052,8.1052,8.1052,8.1052,8.1052,8.1052,8.1052,8.1052,8.1052,8.1052,8.1052,8.1052,8.1052,8.1052,8.1052,8.1052,8.1052,8.1052,8.1052,8.1052,8.1052,8.1052,8.1052,8.1052,8.1052,8.1052,8.1052,8.1052,8.1052,8.1052,8.1052,8.1052,8.1052,8.1052,8.1052,8.1052,8.1052,8.1052,8.1052,8.1052,8.1052,8.1052,8.1052,8.1052,8.1052,8.1052,8.1052,8.1052,8.1052,8.1052,8.1052,8.1052,8.1052,8.1052,8.1052,8.1052,8.1052,8.1052,8.1052,8.1052,8.1052,8.1052,8.1052,8.1052,8.1052,8.1052,8.1052,8.1052,8.1052,8.1052,8.1052,8.1052,8.1052,8.1052,8.1052,8.1052,8.1052,8.1052,8.1052,8.1052,8.1052,8.1052,8.1052,8.1052,8.1052,8.1052,8.1052,8.1052,8.1052,8.1052,8.1052,8.1052,8.1052,8.1052,8.1052,8.1052,8.1052,8.1052,8.1052,8.1052,8.1052,8.1052,8.1052,8.1052,8.1052,8.1052,8.1052,8.1052,8.1052,8.1052,8.1052,8.1052,8.1052,8.1052,8.1052,8.1052,8.1052,8.1052,8.1052,8.1052,8.1052,8.1052,8.1052,8.1052,8.1052,8.1052,8.1052,8.1052,8.1052,8.1052,8.1052,8.1052,8.1052,8.1052,8.1052,8.1052,8.1052,8.1052,8.1052,8.1052,8.1052,8.1052,8.1052,8.1052,8.1052,8.1052,8.1052,8.1052,8.1052,8.1052,8.1052,8.1052,8.1052,8.1052,8.1052,8.1052,8.1052,8.1052,8.1052,8.1052,8.1052,8.1052,8.1052,8.1052,8.1052,8.1052,8.1052,8.1052,8.1052,8.1052,8.1052,8.1052,8.1052,8.1052,8.1052,8.1052,8.1052,8.1052,8.1052,8.1052,8.1052,8.1052,8.1052,8.1052,8.1052,8.1052,8.1052,8.1052,8.1052,8.1052,8.1052,8.1052,8.1052,8.1052,8.1052,8.1052,8.1052,8.1052,8.1052,8.1052,8.1052,8.1052,8.1052,8.1052,8.1052,8.1052,8.1052,8.1052,8.1052,8.1052,8.1052,8.1052,8.1052,8.1052,8.1052,8.1052,8.1052,8.1052,8.1052,8.1052,8.1052,8.1052,8.1052,8.1052,8.1052,8.1052,8.1052,8.1052,8.1052,8.1052,8.1052,8.1052,8.1052,8.1052,8.1052,8.1052,8.1052,8.1052,8.1052,8.1052,8.1052,8.1052,8.1052,8.1052,8.1052,8.1052,8.1052,8.1052,8.1052,8.1052,8.1052,8.1052,8.1052,8.1052,8.1052,8.1052,8.1052,8.1052,8.1052,8.1052,8.1052,8.1052,8.1052,8.1052,8.1052,8.1052,8.1052,8.1052,8.1052,8.1052,8.1052,8.1052,8.1052,8.1052,8.1052,8.1052,8.1052,8.1052,8.1052,8.1052,8.1052,8.1052,8.1052,8.1052,8.1052,8.1052,8.1052,8.1052,8.1052,8.1052,8.1052,8.1052,8.1052,8.1052,8.1052,8.1052,8.1052,8.1052,8.1052,8.1052,8.1052,8.1052,8.1052
8.0978,8.0978,8.0978,8.0978,8.0978,8.0978,8.0978,8.0978,8.0978,8.0978,8.0978,8.0978,8.0978,8.0978,8.0978,8.0978,8.0978,8.0978,8.0978,8.0978,8.0978,8.0978,8.0978,8.0978,8.0978,8.0978,8.0978,8.0978,8.0978,8.0978,8.0978,8.0978,8.0978,8.0978,8.0978,8.0978,8.0978,8.0978,8.0978,8.0978,8.0978,8.0978,8.0978,8.0978,8.0978,8.0978,8.0978,8.0978,8.0978,8.0978,8.0978,8.0978,8.0978,8.0978,8.0978,8.0978,8.0978,8.0978,8.0978,8.0978,8.0978,8.0978,8.0978,8.0978,8.0978,8.0978,8.0978,8.0978,8.0978,8.0978,8.0978,8.0978,8.0978,8.0978,8.0978,8.0978,8.0978,8.0978,8.0978,8.0978,8.0978,8.0978,8.0978,8.0978,8.0978,8.0978,8.0978,8.0978,8.0978,8.0978,8.0978,8.0978,8.0978,8.0978,8.0978,8.0978,8.0978,8.0978,8.0978,8.0978,8.0978,8.0978,8.0978,8.0978,8.0978,8.0978,8.0978,8.0978,8.0978,8.0978,8.0978,8.0978,8.0978,8.0978,8.0978,8.0978,8.0978,8.0978,8.0978,8.0978,8.0978,8.0978,8.0978,8.0978,8.0978,8.0978,8.0978,8.0978,8.0978,8.0978,8.0978,8.0978,8.0978,8.0978,8.0978,8.0978,8.0978,8.0978,8.0978,8.0978,8.0978,8.0978,8.0978,8.0978,8.0978,8.0978,8.0978,8.0978,8.0978,8.0978,8.0978,8.0978,8.0978,8.0978,8.0978,8.0978,8.0978,8.0978,8.0978,8.0978,8.0978,8.0978,8.0978,8.0978,8.0978,8.0978,8.0978,8.0978,8.0978,8.0978,8.0978,8.0978,8.0978,8.0978,8.0978,8.0978,8.0978,8.0978,8.0978,8.0978,8.0978,8.0978,8.0978,8.0978,8.0978,8.0978,8.0978,8.0978,8.0978,8.0978,8.0978,8.0978,8.0978,8.0978,8.0978,8.0978,8.0978,8.0978,8.0978,8.0978,8.0978,8.0978,8.0978,8.0978,8.0978,8.0978,8.0978,8.0978,8.0978,8.0978,8.0978,8.0978,8.0978,8.0978,8.0978,8.0978,8.0978,8.0978,8.0978,8.0978,8.0978,8.0978,8.0978,8.0978,8.0978,8.0978,8.0978,8.0978,8.0978,8.0978,8.0978,8.0978,8.0978,8.0978,8.0978,8.0978,8.0978,8.0978,8.0978,8.0978,8.0978,8.0978,8.0978,8.0978,8.0978,8.0978,8.0978,8.0978,8.0978,8.0978,8.0978,8.0978,8.0978,8.0978,8.0978,8.0978,8.0978,8.0978,8.0978,8.0978,8.0978,8.0978,8.0978,8.0978,8.0978,8.0978,8.0978,8.0978,8.0978,8.0978,8.0978,8.0978,8.0978,8.0978,8.0978,8.0978,8.0978,8.0978,8.0978,8.0978,8.0978,8.0978,8.0978,8.0978,8.0978,8.0978,8.0978,8.0978,8.0978,8.0978,8.0978,8.0978,8.0978,8.0978,8.0978,8.0978,8.0978,8.0978,8.0978,8.0978,8.0978,8.0978,8.0978,8.0978,8.0978,8.0978,8.0978,8.0978,8.0978,8.0978,8.0978,8.0978,8.0978,8.0978,8.0978,8.0978,8.0978,8.0978,8.0978,8.0978,8.0978,8.0978,8.0978,8.0978,8.0978,8.0978,8.0978,8.0978,8.0978,8.0978,8.0978,8.0978,8.0978,8.0978,8.0978,8.0978,8.0978,8.0978,8.0978,8.0978,8.0978,8.0978,8.0978,8.0978,8.0978,8.0978,8.0978,8.0978,8.0978,8.0978,8.0978,8.0978,8.0978,8.0978,8.0978,8.0978,8.0978,8.0978,8.0978,8.0978,8.0978,8.0978,8.0978,8.0978,8.0978,8.0978,8.0978,8.0978,8.0978,8.0978,8.0978,8.0978,8.0978,8.0978,8.0978,8.0978,8.0978,8.0978,8.0978,8.0978,8.0978,8.0978,8.0978,8.0978,8.0978,8.0978,8.0978,8.0978,8.0978,8.0978,8.0978,8.0978,8.0978,8.0978,8.0978,8.0978,8.0978,8.0978,8.0978,8.0978,8.0978,8.0978,8.0978,8.0978,8.0978,8.0978,8.0978,8.0978,8.0978,8.0978,8.0978,8.0978,8.0978,8.0978,8.0978,8.0978,8.0978,8.0978,8.0978,8.0978,8.0978,8.0978,8.0978,8.0978,8.0978,8.0978,8.0978,8.0978,8.0978,8.0978,8.0978,8.0978,8.0978,8.0978,8.0978,8.0978,8.0978,8.0978,8.0978,8.0978,8.0978,8.0978,8.0978,8.0978,8.0978,8.0978,8.0978,8.0978,8.0978,8.0978,8.0978,8.0978,8.0978,8.0978,8.0978,8.0978,8.0978,8.0978,8.0978,8.0978,8.0978,8.0978,8.0978,8.0978,8.0978,8.0978,8.0978,8.0978,8.0978,8.0978,8.0978,8.0978,8.0978,8.0978,8.0978,8.0978,8.0978,8.0978,8.0978,8.0978,8.0978,8.0978,8.0978,8.0978,8.0978,8.0978,8.0978,8.0978,8.0978,8.0978,8.0978,8.0978,8.0978,8.0978,8.0978,8.0978,8.0978,8.0978,8.0978,8.0978,8.0978,8.0978,8.0978,8.0978,8.0978,8.0978,8.0978,8.0978,8.0978,8.0978,8.0978,8.0978,8.0978,8.0978,8.0978,8.0978,8.0978,8.0978,8.0978,8.0978,8.0978,8.0978,8.0978,8.0978,8.0978,8.0978,8.0978,8.0978,8.0978,8.0978,8.0978,8.0978,8.0978,8.0978,8.0978,8.0978,8.0978,8.0978,8.0978,8.0978,8.0978,8.0978,8.0978,8.0978,8.0978,8.0978,8.0978,8.0978,8.0978,8.0978,8.0978,8.0978,8.0978,8.0978,8.0978,8.0978,8.0978,8.0978,8.0978,8.0978,8.0978,8.0978,8.0978,8.0978,8.0978,8.0978,8.0978,8.0978,8.0978,8.0978,8.0978,8.0978,8.0978,8.0978,8.0978,8.0978,8.0978,8.0978,8.0978,8.0978,8.0978,8.0978,8.0978,8.0978,8.0978,8.0978,8.0978,8.0978,8.0978,8.0978,8.0978,8.0978,8.0978,8.0978,8.0978,8.0978,8.0978,8.0978,8.0978,8.0978,8.0978,8.0978,8.0978,8.0978,8.0978,8.0978,8.0978,8.0978,8.0978,8.0978,8.0978,8.0978,8.0978,8.0978,8.0978,8.0978,8.0978,8.0978,8.0978,8.0978,8.0978,8.0978,8.0978,8.0978,8.0978,8.0978,8.0978,8.0978,8.0978,8.0978,8.0978,8.0978,8.0978,8.0978,8.0978,8.0978,8.0978,8.0978,8.0978,8.0978,8.0978,8.0978,8.0978,8.0978,8.0978,8.0978,8.0978,8.0978,8.0978,8.0978,8.0978,8.0978,8.0978,8.0978,8.0978,8.0978,8.0978,8.0978,8.0978,8.0978,8.0978,8.0978,8.0978,8.0978,8.0978,8.0978,8.0978,8.0978,8.0978,8.0978,8.0978,8.0978,8.0978,8.0978,8.0978,8.0978,8.0978,8.0978,8.0978,8.0978,8.0978,8.0978,8.0978,8.0978,8.0978,8.0978,8.0978,8.0978,8.0978,8.0978,8.0978,8.0978,8.0978,8.0978,8.0978,8.0978,8.0978,8.0978,8.0978,8.0978,8.0978,8.0978,8.0978,8.0978,8.0978,8.0978,8.0978,8.0978,8.0978,8.0978,8.0978,8.0978,8.0978,8.0978,8.0978,8.0978,8.0978,8.0978,8.0978,8.0978,8.0978,8.0978,8.0978,8.0978,8.0978,8.0978,8.0978,8.0978,8.0978,8.0978,8.0978,8.0978,8.0978,8.0978,8.0978,8.0978,8.0978,8.0978,8.0978,8.0978,8.0978,8.0978,8.0978,8.0978,8.0978,8.0978,8.0978,8.0978,8.0978,8.0978,8.0978,8.0978,8.0978,8.0978,8.0978,8.0978,8.0978,8.0978,8.0978,8.0978,8.0978,8.0978,8.0978,8.0978,8.0978,8.0978,8.0978,8.0978,8.0978,8.0978,8.0978,8.0978,8.0978,8.0978,8.0978,8.0978,8.0978,8.0978,8.0978,8.0978,8.0978,8.0978,8.0978,8.0978,8.0978,8.0978,8.0978,8.0978,8.0978,8.0978,8.0978,8.0978,8.0978,8.0978,8.0978,8.0978,8.0978,8.0978,8.0978,8.0978,8.0978,8.0978,8.0978,8.0978,8.0978,8.0978,8.0978,8.0978,8.0978,8.0978,8.0978,8.0978,8.0978,8.0978,8.0978,8.0978,8.0978,8.0978,8.0978,8.0978,8.0978,8.0978,8.0978,8.0978,8.0978,8.0978,8.0978,8.0978,8.0978,8.0978,8.0978,8.0978,8.0978,8.0978,8.0978,8.0978,8.0978,8.0978,8.0978,8.0978,8.0978,8.0978,8.0978,8.0978,8.0978,8.0978,8.0978,8.0978,8.0978,8.0978,8.0978,8.0978,8.0978,8.0978,8.0978,8.0978,8.0978,8.0978,8.0978,8.0978,8.0978,8.0978,8.0978,8.0978,8.0978,8.0978,8.0978,8.0978,8.0978,8.0978,8.0978,8.0978,8.0978,8.0978,8.0978,8.0978,8.0978,8.0978,8.0978,8.0978,8.0978,8.0978,8.0978,8.0978,8.0978,8.0978,8.0978,8.0978,8.0978,8.0978,8.0978,8.0978,8.0978,8.0978,8.0978,8.0978,8.0978,8.0978,8.0978,8.0978,8.0978,8.0978,8.0978,8.0978,8.0978,8.0978,8.0978,8.0978,8.0978,8.0978,8.0978,8.0978,8.0978,8.0978,8.0978,8.0978,8.0978,8.0978,8.0978,8.0978,8.0978,8.0978,8.0978,8.0978,8.0978,8.0978,8.0978,8.0978,8.0978,8.0978,8.0978,8.0978,8.0978,8.0978,8.0978,8.0978,8.0978,8.0978,8.0978,8.0978,8.0978,8.0978,8.0978,8.0978,8.0978,8.0978,8.0978,8.0978,8.0978,8.0978,8.0978,8.0978,8.0978,8.0978,8.0978,8.0978,8.0978,8.0978,8.0978,8.0978
8.0900,8.0900,8.0900,8.0900,8.0900,8.0900,8.0900,8.0900,8.0900,8.0900,8.0900,8.0900,8.0900,8.0900,8.0900,8.0900,8.0900,8.0900,8.0900,8.0900,8.0900,8.0900,8.0900,8.0900,8.0900,8.0900,8.0900,8.0900,8.0900,8.0900,8.0900,8.0900,8.0900,8.0900,8.0900,8.0900,8.0900,8.0900,8.0900,8.0900,8.0900,8.0900,8.0900,8.0900,8.0900,8.0900,8.0900,8.0900,8.0900,8.0900,8.0900,8.0900,8.0900,8.0900,8.0900,8.0900,8.0900,8.0900,8.0900,8.0900,8.0900,8.0900,8.0900,8.0900,8.0900,8.0900,8.0900,8.0900,8.0900,8.0900,8.0900,8.0900,8.0900,8.0900,8.0900,8.0900,8.0900,8.0900,8.0900,8.0900,8.0900,8.0900,8.0900,8.0900,8.0900,8.0900,8.0900,8.0900,8.0900,8.0900,8.0900,8.0900,8.0900,8.0900,8.0900,8.0900,8.0900,8.0900,8.0900,8.0900,8.0900,8.0900,8.0900,8.0900,8.0900,8.0900,8.0900,8.0900,8.0900,8.0900,8.0900,8.0900,8.0900,8.0900,8.0900,8.0900,8.0900,8.0900,8.0900,8.0900,8.0900,8.0900,8.0900,8.0900,8.0900,8.0900,8.0900,8.0900,8.0900,8.0900,8.0900,8.0900,8.0900,8.0900,8.0900,8.0900,8.0900,8.0900,8.0900,8.0900,8.0900,8.0900,8.0900,8.0900,8.0900,8.0900,8.0900,8.0900,8.0900,8.0900,8.0900,8.0900,8.0900,8.0900,8.0900,8.0900,8.0900,8.0900,8.0900,8.0900,8.0900,8.0900,8.0900,8.0900,8.0900,8.0900,8.0900,8.0900,8.0900,8.0900,8.0900,8.0900,8.0900,8.0900,8.0900,8.0900,8.0900,8.0900,8.0900,8.0900,8.0900,8.0900,8.0900,8.0900,8.0900,8.0900,8.0900,8.0900,8.0900,8.0900,8.0900,8.0900,8.0900,8.0900,8.0900,8.0900,8.0900,8.0900,8.0900,8.0900,8.0900,8.0900,8.0900,8.0900,8.0900,8.0900,8.0900,8.0900,8.0900,8.0900,8.0900,8.0900,8.0900,8.0900,8.0900,8.0900,8.0900,8.0900,8.0900,8.0900,8.0900,8.0900,8.0900,8.0900,8.0900,8.0900,8.0900,8.0900,8.0900,8.0900,8.0900,8.0900,8.0900,8.0900,8.0900,8.0900,8.0900,8.0900,8.0900,8.0900,8.0900,8.0900,8.0900,8.0900,8.0900,8.0900,8.0900,8.0900,8.0900,8.0900,8.0900,8.0900,8.0900,8.0900,8.0900,8.0900,8.0900,8.0900,8.0900,8.0900,8.0900,8.0900,8.0900,8.0900,8.0900,8.0900,8.0900,8.0900,8.0900,8.0900,8.0900,8.0900,8.0900,8.0900,8.0900,8.0900,8.0900,8.0900,8.0900,8.0900,8.0900,8.0900,8.0900,8.0900,8.0900,8.0900,8.0900,8.0900,8.0900,8.0900,8.0900,8.0900,8.0900,8.0900,8.0900,8.0900,8.0900,8.0900,8.0900,8.0900,8.0900,8.0900,8.0900,8.0900,8.0900,8.0900,8.0900,8.0900,8.0900,8.0900,8.0900,8.0900,8.0900,8.0900,8.0900,8.0900,8.0900,8.0900,8.0900,8.0900,8.0900,8.0900,8.0900,8.0900,8.0900,8.0900,8.0900,8.0900,8.0900,8.0900,8.0900,8.0900,8.0900,8.0900,8.0900,8.0900,8.0900,8.0900,8.0900,8.0900,8.0900,8.0900,8.0900,8.0900,8.0900,8.0900,8.0900,8.0900,8.0900,8.0900,8.0900,8.0900,8.0900,8.0900,8.0900,8.0900,8.0900,8.0900,8.0900,8.0900,8.0900,8.0900,8.0900,8.0900,8.0900,8.0900,8.0900,8.0900,8.0900,8.0900,8.0900,8.0900,8.0900,8.0900,8.0900,8.0900,8.0900,8.0900,8.0900,8.0900,8.0900,8.0900,8.0900,8.0900,8.0900,8.0900,8.0900,8.0900,8.0900,8.0900,8.0900,8.0900,8.0900,8.0900,8.0900,8.0900,8.0900,8.0900,8.0900,8.0900,8.0900,8.0900,8.0900,8.0900,8.0900,8.0900,8.0900,8.0900,8.0900,8.0900,8.0900,8.0900,8.0900,8.0900,8.0900,8.0900,8.0900,8.0900,8.0900,8.0900,8.0900,8.0900,8.0900,8.0900,8.0900,8.0900,8.0900,8.0900,8.0900,8.0900,8.0900,8.0900,8.0900,8.0900,8.0900,8.0900,8.0900,8.0900,8.0900,8.0900,8.0900,8.0900,8.0900,8.0900,8.0900,8.0900,8.0900,8.0900,8.0900,8.0900,8.0900,8.0900,8.0900,8.0900,8.0900,8.0900,8.0900,8.0900,8.0900,8.0900,8.0900,8.0900,8.0900,8.0900,8.0900,8.0900,8.0900,8.0900,8.0900,8.0900,8.0900,8.0900,8.0900,8.0900,8.0900,8.0900,8.0900,8.0900,8.0900,8.0900,8.0900,8.0900,8.0900,8.0900,8.0900,8.0900,8.0900,8.0900,8.0900,8.0900,8.0900,8.0900,8.0900,8.0900,8.0900,8.0900,8.0900,8.0900,8.0900,8.0900,8.0900,8.0900,8.0900,8.0900,8.0900,8.0900,8.0900,8.0900,8.0900,8.0900,8.0900,8.0900,8.0900,8.0900,8.0900,8.0900,8.0900,8.0900,8.0900,8.0900,8.0900,8.0900,8.0900,8.0900,8.0900,8.0900,8.0900,8.0900,8.0900,8.0900,8.0900,8.0900,8.0900,8.0900,8.0900,8.0900,8.0900,8.0900,8.0900,8.0900,8.0900,8.0900,8.0900,8.0900,8.0900,8.0900,8.0900,8.0900,8.0900,8.0900,8.0900,8.0900,8.0900,8.0900,8.0900,8.0900,8.0900,8.0900,8.0900,8.0900,8.0900,8.0900,8.0900,8.0900,8.0900,8.0900,8.0900,8.0900,8.0900,8.0900,8.0900,8.0900,8.0900,8.0900,8.0900,8.0900,8.0900,8.0900,8.0900,8.0900,8.0900,8.0900,8.0900,8.0900,8.0900,8.0900,8.0900,8.0900,8.0900,8.0900,8.0900,8.0900,8.0900,8.0900,8.0900,8.0900,8.0900,8.0900,8.0900,8.0900,8.0900,8.0900,8.0900,8.0900,8.0900,8.0900,8.0900,8.0900,8.0900,8.0900,8.0900,8.0900,8.0900,8.0900,8.0900,8.0900,8.0900,8.0900,8.0900,8.0900,8.0900,8.0900,8.0900,8.0900,8.0900,8.0900,8.0900,8.0900,8.0900,8.0900,8.0900,8.0900,8.0900,8.0900,8.0900,8.0900,8.0900,8.0900,8.0900,8.0900,8.0900,8.0900,8.0900,8.0900,8.0900,8.0900,8.0900,8.0900,8.0900,8.0900,8.0900,8.0900,8.0900,8.0900,8.0900,8.0900,8.0900,8.0900,8.0900,8.0900,8.0900,8.0900,8.0900,8.0900,8.0900,8.0900,8.0900,8.0900,8.0900,8.0900,8.0900,8.0900,8.0900,8.0900,8.0900,8.0900,8.0900,8.0900,8.0900,8.0900,8.0900,8.0900,8.0900,8.0900,8.0900,8.0900,8.0900,8.0900,8.0900,8.0900,8.0900,8.0900,8.0900,8.0900,8.0900,8.0900,8.0900,8.0900,8.0900,8.0900,8.0900,8.0900,8.0900,8.0900,8.0900,8.0900,8.0900,8.0900,8.0900,8.0900,8.0900,8.0900,8.0900,8.0900,8.0900,8.0900,8.0900,8.0900,8.0900,8.0900,8.0900,8.0900,8.0900,8.0900,8.0900,8.0900,8.0900,8.0900,8.0900,8.0900,8.0900,8.0900,8.0900,8.0900,8.0900,8.0900,8.0900,8.0900,8.0900,8.0900,8.0900,8.0900,8.0900,8.0900,8.0900,8.0900,8.0900,8.0900,8.0900,8.0900,8.0900,8.0900,8.0900,8.0900,8.0900,8.0900,8.0900,8.0900,8.0900,8.0900,8.0900,8.0900,8.0900,8.0900,8.0900,8.0900,8.0900,8.0900,8.0900,8.0900,8.0900,8.0900,8.0900,8.0900,8.0900,8.0900,8.0900,8.0900,8.0900,8.0900,8.0900,8.0900,8.0900,8.0900,8.0900,8.0900,8.0900,8.0900,8.0900,8.0900,8.0900,8.0900,8.0900,8.0900,8.0900,8.0900,8.0900,8.0900,8.0900,8.0900,8.0900,8.0900,8.0900,8.0900,8.0900,8.0900,8.0900,8.0900,8.0900,8.0900,8.0900,8.0900,8.0900,8.0900,8.0900,8.0900,8.0900,8.0900,8.0900,8.0900,8.0900,8.0900,8.0900,8.0900,8.0900,8.0900,8.0900,8.0900,8.0900,8.0900,8.0900,8.0900,8.0900,8.0900,8.0900,8.0900,8.0900,8.0900,8.0900,8.0900,8.0900,8.0900,8.0900,8.0900,8.0900,8.0900,8.0900,8.0900,8.0900,8.0900,8.0900,8.0900,8.0900,8.0900,8.0900,8.0900,8.0900,8.0900,8.0900,8.0900,8.0900,8.0900,8.0900,8.0900,8.0900,8.0900,8.0900,8.0900,8.0900,8.0900,8.0900,8.0900,8.0900,8.0900,8.0900,8.0900,8.0900,8.0900,8.0900,8.0900,8.0900,8.0900,8.0900,8.0900,8.0900,8.0900,8.0900,8.0900,8.0900,8.0900,8.0900,8.0900,8.0900,8.0900,8.0900,8.0900,8.0900,8.0900,8.0900,8.0900,8.0900,8.0900,8.0900,8.0900,8.0900,8.0900,8.0900,8.0900,8.0900,8.0900,8.0900,8.0900,8.0900,8.0900,8.0900,8.0900,8.0900,8.0900,8.0900,8.0900,8.0900,8.0900,8.0900,8.0900,8.0900,8.0900,8.0900,8.0900,8.0900,8.0900,8.0900,8.0900,8.0900,8.0900,8.0900,8.0900,8.0900,8.0900,8.0900,8.0900,8.0900,8.0900,8.0900,8.0900,8.0900,8.0900,8.0900,8.0900,8.0900,8.0900,8.0900,8.0900,8.0900,8.0900,8.0900,8.0900,8.0900,8.0900,8.0900,8.0900
8.0834,8.0834,8.0834,8.0834,8.0834,8.0834,8.0834,8.0834,8.0834,8.0834,8.0834,8.0834,8.0834,8.0834,8.0834,8.0834,8.0834,8.0834,8.0834,8.0834,8.0834,8.0834,8.0834,8.0834,8.0834,8.0834,8.0834,8.0834,8.0834,8.0834,8.0834,8.0834,8.0834,8.0834,8.0834,8.0834,8.0834,8.0834,8.0834,8.0834,8.0834,8.0834,8.0834,8.0834,8.0834,8.0834,8.0834,8.0834,8.0834,8.0834,8.0834,8.0834,8.0834,8.0834,8.0834,8.0834,8.0834,8.0834,8.0834,8.0834,8.0834,8.0834,8.0834,8.0834,8.0834,8.0834,8.0834,8.0834,8.0834,8.0834,8.0834,8.0834,8.0834,8.0834,8.0834,8.0834,8.0834,8.0834,8.0834,8.0834,8.0834,8.0834,8.0834,8.0834,8.0834,8.0834,8.0834,8.0834,8.0834,8.0834,8.0834,8.0834,8.0834,8.0834,8.0834,8.0834,8.0834,8.0834,8.0834,8.0834,8.0834,8.0834,8.0834,8.0834,8.0834,8.0834,8.0834,8.0834,8.0834,8.0834,8.0834,8.0834,8.0834,8.0834,8.0834,8.0834,8.0834,8.0834,8.0834,8.0834,8.0834,8.0834,8.0834,8.0834,8.0834,8.0834,8.0834,8.0834,8.0834,8.0834,8.0834,8.0834,8.0834,8.0834,8.0834,8.0834,8.0834,8.0834,8.0834,8.0834,8.0834,8.0826,8.0826,8.0826,8.0826,8.0826,8.0826,8.0826,8.0826,8.0826,8.0826,8.0826,8.0826,8.0826,8.0826,8.0826,8.0826,8.0826,8.0826,8.0826,8.0826,8.0826,8.0826,8.0826,8.0826,8.0826,8.0826,8.0826,8.0826,8.0826,8.0826,8.0826,8.0826,8.0826,8.0826,8.0826,8.0826,8.0826,8.0826,8.0826,8.0826,8.0826,8.0826,8.0826,8.0826,8.0826,8.0826,8.0826,8.0826,8.0826,8.0826,8.0826,8.0826,8.0826,8.0826,8.0826,8.0826,8.0826,8.0826,8.0826,8.0826,8.0826,8.0826,8.0826,8.0826,8.0826,8.0826,8.0826,8.0826,8.0826,8.0826,8.0826,8.0826,8.0826,8.0826,8.0826,8.0826,8.0826,8.0826,8.0826,8.0826,8.0826,8.0826,8.0826,8.0826,8.0826,8.0826,8.0826,8.0826,8.0826,8.0826,8.0826,8.0826,8.0826,8.0826,8.0826,8.0826,8.0826,8.0826,8.0826,8.0826,8.0826,8.0826,8.0826,8.0826,8.0826,8.0826,8.0826,8.0826,8.0826,8.0826,8.0826,8.0826,8.0826,8.0826,8.0826,8.0826,8.0826,8.0826,8.0826,8.0826,8.0826,8.0826,8.0826,8.0826,8.0826,8.0826,8.0826,8.0826,8.0826,8.0826,8.0826,8.0826,8.0826,8.0826,8.0826,8.0826,8.0826,8.0826,8.0826,8.0826,8.0826,8.0826,8.0826,8.0826,8.0826,8.0826,8.0826,8.0826,8.0826,8.0826,8.0826,8.0826,8.0826,8.0826,8.0826,8.0826,8.0826,8.0826,8.0826,8.0826,8.0826,8.0826,8.0826,8.0826,8.0826,8.0826,8.0826,8.0826,8.0826,8.0826,8.0826,8.0826,8.0826,8.0826,8.0826,8.0826,8.0826,8.0826,8.0826,8.0826,8.0826,8.0826,8.0826,8.0826,8.0826,8.0826,8.0826,8.0826,8.0826,8.0826,8.0826,8.0826,8.0826,8.0826,8.0826,8.0826,8.0826,8.0826,8.0826,8.0826,8.0826,8.0826,8.0826,8.0826,8.0826,8.0826,8.0826,8.0826,8.0826,8.0826,8.0826,8.0826,8.0826,8.0826,8.0826,8.0826,8.0826,8.0826,8.0826,8.0826,8.0826,8.0826,8.0826,8.0826,8.0826,8.0826,8.0826,8.0826,8.0826,8.0826,8.0826,8.0826,8.0826,8.0826,8.0826,8.0826,8.0826,8.0826,8.0826,8.0826,8.0826,8.0826,8.0826,8.0826,8.0826,8.0826,8.0826,8.0826,8.0826,8.0826,8.0826,8.0826,8.0826,8.0826,8.0826,8.0826,8.0826,8.0826,8.0826,8.0826,8.0826,8.0826,8.0826,8.0826,8.0826,8.0826,8.0826,8.0826,8.0826,8.0826,8.0826,8.0826,8.0826,8.0826,8.0826,8.0826,8.0826,8.0826,8.0826,8.0826,8.0826,8.0826,8.0826,8.0826,8.0826,8.0826,8.0826,8.0826,8.0826,8.0826,8.0826,8.0826,8.0826,8.0826,8.0826,8.0826,8.0826,8.0826,8.0826,8.0826,8.0826,8.0826,8.0826,8.0826,8.0826,8.0826,8.0826,8.0826,8.0826,8.0826,8.0826,8.0826,8.0826,8.0826,8.0826,8.0826,8.0826,8.0826,8.0826,8.0826,8.0826,8.0826,8.0826,8.0826,8.0826,8.0826,8.0826,8.0826,8.0826,8.0826,8.0826,8.0826,8.0826,8.0826,8.0826,8.0826,8.0826,8.0826,8.0826,8.0826,8.0826,8.0826,8.0826,8.0826,8.0826,8.0826,8.0826,8.0826,8.0826,8.0826,8.0826,8.0826,8.0826,8.0826,8.0826,8.0826,8.0826,8.0826,8.0826,8.0826,8.0826,8.0826,8.0826,8.0826,8.0826,8.0826,8.0826,8.0826,8.0826,8.0826,8.0826,8.0826,8.0826,8.0826,8.0826,8.0826,8.0826,8.0826,8.0826,8.0826,8.0826,8.0826,8.0826,8.0826,8.0826,8.0826,8.0826,8.0826,8.0826,8.0826,8.0826,8.0826,8.0826,8.0826,8.0826,8.0826,8.0826,8.0826,8.0826,8.0826,8.0826,8.0826,8.0826,8.0826,8.0826,8.0826,8.0826,8.0826,8.0826,8.0826,8.0826,8.0826,8.0826,8.0826,8.0826,8.0826,8.0826,8.0826,8.0826,8.0826,8.0826,8.0826,8.0826,8.0826,8.0826,8.0826,8.0826,8.0826,8.0826,8.0826,8.0826,8.0826,8.0826,8.0826,8.0826,8.0826,8.0826,8.0826,8.0826,8.0826,8.0826,8.0826,8.0826,8.0826,8.0826,8.0826,8.0826,8.0826,8.0826,8.0826,8.0826,8.0826,8.0826,8.0826,8.0826,8.0826,8.0826,8.0826,8.0826,8.0826,8.0826,8.0826,8.0826,8.0826,8.0826,8.0826,8.0826,8.0826,8.0826,8.0826,8.0826,8.0826,8.0826,8.0826,8.0826,8.0826,8.0826,8.0826,8.0826,8.0826,8.0826,8.0826,8.0826,8.0826,8.0826,8.0826,8.0826,8.0826,8.0826,8.0826,8.0826,8.0826,8.0826,8.0826,8.0826,8.0826,8.0826,8.0826,8.0826,8.0826,8.0826,8.0826,8.0826,8.0826,8.0826,8.0826,8.0826,8.0826,8.0826,8.0826,8.0826,8.0826,8.0826,8.0826,8.0826,8.0826,8.0826,8.0826,8.0826,8.0826,8.0826,8.0826,8.0826,8.0826,8.0826,8.0826,8.0826,8.0826,8.0826,8.0826,8.0826,8.0826,8.0826,8.0826,8.0826,8.0826,8.0826,8.0826,8.0826,8.0826,8.0826,8.0826,8.0826,8.0826,8.0826,8.0826,8.0826,8.0826,8.0826,8.0826,8.0826,8.0826,8.0826,8.0826,8.0826,8.0826,8.0826,8.0826,8.0826,8.0826,8.0826,8.0826,8.0826,8.0826,8.0826,8.0826,8.0826,8.0826,8.0826,8.0826,8.0826,8.0826,8.0826,8.0826,8.0826,8.0826,8.0826,8.0826,8.0826,8.0826,8.0826,8.0826,8.0826,8.0826,8.0826,8.0826,8.0826,8.0826,8.0826,8.0826,8.0826,8.0826,8.0826,8.0826,8.0826,8.0826,8.0826,8.0826,8.0826,8.0826,8.0826,8.0826,8.0826,8.0826,8.0826,8.0826,8.0826,8.0826,8.0826,8.0826,8.0826,8.0826,8.0826,8.0826,8.0826,8.0826,8.0826,8.0826,8.0826,8.0826,8.0826,8.0826,8.0826,8.0826,8.0826,8.0826,8.0826,8.0826,8.0826,8.0826,8.0826,8.0826,8.0826,8.0826,8.0826,8.0826,8.0826,8.0826,8.0826,8.0826,8.0826,8.0826,8.0826,8.0826,8.0826,8.0826,8.0826,8.0826,8.0826,8.0826,8.0826,8.0826,8.0826,8.0826,8.0826,8.0826,8.0826,8.0826,8.0826,8.0826,8.0826,8.0826,8.0826,8.0826,8.0826,8.0826,8.0826,8.0826,8.0826,8.0826,8.0826,8.0826,8.0826,8.0826,8.0826,8.0826,8.0826,8.0826,8.0826,8.0826,8.0826,8.0826,8.0826,8.0826,8.0826,8.0826,8.0826,8.0826,8.0826,8.0826,8.0826,8.0826,8.0826,8.0826,8.0826,8.0826,8.0826,8.0826,8.0826,8.0826,8.0826,8.0826,8.0826,8.0826,8.0826,8.0826,8.0826,8.0826,8.0826,8.0826,8.0826,8.0826,8.0826,8.0826,8.0826,8.0826,8.0826,8.0826,8.0826,8.0826,8.0826,8.0826,8.0826,8.0826,8.0826,8.0826,8.0826,8.0826,8.0826,8.0826,8.0826,8.0826,8.0826,8.0826,8.0826,8.0826,8.0826,8.0826,8.0826,8.0826,8.0826,8.0826,8.0826,8.0826,8.0826,8.0826,8.0826,8.0826,8.0826,8.0826,8.0826,8.0826,8.0826,8.0826,8.0826,8.0826,8.0826,8.0826,8.0826,8.0826,8.0826,8.0826,8.0826,8.0826,8.0826,8.0826,8.0826,8.0826,8.0826,8.0826,8.0826,8.0826,8.0826,8.0826,8.0826,8.0826,8.0826,8.0826,8.0826,8.0826,8.0826,8.0826,8.0826,8.0826,8.0826,8.0826,8.0826,8.0826,8.0826,8.0826,8.0826,8.0826,8.0826,8.0826,8.0826,8.0826,8.0826,8.0826,8.0826,8.0826,8.0826,8.0826,8.0826,8.0826,8.0826,8.0826,8.0826,8.0826,8.0826,8.0826,8.0826,8.0826,8.0826,8.0826,8.0826,8.0826,8.0826,8.0826,8.0826
8.0756,8.0756,8.0756,8.0756,8.0756,8.0756,8.0756,8.0756,8.0756,8.0756,8.0756,8.0756,8.0756,8.0756,8.0756,8.0756,8.0756,8.0756,8.0756,8.0756,8.0756,8.0756,8.0756,8.0756,8.0756,8.0756,8.0756,8.0756,8.0756,8.0756,8.0756,8.0756,8.0756,8.0756,8.0756,8.0756,8.0756,8.0756,8.0756,8.0756,8.0756,8.0756,8.0756,8.0756,8.0756,8.0756,8.0756,8.0756,8.0756,8.0756,8.0756,8.0756,8.0756,8.0756,8.0756,8.0756,8.0756,8.0756,8.0756,8.0756,8.0756,8.0756,8.0756,8.0756,8.0756,8.0756,8.0756,8.0756,8.0756,8.0756,8.0756,8.0756,8.0756,8.0756,8.0756,8.0756,8.0756,8.0756,8.0756,8.0756,8.0756,8.0756,8.0756,8.0756,8.0756,8.0756,8.0756,8.0756,8.0756,8.0756,8.0756,8.0756,8.0756,8.0756,8.0756,8.0756,8.0756,8.0756,8.0756,8.0756,8.0756,8.0756,8.0756,8.0756,8.0756,8.0756,8.0756,8.0756,8.0756,8.0756,8.0756,8.0756,8.0756,8.0756,8.0756,8.0756,8.0756,8.0756,8.0756,8.0756,8.0756,8.0756,8.0756,8.0756,8.0756,8.0756,8.0756,8.0756,8.0756,8.0756,8.0756,8.0756,8.0756,8.0756,8.0756,8.0756,8.0756,8.0756,8.0756,8.0756,8.0756,8.0756,8.0756,8.0756,8.0756,8.0756,8.0756,8.0756,8.0756,8.0756,8.0756,8.0756,8.0756,8.0756,8.0756,8.0756,8.0756,8.0756,8.0756,8.0756,8.0756,8.0756,8.0756,8.0756,8.0756,8.0756,8.0756,8.0756,8.0756,8.0756,8.0756,8.0756,8.0756,8.0756,8.0756,8.0756,8.0756,8.0756,8.0756,8.0756,8.0756,8.0756,8.0756,8.0756,8.0756,8.0756,8.0756,8.0756,8.0756,8.0756,8.0756,8.0756,8.0756,8.0756,8.0756,8.0756,8.0756,8.0756,8.0756,8.0756,8.0756,8.0756,8.0756,8.0756,8.0756,8.0756,8.0756,8.0756,8.0756,8.0756,8.0756,8.0756,8.0756,8.0756,8.0756,8.0756,8.0756,8.0756,8.0756,8.0756,8.0756,8.0756,8.0756,8.0756,8.0756,8.0756,8.0756,8.0756,8.0756,8.0756,8.0756,8.0756,8.0756,8.0756,8.0756,8.0756,8.0756,8.0756,8.0756,8.0756,8.0756,8.0756,8.0756,8.0756,8.0756,8.0756,8.0756,8.0756,8.0756,8.0756,8.0756,8.0756,8.0756,8.0756,8.0756,8.0756,8.0756,8.0756,8.0756,8.0756,8.0756,8.0756,8.0756,8.0756,8.0756,8.0756,8.0756,8.0756,8.0756,8.0756,8.0756,8.0756,8.0756,8.0756,8.0756,8.0756,8.0756,8.0756,8.0756,8.0756,8.0756,8.0756,8.0756,8.0756,8.0756,8.0756,8.0756,8.0756,8.0756,8.0756,8.0756,8.0756,8.0756,8.0756,8.0756,8.0756,8.0756,8.0756,8.0756,8.0756,8.0756,8.0756,8.0756,8.0756,8.0756,8.0756,8.0756,8.0756,8.0756,8.0756,8.0756,8.0756,8.0756,8.0756,8.0756,8.0756,8.0756,8.0756,8.0756,8.0756,8.0756,8.0756,8.0756,8.0756,8.0756,8.0756,8.0756,8.0756,8.0756,8.0756,8.0756,8.0756,8.0756,8.0756,8.0756,8.0756,8.0756,8.0756,8.0756,8.0756,8.0756,8.0756,8.0756,8.0756,8.0756,8.0756,8.0756,8.0756,8.0756,8.0756,8.0756,8.0756,8.0756,8.0756,8.0756,8.0756,8.0756,8.0756,8.0756,8.0756,8.0756,8.0756,8.0756,8.0756,8.0756,8.0756,8.0756,8.0756,8.0756,8.0756,8.0756,8.0756,8.0756,8.0756,8.0756,8.0756,8.0756,8.0756,8.0756,8.0756,8.0756,8.0756,8.0756,8.0756,8.0756,8.0756,8.0756,8.0756,8.0756,8.0756,8.0756,8.0756,8.0756,8.0756,8.0756,8.0756,8.0756,8.0756,8.0756,8.0756,8.0756,8.0756,8.0756,8.0756,8.0756,8.0756,8.0756,8.0756,8.0756,8.0756,8.0756,8.0756,8.0756,8.0756,8.0756,8.0756,8.0756,8.0756,8.0756,8.0756,8.0756,8.0756,8.0756,8.0756,8.0756,8.0756,8.0756,8.0756,8.0756,8.0756,8.0756,8.0756,8.0756,8.0756,8.0756,8.0756,8.0756,8.0756,8.0756,8.0756,8.0756,8.0756,8.0756,8.0756,8.0756,8.0756,8.0756,8.0756,8.0756,8.0756,8.0756,8.0756,8.0756,8.0756,8.0756,8.0756,8.0756,8.0756,8.0756,8.0756,8.0756,8.0756,8.0756,8.0756,8.0756,8.0756,8.0756,8.0756,8.0756,8.0756,8.0756,8.0756,8.0756,8.0756,8.0756,8.0756,8.0756,8.0756,8.0756,8.0756,8.0756,8.0756,8.0756,8.0756,8.0756,8.0756,8.0756,8.0756,8.0756,8.0756,8.0756,8.0756,8.0756,8.0756,8.0756,8.0756,8.0756,8.0756,8.0756,8.0756,8.0756,8.0756,8.0756,8.0756,8.0756,8.0756,8.0756,8.0756,8.0756,8.0756,8.0756,8.0756,8.0756,8.0756,8.0756,8.0756,8.0756,8.0756,8.0756,8.0756,8.0756,8.0756,8.0756,8.0756,8.0756,8.0756,8.0756,8.0756,8.0756,8.0756,8.0756,8.0756,8.0756,8.0756,8.0756,8.0756,8.0756,8.0756,8.0756,8.0756,8.0756,8.0756,8.0756,8.0756,8.0756,8.0756,8.0756,8.0756,8.0756,8.0756,8.0756,8.0756,8.0756,8.0756,8.0756,8.0756,8.0756,8.0756,8.0756,8.0756,8.0756,8.0756,8.0756,8.0756,8.0756,8.0756,8.0756,8.0756,8.0756,8.0756,8.0756,8.0756,8.0756,8.0756,8.0756,8.0756,8.0756,8.0756,8.0756,8.0756,8.0756,8.0756,8.0756,8.0756,8.0756,8.0756,8.0756,8.0756,8.0756,8.0756,8.0756,8.0756,8.0756,8.0756,8.0756,8.0756,8.0756,8.0756,8.0756,8.0756,8.0756,8.0756,8.0756,8.0756,8.0756,8.0756,8.0756,8.0756,8.0756,8.0756,8.0756,8.0756,8.0756,8.0756,8.0756,8.0756,8.0756,8.0756,8.0756,8.0756,8.0756,8.0756,8.0756,8.0756,8.0756,8.0756,8.0756,8.0756,8.0756,8.0756,8.0756,8.0756,8.0756,8.0756,8.0756,8.0756,8.0756,8.0756,8.0756,8.0756,8.0756,8.0756,8.0756,8.0756,8.0756,8.0756,8.0756,8.0756,8.0756,8.0756,8.0756,8.0756,8.0756,8.0756,8.0756,8.0756,8.0756,8.0756,8.0756,8.0756,8.0756,8.0756,8.0756,8.0756,8.0756,8.0756,8.0756,8.0756,8.0756,8.0756,8.0756,8.0756,8.0756,8.0756,8.0756,8.0756,8.0756,8.0756,8.0756,8.0756,8.0756,8.0756,8.0756,8.0756,8.0756,8.0756,8.0756,8.0756,8.0756,8.0756,8.0756,8.0756,8.0756,8.0756,8.0756,8.0756,8.0756,8.0756,8.0756,8.0756,8.0756,8.0756,8.0756,8.0756,8.0756,8.0756,8.0756,8.0756,8.0756,8.0756,8.0756,8.0756,8.0756,8.0756,8.0756,8.0756,8.0756,8.0756,8.0756,8.0756,8.0756,8.0756,8.0756,8.0756,8.0756,8.0756,8.0756,8.0756,8.0756,8.0756,8.0756,8.0756,8.0756,8.0756,8.0756,8.0756,8.0756,8.0756,8.0756,8.0756,8.0756,8.0756,8.0756,8.0756,8.0756,8.0756,8.0756,8.0756,8.0756,8.0756,8.0756,8.0756,8.0756,8.0756,8.0756,8.0756,8.0756,8.0756,8.0756,8.0756,8.0756,8.0756,8.0756,8.0756,8.0756,8.0756,8.0756,8.0756,8.0756,8.0756,8.0756,8.0756,8.0756,8.0756,8.0756,8.0756,8.0756,8.0756,8.0756,8.0756,8.0756,8.0756,8.0756,8.0756,8.0756,8.0756,8.0756,8.0756,8.0756,8.0756,8.0756,8.0756,8.0756,8.0756,8.0756,8.0756,8.0756,8.0756,8.0756,8.0756,8.0756,8.0756,8.0756,8.0756,8.0756,8.0756,8.0756,8.0756,8.0756,8.0756,8.0756,8.0756,8.0756,8.0756,8.0756,8.0756,8.0756,8.0756,8.0756,8.0756,8.0756,8.0756,8.0756,8.0756,8.0756,8.0756,8.0756,8.0756,8.0756,8.0756,8.0756,8.0756,8.0756,8.0756,8.0756,8.0756,8.0756,8.0756,8.0756,8.0756,8.0756,8.0756,8.0756,8.0756,8.0756,8.0756,8.0756,8.0756,8.0756,8.0756,8.0756,8.0756,8.0756,8.0756,8.0756,8.0756,8.0756,8.0756,8.0756,8.0756,8.0756,8.0756,8.0756,8.0756,8.0756,8.0756,8.0756,8.0756,8.0756,8.0756,8.0756,8.0756,8.0756,8.0756,8.0756,8.0756,8.0756,8.0756,8.0756,8.0756,8.0756,8.0756,8.0756,8.0756,8.0756,8.0756,8.0756,8.0756,8.0756,8.0756,8.0756,8.0756,8.0756,8.0756,8.0756,8.0756,8.0756,8.0756,8.0756,8.0756,8.0756,8.0756,8.0756,8.0756,8.0756,8.0756,8.0756,8.0756,8.0756,8.0756,8.0756,8.0756,8.0756,8.0756,8.0756,8.0756,8.0756,8.0756,8.0756,8.0756,8.0756,8.0756,8.0756,8.0756,8.0756,8.0756,8.0756,8.0756,8.0756,8.0756,8.0756,8.0756,8.0756,8.0756,8.0756,8.0756,8.0756,8.0756,8.0756,8.0756,8.0756,8.0756,8.0756,8.0756,8.0756,8.0756,8.0756,8.0756,8.0756,8.0756,8.0756,8.0756,8.0756,8.0756,8.0756,8.0756,8.0756,8.0756,8.0756,8.0756
8.0682,8.0682,8.0682,8.0682,8.0682,8.0682,8.0682,8.0682,8.0682,8.0682,8.0682,8.0682,8.0682,8.0682,8.0682,8.0682,8.0682,8.0682,8.0682,8.0682,8.0682,8.0682,8.0682,8.0682,8.0682,8.0682,8.0682,8.0682,8.0682,8.0682,8.0682,8.0682,8.0682,8.0682,8.0682,8.0682,8.0682,8.0682,8.0682,8.0682,8.0682,8.0682,8.0682,8.0682,8.0682,8.0682,8.0682,8.0682,8.0682,8.0682,8.0682,8.0682,8.0682,8.0682,8.0682,8.0682,8.0682,8.0682,8.0682,8.0682,8.0682,8.0682,8.0682,8.0682,8.0682,8.0682,8.0682,8.0682,8.0682,8.0682,8.0682,8.0682,8.0682,8.0682,8.0682,8.0682,8.0682,8.0682,8.0682,8.0682,8.0682,8.0682,8.0682,8.0682,8.0682,8.0682,8.0682,8.0682,8.0682,8.0682,8.0682,8.0682,8.0682,8.0682,8.0682,8.0682,8.0682,8.0682,8.0682,8.0682,8.0682,8.0682,8.0682,8.0682,8.0682,8.0682,8.0682,8.0682,8.0682,8.0682,8.0682,8.0682,8.0682,8.0682,8.0682,8.0682,8.0682,8.0682,8.0682,8.0682,8.0682,8.0682,8.0682,8.0682,8.0682,8.0682,8.0682,8.0682,8.0682,8.0682,8.0682,8.0682,8.0682,8.0682,8.0682,8.0682,8.0682,8.0682,8.0682,8.0682,8.0682,8.0682,8.0682,8.0682,8.0682,8.0682,8.0682,8.0682,8.0682,8.0682,8.0682,8.0682,8.0682,8.0682,8.0682,8.0682,8.0682,8.0682,8.0682,8.0682,8.0682,8.0682,8.0682,8.0682,8.0682,8.0682,8.0682,8.0682,8.0682,8.0682,8.0682,8.0682,8.0682,8.0682,8.0682,8.0682,8.0682,8.0682,8.0682,8.0682,8.0682,8.0682,8.0682,8.0682,8.0682,8.0682,8.0682,8.0682,8.0682,8.0682,8.0682,8.0682,8.0682,8.0682,8.0682,8.0682,8.0682,8.0682,8.0682,8.0682,8.0682,8.0682,8.0682,8.0682,8.0682,8.0682,8.0682,8.0682,8.0682,8.0682,8.0682,8.0682,8.0682,8.0682,8.0682,8.0682,8.0682,8.0682,8.0682,8.0682,8.0682,8.0682,8.0682,8.0682,8.0682,8.0682,8.0682,8.0682,8.0682,8.0682,8.0682,8.0682,8.0682,8.0682,8.0682,8.0682,8.0682,8.0682,8.0682,8.0682,8.0682,8.0682,8.0682,8.0682,8.0682,8.0682,8.0682,8.0682,8.0682,8.0682,8.0682,8.0682,8.0682,8.0682,8.0682,8.0682,8.0682,8.0682,8.0682,8.0682,8.0682,8.0682,8.0682,8.0682,8.0682,8.0682,8.0682,8.0682,8.0682,8.0682,8.0682,8.0682,8.0682,8.0682,8.0682,8.0682,8.0682,8.0682,8.0682,8.0682,8.0682,8.0682,8.0682,8.0682,8.0682,8.0682,8.0682,8.0682,8.0682,8.0682,8.0682,8.0682,8.0682,8.0682,8.0682,8.0682,8.0682,8.0682,8.0682,8.0682,8.0682,8.0682,8.0682,8.0682,8.0682,8.0682,8.0682,8.0682,8.0682,8.0682,8.0682,8.0682,8.0682,8.0682,8.0682,8.0682,8.0682,8.0682,8.0682,8.0682,8.0682,8.0682,8.0682,8.0682,8.0682,8.0682,8.0682,8.0682,8.0682,8.0682,8.0682,8.0682,8.0682,8.0682,8.0682,8.0682,8.0682,8.0682,8.0682,8.0682,8.0682,8.0682,8.0682,8.0682,8.0682,8.0682,8.0682,8.0682,8.0682,8.0682,8.0682,8.0682,8.0682,8.0682,8.0682,8.0682,8.0682,8.0682,8.0682,8.0682,8.0682,8.0682,8.0682,8.0682,8.0682,8.0682,8.0682,8.0682,8.0682,8.0682,8.0682,8.0682,8.0682,8.0682,8.0682,8.0682,8.0682,8.0682,8.0682,8.0682,8.0682,8.0682,8.0682,8.0682,8.0682,8.0682,8.0682,8.0682,8.0682,8.0682,8.0682,8.0682,8.0682,8.0682,8.0682,8.0682,8.0682,8.0682,8.0682,8.0682,8.0682,8.0682,8.0682,8.0682,8.0682,8.0682,8.0682,8.0682,8.0682,8.0682,8.0682,8.0682,8.0682,8.0682,8.0682,8.0682,8.0682,8.0682,8.0682,8.0682,8.0682,8.0682,8.0682,8.0682,8.0682,8.0682,8.0682,8.0682,8.0682,8.0682,8.0682,8.0682,8.0682,8.0682,8.0682,8.0682,8.0682,8.0682,8.0682,8.0682,8.0682,8.0682,8.0682,8.0682,8.0682,8.0682,8.0682,8.0682,8.0682,8.0682,8.0682,8.0682,8.0682,8.0682,8.0682,8.0682,8.0682,8.0682,8.0682,8.0682,8.0682,8.0682,8.0682,8.0682,8.0682,8.0682,8.0682,8.0682,8.0682,8.0682,8.0682,8.0682,8.0682,8.0682,8.0682,8.0682,8.0682,8.0682,8.0682,8.0682,8.0682,8.0682,8.0682,8.0682,8.0682,8.0682,8.0682,8.0682,8.0682,8.0682,8.0682,8.0682,8.0682,8.0682,8.0682,8.0682,8.0682,8.0682,8.0682,8.0682,8.0682,8.0682,8.0682,8.0682,8.0682,8.0682,8.0682,8.0682,8.0682,8.0682,8.0682,8.0682,8.0682,8.0682,8.0682,8.0682,8.0682,8.0682,8.0682,8.0682,8.0682,8.0682,8.0682,8.0682,8.0682,8.0682,8.0682,8.0682,8.0682,8.0682,8.0682,8.0682,8.0682,8.0682,8.0682,8.0682,8.0682,8.0682,8.0682,8.0682,8.0682,8.0682,8.0682,8.0682,8.0682,8.0682,8.0682,8.0682,8.0682,8.0682,8.0682,8.0682,8.0682,8.0682,8.0682,8.0682,8.0682,8.0682,8.0682,8.0682,8.0682,8.0682,8.0682,8.0682,8.0682,8.0682,8.0682,8.0682,8.0682,8.0682,8.0682,8.0682,8.0682,8.0682,8.0682,8.0682,8.0682,8.0682,8.0682,8.0682,8.0682,8.0682,8.0682,8.0682,8.0682,8.0682,8.0682,8.0682,8.0682,8.0682,8.0682,8.0682,8.0682,8.0682,8.0682,8.0682,8.0682,8.0682,8.0682,8.0682,8.0682,8.0682,8.0682,8.0682,8.0682,8.0682,8.0682,8.0682,8.0682,8.0682,8.0682,8.0682,8.0682,8.0682,8.0682,8.0682,8.0682,8.0682,8.0682,8.0682,8.0682,8.0682,8.0682,8.0682,8.0682,8.0682,8.0682,8.0682,8.0682,8.0682,8.0682,8.0682,8.0682,8.0682,8.0682,8.0682,8.0682,8.0682,8.0682,8.0682,8.0682,8.0682,8.0682,8.0682,8.0682,8.0682,8.0682,8.0682,8.0682,8.0682,8.0682,8.0682,8.0682,8.0682,8.0682,8.0682,8.0682,8.0682,8.0682,8.0682,8.0682,8.0682,8.0682,8.0682,8.0682,8.0682,8.0682,8.0682,8.0682,8.0682,8.0682,8.0682,8.0682,8.0682,8.0682,8.0682,8.0682,8.0682,8.0682,8.0682,8.0682,8.0682,8.0682,8.0682,8.0682,8.0682,8.0682,8.0682,8.0682,8.0682,8.0682,8.0682,8.0682,8.0682,8.0682,8.0682,8.0682,8.0682,8.0682,8.0682,8.0682,8.0682,8.0682,8.0682,8.0682,8.0682,8.0682,8.0682,8.0682,8.0682,8.0682,8.0682,8.0682,8.0682,8.0682,8.0682,8.0682,8.0682,8.0682,8.0682,8.0682,8.0682,8.0682,8.0682,8.0682,8.0682,8.0682,8.0682,8.0682,8.0682,8.0682,8.0682,8.0682,8.0682,8.0682,8.0682,8.0682,8.0682,8.0682,8.0682,8.0682,8.0682,8.0682,8.0682,8.0682,8.0682,8.0682,8.0682,8.0682,8.0682,8.0682,8.0682,8.0682,8.0682,8.0682,8.0682,8.0682,8.0682,8.0682,8.0682,8.0682,8.0682,8.0682,8.0682,8.0682,8.0682,8.0682,8.0682,8.0682,8.0682,8.0682,8.0682,8.0682,8.0682,8.0682,8.0682,8.0682,8.0682,8.0682,8.0682,8.0682,8.0682,8.0682,8.0682,8.0682,8.0682,8.0682,8.0682,8.0682,8.0682,8.0682,8.0682,8.0682,8.0682,8.0682,8.0682,8.0682,8.0682,8.0682,8.0682,8.0682,8.0682,8.0682,8.0682,8.0682,8.0682,8.0682,8.0682,8.0682,8.0682,8.0682,8.0682,8.0682,8.0682,8.0682,8.0682,8.0682,8.0682,8.0682,8.0682,8.0682,8.0682,8.0682,8.0682,8.0682,8.0682,8.0682,8.0682,8.0682,8.0682,8.0682,8.0682,8.0682,8.0682,8.0682,8.0682,8.0682,8.0682,8.0682,8.0682,8.0682,8.0682,8.0682,8.0682,8.0682,8.0682,8.0682,8.0682,8.0682,8.0682,8.0682,8.0682,8.0682,8.0682,8.0682,8.0682,8.0682,8.0682,8.0682,8.0682,8.0682,8.0682,8.0682,8.0682,8.0682,8.0682,8.0682,8.0682,8.0682,8.0682,8.0682,8.0682,8.0682,8.0682,8.0682,8.0682,8.0682,8.0682,8.0682,8.0682,8.0682,8.0682,8.0682,8.0682,8.0682,8.0682,8.0682,8.0682,8.0682,8.0682,8.0682,8.0682,8.0682,8.0682,8.0682,8.0682,8.0682,8.0682,8.0682,8.0682,8.0682,8.0682,8.0682,8.0682,8.0682,8.0682,8.0682,8.0682,8.0682,8.0682,8.0682,8.0682,8.0682,8.0682,8.0682,8.0682,8.0682,8.0682,8.0682,8.0682,8.0682,8.0682,8.0682,8.0682,8.0682,8.0682,8.0682,8.0682,8.0682,8.0682,8.0682,8.0682,8.0682,8.0682,8.0682,8.0682,8.0682,8.0682,8.0682,8.0682,8.0682,8.0682,8.0682,8.0682,8.0682,8.0682,8.0682,8.0682,8.0682,8.0682,8.0682,8.0682,8.0682,8.0682,8.0682,8.0682,8.0682,8.0682,8.0682,8.0682
8.0616,8.0616,8.0616,8.0616,8.0616,8.0616,8.0616,8.0616,8.0616,8.0616,8.0616,8.0616,8.0616,8.0616,8.0616,8.0616,8.0616,8.0616,8.0616,8.0616,8.0616,8.0616,8.0616,8.0616,8.0616,8.0616,8.0616,8.0616,8.0616,8.0616,8.0616,8.0616,8.0616,8.0616,8.0616,8.0616,8.0616,8.0616,8.0616,8.0616,8.0616,8.0616,8.0616,8.0616,8.0616,8.0616,8.0616,8.0616,8.0616,8.0616,8.0616,8.0616,8.0616,8.0616,8.0616,8.0616,8.0616,8.0616,8.0616,8.0616,8.0616,8.0616,8.0616,8.0616,8.0616,8.0616,8.0616,8.0616,8.0616,8.0616,8.0616,8.0616,8.0616,8.0616,8.0616,8.0616,8.0616,8.0616,8.0616,8.0616,8.0616,8.0616,8.0616,8.0616,8.0616,8.0616,8.0616,8.0616,8.0616,8.0616,8.0616,8.0616,8.0616,8.0616,8.0616,8.0616,8.0616,8.0616,8.0616,8.0616,8.0616,8.0616,8.0616,8.0616,8.0616,8.0616,8.0616,8.0616,8.0616,8.0616,8.0616,8.0616,8.0616,8.0616,8.0616,8.0616,8.0616,8.0616,8.0616,8.0616,8.0616,8.0616,8.0616,8.0616,8.0616,8.0616,8.0616,8.0616,8.0616,8.0616,8.0616,8.0616,8.0616,8.0616,8.0616,8.0616,8.0616,8.0616,8.0616,8.0616,8.0616,8.0616,8.0616,8.0616,8.0616,8.0616,8.0616,8.0616,8.0616,8.0616,8.0616,8.0616,8.0616,8.0616,8.0616,8.0616,8.0616,8.0616,8.0616,8.0616,8.0616,8.0616,8.0616,8.0616,8.0616,8.0616,8.0616,8.0616,8.0616,8.0616,8.0616,8.0616,8.0616,8.0616,8.0616,8.0616,8.0616,8.0616,8.0616,8.0616,8.0616,8.0616,8.0616,8.0616,8.0616,8.0616,8.0616,8.0616,8.0616,8.0616,8.0616,8.0616,8.0616,8.0616,8.0616,8.0616,8.0616,8.0616,8.0616,8.0616,8.0616,8.0616,8.0616,8.0616,8.0616,8.0616,8.0616,8.0616,8.0616,8.0616,8.0616,8.0616,8.0616,8.0616,8.0616,8.0616,8.0616,8.0616,8.0616,8.0616,8.0616,8.0616,8.0616,8.0616,8.0616,8.0616,8.0616,8.0616,8.0616,8.0616,8.0616,8.0616,8.0616,8.0616,8.0616,8.0616,8.0616,8.0616,8.0616,8.0616,8.0616,8.0616,8.0616,8.0616,8.0616,8.0616,8.0616,8.0616,8.0616,8.0616,8.0616,8.0616,8.0616,8.0616,8.0616,8.0616,8.0616,8.0616,8.0616,8.0616,8.0616,8.0616,8.0616,8.0616,8.0616,8.0616,8.0616,8.0616,8.0616,8.0616,8.0616,8.0616,8.0616,8.0616,8.0616,8.0616,8.0616,8.0616,8.0616,8.0616,8.0616,8.0616,8.0616,8.0616,8.0616,8.0616,8.0616,8.0616,8.0616,8.0616,8.0616,8.0616,8.0616,8.0616,8.0616,8.0616,8.0616,8.0616,8.0616,8.0616,8.0616,8.0616,8.0616,8.0616,8.0616,8.0616,8.0616,8.0616,8.0616,8.0616,8.0616,8.0616,8.0616,8.0616,8.0616,8.0616,8.0616,8.0616,8.0616,8.0616,8.0616,8.0616,8.0616,8.0616,8.0616,8.0616,8.0616,8.0616,8.0616,8.0616,8.0616,8.0616,8.0616,8.0616,8.0616,8.0616,8.0616,8.0616,8.0616,8.0616,8.0616,8.0616,8.0616,8.0616,8.0616,8.0616,8.0616,8.0616,8.0616,8.0616,8.0616,8.0616,8.0616,8.0616,8.0616,8.0616,8.0616,8.0616,8.0616,8.0616,8.0616,8.0616,8.0616,8.0616,8.0616,8.0616,8.0616,8.0616,8.0616,8.0616,8.0616,8.0616,8.0616,8.0616,8.0616,8.0616,8.0616,8.0616,8.0616,8.0616,8.0616,8.0616,8.0616,8.0616,8.0616,8.0616,8.0616,8.0616,8.0616,8.0616,8.0616,8.0616,8.0616,8.0616,8.0616,8.0616,8.0616,8.0616,8.0616,8.0616,8.0616,8.0616,8.0616,8.0616,8.0616,8.0616,8.0616,8.0616,8.0616,8.0616,8.0616,8.0616,8.0616,8.0616,8.0616,8.0616,8.0616,8.0616,8.0616,8.0616,8.0616,8.0616,8.0616,8.0616,8.0616,8.0616,8.0616,8.0616,8.0616,8.0616,8.0616,8.0616,8.0616,8.0616,8.0616,8.0616,8.0616,8.0616,8.0616,8.0616,8.0616,8.0616,8.0616,8.0616,8.0616,8.0616,8.0616,8.0616,8.0616,8.0616,8.0616,8.0616,8.0616,8.0616,8.0616,8.0616,8.0616,8.0616,8.0616,8.0616,8.0616,8.0616,8.0616,8.0616,8.0616,8.0616,8.0616,8.0616,8.0616,8.0616,8.0616,8.0616,8.0616,8.0616,8.0616,8.0616,8.0616,8.0616,8.0616,8.0616,8.0616,8.0616,8.0616,8.0616,8.0616,8.0616,8.0616,8.0616,8.0616,8.0616,8.0616,8.0616,8.0616,8.0616,8.0616,8.0616,8.0616,8.0616,8.0616,8.0616,8.0616,8.0616,8.0616,8.0616,8.0616,8.0616,8.0616,8.0616,8.0616,8.0616,8.0616,8.0616,8.0616,8.0616,8.0616,8.0616,8.0616,8.0616,8.0616,8.0616,8.0616,8.0616,8.0616,8.0616,8.0616,8.0616,8.0616,8.0616,8.0616,8.0616,8.0616,8.0616,8.0616,8.0616,8.0616,8.0616,8.0616,8.0616,8.0616,8.0616,8.0616,8.0616,8.0616,8.0616,8.0616,8.0616,8.0616,8.0616,8.0616,8.0616,8.0616,8.0616,8.0616,8.0616,8.0616,8.0616,8.0616,8.0616,8.0616,8.0616,8.0616,8.0616,8.0616,8.0616,8.0616,8.0616,8.0616,8.0616,8.0616,8.0616,8.0616,8.0616,8.0616,8.0616,8.0616,8.0616,8.0616,8.0616,8.0616,8.0616,8.0616,8.0616,8.0616,8.0616,8.0616,8.0616,8.0616,8.0616,8.0616,8.0616,8.0616,8.0616,8.0616,8.0616,8.0616,8.0616,8.0616,8.0616,8.0616,8.0616,8.0616,8.0616,8.0616,8.0616,8.0616,8.0616,8.0616,8.0616,8.0616,8.0616,8.0616,8.0616,8.0616,8.0616,8.0616,8.0616,8.0616,8.0616,8.0616,8.0616,8.0616,8.0616,8.0616,8.0616,8.0616,8.0616,8.0616,8.0616,8.0616,8.0616,8.0616,8.0616,8.0616,8.0616,8.0616,8.0616,8.0616,8.0616,8.0616,8.0616,8.0616,8.0616,8.0616,8.0616,8.0616,8.0616,8.0616,8.0616,8.0616,8.0616,8.0616,8.0616,8.0616,8.0616,8.0616,8.0616,8.0616,8.0616,8.0616,8.0616,8.0616,8.0616,8.0616,8.0616,8.0616,8.0616,8.0616,8.0616,8.0616,8.0616,8.0616,8.0616,8.0616,8.0616,8.0616,8.0616,8.0616,8.0616,8.0616,8.0616,8.0616,8.0616,8.0616,8.0616,8.0616,8.0616,8.0616,8.0616,8.0616,8.0616,8.0616,8.0616,8.0616,8.0616,8.0616,8.0616,8.0616,8.0616,8.0616,8.0616,8.0616,8.0616,8.0616,8.0616,8.0616,8.0616,8.0616,8.0616,8.0616,8.0616,8.0616,8.0616,8.0616,8.0616,8.0616,8.0616,8.0616,8.0616,8.0616,8.0616,8.0616,8.0616,8.0616,8.0616,8.0616,8.0616,8.0616,8.0616,8.0616,8.0616,8.0616,8.0616,8.0616,8.0616,8.0616,8.0616,8.0616,8.0616,8.0616,8.0616,8.0616,8.0616,8.0616,8.0616,8.0616,8.0616,8.0616,8.0616,8.0616,8.0616,8.0616,8.0616,8.0616,8.0616,8.0616,8.0616,8.0616,8.0616,8.0616,8.0616,8.0616,8.0616,8.0616,8.0616,8.0616,8.0616,8.0616,8.0616,8.0616,8.0616,8.0616,8.0616,8.0616,8.0616,8.0616,8.0616,8.0616,8.0616,8.0616,8.0616,8.0616,8.0616,8.0616,8.0616,8.0616,8.0616,8.0616,8.0616,8.0616,8.0616,8.0616,8.0616,8.0616,8.0616,8.0616,8.0616,8.0616,8.0616,8.0616,8.0616,8.0616,8.0616,8.0616,8.0616,8.0616,8.0616,8.0616,8.0616,8.0616,8.0616,8.0616,8.0616,8.0616,8.0616,8.0616,8.0616,8.0616,8.0616,8.0616,8.0616,8.0616,8.0616,8.0616,8.0616,8.0616,8.0616,8.0616,8.0616,8.0616,8.0616,8.0616,8.0616,8.0616,8.0616,8.0616,8.0616,8.0616,8.0616,8.0616,8.0616,8.0616,8.0616,8.0616,8.0616,8.0616,8.0616,8.0616,8.0616,8.0616,8.0616,8.0616,8.0616,8.0616,8.0616,8.0616,8.0616,8.0616,8.0616,8.0616,8.0616,8.0616,8.0616,8.0616,8.0616,8.0616,8.0616,8.0616,8.0616,8.0616,8.0616,8.0616,8.0616,8.0616,8.0616,8.0616,8.0616,8.0616,8.0616,8.0616,8.0616,8.0616,8.0616,8.0616,8.0616,8.0616,8.0616,8.0616,8.0616,8.0616,8.0616,8.0616,8.0616,8.0616,8.0616,8.0616,8.0616,8.0616,8.0616,8.0616,8.0616,8.0616,8.0616,8.0616,8.0616,8.0616,8.0616,8.0616,8.0616,8.0616,8.0616,8.0616,8.0616,8.0616,8.0616,8.0616,8.0616,8.0616,8.0616,8.0616,8.0616,8.0616,8.0616,8.0616,8.0616,8.0616,8.0616,8.0616,8.0616,8.0616,8.0616,8.0616,8.0616,8.0616,8.0616,8.0616,8.0616,8.0616,8.0616,8.0616,8.0616,8.0616,8.0616,8.0616,8.0616,8.0616,8.0616,8.0616,8.0616,8.0616,8.0616,8.0616,8.0616,8.0616,8.0616,8.0616,8.0616,8.0616,8.0616,8.0616,8.0616
8.0535,8.0535,8.0535,8.0535,8.0535,8.0535,8.0535,8.0535,8.0535,8.0535,8.0535,8.0535,8.0535,8.0535,8.0535,8.0535,8.0535,8.0535,8.0535,8.0535,8.0535,8.0535,8.0535,8.0535,8.0535,8.0535,8.0535,8.0535,8.0535,8.0535,8.0535,8.0535,8.0535,8.0535,8.0535,8.0535,8.0535,8.0535,8.0535,8.0535,8.0535,8.0535,8.0535,8.0535,8.0535,8.0535,8.0535,8.0535,8.0535,8.0535,8.0535,8.0535,8.0535,8.0535,8.0535,8.0535,8.0535,8.0535,8.0535,8.0535,8.0535,8.0535,8.0535,8.0535,8.0535,8.0535,8.0535,8.0535,8.0535,8.0535,8.0535,8.0535,8.0535,8.0535,8.0535,8.0535,8.0535,8.0535,8.0535,8.0535,8.0535,8.0535,8.0535,8.0535,8.0535,8.0535,8.0535,8.0535,8.0535,8.0535,8.0535,8.0535,8.0535,8.0535,8.0535,8.0535,8.0535,8.0535,8.0535,8.0535,8.0535,8.0535,8.0535,8.0535,8.0535,8.0535,8.0535,8.0535,8.0535,8.0535,8.0535,8.0535,8.0535,8.0535,8.0535,8.0535,8.0535,8.0535,8.0535,8.0535,8.0535,8.0535,8.0535,8.0535,8.0535,8.0535,8.0535,8.0535,8.0535,8.0535,8.0535,8.0535,8.0535,8.0535,8.0535,8.0535,8.0535,8.0535,8.0535,8.0535,8.0535,8.0535,8.0535,8.0535,8.0535,8.0535,8.0535,8.0535,8.0535,8.0535,8.0535,8.0535,8.0535,8.0535,8.0535,8.0535,8.0535,8.0535,8.0535,8.0535,8.0535,8.0535,8.0535,8.0535,8.0535,8.0535,8.0535,8.0535,8.0535,8.0535,8.0535,8.0535,8.0535,8.0535,8.0535,8.0535,8.0535,8.0535,8.0535,8.0535,8.0535,8.0535,8.0535,8.0535,8.0535,8.0535,8.0535,8.0535,8.0535,8.0535,8.0535,8.0535,8.0535,8.0535,8.0535,8.0535,8.0535,8.0535,8.0535,8.0535,8.0535,8.0535,8.0535,8.0535,8.0535,8.0535,8.0535,8.0535,8.0535,8.0535,8.0535,8.0535,8.0535,8.0535,8.0535,8.0535,8.0535,8.0535,8.0535,8.0535,8.0535,8.0535,8.0535,8.0535,8.0535,8.0535,8.0535,8.0535,8.0535,8.0535,8.0535,8.0535,8.0535,8.0535,8.0535,8.0535,8.0535,8.0535,8.0535,8.0535,8.0535,8.0535,8.0535,8.0535,8.0535,8.0535,8.0535,8.0535,8.0535,8.0535,8.0535,8.0535,8.0535,8.0535,8.0535,8.0535,8.0535,8.0535,8.0535,8.0535,8.0535,8.0535,8.0535,8.0535,8.0535,8.0535,8.0535,8.0535,8.0535,8.0535,8.0535,8.0535,8.0535,8.0535,8.0535,8.0535,8.0535,8.0535,8.0535,8.0535,8.0535,8.0535,8.0535,8.0535,8.0535,8.0535,8.0535,8.0535,8.0535,8.0535,8.0535,8.0535,8.0535,8.0535,8.0535,8.0535,8.0535,8.0535,8.0535,8.0535,8.0535,8.0535,8.0535,8.0535,8.0535,8.0535,8.0535,8.0535,8.0535,8.0535,8.0535,8.0535,8.0535,8.0535,8.0535,8.0535,8.0535,8.0535,8.0535,8.0535,8.0535,8.0535,8.0535,8.0535,8.0535,8.0535,8.0535,8.0535,8.0535,8.0535,8.0535,8.0535,8.0535,8.0535,8.0535,8.0535,8.0535,8.0535,8.0535,8.0535,8.0535,8.0535,8.0535,8.0535,8.0535,8.0535,8.0535,8.0535,8.0535,8.0535,8.0535,8.0535,8.0535,8.0535,8.0535,8.0535,8.0535,8.0535,8.0535,8.0535,8.0535,8.0535,8.0535,8.0535,8.0535,8.0535,8.0535,8.0535,8.0535,8.0535,8.0535,8.0535,8.0535,8.0535,8.0535,8.0535,8.0535,8.0535,8.0535,8.0535,8.0535,8.0535,8.0535,8.0535,8.0535,8.0535,8.0535,8.0535,8.0535,8.0535,8.0535,8.0535,8.0535,8.0535,8.0535,8.0535,8.0535,8.0535,8.0535,8.0535,8.0535,8.0535,8.0535,8.0535,8.0535,8.0535,8.0535,8.0535,8.0535,8.0535,8.0535,8.0535,8.0535,8.0535,8.0535,8.0535,8.0535,8.0535,8.0535,8.0535,8.0535,8.0535,8.0535,8.0535,8.0535,8.0535,8.0535,8.0535,8.0535,8.0535,8.0535,8.0535,8.0535,8.0535,8.0535,8.0535,8.0535,8.0535,8.0535,8.0535,8.0535,8.0535,8.0535,8.0535,8.0535,8.0535,8.0535,8.0535,8.0535,8.0535,8.0535,8.0535,8.0535,8.0535,8.0535,8.0535,8.0535,8.0535,8.0535,8.0535,8.0535,8.0535,8.0535,8.0535,8.0535,8.0535,8.0535,8.0535,8.0535,8.0535,8.0535,8.0535,8.0535,8.0535,8.0535,8.0535,8.0535,8.0535,8.0535,8.0535,8.0535,8.0535,8.0535,8.0535,8.0535,8.0535,8.0535,8.0535,8.0535,8.0535,8.0535,8.0535,8.0535,8.0535,8.0535,8.0535,8.0535,8.0535,8.0535,8.0535,8.0535,8.0535,8.0535,8.0535,8.0535,8.0535,8.0535,8.0535,8.0535,8.0535,8.0535,8.0535,8.0535,8.0535,8.0535,8.0535,8.0535,8.0535,8.0535,8.0535,8.0535,8.0535,8.0535,8.0535,8.0535,8.0535,8.0535,8.0535,8.0535,8.0535,8.0535,8.0535,8.0535,8.0535,8.0535,8.0535,8.0535,8.0535,8.0535,8.0535,8.0535,8.0535,8.0535,8.0535,8.0535,8.0535,8.0535,8.0535,8.0535,8.0535,8.0535,8.0535,8.0535,8.0535,8.0535,8.0535,8.0535,8.0535,8.0535,8.0535,8.0535,8.0535,8.0535,8.0535,8.0535,8.0535,8.0535,8.0535,8.0535,8.0535,8.0535,8.0535,8.0535,8.0535,8.0535,8.0535,8.0535,8.0535,8.0535,8.0535,8.0535,8.0535,8.0535,8.0535,8.0535,8.0535,8.0535,8.0535,8.0535,8.0535,8.0535,8.0535,8.0535,8.0535,8.0535,8.0535,8.0535,8.0535,8.0535,8.0535,8.0535,8.0535,8.0535,8.0535,8.0535,8.0535,8.0535,8.0535,8.0535,8.0535,8.0535,8.0535,8.0535,8.0535,8.0535,8.0535,8.0535,8.0535,8.0535,8.0535,8.0535,8.0535,8.0535,8.0535,8.0535,8.0535,8.0535,8.0535,8.0535,8.0535,8.0535,8.0535,8.0535,8.0535,8.0535,8.0535,8.0535,8.0535,8.0535,8.0535,8.0535,8.0535,8.0535,8.0535,8.0535,8.0535,8.0535,8.0535,8.0535,8.0535,8.0535,8.0535,8.0535,8.0535,8.0535,8.0535,8.0535,8.0535,8.0535,8.0535,8.0535,8.0535,8.0535,8.0535,8.0535,8.0535,8.0535,8.0535,8.0535,8.0535,8.0535,8.0535,8.0535,8.0535,8.0535,8.0535,8.0535,8.0535,8.0535,8.0535,8.0535,8.0535,8.0535,8.0535,8.0535,8.0535,8.0535,8.0535,8.0535,8.0535,8.0535,8.0535,8.0535,8.0535,8.0535,8.0535,8.0535,8.0535,8.0535,8.0535,8.0535,8.0535,8.0535,8.0535,8.0535,8.0535,8.0535,8.0535,8.0535,8.0535,8.0535,8.0535,8.0535,8.0535,8.0535,8.0535,8.0535,8.0535,8.0535,8.0535,8.0535,8.0535,8.0535,8.0535,8.0535,8.0535,8.0535,8.0535,8.0535,8.0535,8.0535,8.0535,8.0535,8.0535,8.0535,8.0535,8.0535,8.0535,8.0535,8.0535,8.0535,8.0535,8.0535,8.0535,8.0535,8.0535,8.0535,8.0535,8.0535,8.0535,8.0535,8.0535,8.0535,8.0535,8.0535,8.0535,8.0535,8.0535,8.0535,8.0535,8.0535,8.0535,8.0535,8.0535,8.0535,8.0535,8.0535,8.0535,8.0535,8.0535,8.0535,8.0535,8.0535,8.0535,8.0535,8.0535,8.0535,8.0535,8.0535,8.0535,8.0535,8.0535,8.0535,8.0535,8.0535,8.0535,8.0535,8.0535,8.0535,8.0535,8.0535,8.0535,8.0535,8.0535,8.0535,8.0535,8.0535,8.0535,8.0535,8.0535,8.0535,8.0535,8.0535,8.0535,8.0535,8.0535,8.0535,8.0535,8.0535,8.0535,8.0535,8.0535,8.0535,8.0535,8.0535,8.0535,8.0535,8.0535,8.0535,8.0535,8.0535,8.0535,8.0535,8.0535,8.0535,8.0535,8.0535,8.0535,8.0535,8.0535,8.0535,8.0535,8.0535,8.0535,8.0535,8.0535,8.0535,8.0535,8.0535,8.0535,8.0535,8.0535,8.0535,8.0535,8.0535,8.0535,8.0535,8.0535,8.0535,8.0535,8.0535,8.0535,8.0535,8.0535,8.0535,8.0535,8.0535,8.0535,8.0535,8.0535,8.0535,8.0535,8.0535,8.0535,8.0535,8.0535,8.0535,8.0535,8.0535,8.0535,8.0535,8.0535,8.0535,8.0535,8.0535,8.0535,8.0535,8.0535,8.0535,8.0535,8.0535,8.0535,8.0535,8.0535,8.0535,8.0535,8.0535,8.0535,8.0535,8.0535,8.0535,8.0535,8.0535,8.0535,8.0535,8.0535,8.0535,8.0535,8.0535,8.0535,8.0535,8.0535,8.0535,8.0535,8.0535,8.0535,8.0535,8.0535,8.0535,8.0535,8.0535,8.0535,8.0535,8.0535,8.0535,8.0535,8.0535,8.0535,8.0535,8.0535,8.0535,8.0535,8.0535,8.0535,8.0535,8.0535,8.0535,8.0535,8.0535,8.0535,8.0535,8.0535,8.0535,8.0535,8.0535,8.0535,8.0535,8.0535,8.0535,8.0535,8.0535,8.0535,8.0535,8.0535,8.0535,8.0535,8.0535,8.0535,8.0535,8.0535,8.0535,8.0535,8.0535,8.0535,8.0535,8.0535,8.0535,8.0535,8.0535,8.0535
8.0470,8.0470,8.0470,8.0470,8.0470,8.0470,8.0470,8.0470,8.0470,8.0470,8.0470,8.0470,8.0470,8.0470,8.0470,8.0470,8.0470,8.0470,8.0470,8.0470,8.0470,8.0470,8.0470,8.0470,8.0470,8.0470,8.0470,8.0470,8.0470,8.0470,8.0470,8.0470,8.0470,8.0470,8.0470,8.0470,8.0470,8.0470,8.0470,8.0470,8.0470,8.0470,8.0470,8.0470,8.0470,8.0470,8.0470,8.0470,8.0470,8.0470,8.0470,8.0470,8.0470,8.0470,8.0470,8.0470,8.0470,8.0470,8.0470,8.0470,8.0470,8.0470,8.0470,8.0470,8.0470,8.0470,8.0470,8.0470,8.0470,8.0470,8.0470,8.0470,8.0470,8.0470,8.0470,8.0470,8.0470,8.0470,8.0470,8.0470,8.0470,8.0470,8.0470,8.0470,8.0470,8.0470,8.0470,8.0470,8.0470,8.0470,8.0470,8.0470,8.0470,8.0470,8.0470,8.0470,8.0470,8.0470,8.0470,8.0470,8.0470,8.0470,8.0470,8.0470,8.0470,8.0470,8.0470,8.0470,8.0470,8.0470,8.0470,8.0470,8.0470,8.0470,8.0470,8.0470,8.0470,8.0470,8.0470,8.0470,8.0470,8.0470,8.0470,8.0470,8.0470,8.0470,8.0470,8.0470,8.0470,8.0470,8.0470,8.0470,8.0470,8.0470,8.0470,8.0470,8.0470,8.0470,8.0470,8.0470,8.0470,8.0470,8.0470,8.0470,8.0470,8.0470,8.0470,8.0470,8.0470,8.0470,8.0470,8.0470,8.0470,8.0470,8.0470,8.0470,8.0470,8.0470,8.0470,8.0470,8.0470,8.0470,8.0470,8.0470,8.0470,8.0470,8.0470,8.0470,8.0470,8.0470,8.0470,8.0470,8.0470,8.0470,8.0470,8.0470,8.0470,8.0470,8.0470,8.0470,8.0470,8.0470,8.0470,8.0470,8.0470,8.0470,8.0470,8.0470,8.0470,8.0470,8.0470,8.0470,8.0470,8.0470,8.0470,8.0470,8.0470,8.0470,8.0470,8.0470,8.0470,8.0470,8.0470,8.0470,8.0470,8.0470,8.0470,8.0470,8.0470,8.0470,8.0470,8.0470,8.0470,8.0470,8.0470,8.0470,8.0470,8.0470,8.0470,8.0470,8.0470,8.0470,8.0470,8.0470,8.0470,8.0470,8.0470,8.0470,8.0470,8.0470,8.0470,8.0470,8.0470,8.0470,8.0470,8.0470,8.0470,8.0470,8.0470,8.0470,8.0470,8.0470,8.0470,8.0470,8.0470,8.0470,8.0470,8.0470,8.0470,8.0470,8.0470,8.0470,8.0470,8.0470,8.0470,8.0470,8.0470,8.0470,8.0470,8.0470,8.0470,8.0470,8.0470,8.0470,8.0470,8.0470,8.0470,8.0470,8.0470,8.0470,8.0470,8.0470,8.0470,8.0470,8.0470,8.0470,8.0470,8.0470,8.0470,8.0470,8.0470,8.0470,8.0470,8.0470,8.0470,8.0470,8.0470,8.0470,8.0470,8.0470,8.0470,8.0470,8.0470,8.0470,8.0470,8.0470,8.0470,8.0470,8.0470,8.0470,8.0470,8.0470,8.0470,8.0470,8.0470,8.0470,8.0470,8.0470,8.0470,8.0470,8.0470,8.0470,8.0470,8.0470,8.0470,8.0470,8.0470,8.0470,8.0470,8.0470,8.0470,8.0470,8.0470,8.0470,8.0470,8.0470,8.0470,8.0470,8.0470,8.0470,8.0470,8.0470,8.0470,8.0470,8.0470,8.0470,8.0470,8.0470,8.0470,8.0470,8.0470,8.0470,8.0470,8.0470,8.0470,8.0470,8.0470,8.0470,8.0470,8.0470,8.0470,8.0470,8.0470,8.0470,8.0470,8.0470,8.0470,8.0470,8.0470,8.0470,8.0470,8.0470,8.0470,8.0470,8.0470,8.0470,8.0470,8.0470,8.0470,8.0470,8.0470,8.0470,8.0470,8.0470,8.0470,8.0470,8.0470,8.0470,8.0470,8.0470,8.0470,8.0470,8.0470,8.0470,8.0470,8.0470,8.0470,8.0470,8.0470,8.0470,8.0470,8.0470,8.0470,8.0470,8.0470,8.0470,8.0470,8.0470,8.0470,8.0470,8.0470,8.0470,8.0470,8.0470,8.0470,8.0470,8.0470,8.0470,8.0470,8.0470,8.0470,8.0470,8.0470,8.0470,8.0470,8.0470,8.0470,8.0470,8.0470,8.0470,8.0470,8.0470,8.0470,8.0470,8.0470,8.0470,8.0470,8.0470,8.0470,8.0470,8.0470,8.0470,8.0470,8.0470,8.0470,8.0470,8.0470,8.0470,8.0470,8.0470,8.0470,8.0470,8.0470,8.0470,8.0470,8.0470,8.0470,8.0470,8.0470,8.0470,8.0470,8.0470,8.0470,8.0470,8.0470,8.0470,8.0470,8.0470,8.0470,8.0470,8.0470,8.0470,8.0470,8.0470,8.0470,8.0470,8.0470,8.0470,8.0470,8.0470,8.0470,8.0470,8.0470,8.0470,8.0470,8.0470,8.0470,8.0470,8.0470,8.0470,8.0470,8.0470,8.0470,8.0470,8.0470,8.0470,8.0470,8.0470,8.0470,8.0470,8.0470,8.0470,8.0470,8.0470,8.0470,8.0470,8.0470,8.0470,8.0470,8.0470,8.0470,8.0470,8.0470,8.0470,8.0470,8.0470,8.0470,8.0470,8.0470,8.0470,8.0470,8.0470,8.0470,8.0470,8.0470,8.0470,8.0470,8.0470,8.0470,8.0470,8.0470,8.0470,8.0470,8.0470,8.0470,8.0470,8.0470,8.0470,8.0470,8.0470,8.0470,8.0470,8.0470,8.0470,8.0470,8.0470,8.0470,8.0470,8.0470,8.0470,8.0470,8.0470,8.0470,8.0470,8.0470,8.0470,8.0470,8.0470,8.0470,8.0470,8.0470,8.0470,8.0470,8.0470,8.0470,8.0470,8.0470,8.0470,8.0470,8.0470,8.0470,8.0470,8.0470,8.0470,8.0470,8.0470,8.0470,8.0470,8.0470,8.0470,8.0470,8.0470,8.0470,8.0470,8.0470,8.0470,8.0470,8.0470,8.0470,8.0470,8.0470,8.0470,8.0470,8.0470,8.0470,8.0470,8.0470,8.0470,8.0470,8.0470,8.0470,8.0470,8.0470,8.0470,8.0470,8.0470,8.0470,8.0470,8.0470,8.0470,8.0470,8.0470,8.0470,8.0470,8.0470,8.0470,8.0470,8.0470,8.0470,8.0470,8.0470,8.0470,8.0470,8.0470,8.0470,8.0470,8.0470,8.0470,8.0470,8.0470,8.0470,8.0470,8.0470,8.0470,8.0470,8.0470,8.0470,8.0470,8.0470,8.0470,8.0470,8.0470,8.0470,8.0470,8.0470,8.0470,8.0470,8.0470,8.0470,8.0470,8.0470,8.0470,8.0470,8.0470,8.0470,8.0470,8.0470,8.0470,8.0470,8.0470,8.0470,8.0470,8.0470,8.0470,8.0470,8.0470,8.0470,8.0470,8.0470,8.0470,8.0470,8.0470,8.0470,8.0470,8.0470,8.0470,8.0470,8.0470,8.0470,8.0470,8.0470,8.0470,8.0470,8.0470,8.0470,8.0470,8.0470,8.0470,8.0470,8.0470,8.0470,8.0470,8.0470,8.0470,8.0470,8.0470,8.0470,8.0470,8.0470,8.0470,8.0470,8.0470,8.0470,8.0470,8.0470,8.0470,8.0470,8.0470,8.0470,8.0470,8.0470,8.0470,8.0470,8.0470,8.0470,8.0470,8.0470,8.0470,8.0470,8.0470,8.0470,8.0470,8.0470,8.0470,8.0470,8.0470,8.0470,8.0470,8.0470,8.0470,8.0470,8.0470,8.0470,8.0470,8.0470,8.0470,8.0470,8.0470,8.0470,8.0470,8.0470,8.0470,8.0470,8.0470,8.0470,8.0470,8.0470,8.0470,8.0470,8.0470,8.0470,8.0470,8.0470,8.0470,8.0470,8.0470,8.0470,8.0470,8.0470,8.0470,8.0470,8.0470,8.0470,8.0470,8.0470,8.0470,8.0470,8.0470,8.0470,8.0470,8.0470,8.0470,8.0470,8.0470,8.0470,8.0470,8.0470,8.0470,8.0470,8.0470,8.0470,8.0470,8.0470,8.0470,8.0470,8.0470,8.0470,8.0470,8.0470,8.0470,8.0470,8.0470,8.0470,8.0470,8.0470,8.0470,8.0470,8.0470,8.0470,8.0470,8.0470,8.0470,8.0470,8.0470,8.0470,8.0470,8.0470,8.0470,8.0470,8.0470,8.0470,8.0470,8.0470,8.0470,8.0470,8.0470,8.0470,8.0470,8.0470,8.0470,8.0470,8.0470,8.0470,8.0470,8.0470,8.0470,8.0470,8.0470,8.0470,8.0470,8.0470,8.0470,8.0470,8.0470,8.0470,8.0470,8.0470,8.0470,8.0470,8.0470,8.0470,8.0470,8.0470,8.0470,8.0470,8.0470,8.0470,8.0470,8.0470,8.0470,8.0470,8.0470,8.0470,8.0470,8.0470,8.0470,8.0470,8.0470,8.0470,8.0470,8.0470,8.0470,8.0470,8.0470,8.0470,8.0470,8.0470,8.0470,8.0470,8.0470,8.0470,8.0470,8.0470,8.0470,8.0470,8.0470,8.0470,8.0470,8.0470,8.0470,8.0470,8.0470,8.0470,8.0470,8.0470,8.0470,8.0470,8.0470,8.0470,8.0470,8.0470,8.0470,8.0470,8.0470,8.0470,8.0470,8.0470,8.0470,8.0470,8.0470,8.0470,8.0470,8.0470,8.0470,8.0470,8.0470,8.0470,8.0470,8.0470,8.0470,8.0470,8.0470,8.0470,8.0470,8.0470,8.0470,8.0470,8.0470,8.0470,8.0470,8.0470,8.0470,8.0470,8.0470,8.0470,8.0470,8.0470,8.0470,8.0470,8.0470,8.0470,8.0470,8.0470,8.0470,8.0470,8.0470,8.0470,8.0470,8.0470,8.0470,8.0470,8.0470,8.0470,8.0470,8.0470,8.0470,8.0470,8.0470,8.0470,8.0470,8.0470,8.0470,8.0470,8.0470,8.0470,8.0470,8.0470,8.0470,8.0470,8.0470,8.0470,8.0470,8.0470,8.0470,8.0470,8.0470,8.0470,8.0470,8.0470,8.0470
8.0393,8.0393,8.0393,8.0393,8.0393,8.0393,8.0393,8.0393,8.0393,8.0393,8.0393,8.0393,8.0393,8.0393,8.0393,8.0393,8.0393,8.0393,8.0393,8.0393,8.0393,8.0393,8.0393,8.0393,8.0393,8.0393,8.0393,8.0393,8.0393,8.0393,8.0393,8.0393,8.0393,8.0393,8.0393,8.0393,8.0393,8.0393,8.0393,8.0393,8.0393,8.0393,8.0393,8.0393,8.0393,8.0393,8.0393,8.0393,8.0393,8.0393,8.0393,8.0393,8.0393,8.0393,8.0393,8.0393,8.0393,8.0393,8.0393,8.0393,8.0393,8.0393,8.0393,8.0393,8.0393,8.0393,8.0393,8.0393,8.0393,8.0393,8.0393,8.0393,8.0393,8.0393,8.0393,8.0393,8.0393,8.0393,8.0393,8.0393,8.0393,8.0393,8.0393,8.0393,8.0393,8.0393,8.0393,8.0393,8.0393,8.0393,8.0393,8.0393,8.0393,8.0393,8.0393,8.0393,8.0393,8.0393,8.0393,8.0393,8.0393,8.0393,8.0393,8.0393,8.0393,8.0393,8.0393,8.0393,8.0393,8.0393,8.0393,8.0393,8.0393,8.0393,8.0393,8.0393,8.0393,8.0393,8.0393,8.0393,8.0393,8.0393,8.0393,8.0393,8.0393,8.0393,8.0393,8.0393,8.0393,8.0393,8.0393,8.0393,8.0393,8.0393,8.0393,8.0393,8.0393,8.0393,8.0393,8.0393,8.0393,8.0393,8.0393,8.0393,8.0393,8.0393,8.0393,8.0393,8.0393,8.0393,8.0393,8.0393,8.0393,8.0393,8.0393,8.0393,8.0393,8.0393,8.0393,8.0393,8.0393,8.0393,8.0393,8.0393,8.0393,8.0393,8.0393,8.0393,8.0393,8.0393,8.0393,8.0393,8.0393,8.0393,8.0393,8.0393,8.0393,8.0393,8.0393,8.0393,8.0393,8.0393,8.0393,8.0393,8.0393,8.0393,8.0393,8.0393,8.0393,8.0393,8.0393,8.0393,8.0393,8.0393,8.0393,8.0393,8.0393,8.0393,8.0393,8.0393,8.0393,8.0393,8.0393,8.0393,8.0393,8.0393,8.0393,8.0393,8.0393,8.0393,8.0393,8.0393,8.0393,8.0393,8.0393,8.0393,8.0393,8.0393,8.0393,8.0393,8.0393,8.0393,8.0393,8.0393,8.0393,8.0393,8.0393,8.0393,8.0393,8.0393,8.0393,8.0393,8.0393,8.0393,8.0393,8.0393,8.0393,8.0393,8.0393,8.0393,8.0393,8.0393,8.0393,8.0393,8.0393,8.0393,8.0393,8.0393,8.0393,8.0393,8.0393,8.0393,8.0393,8.0393,8.0393,8.0393,8.0393,8.0393,8.0393,8.0393,8.0393,8.0393,8.0393,8.0393,8.0393,8.0393,8.0393,8.0393,8.0393,8.0393,8.0393,8.0393,8.0393,8.0393,8.0393,8.0393,8.0393,8.0393,8.0393,8.0393,8.0393,8.0393,8.0393,8.0393,8.0393,8.0393,8.0393,8.0393,8.0393,8.0393,8.0393,8.0393,8.0393,8.0393,8.0393,8.0393,8.0393,8.0393,8.0393,8.0393,8.0393,8.0393,8.0393,8.0393,8.0393,8.0393,8.0393,8.0393,8.0393,8.0393,8.0393,8.0393,8.0393,8.0393,8.0393,8.0393,8.0393,8.0393,8.0393,8.0393,8.0393,8.0393,8.0393,8.0393,8.0393,8.0393,8.0393,8.0393,8.0393,8.0393,8.0393,8.0393,8.0393,8.0393,8.0393,8.0393,8.0393,8.0393,8.0393,8.0393,8.0393,8.0393,8.0393,8.0393,8.0393,8.0393,8.0393,8.0393,8.0393,8.0393,8.0393,8.0393,8.0393,8.0393,8.0393,8.0393,8.0393,8.0393,8.0393,8.0393,8.0393,8.0393,8.0393,8.0393,8.0393,8.0393,8.0393,8.0393,8.0393,8.0393,8.0393,8.0393,8.0393,8.0393,8.0393,8.0393,8.0393,8.0393,8.0393,8.0393,8.0393,8.0393,8.0393,8.0393,8.0393,8.0393,8.0393,8.0393,8.0393,8.0393,8.0393,8.0393,8.0393,8.0393,8.0393,8.0393,8.0393,8.0393,8.0393,8.0393,8.0393,8.0393,8.0393,8.0393,8.0393,8.0393,8.0393,8.0393,8.0393,8.0393,8.0393,8.0393,8.0393,8.0393,8.0393,8.0393,8.0393,8.0393,8.0393,8.0393,8.0393,8.0393,8.0393,8.0393,8.0393,8.0393,8.0393,8.0393,8.0393,8.0393,8.0393,8.0393,8.0393,8.0393,8.0393,8.0393,8.0393,8.0393,8.0393,8.0393,8.0393,8.0393,8.0393,8.0393,8.0393,8.0393,8.0393,8.0393,8.0393,8.0393,8.0393,8.0393,8.0393,8.0393,8.0393,8.0393,8.0393,8.0393,8.0393,8.0393,8.0393,8.0393,8.0393,8.0393,8.0393,8.0393,8.0393,8.0393,8.0393,8.0393,8.0393,8.0393,8.0393,8.0393,8.0393,8.0393,8.0393,8.0393,8.0393,8.0393,8.0393,8.0393,8.0393,8.0393,8.0393,8.0393,8.0393,8.0393,8.0393,8.0393,8.0393,8.0393,8.0393,8.0393,8.0393,8.0393,8.0393,8.0393,8.0393,8.0393,8.0393,8.0393,8.0393,8.0393,8.0393,8.0393,8.0393,8.0393,8.0393,8.0393,8.0393,8.0393,8.0393,8.0393,8.0393,8.0393,8.0393,8.0393,8.0393,8.0393,8.0393,8.0393,8.0393,8.0393,8.0393,8.0393,8.0393,8.0393,8.0393,8.0393,8.0393,8.0393,8.0393,8.0393,8.0393,8.0393,8.0393,8.0393,8.0393,8.0393,8.0393,8.0393,8.0393,8.0393,8.0393,8.0393,8.0393,8.0393,8.0393,8.0393,8.0393,8.0393,8.0393,8.0393,8.0393,8.0393,8.0393,8.0393,8.0393,8.0393,8.0393,8.0393,8.0393,8.0393,8.0393,8.0393,8.0393,8.0393,8.0393,8.0393,8.0393,8.0393,8.0393,8.0393,8.0393,8.0393,8.0393,8.0393,8.0393,8.0393,8.0393,8.0393,8.0393,8.0393,8.0393,8.0393,8.0393,8.0393,8.0393,8.0393,8.0393,8.0393,8.0393,8.0393,8.0393,8.0393,8.0393,8.0393,8.0393,8.0393,8.0393,8.0393,8.0393,8.0393,8.0393,8.0393,8.0393,8.0393,8.0393,8.0393,8.0393,8.0393,8.0393,8.0393,8.0393,8.0393,8.0393,8.0393,8.0393,8.0393,8.0393,8.0393,8.0393,8.0393,8.0393,8.0393,8.0393,8.0393,8.0393,8.0393,8.0393,8.0393,8.0393,8.0393,8.0393,8.0393,8.0393,8.0393,8.0393,8.0393,8.0393,8.0393,8.0393,8.0393,8.0393,8.0393,8.0393,8.0393,8.0393,8.0393,8.0393,8.0393,8.0393,8.0393,8.0393,8.0393,8.0393,8.0393,8.0393,8.0393,8.0393,8.0393,8.0393,8.0393,8.0393,8.0393,8.0393,8.0393,8.0393,8.0393,8.0393,8.0393,8.0393,8.0393,8.0393,8.0393,8.0393,8.0393,8.0393,8.0393,8.0393,8.0393,8.0393,8.0393,8.0393,8.0393,8.0393,8.0393,8.0393,8.0393,8.0393,8.0393,8.0393,8.0393,8.0393,8.0393,8.0393,8.0393,8.0393,8.0393,8.0393,8.0393,8.0393,8.0393,8.0393,8.0393,8.0393,8.0393,8.0393,8.0393,8.0393,8.0393,8.0393,8.0393,8.0393,8.0393,8.0393,8.0393,8.0393,8.0393,8.0393,8.0393,8.0393,8.0393,8.0393,8.0393,8.0393,8.0393,8.0393,8.0393,8.0393,8.0393,8.0393,8.0393,8.0393,8.0393,8.0393,8.0393,8.0393,8.0393,8.0393,8.0393,8.0393,8.0393,8.0393,8.0393,8.0393,8.0393,8.0393,8.0393,8.0393,8.0393,8.0393,8.0393,8.0393,8.0393,8.0393,8.0393,8.0393,8.0393,8.0393,8.0393,8.0393,8.0393,8.0393,8.0393,8.0393,8.0393,8.0393,8.0393,8.0393,8.0393,8.0393,8.0393,8.0393,8.0393,8.0393,8.0393,8.0393,8.0393,8.0393,8.0393,8.0393,8.0393,8.0393,8.0393,8.0393,8.0393,8.0393,8.0393,8.0393,8.0393,8.0393,8.0393,8.0393,8.0393,8.0393,8.0393,8.0393,8.0393,8.0393,8.0393,8.0393,8.0393,8.0393,8.0393,8.0393,8.0393,8.0393,8.0393,8.0393,8.0393,8.0393,8.0393,8.0393,8.0393,8.0393,8.0393,8.0393,8.0393,8.0393,8.0393,8.0393,8.0393,8.0393,8.0393,8.0393,8.0393,8.0393,8.0393,8.0393,8.0393,8.0393,8.0393,8.0393,8.0393,8.0393,8.0393,8.0393,8.0393,8.0393,8.0393,8.0393,8.0393,8.0393,8.0393,8.0393,8.0393,8.0393,8.0393,8.0393,8.0393,8.0393,8.0393,8.0393,8.0393,8.0393,8.0393,8.0393,8.0393,8.0393,8.0393,8.0393,8.0393,8.0393,8.0393,8.0393,8.0393,8.0393,8.0393,8.0393,8.0393,8.0393,8.0393,8.0393,8.0393,8.0393,8.0393,8.0393,8.0393,8.0393,8.0393,8.0393,8.0393,8.0393,8.0393,8.0393,8.0393,8.0393,8.0393,8.0393,8.0393,8.0393,8.0393,8.0393,8.0393,8.0393,8.0393,8.0393,8.0393,8.0393,8.0393,8.0393,8.0393,8.0393,8.0393,8.0393,8.0393,8.0393,8.0393,8.0393,8.0393,8.0393,8.0393,8.0393,8.0393,8.0393,8.0393,8.0393,8.0393,8.0393,8.0393,8.0393,8.0393,8.0393,8.0393,8.0393,8.0393,8.0393,8.0393,8.0393,8.0393,8.0393,8.0393,8.0393,8.0393,8.0393,8.0393,8.0393,8.0393,8.0393,8.0393,8.0393,8.0393,8.0393,8.0393,8.0393,8.0393,8.0393,8.0393,8.0393,8.0393,8.0393,8.0393,8.0393,8.0393,8.0393,8.0393,8.0393,8.0393
8.0319,8.0319,8.0319,8.0319,8.0319,8.0319,8.0319,8.0319,8.0319,8.0319,8.0319,8.0319,8.0319,8.0319,8.0319,8.0319,8.0319,8.0319,8.0319,8.0319,8.0319,8.0319,8.0319,8.0319,8.0319,8.0319,8.0319,8.0319,8.0319,8.0319,8.0319,8.0319,8.0319,8.0319,8.0319,8.0319,8.0319,8.0319,8.0319,8.0319,8.0319,8.0319,8.0319,8.0319,8.0319,8.0319,8.0319,8.0319,8.0319,8.0319,8.0319,8.0319,8.0319,8.0319,8.0319,8.0319,8.0319,8.0319,8.0319,8.0319,8.0319,8.0319,8.0319,8.0319,8.0319,8.0319,8.0319,8.0319,8.0319,8.0319,8.0319,8.0319,8.0319,8.0319,8.0319,8.0319,8.0319,8.0319,8.0319,8.0319,8.0319,8.0319,8.0319,8.0319,8.0319,8.0319,8.0319,8.0319,8.0319,8.0319,8.0319,8.0319,8.0319,8.0319,8.0319,8.0319,8.0319,8.0319,8.0319,8.0319,8.0319,8.0319,8.0319,8.0319,8.0319,8.0319,8.0319,8.0319,8.0319,8.0319,8.0319,8.0319,8.0319,8.0319,8.0319,8.0319,8.0319,8.0319,8.0319,8.0319,8.0319,8.0319,8.0319,8.0319,8.0319,8.0319,8.0319,8.0319,8.0319,8.0319,8.0319,8.0319,8.0319,8.0319,8.0319,8.0319,8.0319,8.0319,8.0319,8.0319,8.0319,8.0319,8.0319,8.0319,8.0319,8.0319,8.0319,8.0319,8.0319,8.0319,8.0319,8.0319,8.0319,8.0319,8.0319,8.0319,8.0319,8.0319,8.0319,8.0319,8.0319,8.0319,8.0319,8.0319,8.0319,8.0319,8.0319,8.0319,8.0319,8.0319,8.0319,8.0319,8.0319,8.0319,8.0319,8.0319,8.0319,8.0319,8.0319,8.0319,8.0319,8.0319,8.0319,8.0319,8.0319,8.0319,8.0319,8.0319,8.0319,8.0319,8.0319,8.0319,8.0319,8.0319,8.0319,8.0319,8.0319,8.0319,8.0319,8.0319,8.0319,8.0319,8.0319,8.0319,8.0319,8.0319,8.0319,8.0319,8.0319,8.0319,8.0319,8.0319,8.0319,8.0319,8.0319,8.0319,8.0319,8.0319,8.0319,8.0319,8.0319,8.0319,8.0319,8.0319,8.0319,8.0319,8.0319,8.0319,8.0319,8.0319,8.0319,8.0319,8.0319,8.0319,8.0319,8.0319,8.0319,8.0319,8.0319,8.0319,8.0319,8.0319,8.0319,8.0319,8.0319,8.0319,8.0319,8.0319,8.0319,8.0319,8.0319,8.0319,8.0319,8.0319,8.0319,8.0319,8.0319,8.0319,8.0319,8.0319,8.0319,8.0319,8.0319,8.0319,8.0319,8.0319,8.0319,8.0319,8.0319,8.0319,8.0319,8.0319,8.0319,8.0319,8.0319,8.0319,8.0319,8.0319,8.0319,8.0319,8.0319,8.0319,8.0319,8.0319,8.0319,8.0319,8.0319,8.0319,8.0319,8.0319,8.0319,8.0319,8.0319,8.0319,8.0319,8.0319,8.0319,8.0319,8.0319,8.0319,8.0319,8.0319,8.0319,8.0319,8.0319,8.0319,8.0319,8.0319,8.0319,8.0319,8.0319,8.0319,8.0319,8.0319,8.0319,8.0319,8.0319,8.0319,8.0319,8.0319,8.0319,8.0319,8.0319,8.0319,8.0319,8.0319,8.0319,8.0319,8.0319,8.0319,8.0319,8.0319,8.0319,8.0319,8.0319,8.0319,8.0319,8.0319,8.0319,8.0319,8.0319,8.0319,8.0319,8.0319,8.0319,8.0319,8.0319,8.0319,8.0319,8.0319,8.0319,8.0319,8.0319,8.0319,8.0319,8.0319,8.0319,8.0319,8.0319,8.0319,8.0319,8.0319,8.0319,8.0319,8.0319,8.0319,8.0319,8.0319,8.0319,8.0319,8.0319,8.0319,8.0319,8.0319,8.0319,8.0319,8.0319,8.0319,8.0319,8.0319,8.0319,8.0319,8.0319,8.0319,8.0319,8.0319,8.0319,8.0319,8.0319,8.0319,8.0319,8.0319,8.0319,8.0319,8.0319,8.0319,8.0319,8.0319,8.0319,8.0319,8.0319,8.0319,8.0319,8.0319,8.0319,8.0319,8.0319,8.0319,8.0319,8.0319,8.0319,8.0319,8.0319,8.0319,8.0319,8.0319,8.0319,8.0319,8.0319,8.0319,8.0319,8.0319,8.0319,8.0319,8.0319,8.0319,8.0319,8.0319,8.0319,8.0319,8.0319,8.0319,8.0319,8.0319,8.0319,8.0319,8.0319,8.0319,8.0319,8.0319,8.0319,8.0319,8.0319,8.0319,8.0319,8.0319,8.0319,8.0319,8.0319,8.0319,8.0319,8.0319,8.0319,8.0319,8.0319,8.0319,8.0319,8.0319,8.0319,8.0319,8.0319,8.0319,8.0319,8.0319,8.0319,8.0319,8.0319,8.0319,8.0319,8.0319,8.0319,8.0319,8.0319,8.0319,8.0319,8.0319,8.0319,8.0319,8.0319,8.0319,8.0319,8.0319,8.0319,8.0319,8.0319,8.0319,8.0319,8.0319,8.0319,8.0319,8.0319,8.0319,8.0319,8.0319,8.0319,8.0319,8.0319,8.0319,8.0319,8.0319,8.0319,8.0319,8.0319,8.0319,8.0319,8.0319,8.0319,8.0319,8.0319,8.0319,8.0319,8.0319,8.0319,8.0319,8.0319,8.0319,8.0319,8.0319,8.0319,8.0319,8.0319,8.0319,8.0319,8.0319,8.0319,8.0319,8.0319,8.0319,8.0319,8.0319,8.0319,8.0319,8.0319,8.0319,8.0319,8.0319,8.0319,8.0319,8.0319,8.0319,8.0319,8.0319,8.0319,8.0319,8.0319,8.0319,8.0319,8.0319,8.0319,8.0319,8.0319,8.0319,8.0319,8.0319,8.0319,8.0319,8.0319,8.0319,8.0319,8.0319,8.0319,8.0319,8.0319,8.0319,8.0319,8.0319,8.0319,8.0319,8.0319,8.0319,8.0319,8.0319,8.0319,8.0319,8.0319,8.0319,8.0319,8.0319,8.0319,8.0319,8.0319,8.0319,8.0319,8.0319,8.0319,8.0319,8.0319,8.0319,8.0319,8.0319,8.0319,8.0319,8.0319,8.0319,8.0319,8.0319,8.0319,8.0319,8.0319,8.0319,8.0319,8.0319,8.0319,8.0319,8.0319,8.0319,8.0319,8.0319,8.0319,8.0319,8.0319,8.0319,8.0319,8.0319,8.0319,8.0319,8.0319,8.0319,8.0319,8.0319,8.0319,8.0319,8.0319,8.0319,8.0319,8.0319,8.0319,8.0319,8.0319,8.0319,8.0319,8.0319,8.0319,8.0319,8.0319,8.0319,8.0319,8.0319,8.0319,8.0319,8.0319,8.0319,8.0319,8.0319,8.0319,8.0319,8.0319,8.0319,8.0319,8.0319,8.0319,8.0319,8.0319,8.0319,8.0319,8.0319,8.0319,8.0319,8.0319,8.0319,8.0319,8.0319,8.0319,8.0319,8.0319,8.0319,8.0319,8.0319,8.0319,8.0319,8.0319,8.0319,8.0319,8.0319,8.0319,8.0319,8.0319,8.0319,8.0319,8.0319,8.0319,8.0319,8.0319,8.0319,8.0319,8.0319,8.0319,8.0319,8.0319,8.0319,8.0319,8.0319,8.0319,8.0319,8.0319,8.0319,8.0319,8.0319,8.0319,8.0319,8.0319,8.0319,8.0319,8.0319,8.0319,8.0319,8.0319,8.0319,8.0319,8.0319,8.0319,8.0319,8.0319,8.0319,8.0319,8.0319,8.0319,8.0319,8.0319,8.0319,8.0319,8.0319,8.0319,8.0319,8.0319,8.0319,8.0319,8.0319,8.0319,8.0319,8.0319,8.0319,8.0319,8.0319,8.0319,8.0319,8.0319,8.0319,8.0319,8.0319,8.0319,8.0319,8.0319,8.0319,8.0319,8.0319,8.0319,8.0319,8.0319,8.0319,8.0319,8.0319,8.0319,8.0319,8.0319,8.0319,8.0319,8.0319,8.0319,8.0319,8.0319,8.0319,8.0319,8.0319,8.0319,8.0319,8.0319,8.0319,8.0319,8.0319,8.0319,8.0319,8.0319,8.0319,8.0319,8.0319,8.0319,8.0319,8.0319,8.0319,8.0319,8.0319,8.0319,8.0319,8.0319,8.0319,8.0319,8.0319,8.0319,8.0319,8.0319,8.0319,8.0319,8.0319,8.0319,8.0319,8.0319,8.0319,8.0319,8.0319,8.0319,8.0319,8.0319,8.0319,8.0319,8.0319,8.0319,8.0319,8.0319,8.0319,8.0319,8.0319,8.0319,8.0319,8.0319,8.0319,8.0319,8.0319,8.0319,8.0319,8.0319,8.0319,8.0319,8.0319,8.0319,8.0319,8.0319,8.0319,8.0319,8.0319,8.0319,8.0319,8.0319,8.0319,8.0319,8.0319,8.0319,8.0319,8.0319,8.0319,8.0319,8.0319,8.0319,8.0319,8.0319,8.0319,8.0319,8.0319,8.0319,8.0319,8.0319,8.0319,8.0319,8.0319,8.0319,8.0319,8.0319,8.0319,8.0319,8.0319,8.0319,8.0319,8.0319,8.0319,8.0319,8.0319,8.0319,8.0319,8.0319,8.0319,8.0319,8.0319,8.0319,8.0319,8.0319,8.0319,8.0319,8.0319,8.0319,8.0319,8.0319,8.0319,8.0319,8.0319,8.0319,8.0319,8.0319,8.0319,8.0319,8.0319,8.0319,8.0319,8.0319,8.0319,8.0319,8.0319,8.0319,8.0319,8.0319,8.0319,8.0319,8.0319,8.0319,8.0319,8.0319,8.0319,8.0319,8.0319,8.0319,8.0319,8.0319,8.0319,8.0319,8.0319,8.0319,8.0319,8.0319,8.0319,8.0319,8.0319,8.0319,8.0319,8.0319,8.0319,8.0319,8.0319,8.0319,8.0319,8.0319,8.0319,8.0319,8.0319,8.0319,8.0319,8.0319,8.0319,8.0319,8.0319,8.0319,8.0319,8.0319,8.0319,8.0319,8.0319,8.0319,8.0319,8.0319,8.0319,8.0319,8.0319,8.0319,8.0319,8.0319,8.0319,8.0319,8.0319,8.0319,8.0319,8.0319,8.0319
8.0254,8.0254,8.0254,8.0254,8.0254,8.0254,8.0254,8.0254,8.0254,8.0254,8.0254,8.0254,8.0254,8.0254,8.0254,8.0254,8.0254,8.0254,8.0254,8.0254,8.0254,8.0254,8.0254,8.0254,8.0254,8.0254,8.0254,8.0254,8.0254,8.0254,8.0254,8.0254,8.0254,8.0254,8.0254,8.0254,8.0254,8.0254,8.0254,8.0254,8.0254,8.0254,8.0254,8.0254,8.0254,8.0254,8.0254,8.0254,8.0254,8.0254,8.0254,8.0254,8.0254,8.0254,8.0254,8.0254,8.0254,8.0254,8.0254,8.0254,8.0254,8.0254,8.0254,8.0254,8.0254,8.0254,8.0254,8.0254,8.0254,8.0254,8.0254,8.0254,8.0254,8.0254,8.0254,8.0254,8.0254,8.0254,8.0254,8.0254,8.0254,8.0254,8.0254,8.0254,8.0254,8.0254,8.0254,8.0254,8.0254,8.0254,8.0254,8.0254,8.0254,8.0254,8.0254,8.0254,8.0254,8.0254,8.0254,8.0254,8.0254,8.0254,8.0254,8.0254,8.0254,8.0254,8.0254,8.0254,8.0254,8.0254,8.0254,8.0254,8.0254,8.0254,8.0254,8.0254,8.0254,8.0254,8.0254,8.0254,8.0254,8.0254,8.0254,8.0254,8.0254,8.0254,8.0254,8.0254,8.0254,8.0254,8.0254,8.0254,8.0254,8.0254,8.0254,8.0254,8.0254,8.0254,8.0254,8.0254,8.0254,8.0254,8.0254,8.0254,8.0254,8.0254,8.0254,8.0254,8.0254,8.0254,8.0254,8.0254,8.0254,8.0254,8.0254,8.0254,8.0254,8.0254,8.0254,8.0254,8.0254,8.0254,8.0254,8.0254,8.0254,8.0254,8.0254,8.0254,8.0254,8.0254,8.0254,8.0254,8.0254,8.0254,8.0254,8.0254,8.0254,8.0254,8.0254,8.0254,8.0254,8.0254,8.0254,8.0254,8.0254,8.0254,8.0254,8.0254,8.0254,8.0254,8.0254,8.0254,8.0254,8.0254,8.0254,8.0254,8.0254,8.0254,8.0254,8.0254,8.0254,8.0254,8.0254,8.0254,8.0254,8.0254,8.0254,8.0254,8.0254,8.0254,8.0254,8.0254,8.0254,8.0254,8.0254,8.0254,8.0254,8.0254,8.0254,8.0254,8.0254,8.0254,8.0254,8.0254,8.0254,8.0254,8.0254,8.0254,8.0254,8.0254,8.0254,8.0254,8.0254,8.0254,8.0254,8.0254,8.0254,8.0254,8.0254,8.0254,8.0254,8.0254,8.0254,8.0254,8.0254,8.0254,8.0254,8.0254,8.0254,8.0254,8.0254,8.0254,8.0254,8.0254,8.0254,8.0254,8.0254,8.0254,8.0254,8.0254,8.0254,8.0254,8.0254,8.0254,8.0254,8.0254,8.0254,8.0254,8.0254,8.0254,8.0254,8.0254,8.0254,8.0254,8.0254,8.0254,8.0254,8.0254,8.0254,8.0254,8.0254,8.0254,8.0254,8.0254,8.0254,8.0254,8.0254,8.0254,8.0254,8.0254,8.0254,8.0254,8.0254,8.0254,8.0254,8.0254,8.0254,8.0254,8.0254,8.0254,8.0254,8.0254,8.0254,8.0254,8.0254,8.0254,8.0254,8.0254,8.0254,8.0254,8.0254,8.0254,8.0254,8.0254,8.0254,8.0254,8.0254,8.0254,8.0254,8.0254,8.0254,8.0254,8.0254,8.0254,8.0254,8.0254,8.0254,8.0254,8.0254,8.0254,8.0254,8.0254,8.0254,8.0254,8.0254,8.0254,8.0254,8.0254,8.0254,8.0254,8.0254,8.0254,8.0254,8.0254,8.0254,8.0254,8.0254,8.0254,8.0254,8.0254,8.0254,8.0254,8.0254,8.0254,8.0254,8.0254,8.0254,8.0254,8.0254,8.0254,8.0254,8.0254,8.0254,8.0254,8.0254,8.0254,8.0254,8.0254,8.0254,8.0254,8.0254,8.0254,8.0254,8.0254,8.0254,8.0254,8.0254,8.0254,8.0254,8.0254,8.0254,8.0254,8.0254,8.0254,8.0254,8.0254,8.0254,8.0254,8.0254,8.0254,8.0254,8.0254,8.0254,8.0254,8.0254,8.0254,8.0254,8.0254,8.0254,8.0254,8.0254,8.0254,8.0254,8.0254,8.0254,8.0254,8.0254,8.0254,8.0254,8.0254,8.0254,8.0254,8.0254,8.0254,8.0254,8.0254,8.0254,8.0254,8.0254,8.0254,8.0254,8.0254,8.0254,8.0254,8.0254,8.0254,8.0254,8.0254,8.0254,8.0254,8.0254,8.0254,8.0254,8.0254,8.0254,8.0254,8.0254,8.0254,8.0254,8.0254,8.0254,8.0254,8.0254,8.0254,8.0254,8.0254,8.0254,8.0254,8.0254,8.0254,8.0254,8.0254,8.0254,8.0254,8.0254,8.0254,8.0254,8.0254,8.0254,8.0254,8.0254,8.0254,8.0254,8.0254,8.0254,8.0254,8.0254,8.0254,8.0254,8.0254,8.0254,8.0254,8.0254,8.0254,8.0254,8.0254,8.0254,8.0254,8.0254,8.0254,8.0254,8.0254,8.0254,8.0254,8.0254,8.0254,8.0254,8.0254,8.0254,8.0254,8.0254,8.0254,8.0254,8.0254,8.0254,8.0254,8.0254,8.0254,8.0254,8.0254,8.0254,8.0254,8.0254,8.0254,8.0254,8.0254,8.0254,8.0254,8.0254,8.0254,8.0254,8.0254,8.0254,8.0254,8.0254,8.0254,8.0254,8.0254,8.0254,8.0254,8.0254,8.0254,8.0254,8.0254,8.0254,8.0254,8.0254,8.0254,8.0254,8.0254,8.0254,8.0254,8.0254,8.0254,8.0254,8.0254,8.0254,8.0254,8.0254,8.0254,8.0254,8.0254,8.0254,8.0254,8.0254,8.0254,8.0254,8.0254,8.0254,8.0254,8.0254,8.0254,8.0254,8.0254,8.0254,8.0254,8.0254,8.0254,8.0254,8.0254,8.0254,8.0254,8.0254,8.0254,8.0254,8.0254,8.0254,8.0254,8.0254,8.0254,8.0254,8.0254,8.0254,8.0254,8.0254,8.0254,8.0254,8.0254,8.0254,8.0254,8.0254,8.0254,8.0254,8.0254,8.0254,8.0254,8.0254,8.0254,8.0254,8.0254,8.0254,8.0254,8.0254,8.0254,8.0254,8.0254,8.0254,8.0254,8.0254,8.0254,8.0254,8.0254,8.0254,8.0254,8.0254,8.0254,8.0254,8.0254,8.0254,8.0254,8.0254,8.0254,8.0254,8.0254,8.0254,8.0254,8.0254,8.0254,8.0254,8.0254,8.0254,8.0254,8.0254,8.0254,8.0254,8.0254,8.0254,8.0254,8.0254,8.0254,8.0254,8.0254,8.0254,8.0254,8.0254,8.0254,8.0254,8.0254,8.0254,8.0254,8.0254,8.0254,8.0254,8.0254,8.0254,8.0254,8.0254,8.0254,8.0254,8.0254,8.0254,8.0254,8.0254,8.0254,8.0254,8.0254,8.0254,8.0254,8.0254,8.0254,8.0254,8.0254,8.0254,8.0254,8.0254,8.0254,8.0254,8.0254,8.0254,8.0254,8.0254,8.0254,8.0254,8.0254,8.0254,8.0254,8.0254,8.0254,8.0254,8.0254,8.0254,8.0254,8.0254,8.0254,8.0254,8.0254,8.0254,8.0254,8.0254,8.0254,8.0254,8.0254,8.0254,8.0254,8.0254,8.0254,8.0254,8.0254,8.0254,8.0254,8.0254,8.0254,8.0254,8.0254,8.0254,8.0254,8.0254,8.0254,8.0254,8.0254,8.0254,8.0254,8.0254,8.0254,8.0254,8.0254,8.0254,8.0254,8.0254,8.0254,8.0254,8.0254,8.0254,8.0254,8.0254,8.0254,8.0254,8.0254,8.0254,8.0254,8.0254,8.0254,8.0254,8.0254,8.0254,8.0254,8.0254,8.0254,8.0254,8.0254,8.0254,8.0254,8.0254,8.0254,8.0254,8.0254,8.0254,8.0254,8.0254,8.0254,8.0254,8.0254,8.0254,8.0254,8.0254,8.0254,8.0254,8.0254,8.0254,8.0254,8.0254,8.0254,8.0254,8.0254,8.0254,8.0254,8.0254,8.0254,8.0254,8.0254,8.0254,8.0254,8.0254,8.0254,8.0254,8.0254,8.0254,8.0254,8.0254,8.0254,8.0254,8.0254,8.0254,8.0254,8.0254,8.0254,8.0254,8.0254,8.0254,8.0254,8.0254,8.0254,8.0254,8.0254,8.0254,8.0254,8.0254,8.0254,8.0254,8.0254,8.0254,8.0254,8.0254,8.0254,8.0254,8.0254,8.0254,8.0254,8.0254,8.0254,8.0254,8.0254,8.0254,8.0254,8.0254,8.0254,8.0254,8.0254,8.0254,8.0254,8.0254,8.0254,8.0254,8.0254,8.0254,8.0254,8.0254,8.0254,8.0254,8.0254,8.0254,8.0254,8.0254,8.0254,8.0254,8.0254,8.0254,8.0254,8.0254,8.0254,8.0254,8.0254,8.0254,8.0254,8.0254,8.0254,8.0254,8.0254,8.0254,8.0254,8.0254,8.0254,8.0254,8.0254,8.0254,8.0254,8.0254,8.0254,8.0254,8.0254,8.0254,8.0254,8.0254,8.0254,8.0254,8.0254,8.0254,8.0254,8.0254,8.0254,8.0254,8.0254,8.0254,8.0254,8.0254,8.0254,8.0254,8.0254,8.0254,8.0254,8.0254,8.0254,8.0254,8.0254,8.0254,8.0254,8.0254,8.0254,8.0254,8.0254,8.0254,8.0254,8.0254,8.0254,8.0254,8.0254,8.0254,8.0254,8.0254,8.0254,8.0254,8.0254,8.0254,8.0254,8.0254,8.0254,8.0254,8.0254,8.0254,8.0254,8.0254,8.0254,8.0254,8.0254,8.0254,8.0254,8.0254,8.0254,8.0254,8.0254,8.0254,8.0254,8.0254,8.0254,8.0254,8.0254,8.0254,8.0254,8.0254,8.0254,8.0254,8.0254,8.0254,8.0254,8.0254,8.0254,8.0254,8.0254,8.0254,8.0254,8.0254,8.0254,8.0254,8.0254,8.0254,8.0254,8.0254,8.0254,8.0254,8.0254,8.0254,8.0254,8.0254,8.0254,8.0254,8.0254,8.0254,8.0254,8.0254,8.0254
8.0174,8.0174,8.0174,8.0174,8.0174,8.0174,8.0174,8.0174,8.0174,8.0174,8.0174,8.0174,8.0174,8.0174,8.0174,8.0174,8.0174,8.0174,8.0174,8.0174,8.0174,8.0174,8.0174,8.0174,8.0174,8.0174,8.0174,8.0174,8.0174,8.0174,8.0174,8.0174,8.0174,8.0174,8.0174,8.0174,8.0174,8.0174,8.0174,8.0174,8.0174,8.0174,8.0174,8.0174,8.0174,8.0174,8.0174,8.0174,8.0174,8.0174,8.0174,8.0174,8.0174,8.0174,8.0174,8.0174,8.0174,8.0174,8.0174,8.0174,8.0174,8.0174,8.0174,8.0174,8.0174,8.0174,8.0174,8.0174,8.0174,8.0174,8.0174,8.0174,8.0174,8.0174,8.0174,8.0174,8.0174,8.0174,8.0174,8.0174,8.0174,8.0174,8.0174,8.0174,8.0174,8.0174,8.0174,8.0174,8.0174,8.0174,8.0174,8.0174,8.0174,8.0174,8.0174,8.0174,8.0174,8.0174,8.0174,8.0174,8.0174,8.0174,8.0174,8.0174,8.0174,8.0174,8.0174,8.0174,8.0174,8.0174,8.0174,8.0174,8.0174,8.0174,8.0174,8.0174,8.0174,8.0174,8.0174,8.0174,8.0174,8.0174,8.0174,8.0174,8.0174,8.0174,8.0174,8.0174,8.0174,8.0174,8.0174,8.0174,8.0174,8.0174,8.0174,8.0174,8.0174,8.0174,8.0174,8.0174,8.0174,8.0174,8.0174,8.0174,8.0174,8.0174,8.0174,8.0174,8.0174,8.0174,8.0174,8.0174,8.0174,8.0174,8.0174,8.0174,8.0174,8.0174,8.0174,8.0174,8.0174,8.0174,8.0174,8.0174,8.0174,8.0174,8.0174,8.0174,8.0174,8.0174,8.0174,8.0174,8.0174,8.0174,8.0174,8.0174,8.0174,8.0174,8.0174,8.0174,8.0174,8.0174,8.0174,8.0174,8.0174,8.0174,8.0174,8.0174,8.0174,8.0174,8.0174,8.0174,8.0174,8.0174,8.0174,8.0174,8.0174,8.0174,8.0174,8.0174,8.0174,8.0174,8.0174,8.0174,8.0174,8.0174,8.0174,8.0174,8.0174,8.0174,8.0174,8.0174,8.0174,8.0174,8.0174,8.0174,8.0174,8.0174,8.0174,8.0174,8.0174,8.0174,8.0174,8.0174,8.0174,8.0174,8.0174,8.0174,8.0174,8.0174,8.0174,8.0174,8.0174,8.0174,8.0174,8.0174,8.0174,8.0174,8.0174,8.0174,8.0174,8.0174,8.0174,8.0174,8.0174,8.0174,8.0174,8.0174,8.0174,8.0174,8.0174,8.0174,8.0174,8.0174,8.0174,8.0174,8.0174,8.0174,8.0174,8.0174,8.0174,8.0174,8.0174,8.0174,8.0174,8.0174,8.0174,8.0174,8.0174,8.0174,8.0174,8.0174,8.0174,8.0174,8.0174,8.0174,8.0174,8.0174,8.0174,8.0174,8.0174,8.0174,8.0174,8.0174,8.0174,8.0174,8.0174,8.0174,8.0174,8.0174,8.0174,8.0174,8.0174,8.0174,8.0174,8.0174,8.0174,8.0174,8.0174,8.0174,8.0174,8.0174,8.0174,8.0174,8.0174,8.0174,8.0174,8.0174,8.0174,8.0174,8.0174,8.0174,8.0174,8.0174,8.0174,8.0174,8.0174,8.0174,8.0174,8.0174,8.0174,8.0174,8.0174,8.0174,8.0174,8.0174,8.0174,8.0174,8.0174,8.0174,8.0174,8.0174,8.0174,8.0174,8.0174,8.0174,8.0174,8.0174,8.0174,8.0174,8.0174,8.0174,8.0174,8.0174,8.0174,8.0174,8.0174,8.0174,8.0174,8.0174,8.0174,8.0174,8.0174,8.0174,8.0174,8.0174,8.0174,8.0174,8.0174,8.0174,8.0174,8.0174,8.0174,8.0174,8.0174,8.0174,8.0174,8.0174,8.0174,8.0174,8.0174,8.0174,8.0174,8.0174,8.0174,8.0174,8.0174,8.0174,8.0174,8.0174,8.0174,8.0174,8.0174,8.0174,8.0174,8.0174,8.0174,8.0174,8.0174,8.0174,8.0174,8.0174,8.0174,8.0174,8.0174,8.0174,8.0174,8.0174,8.0174,8.0174,8.0174,8.0174,8.0174,8.0174,8.0174,8.0174,8.0174,8.0174,8.0174,8.0174,8.0174,8.0174,8.0174,8.0174,8.0174,8.0174,8.0174,8.0174,8.0174,8.0174,8.0174,8.0174,8.0174,8.0174,8.0174,8.0174,8.0174,8.0174,8.0174,8.0174,8.0174,8.0174,8.0174,8.0174,8.0174,8.0174,8.0174,8.0174,8.0174,8.0174,8.0174,8.0174,8.0174,8.0174,8.0174,8.0174,8.0174,8.0174,8.0174,8.0174,8.0174,8.0174,8.0174,8.0174,8.0174,8.0174,8.0174,8.0174,8.0174,8.0174,8.0174,8.0174,8.0174,8.0174,8.0174,8.0174,8.0174,8.0174,8.0174,8.0174,8.0174,8.0174,8.0174,8.0174,8.0174,8.0174,8.0174,8.0174,8.0174,8.0174,8.0174,8.0174,8.0174,8.0174,8.0174,8.0174,8.0174,8.0174,8.0174,8.0174,8.0174,8.0174,8.0174,8.0174,8.0174,8.0174,8.0174,8.0174,8.0174,8.0174,8.0174,8.0174,8.0174,8.0174,8.0174,8.0174,8.0174,8.0174,8.0174,8.0174,8.0174,8.0174,8.0174,8.0174,8.0174,8.0174,8.0174,8.0174,8.0174,8.0174,8.0174,8.0174,8.0174,8.0174,8.0174,8.0174,8.0174,8.0174,8.0174,8.0174,8.0174,8.0174,8.0174,8.0174,8.0174,8.0174,8.0174,8.0174,8.0174,8.0174,8.0174,8.0174,8.0174,8.0174,8.0174,8.0174,8.0174,8.0174,8.0174,8.0174,8.0174,8.0174,8.0174,8.0174,8.0174,8.0174,8.0174,8.0174,8.0174,8.0174,8.0174,8.0174,8.0174,8.0174,8.0174,8.0174,8.0174,8.0174,8.0174,8.0174,8.0174,8.0174,8.0174,8.0174,8.0174,8.0174,8.0174,8.0174,8.0174,8.0174,8.0174,8.0174,8.0174,8.0174,8.0174,8.0174,8.0174,8.0174,8.0174,8.0174,8.0174,8.0174,8.0174,8.0174,8.0174,8.0174,8.0174,8.0174,8.0174,8.0174,8.0174,8.0174,8.0174,8.0174,8.0174,8.0174,8.0174,8.0174,8.0174,8.0174,8.0174,8.0174,8.0174,8.0174,8.0174,8.0174,8.0174,8.0174,8.0174,8.0174,8.0174,8.0174,8.0174,8.0174,8.0174,8.0174,8.0174,8.0174,8.0174,8.0174,8.0174,8.0174,8.0174,8.0174,8.0174,8.0174,8.0174,8.0174,8.0174,8.0174,8.0174,8.0174,8.0174,8.0174,8.0174,8.0174,8.0174,8.0174,8.0174,8.0174,8.0174,8.0174,8.0174,8.0174,8.0174,8.0174,8.0174,8.0174,8.0174,8.0174,8.0174,8.0174,8.0174,8.0174,8.0174,8.0174,8.0174,8.0174,8.0174,8.0174,8.0174,8.0174,8.0174,8.0174,8.0174,8.0174,8.0174,8.0174,8.0174,8.0174,8.0174,8.0174,8.0174,8.0174,8.0174,8.0174,8.0174,8.0174,8.0174,8.0174,8.0174,8.0174,8.0174,8.0174,8.0174,8.0174,8.0174,8.0174,8.0174,8.0174,8.0174,8.0174,8.0174,8.0174,8.0174,8.0174,8.0174,8.0174,8.0174,8.0174,8.0174,8.0174,8.0174,8.0174,8.0174,8.0174,8.0174,8.0174,8.0174,8.0174,8.0174,8.0174,8.0174,8.0174,8.0174,8.0174,8.0174,8.0174,8.0174,8.0174,8.0174,8.0174,8.0174,8.0174,8.0174,8.0174,8.0174,8.0174,8.0174,8.0174,8.0174,8.0174,8.0174,8.0174,8.0174,8.0174,8.0174,8.0174,8.0174,8.0174,8.0174,8.0174,8.0174,8.0174,8.0174,8.0174,8.0174,8.0174,8.0174,8.0174,8.0174,8.0174,8.0174,8.0174,8.0174,8.0174,8.0174,8.0174,8.0174,8.0174,8.0174,8.0174,8.0174,8.0174,8.0174,8.0174,8.0174,8.0174,8.0174,8.0174,8.0174,8.0174,8.0174,8.0174,8.0174,8.0174,8.0174,8.0174,8.0174,8.0174,8.0174,8.0174,8.0174,8.0174,8.0174,8.0174,8.0174,8.0174,8.0174,8.0174,8.0174,8.0174,8.0174,8.0174,8.0174,8.0174,8.0174,8.0174,8.0174,8.0174,8.0174,8.0174,8.0174,8.0174,8.0174,8.0174,8.0174,8.0174,8.0174,8.0174,8.0174,8.0174,8.0174,8.0174,8.0174,8.0174,8.0174,8.0174,8.0174,8.0174,8.0174,8.0174,8.0174,8.0174,8.0174,8.0174,8.0174,8.0174,8.0174,8.0174,8.0174,8.0174,8.0174,8.0174,8.0174,8.0174,8.0174,8.0174,8.0174,8.0174,8.0174,8.0174,8.0174,8.0174,8.0174,8.0174,8.0174,8.0174,8.0174,8.0174,8.0174,8.0174,8.0174,8.0174,8.0174,8.0174,8.0174,8.0174,8.0174,8.0174,8.0174,8.0174,8.0174,8.0174,8.0174,8.0174,8.0174,8.0174,8.0174,8.0174,8.0174,8.0174,8.0174,8.0174,8.0174,8.0174,8.0174,8.0174,8.0174,8.0174,8.0174,8.0174,8.0174,8.0174,8.0174,8.0174,8.0174,8.0174,8.0174,8.0174,8.0174,8.0174,8.0174,8.0174,8.0174,8.0174,8.0174,8.0174,8.0174,8.0174,8.0174,8.0174,8.0174,8.0174,8.0174,8.0174,8.0174,8.0174,8.0174,8.0174,8.0174,8.0174,8.0174,8.0174,8.0174,8.0174,8.0174,8.0174,8.0174,8.0174,8.0174,8.0174,8.0174,8.0174,8.0174,8.0174,8.0174,8.0174,8.0174,8.0174,8.0174,8.0174,8.0174,8.0174,8.0174,8.0174,8.0174,8.0174,8.0174,8.0174,8.0174,8.0174,8.0174,8.0174,8.0174,8.0174,8.0174,8.0174,8.0174,8.0174
8.0109,8.0109,8.0109,8.0109,8.0109,8.0109,8.0109,8.0109,8.0109,8.0109,8.0109,8.0109,8.0109,8.0109,8.0109,8.0109,8.0109,8.0109,8.0109,8.0109,8.0109,8.0109,8.0109,8.0109,8.0109,8.0109,8.0109,8.0109,8.0109,8.0109,8.0109,8.0109,8.0109,8.0109,8.0109,8.0109,8.0109,8.0109,8.0109,8.0109,8.0109,8.0109,8.0109,8.0109,8.0109,8.0109,8.0109,8.0109,8.0109,8.0109,8.0109,8.0109,8.0109,8.0109,8.0109,8.0109,8.0109,8.0109,8.0109,8.0109,8.0109,8.0109,8.0109,8.0109,8.0109,8.0109,8.0109,8.0109,8.0109,8.0109,8.0109,8.0109,8.0109,8.0109,8.0109,8.0109,8.0109,8.0109,8.0109,8.0109,8.0109,8.0109,8.0109,8.0109,8.0109,8.0109,8.0109,8.0109,8.0109,8.0109,8.0109,8.0109,8.0109,8.0109,8.0109,8.0109,8.0109,8.0109,8.0109,8.0109,8.0109,8.0109,8.0109,8.0109,8.0109,8.0109,8.0109,8.0109,8.0109,8.0109,8.0109,8.0109,8.0109,8.0109,8.0109,8.0109,8.0109,8.0109,8.0109,8.0109,8.0109,8.0109,8.0109,8.0109,8.0109,8.0109,8.0109,8.0109,8.0109,8.0109,8.0109,8.0109,8.0109,8.0109,8.0109,8.0109,8.0109,8.0109,8.0109,8.0109,8.0109,8.0109,8.0109,8.0109,8.0109,8.0109,8.0109,8.0109,8.0109,8.0109,8.0109,8.0109,8.0109,8.0109,8.0109,8.0109,8.0109,8.0109,8.0109,8.0109,8.0109,8.0109,8.0109,8.0109,8.0109,8.0109,8.0109,8.0109,8.0109,8.0109,8.0109,8.0109,8.0109,8.0109,8.0109,8.0109,8.0109,8.0109,8.0109,8.0109,8.0109,8.0109,8.0109,8.0109,8.0109,8.0109,8.0109,8.0109,8.0109,8.0109,8.0109,8.0109,8.0109,8.0109,8.0109,8.0109,8.0109,8.0109,8.0109,8.0109,8.0109,8.0109,8.0109,8.0109,8.0109,8.0109,8.0109,8.0109,8.0109,8.0109,8.0109,8.0109,8.0109,8.0109,8.0109,8.0109,8.0109,8.0109,8.0109,8.0109,8.0109,8.0109,8.0109,8.0109,8.0109,8.0109,8.0109,8.0109,8.0109,8.0109,8.0109,8.0109,8.0109,8.0109,8.0109,8.0109,8.0109,8.0109,8.0109,8.0109,8.0109,8.0109,8.0109,8.0109,8.0109,8.0109,8.0109,8.0109,8.0109,8.0109,8.0109,8.0109,8.0109,8.0109,8.0109,8.0109,8.0109,8.0109,8.0109,8.0109,8.0109,8.0109,8.0109,8.0109,8.0109,8.0109,8.0109,8.0109,8.0109,8.0109,8.0109,8.0109,8.0109,8.0109,8.0109,8.0109,8.0109,8.0109,8.0109,8.0109,8.0109,8.0109,8.0109,8.0109,8.0109,8.0109,8.0109,8.0109,8.0109,8.0109,8.0109,8.0109,8.0109,8.0109,8.0109,8.0109,8.0109,8.0109,8.0109,8.0109,8.0109,8.0109,8.0109,8.0109,8.0109,8.0109,8.0109,8.0109,8.0109,8.0109,8.0109,8.0109,8.0109,8.0109,8.0109,8.0109,8.0109,8.0109,8.0109,8.0109,8.0109,8.0109,8.0109,8.0109,8.0109,8.0109,8.0109,8.0109,8.0109,8.0109,8.0109,8.0109,8.0109,8.0109,8.0109,8.0109,8.0109,8.0109,8.0109,8.0109,8.0109,8.0109,8.0109,8.0109,8.0109,8.0109,8.0109,8.0109,8.0109,8.0109,8.0109,8.0109,8.0109,8.0109,8.0109,8.0109,8.0109,8.0109,8.0109,8.0109,8.0109,8.0109,8.0109,8.0109,8.0109,8.0109,8.0109,8.0109,8.0109,8.0109,8.0109,8.0109,8.0109,8.0109,8.0109,8.0109,8.0109,8.0109,8.0109,8.0109,8.0109,8.0109,8.0109,8.0109,8.0109,8.0109,8.0109,8.0109,8.0109,8.0109,8.0109,8.0109,8.0109,8.0109,8.0109,8.0109,8.0109,8.0109,8.0109,8.0109,8.0109,8.0109,8.0109,8.0109,8.0109,8.0109,8.0109,8.0109,8.0109,8.0109,8.0109,8.0109,8.0109,8.0109,8.0109,8.0109,8.0109,8.0109,8.0109,8.0109,8.0109,8.0109,8.0109,8.0109,8.0109,8.0109,8.0109,8.0109,8.0109,8.0109,8.0109,8.0109,8.0109,8.0109,8.0109,8.0109,8.0109,8.0109,8.0109,8.0109,8.0109,8.0109,8.0109,8.0109,8.0109,8.0109,8.0109,8.0109,8.0109,8.0109,8.0109,8.0109,8.0109,8.0109,8.0109,8.0109,8.0109,8.0109,8.0109,8.0109,8.0109,8.0109,8.0109,8.0109,8.0109,8.0109,8.0109,8.0109,8.0109,8.0109,8.0109,8.0109,8.0109,8.0109,8.0109,8.0109,8.0109,8.0109,8.0109,8.0109,8.0109,8.0109,8.0109,8.0109,8.0109,8.0109,8.0109,8.0109,8.0109,8.0109,8.0109,8.0109,8.0109,8.0109,8.0109,8.0109,8.0109,8.0109,8.0109,8.0109,8.0109,8.0109,8.0109,8.0109,8.0109,8.0109,8.0109,8.0109,8.0109,8.0109,8.0109,8.0109,8.0109,8.0109,8.0109,8.0109,8.0109,8.0109,8.0109,8.0109,8.0109,8.0109,8.0109,8.0109,8.0109,8.0109,8.0109,8.0109,8.0109,8.0109,8.0109,8.0109,8.0109,8.0109,8.0109,8.0109,8.0109,8.0109,8.0109,8.0109,8.0109,8.0109,8.0109,8.0109,8.0109,8.0109,8.0109,8.0109,8.0109,8.0109,8.0109,8.0109,8.0109,8.0109,8.0109,8.0109,8.0109,8.0109,8.0109,8.0109,8.0109,8.0109,8.0109,8.0109,8.0109,8.0109,8.0109,8.0109,8.0109,8.0109,8.0109,8.0109,8.0109,8.0109,8.0109,8.0109,8.0109,8.0109,8.0109,8.0109,8.0109,8.0109,8.0109,8.0109,8.0109,8.0109,8.0109,8.0109,8.0109,8.0109,8.0109,8.0109,8.0109,8.0109,8.0109,8.0109,8.0109,8.0109,8.0109,8.0109,8.0109,8.0109,8.0109,8.0109,8.0109,8.0109,8.0109,8.0109,8.0109,8.0109,8.0109,8.0109,8.0109,8.0109,8.0109,8.0109,8.0109,8.0109,8.0109,8.0109,8.0109,8.0109,8.0109,8.0109,8.0109,8.0109,8.0109,8.0109,8.0109,8.0109,8.0109,8.0109,8.0109,8.0109,8.0109,8.0109,8.0109,8.0109,8.0109,8.0109,8.0109,8.0109,8.0109,8.0109,8.0109,8.0109,8.0109,8.0109,8.0109,8.0109,8.0109,8.0109,8.0109,8.0109,8.0109,8.0109,8.0109,8.0109,8.0109,8.0109,8.0109,8.0109,8.0109,8.0109,8.0109,8.0109,8.0109,8.0109,8.0109,8.0109,8.0109,8.0109,8.0109,8.0109,8.0109,8.0109,8.0109,8.0109,8.0109,8.0109,8.0109,8.0109,8.0109,8.0109,8.0109,8.0109,8.0109,8.0109,8.0109,8.0109,8.0109,8.0109,8.0109,8.0109,8.0109,8.0109,8.0109,8.0109,8.0109,8.0109,8.0109,8.0109,8.0109,8.0109,8.0109,8.0109,8.0109,8.0109,8.0109,8.0109,8.0109,8.0109,8.0109,8.0109,8.0109,8.0109,8.0109,8.0109,8.0109,8.0109,8.0109,8.0109,8.0109,8.0109,8.0109,8.0109,8.0109,8.0109,8.0109,8.0109,8.0109,8.0109,8.0109,8.0109,8.0109,8.0109,8.0109,8.0109,8.0109,8.0109,8.0109,8.0109,8.0109,8.0109,8.0109,8.0109,8.0109,8.0109,8.0109,8.0109,8.0109,8.0109,8.0109,8.0109,8.0109,8.0109,8.0109,8.0109,8.0109,8.0109,8.0109,8.0109,8.0109,8.0109,8.0109,8.0109,8.0109,8.0109,8.0109,8.0109,8.0109,8.0109,8.0109,8.0109,8.0109,8.0109,8.0109,8.0109,8.0109,8.0109,8.0109,8.0109,8.0109,8.0109,8.0109,8.0109,8.0109,8.0109,8.0109,8.0109,8.0109,8.0109,8.0109,8.0109,8.0109,8.0109,8.0109,8.0109,8.0109,8.0109,8.0109,8.0109,8.0109,8.0109,8.0109,8.0109,8.0109,8.0109,8.0109,8.0109,8.0109,8.0109,8.0109,8.0109,8.0109,8.0109,8.0109,8.0109,8.0109,8.0109,8.0109,8.0109,8.0109,8.0109,8.0109,8.0109,8.0109,8.0109,8.0109,8.0109,8.0109,8.0109,8.0109,8.0109,8.0109,8.0109,8.0109,8.0109,8.0109,8.0109,8.0109,8.0109,8.0109,8.0109,8.0109,8.0109,8.0109,8.0109,8.0109,8.0109,8.0109,8.0109,8.0109,8.0109,8.0109,8.0109,8.0109,8.0109,8.0109,8.0109,8.0109,8.0109,8.0109,8.0109,8.0109,8.0109,8.0109,8.0109,8.0109,8.0109,8.0109,8.0109,8.0109,8.0109,8.0109,8.0109,8.0109,8.0109,8.0109,8.0109,8.0109,8.0109,8.0109,8.0109,8.0109,8.0109,8.0109,8.0109,8.0109,8.0109,8.0109,8.0109,8.0109,8.0109,8.0109,8.0109,8.0109,8.0109,8.0109,8.0109,8.0109,8.0109,8.0109,8.0109,8.0109,8.0109,8.0109,8.0109,8.0109,8.0109,8.0109,8.0109,8.0109,8.0109,8.0109,8.0109,8.0109,8.0109,8.0109,8.0109,8.0109,8.0109,8.0109,8.0109,8.0109,8.0109,8.0109,8.0109,8.0109,8.0109,8.0109,8.0109,8.0109,8.0109,8.0109,8.0109,8.0109,8.0109,8.0109,8.0109,8.0109,8.0109,8.0109,8.0109,8.0109,8.0109,8.0109,8.0109,8.0109,8.0109,8.0109,8.0109,8.0109,8.0109,8.0109,8.0109,8.0109,8.0109,8.0109,8.0109
8.0040,8.0040,8.0040,8.0040,8.0040,8.0040,8.0040,8.0040,8.0040,8.0040,8.0040,8.0040,8.0040,8.0040,8.0040,8.0040,8.0040,8.0040,8.0040,8.0040,8.0040,8.0040,8.0040,8.0040,8.0040,8.0040,8.0040,8.0040,8.0040,8.0040,8.0040,8.0040,8.0040,8.0040,8.0040,8.0040,8.0040,8.0040,8.0040,8.0040,8.0040,8.0040,8.0040,8.0040,8.0040,8.0040,8.0040,8.0040,8.0040,8.0040,8.0040,8.0040,8.0040,8.0040,8.0040,8.0040,8.0040,8.0040,8.0040,8.0040,8.0040,8.0040,8.0040,8.0040,8.0040,8.0040,8.0040,8.0040,8.0040,8.0040,8.0040,8.0040,8.0040,8.0040,8.0040,8.0040,8.0040,8.0040,8.0040,8.0040,8.0040,8.0040,8.0040,8.0040,8.0040,8.0040,8.0040,8.0040,8.0040,8.0040,8.0040,8.0040,8.0040,8.0040,8.0040,8.0040,8.0040,8.0040,8.0040,8.0040,8.0040,8.0040,8.0040,8.0040,8.0040,8.0040,8.0040,8.0040,8.0040,8.0040,8.0040,8.0040,8.0040,8.0040,8.0040,8.0040,8.0040,8.0040,8.0040,8.0040,8.0040,8.0040,8.0040,8.0040,8.0040,8.0040,8.0040,8.0040,8.0040,8.0040,8.0040,8.0040,8.0040,8.0040,8.0040,8.0040,8.0040,8.0040,8.0040,8.0040,8.0040,8.0040,8.0040,8.0040,8.0040,8.0040,8.0040,8.0040,8.0040,8.0040,8.0040,8.0040,8.0040,8.0040,8.0040,8.0040,8.0040,8.0040,8.0040,8.0040,8.0040,8.0040,8.0040,8.0040,8.0040,8.0040,8.0040,8.0040,8.0040,8.0040,8.0040,8.0040,8.0040,8.0040,8.0040,8.0040,8.0040,8.0040,8.0040,8.0040,8.0040,8.0040,8.0040,8.0040,8.0040,8.0040,8.0040,8.0040,8.0040,8.0040,8.0040,8.0040,8.0040,8.0040,8.0040,8.0040,8.0040,8.0040,8.0040,8.0040,8.0040,8.0040,8.0040,8.0040,8.0040,8.0040,8.0040,8.0040,8.0040,8.0040,8.0040,8.0040,8.0040,8.0040,8.0040,8.0040,8.0040,8.0040,8.0040,8.0040,8.0040,8.0040,8.0040,8.0040,8.0040,8.0040,8.0040,8.0040,8.0040,8.0040,8.0040,8.0040,8.0040,8.0040,8.0040,8.0040,8.0040,8.0040,8.0040,8.0040,8.0040,8.0040,8.0040,8.0040,8.0040,8.0040,8.0040,8.0040,8.0040,8.0040,8.0040,8.0040,8.0040,8.0040,8.0040,8.0040,8.0040,8.0040,8.0040,8.0040,8.0040,8.0040,8.0040,8.0040,8.0040,8.0040,8.0040,8.0040,8.0040,8.0040,8.0040,8.0040,8.0040,8.0040,8.0040,8.0040,8.0040,8.0040,8.0040,8.0040,8.0040,8.0040,8.0040,8.0040,8.0040,8.0040,8.0040,8.0040,8.0040,8.0040,8.0040,8.0040,8.0040,8.0040,8.0040,8.0040,8.0040,8.0040,8.0040,8.0040,8.0040,8.0040,8.0040,8.0040,8.0040,8.0040,8.0040,8.0040,8.0040,8.0040,8.0040,8.0040,8.0040,8.0040,8.0040,8.0040,8.0040,8.0040,8.0040,8.0040,8.0040,8.0040,8.0040,8.0040,8.0040,8.0040,8.0040,8.0040,8.0040,8.0040,8.0040,8.0040,8.0040,8.0040,8.0040,8.0040,8.0040,8.0040,8.0040,8.0040,8.0040,8.0040,8.0040,8.0040,8.0040,8.0040,8.0040,8.0040,8.0040,8.0040,8.0040,8.0040,8.0040,8.0040,8.0040,8.0040,8.0040,8.0040,8.0040,8.0040,8.0040,8.0040,8.0040,8.0040,8.0040,8.0040,8.0040,8.0040,8.0040,8.0040,8.0040,8.0040,8.0040,8.0040,8.0040,8.0040,8.0040,8.0040,8.0040,8.0040,8.0040,8.0040,8.0040,8.0040,8.0040,8.0040,8.0040,8.0040,8.0040,8.0040,8.0040,8.0040,8.0040,8.0040,8.0040,8.0040,8.0040,8.0040,8.0040,8.0040,8.0040,8.0040,8.0040,8.0040,8.0040,8.0040,8.0040,8.0040,8.0040,8.0040,8.0040,8.0040,8.0040,8.0040,8.0040,8.0040,8.0040,8.0040,8.0040,8.0040,8.0040,8.0040,8.0040,8.0040,8.0040,8.0040,8.0040,8.0040,8.0040,8.0040,8.0040,8.0040,8.0040,8.0040,8.0040,8.0040,8.0040,8.0040,8.0040,8.0040,8.0040,8.0040,8.0040,8.0040,8.0040,8.0040,8.0040,8.0040,8.0040,8.0040,8.0040,8.0040,8.0040,8.0040,8.0040,8.0040,8.0040,8.0040,8.0040,8.0040,8.0040,8.0040,8.0040,8.0040,8.0040,8.0040,8.0040,8.0040,8.0040,8.0040,8.0040,8.0040,8.0040,8.0040,8.0040,8.0040,8.0040,8.0040,8.0040,8.0040,8.0040,8.0040,8.0040,8.0040,8.0040,8.0040,8.0040,8.0040,8.0040,8.0040,8.0040,8.0040,8.0040,8.0040,8.0040,8.0040,8.0040,8.0040,8.0040,8.0040,8.0040,8.0040,8.0040,8.0040,8.0040,8.0040,8.0040,8.0040,8.0040,8.0040,8.0040,8.0040,8.0040,8.0040,8.0040,8.0040,8.0040,8.0040,8.0040,8.0040,8.0040,8.0040,8.0040,8.0040,8.0040,8.0040,8.0040,8.0040,8.0040,8.0040,8.0040,8.0040,8.0040,8.0040,8.0040,8.0040,8.0040,8.0040,8.0040,8.0040,8.0040,8.0040,8.0040,8.0040,8.0040,8.0040,8.0040,8.0040,8.0040,8.0040,8.0040,8.0040,8.0040,8.0040,8.0040,8.0040,8.0040,8.0040,8.0040,8.0040,8.0040,8.0040,8.0040,8.0040,8.0040,8.0040,8.0040,8.0040,8.0040,8.0040,8.0040,8.0040,8.0040,8.0040,8.0040,8.0040,8.0040,8.0040,8.0040,8.0040,8.0040,8.0040,8.0040,8.0040,8.0040,8.0040,8.0040,8.0040,8.0040,8.0040,8.0040,8.0040,8.0040,8.0040,8.0040,8.0040,8.0040,8.0040,8.0040,8.0040,8.0040,8.0040,8.0040,8.0040,8.0040,8.0040,8.0040,8.0040,8.0040,8.0040,8.0040,8.0040,8.0040,8.0040,8.0040,8.0040,8.0040,8.0040,8.0040,8.0040,8.0040,8.0040,8.0040,8.0040,8.0040,8.0040,8.0040,8.0040,8.0040,8.0040,8.0040,8.0040,8.0040,8.0040,8.0040,8.0040,8.0040,8.0040,8.0040,8.0040,8.0040,8.0040,8.0040,8.0040,8.0040,8.0040,8.0040,8.0040,8.0040,8.0040,8.0040,8.0040,8.0040,8.0040,8.0040,8.0040,8.0040,8.0040,8.0040,8.0040,8.0040,8.0040,8.0040,8.0040,8.0040,8.0040,8.0040,8.0040,8.0040,8.0040,8.0040,8.0040,8.0040,8.0040,8.0040,8.0040,8.0040,8.0040,8.0040,8.0040,8.0040,8.0040,8.0040,8.0040,8.0040,8.0040,8.0040,8.0040,8.0040,8.0040,8.0040,8.0040,8.0040,8.0040,8.0040,8.0040,8.0040,8.0040,8.0040,8.0040,8.0040,8.0040,8.0040,8.0040,8.0040,8.0040,8.0040,8.0040,8.0040,8.0040,8.0040,8.0040,8.0040,8.0040,8.0040,8.0040,8.0040,8.0040,8.0040,8.0040,8.0040,8.0040,8.0040,8.0040,8.0040,8.0040,8.0040,8.0040,8.0040,8.0040,8.0040,8.0040,8.0040,8.0040,8.0040,8.0040,8.0040,8.0040,8.0040,8.0040,8.0040,8.0040,8.0040,8.0040,8.0040,8.0040,8.0040,8.0040,8.0040,8.0040,8.0040,8.0040,8.0040,8.0040,8.0040,8.0040,8.0040,8.0040,8.0040,8.0040,8.0040,8.0040,8.0040,8.0040,8.0040,8.0040,8.0040,8.0040,8.0040,8.0040,8.0040,8.0040,8.0040,8.0040,8.0040,8.0040,8.0040,8.0040,8.0040,8.0040,8.0040,8.0040,8.0040,8.0040,8.0040,8.0040,8.0040,8.0040,8.0040,8.0040,8.0040,8.0040,8.0040,8.0040,8.0040,8.0040,8.0040,8.0040,8.0040,8.0040,8.0040,8.0040,8.0040,8.0040,8.0040,8.0040,8.0040,8.0040,8.0040,8.0040,8.0040,8.0040,8.0040,8.0040,8.0040,8.0040,8.0040,8.0040,8.0040,8.0040,8.0040,8.0040,8.0040,8.0040,8.0040,8.0040,8.0040,8.0040,8.0040,8.0040,8.0040,8.0040,8.0040,8.0040,8.0040,8.0040,8.0040,8.0040,8.0040,8.0040,8.0040,8.0040,8.0040,8.0040,8.0040,8.0040,8.0040,8.0040,8.0040,8.0040,8.0040,8.0040,8.0040,8.0040,8.0040,8.0040,8.0040,8.0040,8.0040,8.0040,8.0040,8.0040,8.0040,8.0040,8.0040,8.0040,8.0040,8.0040,8.0040,8.0040,8.0040,8.0040,8.0040,8.0040,8.0040,8.0040,8.0040,8.0040,8.0040,8.0040,8.0040,8.0040,8.0040,8.0040,8.0040,8.0040,8.0040,8.0040,8.0040,8.0040,8.0040,8.0040,8.0040,8.0040,8.0040,8.0040,8.0040,8.0040,8.0040,8.0040,8.0040,8.0040,8.0040,8.0040,8.0040,8.0040,8.0040,8.0040,8.0040,8.0040,8.0040,8.0040,8.0040,8.0040,8.0040,8.0040,8.0040,8.0040,8.0040,8.0040,8.0040,8.0040,8.0040,8.0040,8.0040,8.0040,8.0040,8.0040,8.0040,8.0040,8.0040,8.0040,8.0040,8.0040,8.0040,8.0040,8.0040,8.0040,8.0040,8.0040,8.0040,8.0040,8.0040,8.0040,8.0040,8.0040,8.0040,8.0040,8.0040,8.0040,8.0040,8.0040,8.0040,8.0040,8.0040,8.0040,8.0040,8.0040,8.0040,8.0040
7.9960,7.9960,7.9960,7.9960,7.9960,7.9960,7.9960,7.9960,7.9960,7.9960,7.9960,7.9960,7.9960,7.9960,7.9960,7.9960,7.9960,7.9960,7.9960,7.9960,7.9960,7.9960,7.9960,7.9960,7.9960,7.9960,7.9960,7.9960,7.9960,7.9960,7.9960,7.9960,7.9960,7.9960,7.9960,7.9960,7.9960,7.9960,7.9960,7.9960,7.9960,7.9960,7.9960,7.9960,7.9960,7.9960,7.9960,7.9960,7.9960,7.9960,7.9960,7.9960,7.9960,7.9960,7.9960,7.9960,7.9960,7.9960,7.9960,7.9960,7.9960,7.9960,7.9960,7.9960,7.9960,7.9960,7.9960,7.9960,7.9960,7.9960,7.9960,7.9960,7.9960,7.9960,7.9960,7.9960,7.9960,7.9960,7.9960,7.9960,7.9960,7.9960,7.9960,7.9960,7.9960,7.9960,7.9960,7.9960,7.9960,7.9960,7.9960,7.9960,7.9960,7.9960,7.9960,7.9960,7.9960,7.9960,7.9960,7.9960,7.9960,7.9960,7.9960,7.9960,7.9960,7.9960,7.9960,7.9960,7.9960,7.9960,7.9960,7.9960,7.9960,7.9960,7.9960,7.9960,7.9960,7.9960,7.9960,7.9960,7.9960,7.9960,7.9960,7.9960,7.9960,7.9960,7.9960,7.9960,7.9960,7.9960,7.9960,7.9960,7.9960,7.9960,7.9960,7.9960,7.9960,7.9960,7.9960,7.9960,7.9960,7.9960,7.9960,7.9960,7.9960,7.9960,7.9960,7.9960,7.9960,7.9960,7.9960,7.9960,7.9960,7.9960,7.9960,7.9960,7.9960,7.9960,7.9960,7.9960,7.9960,7.9960,7.9960,7.9960,7.9960,7.9960,7.9960,7.9960,7.9960,7.9960,7.9960,7.9960,7.9960,7.9960,7.9960,7.9960,7.9960,7.9960,7.9960,7.9960,7.9960,7.9960,7.9960,7.9960,7.9960,7.9960,7.9960,7.9960,7.9960,7.9960,7.9960,7.9960,7.9960,7.9960,7.9960,7.9960,7.9960,7.9960,7.9960,7.9960,7.9960,7.9960,7.9960,7.9960,7.9960,7.9960,7.9960,7.9960,7.9960,7.9960,7.9960,7.9960,7.9960,7.9960,7.9960,7.9960,7.9960,7.9960,7.9960,7.9960,7.9960,7.9960,7.9960,7.9960,7.9960,7.9960,7.9960,7.9960,7.9960,7.9960,7.9960,7.9960,7.9960,7.9960,7.9960,7.9960,7.9960,7.9960,7.9960,7.9960,7.9960,7.9960,7.9960,7.9960,7.9960,7.9960,7.9960,7.9960,7.9960,7.9960,7.9960,7.9960,7.9960,7.9960,7.9960,7.9960,7.9960,7.9960,7.9960,7.9960,7.9960,7.9960,7.9960,7.9960,7.9960,7.9960,7.9960,7.9960,7.9960,7.9960,7.9960,7.9960,7.9960,7.9960,7.9960,7.9960,7.9960,7.9960,7.9960,7.9960,7.9960,7.9960,7.9960,7.9960,7.9960,7.9960,7.9960,7.9960,7.9960,7.9960,7.9960,7.9960,7.9960,7.9960,7.9960,7.9960,7.9960,7.9960,7.9960,7.9960,7.9960,7.9960,7.9960,7.9960,7.9960,7.9960,7.9960,7.9960,7.9960,7.9960,7.9960,7.9960,7.9960,7.9960,7.9960,7.9960,7.9960,7.9960,7.9960,7.9960,7.9960,7.9960,7.9960,7.9960,7.9960,7.9960,7.9960,7.9960,7.9960,7.9960,7.9960,7.9960,7.9960,7.9960,7.9960,7.9960,7.9960,7.9960,7.9960,7.9960,7.9960,7.9960,7.9960,7.9960,7.9960,7.9960,7.9960,7.9960,7.9960,7.9960,7.9960,7.9960,7.9960,7.9960,7.9960,7.9960,7.9960,7.9960,7.9960,7.9960,7.9960,7.9960,7.9960,7.9960,7.9960,7.9960,7.9960,7.9960,7.9960,7.9960,7.9960,7.9960,7.9960,7.9960,7.9960,7.9960,7.9960,7.9960,7.9960,7.9960,7.9960,7.9960,7.9960,7.9960,7.9960,7.9960,7.9960,7.9960,7.9960,7.9960,7.9960,7.9960,7.9960,7.9960,7.9960,7.9960,7.9960,7.9960,7.9960,7.9960,7.9960,7.9960,7.9960,7.9960,7.9960,7.9960,7.9960,7.9960,7.9960,7.9960,7.9960,7.9960,7.9960,7.9960,7.9960,7.9960,7.9960,7.9960,7.9960,7.9960,7.9960,7.9960,7.9960,7.9960,7.9960,7.9960,7.9960,7.9960,7.9960,7.9960,7.9960,7.9960,7.9960,7.9960,7.9960,7.9960,7.9960,7.9960,7.9960,7.9960,7.9960,7.9960,7.9960,7.9960,7.9960,7.9960,7.9960,7.9960,7.9960,7.9960,7.9960,7.9960,7.9960,7.9960,7.9960,7.9960,7.9960,7.9960,7.9960,7.9960,7.9960,7.9960,7.9960,7.9960,7.9960,7.9960,7.9960,7.9960,7.9960,7.9960,7.9960,7.9960,7.9960,7.9960,7.9960,7.9960,7.9960,7.9960,7.9960,7.9960,7.9960,7.9960,7.9960,7.9960,7.9960,7.9960,7.9960,7.9960,7.9960,7.9960,7.9960,7.9960,7.9960,7.9960,7.9960,7.9960,7.9960,7.9960,7.9960,7.9960,7.9960,7.9960,7.9960,7.9960,7.9960,7.9960,7.9960,7.9960,7.9960,7.9960,7.9960,7.9960,7.9960,7.9960,7.9960,7.9960,7.9960,7.9960,7.9960,7.9960,7.9960,7.9960,7.9960,7.9960,7.9960,7.9960,7.9960,7.9960,7.9960,7.9960,7.9960,7.9960,7.9960,7.9960,7.9960,7.9960,7.9960,7.9960,7.9960,7.9960,7.9960,7.9960,7.9960,7.9960,7.9960,7.9960,7.9960,7.9960,7.9960,7.9960,7.9960,7.9960,7.9960,7.9960,7.9960,7.9960,7.9960,7.9960,7.9960,7.9960,7.9960,7.9960,7.9960,7.9960,7.9960,7.9960,7.9960,7.9960,7.9960,7.9960,7.9960,7.9960,7.9960,7.9960,7.9960,7.9960,7.9960,7.9960,7.9960,7.9960,7.9960,7.9960,7.9960,7.9960,7.9960,7.9960,7.9960,7.9960,7.9960,7.9960,7.9960,7.9960,7.9960,7.9960,7.9960,7.9960,7.9960,7.9960,7.9960,7.9960,7.9960,7.9960,7.9960,7.9960,7.9960,7.9960,7.9960,7.9960,7.9960,7.9960,7.9960,7.9960,7.9960,7.9960,7.9960,7.9960,7.9960,7.9960,7.9960,7.9960,7.9960,7.9960,7.9960,7.9960,7.9960,7.9960,7.9960,7.9960,7.9960,7.9960,7.9960,7.9960,7.9960,7.9960,7.9960,7.9960,7.9960,7.9960,7.9960,7.9960,7.9960,7.9960,7.9960,7.9960,7.9960,7.9960,7.9960,7.9960,7.9960,7.9960,7.9960,7.9960,7.9960,7.9960,7.9960,7.9960,7.9960,7.9960,7.9960,7.9960,7.9960,7.9960,7.9960,7.9960,7.9960,7.9960,7.9960,7.9960,7.9960,7.9960,7.9960,7.9960,7.9960,7.9960,7.9960,7.9960,7.9960,7.9960,7.9960,7.9960,7.9960,7.9960,7.9960,7.9960,7.9960,7.9960,7.9960,7.9960,7.9960,7.9960,7.9960,7.9960,7.9960,7.9960,7.9960,7.9960,7.9960,7.9960,7.9960,7.9960,7.9960,7.9960,7.9960,7.9960,7.9960,7.9960,7.9960,7.9960,7.9960,7.9960,7.9960,7.9960,7.9960,7.9960,7.9960,7.9960,7.9960,7.9960,7.9960,7.9960,7.9960,7.9960,7.9960,7.9960,7.9960,7.9960,7.9960,7.9960,7.9960,7.9960,7.9960,7.9960,7.9960,7.9960,7.9960,7.9960,7.9960,7.9960,7.9960,7.9960,7.9960,7.9960,7.9960,7.9960,7.9960,7.9960,7.9960,7.9960,7.9960,7.9960,7.9960,7.9960,7.9960,7.9960,7.9960,7.9960,7.9960,7.9960,7.9960,7.9960,7.9960,7.9960,7.9960,7.9960,7.9960,7.9960,7.9960,7.9960,7.9960,7.9960,7.9960,7.9960,7.9960,7.9960,7.9960,7.9960,7.9960,7.9960,7.9960,7.9960,7.9960,7.9960,7.9960,7.9960,7.9960,7.9960,7.9960,7.9960,7.9960,7.9960,7.9960,7.9960,7.9960,7.9960,7.9960,7.9960,7.9960,7.9960,7.9960,7.9960,7.9960,7.9960,7.9960,7.9960,7.9960,7.9960,7.9960,7.9960,7.9960,7.9960,7.9960,7.9960,7.9960,7.9960,7.9960,7.9960,7.9960,7.9960,7.9960,7.9960,7.9960,7.9960,7.9960,7.9960,7.9960,7.9960,7.9960,7.9960,7.9960,7.9960,7.9960,7.9960,7.9960,7.9960,7.9960,7.9960,7.9960,7.9960,7.9960,7.9960,7.9960,7.9960,7.9960,7.9960,7.9960,7.9960,7.9960,7.9960,7.9960,7.9960,7.9960,7.9960,7.9960,7.9960,7.9960,7.9960,7.9960,7.9960,7.9960,7.9960,7.9960,7.9960,7.9960,7.9960,7.9960,7.9960,7.9960,7.9960,7.9960,7.9960,7.9960,7.9960,7.9960,7.9960,7.9960,7.9960,7.9960,7.9960,7.9960,7.9960,7.9960,7.9960,7.9960,7.9960,7.9960,7.9960,7.9960,7.9960,7.9960,7.9960,7.9960,7.9960,7.9960,7.9960,7.9960,7.9960,7.9960,7.9960,7.9960,7.9960,7.9960,7.9960,7.9960,7.9960,7.9960,7.9960,7.9960,7.9960,7.9960,7.9960,7.9960,7.9960,7.9960,7.9960,7.9960,7.9960,7.9960,7.9960,7.9960,7.9960,7.9960,7.9960,7.9960,7.9960,7.9960,7.9960,7.9960,7.9960,7.9960,7.9960,7.9960,7.9960,7.9960,7.9960,7.9960,7.9960,7.9960,7.9960,7.9960,7.9960,7.9960,7.9960,7.9960,7.9960,7.9960,7.9960,7.9960,7.9960,7.9960,7.9960,7.9960,7.9960,7.9960,7.9960,7.9960,7.9960,7.9960,7.9960,7.9960,7.9960
7.9895,7.9895,7.9895,7.9895,7.9895,7.9895,7.9895,7.9895,7.9895,7.9895,7.9895,7.9895,7.9895,7.9895,7.9895,7.9895,7.9895,7.9895,7.9895,7.9895,7.9895,7.9895,7.9895,7.9895,7.9895,7.9895,7.9895,7.9895,7.9895,7.9895,7.9895,7.9895,7.9895,7.9895,7.9895,7.9895,7.9895,7.9895,7.9895,7.9895,7.9895,7.9895,7.9895,7.9895,7.9895,7.9895,7.9895,7.9895,7.9895,7.9895,7.9895,7.9895,7.9895,7.9895,7.9895,7.9895,7.9895,7.9895,7.9895,7.9895,7.9895,7.9895,7.9895,7.9895,7.9895,7.9895,7.9895,7.9895,7.9895,7.9895,7.9895,7.9895,7.9895,7.9895,7.9895,7.9895,7.9895,7.9895,7.9895,7.9895,7.9895,7.9895,7.9895,7.9895,7.9895,7.9895,7.9895,7.9895,7.9895,7.9895,7.9895,7.9895,7.9895,7.9895,7.9895,7.9895,7.9895,7.9895,7.9895,7.9895,7.9895,7.9895,7.9895,7.9895,7.9895,7.9895,7.9895,7.9895,7.9895,7.9895,7.9895,7.9895,7.9895,7.9895,7.9895,7.9895,7.9895,7.9895,7.9895,7.9895,7.9895,7.9895,7.9895,7.9895,7.9895,7.9895,7.9895,7.9895,7.9895,7.9895,7.9895,7.9895,7.9895,7.9895,7.9895,7.9895,7.9895,7.9895,7.9895,7.9895,7.9895,7.9895,7.9895,7.9895,7.9895,7.9895,7.9895,7.9895,7.9895,7.9895,7.9895,7.9895,7.9895,7.9895,7.9895,7.9895,7.9895,7.9895,7.9895,7.9895,7.9895,7.9895,7.9895,7.9895,7.9895,7.9895,7.9895,7.9895,7.9895,7.9895,7.9895,7.9895,7.9895,7.9895,7.9895,7.9895,7.9895,7.9895,7.9895,7.9895,7.9895,7.9895,7.9895,7.9895,7.9895,7.9895,7.9895,7.9895,7.9895,7.9895,7.9895,7.9895,7.9895,7.9895,7.9895,7.9895,7.9895,7.9895,7.9895,7.9895,7.9895,7.9895,7.9895,7.9895,7.9895,7.9895,7.9895,7.9895,7.9895,7.9895,7.9895,7.9895,7.9895,7.9895,7.9895,7.9895,7.9895,7.9895,7.9895,7.9895,7.9895,7.9895,7.9895,7.9895,7.9895,7.9895,7.9895,7.9895,7.9895,7.9895,7.9895,7.9895,7.9895,7.9895,7.9895,7.9895,7.9895,7.9895,7.9895,7.9895,7.9895,7.9895,7.9895,7.9895,7.9895,7.9895,7.9895,7.9895,7.9895,7.9895,7.9895,7.9895,7.9895,7.9895,7.9895,7.9895,7.9895,7.9895,7.9895,7.9895,7.9895,7.9895,7.9895,7.9895,7.9895,7.9895,7.9895,7.9895,7.9895,7.9895,7.9895,7.9895,7.9895,7.9895,7.9895,7.9895,7.9895,7.9895,7.9895,7.9895,7.9895,7.9895,7.9895,7.9895,7.9895,7.9895,7.9895,7.9895,7.9895,7.9895,7.9895,7.9895,7.9895,7.9895,7.9895,7.9895,7.9895,7.9895,7.9895,7.9895,7.9895,7.9895,7.9895,7.9895,7.9895,7.9895,7.9895,7.9895,7.9895,7.9895,7.9895,7.9895,7.9895,7.9895,7.9895,7.9895,7.9895,7.9895,7.9895,7.9895,7.9895,7.9895,7.9895,7.9895,7.9895,7.9895,7.9895,7.9895,7.9895,7.9895,7.9895,7.9895,7.9895,7.9895,7.9895,7.9895,7.9895,7.9895,7.9895,7.9895,7.9895,7.9895,7.9895,7.9895,7.9895,7.9895,7.9895,7.9895,7.9895,7.9895,7.9895,7.9895,7.9895,7.9895,7.9895,7.9895,7.9895,7.9895,7.9895,7.9895,7.9895,7.9895,7.9895,7.9895,7.9895,7.9895,7.9895,7.9895,7.9895,7.9895,7.9895,7.9895,7.9895,7.9895,7.9895,7.9895,7.9895,7.9895,7.9895,7.9895,7.9895,7.9895,7.9895,7.9895,7.9895,7.9895,7.9895,7.9895,7.9895,7.9895,7.9895,7.9895,7.9895,7.9895,7.9895,7.9895,7.9895,7.9895,7.9895,7.9895,7.9895,7.9895,7.9895,7.9895,7.9895,7.9895,7.9895,7.9895,7.9895,7.9895,7.9895,7.9895,7.9895,7.9895,7.9895,7.9895,7.9895,7.9895,7.9895,7.9895,7.9895,7.9895,7.9895,7.9895,7.9895,7.9895,7.9895,7.9895,7.9895,7.9895,7.9895,7.9895,7.9895,7.9895,7.9895,7.9895,7.9895,7.9895,7.9895,7.9895,7.9895,7.9895,7.9895,7.9895,7.9895,7.9895,7.9895,7.9895,7.9895,7.9895,7.9895,7.9895,7.9895,7.9895,7.9895,7.9895,7.9895,7.9895,7.9895,7.9895,7.9895,7.9895,7.9895,7.9895,7.9895,7.9895,7.9895,7.9895,7.9895,7.9895,7.9895,7.9895,7.9895,7.9895,7.9895,7.9895,7.9895,7.9895,7.9895,7.9895,7.9895,7.9895,7.9895,7.9895,7.9895,7.9895,7.9895,7.9895,7.9895,7.9895,7.9895,7.9895,7.9895,7.9895,7.9895,7.9895,7.9895,7.9895,7.9895,7.9895,7.9895,7.9895,7.9895,7.9895,7.9895,7.9895,7.9895,7.9895,7.9895,7.9895,7.9895,7.9895,7.9895,7.9895,7.9895,7.9895,7.9895,7.9895,7.9895,7.9895,7.9895,7.9895,7.9895,7.9895,7.9895,7.9895,7.9895,7.9895,7.9895,7.9895,7.9895,7.9895,7.9895,7.9895,7.9895,7.9895,7.9895,7.9895,7.9895,7.9895,7.9895,7.9895,7.9895,7.9895,7.9895,7.9895,7.9895,7.9895,7.9895,7.9895,7.9895,7.9895,7.9895,7.9895,7.9895,7.9895,7.9895,7.9895,7.9895,7.9895,7.9895,7.9895,7.9895,7.9895,7.9895,7.9895,7.9895,7.9895,7.9895,7.9895,7.9895,7.9895,7.9895,7.9895,7.9895,7.9895,7.9895,7.9895,7.9895,7.9895,7.9895,7.9895,7.9895,7.9895,7.9895,7.9895,7.9895,7.9895,7.9895,7.9895,7.9895,7.9895,7.9895,7.9895,7.9895,7.9895,7.9895,7.9895,7.9895,7.9895,7.9895,7.9895,7.9895,7.9895,7.9895,7.9895,7.9895,7.9895,7.9895,7.9895,7.9895,7.9895,7.9895,7.9895,7.9895,7.9895,7.9895,7.9895,7.9895,7.9895,7.9895,7.9895,7.9895,7.9895,7.9895,7.9895,7.9895,7.9895,7.9895,7.9895,7.9895,7.9895,7.9895,7.9895,7.9895,7.9895,7.9895,7.9895,7.9895,7.9895,7.9895,7.9895,7.9895,7.9895,7.9895,7.9895,7.9895,7.9895,7.9895,7.9895,7.9895,7.9895,7.9895,7.9895,7.9895,7.9895,7.9895,7.9895,7.9895,7.9895,7.9895,7.9895,7.9895,7.9895,7.9895,7.9895,7.9895,7.9895,7.9895,7.9895,7.9895,7.9895,7.9895,7.9895,7.9895,7.9895,7.9895,7.9895,7.9895,7.9895,7.9895,7.9895,7.9895,7.9895,7.9895,7.9895,7.9895,7.9895,7.9895,7.9895,7.9895,7.9895,7.9895,7.9895,7.9895,7.9895,7.9895,7.9895,7.9895,7.9895,7.9895,7.9895,7.9895,7.9895,7.9895,7.9895,7.9895,7.9895,7.9895,7.9895,7.9895,7.9895,7.9895,7.9895,7.9895,7.9895,7.9895,7.9895,7.9895,7.9895,7.9895,7.9895,7.9895,7.9895,7.9895,7.9895,7.9895,7.9895,7.9895,7.9895,7.9895,7.9895,7.9895,7.9895,7.9895,7.9895,7.9895,7.9895,7.9895,7.9895,7.9895,7.9895,7.9895,7.9895,7.9895,7.9895,7.9895,7.9895,7.9895,7.9895,7.9895,7.9895,7.9895,7.9895,7.9895,7.9895,7.9895,7.9895,7.9895,7.9895,7.9895,7.9895,7.9895,7.9895,7.9895,7.9895,7.9895,7.9895,7.9895,7.9895,7.9895,7.9895,7.9895,7.9895,7.9895,7.9895,7.9895,7.9895,7.9895,7.9895,7.9895,7.9895,7.9895,7.9895,7.9895,7.9895,7.9895,7.9895,7.9895,7.9895,7.9895,7.9895,7.9895,7.9895,7.9895,7.9895,7.9895,7.9895,7.9895,7.9895,7.9895,7.9895,7.9895,7.9895,7.9895,7.9895,7.9895,7.9895,7.9895,7.9895,7.9895,7.9895,7.9895,7.9895,7.9895,7.9895,7.9895,7.9895,7.9895,7.9895,7.9895,7.9895,7.9895,7.9895,7.9895,7.9895,7.9895,7.9895,7.9895,7.9895,7.9895,7.9895,7.9895,7.9895,7.9895,7.9895,7.9895,7.9895,7.9895,7.9895,7.9895,7.9895,7.9895,7.9895,7.9895,7.9895,7.9895,7.9895,7.9895,7.9895,7.9895,7.9895,7.9895,7.9895,7.9895,7.9895,7.9895,7.9895,7.9895,7.9895,7.9895,7.9895,7.9895,7.9895,7.9895,7.9895,7.9895,7.9895,7.9895,7.9895,7.9895,7.9895,7.9895,7.9895,7.9895,7.9895,7.9895,7.9895,7.9895,7.9895,7.9895,7.9895,7.9895,7.9895,7.9895,7.9895,7.9895,7.9895,7.9895,7.9895,7.9895,7.9895,7.9895,7.9895,7.9895,7.9895,7.9895,7.9895,7.9895,7.9895,7.9895,7.9895,7.9895,7.9895,7.9895,7.9895,7.9895,7.9895,7.9895,7.9895,7.9895,7.9895,7.9895,7.9895,7.9895,7.9895,7.9895,7.9895,7.9895,7.9895,7.9895,7.9895,7.9895,7.9895,7.9895,7.9895,7.9895,7.9895,7.9895,7.9895,7.9895,7.9895,7.9895,7.9895,7.9895,7.9895,7.9895,7.9895,7.9895,7.9895,7.9895,7.9895,7.9895,7.9895,7.9895,7.9895,7.9895,7.9895,7.9895,7.9895,7.9895,7.9895,7.9895,7.9895,7.9895,7.9895,7.9895,7.9895,7.9895,7.9895
7.9823,7.9823,7.9823,7.9823,7.9823,7.9823,7.9823,7.9823,7.9823,7.9823,7.9823,7.9823,7.9823,7.9823,7.9823,7.9823,7.9823,7.9823,7.9823,7.9823,7.9823,7.9823,7.9823,7.9823,7.9823,7.9823,7.9823,7.9823,7.9823,7.9823,7.9823,7.9823,7.9823,7.9823,7.9823,7.9823,7.9823,7.9823,7.9823,7.9823,7.9823,7.9823,7.9823,7.9823,7.9823,7.9823,7.9823,7.9823,7.9823,7.9823,7.9823,7.9823,7.9823,7.9823,7.9823,7.9823,7.9823,7.9823,7.9823,7.9823,7.9823,7.9823,7.9823,7.9823,7.9823,7.9823,7.9823,7.9823,7.9823,7.9823,7.9823,7.9823,7.9823,7.9823,7.9823,7.9823,7.9823,7.9823,7.9823,7.9823,7.9823,7.9823,7.9823,7.9823,7.9823,7.9823,7.9823,7.9823,7.9823,7.9823,7.9823,7.9823,7.9823,7.9823,7.9823,7.9823,7.9823,7.9823,7.9823,7.9823,7.9823,7.9823,7.9823,7.9823,7.9823,7.9823,7.9823,7.9823,7.9823,7.9823,7.9823,7.9823,7.9823,7.9823,7.9823,7.9823,7.9823,7.9823,7.9823,7.9823,7.9823,7.9823,7.9823,7.9823,7.9823,7.9823,7.9823,7.9823,7.9823,7.9823,7.9823,7.9823,7.9823,7.9823,7.9823,7.9823,7.9823,7.9823,7.9823,7.9823,7.9823,7.9823,7.9823,7.9823,7.9823,7.9823,7.9823,7.9823,7.9823,7.9823,7.9823,7.9823,7.9823,7.9823,7.9823,7.9823,7.9823,7.9823,7.9823,7.9823,7.9823,7.9823,7.9823,7.9823,7.9823,7.9823,7.9823,7.9823,7.9823,7.9823,7.9823,7.9823,7.9823,7.9823,7.9823,7.9823,7.9823,7.9823,7.9823,7.9823,7.9823,7.9823,7.9823,7.9823,7.9823,7.9823,7.9823,7.9823,7.9823,7.9823,7.9823,7.9823,7.9823,7.9823,7.9823,7.9823,7.9823,7.9823,7.9823,7.9823,7.9823,7.9823,7.9823,7.9823,7.9823,7.9823,7.9823,7.9823,7.9823,7.9823,7.9823,7.9823,7.9823,7.9823,7.9823,7.9823,7.9823,7.9823,7.9823,7.9823,7.9823,7.9823,7.9823,7.9823,7.9823,7.9823,7.9823,7.9823,7.9823,7.9823,7.9823,7.9823,7.9823,7.9823,7.9823,7.9823,7.9823,7.9823,7.9823,7.9823,7.9823,7.9823,7.9823,7.9823,7.9823,7.9823,7.9823,7.9823,7.9823,7.9823,7.9823,7.9823,7.9823,7.9823,7.9823,7.9823,7.9823,7.9823,7.9823,7.9823,7.9823,7.9823,7.9823,7.9823,7.9823,7.9823,7.9823,7.9823,7.9823,7.9823,7.9823,7.9823,7.9823,7.9823,7.9823,7.9823,7.9823,7.9823,7.9823,7.9823,7.9823,7.9823,7.9823,7.9823,7.9823,7.9823,7.9823,7.9823,7.9823,7.9823,7.9823,7.9823,7.9823,7.9823,7.9823,7.9823,7.9823,7.9823,7.9823,7.9823,7.9823,7.9823,7.9823,7.9823,7.9823,7.9823,7.9823,7.9823,7.9823,7.9823,7.9823,7.9823,7.9823,7.9823,7.9823,7.9823,7.9823,7.9823,7.9823,7.9823,7.9823,7.9823,7.9823,7.9823,7.9823,7.9823,7.9823,7.9823,7.9823,7.9823,7.9823,7.9823,7.9823,7.9823,7.9823,7.9823,7.9823,7.9823,7.9823,7.9823,7.9823,7.9823,7.9823,7.9823,7.9823,7.9823,7.9823,7.9823,7.9823,7.9823,7.9823,7.9823,7.9823,7.9823,7.9823,7.9823,7.9823,7.9823,7.9823,7.9823,7.9823,7.9823,7.9823,7.9823,7.9823,7.9823,7.9823,7.9823,7.9823,7.9823,7.9823,7.9823,7.9823,7.9823,7.9823,7.9823,7.9823,7.9823,7.9823,7.9823,7.9823,7.9823,7.9823,7.9823,7.9823,7.9823,7.9823,7.9823,7.9823,7.9823,7.9823,7.9823,7.9823,7.9823,7.9823,7.9823,7.9823,7.9823,7.9823,7.9823,7.9823,7.9823,7.9823,7.9823,7.9823,7.9823,7.9823,7.9823,7.9823,7.9823,7.9823,7.9823,7.9823,7.9823,7.9823,7.9823,7.9823,7.9823,7.9823,7.9823,7.9823,7.9823,7.9823,7.9823,7.9823,7.9823,7.9823,7.9823,7.9823,7.9823,7.9823,7.9823,7.9823,7.9823,7.9823,7.9823,7.9823,7.9823,7.9823,7.9823,7.9823,7.9823,7.9823,7.9823,7.9823,7.9823,7.9823,7.9823,7.9823,7.9823,7.9823,7.9823,7.9823,7.9823,7.9823,7.9823,7.9823,7.9823,7.9823,7.9823,7.9823,7.9823,7.9823,7.9823,7.9823,7.9823,7.9823,7.9823,7.9823,7.9823,7.9823,7.9823,7.9823,7.9823,7.9823,7.9823,7.9823,7.9823,7.9823,7.9823,7.9823,7.9823,7.9823,7.9823,7.9823,7.9823,7.9823,7.9823,7.9823,7.9823,7.9823,7.9823,7.9823,7.9823,7.9823,7.9823,7.9823,7.9823,7.9823,7.9823,7.9823,7.9823,7.9823,7.9823,7.9823,7.9823,7.9823,7.9823,7.9823,7.9823,7.9823,7.9823,7.9823,7.9823,7.9823,7.9823,7.9823,7.9823,7.9823,7.9823,7.9823,7.9823,7.9823,7.9823,7.9823,7.9823,7.9823,7.9823,7.9823,7.9823,7.9823,7.9823,7.9823,7.9823,7.9823,7.9823,7.9823,7.9823,7.9823,7.9823,7.9823,7.9823,7.9823,7.9823,7.9823,7.9823,7.9823,7.9823,7.9823,7.9823,7.9823,7.9823,7.9823,7.9823,7.9823,7.9823,7.9823,7.9823,7.9823,7.9823,7.9823,7.9823,7.9823,7.9823,7.9823,7.9823,7.9823,7.9823,7.9823,7.9823,7.9823,7.9823,7.9823,7.9823,7.9823,7.9823,7.9823,7.9823,7.9823,7.9823,7.9823,7.9823,7.9823,7.9823,7.9823,7.9823,7.9823,7.9823,7.9823,7.9823,7.9823,7.9823,7.9823,7.9823,7.9823,7.9823,7.9823,7.9823,7.9823,7.9823,7.9823,7.9823,7.9823,7.9823,7.9823,7.9823,7.9823,7.9823,7.9823,7.9823,7.9823,7.9823,7.9823,7.9823,7.9823,7.9823,7.9823,7.9823,7.9823,7.9823,7.9823,7.9823,7.9823,7.9823,7.9823,7.9823,7.9823,7.9823,7.9823,7.9823,7.9823,7.9823,7.9823,7.9823,7.9823,7.9823,7.9823,7.9823,7.9823,7.9823,7.9823,7.9823,7.9823,7.9823,7.9823,7.9823,7.9823,7.9823,7.9823,7.9823,7.9823,7.9823,7.9823,7.9823,7.9823,7.9823,7.9823,7.9823,7.9823,7.9823,7.9823,7.9823,7.9823,7.9823,7.9823,7.9823,7.9823,7.9823,7.9823,7.9823,7.9823,7.9823,7.9823,7.9823,7.9823,7.9823,7.9823,7.9823,7.9823,7.9823,7.9823,7.9823,7.9823,7.9823,7.9823,7.9823,7.9823,7.9823,7.9823,7.9823,7.9823,7.9823,7.9823,7.9823,7.9823,7.9823,7.9823,7.9823,7.9823,7.9823,7.9823,7.9823,7.9823,7.9823,7.9823,7.9823,7.9823,7.9823,7.9823,7.9823,7.9823,7.9823,7.9823,7.9823,7.9823,7.9823,7.9823,7.9823,7.9823,7.9823,7.9823,7.9823,7.9823,7.9823,7.9823,7.9823,7.9823,7.9823,7.9823,7.9823,7.9823,7.9823,7.9823,7.9823,7.9823,7.9823,7.9823,7.9823,7.9823,7.9823,7.9823,7.9823,7.9823,7.9823,7.9823,7.9823,7.9823,7.9823,7.9823,7.9823,7.9823,7.9823,7.9823,7.9823,7.9823,7.9823,7.9823,7.9823,7.9823,7.9823,7.9823,7.9823,7.9823,7.9823,7.9823,7.9823,7.9823,7.9823,7.9823,7.9823,7.9823,7.9823,7.9823,7.9823,7.9823,7.9823,7.9823,7.9823,7.9823,7.9823,7.9823,7.9823,7.9823,7.9823,7.9823,7.9823,7.9823,7.9823,7.9823,7.9823,7.9823,7.9823,7.9823,7.9823,7.9823,7.9823,7.9823,7.9823,7.9823,7.9823,7.9823,7.9823,7.9823,7.9823,7.9823,7.9823,7.9823,7.9823,7.9823,7.9823,7.9823,7.9823,7.9823,7.9823,7.9823,7.9823,7.9823,7.9823,7.9823,7.9823,7.9823,7.9823,7.9823,7.9823,7.9823,7.9823,7.9823,7.9823,7.9823,7.9823,7.9823,7.9823,7.9823,7.9823,7.9823,7.9823,7.9823,7.9823,7.9823,7.9823,7.9823,7.9823,7.9823,7.9823,7.9823,7.9823,7.9823,7.9823,7.9823,7.9823,7.9823,7.9823,7.9823,7.9823,7.9823,7.9823,7.9823,7.9823,7.9823,7.9823,7.9823,7.9823,7.9823,7.9823,7.9823,7.9823,7.9823,7.9823,7.9823,7.9823,7.9823,7.9823,7.9823,7.9823,7.9823,7.9823,7.9823,7.9823,7.9823,7.9823,7.9823,7.9823,7.9823,7.9823,7.9823,7.9823,7.9823,7.9823,7.9823,7.9823,7.9823,7.9823,7.9823,7.9823,7.9823,7.9823,7.9823,7.9823,7.9823,7.9823,7.9823,7.9823,7.9823,7.9823,7.9823,7.9823,7.9823,7.9823,7.9823,7.9823,7.9823,7.9823,7.9823,7.9823,7.9823,7.9823,7.9823,7.9823,7.9823,7.9823,7.9823,7.9823,7.9823,7.9823,7.9823,7.9823,7.9823,7.9823,7.9823,7.9823,7.9823,7.9823,7.9823,7.9823,7.9823,7.9823,7.9823,7.9823,7.9823,7.9823,7.9823,7.9823,7.9823,7.9823,7.9823,7.9823,7.9823,7.9823,7.9823,7.9823,7.9823,7.9823,7.9823,7.9823,7.9823,7.9823,7.9823,7.9823,7.9823,7.9823
7.9747,7.9747,7.9747,7.9747,7.9747,7.9747,7.9747,7.9747,7.9747,7.9747,7.9747,7.9747,7.9747,7.9747,7.9747,7.9747,7.9747,7.9747,7.9747,7.9747,7.9747,7.9747,7.9747,7.9747,7.9747,7.9747,7.9747,7.9747,7.9747,7.9747,7.9747,7.9747,7.9747,7.9747,7.9747,7.9747,7.9747,7.9747,7.9747,7.9747,7.9747,7.9747,7.9747,7.9747,7.9747,7.9747,7.9747,7.9747,7.9747,7.9747,7.9747,7.9747,7.9747,7.9747,7.9747,7.9747,7.9747,7.9747,7.9747,7.9747,7.9747,7.9747,7.9747,7.9747,7.9747,7.9747,7.9747,7.9747,7.9747,7.9747,7.9747,7.9747,7.9747,7.9747,7.9747,7.9747,7.9747,7.9747,7.9747,7.9747,7.9747,7.9747,7.9747,7.9747,7.9747,7.9747,7.9747,7.9747,7.9747,7.9747,7.9747,7.9747,7.9747,7.9747,7.9747,7.9747,7.9747,7.9747,7.9747,7.9747,7.9747,7.9747,7.9747,7.9747,7.9747,7.9747,7.9747,7.9747,7.9747,7.9747,7.9747,7.9747,7.9747,7.9747,7.9747,7.9747,7.9747,7.9747,7.9747,7.9747,7.9747,7.9747,7.9747,7.9747,7.9747,7.9747,7.9747,7.9747,7.9747,7.9747,7.9747,7.9747,7.9747,7.9747,7.9747,7.9747,7.9747,7.9747,7.9747,7.9747,7.9747,7.9747,7.9747,7.9747,7.9747,7.9747,7.9747,7.9747,7.9747,7.9747,7.9747,7.9747,7.9747,7.9747,7.9747,7.9747,7.9747,7.9747,7.9747,7.9747,7.9747,7.9747,7.9747,7.9747,7.9747,7.9747,7.9747,7.9747,7.9747,7.9747,7.9747,7.9747,7.9747,7.9747,7.9747,7.9747,7.9747,7.9747,7.9747,7.9747,7.9747,7.9747,7.9747,7.9747,7.9747,7.9747,7.9747,7.9747,7.9747,7.9747,7.9747,7.9747,7.9747,7.9747,7.9747,7.9747,7.9747,7.9747,7.9747,7.9747,7.9747,7.9747,7.9747,7.9747,7.9747,7.9747,7.9747,7.9747,7.9747,7.9747,7.9747,7.9747,7.9747,7.9747,7.9747,7.9747,7.9747,7.9747,7.9747,7.9747,7.9747,7.9747,7.9747,7.9747,7.9747,7.9747,7.9747,7.9747,7.9747,7.9747,7.9747,7.9747,7.9747,7.9747,7.9747,7.9747,7.9747,7.9747,7.9747,7.9747,7.9747,7.9747,7.9747,7.9747,7.9747,7.9747,7.9747,7.9747,7.9747,7.9747,7.9747,7.9747,7.9747,7.9747,7.9747,7.9747,7.9747,7.9747,7.9747,7.9747,7.9747,7.9747,7.9747,7.9747,7.9747,7.9747,7.9747,7.9747,7.9747,7.9747,7.9747,7.9747,7.9747,7.9747,7.9747,7.9747,7.9747,7.9747,7.9747,7.9747,7.9747,7.9747,7.9747,7.9747,7.9747,7.9747,7.9747,7.9747,7.9747,7.9747,7.9747,7.9747,7.9747,7.9747,7.9747,7.9747,7.9747,7.9747,7.9747,7.9747,7.9747,7.9747,7.9747,7.9747,7.9747,7.9747,7.9747,7.9747,7.9747,7.9747,7.9747,7.9747,7.9747,7.9747,7.9747,7.9747,7.9747,7.9747,7.9747,7.9747,7.9747,7.9747,7.9747,7.9747,7.9747,7.9747,7.9747,7.9747,7.9747,7.9747,7.9747,7.9747,7.9747,7.9747,7.9747,7.9747,7.9747,7.9747,7.9747,7.9747,7.9747,7.9747,7.9747,7.9747,7.9747,7.9747,7.9747,7.9747,7.9747,7.9747,7.9747,7.9747,7.9747,7.9747,7.9747,7.9747,7.9747,7.9747,7.9747,7.9747,7.9747,7.9747,7.9747,7.9747,7.9747,7.9747,7.9747,7.9747,7.9747,7.9747,7.9747,7.9747,7.9747,7.9747,7.9747,7.9747,7.9747,7.9747,7.9747,7.9747,7.9747,7.9747,7.9747,7.9747,7.9747,7.9747,7.9747,7.9747,7.9747,7.9747,7.9747,7.9747,7.9747,7.9747,7.9747,7.9747,7.9747,7.9747,7.9747,7.9747,7.9747,7.9747,7.9747,7.9747,7.9747,7.9747,7.9747,7.9747,7.9747,7.9747,7.9747,7.9747,7.9747,7.9747,7.9747,7.9747,7.9747,7.9747,7.9747,7.9747,7.9747,7.9747,7.9747,7.9747,7.9747,7.9747,7.9747,7.9747,7.9747,7.9747,7.9747,7.9747,7.9747,7.9747,7.9747,7.9747,7.9747,7.9747,7.9747,7.9747,7.9747,7.9747,7.9747,7.9747,7.9747,7.9747,7.9747,7.9747,7.9747,7.9747,7.9747,7.9747,7.9747,7.9747,7.9747,7.9747,7.9747,7.9747,7.9747,7.9747,7.9747,7.9747,7.9747,7.9747,7.9747,7.9747,7.9747,7.9747,7.9747,7.9747,7.9747,7.9747,7.9747,7.9747,7.9747,7.9747,7.9747,7.9747,7.9747,7.9747,7.9747,7.9747,7.9747,7.9747,7.9747,7.9747,7.9747,7.9747,7.9747,7.9747,7.9747,7.9747,7.9747,7.9747,7.9747,7.9747,7.9747,7.9747,7.9747,7.9747,7.9747,7.9747,7.9747,7.9747,7.9747,7.9747,7.9747,7.9747,7.9747,7.9747,7.9747,7.9747,7.9747,7.9747,7.9747,7.9747,7.9747,7.9747,7.9747,7.9747,7.9747,7.9747,7.9747,7.9747,7.9747,7.9747,7.9747,7.9747,7.9747,7.9747,7.9747,7.9747,7.9747,7.9747,7.9747,7.9747,7.9747,7.9747,7.9747,7.9747,7.9747,7.9747,7.9747,7.9747,7.9747,7.9747,7.9747,7.9747,7.9747,7.9747,7.9747,7.9747,7.9747,7.9747,7.9747,7.9747,7.9747,7.9747,7.9747,7.9747,7.9747,7.9747,7.9747,7.9747,7.9747,7.9747,7.9747,7.9747,7.9747,7.9747,7.9747,7.9747,7.9747,7.9747,7.9747,7.9747,7.9747,7.9747,7.9747,7.9747,7.9747,7.9747,7.9747,7.9747,7.9747,7.9747,7.9747,7.9747,7.9747,7.9747,7.9747,7.9747,7.9747,7.9747,7.9747,7.9747,7.9747,7.9747,7.9747,7.9747,7.9747,7.9747,7.9747,7.9747,7.9747,7.9747,7.9747,7.9747,7.9747,7.9747,7.9747,7.9747,7.9747,7.9747,7.9747,7.9747,7.9747,7.9747,7.9747,7.9747,7.9747,7.9747,7.9747,7.9747,7.9747,7.9747,7.9747,7.9747,7.9747,7.9747,7.9747,7.9747,7.9747,7.9747,7.9747,7.9747,7.9747,7.9747,7.9747,7.9747,7.9747,7.9747,7.9747,7.9747,7.9747,7.9747,7.9747,7.9747,7.9747,7.9747,7.9747,7.9747,7.9747,7.9747,7.9747,7.9747,7.9747,7.9747,7.9747,7.9747,7.9747,7.9747,7.9747,7.9747,7.9747,7.9747,7.9747,7.9747,7.9747,7.9747,7.9747,7.9747,7.9747,7.9747,7.9747,7.9747,7.9747,7.9747,7.9747,7.9747,7.9747,7.9747,7.9747,7.9747,7.9747,7.9747,7.9747,7.9747,7.9747,7.9747,7.9747,7.9747,7.9747,7.9747,7.9747,7.9747,7.9747,7.9747,7.9747,7.9747,7.9747,7.9747,7.9747,7.9747,7.9747,7.9747,7.9747,7.9747,7.9747,7.9747,7.9747,7.9747,7.9747,7.9747,7.9747,7.9747,7.9747,7.9747,7.9747,7.9747,7.9747,7.9747,7.9747,7.9747,7.9747,7.9747,7.9747,7.9747,7.9747,7.9747,7.9747,7.9747,7.9747,7.9747,7.9747,7.9747,7.9747,7.9747,7.9747,7.9747,7.9747,7.9747,7.9747,7.9747,7.9747,7.9747,7.9747,7.9747,7.9747,7.9747,7.9747,7.9747,7.9747,7.9747,7.9747,7.9747,7.9747,7.9747,7.9747,7.9747,7.9747,7.9747,7.9747,7.9747,7.9747,7.9747,7.9747,7.9747,7.9747,7.9747,7.9747,7.9747,7.9747,7.9747,7.9747,7.9747,7.9747,7.9747,7.9747,7.9747,7.9747,7.9747,7.9747,7.9747,7.9747,7.9747,7.9747,7.9747,7.9747,7.9747,7.9747,7.9747,7.9747,7.9747,7.9747,7.9747,7.9747,7.9747,7.9747,7.9747,7.9747,7.9747,7.9747,7.9747,7.9747,7.9747,7.9747,7.9747,7.9747,7.9747,7.9747,7.9747,7.9747,7.9747,7.9747,7.9747,7.9747,7.9747,7.9747,7.9747,7.9747,7.9747,7.9747,7.9747,7.9747,7.9747,7.9747,7.9747,7.9747,7.9747,7.9747,7.9747,7.9747,7.9747,7.9747,7.9747,7.9747,7.9747,7.9747,7.9747,7.9747,7.9747,7.9747,7.9747,7.9747,7.9747,7.9747,7.9747,7.9747,7.9747,7.9747,7.9747,7.9747,7.9747,7.9747,7.9747,7.9747,7.9747,7.9747,7.9747,7.9747,7.9747,7.9747,7.9747,7.9747,7.9747,7.9747,7.9747,7.9747,7.9747,7.9747,7.9747,7.9747,7.9747,7.9747,7.9747,7.9747,7.9747,7.9747,7.9747,7.9747,7.9747,7.9747,7.9747,7.9747,7.9747,7.9747,7.9747,7.9747,7.9747,7.9747,7.9747,7.9747,7.9747,7.9747,7.9747,7.9747,7.9747,7.9747,7.9747,7.9747,7.9747,7.9747,7.9747,7.9747,7.9747,7.9747,7.9747,7.9747,7.9747,7.9747,7.9747,7.9747,7.9747,7.9747,7.9747,7.9747,7.9747,7.9747,7.9747,7.9747,7.9747,7.9747,7.9747,7.9747,7.9747,7.9747,7.9747,7.9747,7.9747,7.9747,7.9747,7.9747,7.9747,7.9747,7.9747,7.9747,7.9747,7.9747,7.9747,7.9747,7.9747,7.9747,7.9747,7.9747,7.9747,7.9747,7.9747,7.9747,7.9747,7.9747,7.9747,7.9747,7.9747,7.9747,7.9747,7.9747,7.9747,7.9747,7.9747
7.9676,7.9676,7.9676,7.9676,7.9676,7.9676,7.9676,7.9676,7.9676,7.9676,7.9676,7.9676,7.9676,7.9676,7.9676,7.9676,7.9676,7.9676,7.9676,7.9676,7.9676,7.9676,7.9676,7.9676,7.9676,7.9676,7.9676,7.9676,7.9676,7.9676,7.9676,7.9676,7.9676,7.9676,7.9676,7.9676,7.9676,7.9676,7.9676,7.9676,7.9676,7.9676,7.9676,7.9676,7.9676,7.9676,7.9676,7.9676,7.9676,7.9676,7.9676,7.9676,7.9676,7.9676,7.9676,7.9676,7.9676,7.9676,7.9676,7.9676,7.9676,7.9676,7.9676,7.9676,7.9676,7.9676,7.9676,7.9676,7.9676,7.9676,7.9676,7.9676,7.9676,7.9676,7.9676,7.9676,7.9676,7.9676,7.9676,7.9676,7.9676,7.9676,7.9676,7.9676,7.9676,7.9676,7.9676,7.9676,7.9676,7.9676,7.9676,7.9676,7.9676,7.9676,7.9676,7.9676,7.9676,7.9676,7.9676,7.9676,7.9676,7.9676,7.9676,7.9676,7.9676,7.9676,7.9676,7.9676,7.9676,7.9676,7.9676,7.9676,7.9676,7.9676,7.9676,7.9676,7.9676,7.9676,7.9676,7.9676,7.9676,7.9676,7.9676,7.9676,7.9676,7.9676,7.9676,7.9676,7.9676,7.9676,7.9676,7.9676,7.9676,7.9676,7.9676,7.9676,7.9676,7.9676,7.9676,7.9676,7.9676,7.9676,7.9676,7.9676,7.9676,7.9676,7.9676,7.9676,7.9676,7.9676,7.9676,7.9676,7.9676,7.9676,7.9676,7.9676,7.9676,7.9676,7.9676,7.9676,7.9676,7.9676,7.9676,7.9676,7.9676,7.9676,7.9676,7.9676,7.9676,7.9676,7.9676,7.9676,7.9676,7.9676,7.9676,7.9676,7.9676,7.9676,7.9676,7.9676,7.9676,7.9676,7.9676,7.9676,7.9676,7.9676,7.9676,7.9676,7.9676,7.9676,7.9676,7.9676,7.9676,7.9676,7.9676,7.9676,7.9676,7.9676,7.9676,7.9676,7.9676,7.9676,7.9676,7.9676,7.9676,7.9676,7.9676,7.9676,7.9676,7.9676,7.9676,7.9676,7.9676,7.9676,7.9676,7.9676,7.9676,7.9676,7.9676,7.9676,7.9676,7.9676,7.9676,7.9676,7.9676,7.9676,7.9676,7.9676,7.9676,7.9676,7.9676,7.9676,7.9676,7.9676,7.9676,7.9676,7.9676,7.9676,7.9676,7.9676,7.9676,7.9676,7.9676,7.9676,7.9676,7.9676,7.9676,7.9676,7.9676,7.9676,7.9676,7.9676,7.9676,7.9676,7.9676,7.9676,7.9676,7.9676,7.9676,7.9676,7.9676,7.9676,7.9676,7.9676,7.9676,7.9676,7.9676,7.9676,7.9676,7.9676,7.9676,7.9676,7.9676,7.9676,7.9676,7.9676,7.9676,7.9676,7.9676,7.9676,7.9676,7.9676,7.9676,7.9676,7.9676,7.9676,7.9676,7.9676,7.9676,7.9676,7.9676,7.9676,7.9676,7.9676,7.9676,7.9676,7.9676,7.9676,7.9676,7.9676,7.9676,7.9676,7.9676,7.9676,7.9676,7.9676,7.9676,7.9676,7.9676,7.9676,7.9676,7.9676,7.9676,7.9676,7.9676,7.9676,7.9676,7.9676,7.9676,7.9676,7.9676,7.9676,7.9676,7.9676,7.9676,7.9676,7.9676,7.9676,7.9676,7.9676,7.9676,7.9676,7.9676,7.9676,7.9676,7.9676,7.9676,7.9676,7.9676,7.9676,7.9676,7.9676,7.9676,7.9676,7.9676,7.9676,7.9676,7.9676,7.9676,7.9676,7.9676,7.9676,7.9676,7.9676,7.9676,7.9676,7.9676,7.9676,7.9676,7.9676,7.9676,7.9676,7.9676,7.9676,7.9676,7.9676,7.9676,7.9676,7.9676,7.9676,7.9676,7.9676,7.9676,7.9676,7.9676,7.9676,7.9676,7.9676,7.9676,7.9676,7.9676,7.9676,7.9676,7.9676,7.9676,7.9676,7.9676,7.9676,7.9676,7.9676,7.9676,7.9676,7.9676,7.9676,7.9676,7.9676,7.9676,7.9676,7.9676,7.9676,7.9676,7.9676,7.9676,7.9676,7.9676,7.9676,7.9676,7.9676,7.9676,7.9676,7.9676,7.9676,7.9676,7.9676,7.9676,7.9676,7.9676,7.9676,7.9676,7.9676,7.9676,7.9676,7.9676,7.9676,7.9676,7.9676,7.9676,7.9676,7.9676,7.9676,7.9676,7.9676,7.9676,7.9676,7.9676,7.9676,7.9676,7.9676,7.9676,7.9676,7.9676,7.9676,7.9676,7.9676,7.9676,7.9676,7.9676,7.9676,7.9676,7.9676,7.9676,7.9676,7.9676,7.9676,7.9676,7.9676,7.9676,7.9676,7.9676,7.9676,7.9676,7.9676,7.9676,7.9676,7.9676,7.9676,7.9676,7.9676,7.9676,7.9676,7.9676,7.9676,7.9676,7.9676,7.9676,7.9676,7.9676,7.9676,7.9676,7.9676,7.9676,7.9676,7.9676,7.9676,7.9676,7.9676,7.9676,7.9676,7.9676,7.9676,7.9676,7.9676,7.9676,7.9676,7.9676,7.9676,7.9676,7.9676,7.9676,7.9676,7.9676,7.9676,7.9676,7.9676,7.9676,7.9676,7.9676,7.9676,7.9676,7.9676,7.9676,7.9676,7.9676,7.9676,7.9676,7.9676,7.9676,7.9676,7.9676,7.9676,7.9676,7.9676,7.9676,7.9676,7.9676,7.9676,7.9676,7.9676,7.9676,7.9676,7.9676,7.9676,7.9676,7.9676,7.9676,7.9676,7.9676,7.9676,7.9676,7.9676,7.9676,7.9676,7.9676,7.9676,7.9676,7.9676,7.9676,7.9676,7.9676,7.9676,7.9676,7.9676,7.9676,7.9676,7.9676,7.9676,7.9676,7.9676,7.9676,7.9676,7.9676,7.9676,7.9676,7.9676,7.9676,7.9676,7.9676,7.9676,7.9676,7.9676,7.9676,7.9676,7.9676,7.9676,7.9676,7.9676,7.9676,7.9676,7.9676,7.9676,7.9676,7.9676,7.9676,7.9676,7.9676,7.9676,7.9676,7.9676,7.9676,7.9676,7.9676,7.9676,7.9676,7.9676,7.9676,7.9676,7.9676,7.9676,7.9676,7.9676,7.9676,7.9676,7.9676,7.9676,7.9676,7.9676,7.9676,7.9676,7.9676,7.9676,7.9676,7.9676,7.9676,7.9676,7.9676,7.9676,7.9676,7.9676,7.9676,7.9676,7.9676,7.9676,7.9676,7.9676,7.9676,7.9676,7.9676,7.9676,7.9676,7.9676,7.9676,7.9676,7.9676,7.9676,7.9676,7.9676,7.9676,7.9676,7.9676,7.9676,7.9676,7.9676,7.9676,7.9676,7.9676,7.9676,7.9676,7.9676,7.9676,7.9676,7.9676,7.9676,7.9676,7.9676,7.9676,7.9676,7.9676,7.9676,7.9676,7.9676,7.9676,7.9676,7.9676,7.9676,7.9676,7.9676,7.9676,7.9676,7.9676,7.9676,7.9676,7.9676,7.9676,7.9676,7.9676,7.9676,7.9676,7.9676,7.9676,7.9676,7.9676,7.9676,7.9676,7.9676,7.9676,7.9676,7.9676,7.9676,7.9676,7.9676,7.9676,7.9676,7.9676,7.9676,7.9676,7.9676,7.9676,7.9676,7.9676,7.9676,7.9676,7.9676,7.9676,7.9676,7.9676,7.9676,7.9676,7.9676,7.9676,7.9676,7.9676,7.9676,7.9676,7.9676,7.9676,7.9676,7.9676,7.9676,7.9676,7.9676,7.9676,7.9676,7.9676,7.9676,7.9676,7.9676,7.9676,7.9676,7.9676,7.9676,7.9676,7.9676,7.9676,7.9676,7.9676,7.9676,7.9676,7.9676,7.9676,7.9676,7.9676,7.9676,7.9676,7.9676,7.9676,7.9676,7.9676,7.9676,7.9676,7.9676,7.9676,7.9676,7.9676,7.9676,7.9676,7.9676,7.9676,7.9676,7.9676,7.9676,7.9676,7.9676,7.9676,7.9676,7.9676,7.9676,7.9676,7.9676,7.9676,7.9676,7.9676,7.9676,7.9676,7.9676,7.9676,7.9676,7.9676,7.9676,7.9676,7.9676,7.9676,7.9676,7.9676,7.9676,7.9676,7.9676,7.9676,7.9676,7.9676,7.9676,7.9676,7.9676,7.9676,7.9676,7.9676,7.9676,7.9676,7.9676,7.9676,7.9676,7.9676,7.9676,7.9676,7.9676,7.9676,7.9676,7.9676,7.9676,7.9676,7.9676,7.9676,7.9676,7.9676,7.9676,7.9676,7.9676,7.9676,7.9676,7.9676,7.9676,7.9676,7.9676,7.9676,7.9676,7.9676,7.9676,7.9676,7.9676,7.9676,7.9676,7.9676,7.9676,7.9676,7.9676,7.9676,7.9676,7.9676,7.9676,7.9676,7.9676,7.9676,7.9676,7.9676,7.9676,7.9676,7.9676,7.9676,7.9676,7.9676,7.9676,7.9676,7.9676,7.9676,7.9676,7.9676,7.9676,7.9676,7.9676,7.9676,7.9676,7.9676,7.9676,7.9676,7.9676,7.9676,7.9676,7.9676,7.9676,7.9676,7.9676,7.9676,7.9676,7.9676,7.9676,7.9676,7.9676,7.9676,7.9676,7.9676,7.9676,7.9676,7.9676,7.9676,7.9676,7.9676,7.9676,7.9676,7.9676,7.9676,7.9676,7.9676,7.9676,7.9676,7.9676,7.9676,7.9676,7.9676,7.9676,7.9676,7.9676,7.9676,7.9676,7.9676,7.9676,7.9676,7.9676,7.9676,7.9676,7.9676,7.9676,7.9676,7.9676,7.9676,7.9676,7.9676,7.9676,7.9676,7.9676,7.9676,7.9676,7.9676,7.9676,7.9676,7.9676,7.9676,7.9676,7.9676,7.9676,7.9676,7.9676,7.9676,7.9676,7.9676,7.9676,7.9676,7.9676,7.9676,7.9676,7.9676,7.9676,7.9676,7.9676,7.9676,7.9676,7.9676,7.9676,7.9676,7.9676,7.9676,7.9676,7.9676,7.9676,7.9676,7.9676,7.9676,7.9676,7.9676,7.9676,7.9676,7.9676
7.9604,7.9604,7.9604,7.9604,7.9604,7.9604,7.9604,7.9604,7.9604,7.9604,7.9604,7.9604,7.9604,7.9604,7.9604,7.9604,7.9604,7.9604,7.9604,7.9604,7.9604,7.9604,7.9604,7.9604,7.9604,7.9604,7.9604,7.9604,7.9604,7.9604,7.9604,7.9604,7.9604,7.9604,7.9604,7.9604,7.9604,7.9604,7.9604,7.9604,7.9604,7.9604,7.9604,7.9604,7.9604,7.9604,7.9604,7.9604,7.9604,7.9604,7.9604,7.9604,7.9604,7.9604,7.9604,7.9604,7.9604,7.9604,7.9604,7.9604,7.9604,7.9604,7.9604,7.9604,7.9604,7.9604,7.9604,7.9604,7.9604,7.9604,7.9604,7.9604,7.9604,7.9604,7.9604,7.9604,7.9604,7.9604,7.9604,7.9604,7.9604,7.9604,7.9604,7.9604,7.9604,7.9604,7.9604,7.9604,7.9604,7.9604,7.9604,7.9604,7.9604,7.9604,7.9604,7.9604,7.9604,7.9604,7.9604,7.9604,7.9604,7.9604,7.9604,7.9604,7.9604,7.9604,7.9604,7.9604,7.9604,7.9604,7.9604,7.9604,7.9604,7.9604,7.9604,7.9604,7.9604,7.9604,7.9604,7.9604,7.9604,7.9604,7.9604,7.9604,7.9604,7.9604,7.9604,7.9604,7.9604,7.9604,7.9604,7.9604,7.9604,7.9604,7.9604,7.9604,7.9604,7.9604,7.9604,7.9604,7.9604,7.9604,7.9604,7.9604,7.9604,7.9604,7.9604,7.9604,7.9604,7.9604,7.9604,7.9604,7.9604,7.9604,7.9604,7.9604,7.9604,7.9604,7.9604,7.9604,7.9604,7.9604,7.9604,7.9604,7.9604,7.9604,7.9604,7.9604,7.9604,7.9604,7.9604,7.9604,7.9604,7.9604,7.9604,7.9604,7.9604,7.9604,7.9604,7.9604,7.9604,7.9604,7.9604,7.9604,7.9604,7.9604,7.9604,7.9604,7.9604,7.9604,7.9604,7.9604,7.9604,7.9604,7.9604,7.9604,7.9604,7.9604,7.9604,7.9604,7.9604,7.9604,7.9604,7.9604,7.9604,7.9604,7.9604,7.9604,7.9604,7.9604,7.9604,7.9604,7.9604,7.9604,7.9604,7.9604,7.9604,7.9604,7.9604,7.9604,7.9604,7.9604,7.9604,7.9604,7.9604,7.9604,7.9604,7.9604,7.9604,7.9604,7.9604,7.9604,7.9604,7.9604,7.9604,7.9604,7.9604,7.9604,7.9604,7.9604,7.9604,7.9604,7.9604,7.9604,7.9604,7.9604,7.9604,7.9604,7.9604,7.9604,7.9604,7.9604,7.9604,7.9604,7.9604,7.9604,7.9604,7.9604,7.9604,7.9604,7.9604,7.9604,7.9604,7.9604,7.9604,7.9604,7.9604,7.9604,7.9604,7.9604,7.9604,7.9604,7.9604,7.9604,7.9604,7.9604,7.9604,7.9604,7.9604,7.9604,7.9604,7.9604,7.9604,7.9604,7.9604,7.9604,7.9604,7.9604,7.9604,7.9604,7.9604,7.9604,7.9604,7.9604,7.9604,7.9604,7.9604,7.9604,7.9604,7.9604,7.9604,7.9604,7.9604,7.9604,7.9604,7.9604,7.9604,7.9604,7.9604,7.9604,7.9604,7.9604,7.9604,7.9604,7.9604,7.9604,7.9604,7.9604,7.9604,7.9604,7.9604,7.9604,7.9604,7.9604,7.9604,7.9604,7.9604,7.9604,7.9604,7.9604,7.9604,7.9604,7.9604,7.9604,7.9604,7.9604,7.9604,7.9604,7.9604,7.9604,7.9604,7.9604,7.9604,7.9604,7.9604,7.9604,7.9604,7.9604,7.9604,7.9604,7.9604,7.9604,7.9604,7.9604,7.9604,7.9604,7.9604,7.9604,7.9604,7.9604,7.9604,7.9604,7.9604,7.9604,7.9604,7.9604,7.9604,7.9604,7.9604,7.9604,7.9604,7.9604,7.9604,7.9604,7.9604,7.9604,7.9604,7.9604,7.9604,7.9604,7.9604,7.9604,7.9604,7.9604,7.9604,7.9604,7.9604,7.9604,7.9604,7.9604,7.9604,7.9604,7.9604,7.9604,7.9604,7.9604,7.9604,7.9604,7.9604,7.9604,7.9604,7.9604,7.9604,7.9604,7.9604,7.9604,7.9604,7.9604,7.9604,7.9604,7.9604,7.9604,7.9604,7.9604,7.9604,7.9604,7.9604,7.9604,7.9604,7.9604,7.9604,7.9604,7.9604,7.9604,7.9604,7.9604,7.9604,7.9604,7.9604,7.9604,7.9604,7.9604,7.9604,7.9604,7.9604,7.9604,7.9604,7.9604,7.9604,7.9604,7.9604,7.9604,7.9604,7.9604,7.9604,7.9604,7.9604,7.9604,7.9604,7.9604,7.9604,7.9604,7.9604,7.9604,7.9604,7.9604,7.9604,7.9604,7.9604,7.9604,7.9604,7.9604,7.9604,7.9604,7.9604,7.9604,7.9604,7.9604,7.9604,7.9604,7.9604,7.9604,7.9604,7.9604,7.9604,7.9604,7.9604,7.9604,7.9604,7.9604,7.9604,7.9604,7.9604,7.9604,7.9604,7.9604,7.9604,7.9604,7.9604,7.9604,7.9604,7.9604,7.9604,7.9604,7.9604,7.9604,7.9604,7.9604,7.9604,7.9604,7.9604,7.9604,7.9604,7.9604,7.9604,7.9604,7.9604,7.9604,7.9604,7.9604,7.9604,7.9604,7.9604,7.9604,7.9604,7.9604,7.9604,7.9604,7.9604,7.9604,7.9604,7.9604,7.9604,7.9604,7.9604,7.9604,7.9604,7.9604,7.9604,7.9604,7.9604,7.9604,7.9604,7.9604,7.9604,7.9604,7.9604,7.9604,7.9604,7.9604,7.9604,7.9604,7.9604,7.9604,7.9604,7.9604,7.9604,7.9604,7.9604,7.9604,7.9604,7.9604,7.9604,7.9604,7.9604,7.9604,7.9604,7.9604,7.9604,7.9604,7.9604,7.9604,7.9604,7.9604,7.9604,7.9604,7.9604,7.9604,7.9604,7.9604,7.9604,7.9604,7.9604,7.9604,7.9604,7.9604,7.9604,7.9604,7.9604,7.9604,7.9604,7.9604,7.9604,7.9604,7.9604,7.9604,7.9604,7.9604,7.9604,7.9604,7.9604,7.9604,7.9604,7.9604,7.9604,7.9604,7.9604,7.9604,7.9604,7.9604,7.9604,7.9604,7.9604,7.9604,7.9604,7.9604,7.9604,7.9604,7.9604,7.9604,7.9604,7.9604,7.9604,7.9604,7.9604,7.9604,7.9604,7.9604,7.9604,7.9604,7.9604,7.9604,7.9604,7.9604,7.9604,7.9604,7.9604,7.9604,7.9604,7.9604,7.9604,7.9604,7.9604,7.9604,7.9604,7.9604,7.9604,7.9604,7.9604,7.9604,7.9604,7.9604,7.9604,7.9604,7.9604,7.9604,7.9604,7.9604,7.9604,7.9604,7.9604,7.9604,7.9604,7.9604,7.9604,7.9604,7.9604,7.9604,7.9604,7.9604,7.9604,7.9604,7.9604,7.9604,7.9604,7.9604,7.9604,7.9604,7.9604,7.9604,7.9604,7.9604,7.9604,7.9604,7.9604,7.9604,7.9604,7.9604,7.9604,7.9604,7.9604,7.9604,7.9604,7.9604,7.9604,7.9604,7.9604,7.9604,7.9604,7.9604,7.9604,7.9604,7.9604,7.9604,7.9604,7.9604,7.9604,7.9604,7.9604,7.9604,7.9604,7.9604,7.9604,7.9604,7.9604,7.9604,7.9604,7.9604,7.9604,7.9604,7.9604,7.9604,7.9604,7.9604,7.9604,7.9604,7.9604,7.9604,7.9604,7.9604,7.9604,7.9604,7.9604,7.9604,7.9604,7.9604,7.9604,7.9604,7.9604,7.9604,7.9604,7.9604,7.9604,7.9604,7.9604,7.9604,7.9604,7.9604,7.9604,7.9604,7.9604,7.9604,7.9604,7.9604,7.9604,7.9604,7.9604,7.9604,7.9604,7.9604,7.9604,7.9604,7.9604,7.9604,7.9604,7.9604,7.9604,7.9604,7.9604,7.9604,7.9604,7.9604,7.9604,7.9604,7.9604,7.9604,7.9604,7.9604,7.9604,7.9604,7.9604,7.9604,7.9604,7.9604,7.9604,7.9604,7.9604,7.9604,7.9604,7.9604,7.9604,7.9604,7.9604,7.9604,7.9604,7.9604,7.9604,7.9604,7.9604,7.9604,7.9604,7.9604,7.9604,7.9604,7.9604,7.9604,7.9604,7.9604,7.9604,7.9604,7.9604,7.9604,7.9604,7.9604,7.9604,7.9604,7.9604,7.9604,7.9604,7.9604,7.9604,7.9604,7.9604,7.9604,7.9604,7.9604,7.9604,7.9604,7.9604,7.9604,7.9604,7.9604,7.9604,7.9604,7.9604,7.9604,7.9604,7.9604,7.9604,7.9604,7.9604,7.9604,7.9604,7.9604,7.9604,7.9604,7.9604,7.9604,7.9604,7.9604,7.9604,7.9604,7.9604,7.9604,7.9604,7.9604,7.9604,7.9604,7.9604,7.9604,7.9604,7.9604,7.9604,7.9604,7.9604,7.9604,7.9604,7.9604,7.9604,7.9604,7.9604,7.9604,7.9604,7.9604,7.9604,7.9604,7.9604,7.9604,7.9604,7.9604,7.9604,7.9604,7.9604,7.9604,7.9604,7.9604,7.9604,7.9604,7.9604,7.9604,7.9604,7.9604,7.9604,7.9604,7.9604,7.9604,7.9604,7.9604,7.9604,7.9604,7.9604,7.9604,7.9604,7.9604,7.9604,7.9604,7.9604,7.9604,7.9604,7.9604,7.9604,7.9604,7.9604,7.9604,7.9604,7.9604,7.9604,7.9604,7.9604,7.9604,7.9604,7.9604,7.9604,7.9604,7.9604,7.9604,7.9604,7.9604,7.9604,7.9604,7.9604,7.9604,7.9604,7.9604,7.9604,7.9604,7.9604,7.9604,7.9604,7.9604,7.9604,7.9604,7.9604,7.9604,7.9604,7.9604,7.9604,7.9604,7.9604,7.9604,7.9604,7.9604,7.9604,7.9604,7.9604,7.9604,7.9604,7.9604,7.9604,7.9604,7.9604,7.9604,7.9604,7.9604,7.9604,7.9604,7.9604,7.9604,7.9604,7.9604
7.9540,7.9540,7.9540,7.9540,7.9540,7.9540,7.9540,7.9540,7.9540,7.9540,7.9540,7.9540,7.9540,7.9540,7.9540,7.9540,7.9540,7.9540,7.9540,7.9540,7.9540,7.9540,7.9540,7.9540,7.9540,7.9540,7.9540,7.9540,7.9540,7.9540,7.9540,7.9540,7.9540,7.9540,7.9540,7.9540,7.9540,7.9540,7.9540,7.9540,7.9540,7.9540,7.9540,7.9540,7.9540,7.9540,7.9540,7.9540,7.9540,7.9540,7.9540,7.9540,7.9540,7.9540,7.9540,7.9540,7.9540,7.9540,7.9540,7.9540,7.9540,7.9540,7.9540,7.9540,7.9540,7.9540,7.9540,7.9540,7.9540,7.9540,7.9540,7.9540,7.9540,7.9540,7.9540,7.9540,7.9540,7.9540,7.9540,7.9540,7.9540,7.9540,7.9540,7.9540,7.9540,7.9540,7.9540,7.9540,7.9540,7.9540,7.9540,7.9540,7.9540,7.9540,7.9540,7.9540,7.9540,7.9540,7.9540,7.9540,7.9540,7.9540,7.9540,7.9540,7.9540,7.9540,7.9540,7.9540,7.9540,7.9540,7.9540,7.9540,7.9540,7.9540,7.9540,7.9540,7.9540,7.9540,7.9540,7.9540,7.9540,7.9540,7.9540,7.9540,7.9540,7.9540,7.9540,7.9540,7.9540,7.9540,7.9540,7.9540,7.9540,7.9540,7.9540,7.9540,7.9540,7.9540,7.9540,7.9540,7.9540,7.9540,7.9540,7.9540,7.9540,7.9540,7.9540,7.9540,7.9540,7.9540,7.9540,7.9540,7.9540,7.9540,7.9540,7.9540,7.9540,7.9540,7.9540,7.9540,7.9540,7.9540,7.9540,7.9540,7.9540,7.9540,7.9540,7.9540,7.9540,7.9540,7.9540,7.9540,7.9540,7.9540,7.9540,7.9540,7.9540,7.9540,7.9540,7.9540,7.9540,7.9540,7.9540,7.9540,7.9540,7.9540,7.9540,7.9540,7.9540,7.9540,7.9540,7.9540,7.9540,7.9540,7.9540,7.9540,7.9540,7.9540,7.9540,7.9540,7.9540,7.9540,7.9540,7.9540,7.9540,7.9540,7.9540,7.9540,7.9540,7.9540,7.9540,7.9540,7.9540,7.9540,7.9540,7.9540,7.9540,7.9540,7.9540,7.9540,7.9540,7.9540,7.9540,7.9540,7.9540,7.9540,7.9540,7.9540,7.9540,7.9540,7.9540,7.9540,7.9540,7.9540,7.9540,7.9540,7.9540,7.9540,7.9540,7.9540,7.9540,7.9540,7.9540,7.9540,7.9540,7.9540,7.9540,7.9540,7.9540,7.9540,7.9540,7.9540,7.9540,7.9540,7.9540,7.9540,7.9540,7.9540,7.9540,7.9540,7.9540,7.9540,7.9540,7.9540,7.9540,7.9540,7.9540,7.9540,7.9540,7.9540,7.9540,7.9540,7.9540,7.9540,7.9540,7.9540,7.9540,7.9540,7.9540,7.9540,7.9540,7.9540,7.9540,7.9540,7.9540,7.9540,7.9540,7.9540,7.9540,7.9540,7.9540,7.9540,7.9540,7.9540,7.9540,7.9540,7.9540,7.9540,7.9540,7.9540,7.9540,7.9540,7.9540,7.9540,7.9540,7.9540,7.9540,7.9540,7.9540,7.9540,7.9540,7.9540,7.9540,7.9540,7.9540,7.9540,7.9540,7.9540,7.9540,7.9540,7.9540,7.9540,7.9540,7.9540,7.9540,7.9540,7.9540,7.9540,7.9540,7.9540,7.9540,7.9540,7.9540,7.9540,7.9540,7.9540,7.9540,7.9540,7.9540,7.9540,7.9540,7.9540,7.9540,7.9540,7.9540,7.9540,7.9540,7.9540,7.9540,7.9540,7.9540,7.9540,7.9540,7.9540,7.9540,7.9540,7.9540,7.9540,7.9540,7.9540,7.9540,7.9540,7.9540,7.9540,7.9540,7.9540,7.9540,7.9540,7.9540,7.9540,7.9540,7.9540,7.9540,7.9540,7.9540,7.9540,7.9540,7.9540,7.9540,7.9540,7.9540,7.9540,7.9540,7.9540,7.9540,7.9540,7.9540,7.9540,7.9540,7.9540,7.9540,7.9540,7.9540,7.9540,7.9540,7.9540,7.9540,7.9540,7.9540,7.9540,7.9540,7.9540,7.9540,7.9540,7.9540,7.9540,7.9540,7.9540,7.9540,7.9540,7.9540,7.9540,7.9540,7.9540,7.9540,7.9540,7.9540,7.9540,7.9540,7.9540,7.9540,7.9540,7.9540,7.9540,7.9540,7.9540,7.9540,7.9540,7.9540,7.9540,7.9540,7.9540,7.9540,7.9540,7.9540,7.9540,7.9540,7.9540,7.9540,7.9540,7.9540,7.9540,7.9540,7.9540,7.9540,7.9540,7.9540,7.9540,7.9540,7.9540,7.9540,7.9540,7.9540,7.9540,7.9540,7.9540,7.9540,7.9540,7.9540,7.9540,7.9540,7.9540,7.9540,7.9540,7.9540,7.9540,7.9540,7.9540,7.9540,7.9540,7.9540,7.9540,7.9540,7.9540,7.9540,7.9540,7.9540,7.9540,7.9540,7.9540,7.9540,7.9540,7.9540,7.9540,7.9540,7.9540,7.9540,7.9540,7.9540,7.9540,7.9540,7.9540,7.9540,7.9540,7.9540,7.9540,7.9540,7.9540,7.9540,7.9540,7.9540,7.9540,7.9540,7.9540,7.9540,7.9540,7.9540,7.9540,7.9540,7.9540,7.9540,7.9540,7.9540,7.9540,7.9540,7.9540,7.9540,7.9540,7.9540,7.9540,7.9540,7.9540,7.9540,7.9540,7.9540,7.9540,7.9540,7.9540,7.9540,7.9540,7.9540,7.9540,7.9540,7.9540,7.9540,7.9540,7.9540,7.9540,7.9540,7.9540,7.9540,7.9540,7.9540,7.9540,7.9540,7.9540,7.9540,7.9540,7.9540,7.9540,7.9540,7.9540,7.9540,7.9540,7.9540,7.9540,7.9540,7.9540,7.9540,7.9540,7.9540,7.9540,7.9540,7.9540,7.9540,7.9540,7.9540,7.9540,7.9540,7.9540,7.9540,7.9540,7.9540,7.9540,7.9540,7.9540,7.9540,7.9540,7.9540,7.9540,7.9540,7.9540,7.9540,7.9540,7.9540,7.9540,7.9540,7.9540,7.9540,7.9540,7.9540,7.9540,7.9540,7.9540,7.9540,7.9540,7.9540,7.9540,7.9540,7.9540,7.9540,7.9540,7.9540,7.9540,7.9540,7.9540,7.9540,7.9540,7.9540,7.9540,7.9540,7.9540,7.9540,7.9540,7.9540,7.9540,7.9540,7.9540,7.9540,7.9540,7.9540,7.9540,7.9540,7.9540,7.9540,7.9540,7.9540,7.9540,7.9540,7.9540,7.9540,7.9540,7.9540,7.9540,7.9540,7.9540,7.9540,7.9540,7.9540,7.9540,7.9540,7.9540,7.9540,7.9540,7.9540,7.9540,7.9540,7.9540,7.9540,7.9540,7.9540,7.9540,7.9540,7.9540,7.9540,7.9540,7.9540,7.9540,7.9540,7.9540,7.9540,7.9540,7.9540,7.9540,7.9540,7.9540,7.9540,7.9540,7.9540,7.9540,7.9540,7.9540,7.9540,7.9540,7.9540,7.9540,7.9540,7.9540,7.9540,7.9540,7.9540,7.9540,7.9540,7.9540,7.9540,7.9540,7.9540,7.9540,7.9540,7.9540,7.9540,7.9540,7.9540,7.9540,7.9540,7.9540,7.9540,7.9540,7.9540,7.9540,7.9540,7.9540,7.9540,7.9540,7.9540,7.9540,7.9540,7.9540,7.9540,7.9540,7.9540,7.9540,7.9540,7.9540,7.9540,7.9540,7.9540,7.9540,7.9540,7.9540,7.9540,7.9540,7.9540,7.9540,7.9540,7.9540,7.9540,7.9540,7.9540,7.9540,7.9540,7.9540,7.9540,7.9540,7.9540,7.9540,7.9540,7.9540,7.9540,7.9540,7.9540,7.9540,7.9540,7.9540,7.9540,7.9540,7.9540,7.9540,7.9540,7.9540,7.9540,7.9540,7.9540,7.9540,7.9540,7.9540,7.9540,7.9540,7.9540,7.9540,7.9540,7.9540,7.9540,7.9540,7.9540,7.9540,7.9540,7.9540,7.9540,7.9540,7.9540,7.9540,7.9540,7.9540,7.9540,7.9540,7.9540,7.9540,7.9540,7.9540,7.9540,7.9540,7.9540,7.9540,7.9540,7.9540,7.9540,7.9540,7.9540,7.9540,7.9540,7.9540,7.9540,7.9540,7.9540,7.9540,7.9540,7.9540,7.9540,7.9540,7.9540,7.9540,7.9540,7.9540,7.9540,7.9540,7.9540,7.9540,7.9540,7.9540,7.9540,7.9540,7.9540,7.9540,7.9540,7.9540,7.9540,7.9540,7.9540,7.9540,7.9540,7.9540,7.9540,7.9540,7.9540,7.9540,7.9540,7.9540,7.9540,7.9540,7.9540,7.9540,7.9540,7.9540,7.9540,7.9540,7.9540,7.9540,7.9540,7.9540,7.9540,7.9540,7.9540,7.9540,7.9540,7.9540,7.9540,7.9540,7.9540,7.9540,7.9540,7.9540,7.9540,7.9540,7.9540,7.9540,7.9540,7.9540,7.9540,7.9540,7.9540,7.9540,7.9540,7.9540,7.9540,7.9540,7.9540,7.9540,7.9540,7.9540,7.9540,7.9540,7.9540,7.9540,7.9540,7.9540,7.9540,7.9540,7.9540,7.9540,7.9540,7.9540,7.9540,7.9540,7.9540,7.9540,7.9540,7.9540,7.9540,7.9540,7.9540,7.9540,7.9540,7.9540,7.9540,7.9540,7.9540,7.9540,7.9540,7.9540,7.9540,7.9540,7.9540,7.9540,7.9540,7.9540,7.9540,7.9540,7.9540,7.9540,7.9540,7.9540,7.9540,7.9540,7.9540,7.9540,7.9540,7.9540,7.9540,7.9540,7.9540,7.9540,7.9540,7.9540,7.9540,7.9540,7.9540,7.9540,7.9540,7.9540,7.9540,7.9540,7.9540,7.9540,7.9540,7.9540,7.9540,7.9540,7.9540,7.9540,7.9540,7.9540,7.9540,7.9540,7.9540,7.9540,7.9540,7.9540,7.9540,7.9540,7.9540,7.9540,7.9540,7.9540,7.9540,7.9540,7.9540,7.9540,7.9540,7.9540
7.9464,7.9464,7.9464,7.9464,7.9464,7.9464,7.9464,7.9464,7.9464,7.9464,7.9464,7.9464,7.9464,7.9464,7.9464,7.9464,7.9464,7.9464,7.9464,7.9464,7.9464,7.9464,7.9464,7.9464,7.9464,7.9464,7.9464,7.9464,7.9464,7.9464,7.9464,7.9464,7.9464,7.9464,7.9464,7.9464,7.9464,7.9464,7.9464,7.9464,7.9464,7.9464,7.9464,7.9464,7.9464,7.9464,7.9464,7.9464,7.9464,7.9464,7.9464,7.9464,7.9464,7.9464,7.9464,7.9464,7.9464,7.9464,7.9464,7.9464,7.9464,7.9464,7.9464,7.9464,7.9464,7.9464,7.9464,7.9464,7.9464,7.9464,7.9464,7.9464,7.9464,7.9464,7.9464,7.9464,7.9464,7.9464,7.9464,7.9464,7.9464,7.9464,7.9464,7.9464,7.9464,7.9464,7.9464,7.9464,7.9464,7.9464,7.9464,7.9464,7.9464,7.9464,7.9464,7.9464,7.9464,7.9464,7.9464,7.9464,7.9464,7.9464,7.9464,7.9464,7.9464,7.9464,7.9464,7.9464,7.9464,7.9464,7.9464,7.9464,7.9464,7.9464,7.9464,7.9464,7.9464,7.9464,7.9464,7.9464,7.9464,7.9464,7.9464,7.9464,7.9464,7.9464,7.9464,7.9464,7.9464,7.9464,7.9464,7.9464,7.9464,7.9464,7.9464,7.9464,7.9464,7.9464,7.9464,7.9464,7.9464,7.9464,7.9464,7.9464,7.9464,7.9464,7.9464,7.9464,7.9464,7.9464,7.9464,7.9464,7.9464,7.9464,7.9464,7.9464,7.9464,7.9464,7.9464,7.9464,7.9464,7.9464,7.9464,7.9464,7.9464,7.9464,7.9464,7.9464,7.9464,7.9464,7.9464,7.9464,7.9464,7.9464,7.9464,7.9464,7.9464,7.9464,7.9464,7.9464,7.9464,7.9464,7.9464,7.9464,7.9464,7.9464,7.9464,7.9464,7.9464,7.9464,7.9464,7.9464,7.9464,7.9464,7.9464,7.9464,7.9464,7.9464,7.9464,7.9464,7.9464,7.9464,7.9464,7.9464,7.9464,7.9464,7.9464,7.9464,7.9464,7.9464,7.9464,7.9464,7.9464,7.9464,7.9464,7.9464,7.9464,7.9464,7.9464,7.9464,7.9464,7.9464,7.9464,7.9464,7.9464,7.9464,7.9464,7.9464,7.9464,7.9464,7.9464,7.9464,7.9464,7.9464,7.9464,7.9464,7.9464,7.9464,7.9464,7.9464,7.9464,7.9464,7.9464,7.9464,7.9464,7.9464,7.9464,7.9464,7.9464,7.9464,7.9464,7.9464,7.9464,7.9464,7.9464,7.9464,7.9464,7.9464,7.9464,7.9464,7.9464,7.9464,7.9464,7.9464,7.9464,7.9464,7.9464,7.9464,7.9464,7.9464,7.9464,7.9464,7.9464,7.9464,7.9464,7.9464,7.9464,7.9464,7.9464,7.9464,7.9464,7.9464,7.9464,7.9464,7.9464,7.9464,7.9464,7.9464,7.9464,7.9464,7.9464,7.9464,7.9464,7.9464,7.9464,7.9464,7.9464,7.9464,7.9464,7.9464,7.9464,7.9464,7.9464,7.9464,7.9464,7.9464,7.9464,7.9464,7.9464,7.9464,7.9464,7.9464,7.9464,7.9464,7.9464,7.9464,7.9464,7.9464,7.9464,7.9464,7.9464,7.9464,7.9464,7.9464,7.9464,7.9464,7.9464,7.9464,7.9464,7.9464,7.9464,7.9464,7.9464,7.9464,7.9464,7.9464,7.9464,7.9464,7.9464,7.9464,7.9464,7.9464,7.9464,7.9464,7.9464,7.9464,7.9464,7.9464,7.9464,7.9464,7.9464,7.9464,7.9464,7.9464,7.9464,7.9464,7.9464,7.9464,7.9464,7.9464,7.9464,7.9464,7.9464,7.9464,7.9464,7.9464,7.9464,7.9464,7.9464,7.9464,7.9464,7.9464,7.9464,7.9464,7.9464,7.9464,7.9464,7.9464,7.9464,7.9464,7.9464,7.9464,7.9464,7.9464,7.9464,7.9464,7.9464,7.9464,7.9464,7.9464,7.9464,7.9464,7.9464,7.9464,7.9464,7.9464,7.9464,7.9464,7.9464,7.9464,7.9464,7.9464,7.9464,7.9464,7.9464,7.9464,7.9464,7.9464,7.9464,7.9464,7.9464,7.9464,7.9464,7.9464,7.9464,7.9464,7.9464,7.9464,7.9464,7.9464,7.9464,7.9464,7.9464,7.9464,7.9464,7.9464,7.9464,7.9464,7.9464,7.9464,7.9464,7.9464,7.9464,7.9464,7.9464,7.9464,7.9464,7.9464,7.9464,7.9464,7.9464,7.9464,7.9464,7.9464,7.9464,7.9464,7.9464,7.9464,7.9464,7.9464,7.9464,7.9464,7.9464,7.9464,7.9464,7.9464,7.9464,7.9464,7.9464,7.9464,7.9464,7.9464,7.9464,7.9464,7.9464,7.9464,7.9464,7.9464,7.9464,7.9464,7.9464,7.9464,7.9464,7.9464,7.9464,7.9464,7.9464,7.9464,7.9464,7.9464,7.9464,7.9464,7.9464,7.9464,7.9464,7.9464,7.9464,7.9464,7.9464,7.9464,7.9464,6.4389,6.4298,6.4205,6.4089,6.4070,6.4124,6.4170,7.9464,7.9464,7.9464,7.9464,7.9464,7.9464,7.9464,7.9464,7.9464,7.9464,7.9464,7.9464,7.9464,7.9464,7.9464,7.9464,7.9464,7.9464,7.9464,7.9464,7.9464,7.9464,7.9464,7.9464,7.9464,7.9464,7.9464,7.9464,7.9464,7.9464,7.9464,7.9464,7.9464,7.9464,7.9464,7.9464,7.9464,7.9464,7.9464,7.9464,7.9464,7.9464,7.9464,7.9464,7.9464,7.9464,7.9464,7.9464,7.9464,7.9464,7.9464,7.9464,7.9464,7.9464,7.9464,7.9464,7.9464,7.9464,7.9464,7.9464,7.9464,7.9464,7.9464,7.9464,7.9464,7.9464,7.9464,7.9464,7.9464,7.9464,7.9464,7.9464,7.9464,7.9464,7.9464,7.9464,7.9464,7.9464,7.9464,7.9464,7.9464,7.9464,7.9464,7.9464,7.9464,7.9464,7.9464,7.9464,7.9464,7.9464,7.9464,7.9464,7.9464,7.9464,7.9464,7.9464,7.9464,7.9464,7.9464,7.9464,7.9464,7.9464,7.9464,7.9464,7.9464,7.9464,7.9464,7.9464,7.9464,7.9464,7.9464,7.9464,7.9464,7.9464,7.9464,7.9464,7.9464,7.9464,7.9464,7.9464,7.9464,7.9464,7.9464,7.9464,7.9464,7.9464,7.9464,7.9464,7.9464,7.9464,7.9464,7.9464,7.9464,7.9464,7.9464,7.9464,7.9464,7.9464,7.9464,7.9464,7.9464,7.9464,7.9464,7.9464,7.9464,7.9464,7.9464,7.9464,7.9464,7.9464,7.9464,7.9464,7.9464,7.9464,7.9464,7.9464,7.9464,7.9464,7.9464,7.9464,7.9464,7.9464,7.9464,7.9464,7.9464,7.9464,7.9464,7.9464,7.9464,7.9464,7.9464,7.9464,7.9464,7.9464,7.9464,7.9464,7.9464,7.9464,7.9464,7.9464,7.9464,7.9464,7.9464,7.9464,7.9464,7.9464,7.9464,7.9464,7.9464,7.9464,7.9464,7.9464,7.9464,7.9464,7.9464,7.9464,7.9464,7.9464,7.9464,7.9464,7.9464,7.9464,7.9464,7.9464,7.9464,7.9464,7.9464,7.9464,7.9464,7.9464,7.9464,7.9464,7.9464,7.9464,7.9464,7.9464,7.9464,7.9464,7.9464,7.9464,7.9464,7.9464,7.9464,7.9464,7.9464,7.9464,7.9464,7.9464,7.9464,7.9464,7.9464,7.9464,7.9464,7.9464,7.9464,7.9464,7.9464,7.9464,7.9464,7.9464,7.9464,7.9464,7.9464,7.9464,7.9464,7.9464,7.9464,7.9464,7.9464,7.9464,7.9464,7.9464,7.9464,7.9464,7.9464,7.9464,7.9464,7.9464,7.9464,7.9464,7.9464,7.9464,7.9464,7.9464,7.9464,7.9464,7.9464,7.9464,7.9464,7.9464,7.9464,7.9464,7.9464,7.9464,7.9464,7.9464,7.9464,7.9464,7.9464,7.9464,7.9464,7.9464,7.9464,7.9464,7.9464,7.9464,7.9464,7.9464,7.9464,7.9464,7.9464,7.9464,7.9464,7.9464,7.9464,7.9464,7.9464,7.9464,7.9464,7.9464,7.9464,7.9464,7.9464,7.9464,7.9464,7.9464,7.9464,7.9464,7.9464,7.9464,7.9464,7.9464,7.9464,7.9464,7.9464,7.9464,7.9464,7.9464,7.9464,7.9464,7.9464,7.9464,7.9464,7.9464,7.9464,7.9464,7.9464,7.9464,7.9464,7.9464,7.9464,7.9464,7.9464,7.9464,7.9464,7.9464,7.9464,7.9464,7.9464,7.9464,7.9464,7.9464,7.9464,7.9464,7.9464,7.9464,7.9464,7.9464,7.9464,7.9464,7.9464,7.9464,7.9464,7.9464,7.9464,7.9464,7.9464,7.9464,7.9464,7.9464,7.9464,7.9464,7.9464,7.9464,7.9464,7.9464,7.9464,7.9464,7.9464,7.9464,7.9464,7.9464,7.9464,7.9464,7.9464,7.9464,7.9464,7.9464,7.9464,7.9464,7.9464,7.9464,7.9464,7.9464,7.9464,7.9464,7.9464,7.9464,7.9464,7.9464,7.9464,7.9464,7.9464,7.9464,7.9464,7.9464,7.9464,7.9464,7.9464,7.9464,7.9464,7.9464,7.9464,7.9464,7.9464,7.9464,7.9464,7.9464,7.9464,7.9464,7.9464,7.9464,7.9464,7.9464,7.9464,7.9464,7.9464,7.9464,7.9464,7.9464,7.9464,7.9464,7.9464,7.9464,7.9464,7.9464,7.9464,7.9464,7.9464,7.9464,7.9464,7.9464,7.9464,7.9464,7.9464,7.9464,7.9464,7.9464,7.9464,7.9464,7.9464,7.9464,7.9464,7.9464,7.9464,7.9464,7.9464,7.9464,7.9464,7.9464,7.9464,7.9464,7.9464,7.9464,7.9464,7.9464,7.9464,7.9464,7.9464,7.9464,7.9464,7.9464
7.9401,7.9401,7.9401,7.9401,7.9401,7.9401,7.9401,7.9401,7.9401,7.9401,7.9401,7.9401,7.9401,7.9401,7.9401,7.9401,7.9401,7.9401,7.9401,7.9401,7.9401,7.9401,7.9401,7.9401,7.9401,7.9401,7.9401,7.9401,7.9401,7.9401,7.9401,7.9401,7.9401,7.9401,7.9401,7.9401,7.9401,7.9401,7.9401,7.9401,7.9401,7.9401,7.9401,7.9401,7.9401,7.9401,7.9401,7.9401,7.9401,7.9401,7.9401,7.9401,7.9401,7.9401,7.9401,7.9401,7.9401,7.9401,7.9401,7.9401,7.9401,7.9401,7.9401,7.9401,7.9401,7.9401,7.9401,7.9401,7.9401,7.9401,7.9401,7.9401,7.9401,7.9401,7.9401,7.9401,7.9401,7.9401,7.9401,7.9401,7.9401,7.9401,7.9401,7.9401,7.9401,7.9401,7.9401,7.9401,7.9401,7.9401,7.9401,7.9401,7.9401,7.9401,7.9401,7.9401,7.9401,7.9401,7.9401,7.9401,7.9401,7.9401,7.9401,7.9401,7.9401,7.9401,7.9401,7.9401,7.9401,7.9401,7.9401,7.9401,7.9401,7.9401,7.9401,7.9401,7.9401,7.9401,7.9401,7.9401,7.9401,7.9401,7.9401,7.9401,7.9401,7.9401,7.9401,7.9401,7.9401,7.9401,7.9401,7.9401,7.9401,7.9401,7.9401,7.9401,7.9401,7.9401,7.9401,7.9401,7.9401,7.9401,7.9401,7.9401,7.9401,7.9401,7.9401,7.9401,7.9401,7.9401,7.9401,7.9401,7.9401,7.9401,7.9401,7.9401,7.9401,7.9401,7.9401,7.9401,7.9401,7.9401,7.9401,7.9401,7.9401,7.9401,7.9401,7.9401,7.9401,7.9401,7.9401,7.9401,7.9401,7.9401,7.9401,7.9401,7.9401,7.9401,7.9401,7.9401,7.9401,7.9401,7.9401,7.9401,7.9401,7.9401,7.9401,7.9401,7.9401,7.9401,7.9401,7.9401,7.9401,7.9401,7.9401,7.9401,7.9401,7.9401,7.9401,7.9401,7.9401,7.9401,7.9401,7.9401,7.9401,7.9401,7.9401,7.9401,7.9401,7.9401,7.9401,7.9401,7.9401,7.9401,7.9401,7.9401,7.9401,7.9401,7.9401,7.9401,7.9401,7.9401,7.9401,7.9401,7.9401,7.9401,7.9401,7.9401,7.9401,7.9401,7.9401,7.9401,7.9401,7.9401,7.9401,7.9401,7.9401,7.9401,7.9401,7.9401,7.9401,7.9401,7.9401,7.9401,7.9401,7.9401,7.9401,7.9401,7.9401,7.9401,7.9401,7.9401,7.9401,7.9401,7.9401,7.9401,7.9401,7.9401,7.9401,7.9401,7.9401,7.9401,7.9401,7.9401,7.9401,7.9401,7.9401,7.9401,7.9401,7.9401,7.9401,7.9401,7.9401,7.9401,7.9401,7.9401,7.9401,7.9401,7.9401,7.9401,7.9401,7.9401,7.9401,7.9401,7.9401,7.9401,7.9401,7.9401,7.9401,7.9401,7.9401,7.9401,7.9401,7.9401,7.9401,7.9401,7.9401,7.9401,7.9401,7.9401,7.9401,7.9401,7.9401,7.9401,7.9401,7.9401,7.9401,7.9401,7.9401,7.9401,7.9401,7.9401,7.9401,7.9401,7.9401,7.9401,7.9401,7.9401,7.9401,7.9401,7.9401,7.9401,7.9401,7.9401,7.9401,7.9401,7.9401,7.9401,7.9401,7.9401,7.9401,7.9401,7.9401,7.9401,7.9401,7.9401,7.9401,7.9401,7.9401,7.9401,7.9401,7.9401,7.9401,7.9401,7.9401,7.9401,7.9401,7.9401,7.9401,7.9401,7.9401,7.9401,7.9401,7.9401,7.9401,7.9401,7.9401,7.9401,7.9401,7.9401,7.9401,7.9401,7.9401,7.9401,7.9401,7.9401,7.9401,7.9401,7.9401,7.9401,7.9401,7.9401,7.9401,7.9401,7.9401,7.9401,7.9401,7.9401,7.9401,7.9401,7.9401,7.9401,7.9401,7.9401,7.9401,7.9401,7.9401,7.9401,7.9401,7.9401,7.9401,7.9401,7.9401,7.9401,7.9401,7.9401,7.9401,7.9401,7.9401,7.9401,7.9401,7.9401,7.9401,7.9401,7.9401,7.9401,7.9401,7.9401,7.9401,7.9401,7.9401,7.9401,7.9401,7.9401,7.9401,7.9401,7.9401,7.9401,7.9401,7.9401,7.9401,7.9401,7.9401,7.9401,7.9401,7.9401,7.9401,7.9401,7.9401,7.9401,7.9401,7.9401,7.9401,7.9401,7.9401,7.9401,7.9401,7.9401,7.9401,7.9401,7.9401,7.9401,7.9401,7.9401,7.9401,7.9401,7.9401,7.9401,7.9401,7.9401,7.9401,7.9401,7.9401,7.9401,7.9401,7.9401,7.9401,7.9401,7.9401,7.9401,7.9401,7.9401,7.9401,7.9401,7.9401,7.9401,7.9401,7.9401,7.9401,7.9401,7.9401,7.9401,7.9401,7.9401,7.9401,7.9401,7.9401,7.9401,7.9401,7.9401,7.9401,6.4727,6.4630,6.4535,6.4444,6.4350,6.4256,6.4160,6.4063,6.3941,6.3817,6.3732,6.3783,6.3834,6.3885,6.3936,6.3987,6.4036,6.4089,6.4141,7.9401,7.9401,7.9401,7.9401,7.9401,7.9401,7.9401,7.9401,7.9401,7.9401,7.9401,7.9401,7.9401,7.9401,7.9401,7.9401,7.9401,7.9401,7.9401,7.9401,7.9401,7.9401,7.9401,7.9401,7.9401,7.9401,7.9401,7.9401,7.9401,7.9401,7.9401,7.9401,7.9401,7.9401,7.9401,7.9401,7.9401,7.9401,7.9401,7.9401,7.9401,7.9401,7.9401,7.9401,7.9401,7.9401,7.9401,7.9401,7.9401,7.9401,7.9401,7.9401,7.9401,7.9401,7.9401,7.9401,7.9401,7.9401,7.9401,7.9401,7.9401,7.9401,7.9401,7.9401,7.9401,7.9401,7.9401,7.9401,7.9401,7.9401,7.9401,7.9401,7.9401,7.9401,7.9401,7.9401,7.9401,7.9401,7.9401,7.9401,7.9401,7.9401,7.9401,7.9401,7.9401,7.9401,7.9401,7.9401,7.9401,7.9401,7.9401,7.9401,7.9401,7.9401,7.9401,7.9401,7.9401,7.9401,7.9401,7.9401,7.9401,7.9401,7.9401,7.9401,7.9401,7.9401,7.9401,7.9401,7.9401,7.9401,7.9401,7.9401,7.9401,7.9401,7.9401,7.9401,7.9401,7.9401,7.9401,7.9401,7.9401,7.9401,7.9401,7.9401,7.9401,7.9401,7.9401,7.9401,7.9401,7.9401,7.9401,7.9401,7.9401,7.9401,7.9401,7.9401,7.9401,7.9401,7.9401,7.9401,7.9401,7.9401,7.9401,7.9401,7.9401,7.9401,7.9401,7.9401,7.9401,7.9401,7.9401,7.9401,7.9401,7.9401,7.9401,7.9401,7.9401,7.9401,7.9401,7.9401,7.9401,7.9401,7.9401,7.9401,7.9401,7.9401,7.9401,7.9401,7.9401,7.9401,7.9401,7.9401,7.9401,7.9401,7.9401,7.9401,7.9401,7.9401,7.9401,7.9401,7.9401,7.9401,7.9401,7.9401,7.9401,7.9401,7.9401,7.9401,7.9401,7.9401,7.9401,7.9401,7.9401,7.9401,7.9401,7.9401,7.9401,7.9401,7.9401,7.9401,7.9401,7.9401,7.9401,7.9401,7.9401,7.9401,7.9401,7.9401,7.9401,7.9401,7.9401,7.9401,7.9401,7.9401,7.9401,7.9401,7.9401,7.9401,7.9401,7.9401,7.9401,7.9401,7.9401,7.9401,7.9401,7.9401,7.9401,7.9401,7.9401,7.9401,7.9401,7.9401,7.9401,7.9401,7.9401,7.9401,7.9401,7.9401,7.9401,7.9401,7.9401,7.9401,7.9401,7.9401,7.9401,7.9401,7.9401,7.9401,7.9401,7.9401,7.9401,7.9401,7.9401,7.9401,7.9401,7.9401,7.9401,7.9401,7.9401,7.9401,7.9401,7.9401,7.9401,7.9401,7.9401,7.9401,7.9401,7.9401,7.9401,7.9401,7.9401,7.9401,7.9401,7.9401,7.9401,7.9401,7.9401,7.9401,7.9401,7.9401,7.9401,7.9401,7.9401,7.9401,7.9401,7.9401,7.9401,7.9401,7.9401,7.9401,7.9401,7.9401,7.9401,7.9401,7.9401,7.9401,7.9401,7.9401,7.9401,7.9401,7.9401,7.9401,7.9401,7.9401,7.9401,7.9401,7.9401,7.9401,7.9401,7.9401,7.9401,7.9401,7.9401,7.9401,7.9401,7.9401,7.9401,7.9401,7.9401,7.9401,7.9401,7.9401,7.9401,7.9401,7.9401,7.9401,7.9401,7.9401,7.9401,7.9401,7.9401,7.9401,7.9401,7.9401,7.9401,7.9401,7.9401,7.9401,7.9401,7.9401,7.9401,7.9401,7.9401,7.9401,7.9401,7.9401,7.9401,7.9401,7.9401,7.9401,7.9401,7.9401,7.9401,7.9401,7.9401,7.9401,7.9401,7.9401,7.9401,7.9401,7.9401,7.9401,7.9401,7.9401,7.9401,7.9401,7.9401,7.9401,7.9401,7.9401,7.9401,7.9401,7.9401,7.9401,7.9401,7.9401,7.9401,7.9401,7.9401,7.9401,7.9401,7.9401,7.9401,7.9401,7.9401,7.9401,7.9401,7.9401,7.9401,7.9401,7.9401,7.9401,7.9401,7.9401,7.9401,7.9401,7.9401,7.9401,7.9401,7.9401,7.9401,7.9401,7.9401,7.9401,7.9401,7.9401,7.9401,7.9401,7.9401,7.9401,7.9401,7.9401,7.9401,7.9401,7.9401,7.9401,7.9401,7.9401,7.9401,7.9401,7.9401,7.9401,7.9401,7.9401,7.9401,7.9401,7.9401,7.9401,7.9401,7.9401,7.9401,7.9401,7.9401,7.9401,7.9401,7.9401,7.9401,7.9401,7.9401,7.9401,7.9401,7.9401,7.9401,7.9401,7.9401,7.9401,7.9401,7.9401,7.9401,7.9401,7.9401,7.9401,7.9401,7.9401,7.9401,7.9401,7.9401,7.9401,7.9401,7.9401
7.9329,7.9329,7.9329,7.9329,7.9329,7.9329,7.9329,7.9329,7.9329,7.9329,7.9329,7.9329,7.9329,7.9329,7.9329,7.9329,7.9329,7.9329,7.9329,7.9329,7.9329,7.9329,7.9329,7.9329,7.9329,7.9329,7.9329,7.9329,7.9329,7.9329,7.9329,7.9329,7.9329,7.9329,7.9329,7.9329,7.9329,7.9329,7.9329,7.9329,7.9329,7.9329,7.9329,7.9329,7.9329,7.9329,7.9329,7.9329,7.9329,7.9329,7.9329,7.9329,7.9329,7.9329,7.9329,7.9329,7.9329,7.9329,7.9329,7.9329,7.9329,7.9329,7.9329,7.9329,7.9329,7.9329,7.9329,7.9329,7.9329,7.9329,7.9329,7.9329,7.9329,7.9329,7.9329,7.9329,7.9329,7.9329,7.9329,7.9329,7.9329,7.9329,7.9329,7.9329,7.9329,7.9329,7.9329,7.9329,7.9329,7.9329,7.9329,7.9329,7.9329,7.9329,7.9329,7.9329,7.9329,7.9329,7.9329,7.9329,7.9329,7.9329,7.9329,7.9329,7.9329,7.9329,7.9329,7.9329,7.9329,7.9329,7.9329,7.9329,7.9329,7.9329,7.9329,7.9329,7.9329,7.9329,7.9329,7.9329,7.9329,7.9329,7.9329,7.9329,7.9329,7.9329,7.9329,7.9329,7.9329,7.9329,7.9329,7.9329,7.9329,7.9329,7.9329,7.9329,7.9329,7.9329,7.9329,7.9329,7.9329,7.9329,7.9329,7.9329,7.9329,7.9329,7.9329,7.9329,7.9329,7.9329,7.9329,7.9329,7.9329,7.9329,7.9329,7.9329,7.9329,7.9329,7.9329,7.9329,7.9329,7.9329,7.9329,7.9329,7.9329,7.9329,7.9329,7.9329,7.9329,7.9329,7.9329,7.9329,7.9329,7.9329,7.9329,7.9329,7.9329,7.9329,7.9329,7.9329,7.9329,7.9329,7.9329,7.9329,7.9329,7.9329,7.9329,7.9329,7.9329,7.9329,7.9329,7.9329,7.9329,7.9329,7.9329,7.9329,7.9329,7.9329,7.9329,7.9329,7.9329,7.9329,7.9329,7.9329,7.9329,7.9329,7.9329,7.9329,7.9329,7.9329,7.9329,7.9329,7.9329,7.9329,7.9329,7.9329,7.9329,7.9329,7.9329,7.9329,7.9329,7.9329,7.9329,7.9329,7.9329,7.9329,7.9329,7.9329,7.9329,7.9329,7.9329,7.9329,7.9329,7.9329,7.9329,7.9329,7.9329,7.9329,7.9329,7.9329,7.9329,7.9329,7.9329,7.9329,7.9329,7.9329,7.9329,7.9329,7.9329,7.9329,7.9329,7.9329,7.9329,7.9329,7.9329,7.9329,7.9329,7.9329,7.9329,7.9329,7.9329,7.9329,7.9329,7.9329,7.9329,7.9329,7.9329,7.9329,7.9329,7.9329,7.9329,7.9329,7.9329,7.9329,7.9329,7.9329,7.9329,7.9329,7.9329,7.9329,7.9329,7.9329,7.9329,7.9329,7.9329,7.9329,7.9329,7.9329,7.9329,7.9329,7.9329,7.9329,7.9329,7.9329,7.9329,7.9329,7.9329,7.9329,7.9329,7.9329,7.9329,7.9329,7.9329,7.9329,7.9329,7.9329,7.9329,7.9329,7.9329,7.9329,7.9329,7.9329,7.9329,7.9329,7.9329,7.9329,7.9329,7.9329,7.9329,7.9329,7.9329,7.9329,7.9329,7.9329,7.9329,7.9329,7.9329,7.9329,7.9329,7.9329,7.9329,7.9329,7.9329,7.9329,7.9329,7.9329,7.9329,7.9329,7.9329,7.9329,7.9329,7.9329,7.9329,7.9329,7.9329,7.9329,7.9329,7.9329,7.9329,7.9329,7.9329,7.9329,7.9329,7.9329,7.9329,7.9329,7.9329,7.9329,7.9329,7.9329,7.9329,7.9329,7.9329,7.9329,7.9329,7.9329,7.9329,7.9329,7.9329,7.9329,7.9329,7.9329,7.9329,7.9329,7.9329,7.9329,7.9329,7.9329,7.9329,7.9329,7.9329,7.9329,7.9329,7.9329,7.9329,7.9329,7.9329,7.9329,7.9329,7.9329,7.9329,7.9329,7.9329,7.9329,7.9329,7.9329,7.9329,7.9329,7.9329,7.9329,7.9329,7.9329,7.9329,7.9329,7.9329,7.9329,7.9329,7.9329,7.9329,7.9329,7.9329,7.9329,7.9329,7.9329,7.9329,7.9329,7.9329,7.9329,7.9329,7.9329,7.9329,7.9329,7.9329,7.9329,7.9329,7.9329,7.9329,7.9329,7.9329,7.9329,7.9329,7.9329,7.9329,7.9329,7.9329,7.9329,7.9329,7.9329,7.9329,7.9329,7.9329,7.9329,7.9329,7.9329,7.9329,7.9329,7.9329,7.9329,7.9329,7.9329,7.9329,7.9329,7.9329,7.9329,7.9329,7.9329,7.9329,7.9329,7.9329,7.9329,7.9329,7.9329,7.9329,7.9329,7.9329,7.9329,7.9329,7.9329,7.9329,7.9329,7.9329,7.9329,7.9329,7.9329,7.9329,6.4709,6.4605,6.4496,6.4402,6.4308,6.4212,6.4114,6.4026,6.3916,6.3792,6.3669,6.3546,6.3424,6.3445,6.3496,6.3546,6.3597,6.3647,6.3698,6.3749,6.3800,6.3851,6.3902,6.3953,6.4002,6.4055,6.4328,7.9329,7.9329,7.9329,7.9329,7.9329,7.9329,7.9329,7.9329,7.9329,7.9329,7.9329,7.9329,7.9329,7.9329,7.9329,7.9329,7.9329,7.9329,7.9329,7.9329,7.9329,7.9329,7.9329,7.9329,7.9329,7.9329,7.9329,7.9329,7.9329,7.9322,7.9322,7.9322,7.9322,7.9322,7.9322,7.9322,7.9322,7.9322,7.9322,7.9322,7.9322,7.9322,7.9322,7.9322,7.9322,7.9322,7.9322,7.9322,7.9322,7.9322,7.9322,7.9322,7.9322,7.9322,7.9322,7.9322,7.9322,7.9322,7.9322,7.9322,7.9322,7.9322,7.9322,7.9322,7.9322,7.9322,7.9322,7.9322,7.9322,7.9322,7.9322,7.9322,7.9322,7.9322,7.9322,7.9322,7.9322,7.9322,7.9322,7.9322,7.9322,7.9322,7.9322,7.9322,7.9322,7.9322,7.9322,7.9322,7.9322,7.9322,7.9322,7.9322,7.9322,7.9322,7.9322,7.9322,7.9322,7.9322,7.9322,7.9322,7.9322,7.9322,7.9322,7.9322,7.9322,7.9322,7.9322,7.9322,7.9322,7.9322,7.9322,7.9322,7.9322,7.9322,7.9322,7.9322,7.9322,7.9322,7.9322,7.9322,7.9322,7.9322,7.9322,7.9322,7.9322,7.9322,7.9322,7.9322,7.9322,7.9322,7.9322,7.9322,7.9322,7.9322,7.9322,7.9322,7.9322,7.9322,7.9322,7.9322,7.9322,7.9322,7.9322,7.9322,7.9322,7.9322,7.9322,7.9322,7.9322,7.9322,7.9322,7.9322,7.9322,7.9322,7.9322,7.9322,7.9322,7.9322,7.9322,7.9322,7.9322,7.9322,7.9322,7.9322,7.9322,7.9322,7.9322,7.9322,7.9322,7.9322,7.9322,7.9322,7.9322,7.9322,7.9322,7.9322,7.9322,7.9322,7.9322,7.9322,7.9322,7.9322,7.9322,7.9322,7.9322,7.9322,7.9322,7.9322,7.9322,7.9322,7.9322,7.9322,7.9322,7.9322,7.9322,7.9322,7.9322,7.9322,7.9322,7.9322,7.9322,7.9322,7.9322,7.9322,7.9322,7.9322,7.9322,7.9322,7.9322,7.9322,7.9322,7.9322,7.9322,7.9322,7.9322,7.9322,7.9322,7.9322,7.9322,7.9322,7.9322,7.9322,7.9322,7.9322,7.9322,7.9322,7.9322,7.9322,7.9322,7.9322,7.9322,7.9322,7.9322,7.9322,7.9322,7.9322,7.9322,7.9322,7.9322,7.9322,7.9322,7.9322,7.9322,7.9322,7.9322,7.9322,7.9322,7.9322,7.9322,7.9322,7.9322,7.9322,7.9322,7.9322,7.9322,7.9322,7.9322,7.9322,7.9322,7.9322,7.9322,7.9322,7.9322,7.9322,7.9322,7.9322,7.9322,7.9322,7.9322,7.9322,7.9322,7.9322,7.9322,7.9322,7.9322,7.9322,7.9322,7.9322,7.9322,7.9322,7.9322,7.9322,7.9322,7.9322,7.9322,7.9322,7.9322,7.9322,7.9322,7.9322,7.9322,7.9322,7.9322,7.9322,7.9322,7.9322,7.9322,7.9322,7.9322,7.9322,7.9322,7.9322,7.9322,7.9322,7.9322,7.9322,7.9322,7.9322,7.9322,7.9322,7.9322,7.9322,7.9322,7.9322,7.9322,7.9322,7.9322,7.9322,7.9322,7.9322,7.9322,7.9322,7.9322,7.9322,7.9322,7.9322,7.9322,7.9322,7.9322,7.9322,7.9322,7.9322,7.9322,7.9322,7.9322,7.9322,7.9322,7.9322,7.9322,7.9322,7.9322,7.9322,7.9322,7.9322,7.9322,7.9322,7.9322,7.9322,7.9322,7.9322,7.9322,7.9322,7.9322,7.9322,7.9322,7.9322,7.9322,7.9322,7.9322,7.9322,7.9322,7.9322,7.9322,7.9322,7.9322,7.9322,7.9322,7.9322,7.9322,7.9322,7.9322,7.9322,7.9322,7.9322,7.9322,7.9322,7.9322,7.9322,7.9322,7.9322,7.9322,7.9322,7.9322,7.9322,7.9322,7.9322,7.9322,7.9322,7.9322,7.9322,7.9322,7.9322,7.9322,7.9322,7.9322,7.9322,7.9322,7.9322,7.9322,7.9322,7.9322,7.9322,7.9322,7.9322,7.9322,7.9322,7.9322,7.9322,7.9322,7.9322,7.9322,7.9322,7.9322,7.9322,7.9322,7.9322,7.9322,7.9322,7.9322,7.9322,7.9322,7.9322,7.9322,7.9322,7.9322,7.9322,7.9322,7.9322,7.9322,7.9322,7.9322,7.9322,7.9322,7.9322,7.9322,7.9322,7.9322,7.9322,7.9322,7.9322,7.9322,7.9322,7.9322,7.9322,7.9322,7.9322,7.9322,7.9322,7.9322,7.9322,7.9322,7.9322,7.9322,7.9322,7.9322,7.9322,7.9322,7.9322
7.9254,7.9254,7.9254,7.9254,7.9254,7.9254,7.9254,7.9254,7.9254,7.9254,7.9254,7.9254,7.9254,7.9254,7.9254,7.9254,7.9254,7.9254,7.9254,7.9254,7.9254,7.9254,7.9254,7.9254,7.9254,7.9254,7.9254,7.9254,7.9254,7.9254,7.9254,7.9254,7.9254,7.9254,7.9254,7.9254,7.9254,7.9254,7.9254,7.9254,7.9254,7.9254,7.9254,7.9254,7.9254,7.9254,7.9254,7.9254,7.9254,7.9254,7.9254,7.9254,7.9254,7.9254,7.9254,7.9254,7.9254,7.9254,7.9254,7.9254,7.9254,7.9254,7.9254,7.9254,7.9254,7.9254,7.9254,7.9254,7.9254,7.9254,7.9254,7.9254,7.9254,7.9254,7.9254,7.9254,7.9254,7.9254,7.9254,7.9254,7.9254,7.9254,7.9254,7.9254,7.9254,7.9254,7.9254,7.9254,7.9254,7.9254,7.9254,7.9254,7.9254,7.9254,7.9254,7.9254,7.9254,7.9254,7.9254,7.9254,7.9254,7.9254,7.9254,7.9254,7.9254,7.9254,7.9254,7.9254,7.9254,7.9254,7.9254,7.9254,7.9254,7.9254,7.9254,7.9254,7.9254,7.9254,7.9254,7.9254,7.9254,7.9254,7.9254,7.9254,7.9254,7.9254,7.9254,7.9254,7.9254,7.9254,7.9254,7.9254,7.9254,7.9254,7.9254,7.9254,7.9254,7.9254,7.9254,7.9254,7.9254,7.9254,7.9254,7.9254,7.9254,7.9254,7.9254,7.9254,7.9254,7.9254,7.9254,7.9254,7.9254,7.9254,7.9254,7.9254,7.9254,7.9254,7.9254,7.9254,7.9254,7.9254,7.9254,7.9254,7.9254,7.9254,7.9254,7.9254,7.9254,7.9254,7.9254,7.9254,7.9254,7.9254,7.9254,7.9254,7.9254,7.9254,7.9254,7.9254,7.9254,7.9254,7.9254,7.9254,7.9254,7.9254,7.9254,7.9254,7.9254,7.9254,7.9254,7.9254,7.9254,7.9254,7.9254,7.9254,7.9254,7.9254,7.9254,7.9254,7.9254,7.9254,7.9254,7.9254,7.9254,7.9254,7.9254,7.9254,7.9254,7.9254,7.9254,7.9254,7.9254,7.9254,7.9254,7.9254,7.9254,7.9254,7.9254,7.9254,7.9254,7.9254,7.9254,7.9254,7.9254,7.9254,7.9254,7.9254,7.9254,7.9254,7.9254,7.9254,7.9254,7.9254,7.9254,7.9254,7.9254,7.9254,7.9254,7.9254,7.9254,7.9254,7.9254,7.9254,7.9254,7.9254,7.9254,7.9254,7.9254,7.9254,7.9254,7.9254,7.9254,7.9254,7.9254,7.9254,7.9254,7.9254,7.9254,7.9254,7.9254,7.9254,7.9254,7.9254,7.9254,7.9254,7.9254,7.9254,7.9254,7.9254,7.9254,7.9254,7.9254,7.9254,7.9254,7.9254,7.9254,7.9254,7.9254,7.9254,7.9254,7.9254,7.9254,7.9254,7.9254,7.9254,7.9254,7.9254,7.9254,7.9254,7.9254,7.9254,7.9254,7.9254,7.9254,7.9254,7.9254,7.9254,7.9254,7.9254,7.9254,7.9254,7.9254,7.9254,7.9254,7.9254,7.9254,7.9254,7.9254,7.9254,7.9254,7.9254,7.9254,7.9254,7.9254,7.9254,7.9254,7.9254,7.9254,7.9254,7.9254,7.9254,7.9254,7.9254,7.9254,7.9254,7.9254,7.9254,7.9254,7.9254,7.9254,7.9254,7.9254,7.9254,7.9254,7.9254,7.9254,7.9254,7.9254,7.9254,7.9254,7.9254,7.9254,7.9254,7.9254,7.9254,7.9254,7.9254,7.9254,7.9254,7.9254,7.9254,7.9254,7.9254,7.9254,7.9254,7.9254,7.9254,7.9254,7.9254,7.9254,7.9254,7.9254,7.9254,7.9254,7.9254,7.9254,7.9254,7.9254,7.9254,7.9254,7.9254,7.9254,7.9254,7.9254,7.9254,7.9254,7.9254,7.9254,7.9254,7.9254,7.9254,7.9254,7.9254,7.9254,7.9254,7.9254,7.9254,7.9254,7.9254,7.9254,7.9254,7.9254,7.9254,7.9254,7.9254,7.9254,7.9254,7.9254,7.9254,7.9254,7.9254,7.9254,7.9254,7.9254,7.9254,7.9254,7.9254,7.9254,7.9254,7.9254,7.9254,7.9254,7.9254,7.9254,7.9254,7.9254,7.9254,7.9254,7.9254,7.9254,7.9254,7.9254,7.9254,7.9254,7.9254,7.9254,7.9254,7.9254,7.9254,7.9254,7.9254,7.9254,7.9254,7.9254,7.9254,7.9254,7.9254,7.9254,7.9254,7.9254,7.9254,7.9254,7.9254,7.9254,7.9254,7.9254,7.9254,7.9254,7.9254,7.9254,7.9254,7.9254,7.9254,7.9254,7.9254,7.9254,7.9254,7.9254,7.9254,7.9254,7.9254,7.9254,7.9254,7.9254,7.9254,7.9254,7.9254,7.9254,7.9254,7.9254,7.9254,6.4414,6.4310,6.4214,6.4107,6.4006,6.3897,6.3776,6.3650,6.3527,6.3402,6.3278,6.3157,6.3114,6.3164,6.3214,6.3264,6.3316,6.3366,6.3414,6.3465,6.3513,6.3563,6.3614,6.3664,6.3715,6.3766,6.3817,6.3868,6.3916,6.3967,6.4019,6.4528,7.9254,7.9254,7.9254,7.9254,7.9254,7.9254,7.9254,7.9254,7.9254,7.9254,7.9254,7.9254,7.9254,7.9254,7.9254,7.9254,7.9254,7.9254,7.9254,7.9254,7.9254,7.9254,7.9254,7.9254,7.9254,7.9254,7.9254,7.9254,7.9254,7.9254,7.9254,7.9254,7.9254,7.9254,7.9254,7.9254,7.9254,7.9254,7.9254,7.9254,7.9254,7.9254,7.9254,7.9254,7.9254,7.9254,7.9254,7.9254,7.9254,7.9254,7.9254,7.9254,7.9254,7.9254,7.9254,7.9254,7.9254,7.9254,7.9254,7.9254,7.9254,7.9254,7.9254,7.9254,7.9254,7.9254,7.9254,7.9254,7.9254,7.9254,7.9254,7.9254,7.9254,7.9254,7.9254,7.9254,7.9254,7.9254,7.9254,7.9254,7.9254,7.9254,7.9254,7.9254,7.9254,7.9254,7.9254,7.9254,7.9254,7.9254,7.9254,7.9254,7.9254,7.9254,7.9254,7.9254,7.9254,7.9254,7.9254,7.9254,7.9254,7.9254,7.9254,7.9254,7.9254,7.9254,7.9254,7.9254,7.9254,7.9254,7.9254,7.9254,7.9254,7.9254,7.9254,7.9254,7.9254,7.9254,7.9254,7.9254,7.9254,7.9254,7.9254,7.9254,7.9254,7.9254,7.9254,7.9254,7.9254,7.9254,7.9254,7.9254,7.9254,7.9254,7.9254,7.9254,7.9254,7.9254,7.9254,7.9254,7.9254,7.9254,7.9254,7.9254,7.9254,7.9254,7.9254,7.9254,7.9254,7.9254,7.9254,7.9254,7.9254,7.9254,7.9254,7.9254,7.9254,7.9254,7.9254,7.9254,7.9254,7.9254,7.9254,7.9254,7.9254,7.9254,7.9254,7.9254,7.9254,7.9254,7.9254,7.9254,7.9254,7.9254,7.9254,7.9254,7.9254,7.9254,7.9254,7.9254,7.9254,7.9254,7.9254,7.9254,7.9254,7.9254,7.9254,7.9254,7.9254,7.9254,7.9254,7.9254,7.9254,7.9254,7.9254,7.9254,7.9254,7.9254,7.9254,7.9254,7.9254,7.9254,7.9254,7.9254,7.9254,7.9254,7.9254,7.9254,7.9254,7.9254,7.9254,7.9254,7.9254,7.9254,7.9254,7.9254,7.9254,7.9254,7.9254,7.9254,7.9254,7.9254,7.9254,7.9254,7.9254,7.9254,7.9254,7.9254,7.9254,7.9254,7.9254,7.9254,7.9254,7.9254,7.9254,7.9254,7.9254,7.9254,7.9254,7.9254,7.9254,7.9254,7.9254,7.9254,7.9254,7.9254,7.9254,7.9254,7.9254,7.9254,7.9254,7.9254,7.9254,7.9254,7.9254,7.9254,7.9254,7.9254,7.9254,7.9254,7.9254,7.9254,7.9254,7.9254,7.9254,7.9254,7.9254,7.9254,7.9254,7.9254,7.9254,7.9254,7.9254,7.9254,7.9254,7.9254,7.9254,7.9254,7.9254,7.9254,7.9254,7.9254,7.9254,7.9254,7.9254,7.9254,7.9254,7.9254,7.9254,7.9254,7.9254,7.9254,7.9254,7.9254,7.9254,7.9254,7.9254,7.9254,7.9254,7.9254,7.9254,7.9254,7.9254,7.9254,7.9254,7.9254,7.9254,7.9254,7.9254,7.9254,7.9254,7.9254,7.9254,7.9254,7.9254,7.9254,7.9254,7.9254,7.9254,7.9254,7.9254,7.9254,7.9254,7.9254,7.9254,7.9254,7.9254,7.9254,7.9254,7.9254,7.9254,7.9254,7.9254,7.9254,7.9254,7.9254,7.9254,7.9254,7.9254,7.9254,7.9254,7.9254,7.9254,7.9254,7.9254,7.9254,7.9254,7.9254,7.9254,7.9254,7.9254,7.9254,7.9254,7.9254,7.9254,7.9254,7.9254,7.9254,7.9254,7.9254,7.9254,7.9254,7.9254,7.9254,7.9254,7.9254,7.9254,7.9254,7.9254,7.9254,7.9254,7.9254,7.9254,7.9254,7.9254,7.9254,7.9254,7.9254,7.9254,7.9254,7.9254,7.9254,7.9254,7.9254,7.9254,7.9254,7.9254,7.9254,7.9254,7.9254,7.9254,7.9254,7.9254,7.9254,7.9254,7.9254,7.9254,7.9254,7.9254,7.9254,7.9254,7.9254,7.9254,7.9254,7.9254,7.9254,7.9254,7.9254,7.9254,7.9254,7.9254,7.9254,7.9254,7.9254,7.9254,7.9254,7.9254,7.9254,7.9254,7.9254,7.9254,7.9254,7.9254,7.9254,7.9254,7.9254,7.9254,7.9254,7.9254,7.9254,7.9254,7.9254,7.9254,7.9254,7.9254,7.9254,7.9254,7.9254,7.9254,7.9254,7.9254,7.9254,7.9254,7.9254,7.9254,7.9254,7.9254,7.9254,7.9254,7.9254,7.9254,7.9254,7.9254,7.9254,7.9254,7.9254
7.9187,7.9187,7.9187,7.9187,7.9187,7.9187,7.9187,7.9187,7.9187,7.9187,7.9187,7.9187,7.9187,7.9187,7.9187,7.9187,7.9187,7.9187,7.9187,7.9187,7.9187,7.9187,7.9187,7.9187,7.9187,7.9187,7.9187,7.9187,7.9187,7.9187,7.9187,7.9187,7.9187,7.9187,7.9187,7.9187,7.9187,7.9187,7.9187,7.9187,7.9187,7.9187,7.9187,7.9187,7.9187,7.9187,7.9187,7.9187,7.9187,7.9187,7.9187,7.9187,7.9187,7.9187,7.9187,7.9187,7.9187,7.9187,7.9187,7.9187,7.9187,7.9187,7.9187,7.9187,7.9187,7.9187,7.9187,7.9187,7.9187,7.9187,7.9187,7.9187,7.9187,7.9187,7.9187,7.9187,7.9187,7.9187,7.9187,7.9187,7.9187,7.9187,7.9187,7.9187,7.9187,7.9187,7.9187,7.9187,7.9187,7.9187,7.9187,7.9187,7.9187,7.9187,7.9187,7.9187,7.9187,7.9187,7.9187,7.9187,7.9187,7.9187,7.9187,7.9187,7.9187,7.9187,7.9187,7.9187,7.9187,7.9187,7.9187,7.9187,7.9187,7.9187,7.9187,7.9187,7.9187,7.9187,7.9187,7.9187,7.9187,7.9187,7.9187,7.9187,7.9187,7.9187,7.9187,7.9187,7.9187,7.9187,7.9187,7.9187,7.9187,7.9187,7.9187,7.9187,7.9187,7.9187,7.9187,7.9187,7.9187,7.9187,7.9187,7.9187,7.9187,7.9187,7.9187,7.9187,7.9187,7.9187,7.9187,7.9187,7.9187,7.9187,7.9187,7.9187,7.9187,7.9187,7.9187,7.9187,7.9187,7.9187,7.9187,7.9187,7.9187,7.9187,7.9187,7.9187,7.9187,7.9187,7.9187,7.9187,7.9187,7.9187,7.9187,7.9187,7.9187,7.9187,7.9187,7.9187,7.9187,7.9187,7.9187,7.9187,7.9187,7.9187,7.9187,7.9187,7.9187,7.9187,7.9187,7.9187,7.9187,7.9187,7.9187,7.9187,7.9187,7.9187,7.9187,7.9187,7.9187,7.9187,7.9187,7.9187,7.9187,7.9187,7.9187,7.9187,7.9187,7.9187,7.9187,7.9187,7.9187,7.9187,7.9187,7.9187,7.9187,7.9187,7.9187,7.9187,7.9187,7.9187,7.9187,7.9187,7.9187,7.9187,7.9187,7.9187,7.9187,7.9187,7.9187,7.9187,7.9187,7.9187,7.9187,7.9187,7.9187,7.9187,7.9187,7.9187,7.9187,7.9187,7.9187,7.9187,7.9187,7.9187,7.9187,7.9187,7.9187,7.9187,7.9187,7.9187,7.9187,7.9187,7.9187,7.9187,7.9187,7.9187,7.9187,7.9187,7.9187,7.9187,7.9187,7.9187,7.9187,7.9187,7.9187,7.9187,7.9187,7.9187,7.9187,7.9187,7.9187,7.9187,7.9187,7.9187,7.9187,7.9187,7.9187,7.9187,7.9187,7.9187,7.9187,7.9187,7.9187,7.9187,7.9187,7.9187,7.9187,7.9187,7.9187,7.9187,7.9187,7.9187,7.9187,7.9187,7.9187,7.9187,7.9187,7.9187,7.9187,7.9187,7.9187,7.9187,7.9187,7.9187,7.9187,7.9187,7.9187,7.9187,7.9187,7.9187,7.9187,7.9187,7.9187,7.9187,7.9187,7.9187,7.9187,7.9187,7.9187,7.9187,7.9187,7.9187,7.9187,7.9187,7.9187,7.9187,7.9187,7.9187,7.9187,7.9187,7.9187,7.9187,7.9187,7.9187,7.9187,7.9187,7.9187,7.9187,7.9187,7.9187,7.9187,7.9187,7.9187,7.9187,7.9187,7.9187,7.9187,7.9187,7.9187,7.9187,7.9187,7.9187,7.9187,7.9187,7.9187,7.9187,7.9187,7.9187,7.9187,7.9187,7.9187,7.9187,7.9187,7.9187,7.9187,7.9187,7.9187,7.9187,7.9187,7.9187,7.9187,7.9187,7.9187,7.9187,7.9187,7.9187,7.9187,7.9187,7.9187,7.9187,7.9187,7.9187,7.9187,7.9187,7.9187,7.9187,7.9187,7.9187,7.9187,7.9187,7.9187,7.9187,7.9187,7.9187,7.9187,7.9187,7.9187,7.9187,7.9187,7.9187,7.9187,7.9187,7.9187,7.9187,7.9187,7.9187,7.9187,7.9187,7.9187,7.9187,7.9187,7.9187,7.9187,7.9187,7.9187,7.9187,7.9187,7.9187,7.9187,7.9187,7.9187,7.9187,7.9187,7.9187,7.9187,7.9187,7.9187,7.9187,7.9187,7.9187,7.9187,7.9187,7.9187,7.9187,7.9187,7.9187,7.9187,7.9187,7.9187,7.9187,7.9187,7.9187,7.9187,7.9187,7.9187,7.9187,7.9187,7.9187,7.9187,7.9187,7.9187,7.9187,7.9187,7.9187,7.9187,7.9187,7.9187,7.9187,7.9187,7.9187,7.9187,7.9187,7.9187,7.9187,7.9187,7.9187,7.9187,6.4111,6.3999,6.3892,6.3783,6.3657,6.3534,6.3409,6.3288,6.3150,6.3005,6.2868,6.2779,6.2828,6.2875,6.2925,6.2974,6.3029,6.3078,6.3131,6.3180,6.3230,6.3280,6.3331,6.3381,6.3431,6.3481,6.3532,6.3582,6.3631,6.3681,6.3732,6.3783,6.3834,6.3882,6.3933,6.4050,6.4732,6.5214,7.9187,7.9187,7.9187,7.9187,7.9187,7.9187,7.9187,7.9187,7.9187,7.9187,7.9187,7.9187,7.9187,7.9187,7.9187,7.9187,7.9187,7.9187,7.9187,7.9187,7.9187,7.9187,7.9187,7.9187,7.9187,7.9187,7.9187,7.9187,7.9187,7.9187,7.9187,7.9187,7.9187,7.9187,7.9187,7.9187,7.9187,7.9187,7.9187,7.9187,7.9187,7.9187,7.9187,7.9187,7.9187,7.9187,7.9187,7.9187,7.9187,7.9187,7.9187,7.9187,7.9187,7.9187,7.9187,7.9187,7.9187,7.9187,7.9187,7.9187,7.9187,7.9187,7.9187,7.9187,7.9187,7.9187,7.9187,7.9187,7.9187,7.9187,7.9187,7.9187,7.9187,7.9187,7.9187,7.9187,7.9187,7.9187,7.9187,7.9187,7.9187,7.9187,7.9187,7.9187,7.9187,7.9187,7.9187,7.9187,7.9187,7.9187,7.9187,7.9187,7.9187,7.9187,7.9187,7.9187,7.9187,7.9187,7.9187,7.9187,7.9187,7.9187,7.9187,7.9187,7.9187,7.9187,7.9187,7.9187,7.9187,7.9187,7.9187,7.9187,7.9187,7.9187,7.9187,7.9187,7.9187,7.9187,7.9187,7.9187,7.9187,7.9187,7.9187,7.9187,7.9187,7.9187,7.9187,7.9187,7.9187,7.9187,7.9187,7.9187,7.9187,7.9187,7.9187,7.9187,7.9187,7.9187,7.9187,7.9187,7.9187,7.9187,7.9187,7.9187,7.9187,7.9187,7.9187,7.9187,7.9187,7.9187,7.9187,7.9187,7.9187,7.9187,7.9187,7.9187,7.9187,7.9187,7.9187,7.9187,7.9187,7.9187,7.9187,7.9187,7.9187,7.9187,7.9187,7.9187,7.9187,7.9187,7.9187,7.9187,7.9187,7.9187,7.9187,7.9187,7.9187,7.9187,7.9187,7.9187,7.9187,7.9187,7.9187,7.9187,7.9187,7.9187,7.9187,7.9187,7.9187,7.9187,7.9187,7.9187,7.9187,7.9187,7.9187,7.9187,7.9187,7.9187,7.9187,7.9187,7.9187,7.9187,7.9187,7.9187,7.9187,7.9187,7.9187,7.9187,7.9187,7.9187,7.9187,7.9187,7.9187,7.9187,7.9187,7.9187,7.9187,7.9187,7.9187,7.9187,7.9187,7.9187,7.9187,7.9187,7.9187,7.9187,7.9187,7.9187,7.9187,7.9187,7.9187,7.9187,7.9187,7.9187,7.9187,7.9187,7.9187,7.9187,7.9187,7.9187,7.9187,7.9187,7.9187,7.9187,7.9187,7.9187,7.9187,7.9187,7.9187,7.9187,7.9187,7.9187,7.9187,7.9187,7.9187,7.9187,7.9187,7.9187,7.9187,7.9187,7.9187,7.9187,7.9187,7.9187,7.9187,7.9187,7.9187,7.9187,7.9187,7.9187,7.9187,7.9187,7.9187,7.9187,7.9187,7.9187,7.9187,7.9187,7.9187,7.9187,7.9187,7.9187,7.9187,7.9187,7.9187,7.9187,7.9187,7.9187,7.9187,7.9187,7.9187,7.9187,7.9187,7.9187,7.9187,7.9187,7.9187,7.9187,7.9187,7.9187,7.9187,7.9187,7.9187,7.9187,7.9187,7.9187,7.9187,7.9187,7.9187,7.9187,7.9187,7.9187,7.9187,7.9187,7.9187,7.9187,7.9187,7.9187,7.9187,7.9187,7.9187,7.9187,7.9187,7.9187,7.9187,7.9187,7.9187,7.9187,7.9187,7.9187,7.9187,7.9187,7.9187,7.9187,7.9187,7.9187,7.9187,7.9187,7.9187,7.9187,7.9187,7.9187,7.9187,7.9187,7.9187,7.9187,7.9187,7.9187,7.9187,7.9187,7.9187,7.9187,7.9187,7.9187,7.9187,7.9187,7.9187,7.9187,7.9187,7.9187,7.9187,7.9187,7.9187,7.9187,7.9187,7.9187,7.9187,7.9187,7.9187,7.9187,7.9187,7.9187,7.9187,7.9187,7.9187,7.9187,7.9187,7.9187,7.9187,7.9187,7.9187,7.9187,7.9187,7.9187,7.9187,7.9187,7.9187,7.9187,7.9187,7.9187,7.9187,7.9187,7.9187,7.9187,7.9187,7.9187,7.9187,7.9187,7.9187,7.9187,7.9187,7.9187,7.9187,7.9187,7.9187,7.9187,7.9187,7.9187,7.9187,7.9187,7.9187,7.9187,7.9187,7.9187,7.9187,7.9187,7.9187,7.9187,7.9187,7.9187,7.9187,7.9187,7.9187,7.9187,7.9187,7.9187,7.9187,7.9187,7.9187,7.9187,7.9187,7.9187,7.9187,7.9187,7.9187,7.9187,7.9187,7.9187,7.9187,7.9187,7.9187,7.9187,7.9187,7.9187,7.9187,7.9187,7.9187,7.9187,7.9187,7.9187,7.9187,7.9187,7.9187
7.9113,7.9113,7.9113,7.9113,7.9113,7.9113,7.9113,7.9113,7.9113,7.9113,7.9113,7.9113,7.9113,7.9113,7.9113,7.9113,7.9113,7.9113,7.9113,7.9113,7.9113,7.9113,7.9113,7.9113,7.9113,7.9113,7.9113,7.9113,7.9113,7.9113,7.9113,7.9113,7.9113,7.9113,7.9113,7.9113,7.9113,7.9113,7.9113,7.9113,7.9113,7.9113,7.9113,7.9113,7.9113,7.9113,7.9113,7.9113,7.9113,7.9113,7.9113,7.9113,7.9113,7.9113,7.9113,7.9113,7.9113,7.9113,7.9113,7.9113,7.9113,7.9113,7.9113,7.9113,7.9113,7.9113,7.9113,7.9113,7.9113,7.9113,7.9113,7.9113,7.9113,7.9113,7.9113,7.9113,7.9113,7.9113,7.9113,7.9113,7.9113,7.9113,7.9113,7.9113,7.9113,7.9113,7.9113,7.9113,7.9113,7.9113,7.9113,7.9113,7.9113,7.9113,7.9113,7.9113,7.9113,7.9113,7.9113,7.9113,7.9113,7.9113,7.9113,7.9113,7.9113,7.9113,7.9113,7.9113,7.9113,7.9113,7.9113,7.9113,7.9113,7.9113,7.9113,7.9113,7.9113,7.9113,7.9113,7.9113,7.9113,7.9113,7.9113,7.9113,7.9113,7.9113,7.9113,7.9113,7.9113,7.9113,7.9113,7.9113,7.9113,7.9113,7.9113,7.9113,7.9113,7.9113,7.9113,7.9113,7.9113,7.9113,7.9113,7.9113,7.9113,7.9113,7.9113,7.9113,7.9113,7.9113,7.9113,7.9113,7.9113,7.9113,7.9113,7.9113,7.9113,7.9113,7.9113,7.9113,7.9113,7.9113,7.9113,7.9113,7.9113,7.9113,7.9113,7.9113,7.9113,7.9113,7.9113,7.9113,7.9113,7.9113,7.9113,7.9113,7.9113,7.9113,7.9113,7.9113,7.9113,7.9113,7.9113,7.9113,7.9113,7.9113,7.9113,7.9113,7.9113,7.9113,7.9113,7.9113,7.9113,7.9113,7.9113,7.9113,7.9113,7.9113,7.9113,7.9113,7.9113,7.9113,7.9113,7.9113,7.9113,7.9113,7.9113,7.9113,7.9120,7.9120,7.9120,7.9120,7.9120,7.9120,7.9120,7.9120,7.9120,7.9120,7.9120,7.9120,7.9120,7.9120,7.9120,7.9120,7.9120,7.9120,7.9120,7.9120,7.9120,7.9120,7.9120,7.9120,7.9120,7.9120,7.9120,7.9120,7.9120,7.9120,7.9120,7.9120,7.9120,7.9120,7.9120,7.9120,7.9120,7.9120,7.9120,7.9120,7.9120,7.9120,7.9120,7.9120,7.9120,7.9120,7.9120,7.9120,7.9120,7.9120,7.9120,7.9120,7.9120,7.9120,7.9120,7.9120,7.9120,7.9120,7.9120,7.9120,7.9120,7.9120,7.9120,7.9120,7.9120,7.9120,7.9120,7.9120,7.9120,7.9120,7.9120,7.9120,7.9120,7.9120,7.9120,7.9120,7.9120,7.9120,7.9120,7.9120,7.9120,7.9120,7.9120,7.9120,7.9120,7.9120,7.9120,7.9120,7.9120,7.9120,7.9120,7.9120,7.9120,7.9120,7.9120,7.9120,7.9120,7.9120,7.9120,7.9120,7.9120,7.9120,7.9120,7.9120,7.9120,7.9120,7.9120,7.9120,7.9120,7.9120,7.9120,7.9120,7.9120,7.9120,7.9120,7.9120,7.9120,7.9120,7.9120,7.9120,7.9120,7.9120,7.9120,7.9120,7.9120,7.9120,7.9120,7.9120,7.9120,7.9120,7.9120,7.9120,7.9120,7.9120,7.9120,7.9120,7.9120,7.9120,7.9120,7.9120,7.9120,7.9120,7.9120,7.9120,7.9120,7.9120,7.9120,7.9120,7.9120,7.9120,7.9120,7.9120,7.9120,7.9120,7.9120,7.9120,7.9120,7.9120,7.9120,7.9120,7.9120,7.9120,7.9120,7.9120,7.9120,7.9120,7.9120,7.9120,7.9120,7.9120,7.9120,7.9120,7.9120,7.9120,7.9120,7.9120,7.9120,7.9120,7.9120,7.9120,7.9120,7.9120,7.9120,7.9120,7.9120,7.9120,7.9120,7.9120,7.9120,7.9120,7.9120,7.9120,7.9120,7.9120,7.9120,7.9120,7.9120,7.9120,7.9120,7.9120,7.9120,7.9120,7.9120,7.9120,7.9120,7.9120,7.9120,7.9120,7.9120,7.9120,7.9120,7.9120,7.9120,7.9120,7.9120,7.9120,7.9120,7.9120,7.9120,7.9120,7.9120,7.9120,7.9120,7.9120,7.9120,7.9120,7.9120,7.9120,7.9120,7.9120,7.9120,7.9120,7.9120,7.9120,7.9120,7.9120,7.9120,7.9120,7.9120,7.9120,7.9120,7.9120,7.9120,7.9120,7.9120,7.9120,7.9120,7.9120,7.9120,7.9120,7.9120,7.9120,7.9120,7.9120,7.9120,7.9120,7.9120,6.3890,6.3778,6.3667,6.3541,6.3419,6.3276,6.3128,6.2984,6.2842,6.2706,6.2573,6.2438,6.2494,6.2543,6.2592,6.2641,6.2690,6.2737,6.2786,6.2835,6.2887,6.2939,6.2991,6.3043,6.3095,6.3145,6.3197,6.3247,6.3297,6.3347,6.3398,6.3448,6.3498,6.3549,6.3599,6.3647,6.3698,6.3749,6.3800,6.3848,6.3899,6.4256,6.4874,6.5349,7.9120,7.9120,7.9120,7.9120,7.9120,7.9120,7.9120,7.9120,7.9120,7.9120,7.9120,7.9120,7.9120,7.9120,7.9120,7.9120,7.9120,7.9120,7.9120,7.9120,7.9120,7.9120,7.9120,7.9120,7.9120,7.9120,7.9120,7.9120,7.9120,7.9120,7.9120,7.9120,7.9120,7.9120,7.9120,7.9120,7.9120,7.9120,7.9120,7.9120,7.9120,7.9120,7.9120,7.9120,7.9120,7.9120,7.9120,7.9120,7.9120,7.9120,7.9120,7.9120,7.9120,7.9120,7.9120,7.9120,7.9120,7.9120,7.9120,7.9120,7.9120,7.9120,7.9120,7.9120,7.9120,7.9120,7.9120,7.9120,7.9120,7.9120,7.9120,7.9120,7.9120,7.9120,7.9120,7.9120,7.9120,7.9120,7.9120,7.9120,7.9120,7.9120,7.9120,7.9120,7.9120,7.9120,7.9120,7.9120,7.9120,7.9120,7.9120,7.9120,7.9120,7.9120,7.9120,7.9120,7.9120,7.9120,7.9120,7.9120,7.9120,7.9120,7.9120,7.9120,7.9120,7.9120,7.9120,7.9120,7.9120,7.9120,7.9120,7.9120,7.9120,7.9120,7.9120,7.9120,7.9120,7.9120,7.9120,7.9120,7.9120,7.9120,7.9120,7.9120,7.9120,7.9120,7.9120,7.9120,7.9120,7.9120,7.9120,7.9120,7.9120,7.9120,7.9120,7.9120,7.9120,7.9120,7.9120,7.9120,7.9120,7.9120,7.9120,7.9120,7.9120,7.9120,7.9120,7.9120,7.9120,7.9120,7.9120,7.9120,7.9120,7.9120,7.9120,7.9120,7.9120,7.9120,7.9120,7.9120,7.9120,7.9120,7.9120,7.9120,7.9120,7.9120,7.9120,7.9120,7.9120,7.9120,7.9120,7.9120,7.9120,7.9120,7.9120,7.9120,7.9120,7.9120,7.9120,7.9120,7.9120,7.9120,7.9120,7.9120,7.9120,7.9120,7.9120,7.9120,7.9120,7.9120,7.9120,7.9120,7.9120,7.9120,7.9120,7.9120,7.9120,7.9120,7.9120,7.9120,7.9120,7.9120,7.9120,7.9120,7.9120,7.9120,7.9120,7.9120,7.9120,7.9120,7.9120,7.9120,7.9120,7.9120,7.9120,7.9120,7.9120,7.9120,7.9120,7.9120,7.9120,7.9120,7.9120,7.9120,7.9120,7.9120,7.9120,7.9120,7.9120,7.9120,7.9120,7.9120,7.9120,7.9120,7.9120,7.9120,7.9120,7.9120,7.9120,7.9120,7.9120,7.9120,7.9120,7.9120,7.9120,7.9120,7.9120,7.9120,7.9120,7.9120,7.9120,7.9120,7.9120,7.9120,7.9120,7.9120,7.9120,7.9120,7.9120,7.9120,7.9120,7.9120,7.9120,7.9120,7.9120,7.9120,7.9120,7.9120,7.9120,7.9120,7.9120,7.9120,7.9120,7.9120,7.9120,7.9120,7.9120,7.9120,7.9120,7.9120,7.9120,7.9120,7.9120,7.9120,7.9120,7.9120,7.9120,7.9120,7.9120,7.9120,7.9120,7.9120,7.9120,7.9120,7.9120,7.9120,7.9120,7.9120,7.9120,7.9120,7.9120,7.9120,7.9120,7.9120,7.9120,7.9120,7.9120,7.9120,7.9120,7.9120,7.9120,7.9120,7.9120,7.9120,7.9120,7.9120,7.9120,7.9120,7.9120,7.9120,7.9120,7.9120,7.9120,7.9120,7.9120,7.9120,7.9120,7.9120,7.9120,7.9120,7.9120,7.9120,7.9120,7.9120,7.9120,7.9120,7.9120,7.9120,7.9120,7.9120,7.9120,7.9120,7.9120,7.9120,7.9120,7.9120,7.9120,7.9120,7.9120,7.9120,7.9120,7.9120,7.9120,7.9120,7.9120,7.9120,7.9120,7.9120,7.9120,7.9120,7.9120,7.9120,7.9120,7.9120,7.9120,7.9120,7.9120,7.9120,7.9120,7.9120,7.9120,7.9120,7.9120,7.9120,7.9120,7.9120,7.9120,7.9120,7.9120,7.9120,7.9120,7.9120,7.9120,7.9120,7.9120,7.9120,7.9120,7.9120,7.9120,7.9120,7.9120,7.9120,7.9120,7.9120,7.9120,7.9120,7.9120,7.9120,7.9120,7.9120,7.9120,7.9120,7.9120,7.9120,7.9120,7.9120,7.9120,7.9120,7.9120,7.9120,7.9120,7.9120,7.9120,7.9120,7.9120,7.9120,7.9120,7.9120,7.9120,7.9120,7.9120,7.9120,7.9120,7.9120,7.9120,7.9120,7.9120,7.9120,7.9120,7.9120,7.9120,7.9120,7.9120,7.9120,7.9120,7.9120,7.9120,7.9120,7.9120,7.9120,7.9120,7.9120,7.9120,7.9120,7.9120,7.9120,7.9120,7.9120,7.9120,7.9120,7.9120
7.9042,7.9042,7.9042,7.9042,7.9042,7.9042,7.9042,7.9042,7.9042,7.9042,7.9042,7.9042,7.9042,7.9042,7.9042,7.9042,7.9042,7.9042,7.9042,7.9042,7.9042,7.9042,7.9042,7.9042,7.9042,7.9042,7.9042,7.9042,7.9042,7.9042,7.9042,7.9042,7.9042,7.9042,7.9042,7.9042,7.9042,7.9042,7.9042,7.9042,7.9042,7.9042,7.9042,7.9042,7.9042,7.9042,7.9042,7.9042,7.9042,7.9042,7.9042,7.9042,7.9042,7.9042,7.9042,7.9042,7.9042,7.9042,7.9042,7.9042,7.9042,7.9042,7.9042,7.9042,7.9042,7.9042,7.9042,7.9042,7.9042,7.9042,7.9042,7.9042,7.9042,7.9042,7.9042,7.9042,7.9042,7.9042,7.9042,7.9042,7.9042,7.9042,7.9042,7.9042,7.9042,7.9042,7.9042,7.9042,7.9042,7.9042,7.9042,7.9042,7.9042,7.9042,7.9042,7.9042,7.9042,7.9042,7.9042,7.9042,7.9042,7.9042,7.9042,7.9042,7.9042,7.9042,7.9042,7.9042,7.9042,7.9042,7.9042,7.9042,7.9042,7.9042,7.9042,7.9042,7.9042,7.9042,7.9042,7.9042,7.9042,7.9042,7.9042,7.9042,7.9042,7.9042,7.9042,7.9042,7.9042,7.9042,7.9042,7.9042,7.9042,7.9042,7.9042,7.9042,7.9042,7.9042,7.9042,7.9042,7.9042,7.9042,7.9042,7.9042,7.9042,7.9042,7.9042,7.9042,7.9042,7.9042,7.9042,7.9042,7.9042,7.9042,7.9042,7.9042,7.9042,7.9042,7.9042,7.9042,7.9042,7.9042,7.9042,7.9042,7.9042,7.9042,7.9042,7.9042,7.9042,7.9042,7.9042,7.9042,7.9042,7.9042,7.9042,7.9042,7.9042,7.9042,7.9042,7.9042,7.9042,7.9042,7.9042,7.9042,7.9042,7.9042,7.9042,7.9042,7.9042,7.9042,7.9042,7.9042,7.9042,7.9042,7.9042,7.9042,7.9042,7.9042,7.9042,7.9042,7.9042,7.9042,7.9042,7.9042,7.9042,7.9042,7.9042,7.9042,7.9042,7.9042,7.9042,7.9042,7.9042,7.9042,7.9042,7.9042,7.9042,7.9042,7.9042,7.9042,7.9042,7.9042,7.9042,7.9042,7.9042,7.9042,7.9042,7.9042,7.9042,7.9042,7.9042,7.9042,7.9042,7.9042,7.9042,7.9042,7.9042,7.9042,7.9042,7.9042,7.9042,7.9042,7.9042,7.9042,7.9042,7.9042,7.9042,7.9042,7.9042,7.9042,7.9042,7.9042,7.9042,7.9042,7.9042,7.9042,7.9042,7.9042,7.9042,7.9042,7.9042,7.9042,7.9042,7.9042,7.9042,7.9042,7.9042,7.9042,7.9042,7.9042,7.9042,7.9042,7.9042,7.9042,7.9042,7.9042,7.9042,7.9042,7.9042,7.9042,7.9042,7.9042,7.9042,7.9042,7.9042,7.9042,7.9042,7.9042,7.9042,7.9042,7.9042,7.9042,7.9042,7.9042,7.9042,7.9042,7.9042,7.9042,7.9042,7.9042,7.9042,7.9042,7.9042,7.9042,7.9042,7.9042,7.9042,7.9042,7.9042,7.9042,7.9042,7.9042,7.9042,7.9042,7.9042,7.9042,7.9042,7.9042,7.9042,7.9042,7.9042,7.9042,7.9042,7.9042,7.9042,7.9042,7.9042,7.9042,7.9042,7.9042,7.9042,7.9042,7.9042,7.9042,7.9042,7.9042,7.9042,7.9042,7.9042,7.9042,7.9042,7.9042,7.9042,7.9042,7.9042,7.9042,7.9042,7.9042,7.9042,7.9042,7.9042,7.9042,7.9042,7.9042,7.9042,7.9042,7.9042,7.9042,7.9042,7.9042,7.9042,7.9042,7.9042,7.9042,7.9042,7.9042,7.9042,7.9042,7.9042,7.9042,7.9042,7.9042,7.9042,7.9042,7.9042,7.9042,7.9042,7.9042,7.9042,7.9042,7.9042,7.9042,7.9042,7.9042,7.9042,7.9042,7.9042,7.9042,7.9042,7.9042,7.9042,7.9042,7.9042,7.9042,7.9042,7.9042,7.9042,7.9042,7.9042,7.9042,7.9042,7.9042,7.9042,7.9042,7.9042,7.9042,7.9042,7.9042,7.9042,7.9042,7.9042,7.9042,7.9042,7.9042,7.9042,7.9042,7.9042,7.9042,7.9042,7.9042,7.9042,7.9042,7.9042,7.9042,7.9042,7.9042,7.9042,7.9042,7.9042,7.9042,7.9042,7.9042,7.9042,7.9042,7.9042,7.9042,7.9042,7.9042,7.9042,7.9042,7.9042,7.9042,7.9042,7.9042,7.9042,7.9042,7.9042,7.9042,7.9042,7.9042,7.9042,7.9042,7.9042,7.9042,7.9042,7.9042,7.9042,7.9042,7.9042,7.9042,7.9042,7.9042,6.3549,6.3402,6.3254,6.3107,6.2960,6.2817,6.2662,6.2452,6.2244,6.2037,6.2069,6.2124,6.2179,6.2235,6.2290,6.2345,6.2401,6.2454,6.2503,6.2550,6.2599,6.2648,6.2697,6.2748,6.2800,6.2852,6.2904,6.2955,6.3007,6.3057,6.3109,6.3161,6.3211,6.3264,6.3314,6.3364,6.3414,6.3465,6.3515,6.3565,6.3614,6.3664,6.3715,6.3766,6.3814,6.3865,6.4466,6.5007,6.5543,7.9042,7.9042,7.9042,7.9042,7.9042,7.9042,7.9042,7.9042,7.9042,7.9042,7.9042,7.9042,7.9042,7.9042,7.9042,7.9042,7.9042,7.9042,7.9042,7.9042,7.9042,7.9042,7.9042,7.9042,7.9042,7.9042,7.9042,7.9042,7.9042,7.9042,7.9042,7.9042,7.9042,7.9042,7.9042,7.9042,7.9042,7.9042,7.9042,7.9042,7.9042,7.9042,7.9042,7.9042,7.9042,7.9042,7.9042,7.9042,7.9042,7.9042,7.9042,7.9042,7.9042,7.9042,7.9042,7.9042,7.9042,7.9042,7.9042,7.9042,7.9042,7.9042,7.9042,7.9042,7.9042,7.9042,7.9042,7.9042,7.9042,7.9042,7.9042,7.9042,7.9042,7.9042,7.9042,7.9042,7.9042,7.9042,7.9042,7.9042,7.9042,7.9042,7.9042,7.9042,7.9042,7.9042,7.9042,7.9042,7.9042,7.9042,7.9042,7.9042,7.9042,7.9042,7.9042,7.9042,7.9042,7.9042,7.9042,7.9042,7.9042,7.9042,7.9042,7.9042,7.9042,7.9042,7.9042,7.9042,7.9042,7.9042,7.9042,7.9042,7.9042,7.9042,7.9042,7.9042,7.9042,7.9042,7.9042,7.9042,7.9042,7.9042,7.9042,7.9042,7.9042,7.9042,7.9042,7.9042,7.9042,7.9042,7.9042,7.9042,7.9042,7.9042,7.9042,7.9042,7.9042,7.9042,7.9042,7.9042,7.9042,7.9042,7.9042,7.9042,7.9042,7.9042,7.9042,7.9042,7.9042,7.9042,7.9042,7.9042,7.9042,7.9042,7.9042,7.9042,7.9042,7.9042,7.9042,7.9042,7.9042,7.9042,7.9042,7.9042,7.9042,7.9042,7.9042,7.9042,7.9042,7.9042,7.9042,7.9042,7.9042,7.9042,7.9042,7.9042,7.9042,7.9042,7.9042,7.9042,7.9042,7.9042,7.9042,7.9042,7.9042,7.9042,7.9042,7.9042,7.9042,7.9042,7.9042,7.9042,7.9042,7.9042,7.9042,7.9042,7.9042,7.9042,7.9042,7.9042,7.9042,7.9042,7.9042,7.9042,7.9042,7.9042,7.9042,7.9042,7.9042,7.9042,7.9042,7.9042,7.9042,7.9042,7.9042,7.9042,7.9042,7.9042,7.9042,7.9042,7.9042,7.9042,7.9042,7.9042,7.9042,7.9042,7.9042,7.9042,7.9042,7.9042,7.9042,7.9042,7.9042,7.9042,7.9042,7.9042,7.9042,7.9042,7.9042,7.9042,7.9042,7.9042,7.9042,7.9042,7.9042,7.9042,7.9042,7.9042,7.9042,7.9042,7.9042,7.9042,7.9042,7.9042,7.9042,7.9042,7.9042,7.9042,7.9042,7.9042,7.9042,7.9042,7.9042,7.9042,7.9042,7.9042,7.9042,7.9042,7.9042,7.9042,7.9042,7.9042,7.9042,7.9042,7.9042,7.9042,7.9042,7.9042,7.9042,7.9042,7.9042,7.9042,7.9042,7.9042,7.9042,7.9042,7.9042,7.9042,7.9042,7.9042,7.9042,7.9042,7.9042,7.9042,7.9042,7.9042,7.9042,7.9042,7.9042,7.9042,7.9042,7.9042,7.9042,7.9042,7.9042,7.9042,7.9042,7.9042,7.9042,7.9042,7.9042,7.9042,7.9042,7.9042,7.9042,7.9042,7.9042,7.9042,7.9042,7.9042,7.9042,7.9042,7.9042,7.9042,7.9042,7.9042,7.9042,7.9042,7.9042,7.9042,7.9042,7.9042,7.9042,7.9042,7.9042,7.9042,7.9042,7.9042,7.9042,7.9042,7.9042,7.9042,7.9042,7.9042,7.9042,7.9042,7.9042,7.9042,7.9042,7.9042,7.9042,7.9042,7.9042,7.9042,7.9042,7.9042,7.9042,7.9042,7.9042,7.9042,7.9042,7.9042,7.9042,7.9042,7.9042,7.9042,7.9042,7.9042,7.9042,7.9042,7.9042,7.9042,7.9042,7.9042,7.9042,7.9042,7.9042,7.9042,7.9042,7.9042,7.9042,7.9042,7.9042,7.9042,7.9042,7.9042,7.9042,7.9042,7.9042,7.9042,7.9042,7.9042,7.9042,7.9042,7.9042,7.9042,7.9042,7.9042,7.9042,7.9042,7.9042,7.9042,7.9042,7.9042,7.9042,7.9042,7.9042,7.9042,7.9042,7.9042,7.9042,7.9042,7.9042,7.9042,7.9042,7.9042,7.9042,7.9042,7.9042,7.9042,7.9042,7.9042,7.9042,7.9042,7.9042,7.9042,7.9042,7.9042,7.9042,7.9042,7.9042,7.9042,7.9042,7.9042,7.9042,7.9042,7.9042,7.9042,7.9042,7.9042,7.9042,7.9042,7.9042,7.9042,7.9042,7.9042,7.9042,7.9042,7.9042
7.8971,7.8971,7.8971,7.8971,7.8971,7.8971,7.8971,7.8971,7.8971,7.8971,7.8971,7.8971,7.8971,7.8971,7.8971,7.8971,7.8971,7.8971,7.8971,7.8971,7.8971,7.8971,7.8971,7.8971,7.8971,7.8971,7.8971,7.8971,7.8971,7.8971,7.8971,7.8971,7.8971,7.8971,7.8971,7.8971,7.8971,7.8971,7.8971,7.8971,7.8971,7.8971,7.8971,7.8971,7.8971,7.8971,7.8971,7.8971,7.8971,7.8971,7.8971,7.8971,7.8971,7.8971,7.8971,7.8971,7.8971,7.8971,7.8971,7.8971,7.8971,7.8971,7.8971,7.8971,7.8971,7.8971,7.8971,7.8971,7.8971,7.8971,7.8971,7.8971,7.8971,7.8971,7.8971,7.8971,7.8971,7.8971,7.8971,7.8971,7.8971,7.8971,7.8971,7.8971,7.8971,7.8971,7.8971,7.8971,7.8971,7.8971,7.8971,7.8971,7.8971,7.8971,7.8971,7.8971,7.8971,7.8971,7.8971,7.8971,7.8971,7.8971,7.8971,7.8971,7.8971,7.8971,7.8971,7.8971,7.8971,7.8971,7.8971,7.8971,7.8971,7.8971,7.8971,7.8971,7.8971,7.8971,7.8971,7.8971,7.8971,7.8971,7.8971,7.8971,7.8971,7.8971,7.8971,7.8971,7.8971,7.8971,7.8971,7.8971,7.8971,7.8971,7.8971,7.8971,7.8971,7.8971,7.8971,7.8971,7.8971,7.8971,7.8971,7.8971,7.8971,7.8971,7.8971,7.8971,7.8971,7.8971,7.8971,7.8971,7.8971,7.8971,7.8971,7.8971,7.8971,7.8971,7.8971,7.8971,7.8971,7.8971,7.8971,7.8971,7.8971,7.8971,7.8971,7.8971,7.8971,7.8971,7.8971,7.8971,7.8971,7.8971,7.8971,7.8971,7.8971,7.8971,7.8971,7.8971,7.8971,7.8971,7.8971,7.8971,7.8971,7.8971,7.8971,7.8971,7.8971,7.8971,7.8971,7.8971,7.8971,7.8971,7.8971,7.8971,7.8971,7.8971,7.8971,7.8971,7.8971,7.8971,7.8971,7.8971,7.8971,7.8971,7.8971,7.8971,7.8971,7.8971,7.8971,7.8971,7.8971,7.8971,7.8971,7.8971,7.8971,7.8971,7.8971,7.8971,7.8971,7.8971,7.8971,7.8971,7.8971,7.8971,7.8971,7.8971,7.8971,7.8971,7.8971,7.8971,7.8971,7.8971,7.8971,7.8971,7.8971,7.8971,7.8971,7.8971,7.8971,7.8971,7.8971,7.8971,7.8971,7.8971,7.8971,7.8971,7.8971,7.8971,7.8971,7.8971,7.8971,7.8971,7.8971,7.8971,7.8971,7.8971,7.8971,7.8971,7.8971,7.8971,7.8971,7.8971,7.8971,7.8971,7.8971,7.8971,7.8971,7.8971,7.8971,7.8971,7.8971,7.8971,7.8971,7.8971,7.8971,7.8971,7.8971,7.8971,7.8971,7.8971,7.8971,7.8971,7.8971,7.8971,7.8971,7.8971,7.8971,7.8971,7.8971,7.8971,7.8971,7.8971,7.8971,7.8971,7.8971,7.8971,7.8971,7.8971,7.8971,7.8971,7.8971,7.8971,7.8971,7.8971,7.8971,7.8971,7.8971,7.8971,7.8971,7.8971,7.8971,7.8971,7.8971,7.8971,7.8971,7.8971,7.8971,7.8971,7.8971,7.8971,7.8971,7.8971,7.8971,7.8971,7.8971,7.8971,7.8971,7.8971,7.8971,7.8971,7.8971,7.8971,7.8971,7.8971,7.8971,7.8971,7.8971,7.8971,7.8971,7.8971,7.8971,7.8971,7.8971,7.8971,7.8971,7.8971,7.8971,7.8971,7.8971,7.8971,7.8971,7.8971,7.8971,7.8971,7.8971,7.8971,7.8971,7.8971,7.8971,7.8971,7.8971,7.8971,7.8971,7.8971,7.8971,7.8971,7.8971,7.8971,7.8971,7.8971,7.8971,7.8971,7.8971,7.8971,7.8971,7.8971,7.8971,7.8971,7.8971,7.8971,7.8971,7.8971,7.8971,7.8971,7.8971,7.8971,7.8971,7.8971,7.8971,7.8971,7.8971,7.8971,7.8971,7.8971,7.8971,7.8971,7.8971,7.8971,7.8971,7.8971,7.8971,7.8971,7.8971,7.8971,7.8971,7.8971,7.8971,7.8971,7.8971,7.8971,7.8971,7.8971,7.8971,7.8971,7.8971,7.8971,7.8971,7.8971,7.8971,7.8971,7.8971,7.8971,7.8971,7.8971,7.8971,7.8971,7.8971,7.8971,7.8971,7.8971,7.8971,7.8971,7.8971,7.8971,7.8971,7.8971,7.8971,7.8971,7.8971,7.8971,7.8971,7.8971,7.8971,7.8971,7.8971,7.8971,7.8971,7.8971,7.8971,7.8971,7.8971,7.8971,7.8971,7.8971,7.8971,7.8971,6.3230,6.3083,6.2939,6.2793,6.2596,6.2389,6.2207,6.2145,6.2083,6.2021,6.1959,6.1897,6.1886,6.1895,6.1920,6.1975,6.2030,6.2087,6.2142,6.2198,6.2253,6.2308,6.2364,6.2413,6.2461,6.2510,6.2559,6.2608,6.2660,6.2711,6.2765,6.2817,6.2868,6.2920,6.2970,6.3022,6.3074,6.3123,6.3176,6.3226,6.3278,6.3331,6.3381,6.3431,6.3481,6.3529,6.3580,6.3631,6.3681,6.3732,6.3780,6.3980,6.4672,6.5159,6.5748,7.8971,7.8971,7.8971,7.8971,7.8971,7.8971,7.8971,7.8971,7.8971,7.8971,7.8971,7.8971,7.8971,7.8971,7.8971,7.8971,7.8971,7.8971,7.8971,7.8971,7.8971,7.8971,7.8971,7.8971,7.8971,7.8971,7.8971,7.8971,7.8971,7.8971,7.8971,7.8971,7.8971,7.8971,7.8971,7.8971,7.8971,7.8971,7.8971,7.8971,7.8971,7.8971,7.8971,7.8971,7.8971,7.8971,7.8971,7.8971,7.8971,7.8971,7.8971,7.8971,7.8971,7.8971,7.8971,7.8971,7.8971,7.8971,7.8971,7.8971,7.8971,7.8971,7.8971,7.8971,7.8971,7.8971,7.8971,7.8971,7.8971,7.8971,7.8971,7.8971,7.8971,7.8971,7.8971,7.8971,7.8971,7.8971,7.8971,7.8971,7.8971,7.8971,7.8971,7.8971,7.8971,7.8971,7.8971,7.8971,7.8971,7.8971,7.8971,7.8971,7.8971,7.8971,7.8971,7.8971,7.8971,7.8971,7.8971,7.8971,7.8971,7.8971,7.8971,7.8971,7.8971,7.8971,7.8971,7.8971,7.8971,7.8971,7.8971,7.8971,7.8971,7.8971,7.8971,7.8971,7.8971,7.8971,7.8971,7.8971,7.8971,7.8971,7.8971,7.8971,7.8971,7.8971,7.8971,7.8971,7.8971,7.8971,7.8971,7.8971,7.8971,7.8971,7.8971,7.8971,7.8971,7.8971,7.8971,7.8971,7.8971,7.8971,7.8971,7.8971,7.8971,7.8971,7.8971,7.8971,7.8971,7.8971,7.8971,7.8971,7.8971,7.8971,7.8971,7.8971,7.8971,7.8971,7.8971,7.8971,7.8971,7.8971,7.8971,7.8971,7.8971,7.8971,7.8971,7.8971,7.8971,7.8971,7.8971,7.8971,7.8971,7.8971,7.8971,7.8971,7.8971,7.8971,7.8971,7.8971,7.8971,7.8971,7.8971,7.8971,7.8971,7.8971,7.8971,7.8971,7.8971,7.8971,7.8971,7.8971,7.8971,7.8971,7.8971,7.8971,7.8971,7.8971,7.8971,7.8971,7.8971,7.8971,7.8971,7.8971,7.8971,7.8971,7.8971,7.8971,7.8971,7.8971,7.8971,7.8971,7.8971,7.8971,7.8971,7.8971,7.8971,7.8971,7.8971,7.8971,7.8971,7.8971,7.8971,7.8971,7.8971,7.8971,7.8971,7.8971,7.8971,7.8971,7.8971,7.8971,7.8971,7.8971,7.8971,7.8971,7.8971,7.8971,7.8971,7.8971,7.8971,7.8971,7.8971,7.8971,7.8971,7.8971,7.8971,7.8971,7.8971,7.8971,7.8971,7.8971,7.8971,7.8971,7.8971,7.8971,7.8971,7.8971,7.8971,7.8971,7.8971,7.8971,7.8971,7.8971,7.8971,7.8971,7.8971,7.8971,7.8971,7.8971,7.8971,7.8971,7.8971,7.8971,7.8971,7.8971,7.8971,7.8971,7.8971,7.8971,7.8971,7.8971,7.8971,7.8971,7.8971,7.8971,7.8971,7.8971,7.8971,7.8971,7.8971,7.8971,7.8971,7.8971,7.8971,7.8971,7.8971,7.8971,7.8971,7.8971,7.8971,7.8971,7.8971,7.8971,7.8971,7.8971,7.8971,7.8971,7.8971,7.8971,7.8971,7.8971,7.8971,7.8971,7.8971,7.8971,7.8971,7.8971,7.8971,7.8971,7.8971,7.8971,7.8971,7.8971,7.8971,7.8971,7.8971,7.8971,7.8971,7.8971,7.8971,7.8971,7.8971,7.8971,7.8971,7.8971,7.8971,7.8971,7.8971,7.8971,7.8971,7.8971,7.8971,7.8971,7.8971,7.8971,7.8971,7.8971,7.8971,7.8971,7.8971,7.8971,7.8971,7.8971,7.8971,7.8971,7.8971,7.8971,7.8971,7.8971,7.8971,7.8971,7.8971,7.8971,7.8971,7.8971,7.8971,7.8971,7.8971,7.8971,7.8971,7.8971,7.8971,7.8971,7.8971,7.8971,7.8971,7.8971,7.8971,7.8971,7.8971,7.8971,7.8971,7.8971,7.8971,7.8971,7.8971,7.8971,7.8971,7.8971,7.8971,7.8971,7.8971,7.8971,7.8971,7.8971,7.8971,7.8971,7.8971,7.8971,7.8971,7.8971,7.8971,7.8971,7.8971,7.8971,7.8971,7.8971,7.8971,7.8971,7.8971,7.8971,7.8971,7.8971,7.8971,7.8971,7.8971,7.8971,7.8971,7.8971,7.8971,7.8971,7.8971,7.8971,7.8971,7.8971,7.8971,7.8971,7.8971,7.8971,7.8971,7.8971,7.8971,7.8971,7.8971,7.8971,7.8971,7.8971,7.8971,7.8971,7.8971,7.8971,7.8971,7.8971,7.8971,7.8971,7.8971
7.8908,7.8908,7.8908,7.8908,7.8908,7.8908,7.8908,7.8908,7.8908,7.8908,7.8908,7.8908,7.8908,7.8908,7.8908,7.8908,7.8908,7.8908,7.8908,7.8908,7.8908,7.8908,7.8908,7.8908,7.8908,7.8908,7.8908,7.8908,7.8908,7.8908,7.8908,7.8908,7.8908,7.8908,7.8908,7.8908,7.8908,7.8908,7.8908,7.8908,7.8908,7.8908,7.8908,7.8908,7.8908,7.8908,7.8908,7.8908,7.8908,7.8908,7.8908,7.8908,7.8908,7.8908,7.8908,7.8908,7.8908,7.8908,7.8908,7.8908,7.8908,7.8908,7.8908,7.8908,7.8908,7.8908,7.8908,7.8908,7.8908,7.8908,7.8908,7.8908,7.8908,7.8908,7.8908,7.8908,7.8908,7.8908,7.8908,7.8908,7.8908,7.8908,7.8908,7.8908,7.8908,7.8908,7.8908,7.8908,7.8908,7.8908,7.8908,7.8908,7.8908,7.8908,7.8908,7.8908,7.8908,7.8908,7.8908,7.8908,7.8908,7.8908,7.8908,7.8908,7.8908,7.8908,7.8908,7.8908,7.8908,7.8908,7.8908,7.8908,7.8908,7.8908,7.8908,7.8908,7.8908,7.8908,7.8908,7.8908,7.8908,7.8908,7.8908,7.8908,7.8908,7.8908,7.8908,7.8908,7.8908,7.8908,7.8908,7.8908,7.8908,7.8908,7.8908,7.8908,7.8908,7.8908,7.8908,7.8908,7.8908,7.8908,7.8908,7.8908,7.8908,7.8908,7.8908,7.8908,7.8908,7.8908,7.8908,7.8908,7.8908,7.8908,7.8908,7.8908,7.8908,7.8908,7.8908,7.8908,7.8908,7.8908,7.8908,7.8908,7.8908,7.8908,7.8908,7.8908,7.8908,7.8908,7.8908,7.8908,7.8908,7.8908,7.8908,7.8908,7.8908,7.8908,7.8908,7.8908,7.8908,7.8908,7.8908,7.8908,7.8908,7.8908,7.8908,7.8908,7.8908,7.8908,7.8908,7.8908,7.8908,7.8908,7.8908,7.8908,7.8908,7.8908,7.8908,7.8908,7.8908,7.8908,7.8908,7.8908,7.8908,7.8908,7.8908,7.8908,7.8908,7.8908,7.8908,7.8908,7.8908,7.8908,7.8908,7.8908,7.8908,7.8908,7.8908,7.8908,7.8908,7.8908,7.8908,7.8908,7.8908,7.8908,7.8908,7.8908,7.8908,7.8908,7.8908,7.8908,7.8908,7.8908,7.8908,7.8908,7.8908,7.8908,7.8908,7.8908,7.8908,7.8908,7.8908,7.8908,7.8908,7.8908,7.8908,7.8908,7.8908,7.8908,7.8908,7.8908,7.8908,7.8908,7.8908,7.8908,7.8908,7.8908,7.8908,7.8908,7.8908,7.8908,7.8908,7.8908,7.8908,7.8908,7.8908,7.8908,7.8908,7.8908,7.8908,7.8908,7.8908,7.8908,7.8908,7.8908,7.8908,7.8908,7.8908,7.8908,7.8908,7.8908,7.8908,7.8908,7.8908,7.8908,7.8908,7.8908,7.8908,7.8908,7.8908,7.8908,7.8908,7.8908,7.8908,7.8908,7.8908,7.8908,7.8908,7.8908,7.8908,7.8908,7.8908,7.8908,7.8908,7.8908,7.8908,7.8908,7.8908,7.8908,7.8908,7.8908,7.8908,7.8908,7.8908,7.8908,7.8908,7.8908,7.8908,7.8908,7.8908,7.8908,7.8908,7.8908,7.8908,7.8908,7.8908,7.8908,7.8908,7.8908,7.8908,7.8908,7.8908,7.8908,7.8908,7.8908,7.8908,7.8908,7.8908,7.8908,7.8908,7.8908,7.8908,7.8908,7.8908,7.8908,7.8908,7.8908,7.8908,7.8908,7.8908,7.8908,7.8908,7.8908,7.8908,7.8908,7.8908,7.8908,7.8908,7.8908,7.8908,7.8908,7.8908,7.8908,7.8908,7.8908,7.8908,7.8908,7.8908,7.8908,7.8908,7.8908,7.8908,7.8908,7.8908,7.8908,7.8908,7.8908,7.8908,7.8908,7.8908,7.8908,7.8908,7.8908,7.8908,7.8908,7.8908,7.8908,7.8908,7.8908,7.8908,7.8908,7.8908,7.8908,7.8908,7.8908,7.8908,7.8908,7.8908,7.8908,7.8908,7.8908,7.8908,7.8908,7.8908,7.8908,7.8908,7.8908,7.8908,7.8908,7.8908,7.8908,7.8908,7.8908,7.8908,7.8908,7.8908,7.8908,7.8908,7.8908,7.8908,7.8908,7.8908,7.8908,7.8908,7.8908,7.8908,7.8908,7.8908,7.8908,7.8908,7.8908,7.8908,7.8908,7.8908,7.8908,7.8908,7.8908,7.8908,7.8908,7.8908,7.8908,7.8908,7.8908,7.8908,7.8908,7.8908,7.8908,7.8908,7.8908,7.8908,7.8908,7.8908,7.8908,6.2913,6.2765,6.2561,6.2499,6.2436,6.2373,6.2311,6.2248,6.2188,6.2126,6.2064,6.2003,6.1941,6.1877,6.1813,6.1811,6.1822,6.1831,6.1843,6.1852,6.1884,6.1938,6.1993,6.2048,6.2103,6.2159,6.2214,6.2269,6.2325,6.2373,6.2422,6.2471,6.2522,6.2573,6.2624,6.2676,6.2727,6.2779,6.2833,6.2882,6.2934,6.2986,6.3036,6.3088,6.3138,6.3190,6.3242,6.3292,6.3345,6.3398,6.3448,6.3496,6.3546,6.3597,6.3647,6.3696,6.3746,6.4185,6.4812,6.5316,6.5952,7.8908,7.8908,7.8908,7.8908,7.8908,7.8908,7.8908,7.8908,7.8908,7.8908,7.8908,7.8908,7.8908,7.8908,7.8908,7.8908,7.8908,7.8908,7.8908,7.8908,7.8908,7.8908,7.8908,7.8908,7.8908,7.8908,7.8908,7.8908,7.8908,7.8908,7.8908,7.8908,7.8908,7.8908,7.8908,7.8908,7.8908,7.8908,7.8908,7.8908,7.8908,7.8908,7.8908,7.8908,7.8908,7.8908,7.8908,7.8908,7.8908,7.8908,7.8908,7.8908,7.8908,7.8908,7.8908,7.8908,7.8908,7.8908,7.8908,7.8908,7.8908,7.8908,7.8908,7.8908,7.8908,7.8908,7.8908,7.8908,7.8908,7.8908,7.8908,7.8908,7.8908,7.8908,7.8908,7.8908,7.8908,7.8908,7.8908,7.8908,7.8908,7.8908,7.8908,7.8908,7.8908,7.8908,7.8908,7.8908,7.8908,7.8908,7.8908,7.8908,7.8908,7.8908,7.8908,7.8908,7.8908,7.8908,7.8908,7.8908,7.8908,7.8908,7.8908,7.8908,7.8908,7.8908,7.8908,7.8908,7.8908,7.8908,7.8908,7.8908,7.8908,7.8908,7.8908,7.8908,7.8908,7.8908,7.8908,7.8908,7.8908,7.8908,7.8908,7.8908,7.8908,7.8908,7.8908,7.8908,7.8908,7.8908,7.8908,7.8908,7.8908,7.8908,7.8908,7.8908,7.8908,7.8908,7.8908,7.8908,7.8908,7.8908,7.8908,7.8908,7.8908,7.8908,7.8908,7.8908,7.8908,7.8908,7.8908,7.8908,7.8908,7.8908,7.8908,7.8908,7.8908,7.8908,7.8908,7.8908,7.8908,7.8908,7.8908,7.8908,7.8908,7.8908,7.8908,7.8908,7.8908,7.8908,7.8908,7.8908,7.8908,7.8908,7.8908,7.8908,7.8908,7.8908,7.8908,7.8908,7.8908,7.8908,7.8908,7.8908,7.8908,7.8908,7.8908,7.8908,7.8908,7.8908,7.8908,7.8908,7.8908,7.8908,7.8908,7.8908,7.8908,7.8908,7.8908,7.8908,7.8908,7.8908,7.8908,7.8908,7.8908,7.8908,7.8908,7.8908,7.8908,7.8908,7.8908,7.8908,7.8908,7.8908,7.8908,7.8908,7.8908,7.8908,7.8908,7.8908,7.8908,7.8908,7.8908,7.8908,7.8908,7.8908,7.8908,7.8908,7.8908,7.8908,7.8908,7.8908,7.8908,7.8908,7.8908,7.8908,7.8908,7.8908,7.8908,7.8908,7.8908,7.8908,7.8908,7.8908,7.8908,7.8908,7.8908,7.8908,7.8908,7.8908,7.8908,7.8908,7.8908,7.8908,7.8908,7.8908,7.8908,7.8908,7.8908,7.8908,7.8908,7.8908,7.8908,7.8908,7.8908,7.8908,7.8908,7.8908,7.8908,7.8908,7.8908,7.8908,7.8908,7.8908,7.8908,7.8908,7.8908,7.8908,7.8908,7.8908,7.8908,7.8908,7.8908,7.8908,7.8908,7.8908,7.8908,7.8908,7.8908,7.8908,7.8908,7.8908,7.8908,7.8908,7.8908,7.8908,7.8908,7.8908,7.8908,7.8908,7.8908,7.8908,7.8908,7.8908,7.8908,7.8908,7.8908,7.8908,7.8908,7.8908,7.8908,7.8908,7.8908,7.8908,7.8908,7.8908,7.8908,7.8908,7.8908,7.8908,7.8908,7.8908,7.8908,7.8908,7.8908,7.8908,7.8908,7.8908,7.8908,7.8908,7.8908,7.8908,7.8908,7.8908,7.8908,7.8908,7.8908,7.8908,7.8908,7.8908,7.8908,7.8908,7.8908,7.8908,7.8908,7.8908,7.8908,7.8908,7.8908,7.8908,7.8908,7.8908,7.8908,7.8908,7.8908,7.8908,7.8908,7.8908,7.8908,7.8908,7.8908,7.8908,7.8908,7.8908,7.8908,7.8908,7.8908,7.8908,7.8908,7.8908,7.8908,7.8908,7.8908,7.8908,7.8908,7.8908,7.8908,7.8908,7.8908,7.8908,7.8908,7.8908,7.8908,7.8908,7.8908,7.8908,7.8908,7.8908,7.8908,7.8908,7.8908,7.8908,7.8908,7.8908,7.8908,7.8908,7.8908,7.8908,7.8908,7.8908,7.8908,7.8908,7.8908,7.8908,7.8908,7.8908,7.8908,7.8908,7.8908,7.8908,7.8908,7.8908,7.8908,7.8908,7.8908,7.8908,7.8908,7.8908,7.8908,7.8908,7.8908,7.8908,7.8908,7.8908,7.8908,7.8908,7.8908,7.8908,7.8908,7.8908,7.8908,7.8908,7.8908,7.8908,7.8908,7.8908,7.8908,7.8908,7.8908,7.8908,7.8908,7.8908,7.8908,7.8908,7.8908
7.8834,7.8834,7.8834,7.8834,7.8834,7.8834,7.8834,7.8834,7.8834,7.8834,7.8834,7.8834,7.8834,7.8834,7.8834,7.8834,7.8834,7.8834,7.8834,7.8834,7.8834,7.8834,7.8834,7.8834,7.8834,7.8834,7.8834,7.8834,7.8834,7.8834,7.8834,7.8834,7.8834,7.8834,7.8834,7.8834,7.8834,7.8834,7.8834,7.8834,7.8834,7.8834,7.8834,7.8834,7.8834,7.8834,7.8834,7.8834,7.8834,7.8834,7.8834,7.8834,7.8834,7.8834,7.8834,7.8834,7.8834,7.8834,7.8834,7.8834,7.8834,7.8834,7.8834,7.8834,7.8834,7.8834,7.8834,7.8834,7.8834,7.8834,7.8834,7.8834,7.8834,7.8834,7.8834,7.8834,7.8834,7.8834,7.8834,7.8834,7.8834,7.8834,7.8834,7.8834,7.8834,7.8834,7.8834,7.8834,7.8834,7.8834,7.8834,7.8834,7.8834,7.8834,7.8834,7.8834,7.8834,7.8834,7.8834,7.8834,7.8834,7.8834,7.8834,7.8834,7.8834,7.8834,7.8834,7.8834,7.8834,7.8834,7.8834,7.8834,7.8834,7.8834,7.8834,7.8834,7.8834,7.8834,7.8834,7.8834,7.8834,7.8834,7.8834,7.8834,7.8834,7.8834,7.8834,7.8834,7.8834,7.8834,7.8834,7.8834,7.8834,7.8834,7.8834,7.8834,7.8834,7.8834,7.8834,7.8834,7.8834,7.8834,7.8834,7.8834,7.8834,7.8834,7.8834,7.8834,7.8834,7.8834,7.8834,7.8834,7.8834,7.8834,7.8834,7.8834,7.8834,7.8834,7.8834,7.8834,7.8834,7.8834,7.8834,7.8834,7.8834,7.8834,7.8834,7.8834,7.8834,7.8834,7.8834,7.8834,7.8834,7.8834,7.8834,7.8834,7.8834,7.8834,7.8834,7.8834,7.8834,7.8834,7.8834,7.8834,7.8834,7.8834,7.8834,7.8834,7.8834,7.8834,7.8834,7.8834,7.8834,7.8834,7.8834,7.8834,7.8834,7.8834,7.8834,7.8834,7.8834,7.8834,7.8834,7.8834,7.8834,7.8834,7.8834,7.8834,7.8834,7.8834,7.8834,7.8834,7.8834,7.8834,7.8834,7.8834,7.8834,7.8834,7.8834,7.8834,7.8834,7.8834,7.8834,7.8834,7.8834,7.8834,7.8834,7.8834,7.8834,7.8834,7.8834,7.8834,7.8834,7.8834,7.8834,7.8834,7.8834,7.8834,7.8834,7.8834,7.8834,7.8834,7.8834,7.8834,7.8834,7.8834,7.8834,7.8834,7.8834,7.8834,7.8834,7.8834,7.8834,7.8834,7.8834,7.8834,7.8834,7.8834,7.8834,7.8834,7.8834,7.8834,7.8834,7.8834,7.8834,7.8834,7.8834,7.8834,7.8834,7.8834,7.8834,7.8834,7.8834,7.8834,7.8834,7.8834,7.8834,7.8834,7.8834,7.8834,7.8834,7.8834,7.8834,7.8834,7.8834,7.8834,7.8834,7.8834,7.8834,7.8834,7.8834,7.8834,7.8834,7.8834,7.8834,7.8834,7.8834,7.8834,7.8834,7.8834,7.8834,7.8834,7.8834,7.8834,7.8834,7.8834,7.8834,7.8834,7.8834,7.8834,7.8834,7.8834,7.8834,7.8834,7.8834,7.8834,7.8834,7.8834,7.8834,7.8834,7.8834,7.8834,7.8834,7.8834,7.8834,7.8834,7.8834,7.8834,7.8834,7.8834,7.8834,7.8834,7.8834,7.8834,7.8834,7.8834,7.8834,7.8834,7.8834,7.8834,7.8834,7.8834,7.8834,7.8834,7.8834,7.8834,7.8834,7.8834,7.8834,7.8834,7.8834,7.8834,7.8834,7.8834,7.8834,7.8834,7.8834,7.8834,7.8834,7.8834,7.8834,7.8834,7.8834,7.8834,7.8834,7.8834,7.8834,7.8834,7.8834,7.8834,7.8834,7.8834,7.8834,7.8834,7.8834,7.8834,7.8834,7.8834,7.8834,7.8834,7.8834,7.8834,7.8834,7.8834,7.8834,7.8834,7.8834,7.8834,7.8834,7.8834,7.8834,7.8834,7.8834,7.8834,7.8834,7.8834,7.8834,7.8834,7.8834,7.8834,7.8834,7.8834,7.8834,7.8834,7.8834,7.8834,7.8834,7.8834,7.8834,7.8834,7.8834,7.8834,7.8834,7.8834,7.8834,7.8834,7.8834,7.8834,7.8834,7.8834,7.8834,7.8834,7.8834,7.8834,7.8834,7.8834,7.8834,7.8834,7.8834,7.8834,7.8834,7.8834,7.8834,7.8834,7.8834,7.8834,7.8834,7.8834,7.8834,7.8834,7.8834,7.8834,7.8834,7.8834,7.8834,7.8834,7.8834,7.8834,7.8834,7.8834,7.8834,6.2730,6.2667,6.2606,6.2543,6.2480,6.2417,6.2355,6.2292,6.2230,6.2168,6.2106,6.2044,6.1982,6.1920,6.1856,6.1795,6.1731,6.1738,6.1747,6.1756,6.1768,6.1777,6.1788,6.1799,6.1809,6.1845,6.1902,6.1957,6.2012,6.2067,6.2122,6.2177,6.2232,6.2285,6.2334,6.2385,6.2436,6.2487,6.2538,6.2589,6.2641,6.2692,6.2744,6.2795,6.2847,6.2899,6.2948,6.3000,6.3050,6.3102,6.3154,6.3204,6.3257,6.3307,6.3357,6.3409,6.3460,6.3513,6.3563,6.3614,6.3662,6.3713,6.4384,6.4960,6.5545,6.6157,7.8834,7.8834,7.8834,7.8834,7.8834,7.8834,7.8834,7.8834,7.8834,7.8834,7.8834,7.8834,7.8834,7.8834,7.8834,7.8834,7.8834,7.8834,7.8834,7.8834,7.8834,7.8834,7.8834,7.8834,7.8834,7.8834,7.8834,7.8834,7.8834,7.8834,7.8834,7.8834,7.8834,7.8834,7.8834,7.8834,7.8834,7.8834,7.8834,7.8834,7.8834,7.8834,7.8834,7.8834,7.8834,7.8834,7.8834,7.8834,7.8834,7.8834,7.8834,7.8834,7.8834,7.8834,7.8834,7.8834,7.8834,7.8834,7.8834,7.8834,7.8834,7.8834,7.8834,7.8834,7.8834,7.8834,7.8834,7.8834,7.8834,7.8834,7.8834,7.8834,7.8834,7.8834,7.8834,7.8834,7.8834,7.8834,7.8834,7.8834,7.8834,7.8834,7.8834,7.8834,7.8834,7.8834,7.8834,7.8834,7.8834,7.8834,7.8834,7.8834,7.8834,7.8834,7.8834,7.8834,7.8834,7.8834,7.8834,7.8834,7.8834,7.8834,7.8834,7.8834,7.8834,7.8834,7.8834,7.8834,7.8834,7.8834,7.8834,7.8834,7.8834,7.8834,7.8834,7.8834,7.8834,7.8834,7.8834,7.8834,7.8834,7.8834,7.8834,7.8834,7.8834,7.8834,7.8834,7.8834,7.8834,7.8834,7.8834,7.8834,7.8834,7.8834,7.8834,7.8834,7.8834,7.8834,7.8834,7.8834,7.8834,7.8834,7.8834,7.8834,7.8834,7.8834,7.8834,7.8834,7.8834,7.8834,7.8834,7.8834,7.8834,7.8834,7.8834,7.8834,7.8834,7.8834,7.8834,7.8834,7.8834,7.8834,7.8834,7.8834,7.8834,7.8834,7.8834,7.8834,7.8834,7.8834,7.8834,7.8834,7.8834,7.8834,7.8834,7.8834,7.8834,7.8834,7.8834,7.8834,7.8834,7.8834,7.8834,7.8834,7.8834,7.8834,7.8834,7.8834,7.8834,7.8834,7.8834,7.8834,7.8834,7.8834,7.8834,7.8834,7.8834,7.8834,7.8834,7.8834,7.8834,7.8834,7.8834,7.8834,7.8834,7.8834,7.8834,7.8834,7.8834,7.8834,7.8834,7.8834,7.8834,7.8834,7.8834,7.8834,7.8834,7.8834,7.8834,7.8834,7.8834,7.8834,7.8834,7.8834,7.8834,7.8834,7.8834,7.8834,7.8834,7.8834,7.8834,7.8834,7.8834,7.8834,7.8834,7.8834,7.8834,7.8834,7.8834,7.8834,7.8834,7.8834,7.8834,7.8834,7.8834,7.8834,7.8834,7.8834,7.8834,7.8834,7.8834,7.8834,7.8834,7.8834,7.8834,7.8834,7.8834,7.8834,7.8834,7.8834,7.8834,7.8834,7.8834,7.8834,7.8834,7.8834,7.8834,7.8834,7.8834,7.8834,7.8834,7.8834,7.8834,7.8834,7.8834,7.8834,7.8834,7.8834,7.8834,7.8834,7.8834,7.8834,7.8834,7.8834,7.8834,7.8834,7.8834,7.8834,7.8834,7.8834,7.8834,7.8834,7.8834,7.8834,7.8834,7.8834,7.8834,7.8834,7.8834,7.8834,7.8834,7.8834,7.8834,7.8834,7.8834,7.8834,7.8834,7.8834,7.8834,7.8834,7.8834,7.8834,7.8834,7.8834,7.8834,7.8834,7.8834,7.8834,7.8834,7.8834,7.8834,7.8834,7.8834,7.8834,7.8834,7.8834,7.8834,7.8834,7.8834,7.8834,7.8834,7.8834,7.8834,7.8834,7.8834,7.8834,7.8834,7.8834,7.8834,7.8834,7.8834,7.8834,7.8834,7.8834,7.8834,7.8834,7.8834,7.8834,7.8834,7.8834,7.8834,7.8834,7.8834,7.8834,7.8834,7.8834,7.8834,7.8834,7.8834,7.8834,7.8834,7.8834,7.8834,7.8834,7.8834,7.8834,7.8834,7.8834,7.8834,7.8834,7.8834,7.8834,7.8834,7.8834,7.8834,7.8834,7.8834,7.8834,7.8834,7.8834,7.8834,7.8834,7.8834,7.8834,7.8834,7.8834,7.8834,7.8834,7.8834,7.8834,7.8834,7.8834,7.8834,7.8834,7.8834,7.8834,7.8834,7.8834,7.8834,7.8834,7.8834,7.8834,7.8834,7.8834,7.8834,7.8834,7.8834,7.8834,7.8834,7.8834,7.8834,7.8834,7.8834,7.8834,7.8834,7.8834,7.8834,7.8834,7.8834,7.8834,7.8834,7.8834,7.8834,7.8834,7.8834,7.8834,7.8834,7.8834,7.8834,7.8834,7.8834,7.8834,7.8834,7.8834,7.8834,7.8834,7.8834,7.8834,7.8834,7.8834,7.8834,7.8834,7.8834
7.8771,7.8771,7.8771,7.8771,7.8771,7.8771,7.8771,7.8771,7.8771,7.8771,7.8771,7.8771,7.8771,7.8771,7.8771,7.8771,7.8771,7.8771,7.8771,7.8771,7.8771,7.8771,7.8771,7.8771,7.8771,7.8771,7.8771,7.8771,7.8771,7.8771,7.8771,7.8771,7.8771,7.8771,7.8771,7.8771,7.8771,7.8771,7.8771,7.8771,7.8771,7.8771,7.8771,7.8771,7.8771,7.8771,7.8771,7.8771,7.8771,7.8771,7.8771,7.8771,7.8771,7.8771,7.8771,7.8771,7.8771,7.8771,7.8771,7.8771,7.8771,7.8771,7.8771,7.8771,7.8771,7.8771,7.8771,7.8771,7.8771,7.8771,7.8771,7.8771,7.8771,7.8771,7.8771,7.8771,7.8771,7.8771,7.8771,7.8771,7.8771,7.8771,7.8771,7.8771,7.8771,7.8771,7.8771,7.8771,7.8771,7.8771,7.8771,7.8771,7.8771,7.8771,7.8771,7.8771,7.8771,7.8771,7.8771,7.8771,7.8771,7.8771,7.8771,7.8771,7.8771,7.8771,7.8771,7.8771,7.8771,7.8771,7.8771,7.8771,7.8771,7.8771,7.8771,7.8771,7.8771,7.8771,7.8771,7.8771,7.8771,7.8771,7.8771,7.8771,7.8771,7.8771,7.8771,7.8771,7.8771,7.8771,7.8771,7.8771,7.8771,7.8771,7.8771,7.8771,7.8771,7.8771,7.8771,7.8771,7.8771,7.8771,7.8771,7.8771,7.8771,7.8771,7.8771,7.8771,7.8771,7.8771,7.8771,7.8771,7.8771,7.8771,7.8771,7.8771,7.8771,7.8771,7.8771,7.8771,7.8771,7.8771,7.8771,7.8771,7.8771,7.8771,7.8771,7.8771,7.8771,7.8771,7.8771,7.8771,7.8771,7.8771,7.8771,7.8771,7.8771,7.8771,7.8771,7.8771,7.8771,7.8771,7.8771,7.8771,7.8771,7.8771,7.8771,7.8771,7.8771,7.8771,7.8771,7.8771,7.8771,7.8771,7.8771,7.8771,7.8771,7.8771,7.8771,7.8771,7.8771,7.8771,7.8771,7.8771,7.8771,7.8771,7.8771,7.8771,7.8771,7.8771,7.8771,7.8771,7.8771,7.8771,7.8771,7.8771,7.8771,7.8771,7.8771,7.8771,7.8771,7.8771,7.8771,7.8771,7.8771,7.8771,7.8771,7.8771,7.8771,7.8771,7.8771,7.8771,7.8771,7.8771,7.8771,7.8771,7.8771,7.8771,7.8771,7.8771,7.8771,7.8771,7.8771,7.8771,7.8771,7.8771,7.8771,7.8771,7.8771,7.8771,7.8771,7.8771,7.8771,7.8771,7.8771,7.8771,7.8771,7.8771,7.8771,7.8771,7.8771,7.8771,7.8771,7.8771,7.8771,7.8771,7.8771,7.8771,7.8771,7.8771,7.8771,7.8771,7.8771,7.8771,7.8771,7.8771,7.8771,7.8771,7.8771,7.8771,7.8771,7.8771,7.8771,7.8771,7.8771,7.8771,7.8771,7.8771,7.8771,7.8771,7.8771,7.8771,7.8771,7.8771,7.8771,7.8771,7.8771,7.8771,7.8771,7.8771,7.8771,7.8771,7.8771,7.8771,7.8771,7.8771,7.8771,7.8771,7.8771,7.8771,7.8771,7.8771,7.8771,7.8771,7.8771,7.8771,7.8771,7.8771,7.8771,7.8771,7.8771,7.8771,7.8771,7.8771,7.8771,7.8771,7.8771,7.8771,7.8771,7.8771,7.8771,7.8771,7.8771,7.8771,7.8771,7.8771,7.8771,7.8771,7.8771,7.8771,7.8771,7.8771,7.8771,7.8771,7.8771,7.8771,7.8771,7.8771,7.8771,7.8771,7.8771,7.8771,7.8771,7.8771,7.8771,7.8771,7.8771,7.8771,7.8771,7.8771,7.8771,7.8771,7.8771,7.8771,7.8771,7.8771,7.8771,7.8771,7.8771,7.8771,7.8771,7.8771,7.8771,7.8771,7.8771,7.8771,7.8771,7.8771,7.8771,7.8771,7.8771,7.8771,7.8771,7.8771,7.8771,7.8771,7.8771,7.8771,7.8771,7.8771,7.8771,7.8771,7.8771,7.8771,7.8771,7.8771,7.8771,7.8771,7.8771,7.8771,7.8771,7.8771,7.8771,7.8771,7.8771,7.8771,7.8771,7.8771,7.8771,7.8771,7.8771,7.8771,7.8771,7.8771,7.8771,7.8771,7.8771,7.8771,7.8771,7.8771,7.8771,7.8771,7.8771,7.8771,7.8771,7.8771,7.8771,7.8771,7.8771,7.8771,7.8771,7.8771,7.8771,7.8771,7.8771,7.8771,7.8771,7.8771,7.8771,7.8771,7.8771,7.8771,7.8771,7.8771,7.8771,7.8771,7.8771,7.8771,7.8771,7.8771,6.2650,6.2585,6.2522,6.2459,6.2396,6.2336,6.2274,6.2212,6.2149,6.2087,6.2025,6.1964,6.1902,6.1838,6.1774,6.1711,6.1652,6.1661,6.1672,6.1681,6.1693,6.1706,6.1713,6.1725,6.1734,6.1745,6.1754,6.1765,6.1809,6.1863,6.1918,6.1975,6.2030,6.2085,6.2140,6.2195,6.2246,6.2297,6.2348,6.2399,6.2452,6.2503,6.2554,6.2606,6.2657,6.2709,6.2760,6.2812,6.2861,6.2913,6.2963,6.3015,6.3064,6.3116,6.3166,6.3219,6.3269,6.3323,6.3371,6.3424,6.3474,6.3527,6.3578,6.3628,6.3909,6.4587,6.5113,6.5774,6.6358,7.8771,7.8771,7.8771,7.8771,7.8771,7.8771,7.8771,7.8771,7.8771,7.8771,7.8771,7.8771,7.8771,7.8771,7.8771,7.8771,7.8771,7.8771,7.8771,7.8771,7.8771,7.8771,7.8771,7.8771,7.8771,7.8771,7.8771,7.8771,7.8771,7.8771,7.8771,7.8771,7.8771,7.8771,7.8771,7.8771,7.8771,7.8771,7.8771,7.8771,7.8771,7.8771,7.8771,7.8771,7.8771,7.8771,7.8771,7.8771,7.8771,7.8771,7.8771,7.8771,7.8771,7.8771,7.8771,7.8771,7.8771,7.8771,7.8771,7.8771,7.8771,7.8771,7.8771,7.8771,7.8771,7.8771,7.8771,7.8771,7.8771,7.8771,7.8771,7.8771,7.8771,7.8771,7.8771,7.8771,7.8771,7.8771,7.8771,7.8771,7.8771,7.8771,7.8771,7.8771,7.8771,7.8771,7.8771,7.8771,7.8771,7.8771,7.8771,7.8771,7.8771,7.8771,7.8771,7.8771,7.8771,7.8771,7.8771,7.8771,7.8771,7.8771,7.8771,7.8771,7.8771,7.8771,7.8771,7.8771,7.8771,7.8771,7.8771,7.8771,7.8771,7.8771,7.8771,7.8771,7.8771,7.8771,7.8771,7.8771,7.8771,7.8771,7.8771,7.8771,7.8771,7.8771,7.8771,7.8771,7.8771,7.8771,7.8771,7.8771,7.8771,7.8771,7.8771,7.8771,7.8771,7.8771,7.8771,7.8771,7.8771,7.8771,7.8771,7.8771,7.8771,7.8771,7.8771,7.8771,7.8771,7.8771,7.8771,7.8771,7.8771,7.8771,7.8771,7.8771,7.8771,7.8771,7.8771,7.8771,7.8771,7.8771,7.8771,7.8771,7.8771,7.8771,7.8771,7.8771,7.8771,7.8771,7.8771,7.8771,7.8771,7.8771,7.8771,7.8771,7.8771,7.8771,7.8771,7.8771,7.8771,7.8771,7.8771,7.8771,7.8771,7.8771,7.8771,7.8771,7.8771,7.8771,7.8771,7.8771,7.8771,7.8771,7.8771,7.8771,7.8771,7.8771,7.8771,7.8771,7.8771,7.8771,7.8771,7.8771,7.8771,7.8771,7.8771,7.8771,7.8771,7.8771,7.8771,7.8771,7.8771,7.8771,7.8771,7.8771,7.8771,7.8771,7.8771,7.8771,7.8771,7.8771,7.8771,7.8771,7.8771,7.8771,7.8771,7.8771,7.8771,7.8771,7.8771,7.8771,7.8771,7.8771,7.8771,7.8771,7.8771,7.8771,7.8771,7.8771,7.8771,7.8771,7.8771,7.8771,7.8771,7.8771,7.8771,7.8771,7.8771,7.8771,7.8771,7.8771,7.8771,7.8771,7.8771,7.8771,7.8771,7.8771,7.8771,7.8771,7.8771,7.8771,7.8771,7.8771,7.8771,7.8771,7.8771,7.8771,7.8771,7.8771,7.8771,7.8771,7.8771,7.8771,7.8771,7.8771,7.8771,7.8771,7.8771,7.8771,7.8771,7.8771,7.8771,7.8771,7.8771,7.8771,7.8771,7.8771,7.8771,7.8771,7.8771,7.8771,7.8771,7.8771,7.8771,7.8771,7.8771,7.8771,7.8771,7.8771,7.8771,7.8771,7.8771,7.8771,7.8771,7.8771,7.8771,7.8771,7.8771,7.8771,7.8771,7.8771,7.8771,7.8771,7.8771,7.8771,7.8771,7.8771,7.8771,7.8771,7.8771,7.8771,7.8771,7.8771,7.8771,7.8771,7.8771,7.8771,7.8771,7.8771,7.8771,7.8771,7.8771,7.8771,7.8771,7.8771,7.8771,7.8771,7.8771,7.8771,7.8771,7.8771,7.8771,7.8771,7.8771,7.8771,7.8771,7.8771,7.8771,7.8771,7.8771,7.8771,7.8771,7.8771,7.8771,7.8771,7.8771,7.8771,7.8771,7.8771,7.8771,7.8771,7.8771,7.8771,7.8771,7.8771,7.8771,7.8771,7.8771,7.8771,7.8771,7.8771,7.8771,7.8771,7.8771,7.8771,7.8771,7.8771,7.8771,7.8771,7.8771,7.8771,7.8771,7.8771,7.8771,7.8771,7.8771,7.8771,7.8771,7.8771,7.8771,7.8771,7.8771,7.8771,7.8771,7.8771,7.8771,7.8771,7.8771,7.8771,7.8771,7.8771,7.8771,7.8771,7.8771,7.8771,7.8771,7.8771,7.8771,7.8771,7.8771,7.8771,7.8771,7.8771,7.8771,7.8771,7.8771,7.8771,7.8771,7.8771,7.8771,7.8771,7.8771,7.8771,7.8771,7.8771,7.8771,7.8771,7.8771,7.8771,7.8771,7.8771,7.8771,7.8771,7.8771,7.8771,7.8771,7.8771,7.8771,7.8771,7.8771
7.8694,7.8694,7.8694,7.8694,7.8694,7.8694,7.8694,7.8694,7.8694,7.8694,7.8694,7.8694,7.8694,7.8694,7.8694,7.8694,7.8694,7.8694,7.8694,7.8694,7.8694,7.8694,7.8694,7.8694,7.8694,7.8694,7.8694,7.8694,7.8694,7.8694,7.8694,7.8694,7.8694,7.8694,7.8694,7.8694,7.8694,7.8694,7.8694,7.8694,7.8694,7.8694,7.8694,7.8694,7.8694,7.8694,7.8694,7.8694,7.8694,7.8694,7.8694,7.8694,7.8694,7.8694,7.8694,7.8694,7.8694,7.8694,7.8694,7.8694,7.8694,7.8694,7.8694,7.8694,7.8694,7.8694,7.8694,7.8694,7.8694,7.8694,7.8694,7.8694,7.8694,7.8694,7.8694,7.8694,7.8694,7.8694,7.8694,7.8694,7.8694,7.8694,7.8694,7.8694,7.8694,7.8694,7.8694,7.8694,7.8694,7.8694,7.8694,7.8694,7.8694,7.8694,7.8694,7.8694,7.8694,7.8694,7.8694,7.8694,7.8694,7.8694,7.8694,7.8694,7.8694,7.8694,7.8694,7.8694,7.8694,7.8694,7.8694,7.8694,7.8694,7.8694,7.8694,7.8694,7.8694,7.8694,7.8694,7.8694,7.8694,7.8694,7.8694,7.8694,7.8694,7.8694,7.8694,7.8694,7.8694,7.8694,7.8694,7.8694,7.8694,7.8694,7.8694,7.8694,7.8694,7.8694,7.8694,7.8694,7.8694,7.8694,7.8694,7.8694,7.8694,7.8694,7.8694,7.8694,7.8694,7.8694,7.8694,7.8694,7.8694,7.8694,7.8694,7.8694,7.8694,7.8694,7.8694,7.8694,7.8694,7.8694,7.8694,7.8694,7.8694,7.8694,7.8694,7.8694,7.8694,7.8694,7.8694,7.8694,7.8694,7.8694,7.8694,7.8694,7.8694,7.8694,7.8694,7.8694,7.8694,7.8694,7.8694,7.8694,7.8694,7.8694,7.8694,7.8694,7.8694,7.8694,7.8694,7.8694,7.8694,7.8694,7.8694,7.8694,7.8694,7.8694,7.8694,7.8694,7.8694,7.8694,7.8694,7.8694,7.8694,7.8694,7.8694,7.8694,7.8694,7.8694,7.8694,7.8694,7.8694,7.8694,7.8694,7.8694,7.8694,7.8694,7.8694,7.8694,7.8694,7.8694,7.8694,7.8694,7.8694,7.8694,7.8694,7.8694,7.8694,7.8694,7.8694,7.8694,7.8694,7.8694,7.8694,7.8694,7.8694,7.8694,7.8694,7.8694,7.8694,7.8694,7.8694,7.8694,7.8694,7.8694,7.8694,7.8694,7.8694,7.8694,7.8694,7.8694,7.8694,7.8694,7.8694,7.8694,7.8694,7.8694,7.8694,7.8694,7.8694,7.8694,7.8694,7.8694,7.8694,7.8694,7.8694,7.8694,7.8694,7.8694,7.8694,7.8694,7.8694,7.8694,7.8694,7.8694,7.8694,7.8694,7.8694,7.8694,7.8694,7.8694,7.8694,7.8694,7.8694,7.8694,7.8694,7.8694,7.8694,7.8694,7.8694,7.8694,7.8694,7.8694,7.8694,7.8694,7.8694,7.8694,7.8694,7.8694,7.8694,7.8694,7.8694,7.8694,7.8694,7.8694,7.8694,7.8694,7.8694,7.8694,7.8694,7.8694,7.8694,7.8694,7.8694,7.8694,7.8694,7.8694,7.8694,7.8694,7.8694,7.8694,7.8694,7.8694,7.8694,7.8694,7.8694,7.8694,7.8694,7.8694,7.8694,7.8694,7.8694,7.8694,7.8694,7.8694,7.8694,7.8694,7.8694,7.8694,7.8694,7.8694,7.8694,7.8694,7.8694,7.8694,7.8694,7.8694,7.8694,7.8694,7.8694,7.8694,7.8694,7.8694,7.8694,7.8694,7.8694,7.8694,7.8694,7.8694,7.8694,7.8694,7.8694,7.8694,7.8694,7.8694,7.8694,7.8694,7.8694,7.8694,7.8694,7.8694,7.8694,7.8694,7.8694,7.8694,7.8694,7.8694,7.8694,7.8694,7.8694,7.8694,7.8694,7.8694,7.8694,7.8694,7.8694,7.8694,7.8694,7.8694,7.8694,7.8694,7.8694,7.8694,7.8694,7.8694,7.8694,7.8694,7.8694,7.8694,7.8694,7.8694,7.8694,7.8694,7.8694,7.8694,7.8694,7.8694,7.8694,7.8694,7.8694,7.8694,7.8694,7.8694,7.8694,7.8694,7.8694,7.8694,7.8694,7.8694,7.8694,7.8694,7.8694,7.8694,7.8694,7.8694,7.8694,7.8694,7.8694,7.8694,7.8694,7.8694,7.8694,7.8694,7.8694,7.8694,7.8694,7.8694,7.8694,7.8694,7.8694,7.8694,7.8694,7.8694,7.8694,7.8694,7.8694,7.8694,7.8694,6.2568,6.2506,6.2441,6.2378,6.2315,6.2253,6.2191,6.2131,6.2069,6.2007,6.1945,6.1881,6.1818,6.1754,6.1693,6.1629,6.1575,6.1586,6.1598,6.1607,6.1618,6.1629,6.1638,6.1650,6.1663,6.1670,6.1681,6.1690,6.1704,6.1711,6.1725,6.1772,6.1827,6.1881,6.1936,6.1991,6.2048,6.2103,6.2156,6.2209,6.2262,6.2313,6.2364,6.2415,6.2466,6.2517,6.2571,6.2622,6.2674,6.2725,6.2774,6.2826,6.2875,6.2927,6.2977,6.3029,6.3078,6.3131,6.3180,6.3233,6.3283,6.3335,6.3386,6.3438,6.3515,6.3594,6.3713,6.4104,6.4772,6.5326,6.5978,6.6558,7.8694,7.8694,7.8694,7.8694,7.8694,7.8694,7.8694,7.8694,7.8694,7.8694,7.8694,7.8694,7.8694,7.8694,7.8694,7.8694,7.8694,7.8694,7.8694,7.8694,7.8694,7.8694,7.8694,7.8694,7.8694,7.8694,7.8694,7.8694,7.8694,7.8694,7.8694,7.8694,7.8694,7.8694,7.8694,7.8694,7.8694,7.8694,7.8694,7.8694,7.8694,7.8694,7.8694,7.8694,7.8694,7.8694,7.8694,7.8694,7.8694,7.8694,7.8694,7.8694,7.8694,7.8694,7.8694,7.8694,7.8694,7.8694,7.8694,7.8694,7.8694,7.8694,7.8694,7.8694,7.8694,7.8694,7.8694,7.8694,7.8694,7.8694,7.8694,7.8694,7.8694,7.8694,7.8694,7.8694,7.8694,7.8694,7.8694,7.8694,7.8694,7.8694,7.8694,7.8694,7.8694,7.8694,7.8694,7.8694,7.8694,7.8694,7.8694,7.8694,7.8694,7.8694,7.8694,7.8694,7.8694,7.8694,7.8694,7.8694,7.8694,7.8694,7.8694,7.8694,7.8694,7.8694,7.8694,7.8694,7.8694,7.8694,7.8694,7.8694,7.8694,7.8694,7.8694,7.8694,7.8694,7.8694,7.8694,7.8694,7.8694,7.8694,7.8694,7.8694,7.8694,7.8694,7.8694,7.8694,7.8694,7.8694,7.8694,7.8694,7.8694,7.8694,7.8694,7.8694,7.8694,7.8694,7.8694,7.8694,7.8694,7.8694,7.8694,7.8694,7.8694,7.8694,7.8694,7.8694,7.8694,7.8694,7.8694,7.8694,7.8694,7.8694,7.8694,7.8694,7.8694,7.8694,7.8694,7.8694,7.8694,7.8694,7.8694,7.8694,7.8694,7.8694,7.8694,7.8694,7.8694,7.8694,7.8694,7.8694,7.8694,7.8694,7.8694,7.8694,7.8694,7.8694,7.8694,7.8694,7.8694,7.8694,7.8694,7.8694,7.8694,7.8694,7.8694,7.8694,7.8694,7.8694,7.8694,7.8694,7.8694,7.8694,7.8694,7.8694,7.8694,7.8694,7.8694,7.8694,7.8694,7.8694,7.8694,7.8694,7.8694,7.8694,7.8694,7.8694,7.8694,7.8694,7.8694,7.8694,7.8694,7.8694,7.8694,7.8694,7.8694,7.8694,7.8694,7.8694,7.8694,7.8694,7.8694,7.8694,7.8694,7.8694,7.8694,7.8694,7.8694,7.8694,7.8694,7.8694,7.8694,7.8694,7.8694,7.8694,7.8694,7.8694,7.8694,7.8694,7.8694,7.8694,7.8694,7.8694,7.8694,7.8694,7.8694,7.8694,7.8694,7.8694,7.8694,7.8694,7.8694,7.8694,7.8694,7.8694,7.8694,7.8694,7.8694,7.8694,7.8694,7.8694,7.8694,7.8694,7.8694,7.8694,7.8694,7.8694,7.8694,7.8694,7.8694,7.8694,7.8694,7.8694,7.8694,7.8694,7.8694,7.8694,7.8694,7.8694,7.8694,7.8694,7.8694,7.8694,7.8694,7.8694,7.8694,7.8694,7.8694,7.8694,7.8694,7.8694,7.8694,7.8694,7.8694,7.8694,7.8694,7.8694,7.8694,7.8694,7.8694,7.8694,7.8694,7.8694,7.8694,7.8694,7.8694,7.8694,7.8694,7.8694,7.8694,7.8694,7.8694,7.8694,7.8694,7.8694,7.8694,7.8694,7.8694,7.8694,7.8694,7.8694,7.8694,7.8694,7.8694,7.8694,7.8694,7.8694,7.8694,7.8694,7.8694,7.8694,7.8694,7.8694,7.8694,7.8694,7.8694,7.8694,7.8694,7.8694,7.8694,7.8694,7.8694,7.8694,7.8694,7.8694,7.8694,7.8694,7.8694,7.8694,7.8694,7.8694,7.8694,7.8694,7.8694,7.8694,7.8694,7.8694,7.8694,7.8694,7.8694,7.8694,7.8694,7.8694,7.8694,7.8694,7.8694,7.8694,7.8694,7.8694,7.8694,7.8694,7.8694,7.8694,7.8694,7.8694,7.8694,7.8694,7.8694,7.8694,7.8694,7.8694,7.8694,7.8694,7.8694,7.8694,7.8694,7.8694,7.8694,7.8694,7.8694,7.8694,7.8694,7.8694,7.8694,7.8694,7.8694,7.8694,7.8694,7.8694,7.8694,7.8694,7.8694,7.8694,7.8694,7.8694,7.8694,7.8694,7.8694,7.8694,7.8694,7.8694,7.8694,7.8694,7.8694,7.8694,7.8694,7.8694,7.8694,7.8694,7.8694,7.8694,7.8694,7.8694,7.8694,7.8694,7.8694,7.8694,7.8694,7.8694,7.8694,7.8694,7.8694,7.8694,7.8694,7.8694,7.8694,7.8694,7.8694
7.8631,7.8631,7.8631,7.8631,7.8631,7.8631,7.8631,7.8631,7.8631,7.8631,7.8631,7.8631,7.8631,7.8631,7.8631,7.8631,7.8631,7.8631,7.8631,7.8631,7.8631,7.8631,7.8631,7.8631,7.8631,7.8631,7.8631,7.8631,7.8631,7.8631,7.8631,7.8631,7.8631,7.8631,7.8631,7.8631,7.8631,7.8631,7.8631,7.8631,7.8631,7.8631,7.8631,7.8631,7.8631,7.8631,7.8631,7.8631,7.8631,7.8631,7.8631,7.8631,7.8631,7.8631,7.8631,7.8631,7.8631,7.8631,7.8631,7.8631,7.8631,7.8631,7.8631,7.8631,7.8631,7.8631,7.8631,7.8631,7.8631,7.8631,7.8631,7.8631,7.8631,7.8631,7.8631,7.8631,7.8631,7.8631,7.8631,7.8631,7.8631,7.8631,7.8631,7.8631,7.8631,7.8631,7.8631,7.8631,7.8631,7.8631,7.8631,7.8631,7.8631,7.8631,7.8631,7.8631,7.8631,7.8631,7.8631,7.8631,7.8631,7.8631,7.8631,7.8631,7.8631,7.8631,7.8631,7.8631,7.8631,7.8631,7.8631,7.8631,7.8631,7.8631,7.8631,7.8631,7.8631,7.8631,7.8631,7.8631,7.8631,7.8631,7.8631,7.8631,7.8631,7.8631,7.8631,7.8631,7.8631,7.8631,7.8631,7.8631,7.8631,7.8631,7.8631,7.8631,7.8631,7.8631,7.8631,7.8631,7.8631,7.8631,7.8631,7.8631,7.8631,7.8631,7.8631,7.8631,7.8631,7.8631,7.8631,7.8631,7.8631,7.8631,7.8631,7.8631,7.8631,7.8631,7.8631,7.8631,7.8631,7.8631,7.8631,7.8631,7.8631,7.8631,7.8631,7.8631,7.8631,7.8631,7.8631,7.8631,7.8631,7.8631,7.8631,7.8631,7.8631,7.8631,7.8631,7.8631,7.8631,7.8631,7.8631,7.8631,7.8631,7.8631,7.8631,7.8631,7.8631,7.8631,7.8631,7.8631,7.8631,7.8631,7.8631,7.8631,7.8631,7.8631,7.8631,7.8631,7.8631,7.8631,7.8631,7.8631,7.8631,7.8631,7.8631,7.8631,7.8631,7.8631,7.8631,7.8631,7.8631,7.8631,7.8631,7.8631,7.8631,7.8631,7.8631,7.8631,7.8631,7.8631,7.8631,7.8631,7.8631,7.8631,7.8631,7.8631,7.8631,7.8631,7.8631,7.8631,7.8631,7.8631,7.8631,7.8631,7.8631,7.8631,7.8631,7.8631,7.8631,7.8631,7.8631,7.8631,7.8631,7.8631,7.8631,7.8631,7.8631,7.8631,7.8631,7.8631,7.8631,7.8631,7.8631,7.8631,7.8631,7.8631,7.8631,7.8631,7.8631,7.8631,7.8631,7.8631,7.8631,7.8631,7.8631,7.8631,7.8631,7.8631,7.8631,7.8631,7.8631,7.8631,7.8631,7.8631,7.8631,7.8631,7.8631,7.8631,7.8631,7.8631,7.8631,7.8631,7.8631,7.8631,7.8631,7.8631,7.8631,7.8631,7.8631,7.8631,7.8631,7.8631,7.8631,7.8631,7.8631,7.8631,7.8631,7.8631,7.8631,7.8631,7.8631,7.8631,7.8631,7.8631,7.8631,7.8631,7.8631,7.8631,7.8631,7.8631,7.8631,7.8631,7.8631,7.8631,7.8631,7.8631,7.8631,7.8631,7.8631,7.8631,7.8631,7.8631,7.8631,7.8631,7.8631,7.8631,7.8631,7.8631,7.8631,7.8631,7.8631,7.8631,7.8631,7.8631,7.8631,7.8631,7.8631,7.8631,7.8631,7.8631,7.8631,7.8631,7.8631,7.8631,7.8631,7.8631,7.8631,7.8631,7.8631,7.8631,7.8631,7.8631,7.8631,7.8631,7.8631,7.8631,7.8631,7.8631,7.8631,7.8631,7.8631,7.8631,7.8631,7.8631,7.8631,7.8631,7.8631,7.8631,7.8631,7.8631,7.8631,7.8631,7.8631,7.8631,7.8631,7.8631,7.8631,7.8631,7.8631,7.8631,7.8631,7.8631,7.8631,7.8631,7.8631,7.8631,7.8631,7.8631,7.8631,7.8631,7.8631,7.8631,7.8631,7.8631,7.8631,7.8631,7.8631,7.8631,7.8631,7.8631,7.8631,7.8631,7.8631,7.8631,7.8631,7.8631,7.8631,7.8631,7.8631,7.8631,7.8631,7.8631,7.8631,7.8631,7.8631,7.8631,7.8631,7.8631,7.8631,7.8631,7.8631,7.8631,7.8631,7.8631,7.8631,7.8631,7.8631,7.8631,7.8631,7.8631,7.8631,7.8631,7.8631,7.8631,7.8631,7.8631,7.8631,7.8631,7.8631,7.8631,7.8631,7.8631,7.8631,7.8631,7.8631,7.8631,6.2487,6.2424,6.2362,6.2297,6.2235,6.2172,6.2110,6.2048,6.1987,6.1925,6.1861,6.1799,6.1736,6.1672,6.1609,6.1548,6.1501,6.1512,6.1523,6.1532,6.1544,6.1555,6.1564,6.1575,6.1586,6.1595,6.1607,6.1616,6.1627,6.1636,6.1647,6.1659,6.1668,6.1679,6.1734,6.1788,6.1845,6.1900,6.1954,6.2009,6.2062,6.2115,6.2168,6.2221,6.2274,6.2327,6.2380,6.2431,6.2482,6.2534,6.2585,6.2638,6.2688,6.2739,6.2788,6.2840,6.2889,6.2941,6.2991,6.3043,6.3093,6.3159,6.3235,6.3314,6.3390,6.3467,6.3544,6.3626,6.3785,6.3943,6.4300,6.4919,6.5555,6.6173,7.8631,7.8631,7.8631,7.8631,7.8631,7.8631,7.8631,7.8631,7.8631,7.8631,7.8631,7.8631,7.8631,7.8631,7.8631,7.8631,7.8631,7.8631,7.8631,7.8631,7.8631,7.8631,7.8631,7.8631,7.8631,7.8631,7.8631,7.8631,7.8631,7.8631,7.8631,7.8631,7.8631,7.8631,7.8631,7.8631,7.8631,7.8631,7.8631,7.8631,7.8631,7.8631,7.8631,7.8631,7.8631,7.8631,7.8631,7.8631,7.8631,7.8631,7.8631,7.8631,7.8631,7.8631,7.8631,7.8631,7.8631,7.8631,7.8631,7.8631,7.8631,7.8631,7.8631,7.8631,7.8631,7.8631,7.8631,7.8631,7.8631,7.8631,7.8631,7.8631,7.8631,7.8631,7.8631,7.8631,7.8631,7.8631,7.8631,7.8631,7.8631,7.8631,7.8631,7.8631,7.8631,7.8631,7.8631,7.8631,7.8631,7.8631,7.8631,7.8631,7.8631,7.8631,7.8631,7.8631,7.8631,7.8631,7.8631,7.8631,7.8631,7.8631,7.8631,7.8631,7.8631,7.8631,7.8631,7.8631,7.8631,7.8631,7.8631,7.8631,7.8631,7.8631,7.8631,7.8631,7.8631,7.8631,7.8631,7.8631,7.8631,7.8631,7.8631,7.8631,7.8631,7.8631,7.8631,7.8631,7.8631,7.8631,7.8631,7.8631,7.8631,7.8631,7.8631,7.8631,7.8631,7.8631,7.8631,7.8631,7.8631,7.8631,7.8631,7.8631,7.8631,7.8631,7.8631,7.8631,7.8631,7.8631,7.8631,7.8631,7.8631,7.8631,7.8631,7.8631,7.8631,7.8631,7.8631,7.8631,7.8631,7.8631,7.8631,7.8631,7.8631,7.8631,7.8631,7.8631,7.8631,7.8631,7.8631,7.8631,7.8631,7.8631,7.8631,7.8631,7.8631,7.8631,7.8631,7.8631,7.8631,7.8631,7.8631,7.8631,7.8631,7.8631,7.8631,7.8631,7.8631,7.8631,7.8631,7.8631,7.8631,7.8631,7.8631,7.8631,7.8631,7.8631,7.8631,7.8631,7.8631,7.8631,7.8631,7.8631,7.8631,7.8631,7.8631,7.8631,7.8631,7.8631,7.8631,7.8631,7.8631,7.8631,7.8631,7.8631,7.8631,7.8631,7.8631,7.8631,7.8631,7.8631,7.8631,7.8631,7.8631,7.8631,7.8631,7.8631,7.8631,7.8631,7.8631,7.8631,7.8631,7.8631,7.8631,7.8631,7.8631,7.8631,7.8631,7.8631,7.8631,7.8631,7.8631,7.8631,7.8631,7.8631,7.8631,7.8631,7.8631,7.8631,7.8631,7.8631,7.8631,7.8631,7.8631,7.8631,7.8631,7.8631,7.8631,7.8631,7.8631,7.8631,7.8631,7.8631,7.8631,7.8631,7.8631,7.8631,7.8631,7.8631,7.8631,7.8631,7.8631,7.8631,7.8631,7.8631,7.8631,7.8631,7.8631,7.8631,7.8631,7.8631,7.8631,7.8631,7.8631,7.8631,7.8631,7.8631,7.8631,7.8631,7.8631,7.8631,7.8631,7.8631,7.8631,7.8631,7.8631,7.8631,7.8631,7.8631,7.8631,7.8631,7.8631,7.8631,7.8631,7.8631,7.8631,7.8631,7.8631,7.8631,7.8631,7.8631,7.8631,7.8631,7.8631,7.8631,7.8631,7.8631,7.8631,7.8631,7.8631,7.8631,7.8631,7.8631,7.8631,7.8631,7.8631,7.8631,7.8631,7.8631,7.8631,7.8631,7.8631,7.8631,7.8631,7.8631,7.8631,7.8631,7.8631,7.8631,7.8631,7.8631,7.8631,7.8631,7.8631,7.8631,7.8631,7.8631,7.8631,7.8631,7.8631,7.8631,7.8631,7.8631,7.8631,7.8631,7.8631,7.8631,7.8631,7.8631,7.8631,7.8631,7.8631,7.8631,7.8631,7.8631,7.8631,7.8631,7.8631,7.8631,7.8631,7.8631,7.8631,7.8631,7.8631,7.8631,7.8631,7.8631,7.8631,7.8631,7.8631,7.8631,7.8631,7.8631,7.8631,7.8631,7.8631,7.8631,7.8631,7.8631,7.8631,7.8631,7.8631,7.8631,7.8631,7.8631,7.8631,7.8631,7.8631,7.8631,7.8631,7.8631,7.8631,7.8631,7.8631,7.8631,7.8631,7.8631,7.8631,7.8631,7.8631,7.8631,7.8631,7.8631,7.8631,7.8631,7.8631,7.8631,7.8631,7.8631,7.8631,7.8631,7.8631,7.8631,7.8631,7.8631,7.8631,7.8631,7.8631,7.8631,7.8631,7.8631,7.8631,7.8631,7.8631,7.8631,7.8631,7.8631
7.8557,7.8557,7.8557,7.8557,7.8557,7.8557,7.8557,7.8557,7.8557,7.8557,7.8557,7.8557,7.8557,7.8557,7.8557,7.8557,7.8557,7.8557,7.8557,7.8557,7.8557,7.8557,7.8557,7.8557,7.8557,7.8557,7.8557,7.8557,7.8557,7.8557,7.8557,7.8557,7.8557,7.8557,7.8557,7.8557,7.8557,7.8557,7.8557,7.8557,7.8557,7.8557,7.8557,7.8557,7.8557,7.8557,7.8557,7.8557,7.8557,7.8557,7.8557,7.8557,7.8557,7.8557,7.8557,7.8557,7.8557,7.8557,7.8557,7.8557,7.8557,7.8557,7.8557,7.8557,7.8557,7.8557,7.8557,7.8557,7.8557,7.8557,7.8557,7.8557,7.8557,7.8557,7.8557,7.8557,7.8557,7.8557,7.8557,7.8557,7.8557,7.8557,7.8557,7.8557,7.8557,7.8557,7.8557,7.8557,7.8557,7.8557,7.8557,7.8557,7.8557,7.8557,7.8557,7.8557,7.8557,7.8557,7.8557,7.8557,7.8557,7.8557,7.8557,7.8557,7.8557,7.8557,7.8557,7.8557,7.8557,7.8557,7.8557,7.8557,7.8557,7.8557,7.8557,7.8557,7.8557,7.8557,7.8557,7.8557,7.8557,7.8557,7.8557,7.8557,7.8557,7.8557,7.8557,7.8557,7.8557,7.8557,7.8557,7.8557,7.8557,7.8557,7.8557,7.8557,7.8557,7.8557,7.8557,7.8557,7.8557,7.8557,7.8557,7.8557,7.8557,7.8557,7.8557,7.8557,7.8557,7.8557,7.8557,7.8557,7.8557,7.8557,7.8557,7.8557,7.8557,7.8557,7.8557,7.8557,7.8557,7.8557,7.8557,7.8557,7.8557,7.8557,7.8557,7.8557,7.8557,7.8557,7.8557,7.8557,7.8557,7.8557,7.8557,7.8557,7.8557,7.8557,7.8557,7.8557,7.8557,7.8557,7.8557,7.8557,7.8557,7.8557,7.8557,7.8557,7.8557,7.8557,7.8557,7.8557,7.8557,7.8557,7.8557,7.8557,7.8557,7.8557,7.8557,7.8557,7.8557,7.8557,7.8557,7.8557,7.8557,7.8557,7.8557,7.8557,7.8557,7.8557,7.8557,7.8557,7.8557,7.8557,7.8557,7.8557,7.8557,7.8557,7.8557,7.8557,7.8557,7.8557,7.8557,7.8557,7.8557,7.8557,7.8557,7.8557,7.8557,7.8557,7.8557,7.8557,7.8557,7.8557,7.8557,7.8557,7.8557,7.8557,7.8557,7.8557,7.8557,7.8557,7.8557,7.8557,7.8557,7.8557,7.8557,7.8557,7.8557,7.8557,7.8557,7.8557,7.8557,7.8557,7.8557,7.8557,7.8557,7.8557,7.8557,7.8557,7.8557,7.8557,7.8557,7.8557,7.8557,7.8557,7.8557,7.8557,7.8557,7.8557,7.8557,7.8557,7.8557,7.8557,7.8557,7.8557,7.8557,7.8557,7.8557,7.8557,7.8557,7.8557,7.8557,7.8557,7.8557,7.8557,7.8557,7.8557,7.8557,7.8557,7.8557,7.8557,7.8557,7.8557,7.8557,7.8557,7.8557,7.8557,7.8557,7.8557,7.8557,7.8557,7.8557,7.8557,7.8557,7.8557,7.8557,7.8557,7.8557,7.8557,7.8557,7.8557,7.8557,7.8557,7.8557,7.8557,7.8557,7.8557,7.8557,7.8557,7.8557,7.8557,7.8557,7.8557,7.8557,7.8557,7.8557,7.8557,7.8557,7.8557,7.8557,7.8557,7.8557,7.8557,7.8557,7.8557,7.8557,7.8557,7.8557,7.8557,7.8557,7.8557,7.8557,7.8557,7.8557,7.8557,7.8557,7.8557,7.8557,7.8557,7.8557,7.8557,7.8557,7.8557,7.8557,7.8557,7.8557,7.8557,7.8557,7.8557,7.8557,7.8557,7.8557,7.8557,7.8557,7.8557,7.8557,7.8557,7.8557,7.8557,7.8557,7.8557,7.8557,7.8557,7.8557,7.8557,7.8557,7.8557,7.8557,7.8557,7.8557,7.8557,7.8557,7.8557,7.8557,7.8557,7.8557,7.8557,7.8557,7.8557,7.8557,7.8557,7.8557,7.8557,7.8557,7.8557,7.8557,7.8557,7.8557,7.8557,7.8557,7.8557,7.8557,7.8557,7.8557,7.8557,7.8557,7.8557,7.8557,7.8557,7.8557,7.8557,7.8557,7.8557,7.8557,7.8557,7.8557,7.8557,7.8557,7.8557,7.8557,7.8557,7.8557,7.8557,7.8557,7.8557,7.8557,7.8557,7.8557,7.8557,7.8557,7.8557,7.8557,7.8557,7.8557,7.8557,7.8557,7.8557,7.8557,7.8557,7.8557,7.8557,7.8557,7.8557,7.8557,7.8557,7.8557,6.2406,6.2343,6.2281,6.2218,6.2154,6.2092,6.2030,6.1968,6.1904,6.1843,6.1779,6.1715,6.1652,6.1591,6.1528,6.1465,6.1426,6.1438,6.1449,6.1458,6.1469,6.1480,6.1489,6.1501,6.1512,6.1521,6.1532,6.1541,6.1553,6.1564,6.1573,6.1584,6.1593,6.1605,6.1614,6.1625,6.1643,6.1697,6.1752,6.1806,6.1861,6.1916,6.1968,6.2021,6.2074,6.2126,6.2179,6.2232,6.2285,6.2339,6.2394,6.2447,6.2499,6.2550,6.2601,6.2653,6.2702,6.2753,6.2805,6.2880,6.2955,6.3033,6.3109,6.3185,6.3264,6.3340,6.3419,6.3496,6.3573,6.3698,6.3858,6.4019,6.4180,6.4491,6.5103,6.5784,6.6366,7.8557,7.8557,7.8557,7.8557,7.8557,7.8557,7.8557,7.8557,7.8557,7.8557,7.8557,7.8557,7.8557,7.8557,7.8557,7.8557,7.8557,7.8557,7.8557,7.8557,7.8557,7.8557,7.8557,7.8557,7.8557,7.8557,7.8557,7.8557,7.8557,7.8557,7.8557,7.8557,7.8557,7.8557,7.8557,7.8557,7.8557,7.8557,7.8557,7.8557,7.8557,7.8557,7.8557,7.8557,7.8557,7.8557,7.8557,7.8557,7.8557,7.8557,7.8557,7.8557,7.8557,7.8557,7.8557,7.8557,7.8557,7.8557,7.8557,7.8557,7.8557,7.8557,7.8557,7.8557,7.8557,7.8557,7.8557,7.8557,7.8557,7.8557,7.8557,7.8557,7.8557,7.8557,7.8557,7.8557,7.8557,7.8557,7.8557,7.8557,7.8557,7.8557,7.8557,7.8557,7.8557,7.8557,7.8557,7.8557,7.8557,7.8557,7.8557,7.8557,7.8557,7.8557,7.8557,7.8557,7.8557,7.8557,7.8557,7.8557,7.8557,7.8557,7.8557,7.8557,7.8557,7.8557,7.8557,7.8557,7.8557,7.8557,7.8557,7.8557,7.8557,7.8557,7.8557,7.8557,7.8557,7.8557,7.8557,7.8557,7.8557,7.8557,7.8557,7.8557,7.8557,7.8557,7.8557,7.8557,7.8557,7.8557,7.8557,7.8557,7.8557,7.8557,7.8557,7.8557,7.8557,7.8557,7.8557,7.8557,7.8557,7.8557,7.8557,7.8557,7.8557,7.8557,7.8557,7.8557,7.8557,7.8557,7.8557,7.8557,7.8557,7.8557,7.8557,7.8557,7.8557,7.8557,7.8557,7.8557,7.8557,7.8557,7.8557,7.8557,7.8557,7.8557,7.8557,7.8557,7.8557,7.8557,7.8557,7.8557,7.8557,7.8557,7.8557,7.8557,7.8557,7.8557,7.8557,7.8557,7.8557,7.8557,7.8557,7.8557,7.8557,7.8557,7.8557,7.8557,7.8557,7.8557,7.8557,7.8557,7.8557,7.8557,7.8557,7.8557,7.8557,7.8557,7.8557,7.8557,7.8557,7.8557,7.8557,7.8557,7.8557,7.8557,7.8557,7.8557,7.8557,7.8557,7.8557,7.8557,7.8557,7.8557,7.8557,7.8557,7.8557,7.8557,7.8557,7.8557,7.8557,7.8557,7.8557,7.8557,7.8557,7.8557,7.8557,7.8557,7.8557,7.8557,7.8557,7.8557,7.8557,7.8557,7.8557,7.8557,7.8557,7.8557,7.8557,7.8557,7.8557,7.8557,7.8557,7.8557,7.8557,7.8557,7.8557,7.8557,7.8557,7.8557,7.8557,7.8557,7.8557,7.8557,7.8557,7.8557,7.8557,7.8557,7.8557,7.8557,7.8557,7.8557,7.8557,7.8557,7.8557,7.8557,7.8557,7.8557,7.8557,7.8557,7.8557,7.8557,7.8557,7.8557,7.8557,7.8557,7.8557,7.8557,7.8557,7.8557,7.8557,7.8557,7.8557,7.8557,7.8557,7.8557,7.8557,7.8557,7.8557,7.8557,7.8557,7.8557,7.8557,7.8557,7.8557,7.8557,7.8557,7.8557,7.8557,7.8557,7.8557,7.8557,7.8557,7.8557,7.8557,7.8557,7.8557,7.8557,7.8557,7.8557,7.8557,7.8557,7.8557,7.8557,7.8557,7.8557,7.8557,7.8557,7.8557,7.8557,7.8557,7.8557,7.8557,7.8557,7.8557,7.8557,7.8557,7.8557,7.8557,7.8557,7.8557,7.8557,7.8557,7.8557,7.8557,7.8557,7.8557,7.8557,7.8557,7.8557,7.8557,7.8557,7.8557,7.8557,7.8557,7.8557,7.8557,7.8557,7.8557,7.8557,7.8557,7.8557,7.8557,7.8557,7.8557,7.8557,7.8557,7.8557,7.8557,7.8557,7.8557,7.8557,7.8557,7.8557,7.8557,7.8557,7.8557,7.8557,7.8557,7.8557,7.8557,7.8557,7.8557,7.8557,7.8557,7.8557,7.8557,7.8557,7.8557,7.8557,7.8557,7.8557,7.8557,7.8557,7.8557,7.8557,7.8557,7.8557,7.8557,7.8557,7.8557,7.8557,7.8557,7.8557,7.8557,7.8557,7.8557,7.8557,7.8557,7.8557,7.8557,7.8557,7.8557,7.8557,7.8557,7.8557,7.8557,7.8557,7.8557,7.8557,7.8557,7.8557,7.8557,7.8557,7.8557,7.8557,7.8557,7.8557,7.8557,7.8557,7.8557,7.8557,7.8557,7.8557,7.8557,7.8557,7.8557,7.8557,7.8557,7.8557,7.8557,7.8557,7.8557,7.8557,7.8557,7.8557
7.8495,7.8495,7.8495,7.8495,7.8495,7.8495,7.8495,7.8495,7.8495,7.8495,7.8495,7.8495,7.8495,7.8495,7.8495,7.8495,7.8495,7.8495,7.8495,7.8495,7.8495,7.8495,7.8495,7.8495,7.8495,7.8495,7.8495,7.8495,7.8495,7.8495,7.8495,7.8495,7.8495,7.8495,7.8495,7.8495,7.8495,7.8495,7.8495,7.8495,7.8495,7.8495,7.8495,7.8495,7.8495,7.8495,7.8495,7.8495,7.8495,7.8495,7.8495,7.8495,7.8495,7.8495,7.8495,7.8495,7.8495,7.8495,7.8495,7.8495,7.8495,7.8495,7.8495,7.8495,7.8495,7.8495,7.8495,7.8495,7.8495,7.8495,7.8495,7.8495,7.8495,7.8495,7.8495,7.8495,7.8495,7.8495,7.8495,7.8495,7.8495,7.8495,7.8495,7.8495,7.8495,7.8495,7.8495,7.8495,7.8495,7.8495,7.8495,7.8495,7.8495,7.8495,7.8495,7.8495,7.8495,7.8495,7.8495,7.8495,7.8495,7.8495,7.8495,7.8495,7.8495,7.8495,7.8495,7.8495,7.8495,7.8495,7.8495,7.8495,7.8495,7.8495,7.8495,7.8495,7.8495,7.8495,7.8495,7.8495,7.8495,7.8495,7.8495,7.8495,7.8495,7.8495,7.8495,7.8495,7.8495,7.8495,7.8495,7.8495,7.8495,7.8495,7.8495,7.8495,7.8495,7.8495,7.8495,7.8495,7.8495,7.8495,7.8495,7.8495,7.8495,7.8495,7.8495,7.8495,7.8495,7.8495,7.8495,7.8495,7.8495,7.8495,7.8495,7.8495,7.8495,7.8495,7.8495,7.8495,7.8495,7.8495,7.8495,7.8495,7.8495,7.8495,7.8495,7.8495,7.8495,7.8495,7.8495,7.8495,7.8495,7.8495,7.8495,7.8495,7.8495,7.8495,7.8495,7.8495,7.8495,7.8495,7.8495,7.8495,7.8495,7.8495,7.8495,7.8495,7.8495,7.8495,7.8495,7.8495,7.8495,7.8495,7.8495,7.8495,7.8495,7.8495,7.8495,7.8495,7.8495,7.8495,7.8495,7.8495,7.8495,7.8495,7.8495,7.8495,7.8495,7.8495,7.8495,7.8495,7.8495,7.8495,7.8495,7.8495,7.8495,7.8495,7.8495,7.8495,7.8495,7.8495,7.8495,7.8495,7.8495,7.8495,7.8495,7.8495,7.8495,7.8495,7.8495,7.8495,7.8495,7.8495,7.8495,7.8495,7.8495,7.8495,7.8495,7.8495,7.8495,7.8495,7.8495,7.8495,7.8495,7.8495,7.8495,7.8495,7.8495,7.8495,7.8495,7.8495,7.8495,7.8495,7.8495,7.8495,7.8495,7.8495,7.8495,7.8495,7.8495,7.8495,7.8495,7.8495,7.8495,7.8495,7.8495,7.8495,7.8495,7.8495,7.8495,7.8495,7.8495,7.8495,7.8495,7.8495,7.8495,7.8495,7.8495,7.8495,7.8495,7.8495,7.8495,7.8495,7.8495,7.8495,7.8495,7.8495,7.8495,7.8495,7.8495,7.8495,7.8495,7.8495,7.8495,7.8495,7.8495,7.8495,7.8495,7.8495,7.8495,7.8495,7.8495,7.8495,7.8495,7.8495,7.8495,7.8495,7.8495,7.8495,7.8495,7.8495,7.8495,7.8495,7.8495,7.8495,7.8495,7.8495,7.8495,7.8495,7.8495,7.8495,7.8495,7.8495,7.8495,7.8495,7.8495,7.8495,7.8495,7.8495,7.8495,7.8495,7.8495,7.8495,7.8495,7.8495,7.8495,7.8495,7.8495,7.8495,7.8495,7.8495,7.8495,7.8495,7.8495,7.8495,7.8495,7.8495,7.8495,7.8495,7.8495,7.8495,7.8495,7.8495,7.8495,7.8495,7.8495,7.8495,7.8495,7.8495,7.8495,7.8495,7.8495,7.8495,7.8495,7.8495,7.8495,7.8495,7.8495,7.8495,7.8495,7.8495,7.8495,7.8495,7.8495,7.8495,7.8495,7.8495,7.8495,7.8495,7.8495,7.8495,7.8495,7.8495,7.8495,7.8495,7.8495,7.8495,7.8495,7.8495,7.8495,7.8495,7.8495,7.8495,7.8495,7.8495,7.8495,7.8495,7.8495,7.8495,7.8495,7.8495,7.8495,7.8495,7.8495,7.8495,7.8495,7.8495,7.8495,7.8495,7.8495,7.8495,7.8495,7.8495,7.8495,7.8495,7.8495,7.8495,7.8495,7.8495,7.8495,7.8495,7.8495,7.8495,7.8495,7.8495,7.8495,7.8495,7.8495,7.8495,7.8495,7.8495,7.8495,7.8495,7.8495,7.8495,7.8495,7.8495,7.8495,7.8495,7.8495,7.8495,7.8495,7.8495,7.8495,7.8495,6.2325,6.2262,6.2200,6.2138,6.2074,6.2009,6.1945,6.1879,6.1815,6.1754,6.1695,6.1634,6.1571,6.1507,6.1447,6.1384,6.1352,6.1364,6.1375,6.1384,6.1395,6.1406,6.1415,6.1426,6.1438,6.1447,6.1458,6.1469,6.1478,6.1489,6.1498,6.1510,6.1519,6.1530,6.1539,6.1550,6.1559,6.1571,6.1582,6.1605,6.1659,6.1715,6.1770,6.1822,6.1875,6.1927,6.1980,6.2032,6.2085,6.2138,6.2191,6.2246,6.2299,6.2352,6.2406,6.2459,6.2529,6.2603,6.2681,6.2756,6.2833,6.2908,6.2984,6.3062,6.3138,6.3214,6.3292,6.3369,6.3445,6.3525,6.3611,6.3771,6.3931,6.4089,6.4249,6.4411,6.4692,6.5326,6.5978,7.8495,7.8495,7.8495,7.8495,7.8495,7.8495,7.8495,7.8495,7.8495,7.8495,7.8495,7.8495,7.8495,7.8495,7.8495,7.8495,7.8495,7.8495,7.8495,7.8495,7.8495,7.8495,7.8495,7.8495,7.8495,7.8495,7.8495,7.8495,7.8495,7.8495,7.8495,7.8495,7.8495,7.8495,7.8495,7.8495,7.8495,7.8495,7.8495,7.8495,7.8495,7.8495,7.8495,7.8495,7.8495,7.8495,7.8495,7.8495,7.8495,7.8495,7.8495,7.8495,7.8495,7.8495,7.8495,7.8495,7.8495,7.8495,7.8495,7.8495,7.8495,7.8495,7.8495,7.8495,7.8495,7.8495,7.8495,7.8495,7.8495,7.8495,7.8495,7.8495,7.8495,7.8495,7.8495,7.8495,7.8495,7.8495,7.8495,7.8495,7.8495,7.8495,7.8495,7.8495,7.8495,7.8495,7.8495,7.8495,7.8495,7.8495,7.8495,7.8495,7.8495,7.8495,7.8495,7.8495,7.8495,7.8495,7.8495,7.8495,7.8495,7.8495,7.8495,7.8495,7.8495,7.8495,7.8495,7.8495,7.8495,7.8495,7.8495,7.8495,7.8495,7.8495,7.8495,7.8495,7.8495,7.8495,7.8495,7.8495,7.8495,7.8495,7.8495,7.8495,7.8495,7.8495,7.8495,7.8495,7.8495,7.8495,7.8495,7.8495,7.8495,7.8495,7.8495,7.8495,7.8495,7.8495,7.8495,7.8495,7.8495,7.8495,7.8495,7.8495,7.8495,7.8495,7.8495,7.8495,7.8495,7.8495,7.8495,7.8495,7.8495,7.8495,7.8495,7.8495,7.8495,7.8495,7.8495,7.8495,7.8495,7.8495,7.8495,7.8495,7.8495,7.8495,7.8495,7.8495,7.8495,7.8495,7.8495,7.8495,7.8495,7.8495,7.8495,7.8495,7.8495,7.8495,7.8495,7.8495,7.8495,7.8495,7.8495,7.8495,7.8495,7.8495,7.8495,7.8495,7.8495,7.8495,7.8495,7.8495,7.8495,7.8495,7.8495,7.8495,7.8495,7.8495,7.8495,7.8495,7.8495,7.8495,7.8495,7.8495,7.8495,7.8495,7.8495,7.8495,7.8495,7.8495,7.8495,7.8495,7.8495,7.8495,7.8495,7.8495,7.8495,7.8495,7.8495,7.8495,7.8495,7.8495,7.8495,7.8495,7.8495,7.8495,7.8495,7.8495,7.8495,7.8495,7.8495,7.8495,7.8495,7.8495,7.8495,7.8495,7.8495,7.8495,7.8495,7.8495,7.8495,7.8495,7.8495,7.8495,7.8495,7.8495,7.8495,7.8495,7.8495,7.8495,7.8495,7.8495,7.8495,7.8495,7.8495,7.8495,7.8495,7.8495,7.8495,7.8495,7.8495,7.8495,7.8495,7.8495,7.8495,7.8495,7.8495,7.8495,7.8495,7.8495,7.8495,7.8495,7.8495,7.8495,7.8495,7.8495,7.8495,7.8495,7.8495,7.8495,7.8495,7.8495,7.8495,7.8495,7.8495,7.8495,7.8495,7.8495,7.8495,7.8495,7.8495,7.8495,7.8495,7.8495,7.8495,7.8495,7.8495,7.8495,7.8495,7.8495,7.8495,7.8495,7.8495,7.8495,7.8495,7.8495,7.8495,7.8495,7.8495,7.8495,7.8495,7.8495,7.8495,7.8495,7.8495,7.8495,7.8495,7.8495,7.8495,7.8495,7.8495,7.8495,7.8495,7.8495,7.8495,7.8495,7.8495,7.8495,7.8495,7.8495,7.8495,7.8495,7.8495,7.8495,7.8495,7.8495,7.8495,7.8495,7.8495,7.8495,7.8495,7.8495,7.8495,7.8495,7.8495,7.8495,7.8495,7.8495,7.8495,7.8495,7.8495,7.8495,7.8495,7.8495,7.8495,7.8495,7.8495,7.8495,7.8495,7.8495,7.8495,7.8495,7.8495,7.8495,7.8495,7.8495,7.8495,7.8495,7.8495,7.8495,7.8495,7.8495,7.8495,7.8495,7.8495,7.8495,7.8495,7.8495,7.8495,7.8495,7.8495,7.8495,7.8495,7.8495,7.8495,7.8495,7.8495,7.8495,7.8495,7.8495,7.8495,7.8495,7.8495,7.8495,7.8495,7.8495,7.8495,7.8495,7.8495,7.8495,7.8495,7.8495,7.8495,7.8495,7.8495,7.8495,7.8495,7.8495,7.8495,7.8495,7.8495,7.8495,7.8495,7.8495,7.8495,7.8495,7.8495,7.8495,7.8495,7.8495,7.8495,7.8495,7.8495,7.8495,7.8495,7.8495,7.8495,7.8495,7.8495,7.8495,7.8495,7.8495,7.8495,7.8495,7.8495
7.8425,7.8425,7.8425,7.8425,7.8425,7.8425,7.8425,7.8425,7.8425,7.8425,7.8425,7.8425,7.8425,7.8425,7.8425,7.8425,7.8425,7.8425,7.8425,7.8425,7.8425,7.8425,7.8425,7.8425,7.8425,7.8425,7.8425,7.8425,7.8425,7.8425,7.8425,7.8425,7.8425,7.8425,7.8425,7.8425,7.8425,7.8425,7.8425,7.8425,7.8425,7.8425,7.8425,7.8425,7.8425,7.8425,7.8425,7.8425,7.8425,7.8425,7.8425,7.8425,7.8425,7.8425,7.8425,7.8425,7.8425,7.8425,7.8425,7.8425,7.8425,7.8425,7.8425,7.8425,7.8425,7.8425,7.8425,7.8425,7.8425,7.8425,7.8425,7.8425,7.8425,7.8425,7.8425,7.8425,7.8425,7.8425,7.8425,7.8425,7.8425,7.8425,7.8425,7.8425,7.8425,7.8425,7.8425,7.8425,7.8425,7.8425,7.8425,7.8425,7.8425,7.8425,7.8425,7.8425,7.8425,7.8425,7.8425,7.8425,7.8425,7.8425,7.8425,7.8425,7.8425,7.8425,7.8425,7.8425,7.8425,7.8425,7.8425,7.8425,7.8425,7.8425,7.8425,7.8425,7.8425,7.8425,7.8425,7.8425,7.8425,7.8425,7.8425,7.8425,7.8425,7.8425,7.8425,7.8425,7.8425,7.8425,7.8425,7.8425,7.8425,7.8425,7.8425,7.8425,7.8425,7.8425,7.8425,7.8425,7.8425,7.8425,7.8425,7.8425,7.8425,7.8425,7.8425,7.8425,7.8425,7.8425,7.8425,7.8425,7.8425,7.8425,7.8425,7.8425,7.8425,7.8425,7.8425,7.8425,7.8425,7.8425,7.8425,7.8425,7.8425,7.8425,7.8425,7.8425,7.8425,7.8425,7.8425,7.8425,7.8425,7.8425,7.8425,7.8425,7.8425,7.8425,7.8425,7.8425,7.8425,7.8425,7.8425,7.8425,7.8425,7.8425,7.8425,7.8425,7.8425,7.8425,7.8425,7.8425,7.8425,7.8425,7.8425,7.8425,7.8425,7.8425,7.8425,7.8425,7.8425,7.8425,7.8425,7.8425,7.8425,7.8425,7.8425,7.8425,7.8425,7.8425,7.8425,7.8425,7.8425,7.8425,7.8425,7.8425,7.8425,7.8425,7.8425,7.8425,7.8425,7.8425,7.8425,7.8425,7.8425,7.8425,7.8425,7.8425,7.8425,7.8425,7.8425,7.8425,7.8425,7.8425,7.8425,7.8425,7.8425,7.8425,7.8425,7.8425,7.8425,7.8425,7.8425,7.8425,7.8425,7.8425,7.8425,7.8425,7.8425,7.8425,7.8425,7.8425,7.8425,7.8425,7.8425,7.8425,7.8425,7.8425,7.8425,7.8425,7.8425,7.8425,7.8425,7.8425,7.8425,7.8425,7.8425,7.8425,7.8425,7.8425,7.8425,7.8425,7.8425,7.8425,7.8425,7.8425,7.8425,7.8425,7.8425,7.8425,7.8425,7.8425,7.8425,7.8425,7.8425,7.8425,7.8425,7.8425,7.8425,7.8425,7.8425,7.8425,7.8425,7.8425,7.8425,7.8425,7.8425,7.8425,7.8425,7.8425,7.8425,7.8425,7.8425,7.8425,7.8425,7.8425,7.8425,7.8425,7.8425,7.8425,7.8425,7.8425,7.8425,7.8425,7.8425,7.8425,7.8425,7.8425,7.8425,7.8425,7.8425,7.8425,7.8425,7.8425,7.8425,7.8425,7.8425,7.8425,7.8425,7.8425,7.8425,7.8425,7.8425,7.8425,7.8425,7.8425,7.8425,7.8425,7.8425,7.8425,7.8425,7.8425,7.8425,7.8425,7.8425,7.8425,7.8425,7.8425,7.8425,7.8425,7.8425,7.8425,7.8425,7.8425,7.8425,7.8425,7.8425,7.8425,7.8425,7.8425,7.8425,7.8425,7.8425,7.8425,7.8425,7.8425,7.8425,7.8425,7.8425,7.8425,7.8425,7.8425,7.8425,7.8425,7.8425,7.8425,7.8425,7.8425,7.8425,7.8425,7.8425,7.8425,7.8425,7.8425,7.8425,7.8425,7.8425,7.8425,7.8425,7.8425,7.8425,7.8425,7.8425,7.8425,7.8425,7.8425,7.8425,7.8425,7.8425,7.8425,7.8425,7.8425,7.8425,7.8425,7.8425,7.8425,7.8425,7.8425,7.8425,7.8425,7.8425,7.8425,7.8425,7.8425,7.8425,7.8425,7.8425,7.8425,7.8425,7.8425,7.8425,7.8425,7.8425,7.8425,7.8425,7.8425,7.8425,7.8425,7.8425,7.8425,7.8425,7.8425,7.8425,7.8425,7.8425,7.8425,7.8425,7.8425,7.8425,7.8425,7.8425,7.8425,7.8425,7.8425,7.8425,6.2244,6.2182,6.2115,6.2051,6.1987,6.1923,6.1856,6.1788,6.1727,6.1666,6.1605,6.1544,6.1483,6.1424,6.1364,6.1301,6.1279,6.1290,6.1301,6.1310,6.1321,6.1332,6.1341,6.1352,6.1364,6.1373,6.1384,6.1395,6.1404,6.1415,6.1424,6.1435,6.1447,6.1456,6.1467,6.1476,6.1487,6.1496,6.1507,6.1516,6.1528,6.1537,6.1568,6.1623,6.1677,6.1729,6.1781,6.1834,6.1886,6.1938,6.1991,6.2044,6.2097,6.2168,6.2244,6.2322,6.2401,6.2480,6.2557,6.2631,6.2709,6.2784,6.2859,6.2937,6.3012,6.3090,6.3166,6.3242,6.3321,6.3398,6.3474,6.3553,6.3684,6.3843,6.4006,6.4168,6.4330,6.4486,6.4654,6.4884,6.5543,6.6170,7.8425,7.8425,7.8425,7.8425,7.8425,7.8425,7.8425,7.8425,7.8425,7.8425,7.8425,7.8425,7.8425,7.8425,7.8425,7.8425,7.8425,7.8425,7.8425,7.8425,7.8425,7.8425,7.8425,7.8425,7.8425,7.8425,7.8425,7.8425,7.8425,7.8425,7.8425,7.8425,7.8425,7.8425,7.8425,7.8425,7.8425,7.8425,7.8425,7.8425,7.8425,7.8425,7.8425,7.8425,7.8425,7.8425,7.8425,7.8425,7.8425,7.8425,7.8425,7.8425,7.8425,7.8425,7.8425,7.8425,7.8425,7.8425,7.8425,7.8425,7.8425,7.8425,7.8425,7.8425,7.8425,7.8425,7.8425,7.8425,7.8425,7.8425,7.8425,7.8425,7.8425,7.8425,7.8425,7.8425,7.8425,7.8425,7.8425,7.8425,7.8425,7.8425,7.8425,7.8425,7.8425,7.8425,7.8425,7.8425,7.8425,7.8425,7.8425,7.8425,7.8425,7.8425,7.8425,7.8425,7.8425,7.8425,7.8425,7.8425,7.8425,7.8425,7.8425,7.8425,7.8425,7.8425,7.8425,7.8425,7.8425,7.8425,7.8425,7.8425,7.8425,7.8425,7.8425,7.8425,7.8425,7.8425,7.8425,7.8425,7.8425,7.8425,7.8425,7.8425,7.8425,7.8425,7.8425,7.8425,7.8425,7.8425,7.8425,7.8425,7.8425,7.8425,7.8425,7.8425,7.8425,7.8425,7.8425,7.8425,7.8425,7.8425,7.8425,7.8425,7.8425,7.8425,7.8425,7.8425,7.8425,7.8425,7.8425,7.8425,7.8425,7.8425,7.8425,7.8425,7.8425,7.8425,7.8425,7.8425,7.8425,7.8425,7.8425,7.8425,7.8425,7.8425,7.8425,7.8425,7.8425,7.8425,7.8425,7.8425,7.8425,7.8425,7.8425,7.8425,7.8425,7.8425,7.8425,7.8425,7.8425,7.8425,7.8425,7.8425,7.8425,7.8425,7.8425,7.8425,7.8425,7.8425,7.8425,7.8425,7.8425,7.8425,7.8425,7.8425,7.8425,7.8425,7.8425,7.8425,7.8425,7.8425,7.8425,7.8425,7.8425,7.8425,7.8425,7.8425,7.8425,7.8425,7.8425,7.8425,7.8425,7.8425,7.8425,7.8425,7.8425,7.8425,7.8425,7.8425,7.8425,7.8425,7.8425,7.8425,7.8425,7.8425,7.8425,7.8425,7.8425,7.8425,7.8425,7.8425,7.8425,7.8425,7.8425,7.8425,7.8425,7.8425,7.8425,7.8425,7.8425,7.8425,7.8425,7.8425,7.8425,7.8425,7.8425,7.8425,7.8425,7.8425,7.8425,7.8425,7.8425,7.8425,7.8425,7.8425,7.8425,7.8425,7.8425,7.8425,7.8425,7.8425,7.8425,7.8425,7.8425,7.8425,7.8425,7.8425,7.8425,7.8425,7.8425,7.8425,7.8425,7.8425,7.8425,7.8425,7.8425,7.8425,7.8425,7.8425,7.8425,7.8425,7.8425,7.8425,7.8425,7.8425,7.8425,7.8425,7.8425,7.8425,7.8425,7.8425,7.8425,7.8425,7.8425,7.8425,7.8425,7.8425,7.8425,7.8425,7.8425,7.8425,7.8425,7.8425,7.8425,7.8425,7.8425,7.8425,7.8425,7.8425,7.8425,7.8425,7.8425,7.8425,7.8425,7.8425,7.8425,7.8425,7.8425,7.8425,7.8425,7.8425,7.8425,7.8425,7.8425,7.8425,7.8425,7.8425,7.8425,7.8425,7.8425,7.8425,7.8425,7.8425,7.8425,7.8425,7.8425,7.8425,7.8425,7.8425,7.8425,7.8425,7.8425,7.8425,7.8425,7.8425,7.8425,7.8425,7.8425,7.8425,7.8425,7.8425,7.8425,7.8425,7.8425,7.8425,7.8425,7.8425,7.8425,7.8425,7.8425,7.8425,7.8425,7.8425,7.8425,7.8425,7.8425,7.8425,7.8425,7.8425,7.8425,7.8425,7.8425,7.8425,7.8425,7.8425,7.8425,7.8425,7.8425,7.8425,7.8425,7.8425,7.8425,7.8425,7.8425,7.8425,7.8425,7.8425,7.8425,7.8425,7.8425,7.8425,7.8425,7.8425,7.8425,7.8425,7.8425,7.8425,7.8425,7.8425,7.8425,7.8425,7.8425,7.8425,7.8425,7.8425,7.8425,7.8425,7.8425,7.8425,7.8425,7.8425,7.8425,7.8425,7.8425,7.8425,7.8425,7.8425,7.8425,7.8425,7.8425,7.8425,7.8425,7.8425,7.8425,7.8425,7.8425,7.8425,7.8425,7.8425,7.8425,7.8425,7.8425
7.8352,7.8352,7.8352,7.8352,7.8352,7.8352,7.8352,7.8352,7.8352,7.8352,7.8352,7.8352,7.8352,7.8352,7.8352,7.8352,7.8352,7.8352,7.8352,7.8352,7.8352,7.8352,7.8352,7.8352,7.8352,7.8352,7.8352,7.8352,7.8352,7.8352,7.8352,7.8352,7.8352,7.8352,7.8352,7.8352,7.8352,7.8352,7.8352,7.8352,7.8352,7.8352,7.8352,7.8352,7.8352,7.8352,7.8352,7.8352,7.8352,7.8352,7.8352,7.8352,7.8352,7.8352,7.8352,7.8352,7.8352,7.8352,7.8352,7.8352,7.8352,7.8352,7.8352,7.8352,7.8352,7.8352,7.8352,7.8352,7.8352,7.8352,7.8352,7.8352,7.8352,7.8352,7.8352,7.8352,7.8352,7.8352,7.8352,7.8352,7.8352,7.8352,7.8352,7.8352,7.8352,7.8352,7.8352,7.8352,7.8352,7.8352,7.8352,7.8352,7.8352,7.8352,7.8352,7.8352,7.8352,7.8352,7.8352,7.8352,7.8352,7.8352,7.8352,7.8352,7.8352,7.8352,7.8352,7.8352,7.8352,7.8352,7.8352,7.8352,7.8352,7.8352,7.8352,7.8352,7.8352,7.8352,7.8352,7.8352,7.8352,7.8352,7.8352,7.8352,7.8352,7.8352,7.8352,7.8352,7.8352,7.8352,7.8352,7.8352,7.8352,7.8352,7.8352,7.8352,7.8352,7.8352,7.8352,7.8352,7.8352,7.8352,7.8352,7.8352,7.8352,7.8352,7.8352,7.8352,7.8352,7.8352,7.8352,7.8352,7.8352,7.8352,7.8352,7.8352,7.8352,7.8352,7.8352,7.8352,7.8352,7.8352,7.8352,7.8352,7.8352,7.8352,7.8352,7.8352,7.8352,7.8352,7.8352,7.8352,7.8352,7.8352,7.8352,7.8352,7.8352,7.8352,7.8352,7.8352,7.8352,7.8352,7.8352,7.8352,7.8352,7.8352,7.8352,7.8352,7.8352,7.8352,7.8352,7.8352,7.8352,7.8352,7.8352,7.8352,7.8352,7.8352,7.8352,7.8352,7.8352,7.8352,7.8352,7.8352,7.8352,7.8352,7.8352,7.8352,7.8352,7.8352,7.8352,7.8352,7.8352,7.8352,7.8352,7.8352,7.8352,7.8352,7.8352,7.8352,7.8352,7.8352,7.8352,7.8352,7.8352,7.8352,7.8352,7.8352,7.8352,7.8352,7.8352,7.8352,7.8352,7.8352,7.8352,7.8352,7.8352,7.8352,7.8352,7.8352,7.8352,7.8352,7.8352,7.8352,7.8352,7.8352,7.8352,7.8352,7.8352,7.8352,7.8352,7.8352,7.8352,7.8352,7.8352,7.8352,7.8352,7.8352,7.8352,7.8352,7.8352,7.8352,7.8352,7.8352,7.8352,7.8352,7.8352,7.8352,7.8352,7.8352,7.8352,7.8352,7.8352,7.8352,7.8352,7.8352,7.8352,7.8352,7.8352,7.8352,7.8352,7.8352,7.8352,7.8352,7.8352,7.8352,7.8352,7.8352,7.8352,7.8352,7.8352,7.8352,7.8352,7.8352,7.8352,7.8352,7.8352,7.8352,7.8352,7.8352,7.8352,7.8352,7.8352,7.8352,7.8352,7.8352,7.8352,7.8352,7.8352,7.8352,7.8352,7.8352,7.8352,7.8352,7.8352,7.8352,7.8352,7.8352,7.8352,7.8352,7.8352,7.8352,7.8352,7.8352,7.8352,7.8352,7.8352,7.8352,7.8352,7.8352,7.8352,7.8352,7.8352,7.8352,7.8352,7.8352,7.8352,7.8352,7.8352,7.8352,7.8352,7.8352,7.8352,7.8352,7.8352,7.8352,7.8352,7.8352,7.8352,7.8352,7.8352,7.8352,7.8352,7.8352,7.8352,7.8352,7.8352,7.8352,7.8352,7.8352,7.8352,7.8352,7.8352,7.8352,7.8352,7.8352,7.8352,7.8352,7.8352,7.8352,7.8352,7.8352,7.8352,7.8352,7.8352,7.8352,7.8352,7.8352,7.8352,7.8352,7.8352,7.8352,7.8352,7.8352,7.8352,7.8352,7.8352,7.8352,7.8352,7.8352,7.8352,7.8352,7.8352,7.8352,7.8352,7.8352,7.8352,7.8352,7.8352,7.8352,7.8352,7.8352,7.8352,7.8352,7.8352,7.8352,7.8352,7.8352,7.8352,7.8352,7.8352,7.8352,7.8352,7.8352,7.8352,7.8352,7.8352,7.8352,7.8352,7.8352,7.8352,7.8352,7.8352,7.8352,7.8352,7.8352,7.8352,7.8352,7.8352,7.8352,7.8352,7.8352,7.8352,7.8352,7.8352,7.8352,7.8352,7.8352,7.8352,7.8352,7.8352,7.8352,7.8352,6.2223,6.2159,6.2094,6.2028,6.1964,6.1900,6.1834,6.1765,6.1702,6.1638,6.1577,6.1516,6.1456,6.1395,6.1335,6.1274,6.1214,6.1200,6.1214,6.1225,6.1236,6.1245,6.1256,6.1267,6.1276,6.1288,6.1299,6.1310,6.1319,6.1330,6.1341,6.1352,6.1361,6.1373,6.1382,6.1393,6.1402,6.1413,6.1422,6.1433,6.1442,6.1453,6.1465,6.1474,6.1485,6.1494,6.1530,6.1584,6.1636,6.1688,6.1743,6.1809,6.1886,6.1964,6.2041,6.2117,6.2195,6.2274,6.2352,6.2429,6.2508,6.2585,6.2660,6.2737,6.2812,6.2887,6.2965,6.3041,6.3119,6.3195,6.3271,6.3350,6.3426,6.3503,6.3597,6.3756,6.3919,6.4082,6.4237,6.4404,6.4565,6.4724,6.4894,6.5093,6.5756,7.8352,7.8352,7.8352,7.8352,7.8352,7.8352,7.8352,7.8352,7.8352,7.8352,7.8352,7.8352,7.8352,7.8352,7.8352,7.8352,7.8352,7.8352,7.8352,7.8352,7.8352,7.8352,7.8352,7.8352,7.8352,7.8352,7.8352,7.8352,7.8352,7.8352,7.8352,7.8352,7.8352,7.8352,7.8352,7.8352,7.8352,7.8352,7.8352,7.8352,7.8352,7.8352,7.8352,7.8352,7.8352,7.8352,7.8352,7.8352,7.8352,7.8352,7.8352,7.8352,7.8352,7.8352,7.8352,7.8352,7.8352,7.8352,7.8352,7.8352,7.8352,7.8352,7.8352,7.8352,7.8352,7.8352,7.8352,7.8352,7.8352,7.8352,7.8352,7.8352,7.8352,7.8352,7.8352,7.8352,7.8352,7.8352,7.8352,7.8352,7.8352,7.8352,7.8352,7.8352,7.8352,7.8352,7.8352,7.8352,7.8352,7.8352,7.8352,7.8352,7.8352,7.8352,7.8352,7.8352,7.8352,7.8352,7.8352,7.8352,7.8352,7.8352,7.8352,7.8352,7.8352,7.8352,7.8352,7.8352,7.8352,7.8352,7.8352,7.8352,7.8352,7.8352,7.8352,7.8352,7.8352,7.8352,7.8352,7.8352,7.8352,7.8352,7.8352,7.8352,7.8352,7.8352,7.8352,7.8352,7.8352,7.8352,7.8352,7.8352,7.8352,7.8352,7.8352,7.8352,7.8352,7.8352,7.8352,7.8352,7.8352,7.8352,7.8352,7.8352,7.8352,7.8352,7.8352,7.8352,7.8352,7.8352,7.8352,7.8352,7.8352,7.8352,7.8352,7.8352,7.8352,7.8352,7.8352,7.8352,7.8352,7.8352,7.8352,7.8352,7.8352,7.8352,7.8352,7.8352,7.8352,7.8352,7.8352,7.8352,7.8352,7.8352,7.8352,7.8352,7.8352,7.8352,7.8352,7.8352,7.8352,7.8352,7.8352,7.8352,7.8352,7.8352,7.8352,7.8352,7.8352,7.8352,7.8352,7.8352,7.8352,7.8352,7.8352,7.8352,7.8352,7.8352,7.8352,7.8352,7.8352,7.8352,7.8352,7.8352,7.8352,7.8352,7.8352,7.8352,7.8352,7.8352,7.8352,7.8352,7.8352,7.8352,7.8352,7.8352,7.8352,7.8352,7.8352,7.8352,7.8352,7.8352,7.8352,7.8352,7.8352,7.8352,7.8352,7.8352,7.8352,7.8352,7.8352,7.8352,7.8352,7.8352,7.8352,7.8352,7.8352,7.8352,7.8352,7.8352,7.8352,7.8352,7.8352,7.8352,7.8352,7.8352,7.8352,7.8352,7.8352,7.8352,7.8352,7.8352,7.8352,7.8352,7.8352,7.8352,7.8352,7.8352,7.8352,7.8352,7.8352,7.8352,7.8352,7.8352,7.8352,7.8352,7.8352,7.8352,7.8352,7.8352,7.8352,7.8352,7.8352,7.8352,7.8352,7.8352,7.8352,7.8352,7.8352,7.8352,7.8352,7.8352,7.8352,7.8352,7.8352,7.8352,7.8352,7.8352,7.8352,7.8352,7.8352,7.8352,7.8352,7.8352,7.8352,7.8352,7.8352,7.8352,7.8352,7.8352,7.8352,7.8352,7.8352,7.8352,7.8352,7.8352,7.8352,7.8352,7.8352,7.8352,7.8352,7.8352,7.8352,7.8352,7.8352,7.8352,7.8352,7.8352,7.8352,7.8352,7.8352,7.8352,7.8352,7.8352,7.8352,7.8352,7.8352,7.8352,7.8352,7.8352,7.8352,7.8352,7.8352,7.8352,7.8352,7.8352,7.8352,7.8352,7.8352,7.8352,7.8352,7.8352,7.8352,7.8352,7.8352,7.8352,7.8352,7.8352,7.8352,7.8352,7.8352,7.8352,7.8352,7.8352,7.8352,7.8352,7.8352,7.8352,7.8352,7.8352,7.8352,7.8352,7.8352,7.8352,7.8352,7.8352,7.8352,7.8352,7.8352,7.8352,7.8352,7.8352,7.8352,7.8352,7.8352,7.8352,7.8352,7.8352,7.8352,7.8352,7.8352,7.8352,7.8352,7.8352,7.8352,7.8352,7.8352,7.8352,7.8352,7.8352,7.8352,7.8352,7.8352,7.8352,7.8352,7.8352,7.8352,7.8352,7.8352,7.8352,7.8352,7.8352,7.8352,7.8352,7.8352,7.8352,7.8352,7.8352,7.8352,7.8352,7.8352,7.8352,7.8352,7.8352,7.8352,7.8352,7.8352,7.8352,7.8352,7.8352,7.8352,7.8352,7.8352,7.8352,7.8352,7.8352,7.8352,7.8352,7.8352,7.8352,7.8352,7.8352
7.8286,7.8286,7.8286,7.8286,7.8286,7.8286,7.8286,7.8286,7.8286,7.8286,7.8286,7.8286,7.8286,7.8286,7.8286,7.8286,7.8286,7.8286,7.8286,7.8286,7.8286,7.8286,7.8286,7.8286,7.8286,7.8286,7.8286,7.8286,7.8286,7.8286,7.8286,7.8286,7.8286,7.8286,7.8286,7.8286,7.8286,7.8286,7.8286,7.8286,7.8286,7.8286,7.8286,7.8286,7.8286,7.8286,7.8286,7.8286,7.8286,7.8286,7.8286,7.8286,7.8286,7.8286,7.8286,7.8286,7.8286,7.8286,7.8286,7.8286,7.8286,7.8286,7.8286,7.8286,7.8286,7.8286,7.8286,7.8286,7.8286,7.8286,7.8286,7.8286,7.8286,7.8286,7.8286,7.8286,7.8286,7.8286,7.8286,7.8286,7.8286,7.8286,7.8286,7.8286,7.8286,7.8286,7.8286,7.8286,7.8286,7.8286,7.8286,7.8286,7.8286,7.8286,7.8286,7.8286,7.8286,7.8286,7.8286,7.8286,7.8286,7.8286,7.8286,7.8286,7.8286,7.8286,7.8286,7.8286,7.8286,7.8286,7.8286,7.8286,7.8286,7.8286,7.8286,7.8286,7.8286,7.8286,7.8286,7.8286,7.8286,7.8286,7.8286,7.8286,7.8286,7.8286,7.8286,7.8286,7.8286,7.8286,7.8286,7.8286,7.8286,7.8286,7.8286,7.8286,7.8286,7.8286,7.8286,7.8286,7.8286,7.8286,7.8286,7.8286,7.8286,7.8286,7.8286,7.8286,7.8286,7.8286,7.8286,7.8286,7.8286,7.8286,7.8286,7.8286,7.8286,7.8286,7.8286,7.8286,7.8286,7.8286,7.8286,7.8286,7.8286,7.8286,7.8286,7.8286,7.8286,7.8286,7.8286,7.8286,7.8286,7.8286,7.8286,7.8286,7.8286,7.8286,7.8286,7.8286,7.8286,7.8286,7.8286,7.8286,7.8286,7.8286,7.8286,7.8286,7.8286,7.8286,7.8286,7.8286,7.8286,7.8286,7.8286,7.8286,7.8286,7.8286,7.8286,7.8286,7.8286,7.8286,7.8286,7.8286,7.8286,7.8286,7.8286,7.8286,7.8286,7.8286,7.8286,7.8286,7.8286,7.8286,7.8286,7.8286,7.8286,7.8286,7.8286,7.8286,7.8286,7.8286,7.8286,7.8286,7.8286,7.8286,7.8286,7.8286,7.8286,7.8286,7.8286,7.8286,7.8286,7.8286,7.8286,7.8286,7.8286,7.8286,7.8286,7.8286,7.8286,7.8286,7.8286,7.8286,7.8286,7.8286,7.8286,7.8286,7.8286,7.8286,7.8286,7.8286,7.8286,7.8286,7.8286,7.8286,7.8286,7.8286,7.8286,7.8286,7.8286,7.8286,7.8286,7.8286,7.8286,7.8286,7.8286,7.8286,7.8286,7.8286,7.8286,7.8286,7.8286,7.8286,7.8286,7.8286,7.8286,7.8286,7.8286,7.8286,7.8286,7.8286,7.8286,7.8286,7.8286,7.8286,7.8286,7.8286,7.8286,7.8286,7.8286,7.8286,7.8286,7.8286,7.8286,7.8286,7.8286,7.8286,7.8286,7.8286,7.8286,7.8286,7.8286,7.8286,7.8286,7.8286,7.8286,7.8286,7.8286,7.8286,7.8286,7.8286,7.8286,7.8286,7.8286,7.8286,7.8286,7.8286,7.8286,7.8286,7.8286,7.8286,7.8286,7.8286,7.8286,7.8286,7.8286,7.8286,7.8286,7.8286,7.8286,7.8286,7.8286,7.8286,7.8286,7.8286,7.8286,7.8286,7.8286,7.8286,7.8286,7.8286,7.8286,7.8286,7.8286,7.8286,7.8286,7.8286,7.8286,7.8286,7.8286,7.8286,7.8286,7.8286,7.8286,7.8286,7.8286,7.8286,7.8286,7.8286,7.8286,7.8286,7.8286,7.8286,7.8286,7.8286,7.8286,7.8286,7.8286,7.8286,7.8286,7.8286,7.8286,7.8286,7.8286,7.8286,7.8286,7.8286,7.8286,7.8286,7.8286,7.8286,7.8286,7.8286,7.8286,7.8286,7.8286,7.8286,7.8286,7.8286,7.8286,7.8286,7.8286,7.8286,7.8286,7.8286,7.8286,7.8286,7.8286,7.8286,7.8286,7.8286,7.8286,7.8286,7.8286,7.8286,7.8286,7.8286,7.8286,7.8286,7.8286,7.8286,7.8286,7.8286,7.8286,7.8286,7.8286,7.8286,7.8286,7.8286,7.8286,7.8286,7.8286,7.8286,7.8286,7.8286,7.8286,7.8286,7.8286,7.8286,7.8286,7.8286,7.8286,7.8286,7.8286,7.8286,7.8286,7.8286,7.8286,7.8286,7.8286,7.8286,6.2136,6.2071,6.2005,6.1941,6.1877,6.1811,6.1743,6.1677,6.1611,6.1548,6.1489,6.1429,6.1368,6.1308,6.1247,6.1185,6.1122,6.1122,6.1134,6.1145,6.1158,6.1169,6.1180,6.1191,6.1200,6.1212,6.1223,6.1232,6.1243,6.1254,6.1265,6.1274,6.1285,6.1296,6.1305,6.1317,6.1328,6.1337,6.1348,6.1357,6.1368,6.1379,6.1388,6.1400,6.1409,6.1420,6.1431,6.1440,6.1458,6.1532,6.1609,6.1686,6.1761,6.1838,6.1916,6.1991,6.2069,6.2147,6.2225,6.2304,6.2380,6.2459,6.2536,6.2613,6.2688,6.2765,6.2840,6.2915,6.2993,6.3069,6.3145,6.3223,6.3300,6.3378,6.3455,6.3532,6.3669,6.3829,6.3992,6.4156,6.4313,6.4478,6.4637,6.4799,6.4967,6.5144,6.5313,6.5965,7.8286,7.8286,7.8286,7.8286,7.8286,7.8286,7.8286,7.8286,7.8286,7.8286,7.8286,7.8286,7.8286,7.8286,7.8286,7.8286,7.8286,7.8286,7.8286,7.8286,7.8286,7.8286,7.8286,7.8286,7.8286,7.8286,7.8286,7.8286,7.8286,7.8286,7.8286,7.8286,7.8286,7.8286,7.8286,7.8286,7.8286,7.8286,7.8286,7.8286,7.8286,7.8286,7.8286,7.8286,7.8286,7.8286,7.8286,7.8286,7.8286,7.8286,7.8286,7.8286,7.8286,7.8286,7.8286,7.8286,7.8286,7.8286,7.8286,7.8286,7.8286,7.8286,7.8286,7.8286,7.8286,7.8286,7.8286,7.8286,7.8286,7.8286,7.8286,7.8286,7.8286,7.8286,7.8286,7.8286,7.8286,7.8286,7.8286,7.8286,7.8286,7.8286,7.8286,7.8286,7.8286,7.8286,7.8286,7.8286,7.8286,7.8286,7.8286,7.8286,7.8286,7.8286,7.8286,7.8286,7.8286,7.8286,7.8286,7.8286,7.8286,7.8286,7.8286,7.8286,7.8286,7.8286,7.8286,7.8286,7.8286,7.8286,7.8286,7.8286,7.8286,7.8286,7.8286,7.8286,7.8286,7.8286,7.8286,7.8286,7.8286,7.8286,7.8286,7.8286,7.8286,7.8286,7.8286,7.8286,7.8286,7.8286,7.8286,7.8286,7.8286,7.8286,7.8286,7.8286,7.8286,7.8286,7.8286,7.8286,7.8286,7.8286,7.8286,7.8286,7.8286,7.8286,7.8286,7.8286,7.8286,7.8286,7.8286,7.8286,7.8286,7.8286,7.8286,7.8286,7.8286,7.8286,7.8286,7.8286,7.8286,7.8286,7.8286,7.8286,7.8286,7.8286,7.8286,7.8286,7.8286,7.8286,7.8286,7.8286,7.8286,7.8286,7.8286,7.8286,7.8286,7.8286,7.8286,7.8286,7.8286,7.8286,7.8286,7.8286,7.8286,7.8286,7.8286,7.8286,7.8286,7.8286,7.8286,7.8286,7.8286,7.8286,7.8286,7.8286,7.8286,7.8286,7.8286,7.8286,7.8286,7.8286,7.8286,7.8286,7.8286,7.8286,7.8286,7.8286,7.8286,7.8286,7.8286,7.8286,7.8286,7.8286,7.8286,7.8286,7.8286,7.8286,7.8286,7.8286,7.8286,7.8286,7.8286,7.8286,7.8286,7.8286,7.8286,7.8286,7.8286,7.8286,7.8286,7.8286,7.8286,7.8286,7.8286,7.8286,7.8286,7.8286,7.8286,7.8286,7.8286,7.8286,7.8286,7.8286,7.8286,7.8286,7.8286,7.8286,7.8286,7.8286,7.8286,7.8286,7.8286,7.8286,7.8286,7.8286,7.8286,7.8286,7.8286,7.8286,7.8286,7.8286,7.8286,7.8286,7.8286,7.8286,7.8286,7.8286,7.8286,7.8286,7.8286,7.8286,7.8286,7.8286,7.8286,7.8286,7.8286,7.8286,7.8286,7.8286,7.8286,7.8286,7.8286,7.8286,7.8286,7.8286,7.8286,7.8286,7.8286,7.8286,7.8286,7.8286,7.8286,7.8286,7.8286,7.8286,7.8286,7.8286,7.8286,7.8286,7.8286,7.8286,7.8286,7.8286,7.8286,7.8286,7.8286,7.8286,7.8286,7.8286,7.8286,7.8286,7.8286,7.8286,7.8286,7.8286,7.8286,7.8286,7.8286,7.8286,7.8286,7.8286,7.8286,7.8286,7.8286,7.8286,7.8286,7.8286,7.8286,7.8286,7.8286,7.8286,7.8286,7.8286,7.8286,7.8286,7.8286,7.8286,7.8286,7.8286,7.8286,7.8286,7.8286,7.8286,7.8286,7.8286,7.8286,7.8286,7.8286,7.8286,7.8286,7.8286,7.8286,7.8286,7.8286,7.8286,7.8286,7.8286,7.8286,7.8286,7.8286,7.8286,7.8286,7.8286,7.8286,7.8286,7.8286,7.8286,7.8286,7.8286,7.8286,7.8286,7.8286,7.8286,7.8286,7.8286,7.8286,7.8286,7.8286,7.8286,7.8286,7.8286,7.8286,7.8286,7.8286,7.8286,7.8286,7.8286,7.8286,7.8286,7.8286,7.8286,7.8286,7.8286,7.8286,7.8286,7.8286,7.8286,7.8286,7.8286,7.8286,7.8286,7.8286,7.8286,7.8286,7.8286,7.8286,7.8286,7.8286,7.8286,7.8286,7.8286,7.8286,7.8286,7.8286,7.8286,7.8286,7.8286,7.8286,7.8286,7.8286,7.8286,7.8286,7.8286,7.8286,7.8286,7.8286,7.8286,7.8286,7.8286
7.8213,7.8213,7.8213,7.8213,7.8213,7.8213,7.8213,7.8213,7.8213,7.8213,7.8213,7.8213,7.8213,7.8213,7.8213,7.8213,7.8213,7.8213,7.8213,7.8213,7.8213,7.8213,7.8213,7.8213,7.8213,7.8213,7.8213,7.8213,7.8213,7.8213,7.8213,7.8213,7.8213,7.8213,7.8213,7.8213,7.8213,7.8213,7.8213,7.8213,7.8213,7.8213,7.8213,7.8213,7.8213,7.8213,7.8213,7.8213,7.8213,7.8213,7.8213,7.8213,7.8213,7.8213,7.8213,7.8213,7.8213,7.8213,7.8213,7.8213,7.8213,7.8213,7.8213,7.8213,7.8213,7.8213,7.8213,7.8213,7.8213,7.8213,7.8213,7.8213,7.8213,7.8213,7.8213,7.8213,7.8213,7.8213,7.8213,7.8213,7.8213,7.8213,7.8213,7.8213,7.8213,7.8213,7.8213,7.8213,7.8213,7.8213,7.8213,7.8213,7.8213,7.8213,7.8213,7.8213,7.8213,7.8213,7.8213,7.8213,7.8213,7.8213,7.8213,7.8213,7.8213,7.8213,7.8213,7.8213,7.8213,7.8213,7.8213,7.8213,7.8213,7.8213,7.8213,7.8213,7.8213,7.8213,7.8213,7.8213,7.8213,7.8213,7.8213,7.8213,7.8213,7.8213,7.8213,7.8213,7.8213,7.8213,7.8213,7.8213,7.8213,7.8213,7.8213,7.8213,7.8213,7.8213,7.8213,7.8213,7.8213,7.8213,7.8213,7.8213,7.8213,7.8213,7.8213,7.8213,7.8213,7.8213,7.8213,7.8213,7.8213,7.8213,7.8213,7.8213,7.8213,7.8213,7.8213,7.8213,7.8213,7.8213,7.8213,7.8213,7.8213,7.8213,7.8213,7.8213,7.8213,7.8213,7.8213,7.8213,7.8213,7.8213,7.8213,7.8213,7.8213,7.8213,7.8213,7.8213,7.8213,7.8213,7.8213,7.8213,7.8213,7.8213,7.8213,7.8213,7.8213,7.8213,7.8213,7.8213,7.8213,7.8213,7.8213,7.8213,7.8213,7.8213,7.8213,7.8213,7.8213,7.8213,7.8213,7.8213,7.8213,7.8213,7.8213,7.8213,7.8213,7.8213,7.8213,7.8213,7.8213,7.8213,7.8213,7.8213,7.8213,7.8213,7.8213,7.8213,7.8213,7.8213,7.8213,7.8213,7.8213,7.8213,7.8213,7.8213,7.8213,7.8213,7.8213,7.8213,7.8213,7.8213,7.8213,7.8213,7.8213,7.8213,7.8213,7.8213,7.8213,7.8213,7.8213,7.8213,7.8213,7.8213,7.8213,7.8213,7.8213,7.8213,7.8213,7.8213,7.8213,7.8213,7.8213,7.8213,7.8213,7.8213,7.8213,7.8213,7.8213,7.8213,7.8213,7.8213,7.8213,7.8213,7.8213,7.8213,7.8213,7.8213,7.8213,7.8213,7.8213,7.8213,7.8213,7.8213,7.8213,7.8213,7.8213,7.8213,7.8213,7.8213,7.8213,7.8213,7.8213,7.8213,7.8213,7.8213,7.8213,7.8213,7.8213,7.8213,7.8213,7.8213,7.8213,7.8213,7.8213,7.8213,7.8213,7.8213,7.8213,7.8213,7.8213,7.8213,7.8213,7.8213,7.8213,7.8213,7.8213,7.8213,7.8213,7.8213,7.8213,7.8213,7.8213,7.8213,7.8213,7.8213,7.8213,7.8213,7.8213,7.8213,7.8213,7.8213,7.8213,7.8213,7.8213,7.8213,7.8213,7.8213,7.8213,7.8213,7.8213,7.8213,7.8213,7.8213,7.8213,7.8213,7.8213,7.8213,7.8213,7.8213,7.8213,7.8213,7.8213,7.8213,7.8213,7.8213,7.8213,7.8213,7.8213,7.8213,7.8213,7.8213,7.8213,7.8213,7.8213,7.8213,7.8213,7.8213,7.8213,7.8213,7.8213,7.8213,7.8213,7.8213,7.8213,7.8213,7.8213,7.8213,7.8213,7.8213,7.8213,7.8213,7.8213,7.8213,7.8213,7.8213,7.8213,7.8213,7.8213,7.8213,7.8213,7.8213,7.8213,7.8213,7.8213,7.8213,7.8213,7.8213,7.8213,7.8213,7.8213,7.8213,7.8213,7.8213,7.8213,7.8213,7.8213,7.8213,7.8213,7.8213,7.8213,7.8213,7.8213,7.8213,7.8213,7.8213,7.8213,7.8213,7.8213,7.8213,7.8213,7.8213,7.8213,7.8213,7.8213,7.8213,7.8213,7.8213,7.8213,7.8213,7.8213,7.8213,7.8213,7.8213,7.8213,7.8213,7.8213,7.8213,7.8213,7.8213,7.8213,7.8213,7.8213,7.8213,7.8213,7.8213,7.8213,7.8213,7.8213,6.2048,6.1984,6.1918,6.1854,6.1788,6.1725,6.1657,6.1589,6.1521,6.1460,6.1400,6.1339,6.1281,6.1220,6.1158,6.1094,6.1031,6.1042,6.1054,6.1065,6.1078,6.1089,6.1102,6.1114,6.1125,6.1136,6.1147,6.1156,6.1167,6.1178,6.1187,6.1198,6.1209,6.1220,6.1229,6.1241,6.1252,6.1261,6.1272,6.1281,6.1292,6.1303,6.1312,6.1323,6.1332,6.1343,6.1355,6.1364,6.1384,6.1431,6.1483,6.1559,6.1636,6.1713,6.1790,6.1868,6.1943,6.2021,6.2099,6.2177,6.2253,6.2332,6.2410,6.2487,6.2564,6.2641,6.2716,6.2793,6.2868,6.2944,6.3022,6.3097,6.3173,6.3252,6.3328,6.3405,6.3484,6.3582,6.3742,6.3902,6.4063,6.4224,6.4387,6.4548,6.4712,6.4879,6.5045,6.5217,6.5397,6.5571,6.6155,7.8213,7.8213,7.8213,7.8213,7.8213,7.8213,7.8213,7.8213,7.8213,7.8213,7.8213,7.8213,7.8213,7.8213,7.8213,7.8213,7.8213,7.8213,7.8213,7.8213,7.8213,7.8213,7.8213,7.8213,7.8213,7.8213,7.8213,7.8213,7.8213,7.8213,7.8213,7.8213,7.8213,7.8213,7.8213,7.8213,7.8213,7.8213,7.8213,7.8213,7.8213,7.8213,7.8213,7.8213,7.8213,7.8213,7.8213,7.8213,7.8213,7.8213,7.8213,7.8213,7.8213,7.8213,7.8213,7.8213,7.8213,7.8213,7.8213,7.8213,7.8213,7.8213,7.8213,7.8213,7.8213,7.8213,7.8213,7.8213,7.8213,7.8213,7.8213,7.8213,7.8213,7.8213,7.8213,7.8213,7.8213,7.8213,7.8213,7.8213,7.8213,7.8213,7.8213,7.8213,7.8213,7.8213,7.8213,7.8213,7.8213,7.8213,7.8213,7.8213,7.8213,7.8213,7.8213,7.8213,7.8213,7.8213,7.8213,7.8213,7.8213,7.8213,7.8213,7.8213,7.8213,7.8213,7.8213,7.8213,7.8213,7.8213,7.8213,7.8213,7.8213,7.8213,7.8213,7.8213,7.8213,7.8213,7.8213,7.8213,7.8213,7.8213,7.8213,7.8213,7.8213,7.8213,7.8213,7.8213,7.8213,7.8213,7.8213,7.8213,7.8213,7.8213,7.8213,7.8213,7.8213,7.8213,7.8213,7.8213,7.8213,7.8213,7.8213,7.8213,7.8213,7.8213,7.8213,7.8213,7.8213,7.8213,7.8213,7.8213,7.8213,7.8213,7.8213,7.8213,7.8213,7.8213,7.8213,7.8213,7.8213,7.8213,7.8213,7.8213,7.8213,7.8213,7.8213,7.8213,7.8213,7.8213,7.8213,7.8213,7.8213,7.8213,7.8213,7.8213,7.8213,7.8213,7.8213,7.8213,7.8213,7.8213,7.8213,7.8213,7.8213,7.8213,7.8213,7.8213,7.8213,7.8213,7.8213,7.8213,7.8213,7.8213,7.8213,7.8213,7.8213,7.8213,7.8213,7.8213,7.8213,7.8213,7.8213,7.8213,7.8213,7.8213,7.8213,7.8213,7.8213,7.8213,7.8213,7.8213,7.8213,7.8213,7.8213,7.8213,7.8213,7.8213,7.8213,7.8213,7.8213,7.8213,7.8213,7.8213,7.8213,7.8213,7.8213,7.8213,7.8213,7.8213,7.8213,7.8213,7.8213,7.8213,7.8213,7.8213,7.8213,7.8213,7.8213,7.8213,7.8213,7.8213,7.8213,7.8213,7.8213,7.8213,7.8213,7.8213,7.8213,7.8213,7.8213,7.8213,7.8213,7.8213,7.8213,7.8213,7.8213,7.8213,7.8213,7.8213,7.8213,7.8213,7.8213,7.8213,7.8213,7.8213,7.8213,7.8213,7.8213,7.8213,7.8213,7.8213,7.8213,7.8213,7.8213,7.8213,7.8213,7.8213,7.8213,7.8213,7.8213,7.8213,7.8213,7.8213,7.8213,7.8213,7.8213,7.8213,7.8213,7.8213,7.8213,7.8213,7.8213,7.8213,7.8213,7.8213,7.8213,7.8213,7.8213,7.8213,7.8213,7.8213,7.8213,7.8213,7.8213,7.8213,7.8213,7.8213,7.8213,7.8213,7.8213,7.8213,7.8213,7.8213,7.8213,7.8213,7.8213,7.8213,7.8213,7.8213,7.8213,7.8213,7.8213,7.8213,7.8213,7.8213,7.8213,7.8213,7.8213,7.8213,7.8213,7.8213,7.8213,7.8213,7.8213,7.8213,7.8213,7.8213,7.8213,7.8213,7.8213,7.8213,7.8213,7.8213,7.8213,7.8213,7.8213,7.8213,7.8213,7.8213,7.8213,7.8213,7.8213,7.8213,7.8213,7.8213,7.8213,7.8213,7.8213,7.8213,7.8213,7.8213,7.8213,7.8213,7.8213,7.8213,7.8213,7.8213,7.8213,7.8213,7.8213,7.8213,7.8213,7.8213,7.8213,7.8213,7.8213,7.8213,7.8213,7.8213,7.8213,7.8213,7.8213,7.8213,7.8213,7.8213,7.8213,7.8213,7.8213,7.8213,7.8213,7.8213,7.8213,7.8213,7.8213,7.8213,7.8213,7.8213,7.8213,7.8213,7.8213,7.8213,7.8213,7.8213,7.8213,7.8213,7.8213,7.8213,7.8213,7.8213,7.8213,7.8213,7.8213,7.8213,7.8213,7.8213,7.8213,7.8213,7.8213,7.8213,7.8213,7.8213,7.8213,7.8213,7.8213,7.8213,7.8213,7.8213
7.8144,7.8144,7.8144,7.8144,7.8144,7.8144,7.8144,7.8144,7.8144,7.8144,7.8144,7.8144,7.8144,7.8144,7.8144,7.8144,7.8144,7.8144,7.8144,7.8144,7.8144,7.8144,7.8144,7.8144,7.8144,7.8144,7.8144,7.8144,7.8144,7.8144,7.8144,7.8144,7.8144,7.8144,7.8144,7.8144,7.8144,7.8144,7.8144,7.8144,7.8144,7.8144,7.8144,7.8144,7.8144,7.8144,7.8144,7.8144,7.8144,7.8144,7.8144,7.8144,7.8144,7.8144,7.8144,7.8144,7.8144,7.8144,7.8144,7.8144,7.8144,7.8144,7.8144,7.8144,7.8144,7.8144,7.8144,7.8144,7.8144,7.8144,7.8144,7.8144,7.8144,7.8144,7.8144,7.8144,7.8144,7.8144,7.8144,7.8144,7.8144,7.8144,7.8144,7.8144,7.8144,7.8144,7.8144,7.8144,7.8144,7.8144,7.8144,7.8144,7.8144,7.8144,7.8144,7.8144,7.8144,7.8144,7.8144,7.8144,7.8144,7.8144,7.8144,7.8144,7.8144,7.8144,7.8144,7.8144,7.8144,7.8144,7.8144,7.8144,7.8144,7.8144,7.8144,7.8144,7.8144,7.8144,7.8144,7.8144,7.8144,7.8144,7.8144,7.8144,7.8144,7.8144,7.8144,7.8144,7.8144,7.8144,7.8144,7.8144,7.8144,7.8144,7.8144,7.8144,7.8144,7.8144,7.8144,7.8144,7.8144,7.8144,7.8144,7.8144,7.8144,7.8144,7.8144,7.8144,7.8144,7.8144,7.8144,7.8144,7.8144,7.8144,7.8144,7.8144,7.8144,7.8144,7.8144,7.8144,7.8144,7.8144,7.8144,7.8144,7.8144,7.8144,7.8144,7.8144,7.8144,7.8144,7.8144,7.8144,7.8144,7.8144,7.8144,7.8144,7.8144,7.8144,7.8144,7.8144,7.8144,7.8144,7.8144,7.8144,7.8144,7.8144,7.8144,7.8144,7.8144,7.8144,7.8144,7.8144,7.8144,7.8144,7.8144,7.8144,7.8144,7.8144,7.8144,7.8144,7.8144,7.8144,7.8144,7.8144,7.8144,7.8144,7.8144,7.8144,7.8144,7.8144,7.8144,7.8144,7.8144,7.8144,7.8144,7.8144,7.8144,7.8144,7.8144,7.8144,7.8144,7.8144,7.8144,7.8144,7.8144,7.8144,7.8144,7.8144,7.8144,7.8144,7.8144,7.8144,7.8144,7.8144,7.8144,7.8144,7.8144,7.8144,7.8144,7.8144,7.8144,7.8144,7.8144,7.8144,7.8144,7.8144,7.8144,7.8144,7.8144,7.8144,7.8144,7.8144,7.8144,7.8144,7.8144,7.8144,7.8144,7.8144,7.8144,7.8144,7.8144,7.8144,7.8144,7.8144,7.8144,7.8144,7.8144,7.8144,7.8144,7.8144,7.8144,7.8144,7.8144,7.8144,7.8144,7.8144,7.8144,7.8144,7.8144,7.8144,7.8144,7.8144,7.8144,7.8144,7.8144,7.8144,7.8144,7.8144,7.8144,7.8144,7.8144,7.8144,7.8144,7.8144,7.8144,7.8144,7.8144,7.8144,7.8144,7.8144,7.8144,7.8144,7.8144,7.8144,7.8144,7.8144,7.8144,7.8144,7.8144,7.8144,7.8144,7.8144,7.8144,7.8144,7.8144,7.8144,7.8144,7.8144,7.8144,7.8144,7.8144,7.8144,7.8144,7.8144,7.8144,7.8144,7.8144,7.8144,7.8144,7.8144,7.8144,7.8144,7.8144,7.8144,7.8144,7.8144,7.8144,7.8144,7.8144,7.8144,7.8144,7.8144,7.8144,7.8144,7.8144,7.8144,7.8144,7.8144,7.8144,7.8144,7.8144,7.8144,7.8144,7.8144,7.8144,7.8144,7.8144,7.8144,7.8144,7.8144,7.8144,7.8144,7.8144,7.8144,7.8144,7.8144,7.8144,7.8144,7.8144,7.8144,7.8144,7.8144,7.8144,7.8144,7.8144,7.8144,7.8144,7.8144,7.8144,7.8144,7.8144,7.8144,7.8144,7.8144,7.8144,7.8144,7.8144,7.8144,7.8144,7.8144,7.8144,7.8144,7.8144,7.8144,7.8144,7.8144,7.8144,7.8144,7.8144,7.8144,7.8144,7.8144,7.8144,7.8144,7.8144,7.8144,7.8144,7.8144,7.8144,7.8144,7.8144,7.8144,7.8144,7.8144,7.8144,7.8144,7.8144,7.8144,7.8144,7.8144,7.8144,7.8144,7.8144,7.8144,7.8144,7.8144,7.8144,7.8144,7.8144,7.8144,7.8144,7.8144,7.8144,7.8144,7.8144,7.8144,7.8144,7.8144,7.8144,7.8144,6.1961,6.1895,6.1831,6.1765,6.1700,6.1632,6.1566,6.1498,6.1433,6.1373,6.1312,6.1252,6.1191,6.1129,6.1067,6.1003,6.0949,6.0963,6.0974,6.0985,6.0998,6.1009,6.1020,6.1034,6.1047,6.1058,6.1069,6.1080,6.1091,6.1102,6.1111,6.1122,6.1134,6.1142,6.1154,6.1165,6.1176,6.1185,6.1196,6.1205,6.1216,6.1227,6.1236,6.1247,6.1256,6.1267,6.1276,6.1288,6.1312,6.1357,6.1402,6.1447,6.1512,6.1589,6.1668,6.1743,6.1818,6.1895,6.1973,6.2051,6.2129,6.2205,6.2283,6.2362,6.2438,6.2517,6.2592,6.2669,6.2744,6.2821,6.2897,6.2972,6.3050,6.3126,6.3202,6.3280,6.3357,6.3433,6.3513,6.3655,6.3814,6.3977,6.4141,6.4300,6.4466,6.4622,6.4787,6.4957,6.5128,6.5296,6.5471,6.5650,6.5820,7.8144,7.8144,7.8144,7.8144,7.8144,7.8144,7.8144,7.8144,7.8144,7.8144,7.8144,7.8144,7.8144,7.8144,7.8144,7.8144,7.8144,7.8144,7.8144,7.8144,7.8144,7.8144,7.8144,7.8144,7.8144,7.8144,7.8144,7.8144,7.8144,7.8144,7.8144,7.8144,7.8144,7.8144,7.8144,7.8144,7.8144,7.8144,7.8144,7.8144,7.8144,7.8144,7.8144,7.8144,7.8144,7.8144,7.8144,7.8144,7.8144,7.8144,7.8144,7.8144,7.8144,7.8144,7.8144,7.8144,7.8144,7.8144,7.8144,7.8144,7.8144,7.8144,7.8144,7.8144,7.8144,7.8144,7.8144,7.8144,7.8144,7.8144,7.8144,7.8144,7.8144,7.8144,7.8144,7.8144,7.8144,7.8144,7.8144,7.8144,7.8144,7.8144,7.8144,7.8144,7.8144,7.8144,7.8144,7.8144,7.8144,7.8144,7.8144,7.8144,7.8144,7.8144,7.8144,7.8144,7.8144,7.8144,7.8144,7.8144,7.8144,7.8144,7.8144,7.8144,7.8144,7.8144,7.8144,7.8144,7.8144,7.8144,7.8144,7.8144,7.8144,7.8144,7.8144,7.8144,7.8144,7.8144,7.8144,7.8144,7.8144,7.8144,7.8144,7.8144,7.8144,7.8144,7.8144,7.8144,7.8144,7.8144,7.8144,7.8144,7.8144,7.8144,7.8144,7.8144,7.8144,7.8144,7.8144,7.8144,7.8144,7.8144,7.8144,7.8144,7.8144,7.8144,7.8144,7.8144,7.8144,7.8144,7.8144,7.8144,7.8144,7.8144,7.8144,7.8144,7.8144,7.8144,7.8144,7.8144,7.8144,7.8144,7.8144,7.8144,7.8144,7.8144,7.8144,7.8144,7.8144,7.8144,7.8144,7.8144,7.8144,7.8144,7.8144,7.8144,7.8144,7.8144,7.8144,7.8144,7.8144,7.8144,7.8144,7.8144,7.8144,7.8144,7.8144,7.8144,7.8144,7.8144,7.8144,7.8144,7.8144,7.8144,7.8144,7.8144,7.8144,7.8144,7.8144,7.8144,7.8144,7.8144,7.8144,7.8144,7.8144,7.8144,7.8144,7.8144,7.8144,7.8144,7.8144,7.8144,7.8144,7.8144,7.8144,7.8144,7.8144,7.8144,7.8144,7.8144,7.8144,7.8144,7.8144,7.8144,7.8144,7.8144,7.8144,7.8144,7.8144,7.8144,7.8144,7.8144,7.8144,7.8144,7.8144,7.8144,7.8144,7.8144,7.8144,7.8144,7.8144,7.8144,7.8144,7.8144,7.8144,7.8144,7.8144,7.8144,7.8144,7.8144,7.8144,7.8144,7.8144,7.8144,7.8144,7.8144,7.8144,7.8144,7.8144,7.8144,7.8144,7.8144,7.8144,7.8144,7.8144,7.8144,7.8144,7.8144,7.8144,7.8144,7.8144,7.8144,7.8144,7.8144,7.8144,7.8144,7.8144,7.8144,7.8144,7.8144,7.8144,7.8144,7.8144,7.8144,7.8144,7.8144,7.8144,7.8144,7.8144,7.8144,7.8144,7.8144,7.8144,7.8144,7.8144,7.8144,7.8144,7.8144,7.8144,7.8144,7.8144,7.8144,7.8144,7.8144,7.8144,7.8144,7.8144,7.8144,7.8144,7.8144,7.8144,7.8144,7.8144,7.8144,7.8144,7.8144,7.8144,7.8144,7.8144,7.8144,7.8144,7.8144,7.8144,7.8144,7.8144,7.8144,7.8144,7.8144,7.8144,7.8144,7.8144,7.8144,7.8144,7.8144,7.8144,7.8144,7.8144,7.8144,7.8144,7.8144,7.8144,7.8144,7.8144,7.8144,7.8144,7.8144,7.8144,7.8144,7.8144,7.8144,7.8144,7.8144,7.8144,7.8144,7.8144,7.8144,7.8144,7.8144,7.8144,7.8144,7.8144,7.8144,7.8144,7.8144,7.8144,7.8144,7.8144,7.8144,7.8144,7.8144,7.8144,7.8144,7.8144,7.8144,7.8144,7.8144,7.8144,7.8144,7.8144,7.8144,7.8144,7.8144,7.8144,7.8144,7.8144,7.8144,7.8144,7.8144,7.8144,7.8144,7.8144,7.8144,7.8144,7.8144,7.8144,7.8144,7.8144,7.8144,7.8144,7.8144,7.8144,7.8144,7.8144,7.8144,7.8144,7.8144,7.8144,7.8144,7.8144,7.8144,7.8144,7.8144,7.8144,7.8144,7.8144,7.8144,7.8144,7.8144,7.8144,7.8144,7.8144,7.8144,7.8144,7.8144,7.8144,7.8144,7.8144
7.8079,7.8079,7.8079,7.8079,7.8079,7.8079,7.8079,7.8079,7.8079,7.8079,7.8079,7.8079,7.8079,7.8079,7.8079,7.8079,7.8079,7.8079,7.8079,7.8079,7.8079,7.8079,7.8079,7.8079,7.8079,7.8079,7.8079,7.8079,7.8079,7.8079,7.8079,7.8079,7.8079,7.8079,7.8079,7.8079,7.8079,7.8079,7.8079,7.8079,7.8079,7.8079,7.8079,7.8079,7.8079,7.8079,7.8079,7.8079,7.8079,7.8079,7.8079,7.8079,7.8079,7.8079,7.8079,7.8079,7.8079,7.8079,7.8079,7.8079,7.8079,7.8079,7.8079,7.8079,7.8079,7.8079,7.8079,7.8079,7.8079,7.8079,7.8079,7.8079,7.8079,7.8079,7.8079,7.8079,7.8079,7.8079,7.8079,7.8079,7.8079,7.8079,7.8079,7.8079,7.8079,7.8079,7.8079,7.8079,7.8079,7.8079,7.8079,7.8079,7.8079,7.8079,7.8079,7.8079,7.8079,7.8079,7.8079,7.8079,7.8079,7.8079,7.8079,7.8079,7.8079,7.8079,7.8079,7.8079,7.8079,7.8079,7.8079,7.8079,7.8079,7.8079,7.8079,7.8079,7.8079,7.8079,7.8079,7.8079,7.8079,7.8079,7.8079,7.8079,7.8079,7.8079,7.8079,7.8079,7.8079,7.8079,7.8079,7.8079,7.8079,7.8079,7.8079,7.8079,7.8079,7.8079,7.8079,7.8079,7.8079,7.8079,7.8079,7.8079,7.8079,7.8079,7.8079,7.8079,7.8079,7.8079,7.8079,7.8079,7.8079,7.8079,7.8079,7.8079,7.8079,7.8079,7.8079,7.8079,7.8079,7.8079,7.8079,7.8079,7.8079,7.8079,7.8079,7.8079,7.8079,7.8079,7.8079,7.8079,7.8079,7.8079,7.8079,7.8079,7.8079,7.8079,7.8079,7.8079,7.8079,7.8079,7.8079,7.8079,7.8079,7.8079,7.8079,7.8079,7.8079,7.8079,7.8079,7.8079,7.8079,7.8079,7.8079,7.8079,7.8079,7.8079,7.8079,7.8079,7.8079,7.8079,7.8079,7.8079,7.8079,7.8079,7.8079,7.8079,7.8079,7.8079,7.8079,7.8079,7.8079,7.8079,7.8079,7.8079,7.8079,7.8079,7.8079,7.8079,7.8079,7.8079,7.8079,7.8079,7.8079,7.8079,7.8079,7.8079,7.8079,7.8079,7.8079,7.8079,7.8079,7.8079,7.8079,7.8079,7.8079,7.8079,7.8079,7.8079,7.8079,7.8079,7.8079,7.8079,7.8079,7.8079,7.8079,7.8079,7.8079,7.8079,7.8079,7.8079,7.8079,7.8079,7.8079,7.8079,7.8079,7.8079,7.8079,7.8079,7.8079,7.8079,7.8079,7.8079,7.8079,7.8079,7.8079,7.8079,7.8079,7.8079,7.8079,7.8079,7.8079,7.8079,7.8079,7.8079,7.8079,7.8079,7.8079,7.8079,7.8079,7.8079,7.8079,7.8079,7.8079,7.8079,7.8079,7.8079,7.8079,7.8079,7.8079,7.8079,7.8079,7.8079,7.8079,7.8079,7.8079,7.8079,7.8079,7.8079,7.8079,7.8079,7.8079,7.8079,7.8079,7.8079,7.8079,7.8079,7.8079,7.8079,7.8079,7.8079,7.8079,7.8079,7.8079,7.8079,7.8079,7.8079,7.8079,7.8079,7.8079,7.8079,7.8079,7.8079,7.8079,7.8079,7.8079,7.8079,7.8079,7.8079,7.8079,7.8079,7.8079,7.8079,7.8079,7.8079,7.8079,7.8079,7.8079,7.8079,7.8079,7.8079,7.8079,7.8079,7.8079,7.8079,7.8079,7.8079,7.8079,7.8079,7.8079,7.8079,7.8079,7.8079,7.8079,7.8079,7.8079,7.8079,7.8079,7.8079,7.8079,7.8079,7.8079,7.8079,7.8079,7.8079,7.8079,7.8079,7.8079,7.8079,7.8079,7.8079,7.8079,7.8079,7.8079,7.8079,7.8079,7.8079,7.8079,7.8079,7.8079,7.8079,7.8079,7.8079,7.8079,7.8079,7.8079,7.8079,7.8079,7.8079,7.8079,7.8079,7.8079,7.8079,7.8079,7.8079,7.8079,7.8079,7.8079,7.8079,7.8079,7.8079,7.8079,7.8079,7.8079,7.8079,7.8079,7.8079,7.8079,7.8079,7.8079,7.8079,7.8079,7.8079,7.8079,7.8079,7.8079,7.8079,7.8079,7.8079,7.8079,7.8079,7.8079,7.8079,7.8079,7.8079,7.8079,7.8079,7.8079,7.8079,7.8079,7.8079,7.8079,7.8079,7.8079,7.8079,7.8079,7.8079,7.8079,6.1872,6.1809,6.1743,6.1677,6.1609,6.1544,6.1476,6.1411,6.1346,6.1285,6.1225,6.1165,6.1102,6.1038,6.0976,6.0912,6.0872,6.0883,6.0894,6.0905,6.0918,6.0930,6.0941,6.0954,6.0965,6.0978,6.0991,6.1003,6.1016,6.1025,6.1036,6.1047,6.1058,6.1067,6.1078,6.1089,6.1098,6.1109,6.1120,6.1129,6.1140,6.1151,6.1160,6.1171,6.1180,6.1191,6.1200,6.1212,6.1238,6.1283,6.1328,6.1375,6.1420,6.1465,6.1539,6.1618,6.1693,6.1770,6.1847,6.1925,6.2003,6.2078,6.2156,6.2235,6.2313,6.2389,6.2468,6.2545,6.2620,6.2697,6.2772,6.2847,6.2925,6.3000,6.3078,6.3154,6.3230,6.3311,6.3386,6.3462,6.3565,6.3727,6.3887,6.4053,6.4214,6.4379,6.4535,6.4699,6.4869,6.5030,6.5207,6.5377,6.5550,6.5730,6.5900,7.8079,7.8079,7.8079,7.8079,7.8079,7.8079,7.8079,7.8079,7.8079,7.8079,7.8079,7.8079,7.8079,7.8079,7.8079,7.8079,7.8079,7.8079,7.8079,7.8079,7.8079,7.8079,7.8079,7.8079,7.8079,7.8079,7.8079,7.8079,7.8079,7.8079,7.8079,7.8079,7.8079,7.8079,7.8079,7.8079,7.8079,7.8079,7.8079,7.8079,7.8079,7.8079,7.8079,7.8079,7.8079,7.8079,7.8079,7.8079,7.8079,7.8079,7.8079,7.8079,7.8079,7.8079,7.8079,7.8079,7.8079,7.8079,7.8079,7.8079,7.8079,7.8079,7.8079,7.8079,7.8079,7.8079,7.8079,7.8079,7.8079,7.8079,7.8079,7.8079,7.8079,7.8079,7.8079,7.8079,7.8079,7.8079,7.8079,7.8079,7.8079,7.8079,7.8079,7.8079,7.8079,7.8079,7.8079,7.8079,7.8079,7.8079,7.8079,7.8079,7.8079,7.8079,7.8079,7.8079,7.8079,7.8079,7.8079,7.8079,7.8079,7.8079,7.8079,7.8079,7.8079,7.8079,7.8079,7.8079,7.8079,7.8079,7.8079,7.8079,7.8079,7.8079,7.8079,7.8079,7.8079,7.8079,7.8079,7.8079,7.8079,7.8079,7.8079,7.8079,7.8079,7.8079,7.8079,7.8079,7.8079,7.8079,7.8079,7.8079,7.8079,7.8079,7.8079,7.8079,7.8079,7.8079,7.8079,7.8079,7.8079,7.8079,7.8079,7.8079,7.8079,7.8079,7.8079,7.8079,7.8079,7.8079,7.8079,7.8079,7.8079,7.8079,7.8079,7.8079,7.8079,7.8079,7.8079,7.8079,7.8079,7.8079,7.8079,7.8079,7.8079,7.8079,7.8079,7.8079,7.8079,7.8079,7.8079,7.8079,7.8079,7.8079,7.8079,7.8079,7.8079,7.8079,7.8079,7.8079,7.8079,7.8079,7.8079,7.8079,7.8079,7.8079,7.8079,7.8079,7.8079,7.8079,7.8079,7.8079,7.8079,7.8079,7.8079,7.8079,7.8079,7.8079,7.8079,7.8079,7.8079,7.8079,7.8079,7.8079,7.8079,7.8079,7.8079,7.8079,7.8079,7.8079,7.8079,7.8079,7.8079,7.8079,7.8079,7.8079,7.8079,7.8079,7.8079,7.8079,7.8079,7.8079,7.8079,7.8079,7.8079,7.8079,7.8079,7.8079,7.8079,7.8079,7.8079,7.8079,7.8079,7.8079,7.8079,7.8079,7.8079,7.8079,7.8079,7.8079,7.8079,7.8079,7.8079,7.8079,7.8079,7.8079,7.8079,7.8079,7.8079,7.8079,7.8079,7.8079,7.8079,7.8079,7.8079,7.8079,7.8079,7.8079,7.8079,7.8079,7.8079,7.8079,7.8079,7.8079,7.8079,7.8079,7.8079,7.8079,7.8079,7.8079,7.8079,7.8079,7.8079,7.8079,7.8079,7.8079,7.8079,7.8079,7.8079,7.8079,7.8079,7.8079,7.8079,7.8079,7.8079,7.8079,7.8079,7.8079,7.8079,7.8079,7.8079,7.8079,7.8079,7.8079,7.8079,7.8079,7.8079,7.8079,7.8079,7.8079,7.8079,7.8079,7.8079,7.8079,7.8079,7.8079,7.8079,7.8079,7.8079,7.8079,7.8079,7.8079,7.8079,7.8079,7.8079,7.8079,7.8079,7.8079,7.8079,7.8079,7.8079,7.8079,7.8079,7.8079,7.8079,7.8079,7.8079,7.8079,7.8079,7.8079,7.8079,7.8079,7.8079,7.8079,7.8079,7.8079,7.8079,7.8079,7.8079,7.8079,7.8079,7.8079,7.8079,7.8079,7.8079,7.8079,7.8079,7.8079,7.8079,7.8079,7.8079,7.8079,7.8079,7.8079,7.8079,7.8079,7.8079,7.8079,7.8079,7.8079,7.8079,7.8079,7.8079,7.8079,7.8079,7.8079,7.8079,7.8079,7.8079,7.8079,7.8079,7.8079,7.8079,7.8079,7.8079,7.8079,7.8079,7.8079,7.8079,7.8079,7.8079,7.8079,7.8079,7.8079,7.8079,7.8079,7.8079,7.8079,7.8079,7.8079,7.8079,7.8079,7.8079,7.8079,7.8079,7.8079,7.8079,7.8079,7.8079,7.8079,7.8079,7.8079,7.8079,7.8079,7.8079,7.8079,7.8079,7.8079,7.8079,7.8079,7.8079,7.8079,7.8079,7.8079,7.8079,7.8079,7.8079,7.8079,7.8079,7.8079,7.8079,7.8079,7.8079,7.8079,7.8079,7.8079
7.8014,7.8014,7.8014,7.8014,7.8014,7.8014,7.8014,7.8014,7.8014,7.8014,7.8014,7.8014,7.8014,7.8014,7.8014,7.8014,7.8014,7.8014,7.8014,7.8014,7.8014,7.8014,7.8014,7.8014,7.8014,7.8014,7.8014,7.8014,7.8014,7.8014,7.8014,7.8014,7.8014,7.8014,7.8014,7.8014,7.8014,7.8014,7.8014,7.8014,7.8014,7.8014,7.8014,7.8014,7.8014,7.8014,7.8014,7.8014,7.8014,7.8014,7.8014,7.8014,7.8014,7.8014,7.8014,7.8014,7.8014,7.8014,7.8014,7.8014,7.8014,7.8014,7.8014,7.8014,7.8014,7.8014,7.8014,7.8014,7.8014,7.8014,7.8014,7.8014,7.8014,7.8014,7.8014,7.8014,7.8014,7.8014,7.8014,7.8014,7.8014,7.8014,7.8014,7.8014,7.8014,7.8014,7.8014,7.8014,7.8014,7.8014,7.8014,7.8014,7.8014,7.8014,7.8014,7.8014,7.8014,7.8014,7.8014,7.8014,7.8014,7.8014,7.8014,7.8014,7.8014,7.8014,7.8014,7.8014,7.8014,7.8014,7.8014,7.8014,7.8014,7.8014,7.8014,7.8014,7.8014,7.8014,7.8014,7.8014,7.8014,7.8014,7.8014,7.8014,7.8014,7.8014,7.8014,7.8014,7.8014,7.8014,7.8014,7.8014,7.8014,7.8014,7.8014,7.8014,7.8014,7.8014,7.8014,7.8014,7.8014,7.8014,7.8014,7.8014,7.8014,7.8014,7.8014,7.8014,7.8014,7.8014,7.8014,7.8014,7.8014,7.8014,7.8014,7.8014,7.8014,7.8014,7.8014,7.8014,7.8014,7.8014,7.8014,7.8014,7.8014,7.8014,7.8014,7.8014,7.8014,7.8014,7.8014,7.8014,7.8014,7.8014,7.8014,7.8014,7.8014,7.8014,7.8014,7.8014,7.8014,7.8014,7.8014,7.8014,7.8014,7.8014,7.8014,7.8014,7.8014,7.8014,7.8014,7.8014,7.8014,7.8014,7.8014,7.8014,7.8014,7.8014,7.8014,7.8014,7.8014,7.8014,7.8014,7.8014,7.8014,7.8014,7.8014,7.8014,7.8014,7.8014,7.8014,7.8014,7.8014,7.8014,7.8014,7.8014,7.8014,7.8014,7.8014,7.8014,7.8014,7.8014,7.8014,7.8014,7.8014,7.8014,7.8014,7.8014,7.8014,7.8014,7.8014,7.8014,7.8014,7.8014,7.8014,7.8014,7.8014,7.8014,7.8014,7.8014,7.8014,7.8014,7.8014,7.8014,7.8014,7.8014,7.8014,7.8014,7.8014,7.8014,7.8014,7.8014,7.8014,7.8014,7.8014,7.8014,7.8014,7.8014,7.8014,7.8014,7.8014,7.8014,7.8014,7.8014,7.8014,7.8014,7.8014,7.8014,7.8014,7.8014,7.8014,7.8014,7.8014,7.8014,7.8014,7.8014,7.8014,7.8014,7.8014,7.8014,7.8014,7.8014,7.8014,7.8014,7.8014,7.8014,7.8014,7.8014,7.8014,7.8014,7.8014,7.8014,7.8014,7.8014,7.8014,7.8014,7.8014,7.8014,7.8014,7.8014,7.8014,7.8014,7.8014,7.8014,7.8014,7.8014,7.8014,7.8014,7.8014,7.8014,7.8014,7.8014,7.8014,7.8014,7.8014,7.8014,7.8014,7.8014,7.8014,7.8014,7.8014,7.8014,7.8014,7.8014,7.8014,7.8014,7.8014,7.8014,7.8014,7.8014,7.8014,7.8014,7.8014,7.8014,7.8014,7.8014,7.8014,7.8014,7.8014,7.8014,7.8014,7.8014,7.8014,7.8014,7.8014,7.8014,7.8014,7.8014,7.8014,7.8014,7.8014,7.8014,7.8014,7.8014,7.8014,7.8014,7.8014,7.8014,7.8014,7.8014,7.8014,7.8014,7.8014,7.8014,7.8014,7.8014,7.8014,7.8014,7.8014,7.8014,7.8014,7.8014,7.8014,7.8014,7.8014,7.8014,7.8014,7.8014,7.8014,7.8014,7.8014,7.8014,7.8014,7.8014,7.8014,7.8014,7.8014,7.8014,7.8014,7.8014,7.8014,7.8014,7.8014,7.8014,7.8014,7.8014,7.8014,7.8014,7.8014,7.8014,7.8014,7.8014,7.8014,7.8014,7.8014,7.8014,7.8014,7.8014,7.8014,7.8014,7.8014,7.8014,7.8014,7.8014,7.8014,7.8014,7.8014,7.8014,7.8014,7.8014,7.8014,7.8014,7.8014,7.8014,7.8014,7.8014,7.8014,7.8014,7.8014,7.8014,7.8014,7.8014,7.8014,7.8014,7.8014,7.8014,7.8014,7.8014,6.1786,6.1720,6.1654,6.1586,6.1521,6.1453,6.1388,6.1323,6.1256,6.1196,6.1136,6.1076,6.1011,6.0947,6.0883,6.0821,6.0793,6.0804,6.0815,6.0826,6.0839,6.0850,6.0861,6.0874,6.0885,6.0899,6.0910,6.0923,6.0936,6.0947,6.0960,6.0972,6.0980,6.0991,6.1003,6.1014,6.1023,6.1034,6.1045,6.1054,6.1065,6.1076,6.1085,6.1096,6.1105,6.1116,6.1125,6.1136,6.1165,6.1209,6.1256,6.1301,6.1346,6.1391,6.1435,6.1489,6.1566,6.1645,6.1725,6.1799,6.1877,6.1952,6.2030,6.2108,6.2186,6.2262,6.2341,6.2420,6.2496,6.2573,6.2648,6.2725,6.2800,6.2875,6.2953,6.3029,6.3105,6.3183,6.3259,6.3338,6.3414,6.3491,6.3640,6.3800,6.3963,6.4126,6.4291,6.4453,6.4610,6.4779,6.4939,6.5108,6.5280,6.5456,6.5635,6.5810,6.5980,7.8014,7.8014,7.8014,7.8014,7.8014,7.8014,7.8014,7.8014,7.8014,7.8014,7.8014,7.8014,7.8014,7.8014,7.8014,7.8014,7.8014,7.8014,7.8014,7.8014,7.8014,7.8014,7.8014,7.8014,7.8014,7.8014,7.8014,7.8014,7.8014,7.8014,7.8014,7.8014,7.8014,7.8014,7.8014,7.8014,7.8014,7.8014,7.8014,7.8014,7.8014,7.8014,7.8014,7.8014,7.8014,7.8014,7.8014,7.8014,7.8014,7.8014,7.8014,7.8014,7.8014,7.8014,7.8014,7.8014,7.8014,7.8014,7.8014,7.8014,7.8014,7.8014,7.8014,7.8014,7.8014,7.8014,7.8014,7.8014,7.8014,7.8014,7.8014,7.8014,7.8014,7.8014,7.8014,7.8014,7.8014,7.8014,7.8014,7.8014,7.8014,7.8014,7.8014,7.8014,7.8014,7.8014,7.8014,7.8014,7.8014,7.8014,7.8014,7.8014,7.8014,7.8014,7.8014,7.8014,7.8014,7.8014,7.8014,7.8014,7.8014,7.8014,7.8014,7.8014,7.8014,7.8014,7.8014,7.8014,7.8014,7.8014,7.8014,7.8014,7.8014,7.8014,7.8014,7.8014,7.8014,7.8014,7.8014,7.8014,7.8014,7.8014,7.8014,7.8014,7.8014,7.8014,7.8014,7.8014,7.8014,7.8014,7.8014,7.8014,7.8014,7.8014,7.8014,7.8014,7.8014,7.8014,7.8014,7.8014,7.8014,7.8014,7.8014,7.8014,7.8014,7.8014,7.8014,7.8014,7.8014,7.8014,7.8014,7.8014,7.8014,7.8014,7.8014,7.8014,7.8014,7.8014,7.8014,7.8014,7.8014,7.8014,7.8014,7.8014,7.8014,7.8014,7.8014,7.8014,7.8014,7.8014,7.8014,7.8014,7.8014,7.8014,7.8014,7.8014,7.8014,7.8014,7.8014,7.8014,7.8014,7.8014,7.8014,7.8014,7.8014,7.8014,7.8014,7.8014,7.8014,7.8014,7.8014,7.8014,7.8014,7.8014,7.8014,7.8014,7.8014,7.8014,7.8014,7.8014,7.8014,7.8014,7.8014,7.8014,7.8014,7.8014,7.8014,7.8014,7.8014,7.8014,7.8014,7.8014,7.8014,7.8014,7.8014,7.8014,7.8014,7.8014,7.8014,7.8014,7.8014,7.8014,7.8014,7.8014,7.8014,7.8014,7.8014,7.8014,7.8014,7.8014,7.8014,7.8014,7.8014,7.8014,7.8014,7.8014,7.8014,7.8014,7.8014,7.8014,7.8014,7.8014,7.8014,7.8014,7.8014,7.8014,7.8014,7.8014,7.8014,7.8014,7.8014,7.8014,7.8014,7.8014,7.8014,7.8014,7.8014,7.8014,7.8014,7.8014,7.8014,7.8014,7.8014,7.8014,7.8014,7.8014,7.8014,7.8014,7.8014,7.8014,7.8014,7.8014,7.8014,7.8014,7.8014,7.8014,7.8014,7.8014,7.8014,7.8014,7.8014,7.8014,7.8014,7.8014,7.8014,7.8014,7.8014,7.8014,7.8014,7.8014,7.8014,7.8014,7.8014,7.8014,7.8014,7.8014,7.8014,7.8014,7.8014,7.8014,7.8014,7.8014,7.8014,7.8014,7.8014,7.8014,7.8014,7.8014,7.8014,7.8014,7.8014,7.8014,7.8014,7.8014,7.8014,7.8014,7.8014,7.8014,7.8014,7.8014,7.8014,7.8014,7.8014,7.8014,7.8014,7.8014,7.8014,7.8014,7.8014,7.8014,7.8014,7.8014,7.8014,7.8014,7.8014,7.8014,7.8014,7.8014,7.8014,7.8014,7.8014,7.8014,7.8014,7.8014,7.8014,7.8014,7.8014,7.8014,7.8014,7.8014,7.8014,7.8014,7.8014,7.8014,7.8014,7.8014,7.8014,7.8014,7.8014,7.8014,7.8014,7.8014,7.8014,7.8014,7.8014,7.8014,7.8014,7.8014,7.8014,7.8014,7.8014,7.8014,7.8014,7.8014,7.8014,7.8014,7.8014,7.8014,7.8014,7.8014,7.8014,7.8014,7.8014,7.8014,7.8014,7.8014,7.8014,7.8014,7.8014,7.8014,7.8014,7.8014,7.8014,7.8014,7.8014,7.8014,7.8014,7.8014,7.8014,7.8014,7.8014,7.8014,7.8014,7.8014,7.8014,7.8014,7.8014,7.8014,7.8014,7.8014,7.8014,7.8014,7.8014,7.8014,7.8014,7.8014,7.8014,7.8014,7.8014,7.8014,7.8014,7.8014,7.8014,7.8014,7.8014
7.7948,7.7948,7.7948,7.7948,7.7948,7.7948,7.7948,7.7948,7.7948,7.7948,7.7948,7.7948,7.7948,7.7948,7.7948,7.7948,7.7948,7.7948,7.7948,7.7948,7.7948,7.7948,7.7948,7.7948,7.7948,7.7948,7.7948,7.7948,7.7948,7.7948,7.7948,7.7948,7.7948,7.7948,7.7948,7.7948,7.7948,7.7948,7.7948,7.7948,7.7948,7.7948,7.7948,7.7948,7.7948,7.7948,7.7948,7.7948,7.7948,7.7948,7.7948,7.7948,7.7948,7.7948,7.7948,7.7948,7.7948,7.7948,7.7948,7.7948,7.7948,7.7948,7.7948,7.7948,7.7948,7.7948,7.7948,7.7948,7.7948,7.7948,7.7948,7.7948,7.7948,7.7948,7.7948,7.7948,7.7948,7.7948,7.7948,7.7948,7.7948,7.7948,7.7948,7.7948,7.7948,7.7948,7.7948,7.7948,7.7948,7.7948,7.7948,7.7948,7.7948,7.7948,7.7948,7.7948,7.7948,7.7948,7.7948,7.7948,7.7948,7.7948,7.7948,7.7948,7.7948,7.7948,7.7948,7.7948,7.7948,7.7948,7.7948,7.7948,7.7948,7.7948,7.7948,7.7948,7.7948,7.7948,7.7948,7.7948,7.7948,7.7948,7.7948,7.7948,7.7948,7.7948,7.7948,7.7948,7.7948,7.7948,7.7948,7.7948,7.7948,7.7948,7.7948,7.7948,7.7948,7.7948,7.7948,7.7948,7.7948,7.7948,7.7948,7.7948,7.7948,7.7948,7.7948,7.7948,7.7948,7.7948,7.7948,7.7948,7.7948,7.7948,7.7948,7.7948,7.7948,7.7948,7.7948,7.7948,7.7948,7.7948,7.7948,7.7948,7.7948,7.7948,7.7948,7.7948,7.7948,7.7948,7.7948,7.7948,7.7948,7.7948,7.7948,7.7948,7.7948,7.7948,7.7948,7.7948,7.7948,7.7948,7.7948,7.7948,7.7948,7.7948,7.7948,7.7948,7.7948,7.7948,7.7948,7.7948,7.7948,7.7948,7.7948,7.7948,7.7948,7.7948,7.7948,7.7948,7.7948,7.7948,7.7948,7.7948,7.7948,7.7948,7.7948,7.7948,7.7948,7.7948,7.7948,7.7948,7.7948,7.7948,7.7948,7.7948,7.7948,7.7948,7.7948,7.7948,7.7948,7.7948,7.7948,7.7948,7.7948,7.7948,7.7948,7.7948,7.7948,7.7948,7.7948,7.7948,7.7948,7.7948,7.7948,7.7948,7.7948,7.7948,7.7948,7.7948,7.7948,7.7948,7.7948,7.7948,7.7948,7.7948,7.7948,7.7948,7.7948,7.7948,7.7948,7.7948,7.7948,7.7948,7.7948,7.7948,7.7948,7.7948,7.7948,7.7948,7.7948,7.7948,7.7948,7.7948,7.7948,7.7948,7.7948,7.7948,7.7948,7.7948,7.7948,7.7948,7.7948,7.7948,7.7948,7.7948,7.7948,7.7948,7.7948,7.7948,7.7948,7.7948,7.7948,7.7948,7.7948,7.7948,7.7948,7.7948,7.7948,7.7948,7.7948,7.7948,7.7948,7.7948,7.7948,7.7948,7.7948,7.7948,7.7948,7.7948,7.7948,7.7948,7.7948,7.7948,7.7948,7.7948,7.7948,7.7948,7.7948,7.7948,7.7948,7.7948,7.7948,7.7948,7.7948,7.7948,7.7948,7.7948,7.7948,7.7948,7.7948,7.7948,7.7948,7.7948,7.7948,7.7948,7.7948,7.7948,7.7948,7.7948,7.7948,7.7948,7.7948,7.7948,7.7948,7.7948,7.7948,7.7948,7.7948,7.7948,7.7948,7.7948,7.7948,7.7948,7.7948,7.7948,7.7948,7.7948,7.7948,7.7948,7.7948,7.7948,7.7948,7.7948,7.7948,7.7948,7.7948,7.7948,7.7948,7.7948,7.7948,7.7948,7.7948,7.7948,7.7948,7.7948,7.7948,7.7948,7.7948,7.7948,7.7948,7.7948,7.7948,7.7948,7.7948,7.7948,7.7948,7.7948,7.7948,7.7948,7.7948,7.7948,7.7948,7.7948,7.7948,7.7948,7.7948,7.7948,7.7948,7.7948,7.7948,7.7948,7.7948,7.7948,7.7948,7.7948,7.7948,7.7948,7.7948,7.7948,7.7948,7.7948,7.7948,7.7948,7.7948,7.7948,7.7948,7.7948,7.7948,7.7948,7.7948,7.7948,7.7948,7.7948,7.7948,7.7948,7.7948,7.7948,7.7948,7.7948,7.7948,7.7948,7.7948,7.7948,7.7948,7.7948,7.7948,7.7948,7.7948,7.7948,7.7948,7.7948,7.7948,7.7948,7.7948,7.7948,7.7948,6.1697,6.1632,6.1564,6.1498,6.1431,6.1366,6.1301,6.1234,6.1169,6.1109,6.1047,6.0983,6.0921,6.0857,6.0793,6.0729,6.0714,6.0725,6.0736,6.0749,6.0760,6.0771,6.0782,6.0795,6.0806,6.0817,6.0830,6.0843,6.0854,6.0868,6.0881,6.0892,6.0905,6.0916,6.0927,6.0936,6.0947,6.0958,6.0969,6.0978,6.0989,6.0998,6.1009,6.1020,6.1029,6.1040,6.1049,6.1060,6.1091,6.1138,6.1183,6.1227,6.1274,6.1319,6.1364,6.1409,6.1453,6.1516,6.1595,6.1672,6.1752,6.1829,6.1904,6.1982,6.2060,6.2138,6.2214,6.2292,6.2369,6.2447,6.2524,6.2601,6.2676,6.2753,6.2828,6.2904,6.2981,6.3057,6.3133,6.3211,6.3288,6.3369,6.3443,6.3551,6.3713,6.3873,6.4033,6.4200,6.4365,6.4523,6.4692,6.4857,6.5020,6.5187,6.5367,6.5535,6.5715,6.5890,7.7948,7.7948,7.7948,7.7948,7.7948,7.7948,7.7948,7.7948,7.7948,7.7948,7.7948,7.7948,7.7948,7.7948,7.7948,7.7948,7.7948,7.7948,7.7948,7.7948,7.7948,7.7948,7.7948,7.7948,7.7948,7.7948,7.7948,7.7948,7.7948,7.7948,7.7948,7.7948,7.7948,7.7948,7.7948,7.7948,7.7948,7.7948,7.7948,7.7948,7.7948,7.7948,7.7948,7.7948,7.7948,7.7948,7.7948,7.7948,7.7948,7.7948,7.7948,7.7948,7.7948,7.7948,7.7948,7.7948,7.7948,7.7948,7.7948,7.7948,7.7948,7.7948,7.7948,7.7948,7.7948,7.7948,7.7948,7.7948,7.7948,7.7948,7.7948,7.7948,7.7948,7.7948,7.7948,7.7948,7.7948,7.7948,7.7948,7.7948,7.7948,7.7948,7.7948,7.7948,7.7948,7.7948,7.7948,7.7948,7.7948,7.7948,7.7948,7.7948,7.7948,7.7948,7.7948,7.7948,7.7948,7.7948,7.7948,7.7948,7.7948,7.7948,7.7948,7.7948,7.7948,7.7948,7.7948,7.7948,7.7948,7.7948,7.7948,7.7948,7.7948,7.7948,7.7948,7.7948,7.7948,7.7948,7.7948,7.7948,7.7948,7.7948,7.7948,7.7948,7.7948,7.7948,7.7948,7.7948,7.7948,7.7948,7.7948,7.7948,7.7948,7.7948,7.7948,7.7948,7.7948,7.7948,7.7948,7.7948,7.7948,7.7948,7.7948,7.7948,7.7948,7.7948,7.7948,7.7948,7.7948,7.7948,7.7948,7.7948,7.7948,7.7948,7.7948,7.7948,7.7948,7.7948,7.7948,7.7948,7.7948,7.7948,7.7948,7.7948,7.7948,7.7948,7.7948,7.7948,7.7948,7.7948,7.7948,7.7948,7.7948,7.7948,7.7948,7.7948,7.7948,7.7948,7.7948,7.7948,7.7948,7.7948,7.7948,7.7948,7.7948,7.7948,7.7948,7.7948,7.7948,7.7948,7.7948,7.7948,7.7948,7.7948,7.7948,7.7948,7.7948,7.7948,7.7948,7.7948,7.7948,7.7948,7.7948,7.7948,7.7948,7.7948,7.7948,7.7948,7.7948,7.7948,7.7948,7.7948,7.7948,7.7948,7.7948,7.7948,7.7948,7.7948,7.7948,7.7948,7.7948,7.7948,7.7948,7.7948,7.7948,7.7948,7.7948,7.7948,7.7948,7.7948,7.7948,7.7948,7.7948,7.7948,7.7948,7.7948,7.7948,7.7948,7.7948,7.7948,7.7948,7.7948,7.7948,7.7948,7.7948,7.7948,7.7948,7.7948,7.7948,7.7948,7.7948,7.7948,7.7948,7.7948,7.7948,7.7948,7.7948,7.7948,7.7948,7.7948,7.7948,7.7948,7.7948,7.7948,7.7948,7.7948,7.7948,7.7948,7.7948,7.7948,7.7948,7.7948,7.7948,7.7948,7.7948,7.7948,7.7948,7.7948,7.7948,7.7948,7.7948,7.7948,7.7948,7.7948,7.7948,7.7948,7.7948,7.7948,7.7948,7.7948,7.7948,7.7948,7.7948,7.7948,7.7948,7.7948,7.7948,7.7948,7.7948,7.7948,7.7948,7.7948,7.7948,7.7948,7.7948,7.7948,7.7948,7.7948,7.7948,7.7948,7.7948,7.7948,7.7948,7.7948,7.7948,7.7948,7.7948,7.7948,7.7948,7.7948,7.7948,7.7948,7.7948,7.7948,7.7948,7.7948,7.7948,7.7948,7.7948,7.7948,7.7948,7.7948,7.7948,7.7948,7.7948,7.7948,7.7948,7.7948,7.7948,7.7948,7.7948,7.7948,7.7948,7.7948,7.7948,7.7948,7.7948,7.7948,7.7948,7.7948,7.7948,7.7948,7.7948,7.7948,7.7948,7.7948,7.7948,7.7948,7.7948,7.7948,7.7948,7.7948,7.7948,7.7948,7.7948,7.7948,7.7948,7.7948,7.7948,7.7948,7.7948,7.7948,7.7948,7.7948,7.7948,7.7948,7.7948,7.7948,7.7948,7.7948,7.7948,7.7948,7.7948,7.7948,7.7948,7.7948,7.7948,7.7948,7.7948,7.7948,7.7948,7.7948,7.7948,7.7948,7.7948,7.7948,7.7948,7.7948,7.7948,7.7948,7.7948,7.7948,7.7948,7.7948,7.7948,7.7948,7.7948,7.7948,7.7948,7.7948,7.7948,7.7948,7.7948,7.7948,7.7948,7.7948,7.7948,7.7948,7.7948,7.7948,7.7948,7.7948,7.7948,7.7948,7.7948
7.7880,7.7880,7.7880,7.7880,7.7880,7.7880,7.7880,7.7880,7.7880,7.7880,7.7880,7.7880,7.7880,7.7880,7.7880,7.7880,7.7880,7.7880,7.7880,7.7880,7.7880,7.7880,7.7880,7.7880,7.7880,7.7880,7.7880,7.7880,7.7880,7.7880,7.7880,7.7880,7.7880,7.7880,7.7880,7.7880,7.7880,7.7880,7.7880,7.7880,7.7880,7.7880,7.7880,7.7880,7.7880,7.7880,7.7880,7.7880,7.7880,7.7880,7.7880,7.7880,7.7880,7.7880,7.7880,7.7880,7.7880,7.7880,7.7880,7.7880,7.7880,7.7880,7.7880,7.7880,7.7880,7.7880,7.7880,7.7880,7.7880,7.7880,7.7880,7.7880,7.7880,7.7880,7.7880,7.7880,7.7880,7.7880,7.7880,7.7880,7.7880,7.7880,7.7880,7.7880,7.7880,7.7880,7.7880,7.7880,7.7880,7.7880,7.7880,7.7880,7.7880,7.7880,7.7880,7.7880,7.7880,7.7880,7.7880,7.7880,7.7880,7.7880,7.7880,7.7880,7.7880,7.7880,7.7880,7.7880,7.7880,7.7880,7.7880,7.7880,7.7880,7.7880,7.7880,7.7880,7.7880,7.7880,7.7880,7.7880,7.7880,7.7880,7.7880,7.7880,7.7880,7.7880,7.7880,7.7880,7.7880,7.7880,7.7880,7.7880,7.7880,7.7880,7.7880,7.7880,7.7880,7.7880,7.7880,7.7880,7.7880,7.7880,7.7880,7.7880,7.7880,7.7880,7.7880,7.7880,7.7880,7.7880,7.7880,7.7880,7.7880,7.7880,7.7880,7.7880,7.7880,7.7880,7.7880,7.7880,7.7880,7.7880,7.7880,7.7880,7.7880,7.7880,7.7880,7.7880,7.7880,7.7880,7.7880,7.7880,7.7880,7.7880,7.7880,7.7880,7.7880,7.7880,7.7880,7.7880,7.7880,7.7880,7.7880,7.7880,7.7880,7.7880,7.7880,7.7880,7.7880,7.7880,7.7880,7.7880,7.7880,7.7880,7.7880,7.7880,7.7880,7.7880,7.7880,7.7880,7.7880,7.7880,7.7880,7.7880,7.7880,7.7880,7.7880,7.7880,7.7880,7.7880,7.7880,7.7880,7.7880,7.7880,7.7880,7.7880,7.7880,7.7880,7.7880,7.7880,7.7880,7.7880,7.7880,7.7880,7.7880,7.7880,7.7880,7.7880,7.7880,7.7880,7.7880,7.7880,7.7880,7.7880,7.7880,7.7880,7.7880,7.7880,7.7880,7.7880,7.7880,7.7880,7.7880,7.7880,7.7880,7.7880,7.7880,7.7880,7.7880,7.7880,7.7880,7.7880,7.7880,7.7880,7.7880,7.7880,7.7880,7.7880,7.7880,7.7880,7.7880,7.7880,7.7880,7.7880,7.7880,7.7880,7.7880,7.7880,7.7880,7.7880,7.7880,7.7880,7.7880,7.7880,7.7880,7.7880,7.7880,7.7880,7.7880,7.7880,7.7880,7.7880,7.7880,7.7880,7.7880,7.7880,7.7880,7.7880,7.7880,7.7880,7.7880,7.7880,7.7880,7.7880,7.7880,7.7880,7.7880,7.7880,7.7880,7.7880,7.7880,7.7880,7.7880,7.7880,7.7880,7.7880,7.7880,7.7880,7.7880,7.7880,7.7880,7.7880,7.7880,7.7880,7.7880,7.7880,7.7880,7.7880,7.7880,7.7880,7.7880,7.7880,7.7880,7.7880,7.7880,7.7880,7.7880,7.7880,7.7880,7.7880,7.7880,7.7880,7.7880,7.7880,7.7880,7.7880,7.7880,7.7880,7.7880,7.7880,7.7880,7.7880,7.7880,7.7880,7.7880,7.7880,7.7880,7.7880,7.7880,7.7880,7.7880,7.7880,7.7880,7.7880,7.7880,7.7880,7.7880,7.7880,7.7880,7.7880,7.7880,7.7880,7.7880,7.7880,7.7880,7.7880,7.7880,7.7880,7.7880,7.7880,7.7880,7.7880,7.7880,7.7880,7.7880,7.7880,7.7880,7.7880,7.7880,7.7880,7.7880,7.7880,7.7880,7.7880,7.7880,7.7880,7.7880,7.7880,7.7880,7.7880,7.7880,7.7880,7.7880,7.7880,7.7880,7.7880,7.7880,7.7880,7.7880,7.7880,7.7880,7.7880,7.7880,7.7880,7.7880,7.7880,7.7880,7.7880,7.7880,7.7880,7.7880,7.7880,7.7880,7.7880,7.7880,7.7880,7.7880,7.7880,7.7880,7.7880,7.7880,7.7880,7.7880,7.7880,7.7880,7.7880,7.7880,7.7880,7.7880,7.7880,7.7880,7.7880,7.7880,7.7880,7.7880,6.1668,6.1602,6.1537,6.1471,6.1406,6.1341,6.1276,6.1212,6.1147,6.1082,6.1020,6.0956,6.0892,6.0828,6.0762,6.0698,6.0635,6.0633,6.0646,6.0657,6.0670,6.0681,6.0692,6.0703,6.0716,6.0727,6.0738,6.0751,6.0762,6.0775,6.0788,6.0799,6.0813,6.0824,6.0837,6.0850,6.0861,6.0872,6.0883,6.0892,6.0903,6.0914,6.0923,6.0934,6.0945,6.0954,6.0965,6.0974,6.0985,6.1020,6.1065,6.1109,6.1156,6.1200,6.1245,6.1292,6.1337,6.1382,6.1426,6.1471,6.1546,6.1623,6.1702,6.1779,6.1856,6.1934,6.2012,6.2087,6.2165,6.2244,6.2320,6.2399,6.2475,6.2552,6.2629,6.2704,6.2779,6.2857,6.2932,6.3010,6.3086,6.3161,6.3240,6.3316,6.3393,6.3472,6.3626,6.3785,6.3948,6.4107,6.4271,6.4434,6.4597,6.4762,6.4932,6.5098,6.5265,6.5441,6.5620,6.5789,6.5962,7.7880,7.7880,7.7880,7.7880,7.7880,7.7880,7.7880,7.7880,7.7880,7.7880,7.7880,7.7880,7.7880,7.7880,7.7880,7.7880,7.7880,7.7880,7.7880,7.7880,7.7880,7.7880,7.7880,7.7880,7.7880,7.7880,7.7880,7.7880,7.7880,7.7880,7.7880,7.7880,7.7880,7.7880,7.7880,7.7880,7.7880,7.7880,7.7880,7.7880,7.7880,7.7880,7.7880,7.7880,7.7880,7.7880,7.7880,7.7880,7.7880,7.7880,7.7880,7.7880,7.7880,7.7880,7.7880,7.7880,7.7880,7.7880,7.7880,7.7880,7.7880,7.7880,7.7880,7.7880,7.7880,7.7880,7.7880,7.7880,7.7880,7.7880,7.7880,7.7880,7.7880,7.7880,7.7880,7.7880,7.7880,7.7880,7.7880,7.7880,7.7880,7.7880,7.7880,7.7880,7.7880,7.7880,7.7880,7.7880,7.7880,7.7880,7.7880,7.7880,7.7880,7.7880,7.7880,7.7880,7.7880,7.7880,7.7880,7.7880,7.7880,7.7880,7.7880,7.7880,7.7880,7.7880,7.7880,7.7880,7.7880,7.7880,7.7880,7.7880,7.7880,7.7880,7.7880,7.7880,7.7880,7.7880,7.7880,7.7880,7.7880,7.7880,7.7880,7.7880,7.7880,7.7880,7.7880,7.7880,7.7880,7.7880,7.7880,7.7880,7.7880,7.7880,7.7880,7.7880,7.7880,7.7880,7.7880,7.7880,7.7880,7.7880,7.7880,7.7880,7.7880,7.7880,7.7880,7.7880,7.7880,7.7880,7.7880,7.7880,7.7880,7.7880,7.7880,7.7880,7.7880,7.7880,7.7880,7.7880,7.7880,7.7880,7.7880,7.7880,7.7880,7.7880,7.7880,7.7880,7.7880,7.7880,7.7880,7.7880,7.7880,7.7880,7.7880,7.7880,7.7880,7.7880,7.7880,7.7880,7.7880,7.7880,7.7880,7.7880,7.7880,7.7880,7.7880,7.7880,7.7880,7.7880,7.7880,7.7880,7.7880,7.7880,7.7880,7.7880,7.7880,7.7880,7.7880,7.7880,7.7880,7.7880,7.7880,7.7880,7.7880,7.7880,7.7880,7.7880,7.7880,7.7880,7.7880,7.7880,7.7880,7.7880,7.7880,7.7880,7.7880,7.7880,7.7880,7.7880,7.7880,7.7880,7.7880,7.7880,7.7880,7.7880,7.7880,7.7880,7.7880,7.7880,7.7880,7.7880,7.7880,7.7880,7.7880,7.7880,7.7880,7.7880,7.7880,7.7880,7.7880,7.7880,7.7880,7.7880,7.7880,7.7880,7.7880,7.7880,7.7880,7.7880,7.7880,7.7880,7.7880,7.7880,7.7880,7.7880,7.7880,7.7880,7.7880,7.7880,7.7880,7.7880,7.7880,7.7880,7.7880,7.7880,7.7880,7.7880,7.7880,7.7880,7.7880,7.7880,7.7880,7.7880,7.7880,7.7880,7.7880,7.7880,7.7880,7.7880,7.7880,7.7880,7.7880,7.7880,7.7880,7.7880,7.7880,7.7880,7.7880,7.7880,7.7880,7.7880,7.7880,7.7880,7.7880,7.7880,7.7880,7.7880,7.7880,7.7880,7.7880,7.7880,7.7880,7.7880,7.7880,7.7880,7.7880,7.7880,7.7880,7.7880,7.7880,7.7880,7.7880,7.7880,7.7880,7.7880,7.7880,7.7880,7.7880,7.7880,7.7880,7.7880,7.7880,7.7880,7.7880,7.7880,7.7880,7.7880,7.7880,7.7880,7.7880,7.7880,7.7880,7.7880,7.7880,7.7880,7.7880,7.7880,7.7880,7.7880,7.7880,7.7880,7.7880,7.7880,7.7880,7.7880,7.7880,7.7880,7.7880,7.7880,7.7880,7.7880,7.7880,7.7880,7.7880,7.7880,7.7880,7.7880,7.7880,7.7880,7.7880,7.7880,7.7880,7.7880,7.7880,7.7880,7.7880,7.7880,7.7880,7.7880,7.7880,7.7880,7.7880,7.7880,7.7880,7.7880,7.7880,7.7880,7.7880,7.7880,7.7880,7.7880,7.7880,7.7880,7.7880,7.7880,7.7880,7.7880,7.7880,7.7880,7.7880,7.7880,7.7880,7.7880,7.7880,7.7880,7.7880,7.7880,7.7880,7.7880,7.7880,7.7880,7.7880,7.7880,7.7880,7.7880,7.7880,7.7880,7.7880,7.7880,7.7880,7.7880,7.7880,7.7880,7.7880,7.7880,7.7880,7.7880,7.7880,7.7880,7.7880,7.7880,7.7880,7.7880
7.7808,7.7808,7.7808,7.7808,7.7808,7.7808,7.7808,7.7808,7.7808,7.7808,7.7808,7.7808,7.7808,7.7808,7.7808,7.7808,7.7808,7.7808,7.7808,7.7808,7.7808,7.7808,7.7808,7.7808,7.7808,7.7808,7.7808,7.7808,7.7808,7.7808,7.7808,7.7808,7.7808,7.7808,7.7808,7.7808,7.7808,7.7808,7.7808,7.7808,7.7808,7.7808,7.7808,7.7808,7.7808,7.7808,7.7808,7.7808,7.7808,7.7808,7.7808,7.7808,7.7808,7.7808,7.7808,7.7808,7.7808,7.7808,7.7808,7.7808,7.7808,7.7808,7.7808,7.7808,7.7808,7.7808,7.7808,7.7808,7.7808,7.7808,7.7808,7.7808,7.7808,7.7808,7.7808,7.7808,7.7808,7.7808,7.7808,7.7808,7.7808,7.7808,7.7808,7.7808,7.7808,7.7808,7.7808,7.7808,7.7808,7.7808,7.7808,7.7808,7.7808,7.7808,7.7808,7.7808,7.7808,7.7808,7.7808,7.7808,7.7808,7.7808,7.7808,7.7808,7.7808,7.7808,7.7808,7.7808,7.7808,7.7808,7.7808,7.7808,7.7808,7.7808,7.7808,7.7808,7.7808,7.7808,7.7808,7.7808,7.7808,7.7808,7.7808,7.7808,7.7808,7.7808,7.7808,7.7808,7.7808,7.7808,7.7808,7.7808,7.7808,7.7808,7.7808,7.7808,7.7808,7.7808,7.7808,7.7808,7.7808,7.7808,7.7808,7.7808,7.7808,7.7808,7.7808,7.7808,7.7808,7.7808,7.7808,7.7808,7.7808,7.7808,7.7808,7.7808,7.7808,7.7808,7.7808,7.7808,7.7808,7.7808,7.7808,7.7808,7.7808,7.7808,7.7808,7.7808,7.7808,7.7808,7.7808,7.7808,7.7808,7.7808,7.7808,7.7808,7.7808,7.7808,7.7808,7.7808,7.7808,7.7808,7.7808,7.7808,7.7808,7.7808,7.7808,7.7808,7.7808,7.7808,7.7808,7.7808,7.7808,7.7808,7.7808,7.7808,7.7808,7.7808,7.7808,7.7808,7.7808,7.7808,7.7808,7.7808,7.7808,7.7808,7.7808,7.7808,7.7808,7.7808,7.7808,7.7808,7.7808,7.7808,7.7808,7.7808,7.7808,7.7808,7.7808,7.7808,7.7808,7.7808,7.7808,7.7808,7.7808,7.7808,7.7808,7.7808,7.7808,7.7808,7.7808,7.7808,7.7808,7.7808,7.7808,7.7808,7.7808,7.7808,7.7808,7.7808,7.7808,7.7808,7.7808,7.7808,7.7808,7.7808,7.7808,7.7808,7.7808,7.7808,7.7808,7.7808,7.7808,7.7808,7.7808,7.7808,7.7808,7.7808,7.7808,7.7808,7.7808,7.7808,7.7808,7.7808,7.7808,7.7808,7.7808,7.7808,7.7808,7.7808,7.7808,7.7808,7.7808,7.7808,7.7808,7.7808,7.7808,7.7808,7.7808,7.7808,7.7808,7.7808,7.7808,7.7808,7.7808,7.7808,7.7808,7.7808,7.7808,7.7808,7.7808,7.7808,7.7808,7.7808,7.7808,7.7808,7.7808,7.7808,7.7808,7.7808,7.7808,7.7808,7.7808,7.7808,7.7808,7.7808,7.7808,7.7808,7.7808,7.7808,7.7808,7.7808,7.7808,7.7808,7.7808,7.7808,7.7808,7.7808,7.7808,7.7808,7.7808,7.7808,7.7808,7.7808,7.7808,7.7808,7.7808,7.7808,7.7808,7.7808,7.7808,7.7808,7.7808,7.7808,7.7808,7.7808,7.7808,7.7808,7.7808,7.7808,7.7808,7.7808,7.7808,7.7808,7.7808,7.7808,7.7808,7.7808,7.7808,7.7808,7.7808,7.7808,7.7808,7.7808,7.7808,7.7808,7.7808,7.7808,7.7808,7.7808,7.7808,7.7808,7.7808,7.7808,7.7808,7.7808,7.7808,7.7808,7.7808,7.7808,7.7808,7.7808,7.7808,7.7808,7.7808,7.7808,7.7808,7.7808,7.7808,7.7808,7.7808,7.7808,7.7808,7.7808,7.7808,7.7808,7.7808,7.7808,7.7808,7.7808,7.7808,7.7808,7.7808,7.7808,7.7808,7.7808,7.7808,7.7808,7.7808,7.7808,7.7808,7.7808,7.7808,7.7808,7.7808,7.7808,7.7808,7.7808,7.7808,7.7808,7.7808,7.7808,7.7808,7.7808,7.7808,7.7808,7.7808,7.7808,7.7808,7.7808,7.7808,7.7808,7.7808,7.7808,7.7808,7.7808,7.7808,7.7808,7.7808,7.7808,7.7808,7.7808,7.7808,7.7808,6.1573,6.1507,6.1442,6.1377,6.1312,6.1247,6.1183,6.1118,6.1056,6.0987,6.0921,6.0857,6.0793,6.0727,6.0663,6.0600,6.0534,6.0547,6.0560,6.0574,6.0589,6.0602,6.0613,6.0626,6.0637,6.0648,6.0659,6.0672,6.0683,6.0696,6.0707,6.0720,6.0733,6.0744,6.0758,6.0769,6.0782,6.0795,6.0806,6.0817,6.0828,6.0839,6.0848,6.0859,6.0870,6.0879,6.0890,6.0899,6.0910,6.0947,6.0991,6.1036,6.1082,6.1127,6.1171,6.1218,6.1263,6.1308,6.1352,6.1397,6.1442,6.1494,6.1573,6.1650,6.1731,6.1809,6.1886,6.1964,6.2039,6.2117,6.2195,6.2272,6.2350,6.2427,6.2506,6.2580,6.2657,6.2732,6.2807,6.2885,6.2960,6.3038,6.3114,6.3190,6.3269,6.3345,6.3421,6.3537,6.3698,6.3858,6.4021,6.4185,6.4345,6.4513,6.4674,6.4839,6.5005,6.5171,6.5346,6.5520,6.5699,6.5867,7.7808,7.7808,7.7808,7.7808,7.7808,7.7808,7.7808,7.7808,7.7808,7.7808,7.7808,7.7808,7.7808,7.7808,7.7808,7.7808,7.7808,7.7808,7.7808,7.7808,7.7808,7.7808,7.7808,7.7808,7.7808,7.7808,7.7808,7.7808,7.7808,7.7808,7.7808,7.7808,7.7808,7.7808,7.7808,7.7808,7.7808,7.7808,7.7808,7.7808,7.7808,7.7808,7.7808,7.7808,7.7808,7.7808,7.7808,7.7808,7.7808,7.7808,7.7808,7.7808,7.7808,7.7808,7.7808,7.7808,7.7808,7.7808,7.7808,7.7808,7.7808,7.7808,7.7808,7.7808,7.7808,7.7808,7.7808,7.7808,7.7808,7.7808,7.7808,7.7808,7.7808,7.7808,7.7808,7.7808,7.7808,7.7808,7.7808,7.7808,7.7808,7.7808,7.7808,7.7808,7.7808,7.7808,7.7808,7.7808,7.7808,7.7808,7.7808,7.7808,7.7808,7.7808,7.7808,7.7808,7.7808,7.7808,7.7808,7.7808,7.7808,7.7808,7.7808,7.7808,7.7808,7.7808,7.7808,7.7808,7.7808,7.7808,7.7808,7.7808,7.7808,7.7808,7.7808,7.7808,7.7808,7.7808,7.7808,7.7808,7.7808,7.7808,7.7808,7.7808,7.7808,7.7808,7.7808,7.7808,7.7808,7.7808,7.7808,7.7808,7.7808,7.7808,7.7808,7.7808,7.7808,7.7808,7.7808,7.7808,7.7808,7.7808,7.7808,7.7808,7.7808,7.7808,7.7808,7.7808,7.7808,7.7808,7.7808,7.7808,7.7808,7.7808,7.7808,7.7808,7.7808,7.7808,7.7808,7.7808,7.7808,7.7808,7.7808,7.7808,7.7808,7.7808,7.7808,7.7808,7.7808,7.7808,7.7808,7.7808,7.7808,7.7808,7.7808,7.7808,7.7808,7.7808,7.7808,7.7808,7.7808,7.7808,7.7808,7.7808,7.7808,7.7808,7.7808,7.7808,7.7808,7.7808,7.7808,7.7808,7.7808,7.7808,7.7808,7.7808,7.7808,7.7808,7.7808,7.7808,7.7808,7.7808,7.7808,7.7808,7.7808,7.7808,7.7808,7.7808,7.7808,7.7808,7.7808,7.7808,7.7808,7.7808,7.7808,7.7808,7.7808,7.7808,7.7808,7.7808,7.7808,7.7808,7.7808,7.7808,7.7808,7.7808,7.7808,7.7808,7.7808,7.7808,7.7808,7.7808,7.7808,7.7808,7.7808,7.7808,7.7808,7.7808,7.7808,7.7808,7.7808,7.7808,7.7808,7.7808,7.7808,7.7808,7.7808,7.7808,7.7808,7.7808,7.7808,7.7808,7.7808,7.7808,7.7808,7.7808,7.7808,7.7808,7.7808,7.7808,7.7808,7.7808,7.7808,7.7808,7.7808,7.7808,7.7808,7.7808,7.7808,7.7808,7.7808,7.7808,7.7808,7.7808,7.7808,7.7808,7.7808,7.7808,7.7808,7.7808,7.7808,7.7808,7.7808,7.7808,7.7808,7.7808,7.7808,7.7808,7.7808,7.7808,7.7808,7.7808,7.7808,7.7808,7.7808,7.7808,7.7808,7.7808,7.7808,7.7808,7.7808,7.7808,7.7808,7.7808,7.7808,7.7808,7.7808,7.7808,7.7808,7.7808,7.7808,7.7808,7.7808,7.7808,7.7808,7.7808,7.7808,7.7808,7.7808,7.7808,7.7808,7.7808,7.7808,7.7808,7.7808,7.7808,7.7808,7.7808,7.7808,7.7808,7.7808,7.7808,7.7808,7.7808,7.7808,7.7808,7.7808,7.7808,7.7808,7.7808,7.7808,7.7808,7.7808,7.7808,7.7808,7.7808,7.7808,7.7808,7.7808,7.7808,7.7808,7.7808,7.7808,7.7808,7.7808,7.7808,7.7808,7.7808,7.7808,7.7808,7.7808,7.7808,7.7808,7.7808,7.7808,7.7808,7.7808,7.7808,7.7808,7.7808,7.7808,7.7808,7.7808,7.7808,7.7808,7.7808,7.7808,7.7808,7.7808,7.7808,7.7808,7.7808,7.7808,7.7808,7.7808,7.7808,7.7808,7.7808,7.7808,7.7808,7.7808,7.7808,7.7808,7.7808,7.7808,7.7808,7.7808,7.7808,7.7808,7.7808,7.7808,7.7808,7.7808,7.7808,7.7808,7.7808,7.7808,7.7808,7.7808,7.7808,7.7808,7.7808,7.7808,7.7808,7.7808,7.7808,7.7808,7.7808,7.7808,7.7808,7.7808,7.7808,7.7808,7.7808
7.7743,7.7743,7.7743,7.7743,7.7743,7.7743,7.7743,7.7743,7.7743,7.7743,7.7743,7.7743,7.7743,7.7743,7.7743,7.7743,7.7743,7.7743,7.7743,7.7743,7.7743,7.7743,7.7743,7.7743,7.7743,7.7743,7.7743,7.7743,7.7743,7.7743,7.7743,7.7743,7.7743,7.7743,7.7743,7.7743,7.7743,7.7743,7.7743,7.7743,7.7743,7.7743,7.7743,7.7743,7.7743,7.7743,7.7743,7.7743,7.7743,7.7743,7.7743,7.7743,7.7743,7.7743,7.7743,7.7743,7.7743,7.7743,7.7743,7.7743,7.7743,7.7743,7.7743,7.7743,7.7743,7.7743,7.7743,7.7743,7.7743,7.7743,7.7743,7.7743,7.7743,7.7743,7.7743,7.7743,7.7743,7.7743,7.7743,7.7743,7.7743,7.7743,7.7743,7.7743,7.7743,7.7743,7.7743,7.7743,7.7743,7.7743,7.7743,7.7743,7.7743,7.7743,7.7743,7.7743,7.7743,7.7743,7.7743,7.7743,7.7743,7.7743,7.7743,7.7743,7.7743,7.7743,7.7743,7.7743,7.7743,7.7743,7.7743,7.7743,7.7743,7.7743,7.7743,7.7743,7.7743,7.7743,7.7743,7.7743,7.7743,7.7743,7.7743,7.7743,7.7743,7.7743,7.7743,7.7743,7.7743,7.7743,7.7743,7.7743,7.7743,7.7743,7.7743,7.7743,7.7743,7.7743,7.7743,7.7743,7.7743,7.7743,7.7743,7.7743,7.7743,7.7743,7.7743,7.7743,7.7743,7.7743,7.7743,7.7743,7.7743,7.7743,7.7743,7.7743,7.7743,7.7743,7.7743,7.7743,7.7743,7.7743,7.7743,7.7743,7.7743,7.7743,7.7743,7.7743,7.7743,7.7743,7.7743,7.7743,7.7743,7.7743,7.7743,7.7743,7.7743,7.7743,7.7743,7.7743,7.7743,7.7743,7.7743,7.7743,7.7743,7.7743,7.7743,7.7743,7.7743,7.7743,7.7743,7.7743,7.7743,7.7743,7.7743,7.7743,7.7743,7.7743,7.7743,7.7743,7.7743,7.7743,7.7743,7.7743,7.7743,7.7743,7.7743,7.7743,7.7743,7.7743,7.7743,7.7743,7.7743,7.7743,7.7743,7.7743,7.7743,7.7743,7.7743,7.7743,7.7743,7.7743,7.7743,7.7743,7.7743,7.7743,7.7743,7.7743,7.7743,7.7743,7.7743,7.7743,7.7743,7.7743,7.7743,7.7743,7.7743,7.7743,7.7743,7.7743,7.7743,7.7743,7.7743,7.7743,7.7743,7.7743,7.7743,7.7743,7.7743,7.7743,7.7743,7.7743,7.7743,7.7743,7.7743,7.7743,7.7743,7.7743,7.7743,7.7743,7.7743,7.7743,7.7743,7.7743,7.7743,7.7743,7.7743,7.7743,7.7743,7.7743,7.7743,7.7743,7.7743,7.7743,7.7743,7.7743,7.7743,7.7743,7.7743,7.7743,7.7743,7.7743,7.7743,7.7743,7.7743,7.7743,7.7743,7.7743,7.7743,7.7743,7.7743,7.7743,7.7743,7.7743,7.7743,7.7743,7.7743,7.7743,7.7743,7.7743,7.7743,7.7743,7.7743,7.7743,7.7743,7.7743,7.7743,7.7743,7.7743,7.7743,7.7743,7.7743,7.7743,7.7743,7.7743,7.7743,7.7743,7.7743,7.7743,7.7743,7.7743,7.7743,7.7743,7.7743,7.7743,7.7743,7.7743,7.7743,7.7743,7.7743,7.7743,7.7743,7.7743,7.7743,7.7743,7.7743,7.7743,7.7743,7.7743,7.7743,7.7743,7.7743,7.7743,7.7743,7.7743,7.7743,7.7743,7.7743,7.7743,7.7743,7.7743,7.7743,7.7743,7.7743,7.7743,7.7743,7.7743,7.7743,7.7743,7.7743,7.7743,7.7743,7.7743,7.7743,7.7743,7.7743,7.7743,7.7743,7.7743,7.7743,7.7743,7.7743,7.7743,7.7743,7.7743,7.7743,7.7743,7.7743,7.7743,7.7743,7.7743,7.7743,7.7743,7.7743,7.7743,7.7743,7.7743,7.7743,7.7743,7.7743,7.7743,7.7743,7.7743,7.7743,7.7743,7.7743,7.7743,7.7743,7.7743,7.7743,7.7743,7.7743,7.7743,7.7743,7.7743,7.7743,7.7743,7.7743,7.7743,7.7743,7.7743,7.7743,7.7743,7.7743,7.7743,7.7743,7.7743,7.7743,7.7743,7.7743,7.7743,7.7743,7.7743,7.7743,7.7743,7.7743,7.7743,7.7743,7.7743,7.7743,7.7743,7.7743,7.7743,6.1478,6.1413,6.1348,6.1283,6.1218,6.1154,6.1089,6.1025,6.0958,6.0890,6.0824,6.0758,6.0694,6.0628,6.0565,6.0501,6.0451,6.0464,6.0478,6.0491,6.0504,6.0517,6.0530,6.0545,6.0558,6.0569,6.0580,6.0593,6.0604,6.0615,6.0628,6.0641,6.0652,6.0665,6.0676,6.0690,6.0703,6.0714,6.0727,6.0740,6.0751,6.0762,6.0773,6.0784,6.0795,6.0804,6.0815,6.0824,6.0835,6.0874,6.0918,6.0965,6.1009,6.1054,6.1100,6.1145,6.1189,6.1236,6.1281,6.1326,6.1370,6.1415,6.1460,6.1523,6.1600,6.1679,6.1756,6.1836,6.1913,6.1991,6.2069,6.2145,6.2223,6.2302,6.2378,6.2457,6.2534,6.2608,6.2683,6.2760,6.2835,6.2913,6.2989,6.3067,6.3142,6.3219,6.3297,6.3374,6.3450,6.3611,6.3771,6.3933,6.4097,6.4261,6.4424,6.4587,6.4749,6.4914,6.5085,6.5250,6.5430,6.5602,6.5769,6.6152,7.7743,7.7743,7.7743,7.7743,7.7743,7.7743,7.7743,7.7743,7.7743,7.7743,7.7743,7.7743,7.7743,7.7743,7.7743,7.7743,7.7743,7.7743,7.7743,7.7743,7.7743,7.7743,7.7743,7.7743,7.7743,7.7743,7.7743,7.7743,7.7743,7.7743,7.7743,7.7743,7.7743,7.7743,7.7743,7.7743,7.7743,7.7743,7.7743,7.7743,7.7743,7.7743,7.7743,7.7743,7.7743,7.7743,7.7743,7.7743,7.7743,7.7743,7.7743,7.7743,7.7743,7.7743,7.7743,7.7743,7.7743,7.7743,7.7743,7.7743,7.7743,7.7743,7.7743,7.7743,7.7743,7.7743,7.7743,7.7743,7.7743,7.7743,7.7743,7.7743,7.7743,7.7743,7.7743,7.7743,7.7743,7.7743,7.7743,7.7743,7.7743,7.7743,7.7743,7.7743,7.7743,7.7743,7.7743,7.7743,7.7743,7.7743,7.7743,7.7743,7.7743,7.7743,7.7743,7.7743,7.7743,7.7743,7.7743,7.7743,7.7743,7.7743,7.7743,7.7743,7.7743,7.7743,7.7743,7.7743,7.7743,7.7743,7.7743,7.7743,7.7743,7.7743,7.7743,7.7743,7.7743,7.7743,7.7743,7.7743,7.7743,7.7743,7.7743,7.7743,7.7743,7.7743,7.7743,7.7743,7.7743,7.7743,7.7743,7.7743,7.7743,7.7743,7.7743,7.7743,7.7743,7.7743,7.7743,7.7743,7.7743,7.7743,7.7743,7.7743,7.7743,7.7743,7.7743,7.7743,7.7743,7.7743,7.7743,7.7743,7.7743,7.7743,7.7743,7.7743,7.7743,7.7743,7.7743,7.7743,7.7743,7.7743,7.7743,7.7743,7.7743,7.7743,7.7743,7.7743,7.7743,7.7743,7.7743,7.7743,7.7743,7.7743,7.7743,7.7743,7.7743,7.7743,7.7743,7.7743,7.7743,7.7743,7.7743,7.7743,7.7743,7.7743,7.7743,7.7743,7.7743,7.7743,7.7743,7.7743,7.7743,7.7743,7.7743,7.7743,7.7743,7.7743,7.7743,7.7743,7.7743,7.7743,7.7743,7.7743,7.7743,7.7743,7.7743,7.7743,7.7743,7.7743,7.7743,7.7743,7.7743,7.7743,7.7743,7.7743,7.7743,7.7743,7.7743,7.7743,7.7743,7.7743,7.7743,7.7743,7.7743,7.7743,7.7743,7.7743,7.7743,7.7743,7.7743,7.7743,7.7743,7.7743,7.7743,7.7743,7.7743,7.7743,7.7743,7.7743,7.7743,7.7743,7.7743,7.7743,7.7743,7.7743,7.7743,7.7743,7.7743,7.7743,7.7743,7.7743,7.7743,7.7743,7.7743,7.7743,7.7743,7.7743,7.7743,7.7743,7.7743,7.7743,7.7743,7.7743,7.7743,7.7743,7.7743,7.7743,7.7743,7.7743,7.7743,7.7743,7.7743,7.7743,7.7743,7.7743,7.7743,7.7743,7.7743,7.7743,7.7743,7.7743,7.7743,7.7743,7.7743,7.7743,7.7743,7.7743,7.7743,7.7743,7.7743,7.7743,7.7743,7.7743,7.7743,7.7743,7.7743,7.7743,7.7743,7.7743,7.7743,7.7743,7.7743,7.7743,7.7743,7.7743,7.7743,7.7743,7.7743,7.7743,7.7743,7.7743,7.7743,7.7743,7.7743,7.7743,7.7743,7.7743,7.7743,7.7743,7.7743,7.7743,7.7743,7.7743,7.7743,7.7743,7.7743,7.7743,7.7743,7.7743,7.7743,7.7743,7.7743,7.7743,7.7743,7.7743,7.7743,7.7743,7.7743,7.7743,7.7743,7.7743,7.7743,7.7743,7.7743,7.7743,7.7743,7.7743,7.7743,7.7743,7.7743,7.7743,7.7743,7.7743,7.7743,7.7743,7.7743,7.7743,7.7743,7.7743,7.7743,7.7743,7.7743,7.7743,7.7743,7.7743,7.7743,7.7743,7.7743,7.7743,7.7743,7.7743,7.7743,7.7743,7.7743,7.7743,7.7743,7.7743,7.7743,7.7743,7.7743,7.7743,7.7743,7.7743,7.7743,7.7743,7.7743,7.7743,7.7743,7.7743,7.7743,7.7743,7.7743,7.7743,7.7743,7.7743,7.7743,7.7743,7.7743,7.7743,7.7743,7.7743,7.7743,7.7743,7.7743,7.7743,7.7743,7.7743,7.7743,7.7743,7.7743,7.7743,7.7743,7.7743,7.7743,7.7743,7.7743,7.7743,7.7743,7.7743,7.7743,7.7743,7.7743
7.7678,7.7678,7.7678,7.7678,7.7678,7.7678,7.7678,7.7678,7.7678,7.7678,7.7678,7.7678,7.7678,7.7678,7.7678,7.7678,7.7678,7.7678,7.7678,7.7678,7.7678,7.7678,7.7678,7.7678,7.7678,7.7678,7.7678,7.7678,7.7678,7.7678,7.7678,7.7678,7.7678,7.7678,7.7678,7.7678,7.7678,7.7678,7.7678,7.7678,7.7678,7.7678,7.7678,7.7678,7.7678,7.7678,7.7678,7.7678,7.7678,7.7678,7.7678,7.7678,7.7678,7.7678,7.7678,7.7678,7.7678,7.7678,7.7678,7.7678,7.7678,7.7678,7.7678,7.7678,7.7678,7.7678,7.7678,7.7678,7.7678,7.7678,7.7678,7.7678,7.7678,7.7678,7.7678,7.7678,7.7678,7.7678,7.7678,7.7678,7.7678,7.7678,7.7678,7.7678,7.7678,7.7678,7.7678,7.7678,7.7678,7.7678,7.7678,7.7678,7.7678,7.7678,7.7678,7.7678,7.7678,7.7678,7.7678,7.7678,7.7678,7.7678,7.7678,7.7678,7.7678,7.7678,7.7678,7.7678,7.7678,7.7678,7.7678,7.7678,7.7678,7.7678,7.7678,7.7678,7.7678,7.7678,7.7678,7.7678,7.7678,7.7678,7.7678,7.7678,7.7678,7.7678,7.7678,7.7678,7.7678,7.7678,7.7678,7.7678,7.7678,7.7678,7.7678,7.7678,7.7678,7.7678,7.7678,7.7678,7.7678,7.7678,7.7678,7.7678,7.7678,7.7678,7.7678,7.7678,7.7678,7.7678,7.7678,7.7678,7.7678,7.7678,7.7678,7.7678,7.7678,7.7678,7.7678,7.7678,7.7678,7.7678,7.7678,7.7678,7.7678,7.7678,7.7678,7.7678,7.7678,7.7678,7.7678,7.7678,7.7678,7.7678,7.7678,7.7678,7.7678,7.7678,7.7678,7.7678,7.7678,7.7678,7.7678,7.7678,7.7678,7.7678,7.7678,7.7678,7.7678,7.7678,7.7678,7.7678,7.7678,7.7678,7.7678,7.7678,7.7678,7.7678,7.7678,7.7678,7.7678,7.7678,7.7678,7.7678,7.7678,7.7678,7.7678,7.7678,7.7678,7.7678,7.7678,7.7678,7.7678,7.7678,7.7678,7.7678,7.7678,7.7678,7.7678,7.7678,7.7678,7.7678,7.7678,7.7678,7.7678,7.7678,7.7678,7.7678,7.7678,7.7678,7.7678,7.7678,7.7678,7.7678,7.7678,7.7678,7.7678,7.7678,7.7678,7.7678,7.7678,7.7678,7.7678,7.7678,7.7678,7.7678,7.7678,7.7678,7.7678,7.7678,7.7678,7.7678,7.7678,7.7678,7.7678,7.7678,7.7678,7.7678,7.7678,7.7678,7.7678,7.7678,7.7678,7.7678,7.7678,7.7678,7.7678,7.7678,7.7678,7.7678,7.7678,7.7678,7.7678,7.7678,7.7678,7.7678,7.7678,7.7678,7.7678,7.7678,7.7678,7.7678,7.7678,7.7678,7.7678,7.7678,7.7678,7.7678,7.7678,7.7678,7.7678,7.7678,7.7678,7.7678,7.7678,7.7678,7.7678,7.7678,7.7678,7.7678,7.7678,7.7678,7.7678,7.7678,7.7678,7.7678,7.7678,7.7678,7.7678,7.7678,7.7678,7.7678,7.7678,7.7678,7.7678,7.7678,7.7678,7.7678,7.7678,7.7678,7.7678,7.7678,7.7678,7.7678,7.7678,7.7678,7.7678,7.7678,7.7678,7.7678,7.7678,7.7678,7.7678,7.7678,7.7678,7.7678,7.7678,7.7678,7.7678,7.7678,7.7678,7.7678,7.7678,7.7678,7.7678,7.7678,7.7678,7.7678,7.7678,7.7678,7.7678,7.7678,7.7678,7.7678,7.7678,7.7678,7.7678,7.7678,7.7678,7.7678,7.7678,7.7678,7.7678,7.7678,7.7678,7.7678,7.7678,7.7678,7.7678,7.7678,7.7678,7.7678,7.7678,7.7678,7.7678,7.7678,7.7678,7.7678,7.7678,7.7678,7.7678,7.7678,7.7678,7.7678,7.7678,7.7678,7.7678,7.7678,7.7678,7.7678,7.7678,7.7678,7.7678,7.7678,7.7678,7.7678,7.7678,7.7678,7.7678,7.7678,7.7678,7.7678,7.7678,7.7678,7.7678,7.7678,7.7678,7.7678,7.7678,7.7678,7.7678,7.7678,7.7678,7.7678,7.7678,7.7678,7.7678,7.7678,7.7678,7.7678,7.7678,7.7678,7.7678,7.7678,7.7678,7.7678,7.7678,7.7678,7.7678,7.7678,7.7678,7.7678,6.1384,6.1319,6.1254,6.1189,6.1125,6.1060,6.0994,6.0927,6.0861,6.0793,6.0727,6.0659,6.0593,6.0530,6.0467,6.0401,6.0367,6.0380,6.0393,6.0408,6.0421,6.0434,6.0447,6.0460,6.0473,6.0486,6.0501,6.0515,6.0525,6.0536,6.0549,6.0560,6.0574,6.0587,6.0598,6.0611,6.0622,6.0635,6.0648,6.0659,6.0672,6.0683,6.0696,6.0709,6.0718,6.0729,6.0740,6.0749,6.0760,6.0802,6.0848,6.0892,6.0936,6.0983,6.1027,6.1071,6.1118,6.1163,6.1207,6.1252,6.1296,6.1341,6.1386,6.1431,6.1476,6.1550,6.1629,6.1706,6.1786,6.1863,6.1943,6.2021,6.2097,6.2175,6.2251,6.2329,6.2408,6.2485,6.2561,6.2636,6.2711,6.2788,6.2864,6.2941,6.3017,6.3093,6.3171,6.3247,6.3326,6.3405,6.3522,6.3684,6.3843,6.4009,6.4170,6.4328,6.4491,6.4662,6.4824,6.4997,6.5161,6.5329,6.5502,6.5673,6.5851,7.7678,7.7678,7.7678,7.7678,7.7678,7.7678,7.7678,7.7678,7.7678,7.7678,7.7678,7.7678,7.7678,7.7678,7.7678,7.7678,7.7678,7.7678,7.7678,7.7678,7.7678,7.7678,7.7678,7.7678,7.7678,7.7678,7.7678,7.7678,7.7678,7.7678,7.7678,7.7678,7.7678,7.7678,7.7678,7.7678,7.7678,7.7678,7.7678,7.7678,7.7678,7.7678,7.7678,7.7678,7.7678,7.7678,7.7678,7.7678,7.7678,7.7678,7.7678,7.7678,7.7678,7.7678,7.7678,7.7678,7.7678,7.7678,7.7678,7.7678,7.7678,7.7678,7.7678,7.7678,7.7678,7.7678,7.7678,7.7678,7.7678,7.7678,7.7678,7.7678,7.7678,7.7678,7.7678,7.7678,7.7678,7.7678,7.7678,7.7678,7.7678,7.7678,7.7678,7.7678,7.7678,7.7678,7.7678,7.7678,7.7678,7.7678,7.7678,7.7678,7.7678,7.7678,7.7678,7.7678,7.7678,7.7678,7.7678,7.7678,7.7678,7.7678,7.7678,7.7678,7.7678,7.7678,7.7678,7.7678,7.7678,7.7678,7.7678,7.7678,7.7678,7.7678,7.7678,7.7678,7.7678,7.7678,7.7678,7.7678,7.7678,7.7678,7.7678,7.7678,7.7678,7.7678,7.7678,7.7678,7.7678,7.7678,7.7678,7.7678,7.7678,7.7678,7.7678,7.7678,7.7678,7.7678,7.7678,7.7678,7.7678,7.7678,7.7678,7.7678,7.7678,7.7678,7.7678,7.7678,7.7678,7.7678,7.7678,7.7678,7.7678,7.7678,7.7678,7.7678,7.7678,7.7678,7.7678,7.7678,7.7678,7.7678,7.7678,7.7678,7.7678,7.7678,7.7678,7.7678,7.7678,7.7678,7.7678,7.7678,7.7678,7.7678,7.7678,7.7678,7.7678,7.7678,7.7678,7.7678,7.7678,7.7678,7.7678,7.7678,7.7678,7.7678,7.7678,7.7678,7.7678,7.7678,7.7678,7.7678,7.7678,7.7678,7.7678,7.7678,7.7678,7.7678,7.7678,7.7678,7.7678,7.7678,7.7678,7.7678,7.7678,7.7678,7.7678,7.7678,7.7678,7.7678,7.7678,7.7678,7.7678,7.7678,7.7678,7.7678,7.7678,7.7678,7.7678,7.7678,7.7678,7.7678,7.7678,7.7678,7.7678,7.7678,7.7678,7.7678,7.7678,7.7678,7.7678,7.7678,7.7678,7.7678,7.7678,7.7678,7.7678,7.7678,7.7678,7.7678,7.7678,7.7678,7.7678,7.7678,7.7678,7.7678,7.7678,7.7678,7.7678,7.7678,7.7678,7.7678,7.7678,7.7678,7.7678,7.7678,7.7678,7.7678,7.7678,7.7678,7.7678,7.7678,7.7678,7.7678,7.7678,7.7678,7.7678,7.7678,7.7678,7.7678,7.7678,7.7678,7.7678,7.7678,7.7678,7.7678,7.7678,7.7678,7.7678,7.7678,7.7678,7.7678,7.7678,7.7678,7.7678,7.7678,7.7678,7.7678,7.7678,7.7678,7.7678,7.7678,7.7678,7.7678,7.7678,7.7678,7.7678,7.7678,7.7678,7.7678,7.7678,7.7678,7.7678,7.7678,7.7678,7.7678,7.7678,7.7678,7.7678,7.7678,7.7678,7.7678,7.7678,7.7678,7.7678,7.7678,7.7678,7.7678,7.7678,7.7678,7.7678,7.7678,7.7678,7.7678,7.7678,7.7678,7.7678,7.7678,7.7678,7.7678,7.7678,7.7678,7.7678,7.7678,7.7678,7.7678,7.7678,7.7678,7.7678,7.7678,7.7678,7.7678,7.7678,7.7678,7.7678,7.7678,7.7678,7.7678,7.7678,7.7678,7.7678,7.7678,7.7678,7.7678,7.7678,7.7678,7.7678,7.7678,7.7678,7.7678,7.7678,7.7678,7.7678,7.7678,7.7678,7.7678,7.7678,7.7678,7.7678,7.7678,7.7678,7.7678,7.7678,7.7678,7.7678,7.7678,7.7678,7.7678,7.7678,7.7678,7.7678,7.7678,7.7678,7.7678,7.7678,7.7678,7.7678,7.7678,7.7678,7.7678,7.7678,7.7678,7.7678,7.7678,7.7678,7.7678,7.7678,7.7678,7.7678,7.7678,7.7678,7.7678,7.7678,7.7678,7.7678,7.7678,7.7678,7.7678,7.7678,7.7678,7.7678,7.7678,7.7678,7.7678,7.7678,7.7678,7.7678,7.7678,7.7678,7.7678,7.7678,7.7678,7.7678
7.7610,7.7610,7.7610,7.7610,7.7610,7.7610,7.7610,7.7610,7.7610,7.7610,7.7610,7.7610,7.7610,7.7610,7.7610,7.7610,7.7610,7.7610,7.7610,7.7610,7.7610,7.7610,7.7610,7.7610,7.7610,7.7610,7.7610,7.7610,7.7610,7.7610,7.7610,7.7610,7.7610,7.7610,7.7610,7.7610,7.7610,7.7610,7.7610,7.7610,7.7610,7.7610,7.7610,7.7610,7.7610,7.7610,7.7610,7.7610,7.7610,7.7610,7.7610,7.7610,7.7610,7.7610,7.7610,7.7610,7.7610,7.7610,7.7610,7.7610,7.7610,7.7610,7.7610,7.7610,7.7610,7.7610,7.7610,7.7610,7.7610,7.7610,7.7610,7.7610,7.7610,7.7610,7.7610,7.7610,7.7610,7.7610,7.7610,7.7610,7.7610,7.7610,7.7610,7.7610,7.7610,7.7610,7.7610,7.7610,7.7610,7.7610,7.7610,7.7610,7.7610,7.7610,7.7610,7.7610,7.7610,7.7610,7.7610,7.7610,7.7610,7.7610,7.7610,7.7610,7.7610,7.7610,7.7610,7.7610,7.7610,7.7610,7.7610,7.7610,7.7610,7.7610,7.7610,7.7610,7.7610,7.7610,7.7610,7.7610,7.7610,7.7610,7.7610,7.7610,7.7610,7.7610,7.7610,7.7610,7.7610,7.7610,7.7610,7.7610,7.7610,7.7610,7.7610,7.7610,7.7610,7.7610,7.7610,7.7610,7.7610,7.7610,7.7610,7.7610,7.7610,7.7610,7.7610,7.7610,7.7610,7.7610,7.7610,7.7610,7.7610,7.7610,7.7610,7.7610,7.7610,7.7610,7.7610,7.7610,7.7610,7.7610,7.7610,7.7610,7.7610,7.7610,7.7610,7.7610,7.7610,7.7610,7.7610,7.7610,7.7610,7.7610,7.7610,7.7610,7.7610,7.7610,7.7610,7.7610,7.7610,7.7610,7.7610,7.7610,7.7610,7.7610,7.7610,7.7610,7.7610,7.7610,7.7610,7.7610,7.7610,7.7610,7.7610,7.7610,7.7610,7.7610,7.7610,7.7610,7.7610,7.7610,7.7610,7.7610,7.7610,7.7610,7.7610,7.7610,7.7610,7.7610,7.7610,7.7610,7.7610,7.7610,7.7610,7.7610,7.7610,7.7610,7.7610,7.7610,7.7610,7.7610,7.7610,7.7610,7.7610,7.7610,7.7610,7.7610,7.7610,7.7610,7.7610,7.7610,7.7610,7.7610,7.7610,7.7610,7.7610,7.7610,7.7610,7.7610,7.7610,7.7610,7.7610,7.7610,7.7610,7.7610,7.7610,7.7610,7.7610,7.7610,7.7610,7.7610,7.7610,7.7610,7.7610,7.7610,7.7610,7.7610,7.7610,7.7610,7.7610,7.7610,7.7610,7.7610,7.7610,7.7610,7.7610,7.7610,7.7610,7.7610,7.7610,7.7610,7.7610,7.7610,7.7610,7.7610,7.7610,7.7610,7.7610,7.7610,7.7610,7.7610,7.7610,7.7610,7.7610,7.7610,7.7610,7.7610,7.7610,7.7610,7.7610,7.7610,7.7610,7.7610,7.7610,7.7610,7.7610,7.7610,7.7610,7.7610,7.7610,7.7610,7.7610,7.7610,7.7610,7.7610,7.7610,7.7610,7.7610,7.7610,7.7610,7.7610,7.7610,7.7610,7.7610,7.7610,7.7610,7.7610,7.7610,7.7610,7.7610,7.7610,7.7610,7.7610,7.7610,7.7610,7.7610,7.7610,7.7610,7.7610,7.7610,7.7610,7.7610,7.7610,7.7610,7.7610,7.7610,7.7610,7.7610,7.7610,7.7610,7.7610,7.7610,7.7610,7.7610,7.7610,7.7610,7.7610,7.7610,7.7610,7.7610,7.7610,7.7610,7.7610,7.7610,7.7610,7.7610,7.7610,7.7610,7.7610,7.7610,7.7610,7.7610,7.7610,7.7610,7.7610,7.7610,7.7610,7.7610,7.7610,7.7610,7.7610,7.7610,7.7610,7.7610,7.7610,7.7610,7.7610,7.7610,7.7610,7.7610,7.7610,7.7610,7.7610,7.7610,7.7610,7.7610,7.7610,7.7610,7.7610,7.7610,7.7610,7.7610,7.7610,7.7610,7.7610,7.7610,7.7610,7.7610,7.7610,7.7610,7.7610,7.7610,7.7610,7.7610,7.7610,7.7610,7.7610,7.7610,7.7610,7.7610,7.7610,7.7610,7.7610,7.7610,7.7610,7.7610,7.7610,7.7610,7.7610,7.7610,7.7610,7.7610,7.7610,7.7610,7.7610,7.7610,7.7610,7.7610,7.7610,7.7610,6.1290,6.1225,6.1160,6.1096,6.1031,6.0965,6.0896,6.0830,6.0764,6.0696,6.0630,6.0563,6.0497,6.0432,6.0367,6.0304,6.0284,6.0297,6.0310,6.0323,6.0336,6.0349,6.0364,6.0378,6.0391,6.0404,6.0417,6.0430,6.0443,6.0458,6.0471,6.0482,6.0495,6.0506,6.0519,6.0530,6.0543,6.0556,6.0567,6.0580,6.0593,6.0604,6.0617,6.0628,6.0641,6.0654,6.0665,6.0674,6.0685,6.0731,6.0775,6.0819,6.0865,6.0910,6.0954,6.1000,6.1045,6.1089,6.1136,6.1180,6.1225,6.1270,6.1314,6.1359,6.1404,6.1449,6.1501,6.1580,6.1657,6.1736,6.1813,6.1893,6.1970,6.2048,6.2126,6.2202,6.2281,6.2357,6.2436,6.2513,6.2589,6.2664,6.2739,6.2817,6.2892,6.2970,6.3045,6.3121,6.3200,6.3276,6.3352,6.3436,6.3597,6.3756,6.3919,6.4082,6.4239,6.4407,6.4565,6.4737,6.4904,6.5068,6.5235,6.5407,6.5579,6.5756,6.6374,7.7610,7.7610,7.7610,7.7610,7.7610,7.7610,7.7610,7.7610,7.7610,7.7610,7.7610,7.7610,7.7610,7.7610,7.7610,7.7610,7.7610,7.7610,7.7610,7.7610,7.7610,7.7610,7.7610,7.7610,7.7610,7.7610,7.7610,7.7610,7.7610,7.7610,7.7610,7.7610,7.7610,7.7610,7.7610,7.7610,7.7610,7.7610,7.7610,7.7610,7.7610,7.7610,7.7610,7.7610,7.7610,7.7610,7.7610,7.7610,7.7610,7.7610,7.7610,7.7610,7.7610,7.7610,7.7610,7.7610,7.7610,7.7610,7.7610,7.7610,7.7610,7.7610,7.7610,7.7610,7.7610,7.7610,7.7610,7.7610,7.7610,7.7610,7.7610,7.7610,7.7610,7.7610,7.7610,7.7610,7.7610,7.7610,7.7610,7.7610,7.7610,7.7610,7.7610,7.7610,7.7610,7.7610,7.7610,7.7610,7.7610,7.7610,7.7610,7.7610,7.7610,7.7610,7.7610,7.7610,7.7610,7.7610,7.7610,7.7610,7.7610,7.7610,7.7610,7.7610,7.7610,7.7610,7.7610,7.7610,7.7610,7.7610,7.7610,7.7610,7.7610,7.7610,7.7610,7.7610,7.7610,7.7610,7.7610,7.7610,7.7610,7.7610,7.7610,7.7610,7.7610,7.7610,7.7610,7.7610,7.7610,7.7610,7.7610,7.7610,7.7610,7.7610,7.7610,7.7610,7.7610,7.7610,7.7610,7.7610,7.7610,7.7610,7.7610,7.7610,7.7610,7.7610,7.7610,7.7610,7.7610,7.7610,7.7610,7.7610,7.7610,7.7610,7.7610,7.7610,7.7610,7.7610,7.7610,7.7610,7.7610,7.7610,7.7610,7.7610,7.7610,7.7610,7.7610,7.7610,7.7610,7.7610,7.7610,7.7610,7.7610,7.7610,7.7610,7.7610,7.7610,7.7610,7.7610,7.7610,7.7610,7.7610,7.7610,7.7610,7.7610,7.7610,7.7610,7.7610,7.7610,7.7610,7.7610,7.7610,7.7610,7.7610,7.7610,7.7610,7.7610,7.7610,7.7610,7.7610,7.7610,7.7610,7.7610,7.7610,7.7610,7.7610,7.7610,7.7610,7.7610,7.7610,7.7610,7.7610,7.7610,7.7610,7.7610,7.7610,7.7610,7.7610,7.7610,7.7610,7.7610,7.7610,7.7610,7.7610,7.7610,7.7610,7.7610,7.7610,7.7610,7.7610,7.7610,7.7610,7.7610,7.7610,7.7610,7.7610,7.7610,7.7610,7.7610,7.7610,7.7610,7.7610,7.7610,7.7610,7.7610,7.7610,7.7610,7.7610,7.7610,7.7610,7.7610,7.7610,7.7610,7.7610,7.7610,7.7610,7.7610,7.7610,7.7610,7.7610,7.7610,7.7610,7.7610,7.7610,7.7610,7.7610,7.7610,7.7610,7.7610,7.7610,7.7610,7.7610,7.7610,7.7610,7.7610,7.7610,7.7610,7.7610,7.7610,7.7610,7.7610,7.7610,7.7610,7.7610,7.7610,7.7610,7.7610,7.7610,7.7610,7.7610,7.7610,7.7610,7.7610,7.7610,7.7610,7.7610,7.7610,7.7610,7.7610,7.7610,7.7610,7.7610,7.7610,7.7610,7.7610,7.7610,7.7610,7.7610,7.7610,7.7610,7.7610,7.7610,7.7610,7.7610,7.7610,7.7610,7.7610,7.7610,7.7610,7.7610,7.7610,7.7610,7.7610,7.7610,7.7610,7.7610,7.7610,7.7610,7.7610,7.7610,7.7610,7.7610,7.7610,7.7610,7.7610,7.7610,7.7610,7.7610,7.7610,7.7610,7.7610,7.7610,7.7610,7.7610,7.7610,7.7610,7.7610,7.7610,7.7610,7.7610,7.7610,7.7610,7.7610,7.7610,7.7610,7.7610,7.7610,7.7610,7.7610,7.7610,7.7610,7.7610,7.7610,7.7610,7.7610,7.7610,7.7610,7.7610,7.7610,7.7610,7.7610,7.7610,7.7610,7.7610,7.7610,7.7610,7.7610,7.7610,7.7610,7.7610,7.7610,7.7610,7.7610,7.7610,7.7610,7.7610,7.7610,7.7610,7.7610,7.7610,7.7610,7.7610,7.7610,7.7610,7.7610,7.7610,7.7610,7.7610,7.7610,7.7610,7.7610,7.7610,7.7610,7.7610,7.7610,7.7610,7.7610,7.7610,7.7610,7.7610,7.7610,7.7610,7.7610,7.7610,7.7610,7.7610,7.7610,7.7610,7.7610,7.7610,7.7610,7.7610
7.7535,7.7535,7.7535,7.7535,7.7535,7.7535,7.7535,7.7535,7.7535,7.7535,7.7535,7.7535,7.7535,7.7535,7.7535,7.7535,7.7535,7.7535,7.7535,7.7535,7.7535,7.7535,7.7535,7.7535,7.7535,7.7535,7.7535,7.7535,7.7535,7.7535,7.7535,7.7535,7.7535,7.7535,7.7535,7.7535,7.7535,7.7535,7.7535,7.7535,7.7535,7.7535,7.7535,7.7535,7.7535,7.7535,7.7535,7.7535,7.7535,7.7535,7.7535,7.7535,7.7535,7.7535,7.7535,7.7535,7.7535,7.7535,7.7535,7.7535,7.7535,7.7535,7.7535,7.7535,7.7535,7.7535,7.7535,7.7535,7.7535,7.7535,7.7535,7.7535,7.7535,7.7535,7.7535,7.7535,7.7535,7.7535,7.7535,7.7535,7.7535,7.7535,7.7535,7.7535,7.7535,7.7535,7.7535,7.7535,7.7535,7.7535,7.7535,7.7535,7.7535,7.7535,7.7535,7.7535,7.7535,7.7535,7.7535,7.7535,7.7535,7.7535,7.7535,7.7535,7.7535,7.7535,7.7535,7.7535,7.7535,7.7535,7.7535,7.7535,7.7535,7.7535,7.7535,7.7535,7.7535,7.7535,7.7535,7.7535,7.7535,7.7535,7.7535,7.7535,7.7535,7.7535,7.7535,7.7535,7.7535,7.7535,7.7535,7.7535,7.7535,7.7535,7.7535,7.7535,7.7535,7.7535,7.7535,7.7535,7.7535,7.7535,7.7535,7.7535,7.7535,7.7535,7.7535,7.7535,7.7535,7.7535,7.7535,7.7535,7.7535,7.7535,7.7535,7.7535,7.7535,7.7535,7.7535,7.7535,7.7535,7.7535,7.7535,7.7535,7.7535,7.7535,7.7535,7.7535,7.7535,7.7535,7.7535,7.7535,7.7535,7.7535,7.7535,7.7535,7.7535,7.7535,7.7535,7.7535,7.7535,7.7535,7.7535,7.7535,7.7535,7.7535,7.7535,7.7535,7.7535,7.7535,7.7535,7.7535,7.7535,7.7535,7.7535,7.7535,7.7535,7.7535,7.7535,7.7535,7.7535,7.7535,7.7535,7.7535,7.7535,7.7535,7.7535,7.7535,7.7535,7.7535,7.7535,7.7535,7.7535,7.7535,7.7535,7.7535,7.7535,7.7535,7.7535,7.7535,7.7535,7.7535,7.7535,7.7535,7.7535,7.7535,7.7535,7.7535,7.7535,7.7535,7.7535,7.7535,7.7535,7.7535,7.7535,7.7535,7.7535,7.7535,7.7535,7.7535,7.7535,7.7535,7.7535,7.7535,7.7535,7.7535,7.7535,7.7535,7.7535,7.7535,7.7535,7.7535,7.7535,7.7535,7.7535,7.7535,7.7535,7.7535,7.7535,7.7535,7.7535,7.7535,7.7535,7.7535,7.7535,7.7535,7.7535,7.7535,7.7535,7.7535,7.7535,7.7535,7.7535,7.7535,7.7535,7.7535,7.7535,7.7535,7.7535,7.7535,7.7535,7.7535,7.7535,7.7535,7.7535,7.7535,7.7535,7.7535,7.7535,7.7535,7.7535,7.7535,7.7535,7.7535,7.7535,7.7535,7.7535,7.7535,7.7535,7.7535,7.7535,7.7535,7.7535,7.7535,7.7535,7.7535,7.7535,7.7535,7.7535,7.7535,7.7535,7.7535,7.7535,7.7535,7.7535,7.7535,7.7535,7.7535,7.7535,7.7535,7.7535,7.7535,7.7535,7.7535,7.7535,7.7535,7.7535,7.7535,7.7535,7.7535,7.7535,7.7535,7.7535,7.7535,7.7535,7.7535,7.7535,7.7535,7.7535,7.7535,7.7535,7.7535,7.7535,7.7535,7.7535,7.7535,7.7535,7.7535,7.7535,7.7535,7.7535,7.7535,7.7535,7.7535,7.7535,7.7535,7.7535,7.7535,7.7535,7.7535,7.7535,7.7535,7.7535,7.7535,7.7535,7.7535,7.7535,7.7535,7.7535,7.7535,7.7535,7.7535,7.7535,7.7535,7.7535,7.7535,7.7535,7.7535,7.7535,7.7535,7.7535,7.7535,7.7535,7.7535,7.7535,7.7535,7.7535,7.7535,7.7535,7.7535,7.7535,7.7535,7.7535,7.7535,7.7535,7.7535,7.7535,7.7535,7.7535,7.7535,7.7535,7.7535,7.7535,7.7535,7.7535,7.7535,7.7535,7.7535,7.7535,7.7535,7.7535,7.7535,7.7535,7.7535,7.7535,7.7535,7.7535,7.7535,7.7535,7.7535,7.7535,7.7535,7.7535,7.7535,7.7535,7.7535,7.7535,7.7535,7.7535,7.7535,6.1196,6.1131,6.1067,6.1000,6.0934,6.0868,6.0799,6.0733,6.0665,6.0600,6.0534,6.0467,6.0401,6.0334,6.0269,6.0207,6.0200,6.0213,6.0226,6.0241,6.0254,6.0267,6.0280,6.0293,6.0306,6.0321,6.0334,6.0347,6.0360,6.0373,6.0386,6.0399,6.0414,6.0425,6.0438,6.0451,6.0462,6.0475,6.0488,6.0499,6.0512,6.0525,6.0536,6.0549,6.0563,6.0574,6.0587,6.0600,6.0615,6.0659,6.0703,6.0749,6.0793,6.0837,6.0883,6.0927,6.0972,6.1016,6.1062,6.1107,6.1151,6.1198,6.1243,6.1288,6.1332,6.1377,6.1422,6.1467,6.1528,6.1607,6.1684,6.1763,6.1840,6.1920,6.1998,6.2076,6.2154,6.2232,6.2308,6.2387,6.2464,6.2541,6.2615,6.2692,6.2767,6.2845,6.2920,6.2996,6.3074,6.3150,6.3228,6.3304,6.3383,6.3508,6.3669,6.3829,6.3992,6.4153,6.4318,6.4476,6.4645,6.4807,6.4980,6.5149,6.5318,6.5484,6.5661,6.5967,7.7535,7.7535,7.7535,7.7535,7.7535,7.7535,7.7535,7.7535,7.7535,7.7535,7.7535,7.7535,7.7535,7.7535,7.7535,7.7535,7.7535,7.7535,7.7535,7.7535,7.7535,7.7535,7.7535,7.7535,7.7535,7.7535,7.7535,7.7535,7.7535,7.7535,7.7535,7.7535,7.7535,7.7535,7.7535,7.7535,7.7535,7.7535,7.7535,7.7535,7.7535,7.7535,7.7535,7.7535,7.7535,7.7535,7.7535,7.7535,7.7535,7.7535,7.7535,7.7535,7.7535,7.7535,7.7535,7.7535,7.7535,7.7535,7.7535,7.7535,7.7535,7.7535,7.7535,7.7535,7.7535,7.7535,7.7535,7.7535,7.7535,7.7535,7.7535,7.7535,7.7535,7.7535,7.7535,7.7535,7.7535,7.7535,7.7535,7.7535,7.7535,7.7535,7.7535,7.7535,7.7535,7.7535,7.7535,7.7535,7.7535,7.7535,7.7535,7.7535,7.7535,7.7535,7.7535,7.7535,7.7535,7.7535,7.7535,7.7535,7.7535,7.7535,7.7535,7.7535,7.7535,7.7535,7.7535,7.7535,7.7535,7.7535,7.7535,7.7535,7.7535,7.7535,7.7535,7.7535,7.7535,7.7535,7.7535,7.7535,7.7535,7.7535,7.7535,7.7535,7.7535,7.7535,7.7535,7.7535,7.7535,7.7535,7.7535,7.7535,7.7535,7.7535,7.7535,7.7535,7.7535,7.7535,7.7535,7.7535,7.7535,7.7535,7.7535,7.7535,7.7535,7.7535,7.7535,7.7535,7.7535,7.7535,7.7535,7.7535,7.7535,7.7535,7.7535,7.7535,7.7535,7.7535,7.7535,7.7535,7.7535,7.7535,7.7535,7.7535,7.7535,7.7535,7.7535,7.7535,7.7535,7.7535,7.7535,7.7535,7.7535,7.7535,7.7535,7.7535,7.7535,7.7535,7.7535,7.7535,7.7535,7.7535,7.7535,7.7535,7.7535,7.7535,7.7535,7.7535,7.7535,7.7535,7.7535,7.7535,7.7535,7.7535,7.7535,7.7535,7.7535,7.7535,7.7535,7.7535,7.7535,7.7535,7.7535,7.7535,7.7535,7.7535,7.7535,7.7535,7.7535,7.7535,7.7535,7.7535,7.7535,7.7535,7.7535,7.7535,7.7535,7.7535,7.7535,7.7535,7.7535,7.7535,7.7535,7.7535,7.7535,7.7535,7.7535,7.7535,7.7535,7.7535,7.7535,7.7535,7.7535,7.7535,7.7535,7.7535,7.7535,7.7535,7.7535,7.7535,7.7535,7.7535,7.7535,7.7535,7.7535,7.7535,7.7535,7.7535,7.7535,7.7535,7.7535,7.7535,7.7535,7.7535,7.7535,7.7535,7.7535,7.7535,7.7535,7.7535,7.7535,7.7535,7.7535,7.7535,7.7535,7.7535,7.7535,7.7535,7.7535,7.7535,7.7535,7.7535,7.7535,7.7535,7.7535,7.7535,7.7535,7.7535,7.7535,7.7535,7.7535,7.7535,7.7535,7.7535,7.7535,7.7535,7.7535,7.7535,7.7535,7.7535,7.7535,7.7535,7.7535,7.7535,7.7535,7.7535,7.7535,7.7535,7.7535,7.7535,7.7535,7.7535,7.7535,7.7535,7.7535,7.7535,7.7535,7.7535,7.7535,7.7535,7.7535,7.7535,7.7535,7.7535,7.7535,7.7535,7.7535,7.7535,7.7535,7.7535,7.7535,7.7535,7.7535,7.7535,7.7535,7.7535,7.7535,7.7535,7.7535,7.7535,7.7535,7.7535,7.7535,7.7535,7.7535,7.7535,7.7535,7.7535,7.7535,7.7535,7.7535,7.7535,7.7535,7.7535,7.7535,7.7535,7.7535,7.7535,7.7535,7.7535,7.7535,7.7535,7.7535,7.7535,7.7535,7.7535,7.7535,7.7535,7.7535,7.7535,7.7535,7.7535,7.7535,7.7535,7.7535,7.7535,7.7535,7.7535,7.7535,7.7535,7.7535,7.7535,7.7535,7.7535,7.7535,7.7535,7.7535,7.7535,7.7535,7.7535,7.7535,7.7535,7.7535,7.7535,7.7535,7.7535,7.7535,7.7535,7.7535,7.7535,7.7535,7.7535,7.7535,7.7535,7.7535,7.7535,7.7535,7.7535,7.7535,7.7535,7.7535,7.7535,7.7535,7.7535,7.7535,7.7535,7.7535,7.7535,7.7535,7.7535,7.7535,7.7535,7.7535,7.7535,7.7535,7.7535,7.7535,7.7535,7.7535,7.7535,7.7535,7.7535
7.7474,7.7474,7.7474,7.7474,7.7474,7.7474,7.7474,7.7474,7.7474,7.7474,7.7474,7.7474,7.7474,7.7474,7.7474,7.7474,7.7474,7.7474,7.7474,7.7474,7.7474,7.7474,7.7474,7.7474,7.7474,7.7474,7.7474,7.7474,7.7474,7.7474,7.7474,7.7474,7.7474,7.7474,7.7474,7.7474,7.7474,7.7474,7.7474,7.7474,7.7474,7.7474,7.7474,7.7474,7.7474,7.7474,7.7474,7.7474,7.7474,7.7474,7.7474,7.7474,7.7474,7.7474,7.7474,7.7474,7.7474,7.7474,7.7474,7.7474,7.7474,7.7474,7.7474,7.7474,7.7474,7.7474,7.7474,7.7474,7.7474,7.7474,7.7474,7.7474,7.7474,7.7474,7.7474,7.7474,7.7474,7.7474,7.7474,7.7474,7.7474,7.7474,7.7474,7.7474,7.7474,7.7474,7.7474,7.7474,7.7474,7.7474,7.7474,7.7474,7.7474,7.7474,7.7474,7.7474,7.7474,7.7474,7.7474,7.7474,7.7474,7.7474,7.7474,7.7474,7.7474,7.7474,7.7474,7.7474,7.7474,7.7474,7.7474,7.7474,7.7474,7.7474,7.7474,7.7474,7.7474,7.7474,7.7474,7.7474,7.7474,7.7474,7.7474,7.7474,7.7474,7.7474,7.7474,7.7474,7.7474,7.7474,7.7474,7.7474,7.7474,7.7474,7.7474,7.7474,7.7474,7.7474,7.7474,7.7474,7.7474,7.7474,7.7474,7.7474,7.7474,7.7474,7.7474,7.7474,7.7474,7.7474,7.7474,7.7474,7.7474,7.7474,7.7474,7.7474,7.7474,7.7474,7.7474,7.7474,7.7474,7.7474,7.7474,7.7474,7.7474,7.7474,7.7474,7.7474,7.7474,7.7474,7.7474,7.7474,7.7474,7.7474,7.7474,7.7474,7.7474,7.7474,7.7474,7.7474,7.7474,7.7474,7.7474,7.7474,7.7474,7.7474,7.7474,7.7474,7.7474,7.7474,7.7474,7.7474,7.7474,7.7474,7.7474,7.7474,7.7474,7.7474,7.7474,7.7474,7.7474,7.7474,7.7474,7.7474,7.7474,7.7474,7.7474,7.7474,7.7474,7.7474,7.7474,7.7474,7.7474,7.7474,7.7474,7.7474,7.7474,7.7474,7.7474,7.7474,7.7474,7.7474,7.7474,7.7474,7.7474,7.7474,7.7474,7.7474,7.7474,7.7474,7.7474,7.7474,7.7474,7.7474,7.7474,7.7474,7.7474,7.7474,7.7474,7.7474,7.7474,7.7474,7.7474,7.7474,7.7474,7.7474,7.7474,7.7474,7.7474,7.7474,7.7474,7.7474,7.7474,7.7474,7.7474,7.7474,7.7474,7.7474,7.7474,7.7474,7.7474,7.7474,7.7474,7.7474,7.7474,7.7474,7.7474,7.7474,7.7474,7.7474,7.7474,7.7474,7.7474,7.7474,7.7474,7.7474,7.7474,7.7474,7.7474,7.7474,7.7474,7.7474,7.7474,7.7474,7.7474,7.7474,7.7474,7.7474,7.7474,7.7474,7.7474,7.7474,7.7474,7.7474,7.7474,7.7474,7.7474,7.7474,7.7474,7.7474,7.7474,7.7474,7.7474,7.7474,7.7474,7.7474,7.7474,7.7474,7.7474,7.7474,7.7474,7.7474,7.7474,7.7474,7.7474,7.7474,7.7474,7.7474,7.7474,7.7474,7.7474,7.7474,7.7474,7.7474,7.7474,7.7474,7.7474,7.7474,7.7474,7.7474,7.7474,7.7474,7.7474,7.7474,7.7474,7.7474,7.7474,7.7474,7.7474,7.7474,7.7474,7.7474,7.7474,7.7474,7.7474,7.7474,7.7474,7.7474,7.7474,7.7474,7.7474,7.7474,7.7474,7.7474,7.7474,7.7474,7.7474,7.7474,7.7474,7.7474,7.7474,7.7474,7.7474,7.7474,7.7474,7.7474,7.7474,7.7474,7.7474,7.7474,7.7474,7.7474,7.7474,7.7474,7.7474,7.7474,7.7474,7.7474,7.7474,7.7474,7.7474,7.7474,7.7474,7.7474,7.7474,7.7474,7.7474,7.7474,7.7474,7.7474,7.7474,7.7474,7.7474,7.7474,7.7474,7.7474,7.7474,7.7474,7.7474,7.7474,7.7474,7.7474,7.7474,7.7474,7.7474,7.7474,7.7474,7.7474,7.7474,7.7474,7.7474,7.7474,7.7474,7.7474,7.7474,7.7474,7.7474,7.7474,7.7474,7.7474,7.7474,7.7474,7.7474,7.7474,7.7474,7.7474,7.7474,7.7474,6.1167,6.1102,6.1038,6.0972,6.0903,6.0837,6.0771,6.0703,6.0637,6.0569,6.0504,6.0438,6.0371,6.0306,6.0239,6.0174,6.0110,6.0118,6.0131,6.0144,6.0157,6.0170,6.0183,6.0198,6.0211,6.0224,6.0237,6.0250,6.0263,6.0276,6.0289,6.0304,6.0317,6.0330,6.0343,6.0356,6.0369,6.0380,6.0393,6.0406,6.0417,6.0430,6.0443,6.0454,6.0467,6.0480,6.0491,6.0504,6.0517,6.0536,6.0584,6.0630,6.0676,6.0720,6.0764,6.0810,6.0854,6.0899,6.0945,6.0989,6.1034,6.1080,6.1125,6.1169,6.1214,6.1258,6.1303,6.1348,6.1393,6.1438,6.1483,6.1557,6.1634,6.1713,6.1790,6.1870,6.1948,6.2025,6.2106,6.2184,6.2260,6.2339,6.2415,6.2494,6.2568,6.2643,6.2720,6.2795,6.2873,6.2948,6.3024,6.3102,6.3178,6.3257,6.3333,6.3421,6.3582,6.3742,6.3902,6.4063,6.4222,6.4384,6.4550,6.4714,6.4887,6.5050,6.5219,6.5395,6.5566,6.5738,6.6614,7.7474,7.7474,7.7474,7.7474,7.7474,7.7474,7.7474,7.7474,7.7474,7.7474,7.7474,7.7474,7.7474,7.7474,7.7474,7.7474,7.7474,7.7474,7.7474,7.7474,7.7474,7.7474,7.7474,7.7474,7.7474,7.7474,7.7474,7.7474,7.7474,7.7474,7.7474,7.7474,7.7474,7.7474,7.7474,7.7474,7.7474,7.7474,7.7474,7.7474,7.7474,7.7474,7.7474,7.7474,7.7474,7.7474,7.7474,7.7474,7.7474,7.7474,7.7474,7.7474,7.7474,7.7474,7.7474,7.7474,7.7474,7.7474,7.7474,7.7474,7.7474,7.7474,7.7474,7.7474,7.7474,7.7474,7.7474,7.7474,7.7474,7.7474,7.7474,7.7474,7.7474,7.7474,7.7474,7.7474,7.7474,7.7474,7.7474,7.7474,7.7474,7.7474,7.7474,7.7474,7.7474,7.7474,7.7474,7.7474,7.7474,7.7474,7.7474,7.7474,7.7474,7.7474,7.7474,7.7474,7.7474,7.7474,7.7474,7.7474,7.7474,7.7474,7.7474,7.7474,7.7474,7.7474,7.7474,7.7474,7.7474,7.7474,7.7474,7.7474,7.7474,7.7474,7.7474,7.7474,7.7474,7.7474,7.7474,7.7474,7.7474,7.7474,7.7474,7.7474,7.7474,7.7474,7.7474,7.7474,7.7474,7.7474,7.7474,7.7474,7.7474,7.7474,7.7474,7.7474,7.7474,7.7474,7.7474,7.7474,7.7474,7.7474,7.7474,7.7474,7.7474,7.7474,7.7474,7.7474,7.7474,7.7474,7.7474,7.7474,7.7474,7.7474,7.7474,7.7474,7.7474,7.7474,7.7474,7.7474,7.7474,7.7474,7.7474,7.7474,7.7474,7.7474,7.7474,7.7474,7.7474,7.7474,7.7474,7.7474,7.7474,7.7474,7.7474,7.7474,7.7474,7.7474,7.7474,7.7474,7.7474,7.7474,7.7474,7.7474,7.7474,7.7474,7.7474,7.7474,7.7474,7.7474,7.7474,7.7474,7.7474,7.7474,7.7474,7.7474,7.7474,7.7474,7.7474,7.7474,7.7474,7.7474,7.7474,7.7474,7.7474,7.7474,7.7474,7.7474,7.7474,7.7474,7.7474,7.7474,7.7474,7.7474,7.7474,7.7474,7.7474,7.7474,7.7474,7.7474,7.7474,7.7474,7.7474,7.7474,7.7474,7.7474,7.7474,7.7474,7.7474,7.7474,7.7474,7.7474,7.7474,7.7474,7.7474,7.7474,7.7474,7.7474,7.7474,7.7474,7.7474,7.7474,7.7474,7.7474,7.7474,7.7474,7.7474,7.7474,7.7474,7.7474,7.7474,7.7474,7.7474,7.7474,7.7474,7.7474,7.7474,7.7474,7.7474,7.7474,7.7474,7.7474,7.7474,7.7474,7.7474,7.7474,7.7474,7.7474,7.7474,7.7474,7.7474,7.7474,7.7474,7.7474,7.7474,7.7474,7.7474,7.7474,7.7474,7.7474,7.7474,7.7474,7.7474,7.7474,7.7474,7.7474,7.7474,7.7474,7.7474,7.7474,7.7474,7.7474,7.7474,7.7474,7.7474,7.7474,7.7474,7.7474,7.7474,7.7474,7.7474,7.7474,7.7474,7.7474,7.7474,7.7474,7.7474,7.7474,7.7474,7.7474,7.7474,7.7474,7.7474,7.7474,7.7474,7.7474,7.7474,7.7474,7.7474,7.7474,7.7474,7.7474,7.7474,7.7474,7.7474,7.7474,7.7474,7.7474,7.7474,7.7474,7.7474,7.7474,7.7474,7.7474,7.7474,7.7474,7.7474,7.7474,7.7474,7.7474,7.7474,7.7474,7.7474,7.7474,7.7474,7.7474,7.7474,7.7474,7.7474,7.7474,7.7474,7.7474,7.7474,7.7474,7.7474,7.7474,7.7474,7.7474,7.7474,7.7474,7.7474,7.7474,7.7474,7.7474,7.7474,7.7474,7.7474,7.7474,7.7474,7.7474,7.7474,7.7474,7.7474,7.7474,7.7474,7.7474,7.7474,7.7474,7.7474,7.7474,7.7474,7.7474,7.7474,7.7474,7.7474,7.7474,7.7474,7.7474,7.7474,7.7474,7.7474,7.7474,7.7474,7.7474,7.7474,7.7474,7.7474,7.7474,7.7474,7.7474,7.7474,7.7474,7.7474,7.7474,7.7474,7.7474,7.7474,7.7474,7.7474,7.7474,7.7474,7.7474,7.7474,7.7474,7.7474,7.7474,7.7474,7.7474,7.7474,7.7474,7.7474
7.7402,7.7402,7.7402,7.7402,7.7402,7.7402,7.7402,7.7402,7.7402,7.7402,7.7402,7.7402,7.7402,7.7402,7.7402,7.7402,7.7402,7.7402,7.7402,7.7402,7.7402,7.7402,7.7402,7.7402,7.7402,7.7402,7.7402,7.7402,7.7402,7.7402,7.7402,7.7402,7.7402,7.7402,7.7402,7.7402,7.7402,7.7402,7.7402,7.7402,7.7402,7.7402,7.7402,7.7402,7.7402,7.7402,7.7402,7.7402,7.7402,7.7402,7.7402,7.7402,7.7402,7.7402,7.7402,7.7402,7.7402,7.7402,7.7402,7.7402,7.7402,7.7402,7.7402,7.7402,7.7402,7.7402,7.7402,7.7402,7.7402,7.7402,7.7402,7.7402,7.7402,7.7402,7.7402,7.7402,7.7402,7.7402,7.7402,7.7402,7.7402,7.7402,7.7402,7.7402,7.7402,7.7402,7.7402,7.7402,7.7402,7.7402,7.7402,7.7402,7.7402,7.7402,7.7402,7.7402,7.7402,7.7402,7.7402,7.7402,7.7402,7.7402,7.7402,7.7402,7.7402,7.7402,7.7402,7.7402,7.7402,7.7402,7.7402,7.7402,7.7402,7.7402,7.7402,7.7402,7.7402,7.7402,7.7402,7.7402,7.7402,7.7402,7.7402,7.7402,7.7402,7.7402,7.7402,7.7402,7.7402,7.7402,7.7402,7.7402,7.7402,7.7402,7.7402,7.7402,7.7402,7.7402,7.7402,7.7402,7.7402,7.7402,7.7402,7.7402,7.7402,7.7402,7.7402,7.7402,7.7402,7.7402,7.7402,7.7402,7.7402,7.7402,7.7402,7.7402,7.7402,7.7402,7.7402,7.7402,7.7402,7.7402,7.7402,7.7402,7.7402,7.7402,7.7402,7.7402,7.7402,7.7402,7.7402,7.7402,7.7402,7.7402,7.7402,7.7402,7.7402,7.7402,7.7402,7.7402,7.7402,7.7402,7.7402,7.7402,7.7402,7.7402,7.7402,7.7402,7.7402,7.7402,7.7402,7.7402,7.7402,7.7402,7.7402,7.7402,7.7402,7.7402,7.7402,7.7402,7.7402,7.7402,7.7402,7.7402,7.7402,7.7402,7.7402,7.7402,7.7402,7.7402,7.7402,7.7402,7.7402,7.7402,7.7402,7.7402,7.7402,7.7402,7.7402,7.7402,7.7402,7.7402,7.7402,7.7402,7.7402,7.7402,7.7402,7.7402,7.7402,7.7402,7.7402,7.7402,7.7402,7.7402,7.7402,7.7402,7.7402,7.7402,7.7402,7.7402,7.7402,7.7402,7.7402,7.7402,7.7402,7.7402,7.7402,7.7402,7.7402,7.7402,7.7402,7.7402,7.7402,7.7402,7.7402,7.7402,7.7402,7.7402,7.7402,7.7402,7.7402,7.7402,7.7402,7.7402,7.7402,7.7402,7.7402,7.7402,7.7402,7.7402,7.7402,7.7402,7.7402,7.7402,7.7402,7.7402,7.7402,7.7402,7.7402,7.7402,7.7402,7.7402,7.7402,7.7402,7.7402,7.7402,7.7402,7.7402,7.7402,7.7402,7.7402,7.7402,7.7402,7.7402,7.7402,7.7402,7.7402,7.7402,7.7402,7.7402,7.7402,7.7402,7.7402,7.7402,7.7402,7.7402,7.7402,7.7402,7.7402,7.7402,7.7402,7.7402,7.7402,7.7402,7.7402,7.7402,7.7402,7.7402,7.7402,7.7402,7.7402,7.7402,7.7402,7.7402,7.7402,7.7402,7.7402,7.7402,7.7402,7.7402,7.7402,7.7402,7.7402,7.7402,7.7402,7.7402,7.7402,7.7402,7.7402,7.7402,7.7402,7.7402,7.7402,7.7402,7.7402,7.7402,7.7402,7.7402,7.7402,7.7402,7.7402,7.7402,7.7402,7.7402,7.7402,7.7402,7.7402,7.7402,7.7402,7.7402,7.7402,7.7402,7.7402,7.7402,7.7402,7.7402,7.7402,7.7402,7.7402,7.7402,7.7402,7.7402,7.7402,7.7402,7.7402,7.7402,7.7402,7.7402,7.7402,7.7402,7.7402,7.7402,7.7402,7.7402,7.7402,7.7402,7.7402,7.7402,7.7402,7.7402,7.7402,7.7402,7.7402,7.7402,7.7402,7.7402,7.7402,7.7402,7.7402,7.7402,7.7402,7.7402,7.7402,7.7402,7.7402,7.7402,7.7402,7.7402,7.7402,7.7402,7.7402,7.7402,7.7402,7.7402,7.7402,7.7402,7.7402,7.7402,7.7402,7.7402,7.7402,7.7402,7.7402,7.7402,7.7402,7.7402,7.7402,6.1074,6.1009,6.0941,6.0874,6.0806,6.0740,6.0672,6.0606,6.0541,6.0478,6.0421,6.0364,6.0308,6.0252,6.0196,6.0140,6.0082,6.0062,6.0058,6.0062,6.0073,6.0088,6.0101,6.0114,6.0127,6.0140,6.0153,6.0166,6.0181,6.0194,6.0207,6.0219,6.0232,6.0245,6.0258,6.0273,6.0286,6.0297,6.0310,6.0323,6.0334,6.0347,6.0360,6.0371,6.0384,6.0397,6.0408,6.0421,6.0434,6.0460,6.0506,6.0554,6.0602,6.0646,6.0692,6.0736,6.0782,6.0826,6.0872,6.0916,6.0963,6.1007,6.1051,6.1098,6.1142,6.1187,6.1232,6.1276,6.1321,6.1366,6.1411,6.1456,6.1507,6.1584,6.1666,6.1743,6.1820,6.1897,6.1975,6.2055,6.2133,6.2212,6.2290,6.2366,6.2445,6.2522,6.2596,6.2671,6.2748,6.2824,6.2901,6.2977,6.3052,6.3131,6.3207,6.3285,6.3364,6.3493,6.3652,6.3814,6.3975,6.4138,6.4296,6.4463,6.4625,6.4792,6.4957,6.5126,6.5298,6.5463,6.5640,6.6168,7.7402,7.7402,7.7402,7.7402,7.7402,7.7402,7.7402,7.7402,7.7402,7.7402,7.7402,7.7402,7.7402,7.7402,7.7402,7.7402,7.7402,7.7402,7.7402,7.7402,7.7402,7.7402,7.7402,7.7402,7.7402,7.7402,7.7402,7.7402,7.7402,7.7402,7.7402,7.7402,7.7402,7.7402,7.7402,7.7402,7.7402,7.7402,7.7402,7.7402,7.7402,7.7402,7.7402,7.7402,7.7402,7.7402,7.7402,7.7402,7.7402,7.7402,7.7402,7.7402,7.7402,7.7402,7.7402,7.7402,7.7402,7.7402,7.7402,7.7402,7.7402,7.7402,7.7402,7.7402,7.7402,7.7402,7.7402,7.7402,7.7402,7.7402,7.7402,7.7402,7.7402,7.7402,7.7402,7.7402,7.7402,7.7402,7.7402,7.7402,7.7402,7.7402,7.7402,7.7402,7.7402,7.7402,7.7402,7.7402,7.7402,7.7402,7.7402,7.7402,7.7402,7.7402,7.7402,7.7402,7.7402,7.7402,7.7402,7.7402,7.7402,7.7402,7.7402,7.7402,7.7402,7.7402,7.7402,7.7402,7.7402,7.7402,7.7402,7.7402,7.7402,7.7402,7.7402,7.7402,7.7402,7.7402,7.7402,7.7402,7.7402,7.7402,7.7402,7.7402,7.7402,7.7402,7.7402,7.7402,7.7402,7.7402,7.7402,7.7402,7.7402,7.7402,7.7402,7.7402,7.7402,7.7402,7.7402,7.7402,7.7402,7.7402,7.7402,7.7402,7.7402,7.7402,7.7402,7.7402,7.7402,7.7402,7.7402,7.7402,7.7402,7.7402,7.7402,7.7402,7.7402,7.7402,7.7402,7.7402,7.7402,7.7402,7.7402,7.7402,7.7402,7.7402,7.7402,7.7402,7.7402,7.7402,7.7402,7.7402,7.7402,7.7402,7.7402,7.7402,7.7402,7.7402,7.7402,7.7402,7.7402,7.7402,7.7402,7.7402,7.7402,7.7402,7.7402,7.7402,7.7402,7.7402,7.7402,7.7402,7.7402,7.7402,7.7402,7.7402,7.7402,7.7402,7.7402,7.7402,7.7402,7.7402,7.7402,7.7402,7.7402,7.7402,7.7402,7.7402,7.7402,7.7402,7.7402,7.7402,7.7402,7.7402,7.7402,7.7402,7.7402,7.7402,7.7402,7.7402,7.7402,7.7402,7.7402,7.7402,7.7402,7.7402,7.7402,7.7402,7.7402,7.7402,7.7402,7.7402,7.7402,7.7402,7.7402,7.7402,7.7402,7.7402,7.7402,7.7402,7.7402,7.7402,7.7402,7.7402,7.7402,7.7402,7.7402,7.7402,7.7402,7.7402,7.7402,7.7402,7.7402,7.7402,7.7402,7.7402,7.7402,7.7402,7.7402,7.7402,7.7402,7.7402,7.7402,7.7402,7.7402,7.7402,7.7402,7.7402,7.7402,7.7402,7.7402,7.7402,7.7402,7.7402,7.7402,7.7402,7.7402,7.7402,7.7402,7.7402,7.7402,7.7402,7.7402,7.7402,7.7402,7.7402,7.7402,7.7402,7.7402,7.7402,7.7402,7.7402,7.7402,7.7402,7.7402,7.7402,7.7402,7.7402,7.7402,7.7402,7.7402,7.7402,7.7402,7.7402,7.7402,7.7402,7.7402,7.7402,7.7402,7.7402,7.7402,7.7402,7.7402,7.7402,7.7402,7.7402,7.7402,7.7402,7.7402,7.7402,7.7402,7.7402,7.7402,7.7402,7.7402,7.7402,7.7402,7.7402,7.7402,7.7402,7.7402,7.7402,7.7402,7.7402,7.7402,7.7402,7.7402,7.7402,7.7402,7.7402,7.7402,7.7402,7.7402,7.7402,7.7402,7.7402,7.7402,7.7402,7.7402,7.7402,7.7402,7.7402,7.7402,7.7402,7.7402,7.7402,7.7402,7.7402,7.7402,7.7402,7.7402,7.7402,7.7402,7.7402,7.7402,7.7402,7.7402,7.7402,7.7402,7.7402,7.7402,7.7402,7.7410,7.7410,7.7410,7.7410,7.7410,7.7410,7.7410,7.7410,7.7410,7.7410,7.7410,7.7410,7.7410,7.7410,7.7410,7.7410,7.7410,7.7410,7.7410,7.7410,7.7410,7.7410,7.7410,7.7410,7.7410,7.7410,7.7410,7.7410,7.7410,7.7410,7.7410,7.7410,7.7410,7.7410,7.7410,7.7410,7.7410,7.7410,7.7410,7.7410,7.7410,7.7410,7.7410,7.7410,7.7410,7.7410,7.7410,7.7410,7.7410
7.7335,7.7335,7.7335,7.7335,7.7335,7.7335,7.7335,7.7335,7.7335,7.7335,7.7335,7.7335,7.7335,7.7335,7.7335,7.7335,7.7335,7.7335,7.7335,7.7335,7.7335,7.7335,7.7335,7.7335,7.7335,7.7335,7.7335,7.7335,7.7335,7.7335,7.7335,7.7335,7.7335,7.7335,7.7335,7.7335,7.7335,7.7335,7.7335,7.7335,7.7335,7.7335,7.7335,7.7335,7.7335,7.7335,7.7335,7.7335,7.7335,7.7335,7.7335,7.7335,7.7335,7.7335,7.7335,7.7335,7.7335,7.7335,7.7335,7.7335,7.7335,7.7335,7.7335,7.7335,7.7335,7.7335,7.7335,7.7335,7.7335,7.7335,7.7335,7.7335,7.7335,7.7335,7.7335,7.7335,7.7335,7.7335,7.7335,7.7335,7.7335,7.7335,7.7335,7.7335,7.7335,7.7335,7.7335,7.7335,7.7335,7.7335,7.7335,7.7335,7.7335,7.7335,7.7335,7.7335,7.7335,7.7335,7.7335,7.7335,7.7335,7.7335,7.7335,7.7335,7.7335,7.7335,7.7335,7.7335,7.7335,7.7335,7.7335,7.7335,7.7335,7.7335,7.7335,7.7335,7.7335,7.7335,7.7335,7.7335,7.7335,7.7335,7.7335,7.7335,7.7335,7.7335,7.7335,7.7335,7.7335,7.7335,7.7335,7.7335,7.7335,7.7335,7.7335,7.7335,7.7335,7.7335,7.7335,7.7335,7.7335,7.7335,7.7335,7.7335,7.7335,7.7335,7.7335,7.7335,7.7335,7.7335,7.7335,7.7335,7.7335,7.7335,7.7335,7.7335,7.7335,7.7335,7.7335,7.7335,7.7335,7.7335,7.7335,7.7335,7.7335,7.7335,7.7335,7.7335,7.7335,7.7335,7.7335,7.7335,7.7335,7.7335,7.7335,7.7335,7.7335,7.7335,7.7335,7.7335,7.7335,7.7335,7.7335,7.7335,7.7335,7.7335,7.7335,7.7335,7.7335,7.7335,7.7335,7.7335,7.7335,7.7335,7.7335,7.7335,7.7335,7.7335,7.7335,7.7335,7.7335,7.7335,7.7335,7.7335,7.7335,7.7335,7.7335,7.7335,7.7335,7.7335,7.7335,7.7335,7.7335,7.7335,7.7335,7.7335,7.7335,7.7335,7.7335,7.7335,7.7335,7.7335,7.7335,7.7335,7.7335,7.7335,7.7335,7.7335,7.7335,7.7335,7.7335,7.7335,7.7335,7.7335,7.7335,7.7335,7.7335,7.7335,7.7335,7.7335,7.7335,7.7335,7.7335,7.7335,7.7335,7.7335,7.7335,7.7335,7.7335,7.7335,7.7335,7.7335,7.7335,7.7335,7.7335,7.7335,7.7335,7.7335,7.7335,7.7335,7.7335,7.7335,7.7335,7.7335,7.7335,7.7335,7.7335,7.7335,7.7335,7.7335,7.7335,7.7335,7.7335,7.7335,7.7335,7.7335,7.7335,7.7335,7.7335,7.7335,7.7335,7.7335,7.7335,7.7335,7.7335,7.7335,7.7335,7.7335,7.7335,7.7335,7.7335,7.7335,7.7335,7.7335,7.7335,7.7335,7.7335,7.7335,7.7335,7.7335,7.7335,7.7335,7.7335,7.7335,7.7335,7.7335,7.7335,7.7335,7.7335,7.7335,7.7335,7.7335,7.7335,7.7335,7.7335,7.7335,7.7335,7.7335,7.7335,7.7335,7.7335,7.7335,7.7335,7.7335,7.7335,7.7335,7.7335,7.7335,7.7335,7.7335,7.7335,7.7335,7.7335,7.7335,7.7335,7.7335,7.7335,7.7335,7.7335,7.7335,7.7335,7.7335,7.7335,7.7335,7.7335,7.7335,7.7335,7.7335,7.7335,7.7335,7.7335,7.7335,7.7335,7.7335,7.7335,7.7335,7.7335,7.7335,7.7335,7.7335,7.7335,7.7335,7.7335,7.7335,7.7335,7.7335,7.7335,7.7335,7.7335,7.7335,7.7335,7.7335,7.7335,7.7335,7.7335,7.7335,7.7335,7.7335,7.7335,7.7335,7.7335,7.7335,7.7335,7.7335,7.7335,7.7335,7.7335,7.7335,7.7335,7.7335,7.7335,7.7335,7.7335,7.7335,7.7335,7.7335,7.7335,7.7335,7.7335,7.7335,7.7335,7.7335,7.7335,7.7335,7.7335,7.7335,7.7335,7.7335,7.7335,7.7335,7.7335,7.7335,7.7335,7.7335,7.7335,7.7335,7.7335,7.7335,7.7335,7.7335,7.7335,7.7335,7.7335,7.7335,7.7335,7.7335,6.0987,6.0927,6.0870,6.0813,6.0755,6.0698,6.0641,6.0582,6.0525,6.0469,6.0412,6.0356,6.0299,6.0241,6.0185,6.0129,6.0075,6.0030,6.0030,6.0026,6.0021,6.0019,6.0017,6.0032,6.0045,6.0056,6.0071,6.0084,6.0097,6.0110,6.0122,6.0135,6.0148,6.0163,6.0176,6.0189,6.0202,6.0215,6.0228,6.0241,6.0252,6.0265,6.0278,6.0289,6.0302,6.0315,6.0325,6.0338,6.0351,6.0382,6.0430,6.0478,6.0523,6.0571,6.0617,6.0663,6.0707,6.0753,6.0797,6.0843,6.0888,6.0934,6.0978,6.1025,6.1069,6.1114,6.1158,6.1203,6.1247,6.1292,6.1337,6.1382,6.1426,6.1474,6.1535,6.1611,6.1690,6.1768,6.1847,6.1925,6.2003,6.2083,6.2161,6.2239,6.2318,6.2396,6.2473,6.2547,6.2624,6.2699,6.2777,6.2852,6.2927,6.3005,6.3081,6.3159,6.3235,6.3311,6.3409,6.3565,6.3725,6.3885,6.4043,6.4205,6.4370,6.4533,6.4699,6.4872,6.5038,6.5202,6.5369,6.5540,6.5794,6.6842,7.7335,7.7335,7.7335,7.7335,7.7335,7.7335,7.7335,7.7335,7.7335,7.7335,7.7335,7.7335,7.7335,7.7335,7.7335,7.7335,7.7335,7.7335,7.7335,7.7335,7.7335,7.7335,7.7335,7.7335,7.7335,7.7335,7.7335,7.7335,7.7335,7.7335,7.7335,7.7335,7.7335,7.7335,7.7335,7.7335,7.7335,7.7335,7.7335,7.7335,7.7335,7.7335,7.7335,7.7335,7.7335,7.7335,7.7335,7.7335,7.7335,7.7335,7.7335,7.7335,7.7335,7.7335,7.7335,7.7335,7.7335,7.7335,7.7335,7.7335,7.7335,7.7335,7.7335,7.7335,7.7335,7.7335,7.7335,7.7335,7.7335,7.7335,7.7335,7.7335,7.7335,7.7335,7.7335,7.7335,7.7335,7.7335,7.7335,7.7335,7.7335,7.7335,7.7335,7.7335,7.7335,7.7335,7.7335,7.7335,7.7335,7.7335,7.7335,7.7335,7.7335,7.7335,7.7335,7.7335,7.7335,7.7335,7.7335,7.7335,7.7335,7.7335,7.7335,7.7335,7.7335,7.7335,7.7335,7.7335,7.7335,7.7335,7.7335,7.7335,7.7335,7.7335,7.7335,7.7335,7.7335,7.7335,7.7335,7.7335,7.7335,7.7335,7.7335,7.7335,7.7335,7.7335,7.7335,7.7335,7.7335,7.7335,7.7335,7.7335,7.7335,7.7335,7.7335,7.7335,7.7335,7.7335,7.7335,7.7335,7.7335,7.7335,7.7335,7.7335,7.7335,7.7335,7.7335,7.7335,7.7335,7.7335,7.7335,7.7335,7.7335,7.7335,7.7335,7.7335,7.7335,7.7335,7.7335,7.7335,7.7335,7.7335,7.7335,7.7335,7.7335,7.7335,7.7335,7.7335,7.7335,7.7335,7.7335,7.7335,7.7335,7.7335,7.7335,7.7335,7.7335,7.7335,7.7335,7.7335,7.7335,7.7335,7.7335,7.7335,7.7335,7.7335,7.7335,7.7335,7.7335,7.7335,7.7335,7.7335,7.7335,7.7335,7.7335,7.7335,7.7335,7.7335,7.7335,7.7335,7.7335,7.7335,7.7335,7.7335,7.7335,7.7335,7.7335,7.7335,7.7335,7.7335,7.7335,7.7335,7.7335,7.7335,7.7335,7.7335,7.7335,7.7335,7.7335,7.7335,7.7335,7.7335,7.7335,7.7335,7.7335,7.7335,7.7335,7.7335,7.7335,7.7335,7.7335,7.7335,7.7335,7.7335,7.7335,7.7335,7.7335,7.7335,7.7335,7.7335,7.7335,7.7335,7.7335,7.7335,7.7335,7.7335,7.7335,7.7335,7.7335,7.7335,7.7335,7.7335,7.7335,7.7335,7.7335,7.7335,7.7335,7.7335,7.7335,7.7335,7.7335,7.7335,7.7335,7.7335,7.7335,7.7335,7.7335,7.7335,7.7335,7.7335,7.7335,7.7335,7.7335,7.7335,7.7335,7.7335,7.7335,7.7335,7.7335,7.7335,7.7335,7.7335,7.7335,7.7335,7.7335,7.7335,7.7335,7.7335,7.7335,7.7335,7.7335,7.7335,7.7335,7.7335,7.7335,7.7335,7.7335,7.7335,7.7335,7.7335,7.7335,7.7335,7.7335,7.7335,7.7335,7.7335,7.7335,7.7335,7.7335,7.7335,7.7335,7.7335,7.7335,7.7335,7.7335,7.7335,7.7335,7.7335,7.7335,7.7335,7.7335,7.7335,7.7335,7.7335,7.7335,7.7335,7.7335,7.7335,7.7335,7.7335,7.7335,7.7335,7.7335,7.7335,7.7335,7.7335,7.7335,7.7335,7.7335,7.7335,7.7335,7.7335,7.7335,7.7335,7.7335,7.7335,7.7335,7.7335,7.7335,7.7335,7.7335,7.7335,7.7335,7.7335,7.7335,7.7335,7.7335,7.7335,7.7335,7.7335,7.7335,7.7335,7.7335,7.7335,7.7335,7.7335,7.7335,7.7335,7.7335,7.7335,7.7335,7.7335,7.7335,7.7335,7.7335,7.7335,7.7335,7.7335,7.7335,7.7335,7.7335,7.7335,7.7335,7.7335,7.7335,7.7335,7.7335,7.7335,7.7335,7.7335,7.7335,7.7335,7.7335,7.7335,7.7335,7.7335,7.7335,7.7335,7.7335,7.7335,7.7335,7.7335,7.7335,7.7335,7.7335,7.7335,7.7335,7.7335,7.7335,7.7335,7.7335,7.7335,7.7335,7.7335,7.7335,7.7335,7.7335,7.7335,7.7335,7.7335
7.7267,7.7267,7.7267,7.7267,7.7267,7.7267,7.7267,7.7267,7.7267,7.7267,7.7267,7.7267,7.7267,7.7267,7.7267,7.7267,7.7267,7.7267,7.7267,7.7267,7.7267,7.7267,7.7267,7.7267,7.7267,7.7267,7.7267,7.7267,7.7267,7.7267,7.7267,7.7267,7.7267,7.7267,7.7267,7.7267,7.7267,7.7267,7.7267,7.7267,7.7267,7.7267,7.7267,7.7267,7.7267,7.7267,7.7267,7.7267,7.7267,7.7267,7.7267,7.7267,7.7267,7.7267,7.7267,7.7267,7.7267,7.7267,7.7267,7.7267,7.7267,7.7267,7.7267,7.7267,7.7267,7.7267,7.7267,7.7267,7.7267,7.7267,7.7267,7.7267,7.7267,7.7267,7.7267,7.7267,7.7267,7.7267,7.7267,7.7267,7.7267,7.7267,7.7267,7.7267,7.7267,7.7267,7.7267,7.7267,7.7267,7.7267,7.7267,7.7267,7.7267,7.7267,7.7267,7.7267,7.7267,7.7267,7.7267,7.7267,7.7267,7.7267,7.7267,7.7267,7.7267,7.7267,7.7267,7.7267,7.7267,7.7267,7.7267,7.7267,7.7267,7.7267,7.7267,7.7267,7.7267,7.7267,7.7267,7.7267,7.7267,7.7267,7.7267,7.7267,7.7267,7.7267,7.7267,7.7267,7.7267,7.7267,7.7267,7.7267,7.7267,7.7267,7.7267,7.7267,7.7267,7.7267,7.7267,7.7267,7.7267,7.7267,7.7267,7.7267,7.7267,7.7267,7.7267,7.7267,7.7267,7.7267,7.7267,7.7267,7.7267,7.7267,7.7267,7.7267,7.7267,7.7267,7.7267,7.7267,7.7267,7.7267,7.7267,7.7267,7.7267,7.7267,7.7267,7.7267,7.7267,7.7267,7.7267,7.7267,7.7267,7.7267,7.7267,7.7267,7.7267,7.7267,7.7267,7.7267,7.7267,7.7267,7.7267,7.7267,7.7267,7.7267,7.7267,7.7267,7.7267,7.7267,7.7267,7.7267,7.7267,7.7267,7.7267,7.7267,7.7267,7.7267,7.7267,7.7267,7.7267,7.7267,7.7267,7.7267,7.7267,7.7267,7.7267,7.7267,7.7267,7.7267,7.7267,7.7267,7.7267,7.7267,7.7267,7.7267,7.7267,7.7267,7.7267,7.7267,7.7267,7.7267,7.7267,7.7267,7.7267,7.7267,7.7267,7.7267,7.7267,7.7267,7.7267,7.7267,7.7267,7.7267,7.7267,7.7267,7.7267,7.7267,7.7267,7.7267,7.7267,7.7267,7.7267,7.7267,7.7267,7.7267,7.7267,7.7267,7.7267,7.7267,7.7267,7.7267,7.7267,7.7267,7.7267,7.7267,7.7267,7.7267,7.7267,7.7267,7.7267,7.7267,7.7267,7.7267,7.7267,7.7267,7.7267,7.7267,7.7267,7.7267,7.7267,7.7267,7.7267,7.7267,7.7267,7.7267,7.7267,7.7267,7.7267,7.7267,7.7267,7.7267,7.7267,7.7267,7.7267,7.7267,7.7267,7.7267,7.7267,7.7267,7.7267,7.7267,7.7267,7.7267,7.7267,7.7267,7.7267,7.7267,7.7267,7.7267,7.7267,7.7267,7.7267,7.7267,7.7267,7.7267,7.7267,7.7267,7.7267,7.7267,7.7267,7.7267,7.7267,7.7267,7.7267,7.7267,7.7267,7.7267,7.7267,7.7267,7.7267,7.7267,7.7267,7.7267,7.7267,7.7267,7.7267,7.7267,7.7267,7.7267,7.7267,7.7267,7.7267,7.7267,7.7267,7.7267,7.7267,7.7267,7.7267,7.7267,7.7267,7.7267,7.7267,7.7267,7.7267,7.7267,7.7267,7.7267,7.7267,7.7267,7.7267,7.7267,7.7267,7.7267,7.7267,7.7267,7.7267,7.7267,7.7267,7.7267,7.7267,7.7267,7.7267,7.7267,7.7267,7.7267,7.7267,7.7267,7.7267,7.7267,7.7267,7.7267,7.7267,7.7267,7.7267,7.7267,7.7267,7.7267,7.7267,7.7267,7.7267,7.7267,7.7267,7.7267,7.7267,7.7267,7.7267,7.7267,7.7267,7.7267,7.7267,7.7267,7.7267,7.7267,7.7267,7.7267,7.7267,7.7267,7.7267,7.7267,7.7267,7.7267,7.7267,7.7267,7.7267,7.7267,7.7267,7.7267,7.7267,7.7267,7.7267,7.7267,7.7267,7.7267,7.7267,7.7267,7.7267,7.7267,7.7267,7.7267,7.7267,7.7267,7.7267,7.7267,7.7267,6.0976,6.0918,6.0861,6.0804,6.0747,6.0687,6.0630,6.0574,6.0517,6.0460,6.0404,6.0345,6.0289,6.0232,6.0176,6.0120,6.0067,6.0009,5.9996,5.9994,5.9991,5.9987,5.9985,5.9985,5.9981,5.9976,5.9987,6.0000,6.0013,6.0026,6.0041,6.0054,6.0069,6.0079,6.0092,6.0105,6.0118,6.0133,6.0146,6.0159,6.0170,6.0183,6.0196,6.0207,6.0219,6.0232,6.0243,6.0256,6.0269,6.0304,6.0351,6.0399,6.0447,6.0495,6.0541,6.0589,6.0635,6.0679,6.0725,6.0769,6.0815,6.0859,6.0905,6.0949,6.0996,6.1040,6.1085,6.1131,6.1176,6.1220,6.1265,6.1310,6.1355,6.1400,6.1444,6.1489,6.1562,6.1641,6.1718,6.1797,6.1875,6.1952,6.2032,6.2110,6.2188,6.2267,6.2348,6.2424,6.2501,6.2575,6.2653,6.2727,6.2805,6.2880,6.2955,6.3033,6.3126,6.3223,6.3321,6.3424,6.3539,6.3652,6.3797,6.3958,6.4116,6.4283,6.4441,6.4612,6.4779,6.4945,6.5108,6.5275,6.5451,6.5617,6.6387,7.7267,7.7267,7.7267,7.7267,7.7267,7.7267,7.7267,7.7267,7.7267,7.7267,7.7267,7.7267,7.7267,7.7267,7.7267,7.7267,7.7267,7.7267,7.7267,7.7267,7.7267,7.7267,7.7267,7.7267,7.7267,7.7267,7.7267,7.7267,7.7267,7.7267,7.7267,7.7267,7.7267,7.7267,7.7267,7.7267,7.7267,7.7267,7.7267,7.7267,7.7267,7.7267,7.7267,7.7267,7.7267,7.7267,7.7267,7.7267,7.7267,7.7267,7.7267,7.7267,7.7267,7.7267,7.7267,7.7267,7.7267,7.7267,7.7267,7.7267,7.7267,7.7267,7.7267,7.7267,7.7267,7.7267,7.7267,7.7267,7.7267,7.7267,7.7267,7.7267,7.7267,7.7267,7.7267,7.7267,7.7267,7.7267,7.7267,7.7267,7.7267,7.7267,7.7267,7.7267,7.7267,7.7267,7.7267,7.7267,7.7267,7.7267,7.7267,7.7267,7.7267,7.7267,7.7267,7.7267,7.7267,7.7267,7.7267,7.7267,7.7267,7.7267,7.7267,7.7267,7.7267,7.7267,7.7267,7.7267,7.7267,7.7267,7.7267,7.7267,7.7267,7.7267,7.7267,7.7267,7.7267,7.7267,7.7267,7.7267,7.7267,7.7267,7.7267,7.7267,7.7267,7.7267,7.7267,7.7267,7.7267,7.7267,7.7267,7.7267,7.7267,7.7267,7.7267,7.7267,7.7267,7.7267,7.7267,7.7267,7.7267,7.7267,7.7267,7.7267,7.7267,7.7267,7.7267,7.7267,7.7267,7.7267,7.7267,7.7267,7.7267,7.7267,7.7267,7.7267,7.7267,7.7267,7.7267,7.7267,7.7267,7.7267,7.7267,7.7267,7.7267,7.7267,7.7267,7.7267,7.7267,7.7267,7.7267,7.7267,7.7267,7.7267,7.7267,7.7267,7.7267,7.7267,7.7267,7.7267,7.7267,7.7267,7.7267,7.7267,7.7267,7.7267,7.7267,7.7267,7.7267,7.7267,7.7267,7.7267,7.7267,7.7267,7.7267,7.7267,7.7267,7.7267,7.7267,7.7267,7.7267,7.7267,7.7267,7.7267,7.7267,7.7267,7.7267,7.7267,7.7267,7.7267,7.7267,7.7267,7.7267,7.7267,7.7267,7.7267,7.7267,7.7267,7.7267,7.7267,7.7267,7.7267,7.7267,7.7267,7.7267,7.7267,7.7267,7.7267,7.7267,7.7267,7.7267,7.7267,7.7267,7.7267,7.7267,7.7267,7.7267,7.7267,7.7267,7.7267,7.7267,7.7267,7.7267,7.7267,7.7267,7.7267,7.7267,7.7267,7.7267,7.7267,7.7267,7.7267,7.7267,7.7267,7.7267,7.7267,7.7267,7.7267,7.7267,7.7267,7.7267,7.7267,7.7267,7.7267,7.7267,7.7267,7.7267,7.7267,7.7267,7.7267,7.7267,7.7267,7.7267,7.7267,7.7267,7.7267,7.7267,7.7267,7.7267,7.7267,7.7267,7.7267,7.7267,7.7267,7.7267,7.7267,7.7267,7.7267,7.7267,7.7267,7.7267,7.7267,7.7267,7.7267,7.7267,7.7267,7.7267,7.7267,7.7267,7.7267,7.7267,7.7267,7.7267,7.7267,7.7267,7.7267,7.7267,7.7267,7.7267,7.7267,7.7267,7.7267,7.7267,7.7267,7.7267,7.7267,7.7267,7.7267,7.7267,7.7267,7.7267,7.7267,7.7267,7.7267,7.7267,7.7267,7.7267,7.7267,7.7267,7.7267,7.7267,7.7267,7.7267,7.7267,7.7267,7.7267,7.7267,7.7267,7.7267,7.7267,7.7267,7.7267,7.7267,7.7267,7.7267,7.7267,7.7267,7.7267,7.7267,7.7267,7.7267,7.7267,7.7267,7.7267,7.7267,7.7267,7.7267,7.7267,7.7267,7.7267,7.7267,7.7267,7.7267,7.7267,7.7267,7.7267,7.7267,7.7267,7.7267,7.7267,7.7267,7.7267,7.7267,7.7267,7.7267,7.7267,7.7267,7.7267,7.7267,7.7267,7.7267,7.7267,7.7267,7.7267,7.7267,7.7267,7.7267,7.7267,7.7267,7.7267,7.7267,7.7267,7.7267,7.7267,7.7267,7.7267,7.7267,7.7267,7.7267,7.7267,7.7267,7.7267,7.7267,7.7267,7.7267,7.7267,7.7267,7.7267,7.7267,7.7267,7.7267,7.7267,7.7267,7.7267,7.7267,7.7267,7.7267,7.7267,7.7267,7.7267
7.7207,7.7207,7.7207,7.7207,7.7207,7.7207,7.7207,7.7207,7.7207,7.7207,7.7207,7.7207,7.7207,7.7207,7.7207,7.7207,7.7207,7.7207,7.7207,7.7207,7.7207,7.7207,7.7207,7.7207,7.7207,7.7207,7.7207,7.7207,7.7207,7.7207,7.7207,7.7207,7.7207,7.7207,7.7207,7.7207,7.7207,7.7207,7.7207,7.7207,7.7207,7.7207,7.7207,7.7207,7.7207,7.7207,7.7207,7.7207,7.7207,7.7207,7.7207,7.7207,7.7207,7.7207,7.7207,7.7207,7.7207,7.7207,7.7207,7.7207,7.7207,7.7207,7.7207,7.7207,7.7207,7.7207,7.7207,7.7207,7.7207,7.7207,7.7207,7.7207,7.7207,7.7207,7.7207,7.7207,7.7207,7.7207,7.7207,7.7207,7.7207,7.7207,7.7207,7.7207,7.7207,7.7207,7.7207,7.7207,7.7207,7.7207,7.7207,7.7207,7.7207,7.7207,7.7207,7.7207,7.7207,7.7207,7.7207,7.7207,7.7207,7.7207,7.7207,7.7207,7.7207,7.7207,7.7207,7.7207,7.7207,7.7207,7.7207,7.7207,7.7207,7.7207,7.7207,7.7207,7.7207,7.7207,7.7207,7.7207,7.7207,7.7207,7.7207,7.7207,7.7207,7.7207,7.7207,7.7207,7.7207,7.7207,7.7207,7.7207,7.7207,7.7207,7.7207,7.7207,7.7207,7.7207,7.7207,7.7207,7.7207,7.7207,7.7207,7.7207,7.7207,7.7207,7.7207,7.7207,7.7207,7.7207,7.7207,7.7207,7.7207,7.7207,7.7207,7.7207,7.7207,7.7207,7.7207,7.7207,7.7207,7.7207,7.7207,7.7207,7.7207,7.7207,7.7207,7.7207,7.7207,7.7207,7.7207,7.7207,7.7207,7.7207,7.7207,7.7207,7.7207,7.7207,7.7207,7.7207,7.7207,7.7207,7.7207,7.7207,7.7207,7.7207,7.7207,7.7207,7.7207,7.7207,7.7207,7.7207,7.7207,7.7207,7.7207,7.7207,7.7207,7.7207,7.7207,7.7207,7.7207,7.7207,7.7207,7.7207,7.7207,7.7207,7.7207,7.7207,7.7207,7.7207,7.7207,7.7207,7.7207,7.7207,7.7207,7.7207,7.7207,7.7207,7.7207,7.7207,7.7207,7.7207,7.7207,7.7207,7.7207,7.7207,7.7207,7.7207,7.7207,7.7207,7.7207,7.7207,7.7207,7.7207,7.7207,7.7207,7.7207,7.7207,7.7207,7.7207,7.7207,7.7207,7.7207,7.7207,7.7207,7.7207,7.7207,7.7207,7.7207,7.7207,7.7207,7.7207,7.7207,7.7207,7.7207,7.7207,7.7207,7.7207,7.7207,7.7207,7.7207,7.7207,7.7207,7.7207,7.7207,7.7207,7.7207,7.7207,7.7207,7.7207,7.7207,7.7207,7.7207,7.7207,7.7207,7.7207,7.7207,7.7207,7.7207,7.7207,7.7207,7.7207,7.7207,7.7207,7.7207,7.7207,7.7207,7.7207,7.7207,7.7207,7.7207,7.7207,7.7207,7.7207,7.7207,7.7207,7.7207,7.7207,7.7207,7.7207,7.7207,7.7207,7.7207,7.7207,7.7207,7.7207,7.7207,7.7207,7.7207,7.7207,7.7207,7.7207,7.7207,7.7207,7.7207,7.7207,7.7207,7.7207,7.7207,7.7207,7.7207,7.7207,7.7207,7.7207,7.7207,7.7207,7.7207,7.7207,7.7207,7.7207,7.7207,7.7207,7.7207,7.7207,7.7207,7.7207,7.7207,7.7207,7.7207,7.7207,7.7207,7.7207,7.7207,7.7207,7.7207,7.7207,7.7207,7.7207,7.7207,7.7207,7.7207,7.7207,7.7207,7.7207,7.7207,7.7207,7.7207,7.7207,7.7207,7.7207,7.7207,7.7207,7.7207,7.7207,7.7207,7.7207,7.7207,7.7207,7.7207,7.7207,7.7207,7.7207,7.7207,7.7207,7.7207,7.7207,7.7207,7.7207,7.7207,7.7207,7.7207,7.7207,7.7207,7.7207,7.7207,7.7207,7.7207,7.7207,7.7207,7.7207,7.7207,7.7207,7.7207,7.7207,7.7207,7.7207,7.7207,7.7207,7.7207,7.7207,7.7207,7.7207,7.7207,7.7207,7.7207,7.7207,7.7207,7.7207,7.7207,7.7207,7.7207,7.7207,7.7207,7.7207,7.7207,7.7207,7.7207,7.7207,7.7207,7.7207,7.7207,7.7207,7.7207,7.7207,7.7207,6.0907,6.0850,6.0793,6.0736,6.0679,6.0622,6.0565,6.0508,6.0449,6.0393,6.0336,6.0280,6.0224,6.0168,6.0110,6.0054,5.9998,5.9966,5.9964,5.9959,5.9957,5.9955,5.9951,5.9949,5.9946,5.9944,5.9940,5.9938,5.9944,5.9957,5.9970,5.9983,5.9998,6.0009,6.0024,6.0036,6.0049,6.0064,6.0075,6.0088,6.0101,6.0112,6.0125,6.0138,6.0150,6.0161,6.0174,6.0187,6.0226,6.0273,6.0321,6.0369,6.0417,6.0464,6.0510,6.0558,6.0604,6.0650,6.0696,6.0740,6.0786,6.0830,6.0877,6.0921,6.0967,6.1011,6.1056,6.1102,6.1147,6.1191,6.1238,6.1283,6.1328,6.1373,6.1418,6.1462,6.1512,6.1591,6.1668,6.1745,6.1824,6.1902,6.1980,6.2060,6.2138,6.2216,6.2297,6.2376,6.2452,6.2529,6.2603,6.2681,6.2756,6.2847,6.2944,6.3041,6.3138,6.3235,6.3335,6.3438,6.3553,6.3667,6.3780,6.3897,6.4028,6.4195,6.4352,6.4520,6.4687,6.4847,6.5015,6.5181,6.5356,6.5527,6.5993,6.7085,7.7207,7.7207,7.7207,7.7207,7.7207,7.7207,7.7207,7.7207,7.7207,7.7207,7.7207,7.7207,7.7207,7.7207,7.7207,7.7207,7.7207,7.7207,7.7207,7.7207,7.7207,7.7207,7.7207,7.7207,7.7207,7.7207,7.7207,7.7207,7.7207,7.7207,7.7207,7.7207,7.7207,7.7207,7.7207,7.7207,7.7207,7.7207,7.7207,7.7207,7.7207,7.7207,7.7207,7.7207,7.7207,7.7207,7.7207,7.7207,7.7207,7.7207,7.7207,7.7207,7.7207,7.7207,7.7207,7.7207,7.7207,7.7207,7.7207,7.7207,7.7207,7.7207,7.7207,7.7207,7.7207,7.7207,7.7207,7.7207,7.7207,7.7207,7.7207,7.7207,7.7207,7.7207,7.7207,7.7207,7.7207,7.7207,7.7207,7.7207,7.7207,7.7207,7.7207,7.7207,7.7207,7.7207,7.7207,7.7207,7.7207,7.7207,7.7207,7.7207,7.7207,7.7207,7.7207,7.7207,7.7207,7.7207,7.7207,7.7207,7.7207,7.7207,7.7207,7.7207,7.7207,7.7207,7.7207,7.7207,7.7207,7.7207,7.7207,7.7207,7.7207,7.7207,7.7207,7.7207,7.7207,7.7207,7.7207,7.7207,7.7207,7.7207,7.7207,7.7207,7.7207,7.7207,7.7207,7.7207,7.7207,7.7207,7.7207,7.7207,7.7207,7.7207,7.7207,7.7207,7.7207,7.7207,7.7207,7.7207,7.7207,7.7207,7.7207,7.7207,7.7207,7.7207,7.7207,7.7207,7.7207,7.7207,7.7207,7.7207,7.7207,7.7207,7.7207,7.7207,7.7207,7.7207,7.7207,7.7207,7.7207,7.7207,7.7207,7.7207,7.7207,7.7207,7.7207,7.7207,7.7207,7.7207,7.7207,7.7207,7.7207,7.7207,7.7207,7.7207,7.7207,7.7207,7.7207,7.7207,7.7207,7.7207,7.7207,7.7207,7.7207,7.7207,7.7207,7.7207,7.7207,7.7207,7.7207,7.7207,7.7207,7.7207,7.7207,7.7207,7.7207,7.7207,7.7207,7.7207,7.7207,7.7207,7.7207,7.7207,7.7203,7.7203,7.7203,7.7203,7.7203,7.7203,7.7203,7.7203,7.7203,7.7203,7.7203,7.7203,7.7203,7.7203,7.7203,7.7203,7.7203,7.7203,7.7203,7.7203,7.7203,7.7203,7.7203,7.7203,7.7203,7.7203,7.7203,7.7203,7.7203,7.7203,7.7203,7.7203,7.7203,7.7203,7.7203,7.7203,7.7203,7.7203,7.7203,7.7203,7.7203,7.7203,7.7203,7.7203,7.7203,7.7203,7.7203,7.7203,7.7203,7.7203,7.7203,7.7203,7.7203,7.7203,7.7203,7.7203,7.7203,7.7203,7.7203,7.7203,7.7203,7.7203,7.7203,7.7203,7.7203,7.7203,7.7203,7.7203,7.7203,7.7203,7.7203,7.7203,7.7203,7.7203,7.7203,7.7203,7.7203,7.7203,7.7203,7.7203,7.7203,7.7203,7.7203,7.7203,7.7203,7.7203,7.7203,7.7203,7.7203,7.7203,7.7203,7.7203,7.7203,7.7203,7.7203,7.7203,7.7203,7.7203,7.7203,7.7203,7.7203,7.7203,7.7203,7.7203,7.7203,7.7203,7.7203,7.7203,7.7203,7.7203,7.7203,7.7203,7.7203,7.7203,7.7203,7.7203,7.7203,7.7203,7.7203,7.7203,7.7203,7.7203,7.7203,7.7203,7.7203,7.7203,7.7203,7.7203,7.7203,7.7203,7.7203,7.7203,7.7203,7.7203,7.7203,7.7203,7.7203,7.7203,7.7203,7.7203,7.7203,7.7203,7.7203,7.7203,7.7203,7.7203,7.7203,7.7203,7.7203,7.7203,7.7203,7.7203,7.7203,7.7203,7.7203,7.7203,7.7203,7.7203,7.7203,7.7203,7.7203,7.7203,7.7203,7.7203,7.7203,7.7203,7.7203,7.7203,7.7203,7.7203,7.7203,7.7203,7.7203,7.7203,7.7203,7.7203,7.7203,7.7203,7.7203,7.7203,7.7203,7.7203,7.7203,7.7203,7.7203,7.7203,7.7203,7.7203,7.7203,7.7203,7.7203,7.7203,7.7203,7.7203,7.7203,7.7203,7.7203,7.7203,7.7203,7.7203,7.7203,7.7203,7.7203,7.7203,7.7203,7.7203,7.7203,7.7203,7.7203,7.7203,7.7203,7.7203,7.7203,7.7203,7.7203
7.7136,7.7136,7.7136,7.7136,7.7136,7.7136,7.7136,7.7136,7.7136,7.7136,7.7136,7.7136,7.7136,7.7136,7.7136,7.7136,7.7136,7.7136,7.7136,7.7136,7.7136,7.7136,7.7136,7.7136,7.7136,7.7136,7.7136,7.7136,7.7136,7.7136,7.7136,7.7136,7.7136,7.7136,7.7136,7.7136,7.7136,7.7136,7.7136,7.7136,7.7136,7.7136,7.7136,7.7136,7.7136,7.7136,7.7136,7.7136,7.7136,7.7136,7.7136,7.7136,7.7136,7.7136,7.7136,7.7136,7.7136,7.7136,7.7136,7.7136,7.7136,7.7136,7.7136,7.7136,7.7136,7.7136,7.7136,7.7136,7.7136,7.7136,7.7136,7.7136,7.7136,7.7136,7.7136,7.7136,7.7136,7.7136,7.7136,7.7136,7.7136,7.7136,7.7136,7.7136,7.7136,7.7136,7.7136,7.7136,7.7136,7.7136,7.7136,7.7136,7.7136,7.7136,7.7136,7.7136,7.7136,7.7136,7.7136,7.7136,7.7136,7.7136,7.7136,7.7136,7.7136,7.7136,7.7136,7.7136,7.7136,7.7136,7.7136,7.7136,7.7136,7.7136,7.7136,7.7136,7.7136,7.7136,7.7136,7.7136,7.7136,7.7136,7.7136,7.7136,7.7136,7.7136,7.7136,7.7136,7.7136,7.7136,7.7136,7.7136,7.7136,7.7136,7.7136,7.7136,7.7136,7.7136,7.7136,7.7136,7.7136,7.7136,7.7136,7.7136,7.7136,7.7136,7.7136,7.7136,7.7136,7.7136,7.7136,7.7136,7.7136,7.7136,7.7136,7.7136,7.7136,7.7136,7.7136,7.7136,7.7136,7.7136,7.7136,7.7136,7.7136,7.7136,7.7136,7.7136,7.7136,7.7136,7.7136,7.7136,7.7136,7.7136,7.7136,7.7136,7.7136,7.7136,7.7136,7.7136,7.7136,7.7136,7.7136,7.7136,7.7136,7.7136,7.7136,7.7136,7.7136,7.7136,7.7136,7.7136,7.7136,7.7136,7.7136,7.7136,7.7136,7.7136,7.7136,7.7136,7.7136,7.7136,7.7136,7.7136,7.7136,7.7136,7.7136,7.7136,7.7136,7.7136,7.7136,7.7136,7.7136,7.7136,7.7136,7.7136,7.7136,7.7136,7.7136,7.7136,7.7136,7.7136,7.7136,7.7136,7.7136,7.7136,7.7136,7.7136,7.7136,7.7136,7.7136,7.7136,7.7136,7.7136,7.7136,7.7136,7.7136,7.7136,7.7136,7.7136,7.7136,7.7136,7.7136,7.7136,7.7136,7.7136,7.7136,7.7136,7.7136,7.7136,7.7136,7.7136,7.7136,7.7136,7.7136,7.7136,7.7136,7.7136,7.7136,7.7136,7.7136,7.7136,7.7136,7.7136,7.7136,7.7136,7.7136,7.7136,7.7136,7.7136,7.7136,7.7136,7.7136,7.7136,7.7136,7.7136,7.7136,7.7136,7.7136,7.7136,7.7136,7.7136,7.7136,7.7136,7.7136,7.7136,7.7136,7.7136,7.7136,7.7136,7.7136,7.7136,7.7136,7.7136,7.7136,7.7136,7.7136,7.7136,7.7136,7.7136,7.7136,7.7136,7.7136,7.7136,7.7136,7.7136,7.7136,7.7136,7.7136,7.7136,7.7136,7.7136,7.7136,7.7136,7.7136,7.7136,7.7136,7.7136,7.7136,7.7136,7.7136,7.7136,7.7136,7.7136,7.7136,7.7136,7.7136,7.7136,7.7136,7.7136,7.7136,7.7136,7.7136,7.7136,7.7136,7.7136,7.7136,7.7136,7.7136,7.7136,7.7136,7.7136,7.7136,7.7136,7.7136,7.7136,7.7136,7.7136,7.7136,7.7136,7.7136,7.7136,7.7136,7.7136,7.7136,7.7136,7.7136,7.7136,7.7136,7.7136,7.7136,7.7136,7.7136,7.7136,7.7136,7.7136,7.7136,7.7136,7.7136,7.7136,7.7136,7.7136,7.7136,7.7136,7.7136,7.7136,7.7136,7.7136,7.7136,7.7136,7.7136,7.7136,7.7136,7.7136,7.7136,7.7136,7.7136,7.7136,7.7136,7.7136,7.7136,7.7136,7.7136,7.7136,7.7136,7.7136,7.7136,7.7136,7.7136,7.7136,7.7136,7.7136,7.7136,7.7136,7.7136,7.7136,7.7136,7.7136,7.7136,7.7136,7.7136,7.7136,7.7136,7.7136,7.7136,7.7136,7.7136,7.7136,7.7136,7.7136,7.7136,7.7136,7.7136,7.7136,6.0899,6.0841,6.0784,6.0727,6.0670,6.0613,6.0554,6.0497,6.0441,6.0384,6.0328,6.0271,6.0213,6.0157,6.0101,6.0045,5.9989,5.9936,5.9931,5.9929,5.9927,5.9923,5.9921,5.9919,5.9914,5.9912,5.9910,5.9908,5.9904,5.9902,5.9899,5.9902,5.9914,5.9927,5.9940,5.9953,5.9966,5.9979,5.9994,6.0006,6.0019,6.0030,6.0043,6.0056,6.0067,6.0079,6.0092,6.0105,6.0150,6.0198,6.0243,6.0291,6.0338,6.0386,6.0434,6.0480,6.0528,6.0574,6.0622,6.0668,6.0711,6.0758,6.0802,6.0848,6.0892,6.0938,6.0983,6.1027,6.1074,6.1118,6.1163,6.1209,6.1254,6.1299,6.1343,6.1388,6.1433,6.1478,6.1539,6.1618,6.1695,6.1774,6.1852,6.1929,6.2009,6.2087,6.2165,6.2246,6.2325,6.2403,6.2480,6.2571,6.2667,6.2763,6.2861,6.2958,6.3055,6.3152,6.3249,6.3347,6.3455,6.3568,6.3681,6.3797,6.3911,6.4026,6.4143,6.4266,6.4431,6.4595,6.4757,6.4922,6.5091,6.5263,6.5428,6.5617,6.6619,7.7136,7.7136,7.7136,7.7136,7.7136,7.7136,7.7136,7.7136,7.7136,7.7136,7.7136,7.7136,7.7136,7.7136,7.7136,7.7136,7.7136,7.7136,7.7136,7.7136,7.7136,7.7136,7.7136,7.7136,7.7136,7.7136,7.7136,7.7136,7.7136,7.7136,7.7136,7.7136,7.7136,7.7136,7.7136,7.7136,7.7136,7.7136,7.7136,7.7136,7.7136,7.7136,7.7136,7.7136,7.7136,7.7136,7.7136,7.7136,7.7136,7.7136,7.7136,7.7136,7.7136,7.7136,7.7136,7.7136,7.7136,7.7136,7.7136,7.7136,7.7136,7.7136,7.7136,7.7136,7.7136,7.7136,7.7136,7.7136,7.7136,7.7136,7.7136,7.7136,7.7136,7.7136,7.7136,7.7136,7.7136,7.7136,7.7136,7.7136,7.7136,7.7136,7.7136,7.7136,7.7136,7.7136,7.7136,7.7136,7.7136,7.7136,7.7136,7.7136,7.7136,7.7136,7.7136,7.7136,7.7136,7.7136,7.7136,7.7136,7.7136,7.7136,7.7136,7.7136,7.7136,7.7136,7.7136,7.7136,7.7136,7.7136,7.7136,7.7136,7.7136,7.7136,7.7136,7.7136,7.7136,7.7136,7.7136,7.7136,7.7136,7.7136,7.7136,7.7136,7.7136,7.7136,7.7136,7.7136,7.7136,7.7136,7.7136,7.7136,7.7136,7.7136,7.7136,7.7136,7.7136,7.7136,7.7136,7.7136,7.7136,7.7136,7.7136,7.7136,7.7136,7.7136,7.7136,7.7136,7.7136,7.7136,7.7136,7.7136,7.7136,7.7136,7.7136,7.7136,7.7136,7.7136,7.7136,7.7136,7.7136,7.7136,7.7136,7.7136,7.7136,7.7136,7.7136,7.7136,7.7136,7.7136,7.7136,7.7136,7.7136,7.7136,7.7136,7.7136,7.7136,7.7136,7.7136,7.7136,7.7136,7.7136,7.7136,7.7136,7.7136,7.7136,7.7136,7.7136,7.7136,7.7136,7.7136,7.7136,7.7136,7.7136,7.7136,7.7136,7.7136,7.7136,7.7136,7.7136,7.7136,7.7136,7.7136,7.7136,7.7136,7.7136,7.7136,7.7136,7.7136,7.7136,7.7136,7.7136,7.7136,7.7136,7.7136,7.7136,7.7136,7.7136,7.7136,7.7136,7.7136,7.7136,7.7136,7.7136,7.7136,7.7136,7.7136,7.7136,7.7136,7.7136,7.7136,7.7136,7.7136,7.7136,7.7136,7.7136,7.7136,7.7136,7.7136,7.7136,7.7136,7.7136,7.7136,7.7136,7.7136,7.7136,7.7136,7.7136,7.7136,7.7136,7.7136,7.7136,7.7136,7.7136,7.7136,7.7136,7.7136,7.7136,7.7136,7.7136,7.7136,7.7136,7.7136,7.7136,7.7136,7.7136,7.7136,7.7136,7.7136,7.7136,7.7136,7.7136,7.7136,7.7136,7.7136,7.7136,7.7136,7.7136,7.7136,7.7136,7.7136,7.7136,7.7136,7.7136,7.7136,7.7136,7.7136,7.7136,7.7136,7.7136,7.7136,7.7136,7.7136,7.7136,7.7136,7.7136,7.7136,7.7136,7.7136,7.7136,7.7136,7.7136,7.7136,7.7136,7.7136,7.7136,7.7136,7.7136,7.7136,7.7136,7.7136,7.7136,7.7136,7.7136,7.7136,7.7136,7.7136,7.7136,7.7136,7.7136,7.7136,7.7136,7.7136,7.7136,7.7136,7.7136,7.7136,7.7136,7.7136,7.7136,7.7136,7.7136,7.7136,7.7136,7.7136,7.7136,7.7136,7.7136,7.7136,7.7136,7.7136,7.7136,7.7136,7.7136,7.7136,7.7136,7.7136,7.7136,7.7136,7.7136,7.7136,7.7136,7.7136,7.7136,7.7136,7.7136,7.7136,7.7136,7.7136,7.7136,7.7136,7.7136,7.7136,7.7136,7.7136,7.7136,7.7136,7.7136,7.7136,7.7136,7.7136,7.7136,7.7136,7.7136,7.7136,7.7136,7.7136,7.7136,7.7136,7.7136,7.7136,7.7136,7.7136,7.7136,7.7136,7.7136,7.7136,7.7136,7.7136,7.7136,7.7136,7.7136,7.7136,7.7136,7.7136,7.7136,7.7136,7.7136,7.7136,7.7136,7.7136,7.7136,7.7136,7.7136,7.7136,7.7136,7.7136,7.7136,7.7136,7.7136,7.7136,7.7136,7.7136,7.7136,7.7136,7.7136,7.7136,7.7136,7.7136
7.7069,7.7069,7.7069,7.7069,7.7069,7.7069,7.7069,7.7069,7.7069,7.7069,7.7069,7.7069,7.7069,7.7069,7.7069,7.7069,7.7069,7.7069,7.7069,7.7069,7.7069,7.7069,7.7069,7.7069,7.7069,7.7069,7.7069,7.7069,7.7069,7.7069,7.7069,7.7069,7.7069,7.7069,7.7069,7.7069,7.7069,7.7069,7.7069,7.7069,7.7069,7.7069,7.7069,7.7069,7.7069,7.7069,7.7069,7.7069,7.7069,7.7069,7.7069,7.7069,7.7069,7.7069,7.7069,7.7069,7.7069,7.7069,7.7069,7.7069,7.7069,7.7069,7.7069,7.7069,7.7069,7.7069,7.7069,7.7069,7.7069,7.7069,7.7069,7.7069,7.7069,7.7069,7.7069,7.7069,7.7069,7.7069,7.7069,7.7069,7.7069,7.7069,7.7069,7.7069,7.7069,7.7069,7.7069,7.7069,7.7069,7.7069,7.7069,7.7069,7.7069,7.7069,7.7069,7.7069,7.7069,7.7069,7.7069,7.7069,7.7069,7.7069,7.7069,7.7069,7.7069,7.7069,7.7069,7.7069,7.7069,7.7069,7.7069,7.7069,7.7069,7.7069,7.7069,7.7069,7.7069,7.7069,7.7069,7.7069,7.7069,7.7069,7.7069,7.7069,7.7069,7.7069,7.7069,7.7069,7.7069,7.7069,7.7069,7.7069,7.7069,7.7069,7.7069,7.7069,7.7069,7.7069,7.7069,7.7069,7.7069,7.7069,7.7069,7.7069,7.7069,7.7069,7.7069,7.7069,7.7069,7.7069,7.7069,7.7069,7.7069,7.7069,7.7069,7.7069,7.7069,7.7069,7.7069,7.7069,7.7069,7.7069,7.7069,7.7069,7.7069,7.7069,7.7069,7.7069,7.7069,7.7069,7.7069,7.7069,7.7069,7.7069,7.7069,7.7069,7.7069,7.7069,7.7069,7.7069,7.7069,7.7069,7.7069,7.7069,7.7069,7.7069,7.7069,7.7069,7.7069,7.7069,7.7069,7.7069,7.7069,7.7069,7.7069,7.7069,7.7069,7.7069,7.7069,7.7069,7.7069,7.7069,7.7069,7.7069,7.7069,7.7069,7.7069,7.7069,7.7069,7.7069,7.7069,7.7069,7.7069,7.7069,7.7069,7.7069,7.7069,7.7069,7.7069,7.7069,7.7069,7.7069,7.7069,7.7069,7.7069,7.7069,7.7069,7.7069,7.7069,7.7069,7.7069,7.7069,7.7069,7.7069,7.7069,7.7069,7.7069,7.7069,7.7069,7.7069,7.7069,7.7069,7.7069,7.7069,7.7069,7.7069,7.7069,7.7069,7.7069,7.7069,7.7069,7.7069,7.7069,7.7069,7.7069,7.7069,7.7069,7.7069,7.7069,7.7069,7.7069,7.7069,7.7069,7.7069,7.7069,7.7069,7.7069,7.7069,7.7069,7.7069,7.7069,7.7069,7.7069,7.7069,7.7069,7.7069,7.7069,7.7069,7.7069,7.7069,7.7069,7.7069,7.7069,7.7069,7.7069,7.7069,7.7069,7.7069,7.7069,7.7069,7.7069,7.7069,7.7069,7.7069,7.7069,7.7069,7.7069,7.7069,7.7069,7.7069,7.7069,7.7069,7.7069,7.7069,7.7069,7.7069,7.7069,7.7069,7.7069,7.7069,7.7069,7.7069,7.7069,7.7069,7.7069,7.7069,7.7069,7.7069,7.7069,7.7069,7.7069,7.7069,7.7069,7.7069,7.7069,7.7069,7.7069,7.7069,7.7069,7.7069,7.7069,7.7069,7.7069,7.7069,7.7069,7.7069,7.7069,7.7069,7.7069,7.7069,7.7069,7.7069,7.7069,7.7069,7.7069,7.7069,7.7069,7.7069,7.7069,7.7069,7.7069,7.7069,7.7069,7.7069,7.7069,7.7069,7.7069,7.7069,7.7069,7.7069,7.7069,7.7069,7.7069,7.7069,7.7069,7.7069,7.7069,7.7069,7.7069,7.7069,7.7069,7.7069,7.7069,7.7069,7.7069,7.7069,7.7069,7.7069,7.7069,7.7069,7.7069,7.7069,7.7069,7.7069,7.7069,7.7069,7.7069,7.7069,7.7069,7.7069,7.7069,7.7069,7.7069,7.7069,7.7069,7.7069,7.7069,7.7069,7.7069,7.7069,7.7069,7.7069,7.7069,7.7069,7.7069,7.7069,7.7069,7.7069,7.7069,7.7069,7.7069,7.7069,7.7069,7.7069,7.7069,7.7069,7.7069,7.7069,7.7069,7.7069,7.7069,7.7069,7.7069,6.1036,6.0830,6.0773,6.0716,6.0659,6.0602,6.0545,6.0488,6.0432,6.0375,6.0317,6.0261,6.0204,6.0148,6.0092,6.0039,5.9981,5.9925,5.9902,5.9899,5.9895,5.9893,5.9891,5.9887,5.9884,5.9882,5.9878,5.9876,5.9874,5.9872,5.9867,5.9865,5.9863,5.9861,5.9857,5.9870,5.9884,5.9897,5.9910,5.9923,5.9936,5.9949,5.9961,5.9974,5.9985,6.0000,6.0013,6.0026,6.0075,6.0120,6.0168,6.0215,6.0261,6.0308,6.0356,6.0404,6.0451,6.0497,6.0545,6.0591,6.0639,6.0683,6.0729,6.0773,6.0819,6.0863,6.0910,6.0954,6.0998,6.1045,6.1089,6.1134,6.1180,6.1225,6.1270,6.1317,6.1361,6.1406,6.1451,6.1496,6.1568,6.1647,6.1725,6.1802,6.1879,6.1957,6.2037,6.2115,6.2195,6.2292,6.2392,6.2489,6.2585,6.2681,6.2777,6.2873,6.2970,6.3069,6.3166,6.3264,6.3364,6.3469,6.3582,6.3698,6.3812,6.3926,6.4038,6.4160,6.4276,6.4392,6.4508,6.4669,6.4834,6.4997,6.5164,6.5339,6.5509,6.6194,7.7069,7.7069,7.7069,7.7069,7.7069,7.7069,7.7069,7.7069,7.7069,7.7069,7.7069,7.7069,7.7069,7.7069,7.7069,7.7069,7.7069,7.7069,7.7069,7.7069,7.7069,7.7069,7.7069,7.7069,7.7069,7.7069,7.7069,7.7069,7.7069,7.7069,7.7069,7.7069,7.7069,7.7069,7.7069,7.7069,7.7069,7.7069,7.7069,7.7069,7.7069,7.7069,7.7069,7.7069,7.7069,7.7069,7.7069,7.7069,7.7069,7.7069,7.7069,7.7069,7.7069,7.7069,7.7069,7.7069,7.7069,7.7069,7.7069,7.7069,7.7069,7.7069,7.7069,7.7069,7.7069,7.7069,7.7069,7.7069,7.7069,7.7069,7.7069,7.7069,7.7069,7.7069,7.7069,7.7069,7.7069,7.7069,7.7069,7.7069,7.7069,7.7069,7.7069,7.7069,7.7069,7.7069,7.7069,7.7069,7.7069,7.7069,7.7069,7.7069,7.7069,7.7069,7.7069,7.7069,7.7069,7.7069,7.7069,7.7069,7.7069,7.7069,7.7069,7.7069,7.7069,7.7069,7.7069,7.7069,7.7069,7.7069,7.7069,7.7069,7.7069,7.7069,7.7069,7.7069,7.7069,7.7069,7.7069,7.7069,7.7069,7.7069,7.7069,7.7069,7.7069,7.7069,7.7069,7.7069,7.7069,7.7069,7.7069,7.7069,7.7069,7.7069,7.7069,7.7069,7.7069,7.7069,7.7069,7.7069,7.7069,7.7069,7.7069,7.7069,7.7069,7.7069,7.7069,7.7069,7.7069,7.7069,7.7069,7.7069,7.7069,7.7069,7.7069,7.7069,7.7069,7.7069,7.7069,7.7069,7.7069,7.7069,7.7069,7.7069,7.7069,7.7069,7.7069,7.7069,7.7069,7.7069,7.7069,7.7069,7.7069,7.7069,7.7069,7.7069,7.7069,7.7069,7.7069,7.7069,7.7069,7.7069,7.7069,7.7069,7.7069,7.7069,7.7069,7.7069,7.7069,7.7069,7.7069,7.7069,7.7069,7.7069,7.7069,7.7069,7.7069,7.7069,7.7069,7.7069,7.7069,7.7069,7.7069,7.7069,7.7069,7.7069,7.7069,7.7069,7.7069,7.7069,7.7069,7.7069,7.7069,7.7069,7.7069,7.7069,7.7069,7.7069,7.7069,7.7069,7.7069,7.7069,7.7069,7.7069,7.7069,7.7069,7.7069,7.7069,7.7069,7.7069,7.7069,7.7069,7.7069,7.7069,7.7069,7.7069,7.7069,7.7069,7.7069,7.7069,7.7069,7.7069,7.7069,7.7069,7.7069,7.7069,7.7069,7.7069,7.7069,7.7069,7.7069,7.7069,7.7069,7.7069,7.7069,7.7069,7.7069,7.7069,7.7069,7.7069,7.7069,7.7069,7.7069,7.7069,7.7069,7.7069,7.7069,7.7069,7.7069,7.7069,7.7069,7.7069,7.7069,7.7069,7.7069,7.7069,7.7069,7.7069,7.7069,7.7069,7.7069,7.7069,7.7069,7.7069,7.7069,7.7069,7.7069,7.7069,7.7069,7.7069,7.7069,7.7069,7.7069,7.7069,7.7069,7.7069,7.7069,7.7069,7.7069,7.7069,7.7069,7.7069,7.7069,7.7069,7.7069,7.7069,7.7069,7.7069,7.7069,7.7069,7.7069,7.7069,7.7069,7.7069,7.7069,7.7069,7.7069,7.7069,7.7069,7.7069,7.7069,7.7069,7.7069,7.7069,7.7069,7.7069,7.7069,7.7069,7.7069,7.7069,7.7069,7.7069,7.7069,7.7069,7.7069,7.7069,7.7069,7.7069,7.7069,7.7069,7.7069,7.7069,7.7069,7.7069,7.7069,7.7069,7.7069,7.7069,7.7069,7.7069,7.7069,7.7069,7.7069,7.7069,7.7069,7.7069,7.7069,7.7069,7.7069,7.7069,7.7069,7.7069,7.7069,7.7069,7.7069,7.7069,7.7069,7.7069,7.7069,7.7069,7.7069,7.7069,7.7069,7.7069,7.7069,7.7069,7.7069,7.7069,7.7069,7.7069,7.7069,7.7069,7.7069,7.7069,7.7069,7.7069,7.7069,7.7069,7.7069,7.7069,7.7069,7.7069,7.7069,7.7069,7.7069,7.7069,7.7069,7.7069,7.7069,7.7069,7.7069,7.7069,7.7069,7.7069,7.7069,7.7069,7.7069,7.7069,7.7069,7.7069,7.7069,7.7069,7.7069,7.7069,7.7069,7.7069,7.7069,7.7069,7.7069
7.7001,7.7001,7.7001,7.7001,7.7001,7.7001,7.7001,7.7001,7.7001,7.7001,7.7001,7.7001,7.7001,7.7001,7.7001,7.7001,7.7001,7.7001,7.7001,7.7001,7.7001,7.7001,7.7001,7.7001,7.7001,7.7001,7.7001,7.7001,7.7001,7.7001,7.7001,7.7001,7.7001,7.7001,7.7001,7.7001,7.7001,7.7001,7.7001,7.7001,7.7001,7.7001,7.7001,7.7001,7.7001,7.7001,7.7001,7.7001,7.7001,7.7001,7.7001,7.7001,7.7001,7.7001,7.7001,7.7001,7.7001,7.7001,7.7001,7.7001,7.7001,7.7001,7.7001,7.7001,7.7001,7.7001,7.7001,7.7001,7.7001,7.7001,7.7001,7.7001,7.7001,7.7001,7.7001,7.7001,7.7001,7.7001,7.7001,7.7001,7.7001,7.7001,7.7001,7.7001,7.7001,7.7001,7.7001,7.7001,7.7001,7.7001,7.7001,7.7001,7.7001,7.7001,7.7001,7.7001,7.7001,7.7001,7.7001,7.7001,7.7001,7.7001,7.7001,7.7001,7.7001,7.7001,7.7001,7.7001,7.7001,7.7001,7.7001,7.7001,7.7001,7.7001,7.7001,7.7001,7.7001,7.7001,7.7001,7.7001,7.7001,7.7001,7.7001,7.7001,7.7001,7.7001,7.7001,7.7001,7.7001,7.7001,7.7001,7.7001,7.7001,7.7001,7.7001,7.7001,7.7001,7.7001,7.7001,7.7001,7.7001,7.7001,7.7001,7.7001,7.7001,7.7001,7.7001,7.7001,7.7001,7.7001,7.7001,7.7001,7.7001,7.7001,7.7001,7.7001,7.7001,7.7001,7.7001,7.7001,7.7001,7.7001,7.7001,7.7001,7.7001,7.7001,7.7001,7.7001,7.7001,7.7001,7.7001,7.7001,7.7001,7.7001,7.7001,7.7001,7.7001,7.7001,7.7001,7.7001,7.7001,7.7001,7.7001,7.7001,7.7001,7.7001,7.7001,7.7001,7.7001,7.7001,7.7001,7.7001,7.7001,7.7001,7.7001,7.7001,7.7001,7.7001,7.7001,7.7001,7.7001,7.7001,7.7001,7.7001,7.7001,7.7001,7.7001,7.7001,7.7001,7.7001,7.7001,7.7001,7.7001,7.7001,7.7001,7.7001,7.7001,7.7001,7.7001,7.7001,7.7001,7.7001,7.7001,7.7001,7.7001,7.7001,7.7001,7.7001,7.7001,7.7001,7.7001,7.7001,7.7001,7.7001,7.7001,7.7001,7.7001,7.7001,7.7001,7.7001,7.7001,7.7001,7.7001,7.7001,7.7001,7.7001,7.7001,7.7001,7.7001,7.7001,7.7001,7.7001,7.7001,7.7001,7.7001,7.7001,7.7001,7.7001,7.7001,7.7001,7.7001,7.7001,7.7001,7.7001,7.7001,7.7001,7.7001,7.7001,7.7001,7.7001,7.7001,7.7001,7.7001,7.7001,7.7001,7.7001,7.7001,7.7001,7.7001,7.7001,7.7001,7.7001,7.7001,7.7001,7.7001,7.7001,7.7001,7.7001,7.7001,7.7001,7.7001,7.7001,7.7001,7.7001,7.7001,7.7001,7.7001,7.7001,7.7001,7.7001,7.7001,7.7001,7.7001,7.7001,7.7001,7.7001,7.7001,7.7001,7.7001,7.7001,7.7001,7.7001,7.7001,7.7001,7.7001,7.7001,7.7001,7.7001,7.7001,7.7001,7.7001,7.7001,7.7001,7.7001,7.7001,7.7001,7.7001,7.7001,7.7001,7.7001,7.7001,7.7001,7.7001,7.7001,7.7001,7.7001,7.7001,7.7001,7.7001,7.7001,7.7001,7.7001,7.7001,7.7001,7.7001,7.7001,7.7001,7.7001,7.7001,7.7001,7.7001,7.7001,7.7001,7.7001,7.7001,7.7001,7.7001,7.7001,7.7001,7.7001,7.7001,7.7001,7.7001,7.7001,7.7001,7.7001,7.7001,7.7001,7.7001,7.7001,7.7001,7.7001,7.7001,7.7001,7.7001,7.7001,7.7001,7.7001,7.7001,7.7001,7.7001,7.7001,7.7001,7.7001,7.7001,7.7001,7.7001,7.7001,7.7001,7.7001,7.7001,7.7001,7.7001,7.7001,7.7001,7.7001,7.7001,7.7001,7.7001,7.7001,7.7001,7.7001,7.7001,7.7001,7.7001,7.7001,7.7001,7.7001,7.7001,7.7001,7.7001,7.7001,7.7001,7.7001,7.7001,7.7001,7.7001,7.7001,7.7001,7.7001,7.7001,7.7001,6.1404,6.0819,6.0762,6.0705,6.0650,6.0593,6.0536,6.0480,6.0421,6.0364,6.0308,6.0252,6.0196,6.0140,6.0082,6.0026,5.9970,5.9914,5.9870,5.9867,5.9865,5.9863,5.9859,5.9857,5.9855,5.9850,5.9848,5.9846,5.9842,5.9840,5.9838,5.9835,5.9831,5.9829,5.9827,5.9825,5.9820,5.9818,5.9827,5.9840,5.9852,5.9867,5.9880,5.9893,5.9904,5.9917,5.9929,5.9949,5.9998,6.0043,6.0090,6.0138,6.0185,6.0232,6.0278,6.0325,6.0373,6.0421,6.0467,6.0515,6.0560,6.0608,6.0654,6.0700,6.0744,6.0791,6.0835,6.0879,6.0925,6.0969,6.1016,6.1060,6.1105,6.1151,6.1196,6.1241,6.1288,6.1332,6.1377,6.1422,6.1469,6.1519,6.1595,6.1672,6.1752,6.1829,6.1918,6.2016,6.2113,6.2209,6.2306,6.2406,6.2501,6.2599,6.2695,6.2791,6.2887,6.2984,6.3081,6.3180,6.3278,6.3376,6.3484,6.3597,6.3713,6.3826,6.3941,6.4058,6.4175,6.4291,6.4402,6.4528,6.4647,6.4764,6.4904,6.5070,6.5240,6.5412,6.5815,6.6884,7.7001,7.7001,7.7001,7.7001,7.7001,7.7001,7.7001,7.7001,7.7001,7.7001,7.7001,7.7001,7.7001,7.7001,7.7001,7.7001,7.7001,7.7001,7.7001,7.7001,7.7001,7.7001,7.7001,7.7001,7.7001,7.7001,7.7001,7.7001,7.7001,7.7001,7.7001,7.7001,7.7001,7.7001,7.7001,7.7001,7.7001,7.7001,7.7001,7.7001,7.7001,7.7001,7.7001,7.7001,7.7001,7.7001,7.7001,7.7001,7.7001,7.7001,7.7001,7.7001,7.7001,7.7001,7.7001,7.7001,7.7001,7.7001,7.7001,7.7001,7.7001,7.7001,7.7001,7.7001,7.7001,7.7001,7.7001,7.7001,7.7001,7.7001,7.7001,7.7001,7.7001,7.7001,7.7001,7.7001,7.7001,7.7001,7.7001,7.7001,7.7001,7.7001,7.7001,7.7001,7.7001,7.7001,7.7001,7.7001,7.7001,7.7001,7.7001,7.7001,7.7001,7.7001,7.7001,7.7001,7.7001,7.7001,7.7001,7.7001,7.7001,7.7001,7.7001,7.7001,7.7001,7.7001,7.7001,7.7001,7.7001,7.7001,7.7001,7.7001,7.7001,7.7001,7.7001,7.7001,7.7001,7.7001,7.7001,7.7001,7.7001,7.7001,7.7001,7.7001,7.7001,7.7001,7.7001,7.7001,7.7001,7.7001,7.7001,7.7001,7.7001,7.7001,7.7001,7.7001,7.7001,7.7001,7.7001,7.7001,7.7001,7.7001,7.7001,7.7001,7.7001,7.7001,7.7001,7.7001,7.7001,7.7001,7.7001,7.7001,7.7001,7.7001,7.7001,7.7001,7.7001,7.7001,7.7001,7.7001,7.7001,7.7001,7.7001,7.7001,7.7001,7.7001,7.7001,7.7001,7.7001,7.7001,7.7001,7.7001,7.7001,7.7001,7.7001,7.7001,7.7001,7.7001,7.7001,7.7001,7.7001,7.7001,7.7001,7.7001,7.7001,7.7001,7.7001,7.7001,7.7001,7.7001,7.7001,7.7001,7.7001,7.7001,7.7001,7.7001,7.7001,7.7001,7.7001,7.7001,7.7001,7.7001,7.7001,7.7001,7.7001,7.7001,7.7001,7.7001,7.7001,7.7001,7.7001,7.7001,7.7001,7.7001,7.7001,7.7001,7.7001,7.7001,7.7001,7.7001,7.7001,7.7001,7.7001,7.7001,7.7001,7.7001,7.7001,7.7001,7.7001,7.7001,7.7001,7.7001,7.7001,7.7001,7.7001,7.7001,7.7001,7.7001,7.7001,7.7001,7.7001,7.7001,7.7001,7.7001,7.7001,7.7001,7.7001,7.7001,7.7001,7.7001,7.7001,7.7001,7.7001,7.7001,7.7001,7.7001,7.7001,7.7001,7.7001,7.7001,7.7001,7.7001,7.7001,7.7001,7.7001,7.7001,7.7001,7.7001,7.7001,7.7001,7.7001,7.7001,7.7001,7.7001,7.7001,7.7001,7.7001,7.7001,7.7001,7.7001,7.7001,7.7001,7.7001,7.7001,7.7001,7.7001,7.7001,7.7001,7.7001,7.7001,7.7001,7.7001,7.7001,7.7001,7.7001,7.7001,7.7001,7.7001,7.7001,7.7001,7.7001,7.7001,7.7001,7.7001,7.7001,7.7001,7.7001,7.7001,7.7001,7.7001,7.7001,7.7001,7.7001,7.7001,7.7001,7.7001,7.7001,7.7001,7.7001,7.7001,7.7001,7.7001,7.7001,7.7001,7.7001,7.7001,7.7001,7.7001,7.7001,7.7001,7.7001,7.7001,7.7001,7.7001,7.7001,7.7001,7.7001,7.7001,7.7001,7.7001,7.7001,7.7001,7.7001,7.7001,7.7001,7.7001,7.7001,7.7001,7.7001,7.7001,7.7001,7.7001,7.7001,7.7001,7.7001,7.7001,7.7001,7.7001,7.7001,7.7001,7.7001,7.7001,7.7001,7.7001,7.7001,7.7001,7.7001,7.7001,7.7001,7.7001,7.7001,7.7001,7.7001,7.7001,7.7001,7.7001,7.7001,7.7001,7.7001,7.7001,7.7001,7.7001,7.7001,7.7001,7.7001,7.7001,7.7001,7.7001,7.7001,7.7001,7.7001,7.7001,7.7001,7.7001,7.7001,7.7001,7.7001,7.7001,7.7001,7.7001,7.7001,7.7001,7.7001,7.7001,7.7001,7.7001,7.7001,7.7001,7.7001,7.7001,7.7001,7.7001,7.7001,7.7001,7.7001,7.7001,7.7001,7.7001
7.6938,7.6938,7.6938,7.6938,7.6938,7.6938,7.6938,7.6938,7.6938,7.6938,7.6938,7.6938,7.6938,7.6938,7.6938,7.6938,7.6938,7.6938,7.6938,7.6938,7.6938,7.6938,7.6938,7.6938,7.6938,7.6938,7.6938,7.6938,7.6938,7.6938,7.6938,7.6938,7.6938,7.6938,7.6938,7.6938,7.6938,7.6938,7.6938,7.6938,7.6938,7.6938,7.6938,7.6938,7.6938,7.6938,7.6938,7.6938,7.6938,7.6938,7.6938,7.6938,7.6938,7.6938,7.6938,7.6938,7.6938,7.6938,7.6938,7.6938,7.6938,7.6938,7.6938,7.6938,7.6938,7.6938,7.6938,7.6938,7.6938,7.6938,7.6938,7.6938,7.6938,7.6938,7.6938,7.6938,7.6938,7.6938,7.6938,7.6938,7.6938,7.6938,7.6938,7.6938,7.6938,7.6938,7.6938,7.6938,7.6938,7.6938,7.6938,7.6938,7.6938,7.6938,7.6938,7.6938,7.6938,7.6938,7.6938,7.6938,7.6938,7.6938,7.6938,7.6938,7.6938,7.6938,7.6938,7.6938,7.6938,7.6938,7.6938,7.6938,7.6938,7.6938,7.6938,7.6938,7.6938,7.6938,7.6938,7.6938,7.6938,7.6938,7.6938,7.6938,7.6938,7.6938,7.6938,7.6938,7.6938,7.6938,7.6938,7.6938,7.6938,7.6938,7.6938,7.6938,7.6938,7.6938,7.6938,7.6938,7.6938,7.6938,7.6938,7.6938,7.6938,7.6938,7.6938,7.6938,7.6938,7.6938,7.6938,7.6938,7.6938,7.6938,7.6938,7.6938,7.6938,7.6938,7.6938,7.6938,7.6938,7.6938,7.6938,7.6938,7.6938,7.6938,7.6938,7.6938,7.6938,7.6938,7.6938,7.6938,7.6938,7.6938,7.6938,7.6938,7.6938,7.6938,7.6938,7.6938,7.6938,7.6938,7.6938,7.6938,7.6938,7.6938,7.6938,7.6938,7.6938,7.6938,7.6938,7.6938,7.6938,7.6938,7.6938,7.6938,7.6938,7.6938,7.6938,7.6938,7.6938,7.6938,7.6938,7.6938,7.6938,7.6938,7.6938,7.6938,7.6938,7.6938,7.6938,7.6938,7.6938,7.6938,7.6938,7.6938,7.6938,7.6938,7.6938,7.6938,7.6938,7.6938,7.6938,7.6938,7.6938,7.6938,7.6938,7.6938,7.6938,7.6938,7.6938,7.6938,7.6938,7.6938,7.6938,7.6938,7.6938,7.6938,7.6938,7.6938,7.6938,7.6938,7.6938,7.6938,7.6938,7.6938,7.6938,7.6938,7.6938,7.6938,7.6938,7.6938,7.6938,7.6938,7.6938,7.6938,7.6938,7.6938,7.6938,7.6938,7.6938,7.6938,7.6938,7.6938,7.6938,7.6938,7.6938,7.6938,7.6938,7.6938,7.6938,7.6938,7.6938,7.6938,7.6938,7.6938,7.6938,7.6938,7.6938,7.6938,7.6938,7.6938,7.6938,7.6938,7.6938,7.6938,7.6938,7.6938,7.6938,7.6938,7.6938,7.6938,7.6938,7.6938,7.6938,7.6938,7.6938,7.6938,7.6938,7.6938,7.6938,7.6938,7.6938,7.6938,7.6938,7.6938,7.6938,7.6938,7.6938,7.6938,7.6938,7.6938,7.6938,7.6938,7.6938,7.6938,7.6938,7.6938,7.6938,7.6938,7.6938,7.6938,7.6938,7.6938,7.6938,7.6938,7.6938,7.6938,7.6938,7.6938,7.6938,7.6938,7.6938,7.6938,7.6938,7.6938,7.6938,7.6938,7.6938,7.6938,7.6938,7.6938,7.6938,7.6938,7.6938,7.6938,7.6938,7.6938,7.6938,7.6938,7.6938,7.6938,7.6938,7.6938,7.6938,7.6938,7.6938,7.6938,7.6938,7.6938,7.6938,7.6938,7.6938,7.6938,7.6938,7.6938,7.6938,7.6938,7.6938,7.6938,7.6938,7.6938,7.6938,7.6938,7.6938,7.6938,7.6938,7.6938,7.6938,7.6938,7.6938,7.6938,7.6938,7.6938,7.6938,7.6938,7.6938,7.6938,7.6938,7.6938,7.6938,7.6938,7.6938,7.6938,7.6938,7.6938,7.6938,7.6938,7.6938,7.6938,7.6938,7.6938,7.6938,7.6938,7.6938,7.6938,7.6938,7.6938,7.6938,7.6938,7.6938,7.6938,7.6938,7.6938,7.6938,7.6938,7.6938,7.6938,7.6938,7.6938,7.6938,7.6938,6.0810,6.0753,6.0696,6.0639,6.0582,6.0525,6.0469,6.0412,6.0356,6.0299,6.0243,6.0185,6.0129,6.0073,6.0017,5.9961,5.9906,5.9850,5.9838,5.9833,5.9831,5.9829,5.9827,5.9823,5.9820,5.9818,5.9814,5.9812,5.9810,5.9808,5.9803,5.9801,5.9799,5.9795,5.9793,5.9791,5.9789,5.9784,5.9782,5.9780,5.9784,5.9797,5.9810,5.9823,5.9835,5.9848,5.9874,5.9921,5.9966,6.0013,6.0060,6.0107,6.0155,6.0202,6.0250,6.0295,6.0343,6.0391,6.0436,6.0484,6.0530,6.0578,6.0624,6.0672,6.0716,6.0762,6.0806,6.0850,6.0896,6.0941,6.0987,6.1031,6.1076,6.1122,6.1167,6.1212,6.1258,6.1303,6.1348,6.1393,6.1440,6.1485,6.1548,6.1643,6.1740,6.1836,6.1932,6.2028,6.2126,6.2223,6.2320,6.2417,6.2515,6.2610,6.2706,6.2805,6.2901,6.2998,6.3095,6.3192,6.3290,6.3388,6.3498,6.3614,6.3727,6.3841,6.3958,6.4070,6.4190,6.4305,6.4421,6.4543,6.4659,6.4779,6.4907,6.5030,6.5146,6.5321,6.5484,6.6387,7.6938,7.6938,7.6938,7.6938,7.6938,7.6938,7.6938,7.6938,7.6938,7.6938,7.6938,7.6938,7.6938,7.6938,7.6938,7.6938,7.6938,7.6938,7.6938,7.6938,7.6938,7.6938,7.6938,7.6938,7.6938,7.6938,7.6938,7.6938,7.6938,7.6938,7.6938,7.6938,7.6938,7.6938,7.6938,7.6938,7.6938,7.6938,7.6938,7.6938,7.6938,7.6938,7.6938,7.6938,7.6938,7.6938,7.6938,7.6938,7.6938,7.6938,7.6938,7.6938,7.6938,7.6938,7.6938,7.6938,7.6938,7.6938,7.6938,7.6938,7.6938,7.6938,7.6938,7.6938,7.6938,7.6938,7.6938,7.6938,7.6938,7.6938,7.6938,7.6938,7.6938,7.6938,7.6938,7.6938,7.6938,7.6938,7.6938,7.6938,7.6938,7.6938,7.6938,7.6938,7.6938,7.6938,7.6938,7.6938,7.6938,7.6938,7.6938,7.6938,7.6938,7.6938,7.6938,7.6938,7.6938,7.6938,7.6938,7.6938,7.6938,7.6938,7.6938,7.6938,7.6938,7.6938,7.6938,7.6938,7.6938,7.6938,7.6938,7.6938,7.6938,7.6938,7.6938,7.6938,7.6938,7.6938,7.6938,7.6938,7.6938,7.6938,7.6938,7.6938,7.6938,7.6938,7.6938,7.6938,7.6938,7.6938,7.6938,7.6938,7.6938,7.6938,7.6938,7.6938,7.6938,7.6938,7.6938,7.6938,7.6938,7.6938,7.6938,7.6938,7.6938,7.6938,7.6938,7.6938,7.6938,7.6938,7.6938,7.6938,7.6938,7.6938,7.6938,7.6938,7.6938,7.6938,7.6938,7.6938,7.6938,7.6938,7.6938,7.6938,7.6938,7.6938,7.6938,7.6938,7.6938,7.6938,7.6938,7.6938,7.6938,7.6938,7.6938,7.6938,7.6938,7.6938,7.6938,7.6938,7.6938,7.6938,7.6938,7.6938,7.6938,7.6938,7.6938,7.6938,7.6938,7.6938,7.6938,7.6938,7.6938,7.6938,7.6938,7.6938,7.6938,7.6938,7.6938,7.6938,7.6938,7.6938,7.6938,7.6938,7.6938,7.6938,7.6938,7.6938,7.6938,7.6938,7.6938,7.6938,7.6938,7.6938,7.6938,7.6938,7.6938,7.6938,7.6938,7.6938,7.6938,7.6938,7.6938,7.6938,7.6938,7.6938,7.6938,7.6938,7.6938,7.6938,7.6938,7.6938,7.6938,7.6938,7.6938,7.6938,7.6938,7.6938,7.6938,7.6938,7.6938,7.6938,7.6938,7.6938,7.6938,7.6938,7.6938,7.6938,7.6938,7.6938,7.6938,7.6938,7.6938,7.6938,7.6938,7.6938,7.6938,7.6938,7.6938,7.6938,7.6938,7.6938,7.6938,7.6938,7.6938,7.6938,7.6938,7.6938,7.6938,7.6938,7.6938,7.6938,7.6938,7.6938,7.6938,7.6938,7.6938,7.6938,7.6938,7.6938,7.6938,7.6938,7.6938,7.6938,7.6938,7.6938,7.6938,7.6938,7.6938,7.6938,7.6938,7.6938,7.6938,7.6938,7.6938,7.6938,7.6938,7.6938,7.6938,7.6938,7.6938,7.6938,7.6938,7.6938,7.6938,7.6938,7.6938,7.6938,7.6938,7.6938,7.6938,7.6938,7.6938,7.6938,7.6938,7.6938,7.6938,7.6938,7.6938,7.6938,7.6938,7.6938,7.6938,7.6938,7.6938,7.6938,7.6938,7.6938,7.6938,7.6938,7.6938,7.6938,7.6938,7.6938,7.6938,7.6938,7.6938,7.6938,7.6938,7.6938,7.6938,7.6938,7.6938,7.6938,7.6938,7.6938,7.6938,7.6938,7.6938,7.6938,7.6938,7.6938,7.6938,7.6938,7.6938,7.6938,7.6938,7.6938,7.6938,7.6938,7.6938,7.6938,7.6938,7.6938,7.6938,7.6938,7.6938,7.6938,7.6938,7.6938,7.6938,7.6938,7.6938,7.6938,7.6938,7.6938,7.6938,7.6938,7.6938,7.6938,7.6938,7.6938,7.6938,7.6938,7.6938,7.6938,7.6938,7.6938,7.6938,7.6938,7.6938,7.6938,7.6938,7.6938,7.6938,7.6938,7.6938,7.6938,7.6938,7.6938,7.6938,7.6938,7.6938,7.6938,7.6938,7.6938,7.6938,7.6938,7.6938,7.6938,7.6938,7.6938,7.6938,7.6938,7.6938,7.6938,7.6938,7.6938
7.6871,7.6871,7.6871,7.6871,7.6871,7.6871,7.6871,7.6871,7.6871,7.6871,7.6871,7.6871,7.6871,7.6871,7.6871,7.6871,7.6871,7.6871,7.6871,7.6871,7.6871,7.6871,7.6871,7.6871,7.6871,7.6871,7.6871,7.6871,7.6871,7.6871,7.6871,7.6871,7.6871,7.6871,7.6871,7.6871,7.6871,7.6871,7.6871,7.6871,7.6871,7.6871,7.6871,7.6871,7.6871,7.6871,7.6871,7.6871,7.6871,7.6871,7.6871,7.6871,7.6871,7.6871,7.6871,7.6871,7.6871,7.6871,7.6871,7.6871,7.6871,7.6871,7.6871,7.6871,7.6871,7.6871,7.6871,7.6871,7.6871,7.6871,7.6871,7.6871,7.6871,7.6871,7.6871,7.6871,7.6871,7.6871,7.6871,7.6871,7.6871,7.6871,7.6871,7.6871,7.6871,7.6871,7.6871,7.6871,7.6871,7.6871,7.6871,7.6871,7.6871,7.6871,7.6871,7.6871,7.6871,7.6871,7.6871,7.6871,7.6871,7.6871,7.6871,7.6871,7.6871,7.6871,7.6871,7.6871,7.6871,7.6871,7.6871,7.6871,7.6871,7.6871,7.6871,7.6871,7.6871,7.6871,7.6871,7.6871,7.6871,7.6871,7.6871,7.6871,7.6871,7.6871,7.6871,7.6871,7.6871,7.6871,7.6871,7.6871,7.6871,7.6871,7.6871,7.6871,7.6871,7.6871,7.6871,7.6871,7.6871,7.6871,7.6871,7.6871,7.6871,7.6871,7.6871,7.6871,7.6871,7.6871,7.6871,7.6871,7.6871,7.6871,7.6871,7.6871,7.6871,7.6871,7.6871,7.6871,7.6871,7.6871,7.6871,7.6871,7.6871,7.6871,7.6871,7.6871,7.6871,7.6871,7.6871,7.6871,7.6871,7.6871,7.6871,7.6871,7.6871,7.6871,7.6871,7.6871,7.6871,7.6871,7.6871,7.6871,7.6871,7.6871,7.6871,7.6871,7.6871,7.6871,7.6871,7.6871,7.6871,7.6871,7.6871,7.6871,7.6871,7.6871,7.6871,7.6871,7.6871,7.6871,7.6871,7.6871,7.6871,7.6871,7.6871,7.6871,7.6871,7.6871,7.6871,7.6871,7.6871,7.6871,7.6871,7.6871,7.6871,7.6871,7.6871,7.6871,7.6871,7.6871,7.6871,7.6871,7.6871,7.6871,7.6871,7.6871,7.6871,7.6871,7.6871,7.6871,7.6871,7.6871,7.6871,7.6871,7.6871,7.6871,7.6871,7.6871,7.6871,7.6871,7.6871,7.6871,7.6871,7.6871,7.6871,7.6871,7.6871,7.6871,7.6871,7.6871,7.6871,7.6871,7.6871,7.6871,7.6871,7.6871,7.6871,7.6871,7.6871,7.6871,7.6871,7.6871,7.6871,7.6871,7.6871,7.6871,7.6871,7.6871,7.6871,7.6871,7.6871,7.6871,7.6871,7.6871,7.6871,7.6871,7.6871,7.6871,7.6871,7.6871,7.6871,7.6871,7.6871,7.6871,7.6871,7.6871,7.6871,7.6871,7.6871,7.6871,7.6871,7.6871,7.6871,7.6871,7.6871,7.6871,7.6871,7.6871,7.6871,7.6871,7.6871,7.6871,7.6871,7.6871,7.6871,7.6871,7.6871,7.6871,7.6871,7.6871,7.6871,7.6871,7.6871,7.6871,7.6871,7.6871,7.6871,7.6871,7.6871,7.6871,7.6871,7.6871,7.6871,7.6871,7.6871,7.6871,7.6871,7.6871,7.6871,7.6871,7.6871,7.6871,7.6871,7.6871,7.6871,7.6871,7.6871,7.6871,7.6871,7.6871,7.6871,7.6871,7.6871,7.6871,7.6871,7.6871,7.6871,7.6871,7.6871,7.6871,7.6871,7.6871,7.6871,7.6871,7.6871,7.6871,7.6871,7.6871,7.6871,7.6871,7.6871,7.6871,7.6871,7.6871,7.6871,7.6871,7.6871,7.6871,7.6871,7.6871,7.6871,7.6871,7.6871,7.6871,7.6871,7.6871,7.6871,7.6871,7.6871,7.6871,7.6871,7.6871,7.6871,7.6871,7.6871,7.6871,7.6871,7.6871,7.6871,7.6871,7.6871,7.6871,7.6871,7.6871,7.6871,7.6871,7.6871,7.6871,7.6871,7.6871,7.6871,7.6871,7.6871,7.6871,7.6871,7.6871,7.6871,7.6871,7.6871,7.6871,7.6871,7.6871,7.6871,7.6871,7.6871,7.6871,7.6871,7.6871,7.6871,6.1134,6.0742,6.0685,6.0628,6.0571,6.0515,6.0458,6.0401,6.0345,6.0289,6.0232,6.0176,6.0120,6.0064,6.0009,5.9953,5.9897,5.9840,5.9806,5.9803,5.9801,5.9797,5.9795,5.9793,5.9791,5.9786,5.9784,5.9782,5.9778,5.9776,5.9774,5.9772,5.9767,5.9765,5.9763,5.9759,5.9757,5.9755,5.9752,5.9748,5.9746,5.9744,5.9742,5.9742,5.9755,5.9767,5.9797,5.9844,5.9891,5.9938,5.9983,6.0032,6.0077,6.0125,6.0172,6.0219,6.0267,6.0312,6.0360,6.0406,6.0454,6.0501,6.0547,6.0595,6.0641,6.0687,6.0731,6.0777,6.0821,6.0868,6.0912,6.0958,6.1003,6.1047,6.1094,6.1138,6.1183,6.1229,6.1274,6.1319,6.1364,6.1411,6.1471,6.1562,6.1657,6.1752,6.1850,6.1945,6.2041,6.2138,6.2237,6.2334,6.2431,6.2529,6.2624,6.2720,6.2817,6.2915,6.3012,6.3109,6.3207,6.3304,6.3402,6.3515,6.3628,6.3742,6.3856,6.3972,6.4085,6.4200,6.4315,6.4436,6.4553,6.4674,6.4794,6.4917,6.5045,6.5161,6.5290,6.5410,6.6004,6.7173,7.6871,7.6871,7.6871,7.6871,7.6871,7.6871,7.6871,7.6871,7.6871,7.6871,7.6871,7.6871,7.6871,7.6871,7.6871,7.6871,7.6871,7.6871,7.6871,7.6871,7.6871,7.6871,7.6871,7.6871,7.6871,7.6871,7.6871,7.6871,7.6871,7.6871,7.6871,7.6871,7.6871,7.6871,7.6871,7.6871,7.6871,7.6871,7.6871,7.6871,7.6871,7.6871,7.6871,7.6871,7.6871,7.6871,7.6871,7.6871,7.6871,7.6871,7.6871,7.6871,7.6871,7.6871,7.6871,7.6871,7.6871,7.6871,7.6871,7.6871,7.6871,7.6871,7.6871,7.6871,7.6871,7.6871,7.6871,7.6871,7.6871,7.6871,7.6871,7.6871,7.6871,7.6871,7.6871,7.6871,7.6871,7.6871,7.6871,7.6871,7.6871,7.6871,7.6871,7.6871,7.6871,7.6871,7.6871,7.6871,7.6871,7.6871,7.6871,7.6871,7.6871,7.6871,7.6871,7.6871,7.6871,7.6871,7.6871,7.6871,7.6871,7.6871,7.6871,7.6871,7.6871,7.6871,7.6871,7.6871,7.6871,7.6871,7.6871,7.6871,7.6871,7.6871,7.6871,7.6871,7.6871,7.6871,7.6871,7.6871,7.6871,7.6871,7.6871,7.6871,7.6871,7.6871,7.6871,7.6871,7.6871,7.6871,7.6871,7.6871,7.6871,7.6871,7.6871,7.6871,7.6871,7.6871,7.6871,7.6871,7.6871,7.6871,7.6871,7.6871,7.6871,7.6871,7.6871,7.6871,7.6871,7.6871,7.6871,7.6871,7.6871,7.6871,7.6871,7.6871,7.6871,7.6871,7.6871,7.6871,7.6871,7.6871,7.6871,7.6871,7.6871,7.6871,7.6871,7.6871,7.6871,7.6871,7.6871,7.6871,7.6871,7.6871,7.6871,7.6871,7.6871,7.6871,7.6871,7.6871,7.6871,7.6871,7.6871,7.6871,7.6871,7.6871,7.6871,7.6871,7.6871,7.6871,7.6871,7.6871,7.6871,7.6871,7.6871,7.6871,7.6871,7.6871,7.6871,7.6871,7.6871,7.6871,7.6871,7.6871,7.6871,7.6871,7.6871,7.6871,7.6871,7.6871,7.6871,7.6871,7.6871,7.6871,7.6871,7.6871,7.6871,7.6871,7.6871,7.6871,7.6871,7.6871,7.6871,7.6871,7.6871,7.6871,7.6871,7.6871,7.6871,7.6871,7.6871,7.6871,7.6871,7.6871,7.6871,7.6871,7.6871,7.6871,7.6871,7.6871,7.6871,7.6871,7.6871,7.6871,7.6871,7.6871,7.6871,7.6871,7.6871,7.6871,7.6871,7.6871,7.6871,7.6871,7.6871,7.6871,7.6871,7.6871,7.6871,7.6871,7.6871,7.6871,7.6871,7.6871,7.6871,7.6871,7.6871,7.6871,7.6871,7.6871,7.6871,7.6871,7.6871,7.6871,7.6871,7.6871,7.6871,7.6871,7.6871,7.6871,7.6871,7.6871,7.6871,7.6871,7.6871,7.6871,7.6871,7.6871,7.6871,7.6871,7.6871,7.6871,7.6871,7.6871,7.6871,7.6871,7.6871,7.6871,7.6871,7.6871,7.6871,7.6871,7.6871,7.6871,7.6871,7.6871,7.6871,7.6871,7.6871,7.6871,7.6871,7.6871,7.6871,7.6871,7.6871,7.6871,7.6871,7.6871,7.6871,7.6871,7.6871,7.6871,7.6871,7.6871,7.6871,7.6871,7.6871,7.6871,7.6871,7.6871,7.6871,7.6871,7.6871,7.6871,7.6871,7.6871,7.6871,7.6871,7.6871,7.6871,7.6871,7.6871,7.6871,7.6871,7.6871,7.6871,7.6871,7.6871,7.6871,7.6871,7.6871,7.6871,7.6871,7.6871,7.6871,7.6871,7.6871,7.6871,7.6871,7.6871,7.6871,7.6871,7.6871,7.6871,7.6871,7.6871,7.6871,7.6871,7.6871,7.6871,7.6871,7.6871,7.6871,7.6871,7.6871,7.6871,7.6871,7.6871,7.6871,7.6871,7.6871,7.6871,7.6871,7.6871,7.6871,7.6871,7.6871,7.6871,7.6871,7.6871,7.6871,7.6871,7.6871,7.6871,7.6871,7.6871,7.6871,7.6871,7.6871,7.6871,7.6871,7.6871,7.6871,7.6871,7.6871,7.6871,7.6871,7.6871,7.6871,7.6871,7.6871,7.6871,7.6871,7.6871,7.6871,7.6871,7.6871
7.6804,7.6804,7.6804,7.6804,7.6804,7.6804,7.6804,7.6804,7.6804,7.6804,7.6804,7.6804,7.6804,7.6804,7.6804,7.6804,7.6804,7.6804,7.6804,7.6804,7.6804,7.6804,7.6804,7.6804,7.6804,7.6804,7.6804,7.6804,7.6804,7.6804,7.6804,7.6804,7.6804,7.6804,7.6804,7.6804,7.6804,7.6804,7.6804,7.6804,7.6804,7.6804,7.6804,7.6804,7.6804,7.6804,7.6804,7.6804,7.6804,7.6804,7.6804,7.6804,7.6804,7.6804,7.6804,7.6804,7.6804,7.6804,7.6804,7.6804,7.6804,7.6804,7.6804,7.6804,7.6804,7.6804,7.6804,7.6804,7.6804,7.6804,7.6804,7.6804,7.6804,7.6804,7.6804,7.6804,7.6804,7.6804,7.6804,7.6804,7.6804,7.6804,7.6804,7.6804,7.6804,7.6804,7.6804,7.6804,7.6804,7.6804,7.6804,7.6804,7.6804,7.6804,7.6804,7.6804,7.6804,7.6804,7.6804,7.6804,7.6804,7.6804,7.6804,7.6804,7.6804,7.6804,7.6804,7.6804,7.6804,7.6804,7.6804,7.6804,7.6804,7.6804,7.6804,7.6804,7.6804,7.6804,7.6804,7.6804,7.6804,7.6804,7.6804,7.6804,7.6804,7.6804,7.6804,7.6804,7.6804,7.6804,7.6804,7.6804,7.6804,7.6804,7.6804,7.6804,7.6804,7.6804,7.6804,7.6804,7.6804,7.6804,7.6804,7.6804,7.6804,7.6804,7.6804,7.6804,7.6804,7.6804,7.6804,7.6804,7.6804,7.6804,7.6804,7.6804,7.6804,7.6804,7.6804,7.6804,7.6804,7.6804,7.6804,7.6804,7.6804,7.6804,7.6804,7.6804,7.6804,7.6804,7.6804,7.6804,7.6804,7.6804,7.6804,7.6804,7.6804,7.6804,7.6804,7.6804,7.6804,7.6804,7.6804,7.6804,7.6804,7.6804,7.6804,7.6804,7.6804,7.6804,7.6804,7.6804,7.6804,7.6804,7.6804,7.6804,7.6804,7.6804,7.6804,7.6804,7.6804,7.6804,7.6804,7.6804,7.6804,7.6804,7.6804,7.6804,7.6804,7.6804,7.6804,7.6804,7.6804,7.6804,7.6804,7.6804,7.6804,7.6804,7.6804,7.6804,7.6804,7.6804,7.6804,7.6804,7.6804,7.6804,7.6804,7.6804,7.6804,7.6804,7.6804,7.6804,7.6804,7.6804,7.6804,7.6804,7.6804,7.6804,7.6804,7.6804,7.6804,7.6804,7.6804,7.6804,7.6804,7.6804,7.6804,7.6804,7.6804,7.6804,7.6804,7.6804,7.6804,7.6804,7.6804,7.6804,7.6804,7.6804,7.6804,7.6804,7.6804,7.6804,7.6804,7.6804,7.6804,7.6804,7.6804,7.6804,7.6804,7.6804,7.6804,7.6804,7.6804,7.6804,7.6804,7.6804,7.6804,7.6804,7.6804,7.6804,7.6804,7.6804,7.6804,7.6804,7.6804,7.6804,7.6804,7.6804,7.6804,7.6804,7.6804,7.6804,7.6804,7.6804,7.6804,7.6804,7.6804,7.6804,7.6804,7.6804,7.6804,7.6804,7.6804,7.6804,7.6804,7.6804,7.6804,7.6804,7.6804,7.6804,7.6804,7.6804,7.6804,7.6804,7.6804,7.6804,7.6804,7.6804,7.6804,7.6804,7.6804,7.6804,7.6804,7.6804,7.6804,7.6804,7.6804,7.6804,7.6804,7.6804,7.6804,7.6804,7.6804,7.6804,7.6804,7.6804,7.6804,7.6804,7.6804,7.6804,7.6804,7.6804,7.6804,7.6804,7.6804,7.6804,7.6804,7.6804,7.6804,7.6804,7.6804,7.6804,7.6804,7.6804,7.6804,7.6804,7.6804,7.6804,7.6804,7.6804,7.6804,7.6804,7.6804,7.6804,7.6804,7.6804,7.6804,7.6804,7.6804,7.6804,7.6804,7.6804,7.6804,7.6804,7.6804,7.6804,7.6804,7.6804,7.6804,7.6804,7.6804,7.6804,7.6804,7.6804,7.6804,7.6804,7.6804,7.6804,7.6804,7.6804,7.6804,7.6804,7.6804,7.6804,7.6804,7.6804,7.6804,7.6804,7.6804,7.6804,7.6804,7.6804,7.6804,7.6804,7.6804,7.6804,7.6804,7.6804,7.6804,7.6804,7.6804,7.6804,7.6804,7.6804,7.6804,7.6804,7.6804,7.6804,7.6804,7.6804,6.1503,6.0731,6.0674,6.0617,6.0563,6.0506,6.0449,6.0393,6.0336,6.0280,6.0224,6.0168,6.0112,6.0054,5.9998,5.9942,5.9887,5.9831,5.9776,5.9774,5.9769,5.9767,5.9765,5.9761,5.9759,5.9757,5.9755,5.9750,5.9748,5.9746,5.9742,5.9740,5.9738,5.9735,5.9731,5.9729,5.9727,5.9723,5.9721,5.9718,5.9716,5.9712,5.9710,5.9708,5.9706,5.9701,5.9721,5.9767,5.9814,5.9861,5.9908,5.9955,6.0004,6.0049,6.0094,6.0142,6.0189,6.0237,6.0284,6.0330,6.0378,6.0423,6.0471,6.0517,6.0565,6.0611,6.0659,6.0703,6.0749,6.0793,6.0839,6.0883,6.0930,6.0974,6.1018,6.1065,6.1109,6.1154,6.1200,6.1245,6.1290,6.1335,6.1397,6.1485,6.1575,6.1672,6.1765,6.1861,6.1959,6.2055,6.2152,6.2248,6.2348,6.2445,6.2543,6.2638,6.2734,6.2831,6.2927,6.3024,6.3123,6.3221,6.3319,6.3417,6.3529,6.3643,6.3756,6.3873,6.3984,6.4104,6.4214,6.4330,6.4446,6.4567,6.4694,6.4809,6.4937,6.5060,6.5181,6.5306,6.5425,6.5617,6.6685,7.6804,7.6804,7.6804,7.6804,7.6804,7.6804,7.6804,7.6804,7.6804,7.6804,7.6804,7.6804,7.6804,7.6804,7.6804,7.6804,7.6804,7.6804,7.6804,7.6804,7.6804,7.6804,7.6804,7.6804,7.6804,7.6804,7.6804,7.6804,7.6804,7.6804,7.6804,7.6804,7.6804,7.6804,7.6804,7.6804,7.6804,7.6804,7.6804,7.6804,7.6804,7.6804,7.6804,7.6804,7.6804,7.6804,7.6804,7.6804,7.6804,7.6804,7.6804,7.6804,7.6804,7.6804,7.6804,7.6804,7.6804,7.6804,7.6804,7.6804,7.6804,7.6804,7.6804,7.6804,7.6804,7.6804,7.6804,7.6804,7.6804,7.6804,7.6804,7.6804,7.6804,7.6804,7.6804,7.6804,7.6804,7.6804,7.6804,7.6804,7.6804,7.6804,7.6804,7.6804,7.6804,7.6804,7.6804,7.6804,7.6804,7.6804,7.6804,7.6804,7.6804,7.6804,7.6804,7.6804,7.6804,7.6804,7.6804,7.6804,7.6804,7.6804,7.6804,7.6804,7.6804,7.6804,7.6804,7.6804,7.6804,7.6804,7.6804,7.6804,7.6804,7.6804,7.6804,7.6804,7.6804,7.6804,7.6804,7.6804,7.6804,7.6804,7.6804,7.6804,7.6804,7.6804,7.6804,7.6804,7.6804,7.6804,7.6804,7.6804,7.6804,7.6804,7.6804,7.6804,7.6804,7.6804,7.6804,7.6804,7.6804,7.6804,7.6804,7.6804,7.6804,7.6804,7.6804,7.6804,7.6804,7.6804,7.6804,7.6804,7.6804,7.6804,7.6804,7.6804,7.6804,7.6804,7.6804,7.6804,7.6804,7.6804,7.6804,7.6804,7.6804,7.6804,7.6804,7.6804,7.6804,7.6804,7.6804,7.6804,7.6804,7.6804,7.6804,7.6804,7.6804,7.6804,7.6804,7.6804,7.6804,7.6804,7.6804,7.6804,7.6804,7.6804,7.6804,7.6804,7.6804,7.6804,7.6804,7.6804,7.6804,7.6804,7.6804,7.6804,7.6804,7.6804,7.6804,7.6804,7.6804,7.6804,7.6804,7.6804,7.6804,7.6804,7.6804,7.6804,7.6804,7.6804,7.6804,7.6804,7.6804,7.6804,7.6804,7.6804,7.6804,7.6804,7.6804,7.6804,7.6804,7.6804,7.6804,7.6804,7.6804,7.6804,7.6804,7.6804,7.6804,7.6804,7.6804,7.6804,7.6804,7.6804,7.6804,7.6804,7.6804,7.6804,7.6804,7.6804,7.6804,7.6804,7.6804,7.6804,7.6804,7.6804,7.6804,7.6804,7.6804,7.6804,7.6804,7.6804,7.6804,7.6804,7.6804,7.6804,7.6804,7.6804,7.6804,7.6804,7.6804,7.6804,7.6804,7.6804,7.6804,7.6804,7.6804,7.6804,7.6804,7.6804,7.6804,7.6804,7.6804,7.6804,7.6804,7.6804,7.6804,7.6804,7.6804,7.6804,7.6804,7.6804,7.6804,7.6804,7.6804,7.6804,7.6804,7.6804,7.6804,7.6804,7.6804,7.6804,7.6804,7.6804,7.6804,7.6804,7.6804,7.6804,7.6804,7.6804,7.6804,7.6804,7.6804,7.6804,7.6804,7.6804,7.6804,7.6804,7.6804,7.6804,7.6804,7.6804,7.6804,7.6804,7.6804,7.6804,7.6804,7.6804,7.6804,7.6804,7.6804,7.6804,7.6804,7.6804,7.6804,7.6804,7.6804,7.6804,7.6804,7.6804,7.6804,7.6804,7.6804,7.6804,7.6804,7.6804,7.6804,7.6804,7.6804,7.6804,7.6804,7.6804,7.6804,7.6804,7.6804,7.6804,7.6804,7.6804,7.6804,7.6804,7.6804,7.6804,7.6804,7.6804,7.6804,7.6804,7.6804,7.6804,7.6804,7.6804,7.6804,7.6804,7.6804,7.6804,7.6804,7.6804,7.6804,7.6804,7.6804,7.6804,7.6804,7.6804,7.6804,7.6804,7.6804,7.6804,7.6804,7.6804,7.6804,7.6804,7.6804,7.6804,7.6804,7.6804,7.6804,7.6804,7.6804,7.6804,7.6804,7.6804,7.6804,7.6804,7.6804,7.6804,7.6804,7.6804,7.6804,7.6804,7.6804,7.6804,7.6804,7.6804,7.6804,7.6804,7.6804,7.6804,7.6804,7.6804,7.6804,7.6804,7.6804,7.6804,7.6804,7.6804,7.6804,7.6804,7.6804
7.6738,7.6738,7.6738,7.6738,7.6738,7.6738,7.6738,7.6738,7.6738,7.6738,7.6738,7.6738,7.6738,7.6738,7.6738,7.6738,7.6738,7.6738,7.6738,7.6738,7.6738,7.6738,7.6738,7.6738,7.6738,7.6738,7.6738,7.6738,7.6738,7.6738,7.6738,7.6738,7.6738,7.6738,7.6738,7.6738,7.6738,7.6738,7.6738,7.6738,7.6738,7.6738,7.6738,7.6738,7.6738,7.6738,7.6738,7.6738,7.6738,7.6738,7.6738,7.6738,7.6738,7.6738,7.6738,7.6738,7.6738,7.6738,7.6738,7.6738,7.6738,7.6738,7.6738,7.6738,7.6738,7.6738,7.6738,7.6738,7.6738,7.6738,7.6738,7.6738,7.6738,7.6738,7.6738,7.6738,7.6738,7.6738,7.6738,7.6738,7.6738,7.6738,7.6738,7.6738,7.6738,7.6738,7.6738,7.6738,7.6738,7.6738,7.6738,7.6738,7.6738,7.6738,7.6738,7.6738,7.6738,7.6738,7.6738,7.6738,7.6738,7.6738,7.6738,7.6738,7.6738,7.6738,7.6738,7.6738,7.6738,7.6738,7.6738,7.6738,7.6738,7.6738,7.6738,7.6738,7.6738,7.6738,7.6738,7.6738,7.6738,7.6738,7.6738,7.6738,7.6738,7.6738,7.6738,7.6738,7.6738,7.6738,7.6738,7.6738,7.6738,7.6738,7.6738,7.6738,7.6738,7.6738,7.6738,7.6738,7.6738,7.6738,7.6738,7.6738,7.6738,7.6738,7.6738,7.6738,7.6738,7.6738,7.6738,7.6738,7.6738,7.6738,7.6738,7.6738,7.6738,7.6738,7.6738,7.6738,7.6738,7.6738,7.6738,7.6738,7.6738,7.6738,7.6738,7.6738,7.6738,7.6738,7.6738,7.6738,7.6738,7.6738,7.6738,7.6738,7.6738,7.6738,7.6738,7.6738,7.6738,7.6738,7.6738,7.6738,7.6738,7.6738,7.6738,7.6738,7.6738,7.6738,7.6738,7.6738,7.6738,7.6738,7.6738,7.6738,7.6738,7.6738,7.6738,7.6738,7.6738,7.6738,7.6738,7.6738,7.6738,7.6738,7.6738,7.6738,7.6738,7.6738,7.6738,7.6738,7.6738,7.6738,7.6738,7.6738,7.6738,7.6738,7.6738,7.6738,7.6738,7.6738,7.6738,7.6738,7.6738,7.6738,7.6738,7.6738,7.6738,7.6738,7.6738,7.6738,7.6738,7.6738,7.6738,7.6738,7.6738,7.6738,7.6738,7.6738,7.6738,7.6738,7.6738,7.6738,7.6738,7.6738,7.6738,7.6738,7.6738,7.6738,7.6738,7.6738,7.6738,7.6738,7.6738,7.6738,7.6738,7.6738,7.6738,7.6738,7.6738,7.6738,7.6738,7.6738,7.6738,7.6738,7.6738,7.6738,7.6738,7.6738,7.6738,7.6738,7.6738,7.6738,7.6738,7.6738,7.6738,7.6738,7.6738,7.6738,7.6738,7.6738,7.6738,7.6738,7.6738,7.6738,7.6738,7.6738,7.6738,7.6738,7.6738,7.6738,7.6738,7.6738,7.6738,7.6738,7.6738,7.6738,7.6738,7.6738,7.6738,7.6738,7.6738,7.6738,7.6738,7.6738,7.6738,7.6738,7.6738,7.6738,7.6738,7.6738,7.6738,7.6738,7.6738,7.6738,7.6738,7.6738,7.6738,7.6738,7.6738,7.6738,7.6738,7.6738,7.6738,7.6738,7.6738,7.6738,7.6738,7.6738,7.6738,7.6738,7.6738,7.6738,7.6738,7.6738,7.6738,7.6738,7.6738,7.6738,7.6738,7.6738,7.6738,7.6738,7.6738,7.6738,7.6738,7.6738,7.6738,7.6738,7.6738,7.6738,7.6738,7.6738,7.6738,7.6738,7.6738,7.6738,7.6738,7.6738,7.6738,7.6738,7.6738,7.6738,7.6738,7.6738,7.6738,7.6738,7.6738,7.6738,7.6738,7.6738,7.6738,7.6738,7.6738,7.6738,7.6738,7.6738,7.6738,7.6738,7.6738,7.6738,7.6738,7.6738,7.6738,7.6738,7.6738,7.6738,7.6738,7.6738,7.6738,7.6738,7.6738,7.6738,7.6738,7.6738,7.6738,7.6738,7.6738,7.6738,7.6738,7.6738,7.6738,7.6738,7.6738,7.6738,7.6738,7.6738,7.6738,7.6738,7.6738,7.6738,7.6738,7.6738,7.6738,7.6738,7.6738,7.6738,7.6738,6.1870,6.0848,6.0665,6.0608,6.0552,6.0495,6.0438,6.0382,6.0325,6.0269,6.0213,6.0157,6.0101,6.0045,5.9989,5.9934,5.9878,5.9823,5.9767,5.9742,5.9740,5.9738,5.9733,5.9731,5.9729,5.9725,5.9723,5.9721,5.9718,5.9714,5.9712,5.9710,5.9706,5.9704,5.9701,5.9699,5.9695,5.9693,5.9691,5.9689,5.9684,5.9682,5.9680,5.9676,5.9674,5.9672,5.9674,5.9704,5.9738,5.9784,5.9831,5.9878,5.9925,5.9972,6.0019,6.0064,6.0112,6.0159,6.0207,6.0254,6.0299,6.0347,6.0393,6.0441,6.0486,6.0534,6.0580,6.0628,6.0674,6.0720,6.0764,6.0810,6.0854,6.0901,6.0945,6.0989,6.1036,6.1080,6.1125,6.1171,6.1216,6.1261,6.1326,6.1411,6.1498,6.1586,6.1684,6.1779,6.1875,6.1970,6.2069,6.2165,6.2262,6.2359,6.2459,6.2554,6.2653,6.2748,6.2845,6.2941,6.3038,6.3135,6.3233,6.3333,6.3431,6.3544,6.3657,6.3773,6.3887,6.4002,6.4114,6.4229,6.4350,6.4461,6.4587,6.4709,6.4829,6.4952,6.5075,6.5192,6.5321,6.5446,6.5596,6.6165,7.6738,7.6738,7.6738,7.6738,7.6738,7.6738,7.6738,7.6738,7.6738,7.6738,7.6738,7.6738,7.6738,7.6738,7.6738,7.6738,7.6738,7.6738,7.6738,7.6738,7.6738,7.6738,7.6738,7.6738,7.6738,7.6738,7.6738,7.6738,7.6738,7.6738,7.6738,7.6738,7.6738,7.6738,7.6738,7.6738,7.6738,7.6738,7.6738,7.6738,7.6738,7.6738,7.6738,7.6738,7.6738,7.6738,7.6738,7.6738,7.6738,7.6738,7.6738,7.6738,7.6738,7.6738,7.6738,7.6738,7.6738,7.6738,7.6738,7.6738,7.6738,7.6738,7.6738,7.6738,7.6738,7.6738,7.6738,7.6738,7.6738,7.6738,7.6738,7.6738,7.6738,7.6738,7.6738,7.6738,7.6738,7.6738,7.6738,7.6738,7.6738,7.6738,7.6738,7.6738,7.6738,7.6738,7.6738,7.6738,7.6738,7.6738,7.6738,7.6738,7.6738,7.6738,7.6738,7.6738,7.6738,7.6738,7.6738,7.6738,7.6738,7.6738,7.6738,7.6738,7.6738,7.6738,7.6738,7.6738,7.6738,7.6738,7.6738,7.6738,7.6738,7.6738,7.6738,7.6738,7.6738,7.6738,7.6738,7.6738,7.6738,7.6738,7.6738,7.6738,7.6738,7.6738,7.6738,7.6738,7.6738,7.6738,7.6738,7.6738,7.6738,7.6738,7.6738,7.6738,7.6738,7.6738,7.6738,7.6738,7.6738,7.6738,7.6738,7.6738,7.6738,7.6738,7.6738,7.6738,7.6738,7.6738,7.6738,7.6738,7.6738,7.6738,7.6738,7.6738,7.6738,7.6738,7.6738,7.6738,7.6738,7.6738,7.6738,7.6738,7.6738,7.6738,7.6738,7.6738,7.6738,7.6738,7.6738,7.6738,7.6738,7.6738,7.6738,7.6738,7.6738,7.6738,7.6738,7.6738,7.6738,7.6738,7.6738,7.6738,7.6738,7.6738,7.6738,7.6738,7.6738,7.6738,7.6738,7.6738,7.6738,7.6738,7.6738,7.6738,7.6738,7.6738,7.6738,7.6738,7.6738,7.6738,7.6738,7.6738,7.6738,7.6738,7.6738,7.6738,7.6738,7.6738,7.6738,7.6738,7.6738,7.6738,7.6738,7.6738,7.6738,7.6738,7.6738,7.6738,7.6738,7.6738,7.6738,7.6738,7.6738,7.6738,7.6738,7.6738,7.6738,7.6738,7.6738,7.6738,7.6738,7.6738,7.6738,7.6738,7.6738,7.6738,7.6738,7.6738,7.6738,7.6738,7.6738,7.6738,7.6738,7.6738,7.6738,7.6738,7.6738,7.6738,7.6738,7.6738,7.6738,7.6738,7.6738,7.6738,7.6738,7.6738,7.6738,7.6738,7.6738,7.6738,7.6738,7.6738,7.6738,7.6738,7.6738,7.6738,7.6738,7.6738,7.6738,7.6738,7.6738,7.6738,7.6738,7.6738,7.6738,7.6738,7.6738,7.6738,7.6738,7.6738,7.6738,7.6738,7.6738,7.6738,7.6738,7.6738,7.6738,7.6738,7.6738,7.6738,7.6738,7.6738,7.6738,7.6738,7.6738,7.6738,7.6738,7.6738,7.6738,7.6738,7.6738,7.6738,7.6738,7.6738,7.6738,7.6738,7.6738,7.6738,7.6738,7.6738,7.6738,7.6738,7.6738,7.6738,7.6738,7.6738,7.6738,7.6738,7.6738,7.6738,7.6738,7.6738,7.6738,7.6738,7.6738,7.6738,7.6738,7.6738,7.6738,7.6738,7.6738,7.6738,7.6738,7.6738,7.6738,7.6738,7.6738,7.6738,7.6738,7.6738,7.6738,7.6738,7.6738,7.6738,7.6738,7.6738,7.6738,7.6738,7.6738,7.6738,7.6738,7.6738,7.6738,7.6738,7.6738,7.6738,7.6738,7.6738,7.6738,7.6738,7.6738,7.6738,7.6738,7.6738,7.6738,7.6738,7.6738,7.6738,7.6738,7.6738,7.6738,7.6738,7.6738,7.6738,7.6738,7.6738,7.6738,7.6738,7.6738,7.6738,7.6738,7.6738,7.6738,7.6738,7.6738,7.6738,7.6738,7.6738,7.6738,7.6738,7.6738,7.6738,7.6738,7.6738,7.6738,7.6738,7.6738,7.6738,7.6738,7.6738,7.6738,7.6738,7.6738,7.6738,7.6738,7.6738,7.6738,7.6738,7.6738,7.6738,7.6738,7.6738,7.6738,7.6738,7.6738
7.6678,7.6678,7.6678,7.6678,7.6678,7.6678,7.6678,7.6678,7.6678,7.6678,7.6678,7.6678,7.6678,7.6678,7.6678,7.6678,7.6678,7.6678,7.6678,7.6678,7.6678,7.6678,7.6678,7.6678,7.6678,7.6678,7.6678,7.6678,7.6678,7.6678,7.6678,7.6678,7.6678,7.6678,7.6678,7.6678,7.6678,7.6678,7.6678,7.6678,7.6678,7.6678,7.6678,7.6678,7.6678,7.6678,7.6678,7.6678,7.6678,7.6678,7.6678,7.6678,7.6678,7.6678,7.6678,7.6678,7.6678,7.6678,7.6678,7.6678,7.6678,7.6678,7.6678,7.6678,7.6678,7.6678,7.6678,7.6678,7.6678,7.6678,7.6678,7.6678,7.6678,7.6678,7.6678,7.6678,7.6678,7.6678,7.6678,7.6678,7.6678,7.6678,7.6678,7.6678,7.6678,7.6678,7.6678,7.6678,7.6678,7.6678,7.6678,7.6678,7.6678,7.6678,7.6678,7.6678,7.6678,7.6678,7.6678,7.6678,7.6678,7.6678,7.6678,7.6678,7.6678,7.6678,7.6678,7.6678,7.6678,7.6678,7.6678,7.6678,7.6678,7.6678,7.6678,7.6678,7.6678,7.6678,7.6678,7.6678,7.6678,7.6678,7.6678,7.6678,7.6678,7.6678,7.6678,7.6678,7.6678,7.6678,7.6678,7.6678,7.6678,7.6678,7.6678,7.6678,7.6678,7.6678,7.6678,7.6678,7.6678,7.6678,7.6678,7.6678,7.6678,7.6678,7.6678,7.6678,7.6678,7.6678,7.6678,7.6678,7.6678,7.6678,7.6678,7.6678,7.6678,7.6678,7.6678,7.6678,7.6678,7.6678,7.6678,7.6678,7.6678,7.6678,7.6678,7.6678,7.6678,7.6678,7.6678,7.6678,7.6678,7.6678,7.6678,7.6678,7.6678,7.6678,7.6678,7.6678,7.6678,7.6678,7.6678,7.6678,7.6678,7.6678,7.6678,7.6678,7.6678,7.6678,7.6678,7.6678,7.6678,7.6678,7.6678,7.6678,7.6678,7.6678,7.6678,7.6678,7.6678,7.6678,7.6678,7.6678,7.6678,7.6678,7.6678,7.6678,7.6678,7.6678,7.6678,7.6678,7.6678,7.6678,7.6678,7.6678,7.6678,7.6678,7.6678,7.6678,7.6678,7.6678,7.6678,7.6678,7.6678,7.6678,7.6678,7.6678,7.6678,7.6678,7.6678,7.6678,7.6678,7.6678,7.6678,7.6678,7.6678,7.6678,7.6678,7.6678,7.6678,7.6678,7.6678,7.6678,7.6678,7.6678,7.6678,7.6678,7.6678,7.6678,7.6678,7.6678,7.6678,7.6678,7.6678,7.6678,7.6678,7.6678,7.6678,7.6678,7.6678,7.6678,7.6678,7.6678,7.6678,7.6678,7.6678,7.6678,7.6678,7.6678,7.6678,7.6678,7.6678,7.6678,7.6678,7.6678,7.6678,7.6678,7.6678,7.6678,7.6678,7.6678,7.6678,7.6678,7.6678,7.6678,7.6678,7.6678,7.6678,7.6678,7.6678,7.6678,7.6678,7.6678,7.6678,7.6678,7.6678,7.6678,7.6678,7.6678,7.6678,7.6678,7.6678,7.6678,7.6678,7.6678,7.6678,7.6678,7.6678,7.6678,7.6678,7.6678,7.6678,7.6678,7.6678,7.6678,7.6678,7.6678,7.6678,7.6678,7.6678,7.6678,7.6678,7.6678,7.6678,7.6678,7.6678,7.6678,7.6678,7.6678,7.6678,7.6678,7.6678,7.6678,7.6678,7.6678,7.6678,7.6678,7.6678,7.6678,7.6678,7.6678,7.6678,7.6678,7.6678,7.6678,7.6678,7.6678,7.6678,7.6678,7.6678,7.6678,7.6678,7.6678,7.6678,7.6678,7.6678,7.6678,7.6678,7.6678,7.6678,7.6678,7.6678,7.6678,7.6678,7.6678,7.6678,7.6678,7.6678,7.6678,7.6678,7.6678,7.6678,7.6678,7.6678,7.6678,7.6678,7.6678,7.6678,7.6678,7.6678,7.6678,7.6678,7.6678,7.6678,7.6678,7.6678,7.6678,7.6678,7.6678,7.6678,7.6678,7.6678,7.6678,7.6678,7.6678,7.6678,7.6678,7.6678,7.6678,7.6678,7.6678,7.6678,7.6678,7.6678,7.6678,7.6678,7.6678,7.6678,7.6678,7.6678,7.6678,7.6678,7.6678,7.6678,7.6678,7.6678,7.6678,7.6678,6.1229,6.0654,6.0598,6.0541,6.0484,6.0427,6.0371,6.0315,6.0258,6.0202,6.0144,6.0088,6.0032,5.9976,5.9923,5.9867,5.9812,5.9757,5.9712,5.9710,5.9706,5.9704,5.9701,5.9697,5.9695,5.9693,5.9689,5.9687,5.9684,5.9682,5.9678,5.9676,5.9674,5.9670,5.9667,5.9665,5.9663,5.9659,5.9657,5.9655,5.9653,5.9648,5.9646,5.9642,5.9640,5.9638,5.9659,5.9689,5.9721,5.9752,5.9799,5.9846,5.9895,5.9942,5.9989,6.0039,6.0082,6.0129,6.0176,6.0224,6.0269,6.0317,6.0362,6.0410,6.0458,6.0504,6.0552,6.0598,6.0646,6.0692,6.0736,6.0782,6.0826,6.0872,6.0916,6.0960,6.1007,6.1051,6.1096,6.1140,6.1187,6.1252,6.1339,6.1426,6.1512,6.1600,6.1697,6.1793,6.1888,6.1984,6.2083,6.2179,6.2276,6.2373,6.2471,6.2568,6.2664,6.2763,6.2859,6.2955,6.3052,6.3150,6.3247,6.3345,6.3445,6.3558,6.3674,6.3788,6.3902,6.4016,6.4136,6.4244,6.4360,6.4476,6.4602,6.4719,6.4844,6.4962,6.5085,6.5212,6.5336,6.5469,6.5617,6.5776,6.6978,7.6678,7.6678,7.6678,7.6678,7.6678,7.6678,7.6678,7.6678,7.6678,7.6678,7.6678,7.6678,7.6678,7.6678,7.6678,7.6678,7.6678,7.6678,7.6678,7.6678,7.6678,7.6678,7.6678,7.6678,7.6678,7.6678,7.6678,7.6678,7.6678,7.6678,7.6678,7.6678,7.6678,7.6678,7.6678,7.6678,7.6678,7.6678,7.6678,7.6678,7.6678,7.6678,7.6678,7.6678,7.6678,7.6678,7.6678,7.6678,7.6678,7.6678,7.6678,7.6678,7.6678,7.6678,7.6678,7.6678,7.6678,7.6678,7.6678,7.6678,7.6678,7.6678,7.6678,7.6678,7.6678,7.6678,7.6678,7.6678,7.6678,7.6678,7.6678,7.6678,7.6678,7.6678,7.6678,7.6678,7.6678,7.6678,7.6678,7.6678,7.6678,7.6678,7.6678,7.6678,7.6678,7.6678,7.6678,7.6678,7.6678,7.6678,7.6678,7.6678,7.6678,7.6678,7.6678,7.6678,7.6678,7.6678,7.6678,7.6678,7.6678,7.6678,7.6678,7.6678,7.6678,7.6678,7.6678,7.6678,7.6678,7.6678,7.6678,7.6678,7.6678,7.6678,7.6678,7.6678,7.6678,7.6678,7.6678,7.6678,7.6678,7.6678,7.6678,7.6678,7.6678,7.6678,7.6678,7.6678,7.6678,7.6678,7.6678,7.6678,7.6678,7.6678,7.6678,7.6678,7.6678,7.6678,7.6678,7.6678,7.6678,7.6678,7.6678,7.6678,7.6678,7.6678,7.6678,7.6678,7.6678,7.6678,7.6678,7.6678,7.6678,7.6678,7.6678,7.6678,7.6678,7.6678,7.6678,7.6678,7.6678,7.6678,7.6678,7.6678,7.6678,7.6678,7.6678,7.6678,7.6678,7.6678,7.6678,7.6678,7.6678,7.6678,7.6678,7.6678,7.6678,7.6678,7.6678,7.6678,7.6678,7.6678,7.6678,7.6678,7.6678,7.6678,7.6678,7.6678,7.6678,7.6678,7.6678,7.6678,7.6678,7.6678,7.6678,7.6678,7.6678,7.6678,7.6678,7.6678,7.6678,7.6678,7.6678,7.6678,7.6678,7.6678,7.6678,7.6678,7.6678,7.6678,7.6678,7.6678,7.6678,7.6678,7.6678,7.6678,7.6678,7.6678,7.6678,7.6678,7.6678,7.6678,7.6678,7.6678,7.6678,7.6678,7.6678,7.6678,7.6678,7.6678,7.6678,7.6678,7.6678,7.6678,7.6678,7.6678,7.6678,7.6678,7.6678,7.6678,7.6678,7.6678,7.6678,7.6678,7.6678,7.6678,7.6678,7.6678,7.6678,7.6678,7.6678,7.6678,7.6678,7.6678,7.6678,7.6678,7.6678,7.6678,7.6678,7.6678,7.6678,7.6678,7.6678,7.6678,7.6678,7.6678,7.6678,7.6678,7.6678,7.6678,7.6678,7.6678,7.6678,7.6678,7.6678,7.6678,7.6678,7.6678,7.6678,7.6678,7.6678,7.6678,7.6678,7.6678,7.6678,7.6678,7.6678,7.6678,7.6678,7.6678,7.6678,7.6678,7.6678,7.6678,7.6678,7.6678,7.6678,7.6678,7.6678,7.6678,7.6678,7.6678,7.6678,7.6678,7.6678,7.6678,7.6678,7.6678,7.6678,7.6678,7.6678,7.6678,7.6678,7.6678,7.6678,7.6678,7.6678,7.6678,7.6678,7.6678,7.6678,7.6678,7.6678,7.6678,7.6678,7.6678,7.6678,7.6678,7.6678,7.6678,7.6678,7.6678,7.6678,7.6678,7.6678,7.6678,7.6678,7.6678,7.6678,7.6678,7.6678,7.6678,7.6678,7.6678,7.6678,7.6678,7.6678,7.6678,7.6678,7.6678,7.6678,7.6678,7.6678,7.6678,7.6678,7.6678,7.6678,7.6678,7.6678,7.6678,7.6678,7.6678,7.6678,7.6678,7.6678,7.6678,7.6678,7.6678,7.6678,7.6678,7.6678,7.6678,7.6678,7.6678,7.6678,7.6678,7.6678,7.6678,7.6678,7.6678,7.6678,7.6678,7.6678,7.6678,7.6678,7.6678,7.6678,7.6678,7.6678,7.6678,7.6678,7.6678,7.6678,7.6678,7.6678,7.6678,7.6678,7.6678,7.6678,7.6678,7.6678,7.6678,7.6678,7.6678,7.6678,7.6678,7.6678,7.6678,7.6678,7.6678,7.6678,7.6678,7.6678,7.6678,7.6678,7.6678
7.6608,7.6608,7.6608,7.6608,7.6608,7.6608,7.6608,7.6608,7.6608,7.6608,7.6608,7.6608,7.6608,7.6608,7.6608,7.6608,7.6608,7.6608,7.6608,7.6608,7.6608,7.6608,7.6608,7.6608,7.6608,7.6608,7.6608,7.6608,7.6608,7.6608,7.6608,7.6608,7.6608,7.6608,7.6608,7.6608,7.6608,7.6608,7.6608,7.6608,7.6608,7.6608,7.6608,7.6608,7.6608,7.6608,7.6608,7.6608,7.6608,7.6608,7.6608,7.6608,7.6608,7.6608,7.6608,7.6608,7.6608,7.6608,7.6608,7.6608,7.6608,7.6608,7.6608,7.6608,7.6608,7.6608,7.6608,7.6608,7.6608,7.6608,7.6608,7.6608,7.6608,7.6608,7.6608,7.6608,7.6608,7.6608,7.6608,7.6608,7.6608,7.6608,7.6608,7.6608,7.6608,7.6608,7.6608,7.6608,7.6608,7.6608,7.6608,7.6608,7.6608,7.6608,7.6608,7.6608,7.6608,7.6608,7.6608,7.6608,7.6608,7.6608,7.6608,7.6608,7.6608,7.6608,7.6608,7.6608,7.6608,7.6608,7.6608,7.6608,7.6608,7.6608,7.6608,7.6608,7.6608,7.6608,7.6608,7.6608,7.6608,7.6608,7.6608,7.6608,7.6608,7.6608,7.6608,7.6608,7.6608,7.6608,7.6608,7.6608,7.6608,7.6608,7.6608,7.6608,7.6608,7.6608,7.6608,7.6608,7.6608,7.6608,7.6608,7.6608,7.6608,7.6608,7.6608,7.6608,7.6608,7.6608,7.6608,7.6608,7.6608,7.6608,7.6608,7.6608,7.6608,7.6608,7.6608,7.6608,7.6608,7.6608,7.6608,7.6608,7.6608,7.6608,7.6608,7.6608,7.6608,7.6608,7.6608,7.6608,7.6608,7.6608,7.6608,7.6608,7.6608,7.6608,7.6608,7.6608,7.6608,7.6608,7.6608,7.6608,7.6608,7.6608,7.6608,7.6608,7.6608,7.6608,7.6608,7.6608,7.6608,7.6608,7.6608,7.6608,7.6608,7.6608,7.6608,7.6608,7.6608,7.6608,7.6608,7.6608,7.6608,7.6608,7.6608,7.6608,7.6608,7.6608,7.6608,7.6608,7.6608,7.6608,7.6608,7.6608,7.6608,7.6608,7.6608,7.6608,7.6608,7.6608,7.6608,7.6608,7.6608,7.6608,7.6608,7.6608,7.6608,7.6608,7.6608,7.6608,7.6608,7.6608,7.6608,7.6608,7.6608,7.6608,7.6608,7.6608,7.6608,7.6608,7.6608,7.6608,7.6608,7.6608,7.6608,7.6608,7.6608,7.6608,7.6608,7.6608,7.6608,7.6608,7.6608,7.6608,7.6608,7.6608,7.6608,7.6608,7.6608,7.6608,7.6608,7.6608,7.6608,7.6608,7.6608,7.6608,7.6608,7.6608,7.6608,7.6608,7.6608,7.6608,7.6608,7.6608,7.6608,7.6608,7.6608,7.6608,7.6608,7.6608,7.6608,7.6608,7.6608,7.6608,7.6608,7.6608,7.6608,7.6608,7.6608,7.6608,7.6608,7.6608,7.6608,7.6608,7.6608,7.6608,7.6608,7.6608,7.6608,7.6608,7.6608,7.6608,7.6608,7.6608,7.6608,7.6608,7.6608,7.6608,7.6608,7.6608,7.6608,7.6608,7.6608,7.6608,7.6608,7.6608,7.6608,7.6608,7.6608,7.6608,7.6608,7.6608,7.6608,7.6608,7.6608,7.6608,7.6608,7.6608,7.6608,7.6608,7.6608,7.6608,7.6608,7.6608,7.6608,7.6608,7.6608,7.6608,7.6608,7.6608,7.6608,7.6608,7.6608,7.6608,7.6608,7.6608,7.6608,7.6608,7.6608,7.6608,7.6608,7.6608,7.6608,7.6608,7.6608,7.6608,7.6608,7.6608,7.6608,7.6608,7.6608,7.6608,7.6608,7.6608,7.6608,7.6608,7.6608,7.6608,7.6608,7.6608,7.6608,7.6608,7.6608,7.6608,7.6608,7.6608,7.6608,7.6608,7.6608,7.6608,7.6608,7.6608,7.6608,7.6608,7.6608,7.6608,7.6608,7.6608,7.6608,7.6608,7.6608,7.6608,7.6608,7.6608,7.6608,7.6608,7.6608,7.6608,7.6608,7.6608,7.6608,7.6608,7.6608,7.6608,7.6608,7.6608,7.6608,7.6608,7.6608,7.6608,7.6608,7.6608,7.6608,7.6608,7.6608,7.6608,6.1600,6.0643,6.0587,6.0530,6.0473,6.0419,6.0362,6.0304,6.0245,6.0189,6.0131,6.0079,6.0021,5.9966,5.9910,5.9855,5.9799,5.9744,5.9689,5.9676,5.9674,5.9672,5.9670,5.9667,5.9665,5.9661,5.9659,5.9657,5.9653,5.9651,5.9648,5.9646,5.9642,5.9640,5.9638,5.9634,5.9631,5.9629,5.9627,5.9623,5.9621,5.9619,5.9615,5.9612,5.9610,5.9606,5.9615,5.9644,5.9676,5.9706,5.9735,5.9769,5.9816,5.9863,5.9910,5.9957,6.0006,6.0052,6.0099,6.0146,6.0194,6.0241,6.0286,6.0334,6.0380,6.0427,6.0473,6.0521,6.0567,6.0615,6.0661,6.0707,6.0753,6.0797,6.0843,6.0888,6.0932,6.0978,6.1023,6.1067,6.1111,6.1178,6.1265,6.1352,6.1440,6.1526,6.1614,6.1709,6.1804,6.1902,6.1998,6.2094,6.2193,6.2290,6.2387,6.2485,6.2582,6.2678,6.2774,6.2871,6.2970,6.3067,6.3164,6.3261,6.3359,6.3460,6.3573,6.3688,6.3802,6.3916,6.4033,6.4151,6.4259,6.4379,6.4491,6.4617,6.4739,6.4859,6.4982,6.5106,6.5227,6.5344,6.5484,6.5640,6.5789,6.6322,7.6608,7.6608,7.6608,7.6608,7.6608,7.6608,7.6608,7.6608,7.6608,7.6608,7.6608,7.6608,7.6608,7.6608,7.6608,7.6608,7.6608,7.6608,7.6608,7.6608,7.6608,7.6608,7.6608,7.6608,7.6608,7.6608,7.6608,7.6608,7.6608,7.6608,7.6608,7.6608,7.6608,7.6608,7.6608,7.6608,7.6608,7.6608,7.6608,7.6608,7.6608,7.6608,7.6608,7.6608,7.6608,7.6608,7.6608,7.6608,7.6608,7.6608,7.6608,7.6608,7.6608,7.6608,7.6608,7.6608,7.6608,7.6608,7.6608,7.6608,7.6608,7.6608,7.6608,7.6608,7.6608,7.6608,7.6608,7.6608,7.6608,7.6608,7.6608,7.6608,7.6608,7.6608,7.6608,7.6608,7.6608,7.6608,7.6608,7.6608,7.6608,7.6608,7.6608,7.6608,7.6608,7.6608,7.6608,7.6608,7.6608,7.6608,7.6608,7.6608,7.6608,7.6608,7.6608,7.6608,7.6608,7.6608,7.6608,7.6608,7.6608,7.6608,7.6608,7.6608,7.6608,7.6608,7.6608,7.6608,7.6608,7.6608,7.6608,7.6608,7.6608,7.6608,7.6608,7.6608,7.6608,7.6608,7.6608,7.6608,7.6608,7.6608,7.6608,7.6608,7.6608,7.6608,7.6608,7.6608,7.6608,7.6608,7.6608,7.6608,7.6608,7.6608,7.6608,7.6608,7.6608,7.6608,7.6608,7.6608,7.6608,7.6608,7.6608,7.6608,7.6608,7.6608,7.6608,7.6608,7.6608,7.6608,7.6608,7.6608,7.6608,7.6608,7.6608,7.6608,7.6608,7.6608,7.6608,7.6608,7.6608,7.6608,7.6608,7.6608,7.6608,7.6608,7.6608,7.6608,7.6608,7.6608,7.6608,7.6608,7.6608,7.6608,7.6608,7.6608,7.6608,7.6608,7.6608,7.6608,7.6608,7.6608,7.6608,7.6608,7.6608,7.6608,7.6608,7.6608,7.6608,7.6608,7.6608,7.6608,7.6608,7.6608,7.6608,7.6608,7.6608,7.6608,7.6608,7.6608,7.6608,7.6608,7.6608,7.6608,7.6608,7.6608,7.6608,7.6608,7.6608,7.6608,7.6608,7.6608,7.6608,7.6608,7.6608,7.6608,7.6608,7.6608,7.6608,7.6608,7.6608,7.6608,7.6608,7.6608,7.6608,7.6608,7.6608,7.6608,7.6608,7.6608,7.6608,7.6608,7.6608,7.6608,7.6608,7.6608,7.6608,7.6608,7.6608,7.6608,7.6608,7.6608,7.6608,7.6608,7.6608,7.6608,7.6608,7.6608,7.6608,7.6608,7.6608,7.6608,7.6608,7.6608,7.6608,7.6608,7.6608,7.6608,7.6608,7.6608,7.6608,7.6608,7.6608,7.6608,7.6608,7.6608,7.6608,7.6608,7.6608,7.6608,7.6608,7.6608,7.6608,7.6608,7.6608,7.6608,7.6608,7.6608,7.6608,7.6608,7.6608,7.6608,7.6608,7.6608,7.6608,7.6608,7.6608,7.6608,7.6608,7.6608,7.6608,7.6608,7.6608,7.6608,7.6608,7.6608,7.6608,7.6608,7.6608,7.6608,7.6608,7.6608,7.6608,7.6608,7.6608,7.6608,7.6608,7.6608,7.6608,7.6608,7.6608,7.6608,7.6608,7.6608,7.6608,7.6608,7.6608,7.6608,7.6608,7.6608,7.6608,7.6608,7.6608,7.6608,7.6608,7.6608,7.6608,7.6608,7.6608,7.6608,7.6608,7.6608,7.6608,7.6608,7.6608,7.6608,7.6608,7.6608,7.6608,7.6608,7.6608,7.6608,7.6608,7.6608,7.6608,7.6608,7.6608,7.6608,7.6608,7.6608,7.6608,7.6608,7.6608,7.6608,7.6608,7.6608,7.6608,7.6608,7.6608,7.6608,7.6608,7.6608,7.6608,7.6608,7.6608,7.6608,7.6608,7.6608,7.6608,7.6608,7.6608,7.6608,7.6608,7.6608,7.6608,7.6608,7.6608,7.6608,7.6608,7.6608,7.6608,7.6608,7.6608,7.6608,7.6608,7.6608,7.6608,7.6608,7.6608,7.6608,7.6608,7.6608,7.6608,7.6608,7.6608,7.6608,7.6608,7.6608,7.6608,7.6608,7.6608,7.6608,7.6608,7.6608,7.6608,7.6608,7.6608,7.6608,7.6608,7.6608,7.6608,7.6608,7.6608,7.6608,7.6608,7.6608
7.6542,7.6542,7.6542,7.6542,7.6542,7.6542,7.6542,7.6542,7.6542,7.6542,7.6542,7.6542,7.6542,7.6542,7.6542,7.6542,7.6542,7.6542,7.6542,7.6542,7.6542,7.6542,7.6542,7.6542,7.6542,7.6542,7.6542,7.6542,7.6542,7.6542,7.6542,7.6542,7.6542,7.6542,7.6542,7.6542,7.6542,7.6542,7.6542,7.6542,7.6542,7.6542,7.6542,7.6542,7.6542,7.6542,7.6542,7.6542,7.6542,7.6542,7.6542,7.6542,7.6542,7.6542,7.6542,7.6542,7.6542,7.6542,7.6542,7.6542,7.6542,7.6542,7.6542,7.6542,7.6542,7.6542,7.6542,7.6542,7.6542,7.6542,7.6542,7.6542,7.6542,7.6542,7.6542,7.6542,7.6542,7.6542,7.6542,7.6542,7.6542,7.6542,7.6542,7.6542,7.6542,7.6542,7.6542,7.6542,7.6542,7.6542,7.6542,7.6542,7.6542,7.6542,7.6542,7.6542,7.6542,7.6542,7.6542,7.6542,7.6542,7.6542,7.6542,7.6542,7.6542,7.6542,7.6542,7.6542,7.6542,7.6542,7.6542,7.6542,7.6542,7.6542,7.6542,7.6542,7.6542,7.6542,7.6542,7.6542,7.6542,7.6542,7.6542,7.6542,7.6542,7.6542,7.6542,7.6542,7.6542,7.6542,7.6542,7.6542,7.6542,7.6542,7.6542,7.6542,7.6542,7.6542,7.6542,7.6542,7.6542,7.6542,7.6542,7.6542,7.6542,7.6542,7.6542,7.6542,7.6542,7.6542,7.6542,7.6542,7.6542,7.6542,7.6542,7.6542,7.6542,7.6542,7.6542,7.6542,7.6542,7.6542,7.6542,7.6542,7.6542,7.6542,7.6542,7.6542,7.6542,7.6542,7.6542,7.6542,7.6542,7.6542,7.6542,7.6542,7.6542,7.6542,7.6542,7.6542,7.6542,7.6542,7.6542,7.6542,7.6542,7.6542,7.6542,7.6542,7.6542,7.6542,7.6542,7.6542,7.6542,7.6542,7.6542,7.6542,7.6542,7.6542,7.6542,7.6542,7.6542,7.6542,7.6542,7.6542,7.6542,7.6542,7.6542,7.6542,7.6542,7.6542,7.6542,7.6542,7.6542,7.6542,7.6542,7.6542,7.6542,7.6542,7.6542,7.6542,7.6542,7.6542,7.6542,7.6542,7.6542,7.6542,7.6542,7.6542,7.6542,7.6542,7.6542,7.6542,7.6542,7.6542,7.6542,7.6542,7.6542,7.6542,7.6542,7.6542,7.6542,7.6542,7.6542,7.6542,7.6542,7.6542,7.6542,7.6542,7.6542,7.6542,7.6542,7.6542,7.6542,7.6542,7.6542,7.6542,7.6542,7.6542,7.6542,7.6542,7.6542,7.6542,7.6542,7.6542,7.6542,7.6542,7.6542,7.6542,7.6542,7.6542,7.6542,7.6542,7.6542,7.6542,7.6542,7.6542,7.6542,7.6542,7.6542,7.6542,7.6542,7.6542,7.6542,7.6542,7.6542,7.6542,7.6542,7.6542,7.6542,7.6542,7.6542,7.6542,7.6542,7.6542,7.6542,7.6542,7.6542,7.6542,7.6542,7.6542,7.6542,7.6542,7.6542,7.6542,7.6542,7.6542,7.6542,7.6542,7.6542,7.6542,7.6542,7.6542,7.6542,7.6542,7.6542,7.6542,7.6542,7.6542,7.6542,7.6542,7.6542,7.6542,7.6542,7.6542,7.6542,7.6542,7.6542,7.6542,7.6542,7.6542,7.6542,7.6542,7.6542,7.6542,7.6542,7.6542,7.6542,7.6542,7.6542,7.6542,7.6542,7.6542,7.6542,7.6542,7.6542,7.6542,7.6542,7.6542,7.6542,7.6542,7.6542,7.6542,7.6542,7.6542,7.6542,7.6542,7.6542,7.6542,7.6542,7.6542,7.6542,7.6542,7.6542,7.6542,7.6542,7.6542,7.6542,7.6542,7.6542,7.6542,7.6542,7.6542,7.6542,7.6542,7.6542,7.6542,7.6542,7.6542,7.6542,7.6542,7.6542,7.6542,7.6542,7.6542,7.6542,7.6542,7.6542,7.6542,7.6542,7.6542,7.6542,7.6542,7.6542,7.6542,7.6542,7.6542,7.6542,7.6542,7.6542,7.6542,7.6542,7.6542,7.6542,7.6542,7.6542,7.6542,7.6542,7.6542,7.6542,7.6542,7.6542,7.6542,7.6542,7.6542,7.6542,7.6542,7.6542,6.1964,6.0945,6.0578,6.0521,6.0464,6.0406,6.0349,6.0291,6.0235,6.0176,6.0120,6.0064,6.0009,5.9953,5.9897,5.9842,5.9786,5.9733,5.9678,5.9644,5.9642,5.9640,5.9638,5.9636,5.9634,5.9631,5.9629,5.9625,5.9623,5.9621,5.9617,5.9615,5.9612,5.9610,5.9606,5.9604,5.9602,5.9600,5.9595,5.9593,5.9589,5.9587,5.9585,5.9581,5.9579,5.9576,5.9572,5.9600,5.9631,5.9661,5.9691,5.9723,5.9752,5.9786,5.9833,5.9880,5.9927,5.9974,6.0021,6.0069,6.0116,6.0163,6.0211,6.0256,6.0304,6.0349,6.0397,6.0443,6.0491,6.0536,6.0584,6.0630,6.0679,6.0725,6.0769,6.0815,6.0859,6.0903,6.0949,6.0994,6.1038,6.1107,6.1191,6.1279,6.1366,6.1453,6.1541,6.1627,6.1722,6.1818,6.1913,6.2012,6.2108,6.2205,6.2304,6.2401,6.2499,6.2596,6.2692,6.2788,6.2885,6.2981,6.3078,6.3176,6.3276,6.3376,6.3474,6.3590,6.3703,6.3817,6.3933,6.4048,6.4158,6.4273,6.4389,6.4505,6.4632,6.4749,6.4877,6.4997,6.5113,6.5242,6.5359,6.5509,6.5655,6.5810,6.5957,6.7270,7.6542,7.6542,7.6542,7.6542,7.6542,7.6542,7.6542,7.6542,7.6542,7.6542,7.6542,7.6542,7.6542,7.6542,7.6542,7.6542,7.6542,7.6542,7.6542,7.6542,7.6542,7.6542,7.6542,7.6542,7.6542,7.6542,7.6542,7.6542,7.6542,7.6542,7.6542,7.6542,7.6542,7.6542,7.6542,7.6542,7.6542,7.6542,7.6542,7.6542,7.6542,7.6542,7.6542,7.6542,7.6542,7.6542,7.6542,7.6542,7.6542,7.6542,7.6542,7.6542,7.6542,7.6542,7.6542,7.6542,7.6542,7.6542,7.6542,7.6542,7.6542,7.6542,7.6542,7.6542,7.6542,7.6542,7.6542,7.6542,7.6542,7.6542,7.6542,7.6542,7.6542,7.6542,7.6542,7.6542,7.6542,7.6542,7.6542,7.6542,7.6542,7.6542,7.6542,7.6542,7.6542,7.6542,7.6542,7.6542,7.6542,7.6542,7.6542,7.6542,7.6542,7.6542,7.6542,7.6542,7.6542,7.6542,7.6542,7.6542,7.6542,7.6542,7.6542,7.6542,7.6542,7.6542,7.6542,7.6542,7.6542,7.6542,7.6542,7.6542,7.6542,7.6542,7.6542,7.6542,7.6542,7.6542,7.6542,7.6542,7.6542,7.6542,7.6542,7.6542,7.6542,7.6542,7.6542,7.6542,7.6542,7.6542,7.6542,7.6542,7.6542,7.6542,7.6542,7.6542,7.6542,7.6542,7.6542,7.6542,7.6542,7.6542,7.6542,7.6542,7.6542,7.6542,7.6542,7.6542,7.6542,7.6542,7.6542,7.6542,7.6542,7.6542,7.6542,7.6542,7.6542,7.6542,7.6542,7.6542,7.6542,7.6542,7.6542,7.6542,7.6542,7.6542,7.6542,7.6542,7.6542,7.6542,7.6542,7.6542,7.6542,7.6542,7.6542,7.6542,7.6542,7.6542,7.6542,7.6542,7.6542,7.6542,7.6542,7.6542,7.6542,7.6542,7.6542,7.6542,7.6542,7.6542,7.6542,7.6542,7.6542,7.6542,7.6542,7.6542,7.6542,7.6542,7.6542,7.6542,7.6542,7.6542,7.6542,7.6542,7.6542,7.6542,7.6542,7.6542,7.6542,7.6542,7.6542,7.6542,7.6542,7.6542,7.6542,7.6542,7.6542,7.6542,7.6542,7.6542,7.6542,7.6542,7.6542,7.6542,7.6542,7.6542,7.6542,7.6542,7.6542,7.6542,7.6542,7.6542,7.6542,7.6542,7.6542,7.6542,7.6542,7.6542,7.6542,7.6542,7.6542,7.6542,7.6542,7.6542,7.6542,7.6542,7.6542,7.6542,7.6542,7.6542,7.6542,7.6542,7.6542,7.6542,7.6542,7.6542,7.6542,7.6542,7.6542,7.6542,7.6542,7.6542,7.6542,7.6542,7.6542,7.6542,7.6542,7.6542,7.6542,7.6542,7.6542,7.6542,7.6542,7.6542,7.6542,7.6542,7.6542,7.6542,7.6542,7.6542,7.6542,7.6542,7.6542,7.6542,7.6542,7.6542,7.6542,7.6542,7.6542,7.6542,7.6542,7.6542,7.6542,7.6542,7.6542,7.6542,7.6542,7.6542,7.6542,7.6542,7.6542,7.6542,7.6542,7.6542,7.6542,7.6542,7.6542,7.6542,7.6542,7.6542,7.6542,7.6542,7.6542,7.6542,7.6542,7.6542,7.6542,7.6542,7.6542,7.6542,7.6542,7.6542,7.6542,7.6542,7.6542,7.6542,7.6542,7.6542,7.6542,7.6542,7.6542,7.6542,7.6542,7.6542,7.6542,7.6542,7.6542,7.6542,7.6542,7.6542,7.6542,7.6542,7.6542,7.6542,7.6542,7.6542,7.6542,7.6542,7.6542,7.6542,7.6542,7.6542,7.6542,7.6542,7.6542,7.6542,7.6542,7.6542,7.6542,7.6542,7.6542,7.6542,7.6542,7.6542,7.6542,7.6542,7.6542,7.6542,7.6542,7.6542,7.6542,7.6542,7.6542,7.6542,7.6542,7.6542,7.6542,7.6542,7.6542,7.6542,7.6542,7.6542,7.6542,7.6542,7.6542,7.6542,7.6542,7.6542,7.6542,7.6542,7.6542,7.6542,7.6542,7.6542,7.6542,7.6542,7.6542,7.6542,7.6542,7.6542,7.6542,7.6542,7.6542,7.6542,7.6542,7.6542,7.6542,7.6542,7.6542,7.6542,7.6542,7.6542,7.6542,7.6542,7.6542
7.6475,7.6475,7.6475,7.6475,7.6475,7.6475,7.6475,7.6475,7.6475,7.6475,7.6475,7.6475,7.6475,7.6475,7.6475,7.6475,7.6475,7.6475,7.6475,7.6475,7.6475,7.6475,7.6475,7.6475,7.6475,7.6475,7.6475,7.6475,7.6475,7.6475,7.6475,7.6475,7.6475,7.6475,7.6475,7.6475,7.6475,7.6475,7.6475,7.6475,7.6475,7.6475,7.6475,7.6475,7.6475,7.6475,7.6475,7.6475,7.6475,7.6475,7.6475,7.6475,7.6475,7.6475,7.6475,7.6475,7.6475,7.6475,7.6475,7.6475,7.6475,7.6475,7.6475,7.6475,7.6475,7.6475,7.6475,7.6475,7.6475,7.6475,7.6475,7.6475,7.6475,7.6475,7.6475,7.6475,7.6475,7.6475,7.6475,7.6475,7.6475,7.6475,7.6475,7.6475,7.6475,7.6475,7.6475,7.6475,7.6475,7.6475,7.6475,7.6475,7.6475,7.6475,7.6475,7.6475,7.6475,7.6475,7.6475,7.6475,7.6475,7.6475,7.6475,7.6475,7.6475,7.6475,7.6475,7.6475,7.6475,7.6475,7.6475,7.6475,7.6475,7.6475,7.6475,7.6475,7.6475,7.6475,7.6475,7.6475,7.6475,7.6475,7.6475,7.6475,7.6475,7.6475,7.6475,7.6475,7.6475,7.6475,7.6475,7.6475,7.6475,7.6475,7.6475,7.6475,7.6475,7.6475,7.6475,7.6475,7.6475,7.6475,7.6475,7.6475,7.6475,7.6475,7.6475,7.6475,7.6475,7.6475,7.6475,7.6475,7.6475,7.6475,7.6475,7.6475,7.6475,7.6475,7.6475,7.6475,7.6475,7.6475,7.6475,7.6475,7.6475,7.6475,7.6475,7.6475,7.6475,7.6475,7.6475,7.6475,7.6475,7.6475,7.6475,7.6475,7.6475,7.6475,7.6475,7.6475,7.6475,7.6475,7.6475,7.6475,7.6475,7.6475,7.6475,7.6475,7.6475,7.6475,7.6475,7.6475,7.6475,7.6475,7.6475,7.6475,7.6475,7.6475,7.6475,7.6475,7.6475,7.6475,7.6475,7.6475,7.6475,7.6475,7.6475,7.6475,7.6475,7.6475,7.6475,7.6475,7.6475,7.6475,7.6475,7.6475,7.6475,7.6475,7.6475,7.6475,7.6475,7.6475,7.6475,7.6475,7.6475,7.6475,7.6475,7.6475,7.6475,7.6475,7.6475,7.6475,7.6475,7.6475,7.6475,7.6475,7.6475,7.6475,7.6475,7.6475,7.6475,7.6475,7.6475,7.6475,7.6475,7.6475,7.6475,7.6475,7.6475,7.6475,7.6475,7.6475,7.6475,7.6475,7.6475,7.6475,7.6475,7.6475,7.6475,7.6475,7.6475,7.6475,7.6475,7.6475,7.6475,7.6475,7.6475,7.6475,7.6475,7.6475,7.6475,7.6475,7.6475,7.6475,7.6475,7.6475,7.6475,7.6475,7.6475,7.6475,7.6475,7.6475,7.6475,7.6475,7.6475,7.6475,7.6475,7.6475,7.6475,7.6475,7.6475,7.6475,7.6475,7.6475,7.6475,7.6475,7.6475,7.6475,7.6475,7.6475,7.6475,7.6475,7.6475,7.6475,7.6475,7.6475,7.6475,7.6475,7.6475,7.6475,7.6475,7.6475,7.6475,7.6475,7.6475,7.6475,7.6475,7.6475,7.6475,7.6475,7.6475,7.6475,7.6475,7.6475,7.6475,7.6475,7.6475,7.6475,7.6475,7.6475,7.6475,7.6475,7.6475,7.6475,7.6475,7.6475,7.6475,7.6475,7.6475,7.6475,7.6475,7.6475,7.6475,7.6475,7.6475,7.6475,7.6475,7.6475,7.6475,7.6475,7.6475,7.6475,7.6475,7.6475,7.6475,7.6475,7.6475,7.6475,7.6475,7.6475,7.6475,7.6475,7.6475,7.6475,7.6475,7.6475,7.6475,7.6475,7.6475,7.6475,7.6475,7.6475,7.6475,7.6475,7.6475,7.6475,7.6475,7.6475,7.6475,7.6475,7.6475,7.6475,7.6475,7.6475,7.6475,7.6475,7.6475,7.6475,7.6475,7.6475,7.6475,7.6475,7.6475,7.6475,7.6475,7.6475,7.6475,7.6475,7.6475,7.6475,7.6475,7.6475,7.6475,7.6475,7.6475,7.6475,7.6475,7.6475,7.6475,7.6475,7.6475,7.6475,7.6475,7.6475,7.6475,7.6475,7.6475,6.1321,6.0567,6.0510,6.0451,6.0395,6.0336,6.0280,6.0222,6.0166,6.0107,6.0052,5.9996,5.9940,5.9884,5.9831,5.9776,5.9721,5.9665,5.9610,5.9608,5.9606,5.9604,5.9602,5.9600,5.9598,5.9595,5.9593,5.9591,5.9589,5.9587,5.9585,5.9581,5.9579,5.9576,5.9574,5.9570,5.9568,5.9566,5.9562,5.9560,5.9555,5.9553,5.9551,5.9547,5.9545,5.9543,5.9555,5.9585,5.9617,5.9646,5.9678,5.9708,5.9738,5.9769,5.9801,5.9848,5.9895,5.9942,5.9989,6.0036,6.0084,6.0131,6.0178,6.0226,6.0273,6.0319,6.0367,6.0414,6.0460,6.0508,6.0554,6.0602,6.0648,6.0696,6.0740,6.0786,6.0830,6.0874,6.0921,6.0965,6.1034,6.1120,6.1205,6.1292,6.1379,6.1467,6.1555,6.1641,6.1734,6.1831,6.1927,6.2023,6.2122,6.2218,6.2315,6.2415,6.2513,6.2608,6.2706,6.2802,6.2899,6.2996,6.3093,6.3190,6.3288,6.3388,6.3491,6.3604,6.3717,6.3831,6.3948,6.4063,6.4173,6.4288,6.4404,6.4528,6.4647,6.4769,6.4889,6.5012,6.5128,6.5250,6.5377,6.5532,6.5681,6.5828,6.5978,6.6500,7.6475,7.6475,7.6475,7.6475,7.6475,7.6475,7.6475,7.6475,7.6475,7.6475,7.6475,7.6475,7.6475,7.6475,7.6475,7.6475,7.6475,7.6475,7.6475,7.6475,7.6475,7.6475,7.6475,7.6475,7.6475,7.6475,7.6475,7.6475,7.6475,7.6475,7.6475,7.6475,7.6475,7.6475,7.6475,7.6475,7.6475,7.6475,7.6475,7.6475,7.6475,7.6475,7.6475,7.6475,7.6475,7.6475,7.6475,7.6475,7.6475,7.6475,7.6475,7.6475,7.6475,7.6475,7.6475,7.6475,7.6475,7.6475,7.6475,7.6475,7.6475,7.6475,7.6475,7.6475,7.6475,7.6475,7.6475,7.6475,7.6475,7.6475,7.6475,7.6475,7.6475,7.6475,7.6475,7.6475,7.6475,7.6475,7.6475,7.6475,7.6475,7.6475,7.6475,7.6475,7.6475,7.6475,7.6475,7.6475,7.6475,7.6475,7.6475,7.6475,7.6475,7.6475,7.6475,7.6475,7.6475,7.6475,7.6475,7.6475,7.6475,7.6475,7.6475,7.6475,7.6475,7.6475,7.6475,7.6475,7.6475,7.6475,7.6475,7.6475,7.6475,7.6475,7.6475,7.6475,7.6475,7.6475,7.6475,7.6475,7.6475,7.6475,7.6475,7.6475,7.6475,7.6475,7.6475,7.6475,7.6475,7.6475,7.6475,7.6475,7.6475,7.6475,7.6475,7.6475,7.6475,7.6475,7.6475,7.6475,7.6475,7.6475,7.6475,7.6475,7.6475,7.6475,7.6475,7.6475,7.6475,7.6475,7.6475,7.6475,7.6475,7.6475,7.6475,7.6475,7.6475,7.6475,7.6475,7.6475,7.6475,7.6475,7.6475,7.6475,7.6475,7.6475,7.6475,7.6475,7.6475,7.6475,7.6475,7.6475,7.6475,7.6475,7.6475,7.6475,7.6475,7.6475,7.6475,7.6475,7.6475,7.6475,7.6475,7.6475,7.6475,7.6475,7.6475,7.6475,7.6475,7.6475,7.6475,7.6475,7.6475,7.6475,7.6475,7.6475,7.6475,7.6475,7.6475,7.6475,7.6475,7.6475,7.6475,7.6475,7.6475,7.6475,7.6475,7.6475,7.6475,7.6475,7.6475,7.6475,7.6475,7.6475,7.6475,7.6475,7.6475,7.6475,7.6475,7.6475,7.6475,7.6475,7.6475,7.6475,7.6475,7.6475,7.6475,7.6475,7.6475,7.6475,7.6475,7.6475,7.6475,7.6475,7.6475,7.6475,7.6475,7.6475,7.6475,7.6475,7.6475,7.6475,7.6475,7.6475,7.6475,7.6475,7.6475,7.6475,7.6475,7.6475,7.6475,7.6475,7.6475,7.6475,7.6475,7.6475,7.6475,7.6475,7.6475,7.6475,7.6475,7.6475,7.6475,7.6475,7.6475,7.6475,7.6475,7.6475,7.6475,7.6475,7.6475,7.6475,7.6475,7.6475,7.6475,7.6475,7.6475,7.6475,7.6475,7.6475,7.6475,7.6475,7.6475,7.6475,7.6475,7.6475,7.6475,7.6475,7.6475,7.6475,7.6475,7.6475,7.6475,7.6475,7.6475,7.6475,7.6475,7.6475,7.6475,7.6475,7.6475,7.6475,7.6475,7.6475,7.6475,7.6475,7.6475,7.6475,7.6475,7.6475,7.6475,7.6475,7.6475,7.6475,7.6475,7.6475,7.6475,7.6475,7.6475,7.6475,7.6475,7.6475,7.6475,7.6475,7.6475,7.6475,7.6475,7.6475,7.6475,7.6475,7.6475,7.6475,7.6475,7.6475,7.6475,7.6475,7.6475,7.6475,7.6475,7.6475,7.6475,7.6475,7.6475,7.6475,7.6475,7.6475,7.6475,7.6475,7.6475,7.6475,7.6475,7.6475,7.6475,7.6475,7.6475,7.6475,7.6475,7.6475,7.6475,7.6475,7.6475,7.6475,7.6475,7.6475,7.6475,7.6475,7.6475,7.6475,7.6475,7.6475,7.6475,7.6475,7.6475,7.6475,7.6475,7.6475,7.6475,7.6475,7.6475,7.6475,7.6475,7.6475,7.6475,7.6475,7.6475,7.6475,7.6475,7.6475,7.6475,7.6475,7.6475,7.6475,7.6475,7.6475,7.6475,7.6475,7.6475,7.6475,7.6475,7.6475,7.6475,7.6475,7.6475,7.6475,7.6475,7.6475,7.6475,7.6475,7.6475,7.6475,7.6475,7.6475,7.6475,7.6475,7.6475
7.6409,7.6409,7.6409,7.6409,7.6409,7.6409,7.6409,7.6409,7.6409,7.6409,7.6409,7.6409,7.6409,7.6409,7.6409,7.6409,7.6409,7.6409,7.6409,7.6409,7.6409,7.6409,7.6409,7.6409,7.6409,7.6409,7.6409,7.6409,7.6409,7.6409,7.6409,7.6409,7.6409,7.6409,7.6409,7.6409,7.6409,7.6409,7.6409,7.6409,7.6409,7.6409,7.6409,7.6409,7.6409,7.6409,7.6409,7.6409,7.6409,7.6409,7.6409,7.6409,7.6409,7.6409,7.6409,7.6409,7.6409,7.6409,7.6409,7.6409,7.6409,7.6409,7.6409,7.6409,7.6409,7.6409,7.6409,7.6409,7.6409,7.6409,7.6409,7.6409,7.6409,7.6409,7.6409,7.6409,7.6409,7.6409,7.6409,7.6409,7.6409,7.6409,7.6409,7.6409,7.6409,7.6409,7.6409,7.6409,7.6409,7.6409,7.6409,7.6409,7.6409,7.6409,7.6409,7.6409,7.6409,7.6409,7.6409,7.6409,7.6409,7.6409,7.6409,7.6409,7.6409,7.6409,7.6409,7.6409,7.6409,7.6409,7.6409,7.6409,7.6409,7.6409,7.6409,7.6409,7.6409,7.6409,7.6409,7.6409,7.6409,7.6409,7.6409,7.6409,7.6409,7.6409,7.6409,7.6409,7.6409,7.6409,7.6409,7.6409,7.6409,7.6409,7.6409,7.6409,7.6409,7.6409,7.6409,7.6409,7.6409,7.6409,7.6409,7.6409,7.6409,7.6409,7.6409,7.6409,7.6409,7.6409,7.6409,7.6409,7.6409,7.6409,7.6409,7.6409,7.6409,7.6409,7.6409,7.6409,7.6409,7.6409,7.6409,7.6409,7.6409,7.6409,7.6409,7.6409,7.6409,7.6409,7.6409,7.6409,7.6409,7.6409,7.6409,7.6409,7.6409,7.6409,7.6409,7.6409,7.6409,7.6409,7.6409,7.6409,7.6409,7.6409,7.6409,7.6409,7.6409,7.6409,7.6409,7.6409,7.6409,7.6409,7.6409,7.6409,7.6409,7.6409,7.6409,7.6409,7.6409,7.6409,7.6409,7.6409,7.6409,7.6409,7.6409,7.6409,7.6409,7.6409,7.6409,7.6409,7.6409,7.6409,7.6409,7.6409,7.6409,7.6409,7.6409,7.6409,7.6409,7.6409,7.6409,7.6409,7.6409,7.6409,7.6409,7.6409,7.6409,7.6409,7.6409,7.6409,7.6409,7.6409,7.6409,7.6409,7.6409,7.6409,7.6409,7.6409,7.6409,7.6409,7.6409,7.6409,7.6409,7.6409,7.6409,7.6409,7.6409,7.6409,7.6409,7.6409,7.6409,7.6409,7.6409,7.6409,7.6409,7.6409,7.6409,7.6409,7.6409,7.6409,7.6409,7.6409,7.6409,7.6409,7.6409,7.6409,7.6409,7.6409,7.6409,7.6409,7.6409,7.6409,7.6409,7.6409,7.6409,7.6409,7.6409,7.6409,7.6409,7.6409,7.6409,7.6409,7.6409,7.6409,7.6409,7.6409,7.6409,7.6409,7.6409,7.6409,7.6409,7.6409,7.6409,7.6409,7.6409,7.6409,7.6409,7.6409,7.6409,7.6409,7.6409,7.6409,7.6409,7.6409,7.6409,7.6409,7.6409,7.6409,7.6409,7.6409,7.6409,7.6409,7.6409,7.6409,7.6409,7.6409,7.6409,7.6409,7.6409,7.6409,7.6409,7.6409,7.6409,7.6409,7.6409,7.6409,7.6409,7.6409,7.6409,7.6409,7.6409,7.6409,7.6409,7.6409,7.6409,7.6409,7.6409,7.6409,7.6409,7.6409,7.6409,7.6409,7.6409,7.6409,7.6409,7.6409,7.6409,7.6409,7.6409,7.6409,7.6409,7.6409,7.6409,7.6409,7.6409,7.6409,7.6409,7.6409,7.6409,7.6409,7.6409,7.6409,7.6409,7.6409,7.6409,7.6409,7.6409,7.6409,7.6409,7.6409,7.6409,7.6409,7.6409,7.6409,7.6409,7.6409,7.6409,7.6409,7.6409,7.6409,7.6409,7.6409,7.6409,7.6409,7.6409,7.6409,7.6409,7.6409,7.6409,7.6409,7.6409,7.6409,7.6409,7.6409,7.6409,7.6409,7.6409,7.6409,7.6409,7.6409,7.6409,7.6409,7.6409,7.6409,7.6409,7.6409,7.6409,7.6409,7.6409,7.6409,7.6409,7.6409,7.6409,7.6409,6.1675,6.0654,6.0497,6.0441,6.0382,6.0325,6.0267,6.0211,6.0153,6.0097,6.0041,5.9987,5.9929,5.9874,5.9818,5.9763,5.9708,5.9653,5.9598,5.9574,5.9572,5.9570,5.9568,5.9566,5.9564,5.9564,5.9562,5.9560,5.9557,5.9555,5.9553,5.9551,5.9549,5.9545,5.9543,5.9541,5.9536,5.9534,5.9532,5.9528,5.9526,5.9522,5.9519,5.9517,5.9513,5.9511,5.9509,5.9541,5.9572,5.9602,5.9634,5.9663,5.9693,5.9725,5.9755,5.9784,5.9818,5.9865,5.9912,5.9959,6.0006,6.0054,6.0101,6.0148,6.0196,6.0241,6.0289,6.0336,6.0382,6.0430,6.0478,6.0523,6.0571,6.0617,6.0665,6.0711,6.0758,6.0802,6.0846,6.0892,6.0960,6.1047,6.1134,6.1220,6.1305,6.1393,6.1480,6.1568,6.1657,6.1747,6.1843,6.1941,6.2037,6.2133,6.2232,6.2329,6.2427,6.2527,6.2622,6.2718,6.2814,6.2913,6.3010,6.3107,6.3204,6.3302,6.3400,6.3505,6.3618,6.3732,6.3848,6.3963,6.4075,6.4192,6.4303,6.4424,6.4538,6.4657,6.4779,6.4904,6.5025,6.5144,6.5265,6.5397,6.5548,6.5704,6.5854,6.6006,6.6157,7.6409,7.6409,7.6409,7.6409,7.6409,7.6409,7.6409,7.6409,7.6409,7.6409,7.6409,7.6409,7.6409,7.6409,7.6409,7.6409,7.6409,7.6409,7.6409,7.6409,7.6409,7.6409,7.6409,7.6409,7.6409,7.6409,7.6409,7.6409,7.6409,7.6409,7.6409,7.6409,7.6409,7.6409,7.6409,7.6409,7.6409,7.6409,7.6409,7.6409,7.6409,7.6409,7.6409,7.6409,7.6409,7.6409,7.6409,7.6409,7.6409,7.6409,7.6409,7.6409,7.6409,7.6409,7.6409,7.6409,7.6409,7.6409,7.6409,7.6409,7.6409,7.6409,7.6409,7.6409,7.6409,7.6409,7.6409,7.6409,7.6409,7.6409,7.6409,7.6409,7.6409,7.6409,7.6409,7.6409,7.6409,7.6409,7.6409,7.6409,7.6409,7.6409,7.6409,7.6409,7.6409,7.6409,7.6409,7.6409,7.6409,7.6409,7.6409,7.6409,7.6409,7.6409,7.6409,7.6409,7.6409,7.6409,7.6409,7.6409,7.6409,7.6409,7.6409,7.6409,7.6409,7.6409,7.6409,7.6409,7.6409,7.6409,7.6409,7.6409,7.6409,7.6409,7.6409,7.6409,7.6409,7.6409,7.6409,7.6409,7.6409,7.6409,7.6409,7.6409,7.6409,7.6409,7.6409,7.6409,7.6409,7.6409,7.6409,7.6409,7.6409,7.6409,7.6409,7.6409,7.6409,7.6409,7.6409,7.6409,7.6409,7.6409,7.6409,7.6409,7.6409,7.6409,7.6409,7.6409,7.6409,7.6409,7.6409,7.6409,7.6409,7.6409,7.6409,7.6409,7.6409,7.6409,7.6409,7.6409,7.6409,7.6409,7.6409,7.6409,7.6409,7.6409,7.6409,7.6409,7.6409,7.6409,7.6409,7.6409,7.6409,7.6409,7.6409,7.6409,7.6409,7.6409,7.6409,7.6409,7.6409,7.6409,7.6409,7.6409,7.6409,7.6409,7.6409,7.6409,7.6409,7.6409,7.6409,7.6409,7.6409,7.6409,7.6409,7.6409,7.6409,7.6409,7.6409,7.6409,7.6409,7.6409,7.6409,7.6409,7.6409,7.6409,7.6409,7.6409,7.6409,7.6409,7.6409,7.6409,7.6409,7.6409,7.6409,7.6409,7.6409,7.6409,7.6409,7.6409,7.6409,7.6409,7.6409,7.6409,7.6409,7.6409,7.6409,7.6409,7.6409,7.6409,7.6409,7.6409,7.6409,7.6409,7.6409,7.6409,7.6409,7.6409,7.6409,7.6409,7.6409,7.6409,7.6409,7.6409,7.6409,7.6409,7.6409,7.6409,7.6409,7.6409,7.6409,7.6409,7.6409,7.6409,7.6409,7.6409,7.6409,7.6409,7.6409,7.6409,7.6409,7.6409,7.6409,7.6409,7.6409,7.6409,7.6409,7.6409,7.6409,7.6409,7.6409,7.6409,7.6409,7.6409,7.6409,7.6409,7.6409,7.6409,7.6409,7.6409,7.6409,7.6409,7.6409,7.6409,7.6409,7.6409,7.6409,7.6409,7.6409,7.6409,7.6409,7.6409,7.6409,7.6409,7.6409,7.6409,7.6409,7.6409,7.6409,7.6409,7.6409,7.6409,7.6409,7.6409,7.6409,7.6409,7.6409,7.6409,7.6409,7.6409,7.6409,7.6409,7.6409,7.6409,7.6409,7.6409,7.6409,7.6409,7.6409,7.6409,7.6409,7.6409,7.6409,7.6409,7.6409,7.6409,7.6409,7.6409,7.6409,7.6409,7.6409,7.6409,7.6409,7.6409,7.6409,7.6409,7.6409,7.6409,7.6409,7.6409,7.6409,7.6409,7.6409,7.6409,7.6409,7.6409,7.6409,7.6409,7.6409,7.6409,7.6409,7.6409,7.6409,7.6409,7.6409,7.6409,7.6409,7.6409,7.6409,7.6409,7.6409,7.6409,7.6409,7.6409,7.6409,7.6409,7.6409,7.6409,7.6409,7.6409,7.6409,7.6409,7.6409,7.6409,7.6409,7.6409,7.6409,7.6409,7.6409,7.6409,7.6409,7.6409,7.6409,7.6409,7.6409,7.6409,7.6409,7.6409,7.6409,7.6409,7.6409,7.6409,7.6409,7.6409,7.6409,7.6409,7.6409,7.6409,7.6409,7.6409,7.6409,7.6409,7.6409,7.6409,7.6409,7.6409,7.6409,7.6409,7.6409,7.6409,7.6409,7.6409,7.6409,7.6409,7.6409
7.6347,7.6347,7.6347,7.6347,7.6347,7.6347,7.6347,7.6347,7.6347,7.6347,7.6347,7.6347,7.6347,7.6347,7.6347,7.6347,7.6347,7.6347,7.6347,7.6347,7.6347,7.6347,7.6347,7.6347,7.6347,7.6347,7.6347,7.6347,7.6347,7.6347,7.6347,7.6347,7.6347,7.6347,7.6347,7.6347,7.6347,7.6347,7.6347,7.6347,7.6347,7.6347,7.6347,7.6347,7.6347,7.6347,7.6347,7.6347,7.6347,7.6347,7.6347,7.6347,7.6347,7.6347,7.6347,7.6347,7.6347,7.6347,7.6347,7.6347,7.6347,7.6347,7.6347,7.6347,7.6347,7.6347,7.6347,7.6347,7.6347,7.6347,7.6347,7.6347,7.6347,7.6347,7.6347,7.6347,7.6347,7.6347,7.6347,7.6347,7.6347,7.6347,7.6347,7.6347,7.6347,7.6347,7.6347,7.6347,7.6347,7.6347,7.6347,7.6347,7.6347,7.6347,7.6347,7.6347,7.6347,7.6347,7.6347,7.6347,7.6347,7.6347,7.6347,7.6347,7.6347,7.6347,7.6347,7.6347,7.6347,7.6347,7.6347,7.6347,7.6347,7.6347,7.6347,7.6347,7.6347,7.6347,7.6347,7.6347,7.6347,7.6347,7.6347,7.6347,7.6347,7.6347,7.6347,7.6347,7.6347,7.6347,7.6347,7.6347,7.6347,7.6347,7.6347,7.6347,7.6347,7.6347,7.6347,7.6347,7.6347,7.6347,7.6347,7.6347,7.6347,7.6347,7.6347,7.6347,7.6347,7.6347,7.6347,7.6347,7.6347,7.6347,7.6347,7.6347,7.6347,7.6347,7.6347,7.6347,7.6347,7.6347,7.6347,7.6347,7.6347,7.6347,7.6347,7.6347,7.6347,7.6347,7.6347,7.6347,7.6347,7.6347,7.6347,7.6347,7.6347,7.6347,7.6347,7.6347,7.6347,7.6347,7.6347,7.6347,7.6347,7.6347,7.6347,7.6347,7.6347,7.6347,7.6347,7.6347,7.6347,7.6347,7.6347,7.6347,7.6347,7.6347,7.6347,7.6347,7.6347,7.6347,7.6347,7.6347,7.6347,7.6347,7.6347,7.6347,7.6347,7.6347,7.6347,7.6347,7.6347,7.6347,7.6347,7.6347,7.6347,7.6347,7.6347,7.6347,7.6347,7.6347,7.6347,7.6347,7.6347,7.6347,7.6347,7.6347,7.6347,7.6347,7.6347,7.6347,7.6347,7.6347,7.6347,7.6347,7.6347,7.6347,7.6347,7.6347,7.6347,7.6347,7.6347,7.6347,7.6347,7.6347,7.6347,7.6347,7.6347,7.6347,7.6347,7.6347,7.6347,7.6347,7.6347,7.6347,7.6347,7.6347,7.6347,7.6347,7.6347,7.6347,7.6347,7.6347,7.6347,7.6347,7.6347,7.6347,7.6347,7.6347,7.6347,7.6347,7.6347,7.6347,7.6347,7.6347,7.6347,7.6347,7.6347,7.6347,7.6347,7.6347,7.6347,7.6347,7.6347,7.6347,7.6347,7.6347,7.6347,7.6347,7.6347,7.6347,7.6347,7.6347,7.6347,7.6347,7.6347,7.6347,7.6347,7.6347,7.6347,7.6347,7.6347,7.6347,7.6347,7.6347,7.6347,7.6347,7.6347,7.6347,7.6347,7.6347,7.6347,7.6347,7.6347,7.6347,7.6347,7.6347,7.6347,7.6347,7.6347,7.6347,7.6347,7.6347,7.6347,7.6347,7.6347,7.6347,7.6347,7.6347,7.6347,7.6347,7.6347,7.6347,7.6347,7.6347,7.6347,7.6347,7.6347,7.6347,7.6347,7.6347,7.6347,7.6347,7.6347,7.6347,7.6347,7.6347,7.6347,7.6347,7.6347,7.6347,7.6347,7.6347,7.6347,7.6347,7.6347,7.6347,7.6347,7.6347,7.6347,7.6347,7.6347,7.6347,7.6347,7.6347,7.6347,7.6347,7.6347,7.6347,7.6347,7.6347,7.6347,7.6347,7.6347,7.6347,7.6347,7.6347,7.6347,7.6347,7.6347,7.6347,7.6347,7.6347,7.6347,7.6347,7.6347,7.6347,7.6347,7.6347,7.6347,7.6347,7.6347,7.6347,7.6347,7.6347,7.6347,7.6347,7.6347,7.6347,7.6347,7.6347,7.6347,7.6347,7.6347,7.6347,7.6347,7.6347,7.6347,7.6347,7.6347,7.6347,7.6347,7.6347,7.6347,6.2028,6.1018,6.0484,6.0427,6.0371,6.0312,6.0256,6.0198,6.0142,6.0084,6.0028,5.9972,5.9917,5.9861,5.9806,5.9750,5.9695,5.9642,5.9587,5.9543,5.9541,5.9538,5.9536,5.9534,5.9532,5.9530,5.9528,5.9526,5.9524,5.9522,5.9519,5.9517,5.9515,5.9513,5.9511,5.9509,5.9507,5.9503,5.9500,5.9498,5.9494,5.9492,5.9490,5.9486,5.9484,5.9479,5.9477,5.9496,5.9526,5.9557,5.9587,5.9619,5.9651,5.9680,5.9710,5.9740,5.9772,5.9801,5.9833,5.9880,5.9927,5.9974,6.0021,6.0069,6.0116,6.0163,6.0211,6.0258,6.0304,6.0351,6.0399,6.0445,6.0493,6.0541,6.0587,6.0635,6.0683,6.0729,6.0773,6.0817,6.0890,6.0974,6.1060,6.1147,6.1234,6.1319,6.1406,6.1494,6.1582,6.1670,6.1761,6.1856,6.1952,6.2051,6.2147,6.2244,6.2343,6.2441,6.2538,6.2636,6.2732,6.2828,6.2925,6.3022,6.3121,6.3219,6.3316,6.3414,6.3520,6.3633,6.3749,6.3863,6.3980,6.4094,6.4202,6.4318,6.4434,6.4553,6.4677,6.4797,6.4914,6.5035,6.5156,6.5278,6.5425,6.5573,6.5725,6.5874,6.6027,6.6175,6.6813,7.6347,7.6347,7.6347,7.6347,7.6347,7.6347,7.6347,7.6347,7.6347,7.6347,7.6347,7.6347,7.6347,7.6347,7.6347,7.6347,7.6347,7.6347,7.6347,7.6347,7.6347,7.6347,7.6347,7.6347,7.6347,7.6347,7.6347,7.6347,7.6347,7.6347,7.6347,7.6347,7.6347,7.6347,7.6347,7.6347,7.6347,7.6347,7.6347,7.6347,7.6347,7.6347,7.6347,7.6347,7.6347,7.6347,7.6347,7.6347,7.6347,7.6347,7.6347,7.6347,7.6347,7.6347,7.6347,7.6347,7.6347,7.6347,7.6347,7.6347,7.6347,7.6347,7.6347,7.6347,7.6347,7.6347,7.6347,7.6347,7.6347,7.6347,7.6347,7.6347,7.6347,7.6347,7.6347,7.6347,7.6347,7.6347,7.6347,7.6347,7.6347,7.6347,7.6347,7.6347,7.6347,7.6347,7.6347,7.6347,7.6347,7.6347,7.6347,7.6347,7.6347,7.6347,7.6347,7.6347,7.6347,7.6347,7.6347,7.6347,7.6347,7.6347,7.6347,7.6347,7.6347,7.6347,7.6347,7.6347,7.6347,7.6347,7.6347,7.6347,7.6347,7.6347,7.6347,7.6347,7.6347,7.6347,7.6347,7.6347,7.6347,7.6347,7.6347,7.6347,7.6347,7.6347,7.6347,7.6347,7.6347,7.6347,7.6347,7.6347,7.6347,7.6347,7.6347,7.6347,7.6347,7.6347,7.6347,7.6347,7.6347,7.6347,7.6347,7.6347,7.6347,7.6347,7.6347,7.6347,7.6347,7.6347,7.6347,7.6347,7.6347,7.6347,7.6347,7.6347,7.6347,7.6347,7.6347,7.6347,7.6347,7.6347,7.6347,7.6347,7.6347,7.6347,7.6347,7.6347,7.6347,7.6347,7.6347,7.6347,7.6347,7.6347,7.6347,7.6347,7.6347,7.6347,7.6347,7.6347,7.6347,7.6347,7.6347,7.6347,7.6347,7.6347,7.6347,7.6347,7.6347,7.6347,7.6347,7.6347,7.6347,7.6347,7.6347,7.6347,7.6347,7.6347,7.6347,7.6347,7.6347,7.6347,7.6347,7.6347,7.6347,7.6347,7.6347,7.6347,7.6347,7.6347,7.6347,7.6347,7.6347,7.6347,7.6347,7.6347,7.6347,7.6347,7.6347,7.6347,7.6347,7.6347,7.6347,7.6347,7.6347,7.6347,7.6347,7.6347,7.6347,7.6347,7.6347,7.6347,7.6347,7.6347,7.6347,7.6347,7.6347,7.6347,7.6347,7.6347,7.6347,7.6347,7.6347,7.6347,7.6347,7.6347,7.6347,7.6347,7.6347,7.6347,7.6347,7.6347,7.6347,7.6347,7.6347,7.6347,7.6347,7.6347,7.6347,7.6347,7.6347,7.6347,7.6347,7.6347,7.6347,7.6347,7.6347,7.6347,7.6347,7.6347,7.6347,7.6347,7.6347,7.6347,7.6347,7.6347,7.6347,7.6347,7.6347,7.6347,7.6347,7.6347,7.6347,7.6347,7.6347,7.6347,7.6347,7.6347,7.6347,7.6347,7.6347,7.6347,7.6347,7.6347,7.6347,7.6347,7.6347,7.6347,7.6347,7.6347,7.6347,7.6347,7.6347,7.6347,7.6347,7.6347,7.6347,7.6347,7.6347,7.6347,7.6347,7.6347,7.6347,7.6347,7.6347,7.6347,7.6347,7.6347,7.6347,7.6347,7.6347,7.6347,7.6347,7.6347,7.6347,7.6347,7.6347,7.6347,7.6347,7.6347,7.6347,7.6347,7.6347,7.6347,7.6347,7.6347,7.6347,7.6347,7.6347,7.6347,7.6347,7.6347,7.6347,7.6347,7.6347,7.6347,7.6347,7.6347,7.6347,7.6347,7.6347,7.6347,7.6347,7.6347,7.6347,7.6347,7.6347,7.6347,7.6347,7.6347,7.6347,7.6347,7.6347,7.6347,7.6347,7.6347,7.6347,7.6347,7.6347,7.6347,7.6347,7.6347,7.6347,7.6347,7.6347,7.6347,7.6347,7.6347,7.6347,7.6347,7.6347,7.6347,7.6347,7.6347,7.6347,7.6347,7.6347,7.6347,7.6347,7.6347,7.6347,7.6347,7.6347,7.6347,7.6347,7.6347,7.6347,7.6347,7.6347,7.6347,7.6347,7.6347,7.6347,7.6347,7.6347,7.6347,7.6347,7.6347,7.6347,7.6347,7.6347,7.6347,7.6347,7.6347
7.6288,7.6288,7.6288,7.6288,7.6288,7.6288,7.6288,7.6288,7.6288,7.6288,7.6288,7.6288,7.6288,7.6288,7.6288,7.6288,7.6288,7.6288,7.6288,7.6288,7.6288,7.6288,7.6288,7.6288,7.6288,7.6288,7.6288,7.6288,7.6288,7.6288,7.6288,7.6288,7.6288,7.6288,7.6288,7.6288,7.6288,7.6288,7.6288,7.6288,7.6288,7.6288,7.6288,7.6288,7.6288,7.6288,7.6288,7.6288,7.6288,7.6288,7.6288,7.6288,7.6288,7.6288,7.6288,7.6288,7.6288,7.6288,7.6288,7.6288,7.6288,7.6288,7.6288,7.6288,7.6288,7.6288,7.6288,7.6288,7.6288,7.6288,7.6288,7.6288,7.6288,7.6288,7.6288,7.6288,7.6288,7.6288,7.6288,7.6288,7.6288,7.6288,7.6288,7.6288,7.6288,7.6288,7.6288,7.6288,7.6288,7.6288,7.6288,7.6288,7.6288,7.6288,7.6288,7.6288,7.6288,7.6288,7.6288,7.6288,7.6288,7.6288,7.6288,7.6288,7.6288,7.6288,7.6288,7.6288,7.6288,7.6288,7.6288,7.6288,7.6288,7.6288,7.6288,7.6288,7.6288,7.6288,7.6288,7.6288,7.6288,7.6288,7.6288,7.6288,7.6288,7.6288,7.6288,7.6288,7.6288,7.6288,7.6288,7.6288,7.6288,7.6288,7.6288,7.6288,7.6288,7.6288,7.6288,7.6288,7.6288,7.6288,7.6288,7.6288,7.6288,7.6288,7.6288,7.6288,7.6288,7.6288,7.6288,7.6288,7.6288,7.6288,7.6288,7.6288,7.6288,7.6288,7.6288,7.6288,7.6288,7.6288,7.6288,7.6288,7.6288,7.6288,7.6288,7.6288,7.6288,7.6288,7.6288,7.6288,7.6288,7.6288,7.6288,7.6288,7.6288,7.6288,7.6288,7.6288,7.6288,7.6288,7.6288,7.6288,7.6288,7.6288,7.6288,7.6288,7.6288,7.6288,7.6288,7.6288,7.6288,7.6288,7.6288,7.6288,7.6288,7.6288,7.6288,7.6288,7.6288,7.6288,7.6288,7.6288,7.6288,7.6288,7.6288,7.6288,7.6288,7.6288,7.6288,7.6288,7.6288,7.6288,7.6288,7.6288,7.6288,7.6288,7.6288,7.6288,7.6288,7.6288,7.6288,7.6288,7.6288,7.6288,7.6288,7.6288,7.6288,7.6288,7.6288,7.6288,7.6288,7.6288,7.6288,7.6288,7.6288,7.6288,7.6288,7.6288,7.6288,7.6288,7.6288,7.6288,7.6288,7.6288,7.6288,7.6288,7.6288,7.6288,7.6288,7.6288,7.6288,7.6288,7.6288,7.6288,7.6288,7.6288,7.6288,7.6288,7.6288,7.6288,7.6288,7.6288,7.6288,7.6288,7.6288,7.6288,7.6288,7.6288,7.6288,7.6288,7.6288,7.6288,7.6288,7.6288,7.6288,7.6288,7.6288,7.6288,7.6288,7.6288,7.6288,7.6288,7.6288,7.6288,7.6288,7.6288,7.6288,7.6288,7.6288,7.6288,7.6288,7.6288,7.6288,7.6288,7.6288,7.6288,7.6288,7.6288,7.6288,7.6288,7.6288,7.6288,7.6288,7.6288,7.6288,7.6288,7.6288,7.6288,7.6288,7.6288,7.6288,7.6288,7.6288,7.6288,7.6288,7.6288,7.6288,7.6288,7.6288,7.6288,7.6288,7.6288,7.6288,7.6288,7.6288,7.6288,7.6288,7.6288,7.6288,7.6288,7.6288,7.6288,7.6288,7.6288,7.6288,7.6288,7.6288,7.6288,7.6288,7.6288,7.6288,7.6288,7.6288,7.6288,7.6288,7.6288,7.6288,7.6288,7.6288,7.6288,7.6288,7.6288,7.6288,7.6288,7.6288,7.6288,7.6288,7.6288,7.6288,7.6288,7.6288,7.6288,7.6288,7.6288,7.6288,7.6288,7.6288,7.6288,7.6288,7.6288,7.6288,7.6288,7.6288,7.6288,7.6288,7.6288,7.6288,7.6288,7.6288,7.6288,7.6288,7.6288,7.6288,7.6288,7.6288,7.6288,7.6288,7.6288,7.6288,7.6288,7.6288,7.6288,7.6288,7.6288,7.6288,7.6288,7.6288,7.6288,7.6288,7.6288,7.6288,7.6288,7.6288,7.6288,7.6288,7.6288,7.6288,7.6288,7.6288,7.6288,7.6288,7.6288,7.6288,6.1384,6.0469,6.0414,6.0358,6.0302,6.0243,6.0187,6.0129,6.0073,6.0015,5.9959,5.9904,5.9850,5.9795,5.9740,5.9684,5.9629,5.9574,5.9519,5.9507,5.9505,5.9503,5.9500,5.9498,5.9496,5.9494,5.9492,5.9490,5.9488,5.9486,5.9484,5.9481,5.9481,5.9479,5.9477,5.9475,5.9473,5.9469,5.9467,5.9465,5.9460,5.9458,5.9456,5.9452,5.9450,5.9446,5.9452,5.9481,5.9513,5.9543,5.9574,5.9604,5.9636,5.9665,5.9697,5.9727,5.9757,5.9786,5.9818,5.9850,5.9897,5.9944,5.9991,6.0039,6.0086,6.0133,6.0181,6.0226,6.0273,6.0321,6.0367,6.0414,6.0462,6.0510,6.0556,6.0604,6.0652,6.0698,6.0744,6.0817,6.0903,6.0987,6.1074,6.1160,6.1247,6.1335,6.1420,6.1507,6.1595,6.1684,6.1772,6.1870,6.1966,6.2062,6.2161,6.2258,6.2355,6.2454,6.2552,6.2650,6.2746,6.2842,6.2939,6.3036,6.3133,6.3230,6.3331,6.3429,6.3534,6.3650,6.3763,6.3877,6.3989,6.4102,6.4222,6.4333,6.4449,6.4567,6.4687,6.4812,6.4927,6.5055,6.5176,6.5298,6.5446,6.5596,6.5740,6.5898,6.6048,6.6196,6.6353,7.6288,7.6288,7.6288,7.6288,7.6288,7.6288,7.6288,7.6288,7.6288,7.6288,7.6288,7.6288,7.6288,7.6288,7.6288,7.6288,7.6288,7.6288,7.6288,7.6288,7.6288,7.6288,7.6288,7.6288,7.6288,7.6288,7.6288,7.6288,7.6288,7.6288,7.6288,7.6288,7.6288,7.6288,7.6288,7.6288,7.6288,7.6288,7.6288,7.6288,7.6288,7.6288,7.6288,7.6288,7.6288,7.6288,7.6288,7.6288,7.6288,7.6288,7.6288,7.6288,7.6288,7.6288,7.6288,7.6288,7.6288,7.6288,7.6288,7.6288,7.6288,7.6288,7.6288,7.6288,7.6288,7.6288,7.6288,7.6288,7.6288,7.6288,7.6288,7.6288,7.6288,7.6288,7.6288,7.6288,7.6288,7.6288,7.6288,7.6288,7.6288,7.6288,7.6288,7.6288,7.6288,7.6288,7.6288,7.6288,7.6288,7.6288,7.6288,7.6288,7.6288,7.6288,7.6288,7.6288,7.6288,7.6288,7.6288,7.6288,7.6288,7.6288,7.6288,7.6288,7.6288,7.6288,7.6288,7.6288,7.6288,7.6288,7.6288,7.6288,7.6288,7.6288,7.6288,7.6288,7.6288,7.6288,7.6288,7.6288,7.6288,7.6288,7.6288,7.6288,7.6288,7.6288,7.6288,7.6288,7.6288,7.6288,7.6288,7.6288,7.6288,7.6288,7.6288,7.6288,7.6288,7.6288,7.6288,7.6288,7.6288,7.6288,7.6288,7.6288,7.6288,7.6288,7.6288,7.6288,7.6288,7.6288,7.6288,7.6288,7.6288,7.6288,7.6288,7.6288,7.6288,7.6288,7.6288,7.6288,7.6288,7.6288,7.6288,7.6288,7.6288,7.6288,7.6288,7.6288,7.6288,7.6288,7.6288,7.6288,7.6288,7.6288,7.6288,7.6288,7.6288,7.6288,7.6288,7.6288,7.6288,7.6288,7.6288,7.6288,7.6288,7.6288,7.6288,7.6288,7.6288,7.6288,7.6288,7.6288,7.6288,7.6288,7.6288,7.6288,7.6288,7.6288,7.6288,7.6288,7.6288,7.6288,7.6288,7.6288,7.6288,7.6288,7.6288,7.6288,7.6288,7.6288,7.6288,7.6288,7.6288,7.6288,7.6288,7.6288,7.6288,7.6288,7.6288,7.6288,7.6288,7.6288,7.6288,7.6288,7.6288,7.6288,7.6288,7.6288,7.6288,7.6288,7.6288,7.6288,7.6288,7.6288,7.6288,7.6288,7.6288,7.6288,7.6288,7.6288,7.6288,7.6288,7.6288,7.6288,7.6288,7.6288,7.6288,7.6288,7.6288,7.6288,7.6288,7.6288,7.6288,7.6288,7.6288,7.6288,7.6288,7.6288,7.6288,7.6288,7.6288,7.6288,7.6288,7.6288,7.6288,7.6288,7.6288,7.6288,7.6288,7.6288,7.6288,7.6288,7.6288,7.6288,7.6288,7.6288,7.6288,7.6288,7.6288,7.6288,7.6288,7.6288,7.6288,7.6288,7.6288,7.6288,7.6288,7.6288,7.6288,7.6288,7.6288,7.6288,7.6288,7.6288,7.6288,7.6288,7.6288,7.6288,7.6288,7.6288,7.6288,7.6288,7.6288,7.6288,7.6288,7.6288,7.6288,7.6288,7.6288,7.6288,7.6288,7.6288,7.6288,7.6288,7.6288,7.6288,7.6288,7.6288,7.6288,7.6288,7.6288,7.6288,7.6288,7.6288,7.6288,7.6288,7.6288,7.6288,7.6288,7.6288,7.6288,7.6288,7.6288,7.6288,7.6288,7.6288,7.6288,7.6288,7.6288,7.6288,7.6288,7.6288,7.6288,7.6288,7.6288,7.6288,7.6288,7.6288,7.6288,7.6288,7.6288,7.6288,7.6288,7.6288,7.6288,7.6288,7.6288,7.6288,7.6288,7.6288,7.6288,7.6288,7.6288,7.6288,7.6288,7.6288,7.6288,7.6288,7.6288,7.6288,7.6288,7.6288,7.6288,7.6288,7.6288,7.6288,7.6288,7.6288,7.6288,7.6288,7.6288,7.6288,7.6288,7.6288,7.6288,7.6288,7.6288,7.6288,7.6288,7.6288,7.6288,7.6288,7.6288,7.6288,7.6288,7.6288,7.6288,7.6288,7.6288,7.6288,7.6288,7.6288,7.6288,7.6288,7.6288,7.6288,7.6288,7.6288,7.6288,7.6288,7.6288,7.6288,7.6288,7.6288
7.6222,7.6222,7.6222,7.6222,7.6222,7.6222,7.6222,7.6222,7.6222,7.6222,7.6222,7.6222,7.6222,7.6222,7.6222,7.6222,7.6222,7.6222,7.6222,7.6222,7.6222,7.6222,7.6222,7.6222,7.6222,7.6222,7.6222,7.6222,7.6222,7.6222,7.6222,7.6222,7.6222,7.6222,7.6222,7.6222,7.6222,7.6222,7.6222,7.6222,7.6222,7.6222,7.6222,7.6222,7.6222,7.6222,7.6222,7.6222,7.6222,7.6222,7.6222,7.6222,7.6222,7.6222,7.6222,7.6222,7.6222,7.6222,7.6222,7.6222,7.6222,7.6222,7.6222,7.6222,7.6222,7.6222,7.6222,7.6222,7.6222,7.6222,7.6222,7.6222,7.6222,7.6222,7.6222,7.6222,7.6222,7.6222,7.6222,7.6222,7.6222,7.6222,7.6222,7.6222,7.6222,7.6222,7.6222,7.6222,7.6222,7.6222,7.6222,7.6222,7.6222,7.6222,7.6222,7.6222,7.6222,7.6222,7.6222,7.6222,7.6222,7.6222,7.6222,7.6222,7.6222,7.6222,7.6222,7.6222,7.6222,7.6222,7.6222,7.6222,7.6222,7.6222,7.6222,7.6222,7.6222,7.6222,7.6222,7.6222,7.6222,7.6222,7.6222,7.6222,7.6222,7.6222,7.6222,7.6222,7.6222,7.6222,7.6222,7.6222,7.6222,7.6222,7.6222,7.6222,7.6222,7.6222,7.6222,7.6222,7.6222,7.6222,7.6222,7.6222,7.6222,7.6222,7.6222,7.6222,7.6222,7.6222,7.6222,7.6222,7.6222,7.6222,7.6222,7.6222,7.6222,7.6222,7.6222,7.6222,7.6222,7.6222,7.6222,7.6222,7.6222,7.6222,7.6222,7.6222,7.6222,7.6222,7.6222,7.6222,7.6222,7.6222,7.6222,7.6222,7.6222,7.6222,7.6222,7.6222,7.6222,7.6222,7.6222,7.6222,7.6222,7.6222,7.6222,7.6222,7.6222,7.6222,7.6222,7.6222,7.6222,7.6222,7.6222,7.6222,7.6222,7.6222,7.6222,7.6222,7.6222,7.6222,7.6222,7.6222,7.6222,7.6222,7.6222,7.6222,7.6222,7.6222,7.6222,7.6222,7.6222,7.6222,7.6222,7.6222,7.6222,7.6222,7.6222,7.6222,7.6222,7.6222,7.6222,7.6222,7.6222,7.6222,7.6222,7.6222,7.6222,7.6222,7.6222,7.6222,7.6222,7.6222,7.6222,7.6222,7.6222,7.6222,7.6222,7.6222,7.6222,7.6222,7.6222,7.6222,7.6222,7.6222,7.6222,7.6222,7.6222,7.6222,7.6222,7.6222,7.6222,7.6222,7.6222,7.6222,7.6222,7.6222,7.6222,7.6222,7.6222,7.6222,7.6222,7.6222,7.6222,7.6222,7.6222,7.6222,7.6222,7.6222,7.6222,7.6222,7.6222,7.6222,7.6222,7.6222,7.6222,7.6222,7.6222,7.6222,7.6222,7.6222,7.6222,7.6222,7.6222,7.6222,7.6222,7.6222,7.6222,7.6222,7.6222,7.6222,7.6222,7.6222,7.6222,7.6222,7.6222,7.6222,7.6222,7.6222,7.6222,7.6222,7.6222,7.6222,7.6222,7.6222,7.6222,7.6222,7.6222,7.6222,7.6222,7.6222,7.6222,7.6222,7.6222,7.6222,7.6222,7.6222,7.6222,7.6222,7.6222,7.6222,7.6222,7.6222,7.6222,7.6222,7.6222,7.6222,7.6222,7.6222,7.6222,7.6222,7.6222,7.6222,7.6222,7.6222,7.6222,7.6222,7.6222,7.6222,7.6222,7.6222,7.6222,7.6222,7.6222,7.6222,7.6222,7.6222,7.6222,7.6222,7.6222,7.6222,7.6222,7.6222,7.6222,7.6222,7.6222,7.6222,7.6222,7.6222,7.6222,7.6222,7.6222,7.6222,7.6222,7.6222,7.6222,7.6222,7.6222,7.6222,7.6222,7.6222,7.6222,7.6222,7.6222,7.6222,7.6222,7.6222,7.6222,7.6222,7.6222,7.6222,7.6222,7.6222,7.6222,7.6222,7.6222,7.6222,7.6222,7.6222,7.6222,7.6222,7.6222,7.6222,7.6222,7.6222,7.6222,7.6222,7.6222,7.6222,7.6222,7.6222,7.6222,7.6222,7.6222,7.6222,7.6222,7.6222,7.6222,7.6222,7.6222,7.6222,7.6222,7.6222,6.1738,6.0703,6.0399,6.0343,6.0289,6.0232,6.0174,6.0116,6.0060,6.0004,5.9949,5.9893,5.9838,5.9782,5.9727,5.9672,5.9617,5.9562,5.9507,5.9475,5.9473,5.9471,5.9469,5.9467,5.9465,5.9463,5.9460,5.9458,5.9456,5.9454,5.9452,5.9450,5.9448,5.9446,5.9444,5.9444,5.9441,5.9439,5.9435,5.9433,5.9431,5.9427,5.9425,5.9423,5.9418,5.9416,5.9412,5.9437,5.9467,5.9498,5.9530,5.9560,5.9591,5.9621,5.9653,5.9682,5.9712,5.9742,5.9774,5.9803,5.9833,5.9865,5.9912,5.9959,6.0009,6.0056,6.0103,6.0148,6.0196,6.0243,6.0289,6.0336,6.0384,6.0430,6.0478,6.0525,6.0574,6.0619,6.0668,6.0744,6.0830,6.0916,6.1003,6.1087,6.1174,6.1261,6.1348,6.1433,6.1521,6.1609,6.1700,6.1786,6.1884,6.1980,6.2076,6.2172,6.2272,6.2369,6.2466,6.2566,6.2664,6.2760,6.2857,6.2953,6.3050,6.3147,6.3245,6.3345,6.3441,6.3549,6.3664,6.3778,6.3892,6.4006,6.4116,6.4232,6.4352,6.4463,6.4580,6.4699,6.4822,6.4947,6.5063,6.5189,6.5318,6.5466,6.5612,6.5769,6.5918,6.6071,6.6222,6.6377,6.7362,7.6222,7.6222,7.6222,7.6222,7.6222,7.6222,7.6222,7.6222,7.6222,7.6222,7.6222,7.6222,7.6222,7.6222,7.6222,7.6222,7.6222,7.6222,7.6222,7.6222,7.6222,7.6222,7.6222,7.6222,7.6222,7.6222,7.6222,7.6222,7.6222,7.6222,7.6222,7.6222,7.6222,7.6222,7.6222,7.6222,7.6222,7.6222,7.6222,7.6222,7.6222,7.6222,7.6222,7.6222,7.6222,7.6222,7.6222,7.6222,7.6222,7.6222,7.6222,7.6222,7.6222,7.6222,7.6222,7.6222,7.6222,7.6222,7.6222,7.6222,7.6222,7.6222,7.6222,7.6222,7.6222,7.6222,7.6222,7.6222,7.6222,7.6222,7.6222,7.6222,7.6222,7.6222,7.6222,7.6222,7.6222,7.6222,7.6222,7.6222,7.6222,7.6222,7.6222,7.6222,7.6222,7.6222,7.6222,7.6222,7.6222,7.6222,7.6222,7.6222,7.6222,7.6222,7.6222,7.6222,7.6222,7.6222,7.6222,7.6222,7.6222,7.6222,7.6222,7.6222,7.6222,7.6222,7.6222,7.6222,7.6222,7.6222,7.6222,7.6222,7.6222,7.6222,7.6222,7.6222,7.6222,7.6222,7.6222,7.6222,7.6222,7.6222,7.6222,7.6222,7.6222,7.6222,7.6222,7.6222,7.6222,7.6222,7.6222,7.6222,7.6222,7.6222,7.6222,7.6222,7.6222,7.6222,7.6222,7.6222,7.6222,7.6222,7.6222,7.6222,7.6222,7.6222,7.6222,7.6222,7.6222,7.6222,7.6222,7.6222,7.6222,7.6222,7.6222,7.6222,7.6222,7.6222,7.6222,7.6222,7.6222,7.6222,7.6222,7.6222,7.6222,7.6222,7.6222,7.6222,7.6222,7.6222,7.6222,7.6222,7.6222,7.6222,7.6222,7.6222,7.6222,7.6222,7.6222,7.6222,7.6222,7.6222,7.6222,7.6222,7.6222,7.6222,7.6222,7.6222,7.6222,7.6222,7.6222,7.6222,7.6222,7.6222,7.6222,7.6222,7.6222,7.6222,7.6222,7.6222,7.6222,7.6222,7.6222,7.6222,7.6222,7.6222,7.6222,7.6222,7.6222,7.6222,7.6222,7.6222,7.6222,7.6222,7.6222,7.6222,7.6222,7.6222,7.6222,7.6222,7.6222,7.6222,7.6222,7.6222,7.6222,7.6222,7.6222,7.6222,7.6222,7.6222,7.6222,7.6222,7.6222,7.6222,7.6222,7.6222,7.6222,7.6222,7.6222,7.6222,7.6222,7.6222,7.6222,7.6222,7.6222,7.6222,7.6222,7.6222,7.6222,7.6222,7.6222,7.6222,7.6222,7.6222,7.6222,7.6222,7.6222,7.6222,7.6222,7.6222,7.6222,7.6222,7.6222,7.6222,7.6222,7.6222,7.6222,7.6222,7.6222,7.6222,7.6222,7.6222,7.6222,7.6222,7.6222,7.6222,7.6222,7.6222,7.6222,7.6222,7.6222,7.6222,7.6222,7.6222,7.6222,7.6222,7.6222,7.6222,7.6222,7.6222,7.6222,7.6222,7.6222,7.6222,7.6222,7.6222,7.6222,7.6222,7.6222,7.6222,7.6222,7.6222,7.6222,7.6222,7.6222,7.6222,7.6222,7.6222,7.6222,7.6222,7.6222,7.6222,7.6222,7.6222,7.6222,7.6222,7.6222,7.6222,7.6222,7.6222,7.6222,7.6222,7.6222,7.6222,7.6222,7.6222,7.6222,7.6222,7.6222,7.6222,7.6222,7.6222,7.6222,7.6222,7.6222,7.6222,7.6222,7.6222,7.6222,7.6222,7.6222,7.6222,7.6222,7.6222,7.6222,7.6222,7.6222,7.6222,7.6222,7.6222,7.6222,7.6222,7.6222,7.6222,7.6222,7.6222,7.6222,7.6222,7.6222,7.6222,7.6222,7.6222,7.6222,7.6222,7.6222,7.6222,7.6222,7.6222,7.6222,7.6222,7.6222,7.6222,7.6222,7.6222,7.6222,7.6222,7.6222,7.6222,7.6222,7.6222,7.6222,7.6222,7.6222,7.6222,7.6222,7.6222,7.6222,7.6222,7.6222,7.6222,7.6222,7.6222,7.6222,7.6222,7.6222,7.6222,7.6222,7.6222,7.6222,7.6222,7.6222,7.6222,7.6222,7.6222,7.6222,7.6222,7.6222,7.6222,7.6222,7.6222,7.6222,7.6222,7.6222
7.6149,7.6149,7.6149,7.6149,7.6149,7.6149,7.6149,7.6149,7.6149,7.6149,7.6149,7.6149,7.6149,7.6149,7.6149,7.6149,7.6149,7.6149,7.6149,7.6149,7.6149,7.6149,7.6149,7.6149,7.6149,7.6149,7.6149,7.6149,7.6149,7.6149,7.6149,7.6149,7.6149,7.6149,7.6149,7.6149,7.6149,7.6149,7.6149,7.6149,7.6149,7.6149,7.6149,7.6149,7.6149,7.6149,7.6149,7.6149,7.6149,7.6149,7.6149,7.6149,7.6149,7.6149,7.6149,7.6149,7.6149,7.6149,7.6149,7.6149,7.6149,7.6149,7.6149,7.6149,7.6149,7.6149,7.6149,7.6149,7.6149,7.6149,7.6149,7.6149,7.6149,7.6149,7.6149,7.6149,7.6149,7.6149,7.6149,7.6149,7.6149,7.6149,7.6149,7.6149,7.6149,7.6149,7.6149,7.6149,7.6149,7.6149,7.6149,7.6149,7.6149,7.6149,7.6149,7.6149,7.6149,7.6149,7.6149,7.6149,7.6149,7.6149,7.6149,7.6149,7.6149,7.6149,7.6149,7.6149,7.6149,7.6149,7.6149,7.6149,7.6149,7.6149,7.6149,7.6149,7.6149,7.6149,7.6149,7.6149,7.6149,7.6149,7.6149,7.6149,7.6149,7.6149,7.6149,7.6149,7.6149,7.6149,7.6149,7.6149,7.6149,7.6149,7.6149,7.6149,7.6149,7.6149,7.6149,7.6149,7.6149,7.6149,7.6149,7.6149,7.6149,7.6149,7.6149,7.6149,7.6149,7.6149,7.6149,7.6149,7.6149,7.6149,7.6149,7.6149,7.6149,7.6149,7.6149,7.6149,7.6149,7.6149,7.6149,7.6149,7.6149,7.6149,7.6149,7.6149,7.6149,7.6149,7.6149,7.6149,7.6149,7.6149,7.6149,7.6149,7.6149,7.6149,7.6149,7.6149,7.6149,7.6149,7.6149,7.6149,7.6149,7.6149,7.6149,7.6149,7.6149,7.6149,7.6149,7.6149,7.6149,7.6149,7.6149,7.6149,7.6149,7.6149,7.6149,7.6149,7.6149,7.6149,7.6149,7.6149,7.6149,7.6149,7.6149,7.6149,7.6149,7.6149,7.6149,7.6149,7.6149,7.6149,7.6149,7.6149,7.6149,7.6149,7.6149,7.6149,7.6149,7.6149,7.6149,7.6149,7.6149,7.6149,7.6149,7.6149,7.6149,7.6149,7.6149,7.6149,7.6149,7.6149,7.6149,7.6149,7.6149,7.6149,7.6149,7.6149,7.6149,7.6149,7.6149,7.6149,7.6149,7.6149,7.6149,7.6149,7.6149,7.6149,7.6149,7.6149,7.6149,7.6149,7.6149,7.6149,7.6149,7.6149,7.6149,7.6149,7.6149,7.6149,7.6149,7.6149,7.6149,7.6149,7.6149,7.6149,7.6149,7.6149,7.6149,7.6149,7.6149,7.6149,7.6149,7.6149,7.6149,7.6149,7.6149,7.6149,7.6149,7.6149,7.6149,7.6149,7.6149,7.6149,7.6149,7.6149,7.6149,7.6149,7.6149,7.6149,7.6149,7.6149,7.6149,7.6149,7.6149,7.6149,7.6149,7.6149,7.6149,7.6149,7.6149,7.6149,7.6149,7.6149,7.6149,7.6149,7.6149,7.6149,7.6149,7.6149,7.6149,7.6149,7.6149,7.6149,7.6149,7.6149,7.6149,7.6149,7.6149,7.6149,7.6149,7.6149,7.6149,7.6149,7.6149,7.6149,7.6149,7.6149,7.6149,7.6149,7.6149,7.6149,7.6149,7.6149,7.6149,7.6149,7.6149,7.6149,7.6149,7.6149,7.6149,7.6149,7.6149,7.6149,7.6149,7.6149,7.6149,7.6149,7.6149,7.6149,7.6149,7.6149,7.6149,7.6149,7.6149,7.6149,7.6149,7.6149,7.6149,7.6149,7.6149,7.6149,7.6149,7.6149,7.6149,7.6149,7.6149,7.6149,7.6149,7.6149,7.6149,7.6149,7.6149,7.6149,7.6149,7.6149,7.6149,7.6149,7.6149,7.6149,7.6149,7.6149,7.6149,7.6149,7.6149,7.6149,7.6149,7.6149,7.6149,7.6149,7.6149,7.6149,7.6149,7.6149,7.6149,7.6149,7.6149,7.6149,7.6149,7.6149,7.6149,7.6149,7.6149,7.6149,7.6149,7.6149,7.6149,7.6149,7.6149,7.6149,7.6149,7.6149,6.1078,6.0384,6.0330,6.0273,6.0217,6.0161,6.0105,6.0047,5.9994,5.9936,5.9880,5.9825,5.9769,5.9714,5.9661,5.9606,5.9551,5.9496,5.9441,5.9439,5.9437,5.9435,5.9433,5.9431,5.9429,5.9427,5.9425,5.9423,5.9420,5.9418,5.9416,5.9414,5.9412,5.9412,5.9410,5.9408,5.9408,5.9406,5.9402,5.9399,5.9397,5.9393,5.9391,5.9389,5.9385,5.9383,5.9393,5.9423,5.9454,5.9484,5.9515,5.9545,5.9576,5.9608,5.9638,5.9667,5.9699,5.9729,5.9759,5.9789,5.9820,5.9850,5.9882,5.9929,5.9976,6.0024,6.0071,6.0118,6.0166,6.0211,6.0258,6.0306,6.0351,6.0399,6.0447,6.0495,6.0541,6.0589,6.0670,6.0758,6.0843,6.0930,6.1016,6.1100,6.1187,6.1274,6.1361,6.1449,6.1535,6.1623,6.1711,6.1799,6.1895,6.1993,6.2090,6.2186,6.2285,6.2383,6.2480,6.2580,6.2678,6.2774,6.2871,6.2965,6.3064,6.3161,6.3259,6.3357,6.3455,6.3565,6.3679,6.3792,6.3907,6.4023,6.4136,6.4246,6.4367,6.4478,6.4595,6.4714,6.4834,6.4957,6.5083,6.5199,6.5339,6.5489,6.5632,6.5784,6.5936,6.6087,6.6241,6.6393,6.6548,7.6149,7.6149,7.6149,7.6149,7.6149,7.6149,7.6149,7.6149,7.6149,7.6149,7.6149,7.6149,7.6149,7.6149,7.6149,7.6149,7.6149,7.6149,7.6149,7.6149,7.6149,7.6149,7.6149,7.6149,7.6149,7.6149,7.6149,7.6149,7.6149,7.6149,7.6149,7.6149,7.6149,7.6149,7.6149,7.6149,7.6149,7.6149,7.6149,7.6149,7.6149,7.6149,7.6149,7.6149,7.6149,7.6149,7.6149,7.6149,7.6149,7.6149,7.6149,7.6149,7.6149,7.6149,7.6149,7.6149,7.6149,7.6149,7.6149,7.6149,7.6149,7.6149,7.6149,7.6149,7.6149,7.6149,7.6149,7.6149,7.6149,7.6149,7.6149,7.6149,7.6149,7.6149,7.6149,7.6149,7.6149,7.6149,7.6149,7.6149,7.6149,7.6149,7.6149,7.6149,7.6149,7.6149,7.6149,7.6149,7.6149,7.6149,7.6149,7.6149,7.6149,7.6149,7.6149,7.6149,7.6149,7.6149,7.6149,7.6149,7.6149,7.6149,7.6149,7.6149,7.6149,7.6149,7.6149,7.6149,7.6149,7.6149,7.6149,7.6149,7.6149,7.6149,7.6149,7.6149,7.6149,7.6149,7.6149,7.6149,7.6149,7.6149,7.6149,7.6149,7.6149,7.6149,7.6149,7.6149,7.6149,7.6149,7.6149,7.6149,7.6149,7.6149,7.6149,7.6149,7.6149,7.6149,7.6149,7.6149,7.6149,7.6149,7.6149,7.6149,7.6149,7.6149,7.6149,7.6149,7.6149,7.6149,7.6149,7.6149,7.6149,7.6149,7.6149,7.6149,7.6149,7.6149,7.6149,7.6149,7.6149,7.6149,7.6149,7.6149,7.6149,7.6149,7.6149,7.6149,7.6149,7.6149,7.6149,7.6149,7.6149,7.6149,7.6149,7.6149,7.6149,7.6149,7.6149,7.6149,7.6149,7.6149,7.6149,7.6149,7.6149,7.6149,7.6149,7.6149,7.6149,7.6149,7.6149,7.6149,7.6149,7.6149,7.6149,7.6149,7.6149,7.6149,7.6149,7.6149,7.6149,7.6149,7.6149,7.6149,7.6149,7.6149,7.6149,7.6149,7.6149,7.6149,7.6149,7.6149,7.6149,7.6149,7.6149,7.6149,7.6149,7.6149,7.6149,7.6149,7.6149,7.6149,7.6149,7.6149,7.6149,7.6149,7.6149,7.6149,7.6149,7.6149,7.6149,7.6149,7.6149,7.6149,7.6149,7.6149,7.6149,7.6149,7.6149,7.6149,7.6149,7.6149,7.6149,7.6149,7.6149,7.6149,7.6149,7.6149,7.6149,7.6149,7.6149,7.6149,7.6149,7.6149,7.6149,7.6149,7.6149,7.6149,7.6149,7.6149,7.6149,7.6149,7.6149,7.6149,7.6149,7.6149,7.6149,7.6149,7.6149,7.6149,7.6149,7.6149,7.6149,7.6149,7.6149,7.6149,7.6149,7.6149,7.6149,7.6149,7.6149,7.6149,7.6149,7.6149,7.6149,7.6149,7.6149,7.6149,7.6149,7.6149,7.6149,7.6149,7.6149,7.6149,7.6149,7.6149,7.6149,7.6149,7.6149,7.6149,7.6149,7.6149,7.6149,7.6149,7.6149,7.6149,7.6149,7.6149,7.6149,7.6149,7.6149,7.6149,7.6149,7.6149,7.6149,7.6149,7.6149,7.6149,7.6149,7.6149,7.6149,7.6149,7.6149,7.6149,7.6149,7.6149,7.6149,7.6149,7.6149,7.6149,7.6149,7.6149,7.6149,7.6149,7.6149,7.6149,7.6149,7.6149,7.6149,7.6149,7.6149,7.6149,7.6149,7.6149,7.6149,7.6149,7.6149,7.6149,7.6149,7.6149,7.6149,7.6149,7.6149,7.6149,7.6149,7.6149,7.6149,7.6149,7.6149,7.6149,7.6149,7.6149,7.6149,7.6149,7.6149,7.6149,7.6149,7.6149,7.6149,7.6149,7.6149,7.6149,7.6149,7.6149,7.6149,7.6149,7.6149,7.6149,7.6149,7.6149,7.6149,7.6149,7.6149,7.6149,7.6149,7.6149,7.6149,7.6149,7.6149,7.6149,7.6149,7.6149,7.6149,7.6149,7.6149,7.6149,7.6149,7.6149,7.6149,7.6149,7.6149,7.6149,7.6149,7.6149,7.6149,7.6149,7.6149,7.6149,7.6149,7.6149,7.6149,7.6149,7.6149
7.6091,7.6091,7.6091,7.6091,7.6091,7.6091,7.6091,7.6091,7.6091,7.6091,7.6091,7.6091,7.6091,7.6091,7.6091,7.6091,7.6091,7.6091,7.6091,7.6091,7.6091,7.6091,7.6091,7.6091,7.6091,7.6091,7.6091,7.6091,7.6091,7.6091,7.6091,7.6091,7.6091,7.6091,7.6091,7.6091,7.6091,7.6091,7.6091,7.6091,7.6091,7.6091,7.6091,7.6091,7.6091,7.6091,7.6091,7.6091,7.6091,7.6091,7.6091,7.6091,7.6091,7.6091,7.6091,7.6091,7.6091,7.6091,7.6091,7.6091,7.6091,7.6091,7.6091,7.6091,7.6091,7.6091,7.6091,7.6091,7.6091,7.6091,7.6091,7.6091,7.6091,7.6091,7.6091,7.6091,7.6091,7.6091,7.6091,7.6091,7.6091,7.6091,7.6091,7.6091,7.6091,7.6091,7.6091,7.6091,7.6091,7.6091,7.6091,7.6091,7.6091,7.6091,7.6091,7.6091,7.6091,7.6091,7.6091,7.6091,7.6091,7.6091,7.6091,7.6091,7.6091,7.6091,7.6091,7.6091,7.6091,7.6091,7.6091,7.6091,7.6091,7.6091,7.6091,7.6091,7.6091,7.6091,7.6091,7.6091,7.6091,7.6091,7.6091,7.6091,7.6091,7.6091,7.6091,7.6091,7.6091,7.6091,7.6091,7.6091,7.6091,7.6091,7.6091,7.6091,7.6091,7.6091,7.6091,7.6091,7.6091,7.6091,7.6091,7.6091,7.6091,7.6091,7.6091,7.6091,7.6091,7.6091,7.6091,7.6091,7.6091,7.6091,7.6091,7.6091,7.6091,7.6091,7.6091,7.6091,7.6091,7.6091,7.6091,7.6091,7.6091,7.6091,7.6091,7.6091,7.6091,7.6091,7.6091,7.6091,7.6091,7.6091,7.6091,7.6091,7.6091,7.6091,7.6091,7.6091,7.6091,7.6091,7.6091,7.6091,7.6091,7.6091,7.6091,7.6091,7.6091,7.6091,7.6091,7.6091,7.6091,7.6091,7.6091,7.6091,7.6091,7.6091,7.6091,7.6091,7.6091,7.6091,7.6091,7.6091,7.6091,7.6091,7.6091,7.6091,7.6091,7.6091,7.6091,7.6091,7.6091,7.6091,7.6091,7.6091,7.6091,7.6091,7.6091,7.6091,7.6091,7.6091,7.6091,7.6091,7.6091,7.6091,7.6091,7.6091,7.6091,7.6091,7.6091,7.6091,7.6091,7.6091,7.6091,7.6091,7.6091,7.6091,7.6091,7.6091,7.6091,7.6091,7.6091,7.6091,7.6091,7.6091,7.6091,7.6091,7.6091,7.6091,7.6091,7.6091,7.6091,7.6091,7.6091,7.6091,7.6091,7.6091,7.6091,7.6091,7.6091,7.6091,7.6091,7.6091,7.6091,7.6091,7.6091,7.6091,7.6091,7.6091,7.6091,7.6091,7.6091,7.6091,7.6091,7.6091,7.6091,7.6091,7.6091,7.6091,7.6091,7.6091,7.6091,7.6091,7.6091,7.6091,7.6091,7.6091,7.6091,7.6091,7.6091,7.6091,7.6091,7.6091,7.6091,7.6091,7.6091,7.6091,7.6091,7.6091,7.6091,7.6091,7.6091,7.6091,7.6091,7.6091,7.6091,7.6091,7.6091,7.6091,7.6091,7.6091,7.6091,7.6091,7.6091,7.6091,7.6091,7.6091,7.6091,7.6091,7.6091,7.6091,7.6091,7.6091,7.6091,7.6091,7.6091,7.6091,7.6091,7.6091,7.6091,7.6091,7.6091,7.6091,7.6091,7.6091,7.6091,7.6091,7.6091,7.6091,7.6091,7.6091,7.6091,7.6091,7.6091,7.6091,7.6091,7.6091,7.6091,7.6091,7.6091,7.6091,7.6091,7.6091,7.6091,7.6091,7.6091,7.6091,7.6091,7.6091,7.6091,7.6091,7.6091,7.6091,7.6091,7.6091,7.6091,7.6091,7.6091,7.6091,7.6091,7.6091,7.6091,7.6091,7.6091,7.6091,7.6091,7.6091,7.6091,7.6091,7.6091,7.6091,7.6091,7.6091,7.6091,7.6091,7.6091,7.6091,7.6091,7.6091,7.6091,7.6091,7.6091,7.6091,7.6091,7.6091,7.6091,7.6091,7.6091,7.6091,7.6091,7.6091,7.6091,7.6091,7.6091,7.6091,7.6091,7.6091,7.6091,7.6091,7.6091,7.6091,7.6091,6.1444,6.0371,6.0315,6.0258,6.0204,6.0148,6.0092,6.0039,5.9979,5.9923,5.9870,5.9814,5.9759,5.9704,5.9648,5.9593,5.9538,5.9484,5.9429,5.9406,5.9404,5.9402,5.9399,5.9397,5.9397,5.9395,5.9393,5.9391,5.9389,5.9387,5.9385,5.9383,5.9381,5.9378,5.9376,5.9376,5.9374,5.9372,5.9372,5.9368,5.9366,5.9364,5.9360,5.9357,5.9355,5.9351,5.9349,5.9378,5.9408,5.9439,5.9471,5.9500,5.9532,5.9562,5.9593,5.9623,5.9655,5.9684,5.9714,5.9744,5.9776,5.9806,5.9835,5.9867,5.9899,5.9946,5.9996,6.0041,6.0088,6.0133,6.0181,6.0228,6.0273,6.0321,6.0369,6.0417,6.0462,6.0510,6.0595,6.0681,6.0771,6.0857,6.0943,6.1029,6.1116,6.1200,6.1288,6.1375,6.1462,6.1548,6.1636,6.1725,6.1813,6.1909,6.2005,6.2103,6.2200,6.2297,6.2396,6.2494,6.2594,6.2692,6.2788,6.2885,6.2979,6.3076,6.3173,6.3273,6.3374,6.3469,6.3580,6.3693,6.3807,6.3921,6.4033,6.4151,6.4261,6.4382,6.4498,6.4615,6.4734,6.4849,6.4975,6.5091,6.5219,6.5356,6.5504,6.5661,6.5810,6.5962,6.6108,6.6267,6.6411,6.6577,7.6091,7.6091,7.6091,7.6091,7.6091,7.6091,7.6091,7.6091,7.6091,7.6091,7.6091,7.6091,7.6091,7.6091,7.6091,7.6091,7.6091,7.6091,7.6091,7.6091,7.6091,7.6091,7.6091,7.6091,7.6091,7.6091,7.6091,7.6091,7.6091,7.6091,7.6091,7.6091,7.6091,7.6091,7.6091,7.6091,7.6091,7.6091,7.6091,7.6091,7.6091,7.6091,7.6091,7.6091,7.6091,7.6091,7.6091,7.6091,7.6091,7.6091,7.6091,7.6091,7.6091,7.6091,7.6091,7.6091,7.6091,7.6091,7.6091,7.6091,7.6091,7.6091,7.6091,7.6091,7.6091,7.6091,7.6091,7.6091,7.6091,7.6091,7.6091,7.6091,7.6091,7.6091,7.6091,7.6091,7.6091,7.6091,7.6091,7.6091,7.6091,7.6091,7.6091,7.6091,7.6091,7.6091,7.6091,7.6091,7.6091,7.6091,7.6091,7.6091,7.6091,7.6091,7.6091,7.6091,7.6091,7.6091,7.6091,7.6091,7.6091,7.6091,7.6091,7.6091,7.6091,7.6091,7.6091,7.6091,7.6091,7.6091,7.6091,7.6091,7.6091,7.6091,7.6091,7.6091,7.6091,7.6091,7.6091,7.6091,7.6091,7.6091,7.6091,7.6091,7.6091,7.6091,7.6091,7.6091,7.6091,7.6091,7.6091,7.6091,7.6091,7.6091,7.6091,7.6091,7.6091,7.6091,7.6091,7.6091,7.6091,7.6091,7.6091,7.6091,7.6091,7.6091,7.6091,7.6091,7.6091,7.6091,7.6091,7.6091,7.6091,7.6091,7.6091,7.6091,7.6091,7.6091,7.6091,7.6091,7.6091,7.6091,7.6091,7.6091,7.6091,7.6091,7.6091,7.6091,7.6091,7.6091,7.6091,7.6091,7.6091,7.6091,7.6091,7.6091,7.6091,7.6091,7.6091,7.6091,7.6091,7.6091,7.6091,7.6091,7.6091,7.6091,7.6091,7.6091,7.6091,7.6091,7.6091,7.6091,7.6091,7.6091,7.6091,7.6091,7.6091,7.6091,7.6091,7.6091,7.6091,7.6091,7.6091,7.6091,7.6091,7.6091,7.6091,7.6091,7.6091,7.6091,7.6091,7.6091,7.6091,7.6091,7.6091,7.6091,7.6091,7.6091,7.6091,7.6091,7.6091,7.6091,7.6091,7.6091,7.6091,7.6091,7.6091,7.6091,7.6091,7.6091,7.6091,7.6091,7.6091,7.6091,7.6091,7.6091,7.6091,7.6091,7.6091,7.6091,7.6091,7.6091,7.6091,7.6091,7.6091,7.6091,7.6091,7.6091,7.6091,7.6091,7.6091,7.6091,7.6091,7.6091,7.6091,7.6091,7.6091,7.6091,7.6091,7.6091,7.6091,7.6091,7.6091,7.6091,7.6091,7.6091,7.6091,7.6091,7.6091,7.6091,7.6091,7.6091,7.6091,7.6091,7.6091,7.6091,7.6091,7.6091,7.6091,7.6091,7.6091,7.6091,7.6091,7.6091,7.6091,7.6091,7.6091,7.6091,7.6091,7.6091,7.6091,7.6091,7.6091,7.6091,7.6091,7.6091,7.6091,7.6091,7.6091,7.6091,7.6091,7.6091,7.6091,7.6091,7.6091,7.6091,7.6091,7.6091,7.6091,7.6091,7.6091,7.6091,7.6091,7.6091,7.6091,7.6091,7.6091,7.6091,7.6091,7.6091,7.6091,7.6091,7.6091,7.6091,7.6091,7.6091,7.6091,7.6091,7.6091,7.6091,7.6091,7.6091,7.6091,7.6091,7.6091,7.6091,7.6091,7.6091,7.6091,7.6091,7.6091,7.6091,7.6091,7.6091,7.6091,7.6091,7.6091,7.6091,7.6091,7.6091,7.6091,7.6091,7.6091,7.6091,7.6091,7.6091,7.6091,7.6091,7.6091,7.6091,7.6091,7.6091,7.6091,7.6091,7.6091,7.6091,7.6091,7.6091,7.6091,7.6091,7.6091,7.6091,7.6091,7.6091,7.6091,7.6091,7.6091,7.6091,7.6091,7.6091,7.6091,7.6091,7.6091,7.6091,7.6091,7.6091,7.6091,7.6091,7.6091,7.6091,7.6091,7.6091,7.6091,7.6091,7.6091,7.6091,7.6091,7.6091,7.6091,7.6091,7.6091,7.6091,7.6091,7.6091,7.6091,7.6091,7.6091,7.6091,7.6091,7.6091,7.6091,7.6091,7.6091
7.6022,7.6022,7.6022,7.6022,7.6022,7.6022,7.6022,7.6022,7.6022,7.6022,7.6022,7.6022,7.6022,7.6022,7.6022,7.6022,7.6022,7.6022,7.6022,7.6022,7.6022,7.6022,7.6022,7.6022,7.6022,7.6022,7.6022,7.6022,7.6022,7.6022,7.6022,7.6022,7.6022,7.6022,7.6022,7.6022,7.6022,7.6022,7.6022,7.6022,7.6022,7.6022,7.6022,7.6022,7.6022,7.6022,7.6022,7.6022,7.6022,7.6022,7.6022,7.6022,7.6022,7.6022,7.6022,7.6022,7.6022,7.6022,7.6022,7.6022,7.6022,7.6022,7.6022,7.6022,7.6022,7.6022,7.6022,7.6022,7.6022,7.6022,7.6022,7.6022,7.6022,7.6022,7.6022,7.6022,7.6022,7.6022,7.6022,7.6022,7.6022,7.6022,7.6022,7.6022,7.6022,7.6022,7.6022,7.6022,7.6022,7.6022,7.6022,7.6022,7.6022,7.6022,7.6022,7.6022,7.6022,7.6022,7.6022,7.6022,7.6022,7.6022,7.6022,7.6022,7.6022,7.6022,7.6022,7.6022,7.6022,7.6022,7.6022,7.6022,7.6022,7.6022,7.6022,7.6022,7.6022,7.6022,7.6022,7.6022,7.6022,7.6022,7.6022,7.6022,7.6022,7.6022,7.6022,7.6022,7.6022,7.6022,7.6022,7.6022,7.6022,7.6022,7.6022,7.6022,7.6022,7.6022,7.6022,7.6022,7.6022,7.6022,7.6022,7.6022,7.6022,7.6022,7.6022,7.6022,7.6022,7.6022,7.6022,7.6022,7.6022,7.6022,7.6022,7.6022,7.6022,7.6022,7.6022,7.6022,7.6022,7.6022,7.6022,7.6022,7.6022,7.6022,7.6022,7.6022,7.6022,7.6022,7.6022,7.6022,7.6022,7.6022,7.6022,7.6022,7.6022,7.6022,7.6022,7.6022,7.6022,7.6022,7.6022,7.6022,7.6022,7.6022,7.6022,7.6022,7.6022,7.6022,7.6022,7.6022,7.6022,7.6022,7.6022,7.6022,7.6022,7.6022,7.6022,7.6022,7.6022,7.6022,7.6022,7.6022,7.6022,7.6022,7.6022,7.6022,7.6022,7.6022,7.6022,7.6022,7.6022,7.6022,7.6022,7.6022,7.6022,7.6022,7.6022,7.6022,7.6022,7.6022,7.6022,7.6022,7.6022,7.6022,7.6022,7.6022,7.6022,7.6022,7.6022,7.6022,7.6022,7.6022,7.6022,7.6022,7.6022,7.6022,7.6022,7.6022,7.6022,7.6022,7.6022,7.6022,7.6022,7.6022,7.6022,7.6022,7.6022,7.6022,7.6022,7.6022,7.6022,7.6022,7.6022,7.6022,7.6022,7.6022,7.6022,7.6022,7.6022,7.6022,7.6022,7.6022,7.6022,7.6022,7.6022,7.6022,7.6022,7.6022,7.6022,7.6022,7.6022,7.6022,7.6022,7.6022,7.6022,7.6022,7.6022,7.6022,7.6022,7.6022,7.6022,7.6022,7.6022,7.6022,7.6022,7.6022,7.6022,7.6022,7.6022,7.6022,7.6022,7.6022,7.6022,7.6022,7.6022,7.6022,7.6022,7.6022,7.6022,7.6022,7.6022,7.6022,7.6022,7.6022,7.6022,7.6022,7.6022,7.6022,7.6022,7.6022,7.6022,7.6022,7.6022,7.6022,7.6022,7.6022,7.6022,7.6022,7.6022,7.6022,7.6022,7.6022,7.6022,7.6022,7.6022,7.6022,7.6022,7.6022,7.6022,7.6022,7.6022,7.6022,7.6022,7.6022,7.6022,7.6022,7.6022,7.6022,7.6022,7.6022,7.6022,7.6022,7.6022,7.6022,7.6022,7.6022,7.6022,7.6022,7.6022,7.6022,7.6022,7.6022,7.6022,7.6022,7.6022,7.6022,7.6022,7.6022,7.6022,7.6022,7.6022,7.6022,7.6022,7.6022,7.6022,7.6022,7.6022,7.6022,7.6022,7.6022,7.6022,7.6022,7.6022,7.6022,7.6022,7.6022,7.6022,7.6022,7.6022,7.6022,7.6022,7.6022,7.6022,7.6022,7.6022,7.6022,7.6022,7.6022,7.6022,7.6022,7.6022,7.6022,7.6022,7.6022,7.6022,7.6022,7.6022,7.6022,7.6022,7.6022,7.6022,7.6022,7.6022,7.6022,7.6022,7.6022,7.6022,7.6022,7.6022,7.6022,6.1802,6.0747,6.0299,6.0245,6.0189,6.0133,6.0077,6.0024,5.9968,5.9912,5.9857,5.9801,5.9746,5.9691,5.9636,5.9581,5.9526,5.9471,5.9418,5.9374,5.9372,5.9370,5.9368,5.9366,5.9364,5.9362,5.9360,5.9357,5.9355,5.9353,5.9351,5.9349,5.9347,5.9345,5.9343,5.9343,5.9341,5.9341,5.9339,5.9336,5.9336,5.9332,5.9330,5.9326,5.9324,5.9322,5.9318,5.9334,5.9364,5.9395,5.9425,5.9456,5.9488,5.9517,5.9549,5.9579,5.9610,5.9640,5.9670,5.9701,5.9731,5.9761,5.9791,5.9823,5.9852,5.9882,5.9914,5.9961,6.0009,6.0056,6.0103,6.0150,6.0196,6.0243,6.0291,6.0336,6.0384,6.0432,6.0519,6.0606,6.0694,6.0782,6.0870,6.0956,6.1042,6.1129,6.1214,6.1301,6.1388,6.1476,6.1564,6.1650,6.1738,6.1827,6.1923,6.2019,6.2115,6.2214,6.2311,6.2408,6.2508,6.2608,6.2706,6.2802,6.2899,6.2993,6.3090,6.3188,6.3285,6.3386,6.3481,6.3594,6.3708,6.3822,6.3936,6.4050,6.4160,6.4281,6.4397,6.4508,6.4630,6.4742,6.4864,6.4985,6.5106,6.5232,6.5382,6.5527,6.5676,6.5833,6.5978,6.6136,6.6280,6.6429,6.6598,6.6903,7.6022,7.6022,7.6022,7.6022,7.6022,7.6022,7.6022,7.6022,7.6022,7.6022,7.6022,7.6022,7.6022,7.6022,7.6022,7.6022,7.6022,7.6022,7.6022,7.6022,7.6022,7.6022,7.6022,7.6022,7.6022,7.6022,7.6022,7.6022,7.6022,7.6022,7.6022,7.6022,7.6022,7.6022,7.6022,7.6022,7.6022,7.6022,7.6022,7.6022,7.6022,7.6022,7.6022,7.6022,7.6022,7.6022,7.6022,7.6022,7.6022,7.6022,7.6022,7.6022,7.6022,7.6022,7.6022,7.6022,7.6022,7.6022,7.6022,7.6022,7.6022,7.6022,7.6022,7.6022,7.6022,7.6022,7.6022,7.6022,7.6022,7.6022,7.6022,7.6022,7.6022,7.6022,7.6022,7.6022,7.6022,7.6022,7.6022,7.6022,7.6022,7.6022,7.6022,7.6022,7.6022,7.6022,7.6022,7.6022,7.6022,7.6022,7.6022,7.6022,7.6022,7.6022,7.6022,7.6022,7.6022,7.6022,7.6022,7.6022,7.6022,7.6022,7.6022,7.6022,7.6022,7.6022,7.6022,7.6022,7.6022,7.6022,7.6022,7.6022,7.6022,7.6022,7.6022,7.6022,7.6022,7.6022,7.6022,7.6022,7.6022,7.6022,7.6022,7.6022,7.6022,7.6022,7.6022,7.6022,7.6022,7.6022,7.6022,7.6022,7.6022,7.6022,7.6022,7.6022,7.6022,7.6022,7.6022,7.6022,7.6022,7.6022,7.6022,7.6022,7.6022,7.6022,7.6022,7.6022,7.6022,7.6022,7.6022,7.6022,7.6022,7.6022,7.6022,7.6022,7.6022,7.6022,7.6022,7.6022,7.6022,7.6022,7.6022,7.6022,7.6022,7.6022,7.6022,7.6022,7.6022,7.6022,7.6022,7.6022,7.6022,7.6022,7.6022,7.6022,7.6022,7.6022,7.6022,7.6022,7.6022,7.6022,7.6022,7.6022,7.6022,7.6022,7.6022,7.6022,7.6022,7.6022,7.6022,7.6022,7.6022,7.6022,7.6022,7.6022,7.6022,7.6022,7.6022,7.6022,7.6022,7.6022,7.6022,7.6022,7.6022,7.6022,7.6022,7.6022,7.6022,7.6022,7.6022,7.6022,7.6022,7.6022,7.6022,7.6022,7.6022,7.6022,7.6022,7.6022,7.6022,7.6022,7.6022,7.6022,7.6022,7.6022,7.6022,7.6022,7.6022,7.6022,7.6022,7.6022,7.6022,7.6022,7.6022,7.6022,7.6022,7.6022,7.6022,7.6022,7.6022,7.6022,7.6022,7.6022,7.6022,7.6022,7.6022,7.6022,7.6022,7.6022,7.6022,7.6022,7.6022,7.6022,7.6022,7.6022,7.6022,7.6022,7.6022,7.6022,7.6022,7.6022,7.6022,7.6022,7.6022,7.6022,7.6022,7.6022,7.6022,7.6022,7.6022,7.6022,7.6022,7.6022,7.6022,7.6022,7.6022,7.6022,7.6022,7.6022,7.6022,7.6022,7.6022,7.6022,7.6022,7.6022,7.6022,7.6022,7.6022,7.6022,7.6022,7.6022,7.6022,7.6022,7.6022,7.6022,7.6022,7.6022,7.6022,7.6022,7.6022,7.6022,7.6022,7.6022,7.6022,7.6022,7.6022,7.6022,7.6022,7.6022,7.6022,7.6022,7.6022,7.6022,7.6022,7.6022,7.6022,7.6022,7.6022,7.6022,7.6022,7.6022,7.6022,7.6022,7.6022,7.6022,7.6022,7.6022,7.6022,7.6022,7.6022,7.6022,7.6022,7.6022,7.6022,7.6022,7.6022,7.6022,7.6022,7.6022,7.6022,7.6022,7.6022,7.6022,7.6022,7.6022,7.6022,7.6022,7.6022,7.6022,7.6022,7.6022,7.6022,7.6022,7.6022,7.6022,7.6022,7.6022,7.6022,7.6022,7.6022,7.6022,7.6022,7.6022,7.6022,7.6022,7.6022,7.6022,7.6022,7.6022,7.6022,7.6022,7.6022,7.6022,7.6022,7.6022,7.6022,7.6022,7.6022,7.6022,7.6022,7.6022,7.6022,7.6022,7.6022,7.6022,7.6022,7.6022,7.6022,7.6022,7.6022,7.6022,7.6022,7.6022,7.6022,7.6022,7.6022,7.6022,7.6022,7.6022,7.6022,7.6022,7.6022,7.6022,7.6022,7.6022,7.6022,7.6022,7.6022,7.6022,7.6022,7.6022
7.5957,7.5957,7.5957,7.5957,7.5957,7.5957,7.5957,7.5957,7.5957,7.5957,7.5957,7.5957,7.5957,7.5957,7.5957,7.5957,7.5957,7.5957,7.5957,7.5957,7.5957,7.5957,7.5957,7.5957,7.5957,7.5957,7.5957,7.5957,7.5957,7.5957,7.5957,7.5957,7.5957,7.5957,7.5957,7.5957,7.5957,7.5957,7.5957,7.5957,7.5957,7.5957,7.5957,7.5957,7.5957,7.5957,7.5957,7.5957,7.5957,7.5957,7.5957,7.5957,7.5957,7.5957,7.5957,7.5957,7.5957,7.5957,7.5957,7.5957,7.5957,7.5957,7.5957,7.5957,7.5957,7.5957,7.5957,7.5957,7.5957,7.5957,7.5957,7.5957,7.5957,7.5957,7.5957,7.5957,7.5957,7.5957,7.5957,7.5957,7.5957,7.5957,7.5957,7.5957,7.5957,7.5957,7.5957,7.5957,7.5957,7.5957,7.5957,7.5957,7.5957,7.5957,7.5957,7.5957,7.5957,7.5957,7.5957,7.5957,7.5957,7.5957,7.5957,7.5957,7.5957,7.5957,7.5957,7.5957,7.5957,7.5957,7.5957,7.5957,7.5957,7.5957,7.5957,7.5957,7.5957,7.5957,7.5957,7.5957,7.5957,7.5957,7.5957,7.5957,7.5957,7.5957,7.5957,7.5957,7.5957,7.5957,7.5957,7.5957,7.5957,7.5957,7.5957,7.5957,7.5957,7.5957,7.5957,7.5957,7.5957,7.5957,7.5957,7.5957,7.5957,7.5957,7.5957,7.5957,7.5957,7.5957,7.5957,7.5957,7.5957,7.5957,7.5957,7.5957,7.5957,7.5957,7.5957,7.5957,7.5957,7.5957,7.5957,7.5957,7.5957,7.5957,7.5957,7.5957,7.5957,7.5957,7.5957,7.5957,7.5957,7.5957,7.5957,7.5957,7.5957,7.5957,7.5957,7.5957,7.5957,7.5957,7.5957,7.5957,7.5957,7.5957,7.5957,7.5957,7.5957,7.5957,7.5957,7.5957,7.5957,7.5957,7.5957,7.5957,7.5957,7.5957,7.5957,7.5957,7.5957,7.5957,7.5957,7.5957,7.5957,7.5957,7.5957,7.5957,7.5957,7.5957,7.5957,7.5957,7.5957,7.5957,7.5957,7.5957,7.5957,7.5957,7.5957,7.5957,7.5957,7.5957,7.5957,7.5957,7.5957,7.5957,7.5957,7.5957,7.5957,7.5957,7.5957,7.5957,7.5957,7.5957,7.5957,7.5957,7.5957,7.5957,7.5957,7.5957,7.5957,7.5957,7.5957,7.5957,7.5957,7.5957,7.5957,7.5957,7.5957,7.5957,7.5957,7.5957,7.5957,7.5957,7.5957,7.5957,7.5957,7.5957,7.5957,7.5957,7.5957,7.5957,7.5957,7.5957,7.5957,7.5957,7.5957,7.5957,7.5957,7.5957,7.5957,7.5957,7.5957,7.5957,7.5957,7.5957,7.5957,7.5957,7.5957,7.5957,7.5957,7.5957,7.5957,7.5957,7.5957,7.5957,7.5957,7.5957,7.5957,7.5957,7.5957,7.5957,7.5957,7.5957,7.5957,7.5957,7.5957,7.5957,7.5957,7.5957,7.5957,7.5957,7.5957,7.5957,7.5957,7.5957,7.5957,7.5957,7.5957,7.5957,7.5957,7.5957,7.5957,7.5957,7.5957,7.5957,7.5957,7.5957,7.5957,7.5957,7.5957,7.5957,7.5957,7.5957,7.5957,7.5957,7.5957,7.5957,7.5957,7.5957,7.5957,7.5957,7.5957,7.5957,7.5957,7.5957,7.5957,7.5957,7.5957,7.5957,7.5957,7.5957,7.5957,7.5957,7.5957,7.5957,7.5957,7.5957,7.5957,7.5957,7.5957,7.5957,7.5957,7.5957,7.5957,7.5957,7.5957,7.5957,7.5957,7.5957,7.5957,7.5957,7.5957,7.5957,7.5957,7.5957,7.5957,7.5957,7.5957,7.5957,7.5957,7.5957,7.5957,7.5957,7.5957,7.5957,7.5957,7.5957,7.5957,7.5957,7.5957,7.5957,7.5957,7.5957,7.5957,7.5957,7.5957,7.5957,7.5957,7.5957,7.5957,7.5957,7.5957,7.5957,7.5957,7.5957,7.5957,7.5957,7.5957,7.5957,7.5957,7.5957,7.5957,7.5957,7.5957,7.5957,7.5957,7.5957,7.5957,7.5957,7.5957,7.5957,6.1129,6.0286,6.0230,6.0174,6.0118,6.0067,6.0009,5.9953,5.9897,5.9842,5.9789,5.9733,5.9678,5.9623,5.9570,5.9515,5.9460,5.9406,5.9351,5.9339,5.9336,5.9334,5.9332,5.9330,5.9328,5.9326,5.9326,5.9324,5.9322,5.9320,5.9318,5.9316,5.9313,5.9311,5.9309,5.9307,5.9307,5.9305,5.9303,5.9303,5.9301,5.9299,5.9297,5.9292,5.9290,5.9288,5.9288,5.9320,5.9351,5.9381,5.9412,5.9441,5.9473,5.9503,5.9534,5.9566,5.9595,5.9625,5.9657,5.9687,5.9716,5.9746,5.9778,5.9808,5.9838,5.9870,5.9899,5.9931,5.9979,6.0026,6.0073,6.0118,6.0166,6.0213,6.0258,6.0306,6.0358,6.0445,6.0532,6.0619,6.0705,6.0795,6.0883,6.0969,6.1056,6.1142,6.1229,6.1314,6.1402,6.1489,6.1577,6.1663,6.1752,6.1840,6.1934,6.2032,6.2129,6.2225,6.2325,6.2422,6.2522,6.2622,6.2720,6.2817,6.2913,6.3007,6.3105,6.3202,6.3300,6.3398,6.3496,6.3609,6.3722,6.3836,6.3950,6.4067,6.4175,6.4296,6.4407,6.4528,6.4645,6.4757,6.4877,6.5002,6.5126,6.5255,6.5402,6.5553,6.5697,6.5854,6.6001,6.6152,6.6301,6.6453,6.6614,6.6799,7.5957,7.5957,7.5957,7.5957,7.5957,7.5957,7.5957,7.5957,7.5957,7.5957,7.5957,7.5957,7.5957,7.5957,7.5957,7.5957,7.5957,7.5957,7.5957,7.5957,7.5957,7.5957,7.5957,7.5957,7.5957,7.5957,7.5957,7.5957,7.5957,7.5957,7.5957,7.5957,7.5957,7.5957,7.5957,7.5957,7.5957,7.5957,7.5957,7.5957,7.5957,7.5957,7.5957,7.5957,7.5957,7.5957,7.5957,7.5957,7.5957,7.5957,7.5957,7.5957,7.5957,7.5957,7.5957,7.5957,7.5957,7.5957,7.5957,7.5957,7.5957,7.5957,7.5957,7.5957,7.5957,7.5957,7.5957,7.5957,7.5957,7.5957,7.5957,7.5957,7.5957,7.5957,7.5957,7.5957,7.5957,7.5957,7.5957,7.5957,7.5957,7.5957,7.5957,7.5957,7.5957,7.5957,7.5957,7.5957,7.5957,7.5957,7.5957,7.5957,7.5957,7.5957,7.5957,7.5957,7.5957,7.5957,7.5957,7.5957,7.5957,7.5957,7.5957,7.5957,7.5957,7.5957,7.5957,7.5957,7.5957,7.5957,7.5957,7.5957,7.5957,7.5957,7.5957,7.5957,7.5957,7.5957,7.5957,7.5957,7.5957,7.5957,7.5957,7.5957,7.5957,7.5957,7.5957,7.5957,7.5957,7.5957,7.5957,7.5957,7.5957,7.5957,7.5957,7.5957,7.5957,7.5957,7.5957,7.5957,7.5957,7.5957,7.5957,7.5957,7.5957,7.5957,7.5957,7.5957,7.5957,7.5957,7.5957,7.5957,7.5957,7.5957,7.5957,7.5957,7.5957,7.5957,7.5957,7.5957,7.5957,7.5957,7.5957,7.5957,7.5957,7.5957,7.5957,7.5957,7.5957,7.5957,7.5957,7.5957,7.5957,7.5957,7.5957,7.5957,7.5957,7.5957,7.5957,7.5957,7.5957,7.5957,7.5957,7.5957,7.5957,7.5957,7.5957,7.5957,7.5957,7.5957,7.5957,7.5957,7.5957,7.5957,7.5957,7.5957,7.5957,7.5957,7.5957,7.5957,7.5957,7.5957,7.5957,7.5957,7.5957,7.5957,7.5957,7.5957,7.5957,7.5957,7.5957,7.5957,7.5957,7.5957,7.5957,7.5957,7.5957,7.5957,7.5957,7.5957,7.5957,7.5957,7.5957,7.5957,7.5957,7.5957,7.5957,7.5957,7.5957,7.5957,7.5957,7.5957,7.5957,7.5957,7.5957,7.5957,7.5957,7.5957,7.5957,7.5957,7.5957,7.5957,7.5957,7.5957,7.5957,7.5957,7.5957,7.5957,7.5957,7.5957,7.5957,7.5957,7.5957,7.5957,7.5957,7.5957,7.5957,7.5957,7.5957,7.5957,7.5957,7.5957,7.5957,7.5957,7.5957,7.5957,7.5957,7.5957,7.5957,7.5957,7.5957,7.5957,7.5957,7.5957,7.5957,7.5957,7.5957,7.5957,7.5957,7.5957,7.5957,7.5957,7.5957,7.5957,7.5957,7.5957,7.5957,7.5957,7.5957,7.5957,7.5957,7.5957,7.5957,7.5957,7.5957,7.5957,7.5957,7.5957,7.5957,7.5957,7.5957,7.5957,7.5957,7.5957,7.5957,7.5957,7.5957,7.5957,7.5957,7.5957,7.5957,7.5957,7.5957,7.5957,7.5957,7.5957,7.5957,7.5957,7.5957,7.5957,7.5957,7.5957,7.5957,7.5957,7.5957,7.5957,7.5957,7.5957,7.5957,7.5957,7.5957,7.5957,7.5957,7.5957,7.5957,7.5957,7.5957,7.5957,7.5957,7.5957,7.5957,7.5957,7.5957,7.5957,7.5957,7.5957,7.5957,7.5957,7.5957,7.5957,7.5957,7.5957,7.5957,7.5957,7.5957,7.5957,7.5957,7.5957,7.5957,7.5957,7.5957,7.5957,7.5957,7.5957,7.5957,7.5957,7.5957,7.5957,7.5957,7.5957,7.5957,7.5957,7.5957,7.5957,7.5957,7.5957,7.5957,7.5957,7.5957,7.5957,7.5957,7.5957,7.5957,7.5957,7.5957,7.5957,7.5957,7.5957,7.5957,7.5957,7.5957,7.5957,7.5957,7.5957,7.5957,7.5957,7.5957,7.5957,7.5957,7.5957,7.5957,7.5957,7.5957,7.5957,7.5957,7.5957,7.5957,7.5957,7.5957,7.5957,7.5957,7.5957
7.5898,7.5898,7.5898,7.5898,7.5898,7.5898,7.5898,7.5898,7.5898,7.5898,7.5898,7.5898,7.5898,7.5898,7.5898,7.5898,7.5898,7.5898,7.5898,7.5898,7.5898,7.5898,7.5898,7.5898,7.5898,7.5898,7.5898,7.5898,7.5898,7.5898,7.5898,7.5898,7.5898,7.5898,7.5898,7.5898,7.5898,7.5898,7.5898,7.5898,7.5898,7.5898,7.5898,7.5898,7.5898,7.5898,7.5898,7.5898,7.5898,7.5898,7.5898,7.5898,7.5898,7.5898,7.5898,7.5898,7.5898,7.5898,7.5898,7.5898,7.5898,7.5898,7.5898,7.5898,7.5898,7.5898,7.5898,7.5898,7.5898,7.5898,7.5898,7.5898,7.5898,7.5898,7.5898,7.5898,7.5898,7.5898,7.5898,7.5898,7.5898,7.5898,7.5898,7.5898,7.5898,7.5898,7.5898,7.5898,7.5898,7.5898,7.5898,7.5898,7.5898,7.5898,7.5898,7.5898,7.5898,7.5898,7.5898,7.5898,7.5898,7.5898,7.5898,7.5898,7.5898,7.5898,7.5898,7.5898,7.5898,7.5898,7.5898,7.5898,7.5898,7.5898,7.5898,7.5898,7.5898,7.5898,7.5898,7.5898,7.5898,7.5898,7.5898,7.5898,7.5898,7.5898,7.5898,7.5898,7.5898,7.5898,7.5898,7.5898,7.5898,7.5898,7.5898,7.5898,7.5898,7.5898,7.5898,7.5898,7.5898,7.5898,7.5898,7.5898,7.5898,7.5898,7.5898,7.5898,7.5898,7.5898,7.5898,7.5898,7.5898,7.5898,7.5898,7.5898,7.5898,7.5898,7.5898,7.5898,7.5898,7.5898,7.5898,7.5898,7.5898,7.5898,7.5898,7.5898,7.5898,7.5898,7.5898,7.5898,7.5898,7.5898,7.5898,7.5898,7.5898,7.5898,7.5898,7.5898,7.5898,7.5898,7.5898,7.5898,7.5898,7.5898,7.5898,7.5898,7.5898,7.5898,7.5898,7.5898,7.5898,7.5898,7.5898,7.5898,7.5898,7.5898,7.5898,7.5898,7.5898,7.5898,7.5898,7.5898,7.5898,7.5898,7.5891,7.5891,7.5891,7.5891,7.5891,7.5891,7.5891,7.5891,7.5891,7.5891,7.5891,7.5891,7.5891,7.5891,7.5891,7.5891,7.5891,7.5891,7.5891,7.5891,7.5891,7.5891,7.5891,7.5891,7.5891,7.5891,7.5891,7.5891,7.5891,7.5891,7.5891,7.5891,7.5891,7.5891,7.5891,7.5891,7.5891,7.5891,7.5891,7.5891,7.5891,7.5891,7.5891,7.5891,7.5891,7.5891,7.5891,7.5891,7.5891,7.5891,7.5891,7.5891,7.5891,7.5891,7.5891,7.5891,7.5891,7.5891,7.5891,7.5891,7.5891,7.5891,7.5891,7.5891,7.5891,7.5891,7.5891,7.5891,7.5891,7.5891,7.5891,7.5891,7.5891,7.5891,7.5891,7.5891,7.5891,7.5891,7.5891,7.5891,7.5891,7.5891,7.5891,7.5891,7.5891,7.5891,7.5891,7.5891,7.5891,7.5891,7.5891,7.5891,7.5891,7.5891,7.5891,7.5891,7.5891,7.5891,7.5891,7.5891,7.5891,7.5891,7.5891,7.5891,7.5891,7.5891,7.5891,7.5891,7.5891,7.5891,7.5891,7.5891,7.5891,7.5891,7.5891,7.5891,7.5891,7.5891,7.5891,7.5891,7.5891,7.5891,7.5891,7.5891,7.5891,7.5891,7.5891,7.5891,7.5891,7.5891,7.5891,7.5891,7.5891,7.5891,7.5891,7.5891,7.5891,7.5891,7.5891,7.5891,7.5891,7.5891,7.5891,7.5891,7.5891,7.5891,7.5891,7.5891,7.5891,7.5891,7.5891,7.5891,7.5891,7.5891,7.5891,7.5891,7.5891,7.5891,7.5891,7.5891,7.5891,7.5891,7.5891,7.5891,7.5891,7.5891,7.5891,7.5891,7.5891,7.5891,7.5891,7.5891,7.5891,7.5891,7.5891,7.5891,7.5891,7.5891,7.5891,7.5891,7.5891,7.5891,7.5891,7.5891,7.5891,7.5891,7.5891,7.5891,7.5891,7.5891,7.5891,7.5891,7.5891,7.5891,7.5891,7.5891,7.5891,7.5891,7.5891,7.5891,7.5891,7.5891,7.5891,7.5891,7.5891,6.1507,6.0417,6.0215,6.0159,6.0105,6.0049,5.9994,5.9936,5.9882,5.9827,5.9772,5.9716,5.9663,5.9608,5.9553,5.9498,5.9446,5.9391,5.9336,5.9305,5.9303,5.9303,5.9301,5.9299,5.9297,5.9295,5.9292,5.9290,5.9288,5.9286,5.9284,5.9282,5.9280,5.9278,5.9276,5.9276,5.9274,5.9272,5.9272,5.9269,5.9267,5.9267,5.9265,5.9263,5.9259,5.9257,5.9255,5.9276,5.9305,5.9336,5.9366,5.9397,5.9429,5.9458,5.9490,5.9519,5.9551,5.9581,5.9612,5.9642,5.9672,5.9704,5.9733,5.9763,5.9793,5.9825,5.9855,5.9884,5.9917,5.9946,5.9996,6.0041,6.0088,6.0135,6.0181,6.0228,6.0284,6.0369,6.0456,6.0543,6.0630,6.0718,6.0806,6.0896,6.0983,6.1069,6.1156,6.1243,6.1328,6.1415,6.1503,6.1591,6.1679,6.1765,6.1854,6.1948,6.2044,6.2142,6.2239,6.2336,6.2436,6.2536,6.2636,6.2734,6.2831,6.2927,6.3022,6.3119,6.3216,6.3314,6.3412,6.3510,6.3623,6.3737,6.3851,6.3965,6.4077,6.4190,6.4305,6.4426,6.4543,6.4659,6.4772,6.4892,6.5017,6.5133,6.5270,6.5425,6.5573,6.5725,6.5874,6.6017,6.6170,6.6317,6.6469,6.6638,6.6815,7.5891,7.5891,7.5891,7.5891,7.5891,7.5891,7.5891,7.5891,7.5891,7.5891,7.5891,7.5891,7.5891,7.5891,7.5891,7.5891,7.5891,7.5891,7.5891,7.5891,7.5891,7.5891,7.5891,7.5891,7.5891,7.5891,7.5891,7.5891,7.5891,7.5891,7.5891,7.5891,7.5891,7.5891,7.5891,7.5891,7.5891,7.5891,7.5891,7.5891,7.5891,7.5891,7.5891,7.5891,7.5891,7.5891,7.5891,7.5891,7.5891,7.5891,7.5891,7.5891,7.5891,7.5891,7.5891,7.5891,7.5891,7.5891,7.5891,7.5891,7.5891,7.5891,7.5891,7.5891,7.5891,7.5891,7.5891,7.5891,7.5891,7.5891,7.5891,7.5891,7.5891,7.5891,7.5891,7.5891,7.5891,7.5891,7.5891,7.5891,7.5891,7.5891,7.5891,7.5891,7.5891,7.5891,7.5891,7.5891,7.5891,7.5891,7.5891,7.5891,7.5891,7.5891,7.5891,7.5891,7.5891,7.5891,7.5891,7.5891,7.5891,7.5891,7.5891,7.5891,7.5891,7.5891,7.5891,7.5891,7.5891,7.5891,7.5891,7.5891,7.5891,7.5891,7.5891,7.5891,7.5891,7.5891,7.5891,7.5891,7.5891,7.5891,7.5891,7.5891,7.5891,7.5891,7.5891,7.5891,7.5891,7.5891,7.5891,7.5891,7.5891,7.5891,7.5891,7.5891,7.5891,7.5891,7.5891,7.5891,7.5891,7.5891,7.5891,7.5891,7.5891,7.5891,7.5891,7.5891,7.5891,7.5891,7.5891,7.5891,7.5891,7.5891,7.5891,7.5891,7.5891,7.5891,7.5891,7.5891,7.5891,7.5891,7.5891,7.5891,7.5891,7.5891,7.5891,7.5891,7.5891,7.5891,7.5891,7.5891,7.5891,7.5891,7.5891,7.5891,7.5891,7.5891,7.5891,7.5891,7.5891,7.5891,7.5891,7.5891,7.5891,7.5891,7.5891,7.5891,7.5891,7.5891,7.5891,7.5891,7.5891,7.5891,7.5891,7.5891,7.5891,7.5891,7.5891,7.5891,7.5891,7.5891,7.5891,7.5891,7.5891,7.5891,7.5891,7.5891,7.5891,7.5891,7.5891,7.5891,7.5891,7.5891,7.5891,7.5891,7.5891,7.5891,7.5891,7.5891,7.5891,7.5891,7.5891,7.5891,7.5891,7.5891,7.5891,7.5891,7.5891,7.5891,7.5891,7.5891,7.5891,7.5891,7.5891,7.5891,7.5891,7.5891,7.5891,7.5891,7.5891,7.5891,7.5891,7.5891,7.5891,7.5891,7.5891,7.5891,7.5891,7.5891,7.5891,7.5891,7.5891,7.5891,7.5891,7.5891,7.5891,7.5891,7.5891,7.5891,7.5891,7.5891,7.5891,7.5891,7.5891,7.5891,7.5891,7.5891,7.5891,7.5891,7.5891,7.5891,7.5891,7.5891,7.5891,7.5891,7.5891,7.5891,7.5891,7.5891,7.5891,7.5891,7.5891,7.5891,7.5891,7.5891,7.5891,7.5891,7.5891,7.5891,7.5891,7.5891,7.5891,7.5891,7.5891,7.5891,7.5891,7.5891,7.5891,7.5891,7.5891,7.5891,7.5891,7.5891,7.5891,7.5891,7.5891,7.5891,7.5891,7.5891,7.5891,7.5891,7.5891,7.5891,7.5891,7.5891,7.5891,7.5891,7.5891,7.5891,7.5891,7.5891,7.5891,7.5891,7.5891,7.5891,7.5891,7.5891,7.5891,7.5891,7.5891,7.5891,7.5891,7.5891,7.5891,7.5891,7.5891,7.5891,7.5891,7.5891,7.5891,7.5891,7.5891,7.5891,7.5891,7.5891,7.5891,7.5891,7.5891,7.5891,7.5891,7.5891,7.5891,7.5891,7.5891,7.5891,7.5891,7.5891,7.5891,7.5891,7.5891,7.5891,7.5891,7.5891,7.5891,7.5891,7.5891,7.5891,7.5891,7.5891,7.5891,7.5891,7.5891,7.5891,7.5891,7.5891,7.5891,7.5891,7.5891,7.5891,7.5891,7.5891,7.5891,7.5891,7.5891,7.5891,7.5891,7.5891,7.5891,7.5891,7.5891,7.5891,7.5891,7.5891,7.5891,7.5891,7.5891,7.5891,7.5891,7.5891,7.5891,7.5891,7.5891,7.5891,7.5891,7.5891,7.5891,7.5891,7.5891,7.5891,7.5891,7.5891
7.5830,7.5830,7.5830,7.5830,7.5830,7.5830,7.5830,7.5830,7.5830,7.5830,7.5830,7.5830,7.5830,7.5830,7.5830,7.5830,7.5830,7.5830,7.5830,7.5830,7.5830,7.5830,7.5830,7.5830,7.5830,7.5830,7.5830,7.5830,7.5830,7.5830,7.5830,7.5830,7.5830,7.5830,7.5830,7.5830,7.5830,7.5830,7.5830,7.5830,7.5830,7.5830,7.5830,7.5830,7.5830,7.5830,7.5830,7.5830,7.5830,7.5830,7.5830,7.5830,7.5830,7.5830,7.5830,7.5830,7.5830,7.5830,7.5830,7.5830,7.5830,7.5830,7.5830,7.5830,7.5830,7.5830,7.5830,7.5830,7.5830,7.5830,7.5830,7.5830,7.5830,7.5830,7.5830,7.5830,7.5830,7.5830,7.5830,7.5830,7.5830,7.5830,7.5830,7.5830,7.5830,7.5830,7.5830,7.5830,7.5830,7.5830,7.5830,7.5830,7.5830,7.5830,7.5830,7.5830,7.5830,7.5830,7.5830,7.5830,7.5830,7.5830,7.5830,7.5830,7.5830,7.5830,7.5830,7.5830,7.5830,7.5830,7.5830,7.5830,7.5830,7.5830,7.5830,7.5830,7.5830,7.5830,7.5830,7.5830,7.5830,7.5830,7.5830,7.5830,7.5830,7.5830,7.5830,7.5830,7.5830,7.5830,7.5830,7.5830,7.5830,7.5830,7.5830,7.5830,7.5830,7.5830,7.5830,7.5830,7.5830,7.5830,7.5830,7.5830,7.5830,7.5830,7.5830,7.5830,7.5830,7.5830,7.5830,7.5830,7.5830,7.5830,7.5830,7.5830,7.5830,7.5830,7.5830,7.5830,7.5830,7.5830,7.5830,7.5830,7.5830,7.5830,7.5830,7.5830,7.5830,7.5830,7.5830,7.5830,7.5830,7.5830,7.5830,7.5830,7.5830,7.5830,7.5830,7.5830,7.5830,7.5830,7.5830,7.5830,7.5830,7.5830,7.5830,7.5830,7.5830,7.5830,7.5830,7.5830,7.5830,7.5830,7.5830,7.5830,7.5830,7.5830,7.5830,7.5830,7.5830,7.5830,7.5830,7.5830,7.5830,7.5830,7.5830,7.5830,7.5830,7.5830,7.5830,7.5830,7.5830,7.5830,7.5830,7.5830,7.5830,7.5830,7.5830,7.5830,7.5830,7.5830,7.5830,7.5830,7.5830,7.5830,7.5830,7.5830,7.5830,7.5830,7.5830,7.5830,7.5830,7.5830,7.5830,7.5830,7.5830,7.5830,7.5830,7.5830,7.5830,7.5830,7.5830,7.5830,7.5830,7.5830,7.5830,7.5830,7.5830,7.5830,7.5830,7.5830,7.5830,7.5830,7.5830,7.5830,7.5830,7.5830,7.5830,7.5830,7.5830,7.5830,7.5830,7.5830,7.5830,7.5830,7.5830,7.5830,7.5830,7.5830,7.5830,7.5830,7.5830,7.5830,7.5830,7.5830,7.5830,7.5830,7.5830,7.5830,7.5830,7.5830,7.5830,7.5830,7.5830,7.5830,7.5830,7.5830,7.5830,7.5830,7.5830,7.5830,7.5830,7.5830,7.5830,7.5830,7.5830,7.5830,7.5830,7.5830,7.5830,7.5830,7.5830,7.5830,7.5830,7.5830,7.5830,7.5830,7.5830,7.5830,7.5830,7.5830,7.5830,7.5830,7.5830,7.5830,7.5830,7.5830,7.5830,7.5830,7.5830,7.5830,7.5830,7.5830,7.5830,7.5830,7.5830,7.5830,7.5830,7.5830,7.5830,7.5830,7.5830,7.5830,7.5830,7.5830,7.5830,7.5830,7.5830,7.5830,7.5830,7.5830,7.5830,7.5830,7.5830,7.5830,7.5830,7.5830,7.5830,7.5830,7.5830,7.5830,7.5830,7.5830,7.5830,7.5830,7.5830,7.5830,7.5830,7.5830,7.5830,7.5830,7.5830,7.5830,7.5830,7.5830,7.5830,7.5830,7.5830,7.5830,7.5830,7.5830,7.5830,7.5830,7.5830,7.5830,7.5830,7.5830,7.5830,7.5830,7.5830,7.5830,7.5830,7.5830,7.5830,7.5830,7.5830,7.5830,7.5830,7.5830,7.5830,7.5830,7.5830,7.5830,7.5830,7.5830,7.5830,7.5830,7.5830,7.5830,7.5830,7.5830,7.5830,7.5830,7.5830,7.5830,7.5830,7.5830,7.5830,7.5830,7.5830,6.0793,6.0200,6.0146,6.0090,6.0032,5.9976,5.9919,5.9865,5.9810,5.9757,5.9701,5.9646,5.9591,5.9538,5.9484,5.9429,5.9374,5.9322,5.9269,5.9267,5.9267,5.9265,5.9265,5.9263,5.9261,5.9259,5.9257,5.9255,5.9255,5.9253,5.9251,5.9249,5.9246,5.9244,5.9242,5.9240,5.9240,5.9238,5.9236,5.9236,5.9234,5.9232,5.9232,5.9230,5.9228,5.9223,5.9232,5.9261,5.9292,5.9322,5.9353,5.9383,5.9414,5.9444,5.9475,5.9507,5.9536,5.9568,5.9598,5.9627,5.9659,5.9689,5.9718,5.9750,5.9780,5.9810,5.9840,5.9872,5.9902,5.9931,5.9964,6.0011,6.0060,6.0103,6.0150,6.0209,6.0295,6.0382,6.0469,6.0556,6.0643,6.0731,6.0819,6.0910,6.0996,6.1082,6.1169,6.1256,6.1343,6.1429,6.1516,6.1605,6.1693,6.1779,6.1868,6.1961,6.2058,6.2154,6.2253,6.2350,6.2450,6.2550,6.2650,6.2748,6.2845,6.2941,6.3036,6.3133,6.3230,6.3328,6.3426,6.3525,6.3638,6.3751,6.3865,6.3982,6.4092,6.4210,6.4325,6.4441,6.4553,6.4674,6.4787,6.4904,6.5028,6.5154,6.5296,6.5441,6.5594,6.5740,6.5887,6.6038,6.6186,6.6330,6.6492,6.6664,6.6839,6.7018,7.5830,7.5830,7.5830,7.5830,7.5830,7.5830,7.5830,7.5830,7.5830,7.5830,7.5830,7.5830,7.5830,7.5830,7.5830,7.5830,7.5830,7.5830,7.5830,7.5830,7.5830,7.5830,7.5830,7.5830,7.5830,7.5830,7.5830,7.5830,7.5830,7.5830,7.5830,7.5830,7.5830,7.5830,7.5830,7.5830,7.5830,7.5830,7.5830,7.5830,7.5830,7.5830,7.5830,7.5830,7.5830,7.5830,7.5830,7.5830,7.5830,7.5830,7.5830,7.5830,7.5830,7.5830,7.5830,7.5830,7.5830,7.5830,7.5830,7.5830,7.5830,7.5830,7.5830,7.5830,7.5830,7.5830,7.5830,7.5830,7.5830,7.5830,7.5830,7.5830,7.5830,7.5830,7.5830,7.5830,7.5830,7.5830,7.5830,7.5830,7.5830,7.5830,7.5830,7.5830,7.5830,7.5830,7.5830,7.5830,7.5830,7.5830,7.5830,7.5830,7.5830,7.5830,7.5830,7.5830,7.5830,7.5830,7.5830,7.5830,7.5830,7.5830,7.5830,7.5830,7.5830,7.5830,7.5830,7.5830,7.5830,7.5830,7.5830,7.5830,7.5830,7.5830,7.5830,7.5830,7.5830,7.5830,7.5830,7.5830,7.5830,7.5830,7.5830,7.5830,7.5830,7.5830,7.5830,7.5830,7.5830,7.5830,7.5830,7.5830,7.5830,7.5830,7.5830,7.5830,7.5830,7.5830,7.5830,7.5830,7.5830,7.5830,7.5830,7.5830,7.5830,7.5830,7.5830,7.5830,7.5830,7.5830,7.5830,7.5830,7.5830,7.5830,7.5830,7.5830,7.5830,7.5830,7.5830,7.5830,7.5830,7.5830,7.5830,7.5830,7.5830,7.5830,7.5830,7.5830,7.5830,7.5830,7.5830,7.5830,7.5830,7.5830,7.5830,7.5830,7.5830,7.5830,7.5830,7.5830,7.5830,7.5830,7.5830,7.5830,7.5830,7.5830,7.5830,7.5830,7.5830,7.5830,7.5830,7.5830,7.5830,7.5830,7.5830,7.5830,7.5830,7.5830,7.5830,7.5830,7.5830,7.5830,7.5830,7.5830,7.5830,7.5830,7.5830,7.5830,7.5830,7.5830,7.5830,7.5830,7.5830,7.5830,7.5830,7.5830,7.5830,7.5830,7.5830,7.5830,7.5830,7.5830,7.5830,7.5830,7.5830,7.5830,7.5830,7.5830,7.5830,7.5830,7.5830,7.5830,7.5830,7.5830,7.5830,7.5830,7.5830,7.5830,7.5830,7.5830,7.5830,7.5830,7.5830,7.5830,7.5830,7.5830,7.5830,7.5830,7.5830,7.5830,7.5830,7.5830,7.5830,7.5830,7.5830,7.5830,7.5830,7.5830,7.5830,7.5830,7.5830,7.5830,7.5830,7.5830,7.5830,7.5830,7.5830,7.5830,7.5830,7.5830,7.5830,7.5830,7.5830,7.5830,7.5830,7.5830,7.5830,7.5830,7.5830,7.5830,7.5830,7.5830,7.5830,7.5830,7.5830,7.5830,7.5830,7.5830,7.5830,7.5830,7.5830,7.5830,7.5830,7.5830,7.5830,7.5830,7.5830,7.5830,7.5830,7.5830,7.5830,7.5830,7.5830,7.5830,7.5830,7.5830,7.5830,7.5830,7.5830,7.5830,7.5830,7.5830,7.5830,7.5830,7.5830,7.5830,7.5830,7.5830,7.5830,7.5830,7.5830,7.5830,7.5830,7.5830,7.5830,7.5830,7.5830,7.5830,7.5830,7.5830,7.5830,7.5830,7.5830,7.5830,7.5830,7.5830,7.5830,7.5830,7.5830,7.5830,7.5830,7.5830,7.5830,7.5830,7.5830,7.5830,7.5830,7.5830,7.5830,7.5830,7.5830,7.5830,7.5830,7.5830,7.5830,7.5830,7.5830,7.5830,7.5830,7.5830,7.5830,7.5830,7.5830,7.5830,7.5830,7.5830,7.5830,7.5830,7.5830,7.5830,7.5830,7.5830,7.5830,7.5830,7.5830,7.5830,7.5830,7.5830,7.5830,7.5830,7.5830,7.5830,7.5830,7.5830,7.5830,7.5830,7.5830,7.5830,7.5830,7.5830,7.5830,7.5830,7.5830,7.5830,7.5830,7.5830,7.5830,7.5830,7.5830,7.5830,7.5830,7.5830,7.5830,7.5830,7.5830,7.5830,7.5830,7.5830,7.5830,7.5830,7.5830
7.5765,7.5765,7.5765,7.5765,7.5765,7.5765,7.5765,7.5765,7.5765,7.5765,7.5765,7.5765,7.5765,7.5765,7.5765,7.5765,7.5765,7.5765,7.5765,7.5765,7.5765,7.5765,7.5765,7.5765,7.5765,7.5765,7.5765,7.5765,7.5765,7.5765,7.5765,7.5765,7.5765,7.5765,7.5765,7.5765,7.5765,7.5765,7.5765,7.5765,7.5765,7.5765,7.5765,7.5765,7.5765,7.5765,7.5765,7.5765,7.5765,7.5765,7.5765,7.5765,7.5765,7.5765,7.5765,7.5765,7.5765,7.5765,7.5765,7.5765,7.5765,7.5765,7.5765,7.5765,7.5765,7.5765,7.5765,7.5765,7.5765,7.5765,7.5765,7.5765,7.5765,7.5765,7.5765,7.5765,7.5765,7.5765,7.5765,7.5765,7.5765,7.5765,7.5765,7.5765,7.5765,7.5765,7.5765,7.5765,7.5765,7.5765,7.5765,7.5765,7.5765,7.5765,7.5765,7.5765,7.5765,7.5765,7.5765,7.5765,7.5765,7.5765,7.5765,7.5765,7.5765,7.5765,7.5765,7.5765,7.5765,7.5765,7.5765,7.5765,7.5765,7.5765,7.5765,7.5765,7.5765,7.5765,7.5765,7.5765,7.5765,7.5765,7.5765,7.5765,7.5765,7.5765,7.5765,7.5765,7.5765,7.5765,7.5765,7.5765,7.5765,7.5765,7.5765,7.5765,7.5765,7.5765,7.5765,7.5765,7.5765,7.5765,7.5765,7.5765,7.5765,7.5765,7.5765,7.5765,7.5765,7.5765,7.5765,7.5765,7.5765,7.5765,7.5765,7.5765,7.5765,7.5765,7.5765,7.5765,7.5765,7.5765,7.5765,7.5765,7.5765,7.5765,7.5765,7.5765,7.5765,7.5765,7.5765,7.5765,7.5765,7.5765,7.5765,7.5765,7.5765,7.5765,7.5765,7.5765,7.5765,7.5765,7.5765,7.5765,7.5765,7.5765,7.5765,7.5765,7.5765,7.5765,7.5765,7.5765,7.5765,7.5765,7.5765,7.5765,7.5765,7.5765,7.5765,7.5765,7.5765,7.5765,7.5765,7.5765,7.5765,7.5765,7.5765,7.5765,7.5765,7.5765,7.5765,7.5765,7.5765,7.5765,7.5765,7.5765,7.5765,7.5765,7.5765,7.5765,7.5765,7.5765,7.5765,7.5765,7.5765,7.5765,7.5765,7.5765,7.5765,7.5765,7.5765,7.5765,7.5765,7.5765,7.5765,7.5765,7.5765,7.5765,7.5765,7.5765,7.5765,7.5765,7.5765,7.5765,7.5765,7.5765,7.5765,7.5765,7.5765,7.5765,7.5765,7.5765,7.5765,7.5765,7.5765,7.5765,7.5765,7.5765,7.5765,7.5765,7.5765,7.5765,7.5765,7.5765,7.5765,7.5765,7.5765,7.5765,7.5765,7.5765,7.5765,7.5765,7.5765,7.5765,7.5765,7.5765,7.5765,7.5765,7.5765,7.5765,7.5765,7.5765,7.5765,7.5765,7.5765,7.5765,7.5765,7.5765,7.5765,7.5765,7.5765,7.5765,7.5765,7.5765,7.5765,7.5765,7.5765,7.5765,7.5765,7.5765,7.5765,7.5765,7.5765,7.5765,7.5765,7.5765,7.5765,7.5765,7.5765,7.5765,7.5765,7.5765,7.5765,7.5765,7.5765,7.5765,7.5765,7.5765,7.5765,7.5765,7.5765,7.5765,7.5765,7.5765,7.5765,7.5765,7.5765,7.5765,7.5765,7.5765,7.5765,7.5765,7.5765,7.5765,7.5765,7.5765,7.5765,7.5765,7.5765,7.5765,7.5765,7.5765,7.5765,7.5765,7.5765,7.5765,7.5765,7.5765,7.5765,7.5765,7.5765,7.5765,7.5765,7.5765,7.5765,7.5765,7.5765,7.5765,7.5765,7.5765,7.5765,7.5765,7.5765,7.5765,7.5765,7.5765,7.5765,7.5765,7.5765,7.5765,7.5765,7.5765,7.5765,7.5765,7.5765,7.5765,7.5765,7.5765,7.5765,7.5765,7.5765,7.5765,7.5765,7.5765,7.5765,7.5765,7.5765,7.5765,7.5765,7.5765,7.5765,7.5765,7.5765,7.5765,7.5765,7.5765,7.5765,7.5765,7.5765,7.5765,7.5765,7.5765,7.5765,7.5765,7.5765,7.5765,7.5765,7.5765,7.5765,7.5765,6.1174,6.0187,6.0129,6.0075,6.0019,5.9959,5.9904,5.9848,5.9795,5.9740,5.9684,5.9631,5.9576,5.9522,5.9467,5.9414,5.9360,5.9305,5.9251,5.9232,5.9232,5.9230,5.9230,5.9228,5.9226,5.9226,5.9223,5.9223,5.9221,5.9219,5.9217,5.9215,5.9213,5.9211,5.9209,5.9209,5.9207,5.9205,5.9205,5.9203,5.9201,5.9201,5.9198,5.9196,5.9196,5.9194,5.9190,5.9217,5.9246,5.9278,5.9309,5.9339,5.9370,5.9399,5.9431,5.9460,5.9492,5.9524,5.9553,5.9583,5.9615,5.9644,5.9674,5.9706,5.9735,5.9765,5.9795,5.9827,5.9857,5.9887,5.9919,5.9949,5.9979,6.0026,6.0073,6.0135,6.0222,6.0308,6.0393,6.0480,6.0567,6.0654,6.0742,6.0830,6.0921,6.1009,6.1096,6.1183,6.1270,6.1357,6.1442,6.1530,6.1618,6.1706,6.1795,6.1881,6.1973,6.2071,6.2168,6.2265,6.2364,6.2464,6.2564,6.2662,6.2763,6.2859,6.2955,6.3050,6.3147,6.3245,6.3362,6.3501,6.3602,6.3688,6.3776,6.3880,6.3992,6.4107,6.4222,6.4335,6.4456,6.4567,6.4689,6.4807,6.4919,6.5040,6.5169,6.5313,6.5461,6.5614,6.5761,6.5903,6.6056,6.6202,6.6351,6.6508,6.6685,6.6866,6.7042,7.5765,7.5765,7.5765,7.5765,7.5765,7.5765,7.5765,7.5765,7.5765,7.5765,7.5765,7.5765,7.5765,7.5765,7.5765,7.5765,7.5765,7.5765,7.5765,7.5765,7.5765,7.5765,7.5765,7.5765,7.5765,7.5765,7.5765,7.5765,7.5765,7.5765,7.5765,7.5765,7.5765,7.5765,7.5765,7.5765,7.5765,7.5765,7.5765,7.5765,7.5765,7.5765,7.5765,7.5765,7.5765,7.5765,7.5765,7.5765,7.5765,7.5765,7.5765,7.5765,7.5765,7.5765,7.5765,7.5765,7.5765,7.5765,7.5765,7.5765,7.5765,7.5765,7.5765,7.5765,7.5765,7.5765,7.5765,7.5765,7.5765,7.5765,7.5765,7.5765,7.5765,7.5765,7.5765,7.5765,7.5765,7.5765,7.5765,7.5765,7.5765,7.5765,7.5765,7.5765,7.5765,7.5765,7.5765,7.5765,7.5765,7.5765,7.5765,7.5765,7.5765,7.5765,7.5765,7.5765,7.5765,7.5765,7.5765,7.5765,7.5765,7.5765,7.5765,7.5765,7.5765,7.5765,7.5765,7.5765,7.5765,7.5765,7.5765,7.5765,7.5765,7.5765,7.5765,7.5765,7.5765,7.5765,7.5765,7.5765,7.5765,7.5765,7.5765,7.5765,7.5765,7.5765,7.5765,7.5765,7.5765,7.5765,7.5765,7.5765,7.5765,7.5765,7.5765,7.5765,7.5765,7.5765,7.5765,7.5765,7.5765,7.5765,7.5765,7.5765,7.5765,7.5765,7.5765,7.5765,7.5765,7.5765,7.5765,7.5765,7.5765,7.5765,7.5765,7.5765,7.5765,7.5765,7.5765,7.5765,7.5765,7.5765,7.5765,7.5765,7.5765,7.5765,7.5765,7.5765,7.5765,7.5765,7.5765,7.5765,7.5765,7.5765,7.5765,7.5765,7.5765,7.5765,7.5765,7.5765,7.5765,7.5765,7.5765,7.5765,7.5765,7.5765,7.5765,7.5765,7.5765,7.5765,7.5765,7.5765,7.5765,7.5765,7.5765,7.5765,7.5765,7.5765,7.5765,7.5765,7.5765,7.5765,7.5765,7.5765,7.5765,7.5765,7.5765,7.5765,7.5765,7.5765,7.5765,7.5765,7.5765,7.5765,7.5765,7.5765,7.5765,7.5765,7.5765,7.5765,7.5765,7.5765,7.5765,7.5765,7.5765,7.5765,7.5765,7.5765,7.5765,7.5765,7.5765,7.5765,7.5765,7.5765,7.5765,7.5765,7.5765,7.5765,7.5765,7.5765,7.5765,7.5765,7.5765,7.5765,7.5765,7.5765,7.5765,7.5765,7.5765,7.5765,7.5765,7.5765,7.5765,7.5765,7.5765,7.5765,7.5765,7.5765,7.5765,7.5765,7.5765,7.5765,7.5765,7.5765,7.5765,7.5765,7.5765,7.5765,7.5765,7.5765,7.5765,7.5765,7.5765,7.5765,7.5765,7.5765,7.5765,7.5765,7.5765,7.5765,7.5765,7.5765,7.5765,7.5765,7.5765,7.5765,7.5765,7.5765,7.5765,7.5765,7.5765,7.5765,7.5765,7.5765,7.5765,7.5765,7.5765,7.5765,7.5765,7.5765,7.5765,7.5765,7.5765,7.5765,7.5765,7.5765,7.5765,7.5765,7.5765,7.5765,7.5765,7.5765,7.5765,7.5765,7.5765,7.5765,7.5765,7.5765,7.5765,7.5765,7.5765,7.5765,7.5765,7.5765,7.5765,7.5765,7.5765,7.5765,7.5765,7.5765,7.5765,7.5765,7.5765,7.5765,7.5765,7.5765,7.5765,7.5765,7.5765,7.5765,7.5765,7.5765,7.5765,7.5765,7.5765,7.5765,7.5765,7.5765,7.5765,7.5765,7.5765,7.5765,7.5765,7.5765,7.5765,7.5765,7.5765,7.5765,7.5765,7.5765,7.5765,7.5765,7.5765,7.5765,7.5765,7.5765,7.5765,7.5765,7.5765,7.5765,7.5765,7.5765,7.5765,7.5765,7.5765,7.5765,7.5765,7.5765,7.5765,7.5765,7.5765,7.5765,7.5765,7.5765,7.5765,7.5765,7.5765,7.5765,7.5765,7.5765,7.5765,7.5765,7.5765,7.5765,7.5765,7.5765,7.5765,7.5765,7.5765,7.5765,7.5765,7.5765,7.5765,7.5765,7.5765,7.5765,7.5765,7.5765,7.5765,7.5765,7.5765
7.5700,7.5700,7.5700,7.5700,7.5700,7.5700,7.5700,7.5700,7.5700,7.5700,7.5700,7.5700,7.5700,7.5700,7.5700,7.5700,7.5700,7.5700,7.5700,7.5700,7.5700,7.5700,7.5700,7.5700,7.5700,7.5700,7.5700,7.5700,7.5700,7.5700,7.5700,7.5700,7.5700,7.5700,7.5700,7.5700,7.5700,7.5700,7.5700,7.5700,7.5700,7.5700,7.5700,7.5700,7.5700,7.5700,7.5700,7.5700,7.5700,7.5700,7.5700,7.5700,7.5700,7.5700,7.5700,7.5700,7.5700,7.5700,7.5700,7.5700,7.5700,7.5700,7.5700,7.5700,7.5700,7.5700,7.5700,7.5700,7.5700,7.5700,7.5700,7.5700,7.5700,7.5700,7.5700,7.5700,7.5700,7.5700,7.5700,7.5700,7.5700,7.5700,7.5700,7.5700,7.5700,7.5700,7.5700,7.5700,7.5700,7.5700,7.5700,7.5700,7.5700,7.5700,7.5700,7.5700,7.5700,7.5700,7.5700,7.5700,7.5700,7.5700,7.5700,7.5700,7.5700,7.5700,7.5700,7.5700,7.5700,7.5700,7.5700,7.5700,7.5700,7.5700,7.5700,7.5700,7.5700,7.5700,7.5700,7.5700,7.5700,7.5700,7.5700,7.5700,7.5700,7.5700,7.5700,7.5700,7.5700,7.5700,7.5700,7.5700,7.5700,7.5700,7.5700,7.5700,7.5700,7.5700,7.5700,7.5700,7.5700,7.5700,7.5700,7.5700,7.5700,7.5700,7.5700,7.5700,7.5700,7.5700,7.5700,7.5700,7.5700,7.5700,7.5700,7.5700,7.5700,7.5700,7.5700,7.5700,7.5700,7.5700,7.5700,7.5700,7.5700,7.5700,7.5700,7.5700,7.5700,7.5700,7.5700,7.5700,7.5700,7.5700,7.5700,7.5700,7.5700,7.5700,7.5700,7.5700,7.5700,7.5700,7.5700,7.5700,7.5700,7.5700,7.5700,7.5700,7.5700,7.5700,7.5700,7.5700,7.5700,7.5700,7.5700,7.5700,7.5700,7.5700,7.5700,7.5700,7.5700,7.5700,7.5700,7.5700,7.5700,7.5700,7.5700,7.5700,7.5700,7.5700,7.5700,7.5700,7.5700,7.5700,7.5700,7.5700,7.5700,7.5700,7.5700,7.5700,7.5700,7.5700,7.5700,7.5700,7.5700,7.5700,7.5700,7.5700,7.5700,7.5700,7.5700,7.5700,7.5700,7.5700,7.5700,7.5700,7.5700,7.5700,7.5700,7.5700,7.5700,7.5700,7.5700,7.5700,7.5700,7.5700,7.5700,7.5700,7.5700,7.5700,7.5700,7.5700,7.5700,7.5700,7.5700,7.5700,7.5700,7.5700,7.5700,7.5700,7.5700,7.5700,7.5700,7.5700,7.5700,7.5700,7.5700,7.5700,7.5700,7.5700,7.5700,7.5700,7.5700,7.5700,7.5700,7.5700,7.5700,7.5700,7.5700,7.5700,7.5700,7.5700,7.5700,7.5700,7.5700,7.5700,7.5700,7.5700,7.5700,7.5700,7.5700,7.5700,7.5700,7.5700,7.5700,7.5700,7.5700,7.5700,7.5700,7.5700,7.5700,7.5700,7.5700,7.5700,7.5700,7.5700,7.5700,7.5700,7.5700,7.5700,7.5700,7.5700,7.5700,7.5700,7.5700,7.5700,7.5700,7.5700,7.5700,7.5700,7.5700,7.5700,7.5700,7.5700,7.5700,7.5700,7.5700,7.5700,7.5700,7.5700,7.5700,7.5700,7.5700,7.5700,7.5700,7.5700,7.5700,7.5700,7.5700,7.5700,7.5700,7.5700,7.5700,7.5700,7.5700,7.5700,7.5700,7.5700,7.5700,7.5700,7.5700,7.5700,7.5700,7.5700,7.5700,7.5700,7.5700,7.5700,7.5700,7.5700,7.5700,7.5700,7.5700,7.5700,7.5700,7.5700,7.5700,7.5700,7.5700,7.5700,7.5700,7.5700,7.5700,7.5700,7.5700,7.5700,7.5700,7.5700,7.5700,7.5700,7.5700,7.5700,7.5700,7.5700,7.5700,7.5700,7.5700,7.5700,7.5700,7.5700,7.5700,7.5700,7.5700,7.5700,7.5700,7.5700,7.5700,7.5700,7.5700,7.5700,7.5700,7.5700,7.5700,7.5700,7.5700,7.5700,7.5700,7.5700,7.5700,6.1559,6.0441,6.0114,6.0056,6.0002,5.9942,5.9887,5.9833,5.9778,5.9723,5.9670,5.9615,5.9560,5.9507,5.9452,5.9397,5.9343,5.9290,5.9236,5.9196,5.9194,5.9194,5.9192,5.9192,5.9190,5.9190,5.9188,5.9188,5.9186,5.9186,5.9184,5.9184,5.9182,5.9180,5.9178,5.9175,5.9173,5.9173,5.9171,5.9169,5.9169,5.9167,5.9165,5.9165,5.9163,5.9161,5.9161,5.9173,5.9203,5.9234,5.9263,5.9295,5.9324,5.9355,5.9385,5.9416,5.9446,5.9477,5.9507,5.9538,5.9570,5.9600,5.9629,5.9661,5.9691,5.9721,5.9750,5.9782,5.9812,5.9842,5.9874,5.9904,5.9934,5.9964,5.9996,6.0060,6.0146,6.0232,6.0319,6.0406,6.0493,6.0580,6.0668,6.0755,6.0843,6.0934,6.1023,6.1109,6.1196,6.1283,6.1370,6.1456,6.1544,6.1632,6.1720,6.1809,6.1895,6.1987,6.2083,6.2182,6.2278,6.2378,6.2478,6.2578,6.2676,6.2777,6.2873,6.2970,6.3064,6.3202,6.3345,6.3484,6.3602,6.3688,6.3776,6.3863,6.3950,6.4041,6.4129,6.4237,6.4355,6.4466,6.4582,6.4704,6.4822,6.4934,6.5060,6.5192,6.5334,6.5481,6.5632,6.5774,6.5918,6.6066,6.6220,6.6369,6.6527,6.6709,6.6887,6.7069,6.7251,7.5700,7.5700,7.5700,7.5700,7.5700,7.5700,7.5700,7.5700,7.5700,7.5700,7.5700,7.5700,7.5700,7.5700,7.5700,7.5700,7.5700,7.5700,7.5700,7.5700,7.5700,7.5700,7.5700,7.5700,7.5700,7.5700,7.5700,7.5700,7.5700,7.5700,7.5700,7.5700,7.5700,7.5700,7.5700,7.5700,7.5700,7.5700,7.5700,7.5700,7.5700,7.5700,7.5700,7.5700,7.5700,7.5700,7.5700,7.5700,7.5700,7.5700,7.5700,7.5700,7.5700,7.5700,7.5700,7.5700,7.5700,7.5700,7.5700,7.5700,7.5700,7.5700,7.5700,7.5700,7.5700,7.5700,7.5700,7.5700,7.5700,7.5700,7.5700,7.5700,7.5700,7.5700,7.5700,7.5700,7.5700,7.5700,7.5700,7.5700,7.5700,7.5700,7.5700,7.5700,7.5700,7.5700,7.5700,7.5700,7.5700,7.5700,7.5700,7.5700,7.5700,7.5700,7.5700,7.5700,7.5700,7.5700,7.5700,7.5700,7.5700,7.5700,7.5700,7.5700,7.5700,7.5700,7.5700,7.5700,7.5700,7.5700,7.5700,7.5700,7.5700,7.5700,7.5700,7.5700,7.5700,7.5700,7.5700,7.5700,7.5700,7.5700,7.5700,7.5700,7.5700,7.5700,7.5700,7.5700,7.5700,7.5700,7.5700,7.5700,7.5700,7.5700,7.5700,7.5700,7.5700,7.5700,7.5700,7.5700,7.5700,7.5700,7.5700,7.5700,7.5700,7.5700,7.5700,7.5700,7.5700,7.5700,7.5700,7.5700,7.5700,7.5700,7.5700,7.5700,7.5700,7.5700,7.5700,7.5700,7.5700,7.5700,7.5700,7.5700,7.5700,7.5700,7.5700,7.5700,7.5700,7.5700,7.5700,7.5700,7.5700,7.5700,7.5700,7.5700,7.5700,7.5700,7.5700,7.5700,7.5700,7.5700,7.5700,7.5700,7.5700,7.5700,7.5700,7.5700,7.5700,7.5700,7.5700,7.5700,7.5700,7.5700,7.5700,7.5700,7.5700,7.5700,7.5700,7.5700,7.5700,7.5700,7.5700,7.5700,7.5700,7.5700,7.5700,7.5700,7.5700,7.5700,7.5700,7.5700,7.5700,7.5700,7.5700,7.5700,7.5700,7.5700,7.5700,7.5700,7.5700,7.5700,7.5700,7.5700,7.5700,7.5700,7.5700,7.5700,7.5700,7.5700,7.5700,7.5700,7.5700,7.5700,7.5700,7.5700,7.5700,7.5700,7.5700,7.5700,7.5700,7.5700,7.5700,7.5700,7.5700,7.5700,7.5700,7.5700,7.5700,7.5700,7.5700,7.5700,7.5700,7.5700,7.5700,7.5700,7.5700,7.5700,7.5700,7.5700,7.5700,7.5700,7.5700,7.5700,7.5700,7.5700,7.5700,7.5700,7.5700,7.5700,7.5700,7.5700,7.5700,7.5700,7.5700,7.5700,7.5700,7.5700,7.5700,7.5700,7.5700,7.5700,7.5700,7.5700,7.5700,7.5700,7.5700,7.5700,7.5700,7.5700,7.5700,7.5700,7.5700,7.5700,7.5700,7.5700,7.5700,7.5700,7.5700,7.5700,7.5700,7.5700,7.5700,7.5700,7.5700,7.5700,7.5700,7.5700,7.5700,7.5700,7.5700,7.5700,7.5700,7.5700,7.5700,7.5700,7.5700,7.5700,7.5700,7.5700,7.5700,7.5700,7.5700,7.5700,7.5700,7.5700,7.5700,7.5700,7.5700,7.5700,7.5700,7.5700,7.5700,7.5700,7.5700,7.5700,7.5700,7.5700,7.5700,7.5700,7.5700,7.5700,7.5700,7.5700,7.5700,7.5700,7.5700,7.5700,7.5700,7.5700,7.5700,7.5700,7.5700,7.5700,7.5700,7.5700,7.5700,7.5700,7.5700,7.5700,7.5700,7.5700,7.5700,7.5700,7.5700,7.5700,7.5700,7.5700,7.5700,7.5700,7.5700,7.5700,7.5700,7.5700,7.5700,7.5700,7.5700,7.5700,7.5700,7.5700,7.5700,7.5700,7.5700,7.5700,7.5700,7.5700,7.5700,7.5700,7.5700,7.5700,7.5700,7.5700,7.5700,7.5700,7.5700,7.5700,7.5700,7.5700,7.5700,7.5700,7.5700,7.5700,7.5700,7.5700,7.5700,7.5700,7.5700,7.5700,7.5700,7.5700
7.5635,7.5635,7.5635,7.5635,7.5635,7.5635,7.5635,7.5635,7.5635,7.5635,7.5635,7.5635,7.5635,7.5635,7.5635,7.5635,7.5635,7.5635,7.5635,7.5635,7.5635,7.5635,7.5635,7.5635,7.5635,7.5635,7.5635,7.5635,7.5635,7.5635,7.5635,7.5635,7.5635,7.5635,7.5635,7.5635,7.5635,7.5635,7.5635,7.5635,7.5635,7.5635,7.5635,7.5635,7.5635,7.5635,7.5635,7.5635,7.5635,7.5635,7.5635,7.5635,7.5635,7.5635,7.5635,7.5635,7.5635,7.5635,7.5635,7.5635,7.5635,7.5635,7.5635,7.5635,7.5635,7.5635,7.5635,7.5635,7.5635,7.5635,7.5635,7.5635,7.5635,7.5635,7.5635,7.5635,7.5635,7.5635,7.5635,7.5635,7.5635,7.5635,7.5635,7.5635,7.5635,7.5635,7.5635,7.5635,7.5635,7.5635,7.5635,7.5635,7.5635,7.5635,7.5635,7.5635,7.5635,7.5635,7.5635,7.5635,7.5635,7.5635,7.5635,7.5635,7.5635,7.5635,7.5635,7.5635,7.5635,7.5635,7.5635,7.5635,7.5635,7.5635,7.5635,7.5635,7.5635,7.5635,7.5635,7.5635,7.5635,7.5635,7.5635,7.5635,7.5635,7.5635,7.5635,7.5635,7.5635,7.5635,7.5635,7.5635,7.5635,7.5635,7.5635,7.5635,7.5635,7.5635,7.5635,7.5635,7.5635,7.5635,7.5635,7.5635,7.5635,7.5635,7.5635,7.5635,7.5635,7.5635,7.5635,7.5635,7.5635,7.5635,7.5635,7.5635,7.5635,7.5635,7.5635,7.5635,7.5635,7.5635,7.5635,7.5635,7.5635,7.5635,7.5635,7.5635,7.5635,7.5635,7.5635,7.5635,7.5635,7.5635,7.5635,7.5635,7.5635,7.5635,7.5635,7.5635,7.5635,7.5635,7.5635,7.5635,7.5635,7.5635,7.5635,7.5635,7.5635,7.5635,7.5635,7.5635,7.5635,7.5635,7.5635,7.5635,7.5635,7.5635,7.5635,7.5635,7.5635,7.5635,7.5635,7.5635,7.5635,7.5635,7.5635,7.5635,7.5635,7.5635,7.5635,7.5635,7.5635,7.5635,7.5635,7.5635,7.5635,7.5635,7.5635,7.5635,7.5635,7.5635,7.5635,7.5635,7.5635,7.5635,7.5635,7.5635,7.5635,7.5635,7.5635,7.5635,7.5635,7.5635,7.5635,7.5635,7.5635,7.5635,7.5635,7.5635,7.5635,7.5635,7.5635,7.5635,7.5635,7.5635,7.5635,7.5635,7.5635,7.5635,7.5635,7.5635,7.5635,7.5635,7.5635,7.5635,7.5635,7.5635,7.5635,7.5635,7.5635,7.5635,7.5635,7.5635,7.5635,7.5635,7.5635,7.5635,7.5635,7.5635,7.5635,7.5635,7.5635,7.5635,7.5635,7.5635,7.5635,7.5635,7.5635,7.5635,7.5635,7.5635,7.5635,7.5635,7.5635,7.5635,7.5635,7.5635,7.5635,7.5635,7.5635,7.5635,7.5635,7.5635,7.5635,7.5635,7.5635,7.5635,7.5635,7.5635,7.5635,7.5635,7.5635,7.5635,7.5635,7.5635,7.5635,7.5635,7.5635,7.5635,7.5635,7.5635,7.5635,7.5635,7.5635,7.5635,7.5635,7.5635,7.5635,7.5635,7.5635,7.5635,7.5635,7.5635,7.5635,7.5635,7.5635,7.5635,7.5635,7.5635,7.5635,7.5635,7.5635,7.5635,7.5635,7.5635,7.5635,7.5635,7.5635,7.5635,7.5635,7.5635,7.5635,7.5635,7.5635,7.5635,7.5635,7.5635,7.5635,7.5635,7.5635,7.5635,7.5635,7.5635,7.5635,7.5635,7.5635,7.5635,7.5635,7.5635,7.5635,7.5635,7.5635,7.5635,7.5635,7.5635,7.5635,7.5635,7.5635,7.5635,7.5635,7.5635,7.5635,7.5635,7.5635,7.5635,7.5635,7.5635,7.5635,7.5635,7.5635,7.5635,7.5635,7.5635,7.5635,7.5635,7.5635,7.5635,7.5635,7.5635,7.5635,7.5635,7.5635,7.5635,7.5635,7.5635,7.5635,7.5635,7.5635,7.5635,7.5635,7.5635,7.5635,7.5635,7.5635,7.5635,7.5635,7.5635,7.5635,6.0795,6.0097,6.0041,5.9983,5.9927,5.9872,5.9816,5.9761,5.9708,5.9653,5.9598,5.9545,5.9490,5.9435,5.9383,5.9328,5.9274,5.9219,5.9167,5.9159,5.9159,5.9157,5.9157,5.9155,5.9155,5.9153,5.9153,5.9150,5.9148,5.9148,5.9146,5.9146,5.9144,5.9144,5.9142,5.9140,5.9140,5.9138,5.9138,5.9136,5.9134,5.9132,5.9132,5.9130,5.9128,5.9128,5.9128,5.9159,5.9188,5.9219,5.9249,5.9280,5.9309,5.9341,5.9370,5.9402,5.9431,5.9460,5.9492,5.9524,5.9555,5.9585,5.9615,5.9646,5.9676,5.9706,5.9735,5.9767,5.9797,5.9827,5.9859,5.9889,5.9919,5.9951,5.9989,6.0073,6.0159,6.0245,6.0332,6.0419,6.0504,6.0591,6.0679,6.0766,6.0857,6.0945,6.1036,6.1122,6.1209,6.1296,6.1384,6.1471,6.1557,6.1645,6.1734,6.1822,6.1911,6.2000,6.2097,6.2195,6.2292,6.2392,6.2492,6.2592,6.2690,6.2791,6.2906,6.3045,6.3185,6.3326,6.3467,6.3602,6.3686,6.3773,6.3863,6.3950,6.4038,6.4124,6.4212,6.4300,6.4399,6.4486,6.4602,6.4714,6.4837,6.4955,6.5070,6.5212,6.5354,6.5502,6.5648,6.5794,6.5934,6.6087,6.6238,6.6390,6.6548,6.6725,6.6906,6.7090,6.7273,7.5635,7.5635,7.5635,7.5635,7.5635,7.5635,7.5635,7.5635,7.5635,7.5635,7.5635,7.5635,7.5635,7.5635,7.5635,7.5635,7.5635,7.5635,7.5635,7.5635,7.5635,7.5635,7.5635,7.5635,7.5635,7.5635,7.5635,7.5635,7.5635,7.5635,7.5635,7.5635,7.5635,7.5635,7.5635,7.5635,7.5635,7.5635,7.5635,7.5635,7.5635,7.5635,7.5635,7.5635,7.5635,7.5635,7.5635,7.5635,7.5635,7.5635,7.5635,7.5635,7.5635,7.5635,7.5635,7.5635,7.5635,7.5635,7.5635,7.5635,7.5635,7.5635,7.5635,7.5635,7.5635,7.5635,7.5635,7.5635,7.5635,7.5635,7.5635,7.5635,7.5635,7.5635,7.5635,7.5635,7.5635,7.5635,7.5635,7.5635,7.5635,7.5635,7.5635,7.5635,7.5635,7.5635,7.5635,7.5635,7.5635,7.5635,7.5635,7.5635,7.5635,7.5635,7.5635,7.5635,7.5635,7.5635,7.5635,7.5635,7.5635,7.5635,7.5635,7.5635,7.5635,7.5635,7.5635,7.5635,7.5635,7.5635,7.5635,7.5635,7.5635,7.5635,7.5635,7.5635,7.5635,7.5635,7.5635,7.5635,7.5635,7.5635,7.5635,7.5635,7.5635,7.5635,7.5635,7.5635,7.5635,7.5635,7.5635,7.5635,7.5635,7.5635,7.5635,7.5635,7.5635,7.5635,7.5635,7.5635,7.5635,7.5635,7.5635,7.5635,7.5635,7.5635,7.5635,7.5635,7.5635,7.5635,7.5635,7.5635,7.5635,7.5635,7.5635,7.5635,7.5635,7.5635,7.5635,7.5635,7.5635,7.5635,7.5635,7.5635,7.5635,7.5635,7.5635,7.5635,7.5635,7.5635,7.5635,7.5635,7.5635,7.5635,7.5635,7.5635,7.5635,7.5635,7.5635,7.5635,7.5635,7.5635,7.5635,7.5635,7.5635,7.5635,7.5635,7.5635,7.5635,7.5635,7.5635,7.5635,7.5635,7.5635,7.5635,7.5635,7.5635,7.5635,7.5635,7.5635,7.5635,7.5635,7.5635,7.5635,7.5635,7.5635,7.5635,7.5635,7.5635,7.5635,7.5635,7.5635,7.5635,7.5635,7.5635,7.5635,7.5635,7.5635,7.5635,7.5635,7.5635,7.5635,7.5635,7.5635,7.5635,7.5635,7.5635,7.5635,7.5635,7.5635,7.5635,7.5635,7.5635,7.5635,7.5635,7.5635,7.5635,7.5635,7.5635,7.5635,7.5635,7.5635,7.5635,7.5635,7.5635,7.5635,7.5635,7.5635,7.5635,7.5635,7.5635,7.5635,7.5635,7.5635,7.5635,7.5635,7.5635,7.5635,7.5635,7.5635,7.5635,7.5635,7.5635,7.5635,7.5635,7.5635,7.5635,7.5635,7.5635,7.5635,7.5635,7.5635,7.5635,7.5635,7.5635,7.5635,7.5635,7.5635,7.5635,7.5635,7.5635,7.5635,7.5635,7.5635,7.5635,7.5635,7.5635,7.5635,7.5635,7.5635,7.5635,7.5635,7.5635,7.5635,7.5635,7.5635,7.5635,7.5635,7.5635,7.5635,7.5635,7.5635,7.5635,7.5635,7.5635,7.5635,7.5635,7.5635,7.5635,7.5635,7.5635,7.5635,7.5635,7.5635,7.5635,7.5635,7.5635,7.5635,7.5635,7.5635,7.5635,7.5635,7.5635,7.5635,7.5635,7.5635,7.5635,7.5635,7.5635,7.5635,7.5635,7.5635,7.5635,7.5635,7.5635,7.5635,7.5635,7.5635,7.5635,7.5635,7.5635,7.5635,7.5635,7.5635,7.5635,7.5635,7.5635,7.5635,7.5635,7.5635,7.5635,7.5635,7.5635,7.5635,7.5635,7.5635,7.5635,7.5635,7.5635,7.5635,7.5635,7.5635,7.5635,7.5635,7.5635,7.5635,7.5635,7.5635,7.5635,7.5635,7.5635,7.5635,7.5635,7.5635,7.5635,7.5635,7.5635,7.5635,7.5635,7.5635,7.5635,7.5635,7.5635,7.5635,7.5635,7.5635,7.5635,7.5635,7.5635,7.5635,7.5635,7.5635,7.5635,7.5635,7.5635,7.5635,7.5635,7.5635,7.5635,7.5635,7.5635,7.5635,7.5635,7.5635,7.5635,7.5635,7.5635,7.5635,7.5635,7.5635
7.5577,7.5577,7.5577,7.5577,7.5577,7.5577,7.5577,7.5577,7.5577,7.5577,7.5577,7.5577,7.5577,7.5577,7.5577,7.5577,7.5577,7.5577,7.5577,7.5577,7.5577,7.5577,7.5577,7.5577,7.5577,7.5577,7.5577,7.5577,7.5577,7.5577,7.5577,7.5577,7.5577,7.5577,7.5577,7.5577,7.5577,7.5577,7.5577,7.5577,7.5577,7.5577,7.5577,7.5577,7.5577,7.5577,7.5577,7.5577,7.5577,7.5577,7.5577,7.5577,7.5577,7.5577,7.5577,7.5577,7.5577,7.5577,7.5577,7.5577,7.5577,7.5577,7.5577,7.5577,7.5577,7.5577,7.5577,7.5577,7.5577,7.5577,7.5577,7.5577,7.5577,7.5577,7.5577,7.5577,7.5577,7.5577,7.5577,7.5577,7.5577,7.5577,7.5577,7.5577,7.5577,7.5577,7.5577,7.5577,7.5577,7.5577,7.5577,7.5577,7.5577,7.5577,7.5577,7.5577,7.5577,7.5577,7.5577,7.5577,7.5577,7.5577,7.5577,7.5577,7.5577,7.5577,7.5577,7.5577,7.5577,7.5577,7.5577,7.5577,7.5577,7.5577,7.5577,7.5577,7.5577,7.5577,7.5577,7.5577,7.5577,7.5577,7.5577,7.5577,7.5577,7.5577,7.5577,7.5577,7.5577,7.5577,7.5577,7.5577,7.5577,7.5577,7.5577,7.5577,7.5577,7.5577,7.5577,7.5577,7.5577,7.5577,7.5577,7.5577,7.5577,7.5577,7.5577,7.5577,7.5577,7.5577,7.5577,7.5577,7.5577,7.5577,7.5577,7.5577,7.5577,7.5577,7.5577,7.5577,7.5577,7.5577,7.5577,7.5577,7.5577,7.5577,7.5577,7.5577,7.5577,7.5577,7.5577,7.5577,7.5577,7.5577,7.5577,7.5577,7.5577,7.5577,7.5577,7.5577,7.5577,7.5577,7.5577,7.5577,7.5577,7.5577,7.5577,7.5577,7.5577,7.5577,7.5577,7.5577,7.5577,7.5577,7.5577,7.5577,7.5577,7.5577,7.5577,7.5577,7.5577,7.5577,7.5577,7.5577,7.5577,7.5577,7.5577,7.5577,7.5577,7.5577,7.5577,7.5577,7.5577,7.5577,7.5577,7.5577,7.5577,7.5577,7.5577,7.5577,7.5577,7.5577,7.5577,7.5577,7.5577,7.5577,7.5577,7.5577,7.5577,7.5577,7.5577,7.5577,7.5577,7.5577,7.5577,7.5577,7.5577,7.5577,7.5577,7.5577,7.5577,7.5577,7.5577,7.5577,7.5577,7.5577,7.5577,7.5577,7.5577,7.5577,7.5577,7.5577,7.5577,7.5577,7.5577,7.5577,7.5577,7.5577,7.5577,7.5577,7.5577,7.5577,7.5577,7.5577,7.5577,7.5577,7.5577,7.5577,7.5577,7.5577,7.5577,7.5577,7.5577,7.5577,7.5577,7.5577,7.5577,7.5577,7.5577,7.5577,7.5577,7.5577,7.5577,7.5577,7.5577,7.5577,7.5577,7.5577,7.5577,7.5577,7.5577,7.5577,7.5577,7.5577,7.5577,7.5577,7.5577,7.5577,7.5577,7.5577,7.5577,7.5577,7.5577,7.5577,7.5577,7.5577,7.5577,7.5577,7.5577,7.5577,7.5577,7.5577,7.5577,7.5577,7.5577,7.5577,7.5577,7.5577,7.5577,7.5577,7.5577,7.5577,7.5577,7.5577,7.5577,7.5577,7.5577,7.5577,7.5577,7.5577,7.5577,7.5577,7.5577,7.5577,7.5577,7.5577,7.5577,7.5577,7.5577,7.5577,7.5577,7.5577,7.5577,7.5577,7.5577,7.5577,7.5577,7.5577,7.5577,7.5577,7.5577,7.5577,7.5577,7.5577,7.5577,7.5577,7.5577,7.5577,7.5577,7.5577,7.5577,7.5577,7.5577,7.5577,7.5577,7.5577,7.5577,7.5577,7.5577,7.5577,7.5577,7.5577,7.5577,7.5577,7.5577,7.5577,7.5577,7.5577,7.5577,7.5577,7.5577,7.5577,7.5577,7.5577,7.5577,7.5577,7.5577,7.5577,7.5577,7.5577,7.5577,7.5577,7.5577,7.5577,7.5577,7.5577,7.5577,7.5577,7.5577,7.5577,7.5577,7.5577,7.5577,7.5577,7.5577,7.5577,7.5577,7.5577,6.1154,6.0086,6.0024,5.9966,5.9910,5.9855,5.9799,5.9746,5.9691,5.9636,5.9583,5.9528,5.9475,5.9420,5.9366,5.9311,5.9259,5.9205,5.9150,5.9123,5.9121,5.9121,5.9119,5.9119,5.9117,5.9117,5.9115,5.9115,5.9113,5.9113,5.9111,5.9111,5.9109,5.9109,5.9107,5.9107,5.9105,5.9103,5.9103,5.9101,5.9098,5.9098,5.9096,5.9094,5.9092,5.9092,5.9090,5.9111,5.9142,5.9173,5.9203,5.9234,5.9263,5.9295,5.9324,5.9355,5.9385,5.9416,5.9446,5.9477,5.9507,5.9538,5.9570,5.9600,5.9631,5.9661,5.9691,5.9723,5.9752,5.9782,5.9812,5.9844,5.9874,5.9904,5.9936,6.0004,6.0086,6.0170,6.0256,6.0343,6.0430,6.0517,6.0604,6.0692,6.0780,6.0868,6.0958,6.1047,6.1136,6.1223,6.1310,6.1397,6.1485,6.1571,6.1659,6.1747,6.1836,6.1925,6.2012,6.2110,6.2207,6.2306,6.2406,6.2506,6.2613,6.2748,6.2887,6.3026,6.3166,6.3309,6.3450,6.3592,6.3686,6.3773,6.3860,6.3948,6.4033,6.4129,6.4217,6.4300,6.4397,6.4486,6.4585,6.4677,6.4772,6.4862,6.4965,6.5088,6.5230,6.5374,6.5520,6.5663,6.5805,6.5952,6.6097,6.6256,6.6414,6.6569,6.6746,6.6932,6.7109,6.7289,7.5577,7.5577,7.5577,7.5577,7.5577,7.5577,7.5577,7.5577,7.5577,7.5577,7.5577,7.5577,7.5577,7.5577,7.5577,7.5577,7.5577,7.5577,7.5577,7.5577,7.5577,7.5577,7.5577,7.5577,7.5577,7.5577,7.5577,7.5577,7.5577,7.5577,7.5577,7.5577,7.5577,7.5577,7.5577,7.5577,7.5577,7.5577,7.5577,7.5577,7.5577,7.5577,7.5577,7.5577,7.5577,7.5577,7.5577,7.5577,7.5577,7.5577,7.5577,7.5577,7.5577,7.5577,7.5577,7.5577,7.5577,7.5577,7.5577,7.5577,7.5577,7.5577,7.5577,7.5577,7.5577,7.5577,7.5577,7.5577,7.5577,7.5577,7.5577,7.5577,7.5577,7.5577,7.5577,7.5577,7.5577,7.5577,7.5577,7.5577,7.5577,7.5577,7.5577,7.5577,7.5577,7.5577,7.5577,7.5577,7.5577,7.5577,7.5577,7.5577,7.5577,7.5577,7.5577,7.5577,7.5577,7.5577,7.5577,7.5577,7.5577,7.5577,7.5577,7.5577,7.5577,7.5577,7.5577,7.5577,7.5577,7.5577,7.5577,7.5577,7.5577,7.5577,7.5577,7.5577,7.5577,7.5577,7.5577,7.5577,7.5577,7.5577,7.5577,7.5577,7.5577,7.5577,7.5577,7.5577,7.5577,7.5577,7.5577,7.5577,7.5577,7.5577,7.5577,7.5577,7.5577,7.5577,7.5577,7.5577,7.5577,7.5577,7.5577,7.5577,7.5577,7.5577,7.5577,7.5577,7.5577,7.5577,7.5577,7.5577,7.5577,7.5577,7.5577,7.5577,7.5577,7.5577,7.5577,7.5577,7.5577,7.5577,7.5577,7.5577,7.5577,7.5577,7.5577,7.5577,7.5577,7.5577,7.5577,7.5577,7.5577,7.5577,7.5577,7.5577,7.5577,7.5577,7.5577,7.5577,7.5577,7.5577,7.5577,7.5577,7.5577,7.5577,7.5577,7.5577,7.5577,7.5577,7.5577,7.5577,7.5577,7.5577,7.5577,7.5577,7.5577,7.5577,7.5577,7.5577,7.5577,7.5577,7.5577,7.5577,7.5577,7.5577,7.5577,7.5577,7.5577,7.5577,7.5577,7.5577,7.5577,7.5577,7.5577,7.5577,7.5577,7.5577,7.5577,7.5577,7.5577,7.5577,7.5577,7.5577,7.5577,7.5577,7.5577,7.5577,7.5577,7.5577,7.5577,7.5577,7.5577,7.5577,7.5577,7.5577,7.5577,7.5577,7.5577,7.5577,7.5577,7.5577,7.5577,7.5577,7.5577,7.5577,7.5577,7.5577,7.5577,7.5577,7.5577,7.5577,7.5577,7.5577,7.5577,7.5577,7.5577,7.5577,7.5577,7.5577,7.5577,7.5577,7.5577,7.5577,7.5577,7.5577,7.5577,7.5577,7.5577,7.5577,7.5577,7.5577,7.5577,7.5577,7.5577,7.5577,7.5577,7.5577,7.5577,7.5577,7.5577,7.5577,7.5577,7.5577,7.5577,7.5577,7.5577,7.5577,7.5577,7.5577,7.5577,7.5577,7.5577,7.5577,7.5577,7.5577,7.5577,7.5577,7.5577,7.5577,7.5577,7.5577,7.5577,7.5577,7.5577,7.5577,7.5577,7.5577,7.5577,7.5577,7.5577,7.5577,7.5577,7.5577,7.5577,7.5577,7.5577,7.5577,7.5577,7.5577,7.5577,7.5577,7.5577,7.5577,7.5577,7.5577,7.5577,7.5577,7.5577,7.5577,7.5577,7.5577,7.5577,7.5577,7.5577,7.5577,7.5577,7.5577,7.5577,7.5577,7.5577,7.5577,7.5577,7.5577,7.5577,7.5577,7.5577,7.5577,7.5577,7.5577,7.5577,7.5577,7.5577,7.5577,7.5577,7.5577,7.5577,7.5577,7.5577,7.5577,7.5577,7.5577,7.5577,7.5577,7.5577,7.5577,7.5577,7.5577,7.5577,7.5577,7.5577,7.5577,7.5577,7.5577,7.5577,7.5577,7.5577,7.5577,7.5577,7.5577,7.5577,7.5577,7.5577,7.5577,7.5577,7.5577,7.5577,7.5577,7.5577,7.5577,7.5577,7.5577,7.5577,7.5577,7.5577,7.5577,7.5577,7.5577,7.5577,7.5577,7.5577,7.5577,7.5577,7.5577,7.5577,7.5577,7.5577,7.5577,7.5577,7.5577
7.5513,7.5513,7.5513,7.5513,7.5513,7.5513,7.5513,7.5513,7.5513,7.5513,7.5513,7.5513,7.5513,7.5513,7.5513,7.5513,7.5513,7.5513,7.5513,7.5513,7.5513,7.5513,7.5513,7.5513,7.5513,7.5513,7.5513,7.5513,7.5513,7.5513,7.5513,7.5513,7.5513,7.5513,7.5513,7.5513,7.5513,7.5513,7.5513,7.5513,7.5513,7.5513,7.5513,7.5513,7.5513,7.5513,7.5513,7.5513,7.5513,7.5513,7.5513,7.5513,7.5513,7.5513,7.5513,7.5513,7.5513,7.5513,7.5513,7.5513,7.5513,7.5513,7.5513,7.5513,7.5513,7.5513,7.5513,7.5513,7.5513,7.5513,7.5513,7.5513,7.5513,7.5513,7.5513,7.5513,7.5513,7.5513,7.5513,7.5513,7.5513,7.5513,7.5513,7.5513,7.5513,7.5513,7.5513,7.5513,7.5513,7.5513,7.5513,7.5513,7.5513,7.5513,7.5513,7.5513,7.5513,7.5513,7.5513,7.5513,7.5513,7.5513,7.5513,7.5513,7.5513,7.5513,7.5513,7.5513,7.5513,7.5513,7.5513,7.5513,7.5513,7.5513,7.5513,7.5513,7.5513,7.5513,7.5513,7.5513,7.5513,7.5513,7.5513,7.5513,7.5513,7.5513,7.5513,7.5513,7.5513,7.5513,7.5513,7.5513,7.5513,7.5513,7.5513,7.5513,7.5513,7.5513,7.5513,7.5513,7.5513,7.5513,7.5513,7.5513,7.5513,7.5513,7.5513,7.5513,7.5513,7.5513,7.5513,7.5513,7.5513,7.5513,7.5513,7.5513,7.5513,7.5513,7.5513,7.5513,7.5513,7.5513,7.5513,7.5513,7.5513,7.5513,7.5513,7.5513,7.5513,7.5513,7.5513,7.5513,7.5513,7.5513,7.5513,7.5513,7.5513,7.5513,7.5513,7.5513,7.5513,7.5513,7.5513,7.5513,7.5513,7.5513,7.5513,7.5513,7.5513,7.5513,7.5513,7.5513,7.5513,7.5513,7.5513,7.5513,7.5513,7.5513,7.5513,7.5513,7.5513,7.5513,7.5513,7.5513,7.5513,7.5513,7.5513,7.5513,7.5513,7.5513,7.5513,7.5513,7.5513,7.5513,7.5513,7.5513,7.5513,7.5513,7.5513,7.5513,7.5513,7.5513,7.5513,7.5513,7.5513,7.5513,7.5513,7.5513,7.5513,7.5513,7.5513,7.5513,7.5513,7.5513,7.5513,7.5513,7.5513,7.5513,7.5513,7.5513,7.5513,7.5513,7.5513,7.5513,7.5513,7.5513,7.5513,7.5513,7.5513,7.5513,7.5513,7.5513,7.5513,7.5513,7.5513,7.5513,7.5513,7.5513,7.5513,7.5513,7.5513,7.5513,7.5513,7.5513,7.5513,7.5513,7.5513,7.5513,7.5513,7.5513,7.5513,7.5513,7.5513,7.5513,7.5513,7.5513,7.5513,7.5513,7.5513,7.5513,7.5513,7.5513,7.5513,7.5513,7.5513,7.5513,7.5513,7.5513,7.5513,7.5513,7.5513,7.5513,7.5513,7.5513,7.5513,7.5513,7.5513,7.5513,7.5513,7.5513,7.5513,7.5513,7.5513,7.5513,7.5513,7.5513,7.5513,7.5513,7.5513,7.5513,7.5513,7.5513,7.5513,7.5513,7.5513,7.5513,7.5513,7.5513,7.5513,7.5513,7.5513,7.5513,7.5513,7.5513,7.5513,7.5513,7.5513,7.5513,7.5513,7.5513,7.5513,7.5513,7.5513,7.5513,7.5513,7.5513,7.5513,7.5513,7.5513,7.5513,7.5513,7.5513,7.5513,7.5513,7.5513,7.5513,7.5513,7.5513,7.5513,7.5513,7.5513,7.5513,7.5513,7.5513,7.5513,7.5513,7.5513,7.5513,7.5513,7.5513,7.5513,7.5513,7.5513,7.5513,7.5513,7.5513,7.5513,7.5513,7.5513,7.5513,7.5513,7.5513,7.5513,7.5513,7.5513,7.5513,7.5513,7.5513,7.5513,7.5513,7.5513,7.5513,7.5513,7.5513,7.5513,7.5513,7.5513,7.5513,7.5513,7.5513,7.5513,7.5513,7.5513,7.5513,7.5513,7.5513,7.5513,7.5513,7.5513,7.5513,7.5513,7.5513,7.5513,7.5513,7.5513,7.5513,7.5513,6.1516,6.0401,6.0006,5.9951,5.9893,5.9838,5.9784,5.9729,5.9674,5.9621,5.9566,5.9513,5.9458,5.9404,5.9351,5.9297,5.9242,5.9188,5.9136,5.9088,5.9086,5.9086,5.9084,5.9084,5.9082,5.9082,5.9080,5.9080,5.9078,5.9078,5.9076,5.9076,5.9073,5.9073,5.9071,5.9071,5.9069,5.9067,5.9067,5.9065,5.9063,5.9063,5.9061,5.9059,5.9059,5.9057,5.9055,5.9061,5.9094,5.9128,5.9157,5.9188,5.9217,5.9249,5.9278,5.9309,5.9339,5.9370,5.9399,5.9431,5.9460,5.9492,5.9524,5.9555,5.9585,5.9617,5.9646,5.9676,5.9708,5.9738,5.9767,5.9799,5.9829,5.9859,5.9889,5.9936,6.0017,6.0099,6.0183,6.0269,6.0356,6.0443,6.0530,6.0615,6.0703,6.0791,6.0881,6.0969,6.1060,6.1151,6.1236,6.1323,6.1411,6.1498,6.1586,6.1672,6.1761,6.1850,6.1938,6.2028,6.2124,6.2221,6.2322,6.2459,6.2594,6.2732,6.2871,6.3010,6.3150,6.3290,6.3431,6.3573,6.3686,6.3773,6.3860,6.3948,6.4033,6.4121,6.4210,6.4303,6.4389,6.4483,6.4577,6.4677,6.4764,6.4859,6.4960,6.5055,6.5128,6.5247,6.5384,6.5535,6.5676,6.5825,6.5967,6.6116,6.6272,6.6435,6.6590,6.6775,6.6954,6.7130,6.7319,7.5513,7.5513,7.5513,7.5513,7.5513,7.5513,7.5513,7.5513,7.5513,7.5513,7.5513,7.5513,7.5513,7.5513,7.5513,7.5513,7.5513,7.5513,7.5513,7.5513,7.5513,7.5513,7.5513,7.5513,7.5513,7.5513,7.5513,7.5513,7.5513,7.5513,7.5513,7.5513,7.5513,7.5513,7.5513,7.5513,7.5513,7.5513,7.5513,7.5513,7.5513,7.5513,7.5513,7.5513,7.5513,7.5513,7.5513,7.5513,7.5513,7.5513,7.5513,7.5513,7.5513,7.5513,7.5513,7.5513,7.5513,7.5513,7.5513,7.5513,7.5513,7.5513,7.5513,7.5513,7.5513,7.5513,7.5513,7.5513,7.5513,7.5513,7.5513,7.5513,7.5513,7.5513,7.5513,7.5513,7.5513,7.5513,7.5513,7.5513,7.5513,7.5513,7.5513,7.5513,7.5513,7.5513,7.5513,7.5513,7.5513,7.5513,7.5513,7.5513,7.5513,7.5513,7.5513,7.5513,7.5513,7.5513,7.5513,7.5513,7.5513,7.5513,7.5513,7.5513,7.5513,7.5513,7.5513,7.5513,7.5513,7.5513,7.5513,7.5513,7.5513,7.5513,7.5513,7.5513,7.5513,7.5513,7.5513,7.5513,7.5513,7.5513,7.5513,7.5513,7.5513,7.5513,7.5513,7.5513,7.5513,7.5513,7.5513,7.5513,7.5513,7.5513,7.5513,7.5513,7.5513,7.5513,7.5513,7.5513,7.5513,7.5513,7.5513,7.5513,7.5513,7.5513,7.5513,7.5513,7.5513,7.5513,7.5513,7.5513,7.5513,7.5513,7.5513,7.5513,7.5513,7.5513,7.5513,7.5513,7.5513,7.5513,7.5513,7.5513,7.5513,7.5513,7.5513,7.5513,7.5513,7.5513,7.5513,7.5513,7.5513,7.5513,7.5513,7.5513,7.5513,7.5513,7.5513,7.5513,7.5513,7.5513,7.5513,7.5513,7.5513,7.5513,7.5513,7.5513,7.5513,7.5513,7.5513,7.5513,7.5513,7.5513,7.5513,7.5513,7.5513,7.5513,7.5513,7.5513,7.5513,7.5513,7.5513,7.5513,7.5513,7.5513,7.5513,7.5513,7.5513,7.5513,7.5513,7.5513,7.5513,7.5513,7.5513,7.5513,7.5513,7.5513,7.5513,7.5513,7.5513,7.5513,7.5513,7.5513,7.5513,7.5513,7.5513,7.5513,7.5513,7.5513,7.5513,7.5513,7.5513,7.5513,7.5513,7.5513,7.5513,7.5513,7.5513,7.5513,7.5513,7.5513,7.5513,7.5513,7.5513,7.5513,7.5513,7.5513,7.5513,7.5513,7.5513,7.5513,7.5513,7.5513,7.5513,7.5513,7.5513,7.5513,7.5513,7.5513,7.5513,7.5513,7.5513,7.5513,7.5513,7.5513,7.5513,7.5513,7.5513,7.5513,7.5513,7.5513,7.5513,7.5513,7.5513,7.5513,7.5513,7.5513,7.5513,7.5513,7.5513,7.5513,7.5513,7.5513,7.5513,7.5513,7.5513,7.5513,7.5513,7.5513,7.5513,7.5513,7.5513,7.5513,7.5513,7.5513,7.5513,7.5513,7.5513,7.5513,7.5513,7.5513,7.5513,7.5513,7.5513,7.5513,7.5513,7.5513,7.5513,7.5513,7.5513,7.5513,7.5513,7.5513,7.5513,7.5513,7.5513,7.5513,7.5513,7.5513,7.5513,7.5513,7.5513,7.5513,7.5513,7.5513,7.5513,7.5513,7.5513,7.5513,7.5513,7.5513,7.5513,7.5513,7.5513,7.5513,7.5513,7.5513,7.5513,7.5513,7.5513,7.5513,7.5513,7.5513,7.5513,7.5513,7.5513,7.5513,7.5513,7.5513,7.5513,7.5513,7.5513,7.5513,7.5513,7.5513,7.5513,7.5513,7.5513,7.5513,7.5513,7.5513,7.5513,7.5513,7.5513,7.5513,7.5513,7.5513,7.5513,7.5513,7.5513,7.5513,7.5513,7.5513,7.5513,7.5513,7.5513,7.5513,7.5513,7.5513,7.5513,7.5513,7.5513,7.5513,7.5513,7.5513,7.5513,7.5513,7.5513,7.5513,7.5513,7.5513,7.5513,7.5513,7.5513,7.5513,7.5513,7.5513,7.5513,7.5513,7.5513,7.5513,7.5513,7.5513,7.5513,7.5513,7.5513,7.5513,7.5513,7.5513
7.5445,7.5445,7.5445,7.5445,7.5445,7.5445,7.5445,7.5445,7.5445,7.5445,7.5445,7.5445,7.5445,7.5445,7.5445,7.5445,7.5445,7.5445,7.5445,7.5445,7.5445,7.5445,7.5445,7.5445,7.5445,7.5445,7.5445,7.5445,7.5445,7.5445,7.5445,7.5445,7.5445,7.5445,7.5445,7.5445,7.5445,7.5445,7.5445,7.5445,7.5445,7.5445,7.5445,7.5445,7.5445,7.5445,7.5445,7.5445,7.5445,7.5445,7.5445,7.5445,7.5445,7.5445,7.5445,7.5445,7.5445,7.5445,7.5445,7.5445,7.5445,7.5445,7.5445,7.5445,7.5445,7.5445,7.5445,7.5445,7.5445,7.5445,7.5445,7.5445,7.5445,7.5445,7.5445,7.5445,7.5445,7.5445,7.5445,7.5445,7.5445,7.5445,7.5445,7.5445,7.5445,7.5445,7.5445,7.5445,7.5445,7.5445,7.5445,7.5445,7.5445,7.5445,7.5445,7.5445,7.5445,7.5445,7.5445,7.5445,7.5445,7.5445,7.5445,7.5445,7.5445,7.5445,7.5445,7.5445,7.5445,7.5445,7.5445,7.5445,7.5445,7.5445,7.5445,7.5445,7.5445,7.5445,7.5445,7.5445,7.5445,7.5445,7.5445,7.5445,7.5445,7.5445,7.5445,7.5445,7.5445,7.5445,7.5445,7.5445,7.5445,7.5445,7.5445,7.5445,7.5445,7.5445,7.5445,7.5445,7.5445,7.5445,7.5445,7.5445,7.5445,7.5445,7.5445,7.5445,7.5445,7.5445,7.5445,7.5445,7.5445,7.5445,7.5445,7.5445,7.5445,7.5445,7.5445,7.5445,7.5445,7.5445,7.5445,7.5445,7.5445,7.5445,7.5445,7.5445,7.5445,7.5445,7.5445,7.5445,7.5445,7.5445,7.5445,7.5445,7.5445,7.5445,7.5445,7.5445,7.5445,7.5445,7.5445,7.5445,7.5445,7.5445,7.5445,7.5445,7.5445,7.5445,7.5445,7.5445,7.5445,7.5445,7.5445,7.5445,7.5445,7.5445,7.5445,7.5445,7.5445,7.5445,7.5445,7.5445,7.5445,7.5445,7.5445,7.5445,7.5445,7.5445,7.5445,7.5445,7.5445,7.5445,7.5445,7.5445,7.5445,7.5445,7.5445,7.5445,7.5445,7.5445,7.5445,7.5445,7.5445,7.5445,7.5445,7.5445,7.5445,7.5445,7.5445,7.5445,7.5445,7.5445,7.5445,7.5445,7.5445,7.5445,7.5445,7.5445,7.5445,7.5445,7.5445,7.5445,7.5445,7.5445,7.5445,7.5445,7.5445,7.5445,7.5445,7.5445,7.5445,7.5445,7.5445,7.5445,7.5445,7.5445,7.5445,7.5445,7.5445,7.5445,7.5445,7.5445,7.5445,7.5445,7.5445,7.5445,7.5445,7.5445,7.5445,7.5445,7.5445,7.5445,7.5445,7.5445,7.5445,7.5445,7.5445,7.5445,7.5445,7.5445,7.5445,7.5445,7.5445,7.5445,7.5445,7.5445,7.5445,7.5445,7.5445,7.5445,7.5445,7.5445,7.5445,7.5445,7.5445,7.5445,7.5445,7.5445,7.5445,7.5445,7.5445,7.5445,7.5445,7.5445,7.5445,7.5445,7.5445,7.5445,7.5445,7.5445,7.5445,7.5445,7.5445,7.5445,7.5445,7.5445,7.5445,7.5445,7.5445,7.5445,7.5445,7.5445,7.5445,7.5445,7.5445,7.5445,7.5445,7.5445,7.5445,7.5445,7.5445,7.5445,7.5445,7.5445,7.5445,7.5445,7.5445,7.5445,7.5445,7.5445,7.5445,7.5445,7.5445,7.5445,7.5445,7.5445,7.5445,7.5445,7.5445,7.5445,7.5445,7.5445,7.5445,7.5445,7.5445,7.5445,7.5445,7.5445,7.5445,7.5445,7.5445,7.5445,7.5445,7.5445,7.5445,7.5445,7.5445,7.5445,7.5445,7.5445,7.5445,7.5445,7.5445,7.5445,7.5445,7.5445,7.5445,7.5445,7.5445,7.5445,7.5445,7.5445,7.5445,7.5445,7.5445,7.5445,7.5445,7.5445,7.5445,7.5445,7.5445,7.5445,7.5445,7.5445,7.5445,7.5445,7.5445,7.5445,7.5445,7.5445,7.5445,7.5445,7.5445,7.5445,7.5445,6.0755,5.9994,5.9934,5.9878,5.9823,5.9767,5.9712,5.9659,5.9604,5.9551,5.9496,5.9441,5.9389,5.9334,5.9280,5.9228,5.9173,5.9119,5.9065,5.9051,5.9051,5.9049,5.9049,5.9046,5.9046,5.9044,5.9042,5.9042,5.9040,5.9040,5.9038,5.9038,5.9036,5.9036,5.9034,5.9034,5.9032,5.9032,5.9030,5.9028,5.9028,5.9026,5.9024,5.9024,5.9022,5.9020,5.9020,5.9046,5.9078,5.9111,5.9142,5.9171,5.9203,5.9232,5.9263,5.9292,5.9324,5.9353,5.9385,5.9414,5.9446,5.9477,5.9509,5.9541,5.9572,5.9602,5.9631,5.9661,5.9693,5.9723,5.9752,5.9784,5.9814,5.9844,5.9876,5.9951,6.0034,6.0114,6.0194,6.0280,6.0367,6.0454,6.0541,6.0628,6.0716,6.0804,6.0892,6.0983,6.1074,6.1163,6.1250,6.1337,6.1424,6.1512,6.1600,6.1688,6.1774,6.1863,6.1952,6.2041,6.2170,6.2304,6.2441,6.2578,6.2713,6.2852,6.2993,6.3133,6.3273,6.3414,6.3556,6.3686,6.3773,6.3860,6.3948,6.4036,6.4126,6.4210,6.4303,6.4389,6.4488,6.4580,6.4669,6.4764,6.4864,6.4952,6.5053,6.5133,6.5197,6.5263,6.5407,6.5545,6.5691,6.5838,6.5988,6.6134,6.6290,6.6453,6.6611,6.6797,6.6978,6.7157,6.7335,7.5445,7.5445,7.5445,7.5445,7.5445,7.5445,7.5445,7.5445,7.5445,7.5445,7.5445,7.5445,7.5445,7.5445,7.5445,7.5445,7.5445,7.5445,7.5445,7.5445,7.5445,7.5445,7.5445,7.5445,7.5445,7.5445,7.5445,7.5445,7.5445,7.5445,7.5445,7.5445,7.5445,7.5445,7.5445,7.5445,7.5445,7.5445,7.5445,7.5445,7.5445,7.5445,7.5445,7.5445,7.5445,7.5445,7.5445,7.5445,7.5445,7.5445,7.5445,7.5445,7.5445,7.5445,7.5445,7.5445,7.5445,7.5445,7.5445,7.5445,7.5445,7.5445,7.5445,7.5445,7.5445,7.5445,7.5445,7.5445,7.5445,7.5445,7.5445,7.5445,7.5445,7.5445,7.5445,7.5445,7.5445,7.5445,7.5445,7.5445,7.5445,7.5445,7.5445,7.5445,7.5445,7.5445,7.5445,7.5445,7.5445,7.5445,7.5445,7.5445,7.5445,7.5445,7.5445,7.5445,7.5445,7.5445,7.5445,7.5445,7.5445,7.5445,7.5445,7.5445,7.5445,7.5445,7.5445,7.5445,7.5445,7.5445,7.5445,7.5445,7.5445,7.5445,7.5445,7.5445,7.5445,7.5445,7.5445,7.5445,7.5445,7.5445,7.5445,7.5445,7.5445,7.5445,7.5445,7.5445,7.5445,7.5445,7.5445,7.5445,7.5445,7.5445,7.5445,7.5445,7.5445,7.5445,7.5445,7.5445,7.5445,7.5445,7.5445,7.5445,7.5445,7.5445,7.5445,7.5445,7.5445,7.5445,7.5445,7.5445,7.5445,7.5445,7.5445,7.5445,7.5445,7.5445,7.5445,7.5445,7.5445,7.5445,7.5445,7.5445,7.5445,7.5445,7.5445,7.5445,7.5445,7.5445,7.5445,7.5445,7.5445,7.5445,7.5445,7.5445,7.5445,7.5445,7.5445,7.5445,7.5445,7.5445,7.5445,7.5445,7.5445,7.5445,7.5445,7.5445,7.5445,7.5445,7.5445,7.5445,7.5445,7.5445,7.5445,7.5445,7.5445,7.5445,7.5445,7.5445,7.5445,7.5445,7.5445,7.5445,7.5445,7.5445,7.5445,7.5445,7.5445,7.5445,7.5445,7.5445,7.5445,7.5445,7.5445,7.5445,7.5445,7.5445,7.5445,7.5445,7.5445,7.5445,7.5445,7.5445,7.5445,7.5445,7.5445,7.5445,7.5445,7.5445,7.5445,7.5445,7.5445,7.5445,7.5445,7.5445,7.5445,7.5445,7.5445,7.5445,7.5445,7.5445,7.5445,7.5445,7.5445,7.5445,7.5445,7.5445,7.5445,7.5445,7.5445,7.5445,7.5445,7.5445,7.5445,7.5445,7.5445,7.5445,7.5445,7.5445,7.5445,7.5445,7.5445,7.5445,7.5445,7.5445,7.5445,7.5445,7.5445,7.5445,7.5445,7.5445,7.5445,7.5445,7.5445,7.5445,7.5445,7.5445,7.5445,7.5445,7.5445,7.5445,7.5445,7.5445,7.5445,7.5445,7.5445,7.5445,7.5445,7.5445,7.5445,7.5445,7.5445,7.5445,7.5445,7.5445,7.5445,7.5445,7.5445,7.5445,7.5445,7.5445,7.5445,7.5445,7.5445,7.5445,7.5445,7.5445,7.5445,7.5445,7.5445,7.5445,7.5445,7.5445,7.5445,7.5445,7.5445,7.5445,7.5445,7.5445,7.5445,7.5445,7.5445,7.5445,7.5445,7.5445,7.5445,7.5445,7.5445,7.5445,7.5445,7.5445,7.5445,7.5445,7.5445,7.5445,7.5445,7.5445,7.5445,7.5445,7.5445,7.5445,7.5445,7.5445,7.5445,7.5445,7.5445,7.5445,7.5445,7.5445,7.5445,7.5445,7.5445,7.5445,7.5445,7.5445,7.5445,7.5445,7.5445,7.5445,7.5445,7.5445,7.5445,7.5445,7.5445,7.5445,7.5445,7.5445,7.5445,7.5445,7.5445,7.5445,7.5445,7.5445,7.5445,7.5445,7.5445,7.5445,7.5445,7.5445,7.5445,7.5445,7.5445,7.5445,7.5445,7.5445,7.5445,7.5445,7.5445,7.5445,7.5445,7.5445,7.5445,7.5445,7.5445,7.5445,7.5445,7.5445,7.5445,7.5445,7.5445,7.5445,7.5445,7.5445,7.5445,7.5445,7.5445,7.5445,7.5445,7.5445
7.5387,7.5387,7.5387,7.5387,7.5387,7.5387,7.5387,7.5387,7.5387,7.5387,7.5387,7.5387,7.5387,7.5387,7.5387,7.5387,7.5387,7.5387,7.5387,7.5387,7.5387,7.5387,7.5387,7.5387,7.5387,7.5387,7.5387,7.5387,7.5387,7.5387,7.5387,7.5387,7.5387,7.5387,7.5387,7.5387,7.5387,7.5387,7.5387,7.5387,7.5387,7.5387,7.5387,7.5387,7.5387,7.5387,7.5387,7.5387,7.5387,7.5387,7.5387,7.5387,7.5387,7.5387,7.5387,7.5387,7.5387,7.5387,7.5387,7.5387,7.5387,7.5387,7.5387,7.5387,7.5387,7.5387,7.5387,7.5387,7.5387,7.5387,7.5387,7.5387,7.5387,7.5387,7.5387,7.5387,7.5387,7.5387,7.5387,7.5387,7.5387,7.5387,7.5387,7.5387,7.5387,7.5387,7.5387,7.5387,7.5387,7.5387,7.5387,7.5387,7.5387,7.5387,7.5387,7.5387,7.5387,7.5387,7.5387,7.5387,7.5387,7.5387,7.5387,7.5387,7.5387,7.5387,7.5387,7.5387,7.5387,7.5387,7.5387,7.5387,7.5387,7.5387,7.5387,7.5387,7.5387,7.5387,7.5387,7.5387,7.5387,7.5387,7.5387,7.5387,7.5387,7.5387,7.5387,7.5387,7.5387,7.5387,7.5387,7.5387,7.5387,7.5387,7.5387,7.5387,7.5387,7.5387,7.5387,7.5387,7.5387,7.5387,7.5387,7.5387,7.5387,7.5387,7.5387,7.5387,7.5387,7.5387,7.5387,7.5387,7.5387,7.5387,7.5387,7.5387,7.5387,7.5387,7.5387,7.5387,7.5387,7.5387,7.5387,7.5387,7.5387,7.5387,7.5387,7.5387,7.5387,7.5387,7.5387,7.5387,7.5387,7.5387,7.5387,7.5387,7.5387,7.5387,7.5387,7.5387,7.5387,7.5387,7.5387,7.5387,7.5387,7.5387,7.5387,7.5387,7.5387,7.5387,7.5387,7.5387,7.5387,7.5387,7.5387,7.5387,7.5387,7.5387,7.5387,7.5387,7.5387,7.5387,7.5387,7.5387,7.5387,7.5387,7.5387,7.5387,7.5387,7.5387,7.5387,7.5387,7.5387,7.5387,7.5387,7.5387,7.5387,7.5387,7.5387,7.5387,7.5387,7.5387,7.5387,7.5387,7.5387,7.5387,7.5387,7.5387,7.5387,7.5387,7.5387,7.5387,7.5387,7.5387,7.5387,7.5387,7.5387,7.5387,7.5387,7.5387,7.5387,7.5387,7.5387,7.5387,7.5387,7.5387,7.5387,7.5387,7.5387,7.5387,7.5387,7.5387,7.5387,7.5387,7.5387,7.5387,7.5387,7.5387,7.5387,7.5387,7.5387,7.5387,7.5387,7.5387,7.5387,7.5387,7.5387,7.5387,7.5387,7.5387,7.5387,7.5387,7.5387,7.5387,7.5387,7.5387,7.5387,7.5387,7.5387,7.5387,7.5387,7.5387,7.5387,7.5387,7.5387,7.5387,7.5387,7.5387,7.5387,7.5387,7.5387,7.5387,7.5387,7.5387,7.5387,7.5387,7.5387,7.5387,7.5387,7.5387,7.5387,7.5387,7.5387,7.5387,7.5387,7.5387,7.5387,7.5387,7.5387,7.5387,7.5387,7.5387,7.5387,7.5387,7.5387,7.5387,7.5387,7.5387,7.5387,7.5387,7.5387,7.5387,7.5387,7.5387,7.5387,7.5387,7.5387,7.5387,7.5387,7.5387,7.5387,7.5387,7.5387,7.5387,7.5387,7.5387,7.5387,7.5387,7.5387,7.5387,7.5387,7.5387,7.5387,7.5387,7.5387,7.5387,7.5387,7.5387,7.5387,7.5387,7.5387,7.5387,7.5387,7.5387,7.5387,7.5387,7.5387,7.5387,7.5387,7.5387,7.5387,7.5387,7.5387,7.5387,7.5387,7.5387,7.5387,7.5387,7.5387,7.5387,7.5387,7.5387,7.5387,7.5387,7.5387,7.5387,7.5387,7.5387,7.5387,7.5387,7.5387,7.5387,7.5387,7.5387,7.5387,7.5387,7.5387,7.5387,7.5387,7.5387,7.5387,7.5387,7.5387,7.5387,7.5387,7.5387,7.5387,7.5387,7.5387,7.5387,7.5387,7.5387,7.5387,7.5387,7.5387,7.5387,6.1114,6.0071,5.9917,5.9861,5.9806,5.9750,5.9697,5.9642,5.9589,5.9534,5.9479,5.9427,5.9372,5.9318,5.9265,5.9211,5.9157,5.9105,5.9051,5.9015,5.9013,5.9013,5.9011,5.9011,5.9009,5.9009,5.9007,5.9007,5.9005,5.9005,5.9003,5.9003,5.9001,5.9001,5.8999,5.8999,5.8997,5.8997,5.8995,5.8995,5.8993,5.8990,5.8988,5.8988,5.8986,5.8984,5.8984,5.8997,5.9030,5.9061,5.9094,5.9125,5.9157,5.9188,5.9217,5.9249,5.9278,5.9309,5.9339,5.9368,5.9399,5.9431,5.9463,5.9494,5.9526,5.9557,5.9587,5.9617,5.9648,5.9678,5.9708,5.9738,5.9769,5.9799,5.9829,5.9882,5.9964,6.0045,6.0127,6.0209,6.0293,6.0380,6.0467,6.0554,6.0641,6.0727,6.0815,6.0905,6.0996,6.1085,6.1176,6.1265,6.1350,6.1438,6.1526,6.1614,6.1704,6.1788,6.1877,6.1966,6.2152,6.2288,6.2424,6.2559,6.2697,6.2835,6.2974,6.3116,6.3257,6.3400,6.3539,6.3681,6.3773,6.3860,6.3948,6.4033,6.4119,6.4214,6.4303,6.4392,6.4486,6.4575,6.4667,6.4767,6.4857,6.4957,6.5053,6.5128,6.5197,6.5260,6.5321,6.5418,6.5563,6.5707,6.5859,6.6006,6.6155,6.6317,6.6469,6.6635,6.6813,6.6999,6.7181,6.7373,6.7606,7.5387,7.5387,7.5387,7.5387,7.5387,7.5387,7.5387,7.5387,7.5387,7.5387,7.5387,7.5387,7.5387,7.5387,7.5387,7.5387,7.5387,7.5387,7.5387,7.5387,7.5387,7.5387,7.5387,7.5387,7.5387,7.5387,7.5387,7.5387,7.5387,7.5387,7.5387,7.5387,7.5387,7.5387,7.5387,7.5387,7.5387,7.5387,7.5387,7.5387,7.5387,7.5387,7.5387,7.5387,7.5387,7.5387,7.5387,7.5387,7.5387,7.5387,7.5387,7.5387,7.5387,7.5387,7.5387,7.5387,7.5387,7.5387,7.5387,7.5387,7.5387,7.5387,7.5387,7.5387,7.5387,7.5387,7.5387,7.5387,7.5387,7.5387,7.5387,7.5387,7.5387,7.5387,7.5387,7.5387,7.5387,7.5387,7.5387,7.5387,7.5387,7.5387,7.5387,7.5387,7.5387,7.5387,7.5387,7.5387,7.5387,7.5387,7.5387,7.5387,7.5387,7.5387,7.5387,7.5387,7.5387,7.5387,7.5387,7.5387,7.5387,7.5387,7.5387,7.5387,7.5387,7.5387,7.5387,7.5387,7.5387,7.5387,7.5387,7.5387,7.5387,7.5387,7.5387,7.5387,7.5387,7.5387,7.5387,7.5387,7.5387,7.5387,7.5387,7.5387,7.5387,7.5387,7.5387,7.5387,7.5387,7.5387,7.5387,7.5387,7.5387,7.5387,7.5387,7.5387,7.5387,7.5387,7.5387,7.5387,7.5387,7.5387,7.5387,7.5387,7.5387,7.5387,7.5387,7.5387,7.5387,7.5387,7.5387,7.5387,7.5387,7.5387,7.5387,7.5387,7.5387,7.5387,7.5387,7.5387,7.5387,7.5387,7.5387,7.5387,7.5387,7.5387,7.5387,7.5387,7.5387,7.5387,7.5387,7.5387,7.5387,7.5387,7.5387,7.5387,7.5387,7.5387,7.5387,7.5387,7.5387,7.5387,7.5387,7.5387,7.5387,7.5387,7.5387,7.5387,7.5387,7.5387,7.5387,7.5387,7.5387,7.5387,7.5387,7.5387,7.5387,7.5387,7.5387,7.5387,7.5387,7.5387,7.5387,7.5387,7.5387,7.5387,7.5387,7.5387,7.5387,7.5387,7.5387,7.5387,7.5387,7.5387,7.5387,7.5387,7.5387,7.5387,7.5387,7.5387,7.5387,7.5387,7.5387,7.5387,7.5387,7.5387,7.5387,7.5387,7.5387,7.5387,7.5387,7.5387,7.5387,7.5387,7.5387,7.5387,7.5387,7.5387,7.5387,7.5387,7.5387,7.5387,7.5387,7.5387,7.5387,7.5387,7.5387,7.5387,7.5387,7.5387,7.5387,7.5387,7.5387,7.5387,7.5387,7.5387,7.5387,7.5387,7.5387,7.5387,7.5387,7.5387,7.5387,7.5387,7.5387,7.5387,7.5387,7.5387,7.5387,7.5387,7.5387,7.5387,7.5387,7.5387,7.5387,7.5387,7.5387,7.5387,7.5387,7.5387,7.5387,7.5387,7.5387,7.5387,7.5387,7.5387,7.5387,7.5387,7.5387,7.5387,7.5387,7.5387,7.5387,7.5387,7.5387,7.5387,7.5387,7.5387,7.5387,7.5387,7.5387,7.5387,7.5387,7.5387,7.5387,7.5387,7.5387,7.5387,7.5387,7.5387,7.5387,7.5387,7.5387,7.5387,7.5387,7.5387,7.5387,7.5387,7.5387,7.5387,7.5387,7.5387,7.5387,7.5387,7.5387,7.5387,7.5387,7.5387,7.5387,7.5387,7.5387,7.5387,7.5387,7.5387,7.5387,7.5387,7.5387,7.5387,7.5387,7.5387,7.5387,7.5387,7.5387,7.5387,7.5387,7.5387,7.5387,7.5387,7.5387,7.5387,7.5387,7.5387,7.5387,7.5387,7.5387,7.5387,7.5387,7.5387,7.5387,7.5387,7.5387,7.5387,7.5387,7.5387,7.5387,7.5387,7.5387,7.5387,7.5387,7.5387,7.5387,7.5387,7.5387,7.5387,7.5387,7.5387,7.5387,7.5387,7.5387,7.5387,7.5387,7.5387,7.5387,7.5387,7.5387,7.5387,7.5387,7.5387,7.5387,7.5387,7.5387,7.5387,7.5387,7.5387,7.5387,7.5387,7.5387,7.5387,7.5387,7.5387,7.5387,7.5387,7.5387,7.5387,7.5387,7.5387,7.5387,7.5387,7.5387
7.5316,7.5316,7.5316,7.5316,7.5316,7.5316,7.5316,7.5316,7.5316,7.5316,7.5316,7.5316,7.5316,7.5316,7.5316,7.5316,7.5316,7.5316,7.5316,7.5316,7.5316,7.5316,7.5316,7.5316,7.5316,7.5316,7.5316,7.5316,7.5316,7.5316,7.5316,7.5316,7.5316,7.5316,7.5316,7.5316,7.5316,7.5316,7.5316,7.5316,7.5316,7.5316,7.5316,7.5316,7.5316,7.5316,7.5316,7.5316,7.5316,7.5316,7.5316,7.5316,7.5316,7.5316,7.5316,7.5316,7.5316,7.5316,7.5316,7.5316,7.5316,7.5316,7.5316,7.5316,7.5316,7.5316,7.5316,7.5316,7.5316,7.5316,7.5316,7.5316,7.5316,7.5316,7.5316,7.5316,7.5316,7.5316,7.5316,7.5316,7.5316,7.5316,7.5316,7.5316,7.5316,7.5316,7.5316,7.5316,7.5316,7.5316,7.5316,7.5316,7.5316,7.5316,7.5316,7.5316,7.5316,7.5316,7.5316,7.5316,7.5316,7.5316,7.5316,7.5316,7.5316,7.5316,7.5316,7.5316,7.5316,7.5316,7.5316,7.5316,7.5316,7.5316,7.5316,7.5316,7.5316,7.5316,7.5316,7.5316,7.5316,7.5316,7.5316,7.5316,7.5316,7.5316,7.5316,7.5316,7.5316,7.5316,7.5316,7.5316,7.5316,7.5316,7.5316,7.5316,7.5316,7.5316,7.5316,7.5316,7.5316,7.5316,7.5316,7.5316,7.5316,7.5316,7.5316,7.5316,7.5316,7.5316,7.5316,7.5316,7.5316,7.5316,7.5316,7.5316,7.5316,7.5316,7.5316,7.5316,7.5316,7.5316,7.5316,7.5316,7.5316,7.5316,7.5316,7.5316,7.5316,7.5316,7.5316,7.5316,7.5316,7.5316,7.5316,7.5316,7.5316,7.5316,7.5316,7.5316,7.5316,7.5316,7.5316,7.5316,7.5316,7.5316,7.5316,7.5316,7.5316,7.5316,7.5316,7.5316,7.5316,7.5316,7.5316,7.5316,7.5316,7.5316,7.5316,7.5316,7.5316,7.5316,7.5316,7.5316,7.5316,7.5316,7.5316,7.5316,7.5316,7.5316,7.5316,7.5316,7.5316,7.5316,7.5316,7.5316,7.5316,7.5316,7.5316,7.5316,7.5316,7.5316,7.5316,7.5316,7.5316,7.5316,7.5316,7.5316,7.5316,7.5316,7.5316,7.5316,7.5316,7.5316,7.5316,7.5316,7.5316,7.5316,7.5316,7.5316,7.5316,7.5316,7.5316,7.5316,7.5316,7.5316,7.5316,7.5316,7.5316,7.5316,7.5316,7.5316,7.5316,7.5316,7.5316,7.5316,7.5316,7.5316,7.5316,7.5316,7.5316,7.5316,7.5316,7.5316,7.5316,7.5316,7.5316,7.5316,7.5316,7.5316,7.5316,7.5316,7.5316,7.5316,7.5316,7.5316,7.5316,7.5316,7.5316,7.5316,7.5316,7.5316,7.5316,7.5316,7.5316,7.5316,7.5316,7.5316,7.5316,7.5316,7.5316,7.5316,7.5316,7.5316,7.5316,7.5316,7.5316,7.5316,7.5316,7.5316,7.5316,7.5316,7.5316,7.5316,7.5316,7.5316,7.5316,7.5316,7.5316,7.5316,7.5316,7.5316,7.5316,7.5316,7.5316,7.5316,7.5316,7.5316,7.5316,7.5316,7.5316,7.5316,7.5316,7.5316,7.5316,7.5316,7.5316,7.5316,7.5316,7.5316,7.5316,7.5316,7.5316,7.5316,7.5316,7.5316,7.5316,7.5316,7.5316,7.5316,7.5316,7.5316,7.5316,7.5316,7.5316,7.5316,7.5316,7.5316,7.5316,7.5316,7.5316,7.5316,7.5316,7.5316,7.5316,7.5316,7.5316,7.5316,7.5316,7.5316,7.5316,7.5316,7.5316,7.5316,7.5316,7.5316,7.5316,7.5316,7.5316,7.5316,7.5316,7.5316,7.5316,7.5316,7.5316,7.5316,7.5316,7.5316,7.5316,7.5316,7.5316,7.5316,7.5316,7.5316,7.5316,7.5316,7.5316,7.5316,7.5316,7.5316,7.5316,7.5316,7.5316,7.5316,7.5316,7.5316,7.5316,7.5316,7.5316,7.5316,7.5316,7.5316,7.5316,7.5316,7.5316,6.1476,6.0386,5.9902,5.9844,5.9789,5.9735,5.9680,5.9627,5.9572,5.9517,5.9465,5.9410,5.9355,5.9303,5.9249,5.9196,5.9142,5.9088,5.9034,5.8982,5.8978,5.8978,5.8976,5.8976,5.8974,5.8974,5.8972,5.8972,5.8970,5.8970,5.8968,5.8968,5.8966,5.8966,5.8964,5.8964,5.8962,5.8962,5.8959,5.8959,5.8957,5.8955,5.8955,5.8953,5.8951,5.8949,5.8949,5.8949,5.8980,5.9013,5.9044,5.9078,5.9109,5.9142,5.9171,5.9203,5.9232,5.9263,5.9292,5.9324,5.9353,5.9385,5.9416,5.9448,5.9479,5.9509,5.9541,5.9572,5.9602,5.9634,5.9663,5.9693,5.9723,5.9755,5.9784,5.9816,5.9897,5.9979,6.0062,6.0142,6.0222,6.0304,6.0391,6.0478,6.0565,6.0652,6.0740,6.0828,6.0918,6.1007,6.1098,6.1187,6.1279,6.1364,6.1451,6.1539,6.1627,6.1715,6.1802,6.1891,6.2113,6.2272,6.2406,6.2543,6.2678,6.2817,6.2958,6.3097,6.3238,6.3383,6.3522,6.3664,6.3773,6.3860,6.3945,6.4036,6.4119,6.4212,6.4296,6.4392,6.4483,6.4577,6.4672,6.4767,6.4854,6.4955,6.5050,6.5126,6.5194,6.5260,6.5318,6.5384,6.5456,6.5579,6.5727,6.5874,6.6017,6.6178,6.6330,6.6487,6.6661,6.6842,6.7021,6.7198,6.7416,6.7641,7.5316,7.5316,7.5316,7.5316,7.5316,7.5316,7.5316,7.5316,7.5316,7.5316,7.5316,7.5316,7.5316,7.5316,7.5316,7.5316,7.5316,7.5316,7.5316,7.5316,7.5316,7.5316,7.5316,7.5316,7.5316,7.5316,7.5316,7.5316,7.5316,7.5316,7.5316,7.5316,7.5316,7.5316,7.5316,7.5316,7.5316,7.5316,7.5316,7.5316,7.5316,7.5316,7.5316,7.5316,7.5316,7.5316,7.5316,7.5316,7.5316,7.5316,7.5316,7.5316,7.5316,7.5316,7.5316,7.5316,7.5316,7.5316,7.5316,7.5316,7.5316,7.5316,7.5316,7.5316,7.5316,7.5316,7.5316,7.5316,7.5316,7.5316,7.5316,7.5316,7.5316,7.5316,7.5316,7.5316,7.5316,7.5316,7.5316,7.5316,7.5316,7.5316,7.5316,7.5316,7.5316,7.5316,7.5316,7.5316,7.5316,7.5316,7.5316,7.5316,7.5316,7.5316,7.5316,7.5316,7.5316,7.5316,7.5316,7.5316,7.5316,7.5316,7.5316,7.5316,7.5316,7.5316,7.5316,7.5316,7.5316,7.5316,7.5316,7.5316,7.5316,7.5316,7.5316,7.5316,7.5316,7.5316,7.5316,7.5316,7.5316,7.5316,7.5316,7.5316,7.5316,7.5316,7.5316,7.5316,7.5316,7.5316,7.5316,7.5316,7.5316,7.5316,7.5316,7.5316,7.5316,7.5316,7.5316,7.5316,7.5316,7.5316,7.5316,7.5316,7.5316,7.5316,7.5316,7.5316,7.5316,7.5316,7.5316,7.5316,7.5316,7.5316,7.5316,7.5316,7.5316,7.5316,7.5316,7.5316,7.5316,7.5316,7.5316,7.5316,7.5316,7.5316,7.5316,7.5316,7.5316,7.5316,7.5316,7.5316,7.5316,7.5316,7.5316,7.5316,7.5316,7.5316,7.5316,7.5316,7.5316,7.5316,7.5316,7.5316,7.5316,7.5316,7.5316,7.5316,7.5316,7.5316,7.5316,7.5316,7.5316,7.5316,7.5316,7.5316,7.5316,7.5316,7.5316,7.5316,7.5316,7.5316,7.5316,7.5316,7.5316,7.5316,7.5316,7.5316,7.5316,7.5316,7.5316,7.5316,7.5316,7.5316,7.5316,7.5316,7.5316,7.5316,7.5316,7.5316,7.5316,7.5316,7.5316,7.5316,7.5316,7.5316,7.5316,7.5316,7.5316,7.5316,7.5316,7.5316,7.5316,7.5316,7.5316,7.5316,7.5316,7.5316,7.5316,7.5316,7.5316,7.5316,7.5316,7.5316,7.5316,7.5316,7.5316,7.5316,7.5316,7.5316,7.5316,7.5316,7.5316,7.5316,7.5316,7.5316,7.5316,7.5316,7.5316,7.5316,7.5316,7.5316,7.5316,7.5316,7.5316,7.5316,7.5316,7.5316,7.5316,7.5316,7.5316,7.5316,7.5316,7.5316,7.5316,7.5316,7.5316,7.5316,7.5316,7.5316,7.5316,7.5316,7.5316,7.5316,7.5316,7.5316,7.5316,7.5316,7.5316,7.5316,7.5316,7.5316,7.5316,7.5316,7.5316,7.5316,7.5316,7.5316,7.5316,7.5316,7.5316,7.5316,7.5316,7.5316,7.5316,7.5316,7.5316,7.5316,7.5316,7.5316,7.5316,7.5316,7.5316,7.5316,7.5316,7.5316,7.5316,7.5316,7.5316,7.5316,7.5316,7.5316,7.5316,7.5316,7.5316,7.5316,7.5316,7.5316,7.5316,7.5316,7.5316,7.5316,7.5316,7.5316,7.5316,7.5316,7.5316,7.5316,7.5316,7.5316,7.5316,7.5316,7.5316,7.5316,7.5316,7.5316,7.5316,7.5316,7.5316,7.5316,7.5316,7.5316,7.5316,7.5316,7.5316,7.5316,7.5316,7.5316,7.5316,7.5316,7.5316,7.5316,7.5316,7.5316,7.5316,7.5316,7.5316,7.5316,7.5316,7.5316,7.5316,7.5316,7.5316,7.5316,7.5316,7.5316,7.5316,7.5316,7.5316,7.5316,7.5316,7.5316,7.5316,7.5316,7.5316,7.5316,7.5316,7.5316,7.5316,7.5316,7.5316,7.5316,7.5316,7.5316,7.5316,7.5316,7.5316,7.5316,7.5316,7.5316,7.5316,7.5316,7.5316,7.5316,7.5316,7.5316,7.5316,7.5316,7.5316
7.5259,7.5259,7.5259,7.5259,7.5259,7.5259,7.5259,7.5259,7.5259,7.5259,7.5259,7.5259,7.5259,7.5259,7.5259,7.5259,7.5259,7.5259,7.5259,7.5259,7.5259,7.5259,7.5259,7.5259,7.5259,7.5259,7.5259,7.5259,7.5259,7.5259,7.5259,7.5259,7.5259,7.5259,7.5259,7.5259,7.5259,7.5259,7.5259,7.5259,7.5259,7.5259,7.5259,7.5259,7.5259,7.5259,7.5259,7.5259,7.5259,7.5259,7.5259,7.5259,7.5259,7.5259,7.5259,7.5259,7.5259,7.5259,7.5259,7.5259,7.5259,7.5259,7.5259,7.5259,7.5259,7.5259,7.5259,7.5259,7.5259,7.5259,7.5259,7.5259,7.5259,7.5259,7.5259,7.5259,7.5259,7.5259,7.5259,7.5259,7.5259,7.5259,7.5259,7.5259,7.5259,7.5259,7.5259,7.5259,7.5259,7.5259,7.5259,7.5259,7.5259,7.5259,7.5259,7.5259,7.5259,7.5259,7.5259,7.5259,7.5259,7.5259,7.5259,7.5259,7.5259,7.5259,7.5259,7.5259,7.5259,7.5259,7.5259,7.5259,7.5259,7.5259,7.5259,7.5259,7.5259,7.5259,7.5259,7.5259,7.5259,7.5259,7.5259,7.5259,7.5259,7.5259,7.5259,7.5259,7.5259,7.5259,7.5259,7.5259,7.5259,7.5259,7.5259,7.5259,7.5259,7.5259,7.5259,7.5259,7.5259,7.5259,7.5259,7.5259,7.5259,7.5259,7.5259,7.5259,7.5259,7.5259,7.5259,7.5259,7.5259,7.5259,7.5259,7.5259,7.5259,7.5259,7.5259,7.5259,7.5259,7.5259,7.5259,7.5259,7.5259,7.5259,7.5259,7.5259,7.5259,7.5259,7.5259,7.5259,7.5259,7.5259,7.5259,7.5259,7.5259,7.5259,7.5259,7.5259,7.5259,7.5259,7.5259,7.5259,7.5259,7.5259,7.5259,7.5259,7.5259,7.5259,7.5259,7.5259,7.5259,7.5259,7.5259,7.5259,7.5259,7.5259,7.5259,7.5259,7.5259,7.5259,7.5259,7.5259,7.5259,7.5259,7.5259,7.5259,7.5259,7.5259,7.5259,7.5259,7.5259,7.5259,7.5259,7.5259,7.5259,7.5259,7.5259,7.5259,7.5259,7.5259,7.5259,7.5259,7.5259,7.5259,7.5259,7.5259,7.5259,7.5259,7.5259,7.5259,7.5259,7.5259,7.5259,7.5259,7.5259,7.5259,7.5259,7.5259,7.5259,7.5259,7.5259,7.5259,7.5259,7.5259,7.5259,7.5259,7.5259,7.5259,7.5259,7.5259,7.5259,7.5259,7.5259,7.5259,7.5259,7.5259,7.5259,7.5259,7.5259,7.5259,7.5259,7.5259,7.5259,7.5259,7.5259,7.5259,7.5259,7.5259,7.5259,7.5259,7.5259,7.5259,7.5259,7.5259,7.5259,7.5259,7.5259,7.5259,7.5259,7.5259,7.5259,7.5259,7.5259,7.5259,7.5259,7.5259,7.5259,7.5259,7.5259,7.5259,7.5259,7.5259,7.5259,7.5259,7.5259,7.5259,7.5259,7.5259,7.5259,7.5259,7.5259,7.5259,7.5259,7.5259,7.5259,7.5259,7.5259,7.5259,7.5259,7.5259,7.5259,7.5259,7.5259,7.5259,7.5259,7.5259,7.5259,7.5259,7.5259,7.5259,7.5259,7.5259,7.5259,7.5259,7.5259,7.5259,7.5259,7.5259,7.5259,7.5259,7.5259,7.5259,7.5259,7.5259,7.5259,7.5259,7.5259,7.5259,7.5259,7.5259,7.5259,7.5259,7.5259,7.5259,7.5259,7.5259,7.5259,7.5259,7.5259,7.5259,7.5259,7.5259,7.5259,7.5259,7.5259,7.5259,7.5259,7.5259,7.5259,7.5259,7.5259,7.5259,7.5259,7.5259,7.5259,7.5259,7.5259,7.5259,7.5259,7.5259,7.5259,7.5259,7.5259,7.5259,7.5259,7.5259,7.5259,7.5259,7.5259,7.5259,7.5259,7.5259,7.5259,7.5259,7.5259,7.5259,7.5259,7.5259,7.5259,7.5259,7.5259,7.5259,7.5259,7.5259,7.5259,7.5259,7.5259,7.5259,7.5259,7.5259,7.5259,7.5259,7.5259,6.0714,5.9884,5.9827,5.9774,5.9718,5.9665,5.9610,5.9555,5.9503,5.9448,5.9393,5.9341,5.9286,5.9234,5.9180,5.9125,5.9073,5.9020,5.8966,5.8943,5.8943,5.8941,5.8939,5.8939,5.8937,5.8937,5.8935,5.8935,5.8933,5.8933,5.8933,5.8930,5.8930,5.8928,5.8928,5.8926,5.8926,5.8924,5.8924,5.8922,5.8920,5.8920,5.8918,5.8916,5.8916,5.8914,5.8912,5.8933,5.8964,5.8997,5.9028,5.9061,5.9092,5.9125,5.9157,5.9186,5.9217,5.9246,5.9278,5.9307,5.9339,5.9370,5.9399,5.9431,5.9463,5.9494,5.9526,5.9557,5.9587,5.9619,5.9648,5.9678,5.9710,5.9740,5.9769,5.9829,5.9910,5.9994,6.0073,6.0155,6.0237,6.0317,6.0404,6.0491,6.0578,6.0665,6.0751,6.0839,6.0930,6.1020,6.1109,6.1200,6.1292,6.1379,6.1465,6.1553,6.1641,6.1729,6.1818,6.2037,6.2253,6.2389,6.2524,6.2662,6.2800,6.2939,6.3081,6.3221,6.3362,6.3503,6.3645,6.3773,6.3860,6.3945,6.4036,6.4124,6.4207,6.4296,6.4389,6.4483,6.4570,6.4669,6.4764,6.4859,6.4950,6.5048,6.5126,6.5194,6.5257,6.5323,6.5390,6.5453,6.5520,6.5599,6.5740,6.5890,6.6043,6.6194,6.6356,6.6508,6.6683,6.6863,6.7045,6.7230,6.7451,6.7688,7.5259,7.5259,7.5259,7.5259,7.5259,7.5259,7.5259,7.5259,7.5259,7.5259,7.5259,7.5259,7.5259,7.5259,7.5259,7.5259,7.5259,7.5259,7.5259,7.5259,7.5259,7.5259,7.5259,7.5259,7.5259,7.5259,7.5259,7.5259,7.5259,7.5259,7.5259,7.5259,7.5259,7.5259,7.5259,7.5259,7.5259,7.5259,7.5259,7.5259,7.5259,7.5259,7.5259,7.5259,7.5259,7.5259,7.5259,7.5259,7.5259,7.5259,7.5259,7.5259,7.5259,7.5259,7.5259,7.5259,7.5259,7.5259,7.5259,7.5259,7.5259,7.5259,7.5259,7.5259,7.5259,7.5259,7.5259,7.5259,7.5259,7.5259,7.5259,7.5259,7.5259,7.5259,7.5259,7.5259,7.5259,7.5259,7.5259,7.5259,7.5259,7.5259,7.5259,7.5259,7.5259,7.5259,7.5259,7.5259,7.5259,7.5259,7.5259,7.5259,7.5259,7.5259,7.5259,7.5259,7.5259,7.5259,7.5259,7.5259,7.5259,7.5259,7.5259,7.5259,7.5259,7.5259,7.5259,7.5259,7.5259,7.5259,7.5259,7.5259,7.5259,7.5259,7.5259,7.5259,7.5259,7.5259,7.5259,7.5259,7.5259,7.5259,7.5259,7.5259,7.5259,7.5259,7.5259,7.5259,7.5259,7.5259,7.5259,7.5259,7.5259,7.5259,7.5259,7.5259,7.5259,7.5259,7.5259,7.5259,7.5259,7.5259,7.5259,7.5259,7.5259,7.5259,7.5259,7.5259,7.5259,7.5259,7.5259,7.5259,7.5259,7.5259,7.5259,7.5259,7.5259,7.5259,7.5259,7.5259,7.5259,7.5259,7.5259,7.5259,7.5259,7.5259,7.5259,7.5259,7.5259,7.5259,7.5259,7.5259,7.5259,7.5259,7.5259,7.5259,7.5259,7.5259,7.5259,7.5259,7.5259,7.5259,7.5259,7.5259,7.5259,7.5259,7.5259,7.5259,7.5259,7.5259,7.5259,7.5259,7.5259,7.5259,7.5259,7.5259,7.5259,7.5259,7.5259,7.5259,7.5259,7.5259,7.5259,7.5259,7.5259,7.5259,7.5259,7.5259,7.5259,7.5259,7.5259,7.5259,7.5259,7.5259,7.5259,7.5259,7.5259,7.5259,7.5259,7.5259,7.5259,7.5259,7.5259,7.5259,7.5259,7.5259,7.5259,7.5259,7.5259,7.5259,7.5259,7.5259,7.5259,7.5259,7.5259,7.5259,7.5259,7.5259,7.5259,7.5259,7.5259,7.5259,7.5259,7.5259,7.5259,7.5259,7.5259,7.5259,7.5259,7.5259,7.5259,7.5259,7.5259,7.5259,7.5259,7.5259,7.5259,7.5259,7.5259,7.5259,7.5259,7.5259,7.5259,7.5259,7.5259,7.5259,7.5259,7.5259,7.5259,7.5259,7.5259,7.5259,7.5259,7.5259,7.5259,7.5259,7.5259,7.5259,7.5259,7.5259,7.5259,7.5259,7.5259,7.5259,7.5259,7.5259,7.5259,7.5259,7.5259,7.5259,7.5259,7.5259,7.5259,7.5259,7.5259,7.5259,7.5259,7.5259,7.5259,7.5259,7.5259,7.5259,7.5259,7.5259,7.5259,7.5259,7.5259,7.5259,7.5259,7.5259,7.5259,7.5259,7.5259,7.5259,7.5259,7.5259,7.5259,7.5259,7.5259,7.5259,7.5259,7.5259,7.5259,7.5259,7.5259,7.5259,7.5259,7.5259,7.5259,7.5259,7.5259,7.5259,7.5259,7.5259,7.5259,7.5259,7.5259,7.5259,7.5259,7.5259,7.5259,7.5259,7.5259,7.5259,7.5259,7.5259,7.5259,7.5259,7.5259,7.5259,7.5259,7.5259,7.5259,7.5259,7.5259,7.5259,7.5259,7.5259,7.5259,7.5259,7.5259,7.5259,7.5259,7.5259,7.5259,7.5259,7.5259,7.5259,7.5259,7.5259,7.5259,7.5259,7.5259,7.5259,7.5259,7.5259,7.5259,7.5259,7.5259,7.5259,7.5259,7.5259,7.5259,7.5259,7.5259,7.5259,7.5259,7.5259,7.5259,7.5259,7.5259,7.5259,7.5259,7.5259,7.5259,7.5259,7.5259,7.5259,7.5259,7.5259,7.5259,7.5259,7.5259,7.5259,7.5259,7.5259,7.5259,7.5259,7.5259
7.5191,7.5191,7.5191,7.5191,7.5191,7.5191,7.5191,7.5191,7.5191,7.5191,7.5191,7.5191,7.5191,7.5191,7.5191,7.5191,7.5191,7.5191,7.5191,7.5191,7.5191,7.5191,7.5191,7.5191,7.5191,7.5191,7.5191,7.5191,7.5191,7.5191,7.5191,7.5191,7.5191,7.5191,7.5191,7.5191,7.5191,7.5191,7.5191,7.5191,7.5191,7.5191,7.5191,7.5191,7.5191,7.5191,7.5191,7.5191,7.5191,7.5191,7.5191,7.5191,7.5191,7.5191,7.5191,7.5191,7.5191,7.5191,7.5191,7.5191,7.5191,7.5191,7.5191,7.5191,7.5191,7.5191,7.5191,7.5191,7.5191,7.5191,7.5191,7.5191,7.5191,7.5191,7.5191,7.5191,7.5191,7.5191,7.5191,7.5191,7.5191,7.5191,7.5191,7.5191,7.5191,7.5191,7.5191,7.5191,7.5191,7.5191,7.5191,7.5191,7.5191,7.5191,7.5191,7.5191,7.5191,7.5191,7.5191,7.5191,7.5191,7.5191,7.5191,7.5191,7.5191,7.5191,7.5191,7.5191,7.5191,7.5191,7.5191,7.5191,7.5191,7.5191,7.5191,7.5191,7.5191,7.5191,7.5191,7.5191,7.5191,7.5191,7.5191,7.5191,7.5191,7.5191,7.5191,7.5191,7.5191,7.5191,7.5191,7.5191,7.5191,7.5191,7.5191,7.5191,7.5191,7.5191,7.5191,7.5191,7.5191,7.5191,7.5191,7.5191,7.5191,7.5191,7.5191,7.5191,7.5191,7.5191,7.5191,7.5191,7.5191,7.5191,7.5191,7.5191,7.5191,7.5191,7.5191,7.5191,7.5191,7.5191,7.5191,7.5191,7.5191,7.5191,7.5191,7.5191,7.5191,7.5191,7.5191,7.5191,7.5191,7.5191,7.5191,7.5191,7.5191,7.5191,7.5191,7.5191,7.5191,7.5191,7.5191,7.5191,7.5191,7.5191,7.5191,7.5191,7.5191,7.5191,7.5191,7.5191,7.5191,7.5191,7.5191,7.5191,7.5191,7.5191,7.5191,7.5191,7.5191,7.5191,7.5191,7.5191,7.5191,7.5191,7.5191,7.5191,7.5191,7.5191,7.5191,7.5191,7.5191,7.5191,7.5191,7.5191,7.5191,7.5191,7.5191,7.5191,7.5191,7.5191,7.5191,7.5191,7.5191,7.5191,7.5191,7.5191,7.5191,7.5191,7.5191,7.5191,7.5191,7.5191,7.5191,7.5191,7.5191,7.5191,7.5191,7.5191,7.5191,7.5191,7.5191,7.5191,7.5191,7.5191,7.5191,7.5191,7.5191,7.5191,7.5191,7.5191,7.5191,7.5191,7.5191,7.5191,7.5191,7.5191,7.5191,7.5191,7.5191,7.5191,7.5191,7.5191,7.5191,7.5191,7.5191,7.5191,7.5191,7.5191,7.5191,7.5191,7.5191,7.5191,7.5191,7.5191,7.5191,7.5191,7.5191,7.5191,7.5191,7.5191,7.5191,7.5191,7.5191,7.5191,7.5191,7.5191,7.5191,7.5191,7.5191,7.5191,7.5191,7.5191,7.5191,7.5191,7.5191,7.5191,7.5191,7.5191,7.5191,7.5191,7.5191,7.5191,7.5191,7.5191,7.5191,7.5191,7.5191,7.5191,7.5191,7.5191,7.5191,7.5191,7.5191,7.5191,7.5191,7.5191,7.5191,7.5191,7.5191,7.5191,7.5191,7.5191,7.5191,7.5191,7.5191,7.5191,7.5191,7.5191,7.5191,7.5191,7.5191,7.5191,7.5191,7.5191,7.5191,7.5191,7.5191,7.5191,7.5191,7.5191,7.5191,7.5191,7.5191,7.5191,7.5191,7.5191,7.5191,7.5191,7.5191,7.5191,7.5191,7.5191,7.5191,7.5191,7.5191,7.5191,7.5191,7.5191,7.5191,7.5191,7.5191,7.5191,7.5191,7.5191,7.5191,7.5191,7.5191,7.5191,7.5191,7.5191,7.5191,7.5191,7.5191,7.5191,7.5191,7.5191,7.5191,7.5191,7.5191,7.5191,7.5191,7.5191,7.5191,7.5191,7.5191,7.5191,7.5191,7.5191,7.5191,7.5191,7.5191,7.5191,7.5191,7.5191,7.5191,7.5191,7.5191,7.5191,7.5191,7.5191,7.5191,7.5191,6.1071,6.0058,5.9812,5.9757,5.9701,5.9648,5.9593,5.9541,5.9486,5.9431,5.9378,5.9324,5.9269,5.9217,5.9163,5.9111,5.9057,5.9003,5.8951,5.8908,5.8906,5.8906,5.8904,5.8904,5.8902,5.8902,5.8899,5.8899,5.8897,5.8897,5.8895,5.8895,5.8893,5.8893,5.8891,5.8891,5.8889,5.8889,5.8887,5.8887,5.8885,5.8885,5.8883,5.8881,5.8881,5.8879,5.8877,5.8883,5.8916,5.8947,5.8980,5.9013,5.9044,5.9078,5.9109,5.9140,5.9171,5.9201,5.9232,5.9261,5.9292,5.9322,5.9353,5.9385,5.9416,5.9448,5.9479,5.9511,5.9543,5.9572,5.9604,5.9634,5.9663,5.9695,5.9725,5.9763,5.9844,5.9925,6.0006,6.0088,6.0170,6.0250,6.0332,6.0414,6.0501,6.0589,6.0676,6.0764,6.0852,6.0943,6.1031,6.1122,6.1212,6.1303,6.1393,6.1478,6.1566,6.1657,6.1743,6.1964,6.2216,6.2371,6.2508,6.2645,6.2781,6.2920,6.3062,6.3204,6.3345,6.3486,6.3628,6.3771,6.3858,6.3945,6.4033,6.4124,6.4207,6.4300,6.4389,6.4476,6.4575,6.4669,6.4762,6.4852,6.4952,6.5048,6.5131,6.5194,6.5257,6.5321,6.5382,6.5453,6.5517,6.5584,6.5645,6.5756,6.5908,6.6056,6.6217,6.6369,6.6532,6.6706,6.6879,6.7061,6.7276,6.7489,6.7729,7.5191,7.5191,7.5191,7.5191,7.5191,7.5191,7.5191,7.5191,7.5191,7.5191,7.5191,7.5191,7.5191,7.5191,7.5191,7.5191,7.5191,7.5191,7.5191,7.5191,7.5191,7.5191,7.5191,7.5191,7.5191,7.5191,7.5191,7.5191,7.5191,7.5191,7.5191,7.5191,7.5191,7.5191,7.5191,7.5191,7.5191,7.5191,7.5191,7.5191,7.5191,7.5191,7.5191,7.5191,7.5191,7.5191,7.5191,7.5191,7.5191,7.5191,7.5191,7.5191,7.5191,7.5191,7.5191,7.5191,7.5191,7.5191,7.5191,7.5191,7.5191,7.5191,7.5191,7.5191,7.5191,7.5191,7.5191,7.5191,7.5191,7.5191,7.5191,7.5191,7.5191,7.5191,7.5191,7.5191,7.5191,7.5191,7.5191,7.5191,7.5191,7.5191,7.5191,7.5191,7.5191,7.5191,7.5191,7.5191,7.5191,7.5191,7.5191,7.5191,7.5191,7.5191,7.5191,7.5191,7.5191,7.5191,7.5191,7.5191,7.5191,7.5191,7.5191,7.5191,7.5191,7.5191,7.5191,7.5191,7.5191,7.5191,7.5191,7.5191,7.5191,7.5191,7.5191,7.5191,7.5191,7.5191,7.5191,7.5191,7.5191,7.5191,7.5191,7.5191,7.5191,7.5191,7.5191,7.5191,7.5191,7.5191,7.5191,7.5191,7.5191,7.5191,7.5191,7.5191,7.5191,7.5191,7.5191,7.5191,7.5191,7.5191,7.5191,7.5191,7.5191,7.5191,7.5191,7.5191,7.5191,7.5191,7.5191,7.5191,7.5191,7.5191,7.5191,7.5191,7.5191,7.5191,7.5191,7.5191,7.5191,7.5191,7.5191,7.5191,7.5191,7.5191,7.5191,7.5191,7.5191,7.5191,7.5191,7.5191,7.5191,7.5191,7.5191,7.5191,7.5191,7.5191,7.5191,7.5191,7.5191,7.5191,7.5191,7.5191,7.5191,7.5191,7.5191,7.5191,7.5191,7.5191,7.5191,7.5191,7.5191,7.5191,7.5191,7.5191,7.5191,7.5191,7.5191,7.5191,7.5191,7.5191,7.5191,7.5191,7.5191,7.5191,7.5191,7.5191,7.5191,7.5191,7.5191,7.5191,7.5191,7.5191,7.5191,7.5191,7.5191,7.5191,7.5191,7.5191,7.5191,7.5191,7.5191,7.5191,7.5191,7.5191,7.5191,7.5191,7.5191,7.5191,7.5191,7.5191,7.5191,7.5191,7.5191,7.5191,7.5191,7.5191,7.5191,7.5191,7.5191,7.5191,7.5191,7.5191,7.5191,7.5191,7.5191,7.5191,7.5191,7.5191,7.5191,7.5191,7.5191,7.5191,7.5191,7.5191,7.5191,7.5191,7.5191,7.5191,7.5191,7.5191,7.5191,7.5191,7.5191,7.5191,7.5191,7.5191,7.5191,7.5191,7.5191,7.5191,7.5191,7.5191,7.5191,7.5191,7.5191,7.5191,7.5191,7.5191,7.5191,7.5191,7.5191,7.5191,7.5191,7.5191,7.5191,7.5191,7.5191,7.5191,7.5191,7.5191,7.5191,7.5191,7.5191,7.5191,7.5191,7.5191,7.5191,7.5191,7.5191,7.5191,7.5191,7.5191,7.5191,7.5191,7.5191,7.5191,7.5191,7.5191,7.5191,7.5191,7.5191,7.5191,7.5191,7.5191,7.5191,7.5191,7.5191,7.5191,7.5191,7.5191,7.5191,7.5191,7.5191,7.5191,7.5191,7.5191,7.5191,7.5191,7.5191,7.5191,7.5191,7.5191,7.5191,7.5191,7.5191,7.5191,7.5191,7.5191,7.5191,7.5191,7.5191,7.5191,7.5191,7.5191,7.5191,7.5191,7.5191,7.5191,7.5191,7.5191,7.5191,7.5191,7.5191,7.5191,7.5191,7.5191,7.5191,7.5191,7.5191,7.5191,7.5191,7.5191,7.5191,7.5191,7.5191,7.5191,7.5191,7.5191,7.5191,7.5191,7.5191,7.5191,7.5191,7.5191,7.5191,7.5191,7.5191,7.5191,7.5191,7.5191,7.5191,7.5191,7.5191,7.5191,7.5191,7.5191,7.5191,7.5191,7.5191,7.5191,7.5191,7.5191,7.5191,7.5191,7.5191,7.5191,7.5191,7.5191,7.5191,7.5191,7.5191,7.5191,7.5191,7.5191,7.5191,7.5191,7.5191
7.5128,7.5128,7.5128,7.5128,7.5128,7.5128,7.5128,7.5128,7.5128,7.5128,7.5128,7.5128,7.5128,7.5128,7.5128,7.5128,7.5128,7.5128,7.5128,7.5128,7.5128,7.5128,7.5128,7.5128,7.5128,7.5128,7.5128,7.5128,7.5128,7.5128,7.5128,7.5128,7.5128,7.5128,7.5128,7.5128,7.5128,7.5128,7.5128,7.5128,7.5128,7.5128,7.5128,7.5128,7.5128,7.5128,7.5128,7.5128,7.5128,7.5128,7.5128,7.5128,7.5128,7.5128,7.5128,7.5128,7.5128,7.5128,7.5128,7.5128,7.5128,7.5128,7.5128,7.5128,7.5128,7.5128,7.5128,7.5128,7.5128,7.5128,7.5128,7.5128,7.5128,7.5128,7.5128,7.5128,7.5128,7.5128,7.5128,7.5128,7.5128,7.5128,7.5128,7.5128,7.5128,7.5128,7.5128,7.5128,7.5128,7.5128,7.5128,7.5128,7.5128,7.5128,7.5128,7.5128,7.5128,7.5128,7.5128,7.5128,7.5128,7.5128,7.5128,7.5128,7.5128,7.5128,7.5128,7.5128,7.5128,7.5128,7.5128,7.5128,7.5128,7.5128,7.5128,7.5128,7.5128,7.5128,7.5128,7.5128,7.5128,7.5128,7.5128,7.5128,7.5128,7.5128,7.5128,7.5128,7.5128,7.5128,7.5128,7.5128,7.5128,7.5128,7.5128,7.5128,7.5128,7.5128,7.5128,7.5128,7.5128,7.5128,7.5128,7.5128,7.5128,7.5128,7.5128,7.5128,7.5128,7.5128,7.5128,7.5128,7.5128,7.5128,7.5128,7.5128,7.5128,7.5128,7.5128,7.5128,7.5128,7.5128,7.5128,7.5128,7.5128,7.5128,7.5128,7.5128,7.5128,7.5128,7.5128,7.5128,7.5128,7.5128,7.5128,7.5128,7.5128,7.5128,7.5128,7.5128,7.5128,7.5128,7.5128,7.5128,7.5128,7.5128,7.5128,7.5128,7.5128,7.5128,7.5128,7.5128,7.5128,7.5128,7.5128,7.5128,7.5128,7.5128,7.5128,7.5128,7.5128,7.5128,7.5128,7.5128,7.5128,7.5128,7.5128,7.5128,7.5128,7.5128,7.5128,7.5128,7.5128,7.5128,7.5128,7.5128,7.5128,7.5128,7.5128,7.5128,7.5128,7.5128,7.5128,7.5128,7.5128,7.5128,7.5128,7.5128,7.5128,7.5128,7.5128,7.5128,7.5128,7.5128,7.5128,7.5128,7.5128,7.5128,7.5128,7.5128,7.5128,7.5128,7.5128,7.5128,7.5128,7.5128,7.5128,7.5128,7.5128,7.5128,7.5128,7.5128,7.5128,7.5128,7.5128,7.5128,7.5128,7.5128,7.5128,7.5128,7.5128,7.5128,7.5128,7.5128,7.5128,7.5128,7.5128,7.5128,7.5128,7.5128,7.5128,7.5128,7.5128,7.5128,7.5128,7.5128,7.5128,7.5128,7.5128,7.5128,7.5128,7.5128,7.5128,7.5128,7.5128,7.5128,7.5128,7.5128,7.5128,7.5128,7.5128,7.5128,7.5128,7.5128,7.5128,7.5128,7.5128,7.5128,7.5128,7.5128,7.5128,7.5128,7.5128,7.5128,7.5128,7.5128,7.5128,7.5128,7.5128,7.5128,7.5128,7.5128,7.5128,7.5128,7.5128,7.5128,7.5128,7.5128,7.5128,7.5128,7.5128,7.5128,7.5128,7.5128,7.5128,7.5128,7.5128,7.5128,7.5128,7.5128,7.5128,7.5128,7.5128,7.5128,7.5128,7.5128,7.5128,7.5128,7.5128,7.5128,7.5128,7.5128,7.5128,7.5128,7.5128,7.5128,7.5128,7.5128,7.5128,7.5128,7.5128,7.5128,7.5128,7.5128,7.5128,7.5128,7.5128,7.5128,7.5128,7.5128,7.5128,7.5128,7.5128,7.5128,7.5128,7.5128,7.5128,7.5128,7.5128,7.5128,7.5128,7.5128,7.5128,7.5128,7.5128,7.5128,7.5128,7.5128,7.5128,7.5128,7.5128,7.5128,7.5128,7.5128,7.5128,7.5128,7.5128,7.5128,7.5128,7.5128,7.5128,7.5128,7.5128,7.5128,7.5128,7.5128,7.5128,7.5128,7.5128,7.5128,7.5128,7.5128,7.5128,7.5128,6.0371,5.9795,5.9740,5.9687,5.9631,5.9579,5.9524,5.9469,5.9416,5.9362,5.9307,5.9255,5.9201,5.9148,5.9094,5.9040,5.8988,5.8935,5.8881,5.8871,5.8871,5.8868,5.8868,5.8866,5.8866,5.8864,5.8864,5.8862,5.8862,5.8860,5.8860,5.8858,5.8858,5.8856,5.8856,5.8854,5.8854,5.8852,5.8852,5.8850,5.8850,5.8848,5.8846,5.8846,5.8844,5.8842,5.8842,5.8868,5.8899,5.8933,5.8964,5.8997,5.9028,5.9061,5.9092,5.9125,5.9157,5.9186,5.9217,5.9246,5.9276,5.9307,5.9339,5.9370,5.9402,5.9433,5.9465,5.9496,5.9528,5.9560,5.9589,5.9619,5.9648,5.9680,5.9710,5.9776,5.9857,5.9938,6.0021,6.0101,6.0183,6.0265,6.0345,6.0427,6.0515,6.0602,6.0690,6.0777,6.0865,6.0954,6.1045,6.1134,6.1225,6.1317,6.1406,6.1492,6.1580,6.1668,6.1891,6.2138,6.2355,6.2492,6.2627,6.2765,6.2904,6.3043,6.3185,6.3328,6.3469,6.3611,6.3754,6.3858,6.3945,6.4036,6.4119,6.4207,6.4296,6.4387,6.4473,6.4567,6.4662,6.4762,6.4857,6.4945,6.5045,6.5126,6.5194,6.5257,6.5316,6.5384,6.5451,6.5512,6.5579,6.5648,6.5715,6.5781,6.5926,6.6077,6.6238,6.6390,6.6548,6.6722,6.6903,6.7087,6.7308,6.7530,6.7767,7.5128,7.5128,7.5128,7.5128,7.5128,7.5128,7.5128,7.5128,7.5128,7.5128,7.5128,7.5128,7.5128,7.5128,7.5128,7.5128,7.5128,7.5128,7.5128,7.5128,7.5128,7.5128,7.5128,7.5128,7.5128,7.5128,7.5128,7.5128,7.5128,7.5128,7.5128,7.5128,7.5128,7.5128,7.5128,7.5128,7.5128,7.5128,7.5128,7.5128,7.5128,7.5128,7.5128,7.5128,7.5128,7.5128,7.5128,7.5128,7.5128,7.5128,7.5128,7.5128,7.5128,7.5128,7.5128,7.5128,7.5128,7.5128,7.5128,7.5128,7.5128,7.5128,7.5128,7.5128,7.5128,7.5128,7.5128,7.5128,7.5128,7.5128,7.5128,7.5128,7.5128,7.5128,7.5128,7.5128,7.5128,7.5128,7.5128,7.5128,7.5128,7.5128,7.5128,7.5128,7.5128,7.5128,7.5128,7.5128,7.5128,7.5128,7.5128,7.5128,7.5128,7.5128,7.5128,7.5128,7.5128,7.5128,7.5128,7.5128,7.5128,7.5128,7.5128,7.5128,7.5128,7.5128,7.5128,7.5128,7.5128,7.5128,7.5128,7.5128,7.5128,7.5128,7.5128,7.5128,7.5128,7.5128,7.5128,7.5128,7.5128,7.5128,7.5128,7.5128,7.5128,7.5128,7.5128,7.5128,7.5128,7.5128,7.5128,7.5128,7.5128,7.5128,7.5128,7.5128,7.5128,7.5128,7.5128,7.5128,7.5128,7.5128,7.5128,7.5128,7.5128,7.5128,7.5128,7.5128,7.5128,7.5128,7.5128,7.5128,7.5128,7.5128,7.5128,7.5128,7.5128,7.5128,7.5128,7.5128,7.5128,7.5128,7.5128,7.5128,7.5128,7.5128,7.5128,7.5128,7.5128,7.5128,7.5128,7.5128,7.5128,7.5128,7.5128,7.5128,7.5128,7.5128,7.5128,7.5128,7.5128,7.5128,7.5128,7.5128,7.5128,7.5128,7.5128,7.5128,7.5128,7.5128,7.5128,7.5128,7.5128,7.5128,7.5128,7.5128,7.5128,7.5128,7.5128,7.5128,7.5128,7.5128,7.5128,7.5128,7.5128,7.5128,7.5128,7.5128,7.5128,7.5128,7.5128,7.5128,7.5128,7.5128,7.5128,7.5128,7.5128,7.5128,7.5128,7.5128,7.5128,7.5128,7.5128,7.5128,7.5128,7.5128,7.5128,7.5128,7.5128,7.5128,7.5128,7.5128,7.5128,7.5128,7.5128,7.5128,7.5128,7.5128,7.5128,7.5128,7.5128,7.5128,7.5128,7.5128,7.5128,7.5128,7.5128,7.5128,7.5128,7.5128,7.5128,7.5128,7.5128,7.5128,7.5128,7.5128,7.5128,7.5128,7.5128,7.5128,7.5128,7.5128,7.5128,7.5128,7.5128,7.5128,7.5128,7.5128,7.5128,7.5128,7.5128,7.5128,7.5128,7.5128,7.5128,7.5128,7.5128,7.5128,7.5128,7.5128,7.5128,7.5128,7.5128,7.5128,7.5128,7.5128,7.5128,7.5128,7.5128,7.5128,7.5128,7.5128,7.5128,7.5128,7.5128,7.5128,7.5128,7.5128,7.5128,7.5128,7.5128,7.5128,7.5128,7.5128,7.5128,7.5128,7.5128,7.5128,7.5128,7.5128,7.5128,7.5128,7.5128,7.5128,7.5128,7.5128,7.5128,7.5128,7.5128,7.5128,7.5128,7.5128,7.5128,7.5128,7.5128,7.5128,7.5128,7.5128,7.5128,7.5128,7.5128,7.5128,7.5128,7.5128,7.5128,7.5128,7.5128,7.5128,7.5128,7.5128,7.5128,7.5128,7.5128,7.5128,7.5128,7.5128,7.5128,7.5128,7.5128,7.5128,7.5128,7.5128,7.5128,7.5128,7.5128,7.5128,7.5128,7.5128,7.5128,7.5128,7.5128,7.5128,7.5128,7.5128,7.5128,7.5128,7.5128,7.5128,7.5128,7.5128,7.5128,7.5128,7.5128,7.5128,7.5128,7.5128,7.5128,7.5128,7.5128,7.5128,7.5128,7.5128,7.5128,7.5128,7.5128,7.5128,7.5128,7.5128,7.5128,7.5128,7.5128,7.5128,7.5128,7.5128,7.5128,7.5128,7.5128,7.5128,7.5128,7.5128,7.5128,7.5128,7.5128,7.5128,7.5128,7.5128,7.5128,7.5128,7.5128
7.5064,7.5064,7.5064,7.5064,7.5064,7.5064,7.5064,7.5064,7.5064,7.5064,7.5064,7.5064,7.5064,7.5064,7.5064,7.5064,7.5064,7.5064,7.5064,7.5064,7.5064,7.5064,7.5064,7.5064,7.5064,7.5064,7.5064,7.5064,7.5064,7.5064,7.5064,7.5064,7.5064,7.5064,7.5064,7.5064,7.5064,7.5064,7.5064,7.5064,7.5064,7.5064,7.5064,7.5064,7.5064,7.5064,7.5064,7.5064,7.5064,7.5064,7.5064,7.5064,7.5064,7.5064,7.5064,7.5064,7.5064,7.5064,7.5064,7.5064,7.5064,7.5064,7.5064,7.5064,7.5064,7.5064,7.5064,7.5064,7.5064,7.5064,7.5064,7.5064,7.5064,7.5064,7.5064,7.5064,7.5064,7.5064,7.5064,7.5064,7.5064,7.5064,7.5064,7.5064,7.5064,7.5064,7.5064,7.5064,7.5064,7.5064,7.5064,7.5064,7.5064,7.5064,7.5064,7.5064,7.5064,7.5064,7.5064,7.5064,7.5064,7.5064,7.5064,7.5064,7.5064,7.5064,7.5064,7.5064,7.5064,7.5064,7.5064,7.5064,7.5064,7.5064,7.5064,7.5064,7.5064,7.5064,7.5064,7.5064,7.5064,7.5064,7.5064,7.5064,7.5064,7.5064,7.5064,7.5064,7.5064,7.5064,7.5064,7.5064,7.5064,7.5064,7.5064,7.5064,7.5064,7.5064,7.5064,7.5064,7.5064,7.5064,7.5064,7.5064,7.5064,7.5064,7.5064,7.5064,7.5064,7.5064,7.5064,7.5064,7.5064,7.5064,7.5064,7.5064,7.5064,7.5064,7.5064,7.5064,7.5064,7.5064,7.5064,7.5064,7.5064,7.5064,7.5064,7.5064,7.5064,7.5064,7.5064,7.5064,7.5064,7.5064,7.5064,7.5064,7.5064,7.5064,7.5064,7.5064,7.5064,7.5064,7.5064,7.5064,7.5064,7.5064,7.5064,7.5064,7.5064,7.5064,7.5064,7.5064,7.5064,7.5064,7.5064,7.5064,7.5064,7.5064,7.5064,7.5064,7.5064,7.5064,7.5064,7.5064,7.5064,7.5064,7.5064,7.5064,7.5064,7.5064,7.5064,7.5064,7.5064,7.5064,7.5064,7.5064,7.5064,7.5064,7.5064,7.5064,7.5064,7.5064,7.5064,7.5064,7.5064,7.5064,7.5064,7.5064,7.5064,7.5064,7.5064,7.5064,7.5064,7.5064,7.5064,7.5064,7.5064,7.5064,7.5064,7.5064,7.5064,7.5064,7.5064,7.5064,7.5064,7.5064,7.5064,7.5064,7.5064,7.5064,7.5064,7.5064,7.5064,7.5064,7.5064,7.5064,7.5064,7.5064,7.5064,7.5064,7.5064,7.5064,7.5064,7.5064,7.5064,7.5064,7.5064,7.5064,7.5064,7.5064,7.5064,7.5064,7.5064,7.5064,7.5064,7.5064,7.5064,7.5064,7.5064,7.5064,7.5064,7.5064,7.5064,7.5064,7.5064,7.5064,7.5064,7.5064,7.5064,7.5064,7.5064,7.5064,7.5064,7.5064,7.5064,7.5064,7.5064,7.5064,7.5064,7.5064,7.5064,7.5064,7.5064,7.5064,7.5064,7.5064,7.5064,7.5064,7.5064,7.5064,7.5064,7.5064,7.5064,7.5064,7.5064,7.5064,7.5064,7.5064,7.5064,7.5064,7.5064,7.5064,7.5064,7.5064,7.5064,7.5064,7.5064,7.5064,7.5064,7.5064,7.5064,7.5064,7.5064,7.5064,7.5064,7.5064,7.5064,7.5064,7.5064,7.5064,7.5064,7.5064,7.5064,7.5064,7.5064,7.5064,7.5064,7.5064,7.5064,7.5064,7.5064,7.5064,7.5064,7.5064,7.5064,7.5064,7.5064,7.5064,7.5064,7.5064,7.5064,7.5064,7.5064,7.5064,7.5064,7.5064,7.5064,7.5064,7.5064,7.5064,7.5064,7.5064,7.5064,7.5064,7.5064,7.5064,7.5064,7.5064,7.5064,7.5064,7.5064,7.5064,7.5064,7.5064,7.5064,7.5064,7.5064,7.5064,7.5064,7.5064,7.5064,7.5064,7.5064,7.5064,7.5064,7.5064,7.5064,7.5064,7.5064,7.5064,7.5064,7.5064,7.5064,6.0687,5.9795,5.9733,5.9676,5.9621,5.9564,5.9509,5.9454,5.9399,5.9345,5.9292,5.9238,5.9186,5.9132,5.9078,5.9026,5.8972,5.8918,5.8866,5.8835,5.8835,5.8833,5.8833,5.8831,5.8831,5.8829,5.8829,5.8827,5.8827,5.8825,5.8825,5.8823,5.8823,5.8821,5.8821,5.8819,5.8819,5.8817,5.8817,5.8815,5.8815,5.8813,5.8813,5.8811,5.8809,5.8807,5.8807,5.8819,5.8852,5.8883,5.8916,5.8947,5.8980,5.9011,5.9044,5.9076,5.9109,5.9140,5.9171,5.9201,5.9232,5.9261,5.9292,5.9324,5.9355,5.9387,5.9418,5.9450,5.9481,5.9513,5.9543,5.9574,5.9604,5.9634,5.9665,5.9710,5.9791,5.9872,5.9953,6.0034,6.0116,6.0198,6.0278,6.0360,6.0443,6.0525,6.0613,6.0700,6.0788,6.0877,6.0967,6.1056,6.1147,6.1238,6.1328,6.1420,6.1507,6.1593,6.1820,6.2062,6.2318,6.2473,6.2610,6.2746,6.2885,6.3026,6.3166,6.3309,6.3450,6.3594,6.3737,6.3858,6.3945,6.4031,6.4119,6.4212,6.4293,6.4387,6.4478,6.4572,6.4664,6.4759,6.4854,6.4945,6.5045,6.5128,6.5194,6.5257,6.5316,6.5379,6.5446,6.5515,6.5576,6.5643,6.5712,6.5779,6.5841,6.5944,6.6097,6.6256,6.6414,6.6569,6.6749,6.6930,6.7133,6.7354,6.7573,6.7813,7.5064,7.5064,7.5064,7.5064,7.5064,7.5064,7.5064,7.5064,7.5064,7.5064,7.5064,7.5064,7.5064,7.5064,7.5064,7.5064,7.5064,7.5064,7.5064,7.5064,7.5064,7.5064,7.5064,7.5064,7.5064,7.5064,7.5064,7.5064,7.5064,7.5064,7.5064,7.5064,7.5064,7.5064,7.5064,7.5064,7.5064,7.5064,7.5064,7.5064,7.5064,7.5064,7.5064,7.5064,7.5064,7.5064,7.5064,7.5064,7.5064,7.5064,7.5064,7.5064,7.5064,7.5064,7.5064,7.5064,7.5064,7.5064,7.5064,7.5064,7.5064,7.5064,7.5064,7.5064,7.5064,7.5064,7.5064,7.5064,7.5064,7.5064,7.5064,7.5064,7.5064,7.5064,7.5064,7.5064,7.5064,7.5064,7.5064,7.5064,7.5064,7.5064,7.5064,7.5064,7.5064,7.5064,7.5064,7.5064,7.5064,7.5064,7.5064,7.5064,7.5064,7.5064,7.5064,7.5064,7.5064,7.5064,7.5064,7.5064,7.5064,7.5064,7.5064,7.5064,7.5064,7.5064,7.5064,7.5064,7.5064,7.5064,7.5064,7.5064,7.5064,7.5064,7.5064,7.5064,7.5064,7.5064,7.5064,7.5064,7.5064,7.5064,7.5064,7.5064,7.5064,7.5064,7.5064,7.5064,7.5064,7.5064,7.5064,7.5064,7.5064,7.5064,7.5064,7.5064,7.5064,7.5064,7.5064,7.5064,7.5064,7.5064,7.5064,7.5064,7.5064,7.5064,7.5064,7.5064,7.5064,7.5064,7.5064,7.5064,7.5064,7.5064,7.5064,7.5064,7.5064,7.5064,7.5064,7.5064,7.5064,7.5064,7.5064,7.5064,7.5064,7.5064,7.5064,7.5064,7.5064,7.5064,7.5064,7.5064,7.5064,7.5064,7.5064,7.5064,7.5064,7.5064,7.5064,7.5064,7.5064,7.5064,7.5064,7.5064,7.5064,7.5064,7.5064,7.5064,7.5064,7.5064,7.5064,7.5064,7.5064,7.5064,7.5064,7.5064,7.5064,7.5064,7.5064,7.5064,7.5064,7.5064,7.5064,7.5064,7.5064,7.5064,7.5064,7.5064,7.5064,7.5064,7.5064,7.5064,7.5064,7.5064,7.5064,7.5064,7.5064,7.5064,7.5064,7.5064,7.5064,7.5064,7.5064,7.5064,7.5064,7.5064,7.5064,7.5064,7.5064,7.5064,7.5064,7.5064,7.5064,7.5064,7.5064,7.5064,7.5064,7.5064,7.5064,7.5064,7.5064,7.5064,7.5064,7.5064,7.5064,7.5064,7.5064,7.5064,7.5064,7.5064,7.5064,7.5064,7.5064,7.5064,7.5064,7.5064,7.5064,7.5064,7.5064,7.5064,7.5064,7.5064,7.5064,7.5064,7.5064,7.5064,7.5064,7.5064,7.5064,7.5064,7.5064,7.5064,7.5064,7.5064,7.5064,7.5064,7.5064,7.5064,7.5064,7.5064,7.5064,7.5064,7.5064,7.5064,7.5064,7.5064,7.5064,7.5064,7.5064,7.5064,7.5064,7.5064,7.5064,7.5064,7.5064,7.5064,7.5064,7.5064,7.5064,7.5064,7.5064,7.5064,7.5064,7.5064,7.5064,7.5064,7.5064,7.5064,7.5064,7.5064,7.5064,7.5064,7.5064,7.5064,7.5064,7.5064,7.5064,7.5064,7.5064,7.5064,7.5064,7.5064,7.5064,7.5064,7.5064,7.5064,7.5064,7.5064,7.5064,7.5064,7.5064,7.5064,7.5064,7.5064,7.5064,7.5064,7.5064,7.5064,7.5064,7.5064,7.5064,7.5064,7.5064,7.5064,7.5064,7.5064,7.5064,7.5064,7.5064,7.5064,7.5064,7.5064,7.5064,7.5064,7.5064,7.5064,7.5064,7.5064,7.5064,7.5064,7.5064,7.5064,7.5064,7.5064,7.5064,7.5064,7.5064,7.5064,7.5064,7.5064,7.5064,7.5064,7.5064,7.5064,7.5064,7.5064,7.5064,7.5064,7.5064,7.5064,7.5064,7.5064,7.5064,7.5064,7.5064,7.5064,7.5064,7.5064,7.5064,7.5064,7.5064,7.5064,7.5064,7.5064,7.5064,7.5064,7.5064,7.5064,7.5064,7.5064,7.5064,7.5064,7.5064,7.5064,7.5064,7.5064,7.5064,7.5064,7.5064
7.5003,7.5003,7.5003,7.5003,7.5003,7.5003,7.5003,7.5003,7.5003,7.5003,7.5003,7.5003,7.5003,7.5003,7.5003,7.5003,7.5003,7.5003,7.5003,7.5003,7.5003,7.5003,7.5003,7.5003,7.5003,7.5003,7.5003,7.5003,7.5003,7.5003,7.5003,7.5003,7.5003,7.5003,7.5003,7.5003,7.5003,7.5003,7.5003,7.5003,7.5003,7.5003,7.5003,7.5003,7.5003,7.5003,7.5003,7.5003,7.5003,7.5003,7.5003,7.5003,7.5003,7.5003,7.5003,7.5003,7.5003,7.5003,7.5003,7.5003,7.5003,7.5003,7.5003,7.5003,7.5003,7.5003,7.5003,7.5003,7.5003,7.5003,7.5003,7.5003,7.5003,7.5003,7.5003,7.5003,7.5003,7.5003,7.5003,7.5003,7.5003,7.5003,7.5003,7.5003,7.5003,7.5003,7.5003,7.5003,7.5003,7.5003,7.5003,7.5003,7.5003,7.5003,7.5003,7.5003,7.5003,7.5003,7.5003,7.5003,7.5003,7.5003,7.5003,7.5003,7.5003,7.5003,7.5003,7.5003,7.5003,7.5003,7.5003,7.5003,7.5003,7.5003,7.5003,7.5003,7.5003,7.5003,7.5003,7.5003,7.5003,7.5003,7.5003,7.5003,7.5003,7.5003,7.5003,7.5003,7.5003,7.5003,7.5003,7.5003,7.5003,7.5003,7.5003,7.5003,7.5003,7.5003,7.5003,7.5003,7.5003,7.5003,7.5003,7.5003,7.5003,7.5003,7.5003,7.5003,7.5003,7.5003,7.5003,7.5003,7.5003,7.5003,7.5003,7.5003,7.5003,7.5003,7.5003,7.5003,7.5003,7.5003,7.5003,7.5003,7.5003,7.5003,7.5003,7.5003,7.5003,7.5003,7.5003,7.5003,7.5003,7.5003,7.5003,7.5003,7.5003,7.5003,7.5003,7.5003,7.5003,7.5003,7.5003,7.5003,7.5003,7.5003,7.5003,7.5003,7.5003,7.5003,7.5003,7.5003,7.5003,7.5003,7.5003,7.5003,7.5003,7.5003,7.5003,7.5003,7.5003,7.5003,7.5003,7.5003,7.5003,7.5003,7.5003,7.5003,7.5003,7.5003,7.5003,7.5003,7.5003,7.5003,7.5003,7.5003,7.5003,7.5003,7.5003,7.5003,7.5003,7.5003,7.5003,7.5003,7.5003,7.5003,7.5003,7.5003,7.5003,7.5003,7.5003,7.5003,7.5003,7.5003,7.5003,7.5003,7.5003,7.5003,7.5003,7.5003,7.5003,7.5003,7.5003,7.5003,7.5003,7.5003,7.5003,7.5003,7.5003,7.5003,7.5003,7.5003,7.5003,7.5003,7.5003,7.5003,7.5003,7.5003,7.5003,7.5003,7.5003,7.5003,7.5003,7.5003,7.5003,7.5003,7.5003,7.5003,7.5003,7.5003,7.5003,7.5003,7.5003,7.5003,7.5003,7.5003,7.5003,7.5003,7.5003,7.5003,7.5003,7.5003,7.5003,7.5003,7.5003,7.5003,7.5003,7.5003,7.5003,7.5003,7.5003,7.5003,7.5003,7.5003,7.5003,7.5003,7.5003,7.5003,7.5003,7.5003,7.5003,7.5003,7.5003,7.5003,7.5003,7.5003,7.5003,7.5003,7.5003,7.5003,7.5003,7.5003,7.5003,7.5003,7.5003,7.5003,7.5003,7.5003,7.5003,7.5003,7.5003,7.5003,7.5003,7.5003,7.5003,7.5003,7.5003,7.5003,7.5003,7.5003,7.5003,7.5003,7.5003,7.5003,7.5003,7.5003,7.5003,7.5003,7.5003,7.5003,7.5003,7.5003,7.5003,7.5003,7.5003,7.5003,7.5003,7.5003,7.5003,7.5003,7.5003,7.5003,7.5003,7.5003,7.5003,7.5003,7.5003,7.5003,7.5003,7.5003,7.5003,7.5003,7.5003,7.5003,7.5003,7.5003,7.5003,7.5003,7.5003,7.5003,7.5003,7.5003,7.5003,7.5003,7.5003,7.5003,7.5003,7.5003,7.5003,7.5003,7.5003,7.5003,7.5003,7.5003,7.5003,7.5003,7.5003,7.5003,7.5003,7.5003,7.5003,7.5003,7.5003,7.5003,7.5003,7.5003,7.5003,7.5003,7.5003,7.5003,7.5003,7.5003,6.1031,6.0056,5.9761,5.9704,5.9648,5.9591,5.9536,5.9479,5.9423,5.9368,5.9311,5.9257,5.9201,5.9146,5.9090,5.9036,5.8980,5.8924,5.8871,5.8815,5.8803,5.8798,5.8796,5.8796,5.8794,5.8794,5.8792,5.8792,5.8790,5.8790,5.8790,5.8788,5.8788,5.8786,5.8786,5.8784,5.8784,5.8782,5.8782,5.8780,5.8780,5.8778,5.8778,5.8776,5.8774,5.8774,5.8772,5.8772,5.8803,5.8835,5.8866,5.8899,5.8930,5.8964,5.8995,5.9028,5.9059,5.9092,5.9123,5.9155,5.9186,5.9215,5.9246,5.9278,5.9309,5.9341,5.9372,5.9404,5.9433,5.9465,5.9496,5.9528,5.9560,5.9589,5.9621,5.9651,5.9723,5.9803,5.9884,5.9966,6.0047,6.0129,6.0211,6.0293,6.0373,6.0456,6.0539,6.0626,6.0714,6.0802,6.0890,6.0978,6.1069,6.1160,6.1250,6.1341,6.1431,6.1521,6.1747,6.1987,6.2242,6.2457,6.2592,6.2730,6.2868,6.3007,6.3150,6.3290,6.3433,6.3575,6.3717,6.3858,6.3945,6.4033,6.4124,6.4205,6.4293,6.4387,6.4473,6.4570,6.4664,6.4759,6.4847,6.4947,6.5043,6.5128,6.5187,6.5257,6.5316,6.5384,6.5443,6.5509,6.5579,6.5645,6.5712,6.5776,6.5838,6.5913,6.5980,6.6116,6.6272,6.6435,6.6587,6.6773,6.6948,6.7173,6.7386,6.7620,6.7849,7.5003,7.5003,7.5003,7.5003,7.5003,7.5003,7.5003,7.5003,7.5003,7.5003,7.5003,7.5003,7.5003,7.5003,7.5003,7.5003,7.5003,7.5003,7.5003,7.5003,7.5003,7.5003,7.5003,7.5003,7.5003,7.5003,7.5003,7.5003,7.5003,7.5003,7.5003,7.5003,7.5003,7.5003,7.5003,7.5003,7.5003,7.5003,7.5003,7.5003,7.5003,7.5003,7.5003,7.5003,7.5003,7.5003,7.5003,7.5003,7.5003,7.5003,7.5003,7.5003,7.5003,7.5003,7.5003,7.5003,7.5003,7.5003,7.5003,7.5003,7.5003,7.5003,7.5003,7.5003,7.5003,7.5003,7.5003,7.5003,7.5003,7.5003,7.5003,7.5003,7.5003,7.5003,7.5003,7.5003,7.5003,7.5003,7.5003,7.5003,7.5003,7.5003,7.5003,7.5003,7.5003,7.5003,7.5003,7.5003,7.5003,7.5003,7.5003,7.5003,7.5003,7.5003,7.5003,7.5003,7.5003,7.5003,7.5003,7.5003,7.5003,7.5003,7.5003,7.5003,7.5003,7.5003,7.5003,7.5003,7.5003,7.5003,7.5003,7.5003,7.5003,7.5003,7.5003,7.5003,7.5003,7.5003,7.5003,7.5003,7.5003,7.5003,7.5003,7.5003,7.5003,7.5003,7.5003,7.5003,7.5003,7.5003,7.5003,7.5003,7.5003,7.5003,7.5003,7.5003,7.5003,7.5003,7.5003,7.5003,7.5003,7.5003,7.5003,7.5003,7.5003,7.5003,7.5003,7.5003,7.5003,7.5003,7.5003,7.5003,7.5003,7.5003,7.5003,7.5003,7.5003,7.5003,7.5003,7.5003,7.5003,7.5003,7.5003,7.5003,7.5003,7.5003,7.5003,7.5003,7.5003,7.5003,7.5003,7.5003,7.5003,7.5003,7.5003,7.5003,7.5003,7.5003,7.5003,7.5003,7.5003,7.5003,7.5003,7.5003,7.5003,7.5003,7.5003,7.5003,7.5003,7.5003,7.5003,7.5003,7.5003,7.5003,7.5003,7.5003,7.5003,7.5003,7.5003,7.5003,7.5003,7.5003,7.5003,7.5003,7.5003,7.5003,7.5003,7.5003,7.5003,7.5003,7.5003,7.5003,7.5003,7.5003,7.5003,7.5003,7.5003,7.5003,7.5003,7.5003,7.5003,7.5003,7.5003,7.5003,7.5003,7.5003,7.5003,7.5003,7.5003,7.5003,7.5003,7.5003,7.5003,7.5003,7.5003,7.5003,7.5003,7.5003,7.5003,7.5003,7.5003,7.5003,7.5003,7.5003,7.5003,7.5003,7.5003,7.5003,7.5003,7.5003,7.5003,7.5003,7.5003,7.5003,7.5003,7.5003,7.5003,7.5003,7.5003,7.5003,7.5003,7.5003,7.5003,7.5003,7.5003,7.5003,7.5003,7.5003,7.5003,7.5003,7.5003,7.5003,7.5003,7.5003,7.5003,7.5003,7.5003,7.5003,7.5003,7.5003,7.5003,7.5003,7.5003,7.5003,7.5003,7.5003,7.5003,7.5003,7.5003,7.5003,7.5003,7.5003,7.5003,7.5003,7.5003,7.5003,7.5003,7.5003,7.5003,7.5003,7.5003,7.5003,7.5003,7.5003,7.5003,7.5003,7.5003,7.5003,7.5003,7.5003,7.5003,7.5003,7.5003,7.5003,7.5003,7.5003,7.5003,7.5003,7.5003,7.5003,7.5003,7.5003,7.5003,7.5003,7.5003,7.5003,7.5003,7.5003,7.5003,7.5003,7.5003,7.5003,7.5003,7.5003,7.5003,7.5003,7.5003,7.5003,7.5003,7.5003,7.5003,7.5003,7.5003,7.5003,7.5003,7.5003,7.5003,7.5003,7.5003,7.5003,7.5003,7.5003,7.5003,7.5003,7.5003,7.5003,7.5003,7.5003,7.5003,7.5003,7.5003,7.5003,7.5003,7.5003,7.5003,7.5003,7.5003,7.5003,7.5003,7.5003,7.5003,7.5003,7.5003,7.5003,7.5003,7.5003,7.5003,7.5003,7.5003,7.5003,7.5003,7.5003,7.5003,7.5003,7.5003,7.5003,7.5003,7.5003,7.5003,7.5003,7.5003,7.5003,7.5003,7.5003,7.5003,7.5003,7.5003,7.5003,7.5003,7.5003,7.5003,7.5003,7.5003,7.5003,7.5003,7.5003,7.5003,7.5003,7.5003
7.4946,7.4946,7.4946,7.4946,7.4946,7.4946,7.4946,7.4946,7.4946,7.4946,7.4946,7.4946,7.4946,7.4946,7.4946,7.4946,7.4946,7.4946,7.4946,7.4946,7.4946,7.4946,7.4946,7.4946,7.4946,7.4946,7.4946,7.4946,7.4946,7.4946,7.4946,7.4946,7.4946,7.4946,7.4946,7.4946,7.4946,7.4946,7.4946,7.4946,7.4946,7.4946,7.4946,7.4946,7.4946,7.4946,7.4946,7.4946,7.4946,7.4946,7.4946,7.4946,7.4946,7.4946,7.4946,7.4946,7.4946,7.4946,7.4946,7.4946,7.4946,7.4946,7.4946,7.4946,7.4946,7.4946,7.4946,7.4946,7.4946,7.4946,7.4946,7.4946,7.4946,7.4946,7.4946,7.4946,7.4946,7.4946,7.4946,7.4946,7.4946,7.4946,7.4946,7.4946,7.4946,7.4946,7.4946,7.4946,7.4946,7.4946,7.4946,7.4946,7.4946,7.4946,7.4946,7.4946,7.4946,7.4946,7.4946,7.4946,7.4946,7.4946,7.4946,7.4946,7.4946,7.4946,7.4946,7.4946,7.4946,7.4946,7.4946,7.4946,7.4946,7.4946,7.4946,7.4946,7.4946,7.4946,7.4946,7.4946,7.4946,7.4946,7.4946,7.4946,7.4946,7.4946,7.4946,7.4946,7.4946,7.4946,7.4946,7.4946,7.4946,7.4946,7.4946,7.4946,7.4946,7.4946,7.4946,7.4946,7.4946,7.4946,7.4946,7.4946,7.4946,7.4946,7.4946,7.4946,7.4946,7.4946,7.4946,7.4946,7.4946,7.4946,7.4946,7.4946,7.4946,7.4946,7.4946,7.4946,7.4946,7.4946,7.4946,7.4946,7.4946,7.4946,7.4946,7.4946,7.4946,7.4946,7.4946,7.4946,7.4946,7.4946,7.4946,7.4946,7.4946,7.4946,7.4946,7.4946,7.4946,7.4946,7.4946,7.4946,7.4946,7.4946,7.4946,7.4946,7.4946,7.4946,7.4946,7.4946,7.4946,7.4946,7.4946,7.4946,7.4946,7.4946,7.4946,7.4946,7.4946,7.4946,7.4946,7.4946,7.4946,7.4946,7.4946,7.4946,7.4946,7.4946,7.4946,7.4946,7.4946,7.4946,7.4946,7.4946,7.4946,7.4946,7.4946,7.4946,7.4946,7.4946,7.4946,7.4946,7.4946,7.4946,7.4946,7.4946,7.4946,7.4946,7.4946,7.4946,7.4946,7.4946,7.4946,7.4946,7.4946,7.4946,7.4946,7.4946,7.4946,7.4946,7.4946,7.4946,7.4946,7.4946,7.4946,7.4946,7.4946,7.4946,7.4946,7.4946,7.4946,7.4946,7.4946,7.4946,7.4946,7.4946,7.4946,7.4946,7.4946,7.4946,7.4946,7.4946,7.4946,7.4946,7.4946,7.4946,7.4946,7.4946,7.4946,7.4946,7.4946,7.4946,7.4946,7.4946,7.4946,7.4946,7.4946,7.4946,7.4946,7.4946,7.4946,7.4946,7.4946,7.4946,7.4946,7.4946,7.4946,7.4946,7.4946,7.4946,7.4946,7.4946,7.4946,7.4946,7.4946,7.4946,7.4946,7.4946,7.4946,7.4946,7.4946,7.4946,7.4946,7.4946,7.4946,7.4946,7.4946,7.4946,7.4946,7.4946,7.4946,7.4946,7.4946,7.4946,7.4946,7.4946,7.4946,7.4946,7.4946,7.4946,7.4946,7.4946,7.4946,7.4946,7.4946,7.4946,7.4946,7.4946,7.4946,7.4946,7.4946,7.4946,7.4946,7.4946,7.4946,7.4946,7.4946,7.4946,7.4946,7.4946,7.4946,7.4946,7.4946,7.4946,7.4946,7.4946,7.4946,7.4946,7.4946,7.4946,7.4946,7.4946,7.4946,7.4946,7.4946,7.4946,7.4946,7.4946,7.4946,7.4946,7.4946,7.4946,7.4946,7.4946,7.4946,7.4946,7.4946,7.4946,7.4946,7.4946,7.4946,7.4946,7.4946,7.4946,7.4946,7.4946,7.4946,7.4946,7.4946,7.4946,7.4946,7.4946,7.4946,7.4946,7.4946,7.4946,7.4946,7.4946,7.4946,7.4946,7.4946,7.4946,7.4946,7.4946,7.4946,7.4946,7.4946,7.4946,7.4946,7.4946,6.0356,5.9910,5.9731,5.9676,5.9619,5.9564,5.9507,5.9450,5.9395,5.9339,5.9284,5.9228,5.9173,5.9117,5.9063,5.9007,5.8951,5.8897,5.8842,5.8798,5.8790,5.8782,5.8772,5.8763,5.8759,5.8757,5.8757,5.8755,5.8755,5.8753,5.8753,5.8751,5.8751,5.8749,5.8749,5.8747,5.8747,5.8745,5.8745,5.8745,5.8743,5.8743,5.8741,5.8739,5.8739,5.8737,5.8735,5.8755,5.8786,5.8819,5.8850,5.8883,5.8914,5.8947,5.8978,5.9011,5.9044,5.9076,5.9109,5.9140,5.9169,5.9201,5.9232,5.9263,5.9295,5.9324,5.9355,5.9387,5.9418,5.9450,5.9481,5.9513,5.9545,5.9574,5.9606,5.9657,5.9738,5.9818,5.9899,5.9981,6.0062,6.0144,6.0226,6.0306,6.0388,6.0471,6.0552,6.0637,6.0725,6.0813,6.0901,6.0991,6.1082,6.1171,6.1263,6.1352,6.1444,6.1677,6.1913,6.2163,6.2420,6.2575,6.2711,6.2849,6.2991,6.3131,6.3273,6.3414,6.3558,6.3701,6.3843,6.3945,6.4033,6.4119,6.4205,6.4293,6.4384,6.4473,6.4565,6.4657,6.4757,6.4847,6.4942,6.5040,6.5123,6.5192,6.5255,6.5316,6.5379,6.5448,6.5507,6.5579,6.5637,6.5704,6.5776,6.5843,6.5911,6.5973,6.6043,6.6136,6.6293,6.6450,6.6611,6.6789,6.6991,6.7211,6.7432,6.7660,6.7893,7.4946,7.4946,7.4946,7.4946,7.4946,7.4946,7.4946,7.4946,7.4946,7.4946,7.4946,7.4946,7.4946,7.4946,7.4946,7.4946,7.4946,7.4946,7.4946,7.4946,7.4946,7.4946,7.4946,7.4946,7.4946,7.4946,7.4946,7.4946,7.4946,7.4946,7.4946,7.4946,7.4946,7.4946,7.4946,7.4946,7.4946,7.4946,7.4946,7.4946,7.4946,7.4946,7.4946,7.4946,7.4946,7.4946,7.4946,7.4946,7.4946,7.4946,7.4946,7.4946,7.4946,7.4946,7.4946,7.4946,7.4946,7.4946,7.4946,7.4946,7.4946,7.4946,7.4946,7.4946,7.4946,7.4946,7.4946,7.4946,7.4946,7.4946,7.4946,7.4946,7.4946,7.4946,7.4946,7.4946,7.4946,7.4946,7.4946,7.4946,7.4946,7.4946,7.4946,7.4946,7.4946,7.4946,7.4946,7.4946,7.4946,7.4946,7.4946,7.4946,7.4946,7.4946,7.4946,7.4946,7.4946,7.4946,7.4946,7.4946,7.4946,7.4946,7.4946,7.4946,7.4946,7.4946,7.4946,7.4946,7.4946,7.4946,7.4946,7.4946,7.4946,7.4946,7.4946,7.4946,7.4946,7.4946,7.4946,7.4946,7.4946,7.4946,7.4946,7.4946,7.4946,7.4946,7.4946,7.4946,7.4946,7.4946,7.4946,7.4946,7.4946,7.4946,7.4946,7.4946,7.4946,7.4946,7.4946,7.4946,7.4946,7.4946,7.4946,7.4946,7.4946,7.4946,7.4946,7.4946,7.4946,7.4946,7.4946,7.4946,7.4946,7.4946,7.4946,7.4946,7.4946,7.4946,7.4946,7.4946,7.4946,7.4946,7.4946,7.4946,7.4946,7.4946,7.4946,7.4946,7.4946,7.4946,7.4946,7.4946,7.4946,7.4946,7.4946,7.4946,7.4946,7.4946,7.4946,7.4946,7.4946,7.4946,7.4946,7.4946,7.4946,7.4946,7.4946,7.4946,7.4946,7.4946,7.4946,7.4946,7.4946,7.4946,7.4946,7.4946,7.4946,7.4946,7.4946,7.4946,7.4946,7.4946,7.4946,7.4946,7.4946,7.4946,7.4946,7.4946,7.4946,7.4946,7.4946,7.4946,7.4946,7.4946,7.4946,7.4946,7.4946,7.4946,7.4946,7.4946,7.4946,7.4946,7.4946,7.4946,7.4946,7.4946,7.4946,7.4946,7.4946,7.4946,7.4946,7.4946,7.4946,7.4946,7.4946,7.4946,7.4946,7.4946,7.4946,7.4946,7.4946,7.4946,7.4946,7.4946,7.4946,7.4946,7.4946,7.4946,7.4946,7.4946,7.4946,7.4946,7.4946,7.4946,7.4946,7.4946,7.4946,7.4946,7.4946,7.4946,7.4946,7.4946,7.4946,7.4946,7.4946,7.4946,7.4946,7.4946,7.4946,7.4946,7.4946,7.4946,7.4946,7.4946,7.4946,7.4946,7.4946,7.4946,7.4946,7.4946,7.4946,7.4946,7.4946,7.4946,7.4946,7.4946,7.4946,7.4946,7.4946,7.4946,7.4946,7.4946,7.4946,7.4946,7.4946,7.4946,7.4946,7.4946,7.4946,7.4946,7.4946,7.4946,7.4946,7.4946,7.4946,7.4946,7.4946,7.4946,7.4946,7.4946,7.4946,7.4946,7.4946,7.4946,7.4946,7.4946,7.4946,7.4946,7.4946,7.4946,7.4946,7.4946,7.4946,7.4946,7.4946,7.4946,7.4946,7.4946,7.4946,7.4946,7.4946,7.4946,7.4946,7.4946,7.4946,7.4946,7.4946,7.4946,7.4946,7.4946,7.4946,7.4946,7.4946,7.4946,7.4946,7.4946,7.4946,7.4946,7.4946,7.4946,7.4946,7.4946,7.4946,7.4946,7.4946,7.4946,7.4946,7.4946,7.4946,7.4946,7.4946,7.4946,7.4946,7.4946,7.4946,7.4946,7.4946,7.4946,7.4946,7.4946,7.4946,7.4946,7.4946,7.4946,7.4946,7.4946,7.4946,7.4946,7.4946,7.4946,7.4946,7.4946,7.4946,7.4946,7.4946,7.4946,7.4946,7.4946,7.4946,7.4946,7.4946,7.4946,7.4946,7.4946,7.4946,7.4946,7.4946,7.4946,7.4946,7.4946,7.4946,7.4946,7.4946,7.4946,7.4946,7.4946,7.4946,7.4946,7.4946
7.4876,7.4876,7.4876,7.4876,7.4876,7.4876,7.4876,7.4876,7.4876,7.4876,7.4876,7.4876,7.4876,7.4876,7.4876,7.4876,7.4876,7.4876,7.4876,7.4876,7.4876,7.4876,7.4876,7.4876,7.4876,7.4876,7.4876,7.4876,7.4876,7.4876,7.4876,7.4876,7.4876,7.4876,7.4876,7.4876,7.4876,7.4876,7.4876,7.4876,7.4876,7.4876,7.4876,7.4876,7.4876,7.4876,7.4876,7.4876,7.4876,7.4876,7.4876,7.4876,7.4876,7.4876,7.4876,7.4876,7.4876,7.4876,7.4876,7.4876,7.4876,7.4876,7.4876,7.4876,7.4876,7.4876,7.4876,7.4876,7.4876,7.4876,7.4876,7.4876,7.4876,7.4876,7.4876,7.4876,7.4876,7.4876,7.4876,7.4876,7.4876,7.4876,7.4876,7.4876,7.4876,7.4876,7.4876,7.4876,7.4876,7.4876,7.4876,7.4876,7.4876,7.4876,7.4876,7.4876,7.4876,7.4876,7.4876,7.4876,7.4876,7.4876,7.4876,7.4876,7.4876,7.4876,7.4876,7.4876,7.4876,7.4876,7.4876,7.4876,7.4876,7.4876,7.4876,7.4876,7.4876,7.4876,7.4876,7.4876,7.4876,7.4876,7.4876,7.4876,7.4876,7.4876,7.4876,7.4876,7.4876,7.4876,7.4876,7.4876,7.4876,7.4876,7.4876,7.4876,7.4876,7.4876,7.4876,7.4876,7.4876,7.4876,7.4876,7.4876,7.4876,7.4876,7.4876,7.4876,7.4876,7.4876,7.4876,7.4876,7.4876,7.4876,7.4876,7.4876,7.4876,7.4876,7.4876,7.4876,7.4876,7.4876,7.4876,7.4876,7.4876,7.4876,7.4876,7.4876,7.4876,7.4876,7.4876,7.4876,7.4876,7.4876,7.4876,7.4876,7.4876,7.4876,7.4876,7.4876,7.4876,7.4876,7.4876,7.4876,7.4876,7.4876,7.4876,7.4876,7.4876,7.4876,7.4876,7.4876,7.4876,7.4876,7.4876,7.4876,7.4876,7.4876,7.4876,7.4876,7.4876,7.4876,7.4876,7.4876,7.4876,7.4876,7.4876,7.4876,7.4876,7.4876,7.4876,7.4876,7.4876,7.4876,7.4876,7.4876,7.4876,7.4876,7.4876,7.4876,7.4876,7.4876,7.4876,7.4876,7.4876,7.4876,7.4876,7.4876,7.4876,7.4876,7.4876,7.4876,7.4876,7.4876,7.4876,7.4876,7.4876,7.4876,7.4876,7.4876,7.4876,7.4876,7.4876,7.4876,7.4876,7.4876,7.4876,7.4876,7.4876,7.4876,7.4876,7.4876,7.4876,7.4876,7.4876,7.4876,7.4876,7.4876,7.4876,7.4876,7.4876,7.4876,7.4876,7.4876,7.4876,7.4876,7.4876,7.4876,7.4876,7.4876,7.4876,7.4876,7.4876,7.4876,7.4876,7.4876,7.4876,7.4876,7.4876,7.4876,7.4876,7.4876,7.4876,7.4876,7.4876,7.4876,7.4876,7.4876,7.4876,7.4876,7.4876,7.4876,7.4876,7.4876,7.4876,7.4876,7.4876,7.4876,7.4876,7.4876,7.4876,7.4876,7.4876,7.4876,7.4876,7.4876,7.4876,7.4876,7.4876,7.4876,7.4876,7.4876,7.4876,7.4876,7.4876,7.4876,7.4876,7.4876,7.4876,7.4876,7.4876,7.4876,7.4876,7.4876,7.4876,7.4876,7.4876,7.4876,7.4876,7.4876,7.4876,7.4876,7.4876,7.4876,7.4876,7.4876,7.4876,7.4876,7.4876,7.4876,7.4876,7.4876,7.4876,7.4876,7.4876,7.4876,7.4876,7.4876,7.4876,7.4876,7.4876,7.4876,7.4876,7.4876,7.4876,7.4876,7.4876,7.4876,7.4876,7.4876,7.4876,7.4876,7.4876,7.4876,7.4876,7.4876,7.4876,7.4876,7.4876,7.4876,7.4876,7.4876,7.4876,7.4876,7.4876,7.4876,7.4876,7.4876,7.4876,7.4876,7.4876,7.4876,7.4876,7.4876,7.4876,7.4876,7.4876,7.4876,7.4876,7.4876,7.4876,7.4876,7.4876,7.4876,7.4876,7.4876,7.4876,7.4876,7.4876,7.4876,7.4876,6.0672,6.0168,5.9767,5.9701,5.9646,5.9591,5.9534,5.9477,5.9423,5.9366,5.9311,5.9255,5.9201,5.9144,5.9090,5.9034,5.8980,5.8924,5.8868,5.8815,5.8786,5.8778,5.8770,5.8759,5.8751,5.8743,5.8733,5.8724,5.8720,5.8718,5.8718,5.8716,5.8716,5.8714,5.8714,5.8712,5.8712,5.8710,5.8710,5.8708,5.8708,5.8706,5.8706,5.8704,5.8704,5.8702,5.8700,5.8706,5.8739,5.8770,5.8803,5.8833,5.8866,5.8899,5.8930,5.8964,5.8995,5.9028,5.9059,5.9092,5.9123,5.9155,5.9186,5.9215,5.9246,5.9278,5.9309,5.9341,5.9372,5.9404,5.9435,5.9467,5.9498,5.9530,5.9560,5.9591,5.9672,5.9752,5.9833,5.9912,5.9994,6.0075,6.0157,6.0239,6.0321,6.0401,6.0484,6.0567,6.0650,6.0738,6.0826,6.0914,6.1005,6.1094,6.1185,6.1274,6.1366,6.1602,6.1843,6.2087,6.2343,6.2557,6.2695,6.2833,6.2972,6.3114,6.3254,6.3398,6.3539,6.3684,6.3826,6.3945,6.4031,6.4121,6.4210,6.4296,6.4389,6.4481,6.4565,6.4662,6.4754,6.4849,6.4939,6.5040,6.5123,6.5187,6.5255,6.5318,6.5379,6.5448,6.5512,6.5571,6.5643,6.5704,6.5774,6.5836,6.5905,6.5978,6.6040,6.6116,6.6183,6.6317,6.6474,6.6632,6.6810,6.7031,6.7251,6.7467,6.7701,6.7934,7.4876,7.4876,7.4876,7.4876,7.4876,7.4876,7.4876,7.4876,7.4876,7.4876,7.4876,7.4876,7.4876,7.4876,7.4876,7.4876,7.4876,7.4876,7.4876,7.4876,7.4876,7.4876,7.4876,7.4876,7.4876,7.4876,7.4876,7.4876,7.4876,7.4876,7.4876,7.4876,7.4876,7.4876,7.4876,7.4876,7.4876,7.4876,7.4876,7.4876,7.4876,7.4876,7.4876,7.4876,7.4876,7.4876,7.4876,7.4876,7.4876,7.4876,7.4876,7.4876,7.4876,7.4876,7.4876,7.4876,7.4876,7.4876,7.4876,7.4876,7.4876,7.4876,7.4876,7.4876,7.4876,7.4876,7.4876,7.4876,7.4876,7.4876,7.4876,7.4876,7.4876,7.4876,7.4876,7.4876,7.4876,7.4876,7.4876,7.4876,7.4876,7.4876,7.4876,7.4876,7.4876,7.4876,7.4876,7.4876,7.4876,7.4876,7.4876,7.4876,7.4876,7.4876,7.4876,7.4876,7.4876,7.4876,7.4876,7.4876,7.4876,7.4876,7.4876,7.4876,7.4876,7.4876,7.4876,7.4876,7.4876,7.4876,7.4876,7.4876,7.4876,7.4876,7.4876,7.4876,7.4876,7.4876,7.4876,7.4876,7.4876,7.4876,7.4876,7.4876,7.4876,7.4876,7.4876,7.4876,7.4876,7.4876,7.4876,7.4876,7.4876,7.4876,7.4876,7.4876,7.4876,7.4876,7.4876,7.4876,7.4876,7.4876,7.4876,7.4876,7.4876,7.4876,7.4876,7.4876,7.4876,7.4876,7.4876,7.4876,7.4876,7.4876,7.4876,7.4876,7.4876,7.4876,7.4876,7.4876,7.4876,7.4876,7.4876,7.4876,7.4876,7.4876,7.4876,7.4876,7.4876,7.4876,7.4876,7.4876,7.4876,7.4876,7.4876,7.4876,7.4876,7.4876,7.4876,7.4876,7.4876,7.4876,7.4876,7.4876,7.4876,7.4876,7.4876,7.4876,7.4876,7.4876,7.4876,7.4876,7.4876,7.4876,7.4876,7.4876,7.4876,7.4876,7.4876,7.4876,7.4876,7.4876,7.4876,7.4876,7.4876,7.4876,7.4876,7.4876,7.4876,7.4876,7.4876,7.4876,7.4876,7.4876,7.4876,7.4876,7.4876,7.4876,7.4876,7.4876,7.4876,7.4876,7.4876,7.4876,7.4876,7.4876,7.4876,7.4876,7.4876,7.4876,7.4876,7.4876,7.4876,7.4876,7.4876,7.4876,7.4876,7.4876,7.4876,7.4876,7.4876,7.4876,7.4876,7.4876,7.4876,7.4876,7.4876,7.4876,7.4876,7.4876,7.4876,7.4876,7.4876,7.4876,7.4876,7.4876,7.4876,7.4876,7.4876,7.4876,7.4876,7.4876,7.4876,7.4876,7.4876,7.4876,7.4876,7.4876,7.4876,7.4876,7.4876,7.4876,7.4876,7.4876,7.4876,7.4876,7.4876,7.4876,7.4876,7.4876,7.4876,7.4876,7.4876,7.4876,7.4876,7.4876,7.4876,7.4876,7.4876,7.4876,7.4876,7.4876,7.4876,7.4876,7.4876,7.4876,7.4876,7.4876,7.4876,7.4876,7.4876,7.4876,7.4876,7.4876,7.4876,7.4876,7.4876,7.4876,7.4876,7.4876,7.4876,7.4876,7.4876,7.4876,7.4876,7.4876,7.4876,7.4876,7.4876,7.4876,7.4876,7.4876,7.4876,7.4876,7.4876,7.4876,7.4876,7.4876,7.4876,7.4876,7.4876,7.4876,7.4876,7.4876,7.4876,7.4876,7.4876,7.4876,7.4876,7.4876,7.4876,7.4876,7.4876,7.4876,7.4876,7.4876,7.4876,7.4876,7.4876,7.4876,7.4876,7.4876,7.4876,7.4876,7.4876,7.4876,7.4876,7.4876,7.4876,7.4876,7.4876,7.4876,7.4876,7.4876,7.4876,7.4876,7.4876,7.4876,7.4876,7.4876,7.4876,7.4876,7.4876,7.4876,7.4876,7.4876,7.4876,7.4876,7.4876,7.4876,7.4876,7.4876,7.4876,7.4876,7.4876,7.4876,7.4876,7.4876,7.4876,7.4876,7.4876,7.4876,7.4876,7.4876,7.4876,7.4876,7.4876,7.4876,7.4876,7.4876,7.4876,7.4876,7.4876,7.4876,7.4876,7.4876,7.4876,7.4876,7.4876
7.4813,7.4813,7.4813,7.4813,7.4813,7.4813,7.4813,7.4813,7.4813,7.4813,7.4813,7.4813,7.4813,7.4813,7.4813,7.4813,7.4813,7.4813,7.4813,7.4813,7.4813,7.4813,7.4813,7.4813,7.4813,7.4813,7.4813,7.4813,7.4813,7.4813,7.4813,7.4813,7.4813,7.4813,7.4813,7.4813,7.4813,7.4813,7.4813,7.4813,7.4813,7.4813,7.4813,7.4813,7.4813,7.4813,7.4813,7.4813,7.4813,7.4813,7.4813,7.4813,7.4813,7.4813,7.4813,7.4813,7.4813,7.4813,7.4813,7.4813,7.4813,7.4813,7.4813,7.4813,7.4813,7.4813,7.4813,7.4813,7.4813,7.4813,7.4813,7.4813,7.4813,7.4813,7.4813,7.4813,7.4813,7.4813,7.4813,7.4813,7.4813,7.4813,7.4813,7.4813,7.4813,7.4813,7.4813,7.4813,7.4813,7.4813,7.4813,7.4813,7.4813,7.4813,7.4813,7.4813,7.4813,7.4813,7.4813,7.4813,7.4813,7.4813,7.4813,7.4813,7.4813,7.4813,7.4813,7.4813,7.4813,7.4813,7.4813,7.4813,7.4813,7.4813,7.4813,7.4813,7.4813,7.4813,7.4813,7.4813,7.4813,7.4813,7.4813,7.4813,7.4813,7.4813,7.4813,7.4813,7.4813,7.4813,7.4813,7.4813,7.4813,7.4813,7.4813,7.4813,7.4813,7.4813,7.4813,7.4813,7.4813,7.4813,7.4813,7.4813,7.4813,7.4813,7.4813,7.4813,7.4813,7.4813,7.4813,7.4813,7.4813,7.4813,7.4813,7.4813,7.4813,7.4813,7.4813,7.4813,7.4813,7.4813,7.4813,7.4813,7.4813,7.4813,7.4813,7.4813,7.4813,7.4813,7.4813,7.4813,7.4813,7.4813,7.4813,7.4813,7.4813,7.4813,7.4813,7.4813,7.4813,7.4813,7.4813,7.4813,7.4813,7.4813,7.4813,7.4813,7.4813,7.4813,7.4813,7.4813,7.4813,7.4813,7.4813,7.4813,7.4813,7.4813,7.4813,7.4813,7.4813,7.4813,7.4813,7.4813,7.4813,7.4813,7.4813,7.4813,7.4813,7.4813,7.4813,7.4813,7.4813,7.4813,7.4813,7.4813,7.4813,7.4813,7.4813,7.4813,7.4813,7.4813,7.4813,7.4813,7.4813,7.4813,7.4813,7.4813,7.4813,7.4813,7.4813,7.4813,7.4813,7.4813,7.4813,7.4813,7.4813,7.4813,7.4813,7.4813,7.4813,7.4813,7.4813,7.4813,7.4813,7.4813,7.4813,7.4813,7.4813,7.4813,7.4813,7.4813,7.4813,7.4813,7.4813,7.4813,7.4813,7.4813,7.4813,7.4813,7.4813,7.4813,7.4813,7.4813,7.4813,7.4813,7.4813,7.4813,7.4813,7.4813,7.4813,7.4813,7.4813,7.4813,7.4813,7.4813,7.4813,7.4813,7.4813,7.4813,7.4813,7.4813,7.4813,7.4813,7.4813,7.4813,7.4813,7.4813,7.4813,7.4813,7.4813,7.4813,7.4813,7.4813,7.4813,7.4813,7.4813,7.4813,7.4813,7.4813,7.4813,7.4813,7.4813,7.4813,7.4813,7.4813,7.4813,7.4813,7.4813,7.4813,7.4813,7.4813,7.4813,7.4813,7.4813,7.4813,7.4813,7.4813,7.4813,7.4813,7.4813,7.4813,7.4813,7.4813,7.4813,7.4813,7.4813,7.4813,7.4813,7.4813,7.4813,7.4813,7.4813,7.4813,7.4813,7.4813,7.4813,7.4813,7.4813,7.4813,7.4813,7.4813,7.4813,7.4813,7.4813,7.4813,7.4813,7.4813,7.4813,7.4813,7.4813,7.4813,7.4813,7.4813,7.4813,7.4813,7.4813,7.4813,7.4813,7.4813,7.4813,7.4813,7.4813,7.4813,7.4813,7.4813,7.4813,7.4813,7.4813,7.4813,7.4813,7.4813,7.4813,7.4813,7.4813,7.4813,7.4813,7.4813,7.4813,7.4813,7.4813,7.4813,7.4813,7.4813,7.4813,7.4813,7.4813,7.4813,7.4813,7.4813,7.4813,7.4813,7.4813,7.4813,7.4813,7.4813,7.4813,7.4813,7.4813,7.4813,6.0994,6.0427,6.0024,5.9729,5.9674,5.9617,5.9562,5.9507,5.9450,5.9393,5.9339,5.9282,5.9228,5.9171,5.9117,5.9061,5.9007,5.8951,5.8897,5.8842,5.8788,5.8774,5.8765,5.8757,5.8747,5.8739,5.8731,5.8720,5.8712,5.8702,5.8694,5.8685,5.8681,5.8679,5.8679,5.8677,5.8677,5.8675,5.8675,5.8673,5.8673,5.8671,5.8671,5.8669,5.8669,5.8667,5.8665,5.8665,5.8690,5.8722,5.8755,5.8786,5.8819,5.8850,5.8883,5.8914,5.8947,5.8978,5.9011,5.9042,5.9076,5.9107,5.9140,5.9169,5.9201,5.9232,5.9263,5.9295,5.9326,5.9357,5.9389,5.9420,5.9452,5.9484,5.9515,5.9545,5.9604,5.9684,5.9765,5.9846,5.9927,6.0009,6.0090,6.0172,6.0254,6.0334,6.0417,6.0499,6.0580,6.0663,6.0749,6.0837,6.0927,6.1016,6.1107,6.1196,6.1288,6.1530,6.1770,6.2012,6.2267,6.2524,6.2678,6.2814,6.2953,6.3095,6.3235,6.3378,6.3522,6.3664,6.3809,6.3945,6.4033,6.4121,6.4207,6.4296,6.4392,6.4481,6.4567,6.4657,6.4749,6.4849,6.4942,6.5038,6.5123,6.5187,6.5255,6.5318,6.5377,6.5441,6.5512,6.5576,6.5635,6.5707,6.5774,6.5836,6.5903,6.5973,6.6045,6.6113,6.6181,6.6251,6.6338,6.6490,6.6653,6.6847,6.7066,6.7289,6.7505,6.7742,6.7975,7.4813,7.4813,7.4813,7.4813,7.4813,7.4813,7.4813,7.4813,7.4813,7.4813,7.4813,7.4813,7.4813,7.4813,7.4813,7.4813,7.4813,7.4813,7.4813,7.4813,7.4813,7.4813,7.4813,7.4813,7.4813,7.4813,7.4813,7.4813,7.4813,7.4813,7.4813,7.4813,7.4813,7.4813,7.4813,7.4813,7.4813,7.4813,7.4813,7.4813,7.4813,7.4813,7.4813,7.4813,7.4813,7.4813,7.4813,7.4813,7.4813,7.4813,7.4813,7.4813,7.4813,7.4813,7.4813,7.4813,7.4813,7.4813,7.4813,7.4813,7.4813,7.4813,7.4813,7.4813,7.4813,7.4813,7.4813,7.4813,7.4813,7.4813,7.4813,7.4813,7.4813,7.4813,7.4813,7.4813,7.4813,7.4813,7.4813,7.4813,7.4813,7.4813,7.4813,7.4813,7.4813,7.4813,7.4813,7.4813,7.4813,7.4813,7.4813,7.4813,7.4813,7.4813,7.4813,7.4813,7.4813,7.4813,7.4813,7.4813,7.4813,7.4813,7.4813,7.4813,7.4813,7.4813,7.4813,7.4813,7.4813,7.4813,7.4813,7.4813,7.4813,7.4813,7.4813,7.4813,7.4813,7.4813,7.4813,7.4813,7.4813,7.4813,7.4813,7.4813,7.4813,7.4813,7.4813,7.4813,7.4813,7.4813,7.4813,7.4813,7.4813,7.4813,7.4813,7.4813,7.4813,7.4813,7.4813,7.4813,7.4813,7.4813,7.4813,7.4813,7.4813,7.4813,7.4813,7.4813,7.4813,7.4813,7.4813,7.4813,7.4813,7.4813,7.4813,7.4813,7.4813,7.4813,7.4813,7.4813,7.4813,7.4813,7.4813,7.4813,7.4813,7.4813,7.4813,7.4813,7.4813,7.4813,7.4813,7.4813,7.4813,7.4813,7.4813,7.4813,7.4813,7.4813,7.4813,7.4813,7.4813,7.4813,7.4813,7.4813,7.4813,7.4813,7.4813,7.4813,7.4813,7.4813,7.4813,7.4813,7.4813,7.4813,7.4813,7.4813,7.4813,7.4813,7.4813,7.4813,7.4813,7.4813,7.4813,7.4813,7.4813,7.4813,7.4813,7.4813,7.4813,7.4813,7.4813,7.4813,7.4813,7.4813,7.4813,7.4813,7.4813,7.4813,7.4813,7.4813,7.4813,7.4813,7.4813,7.4813,7.4813,7.4813,7.4813,7.4813,7.4813,7.4813,7.4813,7.4813,7.4813,7.4813,7.4813,7.4813,7.4813,7.4813,7.4813,7.4813,7.4813,7.4813,7.4813,7.4813,7.4813,7.4813,7.4813,7.4813,7.4813,7.4813,7.4813,7.4813,7.4813,7.4813,7.4813,7.4813,7.4813,7.4813,7.4813,7.4813,7.4813,7.4813,7.4813,7.4813,7.4813,7.4813,7.4813,7.4813,7.4813,7.4813,7.4813,7.4813,7.4813,7.4813,7.4813,7.4813,7.4813,7.4813,7.4813,7.4813,7.4813,7.4813,7.4813,7.4813,7.4813,7.4813,7.4813,7.4813,7.4813,7.4813,7.4813,7.4813,7.4813,7.4813,7.4813,7.4813,7.4813,7.4813,7.4813,7.4813,7.4813,7.4813,7.4813,7.4813,7.4813,7.4813,7.4813,7.4813,7.4813,7.4813,7.4813,7.4813,7.4813,7.4813,7.4813,7.4813,7.4813,7.4813,7.4813,7.4813,7.4813,7.4813,7.4813,7.4813,7.4813,7.4813,7.4813,7.4813,7.4813,7.4813,7.4813,7.4813,7.4813,7.4813,7.4813,7.4813,7.4813,7.4813,7.4813,7.4813,7.4813,7.4813,7.4813,7.4813,7.4813,7.4813,7.4813,7.4813,7.4813,7.4813,7.4813,7.4813,7.4813,7.4813,7.4813,7.4813,7.4813,7.4813,7.4813,7.4813,7.4813,7.4813,7.4813,7.4813,7.4813,7.4813,7.4813,7.4813,7.4813,7.4813,7.4813,7.4813,7.4813,7.4813,7.4813,7.4813,7.4813,7.4813,7.4813,7.4813,7.4813,7.4813,7.4813,7.4813,7.4813,7.4813,7.4813,7.4813,7.4813,7.4813,7.4813,7.4813,7.4813,7.4813,7.4813,7.4813,7.4813,7.4813,7.4813,7.4813,7.4813,7.4813,7.4813,7.4813,7.4813,7.4813,7.4813,7.4813,7.4813
7.4756,7.4756,7.4756,7.4756,7.4756,7.4756,7.4756,7.4756,7.4756,7.4756,7.4756,7.4756,7.4756,7.4756,7.4756,7.4756,7.4756,7.4756,7.4756,7.4756,7.4756,7.4756,7.4756,7.4756,7.4756,7.4756,7.4756,7.4756,7.4756,7.4756,7.4756,7.4756,7.4756,7.4756,7.4756,7.4756,7.4756,7.4756,7.4756,7.4756,7.4756,7.4756,7.4756,7.4756,7.4756,7.4756,7.4756,7.4756,7.4756,7.4756,7.4756,7.4756,7.4756,7.4756,7.4756,7.4756,7.4756,7.4756,7.4756,7.4756,7.4756,7.4756,7.4756,7.4756,7.4756,7.4756,7.4756,7.4756,7.4756,7.4756,7.4756,7.4756,7.4756,7.4756,7.4756,7.4756,7.4756,7.4756,7.4756,7.4756,7.4756,7.4756,7.4756,7.4756,7.4756,7.4756,7.4756,7.4756,7.4756,7.4756,7.4756,7.4756,7.4756,7.4756,7.4756,7.4756,7.4756,7.4756,7.4756,7.4756,7.4756,7.4756,7.4756,7.4756,7.4756,7.4756,7.4756,7.4756,7.4756,7.4756,7.4756,7.4756,7.4756,7.4756,7.4756,7.4756,7.4756,7.4756,7.4756,7.4756,7.4756,7.4756,7.4756,7.4756,7.4756,7.4756,7.4756,7.4756,7.4756,7.4756,7.4756,7.4756,7.4756,7.4756,7.4756,7.4756,7.4756,7.4756,7.4756,7.4756,7.4756,7.4756,7.4756,7.4756,7.4756,7.4756,7.4756,7.4756,7.4756,7.4756,7.4756,7.4756,7.4756,7.4756,7.4756,7.4756,7.4756,7.4756,7.4756,7.4756,7.4756,7.4756,7.4756,7.4756,7.4756,7.4756,7.4756,7.4756,7.4756,7.4756,7.4756,7.4756,7.4756,7.4756,7.4756,7.4756,7.4756,7.4756,7.4756,7.4756,7.4756,7.4756,7.4756,7.4756,7.4756,7.4756,7.4756,7.4756,7.4756,7.4756,7.4756,7.4756,7.4756,7.4756,7.4756,7.4756,7.4756,7.4756,7.4756,7.4756,7.4756,7.4756,7.4756,7.4756,7.4756,7.4756,7.4756,7.4756,7.4756,7.4756,7.4756,7.4756,7.4756,7.4756,7.4756,7.4756,7.4756,7.4756,7.4756,7.4756,7.4756,7.4756,7.4756,7.4756,7.4756,7.4756,7.4756,7.4756,7.4756,7.4756,7.4756,7.4756,7.4756,7.4756,7.4756,7.4756,7.4756,7.4756,7.4756,7.4756,7.4756,7.4756,7.4756,7.4756,7.4756,7.4756,7.4756,7.4756,7.4756,7.4756,7.4756,7.4756,7.4756,7.4756,7.4756,7.4756,7.4756,7.4756,7.4756,7.4756,7.4756,7.4756,7.4756,7.4756,7.4756,7.4756,7.4756,7.4756,7.4756,7.4756,7.4756,7.4756,7.4756,7.4756,7.4756,7.4756,7.4756,7.4756,7.4756,7.4756,7.4756,7.4756,7.4756,7.4756,7.4756,7.4756,7.4756,7.4756,7.4756,7.4756,7.4756,7.4756,7.4756,7.4756,7.4756,7.4756,7.4756,7.4756,7.4756,7.4756,7.4756,7.4756,7.4756,7.4756,7.4756,7.4756,7.4756,7.4756,7.4756,7.4756,7.4756,7.4756,7.4756,7.4756,7.4756,7.4756,7.4756,7.4756,7.4756,7.4756,7.4756,7.4756,7.4756,7.4756,7.4756,7.4756,7.4756,7.4756,7.4756,7.4756,7.4756,7.4756,7.4756,7.4756,7.4756,7.4756,7.4756,7.4756,7.4756,7.4756,7.4756,7.4756,7.4756,7.4756,7.4756,7.4756,7.4756,7.4756,7.4756,7.4756,7.4756,7.4756,7.4756,7.4756,7.4756,7.4756,7.4756,7.4756,7.4756,7.4756,7.4756,7.4756,7.4756,7.4756,7.4756,7.4756,7.4756,7.4756,7.4756,7.4756,7.4756,7.4756,7.4756,7.4756,7.4756,7.4756,7.4756,7.4756,7.4756,7.4756,7.4756,7.4756,7.4756,7.4756,7.4756,7.4756,7.4756,7.4756,7.4756,7.4756,7.4756,7.4756,7.4756,7.4756,7.4756,7.4756,7.4756,7.4756,7.4756,7.4756,6.0692,6.0284,5.9882,5.9699,5.9644,5.9589,5.9534,5.9477,5.9420,5.9366,5.9309,5.9255,5.9198,5.9144,5.9088,5.9034,5.8978,5.8924,5.8868,5.8815,5.8770,5.8761,5.8753,5.8745,5.8735,5.8726,5.8718,5.8708,5.8700,5.8690,5.8681,5.8673,5.8663,5.8655,5.8644,5.8642,5.8640,5.8640,5.8638,5.8638,5.8636,5.8636,5.8634,5.8634,5.8632,5.8632,5.8630,5.8642,5.8675,5.8706,5.8739,5.8770,5.8803,5.8833,5.8866,5.8897,5.8930,5.8962,5.8995,5.9026,5.9059,5.9090,5.9123,5.9155,5.9186,5.9217,5.9249,5.9280,5.9311,5.9341,5.9372,5.9404,5.9435,5.9467,5.9498,5.9536,5.9617,5.9699,5.9780,5.9861,5.9942,6.0024,6.0105,6.0185,6.0267,6.0349,6.0430,6.0512,6.0595,6.0676,6.0762,6.0850,6.0938,6.1029,6.1118,6.1214,6.1453,6.1700,6.1936,6.2188,6.2447,6.2660,6.2798,6.2937,6.3076,6.3219,6.3359,6.3503,6.3647,6.3790,6.3933,6.4033,6.4121,6.4212,6.4298,6.4387,6.4483,6.4572,6.4659,6.4749,6.4842,6.4942,6.5038,6.5126,6.5192,6.5250,6.5318,6.5377,6.5441,6.5504,6.5571,6.5640,6.5699,6.5771,6.5841,6.5908,6.5970,6.6043,6.6113,6.6181,6.6243,6.6314,6.6387,6.6514,6.6680,6.6884,6.7104,6.7330,6.7552,6.7786,6.8017,7.4756,7.4756,7.4756,7.4756,7.4756,7.4756,7.4756,7.4756,7.4756,7.4756,7.4756,7.4756,7.4756,7.4756,7.4756,7.4756,7.4756,7.4756,7.4756,7.4756,7.4756,7.4756,7.4756,7.4756,7.4756,7.4756,7.4756,7.4756,7.4756,7.4756,7.4756,7.4756,7.4756,7.4756,7.4756,7.4756,7.4756,7.4756,7.4756,7.4756,7.4756,7.4756,7.4756,7.4756,7.4756,7.4756,7.4756,7.4756,7.4756,7.4756,7.4756,7.4756,7.4756,7.4756,7.4756,7.4756,7.4756,7.4756,7.4756,7.4756,7.4756,7.4756,7.4756,7.4756,7.4756,7.4756,7.4756,7.4756,7.4756,7.4756,7.4756,7.4756,7.4756,7.4756,7.4756,7.4756,7.4756,7.4756,7.4756,7.4756,7.4756,7.4756,7.4756,7.4756,7.4756,7.4756,7.4756,7.4756,7.4756,7.4756,7.4756,7.4756,7.4756,7.4756,7.4756,7.4756,7.4756,7.4756,7.4756,7.4756,7.4756,7.4756,7.4756,7.4756,7.4756,7.4756,7.4756,7.4756,7.4756,7.4756,7.4756,7.4756,7.4756,7.4756,7.4756,7.4756,7.4756,7.4756,7.4756,7.4756,7.4756,7.4756,7.4756,7.4756,7.4756,7.4756,7.4756,7.4756,7.4756,7.4756,7.4756,7.4756,7.4756,7.4756,7.4756,7.4756,7.4756,7.4756,7.4756,7.4756,7.4756,7.4756,7.4756,7.4756,7.4756,7.4756,7.4756,7.4756,7.4756,7.4756,7.4756,7.4756,7.4756,7.4756,7.4756,7.4756,7.4756,7.4756,7.4756,7.4756,7.4756,7.4756,7.4756,7.4756,7.4756,7.4756,7.4756,7.4756,7.4756,7.4756,7.4756,7.4756,7.4756,7.4756,7.4756,7.4756,7.4756,7.4756,7.4756,7.4756,7.4756,7.4756,7.4756,7.4756,7.4756,7.4756,7.4756,7.4756,7.4756,7.4756,7.4756,7.4756,7.4756,7.4756,7.4756,7.4756,7.4756,7.4756,7.4756,7.4756,7.4756,7.4756,7.4756,7.4756,7.4756,7.4756,7.4756,7.4756,7.4756,7.4756,7.4756,7.4756,7.4756,7.4756,7.4756,7.4756,7.4756,7.4756,7.4756,7.4756,7.4756,7.4756,7.4756,7.4756,7.4756,7.4756,7.4756,7.4756,7.4756,7.4756,7.4756,7.4756,7.4756,7.4756,7.4756,7.4756,7.4756,7.4756,7.4756,7.4756,7.4756,7.4756,7.4756,7.4756,7.4756,7.4756,7.4756,7.4756,7.4756,7.4756,7.4756,7.4756,7.4756,7.4756,7.4756,7.4756,7.4756,7.4756,7.4756,7.4756,7.4756,7.4756,7.4756,7.4756,7.4756,7.4756,7.4756,7.4756,7.4756,7.4756,7.4756,7.4756,7.4756,7.4756,7.4756,7.4756,7.4756,7.4756,7.4756,7.4756,7.4756,7.4756,7.4756,7.4756,7.4756,7.4756,7.4756,7.4756,7.4756,7.4756,7.4756,7.4756,7.4756,7.4756,7.4756,7.4756,7.4756,7.4756,7.4756,7.4756,7.4756,7.4756,7.4756,7.4756,7.4756,7.4756,7.4756,7.4756,7.4756,7.4756,7.4756,7.4756,7.4756,7.4756,7.4756,7.4756,7.4756,7.4756,7.4756,7.4756,7.4756,7.4756,7.4756,7.4756,7.4756,7.4756,7.4756,7.4756,7.4756,7.4756,7.4756,7.4756,7.4756,7.4756,7.4756,7.4756,7.4756,7.4756,7.4756,7.4756,7.4756,7.4756,7.4756,7.4756,7.4756,7.4756,7.4756,7.4756,7.4756,7.4756,7.4756,7.4756,7.4756,7.4756,7.4756,7.4756,7.4756,7.4756,7.4756,7.4756,7.4756,7.4756,7.4756,7.4756,7.4756,7.4756,7.4756,7.4756,7.4756,7.4756,7.4756,7.4756,7.4756,7.4756,7.4756,7.4756,7.4756,7.4756,7.4756,7.4756,7.4756,7.4756,7.4756,7.4756,7.4756,7.4756,7.4756,7.4756,7.4756,7.4756,7.4756,7.4756,7.4756,7.4756,7.4756,7.4756,7.4756,7.4756,7.4756,7.4756,7.4756,7.4756,7.4756,7.4756,7.4756,7.4756,7.4756,7.4756,7.4756
7.4690,7.4690,7.4690,7.4690,7.4690,7.4690,7.4690,7.4690,7.4690,7.4690,7.4690,7.4690,7.4690,7.4690,7.4690,7.4690,7.4690,7.4690,7.4690,7.4690,7.4690,7.4690,7.4690,7.4690,7.4690,7.4690,7.4690,7.4690,7.4690,7.4690,7.4690,7.4690,7.4690,7.4690,7.4690,7.4690,7.4690,7.4690,7.4690,7.4690,7.4690,7.4690,7.4690,7.4690,7.4690,7.4690,7.4690,7.4690,7.4690,7.4690,7.4690,7.4690,7.4690,7.4690,7.4690,7.4690,7.4690,7.4690,7.4690,7.4690,7.4690,7.4690,7.4690,7.4690,7.4690,7.4690,7.4690,7.4690,7.4690,7.4690,7.4690,7.4690,7.4690,7.4690,7.4690,7.4690,7.4690,7.4690,7.4690,7.4690,7.4690,7.4690,7.4690,7.4690,7.4690,7.4690,7.4690,7.4690,7.4690,7.4690,7.4690,7.4690,7.4690,7.4690,7.4690,7.4690,7.4690,7.4690,7.4690,7.4690,7.4690,7.4690,7.4690,7.4690,7.4690,7.4690,7.4690,7.4690,7.4690,7.4690,7.4690,7.4690,7.4690,7.4690,7.4690,7.4690,7.4690,7.4690,7.4690,7.4690,7.4690,7.4690,7.4690,7.4690,7.4690,7.4690,7.4690,7.4690,7.4690,7.4690,7.4690,7.4690,7.4690,7.4690,7.4690,7.4690,7.4690,7.4690,7.4690,7.4690,7.4690,7.4690,7.4690,7.4690,7.4690,7.4690,7.4690,7.4690,7.4690,7.4690,7.4690,7.4690,7.4690,7.4690,7.4690,7.4690,7.4690,7.4690,7.4690,7.4690,7.4690,7.4690,7.4690,7.4690,7.4690,7.4690,7.4690,7.4690,7.4690,7.4690,7.4690,7.4690,7.4690,7.4690,7.4690,7.4690,7.4690,7.4690,7.4690,7.4690,7.4690,7.4690,7.4690,7.4690,7.4690,7.4690,7.4690,7.4690,7.4690,7.4690,7.4690,7.4690,7.4690,7.4690,7.4690,7.4690,7.4690,7.4690,7.4690,7.4690,7.4690,7.4690,7.4690,7.4690,7.4690,7.4690,7.4690,7.4690,7.4690,7.4690,7.4690,7.4690,7.4690,7.4690,7.4690,7.4690,7.4690,7.4690,7.4690,7.4690,7.4690,7.4690,7.4690,7.4690,7.4690,7.4690,7.4690,7.4690,7.4690,7.4690,7.4690,7.4690,7.4690,7.4690,7.4690,7.4690,7.4690,7.4690,7.4690,7.4690,7.4690,7.4690,7.4690,7.4690,7.4690,7.4690,7.4690,7.4690,7.4690,7.4690,7.4690,7.4690,7.4690,7.4690,7.4690,7.4690,7.4690,7.4690,7.4690,7.4690,7.4690,7.4690,7.4690,7.4690,7.4690,7.4690,7.4690,7.4690,7.4690,7.4690,7.4690,7.4690,7.4690,7.4690,7.4690,7.4690,7.4690,7.4690,7.4690,7.4690,7.4690,7.4690,7.4690,7.4690,7.4690,7.4690,7.4690,7.4690,7.4690,7.4690,7.4690,7.4690,7.4690,7.4690,7.4690,7.4690,7.4690,7.4690,7.4690,7.4690,7.4690,7.4690,7.4690,7.4690,7.4690,7.4690,7.4690,7.4690,7.4690,7.4690,7.4690,7.4690,7.4690,7.4690,7.4690,7.4690,7.4690,7.4690,7.4690,7.4690,7.4690,7.4690,7.4690,7.4690,7.4690,7.4690,7.4690,7.4690,7.4690,7.4690,7.4690,7.4690,7.4690,7.4690,7.4690,7.4690,7.4690,7.4690,7.4690,7.4690,7.4690,7.4690,7.4690,7.4690,7.4690,7.4690,7.4690,7.4690,7.4690,7.4690,7.4690,7.4690,7.4690,7.4690,7.4690,7.4690,7.4690,7.4690,7.4690,7.4690,7.4690,7.4690,7.4690,7.4690,7.4690,7.4690,7.4690,7.4690,7.4690,7.4690,7.4690,7.4690,7.4690,7.4690,7.4690,7.4690,7.4690,7.4690,7.4690,7.4690,7.4690,7.4690,7.4690,7.4690,7.4690,7.4690,7.4690,7.4690,7.4690,7.4690,7.4690,7.4690,7.4690,7.4690,7.4690,7.4690,7.4690,7.4690,7.4690,6.0956,6.0545,6.0140,5.9740,5.9672,5.9615,5.9560,5.9505,5.9448,5.9393,5.9336,5.9282,5.9226,5.9171,5.9115,5.9061,5.9005,5.8951,5.8895,5.8842,5.8788,5.8757,5.8749,5.8741,5.8731,5.8722,5.8714,5.8704,5.8696,5.8687,5.8677,5.8669,5.8659,5.8651,5.8642,5.8632,5.8624,5.8614,5.8606,5.8603,5.8601,5.8601,5.8599,5.8599,5.8597,5.8597,5.8595,5.8595,5.8626,5.8659,5.8690,5.8722,5.8753,5.8786,5.8817,5.8850,5.8881,5.8914,5.8945,5.8978,5.9009,5.9042,5.9073,5.9107,5.9138,5.9169,5.9201,5.9232,5.9263,5.9292,5.9324,5.9355,5.9387,5.9418,5.9450,5.9481,5.9549,5.9631,5.9712,5.9793,5.9874,5.9955,6.0036,6.0118,6.0200,6.0282,6.0362,6.0445,6.0528,6.0608,6.0692,6.0775,6.0861,6.0952,6.1040,6.1138,6.1379,6.1623,6.1865,6.2113,6.2369,6.2627,6.2779,6.2918,6.3059,6.3200,6.3343,6.3484,6.3628,6.3773,6.3916,6.4031,6.4119,6.4212,6.4303,6.4394,6.4483,6.4575,6.4659,6.4757,6.4842,6.4934,6.5035,6.5121,6.5184,6.5252,6.5318,6.5382,6.5446,6.5509,6.5573,6.5635,6.5699,6.5766,6.5838,6.5905,6.5970,6.6043,6.6110,6.6175,6.6249,6.6317,6.6385,6.6450,6.6529,6.6712,6.6930,6.7149,6.7365,6.7587,6.7827,6.8064,7.4690,7.4690,7.4690,7.4690,7.4690,7.4690,7.4690,7.4690,7.4690,7.4690,7.4690,7.4690,7.4690,7.4690,7.4690,7.4690,7.4690,7.4690,7.4690,7.4690,7.4690,7.4690,7.4690,7.4690,7.4690,7.4690,7.4690,7.4690,7.4690,7.4690,7.4690,7.4690,7.4690,7.4690,7.4690,7.4690,7.4690,7.4690,7.4690,7.4690,7.4690,7.4690,7.4690,7.4690,7.4690,7.4690,7.4690,7.4690,7.4690,7.4690,7.4690,7.4690,7.4690,7.4690,7.4690,7.4690,7.4690,7.4690,7.4690,7.4690,7.4690,7.4690,7.4690,7.4690,7.4690,7.4690,7.4690,7.4690,7.4690,7.4690,7.4690,7.4690,7.4690,7.4690,7.4690,7.4690,7.4690,7.4690,7.4690,7.4690,7.4690,7.4690,7.4690,7.4690,7.4690,7.4690,7.4690,7.4690,7.4690,7.4690,7.4690,7.4690,7.4690,7.4690,7.4690,7.4690,7.4690,7.4690,7.4690,7.4690,7.4690,7.4690,7.4690,7.4690,7.4690,7.4690,7.4690,7.4690,7.4690,7.4690,7.4690,7.4690,7.4690,7.4690,7.4690,7.4690,7.4690,7.4690,7.4690,7.4690,7.4690,7.4690,7.4690,7.4690,7.4690,7.4690,7.4690,7.4690,7.4690,7.4690,7.4690,7.4690,7.4690,7.4690,7.4690,7.4690,7.4690,7.4690,7.4690,7.4690,7.4690,7.4690,7.4690,7.4690,7.4690,7.4690,7.4690,7.4690,7.4690,7.4690,7.4690,7.4690,7.4690,7.4690,7.4690,7.4690,7.4690,7.4690,7.4690,7.4690,7.4690,7.4690,7.4690,7.4690,7.4690,7.4690,7.4690,7.4690,7.4690,7.4690,7.4690,7.4690,7.4690,7.4690,7.4690,7.4690,7.4690,7.4690,7.4690,7.4690,7.4690,7.4690,7.4690,7.4690,7.4690,7.4690,7.4690,7.4690,7.4690,7.4690,7.4690,7.4690,7.4690,7.4690,7.4690,7.4690,7.4690,7.4690,7.4690,7.4690,7.4690,7.4690,7.4690,7.4690,7.4690,7.4690,7.4690,7.4690,7.4690,7.4690,7.4690,7.4690,7.4690,7.4690,7.4690,7.4690,7.4690,7.4690,7.4690,7.4690,7.4690,7.4690,7.4690,7.4690,7.4690,7.4690,7.4690,7.4690,7.4690,7.4690,7.4690,7.4690,7.4690,7.4690,7.4690,7.4690,7.4690,7.4690,7.4690,7.4690,7.4690,7.4690,7.4690,7.4690,7.4690,7.4690,7.4690,7.4690,7.4690,7.4690,7.4690,7.4690,7.4690,7.4690,7.4690,7.4690,7.4690,7.4690,7.4690,7.4690,7.4690,7.4690,7.4690,7.4690,7.4690,7.4690,7.4690,7.4690,7.4690,7.4690,7.4690,7.4690,7.4690,7.4690,7.4690,7.4690,7.4690,7.4690,7.4690,7.4690,7.4690,7.4690,7.4690,7.4690,7.4690,7.4690,7.4690,7.4690,7.4690,7.4690,7.4690,7.4690,7.4690,7.4690,7.4690,7.4690,7.4690,7.4690,7.4690,7.4690,7.4690,7.4690,7.4690,7.4690,7.4690,7.4690,7.4690,7.4690,7.4690,7.4690,7.4690,7.4690,7.4690,7.4690,7.4690,7.4690,7.4690,7.4690,7.4690,7.4690,7.4690,7.4690,7.4690,7.4690,7.4690,7.4690,7.4690,7.4690,7.4690,7.4690,7.4690,7.4690,7.4690,7.4690,7.4690,7.4690,7.4690,7.4690,7.4690,7.4690,7.4690,7.4690,7.4690,7.4690,7.4690,7.4690,7.4690,7.4690,7.4690,7.4690,7.4690,7.4690,7.4690,7.4690,7.4690,7.4690,7.4690,7.4690,7.4690,7.4690,7.4690,7.4690,7.4690,7.4690,7.4690,7.4690,7.4690,7.4690,7.4690,7.4690,7.4690,7.4690,7.4690,7.4690,7.4690,7.4690,7.4690,7.4690,7.4690,7.4690,7.4690,7.4690,7.4690,7.4690,7.4690,7.4690,7.4690,7.4690,7.4690,7.4690,7.4690,7.4690,7.4690,7.4690,7.4690,7.4690,7.4690,7.4690,7.4690,7.4690,7.4690,7.4690,7.4690,7.4690,7.4690,7.4690,7.4690,7.4690,7.4690
7.4627,7.4627,7.4627,7.4627,7.4627,7.4627,7.4627,7.4627,7.4627,7.4627,7.4627,7.4627,7.4627,7.4627,7.4627,7.4627,7.4627,7.4627,7.4627,7.4627,7.4627,7.4627,7.4627,7.4627,7.4627,7.4627,7.4627,7.4627,7.4627,7.4627,7.4627,7.4627,7.4627,7.4627,7.4627,7.4627,7.4627,7.4627,7.4627,7.4627,7.4627,7.4627,7.4627,7.4627,7.4627,7.4627,7.4627,7.4627,7.4627,7.4627,7.4627,7.4627,7.4627,7.4627,7.4627,7.4627,7.4627,7.4627,7.4627,7.4627,7.4627,7.4627,7.4627,7.4627,7.4627,7.4627,7.4627,7.4627,7.4627,7.4627,7.4627,7.4627,7.4627,7.4627,7.4627,7.4627,7.4627,7.4627,7.4627,7.4627,7.4627,7.4627,7.4627,7.4627,7.4627,7.4627,7.4627,7.4627,7.4627,7.4627,7.4627,7.4627,7.4627,7.4627,7.4627,7.4627,7.4627,7.4627,7.4627,7.4627,7.4627,7.4627,7.4627,7.4627,7.4627,7.4627,7.4627,7.4627,7.4627,7.4627,7.4627,7.4627,7.4627,7.4627,7.4627,7.4627,7.4627,7.4627,7.4627,7.4627,7.4627,7.4627,7.4627,7.4627,7.4627,7.4627,7.4627,7.4627,7.4627,7.4627,7.4627,7.4627,7.4627,7.4627,7.4627,7.4627,7.4627,7.4627,7.4627,7.4627,7.4627,7.4627,7.4627,7.4627,7.4627,7.4627,7.4627,7.4627,7.4627,7.4627,7.4627,7.4627,7.4627,7.4627,7.4627,7.4627,7.4627,7.4627,7.4627,7.4627,7.4627,7.4627,7.4627,7.4627,7.4627,7.4627,7.4627,7.4627,7.4627,7.4627,7.4627,7.4627,7.4627,7.4627,7.4627,7.4627,7.4627,7.4627,7.4627,7.4627,7.4627,7.4627,7.4627,7.4627,7.4627,7.4627,7.4627,7.4627,7.4627,7.4627,7.4627,7.4627,7.4627,7.4627,7.4627,7.4627,7.4627,7.4627,7.4627,7.4627,7.4627,7.4627,7.4627,7.4627,7.4627,7.4627,7.4627,7.4627,7.4627,7.4627,7.4627,7.4627,7.4627,7.4627,7.4627,7.4627,7.4627,7.4627,7.4627,7.4627,7.4627,7.4627,7.4627,7.4627,7.4627,7.4627,7.4627,7.4627,7.4627,7.4627,7.4627,7.4627,7.4627,7.4627,7.4627,7.4627,7.4627,7.4627,7.4627,7.4627,7.4627,7.4627,7.4627,7.4627,7.4627,7.4627,7.4627,7.4627,7.4627,7.4627,7.4627,7.4627,7.4627,7.4627,7.4627,7.4627,7.4627,7.4627,7.4627,7.4627,7.4627,7.4627,7.4627,7.4627,7.4627,7.4627,7.4627,7.4627,7.4627,7.4627,7.4627,7.4627,7.4627,7.4627,7.4627,7.4627,7.4627,7.4627,7.4627,7.4627,7.4627,7.4627,7.4627,7.4627,7.4627,7.4627,7.4627,7.4627,7.4627,7.4627,7.4627,7.4627,7.4627,7.4627,7.4627,7.4627,7.4627,7.4627,7.4627,7.4627,7.4627,7.4627,7.4627,7.4627,7.4627,7.4627,7.4627,7.4627,7.4627,7.4627,7.4627,7.4627,7.4627,7.4627,7.4627,7.4627,7.4627,7.4627,7.4627,7.4627,7.4627,7.4627,7.4627,7.4627,7.4627,7.4627,7.4627,7.4627,7.4627,7.4627,7.4627,7.4627,7.4627,7.4627,7.4627,7.4627,7.4627,7.4627,7.4627,7.4627,7.4627,7.4627,7.4627,7.4627,7.4627,7.4627,7.4627,7.4627,7.4627,7.4627,7.4627,7.4627,7.4627,7.4627,7.4627,7.4627,7.4627,7.4627,7.4627,7.4627,7.4627,7.4627,7.4627,7.4627,7.4627,7.4627,7.4627,7.4627,7.4627,7.4627,7.4627,7.4627,7.4627,7.4627,7.4627,7.4627,7.4627,7.4627,7.4627,7.4627,7.4627,7.4627,7.4627,7.4627,7.4627,7.4627,7.4627,7.4627,7.4627,7.4627,7.4627,7.4627,7.4627,7.4627,7.4627,7.4627,7.4627,7.4627,7.4627,6.0808,6.0399,5.9996,5.9697,5.9642,5.9587,5.9532,5.9475,5.9420,5.9364,5.9309,5.9253,5.9198,5.9142,5.9088,5.9032,5.8978,5.8922,5.8868,5.8815,5.8759,5.8745,5.8737,5.8726,5.8718,5.8710,5.8702,5.8692,5.8683,5.8675,5.8665,5.8657,5.8646,5.8638,5.8630,5.8620,5.8612,5.8601,5.8593,5.8585,5.8575,5.8567,5.8563,5.8563,5.8561,5.8561,5.8559,5.8579,5.8610,5.8642,5.8673,5.8706,5.8737,5.8770,5.8800,5.8833,5.8864,5.8897,5.8928,5.8962,5.8993,5.9026,5.9057,5.9090,5.9121,5.9153,5.9184,5.9215,5.9246,5.9276,5.9307,5.9339,5.9370,5.9402,5.9433,5.9479,5.9562,5.9644,5.9725,5.9806,5.9887,5.9968,6.0049,6.0131,6.0215,6.0295,6.0378,6.0458,6.0541,6.0624,6.0705,6.0788,6.0874,6.0963,6.1065,6.1305,6.1548,6.1793,6.2037,6.2292,6.2550,6.2763,6.2901,6.3041,6.3183,6.3326,6.3467,6.3609,6.3754,6.4048,6.4109,6.4163,6.4224,6.4298,6.4389,6.4486,6.4575,6.4667,6.4752,6.4844,6.4934,6.5033,6.5126,6.5184,6.5252,6.5316,6.5382,6.5446,6.5504,6.5568,6.5632,6.5702,6.5763,6.5833,6.5900,6.5973,6.6035,6.6110,6.6173,6.6246,6.6317,6.6385,6.6453,6.6516,6.6593,6.6746,6.6964,6.7181,6.7402,6.7628,6.7868,6.8108,7.4627,7.4627,7.4627,7.4627,7.4627,7.4627,7.4627,7.4627,7.4627,7.4627,7.4627,7.4627,7.4627,7.4627,7.4627,7.4627,7.4627,7.4627,7.4627,7.4627,7.4627,7.4627,7.4627,7.4627,7.4627,7.4627,7.4627,7.4627,7.4627,7.4627,7.4627,7.4627,7.4627,7.4627,7.4627,7.4627,7.4627,7.4627,7.4627,7.4627,7.4627,7.4627,7.4627,7.4627,7.4627,7.4627,7.4627,7.4627,7.4627,7.4627,7.4627,7.4627,7.4627,7.4627,7.4627,7.4627,7.4627,7.4627,7.4627,7.4627,7.4627,7.4627,7.4627,7.4627,7.4627,7.4627,7.4627,7.4627,7.4627,7.4627,7.4627,7.4627,7.4627,7.4627,7.4627,7.4627,7.4627,7.4627,7.4627,7.4627,7.4627,7.4627,7.4627,7.4627,7.4627,7.4627,7.4627,7.4627,7.4627,7.4627,7.4627,7.4627,7.4627,7.4627,7.4627,7.4627,7.4627,7.4627,7.4627,7.4627,7.4627,7.4627,7.4627,7.4627,7.4627,7.4627,7.4627,7.4627,7.4627,7.4627,7.4627,7.4627,7.4627,7.4627,7.4627,7.4627,7.4627,7.4627,7.4627,7.4627,7.4627,7.4627,7.4627,7.4627,7.4627,7.4627,7.4627,7.4627,7.4627,7.4627,7.4627,7.4627,7.4627,7.4627,7.4627,7.4627,7.4627,7.4627,7.4627,7.4627,7.4627,7.4627,7.4627,7.4627,7.4627,7.4627,7.4627,7.4627,7.4627,7.4627,7.4627,7.4627,7.4627,7.4627,7.4627,7.4627,7.4627,7.4627,7.4627,7.4627,7.4627,7.4627,7.4627,7.4627,7.4627,7.4627,7.4627,7.4627,7.4627,7.4627,7.4627,7.4627,7.4627,7.4627,7.4627,7.4627,7.4627,7.4627,7.4627,7.4627,7.4627,7.4627,7.4627,7.4627,7.4627,7.4627,7.4627,7.4627,7.4627,7.4627,7.4627,7.4627,7.4627,7.4627,7.4627,7.4627,7.4627,7.4627,7.4627,7.4627,7.4627,7.4627,7.4627,7.4627,7.4627,7.4627,7.4627,7.4627,7.4627,7.4627,7.4627,7.4627,7.4627,7.4627,7.4627,7.4627,7.4627,7.4627,7.4627,7.4627,7.4627,7.4627,7.4627,7.4627,7.4627,7.4627,7.4627,7.4627,7.4627,7.4627,7.4627,7.4627,7.4627,7.4627,7.4627,7.4627,7.4627,7.4627,7.4627,7.4627,7.4627,7.4627,7.4627,7.4627,7.4627,7.4627,7.4627,7.4627,7.4627,7.4627,7.4627,7.4627,7.4627,7.4627,7.4627,7.4627,7.4627,7.4627,7.4627,7.4627,7.4627,7.4627,7.4627,7.4627,7.4627,7.4627,7.4627,7.4627,7.4627,7.4627,7.4627,7.4627,7.4627,7.4627,7.4627,7.4627,7.4627,7.4627,7.4627,7.4627,7.4627,7.4627,7.4627,7.4627,7.4627,7.4627,7.4627,7.4627,7.4627,7.4627,7.4627,7.4627,7.4627,7.4627,7.4627,7.4627,7.4627,7.4627,7.4627,7.4627,7.4627,7.4627,7.4627,7.4627,7.4627,7.4627,7.4627,7.4627,7.4627,7.4627,7.4627,7.4627,7.4627,7.4627,7.4627,7.4627,7.4627,7.4627,7.4627,7.4627,7.4627,7.4627,7.4627,7.4627,7.4627,7.4627,7.4627,7.4627,7.4627,7.4627,7.4627,7.4627,7.4627,7.4627,7.4627,7.4627,7.4627,7.4627,7.4627,7.4627,7.4627,7.4627,7.4627,7.4627,7.4627,7.4627,7.4627,7.4627,7.4627,7.4627,7.4627,7.4627,7.4627,7.4627,7.4627,7.4627,7.4627,7.4627,7.4627,7.4627,7.4627,7.4627,7.4627,7.4627,7.4627,7.4627,7.4627,7.4627,7.4627,7.4627,7.4627,7.4627,7.4627,7.4627,7.4627,7.4627,7.4627,7.4627,7.4627,7.4627,7.4627,7.4627,7.4627,7.4627,7.4627,7.4627,7.4627,7.4627,7.4627,7.4627,7.4627,7.4627,7.4627,7.4627,7.4627,7.4627,7.4627,7.4627,7.4627,7.4627,7.4627,7.4627,7.4627,7.4627,7.4627,7.4627,7.4627,7.4627,7.4627
7.4564,7.4564,7.4564,7.4564,7.4564,7.4564,7.4564,7.4564,7.4564,7.4564,7.4564,7.4564,7.4564,7.4564,7.4564,7.4564,7.4564,7.4564,7.4564,7.4564,7.4564,7.4564,7.4564,7.4564,7.4564,7.4564,7.4564,7.4564,7.4564,7.4564,7.4564,7.4564,7.4564,7.4564,7.4564,7.4564,7.4564,7.4564,7.4564,7.4564,7.4564,7.4564,7.4564,7.4564,7.4564,7.4564,7.4564,7.4564,7.4564,7.4564,7.4564,7.4564,7.4564,7.4564,7.4564,7.4564,7.4564,7.4564,7.4564,7.4564,7.4564,7.4564,7.4564,7.4564,7.4564,7.4564,7.4564,7.4564,7.4564,7.4564,7.4564,7.4564,7.4564,7.4564,7.4564,7.4564,7.4564,7.4564,7.4564,7.4564,7.4564,7.4564,7.4564,7.4564,7.4564,7.4564,7.4564,7.4564,7.4564,7.4564,7.4564,7.4564,7.4564,7.4564,7.4564,7.4564,7.4564,7.4564,7.4564,7.4564,7.4564,7.4564,7.4564,7.4564,7.4564,7.4564,7.4564,7.4564,7.4564,7.4564,7.4564,7.4564,7.4564,7.4564,7.4564,7.4564,7.4564,7.4564,7.4564,7.4564,7.4564,7.4564,7.4564,7.4564,7.4564,7.4564,7.4564,7.4564,7.4564,7.4564,7.4564,7.4564,7.4564,7.4564,7.4564,7.4564,7.4564,7.4564,7.4564,7.4564,7.4564,7.4564,7.4564,7.4564,7.4564,7.4564,7.4564,7.4564,7.4564,7.4564,7.4564,7.4564,7.4564,7.4564,7.4564,7.4564,7.4564,7.4564,7.4564,7.4564,7.4564,7.4564,7.4564,7.4564,7.4564,7.4564,7.4564,7.4564,7.4564,7.4564,7.4564,7.4564,7.4564,7.4564,7.4564,7.4564,7.4564,7.4564,7.4564,7.4564,7.4564,7.4564,7.4564,7.4564,7.4564,7.4564,7.4564,7.4564,7.4564,7.4564,7.4564,7.4564,7.4564,7.4564,7.4564,7.4564,7.4564,7.4564,7.4564,7.4564,7.4564,7.4564,7.4564,7.4564,7.4564,7.4564,7.4564,7.4564,7.4564,7.4564,7.4564,7.4564,7.4564,7.4564,7.4564,7.4564,7.4564,7.4564,7.4564,7.4564,7.4564,7.4564,7.4564,7.4564,7.4564,7.4564,7.4564,7.4564,7.4564,7.4564,7.4564,7.4564,7.4564,7.4564,7.4564,7.4564,7.4564,7.4564,7.4564,7.4564,7.4564,7.4564,7.4564,7.4564,7.4564,7.4564,7.4564,7.4564,7.4564,7.4564,7.4564,7.4564,7.4564,7.4564,7.4564,7.4564,7.4564,7.4564,7.4564,7.4564,7.4564,7.4564,7.4564,7.4564,7.4564,7.4564,7.4564,7.4564,7.4564,7.4564,7.4564,7.4564,7.4564,7.4564,7.4564,7.4564,7.4564,7.4564,7.4564,7.4564,7.4564,7.4564,7.4564,7.4564,7.4564,7.4564,7.4564,7.4564,7.4564,7.4564,7.4564,7.4564,7.4564,7.4564,7.4564,7.4564,7.4564,7.4564,7.4564,7.4564,7.4564,7.4564,7.4564,7.4564,7.4564,7.4564,7.4564,7.4564,7.4564,7.4564,7.4564,7.4564,7.4564,7.4564,7.4564,7.4564,7.4564,7.4564,7.4564,7.4564,7.4564,7.4564,7.4564,7.4564,7.4564,7.4564,7.4564,7.4564,7.4564,7.4564,7.4564,7.4564,7.4564,7.4564,7.4564,7.4564,7.4564,7.4564,7.4564,7.4564,7.4564,7.4564,7.4564,7.4564,7.4564,7.4564,7.4564,7.4564,7.4564,7.4564,7.4564,7.4564,7.4564,7.4564,7.4564,7.4564,7.4564,7.4564,7.4564,7.4564,7.4564,7.4564,7.4564,7.4564,7.4564,7.4564,7.4564,7.4564,7.4564,7.4564,7.4564,7.4564,7.4564,7.4564,7.4564,7.4564,7.4564,7.4564,7.4564,7.4564,7.4564,7.4564,7.4564,7.4564,7.4564,7.4564,7.4564,7.4564,7.4564,7.4564,7.4564,7.4564,7.4564,7.4564,7.4564,7.4564,7.4564,7.4564,6.1054,6.0663,6.0256,5.9855,5.9670,5.9612,5.9557,5.9503,5.9448,5.9391,5.9336,5.9280,5.9226,5.9169,5.9115,5.9059,5.9005,5.8949,5.8895,5.8842,5.8786,5.8741,5.8733,5.8722,5.8714,5.8706,5.8698,5.8690,5.8679,5.8671,5.8663,5.8653,5.8644,5.8634,5.8626,5.8618,5.8608,5.8599,5.8589,5.8581,5.8573,5.8563,5.8554,5.8544,5.8536,5.8528,5.8524,5.8530,5.8563,5.8593,5.8626,5.8657,5.8690,5.8720,5.8753,5.8784,5.8817,5.8848,5.8881,5.8912,5.8945,5.8976,5.9009,5.9040,5.9071,5.9105,5.9136,5.9167,5.9198,5.9230,5.9259,5.9290,5.9322,5.9353,5.9385,5.9416,5.9492,5.9574,5.9657,5.9738,5.9818,5.9899,5.9981,6.0067,6.0146,6.0228,6.0308,6.0391,6.0473,6.0556,6.0637,6.0720,6.0804,6.0885,6.0991,6.1232,6.1474,6.1718,6.1961,6.2216,6.2473,6.2732,6.2882,6.3022,6.3164,6.3307,6.3448,6.3592,6.4175,6.4232,6.4288,6.4342,6.4402,6.4466,6.4523,6.4582,6.4642,6.4707,6.4762,6.4849,6.4937,6.5033,6.5126,6.5184,6.5247,6.5311,6.5374,6.5446,6.5509,6.5573,6.5632,6.5702,6.5763,6.5836,6.5903,6.5970,6.6040,6.6108,6.6170,6.6243,6.6314,6.6382,6.6445,6.6516,6.6582,6.6632,6.6783,6.7007,6.7227,6.7449,6.7674,6.7909,6.8144,7.4564,7.4564,7.4564,7.4564,7.4564,7.4564,7.4564,7.4564,7.4564,7.4564,7.4564,7.4564,7.4564,7.4564,7.4564,7.4564,7.4564,7.4564,7.4564,7.4564,7.4564,7.4564,7.4564,7.4564,7.4564,7.4564,7.4564,7.4564,7.4564,7.4564,7.4564,7.4564,7.4564,7.4564,7.4564,7.4564,7.4564,7.4564,7.4564,7.4564,7.4564,7.4564,7.4564,7.4564,7.4564,7.4564,7.4564,7.4564,7.4564,7.4564,7.4564,7.4564,7.4564,7.4564,7.4564,7.4564,7.4564,7.4564,7.4564,7.4564,7.4564,7.4564,7.4564,7.4564,7.4564,7.4564,7.4564,7.4564,7.4564,7.4564,7.4564,7.4564,7.4564,7.4564,7.4564,7.4564,7.4564,7.4564,7.4564,7.4564,7.4564,7.4564,7.4564,7.4564,7.4564,7.4564,7.4564,7.4564,7.4564,7.4564,7.4564,7.4564,7.4564,7.4564,7.4564,7.4564,7.4564,7.4564,7.4564,7.4564,7.4564,7.4564,7.4564,7.4564,7.4564,7.4564,7.4564,7.4564,7.4564,7.4564,7.4564,7.4564,7.4564,7.4564,7.4564,7.4564,7.4564,7.4564,7.4564,7.4564,7.4564,7.4564,7.4564,7.4564,7.4564,7.4564,7.4564,7.4564,7.4564,7.4564,7.4564,7.4564,7.4564,7.4564,7.4564,7.4564,7.4564,7.4564,7.4564,7.4564,7.4564,7.4564,7.4564,7.4564,7.4564,7.4564,7.4564,7.4564,7.4564,7.4564,7.4564,7.4564,7.4564,7.4564,7.4564,7.4564,7.4564,7.4564,7.4564,7.4564,7.4564,7.4564,7.4564,7.4564,7.4564,7.4564,7.4564,7.4564,7.4564,7.4564,7.4564,7.4564,7.4564,7.4564,7.4564,7.4564,7.4564,7.4564,7.4564,7.4564,7.4564,7.4564,7.4564,7.4564,7.4564,7.4564,7.4564,7.4564,7.4564,7.4564,7.4564,7.4564,7.4564,7.4564,7.4564,7.4564,7.4564,7.4564,7.4564,7.4564,7.4564,7.4564,7.4564,7.4564,7.4564,7.4564,7.4564,7.4564,7.4564,7.4564,7.4564,7.4564,7.4564,7.4564,7.4564,7.4564,7.4564,7.4564,7.4564,7.4564,7.4564,7.4564,7.4564,7.4564,7.4564,7.4564,7.4564,7.4564,7.4564,7.4564,7.4564,7.4564,7.4564,7.4564,7.4564,7.4564,7.4564,7.4564,7.4564,7.4564,7.4564,7.4564,7.4564,7.4564,7.4564,7.4564,7.4564,7.4564,7.4564,7.4564,7.4564,7.4564,7.4564,7.4564,7.4564,7.4564,7.4564,7.4564,7.4564,7.4564,7.4564,7.4564,7.4564,7.4564,7.4564,7.4564,7.4564,7.4564,7.4564,7.4564,7.4564,7.4564,7.4564,7.4564,7.4564,7.4564,7.4564,7.4564,7.4564,7.4564,7.4564,7.4564,7.4564,7.4564,7.4564,7.4564,7.4564,7.4564,7.4564,7.4564,7.4564,7.4564,7.4564,7.4564,7.4564,7.4564,7.4564,7.4564,7.4564,7.4564,7.4564,7.4564,7.4564,7.4564,7.4564,7.4564,7.4564,7.4564,7.4564,7.4564,7.4564,7.4564,7.4564,7.4564,7.4564,7.4564,7.4564,7.4564,7.4564,7.4564,7.4564,7.4564,7.4564,7.4564,7.4564,7.4564,7.4564,7.4564,7.4564,7.4564,7.4564,7.4564,7.4564,7.4564,7.4564,7.4564,7.4564,7.4564,7.4564,7.4564,7.4564,7.4564,7.4564,7.4564,7.4564,7.4564,7.4564,7.4564,7.4564,7.4564,7.4564,7.4564,7.4564,7.4564,7.4564,7.4564,7.4564,7.4564,7.4564,7.4564,7.4564,7.4564,7.4564,7.4564,7.4564,7.4564,7.4564,7.4564,7.4564,7.4564,7.4564,7.4564,7.4564,7.4564,7.4564,7.4564,7.4564,7.4564,7.4564,7.4564,7.4564,7.4564,7.4564,7.4564,7.4564,7.4564,7.4564,7.4564,7.4564,7.4564,7.4564,7.4564,7.4564,7.4564,7.4564,7.4564,7.4564,7.4564,7.4564,7.4564,7.4564,7.4564,7.4564,7.4564,7.4564,7.4564,7.4564,7.4564,7.4564
7.4504,7.4504,7.4504,7.4504,7.4504,7.4504,7.4504,7.4504,7.4504,7.4504,7.4504,7.4504,7.4504,7.4504,7.4504,7.4504,7.4504,7.4504,7.4504,7.4504,7.4504,7.4504,7.4504,7.4504,7.4504,7.4504,7.4504,7.4504,7.4504,7.4504,7.4504,7.4504,7.4504,7.4504,7.4504,7.4504,7.4504,7.4504,7.4504,7.4504,7.4504,7.4504,7.4504,7.4504,7.4504,7.4504,7.4504,7.4504,7.4504,7.4504,7.4504,7.4504,7.4504,7.4504,7.4504,7.4504,7.4504,7.4504,7.4504,7.4504,7.4504,7.4504,7.4504,7.4504,7.4504,7.4504,7.4504,7.4504,7.4504,7.4504,7.4504,7.4504,7.4504,7.4504,7.4504,7.4504,7.4504,7.4504,7.4504,7.4504,7.4504,7.4504,7.4504,7.4504,7.4504,7.4504,7.4504,7.4504,7.4504,7.4504,7.4504,7.4504,7.4504,7.4504,7.4504,7.4504,7.4504,7.4504,7.4504,7.4504,7.4504,7.4504,7.4504,7.4504,7.4504,7.4504,7.4504,7.4504,7.4504,7.4504,7.4504,7.4504,7.4504,7.4504,7.4504,7.4504,7.4504,7.4504,7.4504,7.4504,7.4504,7.4504,7.4504,7.4504,7.4504,7.4504,7.4504,7.4504,7.4504,7.4504,7.4504,7.4504,7.4504,7.4504,7.4504,7.4504,7.4504,7.4504,7.4504,7.4504,7.4504,7.4504,7.4504,7.4504,7.4504,7.4504,7.4504,7.4504,7.4504,7.4504,7.4504,7.4504,7.4504,7.4504,7.4504,7.4504,7.4504,7.4504,7.4504,7.4504,7.4504,7.4504,7.4504,7.4504,7.4504,7.4504,7.4504,7.4504,7.4504,7.4504,7.4504,7.4504,7.4504,7.4504,7.4504,7.4504,7.4504,7.4504,7.4504,7.4504,7.4504,7.4504,7.4504,7.4504,7.4504,7.4504,7.4504,7.4504,7.4504,7.4504,7.4504,7.4504,7.4504,7.4504,7.4504,7.4504,7.4504,7.4504,7.4504,7.4504,7.4504,7.4504,7.4504,7.4504,7.4504,7.4504,7.4504,7.4504,7.4504,7.4504,7.4504,7.4504,7.4504,7.4504,7.4504,7.4504,7.4504,7.4504,7.4504,7.4504,7.4504,7.4504,7.4504,7.4504,7.4504,7.4504,7.4504,7.4504,7.4504,7.4504,7.4504,7.4504,7.4504,7.4504,7.4504,7.4504,7.4504,7.4504,7.4504,7.4504,7.4504,7.4504,7.4504,7.4504,7.4504,7.4504,7.4504,7.4504,7.4504,7.4504,7.4504,7.4504,7.4504,7.4504,7.4504,7.4504,7.4504,7.4504,7.4504,7.4504,7.4504,7.4504,7.4504,7.4504,7.4504,7.4504,7.4504,7.4504,7.4504,7.4504,7.4504,7.4504,7.4504,7.4504,7.4504,7.4504,7.4504,7.4504,7.4504,7.4504,7.4504,7.4504,7.4504,7.4504,7.4504,7.4504,7.4504,7.4504,7.4504,7.4504,7.4504,7.4504,7.4504,7.4504,7.4504,7.4504,7.4504,7.4504,7.4504,7.4504,7.4504,7.4504,7.4504,7.4504,7.4504,7.4504,7.4504,7.4504,7.4504,7.4504,7.4504,7.4504,7.4504,7.4504,7.4504,7.4504,7.4504,7.4504,7.4504,7.4504,7.4504,7.4504,7.4504,7.4504,7.4504,7.4504,7.4504,7.4504,7.4504,7.4504,7.4504,7.4504,7.4504,7.4504,7.4504,7.4504,7.4504,7.4504,7.4504,7.4504,7.4504,7.4504,7.4504,7.4504,7.4504,7.4504,7.4504,7.4504,7.4504,7.4504,7.4504,7.4504,7.4504,7.4504,7.4504,7.4504,7.4504,7.4504,7.4504,7.4504,7.4504,7.4504,7.4504,7.4504,7.4504,7.4504,7.4504,7.4504,7.4504,7.4504,7.4504,7.4504,7.4504,7.4504,7.4504,7.4504,7.4504,7.4504,7.4504,7.4504,7.4504,7.4504,7.4504,7.4504,7.4504,7.4504,7.4504,7.4504,7.4504,7.4504,7.4504,7.4504,7.4504,7.4504,7.4504,7.4504,7.4504,7.4504,6.0907,6.0517,6.0112,5.9712,5.9640,5.9585,5.9528,5.9473,5.9418,5.9364,5.9307,5.9253,5.9196,5.9142,5.9086,5.9032,5.8976,5.8922,5.8868,5.8813,5.8759,5.8729,5.8718,5.8710,5.8702,5.8694,5.8685,5.8677,5.8667,5.8659,5.8651,5.8640,5.8632,5.8622,5.8614,5.8606,5.8595,5.8587,5.8577,5.8569,5.8559,5.8550,5.8542,5.8532,5.8524,5.8514,5.8506,5.8518,5.8546,5.8577,5.8610,5.8640,5.8673,5.8704,5.8737,5.8768,5.8800,5.8831,5.8862,5.8895,5.8926,5.8959,5.8990,5.9024,5.9055,5.9088,5.9119,5.9150,5.9182,5.9211,5.9242,5.9274,5.9305,5.9336,5.9368,5.9425,5.9505,5.9587,5.9670,5.9750,5.9831,5.9914,5.9996,6.0079,6.0159,6.0241,6.0323,6.0404,6.0486,6.0569,6.0650,6.0733,6.0817,6.0901,6.1158,6.1400,6.1641,6.1886,6.2138,6.2394,6.2653,6.2866,6.3005,6.3145,6.3288,6.3431,6.4291,6.4347,6.4404,6.4468,6.4523,6.4582,6.4642,6.4702,6.4769,6.4824,6.4884,6.4945,6.5010,6.5065,6.5136,6.5154,6.5184,6.5252,6.5316,6.5374,6.5438,6.5509,6.5573,6.5632,6.5702,6.5766,6.5828,6.5900,6.5970,6.6032,6.6100,6.6168,6.6238,6.6311,6.6374,6.6445,6.6516,6.6572,6.6627,6.6677,6.6818,6.7039,6.7262,6.7481,6.7710,6.7948,6.8196,7.4504,7.4504,7.4504,7.4504,7.4504,7.4504,7.4504,7.4504,7.4504,7.4504,7.4504,7.4504,7.4504,7.4504,7.4504,7.4504,7.4504,7.4504,7.4504,7.4504,7.4504,7.4504,7.4504,7.4504,7.4504,7.4504,7.4504,7.4504,7.4504,7.4504,7.4504,7.4504,7.4504,7.4504,7.4504,7.4504,7.4504,7.4504,7.4504,7.4504,7.4504,7.4504,7.4504,7.4504,7.4504,7.4504,7.4504,7.4504,7.4504,7.4504,7.4504,7.4504,7.4504,7.4504,7.4504,7.4504,7.4504,7.4504,7.4504,7.4504,7.4504,7.4504,7.4504,7.4504,7.4504,7.4504,7.4504,7.4504,7.4504,7.4504,7.4504,7.4504,7.4504,7.4504,7.4504,7.4504,7.4504,7.4504,7.4504,7.4504,7.4504,7.4504,7.4504,7.4504,7.4504,7.4504,7.4504,7.4504,7.4504,7.4504,7.4504,7.4504,7.4504,7.4504,7.4504,7.4504,7.4504,7.4504,7.4504,7.4504,7.4504,7.4504,7.4504,7.4504,7.4504,7.4504,7.4504,7.4504,7.4504,7.4504,7.4504,7.4504,7.4504,7.4504,7.4504,7.4504,7.4504,7.4504,7.4504,7.4504,7.4504,7.4504,7.4504,7.4504,7.4504,7.4504,7.4504,7.4504,7.4504,7.4504,7.4504,7.4504,7.4504,7.4504,7.4504,7.4504,7.4504,7.4504,7.4504,7.4504,7.4504,7.4504,7.4504,7.4504,7.4504,7.4504,7.4504,7.4504,7.4504,7.4504,7.4504,7.4504,7.4504,7.4504,7.4504,7.4504,7.4504,7.4504,7.4504,7.4504,7.4504,7.4504,7.4504,7.4504,7.4504,7.4504,7.4504,7.4504,7.4504,7.4504,7.4504,7.4504,7.4504,7.4504,7.4504,7.4504,7.4504,7.4504,7.4504,7.4504,7.4504,7.4504,7.4504,7.4504,7.4504,7.4504,7.4504,7.4504,7.4504,7.4504,7.4504,7.4504,7.4504,7.4504,7.4504,7.4504,7.4504,7.4504,7.4504,7.4504,7.4504,7.4504,7.4504,7.4504,7.4504,7.4504,7.4504,7.4504,7.4504,7.4504,7.4504,7.4504,7.4504,7.4504,7.4504,7.4504,7.4504,7.4504,7.4504,7.4504,7.4504,7.4504,7.4504,7.4504,7.4504,7.4504,7.4504,7.4504,7.4504,7.4504,7.4504,7.4504,7.4504,7.4504,7.4504,7.4504,7.4504,7.4504,7.4504,7.4504,7.4504,7.4504,7.4504,7.4504,7.4504,7.4504,7.4504,7.4504,7.4504,7.4504,7.4504,7.4504,7.4504,7.4504,7.4504,7.4504,7.4504,7.4504,7.4504,7.4504,7.4504,7.4504,7.4504,7.4504,7.4504,7.4504,7.4504,7.4504,7.4504,7.4504,7.4504,7.4504,7.4504,7.4504,7.4504,7.4504,7.4504,7.4504,7.4504,7.4504,7.4504,7.4504,7.4504,7.4504,7.4504,7.4504,7.4504,7.4504,7.4504,7.4504,7.4504,7.4504,7.4504,7.4504,7.4504,7.4504,7.4504,7.4504,7.4504,7.4504,7.4504,7.4504,7.4504,7.4504,7.4504,7.4504,7.4504,7.4504,7.4504,7.4504,7.4504,7.4504,7.4504,7.4504,7.4504,7.4504,7.4504,7.4504,7.4504,7.4504,7.4504,7.4504,7.4504,7.4504,7.4504,7.4504,7.4504,7.4504,7.4504,7.4504,7.4504,7.4504,7.4504,7.4504,7.4504,7.4504,7.4504,7.4504,7.4504,7.4504,7.4504,7.4504,7.4504,7.4504,7.4504,7.4504,7.4504,7.4504,7.4504,7.4504,7.4504,7.4504,7.4504,7.4504,7.4504,7.4504,7.4504,7.4504,7.4504,7.4504,7.4504,7.4504,7.4504,7.4504,7.4504,7.4504,7.4504,7.4504,7.4504,7.4504,7.4504,7.4504,7.4504,7.4504,7.4504,7.4504,7.4504,7.4504,7.4504,7.4504,7.4504,7.4504,7.4504,7.4504,7.4504,7.4504,7.4504,7.4504,7.4504,7.4504,7.4504,7.4504,7.4504,7.4504,7.4504,7.4504,7.4504,7.4504,7.4504,7.4504,7.4504,7.4504,7.4504,7.4504,7.4504,7.4504,7.4504,7.4504,7.4504
7.4442,7.4442,7.4442,7.4442,7.4442,7.4442,7.4442,7.4442,7.4442,7.4442,7.4442,7.4442,7.4442,7.4442,7.4442,7.4442,7.4442,7.4442,7.4442,7.4442,7.4442,7.4442,7.4442,7.4442,7.4442,7.4442,7.4442,7.4442,7.4442,7.4442,7.4442,7.4442,7.4442,7.4442,7.4442,7.4442,7.4442,7.4442,7.4442,7.4442,7.4442,7.4442,7.4442,7.4442,7.4442,7.4442,7.4442,7.4442,7.4442,7.4442,7.4442,7.4442,7.4442,7.4442,7.4442,7.4442,7.4442,7.4442,7.4442,7.4442,7.4442,7.4442,7.4442,7.4442,7.4442,7.4442,7.4442,7.4442,7.4442,7.4442,7.4442,7.4442,7.4442,7.4442,7.4442,7.4442,7.4442,7.4442,7.4442,7.4442,7.4442,7.4442,7.4442,7.4442,7.4442,7.4442,7.4442,7.4442,7.4442,7.4442,7.4442,7.4442,7.4442,7.4442,7.4442,7.4442,7.4442,7.4442,7.4442,7.4442,7.4442,7.4442,7.4442,7.4442,7.4442,7.4442,7.4442,7.4442,7.4442,7.4442,7.4442,7.4442,7.4442,7.4442,7.4442,7.4442,7.4442,7.4442,7.4442,7.4442,7.4442,7.4442,7.4442,7.4442,7.4442,7.4442,7.4442,7.4442,7.4442,7.4442,7.4442,7.4442,7.4442,7.4442,7.4442,7.4442,7.4442,7.4442,7.4442,7.4442,7.4442,7.4442,7.4442,7.4442,7.4442,7.4442,7.4442,7.4442,7.4442,7.4442,7.4442,7.4442,7.4442,7.4442,7.4442,7.4442,7.4442,7.4442,7.4442,7.4442,7.4442,7.4442,7.4442,7.4442,7.4442,7.4442,7.4442,7.4442,7.4442,7.4442,7.4442,7.4442,7.4442,7.4442,7.4442,7.4442,7.4442,7.4442,7.4442,7.4442,7.4442,7.4442,7.4442,7.4442,7.4442,7.4442,7.4442,7.4442,7.4442,7.4442,7.4442,7.4442,7.4442,7.4442,7.4442,7.4442,7.4442,7.4442,7.4442,7.4442,7.4442,7.4442,7.4442,7.4442,7.4442,7.4442,7.4442,7.4442,7.4442,7.4442,7.4442,7.4442,7.4442,7.4442,7.4442,7.4442,7.4442,7.4442,7.4442,7.4442,7.4442,7.4442,7.4442,7.4442,7.4442,7.4442,7.4442,7.4442,7.4442,7.4442,7.4442,7.4442,7.4442,7.4442,7.4442,7.4442,7.4442,7.4442,7.4442,7.4442,7.4442,7.4442,7.4442,7.4442,7.4442,7.4442,7.4442,7.4442,7.4442,7.4442,7.4442,7.4442,7.4442,7.4442,7.4442,7.4442,7.4442,7.4442,7.4442,7.4442,7.4442,7.4442,7.4442,7.4442,7.4442,7.4442,7.4442,7.4442,7.4442,7.4442,7.4442,7.4442,7.4442,7.4442,7.4442,7.4442,7.4442,7.4442,7.4442,7.4442,7.4442,7.4442,7.4442,7.4442,7.4442,7.4442,7.4442,7.4442,7.4442,7.4442,7.4442,7.4442,7.4442,7.4442,7.4442,7.4442,7.4442,7.4442,7.4442,7.4442,7.4442,7.4442,7.4442,7.4442,7.4442,7.4442,7.4442,7.4442,7.4442,7.4442,7.4442,7.4442,7.4442,7.4442,7.4442,7.4442,7.4442,7.4442,7.4442,7.4442,7.4442,7.4442,7.4442,7.4442,7.4442,7.4442,7.4442,7.4442,7.4442,7.4442,7.4442,7.4442,7.4442,7.4442,7.4442,7.4442,7.4442,7.4442,7.4442,7.4442,7.4442,7.4442,7.4442,7.4442,7.4442,7.4442,7.4442,7.4442,7.4442,7.4442,7.4442,7.4442,7.4442,7.4442,7.4442,7.4442,7.4442,7.4442,7.4442,7.4442,7.4442,7.4442,7.4442,7.4442,7.4442,7.4442,7.4442,7.4442,7.4442,7.4442,7.4442,7.4442,7.4442,7.4442,7.4442,7.4442,7.4442,7.4442,7.4442,7.4442,7.4442,7.4442,7.4442,7.4442,7.4442,7.4442,7.4442,7.4442,7.4442,7.4442,7.4442,7.4442,7.4442,7.4442,7.4442,7.4442,7.4442,7.4442,6.0760,6.0371,5.9968,5.9665,5.9610,5.9555,5.9500,5.9446,5.9389,5.9334,5.9280,5.9223,5.9169,5.9113,5.9059,5.9003,5.8949,5.8895,5.8840,5.8786,5.8733,5.8714,5.8706,5.8698,5.8690,5.8681,5.8673,5.8663,5.8655,5.8646,5.8636,5.8628,5.8620,5.8610,5.8601,5.8591,5.8583,5.8575,5.8565,5.8556,5.8546,5.8538,5.8530,5.8520,5.8512,5.8501,5.8493,5.8516,5.8538,5.8563,5.8591,5.8624,5.8655,5.8687,5.8718,5.8751,5.8782,5.8815,5.8846,5.8879,5.8910,5.8943,5.8974,5.9007,5.9038,5.9071,5.9103,5.9134,5.9165,5.9194,5.9226,5.9257,5.9288,5.9320,5.9355,5.9437,5.9517,5.9600,5.9682,5.9763,5.9846,5.9927,6.0009,6.0090,6.0172,6.0254,6.0336,6.0419,6.0499,6.0582,6.0665,6.0747,6.0830,6.1085,6.1323,6.1566,6.1811,6.2062,6.2318,6.2575,6.2835,6.2986,6.3128,6.4357,6.4414,6.4476,6.4533,6.4590,6.4650,6.4704,6.4764,6.4829,6.4884,6.4950,6.5017,6.5083,6.5146,6.5204,6.5214,6.5230,6.5242,6.5255,6.5268,6.5311,6.5379,6.5443,6.5502,6.5573,6.5632,6.5702,6.5761,6.5825,6.5892,6.5967,6.6035,6.6097,6.6168,6.6241,6.6309,6.6372,6.6448,6.6506,6.6556,6.6616,6.6669,6.6725,6.6858,6.7074,6.7300,6.7527,6.7753,6.7997,6.8238,7.4442,7.4442,7.4442,7.4442,7.4442,7.4442,7.4442,7.4442,7.4442,7.4442,7.4442,7.4442,7.4442,7.4442,7.4442,7.4442,7.4442,7.4442,7.4442,7.4442,7.4442,7.4442,7.4442,7.4442,7.4442,7.4442,7.4442,7.4442,7.4442,7.4442,7.4442,7.4442,7.4442,7.4442,7.4442,7.4442,7.4442,7.4442,7.4442,7.4442,7.4442,7.4442,7.4442,7.4442,7.4442,7.4442,7.4442,7.4442,7.4442,7.4442,7.4442,7.4442,7.4442,7.4442,7.4442,7.4442,7.4442,7.4442,7.4442,7.4442,7.4442,7.4442,7.4442,7.4442,7.4442,7.4442,7.4442,7.4442,7.4442,7.4442,7.4442,7.4442,7.4442,7.4442,7.4442,7.4442,7.4442,7.4442,7.4442,7.4442,7.4442,7.4442,7.4442,7.4442,7.4442,7.4442,7.4442,7.4442,7.4442,7.4442,7.4442,7.4442,7.4442,7.4442,7.4442,7.4442,7.4442,7.4442,7.4442,7.4442,7.4442,7.4442,7.4442,7.4442,7.4442,7.4442,7.4442,7.4442,7.4442,7.4442,7.4442,7.4442,7.4442,7.4442,7.4442,7.4442,7.4442,7.4442,7.4442,7.4442,7.4442,7.4442,7.4442,7.4442,7.4442,7.4442,7.4442,7.4442,7.4442,7.4442,7.4442,7.4442,7.4442,7.4442,7.4442,7.4442,7.4442,7.4442,7.4442,7.4442,7.4442,7.4442,7.4442,7.4442,7.4442,7.4442,7.4442,7.4442,7.4442,7.4442,7.4442,7.4442,7.4442,7.4442,7.4442,7.4442,7.4442,7.4442,7.4442,7.4442,7.4442,7.4442,7.4442,7.4442,7.4442,7.4442,7.4442,7.4442,7.4442,7.4442,7.4442,7.4442,7.4442,7.4442,7.4442,7.4442,7.4442,7.4442,7.4442,7.4442,7.4442,7.4442,7.4442,7.4442,7.4442,7.4442,7.4442,7.4442,7.4442,7.4442,7.4442,7.4442,7.4442,7.4442,7.4442,7.4442,7.4442,7.4442,7.4442,7.4442,7.4442,7.4442,7.4442,7.4442,7.4442,7.4442,7.4442,7.4442,7.4442,7.4442,7.4442,7.4442,7.4442,7.4442,7.4442,7.4442,7.4442,7.4442,7.4442,7.4442,7.4442,7.4442,7.4442,7.4442,7.4442,7.4442,7.4442,7.4442,7.4442,7.4442,7.4442,7.4442,7.4442,7.4442,7.4442,7.4442,7.4442,7.4442,7.4442,7.4442,7.4442,7.4442,7.4442,7.4442,7.4442,7.4442,7.4442,7.4442,7.4442,7.4442,7.4442,7.4442,7.4442,7.4442,7.4442,7.4442,7.4442,7.4442,7.4442,7.4442,7.4442,7.4442,7.4442,7.4442,7.4442,7.4442,7.4442,7.4442,7.4442,7.4442,7.4442,7.4442,7.4442,7.4442,7.4442,7.4442,7.4442,7.4442,7.4442,7.4442,7.4442,7.4442,7.4442,7.4442,7.4442,7.4442,7.4442,7.4442,7.4442,7.4442,7.4442,7.4442,7.4442,7.4442,7.4442,7.4442,7.4442,7.4442,7.4442,7.4442,7.4442,7.4442,7.4442,7.4442,7.4442,7.4442,7.4442,7.4442,7.4442,7.4442,7.4442,7.4442,7.4442,7.4442,7.4442,7.4442,7.4442,7.4442,7.4442,7.4442,7.4442,7.4442,7.4442,7.4442,7.4442,7.4442,7.4442,7.4442,7.4442,7.4442,7.4442,7.4442,7.4442,7.4442,7.4442,7.4442,7.4442,7.4442,7.4442,7.4442,7.4442,7.4442,7.4442,7.4442,7.4442,7.4442,7.4442,7.4442,7.4442,7.4442,7.4442,7.4442,7.4442,7.4442,7.4442,7.4442,7.4442,7.4442,7.4442,7.4442,7.4442,7.4442,7.4442,7.4442,7.4442,7.4442,7.4442,7.4442,7.4442,7.4442,7.4442,7.4442,7.4442,7.4442,7.4442,7.4442,7.4442,7.4442,7.4442,7.4442,7.4442,7.4442,7.4442,7.4442,7.4442,7.4442,7.4442,7.4442,7.4442,7.4442,7.4442,7.4442,7.4442,7.4442,7.4442,7.4442,7.4442,7.4442,7.4442,7.4442,7.4442,7.4442,7.4442,7.4442,7.4442,7.4442,7.4442,7.4442,7.4442
7.4379,7.4379,7.4379,7.4379,7.4379,7.4379,7.4379,7.4379,7.4379,7.4379,7.4379,7.4379,7.4379,7.4379,7.4379,7.4379,7.4379,7.4379,7.4379,7.4379,7.4379,7.4379,7.4379,7.4379,7.4379,7.4379,7.4379,7.4379,7.4379,7.4379,7.4379,7.4379,7.4379,7.4379,7.4379,7.4379,7.4379,7.4379,7.4379,7.4379,7.4379,7.4379,7.4379,7.4379,7.4379,7.4379,7.4379,7.4379,7.4379,7.4379,7.4379,7.4379,7.4379,7.4379,7.4379,7.4379,7.4379,7.4379,7.4379,7.4379,7.4379,7.4379,7.4379,7.4379,7.4379,7.4379,7.4379,7.4379,7.4379,7.4379,7.4379,7.4379,7.4379,7.4379,7.4379,7.4379,7.4379,7.4379,7.4379,7.4379,7.4379,7.4379,7.4379,7.4379,7.4379,7.4379,7.4379,7.4379,7.4379,7.4379,7.4379,7.4379,7.4379,7.4379,7.4379,7.4379,7.4379,7.4379,7.4379,7.4379,7.4379,7.4379,7.4379,7.4379,7.4379,7.4379,7.4379,7.4379,7.4379,7.4379,7.4379,7.4379,7.4379,7.4379,7.4379,7.4379,7.4379,7.4379,7.4379,7.4379,7.4379,7.4379,7.4379,7.4379,7.4379,7.4379,7.4379,7.4379,7.4379,7.4379,7.4379,7.4379,7.4379,7.4379,7.4379,7.4379,7.4379,7.4379,7.4379,7.4379,7.4379,7.4379,7.4379,7.4379,7.4379,7.4379,7.4379,7.4379,7.4379,7.4379,7.4379,7.4379,7.4379,7.4379,7.4379,7.4379,7.4379,7.4379,7.4379,7.4379,7.4379,7.4379,7.4379,7.4379,7.4379,7.4379,7.4379,7.4379,7.4379,7.4379,7.4379,7.4379,7.4379,7.4379,7.4379,7.4379,7.4379,7.4379,7.4379,7.4379,7.4379,7.4379,7.4379,7.4379,7.4379,7.4379,7.4379,7.4379,7.4379,7.4379,7.4379,7.4379,7.4379,7.4379,7.4379,7.4379,7.4379,7.4379,7.4379,7.4379,7.4379,7.4379,7.4379,7.4379,7.4379,7.4379,7.4379,7.4379,7.4379,7.4379,7.4379,7.4379,7.4379,7.4379,7.4379,7.4379,7.4379,7.4379,7.4379,7.4379,7.4379,7.4379,7.4379,7.4379,7.4379,7.4379,7.4379,7.4379,7.4379,7.4379,7.4379,7.4379,7.4379,7.4379,7.4379,7.4379,7.4379,7.4379,7.4379,7.4379,7.4379,7.4379,7.4379,7.4379,7.4379,7.4379,7.4379,7.4379,7.4379,7.4379,7.4379,7.4379,7.4379,7.4379,7.4379,7.4379,7.4379,7.4379,7.4379,7.4379,7.4379,7.4379,7.4379,7.4379,7.4379,7.4379,7.4379,7.4379,7.4379,7.4379,7.4379,7.4379,7.4379,7.4379,7.4379,7.4379,7.4379,7.4379,7.4379,7.4379,7.4379,7.4379,7.4379,7.4379,7.4379,7.4379,7.4379,7.4379,7.4379,7.4379,7.4379,7.4379,7.4379,7.4379,7.4379,7.4379,7.4379,7.4379,7.4379,7.4379,7.4379,7.4379,7.4379,7.4379,7.4379,7.4379,7.4379,7.4379,7.4379,7.4379,7.4379,7.4379,7.4379,7.4379,7.4379,7.4379,7.4379,7.4379,7.4379,7.4379,7.4379,7.4379,7.4379,7.4379,7.4379,7.4379,7.4379,7.4379,7.4379,7.4379,7.4379,7.4379,7.4379,7.4379,7.4379,7.4379,7.4379,7.4379,7.4379,7.4379,7.4379,7.4379,7.4379,7.4379,7.4379,7.4379,7.4379,7.4379,7.4379,7.4379,7.4379,7.4379,7.4379,7.4379,7.4379,7.4379,7.4379,7.4379,7.4379,7.4379,7.4379,7.4379,7.4379,7.4379,7.4379,7.4379,7.4379,7.4379,7.4379,7.4379,7.4379,7.4379,7.4379,7.4379,7.4379,7.4379,7.4379,7.4379,7.4379,7.4379,7.4379,7.4379,7.4379,7.4379,7.4379,7.4379,7.4379,7.4379,7.4379,7.4379,7.4379,7.4379,7.4379,7.4379,7.4379,7.4379,7.4379,6.0996,6.0613,6.0228,5.9827,5.9638,5.9583,5.9526,5.9471,5.9416,5.9362,5.9305,5.9251,5.9196,5.9140,5.9086,5.9030,5.8976,5.8922,5.8866,5.8813,5.8759,5.8710,5.8702,5.8694,5.8685,5.8677,5.8669,5.8659,5.8651,5.8642,5.8634,5.8624,5.8616,5.8608,5.8597,5.8589,5.8579,5.8571,5.8563,5.8552,5.8544,5.8534,5.8526,5.8518,5.8508,5.8499,5.8489,5.8491,5.8514,5.8538,5.8561,5.8583,5.8608,5.8638,5.8671,5.8702,5.8735,5.8765,5.8798,5.8829,5.8862,5.8893,5.8926,5.8957,5.8990,5.9022,5.9053,5.9086,5.9117,5.9148,5.9178,5.9209,5.9240,5.9272,5.9303,5.9368,5.9450,5.9530,5.9612,5.9695,5.9776,5.9859,5.9940,6.0024,6.0103,6.0185,6.0267,6.0349,6.0432,6.0515,6.0595,6.0679,6.0762,6.0914,6.1250,6.1492,6.1738,6.1982,6.2239,6.2496,6.2758,6.2970,6.4486,6.4538,6.4600,6.4652,6.4714,6.4767,6.4832,6.4897,6.4960,6.5025,6.5093,6.5159,6.5232,6.5270,6.5285,6.5296,6.5308,6.5313,6.5329,6.5339,6.5356,6.5369,6.5379,6.5443,6.5502,6.5571,6.5632,6.5702,6.5761,6.5825,6.5892,6.5960,6.6027,6.6100,6.6170,6.6233,6.6301,6.6372,6.6440,6.6495,6.6545,6.6598,6.6659,6.6709,6.6765,6.6892,6.7109,6.7335,6.7560,6.7797,6.8047,6.8291,7.4379,7.4379,7.4379,7.4379,7.4379,7.4379,7.4379,7.4379,7.4379,7.4379,7.4379,7.4379,7.4379,7.4379,7.4379,7.4379,7.4379,7.4379,7.4379,7.4379,7.4379,7.4379,7.4379,7.4379,7.4379,7.4379,7.4379,7.4379,7.4379,7.4379,7.4379,7.4379,7.4379,7.4379,7.4379,7.4379,7.4379,7.4379,7.4379,7.4379,7.4379,7.4379,7.4379,7.4379,7.4379,7.4379,7.4379,7.4379,7.4379,7.4379,7.4379,7.4379,7.4379,7.4379,7.4379,7.4379,7.4379,7.4379,7.4379,7.4379,7.4379,7.4379,7.4379,7.4379,7.4379,7.4379,7.4379,7.4379,7.4379,7.4379,7.4379,7.4379,7.4379,7.4379,7.4379,7.4379,7.4379,7.4379,7.4379,7.4379,7.4379,7.4379,7.4379,7.4379,7.4379,7.4379,7.4379,7.4379,7.4379,7.4379,7.4379,7.4379,7.4379,7.4379,7.4379,7.4379,7.4379,7.4379,7.4379,7.4379,7.4379,7.4379,7.4379,7.4379,7.4379,7.4379,7.4379,7.4379,7.4379,7.4379,7.4379,7.4379,7.4379,7.4379,7.4379,7.4379,7.4379,7.4379,7.4379,7.4379,7.4379,7.4379,7.4379,7.4379,7.4379,7.4379,7.4379,7.4379,7.4379,7.4379,7.4379,7.4379,7.4379,7.4379,7.4379,7.4379,7.4379,7.4379,7.4379,7.4379,7.4379,7.4379,7.4379,7.4379,7.4379,7.4379,7.4379,7.4379,7.4379,7.4379,7.4379,7.4379,7.4379,7.4379,7.4379,7.4379,7.4379,7.4379,7.4379,7.4379,7.4379,7.4379,7.4379,7.4379,7.4379,7.4379,7.4379,7.4379,7.4379,7.4379,7.4379,7.4379,7.4379,7.4379,7.4379,7.4379,7.4379,7.4379,7.4379,7.4379,7.4379,7.4379,7.4379,7.4379,7.4379,7.4379,7.4379,7.4379,7.4379,7.4379,7.4379,7.4379,7.4379,7.4379,7.4379,7.4379,7.4379,7.4379,7.4379,7.4379,7.4379,7.4379,7.4379,7.4379,7.4379,7.4379,7.4379,7.4379,7.4379,7.4379,7.4379,7.4379,7.4379,7.4379,7.4379,7.4379,7.4379,7.4379,7.4379,7.4379,7.4379,7.4379,7.4379,7.4379,7.4379,7.4379,7.4379,7.4379,7.4379,7.4379,7.4379,7.4379,7.4379,7.4379,7.4379,7.4379,7.4379,7.4379,7.4379,7.4379,7.4379,7.4379,7.4379,7.4379,7.4379,7.4379,7.4379,7.4379,7.4379,7.4379,7.4379,7.4379,7.4379,7.4379,7.4379,7.4379,7.4379,7.4379,7.4379,7.4379,7.4379,7.4379,7.4379,7.4379,7.4379,7.4379,7.4379,7.4379,7.4379,7.4379,7.4379,7.4379,7.4379,7.4379,7.4379,7.4379,7.4379,7.4379,7.4379,7.4379,7.4379,7.4379,7.4379,7.4379,7.4379,7.4379,7.4379,7.4379,7.4379,7.4379,7.4379,7.4379,7.4379,7.4379,7.4379,7.4379,7.4379,7.4379,7.4379,7.4379,7.4379,7.4379,7.4379,7.4379,7.4379,7.4379,7.4379,7.4379,7.4379,7.4379,7.4379,7.4379,7.4379,7.4379,7.4379,7.4379,7.4379,7.4379,7.4379,7.4379,7.4379,7.4379,7.4379,7.4379,7.4379,7.4379,7.4379,7.4379,7.4379,7.4379,7.4379,7.4379,7.4379,7.4379,7.4379,7.4379,7.4379,7.4379,7.4379,7.4379,7.4379,7.4379,7.4379,7.4379,7.4379,7.4379,7.4379,7.4379,7.4379,7.4379,7.4379,7.4379,7.4379,7.4379,7.4379,7.4379,7.4379,7.4379,7.4379,7.4379,7.4379,7.4379,7.4379,7.4379,7.4379,7.4379,7.4379,7.4379,7.4379,7.4379,7.4379,7.4379,7.4379,7.4379,7.4379,7.4379,7.4379,7.4379,7.4379,7.4379,7.4379,7.4379,7.4379,7.4379,7.4379,7.4379,7.4379,7.4379,7.4379,7.4379,7.4379,7.4379,7.4379,7.4379,7.4379,7.4379,7.4379,7.4379,7.4379,7.4379,7.4379,7.4379,7.4379,7.4379,7.4379,7.4379,7.4379,7.4379,7.4379
7.4323,7.4323,7.4323,7.4323,7.4323,7.4323,7.4323,7.4323,7.4323,7.4323,7.4323,7.4323,7.4323,7.4323,7.4323,7.4323,7.4323,7.4323,7.4323,7.4323,7.4323,7.4323,7.4323,7.4323,7.4323,7.4323,7.4323,7.4323,7.4323,7.4323,7.4323,7.4323,7.4323,7.4323,7.4323,7.4323,7.4323,7.4323,7.4323,7.4323,7.4323,7.4323,7.4323,7.4323,7.4323,7.4323,7.4323,7.4323,7.4323,7.4323,7.4323,7.4323,7.4323,7.4323,7.4323,7.4323,7.4323,7.4323,7.4323,7.4323,7.4323,7.4323,7.4323,7.4323,7.4323,7.4323,7.4323,7.4323,7.4323,7.4323,7.4323,7.4323,7.4323,7.4323,7.4323,7.4323,7.4323,7.4323,7.4323,7.4323,7.4323,7.4323,7.4323,7.4323,7.4323,7.4323,7.4323,7.4323,7.4323,7.4323,7.4323,7.4323,7.4323,7.4323,7.4323,7.4323,7.4323,7.4323,7.4323,7.4323,7.4323,7.4323,7.4323,7.4323,7.4323,7.4323,7.4323,7.4323,7.4323,7.4323,7.4323,7.4323,7.4323,7.4323,7.4323,7.4323,7.4323,7.4323,7.4323,7.4323,7.4323,7.4323,7.4323,7.4323,7.4323,7.4323,7.4323,7.4323,7.4323,7.4323,7.4323,7.4323,7.4323,7.4323,7.4323,7.4323,7.4323,7.4323,7.4323,7.4323,7.4323,7.4323,7.4323,7.4323,7.4323,7.4323,7.4323,7.4323,7.4323,7.4323,7.4323,7.4323,7.4323,7.4323,7.4323,7.4323,7.4323,7.4323,7.4323,7.4323,7.4323,7.4323,7.4323,7.4323,7.4323,7.4323,7.4323,7.4323,7.4323,7.4323,7.4323,7.4323,7.4323,7.4323,7.4323,7.4323,7.4323,7.4323,7.4323,7.4323,7.4323,7.4323,7.4323,7.4323,7.4323,7.4323,7.4323,7.4323,7.4323,7.4323,7.4323,7.4323,7.4323,7.4323,7.4323,7.4323,7.4323,7.4323,7.4323,7.4323,7.4323,7.4323,7.4323,7.4323,7.4323,7.4323,7.4323,7.4323,7.4323,7.4323,7.4323,7.4323,7.4323,7.4323,7.4323,7.4323,7.4323,7.4323,7.4323,7.4323,7.4323,7.4323,7.4323,7.4323,7.4323,7.4323,7.4323,7.4323,7.4323,7.4323,7.4323,7.4323,7.4323,7.4323,7.4323,7.4323,7.4323,7.4323,7.4323,7.4323,7.4323,7.4323,7.4323,7.4323,7.4323,7.4323,7.4323,7.4323,7.4323,7.4323,7.4323,7.4323,7.4323,7.4323,7.4323,7.4323,7.4323,7.4323,7.4323,7.4323,7.4323,7.4323,7.4323,7.4323,7.4323,7.4323,7.4323,7.4323,7.4323,7.4323,7.4323,7.4323,7.4323,7.4323,7.4323,7.4323,7.4323,7.4323,7.4323,7.4323,7.4323,7.4323,7.4323,7.4323,7.4323,7.4323,7.4323,7.4323,7.4323,7.4323,7.4323,7.4323,7.4323,7.4323,7.4323,7.4323,7.4323,7.4323,7.4323,7.4323,7.4323,7.4323,7.4323,7.4323,7.4323,7.4323,7.4323,7.4323,7.4323,7.4323,7.4323,7.4323,7.4323,7.4323,7.4323,7.4323,7.4323,7.4323,7.4323,7.4323,7.4323,7.4323,7.4323,7.4323,7.4323,7.4323,7.4323,7.4323,7.4323,7.4323,7.4323,7.4323,7.4323,7.4323,7.4323,7.4323,7.4323,7.4323,7.4323,7.4323,7.4323,7.4323,7.4323,7.4323,7.4323,7.4323,7.4323,7.4323,7.4323,7.4323,7.4323,7.4323,7.4323,7.4323,7.4323,7.4323,7.4323,7.4323,7.4323,7.4323,7.4323,7.4323,7.4323,7.4323,7.4323,7.4323,7.4323,7.4323,7.4323,7.4323,7.4323,7.4323,7.4323,7.4323,7.4323,7.4323,7.4323,7.4323,7.4323,7.4323,7.4323,7.4323,7.4323,7.4323,7.4323,7.4323,7.4323,7.4323,7.4323,7.4323,7.4323,7.4323,7.4323,7.4323,7.4323,7.4323,7.4323,6.0848,6.0469,6.0084,5.9684,5.9608,5.9553,5.9498,5.9444,5.9387,5.9332,5.9278,5.9223,5.9167,5.9113,5.9057,5.9003,5.8949,5.8893,5.8840,5.8786,5.8731,5.8698,5.8690,5.8681,5.8673,5.8665,5.8655,5.8646,5.8638,5.8630,5.8622,5.8612,5.8603,5.8595,5.8585,5.8577,5.8567,5.8559,5.8550,5.8540,5.8532,5.8522,5.8514,5.8506,5.8495,5.8487,5.8477,5.8489,5.8512,5.8536,5.8559,5.8581,5.8603,5.8628,5.8655,5.8685,5.8718,5.8749,5.8782,5.8813,5.8844,5.8877,5.8908,5.8941,5.8972,5.9005,5.9036,5.9069,5.9101,5.9132,5.9161,5.9192,5.9223,5.9255,5.9299,5.9381,5.9463,5.9543,5.9625,5.9708,5.9789,5.9872,5.9953,6.0036,6.0116,6.0198,6.0280,6.0362,6.0445,6.0528,6.0608,6.0692,6.0775,6.1176,6.1418,6.1661,6.1907,6.2159,6.2417,6.2676,6.4610,6.4667,6.4719,6.4777,6.4842,6.4912,6.4977,6.5045,6.5106,6.5179,6.5242,6.5313,6.5336,6.5351,6.5356,6.5369,6.5379,6.5395,6.5400,6.5418,6.5430,6.5438,6.5453,6.5466,6.5479,6.5507,6.5566,6.5630,6.5702,6.5761,6.5830,6.5895,6.5957,6.6030,6.6100,6.6168,6.6235,6.6301,6.6374,6.6429,6.6479,6.6537,6.6593,6.6648,6.6698,6.6757,6.6813,6.6922,6.7144,6.7375,6.7603,6.7849,6.8094,6.8338,7.4323,7.4323,7.4323,7.4323,7.4323,7.4323,7.4323,7.4323,7.4323,7.4323,7.4323,7.4323,7.4323,7.4323,7.4323,7.4323,7.4323,7.4323,7.4323,7.4323,7.4323,7.4323,7.4323,7.4323,7.4323,7.4323,7.4323,7.4323,7.4323,7.4323,7.4323,7.4323,7.4323,7.4323,7.4323,7.4323,7.4323,7.4323,7.4323,7.4323,7.4323,7.4323,7.4323,7.4323,7.4323,7.4323,7.4323,7.4323,7.4323,7.4323,7.4323,7.4323,7.4323,7.4323,7.4323,7.4323,7.4323,7.4323,7.4323,7.4323,7.4323,7.4323,7.4323,7.4323,7.4323,7.4323,7.4323,7.4323,7.4323,7.4323,7.4323,7.4323,7.4323,7.4323,7.4323,7.4323,7.4323,7.4323,7.4323,7.4323,7.4323,7.4323,7.4323,7.4323,7.4323,7.4323,7.4323,7.4323,7.4323,7.4323,7.4323,7.4323,7.4323,7.4323,7.4323,7.4323,7.4323,7.4323,7.4323,7.4323,7.4323,7.4323,7.4323,7.4323,7.4323,7.4323,7.4323,7.4323,7.4323,7.4323,7.4323,7.4323,7.4323,7.4323,7.4323,7.4323,7.4323,7.4323,7.4323,7.4323,7.4323,7.4323,7.4323,7.4323,7.4323,7.4323,7.4323,7.4323,7.4323,7.4323,7.4323,7.4323,7.4323,7.4323,7.4323,7.4323,7.4323,7.4323,7.4323,7.4323,7.4323,7.4323,7.4323,7.4323,7.4323,7.4323,7.4323,7.4323,7.4323,7.4323,7.4323,7.4323,7.4323,7.4323,7.4323,7.4323,7.4323,7.4323,7.4323,7.4323,7.4323,7.4323,7.4323,7.4323,7.4323,7.4323,7.4323,7.4323,7.4323,7.4323,7.4323,7.4323,7.4323,7.4323,7.4323,7.4323,7.4323,7.4323,7.4323,7.4323,7.4323,7.4323,7.4323,7.4323,7.4323,7.4323,7.4323,7.4323,7.4323,7.4323,7.4323,7.4323,7.4323,7.4323,7.4323,7.4323,7.4323,7.4323,7.4323,7.4323,7.4323,7.4323,7.4323,7.4323,7.4323,7.4323,7.4323,7.4323,7.4323,7.4323,7.4323,7.4323,7.4323,7.4323,7.4323,7.4323,7.4323,7.4323,7.4323,7.4323,7.4323,7.4323,7.4323,7.4323,7.4323,7.4323,7.4323,7.4323,7.4323,7.4323,7.4323,7.4323,7.4323,7.4323,7.4323,7.4323,7.4323,7.4323,7.4323,7.4323,7.4323,7.4323,7.4323,7.4323,7.4323,7.4323,7.4323,7.4323,7.4323,7.4323,7.4323,7.4323,7.4323,7.4323,7.4323,7.4323,7.4323,7.4323,7.4323,7.4323,7.4323,7.4323,7.4323,7.4323,7.4323,7.4323,7.4323,7.4323,7.4323,7.4323,7.4323,7.4323,7.4323,7.4323,7.4323,7.4323,7.4323,7.4323,7.4323,7.4323,7.4323,7.4323,7.4323,7.4323,7.4323,7.4323,7.4323,7.4323,7.4323,7.4323,7.4323,7.4323,7.4323,7.4323,7.4323,7.4323,7.4323,7.4323,7.4323,7.4323,7.4323,7.4323,7.4323,7.4323,7.4323,7.4323,7.4323,7.4323,7.4323,7.4323,7.4323,7.4323,7.4323,7.4323,7.4323,7.4323,7.4323,7.4323,7.4323,7.4323,7.4323,7.4323,7.4323,7.4323,7.4323,7.4323,7.4323,7.4323,7.4323,7.4323,7.4323,7.4323,7.4323,7.4323,7.4323,7.4323,7.4323,7.4323,7.4323,7.4323,7.4323,7.4323,7.4323,7.4323,7.4323,7.4323,7.4323,7.4323,7.4323,7.4323,7.4323,7.4323,7.4323,7.4323,7.4323,7.4323,7.4323,7.4323,7.4323,7.4323,7.4323,7.4323,7.4323,7.4323,7.4323,7.4323,7.4323,7.4323,7.4323,7.4323,7.4323,7.4323,7.4323,7.4323,7.4323,7.4323,7.4323,7.4323,7.4323,7.4323,7.4323,7.4323,7.4323,7.4323,7.4323,7.4323,7.4323,7.4323,7.4323,7.4323,7.4323,7.4323,7.4323,7.4323,7.4323,7.4323,7.4323,7.4323,7.4323,7.4323,7.4323,7.4323,7.4323,7.4323,7.4323,7.4323,7.4323,7.4323,7.4323
7.4257,7.4257,7.4257,7.4257,7.4257,7.4257,7.4257,7.4257,7.4257,7.4257,7.4257,7.4257,7.4257,7.4257,7.4257,7.4257,7.4257,7.4257,7.4257,7.4257,7.4257,7.4257,7.4257,7.4257,7.4257,7.4257,7.4257,7.4257,7.4257,7.4257,7.4257,7.4257,7.4257,7.4257,7.4257,7.4257,7.4257,7.4257,7.4257,7.4257,7.4257,7.4257,7.4257,7.4257,7.4257,7.4257,7.4257,7.4257,7.4257,7.4257,7.4257,7.4257,7.4257,7.4257,7.4257,7.4257,7.4257,7.4257,7.4257,7.4257,7.4257,7.4257,7.4257,7.4257,7.4257,7.4257,7.4257,7.4257,7.4257,7.4257,7.4257,7.4257,7.4257,7.4257,7.4257,7.4257,7.4257,7.4257,7.4257,7.4257,7.4257,7.4257,7.4257,7.4257,7.4257,7.4257,7.4257,7.4257,7.4257,7.4257,7.4257,7.4257,7.4257,7.4257,7.4257,7.4257,7.4257,7.4257,7.4257,7.4257,7.4257,7.4257,7.4257,7.4257,7.4257,7.4257,7.4257,7.4257,7.4257,7.4257,7.4257,7.4257,7.4257,7.4257,7.4257,7.4257,7.4257,7.4257,7.4257,7.4257,7.4257,7.4257,7.4257,7.4257,7.4257,7.4257,7.4257,7.4257,7.4257,7.4257,7.4257,7.4257,7.4257,7.4257,7.4257,7.4257,7.4257,7.4257,7.4257,7.4257,7.4257,7.4257,7.4257,7.4257,7.4257,7.4257,7.4257,7.4257,7.4257,7.4257,7.4257,7.4257,7.4257,7.4257,7.4257,7.4257,7.4257,7.4257,7.4257,7.4257,7.4257,7.4257,7.4257,7.4257,7.4257,7.4257,7.4257,7.4257,7.4257,7.4257,7.4257,7.4257,7.4257,7.4257,7.4257,7.4257,7.4257,7.4257,7.4257,7.4257,7.4257,7.4257,7.4257,7.4257,7.4257,7.4257,7.4257,7.4257,7.4257,7.4257,7.4257,7.4257,7.4257,7.4257,7.4257,7.4257,7.4257,7.4257,7.4257,7.4257,7.4257,7.4257,7.4257,7.4257,7.4257,7.4257,7.4257,7.4257,7.4257,7.4257,7.4257,7.4257,7.4257,7.4257,7.4257,7.4257,7.4257,7.4257,7.4257,7.4257,7.4257,7.4257,7.4257,7.4257,7.4257,7.4257,7.4257,7.4257,7.4257,7.4257,7.4257,7.4257,7.4257,7.4257,7.4257,7.4257,7.4257,7.4257,7.4257,7.4257,7.4257,7.4257,7.4257,7.4257,7.4257,7.4257,7.4257,7.4257,7.4257,7.4257,7.4257,7.4257,7.4257,7.4257,7.4257,7.4257,7.4257,7.4257,7.4257,7.4257,7.4257,7.4257,7.4257,7.4257,7.4257,7.4257,7.4257,7.4257,7.4257,7.4257,7.4257,7.4257,7.4257,7.4257,7.4257,7.4257,7.4257,7.4257,7.4257,7.4257,7.4257,7.4257,7.4257,7.4257,7.4257,7.4257,7.4257,7.4257,7.4257,7.4257,7.4257,7.4257,7.4257,7.4257,7.4257,7.4257,7.4257,7.4257,7.4257,7.4257,7.4257,7.4257,7.4257,7.4257,7.4257,7.4257,7.4257,7.4257,7.4257,7.4257,7.4257,7.4257,7.4257,7.4257,7.4257,7.4257,7.4257,7.4257,7.4257,7.4257,7.4257,7.4257,7.4257,7.4257,7.4257,7.4257,7.4257,7.4257,7.4257,7.4257,7.4257,7.4257,7.4257,7.4257,7.4257,7.4257,7.4257,7.4257,7.4257,7.4257,7.4257,7.4257,7.4257,7.4257,7.4257,7.4257,7.4257,7.4257,7.4257,7.4257,7.4257,7.4257,7.4257,7.4257,7.4257,7.4257,7.4257,7.4257,7.4257,7.4257,7.4257,7.4257,7.4257,7.4257,7.4257,7.4257,7.4257,7.4257,7.4257,7.4257,7.4257,7.4257,7.4257,7.4257,7.4257,7.4257,7.4257,7.4257,7.4257,7.4257,7.4257,7.4257,7.4257,7.4257,7.4257,7.4257,7.4257,7.4257,7.4257,7.4257,7.4257,7.4257,7.4257,7.4257,7.4257,7.4257,7.4257,6.0700,6.0323,5.9940,5.9636,5.9581,5.9524,5.9469,5.9414,5.9360,5.9303,5.9249,5.9194,5.9140,5.9084,5.9030,5.8976,5.8920,5.8866,5.8813,5.8757,5.8704,5.8685,5.8677,5.8669,5.8661,5.8651,5.8642,5.8634,5.8626,5.8618,5.8610,5.8599,5.8591,5.8583,5.8573,5.8565,5.8554,5.8546,5.8536,5.8528,5.8520,5.8510,5.8501,5.8491,5.8483,5.8475,5.8465,5.8487,5.8510,5.8534,5.8556,5.8579,5.8603,5.8626,5.8649,5.8671,5.8700,5.8733,5.8763,5.8796,5.8827,5.8860,5.8891,5.8924,5.8955,5.8988,5.9020,5.9053,5.9084,5.9113,5.9144,5.9175,5.9207,5.9238,5.9311,5.9393,5.9475,5.9555,5.9638,5.9721,5.9801,5.9884,5.9966,6.0047,6.0129,6.0213,6.0295,6.0378,6.0458,6.0541,6.0624,6.0705,6.0932,6.1343,6.1586,6.1829,6.2080,6.2339,6.2596,6.4794,6.4864,6.4929,6.4995,6.5060,6.5121,6.5194,6.5255,6.5329,6.5390,6.5402,6.5412,6.5423,6.5438,6.5451,6.5456,6.5466,6.5476,6.5492,6.5504,6.5512,6.5527,6.5540,6.5553,6.5573,6.5586,6.5599,6.5630,6.5699,6.5761,6.5830,6.5890,6.5955,6.6025,6.6092,6.6165,6.6228,6.6298,6.6364,6.6416,6.6466,6.6521,6.6582,6.6638,6.6685,6.6741,6.6802,6.6858,6.6959,6.7184,6.7411,6.7644,6.7896,6.8141,6.8388,7.4257,7.4257,7.4257,7.4257,7.4257,7.4257,7.4257,7.4257,7.4257,7.4257,7.4257,7.4257,7.4257,7.4257,7.4257,7.4257,7.4257,7.4257,7.4257,7.4257,7.4257,7.4257,7.4257,7.4257,7.4257,7.4257,7.4257,7.4257,7.4257,7.4257,7.4257,7.4257,7.4257,7.4257,7.4257,7.4257,7.4257,7.4257,7.4257,7.4257,7.4257,7.4257,7.4257,7.4257,7.4257,7.4257,7.4257,7.4257,7.4257,7.4257,7.4257,7.4257,7.4257,7.4257,7.4257,7.4257,7.4257,7.4257,7.4257,7.4257,7.4257,7.4257,7.4257,7.4257,7.4257,7.4257,7.4257,7.4257,7.4257,7.4257,7.4257,7.4257,7.4257,7.4257,7.4257,7.4257,7.4257,7.4257,7.4257,7.4257,7.4257,7.4257,7.4257,7.4257,7.4257,7.4257,7.4257,7.4257,7.4257,7.4257,7.4257,7.4257,7.4257,7.4257,7.4257,7.4257,7.4257,7.4257,7.4257,7.4257,7.4257,7.4257,7.4257,7.4257,7.4257,7.4257,7.4257,7.4257,7.4257,7.4257,7.4257,7.4257,7.4257,7.4257,7.4257,7.4257,7.4257,7.4257,7.4257,7.4257,7.4257,7.4257,7.4257,7.4257,7.4257,7.4257,7.4257,7.4257,7.4257,7.4257,7.4257,7.4257,7.4257,7.4257,7.4257,7.4257,7.4257,7.4257,7.4257,7.4257,7.4257,7.4257,7.4257,7.4257,7.4257,7.4257,7.4257,7.4257,7.4257,7.4257,7.4257,7.4257,7.4257,7.4257,7.4257,7.4257,7.4257,7.4257,7.4257,7.4257,7.4257,7.4257,7.4257,7.4257,7.4257,7.4257,7.4257,7.4257,7.4257,7.4257,7.4257,7.4257,7.4257,7.4257,7.4257,7.4257,7.4257,7.4257,7.4257,7.4257,7.4257,7.4257,7.4257,7.4257,7.4257,7.4257,7.4257,7.4257,7.4257,7.4257,7.4257,7.4257,7.4257,7.4257,7.4257,7.4257,7.4257,7.4257,7.4257,7.4257,7.4257,7.4257,7.4257,7.4257,7.4257,7.4257,7.4257,7.4257,7.4257,7.4257,7.4257,7.4257,7.4257,7.4257,7.4257,7.4257,7.4257,7.4257,7.4257,7.4257,7.4257,7.4257,7.4257,7.4257,7.4257,7.4257,7.4257,7.4257,7.4257,7.4257,7.4257,7.4257,7.4257,7.4257,7.4257,7.4257,7.4257,7.4257,7.4257,7.4257,7.4257,7.4257,7.4257,7.4257,7.4257,7.4257,7.4257,7.4257,7.4257,7.4257,7.4257,7.4257,7.4257,7.4257,7.4257,7.4257,7.4257,7.4257,7.4257,7.4257,7.4257,7.4257,7.4257,7.4257,7.4257,7.4257,7.4257,7.4257,7.4257,7.4257,7.4257,7.4257,7.4257,7.4257,7.4257,7.4257,7.4257,7.4257,7.4257,7.4257,7.4257,7.4257,7.4257,7.4257,7.4257,7.4257,7.4257,7.4257,7.4257,7.4257,7.4257,7.4257,7.4257,7.4257,7.4257,7.4257,7.4257,7.4257,7.4257,7.4257,7.4257,7.4257,7.4257,7.4257,7.4257,7.4257,7.4257,7.4257,7.4257,7.4257,7.4257,7.4257,7.4257,7.4257,7.4257,7.4257,7.4257,7.4257,7.4257,7.4257,7.4257,7.4257,7.4257,7.4257,7.4257,7.4257,7.4257,7.4257,7.4257,7.4257,7.4257,7.4257,7.4257,7.4257,7.4257,7.4257,7.4257,7.4257,7.4257,7.4257,7.4257,7.4257,7.4257,7.4257,7.4257,7.4257,7.4257,7.4257,7.4257,7.4257,7.4257,7.4257,7.4257,7.4257,7.4257,7.4257,7.4257,7.4257,7.4257,7.4257,7.4257,7.4257,7.4257,7.4257,7.4257,7.4257,7.4257,7.4257,7.4257,7.4257,7.4257,7.4257,7.4257,7.4257,7.4257,7.4257,7.4257,7.4257,7.4257,7.4257,7.4257,7.4257,7.4257,7.4257,7.4257,7.4257,7.4257,7.4257,7.4257,7.4257,7.4257,7.4257,7.4257,7.4257,7.4257,7.4257,7.4257,7.4257,7.4257,7.4257,7.4257,7.4257,7.4257,7.4257,7.4257,7.4257,7.4257,7.4257,7.4257
7.4198,7.4198,7.4198,7.4198,7.4198,7.4198,7.4198,7.4198,7.4198,7.4198,7.4198,7.4198,7.4198,7.4198,7.4198,7.4198,7.4198,7.4198,7.4198,7.4198,7.4198,7.4198,7.4198,7.4198,7.4198,7.4198,7.4198,7.4198,7.4198,7.4198,7.4198,7.4198,7.4198,7.4198,7.4198,7.4198,7.4198,7.4198,7.4198,7.4198,7.4198,7.4198,7.4198,7.4198,7.4198,7.4198,7.4198,7.4198,7.4198,7.4198,7.4198,7.4198,7.4198,7.4198,7.4198,7.4198,7.4198,7.4198,7.4198,7.4198,7.4198,7.4198,7.4198,7.4198,7.4198,7.4198,7.4198,7.4198,7.4198,7.4198,7.4198,7.4198,7.4198,7.4198,7.4198,7.4198,7.4198,7.4198,7.4198,7.4198,7.4198,7.4198,7.4198,7.4198,7.4198,7.4198,7.4198,7.4198,7.4198,7.4198,7.4198,7.4198,7.4198,7.4198,7.4198,7.4198,7.4198,7.4198,7.4198,7.4198,7.4198,7.4198,7.4198,7.4198,7.4198,7.4198,7.4198,7.4198,7.4198,7.4198,7.4198,7.4198,7.4198,7.4198,7.4198,7.4198,7.4198,7.4198,7.4198,7.4198,7.4198,7.4198,7.4198,7.4198,7.4198,7.4198,7.4198,7.4198,7.4198,7.4198,7.4198,7.4198,7.4198,7.4198,7.4198,7.4198,7.4198,7.4198,7.4198,7.4198,7.4198,7.4198,7.4198,7.4198,7.4198,7.4198,7.4198,7.4198,7.4198,7.4198,7.4198,7.4198,7.4198,7.4198,7.4198,7.4198,7.4198,7.4198,7.4198,7.4198,7.4198,7.4198,7.4198,7.4198,7.4198,7.4198,7.4198,7.4198,7.4198,7.4198,7.4198,7.4198,7.4198,7.4198,7.4198,7.4198,7.4198,7.4198,7.4198,7.4198,7.4198,7.4198,7.4198,7.4198,7.4198,7.4198,7.4198,7.4198,7.4198,7.4198,7.4198,7.4198,7.4198,7.4198,7.4198,7.4198,7.4198,7.4198,7.4198,7.4198,7.4198,7.4198,7.4198,7.4198,7.4198,7.4198,7.4198,7.4198,7.4198,7.4198,7.4198,7.4198,7.4198,7.4198,7.4198,7.4198,7.4198,7.4198,7.4198,7.4198,7.4198,7.4198,7.4198,7.4198,7.4198,7.4198,7.4198,7.4198,7.4198,7.4198,7.4198,7.4198,7.4198,7.4198,7.4198,7.4198,7.4198,7.4198,7.4198,7.4198,7.4198,7.4198,7.4198,7.4198,7.4198,7.4198,7.4198,7.4198,7.4198,7.4198,7.4198,7.4198,7.4198,7.4198,7.4198,7.4198,7.4198,7.4198,7.4198,7.4198,7.4198,7.4198,7.4198,7.4198,7.4198,7.4198,7.4198,7.4198,7.4198,7.4198,7.4198,7.4198,7.4198,7.4198,7.4198,7.4198,7.4198,7.4198,7.4198,7.4198,7.4198,7.4198,7.4198,7.4198,7.4198,7.4198,7.4198,7.4198,7.4198,7.4198,7.4198,7.4198,7.4198,7.4198,7.4198,7.4198,7.4198,7.4198,7.4198,7.4198,7.4198,7.4198,7.4198,7.4198,7.4198,7.4198,7.4198,7.4198,7.4198,7.4198,7.4198,7.4198,7.4198,7.4198,7.4198,7.4198,7.4198,7.4198,7.4198,7.4198,7.4198,7.4198,7.4198,7.4198,7.4198,7.4198,7.4198,7.4198,7.4198,7.4198,7.4198,7.4198,7.4198,7.4198,7.4198,7.4198,7.4198,7.4198,7.4198,7.4198,7.4198,7.4198,7.4198,7.4198,7.4198,7.4198,7.4198,7.4198,7.4198,7.4198,7.4198,7.4198,7.4198,7.4198,7.4198,7.4198,7.4198,7.4198,7.4198,7.4198,7.4198,7.4198,7.4198,7.4198,7.4198,7.4198,7.4198,7.4198,7.4198,7.4198,7.4198,7.4198,7.4198,7.4198,7.4198,7.4198,7.4198,7.4198,7.4198,7.4198,7.4198,7.4198,7.4198,7.4198,7.4198,7.4198,7.4198,7.4198,7.4198,7.4198,7.4198,7.4198,7.4198,7.4198,7.4198,7.4198,6.0943,6.0556,6.0181,5.9799,5.9606,5.9551,5.9496,5.9439,5.9385,5.9330,5.9274,5.9219,5.9165,5.9111,5.9057,5.9003,5.8947,5.8893,5.8840,5.8784,5.8731,5.8681,5.8673,5.8665,5.8657,5.8646,5.8638,5.8630,5.8622,5.8614,5.8606,5.8595,5.8587,5.8579,5.8569,5.8561,5.8552,5.8542,5.8534,5.8524,5.8516,5.8508,5.8497,5.8489,5.8479,5.8471,5.8463,5.8461,5.8485,5.8508,5.8532,5.8554,5.8577,5.8601,5.8624,5.8646,5.8669,5.8694,5.8716,5.8747,5.8780,5.8811,5.8844,5.8875,5.8908,5.8939,5.8972,5.9003,5.9036,5.9067,5.9096,5.9128,5.9159,5.9190,5.9242,5.9324,5.9406,5.9488,5.9568,5.9651,5.9733,5.9814,5.9897,5.9979,6.0064,6.0144,6.0226,6.0308,6.0391,6.0471,6.0554,6.0637,6.0720,6.1207,6.1510,6.1754,6.2003,6.2258,6.2517,6.5007,6.5073,6.5144,6.5204,6.5275,6.5341,6.5405,6.5463,6.5474,6.5479,6.5489,6.5504,6.5517,6.5522,6.5532,6.5543,6.5553,6.5566,6.5576,6.5589,6.5607,6.5620,6.5635,6.5648,6.5655,6.5671,6.5684,6.5702,6.5712,6.5758,6.5830,6.5890,6.5960,6.6027,6.6095,6.6162,6.6233,6.6298,6.6351,6.6400,6.6456,6.6516,6.6569,6.6624,6.6680,6.6736,6.6786,6.6844,6.6895,6.6994,6.7214,6.7440,6.7690,6.7942,6.8188,6.8435,7.4198,7.4198,7.4198,7.4198,7.4198,7.4198,7.4198,7.4198,7.4198,7.4198,7.4198,7.4198,7.4198,7.4198,7.4198,7.4198,7.4198,7.4198,7.4198,7.4198,7.4198,7.4198,7.4198,7.4198,7.4198,7.4198,7.4198,7.4198,7.4198,7.4198,7.4198,7.4198,7.4198,7.4198,7.4198,7.4198,7.4198,7.4198,7.4198,7.4198,7.4198,7.4198,7.4198,7.4198,7.4198,7.4198,7.4198,7.4198,7.4198,7.4198,7.4198,7.4198,7.4198,7.4198,7.4198,7.4198,7.4198,7.4198,7.4198,7.4198,7.4198,7.4198,7.4198,7.4198,7.4198,7.4198,7.4198,7.4198,7.4198,7.4198,7.4198,7.4198,7.4198,7.4198,7.4198,7.4198,7.4198,7.4198,7.4198,7.4198,7.4198,7.4198,7.4198,7.4198,7.4198,7.4198,7.4198,7.4198,7.4198,7.4198,7.4198,7.4198,7.4198,7.4198,7.4198,7.4198,7.4198,7.4198,7.4198,7.4198,7.4198,7.4198,7.4198,7.4198,7.4198,7.4198,7.4198,7.4198,7.4198,7.4198,7.4198,7.4198,7.4198,7.4198,7.4198,7.4198,7.4198,7.4198,7.4198,7.4198,7.4198,7.4198,7.4198,7.4198,7.4198,7.4198,7.4198,7.4198,7.4198,7.4198,7.4198,7.4198,7.4198,7.4198,7.4198,7.4198,7.4198,7.4198,7.4198,7.4198,7.4198,7.4198,7.4198,7.4198,7.4198,7.4198,7.4198,7.4198,7.4198,7.4198,7.4198,7.4198,7.4198,7.4198,7.4198,7.4198,7.4198,7.4198,7.4198,7.4198,7.4198,7.4198,7.4198,7.4198,7.4198,7.4198,7.4198,7.4198,7.4198,7.4198,7.4198,7.4198,7.4198,7.4198,7.4198,7.4198,7.4198,7.4198,7.4198,7.4198,7.4198,7.4198,7.4198,7.4198,7.4198,7.4198,7.4198,7.4198,7.4198,7.4198,7.4198,7.4198,7.4198,7.4198,7.4198,7.4198,7.4198,7.4198,7.4198,7.4198,7.4198,7.4198,7.4198,7.4198,7.4198,7.4198,7.4198,7.4198,7.4198,7.4198,7.4198,7.4198,7.4198,7.4198,7.4198,7.4198,7.4198,7.4198,7.4198,7.4198,7.4198,7.4198,7.4198,7.4198,7.4198,7.4198,7.4198,7.4198,7.4198,7.4198,7.4198,7.4198,7.4198,7.4198,7.4198,7.4198,7.4198,7.4198,7.4198,7.4198,7.4198,7.4198,7.4198,7.4198,7.4198,7.4198,7.4198,7.4198,7.4198,7.4198,7.4198,7.4198,7.4198,7.4198,7.4198,7.4198,7.4198,7.4198,7.4198,7.4198,7.4198,7.4198,7.4198,7.4198,7.4198,7.4198,7.4198,7.4198,7.4198,7.4198,7.4198,7.4198,7.4198,7.4198,7.4198,7.4198,7.4198,7.4198,7.4198,7.4198,7.4198,7.4198,7.4198,7.4198,7.4198,7.4198,7.4198,7.4198,7.4198,7.4198,7.4198,7.4198,7.4198,7.4198,7.4198,7.4198,7.4198,7.4198,7.4198,7.4198,7.4198,7.4198,7.4198,7.4198,7.4198,7.4198,7.4198,7.4198,7.4198,7.4198,7.4198,7.4198,7.4198,7.4198,7.4198,7.4198,7.4198,7.4198,7.4198,7.4198,7.4198,7.4198,7.4198,7.4198,7.4198,7.4198,7.4198,7.4198,7.4198,7.4198,7.4198,7.4198,7.4198,7.4198,7.4198,7.4198,7.4198,7.4198,7.4198,7.4198,7.4198,7.4198,7.4198,7.4198,7.4198,7.4198,7.4198,7.4198,7.4198,7.4198,7.4198,7.4198,7.4198,7.4198,7.4198,7.4198,7.4198,7.4198,7.4198,7.4198,7.4198,7.4198,7.4198,7.4198,7.4198,7.4198,7.4198,7.4198,7.4198,7.4198,7.4198,7.4198,7.4198,7.4198,7.4198,7.4198,7.4198,7.4198,7.4198,7.4198,7.4198,7.4198,7.4198,7.4198,7.4198,7.4198,7.4198,7.4198,7.4198,7.4198,7.4198,7.4198,7.4198,7.4198,7.4198,7.4198,7.4198,7.4198,7.4198,7.4198,7.4198,7.4198,7.4198,7.4198,7.4198,7.4198,7.4198,7.4198,7.4198
7.4139,7.4139,7.4139,7.4139,7.4139,7.4139,7.4139,7.4139,7.4139,7.4139,7.4139,7.4139,7.4139,7.4139,7.4139,7.4139,7.4139,7.4139,7.4139,7.4139,7.4139,7.4139,7.4139,7.4139,7.4139,7.4139,7.4139,7.4139,7.4139,7.4139,7.4139,7.4139,7.4139,7.4139,7.4139,7.4139,7.4139,7.4139,7.4139,7.4139,7.4139,7.4139,7.4139,7.4139,7.4139,7.4139,7.4139,7.4139,7.4139,7.4139,7.4139,7.4139,7.4139,7.4139,7.4139,7.4139,7.4139,7.4139,7.4139,7.4139,7.4139,7.4139,7.4139,7.4139,7.4139,7.4139,7.4139,7.4139,7.4139,7.4139,7.4139,7.4139,7.4139,7.4139,7.4139,7.4139,7.4139,7.4139,7.4139,7.4139,7.4139,7.4139,7.4139,7.4139,7.4139,7.4139,7.4139,7.4139,7.4139,7.4139,7.4139,7.4139,7.4139,7.4139,7.4139,7.4139,7.4139,7.4139,7.4139,7.4139,7.4139,7.4139,7.4139,7.4139,7.4139,7.4139,7.4139,7.4139,7.4139,7.4139,7.4139,7.4139,7.4139,7.4139,7.4139,7.4139,7.4139,7.4139,7.4139,7.4139,7.4139,7.4139,7.4139,7.4139,7.4139,7.4139,7.4139,7.4139,7.4139,7.4139,7.4139,7.4139,7.4139,7.4139,7.4139,7.4139,7.4139,7.4139,7.4139,7.4139,7.4139,7.4139,7.4139,7.4139,7.4139,7.4139,7.4139,7.4139,7.4139,7.4139,7.4139,7.4139,7.4139,7.4139,7.4139,7.4139,7.4139,7.4139,7.4139,7.4139,7.4139,7.4139,7.4139,7.4139,7.4139,7.4139,7.4139,7.4139,7.4139,7.4139,7.4139,7.4139,7.4139,7.4139,7.4139,7.4139,7.4139,7.4139,7.4139,7.4139,7.4139,7.4139,7.4139,7.4139,7.4139,7.4139,7.4139,7.4139,7.4139,7.4139,7.4139,7.4139,7.4139,7.4139,7.4139,7.4139,7.4139,7.4139,7.4139,7.4139,7.4139,7.4139,7.4139,7.4139,7.4139,7.4139,7.4139,7.4139,7.4139,7.4139,7.4139,7.4139,7.4139,7.4139,7.4139,7.4139,7.4139,7.4139,7.4139,7.4139,7.4139,7.4139,7.4139,7.4139,7.4139,7.4139,7.4139,7.4139,7.4139,7.4139,7.4139,7.4139,7.4139,7.4139,7.4139,7.4139,7.4139,7.4139,7.4139,7.4139,7.4139,7.4139,7.4139,7.4139,7.4139,7.4139,7.4139,7.4139,7.4139,7.4139,7.4139,7.4139,7.4139,7.4139,7.4139,7.4139,7.4139,7.4139,7.4139,7.4139,7.4139,7.4139,7.4139,7.4139,7.4139,7.4139,7.4139,7.4139,7.4139,7.4139,7.4139,7.4139,7.4139,7.4139,7.4139,7.4139,7.4139,7.4139,7.4139,7.4139,7.4139,7.4139,7.4139,7.4139,7.4139,7.4139,7.4139,7.4139,7.4139,7.4139,7.4139,7.4139,7.4139,7.4139,7.4139,7.4139,7.4139,7.4139,7.4139,7.4139,7.4139,7.4139,7.4139,7.4139,7.4139,7.4139,7.4139,7.4139,7.4139,7.4139,7.4139,7.4139,7.4139,7.4139,7.4139,7.4139,7.4139,7.4139,7.4139,7.4139,7.4139,7.4139,7.4139,7.4139,7.4139,7.4139,7.4139,7.4139,7.4139,7.4139,7.4139,7.4139,7.4139,7.4139,7.4139,7.4139,7.4139,7.4139,7.4139,7.4139,7.4139,7.4139,7.4139,7.4139,7.4139,7.4139,7.4139,7.4139,7.4139,7.4139,7.4139,7.4139,7.4139,7.4139,7.4139,7.4139,7.4139,7.4139,7.4139,7.4139,7.4139,7.4139,7.4139,7.4139,7.4139,7.4139,7.4139,7.4139,7.4139,7.4139,7.4139,7.4139,7.4139,7.4139,7.4139,7.4139,7.4139,7.4139,7.4139,7.4139,7.4139,7.4139,7.4139,7.4139,7.4139,7.4139,7.4139,7.4139,7.4139,7.4139,7.4139,7.4139,7.4139,7.4139,7.4139,7.4139,6.0788,6.0410,6.0039,5.9657,5.9579,5.9522,5.9467,5.9410,5.9355,5.9299,5.9242,5.9188,5.9136,5.9082,5.9030,5.8974,5.8920,5.8866,5.8811,5.8757,5.8704,5.8669,5.8661,5.8653,5.8642,5.8634,5.8626,5.8618,5.8610,5.8601,5.8591,5.8583,5.8575,5.8567,5.8556,5.8548,5.8540,5.8530,5.8522,5.8512,5.8503,5.8495,5.8485,5.8477,5.8467,5.8459,5.8451,5.8459,5.8483,5.8506,5.8530,5.8552,5.8575,5.8599,5.8622,5.8644,5.8669,5.8692,5.8714,5.8737,5.8763,5.8794,5.8827,5.8858,5.8889,5.8922,5.8953,5.8986,5.9017,5.9051,5.9080,5.9111,5.9142,5.9173,5.9255,5.9336,5.9418,5.9500,5.9581,5.9663,5.9746,5.9827,5.9910,5.9991,6.0077,6.0157,6.0239,6.0321,6.0404,6.0486,6.0567,6.0650,6.0947,6.1435,6.1681,6.1925,6.2179,6.2436,6.5836,6.5748,6.5653,6.5420,6.5486,6.5525,6.5535,6.5550,6.5555,6.5571,6.5584,6.5594,6.5599,6.5609,6.5625,6.5632,6.5643,6.5658,6.5663,6.5681,6.5689,6.5704,6.5722,6.5730,6.5751,6.5763,6.5771,6.5792,6.5799,6.5818,6.5828,6.5895,6.5955,6.6019,6.6087,6.6157,6.6230,6.6280,6.6335,6.6390,6.6445,6.6503,6.6553,6.6614,6.6664,6.6725,6.6778,6.6834,6.6884,6.6946,6.7029,6.7254,6.7492,6.7740,6.7989,6.8235,6.8477,7.4139,7.4139,7.4139,7.4139,7.4139,7.4139,7.4139,7.4139,7.4139,7.4139,7.4139,7.4139,7.4139,7.4139,7.4139,7.4139,7.4139,7.4139,7.4139,7.4139,7.4139,7.4139,7.4139,7.4139,7.4139,7.4139,7.4139,7.4139,7.4139,7.4139,7.4139,7.4139,7.4139,7.4139,7.4139,7.4139,7.4139,7.4139,7.4139,7.4139,7.4139,7.4139,7.4139,7.4139,7.4139,7.4139,7.4139,7.4139,7.4139,7.4139,7.4139,7.4139,7.4139,7.4139,7.4139,7.4139,7.4139,7.4139,7.4139,7.4139,7.4139,7.4139,7.4139,7.4139,7.4139,7.4139,7.4139,7.4139,7.4139,7.4139,7.4139,7.4139,7.4139,7.4139,7.4139,7.4139,7.4139,7.4139,7.4139,7.4139,7.4139,7.4139,7.4139,7.4139,7.4139,7.4139,7.4139,7.4139,7.4139,7.4139,7.4139,7.4139,7.4139,7.4139,7.4139,7.4139,7.4139,7.4139,7.4139,7.4139,7.4139,7.4139,7.4139,7.4139,7.4139,7.4139,7.4139,7.4139,7.4139,7.4139,7.4139,7.4139,7.4139,7.4139,7.4139,7.4139,7.4139,7.4139,7.4139,7.4139,7.4139,7.4139,7.4139,7.4139,7.4139,7.4139,7.4139,7.4139,7.4139,7.4139,7.4139,7.4139,7.4139,7.4139,7.4139,7.4139,7.4139,7.4139,7.4139,7.4139,7.4139,7.4139,7.4139,7.4139,7.4139,7.4139,7.4139,7.4139,7.4139,7.4139,7.4139,7.4139,7.4139,7.4139,7.4139,7.4139,7.4139,7.4139,7.4139,7.4139,7.4139,7.4139,7.4139,7.4139,7.4139,7.4139,7.4139,7.4139,7.4139,7.4139,7.4139,7.4139,7.4139,7.4139,7.4139,7.4139,7.4139,7.4139,7.4139,7.4139,7.4139,7.4139,7.4139,7.4139,7.4139,7.4139,7.4139,7.4139,7.4139,7.4139,7.4139,7.4139,7.4139,7.4139,7.4139,7.4139,7.4139,7.4139,7.4139,7.4139,7.4139,7.4139,7.4139,7.4139,7.4139,7.4139,7.4139,7.4139,7.4139,7.4139,7.4139,7.4139,7.4139,7.4139,7.4139,7.4139,7.4139,7.4139,7.4139,7.4139,7.4139,7.4139,7.4139,7.4139,7.4139,7.4139,7.4139,7.4139,7.4139,7.4139,7.4139,7.4139,7.4139,7.4139,7.4139,7.4139,7.4139,7.4139,7.4139,7.4139,7.4139,7.4139,7.4139,7.4139,7.4139,7.4139,7.4139,7.4139,7.4139,7.4139,7.4139,7.4139,7.4139,7.4139,7.4139,7.4139,7.4139,7.4139,7.4139,7.4139,7.4139,7.4139,7.4139,7.4139,7.4139,7.4139,7.4139,7.4139,7.4139,7.4139,7.4139,7.4139,7.4139,7.4139,7.4139,7.4139,7.4139,7.4139,7.4139,7.4139,7.4139,7.4139,7.4139,7.4139,7.4139,7.4139,7.4139,7.4139,7.4139,7.4139,7.4139,7.4139,7.4139,7.4139,7.4139,7.4139,7.4139,7.4139,7.4139,7.4139,7.4139,7.4139,7.4139,7.4139,7.4139,7.4139,7.4139,7.4139,7.4139,7.4139,7.4139,7.4139,7.4139,7.4139,7.4139,7.4139,7.4139,7.4139,7.4139,7.4139,7.4139,7.4139,7.4139,7.4139,7.4139,7.4139,7.4139,7.4139,7.4139,7.4139,7.4139,7.4139,7.4139,7.4139,7.4139,7.4139,7.4139,7.4139,7.4139,7.4139,7.4139,7.4139,7.4139,7.4139,7.4139,7.4139,7.4139,7.4139,7.4139,7.4139,7.4139,7.4139,7.4139,7.4139,7.4139,7.4139,7.4139,7.4139,7.4139,7.4139,7.4139,7.4139,7.4139,7.4139,7.4139,7.4139,7.4139,7.4139,7.4139,7.4139,7.4139,7.4139,7.4139,7.4139,7.4139,7.4139,7.4139,7.4139,7.4139,7.4139,7.4139,7.4139,7.4139,7.4139,7.4139,7.4139,7.4139,7.4139,7.4139,7.4139,7.4139,7.4139,7.4139,7.4139,7.4139,7.4139,7.4139,7.4139,7.4139,7.4139,7.4139,7.4139,7.4139,7.4139,7.4139,7.4139,7.4139,7.4139,7.4139
7.4070,7.4070,7.4070,7.4070,7.4070,7.4070,7.4070,7.4070,7.4070,7.4070,7.4070,7.4070,7.4070,7.4070,7.4070,7.4070,7.4070,7.4070,7.4070,7.4070,7.4070,7.4070,7.4070,7.4070,7.4070,7.4070,7.4070,7.4070,7.4070,7.4070,7.4070,7.4070,7.4070,7.4070,7.4070,7.4070,7.4070,7.4070,7.4070,7.4070,7.4070,7.4070,7.4070,7.4070,7.4070,7.4070,7.4070,7.4070,7.4070,7.4070,7.4070,7.4070,7.4070,7.4070,7.4070,7.4070,7.4070,7.4070,7.4070,7.4070,7.4070,7.4070,7.4070,7.4070,7.4070,7.4070,7.4070,7.4070,7.4070,7.4070,7.4070,7.4070,7.4070,7.4070,7.4070,7.4070,7.4070,7.4070,7.4070,7.4070,7.4070,7.4070,7.4070,7.4070,7.4070,7.4070,7.4070,7.4070,7.4070,7.4070,7.4070,7.4070,7.4070,7.4070,7.4070,7.4070,7.4070,7.4070,7.4070,7.4070,7.4070,7.4070,7.4070,7.4070,7.4070,7.4070,7.4070,7.4070,7.4070,7.4070,7.4070,7.4070,7.4070,7.4070,7.4070,7.4070,7.4070,7.4070,7.4070,7.4070,7.4070,7.4070,7.4070,7.4070,7.4070,7.4070,7.4070,7.4070,7.4070,7.4070,7.4070,7.4070,7.4070,7.4070,7.4070,7.4070,7.4070,7.4070,7.4070,7.4070,7.4070,7.4070,7.4070,7.4070,7.4070,7.4070,7.4070,7.4070,7.4070,7.4070,7.4070,7.4070,7.4070,7.4070,7.4070,7.4070,7.4070,7.4070,7.4070,7.4070,7.4070,7.4070,7.4070,7.4070,7.4070,7.4070,7.4070,7.4070,7.4070,7.4070,7.4070,7.4070,7.4070,7.4070,7.4070,7.4070,7.4070,7.4070,7.4070,7.4070,7.4070,7.4070,7.4070,7.4070,7.4070,7.4070,7.4070,7.4070,7.4070,7.4070,7.4070,7.4070,7.4070,7.4070,7.4070,7.4070,7.4070,7.4070,7.4070,7.4070,7.4070,7.4070,7.4070,7.4070,7.4070,7.4070,7.4070,7.4070,7.4070,7.4070,7.4070,7.4070,7.4070,7.4070,7.4070,7.4070,7.4070,7.4070,7.4070,7.4070,7.4070,7.4070,7.4070,7.4070,7.4070,7.4070,7.4070,7.4070,7.4070,7.4070,7.4070,7.4070,7.4070,7.4070,7.4070,7.4070,7.4070,7.4070,7.4070,7.4070,7.4070,7.4070,7.4070,7.4070,7.4070,7.4070,7.4070,7.4070,7.4070,7.4070,7.4070,7.4070,7.4070,7.4070,7.4070,7.4070,7.4070,7.4070,7.4070,7.4070,7.4070,7.4070,7.4070,7.4070,7.4070,7.4070,7.4070,7.4070,7.4070,7.4070,7.4070,7.4070,7.4070,7.4070,7.4070,7.4070,7.4070,7.4070,7.4070,7.4070,7.4070,7.4070,7.4070,7.4070,7.4070,7.4070,7.4070,7.4070,7.4070,7.4070,7.4070,7.4070,7.4070,7.4070,7.4070,7.4070,7.4070,7.4070,7.4070,7.4070,7.4070,7.4070,7.4070,7.4070,7.4070,7.4070,7.4070,7.4070,7.4070,7.4070,7.4070,7.4070,7.4070,7.4070,7.4070,7.4070,7.4070,7.4070,7.4070,7.4070,7.4070,7.4070,7.4070,7.4070,7.4070,7.4070,7.4070,7.4070,7.4070,7.4070,7.4070,7.4070,7.4070,7.4070,7.4070,7.4070,7.4070,7.4070,7.4070,7.4070,7.4070,7.4070,7.4070,7.4070,7.4070,7.4070,7.4070,7.4070,7.4070,7.4070,7.4070,7.4070,7.4070,7.4070,7.4070,7.4070,7.4070,7.4070,7.4070,7.4070,7.4070,7.4070,7.4070,7.4070,7.4070,7.4070,7.4070,7.4070,7.4070,7.4070,7.4070,7.4070,7.4070,7.4070,7.4070,7.4070,7.4070,7.4070,7.4070,7.4070,7.4070,7.4070,7.4070,7.4070,7.4070,7.4070,7.4070,7.4070,7.4070,7.4070,7.4070,7.4070,7.4070,7.4070,7.4070,7.4070,6.0641,6.0265,5.9893,5.9604,5.9549,5.9492,5.9435,5.9381,5.9324,5.9267,5.9213,5.9161,5.9107,5.9055,5.9001,5.8947,5.8893,5.8838,5.8784,5.8731,5.8675,5.8657,5.8649,5.8638,5.8630,5.8622,5.8614,5.8606,5.8597,5.8587,5.8579,5.8571,5.8563,5.8554,5.8544,5.8536,5.8528,5.8518,5.8510,5.8499,5.8491,5.8483,5.8473,5.8465,5.8455,5.8446,5.8438,5.8457,5.8481,5.8503,5.8528,5.8550,5.8573,5.8597,5.8620,5.8642,5.8667,5.8690,5.8712,5.8735,5.8759,5.8782,5.8809,5.8842,5.8873,5.8906,5.8937,5.8970,5.9001,5.9032,5.9063,5.9094,5.9125,5.9186,5.9267,5.9349,5.9431,5.9513,5.9593,5.9676,5.9759,5.9840,5.9923,6.0004,6.0086,6.0170,6.0252,6.0334,6.0417,6.0499,6.0582,6.0690,6.1225,6.1605,6.1850,6.2099,6.2357,6.6136,6.6045,6.5952,6.5861,6.5776,6.5689,6.5637,6.5653,6.5658,6.5668,6.5684,6.5689,6.5699,6.5709,6.5725,6.5735,6.5745,6.5756,6.5761,6.5776,6.5784,6.5794,6.5805,6.5820,6.5838,6.5851,6.5861,6.5880,6.5895,6.5908,6.5916,6.5936,6.5955,6.6019,6.6084,6.6155,6.6220,6.6269,6.6330,6.6382,6.6432,6.6492,6.6548,6.6603,6.6656,6.6706,6.6762,6.6818,6.6879,6.6927,6.6983,6.7063,6.7289,6.7530,6.7786,6.8036,6.8277,6.8525,7.4070,7.4070,7.4070,7.4070,7.4070,7.4070,7.4070,7.4070,7.4070,7.4070,7.4070,7.4070,7.4070,7.4070,7.4070,7.4070,7.4070,7.4070,7.4070,7.4070,7.4070,7.4070,7.4070,7.4070,7.4070,7.4070,7.4070,7.4070,7.4070,7.4070,7.4070,7.4070,7.4070,7.4070,7.4070,7.4070,7.4070,7.4070,7.4070,7.4070,7.4070,7.4070,7.4070,7.4070,7.4070,7.4070,7.4070,7.4070,7.4070,7.4070,7.4070,7.4070,7.4070,7.4070,7.4070,7.4070,7.4070,7.4070,7.4070,7.4070,7.4070,7.4070,7.4070,7.4070,7.4070,7.4070,7.4070,7.4070,7.4070,7.4070,7.4070,7.4070,7.4070,7.4070,7.4070,7.4070,7.4070,7.4070,7.4070,7.4070,7.4070,7.4070,7.4070,7.4070,7.4070,7.4070,7.4070,7.4070,7.4070,7.4070,7.4070,7.4070,7.4070,7.4070,7.4070,7.4070,7.4070,7.4070,7.4070,7.4070,7.4070,7.4070,7.4070,7.4070,7.4070,7.4070,7.4070,7.4070,7.4070,7.4070,7.4070,7.4070,7.4070,7.4070,7.4070,7.4070,7.4070,7.4070,7.4070,7.4070,7.4070,7.4070,7.4070,7.4070,7.4070,7.4070,7.4070,7.4070,7.4070,7.4070,7.4070,7.4070,7.4070,7.4070,7.4070,7.4070,7.4070,7.4070,7.4070,7.4070,7.4070,7.4070,7.4070,7.4070,7.4070,7.4070,7.4070,7.4070,7.4070,7.4070,7.4070,7.4070,7.4070,7.4070,7.4070,7.4070,7.4070,7.4070,7.4070,7.4070,7.4070,7.4070,7.4070,7.4070,7.4070,7.4070,7.4070,7.4070,7.4070,7.4070,7.4070,7.4070,7.4070,7.4070,7.4070,7.4070,7.4070,7.4070,7.4070,7.4070,7.4070,7.4070,7.4070,7.4070,7.4070,7.4070,7.4070,7.4070,7.4070,7.4070,7.4070,7.4070,7.4070,7.4070,7.4070,7.4070,7.4070,7.4070,7.4070,7.4070,7.4070,7.4070,7.4070,7.4070,7.4070,7.4070,7.4070,7.4070,7.4070,7.4070,7.4070,7.4070,7.4070,7.4070,7.4070,7.4070,7.4070,7.4070,7.4070,7.4070,7.4070,7.4070,7.4070,7.4070,7.4070,7.4070,7.4070,7.4070,7.4070,7.4070,7.4070,7.4070,7.4070,7.4070,7.4070,7.4070,7.4070,7.4070,7.4070,7.4070,7.4070,7.4070,7.4070,7.4070,7.4070,7.4070,7.4070,7.4070,7.4070,7.4070,7.4070,7.4070,7.4070,7.4070,7.4070,7.4070,7.4070,7.4070,7.4070,7.4070,7.4070,7.4070,7.4070,7.4070,7.4070,7.4070,7.4070,7.4070,7.4070,7.4070,7.4070,7.4070,7.4070,7.4070,7.4070,7.4070,7.4070,7.4070,7.4070,7.4070,7.4070,7.4070,7.4070,7.4070,7.4070,7.4070,7.4070,7.4070,7.4070,7.4070,7.4070,7.4070,7.4070,7.4070,7.4070,7.4070,7.4070,7.4070,7.4070,7.4070,7.4070,7.4070,7.4070,7.4070,7.4070,7.4070,7.4070,7.4070,7.4070,7.4070,7.4070,7.4070,7.4070,7.4070,7.4070,7.4070,7.4070,7.4070,7.4070,7.4070,7.4070,7.4070,7.4070,7.4070,7.4070,7.4070,7.4070,7.4070,7.4070,7.4070,7.4070,7.4070,7.4070,7.4070,7.4070,7.4070,7.4070,7.4070,7.4070,7.4070,7.4070,7.4070,7.4070,7.4070,7.4070,7.4070,7.4070,7.4070,7.4070,7.4070,7.4070,7.4070,7.4070,7.4070,7.4070,7.4070,7.4070,7.4070,7.4070,7.4070,7.4070,7.4070,7.4070,7.4070,7.4070,7.4070,7.4070,7.4070,7.4070,7.4070,7.4070,7.4070,7.4070,7.4070,7.4070,7.4070,7.4070,7.4070,7.4070,7.4070,7.4070,7.4070,7.4070,7.4070,7.4070,7.4070,7.4070,7.4070,7.4070,7.4070,7.4070,7.4070,7.4070,7.4070,7.4070,7.4070,7.4070,7.4070,7.4070,7.4070,7.4070,7.4070,7.4070,7.4070,7.4070,7.4070,7.4070,7.4070,7.4070
7.4015,7.4015,7.4015,7.4015,7.4015,7.4015,7.4015,7.4015,7.4015,7.4015,7.4015,7.4015,7.4015,7.4015,7.4015,7.4015,7.4015,7.4015,7.4015,7.4015,7.4015,7.4015,7.4015,7.4015,7.4015,7.4015,7.4015,7.4015,7.4015,7.4015,7.4015,7.4015,7.4015,7.4015,7.4015,7.4015,7.4015,7.4015,7.4015,7.4015,7.4015,7.4015,7.4015,7.4015,7.4015,7.4015,7.4015,7.4015,7.4015,7.4015,7.4015,7.4015,7.4015,7.4015,7.4015,7.4015,7.4015,7.4015,7.4015,7.4015,7.4015,7.4015,7.4015,7.4015,7.4015,7.4015,7.4015,7.4015,7.4015,7.4015,7.4015,7.4015,7.4015,7.4015,7.4015,7.4015,7.4015,7.4015,7.4015,7.4015,7.4015,7.4015,7.4015,7.4015,7.4015,7.4015,7.4015,7.4015,7.4015,7.4015,7.4015,7.4015,7.4015,7.4015,7.4015,7.4015,7.4015,7.4015,7.4015,7.4015,7.4015,7.4015,7.4015,7.4015,7.4015,7.4015,7.4015,7.4015,7.4015,7.4015,7.4015,7.4015,7.4015,7.4015,7.4015,7.4015,7.4015,7.4015,7.4015,7.4015,7.4015,7.4015,7.4015,7.4015,7.4015,7.4015,7.4015,7.4015,7.4015,7.4015,7.4015,7.4015,7.4015,7.4015,7.4015,7.4015,7.4015,7.4015,7.4015,7.4015,7.4015,7.4015,7.4015,7.4015,7.4015,7.4015,7.4015,7.4015,7.4015,7.4015,7.4015,7.4015,7.4015,7.4015,7.4015,7.4015,7.4015,7.4015,7.4015,7.4015,7.4015,7.4015,7.4015,7.4015,7.4015,7.4015,7.4015,7.4015,7.4015,7.4015,7.4015,7.4015,7.4015,7.4015,7.4015,7.4015,7.4015,7.4015,7.4015,7.4015,7.4015,7.4015,7.4015,7.4015,7.4015,7.4015,7.4015,7.4015,7.4015,7.4015,7.4015,7.4015,7.4015,7.4015,7.4015,7.4015,7.4015,7.4015,7.4015,7.4015,7.4015,7.4015,7.4015,7.4015,7.4015,7.4015,7.4015,7.4015,7.4015,7.4015,7.4015,7.4015,7.4015,7.4015,7.4015,7.4015,7.4015,7.4015,7.4015,7.4015,7.4015,7.4015,7.4015,7.4015,7.4015,7.4015,7.4015,7.4015,7.4015,7.4015,7.4015,7.4015,7.4015,7.4015,7.4015,7.4015,7.4015,7.4015,7.4015,7.4015,7.4015,7.4015,7.4015,7.4015,7.4015,7.4015,7.4015,7.4015,7.4015,7.4015,7.4015,7.4015,7.4015,7.4015,7.4015,7.4015,7.4015,7.4015,7.4015,7.4015,7.4015,7.4015,7.4015,7.4015,7.4015,7.4015,7.4015,7.4015,7.4015,7.4015,7.4015,7.4015,7.4015,7.4015,7.4015,7.4015,7.4015,7.4015,7.4015,7.4015,7.4015,7.4015,7.4015,7.4015,7.4015,7.4015,7.4015,7.4015,7.4015,7.4015,7.4015,7.4015,7.4015,7.4015,7.4015,7.4015,7.4015,7.4015,7.4015,7.4015,7.4015,7.4015,7.4015,7.4015,7.4015,7.4015,7.4015,7.4015,7.4015,7.4015,7.4015,7.4015,7.4015,7.4015,7.4015,7.4015,7.4015,7.4015,7.4015,7.4015,7.4015,7.4015,7.4015,7.4015,7.4015,7.4015,7.4015,7.4015,7.4015,7.4015,7.4015,7.4015,7.4015,7.4015,7.4015,7.4015,7.4015,7.4015,7.4015,7.4015,7.4015,7.4015,7.4015,7.4015,7.4015,7.4015,7.4015,7.4015,7.4015,7.4015,7.4015,7.4015,7.4015,7.4015,7.4015,7.4015,7.4015,7.4015,7.4015,7.4015,7.4015,7.4015,7.4015,7.4015,7.4015,7.4015,7.4015,7.4015,7.4015,7.4015,7.4015,7.4015,7.4015,7.4015,7.4015,7.4015,7.4015,7.4015,7.4015,7.4015,7.4015,7.4015,7.4015,7.4015,7.4015,7.4015,7.4015,7.4015,7.4015,7.4015,7.4015,7.4015,7.4015,7.4015,7.4015,6.0890,6.0497,6.0122,5.9752,5.9574,5.9517,5.9460,5.9406,5.9349,5.9292,5.9238,5.9184,5.9132,5.9078,5.9026,5.8972,5.8920,5.8864,5.8811,5.8757,5.8702,5.8653,5.8644,5.8634,5.8626,5.8618,5.8610,5.8601,5.8593,5.8583,5.8575,5.8567,5.8559,5.8550,5.8542,5.8532,5.8524,5.8516,5.8506,5.8497,5.8487,5.8479,5.8469,5.8461,5.8453,5.8442,5.8434,5.8432,5.8455,5.8479,5.8501,5.8526,5.8548,5.8571,5.8595,5.8618,5.8640,5.8665,5.8687,5.8710,5.8735,5.8757,5.8780,5.8803,5.8827,5.8856,5.8889,5.8920,5.8953,5.8984,5.9015,5.9046,5.9078,5.9119,5.9198,5.9280,5.9362,5.9444,5.9524,5.9606,5.9689,5.9772,5.9852,5.9936,6.0017,6.0099,6.0183,6.0265,6.0347,6.0430,6.0512,6.0595,6.0965,6.1503,6.1774,6.2021,6.2276,6.6492,6.6379,6.6264,6.6173,6.6077,6.5993,6.5903,6.5815,6.5771,6.5781,6.5792,6.5797,6.5812,6.5818,6.5833,6.5843,6.5854,6.5864,6.5869,6.5885,6.5892,6.5903,6.5921,6.5931,6.5936,6.5949,6.5965,6.5978,6.5983,6.5993,6.6012,6.6019,6.6032,6.6048,6.6084,6.6149,6.6204,6.6264,6.6317,6.6372,6.6421,6.6482,6.6537,6.6585,6.6646,6.6701,6.6757,6.6810,6.6860,6.6922,6.6972,6.7034,6.7093,6.7335,6.7576,6.7824,6.8080,6.8329,6.8572,7.4015,7.4015,7.4015,7.4015,7.4015,7.4015,7.4015,7.4015,7.4015,7.4015,7.4015,7.4015,7.4015,7.4015,7.4015,7.4015,7.4015,7.4015,7.4015,7.4015,7.4015,7.4015,7.4015,7.4015,7.4015,7.4015,7.4015,7.4015,7.4015,7.4015,7.4015,7.4015,7.4015,7.4015,7.4015,7.4015,7.4015,7.4015,7.4015,7.4015,7.4015,7.4015,7.4015,7.4015,7.4015,7.4015,7.4015,7.4015,7.4015,7.4015,7.4015,7.4015,7.4015,7.4015,7.4015,7.4015,7.4015,7.4015,7.4015,7.4015,7.4015,7.4015,7.4015,7.4015,7.4015,7.4015,7.4015,7.4015,7.4015,7.4015,7.4015,7.4015,7.4015,7.4015,7.4015,7.4015,7.4015,7.4015,7.4015,7.4015,7.4015,7.4015,7.4015,7.4015,7.4015,7.4015,7.4015,7.4015,7.4015,7.4015,7.4015,7.4015,7.4015,7.4015,7.4015,7.4015,7.4015,7.4015,7.4015,7.4015,7.4015,7.4015,7.4015,7.4015,7.4015,7.4015,7.4015,7.4015,7.4015,7.4015,7.4015,7.4015,7.4015,7.4015,7.4015,7.4015,7.4015,7.4015,7.4015,7.4015,7.4015,7.4015,7.4015,7.4015,7.4015,7.4015,7.4015,7.4015,7.4015,7.4015,7.4015,7.4015,7.4015,7.4015,7.4015,7.4015,7.4015,7.4015,7.4015,7.4015,7.4015,7.4015,7.4015,7.4015,7.4015,7.4015,7.4015,7.4015,7.4015,7.4015,7.4015,7.4015,7.4015,7.4015,7.4015,7.4015,7.4015,7.4015,7.4015,7.4015,7.4015,7.4015,7.4015,7.4015,7.4015,7.4015,7.4015,7.4015,7.4015,7.4015,7.4015,7.4015,7.4015,7.4015,7.4015,7.4015,7.4015,7.4015,7.4015,7.4015,7.4015,7.4015,7.4015,7.4015,7.4015,7.4015,7.4015,7.4015,7.4015,7.4015,7.4015,7.4015,7.4015,7.4015,7.4015,7.4015,7.4015,7.4015,7.4015,7.4015,7.4015,7.4015,7.4015,7.4015,7.4015,7.4015,7.4015,7.4015,7.4015,7.4015,7.4015,7.4015,7.4015,7.4015,7.4015,7.4015,7.4015,7.4015,7.4015,7.4015,7.4015,7.4015,7.4015,7.4015,7.4015,7.4015,7.4015,7.4015,7.4015,7.4015,7.4015,7.4015,7.4015,7.4015,7.4015,7.4015,7.4015,7.4015,7.4015,7.4015,7.4015,7.4015,7.4015,7.4015,7.4015,7.4015,7.4015,7.4015,7.4015,7.4015,7.4015,7.4015,7.4015,7.4015,7.4015,7.4015,7.4015,7.4015,7.4015,7.4015,7.4015,7.4015,7.4015,7.4015,7.4015,7.4015,7.4015,7.4015,7.4015,7.4015,7.4015,7.4015,7.4015,7.4015,7.4015,7.4015,7.4015,7.4015,7.4015,7.4015,7.4015,7.4015,7.4015,7.4015,7.4015,7.4015,7.4015,7.4015,7.4015,7.4015,7.4015,7.4015,7.4015,7.4015,7.4015,7.4015,7.4015,7.4015,7.4015,7.4015,7.4015,7.4015,7.4015,7.4015,7.4015,7.4015,7.4015,7.4015,7.4015,7.4015,7.4015,7.4015,7.4015,7.4015,7.4015,7.4015,7.4015,7.4015,7.4015,7.4015,7.4015,7.4015,7.4015,7.4015,7.4015,7.4015,7.4015,7.4015,7.4015,7.4015,7.4015,7.4015,7.4015,7.4015,7.4015,7.4015,7.4015,7.4015,7.4015,7.4015,7.4015,7.4015,7.4015,7.4015,7.4015,7.4015,7.4015,7.4015,7.4015,7.4015,7.4015,7.4015,7.4015,7.4015,7.4015,7.4015,7.4015,7.4015,7.4015,7.4015,7.4015,7.4015,7.4015,7.4015,7.4015,7.4015,7.4015,7.4015,7.4015,7.4015,7.4015,7.4015,7.4015,7.4015,7.4015,7.4015,7.4015,7.4015,7.4015,7.4015,7.4015,7.4015,7.4015,7.4015,7.4015,7.4015,7.4015,7.4015,7.4015,7.4015,7.4015,7.4015,7.4015,7.4015,7.4015,7.4015,7.4015,7.4015,7.4015,7.4015,7.4015,7.4015,7.4015,7.4015,7.4015,7.4015,7.4015,7.4015,7.4015
7.3950,7.3950,7.3950,7.3950,7.3950,7.3950,7.3950,7.3950,7.3950,7.3950,7.3950,7.3950,7.3950,7.3950,7.3950,7.3950,7.3950,7.3950,7.3950,7.3950,7.3950,7.3950,7.3950,7.3950,7.3950,7.3950,7.3950,7.3950,7.3950,7.3950,7.3950,7.3950,7.3950,7.3950,7.3950,7.3950,7.3950,7.3950,7.3950,7.3950,7.3950,7.3950,7.3950,7.3950,7.3950,7.3950,7.3950,7.3950,7.3950,7.3950,7.3950,7.3950,7.3950,7.3950,7.3950,7.3950,7.3950,7.3950,7.3950,7.3950,7.3950,7.3950,7.3950,7.3950,7.3950,7.3950,7.3950,7.3950,7.3950,7.3950,7.3950,7.3950,7.3950,7.3950,7.3950,7.3950,7.3950,7.3950,7.3950,7.3950,7.3950,7.3950,7.3950,7.3950,7.3950,7.3950,7.3950,7.3950,7.3950,7.3950,7.3950,7.3950,7.3950,7.3950,7.3950,7.3950,7.3950,7.3950,7.3950,7.3950,7.3950,7.3950,7.3950,7.3950,7.3950,7.3950,7.3950,7.3950,7.3950,7.3950,7.3950,7.3950,7.3950,7.3950,7.3950,7.3950,7.3950,7.3950,7.3950,7.3950,7.3950,7.3950,7.3950,7.3950,7.3950,7.3950,7.3950,7.3950,7.3950,7.3950,7.3950,7.3950,7.3950,7.3950,7.3950,7.3950,7.3950,7.3950,7.3950,7.3950,7.3950,7.3950,7.3950,7.3950,7.3950,7.3950,7.3950,7.3950,7.3950,7.3950,7.3950,7.3950,7.3950,7.3950,7.3950,7.3950,7.3950,7.3950,7.3950,7.3950,7.3950,7.3950,7.3950,7.3950,7.3950,7.3950,7.3950,7.3950,7.3950,7.3950,7.3950,7.3950,7.3950,7.3950,7.3950,7.3950,7.3950,7.3950,7.3950,7.3950,7.3950,7.3950,7.3950,7.3950,7.3950,7.3950,7.3950,7.3950,7.3950,7.3950,7.3950,7.3950,7.3950,7.3950,7.3950,7.3950,7.3950,7.3950,7.3950,7.3950,7.3950,7.3950,7.3950,7.3950,7.3950,7.3950,7.3950,7.3950,7.3950,7.3950,7.3950,7.3950,7.3950,7.3950,7.3950,7.3950,7.3950,7.3950,7.3950,7.3950,7.3950,7.3950,7.3950,7.3950,7.3950,7.3950,7.3950,7.3950,7.3950,7.3950,7.3950,7.3950,7.3950,7.3950,7.3950,7.3950,7.3950,7.3950,7.3950,7.3950,7.3950,7.3950,7.3950,7.3950,7.3950,7.3950,7.3950,7.3950,7.3950,7.3950,7.3950,7.3950,7.3950,7.3950,7.3950,7.3950,7.3950,7.3950,7.3950,7.3950,7.3950,7.3950,7.3950,7.3950,7.3950,7.3950,7.3950,7.3950,7.3950,7.3950,7.3950,7.3950,7.3950,7.3950,7.3950,7.3950,7.3950,7.3950,7.3950,7.3950,7.3950,7.3950,7.3950,7.3950,7.3950,7.3950,7.3950,7.3950,7.3950,7.3950,7.3950,7.3950,7.3950,7.3950,7.3950,7.3950,7.3950,7.3950,7.3950,7.3950,7.3950,7.3950,7.3950,7.3950,7.3950,7.3950,7.3950,7.3950,7.3950,7.3950,7.3950,7.3950,7.3950,7.3950,7.3950,7.3950,7.3950,7.3950,7.3950,7.3950,7.3950,7.3950,7.3950,7.3950,7.3950,7.3950,7.3950,7.3950,7.3950,7.3950,7.3950,7.3950,7.3950,7.3950,7.3950,7.3950,7.3950,7.3950,7.3950,7.3950,7.3950,7.3950,7.3950,7.3950,7.3950,7.3950,7.3950,7.3950,7.3950,7.3950,7.3950,7.3950,7.3950,7.3950,7.3950,7.3950,7.3950,7.3950,7.3950,7.3950,7.3950,7.3950,7.3950,7.3950,7.3950,7.3950,7.3950,7.3950,7.3950,7.3950,7.3950,7.3950,7.3950,7.3950,7.3950,7.3950,7.3950,7.3950,7.3950,7.3950,7.3950,7.3950,7.3950,7.3950,7.3950,7.3950,7.3950,7.3950,7.3950,7.3950,7.3950,7.3950,7.3950,7.3950,7.3950,6.0729,6.0351,5.9979,5.9617,5.9543,5.9486,5.9429,5.9374,5.9318,5.9263,5.9209,5.9155,5.9103,5.9049,5.8997,5.8943,5.8891,5.8838,5.8784,5.8729,5.8675,5.8640,5.8630,5.8622,5.8614,5.8606,5.8597,5.8589,5.8579,5.8571,5.8563,5.8554,5.8546,5.8538,5.8528,5.8520,5.8512,5.8501,5.8493,5.8485,5.8475,5.8467,5.8457,5.8448,5.8440,5.8430,5.8422,5.8430,5.8453,5.8477,5.8499,5.8524,5.8546,5.8569,5.8593,5.8616,5.8638,5.8663,5.8685,5.8708,5.8733,5.8755,5.8778,5.8800,5.8825,5.8848,5.8871,5.8904,5.8935,5.8968,5.8999,5.9030,5.9061,5.9132,5.9211,5.9292,5.9374,5.9456,5.9536,5.9619,5.9701,5.9784,5.9865,5.9946,6.0030,6.0112,6.0196,6.0278,6.0362,6.0445,6.0525,6.0707,6.1241,6.1702,6.1943,6.2198,6.6648,6.6603,6.6556,6.6516,6.6421,6.6311,6.6204,6.6118,6.6025,6.5934,6.5898,6.5905,6.5916,6.5931,6.5942,6.5947,6.5957,6.5973,6.5983,6.5996,6.6006,6.6017,6.6030,6.6035,6.6048,6.6058,6.6074,6.6087,6.6097,6.6105,6.6121,6.6126,6.6136,6.6139,6.6139,6.6136,6.6196,6.6251,6.6301,6.6356,6.6408,6.6464,6.6519,6.6574,6.6635,6.6688,6.6744,6.6799,6.6850,6.6906,6.6967,6.7021,6.7071,6.7128,6.7378,6.7622,6.7871,6.8127,6.8374,6.8625,7.3950,7.3950,7.3950,7.3950,7.3950,7.3950,7.3950,7.3950,7.3950,7.3950,7.3950,7.3950,7.3950,7.3950,7.3950,7.3950,7.3950,7.3950,7.3950,7.3950,7.3950,7.3950,7.3950,7.3950,7.3950,7.3950,7.3950,7.3950,7.3950,7.3950,7.3950,7.3950,7.3950,7.3950,7.3950,7.3950,7.3950,7.3950,7.3950,7.3950,7.3950,7.3950,7.3950,7.3950,7.3950,7.3950,7.3950,7.3950,7.3950,7.3950,7.3950,7.3950,7.3950,7.3950,7.3950,7.3950,7.3950,7.3950,7.3950,7.3950,7.3950,7.3950,7.3950,7.3950,7.3950,7.3950,7.3950,7.3950,7.3950,7.3950,7.3950,7.3950,7.3950,7.3950,7.3950,7.3950,7.3950,7.3950,7.3950,7.3950,7.3950,7.3950,7.3950,7.3950,7.3950,7.3950,7.3950,7.3950,7.3950,7.3950,7.3950,7.3950,7.3950,7.3950,7.3950,7.3950,7.3950,7.3950,7.3950,7.3950,7.3950,7.3950,7.3950,7.3950,7.3950,7.3950,7.3950,7.3950,7.3950,7.3950,7.3950,7.3950,7.3950,7.3950,7.3950,7.3950,7.3950,7.3950,7.3950,7.3950,7.3950,7.3950,7.3950,7.3950,7.3950,7.3950,7.3950,7.3950,7.3950,7.3950,7.3950,7.3950,7.3950,7.3950,7.3950,7.3950,7.3950,7.3950,7.3950,7.3950,7.3950,7.3950,7.3950,7.3950,7.3950,7.3950,7.3950,7.3950,7.3950,7.3950,7.3950,7.3950,7.3950,7.3950,7.3950,7.3950,7.3950,7.3950,7.3950,7.3950,7.3950,7.3950,7.3950,7.3950,7.3950,7.3950,7.3950,7.3950,7.3950,7.3950,7.3950,7.3950,7.3950,7.3950,7.3950,7.3950,7.3950,7.3950,7.3950,7.3950,7.3950,7.3950,7.3950,7.3950,7.3950,7.3950,7.3950,7.3950,7.3950,7.3950,7.3950,7.3950,7.3950,7.3950,7.3950,7.3950,7.3950,7.3950,7.3950,7.3950,7.3950,7.3950,7.3950,7.3950,7.3950,7.3950,7.3950,7.3950,7.3950,7.3950,7.3950,7.3950,7.3950,7.3950,7.3950,7.3950,7.3950,7.3950,7.3950,7.3950,7.3950,7.3950,7.3950,7.3950,7.3950,7.3950,7.3950,7.3950,7.3950,7.3950,7.3950,7.3950,7.3950,7.3950,7.3950,7.3950,7.3950,7.3950,7.3950,7.3950,7.3950,7.3950,7.3950,7.3950,7.3950,7.3950,7.3950,7.3950,7.3950,7.3950,7.3950,7.3950,7.3950,7.3950,7.3950,7.3950,7.3950,7.3950,7.3950,7.3950,7.3950,7.3950,7.3950,7.3950,7.3950,7.3950,7.3950,7.3950,7.3950,7.3950,7.3950,7.3950,7.3950,7.3950,7.3950,7.3950,7.3950,7.3950,7.3950,7.3950,7.3950,7.3950,7.3950,7.3950,7.3950,7.3950,7.3950,7.3950,7.3950,7.3950,7.3950,7.3950,7.3950,7.3950,7.3950,7.3950,7.3950,7.3950,7.3950,7.3950,7.3950,7.3950,7.3950,7.3950,7.3950,7.3950,7.3950,7.3950,7.3950,7.3950,7.3950,7.3950,7.3950,7.3950,7.3950,7.3950,7.3950,7.3950,7.3950,7.3950,7.3950,7.3950,7.3950,7.3950,7.3950,7.3950,7.3950,7.3950,7.3950,7.3950,7.3950,7.3950,7.3950,7.3950,7.3950,7.3950,7.3950,7.3950,7.3950,7.3950,7.3950,7.3950,7.3950,7.3950,7.3950,7.3950,7.3950,7.3950,7.3950,7.3950,7.3950,7.3950,7.3950,7.3950,7.3950,7.3950,7.3950,7.3950,7.3950,7.3950,7.3950,7.3950,7.3950,7.3950,7.3950,7.3950,7.3950,7.3950,7.3950,7.3950,7.3950,7.3950,7.3950,7.3950,7.3950,7.3950,7.3950,7.3950,7.3950,7.3950,7.3950,7.3950,7.3950,7.3950,7.3950,7.3950,7.3950,7.3950,7.3950,7.3950,7.3950,7.3950,7.3950,7.3950,7.3950,7.3950,7.3950,7.3950,7.3950,7.3950,7.3950,7.3950,7.3950,7.3950,7.3950,7.3950,7.3950,7.3950,7.3950
7.3888,7.3888,7.3888,7.3888,7.3888,7.3888,7.3888,7.3888,7.3888,7.3888,7.3888,7.3888,7.3888,7.3888,7.3888,7.3888,7.3888,7.3888,7.3888,7.3888,7.3888,7.3888,7.3888,7.3888,7.3888,7.3888,7.3888,7.3888,7.3888,7.3888,7.3888,7.3888,7.3888,7.3888,7.3888,7.3888,7.3888,7.3888,7.3888,7.3888,7.3888,7.3888,7.3888,7.3888,7.3888,7.3888,7.3888,7.3888,7.3888,7.3888,7.3888,7.3888,7.3888,7.3888,7.3888,7.3888,7.3888,7.3888,7.3888,7.3888,7.3888,7.3888,7.3888,7.3888,7.3888,7.3888,7.3888,7.3888,7.3888,7.3888,7.3888,7.3888,7.3888,7.3888,7.3888,7.3888,7.3888,7.3888,7.3888,7.3888,7.3888,7.3888,7.3888,7.3888,7.3888,7.3888,7.3888,7.3888,7.3888,7.3888,7.3888,7.3888,7.3888,7.3888,7.3888,7.3888,7.3888,7.3888,7.3888,7.3888,7.3888,7.3888,7.3888,7.3888,7.3888,7.3888,7.3888,7.3888,7.3888,7.3888,7.3888,7.3888,7.3888,7.3888,7.3888,7.3888,7.3888,7.3888,7.3888,7.3888,7.3888,7.3888,7.3888,7.3888,7.3888,7.3888,7.3888,7.3888,7.3888,7.3888,7.3888,7.3888,7.3888,7.3888,7.3888,7.3888,7.3888,7.3888,7.3888,7.3888,7.3888,7.3888,7.3888,7.3888,7.3888,7.3888,7.3888,7.3888,7.3888,7.3888,7.3888,7.3888,7.3888,7.3888,7.3888,7.3888,7.3888,7.3888,7.3888,7.3888,7.3888,7.3888,7.3888,7.3888,7.3888,7.3888,7.3888,7.3888,7.3888,7.3888,7.3888,7.3888,7.3888,7.3888,7.3888,7.3888,7.3888,7.3888,7.3888,7.3888,7.3888,7.3888,7.3888,7.3888,7.3888,7.3888,7.3888,7.3888,7.3888,7.3888,7.3888,7.3888,7.3888,7.3888,7.3888,7.3888,7.3888,7.3888,7.3888,7.3888,7.3888,7.3888,7.3888,7.3888,7.3888,7.3888,7.3888,7.3888,7.3888,7.3888,7.3888,7.3888,7.3888,7.3888,7.3888,7.3888,7.3888,7.3888,7.3888,7.3888,7.3888,7.3888,7.3888,7.3888,7.3888,7.3888,7.3888,7.3888,7.3888,7.3888,7.3888,7.3888,7.3888,7.3888,7.3888,7.3888,7.3888,7.3888,7.3888,7.3888,7.3888,7.3888,7.3888,7.3888,7.3888,7.3888,7.3888,7.3888,7.3888,7.3888,7.3888,7.3888,7.3888,7.3888,7.3888,7.3888,7.3888,7.3888,7.3888,7.3888,7.3888,7.3888,7.3888,7.3888,7.3888,7.3888,7.3888,7.3888,7.3888,7.3888,7.3888,7.3888,7.3888,7.3888,7.3888,7.3888,7.3888,7.3888,7.3888,7.3888,7.3888,7.3888,7.3888,7.3888,7.3888,7.3888,7.3888,7.3888,7.3888,7.3888,7.3888,7.3888,7.3888,7.3888,7.3888,7.3888,7.3888,7.3888,7.3888,7.3888,7.3888,7.3888,7.3888,7.3888,7.3888,7.3888,7.3888,7.3888,7.3888,7.3888,7.3888,7.3888,7.3888,7.3888,7.3888,7.3888,7.3888,7.3888,7.3888,7.3888,7.3888,7.3888,7.3888,7.3888,7.3888,7.3888,7.3888,7.3888,7.3888,7.3888,7.3888,7.3888,7.3888,7.3888,7.3888,7.3888,7.3888,7.3888,7.3888,7.3888,7.3888,7.3888,7.3888,7.3888,7.3888,7.3888,7.3888,7.3888,7.3888,7.3888,7.3888,7.3888,7.3888,7.3888,7.3888,7.3888,7.3888,7.3888,7.3888,7.3888,7.3888,7.3888,7.3888,7.3888,7.3888,7.3888,7.3888,7.3888,7.3888,7.3888,7.3888,7.3888,7.3888,7.3888,7.3888,7.3888,7.3888,7.3888,7.3888,7.3888,7.3888,7.3888,7.3888,7.3888,7.3888,7.3888,7.3888,7.3888,7.3888,7.3888,7.3888,7.3888,7.3888,7.3888,7.3888,6.0584,6.0209,5.9838,5.9568,5.9511,5.9454,5.9399,5.9343,5.9286,5.9234,5.9180,5.9128,5.9073,5.9022,5.8968,5.8916,5.8862,5.8809,5.8755,5.8702,5.8649,5.8626,5.8618,5.8610,5.8601,5.8593,5.8585,5.8575,5.8567,5.8559,5.8550,5.8542,5.8534,5.8524,5.8516,5.8508,5.8499,5.8489,5.8481,5.8473,5.8463,5.8455,5.8444,5.8436,5.8428,5.8418,5.8412,5.8428,5.8451,5.8475,5.8497,5.8522,5.8544,5.8569,5.8591,5.8614,5.8636,5.8661,5.8683,5.8706,5.8731,5.8753,5.8776,5.8800,5.8823,5.8846,5.8868,5.8893,5.8918,5.8951,5.8982,5.9013,5.9063,5.9144,5.9223,5.9305,5.9387,5.9469,5.9549,5.9631,5.9714,5.9795,5.9878,5.9959,6.0043,6.0125,6.0209,6.0291,6.0375,6.0458,6.0541,6.0980,6.1521,6.1868,6.2119,6.6736,6.6691,6.6651,6.6601,6.6556,6.6508,6.6469,6.6424,6.6356,6.6251,6.6152,6.6066,6.6027,6.6032,6.6048,6.6053,6.6069,6.6082,6.6092,6.6105,6.6110,6.6123,6.6134,6.6144,6.6162,6.6165,6.6170,6.6168,6.6173,6.6173,6.6175,6.6170,6.6173,6.6173,6.6178,6.6178,6.6186,6.6235,6.6290,6.6345,6.6395,6.6456,6.6506,6.6564,6.6619,6.6669,6.6730,6.6786,6.6834,6.6895,6.6946,6.7002,6.7063,6.7114,6.7179,6.7419,6.7666,6.7915,6.8166,6.8424,6.8670,7.3894,7.3894,7.3894,7.3894,7.3894,7.3894,7.3894,7.3894,7.3894,7.3894,7.3894,7.3894,7.3894,7.3894,7.3894,7.3894,7.3894,7.3894,7.3894,7.3894,7.3894,7.3894,7.3894,7.3894,7.3894,7.3894,7.3894,7.3894,7.3894,7.3894,7.3894,7.3894,7.3894,7.3894,7.3894,7.3894,7.3894,7.3894,7.3894,7.3894,7.3894,7.3894,7.3894,7.3894,7.3894,7.3894,7.3894,7.3894,7.3894,7.3894,7.3894,7.3894,7.3894,7.3894,7.3894,7.3894,7.3894,7.3894,7.3894,7.3894,7.3894,7.3894,7.3894,7.3894,7.3894,7.3894,7.3894,7.3894,7.3894,7.3894,7.3894,7.3894,7.3894,7.3894,7.3894,7.3894,7.3894,7.3894,7.3894,7.3894,7.3894,7.3894,7.3894,7.3894,7.3894,7.3894,7.3894,7.3894,7.3894,7.3894,7.3894,7.3894,7.3894,7.3894,7.3894,7.3894,7.3894,7.3894,7.3894,7.3894,7.3894,7.3894,7.3894,7.3894,7.3894,7.3894,7.3894,7.3894,7.3894,7.3894,7.3894,7.3894,7.3894,7.3894,7.3894,7.3894,7.3894,7.3894,7.3894,7.3894,7.3894,7.3894,7.3894,7.3894,7.3894,7.3894,7.3894,7.3894,7.3894,7.3894,7.3894,7.3894,7.3894,7.3894,7.3894,7.3894,7.3894,7.3894,7.3894,7.3894,7.3894,7.3894,7.3894,7.3894,7.3894,7.3894,7.3894,7.3894,7.3894,7.3894,7.3894,7.3894,7.3894,7.3894,7.3894,7.3894,7.3894,7.3894,7.3894,7.3894,7.3894,7.3894,7.3894,7.3894,7.3894,7.3894,7.3894,7.3894,7.3894,7.3894,7.3894,7.3894,7.3894,7.3894,7.3894,7.3894,7.3894,7.3894,7.3894,7.3894,7.3894,7.3894,7.3894,7.3894,7.3894,7.3894,7.3894,7.3894,7.3894,7.3894,7.3894,7.3894,7.3894,7.3894,7.3894,7.3894,7.3894,7.3894,7.3894,7.3894,7.3894,7.3894,7.3894,7.3894,7.3894,7.3894,7.3894,7.3894,7.3894,7.3894,7.3894,7.3894,7.3894,7.3894,7.3894,7.3894,7.3894,7.3894,7.3894,7.3894,7.3894,7.3894,7.3894,7.3894,7.3894,7.3894,7.3894,7.3894,7.3894,7.3894,7.3894,7.3894,7.3894,7.3894,7.3894,7.3894,7.3894,7.3894,7.3894,7.3894,7.3894,7.3894,7.3894,7.3894,7.3894,7.3894,7.3894,7.3894,7.3894,7.3894,7.3894,7.3894,7.3894,7.3894,7.3894,7.3894,7.3894,7.3894,7.3894,7.3894,7.3894,7.3894,7.3894,7.3894,7.3894,7.3894,7.3894,7.3894,7.3894,7.3894,7.3894,7.3894,7.3894,7.3894,7.3894,7.3894,7.3894,7.3894,7.3894,7.3894,7.3894,7.3894,7.3894,7.3894,7.3894,7.3894,7.3894,7.3894,7.3894,7.3894,7.3894,7.3894,7.3894,7.3894,7.3894,7.3894,7.3894,7.3894,7.3894,7.3894,7.3894,7.3894,7.3894,7.3894,7.3894,7.3894,7.3894,7.3894,7.3894,7.3894,7.3894,7.3894,7.3894,7.3894,7.3894,7.3894,7.3894,7.3894,7.3894,7.3894,7.3894,7.3894,7.3894,7.3894,7.3894,7.3894,7.3894,7.3894,7.3894,7.3894,7.3894,7.3894,7.3894,7.3894,7.3894,7.3894,7.3894,7.3894,7.3894,7.3894,7.3894,7.3894,7.3894,7.3894,7.3894,7.3894,7.3894,7.3894,7.3894,7.3894,7.3894,7.3894,7.3894,7.3894,7.3894,7.3894,7.3894,7.3894,7.3894,7.3894,7.3894,7.3894,7.3894,7.3894,7.3894,7.3894,7.3894,7.3894,7.3894,7.3894,7.3894,7.3894,7.3894,7.3894,7.3894,7.3894,7.3894,7.3894,7.3894,7.3894,7.3894,7.3894,7.3894,7.3894,7.3894,7.3894,7.3894,7.3894,7.3894,7.3894,7.3894,7.3894,7.3894,7.3894,7.3894,7.3894,7.3894,7.3894,7.3894,7.3894,7.3894,7.3894,7.3894,7.3894,7.3894,7.3894,7.3894,7.3894,7.3888
7.3833,7.3833,7.3833,7.3833,7.3833,7.3833,7.3833,7.3833,7.3833,7.3833,7.3833,7.3833,7.3833,7.3833,7.3833,7.3833,7.3833,7.3833,7.3833,7.3833,7.3833,7.3833,7.3833,7.3833,7.3833,7.3833,7.3833,7.3833,7.3833,7.3833,7.3833,7.3833,7.3833,7.3833,7.3833,7.3833,7.3833,7.3833,7.3833,7.3833,7.3833,7.3833,7.3833,7.3833,7.3833,7.3833,7.3833,7.3833,7.3833,7.3833,7.3833,7.3833,7.3833,7.3833,7.3833,7.3833,7.3833,7.3833,7.3833,7.3833,7.3833,7.3833,7.3833,7.3833,7.3833,7.3833,7.3833,7.3833,7.3833,7.3833,7.3833,7.3833,7.3833,7.3833,7.3833,7.3833,7.3833,7.3833,7.3833,7.3833,7.3833,7.3833,7.3833,7.3833,7.3833,7.3833,7.3833,7.3833,7.3833,7.3833,7.3833,7.3833,7.3833,7.3833,7.3833,7.3833,7.3833,7.3833,7.3833,7.3833,7.3833,7.3833,7.3833,7.3833,7.3833,7.3833,7.3833,7.3833,7.3833,7.3833,7.3833,7.3833,7.3833,7.3833,7.3833,7.3833,7.3833,7.3833,7.3833,7.3833,7.3833,7.3833,7.3833,7.3833,7.3833,7.3833,7.3833,7.3833,7.3833,7.3833,7.3833,7.3833,7.3833,7.3833,7.3833,7.3833,7.3833,7.3833,7.3833,7.3833,7.3833,7.3833,7.3833,7.3833,7.3833,7.3833,7.3833,7.3833,7.3833,7.3833,7.3833,7.3833,7.3833,7.3833,7.3833,7.3833,7.3833,7.3833,7.3833,7.3833,7.3833,7.3833,7.3833,7.3833,7.3833,7.3833,7.3833,7.3833,7.3833,7.3833,7.3833,7.3833,7.3833,7.3833,7.3833,7.3833,7.3833,7.3833,7.3833,7.3833,7.3833,7.3833,7.3833,7.3833,7.3833,7.3833,7.3833,7.3833,7.3833,7.3833,7.3833,7.3833,7.3833,7.3833,7.3833,7.3833,7.3833,7.3833,7.3833,7.3833,7.3833,7.3833,7.3833,7.3833,7.3833,7.3833,7.3833,7.3833,7.3833,7.3833,7.3833,7.3833,7.3833,7.3833,7.3833,7.3833,7.3833,7.3833,7.3833,7.3833,7.3833,7.3833,7.3833,7.3833,7.3833,7.3833,7.3833,7.3833,7.3833,7.3833,7.3833,7.3833,7.3833,7.3833,7.3833,7.3833,7.3833,7.3833,7.3833,7.3833,7.3833,7.3833,7.3833,7.3833,7.3833,7.3833,7.3833,7.3833,7.3833,7.3833,7.3833,7.3833,7.3833,7.3833,7.3833,7.3833,7.3833,7.3833,7.3833,7.3833,7.3833,7.3833,7.3833,7.3833,7.3833,7.3833,7.3833,7.3833,7.3833,7.3833,7.3833,7.3833,7.3833,7.3833,7.3833,7.3833,7.3833,7.3833,7.3833,7.3833,7.3833,7.3833,7.3833,7.3833,7.3833,7.3833,7.3833,7.3833,7.3833,7.3833,7.3833,7.3833,7.3833,7.3833,7.3833,7.3833,7.3833,7.3833,7.3833,7.3833,7.3833,7.3833,7.3833,7.3833,7.3833,7.3833,7.3833,7.3833,7.3833,7.3833,7.3833,7.3833,7.3833,7.3833,7.3833,7.3833,7.3833,7.3833,7.3833,7.3833,7.3833,7.3833,7.3833,7.3833,7.3833,7.3833,7.3833,7.3833,7.3833,7.3833,7.3833,7.3833,7.3833,7.3833,7.3833,7.3833,7.3833,7.3833,7.3833,7.3833,7.3833,7.3833,7.3833,7.3833,7.3833,7.3833,7.3833,7.3833,7.3833,7.3833,7.3833,7.3833,7.3833,7.3833,7.3833,7.3833,7.3833,7.3833,7.3833,7.3833,7.3833,7.3833,7.3833,7.3833,7.3833,7.3833,7.3833,7.3833,7.3833,7.3833,7.3833,7.3833,7.3833,7.3833,7.3833,7.3833,7.3833,7.3833,7.3833,7.3833,7.3833,7.3833,7.3833,7.3833,7.3833,7.3833,7.3833,7.3833,7.3833,7.3833,7.3833,7.3833,7.3833,7.3833,6.0839,6.0438,6.0064,5.9701,5.9536,5.9479,5.9425,5.9368,5.9311,5.9257,5.9205,5.9150,5.9098,5.9044,5.8993,5.8939,5.8887,5.8833,5.8782,5.8729,5.8675,5.8622,5.8614,5.8606,5.8597,5.8589,5.8581,5.8571,5.8563,5.8554,5.8546,5.8538,5.8530,5.8520,5.8512,5.8503,5.8495,5.8487,5.8477,5.8469,5.8461,5.8451,5.8442,5.8432,5.8424,5.8416,5.8406,5.8406,5.8426,5.8448,5.8473,5.8495,5.8520,5.8542,5.8567,5.8589,5.8612,5.8636,5.8659,5.8681,5.8704,5.8729,5.8751,5.8774,5.8798,5.8821,5.8844,5.8866,5.8891,5.8914,5.8937,5.8966,5.8997,5.9076,5.9157,5.9236,5.9318,5.9399,5.9479,5.9562,5.9642,5.9725,5.9808,5.9889,5.9972,6.0056,6.0138,6.0222,6.0304,6.0388,6.0471,6.0722,6.1258,6.1793,6.2039,6.6831,6.6778,6.6733,6.6693,6.6648,6.6598,6.6556,6.6506,6.6461,6.6421,6.6377,6.6332,6.6283,6.6194,6.6152,6.6162,6.6181,6.6186,6.6202,6.6204,6.6204,6.6207,6.6202,6.6207,6.6204,6.6209,6.6207,6.6212,6.6212,6.6215,6.6209,6.6209,6.6217,6.6212,6.6220,6.6222,6.6225,6.6228,6.6272,6.6327,6.6385,6.6435,6.6495,6.6550,6.6606,6.6656,6.6714,6.6765,6.6826,6.6882,6.6932,6.6991,6.7047,6.7104,6.7163,6.7216,6.7462,6.7712,6.7962,6.8218,6.8471,6.8724,7.3833,7.3833,7.3833,7.3833,7.3833,7.3833,7.3833,7.3833,7.3833,7.3833,7.3833,7.3833,7.3833,7.3833,7.3833,7.3833,7.3833,7.3833,7.3833,7.3833,7.3833,7.3833,7.3833,7.3833,7.3833,7.3833,7.3833,7.3833,7.3833,7.3833,7.3833,7.3833,7.3833,7.3833,7.3833,7.3833,7.3833,7.3833,7.3833,7.3833,7.3833,7.3833,7.3833,7.3833,7.3833,7.3833,7.3833,7.3833,7.3833,7.3833,7.3833,7.3833,7.3833,7.3833,7.3833,7.3833,7.3833,7.3833,7.3833,7.3833,7.3833,7.3833,7.3833,7.3833,7.3833,7.3833,7.3833,7.3833,7.3833,7.3833,7.3833,7.3833,7.3833,7.3833,7.3833,7.3833,7.3833,7.3833,7.3833,7.3833,7.3833,7.3833,7.3833,7.3833,7.3833,7.3833,7.3833,7.3833,7.3833,7.3833,7.3833,7.3833,7.3833,7.3833,7.3833,7.3833,7.3833,7.3833,7.3833,7.3833,7.3833,7.3833,7.3833,7.3833,7.3833,7.3833,7.3833,7.3833,7.3833,7.3833,7.3833,7.3833,7.3833,7.3833,7.3833,7.3833,7.3833,7.3833,7.3833,7.3833,7.3833,7.3833,7.3833,7.3833,7.3833,7.3833,7.3833,7.3833,7.3833,7.3833,7.3833,7.3833,7.3833,7.3833,7.3833,7.3833,7.3833,7.3833,7.3833,7.3833,7.3833,7.3833,7.3833,7.3833,7.3833,7.3833,7.3833,7.3833,7.3833,7.3833,7.3833,7.3833,7.3833,7.3833,7.3833,7.3833,7.3833,7.3833,7.3833,7.3833,7.3833,7.3833,7.3833,7.3833,7.3833,7.3833,7.3833,7.3833,7.3833,7.3833,7.3833,7.3833,7.3833,7.3833,7.3833,7.3833,7.3833,7.3833,7.3833,7.3833,7.3833,7.3833,7.3833,7.3833,7.3833,7.3833,7.3833,7.3833,7.3833,7.3833,7.3833,7.3833,7.3833,7.3833,7.3833,7.3833,7.3833,7.3833,7.3833,7.3833,7.3833,7.3833,7.3833,7.3833,7.3833,7.3833,7.3833,7.3833,7.3833,7.3833,7.3833,7.3833,7.3833,7.3833,7.3833,7.3833,7.3833,7.3833,7.3833,7.3833,7.3833,7.3833,7.3833,7.3833,7.3833,7.3833,7.3833,7.3833,7.3833,7.3833,7.3833,7.3833,7.3833,7.3833,7.3833,7.3833,7.3833,7.3833,7.3833,7.3833,7.3833,7.3833,7.3833,7.3833,7.3833,7.3833,7.3833,7.3833,7.3833,7.3833,7.3833,7.3833,7.3833,7.3833,7.3833,7.3833,7.3833,7.3833,7.3833,7.3833,7.3833,7.3833,7.3833,7.3833,7.3833,7.3833,7.3833,7.3833,7.3833,7.3833,7.3833,7.3833,7.3833,7.3833,7.3833,7.3833,7.3833,7.3833,7.3833,7.3833,7.3833,7.3833,7.3833,7.3833,7.3833,7.3833,7.3833,7.3833,7.3833,7.3833,7.3833,7.3833,7.3833,7.3833,7.3833,7.3833,7.3833,7.3833,7.3833,7.3833,7.3833,7.3833,7.3833,7.3833,7.3833,7.3833,7.3833,7.3833,7.3833,7.3833,7.3833,7.3833,7.3833,7.3833,7.3833,7.3833,7.3833,7.3833,7.3833,7.3833,7.3833,7.3833,7.3833,7.3833,7.3833,7.3833,7.3833,7.3833,7.3833,7.3833,7.3833,7.3833,7.3833,7.3833,7.3833,7.3833,7.3833,7.3833,7.3833,7.3833,7.3833,7.3833,7.3833,7.3833,7.3833,7.3833,7.3833,7.3833,7.3833,7.3833,7.3833,7.3833,7.3833,7.3833,7.3833,7.3833,7.3833,7.3833,7.3833,7.3833,7.3833,7.3833,7.3833,7.3833,7.3833,7.3833,7.3833,7.3833,7.3833,7.3833,7.3833,7.3833,7.3833,7.3833,7.3833,7.3833,7.3833,7.3833,7.3833,7.3833,7.3833,7.3833,7.3833,7.3833,7.3833,7.3833,7.3833,7.3833,7.3833,7.3833,7.3833,7.3833,7.3833,7.3833,7.3833,7.3833,7.3833,7.3833,7.3833,7.3833,7.3833,7.3833,7.3833,7.3833,7.3833,7.3833,7.3833,7.3833,7.3833
7.3765,7.3765,7.3765,7.3765,7.3765,7.3765,7.3765,7.3765,7.3765,7.3765,7.3765,7.3765,7.3765,7.3765,7.3765,7.3765,7.3765,7.3765,7.3765,7.3765,7.3765,7.3765,7.3765,7.3765,7.3765,7.3765,7.3765,7.3765,7.3765,7.3765,7.3765,7.3765,7.3765,7.3765,7.3765,7.3765,7.3765,7.3765,7.3765,7.3765,7.3765,7.3765,7.3765,7.3765,7.3765,7.3765,7.3765,7.3765,7.3765,7.3765,7.3765,7.3765,7.3765,7.3765,7.3765,7.3765,7.3765,7.3765,7.3765,7.3765,7.3765,7.3765,7.3765,7.3765,7.3765,7.3765,7.3765,7.3765,7.3765,7.3765,7.3765,7.3765,7.3765,7.3765,7.3765,7.3765,7.3765,7.3765,7.3765,7.3765,7.3765,7.3765,7.3765,7.3765,7.3765,7.3765,7.3765,7.3765,7.3765,7.3765,7.3765,7.3765,7.3765,7.3765,7.3765,7.3765,7.3765,7.3765,7.3765,7.3765,7.3765,7.3765,7.3765,7.3765,7.3765,7.3765,7.3765,7.3765,7.3765,7.3765,7.3765,7.3765,7.3765,7.3765,7.3765,7.3765,7.3765,7.3765,7.3765,7.3765,7.3765,7.3765,7.3765,7.3765,7.3765,7.3765,7.3765,7.3765,7.3765,7.3765,7.3765,7.3765,7.3765,7.3765,7.3765,7.3765,7.3765,7.3765,7.3765,7.3765,7.3765,7.3765,7.3765,7.3765,7.3765,7.3765,7.3765,7.3765,7.3765,7.3765,7.3765,7.3765,7.3765,7.3765,7.3765,7.3765,7.3765,7.3765,7.3765,7.3765,7.3765,7.3765,7.3765,7.3765,7.3765,7.3765,7.3765,7.3765,7.3765,7.3765,7.3765,7.3765,7.3765,7.3765,7.3765,7.3765,7.3765,7.3765,7.3765,7.3765,7.3765,7.3765,7.3765,7.3765,7.3765,7.3765,7.3765,7.3765,7.3765,7.3765,7.3765,7.3765,7.3765,7.3765,7.3765,7.3765,7.3765,7.3765,7.3765,7.3765,7.3765,7.3765,7.3765,7.3765,7.3765,7.3765,7.3765,7.3765,7.3765,7.3765,7.3765,7.3765,7.3765,7.3765,7.3765,7.3765,7.3765,7.3765,7.3765,7.3765,7.3765,7.3765,7.3765,7.3765,7.3765,7.3765,7.3765,7.3765,7.3765,7.3765,7.3765,7.3765,7.3765,7.3765,7.3765,7.3765,7.3765,7.3765,7.3765,7.3765,7.3765,7.3765,7.3765,7.3765,7.3765,7.3765,7.3765,7.3765,7.3765,7.3765,7.3765,7.3765,7.3765,7.3765,7.3765,7.3765,7.3765,7.3765,7.3765,7.3765,7.3765,7.3765,7.3765,7.3765,7.3765,7.3765,7.3765,7.3765,7.3765,7.3765,7.3765,7.3765,7.3765,7.3765,7.3765,7.3765,7.3765,7.3765,7.3765,7.3765,7.3765,7.3765,7.3765,7.3765,7.3765,7.3765,7.3765,7.3765,7.3765,7.3765,7.3765,7.3765,7.3765,7.3765,7.3765,7.3765,7.3765,7.3765,7.3765,7.3765,7.3765,7.3765,7.3765,7.3765,7.3765,7.3765,7.3765,7.3765,7.3765,7.3765,7.3765,7.3765,7.3765,7.3765,7.3765,7.3765,7.3765,7.3765,7.3765,7.3765,7.3765,7.3765,7.3765,7.3765,7.3765,7.3765,7.3765,7.3765,7.3765,7.3765,7.3765,7.3765,7.3765,7.3765,7.3765,7.3765,7.3765,7.3765,7.3765,7.3765,7.3765,7.3765,7.3765,7.3765,7.3765,7.3765,7.3765,7.3765,7.3765,7.3765,7.3765,7.3765,7.3765,7.3765,7.3765,7.3765,7.3765,7.3765,7.3765,7.3765,7.3765,7.3765,7.3765,7.3765,7.3765,7.3765,7.3765,7.3765,7.3765,7.3765,7.3765,7.3765,7.3765,7.3765,7.3765,7.3765,7.3765,7.3765,7.3765,7.3765,7.3765,7.3765,7.3765,7.3765,7.3765,7.3765,7.3765,7.3765,7.3765,7.3765,7.3765,7.3765,7.3765,7.3765,6.0670,6.0293,5.9921,5.9570,5.9505,5.9448,5.9393,5.9336,5.9282,5.9230,5.9175,5.9121,5.9069,5.9015,5.8964,5.8910,5.8858,5.8805,5.8753,5.8700,5.8646,5.8610,5.8601,5.8593,5.8585,5.8575,5.8567,5.8559,5.8550,5.8542,5.8534,5.8526,5.8516,5.8508,5.8499,5.8491,5.8483,5.8475,5.8465,5.8457,5.8448,5.8438,5.8430,5.8420,5.8414,5.8406,5.8394,5.8402,5.8424,5.8446,5.8471,5.8493,5.8518,5.8540,5.8565,5.8587,5.8610,5.8634,5.8657,5.8679,5.8702,5.8726,5.8749,5.8772,5.8796,5.8819,5.8842,5.8866,5.8889,5.8912,5.8935,5.8959,5.9007,5.9086,5.9167,5.9249,5.9328,5.9410,5.9492,5.9572,5.9655,5.9738,5.9818,5.9902,5.9985,6.0067,6.0150,6.0232,6.0317,6.0401,6.0484,6.0998,6.1537,6.1964,6.6924,6.6871,6.6823,6.6775,6.6736,6.6691,6.6646,6.6595,6.6556,6.6503,6.6464,6.6414,6.6374,6.6330,6.6280,6.6241,6.6241,6.6241,6.6243,6.6238,6.6243,6.6241,6.6241,6.6249,6.6243,6.6249,6.6251,6.6246,6.6251,6.6249,6.6249,6.6254,6.6251,6.6256,6.6254,6.6264,6.6262,6.6264,6.6272,6.6311,6.6372,6.6421,6.6477,6.6529,6.6590,6.6640,6.6696,6.6757,6.6810,6.6866,6.6922,6.6972,6.7034,6.7090,6.7146,6.7200,6.7262,6.7508,6.7756,6.8006,6.8263,6.8516,6.8772,7.3765,7.3765,7.3765,7.3765,7.3765,7.3765,7.3765,7.3765,7.3765,7.3765,7.3765,7.3765,7.3765,7.3765,7.3765,7.3765,7.3765,7.3765,7.3765,7.3765,7.3765,7.3765,7.3765,7.3765,7.3765,7.3765,7.3765,7.3765,7.3765,7.3765,7.3765,7.3765,7.3765,7.3765,7.3765,7.3765,7.3765,7.3765,7.3765,7.3765,7.3765,7.3765,7.3765,7.3765,7.3765,7.3765,7.3765,7.3765,7.3765,7.3765,7.3765,7.3765,7.3765,7.3765,7.3765,7.3765,7.3765,7.3765,7.3765,7.3765,7.3765,7.3765,7.3765,7.3765,7.3765,7.3765,7.3765,7.3765,7.3765,7.3765,7.3765,7.3765,7.3765,7.3765,7.3765,7.3765,7.3765,7.3765,7.3765,7.3765,7.3765,7.3765,7.3765,7.3765,7.3765,7.3765,7.3765,7.3765,7.3765,7.3765,7.3765,7.3765,7.3765,7.3765,7.3765,7.3765,7.3765,7.3765,7.3765,7.3765,7.3765,7.3765,7.3765,7.3765,7.3765,7.3765,7.3765,7.3765,7.3765,7.3765,7.3765,7.3765,7.3765,7.3765,7.3765,7.3765,7.3765,7.3765,7.3765,7.3765,7.3765,7.3765,7.3765,7.3765,7.3765,7.3765,7.3765,7.3765,7.3765,7.3765,7.3765,7.3765,7.3765,7.3765,7.3765,7.3765,7.3765,7.3765,7.3765,7.3765,7.3765,7.3765,7.3765,7.3765,7.3765,7.3765,7.3765,7.3765,7.3765,7.3765,7.3765,7.3765,7.3765,7.3765,7.3765,7.3765,7.3765,7.3765,7.3765,7.3765,7.3765,7.3765,7.3765,7.3765,7.3765,7.3765,7.3765,7.3765,7.3765,7.3765,7.3765,7.3765,7.3765,7.3765,7.3765,7.3765,7.3765,7.3765,7.3765,7.3765,7.3765,7.3765,7.3765,7.3765,7.3765,7.3765,7.3765,7.3765,7.3765,7.3765,7.3765,7.3765,7.3765,7.3765,7.3765,7.3765,7.3765,7.3765,7.3765,7.3765,7.3765,7.3765,7.3765,7.3765,7.3765,7.3765,7.3765,7.3765,7.3765,7.3765,7.3765,7.3765,7.3765,7.3765,7.3765,7.3765,7.3765,7.3765,7.3765,7.3765,7.3765,7.3765,7.3765,7.3765,7.3765,7.3765,7.3765,7.3765,7.3765,7.3765,7.3765,7.3765,7.3765,7.3765,7.3765,7.3765,7.3765,7.3765,7.3765,7.3765,7.3765,7.3765,7.3765,7.3765,7.3765,7.3765,7.3765,7.3765,7.3765,7.3765,7.3765,7.3765,7.3765,7.3765,7.3765,7.3765,7.3765,7.3765,7.3765,7.3765,7.3765,7.3765,7.3765,7.3765,7.3765,7.3765,7.3765,7.3765,7.3765,7.3765,7.3765,7.3765,7.3765,7.3765,7.3765,7.3765,7.3765,7.3765,7.3765,7.3765,7.3765,7.3765,7.3765,7.3765,7.3765,7.3765,7.3765,7.3765,7.3765,7.3765,7.3765,7.3765,7.3765,7.3765,7.3765,7.3765,7.3765,7.3765,7.3765,7.3765,7.3765,7.3765,7.3765,7.3765,7.3765,7.3765,7.3765,7.3765,7.3765,7.3765,7.3765,7.3765,7.3765,7.3765,7.3765,7.3765,7.3765,7.3765,7.3765,7.3765,7.3765,7.3765,7.3765,7.3765,7.3765,7.3765,7.3765,7.3765,7.3765,7.3765,7.3765,7.3765,7.3765,7.3765,7.3765,7.3765,7.3765,7.3765,7.3765,7.3765,7.3765,7.3765,7.3765,7.3765,7.3765,7.3765,7.3765,7.3765,7.3765,7.3765,7.3765,7.3765,7.3765,7.3765,7.3765,7.3765,7.3765,7.3765,7.3765,7.3765,7.3765,7.3765,7.3765,7.3765,7.3765,7.3765,7.3765,7.3765,7.3765,7.3765,7.3765,7.3765,7.3765,7.3765,7.3765,7.3765,7.3765,7.3765,7.3765,7.3765,7.3765,7.3765,7.3765,7.3765,7.3765,7.3765,7.3765,7.3765,7.3765,7.3765,7.3765,7.3765,7.3765,7.3765,7.3765,7.3765,7.3765,7.3765,7.3765,7.3765,7.3765,7.3765,7.3765,7.3765,7.3765,7.3765,7.3765,7.3765,7.3765
7.3706,7.3706,7.3706,7.3706,7.3706,7.3706,7.3706,7.3706,7.3706,7.3706,7.3706,7.3706,7.3706,7.3706,7.3706,7.3706,7.3706,7.3706,7.3706,7.3706,7.3706,7.3706,7.3706,7.3706,7.3706,7.3706,7.3706,7.3706,7.3706,7.3706,7.3706,7.3706,7.3706,7.3706,7.3706,7.3706,7.3706,7.3706,7.3706,7.3706,7.3706,7.3706,7.3706,7.3706,7.3706,7.3706,7.3706,7.3706,7.3706,7.3706,7.3706,7.3706,7.3706,7.3706,7.3706,7.3706,7.3706,7.3706,7.3706,7.3706,7.3706,7.3706,7.3706,7.3706,7.3706,7.3706,7.3706,7.3706,7.3706,7.3706,7.3706,7.3706,7.3706,7.3706,7.3706,7.3706,7.3706,7.3706,7.3706,7.3706,7.3706,7.3706,7.3706,7.3706,7.3706,7.3706,7.3706,7.3706,7.3706,7.3706,7.3706,7.3706,7.3706,7.3706,7.3706,7.3706,7.3706,7.3706,7.3706,7.3706,7.3706,7.3706,7.3706,7.3706,7.3706,7.3706,7.3706,7.3706,7.3706,7.3706,7.3706,7.3706,7.3706,7.3706,7.3706,7.3706,7.3706,7.3706,7.3706,7.3706,7.3706,7.3706,7.3706,7.3706,7.3706,7.3706,7.3706,7.3706,7.3706,7.3706,7.3706,7.3706,7.3706,7.3706,7.3706,7.3706,7.3706,7.3706,7.3706,7.3706,7.3706,7.3706,7.3706,7.3706,7.3706,7.3706,7.3706,7.3706,7.3706,7.3706,7.3706,7.3706,7.3706,7.3706,7.3706,7.3706,7.3706,7.3706,7.3706,7.3706,7.3706,7.3706,7.3706,7.3706,7.3706,7.3706,7.3706,7.3706,7.3706,7.3706,7.3706,7.3706,7.3706,7.3706,7.3706,7.3706,7.3706,7.3706,7.3706,7.3706,7.3706,7.3706,7.3706,7.3706,7.3706,7.3706,7.3706,7.3706,7.3706,7.3706,7.3706,7.3706,7.3706,7.3706,7.3706,7.3706,7.3706,7.3706,7.3706,7.3706,7.3706,7.3706,7.3706,7.3706,7.3706,7.3706,7.3706,7.3706,7.3706,7.3706,7.3706,7.3706,7.3706,7.3706,7.3706,7.3706,7.3706,7.3706,7.3706,7.3706,7.3706,7.3706,7.3706,7.3706,7.3706,7.3706,7.3706,7.3706,7.3706,7.3706,7.3706,7.3706,7.3706,7.3706,7.3706,7.3706,7.3706,7.3706,7.3706,7.3706,7.3706,7.3706,7.3706,7.3706,7.3706,7.3706,7.3706,7.3706,7.3706,7.3706,7.3706,7.3706,7.3706,7.3706,7.3706,7.3706,7.3706,7.3706,7.3706,7.3706,7.3706,7.3706,7.3706,7.3706,7.3706,7.3706,7.3706,7.3706,7.3706,7.3706,7.3706,7.3706,7.3706,7.3706,7.3706,7.3706,7.3706,7.3706,7.3706,7.3706,7.3706,7.3706,7.3706,7.3706,7.3706,7.3706,7.3706,7.3706,7.3706,7.3706,7.3706,7.3706,7.3706,7.3706,7.3706,7.3706,7.3706,7.3706,7.3706,7.3706,7.3706,7.3706,7.3706,7.3706,7.3706,7.3706,7.3706,7.3706,7.3706,7.3706,7.3706,7.3706,7.3706,7.3706,7.3706,7.3706,7.3706,7.3706,7.3706,7.3706,7.3706,7.3706,7.3706,7.3706,7.3706,7.3706,7.3706,7.3706,7.3706,7.3706,7.3706,7.3706,7.3706,7.3706,7.3706,7.3706,7.3706,7.3706,7.3706,7.3706,7.3706,7.3706,7.3706,7.3706,7.3706,7.3706,7.3706,7.3706,7.3706,7.3706,7.3706,7.3706,7.3706,7.3706,7.3706,7.3706,7.3706,7.3706,7.3706,7.3706,7.3706,7.3706,7.3706,7.3706,7.3706,7.3706,7.3706,7.3706,7.3706,7.3706,7.3706,7.3706,7.3706,7.3706,7.3706,7.3706,7.3706,7.3706,7.3706,7.3706,7.3706,7.3706,7.3706,7.3706,7.3706,7.3706,7.3706,7.3706,7.3706,7.3706,7.3706,7.3706,7.3706,7.3706,6.0525,6.0150,5.9789,5.9530,5.9473,5.9418,5.9362,5.9307,5.9253,5.9201,5.9146,5.9094,5.9040,5.8988,5.8935,5.8883,5.8829,5.8776,5.8724,5.8671,5.8620,5.8597,5.8589,5.8581,5.8571,5.8563,5.8554,5.8546,5.8538,5.8530,5.8520,5.8512,5.8503,5.8495,5.8487,5.8479,5.8469,5.8461,5.8453,5.8444,5.8434,5.8426,5.8418,5.8408,5.8400,5.8390,5.8383,5.8400,5.8422,5.8444,5.8469,5.8491,5.8516,5.8538,5.8563,5.8585,5.8608,5.8632,5.8655,5.8677,5.8702,5.8724,5.8747,5.8770,5.8794,5.8817,5.8840,5.8864,5.8887,5.8910,5.8933,5.8957,5.9022,5.9098,5.9180,5.9259,5.9341,5.9423,5.9503,5.9585,5.9667,5.9748,5.9831,5.9912,5.9996,6.0079,6.0161,6.0245,6.0330,6.0412,6.0736,6.1274,6.1820,6.7013,6.6964,6.6922,6.6868,6.6826,6.6773,6.6733,6.6683,6.6643,6.6593,6.6548,6.6500,6.6461,6.6411,6.6366,6.6322,6.6277,6.6277,6.6283,6.6283,6.6280,6.6280,6.6285,6.6283,6.6283,6.6288,6.6290,6.6285,6.6285,6.6293,6.6288,6.6288,6.6290,6.6293,6.6301,6.6298,6.6306,6.6303,6.6311,6.6311,6.6351,6.6406,6.6466,6.6516,6.6572,6.6627,6.6685,6.6736,6.6797,6.6852,6.6903,6.6962,6.7018,6.7071,6.7133,6.7189,6.7249,6.7311,6.7557,6.7803,6.8058,6.8304,6.8564,6.8814,7.3706,7.3706,7.3706,7.3706,7.3706,7.3706,7.3706,7.3706,7.3706,7.3706,7.3706,7.3706,7.3706,7.3706,7.3706,7.3706,7.3706,7.3706,7.3706,7.3706,7.3706,7.3706,7.3706,7.3706,7.3706,7.3706,7.3706,7.3706,7.3706,7.3706,7.3706,7.3706,7.3706,7.3706,7.3706,7.3706,7.3706,7.3706,7.3706,7.3706,7.3706,7.3706,7.3706,7.3706,7.3706,7.3706,7.3706,7.3706,7.3706,7.3706,7.3706,7.3706,7.3706,7.3706,7.3706,7.3706,7.3706,7.3706,7.3706,7.3706,7.3706,7.3706,7.3706,7.3706,7.3706,7.3706,7.3706,7.3706,7.3706,7.3706,7.3706,7.3706,7.3706,7.3706,7.3706,7.3706,7.3706,7.3706,7.3706,7.3706,7.3706,7.3706,7.3706,7.3706,7.3706,7.3706,7.3706,7.3706,7.3706,7.3706,7.3706,7.3706,7.3706,7.3706,7.3706,7.3706,7.3706,7.3706,7.3706,7.3706,7.3706,7.3706,7.3706,7.3706,7.3706,7.3706,7.3706,7.3706,7.3706,7.3706,7.3706,7.3706,7.3706,7.3706,7.3706,7.3706,7.3706,7.3706,7.3706,7.3706,7.3706,7.3706,7.3706,7.3706,7.3706,7.3706,7.3706,7.3706,7.3706,7.3706,7.3706,7.3706,7.3706,7.3706,7.3706,7.3706,7.3706,7.3706,7.3706,7.3706,7.3706,7.3706,7.3706,7.3706,7.3706,7.3706,7.3706,7.3706,7.3706,7.3706,7.3706,7.3706,7.3706,7.3706,7.3706,7.3706,7.3706,7.3706,7.3706,7.3706,7.3706,7.3706,7.3706,7.3706,7.3706,7.3706,7.3706,7.3706,7.3706,7.3706,7.3706,7.3706,7.3706,7.3706,7.3706,7.3706,7.3706,7.3706,7.3706,7.3706,7.3706,7.3706,7.3706,7.3706,7.3706,7.3706,7.3706,7.3706,7.3706,7.3706,7.3706,7.3706,7.3706,7.3706,7.3706,7.3706,7.3706,7.3706,7.3706,7.3706,7.3706,7.3706,7.3706,7.3706,7.3706,7.3706,7.3706,7.3706,7.3706,7.3706,7.3706,7.3706,7.3706,7.3706,7.3706,7.3706,7.3706,7.3706,7.3706,7.3706,7.3706,7.3706,7.3706,7.3706,7.3706,7.3706,7.3706,7.3706,7.3706,7.3706,7.3706,7.3706,7.3706,7.3706,7.3706,7.3706,7.3706,7.3706,7.3706,7.3706,7.3706,7.3706,7.3706,7.3706,7.3706,7.3706,7.3706,7.3706,7.3706,7.3706,7.3706,7.3706,7.3706,7.3706,7.3706,7.3706,7.3706,7.3706,7.3706,7.3706,7.3706,7.3706,7.3706,7.3706,7.3706,7.3706,7.3706,7.3706,7.3706,7.3706,7.3706,7.3706,7.3706,7.3706,7.3706,7.3706,7.3706,7.3706,7.3706,7.3706,7.3706,7.3706,7.3706,7.3706,7.3706,7.3706,7.3706,7.3706,7.3706,7.3706,7.3706,7.3706,7.3706,7.3706,7.3706,7.3706,7.3706,7.3706,7.3706,7.3706,7.3706,7.3706,7.3706,7.3706,7.3706,7.3706,7.3706,7.3706,7.3706,7.3706,7.3706,7.3706,7.3706,7.3706,7.3706,7.3706,7.3706,7.3706,7.3706,7.3706,7.3706,7.3706,7.3706,7.3706,7.3706,7.3706,7.3706,7.3706,7.3706,7.3706,7.3706,7.3706,7.3706,7.3706,7.3706,7.3706,7.3706,7.3706,7.3706,7.3706,7.3706,7.3706,7.3706,7.3706,7.3706,7.3706,7.3706,7.3706,7.3706,7.3706,7.3706,7.3706,7.3706,7.3706,7.3706,7.3706,7.3706,7.3706,7.3706,7.3706,7.3706,7.3706,7.3706,7.3706,7.3706,7.3706,7.3706,7.3706,7.3706,7.3706,7.3706,7.3706,7.3706,7.3706,7.3706,7.3706,7.3706,7.3706,7.3706,7.3706,7.3706,7.3706,7.3706,7.3706,7.3706,7.3706,7.3706,7.3706,7.3706,7.3706,7.3706,7.3706,7.3706,7.3706,7.3706,7.3706,7.3706,7.3706,7.3706,7.3706,7.3706,7.3706,7.3706,7.3706,7.3706,7.3706,7.3706,7.3706,7.3706
7.3645,7.3645,7.3645,7.3645,7.3645,7.3645,7.3645,7.3645,7.3645,7.3645,7.3645,7.3645,7.3645,7.3645,7.3645,7.3645,7.3645,7.3645,7.3645,7.3645,7.3645,7.3645,7.3645,7.3645,7.3645,7.3645,7.3645,7.3645,7.3645,7.3645,7.3645,7.3645,7.3645,7.3645,7.3645,7.3645,7.3645,7.3645,7.3645,7.3645,7.3645,7.3645,7.3645,7.3645,7.3645,7.3645,7.3645,7.3645,7.3645,7.3645,7.3645,7.3645,7.3645,7.3645,7.3645,7.3645,7.3645,7.3645,7.3645,7.3645,7.3645,7.3645,7.3645,7.3645,7.3645,7.3645,7.3645,7.3645,7.3645,7.3645,7.3645,7.3645,7.3645,7.3645,7.3645,7.3645,7.3645,7.3645,7.3645,7.3645,7.3645,7.3645,7.3645,7.3645,7.3645,7.3645,7.3645,7.3645,7.3645,7.3645,7.3645,7.3645,7.3645,7.3645,7.3645,7.3645,7.3645,7.3645,7.3645,7.3645,7.3645,7.3645,7.3645,7.3645,7.3645,7.3645,7.3645,7.3645,7.3645,7.3645,7.3645,7.3645,7.3645,7.3645,7.3645,7.3645,7.3645,7.3645,7.3645,7.3645,7.3645,7.3645,7.3645,7.3645,7.3645,7.3645,7.3645,7.3645,7.3645,7.3645,7.3645,7.3645,7.3645,7.3645,7.3645,7.3645,7.3645,7.3645,7.3645,7.3645,7.3645,7.3645,7.3645,7.3645,7.3645,7.3645,7.3645,7.3645,7.3645,7.3645,7.3645,7.3645,7.3645,7.3645,7.3645,7.3645,7.3645,7.3645,7.3645,7.3645,7.3645,7.3645,7.3645,7.3645,7.3645,7.3645,7.3645,7.3645,7.3645,7.3645,7.3645,7.3645,7.3645,7.3645,7.3645,7.3645,7.3645,7.3645,7.3645,7.3645,7.3645,7.3645,7.3645,7.3645,7.3645,7.3645,7.3645,7.3645,7.3645,7.3645,7.3645,7.3645,7.3645,7.3645,7.3645,7.3645,7.3645,7.3645,7.3645,7.3645,7.3645,7.3645,7.3645,7.3645,7.3645,7.3645,7.3645,7.3645,7.3645,7.3645,7.3645,7.3645,7.3645,7.3645,7.3645,7.3645,7.3645,7.3645,7.3645,7.3645,7.3645,7.3645,7.3645,7.3645,7.3645,7.3645,7.3645,7.3645,7.3645,7.3645,7.3645,7.3645,7.3645,7.3645,7.3645,7.3645,7.3645,7.3645,7.3645,7.3645,7.3645,7.3645,7.3645,7.3645,7.3645,7.3645,7.3645,7.3645,7.3645,7.3645,7.3645,7.3645,7.3645,7.3645,7.3645,7.3645,7.3645,7.3645,7.3645,7.3645,7.3645,7.3645,7.3645,7.3645,7.3645,7.3645,7.3645,7.3645,7.3645,7.3645,7.3645,7.3645,7.3645,7.3645,7.3645,7.3645,7.3645,7.3645,7.3645,7.3645,7.3645,7.3645,7.3645,7.3645,7.3645,7.3645,7.3645,7.3645,7.3645,7.3645,7.3645,7.3645,7.3645,7.3645,7.3645,7.3645,7.3645,7.3645,7.3645,7.3645,7.3645,7.3645,7.3645,7.3645,7.3645,7.3645,7.3645,7.3645,7.3645,7.3645,7.3645,7.3645,7.3645,7.3645,7.3645,7.3645,7.3645,7.3645,7.3645,7.3645,7.3645,7.3645,7.3645,7.3645,7.3645,7.3645,7.3645,7.3645,7.3645,7.3645,7.3645,7.3645,7.3645,7.3645,7.3645,7.3645,7.3645,7.3645,7.3645,7.3645,7.3645,7.3645,7.3645,7.3645,7.3645,7.3645,7.3645,7.3645,7.3645,7.3645,7.3645,7.3645,7.3645,7.3645,7.3645,7.3645,7.3645,7.3645,7.3645,7.3645,7.3645,7.3645,7.3645,7.3645,7.3645,7.3645,7.3645,7.3645,7.3645,7.3645,7.3645,7.3645,7.3645,7.3645,7.3645,7.3645,7.3645,7.3645,7.3645,7.3645,7.3645,7.3645,7.3645,7.3645,7.3645,7.3645,7.3645,7.3645,7.3645,7.3645,7.3645,7.3645,7.3645,6.0786,6.0380,6.0009,5.9657,5.9498,5.9444,5.9387,5.9330,5.9278,5.9223,5.9171,5.9117,5.9065,5.9011,5.8959,5.8906,5.8854,5.8800,5.8749,5.8696,5.8644,5.8591,5.8583,5.8575,5.8567,5.8559,5.8550,5.8542,5.8534,5.8526,5.8516,5.8508,5.8499,5.8491,5.8483,5.8475,5.8465,5.8457,5.8448,5.8440,5.8432,5.8422,5.8416,5.8408,5.8398,5.8388,5.8377,5.8373,5.8398,5.8420,5.8442,5.8467,5.8489,5.8514,5.8536,5.8561,5.8583,5.8606,5.8630,5.8653,5.8675,5.8700,5.8722,5.8745,5.8768,5.8792,5.8815,5.8838,5.8860,5.8885,5.8908,5.8930,5.8959,5.9036,5.9113,5.9190,5.9272,5.9351,5.9433,5.9515,5.9595,5.9678,5.9761,5.9842,5.9925,6.0011,6.0090,6.0174,6.0258,6.0341,6.0473,6.1005,6.1550,6.7106,6.7063,6.7015,6.6962,6.6919,6.6871,6.6821,6.6778,6.6725,6.6685,6.6635,6.6595,6.6550,6.6503,6.6458,6.6408,6.6369,6.6319,6.6322,6.6317,6.6324,6.6324,6.6319,6.6322,6.6327,6.6327,6.6324,6.6324,6.6330,6.6332,6.6332,6.6332,6.6330,6.6338,6.6340,6.6343,6.6343,6.6345,6.6353,6.6351,6.6353,6.6393,6.6448,6.6500,6.6561,6.6616,6.6672,6.6728,6.6781,6.6831,6.6887,6.6943,6.7004,6.7055,6.7120,6.7176,6.7227,6.7292,6.7351,6.7598,6.7846,6.8102,6.8354,6.8603,6.8862,7.3645,7.3645,7.3645,7.3645,7.3645,7.3645,7.3645,7.3645,7.3645,7.3645,7.3645,7.3645,7.3645,7.3645,7.3645,7.3645,7.3645,7.3645,7.3645,7.3645,7.3645,7.3645,7.3645,7.3645,7.3645,7.3645,7.3645,7.3645,7.3645,7.3645,7.3645,7.3645,7.3645,7.3645,7.3645,7.3645,7.3645,7.3645,7.3645,7.3645,7.3645,7.3645,7.3645,7.3645,7.3645,7.3645,7.3645,7.3645,7.3645,7.3645,7.3645,7.3645,7.3645,7.3645,7.3645,7.3645,7.3645,7.3645,7.3645,7.3645,7.3645,7.3645,7.3645,7.3645,7.3645,7.3645,7.3645,7.3645,7.3645,7.3645,7.3645,7.3645,7.3645,7.3645,7.3645,7.3645,7.3645,7.3645,7.3645,7.3645,7.3645,7.3645,7.3645,7.3645,7.3645,7.3645,7.3645,7.3645,7.3645,7.3645,7.3645,7.3645,7.3645,7.3645,7.3645,7.3645,7.3645,7.3645,7.3645,7.3645,7.3645,7.3645,7.3645,7.3645,7.3645,7.3645,7.3645,7.3645,7.3645,7.3645,7.3645,7.3645,7.3645,7.3645,7.3645,7.3645,7.3645,7.3645,7.3645,7.3645,7.3645,7.3645,7.3645,7.3645,7.3645,7.3645,7.3645,7.3645,7.3645,7.3645,7.3645,7.3645,7.3645,7.3645,7.3645,7.3645,7.3645,7.3645,7.3645,7.3645,7.3645,7.3645,7.3645,7.3645,7.3645,7.3645,7.3645,7.3645,7.3645,7.3645,7.3645,7.3645,7.3645,7.3645,7.3645,7.3645,7.3645,7.3645,7.3645,7.3645,7.3645,7.3645,7.3645,7.3645,7.3645,7.3645,7.3645,7.3645,7.3645,7.3645,7.3645,7.3645,7.3645,7.3645,7.3645,7.3645,7.3645,7.3645,7.3645,7.3645,7.3645,7.3645,7.3645,7.3645,7.3645,7.3645,7.3645,7.3645,7.3645,7.3645,7.3645,7.3645,7.3645,7.3645,7.3645,7.3645,7.3645,7.3645,7.3645,7.3645,7.3645,7.3645,7.3645,7.3645,7.3645,7.3645,7.3645,7.3645,7.3645,7.3645,7.3645,7.3645,7.3645,7.3645,7.3645,7.3645,7.3645,7.3645,7.3645,7.3645,7.3645,7.3645,7.3645,7.3645,7.3645,7.3645,7.3645,7.3645,7.3645,7.3645,7.3645,7.3645,7.3645,7.3645,7.3645,7.3645,7.3645,7.3645,7.3645,7.3645,7.3645,7.3645,7.3645,7.3645,7.3645,7.3645,7.3645,7.3645,7.3645,7.3645,7.3645,7.3645,7.3645,7.3645,7.3645,7.3645,7.3645,7.3645,7.3645,7.3645,7.3645,7.3645,7.3645,7.3645,7.3645,7.3645,7.3645,7.3645,7.3645,7.3645,7.3645,7.3645,7.3645,7.3645,7.3645,7.3645,7.3645,7.3645,7.3645,7.3645,7.3645,7.3645,7.3645,7.3645,7.3645,7.3645,7.3645,7.3645,7.3645,7.3645,7.3645,7.3645,7.3645,7.3645,7.3645,7.3645,7.3645,7.3645,7.3645,7.3645,7.3645,7.3645,7.3645,7.3645,7.3645,7.3645,7.3645,7.3645,7.3645,7.3645,7.3645,7.3645,7.3645,7.3645,7.3645,7.3645,7.3645,7.3645,7.3645,7.3645,7.3645,7.3645,7.3645,7.3645,7.3645,7.3645,7.3645,7.3645,7.3645,7.3645,7.3645,7.3645,7.3645,7.3645,7.3645,7.3645,7.3645,7.3645,7.3645,7.3645,7.3645,7.3645,7.3645,7.3645,7.3645,7.3645,7.3645,7.3645,7.3645,7.3645,7.3645,7.3645,7.3645,7.3645,7.3645,7.3645,7.3645,7.3645,7.3645,7.3645,7.3645,7.3645,7.3645,7.3645,7.3645,7.3645,7.3645,7.3645,7.3645,7.3645,7.3645,7.3645,7.3645,7.3645,7.3645,7.3645,7.3645,7.3645,7.3645,7.3645,7.3645,7.3645,7.3645,7.3645,7.3645,7.3645,7.3645,7.3645,7.3645,7.3645,7.3645,7.3645,7.3645,7.3645,7.3645,7.3645,7.3645,7.3645,7.3645,7.3645,7.3645,7.3645,7.3645,7.3645,7.3645,7.3645,7.3645,7.3645,7.3645
7.3584,7.3584,7.3584,7.3584,7.3584,7.3584,7.3584,7.3584,7.3584,7.3584,7.3584,7.3584,7.3584,7.3584,7.3584,7.3584,7.3584,7.3584,7.3584,7.3584,7.3584,7.3584,7.3584,7.3584,7.3584,7.3584,7.3584,7.3584,7.3584,7.3584,7.3584,7.3584,7.3584,7.3584,7.3584,7.3584,7.3584,7.3584,7.3584,7.3584,7.3584,7.3584,7.3584,7.3584,7.3584,7.3584,7.3584,7.3584,7.3584,7.3584,7.3584,7.3584,7.3584,7.3584,7.3584,7.3584,7.3584,7.3584,7.3584,7.3584,7.3584,7.3584,7.3584,7.3584,7.3584,7.3584,7.3584,7.3584,7.3584,7.3584,7.3584,7.3584,7.3584,7.3584,7.3584,7.3584,7.3584,7.3584,7.3584,7.3584,7.3584,7.3584,7.3584,7.3584,7.3584,7.3584,7.3584,7.3584,7.3584,7.3584,7.3584,7.3584,7.3584,7.3584,7.3584,7.3584,7.3584,7.3584,7.3584,7.3584,7.3584,7.3584,7.3584,7.3584,7.3584,7.3584,7.3584,7.3584,7.3584,7.3584,7.3584,7.3584,7.3584,7.3584,7.3584,7.3584,7.3584,7.3584,7.3584,7.3584,7.3584,7.3584,7.3584,7.3584,7.3584,7.3584,7.3584,7.3584,7.3584,7.3584,7.3584,7.3584,7.3584,7.3584,7.3584,7.3584,7.3584,7.3584,7.3584,7.3584,7.3584,7.3584,7.3584,7.3584,7.3584,7.3584,7.3584,7.3584,7.3584,7.3584,7.3584,7.3584,7.3584,7.3584,7.3584,7.3584,7.3584,7.3584,7.3584,7.3584,7.3584,7.3584,7.3584,7.3584,7.3584,7.3584,7.3584,7.3584,7.3584,7.3584,7.3584,7.3584,7.3584,7.3584,7.3584,7.3584,7.3584,7.3584,7.3584,7.3584,7.3584,7.3584,7.3584,7.3584,7.3584,7.3584,7.3584,7.3584,7.3584,7.3584,7.3584,7.3584,7.3584,7.3584,7.3584,7.3584,7.3584,7.3584,7.3584,7.3584,7.3584,7.3584,7.3584,7.3584,7.3584,7.3584,7.3584,7.3584,7.3584,7.3584,7.3584,7.3584,7.3584,7.3584,7.3584,7.3584,7.3584,7.3584,7.3584,7.3584,7.3584,7.3584,7.3584,7.3584,7.3584,7.3584,7.3584,7.3584,7.3584,7.3584,7.3584,7.3584,7.3584,7.3584,7.3584,7.3584,7.3584,7.3584,7.3584,7.3584,7.3584,7.3584,7.3584,7.3584,7.3584,7.3584,7.3584,7.3584,7.3584,7.3584,7.3584,7.3584,7.3584,7.3584,7.3584,7.3584,7.3584,7.3584,7.3584,7.3584,7.3584,7.3584,7.3584,7.3584,7.3584,7.3584,7.3584,7.3584,7.3584,7.3584,7.3584,7.3584,7.3584,7.3584,7.3584,7.3584,7.3584,7.3584,7.3584,7.3584,7.3584,7.3584,7.3584,7.3584,7.3584,7.3584,7.3584,7.3584,7.3584,7.3584,7.3584,7.3584,7.3584,7.3584,7.3584,7.3584,7.3584,7.3584,7.3584,7.3584,7.3584,7.3584,7.3584,7.3584,7.3584,7.3584,7.3584,7.3584,7.3584,7.3584,7.3584,7.3584,7.3584,7.3584,7.3584,7.3584,7.3584,7.3584,7.3584,7.3584,7.3584,7.3584,7.3584,7.3584,7.3584,7.3584,7.3584,7.3584,7.3584,7.3584,7.3584,7.3584,7.3584,7.3584,7.3584,7.3584,7.3584,7.3584,7.3584,7.3584,7.3584,7.3584,7.3584,7.3584,7.3584,7.3584,7.3584,7.3584,7.3584,7.3584,7.3584,7.3584,7.3584,7.3584,7.3584,7.3584,7.3584,7.3584,7.3584,7.3584,7.3584,7.3584,7.3584,7.3584,7.3584,7.3584,7.3584,7.3584,7.3584,7.3584,7.3584,7.3584,7.3584,7.3584,7.3584,7.3584,7.3584,7.3584,7.3584,7.3584,7.3584,7.3584,7.3584,7.3584,7.3584,7.3584,7.3584,7.3584,7.3584,7.3584,7.3584,7.3584,7.3584,6.0613,6.0237,5.9876,5.9526,5.9469,5.9412,5.9355,5.9303,5.9249,5.9196,5.9142,5.9090,5.9036,5.8982,5.8930,5.8877,5.8825,5.8772,5.8720,5.8667,5.8616,5.8579,5.8571,5.8563,5.8554,5.8546,5.8538,5.8530,5.8522,5.8512,5.8503,5.8495,5.8487,5.8479,5.8471,5.8461,5.8453,5.8444,5.8436,5.8428,5.8420,5.8410,5.8402,5.8394,5.8385,5.8375,5.8367,5.8371,5.8396,5.8418,5.8440,5.8465,5.8487,5.8512,5.8534,5.8559,5.8581,5.8603,5.8628,5.8651,5.8673,5.8696,5.8720,5.8743,5.8765,5.8790,5.8813,5.8835,5.8858,5.8883,5.8906,5.8928,5.8974,5.9051,5.9128,5.9205,5.9282,5.9364,5.9446,5.9526,5.9608,5.9691,5.9772,5.9855,5.9938,6.0019,6.0103,6.0185,6.0269,6.0354,6.0736,6.1276,6.1827,6.7157,6.7104,6.7055,6.7007,6.6964,6.6916,6.6871,6.6818,6.6770,6.6722,6.6677,6.6632,6.6593,6.6543,6.6498,6.6456,6.6406,6.6361,6.6356,6.6358,6.6364,6.6358,6.6366,6.6361,6.6361,6.6369,6.6369,6.6366,6.6366,6.6366,6.6369,6.6377,6.6379,6.6382,6.6385,6.6387,6.6390,6.6393,6.6398,6.6395,6.6398,6.6432,6.6487,6.6543,6.6598,6.6656,6.6712,6.6762,6.6823,6.6879,6.6932,6.6988,6.7047,6.7098,6.7163,6.7219,6.7270,6.7335,6.7394,6.7644,6.7898,6.8144,6.8402,6.8656,7.3584,7.3584,7.3584,7.3584,7.3584,7.3584,7.3584,7.3584,7.3584,7.3584,7.3584,7.3584,7.3584,7.3584,7.3584,7.3584,7.3584,7.3584,7.3584,7.3584,7.3584,7.3584,7.3584,7.3584,7.3584,7.3584,7.3584,7.3584,7.3584,7.3584,7.3584,7.3584,7.3584,7.3584,7.3584,7.3584,7.3584,7.3584,7.3584,7.3584,7.3584,7.3584,7.3584,7.3584,7.3584,7.3584,7.3584,7.3584,7.3584,7.3584,7.3584,7.3584,7.3584,7.3584,7.3584,7.3584,7.3584,7.3584,7.3584,7.3584,7.3584,7.3584,7.3584,7.3584,7.3584,7.3584,7.3584,7.3584,7.3584,7.3584,7.3584,7.3584,7.3584,7.3584,7.3584,7.3584,7.3584,7.3584,7.3584,7.3584,7.3584,7.3584,7.3584,7.3584,7.3584,7.3584,7.3584,7.3584,7.3584,7.3584,7.3584,7.3584,7.3584,7.3584,7.3584,7.3584,7.3584,7.3584,7.3584,7.3584,7.3584,7.3584,7.3584,7.3584,7.3584,7.3584,7.3584,7.3584,7.3584,7.3584,7.3584,7.3584,7.3584,7.3584,7.3584,7.3584,7.3584,7.3584,7.3584,7.3584,7.3584,7.3584,7.3584,7.3584,7.3584,7.3584,7.3584,7.3584,7.3584,7.3584,7.3584,7.3584,7.3584,7.3584,7.3584,7.3584,7.3584,7.3584,7.3584,7.3584,7.3584,7.3584,7.3584,7.3584,7.3584,7.3584,7.3584,7.3584,7.3584,7.3584,7.3584,7.3584,7.3584,7.3584,7.3584,7.3584,7.3584,7.3584,7.3584,7.3584,7.3584,7.3584,7.3584,7.3584,7.3584,7.3584,7.3584,7.3584,7.3584,7.3584,7.3584,7.3584,7.3584,7.3584,7.3584,7.3584,7.3584,7.3584,7.3584,7.3584,7.3584,7.3584,7.3584,7.3584,7.3584,7.3584,7.3584,7.3584,7.3584,7.3584,7.3584,7.3584,7.3584,7.3584,7.3584,7.3584,7.3584,7.3584,7.3584,7.3584,7.3584,7.3584,7.3584,7.3584,7.3584,7.3584,7.3584,7.3584,7.3584,7.3584,7.3584,7.3584,7.3584,7.3584,7.3584,7.3584,7.3584,7.3584,7.3584,7.3584,7.3584,7.3584,7.3584,7.3584,7.3584,7.3584,7.3584,7.3584,7.3584,7.3584,7.3584,7.3584,7.3584,7.3584,7.3584,7.3584,7.3584,7.3584,7.3584,7.3584,7.3584,7.3584,7.3584,7.3584,7.3584,7.3584,7.3584,7.3584,7.3584,7.3584,7.3584,7.3584,7.3584,7.3584,7.3584,7.3584,7.3584,7.3584,7.3584,7.3584,7.3584,7.3584,7.3584,7.3584,7.3584,7.3584,7.3584,7.3584,7.3584,7.3584,7.3584,7.3584,7.3584,7.3584,7.3584,7.3584,7.3584,7.3584,7.3584,7.3584,7.3584,7.3584,7.3584,7.3584,7.3584,7.3584,7.3584,7.3584,7.3584,7.3584,7.3584,7.3584,7.3584,7.3584,7.3584,7.3584,7.3584,7.3584,7.3584,7.3584,7.3584,7.3584,7.3584,7.3584,7.3584,7.3584,7.3584,7.3584,7.3584,7.3584,7.3584,7.3584,7.3584,7.3584,7.3584,7.3584,7.3584,7.3584,7.3584,7.3584,7.3584,7.3584,7.3584,7.3584,7.3584,7.3584,7.3584,7.3584,7.3584,7.3584,7.3584,7.3584,7.3584,7.3584,7.3584,7.3584,7.3584,7.3584,7.3584,7.3584,7.3584,7.3584,7.3584,7.3584,7.3584,7.3584,7.3584,7.3584,7.3584,7.3584,7.3584,7.3584,7.3584,7.3584,7.3584,7.3584,7.3584,7.3584,7.3584,7.3584,7.3584,7.3584,7.3584,7.3584,7.3584,7.3584,7.3584,7.3584,7.3584,7.3584,7.3584,7.3584,7.3584,7.3584,7.3584,7.3584,7.3584,7.3584,7.3584,7.3584,7.3584,7.3584,7.3584,7.3584,7.3584,7.3584,7.3584,7.3584,7.3584,7.3584,7.3584,7.3584,7.3584,7.3584,7.3584,7.3584,7.3584,7.3584,7.3584,7.3584,7.3584,7.3584,7.3584,7.3584,7.3584,7.3584,7.3584,7.3584,7.3584,7.3584
7.3529,7.3529,7.3529,7.3529,7.3529,7.3529,7.3529,7.3529,7.3529,7.3529,7.3529,7.3529,7.3529,7.3529,7.3529,7.3529,7.3529,7.3529,7.3529,7.3529,7.3529,7.3529,7.3529,7.3529,7.3529,7.3529,7.3529,7.3529,7.3529,7.3529,7.3529,7.3529,7.3529,7.3529,7.3529,7.3529,7.3529,7.3529,7.3529,7.3529,7.3529,7.3529,7.3529,7.3529,7.3529,7.3529,7.3529,7.3529,7.3529,7.3529,7.3529,7.3529,7.3529,7.3529,7.3529,7.3529,7.3529,7.3529,7.3529,7.3529,7.3529,7.3529,7.3529,7.3529,7.3529,7.3529,7.3529,7.3529,7.3529,7.3529,7.3529,7.3529,7.3529,7.3529,7.3529,7.3529,7.3529,7.3529,7.3529,7.3529,7.3529,7.3529,7.3529,7.3529,7.3529,7.3529,7.3529,7.3529,7.3529,7.3529,7.3529,7.3529,7.3529,7.3529,7.3529,7.3529,7.3529,7.3529,7.3529,7.3529,7.3529,7.3529,7.3529,7.3529,7.3529,7.3529,7.3529,7.3529,7.3529,7.3529,7.3529,7.3529,7.3529,7.3529,7.3529,7.3529,7.3529,7.3529,7.3529,7.3529,7.3529,7.3529,7.3529,7.3529,7.3529,7.3529,7.3529,7.3529,7.3529,7.3529,7.3529,7.3529,7.3529,7.3529,7.3529,7.3529,7.3529,7.3529,7.3529,7.3529,7.3529,7.3529,7.3529,7.3529,7.3529,7.3529,7.3529,7.3529,7.3529,7.3529,7.3529,7.3529,7.3529,7.3529,7.3529,7.3529,7.3529,7.3529,7.3529,7.3529,7.3529,7.3529,7.3529,7.3529,7.3529,7.3529,7.3529,7.3529,7.3529,7.3529,7.3529,7.3529,7.3529,7.3529,7.3529,7.3529,7.3529,7.3529,7.3529,7.3529,7.3529,7.3529,7.3529,7.3529,7.3529,7.3529,7.3529,7.3529,7.3529,7.3529,7.3529,7.3529,7.3529,7.3529,7.3529,7.3529,7.3529,7.3529,7.3529,7.3529,7.3529,7.3529,7.3529,7.3529,7.3529,7.3529,7.3529,7.3529,7.3529,7.3529,7.3529,7.3529,7.3529,7.3529,7.3529,7.3529,7.3529,7.3529,7.3529,7.3529,7.3529,7.3529,7.3529,7.3529,7.3529,7.3529,7.3529,7.3529,7.3529,7.3529,7.3529,7.3529,7.3529,7.3529,7.3529,7.3529,7.3529,7.3529,7.3529,7.3529,7.3529,7.3529,7.3529,7.3529,7.3529,7.3529,7.3529,7.3529,7.3529,7.3529,7.3529,7.3529,7.3529,7.3529,7.3529,7.3529,7.3529,7.3529,7.3529,7.3529,7.3529,7.3529,7.3529,7.3529,7.3529,7.3529,7.3529,7.3529,7.3529,7.3529,7.3529,7.3529,7.3529,7.3529,7.3529,7.3529,7.3529,7.3529,7.3529,7.3529,7.3529,7.3529,7.3529,7.3529,7.3529,7.3529,7.3529,7.3529,7.3529,7.3529,7.3529,7.3529,7.3529,7.3529,7.3529,7.3529,7.3529,7.3529,7.3529,7.3529,7.3529,7.3529,7.3529,7.3529,7.3529,7.3529,7.3529,7.3529,7.3529,7.3529,7.3529,7.3529,7.3529,7.3529,7.3529,7.3529,7.3529,7.3529,7.3529,7.3529,7.3529,7.3529,7.3529,7.3529,7.3529,7.3529,7.3529,7.3529,7.3529,7.3529,7.3529,7.3529,7.3529,7.3529,7.3529,7.3529,7.3529,7.3529,7.3529,7.3529,7.3529,7.3529,7.3529,7.3529,7.3529,7.3529,7.3529,7.3529,7.3529,7.3529,7.3529,7.3529,7.3529,7.3529,7.3529,7.3529,7.3529,7.3529,7.3529,7.3529,7.3529,7.3529,7.3529,7.3529,7.3529,7.3529,7.3529,7.3529,7.3529,7.3529,7.3529,7.3529,7.3529,7.3529,7.3529,7.3529,7.3529,7.3529,7.3529,7.3529,7.3529,7.3529,7.3529,7.3529,7.3529,7.3529,7.3529,7.3529,7.3529,7.3529,7.3529,7.3529,7.3529,6.0467,6.0094,5.9744,5.9492,5.9437,5.9381,5.9326,5.9274,5.9219,5.9167,5.9113,5.9061,5.9007,5.8955,5.8902,5.8850,5.8796,5.8745,5.8692,5.8638,5.8587,5.8565,5.8556,5.8548,5.8540,5.8532,5.8524,5.8516,5.8508,5.8499,5.8491,5.8483,5.8475,5.8467,5.8457,5.8448,5.8440,5.8432,5.8424,5.8416,5.8410,5.8400,5.8390,5.8379,5.8373,5.8363,5.8353,5.8369,5.8396,5.8418,5.8438,5.8463,5.8485,5.8510,5.8532,5.8556,5.8579,5.8601,5.8626,5.8649,5.8671,5.8694,5.8718,5.8741,5.8763,5.8786,5.8811,5.8833,5.8856,5.8881,5.8904,5.8926,5.8990,5.9067,5.9142,5.9219,5.9297,5.9376,5.9456,5.9538,5.9621,5.9701,5.9784,5.9865,5.9949,6.0032,6.0114,6.0198,6.0282,6.0480,6.1005,6.1550,6.7216,6.7189,6.7149,6.7101,6.7053,6.7007,6.6964,6.6916,6.6863,6.6815,6.6773,6.6725,6.6680,6.6635,6.6590,6.6540,6.6495,6.6453,6.6408,6.6398,6.6403,6.6398,6.6406,6.6400,6.6406,6.6403,6.6408,6.6406,6.6411,6.6406,6.6408,6.6416,6.6419,6.6416,6.6424,6.6429,6.6427,6.6435,6.6432,6.6435,6.6442,6.6442,6.6477,6.6527,6.6587,6.6643,6.6693,6.6749,6.6807,6.6858,6.6919,6.6975,6.7031,6.7085,6.7146,6.7206,6.7262,6.7316,6.7378,6.7446,6.7688,6.7942,6.8188,6.8446,6.8726,7.3529,7.3529,7.3529,7.3529,7.3529,7.3529,7.3529,7.3529,7.3529,7.3529,7.3529,7.3529,7.3529,7.3529,7.3529,7.3529,7.3529,7.3529,7.3529,7.3529,7.3529,7.3529,7.3529,7.3529,7.3529,7.3529,7.3529,7.3529,7.3529,7.3529,7.3529,7.3529,7.3529,7.3529,7.3529,7.3529,7.3529,7.3529,7.3529,7.3529,7.3529,7.3529,7.3529,7.3529,7.3529,7.3529,7.3529,7.3529,7.3529,7.3529,7.3529,7.3529,7.3529,7.3529,7.3529,7.3529,7.3529,7.3529,7.3529,7.3529,7.3529,7.3529,7.3529,7.3529,7.3529,7.3529,7.3529,7.3529,7.3529,7.3529,7.3529,7.3529,7.3529,7.3529,7.3529,7.3529,7.3529,7.3529,7.3529,7.3529,7.3529,7.3529,7.3529,7.3529,7.3529,7.3529,7.3529,7.3529,7.3529,7.3529,7.3529,7.3529,7.3529,7.3529,7.3529,7.3529,7.3529,7.3529,7.3529,7.3529,7.3529,7.3529,7.3529,7.3529,7.3529,7.3529,7.3529,7.3529,7.3529,7.3529,7.3529,7.3529,7.3529,7.3529,7.3529,7.3529,7.3529,7.3529,7.3529,7.3529,7.3529,7.3529,7.3529,7.3529,7.3529,7.3529,7.3529,7.3529,7.3529,7.3529,7.3529,7.3529,7.3529,7.3529,7.3529,7.3529,7.3529,7.3529,7.3529,7.3529,7.3529,7.3529,7.3529,7.3529,7.3529,7.3529,7.3529,7.3529,7.3529,7.3529,7.3529,7.3529,7.3529,7.3529,7.3529,7.3529,7.3529,7.3529,7.3529,7.3529,7.3529,7.3529,7.3529,7.3529,7.3529,7.3529,7.3529,7.3529,7.3529,7.3529,7.3529,7.3529,7.3529,7.3529,7.3529,7.3529,7.3529,7.3529,7.3529,7.3529,7.3529,7.3529,7.3529,7.3529,7.3529,7.3529,7.3529,7.3529,7.3529,7.3529,7.3529,7.3529,7.3529,7.3529,7.3529,7.3529,7.3529,7.3529,7.3529,7.3529,7.3529,7.3529,7.3529,7.3529,7.3529,7.3529,7.3529,7.3529,7.3529,7.3529,7.3529,7.3529,7.3529,7.3529,7.3529,7.3529,7.3529,7.3529,7.3529,7.3529,7.3529,7.3529,7.3529,7.3529,7.3529,7.3529,7.3529,7.3529,7.3529,7.3529,7.3529,7.3529,7.3529,7.3529,7.3529,7.3529,7.3529,7.3529,7.3529,7.3529,7.3529,7.3529,7.3529,7.3529,7.3529,7.3529,7.3529,7.3529,7.3529,7.3529,7.3529,7.3529,7.3529,7.3529,7.3529,7.3529,7.3529,7.3529,7.3529,7.3529,7.3529,7.3529,7.3529,7.3529,7.3529,7.3529,7.3529,7.3529,7.3529,7.3529,7.3529,7.3529,7.3529,7.3529,7.3529,7.3529,7.3529,7.3529,7.3529,7.3529,7.3529,7.3529,7.3529,7.3529,7.3529,7.3529,7.3529,7.3529,7.3529,7.3529,7.3529,7.3529,7.3529,7.3529,7.3529,7.3529,7.3529,7.3529,7.3529,7.3529,7.3529,7.3529,7.3529,7.3529,7.3529,7.3529,7.3529,7.3529,7.3529,7.3529,7.3529,7.3529,7.3529,7.3529,7.3529,7.3529,7.3529,7.3529,7.3529,7.3529,7.3529,7.3529,7.3529,7.3529,7.3529,7.3529,7.3529,7.3529,7.3529,7.3529,7.3529,7.3529,7.3529,7.3529,7.3529,7.3529,7.3529,7.3529,7.3529,7.3529,7.3529,7.3529,7.3529,7.3529,7.3529,7.3529,7.3529,7.3529,7.3529,7.3529,7.3529,7.3529,7.3529,7.3529,7.3529,7.3529,7.3529,7.3529,7.3529,7.3529,7.3529,7.3529,7.3529,7.3529,7.3529,7.3529,7.3529,7.3529,7.3529,7.3529,7.3529,7.3529,7.3529,7.3529,7.3529,7.3529,7.3529,7.3529,7.3529,7.3529,7.3529,7.3529,7.3529,7.3529,7.3529,7.3529,7.3529,7.3529,7.3529,7.3529,7.3529,7.3529,7.3529,7.3529,7.3529,7.3529,7.3529,7.3529,7.3529,7.3529,7.3529,7.3529,7.3529,7.3529,7.3529,7.3529,7.3529,7.3529,7.3529,7.3529
7.3465,7.3465,7.3465,7.3465,7.3465,7.3465,7.3465,7.3465,7.3465,7.3465,7.3465,7.3465,7.3465,7.3465,7.3465,7.3465,7.3465,7.3465,7.3465,7.3465,7.3465,7.3465,7.3465,7.3465,7.3465,7.3465,7.3465,7.3465,7.3465,7.3465,7.3465,7.3465,7.3465,7.3465,7.3465,7.3465,7.3465,7.3465,7.3465,7.3465,7.3465,7.3465,7.3465,7.3465,7.3465,7.3465,7.3465,7.3465,7.3465,7.3465,7.3465,7.3465,7.3465,7.3465,7.3465,7.3465,7.3465,7.3465,7.3465,7.3465,7.3465,7.3465,7.3465,7.3465,7.3465,7.3465,7.3465,7.3465,7.3465,7.3465,7.3465,7.3465,7.3465,7.3465,7.3465,7.3465,7.3465,7.3465,7.3465,7.3465,7.3465,7.3465,7.3465,7.3465,7.3465,7.3465,7.3465,7.3465,7.3465,7.3465,7.3465,7.3465,7.3465,7.3465,7.3465,7.3465,7.3465,7.3465,7.3465,7.3465,7.3465,7.3465,7.3465,7.3465,7.3465,7.3465,7.3465,7.3465,7.3465,7.3465,7.3465,7.3465,7.3465,7.3465,7.3465,7.3465,7.3465,7.3465,7.3465,7.3465,7.3465,7.3465,7.3465,7.3465,7.3465,7.3465,7.3465,7.3465,7.3465,7.3465,7.3465,7.3465,7.3465,7.3465,7.3465,7.3465,7.3465,7.3465,7.3465,7.3465,7.3465,7.3465,7.3465,7.3465,7.3465,7.3465,7.3465,7.3465,7.3465,7.3465,7.3465,7.3465,7.3465,7.3465,7.3465,7.3465,7.3465,7.3465,7.3465,7.3465,7.3465,7.3465,7.3465,7.3465,7.3465,7.3465,7.3465,7.3465,7.3465,7.3465,7.3465,7.3465,7.3465,7.3465,7.3465,7.3465,7.3465,7.3465,7.3465,7.3465,7.3465,7.3465,7.3465,7.3465,7.3465,7.3465,7.3465,7.3465,7.3465,7.3465,7.3465,7.3465,7.3465,7.3465,7.3465,7.3465,7.3465,7.3465,7.3465,7.3465,7.3465,7.3465,7.3465,7.3465,7.3465,7.3465,7.3465,7.3465,7.3465,7.3465,7.3465,7.3465,7.3465,7.3465,7.3465,7.3465,7.3465,7.3465,7.3465,7.3465,7.3465,7.3465,7.3465,7.3465,7.3465,7.3465,7.3465,7.3465,7.3465,7.3465,7.3465,7.3465,7.3465,7.3465,7.3465,7.3465,7.3465,7.3465,7.3465,7.3465,7.3465,7.3465,7.3465,7.3465,7.3465,7.3465,7.3465,7.3465,7.3465,7.3465,7.3465,7.3465,7.3465,7.3465,7.3465,7.3465,7.3465,7.3465,7.3465,7.3465,7.3465,7.3465,7.3465,7.3465,7.3465,7.3465,7.3465,7.3465,7.3465,7.3465,7.3465,7.3465,7.3465,7.3465,7.3465,7.3465,7.3465,7.3465,7.3465,7.3465,7.3465,7.3465,7.3465,7.3465,7.3465,7.3465,7.3465,7.3465,7.3465,7.3465,7.3465,7.3465,7.3465,7.3465,7.3465,7.3465,7.3465,7.3465,7.3465,7.3465,7.3465,7.3465,7.3465,7.3465,7.3465,7.3465,7.3465,7.3465,7.3465,7.3465,7.3465,7.3465,7.3465,7.3465,7.3465,7.3465,7.3465,7.3465,7.3465,7.3465,7.3465,7.3465,7.3465,7.3465,7.3465,7.3465,7.3465,7.3465,7.3465,7.3465,7.3465,7.3465,7.3465,7.3465,7.3465,7.3465,7.3465,7.3465,7.3465,7.3465,7.3465,7.3465,7.3465,7.3465,7.3465,7.3465,7.3465,7.3465,7.3465,7.3465,7.3465,7.3465,7.3465,7.3465,7.3465,7.3465,7.3465,7.3465,7.3465,7.3465,7.3465,7.3465,7.3465,7.3465,7.3465,7.3465,7.3465,7.3465,7.3465,7.3465,7.3465,7.3465,7.3465,7.3465,7.3465,7.3465,7.3465,7.3465,7.3465,7.3465,7.3465,7.3465,7.3465,7.3465,7.3465,7.3465,7.3465,7.3465,7.3465,7.3465,7.3465,7.3465,6.0736,6.0321,5.9961,5.9612,5.9463,5.9406,5.9351,5.9297,5.9244,5.9190,5.9138,5.9084,5.9032,5.8978,5.8926,5.8873,5.8821,5.8768,5.8716,5.8663,5.8612,5.8559,5.8550,5.8542,5.8534,5.8526,5.8518,5.8510,5.8503,5.8495,5.8487,5.8479,5.8471,5.8463,5.8453,5.8444,5.8436,5.8428,5.8420,5.8412,5.8402,5.8394,5.8385,5.8377,5.8367,5.8359,5.8351,5.8345,5.8367,5.8392,5.8414,5.8438,5.8461,5.8483,5.8508,5.8530,5.8552,5.8577,5.8599,5.8622,5.8646,5.8669,5.8692,5.8716,5.8739,5.8761,5.8784,5.8809,5.8831,5.8854,5.8877,5.8902,5.8928,5.9005,5.9082,5.9159,5.9236,5.9311,5.9389,5.9469,5.9549,5.9631,5.9714,5.9795,5.9878,5.9961,6.0045,6.0127,6.0211,6.0293,6.0736,6.1276,6.1827,6.7200,6.7179,6.7144,6.7117,6.7093,6.7058,6.7010,6.6956,6.6914,6.6860,6.6813,6.6770,6.6722,6.6672,6.6632,6.6582,6.6537,6.6498,6.6450,6.6437,6.6442,6.6440,6.6445,6.6445,6.6442,6.6448,6.6445,6.6450,6.6450,6.6450,6.6458,6.6461,6.6464,6.6466,6.6469,6.6471,6.6469,6.6474,6.6482,6.6479,6.6482,6.6490,6.6514,6.6574,6.6624,6.6683,6.6738,6.6789,6.6850,6.6906,6.6956,6.7013,6.7074,6.7128,6.7184,6.7243,6.7305,6.7362,6.7421,6.7489,6.7734,6.7989,6.8241,6.8516,6.8803,7.3465,7.3465,7.3465,7.3465,7.3465,7.3465,7.3465,7.3465,7.3465,7.3465,7.3465,7.3465,7.3465,7.3465,7.3465,7.3465,7.3465,7.3465,7.3465,7.3465,7.3465,7.3465,7.3465,7.3465,7.3465,7.3465,7.3465,7.3465,7.3465,7.3465,7.3465,7.3465,7.3465,7.3465,7.3465,7.3465,7.3465,7.3465,7.3465,7.3465,7.3465,7.3465,7.3465,7.3465,7.3465,7.3465,7.3465,7.3465,7.3465,7.3465,7.3465,7.3465,7.3465,7.3465,7.3465,7.3465,7.3465,7.3465,7.3465,7.3465,7.3465,7.3465,7.3465,7.3465,7.3465,7.3465,7.3465,7.3465,7.3465,7.3465,7.3465,7.3465,7.3465,7.3465,7.3465,7.3465,7.3465,7.3465,7.3465,7.3465,7.3465,7.3465,7.3465,7.3465,7.3465,7.3465,7.3465,7.3465,7.3465,7.3465,7.3465,7.3465,7.3465,7.3465,7.3465,7.3465,7.3465,7.3465,7.3465,7.3465,7.3465,7.3465,7.3465,7.3465,7.3465,7.3465,7.3465,7.3465,7.3465,7.3465,7.3465,7.3465,7.3465,7.3465,7.3465,7.3465,7.3465,7.3465,7.3465,7.3465,7.3465,7.3465,7.3465,7.3465,7.3465,7.3465,7.3465,7.3465,7.3465,7.3465,7.3465,7.3465,7.3465,7.3465,7.3465,7.3465,7.3465,7.3465,7.3465,7.3465,7.3465,7.3465,7.3465,7.3465,7.3465,7.3465,7.3465,7.3465,7.3465,7.3465,7.3465,7.3465,7.3465,7.3465,7.3465,7.3465,7.3465,7.3465,7.3465,7.3465,7.3465,7.3465,7.3465,7.3465,7.3465,7.3465,7.3465,7.3465,7.3465,7.3465,7.3465,7.3465,7.3465,7.3465,7.3465,7.3465,7.3465,7.3465,7.3465,7.3465,7.3465,7.3465,7.3465,7.3465,7.3465,7.3465,7.3465,7.3465,7.3465,7.3465,7.3465,7.3465,7.3465,7.3465,7.3465,7.3465,7.3465,7.3465,7.3465,7.3465,7.3465,7.3465,7.3465,7.3465,7.3465,7.3465,7.3465,7.3465,7.3465,7.3465,7.3465,7.3465,7.3465,7.3465,7.3465,7.3465,7.3465,7.3465,7.3465,7.3465,7.3465,7.3465,7.3465,7.3465,7.3465,7.3465,7.3465,7.3465,7.3465,7.3465,7.3465,7.3465,7.3465,7.3465,7.3465,7.3465,7.3465,7.3465,7.3465,7.3465,7.3465,7.3465,7.3465,7.3465,7.3465,7.3465,7.3465,7.3465,7.3465,7.3465,7.3465,7.3465,7.3465,7.3465,7.3465,7.3465,7.3465,7.3465,7.3465,7.3465,7.3465,7.3465,7.3465,7.3465,7.3465,7.3465,7.3465,7.3465,7.3465,7.3465,7.3465,7.3465,7.3465,7.3465,7.3465,7.3465,7.3465,7.3465,7.3465,7.3465,7.3465,7.3465,7.3465,7.3465,7.3465,7.3465,7.3465,7.3465,7.3465,7.3465,7.3465,7.3465,7.3465,7.3465,7.3465,7.3465,7.3465,7.3465,7.3465,7.3465,7.3465,7.3465,7.3465,7.3465,7.3465,7.3465,7.3465,7.3465,7.3465,7.3465,7.3465,7.3465,7.3465,7.3465,7.3465,7.3465,7.3465,7.3465,7.3465,7.3465,7.3465,7.3465,7.3465,7.3465,7.3465,7.3465,7.3465,7.3465,7.3465,7.3465,7.3465,7.3465,7.3465,7.3465,7.3465,7.3465,7.3465,7.3465,7.3465,7.3465,7.3465,7.3465,7.3465,7.3465,7.3465,7.3465,7.3465,7.3465,7.3465,7.3465,7.3465,7.3465,7.3465,7.3465,7.3465,7.3465,7.3465,7.3465,7.3465,7.3465,7.3465,7.3465,7.3465,7.3465,7.3465,7.3465,7.3465,7.3465,7.3465,7.3465,7.3465,7.3465,7.3465,7.3465,7.3465,7.3465,7.3465,7.3465,7.3465,7.3465,7.3465,7.3465,7.3465,7.3465,7.3465,7.3465,7.3465,7.3465,7.3465,7.3465,7.3465,7.3465,7.3465,7.3465,7.3465,7.3465,7.3465,7.3465,7.3465,7.3465,7.3465,7.3465,7.3465,7.3465,7.3465,7.3465,7.3465,7.3465,7.3465,7.3465
7.3410,7.3410,7.3410,7.3410,7.3410,7.3410,7.3410,7.3410,7.3410,7.3410,7.3410,7.3410,7.3410,7.3410,7.3410,7.3410,7.3410,7.3410,7.3410,7.3410,7.3410,7.3410,7.3410,7.3410,7.3410,7.3410,7.3410,7.3410,7.3410,7.3410,7.3410,7.3410,7.3410,7.3410,7.3410,7.3410,7.3410,7.3410,7.3410,7.3410,7.3410,7.3410,7.3410,7.3410,7.3410,7.3410,7.3410,7.3410,7.3410,7.3410,7.3410,7.3410,7.3410,7.3410,7.3410,7.3410,7.3410,7.3410,7.3410,7.3410,7.3410,7.3410,7.3410,7.3410,7.3410,7.3410,7.3410,7.3410,7.3410,7.3410,7.3410,7.3410,7.3410,7.3410,7.3410,7.3410,7.3410,7.3410,7.3410,7.3410,7.3410,7.3410,7.3410,7.3410,7.3410,7.3410,7.3410,7.3410,7.3410,7.3410,7.3410,7.3410,7.3410,7.3410,7.3410,7.3410,7.3410,7.3410,7.3410,7.3410,7.3410,7.3410,7.3410,7.3410,7.3410,7.3410,7.3410,7.3410,7.3410,7.3410,7.3410,7.3410,7.3410,7.3410,7.3410,7.3410,7.3410,7.3410,7.3410,7.3410,7.3410,7.3410,7.3410,7.3410,7.3410,7.3410,7.3410,7.3410,7.3410,7.3410,7.3410,7.3410,7.3410,7.3410,7.3410,7.3410,7.3410,7.3410,7.3410,7.3410,7.3410,7.3410,7.3410,7.3410,7.3410,7.3410,7.3410,7.3410,7.3410,7.3410,7.3410,7.3410,7.3410,7.3410,7.3410,7.3410,7.3410,7.3410,7.3410,7.3410,7.3410,7.3410,7.3410,7.3410,7.3410,7.3410,7.3410,7.3410,7.3410,7.3410,7.3410,7.3410,7.3410,7.3410,7.3410,7.3410,7.3410,7.3410,7.3410,7.3410,7.3410,7.3410,7.3410,7.3410,7.3410,7.3410,7.3410,7.3410,7.3410,7.3410,7.3410,7.3410,7.3410,7.3410,7.3410,7.3410,7.3410,7.3410,7.3410,7.3410,7.3410,7.3410,7.3410,7.3410,7.3410,7.3410,7.3410,7.3410,7.3410,7.3410,7.3410,7.3410,7.3410,7.3410,7.3410,7.3410,7.3410,7.3410,7.3410,7.3410,7.3410,7.3410,7.3410,7.3410,7.3410,7.3410,7.3410,7.3410,7.3410,7.3410,7.3410,7.3410,7.3410,7.3410,7.3410,7.3410,7.3410,7.3410,7.3410,7.3410,7.3410,7.3410,7.3410,7.3410,7.3410,7.3410,7.3410,7.3410,7.3410,7.3410,7.3410,7.3410,7.3410,7.3410,7.3410,7.3410,7.3410,7.3410,7.3410,7.3410,7.3410,7.3410,7.3410,7.3410,7.3410,7.3410,7.3410,7.3410,7.3410,7.3410,7.3410,7.3410,7.3410,7.3410,7.3410,7.3410,7.3410,7.3410,7.3410,7.3410,7.3410,7.3410,7.3410,7.3410,7.3410,7.3410,7.3410,7.3410,7.3410,7.3410,7.3410,7.3410,7.3410,7.3410,7.3410,7.3410,7.3410,7.3410,7.3410,7.3410,7.3410,7.3410,7.3410,7.3410,7.3410,7.3410,7.3410,7.3410,7.3410,7.3410,7.3410,7.3410,7.3410,7.3410,7.3410,7.3410,7.3410,7.3410,7.3410,7.3410,7.3410,7.3410,7.3410,7.3410,7.3410,7.3410,7.3410,7.3410,7.3410,7.3410,7.3410,7.3410,7.3410,7.3410,7.3410,7.3410,7.3410,7.3410,7.3410,7.3410,7.3410,7.3410,7.3410,7.3410,7.3410,7.3410,7.3410,7.3410,7.3410,7.3410,7.3410,7.3410,7.3410,7.3410,7.3410,7.3410,7.3410,7.3410,7.3410,7.3410,7.3410,7.3410,7.3410,7.3410,7.3410,7.3410,7.3410,7.3410,7.3410,7.3410,7.3410,7.3410,7.3410,7.3410,7.3410,7.3410,7.3410,7.3410,7.3410,7.3410,7.3410,7.3410,7.3410,7.3410,7.3410,7.3410,7.3410,7.3410,7.3410,7.3410,7.3410,7.3410,6.0554,6.0183,5.9829,5.9488,5.9431,5.9376,5.9322,5.9269,5.9215,5.9163,5.9109,5.9057,5.9003,5.8951,5.8897,5.8844,5.8792,5.8739,5.8687,5.8634,5.8583,5.8544,5.8536,5.8530,5.8522,5.8514,5.8506,5.8497,5.8489,5.8481,5.8473,5.8465,5.8457,5.8448,5.8440,5.8432,5.8424,5.8416,5.8410,5.8398,5.8390,5.8383,5.8375,5.8367,5.8355,5.8349,5.8341,5.8343,5.8365,5.8390,5.8414,5.8436,5.8459,5.8481,5.8506,5.8528,5.8550,5.8575,5.8597,5.8620,5.8644,5.8667,5.8690,5.8712,5.8737,5.8759,5.8782,5.8807,5.8829,5.8852,5.8875,5.8899,5.8943,5.9020,5.9096,5.9173,5.9251,5.9328,5.9406,5.9481,5.9562,5.9644,5.9725,5.9808,5.9891,5.9972,6.0056,6.0138,6.0222,6.0484,6.1005,6.1550,6.7222,6.7189,6.7168,6.7133,6.7112,6.7082,6.7050,6.7021,6.6991,6.6954,6.6911,6.6863,6.6815,6.6770,6.6722,6.6675,6.6630,6.6579,6.6540,6.6495,6.6477,6.6485,6.6479,6.6485,6.6487,6.6482,6.6485,6.6490,6.6492,6.6490,6.6498,6.6495,6.6498,6.6503,6.6506,6.6508,6.6516,6.6514,6.6516,6.6524,6.6521,6.6527,6.6529,6.6553,6.6609,6.6664,6.6725,6.6773,6.6829,6.6884,6.6940,6.6999,6.7061,6.7114,6.7171,6.7232,6.7286,6.7348,6.7402,6.7459,6.7535,6.7778,6.8033,6.8313,6.8592,6.8887,7.3410,7.3410,7.3410,7.3410,7.3410,7.3410,7.3410,7.3410,7.3410,7.3410,7.3410,7.3410,7.3410,7.3410,7.3410,7.3410,7.3410,7.3410,7.3410,7.3410,7.3410,7.3410,7.3410,7.3410,7.3410,7.3410,7.3410,7.3410,7.3410,7.3410,7.3410,7.3410,7.3410,7.3410,7.3410,7.3410,7.3410,7.3410,7.3410,7.3410,7.3410,7.3410,7.3410,7.3410,7.3410,7.3410,7.3410,7.3410,7.3410,7.3410,7.3410,7.3410,7.3410,7.3410,7.3410,7.3410,7.3410,7.3410,7.3410,7.3410,7.3410,7.3410,7.3410,7.3410,7.3410,7.3410,7.3410,7.3410,7.3410,7.3410,7.3410,7.3410,7.3410,7.3410,7.3410,7.3410,7.3410,7.3410,7.3410,7.3410,7.3410,7.3410,7.3410,7.3410,7.3410,7.3410,7.3410,7.3410,7.3410,7.3410,7.3410,7.3410,7.3410,7.3410,7.3410,7.3410,7.3410,7.3410,7.3410,7.3410,7.3410,7.3410,7.3410,7.3410,7.3410,7.3410,7.3410,7.3410,7.3410,7.3410,7.3410,7.3410,7.3410,7.3410,7.3410,7.3410,7.3410,7.3410,7.3410,7.3410,7.3410,7.3410,7.3410,7.3410,7.3410,7.3410,7.3410,7.3410,7.3410,7.3410,7.3410,7.3410,7.3410,7.3410,7.3410,7.3410,7.3410,7.3410,7.3410,7.3410,7.3410,7.3410,7.3410,7.3410,7.3410,7.3410,7.3410,7.3410,7.3410,7.3410,7.3410,7.3410,7.3410,7.3410,7.3410,7.3410,7.3410,7.3410,7.3410,7.3410,7.3410,7.3410,7.3410,7.3410,7.3410,7.3410,7.3410,7.3410,7.3410,7.3410,7.3410,7.3410,7.3410,7.3410,7.3410,7.3410,7.3410,7.3410,7.3410,7.3410,7.3410,7.3410,7.3410,7.3410,7.3410,7.3410,7.3410,7.3410,7.3410,7.3410,7.3410,7.3410,7.3410,7.3410,7.3410,7.3410,7.3410,7.3410,7.3410,7.3410,7.3410,7.3410,7.3410,7.3410,7.3410,7.3410,7.3410,7.3410,7.3410,7.3410,7.3410,7.3410,7.3410,7.3410,7.3410,7.3410,7.3410,7.3410,7.3410,7.3410,7.3410,7.3410,7.3410,7.3410,7.3410,7.3410,7.3410,7.3410,7.3410,7.3410,7.3410,7.3410,7.3410,7.3410,7.3410,7.3410,7.3410,7.3410,7.3410,7.3410,7.3410,7.3410,7.3410,7.3410,7.3410,7.3410,7.3410,7.3410,7.3410,7.3410,7.3410,7.3410,7.3410,7.3410,7.3410,7.3410,7.3410,7.3410,7.3410,7.3410,7.3410,7.3410,7.3410,7.3410,7.3410,7.3410,7.3410,7.3410,7.3410,7.3410,7.3410,7.3410,7.3410,7.3410,7.3410,7.3410,7.3410,7.3410,7.3410,7.3410,7.3410,7.3410,7.3410,7.3410,7.3410,7.3410,7.3410,7.3410,7.3410,7.3410,7.3410,7.3410,7.3410,7.3410,7.3410,7.3410,7.3410,7.3410,7.3410,7.3410,7.3410,7.3410,7.3410,7.3410,7.3410,7.3410,7.3410,7.3410,7.3410,7.3410,7.3410,7.3410,7.3410,7.3410,7.3410,7.3410,7.3410,7.3410,7.3410,7.3410,7.3410,7.3410,7.3410,7.3410,7.3410,7.3410,7.3410,7.3410,7.3410,7.3410,7.3410,7.3410,7.3410,7.3410,7.3410,7.3410,7.3410,7.3410,7.3410,7.3410,7.3410,7.3410,7.3410,7.3410,7.3410,7.3410,7.3410,7.3410,7.3410,7.3410,7.3410,7.3410,7.3410,7.3410,7.3410,7.3410,7.3410,7.3410,7.3410,7.3410,7.3410,7.3410,7.3410,7.3410,7.3410,7.3410,7.3410,7.3410,7.3410,7.3410,7.3410,7.3410,7.3410,7.3410,7.3410,7.3410,7.3410,7.3410,7.3410,7.3410,7.3410,7.3410,7.3410,7.3410,7.3410,7.3410,7.3410,7.3410,7.3410,7.3410,7.3410,7.3410,7.3410,7.3410,7.3410,7.3410,7.3410,7.3410,7.3410,7.3410,7.3410,7.3410,7.3410,7.3410,7.3410,7.3410,7.3410,7.3410,7.3410,7.3410
7.3349,7.3349,7.3349,7.3349,7.3349,7.3349,7.3349,7.3349,7.3349,7.3349,7.3349,7.3349,7.3349,7.3349,7.3349,7.3349,7.3349,7.3349,7.3349,7.3349,7.3349,7.3349,7.3349,7.3349,7.3349,7.3349,7.3349,7.3349,7.3349,7.3349,7.3349,7.3349,7.3349,7.3349,7.3349,7.3349,7.3349,7.3349,7.3349,7.3349,7.3349,7.3349,7.3349,7.3349,7.3349,7.3349,7.3349,7.3349,7.3349,7.3349,7.3349,7.3349,7.3349,7.3349,7.3349,7.3349,7.3349,7.3349,7.3349,7.3349,7.3349,7.3349,7.3349,7.3349,7.3349,7.3349,7.3349,7.3349,7.3349,7.3349,7.3349,7.3349,7.3349,7.3349,7.3349,7.3349,7.3349,7.3349,7.3349,7.3349,7.3349,7.3349,7.3349,7.3349,7.3349,7.3349,7.3349,7.3349,7.3349,7.3349,7.3349,7.3349,7.3349,7.3349,7.3349,7.3349,7.3349,7.3349,7.3349,7.3349,7.3349,7.3349,7.3349,7.3349,7.3349,7.3349,7.3349,7.3349,7.3349,7.3349,7.3349,7.3349,7.3349,7.3349,7.3349,7.3349,7.3349,7.3349,7.3349,7.3349,7.3349,7.3349,7.3349,7.3349,7.3349,7.3349,7.3349,7.3349,7.3349,7.3349,7.3349,7.3349,7.3349,7.3349,7.3349,7.3349,7.3349,7.3349,7.3349,7.3349,7.3349,7.3349,7.3349,7.3349,7.3349,7.3349,7.3349,7.3349,7.3349,7.3349,7.3349,7.3349,7.3349,7.3349,7.3349,7.3349,7.3349,7.3349,7.3349,7.3349,7.3349,7.3349,7.3349,7.3349,7.3349,7.3349,7.3349,7.3349,7.3349,7.3349,7.3349,7.3349,7.3349,7.3349,7.3349,7.3349,7.3349,7.3349,7.3349,7.3349,7.3349,7.3349,7.3349,7.3349,7.3349,7.3349,7.3349,7.3349,7.3349,7.3349,7.3349,7.3349,7.3349,7.3349,7.3349,7.3349,7.3349,7.3349,7.3349,7.3349,7.3349,7.3349,7.3349,7.3349,7.3349,7.3349,7.3349,7.3349,7.3349,7.3349,7.3349,7.3349,7.3349,7.3349,7.3349,7.3349,7.3349,7.3349,7.3349,7.3349,7.3349,7.3349,7.3349,7.3349,7.3349,7.3349,7.3349,7.3349,7.3349,7.3349,7.3349,7.3349,7.3349,7.3349,7.3349,7.3349,7.3349,7.3349,7.3349,7.3349,7.3349,7.3349,7.3349,7.3349,7.3349,7.3349,7.3349,7.3349,7.3349,7.3349,7.3349,7.3349,7.3349,7.3349,7.3349,7.3349,7.3349,7.3349,7.3349,7.3349,7.3349,7.3349,7.3349,7.3349,7.3349,7.3349,7.3349,7.3349,7.3349,7.3349,7.3349,7.3349,7.3349,7.3349,7.3349,7.3349,7.3349,7.3349,7.3349,7.3349,7.3349,7.3349,7.3349,7.3349,7.3349,7.3349,7.3349,7.3349,7.3349,7.3349,7.3349,7.3349,7.3349,7.3349,7.3349,7.3349,7.3349,7.3349,7.3349,7.3349,7.3349,7.3349,7.3349,7.3349,7.3349,7.3349,7.3349,7.3349,7.3349,7.3349,7.3349,7.3349,7.3349,7.3349,7.3349,7.3349,7.3349,7.3349,7.3349,7.3349,7.3349,7.3349,7.3349,7.3349,7.3349,7.3349,7.3349,7.3349,7.3349,7.3349,7.3349,7.3349,7.3349,7.3349,7.3349,7.3349,7.3349,7.3349,7.3349,7.3349,7.3349,7.3349,7.3349,7.3349,7.3349,7.3349,7.3349,7.3349,7.3349,7.3349,7.3349,7.3349,7.3349,7.3349,7.3349,7.3349,7.3349,7.3349,7.3349,7.3349,7.3349,7.3349,7.3349,7.3349,7.3349,7.3349,7.3349,7.3349,7.3349,7.3349,7.3349,7.3349,7.3349,7.3349,7.3349,7.3349,7.3349,7.3349,7.3349,7.3349,7.3349,7.3349,7.3349,7.3349,7.3349,7.3349,7.3349,7.3349,7.3349,7.3349,7.3349,6.0843,6.0408,6.0049,5.9697,5.9456,5.9399,5.9347,5.9292,5.9240,5.9186,5.9134,5.9080,5.9028,5.8974,5.8922,5.8868,5.8817,5.8763,5.8712,5.8659,5.8608,5.8554,5.8532,5.8524,5.8516,5.8508,5.8499,5.8491,5.8483,5.8475,5.8467,5.8459,5.8451,5.8442,5.8434,5.8426,5.8418,5.8412,5.8404,5.8394,5.8388,5.8379,5.8371,5.8363,5.8353,5.8345,5.8337,5.8327,5.8343,5.8363,5.8388,5.8410,5.8434,5.8457,5.8479,5.8503,5.8526,5.8548,5.8571,5.8595,5.8618,5.8640,5.8665,5.8687,5.8710,5.8735,5.8757,5.8780,5.8803,5.8827,5.8850,5.8873,5.8895,5.8957,5.9034,5.9111,5.9188,5.9265,5.9343,5.9420,5.9498,5.9576,5.9655,5.9738,5.9818,5.9902,5.9985,6.0069,6.0150,6.0237,6.0740,6.1276,6.1827,6.7208,6.7181,6.7155,6.7128,6.7101,6.7071,6.7042,6.7010,6.6986,6.6954,6.6930,6.6898,6.6863,6.6815,6.6762,6.6720,6.6672,6.6622,6.6577,6.6537,6.6524,6.6519,6.6521,6.6521,6.6527,6.6524,6.6527,6.6535,6.6537,6.6535,6.6537,6.6545,6.6543,6.6545,6.6548,6.6550,6.6556,6.6558,6.6566,6.6569,6.6566,6.6574,6.6577,6.6595,6.6653,6.6704,6.6765,6.6821,6.6876,6.6932,6.6988,6.7042,6.7104,6.7157,6.7214,6.7276,6.7330,6.7392,6.7446,6.7503,6.7579,6.7830,6.8099,6.8382,6.8673,7.3349,7.3349,7.3349,7.3349,7.3349,7.3349,7.3349,7.3349,7.3349,7.3349,7.3349,7.3349,7.3349,7.3349,7.3349,7.3349,7.3349,7.3349,7.3349,7.3349,7.3349,7.3349,7.3349,7.3349,7.3349,7.3349,7.3349,7.3349,7.3349,7.3349,7.3349,7.3349,7.3349,7.3349,7.3349,7.3349,7.3349,7.3349,7.3349,7.3349,7.3349,7.3349,7.3349,7.3349,7.3349,7.3349,7.3349,7.3349,7.3349,7.3349,7.3349,7.3349,7.3349,7.3349,7.3349,7.3349,7.3349,7.3349,7.3349,7.3349,7.3349,7.3349,7.3349,7.3349,7.3349,7.3349,7.3349,7.3349,7.3349,7.3349,7.3349,7.3349,7.3349,7.3349,7.3349,7.3349,7.3349,7.3349,7.3349,7.3349,7.3349,7.3349,7.3349,7.3349,7.3349,7.3349,7.3349,7.3349,7.3349,7.3349,7.3349,7.3349,7.3349,7.3349,7.3349,7.3349,7.3349,7.3349,7.3349,7.3349,7.3349,7.3349,7.3349,7.3349,7.3349,7.3349,7.3349,7.3349,7.3349,7.3349,7.3349,7.3349,7.3349,7.3349,7.3349,7.3349,7.3349,7.3349,7.3349,7.3349,7.3349,7.3349,7.3349,7.3349,7.3349,7.3349,7.3349,7.3349,7.3349,7.3349,7.3349,7.3349,7.3349,7.3349,7.3349,7.3349,7.3349,7.3349,7.3349,7.3349,7.3349,7.3349,7.3349,7.3349,7.3349,7.3349,7.3349,7.3349,7.3349,7.3349,7.3349,7.3349,7.3349,7.3349,7.3349,7.3349,7.3349,7.3349,7.3349,7.3349,7.3349,7.3349,7.3349,7.3349,7.3349,7.3349,7.3349,7.3349,7.3349,7.3349,7.3349,7.3349,7.3349,7.3349,7.3349,7.3349,7.3349,7.3349,7.3349,7.3349,7.3349,7.3349,7.3349,7.3349,7.3349,7.3349,7.3349,7.3349,7.3349,7.3349,7.3349,7.3349,7.3349,7.3349,7.3349,7.3349,7.3349,7.3349,7.3349,7.3349,7.3349,7.3349,7.3349,7.3349,7.3349,7.3349,7.3349,7.3349,7.3349,7.3349,7.3349,7.3349,7.3349,7.3349,7.3349,7.3349,7.3349,7.3349,7.3349,7.3349,7.3349,7.3349,7.3349,7.3349,7.3349,7.3349,7.3349,7.3349,7.3349,7.3349,7.3349,7.3349,7.3349,7.3349,7.3349,7.3349,7.3349,7.3349,7.3349,7.3349,7.3349,7.3349,7.3349,7.3349,7.3349,7.3349,7.3349,7.3349,7.3349,7.3349,7.3349,7.3349,7.3349,7.3349,7.3349,7.3349,7.3349,7.3349,7.3349,7.3349,7.3349,7.3349,7.3349,7.3349,7.3349,7.3349,7.3349,7.3349,7.3349,7.3349,7.3349,7.3349,7.3349,7.3349,7.3349,7.3349,7.3349,7.3349,7.3349,7.3349,7.3349,7.3349,7.3349,7.3349,7.3349,7.3349,7.3349,7.3349,7.3349,7.3349,7.3349,7.3349,7.3349,7.3349,7.3349,7.3349,7.3349,7.3349,7.3349,7.3349,7.3349,7.3349,7.3349,7.3349,7.3349,7.3349,7.3349,7.3349,7.3349,7.3349,7.3349,7.3349,7.3349,7.3349,7.3349,7.3349,7.3349,7.3349,7.3349,7.3349,7.3349,7.3349,7.3349,7.3349,7.3349,7.3349,7.3349,7.3349,7.3349,7.3349,7.3349,7.3349,7.3349,7.3349,7.3349,7.3349,7.3349,7.3349,7.3349,7.3349,7.3349,7.3349,7.3349,7.3349,7.3349,7.3349,7.3349,7.3349,7.3349,7.3349,7.3349,7.3349,7.3349,7.3349,7.3349,7.3349,7.3349,7.3349,7.3349,7.3349,7.3349,7.3349,7.3349,7.3349,7.3349,7.3349,7.3349,7.3349,7.3349,7.3349,7.3349,7.3349,7.3349,7.3349,7.3349,7.3349,7.3349,7.3349,7.3349,7.3349,7.3349,7.3349,7.3349,7.3349,7.3349,7.3349,7.3349,7.3349,7.3349,7.3349,7.3349,7.3349,7.3349,7.3349,7.3349,7.3349,7.3349,7.3349,7.3349,7.3349,7.3349,7.3349,7.3349,7.3349,7.3349,7.3349,7.3349,7.3349,7.3349,7.3349,7.3349
7.3288,7.3288,7.3288,7.3288,7.3288,7.3288,7.3288,7.3288,7.3288,7.3288,7.3288,7.3288,7.3288,7.3288,7.3288,7.3288,7.3288,7.3288,7.3288,7.3288,7.3288,7.3288,7.3288,7.3288,7.3288,7.3288,7.3288,7.3288,7.3288,7.3288,7.3288,7.3288,7.3288,7.3288,7.3288,7.3288,7.3288,7.3288,7.3288,7.3288,7.3288,7.3288,7.3288,7.3288,7.3288,7.3288,7.3288,7.3288,7.3288,7.3288,7.3288,7.3288,7.3288,7.3288,7.3288,7.3288,7.3288,7.3288,7.3288,7.3288,7.3288,7.3288,7.3288,7.3288,7.3288,7.3288,7.3288,7.3288,7.3288,7.3288,7.3288,7.3288,7.3288,7.3288,7.3288,7.3288,7.3288,7.3288,7.3288,7.3288,7.3288,7.3288,7.3288,7.3288,7.3288,7.3288,7.3288,7.3288,7.3288,7.3288,7.3288,7.3288,7.3288,7.3288,7.3288,7.3288,7.3288,7.3288,7.3288,7.3288,7.3288,7.3288,7.3288,7.3288,7.3288,7.3288,7.3288,7.3288,7.3288,7.3288,7.3288,7.3288,7.3288,7.3288,7.3288,7.3288,7.3288,7.3288,7.3288,7.3288,7.3288,7.3288,7.3288,7.3288,7.3288,7.3288,7.3288,7.3288,7.3288,7.3288,7.3288,7.3288,7.3288,7.3288,7.3288,7.3288,7.3288,7.3288,7.3288,7.3288,7.3288,7.3288,7.3288,7.3288,7.3288,7.3288,7.3288,7.3288,7.3288,7.3288,7.3288,7.3288,7.3288,7.3288,7.3288,7.3288,7.3288,7.3288,7.3288,7.3288,7.3288,7.3288,7.3288,7.3288,7.3288,7.3288,7.3288,7.3288,7.3288,7.3288,7.3288,7.3288,7.3288,7.3288,7.3288,7.3288,7.3288,7.3288,7.3288,7.3288,7.3288,7.3288,7.3288,7.3288,7.3288,7.3288,7.3288,7.3288,7.3288,7.3288,7.3288,7.3288,7.3288,7.3288,7.3288,7.3288,7.3288,7.3288,7.3288,7.3288,7.3288,7.3288,7.3288,7.3288,7.3288,7.3288,7.3288,7.3288,7.3288,7.3288,7.3288,7.3288,7.3288,7.3288,7.3288,7.3288,7.3288,7.3288,7.3288,7.3288,7.3288,7.3288,7.3288,7.3288,7.3288,7.3288,7.3288,7.3288,7.3288,7.3288,7.3288,7.3288,7.3288,7.3288,7.3288,7.3288,7.3288,7.3288,7.3288,7.3288,7.3288,7.3288,7.3288,7.3288,7.3288,7.3288,7.3288,7.3288,7.3288,7.3288,7.3288,7.3288,7.3288,7.3288,7.3288,7.3288,7.3288,7.3288,7.3288,7.3288,7.3288,7.3288,7.3288,7.3288,7.3288,7.3288,7.3288,7.3288,7.3288,7.3288,7.3288,7.3288,7.3288,7.3288,7.3288,7.3288,7.3288,7.3288,7.3288,7.3288,7.3288,7.3288,7.3288,7.3288,7.3288,7.3288,7.3288,7.3288,7.3288,7.3288,7.3288,7.3288,7.3288,7.3288,7.3288,7.3288,7.3288,7.3288,7.3288,7.3288,7.3288,7.3288,7.3288,7.3288,7.3288,7.3288,7.3288,7.3288,7.3288,7.3288,7.3288,7.3288,7.3288,7.3288,7.3288,7.3288,7.3288,7.3288,7.3288,7.3288,7.3288,7.3288,7.3288,7.3288,7.3288,7.3288,7.3288,7.3288,7.3288,7.3288,7.3288,7.3288,7.3288,7.3288,7.3288,7.3288,7.3288,7.3288,7.3288,7.3288,7.3288,7.3288,7.3288,7.3288,7.3288,7.3288,7.3288,7.3288,7.3288,7.3288,7.3288,7.3288,7.3288,7.3288,7.3288,7.3288,7.3288,7.3288,7.3288,7.3288,7.3288,7.3288,7.3288,7.3288,7.3288,7.3288,7.3288,7.3288,7.3288,7.3288,7.3288,7.3288,7.3288,7.3288,7.3288,7.3288,7.3288,7.3288,7.3288,7.3288,7.3288,7.3288,7.3288,7.3288,7.3288,7.3288,7.3288,7.3288,7.3288,7.3288,7.3288,6.0672,6.0269,5.9917,5.9566,5.9425,5.9372,5.9318,5.9265,5.9211,5.9157,5.9105,5.9051,5.8999,5.8945,5.8893,5.8840,5.8788,5.8735,5.8683,5.8630,5.8579,5.8526,5.8518,5.8510,5.8501,5.8493,5.8485,5.8477,5.8469,5.8461,5.8453,5.8444,5.8438,5.8430,5.8422,5.8414,5.8406,5.8400,5.8390,5.8381,5.8373,5.8367,5.8359,5.8349,5.8339,5.8331,5.8323,5.8315,5.8339,5.8361,5.8385,5.8408,5.8430,5.8455,5.8477,5.8499,5.8524,5.8546,5.8569,5.8593,5.8616,5.8638,5.8663,5.8685,5.8708,5.8731,5.8755,5.8778,5.8800,5.8825,5.8848,5.8871,5.8897,5.8974,5.9049,5.9125,5.9203,5.9280,5.9357,5.9435,5.9513,5.9591,5.9670,5.9748,5.9831,5.9914,5.9996,6.0082,6.0163,6.0491,6.1005,6.1550,6.7216,6.7189,6.7165,6.7138,6.7112,6.7090,6.7055,6.7029,6.7004,6.6975,6.6943,6.6914,6.6887,6.6858,6.6834,6.6807,6.6765,6.6717,6.6669,6.6619,6.6574,6.6558,6.6561,6.6566,6.6566,6.6564,6.6572,6.6572,6.6579,6.6577,6.6585,6.6587,6.6585,6.6593,6.6590,6.6593,6.6595,6.6603,6.6601,6.6609,6.6609,6.6611,6.6619,6.6616,6.6640,6.6691,6.6749,6.6805,6.6855,6.6914,6.6970,6.7031,6.7090,6.7141,6.7200,6.7257,6.7319,6.7373,6.7435,6.7495,6.7552,6.7620,6.7893,6.8180,6.8458,6.8749,7.3288,7.3288,7.3288,7.3288,7.3288,7.3288,7.3288,7.3288,7.3288,7.3288,7.3288,7.3288,7.3288,7.3288,7.3288,7.3288,7.3288,7.3288,7.3288,7.3288,7.3288,7.3288,7.3288,7.3288,7.3288,7.3288,7.3288,7.3288,7.3288,7.3288,7.3288,7.3288,7.3288,7.3288,7.3288,7.3288,7.3288,7.3288,7.3288,7.3288,7.3288,7.3288,7.3288,7.3288,7.3288,7.3288,7.3288,7.3288,7.3288,7.3288,7.3288,7.3288,7.3288,7.3288,7.3288,7.3288,7.3288,7.3288,7.3288,7.3288,7.3288,7.3288,7.3288,7.3288,7.3288,7.3288,7.3288,7.3288,7.3288,7.3288,7.3288,7.3288,7.3288,7.3288,7.3288,7.3288,7.3288,7.3288,7.3288,7.3288,7.3288,7.3288,7.3288,7.3288,7.3288,7.3288,7.3288,7.3288,7.3288,7.3288,7.3288,7.3288,7.3288,7.3288,7.3288,7.3288,7.3288,7.3288,7.3288,7.3288,7.3288,7.3288,7.3288,7.3288,7.3288,7.3288,7.3288,7.3288,7.3288,7.3288,7.3288,7.3288,7.3288,7.3288,7.3288,7.3288,7.3288,7.3288,7.3288,7.3288,7.3288,7.3288,7.3288,7.3288,7.3288,7.3288,7.3288,7.3288,7.3288,7.3288,7.3288,7.3288,7.3288,7.3288,7.3288,7.3288,7.3288,7.3288,7.3288,7.3288,7.3288,7.3288,7.3288,7.3288,7.3288,7.3288,7.3288,7.3288,7.3288,7.3288,7.3288,7.3288,7.3288,7.3288,7.3288,7.3288,7.3288,7.3288,7.3288,7.3288,7.3288,7.3288,7.3288,7.3288,7.3288,7.3288,7.3288,7.3288,7.3288,7.3288,7.3288,7.3288,7.3288,7.3288,7.3288,7.3288,7.3288,7.3288,7.3288,7.3288,7.3288,7.3288,7.3288,7.3288,7.3288,7.3288,7.3288,7.3288,7.3288,7.3288,7.3288,7.3288,7.3288,7.3288,7.3288,7.3288,7.3288,7.3288,7.3288,7.3288,7.3288,7.3288,7.3288,7.3288,7.3288,7.3288,7.3288,7.3288,7.3288,7.3288,7.3288,7.3288,7.3288,7.3288,7.3288,7.3288,7.3288,7.3288,7.3288,7.3288,7.3288,7.3288,7.3288,7.3288,7.3288,7.3288,7.3288,7.3288,7.3288,7.3288,7.3288,7.3288,7.3288,7.3288,7.3288,7.3288,7.3288,7.3288,7.3288,7.3288,7.3288,7.3288,7.3288,7.3288,7.3288,7.3288,7.3288,7.3288,7.3288,7.3288,7.3288,7.3288,7.3288,7.3288,7.3288,7.3288,7.3288,7.3288,7.3288,7.3288,7.3288,7.3288,7.3288,7.3288,7.3288,7.3288,7.3288,7.3288,7.3288,7.3288,7.3288,7.3288,7.3288,7.3288,7.3288,7.3288,7.3288,7.3288,7.3288,7.3288,7.3288,7.3288,7.3288,7.3288,7.3288,7.3288,7.3288,7.3288,7.3288,7.3288,7.3288,7.3288,7.3288,7.3288,7.3288,7.3288,7.3288,7.3288,7.3288,7.3288,7.3288,7.3288,7.3288,7.3288,7.3288,7.3288,7.3288,7.3288,7.3288,7.3288,7.3288,7.3288,7.3288,7.3288,7.3288,7.3288,7.3288,7.3288,7.3288,7.3288,7.3288,7.3288,7.3288,7.3288,7.3288,7.3288,7.3288,7.3288,7.3288,7.3288,7.3288,7.3288,7.3288,7.3288,7.3288,7.3288,7.3288,7.3288,7.3288,7.3288,7.3288,7.3288,7.3288,7.3288,7.3288,7.3288,7.3288,7.3288,7.3288,7.3288,7.3288,7.3288,7.3288,7.3288,7.3288,7.3288,7.3288,7.3288,7.3288,7.3288,7.3288,7.3288,7.3288,7.3288,7.3288,7.3288,7.3288,7.3288,7.3288,7.3288,7.3288,7.3288,7.3288,7.3288,7.3288,7.3288,7.3288,7.3288,7.3288,7.3288,7.3288,7.3288,7.3288,7.3288,7.3288,7.3288,7.3288,7.3288,7.3288,7.3288,7.3288,7.3288,7.3288,7.3288,7.3288,7.3288,7.3288,7.3288,7.3288,7.3288,7.3288,7.3288,7.3288,7.3288,7.3288,7.3288,7.3288,7.3288,7.3288,7.3288,7.3288
7.3224,7.3224,7.3224,7.3224,7.3224,7.3224,7.3224,7.3224,7.3224,7.3224,7.3224,7.3224,7.3224,7.3224,7.3224,7.3224,7.3224,7.3224,7.3224,7.3224,7.3224,7.3224,7.3224,7.3224,7.3224,7.3224,7.3224,7.3224,7.3224,7.3224,7.3224,7.3224,7.3224,7.3224,7.3224,7.3224,7.3224,7.3224,7.3224,7.3224,7.3224,7.3224,7.3224,7.3224,7.3224,7.3224,7.3224,7.3224,7.3224,7.3224,7.3224,7.3224,7.3224,7.3224,7.3224,7.3224,7.3224,7.3224,7.3224,7.3224,7.3224,7.3224,7.3224,7.3224,7.3224,7.3224,7.3224,7.3224,7.3224,7.3224,7.3224,7.3224,7.3224,7.3224,7.3224,7.3224,7.3224,7.3224,7.3224,7.3224,7.3224,7.3224,7.3224,7.3224,7.3224,7.3224,7.3224,7.3224,7.3224,7.3224,7.3224,7.3224,7.3224,7.3224,7.3224,7.3224,7.3224,7.3224,7.3224,7.3224,7.3224,7.3224,7.3224,7.3224,7.3224,7.3224,7.3224,7.3224,7.3224,7.3224,7.3224,7.3224,7.3224,7.3224,7.3224,7.3224,7.3224,7.3224,7.3224,7.3224,7.3224,7.3224,7.3224,7.3224,7.3224,7.3224,7.3224,7.3224,7.3224,7.3224,7.3224,7.3224,7.3224,7.3224,7.3224,7.3224,7.3224,7.3224,7.3224,7.3224,7.3224,7.3224,7.3224,7.3224,7.3224,7.3224,7.3224,7.3224,7.3224,7.3224,7.3224,7.3224,7.3224,7.3224,7.3224,7.3224,7.3224,7.3224,7.3224,7.3224,7.3224,7.3224,7.3224,7.3224,7.3224,7.3224,7.3224,7.3224,7.3224,7.3224,7.3224,7.3224,7.3224,7.3224,7.3224,7.3224,7.3224,7.3224,7.3224,7.3224,7.3224,7.3224,7.3224,7.3224,7.3224,7.3224,7.3224,7.3224,7.3224,7.3224,7.3224,7.3224,7.3224,7.3224,7.3224,7.3224,7.3224,7.3224,7.3224,7.3224,7.3224,7.3224,7.3224,7.3224,7.3224,7.3224,7.3224,7.3224,7.3224,7.3224,7.3224,7.3224,7.3224,7.3224,7.3224,7.3224,7.3224,7.3224,7.3224,7.3224,7.3224,7.3224,7.3224,7.3224,7.3224,7.3224,7.3224,7.3224,7.3224,7.3224,7.3224,7.3224,7.3224,7.3224,7.3224,7.3224,7.3224,7.3224,7.3224,7.3224,7.3224,7.3224,7.3224,7.3224,7.3224,7.3224,7.3224,7.3224,7.3224,7.3224,7.3224,7.3224,7.3224,7.3224,7.3224,7.3224,7.3224,7.3224,7.3224,7.3224,7.3224,7.3224,7.3224,7.3224,7.3224,7.3224,7.3224,7.3224,7.3224,7.3224,7.3224,7.3224,7.3224,7.3224,7.3224,7.3224,7.3224,7.3224,7.3224,7.3224,7.3224,7.3224,7.3224,7.3224,7.3224,7.3224,7.3224,7.3224,7.3224,7.3224,7.3224,7.3224,7.3224,7.3224,7.3224,7.3224,7.3224,7.3224,7.3224,7.3224,7.3224,7.3224,7.3224,7.3224,7.3224,7.3224,7.3224,7.3224,7.3224,7.3224,7.3224,7.3224,7.3224,7.3224,7.3224,7.3224,7.3224,7.3224,7.3224,7.3224,7.3224,7.3224,7.3224,7.3224,7.3224,7.3224,7.3224,7.3224,7.3224,7.3224,7.3224,7.3224,7.3224,7.3224,7.3224,7.3224,7.3224,7.3224,7.3224,7.3224,7.3224,7.3224,7.3224,7.3224,7.3224,7.3224,7.3224,7.3224,7.3224,7.3224,7.3224,7.3224,7.3224,7.3224,7.3224,7.3224,7.3224,7.3224,7.3224,7.3224,7.3224,7.3224,7.3224,7.3224,7.3224,7.3224,7.3224,7.3224,7.3224,7.3224,7.3224,7.3224,7.3224,7.3224,7.3224,7.3224,7.3224,7.3224,7.3224,7.3224,7.3224,7.3224,7.3224,7.3224,7.3224,7.3224,7.3224,7.3224,7.3224,7.3224,7.3224,6.0495,6.0138,5.9784,5.9450,5.9395,5.9343,5.9288,5.9236,5.9182,5.9130,5.9076,5.9024,5.8970,5.8918,5.8864,5.8813,5.8759,5.8708,5.8655,5.8601,5.8550,5.8512,5.8503,5.8495,5.8487,5.8479,5.8471,5.8465,5.8457,5.8448,5.8440,5.8432,5.8424,5.8416,5.8408,5.8400,5.8392,5.8383,5.8375,5.8367,5.8361,5.8351,5.8343,5.8335,5.8327,5.8319,5.8310,5.8313,5.8337,5.8359,5.8383,5.8406,5.8428,5.8453,5.8475,5.8497,5.8522,5.8544,5.8567,5.8591,5.8614,5.8636,5.8661,5.8683,5.8706,5.8729,5.8753,5.8776,5.8798,5.8821,5.8846,5.8868,5.8912,5.8988,5.9065,5.9142,5.9217,5.9295,5.9372,5.9450,5.9528,5.9606,5.9684,5.9763,5.9844,5.9925,6.0011,6.0090,6.0241,6.0744,6.1276,6.7232,6.7206,6.7179,6.7157,6.7130,6.7104,6.7071,6.7050,6.7023,6.6994,6.6964,6.6938,6.6908,6.6882,6.6847,6.6823,6.6791,6.6762,6.6736,6.6712,6.6669,6.6616,6.6606,6.6606,6.6603,6.6606,6.6609,6.6611,6.6619,6.6622,6.6624,6.6624,6.6627,6.6630,6.6632,6.6635,6.6638,6.6640,6.6643,6.6646,6.6648,6.6651,6.6653,6.6659,6.6661,6.6680,6.6736,6.6791,6.6842,6.6903,6.6962,6.7018,6.7074,6.7133,6.7189,6.7249,6.7300,6.7357,6.7416,6.7476,6.7524,6.7584,6.7693,6.7973,6.8246,6.8530,6.8834,7.3224,7.3224,7.3224,7.3224,7.3224,7.3224,7.3224,7.3224,7.3224,7.3224,7.3224,7.3224,7.3224,7.3224,7.3224,7.3224,7.3224,7.3224,7.3224,7.3224,7.3224,7.3224,7.3224,7.3224,7.3224,7.3224,7.3224,7.3224,7.3224,7.3224,7.3224,7.3224,7.3224,7.3224,7.3224,7.3224,7.3224,7.3224,7.3224,7.3224,7.3224,7.3224,7.3224,7.3224,7.3224,7.3224,7.3224,7.3224,7.3224,7.3224,7.3224,7.3224,7.3224,7.3224,7.3224,7.3224,7.3224,7.3224,7.3224,7.3224,7.3224,7.3224,7.3224,7.3224,7.3224,7.3224,7.3224,7.3224,7.3224,7.3224,7.3224,7.3224,7.3224,7.3224,7.3224,7.3224,7.3224,7.3224,7.3224,7.3224,7.3224,7.3224,7.3224,7.3224,7.3224,7.3224,7.3224,7.3224,7.3224,7.3224,7.3224,7.3224,7.3224,7.3224,7.3224,7.3224,7.3224,7.3224,7.3224,7.3224,7.3224,7.3224,7.3224,7.3224,7.3224,7.3224,7.3224,7.3224,7.3224,7.3224,7.3224,7.3224,7.3224,7.3224,7.3224,7.3224,7.3224,7.3224,7.3224,7.3224,7.3224,7.3224,7.3224,7.3224,7.3224,7.3224,7.3224,7.3224,7.3224,7.3224,7.3224,7.3224,7.3224,7.3224,7.3224,7.3224,7.3224,7.3224,7.3224,7.3224,7.3224,7.3224,7.3224,7.3224,7.3224,7.3224,7.3224,7.3224,7.3224,7.3224,7.3224,7.3224,7.3224,7.3224,7.3224,7.3224,7.3224,7.3224,7.3224,7.3224,7.3224,7.3224,7.3224,7.3224,7.3224,7.3224,7.3224,7.3224,7.3224,7.3224,7.3224,7.3224,7.3224,7.3224,7.3224,7.3224,7.3224,7.3224,7.3224,7.3224,7.3224,7.3224,7.3224,7.3224,7.3224,7.3224,7.3224,7.3224,7.3224,7.3224,7.3224,7.3224,7.3224,7.3224,7.3224,7.3224,7.3224,7.3224,7.3224,7.3224,7.3224,7.3224,7.3224,7.3224,7.3224,7.3224,7.3224,7.3224,7.3224,7.3224,7.3224,7.3224,7.3224,7.3224,7.3224,7.3224,7.3224,7.3224,7.3224,7.3224,7.3224,7.3224,7.3224,7.3224,7.3224,7.3224,7.3224,7.3224,7.3224,7.3224,7.3224,7.3224,7.3224,7.3224,7.3224,7.3224,7.3224,7.3224,7.3224,7.3224,7.3224,7.3224,7.3224,7.3224,7.3224,7.3224,7.3224,7.3224,7.3224,7.3224,7.3224,7.3224,7.3224,7.3224,7.3224,7.3224,7.3224,7.3224,7.3224,7.3224,7.3224,7.3224,7.3224,7.3224,7.3224,7.3224,7.3224,7.3224,7.3224,7.3224,7.3224,7.3224,7.3224,7.3224,7.3224,7.3224,7.3224,7.3224,7.3224,7.3224,7.3224,7.3224,7.3224,7.3224,7.3224,7.3224,7.3224,7.3224,7.3224,7.3224,7.3224,7.3224,7.3224,7.3224,7.3224,7.3224,7.3224,7.3224,7.3224,7.3224,7.3224,7.3224,7.3224,7.3224,7.3224,7.3224,7.3224,7.3224,7.3224,7.3224,7.3224,7.3224,7.3224,7.3224,7.3224,7.3224,7.3224,7.3224,7.3224,7.3224,7.3224,7.3224,7.3224,7.3224,7.3224,7.3224,7.3224,7.3224,7.3224,7.3224,7.3224,7.3224,7.3224,7.3224,7.3224,7.3224,7.3224,7.3224,7.3224,7.3224,7.3224,7.3224,7.3224,7.3224,7.3224,7.3224,7.3224,7.3224,7.3224,7.3224,7.3224,7.3224,7.3224,7.3224,7.3224,7.3224,7.3224,7.3224,7.3224,7.3224,7.3224,7.3224,7.3224,7.3224,7.3224,7.3224,7.3224,7.3224,7.3224,7.3224,7.3224,7.3224,7.3224,7.3224,7.3224,7.3224,7.3224,7.3224,7.3224,7.3224,7.3224,7.3224,7.3224,7.3224,7.3224,7.3224,7.3224,7.3224,7.3224,7.3224,7.3224,7.3224,7.3224,7.3224,7.3224,7.3224,7.3224,7.3224,7.3224,7.3224,7.3224,7.3224,7.3224,7.3224,7.3224,7.3224,7.3224,7.3224,7.3224,7.3224,7.3224
7.3170,7.3170,7.3170,7.3170,7.3170,7.3170,7.3170,7.3170,7.3170,7.3170,7.3170,7.3170,7.3170,7.3170,7.3170,7.3170,7.3170,7.3170,7.3170,7.3170,7.3170,7.3170,7.3170,7.3170,7.3170,7.3170,7.3170,7.3170,7.3170,7.3170,7.3170,7.3170,7.3170,7.3170,7.3170,7.3170,7.3170,7.3170,7.3170,7.3170,7.3170,7.3170,7.3170,7.3170,7.3170,7.3170,7.3170,7.3170,7.3170,7.3170,7.3170,7.3170,7.3170,7.3170,7.3170,7.3170,7.3170,7.3170,7.3170,7.3170,7.3170,7.3170,7.3170,7.3170,7.3170,7.3170,7.3170,7.3170,7.3170,7.3170,7.3170,7.3170,7.3170,7.3170,7.3170,7.3170,7.3170,7.3170,7.3170,7.3170,7.3170,7.3170,7.3170,7.3170,7.3170,7.3170,7.3170,7.3170,7.3170,7.3170,7.3170,7.3170,7.3170,7.3170,7.3170,7.3170,7.3170,7.3170,7.3170,7.3170,7.3170,7.3170,7.3170,7.3170,7.3170,7.3170,7.3170,7.3170,7.3170,7.3170,7.3170,7.3170,7.3170,7.3170,7.3170,7.3170,7.3170,7.3170,7.3170,7.3170,7.3170,7.3170,7.3170,7.3170,7.3170,7.3170,7.3170,7.3170,7.3170,7.3170,7.3170,7.3170,7.3170,7.3170,7.3170,7.3170,7.3170,7.3170,7.3170,7.3170,7.3170,7.3170,7.3170,7.3170,7.3170,7.3170,7.3170,7.3170,7.3170,7.3170,7.3170,7.3170,7.3170,7.3170,7.3170,7.3170,7.3170,7.3170,7.3170,7.3170,7.3170,7.3170,7.3170,7.3170,7.3170,7.3170,7.3170,7.3170,7.3170,7.3170,7.3170,7.3170,7.3170,7.3170,7.3170,7.3170,7.3170,7.3170,7.3170,7.3170,7.3170,7.3170,7.3170,7.3170,7.3170,7.3170,7.3170,7.3170,7.3170,7.3170,7.3170,7.3170,7.3170,7.3170,7.3170,7.3170,7.3170,7.3170,7.3170,7.3170,7.3170,7.3170,7.3170,7.3170,7.3170,7.3170,7.3170,7.3170,7.3170,7.3170,7.3170,7.3170,7.3170,7.3170,7.3170,7.3170,7.3170,7.3170,7.3170,7.3170,7.3170,7.3170,7.3170,7.3170,7.3170,7.3170,7.3170,7.3170,7.3170,7.3170,7.3170,7.3170,7.3170,7.3170,7.3170,7.3170,7.3170,7.3170,7.3170,7.3170,7.3170,7.3170,7.3170,7.3170,7.3170,7.3170,7.3170,7.3170,7.3170,7.3170,7.3170,7.3170,7.3170,7.3170,7.3170,7.3170,7.3170,7.3170,7.3170,7.3170,7.3170,7.3170,7.3170,7.3170,7.3170,7.3170,7.3170,7.3170,7.3170,7.3170,7.3170,7.3170,7.3170,7.3170,7.3170,7.3170,7.3170,7.3170,7.3170,7.3170,7.3170,7.3170,7.3170,7.3170,7.3170,7.3170,7.3170,7.3170,7.3170,7.3170,7.3170,7.3170,7.3170,7.3170,7.3170,7.3170,7.3170,7.3170,7.3170,7.3170,7.3170,7.3170,7.3170,7.3170,7.3170,7.3170,7.3170,7.3170,7.3170,7.3170,7.3170,7.3170,7.3170,7.3170,7.3170,7.3170,7.3170,7.3170,7.3170,7.3170,7.3170,7.3170,7.3170,7.3170,7.3170,7.3170,7.3170,7.3170,7.3170,7.3170,7.3170,7.3170,7.3170,7.3170,7.3170,7.3170,7.3170,7.3170,7.3170,7.3170,7.3170,7.3170,7.3170,7.3170,7.3170,7.3170,7.3170,7.3170,7.3170,7.3170,7.3170,7.3170,7.3170,7.3170,7.3170,7.3170,7.3170,7.3170,7.3170,7.3170,7.3170,7.3170,7.3170,7.3170,7.3170,7.3170,7.3170,7.3170,7.3170,7.3170,7.3170,7.3170,7.3170,7.3170,7.3170,7.3170,7.3170,7.3170,7.3170,7.3170,7.3170,7.3170,7.3170,7.3170,7.3170,7.3170,7.3170,7.3170,7.3170,7.3170,6.0751,6.0358,6.0004,5.9653,5.9420,5.9366,5.9313,5.9259,5.9207,5.9153,5.9101,5.9046,5.8995,5.8941,5.8889,5.8835,5.8784,5.8731,5.8679,5.8626,5.8575,5.8522,5.8497,5.8491,5.8483,5.8475,5.8467,5.8459,5.8451,5.8442,5.8434,5.8426,5.8418,5.8412,5.8402,5.8394,5.8385,5.8377,5.8369,5.8361,5.8353,5.8349,5.8341,5.8331,5.8323,5.8315,5.8306,5.8298,5.8310,5.8335,5.8357,5.8379,5.8404,5.8426,5.8448,5.8473,5.8495,5.8518,5.8542,5.8565,5.8587,5.8612,5.8634,5.8657,5.8681,5.8704,5.8726,5.8751,5.8774,5.8796,5.8819,5.8844,5.8866,5.8926,5.9003,5.9080,5.9157,5.9234,5.9311,5.9387,5.9465,5.9543,5.9621,5.9699,5.9778,5.9857,5.9938,6.0019,6.0103,6.0495,6.1005,6.1553,6.7224,6.7198,6.7165,6.7144,6.7117,6.7087,6.7061,6.7034,6.7013,6.6983,6.6954,6.6922,6.6898,6.6866,6.6842,6.6813,6.6786,6.6757,6.6730,6.6696,6.6672,6.6646,6.6635,6.6646,6.6651,6.6656,6.6659,6.6661,6.6664,6.6661,6.6664,6.6672,6.6675,6.6677,6.6677,6.6680,6.6688,6.6691,6.6688,6.6696,6.6693,6.6701,6.6704,6.6701,6.6709,6.6717,6.6775,6.6831,6.6884,6.6946,6.7004,6.7061,6.7112,6.7171,6.7224,6.7278,6.7330,6.7389,6.7443,6.7497,6.7552,6.7601,6.7764,6.8044,6.8321,6.8606,6.8918,7.3170,7.3170,7.3170,7.3170,7.3170,7.3170,7.3170,7.3170,7.3170,7.3170,7.3170,7.3170,7.3170,7.3170,7.3170,7.3170,7.3170,7.3170,7.3170,7.3170,7.3170,7.3170,7.3170,7.3170,7.3170,7.3170,7.3170,7.3170,7.3170,7.3170,7.3170,7.3170,7.3170,7.3170,7.3170,7.3170,7.3170,7.3170,7.3170,7.3170,7.3170,7.3170,7.3170,7.3170,7.3170,7.3170,7.3170,7.3170,7.3170,7.3170,7.3170,7.3170,7.3170,7.3170,7.3170,7.3170,7.3170,7.3170,7.3170,7.3170,7.3170,7.3170,7.3170,7.3170,7.3170,7.3170,7.3170,7.3170,7.3170,7.3170,7.3170,7.3170,7.3170,7.3170,7.3170,7.3170,7.3170,7.3170,7.3170,7.3170,7.3170,7.3170,7.3170,7.3170,7.3170,7.3170,7.3170,7.3170,7.3170,7.3170,7.3170,7.3170,7.3170,7.3170,7.3170,7.3170,7.3170,7.3170,7.3170,7.3170,7.3170,7.3170,7.3170,7.3170,7.3170,7.3170,7.3170,7.3170,7.3170,7.3170,7.3170,7.3170,7.3170,7.3170,7.3170,7.3170,7.3170,7.3170,7.3170,7.3170,7.3170,7.3170,7.3170,7.3170,7.3170,7.3170,7.3170,7.3170,7.3170,7.3170,7.3170,7.3170,7.3170,7.3170,7.3170,7.3170,7.3170,7.3170,7.3170,7.3170,7.3170,7.3170,7.3170,7.3170,7.3170,7.3170,7.3170,7.3170,7.3170,7.3170,7.3170,7.3170,7.3170,7.3170,7.3170,7.3170,7.3170,7.3170,7.3170,7.3170,7.3170,7.3170,7.3170,7.3170,7.3170,7.3170,7.3170,7.3170,7.3170,7.3170,7.3170,7.3170,7.3170,7.3170,7.3170,7.3170,7.3170,7.3170,7.3170,7.3170,7.3170,7.3170,7.3170,7.3170,7.3170,7.3170,7.3170,7.3170,7.3170,7.3170,7.3170,7.3170,7.3170,7.3170,7.3170,7.3170,7.3170,7.3170,7.3170,7.3170,7.3170,7.3170,7.3170,7.3170,7.3170,7.3170,7.3170,7.3170,7.3170,7.3170,7.3170,7.3170,7.3170,7.3170,7.3170,7.3170,7.3170,7.3170,7.3170,7.3170,7.3170,7.3170,7.3170,7.3170,7.3170,7.3170,7.3170,7.3170,7.3170,7.3170,7.3170,7.3170,7.3170,7.3170,7.3170,7.3170,7.3170,7.3170,7.3170,7.3170,7.3170,7.3170,7.3170,7.3170,7.3170,7.3170,7.3170,7.3170,7.3170,7.3170,7.3170,7.3170,7.3170,7.3170,7.3170,7.3170,7.3170,7.3170,7.3170,7.3170,7.3170,7.3170,7.3170,7.3170,7.3170,7.3170,7.3170,7.3170,7.3170,7.3170,7.3170,7.3170,7.3170,7.3170,7.3170,7.3170,7.3170,7.3170,7.3170,7.3170,7.3170,7.3170,7.3170,7.3170,7.3170,7.3170,7.3170,7.3170,7.3170,7.3170,7.3170,7.3170,7.3170,7.3170,7.3170,7.3170,7.3170,7.3170,7.3170,7.3170,7.3170,7.3170,7.3170,7.3170,7.3170,7.3170,7.3170,7.3170,7.3170,7.3170,7.3170,7.3170,7.3170,7.3170,7.3170,7.3170,7.3170,7.3170,7.3170,7.3170,7.3170,7.3170,7.3170,7.3170,7.3170,7.3170,7.3170,7.3170,7.3170,7.3170,7.3170,7.3170,7.3170,7.3170,7.3170,7.3170,7.3170,7.3170,7.3170,7.3170,7.3170,7.3170,7.3170,7.3170,7.3170,7.3170,7.3170,7.3170,7.3170,7.3170,7.3170,7.3170,7.3170,7.3170,7.3170,7.3170,7.3170,7.3170,7.3170,7.3170,7.3170,7.3170,7.3170,7.3170,7.3170,7.3170,7.3170,7.3170,7.3170,7.3170,7.3170,7.3170,7.3170,7.3170,7.3170,7.3170,7.3170,7.3170,7.3170,7.3170,7.3170,7.3170,7.3170,7.3170,7.3170,7.3170,7.3170,7.3170,7.3170,7.3170,7.3170,7.3170,7.3170,7.3170,7.3170,7.3170,7.3170,7.3170,7.3170,7.3170,7.3170,7.3170,7.3170,7.3170,7.3170,7.3170,7.3170,7.3170,7.3170,7.3170,7.3170
7.3110,7.3110,7.3110,7.3110,7.3110,7.3110,7.3110,7.3110,7.3110,7.3110,7.3110,7.3110,7.3110,7.3110,7.3110,7.3110,7.3110,7.3110,7.3110,7.3110,7.3110,7.3110,7.3110,7.3110,7.3110,7.3110,7.3110,7.3110,7.3110,7.3110,7.3110,7.3110,7.3110,7.3110,7.3110,7.3110,7.3110,7.3110,7.3110,7.3110,7.3110,7.3110,7.3110,7.3110,7.3110,7.3110,7.3110,7.3110,7.3110,7.3110,7.3110,7.3110,7.3110,7.3110,7.3110,7.3110,7.3110,7.3110,7.3110,7.3110,7.3110,7.3110,7.3110,7.3110,7.3110,7.3110,7.3110,7.3110,7.3110,7.3110,7.3110,7.3110,7.3110,7.3110,7.3110,7.3110,7.3110,7.3110,7.3110,7.3110,7.3110,7.3110,7.3110,7.3110,7.3110,7.3110,7.3110,7.3110,7.3110,7.3110,7.3110,7.3110,7.3110,7.3110,7.3110,7.3110,7.3110,7.3110,7.3110,7.3110,7.3110,7.3110,7.3110,7.3110,7.3110,7.3110,7.3110,7.3110,7.3110,7.3110,7.3110,7.3110,7.3110,7.3110,7.3110,7.3110,7.3110,7.3110,7.3110,7.3110,7.3110,7.3110,7.3110,7.3110,7.3110,7.3110,7.3110,7.3110,7.3110,7.3110,7.3110,7.3110,7.3110,7.3110,7.3110,7.3110,7.3110,7.3110,7.3110,7.3110,7.3110,7.3110,7.3110,7.3110,7.3110,7.3110,7.3110,7.3110,7.3110,7.3110,7.3110,7.3110,7.3110,7.3110,7.3110,7.3110,7.3110,7.3110,7.3110,7.3110,7.3110,7.3110,7.3110,7.3110,7.3110,7.3110,7.3110,7.3110,7.3110,7.3110,7.3110,7.3110,7.3110,7.3110,7.3110,7.3110,7.3110,7.3110,7.3110,7.3110,7.3110,7.3110,7.3110,7.3110,7.3110,7.3110,7.3110,7.3110,7.3110,7.3110,7.3110,7.3110,7.3110,7.3110,7.3110,7.3110,7.3110,7.3110,7.3110,7.3110,7.3110,7.3110,7.3110,7.3110,7.3110,7.3110,7.3110,7.3110,7.3110,7.3110,7.3110,7.3110,7.3110,7.3110,7.3110,7.3110,7.3110,7.3110,7.3110,7.3110,7.3110,7.3110,7.3110,7.3110,7.3110,7.3110,7.3110,7.3110,7.3110,7.3110,7.3110,7.3110,7.3110,7.3110,7.3110,7.3110,7.3110,7.3110,7.3110,7.3110,7.3110,7.3110,7.3110,7.3110,7.3110,7.3110,7.3110,7.3110,7.3110,7.3110,7.3110,7.3110,7.3110,7.3110,7.3110,7.3110,7.3110,7.3110,7.3110,7.3110,7.3110,7.3110,7.3110,7.3110,7.3110,7.3110,7.3110,7.3110,7.3110,7.3110,7.3110,7.3110,7.3110,7.3110,7.3110,7.3110,7.3110,7.3110,7.3110,7.3110,7.3110,7.3110,7.3110,7.3110,7.3110,7.3110,7.3110,7.3110,7.3110,7.3110,7.3110,7.3110,7.3110,7.3110,7.3110,7.3110,7.3110,7.3110,7.3110,7.3110,7.3110,7.3110,7.3110,7.3110,7.3110,7.3110,7.3110,7.3110,7.3110,7.3110,7.3110,7.3110,7.3110,7.3110,7.3110,7.3110,7.3110,7.3110,7.3110,7.3110,7.3110,7.3110,7.3110,7.3110,7.3110,7.3110,7.3110,7.3110,7.3110,7.3110,7.3110,7.3110,7.3110,7.3110,7.3110,7.3110,7.3110,7.3110,7.3110,7.3110,7.3110,7.3110,7.3110,7.3110,7.3110,7.3110,7.3110,7.3110,7.3110,7.3110,7.3110,7.3110,7.3110,7.3110,7.3110,7.3110,7.3110,7.3110,7.3110,7.3110,7.3110,7.3110,7.3110,7.3110,7.3110,7.3110,7.3110,7.3110,7.3110,7.3110,7.3110,7.3110,7.3110,7.3110,7.3110,7.3110,7.3110,7.3110,7.3110,7.3110,7.3110,7.3110,7.3110,7.3110,7.3110,7.3110,7.3110,7.3110,7.3110,7.3110,6.0580,6.0226,5.9872,5.9524,5.9391,5.9339,5.9284,5.9232,5.9178,5.9125,5.9071,5.9020,5.8966,5.8914,5.8860,5.8807,5.8755,5.8702,5.8651,5.8597,5.8546,5.8493,5.8485,5.8477,5.8469,5.8461,5.8453,5.8444,5.8436,5.8428,5.8420,5.8412,5.8404,5.8398,5.8388,5.8379,5.8373,5.8365,5.8357,5.8349,5.8341,5.8333,5.8325,5.8317,5.8308,5.8300,5.8292,5.8286,5.8308,5.8333,5.8355,5.8377,5.8404,5.8424,5.8446,5.8471,5.8493,5.8516,5.8540,5.8563,5.8585,5.8610,5.8632,5.8655,5.8679,5.8702,5.8724,5.8747,5.8772,5.8794,5.8817,5.8842,5.8864,5.8941,5.9017,5.9094,5.9171,5.9249,5.9326,5.9404,5.9481,5.9557,5.9636,5.9714,5.9793,5.9872,5.9951,6.0032,6.0248,6.0751,6.1279,6.7232,6.7211,6.7184,6.7155,6.7128,6.7106,6.7079,6.7047,6.7026,6.6994,6.6972,6.6938,6.6916,6.6887,6.6855,6.6831,6.6802,6.6775,6.6746,6.6720,6.6685,6.6656,6.6635,6.6640,6.6648,6.6653,6.6661,6.6667,6.6672,6.6672,6.6683,6.6691,6.6696,6.6701,6.6706,6.6712,6.6717,6.6720,6.6730,6.6736,6.6741,6.6738,6.6741,6.6749,6.6746,6.6749,6.6757,6.6813,6.6874,6.6924,6.6978,6.7031,6.7090,6.7138,6.7192,6.7246,6.7305,6.7354,6.7408,6.7462,6.7519,6.7573,6.7622,6.7833,6.8113,6.8402,6.8693,7.3110,7.3110,7.3110,7.3110,7.3110,7.3110,7.3110,7.3110,7.3110,7.3110,7.3110,7.3110,7.3110,7.3110,7.3110,7.3110,7.3110,7.3110,7.3110,7.3110,7.3110,7.3110,7.3110,7.3110,7.3110,7.3110,7.3110,7.3110,7.3110,7.3110,7.3110,7.3110,7.3110,7.3110,7.3110,7.3110,7.3110,7.3110,7.3110,7.3110,7.3110,7.3110,7.3110,7.3110,7.3110,7.3110,7.3110,7.3110,7.3110,7.3110,7.3110,7.3110,7.3110,7.3110,7.3110,7.3110,7.3110,7.3110,7.3110,7.3110,7.3110,7.3110,7.3110,7.3110,7.3110,7.3110,7.3110,7.3110,7.3110,7.3110,7.3110,7.3110,7.3110,7.3110,7.3110,7.3110,7.3110,7.3110,7.3110,7.3110,7.3110,7.3110,7.3110,7.3110,7.3110,7.3110,7.3110,7.3110,7.3110,7.3110,7.3110,7.3110,7.3110,7.3110,7.3110,7.3110,7.3110,7.3110,7.3110,7.3110,7.3110,7.3110,7.3110,7.3110,7.3110,7.3110,7.3110,7.3110,7.3110,7.3110,7.3110,7.3110,7.3110,7.3110,7.3110,7.3110,7.3110,7.3110,7.3110,7.3110,7.3110,7.3110,7.3110,7.3110,7.3110,7.3110,7.3110,7.3110,7.3110,7.3110,7.3110,7.3110,7.3110,7.3110,7.3110,7.3110,7.3110,7.3110,7.3110,7.3110,7.3110,7.3110,7.3110,7.3110,7.3110,7.3110,7.3110,7.3110,7.3110,7.3110,7.3110,7.3110,7.3110,7.3110,7.3110,7.3110,7.3110,7.3110,7.3110,7.3110,7.3110,7.3110,7.3110,7.3110,7.3110,7.3110,7.3110,7.3110,7.3110,7.3110,7.3110,7.3110,7.3110,7.3110,7.3110,7.3110,7.3110,7.3110,7.3110,7.3110,7.3110,7.3110,7.3110,7.3110,7.3110,7.3110,7.3110,7.3110,7.3110,7.3110,7.3110,7.3110,7.3110,7.3110,7.3110,7.3110,7.3110,7.3110,7.3110,7.3110,7.3110,7.3110,7.3110,7.3110,7.3110,7.3110,7.3110,7.3110,7.3110,7.3110,7.3110,7.3110,7.3110,7.3110,7.3110,7.3110,7.3110,7.3110,7.3110,7.3110,7.3110,7.3110,7.3110,7.3110,7.3110,7.3110,7.3110,7.3110,7.3110,7.3110,7.3110,7.3110,7.3110,7.3110,7.3110,7.3110,7.3110,7.3110,7.3110,7.3110,7.3110,7.3110,7.3110,7.3110,7.3110,7.3110,7.3110,7.3110,7.3110,7.3110,7.3110,7.3110,7.3110,7.3110,7.3110,7.3110,7.3110,7.3110,7.3110,7.3110,7.3110,7.3110,7.3110,7.3110,7.3110,7.3110,7.3110,7.3110,7.3110,7.3110,7.3110,7.3110,7.3110,7.3110,7.3110,7.3110,7.3110,7.3110,7.3110,7.3110,7.3110,7.3110,7.3110,7.3110,7.3110,7.3110,7.3110,7.3110,7.3110,7.3110,7.3110,7.3110,7.3110,7.3110,7.3110,7.3110,7.3110,7.3110,7.3110,7.3110,7.3110,7.3110,7.3110,7.3110,7.3110,7.3110,7.3110,7.3110,7.3110,7.3110,7.3110,7.3110,7.3110,7.3110,7.3110,7.3110,7.3110,7.3110,7.3110,7.3110,7.3110,7.3110,7.3110,7.3110,7.3110,7.3110,7.3110,7.3110,7.3110,7.3110,7.3110,7.3110,7.3110,7.3110,7.3110,7.3110,7.3110,7.3110,7.3110,7.3110,7.3110,7.3110,7.3110,7.3110,7.3110,7.3110,7.3110,7.3110,7.3110,7.3110,7.3110,7.3110,7.3110,7.3110,7.3110,7.3110,7.3110,7.3110,7.3110,7.3110,7.3110,7.3110,7.3110,7.3110,7.3110,7.3110,7.3110,7.3110,7.3110,7.3110,7.3110,7.3110,7.3110,7.3110,7.3110,7.3110,7.3110,7.3110,7.3110,7.3110,7.3110,7.3110,7.3110,7.3110,7.3110,7.3110,7.3110,7.3110,7.3110,7.3110,7.3110,7.3110,7.3110,7.3110,7.3110,7.3110,7.3110,7.3110,7.3110,7.3110,7.3110,7.3110,7.3110,7.3110,7.3110,7.3110,7.3110,7.3110,7.3110,7.3110,7.3110,7.3110
7.3043,7.3043,7.3043,7.3043,7.3043,7.3043,7.3043,7.3043,7.3043,7.3043,7.3043,7.3043,7.3043,7.3043,7.3043,7.3043,7.3043,7.3043,7.3043,7.3043,7.3043,7.3043,7.3043,7.3043,7.3043,7.3043,7.3043,7.3043,7.3043,7.3043,7.3043,7.3043,7.3043,7.3043,7.3043,7.3043,7.3043,7.3043,7.3043,7.3043,7.3043,7.3043,7.3043,7.3043,7.3043,7.3043,7.3043,7.3043,7.3043,7.3043,7.3043,7.3043,7.3043,7.3043,7.3043,7.3043,7.3043,7.3043,7.3043,7.3043,7.3043,7.3043,7.3043,7.3043,7.3043,7.3043,7.3043,7.3043,7.3043,7.3043,7.3043,7.3043,7.3043,7.3043,7.3043,7.3043,7.3043,7.3043,7.3043,7.3043,7.3043,7.3043,7.3043,7.3043,7.3043,7.3043,7.3043,7.3043,7.3043,7.3043,7.3043,7.3043,7.3043,7.3043,7.3043,7.3043,7.3043,7.3043,7.3043,7.3043,7.3043,7.3043,7.3043,7.3043,7.3043,7.3043,7.3043,7.3043,7.3043,7.3043,7.3043,7.3043,7.3043,7.3043,7.3043,7.3043,7.3043,7.3043,7.3043,7.3043,7.3043,7.3043,7.3043,7.3043,7.3043,7.3043,7.3043,7.3043,7.3043,7.3043,7.3043,7.3043,7.3043,7.3043,7.3043,7.3043,7.3043,7.3043,7.3043,7.3043,7.3043,7.3043,7.3043,7.3043,7.3043,7.3043,7.3043,7.3043,7.3043,7.3043,7.3043,7.3043,7.3043,7.3043,7.3043,7.3043,7.3043,7.3043,7.3043,7.3043,7.3043,7.3043,7.3043,7.3043,7.3043,7.3043,7.3043,7.3043,7.3043,7.3043,7.3043,7.3043,7.3043,7.3043,7.3043,7.3043,7.3043,7.3043,7.3043,7.3043,7.3043,7.3043,7.3043,7.3043,7.3043,7.3043,7.3043,7.3043,7.3043,7.3043,7.3043,7.3043,7.3043,7.3043,7.3043,7.3043,7.3043,7.3043,7.3043,7.3043,7.3043,7.3043,7.3043,7.3043,7.3043,7.3043,7.3043,7.3043,7.3043,7.3043,7.3043,7.3043,7.3043,7.3043,7.3043,7.3043,7.3043,7.3043,7.3043,7.3043,7.3043,7.3043,7.3043,7.3043,7.3043,7.3043,7.3043,7.3043,7.3043,7.3043,7.3043,7.3043,7.3043,7.3043,7.3043,7.3043,7.3043,7.3043,7.3043,7.3043,7.3043,7.3043,7.3043,7.3043,7.3043,7.3043,7.3043,7.3043,7.3043,7.3043,7.3043,7.3043,7.3043,7.3043,7.3043,7.3043,7.3043,7.3043,7.3043,7.3043,7.3043,7.3043,7.3043,7.3043,7.3043,7.3043,7.3043,7.3043,7.3043,7.3043,7.3043,7.3043,7.3043,7.3043,7.3043,7.3043,7.3043,7.3043,7.3043,7.3043,7.3043,7.3043,7.3043,7.3043,7.3043,7.3043,7.3043,7.3043,7.3043,7.3043,7.3043,7.3043,7.3043,7.3043,7.3043,7.3043,7.3043,7.3043,7.3043,7.3043,7.3043,7.3043,7.3043,7.3043,7.3043,7.3043,7.3043,7.3043,7.3043,7.3043,7.3043,7.3043,7.3043,7.3043,7.3043,7.3043,7.3043,7.3043,7.3043,7.3043,7.3043,7.3043,7.3043,7.3043,7.3043,7.3043,7.3043,7.3043,7.3043,7.3043,7.3043,7.3043,7.3043,7.3043,7.3043,7.3043,7.3043,7.3043,7.3043,7.3043,7.3043,7.3043,7.3043,7.3043,7.3043,7.3043,7.3043,7.3043,7.3043,7.3043,7.3043,7.3043,7.3043,7.3043,7.3043,7.3043,7.3043,7.3043,7.3043,7.3043,7.3043,7.3043,7.3043,7.3043,7.3043,7.3043,7.3043,7.3043,7.3043,7.3043,7.3043,7.3043,7.3043,7.3043,7.3043,7.3043,7.3043,7.3043,7.3043,7.3043,7.3043,7.3043,7.3043,7.3043,7.3043,7.3043,7.3043,7.3043,7.3043,7.3043,6.0436,6.0092,5.9742,5.9412,5.9360,5.9309,5.9255,5.9203,5.9148,5.9096,5.9042,5.8990,5.8937,5.8885,5.8831,5.8780,5.8726,5.8675,5.8622,5.8571,5.8518,5.8479,5.8471,5.8463,5.8455,5.8446,5.8438,5.8430,5.8422,5.8414,5.8406,5.8400,5.8392,5.8385,5.8375,5.8367,5.8361,5.8351,5.8343,5.8335,5.8329,5.8319,5.8310,5.8302,5.8294,5.8286,5.8278,5.8282,5.8306,5.8331,5.8355,5.8377,5.8400,5.8422,5.8444,5.8467,5.8491,5.8514,5.8536,5.8561,5.8583,5.8606,5.8630,5.8653,5.8675,5.8700,5.8722,5.8745,5.8770,5.8792,5.8815,5.8838,5.8881,5.8957,5.9032,5.9109,5.9186,5.9263,5.9341,5.9418,5.9496,5.9574,5.9653,5.9731,5.9808,5.9887,5.9966,6.0045,6.0499,6.1009,6.1553,6.7222,6.7195,6.7173,6.7146,6.7120,6.7087,6.7061,6.7034,6.7010,6.6988,6.6956,6.6932,6.6900,6.6876,6.6844,6.6815,6.6786,6.6759,6.6730,6.6709,6.6680,6.6651,6.6632,6.6640,6.6648,6.6656,6.6664,6.6669,6.6675,6.6683,6.6688,6.6688,6.6693,6.6704,6.6706,6.6717,6.6722,6.6722,6.6733,6.6738,6.6746,6.6751,6.6757,6.6762,6.6762,6.6775,6.6786,6.6844,6.6892,6.6951,6.7004,6.7053,6.7112,6.7165,6.7219,6.7267,6.7327,6.7381,6.7435,6.7489,6.7538,6.7598,6.7650,6.7912,6.8188,6.8477,6.8772,7.3043,7.3043,7.3043,7.3043,7.3043,7.3043,7.3043,7.3043,7.3043,7.3043,7.3043,7.3043,7.3043,7.3043,7.3043,7.3043,7.3043,7.3043,7.3043,7.3043,7.3043,7.3043,7.3043,7.3043,7.3043,7.3043,7.3043,7.3043,7.3043,7.3043,7.3043,7.3043,7.3043,7.3043,7.3043,7.3043,7.3043,7.3043,7.3043,7.3043,7.3043,7.3043,7.3043,7.3043,7.3043,7.3043,7.3043,7.3043,7.3043,7.3043,7.3043,7.3043,7.3043,7.3043,7.3043,7.3043,7.3043,7.3043,7.3043,7.3043,7.3043,7.3043,7.3043,7.3043,7.3043,7.3043,7.3043,7.3043,7.3043,7.3043,7.3043,7.3043,7.3043,7.3043,7.3043,7.3043,7.3043,7.3043,7.3043,7.3043,7.3043,7.3043,7.3043,7.3043,7.3043,7.3043,7.3043,7.3043,7.3043,7.3043,7.3043,7.3043,7.3043,7.3043,7.3043,7.3043,7.3043,7.3043,7.3043,7.3043,7.3043,7.3043,7.3043,7.3043,7.3043,7.3043,7.3043,7.3043,7.3043,7.3043,7.3043,7.3043,7.3043,7.3043,7.3043,7.3043,7.3043,7.3043,7.3043,7.3043,7.3043,7.3043,7.3043,7.3043,7.3043,7.3043,7.3043,7.3043,7.3043,7.3043,7.3043,7.3043,7.3043,7.3043,7.3043,7.3043,7.3043,7.3043,7.3043,7.3043,7.3043,7.3043,7.3043,7.3043,7.3043,7.3043,7.3043,7.3043,7.3043,7.3043,7.3043,7.3043,7.3043,7.3043,7.3043,7.3043,7.3043,7.3043,7.3043,7.3043,7.3043,7.3043,7.3043,7.3043,7.3043,7.3043,7.3043,7.3043,7.3043,7.3043,7.3043,7.3043,7.3043,7.3043,7.3043,7.3043,7.3043,7.3043,7.3043,7.3043,7.3043,7.3043,7.3043,7.3043,7.3043,7.3043,7.3043,7.3043,7.3043,7.3043,7.3043,7.3043,7.3043,7.3043,7.3043,7.3043,7.3043,7.3043,7.3043,7.3043,7.3043,7.3043,7.3043,7.3043,7.3043,7.3043,7.3043,7.3043,7.3043,7.3043,7.3043,7.3043,7.3043,7.3043,7.3043,7.3043,7.3043,7.3043,7.3043,7.3043,7.3043,7.3043,7.3043,7.3043,7.3043,7.3043,7.3043,7.3043,7.3043,7.3043,7.3043,7.3043,7.3043,7.3043,7.3043,7.3043,7.3043,7.3043,7.3043,7.3043,7.3043,7.3043,7.3043,7.3043,7.3043,7.3043,7.3043,7.3043,7.3043,7.3043,7.3043,7.3043,7.3043,7.3043,7.3043,7.3043,7.3043,7.3043,7.3043,7.3043,7.3043,7.3043,7.3043,7.3043,7.3043,7.3043,7.3043,7.3043,7.3043,7.3043,7.3043,7.3043,7.3043,7.3043,7.3043,7.3043,7.3043,7.3043,7.3043,7.3043,7.3043,7.3043,7.3043,7.3043,7.3043,7.3043,7.3043,7.3043,7.3043,7.3043,7.3043,7.3043,7.3043,7.3043,7.3043,7.3043,7.3043,7.3043,7.3043,7.3043,7.3043,7.3043,7.3043,7.3043,7.3043,7.3043,7.3043,7.3043,7.3043,7.3043,7.3043,7.3043,7.3043,7.3043,7.3043,7.3043,7.3043,7.3043,7.3043,7.3043,7.3043,7.3043,7.3043,7.3043,7.3043,7.3043,7.3043,7.3043,7.3043,7.3043,7.3043,7.3043,7.3043,7.3043,7.3043,7.3043,7.3043,7.3043,7.3043,7.3043,7.3043,7.3043,7.3043,7.3043,7.3043,7.3043,7.3043,7.3043,7.3043,7.3043,7.3043,7.3043,7.3043,7.3043,7.3043,7.3043,7.3043,7.3043,7.3043,7.3043,7.3043,7.3043,7.3043,7.3043,7.3043,7.3043,7.3043,7.3043,7.3043,7.3043,7.3043,7.3043,7.3043,7.3043,7.3043,7.3043,7.3043,7.3043,7.3043,7.3043,7.3043,7.3043,7.3043,7.3043,7.3043,7.3043,7.3043,7.3043,7.3043,7.3043,7.3043,7.3043,7.3043,7.3043,7.3043,7.3043,7.3043,7.3043,7.3043,7.3043,7.3043,7.3043,7.3043,7.3043,7.3043,7.3043,7.3043,7.3043,7.3043,7.3043,7.3043,7.3043
7.2989,7.2989,7.2989,7.2989,7.2989,7.2989,7.2989,7.2989,7.2989,7.2989,7.2989,7.2989,7.2989,7.2989,7.2989,7.2989,7.2989,7.2989,7.2989,7.2989,7.2989,7.2989,7.2989,7.2989,7.2989,7.2989,7.2989,7.2989,7.2989,7.2989,7.2989,7.2989,7.2989,7.2989,7.2989,7.2989,7.2989,7.2989,7.2989,7.2989,7.2989,7.2989,7.2989,7.2989,7.2989,7.2989,7.2989,7.2989,7.2989,7.2989,7.2989,7.2989,7.2989,7.2989,7.2989,7.2989,7.2989,7.2989,7.2989,7.2989,7.2989,7.2989,7.2989,7.2989,7.2989,7.2989,7.2989,7.2989,7.2989,7.2989,7.2989,7.2989,7.2989,7.2989,7.2989,7.2989,7.2989,7.2989,7.2989,7.2989,7.2989,7.2989,7.2989,7.2989,7.2989,7.2989,7.2989,7.2989,7.2989,7.2989,7.2989,7.2989,7.2989,7.2989,7.2989,7.2989,7.2989,7.2989,7.2989,7.2989,7.2989,7.2989,7.2989,7.2989,7.2989,7.2989,7.2989,7.2989,7.2989,7.2989,7.2989,7.2989,7.2989,7.2989,7.2989,7.2989,7.2989,7.2989,7.2989,7.2989,7.2989,7.2989,7.2989,7.2989,7.2989,7.2989,7.2989,7.2989,7.2989,7.2989,7.2989,7.2989,7.2989,7.2989,7.2989,7.2989,7.2989,7.2989,7.2989,7.2989,7.2989,7.2989,7.2989,7.2989,7.2989,7.2989,7.2989,7.2989,7.2989,7.2989,7.2989,7.2989,7.2989,7.2989,7.2989,7.2989,7.2989,7.2989,7.2989,7.2989,7.2989,7.2989,7.2989,7.2989,7.2989,7.2989,7.2989,7.2989,7.2989,7.2989,7.2989,7.2989,7.2989,7.2989,7.2989,7.2989,7.2989,7.2989,7.2989,7.2989,7.2989,7.2989,7.2989,7.2989,7.2989,7.2989,7.2989,7.2989,7.2989,7.2989,7.2989,7.2989,7.2989,7.2989,7.2989,7.2989,7.2989,7.2989,7.2989,7.2989,7.2989,7.2989,7.2989,7.2989,7.2989,7.2989,7.2989,7.2989,7.2989,7.2989,7.2989,7.2989,7.2989,7.2989,7.2989,7.2989,7.2989,7.2989,7.2989,7.2989,7.2989,7.2989,7.2989,7.2989,7.2989,7.2989,7.2989,7.2989,7.2989,7.2989,7.2989,7.2989,7.2989,7.2989,7.2989,7.2989,7.2989,7.2989,7.2989,7.2989,7.2989,7.2989,7.2989,7.2989,7.2989,7.2989,7.2989,7.2989,7.2989,7.2989,7.2989,7.2989,7.2989,7.2989,7.2989,7.2989,7.2989,7.2989,7.2989,7.2989,7.2989,7.2989,7.2989,7.2989,7.2989,7.2989,7.2989,7.2989,7.2989,7.2989,7.2989,7.2989,7.2989,7.2989,7.2989,7.2989,7.2989,7.2989,7.2989,7.2989,7.2989,7.2989,7.2989,7.2989,7.2989,7.2989,7.2989,7.2989,7.2989,7.2989,7.2989,7.2989,7.2989,7.2989,7.2989,7.2989,7.2989,7.2989,7.2989,7.2989,7.2989,7.2989,7.2989,7.2989,7.2989,7.2989,7.2989,7.2989,7.2989,7.2989,7.2989,7.2989,7.2989,7.2989,7.2989,7.2989,7.2989,7.2989,7.2989,7.2989,7.2989,7.2989,7.2989,7.2989,7.2989,7.2989,7.2989,7.2989,7.2989,7.2989,7.2989,7.2989,7.2989,7.2989,7.2989,7.2989,7.2989,7.2989,7.2989,7.2989,7.2989,7.2989,7.2989,7.2989,7.2989,7.2989,7.2989,7.2989,7.2989,7.2989,7.2989,7.2989,7.2989,7.2989,7.2989,7.2989,7.2989,7.2989,7.2989,7.2989,7.2989,7.2989,7.2989,7.2989,7.2989,7.2989,7.2989,7.2989,7.2989,7.2989,7.2989,7.2989,7.2989,7.2989,7.2989,7.2989,7.2989,7.2989,7.2989,7.2989,7.2989,7.2989,7.2989,7.2989,7.2989,7.2989,7.2989,7.2989,7.2989,6.0659,6.0308,5.9961,5.9610,5.9383,5.9330,5.9278,5.9226,5.9173,5.9119,5.9067,5.9013,5.8962,5.8908,5.8856,5.8803,5.8751,5.8698,5.8646,5.8593,5.8542,5.8489,5.8465,5.8457,5.8448,5.8440,5.8432,5.8426,5.8420,5.8412,5.8404,5.8394,5.8385,5.8379,5.8369,5.8361,5.8353,5.8347,5.8339,5.8329,5.8321,5.8313,5.8304,5.8296,5.8290,5.8282,5.8274,5.8266,5.8278,5.8302,5.8325,5.8349,5.8371,5.8396,5.8420,5.8442,5.8465,5.8489,5.8512,5.8534,5.8559,5.8581,5.8603,5.8628,5.8651,5.8673,5.8698,5.8720,5.8743,5.8768,5.8790,5.8813,5.8835,5.8895,5.8972,5.9049,5.9125,5.9201,5.9278,5.9355,5.9433,5.9511,5.9589,5.9667,5.9746,5.9825,5.9902,5.9981,6.0245,6.0755,6.1279,6.7273,6.7208,6.7187,6.7155,6.7133,6.7106,6.7077,6.7050,6.7023,6.7002,6.6970,6.6943,6.6916,6.6890,6.6860,6.6839,6.6805,6.6775,6.6754,6.6725,6.6693,6.6664,6.6640,6.6630,6.6640,6.6648,6.6656,6.6661,6.6675,6.6675,6.6685,6.6691,6.6696,6.6698,6.6709,6.6709,6.6720,6.6725,6.6728,6.6733,6.6744,6.6749,6.6754,6.6754,6.6767,6.6773,6.6773,6.6805,6.6866,6.6919,6.6970,6.7021,6.7079,6.7133,6.7187,6.7235,6.7294,6.7348,6.7402,6.7451,6.7511,6.7565,6.7620,6.7704,6.7981,6.8263,6.8547,6.8856,7.2989,7.2989,7.2989,7.2989,7.2989,7.2989,7.2989,7.2989,7.2989,7.2989,7.2989,7.2989,7.2989,7.2989,7.2989,7.2989,7.2989,7.2989,7.2989,7.2989,7.2989,7.2989,7.2989,7.2989,7.2989,7.2989,7.2989,7.2989,7.2989,7.2989,7.2989,7.2989,7.2989,7.2989,7.2989,7.2989,7.2989,7.2989,7.2989,7.2989,7.2989,7.2989,7.2989,7.2989,7.2989,7.2989,7.2989,7.2989,7.2989,7.2989,7.2989,7.2989,7.2989,7.2989,7.2989,7.2989,7.2989,7.2989,7.2989,7.2989,7.2989,7.2989,7.2989,7.2989,7.2989,7.2989,7.2989,7.2989,7.2989,7.2989,7.2989,7.2989,7.2989,7.2989,7.2989,7.2989,7.2989,7.2989,7.2989,7.2989,7.2989,7.2989,7.2989,7.2989,7.2989,7.2989,7.2989,7.2989,7.2989,7.2989,7.2989,7.2989,7.2989,7.2989,7.2989,7.2989,7.2989,7.2989,7.2989,7.2989,7.2989,7.2989,7.2989,7.2989,7.2989,7.2989,7.2989,7.2989,7.2989,7.2989,7.2989,7.2989,7.2989,7.2989,7.2989,7.2989,7.2989,7.2989,7.2989,7.2989,7.2989,7.2989,7.2989,7.2989,7.2989,7.2989,7.2989,7.2989,7.2989,7.2989,7.2989,7.2989,7.2989,7.2989,7.2989,7.2989,7.2989,7.2989,7.2989,7.2989,7.2989,7.2989,7.2989,7.2989,7.2989,7.2989,7.2989,7.2989,7.2989,7.2989,7.2989,7.2989,7.2989,7.2989,7.2989,7.2989,7.2989,7.2989,7.2989,7.2989,7.2989,7.2989,7.2989,7.2989,7.2989,7.2989,7.2989,7.2989,7.2989,7.2989,7.2989,7.2989,7.2989,7.2989,7.2989,7.2989,7.2989,7.2989,7.2989,7.2989,7.2989,7.2989,7.2989,7.2989,7.2989,7.2989,7.2989,7.2989,7.2989,7.2989,7.2989,7.2989,7.2989,7.2989,7.2989,7.2989,7.2989,7.2989,7.2989,7.2989,7.2989,7.2989,7.2989,7.2989,7.2989,7.2989,7.2989,7.2989,7.2989,7.2989,7.2989,7.2989,7.2989,7.2989,7.2989,7.2989,7.2989,7.2989,7.2989,7.2989,7.2989,7.2989,7.2989,7.2989,7.2989,7.2989,7.2989,7.2989,7.2989,7.2989,7.2989,7.2989,7.2989,7.2989,7.2989,7.2989,7.2989,7.2989,7.2989,7.2989,7.2989,7.2989,7.2989,7.2989,7.2989,7.2989,7.2989,7.2989,7.2989,7.2989,7.2989,7.2989,7.2989,7.2989,7.2989,7.2989,7.2989,7.2989,7.2989,7.2989,7.2989,7.2989,7.2989,7.2989,7.2989,7.2989,7.2989,7.2989,7.2989,7.2989,7.2989,7.2989,7.2989,7.2989,7.2989,7.2989,7.2989,7.2989,7.2989,7.2989,7.2989,7.2989,7.2989,7.2989,7.2989,7.2989,7.2989,7.2989,7.2989,7.2989,7.2989,7.2989,7.2989,7.2989,7.2989,7.2989,7.2989,7.2989,7.2989,7.2989,7.2989,7.2989,7.2989,7.2989,7.2989,7.2989,7.2989,7.2989,7.2989,7.2989,7.2989,7.2989,7.2989,7.2989,7.2989,7.2989,7.2989,7.2989,7.2989,7.2989,7.2989,7.2989,7.2989,7.2989,7.2989,7.2989,7.2989,7.2989,7.2989,7.2989,7.2989,7.2989,7.2989,7.2989,7.2989,7.2989,7.2989,7.2989,7.2989,7.2989,7.2989,7.2989,7.2989,7.2989,7.2989,7.2989,7.2989,7.2989,7.2989,7.2989,7.2989,7.2989,7.2989,7.2989,7.2989,7.2989,7.2989,7.2989,7.2989,7.2989,7.2989,7.2989,7.2989,7.2989,7.2989,7.2989,7.2989,7.2989,7.2989,7.2989,7.2989,7.2989,7.2989,7.2989,7.2989,7.2989,7.2989,7.2989,7.2989,7.2989,7.2989,7.2989,7.2989,7.2989,7.2989,7.2989,7.2989,7.2989,7.2989,7.2989,7.2989,7.2989,7.2989,7.2989,7.2989,7.2989,7.2989,7.2989,7.2989,7.2989,7.2989,7.2989,7.2989,7.2989,7.2989,7.2989,7.2989,7.2989,7.2989,7.2989,7.2989,7.2989
7.2929,7.2929,7.2929,7.2929,7.2929,7.2929,7.2929,7.2929,7.2929,7.2929,7.2929,7.2929,7.2929,7.2929,7.2929,7.2929,7.2929,7.2929,7.2929,7.2929,7.2929,7.2929,7.2929,7.2929,7.2929,7.2929,7.2929,7.2929,7.2929,7.2929,7.2929,7.2929,7.2929,7.2929,7.2929,7.2929,7.2929,7.2929,7.2929,7.2929,7.2929,7.2929,7.2929,7.2929,7.2929,7.2929,7.2929,7.2929,7.2929,7.2929,7.2929,7.2929,7.2929,7.2929,7.2929,7.2929,7.2929,7.2929,7.2929,7.2929,7.2929,7.2929,7.2929,7.2929,7.2929,7.2929,7.2929,7.2929,7.2929,7.2929,7.2929,7.2929,7.2929,7.2929,7.2929,7.2929,7.2929,7.2929,7.2929,7.2929,7.2929,7.2929,7.2929,7.2929,7.2929,7.2929,7.2929,7.2929,7.2929,7.2929,7.2929,7.2929,7.2929,7.2929,7.2929,7.2929,7.2929,7.2929,7.2929,7.2929,7.2929,7.2929,7.2929,7.2929,7.2929,7.2929,7.2929,7.2929,7.2929,7.2929,7.2929,7.2929,7.2929,7.2929,7.2929,7.2929,7.2929,7.2929,7.2929,7.2929,7.2929,7.2929,7.2929,7.2929,7.2929,7.2929,7.2929,7.2929,7.2929,7.2929,7.2929,7.2929,7.2929,7.2929,7.2929,7.2929,7.2929,7.2929,7.2929,7.2929,7.2929,7.2929,7.2929,7.2929,7.2929,7.2929,7.2929,7.2929,7.2929,7.2929,7.2929,7.2929,7.2929,7.2929,7.2929,7.2929,7.2929,7.2929,7.2929,7.2929,7.2929,7.2929,7.2929,7.2929,7.2929,7.2929,7.2929,7.2929,7.2929,7.2929,7.2929,7.2929,7.2929,7.2929,7.2929,7.2929,7.2929,7.2929,7.2929,7.2929,7.2929,7.2929,7.2929,7.2929,7.2929,7.2929,7.2929,7.2929,7.2929,7.2929,7.2929,7.2929,7.2929,7.2929,7.2929,7.2929,7.2929,7.2929,7.2929,7.2929,7.2929,7.2929,7.2929,7.2929,7.2929,7.2929,7.2929,7.2929,7.2929,7.2929,7.2929,7.2929,7.2929,7.2929,7.2929,7.2929,7.2929,7.2929,7.2929,7.2929,7.2929,7.2929,7.2929,7.2929,7.2929,7.2929,7.2929,7.2929,7.2929,7.2929,7.2929,7.2929,7.2929,7.2929,7.2929,7.2929,7.2929,7.2929,7.2929,7.2929,7.2929,7.2929,7.2929,7.2929,7.2929,7.2929,7.2929,7.2929,7.2929,7.2929,7.2929,7.2929,7.2929,7.2929,7.2929,7.2929,7.2929,7.2929,7.2929,7.2929,7.2929,7.2929,7.2929,7.2929,7.2929,7.2929,7.2929,7.2929,7.2929,7.2929,7.2929,7.2929,7.2929,7.2929,7.2929,7.2929,7.2929,7.2929,7.2929,7.2929,7.2929,7.2929,7.2929,7.2929,7.2929,7.2929,7.2929,7.2929,7.2929,7.2929,7.2929,7.2929,7.2929,7.2929,7.2929,7.2929,7.2929,7.2929,7.2929,7.2929,7.2929,7.2929,7.2929,7.2929,7.2929,7.2929,7.2929,7.2929,7.2929,7.2929,7.2929,7.2929,7.2929,7.2929,7.2929,7.2929,7.2929,7.2929,7.2929,7.2929,7.2929,7.2929,7.2929,7.2929,7.2929,7.2929,7.2929,7.2929,7.2929,7.2929,7.2929,7.2929,7.2929,7.2929,7.2929,7.2929,7.2929,7.2929,7.2929,7.2929,7.2929,7.2929,7.2929,7.2929,7.2929,7.2929,7.2929,7.2929,7.2929,7.2929,7.2929,7.2929,7.2929,7.2929,7.2929,7.2929,7.2929,7.2929,7.2929,7.2929,7.2929,7.2929,7.2929,7.2929,7.2929,7.2929,7.2929,7.2929,7.2929,7.2929,7.2929,7.2929,7.2929,7.2929,7.2929,7.2929,7.2929,7.2929,7.2929,7.2929,7.2929,7.2929,7.2929,7.2929,7.2929,7.2929,7.2929,7.2929,7.2929,6.0504,6.0178,5.9829,5.9481,5.9353,5.9301,5.9249,5.9196,5.9144,5.9092,5.9038,5.8986,5.8933,5.8881,5.8827,5.8776,5.8722,5.8671,5.8618,5.8565,5.8514,5.8461,5.8453,5.8444,5.8436,5.8428,5.8420,5.8412,5.8404,5.8396,5.8390,5.8379,5.8373,5.8363,5.8355,5.8347,5.8339,5.8331,5.8323,5.8315,5.8308,5.8300,5.8292,5.8284,5.8276,5.8268,5.8260,5.8252,5.8276,5.8298,5.8325,5.8345,5.8369,5.8392,5.8418,5.8438,5.8463,5.8485,5.8510,5.8532,5.8556,5.8579,5.8601,5.8626,5.8649,5.8671,5.8696,5.8718,5.8741,5.8763,5.8788,5.8811,5.8833,5.8910,5.8986,5.9063,5.9140,5.9217,5.9295,5.9370,5.9448,5.9526,5.9604,5.9682,5.9761,5.9838,5.9917,5.9996,6.0506,6.1014,6.1553,6.7241,6.7195,6.7173,6.7144,6.7122,6.7090,6.7063,6.7042,6.7010,6.6983,6.6962,6.6930,6.6906,6.6879,6.6850,6.6823,6.6799,6.6770,6.6738,6.6714,6.6688,6.6653,6.6630,6.6630,6.6640,6.6648,6.6656,6.6659,6.6675,6.6683,6.6683,6.6696,6.6701,6.6706,6.6712,6.6717,6.6722,6.6730,6.6730,6.6736,6.6741,6.6746,6.6759,6.6765,6.6765,6.6778,6.6778,6.6829,6.6884,6.6935,6.6994,6.7050,6.7104,6.7155,6.7206,6.7262,6.7316,6.7365,6.7424,6.7478,6.7533,6.7587,6.7641,6.7781,6.8061,6.8341,6.8628,6.8938,7.2929,7.2929,7.2929,7.2929,7.2929,7.2929,7.2929,7.2929,7.2929,7.2929,7.2929,7.2929,7.2929,7.2929,7.2929,7.2929,7.2929,7.2929,7.2929,7.2929,7.2929,7.2929,7.2929,7.2929,7.2929,7.2929,7.2929,7.2929,7.2929,7.2929,7.2929,7.2929,7.2929,7.2929,7.2929,7.2929,7.2929,7.2929,7.2929,7.2929,7.2929,7.2929,7.2929,7.2929,7.2929,7.2929,7.2929,7.2929,7.2929,7.2929,7.2929,7.2929,7.2929,7.2929,7.2929,7.2929,7.2929,7.2929,7.2929,7.2929,7.2929,7.2929,7.2929,7.2929,7.2929,7.2929,7.2929,7.2929,7.2929,7.2929,7.2929,7.2929,7.2929,7.2929,7.2929,7.2929,7.2929,7.2929,7.2929,7.2929,7.2929,7.2929,7.2929,7.2929,7.2929,7.2929,7.2929,7.2929,7.2929,7.2929,7.2929,7.2929,7.2929,7.2929,7.2929,7.2929,7.2929,7.2929,7.2929,7.2929,7.2929,7.2929,7.2929,7.2929,7.2929,7.2929,7.2929,7.2929,7.2929,7.2929,7.2929,7.2929,7.2929,7.2929,7.2929,7.2929,7.2929,7.2929,7.2929,7.2929,7.2929,7.2929,7.2929,7.2929,7.2929,7.2929,7.2929,7.2929,7.2929,7.2929,7.2929,7.2929,7.2929,7.2929,7.2929,7.2929,7.2929,7.2929,7.2929,7.2929,7.2929,7.2929,7.2929,7.2929,7.2929,7.2929,7.2929,7.2929,7.2929,7.2929,7.2929,7.2929,7.2929,7.2929,7.2929,7.2929,7.2929,7.2929,7.2929,7.2929,7.2929,7.2929,7.2929,7.2929,7.2929,7.2929,7.2929,7.2929,7.2929,7.2929,7.2929,7.2929,7.2929,7.2929,7.2929,7.2929,7.2929,7.2929,7.2929,7.2929,7.2929,7.2929,7.2929,7.2929,7.2929,7.2929,7.2929,7.2929,7.2929,7.2929,7.2929,7.2929,7.2929,7.2929,7.2929,7.2929,7.2929,7.2929,7.2929,7.2929,7.2929,7.2929,7.2929,7.2929,7.2929,7.2929,7.2929,7.2929,7.2929,7.2929,7.2929,7.2929,7.2929,7.2929,7.2929,7.2929,7.2929,7.2929,7.2929,7.2929,7.2929,7.2929,7.2929,7.2929,7.2929,7.2929,7.2929,7.2929,7.2929,7.2929,7.2929,7.2929,7.2929,7.2929,7.2929,7.2929,7.2929,7.2929,7.2929,7.2929,7.2929,7.2929,7.2929,7.2929,7.2929,7.2929,7.2929,7.2929,7.2929,7.2929,7.2929,7.2929,7.2929,7.2929,7.2929,7.2929,7.2929,7.2929,7.2929,7.2929,7.2929,7.2929,7.2929,7.2929,7.2929,7.2929,7.2929,7.2929,7.2929,7.2929,7.2929,7.2929,7.2929,7.2929,7.2929,7.2929,7.2929,7.2929,7.2929,7.2929,7.2929,7.2929,7.2929,7.2929,7.2929,7.2929,7.2929,7.2929,7.2929,7.2929,7.2929,7.2929,7.2929,7.2929,7.2929,7.2929,7.2929,7.2929,7.2929,7.2929,7.2929,7.2929,7.2929,7.2929,7.2929,7.2929,7.2929,7.2929,7.2929,7.2929,7.2929,7.2929,7.2929,7.2929,7.2929,7.2929,7.2929,7.2929,7.2929,7.2929,7.2929,7.2929,7.2929,7.2929,7.2929,7.2929,7.2929,7.2929,7.2929,7.2929,7.2929,7.2929,7.2929,7.2929,7.2929,7.2929,7.2929,7.2929,7.2929,7.2929,7.2929,7.2929,7.2929,7.2929,7.2929,7.2929,7.2929,7.2929,7.2929,7.2929,7.2929,7.2929,7.2929,7.2929,7.2929,7.2929,7.2929,7.2929,7.2929,7.2929,7.2929,7.2929,7.2929,7.2929,7.2929,7.2929,7.2929,7.2929,7.2929,7.2929,7.2929,7.2929,7.2929,7.2929,7.2929,7.2929,7.2929,7.2929,7.2929,7.2929,7.2929,7.2929,7.2929,7.2929,7.2929,7.2929,7.2929,7.2929,7.2929,7.2929,7.2929,7.2929,7.2929,7.2929,7.2929,7.2929,7.2929,7.2929,7.2929,7.2929,7.2929,7.2929,7.2929,7.2929,7.2929,7.2929,7.2929,7.2929,7.2929,7.2929,7.2929,7.2929
7.2872,7.2872,7.2872,7.2872,7.2872,7.2872,7.2872,7.2872,7.2872,7.2872,7.2872,7.2872,7.2872,7.2872,7.2872,7.2872,7.2872,7.2872,7.2872,7.2872,7.2872,7.2872,7.2872,7.2872,7.2872,7.2872,7.2872,7.2872,7.2872,7.2872,7.2872,7.2872,7.2872,7.2872,7.2872,7.2872,7.2872,7.2872,7.2872,7.2872,7.2872,7.2872,7.2872,7.2872,7.2872,7.2872,7.2872,7.2872,7.2872,7.2872,7.2872,7.2872,7.2872,7.2872,7.2872,7.2872,7.2872,7.2872,7.2872,7.2872,7.2872,7.2872,7.2872,7.2872,7.2872,7.2872,7.2872,7.2872,7.2872,7.2872,7.2872,7.2872,7.2872,7.2872,7.2872,7.2872,7.2872,7.2872,7.2872,7.2872,7.2872,7.2872,7.2872,7.2872,7.2872,7.2872,7.2872,7.2872,7.2872,7.2872,7.2872,7.2872,7.2872,7.2872,7.2872,7.2872,7.2872,7.2872,7.2872,7.2872,7.2872,7.2872,7.2872,7.2872,7.2872,7.2872,7.2872,7.2872,7.2872,7.2872,7.2872,7.2872,7.2872,7.2872,7.2872,7.2872,7.2872,7.2872,7.2872,7.2872,7.2872,7.2872,7.2872,7.2872,7.2872,7.2872,7.2872,7.2872,7.2872,7.2872,7.2872,7.2872,7.2872,7.2872,7.2872,7.2872,7.2872,7.2872,7.2872,7.2872,7.2872,7.2872,7.2872,7.2872,7.2872,7.2872,7.2872,7.2872,7.2872,7.2872,7.2872,7.2872,7.2872,7.2872,7.2872,7.2872,7.2872,7.2872,7.2872,7.2872,7.2872,7.2872,7.2872,7.2872,7.2872,7.2872,7.2872,7.2872,7.2872,7.2872,7.2872,7.2872,7.2872,7.2872,7.2872,7.2872,7.2872,7.2872,7.2872,7.2872,7.2872,7.2872,7.2872,7.2872,7.2872,7.2872,7.2872,7.2872,7.2872,7.2872,7.2872,7.2872,7.2872,7.2872,7.2872,7.2872,7.2872,7.2872,7.2872,7.2872,7.2872,7.2872,7.2872,7.2872,7.2872,7.2872,7.2872,7.2872,7.2872,7.2872,7.2872,7.2872,7.2872,7.2872,7.2872,7.2872,7.2872,7.2872,7.2872,7.2872,7.2872,7.2872,7.2872,7.2872,7.2872,7.2872,7.2872,7.2872,7.2872,7.2872,7.2872,7.2872,7.2872,7.2872,7.2872,7.2872,7.2872,7.2872,7.2872,7.2872,7.2872,7.2872,7.2872,7.2872,7.2872,7.2872,7.2872,7.2872,7.2872,7.2872,7.2872,7.2872,7.2872,7.2872,7.2872,7.2872,7.2872,7.2872,7.2872,7.2872,7.2872,7.2872,7.2872,7.2872,7.2872,7.2872,7.2872,7.2872,7.2872,7.2872,7.2872,7.2872,7.2872,7.2872,7.2872,7.2872,7.2872,7.2872,7.2872,7.2872,7.2872,7.2872,7.2872,7.2872,7.2872,7.2872,7.2872,7.2872,7.2872,7.2872,7.2872,7.2872,7.2872,7.2872,7.2872,7.2872,7.2872,7.2872,7.2872,7.2872,7.2872,7.2872,7.2872,7.2872,7.2872,7.2872,7.2872,7.2872,7.2872,7.2872,7.2872,7.2872,7.2872,7.2872,7.2872,7.2872,7.2872,7.2872,7.2872,7.2872,7.2872,7.2872,7.2872,7.2872,7.2872,7.2872,7.2872,7.2872,7.2872,7.2872,7.2872,7.2872,7.2872,7.2872,7.2872,7.2872,7.2872,7.2872,7.2872,7.2872,7.2872,7.2872,7.2872,7.2872,7.2872,7.2872,7.2872,7.2872,7.2872,7.2872,7.2872,7.2872,7.2872,7.2872,7.2872,7.2872,7.2872,7.2872,7.2872,7.2872,7.2872,7.2872,7.2872,7.2872,7.2872,7.2872,7.2872,7.2872,7.2872,7.2872,7.2872,7.2872,7.2872,7.2872,7.2872,7.2872,7.2872,7.2872,7.2872,7.2872,7.2872,7.2872,7.2872,7.2872,7.2872,7.2872,7.2872,7.2872,6.0738,6.0373,6.0049,5.9699,5.9376,5.9324,5.9272,5.9219,5.9167,5.9115,5.9063,5.9009,5.8957,5.8904,5.8852,5.8798,5.8747,5.8694,5.8642,5.8589,5.8538,5.8485,5.8446,5.8438,5.8430,5.8422,5.8414,5.8406,5.8398,5.8390,5.8383,5.8373,5.8365,5.8359,5.8349,5.8341,5.8335,5.8329,5.8319,5.8310,5.8302,5.8294,5.8286,5.8278,5.8270,5.8262,5.8254,5.8248,5.8250,5.8272,5.8296,5.8319,5.8343,5.8367,5.8390,5.8412,5.8436,5.8459,5.8483,5.8506,5.8530,5.8552,5.8577,5.8599,5.8622,5.8646,5.8669,5.8692,5.8716,5.8739,5.8761,5.8786,5.8809,5.8848,5.8924,5.9001,5.9078,5.9155,5.9232,5.9309,5.9387,5.9465,5.9541,5.9619,5.9697,5.9774,5.9852,5.9929,6.0009,6.0762,6.1279,6.7308,6.7211,6.7184,6.7163,6.7130,6.7109,6.7077,6.7055,6.7023,6.6996,6.6978,6.6951,6.6924,6.6892,6.6866,6.6839,6.6813,6.6783,6.6759,6.6728,6.6698,6.6672,6.6648,6.6616,6.6630,6.6640,6.6648,6.6656,6.6659,6.6675,6.6683,6.6691,6.6693,6.6698,6.6709,6.6712,6.6722,6.6728,6.6733,6.6733,6.6741,6.6746,6.6751,6.6757,6.6770,6.6775,6.6778,6.6789,6.6844,6.6903,6.6959,6.7013,6.7069,6.7120,6.7173,6.7227,6.7286,6.7340,6.7389,6.7440,6.7495,6.7554,6.7609,6.7658,6.7855,6.8130,6.8410,6.8718,6.9029,7.2872,7.2872,7.2872,7.2872,7.2872,7.2872,7.2872,7.2872,7.2872,7.2872,7.2872,7.2872,7.2872,7.2872,7.2872,7.2872,7.2872,7.2872,7.2872,7.2872,7.2872,7.2872,7.2872,7.2872,7.2872,7.2872,7.2872,7.2872,7.2872,7.2872,7.2872,7.2872,7.2872,7.2872,7.2872,7.2872,7.2872,7.2872,7.2872,7.2872,7.2872,7.2872,7.2872,7.2872,7.2872,7.2872,7.2872,7.2872,7.2872,7.2872,7.2872,7.2872,7.2872,7.2872,7.2872,7.2872,7.2872,7.2872,7.2872,7.2872,7.2872,7.2872,7.2872,7.2872,7.2872,7.2872,7.2872,7.2872,7.2872,7.2872,7.2872,7.2872,7.2872,7.2872,7.2872,7.2872,7.2872,7.2872,7.2872,7.2872,7.2872,7.2872,7.2872,7.2872,7.2872,7.2872,7.2872,7.2872,7.2872,7.2872,7.2872,7.2872,7.2872,7.2872,7.2872,7.2872,7.2872,7.2872,7.2872,7.2872,7.2872,7.2872,7.2872,7.2872,7.2872,7.2872,7.2872,7.2872,7.2872,7.2872,7.2872,7.2872,7.2872,7.2872,7.2872,7.2872,7.2872,7.2872,7.2872,7.2872,7.2872,7.2872,7.2872,7.2872,7.2872,7.2872,7.2872,7.2872,7.2872,7.2872,7.2872,7.2872,7.2872,7.2872,7.2872,7.2872,7.2872,7.2872,7.2872,7.2872,7.2872,7.2872,7.2872,7.2872,7.2872,7.2872,7.2872,7.2872,7.2872,7.2872,7.2872,7.2872,7.2872,7.2872,7.2872,7.2872,7.2872,7.2872,7.2872,7.2872,7.2872,7.2872,7.2872,7.2872,7.2872,7.2872,7.2872,7.2872,7.2872,7.2872,7.2872,7.2872,7.2872,7.2872,7.2872,7.2872,7.2872,7.2872,7.2872,7.2872,7.2872,7.2872,7.2872,7.2872,7.2872,7.2872,7.2872,7.2872,7.2872,7.2872,7.2872,7.2872,7.2872,7.2872,7.2872,7.2872,7.2872,7.2872,7.2872,7.2872,7.2872,7.2872,7.2872,7.2872,7.2872,7.2872,7.2872,7.2872,7.2872,7.2872,7.2872,7.2872,7.2872,7.2872,7.2872,7.2872,7.2872,7.2872,7.2872,7.2872,7.2872,7.2872,7.2872,7.2872,7.2872,7.2872,7.2872,7.2872,7.2872,7.2872,7.2872,7.2872,7.2872,7.2872,7.2872,7.2872,7.2872,7.2872,7.2872,7.2872,7.2872,7.2872,7.2872,7.2872,7.2872,7.2872,7.2872,7.2872,7.2872,7.2872,7.2872,7.2872,7.2872,7.2872,7.2872,7.2872,7.2872,7.2872,7.2872,7.2872,7.2872,7.2872,7.2872,7.2872,7.2872,7.2872,7.2872,7.2872,7.2872,7.2872,7.2872,7.2872,7.2872,7.2872,7.2872,7.2872,7.2872,7.2872,7.2872,7.2872,7.2872,7.2872,7.2872,7.2872,7.2872,7.2872,7.2872,7.2872,7.2872,7.2872,7.2872,7.2872,7.2872,7.2872,7.2872,7.2872,7.2872,7.2872,7.2872,7.2872,7.2872,7.2872,7.2872,7.2872,7.2872,7.2872,7.2872,7.2872,7.2872,7.2872,7.2872,7.2872,7.2872,7.2872,7.2872,7.2872,7.2872,7.2872,7.2872,7.2872,7.2872,7.2872,7.2872,7.2872,7.2872,7.2872,7.2872,7.2872,7.2872,7.2872,7.2872,7.2872,7.2872,7.2872,7.2872,7.2872,7.2872,7.2872,7.2872,7.2872,7.2872,7.2872,7.2872,7.2872,7.2872,7.2872,7.2872,7.2872,7.2872,7.2872,7.2872,7.2872,7.2872,7.2872,7.2872,7.2872,7.2872,7.2872,7.2872,7.2872,7.2872,7.2872,7.2872,7.2872,7.2872,7.2872,7.2872,7.2872,7.2872,7.2872,7.2872,7.2872,7.2872,7.2872,7.2872,7.2872,7.2872,7.2872,7.2872,7.2872,7.2872,7.2872,7.2872,7.2872,7.2872,7.2872,7.2872,7.2872,7.2872,7.2872,7.2872,7.2872,7.2872,7.2872,7.2872,7.2872,7.2872,7.2872,7.2872,7.2872,7.2872,7.2872,7.2872,7.2872,7.2872,7.2872,7.2872,7.2872,7.2872,7.2872,7.2872,7.2872
7.2812,7.2812,7.2812,7.2812,7.2812,7.2812,7.2812,7.2812,7.2812,7.2812,7.2812,7.2812,7.2812,7.2812,7.2812,7.2812,7.2812,7.2812,7.2812,7.2812,7.2812,7.2812,7.2812,7.2812,7.2812,7.2812,7.2812,7.2812,7.2812,7.2812,7.2812,7.2812,7.2812,7.2812,7.2812,7.2812,7.2812,7.2812,7.2812,7.2812,7.2812,7.2812,7.2812,7.2812,7.2812,7.2812,7.2812,7.2812,7.2812,7.2812,7.2812,7.2812,7.2812,7.2812,7.2812,7.2812,7.2812,7.2812,7.2812,7.2812,7.2812,7.2812,7.2812,7.2812,7.2812,7.2812,7.2812,7.2812,7.2812,7.2812,7.2812,7.2812,7.2812,7.2812,7.2812,7.2812,7.2812,7.2812,7.2812,7.2812,7.2812,7.2812,7.2812,7.2812,7.2812,7.2812,7.2812,7.2812,7.2812,7.2812,7.2812,7.2812,7.2812,7.2812,7.2812,7.2812,7.2812,7.2812,7.2812,7.2812,7.2812,7.2812,7.2812,7.2812,7.2812,7.2812,7.2812,7.2812,7.2812,7.2812,7.2812,7.2812,7.2812,7.2812,7.2812,7.2812,7.2812,7.2812,7.2812,7.2812,7.2812,7.2812,7.2812,7.2812,7.2812,7.2812,7.2812,7.2812,7.2812,7.2812,7.2812,7.2812,7.2812,7.2812,7.2812,7.2812,7.2812,7.2812,7.2812,7.2812,7.2812,7.2812,7.2812,7.2812,7.2812,7.2812,7.2812,7.2812,7.2812,7.2812,7.2812,7.2812,7.2812,7.2812,7.2812,7.2812,7.2812,7.2812,7.2812,7.2812,7.2812,7.2812,7.2812,7.2812,7.2812,7.2812,7.2812,7.2812,7.2812,7.2812,7.2812,7.2812,7.2812,7.2812,7.2812,7.2812,7.2812,7.2812,7.2812,7.2812,7.2812,7.2812,7.2812,7.2812,7.2812,7.2812,7.2812,7.2812,7.2812,7.2812,7.2812,7.2812,7.2812,7.2812,7.2812,7.2812,7.2812,7.2812,7.2812,7.2812,7.2812,7.2812,7.2812,7.2812,7.2812,7.2812,7.2812,7.2812,7.2812,7.2812,7.2812,7.2812,7.2812,7.2812,7.2812,7.2812,7.2812,7.2812,7.2812,7.2812,7.2812,7.2812,7.2812,7.2812,7.2812,7.2812,7.2812,7.2812,7.2812,7.2812,7.2812,7.2812,7.2812,7.2812,7.2812,7.2812,7.2812,7.2812,7.2812,7.2812,7.2812,7.2812,7.2812,7.2812,7.2812,7.2812,7.2812,7.2812,7.2812,7.2812,7.2812,7.2812,7.2812,7.2812,7.2812,7.2812,7.2812,7.2812,7.2812,7.2812,7.2812,7.2812,7.2812,7.2812,7.2812,7.2812,7.2812,7.2812,7.2812,7.2812,7.2812,7.2812,7.2812,7.2812,7.2812,7.2812,7.2812,7.2812,7.2812,7.2812,7.2812,7.2812,7.2812,7.2812,7.2812,7.2812,7.2812,7.2812,7.2812,7.2812,7.2812,7.2812,7.2812,7.2812,7.2812,7.2812,7.2812,7.2812,7.2812,7.2812,7.2812,7.2812,7.2812,7.2812,7.2812,7.2812,7.2812,7.2812,7.2812,7.2812,7.2812,7.2812,7.2812,7.2812,7.2812,7.2812,7.2812,7.2812,7.2812,7.2812,7.2812,7.2812,7.2812,7.2812,7.2812,7.2812,7.2812,7.2812,7.2812,7.2812,7.2812,7.2812,7.2812,7.2812,7.2812,7.2812,7.2812,7.2812,7.2812,7.2812,7.2812,7.2812,7.2812,7.2812,7.2812,7.2812,7.2812,7.2812,7.2812,7.2812,7.2812,7.2812,7.2812,7.2812,7.2812,7.2812,7.2812,7.2812,7.2812,7.2812,7.2812,7.2812,7.2812,7.2812,7.2812,7.2812,7.2812,7.2812,7.2812,7.2812,7.2812,7.2812,7.2812,7.2812,7.2812,7.2812,7.2812,7.2812,7.2812,7.2812,7.2812,7.2812,7.2812,7.2812,7.2812,7.2812,7.2812,7.2812,6.0569,6.0243,5.9917,5.9568,5.9347,5.9295,5.9242,5.9190,5.9138,5.9086,5.9034,5.8982,5.8928,5.8877,5.8823,5.8770,5.8718,5.8665,5.8614,5.8561,5.8510,5.8457,5.8432,5.8424,5.8416,5.8408,5.8402,5.8392,5.8383,5.8379,5.8367,5.8361,5.8355,5.8347,5.8339,5.8329,5.8321,5.8313,5.8304,5.8296,5.8288,5.8280,5.8272,5.8264,5.8258,5.8250,5.8242,5.8234,5.8246,5.8270,5.8292,5.8317,5.8339,5.8363,5.8385,5.8410,5.8432,5.8457,5.8479,5.8503,5.8526,5.8550,5.8573,5.8597,5.8620,5.8644,5.8667,5.8690,5.8714,5.8737,5.8759,5.8782,5.8807,5.8864,5.8941,5.9015,5.9092,5.9169,5.9246,5.9324,5.9402,5.9477,5.9555,5.9634,5.9710,5.9789,5.9865,5.9944,6.0183,6.1018,6.7305,6.7227,6.7184,6.7168,6.7144,6.7122,6.7090,6.7066,6.7045,6.7018,6.6991,6.6959,6.6932,6.6906,6.6884,6.6858,6.6831,6.6807,6.6773,6.6744,6.6722,6.6693,6.6667,6.6638,6.6616,6.6624,6.6638,6.6648,6.6656,6.6664,6.6672,6.6683,6.6685,6.6698,6.6709,6.6714,6.6714,6.6725,6.6730,6.6736,6.6738,6.6749,6.6754,6.6762,6.6767,6.6770,6.6781,6.6781,6.6807,6.6868,6.6922,6.6972,6.7029,6.7082,6.7144,6.7198,6.7254,6.7308,6.7362,6.7411,6.7465,6.7519,6.7576,6.7628,6.7680,6.7929,6.8202,6.8488,6.8803,7.2812,7.2812,7.2812,7.2812,7.2812,7.2812,7.2812,7.2812,7.2812,7.2812,7.2812,7.2812,7.2812,7.2812,7.2812,7.2812,7.2812,7.2812,7.2812,7.2812,7.2812,7.2812,7.2812,7.2812,7.2812,7.2812,7.2812,7.2812,7.2812,7.2812,7.2812,7.2812,7.2812,7.2812,7.2812,7.2812,7.2812,7.2812,7.2812,7.2812,7.2812,7.2812,7.2812,7.2812,7.2812,7.2812,7.2812,7.2812,7.2812,7.2812,7.2812,7.2812,7.2812,7.2812,7.2812,7.2812,7.2812,7.2812,7.2812,7.2812,7.2812,7.2812,7.2812,7.2812,7.2812,7.2812,7.2812,7.2812,7.2812,7.2812,7.2812,7.2812,7.2812,7.2812,7.2812,7.2812,7.2812,7.2812,7.2812,7.2812,7.2812,7.2812,7.2812,7.2812,7.2812,7.2812,7.2812,7.2812,7.2812,7.2812,7.2812,7.2812,7.2812,7.2812,7.2812,7.2812,7.2812,7.2812,7.2812,7.2812,7.2812,7.2812,7.2812,7.2812,7.2812,7.2812,7.2812,7.2812,7.2812,7.2812,7.2812,7.2812,7.2812,7.2812,7.2812,7.2812,7.2812,7.2812,7.2812,7.2812,7.2812,7.2812,7.2812,7.2812,7.2812,7.2812,7.2812,7.2812,7.2812,7.2812,7.2812,7.2812,7.2812,7.2812,7.2812,7.2812,7.2812,7.2812,7.2812,7.2812,7.2812,7.2812,7.2812,7.2812,7.2812,7.2812,7.2812,7.2812,7.2812,7.2812,7.2812,7.2812,7.2812,7.2812,7.2812,7.2812,7.2812,7.2812,7.2812,7.2812,7.2812,7.2812,7.2812,7.2812,7.2812,7.2812,7.2812,7.2812,7.2812,7.2812,7.2812,7.2812,7.2812,7.2812,7.2812,7.2812,7.2812,7.2812,7.2812,7.2812,7.2812,7.2812,7.2812,7.2812,7.2812,7.2812,7.2812,7.2812,7.2812,7.2812,7.2812,7.2812,7.2812,7.2812,7.2812,7.2812,7.2812,7.2812,7.2812,7.2812,7.2812,7.2812,7.2812,7.2812,7.2812,7.2812,7.2812,7.2812,7.2812,7.2812,7.2812,7.2812,7.2812,7.2812,7.2812,7.2812,7.2812,7.2812,7.2812,7.2812,7.2812,7.2812,7.2812,7.2812,7.2812,7.2812,7.2812,7.2812,7.2812,7.2812,7.2812,7.2812,7.2812,7.2812,7.2812,7.2812,7.2812,7.2812,7.2812,7.2812,7.2812,7.2812,7.2812,7.2812,7.2812,7.2812,7.2812,7.2812,7.2812,7.2812,7.2812,7.2812,7.2812,7.2812,7.2812,7.2812,7.2812,7.2812,7.2812,7.2812,7.2812,7.2812,7.2812,7.2812,7.2812,7.2812,7.2812,7.2812,7.2812,7.2812,7.2812,7.2812,7.2812,7.2812,7.2812,7.2812,7.2812,7.2812,7.2812,7.2812,7.2812,7.2812,7.2812,7.2812,7.2812,7.2812,7.2812,7.2812,7.2812,7.2812,7.2812,7.2812,7.2812,7.2812,7.2812,7.2812,7.2812,7.2812,7.2812,7.2812,7.2812,7.2812,7.2812,7.2812,7.2812,7.2812,7.2812,7.2812,7.2812,7.2812,7.2812,7.2812,7.2812,7.2812,7.2812,7.2812,7.2812,7.2812,7.2812,7.2812,7.2812,7.2812,7.2812,7.2812,7.2812,7.2812,7.2812,7.2812,7.2812,7.2812,7.2812,7.2812,7.2812,7.2812,7.2812,7.2812,7.2812,7.2812,7.2812,7.2812,7.2812,7.2812,7.2812,7.2812,7.2812,7.2812,7.2812,7.2812,7.2812,7.2812,7.2812,7.2812,7.2812,7.2812,7.2812,7.2812,7.2812,7.2812,7.2812,7.2812,7.2812,7.2812,7.2812,7.2812,7.2812,7.2812,7.2812,7.2812,7.2812,7.2812,7.2812,7.2812,7.2812,7.2812,7.2812,7.2812,7.2812,7.2812,7.2812,7.2812,7.2812,7.2812,7.2812,7.2812,7.2812,7.2812,7.2812,7.2812,7.2812,7.2812,7.2812,7.2812,7.2812,7.2812,7.2812,7.2812,7.2812,7.2812,7.2812,7.2812,7.2812,7.2812,7.2812,7.2812,7.2812,7.2812,7.2812,7.2812,7.2812,7.2812,7.2812,7.2812,7.2812
7.2752,7.2752,7.2752,7.2752,7.2752,7.2752,7.2752,7.2752,7.2752,7.2752,7.2752,7.2752,7.2752,7.2752,7.2752,7.2752,7.2752,7.2752,7.2752,7.2752,7.2752,7.2752,7.2752,7.2752,7.2752,7.2752,7.2752,7.2752,7.2752,7.2752,7.2752,7.2752,7.2752,7.2752,7.2752,7.2752,7.2752,7.2752,7.2752,7.2752,7.2752,7.2752,7.2752,7.2752,7.2752,7.2752,7.2752,7.2752,7.2752,7.2752,7.2752,7.2752,7.2752,7.2752,7.2752,7.2752,7.2752,7.2752,7.2752,7.2752,7.2752,7.2752,7.2752,7.2752,7.2752,7.2752,7.2752,7.2752,7.2752,7.2752,7.2752,7.2752,7.2752,7.2752,7.2752,7.2752,7.2752,7.2752,7.2752,7.2752,7.2752,7.2752,7.2752,7.2752,7.2752,7.2752,7.2752,7.2752,7.2752,7.2752,7.2752,7.2752,7.2752,7.2752,7.2752,7.2752,7.2752,7.2752,7.2752,7.2752,7.2752,7.2752,7.2752,7.2752,7.2752,7.2752,7.2752,7.2752,7.2752,7.2752,7.2752,7.2752,7.2752,7.2752,7.2752,7.2752,7.2752,7.2752,7.2752,7.2752,7.2752,7.2752,7.2752,7.2752,7.2752,7.2752,7.2752,7.2752,7.2752,7.2752,7.2752,7.2752,7.2752,7.2752,7.2752,7.2752,7.2752,7.2752,7.2752,7.2752,7.2752,7.2752,7.2752,7.2752,7.2752,7.2752,7.2752,7.2752,7.2752,7.2752,7.2752,7.2752,7.2752,7.2752,7.2752,7.2752,7.2752,7.2752,7.2752,7.2752,7.2752,7.2752,7.2752,7.2752,7.2752,7.2752,7.2752,7.2752,7.2752,7.2752,7.2752,7.2752,7.2752,7.2752,7.2752,7.2752,7.2752,7.2752,7.2752,7.2752,7.2752,7.2752,7.2752,7.2752,7.2752,7.2752,7.2752,7.2752,7.2752,7.2752,7.2752,7.2752,7.2752,7.2752,7.2752,7.2752,7.2752,7.2752,7.2752,7.2752,7.2752,7.2752,7.2752,7.2752,7.2752,7.2752,7.2752,7.2752,7.2752,7.2752,7.2752,7.2752,7.2752,7.2752,7.2752,7.2752,7.2752,7.2752,7.2752,7.2752,7.2752,7.2752,7.2752,7.2752,7.2752,7.2752,7.2752,7.2752,7.2752,7.2752,7.2752,7.2752,7.2752,7.2752,7.2752,7.2752,7.2752,7.2752,7.2752,7.2752,7.2752,7.2752,7.2752,7.2752,7.2752,7.2752,7.2752,7.2752,7.2752,7.2752,7.2752,7.2752,7.2752,7.2752,7.2752,7.2752,7.2752,7.2752,7.2752,7.2752,7.2752,7.2752,7.2752,7.2752,7.2752,7.2752,7.2752,7.2752,7.2752,7.2752,7.2752,7.2752,7.2752,7.2752,7.2752,7.2752,7.2752,7.2752,7.2752,7.2752,7.2752,7.2752,7.2752,7.2752,7.2752,7.2752,7.2752,7.2752,7.2752,7.2752,7.2752,7.2752,7.2752,7.2752,7.2752,7.2752,7.2752,7.2752,7.2752,7.2752,7.2752,7.2752,7.2752,7.2752,7.2752,7.2752,7.2752,7.2752,7.2752,7.2752,7.2752,7.2752,7.2752,7.2752,7.2752,7.2752,7.2752,7.2752,7.2752,7.2752,7.2752,7.2752,7.2752,7.2752,7.2752,7.2752,7.2752,7.2752,7.2752,7.2752,7.2752,7.2752,7.2752,7.2752,7.2752,7.2752,7.2752,7.2752,7.2752,7.2752,7.2752,7.2752,7.2752,7.2752,7.2752,7.2752,7.2752,7.2752,7.2752,7.2752,7.2752,7.2752,7.2752,7.2752,7.2752,7.2752,7.2752,7.2752,7.2752,7.2752,7.2752,7.2752,7.2752,7.2752,7.2752,7.2752,7.2752,7.2752,7.2752,7.2752,7.2752,7.2752,7.2752,7.2752,7.2752,7.2752,7.2752,7.2752,7.2752,7.2752,7.2752,7.2752,7.2752,7.2752,7.2752,7.2752,7.2752,7.2752,6.0438,6.0114,5.9786,5.9437,5.9318,5.9265,5.9213,5.9161,5.9109,5.9057,5.9005,5.8953,5.8899,5.8848,5.8794,5.8743,5.8690,5.8638,5.8585,5.8534,5.8481,5.8430,5.8418,5.8410,5.8402,5.8394,5.8390,5.8379,5.8373,5.8363,5.8355,5.8347,5.8339,5.8331,5.8323,5.8315,5.8306,5.8298,5.8290,5.8282,5.8274,5.8268,5.8260,5.8252,5.8244,5.8236,5.8228,5.8220,5.8244,5.8266,5.8290,5.8313,5.8339,5.8359,5.8385,5.8406,5.8430,5.8453,5.8477,5.8499,5.8524,5.8546,5.8571,5.8593,5.8618,5.8640,5.8665,5.8687,5.8710,5.8735,5.8757,5.8780,5.8805,5.8879,5.8955,5.9032,5.9109,5.9184,5.9261,5.9339,5.9414,5.9492,5.9568,5.9646,5.9725,5.9801,5.9880,5.9959,6.0539,6.1279,6.7235,6.7165,6.7144,6.7125,6.7109,6.7085,6.7069,6.7050,6.7031,6.6999,6.6972,6.6946,6.6924,6.6895,6.6874,6.6847,6.6815,6.6789,6.6762,6.6733,6.6712,6.6677,6.6651,6.6622,6.6616,6.6624,6.6638,6.6648,6.6651,6.6664,6.6667,6.6683,6.6691,6.6698,6.6706,6.6712,6.6717,6.6730,6.6736,6.6736,6.6746,6.6754,6.6754,6.6762,6.6773,6.6773,6.6786,6.6786,6.6826,6.6887,6.6938,6.6991,6.7047,6.7101,6.7163,6.7214,6.7273,6.7330,6.7384,6.7438,6.7492,6.7546,6.7601,6.7655,6.7720,6.8003,6.8277,6.8569,6.8882,7.2752,7.2752,7.2752,7.2752,7.2752,7.2752,7.2752,7.2752,7.2752,7.2752,7.2752,7.2752,7.2752,7.2752,7.2752,7.2752,7.2752,7.2752,7.2752,7.2752,7.2752,7.2752,7.2752,7.2752,7.2752,7.2752,7.2752,7.2752,7.2752,7.2752,7.2752,7.2752,7.2752,7.2752,7.2752,7.2752,7.2752,7.2752,7.2752,7.2752,7.2752,7.2752,7.2752,7.2752,7.2752,7.2752,7.2752,7.2752,7.2752,7.2752,7.2752,7.2752,7.2752,7.2752,7.2752,7.2752,7.2752,7.2752,7.2752,7.2752,7.2752,7.2752,7.2752,7.2752,7.2752,7.2752,7.2752,7.2752,7.2752,7.2752,7.2752,7.2752,7.2752,7.2752,7.2752,7.2752,7.2752,7.2752,7.2752,7.2752,7.2752,7.2752,7.2752,7.2752,7.2752,7.2752,7.2752,7.2752,7.2752,7.2752,7.2752,7.2752,7.2752,7.2752,7.2752,7.2752,7.2752,7.2752,7.2752,7.2752,7.2752,7.2752,7.2752,7.2752,7.2752,7.2752,7.2752,7.2752,7.2752,7.2752,7.2752,7.2752,7.2752,7.2752,7.2752,7.2752,7.2752,7.2752,7.2752,7.2752,7.2752,7.2752,7.2752,7.2752,7.2752,7.2752,7.2752,7.2752,7.2752,7.2752,7.2752,7.2752,7.2752,7.2752,7.2752,7.2752,7.2752,7.2752,7.2752,7.2752,7.2752,7.2752,7.2752,7.2752,7.2752,7.2752,7.2752,7.2752,7.2752,7.2752,7.2752,7.2752,7.2752,7.2752,7.2752,7.2752,7.2752,7.2752,7.2752,7.2752,7.2752,7.2752,7.2752,7.2752,7.2752,7.2752,7.2752,7.2752,7.2752,7.2752,7.2752,7.2752,7.2752,7.2752,7.2752,7.2752,7.2752,7.2752,7.2752,7.2752,7.2752,7.2752,7.2752,7.2752,7.2752,7.2752,7.2752,7.2752,7.2752,7.2752,7.2752,7.2752,7.2752,7.2752,7.2752,7.2752,7.2752,7.2752,7.2752,7.2752,7.2752,7.2752,7.2752,7.2752,7.2752,7.2752,7.2752,7.2752,7.2752,7.2752,7.2752,7.2752,7.2752,7.2752,7.2752,7.2752,7.2752,7.2752,7.2752,7.2752,7.2752,7.2752,7.2752,7.2752,7.2752,7.2752,7.2752,7.2752,7.2752,7.2752,7.2752,7.2752,7.2752,7.2752,7.2752,7.2752,7.2752,7.2752,7.2752,7.2752,7.2752,7.2752,7.2752,7.2752,7.2752,7.2752,7.2752,7.2752,7.2752,7.2752,7.2752,7.2752,7.2752,7.2752,7.2752,7.2752,7.2752,7.2752,7.2752,7.2752,7.2752,7.2752,7.2752,7.2752,7.2752,7.2752,7.2752,7.2752,7.2752,7.2752,7.2752,7.2752,7.2752,7.2752,7.2752,7.2752,7.2752,7.2752,7.2752,7.2752,7.2752,7.2752,7.2752,7.2752,7.2752,7.2752,7.2752,7.2752,7.2752,7.2752,7.2752,7.2752,7.2752,7.2752,7.2752,7.2752,7.2752,7.2752,7.2752,7.2752,7.2752,7.2752,7.2752,7.2752,7.2752,7.2752,7.2752,7.2752,7.2752,7.2752,7.2752,7.2752,7.2752,7.2752,7.2752,7.2752,7.2752,7.2752,7.2752,7.2752,7.2752,7.2752,7.2752,7.2752,7.2752,7.2752,7.2752,7.2752,7.2752,7.2752,7.2752,7.2752,7.2752,7.2752,7.2752,7.2752,7.2752,7.2752,7.2752,7.2752,7.2752,7.2752,7.2752,7.2752,7.2752,7.2752,7.2752,7.2752,7.2752,7.2752,7.2752,7.2752,7.2752,7.2752,7.2752,7.2752,7.2752,7.2752,7.2752,7.2752,7.2752,7.2752,7.2752,7.2752,7.2752,7.2752,7.2752,7.2752,7.2752,7.2752,7.2752,7.2752,7.2752,7.2752,7.2752,7.2752,7.2752,7.2752,7.2752,7.2752,7.2752,7.2752,7.2752,7.2752,7.2752,7.2752,7.2752,7.2752,7.2752,7.2752,7.2752,7.2752,7.2752,7.2752,7.2752,7.2752,7.2752,7.2752,7.2752,7.2752,7.2752,7.2752,7.2752,7.2752,7.2752,7.2752,7.2752,7.2752,7.2752,7.2752,7.2752,7.2752,7.2752
7.2689,7.2689,7.2689,7.2689,7.2689,7.2689,7.2689,7.2689,7.2689,7.2689,7.2689,7.2689,7.2689,7.2689,7.2689,7.2689,7.2689,7.2689,7.2689,7.2689,7.2689,7.2689,7.2689,7.2689,7.2689,7.2689,7.2689,7.2689,7.2689,7.2689,7.2689,7.2689,7.2689,7.2689,7.2689,7.2689,7.2689,7.2689,7.2689,7.2689,7.2689,7.2689,7.2689,7.2689,7.2689,7.2689,7.2689,7.2689,7.2689,7.2689,7.2689,7.2689,7.2689,7.2689,7.2689,7.2689,7.2689,7.2689,7.2689,7.2689,7.2689,7.2689,7.2689,7.2689,7.2689,7.2689,7.2689,7.2689,7.2689,7.2689,7.2689,7.2689,7.2689,7.2689,7.2689,7.2689,7.2689,7.2689,7.2689,7.2689,7.2689,7.2689,7.2689,7.2689,7.2689,7.2689,7.2689,7.2689,7.2689,7.2689,7.2689,7.2689,7.2689,7.2689,7.2689,7.2689,7.2689,7.2689,7.2689,7.2689,7.2689,7.2689,7.2689,7.2689,7.2689,7.2689,7.2689,7.2689,7.2689,7.2689,7.2689,7.2689,7.2689,7.2689,7.2689,7.2689,7.2689,7.2689,7.2689,7.2689,7.2689,7.2689,7.2689,7.2689,7.2689,7.2689,7.2689,7.2689,7.2689,7.2689,7.2689,7.2689,7.2689,7.2689,7.2689,7.2689,7.2689,7.2689,7.2689,7.2689,7.2689,7.2689,7.2689,7.2689,7.2689,7.2689,7.2689,7.2689,7.2689,7.2689,7.2689,7.2689,7.2689,7.2689,7.2689,7.2689,7.2689,7.2689,7.2689,7.2689,7.2689,7.2689,7.2689,7.2689,7.2689,7.2689,7.2689,7.2689,7.2689,7.2689,7.2689,7.2689,7.2689,7.2689,7.2689,7.2689,7.2689,7.2689,7.2689,7.2689,7.2689,7.2689,7.2689,7.2689,7.2689,7.2689,7.2689,7.2689,7.2689,7.2689,7.2689,7.2689,7.2689,7.2689,7.2689,7.2689,7.2689,7.2689,7.2689,7.2689,7.2689,7.2689,7.2689,7.2689,7.2689,7.2689,7.2689,7.2689,7.2689,7.2689,7.2689,7.2689,7.2689,7.2689,7.2689,7.2689,7.2689,7.2689,7.2689,7.2689,7.2689,7.2689,7.2689,7.2689,7.2689,7.2689,7.2689,7.2689,7.2689,7.2689,7.2689,7.2689,7.2689,7.2689,7.2689,7.2689,7.2689,7.2689,7.2689,7.2689,7.2689,7.2689,7.2689,7.2689,7.2689,7.2689,7.2689,7.2689,7.2689,7.2689,7.2689,7.2689,7.2689,7.2689,7.2689,7.2689,7.2689,7.2689,7.2689,7.2689,7.2689,7.2689,7.2689,7.2689,7.2689,7.2689,7.2689,7.2689,7.2689,7.2689,7.2689,7.2689,7.2689,7.2689,7.2689,7.2689,7.2689,7.2689,7.2689,7.2689,7.2689,7.2689,7.2689,7.2689,7.2689,7.2689,7.2689,7.2689,7.2689,7.2689,7.2689,7.2689,7.2689,7.2689,7.2689,7.2689,7.2689,7.2689,7.2689,7.2689,7.2689,7.2689,7.2689,7.2689,7.2689,7.2689,7.2689,7.2689,7.2689,7.2689,7.2689,7.2689,7.2689,7.2689,7.2689,7.2689,7.2689,7.2689,7.2689,7.2689,7.2689,7.2689,7.2689,7.2689,7.2689,7.2689,7.2689,7.2689,7.2689,7.2689,7.2689,7.2689,7.2689,7.2689,7.2689,7.2689,7.2689,7.2689,7.2689,7.2689,7.2689,7.2689,7.2689,7.2689,7.2689,7.2689,7.2689,7.2689,7.2689,7.2689,7.2689,7.2689,7.2689,7.2689,7.2689,7.2689,7.2689,7.2689,7.2689,7.2689,7.2689,7.2689,7.2689,7.2689,7.2689,7.2689,7.2689,7.2689,7.2689,7.2689,7.2689,7.2689,7.2689,7.2689,7.2689,7.2689,7.2689,7.2689,7.2689,7.2689,7.2689,7.2689,7.2689,7.2689,7.2689,7.2689,7.2689,6.0643,6.0308,5.9985,5.9655,5.9339,5.9286,5.9234,5.9182,5.9132,5.9080,5.9028,5.8976,5.8924,5.8871,5.8819,5.8765,5.8714,5.8661,5.8610,5.8556,5.8506,5.8453,5.8416,5.8408,5.8398,5.8390,5.8383,5.8373,5.8367,5.8357,5.8349,5.8341,5.8333,5.8327,5.8317,5.8308,5.8300,5.8292,5.8286,5.8278,5.8270,5.8262,5.8254,5.8246,5.8238,5.8230,5.8222,5.8215,5.8215,5.8240,5.8264,5.8286,5.8310,5.8333,5.8359,5.8379,5.8404,5.8426,5.8451,5.8473,5.8497,5.8520,5.8544,5.8567,5.8591,5.8614,5.8638,5.8661,5.8685,5.8708,5.8733,5.8755,5.8778,5.8817,5.8893,5.8970,5.9046,5.9121,5.9198,5.9276,5.9351,5.9429,5.9505,5.9583,5.9661,5.9738,5.9816,5.9895,5.9972,6.0896,6.7246,6.7171,6.7114,6.7098,6.7085,6.7061,6.7050,6.7031,6.7015,6.6991,6.6975,6.6962,6.6940,6.6914,6.6887,6.6860,6.6829,6.6807,6.6781,6.6754,6.6728,6.6696,6.6672,6.6640,6.6611,6.6622,6.6624,6.6638,6.6643,6.6651,6.6659,6.6672,6.6683,6.6691,6.6698,6.6706,6.6712,6.6720,6.6733,6.6736,6.6741,6.6746,6.6754,6.6765,6.6770,6.6773,6.6783,6.6786,6.6791,6.6850,6.6906,6.6956,6.7010,6.7071,6.7122,6.7181,6.7232,6.7292,6.7343,6.7405,6.7459,6.7514,6.7568,6.7617,6.7677,6.7792,6.8077,6.8357,6.8653,6.8969,7.2689,7.2689,7.2689,7.2689,7.2689,7.2689,7.2689,7.2689,7.2689,7.2689,7.2689,7.2689,7.2689,7.2689,7.2689,7.2689,7.2689,7.2689,7.2689,7.2689,7.2689,7.2689,7.2689,7.2689,7.2689,7.2689,7.2689,7.2689,7.2689,7.2689,7.2689,7.2689,7.2689,7.2689,7.2689,7.2689,7.2689,7.2689,7.2689,7.2689,7.2689,7.2689,7.2689,7.2689,7.2689,7.2689,7.2689,7.2689,7.2689,7.2689,7.2689,7.2689,7.2689,7.2689,7.2689,7.2689,7.2689,7.2689,7.2689,7.2689,7.2689,7.2689,7.2689,7.2689,7.2689,7.2689,7.2689,7.2689,7.2689,7.2689,7.2689,7.2689,7.2689,7.2689,7.2689,7.2689,7.2689,7.2689,7.2689,7.2689,7.2689,7.2689,7.2689,7.2689,7.2689,7.2689,7.2689,7.2689,7.2689,7.2689,7.2689,7.2689,7.2689,7.2689,7.2689,7.2689,7.2689,7.2689,7.2689,7.2689,7.2689,7.2689,7.2689,7.2689,7.2689,7.2689,7.2689,7.2689,7.2689,7.2689,7.2689,7.2689,7.2689,7.2689,7.2689,7.2689,7.2689,7.2689,7.2689,7.2689,7.2689,7.2689,7.2689,7.2689,7.2689,7.2689,7.2689,7.2689,7.2689,7.2689,7.2689,7.2689,7.2689,7.2689,7.2689,7.2689,7.2689,7.2689,7.2689,7.2689,7.2689,7.2689,7.2689,7.2689,7.2689,7.2689,7.2689,7.2689,7.2689,7.2689,7.2689,7.2689,7.2689,7.2689,7.2689,7.2689,7.2689,7.2689,7.2689,7.2689,7.2689,7.2689,7.2689,7.2689,7.2689,7.2689,7.2689,7.2689,7.2689,7.2689,7.2689,7.2689,7.2689,7.2689,7.2689,7.2689,7.2689,7.2689,7.2689,7.2689,7.2689,7.2689,7.2689,7.2689,7.2689,7.2689,7.2689,7.2689,7.2689,7.2689,7.2689,7.2689,7.2689,7.2689,7.2689,7.2689,7.2689,7.2689,7.2689,7.2689,7.2689,7.2689,7.2689,7.2689,7.2689,7.2689,7.2689,7.2689,7.2689,7.2689,7.2689,7.2689,7.2689,7.2689,7.2689,7.2689,7.2689,7.2689,7.2689,7.2689,7.2689,7.2689,7.2689,7.2689,7.2689,7.2689,7.2689,7.2689,7.2689,7.2689,7.2689,7.2689,7.2689,7.2689,7.2689,7.2689,7.2689,7.2689,7.2689,7.2689,7.2689,7.2689,7.2689,7.2689,7.2689,7.2689,7.2689,7.2689,7.2689,7.2689,7.2689,7.2689,7.2689,7.2689,7.2689,7.2689,7.2689,7.2689,7.2689,7.2689,7.2689,7.2689,7.2689,7.2689,7.2689,7.2689,7.2689,7.2689,7.2689,7.2689,7.2689,7.2689,7.2689,7.2689,7.2689,7.2689,7.2689,7.2689,7.2689,7.2689,7.2689,7.2689,7.2689,7.2689,7.2689,7.2689,7.2689,7.2689,7.2689,7.2689,7.2689,7.2689,7.2689,7.2689,7.2689,7.2689,7.2689,7.2689,7.2689,7.2689,7.2689,7.2689,7.2689,7.2689,7.2689,7.2689,7.2689,7.2689,7.2689,7.2689,7.2689,7.2689,7.2689,7.2689,7.2689,7.2689,7.2689,7.2689,7.2689,7.2689,7.2689,7.2689,7.2689,7.2689,7.2689,7.2689,7.2689,7.2689,7.2689,7.2689,7.2689,7.2689,7.2689,7.2689,7.2689,7.2689,7.2689,7.2689,7.2689,7.2689,7.2689,7.2689,7.2689,7.2689,7.2689,7.2689,7.2689,7.2689,7.2689,7.2689,7.2689,7.2689,7.2689,7.2689,7.2689,7.2689,7.2689,7.2689,7.2689,7.2689,7.2689,7.2689,7.2689,7.2689,7.2689,7.2689,7.2689,7.2689,7.2689,7.2689,7.2689,7.2689,7.2689,7.2689,7.2689,7.2689,7.2689,7.2689,7.2689,7.2689,7.2689,7.2689,7.2689,7.2689,7.2689,7.2689,7.2692,7.2692,7.2692,7.2692,7.2692,7.2692,7.2692,7.2692,7.2692,7.2692,7.2692,7.2692,7.2692,7.2692,7.2692,7.2692,7.2692,7.2692,7.2692,7.2692,7.2692,7.2692,7.2692,7.2692,7.2692,7.2692,7.2692
7.2629,7.2629,7.2629,7.2629,7.2629,7.2629,7.2629,7.2629,7.2629,7.2629,7.2629,7.2629,7.2629,7.2629,7.2629,7.2629,7.2629,7.2629,7.2629,7.2629,7.2629,7.2629,7.2629,7.2629,7.2629,7.2629,7.2629,7.2629,7.2629,7.2629,7.2629,7.2629,7.2629,7.2629,7.2629,7.2629,7.2629,7.2629,7.2629,7.2629,7.2629,7.2629,7.2629,7.2629,7.2629,7.2629,7.2629,7.2629,7.2629,7.2629,7.2629,7.2629,7.2629,7.2629,7.2629,7.2629,7.2629,7.2629,7.2629,7.2629,7.2629,7.2629,7.2629,7.2629,7.2629,7.2629,7.2629,7.2629,7.2629,7.2629,7.2629,7.2629,7.2629,7.2629,7.2629,7.2629,7.2629,7.2629,7.2629,7.2629,7.2629,7.2629,7.2629,7.2629,7.2629,7.2629,7.2629,7.2629,7.2629,7.2629,7.2629,7.2629,7.2629,7.2629,7.2629,7.2629,7.2629,7.2629,7.2629,7.2629,7.2629,7.2629,7.2629,7.2629,7.2629,7.2629,7.2629,7.2629,7.2629,7.2629,7.2629,7.2629,7.2629,7.2629,7.2629,7.2629,7.2629,7.2629,7.2629,7.2629,7.2629,7.2629,7.2629,7.2629,7.2629,7.2629,7.2629,7.2629,7.2629,7.2629,7.2629,7.2629,7.2629,7.2629,7.2629,7.2629,7.2629,7.2629,7.2629,7.2629,7.2629,7.2629,7.2629,7.2629,7.2629,7.2629,7.2629,7.2629,7.2629,7.2629,7.2629,7.2629,7.2629,7.2629,7.2629,7.2629,7.2629,7.2629,7.2629,7.2629,7.2629,7.2629,7.2629,7.2629,7.2629,7.2629,7.2629,7.2629,7.2629,7.2629,7.2629,7.2629,7.2629,7.2629,7.2629,7.2629,7.2629,7.2629,7.2629,7.2629,7.2629,7.2629,7.2629,7.2629,7.2629,7.2629,7.2629,7.2629,7.2629,7.2629,7.2629,7.2629,7.2629,7.2629,7.2629,7.2629,7.2629,7.2629,7.2629,7.2629,7.2629,7.2629,7.2629,7.2629,7.2629,7.2629,7.2629,7.2629,7.2629,7.2629,7.2629,7.2629,7.2629,7.2629,7.2629,7.2629,7.2629,7.2629,7.2629,7.2629,7.2629,7.2629,7.2629,7.2629,7.2629,7.2629,7.2629,7.2629,7.2629,7.2629,7.2629,7.2629,7.2629,7.2629,7.2629,7.2629,7.2629,7.2629,7.2629,7.2629,7.2629,7.2629,7.2629,7.2629,7.2629,7.2629,7.2629,7.2629,7.2629,7.2629,7.2629,7.2629,7.2629,7.2629,7.2629,7.2629,7.2629,7.2629,7.2629,7.2629,7.2629,7.2629,7.2629,7.2629,7.2629,7.2629,7.2629,7.2629,7.2629,7.2629,7.2629,7.2629,7.2629,7.2629,7.2629,7.2629,7.2629,7.2629,7.2629,7.2629,7.2629,7.2629,7.2629,7.2629,7.2629,7.2629,7.2629,7.2629,7.2629,7.2629,7.2629,7.2629,7.2629,7.2629,7.2629,7.2629,7.2629,7.2629,7.2629,7.2629,7.2629,7.2629,7.2629,7.2629,7.2629,7.2629,7.2629,7.2629,7.2629,7.2629,7.2629,7.2629,7.2629,7.2629,7.2629,7.2629,7.2629,7.2629,7.2629,7.2629,7.2629,7.2629,7.2629,7.2629,7.2629,7.2629,7.2629,7.2629,7.2629,7.2629,7.2629,7.2629,7.2629,7.2629,7.2629,7.2629,7.2629,7.2629,7.2629,7.2629,7.2629,7.2629,7.2629,7.2629,7.2629,7.2629,7.2629,7.2629,7.2629,7.2629,7.2629,7.2629,7.2629,7.2629,7.2629,7.2629,7.2629,7.2629,7.2629,7.2629,7.2629,7.2629,7.2629,7.2629,7.2629,7.2629,7.2629,7.2629,7.2629,7.2629,7.2629,7.2629,7.2629,7.2629,7.2629,7.2629,7.2629,7.2629,7.2629,7.2629,7.2629,7.2629,7.2629,7.2629,7.2629,7.2629,7.2629,6.0504,6.0178,5.9857,5.9526,5.9309,5.9257,5.9205,5.9153,5.9101,5.9049,5.8997,5.8945,5.8895,5.8844,5.8790,5.8739,5.8685,5.8634,5.8581,5.8528,5.8477,5.8424,5.8400,5.8394,5.8383,5.8377,5.8367,5.8359,5.8353,5.8345,5.8337,5.8327,5.8319,5.8310,5.8302,5.8296,5.8288,5.8280,5.8272,5.8264,5.8256,5.8248,5.8240,5.8232,5.8226,5.8218,5.8209,5.8201,5.8213,5.8236,5.8260,5.8282,5.8306,5.8329,5.8355,5.8377,5.8400,5.8424,5.8446,5.8471,5.8493,5.8518,5.8540,5.8565,5.8587,5.8612,5.8634,5.8659,5.8681,5.8706,5.8729,5.8753,5.8776,5.8831,5.8908,5.8984,5.9059,5.9136,5.9211,5.9288,5.9366,5.9441,5.9519,5.9598,5.9674,5.9752,5.9829,5.9908,6.0122,6.1261,6.7176,6.7104,6.7077,6.7061,6.7042,6.7021,6.7004,6.6991,6.6972,6.6956,6.6938,6.6916,6.6903,6.6887,6.6863,6.6842,6.6821,6.6797,6.6765,6.6744,6.6717,6.6685,6.6661,6.6635,6.6609,6.6622,6.6624,6.6632,6.6646,6.6651,6.6664,6.6672,6.6683,6.6691,6.6698,6.6704,6.6712,6.6728,6.6738,6.6744,6.6751,6.6757,6.6759,6.6765,6.6775,6.6778,6.6789,6.6794,6.6815,6.6866,6.6924,6.6975,6.7031,6.7085,6.7141,6.7195,6.7257,6.7313,6.7362,6.7419,6.7481,6.7535,6.7584,6.7644,6.7699,6.7866,6.8149,6.8432,6.8743,6.9054,7.2629,7.2629,7.2629,7.2629,7.2629,7.2629,7.2629,7.2629,7.2629,7.2629,7.2629,7.2629,7.2629,7.2629,7.2629,7.2629,7.2629,7.2629,7.2629,7.2629,7.2629,7.2629,7.2629,7.2629,7.2629,7.2629,7.2629,7.2629,7.2629,7.2629,7.2629,7.2629,7.2629,7.2629,7.2629,7.2629,7.2629,7.2629,7.2629,7.2629,7.2629,7.2629,7.2629,7.2629,7.2629,7.2629,7.2629,7.2629,7.2629,7.2629,7.2629,7.2629,7.2629,7.2629,7.2629,7.2629,7.2629,7.2629,7.2629,7.2629,7.2629,7.2629,7.2629,7.2629,7.2629,7.2629,7.2629,7.2629,7.2629,7.2629,7.2629,7.2629,7.2629,7.2629,7.2629,7.2629,7.2629,7.2629,7.2629,7.2629,7.2629,7.2629,7.2629,7.2629,7.2629,7.2629,7.2629,7.2629,7.2629,7.2629,7.2629,7.2629,7.2629,7.2629,7.2629,7.2629,7.2629,7.2629,7.2629,7.2629,7.2629,7.2629,7.2629,7.2629,7.2629,7.2629,7.2629,7.2629,7.2629,7.2629,7.2629,7.2629,7.2629,7.2629,7.2629,7.2629,7.2629,7.2629,7.2629,7.2629,7.2629,7.2629,7.2629,7.2629,7.2629,7.2629,7.2629,7.2629,7.2629,7.2629,7.2629,7.2629,7.2629,7.2629,7.2629,7.2629,7.2629,7.2629,7.2629,7.2629,7.2629,7.2629,7.2629,7.2629,7.2629,7.2629,7.2629,7.2629,7.2629,7.2629,7.2629,7.2629,7.2629,7.2629,7.2629,7.2629,7.2629,7.2629,7.2629,7.2629,7.2629,7.2629,7.2629,7.2629,7.2629,7.2629,7.2629,7.2629,7.2629,7.2629,7.2629,7.2629,7.2629,7.2629,7.2629,7.2629,7.2629,7.2629,7.2629,7.2629,7.2629,7.2629,7.2629,7.2629,7.2629,7.2629,7.2629,7.2629,7.2629,7.2629,7.2629,7.2629,7.2629,7.2629,7.2629,7.2629,7.2629,7.2629,7.2629,7.2629,7.2629,7.2629,7.2629,7.2629,7.2629,7.2629,7.2629,7.2629,7.2629,7.2629,7.2629,7.2629,7.2629,7.2629,7.2629,7.2629,7.2629,7.2629,7.2629,7.2629,7.2629,7.2629,7.2629,7.2629,7.2629,7.2629,7.2629,7.2629,7.2629,7.2629,7.2629,7.2629,7.2629,7.2629,7.2629,7.2629,7.2629,7.2629,7.2629,7.2629,7.2629,7.2629,7.2629,7.2629,7.2629,7.2629,7.2629,7.2629,7.2629,7.2629,7.2629,7.2629,7.2629,7.2629,7.2629,7.2629,7.2629,7.2629,7.2629,7.2629,7.2629,7.2629,7.2629,7.2629,7.2629,7.2629,7.2629,7.2629,7.2629,7.2629,7.2629,7.2629,7.2629,7.2629,7.2629,7.2629,7.2629,7.2629,7.2629,7.2629,7.2629,7.2629,7.2629,7.2629,7.2629,7.2629,7.2629,7.2629,7.2629,7.2629,7.2629,7.2629,7.2629,7.2629,7.2629,7.2629,7.2629,7.2629,7.2629,7.2629,7.2629,7.2629,7.2629,7.2629,7.2629,7.2629,7.2629,7.2629,7.2629,7.2629,7.2629,7.2629,7.2629,7.2629,7.2629,7.2629,7.2629,7.2629,7.2629,7.2629,7.2629,7.2629,7.2629,7.2629,7.2629,7.2629,7.2629,7.2629,7.2629,7.2629,7.2629,7.2629,7.2629,7.2629,7.2629,7.2629,7.2629,7.2629,7.2629,7.2629,7.2629,7.2629,7.2629,7.2629,7.2629,7.2629,7.2629,7.2629,7.2629,7.2629,7.2629,7.2629,7.2629,7.2629,7.2629,7.2629,7.2629,7.2629,7.2629,7.2629,7.2629,7.2629,7.2629,7.2629,7.2629,7.2629,7.2629,7.2629,7.2629,7.2629,7.2629,7.2629,7.2629,7.2629,7.2629,7.2629,7.2629,7.2629,7.2629,7.2629,7.2629,7.2629,7.2629,7.2629,7.2629,7.2629,7.2629,7.2629,7.2629,7.2629,7.2629,7.2629,7.2629,7.2629,7.2629,7.2629,7.2629,7.2629,7.2629,7.2629,7.2629,7.2629,7.2629,7.2629,7.2629,7.2629,7.2629,7.2629,7.2629,7.2629,7.2629,7.2629,7.2629
7.2576,7.2576,7.2576,7.2576,7.2576,7.2576,7.2576,7.2576,7.2576,7.2576,7.2576,7.2576,7.2576,7.2576,7.2576,7.2576,7.2576,7.2576,7.2576,7.2576,7.2576,7.2576,7.2576,7.2576,7.2576,7.2576,7.2576,7.2576,7.2576,7.2576,7.2576,7.2576,7.2576,7.2576,7.2576,7.2576,7.2576,7.2576,7.2576,7.2576,7.2576,7.2576,7.2576,7.2576,7.2576,7.2576,7.2576,7.2576,7.2576,7.2576,7.2576,7.2576,7.2576,7.2576,7.2576,7.2576,7.2576,7.2576,7.2576,7.2576,7.2576,7.2576,7.2576,7.2576,7.2576,7.2576,7.2576,7.2576,7.2576,7.2576,7.2576,7.2576,7.2576,7.2576,7.2576,7.2576,7.2576,7.2576,7.2576,7.2576,7.2576,7.2576,7.2576,7.2576,7.2576,7.2576,7.2576,7.2576,7.2576,7.2576,7.2576,7.2576,7.2576,7.2576,7.2576,7.2576,7.2576,7.2576,7.2576,7.2576,7.2576,7.2576,7.2576,7.2576,7.2576,7.2576,7.2576,7.2576,7.2576,7.2576,7.2576,7.2576,7.2576,7.2576,7.2576,7.2576,7.2576,7.2576,7.2576,7.2576,7.2576,7.2576,7.2576,7.2576,7.2576,7.2576,7.2576,7.2576,7.2576,7.2576,7.2576,7.2576,7.2576,7.2576,7.2576,7.2576,7.2576,7.2576,7.2576,7.2576,7.2576,7.2576,7.2576,7.2576,7.2576,7.2576,7.2576,7.2576,7.2576,7.2576,7.2576,7.2576,7.2576,7.2576,7.2576,7.2576,7.2576,7.2576,7.2576,7.2576,7.2576,7.2576,7.2576,7.2576,7.2576,7.2576,7.2576,7.2576,7.2576,7.2576,7.2576,7.2576,7.2576,7.2576,7.2576,7.2576,7.2576,7.2576,7.2576,7.2576,7.2576,7.2576,7.2576,7.2576,7.2576,7.2576,7.2576,7.2576,7.2576,7.2576,7.2576,7.2576,7.2576,7.2576,7.2576,7.2576,7.2576,7.2576,7.2576,7.2576,7.2576,7.2576,7.2576,7.2576,7.2576,7.2576,7.2576,7.2576,7.2576,7.2576,7.2576,7.2576,7.2576,7.2576,7.2576,7.2576,7.2576,7.2576,7.2576,7.2576,7.2576,7.2576,7.2576,7.2576,7.2576,7.2576,7.2576,7.2576,7.2576,7.2576,7.2576,7.2576,7.2576,7.2576,7.2576,7.2576,7.2576,7.2576,7.2576,7.2576,7.2576,7.2576,7.2576,7.2576,7.2576,7.2576,7.2576,7.2576,7.2576,7.2576,7.2576,7.2576,7.2576,7.2576,7.2576,7.2576,7.2576,7.2576,7.2576,7.2576,7.2576,7.2576,7.2576,7.2576,7.2576,7.2576,7.2576,7.2576,7.2576,7.2576,7.2576,7.2576,7.2576,7.2576,7.2576,7.2576,7.2576,7.2576,7.2576,7.2576,7.2576,7.2576,7.2576,7.2576,7.2576,7.2576,7.2576,7.2576,7.2576,7.2576,7.2576,7.2576,7.2576,7.2576,7.2576,7.2576,7.2576,7.2576,7.2576,7.2576,7.2576,7.2576,7.2576,7.2576,7.2576,7.2576,7.2576,7.2576,7.2576,7.2576,7.2576,7.2576,7.2576,7.2576,7.2576,7.2576,7.2576,7.2576,7.2576,7.2576,7.2576,7.2576,7.2576,7.2576,7.2576,7.2576,7.2576,7.2576,7.2576,7.2576,7.2576,7.2576,7.2576,7.2576,7.2576,7.2576,7.2576,7.2576,7.2576,7.2576,7.2576,7.2576,7.2576,7.2576,7.2576,7.2576,7.2576,7.2576,7.2576,7.2576,7.2576,7.2576,7.2576,7.2576,7.2576,7.2576,7.2576,7.2576,7.2576,7.2576,7.2576,7.2576,7.2576,7.2576,7.2576,7.2576,7.2576,7.2576,7.2576,7.2576,7.2576,7.2576,7.2576,7.2576,7.2576,7.2576,7.2576,7.2576,7.2576,7.2576,7.2576,7.2576,7.2576,7.2576,7.2576,7.2576,7.2576,6.0373,6.0054,5.9731,5.9395,5.9280,5.9228,5.9175,5.9123,5.9071,5.9020,5.8968,5.8916,5.8864,5.8813,5.8761,5.8710,5.8657,5.8606,5.8552,5.8501,5.8448,5.8398,5.8388,5.8377,5.8371,5.8361,5.8353,5.8345,5.8337,5.8329,5.8323,5.8315,5.8306,5.8298,5.8290,5.8282,5.8274,5.8266,5.8258,5.8250,5.8244,5.8236,5.8228,5.8220,5.8211,5.8203,5.8195,5.8187,5.8209,5.8234,5.8256,5.8280,5.8302,5.8329,5.8349,5.8373,5.8396,5.8420,5.8442,5.8467,5.8491,5.8514,5.8538,5.8561,5.8585,5.8608,5.8632,5.8655,5.8679,5.8702,5.8726,5.8749,5.8774,5.8846,5.8922,5.8997,5.9073,5.9148,5.9226,5.9303,5.9378,5.9456,5.9534,5.9610,5.9689,5.9765,5.9844,5.9923,6.0475,6.7181,6.7109,6.7050,6.7037,6.7015,6.6996,6.6980,6.6967,6.6948,6.6932,6.6911,6.6898,6.6879,6.6863,6.6839,6.6823,6.6805,6.6794,6.6770,6.6757,6.6730,6.6704,6.6677,6.6651,6.6624,6.6606,6.6622,6.6630,6.6632,6.6646,6.6651,6.6659,6.6675,6.6677,6.6693,6.6701,6.6712,6.6717,6.6730,6.6741,6.6749,6.6751,6.6757,6.6767,6.6775,6.6775,6.6786,6.6794,6.6794,6.6834,6.6884,6.6938,6.6999,6.7055,6.7104,6.7160,6.7222,6.7276,6.7327,6.7386,6.7443,6.7500,6.7549,6.7606,6.7660,6.7715,6.7940,6.8232,6.8519,6.8828,7.2576,7.2576,7.2576,7.2576,7.2576,7.2576,7.2576,7.2576,7.2576,7.2576,7.2576,7.2576,7.2576,7.2576,7.2576,7.2576,7.2576,7.2576,7.2576,7.2576,7.2576,7.2576,7.2576,7.2576,7.2576,7.2576,7.2576,7.2576,7.2576,7.2576,7.2576,7.2576,7.2576,7.2576,7.2576,7.2576,7.2576,7.2576,7.2576,7.2576,7.2576,7.2576,7.2576,7.2576,7.2576,7.2576,7.2576,7.2576,7.2576,7.2576,7.2576,7.2576,7.2576,7.2576,7.2576,7.2576,7.2576,7.2576,7.2576,7.2576,7.2576,7.2576,7.2576,7.2576,7.2576,7.2576,7.2576,7.2576,7.2576,7.2576,7.2576,7.2576,7.2576,7.2576,7.2576,7.2576,7.2576,7.2576,7.2576,7.2576,7.2576,7.2576,7.2576,7.2576,7.2576,7.2576,7.2576,7.2576,7.2576,7.2576,7.2576,7.2576,7.2576,7.2576,7.2576,7.2576,7.2576,7.2576,7.2576,7.2576,7.2576,7.2576,7.2576,7.2576,7.2576,7.2576,7.2576,7.2576,7.2576,7.2576,7.2576,7.2576,7.2576,7.2576,7.2576,7.2576,7.2576,7.2576,7.2576,7.2576,7.2576,7.2576,7.2576,7.2576,7.2576,7.2576,7.2576,7.2576,7.2576,7.2576,7.2576,7.2576,7.2576,7.2576,7.2576,7.2576,7.2576,7.2576,7.2576,7.2576,7.2576,7.2576,7.2576,7.2576,7.2576,7.2576,7.2576,7.2576,7.2576,7.2576,7.2576,7.2576,7.2576,7.2576,7.2576,7.2576,7.2576,7.2576,7.2576,7.2576,7.2576,7.2576,7.2576,7.2576,7.2576,7.2576,7.2576,7.2576,7.2576,7.2576,7.2576,7.2576,7.2576,7.2576,7.2576,7.2576,7.2576,7.2576,7.2576,7.2576,7.2576,7.2576,7.2576,7.2576,7.2576,7.2576,7.2576,7.2576,7.2576,7.2576,7.2576,7.2576,7.2576,7.2576,7.2576,7.2576,7.2576,7.2576,7.2576,7.2576,7.2576,7.2576,7.2576,7.2576,7.2576,7.2576,7.2576,7.2576,7.2576,7.2576,7.2576,7.2576,7.2576,7.2576,7.2576,7.2576,7.2576,7.2576,7.2576,7.2576,7.2576,7.2576,7.2576,7.2576,7.2576,7.2576,7.2576,7.2576,7.2576,7.2576,7.2576,7.2576,7.2576,7.2576,7.2576,7.2576,7.2576,7.2576,7.2576,7.2576,7.2576,7.2576,7.2576,7.2576,7.2576,7.2576,7.2576,7.2576,7.2576,7.2576,7.2576,7.2576,7.2576,7.2576,7.2576,7.2576,7.2576,7.2576,7.2576,7.2576,7.2576,7.2576,7.2576,7.2576,7.2576,7.2576,7.2576,7.2576,7.2576,7.2576,7.2576,7.2576,7.2576,7.2576,7.2576,7.2576,7.2576,7.2576,7.2576,7.2576,7.2576,7.2576,7.2576,7.2576,7.2576,7.2576,7.2576,7.2576,7.2576,7.2576,7.2576,7.2576,7.2576,7.2576,7.2576,7.2576,7.2576,7.2576,7.2576,7.2576,7.2576,7.2576,7.2576,7.2576,7.2576,7.2576,7.2576,7.2576,7.2576,7.2576,7.2576,7.2576,7.2576,7.2576,7.2576,7.2576,7.2576,7.2576,7.2576,7.2576,7.2576,7.2576,7.2576,7.2576,7.2576,7.2576,7.2576,7.2576,7.2576,7.2576,7.2576,7.2576,7.2576,7.2576,7.2576,7.2576,7.2576,7.2576,7.2576,7.2576,7.2576,7.2576,7.2576,7.2576,7.2576,7.2576,7.2576,7.2576,7.2576,7.2576,7.2576,7.2576,7.2576,7.2576,7.2576,7.2576,7.2576,7.2576,7.2576,7.2576,7.2576,7.2576,7.2576,7.2576,7.2576,7.2576,7.2576,7.2576,7.2576,7.2576,7.2576,7.2576,7.2576,7.2576,7.2576,7.2576,7.2576,7.2576,7.2576,7.2576,7.2576,7.2576,7.2576,7.2576,7.2576,7.2576,7.2576,7.2576,7.2576,7.2576,7.2576,7.2576,7.2576,7.2576,7.2576,7.2576,7.2576,7.2576,7.2576,7.2576,7.2576,7.2576,7.2576,7.2576,7.2576,7.2576,7.2576,7.2576,7.2576,7.2576,7.2576,7.2576,7.2576,7.2576
7.2516,7.2516,7.2516,7.2516,7.2516,7.2516,7.2516,7.2516,7.2516,7.2516,7.2516,7.2516,7.2516,7.2516,7.2516,7.2516,7.2516,7.2516,7.2516,7.2516,7.2516,7.2516,7.2516,7.2516,7.2516,7.2516,7.2516,7.2516,7.2516,7.2516,7.2516,7.2516,7.2516,7.2516,7.2516,7.2516,7.2516,7.2516,7.2516,7.2516,7.2516,7.2516,7.2516,7.2516,7.2516,7.2516,7.2516,7.2516,7.2516,7.2516,7.2516,7.2516,7.2516,7.2516,7.2516,7.2516,7.2516,7.2516,7.2516,7.2516,7.2516,7.2516,7.2516,7.2516,7.2516,7.2516,7.2516,7.2516,7.2516,7.2516,7.2516,7.2516,7.2516,7.2516,7.2516,7.2516,7.2516,7.2516,7.2516,7.2516,7.2516,7.2516,7.2516,7.2516,7.2516,7.2516,7.2516,7.2516,7.2516,7.2516,7.2516,7.2516,7.2516,7.2516,7.2516,7.2516,7.2516,7.2516,7.2516,7.2516,7.2516,7.2516,7.2516,7.2516,7.2516,7.2516,7.2516,7.2516,7.2516,7.2516,7.2516,7.2516,7.2516,7.2516,7.2516,7.2516,7.2516,7.2516,7.2516,7.2516,7.2516,7.2516,7.2516,7.2516,7.2516,7.2516,7.2516,7.2516,7.2516,7.2516,7.2516,7.2516,7.2516,7.2516,7.2516,7.2516,7.2516,7.2516,7.2516,7.2516,7.2516,7.2516,7.2516,7.2516,7.2516,7.2516,7.2516,7.2516,7.2516,7.2516,7.2516,7.2516,7.2516,7.2516,7.2516,7.2516,7.2516,7.2516,7.2516,7.2516,7.2516,7.2516,7.2516,7.2516,7.2516,7.2516,7.2516,7.2516,7.2516,7.2516,7.2516,7.2516,7.2516,7.2516,7.2516,7.2516,7.2516,7.2516,7.2516,7.2516,7.2516,7.2516,7.2516,7.2516,7.2516,7.2516,7.2516,7.2516,7.2516,7.2516,7.2516,7.2516,7.2516,7.2516,7.2516,7.2516,7.2516,7.2516,7.2516,7.2516,7.2516,7.2516,7.2516,7.2516,7.2516,7.2516,7.2516,7.2516,7.2516,7.2516,7.2516,7.2516,7.2516,7.2516,7.2516,7.2516,7.2516,7.2516,7.2516,7.2516,7.2516,7.2516,7.2516,7.2516,7.2516,7.2516,7.2516,7.2516,7.2516,7.2516,7.2516,7.2516,7.2516,7.2516,7.2516,7.2516,7.2516,7.2516,7.2516,7.2516,7.2516,7.2516,7.2516,7.2516,7.2516,7.2516,7.2516,7.2516,7.2516,7.2516,7.2516,7.2516,7.2516,7.2516,7.2516,7.2516,7.2516,7.2516,7.2516,7.2516,7.2516,7.2516,7.2516,7.2516,7.2516,7.2516,7.2516,7.2516,7.2516,7.2516,7.2516,7.2516,7.2516,7.2516,7.2516,7.2516,7.2516,7.2516,7.2516,7.2516,7.2516,7.2516,7.2516,7.2516,7.2516,7.2516,7.2516,7.2516,7.2516,7.2516,7.2516,7.2516,7.2516,7.2516,7.2516,7.2516,7.2516,7.2516,7.2516,7.2516,7.2516,7.2516,7.2516,7.2516,7.2516,7.2516,7.2516,7.2516,7.2516,7.2516,7.2516,7.2516,7.2516,7.2516,7.2516,7.2516,7.2516,7.2516,7.2516,7.2516,7.2516,7.2516,7.2516,7.2516,7.2516,7.2516,7.2516,7.2516,7.2516,7.2516,7.2516,7.2516,7.2516,7.2516,7.2516,7.2516,7.2516,7.2516,7.2516,7.2516,7.2516,7.2516,7.2516,7.2516,7.2516,7.2516,7.2516,7.2516,7.2516,7.2516,7.2516,7.2516,7.2516,7.2516,7.2516,7.2516,7.2516,7.2516,7.2516,7.2516,7.2516,7.2516,7.2516,7.2516,7.2516,7.2516,7.2516,7.2516,7.2516,7.2516,7.2516,7.2516,7.2516,7.2516,7.2516,7.2516,7.2516,7.2516,7.2516,7.2516,7.2516,7.2516,7.2516,7.2516,7.2516,7.2516,6.0571,6.0245,5.9923,5.9604,5.9303,5.9251,5.9198,5.9146,5.9094,5.9042,5.8990,5.8939,5.8887,5.8835,5.8784,5.8733,5.8681,5.8628,5.8577,5.8524,5.8473,5.8420,5.8379,5.8371,5.8367,5.8355,5.8349,5.8341,5.8333,5.8327,5.8317,5.8308,5.8300,5.8292,5.8284,5.8276,5.8268,5.8260,5.8254,5.8246,5.8238,5.8230,5.8222,5.8213,5.8205,5.8197,5.8189,5.8183,5.8183,5.8207,5.8230,5.8254,5.8276,5.8300,5.8323,5.8347,5.8369,5.8396,5.8416,5.8440,5.8463,5.8487,5.8510,5.8534,5.8556,5.8581,5.8606,5.8628,5.8653,5.8675,5.8700,5.8722,5.8747,5.8784,5.8860,5.8935,5.9011,5.9086,5.9163,5.9240,5.9316,5.9393,5.9469,5.9547,5.9625,5.9701,5.9780,5.9859,5.9936,6.0832,6.7109,6.7034,6.7007,6.6991,6.6978,6.6956,6.6943,6.6922,6.6908,6.6890,6.6874,6.6852,6.6839,6.6815,6.6805,6.6781,6.6770,6.6746,6.6736,6.6712,6.6696,6.6683,6.6661,6.6640,6.6614,6.6606,6.6622,6.6624,6.6638,6.6648,6.6659,6.6667,6.6677,6.6685,6.6696,6.6704,6.6714,6.6720,6.6733,6.6744,6.6751,6.6759,6.6762,6.6773,6.6778,6.6781,6.6786,6.6799,6.6799,6.6847,6.6908,6.6959,6.7018,6.7074,6.7128,6.7184,6.7235,6.7289,6.7346,6.7408,6.7462,6.7519,6.7576,6.7625,6.7688,6.7742,6.8022,6.8316,6.8600,6.8910,7.2516,7.2516,7.2516,7.2516,7.2516,7.2516,7.2516,7.2516,7.2516,7.2516,7.2516,7.2516,7.2516,7.2516,7.2516,7.2516,7.2516,7.2516,7.2516,7.2516,7.2516,7.2516,7.2516,7.2516,7.2516,7.2516,7.2516,7.2516,7.2516,7.2516,7.2516,7.2516,7.2516,7.2516,7.2516,7.2516,7.2516,7.2516,7.2516,7.2516,7.2516,7.2516,7.2516,7.2516,7.2516,7.2516,7.2516,7.2516,7.2516,7.2516,7.2516,7.2516,7.2516,7.2516,7.2516,7.2516,7.2516,7.2516,7.2516,7.2516,7.2516,7.2516,7.2516,7.2516,7.2516,7.2516,7.2516,7.2516,7.2516,7.2516,7.2516,7.2516,7.2516,7.2516,7.2516,7.2516,7.2516,7.2516,7.2516,7.2516,7.2516,7.2516,7.2516,7.2516,7.2516,7.2516,7.2516,7.2516,7.2516,7.2516,7.2516,7.2516,7.2516,7.2516,7.2516,7.2516,7.2516,7.2516,7.2516,7.2516,7.2516,7.2516,7.2516,7.2516,7.2516,7.2516,7.2516,7.2516,7.2516,7.2516,7.2516,7.2516,7.2516,7.2516,7.2516,7.2516,7.2516,7.2516,7.2516,7.2516,7.2516,7.2516,7.2516,7.2516,7.2516,7.2516,7.2516,7.2516,7.2516,7.2516,7.2516,7.2516,7.2516,7.2516,7.2516,7.2516,7.2516,7.2516,7.2516,7.2516,7.2516,7.2516,7.2516,7.2516,7.2516,7.2516,7.2516,7.2516,7.2516,7.2516,7.2516,7.2516,7.2516,7.2516,7.2516,7.2516,7.2516,7.2516,7.2516,7.2516,7.2516,7.2516,7.2516,7.2516,7.2516,7.2516,7.2516,7.2516,7.2516,7.2516,7.2516,7.2516,7.2516,7.2516,7.2516,7.2516,7.2516,7.2516,7.2516,7.2516,7.2516,7.2516,7.2516,7.2516,7.2516,7.2516,7.2516,7.2516,7.2516,7.2516,7.2516,7.2516,7.2516,7.2516,7.2516,7.2516,7.2516,7.2516,7.2516,7.2516,7.2516,7.2516,7.2516,7.2516,7.2516,7.2516,7.2516,7.2516,7.2516,7.2516,7.2516,7.2516,7.2516,7.2516,7.2516,7.2516,7.2516,7.2516,7.2516,7.2516,7.2516,7.2516,7.2516,7.2516,7.2516,7.2516,7.2516,7.2516,7.2516,7.2516,7.2516,7.2516,7.2516,7.2516,7.2516,7.2516,7.2516,7.2516,7.2516,7.2516,7.2516,7.2516,7.2516,7.2516,7.2516,7.2516,7.2516,7.2516,7.2516,7.2516,7.2516,7.2516,7.2516,7.2516,7.2516,7.2516,7.2516,7.2516,7.2516,7.2516,7.2516,7.2516,7.2516,7.2516,7.2516,7.2516,7.2516,7.2516,7.2516,7.2516,7.2516,7.2516,7.2516,7.2516,7.2516,7.2516,7.2516,7.2516,7.2516,7.2516,7.2516,7.2516,7.2516,7.2516,7.2516,7.2516,7.2516,7.2516,7.2516,7.2516,7.2516,7.2516,7.2516,7.2516,7.2516,7.2516,7.2516,7.2516,7.2516,7.2516,7.2516,7.2516,7.2516,7.2516,7.2516,7.2516,7.2516,7.2516,7.2516,7.2516,7.2516,7.2516,7.2516,7.2516,7.2516,7.2516,7.2516,7.2516,7.2516,7.2516,7.2516,7.2516,7.2516,7.2516,7.2516,7.2516,7.2516,7.2516,7.2516,7.2516,7.2516,7.2516,7.2516,7.2516,7.2516,7.2516,7.2516,7.2516,7.2516,7.2516,7.2516,7.2516,7.2516,7.2516,7.2516,7.2516,7.2516,7.2516,7.2516,7.2516,7.2516,7.2516,7.2516,7.2516,7.2516,7.2516,7.2516,7.2516,7.2516,7.2516,7.2516,7.2516,7.2516,7.2516,7.2516,7.2516,7.2516,7.2516,7.2516,7.2516,7.2516,7.2516,7.2516,7.2516,7.2516,7.2516,7.2516,7.2516,7.2516,7.2516,7.2516,7.2516,7.2516,7.2516,7.2516,7.2516,7.2516,7.2516,7.2516,7.2516,7.2516,7.2516,7.2516,7.2516,7.2516,7.2516,7.2516,7.2516,7.2516,7.2516,7.2516,7.2516,7.2516,7.2516,7.2516,7.2516,7.2516,7.2516,7.2516,7.2516,7.2516,7.2516,7.2516,7.2516
7.2454,7.2454,7.2454,7.2454,7.2454,7.2454,7.2454,7.2454,7.2454,7.2454,7.2454,7.2454,7.2454,7.2454,7.2454,7.2454,7.2454,7.2454,7.2454,7.2454,7.2454,7.2454,7.2454,7.2454,7.2454,7.2454,7.2454,7.2454,7.2454,7.2454,7.2454,7.2454,7.2454,7.2454,7.2454,7.2454,7.2454,7.2454,7.2454,7.2454,7.2454,7.2454,7.2454,7.2454,7.2454,7.2454,7.2454,7.2454,7.2454,7.2454,7.2454,7.2454,7.2454,7.2454,7.2454,7.2454,7.2454,7.2454,7.2454,7.2454,7.2454,7.2454,7.2454,7.2454,7.2454,7.2454,7.2454,7.2454,7.2454,7.2454,7.2454,7.2454,7.2454,7.2454,7.2454,7.2454,7.2454,7.2454,7.2454,7.2454,7.2454,7.2454,7.2454,7.2454,7.2454,7.2454,7.2454,7.2454,7.2454,7.2454,7.2454,7.2454,7.2454,7.2454,7.2454,7.2454,7.2454,7.2454,7.2454,7.2454,7.2454,7.2454,7.2454,7.2454,7.2454,7.2454,7.2454,7.2454,7.2454,7.2454,7.2454,7.2454,7.2454,7.2454,7.2454,7.2454,7.2454,7.2454,7.2454,7.2454,7.2454,7.2454,7.2454,7.2454,7.2454,7.2454,7.2454,7.2454,7.2454,7.2454,7.2454,7.2454,7.2454,7.2454,7.2454,7.2454,7.2454,7.2454,7.2454,7.2454,7.2454,7.2454,7.2454,7.2454,7.2454,7.2454,7.2454,7.2454,7.2454,7.2454,7.2454,7.2454,7.2454,7.2454,7.2454,7.2454,7.2454,7.2454,7.2454,7.2454,7.2454,7.2454,7.2454,7.2454,7.2454,7.2454,7.2454,7.2454,7.2454,7.2454,7.2454,7.2454,7.2454,7.2454,7.2454,7.2454,7.2454,7.2454,7.2454,7.2454,7.2454,7.2454,7.2454,7.2454,7.2454,7.2454,7.2454,7.2454,7.2454,7.2454,7.2454,7.2454,7.2454,7.2454,7.2454,7.2454,7.2454,7.2454,7.2454,7.2454,7.2454,7.2454,7.2454,7.2454,7.2454,7.2454,7.2454,7.2454,7.2454,7.2454,7.2454,7.2454,7.2454,7.2454,7.2454,7.2454,7.2454,7.2454,7.2454,7.2454,7.2454,7.2454,7.2454,7.2454,7.2454,7.2454,7.2454,7.2454,7.2454,7.2454,7.2454,7.2454,7.2454,7.2454,7.2454,7.2454,7.2454,7.2454,7.2454,7.2454,7.2454,7.2454,7.2454,7.2454,7.2454,7.2454,7.2454,7.2454,7.2454,7.2454,7.2454,7.2454,7.2454,7.2454,7.2454,7.2454,7.2454,7.2454,7.2454,7.2454,7.2454,7.2454,7.2454,7.2454,7.2454,7.2454,7.2454,7.2454,7.2454,7.2454,7.2454,7.2454,7.2454,7.2454,7.2454,7.2454,7.2454,7.2454,7.2454,7.2454,7.2454,7.2454,7.2454,7.2454,7.2454,7.2454,7.2454,7.2454,7.2454,7.2454,7.2454,7.2454,7.2454,7.2454,7.2454,7.2454,7.2454,7.2454,7.2454,7.2454,7.2454,7.2454,7.2454,7.2454,7.2454,7.2454,7.2454,7.2454,7.2454,7.2454,7.2454,7.2454,7.2454,7.2454,7.2454,7.2454,7.2454,7.2454,7.2454,7.2454,7.2454,7.2454,7.2454,7.2454,7.2454,7.2454,7.2454,7.2454,7.2454,7.2454,7.2454,7.2454,7.2454,7.2454,7.2454,7.2454,7.2454,7.2454,7.2454,7.2454,7.2454,7.2454,7.2454,7.2454,7.2454,7.2454,7.2454,7.2454,7.2454,7.2454,7.2454,7.2454,7.2454,7.2454,7.2454,7.2454,7.2454,7.2454,7.2454,7.2454,7.2454,7.2454,7.2454,7.2454,7.2454,7.2454,7.2454,7.2454,7.2454,7.2454,7.2454,7.2454,7.2454,7.2454,7.2454,7.2454,7.2454,7.2454,7.2454,7.2454,7.2454,7.2454,7.2454,7.2454,7.2454,7.2454,6.0441,6.0116,5.9795,5.9477,5.9274,5.9221,5.9169,5.9117,5.9065,5.9013,5.8962,5.8910,5.8858,5.8807,5.8755,5.8704,5.8653,5.8601,5.8548,5.8497,5.8444,5.8396,5.8367,5.8359,5.8353,5.8345,5.8337,5.8327,5.8319,5.8310,5.8302,5.8294,5.8286,5.8278,5.8270,5.8264,5.8256,5.8248,5.8240,5.8232,5.8224,5.8215,5.8207,5.8201,5.8193,5.8185,5.8177,5.8169,5.8181,5.8203,5.8228,5.8250,5.8274,5.8296,5.8321,5.8343,5.8367,5.8392,5.8414,5.8436,5.8461,5.8483,5.8508,5.8530,5.8554,5.8577,5.8601,5.8624,5.8649,5.8671,5.8696,5.8720,5.8743,5.8798,5.8873,5.8949,5.9024,5.9101,5.9178,5.9253,5.9330,5.9406,5.9484,5.9562,5.9638,5.9716,5.9793,5.9872,6.0060,6.1196,6.7042,6.6988,6.6967,6.6948,6.6932,6.6919,6.6903,6.6884,6.6863,6.6844,6.6831,6.6810,6.6797,6.6781,6.6762,6.6741,6.6728,6.6712,6.6688,6.6677,6.6659,6.6643,6.6619,6.6603,6.6595,6.6606,6.6616,6.6632,6.6638,6.6646,6.6661,6.6664,6.6680,6.6688,6.6693,6.6706,6.6717,6.6722,6.6736,6.6746,6.6754,6.6759,6.6773,6.6773,6.6783,6.6786,6.6797,6.6802,6.6813,6.6871,6.6927,6.6983,6.7037,6.7093,6.7149,6.7198,6.7254,6.7311,6.7370,6.7421,6.7478,6.7533,6.7590,6.7644,6.7707,6.7822,6.8105,6.8396,6.8690,6.8995,7.2454,7.2454,7.2454,7.2454,7.2454,7.2454,7.2454,7.2454,7.2454,7.2454,7.2454,7.2454,7.2454,7.2454,7.2454,7.2454,7.2454,7.2454,7.2454,7.2454,7.2454,7.2454,7.2454,7.2454,7.2454,7.2454,7.2454,7.2454,7.2454,7.2454,7.2454,7.2454,7.2454,7.2454,7.2454,7.2454,7.2454,7.2454,7.2454,7.2454,7.2454,7.2454,7.2454,7.2454,7.2454,7.2454,7.2454,7.2454,7.2454,7.2454,7.2454,7.2454,7.2454,7.2454,7.2454,7.2454,7.2454,7.2454,7.2454,7.2454,7.2454,7.2454,7.2454,7.2454,7.2454,7.2454,7.2454,7.2454,7.2454,7.2454,7.2454,7.2454,7.2454,7.2454,7.2454,7.2454,7.2454,7.2454,7.2454,7.2454,7.2454,7.2454,7.2454,7.2454,7.2454,7.2454,7.2454,7.2454,7.2454,7.2454,7.2454,7.2454,7.2454,7.2454,7.2454,7.2454,7.2454,7.2454,7.2454,7.2454,7.2454,7.2454,7.2454,7.2454,7.2454,7.2454,7.2454,7.2454,7.2454,7.2454,7.2454,7.2454,7.2454,7.2454,7.2454,7.2454,7.2454,7.2454,7.2454,7.2454,7.2454,7.2454,7.2454,7.2454,7.2454,7.2454,7.2454,7.2454,7.2454,7.2454,7.2454,7.2454,7.2454,7.2454,7.2454,7.2454,7.2454,7.2454,7.2454,7.2454,7.2454,7.2454,7.2454,7.2454,7.2454,7.2454,7.2454,7.2454,7.2454,7.2454,7.2454,7.2454,7.2454,7.2454,7.2454,7.2454,7.2454,7.2454,7.2454,7.2454,7.2454,7.2454,7.2454,7.2454,7.2454,7.2454,7.2454,7.2454,7.2454,7.2454,7.2454,7.2454,7.2454,7.2454,7.2454,7.2454,7.2454,7.2454,7.2454,7.2454,7.2454,7.2454,7.2454,7.2454,7.2454,7.2454,7.2454,7.2454,7.2454,7.2454,7.2454,7.2454,7.2454,7.2454,7.2454,7.2454,7.2454,7.2454,7.2454,7.2454,7.2454,7.2454,7.2454,7.2454,7.2454,7.2454,7.2454,7.2454,7.2454,7.2454,7.2454,7.2454,7.2454,7.2454,7.2454,7.2454,7.2454,7.2454,7.2454,7.2454,7.2454,7.2454,7.2454,7.2454,7.2454,7.2454,7.2454,7.2454,7.2454,7.2454,7.2454,7.2454,7.2454,7.2454,7.2454,7.2454,7.2454,7.2454,7.2454,7.2454,7.2454,7.2454,7.2454,7.2454,7.2454,7.2454,7.2454,7.2454,7.2454,7.2454,7.2454,7.2454,7.2454,7.2454,7.2454,7.2454,7.2454,7.2454,7.2454,7.2454,7.2454,7.2454,7.2454,7.2454,7.2454,7.2454,7.2454,7.2454,7.2454,7.2454,7.2454,7.2454,7.2454,7.2454,7.2454,7.2454,7.2454,7.2454,7.2454,7.2454,7.2454,7.2454,7.2454,7.2454,7.2454,7.2454,7.2454,7.2454,7.2454,7.2454,7.2454,7.2454,7.2454,7.2454,7.2454,7.2454,7.2454,7.2454,7.2454,7.2454,7.2454,7.2454,7.2454,7.2454,7.2454,7.2454,7.2454,7.2454,7.2454,7.2454,7.2454,7.2454,7.2454,7.2454,7.2454,7.2454,7.2454,7.2454,7.2454,7.2454,7.2454,7.2454,7.2454,7.2454,7.2454,7.2454,7.2454,7.2454,7.2454,7.2454,7.2454,7.2454,7.2454,7.2454,7.2454,7.2454,7.2454,7.2454,7.2454,7.2454,7.2454,7.2454,7.2454,7.2454,7.2454,7.2454,7.2454,7.2454,7.2454,7.2454,7.2454,7.2454,7.2454,7.2454,7.2454,7.2454,7.2454,7.2454,7.2454,7.2454,7.2454,7.2454,7.2454,7.2454,7.2454,7.2454,7.2454,7.2454,7.2454,7.2454,7.2454,7.2454,7.2454,7.2454,7.2454,7.2454,7.2454,7.2454,7.2454,7.2454,7.2454,7.2454,7.2454,7.2454,7.2454,7.2454,7.2454,7.2454,7.2454,7.2454,7.2454,7.2454,7.2454,7.2454,7.2454,7.2454,7.2454,7.2454,7.2454,7.2454,7.2454,7.2454,7.2454,7.2454,7.2454,7.2454,7.2454,7.2454,7.2454,7.2454,7.2454,7.2454,7.2454,7.2454
7.2394,7.2394,7.2394,7.2394,7.2394,7.2394,7.2394,7.2394,7.2394,7.2394,7.2394,7.2394,7.2394,7.2394,7.2394,7.2394,7.2394,7.2394,7.2394,7.2394,7.2394,7.2394,7.2394,7.2394,7.2394,7.2394,7.2394,7.2394,7.2394,7.2394,7.2394,7.2394,7.2394,7.2394,7.2394,7.2394,7.2394,7.2394,7.2394,7.2394,7.2394,7.2394,7.2394,7.2394,7.2394,7.2394,7.2394,7.2394,7.2394,7.2394,7.2394,7.2394,7.2394,7.2394,7.2394,7.2394,7.2394,7.2394,7.2394,7.2394,7.2394,7.2394,7.2394,7.2394,7.2394,7.2394,7.2394,7.2394,7.2394,7.2394,7.2394,7.2394,7.2394,7.2394,7.2394,7.2394,7.2394,7.2394,7.2394,7.2394,7.2394,7.2394,7.2394,7.2394,7.2394,7.2394,7.2394,7.2394,7.2394,7.2394,7.2394,7.2394,7.2394,7.2394,7.2394,7.2394,7.2394,7.2394,7.2394,7.2394,7.2394,7.2394,7.2394,7.2394,7.2394,7.2394,7.2394,7.2394,7.2394,7.2394,7.2394,7.2394,7.2394,7.2394,7.2394,7.2394,7.2394,7.2394,7.2394,7.2394,7.2394,7.2394,7.2394,7.2394,7.2394,7.2394,7.2394,7.2394,7.2394,7.2394,7.2394,7.2394,7.2394,7.2394,7.2394,7.2394,7.2394,7.2394,7.2394,7.2394,7.2394,7.2394,7.2394,7.2394,7.2394,7.2394,7.2394,7.2394,7.2394,7.2394,7.2394,7.2394,7.2394,7.2394,7.2394,7.2394,7.2394,7.2394,7.2394,7.2394,7.2394,7.2394,7.2394,7.2394,7.2394,7.2394,7.2394,7.2394,7.2394,7.2394,7.2394,7.2394,7.2394,7.2394,7.2394,7.2394,7.2394,7.2394,7.2394,7.2394,7.2394,7.2394,7.2394,7.2394,7.2394,7.2394,7.2394,7.2394,7.2394,7.2394,7.2394,7.2394,7.2394,7.2394,7.2394,7.2394,7.2394,7.2394,7.2394,7.2394,7.2394,7.2394,7.2394,7.2394,7.2394,7.2394,7.2394,7.2394,7.2394,7.2394,7.2394,7.2394,7.2394,7.2394,7.2394,7.2394,7.2394,7.2394,7.2394,7.2394,7.2394,7.2394,7.2394,7.2394,7.2394,7.2394,7.2394,7.2394,7.2394,7.2394,7.2394,7.2394,7.2394,7.2394,7.2394,7.2394,7.2394,7.2394,7.2394,7.2394,7.2394,7.2394,7.2394,7.2394,7.2394,7.2394,7.2394,7.2394,7.2394,7.2394,7.2394,7.2394,7.2394,7.2394,7.2394,7.2394,7.2394,7.2394,7.2394,7.2394,7.2394,7.2394,7.2394,7.2394,7.2394,7.2394,7.2394,7.2394,7.2394,7.2394,7.2394,7.2394,7.2394,7.2394,7.2394,7.2394,7.2394,7.2394,7.2394,7.2394,7.2394,7.2394,7.2394,7.2394,7.2394,7.2394,7.2394,7.2394,7.2394,7.2394,7.2394,7.2394,7.2394,7.2394,7.2394,7.2394,7.2394,7.2394,7.2394,7.2394,7.2394,7.2394,7.2394,7.2394,7.2394,7.2394,7.2394,7.2394,7.2394,7.2394,7.2394,7.2394,7.2394,7.2394,7.2394,7.2394,7.2394,7.2394,7.2394,7.2394,7.2394,7.2394,7.2394,7.2394,7.2394,7.2394,7.2394,7.2394,7.2394,7.2394,7.2394,7.2394,7.2394,7.2394,7.2394,7.2394,7.2394,7.2394,7.2394,7.2394,7.2394,7.2394,7.2394,7.2394,7.2394,7.2394,7.2394,7.2394,7.2394,7.2394,7.2394,7.2394,7.2394,7.2394,7.2394,7.2394,7.2394,7.2394,7.2394,7.2394,7.2394,7.2394,7.2394,7.2394,7.2394,7.2394,7.2394,7.2394,7.2394,7.2394,7.2394,7.2394,7.2394,7.2394,7.2394,7.2394,7.2394,7.2394,7.2394,7.2394,7.2394,7.2394,7.2394,7.2394,7.2394,7.2394,6.0369,6.0011,5.9667,5.9351,5.9242,5.9190,5.9140,5.9088,5.9036,5.8984,5.8933,5.8881,5.8829,5.8778,5.8726,5.8675,5.8624,5.8573,5.8520,5.8469,5.8416,5.8367,5.8353,5.8345,5.8337,5.8329,5.8321,5.8313,5.8304,5.8296,5.8288,5.8282,5.8274,5.8266,5.8258,5.8250,5.8242,5.8234,5.8226,5.8218,5.8211,5.8203,5.8195,5.8187,5.8179,5.8171,5.8163,5.8155,5.8177,5.8201,5.8224,5.8248,5.8270,5.8294,5.8317,5.8343,5.8365,5.8390,5.8410,5.8434,5.8457,5.8481,5.8503,5.8528,5.8550,5.8575,5.8597,5.8622,5.8644,5.8669,5.8692,5.8716,5.8739,5.8811,5.8887,5.8962,5.9038,5.9113,5.9190,5.9267,5.9343,5.9420,5.9498,5.9574,5.9653,5.9729,5.9808,5.9887,6.0412,6.7047,6.6978,6.6943,6.6924,6.6914,6.6895,6.6879,6.6860,6.6839,6.6821,6.6805,6.6786,6.6775,6.6757,6.6738,6.6722,6.6704,6.6683,6.6669,6.6648,6.6635,6.6614,6.6603,6.6587,6.6566,6.6569,6.6587,6.6603,6.6619,6.6643,6.6653,6.6664,6.6672,6.6677,6.6691,6.6701,6.6704,6.6714,6.6725,6.6738,6.6749,6.6751,6.6762,6.6770,6.6778,6.6789,6.6791,6.6802,6.6807,6.6831,6.6887,6.6946,6.6996,6.7058,6.7106,6.7168,6.7222,6.7273,6.7335,6.7384,6.7446,6.7497,6.7557,6.7609,6.7666,6.7720,6.7901,6.8191,6.8477,6.8774,6.9086,7.2394,7.2394,7.2394,7.2394,7.2394,7.2394,7.2394,7.2394,7.2394,7.2394,7.2394,7.2394,7.2394,7.2394,7.2394,7.2394,7.2394,7.2394,7.2394,7.2394,7.2394,7.2394,7.2394,7.2394,7.2394,7.2394,7.2394,7.2394,7.2394,7.2394,7.2394,7.2394,7.2394,7.2394,7.2394,7.2394,7.2394,7.2394,7.2394,7.2394,7.2394,7.2394,7.2394,7.2394,7.2394,7.2394,7.2394,7.2394,7.2394,7.2394,7.2394,7.2394,7.2394,7.2394,7.2394,7.2394,7.2394,7.2394,7.2394,7.2394,7.2394,7.2394,7.2394,7.2394,7.2394,7.2394,7.2394,7.2394,7.2394,7.2394,7.2394,7.2394,7.2394,7.2394,7.2394,7.2394,7.2394,7.2394,7.2394,7.2394,7.2394,7.2394,7.2394,7.2394,7.2394,7.2394,7.2394,7.2394,7.2394,7.2394,7.2394,7.2394,7.2394,7.2394,7.2394,7.2394,7.2394,7.2394,7.2394,7.2394,7.2394,7.2394,7.2394,7.2394,7.2394,7.2394,7.2394,7.2394,7.2394,7.2394,7.2394,7.2394,7.2394,7.2394,7.2394,7.2394,7.2394,7.2394,7.2394,7.2394,7.2394,7.2394,7.2394,7.2394,7.2394,7.2394,7.2394,7.2394,7.2394,7.2394,7.2394,7.2394,7.2394,7.2394,7.2394,7.2394,7.2394,7.2394,7.2394,7.2394,7.2394,7.2394,7.2394,7.2394,7.2394,7.2394,7.2394,7.2394,7.2394,7.2394,7.2394,7.2394,7.2394,7.2394,7.2394,7.2394,7.2394,7.2394,7.2394,7.2394,7.2394,7.2394,7.2394,7.2394,7.2394,7.2394,7.2394,7.2394,7.2394,7.2394,7.2394,7.2394,7.2394,7.2394,7.2394,7.2394,7.2394,7.2394,7.2394,7.2394,7.2394,7.2394,7.2394,7.2394,7.2394,7.2394,7.2394,7.2394,7.2394,7.2394,7.2394,7.2394,7.2394,7.2394,7.2394,7.2394,7.2394,7.2394,7.2394,7.2394,7.2394,7.2394,7.2394,7.2394,7.2394,7.2394,7.2394,7.2394,7.2394,7.2394,7.2394,7.2394,7.2394,7.2394,7.2394,7.2394,7.2394,7.2394,7.2394,7.2394,7.2394,7.2394,7.2394,7.2394,7.2394,7.2394,7.2394,7.2394,7.2394,7.2394,7.2394,7.2394,7.2394,7.2394,7.2394,7.2394,7.2394,7.2394,7.2394,7.2394,7.2394,7.2394,7.2394,7.2394,7.2394,7.2394,7.2394,7.2394,7.2394,7.2394,7.2394,7.2394,7.2394,7.2394,7.2394,7.2394,7.2394,7.2394,7.2394,7.2394,7.2394,7.2394,7.2394,7.2394,7.2394,7.2394,7.2394,7.2394,7.2394,7.2394,7.2394,7.2394,7.2394,7.2394,7.2394,7.2394,7.2394,7.2394,7.2394,7.2394,7.2394,7.2394,7.2394,7.2394,7.2394,7.2394,7.2394,7.2394,7.2394,7.2394,7.2394,7.2394,7.2394,7.2394,7.2394,7.2394,7.2394,7.2394,7.2394,7.2394,7.2394,7.2394,7.2394,7.2394,7.2394,7.2394,7.2394,7.2394,7.2394,7.2394,7.2394,7.2394,7.2394,7.2394,7.2394,7.2394,7.2394,7.2394,7.2394,7.2394,7.2394,7.2394,7.2394,7.2394,7.2394,7.2394,7.2394,7.2394,7.2394,7.2394,7.2394,7.2394,7.2394,7.2394,7.2394,7.2394,7.2394,7.2394,7.2394,7.2394,7.2394,7.2394,7.2394,7.2394,7.2394,7.2394,7.2394,7.2394,7.2394,7.2394,7.2394,7.2394,7.2394,7.2394,7.2394,7.2394,7.2394,7.2394,7.2394,7.2394,7.2394,7.2394,7.2394,7.2394,7.2394,7.2394,7.2394,7.2394,7.2394,7.2394,7.2394,7.2394,7.2394,7.2394,7.2394,7.2394,7.2394,7.2394,7.2394,7.2394,7.2394,7.2394,7.2394,7.2394,7.2394,7.2394,7.2394,7.2394,7.2394,7.2394,7.2394,7.2394,7.2394,7.2394,7.2394,7.2394,7.2394,7.2394,7.2394,7.2394,7.2394,7.2394,7.2394,7.2394,7.2394,7.2394,7.2394,7.2394,7.2394,7.2394,7.2394,7.2394,7.2394,7.2394
7.2341,7.2341,7.2341,7.2341,7.2341,7.2341,7.2341,7.2341,7.2341,7.2341,7.2341,7.2341,7.2341,7.2341,7.2341,7.2341,7.2341,7.2341,7.2341,7.2341,7.2341,7.2341,7.2341,7.2341,7.2341,7.2341,7.2341,7.2341,7.2341,7.2341,7.2341,7.2341,7.2341,7.2341,7.2341,7.2341,7.2341,7.2341,7.2341,7.2341,7.2341,7.2341,7.2341,7.2341,7.2341,7.2341,7.2341,7.2341,7.2341,7.2341,7.2341,7.2341,7.2341,7.2341,7.2341,7.2341,7.2341,7.2341,7.2341,7.2341,7.2341,7.2341,7.2341,7.2341,7.2341,7.2341,7.2341,7.2341,7.2341,7.2341,7.2341,7.2341,7.2341,7.2341,7.2341,7.2341,7.2341,7.2341,7.2341,7.2341,7.2341,7.2341,7.2341,7.2341,7.2341,7.2341,7.2341,7.2341,7.2341,7.2341,7.2341,7.2341,7.2341,7.2341,7.2341,7.2341,7.2341,7.2341,7.2341,7.2341,7.2341,7.2341,7.2341,7.2341,7.2341,7.2341,7.2341,7.2341,7.2341,7.2341,7.2341,7.2341,7.2341,7.2341,7.2341,7.2341,7.2341,7.2341,7.2341,7.2341,7.2341,7.2341,7.2341,7.2341,7.2341,7.2341,7.2341,7.2341,7.2341,7.2341,7.2341,7.2341,7.2341,7.2341,7.2341,7.2341,7.2341,7.2341,7.2341,7.2341,7.2341,7.2341,7.2341,7.2341,7.2341,7.2341,7.2341,7.2341,7.2341,7.2341,7.2341,7.2341,7.2341,7.2341,7.2341,7.2341,7.2341,7.2341,7.2341,7.2341,7.2341,7.2341,7.2341,7.2341,7.2341,7.2341,7.2341,7.2341,7.2341,7.2341,7.2341,7.2341,7.2341,7.2341,7.2341,7.2341,7.2341,7.2341,7.2341,7.2341,7.2341,7.2341,7.2341,7.2341,7.2341,7.2341,7.2341,7.2341,7.2341,7.2341,7.2341,7.2341,7.2341,7.2341,7.2341,7.2341,7.2341,7.2341,7.2341,7.2341,7.2341,7.2341,7.2341,7.2341,7.2341,7.2341,7.2341,7.2341,7.2341,7.2341,7.2341,7.2341,7.2341,7.2341,7.2341,7.2341,7.2341,7.2341,7.2341,7.2341,7.2341,7.2341,7.2341,7.2341,7.2341,7.2341,7.2341,7.2341,7.2341,7.2341,7.2341,7.2341,7.2341,7.2341,7.2341,7.2341,7.2341,7.2341,7.2341,7.2341,7.2341,7.2341,7.2341,7.2341,7.2341,7.2341,7.2341,7.2341,7.2341,7.2341,7.2341,7.2341,7.2341,7.2341,7.2341,7.2341,7.2341,7.2341,7.2341,7.2341,7.2341,7.2341,7.2341,7.2341,7.2341,7.2341,7.2341,7.2341,7.2341,7.2341,7.2341,7.2341,7.2341,7.2341,7.2341,7.2341,7.2341,7.2341,7.2341,7.2341,7.2341,7.2341,7.2341,7.2341,7.2341,7.2341,7.2341,7.2341,7.2341,7.2341,7.2341,7.2341,7.2341,7.2341,7.2341,7.2341,7.2341,7.2341,7.2341,7.2341,7.2341,7.2341,7.2341,7.2341,7.2341,7.2341,7.2341,7.2341,7.2341,7.2341,7.2341,7.2341,7.2341,7.2341,7.2341,7.2341,7.2341,7.2341,7.2341,7.2341,7.2341,7.2341,7.2341,7.2341,7.2341,7.2341,7.2341,7.2341,7.2341,7.2341,7.2341,7.2341,7.2341,7.2341,7.2341,7.2341,7.2341,7.2341,7.2341,7.2341,7.2341,7.2341,7.2341,7.2341,7.2341,7.2341,7.2341,7.2341,7.2341,7.2341,7.2341,7.2341,7.2341,7.2341,7.2341,7.2341,7.2341,7.2341,7.2341,7.2341,7.2341,7.2341,7.2341,7.2341,7.2341,7.2341,7.2341,7.2341,7.2341,7.2341,7.2341,7.2341,7.2341,7.2341,7.2341,7.2341,7.2341,7.2341,7.2341,7.2341,7.2341,7.2341,7.2341,7.2341,7.2341,7.2341,6.0330,5.9970,5.9615,5.9280,5.9219,5.9161,5.9109,5.9057,5.9005,5.8953,5.8904,5.8852,5.8800,5.8749,5.8698,5.8646,5.8595,5.8544,5.8491,5.8440,5.8388,5.8347,5.8339,5.8331,5.8325,5.8315,5.8306,5.8298,5.8292,5.8284,5.8276,5.8268,5.8260,5.8252,5.8244,5.8236,5.8230,5.8222,5.8213,5.8205,5.8197,5.8189,5.8181,5.8173,5.8165,5.8159,5.8151,5.8151,5.8173,5.8197,5.8220,5.8244,5.8268,5.8290,5.8315,5.8337,5.8363,5.8385,5.8408,5.8430,5.8455,5.8477,5.8501,5.8524,5.8548,5.8571,5.8595,5.8618,5.8642,5.8665,5.8690,5.8712,5.8749,5.8825,5.8899,5.8976,5.9051,5.9128,5.9205,5.9280,5.9357,5.9435,5.9511,5.9589,5.9665,5.9744,5.9823,5.9899,6.0771,6.6978,6.6924,6.6906,6.6890,6.6871,6.6850,6.6836,6.6821,6.6802,6.6786,6.6762,6.6751,6.6733,6.6717,6.6693,6.6677,6.6664,6.6648,6.6627,6.6609,6.6598,6.6582,6.6561,6.6548,6.6537,6.6550,6.6566,6.6590,6.6606,6.6616,6.6632,6.6651,6.6667,6.6680,6.6693,6.6704,6.6712,6.6722,6.6730,6.6741,6.6751,6.6759,6.6765,6.6773,6.6789,6.6789,6.6794,6.6802,6.6813,6.6855,6.6911,6.6962,6.7021,6.7071,6.7130,6.7181,6.7243,6.7297,6.7354,6.7405,6.7459,6.7516,6.7573,6.7628,6.7685,6.7740,6.7981,6.8268,6.8553,6.8859,7.2341,7.2341,7.2341,7.2341,7.2341,7.2341,7.2341,7.2341,7.2341,7.2341,7.2341,7.2341,7.2341,7.2341,7.2341,7.2341,7.2341,7.2341,7.2341,7.2341,7.2341,7.2341,7.2341,7.2341,7.2341,7.2341,7.2341,7.2341,7.2341,7.2341,7.2341,7.2341,7.2341,7.2341,7.2341,7.2341,7.2341,7.2341,7.2341,7.2341,7.2341,7.2341,7.2341,7.2341,7.2341,7.2341,7.2341,7.2341,7.2341,7.2341,7.2341,7.2341,7.2341,7.2341,7.2341,7.2341,7.2341,7.2341,7.2341,7.2341,7.2341,7.2341,7.2341,7.2341,7.2341,7.2341,7.2341,7.2341,7.2341,7.2341,7.2341,7.2341,7.2341,7.2341,7.2341,7.2341,7.2341,7.2341,7.2341,7.2341,7.2341,7.2341,7.2341,7.2341,7.2341,7.2341,7.2341,7.2341,7.2341,7.2341,7.2341,7.2341,7.2341,7.2341,7.2341,7.2341,7.2341,7.2341,7.2341,7.2341,7.2341,7.2341,7.2341,7.2341,7.2341,7.2341,7.2341,7.2341,7.2341,7.2341,7.2341,7.2341,7.2341,7.2341,7.2341,7.2341,7.2341,7.2341,7.2341,7.2341,7.2341,7.2341,7.2341,7.2341,7.2341,7.2341,7.2341,7.2341,7.2341,7.2341,7.2341,7.2341,7.2341,7.2341,7.2341,7.2341,7.2341,7.2341,7.2341,7.2341,7.2341,7.2341,7.2341,7.2341,7.2341,7.2341,7.2341,7.2341,7.2341,7.2341,7.2341,7.2341,7.2341,7.2341,7.2341,7.2341,7.2341,7.2341,7.2341,7.2341,7.2341,7.2341,7.2341,7.2341,7.2341,7.2341,7.2341,7.2341,7.2341,7.2341,7.2341,7.2341,7.2341,7.2341,7.2341,7.2341,7.2341,7.2341,7.2341,7.2341,7.2341,7.2341,7.2341,7.2341,7.2341,7.2341,7.2341,7.2341,7.2341,7.2341,7.2341,7.2341,7.2341,7.2341,7.2341,7.2341,7.2341,7.2341,7.2341,7.2341,7.2341,7.2341,7.2341,7.2341,7.2341,7.2341,7.2341,7.2341,7.2341,7.2341,7.2341,7.2341,7.2341,7.2341,7.2341,7.2341,7.2341,7.2341,7.2341,7.2341,7.2341,7.2341,7.2341,7.2341,7.2341,7.2341,7.2341,7.2341,7.2341,7.2341,7.2341,7.2341,7.2341,7.2341,7.2341,7.2341,7.2341,7.2341,7.2341,7.2341,7.2341,7.2341,7.2341,7.2341,7.2341,7.2341,7.2341,7.2341,7.2341,7.2341,7.2341,7.2341,7.2341,7.2341,7.2341,7.2341,7.2341,7.2341,7.2341,7.2341,7.2341,7.2341,7.2341,7.2341,7.2341,7.2341,7.2341,7.2341,7.2341,7.2341,7.2341,7.2341,7.2341,7.2341,7.2341,7.2341,7.2341,7.2341,7.2341,7.2341,7.2341,7.2341,7.2341,7.2341,7.2341,7.2341,7.2341,7.2341,7.2341,7.2341,7.2341,7.2341,7.2341,7.2341,7.2341,7.2341,7.2341,7.2341,7.2341,7.2341,7.2341,7.2341,7.2341,7.2341,7.2341,7.2341,7.2341,7.2341,7.2341,7.2341,7.2341,7.2341,7.2341,7.2341,7.2341,7.2341,7.2341,7.2341,7.2341,7.2341,7.2341,7.2341,7.2341,7.2341,7.2341,7.2341,7.2341,7.2341,7.2341,7.2341,7.2341,7.2341,7.2341,7.2341,7.2341,7.2341,7.2341,7.2341,7.2341,7.2341,7.2341,7.2341,7.2341,7.2341,7.2341,7.2341,7.2341,7.2341,7.2341,7.2341,7.2341,7.2341,7.2341,7.2341,7.2341,7.2341,7.2341,7.2341,7.2341,7.2341,7.2341,7.2341,7.2341,7.2341,7.2341,7.2341,7.2341,7.2341,7.2341,7.2341,7.2341,7.2341,7.2341,7.2341,7.2341,7.2341,7.2341,7.2341,7.2341,7.2341,7.2341,7.2341,7.2341,7.2341,7.2341,7.2341,7.2341,7.2341,7.2341,7.2341,7.2341,7.2341,7.2341,7.2341,7.2341,7.2341,7.2341,7.2341,7.2341,7.2341,7.2341,7.2341,7.2341,7.2341,7.2341,7.2341,7.2341,7.2341,7.2341,7.2341,7.2341,7.2341,7.2341,7.2341,7.2341
7.2282,7.2282,7.2282,7.2282,7.2282,7.2282,7.2282,7.2282,7.2282,7.2282,7.2282,7.2282,7.2282,7.2282,7.2282,7.2282,7.2282,7.2282,7.2282,7.2282,7.2282,7.2282,7.2282,7.2282,7.2282,7.2282,7.2282,7.2282,7.2282,7.2282,7.2282,7.2282,7.2282,7.2282,7.2282,7.2282,7.2282,7.2282,7.2282,7.2282,7.2282,7.2282,7.2282,7.2282,7.2282,7.2282,7.2282,7.2282,7.2282,7.2282,7.2282,7.2282,7.2282,7.2282,7.2282,7.2282,7.2282,7.2282,7.2282,7.2282,7.2282,7.2282,7.2282,7.2282,7.2282,7.2282,7.2282,7.2282,7.2282,7.2282,7.2282,7.2282,7.2282,7.2282,7.2282,7.2282,7.2282,7.2282,7.2282,7.2282,7.2282,7.2282,7.2282,7.2282,7.2282,7.2282,7.2282,7.2282,7.2282,7.2282,7.2282,7.2282,7.2282,7.2282,7.2282,7.2282,7.2282,7.2282,7.2282,7.2282,7.2282,7.2282,7.2282,7.2282,7.2282,7.2282,7.2282,7.2282,7.2282,7.2282,7.2282,7.2282,7.2282,7.2282,7.2282,7.2282,7.2282,7.2282,7.2282,7.2282,7.2282,7.2282,7.2282,7.2282,7.2282,7.2282,7.2282,7.2282,7.2282,7.2282,7.2282,7.2282,7.2282,7.2282,7.2282,7.2282,7.2282,7.2282,7.2282,7.2282,7.2282,7.2282,7.2282,7.2282,7.2282,7.2282,7.2282,7.2282,7.2282,7.2282,7.2282,7.2282,7.2282,7.2282,7.2282,7.2282,7.2282,7.2282,7.2282,7.2282,7.2282,7.2282,7.2282,7.2282,7.2282,7.2282,7.2282,7.2282,7.2282,7.2282,7.2282,7.2282,7.2282,7.2282,7.2282,7.2282,7.2282,7.2282,7.2282,7.2282,7.2282,7.2282,7.2282,7.2282,7.2282,7.2282,7.2282,7.2282,7.2282,7.2282,7.2282,7.2282,7.2282,7.2282,7.2282,7.2282,7.2282,7.2282,7.2282,7.2282,7.2282,7.2282,7.2282,7.2282,7.2282,7.2282,7.2282,7.2282,7.2282,7.2282,7.2282,7.2282,7.2282,7.2282,7.2282,7.2282,7.2282,7.2282,7.2282,7.2282,7.2282,7.2282,7.2282,7.2282,7.2282,7.2282,7.2282,7.2282,7.2282,7.2282,7.2282,7.2282,7.2282,7.2282,7.2282,7.2282,7.2282,7.2282,7.2282,7.2282,7.2282,7.2282,7.2282,7.2282,7.2282,7.2282,7.2282,7.2282,7.2282,7.2282,7.2282,7.2282,7.2282,7.2282,7.2282,7.2282,7.2282,7.2282,7.2282,7.2282,7.2282,7.2282,7.2282,7.2282,7.2282,7.2282,7.2282,7.2282,7.2282,7.2282,7.2282,7.2282,7.2282,7.2282,7.2282,7.2282,7.2282,7.2282,7.2282,7.2282,7.2282,7.2282,7.2282,7.2282,7.2282,7.2282,7.2282,7.2282,7.2282,7.2282,7.2282,7.2282,7.2282,7.2282,7.2282,7.2282,7.2282,7.2282,7.2282,7.2282,7.2282,7.2282,7.2282,7.2282,7.2282,7.2282,7.2282,7.2282,7.2282,7.2282,7.2282,7.2282,7.2282,7.2282,7.2282,7.2282,7.2282,7.2282,7.2282,7.2282,7.2282,7.2282,7.2282,7.2282,7.2282,7.2282,7.2282,7.2282,7.2282,7.2282,7.2282,7.2282,7.2282,7.2282,7.2282,7.2282,7.2282,7.2282,7.2282,7.2282,7.2282,7.2282,7.2282,7.2282,7.2282,7.2282,7.2282,7.2282,7.2282,7.2282,7.2282,7.2282,7.2282,7.2282,7.2282,7.2282,7.2282,7.2282,7.2282,7.2282,7.2282,7.2282,7.2282,7.2282,7.2282,7.2282,7.2282,7.2282,7.2282,7.2282,7.2282,7.2282,7.2282,7.2282,7.2282,7.2282,7.2282,7.2282,7.2282,7.2282,7.2282,7.2282,7.2282,7.2282,7.2282,6.0646,6.0291,5.9931,5.9576,5.9280,5.9221,5.9161,5.9101,5.9042,5.8982,5.8924,5.8873,5.8821,5.8770,5.8720,5.8669,5.8618,5.8567,5.8516,5.8465,5.8414,5.8361,5.8335,5.8325,5.8317,5.8310,5.8302,5.8294,5.8286,5.8278,5.8270,5.8262,5.8254,5.8246,5.8240,5.8232,5.8224,5.8215,5.8207,5.8199,5.8191,5.8183,5.8175,5.8169,5.8161,5.8153,5.8145,5.8137,5.8147,5.8171,5.8193,5.8218,5.8240,5.8264,5.8286,5.8310,5.8333,5.8357,5.8383,5.8404,5.8428,5.8451,5.8475,5.8497,5.8522,5.8544,5.8569,5.8591,5.8616,5.8638,5.8663,5.8685,5.8710,5.8763,5.8838,5.8914,5.8988,5.9065,5.9142,5.9217,5.9295,5.9370,5.9448,5.9526,5.9602,5.9680,5.9759,5.9835,6.0000,6.1145,6.6916,6.6882,6.6866,6.6842,6.6831,6.6807,6.6791,6.6773,6.6757,6.6744,6.6722,6.6704,6.6688,6.6675,6.6659,6.6638,6.6627,6.6609,6.6587,6.6577,6.6561,6.6537,6.6527,6.6506,6.6516,6.6529,6.6553,6.6569,6.6587,6.6603,6.6614,6.6635,6.6648,6.6669,6.6680,6.6701,6.6714,6.6725,6.6733,6.6744,6.6749,6.6757,6.6773,6.6781,6.6786,6.6794,6.6799,6.6807,6.6821,6.6874,6.6930,6.6980,6.7039,6.7090,6.7146,6.7206,6.7262,6.7316,6.7367,6.7430,6.7478,6.7535,6.7598,6.7652,6.7710,6.7778,6.8064,6.8354,6.8637,6.8941,7.2282,7.2282,7.2282,7.2282,7.2282,7.2282,7.2282,7.2282,7.2282,7.2282,7.2282,7.2282,7.2282,7.2282,7.2282,7.2282,7.2282,7.2282,7.2282,7.2282,7.2282,7.2282,7.2282,7.2282,7.2282,7.2282,7.2282,7.2282,7.2282,7.2282,7.2282,7.2282,7.2282,7.2282,7.2282,7.2282,7.2282,7.2282,7.2282,7.2282,7.2282,7.2282,7.2282,7.2282,7.2282,7.2282,7.2282,7.2282,7.2282,7.2282,7.2282,7.2282,7.2282,7.2282,7.2282,7.2282,7.2282,7.2282,7.2282,7.2282,7.2282,7.2282,7.2282,7.2282,7.2282,7.2282,7.2282,7.2282,7.2282,7.2282,7.2282,7.2282,7.2282,7.2282,7.2282,7.2282,7.2282,7.2282,7.2282,7.2282,7.2282,7.2282,7.2282,7.2282,7.2282,7.2282,7.2282,7.2282,7.2282,7.2282,7.2282,7.2282,7.2282,7.2282,7.2282,7.2282,7.2282,7.2282,7.2282,7.2282,7.2282,7.2282,7.2282,7.2282,7.2282,7.2282,7.2282,7.2282,7.2282,7.2282,7.2282,7.2282,7.2282,7.2282,7.2282,7.2282,7.2282,7.2282,7.2282,7.2282,7.2282,7.2282,7.2282,7.2282,7.2282,7.2282,7.2282,7.2282,7.2282,7.2282,7.2282,7.2282,7.2282,7.2282,7.2282,7.2282,7.2282,7.2282,7.2282,7.2282,7.2282,7.2282,7.2282,7.2282,7.2282,7.2282,7.2282,7.2282,7.2282,7.2282,7.2282,7.2282,7.2282,7.2282,7.2282,7.2282,7.2282,7.2282,7.2282,7.2282,7.2282,7.2282,7.2282,7.2282,7.2282,7.2282,7.2282,7.2282,7.2282,7.2282,7.2282,7.2282,7.2282,7.2282,7.2282,7.2282,7.2282,7.2282,7.2282,7.2282,7.2282,7.2282,7.2282,7.2282,7.2282,7.2282,7.2282,7.2282,7.2282,7.2282,7.2282,7.2282,7.2282,7.2282,7.2282,7.2282,7.2282,7.2282,7.2282,7.2282,7.2282,7.2282,7.2282,7.2282,7.2282,7.2282,7.2282,7.2282,7.2282,7.2282,7.2282,7.2282,7.2282,7.2282,7.2282,7.2282,7.2282,7.2282,7.2282,7.2282,7.2282,7.2282,7.2282,7.2282,7.2282,7.2282,7.2282,7.2282,7.2282,7.2282,7.2282,7.2282,7.2282,7.2282,7.2282,7.2282,7.2282,7.2282,7.2282,7.2282,7.2282,7.2282,7.2282,7.2282,7.2282,7.2282,7.2282,7.2282,7.2282,7.2282,7.2282,7.2282,7.2282,7.2282,7.2282,7.2282,7.2282,7.2282,7.2282,7.2282,7.2282,7.2282,7.2282,7.2282,7.2282,7.2282,7.2282,7.2282,7.2282,7.2282,7.2282,7.2282,7.2282,7.2282,7.2282,7.2282,7.2282,7.2282,7.2282,7.2282,7.2282,7.2282,7.2282,7.2282,7.2282,7.2282,7.2282,7.2282,7.2282,7.2282,7.2282,7.2282,7.2282,7.2282,7.2282,7.2282,7.2282,7.2282,7.2282,7.2282,7.2282,7.2282,7.2282,7.2282,7.2282,7.2282,7.2282,7.2282,7.2282,7.2282,7.2282,7.2282,7.2282,7.2282,7.2282,7.2282,7.2282,7.2282,7.2282,7.2282,7.2282,7.2282,7.2282,7.2282,7.2282,7.2282,7.2282,7.2282,7.2282,7.2282,7.2282,7.2282,7.2282,7.2282,7.2282,7.2282,7.2282,7.2282,7.2282,7.2282,7.2282,7.2282,7.2282,7.2282,7.2282,7.2282,7.2282,7.2282,7.2282,7.2282,7.2282,7.2282,7.2282,7.2282,7.2282,7.2282,7.2282,7.2282,7.2282,7.2282,7.2282,7.2282,7.2282,7.2282,7.2282,7.2282,7.2282,7.2282,7.2282,7.2282,7.2282,7.2282,7.2282,7.2282,7.2282,7.2282,7.2282,7.2282,7.2282,7.2282,7.2282,7.2282,7.2282,7.2282,7.2282,7.2282,7.2282,7.2282,7.2282,7.2282,7.2282,7.2282,7.2282,7.2282,7.2282,7.2282,7.2282,7.2282,7.2282,7.2282,7.2282,7.2282,7.2282,7.2282,7.2282,7.2282,7.2282,7.2282,7.2282,7.2282,7.2282,7.2282,7.2282,7.2282,7.2282
7.2220,7.2220,7.2220,7.2220,7.2220,7.2220,7.2220,7.2220,7.2220,7.2220,7.2220,7.2220,7.2220,7.2220,7.2220,7.2220,7.2220,7.2220,7.2220,7.2220,7.2220,7.2220,7.2220,7.2220,7.2220,7.2220,7.2220,7.2220,7.2220,7.2220,7.2220,7.2220,7.2220,7.2220,7.2220,7.2220,7.2220,7.2220,7.2220,7.2220,7.2220,7.2220,7.2220,7.2220,7.2220,7.2220,7.2220,7.2220,7.2220,7.2220,7.2220,7.2220,7.2220,7.2220,7.2220,7.2220,7.2220,7.2220,7.2220,7.2220,7.2220,7.2220,7.2220,7.2220,7.2220,7.2220,7.2220,7.2220,7.2220,7.2220,7.2220,7.2220,7.2220,7.2220,7.2220,7.2220,7.2220,7.2220,7.2220,7.2220,7.2220,7.2220,7.2220,7.2220,7.2220,7.2220,7.2220,7.2220,7.2220,7.2220,7.2220,7.2220,7.2220,7.2220,7.2220,7.2220,7.2220,7.2220,7.2220,7.2220,7.2220,7.2220,7.2220,7.2220,7.2220,7.2220,7.2220,7.2220,7.2220,7.2220,7.2220,7.2220,7.2220,7.2220,7.2220,7.2220,7.2220,7.2220,7.2220,7.2220,7.2220,7.2220,7.2220,7.2220,7.2220,7.2220,7.2220,7.2220,7.2220,7.2220,7.2220,7.2220,7.2220,7.2220,7.2220,7.2220,7.2220,7.2220,7.2220,7.2220,7.2220,7.2220,7.2220,7.2220,7.2220,7.2220,7.2220,7.2220,7.2220,7.2220,7.2220,7.2220,7.2220,7.2220,7.2220,7.2220,7.2220,7.2220,7.2220,7.2220,7.2220,7.2220,7.2220,7.2220,7.2220,7.2220,7.2220,7.2220,7.2220,7.2220,7.2220,7.2220,7.2220,7.2220,7.2220,7.2220,7.2220,7.2220,7.2220,7.2220,7.2220,7.2220,7.2220,7.2220,7.2220,7.2220,7.2220,7.2220,7.2220,7.2220,7.2220,7.2220,7.2220,7.2220,7.2220,7.2220,7.2220,7.2220,7.2220,7.2220,7.2220,7.2220,7.2220,7.2220,7.2220,7.2220,7.2220,7.2220,7.2220,7.2220,7.2220,7.2220,7.2220,7.2220,7.2220,7.2220,7.2220,7.2220,7.2220,7.2220,7.2220,7.2220,7.2220,7.2220,7.2220,7.2220,7.2220,7.2220,7.2220,7.2220,7.2220,7.2220,7.2220,7.2220,7.2220,7.2220,7.2220,7.2220,7.2220,7.2220,7.2220,7.2220,7.2220,7.2220,7.2220,7.2220,7.2220,7.2220,7.2220,7.2220,7.2220,7.2220,7.2220,7.2220,7.2220,7.2220,7.2220,7.2220,7.2220,7.2220,7.2220,7.2220,7.2220,7.2220,7.2220,7.2220,7.2220,7.2220,7.2220,7.2220,7.2220,7.2220,7.2220,7.2220,7.2220,7.2220,7.2220,7.2220,7.2220,7.2220,7.2220,7.2220,7.2220,7.2220,7.2220,7.2220,7.2220,7.2220,7.2220,7.2220,7.2220,7.2220,7.2220,7.2220,7.2220,7.2220,7.2220,7.2220,7.2220,7.2220,7.2220,7.2220,7.2220,7.2220,7.2220,7.2220,7.2220,7.2220,7.2220,7.2220,7.2220,7.2220,7.2220,7.2220,7.2220,7.2220,7.2220,7.2220,7.2220,7.2220,7.2220,7.2220,7.2220,7.2220,7.2220,7.2220,7.2220,7.2220,7.2220,7.2220,7.2220,7.2220,7.2220,7.2220,7.2220,7.2220,7.2220,7.2220,7.2220,7.2220,7.2220,7.2220,7.2220,7.2220,7.2220,7.2220,7.2220,7.2220,7.2220,7.2220,7.2220,7.2220,7.2220,7.2220,7.2220,7.2220,7.2220,7.2220,7.2220,7.2220,7.2220,7.2220,7.2220,7.2220,7.2220,7.2220,7.2220,7.2220,7.2220,7.2220,7.2220,7.2220,7.2220,7.2220,7.2220,7.2220,7.2220,7.2220,7.2220,7.2220,7.2220,7.2220,7.2220,7.2220,7.2220,6.0606,6.0250,5.9893,5.9538,5.9280,5.9223,5.9163,5.9103,5.9044,5.8984,5.8924,5.8866,5.8807,5.8747,5.8690,5.8638,5.8587,5.8538,5.8487,5.8436,5.8385,5.8333,5.8321,5.8313,5.8304,5.8296,5.8288,5.8280,5.8272,5.8264,5.8256,5.8250,5.8242,5.8234,5.8226,5.8218,5.8209,5.8201,5.8193,5.8187,5.8179,5.8171,5.8163,5.8155,5.8147,5.8139,5.8131,5.8123,5.8145,5.8167,5.8191,5.8213,5.8238,5.8260,5.8284,5.8306,5.8333,5.8353,5.8379,5.8400,5.8424,5.8448,5.8471,5.8495,5.8518,5.8542,5.8565,5.8589,5.8612,5.8636,5.8659,5.8683,5.8706,5.8776,5.8852,5.8926,5.9003,5.9080,5.9155,5.9232,5.9307,5.9385,5.9463,5.9538,5.9617,5.9693,5.9772,5.9850,6.0351,6.6916,6.6852,6.6836,6.6818,6.6802,6.6789,6.6767,6.6754,6.6738,6.6720,6.6704,6.6688,6.6664,6.6653,6.6638,6.6616,6.6601,6.6582,6.6572,6.6556,6.6537,6.6516,6.6500,6.6485,6.6474,6.6498,6.6514,6.6532,6.6545,6.6561,6.6577,6.6601,6.6611,6.6632,6.6643,6.6664,6.6683,6.6693,6.6709,6.6725,6.6746,6.6757,6.6759,6.6775,6.6783,6.6794,6.6802,6.6805,6.6810,6.6839,6.6890,6.6948,6.7004,6.7061,6.7114,6.7171,6.7224,6.7281,6.7338,6.7392,6.7449,6.7500,6.7554,6.7611,6.7666,6.7723,6.7866,6.8146,6.8432,6.8718,6.9026,7.2220,7.2220,7.2220,7.2220,7.2220,7.2220,7.2220,7.2220,7.2220,7.2220,7.2220,7.2220,7.2220,7.2220,7.2220,7.2220,7.2220,7.2220,7.2220,7.2220,7.2220,7.2220,7.2220,7.2220,7.2220,7.2220,7.2220,7.2220,7.2220,7.2220,7.2220,7.2220,7.2220,7.2220,7.2220,7.2220,7.2220,7.2220,7.2220,7.2220,7.2220,7.2220,7.2220,7.2220,7.2220,7.2220,7.2220,7.2220,7.2220,7.2220,7.2220,7.2220,7.2220,7.2220,7.2220,7.2220,7.2220,7.2220,7.2220,7.2220,7.2220,7.2220,7.2220,7.2220,7.2220,7.2220,7.2220,7.2220,7.2220,7.2220,7.2220,7.2220,7.2220,7.2220,7.2220,7.2220,7.2220,7.2220,7.2220,7.2220,7.2220,7.2220,7.2220,7.2220,7.2220,7.2220,7.2220,7.2220,7.2220,7.2220,7.2220,7.2220,7.2220,7.2220,7.2220,7.2220,7.2220,7.2220,7.2220,7.2220,7.2220,7.2220,7.2220,7.2220,7.2220,7.2220,7.2220,7.2220,7.2220,7.2220,7.2220,7.2220,7.2220,7.2220,7.2220,7.2220,7.2220,7.2220,7.2220,7.2220,7.2220,7.2220,7.2220,7.2220,7.2220,7.2220,7.2220,7.2220,7.2220,7.2220,7.2220,7.2220,7.2220,7.2220,7.2220,7.2220,7.2220,7.2220,7.2220,7.2220,7.2220,7.2220,7.2220,7.2220,7.2220,7.2220,7.2220,7.2220,7.2220,7.2220,7.2220,7.2220,7.2220,7.2220,7.2220,7.2220,7.2220,7.2220,7.2220,7.2220,7.2220,7.2220,7.2220,7.2220,7.2220,7.2220,7.2220,7.2220,7.2220,7.2220,7.2220,7.2220,7.2220,7.2220,7.2220,7.2220,7.2220,7.2220,7.2220,7.2220,7.2220,7.2220,7.2220,7.2220,7.2220,7.2220,7.2220,7.2220,7.2220,7.2220,7.2220,7.2220,7.2220,7.2220,7.2220,7.2220,7.2220,7.2220,7.2220,7.2220,7.2220,7.2220,7.2220,7.2220,7.2220,7.2220,7.2220,7.2220,7.2220,7.2220,7.2220,7.2220,7.2220,7.2220,7.2220,7.2220,7.2220,7.2220,7.2220,7.2220,7.2220,7.2220,7.2220,7.2220,7.2220,7.2220,7.2220,7.2220,7.2220,7.2220,7.2220,7.2220,7.2220,7.2220,7.2220,7.2220,7.2220,7.2220,7.2220,7.2220,7.2220,7.2220,7.2220,7.2220,7.2220,7.2220,7.2220,7.2220,7.2220,7.2220,7.2220,7.2220,7.2220,7.2220,7.2220,7.2220,7.2220,7.2220,7.2220,7.2220,7.2220,7.2220,7.2220,7.2220,7.2220,7.2220,7.2220,7.2220,7.2220,7.2220,7.2220,7.2220,7.2220,7.2220,7.2220,7.2220,7.2220,7.2220,7.2220,7.2220,7.2220,7.2220,7.2220,7.2220,7.2220,7.2220,7.2220,7.2220,7.2220,7.2220,7.2220,7.2220,7.2220,7.2220,7.2220,7.2220,7.2220,7.2220,7.2220,7.2220,7.2220,7.2220,7.2220,7.2220,7.2220,7.2220,7.2220,7.2220,7.2220,7.2220,7.2220,7.2220,7.2220,7.2220,7.2220,7.2220,7.2220,7.2220,7.2220,7.2220,7.2220,7.2220,7.2220,7.2220,7.2220,7.2220,7.2220,7.2220,7.2220,7.2220,7.2220,7.2220,7.2220,7.2220,7.2220,7.2220,7.2220,7.2220,7.2220,7.2220,7.2220,7.2220,7.2220,7.2220,7.2220,7.2220,7.2220,7.2220,7.2220,7.2220,7.2220,7.2220,7.2220,7.2220,7.2220,7.2220,7.2220,7.2220,7.2220,7.2220,7.2220,7.2220,7.2220,7.2220,7.2220,7.2220,7.2220,7.2220,7.2220,7.2220,7.2220,7.2220,7.2220,7.2220,7.2220,7.2220,7.2220,7.2220,7.2220,7.2220,7.2220,7.2220,7.2220,7.2220,7.2220,7.2220,7.2220,7.2220,7.2220,7.2220,7.2220,7.2220,7.2220,7.2220,7.2220,7.2220,7.2220,7.2220,7.2220,7.2220,7.2220,7.2220,7.2220,7.2220,7.2220,7.2220,7.2220,7.2220,7.2220,7.2220,7.2220,7.2220,7.2220,7.2220,7.2220
7.2167,7.2167,7.2167,7.2167,7.2167,7.2167,7.2167,7.2167,7.2167,7.2167,7.2167,7.2167,7.2167,7.2167,7.2167,7.2167,7.2167,7.2167,7.2167,7.2167,7.2167,7.2167,7.2167,7.2167,7.2167,7.2167,7.2167,7.2167,7.2167,7.2167,7.2167,7.2167,7.2167,7.2167,7.2167,7.2167,7.2167,7.2167,7.2167,7.2167,7.2167,7.2167,7.2167,7.2167,7.2167,7.2167,7.2167,7.2167,7.2167,7.2167,7.2167,7.2167,7.2167,7.2167,7.2167,7.2167,7.2167,7.2167,7.2167,7.2167,7.2167,7.2167,7.2167,7.2167,7.2167,7.2167,7.2167,7.2167,7.2167,7.2167,7.2167,7.2167,7.2167,7.2167,7.2167,7.2167,7.2167,7.2167,7.2167,7.2167,7.2167,7.2167,7.2167,7.2167,7.2167,7.2167,7.2167,7.2167,7.2167,7.2167,7.2167,7.2167,7.2167,7.2167,7.2167,7.2167,7.2167,7.2167,7.2167,7.2167,7.2167,7.2167,7.2167,7.2167,7.2167,7.2167,7.2167,7.2167,7.2167,7.2167,7.2167,7.2167,7.2167,7.2167,7.2167,7.2167,7.2167,7.2167,7.2167,7.2167,7.2167,7.2167,7.2167,7.2167,7.2167,7.2167,7.2167,7.2167,7.2167,7.2167,7.2167,7.2167,7.2167,7.2167,7.2167,7.2167,7.2167,7.2167,7.2167,7.2167,7.2167,7.2167,7.2167,7.2167,7.2167,7.2167,7.2167,7.2167,7.2167,7.2167,7.2167,7.2167,7.2167,7.2167,7.2167,7.2167,7.2167,7.2167,7.2167,7.2167,7.2167,7.2167,7.2167,7.2167,7.2167,7.2167,7.2167,7.2167,7.2167,7.2167,7.2167,7.2167,7.2167,7.2167,7.2167,7.2167,7.2167,7.2167,7.2167,7.2167,7.2167,7.2167,7.2167,7.2167,7.2167,7.2167,7.2167,7.2167,7.2167,7.2167,7.2167,7.2167,7.2167,7.2167,7.2167,7.2167,7.2167,7.2167,7.2167,7.2167,7.2167,7.2167,7.2167,7.2167,7.2167,7.2167,7.2167,7.2167,7.2167,7.2167,7.2167,7.2167,7.2167,7.2167,7.2167,7.2167,7.2167,7.2167,7.2167,7.2167,7.2167,7.2167,7.2167,7.2167,7.2167,7.2167,7.2167,7.2167,7.2167,7.2167,7.2167,7.2167,7.2167,7.2167,7.2167,7.2167,7.2167,7.2167,7.2167,7.2167,7.2167,7.2167,7.2167,7.2167,7.2167,7.2167,7.2167,7.2167,7.2167,7.2167,7.2167,7.2167,7.2167,7.2167,7.2167,7.2167,7.2167,7.2167,7.2167,7.2167,7.2167,7.2167,7.2167,7.2167,7.2167,7.2167,7.2167,7.2167,7.2167,7.2167,7.2167,7.2167,7.2167,7.2167,7.2167,7.2167,7.2167,7.2167,7.2167,7.2167,7.2167,7.2167,7.2167,7.2167,7.2167,7.2167,7.2167,7.2167,7.2167,7.2167,7.2167,7.2167,7.2167,7.2167,7.2167,7.2167,7.2167,7.2167,7.2167,7.2167,7.2167,7.2167,7.2167,7.2167,7.2167,7.2167,7.2167,7.2167,7.2167,7.2167,7.2167,7.2167,7.2167,7.2167,7.2167,7.2167,7.2167,7.2167,7.2167,7.2167,7.2167,7.2167,7.2167,7.2167,7.2167,7.2167,7.2167,7.2167,7.2167,7.2167,7.2167,7.2167,7.2167,7.2167,7.2167,7.2167,7.2167,7.2167,7.2167,7.2167,7.2167,7.2167,7.2167,7.2167,7.2167,7.2167,7.2167,7.2167,7.2167,7.2167,7.2167,7.2167,7.2167,7.2167,7.2167,7.2167,7.2167,7.2167,7.2167,7.2167,7.2167,7.2167,7.2167,7.2167,7.2167,7.2167,7.2167,7.2167,7.2167,7.2167,7.2167,7.2167,7.2167,7.2167,7.2167,7.2167,7.2167,7.2167,7.2167,7.2167,7.2167,7.2167,7.2167,7.2167,7.2167,6.0567,6.0211,5.9852,5.9498,5.9282,5.9223,5.9165,5.9105,5.9044,5.8986,5.8926,5.8866,5.8809,5.8749,5.8690,5.8632,5.8573,5.8514,5.8457,5.8410,5.8355,5.8315,5.8306,5.8298,5.8290,5.8282,5.8274,5.8268,5.8260,5.8252,5.8244,5.8236,5.8228,5.8220,5.8211,5.8203,5.8197,5.8189,5.8181,5.8173,5.8165,5.8157,5.8149,5.8141,5.8133,5.8127,5.8119,5.8119,5.8141,5.8165,5.8187,5.8211,5.8234,5.8258,5.8280,5.8304,5.8327,5.8351,5.8375,5.8398,5.8420,5.8444,5.8467,5.8491,5.8514,5.8538,5.8561,5.8585,5.8610,5.8632,5.8657,5.8679,5.8714,5.8790,5.8866,5.8941,5.9017,5.9092,5.9169,5.9244,5.9322,5.9399,5.9475,5.9553,5.9629,5.9708,5.9786,5.9863,6.0707,6.6855,6.6818,6.6799,6.6778,6.6765,6.6744,6.6728,6.6714,6.6693,6.6683,6.6664,6.6648,6.6627,6.6616,6.6595,6.6577,6.6561,6.6545,6.6529,6.6511,6.6495,6.6479,6.6469,6.6450,6.6456,6.6471,6.6495,6.6506,6.6529,6.6545,6.6558,6.6574,6.6590,6.6614,6.6624,6.6646,6.6656,6.6675,6.6696,6.6712,6.6728,6.6738,6.6757,6.6773,6.6781,6.6791,6.6805,6.6815,6.6821,6.6858,6.6914,6.6967,6.7023,6.7079,6.7128,6.7189,6.7241,6.7300,6.7351,6.7411,6.7462,6.7524,6.7579,6.7630,6.7688,6.7748,6.7942,6.8232,6.8519,6.8805,6.9117,7.2167,7.2167,7.2167,7.2167,7.2167,7.2167,7.2167,7.2167,7.2167,7.2167,7.2167,7.2167,7.2167,7.2167,7.2167,7.2167,7.2167,7.2167,7.2167,7.2167,7.2167,7.2167,7.2167,7.2167,7.2167,7.2167,7.2167,7.2167,7.2167,7.2167,7.2167,7.2167,7.2167,7.2167,7.2167,7.2167,7.2167,7.2167,7.2167,7.2167,7.2167,7.2167,7.2167,7.2167,7.2167,7.2167,7.2167,7.2167,7.2167,7.2167,7.2167,7.2167,7.2167,7.2167,7.2167,7.2167,7.2167,7.2167,7.2167,7.2167,7.2167,7.2167,7.2167,7.2167,7.2167,7.2167,7.2167,7.2167,7.2167,7.2167,7.2167,7.2167,7.2167,7.2167,7.2167,7.2167,7.2167,7.2167,7.2167,7.2167,7.2167,7.2167,7.2167,7.2167,7.2167,7.2167,7.2167,7.2167,7.2167,7.2167,7.2167,7.2167,7.2167,7.2167,7.2167,7.2167,7.2167,7.2167,7.2167,7.2167,7.2167,7.2167,7.2167,7.2167,7.2167,7.2167,7.2167,7.2167,7.2167,7.2167,7.2167,7.2167,7.2167,7.2167,7.2167,7.2167,7.2167,7.2167,7.2167,7.2167,7.2167,7.2167,7.2167,7.2167,7.2167,7.2167,7.2167,7.2167,7.2167,7.2167,7.2167,7.2167,7.2167,7.2167,7.2167,7.2167,7.2167,7.2167,7.2167,7.2167,7.2167,7.2167,7.2167,7.2167,7.2167,7.2167,7.2167,7.2167,7.2167,7.2167,7.2167,7.2167,7.2167,7.2167,7.2167,7.2167,7.2167,7.2167,7.2167,7.2167,7.2167,7.2167,7.2167,7.2167,7.2167,7.2167,7.2167,7.2167,7.2167,7.2167,7.2167,7.2167,7.2167,7.2167,7.2167,7.2167,7.2167,7.2167,7.2167,7.2167,7.2167,7.2167,7.2167,7.2167,7.2167,7.2167,7.2167,7.2167,7.2167,7.2167,7.2167,7.2167,7.2167,7.2167,7.2167,7.2167,7.2167,7.2167,7.2167,7.2167,7.2167,7.2167,7.2167,7.2167,7.2167,7.2167,7.2167,7.2167,7.2167,7.2167,7.2167,7.2167,7.2167,7.2167,7.2167,7.2167,7.2167,7.2167,7.2167,7.2167,7.2167,7.2167,7.2167,7.2167,7.2167,7.2167,7.2167,7.2167,7.2167,7.2167,7.2167,7.2167,7.2167,7.2167,7.2167,7.2167,7.2167,7.2167,7.2167,7.2167,7.2167,7.2167,7.2167,7.2167,7.2167,7.2167,7.2167,7.2167,7.2167,7.2167,7.2167,7.2167,7.2167,7.2167,7.2167,7.2167,7.2167,7.2167,7.2167,7.2167,7.2167,7.2167,7.2167,7.2167,7.2167,7.2167,7.2167,7.2167,7.2167,7.2167,7.2167,7.2167,7.2167,7.2167,7.2167,7.2167,7.2167,7.2167,7.2167,7.2167,7.2167,7.2167,7.2167,7.2167,7.2167,7.2167,7.2167,7.2167,7.2167,7.2167,7.2167,7.2167,7.2167,7.2167,7.2167,7.2167,7.2167,7.2167,7.2167,7.2167,7.2167,7.2167,7.2167,7.2167,7.2167,7.2167,7.2167,7.2167,7.2167,7.2167,7.2167,7.2167,7.2167,7.2167,7.2167,7.2167,7.2167,7.2167,7.2167,7.2167,7.2167,7.2167,7.2167,7.2167,7.2167,7.2167,7.2167,7.2167,7.2167,7.2167,7.2167,7.2167,7.2167,7.2167,7.2167,7.2167,7.2167,7.2167,7.2167,7.2167,7.2167,7.2167,7.2167,7.2167,7.2167,7.2167,7.2167,7.2167,7.2167,7.2167,7.2167,7.2167,7.2167,7.2167,7.2167,7.2167,7.2167,7.2167,7.2167,7.2167,7.2167,7.2167,7.2167,7.2167,7.2167,7.2167,7.2167,7.2167,7.2167,7.2167,7.2167,7.2167,7.2167,7.2167,7.2167,7.2167,7.2167,7.2167,7.2167,7.2167,7.2167,7.2167,7.2167,7.2167,7.2167,7.2167,7.2167,7.2167,7.2167,7.2167,7.2167,7.2167,7.2167,7.2167,7.2167,7.2167,7.2167,7.2167,7.2167,7.2167,7.2167,7.2167,7.2167,7.2167,7.2167,7.2167,7.2167,7.2167,7.2167,7.2167,7.2167,7.2167,7.2167,7.2167,7.2167
7.2108,7.2108,7.2108,7.2108,7.2108,7.2108,7.2108,7.2108,7.2108,7.2108,7.2108,7.2108,7.2108,7.2108,7.2108,7.2108,7.2108,7.2108,7.2108,7.2108,7.2108,7.2108,7.2108,7.2108,7.2108,7.2108,7.2108,7.2108,7.2108,7.2108,7.2108,7.2108,7.2108,7.2108,7.2108,7.2108,7.2108,7.2108,7.2108,7.2108,7.2108,7.2108,7.2108,7.2108,7.2108,7.2108,7.2108,7.2108,7.2108,7.2108,7.2108,7.2108,7.2108,7.2108,7.2108,7.2108,7.2108,7.2108,7.2108,7.2108,7.2108,7.2108,7.2108,7.2108,7.2108,7.2108,7.2108,7.2108,7.2108,7.2108,7.2108,7.2108,7.2108,7.2108,7.2108,7.2108,7.2108,7.2108,7.2108,7.2108,7.2108,7.2108,7.2108,7.2108,7.2108,7.2108,7.2108,7.2108,7.2108,7.2108,7.2108,7.2108,7.2108,7.2108,7.2108,7.2108,7.2108,7.2108,7.2108,7.2108,7.2108,7.2108,7.2108,7.2108,7.2108,7.2108,7.2108,7.2108,7.2108,7.2108,7.2108,7.2108,7.2108,7.2108,7.2108,7.2108,7.2108,7.2108,7.2108,7.2108,7.2108,7.2108,7.2108,7.2108,7.2108,7.2108,7.2108,7.2108,7.2108,7.2108,7.2108,7.2108,7.2108,7.2108,7.2108,7.2108,7.2108,7.2108,7.2108,7.2108,7.2108,7.2108,7.2108,7.2108,7.2108,7.2108,7.2108,7.2108,7.2108,7.2108,7.2108,7.2108,7.2108,7.2108,7.2108,7.2108,7.2108,7.2108,7.2108,7.2108,7.2108,7.2108,7.2108,7.2108,7.2108,7.2108,7.2108,7.2108,7.2108,7.2108,7.2108,7.2108,7.2108,7.2108,7.2108,7.2108,7.2108,7.2108,7.2108,7.2108,7.2108,7.2108,7.2108,7.2108,7.2108,7.2108,7.2108,7.2108,7.2108,7.2108,7.2108,7.2108,7.2108,7.2108,7.2108,7.2108,7.2108,7.2108,7.2108,7.2108,7.2108,7.2108,7.2108,7.2108,7.2108,7.2108,7.2108,7.2108,7.2108,7.2108,7.2108,7.2108,7.2108,7.2108,7.2108,7.2108,7.2108,7.2108,7.2108,7.2108,7.2108,7.2108,7.2108,7.2108,7.2108,7.2108,7.2108,7.2108,7.2108,7.2108,7.2108,7.2108,7.2108,7.2108,7.2108,7.2108,7.2108,7.2108,7.2108,7.2108,7.2108,7.2108,7.2108,7.2108,7.2108,7.2108,7.2108,7.2108,7.2108,7.2108,7.2108,7.2108,7.2108,7.2108,7.2108,7.2108,7.2108,7.2108,7.2108,7.2108,7.2108,7.2108,7.2108,7.2108,7.2108,7.2108,7.2108,7.2108,7.2108,7.2108,7.2108,7.2108,7.2108,7.2108,7.2108,7.2108,7.2108,7.2108,7.2108,7.2108,7.2108,7.2108,7.2108,7.2108,7.2108,7.2108,7.2108,7.2108,7.2108,7.2108,7.2108,7.2108,7.2108,7.2108,7.2108,7.2108,7.2108,7.2108,7.2108,7.2108,7.2108,7.2108,7.2108,7.2108,7.2108,7.2108,7.2108,7.2108,7.2108,7.2108,7.2108,7.2108,7.2108,7.2108,7.2108,7.2108,7.2108,7.2108,7.2108,7.2108,7.2108,7.2108,7.2108,7.2108,7.2108,7.2108,7.2108,7.2108,7.2108,7.2108,7.2108,7.2108,7.2108,7.2108,7.2108,7.2108,7.2108,7.2108,7.2108,7.2108,7.2108,7.2108,7.2108,7.2108,7.2108,7.2108,7.2108,7.2108,7.2108,7.2108,7.2108,7.2108,7.2108,7.2108,7.2108,7.2108,7.2108,7.2108,7.2108,7.2108,7.2108,7.2108,7.2108,7.2108,7.2108,7.2108,7.2108,7.2108,7.2108,7.2108,7.2108,7.2108,7.2108,7.2108,7.2108,7.2108,7.2108,7.2108,7.2108,7.2108,7.2108,7.2108,7.2108,7.2108,7.2108,6.0528,6.0172,5.9814,5.9465,5.9282,5.9223,5.9165,5.9107,5.9046,5.8986,5.8928,5.8868,5.8809,5.8751,5.8692,5.8632,5.8575,5.8516,5.8457,5.8402,5.8341,5.8304,5.8292,5.8284,5.8278,5.8270,5.8262,5.8254,5.8246,5.8238,5.8230,5.8222,5.8213,5.8207,5.8199,5.8191,5.8183,5.8175,5.8167,5.8159,5.8151,5.8145,5.8137,5.8129,5.8121,5.8113,5.8105,5.8115,5.8139,5.8161,5.8185,5.8207,5.8232,5.8254,5.8278,5.8300,5.8325,5.8349,5.8371,5.8394,5.8418,5.8440,5.8465,5.8487,5.8512,5.8534,5.8559,5.8581,5.8606,5.8628,5.8653,5.8675,5.8729,5.8805,5.8879,5.8955,5.9030,5.9107,5.9182,5.9259,5.9334,5.9412,5.9490,5.9566,5.9644,5.9723,5.9799,5.9938,6.1091,6.6789,6.6775,6.6759,6.6744,6.6722,6.6704,6.6688,6.6677,6.6661,6.6638,6.6622,6.6611,6.6595,6.6572,6.6556,6.6545,6.6529,6.6511,6.6490,6.6474,6.6458,6.6440,6.6424,6.6421,6.6440,6.6453,6.6469,6.6487,6.6508,6.6521,6.6537,6.6561,6.6577,6.6587,6.6606,6.6622,6.6643,6.6659,6.6675,6.6688,6.6704,6.6725,6.6736,6.6751,6.6775,6.6786,6.6802,6.6813,6.6826,6.6871,6.6927,6.6988,6.7042,6.7098,6.7149,6.7208,6.7265,6.7313,6.7375,6.7432,6.7481,6.7538,6.7595,6.7655,6.7707,6.7761,6.8030,6.8313,6.8595,6.8884,7.2102,7.2102,7.2102,7.2102,7.2102,7.2102,7.2102,7.2102,7.2102,7.2102,7.2102,7.2102,7.2102,7.2102,7.2102,7.2102,7.2102,7.2102,7.2102,7.2102,7.2102,7.2102,7.2102,7.2102,7.2102,7.2102,7.2102,7.2102,7.2102,7.2102,7.2102,7.2102,7.2102,7.2102,7.2102,7.2102,7.2102,7.2102,7.2102,7.2102,7.2102,7.2102,7.2102,7.2102,7.2102,7.2102,7.2102,7.2102,7.2102,7.2102,7.2102,7.2102,7.2102,7.2102,7.2102,7.2102,7.2102,7.2102,7.2102,7.2102,7.2102,7.2102,7.2102,7.2102,7.2102,7.2102,7.2102,7.2102,7.2102,7.2102,7.2102,7.2102,7.2102,7.2102,7.2102,7.2102,7.2102,7.2102,7.2102,7.2102,7.2102,7.2102,7.2102,7.2102,7.2102,7.2102,7.2102,7.2102,7.2102,7.2102,7.2102,7.2102,7.2102,7.2102,7.2102,7.2102,7.2102,7.2102,7.2102,7.2102,7.2102,7.2102,7.2102,7.2102,7.2102,7.2102,7.2102,7.2102,7.2102,7.2102,7.2102,7.2102,7.2102,7.2102,7.2102,7.2102,7.2102,7.2102,7.2102,7.2102,7.2102,7.2102,7.2102,7.2102,7.2102,7.2102,7.2102,7.2102,7.2102,7.2102,7.2102,7.2102,7.2102,7.2102,7.2102,7.2102,7.2102,7.2102,7.2102,7.2102,7.2102,7.2102,7.2102,7.2102,7.2102,7.2102,7.2102,7.2102,7.2102,7.2102,7.2102,7.2102,7.2102,7.2102,7.2102,7.2102,7.2102,7.2102,7.2102,7.2102,7.2102,7.2102,7.2102,7.2102,7.2102,7.2102,7.2102,7.2102,7.2102,7.2102,7.2102,7.2102,7.2102,7.2102,7.2102,7.2102,7.2102,7.2102,7.2102,7.2102,7.2102,7.2102,7.2102,7.2102,7.2102,7.2102,7.2102,7.2102,7.2102,7.2102,7.2102,7.2102,7.2102,7.2102,7.2102,7.2102,7.2102,7.2102,7.2102,7.2102,7.2102,7.2102,7.2102,7.2102,7.2102,7.2102,7.2102,7.2102,7.2102,7.2102,7.2102,7.2102,7.2102,7.2102,7.2102,7.2102,7.2102,7.2102,7.2102,7.2102,7.2102,7.2102,7.2102,7.2102,7.2102,7.2102,7.2102,7.2102,7.2102,7.2102,7.2102,7.2102,7.2102,7.2102,7.2102,7.2102,7.2102,7.2102,7.2102,7.2102,7.2102,7.2102,7.2102,7.2102,7.2102,7.2102,7.2102,7.2108,7.2108,7.2108,7.2108,7.2108,7.2108,7.2108,7.2108,7.2108,7.2108,7.2108,7.2108,7.2108,7.2108,7.2108,7.2108,7.2108,7.2108,7.2108,7.2108,7.2108,7.2108,7.2108,7.2108,7.2108,7.2108,7.2108,7.2108,7.2108,7.2108,7.2108,7.2108,7.2108,7.2108,7.2108,7.2108,7.2108,7.2108,7.2108,7.2108,7.2108,7.2108,7.2108,7.2108,7.2108,7.2108,7.2108,7.2108,7.2108,7.2108,7.2108,7.2108,7.2108,7.2108,7.2108,7.2108,7.2108,7.2108,7.2108,7.2108,7.2108,7.2108,7.2108,7.2108,7.2108,7.2108,7.2108,7.2108,7.2108,7.2108,7.2108,7.2108,7.2108,7.2108,7.2108,7.2108,7.2108,7.2108,7.2108,7.2108,7.2108,7.2108,7.2108,7.2108,7.2108,7.2108,7.2108,7.2108,7.2108,7.2108,7.2108,7.2108,7.2108,7.2108,7.2108,7.2108,7.2108,7.2108,7.2108,7.2108,7.2108,7.2108,7.2108,7.2108,7.2108,7.2108,7.2108,7.2108,7.2108,7.2108,7.2108,7.2108,7.2108,7.2108,7.2108,7.2108,7.2108,7.2108,7.2108,7.2108,7.2108,7.2108,7.2108,7.2108,7.2108,7.2108,7.2108,7.2108,7.2108,7.2108,7.2108,7.2108,7.2108,7.2108,7.2108,7.2108,7.2108,7.2108,7.2108,7.2108,7.2108,7.2108,7.2108,7.2108,7.2108,7.2108,7.2108,7.2108,7.2108,7.2108,7.2108,7.2108,7.2108,7.2108,7.2108,7.2108,7.2108,7.2108,7.2108,7.2108,7.2108,7.2108,7.2108,7.2108,7.2108,7.2108,7.2108,7.2108,7.2108
7.2049,7.2049,7.2049,7.2049,7.2049,7.2049,7.2049,7.2049,7.2049,7.2049,7.2049,7.2049,7.2049,7.2049,7.2049,7.2049,7.2049,7.2049,7.2049,7.2049,7.2049,7.2049,7.2049,7.2049,7.2049,7.2049,7.2049,7.2049,7.2049,7.2049,7.2049,7.2049,7.2049,7.2049,7.2049,7.2049,7.2049,7.2049,7.2049,7.2049,7.2049,7.2049,7.2049,7.2049,7.2049,7.2049,7.2049,7.2049,7.2049,7.2049,7.2049,7.2049,7.2049,7.2049,7.2049,7.2049,7.2049,7.2049,7.2049,7.2049,7.2049,7.2049,7.2049,7.2049,7.2049,7.2049,7.2049,7.2049,7.2049,7.2049,7.2049,7.2049,7.2049,7.2049,7.2049,7.2049,7.2049,7.2049,7.2049,7.2049,7.2049,7.2049,7.2049,7.2049,7.2049,7.2049,7.2049,7.2049,7.2049,7.2049,7.2049,7.2049,7.2049,7.2049,7.2049,7.2049,7.2049,7.2049,7.2049,7.2049,7.2049,7.2049,7.2049,7.2049,7.2049,7.2049,7.2049,7.2049,7.2049,7.2049,7.2049,7.2049,7.2049,7.2049,7.2049,7.2049,7.2049,7.2049,7.2049,7.2049,7.2049,7.2049,7.2049,7.2049,7.2049,7.2049,7.2049,7.2049,7.2049,7.2049,7.2049,7.2049,7.2049,7.2049,7.2049,7.2049,7.2049,7.2049,7.2049,7.2049,7.2049,7.2049,7.2049,7.2049,7.2049,7.2049,7.2049,7.2049,7.2049,7.2049,7.2049,7.2049,7.2049,7.2049,7.2049,7.2049,7.2049,7.2049,7.2049,7.2049,7.2049,7.2049,7.2049,7.2049,7.2049,7.2049,7.2049,7.2049,7.2049,7.2049,7.2049,7.2049,7.2049,7.2049,7.2049,7.2049,7.2049,7.2049,7.2049,7.2049,7.2049,7.2049,7.2049,7.2049,7.2049,7.2049,7.2049,7.2049,7.2049,7.2049,7.2049,7.2049,7.2049,7.2049,7.2049,7.2049,7.2049,7.2049,7.2049,7.2049,7.2049,7.2049,7.2049,7.2049,7.2049,7.2049,7.2049,7.2049,7.2049,7.2049,7.2049,7.2049,7.2049,7.2049,7.2049,7.2049,7.2049,7.2049,7.2049,7.2049,7.2049,7.2049,7.2049,7.2049,7.2049,7.2049,7.2049,7.2049,7.2049,7.2049,7.2049,7.2049,7.2049,7.2049,7.2049,7.2049,7.2049,7.2049,7.2049,7.2049,7.2049,7.2049,7.2049,7.2049,7.2049,7.2049,7.2049,7.2049,7.2049,7.2049,7.2049,7.2049,7.2049,7.2049,7.2049,7.2049,7.2049,7.2049,7.2049,7.2049,7.2049,7.2049,7.2049,7.2049,7.2049,7.2049,7.2049,7.2049,7.2049,7.2049,7.2049,7.2049,7.2049,7.2049,7.2049,7.2049,7.2049,7.2049,7.2049,7.2049,7.2049,7.2049,7.2049,7.2049,7.2049,7.2049,7.2049,7.2049,7.2049,7.2049,7.2049,7.2049,7.2049,7.2049,7.2049,7.2049,7.2049,7.2049,7.2049,7.2049,7.2049,7.2049,7.2049,7.2049,7.2049,7.2049,7.2049,7.2049,7.2049,7.2049,7.2049,7.2049,7.2049,7.2049,7.2049,7.2049,7.2049,7.2049,7.2049,7.2049,7.2049,7.2049,7.2049,7.2049,7.2049,7.2049,7.2049,7.2049,7.2049,7.2049,7.2049,7.2049,7.2049,7.2049,7.2049,7.2049,7.2049,7.2049,7.2049,7.2049,7.2049,7.2049,7.2049,7.2049,7.2049,7.2049,7.2049,7.2049,7.2049,7.2049,7.2049,7.2049,7.2049,7.2049,7.2049,7.2049,7.2049,7.2049,7.2049,7.2049,7.2049,7.2049,7.2049,7.2049,7.2049,7.2049,7.2049,7.2049,7.2049,7.2049,7.2049,7.2049,7.2049,7.2049,7.2049,7.2049,7.2049,7.2049,7.2049,7.2049,7.2049,7.2049,7.2049,7.2049,7.2049,6.0488,6.0131,5.9776,5.9431,5.9284,5.9226,5.9167,5.9107,5.9049,5.8988,5.8928,5.8871,5.8811,5.8751,5.8694,5.8634,5.8575,5.8518,5.8459,5.8400,5.8343,5.8313,5.8300,5.8286,5.8274,5.8262,5.8250,5.8240,5.8232,5.8226,5.8218,5.8209,5.8201,5.8193,5.8185,5.8177,5.8169,5.8161,5.8155,5.8147,5.8139,5.8131,5.8123,5.8115,5.8107,5.8099,5.8091,5.8111,5.8135,5.8159,5.8181,5.8205,5.8228,5.8252,5.8274,5.8298,5.8323,5.8345,5.8367,5.8392,5.8414,5.8438,5.8461,5.8485,5.8508,5.8532,5.8554,5.8579,5.8601,5.8626,5.8649,5.8673,5.8743,5.8817,5.8893,5.8968,5.9044,5.9119,5.9196,5.9272,5.9349,5.9427,5.9503,5.9581,5.9659,5.9735,5.9814,6.0289,6.6775,6.6746,6.6738,6.6722,6.6704,6.6688,6.6667,6.6656,6.6638,6.6616,6.6601,6.6590,6.6569,6.6550,6.6535,6.6524,6.6506,6.6485,6.6474,6.6458,6.6437,6.6419,6.6403,6.6393,6.6398,6.6414,6.6437,6.6448,6.6466,6.6485,6.6506,6.6524,6.6540,6.6553,6.6569,6.6590,6.6606,6.6622,6.6640,6.6656,6.6672,6.6688,6.6706,6.6717,6.6733,6.6749,6.6770,6.6789,6.6799,6.6831,6.6895,6.6951,6.7002,6.7055,6.7117,6.7173,6.7222,6.7284,6.7338,6.7389,6.7451,6.7500,6.7557,6.7620,6.7674,6.7731,6.7822,6.8110,6.8396,6.8676,6.8972,7.2049,7.2049,7.2049,7.2049,7.2049,7.2049,7.2049,7.2049,7.2049,7.2049,7.2049,7.2049,7.2049,7.2049,7.2049,7.2049,7.2049,7.2049,7.2049,7.2049,7.2049,7.2049,7.2049,7.2049,7.2049,7.2049,7.2049,7.2049,7.2049,7.2049,7.2049,7.2049,7.2049,7.2049,7.2049,7.2049,7.2049,7.2049,7.2049,7.2049,7.2049,7.2049,7.2049,7.2049,7.2049,7.2049,7.2049,7.2049,7.2049,7.2049,7.2049,7.2049,7.2049,7.2049,7.2049,7.2049,7.2049,7.2049,7.2049,7.2049,7.2049,7.2049,7.2049,7.2049,7.2049,7.2049,7.2049,7.2049,7.2049,7.2049,7.2049,7.2049,7.2049,7.2049,7.2049,7.2049,7.2049,7.2049,7.2049,7.2049,7.2049,7.2049,7.2049,7.2049,7.2049,7.2049,7.2049,7.2049,7.2049,7.2049,7.2049,7.2049,7.2049,7.2049,7.2049,7.2049,7.2049,7.2049,7.2049,7.2049,7.2049,7.2049,7.2049,7.2049,7.2049,7.2049,7.2049,7.2049,7.2049,7.2049,7.2049,7.2049,7.2049,7.2049,7.2049,7.2049,7.2049,7.2049,7.2049,7.2049,7.2049,7.2049,7.2049,7.2049,7.2049,7.2049,7.2049,7.2049,7.2049,7.2049,7.2049,7.2049,7.2049,7.2049,7.2049,7.2049,7.2049,7.2049,7.2049,7.2049,7.2049,7.2049,7.2049,7.2049,7.2049,7.2049,7.2049,7.2049,7.2049,7.2049,7.2049,7.2049,7.2049,7.2049,7.2049,7.2049,7.2049,7.2049,7.2049,7.2049,7.2049,7.2049,7.2049,7.2049,7.2049,7.2049,7.2049,7.2049,7.2049,7.2049,7.2049,7.2049,7.2049,7.2049,7.2049,7.2049,7.2049,7.2049,7.2049,7.2049,7.2049,7.2049,7.2049,7.2049,7.2049,7.2049,7.2049,7.2049,7.2049,7.2049,7.2049,7.2049,7.2049,7.2049,7.2049,7.2049,7.2049,7.2049,7.2049,7.2049,7.2049,7.2049,7.2049,7.2049,7.2049,7.2049,7.2049,7.2049,7.2049,7.2049,7.2049,7.2049,7.2049,7.2049,7.2049,7.2049,7.2049,7.2049,7.2049,7.2049,7.2049,7.2049,7.2049,7.2049,7.2049,7.2049,7.2049,7.2049,7.2049,7.2049,7.2049,7.2049,7.2049,7.2049,7.2049,7.2049,7.2049,7.2049,7.2049,7.2049,7.2049,7.2049,7.2049,7.2049,7.2049,7.2049,7.2049,7.2049,7.2049,7.2049,7.2049,7.2049,7.2049,7.2049,7.2049,7.2049,7.2049,7.2049,7.2049,7.2049,7.2049,7.2049,7.2049,7.2049,7.2049,7.2049,7.2049,7.2049,7.2049,7.2049,7.2049,7.2049,7.2049,7.2049,7.2049,7.2049,7.2049,7.2049,7.2049,7.2049,7.2049,7.2049,7.2049,7.2049,7.2049,7.2049,7.2049,7.2049,7.2049,7.2049,7.2049,7.2049,7.2049,7.2049,7.2049,7.2049,7.2049,7.2049,7.2049,7.2049,7.2049,7.2049,7.2049,7.2049,7.2049,7.2049,7.2049,7.2049,7.2049,7.2049,7.2049,7.2049,7.2049,7.2049,7.2049,7.2049,7.2049,7.2049,7.2049,7.2049,7.2049,7.2049,7.2049,7.2049,7.2049,7.2049,7.2049,7.2049,7.2049,7.2049,7.2049,7.2049,7.2049,7.2049,7.2049,7.2049,7.2049,7.2049,7.2049,7.2049,7.2049,7.2049,7.2049,7.2049,7.2049,7.2049,7.2049,7.2049,7.2049,7.2049,7.2049,7.2049,7.2049,7.2049,7.2049,7.2049,7.2049,7.2049,7.2049,7.2049,7.2049,7.2049,7.2049,7.2049,7.2049,7.2049,7.2049,7.2049,7.2049,7.2049,7.2049,7.2049,7.2049,7.2049,7.2049,7.2049,7.2049,7.2049,7.2049,7.2049,7.2049,7.2049,7.2049,7.2049,7.2049,7.2049,7.2049,7.2049,7.2049,7.2049,7.2049,7.2049,7.2049,7.2049,7.2049,7.2049,7.2049,7.2049,7.2049,7.2049,7.2049,7.2049,7.2049,7.2049,7.2049,7.2049,7.2049,7.2049,7.2049,7.2049,7.2049,7.2049,7.2049,7.2049,7.2049,7.2049
7.1985,7.1985,7.1985,7.1985,7.1985,7.1985,7.1985,7.1985,7.1985,7.1985,7.1985,7.1985,7.1985,7.1985,7.1985,7.1985,7.1985,7.1985,7.1985,7.1985,7.1985,7.1985,7.1985,7.1985,7.1985,7.1985,7.1985,7.1985,7.1985,7.1985,7.1985,7.1985,7.1985,7.1985,7.1985,7.1985,7.1985,7.1985,7.1985,7.1985,7.1985,7.1985,7.1985,7.1985,7.1985,7.1985,7.1985,7.1985,7.1985,7.1985,7.1985,7.1985,7.1985,7.1985,7.1985,7.1985,7.1985,7.1985,7.1985,7.1985,7.1985,7.1985,7.1985,7.1985,7.1985,7.1985,7.1985,7.1985,7.1985,7.1985,7.1985,7.1985,7.1985,7.1985,7.1985,7.1985,7.1985,7.1985,7.1985,7.1985,7.1985,7.1985,7.1985,7.1985,7.1985,7.1985,7.1985,7.1985,7.1985,7.1985,7.1985,7.1985,7.1985,7.1985,7.1985,7.1985,7.1985,7.1985,7.1985,7.1985,7.1985,7.1985,7.1985,7.1985,7.1985,7.1985,7.1985,7.1985,7.1985,7.1985,7.1985,7.1985,7.1985,7.1985,7.1985,7.1985,7.1985,7.1985,7.1985,7.1985,7.1985,7.1985,7.1985,7.1985,7.1985,7.1985,7.1985,7.1985,7.1985,7.1985,7.1985,7.1985,7.1985,7.1985,7.1985,7.1985,7.1985,7.1985,7.1985,7.1985,7.1985,7.1985,7.1985,7.1985,7.1985,7.1985,7.1985,7.1985,7.1985,7.1985,7.1985,7.1985,7.1985,7.1985,7.1985,7.1985,7.1985,7.1985,7.1985,7.1985,7.1985,7.1985,7.1985,7.1985,7.1985,7.1985,7.1985,7.1985,7.1985,7.1985,7.1985,7.1985,7.1985,7.1985,7.1985,7.1985,7.1985,7.1985,7.1985,7.1985,7.1985,7.1985,7.1985,7.1985,7.1985,7.1985,7.1985,7.1985,7.1985,7.1985,7.1985,7.1985,7.1985,7.1985,7.1985,7.1985,7.1985,7.1985,7.1985,7.1985,7.1985,7.1985,7.1985,7.1985,7.1985,7.1985,7.1985,7.1985,7.1985,7.1985,7.1985,7.1985,7.1985,7.1985,7.1985,7.1985,7.1985,7.1985,7.1985,7.1985,7.1985,7.1985,7.1985,7.1985,7.1985,7.1985,7.1985,7.1985,7.1985,7.1985,7.1985,7.1985,7.1985,7.1985,7.1985,7.1985,7.1985,7.1985,7.1985,7.1985,7.1985,7.1985,7.1985,7.1985,7.1985,7.1985,7.1985,7.1985,7.1985,7.1985,7.1985,7.1985,7.1985,7.1985,7.1985,7.1985,7.1985,7.1985,7.1985,7.1985,7.1985,7.1985,7.1985,7.1985,7.1985,7.1985,7.1985,7.1985,7.1985,7.1985,7.1985,7.1985,7.1985,7.1985,7.1985,7.1985,7.1985,7.1985,7.1985,7.1985,7.1985,7.1985,7.1985,7.1985,7.1985,7.1985,7.1985,7.1985,7.1985,7.1985,7.1985,7.1985,7.1985,7.1985,7.1985,7.1985,7.1985,7.1985,7.1985,7.1985,7.1985,7.1985,7.1985,7.1985,7.1985,7.1985,7.1985,7.1985,7.1985,7.1985,7.1985,7.1985,7.1985,7.1985,7.1985,7.1985,7.1985,7.1985,7.1985,7.1985,7.1985,7.1985,7.1985,7.1985,7.1985,7.1985,7.1985,7.1985,7.1985,7.1985,7.1985,7.1985,7.1985,7.1985,7.1985,7.1985,7.1985,7.1985,7.1985,7.1985,7.1985,7.1985,7.1985,7.1985,7.1985,7.1985,7.1985,7.1985,7.1985,7.1985,7.1985,7.1985,7.1985,7.1985,7.1985,7.1985,7.1985,7.1985,7.1985,7.1985,7.1985,7.1985,7.1985,7.1985,7.1985,7.1985,7.1985,7.1985,7.1985,7.1985,7.1985,7.1985,7.1985,7.1985,7.1985,7.1985,7.1985,7.1985,7.1985,7.1985,7.1985,7.1985,7.1985,7.1985,7.1985,6.0447,6.0092,5.9735,5.9399,5.9284,5.9226,5.9169,5.9109,5.9049,5.8990,5.8930,5.8871,5.8813,5.8753,5.8694,5.8636,5.8577,5.8518,5.8461,5.8402,5.8345,5.8319,5.8306,5.8294,5.8282,5.8270,5.8256,5.8244,5.8232,5.8218,5.8205,5.8195,5.8187,5.8179,5.8171,5.8165,5.8157,5.8149,5.8141,5.8133,5.8125,5.8117,5.8109,5.8103,5.8095,5.8087,5.8085,5.8109,5.8131,5.8155,5.8177,5.8201,5.8224,5.8248,5.8272,5.8294,5.8319,5.8341,5.8365,5.8388,5.8412,5.8434,5.8459,5.8481,5.8506,5.8528,5.8552,5.8575,5.8599,5.8622,5.8646,5.8681,5.8755,5.8831,5.8906,5.8982,5.9057,5.9134,5.9209,5.9286,5.9364,5.9439,5.9517,5.9593,5.9672,5.9750,5.9827,6.0657,6.6701,6.6691,6.6677,6.6672,6.6661,6.6651,6.6632,6.6616,6.6601,6.6585,6.6569,6.6550,6.6535,6.6514,6.6503,6.6479,6.6469,6.6448,6.6437,6.6414,6.6398,6.6382,6.6366,6.6358,6.6382,6.6395,6.6416,6.6429,6.6450,6.6464,6.6482,6.6498,6.6521,6.6537,6.6553,6.6566,6.6587,6.6603,6.6614,6.6638,6.6653,6.6669,6.6680,6.6701,6.6720,6.6730,6.6751,6.6767,6.6786,6.6839,6.6892,6.6956,6.7018,6.7074,6.7130,6.7192,6.7246,6.7297,6.7359,6.7408,6.7465,6.7527,6.7576,6.7633,6.7693,6.7745,6.7909,6.8193,6.8477,6.8763,6.9057,7.1985,7.1985,7.1985,7.1985,7.1985,7.1985,7.1985,7.1985,7.1985,7.1985,7.1985,7.1985,7.1985,7.1985,7.1985,7.1985,7.1985,7.1985,7.1985,7.1985,7.1985,7.1985,7.1985,7.1985,7.1985,7.1985,7.1985,7.1985,7.1985,7.1985,7.1985,7.1985,7.1985,7.1985,7.1985,7.1985,7.1985,7.1985,7.1985,7.1985,7.1985,7.1985,7.1985,7.1985,7.1985,7.1985,7.1985,7.1985,7.1985,7.1985,7.1985,7.1985,7.1985,7.1985,7.1985,7.1985,7.1985,7.1985,7.1985,7.1985,7.1985,7.1985,7.1985,7.1985,7.1985,7.1985,7.1985,7.1985,7.1985,7.1985,7.1985,7.1985,7.1985,7.1985,7.1985,7.1985,7.1985,7.1985,7.1985,7.1985,7.1985,7.1985,7.1985,7.1985,7.1985,7.1985,7.1985,7.1985,7.1985,7.1985,7.1985,7.1985,7.1985,7.1985,7.1985,7.1985,7.1985,7.1985,7.1985,7.1985,7.1985,7.1985,7.1985,7.1985,7.1985,7.1985,7.1985,7.1985,7.1985,7.1985,7.1985,7.1985,7.1985,7.1985,7.1985,7.1985,7.1985,7.1985,7.1985,7.1985,7.1985,7.1985,7.1985,7.1985,7.1985,7.1985,7.1985,7.1985,7.1985,7.1985,7.1985,7.1985,7.1985,7.1985,7.1985,7.1985,7.1985,7.1985,7.1985,7.1985,7.1985,7.1985,7.1985,7.1985,7.1985,7.1985,7.1985,7.1985,7.1985,7.1985,7.1985,7.1985,7.1985,7.1985,7.1985,7.1985,7.1985,7.1985,7.1985,7.1985,7.1985,7.1985,7.1985,7.1985,7.1985,7.1985,7.1985,7.1985,7.1985,7.1985,7.1985,7.1985,7.1985,7.1985,7.1985,7.1985,7.1985,7.1985,7.1985,7.1985,7.1985,7.1985,7.1985,7.1985,7.1985,7.1985,7.1985,7.1985,7.1985,7.1985,7.1985,7.1985,7.1985,7.1985,7.1985,7.1985,7.1985,7.1985,7.1985,7.1985,7.1985,7.1985,7.1985,7.1985,7.1985,7.1985,7.1985,7.1985,7.1985,7.1985,7.1985,7.1985,7.1985,7.1985,7.1985,7.1985,7.1985,7.1985,7.1985,7.1985,7.1985,7.1985,7.1985,7.1985,7.1985,7.1985,7.1985,7.1985,7.1985,7.1985,7.1985,7.1985,7.1985,7.1985,7.1985,7.1985,7.1985,7.1985,7.1985,7.1985,7.1985,7.1985,7.1985,7.1985,7.1985,7.1985,7.1985,7.1985,7.1985,7.1985,7.1985,7.1985,7.1985,7.1985,7.1985,7.1985,7.1985,7.1985,7.1985,7.1985,7.1985,7.1985,7.1985,7.1985,7.1985,7.1985,7.1985,7.1985,7.1985,7.1985,7.1985,7.1985,7.1985,7.1985,7.1985,7.1985,7.1985,7.1985,7.1985,7.1985,7.1985,7.1985,7.1985,7.1985,7.1985,7.1985,7.1985,7.1985,7.1985,7.1985,7.1985,7.1985,7.1985,7.1985,7.1985,7.1985,7.1985,7.1985,7.1985,7.1985,7.1985,7.1985,7.1985,7.1985,7.1985,7.1985,7.1985,7.1985,7.1985,7.1985,7.1985,7.1985,7.1985,7.1985,7.1985,7.1985,7.1985,7.1985,7.1985,7.1985,7.1985,7.1985,7.1985,7.1985,7.1985,7.1985,7.1985,7.1985,7.1985,7.1985,7.1985,7.1985,7.1985,7.1985,7.1985,7.1985,7.1985,7.1985,7.1985,7.1985,7.1985,7.1985,7.1985,7.1985,7.1985,7.1985,7.1985,7.1985,7.1985,7.1985,7.1985,7.1985,7.1985,7.1985,7.1985,7.1985,7.1985,7.1985,7.1985,7.1985,7.1985,7.1985,7.1985,7.1985,7.1985,7.1985,7.1985,7.1985,7.1985,7.1985,7.1985,7.1985,7.1985,7.1985,7.1985,7.1985,7.1985,7.1985,7.1985,7.1985,7.1985,7.1985,7.1985,7.1985,7.1985,7.1985,7.1985,7.1985,7.1985,7.1985,7.1985,7.1985,7.1985,7.1985,7.1985,7.1985,7.1985,7.1985,7.1985,7.1985,7.1985,7.1985,7.1985,7.1985,7.1985,7.1985,7.1985,7.1985,7.1985,7.1985,7.1985,7.1985,7.1985,7.1985,7.1985,7.1985
7.1935,7.1935,7.1935,7.1935,7.1935,7.1935,7.1935,7.1935,7.1935,7.1935,7.1935,7.1935,7.1935,7.1935,7.1935,7.1935,7.1935,7.1935,7.1935,7.1935,7.1935,7.1935,7.1935,7.1935,7.1935,7.1935,7.1935,7.1935,7.1935,7.1935,7.1935,7.1935,7.1935,7.1935,7.1935,7.1935,7.1935,7.1935,7.1935,7.1935,7.1935,7.1935,7.1935,7.1935,7.1935,7.1935,7.1935,7.1935,7.1935,7.1935,7.1935,7.1935,7.1935,7.1935,7.1935,7.1935,7.1935,7.1935,7.1935,7.1935,7.1935,7.1935,7.1935,7.1935,7.1935,7.1935,7.1935,7.1935,7.1935,7.1935,7.1935,7.1935,7.1935,7.1935,7.1935,7.1935,7.1935,7.1935,7.1935,7.1935,7.1935,7.1935,7.1935,7.1935,7.1935,7.1935,7.1935,7.1935,7.1935,7.1935,7.1935,7.1935,7.1935,7.1935,7.1935,7.1935,7.1935,7.1935,7.1935,7.1935,7.1935,7.1935,7.1935,7.1935,7.1935,7.1935,7.1935,7.1935,7.1935,7.1935,7.1935,7.1935,7.1935,7.1935,7.1935,7.1935,7.1935,7.1935,7.1935,7.1935,7.1935,7.1935,7.1935,7.1935,7.1935,7.1935,7.1935,7.1935,7.1935,7.1935,7.1935,7.1935,7.1935,7.1935,7.1935,7.1935,7.1935,7.1935,7.1935,7.1935,7.1935,7.1935,7.1935,7.1935,7.1935,7.1935,7.1935,7.1935,7.1935,7.1935,7.1935,7.1935,7.1935,7.1935,7.1935,7.1935,7.1935,7.1935,7.1935,7.1935,7.1935,7.1935,7.1935,7.1935,7.1935,7.1935,7.1935,7.1935,7.1935,7.1935,7.1935,7.1935,7.1935,7.1935,7.1935,7.1935,7.1935,7.1935,7.1935,7.1935,7.1935,7.1935,7.1935,7.1935,7.1935,7.1935,7.1935,7.1935,7.1935,7.1935,7.1935,7.1935,7.1935,7.1935,7.1935,7.1935,7.1935,7.1935,7.1935,7.1935,7.1935,7.1935,7.1935,7.1935,7.1935,7.1935,7.1935,7.1935,7.1935,7.1935,7.1935,7.1935,7.1935,7.1935,7.1935,7.1935,7.1935,7.1935,7.1935,7.1935,7.1935,7.1935,7.1935,7.1935,7.1935,7.1935,7.1935,7.1935,7.1935,7.1935,7.1935,7.1935,7.1935,7.1935,7.1935,7.1935,7.1935,7.1935,7.1935,7.1935,7.1935,7.1935,7.1935,7.1935,7.1935,7.1935,7.1935,7.1935,7.1935,7.1935,7.1935,7.1935,7.1935,7.1935,7.1935,7.1935,7.1935,7.1935,7.1935,7.1935,7.1935,7.1935,7.1935,7.1935,7.1935,7.1935,7.1935,7.1935,7.1935,7.1935,7.1935,7.1935,7.1935,7.1935,7.1935,7.1935,7.1935,7.1935,7.1935,7.1935,7.1935,7.1935,7.1935,7.1935,7.1935,7.1935,7.1935,7.1935,7.1935,7.1935,7.1935,7.1935,7.1935,7.1935,7.1935,7.1935,7.1935,7.1935,7.1935,7.1935,7.1935,7.1935,7.1935,7.1935,7.1935,7.1935,7.1935,7.1935,7.1935,7.1935,7.1935,7.1935,7.1935,7.1935,7.1935,7.1935,7.1935,7.1935,7.1935,7.1935,7.1935,7.1935,7.1935,7.1935,7.1935,7.1935,7.1935,7.1935,7.1935,7.1935,7.1935,7.1935,7.1935,7.1935,7.1935,7.1935,7.1935,7.1935,7.1935,7.1935,7.1935,7.1935,7.1935,7.1935,7.1935,7.1935,7.1935,7.1935,7.1935,7.1935,7.1935,7.1935,7.1935,7.1935,7.1935,7.1935,7.1935,7.1935,7.1935,7.1935,7.1935,7.1935,7.1935,7.1935,7.1935,7.1935,7.1935,7.1935,7.1935,7.1935,7.1935,7.1935,7.1935,7.1935,7.1935,7.1935,7.1935,7.1935,7.1935,7.1935,7.1935,7.1935,7.1935,7.1935,7.1935,6.0408,6.0054,5.9697,5.9366,5.9284,5.9228,5.9169,5.9111,5.9051,5.8993,5.8933,5.8873,5.8815,5.8755,5.8696,5.8638,5.8579,5.8520,5.8463,5.8404,5.8349,5.8327,5.8315,5.8302,5.8290,5.8276,5.8264,5.8252,5.8238,5.8226,5.8213,5.8201,5.8187,5.8175,5.8163,5.8151,5.8143,5.8135,5.8127,5.8119,5.8113,5.8105,5.8097,5.8089,5.8081,5.8073,5.8083,5.8105,5.8129,5.8151,5.8175,5.8197,5.8222,5.8244,5.8268,5.8290,5.8315,5.8339,5.8361,5.8385,5.8408,5.8432,5.8455,5.8479,5.8501,5.8526,5.8548,5.8573,5.8595,5.8620,5.8642,5.8694,5.8770,5.8844,5.8920,5.8995,5.9071,5.9146,5.9223,5.9301,5.9376,5.9454,5.9530,5.9608,5.9687,5.9763,5.9878,6.1038,6.6640,6.6630,6.6624,6.6616,6.6606,6.6590,6.6585,6.6574,6.6558,6.6545,6.6524,6.6508,6.6498,6.6479,6.6458,6.6448,6.6432,6.6408,6.6398,6.6377,6.6361,6.6345,6.6332,6.6345,6.6361,6.6374,6.6393,6.6414,6.6432,6.6448,6.6466,6.6477,6.6495,6.6514,6.6535,6.6545,6.6564,6.6579,6.6595,6.6616,6.6632,6.6651,6.6667,6.6683,6.6698,6.6712,6.6733,6.6744,6.6778,6.6842,6.6900,6.6959,6.7021,6.7082,6.7136,6.7203,6.7257,6.7316,6.7373,6.7430,6.7484,6.7546,6.7595,6.7652,6.7710,6.7770,6.7984,6.8274,6.8553,6.8842,6.9142,7.1935,7.1935,7.1935,7.1935,7.1935,7.1935,7.1935,7.1935,7.1935,7.1935,7.1935,7.1935,7.1935,7.1935,7.1935,7.1935,7.1935,7.1935,7.1935,7.1935,7.1935,7.1935,7.1935,7.1935,7.1935,7.1935,7.1935,7.1935,7.1935,7.1935,7.1935,7.1935,7.1935,7.1935,7.1935,7.1935,7.1935,7.1935,7.1935,7.1935,7.1935,7.1935,7.1935,7.1935,7.1935,7.1935,7.1935,7.1935,7.1935,7.1935,7.1935,7.1935,7.1935,7.1935,7.1935,7.1935,7.1935,7.1935,7.1935,7.1935,7.1935,7.1935,7.1935,7.1935,7.1935,7.1935,7.1935,7.1935,7.1935,7.1935,7.1935,7.1935,7.1935,7.1935,7.1935,7.1935,7.1935,7.1935,7.1935,7.1935,7.1935,7.1935,7.1935,7.1935,7.1935,7.1935,7.1935,7.1935,7.1935,7.1935,7.1935,7.1935,7.1935,7.1935,7.1935,7.1935,7.1935,7.1935,7.1935,7.1935,7.1935,7.1935,7.1935,7.1935,7.1935,7.1935,7.1935,7.1935,7.1935,7.1935,7.1935,7.1935,7.1935,7.1935,7.1935,7.1935,7.1935,7.1935,7.1935,7.1935,7.1935,7.1935,7.1935,7.1935,7.1935,7.1935,7.1935,7.1935,7.1935,7.1935,7.1935,7.1935,7.1935,7.1935,7.1935,7.1935,7.1935,7.1935,7.1935,7.1935,7.1935,7.1935,7.1935,7.1935,7.1935,7.1935,7.1935,7.1935,7.1935,7.1935,7.1935,7.1935,7.1935,7.1935,7.1935,7.1935,7.1935,7.1935,7.1935,7.1935,7.1935,7.1935,7.1935,7.1935,7.1935,7.1935,7.1935,7.1935,7.1935,7.1935,7.1935,7.1935,7.1935,7.1935,7.1935,7.1935,7.1935,7.1935,7.1935,7.1935,7.1935,7.1935,7.1935,7.1935,7.1935,7.1935,7.1935,7.1935,7.1935,7.1935,7.1935,7.1935,7.1935,7.1935,7.1935,7.1935,7.1935,7.1935,7.1935,7.1935,7.1935,7.1935,7.1935,7.1935,7.1935,7.1935,7.1935,7.1935,7.1935,7.1935,7.1935,7.1935,7.1935,7.1935,7.1935,7.1935,7.1935,7.1935,7.1935,7.1935,7.1935,7.1935,7.1935,7.1935,7.1935,7.1935,7.1935,7.1935,7.1935,7.1935,7.1935,7.1935,7.1935,7.1935,7.1935,7.1935,7.1935,7.1935,7.1935,7.1935,7.1935,7.1935,7.1935,7.1935,7.1935,7.1935,7.1935,7.1935,7.1935,7.1935,7.1935,7.1935,7.1935,7.1935,7.1935,7.1935,7.1935,7.1935,7.1935,7.1935,7.1935,7.1935,7.1935,7.1935,7.1935,7.1935,7.1935,7.1935,7.1935,7.1935,7.1935,7.1935,7.1935,7.1935,7.1935,7.1935,7.1935,7.1935,7.1935,7.1935,7.1935,7.1935,7.1935,7.1935,7.1935,7.1935,7.1935,7.1935,7.1935,7.1935,7.1935,7.1935,7.1935,7.1935,7.1935,7.1935,7.1935,7.1935,7.1935,7.1935,7.1935,7.1935,7.1935,7.1935,7.1935,7.1935,7.1935,7.1935,7.1935,7.1935,7.1935,7.1935,7.1935,7.1935,7.1935,7.1935,7.1935,7.1935,7.1935,7.1935,7.1935,7.1935,7.1935,7.1935,7.1935,7.1935,7.1935,7.1935,7.1935,7.1935,7.1935,7.1935,7.1935,7.1935,7.1935,7.1935,7.1935,7.1935,7.1935,7.1935,7.1935,7.1935,7.1935,7.1935,7.1935,7.1935,7.1935,7.1935,7.1935,7.1935,7.1935,7.1935,7.1935,7.1935,7.1935,7.1935,7.1935,7.1935,7.1935,7.1935,7.1935,7.1935,7.1935,7.1935,7.1935,7.1935,7.1935,7.1935,7.1935,7.1935,7.1935,7.1935,7.1935,7.1935,7.1935,7.1935,7.1935,7.1935,7.1935,7.1935,7.1935,7.1935,7.1935,7.1935,7.1935,7.1935,7.1935,7.1935,7.1935,7.1935,7.1935,7.1935,7.1935,7.1935,7.1935,7.1935,7.1935,7.1935,7.1935,7.1935,7.1935,7.1935,7.1935,7.1935,7.1935,7.1935,7.1935,7.1935,7.1935,7.1935,7.1935,7.1935,7.1935,7.1935,7.1935,7.1935
7.1877,7.1877,7.1877,7.1877,7.1877,7.1877,7.1877,7.1877,7.1877,7.1877,7.1877,7.1877,7.1877,7.1877,7.1877,7.1877,7.1877,7.1877,7.1877,7.1877,7.1877,7.1877,7.1877,7.1877,7.1877,7.1877,7.1877,7.1877,7.1877,7.1877,7.1877,7.1877,7.1877,7.1877,7.1877,7.1877,7.1877,7.1877,7.1877,7.1877,7.1877,7.1877,7.1877,7.1877,7.1877,7.1877,7.1877,7.1877,7.1877,7.1877,7.1877,7.1877,7.1877,7.1877,7.1877,7.1877,7.1877,7.1877,7.1877,7.1877,7.1877,7.1877,7.1877,7.1877,7.1877,7.1877,7.1877,7.1877,7.1877,7.1877,7.1877,7.1877,7.1877,7.1877,7.1877,7.1877,7.1877,7.1877,7.1877,7.1877,7.1877,7.1877,7.1877,7.1877,7.1877,7.1877,7.1877,7.1877,7.1877,7.1877,7.1877,7.1877,7.1877,7.1877,7.1877,7.1877,7.1877,7.1877,7.1877,7.1877,7.1877,7.1877,7.1877,7.1877,7.1877,7.1877,7.1877,7.1877,7.1877,7.1877,7.1877,7.1877,7.1877,7.1877,7.1877,7.1877,7.1877,7.1877,7.1877,7.1877,7.1877,7.1877,7.1877,7.1877,7.1877,7.1877,7.1877,7.1877,7.1877,7.1877,7.1877,7.1877,7.1877,7.1877,7.1877,7.1877,7.1877,7.1877,7.1877,7.1877,7.1877,7.1877,7.1877,7.1877,7.1877,7.1877,7.1877,7.1877,7.1877,7.1877,7.1877,7.1877,7.1877,7.1877,7.1877,7.1877,7.1877,7.1877,7.1877,7.1877,7.1877,7.1877,7.1877,7.1877,7.1877,7.1877,7.1877,7.1877,7.1877,7.1877,7.1877,7.1877,7.1877,7.1877,7.1877,7.1877,7.1877,7.1877,7.1877,7.1877,7.1877,7.1877,7.1877,7.1877,7.1877,7.1877,7.1877,7.1877,7.1877,7.1877,7.1877,7.1877,7.1877,7.1877,7.1877,7.1877,7.1877,7.1877,7.1877,7.1877,7.1877,7.1877,7.1877,7.1877,7.1877,7.1877,7.1877,7.1877,7.1877,7.1877,7.1877,7.1877,7.1877,7.1877,7.1877,7.1877,7.1877,7.1877,7.1877,7.1877,7.1877,7.1877,7.1877,7.1877,7.1877,7.1877,7.1877,7.1877,7.1877,7.1877,7.1877,7.1877,7.1877,7.1877,7.1877,7.1877,7.1877,7.1877,7.1877,7.1877,7.1877,7.1877,7.1877,7.1877,7.1877,7.1877,7.1877,7.1877,7.1877,7.1877,7.1877,7.1877,7.1877,7.1877,7.1877,7.1877,7.1877,7.1877,7.1877,7.1877,7.1877,7.1877,7.1877,7.1877,7.1877,7.1877,7.1877,7.1877,7.1877,7.1877,7.1877,7.1877,7.1877,7.1877,7.1877,7.1877,7.1877,7.1877,7.1877,7.1877,7.1877,7.1877,7.1877,7.1877,7.1877,7.1877,7.1877,7.1877,7.1877,7.1877,7.1877,7.1877,7.1877,7.1877,7.1877,7.1877,7.1877,7.1877,7.1877,7.1877,7.1877,7.1877,7.1877,7.1877,7.1877,7.1877,7.1877,7.1877,7.1877,7.1877,7.1877,7.1877,7.1877,7.1877,7.1877,7.1877,7.1877,7.1877,7.1877,7.1877,7.1877,7.1877,7.1877,7.1877,7.1877,7.1877,7.1877,7.1877,7.1877,7.1877,7.1877,7.1877,7.1877,7.1877,7.1877,7.1877,7.1877,7.1877,7.1877,7.1877,7.1877,7.1877,7.1877,7.1877,7.1877,7.1877,7.1877,7.1877,7.1877,7.1877,7.1877,7.1877,7.1877,7.1877,7.1877,7.1877,7.1877,7.1877,7.1877,7.1877,7.1877,7.1877,7.1877,7.1877,7.1877,7.1877,7.1877,7.1877,7.1877,7.1877,7.1877,7.1877,7.1877,7.1877,7.1877,7.1877,7.1877,7.1877,7.1877,7.1877,7.1877,7.1877,7.1877,7.1877,6.0709,6.0369,6.0013,5.9663,5.9343,5.9286,5.9228,5.9169,5.9113,5.9053,5.8993,5.8935,5.8875,5.8815,5.8757,5.8698,5.8638,5.8581,5.8522,5.8465,5.8408,5.8349,5.8335,5.8323,5.8308,5.8296,5.8284,5.8272,5.8258,5.8246,5.8234,5.8222,5.8207,5.8195,5.8183,5.8169,5.8157,5.8145,5.8133,5.8119,5.8107,5.8099,5.8091,5.8083,5.8075,5.8067,5.8061,5.8079,5.8103,5.8125,5.8149,5.8171,5.8195,5.8218,5.8242,5.8264,5.8288,5.8310,5.8337,5.8357,5.8381,5.8408,5.8428,5.8453,5.8475,5.8499,5.8522,5.8546,5.8569,5.8593,5.8616,5.8640,5.8708,5.8782,5.8858,5.8933,5.9009,5.9086,5.9161,5.9238,5.9313,5.9391,5.9467,5.9545,5.9623,5.9699,5.9778,6.0228,6.6595,6.6590,6.6579,6.6569,6.6561,6.6545,6.6535,6.6524,6.6519,6.6508,6.6498,6.6487,6.6471,6.6458,6.6442,6.6427,6.6406,6.6393,6.6377,6.6361,6.6340,6.6327,6.6311,6.6301,6.6324,6.6338,6.6353,6.6372,6.6393,6.6411,6.6429,6.6445,6.6464,6.6474,6.6492,6.6511,6.6527,6.6543,6.6558,6.6577,6.6593,6.6609,6.6630,6.6643,6.6659,6.6675,6.6696,6.6712,6.6725,6.6781,6.6839,6.6903,6.6956,6.7018,6.7082,6.7144,6.7206,6.7265,6.7327,6.7386,6.7449,6.7503,6.7565,6.7620,6.7677,6.7729,6.7789,6.8066,6.8354,6.8637,6.8930,7.1877,7.1877,7.1877,7.1877,7.1877,7.1877,7.1877,7.1877,7.1877,7.1877,7.1877,7.1877,7.1877,7.1877,7.1877,7.1877,7.1877,7.1877,7.1877,7.1877,7.1877,7.1877,7.1877,7.1877,7.1877,7.1877,7.1877,7.1877,7.1877,7.1877,7.1877,7.1877,7.1877,7.1877,7.1877,7.1877,7.1877,7.1877,7.1877,7.1877,7.1877,7.1877,7.1877,7.1877,7.1877,7.1877,7.1877,7.1877,7.1877,7.1877,7.1877,7.1877,7.1877,7.1877,7.1877,7.1877,7.1877,7.1877,7.1877,7.1877,7.1877,7.1877,7.1877,7.1877,7.1877,7.1877,7.1877,7.1877,7.1877,7.1877,7.1877,7.1877,7.1877,7.1877,7.1877,7.1877,7.1877,7.1877,7.1877,7.1877,7.1877,7.1877,7.1877,7.1877,7.1877,7.1877,7.1877,7.1877,7.1877,7.1877,7.1877,7.1877,7.1877,7.1877,7.1877,7.1877,7.1877,7.1877,7.1877,7.1877,7.1877,7.1877,7.1877,7.1877,7.1877,7.1877,7.1877,7.1877,7.1877,7.1877,7.1877,7.1877,7.1877,7.1877,7.1877,7.1877,7.1877,7.1877,7.1877,7.1877,7.1877,7.1877,7.1877,7.1877,7.1877,7.1877,7.1877,7.1877,7.1877,7.1877,7.1877,7.1877,7.1877,7.1877,7.1877,7.1877,7.1877,7.1877,7.1877,7.1877,7.1877,7.1877,7.1877,7.1877,7.1877,7.1877,7.1877,7.1877,7.1877,7.1877,7.1877,7.1877,7.1877,7.1877,7.1877,7.1877,7.1877,7.1877,7.1877,7.1877,7.1877,7.1877,7.1877,7.1877,7.1877,7.1877,7.1877,7.1877,7.1877,7.1877,7.1877,7.1877,7.1877,7.1877,7.1877,7.1877,7.1877,7.1877,7.1877,7.1877,7.1877,7.1877,7.1877,7.1877,7.1877,7.1877,7.1877,7.1877,7.1877,7.1877,7.1877,7.1877,7.1877,7.1877,7.1877,7.1877,7.1877,7.1877,7.1877,7.1877,7.1877,7.1877,7.1877,7.1877,7.1877,7.1877,7.1877,7.1877,7.1877,7.1877,7.1877,7.1877,7.1877,7.1877,7.1877,7.1877,7.1877,7.1877,7.1877,7.1877,7.1877,7.1877,7.1877,7.1877,7.1877,7.1877,7.1877,7.1877,7.1877,7.1877,7.1877,7.1877,7.1877,7.1877,7.1877,7.1877,7.1877,7.1877,7.1877,7.1877,7.1877,7.1877,7.1877,7.1877,7.1877,7.1877,7.1877,7.1877,7.1877,7.1877,7.1877,7.1877,7.1877,7.1877,7.1877,7.1877,7.1877,7.1877,7.1877,7.1877,7.1877,7.1877,7.1877,7.1877,7.1877,7.1877,7.1877,7.1877,7.1877,7.1877,7.1877,7.1877,7.1877,7.1877,7.1877,7.1877,7.1877,7.1877,7.1877,7.1877,7.1877,7.1877,7.1877,7.1877,7.1877,7.1877,7.1877,7.1877,7.1877,7.1877,7.1877,7.1877,7.1877,7.1877,7.1877,7.1877,7.1877,7.1877,7.1877,7.1877,7.1877,7.1877,7.1877,7.1877,7.1877,7.1877,7.1877,7.1877,7.1877,7.1877,7.1877,7.1877,7.1877,7.1877,7.1877,7.1877,7.1877,7.1877,7.1877,7.1877,7.1877,7.1877,7.1877,7.1877,7.1877,7.1877,7.1877,7.1877,7.1877,7.1877,7.1877,7.1877,7.1877,7.1877,7.1877,7.1877,7.1877,7.1877,7.1877,7.1877,7.1877,7.1877,7.1877,7.1877,7.1877,7.1877,7.1877,7.1871,7.1871,7.1871,7.1871,7.1871,7.1871,7.1871,7.1871,7.1871,7.1871,7.1871,7.1871,7.1871,7.1871,7.1871,7.1871,7.1871,7.1871,7.1871,7.1871,7.1871,7.1871,7.1871,7.1871,7.1871,7.1871,7.1871,7.1871,7.1871,7.1871,7.1871,7.1871,7.1871,7.1871,7.1871,7.1871,7.1871,7.1871,7.1871,7.1871,7.1871,7.1871,7.1871,7.1871,7.1871,7.1871,7.1871,7.1871,7.1871,7.1871,7.1871,7.1871,7.1871,7.1871,7.1871,7.1871,7.1871,7.1871,7.1871,7.1871,7.1871,7.1871,7.1871,7.1871,7.1871,7.1871,7.1871,7.1871,7.1871,7.1871
7.1812,7.1812,7.1812,7.1812,7.1812,7.1812,7.1812,7.1812,7.1812,7.1812,7.1812,7.1812,7.1812,7.1812,7.1812,7.1812,7.1812,7.1812,7.1812,7.1812,7.1812,7.1812,7.1812,7.1812,7.1812,7.1812,7.1812,7.1812,7.1812,7.1812,7.1812,7.1812,7.1812,7.1812,7.1812,7.1812,7.1812,7.1812,7.1812,7.1812,7.1812,7.1812,7.1812,7.1812,7.1812,7.1812,7.1812,7.1812,7.1812,7.1812,7.1812,7.1812,7.1812,7.1812,7.1812,7.1812,7.1812,7.1812,7.1812,7.1812,7.1812,7.1812,7.1812,7.1812,7.1812,7.1812,7.1812,7.1812,7.1812,7.1812,7.1812,7.1812,7.1812,7.1812,7.1812,7.1812,7.1812,7.1812,7.1812,7.1812,7.1812,7.1812,7.1812,7.1812,7.1812,7.1812,7.1812,7.1812,7.1812,7.1812,7.1812,7.1812,7.1812,7.1812,7.1812,7.1812,7.1812,7.1812,7.1812,7.1812,7.1812,7.1812,7.1812,7.1812,7.1812,7.1812,7.1812,7.1812,7.1812,7.1812,7.1812,7.1812,7.1812,7.1812,7.1812,7.1812,7.1812,7.1812,7.1812,7.1812,7.1812,7.1812,7.1812,7.1812,7.1812,7.1812,7.1812,7.1812,7.1812,7.1812,7.1812,7.1812,7.1812,7.1812,7.1812,7.1812,7.1812,7.1812,7.1812,7.1812,7.1812,7.1812,7.1812,7.1812,7.1812,7.1812,7.1812,7.1812,7.1812,7.1812,7.1812,7.1812,7.1812,7.1812,7.1812,7.1812,7.1812,7.1812,7.1812,7.1812,7.1812,7.1812,7.1812,7.1812,7.1812,7.1812,7.1812,7.1812,7.1812,7.1812,7.1812,7.1812,7.1812,7.1812,7.1812,7.1812,7.1812,7.1812,7.1812,7.1812,7.1812,7.1812,7.1812,7.1812,7.1812,7.1812,7.1812,7.1812,7.1812,7.1812,7.1812,7.1812,7.1812,7.1812,7.1812,7.1812,7.1812,7.1812,7.1812,7.1812,7.1812,7.1812,7.1812,7.1812,7.1812,7.1812,7.1812,7.1812,7.1812,7.1812,7.1812,7.1812,7.1812,7.1812,7.1812,7.1812,7.1812,7.1812,7.1812,7.1812,7.1812,7.1812,7.1812,7.1812,7.1812,7.1812,7.1812,7.1812,7.1812,7.1812,7.1812,7.1812,7.1812,7.1812,7.1812,7.1812,7.1812,7.1812,7.1812,7.1812,7.1812,7.1812,7.1812,7.1812,7.1812,7.1812,7.1812,7.1812,7.1812,7.1812,7.1812,7.1812,7.1812,7.1812,7.1812,7.1812,7.1812,7.1812,7.1812,7.1812,7.1812,7.1812,7.1812,7.1812,7.1812,7.1812,7.1812,7.1812,7.1812,7.1812,7.1812,7.1812,7.1812,7.1812,7.1812,7.1812,7.1812,7.1812,7.1812,7.1812,7.1812,7.1812,7.1812,7.1812,7.1812,7.1812,7.1812,7.1812,7.1812,7.1812,7.1812,7.1812,7.1812,7.1812,7.1812,7.1812,7.1812,7.1812,7.1812,7.1812,7.1812,7.1812,7.1812,7.1812,7.1812,7.1812,7.1812,7.1812,7.1812,7.1812,7.1812,7.1812,7.1812,7.1812,7.1812,7.1812,7.1812,7.1812,7.1812,7.1812,7.1812,7.1812,7.1812,7.1812,7.1812,7.1812,7.1812,7.1812,7.1812,7.1812,7.1812,7.1812,7.1812,7.1812,7.1812,7.1812,7.1812,7.1812,7.1812,7.1812,7.1812,7.1812,7.1812,7.1812,7.1812,7.1812,7.1812,7.1812,7.1812,7.1812,7.1812,7.1812,7.1812,7.1812,7.1812,7.1812,7.1812,7.1812,7.1812,7.1812,7.1812,7.1812,7.1812,7.1812,7.1812,7.1812,7.1812,7.1812,7.1812,7.1812,7.1812,7.1812,7.1812,7.1812,7.1812,7.1812,7.1812,7.1812,7.1812,7.1812,7.1812,7.1812,7.1812,7.1812,6.0670,6.0330,5.9974,5.9629,5.9345,5.9286,5.9228,5.9171,5.9113,5.9055,5.8995,5.8935,5.8877,5.8817,5.8757,5.8700,5.8640,5.8581,5.8524,5.8467,5.8410,5.8353,5.8343,5.8331,5.8317,5.8304,5.8292,5.8278,5.8266,5.8254,5.8242,5.8228,5.8215,5.8203,5.8189,5.8177,5.8165,5.8153,5.8139,5.8127,5.8115,5.8103,5.8089,5.8077,5.8065,5.8054,5.8052,5.8077,5.8099,5.8123,5.8145,5.8169,5.8191,5.8215,5.8238,5.8262,5.8284,5.8308,5.8331,5.8355,5.8377,5.8404,5.8424,5.8448,5.8471,5.8495,5.8518,5.8542,5.8567,5.8589,5.8614,5.8646,5.8720,5.8796,5.8873,5.8947,5.9024,5.9098,5.9175,5.9251,5.9328,5.9404,5.9481,5.9560,5.9636,5.9714,5.9791,6.0602,6.6540,6.6529,6.6524,6.6514,6.6500,6.6490,6.6479,6.6474,6.6464,6.6448,6.6437,6.6432,6.6416,6.6406,6.6400,6.6382,6.6366,6.6351,6.6340,6.6317,6.6306,6.6285,6.6269,6.6288,6.6303,6.6322,6.6335,6.6356,6.6374,6.6390,6.6403,6.6421,6.6442,6.6461,6.6471,6.6490,6.6511,6.6529,6.6540,6.6556,6.6572,6.6595,6.6606,6.6622,6.6638,6.6661,6.6677,6.6688,6.6725,6.6789,6.6842,6.6906,6.6964,6.7021,6.7085,6.7141,6.7203,6.7267,6.7324,6.7384,6.7446,6.7511,6.7573,6.7636,6.7696,6.7753,6.7868,6.8152,6.8430,6.8724,6.9012,7.1812,7.1812,7.1812,7.1812,7.1812,7.1812,7.1812,7.1812,7.1812,7.1812,7.1812,7.1812,7.1812,7.1812,7.1812,7.1812,7.1812,7.1812,7.1812,7.1812,7.1812,7.1812,7.1812,7.1812,7.1812,7.1812,7.1812,7.1812,7.1812,7.1812,7.1812,7.1812,7.1812,7.1812,7.1812,7.1812,7.1812,7.1812,7.1812,7.1812,7.1812,7.1812,7.1812,7.1812,7.1812,7.1812,7.1812,7.1812,7.1812,7.1812,7.1812,7.1812,7.1812,7.1812,7.1812,7.1812,7.1812,7.1812,7.1812,7.1812,7.1812,7.1812,7.1812,7.1812,7.1812,7.1812,7.1812,7.1812,7.1812,7.1812,7.1812,7.1812,7.1812,7.1812,7.1812,7.1812,7.1812,7.1812,7.1812,7.1812,7.1812,7.1812,7.1812,7.1812,7.1812,7.1812,7.1812,7.1812,7.1812,7.1812,7.1812,7.1812,7.1812,7.1812,7.1812,7.1812,7.1812,7.1812,7.1812,7.1812,7.1812,7.1812,7.1812,7.1812,7.1812,7.1812,7.1812,7.1812,7.1812,7.1812,7.1812,7.1812,7.1812,7.1812,7.1812,7.1812,7.1812,7.1812,7.1812,7.1812,7.1812,7.1812,7.1812,7.1812,7.1812,7.1812,7.1812,7.1812,7.1812,7.1812,7.1812,7.1812,7.1812,7.1812,7.1812,7.1812,7.1812,7.1812,7.1812,7.1812,7.1812,7.1812,7.1812,7.1812,7.1812,7.1812,7.1812,7.1812,7.1812,7.1812,7.1812,7.1812,7.1812,7.1812,7.1812,7.1812,7.1812,7.1812,7.1812,7.1812,7.1812,7.1812,7.1812,7.1812,7.1812,7.1812,7.1812,7.1812,7.1812,7.1812,7.1812,7.1812,7.1812,7.1812,7.1812,7.1812,7.1812,7.1812,7.1812,7.1812,7.1812,7.1812,7.1812,7.1812,7.1812,7.1812,7.1812,7.1812,7.1812,7.1812,7.1812,7.1812,7.1812,7.1812,7.1812,7.1812,7.1812,7.1812,7.1812,7.1812,7.1812,7.1812,7.1812,7.1812,7.1812,7.1812,7.1812,7.1812,7.1812,7.1812,7.1812,7.1812,7.1812,7.1812,7.1812,7.1812,7.1812,7.1812,7.1812,7.1812,7.1812,7.1812,7.1812,7.1812,7.1812,7.1812,7.1812,7.1812,7.1812,7.1812,7.1812,7.1812,7.1812,7.1812,7.1812,7.1812,7.1812,7.1812,7.1812,7.1812,7.1812,7.1812,7.1812,7.1812,7.1812,7.1812,7.1812,7.1812,7.1812,7.1812,7.1812,7.1812,7.1812,7.1812,7.1812,7.1812,7.1812,7.1812,7.1812,7.1812,7.1812,7.1812,7.1812,7.1812,7.1812,7.1812,7.1812,7.1812,7.1812,7.1812,7.1812,7.1812,7.1812,7.1812,7.1812,7.1812,7.1812,7.1812,7.1812,7.1812,7.1812,7.1812,7.1812,7.1812,7.1812,7.1812,7.1812,7.1812,7.1812,7.1812,7.1812,7.1812,7.1812,7.1812,7.1812,7.1812,7.1812,7.1812,7.1812,7.1812,7.1812,7.1812,7.1812,7.1812,7.1812,7.1812,7.1812,7.1812,7.1812,7.1812,7.1812,7.1812,7.1812,7.1812,7.1812,7.1812,7.1812,7.1812,7.1812,7.1812,7.1812,7.1812,7.1812,7.1812,7.1812,7.1812,7.1812,7.1812,7.1812,7.1812,7.1812,7.1812,7.1812,7.1812,7.1812,7.1812,7.1812,7.1812,7.1812,7.1812,7.1812,7.1812,7.1812,7.1812,7.1812,7.1812,7.1812,7.1812,7.1812,7.1812,7.1812,7.1812,7.1812,7.1812,7.1812,7.1812,7.1812,7.1812,7.1812,7.1812,7.1812,7.1812,7.1812,7.1812,7.1812,7.1812,7.1812,7.1812,7.1812,7.1812,7.1812,7.1812,7.1812,7.1812,7.1812,7.1812,7.1812,7.1812,7.1812,7.1812,7.1812,7.1812,7.1812,7.1812,7.1812,7.1812,7.1812,7.1812,7.1812,7.1812,7.1812,7.1812,7.1812,7.1812,7.1812,7.1812,7.1812,7.1812,7.1812,7.1812,7.1812,7.1812,7.1812,7.1812,7.1812,7.1812,7.1812,7.1812,7.1812,7.1812,7.1812,7.1812,7.1812,7.1812,7.1812,7.1812,7.1812
7.1760,7.1760,7.1760,7.1760,7.1760,7.1760,7.1760,7.1760,7.1760,7.1760,7.1760,7.1760,7.1760,7.1760,7.1760,7.1760,7.1760,7.1760,7.1760,7.1760,7.1760,7.1760,7.1760,7.1760,7.1760,7.1760,7.1760,7.1760,7.1760,7.1760,7.1760,7.1760,7.1760,7.1760,7.1760,7.1760,7.1760,7.1760,7.1760,7.1760,7.1760,7.1760,7.1760,7.1760,7.1760,7.1760,7.1760,7.1760,7.1760,7.1760,7.1760,7.1760,7.1760,7.1760,7.1760,7.1760,7.1760,7.1760,7.1760,7.1760,7.1760,7.1760,7.1760,7.1760,7.1760,7.1760,7.1760,7.1760,7.1760,7.1760,7.1760,7.1760,7.1760,7.1760,7.1760,7.1760,7.1760,7.1760,7.1760,7.1760,7.1760,7.1760,7.1760,7.1760,7.1760,7.1760,7.1760,7.1760,7.1760,7.1760,7.1760,7.1760,7.1760,7.1760,7.1760,7.1760,7.1760,7.1760,7.1760,7.1760,7.1760,7.1760,7.1760,7.1760,7.1760,7.1760,7.1760,7.1760,7.1760,7.1760,7.1760,7.1760,7.1760,7.1760,7.1760,7.1760,7.1760,7.1760,7.1760,7.1760,7.1760,7.1760,7.1760,7.1760,7.1760,7.1760,7.1760,7.1760,7.1760,7.1760,7.1760,7.1760,7.1760,7.1760,7.1760,7.1760,7.1760,7.1760,7.1760,7.1760,7.1760,7.1760,7.1760,7.1760,7.1760,7.1760,7.1760,7.1760,7.1760,7.1760,7.1760,7.1760,7.1760,7.1760,7.1760,7.1760,7.1760,7.1760,7.1760,7.1760,7.1760,7.1760,7.1760,7.1760,7.1760,7.1760,7.1760,7.1760,7.1760,7.1760,7.1760,7.1760,7.1760,7.1760,7.1760,7.1760,7.1760,7.1760,7.1760,7.1760,7.1760,7.1760,7.1760,7.1760,7.1760,7.1760,7.1760,7.1760,7.1760,7.1760,7.1760,7.1760,7.1760,7.1760,7.1760,7.1760,7.1760,7.1760,7.1760,7.1760,7.1760,7.1760,7.1760,7.1760,7.1760,7.1760,7.1760,7.1760,7.1760,7.1760,7.1760,7.1760,7.1760,7.1760,7.1760,7.1760,7.1760,7.1760,7.1760,7.1760,7.1760,7.1760,7.1760,7.1760,7.1760,7.1760,7.1760,7.1760,7.1760,7.1760,7.1760,7.1760,7.1760,7.1760,7.1760,7.1760,7.1760,7.1760,7.1760,7.1760,7.1760,7.1760,7.1760,7.1760,7.1760,7.1760,7.1760,7.1760,7.1760,7.1760,7.1760,7.1760,7.1760,7.1760,7.1760,7.1760,7.1760,7.1760,7.1760,7.1760,7.1760,7.1760,7.1760,7.1760,7.1760,7.1760,7.1760,7.1760,7.1760,7.1760,7.1760,7.1760,7.1760,7.1760,7.1760,7.1760,7.1760,7.1760,7.1760,7.1760,7.1760,7.1760,7.1760,7.1760,7.1760,7.1760,7.1760,7.1760,7.1760,7.1760,7.1760,7.1760,7.1760,7.1760,7.1760,7.1760,7.1760,7.1760,7.1760,7.1760,7.1760,7.1760,7.1760,7.1760,7.1760,7.1760,7.1760,7.1760,7.1760,7.1760,7.1760,7.1760,7.1760,7.1760,7.1760,7.1760,7.1760,7.1760,7.1760,7.1760,7.1760,7.1760,7.1760,7.1760,7.1760,7.1760,7.1760,7.1760,7.1760,7.1760,7.1760,7.1760,7.1760,7.1760,7.1760,7.1760,7.1760,7.1760,7.1760,7.1760,7.1760,7.1760,7.1760,7.1760,7.1760,7.1760,7.1760,7.1760,7.1760,7.1760,7.1760,7.1760,7.1760,7.1760,7.1760,7.1760,7.1760,7.1760,7.1760,7.1760,7.1760,7.1760,7.1760,7.1760,7.1760,7.1760,7.1760,7.1760,7.1760,7.1760,7.1760,7.1760,7.1760,7.1760,7.1760,7.1760,7.1760,7.1760,7.1760,7.1760,7.1760,7.1760,7.1760,7.1760,6.0628,6.0291,5.9936,5.9598,5.9345,5.9286,5.9230,5.9171,5.9113,5.9055,5.8997,5.8937,5.8877,5.8819,5.8759,5.8700,5.8642,5.8583,5.8526,5.8469,5.8412,5.8361,5.8349,5.8339,5.8327,5.8313,5.8298,5.8286,5.8274,5.8260,5.8248,5.8236,5.8224,5.8209,5.8197,5.8185,5.8173,5.8159,5.8147,5.8135,5.8121,5.8109,5.8097,5.8085,5.8071,5.8059,5.8059,5.8079,5.8099,5.8119,5.8143,5.8165,5.8189,5.8211,5.8236,5.8258,5.8282,5.8304,5.8329,5.8353,5.8375,5.8400,5.8422,5.8444,5.8469,5.8491,5.8516,5.8538,5.8563,5.8585,5.8610,5.8661,5.8735,5.8811,5.8885,5.8962,5.9036,5.9113,5.9188,5.9265,5.9341,5.9418,5.9494,5.9572,5.9651,5.9727,5.9816,6.0987,6.6490,6.6474,6.6469,6.6453,6.6445,6.6440,6.6424,6.6419,6.6408,6.6393,6.6382,6.6372,6.6361,6.6351,6.6345,6.6338,6.6327,6.6317,6.6296,6.6285,6.6264,6.6249,6.6251,6.6262,6.6285,6.6296,6.6319,6.6332,6.6353,6.6372,6.6387,6.6400,6.6419,6.6440,6.6458,6.6469,6.6492,6.6503,6.6527,6.6537,6.6553,6.6574,6.6587,6.6609,6.6624,6.6640,6.6659,6.6669,6.6733,6.6791,6.6850,6.6906,6.6964,6.7029,6.7082,6.7149,6.7206,6.7265,6.7332,6.7386,6.7449,6.7508,6.7576,6.7633,6.7693,6.7756,6.7948,6.8227,6.8519,6.8805,6.9094,7.1760,7.1760,7.1760,7.1760,7.1760,7.1760,7.1760,7.1760,7.1760,7.1760,7.1760,7.1760,7.1760,7.1760,7.1760,7.1760,7.1760,7.1760,7.1760,7.1760,7.1760,7.1760,7.1760,7.1760,7.1760,7.1760,7.1760,7.1760,7.1760,7.1760,7.1760,7.1760,7.1760,7.1760,7.1760,7.1760,7.1760,7.1760,7.1760,7.1760,7.1760,7.1760,7.1760,7.1760,7.1760,7.1760,7.1760,7.1760,7.1760,7.1760,7.1760,7.1760,7.1760,7.1760,7.1760,7.1760,7.1760,7.1760,7.1760,7.1760,7.1760,7.1760,7.1760,7.1760,7.1760,7.1760,7.1760,7.1760,7.1760,7.1760,7.1760,7.1760,7.1760,7.1760,7.1760,7.1760,7.1760,7.1760,7.1760,7.1760,7.1760,7.1760,7.1760,7.1760,7.1760,7.1760,7.1760,7.1760,7.1760,7.1760,7.1760,7.1760,7.1760,7.1760,7.1760,7.1760,7.1760,7.1760,7.1760,7.1760,7.1760,7.1760,7.1760,7.1760,7.1760,7.1760,7.1760,7.1760,7.1760,7.1760,7.1760,7.1760,7.1760,7.1760,7.1760,7.1760,7.1760,7.1760,7.1760,7.1760,7.1760,7.1760,7.1760,7.1760,7.1760,7.1760,7.1760,7.1760,7.1760,7.1760,7.1760,7.1760,7.1760,7.1760,7.1760,7.1760,7.1760,7.1760,7.1760,7.1760,7.1760,7.1760,7.1760,7.1760,7.1760,7.1760,7.1760,7.1760,7.1760,7.1760,7.1760,7.1760,7.1760,7.1760,7.1760,7.1760,7.1760,7.1760,7.1760,7.1760,7.1760,7.1760,7.1760,7.1760,7.1760,7.1760,7.1760,7.1760,7.1760,7.1760,7.1760,7.1760,7.1760,7.1760,7.1760,7.1760,7.1760,7.1760,7.1760,7.1760,7.1760,7.1760,7.1760,7.1760,7.1760,7.1760,7.1760,7.1760,7.1760,7.1760,7.1760,7.1760,7.1760,7.1760,7.1760,7.1760,7.1760,7.1760,7.1760,7.1760,7.1760,7.1760,7.1760,7.1760,7.1760,7.1760,7.1760,7.1760,7.1760,7.1760,7.1760,7.1760,7.1760,7.1760,7.1760,7.1760,7.1760,7.1760,7.1760,7.1760,7.1760,7.1760,7.1760,7.1760,7.1760,7.1760,7.1760,7.1760,7.1760,7.1760,7.1760,7.1760,7.1760,7.1760,7.1760,7.1760,7.1760,7.1760,7.1760,7.1760,7.1760,7.1760,7.1760,7.1760,7.1760,7.1760,7.1760,7.1760,7.1760,7.1760,7.1760,7.1760,7.1760,7.1760,7.1760,7.1760,7.1760,7.1760,7.1760,7.1760,7.1760,7.1760,7.1760,7.1760,7.1760,7.1760,7.1760,7.1760,7.1760,7.1760,7.1760,7.1760,7.1760,7.1760,7.1760,7.1760,7.1760,7.1760,7.1760,7.1760,7.1760,7.1760,7.1760,7.1760,7.1760,7.1760,7.1760,7.1760,7.1760,7.1760,7.1760,7.1760,7.1760,7.1760,7.1760,7.1760,7.1760,7.1760,7.1760,7.1760,7.1760,7.1760,7.1760,7.1760,7.1760,7.1760,7.1760,7.1760,7.1760,7.1760,7.1760,7.1760,7.1760,7.1760,7.1760,7.1760,7.1760,7.1760,7.1760,7.1760,7.1760,7.1760,7.1760,7.1760,7.1760,7.1760,7.1760,7.1760,7.1760,7.1760,7.1760,7.1760,7.1760,7.1760,7.1760,7.1760,7.1760,7.1760,7.1760,7.1760,7.1760,7.1760,7.1760,7.1760,7.1760,7.1760,7.1760,7.1760,7.1760,7.1760,7.1760,7.1760,7.1760,7.1760,7.1760,7.1760,7.1760,7.1760,7.1760,7.1760,7.1760,7.1760,7.1760,7.1760,7.1760,7.1760,7.1760,7.1760,7.1760,7.1760,7.1760,7.1760,7.1760,7.1760,7.1760,7.1760,7.1760,7.1760,7.1760,7.1760,7.1760,7.1760,7.1760,7.1760,7.1760,7.1760,7.1760,7.1760,7.1760,7.1760,7.1760,7.1760,7.1760,7.1760,7.1760,7.1760,7.1760,7.1760,7.1760,7.1760,7.1760,7.1760,7.1760,7.1760,7.1760,7.1760,7.1760,7.1760,7.1760,7.1760,7.1760,7.1760,7.1760,7.1760,7.1760,7.1760,7.1760
7.1702,7.1702,7.1702,7.1702,7.1702,7.1702,7.1702,7.1702,7.1702,7.1702,7.1702,7.1702,7.1702,7.1702,7.1702,7.1702,7.1702,7.1702,7.1702,7.1702,7.1702,7.1702,7.1702,7.1702,7.1702,7.1702,7.1702,7.1702,7.1702,7.1702,7.1702,7.1702,7.1702,7.1702,7.1702,7.1702,7.1702,7.1702,7.1702,7.1702,7.1702,7.1702,7.1702,7.1702,7.1702,7.1702,7.1702,7.1702,7.1702,7.1702,7.1702,7.1702,7.1702,7.1702,7.1702,7.1702,7.1702,7.1702,7.1702,7.1702,7.1702,7.1702,7.1702,7.1702,7.1702,7.1702,7.1702,7.1702,7.1702,7.1702,7.1702,7.1702,7.1702,7.1702,7.1702,7.1702,7.1702,7.1702,7.1702,7.1702,7.1702,7.1702,7.1702,7.1702,7.1702,7.1702,7.1702,7.1702,7.1702,7.1702,7.1702,7.1702,7.1702,7.1702,7.1702,7.1702,7.1702,7.1702,7.1702,7.1702,7.1702,7.1702,7.1702,7.1702,7.1702,7.1702,7.1702,7.1702,7.1702,7.1702,7.1702,7.1702,7.1702,7.1702,7.1702,7.1702,7.1702,7.1702,7.1702,7.1702,7.1702,7.1702,7.1702,7.1702,7.1702,7.1702,7.1702,7.1702,7.1702,7.1702,7.1702,7.1702,7.1702,7.1702,7.1702,7.1702,7.1702,7.1702,7.1702,7.1702,7.1702,7.1702,7.1702,7.1702,7.1702,7.1702,7.1702,7.1702,7.1702,7.1702,7.1702,7.1702,7.1702,7.1702,7.1702,7.1702,7.1702,7.1702,7.1702,7.1702,7.1702,7.1702,7.1702,7.1702,7.1702,7.1702,7.1702,7.1702,7.1702,7.1702,7.1702,7.1702,7.1702,7.1702,7.1702,7.1702,7.1702,7.1702,7.1702,7.1702,7.1702,7.1702,7.1702,7.1702,7.1702,7.1702,7.1702,7.1702,7.1702,7.1702,7.1702,7.1702,7.1702,7.1702,7.1702,7.1702,7.1702,7.1702,7.1702,7.1702,7.1702,7.1702,7.1702,7.1702,7.1702,7.1702,7.1702,7.1702,7.1702,7.1702,7.1702,7.1702,7.1702,7.1702,7.1702,7.1702,7.1702,7.1702,7.1702,7.1702,7.1702,7.1702,7.1702,7.1702,7.1702,7.1702,7.1702,7.1702,7.1702,7.1702,7.1702,7.1702,7.1702,7.1702,7.1702,7.1702,7.1702,7.1702,7.1702,7.1702,7.1702,7.1702,7.1702,7.1702,7.1702,7.1702,7.1702,7.1702,7.1702,7.1702,7.1702,7.1702,7.1702,7.1702,7.1702,7.1702,7.1702,7.1702,7.1702,7.1702,7.1702,7.1702,7.1702,7.1702,7.1702,7.1702,7.1702,7.1702,7.1702,7.1702,7.1702,7.1702,7.1702,7.1702,7.1702,7.1702,7.1702,7.1702,7.1702,7.1702,7.1702,7.1702,7.1702,7.1702,7.1702,7.1702,7.1702,7.1702,7.1702,7.1702,7.1702,7.1702,7.1702,7.1702,7.1702,7.1702,7.1702,7.1702,7.1702,7.1702,7.1702,7.1702,7.1702,7.1702,7.1702,7.1702,7.1702,7.1702,7.1702,7.1702,7.1702,7.1702,7.1702,7.1702,7.1702,7.1702,7.1702,7.1702,7.1702,7.1702,7.1702,7.1702,7.1702,7.1702,7.1702,7.1702,7.1702,7.1702,7.1702,7.1702,7.1702,7.1702,7.1702,7.1702,7.1702,7.1702,7.1702,7.1702,7.1702,7.1702,7.1702,7.1702,7.1702,7.1702,7.1702,7.1702,7.1702,7.1702,7.1702,7.1702,7.1702,7.1702,7.1702,7.1702,7.1702,7.1702,7.1702,7.1702,7.1702,7.1702,7.1702,7.1702,7.1702,7.1702,7.1702,7.1702,7.1702,7.1702,7.1702,7.1702,7.1702,7.1702,7.1702,7.1702,7.1702,7.1702,7.1702,7.1702,7.1702,7.1702,7.1702,7.1702,7.1702,7.1702,6.0589,6.0252,5.9897,5.9564,5.9345,5.9288,5.9230,5.9171,5.9115,5.9057,5.8997,5.8939,5.8879,5.8819,5.8761,5.8702,5.8644,5.8585,5.8528,5.8469,5.8414,5.8369,5.8355,5.8345,5.8331,5.8321,5.8306,5.8294,5.8280,5.8268,5.8256,5.8244,5.8230,5.8218,5.8205,5.8193,5.8179,5.8167,5.8155,5.8141,5.8129,5.8117,5.8105,5.8091,5.8079,5.8067,5.8071,5.8091,5.8111,5.8131,5.8151,5.8171,5.8191,5.8209,5.8232,5.8256,5.8278,5.8302,5.8327,5.8349,5.8371,5.8396,5.8418,5.8442,5.8465,5.8489,5.8512,5.8536,5.8559,5.8583,5.8606,5.8673,5.8749,5.8823,5.8899,5.8974,5.9051,5.9125,5.9203,5.9278,5.9355,5.9431,5.9509,5.9587,5.9663,5.9742,6.0168,6.6440,6.6435,6.6419,6.6414,6.6398,6.6387,6.6379,6.6374,6.6358,6.6348,6.6343,6.6332,6.6322,6.6306,6.6301,6.6290,6.6277,6.6272,6.6256,6.6246,6.6235,6.6230,6.6209,6.6225,6.6243,6.6264,6.6283,6.6293,6.6311,6.6330,6.6351,6.6369,6.6385,6.6398,6.6421,6.6432,6.6450,6.6471,6.6485,6.6506,6.6519,6.6540,6.6556,6.6566,6.6590,6.6601,6.6622,6.6638,6.6677,6.6736,6.6791,6.6850,6.6908,6.6972,6.7026,6.7090,6.7146,6.7211,6.7267,6.7330,6.7389,6.7451,6.7516,6.7579,6.7636,6.7701,6.7781,6.8050,6.8321,6.8603,6.8882,6.9174,7.1702,7.1702,7.1702,7.1702,7.1702,7.1702,7.1702,7.1702,7.1702,7.1702,7.1702,7.1702,7.1702,7.1702,7.1702,7.1702,7.1702,7.1702,7.1702,7.1702,7.1702,7.1702,7.1702,7.1702,7.1702,7.1702,7.1702,7.1702,7.1702,7.1702,7.1702,7.1702,7.1702,7.1702,7.1702,7.1702,7.1702,7.1702,7.1702,7.1702,7.1702,7.1702,7.1702,7.1702,7.1702,7.1702,7.1702,7.1702,7.1702,7.1702,7.1702,7.1702,7.1702,7.1702,7.1702,7.1702,7.1702,7.1702,7.1702,7.1702,7.1702,7.1702,7.1702,7.1702,7.1702,7.1702,7.1702,7.1702,7.1702,7.1702,7.1702,7.1702,7.1702,7.1702,7.1702,7.1702,7.1702,7.1702,7.1702,7.1702,7.1702,7.1702,7.1702,7.1702,7.1702,7.1702,7.1702,7.1702,7.1702,7.1702,7.1702,7.1702,7.1702,7.1702,7.1702,7.1702,7.1702,7.1702,7.1702,7.1702,7.1702,7.1702,7.1702,7.1702,7.1702,7.1702,7.1702,7.1702,7.1702,7.1702,7.1702,7.1702,7.1702,7.1702,7.1702,7.1702,7.1702,7.1702,7.1702,7.1702,7.1702,7.1702,7.1702,7.1702,7.1702,7.1702,7.1702,7.1702,7.1702,7.1702,7.1702,7.1702,7.1702,7.1702,7.1702,7.1702,7.1702,7.1702,7.1702,7.1702,7.1702,7.1702,7.1702,7.1702,7.1702,7.1702,7.1702,7.1702,7.1702,7.1702,7.1702,7.1702,7.1702,7.1702,7.1702,7.1702,7.1702,7.1702,7.1702,7.1702,7.1702,7.1702,7.1702,7.1702,7.1702,7.1702,7.1702,7.1702,7.1702,7.1702,7.1702,7.1702,7.1702,7.1702,7.1702,7.1702,7.1702,7.1702,7.1702,7.1702,7.1702,7.1702,7.1702,7.1702,7.1702,7.1702,7.1702,7.1702,7.1702,7.1702,7.1702,7.1702,7.1702,7.1702,7.1702,7.1702,7.1702,7.1702,7.1702,7.1702,7.1702,7.1702,7.1702,7.1702,7.1702,7.1702,7.1702,7.1702,7.1702,7.1702,7.1702,7.1702,7.1702,7.1702,7.1702,7.1702,7.1702,7.1702,7.1702,7.1702,7.1702,7.1702,7.1702,7.1702,7.1702,7.1702,7.1702,7.1702,7.1702,7.1702,7.1702,7.1702,7.1702,7.1702,7.1702,7.1702,7.1702,7.1702,7.1702,7.1702,7.1702,7.1702,7.1702,7.1702,7.1702,7.1702,7.1702,7.1702,7.1702,7.1702,7.1702,7.1702,7.1702,7.1702,7.1702,7.1702,7.1702,7.1702,7.1702,7.1702,7.1702,7.1702,7.1702,7.1702,7.1702,7.1702,7.1702,7.1702,7.1702,7.1702,7.1702,7.1702,7.1702,7.1702,7.1702,7.1702,7.1702,7.1702,7.1702,7.1702,7.1702,7.1702,7.1702,7.1702,7.1702,7.1702,7.1702,7.1702,7.1702,7.1702,7.1702,7.1702,7.1702,7.1702,7.1702,7.1702,7.1702,7.1702,7.1702,7.1702,7.1702,7.1702,7.1702,7.1702,7.1702,7.1702,7.1702,7.1702,7.1702,7.1702,7.1702,7.1702,7.1702,7.1702,7.1702,7.1702,7.1702,7.1702,7.1702,7.1702,7.1702,7.1702,7.1702,7.1702,7.1702,7.1702,7.1702,7.1702,7.1702,7.1702,7.1702,7.1702,7.1702,7.1702,7.1702,7.1702,7.1702,7.1702,7.1702,7.1702,7.1702,7.1702,7.1702,7.1702,7.1702,7.1702,7.1702,7.1702,7.1702,7.1702,7.1702,7.1702,7.1702,7.1702,7.1702,7.1702,7.1702,7.1702,7.1702,7.1702,7.1702,7.1702,7.1702,7.1702,7.1702,7.1702,7.1702,7.1702,7.1702,7.1702,7.1702,7.1702,7.1702,7.1702,7.1702,7.1702,7.1702,7.1702,7.1702,7.1702,7.1702,7.1702,7.1702,7.1702,7.1702,7.1702,7.1702,7.1702,7.1702,7.1702,7.1702,7.1702,7.1702,7.1702,7.1702,7.1702,7.1702,7.1702,7.1702,7.1702,7.1702,7.1702,7.1702,7.1702,7.1702,7.1702,7.1702,7.1702,7.1702,7.1702,7.1702,7.1702,7.1702,7.1702,7.1702,7.1702,7.1702
7.1647,7.1647,7.1647,7.1647,7.1647,7.1647,7.1647,7.1647,7.1647,7.1647,7.1647,7.1647,7.1647,7.1647,7.1647,7.1647,7.1647,7.1647,7.1647,7.1647,7.1647,7.1647,7.1647,7.1647,7.1647,7.1647,7.1647,7.1647,7.1647,7.1647,7.1647,7.1647,7.1647,7.1647,7.1647,7.1647,7.1647,7.1647,7.1647,7.1647,7.1647,7.1647,7.1647,7.1647,7.1647,7.1647,7.1647,7.1647,7.1647,7.1647,7.1647,7.1647,7.1647,7.1647,7.1647,7.1647,7.1647,7.1647,7.1647,7.1647,7.1647,7.1647,7.1647,7.1647,7.1647,7.1647,7.1647,7.1647,7.1647,7.1647,7.1647,7.1647,7.1647,7.1647,7.1647,7.1647,7.1647,7.1647,7.1647,7.1647,7.1647,7.1647,7.1647,7.1647,7.1647,7.1647,7.1647,7.1647,7.1647,7.1647,7.1647,7.1647,7.1647,7.1647,7.1647,7.1647,7.1647,7.1647,7.1647,7.1647,7.1647,7.1647,7.1647,7.1647,7.1647,7.1647,7.1647,7.1647,7.1647,7.1647,7.1647,7.1647,7.1647,7.1647,7.1647,7.1647,7.1647,7.1647,7.1647,7.1647,7.1647,7.1647,7.1647,7.1647,7.1647,7.1647,7.1647,7.1647,7.1647,7.1647,7.1647,7.1647,7.1647,7.1647,7.1647,7.1647,7.1647,7.1647,7.1647,7.1647,7.1647,7.1647,7.1647,7.1647,7.1647,7.1647,7.1647,7.1647,7.1647,7.1647,7.1647,7.1647,7.1647,7.1647,7.1647,7.1647,7.1647,7.1647,7.1647,7.1647,7.1647,7.1647,7.1647,7.1647,7.1647,7.1647,7.1647,7.1647,7.1647,7.1647,7.1647,7.1647,7.1647,7.1647,7.1647,7.1647,7.1647,7.1647,7.1647,7.1647,7.1647,7.1647,7.1647,7.1647,7.1647,7.1647,7.1647,7.1647,7.1647,7.1647,7.1647,7.1647,7.1647,7.1647,7.1647,7.1647,7.1647,7.1647,7.1647,7.1647,7.1647,7.1647,7.1647,7.1647,7.1647,7.1647,7.1647,7.1647,7.1647,7.1647,7.1647,7.1647,7.1647,7.1647,7.1647,7.1647,7.1647,7.1647,7.1647,7.1647,7.1647,7.1647,7.1647,7.1647,7.1647,7.1647,7.1647,7.1647,7.1647,7.1647,7.1647,7.1647,7.1647,7.1647,7.1647,7.1647,7.1647,7.1647,7.1647,7.1647,7.1647,7.1647,7.1647,7.1647,7.1647,7.1647,7.1647,7.1647,7.1647,7.1647,7.1647,7.1647,7.1647,7.1647,7.1647,7.1647,7.1647,7.1647,7.1647,7.1647,7.1647,7.1647,7.1647,7.1647,7.1647,7.1647,7.1647,7.1647,7.1647,7.1647,7.1647,7.1647,7.1647,7.1647,7.1647,7.1647,7.1647,7.1647,7.1647,7.1647,7.1647,7.1647,7.1647,7.1647,7.1647,7.1647,7.1647,7.1647,7.1647,7.1647,7.1647,7.1647,7.1647,7.1647,7.1647,7.1647,7.1647,7.1647,7.1647,7.1647,7.1647,7.1647,7.1647,7.1647,7.1647,7.1647,7.1647,7.1647,7.1647,7.1647,7.1647,7.1647,7.1647,7.1647,7.1647,7.1647,7.1647,7.1647,7.1647,7.1647,7.1647,7.1647,7.1647,7.1647,7.1647,7.1647,7.1647,7.1647,7.1647,7.1647,7.1647,7.1647,7.1647,7.1647,7.1647,7.1647,7.1647,7.1647,7.1647,7.1647,7.1647,7.1647,7.1647,7.1647,7.1647,7.1647,7.1647,7.1647,7.1647,7.1647,7.1647,7.1647,7.1647,7.1647,7.1647,7.1647,7.1647,7.1647,7.1647,7.1647,7.1647,7.1647,7.1647,7.1647,7.1647,7.1647,7.1647,7.1647,7.1647,7.1647,7.1647,7.1647,7.1647,7.1647,7.1647,7.1647,7.1647,7.1647,7.1647,7.1647,7.1647,7.1647,7.1647,7.1647,6.0549,6.0211,5.9863,5.9532,5.9347,5.9288,5.9232,5.9173,5.9115,5.9057,5.8999,5.8939,5.8881,5.8821,5.8763,5.8704,5.8646,5.8587,5.8530,5.8471,5.8416,5.8375,5.8363,5.8353,5.8339,5.8327,5.8315,5.8300,5.8288,5.8276,5.8264,5.8250,5.8238,5.8226,5.8211,5.8199,5.8187,5.8175,5.8161,5.8149,5.8137,5.8125,5.8111,5.8099,5.8087,5.8075,5.8083,5.8101,5.8121,5.8141,5.8161,5.8181,5.8201,5.8222,5.8242,5.8262,5.8282,5.8302,5.8323,5.8345,5.8369,5.8392,5.8418,5.8438,5.8463,5.8485,5.8510,5.8532,5.8556,5.8579,5.8612,5.8687,5.8761,5.8838,5.8912,5.8988,5.9063,5.9140,5.9215,5.9292,5.9368,5.9446,5.9524,5.9600,5.9678,5.9755,6.0549,6.6385,6.6379,6.6369,6.6358,6.6343,6.6338,6.6327,6.6314,6.6303,6.6293,6.6288,6.6272,6.6262,6.6251,6.6241,6.6230,6.6222,6.6212,6.6207,6.6191,6.6188,6.6178,6.6181,6.6209,6.6222,6.6241,6.6256,6.6275,6.6296,6.6314,6.6332,6.6343,6.6361,6.6379,6.6395,6.6419,6.6435,6.6453,6.6466,6.6482,6.6498,6.6519,6.6537,6.6553,6.6569,6.6582,6.6603,6.6622,6.6680,6.6736,6.6794,6.6852,6.6911,6.6975,6.7034,6.7093,6.7155,6.7214,6.7276,6.7335,6.7397,6.7459,6.7514,6.7582,6.7641,6.7704,6.7874,6.8144,6.8418,6.8701,6.8978,7.1647,7.1647,7.1647,7.1647,7.1647,7.1647,7.1647,7.1647,7.1647,7.1647,7.1647,7.1647,7.1647,7.1647,7.1647,7.1647,7.1647,7.1647,7.1647,7.1647,7.1647,7.1647,7.1647,7.1647,7.1647,7.1647,7.1647,7.1647,7.1647,7.1647,7.1647,7.1647,7.1647,7.1647,7.1647,7.1647,7.1647,7.1647,7.1647,7.1647,7.1647,7.1647,7.1647,7.1647,7.1647,7.1647,7.1647,7.1647,7.1647,7.1647,7.1647,7.1647,7.1647,7.1647,7.1647,7.1647,7.1647,7.1647,7.1647,7.1647,7.1647,7.1647,7.1647,7.1647,7.1647,7.1647,7.1647,7.1647,7.1647,7.1647,7.1647,7.1647,7.1647,7.1647,7.1647,7.1647,7.1647,7.1647,7.1647,7.1647,7.1647,7.1647,7.1647,7.1647,7.1647,7.1647,7.1647,7.1647,7.1647,7.1647,7.1647,7.1647,7.1647,7.1647,7.1647,7.1647,7.1647,7.1647,7.1647,7.1647,7.1647,7.1647,7.1647,7.1647,7.1647,7.1647,7.1647,7.1647,7.1647,7.1647,7.1647,7.1647,7.1647,7.1647,7.1647,7.1647,7.1647,7.1647,7.1647,7.1647,7.1647,7.1647,7.1647,7.1647,7.1647,7.1647,7.1647,7.1647,7.1647,7.1647,7.1647,7.1647,7.1647,7.1647,7.1647,7.1647,7.1647,7.1647,7.1647,7.1647,7.1647,7.1647,7.1647,7.1647,7.1647,7.1647,7.1647,7.1647,7.1647,7.1647,7.1647,7.1647,7.1647,7.1647,7.1647,7.1647,7.1647,7.1647,7.1647,7.1647,7.1647,7.1647,7.1647,7.1647,7.1647,7.1647,7.1647,7.1647,7.1647,7.1647,7.1647,7.1647,7.1647,7.1647,7.1647,7.1647,7.1647,7.1647,7.1647,7.1647,7.1647,7.1647,7.1647,7.1647,7.1647,7.1647,7.1647,7.1647,7.1647,7.1647,7.1647,7.1647,7.1647,7.1647,7.1647,7.1647,7.1647,7.1647,7.1647,7.1647,7.1647,7.1647,7.1647,7.1647,7.1647,7.1647,7.1647,7.1647,7.1647,7.1647,7.1647,7.1647,7.1647,7.1647,7.1647,7.1647,7.1647,7.1647,7.1647,7.1647,7.1647,7.1647,7.1647,7.1647,7.1647,7.1647,7.1647,7.1647,7.1647,7.1647,7.1647,7.1647,7.1647,7.1647,7.1647,7.1647,7.1647,7.1647,7.1647,7.1647,7.1647,7.1647,7.1647,7.1647,7.1647,7.1647,7.1647,7.1647,7.1647,7.1647,7.1647,7.1647,7.1647,7.1647,7.1647,7.1647,7.1647,7.1647,7.1647,7.1647,7.1647,7.1647,7.1647,7.1647,7.1647,7.1647,7.1647,7.1647,7.1647,7.1647,7.1647,7.1647,7.1647,7.1647,7.1647,7.1647,7.1647,7.1647,7.1647,7.1647,7.1647,7.1647,7.1647,7.1647,7.1647,7.1647,7.1647,7.1647,7.1647,7.1647,7.1647,7.1647,7.1647,7.1647,7.1647,7.1647,7.1647,7.1647,7.1647,7.1647,7.1647,7.1647,7.1647,7.1647,7.1647,7.1647,7.1647,7.1647,7.1647,7.1647,7.1647,7.1647,7.1647,7.1647,7.1647,7.1647,7.1647,7.1647,7.1647,7.1647,7.1647,7.1647,7.1647,7.1647,7.1647,7.1647,7.1647,7.1647,7.1647,7.1647,7.1647,7.1647,7.1647,7.1647,7.1647,7.1647,7.1647,7.1647,7.1647,7.1647,7.1647,7.1647,7.1647,7.1647,7.1647,7.1647,7.1647,7.1647,7.1647,7.1647,7.1647,7.1647,7.1647,7.1647,7.1647,7.1647,7.1647,7.1647,7.1647,7.1647,7.1647,7.1647,7.1647,7.1647,7.1647,7.1647,7.1647,7.1647,7.1647,7.1647,7.1647,7.1647,7.1647,7.1647,7.1647,7.1647,7.1647,7.1647,7.1647,7.1647,7.1647,7.1647,7.1647,7.1647,7.1647,7.1647,7.1647,7.1647,7.1647,7.1647,7.1647,7.1647,7.1647,7.1647,7.1647,7.1647,7.1647,7.1647,7.1647,7.1647,7.1647,7.1647,7.1647,7.1647,7.1647,7.1647,7.1647,7.1647,7.1647,7.1647,7.1647,7.1647,7.1647,7.1647,7.1647,7.1647,7.1647,7.1647
7.1589,7.1589,7.1589,7.1589,7.1589,7.1589,7.1589,7.1589,7.1589,7.1589,7.1589,7.1589,7.1589,7.1589,7.1589,7.1589,7.1589,7.1589,7.1589,7.1589,7.1589,7.1589,7.1589,7.1589,7.1589,7.1589,7.1589,7.1589,7.1589,7.1589,7.1589,7.1589,7.1589,7.1589,7.1589,7.1589,7.1589,7.1589,7.1589,7.1589,7.1589,7.1589,7.1589,7.1589,7.1589,7.1589,7.1589,7.1589,7.1589,7.1589,7.1589,7.1589,7.1589,7.1589,7.1589,7.1589,7.1589,7.1589,7.1589,7.1589,7.1589,7.1589,7.1589,7.1589,7.1589,7.1589,7.1589,7.1589,7.1589,7.1589,7.1589,7.1589,7.1589,7.1589,7.1589,7.1589,7.1589,7.1589,7.1589,7.1589,7.1589,7.1589,7.1589,7.1589,7.1589,7.1589,7.1589,7.1589,7.1589,7.1589,7.1589,7.1589,7.1589,7.1589,7.1589,7.1589,7.1589,7.1589,7.1589,7.1589,7.1589,7.1589,7.1589,7.1589,7.1589,7.1589,7.1589,7.1589,7.1589,7.1589,7.1589,7.1589,7.1589,7.1589,7.1589,7.1589,7.1589,7.1589,7.1589,7.1589,7.1589,7.1589,7.1589,7.1589,7.1589,7.1589,7.1589,7.1589,7.1589,7.1589,7.1589,7.1589,7.1589,7.1589,7.1589,7.1589,7.1589,7.1589,7.1589,7.1589,7.1589,7.1589,7.1589,7.1589,7.1589,7.1589,7.1589,7.1589,7.1589,7.1589,7.1589,7.1589,7.1589,7.1589,7.1589,7.1589,7.1589,7.1589,7.1589,7.1589,7.1589,7.1589,7.1589,7.1589,7.1589,7.1589,7.1589,7.1589,7.1589,7.1589,7.1589,7.1589,7.1589,7.1589,7.1589,7.1589,7.1589,7.1589,7.1589,7.1589,7.1589,7.1589,7.1589,7.1589,7.1589,7.1589,7.1589,7.1589,7.1589,7.1589,7.1589,7.1589,7.1589,7.1589,7.1589,7.1589,7.1589,7.1589,7.1589,7.1589,7.1589,7.1589,7.1589,7.1589,7.1589,7.1589,7.1589,7.1589,7.1589,7.1589,7.1589,7.1589,7.1589,7.1589,7.1589,7.1589,7.1589,7.1589,7.1589,7.1589,7.1589,7.1589,7.1589,7.1589,7.1589,7.1589,7.1589,7.1589,7.1589,7.1589,7.1589,7.1589,7.1589,7.1589,7.1589,7.1589,7.1589,7.1589,7.1589,7.1589,7.1589,7.1589,7.1589,7.1589,7.1589,7.1589,7.1589,7.1589,7.1589,7.1589,7.1589,7.1589,7.1589,7.1589,7.1589,7.1589,7.1589,7.1589,7.1589,7.1589,7.1589,7.1589,7.1589,7.1589,7.1589,7.1589,7.1589,7.1589,7.1589,7.1589,7.1589,7.1589,7.1589,7.1589,7.1589,7.1589,7.1589,7.1589,7.1589,7.1589,7.1589,7.1589,7.1589,7.1589,7.1589,7.1589,7.1589,7.1589,7.1589,7.1589,7.1589,7.1589,7.1589,7.1589,7.1589,7.1589,7.1589,7.1589,7.1589,7.1589,7.1589,7.1589,7.1589,7.1589,7.1589,7.1589,7.1589,7.1589,7.1589,7.1589,7.1589,7.1589,7.1589,7.1589,7.1589,7.1589,7.1589,7.1589,7.1589,7.1589,7.1589,7.1589,7.1589,7.1589,7.1589,7.1589,7.1589,7.1589,7.1589,7.1589,7.1589,7.1589,7.1589,7.1589,7.1589,7.1589,7.1589,7.1589,7.1589,7.1589,7.1589,7.1589,7.1589,7.1589,7.1589,7.1589,7.1589,7.1589,7.1589,7.1589,7.1589,7.1589,7.1589,7.1589,7.1589,7.1589,7.1589,7.1589,7.1589,7.1589,7.1589,7.1589,7.1589,7.1589,7.1589,7.1589,7.1589,7.1589,7.1589,7.1589,7.1589,7.1589,7.1589,7.1589,7.1589,7.1589,7.1589,7.1589,7.1589,7.1589,7.1589,7.1589,7.1589,7.1589,6.0510,6.0172,5.9829,5.9498,5.9347,5.9290,5.9232,5.9173,5.9117,5.9059,5.9001,5.8941,5.8883,5.8823,5.8765,5.8706,5.8649,5.8589,5.8532,5.8473,5.8418,5.8381,5.8373,5.8357,5.8345,5.8333,5.8321,5.8308,5.8296,5.8284,5.8270,5.8258,5.8246,5.8232,5.8220,5.8207,5.8195,5.8181,5.8169,5.8157,5.8145,5.8131,5.8119,5.8107,5.8095,5.8081,5.8093,5.8113,5.8133,5.8153,5.8173,5.8193,5.8213,5.8234,5.8254,5.8274,5.8294,5.8315,5.8335,5.8353,5.8377,5.8394,5.8414,5.8436,5.8459,5.8483,5.8506,5.8530,5.8552,5.8577,5.8626,5.8700,5.8776,5.8850,5.8926,5.9001,5.9078,5.9153,5.9230,5.9307,5.9383,5.9460,5.9536,5.9615,5.9691,5.9769,6.0934,6.6335,6.6324,6.6309,6.6303,6.6288,6.6277,6.6272,6.6259,6.6254,6.6243,6.6228,6.6222,6.6207,6.6196,6.6191,6.6183,6.6173,6.6160,6.6157,6.6144,6.6139,6.6136,6.6155,6.6170,6.6199,6.6220,6.6238,6.6254,6.6277,6.6290,6.6306,6.6330,6.6343,6.6364,6.6377,6.6393,6.6416,6.6429,6.6445,6.6464,6.6479,6.6495,6.6516,6.6529,6.6545,6.6561,6.6582,6.6627,6.6680,6.6738,6.6802,6.6855,6.6914,6.6972,6.7037,6.7093,6.7157,6.7211,6.7278,6.7332,6.7394,6.7457,6.7516,6.7584,6.7639,6.7715,6.7975,6.8241,6.8522,6.8797,6.9083,7.1589,7.1589,7.1589,7.1589,7.1589,7.1589,7.1589,7.1589,7.1589,7.1589,7.1589,7.1589,7.1589,7.1589,7.1589,7.1589,7.1589,7.1589,7.1589,7.1589,7.1589,7.1589,7.1589,7.1589,7.1589,7.1589,7.1589,7.1589,7.1589,7.1589,7.1589,7.1589,7.1589,7.1589,7.1589,7.1589,7.1589,7.1589,7.1589,7.1589,7.1589,7.1589,7.1589,7.1589,7.1589,7.1589,7.1589,7.1589,7.1589,7.1589,7.1589,7.1589,7.1589,7.1589,7.1589,7.1589,7.1589,7.1589,7.1589,7.1589,7.1589,7.1589,7.1589,7.1589,7.1589,7.1589,7.1589,7.1589,7.1589,7.1589,7.1589,7.1589,7.1589,7.1589,7.1589,7.1589,7.1589,7.1589,7.1589,7.1589,7.1589,7.1589,7.1589,7.1589,7.1589,7.1589,7.1589,7.1589,7.1589,7.1589,7.1589,7.1589,7.1589,7.1589,7.1589,7.1589,7.1589,7.1589,7.1589,7.1589,7.1589,7.1589,7.1589,7.1589,7.1589,7.1589,7.1589,7.1589,7.1589,7.1589,7.1589,7.1589,7.1589,7.1589,7.1589,7.1589,7.1589,7.1589,7.1589,7.1589,7.1589,7.1589,7.1589,7.1589,7.1589,7.1589,7.1589,7.1589,7.1589,7.1589,7.1589,7.1589,7.1589,7.1589,7.1589,7.1589,7.1589,7.1589,7.1589,7.1589,7.1589,7.1589,7.1589,7.1589,7.1589,7.1589,7.1589,7.1589,7.1589,7.1589,7.1589,7.1589,7.1589,7.1589,7.1589,7.1589,7.1589,7.1589,7.1589,7.1589,7.1589,7.1589,7.1589,7.1589,7.1589,7.1589,7.1589,7.1589,7.1589,7.1589,7.1589,7.1589,7.1589,7.1589,7.1589,7.1589,7.1589,7.1589,7.1589,7.1589,7.1589,7.1589,7.1589,7.1589,7.1589,7.1589,7.1589,7.1589,7.1589,7.1589,7.1589,7.1589,7.1589,7.1589,7.1589,7.1589,7.1589,7.1589,7.1589,7.1589,7.1589,7.1589,7.1589,7.1589,7.1589,7.1589,7.1589,7.1589,7.1589,7.1589,7.1589,7.1589,7.1589,7.1589,7.1589,7.1589,7.1589,7.1589,7.1589,7.1589,7.1589,7.1589,7.1589,7.1589,7.1589,7.1589,7.1589,7.1589,7.1589,7.1589,7.1589,7.1589,7.1589,7.1589,7.1589,7.1589,7.1589,7.1589,7.1589,7.1589,7.1589,7.1589,7.1589,7.1589,7.1589,7.1589,7.1589,7.1589,7.1589,7.1589,7.1589,7.1589,7.1589,7.1589,7.1589,7.1589,7.1589,7.1589,7.1589,7.1589,7.1589,7.1589,7.1589,7.1589,7.1589,7.1589,7.1589,7.1589,7.1589,7.1589,7.1589,7.1589,7.1589,7.1589,7.1589,7.1589,7.1589,7.1589,7.1589,7.1589,7.1589,7.1589,7.1589,7.1589,7.1589,7.1589,7.1589,7.1589,7.1589,7.1589,7.1589,7.1589,7.1589,7.1589,7.1589,7.1589,7.1589,7.1589,7.1589,7.1589,7.1589,7.1589,7.1589,7.1589,7.1589,7.1589,7.1589,7.1589,7.1589,7.1589,7.1589,7.1589,7.1589,7.1589,7.1589,7.1589,7.1589,7.1589,7.1589,7.1589,7.1589,7.1589,7.1589,7.1589,7.1589,7.1589,7.1589,7.1589,7.1589,7.1589,7.1589,7.1589,7.1589,7.1589,7.1589,7.1589,7.1589,7.1589,7.1589,7.1589,7.1589,7.1589,7.1589,7.1589,7.1589,7.1589,7.1589,7.1589,7.1589,7.1589,7.1589,7.1589,7.1589,7.1589,7.1589,7.1589,7.1589,7.1589,7.1589,7.1589,7.1589,7.1589,7.1589,7.1589,7.1589,7.1589,7.1589,7.1589,7.1589,7.1589,7.1589,7.1589,7.1589,7.1589,7.1589,7.1589,7.1589,7.1589,7.1589,7.1589,7.1589,7.1589,7.1589,7.1589,7.1589,7.1589,7.1589,7.1589,7.1589,7.1589,7.1589,7.1589,7.1589,7.1589,7.1589,7.1589,7.1589,7.1589,7.1589,7.1589,7.1589,7.1589,7.1589,7.1589,7.1589,7.1589,7.1589,7.1589,7.1589,7.1589,7.1589,7.1589,7.1589,7.1589,7.1589,7.1589,7.1589,7.1589
7.1531,7.1531,7.1531,7.1531,7.1531,7.1531,7.1531,7.1531,7.1531,7.1531,7.1531,7.1531,7.1531,7.1531,7.1531,7.1531,7.1531,7.1531,7.1531,7.1531,7.1531,7.1531,7.1531,7.1531,7.1531,7.1531,7.1531,7.1531,7.1531,7.1531,7.1531,7.1531,7.1531,7.1531,7.1531,7.1531,7.1531,7.1531,7.1531,7.1531,7.1531,7.1531,7.1531,7.1531,7.1531,7.1531,7.1531,7.1531,7.1531,7.1531,7.1531,7.1531,7.1531,7.1531,7.1531,7.1531,7.1531,7.1531,7.1531,7.1531,7.1531,7.1531,7.1531,7.1531,7.1531,7.1531,7.1531,7.1531,7.1531,7.1531,7.1531,7.1531,7.1531,7.1531,7.1531,7.1531,7.1531,7.1531,7.1531,7.1531,7.1531,7.1531,7.1531,7.1531,7.1531,7.1531,7.1531,7.1531,7.1531,7.1531,7.1531,7.1531,7.1531,7.1531,7.1531,7.1531,7.1531,7.1531,7.1531,7.1531,7.1531,7.1531,7.1531,7.1531,7.1531,7.1531,7.1531,7.1531,7.1531,7.1531,7.1531,7.1531,7.1531,7.1531,7.1531,7.1531,7.1531,7.1531,7.1531,7.1531,7.1531,7.1531,7.1531,7.1531,7.1531,7.1531,7.1531,7.1531,7.1531,7.1531,7.1531,7.1531,7.1531,7.1531,7.1531,7.1531,7.1531,7.1531,7.1531,7.1531,7.1531,7.1531,7.1531,7.1531,7.1531,7.1531,7.1531,7.1531,7.1531,7.1531,7.1531,7.1531,7.1531,7.1531,7.1531,7.1531,7.1531,7.1531,7.1531,7.1531,7.1531,7.1531,7.1531,7.1531,7.1531,7.1531,7.1531,7.1531,7.1531,7.1531,7.1531,7.1531,7.1531,7.1531,7.1531,7.1531,7.1531,7.1531,7.1531,7.1531,7.1531,7.1531,7.1531,7.1531,7.1531,7.1531,7.1531,7.1531,7.1531,7.1531,7.1531,7.1531,7.1531,7.1531,7.1531,7.1531,7.1531,7.1531,7.1531,7.1531,7.1531,7.1531,7.1531,7.1531,7.1531,7.1531,7.1531,7.1531,7.1531,7.1531,7.1531,7.1531,7.1531,7.1531,7.1531,7.1531,7.1531,7.1531,7.1531,7.1531,7.1531,7.1531,7.1531,7.1531,7.1531,7.1531,7.1531,7.1531,7.1531,7.1531,7.1531,7.1531,7.1531,7.1531,7.1531,7.1531,7.1531,7.1531,7.1531,7.1531,7.1531,7.1531,7.1531,7.1531,7.1531,7.1531,7.1531,7.1531,7.1531,7.1531,7.1531,7.1531,7.1531,7.1531,7.1531,7.1531,7.1531,7.1531,7.1531,7.1531,7.1531,7.1531,7.1531,7.1531,7.1531,7.1531,7.1531,7.1531,7.1531,7.1531,7.1531,7.1531,7.1531,7.1531,7.1531,7.1531,7.1531,7.1531,7.1531,7.1531,7.1531,7.1531,7.1531,7.1531,7.1531,7.1531,7.1531,7.1531,7.1531,7.1531,7.1531,7.1531,7.1531,7.1531,7.1531,7.1531,7.1531,7.1531,7.1531,7.1531,7.1531,7.1531,7.1531,7.1531,7.1531,7.1531,7.1531,7.1531,7.1531,7.1531,7.1531,7.1531,7.1531,7.1531,7.1531,7.1531,7.1531,7.1531,7.1531,7.1531,7.1531,7.1531,7.1531,7.1531,7.1531,7.1531,7.1531,7.1531,7.1531,7.1531,7.1531,7.1531,7.1531,7.1531,7.1531,7.1531,7.1531,7.1531,7.1531,7.1531,7.1531,7.1531,7.1531,7.1531,7.1531,7.1531,7.1531,7.1531,7.1531,7.1531,7.1531,7.1531,7.1531,7.1531,7.1531,7.1531,7.1531,7.1531,7.1531,7.1531,7.1531,7.1531,7.1531,7.1531,7.1531,7.1531,7.1531,7.1531,7.1531,7.1531,7.1531,7.1531,7.1531,7.1531,7.1531,7.1531,7.1531,7.1531,7.1531,7.1531,7.1531,7.1531,7.1531,7.1531,6.0471,6.0133,5.9797,5.9465,5.9349,5.9290,5.9232,5.9175,5.9117,5.9059,5.9003,5.8943,5.8883,5.8825,5.8768,5.8708,5.8651,5.8591,5.8534,5.8475,5.8418,5.8390,5.8377,5.8365,5.8355,5.8341,5.8329,5.8317,5.8302,5.8290,5.8278,5.8266,5.8252,5.8240,5.8228,5.8215,5.8201,5.8189,5.8177,5.8163,5.8151,5.8139,5.8127,5.8115,5.8101,5.8089,5.8105,5.8125,5.8145,5.8163,5.8183,5.8203,5.8224,5.8244,5.8264,5.8284,5.8304,5.8327,5.8345,5.8367,5.8385,5.8408,5.8426,5.8446,5.8467,5.8487,5.8508,5.8528,5.8550,5.8573,5.8638,5.8714,5.8788,5.8864,5.8939,5.9015,5.9092,5.9167,5.9244,5.9320,5.9397,5.9473,5.9551,5.9627,5.9706,6.0116,6.6290,6.6275,6.6264,6.6259,6.6249,6.6238,6.6222,6.6217,6.6204,6.6199,6.6183,6.6178,6.6168,6.6155,6.6147,6.6139,6.6129,6.6126,6.6118,6.6110,6.6095,6.6092,6.6108,6.6121,6.6144,6.6168,6.6186,6.6215,6.6235,6.6259,6.6269,6.6288,6.6303,6.6322,6.6340,6.6361,6.6374,6.6395,6.6408,6.6432,6.6442,6.6466,6.6482,6.6492,6.6508,6.6527,6.6548,6.6566,6.6624,6.6688,6.6741,6.6805,6.6863,6.6922,6.6980,6.7037,6.7101,6.7160,6.7214,6.7281,6.7335,6.7402,6.7459,6.7524,6.7587,6.7647,6.7811,6.8066,6.8343,6.8614,6.8901,7.1531,7.1531,7.1531,7.1531,7.1531,7.1531,7.1531,7.1531,7.1531,7.1531,7.1531,7.1531,7.1531,7.1531,7.1531,7.1531,7.1531,7.1531,7.1531,7.1531,7.1531,7.1531,7.1531,7.1531,7.1531,7.1531,7.1531,7.1531,7.1531,7.1531,7.1531,7.1531,7.1531,7.1531,7.1531,7.1531,7.1531,7.1531,7.1531,7.1531,7.1531,7.1531,7.1531,7.1531,7.1531,7.1531,7.1531,7.1531,7.1531,7.1531,7.1531,7.1531,7.1531,7.1531,7.1531,7.1531,7.1531,7.1531,7.1531,7.1531,7.1531,7.1531,7.1531,7.1531,7.1531,7.1531,7.1531,7.1531,7.1531,7.1531,7.1531,7.1531,7.1531,7.1531,7.1531,7.1531,7.1531,7.1531,7.1531,7.1531,7.1531,7.1531,7.1531,7.1531,7.1531,7.1531,7.1531,7.1531,7.1531,7.1531,7.1531,7.1531,7.1531,7.1531,7.1531,7.1531,7.1531,7.1531,7.1531,7.1531,7.1531,7.1531,7.1531,7.1531,7.1531,7.1531,7.1531,7.1531,7.1531,7.1531,7.1531,7.1531,7.1531,7.1531,7.1531,7.1531,7.1531,7.1531,7.1531,7.1531,7.1531,7.1531,7.1531,7.1531,7.1531,7.1531,7.1531,7.1531,7.1531,7.1531,7.1531,7.1531,7.1531,7.1531,7.1531,7.1531,7.1531,7.1531,7.1531,7.1531,7.1531,7.1531,7.1531,7.1531,7.1531,7.1531,7.1531,7.1531,7.1531,7.1531,7.1531,7.1531,7.1531,7.1531,7.1531,7.1531,7.1531,7.1531,7.1531,7.1531,7.1531,7.1531,7.1531,7.1531,7.1531,7.1531,7.1531,7.1531,7.1531,7.1531,7.1531,7.1531,7.1531,7.1531,7.1531,7.1531,7.1531,7.1531,7.1531,7.1531,7.1531,7.1531,7.1531,7.1531,7.1531,7.1531,7.1531,7.1531,7.1531,7.1531,7.1531,7.1531,7.1531,7.1531,7.1531,7.1531,7.1531,7.1531,7.1531,7.1531,7.1531,7.1531,7.1531,7.1531,7.1531,7.1531,7.1531,7.1531,7.1531,7.1531,7.1531,7.1531,7.1531,7.1531,7.1531,7.1531,7.1531,7.1531,7.1531,7.1531,7.1531,7.1531,7.1531,7.1531,7.1531,7.1531,7.1531,7.1531,7.1531,7.1531,7.1531,7.1531,7.1531,7.1531,7.1531,7.1531,7.1531,7.1531,7.1531,7.1531,7.1531,7.1531,7.1531,7.1531,7.1531,7.1531,7.1531,7.1531,7.1531,7.1531,7.1531,7.1531,7.1531,7.1531,7.1531,7.1531,7.1531,7.1531,7.1531,7.1531,7.1531,7.1531,7.1531,7.1531,7.1531,7.1531,7.1531,7.1531,7.1531,7.1531,7.1531,7.1531,7.1531,7.1531,7.1531,7.1531,7.1531,7.1531,7.1531,7.1531,7.1531,7.1531,7.1531,7.1531,7.1531,7.1531,7.1531,7.1531,7.1531,7.1531,7.1531,7.1531,7.1531,7.1531,7.1531,7.1531,7.1531,7.1531,7.1531,7.1531,7.1531,7.1531,7.1531,7.1531,7.1531,7.1531,7.1531,7.1531,7.1531,7.1531,7.1531,7.1531,7.1531,7.1531,7.1531,7.1531,7.1531,7.1531,7.1531,7.1531,7.1531,7.1531,7.1531,7.1531,7.1531,7.1531,7.1531,7.1531,7.1531,7.1531,7.1531,7.1531,7.1531,7.1531,7.1531,7.1531,7.1531,7.1531,7.1531,7.1531,7.1531,7.1531,7.1531,7.1531,7.1531,7.1531,7.1531,7.1531,7.1531,7.1531,7.1531,7.1531,7.1531,7.1531,7.1531,7.1531,7.1531,7.1531,7.1531,7.1531,7.1531,7.1531,7.1531,7.1531,7.1531,7.1531,7.1531,7.1531,7.1531,7.1531,7.1531,7.1531,7.1531,7.1531,7.1531,7.1531,7.1531,7.1531,7.1531,7.1531,7.1531,7.1531,7.1531,7.1531,7.1531,7.1531,7.1531,7.1531,7.1531,7.1531,7.1531,7.1531,7.1531,7.1531,7.1531,7.1531,7.1531,7.1531,7.1531,7.1531,7.1531,7.1531,7.1531,7.1531,7.1531,7.1531,7.1531,7.1531,7.1531,7.1531,7.1531,7.1531,7.1531,7.1531,7.1531,7.1531,7.1531,7.1531,7.1531
7.1473,7.1473,7.1473,7.1473,7.1473,7.1473,7.1473,7.1473,7.1473,7.1473,7.1473,7.1473,7.1473,7.1473,7.1473,7.1473,7.1473,7.1473,7.1473,7.1473,7.1473,7.1473,7.1473,7.1473,7.1473,7.1473,7.1473,7.1473,7.1473,7.1473,7.1473,7.1473,7.1473,7.1473,7.1473,7.1473,7.1473,7.1473,7.1473,7.1473,7.1473,7.1473,7.1473,7.1473,7.1473,7.1473,7.1473,7.1473,7.1473,7.1473,7.1473,7.1473,7.1473,7.1473,7.1473,7.1473,7.1473,7.1473,7.1473,7.1473,7.1473,7.1473,7.1473,7.1473,7.1473,7.1473,7.1473,7.1473,7.1473,7.1473,7.1473,7.1473,7.1473,7.1473,7.1473,7.1473,7.1473,7.1473,7.1473,7.1473,7.1473,7.1473,7.1473,7.1473,7.1473,7.1473,7.1473,7.1473,7.1473,7.1473,7.1473,7.1473,7.1473,7.1473,7.1473,7.1473,7.1473,7.1473,7.1473,7.1473,7.1473,7.1473,7.1473,7.1473,7.1473,7.1473,7.1473,7.1473,7.1473,7.1473,7.1473,7.1473,7.1473,7.1473,7.1473,7.1473,7.1473,7.1473,7.1473,7.1473,7.1473,7.1473,7.1473,7.1473,7.1473,7.1473,7.1473,7.1473,7.1473,7.1473,7.1473,7.1473,7.1473,7.1473,7.1473,7.1473,7.1473,7.1473,7.1473,7.1473,7.1473,7.1473,7.1473,7.1473,7.1473,7.1473,7.1473,7.1473,7.1473,7.1473,7.1473,7.1473,7.1473,7.1473,7.1473,7.1473,7.1473,7.1473,7.1473,7.1473,7.1473,7.1473,7.1473,7.1473,7.1473,7.1473,7.1473,7.1473,7.1473,7.1473,7.1473,7.1473,7.1473,7.1473,7.1473,7.1473,7.1473,7.1473,7.1473,7.1473,7.1473,7.1473,7.1473,7.1473,7.1473,7.1473,7.1473,7.1473,7.1473,7.1473,7.1473,7.1473,7.1473,7.1473,7.1473,7.1473,7.1473,7.1473,7.1473,7.1473,7.1473,7.1473,7.1473,7.1473,7.1473,7.1473,7.1473,7.1473,7.1473,7.1473,7.1473,7.1473,7.1473,7.1473,7.1473,7.1473,7.1473,7.1473,7.1473,7.1473,7.1473,7.1473,7.1473,7.1473,7.1473,7.1473,7.1473,7.1473,7.1473,7.1473,7.1473,7.1473,7.1473,7.1473,7.1473,7.1473,7.1473,7.1473,7.1473,7.1473,7.1473,7.1473,7.1473,7.1473,7.1473,7.1473,7.1473,7.1473,7.1473,7.1473,7.1473,7.1473,7.1473,7.1473,7.1473,7.1473,7.1473,7.1473,7.1473,7.1473,7.1473,7.1473,7.1473,7.1473,7.1473,7.1473,7.1473,7.1473,7.1473,7.1473,7.1473,7.1473,7.1473,7.1473,7.1473,7.1473,7.1473,7.1473,7.1473,7.1473,7.1473,7.1473,7.1473,7.1473,7.1473,7.1473,7.1473,7.1473,7.1473,7.1473,7.1473,7.1473,7.1473,7.1473,7.1473,7.1473,7.1473,7.1473,7.1473,7.1473,7.1473,7.1473,7.1473,7.1473,7.1473,7.1473,7.1473,7.1473,7.1473,7.1473,7.1473,7.1473,7.1473,7.1473,7.1473,7.1473,7.1473,7.1473,7.1473,7.1473,7.1473,7.1473,7.1473,7.1473,7.1473,7.1473,7.1473,7.1473,7.1473,7.1473,7.1473,7.1473,7.1473,7.1473,7.1473,7.1473,7.1473,7.1473,7.1473,7.1473,7.1473,7.1473,7.1473,7.1473,7.1473,7.1473,7.1473,7.1473,7.1473,7.1473,7.1473,7.1473,7.1473,7.1473,7.1473,7.1473,7.1473,7.1473,7.1473,7.1473,7.1473,7.1473,7.1473,7.1473,7.1473,7.1473,7.1473,7.1473,7.1473,7.1473,7.1473,7.1473,7.1473,7.1473,7.1473,7.1473,7.1473,7.1473,7.1473,7.1473,7.1473,7.1473,7.1473,6.0771,6.0432,6.0094,5.9763,5.9433,5.9349,5.9290,5.9234,5.9175,5.9117,5.9061,5.9003,5.8945,5.8885,5.8827,5.8768,5.8710,5.8653,5.8593,5.8536,5.8477,5.8420,5.8400,5.8385,5.8371,5.8363,5.8347,5.8335,5.8323,5.8310,5.8298,5.8286,5.8272,5.8260,5.8248,5.8234,5.8222,5.8209,5.8197,5.8183,5.8171,5.8159,5.8147,5.8135,5.8121,5.8109,5.8097,5.8117,5.8135,5.8155,5.8175,5.8195,5.8215,5.8236,5.8256,5.8276,5.8296,5.8317,5.8337,5.8357,5.8379,5.8398,5.8418,5.8438,5.8459,5.8479,5.8497,5.8518,5.8538,5.8559,5.8581,5.8655,5.8729,5.8803,5.8879,5.8953,5.9030,5.9105,5.9182,5.9257,5.9334,5.9410,5.9488,5.9564,5.9642,5.9718,6.0495,6.6235,6.6220,6.6215,6.6204,6.6188,6.6183,6.6168,6.6162,6.6149,6.6147,6.6134,6.6129,6.6121,6.6113,6.6105,6.6090,6.6087,6.6079,6.6069,6.6056,6.6053,6.6058,6.6077,6.6095,6.6113,6.6136,6.6160,6.6178,6.6202,6.6225,6.6254,6.6272,6.6290,6.6309,6.6319,6.6343,6.6356,6.6372,6.6395,6.6411,6.6429,6.6445,6.6464,6.6479,6.6495,6.6511,6.6529,6.6574,6.6632,6.6685,6.6744,6.6802,6.6866,6.6927,6.6986,6.7045,6.7098,6.7163,6.7216,6.7278,6.7343,6.7405,6.7465,6.7522,6.7590,6.7650,6.7907,6.8169,6.8435,6.8721,6.8995,7.1473,7.1473,7.1473,7.1473,7.1473,7.1473,7.1473,7.1473,7.1473,7.1473,7.1473,7.1473,7.1473,7.1473,7.1473,7.1473,7.1473,7.1473,7.1473,7.1473,7.1473,7.1473,7.1473,7.1473,7.1473,7.1473,7.1473,7.1473,7.1473,7.1473,7.1473,7.1473,7.1473,7.1473,7.1473,7.1473,7.1473,7.1473,7.1473,7.1473,7.1473,7.1473,7.1473,7.1473,7.1473,7.1473,7.1473,7.1473,7.1473,7.1473,7.1473,7.1473,7.1473,7.1473,7.1473,7.1473,7.1473,7.1473,7.1473,7.1473,7.1473,7.1473,7.1473,7.1473,7.1473,7.1473,7.1473,7.1473,7.1473,7.1473,7.1473,7.1473,7.1473,7.1473,7.1473,7.1473,7.1473,7.1473,7.1473,7.1473,7.1473,7.1473,7.1473,7.1473,7.1473,7.1473,7.1473,7.1473,7.1473,7.1473,7.1473,7.1473,7.1473,7.1473,7.1473,7.1473,7.1473,7.1473,7.1473,7.1473,7.1473,7.1473,7.1473,7.1473,7.1473,7.1473,7.1473,7.1473,7.1473,7.1473,7.1473,7.1473,7.1473,7.1473,7.1473,7.1473,7.1473,7.1473,7.1473,7.1473,7.1473,7.1473,7.1473,7.1473,7.1473,7.1473,7.1473,7.1473,7.1473,7.1473,7.1473,7.1473,7.1473,7.1473,7.1473,7.1473,7.1473,7.1473,7.1473,7.1473,7.1473,7.1473,7.1473,7.1473,7.1473,7.1473,7.1473,7.1473,7.1473,7.1473,7.1473,7.1473,7.1473,7.1473,7.1473,7.1473,7.1473,7.1473,7.1473,7.1473,7.1473,7.1473,7.1473,7.1473,7.1473,7.1473,7.1473,7.1473,7.1473,7.1473,7.1473,7.1473,7.1473,7.1473,7.1473,7.1473,7.1473,7.1473,7.1473,7.1473,7.1473,7.1473,7.1473,7.1473,7.1473,7.1473,7.1473,7.1473,7.1473,7.1473,7.1473,7.1473,7.1473,7.1473,7.1473,7.1473,7.1473,7.1473,7.1473,7.1473,7.1473,7.1473,7.1473,7.1473,7.1473,7.1473,7.1473,7.1473,7.1473,7.1473,7.1473,7.1473,7.1473,7.1473,7.1473,7.1473,7.1473,7.1473,7.1473,7.1473,7.1473,7.1473,7.1473,7.1473,7.1473,7.1473,7.1473,7.1473,7.1473,7.1473,7.1473,7.1473,7.1473,7.1473,7.1473,7.1473,7.1473,7.1473,7.1473,7.1473,7.1473,7.1473,7.1473,7.1473,7.1473,7.1473,7.1473,7.1473,7.1473,7.1473,7.1473,7.1473,7.1473,7.1473,7.1473,7.1473,7.1473,7.1473,7.1473,7.1473,7.1473,7.1473,7.1473,7.1473,7.1473,7.1473,7.1473,7.1473,7.1473,7.1473,7.1473,7.1473,7.1473,7.1473,7.1473,7.1473,7.1473,7.1473,7.1473,7.1473,7.1473,7.1473,7.1473,7.1473,7.1473,7.1473,7.1473,7.1473,7.1473,7.1473,7.1473,7.1473,7.1473,7.1473,7.1473,7.1473,7.1473,7.1473,7.1473,7.1473,7.1473,7.1473,7.1473,7.1473,7.1473,7.1473,7.1473,7.1473,7.1473,7.1473,7.1473,7.1473,7.1473,7.1473,7.1473,7.1473,7.1473,7.1473,7.1473,7.1473,7.1473,7.1473,7.1473,7.1473,7.1473,7.1473,7.1473,7.1473,7.1473,7.1473,7.1473,7.1473,7.1473,7.1473,7.1473,7.1473,7.1473,7.1473,7.1473,7.1473,7.1473,7.1473,7.1473,7.1473,7.1473,7.1473,7.1473,7.1473,7.1473,7.1473,7.1473,7.1473,7.1473,7.1473,7.1473,7.1473,7.1473,7.1473,7.1473,7.1473,7.1473,7.1473,7.1473,7.1473,7.1473,7.1473,7.1473,7.1473,7.1473,7.1473,7.1473,7.1473,7.1473,7.1473,7.1473,7.1473,7.1473,7.1473,7.1473,7.1473,7.1473,7.1473,7.1473,7.1473,7.1473,7.1473,7.1473,7.1473,7.1473,7.1473,7.1473,7.1473,7.1473,7.1473,7.1473,7.1473,7.1473,7.1473,7.1473,7.1473,7.1473,7.1473,7.1473,7.1473,7.1473,7.1473,7.1473,7.1473,7.1473,7.1473,7.1473,7.1473,7.1473,7.1473,7.1473,7.1473,7.1473,7.1473,7.1473
7.1418,7.1418,7.1418,7.1418,7.1418,7.1418,7.1418,7.1418,7.1418,7.1418,7.1418,7.1418,7.1418,7.1418,7.1418,7.1418,7.1418,7.1418,7.1418,7.1418,7.1418,7.1418,7.1418,7.1418,7.1418,7.1418,7.1418,7.1418,7.1418,7.1418,7.1418,7.1418,7.1418,7.1418,7.1418,7.1418,7.1418,7.1418,7.1418,7.1418,7.1418,7.1418,7.1418,7.1418,7.1418,7.1418,7.1418,7.1418,7.1418,7.1418,7.1418,7.1418,7.1418,7.1418,7.1418,7.1418,7.1418,7.1418,7.1418,7.1418,7.1418,7.1418,7.1418,7.1418,7.1418,7.1418,7.1418,7.1418,7.1418,7.1418,7.1418,7.1418,7.1418,7.1418,7.1418,7.1418,7.1418,7.1418,7.1418,7.1418,7.1418,7.1418,7.1418,7.1418,7.1418,7.1418,7.1418,7.1418,7.1418,7.1418,7.1418,7.1418,7.1418,7.1418,7.1418,7.1418,7.1418,7.1418,7.1418,7.1418,7.1418,7.1418,7.1418,7.1418,7.1418,7.1418,7.1418,7.1418,7.1418,7.1418,7.1418,7.1418,7.1418,7.1418,7.1418,7.1418,7.1418,7.1418,7.1418,7.1418,7.1418,7.1418,7.1418,7.1418,7.1418,7.1418,7.1418,7.1418,7.1418,7.1418,7.1418,7.1418,7.1418,7.1418,7.1418,7.1418,7.1418,7.1418,7.1418,7.1418,7.1418,7.1418,7.1418,7.1418,7.1418,7.1418,7.1418,7.1418,7.1418,7.1418,7.1418,7.1418,7.1418,7.1418,7.1418,7.1418,7.1418,7.1418,7.1418,7.1418,7.1418,7.1418,7.1418,7.1418,7.1418,7.1418,7.1418,7.1418,7.1418,7.1418,7.1418,7.1418,7.1418,7.1418,7.1418,7.1418,7.1418,7.1418,7.1418,7.1418,7.1418,7.1418,7.1418,7.1418,7.1418,7.1418,7.1418,7.1418,7.1418,7.1418,7.1418,7.1418,7.1418,7.1418,7.1418,7.1418,7.1418,7.1418,7.1418,7.1418,7.1418,7.1418,7.1418,7.1418,7.1418,7.1418,7.1418,7.1418,7.1418,7.1418,7.1418,7.1418,7.1418,7.1418,7.1418,7.1418,7.1418,7.1418,7.1418,7.1418,7.1418,7.1418,7.1418,7.1418,7.1418,7.1418,7.1418,7.1418,7.1418,7.1418,7.1418,7.1418,7.1418,7.1418,7.1418,7.1418,7.1418,7.1418,7.1418,7.1418,7.1418,7.1418,7.1418,7.1418,7.1418,7.1418,7.1418,7.1418,7.1418,7.1418,7.1418,7.1418,7.1418,7.1418,7.1418,7.1418,7.1418,7.1418,7.1418,7.1418,7.1418,7.1418,7.1418,7.1418,7.1418,7.1418,7.1418,7.1418,7.1418,7.1418,7.1418,7.1418,7.1418,7.1418,7.1418,7.1418,7.1418,7.1418,7.1418,7.1418,7.1418,7.1418,7.1418,7.1418,7.1418,7.1418,7.1418,7.1418,7.1418,7.1418,7.1418,7.1418,7.1418,7.1418,7.1418,7.1418,7.1418,7.1418,7.1418,7.1418,7.1418,7.1418,7.1418,7.1418,7.1418,7.1418,7.1418,7.1418,7.1418,7.1418,7.1418,7.1418,7.1418,7.1418,7.1418,7.1418,7.1418,7.1418,7.1418,7.1418,7.1418,7.1418,7.1418,7.1418,7.1418,7.1418,7.1418,7.1418,7.1418,7.1418,7.1418,7.1418,7.1418,7.1418,7.1418,7.1418,7.1418,7.1418,7.1418,7.1418,7.1418,7.1418,7.1418,7.1418,7.1418,7.1418,7.1418,7.1418,7.1418,7.1418,7.1418,7.1418,7.1418,7.1418,7.1418,7.1418,7.1418,7.1418,7.1418,7.1418,7.1418,7.1418,7.1418,7.1418,7.1418,7.1418,7.1418,7.1418,7.1418,7.1418,7.1418,7.1418,7.1418,7.1418,7.1418,7.1418,7.1418,7.1418,7.1418,7.1418,7.1418,7.1418,7.1418,6.0731,6.0391,6.0060,5.9731,5.9408,5.9349,5.9292,5.9234,5.9175,5.9119,5.9061,5.9003,5.8947,5.8887,5.8829,5.8770,5.8712,5.8655,5.8595,5.8538,5.8479,5.8422,5.8404,5.8392,5.8379,5.8367,5.8355,5.8343,5.8331,5.8319,5.8306,5.8292,5.8280,5.8268,5.8254,5.8242,5.8230,5.8218,5.8203,5.8191,5.8179,5.8167,5.8153,5.8141,5.8129,5.8117,5.8109,5.8127,5.8147,5.8167,5.8187,5.8207,5.8228,5.8248,5.8268,5.8288,5.8306,5.8327,5.8347,5.8369,5.8388,5.8410,5.8428,5.8448,5.8469,5.8489,5.8510,5.8530,5.8550,5.8571,5.8599,5.8673,5.8747,5.8821,5.8895,5.8970,5.9044,5.9119,5.9194,5.9272,5.9347,5.9425,5.9500,5.9579,5.9655,5.9733,6.0879,6.6175,6.6170,6.6160,6.6149,6.6142,6.6134,6.6121,6.6116,6.6108,6.6100,6.6084,6.6077,6.6069,6.6066,6.6051,6.6043,6.6035,6.6030,6.6022,6.6014,6.6009,6.6027,6.6048,6.6061,6.6079,6.6097,6.6123,6.6147,6.6170,6.6194,6.6222,6.6246,6.6269,6.6283,6.6306,6.6317,6.6340,6.6358,6.6369,6.6393,6.6408,6.6427,6.6437,6.6456,6.6471,6.6487,6.6519,6.6577,6.6635,6.6693,6.6746,6.6813,6.6866,6.6924,6.6983,6.7047,6.7106,6.7165,6.7224,6.7281,6.7340,6.7408,6.7462,6.7530,6.7590,6.7737,6.7997,6.8263,6.8539,6.8814,7.1418,7.1418,7.1418,7.1418,7.1418,7.1418,7.1418,7.1418,7.1418,7.1418,7.1418,7.1418,7.1418,7.1418,7.1418,7.1418,7.1418,7.1418,7.1418,7.1418,7.1418,7.1418,7.1418,7.1418,7.1418,7.1418,7.1418,7.1418,7.1418,7.1418,7.1418,7.1418,7.1418,7.1418,7.1418,7.1418,7.1418,7.1418,7.1418,7.1418,7.1418,7.1418,7.1418,7.1418,7.1418,7.1418,7.1418,7.1418,7.1418,7.1418,7.1418,7.1418,7.1418,7.1418,7.1418,7.1418,7.1418,7.1418,7.1418,7.1418,7.1418,7.1418,7.1418,7.1418,7.1418,7.1418,7.1418,7.1418,7.1418,7.1418,7.1418,7.1418,7.1418,7.1418,7.1418,7.1418,7.1418,7.1418,7.1418,7.1418,7.1418,7.1418,7.1418,7.1418,7.1418,7.1418,7.1418,7.1418,7.1418,7.1418,7.1418,7.1418,7.1418,7.1418,7.1418,7.1418,7.1418,7.1418,7.1418,7.1418,7.1418,7.1418,7.1418,7.1418,7.1418,7.1418,7.1418,7.1418,7.1418,7.1418,7.1418,7.1418,7.1418,7.1418,7.1418,7.1418,7.1418,7.1418,7.1418,7.1418,7.1418,7.1418,7.1418,7.1418,7.1418,7.1418,7.1418,7.1418,7.1418,7.1418,7.1418,7.1418,7.1418,7.1418,7.1418,7.1418,7.1418,7.1418,7.1418,7.1418,7.1418,7.1418,7.1418,7.1418,7.1418,7.1418,7.1418,7.1418,7.1418,7.1418,7.1418,7.1418,7.1418,7.1418,7.1418,7.1418,7.1418,7.1418,7.1418,7.1418,7.1418,7.1418,7.1418,7.1418,7.1418,7.1418,7.1418,7.1418,7.1418,7.1418,7.1418,7.1418,7.1418,7.1418,7.1418,7.1418,7.1418,7.1418,7.1418,7.1418,7.1418,7.1418,7.1418,7.1418,7.1418,7.1418,7.1418,7.1418,7.1418,7.1418,7.1418,7.1418,7.1418,7.1418,7.1418,7.1418,7.1418,7.1418,7.1418,7.1418,7.1418,7.1418,7.1418,7.1418,7.1418,7.1418,7.1418,7.1418,7.1418,7.1418,7.1418,7.1418,7.1418,7.1418,7.1418,7.1418,7.1418,7.1418,7.1418,7.1418,7.1418,7.1418,7.1418,7.1418,7.1418,7.1418,7.1418,7.1418,7.1418,7.1418,7.1418,7.1418,7.1418,7.1418,7.1418,7.1418,7.1418,7.1418,7.1418,7.1418,7.1418,7.1418,7.1418,7.1418,7.1418,7.1418,7.1418,7.1418,7.1418,7.1418,7.1418,7.1418,7.1418,7.1418,7.1418,7.1418,7.1418,7.1418,7.1418,7.1418,7.1418,7.1418,7.1418,7.1418,7.1418,7.1418,7.1418,7.1418,7.1418,7.1418,7.1418,7.1418,7.1418,7.1418,7.1418,7.1418,7.1418,7.1418,7.1418,7.1418,7.1418,7.1418,7.1418,7.1418,7.1418,7.1418,7.1418,7.1418,7.1418,7.1418,7.1418,7.1418,7.1418,7.1418,7.1418,7.1418,7.1418,7.1418,7.1418,7.1418,7.1418,7.1418,7.1418,7.1418,7.1418,7.1418,7.1418,7.1418,7.1418,7.1418,7.1418,7.1418,7.1418,7.1418,7.1418,7.1418,7.1418,7.1418,7.1418,7.1418,7.1418,7.1418,7.1418,7.1418,7.1418,7.1418,7.1418,7.1418,7.1418,7.1418,7.1418,7.1418,7.1418,7.1418,7.1418,7.1418,7.1418,7.1418,7.1418,7.1418,7.1418,7.1418,7.1418,7.1418,7.1418,7.1418,7.1418,7.1418,7.1418,7.1418,7.1418,7.1418,7.1418,7.1418,7.1418,7.1418,7.1418,7.1418,7.1418,7.1418,7.1418,7.1418,7.1418,7.1418,7.1418,7.1418,7.1418,7.1418,7.1418,7.1418,7.1418,7.1418,7.1418,7.1418,7.1418,7.1418,7.1418,7.1418,7.1418,7.1418,7.1418,7.1418,7.1418,7.1418,7.1418,7.1418,7.1418,7.1418,7.1418,7.1418,7.1418,7.1418,7.1418,7.1418,7.1418,7.1418,7.1418,7.1418,7.1418,7.1418,7.1418,7.1418,7.1418,7.1418,7.1418,7.1418,7.1418,7.1418,7.1418,7.1418,7.1412,7.1412,7.1412,7.1412,7.1412,7.1412,7.1412,7.1412,7.1412,7.1412
7.1355,7.1355,7.1355,7.1355,7.1355,7.1355,7.1355,7.1355,7.1355,7.1355,7.1355,7.1355,7.1355,7.1355,7.1355,7.1355,7.1355,7.1355,7.1355,7.1355,7.1355,7.1355,7.1355,7.1355,7.1355,7.1355,7.1355,7.1355,7.1355,7.1355,7.1355,7.1355,7.1355,7.1355,7.1355,7.1355,7.1355,7.1355,7.1355,7.1355,7.1355,7.1355,7.1355,7.1355,7.1355,7.1355,7.1355,7.1355,7.1355,7.1355,7.1355,7.1355,7.1355,7.1355,7.1355,7.1355,7.1355,7.1355,7.1355,7.1355,7.1355,7.1355,7.1355,7.1355,7.1355,7.1355,7.1355,7.1355,7.1355,7.1355,7.1355,7.1355,7.1355,7.1355,7.1355,7.1355,7.1355,7.1355,7.1355,7.1355,7.1355,7.1355,7.1355,7.1355,7.1355,7.1355,7.1355,7.1355,7.1355,7.1355,7.1355,7.1355,7.1355,7.1355,7.1355,7.1355,7.1355,7.1355,7.1355,7.1355,7.1355,7.1355,7.1355,7.1355,7.1355,7.1355,7.1355,7.1355,7.1355,7.1355,7.1355,7.1355,7.1355,7.1355,7.1355,7.1355,7.1355,7.1355,7.1355,7.1355,7.1355,7.1355,7.1355,7.1355,7.1355,7.1355,7.1355,7.1355,7.1355,7.1355,7.1355,7.1355,7.1355,7.1355,7.1355,7.1355,7.1355,7.1355,7.1355,7.1355,7.1355,7.1355,7.1355,7.1355,7.1355,7.1355,7.1355,7.1355,7.1355,7.1355,7.1355,7.1355,7.1355,7.1355,7.1355,7.1355,7.1355,7.1355,7.1355,7.1355,7.1355,7.1355,7.1355,7.1355,7.1355,7.1355,7.1355,7.1355,7.1355,7.1355,7.1355,7.1355,7.1355,7.1355,7.1355,7.1355,7.1355,7.1355,7.1355,7.1355,7.1355,7.1355,7.1355,7.1355,7.1355,7.1355,7.1355,7.1355,7.1355,7.1355,7.1355,7.1355,7.1355,7.1355,7.1355,7.1355,7.1355,7.1355,7.1355,7.1355,7.1355,7.1355,7.1355,7.1355,7.1355,7.1355,7.1355,7.1355,7.1355,7.1355,7.1355,7.1355,7.1355,7.1355,7.1355,7.1355,7.1355,7.1355,7.1355,7.1355,7.1355,7.1355,7.1355,7.1355,7.1355,7.1355,7.1355,7.1355,7.1355,7.1355,7.1355,7.1355,7.1355,7.1355,7.1355,7.1355,7.1355,7.1355,7.1355,7.1355,7.1355,7.1355,7.1355,7.1355,7.1355,7.1355,7.1355,7.1355,7.1355,7.1355,7.1355,7.1355,7.1355,7.1355,7.1355,7.1355,7.1355,7.1355,7.1355,7.1355,7.1355,7.1355,7.1355,7.1355,7.1355,7.1355,7.1355,7.1355,7.1355,7.1355,7.1355,7.1355,7.1355,7.1355,7.1355,7.1355,7.1355,7.1355,7.1355,7.1355,7.1355,7.1355,7.1355,7.1355,7.1355,7.1355,7.1355,7.1355,7.1355,7.1355,7.1355,7.1355,7.1355,7.1355,7.1355,7.1355,7.1355,7.1355,7.1355,7.1355,7.1355,7.1355,7.1355,7.1355,7.1355,7.1355,7.1355,7.1355,7.1355,7.1355,7.1355,7.1355,7.1355,7.1355,7.1355,7.1355,7.1355,7.1355,7.1355,7.1355,7.1355,7.1355,7.1355,7.1355,7.1355,7.1355,7.1355,7.1355,7.1355,7.1355,7.1355,7.1355,7.1355,7.1355,7.1355,7.1355,7.1355,7.1355,7.1355,7.1355,7.1355,7.1355,7.1355,7.1355,7.1355,7.1355,7.1355,7.1355,7.1355,7.1355,7.1355,7.1355,7.1355,7.1355,7.1355,7.1355,7.1355,7.1355,7.1355,7.1355,7.1355,7.1355,7.1355,7.1355,7.1355,7.1355,7.1355,7.1355,7.1355,7.1355,7.1355,7.1355,7.1355,7.1355,7.1355,7.1355,7.1355,7.1355,7.1355,7.1355,7.1355,7.1355,7.1355,6.0692,6.0351,6.0021,5.9697,5.9408,5.9351,5.9292,5.9234,5.9178,5.9119,5.9061,5.9005,5.8947,5.8889,5.8831,5.8772,5.8714,5.8657,5.8597,5.8540,5.8481,5.8424,5.8412,5.8400,5.8388,5.8375,5.8365,5.8349,5.8337,5.8325,5.8313,5.8300,5.8288,5.8274,5.8262,5.8250,5.8238,5.8224,5.8211,5.8199,5.8187,5.8173,5.8161,5.8149,5.8137,5.8125,5.8119,5.8139,5.8159,5.8179,5.8199,5.8218,5.8238,5.8258,5.8278,5.8298,5.8319,5.8341,5.8361,5.8381,5.8400,5.8420,5.8440,5.8461,5.8481,5.8501,5.8522,5.8542,5.8563,5.8583,5.8618,5.8692,5.8765,5.8840,5.8914,5.8988,5.9063,5.9138,5.9213,5.9288,5.9364,5.9441,5.9517,5.9593,5.9670,6.0062,6.6136,6.6123,6.6116,6.6110,6.6103,6.6090,6.6084,6.6077,6.6064,6.6056,6.6051,6.6038,6.6035,6.6022,6.6012,6.6009,6.5996,6.5991,6.5978,6.5970,6.5962,6.5980,6.5999,6.6012,6.6030,6.6053,6.6074,6.6090,6.6118,6.6142,6.6168,6.6191,6.6215,6.6238,6.6262,6.6285,6.6298,6.6322,6.6338,6.6356,6.6366,6.6390,6.6403,6.6419,6.6440,6.6456,6.6469,6.6521,6.6574,6.6638,6.6693,6.6751,6.6810,6.6868,6.6932,6.6986,6.7050,6.7109,6.7165,6.7230,6.7284,6.7348,6.7411,6.7465,6.7533,6.7592,6.7833,6.8099,6.8357,6.8634,6.8918,7.1355,7.1355,7.1355,7.1355,7.1355,7.1355,7.1355,7.1355,7.1355,7.1355,7.1355,7.1355,7.1355,7.1355,7.1355,7.1355,7.1355,7.1355,7.1355,7.1355,7.1355,7.1355,7.1355,7.1355,7.1355,7.1355,7.1355,7.1355,7.1355,7.1355,7.1355,7.1355,7.1355,7.1355,7.1355,7.1355,7.1355,7.1355,7.1355,7.1355,7.1355,7.1355,7.1355,7.1355,7.1355,7.1355,7.1355,7.1355,7.1355,7.1355,7.1355,7.1355,7.1355,7.1355,7.1355,7.1355,7.1355,7.1355,7.1355,7.1355,7.1355,7.1355,7.1355,7.1355,7.1355,7.1355,7.1355,7.1355,7.1355,7.1355,7.1355,7.1355,7.1355,7.1355,7.1355,7.1355,7.1355,7.1355,7.1355,7.1355,7.1355,7.1355,7.1355,7.1355,7.1355,7.1355,7.1355,7.1355,7.1355,7.1355,7.1355,7.1355,7.1355,7.1355,7.1355,7.1355,7.1355,7.1355,7.1355,7.1355,7.1355,7.1355,7.1355,7.1355,7.1355,7.1355,7.1355,7.1355,7.1355,7.1355,7.1355,7.1355,7.1355,7.1355,7.1355,7.1355,7.1355,7.1355,7.1355,7.1355,7.1355,7.1355,7.1355,7.1355,7.1355,7.1355,7.1355,7.1355,7.1355,7.1355,7.1355,7.1355,7.1355,7.1355,7.1355,7.1355,7.1355,7.1355,7.1355,7.1355,7.1355,7.1355,7.1355,7.1355,7.1355,7.1355,7.1355,7.1355,7.1355,7.1355,7.1355,7.1355,7.1355,7.1355,7.1355,7.1355,7.1355,7.1355,7.1355,7.1355,7.1355,7.1355,7.1355,7.1355,7.1355,7.1355,7.1355,7.1355,7.1355,7.1355,7.1355,7.1355,7.1355,7.1355,7.1355,7.1355,7.1355,7.1355,7.1355,7.1355,7.1355,7.1355,7.1355,7.1355,7.1355,7.1355,7.1355,7.1355,7.1355,7.1355,7.1355,7.1355,7.1355,7.1355,7.1355,7.1355,7.1355,7.1355,7.1355,7.1355,7.1355,7.1355,7.1355,7.1355,7.1355,7.1355,7.1355,7.1355,7.1355,7.1355,7.1355,7.1355,7.1355,7.1355,7.1355,7.1355,7.1355,7.1355,7.1355,7.1355,7.1355,7.1355,7.1355,7.1355,7.1355,7.1355,7.1355,7.1355,7.1355,7.1355,7.1355,7.1355,7.1355,7.1355,7.1355,7.1355,7.1355,7.1355,7.1355,7.1355,7.1355,7.1355,7.1355,7.1355,7.1355,7.1355,7.1355,7.1355,7.1355,7.1355,7.1355,7.1355,7.1355,7.1355,7.1355,7.1355,7.1355,7.1355,7.1355,7.1355,7.1355,7.1355,7.1355,7.1355,7.1355,7.1355,7.1355,7.1355,7.1355,7.1355,7.1355,7.1355,7.1355,7.1355,7.1355,7.1355,7.1355,7.1355,7.1355,7.1355,7.1355,7.1355,7.1355,7.1355,7.1355,7.1355,7.1355,7.1355,7.1355,7.1355,7.1355,7.1355,7.1355,7.1355,7.1355,7.1355,7.1355,7.1355,7.1355,7.1355,7.1355,7.1355,7.1355,7.1355,7.1355,7.1355,7.1355,7.1355,7.1355,7.1355,7.1355,7.1355,7.1355,7.1355,7.1355,7.1355,7.1355,7.1355,7.1355,7.1355,7.1355,7.1355,7.1355,7.1355,7.1355,7.1355,7.1355,7.1355,7.1355,7.1355,7.1355,7.1355,7.1355,7.1355,7.1355,7.1355,7.1355,7.1355,7.1355,7.1355,7.1355,7.1355,7.1355,7.1355,7.1355,7.1355,7.1355,7.1355,7.1355,7.1355,7.1355,7.1355,7.1355,7.1355,7.1355,7.1355,7.1355,7.1355,7.1355,7.1355,7.1355,7.1355,7.1355,7.1355,7.1355,7.1355,7.1355,7.1355,7.1355,7.1355,7.1355,7.1355,7.1355,7.1355,7.1355,7.1355,7.1355,7.1355,7.1355,7.1355,7.1355,7.1355,7.1355,7.1355,7.1355,7.1355,7.1355,7.1355,7.1355,7.1355,7.1355,7.1355,7.1355,7.1355,7.1355,7.1355,7.1355,7.1355,7.1355,7.1355,7.1355,7.1355,7.1355,7.1355,7.1355,7.1355,7.1355,7.1355,7.1355,7.1355,7.1355,7.1355,7.1355,7.1355,7.1355,7.1355,7.1355,7.1355,7.1355,7.1355
7.1297,7.1297,7.1297,7.1297,7.1297,7.1297,7.1297,7.1297,7.1297,7.1297,7.1297,7.1297,7.1297,7.1297,7.1297,7.1297,7.1297,7.1297,7.1297,7.1297,7.1297,7.1297,7.1297,7.1297,7.1297,7.1297,7.1297,7.1297,7.1297,7.1297,7.1297,7.1297,7.1297,7.1297,7.1297,7.1297,7.1297,7.1297,7.1297,7.1297,7.1297,7.1297,7.1297,7.1297,7.1297,7.1297,7.1297,7.1297,7.1297,7.1297,7.1297,7.1297,7.1297,7.1297,7.1297,7.1297,7.1297,7.1297,7.1297,7.1297,7.1297,7.1297,7.1297,7.1297,7.1297,7.1297,7.1297,7.1297,7.1297,7.1297,7.1297,7.1297,7.1297,7.1297,7.1297,7.1297,7.1297,7.1297,7.1297,7.1297,7.1297,7.1297,7.1297,7.1297,7.1297,7.1297,7.1297,7.1297,7.1297,7.1297,7.1297,7.1297,7.1297,7.1297,7.1297,7.1297,7.1297,7.1297,7.1297,7.1297,7.1297,7.1297,7.1297,7.1297,7.1297,7.1297,7.1297,7.1297,7.1297,7.1297,7.1297,7.1297,7.1297,7.1297,7.1297,7.1297,7.1297,7.1297,7.1297,7.1297,7.1297,7.1297,7.1297,7.1297,7.1297,7.1297,7.1297,7.1297,7.1297,7.1297,7.1297,7.1297,7.1297,7.1297,7.1297,7.1297,7.1297,7.1297,7.1297,7.1297,7.1297,7.1297,7.1297,7.1297,7.1297,7.1297,7.1297,7.1297,7.1297,7.1297,7.1297,7.1297,7.1297,7.1297,7.1297,7.1297,7.1297,7.1297,7.1297,7.1297,7.1297,7.1297,7.1297,7.1297,7.1297,7.1297,7.1297,7.1297,7.1297,7.1297,7.1297,7.1297,7.1297,7.1297,7.1297,7.1297,7.1297,7.1297,7.1297,7.1297,7.1297,7.1297,7.1297,7.1297,7.1297,7.1297,7.1297,7.1297,7.1297,7.1297,7.1297,7.1297,7.1297,7.1297,7.1297,7.1297,7.1297,7.1297,7.1297,7.1297,7.1297,7.1297,7.1297,7.1297,7.1297,7.1297,7.1297,7.1297,7.1297,7.1297,7.1297,7.1297,7.1297,7.1297,7.1297,7.1297,7.1297,7.1297,7.1297,7.1297,7.1297,7.1297,7.1297,7.1297,7.1297,7.1297,7.1297,7.1297,7.1297,7.1297,7.1297,7.1297,7.1297,7.1297,7.1297,7.1297,7.1297,7.1297,7.1297,7.1297,7.1297,7.1297,7.1297,7.1297,7.1297,7.1297,7.1297,7.1297,7.1297,7.1297,7.1297,7.1297,7.1297,7.1297,7.1297,7.1297,7.1297,7.1297,7.1297,7.1297,7.1297,7.1297,7.1297,7.1297,7.1297,7.1297,7.1297,7.1297,7.1297,7.1297,7.1297,7.1297,7.1297,7.1297,7.1297,7.1297,7.1297,7.1297,7.1297,7.1297,7.1297,7.1297,7.1297,7.1297,7.1297,7.1297,7.1297,7.1297,7.1297,7.1297,7.1297,7.1297,7.1297,7.1297,7.1297,7.1297,7.1297,7.1297,7.1297,7.1297,7.1297,7.1297,7.1297,7.1297,7.1297,7.1297,7.1297,7.1297,7.1297,7.1297,7.1297,7.1297,7.1297,7.1297,7.1297,7.1297,7.1297,7.1297,7.1297,7.1297,7.1297,7.1297,7.1297,7.1297,7.1297,7.1297,7.1297,7.1297,7.1297,7.1297,7.1297,7.1297,7.1297,7.1297,7.1297,7.1297,7.1297,7.1297,7.1297,7.1297,7.1297,7.1297,7.1297,7.1297,7.1297,7.1297,7.1297,7.1297,7.1297,7.1297,7.1297,7.1297,7.1297,7.1297,7.1297,7.1297,7.1297,7.1297,7.1297,7.1297,7.1297,7.1297,7.1297,7.1297,7.1297,7.1297,7.1297,7.1297,7.1297,7.1297,7.1297,7.1297,7.1297,7.1297,7.1297,7.1297,7.1297,7.1297,7.1297,7.1297,7.1297,7.1297,7.1297,6.0650,6.0310,5.9985,5.9663,5.9410,5.9351,5.9292,5.9236,5.9178,5.9119,5.9063,5.9005,5.8947,5.8889,5.8833,5.8774,5.8716,5.8657,5.8599,5.8542,5.8483,5.8430,5.8418,5.8408,5.8394,5.8381,5.8369,5.8357,5.8345,5.8333,5.8321,5.8308,5.8294,5.8282,5.8270,5.8258,5.8244,5.8232,5.8220,5.8207,5.8193,5.8181,5.8169,5.8157,5.8143,5.8131,5.8131,5.8151,5.8171,5.8189,5.8209,5.8230,5.8250,5.8270,5.8290,5.8310,5.8331,5.8351,5.8373,5.8392,5.8412,5.8432,5.8451,5.8471,5.8491,5.8512,5.8532,5.8552,5.8573,5.8593,5.8636,5.8710,5.8784,5.8858,5.8933,5.9007,5.9082,5.9157,5.9232,5.9307,5.9383,5.9458,5.9534,5.9612,5.9689,6.0254,6.6084,6.6077,6.6071,6.6064,6.6051,6.6040,6.6038,6.6030,6.6022,6.6012,6.6004,6.5991,6.5983,6.5978,6.5970,6.5962,6.5952,6.5939,6.5931,6.5929,6.5926,6.5949,6.5962,6.5983,6.6001,6.6019,6.6043,6.6058,6.6082,6.6110,6.6134,6.6157,6.6183,6.6207,6.6225,6.6249,6.6272,6.6301,6.6319,6.6335,6.6353,6.6366,6.6382,6.6400,6.6421,6.6432,6.6466,6.6524,6.6582,6.6643,6.6701,6.6754,6.6818,6.6871,6.6935,6.6994,6.7053,6.7109,6.7173,6.7227,6.7286,6.7346,6.7413,6.7473,6.7530,6.7674,6.7929,6.8188,6.8455,6.8732,6.9017,7.1297,7.1297,7.1297,7.1297,7.1297,7.1297,7.1297,7.1297,7.1297,7.1297,7.1297,7.1297,7.1297,7.1297,7.1297,7.1297,7.1297,7.1297,7.1297,7.1297,7.1297,7.1297,7.1297,7.1297,7.1297,7.1297,7.1297,7.1297,7.1297,7.1297,7.1297,7.1297,7.1297,7.1297,7.1297,7.1297,7.1297,7.1297,7.1297,7.1297,7.1297,7.1297,7.1297,7.1297,7.1297,7.1297,7.1297,7.1297,7.1297,7.1297,7.1297,7.1297,7.1297,7.1297,7.1297,7.1297,7.1297,7.1297,7.1297,7.1297,7.1297,7.1297,7.1297,7.1297,7.1297,7.1297,7.1297,7.1297,7.1297,7.1297,7.1297,7.1297,7.1297,7.1297,7.1297,7.1297,7.1297,7.1297,7.1297,7.1297,7.1297,7.1297,7.1297,7.1297,7.1297,7.1297,7.1297,7.1297,7.1297,7.1297,7.1297,7.1297,7.1297,7.1297,7.1297,7.1297,7.1297,7.1297,7.1297,7.1297,7.1297,7.1297,7.1297,7.1297,7.1297,7.1297,7.1297,7.1297,7.1297,7.1297,7.1297,7.1297,7.1297,7.1297,7.1297,7.1297,7.1297,7.1297,7.1297,7.1297,7.1297,7.1297,7.1297,7.1297,7.1297,7.1297,7.1297,7.1297,7.1297,7.1297,7.1297,7.1297,7.1297,7.1297,7.1297,7.1297,7.1297,7.1297,7.1297,7.1297,7.1297,7.1297,7.1297,7.1297,7.1297,7.1297,7.1297,7.1297,7.1297,7.1297,7.1297,7.1297,7.1297,7.1297,7.1297,7.1297,7.1297,7.1297,7.1297,7.1297,7.1297,7.1297,7.1297,7.1297,7.1297,7.1297,7.1297,7.1297,7.1297,7.1297,7.1297,7.1297,7.1297,7.1297,7.1297,7.1297,7.1297,7.1297,7.1297,7.1297,7.1297,7.1297,7.1297,7.1297,7.1297,7.1297,7.1297,7.1297,7.1297,7.1297,7.1297,7.1297,7.1297,7.1297,7.1297,7.1297,7.1297,7.1297,7.1297,7.1297,7.1297,7.1297,7.1297,7.1297,7.1297,7.1297,7.1297,7.1297,7.1297,7.1297,7.1297,7.1297,7.1297,7.1297,7.1297,7.1297,7.1297,7.1297,7.1297,7.1297,7.1297,7.1297,7.1297,7.1297,7.1297,7.1297,7.1297,7.1297,7.1297,7.1297,7.1297,7.1297,7.1297,7.1297,7.1297,7.1297,7.1297,7.1297,7.1297,7.1297,7.1297,7.1297,7.1297,7.1297,7.1297,7.1297,7.1297,7.1297,7.1297,7.1297,7.1297,7.1297,7.1297,7.1297,7.1297,7.1297,7.1297,7.1297,7.1297,7.1297,7.1297,7.1297,7.1297,7.1297,7.1297,7.1297,7.1297,7.1297,7.1297,7.1297,7.1297,7.1297,7.1297,7.1297,7.1297,7.1297,7.1297,7.1297,7.1297,7.1297,7.1297,7.1297,7.1297,7.1297,7.1297,7.1297,7.1297,7.1297,7.1297,7.1297,7.1297,7.1297,7.1297,7.1297,7.1297,7.1297,7.1297,7.1297,7.1297,7.1297,7.1297,7.1297,7.1297,7.1297,7.1297,7.1297,7.1297,7.1297,7.1297,7.1297,7.1297,7.1297,7.1297,7.1297,7.1297,7.1297,7.1297,7.1297,7.1297,7.1297,7.1297,7.1297,7.1297,7.1297,7.1297,7.1297,7.1297,7.1297,7.1297,7.1297,7.1297,7.1297,7.1297,7.1297,7.1297,7.1297,7.1297,7.1297,7.1297,7.1297,7.1297,7.1297,7.1297,7.1297,7.1297,7.1297,7.1297,7.1297,7.1297,7.1297,7.1297,7.1297,7.1297,7.1297,7.1297,7.1297,7.1297,7.1297,7.1297,7.1297,7.1297,7.1297,7.1297,7.1297,7.1297,7.1297,7.1297,7.1297,7.1297,7.1297,7.1297,7.1297,7.1297,7.1297,7.1297,7.1297,7.1297,7.1297,7.1297,7.1297,7.1297,7.1297,7.1297,7.1297,7.1297,7.1297,7.1297,7.1297,7.1297,7.1297,7.1297,7.1297,7.1297,7.1297,7.1297,7.1297,7.1297,7.1303,7.1303,7.1303,7.1303,7.1303,7.1303,7.1303,7.1303,7.1303,7.1303,7.1303,7.1303,7.1303,7.1303,7.1303,7.1303,7.1303,7.1303,7.1303,7.1303,7.1303,7.1303,7.1303
7.1246,7.1246,7.1246,7.1246,7.1246,7.1246,7.1246,7.1246,7.1246,7.1246,7.1246,7.1246,7.1246,7.1246,7.1246,7.1246,7.1246,7.1246,7.1246,7.1246,7.1246,7.1246,7.1246,7.1246,7.1246,7.1246,7.1246,7.1246,7.1246,7.1246,7.1246,7.1246,7.1246,7.1246,7.1246,7.1246,7.1246,7.1246,7.1246,7.1246,7.1246,7.1246,7.1246,7.1246,7.1246,7.1246,7.1246,7.1246,7.1246,7.1246,7.1246,7.1246,7.1246,7.1246,7.1246,7.1246,7.1246,7.1246,7.1246,7.1246,7.1246,7.1246,7.1246,7.1246,7.1246,7.1246,7.1246,7.1246,7.1246,7.1246,7.1246,7.1246,7.1246,7.1246,7.1246,7.1246,7.1246,7.1246,7.1246,7.1246,7.1246,7.1246,7.1246,7.1246,7.1246,7.1246,7.1246,7.1246,7.1246,7.1246,7.1246,7.1246,7.1246,7.1246,7.1246,7.1246,7.1246,7.1246,7.1246,7.1246,7.1246,7.1246,7.1246,7.1246,7.1246,7.1246,7.1246,7.1246,7.1246,7.1246,7.1246,7.1246,7.1246,7.1246,7.1246,7.1246,7.1246,7.1246,7.1246,7.1246,7.1246,7.1246,7.1246,7.1246,7.1246,7.1246,7.1246,7.1246,7.1246,7.1246,7.1246,7.1246,7.1246,7.1246,7.1246,7.1246,7.1246,7.1246,7.1246,7.1246,7.1246,7.1246,7.1246,7.1246,7.1246,7.1246,7.1246,7.1246,7.1246,7.1246,7.1246,7.1246,7.1246,7.1246,7.1246,7.1246,7.1246,7.1246,7.1246,7.1246,7.1246,7.1246,7.1246,7.1246,7.1246,7.1246,7.1246,7.1246,7.1246,7.1246,7.1246,7.1246,7.1246,7.1246,7.1246,7.1246,7.1246,7.1246,7.1246,7.1246,7.1246,7.1246,7.1246,7.1246,7.1246,7.1246,7.1246,7.1246,7.1246,7.1246,7.1246,7.1246,7.1246,7.1246,7.1246,7.1246,7.1246,7.1246,7.1246,7.1246,7.1246,7.1246,7.1246,7.1246,7.1246,7.1246,7.1246,7.1246,7.1246,7.1246,7.1246,7.1246,7.1246,7.1246,7.1246,7.1246,7.1246,7.1246,7.1246,7.1246,7.1246,7.1246,7.1246,7.1246,7.1246,7.1246,7.1246,7.1246,7.1246,7.1246,7.1246,7.1246,7.1246,7.1246,7.1246,7.1246,7.1246,7.1246,7.1246,7.1246,7.1246,7.1246,7.1246,7.1246,7.1246,7.1246,7.1246,7.1246,7.1246,7.1246,7.1246,7.1246,7.1246,7.1246,7.1246,7.1246,7.1246,7.1246,7.1246,7.1246,7.1246,7.1246,7.1246,7.1246,7.1246,7.1246,7.1246,7.1246,7.1246,7.1246,7.1246,7.1246,7.1246,7.1246,7.1246,7.1246,7.1246,7.1246,7.1246,7.1246,7.1246,7.1246,7.1246,7.1246,7.1246,7.1246,7.1246,7.1246,7.1246,7.1246,7.1246,7.1246,7.1246,7.1246,7.1246,7.1246,7.1246,7.1246,7.1246,7.1246,7.1246,7.1246,7.1246,7.1246,7.1246,7.1246,7.1246,7.1246,7.1246,7.1246,7.1246,7.1246,7.1246,7.1246,7.1246,7.1246,7.1246,7.1246,7.1246,7.1246,7.1246,7.1246,7.1246,7.1246,7.1246,7.1246,7.1246,7.1246,7.1246,7.1246,7.1246,7.1246,7.1246,7.1246,7.1246,7.1246,7.1246,7.1246,7.1246,7.1246,7.1246,7.1246,7.1246,7.1246,7.1246,7.1246,7.1246,7.1246,7.1246,7.1246,7.1246,7.1246,7.1246,7.1246,7.1246,7.1246,7.1246,7.1246,7.1246,7.1246,7.1246,7.1246,7.1246,7.1246,7.1246,7.1246,7.1246,7.1246,7.1246,7.1246,7.1246,7.1246,7.1246,7.1246,7.1246,7.1246,7.1246,7.1246,7.1246,7.1246,7.1246,7.1246,7.1246,6.0608,6.0271,5.9949,5.9631,5.9410,5.9353,5.9295,5.9236,5.9178,5.9121,5.9063,5.9005,5.8949,5.8891,5.8833,5.8776,5.8718,5.8659,5.8601,5.8544,5.8485,5.8438,5.8426,5.8414,5.8402,5.8390,5.8377,5.8367,5.8353,5.8343,5.8331,5.8315,5.8302,5.8290,5.8278,5.8264,5.8252,5.8240,5.8228,5.8213,5.8201,5.8189,5.8177,5.8163,5.8151,5.8139,5.8143,5.8161,5.8181,5.8201,5.8222,5.8242,5.8262,5.8282,5.8300,5.8321,5.8341,5.8363,5.8383,5.8402,5.8422,5.8442,5.8463,5.8483,5.8503,5.8524,5.8544,5.8565,5.8585,5.8606,5.8655,5.8729,5.8803,5.8875,5.8949,5.9026,5.9101,5.9175,5.9251,5.9326,5.9402,5.9477,5.9553,5.9629,5.9706,6.0425,6.6038,6.6032,6.6025,6.6017,6.6006,6.5993,6.5991,6.5978,6.5967,6.5960,6.5957,6.5947,6.5934,6.5926,6.5923,6.5908,6.5900,6.5898,6.5885,6.5877,6.5903,6.5921,6.5934,6.5957,6.5970,6.5993,6.6014,6.6032,6.6051,6.6079,6.6097,6.6121,6.6149,6.6168,6.6194,6.6222,6.6246,6.6269,6.6288,6.6311,6.6330,6.6351,6.6364,6.6379,6.6398,6.6419,6.6469,6.6524,6.6587,6.6646,6.6704,6.6757,6.6815,6.6879,6.6932,6.6996,6.7053,6.7112,6.7171,6.7235,6.7289,6.7348,6.7413,6.7476,6.7533,6.7764,6.8025,6.8285,6.8558,6.8836,7.1246,7.1246,7.1246,7.1246,7.1246,7.1246,7.1246,7.1246,7.1246,7.1246,7.1246,7.1246,7.1246,7.1246,7.1246,7.1246,7.1246,7.1246,7.1246,7.1246,7.1246,7.1246,7.1246,7.1246,7.1246,7.1246,7.1246,7.1246,7.1246,7.1246,7.1246,7.1246,7.1246,7.1246,7.1246,7.1246,7.1246,7.1246,7.1246,7.1246,7.1246,7.1246,7.1246,7.1246,7.1246,7.1246,7.1246,7.1246,7.1246,7.1246,7.1246,7.1246,7.1246,7.1246,7.1246,7.1246,7.1246,7.1246,7.1246,7.1246,7.1246,7.1246,7.1246,7.1246,7.1246,7.1246,7.1246,7.1246,7.1246,7.1246,7.1246,7.1246,7.1246,7.1246,7.1246,7.1246,7.1246,7.1246,7.1246,7.1246,7.1246,7.1246,7.1246,7.1246,7.1246,7.1246,7.1246,7.1246,7.1246,7.1246,7.1246,7.1246,7.1246,7.1246,7.1246,7.1246,7.1246,7.1246,7.1246,7.1246,7.1246,7.1246,7.1246,7.1246,7.1246,7.1246,7.1246,7.1246,7.1246,7.1246,7.1246,7.1246,7.1246,7.1246,7.1246,7.1246,7.1246,7.1246,7.1246,7.1246,7.1246,7.1246,7.1246,7.1246,7.1246,7.1246,7.1246,7.1246,7.1246,7.1246,7.1246,7.1246,7.1246,7.1246,7.1246,7.1246,7.1246,7.1246,7.1246,7.1246,7.1246,7.1246,7.1246,7.1246,7.1246,7.1246,7.1246,7.1246,7.1246,7.1246,7.1246,7.1246,7.1246,7.1246,7.1246,7.1246,7.1246,7.1246,7.1246,7.1246,7.1246,7.1246,7.1246,7.1246,7.1246,7.1246,7.1246,7.1246,7.1246,7.1246,7.1246,7.1246,7.1246,7.1246,7.1246,7.1246,7.1246,7.1246,7.1246,7.1246,7.1246,7.1246,7.1246,7.1246,7.1246,7.1246,7.1246,7.1246,7.1246,7.1246,7.1246,7.1246,7.1246,7.1246,7.1246,7.1246,7.1246,7.1246,7.1246,7.1246,7.1246,7.1246,7.1246,7.1246,7.1246,7.1246,7.1246,7.1246,7.1246,7.1246,7.1246,7.1246,7.1246,7.1246,7.1246,7.1246,7.1246,7.1246,7.1246,7.1246,7.1246,7.1246,7.1246,7.1246,7.1246,7.1246,7.1246,7.1246,7.1246,7.1246,7.1246,7.1246,7.1246,7.1246,7.1246,7.1246,7.1246,7.1246,7.1246,7.1246,7.1246,7.1246,7.1246,7.1246,7.1246,7.1246,7.1246,7.1246,7.1246,7.1246,7.1246,7.1246,7.1246,7.1246,7.1246,7.1246,7.1246,7.1246,7.1246,7.1246,7.1246,7.1246,7.1246,7.1246,7.1246,7.1246,7.1246,7.1246,7.1246,7.1246,7.1246,7.1246,7.1246,7.1246,7.1246,7.1246,7.1246,7.1246,7.1246,7.1246,7.1246,7.1246,7.1246,7.1246,7.1246,7.1246,7.1246,7.1246,7.1246,7.1246,7.1246,7.1246,7.1246,7.1246,7.1246,7.1246,7.1246,7.1246,7.1246,7.1246,7.1246,7.1246,7.1246,7.1246,7.1246,7.1246,7.1246,7.1246,7.1246,7.1246,7.1246,7.1246,7.1246,7.1246,7.1246,7.1246,7.1246,7.1246,7.1246,7.1246,7.1246,7.1246,7.1246,7.1246,7.1246,7.1246,7.1246,7.1246,7.1246,7.1246,7.1246,7.1246,7.1246,7.1246,7.1246,7.1246,7.1246,7.1246,7.1246,7.1246,7.1246,7.1246,7.1246,7.1246,7.1246,7.1246,7.1246,7.1246,7.1246,7.1246,7.1246,7.1246,7.1246,7.1246,7.1246,7.1246,7.1246,7.1246,7.1246,7.1246,7.1246,7.1246,7.1246,7.1246,7.1246,7.1246,7.1246,7.1246,7.1246,7.1246,7.1246,7.1246,7.1246,7.1246,7.1246,7.1246,7.1246,7.1246,7.1246,7.1246,7.1246,7.1246,7.1246,7.1246,7.1246,7.1246,7.1246,7.1246,7.1246,7.1246,7.1246,7.1246,7.1246,7.1246,7.1246,7.1246,7.1246,7.1246,7.1246,7.1246,7.1246,7.1246,7.1246,7.1246,7.1246,7.1246,7.1246,7.1246,7.1246,7.1246,7.1246,7.1246,7.1246,7.1246,7.1246,7.1246,7.1246,7.1246,7.1246,7.1246,7.1246
7.1185,7.1185,7.1185,7.1185,7.1185,7.1185,7.1185,7.1185,7.1185,7.1185,7.1185,7.1185,7.1185,7.1185,7.1185,7.1185,7.1185,7.1185,7.1185,7.1185,7.1185,7.1185,7.1185,7.1185,7.1185,7.1185,7.1185,7.1185,7.1185,7.1185,7.1185,7.1185,7.1185,7.1185,7.1185,7.1185,7.1185,7.1185,7.1185,7.1185,7.1185,7.1185,7.1185,7.1185,7.1185,7.1185,7.1185,7.1185,7.1185,7.1185,7.1185,7.1185,7.1185,7.1185,7.1185,7.1185,7.1185,7.1185,7.1185,7.1185,7.1185,7.1185,7.1185,7.1185,7.1185,7.1185,7.1185,7.1185,7.1185,7.1185,7.1185,7.1185,7.1185,7.1185,7.1185,7.1185,7.1185,7.1185,7.1185,7.1185,7.1185,7.1185,7.1185,7.1185,7.1185,7.1185,7.1185,7.1185,7.1185,7.1185,7.1185,7.1185,7.1185,7.1185,7.1185,7.1185,7.1185,7.1185,7.1185,7.1185,7.1185,7.1185,7.1185,7.1185,7.1185,7.1185,7.1185,7.1185,7.1185,7.1185,7.1185,7.1185,7.1185,7.1185,7.1185,7.1185,7.1185,7.1185,7.1185,7.1185,7.1185,7.1185,7.1185,7.1185,7.1185,7.1185,7.1185,7.1185,7.1185,7.1185,7.1185,7.1185,7.1185,7.1185,7.1185,7.1185,7.1185,7.1185,7.1185,7.1185,7.1185,7.1185,7.1185,7.1185,7.1185,7.1185,7.1185,7.1185,7.1185,7.1185,7.1185,7.1185,7.1185,7.1185,7.1185,7.1185,7.1185,7.1185,7.1185,7.1185,7.1185,7.1185,7.1185,7.1185,7.1185,7.1185,7.1185,7.1185,7.1185,7.1185,7.1185,7.1185,7.1185,7.1185,7.1185,7.1185,7.1185,7.1185,7.1185,7.1185,7.1185,7.1185,7.1185,7.1185,7.1185,7.1185,7.1185,7.1185,7.1185,7.1185,7.1185,7.1185,7.1185,7.1185,7.1185,7.1185,7.1185,7.1185,7.1185,7.1185,7.1185,7.1185,7.1185,7.1185,7.1185,7.1185,7.1185,7.1185,7.1185,7.1185,7.1185,7.1185,7.1185,7.1185,7.1185,7.1185,7.1185,7.1185,7.1185,7.1185,7.1185,7.1185,7.1185,7.1185,7.1185,7.1185,7.1185,7.1185,7.1185,7.1185,7.1185,7.1185,7.1185,7.1185,7.1185,7.1185,7.1185,7.1185,7.1185,7.1185,7.1185,7.1185,7.1185,7.1185,7.1185,7.1185,7.1185,7.1185,7.1185,7.1185,7.1185,7.1185,7.1185,7.1185,7.1185,7.1185,7.1185,7.1185,7.1185,7.1185,7.1185,7.1185,7.1185,7.1185,7.1185,7.1185,7.1185,7.1185,7.1185,7.1185,7.1185,7.1185,7.1185,7.1185,7.1185,7.1185,7.1185,7.1185,7.1185,7.1185,7.1185,7.1185,7.1185,7.1185,7.1185,7.1185,7.1185,7.1185,7.1185,7.1185,7.1185,7.1185,7.1185,7.1185,7.1185,7.1185,7.1185,7.1185,7.1185,7.1185,7.1185,7.1185,7.1185,7.1185,7.1185,7.1185,7.1185,7.1185,7.1185,7.1185,7.1185,7.1185,7.1185,7.1185,7.1185,7.1185,7.1185,7.1185,7.1185,7.1185,7.1185,7.1185,7.1185,7.1185,7.1185,7.1185,7.1185,7.1185,7.1185,7.1185,7.1185,7.1185,7.1185,7.1185,7.1185,7.1185,7.1185,7.1185,7.1185,7.1185,7.1185,7.1185,7.1185,7.1185,7.1185,7.1185,7.1185,7.1185,7.1185,7.1185,7.1185,7.1185,7.1185,7.1185,7.1185,7.1185,7.1185,7.1185,7.1185,7.1185,7.1185,7.1185,7.1185,7.1185,7.1185,7.1185,7.1185,7.1185,7.1185,7.1185,7.1185,7.1185,7.1185,7.1185,7.1185,7.1185,7.1185,7.1185,7.1185,7.1185,7.1185,7.1185,7.1185,6.0569,6.0230,5.9912,5.9598,5.9412,5.9353,5.9295,5.9238,5.9180,5.9121,5.9065,5.9007,5.8949,5.8891,5.8833,5.8776,5.8720,5.8661,5.8603,5.8546,5.8487,5.8444,5.8432,5.8420,5.8410,5.8396,5.8383,5.8371,5.8359,5.8349,5.8337,5.8325,5.8310,5.8296,5.8284,5.8272,5.8260,5.8248,5.8234,5.8222,5.8209,5.8197,5.8183,5.8171,5.8159,5.8147,5.8153,5.8173,5.8193,5.8213,5.8234,5.8254,5.8272,5.8292,5.8313,5.8333,5.8353,5.8375,5.8394,5.8414,5.8434,5.8455,5.8475,5.8495,5.8516,5.8536,5.8556,5.8577,5.8595,5.8616,5.8673,5.8747,5.8821,5.8893,5.8968,5.9042,5.9117,5.9194,5.9269,5.9345,5.9420,5.9496,5.9572,5.9648,5.9725,6.0600,6.5986,6.5986,6.5978,6.5967,6.5960,6.5947,6.5944,6.5929,6.5921,6.5913,6.5903,6.5900,6.5887,6.5885,6.5874,6.5867,6.5859,6.5846,6.5841,6.5854,6.5867,6.5885,6.5908,6.5923,6.5947,6.5965,6.5978,6.6001,6.6022,6.6043,6.6066,6.6090,6.6118,6.6142,6.6160,6.6188,6.6209,6.6238,6.6256,6.6280,6.6309,6.6327,6.6348,6.6361,6.6382,6.6411,6.6474,6.6527,6.6585,6.6643,6.6701,6.6759,6.6818,6.6882,6.6943,6.6996,6.7061,6.7120,6.7173,6.7232,6.7292,6.7357,6.7419,6.7473,6.7606,6.7860,6.8124,6.8382,6.8651,6.8935,7.1185,7.1185,7.1185,7.1185,7.1185,7.1185,7.1185,7.1185,7.1185,7.1185,7.1185,7.1185,7.1185,7.1185,7.1185,7.1185,7.1185,7.1185,7.1185,7.1185,7.1185,7.1185,7.1185,7.1185,7.1185,7.1185,7.1185,7.1185,7.1185,7.1185,7.1185,7.1185,7.1185,7.1185,7.1185,7.1185,7.1185,7.1185,7.1185,7.1185,7.1185,7.1185,7.1185,7.1185,7.1185,7.1185,7.1185,7.1185,7.1185,7.1185,7.1185,7.1185,7.1185,7.1185,7.1185,7.1185,7.1185,7.1185,7.1185,7.1185,7.1185,7.1185,7.1185,7.1185,7.1185,7.1185,7.1185,7.1185,7.1185,7.1185,7.1185,7.1185,7.1185,7.1185,7.1185,7.1185,7.1185,7.1185,7.1185,7.1185,7.1185,7.1185,7.1185,7.1185,7.1185,7.1185,7.1185,7.1185,7.1185,7.1185,7.1185,7.1185,7.1185,7.1185,7.1185,7.1185,7.1185,7.1185,7.1185,7.1185,7.1185,7.1185,7.1185,7.1185,7.1185,7.1185,7.1185,7.1185,7.1185,7.1185,7.1185,7.1185,7.1185,7.1185,7.1185,7.1185,7.1185,7.1185,7.1185,7.1185,7.1185,7.1185,7.1185,7.1185,7.1185,7.1185,7.1185,7.1185,7.1185,7.1185,7.1185,7.1185,7.1185,7.1185,7.1185,7.1185,7.1185,7.1185,7.1185,7.1185,7.1185,7.1185,7.1185,7.1185,7.1185,7.1185,7.1185,7.1185,7.1185,7.1185,7.1185,7.1185,7.1185,7.1185,7.1185,7.1185,7.1185,7.1185,7.1185,7.1185,7.1185,7.1185,7.1185,7.1185,7.1185,7.1185,7.1185,7.1185,7.1185,7.1185,7.1185,7.1185,7.1185,7.1185,7.1185,7.1185,7.1185,7.1185,7.1185,7.1185,7.1185,7.1185,7.1185,7.1185,7.1185,7.1185,7.1185,7.1185,7.1185,7.1185,7.1185,7.1185,7.1185,7.1185,7.1185,7.1185,7.1185,7.1185,7.1185,7.1185,7.1185,7.1185,7.1185,7.1185,7.1185,7.1185,7.1185,7.1185,7.1185,7.1185,7.1185,7.1185,7.1185,7.1185,7.1185,7.1185,7.1185,7.1185,7.1185,7.1185,7.1185,7.1185,7.1185,7.1185,7.1185,7.1185,7.1185,7.1185,7.1185,7.1185,7.1185,7.1185,7.1185,7.1185,7.1185,7.1185,7.1185,7.1185,7.1185,7.1185,7.1185,7.1185,7.1185,7.1185,7.1185,7.1185,7.1185,7.1185,7.1185,7.1185,7.1185,7.1185,7.1185,7.1185,7.1185,7.1185,7.1185,7.1185,7.1185,7.1185,7.1185,7.1185,7.1185,7.1185,7.1185,7.1185,7.1185,7.1185,7.1185,7.1185,7.1185,7.1185,7.1185,7.1185,7.1185,7.1185,7.1185,7.1185,7.1185,7.1185,7.1185,7.1185,7.1185,7.1185,7.1185,7.1185,7.1185,7.1185,7.1185,7.1185,7.1185,7.1185,7.1185,7.1185,7.1185,7.1185,7.1185,7.1185,7.1185,7.1185,7.1185,7.1185,7.1185,7.1185,7.1185,7.1185,7.1185,7.1185,7.1185,7.1185,7.1185,7.1185,7.1185,7.1185,7.1185,7.1185,7.1185,7.1185,7.1185,7.1185,7.1185,7.1185,7.1185,7.1185,7.1185,7.1185,7.1185,7.1185,7.1185,7.1185,7.1185,7.1185,7.1185,7.1185,7.1185,7.1185,7.1185,7.1185,7.1185,7.1185,7.1185,7.1185,7.1185,7.1185,7.1185,7.1185,7.1185,7.1185,7.1185,7.1185,7.1185,7.1185,7.1185,7.1185,7.1185,7.1185,7.1185,7.1185,7.1185,7.1185,7.1185,7.1185,7.1185,7.1185,7.1185,7.1185,7.1185,7.1185,7.1185,7.1185,7.1185,7.1185,7.1185,7.1185,7.1185,7.1185,7.1185,7.1185,7.1185,7.1185,7.1185,7.1185,7.1185,7.1185,7.1185,7.1185,7.1185,7.1185,7.1185,7.1185,7.1185,7.1185,7.1185,7.1185,7.1185,7.1185,7.1185,7.1185,7.1185,7.1185,7.1185,7.1185,7.1185,7.1185,7.1185,7.1185,7.1185,7.1185,7.1185,7.1185,7.1185,7.1185,7.1185,7.1185,7.1185,7.1185,7.1185,7.1185,7.1185,7.1185,7.1185
7.1128,7.1128,7.1128,7.1128,7.1128,7.1128,7.1128,7.1128,7.1128,7.1128,7.1128,7.1128,7.1128,7.1128,7.1128,7.1128,7.1128,7.1128,7.1128,7.1128,7.1128,7.1128,7.1128,7.1128,7.1128,7.1128,7.1128,7.1128,7.1128,7.1128,7.1128,7.1128,7.1128,7.1128,7.1128,7.1128,7.1128,7.1128,7.1128,7.1128,7.1128,7.1128,7.1128,7.1128,7.1128,7.1128,7.1128,7.1128,7.1128,7.1128,7.1128,7.1128,7.1128,7.1128,7.1128,7.1128,7.1128,7.1128,7.1128,7.1128,7.1128,7.1128,7.1128,7.1128,7.1128,7.1128,7.1128,7.1128,7.1128,7.1128,7.1128,7.1128,7.1128,7.1128,7.1128,7.1128,7.1128,7.1128,7.1128,7.1128,7.1128,7.1128,7.1128,7.1128,7.1128,7.1128,7.1128,7.1128,7.1128,7.1128,7.1128,7.1128,7.1128,7.1128,7.1128,7.1128,7.1128,7.1128,7.1128,7.1128,7.1128,7.1128,7.1128,7.1128,7.1128,7.1128,7.1128,7.1128,7.1128,7.1128,7.1128,7.1128,7.1128,7.1128,7.1128,7.1128,7.1128,7.1128,7.1128,7.1128,7.1128,7.1128,7.1128,7.1128,7.1128,7.1128,7.1128,7.1128,7.1128,7.1128,7.1128,7.1128,7.1128,7.1128,7.1128,7.1128,7.1128,7.1128,7.1128,7.1128,7.1128,7.1128,7.1128,7.1128,7.1128,7.1128,7.1128,7.1128,7.1128,7.1128,7.1128,7.1128,7.1128,7.1128,7.1128,7.1128,7.1128,7.1128,7.1128,7.1128,7.1128,7.1128,7.1128,7.1128,7.1128,7.1128,7.1128,7.1128,7.1128,7.1128,7.1128,7.1128,7.1128,7.1128,7.1128,7.1128,7.1128,7.1128,7.1128,7.1128,7.1128,7.1128,7.1128,7.1128,7.1128,7.1128,7.1128,7.1128,7.1128,7.1128,7.1128,7.1128,7.1128,7.1128,7.1128,7.1128,7.1128,7.1128,7.1128,7.1128,7.1128,7.1128,7.1128,7.1128,7.1128,7.1128,7.1128,7.1128,7.1128,7.1128,7.1128,7.1128,7.1128,7.1128,7.1128,7.1128,7.1128,7.1128,7.1128,7.1128,7.1128,7.1128,7.1128,7.1128,7.1128,7.1128,7.1128,7.1128,7.1128,7.1128,7.1128,7.1128,7.1128,7.1128,7.1128,7.1128,7.1128,7.1128,7.1128,7.1128,7.1128,7.1128,7.1128,7.1128,7.1128,7.1128,7.1128,7.1128,7.1128,7.1128,7.1128,7.1128,7.1128,7.1128,7.1128,7.1128,7.1128,7.1128,7.1128,7.1128,7.1128,7.1128,7.1128,7.1128,7.1128,7.1128,7.1128,7.1128,7.1128,7.1128,7.1128,7.1128,7.1128,7.1128,7.1128,7.1128,7.1128,7.1128,7.1128,7.1128,7.1128,7.1128,7.1128,7.1128,7.1128,7.1128,7.1128,7.1128,7.1128,7.1128,7.1128,7.1128,7.1128,7.1128,7.1128,7.1128,7.1128,7.1128,7.1128,7.1128,7.1128,7.1128,7.1128,7.1128,7.1128,7.1128,7.1128,7.1128,7.1128,7.1128,7.1128,7.1128,7.1128,7.1128,7.1128,7.1128,7.1128,7.1128,7.1128,7.1128,7.1128,7.1128,7.1128,7.1128,7.1128,7.1128,7.1128,7.1128,7.1128,7.1128,7.1128,7.1128,7.1128,7.1128,7.1128,7.1128,7.1128,7.1128,7.1128,7.1128,7.1128,7.1128,7.1128,7.1128,7.1128,7.1128,7.1128,7.1128,7.1128,7.1128,7.1128,7.1128,7.1128,7.1128,7.1128,7.1128,7.1128,7.1128,7.1128,7.1128,7.1128,7.1128,7.1128,7.1128,7.1128,7.1128,7.1128,7.1128,7.1128,7.1128,7.1128,7.1128,7.1128,7.1128,7.1128,7.1128,7.1128,7.1128,7.1128,7.1128,7.1128,7.1128,7.1128,6.0528,6.0191,5.9878,5.9566,5.9412,5.9353,5.9297,5.9238,5.9180,5.9123,5.9065,5.9007,5.8949,5.8891,5.8835,5.8778,5.8720,5.8663,5.8606,5.8546,5.8489,5.8453,5.8440,5.8428,5.8418,5.8404,5.8392,5.8379,5.8367,5.8355,5.8343,5.8333,5.8317,5.8304,5.8292,5.8280,5.8268,5.8254,5.8242,5.8230,5.8218,5.8203,5.8191,5.8179,5.8167,5.8153,5.8165,5.8185,5.8205,5.8226,5.8244,5.8264,5.8284,5.8304,5.8325,5.8345,5.8367,5.8388,5.8404,5.8424,5.8444,5.8465,5.8485,5.8506,5.8526,5.8546,5.8567,5.8587,5.8608,5.8628,5.8692,5.8765,5.8840,5.8914,5.8986,5.9061,5.9136,5.9211,5.9286,5.9364,5.9439,5.9515,5.9591,5.9667,5.9744,6.0773,6.5918,6.5918,6.5918,6.5911,6.5908,6.5903,6.5890,6.5887,6.5880,6.5869,6.5861,6.5854,6.5841,6.5830,6.5828,6.5820,6.5807,6.5797,6.5805,6.5823,6.5843,6.5856,6.5880,6.5892,6.5916,6.5929,6.5955,6.5967,6.5991,6.6009,6.6032,6.6061,6.6087,6.6110,6.6134,6.6157,6.6181,6.6199,6.6222,6.6254,6.6272,6.6301,6.6319,6.6343,6.6364,6.6414,6.6477,6.6535,6.6587,6.6646,6.6709,6.6762,6.6823,6.6887,6.6940,6.6999,6.7063,6.7122,6.7181,6.7235,6.7303,6.7362,6.7421,6.7481,6.7701,6.7956,6.8221,6.8480,6.8749,7.1128,7.1128,7.1128,7.1128,7.1128,7.1128,7.1128,7.1128,7.1128,7.1128,7.1128,7.1128,7.1128,7.1128,7.1128,7.1128,7.1128,7.1128,7.1128,7.1128,7.1128,7.1128,7.1128,7.1128,7.1128,7.1128,7.1128,7.1128,7.1128,7.1128,7.1128,7.1128,7.1128,7.1128,7.1128,7.1128,7.1128,7.1128,7.1128,7.1128,7.1128,7.1128,7.1128,7.1128,7.1128,7.1128,7.1128,7.1128,7.1128,7.1128,7.1128,7.1128,7.1128,7.1128,7.1128,7.1128,7.1128,7.1128,7.1128,7.1128,7.1128,7.1128,7.1128,7.1128,7.1128,7.1128,7.1128,7.1128,7.1128,7.1128,7.1128,7.1128,7.1128,7.1128,7.1128,7.1128,7.1128,7.1128,7.1128,7.1128,7.1128,7.1128,7.1128,7.1128,7.1128,7.1128,7.1128,7.1128,7.1128,7.1128,7.1128,7.1128,7.1128,7.1128,7.1128,7.1128,7.1128,7.1128,7.1128,7.1128,7.1128,7.1128,7.1128,7.1128,7.1128,7.1128,7.1128,7.1128,7.1128,7.1128,7.1128,7.1128,7.1128,7.1128,7.1128,7.1128,7.1128,7.1128,7.1128,7.1128,7.1128,7.1128,7.1128,7.1128,7.1128,7.1128,7.1128,7.1128,7.1128,7.1128,7.1128,7.1128,7.1128,7.1128,7.1128,7.1128,7.1128,7.1128,7.1128,7.1128,7.1128,7.1128,7.1128,7.1128,7.1128,7.1128,7.1128,7.1128,7.1128,7.1128,7.1128,7.1128,7.1128,7.1128,7.1128,7.1128,7.1128,7.1128,7.1128,7.1128,7.1128,7.1128,7.1128,7.1128,7.1128,7.1128,7.1128,7.1128,7.1128,7.1128,7.1128,7.1128,7.1128,7.1128,7.1128,7.1128,7.1128,7.1128,7.1128,7.1128,7.1128,7.1128,7.1128,7.1128,7.1128,7.1128,7.1128,7.1128,7.1128,7.1128,7.1128,7.1128,7.1128,7.1128,7.1128,7.1128,7.1128,7.1128,7.1128,7.1128,7.1128,7.1128,7.1128,7.1128,7.1128,7.1128,7.1128,7.1128,7.1128,7.1128,7.1128,7.1128,7.1128,7.1128,7.1128,7.1128,7.1128,7.1128,7.1128,7.1128,7.1128,7.1128,7.1128,7.1128,7.1128,7.1128,7.1128,7.1128,7.1128,7.1128,7.1128,7.1128,7.1128,7.1128,7.1128,7.1128,7.1128,7.1128,7.1128,7.1128,7.1128,7.1128,7.1128,7.1128,7.1128,7.1128,7.1128,7.1128,7.1128,7.1128,7.1128,7.1128,7.1128,7.1128,7.1128,7.1128,7.1128,7.1128,7.1128,7.1128,7.1128,7.1128,7.1128,7.1128,7.1128,7.1128,7.1128,7.1128,7.1128,7.1128,7.1128,7.1128,7.1128,7.1128,7.1128,7.1128,7.1128,7.1128,7.1128,7.1128,7.1128,7.1128,7.1128,7.1128,7.1128,7.1128,7.1128,7.1128,7.1128,7.1128,7.1128,7.1128,7.1128,7.1128,7.1128,7.1128,7.1128,7.1128,7.1128,7.1128,7.1128,7.1128,7.1128,7.1128,7.1128,7.1128,7.1128,7.1128,7.1128,7.1128,7.1128,7.1128,7.1128,7.1128,7.1128,7.1128,7.1128,7.1128,7.1128,7.1128,7.1128,7.1128,7.1128,7.1128,7.1128,7.1128,7.1128,7.1128,7.1128,7.1128,7.1128,7.1128,7.1128,7.1128,7.1128,7.1128,7.1128,7.1128,7.1128,7.1128,7.1128,7.1128,7.1128,7.1128,7.1128,7.1128,7.1128,7.1128,7.1128,7.1128,7.1128,7.1128,7.1128,7.1128,7.1128,7.1128,7.1128,7.1128,7.1128,7.1128,7.1128,7.1128,7.1128,7.1128,7.1128,7.1128,7.1128,7.1128,7.1128,7.1128,7.1128,7.1128,7.1128,7.1128,7.1128,7.1128,7.1128,7.1128,7.1128,7.1128,7.1128,7.1128,7.1128,7.1128,7.1128,7.1128,7.1128,7.1128,7.1128,7.1128,7.1128,7.1128,7.1128,7.1128,7.1128,7.1128,7.1128,7.1128,7.1128,7.1128,7.1128,7.1128,7.1128,7.1128,7.1128,7.1128,7.1128,7.1128,7.1128,7.1128,7.1128,7.1128,7.1128,7.1128,7.1128,7.1128,7.1128,7.1128,7.1128,7.1128,7.1128,7.1128
7.1071,7.1071,7.1071,7.1071,7.1071,7.1071,7.1071,7.1071,7.1071,7.1071,7.1071,7.1071,7.1071,7.1071,7.1071,7.1071,7.1071,7.1071,7.1071,7.1071,7.1071,7.1071,7.1071,7.1071,7.1071,7.1071,7.1071,7.1071,7.1071,7.1071,7.1071,7.1071,7.1071,7.1071,7.1071,7.1071,7.1071,7.1071,7.1071,7.1071,7.1071,7.1071,7.1071,7.1071,7.1071,7.1071,7.1071,7.1071,7.1071,7.1071,7.1071,7.1071,7.1071,7.1071,7.1071,7.1071,7.1071,7.1071,7.1071,7.1071,7.1071,7.1071,7.1071,7.1071,7.1071,7.1071,7.1071,7.1071,7.1071,7.1071,7.1071,7.1071,7.1071,7.1071,7.1071,7.1071,7.1071,7.1071,7.1071,7.1071,7.1071,7.1071,7.1071,7.1071,7.1071,7.1071,7.1071,7.1071,7.1071,7.1071,7.1071,7.1071,7.1071,7.1071,7.1071,7.1071,7.1071,7.1071,7.1071,7.1071,7.1071,7.1071,7.1071,7.1071,7.1071,7.1071,7.1071,7.1071,7.1071,7.1071,7.1071,7.1071,7.1071,7.1071,7.1071,7.1071,7.1071,7.1071,7.1071,7.1071,7.1071,7.1071,7.1071,7.1071,7.1071,7.1071,7.1071,7.1071,7.1071,7.1071,7.1071,7.1071,7.1071,7.1071,7.1071,7.1071,7.1071,7.1071,7.1071,7.1071,7.1071,7.1071,7.1071,7.1071,7.1071,7.1071,7.1071,7.1071,7.1071,7.1071,7.1071,7.1071,7.1071,7.1071,7.1071,7.1071,7.1071,7.1071,7.1071,7.1071,7.1071,7.1071,7.1071,7.1071,7.1071,7.1071,7.1071,7.1071,7.1071,7.1071,7.1071,7.1071,7.1071,7.1071,7.1071,7.1071,7.1071,7.1071,7.1071,7.1071,7.1071,7.1071,7.1071,7.1071,7.1071,7.1071,7.1071,7.1071,7.1071,7.1071,7.1071,7.1071,7.1071,7.1071,7.1071,7.1071,7.1071,7.1071,7.1071,7.1071,7.1071,7.1071,7.1071,7.1071,7.1071,7.1071,7.1071,7.1071,7.1071,7.1071,7.1071,7.1071,7.1071,7.1071,7.1071,7.1071,7.1071,7.1071,7.1071,7.1071,7.1071,7.1071,7.1071,7.1071,7.1071,7.1071,7.1071,7.1071,7.1071,7.1071,7.1071,7.1071,7.1071,7.1071,7.1071,7.1071,7.1071,7.1071,7.1071,7.1071,7.1071,7.1071,7.1071,7.1071,7.1071,7.1071,7.1071,7.1071,7.1071,7.1071,7.1071,7.1071,7.1071,7.1071,7.1071,7.1071,7.1071,7.1071,7.1071,7.1071,7.1071,7.1071,7.1071,7.1071,7.1071,7.1071,7.1071,7.1071,7.1071,7.1071,7.1071,7.1071,7.1071,7.1071,7.1071,7.1071,7.1071,7.1071,7.1071,7.1071,7.1071,7.1071,7.1071,7.1071,7.1071,7.1071,7.1071,7.1071,7.1071,7.1071,7.1071,7.1071,7.1071,7.1071,7.1071,7.1071,7.1071,7.1071,7.1071,7.1071,7.1071,7.1071,7.1071,7.1071,7.1071,7.1071,7.1071,7.1071,7.1071,7.1071,7.1071,7.1071,7.1071,7.1071,7.1071,7.1071,7.1071,7.1071,7.1071,7.1071,7.1071,7.1071,7.1071,7.1071,7.1071,7.1071,7.1071,7.1071,7.1071,7.1071,7.1071,7.1071,7.1071,7.1071,7.1071,7.1071,7.1071,7.1071,7.1071,7.1071,7.1071,7.1071,7.1071,7.1071,7.1071,7.1071,7.1071,7.1071,7.1071,7.1071,7.1071,7.1071,7.1071,7.1071,7.1071,7.1071,7.1071,7.1071,7.1071,7.1071,7.1071,7.1071,7.1071,7.1071,7.1071,7.1071,7.1071,7.1071,7.1071,7.1071,7.1071,7.1071,7.1071,7.1071,7.1071,7.1071,7.1071,7.1071,7.1071,7.1071,7.1071,7.1071,6.0802,6.0488,6.0150,5.9842,5.9532,5.9412,5.9355,5.9297,5.9238,5.9182,5.9123,5.9065,5.9009,5.8951,5.8893,5.8835,5.8778,5.8720,5.8663,5.8608,5.8548,5.8491,5.8461,5.8448,5.8434,5.8422,5.8410,5.8400,5.8388,5.8373,5.8361,5.8349,5.8337,5.8325,5.8313,5.8300,5.8288,5.8274,5.8262,5.8250,5.8238,5.8224,5.8211,5.8199,5.8187,5.8173,5.8161,5.8177,5.8197,5.8215,5.8236,5.8256,5.8276,5.8296,5.8317,5.8335,5.8355,5.8375,5.8396,5.8416,5.8436,5.8457,5.8477,5.8497,5.8518,5.8538,5.8559,5.8579,5.8599,5.8620,5.8640,5.8710,5.8784,5.8858,5.8933,5.9005,5.9080,5.9155,5.9230,5.9305,5.9381,5.9456,5.9534,5.9610,5.9687,5.9814,6.0923,6.5851,6.5846,6.5846,6.5851,6.5849,6.5849,6.5849,6.5841,6.5825,6.5818,6.5810,6.5802,6.5797,6.5784,6.5776,6.5769,6.5758,6.5758,6.5771,6.5794,6.5812,6.5830,6.5843,6.5869,6.5887,6.5900,6.5918,6.5942,6.5960,6.5983,6.6001,6.6030,6.6053,6.6071,6.6097,6.6126,6.6149,6.6173,6.6196,6.6220,6.6238,6.6269,6.6293,6.6317,6.6356,6.6416,6.6479,6.6532,6.6593,6.6656,6.6714,6.6767,6.6826,6.6884,6.6948,6.7002,6.7069,6.7128,6.7181,6.7241,6.7300,6.7365,6.7419,6.7541,6.7797,6.8050,6.8318,6.8575,6.8853,7.1071,7.1071,7.1071,7.1071,7.1071,7.1071,7.1071,7.1071,7.1071,7.1071,7.1071,7.1071,7.1071,7.1071,7.1071,7.1071,7.1071,7.1071,7.1071,7.1071,7.1071,7.1071,7.1071,7.1071,7.1071,7.1071,7.1071,7.1071,7.1071,7.1071,7.1071,7.1071,7.1071,7.1071,7.1071,7.1071,7.1071,7.1071,7.1071,7.1071,7.1071,7.1071,7.1071,7.1071,7.1071,7.1071,7.1071,7.1071,7.1071,7.1071,7.1071,7.1071,7.1071,7.1071,7.1071,7.1071,7.1071,7.1071,7.1071,7.1071,7.1071,7.1071,7.1071,7.1071,7.1071,7.1071,7.1071,7.1071,7.1071,7.1071,7.1071,7.1071,7.1071,7.1071,7.1071,7.1071,7.1071,7.1071,7.1071,7.1071,7.1071,7.1071,7.1071,7.1071,7.1071,7.1071,7.1071,7.1071,7.1071,7.1071,7.1071,7.1071,7.1071,7.1071,7.1071,7.1071,7.1071,7.1071,7.1071,7.1071,7.1071,7.1071,7.1071,7.1071,7.1071,7.1071,7.1071,7.1071,7.1071,7.1071,7.1071,7.1071,7.1071,7.1071,7.1071,7.1071,7.1071,7.1071,7.1071,7.1071,7.1071,7.1071,7.1071,7.1071,7.1071,7.1071,7.1071,7.1071,7.1071,7.1071,7.1071,7.1071,7.1071,7.1071,7.1071,7.1071,7.1071,7.1071,7.1071,7.1071,7.1071,7.1071,7.1071,7.1071,7.1071,7.1071,7.1071,7.1071,7.1071,7.1071,7.1071,7.1071,7.1071,7.1071,7.1071,7.1071,7.1071,7.1071,7.1071,7.1071,7.1071,7.1071,7.1071,7.1071,7.1071,7.1071,7.1071,7.1071,7.1071,7.1071,7.1071,7.1071,7.1071,7.1071,7.1071,7.1071,7.1071,7.1071,7.1071,7.1071,7.1071,7.1071,7.1071,7.1071,7.1071,7.1071,7.1071,7.1071,7.1071,7.1071,7.1071,7.1071,7.1071,7.1071,7.1071,7.1071,7.1071,7.1071,7.1071,7.1071,7.1071,7.1071,7.1071,7.1071,7.1071,7.1071,7.1071,7.1071,7.1071,7.1071,7.1071,7.1071,7.1071,7.1071,7.1071,7.1071,7.1071,7.1071,7.1071,7.1071,7.1071,7.1071,7.1071,7.1071,7.1071,7.1071,7.1071,7.1071,7.1071,7.1071,7.1071,7.1071,7.1071,7.1071,7.1071,7.1071,7.1071,7.1071,7.1071,7.1071,7.1071,7.1071,7.1071,7.1071,7.1071,7.1071,7.1071,7.1071,7.1071,7.1071,7.1071,7.1071,7.1071,7.1071,7.1071,7.1071,7.1071,7.1071,7.1071,7.1071,7.1071,7.1071,7.1071,7.1071,7.1071,7.1071,7.1071,7.1071,7.1071,7.1071,7.1071,7.1071,7.1071,7.1071,7.1071,7.1071,7.1071,7.1071,7.1071,7.1071,7.1071,7.1071,7.1071,7.1071,7.1071,7.1071,7.1071,7.1071,7.1071,7.1071,7.1071,7.1071,7.1071,7.1071,7.1071,7.1071,7.1071,7.1071,7.1071,7.1071,7.1071,7.1071,7.1071,7.1071,7.1071,7.1071,7.1071,7.1071,7.1071,7.1071,7.1071,7.1071,7.1071,7.1071,7.1071,7.1071,7.1071,7.1071,7.1071,7.1071,7.1071,7.1071,7.1071,7.1071,7.1071,7.1071,7.1071,7.1071,7.1071,7.1071,7.1071,7.1071,7.1071,7.1071,7.1071,7.1071,7.1071,7.1071,7.1071,7.1071,7.1071,7.1071,7.1071,7.1071,7.1071,7.1071,7.1071,7.1071,7.1071,7.1071,7.1071,7.1071,7.1071,7.1071,7.1071,7.1071,7.1071,7.1071,7.1071,7.1071,7.1071,7.1071,7.1071,7.1071,7.1071,7.1071,7.1071,7.1071,7.1071,7.1071,7.1071,7.1071,7.1071,7.1071,7.1071,7.1071,7.1071,7.1071,7.1071,7.1071,7.1071,7.1071,7.1071,7.1071,7.1071,7.1071,7.1071,7.1071,7.1071,7.1071,7.1071,7.1071,7.1071,7.1071,7.1071,7.1071,7.1071,7.1071,7.1071,7.1071,7.1071,7.1071,7.1071,7.1071,7.1071,7.1071,7.1071,7.1071,7.1071,7.1071,7.1071,7.1071,7.1071,7.1071,7.1071,7.1071,7.1071,7.1071,7.1071,7.1071,7.1071,7.1071
7.1020,7.1020,7.1020,7.1020,7.1020,7.1020,7.1020,7.1020,7.1020,7.1020,7.1020,7.1020,7.1020,7.1020,7.1020,7.1020,7.1020,7.1020,7.1020,7.1020,7.1020,7.1020,7.1020,7.1020,7.1020,7.1020,7.1020,7.1020,7.1020,7.1020,7.1020,7.1020,7.1020,7.1020,7.1020,7.1020,7.1020,7.1020,7.1020,7.1020,7.1020,7.1020,7.1020,7.1020,7.1020,7.1020,7.1020,7.1020,7.1020,7.1020,7.1020,7.1020,7.1020,7.1020,7.1020,7.1020,7.1020,7.1020,7.1020,7.1020,7.1020,7.1020,7.1020,7.1020,7.1020,7.1020,7.1020,7.1020,7.1020,7.1020,7.1020,7.1020,7.1020,7.1020,7.1020,7.1020,7.1020,7.1020,7.1020,7.1020,7.1020,7.1020,7.1020,7.1020,7.1020,7.1020,7.1020,7.1020,7.1020,7.1020,7.1020,7.1020,7.1020,7.1020,7.1020,7.1020,7.1020,7.1020,7.1020,7.1020,7.1020,7.1020,7.1020,7.1020,7.1020,7.1020,7.1020,7.1020,7.1020,7.1020,7.1020,7.1020,7.1020,7.1020,7.1020,7.1020,7.1020,7.1020,7.1020,7.1020,7.1020,7.1020,7.1020,7.1020,7.1020,7.1020,7.1020,7.1020,7.1020,7.1020,7.1020,7.1020,7.1020,7.1020,7.1020,7.1020,7.1020,7.1020,7.1020,7.1020,7.1020,7.1020,7.1020,7.1020,7.1020,7.1020,7.1020,7.1020,7.1020,7.1020,7.1020,7.1020,7.1020,7.1020,7.1020,7.1020,7.1020,7.1020,7.1020,7.1020,7.1020,7.1020,7.1020,7.1020,7.1020,7.1020,7.1020,7.1020,7.1020,7.1020,7.1020,7.1020,7.1020,7.1020,7.1020,7.1020,7.1020,7.1020,7.1020,7.1020,7.1020,7.1020,7.1020,7.1020,7.1020,7.1020,7.1020,7.1020,7.1020,7.1020,7.1020,7.1020,7.1020,7.1020,7.1020,7.1020,7.1020,7.1020,7.1020,7.1020,7.1020,7.1020,7.1020,7.1020,7.1020,7.1020,7.1020,7.1020,7.1020,7.1020,7.1020,7.1020,7.1020,7.1020,7.1020,7.1020,7.1020,7.1020,7.1020,7.1020,7.1020,7.1020,7.1020,7.1020,7.1020,7.1020,7.1020,7.1020,7.1020,7.1020,7.1020,7.1020,7.1020,7.1020,7.1020,7.1020,7.1020,7.1020,7.1020,7.1020,7.1020,7.1020,7.1020,7.1020,7.1020,7.1020,7.1020,7.1020,7.1020,7.1020,7.1020,7.1020,7.1020,7.1020,7.1020,7.1020,7.1020,7.1020,7.1020,7.1020,7.1020,7.1020,7.1020,7.1020,7.1020,7.1020,7.1020,7.1020,7.1020,7.1020,7.1020,7.1020,7.1020,7.1020,7.1020,7.1020,7.1020,7.1020,7.1020,7.1020,7.1020,7.1020,7.1020,7.1020,7.1020,7.1020,7.1020,7.1020,7.1020,7.1020,7.1020,7.1020,7.1020,7.1020,7.1020,7.1020,7.1020,7.1020,7.1020,7.1020,7.1020,7.1020,7.1020,7.1020,7.1020,7.1020,7.1020,7.1020,7.1020,7.1020,7.1020,7.1020,7.1020,7.1020,7.1020,7.1020,7.1020,7.1020,7.1020,7.1020,7.1020,7.1020,7.1020,7.1020,7.1020,7.1020,7.1020,7.1020,7.1020,7.1020,7.1020,7.1020,7.1020,7.1020,7.1020,7.1020,7.1020,7.1020,7.1020,7.1020,7.1020,7.1020,7.1020,7.1020,7.1020,7.1020,7.1020,7.1020,7.1020,7.1020,7.1020,7.1020,7.1020,7.1020,7.1020,7.1020,7.1020,7.1020,7.1020,7.1020,7.1020,7.1020,7.1020,7.1020,7.1020,7.1020,7.1020,7.1020,7.1020,7.1020,7.1020,7.1020,7.1020,7.1020,7.1020,7.1020,7.1020,7.1020,7.1020,7.1020,7.1020,7.1020,6.0760,6.0447,6.0114,5.9806,5.9498,5.9414,5.9355,5.9297,5.9240,5.9182,5.9123,5.9067,5.9009,5.8951,5.8893,5.8835,5.8780,5.8722,5.8665,5.8608,5.8550,5.8493,5.8467,5.8455,5.8442,5.8430,5.8418,5.8406,5.8394,5.8381,5.8369,5.8357,5.8345,5.8333,5.8321,5.8306,5.8294,5.8282,5.8270,5.8258,5.8244,5.8232,5.8220,5.8207,5.8193,5.8181,5.8169,5.8187,5.8207,5.8228,5.8248,5.8268,5.8288,5.8306,5.8327,5.8347,5.8367,5.8388,5.8408,5.8428,5.8448,5.8469,5.8489,5.8510,5.8530,5.8548,5.8569,5.8589,5.8610,5.8630,5.8657,5.8729,5.8803,5.8877,5.8951,5.9024,5.9098,5.9173,5.9249,5.9324,5.9399,5.9475,5.9551,5.9627,5.9704,5.9985,6.1071,6.5787,6.5784,6.5784,6.5779,6.5784,6.5776,6.5776,6.5776,6.5781,6.5771,6.5763,6.5758,6.5751,6.5738,6.5727,6.5720,6.5712,6.5722,6.5745,6.5758,6.5779,6.5797,6.5815,6.5838,6.5851,6.5869,6.5892,6.5908,6.5926,6.5947,6.5970,6.5993,6.6017,6.6045,6.6069,6.6090,6.6113,6.6136,6.6160,6.6186,6.6215,6.6233,6.6256,6.6293,6.6351,6.6416,6.6485,6.6543,6.6601,6.6659,6.6717,6.6773,6.6836,6.6890,6.6954,6.7013,6.7071,6.7130,6.7187,6.7251,6.7305,6.7370,6.7424,6.7636,6.7890,6.8155,6.8410,6.8673,7.1020,7.1020,7.1020,7.1020,7.1020,7.1020,7.1020,7.1020,7.1020,7.1020,7.1020,7.1020,7.1020,7.1020,7.1020,7.1020,7.1020,7.1020,7.1020,7.1020,7.1020,7.1020,7.1020,7.1020,7.1020,7.1020,7.1020,7.1020,7.1020,7.1020,7.1020,7.1020,7.1020,7.1020,7.1020,7.1020,7.1020,7.1020,7.1020,7.1020,7.1020,7.1020,7.1020,7.1020,7.1020,7.1020,7.1020,7.1020,7.1020,7.1020,7.1020,7.1020,7.1020,7.1020,7.1020,7.1020,7.1020,7.1020,7.1020,7.1020,7.1020,7.1020,7.1020,7.1020,7.1020,7.1020,7.1020,7.1020,7.1020,7.1020,7.1020,7.1020,7.1020,7.1020,7.1020,7.1020,7.1020,7.1020,7.1020,7.1020,7.1020,7.1020,7.1020,7.1020,7.1020,7.1020,7.1020,7.1020,7.1020,7.1020,7.1020,7.1020,7.1020,7.1020,7.1020,7.1020,7.1020,7.1020,7.1020,7.1020,7.1020,7.1020,7.1020,7.1020,7.1020,7.1020,7.1020,7.1020,7.1020,7.1020,7.1020,7.1020,7.1020,7.1020,7.1020,7.1020,7.1020,7.1020,7.1020,7.1020,7.1020,7.1020,7.1020,7.1020,7.1020,7.1020,7.1020,7.1020,7.1020,7.1020,7.1020,7.1020,7.1020,7.1020,7.1020,7.1020,7.1020,7.1020,7.1020,7.1020,7.1020,7.1020,7.1020,7.1020,7.1020,7.1020,7.1020,7.1020,7.1020,7.1020,7.1020,7.1020,7.1020,7.1020,7.1020,7.1020,7.1020,7.1020,7.1020,7.1020,7.1020,7.1020,7.1020,7.1020,7.1020,7.1020,7.1020,7.1020,7.1020,7.1020,7.1020,7.1020,7.1020,7.1020,7.1020,7.1020,7.1020,7.1020,7.1020,7.1020,7.1020,7.1020,7.1020,7.1020,7.1020,7.1020,7.1020,7.1020,7.1020,7.1020,7.1020,7.1020,7.1020,7.1020,7.1020,7.1020,7.1020,7.1020,7.1020,7.1020,7.1020,7.1020,7.1020,7.1020,7.1020,7.1020,7.1020,7.1020,7.1020,7.1020,7.1020,7.1020,7.1020,7.1020,7.1020,7.1020,7.1020,7.1020,7.1020,7.1020,7.1020,7.1020,7.1020,7.1020,7.1020,7.1020,7.1020,7.1020,7.1020,7.1020,7.1020,7.1020,7.1020,7.1020,7.1020,7.1020,7.1020,7.1020,7.1020,7.1020,7.1020,7.1020,7.1020,7.1020,7.1020,7.1020,7.1020,7.1020,7.1020,7.1020,7.1020,7.1020,7.1020,7.1020,7.1020,7.1020,7.1020,7.1020,7.1020,7.1020,7.1020,7.1020,7.1020,7.1020,7.1020,7.1020,7.1020,7.1020,7.1020,7.1020,7.1020,7.1020,7.1020,7.1020,7.1020,7.1020,7.1020,7.1020,7.1020,7.1020,7.1020,7.1020,7.1020,7.1020,7.1020,7.1020,7.1020,7.1020,7.1020,7.1020,7.1020,7.1020,7.1020,7.1020,7.1020,7.1020,7.1020,7.1020,7.1020,7.1020,7.1020,7.1020,7.1020,7.1020,7.1020,7.1020,7.1020,7.1020,7.1020,7.1020,7.1020,7.1020,7.1020,7.1020,7.1020,7.1020,7.1020,7.1020,7.1020,7.1020,7.1020,7.1020,7.1020,7.1020,7.1020,7.1020,7.1020,7.1020,7.1020,7.1020,7.1020,7.1020,7.1020,7.1020,7.1020,7.1020,7.1020,7.1020,7.1020,7.1020,7.1020,7.1020,7.1020,7.1020,7.1020,7.1020,7.1020,7.1020,7.1020,7.1020,7.1020,7.1020,7.1020,7.1020,7.1020,7.1020,7.1020,7.1020,7.1020,7.1020,7.1020,7.1020,7.1020,7.1020,7.1020,7.1020,7.1020,7.1020,7.1020,7.1020,7.1020,7.1020,7.1020,7.1020,7.1020,7.1020,7.1020,7.1020,7.1020,7.1020,7.1020,7.1020,7.1020,7.1020,7.1020,7.1020,7.1020,7.1020,7.1020,7.1020,7.1020,7.1020,7.1020,7.1020,7.1020,7.1020,7.1020,7.1020,7.1020,7.1020,7.1020,7.1020,7.1020,7.1020,7.1020,7.1020,7.1020,7.1020,7.1020,7.1020,7.1020,7.1020,7.1020,7.1020,7.1020,7.1020,7.1020,7.1020,7.1020,7.1020,7.1020,7.1020,7.1020
7.0960,7.0960,7.0960,7.0960,7.0960,7.0960,7.0960,7.0960,7.0960,7.0960,7.0960,7.0960,7.0960,7.0960,7.0960,7.0960,7.0960,7.0960,7.0960,7.0960,7.0960,7.0960,7.0960,7.0960,7.0960,7.0960,7.0960,7.0960,7.0960,7.0960,7.0960,7.0960,7.0960,7.0960,7.0960,7.0960,7.0960,7.0960,7.0960,7.0960,7.0960,7.0960,7.0960,7.0960,7.0960,7.0960,7.0960,7.0960,7.0960,7.0960,7.0960,7.0960,7.0960,7.0960,7.0960,7.0960,7.0960,7.0960,7.0960,7.0960,7.0960,7.0960,7.0960,7.0960,7.0960,7.0960,7.0960,7.0960,7.0960,7.0960,7.0960,7.0960,7.0960,7.0960,7.0960,7.0960,7.0960,7.0960,7.0960,7.0960,7.0960,7.0960,7.0960,7.0960,7.0960,7.0960,7.0960,7.0960,7.0960,7.0960,7.0960,7.0960,7.0960,7.0960,7.0960,7.0960,7.0960,7.0960,7.0960,7.0960,7.0960,7.0960,7.0960,7.0960,7.0960,7.0960,7.0960,7.0960,7.0960,7.0960,7.0960,7.0960,7.0960,7.0960,7.0960,7.0960,7.0960,7.0960,7.0960,7.0960,7.0960,7.0960,7.0960,7.0960,7.0960,7.0960,7.0960,7.0960,7.0960,7.0960,7.0960,7.0960,7.0960,7.0960,7.0960,7.0960,7.0960,7.0960,7.0960,7.0960,7.0960,7.0960,7.0960,7.0960,7.0960,7.0960,7.0960,7.0960,7.0960,7.0960,7.0960,7.0960,7.0960,7.0960,7.0960,7.0960,7.0960,7.0960,7.0960,7.0960,7.0960,7.0960,7.0960,7.0960,7.0960,7.0960,7.0960,7.0960,7.0960,7.0960,7.0960,7.0960,7.0960,7.0960,7.0960,7.0960,7.0960,7.0960,7.0960,7.0960,7.0960,7.0960,7.0960,7.0960,7.0960,7.0960,7.0960,7.0960,7.0960,7.0960,7.0960,7.0960,7.0960,7.0960,7.0960,7.0960,7.0960,7.0960,7.0960,7.0960,7.0960,7.0960,7.0960,7.0960,7.0960,7.0960,7.0960,7.0960,7.0960,7.0960,7.0960,7.0960,7.0960,7.0960,7.0960,7.0960,7.0960,7.0960,7.0960,7.0960,7.0960,7.0960,7.0960,7.0960,7.0960,7.0960,7.0960,7.0960,7.0960,7.0960,7.0960,7.0960,7.0960,7.0960,7.0960,7.0960,7.0960,7.0960,7.0960,7.0960,7.0960,7.0960,7.0960,7.0960,7.0960,7.0960,7.0960,7.0960,7.0960,7.0960,7.0960,7.0960,7.0960,7.0960,7.0960,7.0960,7.0960,7.0960,7.0960,7.0960,7.0960,7.0960,7.0960,7.0960,7.0960,7.0960,7.0960,7.0960,7.0960,7.0960,7.0960,7.0960,7.0960,7.0960,7.0960,7.0960,7.0960,7.0960,7.0960,7.0960,7.0960,7.0960,7.0960,7.0960,7.0960,7.0960,7.0960,7.0960,7.0960,7.0960,7.0960,7.0960,7.0960,7.0960,7.0960,7.0960,7.0960,7.0960,7.0960,7.0960,7.0960,7.0960,7.0960,7.0960,7.0960,7.0960,7.0960,7.0960,7.0960,7.0960,7.0960,7.0960,7.0960,7.0960,7.0960,7.0960,7.0960,7.0960,7.0960,7.0960,7.0960,7.0960,7.0960,7.0960,7.0960,7.0960,7.0960,7.0960,7.0960,7.0960,7.0960,7.0960,7.0960,7.0960,7.0960,7.0960,7.0960,7.0960,7.0960,7.0960,7.0960,7.0960,7.0960,7.0960,7.0960,7.0960,7.0960,7.0960,7.0960,7.0960,7.0960,7.0960,7.0960,7.0960,7.0960,7.0960,7.0960,7.0960,7.0960,7.0960,7.0960,7.0960,7.0960,7.0960,7.0960,7.0960,7.0960,7.0960,7.0960,7.0960,7.0960,7.0960,7.0960,7.0960,7.0960,7.0960,7.0960,7.0960,7.0960,7.0960,7.0960,7.0960,6.0718,6.0408,6.0079,5.9769,5.9473,5.9414,5.9355,5.9299,5.9240,5.9182,5.9125,5.9067,5.9009,5.8951,5.8895,5.8838,5.8780,5.8722,5.8665,5.8608,5.8550,5.8495,5.8475,5.8463,5.8451,5.8438,5.8426,5.8414,5.8404,5.8390,5.8379,5.8365,5.8353,5.8339,5.8329,5.8315,5.8302,5.8290,5.8278,5.8264,5.8252,5.8240,5.8228,5.8213,5.8201,5.8189,5.8179,5.8199,5.8220,5.8240,5.8260,5.8278,5.8298,5.8319,5.8341,5.8359,5.8379,5.8400,5.8418,5.8438,5.8459,5.8479,5.8499,5.8520,5.8540,5.8561,5.8581,5.8601,5.8622,5.8642,5.8675,5.8749,5.8821,5.8895,5.8970,5.9042,5.9117,5.9192,5.9267,5.9343,5.9418,5.9494,5.9570,5.9646,5.9723,6.0155,6.5715,6.5720,6.5715,6.5717,6.5717,6.5712,6.5717,6.5709,6.5709,6.5715,6.5709,6.5712,6.5712,6.5704,6.5689,6.5681,6.5679,6.5679,6.5694,6.5712,6.5735,6.5748,6.5766,6.5789,6.5807,6.5828,6.5846,6.5864,6.5882,6.5900,6.5921,6.5939,6.5967,6.5986,6.6014,6.6040,6.6064,6.6087,6.6113,6.6136,6.6160,6.6183,6.6209,6.6228,6.6283,6.6345,6.6411,6.6482,6.6543,6.6606,6.6664,6.6717,6.6775,6.6834,6.6900,6.6954,6.7018,6.7077,6.7130,6.7189,6.7254,6.7313,6.7370,6.7484,6.7740,6.7989,6.8249,6.8513,6.8777,7.0960,7.0960,7.0960,7.0960,7.0960,7.0960,7.0960,7.0960,7.0960,7.0960,7.0960,7.0960,7.0960,7.0960,7.0960,7.0960,7.0960,7.0960,7.0960,7.0960,7.0960,7.0960,7.0960,7.0960,7.0960,7.0960,7.0960,7.0960,7.0960,7.0960,7.0960,7.0960,7.0960,7.0960,7.0960,7.0960,7.0960,7.0960,7.0960,7.0960,7.0960,7.0960,7.0960,7.0960,7.0960,7.0960,7.0960,7.0960,7.0960,7.0960,7.0960,7.0960,7.0960,7.0960,7.0960,7.0960,7.0960,7.0960,7.0960,7.0960,7.0960,7.0960,7.0960,7.0960,7.0960,7.0960,7.0960,7.0960,7.0960,7.0960,7.0960,7.0960,7.0960,7.0960,7.0960,7.0960,7.0960,7.0960,7.0960,7.0960,7.0960,7.0960,7.0960,7.0960,7.0960,7.0960,7.0960,7.0960,7.0960,7.0960,7.0960,7.0960,7.0960,7.0960,7.0960,7.0960,7.0960,7.0960,7.0960,7.0960,7.0960,7.0960,7.0960,7.0960,7.0960,7.0960,7.0960,7.0960,7.0960,7.0960,7.0960,7.0960,7.0960,7.0960,7.0960,7.0960,7.0960,7.0960,7.0960,7.0960,7.0960,7.0960,7.0960,7.0960,7.0960,7.0960,7.0960,7.0960,7.0960,7.0960,7.0960,7.0960,7.0960,7.0960,7.0960,7.0960,7.0960,7.0960,7.0960,7.0960,7.0960,7.0960,7.0960,7.0960,7.0960,7.0960,7.0960,7.0960,7.0960,7.0960,7.0960,7.0960,7.0960,7.0960,7.0960,7.0960,7.0960,7.0960,7.0960,7.0960,7.0960,7.0960,7.0960,7.0960,7.0960,7.0960,7.0960,7.0960,7.0960,7.0960,7.0960,7.0960,7.0960,7.0960,7.0960,7.0960,7.0960,7.0960,7.0960,7.0960,7.0960,7.0960,7.0960,7.0960,7.0960,7.0960,7.0960,7.0960,7.0960,7.0960,7.0960,7.0960,7.0960,7.0960,7.0960,7.0960,7.0960,7.0960,7.0960,7.0960,7.0960,7.0960,7.0960,7.0960,7.0960,7.0960,7.0960,7.0960,7.0960,7.0960,7.0960,7.0960,7.0960,7.0960,7.0960,7.0960,7.0960,7.0960,7.0960,7.0960,7.0960,7.0960,7.0960,7.0960,7.0960,7.0960,7.0960,7.0960,7.0960,7.0960,7.0960,7.0960,7.0960,7.0960,7.0960,7.0960,7.0960,7.0960,7.0966,7.0966,7.0966,7.0966,7.0966,7.0966,7.0966,7.0966,7.0966,7.0966,7.0966,7.0966,7.0966,7.0966,7.0966,7.0966,7.0966,7.0966,7.0966,7.0966,7.0966,7.0966,7.0966,7.0966,7.0966,7.0966,7.0966,7.0966,7.0966,7.0966,7.0966,7.0966,7.0966,7.0966,7.0966,7.0966,7.0966,7.0966,7.0966,7.0966,7.0966,7.0966,7.0966,7.0966,7.0966,7.0966,7.0966,7.0966,7.0966,7.0966,7.0966,7.0966,7.0966,7.0966,7.0966,7.0966,7.0966,7.0966,7.0966,7.0966,7.0966,7.0966,7.0966,7.0966,7.0966,7.0966,7.0966,7.0966,7.0966,7.0966,7.0966,7.0966,7.0966,7.0966,7.0966,7.0966,7.0966,7.0966,7.0966,7.0966,7.0966,7.0966,7.0966,7.0966,7.0966,7.0966,7.0966,7.0966,7.0966,7.0966,7.0966,7.0966,7.0966,7.0966,7.0966,7.0966,7.0966,7.0966,7.0966,7.0966,7.0966,7.0966,7.0966,7.0966,7.0966,7.0966,7.0966,7.0966,7.0966,7.0966,7.0966,7.0966,7.0966,7.0966,7.0966,7.0966,7.0966,7.0966,7.0966,7.0966,7.0966,7.0966,7.0966,7.0966,7.0966,7.0966,7.0966,7.0966,7.0966,7.0966,7.0966,7.0966,7.0966,7.0966,7.0966,7.0966,7.0966,7.0966,7.0966,7.0966,7.0966,7.0966,7.0966,7.0966,7.0966,7.0966,7.0966,7.0966,7.0966,7.0966,7.0966,7.0966,7.0966,7.0966,7.0966,7.0966,7.0966,7.0966,7.0966,7.0966,7.0966,7.0966,7.0966,7.0966,7.0966,7.0966,7.0966,7.0966,7.0966,7.0966,7.0966,7.0966,7.0966,7.0966,7.0966,7.0966,7.0966,7.0966,7.0966,7.0966,7.0966,7.0966,7.0966,7.0966,7.0966
7.0903,7.0903,7.0903,7.0903,7.0903,7.0903,7.0903,7.0903,7.0903,7.0903,7.0903,7.0903,7.0903,7.0903,7.0903,7.0903,7.0903,7.0903,7.0903,7.0903,7.0903,7.0903,7.0903,7.0903,7.0903,7.0903,7.0903,7.0903,7.0903,7.0903,7.0903,7.0903,7.0903,7.0903,7.0903,7.0903,7.0903,7.0903,7.0903,7.0903,7.0903,7.0903,7.0903,7.0903,7.0903,7.0903,7.0903,7.0903,7.0903,7.0903,7.0903,7.0903,7.0903,7.0903,7.0903,7.0903,7.0903,7.0903,7.0903,7.0903,7.0903,7.0903,7.0903,7.0903,7.0903,7.0903,7.0903,7.0903,7.0903,7.0903,7.0903,7.0903,7.0903,7.0903,7.0903,7.0903,7.0903,7.0903,7.0903,7.0903,7.0903,7.0903,7.0903,7.0903,7.0903,7.0903,7.0903,7.0903,7.0903,7.0903,7.0903,7.0903,7.0903,7.0903,7.0903,7.0903,7.0903,7.0903,7.0903,7.0903,7.0903,7.0903,7.0903,7.0903,7.0903,7.0903,7.0903,7.0903,7.0903,7.0903,7.0903,7.0903,7.0903,7.0903,7.0903,7.0903,7.0903,7.0903,7.0903,7.0903,7.0903,7.0903,7.0903,7.0903,7.0903,7.0903,7.0903,7.0903,7.0903,7.0903,7.0903,7.0903,7.0903,7.0903,7.0903,7.0903,7.0903,7.0903,7.0903,7.0903,7.0903,7.0903,7.0903,7.0903,7.0903,7.0903,7.0903,7.0903,7.0903,7.0903,7.0903,7.0903,7.0903,7.0903,7.0903,7.0903,7.0903,7.0903,7.0903,7.0903,7.0903,7.0903,7.0903,7.0903,7.0903,7.0903,7.0903,7.0903,7.0903,7.0903,7.0903,7.0903,7.0903,7.0903,7.0903,7.0903,7.0903,7.0903,7.0903,7.0903,7.0903,7.0903,7.0903,7.0903,7.0903,7.0903,7.0903,7.0903,7.0903,7.0903,7.0903,7.0903,7.0903,7.0903,7.0903,7.0903,7.0903,7.0903,7.0903,7.0903,7.0903,7.0903,7.0903,7.0903,7.0903,7.0903,7.0903,7.0903,7.0903,7.0903,7.0903,7.0903,7.0903,7.0903,7.0903,7.0903,7.0903,7.0903,7.0903,7.0903,7.0903,7.0903,7.0903,7.0903,7.0903,7.0903,7.0903,7.0903,7.0903,7.0903,7.0903,7.0903,7.0903,7.0903,7.0903,7.0903,7.0903,7.0903,7.0903,7.0903,7.0903,7.0903,7.0903,7.0903,7.0903,7.0903,7.0903,7.0903,7.0903,7.0903,7.0903,7.0903,7.0903,7.0903,7.0903,7.0903,7.0903,7.0903,7.0903,7.0903,7.0903,7.0903,7.0903,7.0903,7.0903,7.0903,7.0903,7.0903,7.0903,7.0903,7.0903,7.0903,7.0903,7.0903,7.0903,7.0903,7.0903,7.0903,7.0903,7.0903,7.0903,7.0903,7.0903,7.0903,7.0903,7.0903,7.0903,7.0903,7.0903,7.0903,7.0903,7.0903,7.0903,7.0903,7.0903,7.0903,7.0903,7.0903,7.0903,7.0903,7.0903,7.0903,7.0903,7.0903,7.0903,7.0903,7.0903,7.0903,7.0903,7.0903,7.0903,7.0903,7.0903,7.0903,7.0903,7.0903,7.0903,7.0903,7.0903,7.0903,7.0903,7.0903,7.0903,7.0903,7.0903,7.0903,7.0903,7.0903,7.0903,7.0903,7.0903,7.0903,7.0903,7.0903,7.0903,7.0903,7.0903,7.0903,7.0903,7.0903,7.0903,7.0903,7.0903,7.0903,7.0903,7.0903,7.0903,7.0903,7.0903,7.0903,7.0903,7.0903,7.0903,7.0903,7.0903,7.0903,7.0903,7.0903,7.0903,7.0903,7.0903,7.0903,7.0903,7.0903,7.0903,7.0903,7.0903,7.0903,7.0903,7.0903,7.0903,7.0903,7.0903,7.0903,7.0903,7.0903,7.0903,7.0903,7.0903,7.0903,7.0903,7.0903,6.0679,6.0367,6.0043,5.9733,5.9473,5.9416,5.9357,5.9299,5.9242,5.9184,5.9125,5.9069,5.9011,5.8953,5.8895,5.8838,5.8780,5.8722,5.8667,5.8610,5.8552,5.8497,5.8481,5.8469,5.8457,5.8444,5.8432,5.8420,5.8408,5.8396,5.8383,5.8371,5.8361,5.8349,5.8335,5.8323,5.8310,5.8296,5.8284,5.8272,5.8260,5.8248,5.8234,5.8222,5.8209,5.8197,5.8191,5.8211,5.8232,5.8252,5.8270,5.8290,5.8310,5.8333,5.8353,5.8373,5.8390,5.8412,5.8430,5.8451,5.8471,5.8491,5.8512,5.8532,5.8552,5.8573,5.8593,5.8614,5.8634,5.8655,5.8694,5.8768,5.8840,5.8914,5.8988,5.9061,5.9136,5.9211,5.9286,5.9362,5.9437,5.9513,5.9589,5.9665,5.9742,6.0325,6.5653,6.5648,6.5653,6.5648,6.5650,6.5645,6.5650,6.5645,6.5648,6.5643,6.5648,6.5643,6.5645,6.5640,6.5645,6.5640,6.5632,6.5645,6.5663,6.5681,6.5704,6.5725,6.5738,6.5756,6.5779,6.5794,6.5818,6.5830,6.5849,6.5867,6.5887,6.5913,6.5934,6.5957,6.5986,6.6004,6.6030,6.6058,6.6082,6.6105,6.6131,6.6155,6.6173,6.6220,6.6277,6.6345,6.6406,6.6471,6.6545,6.6606,6.6669,6.6728,6.6786,6.6839,6.6898,6.6956,6.7021,6.7077,6.7136,6.7195,6.7259,6.7319,6.7378,6.7584,6.7833,6.8097,6.8349,6.8614,7.0903,7.0903,7.0903,7.0903,7.0903,7.0903,7.0903,7.0903,7.0903,7.0903,7.0903,7.0903,7.0903,7.0903,7.0903,7.0903,7.0903,7.0903,7.0903,7.0903,7.0903,7.0903,7.0903,7.0903,7.0903,7.0903,7.0903,7.0903,7.0903,7.0903,7.0903,7.0903,7.0903,7.0903,7.0903,7.0903,7.0903,7.0903,7.0903,7.0903,7.0903,7.0903,7.0903,7.0903,7.0903,7.0903,7.0903,7.0903,7.0903,7.0903,7.0903,7.0903,7.0903,7.0903,7.0903,7.0903,7.0903,7.0903,7.0903,7.0903,7.0903,7.0903,7.0903,7.0903,7.0903,7.0903,7.0903,7.0903,7.0903,7.0903,7.0903,7.0903,7.0903,7.0903,7.0903,7.0903,7.0903,7.0903,7.0903,7.0903,7.0903,7.0903,7.0903,7.0903,7.0903,7.0903,7.0903,7.0903,7.0903,7.0903,7.0903,7.0903,7.0903,7.0903,7.0903,7.0903,7.0903,7.0903,7.0903,7.0903,7.0903,7.0903,7.0903,7.0903,7.0903,7.0903,7.0903,7.0903,7.0903,7.0903,7.0903,7.0903,7.0903,7.0903,7.0903,7.0903,7.0903,7.0903,7.0903,7.0903,7.0903,7.0903,7.0903,7.0903,7.0903,7.0903,7.0903,7.0903,7.0903,7.0903,7.0903,7.0903,7.0903,7.0903,7.0903,7.0903,7.0903,7.0903,7.0903,7.0903,7.0903,7.0903,7.0903,7.0903,7.0903,7.0903,7.0903,7.0903,7.0903,7.0903,7.0903,7.0903,7.0903,7.0903,7.0903,7.0903,7.0903,7.0903,7.0903,7.0903,7.0903,7.0903,7.0903,7.0903,7.0903,7.0903,7.0903,7.0903,7.0903,7.0903,7.0903,7.0903,7.0903,7.0903,7.0903,7.0903,7.0903,7.0903,7.0903,7.0903,7.0903,7.0903,7.0903,7.0903,7.0903,7.0903,7.0903,7.0903,7.0903,7.0903,7.0903,7.0903,7.0903,7.0903,7.0903,7.0903,7.0903,7.0903,7.0903,7.0903,7.0903,7.0903,7.0903,7.0903,7.0903,7.0903,7.0903,7.0903,7.0903,7.0903,7.0903,7.0903,7.0903,7.0903,7.0903,7.0903,7.0903,7.0903,7.0903,7.0903,7.0903,7.0903,7.0903,7.0903,7.0903,7.0903,7.0903,7.0903,7.0903,7.0903,7.0903,7.0903,7.0903,7.0903,7.0903,7.0903,7.0903,7.0903,7.0903,7.0903,7.0903,7.0903,7.0903,7.0903,7.0903,7.0903,7.0903,7.0903,7.0903,7.0903,7.0903,7.0903,7.0903,7.0903,7.0903,7.0903,7.0903,7.0903,7.0903,7.0903,7.0903,7.0903,7.0903,7.0903,7.0903,7.0903,7.0903,7.0903,7.0903,7.0903,7.0903,7.0903,7.0903,7.0903,7.0903,7.0903,7.0903,7.0903,7.0903,7.0903,7.0903,7.0903,7.0903,7.0903,7.0903,7.0903,7.0903,7.0903,7.0903,7.0903,7.0903,7.0903,7.0903,7.0903,7.0903,7.0903,7.0903,7.0903,7.0903,7.0903,7.0903,7.0903,7.0903,7.0903,7.0903,7.0903,7.0903,7.0903,7.0903,7.0903,7.0903,7.0903,7.0903,7.0903,7.0903,7.0903,7.0903,7.0903,7.0903,7.0903,7.0903,7.0903,7.0903,7.0903,7.0903,7.0903,7.0903,7.0903,7.0903,7.0903,7.0903,7.0903,7.0903,7.0903,7.0903,7.0903,7.0903,7.0903,7.0903,7.0903,7.0903,7.0903,7.0903,7.0903,7.0903,7.0903,7.0903,7.0903,7.0903,7.0903,7.0903,7.0903,7.0903,7.0903,7.0903,7.0903,7.0903,7.0903,7.0903,7.0903,7.0903,7.0903,7.0903,7.0903,7.0903,7.0903,7.0903,7.0903,7.0903,7.0903,7.0903,7.0903,7.0903,7.0903,7.0903,7.0903,7.0903,7.0903,7.0903,7.0903,7.0903,7.0903,7.0903,7.0903,7.0903,7.0903,7.0903,7.0903,7.0903,7.0903,7.0903,7.0903,7.0903,7.0903,7.0903,7.0903,7.0903,7.0903,7.0903,7.0903,7.0903,7.0903,7.0903,7.0903,7.0903,7.0903,7.0903,7.0903,7.0903,7.0903,7.0903,7.0903,7.0903,7.0903,7.0903,7.0903,7.0903,7.0903,7.0903,7.0903,7.0903,7.0903,7.0903,7.0903
7.0846,7.0846,7.0846,7.0846,7.0846,7.0846,7.0846,7.0846,7.0846,7.0846,7.0846,7.0846,7.0846,7.0846,7.0846,7.0846,7.0846,7.0846,7.0846,7.0846,7.0846,7.0846,7.0846,7.0846,7.0846,7.0846,7.0846,7.0846,7.0846,7.0846,7.0846,7.0846,7.0846,7.0846,7.0846,7.0846,7.0846,7.0846,7.0846,7.0846,7.0846,7.0846,7.0846,7.0846,7.0846,7.0846,7.0846,7.0846,7.0846,7.0846,7.0846,7.0846,7.0846,7.0846,7.0846,7.0846,7.0846,7.0846,7.0846,7.0846,7.0846,7.0846,7.0846,7.0846,7.0846,7.0846,7.0846,7.0846,7.0846,7.0846,7.0846,7.0846,7.0846,7.0846,7.0846,7.0846,7.0846,7.0846,7.0846,7.0846,7.0846,7.0846,7.0846,7.0846,7.0846,7.0846,7.0846,7.0846,7.0846,7.0846,7.0846,7.0846,7.0846,7.0846,7.0846,7.0846,7.0846,7.0846,7.0846,7.0846,7.0846,7.0846,7.0846,7.0846,7.0846,7.0846,7.0846,7.0846,7.0846,7.0846,7.0846,7.0846,7.0846,7.0846,7.0846,7.0846,7.0846,7.0846,7.0846,7.0846,7.0846,7.0846,7.0846,7.0846,7.0846,7.0846,7.0846,7.0846,7.0846,7.0846,7.0846,7.0846,7.0846,7.0846,7.0846,7.0846,7.0846,7.0846,7.0846,7.0846,7.0846,7.0846,7.0846,7.0846,7.0846,7.0846,7.0846,7.0846,7.0846,7.0846,7.0846,7.0846,7.0846,7.0846,7.0846,7.0846,7.0846,7.0846,7.0846,7.0846,7.0846,7.0846,7.0846,7.0846,7.0846,7.0846,7.0846,7.0846,7.0846,7.0846,7.0846,7.0846,7.0846,7.0846,7.0846,7.0846,7.0846,7.0846,7.0846,7.0846,7.0846,7.0846,7.0846,7.0846,7.0846,7.0846,7.0846,7.0846,7.0846,7.0846,7.0846,7.0846,7.0846,7.0846,7.0846,7.0846,7.0846,7.0846,7.0846,7.0846,7.0846,7.0846,7.0846,7.0846,7.0846,7.0846,7.0846,7.0846,7.0846,7.0846,7.0846,7.0846,7.0846,7.0846,7.0846,7.0846,7.0846,7.0846,7.0846,7.0846,7.0846,7.0846,7.0846,7.0846,7.0846,7.0846,7.0846,7.0846,7.0846,7.0846,7.0846,7.0846,7.0846,7.0846,7.0846,7.0846,7.0846,7.0846,7.0846,7.0846,7.0846,7.0846,7.0846,7.0846,7.0846,7.0846,7.0846,7.0846,7.0846,7.0846,7.0846,7.0846,7.0846,7.0846,7.0846,7.0846,7.0846,7.0846,7.0846,7.0846,7.0846,7.0846,7.0846,7.0846,7.0846,7.0846,7.0846,7.0846,7.0846,7.0846,7.0846,7.0846,7.0846,7.0846,7.0846,7.0846,7.0846,7.0846,7.0846,7.0846,7.0846,7.0846,7.0846,7.0846,7.0846,7.0846,7.0846,7.0846,7.0846,7.0846,7.0846,7.0846,7.0846,7.0846,7.0846,7.0846,7.0846,7.0846,7.0846,7.0846,7.0846,7.0846,7.0846,7.0846,7.0846,7.0846,7.0846,7.0846,7.0846,7.0846,7.0846,7.0846,7.0846,7.0846,7.0846,7.0846,7.0846,7.0846,7.0846,7.0846,7.0846,7.0846,7.0846,7.0846,7.0846,7.0846,7.0846,7.0846,7.0846,7.0846,7.0846,7.0846,7.0846,7.0846,7.0846,7.0846,7.0846,7.0846,7.0846,7.0846,7.0846,7.0846,7.0846,7.0846,7.0846,7.0846,7.0846,7.0846,7.0846,7.0846,7.0846,7.0846,7.0846,7.0846,7.0846,7.0846,7.0846,7.0846,7.0846,7.0846,7.0846,7.0846,7.0846,7.0846,7.0846,7.0846,7.0846,7.0846,7.0846,7.0846,7.0846,7.0846,7.0846,7.0846,7.0846,7.0846,7.0846,7.0846,7.0846,7.0846,7.0846,7.0846,6.0637,6.0328,6.0009,5.9704,5.9475,5.9416,5.9357,5.9301,5.9242,5.9184,5.9128,5.9069,5.9011,5.8953,5.8895,5.8838,5.8782,5.8724,5.8667,5.8612,5.8554,5.8501,5.8489,5.8477,5.8465,5.8453,5.8440,5.8428,5.8416,5.8404,5.8392,5.8379,5.8367,5.8355,5.8343,5.8329,5.8317,5.8304,5.8292,5.8280,5.8268,5.8254,5.8242,5.8230,5.8218,5.8203,5.8203,5.8224,5.8242,5.8262,5.8282,5.8302,5.8325,5.8343,5.8361,5.8383,5.8404,5.8422,5.8442,5.8463,5.8483,5.8501,5.8522,5.8542,5.8563,5.8583,5.8603,5.8624,5.8644,5.8665,5.8712,5.8786,5.8858,5.8933,5.9007,5.9080,5.9155,5.9230,5.9305,5.9378,5.9454,5.9532,5.9608,5.9684,5.9761,6.0486,6.5589,6.5584,6.5586,6.5586,6.5586,6.5586,6.5579,6.5584,6.5584,6.5584,6.5581,6.5576,6.5581,6.5581,6.5581,6.5581,6.5594,6.5622,6.5640,6.5653,6.5671,6.5691,6.5709,6.5727,6.5751,6.5766,6.5784,6.5802,6.5820,6.5843,6.5859,6.5885,6.5908,6.5926,6.5957,6.5980,6.5999,6.6022,6.6048,6.6077,6.6100,6.6118,6.6149,6.6212,6.6275,6.6343,6.6403,6.6466,6.6537,6.6606,6.6672,6.6733,6.6791,6.6850,6.6908,6.6962,6.7021,6.7085,6.7141,6.7206,6.7259,6.7319,6.7424,6.7677,6.7937,6.8196,6.8449,6.8707,7.0846,7.0846,7.0846,7.0846,7.0846,7.0846,7.0846,7.0846,7.0846,7.0846,7.0846,7.0846,7.0846,7.0846,7.0846,7.0846,7.0846,7.0846,7.0846,7.0846,7.0846,7.0846,7.0846,7.0846,7.0846,7.0846,7.0846,7.0846,7.0846,7.0846,7.0846,7.0846,7.0846,7.0846,7.0846,7.0846,7.0846,7.0846,7.0846,7.0846,7.0846,7.0846,7.0846,7.0846,7.0846,7.0846,7.0846,7.0846,7.0846,7.0846,7.0846,7.0846,7.0846,7.0846,7.0846,7.0846,7.0846,7.0846,7.0846,7.0846,7.0846,7.0846,7.0846,7.0846,7.0846,7.0846,7.0846,7.0846,7.0846,7.0846,7.0846,7.0846,7.0846,7.0846,7.0846,7.0846,7.0846,7.0846,7.0846,7.0846,7.0846,7.0846,7.0846,7.0846,7.0846,7.0846,7.0846,7.0846,7.0846,7.0846,7.0846,7.0846,7.0846,7.0846,7.0846,7.0846,7.0846,7.0846,7.0846,7.0846,7.0846,7.0846,7.0846,7.0846,7.0846,7.0846,7.0846,7.0846,7.0846,7.0846,7.0846,7.0846,7.0846,7.0846,7.0846,7.0846,7.0846,7.0846,7.0846,7.0846,7.0846,7.0846,7.0846,7.0846,7.0846,7.0846,7.0846,7.0846,7.0846,7.0846,7.0846,7.0846,7.0846,7.0846,7.0846,7.0846,7.0846,7.0846,7.0846,7.0846,7.0846,7.0846,7.0846,7.0846,7.0846,7.0846,7.0846,7.0846,7.0846,7.0846,7.0846,7.0846,7.0846,7.0846,7.0846,7.0846,7.0846,7.0846,7.0846,7.0846,7.0846,7.0846,7.0846,7.0846,7.0846,7.0846,7.0846,7.0846,7.0846,7.0846,7.0846,7.0846,7.0846,7.0846,7.0846,7.0846,7.0846,7.0846,7.0846,7.0846,7.0846,7.0846,7.0846,7.0846,7.0846,7.0846,7.0846,7.0846,7.0846,7.0846,7.0846,7.0846,7.0846,7.0846,7.0846,7.0846,7.0846,7.0846,7.0846,7.0846,7.0846,7.0846,7.0846,7.0846,7.0846,7.0846,7.0846,7.0846,7.0846,7.0846,7.0846,7.0846,7.0846,7.0846,7.0846,7.0846,7.0846,7.0846,7.0846,7.0846,7.0846,7.0846,7.0846,7.0846,7.0846,7.0846,7.0846,7.0846,7.0846,7.0846,7.0846,7.0846,7.0846,7.0846,7.0846,7.0846,7.0846,7.0846,7.0846,7.0846,7.0846,7.0846,7.0846,7.0846,7.0846,7.0846,7.0846,7.0846,7.0846,7.0846,7.0846,7.0846,7.0846,7.0846,7.0846,7.0846,7.0846,7.0846,7.0846,7.0846,7.0846,7.0846,7.0846,7.0846,7.0846,7.0846,7.0846,7.0846,7.0846,7.0846,7.0846,7.0846,7.0846,7.0846,7.0846,7.0846,7.0846,7.0846,7.0846,7.0846,7.0846,7.0846,7.0846,7.0846,7.0846,7.0846,7.0846,7.0846,7.0846,7.0846,7.0846,7.0846,7.0846,7.0846,7.0846,7.0846,7.0846,7.0846,7.0846,7.0846,7.0846,7.0846,7.0846,7.0846,7.0846,7.0846,7.0846,7.0846,7.0846,7.0846,7.0846,7.0846,7.0846,7.0846,7.0846,7.0846,7.0846,7.0846,7.0846,7.0846,7.0846,7.0846,7.0852,7.0852,7.0852,7.0852,7.0852,7.0852,7.0852,7.0852,7.0852,7.0852,7.0852,7.0852,7.0852,7.0852,7.0852,7.0852,7.0852,7.0852,7.0852,7.0852,7.0852,7.0852,7.0852,7.0852,7.0852,7.0852,7.0852,7.0852,7.0852,7.0852,7.0852,7.0852,7.0852,7.0852,7.0852,7.0852,7.0852,7.0852,7.0852,7.0852,7.0852,7.0852,7.0852,7.0852,7.0852,7.0852,7.0852,7.0852,7.0852,7.0852,7.0852,7.0852,7.0852,7.0852,7.0852,7.0852,7.0852,7.0852,7.0852,7.0852,7.0852,7.0852,7.0852,7.0852,7.0852,7.0852,7.0852,7.0852,7.0852,7.0852,7.0852,7.0852,7.0852,7.0852,7.0852,7.0852,7.0852,7.0852,7.0852,7.0852,7.0852,7.0852,7.0852,7.0852,7.0852,7.0852,7.0852,7.0852,7.0852,7.0852,7.0852,7.0852,7.0852,7.0852,7.0852,7.0852,7.0852,7.0852,7.0852,7.0852,7.0852,7.0852
7.0789,7.0789,7.0789,7.0789,7.0789,7.0789,7.0789,7.0789,7.0789,7.0789,7.0789,7.0789,7.0789,7.0789,7.0789,7.0789,7.0789,7.0789,7.0789,7.0789,7.0789,7.0789,7.0789,7.0789,7.0789,7.0789,7.0789,7.0789,7.0789,7.0789,7.0789,7.0789,7.0789,7.0789,7.0789,7.0789,7.0789,7.0789,7.0789,7.0789,7.0789,7.0789,7.0789,7.0789,7.0789,7.0789,7.0789,7.0789,7.0789,7.0789,7.0789,7.0789,7.0789,7.0789,7.0789,7.0789,7.0789,7.0789,7.0789,7.0789,7.0789,7.0789,7.0789,7.0789,7.0789,7.0789,7.0789,7.0789,7.0789,7.0789,7.0789,7.0789,7.0789,7.0789,7.0789,7.0789,7.0789,7.0789,7.0789,7.0789,7.0789,7.0789,7.0789,7.0789,7.0789,7.0789,7.0789,7.0789,7.0789,7.0789,7.0789,7.0789,7.0789,7.0789,7.0789,7.0789,7.0789,7.0789,7.0789,7.0789,7.0789,7.0789,7.0789,7.0789,7.0789,7.0789,7.0789,7.0789,7.0789,7.0789,7.0789,7.0789,7.0789,7.0789,7.0789,7.0789,7.0789,7.0789,7.0789,7.0789,7.0789,7.0789,7.0789,7.0789,7.0789,7.0789,7.0789,7.0789,7.0789,7.0789,7.0789,7.0789,7.0789,7.0789,7.0789,7.0789,7.0789,7.0789,7.0789,7.0789,7.0789,7.0789,7.0789,7.0789,7.0789,7.0789,7.0789,7.0789,7.0789,7.0789,7.0789,7.0789,7.0789,7.0789,7.0789,7.0789,7.0789,7.0789,7.0789,7.0789,7.0789,7.0789,7.0789,7.0789,7.0789,7.0789,7.0789,7.0789,7.0789,7.0789,7.0789,7.0789,7.0789,7.0789,7.0789,7.0789,7.0789,7.0789,7.0789,7.0789,7.0789,7.0789,7.0789,7.0789,7.0789,7.0789,7.0789,7.0789,7.0789,7.0789,7.0789,7.0789,7.0789,7.0789,7.0789,7.0789,7.0789,7.0789,7.0789,7.0789,7.0789,7.0789,7.0789,7.0789,7.0789,7.0789,7.0789,7.0789,7.0789,7.0789,7.0789,7.0789,7.0789,7.0789,7.0789,7.0789,7.0789,7.0789,7.0789,7.0789,7.0789,7.0789,7.0789,7.0789,7.0789,7.0789,7.0789,7.0789,7.0789,7.0789,7.0789,7.0789,7.0789,7.0789,7.0789,7.0789,7.0789,7.0789,7.0789,7.0789,7.0789,7.0789,7.0789,7.0789,7.0789,7.0789,7.0789,7.0789,7.0789,7.0789,7.0789,7.0789,7.0789,7.0789,7.0789,7.0789,7.0789,7.0789,7.0789,7.0789,7.0789,7.0789,7.0789,7.0789,7.0789,7.0789,7.0789,7.0789,7.0789,7.0789,7.0789,7.0789,7.0789,7.0789,7.0789,7.0789,7.0789,7.0789,7.0789,7.0789,7.0789,7.0789,7.0789,7.0789,7.0789,7.0789,7.0789,7.0789,7.0789,7.0789,7.0789,7.0789,7.0789,7.0789,7.0789,7.0789,7.0789,7.0789,7.0789,7.0789,7.0789,7.0789,7.0789,7.0789,7.0789,7.0789,7.0789,7.0789,7.0789,7.0789,7.0789,7.0789,7.0789,7.0789,7.0789,7.0789,7.0789,7.0789,7.0789,7.0789,7.0789,7.0789,7.0789,7.0789,7.0789,7.0789,7.0789,7.0789,7.0789,7.0789,7.0789,7.0789,7.0789,7.0789,7.0789,7.0789,7.0789,7.0789,7.0789,7.0789,7.0789,7.0789,7.0789,7.0789,7.0789,7.0789,7.0789,7.0789,7.0789,7.0789,7.0789,7.0789,7.0789,7.0789,7.0789,7.0789,7.0789,7.0789,7.0789,7.0789,7.0789,7.0789,7.0789,7.0789,7.0789,7.0789,7.0789,7.0789,7.0789,7.0789,7.0789,7.0789,7.0789,7.0789,7.0789,7.0789,7.0789,7.0789,7.0789,7.0789,7.0789,7.0789,6.0598,6.0286,5.9970,5.9676,5.9475,5.9416,5.9360,5.9301,5.9242,5.9186,5.9128,5.9069,5.9011,5.8955,5.8897,5.8840,5.8782,5.8726,5.8669,5.8614,5.8559,5.8510,5.8497,5.8485,5.8473,5.8461,5.8448,5.8436,5.8424,5.8412,5.8402,5.8390,5.8373,5.8361,5.8349,5.8337,5.8327,5.8313,5.8300,5.8286,5.8274,5.8262,5.8250,5.8238,5.8224,5.8211,5.8213,5.8234,5.8254,5.8274,5.8294,5.8315,5.8333,5.8353,5.8373,5.8396,5.8414,5.8434,5.8455,5.8473,5.8493,5.8514,5.8534,5.8554,5.8575,5.8595,5.8616,5.8636,5.8657,5.8677,5.8731,5.8805,5.8877,5.8951,5.9026,5.9101,5.9173,5.9249,5.9324,5.9397,5.9473,5.9549,5.9625,5.9704,5.9780,6.0633,6.5522,6.5522,6.5522,6.5520,6.5520,6.5515,6.5515,6.5517,6.5517,6.5517,6.5512,6.5512,6.5512,6.5512,6.5517,6.5530,6.5558,6.5581,6.5612,6.5630,6.5645,6.5668,6.5686,6.5704,6.5717,6.5738,6.5756,6.5774,6.5797,6.5812,6.5836,6.5849,6.5880,6.5898,6.5921,6.5944,6.5970,6.5993,6.6022,6.6045,6.6071,6.6090,6.6144,6.6207,6.6269,6.6338,6.6395,6.6464,6.6527,6.6595,6.6661,6.6730,6.6794,6.6852,6.6908,6.6972,6.7026,6.7085,6.7144,6.7208,6.7265,6.7324,6.7527,6.7775,6.8033,6.8296,6.8544,6.8800,7.0789,7.0789,7.0789,7.0789,7.0789,7.0789,7.0789,7.0789,7.0789,7.0789,7.0789,7.0789,7.0789,7.0789,7.0789,7.0789,7.0789,7.0789,7.0789,7.0789,7.0789,7.0789,7.0789,7.0789,7.0789,7.0789,7.0789,7.0789,7.0789,7.0789,7.0789,7.0789,7.0789,7.0789,7.0789,7.0789,7.0789,7.0789,7.0789,7.0789,7.0789,7.0789,7.0789,7.0789,7.0789,7.0789,7.0789,7.0789,7.0789,7.0789,7.0789,7.0789,7.0789,7.0789,7.0789,7.0789,7.0789,7.0789,7.0789,7.0789,7.0789,7.0789,7.0789,7.0789,7.0789,7.0789,7.0789,7.0789,7.0789,7.0789,7.0789,7.0789,7.0789,7.0789,7.0789,7.0789,7.0789,7.0789,7.0789,7.0789,7.0789,7.0789,7.0789,7.0789,7.0789,7.0789,7.0789,7.0789,7.0789,7.0789,7.0789,7.0789,7.0789,7.0789,7.0789,7.0789,7.0789,7.0789,7.0789,7.0789,7.0789,7.0789,7.0789,7.0789,7.0789,7.0789,7.0789,7.0789,7.0789,7.0789,7.0789,7.0789,7.0789,7.0789,7.0789,7.0789,7.0789,7.0789,7.0789,7.0789,7.0789,7.0789,7.0789,7.0789,7.0789,7.0789,7.0789,7.0789,7.0789,7.0789,7.0789,7.0789,7.0789,7.0789,7.0789,7.0789,7.0789,7.0789,7.0789,7.0789,7.0789,7.0789,7.0789,7.0789,7.0789,7.0789,7.0789,7.0789,7.0789,7.0789,7.0789,7.0789,7.0789,7.0789,7.0789,7.0789,7.0789,7.0789,7.0789,7.0789,7.0789,7.0789,7.0789,7.0789,7.0789,7.0789,7.0789,7.0789,7.0789,7.0789,7.0789,7.0789,7.0789,7.0789,7.0789,7.0789,7.0789,7.0789,7.0789,7.0789,7.0789,7.0789,7.0789,7.0789,7.0789,7.0789,7.0789,7.0789,7.0789,7.0789,7.0789,7.0789,7.0789,7.0789,7.0789,7.0789,7.0789,7.0789,7.0789,7.0789,7.0789,7.0789,7.0789,7.0789,7.0789,7.0789,7.0789,7.0789,7.0789,7.0789,7.0789,7.0789,7.0789,7.0789,7.0789,7.0789,7.0789,7.0789,7.0789,7.0789,7.0789,7.0789,7.0789,7.0789,7.0789,7.0789,7.0789,7.0789,7.0789,7.0789,7.0789,7.0789,7.0789,7.0789,7.0789,7.0789,7.0789,7.0789,7.0789,7.0789,7.0789,7.0789,7.0789,7.0789,7.0789,7.0789,7.0789,7.0789,7.0789,7.0789,7.0789,7.0789,7.0789,7.0789,7.0789,7.0789,7.0789,7.0789,7.0789,7.0789,7.0789,7.0789,7.0789,7.0789,7.0789,7.0789,7.0789,7.0789,7.0789,7.0789,7.0789,7.0789,7.0789,7.0789,7.0789,7.0789,7.0789,7.0789,7.0789,7.0789,7.0789,7.0789,7.0789,7.0789,7.0789,7.0789,7.0789,7.0789,7.0789,7.0789,7.0789,7.0789,7.0789,7.0789,7.0789,7.0789,7.0789,7.0789,7.0789,7.0789,7.0789,7.0789,7.0789,7.0789,7.0789,7.0789,7.0789,7.0789,7.0789,7.0789,7.0789,7.0789,7.0789,7.0789,7.0789,7.0789,7.0789,7.0789,7.0789,7.0789,7.0789,7.0789,7.0789,7.0789,7.0789,7.0789,7.0789,7.0789,7.0789,7.0789,7.0789,7.0789,7.0789,7.0789,7.0789,7.0789,7.0789,7.0789,7.0789,7.0789,7.0789,7.0789,7.0789,7.0789,7.0789,7.0789,7.0789,7.0789,7.0789,7.0789,7.0789,7.0789,7.0789,7.0789,7.0789,7.0789,7.0789,7.0789,7.0789,7.0789,7.0789,7.0789,7.0789,7.0789,7.0789,7.0789,7.0789,7.0789,7.0789,7.0789,7.0789,7.0789,7.0789,7.0789,7.0789,7.0789,7.0789,7.0789,7.0789,7.0789,7.0789,7.0789,7.0789,7.0789,7.0789,7.0789,7.0789,7.0789,7.0789,7.0789,7.0789,7.0789,7.0789,7.0789,7.0789,7.0789,7.0789,7.0789,7.0789,7.0789,7.0789,7.0789,7.0789,7.0789,7.0789,7.0789,7.0789,7.0789,7.0789,7.0789,7.0789,7.0789,7.0789,7.0789,7.0789,7.0789,7.0789,7.0789,7.0789,7.0789,7.0789,7.0789,7.0789,7.0789
7.0738,7.0738,7.0738,7.0738,7.0738,7.0738,7.0738,7.0738,7.0738,7.0738,7.0738,7.0738,7.0738,7.0738,7.0738,7.0738,7.0738,7.0738,7.0738,7.0738,7.0738,7.0738,7.0738,7.0738,7.0738,7.0738,7.0738,7.0738,7.0738,7.0738,7.0738,7.0738,7.0738,7.0738,7.0738,7.0738,7.0738,7.0738,7.0738,7.0738,7.0738,7.0738,7.0738,7.0738,7.0738,7.0738,7.0738,7.0738,7.0738,7.0738,7.0738,7.0738,7.0738,7.0738,7.0738,7.0738,7.0738,7.0738,7.0738,7.0738,7.0738,7.0738,7.0738,7.0738,7.0738,7.0738,7.0738,7.0738,7.0738,7.0738,7.0738,7.0738,7.0738,7.0738,7.0738,7.0738,7.0738,7.0738,7.0738,7.0738,7.0738,7.0738,7.0738,7.0738,7.0738,7.0738,7.0738,7.0738,7.0738,7.0738,7.0738,7.0738,7.0738,7.0738,7.0738,7.0738,7.0738,7.0738,7.0738,7.0738,7.0738,7.0738,7.0738,7.0738,7.0738,7.0738,7.0738,7.0738,7.0738,7.0738,7.0738,7.0738,7.0738,7.0738,7.0738,7.0738,7.0738,7.0738,7.0738,7.0738,7.0738,7.0738,7.0738,7.0738,7.0738,7.0738,7.0738,7.0738,7.0738,7.0738,7.0738,7.0738,7.0738,7.0738,7.0738,7.0738,7.0738,7.0738,7.0738,7.0738,7.0738,7.0738,7.0738,7.0738,7.0738,7.0738,7.0738,7.0738,7.0738,7.0738,7.0738,7.0738,7.0738,7.0738,7.0738,7.0738,7.0738,7.0738,7.0738,7.0738,7.0738,7.0738,7.0738,7.0738,7.0738,7.0738,7.0738,7.0738,7.0738,7.0738,7.0738,7.0738,7.0738,7.0738,7.0738,7.0738,7.0738,7.0738,7.0738,7.0738,7.0738,7.0738,7.0738,7.0738,7.0738,7.0738,7.0738,7.0738,7.0738,7.0738,7.0738,7.0738,7.0738,7.0738,7.0738,7.0738,7.0738,7.0738,7.0738,7.0738,7.0738,7.0738,7.0738,7.0738,7.0738,7.0738,7.0738,7.0738,7.0738,7.0738,7.0738,7.0738,7.0738,7.0738,7.0738,7.0738,7.0738,7.0738,7.0738,7.0738,7.0738,7.0738,7.0738,7.0738,7.0738,7.0738,7.0738,7.0738,7.0738,7.0738,7.0738,7.0738,7.0738,7.0738,7.0738,7.0738,7.0738,7.0738,7.0738,7.0738,7.0738,7.0738,7.0738,7.0738,7.0738,7.0738,7.0738,7.0738,7.0738,7.0738,7.0738,7.0738,7.0738,7.0738,7.0738,7.0738,7.0738,7.0738,7.0738,7.0738,7.0738,7.0738,7.0738,7.0738,7.0738,7.0738,7.0738,7.0738,7.0738,7.0738,7.0738,7.0738,7.0738,7.0738,7.0738,7.0738,7.0738,7.0738,7.0738,7.0738,7.0738,7.0738,7.0738,7.0738,7.0738,7.0738,7.0738,7.0738,7.0738,7.0738,7.0738,7.0738,7.0738,7.0738,7.0738,7.0738,7.0738,7.0738,7.0738,7.0738,7.0738,7.0738,7.0738,7.0738,7.0738,7.0738,7.0738,7.0738,7.0738,7.0738,7.0738,7.0738,7.0738,7.0738,7.0738,7.0738,7.0738,7.0738,7.0738,7.0738,7.0738,7.0738,7.0738,7.0738,7.0738,7.0738,7.0738,7.0738,7.0738,7.0738,7.0738,7.0738,7.0738,7.0738,7.0738,7.0738,7.0738,7.0738,7.0738,7.0738,7.0738,7.0738,7.0738,7.0738,7.0738,7.0738,7.0738,7.0738,7.0738,7.0738,7.0738,7.0738,7.0738,7.0738,7.0738,7.0738,7.0738,7.0738,7.0738,7.0738,7.0738,7.0738,7.0738,7.0738,7.0738,7.0738,7.0738,7.0738,7.0738,7.0738,7.0738,7.0738,7.0738,7.0738,7.0738,7.0738,7.0738,7.0738,7.0738,7.0738,7.0738,6.0865,6.0556,6.0248,5.9940,5.9646,5.9477,5.9418,5.9360,5.9301,5.9244,5.9186,5.9128,5.9071,5.9013,5.8955,5.8897,5.8842,5.8784,5.8729,5.8671,5.8616,5.8561,5.8516,5.8503,5.8491,5.8479,5.8467,5.8455,5.8442,5.8430,5.8418,5.8406,5.8394,5.8381,5.8369,5.8357,5.8347,5.8333,5.8319,5.8306,5.8294,5.8282,5.8270,5.8258,5.8244,5.8232,5.8220,5.8226,5.8246,5.8266,5.8286,5.8304,5.8325,5.8345,5.8367,5.8385,5.8406,5.8426,5.8444,5.8465,5.8485,5.8506,5.8526,5.8546,5.8567,5.8587,5.8608,5.8628,5.8646,5.8667,5.8687,5.8749,5.8823,5.8895,5.8970,5.9044,5.9119,5.9192,5.9267,5.9343,5.9416,5.9492,5.9568,5.9644,5.9721,5.9797,6.0780,6.5458,6.5456,6.5451,6.5451,6.5456,6.5456,6.5456,6.5456,6.5451,6.5451,6.5456,6.5451,6.5451,6.5456,6.5458,6.5489,6.5509,6.5538,6.5566,6.5599,6.5622,6.5635,6.5658,6.5671,6.5691,6.5715,6.5733,6.5751,6.5763,6.5789,6.5807,6.5825,6.5843,6.5867,6.5892,6.5916,6.5944,6.5962,6.5988,6.6012,6.6040,6.6077,6.6139,6.6207,6.6269,6.6332,6.6390,6.6458,6.6521,6.6593,6.6661,6.6728,6.6791,6.6858,6.6911,6.6975,6.7037,6.7090,6.7149,6.7208,6.7273,6.7367,6.7620,6.7876,6.8138,6.8385,6.8642,7.0738,7.0738,7.0738,7.0738,7.0738,7.0738,7.0738,7.0738,7.0738,7.0738,7.0738,7.0738,7.0738,7.0738,7.0738,7.0738,7.0738,7.0738,7.0738,7.0738,7.0738,7.0738,7.0738,7.0738,7.0738,7.0738,7.0738,7.0738,7.0738,7.0738,7.0738,7.0738,7.0738,7.0738,7.0738,7.0738,7.0738,7.0738,7.0738,7.0738,7.0738,7.0738,7.0738,7.0738,7.0738,7.0738,7.0738,7.0738,7.0738,7.0738,7.0738,7.0738,7.0738,7.0738,7.0738,7.0738,7.0738,7.0738,7.0738,7.0738,7.0738,7.0738,7.0738,7.0738,7.0738,7.0738,7.0738,7.0738,7.0738,7.0738,7.0738,7.0738,7.0738,7.0738,7.0738,7.0738,7.0738,7.0738,7.0738,7.0738,7.0738,7.0738,7.0738,7.0738,7.0738,7.0738,7.0738,7.0738,7.0738,7.0738,7.0738,7.0738,7.0738,7.0738,7.0738,7.0738,7.0738,7.0738,7.0738,7.0738,7.0738,7.0738,7.0738,7.0738,7.0738,7.0738,7.0738,7.0738,7.0738,7.0738,7.0738,7.0738,7.0738,7.0738,7.0738,7.0738,7.0738,7.0738,7.0738,7.0738,7.0738,7.0738,7.0738,7.0738,7.0738,7.0738,7.0738,7.0738,7.0738,7.0738,7.0738,7.0738,7.0738,7.0738,7.0738,7.0738,7.0738,7.0738,7.0738,7.0738,7.0738,7.0738,7.0738,7.0738,7.0738,7.0738,7.0738,7.0738,7.0738,7.0738,7.0738,7.0738,7.0738,7.0738,7.0738,7.0738,7.0738,7.0738,7.0738,7.0738,7.0738,7.0738,7.0738,7.0738,7.0738,7.0738,7.0738,7.0738,7.0738,7.0738,7.0738,7.0738,7.0738,7.0738,7.0738,7.0738,7.0738,7.0738,7.0738,7.0738,7.0738,7.0738,7.0738,7.0738,7.0738,7.0738,7.0738,7.0738,7.0738,7.0738,7.0738,7.0738,7.0738,7.0738,7.0738,7.0738,7.0738,7.0738,7.0738,7.0738,7.0738,7.0738,7.0738,7.0738,7.0738,7.0738,7.0738,7.0738,7.0738,7.0738,7.0738,7.0738,7.0738,7.0738,7.0738,7.0738,7.0738,7.0738,7.0738,7.0738,7.0738,7.0738,7.0738,7.0738,7.0738,7.0738,7.0738,7.0738,7.0738,7.0738,7.0738,7.0738,7.0738,7.0738,7.0738,7.0738,7.0738,7.0738,7.0738,7.0738,7.0738,7.0738,7.0738,7.0738,7.0738,7.0738,7.0738,7.0738,7.0738,7.0738,7.0738,7.0738,7.0738,7.0738,7.0738,7.0738,7.0738,7.0738,7.0738,7.0738,7.0738,7.0738,7.0738,7.0738,7.0738,7.0738,7.0738,7.0738,7.0738,7.0738,7.0738,7.0738,7.0738,7.0738,7.0738,7.0738,7.0738,7.0738,7.0738,7.0738,7.0738,7.0738,7.0738,7.0738,7.0738,7.0738,7.0738,7.0738,7.0738,7.0738,7.0738,7.0738,7.0738,7.0738,7.0738,7.0738,7.0738,7.0738,7.0738,7.0738,7.0738,7.0738,7.0738,7.0738,7.0738,7.0738,7.0738,7.0738,7.0738,7.0738,7.0738,7.0738,7.0738,7.0738,7.0738,7.0738,7.0738,7.0738,7.0738,7.0738,7.0738,7.0738,7.0738,7.0738,7.0738,7.0738,7.0738,7.0738,7.0738,7.0738,7.0738,7.0738,7.0738,7.0738,7.0738,7.0738,7.0738,7.0738,7.0738,7.0738,7.0738,7.0738,7.0738,7.0738,7.0738,7.0738,7.0738,7.0738,7.0738,7.0738,7.0738,7.0738,7.0738,7.0738,7.0738,7.0738,7.0738,7.0738,7.0738,7.0738,7.0738,7.0738,7.0738,7.0738,7.0738,7.0738,7.0738,7.0738,7.0738,7.0738,7.0738,7.0738,7.0738,7.0738,7.0738,7.0738,7.0738,7.0738,7.0738,7.0738,7.0738,7.0738,7.0738,7.0738,7.0738,7.0738,7.0738,7.0738,7.0738,7.0738,7.0738,7.0738,7.0738,7.0738,7.0738,7.0738,7.0738,7.0738,7.0738,7.0738,7.0738,7.0738,7.0738,7.0738,7.0738,7.0738,7.0738,7.0738,7.0738,7.0738,7.0738,7.0738,7.0738,7.0738,7.0738,7.0738,7.0738,7.0738,7.0738,7.0738,7.0738,7.0738,7.0738,7.0738,7.0738
7.0679,7.0679,7.0679,7.0679,7.0679,7.0679,7.0679,7.0679,7.0679,7.0679,7.0679,7.0679,7.0679,7.0679,7.0679,7.0679,7.0679,7.0679,7.0679,7.0679,7.0679,7.0679,7.0679,7.0679,7.0679,7.0679,7.0679,7.0679,7.0679,7.0679,7.0679,7.0679,7.0679,7.0679,7.0679,7.0679,7.0679,7.0679,7.0679,7.0679,7.0679,7.0679,7.0679,7.0679,7.0679,7.0679,7.0679,7.0679,7.0679,7.0679,7.0679,7.0679,7.0679,7.0679,7.0679,7.0679,7.0679,7.0679,7.0679,7.0679,7.0679,7.0679,7.0679,7.0679,7.0679,7.0679,7.0679,7.0679,7.0679,7.0679,7.0679,7.0679,7.0679,7.0679,7.0679,7.0679,7.0679,7.0679,7.0679,7.0679,7.0679,7.0679,7.0679,7.0679,7.0679,7.0679,7.0679,7.0679,7.0679,7.0679,7.0679,7.0679,7.0679,7.0679,7.0679,7.0679,7.0679,7.0679,7.0679,7.0679,7.0679,7.0679,7.0679,7.0679,7.0679,7.0679,7.0679,7.0679,7.0679,7.0679,7.0679,7.0679,7.0679,7.0679,7.0679,7.0679,7.0679,7.0679,7.0679,7.0679,7.0679,7.0679,7.0679,7.0679,7.0679,7.0679,7.0679,7.0679,7.0679,7.0679,7.0679,7.0679,7.0679,7.0679,7.0679,7.0679,7.0679,7.0679,7.0679,7.0679,7.0679,7.0679,7.0679,7.0679,7.0679,7.0679,7.0679,7.0679,7.0679,7.0679,7.0679,7.0679,7.0679,7.0679,7.0679,7.0679,7.0679,7.0679,7.0679,7.0679,7.0679,7.0679,7.0679,7.0679,7.0679,7.0679,7.0679,7.0679,7.0679,7.0679,7.0679,7.0679,7.0679,7.0679,7.0679,7.0679,7.0679,7.0679,7.0679,7.0679,7.0679,7.0679,7.0679,7.0679,7.0679,7.0679,7.0679,7.0679,7.0679,7.0679,7.0679,7.0679,7.0679,7.0679,7.0679,7.0679,7.0679,7.0679,7.0679,7.0679,7.0679,7.0679,7.0679,7.0679,7.0679,7.0679,7.0679,7.0679,7.0679,7.0679,7.0679,7.0679,7.0679,7.0679,7.0679,7.0679,7.0679,7.0679,7.0679,7.0679,7.0679,7.0679,7.0679,7.0679,7.0679,7.0679,7.0679,7.0679,7.0679,7.0679,7.0679,7.0679,7.0679,7.0679,7.0679,7.0679,7.0679,7.0679,7.0679,7.0679,7.0679,7.0679,7.0679,7.0679,7.0679,7.0679,7.0679,7.0679,7.0679,7.0679,7.0679,7.0679,7.0679,7.0679,7.0679,7.0679,7.0679,7.0679,7.0679,7.0679,7.0679,7.0679,7.0679,7.0679,7.0679,7.0679,7.0679,7.0679,7.0679,7.0679,7.0679,7.0679,7.0679,7.0679,7.0679,7.0679,7.0679,7.0679,7.0679,7.0679,7.0679,7.0679,7.0679,7.0679,7.0679,7.0679,7.0679,7.0679,7.0679,7.0679,7.0679,7.0679,7.0679,7.0679,7.0679,7.0679,7.0679,7.0679,7.0679,7.0679,7.0679,7.0679,7.0679,7.0679,7.0679,7.0679,7.0679,7.0679,7.0679,7.0679,7.0679,7.0679,7.0679,7.0679,7.0679,7.0679,7.0679,7.0679,7.0679,7.0679,7.0679,7.0679,7.0679,7.0679,7.0679,7.0679,7.0679,7.0679,7.0679,7.0679,7.0679,7.0679,7.0679,7.0679,7.0679,7.0679,7.0679,7.0679,7.0679,7.0679,7.0679,7.0679,7.0679,7.0679,7.0679,7.0679,7.0679,7.0679,7.0679,7.0679,7.0679,7.0679,7.0679,7.0679,7.0679,7.0679,7.0679,7.0679,7.0679,7.0679,7.0679,7.0679,7.0679,7.0679,7.0679,7.0679,7.0679,7.0679,7.0679,7.0679,7.0679,7.0679,7.0679,7.0679,7.0679,7.0679,7.0679,7.0679,7.0679,7.0679,7.0679,6.0826,6.0517,6.0209,5.9912,5.9619,5.9477,5.9418,5.9362,5.9303,5.9244,5.9186,5.9130,5.9071,5.9013,5.8955,5.8899,5.8844,5.8786,5.8731,5.8675,5.8618,5.8563,5.8524,5.8512,5.8499,5.8487,5.8475,5.8463,5.8451,5.8438,5.8426,5.8414,5.8404,5.8390,5.8377,5.8365,5.8351,5.8341,5.8327,5.8315,5.8302,5.8290,5.8278,5.8264,5.8252,5.8240,5.8228,5.8238,5.8258,5.8276,5.8296,5.8317,5.8337,5.8357,5.8377,5.8398,5.8420,5.8436,5.8457,5.8477,5.8497,5.8518,5.8538,5.8556,5.8577,5.8597,5.8618,5.8638,5.8659,5.8679,5.8700,5.8768,5.8842,5.8916,5.8988,5.9063,5.9138,5.9211,5.9286,5.9362,5.9435,5.9511,5.9587,5.9663,5.9740,5.9884,6.0927,6.5405,6.5395,6.5392,6.5390,6.5390,6.5395,6.5395,6.5395,6.5395,6.5390,6.5390,6.5395,6.5395,6.5390,6.5415,6.5448,6.5474,6.5502,6.5530,6.5553,6.5586,6.5612,6.5630,6.5648,6.5668,6.5681,6.5704,6.5722,6.5740,6.5761,6.5779,6.5792,6.5815,6.5838,6.5861,6.5885,6.5911,6.5939,6.5962,6.5980,6.6014,6.6071,6.6134,6.6196,6.6259,6.6327,6.6390,6.6453,6.6519,6.6582,6.6648,6.6717,6.6789,6.6852,6.6916,6.6980,6.7039,6.7098,6.7155,6.7219,6.7278,6.7465,6.7723,6.7975,6.8224,6.8474,6.8729,7.0679,7.0679,7.0679,7.0679,7.0679,7.0679,7.0679,7.0679,7.0679,7.0679,7.0679,7.0679,7.0679,7.0679,7.0679,7.0679,7.0679,7.0679,7.0679,7.0679,7.0679,7.0679,7.0679,7.0679,7.0679,7.0679,7.0679,7.0679,7.0679,7.0679,7.0679,7.0679,7.0679,7.0679,7.0679,7.0679,7.0679,7.0679,7.0679,7.0679,7.0679,7.0679,7.0679,7.0679,7.0679,7.0679,7.0679,7.0679,7.0679,7.0679,7.0679,7.0679,7.0679,7.0679,7.0679,7.0679,7.0679,7.0679,7.0679,7.0679,7.0679,7.0679,7.0679,7.0679,7.0679,7.0679,7.0679,7.0679,7.0679,7.0679,7.0679,7.0679,7.0679,7.0679,7.0679,7.0679,7.0679,7.0679,7.0679,7.0679,7.0679,7.0679,7.0679,7.0679,7.0679,7.0679,7.0679,7.0679,7.0679,7.0679,7.0679,7.0679,7.0679,7.0679,7.0679,7.0679,7.0679,7.0679,7.0679,7.0679,7.0679,7.0679,7.0679,7.0679,7.0679,7.0679,7.0679,7.0679,7.0679,7.0679,7.0679,7.0679,7.0679,7.0679,7.0679,7.0679,7.0679,7.0679,7.0679,7.0679,7.0679,7.0679,7.0679,7.0679,7.0679,7.0679,7.0679,7.0679,7.0679,7.0679,7.0679,7.0679,7.0679,7.0679,7.0679,7.0679,7.0679,7.0679,7.0679,7.0679,7.0679,7.0679,7.0679,7.0679,7.0679,7.0679,7.0679,7.0679,7.0679,7.0679,7.0679,7.0679,7.0679,7.0679,7.0679,7.0679,7.0679,7.0679,7.0679,7.0679,7.0679,7.0679,7.0679,7.0679,7.0679,7.0679,7.0679,7.0679,7.0679,7.0679,7.0679,7.0679,7.0679,7.0679,7.0679,7.0679,7.0679,7.0679,7.0679,7.0679,7.0679,7.0679,7.0679,7.0679,7.0679,7.0679,7.0679,7.0679,7.0679,7.0685,7.0685,7.0685,7.0685,7.0685,7.0685,7.0685,7.0685,7.0685,7.0685,7.0685,7.0685,7.0685,7.0685,7.0685,7.0685,7.0685,7.0685,7.0685,7.0685,7.0685,7.0685,7.0685,7.0685,7.0685,7.0685,7.0685,7.0685,7.0685,7.0685,7.0685,7.0685,7.0685,7.0685,7.0685,7.0685,7.0685,7.0685,7.0685,7.0685,7.0685,7.0685,7.0685,7.0685,7.0685,7.0685,7.0685,7.0685,7.0685,7.0685,7.0685,7.0685,7.0685,7.0685,7.0685,7.0685,7.0685,7.0685,7.0685,7.0685,7.0685,7.0685,7.0685,7.0685,7.0685,7.0685,7.0685,7.0685,7.0685,7.0685,7.0685,7.0685,7.0685,7.0685,7.0685,7.0685,7.0685,7.0685,7.0685,7.0685,7.0685,7.0685,7.0685,7.0685,7.0685,7.0685,7.0685,7.0685,7.0685,7.0685,7.0685,7.0685,7.0685,7.0685,7.0685,7.0685,7.0685,7.0685,7.0685,7.0685,7.0685,7.0685,7.0685,7.0685,7.0685,7.0685,7.0685,7.0685,7.0685,7.0685,7.0685,7.0685,7.0685,7.0685,7.0685,7.0685,7.0685,7.0685,7.0685,7.0685,7.0685,7.0685,7.0685,7.0685,7.0685,7.0685,7.0685,7.0685,7.0685,7.0685,7.0685,7.0685,7.0685,7.0685,7.0685,7.0685,7.0685,7.0685,7.0685,7.0685,7.0685,7.0685,7.0685,7.0685,7.0685,7.0685,7.0685,7.0685,7.0685,7.0685,7.0685,7.0685,7.0685,7.0685,7.0685,7.0685,7.0685,7.0685,7.0685,7.0685,7.0685,7.0685,7.0685,7.0685,7.0685,7.0685,7.0685,7.0685,7.0685,7.0685,7.0685,7.0685,7.0685,7.0685,7.0685,7.0685,7.0685,7.0685,7.0685,7.0685,7.0685,7.0685,7.0685,7.0685,7.0685,7.0685,7.0685,7.0685,7.0685,7.0685,7.0685,7.0685,7.0685,7.0685,7.0685,7.0685,7.0685,7.0685,7.0685,7.0685,7.0685,7.0685,7.0685,7.0685,7.0685,7.0685,7.0685,7.0685,7.0685,7.0685,7.0685,7.0685,7.0685,7.0685,7.0685,7.0685,7.0685,7.0685,7.0685,7.0685,7.0685,7.0685,7.0685,7.0685,7.0685,7.0685,7.0685,7.0685,7.0685,7.0685,7.0685,7.0685,7.0685,7.0685,7.0685,7.0685
7.0622,7.0622,7.0622,7.0622,7.0622,7.0622,7.0622,7.0622,7.0622,7.0622,7.0622,7.0622,7.0622,7.0622,7.0622,7.0622,7.0622,7.0622,7.0622,7.0622,7.0622,7.0622,7.0622,7.0622,7.0622,7.0622,7.0622,7.0622,7.0622,7.0622,7.0622,7.0622,7.0622,7.0622,7.0622,7.0622,7.0622,7.0622,7.0622,7.0622,7.0622,7.0622,7.0622,7.0622,7.0622,7.0622,7.0622,7.0622,7.0622,7.0622,7.0622,7.0622,7.0622,7.0622,7.0622,7.0622,7.0622,7.0622,7.0622,7.0622,7.0622,7.0622,7.0622,7.0622,7.0622,7.0622,7.0622,7.0622,7.0622,7.0622,7.0622,7.0622,7.0622,7.0622,7.0622,7.0622,7.0622,7.0622,7.0622,7.0622,7.0622,7.0622,7.0622,7.0622,7.0622,7.0622,7.0622,7.0622,7.0622,7.0622,7.0622,7.0622,7.0622,7.0622,7.0622,7.0622,7.0622,7.0622,7.0622,7.0622,7.0622,7.0622,7.0622,7.0622,7.0622,7.0622,7.0622,7.0622,7.0622,7.0622,7.0622,7.0622,7.0622,7.0622,7.0622,7.0622,7.0622,7.0622,7.0622,7.0622,7.0622,7.0622,7.0622,7.0622,7.0622,7.0622,7.0622,7.0622,7.0622,7.0622,7.0622,7.0622,7.0622,7.0622,7.0622,7.0622,7.0622,7.0622,7.0622,7.0622,7.0622,7.0622,7.0622,7.0622,7.0622,7.0622,7.0622,7.0622,7.0622,7.0622,7.0622,7.0622,7.0622,7.0622,7.0622,7.0622,7.0622,7.0622,7.0622,7.0622,7.0622,7.0622,7.0622,7.0622,7.0622,7.0622,7.0622,7.0622,7.0622,7.0622,7.0622,7.0622,7.0622,7.0622,7.0622,7.0622,7.0622,7.0622,7.0622,7.0622,7.0622,7.0622,7.0622,7.0622,7.0622,7.0622,7.0622,7.0622,7.0622,7.0622,7.0622,7.0622,7.0622,7.0622,7.0622,7.0622,7.0622,7.0622,7.0622,7.0622,7.0622,7.0622,7.0622,7.0622,7.0622,7.0622,7.0622,7.0622,7.0622,7.0622,7.0622,7.0622,7.0622,7.0622,7.0622,7.0622,7.0622,7.0622,7.0622,7.0622,7.0622,7.0622,7.0622,7.0622,7.0622,7.0622,7.0622,7.0622,7.0622,7.0622,7.0622,7.0622,7.0622,7.0622,7.0622,7.0622,7.0622,7.0622,7.0622,7.0622,7.0622,7.0622,7.0622,7.0622,7.0622,7.0622,7.0622,7.0622,7.0622,7.0622,7.0622,7.0622,7.0622,7.0622,7.0622,7.0622,7.0622,7.0622,7.0622,7.0622,7.0622,7.0622,7.0622,7.0622,7.0622,7.0622,7.0622,7.0622,7.0622,7.0622,7.0622,7.0622,7.0622,7.0622,7.0622,7.0622,7.0622,7.0622,7.0622,7.0622,7.0622,7.0622,7.0622,7.0622,7.0622,7.0622,7.0622,7.0622,7.0622,7.0622,7.0622,7.0622,7.0622,7.0622,7.0622,7.0622,7.0622,7.0622,7.0622,7.0622,7.0622,7.0622,7.0622,7.0622,7.0622,7.0622,7.0622,7.0622,7.0622,7.0622,7.0622,7.0622,7.0622,7.0622,7.0622,7.0622,7.0622,7.0622,7.0622,7.0622,7.0622,7.0622,7.0622,7.0622,7.0622,7.0622,7.0622,7.0622,7.0622,7.0622,7.0622,7.0622,7.0622,7.0622,7.0622,7.0622,7.0622,7.0622,7.0622,7.0622,7.0622,7.0622,7.0622,7.0622,7.0622,7.0622,7.0622,7.0622,7.0622,7.0622,7.0622,7.0622,7.0622,7.0622,7.0622,7.0622,7.0622,7.0622,7.0622,7.0622,7.0622,7.0622,7.0622,7.0622,7.0622,7.0622,7.0622,7.0622,7.0622,7.0622,7.0622,7.0622,7.0622,7.0622,7.0622,7.0622,7.0622,7.0622,7.0622,7.0622,7.0622,6.0784,6.0475,6.0178,5.9884,5.9591,5.9477,5.9420,5.9362,5.9303,5.9246,5.9188,5.9130,5.9071,5.9015,5.8959,5.8902,5.8846,5.8788,5.8733,5.8677,5.8620,5.8565,5.8532,5.8520,5.8508,5.8495,5.8483,5.8471,5.8459,5.8446,5.8432,5.8420,5.8408,5.8396,5.8383,5.8371,5.8359,5.8347,5.8335,5.8325,5.8308,5.8296,5.8284,5.8272,5.8260,5.8248,5.8234,5.8248,5.8268,5.8288,5.8308,5.8329,5.8349,5.8369,5.8388,5.8408,5.8428,5.8448,5.8469,5.8489,5.8510,5.8528,5.8548,5.8569,5.8589,5.8610,5.8630,5.8651,5.8671,5.8692,5.8712,5.8786,5.8860,5.8935,5.9007,5.9082,5.9157,5.9230,5.9305,5.9381,5.9456,5.9530,5.9606,5.9682,5.9759,6.0054,6.1076,6.5344,6.5339,6.5331,6.5331,6.5329,6.5329,6.5334,6.5334,6.5329,6.5329,6.5329,6.5329,6.5334,6.5349,6.5374,6.5400,6.5433,6.5453,6.5481,6.5515,6.5543,6.5571,6.5602,6.5614,6.5640,6.5653,6.5671,6.5689,6.5709,6.5733,6.5751,6.5769,6.5784,6.5812,6.5838,6.5861,6.5880,6.5903,6.5934,6.5957,6.6006,6.6071,6.6134,6.6196,6.6254,6.6317,6.6379,6.6442,6.6508,6.6582,6.6648,6.6717,6.6778,6.6852,6.6914,6.6986,6.7039,6.7098,6.7157,6.7222,6.7316,6.7562,6.7822,6.8069,6.8321,6.8572,7.0622,7.0622,7.0622,7.0622,7.0622,7.0622,7.0622,7.0622,7.0622,7.0622,7.0622,7.0622,7.0622,7.0622,7.0622,7.0622,7.0622,7.0622,7.0622,7.0622,7.0622,7.0622,7.0622,7.0622,7.0622,7.0622,7.0622,7.0622,7.0622,7.0622,7.0622,7.0622,7.0622,7.0622,7.0622,7.0622,7.0622,7.0622,7.0622,7.0622,7.0622,7.0622,7.0622,7.0622,7.0622,7.0622,7.0622,7.0622,7.0622,7.0622,7.0622,7.0622,7.0622,7.0622,7.0622,7.0622,7.0622,7.0622,7.0622,7.0622,7.0622,7.0622,7.0622,7.0622,7.0622,7.0622,7.0622,7.0622,7.0622,7.0622,7.0622,7.0622,7.0622,7.0622,7.0622,7.0622,7.0622,7.0622,7.0622,7.0622,7.0622,7.0622,7.0622,7.0622,7.0622,7.0622,7.0622,7.0622,7.0622,7.0622,7.0622,7.0622,7.0622,7.0622,7.0622,7.0622,7.0622,7.0622,7.0622,7.0622,7.0622,7.0622,7.0622,7.0622,7.0622,7.0622,7.0622,7.0622,7.0622,7.0622,7.0622,7.0622,7.0622,7.0622,7.0622,7.0622,7.0622,7.0622,7.0622,7.0622,7.0622,7.0622,7.0622,7.0622,7.0622,7.0622,7.0622,7.0622,7.0622,7.0622,7.0622,7.0622,7.0622,7.0622,7.0622,7.0622,7.0622,7.0622,7.0622,7.0622,7.0622,7.0622,7.0622,7.0622,7.0622,7.0622,7.0622,7.0622,7.0622,7.0622,7.0622,7.0622,7.0622,7.0622,7.0622,7.0622,7.0622,7.0622,7.0622,7.0622,7.0622,7.0622,7.0622,7.0622,7.0622,7.0622,7.0622,7.0622,7.0622,7.0622,7.0622,7.0622,7.0622,7.0622,7.0622,7.0622,7.0622,7.0622,7.0622,7.0622,7.0622,7.0622,7.0622,7.0622,7.0622,7.0622,7.0622,7.0622,7.0622,7.0622,7.0622,7.0622,7.0622,7.0622,7.0622,7.0622,7.0622,7.0622,7.0622,7.0622,7.0622,7.0622,7.0622,7.0622,7.0622,7.0622,7.0622,7.0622,7.0622,7.0622,7.0622,7.0622,7.0622,7.0622,7.0622,7.0622,7.0622,7.0622,7.0622,7.0622,7.0622,7.0622,7.0622,7.0622,7.0622,7.0622,7.0622,7.0622,7.0622,7.0622,7.0622,7.0622,7.0622,7.0622,7.0622,7.0622,7.0622,7.0622,7.0622,7.0622,7.0622,7.0622,7.0622,7.0622,7.0622,7.0622,7.0622,7.0622,7.0622,7.0622,7.0622,7.0622,7.0622,7.0622,7.0622,7.0622,7.0622,7.0622,7.0622,7.0622,7.0622,7.0622,7.0622,7.0622,7.0622,7.0622,7.0622,7.0622,7.0622,7.0622,7.0622,7.0622,7.0622,7.0622,7.0622,7.0622,7.0622,7.0622,7.0622,7.0622,7.0622,7.0622,7.0622,7.0622,7.0622,7.0622,7.0622,7.0622,7.0622,7.0622,7.0622,7.0622,7.0622,7.0622,7.0622,7.0622,7.0622,7.0622,7.0622,7.0622,7.0622,7.0622,7.0622,7.0622,7.0622,7.0622,7.0622,7.0622,7.0622,7.0622,7.0622,7.0622,7.0622,7.0622,7.0622,7.0622,7.0622,7.0622,7.0622,7.0622,7.0622,7.0622,7.0622,7.0622,7.0622,7.0622,7.0622,7.0622,7.0622,7.0622,7.0622,7.0622,7.0622,7.0622,7.0622,7.0622,7.0622,7.0622,7.0622,7.0622,7.0622,7.0622,7.0622,7.0622,7.0622,7.0622,7.0622,7.0622,7.0622,7.0622,7.0622,7.0622,7.0622,7.0622,7.0622,7.0622,7.0622,7.0622,7.0622,7.0622,7.0622,7.0622,7.0622,7.0622,7.0622,7.0622,7.0622,7.0622,7.0622,7.0622,7.0622,7.0622,7.0622,7.0622,7.0622,7.0622,7.0622,7.0622,7.0622,7.0622,7.0622,7.0622,7.0622,7.0622,7.0622,7.0622,7.0622,7.0622,7.0622,7.0622,7.0622,7.0622,7.0622,7.0622,7.0622,7.0622,7.0622,7.0622,7.0622,7.0622,7.0622,7.0622,7.0622,7.0622,7.0622,7.0622,7.0622,7.0622,7.0622,7.0622,7.0622,7.0622,7.0622,7.0622,7.0622,7.0622,7.0622,7.0622,7.0622,7.0622,7.0622,7.0622,7.0622,7.0622,7.0622,7.0622
7.0566,7.0566,7.0566,7.0566,7.0566,7.0566,7.0566,7.0566,7.0566,7.0566,7.0566,7.0566,7.0566,7.0566,7.0566,7.0566,7.0566,7.0566,7.0566,7.0566,7.0566,7.0566,7.0566,7.0566,7.0566,7.0566,7.0566,7.0566,7.0566,7.0566,7.0566,7.0566,7.0566,7.0566,7.0566,7.0566,7.0566,7.0566,7.0566,7.0566,7.0566,7.0566,7.0566,7.0566,7.0566,7.0566,7.0566,7.0566,7.0566,7.0566,7.0566,7.0566,7.0566,7.0566,7.0566,7.0566,7.0566,7.0566,7.0566,7.0566,7.0566,7.0566,7.0566,7.0566,7.0566,7.0566,7.0566,7.0566,7.0566,7.0566,7.0566,7.0566,7.0566,7.0566,7.0566,7.0566,7.0566,7.0566,7.0566,7.0566,7.0566,7.0566,7.0566,7.0566,7.0566,7.0566,7.0566,7.0566,7.0566,7.0566,7.0566,7.0566,7.0566,7.0566,7.0566,7.0566,7.0566,7.0566,7.0566,7.0566,7.0566,7.0566,7.0566,7.0566,7.0566,7.0566,7.0566,7.0566,7.0566,7.0566,7.0566,7.0566,7.0566,7.0566,7.0566,7.0566,7.0566,7.0566,7.0566,7.0566,7.0566,7.0566,7.0566,7.0566,7.0566,7.0566,7.0566,7.0566,7.0566,7.0566,7.0566,7.0566,7.0566,7.0566,7.0566,7.0566,7.0566,7.0566,7.0566,7.0566,7.0566,7.0566,7.0566,7.0566,7.0566,7.0566,7.0566,7.0566,7.0566,7.0566,7.0566,7.0566,7.0566,7.0566,7.0566,7.0566,7.0566,7.0566,7.0566,7.0566,7.0566,7.0566,7.0566,7.0566,7.0566,7.0566,7.0566,7.0566,7.0566,7.0566,7.0566,7.0566,7.0566,7.0566,7.0566,7.0566,7.0566,7.0566,7.0566,7.0566,7.0566,7.0566,7.0566,7.0566,7.0566,7.0566,7.0566,7.0566,7.0566,7.0566,7.0566,7.0566,7.0566,7.0566,7.0566,7.0566,7.0566,7.0566,7.0566,7.0566,7.0566,7.0566,7.0566,7.0566,7.0572,7.0572,7.0572,7.0572,7.0572,7.0572,7.0572,7.0572,7.0572,7.0572,7.0572,7.0572,7.0572,7.0572,7.0572,7.0572,7.0572,7.0572,7.0572,7.0572,7.0572,7.0572,7.0572,7.0572,7.0572,7.0572,7.0572,7.0572,7.0572,7.0572,7.0572,7.0572,7.0572,7.0572,7.0572,7.0572,7.0572,7.0572,7.0572,7.0572,7.0572,7.0572,7.0572,7.0572,7.0572,7.0572,7.0572,7.0572,7.0572,7.0572,7.0572,7.0572,7.0572,7.0572,7.0572,7.0572,7.0572,7.0572,7.0572,7.0572,7.0572,7.0572,7.0572,7.0572,7.0572,7.0572,7.0572,7.0572,7.0572,7.0572,7.0572,7.0572,7.0572,7.0572,7.0572,7.0572,7.0572,7.0572,7.0572,7.0572,7.0572,7.0572,7.0572,7.0572,7.0572,7.0572,7.0572,7.0572,7.0572,7.0572,7.0572,7.0572,7.0572,7.0572,7.0572,7.0572,7.0572,7.0572,7.0572,7.0572,7.0572,7.0572,7.0572,7.0572,7.0572,7.0572,7.0572,7.0572,7.0572,7.0572,7.0572,7.0572,7.0572,7.0572,7.0572,7.0572,7.0572,7.0572,7.0572,7.0572,7.0572,7.0572,7.0572,7.0572,7.0572,7.0572,7.0572,7.0572,7.0572,7.0572,7.0572,7.0572,7.0572,7.0572,7.0572,7.0572,7.0572,7.0572,7.0572,7.0572,7.0572,7.0572,7.0572,7.0572,7.0572,7.0572,7.0572,7.0572,7.0572,7.0572,7.0572,7.0572,7.0572,7.0572,7.0572,7.0572,7.0572,7.0572,7.0572,7.0572,7.0572,7.0572,7.0572,7.0572,7.0572,7.0572,7.0572,7.0572,7.0572,7.0572,7.0572,7.0572,7.0572,7.0572,7.0572,7.0572,7.0572,6.0742,6.0434,6.0150,5.9857,5.9564,5.9479,5.9420,5.9362,5.9305,5.9246,5.9188,5.9132,5.9073,5.9017,5.8962,5.8904,5.8848,5.8792,5.8735,5.8679,5.8622,5.8567,5.8538,5.8526,5.8514,5.8501,5.8489,5.8477,5.8465,5.8453,5.8440,5.8428,5.8416,5.8404,5.8394,5.8379,5.8367,5.8355,5.8345,5.8329,5.8317,5.8304,5.8292,5.8280,5.8268,5.8254,5.8242,5.8260,5.8280,5.8300,5.8321,5.8341,5.8363,5.8381,5.8402,5.8420,5.8440,5.8461,5.8481,5.8499,5.8520,5.8540,5.8561,5.8581,5.8601,5.8622,5.8640,5.8661,5.8681,5.8702,5.8731,5.8805,5.8879,5.8953,5.9026,5.9101,5.9175,5.9249,5.9324,5.9399,5.9475,5.9549,5.9625,5.9701,5.9778,6.0198,6.5301,6.5285,6.5283,6.5275,6.5270,6.5270,6.5268,6.5268,6.5273,6.5273,6.5268,6.5268,6.5273,6.5285,6.5306,6.5334,6.5359,6.5392,6.5418,6.5446,6.5469,6.5502,6.5530,6.5558,6.5586,6.5607,6.5625,6.5643,6.5666,6.5681,6.5699,6.5717,6.5740,6.5756,6.5779,6.5802,6.5825,6.5856,6.5874,6.5903,6.5939,6.6001,6.6069,6.6126,6.6188,6.6256,6.6317,6.6377,6.6437,6.6503,6.6574,6.6643,6.6709,6.6773,6.6844,6.6908,6.6980,6.7045,6.7109,6.7163,6.7222,6.7413,6.7663,6.7912,6.8155,6.8405,6.8665,7.0572,7.0572,7.0572,7.0572,7.0572,7.0572,7.0572,7.0572,7.0572,7.0572,7.0572,7.0572,7.0572,7.0572,7.0572,7.0572,7.0572,7.0572,7.0572,7.0572,7.0572,7.0572,7.0572,7.0572,7.0572,7.0572,7.0572,7.0572,7.0572,7.0572,7.0572,7.0572,7.0572,7.0572,7.0572,7.0572,7.0572,7.0572,7.0572,7.0572,7.0572,7.0572,7.0572,7.0572,7.0572,7.0572,7.0572,7.0572,7.0572,7.0572,7.0572,7.0572,7.0572,7.0572,7.0572,7.0572,7.0572,7.0572,7.0572,7.0572,7.0572,7.0572,7.0572,7.0572,7.0572,7.0572,7.0572,7.0572,7.0572,7.0572,7.0572,7.0572,7.0572,7.0572,7.0572,7.0572,7.0572,7.0572,7.0572,7.0572,7.0572,7.0572,7.0572,7.0572,7.0572,7.0572,7.0572,7.0572,7.0572,7.0572,7.0572,7.0572,7.0572,7.0572,7.0572,7.0572,7.0572,7.0572,7.0572,7.0572,7.0572,7.0572,7.0572,7.0572,7.0572,7.0572,7.0572,7.0572,7.0572,7.0572,7.0572,7.0572,7.0572,7.0572,7.0572,7.0572,7.0572,7.0572,7.0572,7.0572,7.0572,7.0572,7.0572,7.0572,7.0572,7.0572,7.0572,7.0572,7.0572,7.0572,7.0572,7.0572,7.0572,7.0566,7.0566,7.0566,7.0566,7.0566,7.0566,7.0566,7.0566,7.0566,7.0566,7.0566,7.0566,7.0566,7.0566,7.0566,7.0566,7.0566,7.0566,7.0566,7.0566,7.0566,7.0566,7.0566,7.0566,7.0566,7.0566,7.0566,7.0566,7.0566,7.0566,7.0566,7.0566,7.0566,7.0566,7.0566,7.0566,7.0566,7.0566,7.0566,7.0566,7.0566,7.0566,7.0566,7.0566,7.0566,7.0566,7.0566,7.0566,7.0566,7.0566,7.0566,7.0566,7.0566,7.0566,7.0566,7.0566,7.0566,7.0566,7.0566,7.0566,7.0566,7.0566,7.0566,7.0566,7.0566,7.0566,7.0566,7.0566,7.0566,7.0566,7.0566,7.0566,7.0566,7.0566,7.0566,7.0566,7.0566,7.0566,7.0566,7.0566,7.0566,7.0566,7.0566,7.0566,7.0566,7.0566,7.0566,7.0566,7.0566,7.0566,7.0566,7.0566,7.0566,7.0566,7.0566,7.0566,7.0566,7.0566,7.0566,7.0566,7.0566,7.0566,7.0566,7.0566,7.0566,7.0566,7.0566,7.0566,7.0566,7.0566,7.0566,7.0566,7.0566,7.0566,7.0566,7.0566,7.0566,7.0566,7.0566,7.0566,7.0566,7.0566,7.0566,7.0566,7.0566,7.0566,7.0566,7.0566,7.0566,7.0566,7.0566,7.0566,7.0566,7.0566,7.0566,7.0566,7.0566,7.0566,7.0566,7.0566,7.0566,7.0566,7.0566,7.0566,7.0566,7.0566,7.0566,7.0566,7.0566,7.0566,7.0566,7.0566,7.0566,7.0566,7.0566,7.0566,7.0566,7.0566,7.0566,7.0566,7.0566,7.0566,7.0566,7.0566,7.0566,7.0566,7.0566,7.0566,7.0566,7.0566,7.0566,7.0566,7.0566,7.0566,7.0566,7.0566,7.0566,7.0566,7.0566,7.0566,7.0566,7.0566,7.0566,7.0566,7.0566,7.0566,7.0566,7.0566,7.0566,7.0566,7.0566,7.0566,7.0566,7.0566,7.0566,7.0566,7.0566,7.0566,7.0566,7.0566,7.0566,7.0566,7.0566,7.0566,7.0566,7.0566,7.0566,7.0566,7.0566,7.0566,7.0566,7.0566,7.0566,7.0566,7.0566,7.0566,7.0566,7.0566,7.0566,7.0566,7.0566,7.0566,7.0566,7.0566,7.0566,7.0566,7.0566,7.0566,7.0566,7.0566,7.0566,7.0566,7.0566,7.0566,7.0566,7.0566,7.0566,7.0566,7.0566,7.0566,7.0566,7.0566,7.0566,7.0566,7.0566,7.0566,7.0566,7.0566,7.0566,7.0566,7.0566,7.0566,7.0566,7.0566,7.0566,7.0566,7.0566,7.0566,7.0566,7.0566,7.0566,7.0566,7.0566,7.0566,7.0566,7.0566,7.0566,7.0566,7.0566,7.0566,7.0566,7.0566,7.0566,7.0566,7.0566,7.0566,7.0566,7.0566,7.0566,7.0566,7.0566,7.0566,7.0566,7.0566,7.0566,7.0566,7.0566,7.0566,7.0566,7.0566,7.0566,7.0566,7.0566
7.0516,7.0516,7.0516,7.0516,7.0516,7.0516,7.0516,7.0516,7.0516,7.0516,7.0516,7.0516,7.0516,7.0516,7.0516,7.0516,7.0516,7.0516,7.0516,7.0516,7.0516,7.0516,7.0516,7.0516,7.0516,7.0516,7.0516,7.0516,7.0516,7.0516,7.0516,7.0516,7.0516,7.0516,7.0516,7.0516,7.0516,7.0516,7.0516,7.0516,7.0516,7.0516,7.0516,7.0516,7.0516,7.0516,7.0516,7.0516,7.0516,7.0516,7.0516,7.0516,7.0516,7.0516,7.0516,7.0516,7.0516,7.0516,7.0516,7.0516,7.0516,7.0516,7.0516,7.0516,7.0516,7.0516,7.0516,7.0516,7.0516,7.0516,7.0516,7.0516,7.0516,7.0516,7.0516,7.0516,7.0516,7.0516,7.0516,7.0516,7.0516,7.0516,7.0516,7.0516,7.0516,7.0516,7.0516,7.0516,7.0516,7.0516,7.0516,7.0516,7.0516,7.0516,7.0516,7.0516,7.0516,7.0516,7.0516,7.0516,7.0516,7.0516,7.0516,7.0516,7.0516,7.0516,7.0516,7.0516,7.0516,7.0516,7.0516,7.0516,7.0516,7.0516,7.0516,7.0516,7.0516,7.0516,7.0516,7.0516,7.0516,7.0516,7.0516,7.0516,7.0516,7.0516,7.0516,7.0516,7.0516,7.0516,7.0516,7.0516,7.0516,7.0516,7.0516,7.0516,7.0516,7.0516,7.0516,7.0516,7.0516,7.0516,7.0516,7.0516,7.0516,7.0516,7.0516,7.0516,7.0516,7.0516,7.0516,7.0516,7.0516,7.0516,7.0516,7.0516,7.0516,7.0516,7.0516,7.0516,7.0516,7.0516,7.0516,7.0516,7.0516,7.0516,7.0516,7.0516,7.0516,7.0516,7.0516,7.0516,7.0516,7.0516,7.0516,7.0516,7.0516,7.0516,7.0516,7.0516,7.0516,7.0516,7.0516,7.0516,7.0516,7.0516,7.0516,7.0516,7.0516,7.0516,7.0516,7.0516,7.0516,7.0516,7.0516,7.0516,7.0516,7.0516,7.0516,7.0516,7.0516,7.0516,7.0516,7.0516,7.0516,7.0516,7.0516,7.0516,7.0516,7.0516,7.0516,7.0516,7.0516,7.0516,7.0516,7.0516,7.0516,7.0516,7.0516,7.0516,7.0516,7.0516,7.0516,7.0516,7.0516,7.0516,7.0516,7.0516,7.0516,7.0516,7.0516,7.0516,7.0516,7.0516,7.0516,7.0516,7.0516,7.0516,7.0516,7.0516,7.0516,7.0516,7.0516,7.0516,7.0516,7.0516,7.0516,7.0516,7.0516,7.0516,7.0516,7.0516,7.0516,7.0516,7.0516,7.0516,7.0516,7.0516,7.0516,7.0516,7.0516,7.0516,7.0516,7.0516,7.0516,7.0516,7.0516,7.0516,7.0516,7.0516,7.0516,7.0516,7.0516,7.0516,7.0516,7.0516,7.0516,7.0516,7.0516,7.0516,7.0516,7.0516,7.0516,7.0516,7.0516,7.0516,7.0516,7.0516,7.0516,7.0516,7.0516,7.0516,7.0516,7.0516,7.0516,7.0516,7.0516,7.0516,7.0516,7.0516,7.0516,7.0516,7.0516,7.0516,7.0516,7.0516,7.0516,7.0516,7.0516,7.0516,7.0516,7.0516,7.0516,7.0516,7.0516,7.0516,7.0516,7.0516,7.0516,7.0516,7.0516,7.0516,7.0516,7.0516,7.0516,7.0516,7.0516,7.0516,7.0516,7.0516,7.0516,7.0516,7.0516,7.0516,7.0516,7.0516,7.0516,7.0516,7.0516,7.0516,7.0516,7.0516,7.0516,7.0516,7.0516,7.0516,7.0516,7.0516,7.0516,7.0516,7.0516,7.0516,7.0516,7.0516,7.0516,7.0516,7.0516,7.0516,7.0516,7.0516,7.0516,7.0516,7.0516,7.0516,7.0516,7.0516,7.0516,7.0516,7.0516,7.0516,7.0516,7.0516,7.0516,7.0516,7.0516,7.0516,7.0516,7.0516,7.0516,7.0516,7.0516,6.0703,6.0399,6.0122,5.9829,5.9538,5.9479,5.9423,5.9364,5.9305,5.9246,5.9190,5.9132,5.9076,5.9020,5.8964,5.8906,5.8850,5.8794,5.8737,5.8681,5.8626,5.8569,5.8546,5.8534,5.8522,5.8510,5.8497,5.8485,5.8473,5.8461,5.8448,5.8436,5.8424,5.8412,5.8400,5.8385,5.8373,5.8361,5.8349,5.8339,5.8325,5.8313,5.8300,5.8286,5.8274,5.8262,5.8252,5.8272,5.8292,5.8313,5.8331,5.8351,5.8371,5.8394,5.8412,5.8432,5.8453,5.8471,5.8491,5.8512,5.8532,5.8552,5.8573,5.8593,5.8612,5.8632,5.8653,5.8673,5.8694,5.8714,5.8751,5.8823,5.8897,5.8972,5.9044,5.9119,5.9194,5.9269,5.9343,5.9418,5.9494,5.9568,5.9644,5.9721,5.9797,6.0343,6.5242,6.5230,6.5227,6.5219,6.5207,6.5209,6.5212,6.5207,6.5207,6.5212,6.5212,6.5207,6.5217,6.5240,6.5265,6.5290,6.5323,6.5344,6.5372,6.5397,6.5425,6.5458,6.5486,6.5512,6.5540,6.5568,6.5602,6.5620,6.5637,6.5658,6.5676,6.5694,6.5712,6.5733,6.5753,6.5774,6.5797,6.5820,6.5849,6.5872,6.5934,6.6001,6.6058,6.6126,6.6183,6.6251,6.6309,6.6372,6.6435,6.6503,6.6564,6.6632,6.6698,6.6767,6.6839,6.6903,6.6970,6.7045,6.7112,6.7173,6.7259,6.7503,6.7753,6.7995,6.8252,6.8497,7.0516,7.0516,7.0516,7.0516,7.0516,7.0516,7.0516,7.0516,7.0516,7.0516,7.0516,7.0516,7.0516,7.0516,7.0516,7.0516,7.0516,7.0516,7.0516,7.0516,7.0516,7.0516,7.0516,7.0516,7.0516,7.0516,7.0516,7.0516,7.0516,7.0516,7.0516,7.0516,7.0516,7.0516,7.0516,7.0516,7.0516,7.0516,7.0516,7.0516,7.0516,7.0516,7.0516,7.0516,7.0516,7.0516,7.0516,7.0516,7.0516,7.0516,7.0516,7.0516,7.0516,7.0516,7.0516,7.0516,7.0516,7.0516,7.0516,7.0516,7.0516,7.0516,7.0516,7.0516,7.0516,7.0516,7.0516,7.0516,7.0516,7.0516,7.0516,7.0516,7.0516,7.0516,7.0516,7.0516,7.0516,7.0516,7.0516,7.0516,7.0516,7.0516,7.0516,7.0516,7.0516,7.0516,7.0516,7.0516,7.0516,7.0516,7.0516,7.0516,7.0516,7.0516,7.0516,7.0516,7.0516,7.0516,7.0516,7.0516,7.0516,7.0516,7.0516,7.0516,7.0516,7.0516,7.0516,7.0516,7.0516,7.0516,7.0516,7.0516,7.0516,7.0516,7.0516,7.0516,7.0516,7.0516,7.0516,7.0516,7.0516,7.0516,7.0516,7.0516,7.0516,7.0516,7.0516,7.0516,7.0516,7.0516,7.0516,7.0516,7.0516,7.0516,7.0516,7.0516,7.0516,7.0516,7.0516,7.0516,7.0516,7.0516,7.0516,7.0516,7.0516,7.0516,7.0516,7.0516,7.0516,7.0516,7.0516,7.0516,7.0516,7.0516,7.0516,7.0516,7.0516,7.0516,7.0516,7.0516,7.0516,7.0516,7.0516,7.0516,7.0516,7.0516,7.0516,7.0516,7.0516,7.0516,7.0516,7.0516,7.0516,7.0516,7.0516,7.0516,7.0516,7.0516,7.0516,7.0516,7.0516,7.0516,7.0516,7.0516,7.0516,7.0516,7.0516,7.0516,7.0516,7.0516,7.0516,7.0516,7.0516,7.0516,7.0516,7.0516,7.0516,7.0516,7.0516,7.0516,7.0516,7.0516,7.0516,7.0516,7.0516,7.0516,7.0516,7.0516,7.0516,7.0516,7.0516,7.0516,7.0516,7.0516,7.0516,7.0516,7.0516,7.0516,7.0516,7.0516,7.0516,7.0516,7.0516,7.0516,7.0516,7.0516,7.0516,7.0516,7.0516,7.0516,7.0516,7.0516,7.0516,7.0516,7.0516,7.0516,7.0516,7.0516,7.0516,7.0516,7.0516,7.0516,7.0516,7.0516,7.0516,7.0516,7.0516,7.0516,7.0516,7.0516,7.0516,7.0516,7.0516,7.0516,7.0516,7.0516,7.0516,7.0516,7.0516,7.0516,7.0516,7.0516,7.0516,7.0516,7.0516,7.0516,7.0516,7.0516,7.0516,7.0516,7.0516,7.0516,7.0516,7.0516,7.0516,7.0516,7.0516,7.0516,7.0516,7.0516,7.0516,7.0516,7.0516,7.0516,7.0516,7.0516,7.0516,7.0516,7.0516,7.0516,7.0516,7.0516,7.0516,7.0516,7.0516,7.0516,7.0516,7.0516,7.0516,7.0516,7.0516,7.0516,7.0516,7.0516,7.0516,7.0516,7.0516,7.0516,7.0516,7.0516,7.0516,7.0516,7.0516,7.0516,7.0516,7.0516,7.0516,7.0516,7.0516,7.0516,7.0516,7.0516,7.0516,7.0516,7.0516,7.0516,7.0516,7.0516,7.0516,7.0516,7.0516,7.0516,7.0516,7.0516,7.0516,7.0516,7.0516,7.0516,7.0516,7.0516,7.0516,7.0516,7.0516,7.0516,7.0516,7.0516,7.0516,7.0516,7.0516,7.0516,7.0516,7.0516,7.0516,7.0516,7.0516,7.0516,7.0516,7.0516,7.0516,7.0516,7.0516,7.0516,7.0516,7.0516,7.0516,7.0516,7.0516,7.0516,7.0516,7.0516,7.0516,7.0516,7.0516,7.0516,7.0516,7.0516,7.0516,7.0516,7.0516,7.0516,7.0516,7.0516,7.0516,7.0516,7.0516,7.0516,7.0516,7.0516,7.0516,7.0516,7.0516,7.0516,7.0516,7.0516,7.0516,7.0516,7.0516,7.0516,7.0516,7.0516,7.0516,7.0516,7.0516,7.0516,7.0516,7.0516,7.0516,7.0516,7.0516,7.0516,7.0516,7.0516,7.0516,7.0516,7.0516,7.0516,7.0516,7.0516,7.0516,7.0516,7.0516,7.0516,7.0516,7.0516,7.0516,7.0516,7.0516
7.0462,7.0462,7.0462,7.0462,7.0462,7.0462,7.0462,7.0462,7.0462,7.0462,7.0462,7.0462,7.0462,7.0462,7.0462,7.0462,7.0462,7.0462,7.0462,7.0462,7.0462,7.0462,7.0462,7.0462,7.0462,7.0462,7.0462,7.0462,7.0462,7.0462,7.0462,7.0462,7.0462,7.0462,7.0462,7.0462,7.0462,7.0462,7.0462,7.0462,7.0462,7.0462,7.0462,7.0462,7.0462,7.0462,7.0462,7.0462,7.0462,7.0462,7.0462,7.0462,7.0462,7.0462,7.0462,7.0462,7.0462,7.0462,7.0462,7.0462,7.0462,7.0462,7.0462,7.0462,7.0462,7.0462,7.0462,7.0462,7.0462,7.0462,7.0462,7.0462,7.0462,7.0462,7.0462,7.0462,7.0462,7.0462,7.0462,7.0462,7.0462,7.0462,7.0462,7.0462,7.0462,7.0462,7.0462,7.0462,7.0462,7.0462,7.0462,7.0462,7.0462,7.0462,7.0462,7.0462,7.0462,7.0462,7.0462,7.0462,7.0462,7.0462,7.0462,7.0462,7.0462,7.0462,7.0462,7.0462,7.0462,7.0462,7.0462,7.0462,7.0462,7.0462,7.0462,7.0462,7.0462,7.0462,7.0462,7.0462,7.0462,7.0462,7.0462,7.0462,7.0462,7.0462,7.0462,7.0462,7.0462,7.0462,7.0462,7.0462,7.0462,7.0462,7.0462,7.0462,7.0462,7.0462,7.0462,7.0462,7.0462,7.0462,7.0462,7.0462,7.0462,7.0462,7.0462,7.0462,7.0462,7.0462,7.0462,7.0462,7.0462,7.0462,7.0462,7.0462,7.0462,7.0462,7.0462,7.0462,7.0462,7.0462,7.0462,7.0462,7.0462,7.0462,7.0462,7.0462,7.0462,7.0462,7.0462,7.0462,7.0462,7.0462,7.0462,7.0462,7.0462,7.0462,7.0462,7.0462,7.0462,7.0462,7.0462,7.0462,7.0462,7.0462,7.0462,7.0462,7.0462,7.0462,7.0462,7.0462,7.0462,7.0462,7.0462,7.0462,7.0462,7.0462,7.0462,7.0462,7.0462,7.0462,7.0462,7.0462,7.0462,7.0462,7.0462,7.0462,7.0462,7.0462,7.0462,7.0462,7.0462,7.0462,7.0462,7.0462,7.0462,7.0462,7.0462,7.0462,7.0462,7.0462,7.0462,7.0462,7.0462,7.0462,7.0462,7.0462,7.0462,7.0462,7.0462,7.0462,7.0462,7.0462,7.0462,7.0462,7.0462,7.0462,7.0462,7.0462,7.0462,7.0462,7.0462,7.0462,7.0462,7.0462,7.0462,7.0462,7.0462,7.0462,7.0462,7.0462,7.0462,7.0462,7.0462,7.0462,7.0462,7.0462,7.0462,7.0462,7.0462,7.0462,7.0462,7.0462,7.0462,7.0462,7.0462,7.0462,7.0462,7.0462,7.0462,7.0462,7.0462,7.0462,7.0462,7.0462,7.0462,7.0462,7.0462,7.0462,7.0462,7.0462,7.0462,7.0462,7.0462,7.0462,7.0462,7.0462,7.0462,7.0462,7.0462,7.0462,7.0462,7.0462,7.0462,7.0462,7.0462,7.0462,7.0462,7.0462,7.0462,7.0462,7.0462,7.0462,7.0462,7.0462,7.0462,7.0462,7.0462,7.0462,7.0462,7.0462,7.0462,7.0462,7.0462,7.0462,7.0462,7.0462,7.0462,7.0462,7.0462,7.0462,7.0462,7.0462,7.0462,7.0462,7.0462,7.0462,7.0462,7.0462,7.0462,7.0462,7.0462,7.0462,7.0462,7.0462,7.0462,7.0462,7.0462,7.0462,7.0462,7.0462,7.0462,7.0462,7.0462,7.0462,7.0462,7.0462,7.0462,7.0462,7.0462,7.0462,7.0462,7.0462,7.0462,7.0462,7.0462,7.0462,7.0462,7.0462,7.0462,7.0462,7.0462,7.0462,7.0462,7.0462,7.0462,7.0462,7.0462,7.0462,7.0462,7.0462,7.0462,7.0462,7.0462,7.0462,7.0462,7.0462,7.0462,7.0462,7.0462,6.0661,6.0371,6.0094,5.9799,5.9538,5.9481,5.9423,5.9364,5.9307,5.9249,5.9190,5.9134,5.9078,5.9022,5.8966,5.8910,5.8852,5.8796,5.8741,5.8683,5.8628,5.8571,5.8552,5.8540,5.8528,5.8516,5.8503,5.8491,5.8479,5.8467,5.8455,5.8442,5.8430,5.8418,5.8408,5.8396,5.8381,5.8369,5.8357,5.8345,5.8331,5.8319,5.8306,5.8294,5.8282,5.8270,5.8264,5.8284,5.8302,5.8323,5.8343,5.8363,5.8383,5.8404,5.8424,5.8442,5.8463,5.8483,5.8503,5.8524,5.8544,5.8565,5.8583,5.8603,5.8624,5.8644,5.8665,5.8685,5.8706,5.8726,5.8770,5.8842,5.8916,5.8990,5.9063,5.9138,5.9213,5.9288,5.9362,5.9437,5.9513,5.9587,5.9663,5.9740,5.9816,6.0488,6.5187,6.5179,6.5166,6.5164,6.5154,6.5144,6.5151,6.5151,6.5151,6.5146,6.5146,6.5151,6.5176,6.5197,6.5224,6.5255,6.5280,6.5308,6.5329,6.5362,6.5384,6.5418,6.5441,6.5474,6.5497,6.5525,6.5553,6.5586,6.5612,6.5630,6.5648,6.5661,6.5681,6.5699,6.5720,6.5743,6.5766,6.5797,6.5820,6.5872,6.5934,6.5996,6.6058,6.6121,6.6183,6.6246,6.6309,6.6372,6.6435,6.6498,6.6558,6.6624,6.6693,6.6765,6.6834,6.6895,6.6964,6.7037,6.7101,6.7168,6.7351,6.7595,6.7844,6.8091,6.8341,6.8589,7.0462,7.0462,7.0462,7.0462,7.0462,7.0462,7.0462,7.0462,7.0462,7.0462,7.0462,7.0462,7.0462,7.0462,7.0462,7.0462,7.0462,7.0462,7.0462,7.0462,7.0462,7.0462,7.0462,7.0462,7.0462,7.0462,7.0462,7.0462,7.0462,7.0462,7.0462,7.0462,7.0462,7.0462,7.0462,7.0462,7.0462,7.0462,7.0462,7.0462,7.0462,7.0462,7.0462,7.0462,7.0462,7.0462,7.0462,7.0462,7.0462,7.0462,7.0462,7.0462,7.0462,7.0462,7.0462,7.0462,7.0462,7.0462,7.0462,7.0462,7.0462,7.0462,7.0462,7.0462,7.0462,7.0462,7.0462,7.0462,7.0462,7.0462,7.0462,7.0462,7.0462,7.0462,7.0462,7.0462,7.0462,7.0462,7.0462,7.0462,7.0462,7.0462,7.0462,7.0462,7.0462,7.0462,7.0462,7.0462,7.0462,7.0462,7.0462,7.0462,7.0462,7.0462,7.0462,7.0462,7.0462,7.0462,7.0462,7.0462,7.0462,7.0462,7.0462,7.0462,7.0462,7.0462,7.0462,7.0462,7.0462,7.0462,7.0462,7.0462,7.0462,7.0462,7.0462,7.0462,7.0462,7.0462,7.0462,7.0462,7.0462,7.0462,7.0462,7.0462,7.0462,7.0462,7.0462,7.0462,7.0462,7.0462,7.0462,7.0462,7.0462,7.0462,7.0462,7.0462,7.0462,7.0462,7.0462,7.0462,7.0462,7.0462,7.0462,7.0462,7.0462,7.0462,7.0462,7.0462,7.0462,7.0462,7.0462,7.0462,7.0462,7.0462,7.0462,7.0462,7.0462,7.0462,7.0462,7.0462,7.0462,7.0462,7.0462,7.0462,7.0462,7.0462,7.0462,7.0462,7.0462,7.0462,7.0462,7.0462,7.0462,7.0462,7.0462,7.0462,7.0462,7.0462,7.0462,7.0462,7.0462,7.0462,7.0462,7.0462,7.0462,7.0462,7.0462,7.0462,7.0462,7.0462,7.0462,7.0462,7.0462,7.0462,7.0462,7.0462,7.0462,7.0462,7.0462,7.0462,7.0462,7.0462,7.0462,7.0462,7.0462,7.0462,7.0462,7.0462,7.0462,7.0462,7.0462,7.0462,7.0462,7.0462,7.0462,7.0462,7.0462,7.0462,7.0462,7.0462,7.0462,7.0462,7.0462,7.0462,7.0462,7.0462,7.0462,7.0462,7.0462,7.0462,7.0462,7.0462,7.0462,7.0462,7.0462,7.0462,7.0462,7.0462,7.0462,7.0462,7.0462,7.0462,7.0462,7.0462,7.0462,7.0462,7.0462,7.0462,7.0462,7.0462,7.0462,7.0462,7.0462,7.0462,7.0462,7.0462,7.0462,7.0462,7.0462,7.0462,7.0462,7.0462,7.0462,7.0462,7.0462,7.0462,7.0462,7.0462,7.0462,7.0462,7.0462,7.0462,7.0462,7.0462,7.0462,7.0462,7.0462,7.0462,7.0462,7.0462,7.0462,7.0462,7.0462,7.0462,7.0462,7.0462,7.0462,7.0462,7.0462,7.0462,7.0462,7.0462,7.0462,7.0462,7.0462,7.0462,7.0462,7.0462,7.0462,7.0462,7.0462,7.0462,7.0462,7.0462,7.0462,7.0462,7.0462,7.0462,7.0462,7.0462,7.0462,7.0462,7.0462,7.0462,7.0462,7.0462,7.0462,7.0462,7.0462,7.0462,7.0462,7.0462,7.0462,7.0462,7.0462,7.0462,7.0462,7.0462,7.0462,7.0462,7.0462,7.0462,7.0462,7.0462,7.0462,7.0462,7.0462,7.0462,7.0462,7.0462,7.0462,7.0462,7.0462,7.0462,7.0462,7.0462,7.0462,7.0462,7.0462,7.0462,7.0462,7.0462,7.0462,7.0462,7.0462,7.0462,7.0462,7.0462,7.0462,7.0462,7.0462,7.0462,7.0462,7.0462,7.0462,7.0462,7.0462,7.0462,7.0462,7.0462,7.0462,7.0462,7.0462,7.0462,7.0462,7.0462,7.0462,7.0462,7.0462,7.0462,7.0462,7.0462,7.0462,7.0462,7.0462,7.0462,7.0462,7.0462,7.0462,7.0462,7.0462,7.0462,7.0462,7.0462,7.0462,7.0462,7.0462,7.0462,7.0462,7.0462,7.0462,7.0462,7.0462,7.0462,7.0462,7.0462,7.0462,7.0462,7.0462,7.0462,7.0462,7.0462,7.0462,7.0462,7.0462,7.0462,7.0462,7.0462,7.0462,7.0462,7.0462,7.0462,7.0462,7.0462,7.0462,7.0462,7.0462
7.0406,7.0406,7.0406,7.0406,7.0406,7.0406,7.0406,7.0406,7.0406,7.0406,7.0406,7.0406,7.0406,7.0406,7.0406,7.0406,7.0406,7.0406,7.0406,7.0406,7.0406,7.0406,7.0406,7.0406,7.0406,7.0406,7.0406,7.0406,7.0406,7.0406,7.0406,7.0406,7.0406,7.0406,7.0406,7.0406,7.0406,7.0406,7.0406,7.0406,7.0406,7.0406,7.0406,7.0406,7.0406,7.0406,7.0406,7.0406,7.0406,7.0406,7.0406,7.0406,7.0406,7.0406,7.0406,7.0406,7.0406,7.0406,7.0406,7.0406,7.0406,7.0406,7.0406,7.0406,7.0406,7.0406,7.0406,7.0406,7.0406,7.0406,7.0406,7.0406,7.0406,7.0406,7.0406,7.0406,7.0406,7.0406,7.0406,7.0406,7.0406,7.0406,7.0406,7.0406,7.0406,7.0406,7.0406,7.0406,7.0406,7.0406,7.0406,7.0406,7.0406,7.0406,7.0406,7.0406,7.0406,7.0406,7.0406,7.0406,7.0406,7.0406,7.0406,7.0406,7.0406,7.0406,7.0406,7.0406,7.0406,7.0406,7.0406,7.0406,7.0406,7.0406,7.0406,7.0406,7.0406,7.0406,7.0406,7.0406,7.0406,7.0406,7.0406,7.0406,7.0406,7.0406,7.0406,7.0406,7.0406,7.0406,7.0406,7.0406,7.0406,7.0406,7.0406,7.0406,7.0406,7.0406,7.0406,7.0406,7.0406,7.0406,7.0406,7.0406,7.0406,7.0406,7.0406,7.0406,7.0406,7.0406,7.0406,7.0406,7.0406,7.0406,7.0406,7.0406,7.0406,7.0406,7.0406,7.0406,7.0406,7.0406,7.0406,7.0406,7.0406,7.0406,7.0406,7.0406,7.0406,7.0406,7.0406,7.0406,7.0406,7.0406,7.0406,7.0406,7.0406,7.0406,7.0406,7.0406,7.0406,7.0406,7.0406,7.0406,7.0406,7.0406,7.0406,7.0406,7.0406,7.0406,7.0406,7.0406,7.0406,7.0406,7.0406,7.0406,7.0406,7.0406,7.0406,7.0406,7.0406,7.0406,7.0406,7.0406,7.0406,7.0406,7.0406,7.0406,7.0406,7.0406,7.0406,7.0406,7.0406,7.0406,7.0406,7.0406,7.0406,7.0406,7.0406,7.0406,7.0406,7.0406,7.0406,7.0406,7.0406,7.0406,7.0406,7.0406,7.0406,7.0406,7.0406,7.0406,7.0406,7.0406,7.0406,7.0406,7.0406,7.0406,7.0406,7.0406,7.0406,7.0406,7.0406,7.0406,7.0406,7.0406,7.0406,7.0406,7.0406,7.0406,7.0406,7.0406,7.0406,7.0406,7.0406,7.0406,7.0406,7.0406,7.0406,7.0406,7.0406,7.0406,7.0406,7.0406,7.0406,7.0406,7.0406,7.0406,7.0406,7.0406,7.0406,7.0406,7.0406,7.0406,7.0406,7.0406,7.0406,7.0406,7.0406,7.0406,7.0406,7.0406,7.0406,7.0406,7.0406,7.0406,7.0406,7.0406,7.0406,7.0406,7.0406,7.0406,7.0406,7.0406,7.0406,7.0406,7.0406,7.0406,7.0406,7.0406,7.0406,7.0406,7.0406,7.0406,7.0406,7.0406,7.0406,7.0406,7.0406,7.0406,7.0406,7.0406,7.0406,7.0406,7.0406,7.0406,7.0406,7.0406,7.0406,7.0406,7.0406,7.0406,7.0406,7.0406,7.0406,7.0406,7.0406,7.0406,7.0406,7.0406,7.0406,7.0406,7.0406,7.0406,7.0406,7.0406,7.0406,7.0406,7.0406,7.0406,7.0406,7.0406,7.0406,7.0406,7.0406,7.0406,7.0406,7.0406,7.0406,7.0406,7.0406,7.0406,7.0406,7.0406,7.0406,7.0406,7.0406,7.0406,7.0406,7.0406,7.0406,7.0406,7.0406,7.0406,7.0406,7.0406,7.0406,7.0406,7.0406,7.0406,7.0406,7.0406,7.0406,7.0406,7.0406,7.0406,7.0406,7.0406,7.0406,7.0406,7.0406,6.0622,6.0343,6.0067,5.9772,5.9541,5.9481,5.9423,5.9366,5.9307,5.9249,5.9192,5.9136,5.9080,5.9024,5.8968,5.8912,5.8854,5.8798,5.8743,5.8685,5.8630,5.8575,5.8561,5.8548,5.8536,5.8524,5.8512,5.8499,5.8487,5.8475,5.8463,5.8451,5.8438,5.8426,5.8414,5.8402,5.8390,5.8375,5.8363,5.8351,5.8339,5.8327,5.8315,5.8302,5.8290,5.8276,5.8274,5.8294,5.8315,5.8337,5.8355,5.8375,5.8396,5.8418,5.8434,5.8455,5.8475,5.8495,5.8516,5.8536,5.8554,5.8575,5.8595,5.8616,5.8636,5.8657,5.8677,5.8696,5.8716,5.8737,5.8788,5.8860,5.8935,5.9009,5.9082,5.9157,5.9232,5.9307,5.9381,5.9456,5.9532,5.9608,5.9682,5.9759,5.9833,6.0637,6.5131,6.5123,6.5116,6.5106,6.5093,6.5091,6.5085,6.5085,6.5091,6.5091,6.5091,6.5103,6.5131,6.5161,6.5187,6.5214,6.5235,6.5268,6.5288,6.5313,6.5346,6.5374,6.5397,6.5433,6.5456,6.5489,6.5517,6.5545,6.5573,6.5602,6.5614,6.5637,6.5653,6.5676,6.5689,6.5715,6.5738,6.5766,6.5799,6.5867,6.5929,6.5991,6.6048,6.6110,6.6178,6.6241,6.6298,6.6361,6.6429,6.6492,6.6553,6.6619,6.6688,6.6754,6.6829,6.6890,6.6964,6.7026,6.7095,6.7206,6.7440,6.7685,6.7931,6.8182,6.8432,7.0406,7.0406,7.0406,7.0406,7.0406,7.0406,7.0406,7.0406,7.0406,7.0406,7.0406,7.0406,7.0406,7.0406,7.0406,7.0406,7.0406,7.0406,7.0406,7.0406,7.0406,7.0406,7.0406,7.0406,7.0406,7.0406,7.0406,7.0406,7.0406,7.0406,7.0406,7.0406,7.0406,7.0406,7.0406,7.0406,7.0406,7.0406,7.0406,7.0406,7.0406,7.0406,7.0406,7.0406,7.0406,7.0406,7.0406,7.0406,7.0406,7.0406,7.0406,7.0406,7.0406,7.0406,7.0406,7.0406,7.0406,7.0406,7.0406,7.0406,7.0406,7.0406,7.0406,7.0406,7.0406,7.0406,7.0406,7.0406,7.0406,7.0406,7.0406,7.0406,7.0406,7.0406,7.0406,7.0406,7.0406,7.0406,7.0406,7.0406,7.0406,7.0406,7.0406,7.0406,7.0406,7.0406,7.0406,7.0406,7.0406,7.0406,7.0406,7.0406,7.0406,7.0406,7.0406,7.0406,7.0406,7.0406,7.0406,7.0406,7.0406,7.0406,7.0406,7.0406,7.0406,7.0406,7.0406,7.0406,7.0406,7.0406,7.0406,7.0406,7.0406,7.0406,7.0406,7.0406,7.0406,7.0406,7.0406,7.0406,7.0406,7.0406,7.0406,7.0406,7.0406,7.0406,7.0406,7.0406,7.0406,7.0406,7.0406,7.0406,7.0406,7.0406,7.0406,7.0406,7.0406,7.0406,7.0406,7.0406,7.0406,7.0406,7.0406,7.0406,7.0406,7.0406,7.0406,7.0406,7.0406,7.0406,7.0406,7.0406,7.0406,7.0406,7.0406,7.0406,7.0406,7.0406,7.0406,7.0406,7.0406,7.0406,7.0406,7.0406,7.0406,7.0406,7.0406,7.0406,7.0406,7.0406,7.0406,7.0406,7.0406,7.0406,7.0406,7.0406,7.0406,7.0406,7.0406,7.0406,7.0406,7.0406,7.0406,7.0406,7.0406,7.0406,7.0406,7.0406,7.0406,7.0406,7.0406,7.0406,7.0406,7.0406,7.0406,7.0406,7.0406,7.0406,7.0406,7.0406,7.0406,7.0406,7.0406,7.0406,7.0406,7.0406,7.0406,7.0406,7.0406,7.0406,7.0406,7.0406,7.0406,7.0406,7.0406,7.0406,7.0406,7.0406,7.0406,7.0406,7.0406,7.0406,7.0406,7.0406,7.0406,7.0406,7.0406,7.0406,7.0406,7.0406,7.0406,7.0406,7.0406,7.0406,7.0406,7.0406,7.0406,7.0406,7.0406,7.0406,7.0406,7.0406,7.0406,7.0406,7.0406,7.0406,7.0406,7.0406,7.0406,7.0406,7.0406,7.0406,7.0406,7.0406,7.0406,7.0406,7.0406,7.0406,7.0406,7.0406,7.0406,7.0406,7.0406,7.0406,7.0406,7.0406,7.0400,7.0400,7.0400,7.0400,7.0400,7.0400,7.0400,7.0400,7.0400,7.0400,7.0400,7.0400,7.0400,7.0400,7.0400,7.0400,7.0400,7.0400,7.0400,7.0400,7.0400,7.0400,7.0400,7.0400,7.0400,7.0400,7.0400,7.0400,7.0400,7.0400,7.0400,7.0400,7.0400,7.0400,7.0400,7.0400,7.0400,7.0400,7.0400,7.0400,7.0400,7.0400,7.0400,7.0400,7.0400,7.0400,7.0400,7.0400,7.0400,7.0400,7.0400,7.0400,7.0400,7.0400,7.0400,7.0400,7.0400,7.0400,7.0400,7.0400,7.0400,7.0400,7.0400,7.0400,7.0400,7.0400,7.0400,7.0400,7.0400,7.0400,7.0400,7.0400,7.0400,7.0400,7.0400,7.0400,7.0400,7.0400,7.0400,7.0400,7.0400,7.0400,7.0400,7.0400,7.0400,7.0400,7.0400,7.0400,7.0400,7.0400,7.0400,7.0400,7.0400,7.0400,7.0400,7.0400,7.0400,7.0400,7.0400,7.0400,7.0400,7.0400,7.0400,7.0400,7.0400,7.0400,7.0400,7.0400,7.0400,7.0400,7.0400,7.0400,7.0400,7.0400,7.0400,7.0400,7.0400,7.0400,7.0400,7.0400,7.0400,7.0400,7.0400,7.0400,7.0400,7.0400,7.0400,7.0400,7.0400,7.0400,7.0400,7.0400,7.0400,7.0400,7.0400,7.0400,7.0400,7.0400,7.0400,7.0400,7.0400,7.0400,7.0400,7.0400,7.0400,7.0400,7.0400,7.0400,7.0400,7.0400,7.0400,7.0400,7.0400,7.0400,7.0400,7.0400,7.0400,7.0400,7.0400,7.0400,7.0400,7.0400
7.0344,7.0344,7.0344,7.0344,7.0344,7.0344,7.0344,7.0344,7.0344,7.0344,7.0344,7.0344,7.0344,7.0344,7.0344,7.0344,7.0344,7.0344,7.0344,7.0344,7.0344,7.0344,7.0344,7.0344,7.0344,7.0344,7.0344,7.0344,7.0344,7.0344,7.0344,7.0344,7.0344,7.0344,7.0344,7.0344,7.0344,7.0344,7.0344,7.0344,7.0344,7.0344,7.0344,7.0344,7.0344,7.0344,7.0344,7.0344,7.0344,7.0344,7.0344,7.0344,7.0344,7.0344,7.0344,7.0344,7.0344,7.0344,7.0344,7.0344,7.0344,7.0344,7.0344,7.0344,7.0344,7.0344,7.0344,7.0344,7.0344,7.0344,7.0344,7.0344,7.0344,7.0344,7.0344,7.0344,7.0344,7.0344,7.0344,7.0344,7.0344,7.0344,7.0344,7.0344,7.0344,7.0344,7.0344,7.0344,7.0344,7.0344,7.0344,7.0344,7.0344,7.0344,7.0344,7.0344,7.0344,7.0344,7.0344,7.0344,7.0344,7.0344,7.0344,7.0344,7.0344,7.0344,7.0344,7.0344,7.0344,7.0344,7.0344,7.0344,7.0344,7.0344,7.0344,7.0344,7.0344,7.0344,7.0344,7.0344,7.0344,7.0344,7.0344,7.0344,7.0344,7.0344,7.0344,7.0344,7.0344,7.0344,7.0344,7.0344,7.0344,7.0344,7.0344,7.0344,7.0344,7.0344,7.0344,7.0344,7.0344,7.0344,7.0344,7.0344,7.0344,7.0344,7.0344,7.0344,7.0344,7.0344,7.0344,7.0344,7.0344,7.0344,7.0344,7.0344,7.0344,7.0344,7.0344,7.0344,7.0344,7.0344,7.0344,7.0344,7.0344,7.0344,7.0344,7.0344,7.0344,7.0344,7.0344,7.0344,7.0344,7.0344,7.0344,7.0344,7.0344,7.0344,7.0344,7.0344,7.0344,7.0344,7.0344,7.0344,7.0344,7.0344,7.0344,7.0344,7.0344,7.0344,7.0344,7.0344,7.0344,7.0344,7.0344,7.0344,7.0344,7.0344,7.0344,7.0344,7.0344,7.0344,7.0344,7.0344,7.0344,7.0344,7.0344,7.0344,7.0344,7.0344,7.0344,7.0344,7.0344,7.0344,7.0344,7.0344,7.0344,7.0344,7.0344,7.0344,7.0344,7.0344,7.0344,7.0344,7.0344,7.0344,7.0344,7.0344,7.0344,7.0344,7.0344,7.0344,7.0344,7.0344,7.0344,7.0344,7.0344,7.0344,7.0344,7.0344,7.0344,7.0344,7.0344,7.0344,7.0344,7.0344,7.0344,7.0344,7.0344,7.0344,7.0344,7.0344,7.0344,7.0344,7.0344,7.0344,7.0344,7.0344,7.0344,7.0344,7.0344,7.0344,7.0344,7.0344,7.0344,7.0344,7.0344,7.0344,7.0344,7.0344,7.0344,7.0344,7.0344,7.0344,7.0344,7.0344,7.0344,7.0344,7.0344,7.0344,7.0344,7.0344,7.0344,7.0344,7.0344,7.0344,7.0344,7.0344,7.0344,7.0344,7.0344,7.0344,7.0344,7.0344,7.0344,7.0344,7.0344,7.0344,7.0344,7.0344,7.0344,7.0344,7.0344,7.0344,7.0344,7.0344,7.0344,7.0344,7.0344,7.0344,7.0344,7.0344,7.0344,7.0344,7.0344,7.0344,7.0344,7.0344,7.0344,7.0344,7.0344,7.0344,7.0344,7.0344,7.0344,7.0344,7.0344,7.0344,7.0344,7.0344,7.0344,7.0344,7.0344,7.0344,7.0344,7.0344,7.0344,7.0344,7.0344,7.0344,7.0344,7.0344,7.0344,7.0344,7.0344,7.0344,7.0344,7.0344,7.0344,7.0344,7.0344,7.0344,7.0344,7.0344,7.0344,7.0344,7.0344,7.0344,7.0344,7.0344,7.0344,7.0344,7.0344,7.0344,7.0344,7.0344,7.0344,7.0344,7.0344,7.0344,7.0344,7.0344,7.0344,7.0344,7.0344,7.0344,7.0344,7.0344,7.0344,7.0344,6.0890,6.0591,6.0315,6.0041,5.9744,5.9541,5.9481,5.9425,5.9366,5.9307,5.9251,5.9194,5.9138,5.9082,5.9026,5.8970,5.8914,5.8858,5.8800,5.8745,5.8687,5.8632,5.8581,5.8569,5.8556,5.8544,5.8532,5.8520,5.8508,5.8495,5.8483,5.8471,5.8459,5.8446,5.8434,5.8422,5.8412,5.8398,5.8383,5.8371,5.8359,5.8347,5.8337,5.8325,5.8308,5.8296,5.8284,5.8286,5.8306,5.8329,5.8347,5.8369,5.8388,5.8406,5.8426,5.8446,5.8467,5.8487,5.8508,5.8526,5.8546,5.8567,5.8587,5.8608,5.8628,5.8649,5.8667,5.8687,5.8708,5.8729,5.8749,5.8807,5.8879,5.8953,5.9028,5.9103,5.9175,5.9251,5.9326,5.9402,5.9475,5.9551,5.9627,5.9701,5.9778,5.9852,6.0784,6.5075,6.5068,6.5058,6.5050,6.5038,6.5035,6.5028,6.5030,6.5030,6.5025,6.5040,6.5063,6.5093,6.5121,6.5141,6.5169,6.5194,6.5219,6.5252,6.5273,6.5306,6.5329,6.5356,6.5390,6.5412,6.5441,6.5469,6.5502,6.5530,6.5553,6.5584,6.5604,6.5625,6.5643,6.5661,6.5684,6.5707,6.5735,6.5802,6.5861,6.5923,6.5986,6.6043,6.6110,6.6168,6.6230,6.6293,6.6356,6.6424,6.6482,6.6550,6.6614,6.6680,6.6749,6.6821,6.6884,6.6956,6.7021,6.7087,6.7303,6.7524,6.7770,6.8022,6.8271,6.8519,7.0344,7.0344,7.0344,7.0344,7.0344,7.0344,7.0344,7.0344,7.0344,7.0344,7.0344,7.0344,7.0344,7.0344,7.0344,7.0344,7.0344,7.0344,7.0344,7.0344,7.0344,7.0344,7.0344,7.0344,7.0344,7.0344,7.0344,7.0344,7.0344,7.0344,7.0344,7.0344,7.0344,7.0344,7.0344,7.0344,7.0344,7.0344,7.0344,7.0344,7.0344,7.0344,7.0344,7.0344,7.0344,7.0344,7.0344,7.0344,7.0344,7.0344,7.0344,7.0344,7.0344,7.0344,7.0344,7.0344,7.0344,7.0344,7.0344,7.0344,7.0344,7.0344,7.0344,7.0344,7.0344,7.0344,7.0344,7.0344,7.0344,7.0344,7.0344,7.0344,7.0344,7.0344,7.0344,7.0344,7.0344,7.0344,7.0344,7.0344,7.0344,7.0344,7.0344,7.0344,7.0344,7.0344,7.0344,7.0344,7.0344,7.0344,7.0344,7.0344,7.0344,7.0344,7.0344,7.0344,7.0344,7.0344,7.0344,7.0344,7.0344,7.0344,7.0344,7.0344,7.0344,7.0344,7.0344,7.0344,7.0344,7.0344,7.0344,7.0344,7.0344,7.0344,7.0344,7.0344,7.0344,7.0344,7.0344,7.0344,7.0344,7.0344,7.0344,7.0344,7.0344,7.0344,7.0344,7.0344,7.0344,7.0344,7.0344,7.0344,7.0344,7.0344,7.0344,7.0344,7.0344,7.0344,7.0344,7.0344,7.0344,7.0344,7.0344,7.0344,7.0344,7.0344,7.0344,7.0344,7.0344,7.0344,7.0344,7.0344,7.0344,7.0344,7.0344,7.0344,7.0344,7.0344,7.0344,7.0344,7.0344,7.0344,7.0344,7.0344,7.0344,7.0344,7.0344,7.0344,7.0344,7.0344,7.0344,7.0344,7.0344,7.0344,7.0344,7.0344,7.0344,7.0344,7.0344,7.0344,7.0344,7.0344,7.0344,7.0344,7.0344,7.0344,7.0344,7.0344,7.0344,7.0344,7.0344,7.0344,7.0344,7.0344,7.0344,7.0344,7.0344,7.0344,7.0344,7.0344,7.0344,7.0344,7.0344,7.0344,7.0344,7.0344,7.0344,7.0344,7.0344,7.0344,7.0344,7.0344,7.0344,7.0344,7.0344,7.0344,7.0344,7.0344,7.0344,7.0344,7.0344,7.0344,7.0344,7.0344,7.0344,7.0344,7.0344,7.0344,7.0344,7.0344,7.0344,7.0344,7.0344,7.0344,7.0344,7.0344,7.0344,7.0344,7.0344,7.0344,7.0344,7.0344,7.0344,7.0344,7.0344,7.0344,7.0344,7.0344,7.0344,7.0344,7.0344,7.0344,7.0344,7.0344,7.0344,7.0344,7.0344,7.0344,7.0344,7.0344,7.0344,7.0344,7.0344,7.0344,7.0344,7.0344,7.0344,7.0344,7.0344,7.0344,7.0344,7.0344,7.0344,7.0344,7.0344,7.0344,7.0344,7.0344,7.0344,7.0344,7.0344,7.0344,7.0344,7.0344,7.0344,7.0344,7.0344,7.0344,7.0344,7.0344,7.0344,7.0344,7.0344,7.0344,7.0344,7.0344,7.0344,7.0344,7.0344,7.0344,7.0344,7.0344,7.0344,7.0344,7.0344,7.0344,7.0344,7.0344,7.0344,7.0344,7.0344,7.0344,7.0344,7.0344,7.0344,7.0344,7.0344,7.0344,7.0344,7.0344,7.0344,7.0344,7.0344,7.0344,7.0344,7.0344,7.0344,7.0344,7.0344,7.0344,7.0344,7.0344,7.0344,7.0344,7.0344,7.0344,7.0344,7.0344,7.0344,7.0344,7.0344,7.0344,7.0344,7.0344,7.0344,7.0344,7.0344,7.0344,7.0344,7.0344,7.0344,7.0344,7.0344,7.0344,7.0344,7.0344,7.0344,7.0344,7.0344,7.0344,7.0344,7.0344,7.0344,7.0344,7.0344,7.0344,7.0344,7.0344,7.0344,7.0344,7.0344,7.0344,7.0344,7.0344,7.0344,7.0344,7.0344,7.0344,7.0344,7.0344,7.0344,7.0344,7.0344,7.0344,7.0344,7.0344,7.0344,7.0344,7.0344,7.0344,7.0344,7.0344,7.0344,7.0344,7.0344,7.0344,7.0344,7.0344,7.0344,7.0344,7.0344,7.0344,7.0344,7.0344,7.0344,7.0344,7.0344,7.0344,7.0344,7.0344,7.0344,7.0344,7.0344,7.0344,7.0344,7.0344,7.0344,7.0344,7.0344,7.0344,7.0344,7.0344,7.0344,7.0344,7.0344,7.0344,7.0344,7.0344
7.0294,7.0294,7.0294,7.0294,7.0294,7.0294,7.0294,7.0294,7.0294,7.0294,7.0294,7.0294,7.0294,7.0294,7.0294,7.0294,7.0294,7.0294,7.0294,7.0294,7.0294,7.0294,7.0294,7.0294,7.0294,7.0294,7.0294,7.0294,7.0294,7.0294,7.0294,7.0294,7.0294,7.0294,7.0294,7.0294,7.0294,7.0294,7.0294,7.0294,7.0294,7.0294,7.0294,7.0294,7.0294,7.0294,7.0294,7.0294,7.0294,7.0294,7.0294,7.0294,7.0294,7.0294,7.0294,7.0294,7.0294,7.0294,7.0294,7.0294,7.0294,7.0294,7.0294,7.0294,7.0294,7.0294,7.0294,7.0294,7.0294,7.0294,7.0294,7.0294,7.0294,7.0294,7.0294,7.0294,7.0294,7.0294,7.0294,7.0294,7.0294,7.0294,7.0294,7.0294,7.0294,7.0294,7.0294,7.0294,7.0294,7.0294,7.0294,7.0294,7.0294,7.0294,7.0294,7.0294,7.0294,7.0294,7.0294,7.0294,7.0294,7.0294,7.0294,7.0294,7.0294,7.0294,7.0294,7.0294,7.0294,7.0294,7.0294,7.0294,7.0294,7.0294,7.0294,7.0294,7.0294,7.0294,7.0294,7.0294,7.0294,7.0294,7.0294,7.0294,7.0294,7.0294,7.0294,7.0294,7.0294,7.0294,7.0294,7.0294,7.0294,7.0294,7.0294,7.0294,7.0294,7.0294,7.0294,7.0294,7.0294,7.0294,7.0294,7.0294,7.0294,7.0294,7.0294,7.0294,7.0294,7.0294,7.0294,7.0294,7.0294,7.0294,7.0294,7.0294,7.0294,7.0294,7.0294,7.0294,7.0294,7.0294,7.0294,7.0294,7.0294,7.0294,7.0294,7.0294,7.0294,7.0294,7.0294,7.0294,7.0294,7.0294,7.0294,7.0294,7.0294,7.0294,7.0294,7.0294,7.0294,7.0294,7.0294,7.0294,7.0294,7.0294,7.0294,7.0294,7.0294,7.0294,7.0294,7.0294,7.0294,7.0294,7.0294,7.0294,7.0294,7.0294,7.0294,7.0294,7.0294,7.0294,7.0294,7.0294,7.0294,7.0294,7.0294,7.0294,7.0294,7.0294,7.0294,7.0294,7.0294,7.0294,7.0294,7.0294,7.0294,7.0294,7.0294,7.0294,7.0294,7.0294,7.0294,7.0294,7.0294,7.0294,7.0294,7.0294,7.0294,7.0294,7.0294,7.0294,7.0294,7.0294,7.0294,7.0294,7.0294,7.0294,7.0294,7.0294,7.0294,7.0294,7.0294,7.0294,7.0294,7.0294,7.0294,7.0294,7.0294,7.0294,7.0294,7.0294,7.0294,7.0294,7.0294,7.0294,7.0294,7.0294,7.0294,7.0294,7.0294,7.0294,7.0294,7.0294,7.0294,7.0294,7.0294,7.0294,7.0294,7.0294,7.0294,7.0294,7.0294,7.0294,7.0294,7.0294,7.0294,7.0294,7.0294,7.0294,7.0294,7.0294,7.0294,7.0294,7.0294,7.0294,7.0294,7.0294,7.0294,7.0294,7.0294,7.0294,7.0294,7.0294,7.0294,7.0294,7.0294,7.0294,7.0294,7.0294,7.0294,7.0294,7.0294,7.0294,7.0294,7.0294,7.0294,7.0294,7.0294,7.0294,7.0294,7.0294,7.0294,7.0294,7.0294,7.0294,7.0294,7.0294,7.0294,7.0294,7.0294,7.0294,7.0294,7.0294,7.0294,7.0294,7.0294,7.0294,7.0294,7.0294,7.0294,7.0294,7.0294,7.0294,7.0294,7.0294,7.0294,7.0294,7.0294,7.0294,7.0294,7.0294,7.0294,7.0294,7.0294,7.0294,7.0294,7.0294,7.0294,7.0294,7.0294,7.0294,7.0294,7.0294,7.0294,7.0294,7.0294,7.0294,7.0294,7.0294,7.0294,7.0294,7.0294,7.0294,7.0294,7.0294,7.0294,7.0294,7.0294,7.0294,7.0294,7.0294,7.0294,7.0294,7.0294,7.0294,7.0294,7.0294,7.0294,7.0294,6.0848,6.0563,6.0284,6.0011,5.9716,5.9543,5.9484,5.9425,5.9368,5.9309,5.9251,5.9194,5.9138,5.9082,5.9026,5.8970,5.8914,5.8858,5.8803,5.8747,5.8692,5.8634,5.8587,5.8575,5.8563,5.8550,5.8538,5.8526,5.8514,5.8501,5.8489,5.8477,5.8465,5.8453,5.8440,5.8428,5.8416,5.8404,5.8392,5.8379,5.8367,5.8353,5.8341,5.8329,5.8317,5.8304,5.8292,5.8298,5.8319,5.8339,5.8359,5.8381,5.8402,5.8418,5.8438,5.8459,5.8479,5.8499,5.8518,5.8538,5.8559,5.8579,5.8599,5.8620,5.8640,5.8659,5.8679,5.8700,5.8720,5.8741,5.8759,5.8825,5.8899,5.8972,5.9046,5.9121,5.9194,5.9269,5.9345,5.9420,5.9494,5.9570,5.9646,5.9723,5.9797,5.9919,6.0932,6.5002,6.5005,6.4997,6.4995,6.4987,6.4980,6.4965,6.4965,6.4965,6.4975,6.5000,6.5028,6.5053,6.5073,6.5101,6.5126,6.5159,6.5179,6.5209,6.5237,6.5257,6.5290,6.5313,6.5344,6.5377,6.5405,6.5428,6.5461,6.5484,6.5512,6.5545,6.5573,6.5596,6.5614,6.5632,6.5661,6.5679,6.5735,6.5797,6.5854,6.5916,6.5978,6.6045,6.6103,6.6165,6.6228,6.6293,6.6356,6.6419,6.6477,6.6540,6.6606,6.6680,6.6741,6.6815,6.6882,6.6946,6.7015,6.7173,6.7394,6.7617,6.7860,6.8113,6.8363,6.8609,7.0294,7.0294,7.0294,7.0294,7.0294,7.0294,7.0294,7.0294,7.0294,7.0294,7.0294,7.0294,7.0294,7.0294,7.0294,7.0294,7.0294,7.0294,7.0294,7.0294,7.0294,7.0294,7.0294,7.0294,7.0294,7.0294,7.0294,7.0294,7.0294,7.0294,7.0294,7.0294,7.0294,7.0294,7.0294,7.0294,7.0294,7.0294,7.0294,7.0294,7.0294,7.0294,7.0294,7.0294,7.0294,7.0294,7.0294,7.0294,7.0294,7.0294,7.0294,7.0294,7.0294,7.0294,7.0294,7.0294,7.0294,7.0294,7.0294,7.0294,7.0294,7.0294,7.0294,7.0294,7.0294,7.0294,7.0294,7.0294,7.0294,7.0294,7.0294,7.0294,7.0294,7.0294,7.0294,7.0294,7.0294,7.0294,7.0294,7.0294,7.0294,7.0294,7.0294,7.0294,7.0294,7.0294,7.0294,7.0294,7.0294,7.0294,7.0294,7.0294,7.0294,7.0294,7.0294,7.0294,7.0294,7.0294,7.0294,7.0294,7.0294,7.0294,7.0294,7.0294,7.0294,7.0294,7.0294,7.0294,7.0294,7.0294,7.0294,7.0294,7.0294,7.0294,7.0294,7.0294,7.0294,7.0294,7.0294,7.0294,7.0294,7.0294,7.0294,7.0294,7.0294,7.0294,7.0294,7.0294,7.0294,7.0294,7.0294,7.0294,7.0294,7.0294,7.0294,7.0294,7.0294,7.0294,7.0294,7.0294,7.0294,7.0294,7.0294,7.0294,7.0294,7.0294,7.0294,7.0294,7.0294,7.0294,7.0294,7.0294,7.0294,7.0294,7.0294,7.0294,7.0294,7.0294,7.0294,7.0294,7.0294,7.0294,7.0294,7.0294,7.0294,7.0294,7.0294,7.0294,7.0294,7.0294,7.0294,7.0294,7.0294,7.0294,7.0294,7.0294,7.0294,7.0294,7.0294,7.0294,7.0294,7.0294,7.0294,7.0294,7.0294,7.0294,7.0294,7.0294,7.0294,7.0294,7.0294,7.0294,7.0294,7.0294,7.0294,7.0294,7.0294,7.0294,7.0294,7.0294,7.0294,7.0294,7.0294,7.0294,7.0294,7.0294,7.0294,7.0294,7.0294,7.0294,7.0294,7.0294,7.0294,7.0294,7.0294,7.0294,7.0294,7.0294,7.0294,7.0294,7.0294,7.0294,7.0294,7.0294,7.0294,7.0294,7.0294,7.0294,7.0294,7.0294,7.0294,7.0294,7.0294,7.0294,7.0294,7.0294,7.0294,7.0294,7.0294,7.0294,7.0294,7.0294,7.0294,7.0294,7.0294,7.0294,7.0294,7.0294,7.0294,7.0294,7.0294,7.0294,7.0294,7.0294,7.0294,7.0294,7.0294,7.0294,7.0294,7.0294,7.0294,7.0294,7.0294,7.0294,7.0294,7.0294,7.0294,7.0294,7.0294,7.0294,7.0294,7.0294,7.0294,7.0294,7.0294,7.0294,7.0294,7.0294,7.0294,7.0294,7.0294,7.0294,7.0294,7.0294,7.0294,7.0294,7.0294,7.0294,7.0294,7.0294,7.0294,7.0294,7.0294,7.0294,7.0294,7.0294,7.0294,7.0294,7.0294,7.0294,7.0294,7.0294,7.0294,7.0294,7.0294,7.0294,7.0294,7.0294,7.0294,7.0294,7.0294,7.0294,7.0294,7.0294,7.0294,7.0294,7.0294,7.0294,7.0294,7.0294,7.0294,7.0294,7.0294,7.0294,7.0294,7.0294,7.0294,7.0294,7.0294,7.0294,7.0294,7.0294,7.0294,7.0294,7.0294,7.0294,7.0294,7.0294,7.0294,7.0294,7.0294,7.0294,7.0294,7.0294,7.0294,7.0294,7.0294,7.0294,7.0294,7.0294,7.0294,7.0294,7.0294,7.0294,7.0294,7.0294,7.0294,7.0294,7.0294,7.0294,7.0294,7.0294,7.0294,7.0294,7.0294,7.0294,7.0294,7.0294,7.0294,7.0294,7.0294,7.0294,7.0294,7.0294,7.0294,7.0294,7.0294,7.0294,7.0294,7.0294,7.0294,7.0294,7.0294,7.0294,7.0294,7.0294,7.0294,7.0294,7.0294,7.0294,7.0294,7.0294,7.0294,7.0294,7.0294,7.0294,7.0294,7.0294,7.0294,7.0294,7.0294,7.0294,7.0294,7.0294,7.0294,7.0294,7.0294,7.0294,7.0294,7.0294,7.0294,7.0294,7.0294,7.0294,7.0294,7.0294,7.0294,7.0294,7.0294,7.0294,7.0294,7.0294,7.0294,7.0294,7.0294,7.0294,7.0294,7.0294
7.0235,7.0235,7.0235,7.0235,7.0235,7.0235,7.0235,7.0235,7.0235,7.0235,7.0235,7.0235,7.0235,7.0235,7.0235,7.0235,7.0235,7.0235,7.0235,7.0235,7.0235,7.0235,7.0235,7.0235,7.0235,7.0235,7.0235,7.0235,7.0235,7.0235,7.0235,7.0235,7.0235,7.0235,7.0235,7.0235,7.0235,7.0235,7.0235,7.0235,7.0235,7.0235,7.0235,7.0235,7.0235,7.0235,7.0235,7.0235,7.0235,7.0235,7.0235,7.0235,7.0235,7.0235,7.0235,7.0235,7.0235,7.0235,7.0235,7.0235,7.0235,7.0235,7.0235,7.0235,7.0235,7.0235,7.0235,7.0235,7.0235,7.0235,7.0235,7.0235,7.0235,7.0235,7.0235,7.0235,7.0235,7.0235,7.0235,7.0235,7.0235,7.0235,7.0235,7.0235,7.0235,7.0235,7.0235,7.0235,7.0235,7.0235,7.0235,7.0235,7.0235,7.0235,7.0235,7.0235,7.0235,7.0235,7.0235,7.0235,7.0235,7.0235,7.0235,7.0235,7.0235,7.0235,7.0235,7.0235,7.0235,7.0235,7.0235,7.0235,7.0235,7.0235,7.0235,7.0235,7.0235,7.0235,7.0235,7.0235,7.0235,7.0235,7.0235,7.0235,7.0235,7.0235,7.0235,7.0235,7.0235,7.0235,7.0235,7.0235,7.0235,7.0235,7.0235,7.0235,7.0235,7.0235,7.0235,7.0235,7.0235,7.0235,7.0235,7.0235,7.0235,7.0235,7.0235,7.0235,7.0235,7.0235,7.0235,7.0235,7.0235,7.0235,7.0235,7.0235,7.0235,7.0235,7.0235,7.0235,7.0235,7.0235,7.0235,7.0235,7.0235,7.0235,7.0235,7.0235,7.0235,7.0235,7.0235,7.0235,7.0235,7.0235,7.0235,7.0235,7.0235,7.0235,7.0235,7.0235,7.0235,7.0235,7.0235,7.0235,7.0235,7.0235,7.0235,7.0235,7.0235,7.0235,7.0235,7.0235,7.0235,7.0235,7.0235,7.0235,7.0235,7.0235,7.0235,7.0235,7.0235,7.0235,7.0235,7.0235,7.0235,7.0235,7.0235,7.0235,7.0235,7.0235,7.0235,7.0235,7.0235,7.0235,7.0235,7.0235,7.0235,7.0235,7.0235,7.0235,7.0235,7.0235,7.0235,7.0235,7.0235,7.0235,7.0235,7.0235,7.0235,7.0235,7.0235,7.0235,7.0235,7.0235,7.0235,7.0235,7.0235,7.0235,7.0235,7.0235,7.0235,7.0235,7.0235,7.0235,7.0235,7.0235,7.0235,7.0235,7.0235,7.0235,7.0235,7.0235,7.0235,7.0235,7.0235,7.0235,7.0235,7.0235,7.0235,7.0235,7.0235,7.0235,7.0235,7.0235,7.0235,7.0235,7.0235,7.0235,7.0235,7.0235,7.0235,7.0235,7.0235,7.0235,7.0235,7.0235,7.0235,7.0235,7.0235,7.0235,7.0235,7.0235,7.0235,7.0235,7.0235,7.0235,7.0235,7.0235,7.0235,7.0235,7.0235,7.0235,7.0235,7.0235,7.0235,7.0235,7.0235,7.0235,7.0235,7.0235,7.0235,7.0235,7.0235,7.0235,7.0235,7.0235,7.0235,7.0235,7.0235,7.0235,7.0235,7.0235,7.0235,7.0235,7.0235,7.0235,7.0235,7.0235,7.0235,7.0235,7.0235,7.0235,7.0235,7.0235,7.0235,7.0235,7.0235,7.0235,7.0235,7.0235,7.0235,7.0235,7.0235,7.0235,7.0235,7.0235,7.0235,7.0235,7.0235,7.0235,7.0235,7.0235,7.0235,7.0235,7.0235,7.0235,7.0235,7.0235,7.0235,7.0235,7.0235,7.0235,7.0235,7.0235,7.0235,7.0235,7.0235,7.0235,7.0235,7.0235,7.0235,7.0235,7.0235,7.0235,7.0235,7.0235,7.0235,7.0235,7.0235,7.0235,7.0235,7.0235,7.0235,7.0235,7.0235,7.0235,7.0235,7.0235,7.0235,7.0235,6.0813,6.0534,6.0256,5.9985,5.9689,5.9543,5.9484,5.9427,5.9368,5.9309,5.9253,5.9196,5.9140,5.9084,5.9028,5.8972,5.8916,5.8860,5.8805,5.8749,5.8694,5.8636,5.8595,5.8583,5.8571,5.8559,5.8546,5.8534,5.8522,5.8510,5.8497,5.8485,5.8473,5.8461,5.8448,5.8436,5.8424,5.8414,5.8398,5.8385,5.8373,5.8363,5.8349,5.8337,5.8325,5.8313,5.8300,5.8310,5.8331,5.8351,5.8371,5.8394,5.8410,5.8430,5.8451,5.8471,5.8491,5.8510,5.8530,5.8550,5.8571,5.8591,5.8612,5.8632,5.8651,5.8671,5.8692,5.8712,5.8733,5.8751,5.8772,5.8844,5.8918,5.8990,5.9065,5.9140,5.9215,5.9288,5.9364,5.9439,5.9515,5.9589,5.9665,5.9740,5.9816,6.0062,6.1080,6.4917,6.4914,6.4917,6.4922,6.4919,6.4922,6.4914,6.4907,6.4904,6.4932,6.4960,6.4980,6.5007,6.5033,6.5063,6.5085,6.5111,6.5144,6.5164,6.5192,6.5222,6.5245,6.5278,6.5306,6.5334,6.5356,6.5384,6.5418,6.5441,6.5474,6.5499,6.5527,6.5561,6.5589,6.5604,6.5630,6.5668,6.5730,6.5792,6.5854,6.5916,6.5973,6.6040,6.6097,6.6160,6.6228,6.6285,6.6348,6.6411,6.6479,6.6537,6.6606,6.6675,6.6741,6.6805,6.6871,6.6940,6.7058,6.7270,6.7489,6.7710,6.7953,6.8199,6.8455,7.0235,7.0235,7.0235,7.0235,7.0235,7.0235,7.0235,7.0235,7.0235,7.0235,7.0235,7.0235,7.0235,7.0235,7.0235,7.0235,7.0235,7.0235,7.0235,7.0235,7.0235,7.0235,7.0235,7.0235,7.0235,7.0235,7.0235,7.0235,7.0235,7.0235,7.0235,7.0235,7.0235,7.0235,7.0235,7.0235,7.0235,7.0235,7.0235,7.0235,7.0235,7.0235,7.0235,7.0235,7.0235,7.0235,7.0235,7.0235,7.0235,7.0235,7.0235,7.0235,7.0235,7.0235,7.0235,7.0235,7.0235,7.0235,7.0235,7.0235,7.0235,7.0235,7.0235,7.0235,7.0235,7.0235,7.0235,7.0235,7.0235,7.0235,7.0235,7.0235,7.0235,7.0235,7.0235,7.0235,7.0235,7.0235,7.0235,7.0235,7.0235,7.0235,7.0235,7.0235,7.0235,7.0235,7.0235,7.0235,7.0235,7.0235,7.0235,7.0235,7.0235,7.0235,7.0235,7.0235,7.0235,7.0235,7.0235,7.0235,7.0235,7.0235,7.0235,7.0235,7.0235,7.0235,7.0235,7.0235,7.0235,7.0235,7.0235,7.0235,7.0235,7.0235,7.0235,7.0235,7.0235,7.0235,7.0235,7.0235,7.0235,7.0235,7.0235,7.0235,7.0235,7.0235,7.0235,7.0235,7.0235,7.0235,7.0235,7.0235,7.0235,7.0235,7.0235,7.0235,7.0235,7.0235,7.0235,7.0235,7.0235,7.0235,7.0235,7.0235,7.0235,7.0235,7.0235,7.0235,7.0235,7.0235,7.0235,7.0235,7.0235,7.0235,7.0235,7.0235,7.0235,7.0235,7.0235,7.0235,7.0235,7.0235,7.0235,7.0235,7.0235,7.0235,7.0235,7.0235,7.0235,7.0235,7.0235,7.0235,7.0235,7.0235,7.0235,7.0235,7.0235,7.0235,7.0235,7.0235,7.0235,7.0235,7.0235,7.0235,7.0235,7.0235,7.0235,7.0235,7.0235,7.0235,7.0235,7.0235,7.0235,7.0235,7.0235,7.0235,7.0235,7.0235,7.0235,7.0235,7.0235,7.0235,7.0235,7.0235,7.0235,7.0235,7.0235,7.0235,7.0235,7.0235,7.0235,7.0235,7.0235,7.0235,7.0235,7.0235,7.0235,7.0235,7.0235,7.0235,7.0235,7.0235,7.0235,7.0235,7.0235,7.0235,7.0235,7.0235,7.0235,7.0235,7.0235,7.0235,7.0235,7.0235,7.0235,7.0235,7.0235,7.0235,7.0235,7.0235,7.0235,7.0235,7.0235,7.0235,7.0235,7.0235,7.0235,7.0235,7.0235,7.0235,7.0235,7.0235,7.0235,7.0235,7.0235,7.0235,7.0235,7.0235,7.0235,7.0235,7.0235,7.0235,7.0235,7.0235,7.0235,7.0235,7.0235,7.0235,7.0235,7.0235,7.0235,7.0235,7.0235,7.0235,7.0235,7.0235,7.0235,7.0235,7.0235,7.0235,7.0235,7.0235,7.0235,7.0235,7.0235,7.0235,7.0235,7.0235,7.0235,7.0235,7.0235,7.0235,7.0235,7.0235,7.0235,7.0235,7.0235,7.0235,7.0235,7.0235,7.0235,7.0235,7.0235,7.0235,7.0235,7.0235,7.0235,7.0235,7.0235,7.0235,7.0235,7.0235,7.0235,7.0235,7.0235,7.0235,7.0235,7.0235,7.0235,7.0235,7.0235,7.0235,7.0235,7.0235,7.0235,7.0235,7.0235,7.0235,7.0235,7.0235,7.0235,7.0235,7.0235,7.0235,7.0235,7.0235,7.0235,7.0235,7.0235,7.0235,7.0235,7.0235,7.0235,7.0235,7.0235,7.0235,7.0235,7.0235,7.0235,7.0235,7.0235,7.0235,7.0235,7.0235,7.0235,7.0235,7.0235,7.0235,7.0235,7.0235,7.0235,7.0235,7.0235,7.0235,7.0235,7.0235,7.0235,7.0235,7.0235,7.0235,7.0235,7.0235,7.0235,7.0235,7.0235,7.0235,7.0235,7.0235,7.0235,7.0235,7.0235,7.0235,7.0235,7.0235,7.0235,7.0235,7.0235,7.0235,7.0235,7.0235,7.0235,7.0235,7.0235,7.0235,7.0235,7.0235,7.0235,7.0235,7.0235,7.0235,7.0235,7.0235,7.0235,7.0235,7.0235,7.0235,7.0235,7.0235,7.0235,7.0235,7.0235,7.0235,7.0235,7.0235,7.0235,7.0235,7.0235,7.0235,7.0235,7.0235,7.0235,7.0235,7.0235,7.0235,7.0235,7.0235,7.0235,7.0235,7.0235
7.0186,7.0186,7.0186,7.0186,7.0186,7.0186,7.0186,7.0186,7.0186,7.0186,7.0186,7.0186,7.0186,7.0186,7.0186,7.0186,7.0186,7.0186,7.0186,7.0186,7.0186,7.0186,7.0186,7.0186,7.0186,7.0186,7.0186,7.0186,7.0186,7.0186,7.0186,7.0186,7.0186,7.0186,7.0186,7.0186,7.0186,7.0186,7.0186,7.0186,7.0186,7.0186,7.0186,7.0186,7.0186,7.0186,7.0186,7.0186,7.0186,7.0186,7.0186,7.0186,7.0186,7.0186,7.0186,7.0186,7.0186,7.0186,7.0186,7.0186,7.0186,7.0186,7.0186,7.0186,7.0186,7.0186,7.0186,7.0186,7.0186,7.0186,7.0186,7.0186,7.0186,7.0186,7.0186,7.0186,7.0186,7.0186,7.0186,7.0186,7.0186,7.0186,7.0186,7.0186,7.0186,7.0186,7.0186,7.0186,7.0186,7.0186,7.0186,7.0186,7.0186,7.0186,7.0186,7.0186,7.0186,7.0186,7.0186,7.0186,7.0186,7.0186,7.0186,7.0186,7.0186,7.0186,7.0186,7.0186,7.0186,7.0186,7.0186,7.0186,7.0186,7.0186,7.0186,7.0186,7.0186,7.0186,7.0186,7.0186,7.0186,7.0186,7.0186,7.0186,7.0186,7.0186,7.0186,7.0186,7.0186,7.0186,7.0186,7.0186,7.0186,7.0186,7.0186,7.0186,7.0186,7.0186,7.0186,7.0186,7.0186,7.0186,7.0186,7.0186,7.0186,7.0186,7.0186,7.0186,7.0186,7.0186,7.0186,7.0186,7.0186,7.0186,7.0186,7.0186,7.0186,7.0186,7.0186,7.0186,7.0186,7.0186,7.0186,7.0186,7.0186,7.0186,7.0186,7.0186,7.0186,7.0186,7.0186,7.0186,7.0186,7.0186,7.0186,7.0186,7.0186,7.0186,7.0186,7.0186,7.0186,7.0186,7.0186,7.0186,7.0186,7.0186,7.0186,7.0186,7.0186,7.0186,7.0186,7.0186,7.0186,7.0186,7.0186,7.0186,7.0186,7.0186,7.0186,7.0186,7.0186,7.0186,7.0186,7.0186,7.0186,7.0186,7.0186,7.0186,7.0186,7.0186,7.0186,7.0186,7.0186,7.0186,7.0186,7.0186,7.0186,7.0186,7.0186,7.0186,7.0186,7.0186,7.0186,7.0186,7.0186,7.0186,7.0186,7.0186,7.0186,7.0186,7.0186,7.0186,7.0186,7.0186,7.0186,7.0186,7.0186,7.0186,7.0186,7.0186,7.0186,7.0186,7.0186,7.0186,7.0186,7.0186,7.0186,7.0186,7.0186,7.0186,7.0186,7.0186,7.0186,7.0186,7.0186,7.0186,7.0186,7.0186,7.0186,7.0186,7.0186,7.0186,7.0186,7.0186,7.0186,7.0186,7.0186,7.0186,7.0186,7.0186,7.0186,7.0186,7.0186,7.0186,7.0186,7.0186,7.0186,7.0186,7.0186,7.0186,7.0186,7.0186,7.0186,7.0186,7.0186,7.0186,7.0186,7.0186,7.0186,7.0186,7.0186,7.0186,7.0186,7.0186,7.0186,7.0186,7.0186,7.0186,7.0186,7.0186,7.0186,7.0186,7.0186,7.0186,7.0186,7.0186,7.0186,7.0186,7.0186,7.0186,7.0186,7.0186,7.0186,7.0186,7.0186,7.0186,7.0186,7.0186,7.0186,7.0186,7.0186,7.0186,7.0186,7.0186,7.0186,7.0186,7.0186,7.0186,7.0186,7.0186,7.0186,7.0186,7.0186,7.0186,7.0186,7.0186,7.0186,7.0186,7.0186,7.0186,7.0186,7.0186,7.0186,7.0186,7.0186,7.0186,7.0186,7.0186,7.0186,7.0186,7.0186,7.0186,7.0186,7.0186,7.0186,7.0186,7.0186,7.0186,7.0186,7.0186,7.0186,7.0186,7.0186,7.0186,7.0186,7.0186,7.0186,7.0186,7.0186,7.0186,7.0186,7.0186,7.0186,7.0186,7.0186,7.0186,7.0186,7.0186,7.0186,7.0186,6.0784,6.0504,6.0228,5.9953,5.9661,5.9543,5.9486,5.9427,5.9368,5.9311,5.9255,5.9198,5.9142,5.9086,5.9030,5.8974,5.8918,5.8862,5.8807,5.8751,5.8696,5.8638,5.8603,5.8591,5.8579,5.8567,5.8554,5.8542,5.8530,5.8518,5.8506,5.8493,5.8481,5.8469,5.8457,5.8444,5.8430,5.8418,5.8406,5.8394,5.8383,5.8371,5.8357,5.8347,5.8333,5.8321,5.8308,5.8323,5.8345,5.8363,5.8381,5.8402,5.8422,5.8442,5.8463,5.8483,5.8501,5.8522,5.8542,5.8563,5.8583,5.8603,5.8624,5.8642,5.8663,5.8683,5.8704,5.8724,5.8743,5.8763,5.8788,5.8862,5.8937,5.9011,5.9084,5.9159,5.9234,5.9309,5.9383,5.9458,5.9534,5.9608,5.9684,5.9759,5.9835,6.0207,6.1229,6.4832,6.4834,6.4837,6.4834,6.4834,6.4837,6.4844,6.4844,6.4867,6.4892,6.4919,6.4945,6.4965,6.4997,6.5022,6.5045,6.5075,6.5101,6.5123,6.5149,6.5176,6.5207,6.5235,6.5263,6.5293,6.5321,6.5349,6.5377,6.5400,6.5433,6.5456,6.5489,6.5512,6.5540,6.5573,6.5596,6.5663,6.5720,6.5787,6.5843,6.5911,6.5973,6.6030,6.6097,6.6160,6.6222,6.6285,6.6343,6.6406,6.6469,6.6532,6.6595,6.6661,6.6736,6.6802,6.6866,6.6938,6.7149,6.7357,6.7576,6.7805,6.8039,6.8293,6.8544,7.0186,7.0186,7.0186,7.0186,7.0186,7.0186,7.0186,7.0186,7.0186,7.0186,7.0186,7.0186,7.0186,7.0186,7.0186,7.0186,7.0186,7.0186,7.0186,7.0186,7.0186,7.0186,7.0186,7.0186,7.0186,7.0186,7.0186,7.0186,7.0186,7.0186,7.0186,7.0186,7.0186,7.0186,7.0186,7.0186,7.0186,7.0186,7.0186,7.0186,7.0186,7.0186,7.0186,7.0186,7.0186,7.0186,7.0186,7.0186,7.0186,7.0186,7.0186,7.0186,7.0186,7.0186,7.0186,7.0186,7.0186,7.0186,7.0186,7.0186,7.0186,7.0186,7.0186,7.0186,7.0186,7.0186,7.0186,7.0186,7.0186,7.0186,7.0186,7.0186,7.0186,7.0186,7.0186,7.0186,7.0186,7.0186,7.0186,7.0186,7.0186,7.0186,7.0186,7.0186,7.0186,7.0186,7.0186,7.0186,7.0186,7.0186,7.0186,7.0186,7.0186,7.0186,7.0186,7.0186,7.0186,7.0186,7.0186,7.0186,7.0186,7.0186,7.0186,7.0186,7.0186,7.0186,7.0186,7.0186,7.0186,7.0186,7.0186,7.0186,7.0186,7.0186,7.0186,7.0186,7.0186,7.0186,7.0186,7.0186,7.0186,7.0186,7.0186,7.0186,7.0186,7.0186,7.0186,7.0186,7.0186,7.0186,7.0186,7.0186,7.0186,7.0186,7.0186,7.0186,7.0186,7.0186,7.0186,7.0186,7.0186,7.0186,7.0186,7.0186,7.0186,7.0186,7.0186,7.0186,7.0186,7.0186,7.0186,7.0186,7.0186,7.0186,7.0186,7.0186,7.0186,7.0186,7.0186,7.0186,7.0186,7.0186,7.0186,7.0186,7.0186,7.0186,7.0186,7.0186,7.0186,7.0186,7.0186,7.0186,7.0186,7.0186,7.0186,7.0186,7.0186,7.0186,7.0186,7.0186,7.0186,7.0186,7.0186,7.0186,7.0186,7.0186,7.0186,7.0186,7.0186,7.0186,7.0186,7.0186,7.0186,7.0186,7.0186,7.0186,7.0186,7.0186,7.0186,7.0186,7.0186,7.0186,7.0186,7.0186,7.0186,7.0186,7.0186,7.0186,7.0186,7.0186,7.0186,7.0186,7.0186,7.0186,7.0186,7.0186,7.0186,7.0186,7.0186,7.0186,7.0186,7.0186,7.0186,7.0186,7.0186,7.0186,7.0186,7.0186,7.0186,7.0186,7.0186,7.0186,7.0186,7.0186,7.0186,7.0186,7.0186,7.0186,7.0186,7.0186,7.0186,7.0186,7.0186,7.0186,7.0186,7.0186,7.0186,7.0186,7.0186,7.0186,7.0186,7.0186,7.0186,7.0186,7.0186,7.0186,7.0186,7.0186,7.0186,7.0186,7.0186,7.0186,7.0186,7.0186,7.0186,7.0186,7.0186,7.0186,7.0186,7.0186,7.0186,7.0186,7.0186,7.0186,7.0186,7.0186,7.0186,7.0186,7.0186,7.0186,7.0186,7.0186,7.0186,7.0186,7.0186,7.0186,7.0186,7.0186,7.0186,7.0186,7.0186,7.0186,7.0186,7.0186,7.0186,7.0186,7.0186,7.0186,7.0186,7.0186,7.0186,7.0186,7.0186,7.0186,7.0186,7.0186,7.0186,7.0186,7.0186,7.0186,7.0186,7.0186,7.0186,7.0186,7.0186,7.0186,7.0186,7.0186,7.0186,7.0186,7.0186,7.0186,7.0186,7.0186,7.0186,7.0186,7.0186,7.0186,7.0186,7.0186,7.0186,7.0186,7.0186,7.0186,7.0186,7.0186,7.0186,7.0186,7.0186,7.0186,7.0186,7.0186,7.0186,7.0186,7.0186,7.0186,7.0186,7.0186,7.0186,7.0186,7.0186,7.0186,7.0186,7.0186,7.0186,7.0186,7.0186,7.0186,7.0186,7.0186,7.0186,7.0186,7.0186,7.0186,7.0186,7.0186,7.0186,7.0186,7.0186,7.0186,7.0186,7.0186,7.0186,7.0186,7.0186,7.0186,7.0186,7.0186,7.0186,7.0186,7.0186,7.0186,7.0186,7.0186,7.0186,7.0186,7.0186,7.0186,7.0186,7.0186,7.0186,7.0186,7.0186,7.0186,7.0186,7.0186,7.0186,7.0186,7.0186,7.0186,7.0186,7.0186,7.0186,7.0186,7.0186,7.0186,7.0186,7.0186,7.0186,7.0186,7.0186,7.0186,7.0186,7.0186,7.0186,7.0186,7.0186,7.0186,7.0186,7.0186,7.0186,7.0186,7.0186,7.0186,7.0186,7.0186,7.0186,7.0186,7.0186
7.0130,7.0130,7.0130,7.0130,7.0130,7.0130,7.0130,7.0130,7.0130,7.0130,7.0130,7.0130,7.0130,7.0130,7.0130,7.0130,7.0130,7.0130,7.0130,7.0130,7.0130,7.0130,7.0130,7.0130,7.0130,7.0130,7.0130,7.0130,7.0130,7.0130,7.0130,7.0130,7.0130,7.0130,7.0130,7.0130,7.0130,7.0130,7.0130,7.0130,7.0130,7.0130,7.0130,7.0130,7.0130,7.0130,7.0130,7.0130,7.0130,7.0130,7.0130,7.0130,7.0130,7.0130,7.0130,7.0130,7.0130,7.0130,7.0130,7.0130,7.0130,7.0130,7.0130,7.0130,7.0130,7.0130,7.0130,7.0130,7.0130,7.0130,7.0130,7.0130,7.0130,7.0130,7.0130,7.0130,7.0130,7.0130,7.0130,7.0130,7.0130,7.0130,7.0130,7.0130,7.0130,7.0130,7.0130,7.0130,7.0130,7.0130,7.0130,7.0130,7.0130,7.0130,7.0130,7.0130,7.0130,7.0130,7.0130,7.0130,7.0130,7.0130,7.0130,7.0130,7.0130,7.0130,7.0130,7.0130,7.0130,7.0130,7.0130,7.0130,7.0130,7.0130,7.0130,7.0130,7.0130,7.0130,7.0130,7.0130,7.0130,7.0130,7.0130,7.0130,7.0130,7.0130,7.0130,7.0130,7.0130,7.0130,7.0130,7.0130,7.0130,7.0130,7.0130,7.0130,7.0130,7.0130,7.0130,7.0130,7.0130,7.0130,7.0130,7.0130,7.0130,7.0130,7.0130,7.0130,7.0130,7.0130,7.0130,7.0130,7.0130,7.0130,7.0130,7.0130,7.0130,7.0130,7.0130,7.0130,7.0130,7.0130,7.0130,7.0130,7.0130,7.0130,7.0130,7.0130,7.0130,7.0130,7.0130,7.0130,7.0130,7.0130,7.0130,7.0130,7.0130,7.0130,7.0130,7.0130,7.0130,7.0130,7.0130,7.0130,7.0130,7.0130,7.0130,7.0130,7.0130,7.0130,7.0130,7.0130,7.0130,7.0130,7.0130,7.0130,7.0130,7.0130,7.0130,7.0130,7.0130,7.0130,7.0130,7.0130,7.0130,7.0130,7.0130,7.0130,7.0130,7.0130,7.0130,7.0130,7.0130,7.0130,7.0130,7.0130,7.0130,7.0130,7.0130,7.0130,7.0130,7.0130,7.0130,7.0130,7.0130,7.0130,7.0130,7.0130,7.0130,7.0130,7.0130,7.0130,7.0130,7.0130,7.0130,7.0130,7.0130,7.0130,7.0130,7.0130,7.0130,7.0130,7.0130,7.0130,7.0130,7.0130,7.0130,7.0130,7.0130,7.0130,7.0130,7.0130,7.0130,7.0130,7.0130,7.0130,7.0130,7.0130,7.0130,7.0130,7.0130,7.0130,7.0130,7.0130,7.0130,7.0130,7.0130,7.0130,7.0130,7.0130,7.0130,7.0130,7.0130,7.0130,7.0130,7.0130,7.0130,7.0130,7.0130,7.0130,7.0130,7.0130,7.0130,7.0130,7.0130,7.0130,7.0130,7.0130,7.0130,7.0130,7.0130,7.0130,7.0130,7.0130,7.0130,7.0130,7.0130,7.0130,7.0130,7.0130,7.0130,7.0130,7.0130,7.0130,7.0130,7.0130,7.0130,7.0130,7.0130,7.0130,7.0130,7.0130,7.0130,7.0130,7.0130,7.0130,7.0130,7.0130,7.0130,7.0130,7.0130,7.0130,7.0130,7.0130,7.0130,7.0130,7.0130,7.0130,7.0130,7.0130,7.0130,7.0130,7.0130,7.0130,7.0130,7.0130,7.0130,7.0130,7.0130,7.0130,7.0130,7.0130,7.0130,7.0130,7.0130,7.0130,7.0130,7.0130,7.0130,7.0130,7.0130,7.0130,7.0130,7.0130,7.0130,7.0130,7.0130,7.0130,7.0130,7.0130,7.0130,7.0130,7.0130,7.0130,7.0130,7.0130,7.0130,7.0130,7.0130,7.0130,7.0130,7.0130,7.0130,7.0130,7.0130,7.0130,7.0130,7.0130,7.0130,7.0130,6.0755,6.0475,6.0200,5.9925,5.9634,5.9545,5.9486,5.9427,5.9370,5.9313,5.9257,5.9201,5.9144,5.9088,5.9032,5.8976,5.8920,5.8864,5.8809,5.8753,5.8698,5.8642,5.8610,5.8597,5.8585,5.8573,5.8561,5.8548,5.8536,5.8524,5.8512,5.8499,5.8487,5.8475,5.8463,5.8451,5.8438,5.8426,5.8414,5.8402,5.8390,5.8377,5.8365,5.8353,5.8341,5.8329,5.8317,5.8335,5.8355,5.8373,5.8394,5.8416,5.8434,5.8455,5.8475,5.8493,5.8514,5.8534,5.8554,5.8575,5.8595,5.8616,5.8634,5.8655,5.8675,5.8696,5.8716,5.8735,5.8755,5.8776,5.8809,5.8881,5.8955,5.9030,5.9103,5.9178,5.9253,5.9328,5.9402,5.9477,5.9553,5.9627,5.9704,5.9778,5.9852,6.0351,6.4747,6.4749,6.4749,6.4747,6.4754,6.4754,6.4757,6.4759,6.4779,6.4819,6.4857,6.4882,6.4909,6.4934,6.4960,6.4987,6.5012,6.5033,6.5060,6.5091,6.5116,6.5144,6.5169,6.5197,6.5224,6.5255,6.5278,6.5311,6.5334,6.5367,6.5395,6.5418,6.5446,6.5481,6.5509,6.5532,6.5589,6.5655,6.5717,6.5781,6.5843,6.5900,6.5967,6.6030,6.6087,6.6149,6.6212,6.6275,6.6338,6.6400,6.6469,6.6532,6.6595,6.6661,6.6730,6.6791,6.6866,6.7029,6.7241,6.7449,6.7671,6.7898,6.8130,6.8385,7.0130,7.0130,7.0130,7.0130,7.0130,7.0130,7.0130,7.0130,7.0130,7.0130,7.0130,7.0130,7.0130,7.0130,7.0130,7.0130,7.0130,7.0130,7.0130,7.0130,7.0130,7.0130,7.0130,7.0130,7.0130,7.0130,7.0130,7.0130,7.0130,7.0130,7.0130,7.0130,7.0130,7.0130,7.0130,7.0130,7.0130,7.0130,7.0130,7.0130,7.0130,7.0130,7.0130,7.0130,7.0130,7.0130,7.0130,7.0130,7.0130,7.0130,7.0130,7.0130,7.0130,7.0130,7.0130,7.0130,7.0130,7.0130,7.0130,7.0130,7.0130,7.0130,7.0130,7.0130,7.0130,7.0130,7.0130,7.0130,7.0130,7.0130,7.0130,7.0130,7.0130,7.0130,7.0130,7.0130,7.0130,7.0130,7.0130,7.0130,7.0130,7.0130,7.0130,7.0130,7.0130,7.0130,7.0130,7.0130,7.0130,7.0130,7.0130,7.0130,7.0130,7.0130,7.0130,7.0130,7.0130,7.0130,7.0130,7.0130,7.0130,7.0130,7.0130,7.0130,7.0130,7.0130,7.0130,7.0130,7.0130,7.0130,7.0130,7.0130,7.0130,7.0130,7.0130,7.0130,7.0130,7.0130,7.0130,7.0130,7.0130,7.0130,7.0130,7.0130,7.0130,7.0130,7.0130,7.0130,7.0130,7.0130,7.0130,7.0130,7.0130,7.0130,7.0130,7.0130,7.0130,7.0130,7.0130,7.0130,7.0130,7.0130,7.0130,7.0130,7.0130,7.0130,7.0130,7.0130,7.0130,7.0130,7.0130,7.0130,7.0130,7.0130,7.0130,7.0130,7.0130,7.0130,7.0130,7.0130,7.0130,7.0130,7.0130,7.0130,7.0130,7.0130,7.0130,7.0130,7.0130,7.0130,7.0130,7.0130,7.0130,7.0130,7.0130,7.0130,7.0130,7.0130,7.0130,7.0130,7.0130,7.0130,7.0130,7.0130,7.0130,7.0130,7.0130,7.0130,7.0130,7.0130,7.0130,7.0130,7.0130,7.0130,7.0130,7.0130,7.0130,7.0130,7.0130,7.0130,7.0130,7.0130,7.0130,7.0130,7.0130,7.0130,7.0130,7.0130,7.0130,7.0130,7.0130,7.0130,7.0130,7.0130,7.0130,7.0130,7.0130,7.0130,7.0130,7.0130,7.0130,7.0130,7.0130,7.0130,7.0130,7.0130,7.0130,7.0130,7.0130,7.0130,7.0130,7.0130,7.0130,7.0130,7.0130,7.0130,7.0130,7.0130,7.0130,7.0130,7.0130,7.0130,7.0130,7.0130,7.0130,7.0130,7.0130,7.0130,7.0130,7.0130,7.0130,7.0130,7.0130,7.0130,7.0130,7.0130,7.0130,7.0130,7.0130,7.0130,7.0130,7.0130,7.0130,7.0130,7.0130,7.0130,7.0130,7.0130,7.0130,7.0130,7.0130,7.0130,7.0130,7.0130,7.0130,7.0130,7.0130,7.0130,7.0130,7.0130,7.0130,7.0130,7.0130,7.0130,7.0130,7.0130,7.0130,7.0130,7.0130,7.0130,7.0130,7.0130,7.0130,7.0130,7.0130,7.0130,7.0130,7.0130,7.0130,7.0130,7.0130,7.0130,7.0130,7.0130,7.0130,7.0130,7.0130,7.0130,7.0130,7.0130,7.0130,7.0130,7.0130,7.0130,7.0130,7.0130,7.0130,7.0130,7.0130,7.0130,7.0130,7.0130,7.0130,7.0130,7.0130,7.0130,7.0130,7.0130,7.0130,7.0130,7.0130,7.0130,7.0130,7.0130,7.0130,7.0130,7.0130,7.0130,7.0130,7.0130,7.0130,7.0130,7.0130,7.0130,7.0130,7.0130,7.0130,7.0130,7.0130,7.0130,7.0130,7.0130,7.0130,7.0130,7.0130,7.0130,7.0130,7.0130,7.0130,7.0130,7.0130,7.0130,7.0130,7.0130,7.0130,7.0130,7.0130,7.0130,7.0130,7.0130,7.0130,7.0130,7.0130,7.0130,7.0130,7.0130,7.0130,7.0130,7.0130,7.0130,7.0130,7.0130,7.0130,7.0130,7.0130,7.0130,7.0130,7.0130,7.0130,7.0130,7.0130,7.0130,7.0130,7.0130,7.0130,7.0130,7.0130,7.0130,7.0130,7.0130,7.0130,7.0130,7.0130,7.0130,7.0130,7.0130,7.0130,7.0130,7.0130,7.0130,7.0130,7.0130,7.0130,7.0130,7.0130,7.0130,7.0130,7.0130,7.0130,7.0130,7.0130,7.0130,7.0130,7.0130,7.0130,7.0130,7.0130,7.0130,7.0130,7.0130
7.0074,7.0074,7.0074,7.0074,7.0074,7.0074,7.0074,7.0074,7.0074,7.0074,7.0074,7.0074,7.0074,7.0074,7.0074,7.0074,7.0074,7.0074,7.0074,7.0074,7.0074,7.0074,7.0074,7.0074,7.0074,7.0074,7.0074,7.0074,7.0074,7.0074,7.0074,7.0074,7.0074,7.0074,7.0074,7.0074,7.0074,7.0074,7.0074,7.0074,7.0074,7.0074,7.0074,7.0074,7.0074,7.0074,7.0074,7.0074,7.0074,7.0074,7.0074,7.0074,7.0074,7.0074,7.0074,7.0074,7.0074,7.0074,7.0074,7.0074,7.0074,7.0074,7.0074,7.0074,7.0074,7.0074,7.0074,7.0074,7.0074,7.0074,7.0074,7.0074,7.0074,7.0074,7.0074,7.0074,7.0074,7.0074,7.0074,7.0074,7.0074,7.0074,7.0074,7.0074,7.0074,7.0074,7.0074,7.0074,7.0074,7.0074,7.0074,7.0074,7.0074,7.0074,7.0074,7.0074,7.0074,7.0074,7.0074,7.0074,7.0074,7.0074,7.0074,7.0074,7.0074,7.0074,7.0074,7.0074,7.0074,7.0074,7.0074,7.0074,7.0074,7.0074,7.0074,7.0074,7.0074,7.0074,7.0074,7.0074,7.0074,7.0074,7.0074,7.0074,7.0074,7.0074,7.0074,7.0074,7.0074,7.0074,7.0074,7.0074,7.0074,7.0074,7.0074,7.0074,7.0074,7.0074,7.0074,7.0074,7.0074,7.0074,7.0074,7.0074,7.0074,7.0074,7.0074,7.0074,7.0074,7.0074,7.0074,7.0074,7.0074,7.0074,7.0074,7.0074,7.0074,7.0074,7.0074,7.0074,7.0074,7.0074,7.0074,7.0074,7.0074,7.0074,7.0074,7.0074,7.0074,7.0074,7.0074,7.0074,7.0074,7.0074,7.0074,7.0074,7.0074,7.0074,7.0074,7.0074,7.0074,7.0074,7.0074,7.0074,7.0074,7.0074,7.0074,7.0074,7.0074,7.0074,7.0074,7.0074,7.0074,7.0074,7.0074,7.0074,7.0074,7.0074,7.0074,7.0074,7.0074,7.0074,7.0074,7.0074,7.0074,7.0074,7.0074,7.0074,7.0074,7.0074,7.0074,7.0074,7.0074,7.0074,7.0074,7.0074,7.0074,7.0074,7.0074,7.0074,7.0074,7.0074,7.0074,7.0074,7.0074,7.0074,7.0074,7.0074,7.0074,7.0074,7.0074,7.0074,7.0074,7.0074,7.0074,7.0074,7.0074,7.0074,7.0074,7.0074,7.0074,7.0074,7.0074,7.0074,7.0074,7.0074,7.0074,7.0074,7.0074,7.0074,7.0074,7.0074,7.0074,7.0074,7.0074,7.0074,7.0074,7.0074,7.0074,7.0074,7.0074,7.0074,7.0074,7.0074,7.0074,7.0074,7.0074,7.0074,7.0074,7.0074,7.0074,7.0074,7.0074,7.0074,7.0074,7.0074,7.0074,7.0074,7.0074,7.0074,7.0074,7.0074,7.0074,7.0074,7.0074,7.0074,7.0074,7.0074,7.0074,7.0074,7.0074,7.0074,7.0074,7.0074,7.0074,7.0074,7.0074,7.0074,7.0074,7.0074,7.0074,7.0074,7.0074,7.0074,7.0074,7.0074,7.0074,7.0074,7.0074,7.0074,7.0074,7.0074,7.0074,7.0074,7.0074,7.0074,7.0074,7.0074,7.0074,7.0074,7.0074,7.0074,7.0074,7.0074,7.0074,7.0074,7.0074,7.0074,7.0074,7.0074,7.0074,7.0074,7.0074,7.0074,7.0074,7.0074,7.0074,7.0074,7.0074,7.0074,7.0074,7.0074,7.0074,7.0074,7.0074,7.0074,7.0074,7.0074,7.0074,7.0074,7.0074,7.0074,7.0074,7.0074,7.0074,7.0074,7.0074,7.0074,7.0074,7.0074,7.0074,7.0074,7.0074,7.0074,7.0074,7.0074,7.0074,7.0074,7.0074,7.0074,7.0074,7.0074,7.0074,7.0074,7.0074,7.0074,7.0074,7.0074,7.0074,7.0074,6.0808,6.0447,6.0172,5.9897,5.9606,5.9545,5.9488,5.9429,5.9372,5.9316,5.9259,5.9203,5.9146,5.9090,5.9034,5.8978,5.8922,5.8866,5.8811,5.8753,5.8698,5.8644,5.8618,5.8606,5.8593,5.8581,5.8569,5.8556,5.8544,5.8532,5.8520,5.8508,5.8495,5.8483,5.8471,5.8459,5.8446,5.8434,5.8422,5.8410,5.8398,5.8385,5.8373,5.8361,5.8349,5.8339,5.8329,5.8347,5.8367,5.8385,5.8406,5.8426,5.8446,5.8467,5.8485,5.8506,5.8526,5.8546,5.8567,5.8587,5.8608,5.8626,5.8646,5.8667,5.8687,5.8708,5.8726,5.8747,5.8768,5.8786,5.8827,5.8899,5.8974,5.9049,5.9123,5.9196,5.9272,5.9347,5.9423,5.9496,5.9572,5.9646,5.9723,5.9797,5.9872,6.0497,6.1283,6.4664,6.4659,6.4667,6.4664,6.4672,6.4672,6.4697,6.4729,6.4769,6.4809,6.4842,6.4869,6.4899,6.4924,6.4952,6.4977,6.4997,6.5030,6.5055,6.5080,6.5103,6.5128,6.5161,6.5184,6.5212,6.5245,6.5275,6.5303,6.5331,6.5359,6.5382,6.5415,6.5438,6.5466,6.5517,6.5586,6.5655,6.5717,6.5779,6.5841,6.5898,6.5960,6.6019,6.6087,6.6144,6.6207,6.6269,6.6332,6.6395,6.6458,6.6521,6.6585,6.6656,6.6722,6.6791,6.6908,6.7120,6.7330,6.7543,6.7770,6.7995,6.8224,6.8471,7.0074,7.0074,7.0074,7.0074,7.0074,7.0074,7.0074,7.0074,7.0074,7.0074,7.0074,7.0074,7.0074,7.0074,7.0074,7.0074,7.0074,7.0074,7.0074,7.0074,7.0074,7.0074,7.0074,7.0074,7.0074,7.0074,7.0074,7.0074,7.0074,7.0074,7.0074,7.0074,7.0074,7.0074,7.0074,7.0074,7.0074,7.0074,7.0074,7.0074,7.0074,7.0074,7.0074,7.0074,7.0074,7.0074,7.0074,7.0074,7.0074,7.0074,7.0074,7.0074,7.0074,7.0074,7.0074,7.0074,7.0074,7.0074,7.0074,7.0074,7.0074,7.0074,7.0074,7.0074,7.0074,7.0074,7.0074,7.0074,7.0074,7.0074,7.0074,7.0074,7.0074,7.0074,7.0074,7.0074,7.0074,7.0074,7.0074,7.0074,7.0074,7.0074,7.0074,7.0074,7.0074,7.0074,7.0074,7.0074,7.0074,7.0074,7.0074,7.0074,7.0074,7.0074,7.0074,7.0074,7.0074,7.0074,7.0074,7.0074,7.0074,7.0074,7.0074,7.0074,7.0074,7.0074,7.0074,7.0074,7.0074,7.0074,7.0074,7.0074,7.0074,7.0074,7.0074,7.0074,7.0074,7.0074,7.0074,7.0074,7.0074,7.0074,7.0074,7.0074,7.0074,7.0074,7.0074,7.0074,7.0074,7.0074,7.0074,7.0074,7.0074,7.0074,7.0074,7.0074,7.0074,7.0074,7.0074,7.0074,7.0074,7.0074,7.0074,7.0074,7.0074,7.0074,7.0074,7.0074,7.0074,7.0074,7.0074,7.0074,7.0074,7.0074,7.0074,7.0074,7.0074,7.0074,7.0074,7.0074,7.0074,7.0074,7.0074,7.0074,7.0074,7.0074,7.0074,7.0074,7.0074,7.0074,7.0074,7.0074,7.0074,7.0074,7.0074,7.0074,7.0074,7.0074,7.0074,7.0074,7.0074,7.0074,7.0074,7.0074,7.0074,7.0074,7.0074,7.0074,7.0074,7.0074,7.0074,7.0074,7.0074,7.0074,7.0074,7.0074,7.0074,7.0074,7.0074,7.0074,7.0074,7.0074,7.0074,7.0074,7.0074,7.0074,7.0074,7.0074,7.0074,7.0074,7.0074,7.0074,7.0074,7.0074,7.0074,7.0074,7.0074,7.0074,7.0074,7.0074,7.0074,7.0074,7.0074,7.0074,7.0074,7.0074,7.0074,7.0074,7.0074,7.0074,7.0074,7.0074,7.0074,7.0074,7.0074,7.0074,7.0074,7.0074,7.0074,7.0074,7.0074,7.0074,7.0074,7.0074,7.0074,7.0074,7.0074,7.0074,7.0074,7.0074,7.0074,7.0074,7.0074,7.0074,7.0074,7.0074,7.0074,7.0074,7.0074,7.0074,7.0074,7.0074,7.0074,7.0074,7.0074,7.0074,7.0074,7.0074,7.0074,7.0074,7.0074,7.0074,7.0074,7.0074,7.0074,7.0074,7.0074,7.0074,7.0074,7.0074,7.0074,7.0074,7.0074,7.0074,7.0074,7.0074,7.0074,7.0074,7.0074,7.0074,7.0074,7.0074,7.0074,7.0074,7.0074,7.0074,7.0074,7.0074,7.0074,7.0074,7.0074,7.0074,7.0074,7.0074,7.0074,7.0074,7.0074,7.0074,7.0074,7.0074,7.0074,7.0074,7.0074,7.0074,7.0074,7.0074,7.0074,7.0074,7.0074,7.0074,7.0074,7.0074,7.0074,7.0074,7.0074,7.0074,7.0074,7.0074,7.0074,7.0074,7.0074,7.0074,7.0074,7.0074,7.0074,7.0074,7.0074,7.0074,7.0074,7.0074,7.0074,7.0074,7.0074,7.0074,7.0074,7.0074,7.0074,7.0074,7.0074,7.0074,7.0074,7.0074,7.0074,7.0074,7.0074,7.0074,7.0074,7.0074,7.0074,7.0074,7.0074,7.0074,7.0074,7.0074,7.0074,7.0074,7.0074,7.0074,7.0074,7.0074,7.0074,7.0074,7.0074,7.0074,7.0074,7.0074,7.0074,7.0074,7.0074,7.0074,7.0074,7.0074,7.0074,7.0074,7.0074,7.0074,7.0074,7.0074,7.0074,7.0074,7.0074,7.0074,7.0074,7.0074,7.0074,7.0074,7.0074,7.0074,7.0074,7.0074,7.0074,7.0074,7.0074,7.0074,7.0074,7.0074,7.0074,7.0074,7.0074,7.0074,7.0074,7.0074,7.0074,7.0074,7.0074,7.0074,7.0074,7.0074,7.0074,7.0074,7.0074,7.0074,7.0074,7.0074,7.0074,7.0074,7.0074,7.0074,7.0074,7.0074
7.0016,7.0016,7.0016,7.0016,7.0016,7.0016,7.0016,7.0016,7.0016,7.0016,7.0016,7.0016,7.0016,7.0016,7.0016,7.0016,7.0016,7.0016,7.0016,7.0016,7.0016,7.0016,7.0016,7.0016,7.0016,7.0016,7.0016,7.0016,7.0016,7.0016,7.0016,7.0016,7.0016,7.0016,7.0016,7.0016,7.0016,7.0016,7.0016,7.0016,7.0016,7.0016,7.0016,7.0016,7.0016,7.0016,7.0016,7.0016,7.0016,7.0016,7.0016,7.0016,7.0016,7.0016,7.0016,7.0016,7.0016,7.0016,7.0016,7.0016,7.0016,7.0016,7.0016,7.0016,7.0016,7.0016,7.0016,7.0016,7.0016,7.0016,7.0016,7.0016,7.0016,7.0016,7.0016,7.0016,7.0016,7.0016,7.0016,7.0016,7.0016,7.0016,7.0016,7.0016,7.0016,7.0016,7.0016,7.0016,7.0016,7.0016,7.0016,7.0016,7.0016,7.0016,7.0016,7.0016,7.0016,7.0016,7.0016,7.0016,7.0016,7.0016,7.0016,7.0016,7.0016,7.0016,7.0016,7.0016,7.0016,7.0016,7.0016,7.0016,7.0016,7.0016,7.0016,7.0016,7.0016,7.0016,7.0016,7.0016,7.0016,7.0016,7.0016,7.0016,7.0016,7.0016,7.0016,7.0016,7.0016,7.0016,7.0016,7.0016,7.0016,7.0016,7.0016,7.0016,7.0016,7.0016,7.0016,7.0016,7.0016,7.0016,7.0016,7.0016,7.0016,7.0016,7.0016,7.0016,7.0016,7.0016,7.0016,7.0016,7.0016,7.0016,7.0016,7.0016,7.0016,7.0016,7.0016,7.0016,7.0016,7.0016,7.0016,7.0016,7.0016,7.0016,7.0016,7.0016,7.0016,7.0016,7.0016,7.0016,7.0016,7.0016,7.0016,7.0016,7.0016,7.0016,7.0016,7.0016,7.0016,7.0016,7.0016,7.0016,7.0016,7.0016,7.0016,7.0016,7.0016,7.0016,7.0016,7.0016,7.0016,7.0016,7.0016,7.0016,7.0016,7.0016,7.0016,7.0016,7.0016,7.0016,7.0016,7.0016,7.0016,7.0016,7.0016,7.0016,7.0016,7.0016,7.0016,7.0016,7.0016,7.0016,7.0016,7.0016,7.0016,7.0016,7.0016,7.0016,7.0016,7.0016,7.0016,7.0016,7.0016,7.0016,7.0016,7.0016,7.0016,7.0016,7.0016,7.0016,7.0016,7.0016,7.0016,7.0016,7.0016,7.0016,7.0016,7.0016,7.0016,7.0016,7.0016,7.0016,7.0016,7.0016,7.0016,7.0016,7.0016,7.0016,7.0016,7.0016,7.0016,7.0016,7.0016,7.0016,7.0016,7.0016,7.0016,7.0016,7.0016,7.0016,7.0016,7.0016,7.0016,7.0016,7.0016,7.0016,7.0016,7.0016,7.0016,7.0016,7.0016,7.0016,7.0016,7.0016,7.0016,7.0016,7.0016,7.0016,7.0016,7.0016,7.0016,7.0016,7.0016,7.0016,7.0016,7.0016,7.0016,7.0016,7.0016,7.0016,7.0016,7.0016,7.0016,7.0016,7.0016,7.0016,7.0016,7.0016,7.0016,7.0016,7.0016,7.0016,7.0016,7.0016,7.0016,7.0016,7.0016,7.0016,7.0016,7.0016,7.0016,7.0016,7.0016,7.0016,7.0016,7.0016,7.0016,7.0016,7.0016,7.0016,7.0016,7.0016,7.0016,7.0016,7.0016,7.0016,7.0016,7.0016,7.0016,7.0016,7.0016,7.0016,7.0016,7.0016,7.0016,7.0016,7.0016,7.0016,7.0016,7.0016,7.0016,7.0016,7.0016,7.0016,7.0016,7.0016,7.0016,7.0016,7.0016,7.0016,7.0016,7.0016,7.0016,7.0016,7.0016,7.0016,7.0016,7.0016,7.0016,7.0016,7.0016,7.0016,7.0016,7.0016,7.0016,7.0016,7.0016,7.0016,7.0016,7.0016,7.0016,7.0016,7.0016,7.0016,7.0016,7.0016,7.0016,7.0016,6.0896,6.0419,6.0142,5.9870,5.9604,5.9547,5.9488,5.9431,5.9374,5.9318,5.9259,5.9203,5.9146,5.9090,5.9034,5.8978,5.8922,5.8866,5.8811,5.8757,5.8702,5.8646,5.8626,5.8614,5.8601,5.8589,5.8577,5.8565,5.8552,5.8540,5.8528,5.8516,5.8503,5.8491,5.8479,5.8465,5.8453,5.8440,5.8428,5.8420,5.8404,5.8392,5.8379,5.8367,5.8359,5.8343,5.8339,5.8359,5.8377,5.8400,5.8418,5.8438,5.8459,5.8477,5.8497,5.8518,5.8538,5.8559,5.8579,5.8599,5.8618,5.8638,5.8659,5.8679,5.8700,5.8718,5.8739,5.8759,5.8778,5.8798,5.8846,5.8920,5.8993,5.9067,5.9142,5.9217,5.9290,5.9366,5.9441,5.9515,5.9591,5.9665,5.9740,5.9816,5.9891,6.0646,6.1281,6.4580,6.4582,6.4577,6.4585,6.4587,6.4605,6.4642,6.4682,6.4724,6.4764,6.4799,6.4839,6.4859,6.4884,6.4917,6.4937,6.4962,6.4995,6.5020,6.5040,6.5073,6.5098,6.5126,6.5154,6.5176,6.5204,6.5237,6.5263,6.5296,6.5323,6.5346,6.5379,6.5407,6.5441,6.5507,6.5576,6.5640,6.5715,6.5771,6.5833,6.5898,6.5960,6.6017,6.6079,6.6147,6.6204,6.6269,6.6327,6.6395,6.6458,6.6516,6.6579,6.6648,6.6717,6.6789,6.6999,6.7203,6.7416,6.7641,6.7860,6.8083,6.8316,7.0016,7.0016,7.0016,7.0016,7.0016,7.0016,7.0016,7.0016,7.0016,7.0016,7.0016,7.0016,7.0016,7.0016,7.0016,7.0016,7.0016,7.0016,7.0016,7.0016,7.0016,7.0016,7.0016,7.0016,7.0016,7.0016,7.0016,7.0016,7.0016,7.0016,7.0016,7.0016,7.0016,7.0016,7.0016,7.0016,7.0016,7.0016,7.0016,7.0016,7.0016,7.0016,7.0016,7.0016,7.0016,7.0016,7.0016,7.0016,7.0016,7.0016,7.0016,7.0016,7.0016,7.0016,7.0016,7.0016,7.0016,7.0016,7.0016,7.0016,7.0016,7.0016,7.0016,7.0016,7.0016,7.0016,7.0016,7.0016,7.0016,7.0016,7.0016,7.0016,7.0016,7.0016,7.0016,7.0016,7.0016,7.0016,7.0016,7.0016,7.0016,7.0016,7.0016,7.0016,7.0016,7.0016,7.0016,7.0016,7.0016,7.0016,7.0016,7.0016,7.0016,7.0016,7.0016,7.0016,7.0016,7.0016,7.0016,7.0016,7.0016,7.0016,7.0016,7.0016,7.0016,7.0016,7.0016,7.0016,7.0016,7.0016,7.0016,7.0016,7.0016,7.0016,7.0016,7.0016,7.0016,7.0016,7.0016,7.0016,7.0016,7.0016,7.0016,7.0016,7.0016,7.0016,7.0016,7.0016,7.0016,7.0016,7.0016,7.0016,7.0016,7.0016,7.0016,7.0016,7.0016,7.0016,7.0016,7.0016,7.0016,7.0016,7.0016,7.0016,7.0016,7.0016,7.0016,7.0016,7.0016,7.0016,7.0016,7.0016,7.0016,7.0016,7.0016,7.0016,7.0016,7.0016,7.0016,7.0016,7.0016,7.0016,7.0016,7.0016,7.0016,7.0016,7.0016,7.0016,7.0016,7.0016,7.0016,7.0016,7.0016,7.0016,7.0022,7.0022,7.0022,7.0022,7.0022,7.0022,7.0022,7.0022,7.0022,7.0022,7.0022,7.0022,7.0022,7.0022,7.0022,7.0022,7.0022,7.0022,7.0022,7.0022,7.0022,7.0022,7.0022,7.0022,7.0022,7.0022,7.0022,7.0022,7.0022,7.0022,7.0022,7.0022,7.0022,7.0022,7.0022,7.0022,7.0022,7.0022,7.0022,7.0022,7.0022,7.0022,7.0022,7.0022,7.0022,7.0022,7.0022,7.0022,7.0022,7.0022,7.0022,7.0022,7.0022,7.0022,7.0022,7.0022,7.0022,7.0022,7.0022,7.0022,7.0022,7.0022,7.0022,7.0022,7.0022,7.0022,7.0022,7.0022,7.0022,7.0022,7.0022,7.0022,7.0022,7.0022,7.0022,7.0022,7.0022,7.0022,7.0022,7.0022,7.0022,7.0022,7.0022,7.0022,7.0022,7.0022,7.0022,7.0022,7.0022,7.0022,7.0022,7.0022,7.0022,7.0022,7.0022,7.0022,7.0022,7.0022,7.0022,7.0022,7.0022,7.0022,7.0022,7.0022,7.0022,7.0022,7.0022,7.0022,7.0022,7.0022,7.0022,7.0022,7.0022,7.0022,7.0022,7.0022,7.0022,7.0022,7.0022,7.0022,7.0022,7.0022,7.0022,7.0022,7.0022,7.0022,7.0022,7.0022,7.0022,7.0022,7.0022,7.0022,7.0022,7.0022,7.0022,7.0022,7.0022,7.0022,7.0022,7.0022,7.0022,7.0022,7.0022,7.0022,7.0022,7.0022,7.0022,7.0022,7.0022,7.0022,7.0022,7.0022,7.0022,7.0022,7.0022,7.0022,7.0022,7.0022,7.0022,7.0022,7.0022,7.0022,7.0022,7.0022,7.0022,7.0022,7.0022,7.0022,7.0022,7.0022,7.0022,7.0022,7.0022,7.0022,7.0022,7.0022,7.0022,7.0022,7.0022,7.0022,7.0022,7.0022,7.0022,7.0022,7.0022,7.0022,7.0022,7.0022,7.0022,7.0022,7.0022,7.0022,7.0022,7.0022,7.0022,7.0022,7.0022,7.0022,7.0022,7.0022,7.0022,7.0022,7.0022,7.0022,7.0022,7.0022,7.0022,7.0022,7.0022,7.0022,7.0022,7.0022,7.0022,7.0022,7.0022,7.0022,7.0022,7.0022,7.0022,7.0022,7.0022,7.0022,7.0022,7.0022,7.0022,7.0022,7.0022,7.0022,7.0022,7.0022,7.0022,7.0022,7.0022,7.0022,7.0022,7.0022,7.0022,7.0022,7.0022,7.0022,7.0022,7.0022,7.0022,7.0022,7.0022,7.0022,7.0022,7.0022,7.0022,7.0022,7.0022,7.0022,7.0022,7.0022,7.0022,7.0022,7.0022
6.9966,6.9966,6.9966,6.9966,6.9966,6.9966,6.9966,6.9966,6.9966,6.9966,6.9966,6.9966,6.9966,6.9966,6.9966,6.9966,6.9966,6.9966,6.9966,6.9966,6.9966,6.9966,6.9966,6.9966,6.9966,6.9966,6.9966,6.9966,6.9966,6.9966,6.9966,6.9966,6.9966,6.9966,6.9966,6.9966,6.9966,6.9966,6.9966,6.9966,6.9966,6.9966,6.9966,6.9966,6.9966,6.9966,6.9966,6.9966,6.9966,6.9966,6.9966,6.9966,6.9966,6.9966,6.9966,6.9966,6.9966,6.9966,6.9966,6.9966,6.9966,6.9966,6.9966,6.9966,6.9966,6.9966,6.9966,6.9966,6.9966,6.9966,6.9966,6.9966,6.9966,6.9966,6.9966,6.9966,6.9966,6.9966,6.9966,6.9966,6.9966,6.9966,6.9966,6.9966,6.9966,6.9966,6.9966,6.9966,6.9966,6.9966,6.9966,6.9966,6.9966,6.9966,6.9966,6.9966,6.9966,6.9966,6.9966,6.9966,6.9966,6.9966,6.9966,6.9966,6.9966,6.9966,6.9966,6.9966,6.9966,6.9966,6.9966,6.9966,6.9966,6.9966,6.9966,6.9966,6.9966,6.9966,6.9966,6.9966,6.9966,6.9966,6.9966,6.9966,6.9966,6.9966,6.9966,6.9966,6.9966,6.9966,6.9966,6.9966,6.9966,6.9966,6.9966,6.9966,6.9966,6.9966,6.9966,6.9966,6.9966,6.9966,6.9966,6.9966,6.9966,6.9966,6.9966,6.9966,6.9966,6.9966,6.9966,6.9966,6.9966,6.9966,6.9966,6.9966,6.9966,6.9966,6.9966,6.9966,6.9966,6.9966,6.9966,6.9966,6.9966,6.9966,6.9966,6.9966,6.9966,6.9966,6.9966,6.9966,6.9966,6.9966,6.9966,6.9966,6.9966,6.9966,6.9966,6.9966,6.9966,6.9966,6.9966,6.9966,6.9966,6.9966,6.9966,6.9966,6.9966,6.9966,6.9966,6.9966,6.9966,6.9966,6.9966,6.9966,6.9966,6.9966,6.9966,6.9966,6.9966,6.9966,6.9966,6.9966,6.9966,6.9966,6.9966,6.9966,6.9966,6.9966,6.9966,6.9966,6.9966,6.9966,6.9966,6.9966,6.9966,6.9966,6.9966,6.9966,6.9966,6.9966,6.9966,6.9966,6.9966,6.9966,6.9966,6.9966,6.9966,6.9966,6.9966,6.9966,6.9966,6.9966,6.9966,6.9966,6.9966,6.9966,6.9966,6.9966,6.9966,6.9966,6.9966,6.9966,6.9966,6.9966,6.9966,6.9966,6.9966,6.9966,6.9966,6.9966,6.9966,6.9966,6.9966,6.9966,6.9966,6.9966,6.9966,6.9966,6.9966,6.9966,6.9966,6.9966,6.9966,6.9966,6.9966,6.9966,6.9966,6.9966,6.9966,6.9966,6.9966,6.9966,6.9966,6.9966,6.9966,6.9966,6.9966,6.9966,6.9966,6.9966,6.9966,6.9966,6.9966,6.9966,6.9966,6.9966,6.9966,6.9966,6.9966,6.9966,6.9966,6.9966,6.9966,6.9966,6.9966,6.9966,6.9966,6.9966,6.9966,6.9966,6.9966,6.9966,6.9966,6.9966,6.9966,6.9966,6.9966,6.9966,6.9966,6.9966,6.9966,6.9966,6.9966,6.9966,6.9966,6.9966,6.9966,6.9966,6.9966,6.9966,6.9966,6.9966,6.9966,6.9966,6.9966,6.9966,6.9966,6.9966,6.9966,6.9966,6.9966,6.9966,6.9966,6.9966,6.9966,6.9966,6.9966,6.9966,6.9966,6.9966,6.9966,6.9966,6.9966,6.9966,6.9966,6.9966,6.9966,6.9966,6.9966,6.9966,6.9966,6.9966,6.9966,6.9966,6.9966,6.9966,6.9966,6.9966,6.9966,6.9966,6.9966,6.9966,6.9966,6.9966,6.9966,6.9966,6.9966,6.9966,6.9966,6.9966,6.9966,6.9966,6.9966,6.9966,6.9966,6.9966,6.9966,6.9966,6.0972,6.0391,6.0114,5.9842,5.9606,5.9547,5.9488,5.9431,5.9374,5.9318,5.9261,5.9205,5.9148,5.9092,5.9036,5.8980,5.8924,5.8868,5.8815,5.8759,5.8704,5.8649,5.8634,5.8622,5.8608,5.8595,5.8583,5.8571,5.8559,5.8546,5.8534,5.8522,5.8510,5.8497,5.8485,5.8473,5.8461,5.8448,5.8436,5.8424,5.8414,5.8400,5.8390,5.8375,5.8365,5.8351,5.8351,5.8369,5.8390,5.8410,5.8430,5.8451,5.8471,5.8489,5.8510,5.8530,5.8550,5.8571,5.8591,5.8610,5.8630,5.8651,5.8671,5.8690,5.8710,5.8731,5.8751,5.8770,5.8790,5.8811,5.8864,5.8939,5.9013,5.9086,5.9161,5.9236,5.9309,5.9385,5.9460,5.9534,5.9610,5.9684,5.9759,5.9835,5.9910,6.0793,6.1281,6.4491,6.4498,6.4501,6.4496,6.4523,6.4560,6.4592,6.4632,6.4674,6.4707,6.4749,6.4789,6.4824,6.4849,6.4882,6.4907,6.4927,6.4960,6.4985,6.5005,6.5033,6.5058,6.5091,6.5118,6.5146,6.5174,6.5197,6.5230,6.5252,6.5283,6.5316,6.5344,6.5367,6.5430,6.5494,6.5568,6.5637,6.5702,6.5771,6.5833,6.5895,6.5957,6.6019,6.6079,6.6136,6.6199,6.6262,6.6330,6.6387,6.6456,6.6514,6.6579,6.6643,6.6706,6.6874,6.7082,6.7294,6.7508,6.7737,6.7959,6.8185,6.8410,6.9966,6.9966,6.9966,6.9966,6.9966,6.9966,6.9966,6.9966,6.9966,6.9966,6.9966,6.9966,6.9966,6.9966,6.9966,6.9966,6.9966,6.9966,6.9966,6.9966,6.9966,6.9966,6.9966,6.9966,6.9966,6.9966,6.9966,6.9966,6.9966,6.9966,6.9966,6.9966,6.9966,6.9966,6.9966,6.9966,6.9966,6.9966,6.9966,6.9966,6.9966,6.9966,6.9966,6.9966,6.9966,6.9966,6.9966,6.9966,6.9966,6.9966,6.9966,6.9966,6.9966,6.9966,6.9966,6.9966,6.9966,6.9966,6.9966,6.9966,6.9966,6.9966,6.9966,6.9966,6.9966,6.9966,6.9966,6.9966,6.9966,6.9966,6.9966,6.9966,6.9966,6.9966,6.9966,6.9966,6.9966,6.9966,6.9966,6.9966,6.9966,6.9966,6.9966,6.9966,6.9966,6.9966,6.9966,6.9966,6.9966,6.9966,6.9966,6.9966,6.9966,6.9966,6.9966,6.9966,6.9966,6.9966,6.9966,6.9966,6.9966,6.9966,6.9966,6.9966,6.9966,6.9966,6.9966,6.9966,6.9966,6.9966,6.9966,6.9966,6.9966,6.9966,6.9966,6.9966,6.9966,6.9966,6.9966,6.9966,6.9966,6.9966,6.9966,6.9966,6.9966,6.9966,6.9966,6.9966,6.9966,6.9966,6.9966,6.9966,6.9966,6.9966,6.9966,6.9966,6.9966,6.9966,6.9966,6.9966,6.9966,6.9966,6.9966,6.9966,6.9966,6.9966,6.9966,6.9966,6.9966,6.9966,6.9966,6.9966,6.9966,6.9966,6.9966,6.9966,6.9966,6.9966,6.9966,6.9966,6.9966,6.9966,6.9966,6.9966,6.9966,6.9966,6.9966,6.9966,6.9966,6.9966,6.9966,6.9966,6.9966,6.9966,6.9966,6.9966,6.9966,6.9966,6.9966,6.9966,6.9966,6.9966,6.9966,6.9966,6.9966,6.9966,6.9966,6.9966,6.9966,6.9966,6.9966,6.9966,6.9966,6.9966,6.9966,6.9966,6.9966,6.9966,6.9966,6.9966,6.9966,6.9966,6.9966,6.9966,6.9966,6.9966,6.9966,6.9966,6.9966,6.9966,6.9966,6.9966,6.9966,6.9966,6.9966,6.9966,6.9966,6.9966,6.9966,6.9966,6.9966,6.9966,6.9966,6.9966,6.9966,6.9966,6.9966,6.9966,6.9966,6.9966,6.9966,6.9966,6.9966,6.9966,6.9966,6.9966,6.9966,6.9966,6.9966,6.9966,6.9966,6.9966,6.9966,6.9966,6.9966,6.9966,6.9966,6.9966,6.9966,6.9966,6.9966,6.9966,6.9966,6.9966,6.9966,6.9966,6.9966,6.9966,6.9966,6.9966,6.9966,6.9966,6.9966,6.9966,6.9966,6.9966,6.9966,6.9966,6.9966,6.9966,6.9966,6.9966,6.9966,6.9966,6.9966,6.9966,6.9966,6.9966,6.9966,6.9966,6.9966,6.9966,6.9966,6.9966,6.9966,6.9966,6.9966,6.9966,6.9966,6.9966,6.9966,6.9966,6.9966,6.9966,6.9966,6.9966,6.9966,6.9966,6.9966,6.9966,6.9966,6.9966,6.9966,6.9966,6.9966,6.9966,6.9966,6.9966,6.9966,6.9966,6.9966,6.9966,6.9966,6.9966,6.9966,6.9966,6.9966,6.9966,6.9966,6.9966,6.9966,6.9966,6.9966,6.9966,6.9966,6.9966,6.9966,6.9966,6.9966,6.9966,6.9966,6.9966,6.9966,6.9966,6.9966,6.9966,6.9966,6.9966,6.9966,6.9966,6.9966,6.9966,6.9966,6.9966,6.9966,6.9966,6.9966,6.9966,6.9966,6.9966,6.9966,6.9966,6.9966,6.9966,6.9966,6.9966,6.9966,6.9966,6.9966,6.9966,6.9966,6.9966,6.9966,6.9966,6.9966,6.9966,6.9966,6.9966,6.9966,6.9966,6.9966,6.9966,6.9966,6.9966,6.9966,6.9966,6.9966,6.9966,6.9966,6.9966,6.9966,6.9966,6.9966,6.9966,6.9966,6.9966,6.9966,6.9966,6.9966,6.9966,6.9966,6.9966,6.9966,6.9966,6.9966,6.9966,6.9966,6.9966,6.9966,6.9966,6.9966,6.9966,6.9966,6.9966,6.9966,6.9966,6.9966,6.9966,6.9966,6.9966,6.9966,6.9966,6.9966,6.9966,6.9966,6.9966,6.9966,6.9966,6.9966,6.9966,6.9966,6.9966,6.9966,6.9966,6.9966,6.9966,6.9966,6.9966,6.9966,6.9966,6.9966
6.9911,6.9911,6.9911,6.9911,6.9911,6.9911,6.9911,6.9911,6.9911,6.9911,6.9911,6.9911,6.9911,6.9911,6.9911,6.9911,6.9911,6.9911,6.9911,6.9911,6.9911,6.9911,6.9911,6.9911,6.9911,6.9911,6.9911,6.9911,6.9911,6.9911,6.9911,6.9911,6.9911,6.9911,6.9911,6.9911,6.9911,6.9911,6.9911,6.9911,6.9911,6.9911,6.9911,6.9911,6.9911,6.9911,6.9911,6.9911,6.9911,6.9911,6.9911,6.9911,6.9911,6.9911,6.9911,6.9911,6.9911,6.9911,6.9911,6.9911,6.9911,6.9911,6.9911,6.9911,6.9911,6.9911,6.9911,6.9911,6.9911,6.9911,6.9911,6.9911,6.9911,6.9911,6.9911,6.9911,6.9911,6.9911,6.9911,6.9911,6.9911,6.9911,6.9911,6.9911,6.9911,6.9911,6.9911,6.9911,6.9911,6.9911,6.9911,6.9911,6.9911,6.9911,6.9911,6.9911,6.9911,6.9911,6.9911,6.9911,6.9911,6.9911,6.9911,6.9911,6.9911,6.9911,6.9911,6.9911,6.9911,6.9911,6.9911,6.9911,6.9911,6.9911,6.9911,6.9911,6.9911,6.9911,6.9911,6.9911,6.9911,6.9911,6.9911,6.9911,6.9911,6.9911,6.9911,6.9911,6.9911,6.9911,6.9911,6.9911,6.9911,6.9911,6.9911,6.9911,6.9911,6.9911,6.9911,6.9911,6.9911,6.9911,6.9911,6.9911,6.9911,6.9911,6.9911,6.9911,6.9911,6.9911,6.9911,6.9911,6.9911,6.9911,6.9911,6.9911,6.9911,6.9911,6.9911,6.9911,6.9911,6.9911,6.9911,6.9911,6.9911,6.9911,6.9911,6.9911,6.9911,6.9911,6.9911,6.9911,6.9911,6.9911,6.9911,6.9911,6.9911,6.9911,6.9911,6.9911,6.9911,6.9911,6.9911,6.9911,6.9911,6.9911,6.9911,6.9911,6.9911,6.9911,6.9911,6.9911,6.9911,6.9911,6.9911,6.9911,6.9911,6.9911,6.9911,6.9911,6.9911,6.9911,6.9911,6.9911,6.9911,6.9911,6.9911,6.9911,6.9911,6.9911,6.9911,6.9911,6.9911,6.9911,6.9911,6.9911,6.9911,6.9911,6.9911,6.9911,6.9911,6.9911,6.9911,6.9911,6.9911,6.9911,6.9911,6.9911,6.9911,6.9911,6.9911,6.9911,6.9911,6.9911,6.9911,6.9911,6.9911,6.9911,6.9911,6.9911,6.9911,6.9911,6.9911,6.9911,6.9911,6.9911,6.9911,6.9911,6.9911,6.9911,6.9911,6.9911,6.9911,6.9911,6.9911,6.9911,6.9911,6.9911,6.9911,6.9911,6.9911,6.9911,6.9911,6.9911,6.9911,6.9911,6.9911,6.9911,6.9911,6.9911,6.9911,6.9911,6.9911,6.9911,6.9911,6.9911,6.9911,6.9911,6.9911,6.9911,6.9911,6.9911,6.9911,6.9911,6.9911,6.9911,6.9911,6.9911,6.9911,6.9911,6.9911,6.9911,6.9911,6.9911,6.9911,6.9911,6.9911,6.9911,6.9911,6.9911,6.9911,6.9911,6.9911,6.9911,6.9911,6.9911,6.9911,6.9911,6.9911,6.9911,6.9911,6.9911,6.9911,6.9911,6.9911,6.9911,6.9911,6.9911,6.9911,6.9911,6.9911,6.9911,6.9911,6.9911,6.9911,6.9911,6.9911,6.9911,6.9911,6.9911,6.9911,6.9911,6.9911,6.9911,6.9911,6.9911,6.9911,6.9911,6.9911,6.9911,6.9911,6.9911,6.9911,6.9911,6.9911,6.9911,6.9911,6.9911,6.9911,6.9911,6.9911,6.9911,6.9911,6.9911,6.9911,6.9911,6.9911,6.9911,6.9911,6.9911,6.9911,6.9911,6.9911,6.9911,6.9911,6.9911,6.9911,6.9911,6.9911,6.9911,6.9911,6.9911,6.9911,6.9911,6.9911,6.9911,6.9911,6.9911,6.9911,6.9911,6.1045,6.0478,6.0086,5.9812,5.9606,5.9549,5.9490,5.9433,5.9376,5.9320,5.9263,5.9207,5.9150,5.9094,5.9038,5.8982,5.8926,5.8873,5.8817,5.8761,5.8706,5.8653,5.8640,5.8628,5.8616,5.8603,5.8591,5.8579,5.8567,5.8554,5.8542,5.8530,5.8518,5.8506,5.8493,5.8481,5.8469,5.8457,5.8444,5.8432,5.8420,5.8410,5.8396,5.8385,5.8373,5.8359,5.8361,5.8381,5.8402,5.8422,5.8442,5.8463,5.8481,5.8501,5.8522,5.8542,5.8563,5.8583,5.8601,5.8622,5.8642,5.8663,5.8681,5.8702,5.8722,5.8743,5.8761,5.8782,5.8803,5.8821,5.8883,5.8957,5.9032,5.9105,5.9180,5.9255,5.9330,5.9404,5.9479,5.9553,5.9627,5.9704,5.9778,5.9852,5.9929,6.0813,6.1279,6.4407,6.4409,6.4411,6.4436,6.4473,6.4510,6.4550,6.4587,6.4625,6.4657,6.4697,6.4744,6.4784,6.4814,6.4842,6.4867,6.4897,6.4922,6.4950,6.4970,6.5000,6.5028,6.5053,6.5083,6.5111,6.5138,6.5161,6.5194,6.5217,6.5250,6.5273,6.5308,6.5354,6.5418,6.5484,6.5553,6.5622,6.5697,6.5766,6.5825,6.5892,6.5952,6.6009,6.6071,6.6139,6.6202,6.6259,6.6322,6.6382,6.6445,6.6514,6.6577,6.6640,6.6754,6.6967,6.7179,6.7386,6.7609,6.7830,6.8055,6.8274,6.9911,6.9911,6.9911,6.9911,6.9911,6.9911,6.9911,6.9911,6.9911,6.9911,6.9911,6.9911,6.9911,6.9911,6.9911,6.9911,6.9911,6.9911,6.9911,6.9911,6.9911,6.9911,6.9911,6.9911,6.9911,6.9911,6.9911,6.9911,6.9911,6.9911,6.9911,6.9911,6.9911,6.9911,6.9911,6.9911,6.9911,6.9911,6.9911,6.9911,6.9911,6.9911,6.9911,6.9911,6.9911,6.9911,6.9911,6.9911,6.9911,6.9911,6.9911,6.9911,6.9911,6.9911,6.9911,6.9911,6.9911,6.9911,6.9911,6.9911,6.9911,6.9911,6.9911,6.9911,6.9911,6.9911,6.9911,6.9911,6.9911,6.9911,6.9911,6.9911,6.9911,6.9911,6.9911,6.9911,6.9911,6.9911,6.9911,6.9911,6.9911,6.9911,6.9911,6.9911,6.9911,6.9911,6.9911,6.9911,6.9911,6.9911,6.9911,6.9911,6.9911,6.9911,6.9911,6.9911,6.9911,6.9911,6.9911,6.9911,6.9911,6.9911,6.9911,6.9911,6.9911,6.9911,6.9911,6.9911,6.9911,6.9911,6.9911,6.9911,6.9911,6.9911,6.9911,6.9911,6.9911,6.9911,6.9911,6.9911,6.9911,6.9911,6.9911,6.9911,6.9911,6.9911,6.9911,6.9911,6.9911,6.9911,6.9911,6.9911,6.9911,6.9911,6.9911,6.9911,6.9911,6.9911,6.9911,6.9911,6.9911,6.9911,6.9911,6.9911,6.9911,6.9911,6.9911,6.9911,6.9911,6.9911,6.9911,6.9911,6.9911,6.9911,6.9911,6.9911,6.9911,6.9911,6.9911,6.9911,6.9911,6.9911,6.9911,6.9911,6.9911,6.9911,6.9911,6.9911,6.9911,6.9911,6.9911,6.9911,6.9911,6.9911,6.9911,6.9911,6.9911,6.9911,6.9911,6.9911,6.9911,6.9911,6.9911,6.9911,6.9911,6.9911,6.9911,6.9911,6.9911,6.9911,6.9911,6.9911,6.9911,6.9911,6.9911,6.9911,6.9911,6.9911,6.9911,6.9911,6.9911,6.9911,6.9911,6.9911,6.9911,6.9911,6.9911,6.9911,6.9911,6.9911,6.9911,6.9911,6.9911,6.9911,6.9911,6.9911,6.9911,6.9911,6.9911,6.9911,6.9911,6.9911,6.9911,6.9911,6.9911,6.9911,6.9911,6.9911,6.9911,6.9911,6.9911,6.9911,6.9911,6.9911,6.9911,6.9911,6.9911,6.9911,6.9911,6.9911,6.9911,6.9911,6.9911,6.9911,6.9911,6.9911,6.9911,6.9911,6.9911,6.9911,6.9911,6.9911,6.9911,6.9911,6.9911,6.9911,6.9911,6.9911,6.9911,6.9911,6.9911,6.9911,6.9911,6.9911,6.9911,6.9911,6.9911,6.9911,6.9911,6.9911,6.9911,6.9911,6.9911,6.9911,6.9911,6.9911,6.9911,6.9911,6.9911,6.9911,6.9911,6.9911,6.9911,6.9911,6.9911,6.9911,6.9911,6.9911,6.9911,6.9911,6.9911,6.9911,6.9911,6.9911,6.9911,6.9911,6.9911,6.9911,6.9911,6.9911,6.9911,6.9911,6.9911,6.9911,6.9911,6.9911,6.9911,6.9911,6.9911,6.9911,6.9911,6.9911,6.9911,6.9911,6.9911,6.9911,6.9911,6.9911,6.9911,6.9911,6.9911,6.9911,6.9911,6.9911,6.9911,6.9911,6.9911,6.9911,6.9911,6.9911,6.9911,6.9911,6.9911,6.9911,6.9911,6.9911,6.9911,6.9911,6.9911,6.9911,6.9911,6.9911,6.9911,6.9911,6.9911,6.9911,6.9911,6.9911,6.9911,6.9911,6.9911,6.9911,6.9911,6.9911,6.9911,6.9911,6.9911,6.9911,6.9911,6.9911,6.9911,6.9911,6.9911,6.9911,6.9911,6.9911,6.9911,6.9911,6.9911,6.9911,6.9911,6.9911,6.9911,6.9911,6.9911,6.9911,6.9911,6.9911,6.9911,6.9911,6.9911,6.9911,6.9911,6.9911,6.9911,6.9911,6.9911,6.9911,6.9911,6.9911,6.9911,6.9911,6.9911,6.9911,6.9911,6.9911,6.9911,6.9911,6.9911,6.9911,6.9911,6.9911,6.9911,6.9911,6.9911,6.9911,6.9911,6.9911,6.9911,6.9911,6.9911,6.9911,6.9911,6.9911,6.9911,6.9911,6.9911,6.9911,6.9911,6.9911,6.9911,6.9911,6.9911,6.9911,6.9911,6.9911,6.9911,6.9911,6.9911,6.9911,6.9911,6.9911
6.9850,6.9850,6.9850,6.9850,6.9850,6.9850,6.9850,6.9850,6.9850,6.9850,6.9850,6.9850,6.9850,6.9850,6.9850,6.9850,6.9850,6.9850,6.9850,6.9850,6.9850,6.9850,6.9850,6.9850,6.9850,6.9850,6.9850,6.9850,6.9850,6.9850,6.9850,6.9850,6.9850,6.9850,6.9850,6.9850,6.9850,6.9850,6.9850,6.9850,6.9850,6.9850,6.9850,6.9850,6.9850,6.9850,6.9850,6.9850,6.9850,6.9850,6.9850,6.9850,6.9850,6.9850,6.9850,6.9850,6.9850,6.9850,6.9850,6.9850,6.9850,6.9850,6.9850,6.9850,6.9850,6.9850,6.9850,6.9850,6.9850,6.9850,6.9850,6.9850,6.9850,6.9850,6.9850,6.9850,6.9850,6.9850,6.9850,6.9850,6.9850,6.9850,6.9850,6.9850,6.9850,6.9850,6.9850,6.9850,6.9850,6.9850,6.9850,6.9850,6.9850,6.9850,6.9850,6.9850,6.9850,6.9850,6.9850,6.9850,6.9850,6.9850,6.9850,6.9850,6.9850,6.9850,6.9850,6.9850,6.9850,6.9850,6.9850,6.9850,6.9850,6.9850,6.9850,6.9850,6.9850,6.9850,6.9850,6.9850,6.9850,6.9850,6.9850,6.9850,6.9850,6.9850,6.9850,6.9850,6.9850,6.9850,6.9850,6.9850,6.9850,6.9850,6.9850,6.9850,6.9850,6.9850,6.9850,6.9850,6.9850,6.9850,6.9850,6.9850,6.9850,6.9850,6.9850,6.9850,6.9850,6.9850,6.9850,6.9850,6.9850,6.9850,6.9850,6.9850,6.9850,6.9850,6.9850,6.9850,6.9850,6.9850,6.9850,6.9850,6.9850,6.9850,6.9850,6.9850,6.9850,6.9850,6.9850,6.9850,6.9850,6.9850,6.9850,6.9850,6.9850,6.9850,6.9850,6.9850,6.9850,6.9850,6.9850,6.9850,6.9850,6.9850,6.9850,6.9850,6.9850,6.9850,6.9850,6.9850,6.9850,6.9850,6.9850,6.9850,6.9850,6.9850,6.9850,6.9850,6.9850,6.9850,6.9850,6.9850,6.9850,6.9850,6.9850,6.9850,6.9850,6.9850,6.9850,6.9850,6.9850,6.9850,6.9850,6.9850,6.9850,6.9850,6.9850,6.9850,6.9850,6.9850,6.9850,6.9850,6.9850,6.9850,6.9850,6.9850,6.9850,6.9850,6.9850,6.9850,6.9850,6.9850,6.9850,6.9850,6.9850,6.9850,6.9850,6.9850,6.9850,6.9850,6.9850,6.9850,6.9850,6.9850,6.9850,6.9850,6.9850,6.9850,6.9850,6.9850,6.9850,6.9850,6.9850,6.9850,6.9850,6.9850,6.9850,6.9850,6.9850,6.9850,6.9850,6.9850,6.9850,6.9850,6.9850,6.9850,6.9850,6.9850,6.9850,6.9850,6.9850,6.9850,6.9850,6.9850,6.9850,6.9850,6.9850,6.9850,6.9850,6.9850,6.9850,6.9850,6.9850,6.9850,6.9850,6.9850,6.9850,6.9850,6.9850,6.9850,6.9850,6.9850,6.9850,6.9850,6.9850,6.9850,6.9850,6.9850,6.9850,6.9850,6.9850,6.9850,6.9850,6.9850,6.9850,6.9850,6.9850,6.9850,6.9850,6.9850,6.9850,6.9850,6.9850,6.9850,6.9850,6.9850,6.9850,6.9850,6.9850,6.9850,6.9850,6.9850,6.9850,6.9850,6.9850,6.9850,6.9850,6.9850,6.9850,6.9850,6.9850,6.9850,6.9850,6.9850,6.9850,6.9850,6.9850,6.9850,6.9850,6.9850,6.9850,6.9850,6.9850,6.9850,6.9850,6.9850,6.9850,6.9850,6.9850,6.9850,6.9850,6.9850,6.9850,6.9850,6.9850,6.9850,6.9850,6.9850,6.9850,6.9850,6.9850,6.9850,6.9850,6.9850,6.9850,6.9850,6.9850,6.9850,6.9850,6.9850,6.9850,6.9850,6.9850,6.9850,6.9850,6.9850,6.9850,6.9850,6.1120,6.0567,6.0058,5.9784,5.9608,5.9549,5.9492,5.9435,5.9378,5.9322,5.9265,5.9209,5.9153,5.9096,5.9040,5.8986,5.8930,5.8875,5.8819,5.8763,5.8708,5.8661,5.8649,5.8636,5.8624,5.8612,5.8599,5.8587,5.8575,5.8563,5.8550,5.8538,5.8526,5.8514,5.8501,5.8489,5.8477,5.8465,5.8453,5.8440,5.8428,5.8416,5.8406,5.8392,5.8379,5.8367,5.8373,5.8396,5.8414,5.8434,5.8455,5.8473,5.8493,5.8514,5.8534,5.8554,5.8575,5.8593,5.8614,5.8634,5.8655,5.8673,5.8694,5.8714,5.8733,5.8753,5.8774,5.8794,5.8813,5.8833,5.8902,5.8976,5.9051,5.9125,5.9198,5.9274,5.9349,5.9423,5.9498,5.9572,5.9646,5.9723,5.9797,5.9872,6.0073,6.0810,6.1276,6.4330,6.4330,6.4345,6.4382,6.4419,6.4456,6.4501,6.4538,6.4575,6.4612,6.4647,6.4692,6.4734,6.4774,6.4807,6.4837,6.4857,6.4882,6.4914,6.4939,6.4965,6.4987,6.5017,6.5045,6.5068,6.5098,6.5131,6.5159,6.5181,6.5214,6.5242,6.5273,6.5339,6.5412,6.5476,6.5550,6.5614,6.5684,6.5758,6.5828,6.5887,6.5944,6.6006,6.6074,6.6131,6.6194,6.6254,6.6322,6.6385,6.6448,6.6511,6.6569,6.6630,6.6847,6.7053,6.7270,6.7481,6.7701,6.7926,6.8149,6.9850,6.9850,6.9850,6.9850,6.9850,6.9850,6.9850,6.9850,6.9850,6.9850,6.9850,6.9850,6.9850,6.9850,6.9850,6.9850,6.9850,6.9850,6.9850,6.9850,6.9850,6.9850,6.9850,6.9850,6.9850,6.9850,6.9850,6.9850,6.9850,6.9850,6.9850,6.9850,6.9850,6.9850,6.9850,6.9850,6.9850,6.9850,6.9850,6.9850,6.9850,6.9850,6.9850,6.9850,6.9850,6.9850,6.9850,6.9850,6.9850,6.9850,6.9850,6.9850,6.9850,6.9850,6.9850,6.9850,6.9850,6.9850,6.9850,6.9850,6.9850,6.9850,6.9850,6.9850,6.9850,6.9850,6.9850,6.9850,6.9850,6.9850,6.9850,6.9850,6.9850,6.9850,6.9850,6.9850,6.9850,6.9850,6.9850,6.9850,6.9850,6.9850,6.9850,6.9850,6.9850,6.9850,6.9850,6.9850,6.9850,6.9850,6.9850,6.9850,6.9850,6.9850,6.9850,6.9850,6.9850,6.9850,6.9850,6.9850,6.9850,6.9850,6.9850,6.9850,6.9850,6.9850,6.9850,6.9850,6.9850,6.9850,6.9850,6.9850,6.9850,6.9850,6.9850,6.9850,6.9850,6.9850,6.9850,6.9850,6.9850,6.9850,6.9850,6.9850,6.9850,6.9850,6.9850,6.9850,6.9850,6.9850,6.9850,6.9850,6.9850,6.9850,6.9850,6.9850,6.9850,6.9850,6.9850,6.9850,6.9850,6.9850,6.9850,6.9850,6.9850,6.9850,6.9850,6.9850,6.9850,6.9850,6.9850,6.9850,6.9850,6.9850,6.9850,6.9850,6.9850,6.9850,6.9850,6.9850,6.9850,6.9850,6.9850,6.9850,6.9850,6.9850,6.9850,6.9850,6.9850,6.9850,6.9850,6.9850,6.9850,6.9850,6.9850,6.9850,6.9850,6.9850,6.9850,6.9850,6.9850,6.9850,6.9850,6.9850,6.9850,6.9850,6.9850,6.9850,6.9850,6.9850,6.9850,6.9850,6.9850,6.9850,6.9850,6.9850,6.9850,6.9850,6.9850,6.9850,6.9850,6.9850,6.9850,6.9850,6.9850,6.9850,6.9850,6.9850,6.9850,6.9850,6.9850,6.9850,6.9850,6.9850,6.9850,6.9850,6.9850,6.9850,6.9850,6.9850,6.9850,6.9850,6.9850,6.9850,6.9850,6.9850,6.9850,6.9850,6.9850,6.9850,6.9850,6.9850,6.9850,6.9850,6.9850,6.9850,6.9850,6.9850,6.9850,6.9850,6.9850,6.9850,6.9850,6.9850,6.9850,6.9850,6.9850,6.9850,6.9850,6.9850,6.9850,6.9850,6.9850,6.9850,6.9850,6.9850,6.9850,6.9850,6.9850,6.9850,6.9850,6.9850,6.9850,6.9850,6.9850,6.9850,6.9850,6.9850,6.9850,6.9850,6.9850,6.9850,6.9850,6.9850,6.9850,6.9850,6.9850,6.9850,6.9850,6.9850,6.9850,6.9850,6.9850,6.9850,6.9850,6.9850,6.9850,6.9850,6.9850,6.9850,6.9850,6.9850,6.9850,6.9850,6.9850,6.9850,6.9850,6.9850,6.9850,6.9850,6.9850,6.9850,6.9850,6.9850,6.9850,6.9850,6.9850,6.9850,6.9850,6.9850,6.9850,6.9850,6.9850,6.9850,6.9850,6.9850,6.9850,6.9850,6.9850,6.9850,6.9850,6.9850,6.9850,6.9850,6.9850,6.9850,6.9850,6.9850,6.9850,6.9850,6.9850,6.9850,6.9850,6.9850,6.9850,6.9850,6.9850,6.9850,6.9850,6.9850,6.9850,6.9850,6.9850,6.9850,6.9850,6.9850,6.9850,6.9850,6.9850,6.9850,6.9850,6.9850,6.9850,6.9850,6.9850,6.9850,6.9850,6.9850,6.9850,6.9850,6.9850,6.9850,6.9850,6.9850,6.9850,6.9850,6.9850,6.9850,6.9850,6.9850,6.9850,6.9850,6.9850,6.9850,6.9850,6.9850,6.9850,6.9850,6.9850,6.9850,6.9850,6.9850,6.9850,6.9850,6.9850,6.9850,6.9850,6.9850,6.9850,6.9850,6.9850,6.9850,6.9850,6.9850,6.9850,6.9850,6.9850,6.9850,6.9850,6.9850,6.9850,6.9850,6.9850,6.9850,6.9850,6.9850,6.9850,6.9850,6.9850,6.9850,6.9850,6.9850,6.9850,6.9850,6.9850,6.9850,6.9850,6.9850,6.9850,6.9850,6.9850,6.9850,6.9850,6.9850,6.9850,6.9850,6.9850,6.9850,6.9850,6.9850,6.9850,6.9850,6.9850
6.9798,6.9798,6.9798,6.9798,6.9798,6.9798,6.9798,6.9798,6.9798,6.9798,6.9798,6.9798,6.9798,6.9798,6.9798,6.9798,6.9798,6.9798,6.9798,6.9798,6.9798,6.9798,6.9798,6.9798,6.9798,6.9798,6.9798,6.9798,6.9798,6.9798,6.9798,6.9798,6.9798,6.9798,6.9798,6.9798,6.9798,6.9798,6.9798,6.9798,6.9798,6.9798,6.9798,6.9798,6.9798,6.9798,6.9798,6.9798,6.9798,6.9798,6.9798,6.9798,6.9798,6.9798,6.9798,6.9798,6.9798,6.9798,6.9798,6.9798,6.9798,6.9798,6.9798,6.9798,6.9798,6.9798,6.9798,6.9798,6.9798,6.9798,6.9798,6.9798,6.9798,6.9798,6.9798,6.9798,6.9798,6.9798,6.9798,6.9798,6.9798,6.9798,6.9798,6.9798,6.9798,6.9798,6.9798,6.9798,6.9798,6.9798,6.9798,6.9798,6.9798,6.9798,6.9798,6.9798,6.9798,6.9798,6.9798,6.9798,6.9798,6.9798,6.9798,6.9798,6.9798,6.9798,6.9798,6.9798,6.9798,6.9798,6.9798,6.9798,6.9798,6.9798,6.9798,6.9798,6.9798,6.9798,6.9798,6.9798,6.9798,6.9798,6.9798,6.9798,6.9798,6.9798,6.9798,6.9798,6.9798,6.9798,6.9798,6.9798,6.9798,6.9798,6.9798,6.9798,6.9798,6.9798,6.9798,6.9798,6.9798,6.9798,6.9798,6.9798,6.9798,6.9798,6.9798,6.9798,6.9798,6.9798,6.9798,6.9798,6.9798,6.9798,6.9798,6.9798,6.9798,6.9798,6.9798,6.9798,6.9798,6.9798,6.9798,6.9798,6.9798,6.9798,6.9798,6.9798,6.9798,6.9798,6.9798,6.9798,6.9798,6.9798,6.9798,6.9798,6.9798,6.9798,6.9798,6.9798,6.9798,6.9798,6.9798,6.9798,6.9798,6.9798,6.9798,6.9798,6.9798,6.9798,6.9798,6.9798,6.9798,6.9798,6.9798,6.9798,6.9798,6.9798,6.9798,6.9798,6.9798,6.9798,6.9798,6.9798,6.9798,6.9798,6.9798,6.9798,6.9798,6.9798,6.9798,6.9798,6.9798,6.9798,6.9798,6.9798,6.9798,6.9798,6.9798,6.9798,6.9798,6.9798,6.9798,6.9798,6.9798,6.9798,6.9798,6.9798,6.9798,6.9798,6.9798,6.9798,6.9798,6.9798,6.9798,6.9798,6.9798,6.9798,6.9798,6.9798,6.9798,6.9798,6.9798,6.9798,6.9798,6.9798,6.9798,6.9798,6.9798,6.9798,6.9798,6.9798,6.9798,6.9798,6.9798,6.9798,6.9798,6.9798,6.9798,6.9798,6.9798,6.9798,6.9798,6.9798,6.9798,6.9798,6.9798,6.9798,6.9798,6.9798,6.9798,6.9798,6.9798,6.9798,6.9798,6.9798,6.9798,6.9798,6.9798,6.9798,6.9798,6.9798,6.9798,6.9798,6.9798,6.9798,6.9798,6.9798,6.9798,6.9798,6.9798,6.9798,6.9798,6.9798,6.9798,6.9798,6.9798,6.9798,6.9798,6.9798,6.9798,6.9798,6.9798,6.9798,6.9798,6.9798,6.9798,6.9798,6.9798,6.9798,6.9798,6.9798,6.9798,6.9798,6.9798,6.9798,6.9798,6.9798,6.9798,6.9798,6.9798,6.9798,6.9798,6.9798,6.9798,6.9798,6.9798,6.9798,6.9798,6.9798,6.9798,6.9798,6.9798,6.9798,6.9798,6.9798,6.9798,6.9798,6.9798,6.9798,6.9798,6.9798,6.9798,6.9798,6.9798,6.9798,6.9798,6.9798,6.9798,6.9798,6.9798,6.9798,6.9798,6.9798,6.9798,6.9798,6.9798,6.9798,6.9798,6.9798,6.9798,6.9798,6.9798,6.9798,6.9798,6.9798,6.9798,6.9798,6.9798,6.9798,6.9798,6.9798,6.9798,6.9798,6.9798,6.9798,6.9798,6.9798,6.9798,6.9798,6.9798,6.0654,6.0062,5.9757,5.9608,5.9551,5.9494,5.9437,5.9381,5.9324,5.9267,5.9211,5.9155,5.9098,5.9044,5.8988,5.8933,5.8877,5.8821,5.8768,5.8712,5.8669,5.8657,5.8644,5.8632,5.8620,5.8608,5.8595,5.8583,5.8571,5.8559,5.8546,5.8534,5.8522,5.8510,5.8497,5.8485,5.8473,5.8461,5.8448,5.8436,5.8424,5.8412,5.8402,5.8388,5.8375,5.8385,5.8406,5.8426,5.8446,5.8465,5.8485,5.8506,5.8526,5.8546,5.8567,5.8585,5.8606,5.8626,5.8646,5.8665,5.8685,5.8706,5.8724,5.8745,5.8765,5.8786,5.8805,5.8825,5.8848,5.8922,5.8995,5.9069,5.9144,5.9217,5.9292,5.9368,5.9441,5.9515,5.9591,5.9665,5.9740,5.9816,5.9891,6.0217,6.0810,6.1274,6.4246,6.4259,6.4296,6.4333,6.4370,6.4414,6.4451,6.4483,6.4525,6.4558,6.4602,6.4637,6.4679,6.4724,6.4762,6.4802,6.4827,6.4847,6.4879,6.4904,6.4924,6.4957,6.4977,6.5010,6.5038,6.5060,6.5091,6.5123,6.5151,6.5174,6.5207,6.5268,6.5331,6.5397,6.5466,6.5540,6.5609,6.5679,6.5748,6.5818,6.5885,6.5942,6.6009,6.6066,6.6126,6.6194,6.6251,6.6319,6.6382,6.6440,6.6506,6.6569,6.6722,6.6938,6.7149,6.7359,6.7568,6.7792,6.8019,6.8246,6.9798,6.9798,6.9798,6.9798,6.9798,6.9798,6.9798,6.9798,6.9798,6.9798,6.9798,6.9798,6.9798,6.9798,6.9798,6.9798,6.9798,6.9798,6.9798,6.9798,6.9798,6.9798,6.9798,6.9798,6.9798,6.9798,6.9798,6.9798,6.9798,6.9798,6.9798,6.9798,6.9798,6.9798,6.9798,6.9798,6.9798,6.9798,6.9798,6.9798,6.9798,6.9798,6.9798,6.9798,6.9798,6.9798,6.9798,6.9798,6.9798,6.9798,6.9798,6.9798,6.9798,6.9798,6.9798,6.9798,6.9798,6.9798,6.9798,6.9798,6.9798,6.9798,6.9798,6.9798,6.9798,6.9798,6.9798,6.9798,6.9798,6.9798,6.9798,6.9798,6.9798,6.9798,6.9798,6.9798,6.9798,6.9798,6.9798,6.9798,6.9798,6.9798,6.9798,6.9798,6.9798,6.9798,6.9798,6.9798,6.9798,6.9798,6.9798,6.9798,6.9798,6.9798,6.9798,6.9798,6.9798,6.9798,6.9798,6.9798,6.9798,6.9798,6.9798,6.9798,6.9798,6.9798,6.9798,6.9798,6.9798,6.9798,6.9798,6.9798,6.9798,6.9798,6.9798,6.9798,6.9798,6.9798,6.9798,6.9798,6.9798,6.9798,6.9798,6.9798,6.9798,6.9798,6.9798,6.9798,6.9798,6.9798,6.9798,6.9798,6.9798,6.9798,6.9798,6.9798,6.9798,6.9798,6.9798,6.9798,6.9798,6.9798,6.9798,6.9798,6.9798,6.9798,6.9798,6.9798,6.9798,6.9798,6.9798,6.9798,6.9798,6.9798,6.9798,6.9798,6.9798,6.9798,6.9798,6.9798,6.9798,6.9798,6.9798,6.9798,6.9798,6.9798,6.9798,6.9798,6.9798,6.9798,6.9798,6.9798,6.9798,6.9798,6.9798,6.9798,6.9798,6.9798,6.9798,6.9798,6.9798,6.9798,6.9798,6.9798,6.9798,6.9798,6.9798,6.9798,6.9798,6.9798,6.9798,6.9798,6.9798,6.9798,6.9798,6.9798,6.9798,6.9798,6.9798,6.9798,6.9798,6.9798,6.9798,6.9798,6.9798,6.9798,6.9798,6.9798,6.9798,6.9798,6.9798,6.9798,6.9798,6.9798,6.9798,6.9798,6.9798,6.9798,6.9798,6.9798,6.9798,6.9798,6.9798,6.9798,6.9798,6.9798,6.9798,6.9798,6.9798,6.9798,6.9798,6.9798,6.9798,6.9798,6.9798,6.9798,6.9798,6.9798,6.9798,6.9798,6.9798,6.9798,6.9798,6.9798,6.9798,6.9798,6.9798,6.9798,6.9798,6.9798,6.9798,6.9798,6.9798,6.9798,6.9798,6.9798,6.9798,6.9798,6.9798,6.9798,6.9798,6.9798,6.9798,6.9798,6.9798,6.9798,6.9798,6.9798,6.9798,6.9798,6.9798,6.9798,6.9798,6.9798,6.9798,6.9798,6.9798,6.9798,6.9798,6.9798,6.9798,6.9798,6.9798,6.9798,6.9798,6.9798,6.9798,6.9798,6.9798,6.9798,6.9798,6.9798,6.9798,6.9798,6.9798,6.9798,6.9798,6.9798,6.9798,6.9798,6.9798,6.9798,6.9798,6.9798,6.9798,6.9798,6.9798,6.9798,6.9798,6.9798,6.9798,6.9798,6.9798,6.9798,6.9798,6.9798,6.9798,6.9798,6.9798,6.9798,6.9798,6.9798,6.9798,6.9798,6.9798,6.9798,6.9798,6.9798,6.9798,6.9798,6.9798,6.9798,6.9798,6.9798,6.9798,6.9798,6.9798,6.9798,6.9798,6.9798,6.9798,6.9798,6.9798,6.9798,6.9798,6.9798,6.9798,6.9798,6.9798,6.9798,6.9798,6.9798,6.9798,6.9798,6.9798,6.9798,6.9798,6.9798,6.9798,6.9798,6.9798,6.9798,6.9798,6.9798,6.9798,6.9798,6.9798,6.9798,6.9798,6.9798,6.9798,6.9798,6.9798,6.9798,6.9798,6.9798,6.9798,6.9798,6.9798,6.9798,6.9798,6.9798,6.9798,6.9798,6.9798,6.9798,6.9798,6.9798,6.9798,6.9798,6.9798,6.9798,6.9798,6.9798,6.9798,6.9798,6.9798,6.9798,6.9798,6.9798,6.9798,6.9798,6.9798,6.9798,6.9798,6.9798,6.9798,6.9798,6.9798,6.9798,6.9798,6.9798,6.9798,6.9798,6.9798,6.9798,6.9798,6.9798,6.9798,6.9798,6.9798,6.9798,6.9798,6.9798,6.9798,6.9798,6.9798,6.9798,6.9798,6.9798,6.9798,6.9798,6.9803
6.9743,6.9743,6.9743,6.9743,6.9743,6.9743,6.9743,6.9743,6.9743,6.9743,6.9743,6.9743,6.9743,6.9743,6.9743,6.9743,6.9743,6.9743,6.9743,6.9743,6.9743,6.9743,6.9743,6.9743,6.9743,6.9743,6.9743,6.9743,6.9743,6.9743,6.9743,6.9743,6.9743,6.9743,6.9743,6.9743,6.9743,6.9743,6.9743,6.9743,6.9743,6.9743,6.9743,6.9743,6.9743,6.9743,6.9743,6.9743,6.9743,6.9743,6.9743,6.9743,6.9743,6.9743,6.9743,6.9743,6.9743,6.9743,6.9743,6.9743,6.9743,6.9743,6.9743,6.9743,6.9743,6.9743,6.9743,6.9743,6.9743,6.9743,6.9743,6.9743,6.9743,6.9743,6.9743,6.9743,6.9743,6.9743,6.9743,6.9743,6.9743,6.9743,6.9743,6.9743,6.9743,6.9743,6.9743,6.9743,6.9743,6.9743,6.9743,6.9743,6.9743,6.9743,6.9743,6.9743,6.9743,6.9743,6.9743,6.9743,6.9743,6.9743,6.9743,6.9743,6.9743,6.9743,6.9743,6.9743,6.9743,6.9743,6.9743,6.9743,6.9743,6.9743,6.9743,6.9743,6.9743,6.9743,6.9743,6.9743,6.9743,6.9743,6.9743,6.9743,6.9743,6.9743,6.9743,6.9743,6.9743,6.9743,6.9743,6.9743,6.9743,6.9743,6.9743,6.9743,6.9743,6.9743,6.9743,6.9743,6.9743,6.9743,6.9743,6.9743,6.9743,6.9743,6.9743,6.9743,6.9743,6.9743,6.9743,6.9743,6.9743,6.9743,6.9743,6.9743,6.9743,6.9743,6.9743,6.9743,6.9743,6.9743,6.9743,6.9743,6.9743,6.9743,6.9743,6.9743,6.9743,6.9743,6.9743,6.9743,6.9743,6.9743,6.9743,6.9743,6.9743,6.9743,6.9743,6.9743,6.9743,6.9743,6.9743,6.9743,6.9743,6.9743,6.9743,6.9743,6.9743,6.9743,6.9743,6.9743,6.9743,6.9743,6.9743,6.9743,6.9743,6.9743,6.9743,6.9743,6.9743,6.9743,6.9743,6.9743,6.9743,6.9743,6.9743,6.9743,6.9743,6.9743,6.9743,6.9743,6.9743,6.9743,6.9743,6.9743,6.9743,6.9743,6.9743,6.9743,6.9743,6.9743,6.9743,6.9743,6.9743,6.9743,6.9743,6.9743,6.9743,6.9743,6.9743,6.9743,6.9743,6.9743,6.9743,6.9743,6.9743,6.9743,6.9743,6.9743,6.9743,6.9743,6.9743,6.9743,6.9743,6.9743,6.9743,6.9743,6.9743,6.9743,6.9743,6.9743,6.9743,6.9743,6.9743,6.9743,6.9743,6.9743,6.9743,6.9743,6.9743,6.9743,6.9743,6.9743,6.9743,6.9743,6.9743,6.9743,6.9743,6.9743,6.9743,6.9743,6.9743,6.9743,6.9743,6.9743,6.9743,6.9743,6.9743,6.9743,6.9743,6.9743,6.9743,6.9743,6.9743,6.9743,6.9743,6.9743,6.9743,6.9743,6.9743,6.9743,6.9743,6.9743,6.9743,6.9743,6.9743,6.9743,6.9743,6.9743,6.9743,6.9743,6.9743,6.9743,6.9743,6.9743,6.9743,6.9743,6.9743,6.9743,6.9743,6.9743,6.9743,6.9743,6.9743,6.9743,6.9743,6.9743,6.9743,6.9743,6.9743,6.9743,6.9743,6.9743,6.9743,6.9743,6.9743,6.9743,6.9743,6.9743,6.9743,6.9743,6.9743,6.9743,6.9743,6.9743,6.9743,6.9743,6.9743,6.9743,6.9743,6.9743,6.9743,6.9743,6.9743,6.9743,6.9743,6.9743,6.9743,6.9743,6.9743,6.9743,6.9743,6.9743,6.9743,6.9743,6.9743,6.9743,6.9743,6.9743,6.9743,6.9743,6.9743,6.9743,6.9743,6.9743,6.9743,6.9743,6.9743,6.9743,6.9743,6.9743,6.9743,6.9743,6.9743,6.9743,6.9743,6.9743,6.9743,6.9743,6.9743,6.0744,6.0150,5.9729,5.9610,5.9553,5.9496,5.9439,5.9383,5.9326,5.9269,5.9213,5.9159,5.9103,5.9046,5.8990,5.8935,5.8879,5.8825,5.8770,5.8714,5.8677,5.8665,5.8653,5.8640,5.8628,5.8616,5.8601,5.8589,5.8577,5.8565,5.8554,5.8542,5.8530,5.8518,5.8506,5.8493,5.8481,5.8469,5.8457,5.8444,5.8432,5.8420,5.8408,5.8398,5.8383,5.8398,5.8418,5.8438,5.8459,5.8477,5.8497,5.8518,5.8538,5.8559,5.8577,5.8597,5.8618,5.8638,5.8657,5.8677,5.8698,5.8716,5.8737,5.8757,5.8776,5.8796,5.8817,5.8838,5.8866,5.8941,5.9013,5.9088,5.9163,5.9238,5.9311,5.9387,5.9460,5.9534,5.9610,5.9684,5.9759,5.9835,5.9910,6.0349,6.0808,6.1272,6.4173,6.4214,6.4251,6.4288,6.4320,6.4360,6.4402,6.4439,6.4471,6.4513,6.4550,6.4592,6.4632,6.4674,6.4714,6.4757,6.4787,6.4817,6.4844,6.4864,6.4894,6.4922,6.4942,6.4970,6.4997,6.5030,6.5053,6.5080,6.5113,6.5144,6.5187,6.5260,6.5321,6.5395,6.5456,6.5530,6.5596,6.5666,6.5735,6.5810,6.5880,6.5939,6.5999,6.6066,6.6129,6.6186,6.6249,6.6314,6.6372,6.6440,6.6503,6.6585,6.6805,6.7023,6.7238,6.7446,6.7669,6.7890,6.8110,6.9743,6.9743,6.9743,6.9743,6.9743,6.9743,6.9743,6.9743,6.9743,6.9743,6.9743,6.9743,6.9743,6.9743,6.9743,6.9743,6.9743,6.9743,6.9743,6.9743,6.9743,6.9743,6.9743,6.9743,6.9743,6.9743,6.9743,6.9743,6.9743,6.9743,6.9743,6.9743,6.9743,6.9743,6.9743,6.9743,6.9743,6.9743,6.9743,6.9743,6.9743,6.9743,6.9743,6.9743,6.9743,6.9743,6.9743,6.9743,6.9743,6.9743,6.9743,6.9743,6.9743,6.9743,6.9743,6.9743,6.9743,6.9743,6.9743,6.9743,6.9743,6.9743,6.9743,6.9743,6.9743,6.9743,6.9743,6.9743,6.9743,6.9743,6.9743,6.9743,6.9743,6.9743,6.9743,6.9743,6.9743,6.9743,6.9743,6.9743,6.9743,6.9743,6.9743,6.9743,6.9743,6.9743,6.9743,6.9743,6.9743,6.9743,6.9743,6.9743,6.9743,6.9743,6.9743,6.9743,6.9743,6.9743,6.9743,6.9743,6.9743,6.9743,6.9743,6.9743,6.9743,6.9743,6.9743,6.9743,6.9743,6.9743,6.9743,6.9743,6.9743,6.9743,6.9743,6.9743,6.9743,6.9743,6.9743,6.9743,6.9743,6.9743,6.9743,6.9743,6.9743,6.9743,6.9743,6.9743,6.9743,6.9743,6.9743,6.9743,6.9743,6.9743,6.9743,6.9743,6.9743,6.9743,6.9743,6.9743,6.9743,6.9743,6.9743,6.9743,6.9743,6.9743,6.9743,6.9743,6.9743,6.9743,6.9743,6.9743,6.9743,6.9743,6.9743,6.9743,6.9743,6.9743,6.9743,6.9743,6.9743,6.9743,6.9743,6.9743,6.9743,6.9743,6.9743,6.9743,6.9743,6.9743,6.9743,6.9743,6.9743,6.9743,6.9743,6.9743,6.9743,6.9743,6.9743,6.9743,6.9743,6.9743,6.9743,6.9743,6.9743,6.9743,6.9743,6.9743,6.9743,6.9743,6.9743,6.9743,6.9743,6.9743,6.9743,6.9743,6.9743,6.9743,6.9743,6.9743,6.9743,6.9743,6.9743,6.9743,6.9743,6.9743,6.9743,6.9743,6.9743,6.9743,6.9743,6.9743,6.9743,6.9743,6.9743,6.9743,6.9743,6.9743,6.9743,6.9743,6.9743,6.9743,6.9743,6.9743,6.9743,6.9743,6.9743,6.9743,6.9743,6.9743,6.9743,6.9743,6.9743,6.9743,6.9743,6.9743,6.9743,6.9743,6.9743,6.9743,6.9743,6.9743,6.9743,6.9743,6.9743,6.9743,6.9743,6.9743,6.9743,6.9743,6.9743,6.9743,6.9743,6.9743,6.9743,6.9743,6.9743,6.9743,6.9743,6.9743,6.9743,6.9743,6.9743,6.9743,6.9743,6.9743,6.9743,6.9743,6.9743,6.9743,6.9743,6.9743,6.9743,6.9743,6.9743,6.9743,6.9743,6.9743,6.9743,6.9743,6.9743,6.9743,6.9743,6.9743,6.9743,6.9743,6.9743,6.9743,6.9743,6.9743,6.9743,6.9743,6.9743,6.9743,6.9743,6.9743,6.9743,6.9743,6.9743,6.9743,6.9743,6.9743,6.9743,6.9743,6.9743,6.9743,6.9743,6.9743,6.9743,6.9743,6.9743,6.9743,6.9743,6.9743,6.9743,6.9743,6.9743,6.9743,6.9743,6.9743,6.9743,6.9743,6.9743,6.9743,6.9743,6.9743,6.9743,6.9743,6.9743,6.9743,6.9743,6.9743,6.9743,6.9743,6.9743,6.9743,6.9743,6.9743,6.9743,6.9743,6.9743,6.9743,6.9743,6.9743,6.9743,6.9743,6.9743,6.9743,6.9743,6.9743,6.9743,6.9743,6.9743,6.9743,6.9743,6.9743,6.9743,6.9743,6.9743,6.9743,6.9743,6.9743,6.9743,6.9743,6.9743,6.9743,6.9743,6.9743,6.9743,6.9743,6.9743,6.9743,6.9743,6.9743,6.9743,6.9743,6.9743,6.9743,6.9743,6.9743,6.9743,6.9743,6.9743,6.9743,6.9743,6.9743,6.9743,6.9743,6.9743,6.9743,6.9743,6.9743,6.9743,6.9743,6.9743,6.9743,6.9743,6.9743,6.9743,6.9743,6.9743,6.9743,6.9743,6.9743,6.9743,6.9743,6.9743,6.9743,6.9743,6.9743,6.9743,6.9743,6.9743,6.9743,6.9743,6.9743,6.9743,6.9743,6.9743,6.9743,6.9743,6.9743,6.9743,6.9743,6.9743,6.9743,6.9743,6.9743,6.9743,6.9743,6.9743,6.9743,6.9743,6.9743
6.9688,6.9688,6.9688,6.9688,6.9688,6.9688,6.9688,6.9688,6.9688,6.9688,6.9688,6.9688,6.9688,6.9688,6.9688,6.9688,6.9688,6.9688,6.9688,6.9688,6.9688,6.9688,6.9688,6.9688,6.9688,6.9688,6.9688,6.9688,6.9688,6.9688,6.9688,6.9688,6.9688,6.9688,6.9688,6.9688,6.9688,6.9688,6.9688,6.9688,6.9688,6.9688,6.9688,6.9688,6.9688,6.9688,6.9688,6.9688,6.9688,6.9688,6.9688,6.9688,6.9688,6.9688,6.9688,6.9688,6.9688,6.9688,6.9688,6.9688,6.9688,6.9688,6.9688,6.9688,6.9688,6.9688,6.9688,6.9688,6.9688,6.9688,6.9688,6.9688,6.9688,6.9688,6.9688,6.9688,6.9688,6.9688,6.9688,6.9688,6.9688,6.9688,6.9688,6.9688,6.9688,6.9688,6.9688,6.9688,6.9688,6.9688,6.9688,6.9688,6.9688,6.9688,6.9688,6.9688,6.9688,6.9688,6.9688,6.9688,6.9688,6.9688,6.9688,6.9688,6.9688,6.9688,6.9688,6.9688,6.9688,6.9688,6.9688,6.9688,6.9688,6.9688,6.9688,6.9688,6.9688,6.9688,6.9688,6.9688,6.9688,6.9688,6.9688,6.9688,6.9688,6.9688,6.9688,6.9688,6.9688,6.9688,6.9688,6.9688,6.9688,6.9688,6.9688,6.9688,6.9688,6.9688,6.9688,6.9688,6.9688,6.9688,6.9688,6.9688,6.9688,6.9688,6.9688,6.9688,6.9688,6.9688,6.9688,6.9688,6.9688,6.9688,6.9688,6.9688,6.9688,6.9688,6.9688,6.9688,6.9688,6.9688,6.9688,6.9688,6.9688,6.9688,6.9688,6.9688,6.9688,6.9688,6.9688,6.9688,6.9688,6.9688,6.9688,6.9688,6.9688,6.9688,6.9688,6.9688,6.9688,6.9688,6.9688,6.9688,6.9688,6.9688,6.9688,6.9688,6.9688,6.9688,6.9688,6.9688,6.9688,6.9688,6.9688,6.9688,6.9688,6.9688,6.9688,6.9688,6.9688,6.9688,6.9688,6.9688,6.9688,6.9688,6.9688,6.9688,6.9688,6.9688,6.9688,6.9688,6.9688,6.9688,6.9688,6.9688,6.9688,6.9688,6.9688,6.9688,6.9688,6.9688,6.9688,6.9688,6.9688,6.9688,6.9688,6.9688,6.9688,6.9688,6.9688,6.9688,6.9688,6.9688,6.9688,6.9688,6.9688,6.9688,6.9688,6.9688,6.9688,6.9688,6.9688,6.9688,6.9688,6.9688,6.9688,6.9688,6.9688,6.9688,6.9688,6.9688,6.9688,6.9688,6.9688,6.9688,6.9688,6.9688,6.9688,6.9688,6.9688,6.9688,6.9688,6.9688,6.9688,6.9688,6.9688,6.9688,6.9688,6.9688,6.9688,6.9688,6.9688,6.9688,6.9688,6.9688,6.9688,6.9688,6.9688,6.9688,6.9688,6.9688,6.9688,6.9688,6.9688,6.9688,6.9688,6.9688,6.9688,6.9688,6.9688,6.9688,6.9688,6.9688,6.9688,6.9688,6.9688,6.9688,6.9688,6.9688,6.9688,6.9688,6.9688,6.9688,6.9688,6.9688,6.9688,6.9688,6.9688,6.9688,6.9688,6.9688,6.9688,6.9688,6.9688,6.9688,6.9688,6.9688,6.9688,6.9688,6.9688,6.9688,6.9688,6.9688,6.9688,6.9688,6.9688,6.9688,6.9688,6.9688,6.9688,6.9688,6.9688,6.9688,6.9688,6.9688,6.9688,6.9688,6.9688,6.9688,6.9688,6.9688,6.9688,6.9688,6.9688,6.9688,6.9688,6.9688,6.9688,6.9688,6.9688,6.9688,6.9688,6.9688,6.9688,6.9688,6.9688,6.9688,6.9688,6.9688,6.9688,6.9688,6.9688,6.9688,6.9688,6.9688,6.9688,6.9688,6.9688,6.9688,6.9688,6.9688,6.9688,6.9688,6.9688,6.9688,6.9688,6.9688,6.9688,6.9688,6.9688,6.0828,6.0237,5.9701,5.9610,5.9553,5.9498,5.9441,5.9385,5.9328,5.9272,5.9217,5.9161,5.9105,5.9049,5.8993,5.8939,5.8883,5.8827,5.8772,5.8716,5.8683,5.8671,5.8659,5.8646,5.8634,5.8622,5.8610,5.8597,5.8585,5.8573,5.8561,5.8548,5.8536,5.8526,5.8514,5.8501,5.8489,5.8477,5.8465,5.8453,5.8440,5.8428,5.8416,5.8404,5.8394,5.8412,5.8430,5.8451,5.8469,5.8489,5.8510,5.8530,5.8550,5.8571,5.8589,5.8610,5.8630,5.8649,5.8669,5.8690,5.8708,5.8729,5.8749,5.8768,5.8788,5.8809,5.8829,5.8848,5.8885,5.8959,5.9034,5.9107,5.9182,5.9257,5.9330,5.9406,5.9479,5.9553,5.9627,5.9704,5.9778,5.9852,5.9929,6.0347,6.0806,6.1270,6.4124,6.4165,6.4197,6.4234,6.4273,6.4315,6.4352,6.4384,6.4426,6.4458,6.4501,6.4540,6.4582,6.4617,6.4659,6.4699,6.4742,6.4777,6.4809,6.4829,6.4859,6.4882,6.4912,6.4939,6.4967,6.4995,6.5022,6.5050,6.5073,6.5111,6.5184,6.5250,6.5313,6.5379,6.5453,6.5522,6.5591,6.5661,6.5725,6.5794,6.5869,6.5939,6.6001,6.6058,6.6126,6.6188,6.6243,6.6306,6.6374,6.6432,6.6500,6.6677,6.6900,6.7117,6.7330,6.7543,6.7761,6.7986,6.8210,6.9688,6.9688,6.9688,6.9688,6.9688,6.9688,6.9688,6.9688,6.9688,6.9688,6.9688,6.9688,6.9688,6.9688,6.9688,6.9688,6.9688,6.9688,6.9688,6.9688,6.9688,6.9688,6.9688,6.9688,6.9688,6.9688,6.9688,6.9688,6.9688,6.9688,6.9688,6.9688,6.9688,6.9688,6.9688,6.9688,6.9688,6.9688,6.9688,6.9688,6.9688,6.9688,6.9688,6.9688,6.9688,6.9688,6.9688,6.9688,6.9688,6.9688,6.9688,6.9688,6.9688,6.9688,6.9688,6.9688,6.9688,6.9688,6.9688,6.9688,6.9688,6.9688,6.9688,6.9688,6.9688,6.9688,6.9688,6.9688,6.9688,6.9688,6.9688,6.9688,6.9688,6.9688,6.9688,6.9688,6.9688,6.9688,6.9688,6.9688,6.9688,6.9688,6.9688,6.9688,6.9688,6.9688,6.9688,6.9688,6.9688,6.9688,6.9688,6.9688,6.9688,6.9688,6.9688,6.9688,6.9688,6.9688,6.9688,6.9688,6.9688,6.9688,6.9688,6.9688,6.9688,6.9688,6.9688,6.9688,6.9688,6.9688,6.9688,6.9688,6.9688,6.9688,6.9688,6.9688,6.9688,6.9688,6.9688,6.9688,6.9688,6.9688,6.9688,6.9688,6.9688,6.9688,6.9688,6.9688,6.9688,6.9688,6.9688,6.9688,6.9688,6.9688,6.9688,6.9688,6.9688,6.9688,6.9688,6.9688,6.9688,6.9688,6.9688,6.9688,6.9688,6.9688,6.9688,6.9688,6.9688,6.9688,6.9688,6.9688,6.9688,6.9688,6.9688,6.9688,6.9688,6.9688,6.9688,6.9688,6.9688,6.9688,6.9688,6.9688,6.9688,6.9688,6.9688,6.9688,6.9688,6.9688,6.9688,6.9688,6.9688,6.9688,6.9688,6.9688,6.9688,6.9688,6.9688,6.9688,6.9688,6.9688,6.9688,6.9688,6.9688,6.9688,6.9688,6.9688,6.9688,6.9688,6.9688,6.9688,6.9688,6.9688,6.9688,6.9688,6.9688,6.9688,6.9688,6.9688,6.9688,6.9688,6.9688,6.9688,6.9688,6.9688,6.9688,6.9688,6.9688,6.9688,6.9688,6.9688,6.9688,6.9688,6.9688,6.9688,6.9688,6.9688,6.9688,6.9688,6.9688,6.9688,6.9688,6.9688,6.9688,6.9688,6.9688,6.9688,6.9688,6.9688,6.9688,6.9688,6.9688,6.9688,6.9688,6.9688,6.9688,6.9688,6.9688,6.9688,6.9688,6.9688,6.9688,6.9688,6.9688,6.9688,6.9688,6.9688,6.9688,6.9688,6.9688,6.9688,6.9688,6.9688,6.9688,6.9688,6.9688,6.9688,6.9688,6.9688,6.9688,6.9688,6.9688,6.9688,6.9688,6.9688,6.9688,6.9688,6.9688,6.9688,6.9688,6.9688,6.9688,6.9688,6.9688,6.9688,6.9688,6.9688,6.9688,6.9688,6.9688,6.9688,6.9688,6.9688,6.9688,6.9688,6.9688,6.9688,6.9688,6.9688,6.9688,6.9688,6.9688,6.9688,6.9688,6.9688,6.9688,6.9688,6.9688,6.9688,6.9688,6.9688,6.9688,6.9688,6.9688,6.9688,6.9688,6.9688,6.9688,6.9688,6.9688,6.9688,6.9688,6.9688,6.9688,6.9688,6.9688,6.9688,6.9688,6.9688,6.9688,6.9688,6.9688,6.9688,6.9688,6.9688,6.9688,6.9688,6.9688,6.9688,6.9688,6.9688,6.9688,6.9688,6.9688,6.9688,6.9688,6.9688,6.9688,6.9688,6.9688,6.9688,6.9688,6.9688,6.9688,6.9688,6.9688,6.9688,6.9688,6.9688,6.9688,6.9688,6.9688,6.9688,6.9688,6.9688,6.9688,6.9688,6.9688,6.9688,6.9688,6.9688,6.9688,6.9688,6.9688,6.9688,6.9688,6.9688,6.9688,6.9688,6.9688,6.9688,6.9688,6.9688,6.9688,6.9688,6.9688,6.9688,6.9688,6.9688,6.9688,6.9688,6.9688,6.9688,6.9688,6.9688,6.9688,6.9688,6.9688,6.9688,6.9688,6.9688,6.9688,6.9688,6.9688,6.9688,6.9688,6.9688,6.9688,6.9688,6.9688,6.9688,6.9688,6.9688,6.9688,6.9688,6.9688,6.9688,6.9688,6.9688,6.9688,6.9688,6.9688,6.9688,6.9688,6.9688,6.9688,6.9688,6.9688,6.9688,6.9688,6.9688,6.9688,6.9688,6.9688,6.9688,6.9688,6.9688,6.9688,6.9688,6.9688,6.9688,6.9688,6.9688
6.9638,6.9638,6.9638,6.9638,6.9638,6.9638,6.9638,6.9638,6.9638,6.9638,6.9638,6.9638,6.9638,6.9638,6.9638,6.9638,6.9638,6.9638,6.9638,6.9638,6.9638,6.9638,6.9638,6.9638,6.9638,6.9638,6.9638,6.9638,6.9638,6.9638,6.9638,6.9638,6.9638,6.9638,6.9638,6.9638,6.9638,6.9638,6.9638,6.9638,6.9638,6.9638,6.9638,6.9638,6.9638,6.9638,6.9638,6.9638,6.9638,6.9638,6.9638,6.9638,6.9638,6.9638,6.9638,6.9638,6.9638,6.9638,6.9638,6.9638,6.9638,6.9638,6.9638,6.9638,6.9638,6.9638,6.9638,6.9638,6.9638,6.9638,6.9638,6.9638,6.9638,6.9638,6.9638,6.9638,6.9638,6.9638,6.9638,6.9638,6.9638,6.9638,6.9638,6.9638,6.9638,6.9638,6.9638,6.9638,6.9638,6.9638,6.9638,6.9638,6.9638,6.9638,6.9638,6.9638,6.9638,6.9638,6.9638,6.9638,6.9638,6.9638,6.9638,6.9638,6.9638,6.9638,6.9638,6.9638,6.9638,6.9638,6.9638,6.9638,6.9638,6.9638,6.9638,6.9638,6.9638,6.9638,6.9638,6.9638,6.9638,6.9638,6.9638,6.9638,6.9638,6.9638,6.9638,6.9638,6.9638,6.9638,6.9638,6.9638,6.9638,6.9638,6.9638,6.9638,6.9638,6.9638,6.9638,6.9638,6.9638,6.9638,6.9638,6.9638,6.9638,6.9638,6.9638,6.9638,6.9638,6.9638,6.9638,6.9638,6.9638,6.9638,6.9638,6.9638,6.9638,6.9638,6.9638,6.9638,6.9638,6.9638,6.9638,6.9638,6.9638,6.9638,6.9638,6.9638,6.9638,6.9638,6.9638,6.9638,6.9638,6.9638,6.9638,6.9638,6.9638,6.9638,6.9638,6.9638,6.9638,6.9638,6.9638,6.9638,6.9638,6.9638,6.9638,6.9638,6.9638,6.9638,6.9638,6.9638,6.9638,6.9638,6.9638,6.9638,6.9638,6.9638,6.9638,6.9638,6.9638,6.9638,6.9638,6.9638,6.9638,6.9638,6.9638,6.9638,6.9638,6.9638,6.9638,6.9638,6.9638,6.9638,6.9638,6.9638,6.9638,6.9638,6.9638,6.9638,6.9638,6.9638,6.9638,6.9638,6.9638,6.9638,6.9638,6.9638,6.9638,6.9638,6.9638,6.9638,6.9638,6.9638,6.9638,6.9638,6.9638,6.9638,6.9638,6.9638,6.9638,6.9638,6.9638,6.9638,6.9638,6.9638,6.9638,6.9638,6.9638,6.9638,6.9638,6.9638,6.9638,6.9638,6.9638,6.9638,6.9638,6.9638,6.9638,6.9638,6.9638,6.9638,6.9638,6.9638,6.9638,6.9638,6.9638,6.9638,6.9638,6.9638,6.9638,6.9638,6.9638,6.9638,6.9638,6.9638,6.9638,6.9638,6.9638,6.9638,6.9638,6.9638,6.9638,6.9638,6.9638,6.9638,6.9638,6.9638,6.9638,6.9638,6.9638,6.9638,6.9638,6.9638,6.9638,6.9638,6.9638,6.9638,6.9638,6.9638,6.9638,6.9638,6.9638,6.9638,6.9638,6.9638,6.9638,6.9638,6.9638,6.9638,6.9638,6.9638,6.9638,6.9638,6.9638,6.9638,6.9638,6.9638,6.9638,6.9638,6.9638,6.9638,6.9638,6.9638,6.9638,6.9638,6.9638,6.9638,6.9638,6.9638,6.9638,6.9638,6.9638,6.9638,6.9638,6.9638,6.9638,6.9638,6.9638,6.9638,6.9638,6.9638,6.9638,6.9638,6.9638,6.9638,6.9638,6.9638,6.9638,6.9638,6.9638,6.9638,6.9638,6.9638,6.9638,6.9638,6.9638,6.9638,6.9638,6.9638,6.9638,6.9638,6.9638,6.9638,6.9638,6.9638,6.9638,6.9638,6.9638,6.9638,6.9638,6.9638,6.9638,6.9638,6.9638,6.9638,6.9638,6.9638,6.9638,6.9638,6.9638,6.0901,6.0325,5.9740,5.9615,5.9557,5.9500,5.9444,5.9387,5.9330,5.9276,5.9219,5.9163,5.9107,5.9051,5.8997,5.8941,5.8885,5.8829,5.8774,5.8718,5.8692,5.8679,5.8667,5.8655,5.8642,5.8630,5.8618,5.8606,5.8593,5.8581,5.8569,5.8556,5.8544,5.8532,5.8520,5.8508,5.8497,5.8485,5.8473,5.8461,5.8448,5.8436,5.8424,5.8412,5.8402,5.8422,5.8442,5.8461,5.8481,5.8501,5.8522,5.8542,5.8563,5.8581,5.8601,5.8622,5.8640,5.8661,5.8681,5.8700,5.8720,5.8741,5.8759,5.8780,5.8800,5.8819,5.8840,5.8860,5.8904,5.8978,5.9053,5.9125,5.9201,5.9276,5.9349,5.9423,5.9498,5.9572,5.9646,5.9723,5.9797,5.9872,5.9949,6.0345,6.0804,6.1267,6.4072,6.4116,6.4153,6.4185,6.4224,6.4261,6.4303,6.4340,6.4377,6.4409,6.4446,6.4491,6.4525,6.4567,6.4607,6.4650,6.4689,6.4732,6.4774,6.4794,6.4819,6.4852,6.4877,6.4897,6.4932,6.4955,6.4987,6.5015,6.5043,6.5106,6.5169,6.5237,6.5308,6.5372,6.5443,6.5507,6.5581,6.5653,6.5722,6.5787,6.5856,6.5926,6.5999,6.6056,6.6121,6.6178,6.6241,6.6303,6.6372,6.6432,6.6543,6.6762,6.6988,6.7208,6.7416,6.7633,6.7852,6.8080,6.9638,6.9638,6.9638,6.9638,6.9638,6.9638,6.9638,6.9638,6.9638,6.9638,6.9638,6.9638,6.9638,6.9638,6.9638,6.9638,6.9638,6.9638,6.9638,6.9638,6.9638,6.9638,6.9638,6.9638,6.9638,6.9638,6.9638,6.9638,6.9638,6.9638,6.9638,6.9638,6.9638,6.9638,6.9638,6.9638,6.9638,6.9638,6.9638,6.9638,6.9638,6.9638,6.9638,6.9638,6.9638,6.9638,6.9638,6.9638,6.9638,6.9638,6.9638,6.9638,6.9638,6.9638,6.9638,6.9638,6.9638,6.9638,6.9638,6.9638,6.9638,6.9638,6.9638,6.9638,6.9638,6.9638,6.9638,6.9638,6.9638,6.9638,6.9638,6.9638,6.9638,6.9638,6.9638,6.9638,6.9638,6.9638,6.9638,6.9638,6.9638,6.9638,6.9638,6.9638,6.9638,6.9638,6.9638,6.9638,6.9638,6.9638,6.9638,6.9638,6.9638,6.9638,6.9638,6.9638,6.9638,6.9638,6.9638,6.9638,6.9638,6.9638,6.9638,6.9638,6.9638,6.9638,6.9638,6.9638,6.9638,6.9638,6.9638,6.9638,6.9638,6.9638,6.9638,6.9638,6.9638,6.9638,6.9638,6.9638,6.9638,6.9638,6.9638,6.9638,6.9638,6.9638,6.9638,6.9638,6.9638,6.9638,6.9638,6.9638,6.9638,6.9638,6.9638,6.9638,6.9638,6.9638,6.9638,6.9638,6.9638,6.9638,6.9638,6.9638,6.9638,6.9638,6.9638,6.9638,6.9638,6.9638,6.9638,6.9638,6.9638,6.9638,6.9638,6.9638,6.9638,6.9638,6.9638,6.9638,6.9638,6.9638,6.9638,6.9638,6.9638,6.9638,6.9638,6.9638,6.9638,6.9638,6.9638,6.9638,6.9638,6.9638,6.9638,6.9638,6.9638,6.9638,6.9638,6.9638,6.9638,6.9638,6.9638,6.9638,6.9638,6.9638,6.9638,6.9638,6.9638,6.9638,6.9638,6.9638,6.9638,6.9638,6.9638,6.9638,6.9638,6.9638,6.9638,6.9638,6.9638,6.9638,6.9638,6.9638,6.9638,6.9638,6.9638,6.9638,6.9638,6.9638,6.9638,6.9638,6.9638,6.9638,6.9638,6.9638,6.9638,6.9638,6.9638,6.9638,6.9638,6.9638,6.9638,6.9638,6.9638,6.9638,6.9638,6.9638,6.9638,6.9638,6.9638,6.9638,6.9638,6.9638,6.9638,6.9638,6.9638,6.9638,6.9638,6.9638,6.9638,6.9638,6.9638,6.9638,6.9638,6.9638,6.9638,6.9638,6.9638,6.9638,6.9638,6.9638,6.9638,6.9638,6.9638,6.9638,6.9638,6.9638,6.9638,6.9638,6.9638,6.9638,6.9638,6.9638,6.9638,6.9638,6.9638,6.9638,6.9638,6.9638,6.9638,6.9638,6.9638,6.9638,6.9638,6.9638,6.9638,6.9638,6.9638,6.9638,6.9638,6.9638,6.9638,6.9638,6.9638,6.9638,6.9638,6.9638,6.9638,6.9638,6.9638,6.9638,6.9638,6.9638,6.9638,6.9638,6.9638,6.9638,6.9638,6.9638,6.9638,6.9638,6.9638,6.9638,6.9638,6.9638,6.9638,6.9638,6.9638,6.9638,6.9638,6.9638,6.9638,6.9638,6.9638,6.9638,6.9638,6.9638,6.9638,6.9638,6.9638,6.9638,6.9638,6.9638,6.9638,6.9638,6.9638,6.9638,6.9638,6.9638,6.9638,6.9638,6.9638,6.9638,6.9638,6.9638,6.9638,6.9638,6.9638,6.9638,6.9638,6.9638,6.9638,6.9638,6.9638,6.9638,6.9638,6.9638,6.9638,6.9638,6.9638,6.9638,6.9638,6.9638,6.9638,6.9638,6.9638,6.9638,6.9638,6.9638,6.9638,6.9638,6.9638,6.9638,6.9638,6.9638,6.9638,6.9638,6.9638,6.9638,6.9638,6.9638,6.9638,6.9638,6.9638,6.9638,6.9638,6.9638,6.9638,6.9638,6.9638,6.9638,6.9638,6.9638,6.9638,6.9638,6.9638,6.9638,6.9638,6.9638,6.9638,6.9638,6.9638,6.9638,6.9638,6.9638,6.9638,6.9638,6.9638,6.9638,6.9638,6.9638,6.9638,6.9638,6.9638,6.9638,6.9638,6.9638,6.9638,6.9638,6.9638,6.9638,6.9638,6.9638,6.9638,6.9638,6.9638,6.9638,6.9638,6.9638,6.9638,6.9638,6.9638,6.9638,6.9638,6.9638,6.9638,6.9638,6.9638,6.9638,6.9638,6.9638,6.9638,6.9638,6.9638
6.9584,6.9584,6.9584,6.9584,6.9584,6.9584,6.9584,6.9584,6.9584,6.9584,6.9584,6.9584,6.9584,6.9584,6.9584,6.9584,6.9584,6.9584,6.9584,6.9584,6.9584,6.9584,6.9584,6.9584,6.9584,6.9584,6.9584,6.9584,6.9584,6.9584,6.9584,6.9584,6.9584,6.9584,6.9584,6.9584,6.9584,6.9584,6.9584,6.9584,6.9584,6.9584,6.9584,6.9584,6.9584,6.9584,6.9584,6.9584,6.9584,6.9584,6.9584,6.9584,6.9584,6.9584,6.9584,6.9584,6.9584,6.9584,6.9584,6.9584,6.9584,6.9584,6.9584,6.9584,6.9584,6.9584,6.9584,6.9584,6.9584,6.9584,6.9584,6.9584,6.9584,6.9584,6.9584,6.9584,6.9584,6.9584,6.9584,6.9584,6.9584,6.9584,6.9584,6.9584,6.9584,6.9584,6.9584,6.9584,6.9584,6.9584,6.9584,6.9584,6.9584,6.9584,6.9584,6.9584,6.9584,6.9584,6.9584,6.9584,6.9584,6.9584,6.9584,6.9584,6.9584,6.9584,6.9584,6.9584,6.9584,6.9584,6.9584,6.9584,6.9584,6.9584,6.9584,6.9584,6.9584,6.9584,6.9584,6.9584,6.9584,6.9584,6.9584,6.9584,6.9584,6.9584,6.9584,6.9584,6.9584,6.9584,6.9584,6.9584,6.9584,6.9584,6.9584,6.9584,6.9584,6.9584,6.9584,6.9584,6.9584,6.9584,6.9584,6.9584,6.9584,6.9584,6.9584,6.9584,6.9584,6.9584,6.9584,6.9584,6.9584,6.9584,6.9584,6.9584,6.9584,6.9584,6.9584,6.9584,6.9584,6.9584,6.9584,6.9584,6.9584,6.9584,6.9584,6.9584,6.9584,6.9584,6.9584,6.9584,6.9584,6.9584,6.9584,6.9584,6.9584,6.9584,6.9584,6.9584,6.9584,6.9584,6.9584,6.9584,6.9584,6.9584,6.9584,6.9584,6.9584,6.9584,6.9584,6.9584,6.9584,6.9584,6.9584,6.9584,6.9584,6.9584,6.9584,6.9584,6.9584,6.9584,6.9584,6.9584,6.9584,6.9584,6.9584,6.9584,6.9584,6.9584,6.9584,6.9584,6.9584,6.9584,6.9584,6.9584,6.9584,6.9584,6.9584,6.9584,6.9584,6.9584,6.9584,6.9584,6.9584,6.9584,6.9584,6.9584,6.9584,6.9584,6.9584,6.9584,6.9584,6.9584,6.9584,6.9584,6.9584,6.9584,6.9584,6.9584,6.9584,6.9584,6.9584,6.9584,6.9584,6.9584,6.9584,6.9584,6.9584,6.9584,6.9584,6.9584,6.9584,6.9584,6.9584,6.9584,6.9584,6.9584,6.9584,6.9584,6.9584,6.9584,6.9584,6.9584,6.9584,6.9584,6.9584,6.9584,6.9584,6.9584,6.9584,6.9584,6.9584,6.9584,6.9584,6.9584,6.9584,6.9584,6.9584,6.9584,6.9584,6.9584,6.9584,6.9584,6.9584,6.9584,6.9584,6.9584,6.9584,6.9584,6.9584,6.9584,6.9584,6.9584,6.9584,6.9584,6.9584,6.9584,6.9584,6.9584,6.9584,6.9584,6.9584,6.9584,6.9584,6.9584,6.9584,6.9584,6.9584,6.9584,6.9584,6.9584,6.9584,6.9584,6.9584,6.9584,6.9584,6.9584,6.9584,6.9584,6.9584,6.9584,6.9584,6.9584,6.9584,6.9584,6.9584,6.9584,6.9584,6.9584,6.9584,6.9584,6.9584,6.9584,6.9584,6.9584,6.9584,6.9584,6.9584,6.9584,6.9584,6.9584,6.9584,6.9584,6.9584,6.9584,6.9584,6.9584,6.9584,6.9584,6.9584,6.9584,6.9584,6.9584,6.9584,6.9584,6.9584,6.9584,6.9584,6.9584,6.9584,6.9584,6.9584,6.9584,6.9584,6.9584,6.9584,6.9584,6.9584,6.9584,6.9584,6.9584,6.9584,6.9584,6.9584,6.9584,6.9584,6.9584,6.9584,6.9584,6.9584,6.0976,6.0412,5.9827,5.9653,5.9579,5.9505,5.9446,5.9391,5.9334,5.9278,5.9221,5.9165,5.9109,5.9055,5.8999,5.8943,5.8887,5.8831,5.8778,5.8722,5.8700,5.8687,5.8675,5.8663,5.8651,5.8638,5.8626,5.8614,5.8601,5.8589,5.8577,5.8565,5.8552,5.8540,5.8528,5.8516,5.8503,5.8491,5.8479,5.8467,5.8455,5.8442,5.8430,5.8418,5.8414,5.8434,5.8453,5.8473,5.8493,5.8514,5.8534,5.8554,5.8573,5.8593,5.8614,5.8632,5.8653,5.8673,5.8692,5.8712,5.8733,5.8751,5.8772,5.8792,5.8811,5.8831,5.8852,5.8873,5.8922,5.8997,5.9071,5.9146,5.9219,5.9295,5.9368,5.9441,5.9517,5.9591,5.9665,5.9740,5.9816,5.9891,5.9966,6.0343,6.0802,6.1265,6.3975,6.4060,6.4099,6.4136,6.4178,6.4217,6.4249,6.4291,6.4328,6.4365,6.4399,6.4441,6.4481,6.4523,6.4558,6.4605,6.4640,6.4679,6.4722,6.4759,6.4789,6.4809,6.4837,6.4862,6.4894,6.4922,6.4952,6.4980,6.5030,6.5093,6.5159,6.5232,6.5301,6.5362,6.5435,6.5499,6.5573,6.5643,6.5712,6.5781,6.5851,6.5921,6.5991,6.6056,6.6118,6.6175,6.6238,6.6301,6.6361,6.6424,6.6630,6.6855,6.7077,6.7294,6.7511,6.7723,6.7951,6.9584,6.9584,6.9584,6.9584,6.9584,6.9584,6.9584,6.9584,6.9584,6.9584,6.9584,6.9584,6.9584,6.9584,6.9584,6.9584,6.9584,6.9584,6.9584,6.9584,6.9584,6.9584,6.9584,6.9584,6.9584,6.9584,6.9584,6.9584,6.9584,6.9584,6.9584,6.9584,6.9584,6.9584,6.9584,6.9584,6.9584,6.9584,6.9584,6.9584,6.9584,6.9584,6.9584,6.9584,6.9584,6.9584,6.9584,6.9584,6.9584,6.9584,6.9584,6.9584,6.9584,6.9584,6.9584,6.9584,6.9584,6.9584,6.9584,6.9584,6.9584,6.9584,6.9584,6.9584,6.9584,6.9584,6.9584,6.9584,6.9584,6.9584,6.9584,6.9584,6.9584,6.9584,6.9584,6.9584,6.9584,6.9584,6.9584,6.9584,6.9584,6.9584,6.9584,6.9584,6.9584,6.9584,6.9584,6.9584,6.9584,6.9584,6.9584,6.9584,6.9584,6.9584,6.9584,6.9584,6.9584,6.9584,6.9584,6.9584,6.9584,6.9584,6.9584,6.9584,6.9584,6.9584,6.9584,6.9584,6.9584,6.9584,6.9584,6.9584,6.9584,6.9584,6.9584,6.9584,6.9584,6.9584,6.9584,6.9584,6.9584,6.9584,6.9584,6.9584,6.9584,6.9584,6.9584,6.9584,6.9584,6.9584,6.9584,6.9584,6.9584,6.9584,6.9584,6.9584,6.9584,6.9584,6.9584,6.9584,6.9584,6.9584,6.9584,6.9584,6.9584,6.9584,6.9584,6.9584,6.9584,6.9584,6.9584,6.9584,6.9584,6.9584,6.9584,6.9584,6.9584,6.9584,6.9584,6.9584,6.9584,6.9584,6.9584,6.9584,6.9584,6.9584,6.9584,6.9584,6.9584,6.9584,6.9584,6.9584,6.9584,6.9584,6.9584,6.9584,6.9584,6.9584,6.9584,6.9584,6.9584,6.9584,6.9584,6.9584,6.9584,6.9584,6.9584,6.9584,6.9584,6.9584,6.9584,6.9584,6.9584,6.9584,6.9584,6.9584,6.9584,6.9584,6.9584,6.9584,6.9584,6.9584,6.9584,6.9584,6.9584,6.9584,6.9584,6.9584,6.9584,6.9584,6.9584,6.9584,6.9584,6.9584,6.9584,6.9584,6.9584,6.9584,6.9584,6.9584,6.9584,6.9584,6.9584,6.9584,6.9584,6.9584,6.9584,6.9584,6.9584,6.9584,6.9584,6.9584,6.9584,6.9584,6.9584,6.9584,6.9584,6.9584,6.9584,6.9584,6.9584,6.9584,6.9584,6.9584,6.9584,6.9584,6.9584,6.9584,6.9584,6.9584,6.9584,6.9584,6.9584,6.9584,6.9584,6.9584,6.9584,6.9584,6.9584,6.9584,6.9584,6.9584,6.9584,6.9584,6.9584,6.9584,6.9584,6.9584,6.9584,6.9584,6.9584,6.9584,6.9584,6.9584,6.9584,6.9584,6.9584,6.9584,6.9584,6.9584,6.9584,6.9584,6.9584,6.9584,6.9584,6.9584,6.9584,6.9584,6.9584,6.9584,6.9584,6.9584,6.9584,6.9584,6.9584,6.9584,6.9584,6.9584,6.9584,6.9584,6.9584,6.9584,6.9584,6.9584,6.9584,6.9584,6.9584,6.9584,6.9584,6.9584,6.9584,6.9584,6.9584,6.9584,6.9584,6.9584,6.9584,6.9584,6.9584,6.9584,6.9584,6.9584,6.9584,6.9584,6.9584,6.9584,6.9584,6.9584,6.9584,6.9584,6.9584,6.9584,6.9584,6.9584,6.9584,6.9584,6.9584,6.9584,6.9584,6.9584,6.9584,6.9584,6.9584,6.9584,6.9584,6.9584,6.9584,6.9584,6.9584,6.9584,6.9584,6.9584,6.9584,6.9584,6.9584,6.9584,6.9584,6.9584,6.9584,6.9584,6.9584,6.9584,6.9584,6.9584,6.9584,6.9584,6.9584,6.9584,6.9584,6.9584,6.9584,6.9584,6.9584,6.9584,6.9584,6.9584,6.9584,6.9584,6.9584,6.9584,6.9584,6.9584,6.9584,6.9584,6.9584,6.9584,6.9584,6.9584,6.9584,6.9584,6.9584,6.9584,6.9584,6.9584,6.9584,6.9584,6.9584,6.9584,6.9584,6.9584,6.9584,6.9584,6.9584,6.9584,6.9584,6.9584,6.9584,6.9584,6.9584,6.9584,6.9584,6.9584,6.9584,6.9584,6.9584,6.9584,6.9584,6.9584,6.9584,6.9584,6.9584,6.9584,6.9584,6.9584,6.9584,6.9584,6.9584,6.9584,6.9584,6.9584,6.9584,6.9584,6.9584,6.9584,6.9584,6.9584
6.9532,6.9532,6.9532,6.9532,6.9532,6.9532,6.9532,6.9532,6.9532,6.9532,6.9532,6.9532,6.9532,6.9532,6.9532,6.9532,6.9532,6.9532,6.9532,6.9532,6.9532,6.9532,6.9532,6.9532,6.9532,6.9532,6.9532,6.9532,6.9532,6.9532,6.9532,6.9532,6.9532,6.9532,6.9532,6.9532,6.9532,6.9532,6.9532,6.9532,6.9532,6.9532,6.9532,6.9532,6.9532,6.9532,6.9532,6.9532,6.9532,6.9532,6.9532,6.9532,6.9532,6.9532,6.9532,6.9532,6.9532,6.9532,6.9532,6.9532,6.9532,6.9532,6.9532,6.9532,6.9532,6.9532,6.9532,6.9532,6.9532,6.9532,6.9532,6.9532,6.9532,6.9532,6.9532,6.9532,6.9532,6.9532,6.9532,6.9532,6.9532,6.9532,6.9532,6.9532,6.9532,6.9532,6.9532,6.9532,6.9532,6.9532,6.9532,6.9532,6.9532,6.9532,6.9532,6.9532,6.9532,6.9532,6.9532,6.9532,6.9532,6.9532,6.9532,6.9532,6.9532,6.9532,6.9532,6.9532,6.9532,6.9532,6.9532,6.9532,6.9532,6.9532,6.9532,6.9532,6.9532,6.9532,6.9532,6.9532,6.9532,6.9532,6.9532,6.9532,6.9532,6.9532,6.9532,6.9532,6.9532,6.9532,6.9532,6.9532,6.9532,6.9532,6.9532,6.9532,6.9532,6.9532,6.9532,6.9532,6.9532,6.9532,6.9532,6.9532,6.9532,6.9532,6.9532,6.9532,6.9532,6.9532,6.9532,6.9532,6.9532,6.9532,6.9532,6.9532,6.9532,6.9532,6.9532,6.9532,6.9532,6.9532,6.9532,6.9532,6.9532,6.9532,6.9532,6.9532,6.9532,6.9532,6.9532,6.9532,6.9532,6.9532,6.9532,6.9532,6.9532,6.9532,6.9532,6.9532,6.9532,6.9532,6.9532,6.9532,6.9532,6.9532,6.9532,6.9532,6.9532,6.9532,6.9532,6.9532,6.9532,6.9532,6.9532,6.9532,6.9532,6.9532,6.9532,6.9532,6.9532,6.9532,6.9532,6.9532,6.9532,6.9532,6.9532,6.9532,6.9532,6.9532,6.9532,6.9532,6.9532,6.9532,6.9532,6.9532,6.9532,6.9532,6.9532,6.9532,6.9532,6.9532,6.9532,6.9532,6.9532,6.9532,6.9532,6.9532,6.9532,6.9532,6.9532,6.9532,6.9532,6.9532,6.9532,6.9532,6.9532,6.9532,6.9532,6.9532,6.9532,6.9532,6.9532,6.9532,6.9532,6.9532,6.9532,6.9532,6.9532,6.9532,6.9532,6.9532,6.9532,6.9532,6.9532,6.9532,6.9532,6.9532,6.9532,6.9532,6.9532,6.9532,6.9532,6.9532,6.9532,6.9532,6.9532,6.9532,6.9532,6.9532,6.9532,6.9532,6.9532,6.9532,6.9532,6.9532,6.9532,6.9532,6.9532,6.9532,6.9532,6.9532,6.9532,6.9532,6.9532,6.9532,6.9532,6.9532,6.9532,6.9532,6.9532,6.9532,6.9532,6.9532,6.9532,6.9532,6.9532,6.9532,6.9532,6.9532,6.9532,6.9532,6.9532,6.9532,6.9532,6.9532,6.9532,6.9532,6.9532,6.9532,6.9532,6.9532,6.9532,6.9532,6.9532,6.9532,6.9532,6.9532,6.9532,6.9532,6.9532,6.9532,6.9532,6.9532,6.9532,6.9532,6.9532,6.9532,6.9532,6.9532,6.9532,6.9532,6.9532,6.9532,6.9532,6.9532,6.9532,6.9532,6.9532,6.9532,6.9532,6.9532,6.9532,6.9532,6.9532,6.9532,6.9532,6.9532,6.9532,6.9532,6.9532,6.9532,6.9532,6.9532,6.9532,6.9532,6.9532,6.9532,6.9532,6.9532,6.9532,6.9532,6.9532,6.9532,6.9532,6.9532,6.9532,6.9532,6.9532,6.9532,6.9532,6.9532,6.9532,6.9532,6.9532,6.9532,6.9532,6.9532,6.9532,6.9532,6.9532,6.1051,6.0501,5.9919,5.9693,5.9619,5.9545,5.9471,5.9395,5.9336,5.9280,5.9223,5.9169,5.9113,5.9057,5.9001,5.8945,5.8889,5.8835,5.8780,5.8724,5.8708,5.8696,5.8683,5.8671,5.8659,5.8646,5.8634,5.8622,5.8610,5.8597,5.8585,5.8573,5.8561,5.8548,5.8536,5.8524,5.8512,5.8499,5.8487,5.8475,5.8463,5.8451,5.8438,5.8426,5.8426,5.8446,5.8465,5.8485,5.8506,5.8526,5.8546,5.8565,5.8585,5.8606,5.8624,5.8644,5.8665,5.8683,5.8704,5.8724,5.8743,5.8763,5.8784,5.8803,5.8823,5.8844,5.8862,5.8883,5.8943,5.9015,5.9090,5.9165,5.9238,5.9311,5.9387,5.9460,5.9534,5.9610,5.9684,5.9759,5.9835,5.9914,5.9994,6.0341,6.0802,6.1263,6.3875,6.3972,6.4050,6.4092,6.4129,6.4165,6.4202,6.4241,6.4278,6.4310,6.4355,6.4392,6.4426,6.4471,6.4513,6.4553,6.4595,6.4630,6.4677,6.4717,6.4749,6.4774,6.4802,6.4832,6.4854,6.4882,6.4914,6.4955,6.5022,6.5088,6.5156,6.5217,6.5290,6.5354,6.5425,6.5489,6.5563,6.5630,6.5699,6.5774,6.5843,6.5908,6.5983,6.6048,6.6110,6.6178,6.6233,6.6301,6.6358,6.6500,6.6725,6.6946,6.7163,6.7384,6.7598,6.7816,6.8047,6.9532,6.9532,6.9532,6.9532,6.9532,6.9532,6.9532,6.9532,6.9532,6.9532,6.9532,6.9532,6.9532,6.9532,6.9532,6.9532,6.9532,6.9532,6.9532,6.9532,6.9532,6.9532,6.9532,6.9532,6.9532,6.9532,6.9532,6.9532,6.9532,6.9532,6.9532,6.9532,6.9532,6.9532,6.9532,6.9532,6.9532,6.9532,6.9532,6.9532,6.9532,6.9532,6.9532,6.9532,6.9532,6.9532,6.9532,6.9532,6.9532,6.9532,6.9532,6.9532,6.9532,6.9532,6.9532,6.9532,6.9532,6.9532,6.9532,6.9532,6.9532,6.9532,6.9532,6.9532,6.9532,6.9532,6.9532,6.9532,6.9532,6.9532,6.9532,6.9532,6.9532,6.9532,6.9532,6.9532,6.9532,6.9532,6.9532,6.9532,6.9532,6.9532,6.9532,6.9532,6.9532,6.9532,6.9532,6.9532,6.9532,6.9532,6.9532,6.9532,6.9532,6.9532,6.9532,6.9532,6.9532,6.9532,6.9532,6.9532,6.9532,6.9532,6.9532,6.9532,6.9532,6.9532,6.9532,6.9532,6.9532,6.9532,6.9532,6.9532,6.9532,6.9532,6.9532,6.9532,6.9532,6.9532,6.9532,6.9532,6.9532,6.9532,6.9532,6.9532,6.9532,6.9532,6.9532,6.9532,6.9532,6.9532,6.9532,6.9532,6.9532,6.9532,6.9532,6.9532,6.9532,6.9532,6.9532,6.9532,6.9532,6.9532,6.9532,6.9532,6.9532,6.9532,6.9532,6.9532,6.9532,6.9532,6.9532,6.9532,6.9532,6.9532,6.9532,6.9532,6.9532,6.9532,6.9532,6.9532,6.9532,6.9532,6.9532,6.9532,6.9532,6.9532,6.9532,6.9532,6.9532,6.9532,6.9532,6.9532,6.9532,6.9532,6.9532,6.9532,6.9532,6.9532,6.9532,6.9532,6.9532,6.9532,6.9532,6.9532,6.9532,6.9532,6.9532,6.9532,6.9532,6.9532,6.9532,6.9532,6.9532,6.9532,6.9532,6.9532,6.9532,6.9532,6.9532,6.9532,6.9532,6.9532,6.9532,6.9532,6.9532,6.9532,6.9532,6.9532,6.9532,6.9532,6.9532,6.9532,6.9532,6.9532,6.9532,6.9532,6.9532,6.9532,6.9532,6.9532,6.9532,6.9532,6.9532,6.9532,6.9532,6.9532,6.9532,6.9532,6.9532,6.9532,6.9532,6.9532,6.9532,6.9532,6.9532,6.9532,6.9532,6.9532,6.9532,6.9532,6.9532,6.9532,6.9532,6.9532,6.9532,6.9532,6.9532,6.9532,6.9532,6.9532,6.9532,6.9532,6.9532,6.9532,6.9532,6.9532,6.9532,6.9532,6.9532,6.9532,6.9532,6.9532,6.9532,6.9532,6.9532,6.9532,6.9532,6.9532,6.9532,6.9532,6.9532,6.9532,6.9532,6.9532,6.9532,6.9532,6.9532,6.9532,6.9532,6.9532,6.9532,6.9532,6.9532,6.9532,6.9532,6.9532,6.9532,6.9532,6.9532,6.9532,6.9532,6.9532,6.9532,6.9532,6.9532,6.9532,6.9532,6.9532,6.9532,6.9532,6.9532,6.9532,6.9532,6.9532,6.9532,6.9532,6.9532,6.9532,6.9532,6.9532,6.9532,6.9532,6.9532,6.9532,6.9532,6.9532,6.9532,6.9532,6.9532,6.9532,6.9532,6.9532,6.9532,6.9532,6.9532,6.9532,6.9532,6.9532,6.9532,6.9532,6.9532,6.9532,6.9532,6.9532,6.9532,6.9532,6.9532,6.9532,6.9532,6.9532,6.9532,6.9532,6.9532,6.9532,6.9532,6.9532,6.9532,6.9532,6.9532,6.9532,6.9532,6.9532,6.9532,6.9532,6.9532,6.9532,6.9532,6.9532,6.9532,6.9532,6.9532,6.9532,6.9532,6.9532,6.9532,6.9532,6.9532,6.9532,6.9532,6.9532,6.9532,6.9532,6.9532,6.9532,6.9532,6.9532,6.9532,6.9532,6.9532,6.9532,6.9532,6.9532,6.9532,6.9532,6.9532,6.9532,6.9532,6.9532,6.9532,6.9532,6.9532,6.9532,6.9532,6.9532,6.9532,6.9532,6.9532,6.9532,6.9532,6.9532,6.9532,6.9532,6.9532,6.9532,6.9532,6.9532,6.9532,6.9532,6.9532,6.9532,6.9532,6.9532,6.9532,6.9532,6.9532,6.9532,6.9532,6.9532,6.9532,6.9532,6.9532,6.9532,6.9532,6.9532,6.9532,6.9532,6.9532,6.9532,6.9532,6.9532,6.9532,6.9532,6.9532,6.9532,6.9532,6.9532
6.9471,6.9471,6.9471,6.9471,6.9471,6.9471,6.9471,6.9471,6.9471,6.9471,6.9471,6.9471,6.9471,6.9471,6.9471,6.9471,6.9471,6.9471,6.9471,6.9471,6.9471,6.9471,6.9471,6.9471,6.9471,6.9471,6.9471,6.9471,6.9471,6.9471,6.9471,6.9471,6.9471,6.9471,6.9471,6.9471,6.9471,6.9471,6.9471,6.9471,6.9471,6.9471,6.9471,6.9471,6.9471,6.9471,6.9471,6.9471,6.9471,6.9471,6.9471,6.9471,6.9471,6.9471,6.9471,6.9471,6.9471,6.9471,6.9471,6.9471,6.9471,6.9471,6.9471,6.9471,6.9471,6.9471,6.9471,6.9471,6.9471,6.9471,6.9471,6.9471,6.9471,6.9471,6.9471,6.9471,6.9471,6.9471,6.9471,6.9471,6.9471,6.9471,6.9471,6.9471,6.9471,6.9471,6.9471,6.9471,6.9471,6.9471,6.9471,6.9471,6.9471,6.9471,6.9471,6.9471,6.9471,6.9471,6.9471,6.9471,6.9471,6.9471,6.9471,6.9471,6.9471,6.9471,6.9471,6.9471,6.9471,6.9471,6.9471,6.9471,6.9471,6.9471,6.9471,6.9471,6.9471,6.9471,6.9471,6.9471,6.9471,6.9471,6.9471,6.9471,6.9471,6.9471,6.9471,6.9471,6.9471,6.9471,6.9471,6.9471,6.9471,6.9471,6.9471,6.9471,6.9471,6.9471,6.9471,6.9471,6.9471,6.9471,6.9471,6.9471,6.9471,6.9471,6.9471,6.9471,6.9471,6.9471,6.9471,6.9471,6.9471,6.9471,6.9471,6.9471,6.9471,6.9471,6.9471,6.9471,6.9471,6.9471,6.9471,6.9471,6.9471,6.9471,6.9471,6.9471,6.9471,6.9471,6.9471,6.9471,6.9471,6.9471,6.9471,6.9471,6.9471,6.9471,6.9471,6.9471,6.9471,6.9471,6.9471,6.9471,6.9471,6.9471,6.9471,6.9471,6.9471,6.9471,6.9471,6.9471,6.9471,6.9471,6.9471,6.9471,6.9471,6.9471,6.9471,6.9471,6.9471,6.9471,6.9471,6.9471,6.9471,6.9471,6.9471,6.9471,6.9471,6.9471,6.9471,6.9471,6.9471,6.9471,6.9471,6.9471,6.9471,6.9471,6.9471,6.9471,6.9471,6.9471,6.9471,6.9471,6.9471,6.9471,6.9471,6.9471,6.9471,6.9471,6.9471,6.9471,6.9471,6.9471,6.9471,6.9471,6.9471,6.9471,6.9471,6.9471,6.9471,6.9471,6.9471,6.9471,6.9471,6.9471,6.9471,6.9471,6.9471,6.9471,6.9471,6.9471,6.9471,6.9471,6.9471,6.9471,6.9471,6.9471,6.9471,6.9471,6.9471,6.9471,6.9471,6.9471,6.9471,6.9471,6.9471,6.9471,6.9471,6.9471,6.9471,6.9471,6.9471,6.9471,6.9471,6.9471,6.9471,6.9471,6.9471,6.9471,6.9471,6.9471,6.9471,6.9471,6.9471,6.9471,6.9471,6.9471,6.9471,6.9471,6.9471,6.9471,6.9471,6.9471,6.9471,6.9471,6.9471,6.9471,6.9471,6.9471,6.9471,6.9471,6.9471,6.9471,6.9471,6.9471,6.9471,6.9471,6.9471,6.9471,6.9471,6.9471,6.9471,6.9471,6.9471,6.9471,6.9471,6.9471,6.9471,6.9471,6.9471,6.9471,6.9471,6.9471,6.9471,6.9471,6.9471,6.9471,6.9471,6.9471,6.9471,6.9471,6.9471,6.9471,6.9471,6.9471,6.9471,6.9471,6.9471,6.9471,6.9471,6.9471,6.9471,6.9471,6.9471,6.9471,6.9471,6.9471,6.9471,6.9471,6.9471,6.9471,6.9471,6.9471,6.9471,6.9471,6.9471,6.9471,6.9471,6.9471,6.9471,6.9471,6.9471,6.9471,6.9471,6.9471,6.9471,6.9471,6.9471,6.9471,6.9471,6.9471,6.9471,6.9471,6.9471,6.9471,6.9471,6.9471,6.9471,6.9471,6.9471,6.1125,6.0589,6.0009,5.9733,5.9659,5.9585,5.9511,5.9437,5.9362,5.9288,5.9228,5.9171,5.9115,5.9059,5.9003,5.8949,5.8893,5.8838,5.8782,5.8726,5.8714,5.8702,5.8690,5.8677,5.8665,5.8653,5.8642,5.8630,5.8618,5.8606,5.8593,5.8581,5.8569,5.8556,5.8544,5.8532,5.8520,5.8508,5.8495,5.8483,5.8471,5.8459,5.8446,5.8434,5.8438,5.8457,5.8477,5.8497,5.8518,5.8538,5.8556,5.8577,5.8597,5.8616,5.8636,5.8657,5.8675,5.8696,5.8716,5.8735,5.8755,5.8776,5.8794,5.8815,5.8835,5.8854,5.8875,5.8895,5.8962,5.9034,5.9109,5.9184,5.9257,5.9330,5.9406,5.9479,5.9553,5.9629,5.9706,5.9784,5.9863,5.9942,6.0021,6.0341,6.0799,6.1263,6.3776,6.3873,6.3972,6.4036,6.4077,6.4116,6.4148,6.4190,6.4224,6.4261,6.4303,6.4335,6.4379,6.4421,6.4456,6.4498,6.4543,6.4585,6.4625,6.4667,6.4702,6.4744,6.4767,6.4797,6.4824,6.4847,6.4874,6.4942,6.5012,6.5075,6.5146,6.5214,6.5275,6.5349,6.5412,6.5486,6.5550,6.5620,6.5694,6.5763,6.5833,6.5898,6.5967,6.6043,6.6105,6.6168,6.6235,6.6293,6.6369,6.6593,6.6807,6.7034,6.7257,6.7481,6.7690,6.7912,6.9471,6.9471,6.9471,6.9471,6.9471,6.9471,6.9471,6.9471,6.9471,6.9471,6.9471,6.9471,6.9471,6.9471,6.9471,6.9471,6.9471,6.9471,6.9471,6.9471,6.9471,6.9471,6.9471,6.9471,6.9471,6.9471,6.9471,6.9471,6.9471,6.9471,6.9471,6.9471,6.9471,6.9471,6.9471,6.9471,6.9471,6.9471,6.9471,6.9471,6.9471,6.9471,6.9471,6.9471,6.9471,6.9471,6.9471,6.9471,6.9471,6.9471,6.9471,6.9471,6.9471,6.9471,6.9471,6.9471,6.9471,6.9471,6.9471,6.9471,6.9471,6.9471,6.9471,6.9471,6.9471,6.9471,6.9471,6.9471,6.9471,6.9471,6.9471,6.9471,6.9471,6.9471,6.9471,6.9471,6.9471,6.9471,6.9471,6.9471,6.9471,6.9471,6.9471,6.9471,6.9471,6.9471,6.9471,6.9471,6.9471,6.9471,6.9471,6.9471,6.9471,6.9471,6.9471,6.9471,6.9471,6.9471,6.9471,6.9471,6.9471,6.9471,6.9471,6.9471,6.9471,6.9471,6.9471,6.9471,6.9471,6.9471,6.9471,6.9471,6.9471,6.9471,6.9471,6.9471,6.9471,6.9471,6.9471,6.9471,6.9471,6.9471,6.9471,6.9471,6.9471,6.9471,6.9471,6.9471,6.9471,6.9471,6.9471,6.9471,6.9471,6.9471,6.9471,6.9471,6.9471,6.9471,6.9471,6.9471,6.9471,6.9471,6.9471,6.9471,6.9471,6.9471,6.9471,6.9471,6.9471,6.9471,6.9471,6.9471,6.9471,6.9471,6.9471,6.9471,6.9471,6.9471,6.9471,6.9471,6.9471,6.9471,6.9471,6.9471,6.9471,6.9471,6.9471,6.9471,6.9471,6.9471,6.9471,6.9471,6.9471,6.9471,6.9471,6.9471,6.9471,6.9471,6.9471,6.9471,6.9471,6.9471,6.9471,6.9471,6.9471,6.9471,6.9471,6.9471,6.9471,6.9471,6.9471,6.9471,6.9471,6.9471,6.9471,6.9471,6.9471,6.9471,6.9471,6.9471,6.9471,6.9471,6.9471,6.9471,6.9471,6.9471,6.9471,6.9471,6.9471,6.9471,6.9471,6.9471,6.9471,6.9471,6.9471,6.9471,6.9471,6.9471,6.9471,6.9471,6.9471,6.9471,6.9471,6.9471,6.9471,6.9471,6.9471,6.9471,6.9471,6.9471,6.9471,6.9471,6.9471,6.9471,6.9471,6.9471,6.9471,6.9471,6.9471,6.9471,6.9471,6.9471,6.9471,6.9471,6.9471,6.9471,6.9471,6.9471,6.9471,6.9471,6.9471,6.9471,6.9471,6.9471,6.9471,6.9471,6.9471,6.9471,6.9471,6.9471,6.9471,6.9471,6.9471,6.9471,6.9471,6.9471,6.9471,6.9471,6.9471,6.9471,6.9471,6.9471,6.9471,6.9471,6.9471,6.9471,6.9471,6.9471,6.9471,6.9471,6.9471,6.9471,6.9471,6.9471,6.9471,6.9471,6.9471,6.9471,6.9471,6.9471,6.9471,6.9471,6.9471,6.9471,6.9471,6.9471,6.9471,6.9471,6.9471,6.9471,6.9471,6.9471,6.9471,6.9471,6.9471,6.9471,6.9471,6.9471,6.9471,6.9471,6.9471,6.9471,6.9471,6.9471,6.9471,6.9471,6.9471,6.9471,6.9471,6.9471,6.9471,6.9471,6.9471,6.9471,6.9471,6.9471,6.9471,6.9471,6.9471,6.9471,6.9471,6.9471,6.9471,6.9471,6.9471,6.9471,6.9471,6.9471,6.9471,6.9471,6.9471,6.9471,6.9471,6.9471,6.9471,6.9471,6.9471,6.9471,6.9471,6.9471,6.9471,6.9471,6.9471,6.9471,6.9471,6.9471,6.9471,6.9471,6.9471,6.9471,6.9471,6.9471,6.9471,6.9471,6.9471,6.9471,6.9471,6.9471,6.9471,6.9471,6.9471,6.9471,6.9471,6.9471,6.9471,6.9471,6.9471,6.9471,6.9471,6.9471,6.9471,6.9471,6.9471,6.9471,6.9471,6.9471,6.9471,6.9471,6.9471,6.9471,6.9471,6.9471,6.9471,6.9471,6.9471,6.9471,6.9471,6.9471,6.9471,6.9471,6.9471,6.9471,6.9471,6.9471,6.9471,6.9471,6.9471,6.9471,6.9471,6.9471,6.9471,6.9471,6.9471,6.9471,6.9471,6.9471,6.9471,6.9471,6.9471,6.9471,6.9471,6.9471,6.9471,6.9471,6.9471,6.9471,6.9471,6.9471,6.9471,6.9471,6.9471,6.9471,6.9471,6.9471,6.9471,6.9471,6.9471
6.9417,6.9417,6.9417,6.9417,6.9417,6.9417,6.9417,6.9417,6.9417,6.9417,6.9417,6.9417,6.9417,6.9417,6.9417,6.9417,6.9417,6.9417,6.9417,6.9417,6.9417,6.9417,6.9417,6.9417,6.9417,6.9417,6.9417,6.9417,6.9417,6.9417,6.9417,6.9417,6.9417,6.9417,6.9417,6.9417,6.9417,6.9417,6.9417,6.9417,6.9417,6.9417,6.9417,6.9417,6.9417,6.9417,6.9417,6.9417,6.9417,6.9417,6.9417,6.9417,6.9417,6.9417,6.9417,6.9417,6.9417,6.9417,6.9417,6.9417,6.9417,6.9417,6.9417,6.9417,6.9417,6.9417,6.9417,6.9417,6.9417,6.9417,6.9417,6.9417,6.9417,6.9417,6.9417,6.9417,6.9417,6.9417,6.9417,6.9417,6.9417,6.9417,6.9417,6.9417,6.9417,6.9417,6.9417,6.9417,6.9417,6.9417,6.9417,6.9417,6.9417,6.9417,6.9417,6.9417,6.9417,6.9417,6.9417,6.9417,6.9417,6.9417,6.9417,6.9417,6.9417,6.9417,6.9417,6.9417,6.9417,6.9417,6.9417,6.9417,6.9417,6.9417,6.9417,6.9417,6.9417,6.9417,6.9417,6.9417,6.9417,6.9417,6.9417,6.9417,6.9417,6.9417,6.9417,6.9417,6.9417,6.9417,6.9417,6.9417,6.9417,6.9417,6.9417,6.9417,6.9417,6.9417,6.9417,6.9417,6.9417,6.9417,6.9417,6.9417,6.9417,6.9417,6.9417,6.9417,6.9417,6.9417,6.9417,6.9417,6.9417,6.9417,6.9417,6.9417,6.9417,6.9417,6.9417,6.9417,6.9417,6.9417,6.9417,6.9417,6.9417,6.9417,6.9417,6.9417,6.9417,6.9417,6.9417,6.9417,6.9417,6.9417,6.9417,6.9417,6.9417,6.9417,6.9417,6.9417,6.9417,6.9417,6.9417,6.9417,6.9417,6.9417,6.9417,6.9417,6.9417,6.9417,6.9417,6.9417,6.9417,6.9417,6.9417,6.9417,6.9417,6.9417,6.9417,6.9417,6.9417,6.9417,6.9417,6.9417,6.9417,6.9417,6.9417,6.9417,6.9417,6.9417,6.9417,6.9417,6.9417,6.9417,6.9417,6.9417,6.9417,6.9417,6.9417,6.9417,6.9417,6.9417,6.9417,6.9417,6.9417,6.9417,6.9417,6.9417,6.9417,6.9417,6.9417,6.9417,6.9417,6.9417,6.9417,6.9417,6.9417,6.9417,6.9417,6.9417,6.9417,6.9417,6.9417,6.9417,6.9417,6.9417,6.9417,6.9417,6.9417,6.9417,6.9417,6.9417,6.9417,6.9417,6.9417,6.9417,6.9417,6.9417,6.9417,6.9417,6.9417,6.9417,6.9417,6.9417,6.9417,6.9417,6.9417,6.9417,6.9417,6.9417,6.9417,6.9417,6.9417,6.9417,6.9417,6.9417,6.9417,6.9417,6.9417,6.9417,6.9417,6.9417,6.9417,6.9417,6.9417,6.9417,6.9417,6.9417,6.9417,6.9417,6.9417,6.9417,6.9417,6.9417,6.9417,6.9417,6.9417,6.9417,6.9417,6.9417,6.9417,6.9417,6.9417,6.9417,6.9417,6.9417,6.9417,6.9417,6.9417,6.9417,6.9417,6.9417,6.9417,6.9417,6.9417,6.9417,6.9417,6.9417,6.9417,6.9417,6.9417,6.9417,6.9417,6.9417,6.9417,6.9417,6.9417,6.9417,6.9417,6.9417,6.9417,6.9417,6.9417,6.9417,6.9417,6.9417,6.9417,6.9417,6.9417,6.9417,6.9417,6.9417,6.9417,6.9417,6.9417,6.9417,6.9417,6.9417,6.9417,6.9417,6.9417,6.9417,6.9417,6.9417,6.9417,6.9417,6.9417,6.9417,6.9417,6.9417,6.9417,6.9417,6.9417,6.9417,6.9417,6.9417,6.9417,6.9417,6.9417,6.9417,6.9417,6.9417,6.9417,6.9417,6.9417,6.9417,6.9417,6.9417,6.9417,6.9417,6.9417,6.1200,6.0679,6.0099,5.9774,5.9699,5.9625,5.9551,5.9477,5.9404,5.9328,5.9255,5.9182,5.9117,5.9061,5.9007,5.8951,5.8895,5.8840,5.8784,5.8735,5.8722,5.8710,5.8698,5.8685,5.8673,5.8661,5.8649,5.8636,5.8624,5.8614,5.8601,5.8589,5.8577,5.8565,5.8552,5.8540,5.8528,5.8516,5.8503,5.8491,5.8479,5.8467,5.8455,5.8442,5.8448,5.8469,5.8489,5.8510,5.8530,5.8550,5.8569,5.8589,5.8608,5.8628,5.8649,5.8667,5.8687,5.8708,5.8726,5.8747,5.8768,5.8786,5.8807,5.8827,5.8846,5.8866,5.8887,5.8906,5.8980,5.9055,5.9128,5.9201,5.9276,5.9349,5.9423,5.9498,5.9576,5.9655,5.9733,5.9812,5.9891,5.9972,6.0047,6.0341,6.0797,6.1261,6.3676,6.3776,6.3873,6.3972,6.4026,6.4063,6.4104,6.4141,6.4173,6.4210,6.4249,6.4291,6.4325,6.4370,6.4411,6.4446,6.4488,6.4533,6.4575,6.4615,6.4657,6.4692,6.4737,6.4762,6.4789,6.4817,6.4869,6.4932,6.5000,6.5070,6.5133,6.5204,6.5273,6.5334,6.5407,6.5471,6.5545,6.5612,6.5681,6.5756,6.5825,6.5890,6.5965,6.6035,6.6105,6.6165,6.6233,6.6296,6.6456,6.6677,6.6903,6.7125,6.7348,6.7568,6.7789,6.9417,6.9417,6.9417,6.9417,6.9417,6.9417,6.9417,6.9417,6.9417,6.9417,6.9417,6.9417,6.9417,6.9417,6.9417,6.9417,6.9417,6.9417,6.9417,6.9417,6.9417,6.9417,6.9417,6.9417,6.9417,6.9417,6.9417,6.9417,6.9417,6.9417,6.9417,6.9417,6.9417,6.9417,6.9417,6.9417,6.9417,6.9417,6.9417,6.9417,6.9417,6.9417,6.9417,6.9417,6.9417,6.9417,6.9417,6.9417,6.9417,6.9417,6.9417,6.9417,6.9417,6.9417,6.9417,6.9417,6.9417,6.9417,6.9417,6.9417,6.9417,6.9417,6.9417,6.9417,6.9417,6.9417,6.9417,6.9417,6.9417,6.9417,6.9417,6.9417,6.9417,6.9417,6.9417,6.9417,6.9417,6.9417,6.9417,6.9417,6.9417,6.9417,6.9417,6.9417,6.9417,6.9417,6.9417,6.9417,6.9417,6.9417,6.9417,6.9417,6.9417,6.9417,6.9417,6.9417,6.9417,6.9417,6.9417,6.9417,6.9417,6.9417,6.9417,6.9417,6.9417,6.9417,6.9417,6.9417,6.9417,6.9417,6.9417,6.9417,6.9417,6.9417,6.9417,6.9417,6.9417,6.9417,6.9417,6.9417,6.9417,6.9417,6.9417,6.9417,6.9417,6.9417,6.9417,6.9417,6.9417,6.9417,6.9417,6.9417,6.9417,6.9417,6.9417,6.9417,6.9417,6.9417,6.9417,6.9417,6.9417,6.9417,6.9417,6.9417,6.9417,6.9417,6.9417,6.9417,6.9417,6.9417,6.9417,6.9417,6.9417,6.9417,6.9417,6.9417,6.9417,6.9417,6.9417,6.9417,6.9417,6.9417,6.9417,6.9417,6.9417,6.9417,6.9417,6.9417,6.9417,6.9417,6.9417,6.9417,6.9417,6.9417,6.9417,6.9417,6.9417,6.9417,6.9417,6.9417,6.9417,6.9417,6.9417,6.9417,6.9417,6.9417,6.9417,6.9417,6.9417,6.9417,6.9417,6.9417,6.9417,6.9417,6.9417,6.9417,6.9417,6.9417,6.9417,6.9417,6.9417,6.9417,6.9417,6.9417,6.9417,6.9417,6.9417,6.9417,6.9417,6.9417,6.9417,6.9417,6.9417,6.9417,6.9417,6.9417,6.9417,6.9417,6.9417,6.9417,6.9417,6.9417,6.9417,6.9417,6.9417,6.9417,6.9417,6.9417,6.9417,6.9417,6.9417,6.9417,6.9417,6.9417,6.9417,6.9417,6.9417,6.9417,6.9417,6.9417,6.9417,6.9417,6.9417,6.9417,6.9417,6.9417,6.9417,6.9417,6.9417,6.9417,6.9417,6.9417,6.9417,6.9417,6.9417,6.9417,6.9417,6.9417,6.9417,6.9417,6.9417,6.9417,6.9417,6.9417,6.9417,6.9417,6.9417,6.9417,6.9417,6.9417,6.9417,6.9417,6.9417,6.9417,6.9417,6.9417,6.9417,6.9417,6.9417,6.9417,6.9417,6.9417,6.9417,6.9417,6.9417,6.9417,6.9417,6.9417,6.9417,6.9417,6.9417,6.9417,6.9417,6.9417,6.9417,6.9417,6.9417,6.9417,6.9417,6.9417,6.9417,6.9417,6.9417,6.9417,6.9417,6.9417,6.9417,6.9417,6.9417,6.9417,6.9417,6.9417,6.9417,6.9417,6.9417,6.9417,6.9417,6.9417,6.9417,6.9417,6.9417,6.9417,6.9417,6.9417,6.9417,6.9417,6.9417,6.9417,6.9417,6.9417,6.9417,6.9417,6.9417,6.9417,6.9417,6.9417,6.9417,6.9417,6.9417,6.9417,6.9417,6.9417,6.9417,6.9417,6.9417,6.9417,6.9417,6.9417,6.9417,6.9417,6.9417,6.9417,6.9417,6.9417,6.9417,6.9417,6.9417,6.9417,6.9417,6.9417,6.9417,6.9417,6.9417,6.9417,6.9417,6.9417,6.9417,6.9417,6.9417,6.9417,6.9417,6.9417,6.9417,6.9417,6.9417,6.9417,6.9417,6.9417,6.9417,6.9417,6.9417,6.9417,6.9417,6.9417,6.9417,6.9417,6.9417,6.9417,6.9417,6.9417,6.9417,6.9417,6.9417,6.9417,6.9417,6.9417,6.9417,6.9417,6.9417,6.9417,6.9417,6.9417,6.9417,6.9417,6.9417,6.9417,6.9417,6.9417,6.9417,6.9417,6.9417,6.9417,6.9417,6.9417,6.9417,6.9417,6.9417,6.9417,6.9417,6.9417,6.9417,6.9417,6.9417,6.9417,6.9417,6.9417,6.9417,6.9417,6.9417,6.9417,6.9417,6.9417,6.9417,6.9417,6.9417,6.9417,6.9417,6.9417
6.9368,6.9368,6.9368,6.9368,6.9368,6.9368,6.9368,6.9368,6.9368,6.9368,6.9368,6.9368,6.9368,6.9368,6.9368,6.9368,6.9368,6.9368,6.9368,6.9368,6.9368,6.9368,6.9368,6.9368,6.9368,6.9368,6.9368,6.9368,6.9368,6.9368,6.9368,6.9368,6.9368,6.9368,6.9368,6.9368,6.9368,6.9368,6.9368,6.9368,6.9368,6.9368,6.9368,6.9368,6.9368,6.9368,6.9368,6.9368,6.9368,6.9368,6.9368,6.9368,6.9368,6.9368,6.9368,6.9368,6.9368,6.9368,6.9368,6.9368,6.9368,6.9368,6.9368,6.9368,6.9368,6.9368,6.9368,6.9368,6.9368,6.9368,6.9368,6.9368,6.9368,6.9368,6.9368,6.9368,6.9368,6.9368,6.9368,6.9368,6.9368,6.9368,6.9368,6.9368,6.9368,6.9368,6.9368,6.9368,6.9368,6.9368,6.9368,6.9368,6.9368,6.9368,6.9368,6.9368,6.9368,6.9368,6.9368,6.9368,6.9368,6.9368,6.9368,6.9368,6.9368,6.9368,6.9368,6.9368,6.9368,6.9368,6.9368,6.9368,6.9368,6.9368,6.9368,6.9368,6.9368,6.9368,6.9368,6.9368,6.9368,6.9368,6.9368,6.9368,6.9368,6.9368,6.9368,6.9368,6.9368,6.9368,6.9368,6.9368,6.9368,6.9368,6.9368,6.9368,6.9368,6.9368,6.9368,6.9368,6.9368,6.9368,6.9368,6.9368,6.9368,6.9368,6.9368,6.9368,6.9368,6.9368,6.9368,6.9368,6.9368,6.9368,6.9368,6.9368,6.9368,6.9368,6.9368,6.9368,6.9368,6.9368,6.9368,6.9368,6.9368,6.9368,6.9368,6.9368,6.9368,6.9368,6.9368,6.9368,6.9368,6.9368,6.9368,6.9368,6.9368,6.9368,6.9368,6.9368,6.9368,6.9368,6.9368,6.9368,6.9368,6.9368,6.9368,6.9368,6.9368,6.9368,6.9368,6.9368,6.9368,6.9368,6.9368,6.9368,6.9368,6.9368,6.9368,6.9368,6.9368,6.9368,6.9368,6.9368,6.9368,6.9368,6.9368,6.9368,6.9368,6.9368,6.9368,6.9368,6.9368,6.9368,6.9368,6.9368,6.9368,6.9368,6.9368,6.9368,6.9368,6.9368,6.9368,6.9368,6.9368,6.9368,6.9368,6.9368,6.9368,6.9368,6.9368,6.9368,6.9368,6.9368,6.9368,6.9368,6.9368,6.9368,6.9368,6.9368,6.9368,6.9368,6.9368,6.9368,6.9368,6.9368,6.9368,6.9368,6.9368,6.9368,6.9368,6.9368,6.9368,6.9368,6.9368,6.9368,6.9368,6.9368,6.9368,6.9368,6.9368,6.9368,6.9368,6.9368,6.9368,6.9368,6.9368,6.9368,6.9368,6.9368,6.9368,6.9368,6.9368,6.9368,6.9368,6.9368,6.9368,6.9368,6.9368,6.9368,6.9368,6.9368,6.9368,6.9368,6.9368,6.9368,6.9368,6.9368,6.9368,6.9368,6.9368,6.9368,6.9368,6.9368,6.9368,6.9368,6.9368,6.9368,6.9368,6.9368,6.9368,6.9368,6.9368,6.9368,6.9368,6.9368,6.9368,6.9368,6.9368,6.9368,6.9368,6.9368,6.9368,6.9368,6.9368,6.9368,6.9368,6.9368,6.9368,6.9368,6.9368,6.9368,6.9368,6.9368,6.9368,6.9368,6.9368,6.9368,6.9368,6.9368,6.9368,6.9368,6.9368,6.9368,6.9368,6.9368,6.9368,6.9368,6.9368,6.9368,6.9368,6.9368,6.9368,6.9368,6.9368,6.9368,6.9368,6.9368,6.9368,6.9368,6.9368,6.9368,6.9368,6.9368,6.9368,6.9368,6.9368,6.9368,6.9368,6.9368,6.9368,6.9368,6.9368,6.9368,6.9368,6.9368,6.9368,6.9368,6.9368,6.9368,6.9368,6.9368,6.9368,6.9368,6.9368,6.9368,6.9368,6.9368,6.9368,6.9368,6.9368,6.1274,6.0760,6.0189,5.9814,5.9740,5.9665,5.9591,5.9517,5.9444,5.9370,5.9295,5.9221,5.9148,5.9073,5.9009,5.8953,5.8897,5.8842,5.8788,5.8743,5.8731,5.8718,5.8706,5.8694,5.8681,5.8669,5.8657,5.8644,5.8632,5.8620,5.8608,5.8595,5.8583,5.8573,5.8561,5.8548,5.8536,5.8524,5.8512,5.8499,5.8487,5.8475,5.8463,5.8451,5.8461,5.8481,5.8501,5.8522,5.8542,5.8561,5.8581,5.8601,5.8620,5.8640,5.8659,5.8679,5.8700,5.8718,5.8739,5.8759,5.8778,5.8798,5.8819,5.8838,5.8858,5.8879,5.8897,5.8924,5.8999,5.9073,5.9146,5.9219,5.9295,5.9368,5.9446,5.9524,5.9604,5.9682,5.9761,5.9840,5.9921,5.9998,6.0073,6.0341,6.0795,6.1258,6.3578,6.3676,6.3773,6.3873,6.3970,6.4011,6.4053,6.4085,6.4129,6.4160,6.4202,6.4241,6.4278,6.4318,6.4360,6.4397,6.4436,6.4478,6.4518,6.4565,6.4600,6.4647,6.4682,6.4727,6.4752,6.4789,6.4857,6.4922,6.4995,6.5063,6.5128,6.5192,6.5257,6.5331,6.5400,6.5463,6.5538,6.5607,6.5676,6.5745,6.5810,6.5880,6.5949,6.6025,6.6090,6.6160,6.6222,6.6332,6.6550,6.6765,6.6991,6.7214,6.7432,6.7658,6.7876,6.9368,6.9368,6.9368,6.9368,6.9368,6.9368,6.9368,6.9368,6.9368,6.9368,6.9368,6.9368,6.9368,6.9368,6.9368,6.9368,6.9368,6.9368,6.9368,6.9368,6.9368,6.9368,6.9368,6.9368,6.9368,6.9368,6.9368,6.9368,6.9368,6.9368,6.9368,6.9368,6.9368,6.9368,6.9368,6.9368,6.9368,6.9368,6.9368,6.9368,6.9368,6.9368,6.9368,6.9368,6.9368,6.9368,6.9368,6.9368,6.9368,6.9368,6.9368,6.9368,6.9368,6.9368,6.9368,6.9368,6.9368,6.9368,6.9368,6.9368,6.9368,6.9368,6.9368,6.9368,6.9368,6.9368,6.9368,6.9368,6.9368,6.9368,6.9368,6.9368,6.9368,6.9368,6.9368,6.9368,6.9368,6.9368,6.9368,6.9368,6.9368,6.9368,6.9368,6.9368,6.9368,6.9368,6.9368,6.9368,6.9368,6.9368,6.9368,6.9368,6.9368,6.9368,6.9368,6.9368,6.9368,6.9368,6.9368,6.9368,6.9368,6.9368,6.9368,6.9368,6.9368,6.9368,6.9368,6.9368,6.9368,6.9368,6.9368,6.9368,6.9368,6.9368,6.9368,6.9368,6.9368,6.9368,6.9368,6.9368,6.9368,6.9368,6.9368,6.9368,6.9368,6.9368,6.9368,6.9368,6.9368,6.9368,6.9368,6.9368,6.9368,6.9368,6.9368,6.9368,6.9368,6.9368,6.9368,6.9368,6.9368,6.9368,6.9368,6.9368,6.9368,6.9368,6.9368,6.9368,6.9368,6.9368,6.9368,6.9368,6.9368,6.9368,6.9368,6.9368,6.9368,6.9368,6.9368,6.9368,6.9368,6.9368,6.9368,6.9368,6.9368,6.9368,6.9368,6.9368,6.9368,6.9368,6.9368,6.9368,6.9368,6.9368,6.9368,6.9368,6.9368,6.9368,6.9368,6.9368,6.9368,6.9368,6.9368,6.9368,6.9368,6.9368,6.9368,6.9368,6.9368,6.9368,6.9368,6.9368,6.9368,6.9368,6.9368,6.9368,6.9368,6.9368,6.9368,6.9368,6.9368,6.9368,6.9368,6.9368,6.9368,6.9368,6.9368,6.9368,6.9368,6.9368,6.9368,6.9368,6.9368,6.9368,6.9368,6.9368,6.9368,6.9368,6.9368,6.9368,6.9368,6.9368,6.9368,6.9368,6.9368,6.9368,6.9368,6.9368,6.9368,6.9368,6.9368,6.9368,6.9368,6.9368,6.9368,6.9368,6.9368,6.9368,6.9368,6.9368,6.9368,6.9368,6.9368,6.9368,6.9368,6.9368,6.9368,6.9368,6.9368,6.9368,6.9368,6.9368,6.9368,6.9368,6.9368,6.9368,6.9368,6.9368,6.9368,6.9368,6.9368,6.9368,6.9368,6.9368,6.9368,6.9368,6.9368,6.9368,6.9368,6.9368,6.9368,6.9368,6.9368,6.9368,6.9368,6.9368,6.9368,6.9368,6.9368,6.9368,6.9368,6.9368,6.9368,6.9368,6.9368,6.9368,6.9368,6.9368,6.9368,6.9368,6.9368,6.9368,6.9368,6.9368,6.9368,6.9368,6.9368,6.9368,6.9368,6.9368,6.9368,6.9368,6.9368,6.9368,6.9368,6.9368,6.9368,6.9368,6.9368,6.9368,6.9368,6.9368,6.9368,6.9368,6.9368,6.9368,6.9368,6.9368,6.9368,6.9368,6.9368,6.9368,6.9368,6.9368,6.9368,6.9368,6.9368,6.9368,6.9368,6.9368,6.9368,6.9368,6.9368,6.9368,6.9368,6.9368,6.9368,6.9368,6.9368,6.9368,6.9368,6.9368,6.9368,6.9368,6.9368,6.9368,6.9368,6.9368,6.9368,6.9368,6.9368,6.9368,6.9368,6.9368,6.9368,6.9368,6.9368,6.9368,6.9368,6.9368,6.9368,6.9368,6.9368,6.9368,6.9368,6.9368,6.9368,6.9368,6.9368,6.9368,6.9368,6.9368,6.9368,6.9368,6.9368,6.9368,6.9368,6.9368,6.9368,6.9368,6.9368,6.9368,6.9368,6.9368,6.9368,6.9368,6.9368,6.9368,6.9368,6.9368,6.9368,6.9368,6.9368,6.9368,6.9368,6.9368,6.9368,6.9368,6.9368,6.9368,6.9368,6.9368,6.9368,6.9368,6.9368,6.9368,6.9368,6.9368,6.9368,6.9368,6.9368,6.9368,6.9368,6.9368,6.9368,6.9368,6.9368,6.9368,6.9368,6.9368,6.9368,6.9368,6.9368,6.9368,6.9368,6.9368,6.9368,6.9368,6.9368,6.9368,6.9368,6.9368,6.9368,6.9368,6.9368,6.9368,6.9368,6.9368
6.9317,6.9317,6.9317,6.9317,6.9317,6.9317,6.9317,6.9317,6.9317,6.9317,6.9317,6.9317,6.9317,6.9317,6.9317,6.9317,6.9317,6.9317,6.9317,6.9317,6.9317,6.9317,6.9317,6.9317,6.9317,6.9317,6.9317,6.9317,6.9317,6.9317,6.9317,6.9317,6.9317,6.9317,6.9317,6.9317,6.9317,6.9317,6.9317,6.9317,6.9317,6.9317,6.9317,6.9317,6.9317,6.9317,6.9317,6.9317,6.9317,6.9317,6.9317,6.9317,6.9317,6.9317,6.9317,6.9317,6.9317,6.9317,6.9317,6.9317,6.9317,6.9317,6.9317,6.9317,6.9317,6.9317,6.9317,6.9317,6.9317,6.9317,6.9317,6.9317,6.9317,6.9317,6.9317,6.9317,6.9317,6.9317,6.9317,6.9317,6.9317,6.9317,6.9317,6.9317,6.9317,6.9317,6.9317,6.9317,6.9317,6.9317,6.9317,6.9317,6.9317,6.9317,6.9317,6.9317,6.9317,6.9317,6.9317,6.9317,6.9317,6.9317,6.9317,6.9317,6.9317,6.9317,6.9317,6.9317,6.9317,6.9317,6.9317,6.9317,6.9317,6.9317,6.9317,6.9317,6.9317,6.9317,6.9317,6.9317,6.9317,6.9317,6.9317,6.9317,6.9317,6.9317,6.9317,6.9317,6.9317,6.9317,6.9317,6.9317,6.9317,6.9317,6.9317,6.9317,6.9317,6.9317,6.9317,6.9317,6.9317,6.9317,6.9317,6.9317,6.9317,6.9317,6.9317,6.9317,6.9317,6.9317,6.9317,6.9317,6.9317,6.9317,6.9317,6.9317,6.9317,6.9317,6.9317,6.9317,6.9317,6.9317,6.9317,6.9317,6.9317,6.9317,6.9317,6.9317,6.9317,6.9317,6.9317,6.9317,6.9317,6.9317,6.9317,6.9317,6.9317,6.9317,6.9317,6.9317,6.9317,6.9317,6.9317,6.9317,6.9317,6.9317,6.9317,6.9317,6.9317,6.9317,6.9317,6.9317,6.9317,6.9317,6.9317,6.9317,6.9317,6.9317,6.9317,6.9317,6.9317,6.9317,6.9317,6.9317,6.9317,6.9317,6.9317,6.9317,6.9317,6.9317,6.9317,6.9317,6.9317,6.9317,6.9317,6.9317,6.9317,6.9317,6.9317,6.9317,6.9317,6.9317,6.9317,6.9317,6.9317,6.9317,6.9317,6.9317,6.9317,6.9317,6.9317,6.9317,6.9317,6.9317,6.9317,6.9317,6.9317,6.9317,6.9317,6.9317,6.9317,6.9317,6.9317,6.9317,6.9317,6.9317,6.9317,6.9317,6.9317,6.9317,6.9317,6.9317,6.9317,6.9317,6.9317,6.9317,6.9317,6.9317,6.9317,6.9317,6.9317,6.9317,6.9317,6.9317,6.9317,6.9317,6.9317,6.9317,6.9317,6.9317,6.9317,6.9317,6.9317,6.9317,6.9317,6.9317,6.9317,6.9317,6.9317,6.9317,6.9317,6.9317,6.9317,6.9317,6.9317,6.9317,6.9317,6.9317,6.9317,6.9317,6.9317,6.9317,6.9317,6.9317,6.9317,6.9317,6.9317,6.9317,6.9317,6.9317,6.9317,6.9317,6.9317,6.9317,6.9317,6.9317,6.9317,6.9317,6.9317,6.9317,6.9317,6.9317,6.9317,6.9317,6.9317,6.9317,6.9317,6.9317,6.9317,6.9317,6.9317,6.9317,6.9317,6.9317,6.9317,6.9317,6.9317,6.9317,6.9317,6.9317,6.9317,6.9317,6.9317,6.9317,6.9317,6.9317,6.9317,6.9317,6.9317,6.9317,6.9317,6.9317,6.9317,6.9317,6.9317,6.9317,6.9317,6.9317,6.9317,6.9317,6.9317,6.9317,6.9317,6.9317,6.9317,6.9317,6.9317,6.9317,6.9317,6.9317,6.9317,6.9317,6.9317,6.9317,6.9317,6.9317,6.9317,6.9317,6.9317,6.9317,6.9317,6.9317,6.9317,6.9317,6.9317,6.9317,6.9317,6.9317,6.9317,6.9317,6.9317,6.1350,6.0832,6.0280,5.9852,5.9780,5.9706,5.9634,5.9557,5.9484,5.9410,5.9334,5.9261,5.9188,5.9115,5.9040,5.8968,5.8899,5.8846,5.8790,5.8751,5.8739,5.8726,5.8714,5.8702,5.8690,5.8677,5.8665,5.8653,5.8640,5.8628,5.8616,5.8603,5.8591,5.8579,5.8567,5.8554,5.8544,5.8532,5.8520,5.8508,5.8495,5.8483,5.8471,5.8459,5.8473,5.8493,5.8514,5.8534,5.8552,5.8573,5.8593,5.8612,5.8632,5.8653,5.8671,5.8692,5.8710,5.8731,5.8751,5.8770,5.8790,5.8811,5.8829,5.8850,5.8871,5.8889,5.8910,5.8943,5.9017,5.9090,5.9165,5.9240,5.9318,5.9395,5.9473,5.9553,5.9631,5.9710,5.9789,5.9867,5.9949,6.0024,6.0099,6.0341,6.0795,6.1256,6.3479,6.3578,6.3674,6.3773,6.3870,6.3963,6.3999,6.4038,6.4072,6.4111,6.4153,6.4185,6.4227,6.4269,6.4308,6.4345,6.4387,6.4431,6.4473,6.4508,6.4555,6.4595,6.4632,6.4672,6.4719,6.4787,6.4847,6.4914,6.4985,6.5053,6.5121,6.5187,6.5250,6.5316,6.5390,6.5453,6.5527,6.5596,6.5666,6.5733,6.5802,6.5877,6.5942,6.6017,6.6082,6.6157,6.6225,6.6414,6.6632,6.6852,6.7074,6.7297,6.7524,6.7753,6.9317,6.9317,6.9317,6.9317,6.9317,6.9317,6.9317,6.9317,6.9317,6.9317,6.9317,6.9317,6.9317,6.9317,6.9317,6.9317,6.9317,6.9317,6.9317,6.9317,6.9317,6.9317,6.9317,6.9317,6.9317,6.9317,6.9317,6.9317,6.9317,6.9317,6.9317,6.9317,6.9317,6.9317,6.9317,6.9317,6.9317,6.9317,6.9317,6.9317,6.9317,6.9317,6.9317,6.9317,6.9317,6.9317,6.9317,6.9317,6.9317,6.9317,6.9317,6.9317,6.9317,6.9317,6.9317,6.9317,6.9317,6.9317,6.9317,6.9317,6.9317,6.9317,6.9317,6.9317,6.9317,6.9317,6.9317,6.9317,6.9317,6.9317,6.9317,6.9317,6.9317,6.9317,6.9317,6.9317,6.9317,6.9317,6.9317,6.9317,6.9317,6.9317,6.9317,6.9317,6.9317,6.9317,6.9317,6.9317,6.9317,6.9317,6.9317,6.9317,6.9317,6.9317,6.9317,6.9317,6.9317,6.9317,6.9317,6.9317,6.9317,6.9317,6.9317,6.9317,6.9317,6.9317,6.9317,6.9317,6.9317,6.9317,6.9317,6.9317,6.9317,6.9317,6.9317,6.9317,6.9317,6.9317,6.9317,6.9317,6.9317,6.9317,6.9317,6.9317,6.9317,6.9317,6.9317,6.9317,6.9317,6.9317,6.9317,6.9317,6.9317,6.9317,6.9317,6.9317,6.9317,6.9317,6.9317,6.9317,6.9317,6.9317,6.9317,6.9317,6.9317,6.9317,6.9317,6.9317,6.9317,6.9317,6.9317,6.9317,6.9317,6.9317,6.9317,6.9317,6.9317,6.9317,6.9317,6.9317,6.9317,6.9317,6.9317,6.9317,6.9317,6.9317,6.9317,6.9317,6.9317,6.9317,6.9317,6.9317,6.9317,6.9317,6.9317,6.9317,6.9317,6.9317,6.9317,6.9317,6.9317,6.9317,6.9317,6.9317,6.9317,6.9317,6.9317,6.9317,6.9317,6.9317,6.9317,6.9317,6.9317,6.9317,6.9317,6.9317,6.9317,6.9317,6.9317,6.9317,6.9317,6.9317,6.9317,6.9317,6.9317,6.9317,6.9317,6.9317,6.9317,6.9317,6.9317,6.9317,6.9317,6.9317,6.9317,6.9317,6.9317,6.9317,6.9317,6.9317,6.9317,6.9317,6.9317,6.9317,6.9317,6.9317,6.9317,6.9317,6.9317,6.9317,6.9317,6.9317,6.9317,6.9317,6.9317,6.9317,6.9317,6.9317,6.9317,6.9317,6.9317,6.9317,6.9317,6.9317,6.9317,6.9317,6.9317,6.9317,6.9317,6.9317,6.9317,6.9317,6.9317,6.9317,6.9317,6.9317,6.9317,6.9317,6.9317,6.9317,6.9317,6.9317,6.9317,6.9317,6.9317,6.9317,6.9317,6.9317,6.9317,6.9317,6.9317,6.9317,6.9317,6.9317,6.9317,6.9317,6.9317,6.9317,6.9317,6.9317,6.9317,6.9317,6.9317,6.9317,6.9317,6.9317,6.9317,6.9317,6.9317,6.9317,6.9317,6.9317,6.9317,6.9317,6.9317,6.9317,6.9317,6.9317,6.9317,6.9317,6.9317,6.9317,6.9317,6.9317,6.9317,6.9317,6.9317,6.9317,6.9317,6.9317,6.9317,6.9317,6.9317,6.9317,6.9317,6.9317,6.9317,6.9317,6.9317,6.9317,6.9317,6.9317,6.9317,6.9317,6.9317,6.9317,6.9317,6.9317,6.9317,6.9317,6.9317,6.9317,6.9317,6.9317,6.9317,6.9317,6.9317,6.9317,6.9317,6.9317,6.9317,6.9317,6.9317,6.9317,6.9317,6.9317,6.9317,6.9317,6.9317,6.9317,6.9317,6.9317,6.9317,6.9317,6.9317,6.9317,6.9317,6.9317,6.9317,6.9317,6.9317,6.9317,6.9317,6.9317,6.9317,6.9317,6.9317,6.9317,6.9317,6.9317,6.9317,6.9317,6.9317,6.9317,6.9317,6.9317,6.9317,6.9317,6.9317,6.9317,6.9317,6.9317,6.9317,6.9317,6.9317,6.9317,6.9317,6.9317,6.9317,6.9317,6.9317,6.9317,6.9317,6.9317,6.9317,6.9317,6.9317,6.9317,6.9317,6.9317,6.9317,6.9317,6.9317,6.9317,6.9317,6.9317,6.9317,6.9317,6.9317,6.9317,6.9317,6.9317,6.9317,6.9317,6.9317,6.9317,6.9317,6.9317,6.9317,6.9317,6.9317,6.9317,6.9317,6.9317,6.9317,6.9317,6.9317,6.9317,6.9317,6.9317,6.9317,6.9317,6.9317,6.9317,6.9317,6.9317,6.9317,6.9317,6.9317
6.9262,6.9262,6.9262,6.9262,6.9262,6.9262,6.9262,6.9262,6.9262,6.9262,6.9262,6.9262,6.9262,6.9262,6.9262,6.9262,6.9262,6.9262,6.9262,6.9262,6.9262,6.9262,6.9262,6.9262,6.9262,6.9262,6.9262,6.9262,6.9262,6.9262,6.9262,6.9262,6.9262,6.9262,6.9262,6.9262,6.9262,6.9262,6.9262,6.9262,6.9262,6.9262,6.9262,6.9262,6.9262,6.9262,6.9262,6.9262,6.9262,6.9262,6.9262,6.9262,6.9262,6.9262,6.9262,6.9262,6.9262,6.9262,6.9262,6.9262,6.9262,6.9262,6.9262,6.9262,6.9262,6.9262,6.9262,6.9262,6.9262,6.9262,6.9262,6.9262,6.9262,6.9262,6.9262,6.9262,6.9262,6.9262,6.9262,6.9262,6.9262,6.9262,6.9262,6.9262,6.9262,6.9262,6.9262,6.9262,6.9262,6.9262,6.9262,6.9262,6.9262,6.9262,6.9262,6.9262,6.9262,6.9262,6.9262,6.9262,6.9262,6.9262,6.9262,6.9262,6.9262,6.9262,6.9262,6.9262,6.9262,6.9262,6.9262,6.9262,6.9262,6.9262,6.9262,6.9262,6.9262,6.9262,6.9262,6.9262,6.9262,6.9262,6.9262,6.9262,6.9262,6.9262,6.9262,6.9262,6.9262,6.9262,6.9262,6.9262,6.9262,6.9262,6.9262,6.9262,6.9262,6.9262,6.9262,6.9262,6.9262,6.9262,6.9262,6.9262,6.9262,6.9262,6.9262,6.9262,6.9262,6.9262,6.9262,6.9262,6.9262,6.9262,6.9262,6.9262,6.9262,6.9262,6.9262,6.9262,6.9262,6.9262,6.9262,6.9262,6.9262,6.9262,6.9262,6.9262,6.9262,6.9262,6.9262,6.9262,6.9262,6.9262,6.9262,6.9262,6.9262,6.9262,6.9262,6.9262,6.9262,6.9262,6.9262,6.9262,6.9262,6.9262,6.9262,6.9262,6.9262,6.9262,6.9262,6.9262,6.9262,6.9262,6.9262,6.9262,6.9262,6.9262,6.9262,6.9262,6.9262,6.9262,6.9262,6.9262,6.9262,6.9262,6.9262,6.9262,6.9262,6.9262,6.9262,6.9262,6.9262,6.9262,6.9262,6.9262,6.9262,6.9262,6.9262,6.9262,6.9262,6.9262,6.9262,6.9262,6.9262,6.9262,6.9262,6.9262,6.9262,6.9262,6.9262,6.9262,6.9262,6.9262,6.9262,6.9262,6.9262,6.9262,6.9262,6.9262,6.9262,6.9262,6.9262,6.9262,6.9262,6.9262,6.9262,6.9262,6.9262,6.9262,6.9262,6.9262,6.9262,6.9262,6.9262,6.9262,6.9262,6.9262,6.9262,6.9262,6.9262,6.9262,6.9262,6.9262,6.9262,6.9262,6.9262,6.9262,6.9262,6.9262,6.9262,6.9262,6.9262,6.9262,6.9262,6.9262,6.9262,6.9262,6.9262,6.9262,6.9262,6.9262,6.9262,6.9262,6.9262,6.9262,6.9262,6.9262,6.9262,6.9262,6.9262,6.9262,6.9262,6.9262,6.9262,6.9262,6.9262,6.9262,6.9262,6.9262,6.9262,6.9262,6.9262,6.9262,6.9262,6.9262,6.9262,6.9262,6.9262,6.9262,6.9262,6.9262,6.9262,6.9262,6.9262,6.9262,6.9262,6.9262,6.9262,6.9262,6.9262,6.9262,6.9262,6.9262,6.9262,6.9262,6.9262,6.9262,6.9262,6.9262,6.9262,6.9262,6.9262,6.9262,6.9262,6.9262,6.9262,6.9262,6.9262,6.9262,6.9262,6.9262,6.9262,6.9262,6.9262,6.9262,6.9262,6.9262,6.9262,6.9262,6.9262,6.9262,6.9262,6.9262,6.9262,6.9262,6.9262,6.9262,6.9262,6.9262,6.9262,6.9262,6.9262,6.9262,6.9262,6.9262,6.9262,6.9262,6.9262,6.9262,6.9262,6.9262,6.9262,6.9262,6.9262,6.9262,6.9262,6.9262,6.9262,6.9262,6.9262,6.1424,6.0907,6.0373,5.9893,5.9820,5.9746,5.9672,5.9600,5.9524,5.9450,5.9376,5.9301,5.9228,5.9155,5.9082,5.9007,5.8935,5.8862,5.8792,5.8759,5.8747,5.8735,5.8722,5.8710,5.8698,5.8685,5.8673,5.8661,5.8649,5.8636,5.8624,5.8612,5.8599,5.8587,5.8575,5.8563,5.8550,5.8538,5.8526,5.8516,5.8503,5.8491,5.8479,5.8467,5.8485,5.8506,5.8526,5.8544,5.8565,5.8585,5.8603,5.8624,5.8644,5.8663,5.8683,5.8704,5.8722,5.8743,5.8761,5.8782,5.8803,5.8821,5.8842,5.8862,5.8881,5.8902,5.8922,5.8964,5.9036,5.9111,5.9190,5.9267,5.9345,5.9423,5.9503,5.9581,5.9659,5.9738,5.9816,5.9897,5.9974,6.0049,6.0127,6.0341,6.0797,6.1256,6.1722,6.3477,6.3575,6.3674,6.3771,6.3870,6.3950,6.3989,6.4028,6.4065,6.4097,6.4136,6.4173,6.4217,6.4259,6.4298,6.4340,6.4379,6.4416,6.4463,6.4498,6.4545,6.4580,6.4627,6.4702,6.4774,6.4844,6.4907,6.4977,6.5040,6.5108,6.5174,6.5247,6.5313,6.5377,6.5446,6.5520,6.5584,6.5653,6.5722,6.5792,6.5867,6.5931,6.6006,6.6077,6.6142,6.6293,6.6508,6.6733,6.6954,6.7176,6.7394,6.7625,6.9262,6.9262,6.9262,6.9262,6.9262,6.9262,6.9262,6.9262,6.9262,6.9262,6.9262,6.9262,6.9262,6.9262,6.9262,6.9262,6.9262,6.9262,6.9262,6.9262,6.9262,6.9262,6.9262,6.9262,6.9262,6.9262,6.9262,6.9262,6.9262,6.9262,6.9262,6.9262,6.9262,6.9262,6.9262,6.9262,6.9262,6.9262,6.9262,6.9262,6.9262,6.9262,6.9262,6.9262,6.9262,6.9262,6.9262,6.9262,6.9262,6.9262,6.9262,6.9262,6.9262,6.9262,6.9262,6.9262,6.9262,6.9262,6.9262,6.9262,6.9262,6.9262,6.9262,6.9262,6.9262,6.9262,6.9262,6.9262,6.9262,6.9262,6.9262,6.9262,6.9262,6.9262,6.9262,6.9262,6.9262,6.9262,6.9262,6.9262,6.9262,6.9262,6.9262,6.9262,6.9262,6.9262,6.9262,6.9262,6.9262,6.9262,6.9262,6.9262,6.9262,6.9262,6.9262,6.9262,6.9262,6.9262,6.9262,6.9262,6.9262,6.9262,6.9262,6.9262,6.9262,6.9262,6.9262,6.9262,6.9262,6.9262,6.9262,6.9262,6.9262,6.9262,6.9262,6.9262,6.9262,6.9262,6.9262,6.9262,6.9262,6.9262,6.9262,6.9262,6.9262,6.9262,6.9262,6.9262,6.9262,6.9262,6.9262,6.9262,6.9262,6.9262,6.9262,6.9262,6.9262,6.9262,6.9262,6.9262,6.9262,6.9262,6.9262,6.9262,6.9262,6.9262,6.9262,6.9262,6.9262,6.9262,6.9262,6.9262,6.9262,6.9262,6.9262,6.9262,6.9262,6.9262,6.9262,6.9262,6.9262,6.9262,6.9262,6.9262,6.9262,6.9262,6.9262,6.9262,6.9262,6.9262,6.9262,6.9262,6.9262,6.9262,6.9262,6.9262,6.9262,6.9262,6.9262,6.9262,6.9262,6.9262,6.9262,6.9262,6.9262,6.9262,6.9262,6.9262,6.9262,6.9262,6.9262,6.9262,6.9262,6.9262,6.9262,6.9262,6.9262,6.9262,6.9262,6.9262,6.9262,6.9262,6.9262,6.9262,6.9262,6.9262,6.9262,6.9262,6.9262,6.9262,6.9262,6.9262,6.9262,6.9262,6.9262,6.9262,6.9262,6.9262,6.9262,6.9262,6.9262,6.9262,6.9262,6.9262,6.9262,6.9262,6.9262,6.9262,6.9262,6.9262,6.9262,6.9262,6.9262,6.9262,6.9262,6.9262,6.9262,6.9262,6.9262,6.9262,6.9262,6.9262,6.9262,6.9262,6.9262,6.9262,6.9262,6.9262,6.9262,6.9262,6.9262,6.9262,6.9262,6.9262,6.9262,6.9262,6.9262,6.9262,6.9262,6.9262,6.9262,6.9262,6.9262,6.9262,6.9262,6.9262,6.9262,6.9262,6.9262,6.9262,6.9262,6.9262,6.9262,6.9262,6.9262,6.9262,6.9262,6.9262,6.9262,6.9262,6.9262,6.9262,6.9262,6.9262,6.9262,6.9262,6.9262,6.9262,6.9262,6.9262,6.9262,6.9262,6.9262,6.9262,6.9262,6.9262,6.9262,6.9262,6.9262,6.9262,6.9262,6.9262,6.9262,6.9262,6.9262,6.9262,6.9262,6.9262,6.9262,6.9262,6.9262,6.9262,6.9262,6.9262,6.9262,6.9262,6.9262,6.9262,6.9262,6.9262,6.9262,6.9262,6.9262,6.9262,6.9262,6.9262,6.9262,6.9262,6.9262,6.9262,6.9262,6.9262,6.9262,6.9262,6.9262,6.9262,6.9262,6.9262,6.9262,6.9262,6.9262,6.9262,6.9262,6.9262,6.9262,6.9262,6.9262,6.9262,6.9262,6.9262,6.9262,6.9262,6.9262,6.9262,6.9262,6.9262,6.9262,6.9262,6.9262,6.9262,6.9262,6.9262,6.9262,6.9262,6.9262,6.9262,6.9262,6.9262,6.9262,6.9262,6.9262,6.9262,6.9262,6.9262,6.9262,6.9262,6.9262,6.9262,6.9262,6.9262,6.9262,6.9262,6.9262,6.9262,6.9262,6.9262,6.9262,6.9262,6.9262,6.9262,6.9262,6.9262,6.9262,6.9262,6.9262,6.9262,6.9262,6.9262,6.9262,6.9262,6.9262,6.9262,6.9262,6.9262,6.9262,6.9262,6.9262,6.9262,6.9262,6.9262,6.9262,6.9262,6.9262,6.9262,6.9262,6.9262,6.9262,6.9262,6.9262,6.9262,6.9262,6.9262,6.9262,6.9262,6.9262,6.9262,6.9262,6.9262,6.9262,6.9262,6.9262,6.9262,6.9262,6.9262,6.9262,6.9262,6.9262,6.9262,6.9262,6.9262
6.9202,6.9202,6.9202,6.9202,6.9202,6.9202,6.9202,6.9202,6.9202,6.9202,6.9202,6.9202,6.9202,6.9202,6.9202,6.9202,6.9202,6.9202,6.9202,6.9202,6.9202,6.9202,6.9202,6.9202,6.9202,6.9202,6.9202,6.9202,6.9202,6.9202,6.9202,6.9202,6.9202,6.9202,6.9202,6.9202,6.9202,6.9202,6.9202,6.9202,6.9202,6.9202,6.9202,6.9202,6.9202,6.9202,6.9202,6.9202,6.9202,6.9202,6.9202,6.9202,6.9202,6.9202,6.9202,6.9202,6.9202,6.9202,6.9202,6.9202,6.9202,6.9202,6.9202,6.9202,6.9202,6.9202,6.9202,6.9202,6.9202,6.9202,6.9202,6.9202,6.9202,6.9202,6.9202,6.9202,6.9202,6.9202,6.9202,6.9202,6.9202,6.9202,6.9202,6.9202,6.9202,6.9202,6.9202,6.9202,6.9202,6.9202,6.9202,6.9202,6.9202,6.9202,6.9202,6.9202,6.9202,6.9202,6.9202,6.9202,6.9202,6.9202,6.9202,6.9202,6.9202,6.9202,6.9202,6.9202,6.9202,6.9202,6.9202,6.9202,6.9202,6.9202,6.9202,6.9202,6.9202,6.9202,6.9202,6.9202,6.9202,6.9202,6.9202,6.9202,6.9202,6.9202,6.9202,6.9202,6.9202,6.9202,6.9202,6.9202,6.9202,6.9202,6.9202,6.9202,6.9202,6.9202,6.9202,6.9202,6.9202,6.9202,6.9202,6.9202,6.9202,6.9202,6.9202,6.9202,6.9202,6.9202,6.9202,6.9202,6.9202,6.9202,6.9202,6.9202,6.9202,6.9202,6.9202,6.9202,6.9202,6.9202,6.9202,6.9202,6.9202,6.9202,6.9202,6.9202,6.9202,6.9202,6.9202,6.9202,6.9202,6.9202,6.9202,6.9202,6.9202,6.9202,6.9202,6.9202,6.9202,6.9202,6.9202,6.9202,6.9202,6.9202,6.9202,6.9202,6.9202,6.9202,6.9202,6.9202,6.9202,6.9202,6.9202,6.9202,6.9202,6.9202,6.9202,6.9202,6.9202,6.9202,6.9202,6.9202,6.9202,6.9202,6.9202,6.9202,6.9202,6.9202,6.9202,6.9202,6.9202,6.9202,6.9202,6.9202,6.9202,6.9202,6.9202,6.9202,6.9202,6.9202,6.9202,6.9202,6.9202,6.9202,6.9202,6.9202,6.9202,6.9202,6.9202,6.9202,6.9202,6.9202,6.9202,6.9202,6.9202,6.9202,6.9202,6.9202,6.9202,6.9202,6.9202,6.9202,6.9202,6.9202,6.9202,6.9202,6.9202,6.9202,6.9202,6.9202,6.9202,6.9202,6.9202,6.9202,6.9202,6.9202,6.9202,6.9202,6.9202,6.9202,6.9202,6.9202,6.9202,6.9202,6.9202,6.9202,6.9202,6.9202,6.9202,6.9202,6.9202,6.9202,6.9202,6.9202,6.9202,6.9202,6.9202,6.9202,6.9202,6.9202,6.9202,6.9202,6.9202,6.9202,6.9202,6.9202,6.9202,6.9202,6.9202,6.9202,6.9202,6.9202,6.9202,6.9202,6.9202,6.9202,6.9202,6.9202,6.9202,6.9202,6.9202,6.9202,6.9202,6.9202,6.9202,6.9202,6.9202,6.9202,6.9202,6.9202,6.9202,6.9202,6.9202,6.9202,6.9202,6.9202,6.9202,6.9202,6.9202,6.9202,6.9202,6.9202,6.9202,6.9202,6.9202,6.9202,6.9202,6.9202,6.9202,6.9202,6.9202,6.9202,6.9202,6.9202,6.9202,6.9202,6.9202,6.9202,6.9202,6.9202,6.9202,6.9202,6.9202,6.9202,6.9202,6.9202,6.9202,6.9202,6.9202,6.9202,6.9202,6.9202,6.9202,6.9202,6.9202,6.9202,6.9202,6.9202,6.9202,6.9202,6.9202,6.9202,6.9202,6.9202,6.9202,6.9202,6.9202,6.9202,6.9202,6.9202,6.9202,6.9202,6.9202,6.9202,6.9202,6.9202,6.9202,6.9202,6.9202,6.1501,6.0987,6.0464,5.9934,5.9859,5.9786,5.9712,5.9640,5.9566,5.9490,5.9416,5.9343,5.9267,5.9194,5.9121,5.9049,5.8974,5.8902,5.8829,5.8782,5.8768,5.8751,5.8735,5.8720,5.8706,5.8694,5.8681,5.8669,5.8657,5.8644,5.8632,5.8620,5.8608,5.8595,5.8583,5.8571,5.8559,5.8546,5.8534,5.8522,5.8510,5.8497,5.8485,5.8477,5.8497,5.8518,5.8536,5.8556,5.8577,5.8595,5.8616,5.8636,5.8655,5.8675,5.8696,5.8714,5.8735,5.8755,5.8774,5.8794,5.8813,5.8833,5.8854,5.8873,5.8893,5.8914,5.8935,5.8984,5.9061,5.9140,5.9217,5.9295,5.9372,5.9450,5.9530,5.9608,5.9687,5.9765,5.9846,5.9925,6.0004,6.0077,6.0153,6.0341,6.0802,6.1261,6.1720,6.3371,6.3474,6.3575,6.3672,6.3771,6.3868,6.3938,6.3972,6.4014,6.4050,6.4089,6.4124,6.4168,6.4207,6.4249,6.4288,6.4330,6.4370,6.4407,6.4451,6.4488,6.4535,6.4612,6.4694,6.4767,6.4832,6.4899,6.4965,6.5038,6.5106,6.5166,6.5240,6.5306,6.5367,6.5435,6.5504,6.5579,6.5648,6.5712,6.5787,6.5856,6.5921,6.5996,6.6066,6.6165,6.6390,6.6609,6.6823,6.7050,6.7267,6.7497,6.7718,6.9202,6.9202,6.9202,6.9202,6.9202,6.9202,6.9202,6.9202,6.9202,6.9202,6.9202,6.9202,6.9202,6.9202,6.9202,6.9202,6.9202,6.9202,6.9202,6.9202,6.9202,6.9202,6.9202,6.9202,6.9202,6.9202,6.9202,6.9202,6.9202,6.9202,6.9202,6.9202,6.9202,6.9202,6.9202,6.9202,6.9202,6.9202,6.9202,6.9202,6.9202,6.9202,6.9202,6.9202,6.9202,6.9202,6.9202,6.9202,6.9202,6.9202,6.9202,6.9202,6.9202,6.9202,6.9202,6.9202,6.9202,6.9202,6.9202,6.9202,6.9202,6.9202,6.9202,6.9202,6.9202,6.9202,6.9202,6.9202,6.9202,6.9202,6.9202,6.9202,6.9202,6.9202,6.9202,6.9202,6.9202,6.9202,6.9202,6.9202,6.9202,6.9202,6.9202,6.9202,6.9202,6.9202,6.9202,6.9202,6.9202,6.9202,6.9202,6.9202,6.9202,6.9202,6.9202,6.9202,6.9202,6.9202,6.9202,6.9202,6.9202,6.9202,6.9202,6.9202,6.9202,6.9202,6.9202,6.9202,6.9202,6.9202,6.9202,6.9202,6.9202,6.9202,6.9202,6.9202,6.9202,6.9208,6.9208,6.9208,6.9208,6.9208,6.9208,6.9208,6.9208,6.9208,6.9208,6.9208,6.9208,6.9208,6.9208,6.9208,6.9208,6.9208,6.9208,6.9208,6.9208,6.9208,6.9208,6.9208,6.9208,6.9208,6.9208,6.9208,6.9208,6.9208,6.9208,6.9208,6.9208,6.9208,6.9208,6.9208,6.9208,6.9208,6.9208,6.9208,6.9208,6.9208,6.9208,6.9208,6.9208,6.9208,6.9208,6.9208,6.9208,6.9208,6.9208,6.9208,6.9208,6.9208,6.9208,6.9208,6.9208,6.9208,6.9208,6.9208,6.9208,6.9208,6.9208,6.9208,6.9208,6.9208,6.9208,6.9208,6.9208,6.9208,6.9208,6.9208,6.9208,6.9208,6.9208,6.9208,6.9208,6.9208,6.9208,6.9208,6.9208,6.9208,6.9208,6.9208,6.9208,6.9208,6.9208,6.9208,6.9208,6.9208,6.9208,6.9208,6.9208,6.9208,6.9208,6.9208,6.9208,6.9208,6.9208,6.9208,6.9208,6.9208,6.9208,6.9208,6.9208,6.9208,6.9208,6.9208,6.9208,6.9208,6.9208,6.9208,6.9208,6.9208,6.9208,6.9208,6.9208,6.9208,6.9208,6.9208,6.9208,6.9208,6.9208,6.9208,6.9208,6.9208,6.9208,6.9208,6.9208,6.9208,6.9208,6.9208,6.9208,6.9208,6.9208,6.9208,6.9208,6.9208,6.9208,6.9208,6.9208,6.9208,6.9208,6.9208,6.9208,6.9208,6.9208,6.9208,6.9208,6.9208,6.9208,6.9208,6.9208,6.9208,6.9208,6.9208,6.9208,6.9208,6.9208,6.9208,6.9208,6.9208,6.9208,6.9208,6.9208,6.9208,6.9208,6.9208,6.9208,6.9208,6.9208,6.9208,6.9208,6.9208,6.9208,6.9208,6.9208,6.9208,6.9208,6.9208,6.9208,6.9208,6.9208,6.9208,6.9208,6.9208,6.9208,6.9208,6.9208,6.9208,6.9208,6.9208,6.9208,6.9208,6.9208,6.9208,6.9208,6.9208,6.9208,6.9208,6.9208,6.9208,6.9208,6.9208,6.9208,6.9208,6.9208,6.9208,6.9208,6.9208,6.9208,6.9208,6.9208,6.9208,6.9208,6.9208,6.9208,6.9208,6.9208,6.9208,6.9208,6.9208,6.9208,6.9208,6.9208,6.9208,6.9208,6.9208,6.9208,6.9208,6.9208,6.9208,6.9208,6.9208,6.9208,6.9208,6.9208,6.9208,6.9208,6.9208,6.9208,6.9208,6.9208,6.9208,6.9208,6.9208,6.9208,6.9208,6.9208,6.9208,6.9208,6.9208,6.9208,6.9208,6.9208,6.9208,6.9208,6.9208,6.9208,6.9208,6.9208,6.9208,6.9208,6.9208,6.9208,6.9208,6.9208,6.9208,6.9208,6.9208,6.9208,6.9208,6.9208,6.9208,6.9208,6.9208,6.9208,6.9208,6.9208,6.9208,6.9208,6.9208,6.9208,6.9208,6.9208,6.9208,6.9208,6.9208,6.9208,6.9208,6.9208,6.9208,6.9208,6.9208,6.9208,6.9208,6.9208,6.9208,6.9208,6.9208,6.9208,6.9208,6.9208,6.9208,6.9208,6.9208,6.9208,6.9208,6.9208,6.9208,6.9208,6.9208,6.9208,6.9208,6.9208,6.9208,6.9208,6.9208,6.9208,6.9208,6.9208,6.9208,6.9208,6.9208
6.9154,6.9154,6.9154,6.9154,6.9154,6.9154,6.9154,6.9154,6.9154,6.9154,6.9154,6.9154,6.9154,6.9154,6.9154,6.9154,6.9154,6.9154,6.9154,6.9154,6.9154,6.9154,6.9154,6.9154,6.9154,6.9154,6.9154,6.9154,6.9154,6.9154,6.9154,6.9154,6.9154,6.9154,6.9154,6.9154,6.9154,6.9154,6.9154,6.9154,6.9154,6.9154,6.9154,6.9154,6.9154,6.9154,6.9154,6.9154,6.9154,6.9154,6.9154,6.9154,6.9154,6.9154,6.9154,6.9154,6.9154,6.9154,6.9154,6.9154,6.9154,6.9154,6.9154,6.9154,6.9154,6.9154,6.9154,6.9154,6.9154,6.9154,6.9154,6.9154,6.9154,6.9154,6.9154,6.9154,6.9154,6.9154,6.9154,6.9154,6.9154,6.9154,6.9154,6.9154,6.9154,6.9154,6.9154,6.9154,6.9154,6.9154,6.9154,6.9154,6.9154,6.9154,6.9154,6.9154,6.9154,6.9154,6.9154,6.9154,6.9154,6.9154,6.9154,6.9154,6.9154,6.9154,6.9154,6.9154,6.9154,6.9154,6.9154,6.9154,6.9154,6.9154,6.9154,6.9154,6.9154,6.9154,6.9154,6.9154,6.9154,6.9154,6.9154,6.9154,6.9154,6.9154,6.9154,6.9154,6.9154,6.9154,6.9154,6.9154,6.9154,6.9154,6.9154,6.9154,6.9154,6.9154,6.9154,6.9154,6.9154,6.9154,6.9154,6.9154,6.9154,6.9154,6.9154,6.9154,6.9154,6.9154,6.9154,6.9154,6.9154,6.9154,6.9154,6.9154,6.9154,6.9154,6.9154,6.9154,6.9154,6.9154,6.9154,6.9154,6.9154,6.9154,6.9154,6.9154,6.9154,6.9154,6.9154,6.9154,6.9154,6.9154,6.9154,6.9154,6.9154,6.9154,6.9154,6.9154,6.9154,6.9154,6.9154,6.9154,6.9154,6.9154,6.9154,6.9154,6.9154,6.9154,6.9154,6.9154,6.9154,6.9154,6.9154,6.9154,6.9154,6.9154,6.9154,6.9154,6.9154,6.9154,6.9154,6.9154,6.9154,6.9154,6.9154,6.9154,6.9154,6.9154,6.9154,6.9154,6.9154,6.9154,6.9154,6.9154,6.9154,6.9154,6.9154,6.9154,6.9154,6.9154,6.9154,6.9154,6.9154,6.9154,6.9154,6.9154,6.9154,6.9154,6.9154,6.9154,6.9154,6.9154,6.9154,6.9154,6.9154,6.9154,6.9154,6.9154,6.9154,6.9154,6.9154,6.9154,6.9154,6.9154,6.9154,6.9154,6.9154,6.9154,6.9154,6.9154,6.9154,6.9154,6.9154,6.9154,6.9154,6.9154,6.9154,6.9154,6.9154,6.9154,6.9154,6.9154,6.9154,6.9154,6.9154,6.9154,6.9154,6.9154,6.9154,6.9154,6.9154,6.9154,6.9154,6.9154,6.9154,6.9154,6.9154,6.9154,6.9154,6.9154,6.9154,6.9154,6.9154,6.9154,6.9154,6.9154,6.9154,6.9154,6.9154,6.9154,6.9154,6.9154,6.9154,6.9154,6.9154,6.9154,6.9154,6.9154,6.9154,6.9154,6.9154,6.9154,6.9154,6.9154,6.9154,6.9154,6.9154,6.9154,6.9154,6.9154,6.9154,6.9154,6.9154,6.9154,6.9154,6.9154,6.9154,6.9154,6.9154,6.9154,6.9154,6.9154,6.9154,6.9154,6.9154,6.9154,6.9154,6.9154,6.9154,6.9154,6.9154,6.9154,6.9154,6.9154,6.9154,6.9154,6.9154,6.9154,6.9154,6.9154,6.9154,6.9154,6.9154,6.9154,6.9154,6.9154,6.9154,6.9154,6.9154,6.9154,6.9154,6.9154,6.9154,6.9154,6.9154,6.9154,6.9154,6.9154,6.9154,6.9154,6.9154,6.9154,6.9154,6.9154,6.9154,6.9154,6.9154,6.9154,6.9154,6.9154,6.9154,6.9154,6.9154,6.9154,6.9154,6.9154,6.9154,6.9154,6.9154,6.9154,6.1074,6.0558,6.0013,5.9899,5.9827,5.9752,5.9680,5.9606,5.9532,5.9456,5.9383,5.9309,5.9234,5.9161,5.9088,5.9015,5.8941,5.8868,5.8817,5.8800,5.8786,5.8770,5.8755,5.8739,5.8722,5.8708,5.8692,5.8677,5.8661,5.8644,5.8630,5.8616,5.8603,5.8591,5.8579,5.8567,5.8554,5.8542,5.8530,5.8518,5.8506,5.8493,5.8489,5.8510,5.8528,5.8548,5.8569,5.8587,5.8608,5.8628,5.8646,5.8667,5.8687,5.8706,5.8726,5.8747,5.8768,5.8790,5.8813,5.8833,5.8856,5.8879,5.8899,5.8922,5.8945,5.8968,5.9013,5.9088,5.9167,5.9244,5.9322,5.9399,5.9479,5.9557,5.9636,5.9714,5.9793,5.9874,5.9953,6.0028,6.0103,6.0178,6.0341,6.0804,6.1263,6.1720,6.3266,6.3369,6.3472,6.3573,6.3672,6.3768,6.3868,6.3926,6.3963,6.3999,6.4036,6.4072,6.4111,6.4156,6.4192,6.4239,6.4278,6.4315,6.4360,6.4397,6.4441,6.4515,6.4595,6.4682,6.4762,6.4824,6.4892,6.4960,6.5030,6.5093,6.5164,6.5227,6.5298,6.5359,6.5430,6.5494,6.5563,6.5637,6.5707,6.5779,6.5849,6.5913,6.5988,6.6053,6.6264,6.6485,6.6704,6.6919,6.7146,6.7370,6.7595,6.9154,6.9154,6.9154,6.9154,6.9154,6.9154,6.9154,6.9154,6.9154,6.9154,6.9154,6.9154,6.9154,6.9154,6.9154,6.9154,6.9154,6.9154,6.9154,6.9154,6.9154,6.9154,6.9154,6.9154,6.9154,6.9154,6.9154,6.9154,6.9154,6.9154,6.9154,6.9154,6.9154,6.9154,6.9154,6.9154,6.9154,6.9154,6.9154,6.9154,6.9154,6.9154,6.9154,6.9154,6.9154,6.9154,6.9154,6.9154,6.9154,6.9154,6.9154,6.9154,6.9154,6.9154,6.9154,6.9154,6.9154,6.9154,6.9154,6.9154,6.9154,6.9154,6.9154,6.9154,6.9154,6.9154,6.9154,6.9154,6.9154,6.9154,6.9154,6.9154,6.9154,6.9154,6.9154,6.9154,6.9154,6.9154,6.9154,6.9154,6.9154,6.9154,6.9154,6.9154,6.9154,6.9154,6.9154,6.9154,6.9154,6.9154,6.9154,6.9154,6.9154,6.9154,6.9154,6.9154,6.9154,6.9154,6.9154,6.9154,6.9154,6.9154,6.9154,6.9154,6.9154,6.9154,6.9154,6.9154,6.9154,6.9154,6.9154,6.9154,6.9154,6.9154,6.9154,6.9154,6.9154,6.9154,6.9154,6.9154,6.9154,6.9154,6.9154,6.9154,6.9154,6.9154,6.9154,6.9154,6.9154,6.9154,6.9154,6.9154,6.9154,6.9154,6.9154,6.9154,6.9154,6.9154,6.9154,6.9154,6.9154,6.9154,6.9154,6.9154,6.9154,6.9154,6.9154,6.9154,6.9154,6.9154,6.9154,6.9154,6.9154,6.9154,6.9154,6.9154,6.9154,6.9154,6.9154,6.9154,6.9154,6.9154,6.9154,6.9154,6.9154,6.9154,6.9154,6.9154,6.9154,6.9154,6.9154,6.9154,6.9154,6.9154,6.9154,6.9154,6.9154,6.9154,6.9154,6.9154,6.9154,6.9154,6.9154,6.9154,6.9154,6.9154,6.9154,6.9154,6.9154,6.9154,6.9154,6.9154,6.9154,6.9154,6.9154,6.9154,6.9154,6.9154,6.9154,6.9154,6.9154,6.9154,6.9154,6.9154,6.9154,6.9154,6.9154,6.9154,6.9154,6.9154,6.9154,6.9154,6.9154,6.9154,6.9154,6.9154,6.9154,6.9154,6.9154,6.9154,6.9154,6.9154,6.9154,6.9154,6.9154,6.9154,6.9154,6.9154,6.9154,6.9154,6.9154,6.9154,6.9154,6.9154,6.9154,6.9154,6.9154,6.9154,6.9154,6.9154,6.9154,6.9154,6.9154,6.9154,6.9154,6.9154,6.9154,6.9154,6.9154,6.9154,6.9154,6.9154,6.9154,6.9154,6.9154,6.9154,6.9154,6.9154,6.9154,6.9154,6.9154,6.9154,6.9154,6.9154,6.9154,6.9154,6.9154,6.9154,6.9154,6.9154,6.9154,6.9154,6.9154,6.9154,6.9154,6.9154,6.9154,6.9154,6.9154,6.9154,6.9154,6.9154,6.9154,6.9154,6.9154,6.9154,6.9154,6.9154,6.9154,6.9154,6.9154,6.9154,6.9154,6.9154,6.9154,6.9154,6.9154,6.9154,6.9154,6.9154,6.9154,6.9154,6.9154,6.9154,6.9154,6.9154,6.9154,6.9154,6.9154,6.9154,6.9154,6.9154,6.9154,6.9154,6.9154,6.9154,6.9154,6.9154,6.9154,6.9154,6.9154,6.9154,6.9154,6.9154,6.9154,6.9154,6.9154,6.9154,6.9154,6.9154,6.9154,6.9154,6.9154,6.9154,6.9154,6.9154,6.9154,6.9154,6.9154,6.9154,6.9154,6.9154,6.9154,6.9154,6.9154,6.9154,6.9154,6.9154,6.9154,6.9154,6.9154,6.9154,6.9154,6.9154,6.9154,6.9154,6.9154,6.9154,6.9154,6.9154,6.9154,6.9154,6.9154,6.9154,6.9154,6.9154,6.9154,6.9154,6.9154,6.9154,6.9154,6.9154,6.9154,6.9154,6.9154,6.9154,6.9154,6.9154,6.9154,6.9154,6.9154,6.9154,6.9154,6.9154,6.9154,6.9154,6.9154,6.9154,6.9154,6.9154,6.9154,6.9154,6.9154,6.9154,6.9154,6.9154,6.9154,6.9154,6.9154,6.9154,6.9154,6.9154,6.9154,6.9154,6.9154,6.9154,6.9154,6.9154,6.9154,6.9154,6.9154,6.9154,6.9154,6.9154,6.9154,6.9154,6.9154,6.9154,6.9154,6.9154,6.9154,6.9154,6.9154,6.9154,6.9154,6.9154,6.9154,6.9154,6.9154,6.9154,6.9154,6.9154,6.9154,6.9154,6.9154,6.9154,6.9154,6.9154,6.9154,6.9154,6.9154
6.9103,6.9103,6.9103,6.9103,6.9103,6.9103,6.9103,6.9103,6.9103,6.9103,6.9103,6.9103,6.9103,6.9103,6.9103,6.9103,6.9103,6.9103,6.9103,6.9103,6.9103,6.9103,6.9103,6.9103,6.9103,6.9103,6.9103,6.9103,6.9103,6.9103,6.9103,6.9103,6.9103,6.9103,6.9103,6.9103,6.9103,6.9103,6.9103,6.9103,6.9103,6.9103,6.9103,6.9103,6.9103,6.9103,6.9103,6.9103,6.9103,6.9103,6.9103,6.9103,6.9103,6.9103,6.9103,6.9103,6.9103,6.9103,6.9103,6.9103,6.9103,6.9103,6.9103,6.9103,6.9103,6.9103,6.9103,6.9103,6.9103,6.9103,6.9103,6.9103,6.9103,6.9103,6.9103,6.9103,6.9103,6.9103,6.9103,6.9103,6.9103,6.9103,6.9103,6.9103,6.9103,6.9103,6.9103,6.9103,6.9103,6.9103,6.9103,6.9103,6.9103,6.9103,6.9103,6.9103,6.9103,6.9103,6.9103,6.9103,6.9103,6.9103,6.9103,6.9103,6.9103,6.9103,6.9103,6.9103,6.9103,6.9103,6.9103,6.9103,6.9103,6.9103,6.9103,6.9103,6.9103,6.9103,6.9103,6.9103,6.9103,6.9103,6.9103,6.9103,6.9103,6.9103,6.9103,6.9103,6.9103,6.9103,6.9103,6.9103,6.9103,6.9103,6.9103,6.9103,6.9103,6.9103,6.9103,6.9103,6.9103,6.9103,6.9103,6.9103,6.9103,6.9103,6.9103,6.9103,6.9103,6.9103,6.9103,6.9103,6.9103,6.9103,6.9103,6.9103,6.9103,6.9103,6.9103,6.9103,6.9103,6.9103,6.9103,6.9103,6.9103,6.9103,6.9103,6.9103,6.9103,6.9103,6.9103,6.9103,6.9103,6.9103,6.9103,6.9103,6.9103,6.9103,6.9103,6.9103,6.9103,6.9103,6.9103,6.9103,6.9103,6.9103,6.9103,6.9103,6.9103,6.9103,6.9103,6.9103,6.9103,6.9103,6.9103,6.9103,6.9103,6.9103,6.9103,6.9103,6.9103,6.9103,6.9103,6.9103,6.9103,6.9103,6.9103,6.9103,6.9103,6.9103,6.9103,6.9103,6.9103,6.9103,6.9103,6.9103,6.9103,6.9103,6.9103,6.9103,6.9103,6.9103,6.9103,6.9103,6.9103,6.9103,6.9103,6.9103,6.9103,6.9103,6.9103,6.9103,6.9103,6.9103,6.9103,6.9103,6.9103,6.9103,6.9103,6.9103,6.9103,6.9103,6.9103,6.9103,6.9103,6.9103,6.9103,6.9103,6.9103,6.9103,6.9103,6.9103,6.9103,6.9103,6.9103,6.9103,6.9103,6.9103,6.9103,6.9103,6.9103,6.9103,6.9103,6.9103,6.9103,6.9103,6.9103,6.9103,6.9103,6.9103,6.9103,6.9103,6.9103,6.9103,6.9103,6.9103,6.9103,6.9103,6.9103,6.9103,6.9103,6.9103,6.9103,6.9103,6.9103,6.9103,6.9103,6.9103,6.9103,6.9103,6.9103,6.9103,6.9103,6.9103,6.9103,6.9103,6.9103,6.9103,6.9103,6.9103,6.9103,6.9103,6.9103,6.9103,6.9103,6.9103,6.9103,6.9103,6.9103,6.9103,6.9103,6.9103,6.9103,6.9103,6.9103,6.9103,6.9103,6.9103,6.9103,6.9103,6.9103,6.9103,6.9103,6.9103,6.9103,6.9103,6.9103,6.9103,6.9103,6.9103,6.9103,6.9103,6.9103,6.9103,6.9103,6.9103,6.9103,6.9103,6.9103,6.9103,6.9103,6.9103,6.9103,6.9103,6.9103,6.9103,6.9103,6.9103,6.9103,6.9103,6.9103,6.9103,6.9103,6.9103,6.9103,6.9103,6.9103,6.9103,6.9103,6.9103,6.9103,6.9103,6.9103,6.9103,6.9103,6.9103,6.9103,6.9103,6.9103,6.9103,6.9103,6.9103,6.9103,6.9103,6.9103,6.9103,6.9103,6.9103,6.9103,6.9103,6.9103,6.9103,6.1158,6.0654,6.0101,5.9940,5.9867,5.9793,5.9718,5.9646,5.9572,5.9498,5.9423,5.9349,5.9276,5.9201,5.9128,5.9055,5.8982,5.8910,5.8850,5.8835,5.8821,5.8805,5.8788,5.8774,5.8757,5.8743,5.8726,5.8710,5.8696,5.8679,5.8665,5.8649,5.8632,5.8618,5.8601,5.8587,5.8571,5.8554,5.8540,5.8526,5.8514,5.8501,5.8501,5.8520,5.8540,5.8561,5.8581,5.8603,5.8624,5.8646,5.8669,5.8690,5.8712,5.8733,5.8755,5.8778,5.8798,5.8821,5.8844,5.8864,5.8887,5.8910,5.8930,5.8953,5.8976,5.8999,5.9040,5.9117,5.9194,5.9272,5.9349,5.9427,5.9507,5.9585,5.9663,5.9742,5.9823,5.9902,5.9979,6.0054,6.0129,6.0207,6.0341,6.0808,6.1267,6.1725,6.3164,6.3264,6.3369,6.3469,6.3573,6.3669,6.3768,6.3865,6.3914,6.3950,6.3989,6.4026,6.4065,6.4107,6.4146,6.4183,6.4222,6.4264,6.4310,6.4350,6.4416,6.4503,6.4585,6.4662,6.4744,6.4817,6.4884,6.4957,6.5022,6.5091,6.5156,6.5224,6.5290,6.5351,6.5418,6.5486,6.5561,6.5630,6.5694,6.5763,6.5833,6.5908,6.5978,6.6144,6.6364,6.6579,6.6797,6.7018,6.7241,6.7470,6.9103,6.9103,6.9103,6.9103,6.9103,6.9103,6.9103,6.9103,6.9103,6.9103,6.9103,6.9103,6.9103,6.9103,6.9103,6.9103,6.9103,6.9103,6.9103,6.9103,6.9103,6.9103,6.9103,6.9103,6.9103,6.9103,6.9103,6.9103,6.9103,6.9103,6.9103,6.9103,6.9103,6.9103,6.9103,6.9103,6.9103,6.9103,6.9103,6.9103,6.9103,6.9103,6.9103,6.9103,6.9103,6.9103,6.9103,6.9103,6.9103,6.9103,6.9103,6.9103,6.9103,6.9103,6.9103,6.9103,6.9103,6.9103,6.9103,6.9103,6.9103,6.9103,6.9103,6.9103,6.9103,6.9103,6.9103,6.9103,6.9103,6.9103,6.9103,6.9103,6.9103,6.9103,6.9103,6.9103,6.9103,6.9103,6.9103,6.9103,6.9103,6.9103,6.9103,6.9103,6.9103,6.9103,6.9103,6.9103,6.9103,6.9103,6.9103,6.9103,6.9103,6.9103,6.9103,6.9103,6.9103,6.9103,6.9103,6.9103,6.9103,6.9103,6.9103,6.9103,6.9103,6.9103,6.9103,6.9103,6.9103,6.9103,6.9103,6.9103,6.9103,6.9103,6.9103,6.9103,6.9103,6.9103,6.9103,6.9103,6.9103,6.9103,6.9103,6.9103,6.9103,6.9103,6.9103,6.9103,6.9103,6.9103,6.9103,6.9103,6.9103,6.9103,6.9103,6.9103,6.9103,6.9103,6.9103,6.9103,6.9103,6.9103,6.9103,6.9103,6.9103,6.9103,6.9103,6.9103,6.9103,6.9103,6.9103,6.9103,6.9103,6.9103,6.9103,6.9103,6.9103,6.9103,6.9103,6.9103,6.9103,6.9103,6.9103,6.9103,6.9103,6.9103,6.9103,6.9103,6.9103,6.9103,6.9103,6.9103,6.9103,6.9103,6.9103,6.9103,6.9103,6.9103,6.9103,6.9103,6.9103,6.9103,6.9103,6.9103,6.9103,6.9103,6.9103,6.9103,6.9103,6.9103,6.9103,6.9103,6.9103,6.9103,6.9103,6.9103,6.9103,6.9103,6.9103,6.9103,6.9103,6.9103,6.9103,6.9103,6.9103,6.9103,6.9103,6.9103,6.9103,6.9103,6.9103,6.9103,6.9103,6.9103,6.9103,6.9103,6.9103,6.9103,6.9103,6.9103,6.9103,6.9103,6.9103,6.9103,6.9103,6.9103,6.9103,6.9103,6.9103,6.9103,6.9103,6.9103,6.9103,6.9103,6.9103,6.9103,6.9103,6.9103,6.9103,6.9103,6.9103,6.9103,6.9103,6.9103,6.9103,6.9103,6.9103,6.9103,6.9103,6.9103,6.9103,6.9103,6.9103,6.9103,6.9103,6.9103,6.9103,6.9103,6.9103,6.9103,6.9103,6.9103,6.9103,6.9103,6.9103,6.9103,6.9103,6.9103,6.9103,6.9103,6.9103,6.9103,6.9103,6.9103,6.9103,6.9103,6.9103,6.9103,6.9103,6.9103,6.9103,6.9103,6.9103,6.9103,6.9103,6.9103,6.9103,6.9103,6.9103,6.9103,6.9103,6.9103,6.9103,6.9103,6.9103,6.9103,6.9103,6.9103,6.9103,6.9103,6.9103,6.9103,6.9103,6.9103,6.9103,6.9103,6.9103,6.9103,6.9103,6.9103,6.9103,6.9103,6.9103,6.9103,6.9103,6.9103,6.9103,6.9103,6.9103,6.9103,6.9103,6.9103,6.9103,6.9103,6.9103,6.9103,6.9103,6.9103,6.9103,6.9103,6.9103,6.9103,6.9103,6.9103,6.9103,6.9103,6.9103,6.9103,6.9103,6.9103,6.9103,6.9103,6.9103,6.9103,6.9103,6.9103,6.9103,6.9103,6.9103,6.9103,6.9103,6.9103,6.9103,6.9103,6.9103,6.9103,6.9103,6.9103,6.9103,6.9103,6.9103,6.9103,6.9103,6.9103,6.9103,6.9103,6.9103,6.9103,6.9103,6.9103,6.9103,6.9103,6.9103,6.9103,6.9103,6.9103,6.9103,6.9103,6.9103,6.9103,6.9103,6.9103,6.9103,6.9103,6.9103,6.9103,6.9103,6.9103,6.9103,6.9103,6.9103,6.9103,6.9103,6.9103,6.9103,6.9103,6.9103,6.9103,6.9103,6.9103,6.9103,6.9103,6.9103,6.9103,6.9103,6.9103,6.9103,6.9103,6.9103,6.9103,6.9103,6.9103,6.9103,6.9103,6.9103,6.9103,6.9103,6.9103,6.9103,6.9103,6.9103,6.9103,6.9103,6.9103,6.9103,6.9103,6.9103,6.9103,6.9103,6.9103,6.9103,6.9103,6.9103,6.9103,6.9103,6.9103,6.9103,6.9103,6.9103,6.9103,6.9103,6.9103
6.9049,6.9049,6.9049,6.9049,6.9049,6.9049,6.9049,6.9049,6.9049,6.9049,6.9049,6.9049,6.9049,6.9049,6.9049,6.9049,6.9049,6.9049,6.9049,6.9049,6.9049,6.9049,6.9049,6.9049,6.9049,6.9049,6.9049,6.9049,6.9049,6.9049,6.9049,6.9049,6.9049,6.9049,6.9049,6.9049,6.9049,6.9049,6.9049,6.9049,6.9049,6.9049,6.9049,6.9049,6.9049,6.9049,6.9049,6.9049,6.9049,6.9049,6.9049,6.9049,6.9049,6.9049,6.9049,6.9049,6.9049,6.9049,6.9049,6.9049,6.9049,6.9049,6.9049,6.9049,6.9049,6.9049,6.9049,6.9049,6.9049,6.9049,6.9049,6.9049,6.9049,6.9049,6.9049,6.9049,6.9049,6.9049,6.9049,6.9049,6.9049,6.9049,6.9049,6.9049,6.9049,6.9049,6.9049,6.9049,6.9049,6.9049,6.9049,6.9049,6.9049,6.9049,6.9049,6.9049,6.9049,6.9049,6.9049,6.9049,6.9049,6.9049,6.9049,6.9049,6.9049,6.9049,6.9049,6.9049,6.9049,6.9049,6.9049,6.9049,6.9049,6.9049,6.9049,6.9049,6.9049,6.9049,6.9049,6.9049,6.9049,6.9049,6.9049,6.9049,6.9049,6.9049,6.9049,6.9049,6.9049,6.9049,6.9049,6.9049,6.9049,6.9049,6.9049,6.9049,6.9049,6.9049,6.9049,6.9049,6.9049,6.9049,6.9049,6.9049,6.9049,6.9049,6.9049,6.9049,6.9049,6.9049,6.9049,6.9049,6.9049,6.9049,6.9049,6.9049,6.9049,6.9049,6.9049,6.9049,6.9049,6.9049,6.9049,6.9049,6.9049,6.9049,6.9049,6.9049,6.9049,6.9049,6.9049,6.9049,6.9049,6.9049,6.9049,6.9049,6.9049,6.9049,6.9049,6.9049,6.9049,6.9049,6.9049,6.9049,6.9049,6.9049,6.9049,6.9049,6.9049,6.9049,6.9049,6.9049,6.9049,6.9049,6.9049,6.9049,6.9049,6.9049,6.9049,6.9049,6.9049,6.9049,6.9049,6.9049,6.9049,6.9049,6.9049,6.9049,6.9049,6.9049,6.9049,6.9049,6.9049,6.9049,6.9049,6.9049,6.9049,6.9049,6.9049,6.9049,6.9049,6.9049,6.9049,6.9049,6.9049,6.9049,6.9049,6.9049,6.9049,6.9049,6.9049,6.9049,6.9049,6.9049,6.9049,6.9049,6.9049,6.9049,6.9049,6.9049,6.9049,6.9049,6.9049,6.9049,6.9049,6.9049,6.9049,6.9049,6.9049,6.9049,6.9049,6.9049,6.9049,6.9049,6.9049,6.9049,6.9049,6.9049,6.9049,6.9049,6.9049,6.9049,6.9049,6.9049,6.9049,6.9049,6.9049,6.9049,6.9049,6.9049,6.9049,6.9049,6.9049,6.9049,6.9049,6.9049,6.9049,6.9049,6.9049,6.9049,6.9049,6.9049,6.9049,6.9049,6.9049,6.9049,6.9049,6.9049,6.9049,6.9049,6.9049,6.9049,6.9049,6.9049,6.9049,6.9049,6.9049,6.9049,6.9049,6.9049,6.9049,6.9049,6.9049,6.9049,6.9049,6.9049,6.9049,6.9049,6.9049,6.9049,6.9049,6.9049,6.9049,6.9049,6.9049,6.9049,6.9049,6.9049,6.9049,6.9049,6.9049,6.9049,6.9049,6.9049,6.9049,6.9049,6.9049,6.9049,6.9049,6.9049,6.9049,6.9049,6.9049,6.9049,6.9049,6.9049,6.9049,6.9049,6.9049,6.9049,6.9049,6.9049,6.9049,6.9049,6.9049,6.9049,6.9049,6.9049,6.9049,6.9049,6.9049,6.9049,6.9049,6.9049,6.9049,6.9049,6.9049,6.9049,6.9049,6.9049,6.9049,6.9049,6.9049,6.9049,6.9049,6.9049,6.9049,6.9049,6.9049,6.9049,6.9049,6.9049,6.9049,6.9049,6.9049,6.9049,6.9049,6.9049,6.9049,6.9049,6.9049,6.9049,6.1245,6.0740,6.0191,5.9981,5.9906,5.9833,5.9759,5.9687,5.9612,5.9538,5.9465,5.9389,5.9316,5.9242,5.9167,5.9094,5.9022,5.8949,5.8885,5.8871,5.8854,5.8840,5.8823,5.8807,5.8792,5.8776,5.8761,5.8745,5.8729,5.8714,5.8698,5.8683,5.8667,5.8651,5.8636,5.8620,5.8606,5.8589,5.8573,5.8559,5.8542,5.8528,5.8524,5.8546,5.8569,5.8589,5.8612,5.8634,5.8655,5.8677,5.8698,5.8720,5.8743,5.8763,5.8786,5.8809,5.8829,5.8852,5.8875,5.8895,5.8918,5.8941,5.8962,5.8984,5.9007,5.9030,5.9069,5.9146,5.9221,5.9299,5.9376,5.9456,5.9534,5.9612,5.9691,5.9769,5.9850,5.9929,6.0004,6.0082,6.0157,6.0232,6.0341,6.0813,6.1272,6.1709,6.1927,6.3161,6.3261,6.3364,6.3467,6.3570,6.3669,6.3766,6.3863,6.3902,6.3938,6.3975,6.4014,6.4053,6.4092,6.4131,6.4173,6.4212,6.4259,6.4320,6.4407,6.4486,6.4572,6.4650,6.4734,6.4817,6.4882,6.4945,6.5010,6.5078,6.5144,6.5217,6.5283,6.5344,6.5410,6.5476,6.5550,6.5614,6.5684,6.5758,6.5823,6.5898,6.6014,6.6243,6.6456,6.6677,6.6892,6.7120,6.7338,6.7562,6.9049,6.9049,6.9049,6.9049,6.9049,6.9049,6.9049,6.9049,6.9049,6.9049,6.9049,6.9049,6.9049,6.9049,6.9049,6.9049,6.9049,6.9049,6.9049,6.9049,6.9049,6.9049,6.9049,6.9049,6.9049,6.9049,6.9049,6.9049,6.9049,6.9049,6.9049,6.9049,6.9049,6.9049,6.9049,6.9049,6.9049,6.9049,6.9049,6.9049,6.9049,6.9049,6.9049,6.9049,6.9049,6.9049,6.9049,6.9049,6.9049,6.9049,6.9049,6.9049,6.9049,6.9049,6.9049,6.9049,6.9049,6.9049,6.9049,6.9049,6.9049,6.9049,6.9049,6.9049,6.9049,6.9049,6.9049,6.9049,6.9049,6.9049,6.9049,6.9049,6.9049,6.9049,6.9049,6.9049,6.9049,6.9049,6.9049,6.9049,6.9049,6.9049,6.9049,6.9049,6.9049,6.9049,6.9049,6.9049,6.9049,6.9049,6.9049,6.9049,6.9049,6.9049,6.9049,6.9049,6.9049,6.9049,6.9049,6.9049,6.9049,6.9049,6.9049,6.9049,6.9049,6.9049,6.9049,6.9049,6.9049,6.9049,6.9049,6.9049,6.9049,6.9049,6.9049,6.9049,6.9049,6.9049,6.9049,6.9049,6.9049,6.9049,6.9049,6.9049,6.9049,6.9049,6.9049,6.9049,6.9049,6.9049,6.9049,6.9049,6.9049,6.9049,6.9049,6.9049,6.9049,6.9049,6.9049,6.9049,6.9049,6.9049,6.9049,6.9049,6.9049,6.9049,6.9049,6.9049,6.9049,6.9049,6.9049,6.9049,6.9049,6.9049,6.9049,6.9049,6.9049,6.9049,6.9049,6.9049,6.9049,6.9049,6.9049,6.9049,6.9049,6.9049,6.9049,6.9049,6.9049,6.9049,6.9049,6.9049,6.9049,6.9049,6.9049,6.9049,6.9049,6.9049,6.9049,6.9049,6.9049,6.9049,6.9049,6.9049,6.9049,6.9049,6.9049,6.9049,6.9049,6.9049,6.9049,6.9049,6.9049,6.9049,6.9049,6.9049,6.9049,6.9049,6.9049,6.9049,6.9049,6.9049,6.9049,6.9049,6.9049,6.9049,6.9049,6.9049,6.9049,6.9049,6.9049,6.9049,6.9049,6.9049,6.9049,6.9049,6.9049,6.9049,6.9049,6.9049,6.9049,6.9049,6.9049,6.9049,6.9049,6.9049,6.9049,6.9049,6.9049,6.9049,6.9049,6.9049,6.9049,6.9049,6.9049,6.9049,6.9049,6.9049,6.9049,6.9049,6.9049,6.9049,6.9049,6.9049,6.9049,6.9049,6.9049,6.9049,6.9049,6.9049,6.9049,6.9049,6.9049,6.9049,6.9049,6.9049,6.9049,6.9049,6.9049,6.9049,6.9049,6.9049,6.9049,6.9049,6.9049,6.9049,6.9049,6.9049,6.9049,6.9049,6.9049,6.9049,6.9049,6.9049,6.9049,6.9049,6.9049,6.9049,6.9049,6.9049,6.9049,6.9049,6.9049,6.9049,6.9049,6.9049,6.9049,6.9049,6.9049,6.9049,6.9049,6.9049,6.9049,6.9049,6.9049,6.9049,6.9049,6.9049,6.9049,6.9049,6.9049,6.9049,6.9049,6.9049,6.9049,6.9049,6.9049,6.9049,6.9049,6.9049,6.9049,6.9049,6.9049,6.9049,6.9049,6.9049,6.9049,6.9049,6.9049,6.9049,6.9049,6.9049,6.9049,6.9049,6.9049,6.9049,6.9049,6.9049,6.9049,6.9049,6.9049,6.9049,6.9049,6.9049,6.9049,6.9049,6.9049,6.9049,6.9049,6.9049,6.9049,6.9049,6.9049,6.9049,6.9049,6.9049,6.9049,6.9049,6.9049,6.9049,6.9049,6.9049,6.9049,6.9049,6.9049,6.9049,6.9049,6.9049,6.9049,6.9049,6.9049,6.9049,6.9049,6.9049,6.9049,6.9049,6.9049,6.9049,6.9049,6.9049,6.9049,6.9049,6.9049,6.9049,6.9049,6.9049,6.9049,6.9049,6.9049,6.9049,6.9049,6.9049,6.9049,6.9049,6.9049,6.9049,6.9049,6.9049,6.9049,6.9049,6.9049,6.9049,6.9049,6.9049,6.9049,6.9049,6.9049,6.9049,6.9049,6.9049,6.9049,6.9049,6.9049,6.9049,6.9049,6.9049,6.9049,6.9049,6.9049,6.9049,6.9049,6.9049,6.9049,6.9049,6.9049,6.9049,6.9049,6.9049,6.9049,6.9049,6.9049,6.9049,6.9049,6.9049,6.9049,6.9049,6.9049,6.9049,6.9049,6.9049,6.9049,6.9049,6.9049,6.9049,6.9049,6.9049,6.9049,6.9049,6.9049,6.9049,6.9049,6.9049
6.8989,6.8989,6.8989,6.8989,6.8989,6.8989,6.8989,6.8989,6.8989,6.8989,6.8989,6.8989,6.8989,6.8989,6.8989,6.8989,6.8989,6.8989,6.8989,6.8989,6.8989,6.8989,6.8989,6.8989,6.8989,6.8989,6.8989,6.8989,6.8989,6.8989,6.8989,6.8989,6.8989,6.8989,6.8989,6.8989,6.8989,6.8989,6.8989,6.8989,6.8989,6.8989,6.8989,6.8989,6.8989,6.8989,6.8989,6.8989,6.8989,6.8989,6.8989,6.8989,6.8989,6.8989,6.8989,6.8989,6.8989,6.8989,6.8989,6.8989,6.8989,6.8989,6.8989,6.8989,6.8989,6.8989,6.8989,6.8989,6.8989,6.8989,6.8989,6.8989,6.8989,6.8989,6.8989,6.8989,6.8989,6.8989,6.8989,6.8989,6.8989,6.8989,6.8989,6.8989,6.8989,6.8989,6.8989,6.8989,6.8989,6.8989,6.8989,6.8989,6.8989,6.8989,6.8989,6.8989,6.8989,6.8989,6.8989,6.8989,6.8989,6.8989,6.8989,6.8989,6.8989,6.8989,6.8989,6.8989,6.8989,6.8989,6.8989,6.8989,6.8989,6.8989,6.8989,6.8989,6.8989,6.8989,6.8989,6.8989,6.8989,6.8989,6.8989,6.8989,6.8989,6.8989,6.8989,6.8989,6.8989,6.8989,6.8989,6.8989,6.8989,6.8989,6.8989,6.8989,6.8989,6.8989,6.8989,6.8989,6.8989,6.8989,6.8989,6.8989,6.8989,6.8989,6.8989,6.8989,6.8989,6.8989,6.8989,6.8989,6.8989,6.8989,6.8989,6.8989,6.8989,6.8989,6.8989,6.8989,6.8989,6.8989,6.8989,6.8989,6.8989,6.8989,6.8989,6.8989,6.8989,6.8989,6.8989,6.8989,6.8989,6.8989,6.8989,6.8989,6.8989,6.8989,6.8989,6.8989,6.8989,6.8989,6.8989,6.8989,6.8989,6.8989,6.8989,6.8989,6.8989,6.8989,6.8989,6.8989,6.8989,6.8989,6.8989,6.8989,6.8989,6.8989,6.8989,6.8989,6.8989,6.8989,6.8989,6.8989,6.8989,6.8989,6.8989,6.8989,6.8989,6.8989,6.8989,6.8989,6.8989,6.8989,6.8989,6.8989,6.8989,6.8989,6.8989,6.8989,6.8989,6.8989,6.8989,6.8989,6.8989,6.8989,6.8989,6.8989,6.8989,6.8989,6.8989,6.8989,6.8989,6.8989,6.8989,6.8989,6.8989,6.8989,6.8989,6.8989,6.8989,6.8989,6.8989,6.8989,6.8989,6.8989,6.8989,6.8989,6.8989,6.8989,6.8989,6.8989,6.8989,6.8989,6.8989,6.8989,6.8989,6.8989,6.8989,6.8989,6.8989,6.8989,6.8989,6.8989,6.8989,6.8989,6.8989,6.8989,6.8989,6.8989,6.8989,6.8989,6.8989,6.8989,6.8989,6.8989,6.8989,6.8989,6.8989,6.8989,6.8989,6.8989,6.8989,6.8989,6.8989,6.8989,6.8989,6.8989,6.8989,6.8989,6.8989,6.8989,6.8989,6.8989,6.8989,6.8989,6.8989,6.8989,6.8989,6.8989,6.8989,6.8989,6.8989,6.8989,6.8989,6.8989,6.8989,6.8989,6.8989,6.8989,6.8989,6.8989,6.8989,6.8989,6.8989,6.8989,6.8989,6.8989,6.8989,6.8989,6.8989,6.8989,6.8989,6.8989,6.8989,6.8989,6.8989,6.8989,6.8989,6.8989,6.8989,6.8989,6.8989,6.8989,6.8989,6.8989,6.8989,6.8989,6.8989,6.8989,6.8989,6.8989,6.8989,6.8989,6.8989,6.8989,6.8989,6.8989,6.8989,6.8989,6.8989,6.8989,6.8989,6.8989,6.8989,6.8989,6.8989,6.8989,6.8989,6.8989,6.8989,6.8989,6.8989,6.8989,6.8989,6.8989,6.8989,6.8989,6.8989,6.8989,6.8989,6.8989,6.8989,6.8989,6.8989,6.8989,6.8989,6.8989,6.8989,6.8989,6.8989,6.8989,6.1332,6.0826,6.0286,6.0021,5.9946,5.9874,5.9799,5.9725,5.9653,5.9579,5.9505,5.9431,5.9355,5.9282,5.9209,5.9136,5.9063,5.8990,5.8920,5.8904,5.8889,5.8873,5.8858,5.8842,5.8827,5.8811,5.8794,5.8780,5.8763,5.8749,5.8733,5.8716,5.8702,5.8685,5.8671,5.8655,5.8638,5.8624,5.8608,5.8593,5.8577,5.8561,5.8556,5.8577,5.8599,5.8620,5.8642,5.8663,5.8685,5.8708,5.8729,5.8751,5.8774,5.8794,5.8817,5.8840,5.8860,5.8883,5.8904,5.8926,5.8949,5.8970,5.8993,5.9015,5.9038,5.9063,5.9098,5.9175,5.9251,5.9328,5.9406,5.9484,5.9562,5.9640,5.9718,5.9799,5.9878,5.9955,6.0032,6.0107,6.0183,6.0258,6.0341,6.0817,6.1274,6.1688,6.1904,6.3057,6.3159,6.3259,6.3362,6.3465,6.3568,6.3669,6.3766,6.3851,6.3887,6.3926,6.3963,6.4004,6.4043,6.4082,6.4121,6.4168,6.4229,6.4308,6.4394,6.4471,6.4560,6.4637,6.4717,6.4799,6.4874,6.4942,6.5007,6.5070,6.5138,6.5209,6.5273,6.5336,6.5402,6.5474,6.5540,6.5609,6.5673,6.5743,6.5818,6.5890,6.6118,6.6340,6.6556,6.6773,6.6994,6.7211,6.7440,6.8989,6.8989,6.8989,6.8989,6.8989,6.8989,6.8989,6.8989,6.8989,6.8989,6.8989,6.8989,6.8989,6.8989,6.8989,6.8989,6.8989,6.8989,6.8989,6.8989,6.8989,6.8989,6.8989,6.8989,6.8989,6.8989,6.8989,6.8989,6.8989,6.8995,6.8995,6.8995,6.8995,6.8995,6.8995,6.8995,6.8995,6.8995,6.8995,6.8995,6.8995,6.8995,6.8995,6.8995,6.8995,6.8995,6.8995,6.8995,6.8995,6.8995,6.8995,6.8995,6.8995,6.8995,6.8995,6.8995,6.8995,6.8995,6.8995,6.8995,6.8995,6.8995,6.8995,6.8995,6.8995,6.8995,6.8995,6.8995,6.8995,6.8995,6.8995,6.8995,6.8995,6.8995,6.8995,6.8995,6.8995,6.8995,6.8995,6.8995,6.8995,6.8995,6.8995,6.8995,6.8995,6.8995,6.8995,6.8995,6.8995,6.8995,6.8995,6.8995,6.8995,6.8995,6.8995,6.8995,6.8995,6.8995,6.8995,6.8995,6.8995,6.8995,6.8995,6.8995,6.8995,6.8995,6.8995,6.8995,6.8995,6.8995,6.8995,6.8995,6.8995,6.8995,6.8995,6.8995,6.8995,6.8995,6.8995,6.8995,6.8995,6.8995,6.8995,6.8995,6.8995,6.8995,6.8995,6.8995,6.8995,6.8995,6.8995,6.8995,6.8995,6.8995,6.8995,6.8995,6.8995,6.8995,6.8995,6.8995,6.8995,6.8995,6.8995,6.8995,6.8995,6.8995,6.8995,6.8995,6.8995,6.8995,6.8995,6.8995,6.8995,6.8995,6.8995,6.8995,6.8995,6.8995,6.8995,6.8995,6.8995,6.8995,6.8995,6.8995,6.8995,6.8995,6.8995,6.8995,6.8995,6.8995,6.8995,6.8995,6.8995,6.8995,6.8995,6.8995,6.8995,6.8995,6.8995,6.8995,6.8995,6.8995,6.8995,6.8995,6.8995,6.8995,6.8995,6.8995,6.8995,6.8995,6.8995,6.8995,6.8995,6.8995,6.8995,6.8995,6.8995,6.8995,6.8995,6.8995,6.8995,6.8995,6.8995,6.8995,6.8995,6.8995,6.8995,6.8995,6.8995,6.8995,6.8995,6.8995,6.8995,6.8995,6.8995,6.8995,6.8995,6.8995,6.8995,6.8995,6.8995,6.8995,6.8995,6.8995,6.8995,6.8995,6.8995,6.8995,6.8995,6.8995,6.8995,6.8995,6.8995,6.8995,6.8995,6.8995,6.8995,6.8995,6.8995,6.8995,6.8995,6.8995,6.8995,6.8995,6.8995,6.8995,6.8995,6.8995,6.8995,6.8995,6.8995,6.8995,6.8995,6.8995,6.8995,6.8995,6.8995,6.8995,6.8995,6.8995,6.8995,6.8995,6.8995,6.8995,6.8995,6.8995,6.8995,6.8995,6.8995,6.8995,6.8995,6.8995,6.8995,6.8995,6.8995,6.8995,6.8995,6.8995,6.8995,6.8995,6.8995,6.8995,6.8995,6.8995,6.8995,6.8995,6.8995,6.8995,6.8995,6.8995,6.8995,6.8995,6.8995,6.8995,6.8995,6.8995,6.8995,6.8995,6.8995,6.8995,6.8995,6.8995,6.8995,6.8995,6.8995,6.8995,6.8995,6.8995,6.8995,6.8995,6.8995,6.8995,6.8995,6.8995,6.8995,6.8995,6.8995,6.8995,6.8995,6.8995,6.8995,6.8995,6.8995,6.8995,6.8995,6.8995,6.8995,6.8995,6.8995,6.8995,6.8995,6.8995,6.8995,6.8995,6.8995,6.8995,6.8995,6.8995,6.8995,6.8995,6.8995,6.8995,6.8995,6.8995,6.8995,6.8995,6.8995,6.8995,6.8995,6.8995,6.8995,6.8995,6.8995,6.8995,6.8995,6.8995,6.8995,6.8995,6.8995,6.8995,6.8995,6.8995,6.8995,6.8995,6.8995,6.8995,6.8995,6.8995,6.8995,6.8995,6.8995,6.8995,6.8995,6.8995,6.8995,6.8995,6.8995,6.8995,6.8995,6.8995,6.8995,6.8995,6.8995,6.8995,6.8995,6.8995,6.8995,6.8995,6.8995,6.8995,6.8995,6.8995,6.8995,6.8995,6.8995,6.8995,6.8995,6.8995,6.8995,6.8995,6.8995,6.8995,6.8995,6.8995,6.8995,6.8995,6.8995,6.8995,6.8995,6.8995,6.8995,6.8995,6.8995,6.8995,6.8995,6.8995,6.8995,6.8995,6.8995,6.8995,6.8995,6.8995,6.8995,6.8995,6.8995,6.8995,6.8995,6.8995,6.8995,6.8995,6.8995,6.8995,6.8995,6.8995,6.8995,6.8995,6.8995,6.8995,6.8995,6.8995,6.8995,6.8995,6.8995
6.8941,6.8941,6.8941,6.8941,6.8941,6.8941,6.8941,6.8941,6.8941,6.8941,6.8941,6.8941,6.8941,6.8941,6.8941,6.8941,6.8941,6.8941,6.8941,6.8941,6.8941,6.8941,6.8941,6.8941,6.8941,6.8941,6.8941,6.8941,6.8941,6.8941,6.8941,6.8941,6.8941,6.8941,6.8941,6.8941,6.8941,6.8941,6.8941,6.8941,6.8941,6.8941,6.8941,6.8941,6.8941,6.8941,6.8941,6.8941,6.8941,6.8941,6.8941,6.8941,6.8941,6.8941,6.8941,6.8941,6.8941,6.8941,6.8941,6.8941,6.8941,6.8941,6.8941,6.8941,6.8941,6.8941,6.8941,6.8941,6.8941,6.8941,6.8941,6.8941,6.8941,6.8941,6.8941,6.8941,6.8941,6.8941,6.8941,6.8941,6.8941,6.8941,6.8941,6.8941,6.8941,6.8941,6.8941,6.8941,6.8941,6.8941,6.8941,6.8941,6.8941,6.8941,6.8941,6.8941,6.8941,6.8941,6.8941,6.8941,6.8941,6.8941,6.8941,6.8941,6.8941,6.8941,6.8941,6.8941,6.8941,6.8941,6.8941,6.8941,6.8941,6.8941,6.8941,6.8941,6.8941,6.8941,6.8941,6.8941,6.8941,6.8941,6.8941,6.8941,6.8941,6.8941,6.8941,6.8941,6.8941,6.8941,6.8941,6.8941,6.8941,6.8941,6.8941,6.8941,6.8941,6.8941,6.8941,6.8941,6.8941,6.8941,6.8941,6.8941,6.8941,6.8941,6.8941,6.8941,6.8941,6.8941,6.8941,6.8941,6.8941,6.8941,6.8941,6.8941,6.8941,6.8941,6.8941,6.8941,6.8941,6.8941,6.8941,6.8941,6.8941,6.8941,6.8941,6.8941,6.8941,6.8941,6.8941,6.8941,6.8941,6.8941,6.8941,6.8941,6.8941,6.8941,6.8941,6.8941,6.8941,6.8941,6.8941,6.8941,6.8941,6.8941,6.8941,6.8941,6.8941,6.8941,6.8941,6.8941,6.8941,6.8941,6.8941,6.8941,6.8941,6.8941,6.8941,6.8941,6.8941,6.8941,6.8941,6.8941,6.8941,6.8941,6.8941,6.8941,6.8941,6.8941,6.8941,6.8941,6.8941,6.8941,6.8941,6.8941,6.8941,6.8941,6.8941,6.8941,6.8941,6.8941,6.8941,6.8941,6.8941,6.8941,6.8941,6.8941,6.8941,6.8941,6.8941,6.8941,6.8941,6.8941,6.8941,6.8941,6.8941,6.8941,6.8941,6.8941,6.8941,6.8941,6.8941,6.8941,6.8941,6.8941,6.8941,6.8941,6.8941,6.8941,6.8941,6.8941,6.8941,6.8941,6.8941,6.8941,6.8941,6.8941,6.8941,6.8941,6.8941,6.8941,6.8941,6.8941,6.8941,6.8941,6.8941,6.8941,6.8941,6.8941,6.8941,6.8941,6.8941,6.8941,6.8941,6.8941,6.8941,6.8941,6.8941,6.8941,6.8941,6.8941,6.8941,6.8941,6.8941,6.8941,6.8941,6.8941,6.8941,6.8941,6.8941,6.8941,6.8941,6.8941,6.8941,6.8941,6.8941,6.8941,6.8941,6.8941,6.8941,6.8941,6.8941,6.8941,6.8941,6.8941,6.8941,6.8941,6.8941,6.8941,6.8941,6.8941,6.8941,6.8941,6.8941,6.8941,6.8941,6.8941,6.8941,6.8941,6.8941,6.8941,6.8941,6.8941,6.8941,6.8941,6.8941,6.8941,6.8941,6.8941,6.8941,6.8941,6.8941,6.8941,6.8941,6.8941,6.8941,6.8941,6.8941,6.8941,6.8941,6.8941,6.8941,6.8941,6.8941,6.8941,6.8941,6.8941,6.8941,6.8941,6.8941,6.8941,6.8941,6.8941,6.8941,6.8941,6.8941,6.8941,6.8941,6.8941,6.8941,6.8941,6.8941,6.8941,6.8941,6.8941,6.8941,6.8941,6.8941,6.8941,6.8941,6.8941,6.8941,6.8941,6.8941,6.8941,6.8941,6.8941,6.8941,6.8941,6.8941,6.8941,6.1426,6.0910,6.0384,6.0062,5.9987,5.9912,5.9840,5.9765,5.9693,5.9619,5.9545,5.9471,5.9397,5.9322,5.9249,5.9175,5.9103,5.9030,5.8957,5.8939,5.8922,5.8908,5.8891,5.8877,5.8860,5.8846,5.8829,5.8815,5.8798,5.8782,5.8768,5.8751,5.8737,5.8720,5.8704,5.8690,5.8673,5.8657,5.8642,5.8626,5.8612,5.8595,5.8587,5.8608,5.8630,5.8651,5.8673,5.8694,5.8716,5.8739,5.8759,5.8782,5.8805,5.8825,5.8848,5.8868,5.8891,5.8914,5.8935,5.8957,5.8980,5.9003,5.9026,5.9049,5.9071,5.9094,5.9128,5.9203,5.9280,5.9355,5.9433,5.9511,5.9589,5.9667,5.9748,5.9827,5.9906,5.9983,6.0058,6.0133,6.0209,6.0286,6.0362,6.0821,6.1279,6.1661,6.1881,6.2094,6.3055,6.3157,6.3257,6.3359,6.3462,6.3565,6.3667,6.3766,6.3839,6.3875,6.3914,6.3953,6.3992,6.4033,6.4072,6.4136,6.4212,6.4298,6.4382,6.4458,6.4540,6.4627,6.4704,6.4789,6.4867,6.4934,6.5000,6.5068,6.5136,6.5197,6.5270,6.5329,6.5395,6.5466,6.5532,6.5602,6.5671,6.5740,6.5810,6.5986,6.6209,6.6435,6.6646,6.6868,6.7090,6.7311,6.7541,6.8941,6.8941,6.8941,6.8941,6.8941,6.8941,6.8941,6.8941,6.8941,6.8941,6.8941,6.8941,6.8941,6.8941,6.8941,6.8941,6.8941,6.8941,6.8941,6.8941,6.8941,6.8941,6.8941,6.8941,6.8941,6.8941,6.8941,6.8941,6.8941,6.8941,6.8941,6.8941,6.8941,6.8941,6.8941,6.8941,6.8941,6.8941,6.8941,6.8941,6.8941,6.8941,6.8941,6.8941,6.8941,6.8941,6.8941,6.8941,6.8941,6.8941,6.8941,6.8941,6.8941,6.8941,6.8941,6.8941,6.8941,6.8941,6.8941,6.8941,6.8941,6.8941,6.8941,6.8941,6.8941,6.8941,6.8941,6.8941,6.8941,6.8941,6.8941,6.8941,6.8941,6.8941,6.8941,6.8941,6.8941,6.8941,6.8941,6.8941,6.8941,6.8941,6.8941,6.8941,6.8941,6.8941,6.8941,6.8941,6.8941,6.8941,6.8941,6.8941,6.8941,6.8941,6.8941,6.8941,6.8941,6.8941,6.8941,6.8941,6.8941,6.8941,6.8941,6.8941,6.8941,6.8941,6.8941,6.8941,6.8941,6.8941,6.8941,6.8941,6.8941,6.8941,6.8941,6.8941,6.8941,6.8941,6.8941,6.8941,6.8941,6.8941,6.8941,6.8941,6.8941,6.8941,6.8941,6.8941,6.8941,6.8941,6.8941,6.8941,6.8941,6.8941,6.8941,6.8941,6.8941,6.8941,6.8941,6.8941,6.8941,6.8941,6.8941,6.8941,6.8941,6.8941,6.8941,6.8941,6.8941,6.8941,6.8941,6.8941,6.8941,6.8941,6.8941,6.8941,6.8941,6.8941,6.8941,6.8941,6.8941,6.8941,6.8941,6.8941,6.8941,6.8941,6.8941,6.8941,6.8941,6.8941,6.8941,6.8941,6.8941,6.8941,6.8941,6.8941,6.8941,6.8941,6.8941,6.8941,6.8941,6.8941,6.8941,6.8941,6.8941,6.8941,6.8941,6.8941,6.8941,6.8941,6.8941,6.8941,6.8941,6.8941,6.8941,6.8941,6.8941,6.8941,6.8941,6.8941,6.8941,6.8941,6.8941,6.8941,6.8941,6.8941,6.8941,6.8941,6.8941,6.8941,6.8941,6.8941,6.8941,6.8941,6.8941,6.8941,6.8941,6.8941,6.8941,6.8941,6.8941,6.8941,6.8941,6.8941,6.8941,6.8941,6.8941,6.8941,6.8941,6.8941,6.8941,6.8941,6.8941,6.8941,6.8941,6.8941,6.8941,6.8941,6.8941,6.8941,6.8941,6.8941,6.8941,6.8941,6.8941,6.8941,6.8941,6.8941,6.8941,6.8941,6.8941,6.8941,6.8941,6.8941,6.8941,6.8941,6.8941,6.8941,6.8941,6.8941,6.8941,6.8941,6.8941,6.8941,6.8941,6.8941,6.8941,6.8941,6.8941,6.8941,6.8941,6.8941,6.8941,6.8941,6.8941,6.8941,6.8941,6.8941,6.8941,6.8941,6.8941,6.8941,6.8941,6.8941,6.8941,6.8941,6.8941,6.8941,6.8941,6.8941,6.8941,6.8941,6.8941,6.8941,6.8941,6.8941,6.8941,6.8941,6.8941,6.8941,6.8941,6.8941,6.8941,6.8941,6.8941,6.8941,6.8941,6.8941,6.8941,6.8941,6.8941,6.8941,6.8941,6.8941,6.8941,6.8941,6.8941,6.8941,6.8941,6.8941,6.8941,6.8941,6.8941,6.8941,6.8941,6.8941,6.8941,6.8941,6.8941,6.8941,6.8941,6.8941,6.8941,6.8941,6.8941,6.8941,6.8941,6.8941,6.8941,6.8941,6.8941,6.8941,6.8941,6.8941,6.8941,6.8941,6.8941,6.8941,6.8941,6.8941,6.8941,6.8941,6.8941,6.8941,6.8941,6.8941,6.8941,6.8941,6.8941,6.8941,6.8941,6.8941,6.8941,6.8941,6.8941,6.8941,6.8941,6.8941,6.8941,6.8941,6.8941,6.8941,6.8941,6.8941,6.8941,6.8941,6.8941,6.8941,6.8941,6.8941,6.8941,6.8941,6.8941,6.8941,6.8941,6.8941,6.8941,6.8941,6.8941,6.8941,6.8941,6.8941,6.8941,6.8941,6.8941,6.8941,6.8941,6.8941,6.8941,6.8941,6.8941,6.8941,6.8941,6.8941,6.8941,6.8941,6.8941,6.8941,6.8941,6.8941,6.8941,6.8941,6.8941,6.8941,6.8941,6.8941,6.8941,6.8941,6.8941,6.8941,6.8941,6.8941,6.8941,6.8941,6.8941,6.8941,6.8941,6.8941,6.8941,6.8941,6.8941,6.8941,6.8941,6.8941,6.8941,6.8941,6.8941,6.8941,6.8941,6.8941,6.8941,6.8941,6.8941
6.8884,6.8884,6.8884,6.8884,6.8884,6.8884,6.8884,6.8884,6.8884,6.8884,6.8884,6.8884,6.8884,6.8884,6.8884,6.8884,6.8884,6.8884,6.8884,6.8884,6.8884,6.8884,6.8884,6.8884,6.8884,6.8884,6.8884,6.8884,6.8884,6.8884,6.8884,6.8884,6.8884,6.8884,6.8884,6.8884,6.8884,6.8884,6.8884,6.8884,6.8884,6.8884,6.8884,6.8884,6.8884,6.8884,6.8884,6.8884,6.8884,6.8884,6.8884,6.8884,6.8884,6.8884,6.8884,6.8884,6.8884,6.8884,6.8884,6.8884,6.8884,6.8884,6.8884,6.8884,6.8884,6.8884,6.8884,6.8884,6.8884,6.8884,6.8884,6.8884,6.8884,6.8884,6.8884,6.8884,6.8884,6.8884,6.8884,6.8884,6.8884,6.8884,6.8884,6.8884,6.8884,6.8884,6.8884,6.8884,6.8884,6.8884,6.8884,6.8884,6.8884,6.8884,6.8884,6.8884,6.8884,6.8884,6.8884,6.8884,6.8884,6.8884,6.8884,6.8884,6.8884,6.8884,6.8884,6.8884,6.8884,6.8884,6.8884,6.8884,6.8884,6.8884,6.8884,6.8884,6.8884,6.8884,6.8884,6.8884,6.8884,6.8884,6.8884,6.8884,6.8884,6.8884,6.8884,6.8884,6.8884,6.8884,6.8884,6.8884,6.8884,6.8884,6.8884,6.8884,6.8884,6.8884,6.8884,6.8884,6.8884,6.8884,6.8884,6.8884,6.8884,6.8884,6.8884,6.8884,6.8884,6.8884,6.8884,6.8884,6.8884,6.8884,6.8884,6.8884,6.8884,6.8884,6.8884,6.8884,6.8884,6.8884,6.8884,6.8884,6.8884,6.8884,6.8884,6.8884,6.8884,6.8884,6.8884,6.8884,6.8884,6.8884,6.8884,6.8884,6.8884,6.8884,6.8884,6.8884,6.8884,6.8884,6.8884,6.8884,6.8884,6.8884,6.8884,6.8884,6.8884,6.8884,6.8884,6.8884,6.8884,6.8884,6.8884,6.8884,6.8884,6.8884,6.8884,6.8884,6.8884,6.8884,6.8884,6.8884,6.8884,6.8884,6.8884,6.8884,6.8884,6.8884,6.8884,6.8884,6.8884,6.8884,6.8884,6.8884,6.8884,6.8884,6.8884,6.8884,6.8884,6.8884,6.8884,6.8884,6.8884,6.8884,6.8884,6.8884,6.8884,6.8884,6.8884,6.8884,6.8884,6.8884,6.8884,6.8884,6.8884,6.8884,6.8884,6.8884,6.8884,6.8884,6.8884,6.8884,6.8884,6.8884,6.8884,6.8884,6.8884,6.8884,6.8884,6.8884,6.8884,6.8884,6.8884,6.8884,6.8884,6.8884,6.8884,6.8884,6.8884,6.8884,6.8884,6.8884,6.8884,6.8884,6.8884,6.8884,6.8884,6.8884,6.8884,6.8884,6.8884,6.8884,6.8884,6.8884,6.8884,6.8884,6.8884,6.8884,6.8884,6.8884,6.8884,6.8884,6.8884,6.8884,6.8884,6.8884,6.8884,6.8884,6.8884,6.8884,6.8884,6.8884,6.8884,6.8884,6.8884,6.8884,6.8884,6.8884,6.8884,6.8884,6.8884,6.8884,6.8884,6.8884,6.8884,6.8884,6.8884,6.8884,6.8884,6.8884,6.8884,6.8884,6.8884,6.8884,6.8884,6.8884,6.8884,6.8884,6.8884,6.8884,6.8884,6.8884,6.8884,6.8884,6.8884,6.8884,6.8884,6.8884,6.8884,6.8884,6.8884,6.8884,6.8884,6.8884,6.8884,6.8884,6.8884,6.8884,6.8884,6.8884,6.8884,6.8884,6.8884,6.8884,6.8884,6.8884,6.8884,6.8884,6.8884,6.8884,6.8884,6.8884,6.8884,6.8884,6.8884,6.8884,6.8884,6.8884,6.8884,6.8884,6.8884,6.8884,6.8884,6.8884,6.8884,6.8884,6.8884,6.8884,6.8884,6.8884,6.8884,6.8884,6.8884,6.8884,6.8884,6.8884,6.8884,6.8884,6.8884,6.8884,6.1519,6.0996,6.0480,6.0103,6.0032,5.9955,5.9880,5.9806,5.9733,5.9659,5.9585,5.9511,5.9437,5.9364,5.9290,5.9217,5.9144,5.9069,5.8997,5.8972,5.8957,5.8941,5.8926,5.8912,5.8895,5.8879,5.8864,5.8848,5.8833,5.8817,5.8800,5.8786,5.8770,5.8755,5.8739,5.8722,5.8708,5.8692,5.8677,5.8661,5.8646,5.8630,5.8618,5.8640,5.8661,5.8681,5.8704,5.8724,5.8747,5.8770,5.8790,5.8813,5.8833,5.8856,5.8879,5.8899,5.8922,5.8945,5.8966,5.8988,5.9011,5.9034,5.9057,5.9080,5.9103,5.9125,5.9157,5.9232,5.9309,5.9385,5.9463,5.9538,5.9617,5.9695,5.9776,5.9855,5.9934,6.0009,6.0084,6.0161,6.0237,6.0312,6.0388,6.0826,6.1283,6.1638,6.1861,6.2071,6.2951,6.3052,6.3154,6.3254,6.3357,6.3460,6.3563,6.3664,6.3763,6.3826,6.3863,6.3902,6.3943,6.3982,6.4036,6.4119,6.4205,6.4286,6.4367,6.4451,6.4533,6.4615,6.4694,6.4777,6.4857,6.4922,6.4992,6.5055,6.5128,6.5189,6.5263,6.5321,6.5392,6.5453,6.5525,6.5591,6.5655,6.5730,6.5867,6.6084,6.6314,6.6527,6.6746,6.6967,6.7189,6.7408,6.8884,6.8884,6.8884,6.8884,6.8884,6.8884,6.8884,6.8884,6.8884,6.8884,6.8884,6.8884,6.8884,6.8884,6.8884,6.8884,6.8890,6.8890,6.8890,6.8890,6.8890,6.8890,6.8890,6.8890,6.8890,6.8890,6.8890,6.8890,6.8890,6.8890,6.8890,6.8890,6.8890,6.8890,6.8890,6.8890,6.8890,6.8890,6.8890,6.8890,6.8890,6.8890,6.8890,6.8890,6.8890,6.8890,6.8890,6.8890,6.8890,6.8890,6.8890,6.8890,6.8890,6.8890,6.8890,6.8890,6.8890,6.8890,6.8890,6.8890,6.8890,6.8890,6.8890,6.8890,6.8890,6.8890,6.8890,6.8890,6.8890,6.8890,6.8890,6.8890,6.8890,6.8890,6.8890,6.8890,6.8890,6.8890,6.8890,6.8890,6.8890,6.8890,6.8890,6.8890,6.8890,6.8890,6.8890,6.8890,6.8890,6.8890,6.8890,6.8890,6.8890,6.8890,6.8890,6.8890,6.8890,6.8890,6.8890,6.8890,6.8890,6.8890,6.8890,6.8890,6.8890,6.8890,6.8890,6.8890,6.8890,6.8890,6.8890,6.8890,6.8890,6.8890,6.8890,6.8890,6.8890,6.8890,6.8890,6.8890,6.8890,6.8890,6.8890,6.8890,6.8890,6.8890,6.8890,6.8890,6.8890,6.8890,6.8890,6.8890,6.8890,6.8890,6.8890,6.8890,6.8890,6.8890,6.8890,6.8890,6.8890,6.8890,6.8890,6.8890,6.8890,6.8890,6.8890,6.8890,6.8890,6.8890,6.8890,6.8890,6.8890,6.8890,6.8890,6.8890,6.8890,6.8890,6.8890,6.8890,6.8890,6.8890,6.8890,6.8890,6.8890,6.8890,6.8890,6.8890,6.8890,6.8890,6.8890,6.8890,6.8890,6.8890,6.8890,6.8890,6.8890,6.8890,6.8890,6.8890,6.8890,6.8890,6.8890,6.8890,6.8890,6.8890,6.8890,6.8890,6.8890,6.8890,6.8890,6.8890,6.8890,6.8890,6.8890,6.8890,6.8890,6.8890,6.8890,6.8890,6.8890,6.8890,6.8890,6.8890,6.8890,6.8890,6.8890,6.8890,6.8890,6.8890,6.8890,6.8890,6.8890,6.8890,6.8890,6.8890,6.8890,6.8890,6.8890,6.8890,6.8890,6.8890,6.8890,6.8890,6.8890,6.8890,6.8890,6.8890,6.8890,6.8890,6.8890,6.8890,6.8890,6.8890,6.8890,6.8890,6.8890,6.8890,6.8890,6.8890,6.8890,6.8890,6.8890,6.8890,6.8890,6.8890,6.8890,6.8890,6.8890,6.8890,6.8890,6.8890,6.8890,6.8890,6.8890,6.8890,6.8890,6.8890,6.8890,6.8890,6.8890,6.8890,6.8890,6.8890,6.8890,6.8890,6.8890,6.8890,6.8890,6.8890,6.8890,6.8890,6.8890,6.8890,6.8890,6.8890,6.8890,6.8890,6.8890,6.8890,6.8890,6.8890,6.8890,6.8890,6.8890,6.8890,6.8890,6.8890,6.8890,6.8890,6.8890,6.8890,6.8890,6.8890,6.8890,6.8890,6.8890,6.8890,6.8890,6.8890,6.8890,6.8890,6.8890,6.8890,6.8890,6.8890,6.8890,6.8890,6.8890,6.8890,6.8890,6.8890,6.8890,6.8890,6.8890,6.8890,6.8890,6.8890,6.8890,6.8890,6.8890,6.8890,6.8890,6.8890,6.8890,6.8890,6.8890,6.8890,6.8890,6.8890,6.8890,6.8890,6.8890,6.8890,6.8890,6.8890,6.8890,6.8890,6.8890,6.8890,6.8890,6.8890,6.8890,6.8890,6.8890,6.8890,6.8890,6.8890,6.8890,6.8890,6.8890,6.8890,6.8890,6.8890,6.8890,6.8890,6.8890,6.8890,6.8890,6.8890,6.8890,6.8890,6.8890,6.8890,6.8890,6.8890,6.8890,6.8890,6.8890,6.8890,6.8890,6.8890,6.8890,6.8890,6.8890,6.8890,6.8890,6.8890,6.8890,6.8890,6.8890,6.8890,6.8890,6.8890,6.8890,6.8890,6.8890,6.8890,6.8890,6.8890,6.8890,6.8890,6.8890,6.8890,6.8890,6.8890,6.8890,6.8890,6.8890,6.8890,6.8890,6.8890,6.8890,6.8890,6.8890,6.8890,6.8890,6.8890,6.8890,6.8890,6.8890,6.8890,6.8890,6.8890,6.8890,6.8890,6.8890,6.8890,6.8890,6.8890,6.8890,6.8890,6.8890,6.8890,6.8890,6.8890,6.8890,6.8890,6.8890,6.8890,6.8890,6.8890,6.8890,6.8890,6.8890,6.8890,6.8890,6.8890,6.8890,6.8890,6.8890,6.8890,6.8890,6.8890
6.8836,6.8836,6.8836,6.8836,6.8836,6.8836,6.8836,6.8836,6.8836,6.8836,6.8836,6.8836,6.8836,6.8836,6.8836,6.8836,6.8836,6.8836,6.8836,6.8836,6.8836,6.8836,6.8836,6.8836,6.8836,6.8836,6.8836,6.8836,6.8836,6.8836,6.8836,6.8836,6.8836,6.8836,6.8836,6.8836,6.8836,6.8836,6.8836,6.8836,6.8836,6.8836,6.8836,6.8836,6.8836,6.8836,6.8836,6.8836,6.8836,6.8836,6.8836,6.8836,6.8836,6.8836,6.8836,6.8836,6.8836,6.8836,6.8836,6.8836,6.8836,6.8836,6.8836,6.8836,6.8836,6.8836,6.8836,6.8836,6.8836,6.8836,6.8836,6.8836,6.8836,6.8836,6.8836,6.8836,6.8836,6.8836,6.8836,6.8836,6.8836,6.8836,6.8836,6.8836,6.8836,6.8836,6.8836,6.8836,6.8836,6.8836,6.8836,6.8836,6.8836,6.8836,6.8836,6.8836,6.8836,6.8836,6.8836,6.8836,6.8836,6.8836,6.8836,6.8836,6.8836,6.8836,6.8836,6.8836,6.8836,6.8836,6.8836,6.8836,6.8836,6.8836,6.8836,6.8836,6.8836,6.8836,6.8836,6.8836,6.8836,6.8836,6.8836,6.8836,6.8836,6.8836,6.8836,6.8836,6.8836,6.8836,6.8836,6.8836,6.8836,6.8836,6.8836,6.8836,6.8836,6.8836,6.8836,6.8836,6.8836,6.8836,6.8836,6.8836,6.8836,6.8836,6.8836,6.8836,6.8836,6.8836,6.8836,6.8836,6.8836,6.8836,6.8836,6.8836,6.8836,6.8836,6.8836,6.8836,6.8836,6.8836,6.8836,6.8836,6.8836,6.8836,6.8836,6.8836,6.8836,6.8836,6.8836,6.8836,6.8836,6.8836,6.8836,6.8836,6.8836,6.8836,6.8836,6.8836,6.8836,6.8836,6.8836,6.8836,6.8836,6.8836,6.8836,6.8836,6.8836,6.8836,6.8836,6.8836,6.8836,6.8836,6.8836,6.8836,6.8836,6.8836,6.8836,6.8836,6.8836,6.8836,6.8836,6.8836,6.8836,6.8836,6.8836,6.8836,6.8836,6.8836,6.8836,6.8836,6.8836,6.8836,6.8836,6.8836,6.8836,6.8836,6.8836,6.8836,6.8836,6.8836,6.8836,6.8836,6.8836,6.8836,6.8836,6.8836,6.8836,6.8836,6.8836,6.8836,6.8836,6.8836,6.8836,6.8836,6.8836,6.8836,6.8836,6.8836,6.8836,6.8836,6.8836,6.8836,6.8836,6.8836,6.8836,6.8836,6.8836,6.8836,6.8836,6.8836,6.8836,6.8836,6.8836,6.8836,6.8836,6.8836,6.8836,6.8836,6.8836,6.8836,6.8836,6.8836,6.8836,6.8836,6.8836,6.8836,6.8836,6.8836,6.8836,6.8836,6.8836,6.8836,6.8836,6.8836,6.8836,6.8836,6.8836,6.8836,6.8836,6.8836,6.8836,6.8836,6.8836,6.8836,6.8836,6.8836,6.8836,6.8836,6.8836,6.8836,6.8836,6.8836,6.8836,6.8836,6.8836,6.8836,6.8836,6.8836,6.8836,6.8836,6.8836,6.8836,6.8836,6.8836,6.8836,6.8836,6.8836,6.8836,6.8836,6.8836,6.8836,6.8836,6.8836,6.8836,6.8836,6.8836,6.8836,6.8836,6.8836,6.8836,6.8836,6.8836,6.8836,6.8836,6.8836,6.8836,6.8836,6.8836,6.8836,6.8836,6.8836,6.8836,6.8836,6.8836,6.8836,6.8836,6.8836,6.8836,6.8836,6.8836,6.8836,6.8836,6.8836,6.8836,6.8836,6.8836,6.8836,6.8836,6.8836,6.8836,6.8836,6.8836,6.8836,6.8836,6.8836,6.8836,6.8836,6.8836,6.8836,6.8836,6.8836,6.8836,6.8836,6.8836,6.8836,6.8836,6.8836,6.8836,6.8836,6.8836,6.8836,6.8836,6.8836,6.8836,6.8836,6.8836,6.8836,6.8836,6.8836,6.8836,6.1611,6.1082,6.0578,6.0146,6.0071,5.9998,5.9923,5.9848,5.9774,5.9699,5.9627,5.9553,5.9477,5.9404,5.9330,5.9257,5.9184,5.9111,5.9038,5.9007,5.8990,5.8976,5.8962,5.8945,5.8930,5.8914,5.8899,5.8883,5.8866,5.8852,5.8835,5.8821,5.8805,5.8788,5.8774,5.8757,5.8743,5.8726,5.8710,5.8696,5.8681,5.8665,5.8651,5.8671,5.8692,5.8714,5.8735,5.8757,5.8778,5.8798,5.8821,5.8844,5.8864,5.8887,5.8910,5.8930,5.8953,5.8976,5.8997,5.9020,5.9042,5.9065,5.9088,5.9111,5.9136,5.9159,5.9184,5.9261,5.9336,5.9414,5.9490,5.9568,5.9646,5.9725,5.9803,5.9882,5.9959,6.0034,6.0112,6.0187,6.0263,6.0341,6.0417,6.0830,6.1285,6.1616,6.1838,6.2048,6.2262,6.2948,6.3050,6.3152,6.3252,6.3357,6.3457,6.3561,6.3662,6.3763,6.3814,6.3853,6.3892,6.3945,6.4028,6.4109,6.4187,6.4273,6.4355,6.4431,6.4520,6.4597,6.4682,6.4759,6.4844,6.4914,6.4982,6.5053,6.5116,6.5181,6.5255,6.5318,6.5379,6.5446,6.5517,6.5584,6.5650,6.5738,6.5965,6.6183,6.6411,6.6622,6.6842,6.7063,6.7286,6.7505,6.8836,6.8836,6.8836,6.8836,6.8836,6.8836,6.8836,6.8836,6.8836,6.8836,6.8836,6.8836,6.8836,6.8836,6.8836,6.8836,6.8836,6.8836,6.8836,6.8836,6.8836,6.8836,6.8836,6.8836,6.8836,6.8836,6.8836,6.8836,6.8836,6.8836,6.8836,6.8836,6.8836,6.8836,6.8836,6.8836,6.8836,6.8836,6.8836,6.8836,6.8836,6.8836,6.8836,6.8836,6.8836,6.8836,6.8836,6.8836,6.8836,6.8836,6.8836,6.8836,6.8836,6.8836,6.8836,6.8836,6.8836,6.8836,6.8836,6.8836,6.8836,6.8836,6.8836,6.8836,6.8836,6.8836,6.8836,6.8836,6.8836,6.8836,6.8836,6.8836,6.8836,6.8836,6.8836,6.8836,6.8836,6.8836,6.8836,6.8836,6.8836,6.8836,6.8836,6.8836,6.8836,6.8836,6.8836,6.8836,6.8836,6.8836,6.8836,6.8836,6.8836,6.8836,6.8836,6.8836,6.8836,6.8836,6.8836,6.8836,6.8836,6.8836,6.8836,6.8836,6.8836,6.8836,6.8836,6.8836,6.8836,6.8836,6.8836,6.8836,6.8836,6.8836,6.8836,6.8836,6.8836,6.8836,6.8836,6.8836,6.8836,6.8836,6.8836,6.8836,6.8836,6.8836,6.8836,6.8836,6.8836,6.8836,6.8836,6.8836,6.8836,6.8836,6.8836,6.8836,6.8836,6.8836,6.8836,6.8836,6.8836,6.8836,6.8836,6.8836,6.8836,6.8836,6.8836,6.8836,6.8836,6.8836,6.8836,6.8836,6.8836,6.8836,6.8836,6.8836,6.8836,6.8836,6.8836,6.8836,6.8836,6.8836,6.8836,6.8836,6.8836,6.8836,6.8836,6.8836,6.8836,6.8836,6.8836,6.8836,6.8836,6.8836,6.8836,6.8836,6.8836,6.8836,6.8836,6.8836,6.8836,6.8836,6.8836,6.8836,6.8836,6.8836,6.8836,6.8836,6.8836,6.8836,6.8836,6.8836,6.8836,6.8836,6.8836,6.8836,6.8836,6.8836,6.8836,6.8836,6.8836,6.8836,6.8836,6.8836,6.8836,6.8836,6.8836,6.8836,6.8836,6.8836,6.8836,6.8836,6.8836,6.8836,6.8836,6.8836,6.8836,6.8836,6.8836,6.8836,6.8836,6.8836,6.8836,6.8836,6.8836,6.8836,6.8836,6.8836,6.8836,6.8836,6.8836,6.8836,6.8836,6.8836,6.8836,6.8836,6.8836,6.8836,6.8836,6.8836,6.8836,6.8836,6.8836,6.8836,6.8836,6.8836,6.8836,6.8836,6.8836,6.8836,6.8836,6.8836,6.8836,6.8836,6.8836,6.8836,6.8836,6.8836,6.8836,6.8836,6.8836,6.8836,6.8836,6.8836,6.8836,6.8836,6.8836,6.8836,6.8836,6.8836,6.8836,6.8836,6.8836,6.8836,6.8836,6.8836,6.8836,6.8836,6.8836,6.8836,6.8836,6.8836,6.8836,6.8836,6.8836,6.8836,6.8836,6.8836,6.8836,6.8836,6.8836,6.8836,6.8836,6.8836,6.8836,6.8836,6.8836,6.8836,6.8836,6.8836,6.8836,6.8836,6.8836,6.8836,6.8836,6.8836,6.8836,6.8836,6.8836,6.8836,6.8836,6.8836,6.8836,6.8836,6.8836,6.8836,6.8836,6.8836,6.8836,6.8836,6.8836,6.8836,6.8836,6.8836,6.8836,6.8836,6.8836,6.8836,6.8836,6.8836,6.8836,6.8836,6.8836,6.8836,6.8836,6.8836,6.8836,6.8836,6.8836,6.8836,6.8831,6.8831,6.8831,6.8831,6.8831,6.8831,6.8831,6.8831,6.8831,6.8831,6.8831,6.8831,6.8831,6.8831,6.8831,6.8831,6.8831,6.8831,6.8831,6.8831,6.8831,6.8831,6.8831,6.8831,6.8831,6.8831,6.8831,6.8831,6.8831,6.8831,6.8831,6.8831,6.8831,6.8831,6.8831,6.8831,6.8831,6.8831,6.8831,6.8831,6.8831,6.8831,6.8831,6.8831,6.8831,6.8831,6.8831,6.8831,6.8831,6.8831,6.8831,6.8831,6.8831,6.8831,6.8831,6.8831,6.8831,6.8831,6.8831,6.8831,6.8831,6.8831,6.8831,6.8831,6.8831,6.8831,6.8831,6.8831,6.8831,6.8831,6.8831,6.8831,6.8831,6.8831,6.8831,6.8831,6.8831,6.8831,6.8831,6.8831,6.8831,6.8831,6.8831,6.8831,6.8831,6.8831,6.8831,6.8831,6.8831,6.8831,6.8831,6.8831,6.8831,6.8831,6.8831,6.8831,6.8831,6.8831,6.8831,6.8831,6.8831,6.8831,6.8831,6.8831
6.8783,6.8783,6.8783,6.8783,6.8783,6.8783,6.8783,6.8783,6.8783,6.8783,6.8783,6.8783,6.8783,6.8783,6.8783,6.8783,6.8783,6.8783,6.8783,6.8783,6.8783,6.8783,6.8783,6.8783,6.8783,6.8783,6.8783,6.8783,6.8783,6.8783,6.8783,6.8783,6.8783,6.8783,6.8783,6.8783,6.8783,6.8783,6.8783,6.8783,6.8783,6.8783,6.8783,6.8783,6.8783,6.8783,6.8783,6.8783,6.8783,6.8783,6.8783,6.8783,6.8783,6.8783,6.8783,6.8783,6.8783,6.8783,6.8783,6.8783,6.8783,6.8783,6.8783,6.8783,6.8783,6.8783,6.8783,6.8783,6.8783,6.8783,6.8783,6.8783,6.8783,6.8783,6.8783,6.8783,6.8783,6.8783,6.8783,6.8783,6.8783,6.8783,6.8783,6.8783,6.8783,6.8783,6.8783,6.8783,6.8783,6.8783,6.8783,6.8783,6.8783,6.8783,6.8783,6.8783,6.8783,6.8783,6.8783,6.8783,6.8783,6.8783,6.8783,6.8783,6.8783,6.8783,6.8783,6.8783,6.8783,6.8783,6.8783,6.8783,6.8783,6.8783,6.8783,6.8783,6.8783,6.8783,6.8783,6.8783,6.8783,6.8783,6.8783,6.8783,6.8783,6.8783,6.8783,6.8783,6.8783,6.8783,6.8783,6.8783,6.8783,6.8783,6.8783,6.8783,6.8783,6.8783,6.8783,6.8783,6.8783,6.8783,6.8783,6.8783,6.8783,6.8783,6.8783,6.8783,6.8783,6.8783,6.8783,6.8783,6.8783,6.8783,6.8783,6.8783,6.8783,6.8783,6.8783,6.8783,6.8783,6.8783,6.8783,6.8783,6.8783,6.8783,6.8783,6.8783,6.8783,6.8783,6.8783,6.8783,6.8783,6.8783,6.8783,6.8783,6.8783,6.8783,6.8783,6.8783,6.8783,6.8783,6.8783,6.8783,6.8783,6.8783,6.8783,6.8783,6.8783,6.8783,6.8783,6.8783,6.8783,6.8783,6.8783,6.8783,6.8783,6.8783,6.8783,6.8783,6.8783,6.8783,6.8783,6.8783,6.8783,6.8783,6.8783,6.8783,6.8783,6.8783,6.8783,6.8783,6.8783,6.8783,6.8783,6.8783,6.8783,6.8783,6.8783,6.8783,6.8783,6.8783,6.8783,6.8783,6.8783,6.8783,6.8783,6.8783,6.8783,6.8783,6.8783,6.8783,6.8783,6.8783,6.8783,6.8783,6.8783,6.8783,6.8783,6.8783,6.8783,6.8783,6.8783,6.8783,6.8783,6.8783,6.8783,6.8783,6.8783,6.8783,6.8783,6.8783,6.8783,6.8783,6.8783,6.8783,6.8783,6.8783,6.8783,6.8783,6.8783,6.8783,6.8783,6.8783,6.8783,6.8783,6.8783,6.8783,6.8783,6.8783,6.8783,6.8783,6.8783,6.8783,6.8783,6.8783,6.8783,6.8783,6.8783,6.8783,6.8783,6.8783,6.8783,6.8783,6.8783,6.8783,6.8783,6.8783,6.8783,6.8783,6.8783,6.8783,6.8783,6.8783,6.8783,6.8783,6.8783,6.8783,6.8783,6.8783,6.8783,6.8783,6.8783,6.8783,6.8783,6.8783,6.8783,6.8783,6.8783,6.8783,6.8783,6.8783,6.8783,6.8783,6.8783,6.8783,6.8783,6.8783,6.8783,6.8783,6.8783,6.8783,6.8783,6.8783,6.8783,6.8783,6.8783,6.8783,6.8783,6.8783,6.8783,6.8783,6.8783,6.8783,6.8783,6.8783,6.8783,6.8783,6.8783,6.8783,6.8783,6.8783,6.8783,6.8783,6.8783,6.8783,6.8783,6.8783,6.8783,6.8783,6.8783,6.8783,6.8783,6.8783,6.8783,6.8783,6.8783,6.8783,6.8783,6.8783,6.8783,6.8783,6.8783,6.8783,6.8783,6.8783,6.8783,6.8783,6.8783,6.8783,6.8783,6.8783,6.8783,6.8783,6.8783,6.8783,6.8783,6.8783,6.8783,6.8783,6.8783,6.8783,6.1706,6.1174,6.0663,6.0187,6.0114,6.0039,5.9964,5.9889,5.9816,5.9742,5.9667,5.9593,5.9519,5.9446,5.9372,5.9299,5.9223,5.9150,5.9078,5.9042,5.9026,5.9011,5.8995,5.8980,5.8964,5.8949,5.8933,5.8918,5.8902,5.8887,5.8871,5.8854,5.8840,5.8823,5.8809,5.8792,5.8776,5.8761,5.8745,5.8731,5.8714,5.8700,5.8685,5.8702,5.8724,5.8745,5.8765,5.8788,5.8809,5.8831,5.8852,5.8875,5.8895,5.8918,5.8941,5.8962,5.8984,5.9007,5.9028,5.9053,5.9076,5.9098,5.9121,5.9144,5.9167,5.9190,5.9213,5.9290,5.9366,5.9444,5.9519,5.9598,5.9674,5.9752,5.9831,5.9910,5.9989,6.0062,6.0138,6.0215,6.0291,6.0369,6.0445,6.0835,6.1290,6.1591,6.1815,6.2028,6.2239,6.2454,6.2946,6.3048,6.3150,6.3249,6.3354,6.3455,6.3558,6.3659,6.3761,6.3802,6.3851,6.3931,6.4014,6.4092,6.4178,6.4261,6.4342,6.4424,6.4505,6.4582,6.4664,6.4749,6.4832,6.4912,6.4975,6.5040,6.5108,6.5174,6.5247,6.5313,6.5377,6.5443,6.5509,6.5576,6.5643,6.5841,6.6058,6.6283,6.6508,6.6722,6.6935,6.7160,6.7384,6.8783,6.8783,6.8783,6.8783,6.8783,6.8783,6.8783,6.8783,6.8783,6.8783,6.8783,6.8783,6.8783,6.8783,6.8783,6.8783,6.8783,6.8783,6.8783,6.8783,6.8783,6.8783,6.8783,6.8783,6.8783,6.8783,6.8783,6.8783,6.8783,6.8783,6.8783,6.8783,6.8783,6.8783,6.8783,6.8783,6.8783,6.8783,6.8783,6.8783,6.8783,6.8783,6.8783,6.8783,6.8783,6.8783,6.8783,6.8783,6.8783,6.8783,6.8783,6.8783,6.8783,6.8783,6.8783,6.8783,6.8783,6.8783,6.8783,6.8783,6.8783,6.8783,6.8783,6.8783,6.8783,6.8783,6.8783,6.8783,6.8783,6.8783,6.8783,6.8783,6.8783,6.8783,6.8783,6.8783,6.8783,6.8783,6.8783,6.8783,6.8783,6.8783,6.8783,6.8783,6.8783,6.8783,6.8783,6.8783,6.8783,6.8783,6.8783,6.8783,6.8783,6.8783,6.8783,6.8783,6.8783,6.8783,6.8783,6.8783,6.8783,6.8783,6.8783,6.8783,6.8783,6.8783,6.8783,6.8783,6.8783,6.8783,6.8783,6.8783,6.8783,6.8783,6.8783,6.8783,6.8783,6.8783,6.8783,6.8783,6.8783,6.8783,6.8783,6.8783,6.8783,6.8783,6.8783,6.8783,6.8783,6.8783,6.8783,6.8783,6.8783,6.8783,6.8783,6.8783,6.8783,6.8783,6.8783,6.8783,6.8783,6.8783,6.8783,6.8783,6.8783,6.8783,6.8783,6.8783,6.8783,6.8783,6.8783,6.8783,6.8783,6.8783,6.8783,6.8783,6.8783,6.8783,6.8783,6.8783,6.8783,6.8783,6.8783,6.8783,6.8783,6.8783,6.8783,6.8783,6.8783,6.8783,6.8783,6.8783,6.8783,6.8783,6.8783,6.8783,6.8783,6.8783,6.8783,6.8783,6.8783,6.8783,6.8783,6.8783,6.8783,6.8783,6.8783,6.8783,6.8783,6.8783,6.8783,6.8783,6.8783,6.8783,6.8783,6.8783,6.8783,6.8783,6.8783,6.8783,6.8783,6.8783,6.8783,6.8783,6.8783,6.8783,6.8783,6.8783,6.8783,6.8783,6.8783,6.8783,6.8783,6.8783,6.8783,6.8783,6.8783,6.8783,6.8783,6.8783,6.8783,6.8783,6.8783,6.8783,6.8783,6.8783,6.8783,6.8783,6.8783,6.8783,6.8783,6.8783,6.8783,6.8783,6.8783,6.8783,6.8783,6.8783,6.8783,6.8783,6.8783,6.8783,6.8783,6.8783,6.8783,6.8783,6.8783,6.8783,6.8783,6.8783,6.8783,6.8783,6.8783,6.8783,6.8783,6.8783,6.8783,6.8783,6.8783,6.8783,6.8783,6.8783,6.8783,6.8783,6.8783,6.8783,6.8783,6.8783,6.8783,6.8783,6.8783,6.8783,6.8783,6.8783,6.8783,6.8783,6.8783,6.8783,6.8783,6.8783,6.8783,6.8783,6.8783,6.8783,6.8783,6.8783,6.8783,6.8783,6.8783,6.8783,6.8783,6.8783,6.8783,6.8783,6.8783,6.8783,6.8783,6.8783,6.8783,6.8783,6.8783,6.8783,6.8783,6.8783,6.8783,6.8783,6.8783,6.8783,6.8783,6.8783,6.8783,6.8783,6.8783,6.8783,6.8783,6.8783,6.8783,6.8783,6.8783,6.8783,6.8783,6.8783,6.8783,6.8783,6.8783,6.8783,6.8783,6.8783,6.8783,6.8783,6.8783,6.8783,6.8783,6.8783,6.8783,6.8783,6.8783,6.8783,6.8783,6.8783,6.8783,6.8783,6.8783,6.8783,6.8783,6.8783,6.8783,6.8783,6.8783,6.8783,6.8783,6.8783,6.8783,6.8783,6.8783,6.8783,6.8783,6.8783,6.8783,6.8783,6.8783,6.8783,6.8783,6.8783,6.8783,6.8783,6.8783,6.8783,6.8783,6.8783,6.8783,6.8783,6.8783,6.8783,6.8783,6.8783,6.8783,6.8783,6.8783,6.8783,6.8783,6.8783,6.8783,6.8783,6.8783,6.8783,6.8783,6.8783,6.8783,6.8783,6.8783,6.8783,6.8783,6.8783,6.8783,6.8783,6.8783,6.8783,6.8783,6.8783,6.8783,6.8783,6.8783,6.8783,6.8783,6.8783,6.8783,6.8783,6.8783,6.8783,6.8783,6.8783,6.8783,6.8783,6.8783,6.8783,6.8783,6.8783,6.8783,6.8783,6.8783,6.8783,6.8783,6.8783,6.8783,6.8783,6.8783,6.8783,6.8783,6.8783,6.8783,6.8783,6.8783,6.8783,6.8783,6.8783,6.8783,6.8783,6.8783,6.8783,6.8783,6.8783,6.8783,6.8783,6.8783
6.8724,6.8724,6.8724,6.8724,6.8724,6.8724,6.8724,6.8724,6.8724,6.8724,6.8724,6.8724,6.8724,6.8724,6.8724,6.8724,6.8724,6.8724,6.8724,6.8724,6.8724,6.8724,6.8724,6.8724,6.8724,6.8724,6.8724,6.8724,6.8724,6.8724,6.8724,6.8724,6.8724,6.8724,6.8724,6.8724,6.8724,6.8724,6.8724,6.8724,6.8724,6.8724,6.8724,6.8724,6.8724,6.8724,6.8724,6.8724,6.8724,6.8724,6.8724,6.8724,6.8724,6.8724,6.8724,6.8724,6.8724,6.8724,6.8724,6.8724,6.8724,6.8724,6.8724,6.8724,6.8724,6.8724,6.8724,6.8724,6.8724,6.8724,6.8724,6.8724,6.8724,6.8724,6.8724,6.8724,6.8724,6.8724,6.8724,6.8724,6.8724,6.8724,6.8724,6.8724,6.8724,6.8724,6.8724,6.8724,6.8724,6.8724,6.8724,6.8724,6.8724,6.8724,6.8724,6.8724,6.8724,6.8724,6.8724,6.8724,6.8724,6.8724,6.8724,6.8724,6.8724,6.8724,6.8724,6.8724,6.8724,6.8724,6.8724,6.8724,6.8724,6.8724,6.8724,6.8724,6.8724,6.8724,6.8724,6.8724,6.8724,6.8724,6.8724,6.8724,6.8724,6.8724,6.8724,6.8724,6.8724,6.8724,6.8724,6.8724,6.8724,6.8724,6.8724,6.8724,6.8724,6.8724,6.8724,6.8724,6.8724,6.8724,6.8724,6.8724,6.8724,6.8724,6.8724,6.8724,6.8724,6.8724,6.8724,6.8724,6.8724,6.8724,6.8724,6.8724,6.8724,6.8724,6.8724,6.8724,6.8724,6.8724,6.8724,6.8724,6.8724,6.8724,6.8724,6.8724,6.8724,6.8724,6.8724,6.8724,6.8724,6.8724,6.8724,6.8724,6.8724,6.8724,6.8724,6.8724,6.8724,6.8724,6.8724,6.8724,6.8724,6.8724,6.8724,6.8724,6.8724,6.8724,6.8724,6.8724,6.8724,6.8724,6.8724,6.8724,6.8724,6.8724,6.8724,6.8724,6.8724,6.8724,6.8724,6.8724,6.8724,6.8724,6.8724,6.8724,6.8724,6.8724,6.8724,6.8724,6.8724,6.8724,6.8724,6.8724,6.8724,6.8724,6.8724,6.8724,6.8724,6.8724,6.8724,6.8724,6.8724,6.8724,6.8724,6.8724,6.8724,6.8724,6.8724,6.8724,6.8724,6.8724,6.8724,6.8724,6.8724,6.8724,6.8724,6.8724,6.8724,6.8724,6.8724,6.8724,6.8724,6.8724,6.8724,6.8724,6.8724,6.8724,6.8724,6.8724,6.8724,6.8724,6.8724,6.8724,6.8724,6.8724,6.8724,6.8724,6.8724,6.8724,6.8724,6.8724,6.8724,6.8724,6.8724,6.8724,6.8724,6.8724,6.8724,6.8724,6.8724,6.8724,6.8724,6.8724,6.8724,6.8724,6.8724,6.8724,6.8724,6.8724,6.8724,6.8724,6.8724,6.8724,6.8724,6.8724,6.8724,6.8724,6.8724,6.8724,6.8724,6.8724,6.8724,6.8724,6.8724,6.8724,6.8724,6.8724,6.8724,6.8724,6.8724,6.8724,6.8724,6.8724,6.8724,6.8724,6.8724,6.8724,6.8724,6.8724,6.8724,6.8724,6.8724,6.8724,6.8724,6.8724,6.8724,6.8724,6.8724,6.8724,6.8724,6.8724,6.8724,6.8724,6.8724,6.8724,6.8724,6.8724,6.8724,6.8724,6.8724,6.8724,6.8724,6.8724,6.8724,6.8724,6.8724,6.8724,6.8724,6.8724,6.8724,6.8724,6.8724,6.8724,6.8724,6.8724,6.8724,6.8724,6.8724,6.8724,6.8724,6.8724,6.8724,6.8724,6.8724,6.8724,6.8724,6.8724,6.8724,6.8724,6.8724,6.8724,6.8724,6.8724,6.8724,6.8724,6.8724,6.8724,6.8724,6.8724,6.8724,6.8724,6.8724,6.8724,6.8724,6.8724,6.8724,6.8724,6.8724,6.8724,6.1797,6.1265,6.0749,6.0230,6.0155,6.0079,6.0006,5.9931,5.9857,5.9782,5.9710,5.9636,5.9562,5.9486,5.9412,5.9339,5.9265,5.9192,5.9119,5.9076,5.9061,5.9044,5.9030,5.9013,5.8999,5.8982,5.8968,5.8951,5.8937,5.8920,5.8906,5.8889,5.8873,5.8858,5.8842,5.8827,5.8811,5.8796,5.8780,5.8765,5.8749,5.8735,5.8718,5.8733,5.8755,5.8776,5.8798,5.8819,5.8840,5.8862,5.8883,5.8906,5.8926,5.8949,5.8972,5.8993,5.9015,5.9038,5.9061,5.9084,5.9107,5.9130,5.9153,5.9175,5.9198,5.9221,5.9244,5.9318,5.9395,5.9471,5.9549,5.9627,5.9704,5.9782,5.9859,5.9938,6.0013,6.0090,6.0166,6.0243,6.0319,6.0397,6.0473,6.0839,6.1294,6.1568,6.1793,6.2005,6.2218,6.2431,6.2842,6.2944,6.3045,6.3147,6.3247,6.3350,6.3453,6.3556,6.3657,6.3756,6.3839,6.3919,6.3999,6.4085,6.4165,6.4246,6.4325,6.4407,6.4493,6.4575,6.4654,6.4732,6.4817,6.4894,6.4972,6.5038,6.5101,6.5166,6.5240,6.5301,6.5369,6.5430,6.5497,6.5568,6.5715,6.5936,6.6157,6.6382,6.6603,6.6813,6.7031,6.7259,6.8724,6.8724,6.8724,6.8724,6.8724,6.8724,6.8724,6.8724,6.8724,6.8729,6.8729,6.8729,6.8729,6.8729,6.8729,6.8729,6.8729,6.8729,6.8729,6.8729,6.8729,6.8729,6.8729,6.8729,6.8729,6.8729,6.8729,6.8729,6.8729,6.8729,6.8729,6.8729,6.8729,6.8729,6.8729,6.8729,6.8729,6.8729,6.8729,6.8729,6.8729,6.8729,6.8729,6.8729,6.8729,6.8729,6.8729,6.8729,6.8729,6.8729,6.8729,6.8729,6.8729,6.8729,6.8729,6.8729,6.8729,6.8729,6.8729,6.8729,6.8729,6.8729,6.8729,6.8729,6.8729,6.8729,6.8729,6.8729,6.8729,6.8729,6.8729,6.8729,6.8729,6.8729,6.8729,6.8729,6.8729,6.8729,6.8729,6.8729,6.8729,6.8729,6.8729,6.8729,6.8729,6.8729,6.8729,6.8729,6.8729,6.8729,6.8729,6.8729,6.8729,6.8729,6.8729,6.8729,6.8729,6.8729,6.8729,6.8729,6.8729,6.8729,6.8729,6.8729,6.8729,6.8729,6.8729,6.8729,6.8729,6.8729,6.8729,6.8729,6.8729,6.8729,6.8729,6.8729,6.8729,6.8729,6.8729,6.8729,6.8729,6.8729,6.8729,6.8729,6.8729,6.8729,6.8729,6.8729,6.8729,6.8729,6.8729,6.8729,6.8729,6.8729,6.8729,6.8729,6.8729,6.8729,6.8729,6.8729,6.8729,6.8729,6.8729,6.8729,6.8729,6.8729,6.8729,6.8729,6.8729,6.8729,6.8729,6.8729,6.8729,6.8729,6.8729,6.8729,6.8729,6.8729,6.8729,6.8729,6.8729,6.8729,6.8729,6.8729,6.8729,6.8729,6.8729,6.8729,6.8729,6.8729,6.8729,6.8729,6.8729,6.8729,6.8729,6.8729,6.8729,6.8729,6.8729,6.8729,6.8729,6.8729,6.8729,6.8729,6.8729,6.8729,6.8729,6.8729,6.8729,6.8729,6.8729,6.8729,6.8729,6.8729,6.8729,6.8729,6.8729,6.8729,6.8729,6.8729,6.8729,6.8729,6.8729,6.8729,6.8729,6.8729,6.8729,6.8729,6.8729,6.8729,6.8729,6.8729,6.8729,6.8729,6.8729,6.8729,6.8729,6.8729,6.8729,6.8729,6.8729,6.8729,6.8729,6.8729,6.8729,6.8729,6.8729,6.8729,6.8729,6.8729,6.8729,6.8729,6.8729,6.8729,6.8729,6.8729,6.8729,6.8729,6.8729,6.8729,6.8729,6.8729,6.8729,6.8729,6.8729,6.8729,6.8729,6.8729,6.8729,6.8729,6.8729,6.8729,6.8729,6.8729,6.8729,6.8729,6.8729,6.8729,6.8729,6.8729,6.8729,6.8729,6.8729,6.8729,6.8729,6.8729,6.8729,6.8729,6.8729,6.8729,6.8729,6.8729,6.8729,6.8729,6.8729,6.8729,6.8729,6.8729,6.8729,6.8729,6.8729,6.8729,6.8729,6.8729,6.8729,6.8729,6.8729,6.8729,6.8729,6.8729,6.8729,6.8729,6.8729,6.8729,6.8729,6.8729,6.8729,6.8729,6.8729,6.8729,6.8729,6.8729,6.8729,6.8729,6.8729,6.8729,6.8729,6.8729,6.8729,6.8729,6.8729,6.8729,6.8729,6.8729,6.8729,6.8729,6.8729,6.8729,6.8729,6.8729,6.8729,6.8729,6.8729,6.8729,6.8729,6.8729,6.8729,6.8729,6.8729,6.8729,6.8729,6.8729,6.8729,6.8729,6.8729,6.8729,6.8729,6.8729,6.8729,6.8729,6.8729,6.8729,6.8729,6.8729,6.8729,6.8729,6.8729,6.8729,6.8729,6.8729,6.8729,6.8729,6.8729,6.8729,6.8729,6.8729,6.8729,6.8729,6.8729,6.8729,6.8729,6.8729,6.8729,6.8729,6.8729,6.8729,6.8729,6.8729,6.8729,6.8729,6.8729,6.8729,6.8729,6.8729,6.8729,6.8729,6.8729,6.8729,6.8729,6.8729,6.8729,6.8729,6.8729,6.8729,6.8729,6.8729,6.8729,6.8729,6.8729,6.8729,6.8729,6.8729,6.8729,6.8729,6.8729,6.8729,6.8729,6.8729,6.8729,6.8729,6.8729,6.8729,6.8729,6.8729,6.8729,6.8729,6.8729,6.8729,6.8729,6.8729,6.8729,6.8729,6.8729,6.8729,6.8729,6.8729,6.8729,6.8729,6.8729,6.8729,6.8729,6.8729,6.8729,6.8729,6.8729,6.8729,6.8729,6.8729,6.8729,6.8729,6.8729,6.8729,6.8729,6.8729,6.8729,6.8729,6.8729,6.8729,6.8729,6.8729,6.8729,6.8729,6.8729,6.8729,6.8729,6.8729
6.8679,6.8679,6.8679,6.8679,6.8679,6.8679,6.8679,6.8679,6.8679,6.8679,6.8679,6.8679,6.8679,6.8679,6.8679,6.8679,6.8679,6.8679,6.8679,6.8679,6.8679,6.8679,6.8679,6.8679,6.8679,6.8679,6.8679,6.8679,6.8679,6.8679,6.8679,6.8679,6.8679,6.8679,6.8679,6.8679,6.8679,6.8679,6.8679,6.8679,6.8679,6.8679,6.8679,6.8679,6.8679,6.8679,6.8679,6.8679,6.8679,6.8679,6.8679,6.8679,6.8679,6.8679,6.8679,6.8679,6.8679,6.8679,6.8679,6.8679,6.8679,6.8679,6.8679,6.8679,6.8679,6.8679,6.8679,6.8679,6.8679,6.8679,6.8679,6.8679,6.8679,6.8679,6.8679,6.8679,6.8679,6.8679,6.8679,6.8679,6.8679,6.8679,6.8679,6.8679,6.8679,6.8679,6.8679,6.8679,6.8679,6.8679,6.8679,6.8679,6.8679,6.8679,6.8679,6.8679,6.8679,6.8679,6.8679,6.8679,6.8679,6.8679,6.8679,6.8679,6.8679,6.8679,6.8679,6.8679,6.8679,6.8679,6.8679,6.8679,6.8679,6.8679,6.8679,6.8679,6.8679,6.8679,6.8679,6.8679,6.8679,6.8679,6.8679,6.8679,6.8679,6.8679,6.8679,6.8679,6.8679,6.8679,6.8679,6.8679,6.8679,6.8679,6.8679,6.8679,6.8679,6.8679,6.8679,6.8679,6.8679,6.8679,6.8679,6.8679,6.8679,6.8679,6.8679,6.8679,6.8679,6.8679,6.8679,6.8679,6.8679,6.8679,6.8679,6.8679,6.8679,6.8679,6.8679,6.8679,6.8679,6.8679,6.8679,6.8679,6.8679,6.8679,6.8679,6.8679,6.8679,6.8679,6.8679,6.8679,6.8679,6.8679,6.8679,6.8679,6.8679,6.8679,6.8679,6.8679,6.8679,6.8679,6.8679,6.8679,6.8679,6.8679,6.8679,6.8679,6.8679,6.8679,6.8679,6.8679,6.8679,6.8679,6.8679,6.8679,6.8679,6.8679,6.8679,6.8679,6.8679,6.8679,6.8679,6.8679,6.8679,6.8679,6.8679,6.8679,6.8679,6.8679,6.8679,6.8679,6.8679,6.8679,6.8679,6.8679,6.8679,6.8679,6.8679,6.8679,6.8679,6.8679,6.8679,6.8679,6.8679,6.8679,6.8679,6.8679,6.8679,6.8679,6.8679,6.8679,6.8679,6.8679,6.8679,6.8679,6.8679,6.8679,6.8679,6.8679,6.8679,6.8679,6.8679,6.8679,6.8679,6.8679,6.8679,6.8679,6.8679,6.8679,6.8679,6.8679,6.8679,6.8679,6.8679,6.8679,6.8679,6.8679,6.8679,6.8679,6.8679,6.8679,6.8679,6.8679,6.8679,6.8679,6.8679,6.8679,6.8679,6.8679,6.8679,6.8679,6.8679,6.8679,6.8679,6.8679,6.8679,6.8679,6.8679,6.8679,6.8679,6.8679,6.8679,6.8679,6.8679,6.8679,6.8679,6.8679,6.8679,6.8679,6.8679,6.8679,6.8679,6.8679,6.8679,6.8679,6.8679,6.8679,6.8679,6.8679,6.8679,6.8679,6.8679,6.8679,6.8679,6.8679,6.8679,6.8679,6.8679,6.8679,6.8679,6.8679,6.8679,6.8679,6.8679,6.8679,6.8679,6.8679,6.8679,6.8679,6.8679,6.8679,6.8679,6.8679,6.8679,6.8679,6.8679,6.8679,6.8679,6.8679,6.8679,6.8679,6.8679,6.8679,6.8679,6.8679,6.8679,6.8679,6.8679,6.8679,6.8679,6.8679,6.8679,6.8679,6.8679,6.8679,6.8679,6.8679,6.8679,6.8679,6.8679,6.8679,6.8679,6.8679,6.8679,6.8679,6.8679,6.8679,6.8679,6.8679,6.8679,6.8679,6.8679,6.8679,6.8679,6.8679,6.8679,6.8679,6.8679,6.8679,6.8679,6.8679,6.8679,6.8679,6.8679,6.8679,6.8679,6.8679,6.8679,6.8679,6.8679,6.8679,6.8679,6.1357,6.0835,6.0306,6.0198,6.0122,6.0047,5.9972,5.9899,5.9825,5.9752,5.9678,5.9604,5.9528,5.9454,5.9378,5.9305,5.9232,5.9159,5.9111,5.9094,5.9080,5.9063,5.9049,5.9032,5.9017,5.9001,5.8986,5.8972,5.8955,5.8939,5.8924,5.8908,5.8893,5.8877,5.8860,5.8846,5.8831,5.8815,5.8800,5.8784,5.8770,5.8753,5.8765,5.8786,5.8809,5.8829,5.8850,5.8873,5.8893,5.8916,5.8937,5.8957,5.8980,5.9001,5.9024,5.9046,5.9069,5.9092,5.9115,5.9138,5.9161,5.9184,5.9209,5.9232,5.9255,5.9278,5.9347,5.9425,5.9500,5.9579,5.9655,5.9733,5.9810,5.9889,5.9966,6.0041,6.0118,6.0194,6.0271,6.0347,6.0425,6.0501,6.0843,6.1296,6.1544,6.1772,6.1982,6.2195,6.2408,6.2624,6.2840,6.2941,6.3043,6.3145,6.3261,6.3383,6.3503,6.3623,6.3744,6.3826,6.3907,6.3989,6.4067,6.4148,6.4229,6.4310,6.4399,6.4481,6.4563,6.4642,6.4719,6.4799,6.4882,6.4965,6.5025,6.5098,6.5161,6.5232,6.5298,6.5362,6.5423,6.5494,6.5584,6.5812,6.6030,6.6254,6.6482,6.6693,6.6911,6.7128,6.7357,6.8679,6.8679,6.8679,6.8679,6.8679,6.8679,6.8679,6.8679,6.8679,6.8679,6.8679,6.8679,6.8679,6.8679,6.8679,6.8679,6.8679,6.8679,6.8679,6.8679,6.8679,6.8679,6.8679,6.8679,6.8679,6.8679,6.8679,6.8679,6.8679,6.8679,6.8679,6.8679,6.8679,6.8679,6.8679,6.8679,6.8679,6.8679,6.8679,6.8679,6.8679,6.8679,6.8679,6.8679,6.8679,6.8679,6.8679,6.8679,6.8679,6.8679,6.8679,6.8679,6.8679,6.8679,6.8679,6.8679,6.8679,6.8679,6.8679,6.8679,6.8679,6.8679,6.8679,6.8679,6.8679,6.8679,6.8679,6.8679,6.8679,6.8679,6.8679,6.8679,6.8679,6.8679,6.8679,6.8679,6.8679,6.8679,6.8679,6.8679,6.8679,6.8679,6.8679,6.8679,6.8679,6.8679,6.8679,6.8679,6.8679,6.8679,6.8679,6.8679,6.8679,6.8679,6.8679,6.8679,6.8679,6.8679,6.8679,6.8679,6.8679,6.8679,6.8679,6.8679,6.8679,6.8679,6.8679,6.8679,6.8679,6.8679,6.8679,6.8679,6.8679,6.8679,6.8679,6.8679,6.8679,6.8679,6.8679,6.8679,6.8679,6.8679,6.8679,6.8679,6.8679,6.8679,6.8679,6.8679,6.8679,6.8679,6.8679,6.8679,6.8679,6.8679,6.8679,6.8679,6.8679,6.8679,6.8679,6.8679,6.8679,6.8679,6.8679,6.8679,6.8679,6.8679,6.8679,6.8679,6.8679,6.8679,6.8679,6.8679,6.8679,6.8679,6.8679,6.8679,6.8679,6.8679,6.8679,6.8679,6.8679,6.8679,6.8679,6.8679,6.8679,6.8679,6.8679,6.8679,6.8679,6.8679,6.8679,6.8679,6.8679,6.8679,6.8679,6.8679,6.8679,6.8679,6.8679,6.8679,6.8679,6.8679,6.8679,6.8679,6.8679,6.8679,6.8679,6.8679,6.8679,6.8679,6.8679,6.8679,6.8679,6.8679,6.8679,6.8679,6.8679,6.8679,6.8679,6.8679,6.8679,6.8679,6.8679,6.8679,6.8679,6.8679,6.8679,6.8679,6.8679,6.8679,6.8679,6.8679,6.8679,6.8679,6.8679,6.8679,6.8679,6.8679,6.8679,6.8679,6.8679,6.8679,6.8679,6.8679,6.8679,6.8679,6.8679,6.8679,6.8679,6.8679,6.8679,6.8679,6.8679,6.8679,6.8679,6.8679,6.8679,6.8679,6.8679,6.8679,6.8679,6.8679,6.8679,6.8679,6.8679,6.8679,6.8679,6.8679,6.8679,6.8679,6.8679,6.8679,6.8679,6.8679,6.8679,6.8679,6.8679,6.8679,6.8679,6.8679,6.8679,6.8679,6.8679,6.8679,6.8679,6.8679,6.8679,6.8679,6.8679,6.8679,6.8679,6.8679,6.8679,6.8679,6.8679,6.8679,6.8679,6.8679,6.8679,6.8679,6.8679,6.8679,6.8679,6.8679,6.8679,6.8679,6.8679,6.8679,6.8679,6.8679,6.8679,6.8679,6.8679,6.8679,6.8679,6.8679,6.8679,6.8679,6.8679,6.8679,6.8679,6.8679,6.8679,6.8679,6.8679,6.8679,6.8679,6.8679,6.8679,6.8679,6.8679,6.8679,6.8679,6.8679,6.8679,6.8679,6.8679,6.8679,6.8679,6.8679,6.8679,6.8679,6.8679,6.8679,6.8679,6.8679,6.8679,6.8679,6.8679,6.8679,6.8679,6.8679,6.8679,6.8679,6.8679,6.8679,6.8679,6.8679,6.8679,6.8679,6.8679,6.8679,6.8679,6.8679,6.8679,6.8679,6.8679,6.8679,6.8679,6.8679,6.8679,6.8679,6.8679,6.8679,6.8679,6.8679,6.8679,6.8679,6.8679,6.8679,6.8679,6.8679,6.8679,6.8679,6.8679,6.8679,6.8679,6.8679,6.8679,6.8679,6.8679,6.8679,6.8679,6.8679,6.8679,6.8679,6.8679,6.8679,6.8679,6.8679,6.8679,6.8679,6.8679,6.8679,6.8679,6.8679,6.8679,6.8679,6.8679,6.8679,6.8679,6.8679,6.8679,6.8679,6.8679,6.8679,6.8679,6.8679,6.8679,6.8679,6.8679,6.8679,6.8679,6.8679,6.8679,6.8679,6.8679,6.8679,6.8679,6.8679,6.8679,6.8679,6.8679,6.8679,6.8679,6.8679,6.8679,6.8679,6.8679,6.8679,6.8679,6.8679,6.8679,6.8679,6.8679,6.8679,6.8679,6.8679,6.8679,6.8679,6.8679,6.8679,6.8679,6.8679,6.8679,6.8679,6.8679,6.8679,6.8679,6.8679,6.8679,6.8679,6.8679,6.8679,6.8679,6.8679
6.8625,6.8625,6.8625,6.8625,6.8625,6.8625,6.8625,6.8625,6.8625,6.8625,6.8625,6.8625,6.8625,6.8625,6.8625,6.8625,6.8625,6.8625,6.8625,6.8625,6.8625,6.8625,6.8625,6.8625,6.8625,6.8625,6.8625,6.8625,6.8625,6.8625,6.8625,6.8625,6.8625,6.8625,6.8625,6.8625,6.8625,6.8625,6.8625,6.8625,6.8625,6.8625,6.8625,6.8625,6.8625,6.8625,6.8625,6.8625,6.8625,6.8625,6.8625,6.8625,6.8625,6.8625,6.8625,6.8625,6.8625,6.8625,6.8625,6.8625,6.8625,6.8625,6.8625,6.8625,6.8625,6.8625,6.8625,6.8625,6.8625,6.8625,6.8625,6.8625,6.8625,6.8625,6.8625,6.8625,6.8625,6.8625,6.8625,6.8625,6.8625,6.8625,6.8625,6.8625,6.8625,6.8625,6.8625,6.8625,6.8625,6.8625,6.8625,6.8625,6.8625,6.8625,6.8625,6.8625,6.8625,6.8625,6.8625,6.8625,6.8625,6.8625,6.8625,6.8625,6.8625,6.8625,6.8625,6.8625,6.8625,6.8625,6.8625,6.8625,6.8625,6.8625,6.8625,6.8625,6.8625,6.8625,6.8625,6.8625,6.8625,6.8625,6.8625,6.8625,6.8625,6.8625,6.8625,6.8625,6.8625,6.8625,6.8625,6.8625,6.8625,6.8625,6.8625,6.8625,6.8625,6.8625,6.8625,6.8625,6.8625,6.8625,6.8625,6.8625,6.8625,6.8625,6.8625,6.8625,6.8625,6.8625,6.8625,6.8625,6.8625,6.8625,6.8625,6.8625,6.8625,6.8625,6.8625,6.8625,6.8625,6.8625,6.8625,6.8625,6.8625,6.8625,6.8625,6.8625,6.8625,6.8625,6.8625,6.8625,6.8625,6.8625,6.8625,6.8625,6.8625,6.8625,6.8625,6.8625,6.8625,6.8625,6.8625,6.8625,6.8625,6.8625,6.8625,6.8625,6.8625,6.8625,6.8625,6.8625,6.8625,6.8625,6.8625,6.8625,6.8625,6.8625,6.8625,6.8625,6.8625,6.8625,6.8625,6.8625,6.8625,6.8625,6.8625,6.8625,6.8625,6.8625,6.8625,6.8625,6.8625,6.8625,6.8625,6.8625,6.8625,6.8625,6.8625,6.8625,6.8625,6.8625,6.8625,6.8625,6.8625,6.8625,6.8625,6.8625,6.8625,6.8625,6.8625,6.8625,6.8625,6.8625,6.8625,6.8625,6.8625,6.8625,6.8625,6.8625,6.8625,6.8625,6.8625,6.8625,6.8625,6.8625,6.8625,6.8625,6.8625,6.8625,6.8625,6.8625,6.8625,6.8625,6.8625,6.8625,6.8625,6.8625,6.8625,6.8625,6.8625,6.8625,6.8625,6.8625,6.8625,6.8625,6.8625,6.8625,6.8625,6.8625,6.8625,6.8625,6.8625,6.8625,6.8625,6.8625,6.8625,6.8625,6.8625,6.8625,6.8625,6.8625,6.8625,6.8625,6.8625,6.8625,6.8625,6.8625,6.8625,6.8625,6.8625,6.8625,6.8625,6.8625,6.8625,6.8625,6.8625,6.8625,6.8625,6.8625,6.8625,6.8625,6.8625,6.8625,6.8625,6.8625,6.8625,6.8625,6.8625,6.8625,6.8625,6.8625,6.8625,6.8625,6.8625,6.8625,6.8625,6.8625,6.8625,6.8625,6.8625,6.8625,6.8625,6.8625,6.8625,6.8625,6.8625,6.8625,6.8625,6.8625,6.8625,6.8625,6.8625,6.8625,6.8625,6.8625,6.8625,6.8625,6.8625,6.8625,6.8625,6.8625,6.8625,6.8625,6.8625,6.8625,6.8625,6.8625,6.8625,6.8625,6.8625,6.8625,6.8625,6.8625,6.8625,6.8625,6.8625,6.8625,6.8625,6.8625,6.8625,6.8625,6.8625,6.8625,6.8625,6.8625,6.8625,6.8625,6.8625,6.8625,6.8625,6.8625,6.8625,6.8625,6.8625,6.8625,6.8625,6.8625,6.8625,6.8625,6.8625,6.8625,6.8625,6.1449,6.0923,6.0401,6.0239,6.0163,6.0090,6.0015,5.9940,5.9867,5.9793,5.9721,5.9646,5.9570,5.9494,5.9420,5.9347,5.9274,5.9201,5.9144,5.9130,5.9113,5.9098,5.9082,5.9067,5.9053,5.9036,5.9022,5.9005,5.8990,5.8974,5.8959,5.8943,5.8926,5.8912,5.8895,5.8881,5.8864,5.8850,5.8835,5.8819,5.8805,5.8788,5.8796,5.8817,5.8840,5.8860,5.8883,5.8904,5.8924,5.8947,5.8968,5.8990,5.9011,5.9034,5.9055,5.9078,5.9101,5.9125,5.9148,5.9171,5.9194,5.9217,5.9240,5.9263,5.9286,5.9309,5.9376,5.9452,5.9530,5.9608,5.9684,5.9763,5.9840,5.9917,5.9994,6.0069,6.0146,6.0222,6.0299,6.0375,6.0454,6.0532,6.0848,6.1288,6.1521,6.1749,6.1961,6.2172,6.2387,6.2601,6.2770,6.2887,6.3005,6.3123,6.3245,6.3366,6.3484,6.3604,6.3725,6.3814,6.3894,6.3972,6.4058,6.4138,6.4222,6.4303,6.4379,6.4468,6.4548,6.4630,6.4709,6.4792,6.4867,6.4950,6.5020,6.5085,6.5159,6.5219,6.5290,6.5356,6.5420,6.5481,6.5686,6.5905,6.6134,6.6353,6.6574,6.6794,6.7013,6.7230,6.8625,6.8625,6.8625,6.8625,6.8625,6.8625,6.8625,6.8625,6.8625,6.8625,6.8625,6.8625,6.8625,6.8625,6.8625,6.8625,6.8625,6.8625,6.8625,6.8625,6.8625,6.8625,6.8625,6.8625,6.8625,6.8625,6.8625,6.8625,6.8625,6.8625,6.8625,6.8625,6.8625,6.8625,6.8625,6.8625,6.8625,6.8625,6.8625,6.8625,6.8625,6.8625,6.8625,6.8625,6.8625,6.8625,6.8625,6.8625,6.8625,6.8625,6.8625,6.8625,6.8625,6.8625,6.8625,6.8625,6.8625,6.8625,6.8625,6.8625,6.8625,6.8625,6.8625,6.8625,6.8625,6.8625,6.8625,6.8625,6.8625,6.8625,6.8625,6.8625,6.8625,6.8625,6.8625,6.8625,6.8625,6.8625,6.8625,6.8625,6.8625,6.8625,6.8625,6.8625,6.8625,6.8625,6.8625,6.8625,6.8625,6.8625,6.8625,6.8625,6.8625,6.8625,6.8625,6.8625,6.8625,6.8625,6.8625,6.8625,6.8625,6.8625,6.8625,6.8625,6.8625,6.8625,6.8625,6.8625,6.8625,6.8625,6.8625,6.8625,6.8625,6.8625,6.8625,6.8625,6.8625,6.8625,6.8625,6.8625,6.8625,6.8625,6.8625,6.8625,6.8625,6.8625,6.8625,6.8625,6.8625,6.8625,6.8625,6.8625,6.8625,6.8625,6.8625,6.8625,6.8625,6.8625,6.8625,6.8625,6.8625,6.8625,6.8625,6.8625,6.8625,6.8625,6.8625,6.8625,6.8625,6.8625,6.8625,6.8625,6.8625,6.8625,6.8625,6.8625,6.8625,6.8625,6.8625,6.8625,6.8625,6.8625,6.8625,6.8625,6.8625,6.8625,6.8625,6.8625,6.8625,6.8625,6.8625,6.8625,6.8625,6.8625,6.8625,6.8625,6.8625,6.8625,6.8625,6.8625,6.8625,6.8625,6.8625,6.8625,6.8625,6.8625,6.8625,6.8625,6.8625,6.8625,6.8625,6.8625,6.8625,6.8625,6.8625,6.8625,6.8625,6.8625,6.8625,6.8625,6.8625,6.8625,6.8625,6.8625,6.8625,6.8625,6.8625,6.8625,6.8625,6.8625,6.8625,6.8625,6.8625,6.8625,6.8625,6.8625,6.8625,6.8625,6.8625,6.8625,6.8625,6.8625,6.8625,6.8625,6.8625,6.8625,6.8625,6.8625,6.8625,6.8625,6.8625,6.8625,6.8625,6.8625,6.8625,6.8625,6.8625,6.8625,6.8625,6.8625,6.8625,6.8625,6.8625,6.8625,6.8625,6.8625,6.8625,6.8625,6.8625,6.8625,6.8625,6.8625,6.8625,6.8625,6.8625,6.8625,6.8625,6.8625,6.8625,6.8625,6.8625,6.8625,6.8625,6.8625,6.8625,6.8625,6.8625,6.8625,6.8625,6.8625,6.8625,6.8625,6.8625,6.8625,6.8625,6.8625,6.8625,6.8625,6.8625,6.8625,6.8625,6.8625,6.8625,6.8625,6.8625,6.8625,6.8625,6.8625,6.8625,6.8625,6.8625,6.8625,6.8625,6.8625,6.8625,6.8625,6.8625,6.8625,6.8625,6.8625,6.8625,6.8625,6.8625,6.8625,6.8625,6.8625,6.8625,6.8625,6.8625,6.8625,6.8625,6.8625,6.8625,6.8625,6.8625,6.8625,6.8625,6.8625,6.8625,6.8625,6.8625,6.8625,6.8625,6.8625,6.8625,6.8625,6.8625,6.8625,6.8625,6.8625,6.8625,6.8625,6.8625,6.8625,6.8625,6.8625,6.8625,6.8625,6.8625,6.8625,6.8625,6.8625,6.8625,6.8625,6.8625,6.8625,6.8625,6.8625,6.8625,6.8625,6.8625,6.8625,6.8625,6.8625,6.8625,6.8625,6.8625,6.8625,6.8625,6.8625,6.8625,6.8625,6.8625,6.8625,6.8625,6.8625,6.8625,6.8625,6.8625,6.8625,6.8625,6.8625,6.8625,6.8625,6.8625,6.8625,6.8625,6.8625,6.8625,6.8625,6.8625,6.8625,6.8625,6.8625,6.8625,6.8625,6.8625,6.8625,6.8625,6.8625,6.8625,6.8625,6.8625,6.8625,6.8625,6.8625,6.8625,6.8625,6.8625,6.8625,6.8625,6.8625,6.8625,6.8625,6.8625,6.8625,6.8625,6.8625,6.8625,6.8625,6.8625,6.8625,6.8625,6.8625,6.8625,6.8625,6.8625,6.8625,6.8625,6.8625,6.8625,6.8625,6.8625,6.8625,6.8625,6.8625,6.8625,6.8625,6.8625,6.8625,6.8625,6.8625,6.8625,6.8625,6.8625,6.8625,6.8625,6.8625,6.8625,6.8625,6.8625,6.8625,6.8625,6.8625,6.8625,6.8625,6.8625
6.8572,6.8572,6.8572,6.8572,6.8572,6.8572,6.8572,6.8572,6.8572,6.8572,6.8572,6.8572,6.8572,6.8572,6.8572,6.8572,6.8572,6.8572,6.8572,6.8572,6.8572,6.8572,6.8572,6.8572,6.8572,6.8572,6.8572,6.8572,6.8572,6.8572,6.8572,6.8572,6.8572,6.8572,6.8572,6.8572,6.8572,6.8572,6.8572,6.8572,6.8572,6.8572,6.8572,6.8572,6.8572,6.8572,6.8572,6.8572,6.8572,6.8572,6.8572,6.8572,6.8572,6.8572,6.8572,6.8572,6.8572,6.8572,6.8572,6.8572,6.8572,6.8572,6.8572,6.8572,6.8572,6.8572,6.8572,6.8572,6.8572,6.8572,6.8572,6.8572,6.8572,6.8572,6.8572,6.8572,6.8572,6.8572,6.8572,6.8572,6.8572,6.8572,6.8572,6.8572,6.8572,6.8572,6.8572,6.8572,6.8572,6.8572,6.8572,6.8572,6.8572,6.8572,6.8572,6.8572,6.8572,6.8572,6.8572,6.8572,6.8572,6.8572,6.8572,6.8572,6.8572,6.8572,6.8572,6.8572,6.8572,6.8572,6.8572,6.8572,6.8572,6.8572,6.8572,6.8572,6.8572,6.8572,6.8572,6.8572,6.8572,6.8572,6.8572,6.8572,6.8572,6.8572,6.8572,6.8572,6.8572,6.8572,6.8572,6.8572,6.8572,6.8572,6.8572,6.8572,6.8572,6.8572,6.8572,6.8572,6.8572,6.8572,6.8572,6.8572,6.8572,6.8572,6.8572,6.8572,6.8572,6.8572,6.8572,6.8572,6.8572,6.8572,6.8572,6.8572,6.8572,6.8572,6.8572,6.8572,6.8572,6.8572,6.8572,6.8572,6.8572,6.8572,6.8572,6.8572,6.8572,6.8572,6.8572,6.8572,6.8572,6.8572,6.8572,6.8572,6.8572,6.8572,6.8572,6.8572,6.8572,6.8572,6.8572,6.8572,6.8572,6.8572,6.8572,6.8572,6.8572,6.8572,6.8572,6.8572,6.8572,6.8572,6.8572,6.8572,6.8572,6.8572,6.8572,6.8572,6.8572,6.8572,6.8572,6.8572,6.8572,6.8572,6.8572,6.8572,6.8572,6.8572,6.8572,6.8572,6.8572,6.8572,6.8572,6.8572,6.8572,6.8572,6.8572,6.8572,6.8572,6.8572,6.8572,6.8572,6.8572,6.8572,6.8572,6.8572,6.8572,6.8572,6.8572,6.8572,6.8572,6.8572,6.8572,6.8572,6.8572,6.8572,6.8572,6.8572,6.8572,6.8572,6.8572,6.8572,6.8572,6.8572,6.8572,6.8572,6.8572,6.8572,6.8572,6.8572,6.8572,6.8572,6.8572,6.8572,6.8572,6.8572,6.8572,6.8572,6.8572,6.8572,6.8572,6.8572,6.8572,6.8572,6.8572,6.8572,6.8572,6.8572,6.8572,6.8572,6.8572,6.8572,6.8572,6.8572,6.8572,6.8572,6.8572,6.8572,6.8572,6.8572,6.8572,6.8572,6.8572,6.8572,6.8572,6.8572,6.8572,6.8572,6.8572,6.8572,6.8572,6.8572,6.8572,6.8572,6.8572,6.8572,6.8572,6.8572,6.8572,6.8572,6.8572,6.8572,6.8572,6.8572,6.8572,6.8572,6.8572,6.8572,6.8572,6.8572,6.8572,6.8572,6.8572,6.8572,6.8572,6.8572,6.8572,6.8572,6.8572,6.8572,6.8572,6.8572,6.8572,6.8572,6.8572,6.8572,6.8572,6.8572,6.8572,6.8572,6.8572,6.8572,6.8572,6.8572,6.8572,6.8572,6.8572,6.8572,6.8572,6.8572,6.8572,6.8572,6.8572,6.8572,6.8572,6.8572,6.8572,6.8572,6.8572,6.8572,6.8572,6.8572,6.8572,6.8572,6.8572,6.8572,6.8572,6.8572,6.8572,6.8572,6.8572,6.8572,6.8572,6.8572,6.8572,6.8572,6.8572,6.8572,6.8572,6.8572,6.8572,6.8572,6.8572,6.8572,6.8572,6.8572,6.8572,6.8572,6.8572,6.8572,6.8572,6.1544,6.1014,6.0499,6.0282,6.0207,6.0131,6.0056,5.9983,5.9910,5.9835,5.9763,5.9687,5.9612,5.9536,5.9463,5.9387,5.9313,5.9240,5.9180,5.9163,5.9148,5.9134,5.9117,5.9103,5.9086,5.9071,5.9055,5.9040,5.9024,5.9009,5.8993,5.8978,5.8962,5.8947,5.8930,5.8916,5.8899,5.8885,5.8868,5.8854,5.8840,5.8823,5.8827,5.8850,5.8871,5.8891,5.8914,5.8935,5.8957,5.8978,5.9001,5.9022,5.9042,5.9065,5.9088,5.9111,5.9134,5.9157,5.9180,5.9203,5.9226,5.9249,5.9272,5.9295,5.9318,5.9341,5.9406,5.9481,5.9560,5.9636,5.9714,5.9791,5.9870,5.9946,6.0024,6.0099,6.0174,6.0252,6.0328,6.0406,6.0482,6.0560,6.0852,6.1265,6.1498,6.1729,6.1938,6.2149,6.2364,6.2578,6.2751,6.2868,6.2986,6.3105,6.3226,6.3347,6.3465,6.3585,6.3705,6.3802,6.3882,6.3963,6.4043,6.4121,6.4207,6.4286,6.4372,6.4449,6.4530,6.4617,6.4692,6.4772,6.4859,6.4939,6.5012,6.5078,6.5146,6.5217,6.5283,6.5349,6.5412,6.5558,6.5779,6.6004,6.6228,6.6458,6.6669,6.6884,6.7104,6.7324,6.8572,6.8572,6.8572,6.8572,6.8572,6.8572,6.8572,6.8572,6.8572,6.8572,6.8572,6.8572,6.8572,6.8572,6.8572,6.8572,6.8572,6.8572,6.8572,6.8572,6.8572,6.8572,6.8572,6.8572,6.8572,6.8572,6.8572,6.8572,6.8572,6.8572,6.8572,6.8572,6.8572,6.8572,6.8572,6.8572,6.8572,6.8572,6.8572,6.8572,6.8572,6.8572,6.8572,6.8572,6.8572,6.8572,6.8572,6.8572,6.8572,6.8572,6.8572,6.8572,6.8572,6.8572,6.8572,6.8572,6.8572,6.8572,6.8572,6.8572,6.8572,6.8572,6.8572,6.8572,6.8572,6.8572,6.8572,6.8572,6.8572,6.8572,6.8572,6.8572,6.8572,6.8572,6.8572,6.8572,6.8572,6.8572,6.8572,6.8572,6.8572,6.8572,6.8572,6.8572,6.8572,6.8572,6.8572,6.8572,6.8572,6.8572,6.8572,6.8572,6.8572,6.8572,6.8572,6.8572,6.8572,6.8572,6.8572,6.8572,6.8572,6.8572,6.8572,6.8572,6.8572,6.8572,6.8572,6.8572,6.8572,6.8572,6.8572,6.8572,6.8572,6.8572,6.8572,6.8572,6.8572,6.8572,6.8572,6.8572,6.8572,6.8572,6.8572,6.8572,6.8572,6.8572,6.8572,6.8572,6.8572,6.8572,6.8572,6.8572,6.8572,6.8572,6.8572,6.8572,6.8572,6.8572,6.8572,6.8572,6.8572,6.8572,6.8572,6.8572,6.8572,6.8572,6.8572,6.8572,6.8572,6.8572,6.8572,6.8572,6.8572,6.8572,6.8572,6.8572,6.8572,6.8572,6.8572,6.8572,6.8572,6.8572,6.8572,6.8572,6.8572,6.8572,6.8572,6.8572,6.8572,6.8572,6.8572,6.8572,6.8572,6.8572,6.8572,6.8572,6.8572,6.8572,6.8572,6.8572,6.8572,6.8572,6.8572,6.8572,6.8572,6.8572,6.8572,6.8572,6.8572,6.8572,6.8572,6.8572,6.8572,6.8572,6.8572,6.8572,6.8572,6.8572,6.8572,6.8572,6.8572,6.8572,6.8572,6.8572,6.8572,6.8572,6.8572,6.8572,6.8572,6.8572,6.8572,6.8572,6.8572,6.8572,6.8572,6.8572,6.8572,6.8572,6.8572,6.8572,6.8572,6.8572,6.8572,6.8572,6.8572,6.8572,6.8572,6.8572,6.8572,6.8572,6.8572,6.8572,6.8572,6.8572,6.8572,6.8572,6.8572,6.8572,6.8572,6.8572,6.8572,6.8572,6.8572,6.8572,6.8572,6.8572,6.8572,6.8572,6.8572,6.8572,6.8572,6.8572,6.8572,6.8572,6.8572,6.8572,6.8572,6.8572,6.8572,6.8572,6.8572,6.8572,6.8572,6.8572,6.8572,6.8572,6.8572,6.8572,6.8572,6.8572,6.8572,6.8572,6.8572,6.8572,6.8572,6.8572,6.8572,6.8572,6.8572,6.8572,6.8572,6.8572,6.8572,6.8572,6.8572,6.8572,6.8572,6.8572,6.8572,6.8572,6.8572,6.8572,6.8572,6.8572,6.8572,6.8572,6.8572,6.8572,6.8572,6.8572,6.8572,6.8572,6.8572,6.8572,6.8572,6.8572,6.8572,6.8572,6.8572,6.8572,6.8572,6.8572,6.8572,6.8572,6.8572,6.8572,6.8572,6.8572,6.8572,6.8572,6.8572,6.8572,6.8572,6.8572,6.8572,6.8572,6.8572,6.8572,6.8572,6.8572,6.8572,6.8572,6.8572,6.8572,6.8572,6.8572,6.8572,6.8572,6.8572,6.8572,6.8572,6.8572,6.8572,6.8572,6.8572,6.8572,6.8572,6.8572,6.8572,6.8572,6.8572,6.8572,6.8572,6.8572,6.8572,6.8572,6.8572,6.8572,6.8572,6.8572,6.8572,6.8572,6.8572,6.8572,6.8572,6.8572,6.8572,6.8567,6.8567,6.8567,6.8567,6.8567,6.8567,6.8567,6.8567,6.8567,6.8567,6.8567,6.8567,6.8567,6.8567,6.8567,6.8567,6.8567,6.8567,6.8567,6.8567,6.8567,6.8567,6.8567,6.8567,6.8567,6.8567,6.8567,6.8567,6.8567,6.8567,6.8567,6.8567,6.8567,6.8567,6.8567,6.8567,6.8567,6.8567,6.8567,6.8567,6.8567,6.8567,6.8567,6.8567,6.8567,6.8567,6.8567,6.8567,6.8567,6.8567,6.8567,6.8567,6.8567,6.8567,6.8567,6.8567,6.8567,6.8567,6.8567,6.8567,6.8567,6.8567,6.8567,6.8567,6.8567,6.8567,6.8567,6.8567,6.8567,6.8567,6.8567,6.8567,6.8567,6.8567,6.8567,6.8567,6.8567,6.8567,6.8567,6.8567
6.8513,6.8513,6.8513,6.8513,6.8513,6.8513,6.8513,6.8513,6.8513,6.8513,6.8513,6.8513,6.8513,6.8513,6.8513,6.8513,6.8513,6.8513,6.8513,6.8513,6.8513,6.8513,6.8513,6.8513,6.8513,6.8513,6.8513,6.8513,6.8513,6.8513,6.8513,6.8513,6.8513,6.8513,6.8513,6.8513,6.8513,6.8513,6.8513,6.8513,6.8513,6.8513,6.8513,6.8513,6.8513,6.8513,6.8513,6.8513,6.8513,6.8513,6.8513,6.8513,6.8513,6.8513,6.8513,6.8513,6.8513,6.8513,6.8513,6.8513,6.8513,6.8513,6.8513,6.8513,6.8513,6.8513,6.8513,6.8513,6.8513,6.8513,6.8513,6.8513,6.8513,6.8513,6.8513,6.8513,6.8513,6.8513,6.8513,6.8513,6.8513,6.8513,6.8513,6.8513,6.8513,6.8513,6.8513,6.8513,6.8513,6.8513,6.8513,6.8513,6.8513,6.8513,6.8513,6.8513,6.8513,6.8513,6.8513,6.8513,6.8513,6.8513,6.8513,6.8513,6.8513,6.8513,6.8513,6.8513,6.8513,6.8513,6.8513,6.8513,6.8513,6.8513,6.8513,6.8513,6.8513,6.8513,6.8513,6.8513,6.8513,6.8513,6.8513,6.8513,6.8513,6.8513,6.8513,6.8513,6.8513,6.8513,6.8513,6.8513,6.8513,6.8513,6.8513,6.8513,6.8513,6.8513,6.8513,6.8513,6.8513,6.8513,6.8513,6.8513,6.8513,6.8513,6.8513,6.8513,6.8513,6.8513,6.8513,6.8513,6.8513,6.8513,6.8513,6.8513,6.8513,6.8513,6.8513,6.8513,6.8513,6.8513,6.8513,6.8513,6.8513,6.8513,6.8513,6.8513,6.8513,6.8513,6.8513,6.8513,6.8513,6.8513,6.8513,6.8513,6.8513,6.8513,6.8513,6.8513,6.8513,6.8513,6.8513,6.8513,6.8513,6.8513,6.8513,6.8513,6.8513,6.8513,6.8513,6.8513,6.8513,6.8513,6.8513,6.8513,6.8513,6.8513,6.8513,6.8513,6.8513,6.8513,6.8513,6.8513,6.8513,6.8513,6.8513,6.8513,6.8513,6.8513,6.8513,6.8513,6.8513,6.8513,6.8513,6.8513,6.8513,6.8513,6.8513,6.8513,6.8513,6.8513,6.8513,6.8513,6.8513,6.8513,6.8513,6.8513,6.8513,6.8513,6.8513,6.8513,6.8513,6.8513,6.8513,6.8513,6.8513,6.8513,6.8513,6.8513,6.8513,6.8513,6.8513,6.8513,6.8513,6.8513,6.8513,6.8513,6.8513,6.8513,6.8513,6.8513,6.8513,6.8513,6.8513,6.8513,6.8513,6.8513,6.8513,6.8513,6.8513,6.8513,6.8513,6.8513,6.8513,6.8513,6.8513,6.8513,6.8513,6.8513,6.8513,6.8513,6.8513,6.8513,6.8513,6.8513,6.8513,6.8513,6.8513,6.8513,6.8513,6.8513,6.8513,6.8513,6.8513,6.8513,6.8513,6.8513,6.8513,6.8513,6.8513,6.8513,6.8513,6.8513,6.8513,6.8513,6.8513,6.8513,6.8513,6.8513,6.8513,6.8513,6.8513,6.8513,6.8513,6.8513,6.8513,6.8513,6.8513,6.8513,6.8513,6.8513,6.8513,6.8513,6.8513,6.8513,6.8513,6.8513,6.8513,6.8513,6.8513,6.8513,6.8513,6.8513,6.8513,6.8513,6.8513,6.8513,6.8513,6.8513,6.8513,6.8513,6.8513,6.8513,6.8513,6.8513,6.8513,6.8513,6.8513,6.8513,6.8513,6.8513,6.8513,6.8513,6.8513,6.8513,6.8513,6.8513,6.8513,6.8513,6.8513,6.8513,6.8513,6.8513,6.8513,6.8513,6.8513,6.8513,6.8513,6.8513,6.8513,6.8513,6.8513,6.8513,6.8513,6.8513,6.8513,6.8513,6.8513,6.8513,6.8513,6.8513,6.8513,6.8513,6.8513,6.8513,6.8513,6.8513,6.8513,6.8513,6.8513,6.8513,6.8513,6.1636,6.1105,6.0589,6.0323,6.0248,6.0172,6.0099,6.0026,5.9951,5.9878,5.9803,5.9729,5.9655,5.9579,5.9503,5.9429,5.9355,5.9282,5.9213,5.9198,5.9184,5.9167,5.9153,5.9136,5.9121,5.9105,5.9090,5.9073,5.9059,5.9042,5.9028,5.9011,5.8997,5.8980,5.8966,5.8951,5.8935,5.8920,5.8904,5.8889,5.8873,5.8858,5.8858,5.8881,5.8902,5.8924,5.8945,5.8968,5.8988,5.9009,5.9032,5.9053,5.9076,5.9098,5.9121,5.9142,5.9165,5.9188,5.9211,5.9234,5.9257,5.9280,5.9305,5.9328,5.9351,5.9374,5.9433,5.9511,5.9589,5.9665,5.9744,5.9820,5.9897,5.9974,6.0052,6.0127,6.0202,6.0280,6.0356,6.0434,6.0510,6.0589,6.0857,6.1243,6.1474,6.1706,6.1916,6.2129,6.2341,6.2557,6.2732,6.2849,6.2967,6.3088,6.3207,6.3326,6.3445,6.3565,6.3686,6.3790,6.3870,6.3950,6.4033,6.4114,6.4197,6.4273,6.4360,6.4436,6.4518,6.4597,6.4684,6.4759,6.4842,6.4927,6.5002,6.5070,6.5144,6.5209,6.5270,6.5341,6.5433,6.5655,6.5882,6.6103,6.6332,6.6553,6.6770,6.6983,6.7200,6.8513,6.8513,6.8513,6.8513,6.8513,6.8513,6.8513,6.8513,6.8513,6.8513,6.8513,6.8513,6.8513,6.8513,6.8513,6.8513,6.8513,6.8513,6.8513,6.8513,6.8513,6.8513,6.8513,6.8513,6.8513,6.8513,6.8513,6.8513,6.8513,6.8513,6.8513,6.8513,6.8513,6.8513,6.8513,6.8513,6.8513,6.8513,6.8513,6.8513,6.8513,6.8513,6.8513,6.8513,6.8513,6.8513,6.8513,6.8513,6.8513,6.8513,6.8513,6.8513,6.8513,6.8513,6.8513,6.8513,6.8513,6.8513,6.8513,6.8513,6.8513,6.8513,6.8513,6.8513,6.8513,6.8513,6.8513,6.8513,6.8513,6.8513,6.8513,6.8513,6.8513,6.8513,6.8513,6.8513,6.8513,6.8513,6.8513,6.8513,6.8513,6.8513,6.8513,6.8513,6.8513,6.8513,6.8513,6.8513,6.8513,6.8513,6.8513,6.8513,6.8513,6.8513,6.8513,6.8513,6.8513,6.8513,6.8513,6.8513,6.8513,6.8513,6.8513,6.8513,6.8513,6.8513,6.8513,6.8513,6.8513,6.8513,6.8513,6.8513,6.8513,6.8513,6.8513,6.8513,6.8513,6.8513,6.8513,6.8513,6.8513,6.8513,6.8513,6.8513,6.8513,6.8513,6.8513,6.8513,6.8513,6.8513,6.8513,6.8513,6.8513,6.8513,6.8513,6.8513,6.8513,6.8513,6.8513,6.8513,6.8513,6.8513,6.8513,6.8513,6.8513,6.8513,6.8513,6.8513,6.8513,6.8513,6.8513,6.8513,6.8513,6.8513,6.8513,6.8513,6.8513,6.8513,6.8513,6.8513,6.8513,6.8513,6.8513,6.8513,6.8513,6.8513,6.8513,6.8513,6.8513,6.8513,6.8513,6.8513,6.8513,6.8513,6.8513,6.8513,6.8513,6.8513,6.8513,6.8513,6.8513,6.8513,6.8513,6.8513,6.8513,6.8513,6.8513,6.8513,6.8513,6.8513,6.8513,6.8513,6.8513,6.8513,6.8513,6.8513,6.8513,6.8513,6.8513,6.8513,6.8513,6.8513,6.8513,6.8513,6.8513,6.8513,6.8513,6.8513,6.8513,6.8513,6.8513,6.8513,6.8513,6.8513,6.8513,6.8513,6.8513,6.8513,6.8513,6.8513,6.8513,6.8513,6.8513,6.8513,6.8513,6.8513,6.8513,6.8513,6.8513,6.8513,6.8513,6.8513,6.8513,6.8513,6.8513,6.8513,6.8513,6.8513,6.8513,6.8513,6.8513,6.8513,6.8513,6.8513,6.8513,6.8513,6.8513,6.8513,6.8513,6.8513,6.8513,6.8513,6.8513,6.8513,6.8513,6.8513,6.8513,6.8513,6.8513,6.8513,6.8513,6.8513,6.8513,6.8513,6.8513,6.8513,6.8513,6.8513,6.8513,6.8513,6.8513,6.8513,6.8513,6.8513,6.8513,6.8513,6.8513,6.8513,6.8513,6.8513,6.8513,6.8513,6.8513,6.8513,6.8513,6.8513,6.8513,6.8513,6.8513,6.8513,6.8513,6.8513,6.8513,6.8513,6.8513,6.8513,6.8513,6.8513,6.8513,6.8513,6.8513,6.8513,6.8513,6.8513,6.8513,6.8513,6.8513,6.8513,6.8513,6.8513,6.8513,6.8513,6.8513,6.8513,6.8513,6.8513,6.8513,6.8513,6.8513,6.8513,6.8513,6.8513,6.8513,6.8513,6.8513,6.8513,6.8513,6.8513,6.8513,6.8513,6.8513,6.8513,6.8513,6.8513,6.8513,6.8513,6.8513,6.8513,6.8513,6.8513,6.8513,6.8513,6.8513,6.8513,6.8513,6.8513,6.8513,6.8513,6.8513,6.8513,6.8513,6.8513,6.8513,6.8513,6.8513,6.8513,6.8513,6.8513,6.8513,6.8513,6.8513,6.8513,6.8513,6.8513,6.8513,6.8513,6.8513,6.8513,6.8513,6.8513,6.8513,6.8513,6.8513,6.8513,6.8513,6.8513,6.8513,6.8513,6.8513,6.8513,6.8513,6.8513,6.8513,6.8513,6.8513,6.8513,6.8513,6.8513,6.8513,6.8513,6.8513,6.8513,6.8513,6.8513,6.8513,6.8513,6.8513,6.8513,6.8513,6.8513,6.8513,6.8513,6.8513,6.8513,6.8513,6.8513,6.8513,6.8513,6.8513,6.8513,6.8513,6.8513,6.8513,6.8513,6.8513,6.8513,6.8513,6.8513,6.8513,6.8513,6.8513,6.8513,6.8513,6.8513,6.8513,6.8513,6.8513,6.8513,6.8513,6.8513,6.8513,6.8513,6.8513,6.8513,6.8513,6.8513,6.8513,6.8513,6.8513,6.8513,6.8513,6.8513,6.8513,6.8513,6.8513,6.8513,6.8513,6.8513
6.8463,6.8463,6.8463,6.8463,6.8463,6.8463,6.8463,6.8463,6.8463,6.8463,6.8463,6.8463,6.8463,6.8463,6.8463,6.8463,6.8463,6.8463,6.8463,6.8463,6.8463,6.8463,6.8463,6.8463,6.8463,6.8463,6.8463,6.8463,6.8463,6.8463,6.8463,6.8463,6.8463,6.8463,6.8463,6.8463,6.8463,6.8463,6.8463,6.8463,6.8463,6.8463,6.8463,6.8463,6.8463,6.8463,6.8463,6.8463,6.8463,6.8463,6.8463,6.8463,6.8463,6.8463,6.8463,6.8463,6.8463,6.8463,6.8463,6.8463,6.8463,6.8463,6.8463,6.8463,6.8463,6.8463,6.8463,6.8463,6.8463,6.8463,6.8463,6.8463,6.8463,6.8463,6.8463,6.8463,6.8463,6.8463,6.8463,6.8463,6.8463,6.8463,6.8463,6.8463,6.8463,6.8463,6.8463,6.8463,6.8463,6.8463,6.8463,6.8463,6.8463,6.8463,6.8463,6.8463,6.8463,6.8463,6.8463,6.8463,6.8463,6.8463,6.8463,6.8463,6.8463,6.8463,6.8463,6.8463,6.8463,6.8463,6.8463,6.8463,6.8463,6.8463,6.8463,6.8463,6.8463,6.8463,6.8463,6.8463,6.8463,6.8463,6.8463,6.8463,6.8463,6.8463,6.8463,6.8463,6.8463,6.8463,6.8463,6.8463,6.8463,6.8463,6.8463,6.8463,6.8463,6.8463,6.8463,6.8463,6.8463,6.8463,6.8463,6.8463,6.8463,6.8463,6.8463,6.8463,6.8463,6.8463,6.8463,6.8463,6.8463,6.8463,6.8463,6.8463,6.8463,6.8463,6.8463,6.8463,6.8463,6.8463,6.8463,6.8463,6.8463,6.8463,6.8463,6.8463,6.8463,6.8463,6.8463,6.8463,6.8463,6.8463,6.8463,6.8463,6.8463,6.8463,6.8463,6.8463,6.8463,6.8463,6.8463,6.8463,6.8463,6.8463,6.8463,6.8463,6.8463,6.8463,6.8463,6.8463,6.8463,6.8463,6.8463,6.8463,6.8463,6.8463,6.8463,6.8463,6.8463,6.8463,6.8463,6.8463,6.8463,6.8463,6.8463,6.8463,6.8463,6.8463,6.8463,6.8463,6.8463,6.8463,6.8463,6.8463,6.8463,6.8463,6.8463,6.8463,6.8463,6.8463,6.8463,6.8463,6.8463,6.8463,6.8463,6.8463,6.8463,6.8463,6.8463,6.8463,6.8463,6.8463,6.8463,6.8463,6.8463,6.8463,6.8463,6.8463,6.8463,6.8463,6.8463,6.8463,6.8463,6.8463,6.8463,6.8463,6.8463,6.8463,6.8463,6.8463,6.8463,6.8463,6.8463,6.8463,6.8463,6.8463,6.8463,6.8463,6.8463,6.8463,6.8463,6.8463,6.8463,6.8463,6.8463,6.8463,6.8463,6.8463,6.8463,6.8463,6.8463,6.8463,6.8463,6.8463,6.8463,6.8463,6.8463,6.8463,6.8463,6.8463,6.8463,6.8463,6.8463,6.8463,6.8463,6.8463,6.8463,6.8463,6.8463,6.8463,6.8463,6.8463,6.8463,6.8463,6.8463,6.8463,6.8463,6.8463,6.8463,6.8463,6.8463,6.8463,6.8463,6.8463,6.8463,6.8463,6.8463,6.8463,6.8463,6.8463,6.8463,6.8463,6.8463,6.8463,6.8463,6.8463,6.8463,6.8463,6.8463,6.8463,6.8463,6.8463,6.8463,6.8463,6.8463,6.8463,6.8463,6.8463,6.8463,6.8463,6.8463,6.8463,6.8463,6.8463,6.8463,6.8463,6.8463,6.8463,6.8463,6.8463,6.8463,6.8463,6.8463,6.8463,6.8463,6.8463,6.8463,6.8463,6.8463,6.8463,6.8463,6.8463,6.8463,6.8463,6.8463,6.8463,6.8463,6.8463,6.8463,6.8463,6.8463,6.8463,6.8463,6.8463,6.8463,6.8463,6.8463,6.8463,6.8463,6.8463,6.8463,6.8463,6.8463,6.8463,6.8463,6.8463,6.8463,6.8463,6.8463,6.8463,6.8463,6.1729,6.1196,6.0674,6.0367,6.0291,6.0215,6.0142,6.0067,5.9996,5.9921,5.9846,5.9772,5.9697,5.9621,5.9545,5.9471,5.9395,5.9322,5.9249,5.9234,5.9217,5.9203,5.9186,5.9171,5.9155,5.9140,5.9123,5.9109,5.9092,5.9078,5.9063,5.9049,5.9032,5.9015,5.9001,5.8984,5.8970,5.8955,5.8939,5.8924,5.8908,5.8893,5.8891,5.8912,5.8935,5.8955,5.8976,5.8999,5.9020,5.9042,5.9063,5.9086,5.9107,5.9130,5.9153,5.9175,5.9198,5.9221,5.9244,5.9267,5.9290,5.9313,5.9336,5.9360,5.9383,5.9406,5.9463,5.9541,5.9617,5.9695,5.9772,5.9850,5.9927,6.0006,6.0082,6.0157,6.0232,6.0308,6.0384,6.0462,6.0539,6.0617,6.0861,6.1218,6.1451,6.1686,6.1893,6.2106,6.2320,6.2536,6.2711,6.2831,6.2951,6.3069,6.3188,6.3307,6.3426,6.3546,6.3667,6.3778,6.3858,6.3938,6.4019,6.4102,6.4180,6.4266,6.4347,6.4424,6.4510,6.4585,6.4664,6.4747,6.4827,6.4909,6.4995,6.5068,6.5136,6.5197,6.5263,6.5329,6.5530,6.5753,6.5975,6.6202,6.6427,6.6646,6.6860,6.7085,6.8463,6.8463,6.8463,6.8463,6.8463,6.8463,6.8463,6.8463,6.8463,6.8463,6.8463,6.8463,6.8463,6.8463,6.8463,6.8463,6.8463,6.8463,6.8463,6.8463,6.8463,6.8463,6.8463,6.8463,6.8463,6.8463,6.8463,6.8463,6.8463,6.8463,6.8463,6.8463,6.8463,6.8463,6.8463,6.8463,6.8463,6.8463,6.8463,6.8463,6.8463,6.8463,6.8463,6.8463,6.8463,6.8463,6.8463,6.8463,6.8463,6.8463,6.8463,6.8463,6.8463,6.8463,6.8463,6.8463,6.8463,6.8463,6.8463,6.8463,6.8463,6.8463,6.8463,6.8463,6.8463,6.8463,6.8463,6.8463,6.8463,6.8463,6.8463,6.8463,6.8463,6.8463,6.8463,6.8463,6.8463,6.8463,6.8463,6.8463,6.8463,6.8463,6.8463,6.8463,6.8463,6.8463,6.8463,6.8463,6.8463,6.8463,6.8463,6.8463,6.8463,6.8463,6.8463,6.8463,6.8463,6.8463,6.8463,6.8463,6.8463,6.8463,6.8463,6.8463,6.8463,6.8463,6.8463,6.8463,6.8463,6.8463,6.8463,6.8463,6.8463,6.8463,6.8463,6.8463,6.8463,6.8463,6.8463,6.8463,6.8463,6.8463,6.8463,6.8463,6.8463,6.8463,6.8463,6.8463,6.8463,6.8463,6.8463,6.8463,6.8463,6.8463,6.8463,6.8463,6.8463,6.8463,6.8463,6.8463,6.8463,6.8463,6.8463,6.8463,6.8463,6.8463,6.8463,6.8463,6.8463,6.8463,6.8463,6.8463,6.8463,6.8463,6.8463,6.8463,6.8463,6.8463,6.8463,6.8463,6.8463,6.8463,6.8463,6.8463,6.8463,6.8463,6.8463,6.8463,6.8463,6.8463,6.8463,6.8463,6.8463,6.8463,6.8463,6.8463,6.8463,6.8463,6.8463,6.8463,6.8463,6.8463,6.8463,6.8463,6.8463,6.8463,6.8463,6.8463,6.8463,6.8463,6.8463,6.8463,6.8463,6.8463,6.8463,6.8463,6.8463,6.8463,6.8463,6.8463,6.8463,6.8463,6.8463,6.8463,6.8463,6.8463,6.8463,6.8463,6.8463,6.8463,6.8463,6.8463,6.8463,6.8463,6.8463,6.8463,6.8463,6.8463,6.8463,6.8463,6.8463,6.8463,6.8463,6.8463,6.8463,6.8463,6.8463,6.8463,6.8463,6.8463,6.8463,6.8463,6.8463,6.8463,6.8463,6.8463,6.8463,6.8463,6.8463,6.8463,6.8463,6.8463,6.8463,6.8463,6.8463,6.8463,6.8463,6.8463,6.8463,6.8463,6.8463,6.8463,6.8463,6.8463,6.8463,6.8463,6.8463,6.8463,6.8463,6.8463,6.8463,6.8463,6.8463,6.8463,6.8463,6.8463,6.8463,6.8463,6.8463,6.8463,6.8463,6.8463,6.8463,6.8463,6.8463,6.8463,6.8463,6.8463,6.8463,6.8463,6.8463,6.8463,6.8463,6.8463,6.8463,6.8463,6.8463,6.8463,6.8463,6.8463,6.8463,6.8463,6.8463,6.8463,6.8463,6.8463,6.8463,6.8463,6.8463,6.8463,6.8463,6.8463,6.8463,6.8463,6.8463,6.8463,6.8463,6.8463,6.8463,6.8463,6.8463,6.8463,6.8463,6.8463,6.8463,6.8463,6.8463,6.8463,6.8463,6.8463,6.8463,6.8463,6.8463,6.8463,6.8463,6.8463,6.8463,6.8463,6.8463,6.8463,6.8463,6.8463,6.8463,6.8463,6.8463,6.8463,6.8463,6.8463,6.8463,6.8463,6.8463,6.8463,6.8463,6.8463,6.8463,6.8463,6.8463,6.8463,6.8463,6.8463,6.8463,6.8463,6.8463,6.8463,6.8463,6.8463,6.8463,6.8463,6.8463,6.8463,6.8463,6.8463,6.8463,6.8463,6.8463,6.8463,6.8463,6.8463,6.8463,6.8463,6.8463,6.8463,6.8463,6.8463,6.8463,6.8463,6.8463,6.8463,6.8463,6.8463,6.8463,6.8463,6.8463,6.8463,6.8463,6.8463,6.8463,6.8463,6.8463,6.8463,6.8463,6.8463,6.8463,6.8463,6.8463,6.8463,6.8463,6.8463,6.8463,6.8463,6.8463,6.8463,6.8463,6.8463,6.8463,6.8463,6.8463,6.8463,6.8463,6.8463,6.8463,6.8463,6.8463,6.8463,6.8463,6.8463,6.8463,6.8463,6.8463,6.8463,6.8463,6.8463,6.8463,6.8463,6.8463,6.8463,6.8463,6.8463,6.8463,6.8463,6.8463,6.8463,6.8463,6.8463,6.8463,6.8463,6.8463,6.8463,6.8463,6.8463,6.8463,6.8463,6.8463,6.8463,6.8463,6.8463,6.8463,6.8463,6.8463
6.8416,6.8416,6.8416,6.8416,6.8416,6.8416,6.8416,6.8416,6.8416,6.8416,6.8416,6.8416,6.8416,6.8416,6.8416,6.8416,6.8416,6.8416,6.8416,6.8416,6.8416,6.8416,6.8416,6.8416,6.8416,6.8416,6.8416,6.8416,6.8416,6.8416,6.8416,6.8416,6.8416,6.8416,6.8416,6.8416,6.8416,6.8416,6.8416,6.8416,6.8416,6.8416,6.8416,6.8416,6.8416,6.8416,6.8416,6.8416,6.8416,6.8416,6.8416,6.8416,6.8416,6.8416,6.8416,6.8416,6.8416,6.8416,6.8416,6.8416,6.8416,6.8416,6.8416,6.8416,6.8416,6.8416,6.8416,6.8416,6.8416,6.8416,6.8416,6.8416,6.8416,6.8416,6.8416,6.8416,6.8416,6.8416,6.8416,6.8416,6.8416,6.8416,6.8416,6.8416,6.8416,6.8416,6.8416,6.8416,6.8416,6.8416,6.8416,6.8416,6.8416,6.8416,6.8416,6.8416,6.8416,6.8416,6.8416,6.8416,6.8416,6.8416,6.8416,6.8416,6.8416,6.8416,6.8416,6.8416,6.8416,6.8416,6.8416,6.8416,6.8416,6.8416,6.8416,6.8416,6.8416,6.8416,6.8416,6.8416,6.8416,6.8416,6.8416,6.8416,6.8416,6.8416,6.8416,6.8416,6.8416,6.8416,6.8416,6.8416,6.8416,6.8416,6.8416,6.8416,6.8416,6.8416,6.8416,6.8416,6.8416,6.8416,6.8416,6.8416,6.8416,6.8416,6.8416,6.8416,6.8416,6.8416,6.8416,6.8416,6.8416,6.8416,6.8416,6.8416,6.8416,6.8416,6.8416,6.8416,6.8416,6.8416,6.8416,6.8416,6.8416,6.8416,6.8416,6.8416,6.8416,6.8416,6.8416,6.8416,6.8416,6.8416,6.8416,6.8416,6.8416,6.8416,6.8416,6.8416,6.8416,6.8416,6.8416,6.8416,6.8416,6.8416,6.8416,6.8416,6.8416,6.8416,6.8416,6.8416,6.8416,6.8416,6.8416,6.8416,6.8416,6.8416,6.8416,6.8416,6.8416,6.8416,6.8416,6.8416,6.8416,6.8416,6.8416,6.8416,6.8416,6.8416,6.8416,6.8416,6.8416,6.8416,6.8416,6.8416,6.8416,6.8416,6.8416,6.8416,6.8416,6.8416,6.8416,6.8416,6.8416,6.8416,6.8416,6.8416,6.8416,6.8416,6.8416,6.8416,6.8416,6.8416,6.8416,6.8416,6.8416,6.8416,6.8416,6.8416,6.8416,6.8416,6.8416,6.8416,6.8416,6.8416,6.8416,6.8416,6.8416,6.8416,6.8416,6.8416,6.8416,6.8416,6.8416,6.8416,6.8416,6.8416,6.8416,6.8416,6.8416,6.8416,6.8416,6.8416,6.8416,6.8416,6.8416,6.8416,6.8416,6.8416,6.8416,6.8416,6.8416,6.8416,6.8416,6.8416,6.8416,6.8416,6.8416,6.8416,6.8416,6.8416,6.8416,6.8416,6.8416,6.8416,6.8416,6.8416,6.8416,6.8416,6.8416,6.8416,6.8416,6.8416,6.8416,6.8416,6.8416,6.8416,6.8416,6.8416,6.8416,6.8416,6.8416,6.8416,6.8416,6.8416,6.8416,6.8416,6.8416,6.8416,6.8416,6.8416,6.8416,6.8416,6.8416,6.8416,6.8416,6.8416,6.8416,6.8416,6.8416,6.8416,6.8416,6.8416,6.8416,6.8416,6.8416,6.8416,6.8416,6.8416,6.8416,6.8416,6.8416,6.8416,6.8416,6.8416,6.8416,6.8416,6.8416,6.8416,6.8416,6.8416,6.8416,6.8416,6.8416,6.8416,6.8416,6.8416,6.8416,6.8416,6.8416,6.8416,6.8416,6.8416,6.8416,6.8416,6.8416,6.8416,6.8416,6.8416,6.8416,6.8416,6.8416,6.8416,6.8416,6.8416,6.8416,6.8416,6.8416,6.8416,6.8416,6.8416,6.8416,6.8416,6.8416,6.8416,6.8416,6.8416,6.8416,6.8416,6.8416,6.8416,6.8416,6.1822,6.1290,6.0764,6.0408,6.0332,6.0258,6.0183,6.0110,6.0036,5.9961,5.9889,5.9814,5.9740,5.9663,5.9587,5.9513,5.9437,5.9362,5.9288,5.9267,5.9253,5.9236,5.9221,5.9205,5.9190,5.9175,5.9159,5.9144,5.9130,5.9115,5.9098,5.9084,5.9067,5.9051,5.9036,5.9020,5.9005,5.8990,5.8974,5.8959,5.8943,5.8928,5.8922,5.8943,5.8966,5.8986,5.9009,5.9030,5.9051,5.9073,5.9094,5.9117,5.9140,5.9163,5.9186,5.9209,5.9232,5.9253,5.9276,5.9299,5.9322,5.9345,5.9368,5.9391,5.9414,5.9437,5.9492,5.9570,5.9646,5.9725,5.9801,5.9878,5.9955,6.0032,6.0110,6.0185,6.0261,6.0336,6.0412,6.0491,6.0567,6.0646,6.0865,6.1196,6.1429,6.1663,6.1872,6.2083,6.2297,6.2513,6.2690,6.2812,6.2932,6.3050,6.3169,6.3288,6.3407,6.3527,6.3650,6.3766,6.3846,6.3926,6.4004,6.4085,6.4173,6.4249,6.4335,6.4411,6.4491,6.4572,6.4657,6.4732,6.4819,6.4899,6.4977,6.5055,6.5123,6.5189,6.5260,6.5400,6.5627,6.5851,6.6079,6.6303,6.6524,6.6741,6.6962,6.8416,6.8416,6.8416,6.8416,6.8416,6.8416,6.8416,6.8416,6.8416,6.8416,6.8416,6.8416,6.8416,6.8416,6.8416,6.8416,6.8416,6.8416,6.8416,6.8416,6.8416,6.8416,6.8416,6.8416,6.8416,6.8416,6.8416,6.8416,6.8416,6.8416,6.8416,6.8416,6.8416,6.8416,6.8416,6.8416,6.8416,6.8416,6.8416,6.8416,6.8416,6.8416,6.8416,6.8416,6.8416,6.8416,6.8416,6.8416,6.8416,6.8416,6.8416,6.8416,6.8416,6.8416,6.8416,6.8416,6.8416,6.8416,6.8416,6.8416,6.8416,6.8416,6.8416,6.8416,6.8416,6.8416,6.8416,6.8416,6.8416,6.8416,6.8416,6.8416,6.8416,6.8416,6.8416,6.8416,6.8416,6.8416,6.8416,6.8416,6.8416,6.8416,6.8416,6.8416,6.8416,6.8416,6.8416,6.8416,6.8416,6.8416,6.8416,6.8416,6.8416,6.8416,6.8416,6.8416,6.8416,6.8416,6.8416,6.8416,6.8416,6.8416,6.8416,6.8416,6.8416,6.8416,6.8416,6.8416,6.8416,6.8416,6.8416,6.8416,6.8416,6.8416,6.8416,6.8416,6.8416,6.8416,6.8416,6.8416,6.8416,6.8416,6.8416,6.8416,6.8416,6.8416,6.8416,6.8416,6.8416,6.8416,6.8416,6.8416,6.8416,6.8416,6.8416,6.8416,6.8416,6.8416,6.8416,6.8416,6.8416,6.8416,6.8416,6.8416,6.8416,6.8416,6.8416,6.8416,6.8416,6.8416,6.8416,6.8416,6.8416,6.8416,6.8416,6.8416,6.8416,6.8416,6.8416,6.8416,6.8416,6.8416,6.8416,6.8416,6.8416,6.8416,6.8416,6.8416,6.8416,6.8416,6.8416,6.8416,6.8416,6.8416,6.8416,6.8416,6.8416,6.8416,6.8416,6.8416,6.8416,6.8416,6.8416,6.8416,6.8416,6.8416,6.8416,6.8416,6.8416,6.8416,6.8416,6.8416,6.8416,6.8416,6.8416,6.8416,6.8416,6.8416,6.8416,6.8416,6.8416,6.8416,6.8416,6.8416,6.8416,6.8416,6.8416,6.8416,6.8416,6.8416,6.8416,6.8416,6.8416,6.8416,6.8416,6.8416,6.8416,6.8416,6.8416,6.8416,6.8416,6.8416,6.8416,6.8416,6.8416,6.8416,6.8416,6.8416,6.8416,6.8416,6.8416,6.8416,6.8416,6.8416,6.8416,6.8416,6.8416,6.8416,6.8416,6.8416,6.8416,6.8416,6.8416,6.8416,6.8416,6.8416,6.8416,6.8416,6.8416,6.8416,6.8416,6.8416,6.8416,6.8416,6.8416,6.8416,6.8416,6.8416,6.8416,6.8416,6.8416,6.8416,6.8416,6.8416,6.8416,6.8416,6.8416,6.8416,6.8416,6.8416,6.8416,6.8416,6.8416,6.8416,6.8416,6.8416,6.8416,6.8416,6.8416,6.8416,6.8416,6.8416,6.8416,6.8416,6.8416,6.8416,6.8416,6.8416,6.8416,6.8416,6.8416,6.8416,6.8416,6.8416,6.8416,6.8416,6.8416,6.8416,6.8416,6.8416,6.8416,6.8416,6.8416,6.8416,6.8416,6.8416,6.8416,6.8416,6.8416,6.8416,6.8416,6.8416,6.8416,6.8416,6.8416,6.8416,6.8416,6.8416,6.8416,6.8416,6.8416,6.8416,6.8416,6.8416,6.8416,6.8416,6.8416,6.8416,6.8416,6.8416,6.8416,6.8416,6.8416,6.8416,6.8416,6.8416,6.8416,6.8416,6.8416,6.8416,6.8416,6.8416,6.8416,6.8416,6.8416,6.8416,6.8416,6.8416,6.8416,6.8416,6.8416,6.8416,6.8416,6.8416,6.8416,6.8416,6.8416,6.8416,6.8416,6.8416,6.8416,6.8416,6.8416,6.8416,6.8416,6.8416,6.8416,6.8416,6.8416,6.8416,6.8416,6.8416,6.8416,6.8416,6.8416,6.8416,6.8416,6.8416,6.8416,6.8416,6.8416,6.8416,6.8416,6.8416,6.8416,6.8416,6.8416,6.8416,6.8416,6.8416,6.8416,6.8416,6.8416,6.8416,6.8416,6.8416,6.8416,6.8416,6.8416,6.8416,6.8416,6.8416,6.8416,6.8416,6.8416,6.8416,6.8416,6.8416,6.8416,6.8416,6.8416,6.8416,6.8416,6.8416,6.8416,6.8416,6.8416,6.8416,6.8416,6.8416,6.8416,6.8416,6.8416,6.8416,6.8416,6.8416,6.8416,6.8416,6.8416,6.8416,6.8416,6.8416,6.8416,6.8416,6.8416,6.8416,6.8416,6.8416,6.8416,6.8416,6.8416,6.8416,6.8416,6.8416,6.8416,6.8416,6.8416,6.8416,6.8416,6.8416
6.8363,6.8363,6.8363,6.8363,6.8363,6.8363,6.8363,6.8363,6.8363,6.8363,6.8363,6.8363,6.8363,6.8363,6.8363,6.8363,6.8363,6.8363,6.8363,6.8363,6.8363,6.8363,6.8363,6.8363,6.8363,6.8363,6.8363,6.8363,6.8363,6.8363,6.8363,6.8363,6.8363,6.8363,6.8363,6.8363,6.8363,6.8363,6.8363,6.8363,6.8363,6.8363,6.8363,6.8363,6.8363,6.8363,6.8363,6.8363,6.8363,6.8363,6.8363,6.8363,6.8363,6.8363,6.8363,6.8363,6.8363,6.8363,6.8363,6.8363,6.8363,6.8363,6.8363,6.8363,6.8363,6.8363,6.8363,6.8363,6.8363,6.8363,6.8363,6.8363,6.8363,6.8363,6.8363,6.8363,6.8363,6.8363,6.8363,6.8363,6.8363,6.8363,6.8363,6.8363,6.8363,6.8363,6.8363,6.8363,6.8363,6.8363,6.8363,6.8363,6.8363,6.8363,6.8363,6.8363,6.8363,6.8363,6.8363,6.8363,6.8363,6.8363,6.8363,6.8363,6.8363,6.8363,6.8363,6.8363,6.8363,6.8363,6.8363,6.8363,6.8363,6.8363,6.8363,6.8363,6.8363,6.8363,6.8363,6.8363,6.8363,6.8363,6.8363,6.8363,6.8363,6.8363,6.8363,6.8363,6.8363,6.8363,6.8363,6.8363,6.8363,6.8363,6.8363,6.8363,6.8363,6.8363,6.8363,6.8363,6.8363,6.8363,6.8363,6.8363,6.8363,6.8363,6.8363,6.8363,6.8363,6.8363,6.8363,6.8363,6.8363,6.8363,6.8363,6.8363,6.8363,6.8363,6.8363,6.8363,6.8363,6.8363,6.8363,6.8363,6.8363,6.8363,6.8363,6.8363,6.8363,6.8363,6.8363,6.8363,6.8363,6.8363,6.8363,6.8363,6.8363,6.8363,6.8363,6.8363,6.8363,6.8363,6.8363,6.8363,6.8363,6.8363,6.8363,6.8363,6.8363,6.8363,6.8363,6.8363,6.8363,6.8363,6.8363,6.8363,6.8363,6.8363,6.8363,6.8363,6.8363,6.8363,6.8363,6.8363,6.8363,6.8363,6.8363,6.8363,6.8363,6.8363,6.8363,6.8363,6.8363,6.8363,6.8363,6.8363,6.8363,6.8363,6.8363,6.8363,6.8363,6.8363,6.8363,6.8363,6.8363,6.8363,6.8363,6.8363,6.8363,6.8363,6.8363,6.8363,6.8363,6.8363,6.8363,6.8363,6.8363,6.8363,6.8363,6.8363,6.8363,6.8363,6.8363,6.8363,6.8363,6.8363,6.8363,6.8363,6.8363,6.8363,6.8363,6.8363,6.8363,6.8363,6.8363,6.8363,6.8363,6.8363,6.8363,6.8363,6.8363,6.8363,6.8363,6.8363,6.8363,6.8363,6.8363,6.8363,6.8363,6.8363,6.8363,6.8363,6.8363,6.8363,6.8363,6.8363,6.8363,6.8363,6.8363,6.8363,6.8363,6.8363,6.8363,6.8363,6.8363,6.8363,6.8363,6.8363,6.8363,6.8363,6.8363,6.8363,6.8363,6.8363,6.8363,6.8363,6.8363,6.8363,6.8363,6.8363,6.8363,6.8363,6.8363,6.8363,6.8363,6.8363,6.8363,6.8363,6.8363,6.8363,6.8363,6.8363,6.8363,6.8363,6.8363,6.8363,6.8363,6.8363,6.8363,6.8363,6.8363,6.8363,6.8363,6.8363,6.8363,6.8363,6.8363,6.8363,6.8363,6.8363,6.8363,6.8363,6.8363,6.8363,6.8363,6.8363,6.8363,6.8363,6.8363,6.8363,6.8363,6.8363,6.8363,6.8363,6.8363,6.8363,6.8363,6.8363,6.8363,6.8363,6.8363,6.8363,6.8363,6.8363,6.8363,6.8363,6.8363,6.8363,6.8363,6.8363,6.8363,6.8363,6.8363,6.8363,6.8363,6.8363,6.8363,6.8363,6.8363,6.8363,6.8363,6.8363,6.8363,6.8363,6.8363,6.8363,6.8363,6.8363,6.8363,6.8363,6.8363,6.8363,6.8363,6.1918,6.1382,6.0854,6.0449,6.0375,6.0302,6.0226,6.0153,6.0077,6.0004,5.9931,5.9857,5.9782,5.9706,5.9629,5.9555,5.9479,5.9404,5.9330,5.9303,5.9286,5.9272,5.9257,5.9242,5.9226,5.9211,5.9196,5.9180,5.9165,5.9150,5.9136,5.9119,5.9105,5.9088,5.9071,5.9055,5.9040,5.9024,5.9009,5.8995,5.8978,5.8964,5.8953,5.8976,5.8997,5.9020,5.9040,5.9061,5.9084,5.9105,5.9128,5.9150,5.9173,5.9196,5.9217,5.9240,5.9263,5.9286,5.9309,5.9332,5.9355,5.9378,5.9402,5.9425,5.9448,5.9471,5.9522,5.9598,5.9676,5.9752,5.9829,5.9906,5.9987,6.0064,6.0140,6.0215,6.0291,6.0367,6.0443,6.0519,6.0598,6.0674,6.0868,6.1174,6.1404,6.1638,6.1850,6.2062,6.2274,6.2492,6.2669,6.2795,6.2913,6.3031,6.3150,6.3269,6.3390,6.3508,6.3631,6.3751,6.3834,6.3914,6.3997,6.4075,6.4156,6.4237,6.4318,6.4404,6.4483,6.4560,6.4640,6.4719,6.4802,6.4882,6.4967,6.5050,6.5121,6.5181,6.5273,6.5502,6.5725,6.5947,6.6178,6.6398,6.6624,6.6836,6.7055,6.8363,6.8363,6.8363,6.8363,6.8363,6.8363,6.8363,6.8363,6.8363,6.8363,6.8363,6.8363,6.8363,6.8363,6.8363,6.8363,6.8363,6.8363,6.8363,6.8363,6.8363,6.8363,6.8363,6.8363,6.8363,6.8363,6.8363,6.8363,6.8363,6.8363,6.8363,6.8363,6.8363,6.8363,6.8363,6.8363,6.8363,6.8363,6.8363,6.8363,6.8363,6.8363,6.8363,6.8363,6.8363,6.8363,6.8363,6.8363,6.8363,6.8363,6.8363,6.8363,6.8363,6.8363,6.8363,6.8363,6.8363,6.8363,6.8363,6.8363,6.8363,6.8363,6.8363,6.8363,6.8363,6.8363,6.8363,6.8363,6.8363,6.8363,6.8363,6.8363,6.8363,6.8363,6.8363,6.8363,6.8363,6.8363,6.8363,6.8363,6.8363,6.8363,6.8363,6.8363,6.8363,6.8363,6.8363,6.8363,6.8363,6.8363,6.8363,6.8363,6.8363,6.8363,6.8363,6.8363,6.8363,6.8363,6.8363,6.8363,6.8363,6.8363,6.8363,6.8363,6.8363,6.8363,6.8363,6.8363,6.8363,6.8363,6.8363,6.8363,6.8363,6.8363,6.8363,6.8363,6.8363,6.8363,6.8363,6.8363,6.8363,6.8363,6.8363,6.8363,6.8363,6.8363,6.8363,6.8363,6.8363,6.8363,6.8363,6.8363,6.8363,6.8363,6.8363,6.8363,6.8363,6.8363,6.8363,6.8363,6.8363,6.8363,6.8363,6.8363,6.8363,6.8363,6.8363,6.8363,6.8363,6.8363,6.8363,6.8363,6.8363,6.8363,6.8363,6.8363,6.8363,6.8363,6.8363,6.8363,6.8363,6.8363,6.8363,6.8363,6.8363,6.8363,6.8363,6.8363,6.8363,6.8363,6.8363,6.8363,6.8363,6.8363,6.8363,6.8363,6.8363,6.8363,6.8363,6.8363,6.8363,6.8363,6.8363,6.8363,6.8363,6.8363,6.8363,6.8363,6.8363,6.8363,6.8363,6.8363,6.8363,6.8363,6.8363,6.8363,6.8363,6.8363,6.8363,6.8363,6.8363,6.8363,6.8363,6.8363,6.8363,6.8363,6.8363,6.8363,6.8363,6.8363,6.8363,6.8363,6.8363,6.8363,6.8363,6.8363,6.8363,6.8363,6.8363,6.8363,6.8363,6.8363,6.8363,6.8363,6.8363,6.8363,6.8363,6.8363,6.8363,6.8363,6.8363,6.8363,6.8363,6.8363,6.8363,6.8363,6.8363,6.8363,6.8363,6.8363,6.8363,6.8363,6.8363,6.8363,6.8363,6.8363,6.8363,6.8363,6.8363,6.8363,6.8363,6.8363,6.8363,6.8363,6.8363,6.8363,6.8363,6.8363,6.8363,6.8363,6.8363,6.8363,6.8363,6.8363,6.8363,6.8363,6.8363,6.8363,6.8363,6.8363,6.8363,6.8363,6.8363,6.8363,6.8363,6.8363,6.8363,6.8363,6.8363,6.8363,6.8363,6.8363,6.8363,6.8363,6.8363,6.8363,6.8363,6.8363,6.8363,6.8363,6.8363,6.8363,6.8363,6.8363,6.8363,6.8363,6.8363,6.8363,6.8363,6.8363,6.8363,6.8363,6.8363,6.8363,6.8363,6.8363,6.8363,6.8363,6.8363,6.8363,6.8363,6.8363,6.8363,6.8363,6.8363,6.8363,6.8363,6.8363,6.8363,6.8363,6.8363,6.8363,6.8363,6.8363,6.8363,6.8363,6.8363,6.8363,6.8363,6.8363,6.8363,6.8363,6.8363,6.8363,6.8363,6.8363,6.8363,6.8363,6.8363,6.8363,6.8363,6.8363,6.8363,6.8363,6.8363,6.8363,6.8363,6.8363,6.8363,6.8363,6.8363,6.8363,6.8363,6.8363,6.8363,6.8363,6.8363,6.8363,6.8363,6.8363,6.8363,6.8363,6.8363,6.8363,6.8363,6.8363,6.8363,6.8363,6.8363,6.8363,6.8363,6.8363,6.8363,6.8363,6.8363,6.8363,6.8363,6.8363,6.8363,6.8363,6.8363,6.8363,6.8363,6.8363,6.8363,6.8363,6.8363,6.8363,6.8363,6.8363,6.8363,6.8363,6.8363,6.8363,6.8363,6.8363,6.8363,6.8363,6.8363,6.8363,6.8363,6.8363,6.8363,6.8363,6.8363,6.8363,6.8363,6.8363,6.8363,6.8363,6.8363,6.8363,6.8363,6.8363,6.8363,6.8363,6.8363,6.8363,6.8363,6.8363,6.8363,6.8363,6.8363,6.8363,6.8363,6.8363,6.8363,6.8363,6.8363,6.8363,6.8363,6.8363,6.8363,6.8363,6.8363,6.8363,6.8363,6.8363,6.8363,6.8363,6.8363,6.8363,6.8363,6.8363,6.8363,6.8363,6.8363,6.8363,6.8363,6.8363
6.8304,6.8304,6.8304,6.8304,6.8304,6.8304,6.8304,6.8304,6.8304,6.8304,6.8304,6.8304,6.8304,6.8304,6.8304,6.8304,6.8304,6.8304,6.8304,6.8304,6.8304,6.8304,6.8304,6.8304,6.8304,6.8304,6.8304,6.8304,6.8304,6.8304,6.8304,6.8304,6.8304,6.8304,6.8304,6.8304,6.8304,6.8304,6.8304,6.8304,6.8304,6.8304,6.8304,6.8304,6.8304,6.8304,6.8304,6.8304,6.8304,6.8304,6.8304,6.8304,6.8304,6.8304,6.8304,6.8304,6.8304,6.8304,6.8304,6.8304,6.8304,6.8304,6.8304,6.8304,6.8304,6.8304,6.8304,6.8304,6.8304,6.8304,6.8304,6.8304,6.8304,6.8304,6.8304,6.8304,6.8304,6.8304,6.8304,6.8304,6.8304,6.8304,6.8304,6.8304,6.8304,6.8304,6.8304,6.8304,6.8304,6.8304,6.8304,6.8304,6.8304,6.8304,6.8304,6.8304,6.8304,6.8304,6.8304,6.8304,6.8304,6.8304,6.8304,6.8304,6.8304,6.8304,6.8304,6.8304,6.8304,6.8304,6.8304,6.8304,6.8304,6.8304,6.8304,6.8304,6.8304,6.8304,6.8304,6.8304,6.8304,6.8304,6.8304,6.8304,6.8304,6.8304,6.8304,6.8304,6.8304,6.8304,6.8304,6.8304,6.8304,6.8304,6.8304,6.8304,6.8304,6.8304,6.8304,6.8304,6.8304,6.8304,6.8304,6.8304,6.8304,6.8304,6.8304,6.8304,6.8304,6.8304,6.8304,6.8304,6.8304,6.8304,6.8304,6.8304,6.8304,6.8304,6.8304,6.8304,6.8304,6.8304,6.8304,6.8304,6.8304,6.8304,6.8304,6.8304,6.8304,6.8304,6.8304,6.8304,6.8304,6.8304,6.8304,6.8304,6.8304,6.8304,6.8304,6.8304,6.8304,6.8304,6.8304,6.8304,6.8304,6.8304,6.8304,6.8304,6.8304,6.8304,6.8304,6.8304,6.8304,6.8304,6.8304,6.8304,6.8304,6.8304,6.8304,6.8304,6.8304,6.8304,6.8304,6.8304,6.8304,6.8304,6.8304,6.8304,6.8304,6.8304,6.8304,6.8304,6.8304,6.8304,6.8304,6.8304,6.8304,6.8304,6.8304,6.8304,6.8304,6.8304,6.8304,6.8304,6.8304,6.8304,6.8304,6.8304,6.8304,6.8304,6.8304,6.8304,6.8304,6.8304,6.8304,6.8304,6.8304,6.8304,6.8304,6.8304,6.8304,6.8304,6.8304,6.8304,6.8304,6.8304,6.8304,6.8304,6.8304,6.8304,6.8304,6.8304,6.8304,6.8304,6.8304,6.8304,6.8304,6.8304,6.8304,6.8304,6.8304,6.8304,6.8304,6.8304,6.8304,6.8304,6.8304,6.8304,6.8304,6.8304,6.8304,6.8304,6.8304,6.8304,6.8304,6.8304,6.8304,6.8304,6.8304,6.8304,6.8304,6.8304,6.8304,6.8304,6.8304,6.8304,6.8304,6.8304,6.8304,6.8304,6.8304,6.8304,6.8304,6.8304,6.8304,6.8304,6.8304,6.8304,6.8304,6.8304,6.8304,6.8304,6.8304,6.8304,6.8304,6.8304,6.8304,6.8304,6.8304,6.8304,6.8304,6.8304,6.8304,6.8304,6.8304,6.8304,6.8304,6.8304,6.8304,6.8304,6.8304,6.8304,6.8304,6.8304,6.8304,6.8304,6.8304,6.8304,6.8304,6.8304,6.8304,6.8304,6.8304,6.8304,6.8304,6.8304,6.8304,6.8304,6.8304,6.8304,6.8304,6.8304,6.8304,6.8304,6.8304,6.8304,6.8304,6.8304,6.8304,6.8304,6.8304,6.8304,6.8304,6.8304,6.8304,6.8304,6.8304,6.8304,6.8304,6.8304,6.8304,6.8304,6.8304,6.8304,6.8304,6.8304,6.8304,6.8304,6.8304,6.8304,6.8304,6.8304,6.8304,6.8304,6.8304,6.8304,6.8304,6.8304,6.8304,6.8304,6.8304,6.8304,6.8304,6.8304,6.1480,6.0949,6.0493,6.0419,6.0343,6.0269,6.0196,6.0120,6.0049,5.9972,5.9899,5.9823,5.9748,5.9672,5.9598,5.9522,5.9448,5.9372,5.9339,5.9324,5.9309,5.9292,5.9278,5.9263,5.9246,5.9232,5.9217,5.9203,5.9186,5.9171,5.9157,5.9142,5.9125,5.9107,5.9090,5.9076,5.9059,5.9044,5.9028,5.9013,5.8999,5.8986,5.9007,5.9028,5.9051,5.9071,5.9094,5.9115,5.9138,5.9161,5.9184,5.9205,5.9228,5.9251,5.9274,5.9297,5.9320,5.9343,5.9364,5.9387,5.9410,5.9433,5.9456,5.9479,5.9503,5.9551,5.9627,5.9706,5.9782,5.9859,5.9936,6.0013,6.0090,6.0168,6.0243,6.0319,6.0395,6.0471,6.0549,6.0626,6.0703,6.0872,6.1149,6.1382,6.1614,6.1827,6.2039,6.2251,6.2471,6.2648,6.2774,6.2894,6.3012,6.3131,6.3249,6.3369,6.3489,6.3611,6.3732,6.3822,6.3902,6.3982,6.4065,6.4148,6.4229,6.4305,6.4387,6.4471,6.4548,6.4627,6.4712,6.4792,6.4869,6.4950,6.5033,6.5113,6.5174,6.5369,6.5599,6.5818,6.6043,6.6277,6.6498,6.6722,6.6938,6.8304,6.8304,6.8304,6.8304,6.8304,6.8304,6.8304,6.8304,6.8304,6.8304,6.8304,6.8304,6.8304,6.8304,6.8304,6.8304,6.8304,6.8304,6.8304,6.8304,6.8304,6.8304,6.8304,6.8304,6.8304,6.8304,6.8304,6.8304,6.8304,6.8304,6.8304,6.8304,6.8304,6.8304,6.8304,6.8304,6.8304,6.8304,6.8304,6.8304,6.8304,6.8304,6.8304,6.8304,6.8304,6.8304,6.8304,6.8304,6.8304,6.8304,6.8304,6.8304,6.8304,6.8304,6.8304,6.8304,6.8304,6.8304,6.8304,6.8304,6.8304,6.8304,6.8304,6.8304,6.8304,6.8304,6.8304,6.8304,6.8304,6.8304,6.8304,6.8304,6.8304,6.8304,6.8304,6.8304,6.8304,6.8304,6.8304,6.8304,6.8304,6.8304,6.8304,6.8304,6.8304,6.8304,6.8304,6.8304,6.8304,6.8304,6.8304,6.8304,6.8304,6.8304,6.8304,6.8304,6.8304,6.8304,6.8304,6.8304,6.8304,6.8304,6.8304,6.8304,6.8304,6.8304,6.8304,6.8304,6.8304,6.8304,6.8304,6.8304,6.8304,6.8304,6.8304,6.8304,6.8304,6.8304,6.8304,6.8304,6.8304,6.8304,6.8304,6.8304,6.8304,6.8304,6.8304,6.8304,6.8304,6.8304,6.8304,6.8304,6.8304,6.8304,6.8304,6.8304,6.8304,6.8310,6.8310,6.8310,6.8310,6.8310,6.8310,6.8310,6.8310,6.8310,6.8310,6.8310,6.8310,6.8310,6.8310,6.8310,6.8310,6.8310,6.8310,6.8310,6.8310,6.8310,6.8310,6.8310,6.8310,6.8310,6.8310,6.8310,6.8310,6.8310,6.8310,6.8310,6.8310,6.8310,6.8310,6.8310,6.8310,6.8310,6.8310,6.8310,6.8310,6.8310,6.8310,6.8310,6.8310,6.8310,6.8310,6.8310,6.8310,6.8310,6.8310,6.8310,6.8310,6.8310,6.8310,6.8310,6.8310,6.8310,6.8310,6.8310,6.8310,6.8310,6.8310,6.8310,6.8310,6.8310,6.8310,6.8310,6.8310,6.8310,6.8310,6.8310,6.8310,6.8310,6.8310,6.8310,6.8310,6.8310,6.8310,6.8310,6.8310,6.8310,6.8310,6.8310,6.8310,6.8310,6.8310,6.8310,6.8310,6.8310,6.8310,6.8310,6.8310,6.8310,6.8310,6.8310,6.8310,6.8310,6.8310,6.8310,6.8310,6.8310,6.8310,6.8310,6.8310,6.8310,6.8310,6.8310,6.8310,6.8310,6.8310,6.8310,6.8310,6.8310,6.8310,6.8310,6.8310,6.8310,6.8310,6.8310,6.8310,6.8310,6.8310,6.8310,6.8310,6.8310,6.8310,6.8310,6.8310,6.8310,6.8310,6.8310,6.8310,6.8310,6.8310,6.8310,6.8310,6.8310,6.8310,6.8310,6.8310,6.8310,6.8310,6.8310,6.8310,6.8310,6.8310,6.8310,6.8310,6.8310,6.8310,6.8310,6.8310,6.8310,6.8310,6.8310,6.8310,6.8310,6.8310,6.8310,6.8310,6.8310,6.8310,6.8310,6.8310,6.8310,6.8310,6.8310,6.8310,6.8310,6.8310,6.8310,6.8310,6.8310,6.8310,6.8310,6.8310,6.8310,6.8310,6.8310,6.8310,6.8310,6.8310,6.8310,6.8310,6.8310,6.8310,6.8310,6.8310,6.8310,6.8310,6.8310,6.8310,6.8310,6.8310,6.8310,6.8310,6.8310,6.8310,6.8310,6.8310,6.8310,6.8310,6.8310,6.8310,6.8310,6.8310,6.8310,6.8310,6.8310,6.8310,6.8310,6.8310,6.8310,6.8310,6.8310,6.8310,6.8310,6.8310,6.8310,6.8310,6.8310,6.8310,6.8310,6.8310,6.8310,6.8310,6.8310,6.8310,6.8310,6.8310,6.8310,6.8310,6.8310,6.8310,6.8310,6.8310,6.8310,6.8310,6.8310,6.8310,6.8310,6.8310,6.8310,6.8310,6.8310,6.8310,6.8310,6.8310,6.8310,6.8310,6.8310,6.8310,6.8310,6.8310,6.8310,6.8310,6.8310,6.8310,6.8310,6.8310,6.8310,6.8310,6.8310,6.8310,6.8310,6.8310,6.8310,6.8310,6.8310,6.8310,6.8310,6.8310,6.8310,6.8310,6.8310,6.8310,6.8310,6.8310,6.8310,6.8310,6.8310,6.8310,6.8310,6.8310,6.8310,6.8310,6.8310,6.8310,6.8310,6.8310,6.8310,6.8310,6.8310,6.8310,6.8310,6.8310,6.8310,6.8310,6.8310,6.8310,6.8310,6.8310,6.8310,6.8310,6.8310,6.8310,6.8310,6.8310,6.8310,6.8310,6.8310,6.8310,6.8310,6.8310
6.8254,6.8254,6.8254,6.8254,6.8254,6.8254,6.8254,6.8254,6.8254,6.8254,6.8254,6.8254,6.8254,6.8254,6.8254,6.8254,6.8254,6.8254,6.8254,6.8254,6.8254,6.8254,6.8254,6.8254,6.8254,6.8254,6.8254,6.8254,6.8254,6.8254,6.8254,6.8254,6.8254,6.8254,6.8254,6.8254,6.8254,6.8254,6.8254,6.8254,6.8254,6.8254,6.8254,6.8254,6.8254,6.8254,6.8254,6.8254,6.8254,6.8254,6.8254,6.8254,6.8254,6.8254,6.8254,6.8254,6.8254,6.8254,6.8254,6.8254,6.8254,6.8254,6.8254,6.8254,6.8254,6.8254,6.8254,6.8254,6.8254,6.8254,6.8254,6.8254,6.8254,6.8254,6.8254,6.8254,6.8254,6.8254,6.8254,6.8254,6.8254,6.8254,6.8254,6.8254,6.8254,6.8254,6.8254,6.8254,6.8254,6.8254,6.8254,6.8254,6.8254,6.8254,6.8254,6.8254,6.8254,6.8254,6.8254,6.8254,6.8254,6.8254,6.8254,6.8254,6.8254,6.8254,6.8254,6.8254,6.8254,6.8254,6.8254,6.8254,6.8254,6.8254,6.8254,6.8254,6.8254,6.8254,6.8254,6.8254,6.8254,6.8254,6.8254,6.8254,6.8254,6.8254,6.8254,6.8254,6.8254,6.8254,6.8254,6.8254,6.8254,6.8254,6.8254,6.8254,6.8254,6.8254,6.8254,6.8254,6.8254,6.8254,6.8254,6.8254,6.8254,6.8254,6.8254,6.8254,6.8254,6.8254,6.8254,6.8254,6.8254,6.8254,6.8254,6.8254,6.8254,6.8254,6.8254,6.8254,6.8254,6.8254,6.8254,6.8254,6.8254,6.8254,6.8254,6.8254,6.8254,6.8254,6.8254,6.8254,6.8254,6.8254,6.8254,6.8254,6.8254,6.8254,6.8254,6.8254,6.8254,6.8254,6.8254,6.8254,6.8254,6.8254,6.8254,6.8254,6.8254,6.8254,6.8254,6.8254,6.8254,6.8254,6.8254,6.8254,6.8254,6.8254,6.8254,6.8254,6.8254,6.8254,6.8254,6.8254,6.8254,6.8254,6.8254,6.8254,6.8254,6.8254,6.8254,6.8254,6.8254,6.8254,6.8254,6.8254,6.8254,6.8254,6.8254,6.8254,6.8254,6.8254,6.8254,6.8254,6.8254,6.8254,6.8254,6.8254,6.8254,6.8254,6.8254,6.8254,6.8254,6.8254,6.8254,6.8254,6.8254,6.8254,6.8254,6.8254,6.8254,6.8254,6.8254,6.8254,6.8254,6.8254,6.8254,6.8254,6.8254,6.8254,6.8254,6.8254,6.8254,6.8254,6.8254,6.8254,6.8254,6.8254,6.8254,6.8254,6.8254,6.8254,6.8254,6.8254,6.8254,6.8254,6.8254,6.8254,6.8254,6.8254,6.8254,6.8254,6.8254,6.8254,6.8254,6.8254,6.8254,6.8254,6.8254,6.8254,6.8254,6.8254,6.8254,6.8254,6.8254,6.8254,6.8254,6.8254,6.8254,6.8254,6.8254,6.8254,6.8254,6.8254,6.8254,6.8254,6.8254,6.8254,6.8254,6.8254,6.8254,6.8254,6.8254,6.8254,6.8254,6.8254,6.8254,6.8254,6.8254,6.8254,6.8254,6.8254,6.8254,6.8254,6.8254,6.8254,6.8254,6.8254,6.8254,6.8254,6.8254,6.8254,6.8254,6.8254,6.8254,6.8254,6.8254,6.8254,6.8254,6.8254,6.8254,6.8254,6.8254,6.8254,6.8254,6.8254,6.8254,6.8254,6.8254,6.8254,6.8254,6.8254,6.8254,6.8254,6.8254,6.8254,6.8254,6.8254,6.8254,6.8254,6.8254,6.8254,6.8254,6.8254,6.8254,6.8254,6.8254,6.8254,6.8254,6.8254,6.8254,6.8254,6.8254,6.8254,6.8254,6.8254,6.8254,6.8254,6.8254,6.8254,6.8254,6.8254,6.8254,6.8254,6.8254,6.8254,6.8254,6.8254,6.8254,6.8254,6.8254,6.8254,6.8254,6.8254,6.1584,6.1051,6.0541,6.0462,6.0386,6.0312,6.0239,6.0163,6.0090,6.0015,5.9942,5.9867,5.9791,5.9716,5.9640,5.9566,5.9490,5.9416,5.9376,5.9360,5.9345,5.9330,5.9313,5.9299,5.9284,5.9269,5.9253,5.9238,5.9223,5.9209,5.9192,5.9178,5.9163,5.9144,5.9128,5.9111,5.9094,5.9080,5.9063,5.9049,5.9032,5.9017,5.9038,5.9061,5.9082,5.9103,5.9125,5.9148,5.9169,5.9192,5.9215,5.9238,5.9261,5.9284,5.9307,5.9328,5.9351,5.9374,5.9397,5.9420,5.9444,5.9467,5.9488,5.9511,5.9534,5.9579,5.9657,5.9733,5.9810,5.9887,5.9964,6.0045,6.0120,6.0198,6.0273,6.0349,6.0425,6.0501,6.0578,6.0654,6.0731,6.0877,6.1127,6.1357,6.1591,6.1806,6.2016,6.2230,6.2447,6.2627,6.2753,6.2875,6.2993,6.3112,6.3230,6.3352,6.3472,6.3592,6.3713,6.3809,6.3890,6.3970,6.4050,6.4131,6.4212,6.4298,6.4379,6.4453,6.4538,6.4620,6.4699,6.4779,6.4862,6.4937,6.5022,6.5106,6.5250,6.5471,6.5697,6.5921,6.6142,6.6372,6.6595,6.6813,6.8254,6.8254,6.8254,6.8254,6.8254,6.8254,6.8254,6.8254,6.8254,6.8254,6.8254,6.8254,6.8254,6.8254,6.8254,6.8254,6.8254,6.8254,6.8254,6.8254,6.8254,6.8254,6.8254,6.8254,6.8254,6.8254,6.8254,6.8254,6.8254,6.8254,6.8254,6.8254,6.8254,6.8254,6.8254,6.8254,6.8254,6.8254,6.8254,6.8254,6.8254,6.8254,6.8254,6.8254,6.8254,6.8254,6.8254,6.8254,6.8254,6.8254,6.8254,6.8254,6.8254,6.8254,6.8254,6.8254,6.8254,6.8254,6.8254,6.8254,6.8254,6.8254,6.8254,6.8254,6.8254,6.8254,6.8254,6.8254,6.8254,6.8254,6.8254,6.8254,6.8254,6.8254,6.8254,6.8254,6.8254,6.8254,6.8254,6.8254,6.8254,6.8254,6.8254,6.8254,6.8254,6.8254,6.8254,6.8254,6.8254,6.8254,6.8254,6.8254,6.8254,6.8254,6.8254,6.8254,6.8254,6.8254,6.8254,6.8254,6.8254,6.8254,6.8254,6.8254,6.8254,6.8254,6.8254,6.8254,6.8254,6.8254,6.8254,6.8254,6.8254,6.8254,6.8254,6.8254,6.8254,6.8254,6.8254,6.8254,6.8254,6.8254,6.8254,6.8254,6.8254,6.8254,6.8254,6.8254,6.8254,6.8254,6.8254,6.8254,6.8254,6.8254,6.8254,6.8254,6.8254,6.8254,6.8254,6.8254,6.8254,6.8254,6.8254,6.8254,6.8254,6.8254,6.8254,6.8254,6.8254,6.8254,6.8254,6.8254,6.8254,6.8254,6.8254,6.8254,6.8254,6.8254,6.8254,6.8254,6.8254,6.8254,6.8254,6.8254,6.8254,6.8254,6.8254,6.8254,6.8254,6.8254,6.8254,6.8254,6.8254,6.8254,6.8254,6.8254,6.8254,6.8254,6.8254,6.8254,6.8254,6.8254,6.8254,6.8254,6.8254,6.8254,6.8254,6.8254,6.8254,6.8254,6.8254,6.8254,6.8254,6.8254,6.8254,6.8254,6.8254,6.8254,6.8254,6.8254,6.8254,6.8254,6.8254,6.8254,6.8254,6.8254,6.8254,6.8254,6.8254,6.8254,6.8254,6.8254,6.8254,6.8254,6.8254,6.8254,6.8254,6.8254,6.8254,6.8254,6.8254,6.8254,6.8254,6.8254,6.8254,6.8254,6.8254,6.8254,6.8254,6.8254,6.8254,6.8254,6.8254,6.8254,6.8254,6.8254,6.8254,6.8254,6.8254,6.8254,6.8254,6.8254,6.8254,6.8254,6.8254,6.8254,6.8254,6.8254,6.8254,6.8254,6.8254,6.8254,6.8254,6.8254,6.8254,6.8254,6.8254,6.8254,6.8254,6.8254,6.8254,6.8254,6.8254,6.8254,6.8254,6.8254,6.8254,6.8254,6.8254,6.8254,6.8254,6.8254,6.8254,6.8254,6.8254,6.8254,6.8254,6.8254,6.8254,6.8254,6.8254,6.8254,6.8254,6.8254,6.8254,6.8254,6.8254,6.8254,6.8254,6.8254,6.8254,6.8254,6.8254,6.8254,6.8254,6.8254,6.8254,6.8254,6.8254,6.8254,6.8254,6.8254,6.8254,6.8254,6.8254,6.8254,6.8254,6.8254,6.8254,6.8254,6.8254,6.8254,6.8254,6.8254,6.8254,6.8254,6.8254,6.8254,6.8254,6.8254,6.8254,6.8254,6.8254,6.8254,6.8254,6.8254,6.8254,6.8254,6.8254,6.8254,6.8254,6.8254,6.8254,6.8254,6.8254,6.8254,6.8254,6.8254,6.8254,6.8254,6.8254,6.8254,6.8254,6.8254,6.8254,6.8254,6.8254,6.8254,6.8254,6.8254,6.8254,6.8254,6.8254,6.8254,6.8254,6.8254,6.8254,6.8254,6.8254,6.8254,6.8254,6.8254,6.8254,6.8254,6.8254,6.8254,6.8254,6.8254,6.8254,6.8254,6.8254,6.8254,6.8254,6.8254,6.8254,6.8254,6.8254,6.8254,6.8254,6.8254,6.8254,6.8254,6.8254,6.8254,6.8254,6.8254,6.8254,6.8254,6.8254,6.8254,6.8254,6.8254,6.8254,6.8254,6.8254,6.8254,6.8254,6.8254,6.8254,6.8254,6.8254,6.8254,6.8254,6.8254,6.8254,6.8254,6.8254,6.8254,6.8254,6.8254,6.8254,6.8254,6.8254,6.8254,6.8254,6.8254,6.8254,6.8254,6.8254,6.8254,6.8254,6.8254,6.8254,6.8254,6.8254,6.8254,6.8254,6.8254,6.8254,6.8254,6.8254,6.8254,6.8254,6.8254,6.8254,6.8254,6.8254,6.8254,6.8254,6.8254,6.8254,6.8254,6.8254,6.8254,6.8254,6.8254,6.8254,6.8254,6.8254,6.8254,6.8254,6.8254
6.8202,6.8202,6.8202,6.8202,6.8202,6.8202,6.8202,6.8202,6.8202,6.8202,6.8202,6.8202,6.8202,6.8202,6.8202,6.8202,6.8202,6.8202,6.8202,6.8202,6.8202,6.8202,6.8202,6.8202,6.8202,6.8202,6.8202,6.8202,6.8202,6.8202,6.8202,6.8202,6.8202,6.8202,6.8202,6.8202,6.8202,6.8202,6.8202,6.8202,6.8202,6.8202,6.8202,6.8202,6.8202,6.8202,6.8202,6.8202,6.8202,6.8202,6.8202,6.8202,6.8202,6.8202,6.8202,6.8202,6.8202,6.8202,6.8202,6.8202,6.8202,6.8202,6.8202,6.8202,6.8202,6.8202,6.8202,6.8202,6.8202,6.8202,6.8202,6.8202,6.8202,6.8202,6.8202,6.8202,6.8202,6.8202,6.8202,6.8202,6.8202,6.8202,6.8202,6.8202,6.8202,6.8202,6.8202,6.8202,6.8202,6.8202,6.8202,6.8202,6.8202,6.8202,6.8202,6.8202,6.8202,6.8202,6.8202,6.8202,6.8202,6.8202,6.8202,6.8202,6.8202,6.8202,6.8202,6.8202,6.8202,6.8202,6.8202,6.8202,6.8202,6.8202,6.8202,6.8202,6.8202,6.8202,6.8202,6.8202,6.8202,6.8202,6.8202,6.8202,6.8202,6.8202,6.8202,6.8202,6.8202,6.8202,6.8202,6.8202,6.8202,6.8202,6.8202,6.8202,6.8202,6.8202,6.8202,6.8202,6.8202,6.8202,6.8202,6.8202,6.8202,6.8202,6.8202,6.8202,6.8202,6.8202,6.8202,6.8202,6.8202,6.8202,6.8202,6.8202,6.8202,6.8202,6.8202,6.8202,6.8202,6.8202,6.8202,6.8202,6.8202,6.8202,6.8202,6.8202,6.8202,6.8202,6.8202,6.8202,6.8202,6.8202,6.8202,6.8202,6.8202,6.8202,6.8202,6.8202,6.8202,6.8202,6.8202,6.8202,6.8202,6.8202,6.8202,6.8202,6.8202,6.8202,6.8202,6.8202,6.8202,6.8202,6.8202,6.8202,6.8202,6.8202,6.8202,6.8202,6.8202,6.8202,6.8202,6.8202,6.8202,6.8202,6.8202,6.8202,6.8202,6.8202,6.8202,6.8202,6.8202,6.8202,6.8202,6.8202,6.8202,6.8202,6.8202,6.8202,6.8202,6.8202,6.8202,6.8202,6.8202,6.8202,6.8202,6.8202,6.8202,6.8202,6.8202,6.8202,6.8202,6.8202,6.8202,6.8202,6.8202,6.8202,6.8202,6.8202,6.8202,6.8202,6.8202,6.8202,6.8202,6.8202,6.8202,6.8202,6.8202,6.8202,6.8202,6.8202,6.8202,6.8202,6.8202,6.8202,6.8202,6.8202,6.8202,6.8202,6.8202,6.8202,6.8202,6.8202,6.8202,6.8202,6.8202,6.8202,6.8202,6.8202,6.8202,6.8202,6.8202,6.8202,6.8202,6.8202,6.8202,6.8202,6.8202,6.8202,6.8202,6.8202,6.8202,6.8202,6.8202,6.8202,6.8202,6.8202,6.8202,6.8202,6.8202,6.8202,6.8202,6.8202,6.8202,6.8202,6.8202,6.8202,6.8202,6.8202,6.8202,6.8202,6.8202,6.8202,6.8202,6.8202,6.8202,6.8202,6.8202,6.8202,6.8202,6.8202,6.8202,6.8202,6.8202,6.8202,6.8202,6.8202,6.8202,6.8202,6.8202,6.8202,6.8202,6.8202,6.8202,6.8202,6.8202,6.8202,6.8202,6.8202,6.8202,6.8202,6.8202,6.8202,6.8202,6.8202,6.8202,6.8202,6.8202,6.8202,6.8202,6.8202,6.8202,6.8202,6.8202,6.8202,6.8202,6.8202,6.8202,6.8202,6.8202,6.8202,6.8202,6.8202,6.8202,6.8202,6.8202,6.8202,6.8202,6.8202,6.8202,6.8202,6.8202,6.8202,6.8202,6.8202,6.8202,6.8202,6.8202,6.8202,6.8202,6.8202,6.8202,6.8202,6.8202,6.8202,6.8202,6.8202,6.8202,6.8202,6.8202,6.8202,6.8202,6.8202,6.1686,6.1151,6.0628,6.0510,6.0432,6.0356,6.0282,6.0207,6.0133,6.0058,5.9985,5.9910,5.9835,5.9761,5.9684,5.9610,5.9534,5.9460,5.9414,5.9397,5.9383,5.9366,5.9351,5.9336,5.9320,5.9305,5.9290,5.9274,5.9259,5.9244,5.9230,5.9213,5.9198,5.9182,5.9165,5.9148,5.9130,5.9115,5.9098,5.9084,5.9067,5.9053,5.9069,5.9092,5.9113,5.9136,5.9157,5.9180,5.9203,5.9226,5.9249,5.9272,5.9295,5.9316,5.9339,5.9362,5.9385,5.9408,5.9431,5.9454,5.9475,5.9498,5.9522,5.9545,5.9568,5.9608,5.9684,5.9761,5.9840,5.9917,5.9994,6.0071,6.0148,6.0226,6.0302,6.0378,6.0454,6.0530,6.0608,6.0685,6.0762,6.0874,6.1102,6.1335,6.1568,6.1784,6.1993,6.2209,6.2427,6.2606,6.2732,6.2857,6.2974,6.3093,6.3211,6.3333,6.3453,6.3573,6.3693,6.3797,6.3877,6.3960,6.4041,6.4124,6.4205,6.4281,6.4360,6.4446,6.4525,6.4607,6.4687,6.4762,6.4844,6.4924,6.5005,6.5126,6.5346,6.5563,6.5789,6.6019,6.6241,6.6477,6.6698,6.8202,6.8202,6.8202,6.8202,6.8202,6.8202,6.8202,6.8202,6.8202,6.8202,6.8202,6.8202,6.8202,6.8202,6.8202,6.8202,6.8202,6.8202,6.8202,6.8202,6.8202,6.8202,6.8202,6.8202,6.8202,6.8202,6.8202,6.8202,6.8202,6.8202,6.8202,6.8202,6.8202,6.8202,6.8202,6.8202,6.8202,6.8202,6.8202,6.8202,6.8202,6.8202,6.8202,6.8202,6.8202,6.8202,6.8202,6.8202,6.8202,6.8202,6.8202,6.8202,6.8202,6.8202,6.8202,6.8202,6.8202,6.8202,6.8202,6.8202,6.8202,6.8202,6.8202,6.8202,6.8202,6.8202,6.8202,6.8202,6.8202,6.8202,6.8202,6.8202,6.8202,6.8202,6.8202,6.8202,6.8202,6.8202,6.8202,6.8202,6.8202,6.8202,6.8202,6.8202,6.8202,6.8202,6.8202,6.8202,6.8202,6.8202,6.8202,6.8202,6.8202,6.8202,6.8202,6.8202,6.8202,6.8202,6.8202,6.8202,6.8202,6.8202,6.8202,6.8202,6.8202,6.8202,6.8202,6.8202,6.8202,6.8202,6.8202,6.8202,6.8202,6.8202,6.8202,6.8202,6.8202,6.8202,6.8202,6.8202,6.8202,6.8202,6.8202,6.8202,6.8202,6.8202,6.8202,6.8202,6.8202,6.8202,6.8202,6.8202,6.8202,6.8202,6.8202,6.8202,6.8202,6.8202,6.8202,6.8202,6.8202,6.8202,6.8202,6.8202,6.8202,6.8202,6.8202,6.8202,6.8202,6.8202,6.8202,6.8202,6.8202,6.8202,6.8202,6.8202,6.8202,6.8202,6.8202,6.8202,6.8202,6.8202,6.8202,6.8202,6.8202,6.8202,6.8202,6.8202,6.8202,6.8202,6.8202,6.8202,6.8202,6.8202,6.8202,6.8202,6.8202,6.8202,6.8202,6.8202,6.8202,6.8202,6.8202,6.8202,6.8202,6.8202,6.8202,6.8202,6.8202,6.8202,6.8202,6.8202,6.8202,6.8202,6.8202,6.8202,6.8202,6.8202,6.8202,6.8202,6.8202,6.8202,6.8202,6.8202,6.8202,6.8202,6.8202,6.8202,6.8202,6.8202,6.8202,6.8202,6.8202,6.8202,6.8202,6.8202,6.8202,6.8202,6.8202,6.8202,6.8202,6.8202,6.8202,6.8202,6.8202,6.8202,6.8202,6.8202,6.8202,6.8202,6.8202,6.8202,6.8202,6.8202,6.8202,6.8202,6.8202,6.8202,6.8202,6.8202,6.8202,6.8202,6.8202,6.8202,6.8202,6.8202,6.8202,6.8202,6.8202,6.8202,6.8202,6.8202,6.8202,6.8202,6.8202,6.8202,6.8202,6.8202,6.8202,6.8202,6.8202,6.8202,6.8202,6.8202,6.8202,6.8202,6.8202,6.8202,6.8202,6.8202,6.8202,6.8202,6.8202,6.8202,6.8202,6.8202,6.8202,6.8202,6.8202,6.8202,6.8202,6.8202,6.8202,6.8202,6.8202,6.8202,6.8202,6.8202,6.8202,6.8202,6.8202,6.8202,6.8202,6.8202,6.8202,6.8202,6.8202,6.8202,6.8202,6.8202,6.8202,6.8202,6.8202,6.8202,6.8202,6.8202,6.8202,6.8202,6.8202,6.8202,6.8202,6.8202,6.8202,6.8202,6.8202,6.8202,6.8202,6.8202,6.8202,6.8202,6.8202,6.8202,6.8202,6.8202,6.8202,6.8202,6.8202,6.8202,6.8202,6.8202,6.8202,6.8202,6.8202,6.8202,6.8202,6.8202,6.8202,6.8202,6.8202,6.8202,6.8202,6.8202,6.8202,6.8202,6.8202,6.8202,6.8202,6.8202,6.8202,6.8202,6.8202,6.8202,6.8202,6.8202,6.8202,6.8202,6.8202,6.8202,6.8202,6.8202,6.8202,6.8202,6.8202,6.8202,6.8202,6.8202,6.8202,6.8202,6.8202,6.8202,6.8202,6.8202,6.8202,6.8202,6.8202,6.8202,6.8202,6.8202,6.8202,6.8202,6.8202,6.8202,6.8202,6.8202,6.8202,6.8202,6.8202,6.8202,6.8202,6.8202,6.8202,6.8202,6.8202,6.8202,6.8202,6.8202,6.8202,6.8202,6.8202,6.8202,6.8202,6.8202,6.8202,6.8202,6.8202,6.8202,6.8202,6.8202,6.8202,6.8202,6.8202,6.8202,6.8202,6.8202,6.8202,6.8202,6.8202,6.8202,6.8202,6.8202,6.8202,6.8202,6.8202,6.8202,6.8202,6.8202,6.8202,6.8202,6.8202,6.8202,6.8202,6.8202,6.8202,6.8202,6.8202,6.8202,6.8202,6.8202,6.8202,6.8202,6.8202,6.8202,6.8202,6.8202,6.8202,6.8202,6.8202,6.8202,6.8202,6.8202,6.8202,6.8202,6.8202
6.8155,6.8155,6.8155,6.8155,6.8155,6.8155,6.8155,6.8155,6.8155,6.8155,6.8155,6.8155,6.8155,6.8155,6.8155,6.8155,6.8155,6.8155,6.8155,6.8155,6.8155,6.8155,6.8155,6.8155,6.8155,6.8155,6.8155,6.8155,6.8155,6.8155,6.8155,6.8155,6.8155,6.8155,6.8155,6.8155,6.8155,6.8155,6.8155,6.8155,6.8155,6.8155,6.8155,6.8155,6.8155,6.8155,6.8155,6.8155,6.8155,6.8155,6.8155,6.8155,6.8155,6.8155,6.8155,6.8155,6.8155,6.8155,6.8155,6.8155,6.8155,6.8155,6.8155,6.8155,6.8155,6.8155,6.8155,6.8155,6.8155,6.8155,6.8155,6.8155,6.8155,6.8155,6.8155,6.8155,6.8155,6.8155,6.8155,6.8155,6.8155,6.8155,6.8155,6.8155,6.8155,6.8155,6.8155,6.8155,6.8155,6.8155,6.8155,6.8155,6.8155,6.8155,6.8155,6.8155,6.8155,6.8155,6.8155,6.8155,6.8155,6.8155,6.8155,6.8155,6.8155,6.8155,6.8155,6.8155,6.8155,6.8155,6.8155,6.8155,6.8155,6.8155,6.8155,6.8155,6.8155,6.8155,6.8155,6.8155,6.8155,6.8155,6.8155,6.8155,6.8155,6.8155,6.8155,6.8155,6.8155,6.8155,6.8155,6.8155,6.8155,6.8155,6.8155,6.8155,6.8155,6.8155,6.8155,6.8155,6.8155,6.8155,6.8155,6.8155,6.8155,6.8155,6.8155,6.8155,6.8155,6.8155,6.8155,6.8155,6.8155,6.8155,6.8155,6.8155,6.8155,6.8155,6.8155,6.8155,6.8155,6.8155,6.8155,6.8155,6.8155,6.8155,6.8155,6.8155,6.8155,6.8155,6.8155,6.8155,6.8155,6.8155,6.8155,6.8155,6.8155,6.8155,6.8155,6.8155,6.8155,6.8155,6.8155,6.8155,6.8155,6.8155,6.8155,6.8155,6.8155,6.8155,6.8155,6.8155,6.8155,6.8155,6.8155,6.8155,6.8155,6.8155,6.8155,6.8155,6.8155,6.8155,6.8155,6.8155,6.8155,6.8155,6.8155,6.8155,6.8155,6.8155,6.8155,6.8155,6.8155,6.8155,6.8155,6.8155,6.8155,6.8155,6.8155,6.8155,6.8155,6.8155,6.8155,6.8155,6.8155,6.8155,6.8155,6.8155,6.8155,6.8155,6.8155,6.8155,6.8155,6.8155,6.8155,6.8155,6.8155,6.8155,6.8155,6.8155,6.8155,6.8155,6.8155,6.8155,6.8155,6.8155,6.8155,6.8155,6.8155,6.8155,6.8155,6.8155,6.8155,6.8155,6.8155,6.8155,6.8155,6.8155,6.8155,6.8155,6.8155,6.8155,6.8155,6.8155,6.8155,6.8155,6.8155,6.8155,6.8155,6.8155,6.8155,6.8155,6.8155,6.8155,6.8155,6.8155,6.8155,6.8155,6.8155,6.8155,6.8155,6.8155,6.8155,6.8155,6.8155,6.8155,6.8155,6.8155,6.8155,6.8155,6.8155,6.8155,6.8155,6.8155,6.8155,6.8155,6.8155,6.8155,6.8155,6.8155,6.8155,6.8155,6.8155,6.8155,6.8155,6.8155,6.8155,6.8155,6.8155,6.8155,6.8155,6.8155,6.8155,6.8155,6.8155,6.8155,6.8155,6.8155,6.8149,6.8149,6.8149,6.8149,6.8149,6.8149,6.8149,6.8149,6.8149,6.8149,6.8149,6.8149,6.8149,6.8149,6.8149,6.8149,6.8149,6.8149,6.8149,6.8149,6.8149,6.8149,6.8149,6.8149,6.8149,6.8149,6.8149,6.8149,6.8149,6.8149,6.8149,6.8149,6.8149,6.8149,6.8149,6.8149,6.8149,6.8149,6.8149,6.8149,6.8149,6.8149,6.8149,6.8149,6.8149,6.8149,6.8149,6.8149,6.8149,6.8149,6.8149,6.8149,6.8149,6.8149,6.8149,6.8149,6.8149,6.8149,6.8149,6.8149,6.8149,6.8149,6.8149,6.8149,6.8149,6.8149,6.1790,6.1254,6.0727,6.0556,6.0480,6.0401,6.0325,6.0250,6.0176,6.0103,6.0028,5.9955,5.9880,5.9803,5.9729,5.9655,5.9579,5.9505,5.9452,5.9435,5.9420,5.9404,5.9389,5.9372,5.9357,5.9341,5.9326,5.9311,5.9297,5.9280,5.9265,5.9251,5.9236,5.9219,5.9203,5.9184,5.9167,5.9150,5.9134,5.9119,5.9103,5.9088,5.9103,5.9123,5.9146,5.9167,5.9190,5.9213,5.9236,5.9259,5.9280,5.9303,5.9326,5.9349,5.9372,5.9395,5.9418,5.9439,5.9463,5.9486,5.9509,5.9532,5.9555,5.9579,5.9602,5.9638,5.9714,5.9791,5.9867,5.9946,6.0024,6.0101,6.0178,6.0256,6.0332,6.0408,6.0484,6.0560,6.0637,6.0714,6.0791,6.0877,6.1080,6.1312,6.1544,6.1761,6.1973,6.2186,6.2406,6.2585,6.2711,6.2838,6.2955,6.3074,6.3195,6.3314,6.3433,6.3553,6.3674,6.3785,6.3865,6.3948,6.4028,6.4111,6.4192,6.4273,6.4352,6.4429,6.4513,6.4590,6.4669,6.4749,6.4832,6.4912,6.5030,6.5222,6.5441,6.5663,6.5887,6.6113,6.6345,6.6574,6.8155,6.8155,6.8155,6.8155,6.8155,6.8155,6.8155,6.8155,6.8155,6.8155,6.8155,6.8155,6.8155,6.8155,6.8155,6.8155,6.8155,6.8155,6.8155,6.8155,6.8155,6.8155,6.8155,6.8155,6.8155,6.8155,6.8155,6.8155,6.8155,6.8155,6.8155,6.8155,6.8155,6.8155,6.8155,6.8155,6.8155,6.8155,6.8155,6.8155,6.8155,6.8155,6.8155,6.8155,6.8155,6.8155,6.8155,6.8155,6.8155,6.8155,6.8155,6.8155,6.8155,6.8155,6.8155,6.8155,6.8155,6.8155,6.8155,6.8155,6.8155,6.8155,6.8155,6.8155,6.8155,6.8155,6.8155,6.8155,6.8155,6.8155,6.8155,6.8155,6.8155,6.8155,6.8155,6.8155,6.8155,6.8155,6.8155,6.8155,6.8155,6.8155,6.8155,6.8155,6.8155,6.8155,6.8155,6.8155,6.8155,6.8155,6.8155,6.8155,6.8155,6.8155,6.8155,6.8155,6.8155,6.8155,6.8155,6.8155,6.8155,6.8155,6.8155,6.8155,6.8155,6.8155,6.8155,6.8155,6.8155,6.8155,6.8155,6.8155,6.8155,6.8155,6.8155,6.8155,6.8155,6.8155,6.8155,6.8155,6.8155,6.8155,6.8155,6.8155,6.8155,6.8155,6.8155,6.8155,6.8155,6.8155,6.8155,6.8155,6.8155,6.8155,6.8155,6.8155,6.8155,6.8155,6.8155,6.8155,6.8155,6.8155,6.8155,6.8155,6.8155,6.8155,6.8155,6.8155,6.8155,6.8155,6.8155,6.8155,6.8155,6.8155,6.8155,6.8155,6.8155,6.8155,6.8155,6.8155,6.8155,6.8155,6.8155,6.8155,6.8155,6.8155,6.8155,6.8155,6.8155,6.8155,6.8155,6.8155,6.8155,6.8155,6.8155,6.8155,6.8155,6.8155,6.8155,6.8155,6.8155,6.8155,6.8155,6.8155,6.8155,6.8155,6.8155,6.8155,6.8155,6.8155,6.8155,6.8155,6.8155,6.8155,6.8155,6.8155,6.8155,6.8155,6.8155,6.8155,6.8155,6.8155,6.8155,6.8155,6.8155,6.8155,6.8155,6.8155,6.8155,6.8155,6.8155,6.8155,6.8155,6.8155,6.8155,6.8155,6.8155,6.8155,6.8155,6.8155,6.8155,6.8155,6.8155,6.8155,6.8155,6.8155,6.8155,6.8155,6.8155,6.8155,6.8155,6.8155,6.8155,6.8155,6.8155,6.8155,6.8155,6.8155,6.8155,6.8155,6.8155,6.8155,6.8155,6.8155,6.8155,6.8155,6.8155,6.8155,6.8155,6.8155,6.8155,6.8155,6.8155,6.8155,6.8155,6.8155,6.8155,6.8155,6.8155,6.8155,6.8155,6.8155,6.8155,6.8155,6.8155,6.8155,6.8155,6.8155,6.8155,6.8155,6.8155,6.8155,6.8155,6.8155,6.8155,6.8155,6.8155,6.8155,6.8155,6.8155,6.8155,6.8155,6.8155,6.8155,6.8155,6.8155,6.8155,6.8155,6.8155,6.8155,6.8155,6.8155,6.8155,6.8155,6.8155,6.8155,6.8155,6.8155,6.8155,6.8155,6.8155,6.8155,6.8155,6.8155,6.8155,6.8155,6.8155,6.8155,6.8155,6.8155,6.8155,6.8155,6.8155,6.8155,6.8155,6.8155,6.8155,6.8155,6.8155,6.8155,6.8155,6.8155,6.8155,6.8155,6.8155,6.8155,6.8155,6.8155,6.8155,6.8155,6.8155,6.8155,6.8155,6.8155,6.8155,6.8155,6.8155,6.8155,6.8155,6.8155,6.8155,6.8155,6.8155,6.8155,6.8155,6.8155,6.8155,6.8155,6.8155,6.8155,6.8155,6.8155,6.8155,6.8155,6.8155,6.8155,6.8155,6.8155,6.8155,6.8155,6.8155,6.8155,6.8155,6.8155,6.8155,6.8155,6.8155,6.8155,6.8155,6.8155,6.8155,6.8155,6.8155,6.8155,6.8155,6.8155,6.8155,6.8155,6.8155,6.8155,6.8155,6.8155,6.8155,6.8155,6.8155,6.8155,6.8155,6.8155,6.8155,6.8155,6.8155,6.8155,6.8155,6.8155,6.8155,6.8155,6.8155,6.8155,6.8155,6.8155,6.8155,6.8155,6.8155,6.8155,6.8155,6.8155,6.8155,6.8155,6.8155,6.8155,6.8155,6.8155,6.8155,6.8155,6.8155,6.8155,6.8155,6.8155,6.8155,6.8155,6.8155,6.8155,6.8155,6.8155,6.8155,6.8155,6.8155,6.8155,6.8155,6.8155,6.8155,6.8155,6.8155,6.8155,6.8155,6.8155,6.8155,6.8155,6.8155,6.8155,6.8155,6.8155,6.8155,6.8155,6.8155,6.8155,6.8155,6.8155,6.8155,6.8155,6.8155,6.8155,6.8155,6.8155
6.8097,6.8097,6.8097,6.8097,6.8097,6.8097,6.8097,6.8097,6.8097,6.8097,6.8097,6.8097,6.8097,6.8097,6.8097,6.8097,6.8097,6.8097,6.8097,6.8097,6.8097,6.8097,6.8097,6.8097,6.8097,6.8097,6.8097,6.8097,6.8097,6.8097,6.8097,6.8097,6.8097,6.8097,6.8097,6.8097,6.8097,6.8097,6.8097,6.8097,6.8097,6.8097,6.8097,6.8097,6.8097,6.8097,6.8097,6.8097,6.8097,6.8097,6.8097,6.8097,6.8097,6.8097,6.8097,6.8097,6.8097,6.8097,6.8097,6.8097,6.8097,6.8097,6.8097,6.8097,6.8097,6.8097,6.8097,6.8097,6.8097,6.8097,6.8097,6.8097,6.8097,6.8097,6.8097,6.8097,6.8097,6.8097,6.8097,6.8097,6.8097,6.8097,6.8097,6.8097,6.8097,6.8097,6.8097,6.8097,6.8097,6.8097,6.8097,6.8097,6.8097,6.8097,6.8097,6.8097,6.8097,6.8097,6.8097,6.8097,6.8097,6.8097,6.8097,6.8097,6.8097,6.8097,6.8097,6.8097,6.8097,6.8097,6.8097,6.8097,6.8097,6.8097,6.8097,6.8097,6.8097,6.8097,6.8097,6.8097,6.8097,6.8097,6.8097,6.8097,6.8097,6.8097,6.8097,6.8097,6.8097,6.8097,6.8097,6.8097,6.8097,6.8097,6.8097,6.8097,6.8097,6.8097,6.8097,6.8097,6.8097,6.8097,6.8097,6.8097,6.8097,6.8097,6.8097,6.8097,6.8097,6.8097,6.8097,6.8097,6.8097,6.8097,6.8097,6.8097,6.8097,6.8097,6.8097,6.8097,6.8097,6.8097,6.8097,6.8097,6.8097,6.8097,6.8097,6.8097,6.8097,6.8097,6.8097,6.8097,6.8097,6.8097,6.8097,6.8097,6.8097,6.8097,6.8097,6.8097,6.8097,6.8097,6.8097,6.8097,6.8097,6.8097,6.8097,6.8097,6.8097,6.8097,6.8097,6.8097,6.8097,6.8097,6.8097,6.8097,6.8097,6.8097,6.8097,6.8097,6.8097,6.8097,6.8097,6.8097,6.8097,6.8097,6.8097,6.8097,6.8097,6.8097,6.8097,6.8097,6.8097,6.8097,6.8097,6.8097,6.8097,6.8097,6.8097,6.8097,6.8097,6.8097,6.8097,6.8097,6.8097,6.8097,6.8097,6.8097,6.8097,6.8097,6.8097,6.8097,6.8097,6.8097,6.8097,6.8097,6.8097,6.8097,6.8097,6.8097,6.8097,6.8097,6.8097,6.8097,6.8097,6.8097,6.8097,6.8097,6.8097,6.8097,6.8097,6.8097,6.8097,6.8097,6.8097,6.8097,6.8097,6.8097,6.8097,6.8097,6.8097,6.8097,6.8097,6.8097,6.8097,6.8097,6.8097,6.8097,6.8097,6.8097,6.8097,6.8097,6.8097,6.8097,6.8097,6.8097,6.8097,6.8097,6.8097,6.8097,6.8097,6.8097,6.8097,6.8097,6.8097,6.8097,6.8097,6.8097,6.8097,6.8097,6.8097,6.8097,6.8097,6.8097,6.8097,6.8097,6.8097,6.8097,6.8097,6.8097,6.8097,6.8097,6.8097,6.8097,6.8097,6.8097,6.8097,6.8097,6.8097,6.8097,6.8097,6.8097,6.8097,6.8097,6.8097,6.8097,6.8097,6.8097,6.8097,6.8097,6.8097,6.8097,6.8097,6.8097,6.8097,6.8097,6.8097,6.8097,6.8097,6.8097,6.8097,6.8097,6.8097,6.8097,6.8097,6.8097,6.8097,6.8097,6.8097,6.8097,6.8097,6.8097,6.8097,6.8097,6.8097,6.8097,6.8097,6.8097,6.8097,6.8097,6.8097,6.8097,6.8097,6.8097,6.8097,6.8097,6.8097,6.8097,6.8097,6.8097,6.8097,6.8097,6.8097,6.8097,6.8097,6.8097,6.8097,6.8097,6.8097,6.8097,6.8097,6.8097,6.8097,6.8097,6.8097,6.8097,6.8097,6.8097,6.8097,6.8097,6.8097,6.8097,6.8097,6.8097,6.8097,6.1355,6.0828,6.0604,6.0525,6.0449,6.0371,6.0295,6.0219,6.0146,6.0071,6.0000,5.9923,5.9848,5.9774,5.9697,5.9623,5.9549,5.9488,5.9473,5.9456,5.9441,5.9425,5.9410,5.9393,5.9378,5.9364,5.9347,5.9332,5.9318,5.9303,5.9286,5.9272,5.9257,5.9240,5.9221,5.9205,5.9188,5.9169,5.9155,5.9138,5.9123,5.9134,5.9155,5.9178,5.9201,5.9223,5.9246,5.9267,5.9290,5.9313,5.9336,5.9360,5.9383,5.9406,5.9427,5.9450,5.9473,5.9496,5.9519,5.9543,5.9566,5.9589,5.9612,5.9636,5.9667,5.9744,5.9820,5.9899,5.9976,6.0054,6.0131,6.0209,6.0284,6.0362,6.0438,6.0515,6.0591,6.0668,6.0744,6.0830,6.0923,6.1058,6.1288,6.1521,6.1740,6.1950,6.2165,6.2385,6.2564,6.2690,6.2817,6.2937,6.3055,6.3176,6.3295,6.3414,6.3534,6.3655,6.3773,6.3853,6.3936,6.4016,6.4094,6.4180,6.4256,6.4335,6.4421,6.4496,6.4575,6.4662,6.4742,6.4817,6.4937,6.5126,6.5321,6.5543,6.5763,6.5993,6.6212,6.6440,6.6672,6.8097,6.8097,6.8097,6.8097,6.8097,6.8097,6.8097,6.8097,6.8097,6.8097,6.8097,6.8097,6.8097,6.8097,6.8097,6.8097,6.8097,6.8097,6.8097,6.8097,6.8097,6.8097,6.8097,6.8097,6.8097,6.8097,6.8097,6.8097,6.8097,6.8097,6.8097,6.8097,6.8097,6.8097,6.8097,6.8097,6.8097,6.8097,6.8097,6.8097,6.8097,6.8097,6.8097,6.8097,6.8097,6.8097,6.8097,6.8097,6.8097,6.8097,6.8097,6.8097,6.8097,6.8097,6.8097,6.8097,6.8097,6.8097,6.8097,6.8097,6.8097,6.8097,6.8097,6.8097,6.8097,6.8097,6.8097,6.8097,6.8097,6.8097,6.8097,6.8097,6.8097,6.8097,6.8097,6.8097,6.8097,6.8097,6.8097,6.8097,6.8097,6.8097,6.8097,6.8097,6.8097,6.8097,6.8097,6.8097,6.8097,6.8097,6.8097,6.8097,6.8097,6.8097,6.8097,6.8097,6.8097,6.8097,6.8097,6.8097,6.8097,6.8097,6.8097,6.8097,6.8097,6.8097,6.8097,6.8097,6.8097,6.8097,6.8097,6.8097,6.8097,6.8097,6.8097,6.8097,6.8097,6.8097,6.8097,6.8097,6.8097,6.8097,6.8097,6.8097,6.8097,6.8097,6.8097,6.8097,6.8097,6.8097,6.8097,6.8097,6.8097,6.8097,6.8097,6.8097,6.8097,6.8097,6.8097,6.8097,6.8097,6.8097,6.8097,6.8097,6.8097,6.8097,6.8097,6.8097,6.8097,6.8097,6.8097,6.8097,6.8097,6.8097,6.8097,6.8097,6.8097,6.8097,6.8097,6.8097,6.8097,6.8097,6.8097,6.8097,6.8097,6.8097,6.8097,6.8097,6.8097,6.8097,6.8097,6.8097,6.8097,6.8097,6.8097,6.8097,6.8097,6.8097,6.8097,6.8097,6.8097,6.8097,6.8097,6.8097,6.8097,6.8097,6.8097,6.8097,6.8097,6.8097,6.8097,6.8097,6.8097,6.8097,6.8097,6.8097,6.8097,6.8097,6.8097,6.8097,6.8097,6.8097,6.8097,6.8097,6.8097,6.8097,6.8102,6.8102,6.8102,6.8102,6.8102,6.8102,6.8102,6.8102,6.8102,6.8102,6.8102,6.8102,6.8102,6.8102,6.8102,6.8102,6.8102,6.8102,6.8102,6.8102,6.8102,6.8102,6.8102,6.8102,6.8102,6.8102,6.8102,6.8102,6.8102,6.8102,6.8102,6.8102,6.8102,6.8102,6.8102,6.8102,6.8102,6.8102,6.8102,6.8102,6.8102,6.8102,6.8102,6.8102,6.8102,6.8102,6.8102,6.8102,6.8102,6.8102,6.8102,6.8102,6.8102,6.8102,6.8102,6.8102,6.8102,6.8102,6.8102,6.8102,6.8102,6.8102,6.8102,6.8102,6.8102,6.8102,6.8102,6.8102,6.8102,6.8102,6.8102,6.8102,6.8102,6.8102,6.8102,6.8102,6.8102,6.8102,6.8102,6.8102,6.8102,6.8102,6.8102,6.8102,6.8102,6.8102,6.8102,6.8102,6.8102,6.8102,6.8102,6.8102,6.8102,6.8102,6.8102,6.8102,6.8102,6.8102,6.8102,6.8102,6.8102,6.8102,6.8102,6.8102,6.8102,6.8102,6.8102,6.8102,6.8102,6.8102,6.8102,6.8102,6.8102,6.8102,6.8102,6.8102,6.8102,6.8102,6.8102,6.8102,6.8102,6.8102,6.8102,6.8102,6.8102,6.8102,6.8102,6.8102,6.8102,6.8102,6.8102,6.8102,6.8102,6.8102,6.8102,6.8102,6.8102,6.8102,6.8102,6.8102,6.8102,6.8102,6.8102,6.8102,6.8102,6.8102,6.8102,6.8102,6.8102,6.8102,6.8102,6.8102,6.8102,6.8102,6.8102,6.8102,6.8102,6.8102,6.8102,6.8102,6.8102,6.8102,6.8102,6.8102,6.8102,6.8102,6.8102,6.8102,6.8102,6.8102,6.8102,6.8102,6.8102,6.8102,6.8102,6.8102,6.8102,6.8102,6.8102,6.8102,6.8102,6.8102,6.8102,6.8102,6.8102,6.8102,6.8102,6.8102,6.8102,6.8102,6.8102,6.8102,6.8102,6.8102,6.8102,6.8102,6.8102,6.8102,6.8102,6.8102,6.8102,6.8102,6.8102,6.8102,6.8102,6.8102,6.8102,6.8102,6.8102,6.8102,6.8102,6.8102,6.8102,6.8102,6.8102,6.8102,6.8102,6.8102,6.8102,6.8102,6.8102,6.8102,6.8102,6.8102,6.8102,6.8102,6.8102,6.8102,6.8102,6.8102,6.8102,6.8102,6.8102,6.8102,6.8102,6.8102,6.8102,6.8102,6.8102,6.8102,6.8102,6.8102,6.8102,6.8102,6.8102,6.8102,6.8102,6.8102
6.8047,6.8047,6.8047,6.8047,6.8047,6.8047,6.8047,6.8047,6.8047,6.8047,6.8047,6.8047,6.8047,6.8047,6.8047,6.8047,6.8047,6.8047,6.8047,6.8047,6.8047,6.8047,6.8047,6.8047,6.8047,6.8047,6.8047,6.8047,6.8047,6.8047,6.8047,6.8047,6.8047,6.8047,6.8047,6.8047,6.8047,6.8047,6.8047,6.8047,6.8047,6.8047,6.8047,6.8047,6.8047,6.8047,6.8047,6.8047,6.8047,6.8047,6.8047,6.8047,6.8047,6.8047,6.8047,6.8047,6.8047,6.8047,6.8047,6.8047,6.8047,6.8047,6.8047,6.8047,6.8047,6.8047,6.8047,6.8047,6.8047,6.8047,6.8047,6.8047,6.8047,6.8047,6.8047,6.8047,6.8047,6.8047,6.8047,6.8047,6.8047,6.8047,6.8047,6.8047,6.8047,6.8047,6.8047,6.8047,6.8047,6.8047,6.8047,6.8047,6.8047,6.8047,6.8047,6.8047,6.8047,6.8047,6.8047,6.8047,6.8047,6.8047,6.8047,6.8047,6.8047,6.8047,6.8047,6.8047,6.8047,6.8047,6.8047,6.8047,6.8047,6.8047,6.8047,6.8047,6.8047,6.8047,6.8047,6.8047,6.8047,6.8047,6.8047,6.8047,6.8047,6.8047,6.8047,6.8047,6.8047,6.8047,6.8047,6.8047,6.8047,6.8047,6.8047,6.8047,6.8047,6.8047,6.8047,6.8047,6.8047,6.8047,6.8047,6.8047,6.8047,6.8047,6.8047,6.8047,6.8047,6.8047,6.8047,6.8047,6.8047,6.8047,6.8047,6.8047,6.8047,6.8047,6.8047,6.8047,6.8047,6.8047,6.8047,6.8047,6.8047,6.8047,6.8047,6.8047,6.8047,6.8047,6.8047,6.8047,6.8047,6.8047,6.8047,6.8047,6.8047,6.8047,6.8047,6.8047,6.8047,6.8047,6.8047,6.8047,6.8047,6.8047,6.8047,6.8047,6.8047,6.8047,6.8047,6.8047,6.8047,6.8047,6.8047,6.8047,6.8047,6.8047,6.8047,6.8047,6.8047,6.8047,6.8047,6.8047,6.8047,6.8047,6.8047,6.8047,6.8047,6.8047,6.8047,6.8047,6.8047,6.8047,6.8047,6.8047,6.8047,6.8047,6.8047,6.8047,6.8047,6.8047,6.8047,6.8047,6.8047,6.8047,6.8047,6.8047,6.8047,6.8047,6.8047,6.8047,6.8047,6.8047,6.8047,6.8047,6.8047,6.8047,6.8047,6.8047,6.8047,6.8047,6.8047,6.8047,6.8047,6.8047,6.8047,6.8047,6.8047,6.8047,6.8047,6.8047,6.8047,6.8047,6.8047,6.8047,6.8047,6.8047,6.8047,6.8047,6.8047,6.8047,6.8047,6.8047,6.8047,6.8047,6.8047,6.8047,6.8047,6.8047,6.8047,6.8047,6.8047,6.8047,6.8047,6.8047,6.8047,6.8047,6.8047,6.8047,6.8047,6.8047,6.8047,6.8047,6.8047,6.8047,6.8047,6.8047,6.8047,6.8047,6.8047,6.8047,6.8047,6.8047,6.8047,6.8047,6.8047,6.8047,6.8047,6.8047,6.8047,6.8047,6.8047,6.8047,6.8047,6.8047,6.8047,6.8047,6.8047,6.8047,6.8047,6.8047,6.8047,6.8047,6.8047,6.8047,6.8047,6.8047,6.8047,6.8047,6.8047,6.8047,6.8047,6.8047,6.8047,6.8047,6.8047,6.8047,6.8047,6.8047,6.8047,6.8047,6.8047,6.8047,6.8047,6.8047,6.8047,6.8047,6.8047,6.8047,6.8047,6.8047,6.8047,6.8047,6.8047,6.8047,6.8047,6.8047,6.8047,6.8047,6.8047,6.8047,6.8047,6.8047,6.8047,6.8047,6.8047,6.8047,6.8047,6.8047,6.8047,6.8047,6.8047,6.8047,6.8047,6.8047,6.8047,6.8047,6.8047,6.8047,6.8047,6.8047,6.8047,6.8047,6.8047,6.8047,6.8047,6.8047,6.8047,6.8047,6.8047,6.8047,6.8047,6.8047,6.8047,6.1458,6.0927,6.0650,6.0574,6.0495,6.0419,6.0341,6.0265,6.0189,6.0114,6.0041,5.9966,5.9893,5.9818,5.9742,5.9667,5.9591,5.9526,5.9511,5.9494,5.9479,5.9463,5.9448,5.9431,5.9416,5.9399,5.9385,5.9368,5.9353,5.9339,5.9324,5.9307,5.9292,5.9278,5.9259,5.9242,5.9226,5.9207,5.9190,5.9173,5.9159,5.9165,5.9188,5.9211,5.9232,5.9255,5.9278,5.9301,5.9324,5.9347,5.9370,5.9393,5.9416,5.9439,5.9463,5.9486,5.9509,5.9532,5.9555,5.9579,5.9602,5.9625,5.9648,5.9670,5.9697,5.9774,5.9852,5.9929,6.0006,6.0084,6.0161,6.0239,6.0315,6.0391,6.0467,6.0543,6.0619,6.0698,6.0782,6.0877,6.0967,6.1056,6.1265,6.1498,6.1718,6.1927,6.2145,6.2362,6.2543,6.2669,6.2795,6.2918,6.3038,6.3157,6.3276,6.3395,6.3515,6.3638,6.3759,6.3843,6.3924,6.4002,6.4087,6.4168,6.4244,6.4323,6.4409,6.4488,6.4563,6.4645,6.4729,6.4844,6.5033,6.5219,6.5423,6.5643,6.5872,6.6090,6.6322,6.6548,6.8047,6.8047,6.8047,6.8047,6.8047,6.8047,6.8047,6.8047,6.8047,6.8047,6.8047,6.8047,6.8047,6.8047,6.8047,6.8047,6.8047,6.8047,6.8047,6.8047,6.8047,6.8047,6.8047,6.8047,6.8047,6.8047,6.8047,6.8047,6.8047,6.8047,6.8047,6.8047,6.8047,6.8047,6.8047,6.8047,6.8047,6.8047,6.8047,6.8047,6.8047,6.8047,6.8047,6.8047,6.8047,6.8047,6.8047,6.8047,6.8047,6.8047,6.8047,6.8047,6.8047,6.8047,6.8047,6.8047,6.8047,6.8047,6.8047,6.8047,6.8047,6.8047,6.8047,6.8047,6.8047,6.8047,6.8047,6.8047,6.8047,6.8047,6.8047,6.8047,6.8047,6.8047,6.8047,6.8047,6.8047,6.8047,6.8047,6.8047,6.8047,6.8047,6.8047,6.8047,6.8047,6.8047,6.8047,6.8047,6.8047,6.8047,6.8047,6.8047,6.8047,6.8047,6.8047,6.8047,6.8047,6.8047,6.8047,6.8047,6.8047,6.8047,6.8047,6.8047,6.8047,6.8047,6.8047,6.8047,6.8047,6.8047,6.8047,6.8047,6.8047,6.8047,6.8047,6.8047,6.8047,6.8047,6.8047,6.8047,6.8047,6.8047,6.8047,6.8047,6.8047,6.8047,6.8047,6.8047,6.8047,6.8047,6.8047,6.8047,6.8047,6.8047,6.8047,6.8047,6.8047,6.8047,6.8047,6.8047,6.8047,6.8047,6.8047,6.8047,6.8047,6.8047,6.8047,6.8047,6.8047,6.8047,6.8047,6.8047,6.8047,6.8047,6.8047,6.8047,6.8047,6.8047,6.8047,6.8047,6.8047,6.8047,6.8047,6.8047,6.8047,6.8047,6.8047,6.8047,6.8047,6.8047,6.8047,6.8047,6.8047,6.8047,6.8047,6.8047,6.8047,6.8047,6.8047,6.8047,6.8047,6.8047,6.8047,6.8047,6.8047,6.8047,6.8047,6.8047,6.8047,6.8047,6.8047,6.8047,6.8047,6.8047,6.8047,6.8047,6.8047,6.8047,6.8047,6.8047,6.8047,6.8047,6.8047,6.8047,6.8047,6.8047,6.8047,6.8047,6.8047,6.8047,6.8047,6.8047,6.8047,6.8047,6.8047,6.8047,6.8047,6.8047,6.8047,6.8047,6.8047,6.8047,6.8047,6.8047,6.8047,6.8047,6.8047,6.8047,6.8047,6.8047,6.8047,6.8047,6.8047,6.8047,6.8047,6.8047,6.8047,6.8047,6.8047,6.8047,6.8047,6.8047,6.8047,6.8047,6.8047,6.8047,6.8047,6.8047,6.8047,6.8047,6.8047,6.8047,6.8047,6.8047,6.8047,6.8047,6.8047,6.8047,6.8047,6.8047,6.8047,6.8047,6.8047,6.8047,6.8047,6.8047,6.8047,6.8047,6.8047,6.8047,6.8047,6.8047,6.8047,6.8047,6.8047,6.8047,6.8047,6.8047,6.8047,6.8047,6.8047,6.8047,6.8047,6.8047,6.8047,6.8047,6.8047,6.8047,6.8047,6.8047,6.8047,6.8047,6.8047,6.8047,6.8047,6.8047,6.8047,6.8047,6.8047,6.8047,6.8047,6.8047,6.8047,6.8047,6.8047,6.8047,6.8047,6.8047,6.8047,6.8047,6.8047,6.8047,6.8047,6.8047,6.8047,6.8047,6.8047,6.8047,6.8047,6.8047,6.8047,6.8047,6.8047,6.8047,6.8047,6.8047,6.8047,6.8047,6.8047,6.8047,6.8047,6.8047,6.8047,6.8047,6.8047,6.8047,6.8047,6.8047,6.8047,6.8047,6.8047,6.8047,6.8047,6.8047,6.8047,6.8047,6.8047,6.8047,6.8047,6.8047,6.8047,6.8047,6.8047,6.8047,6.8047,6.8047,6.8047,6.8047,6.8047,6.8047,6.8047,6.8047,6.8047,6.8047,6.8047,6.8047,6.8047,6.8047,6.8047,6.8047,6.8047,6.8047,6.8047,6.8047,6.8047,6.8047,6.8047,6.8047,6.8047,6.8047,6.8047,6.8047,6.8047,6.8047,6.8047,6.8047,6.8047,6.8047,6.8047,6.8047,6.8047,6.8047,6.8047,6.8047,6.8047,6.8047,6.8047,6.8047,6.8047,6.8047,6.8047,6.8047,6.8047,6.8047,6.8047,6.8047,6.8047,6.8047,6.8047,6.8047,6.8047,6.8047,6.8047,6.8047,6.8047,6.8047,6.8047,6.8047,6.8047,6.8047,6.8047,6.8047,6.8047,6.8047,6.8047,6.8047,6.8047,6.8047,6.8047,6.8047,6.8047,6.8047,6.8047,6.8047,6.8047,6.8047,6.8047,6.8047,6.8047,6.8047,6.8047,6.8047,6.8047,6.8047,6.8047,6.8047,6.8047,6.8047,6.8047,6.8047,6.8047,6.8047,6.8047,6.8047,6.8047
6.8000,6.8000,6.8000,6.8000,6.8000,6.8000,6.8000,6.8000,6.8000,6.8000,6.8000,6.8000,6.8000,6.8000,6.8000,6.8000,6.8000,6.8000,6.8000,6.8000,6.8000,6.8000,6.8000,6.8000,6.8000,6.8000,6.8000,6.8000,6.8000,6.8000,6.8000,6.8000,6.8000,6.8000,6.8000,6.8000,6.8000,6.8000,6.8000,6.8000,6.8000,6.8000,6.8000,6.8000,6.8000,6.8000,6.8000,6.8000,6.8000,6.8000,6.8000,6.8000,6.8000,6.8000,6.8000,6.8000,6.8000,6.8000,6.8000,6.8000,6.8000,6.8000,6.8000,6.8000,6.8000,6.8000,6.8000,6.8000,6.8000,6.8000,6.8000,6.8000,6.8000,6.8000,6.8000,6.8000,6.8000,6.8000,6.8000,6.8000,6.8000,6.8000,6.8000,6.8000,6.8000,6.8000,6.8000,6.8000,6.8000,6.8000,6.8000,6.8000,6.8000,6.8000,6.8000,6.8000,6.8000,6.8000,6.8000,6.8000,6.8000,6.8000,6.8000,6.8000,6.8000,6.8000,6.8000,6.8000,6.8000,6.8000,6.8000,6.8000,6.8000,6.8000,6.8000,6.8000,6.8000,6.8000,6.8000,6.8000,6.8000,6.8000,6.8000,6.8000,6.8000,6.8000,6.8000,6.8000,6.8000,6.8000,6.8000,6.8000,6.8000,6.8000,6.8000,6.8000,6.8000,6.8000,6.8000,6.8000,6.8000,6.8000,6.8000,6.8000,6.8000,6.8000,6.8000,6.8000,6.8000,6.8000,6.8000,6.8000,6.8000,6.8000,6.8000,6.8000,6.8000,6.8000,6.8000,6.8000,6.8000,6.8000,6.8000,6.8000,6.8000,6.8000,6.8000,6.8000,6.8000,6.8000,6.8000,6.8000,6.8000,6.8000,6.8000,6.8000,6.8000,6.8000,6.8000,6.8000,6.8000,6.8000,6.8000,6.8000,6.8000,6.8000,6.8000,6.8000,6.8000,6.8000,6.8000,6.8000,6.8000,6.8000,6.8000,6.8000,6.8000,6.8000,6.8000,6.8000,6.8000,6.8000,6.8000,6.8000,6.8000,6.8000,6.8000,6.8000,6.8000,6.8000,6.8000,6.8000,6.8000,6.8000,6.8000,6.8000,6.8000,6.8000,6.8000,6.8000,6.8000,6.8000,6.8000,6.8000,6.8000,6.8000,6.8000,6.8000,6.8000,6.8000,6.8000,6.8000,6.8000,6.8000,6.8000,6.8000,6.8000,6.8000,6.8000,6.8000,6.8000,6.8000,6.8000,6.8000,6.8000,6.8000,6.8000,6.8000,6.8000,6.8000,6.8000,6.8000,6.8000,6.8000,6.8000,6.8000,6.8000,6.8000,6.8000,6.8000,6.8000,6.8000,6.8000,6.8000,6.8000,6.8000,6.8000,6.8000,6.8000,6.8000,6.8000,6.8000,6.8000,6.8000,6.8000,6.8000,6.8000,6.8000,6.8000,6.8000,6.8000,6.8000,6.8000,6.8000,6.8000,6.8000,6.8000,6.8000,6.8000,6.8000,6.8000,6.8000,6.8000,6.8000,6.8000,6.8000,6.8000,6.8000,6.8000,6.8000,6.8000,6.8000,6.8000,6.8000,6.8000,6.8000,6.8000,6.8000,6.8000,6.8000,6.8000,6.8000,6.8000,6.8000,6.8000,6.8000,6.8000,6.8000,6.8000,6.8000,6.8000,6.8000,6.8000,6.8000,6.8000,6.8000,6.8000,6.8000,6.8000,6.8000,6.8000,6.8000,6.8000,6.8000,6.8000,6.8000,6.8000,6.8000,6.8000,6.8000,6.8000,6.8000,6.8000,6.8000,6.8000,6.8000,6.8000,6.8000,6.8000,6.8000,6.8000,6.8000,6.8000,6.8000,6.8000,6.8000,6.8000,6.8000,6.8000,6.8000,6.8000,6.8000,6.8000,6.8000,6.8000,6.8000,6.8000,6.8000,6.8000,6.8000,6.8000,6.8000,6.8000,6.8000,6.8000,6.8000,6.8000,6.8000,6.8000,6.8000,6.8000,6.8000,6.8000,6.8000,6.8000,6.1559,6.1029,6.0698,6.0619,6.0543,6.0464,6.0388,6.0310,6.0235,6.0159,6.0084,6.0011,5.9936,5.9863,5.9786,5.9712,5.9636,5.9564,5.9547,5.9532,5.9515,5.9500,5.9484,5.9469,5.9452,5.9437,5.9420,5.9406,5.9391,5.9374,5.9360,5.9345,5.9330,5.9313,5.9297,5.9280,5.9261,5.9244,5.9228,5.9211,5.9192,5.9198,5.9219,5.9242,5.9265,5.9288,5.9311,5.9334,5.9357,5.9381,5.9404,5.9427,5.9450,5.9473,5.9496,5.9519,5.9543,5.9566,5.9589,5.9612,5.9636,5.9659,5.9682,5.9706,5.9729,5.9806,5.9882,5.9959,6.0036,6.0114,6.0191,6.0269,6.0345,6.0421,6.0497,6.0574,6.0650,6.0733,6.0828,6.0921,6.1011,6.1102,6.1243,6.1474,6.1695,6.1907,6.2124,6.2341,6.2522,6.2648,6.2774,6.2901,6.3019,6.3138,6.3257,6.3376,6.3496,6.3618,6.3739,6.3831,6.3911,6.3992,6.4072,6.4151,6.4234,6.4310,6.4389,6.4476,6.4550,6.4637,6.4752,6.4937,6.5116,6.5311,6.5527,6.5745,6.5973,6.6194,6.6419,6.8000,6.8000,6.8000,6.8000,6.8000,6.8000,6.8000,6.8000,6.8000,6.8000,6.8000,6.8000,6.8000,6.8000,6.8000,6.8000,6.8000,6.8000,6.8000,6.8000,6.8000,6.8000,6.8000,6.8000,6.8000,6.8000,6.8000,6.8000,6.8000,6.8000,6.8000,6.8000,6.8000,6.8000,6.8000,6.8000,6.8000,6.8000,6.8000,6.8000,6.8000,6.8000,6.8000,6.8000,6.8000,6.8000,6.8000,6.8000,6.8000,6.8000,6.8000,6.8000,6.8000,6.8000,6.8000,6.8000,6.8000,6.8000,6.8000,6.8000,6.8000,6.8000,6.8000,6.8000,6.8000,6.8000,6.8000,6.8000,6.8000,6.8000,6.8000,6.8000,6.8000,6.8000,6.8000,6.8000,6.8000,6.8000,6.8000,6.8000,6.8000,6.8000,6.8000,6.8000,6.8000,6.8000,6.8000,6.8000,6.8000,6.8000,6.8000,6.8000,6.8000,6.8000,6.8000,6.8000,6.8000,6.8000,6.8000,6.8000,6.8000,6.8000,6.8000,6.8000,6.8000,6.8000,6.8000,6.8000,6.8000,6.8000,6.8000,6.8000,6.8000,6.8000,6.8000,6.8000,6.8000,6.8000,6.8000,6.8000,6.8000,6.8000,6.8000,6.8000,6.8000,6.8000,6.8000,6.8000,6.8000,6.8000,6.8000,6.8000,6.8000,6.8000,6.8000,6.8000,6.8000,6.8000,6.8000,6.8000,6.8000,6.8000,6.8000,6.8000,6.8000,6.8000,6.8000,6.8000,6.8000,6.8000,6.8000,6.8000,6.8000,6.8000,6.8000,6.8000,6.8000,6.8000,6.8000,6.8000,6.8000,6.8000,6.8000,6.8000,6.8000,6.8000,6.8000,6.8000,6.8000,6.8000,6.8000,6.8000,6.8000,6.8000,6.8000,6.8000,6.8000,6.8000,6.8000,6.8000,6.8000,6.8000,6.8000,6.8000,6.8000,6.8000,6.8000,6.8000,6.8000,6.8000,6.8000,6.8000,6.8000,6.8000,6.8000,6.8000,6.8000,6.8000,6.8000,6.8000,6.8000,6.8000,6.8000,6.8000,6.8000,6.8000,6.8000,6.8000,6.8000,6.8000,6.8000,6.8000,6.8000,6.8000,6.8000,6.8000,6.8000,6.8000,6.8000,6.8000,6.8000,6.8000,6.8000,6.8000,6.8000,6.8000,6.8000,6.8000,6.8000,6.8000,6.8000,6.8000,6.8000,6.8000,6.8000,6.8000,6.8000,6.8000,6.8000,6.8000,6.8000,6.8000,6.8000,6.8000,6.8000,6.8000,6.8000,6.8000,6.8000,6.8000,6.8000,6.8000,6.8000,6.8000,6.8000,6.8000,6.8000,6.8000,6.8000,6.8000,6.8000,6.8000,6.8000,6.8000,6.8000,6.8000,6.8000,6.8000,6.8000,6.8000,6.8000,6.8000,6.8000,6.8000,6.8000,6.8000,6.8000,6.8000,6.8000,6.8000,6.8000,6.8000,6.8000,6.8000,6.8000,6.8000,6.8000,6.8000,6.8000,6.8000,6.8000,6.8000,6.8000,6.8000,6.8000,6.8000,6.8000,6.8000,6.8000,6.8000,6.8000,6.8000,6.8000,6.8000,6.8000,6.8000,6.8000,6.8000,6.8000,6.8000,6.8000,6.8000,6.8000,6.8000,6.8000,6.8000,6.8000,6.7995,6.7995,6.7995,6.7995,6.7995,6.7995,6.7995,6.7995,6.7995,6.7995,6.7995,6.7995,6.7995,6.7995,6.7995,6.7995,6.7995,6.7995,6.7995,6.7995,6.7995,6.7995,6.7995,6.7995,6.7995,6.7995,6.7995,6.7995,6.7995,6.7995,6.7995,6.7995,6.7995,6.7995,6.7995,6.7995,6.7995,6.7995,6.7995,6.7995,6.7995,6.7995,6.7995,6.7995,6.7995,6.7995,6.7995,6.7995,6.7995,6.7995,6.7995,6.7995,6.7995,6.7995,6.7995,6.7995,6.7995,6.7995,6.7995,6.7995,6.7995,6.7995,6.7995,6.7995,6.7995,6.7995,6.7995,6.7995,6.7995,6.7995,6.7995,6.7995,6.7995,6.7995,6.7995,6.7995,6.7995,6.7995,6.7995,6.7995,6.7995,6.7995,6.7995,6.7995,6.7995,6.7995,6.7995,6.7995,6.7995,6.7995,6.7995,6.7995,6.7995,6.7995,6.7995,6.7995,6.7995,6.7995,6.7995,6.7995,6.7995,6.7995,6.7995,6.7995,6.7995,6.7995,6.7995,6.7995,6.7995,6.7995,6.7995,6.7995,6.7995,6.7995,6.7995,6.7995,6.7995,6.7995,6.7995,6.7995,6.7995,6.7995,6.7995,6.7995,6.7995,6.7995,6.7995,6.7995,6.7995,6.7995,6.7995,6.7995,6.7995,6.7995,6.7995,6.7995,6.7995,6.7995,6.7995
6.7948,6.7948,6.7948,6.7948,6.7948,6.7948,6.7948,6.7948,6.7948,6.7948,6.7948,6.7948,6.7948,6.7948,6.7948,6.7948,6.7948,6.7948,6.7948,6.7948,6.7948,6.7948,6.7948,6.7948,6.7948,6.7948,6.7948,6.7948,6.7948,6.7948,6.7948,6.7948,6.7948,6.7948,6.7948,6.7948,6.7948,6.7948,6.7948,6.7948,6.7948,6.7948,6.7948,6.7948,6.7948,6.7948,6.7948,6.7948,6.7948,6.7948,6.7948,6.7948,6.7948,6.7948,6.7948,6.7948,6.7948,6.7948,6.7948,6.7948,6.7948,6.7948,6.7948,6.7948,6.7948,6.7948,6.7948,6.7948,6.7948,6.7948,6.7948,6.7948,6.7948,6.7948,6.7948,6.7948,6.7948,6.7948,6.7948,6.7948,6.7948,6.7948,6.7948,6.7948,6.7948,6.7948,6.7948,6.7948,6.7948,6.7948,6.7948,6.7948,6.7948,6.7948,6.7948,6.7948,6.7948,6.7948,6.7948,6.7948,6.7948,6.7948,6.7948,6.7948,6.7948,6.7948,6.7948,6.7948,6.7948,6.7948,6.7948,6.7948,6.7948,6.7948,6.7948,6.7948,6.7948,6.7948,6.7948,6.7948,6.7948,6.7948,6.7948,6.7948,6.7948,6.7948,6.7948,6.7948,6.7948,6.7948,6.7948,6.7948,6.7948,6.7948,6.7948,6.7948,6.7948,6.7948,6.7948,6.7948,6.7948,6.7948,6.7948,6.7948,6.7948,6.7948,6.7948,6.7948,6.7948,6.7948,6.7948,6.7948,6.7948,6.7948,6.7948,6.7948,6.7948,6.7948,6.7948,6.7948,6.7948,6.7948,6.7948,6.7948,6.7948,6.7948,6.7948,6.7948,6.7948,6.7948,6.7948,6.7948,6.7948,6.7948,6.7948,6.7948,6.7948,6.7948,6.7948,6.7948,6.7948,6.7948,6.7948,6.7948,6.7948,6.7948,6.7948,6.7948,6.7948,6.7948,6.7948,6.7948,6.7948,6.7948,6.7948,6.7948,6.7948,6.7948,6.7948,6.7948,6.7948,6.7948,6.7948,6.7948,6.7948,6.7948,6.7948,6.7948,6.7948,6.7948,6.7948,6.7948,6.7948,6.7948,6.7948,6.7948,6.7948,6.7948,6.7948,6.7948,6.7948,6.7948,6.7948,6.7948,6.7948,6.7948,6.7948,6.7948,6.7948,6.7948,6.7948,6.7948,6.7948,6.7948,6.7948,6.7948,6.7948,6.7948,6.7948,6.7948,6.7948,6.7948,6.7948,6.7948,6.7948,6.7948,6.7948,6.7948,6.7948,6.7948,6.7948,6.7948,6.7948,6.7948,6.7948,6.7948,6.7948,6.7948,6.7948,6.7948,6.7948,6.7948,6.7948,6.7948,6.7948,6.7948,6.7948,6.7948,6.7948,6.7948,6.7948,6.7948,6.7948,6.7948,6.7948,6.7948,6.7948,6.7948,6.7948,6.7948,6.7948,6.7948,6.7948,6.7948,6.7948,6.7948,6.7948,6.7948,6.7948,6.7948,6.7948,6.7948,6.7948,6.7948,6.7948,6.7948,6.7948,6.7948,6.7948,6.7948,6.7948,6.7948,6.7948,6.7948,6.7948,6.7948,6.7948,6.7948,6.7948,6.7948,6.7948,6.7948,6.7948,6.7948,6.7948,6.7948,6.7948,6.7948,6.7948,6.7948,6.7948,6.7948,6.7948,6.7948,6.7948,6.7948,6.7948,6.7948,6.7948,6.7948,6.7948,6.7948,6.7948,6.7948,6.7948,6.7948,6.7948,6.7948,6.7948,6.7948,6.7948,6.7948,6.7948,6.7948,6.7948,6.7948,6.7948,6.7948,6.7948,6.7948,6.7948,6.7948,6.7948,6.7948,6.7948,6.7948,6.7948,6.7948,6.7948,6.7948,6.7948,6.7948,6.7948,6.7948,6.7948,6.7948,6.7948,6.7948,6.7948,6.7948,6.7948,6.7948,6.7948,6.7948,6.7948,6.7948,6.7948,6.7948,6.7948,6.7948,6.7948,6.7948,6.7948,6.7948,6.7948,6.7948,6.1129,6.0747,6.0668,6.0589,6.0512,6.0434,6.0358,6.0280,6.0204,6.0127,6.0054,5.9979,5.9906,5.9831,5.9757,5.9680,5.9606,5.9585,5.9570,5.9553,5.9538,5.9522,5.9507,5.9490,5.9475,5.9458,5.9444,5.9427,5.9412,5.9397,5.9381,5.9366,5.9351,5.9334,5.9318,5.9299,5.9282,5.9265,5.9246,5.9230,5.9230,5.9253,5.9276,5.9299,5.9322,5.9345,5.9368,5.9391,5.9414,5.9437,5.9460,5.9484,5.9507,5.9530,5.9553,5.9576,5.9600,5.9623,5.9646,5.9670,5.9693,5.9716,5.9740,5.9763,5.9835,5.9912,5.9989,6.0067,6.0144,6.0222,6.0297,6.0375,6.0451,6.0528,6.0604,6.0685,6.0780,6.0872,6.0965,6.1056,6.1147,6.1238,6.1451,6.1672,6.1886,6.2101,6.2320,6.2501,6.2627,6.2753,6.2880,6.3000,6.3119,6.3238,6.3357,6.3477,6.3599,6.3720,6.3819,6.3899,6.3980,6.4058,6.4138,6.4217,6.4303,6.4382,6.4458,6.4538,6.4659,6.4844,6.5022,6.5214,6.5407,6.5622,6.5851,6.6069,6.6296,6.6521,6.7948,6.7948,6.7948,6.7948,6.7948,6.7948,6.7948,6.7948,6.7948,6.7948,6.7948,6.7948,6.7948,6.7948,6.7948,6.7948,6.7948,6.7948,6.7948,6.7948,6.7948,6.7948,6.7948,6.7948,6.7948,6.7948,6.7948,6.7948,6.7948,6.7948,6.7948,6.7948,6.7948,6.7948,6.7948,6.7942,6.7942,6.7942,6.7942,6.7942,6.7942,6.7942,6.7942,6.7942,6.7942,6.7942,6.7942,6.7942,6.7942,6.7942,6.7942,6.7942,6.7942,6.7942,6.7942,6.7942,6.7942,6.7942,6.7942,6.7942,6.7942,6.7942,6.7942,6.7942,6.7942,6.7942,6.7942,6.7942,6.7942,6.7942,6.7942,6.7942,6.7942,6.7942,6.7942,6.7942,6.7942,6.7942,6.7942,6.7942,6.7942,6.7942,6.7942,6.7942,6.7942,6.7942,6.7942,6.7942,6.7942,6.7942,6.7942,6.7942,6.7942,6.7942,6.7942,6.7942,6.7942,6.7942,6.7942,6.7942,6.7942,6.7942,6.7942,6.7942,6.7942,6.7942,6.7942,6.7942,6.7942,6.7942,6.7942,6.7942,6.7942,6.7942,6.7942,6.7942,6.7942,6.7942,6.7942,6.7942,6.7942,6.7942,6.7942,6.7942,6.7942,6.7942,6.7942,6.7942,6.7942,6.7942,6.7942,6.7942,6.7942,6.7942,6.7942,6.7942,6.7942,6.7942,6.7942,6.7942,6.7942,6.7942,6.7942,6.7942,6.7942,6.7942,6.7942,6.7942,6.7942,6.7942,6.7942,6.7942,6.7942,6.7942,6.7942,6.7942,6.7942,6.7942,6.7942,6.7942,6.7942,6.7942,6.7942,6.7942,6.7942,6.7942,6.7942,6.7942,6.7942,6.7942,6.7942,6.7942,6.7942,6.7942,6.7942,6.7942,6.7942,6.7942,6.7942,6.7942,6.7942,6.7942,6.7942,6.7942,6.7942,6.7942,6.7942,6.7942,6.7942,6.7942,6.7942,6.7942,6.7942,6.7942,6.7942,6.7942,6.7942,6.7942,6.7942,6.7942,6.7942,6.7942,6.7942,6.7942,6.7942,6.7942,6.7942,6.7942,6.7942,6.7942,6.7942,6.7942,6.7942,6.7942,6.7942,6.7942,6.7942,6.7942,6.7942,6.7942,6.7942,6.7942,6.7942,6.7942,6.7942,6.7942,6.7942,6.7942,6.7942,6.7942,6.7942,6.7942,6.7942,6.7942,6.7942,6.7942,6.7942,6.7942,6.7942,6.7942,6.7942,6.7942,6.7942,6.7942,6.7942,6.7942,6.7942,6.7942,6.7942,6.7942,6.7942,6.7942,6.7942,6.7942,6.7942,6.7942,6.7942,6.7942,6.7942,6.7942,6.7942,6.7942,6.7942,6.7942,6.7942,6.7942,6.7942,6.7942,6.7942,6.7942,6.7942,6.7942,6.7942,6.7942,6.7942,6.7942,6.7942,6.7942,6.7942,6.7942,6.7942,6.7942,6.7942,6.7942,6.7942,6.7942,6.7942,6.7942,6.7942,6.7942,6.7942,6.7942,6.7942,6.7942,6.7942,6.7942,6.7942,6.7942,6.7942,6.7942,6.7942,6.7942,6.7942,6.7942,6.7942,6.7942,6.7942,6.7942,6.7942,6.7942,6.7942,6.7942,6.7942,6.7942,6.7942,6.7942,6.7942,6.7942,6.7942,6.7942,6.7942,6.7942,6.7942,6.7942,6.7942,6.7942,6.7942,6.7942,6.7942,6.7942,6.7942,6.7942,6.7942,6.7942,6.7942,6.7942,6.7942,6.7942,6.7942,6.7942,6.7942,6.7942,6.7942,6.7942,6.7942,6.7942,6.7942,6.7942,6.7942,6.7942,6.7942,6.7942,6.7942,6.7942,6.7942,6.7942,6.7942,6.7942,6.7942,6.7942,6.7942,6.7942,6.7942,6.7942,6.7942,6.7942,6.7942,6.7942,6.7942,6.7942,6.7942,6.7942,6.7942,6.7942,6.7942,6.7942,6.7942,6.7942,6.7942,6.7942,6.7942,6.7942,6.7942,6.7942,6.7942,6.7942,6.7942,6.7942,6.7942,6.7942,6.7942,6.7942,6.7942,6.7942,6.7942,6.7942,6.7942,6.7942,6.7942,6.7942,6.7942,6.7942,6.7942,6.7942,6.7942,6.7942,6.7942,6.7942,6.7942,6.7942,6.7942,6.7942,6.7942,6.7942,6.7942,6.7942,6.7942,6.7942,6.7942,6.7942,6.7942,6.7942,6.7942,6.7942,6.7942,6.7942,6.7942,6.7942,6.7942,6.7942,6.7942,6.7942,6.7942,6.7942,6.7942,6.7942,6.7942,6.7942,6.7942,6.7942,6.7942,6.7942,6.7942,6.7942,6.7942,6.7942,6.7942,6.7942,6.7942,6.7942,6.7942,6.7942,6.7942,6.7942,6.7942,6.7942
6.7890,6.7890,6.7890,6.7890,6.7890,6.7890,6.7890,6.7890,6.7890,6.7890,6.7890,6.7890,6.7890,6.7890,6.7890,6.7890,6.7890,6.7890,6.7890,6.7890,6.7890,6.7890,6.7890,6.7890,6.7890,6.7890,6.7890,6.7890,6.7890,6.7890,6.7890,6.7890,6.7890,6.7890,6.7890,6.7890,6.7890,6.7890,6.7890,6.7890,6.7890,6.7890,6.7890,6.7890,6.7890,6.7890,6.7890,6.7890,6.7890,6.7890,6.7890,6.7890,6.7890,6.7890,6.7890,6.7890,6.7890,6.7890,6.7890,6.7890,6.7890,6.7890,6.7890,6.7890,6.7890,6.7890,6.7890,6.7890,6.7890,6.7890,6.7890,6.7890,6.7890,6.7890,6.7890,6.7890,6.7890,6.7890,6.7890,6.7890,6.7890,6.7890,6.7890,6.7890,6.7890,6.7890,6.7890,6.7890,6.7890,6.7890,6.7890,6.7890,6.7890,6.7890,6.7890,6.7890,6.7890,6.7890,6.7890,6.7890,6.7890,6.7890,6.7890,6.7890,6.7890,6.7890,6.7890,6.7890,6.7890,6.7890,6.7890,6.7890,6.7890,6.7890,6.7890,6.7890,6.7890,6.7890,6.7890,6.7890,6.7890,6.7890,6.7890,6.7890,6.7890,6.7890,6.7890,6.7890,6.7890,6.7890,6.7890,6.7890,6.7890,6.7890,6.7890,6.7890,6.7890,6.7890,6.7890,6.7890,6.7890,6.7890,6.7890,6.7890,6.7890,6.7890,6.7890,6.7890,6.7890,6.7890,6.7890,6.7890,6.7890,6.7890,6.7890,6.7890,6.7890,6.7890,6.7890,6.7890,6.7890,6.7890,6.7890,6.7890,6.7890,6.7890,6.7890,6.7890,6.7890,6.7890,6.7890,6.7890,6.7890,6.7890,6.7890,6.7890,6.7890,6.7890,6.7890,6.7890,6.7890,6.7890,6.7890,6.7890,6.7890,6.7890,6.7890,6.7890,6.7890,6.7890,6.7890,6.7890,6.7890,6.7890,6.7890,6.7890,6.7890,6.7890,6.7890,6.7890,6.7890,6.7890,6.7890,6.7890,6.7890,6.7890,6.7890,6.7890,6.7890,6.7890,6.7890,6.7890,6.7890,6.7890,6.7890,6.7890,6.7890,6.7890,6.7890,6.7890,6.7890,6.7890,6.7890,6.7890,6.7890,6.7890,6.7890,6.7890,6.7890,6.7890,6.7890,6.7890,6.7890,6.7890,6.7890,6.7890,6.7890,6.7890,6.7890,6.7890,6.7890,6.7890,6.7890,6.7890,6.7890,6.7890,6.7890,6.7890,6.7890,6.7890,6.7890,6.7890,6.7890,6.7890,6.7890,6.7890,6.7890,6.7890,6.7890,6.7890,6.7890,6.7890,6.7890,6.7890,6.7890,6.7890,6.7890,6.7890,6.7890,6.7890,6.7890,6.7890,6.7890,6.7890,6.7890,6.7890,6.7890,6.7890,6.7890,6.7890,6.7890,6.7890,6.7890,6.7890,6.7890,6.7890,6.7890,6.7890,6.7890,6.7890,6.7890,6.7890,6.7890,6.7890,6.7890,6.7890,6.7890,6.7890,6.7890,6.7890,6.7890,6.7890,6.7890,6.7890,6.7890,6.7890,6.7890,6.7890,6.7890,6.7890,6.7890,6.7890,6.7890,6.7890,6.7890,6.7890,6.7890,6.7890,6.7890,6.7890,6.7890,6.7890,6.7890,6.7890,6.7890,6.7890,6.7890,6.7890,6.7890,6.7890,6.7890,6.7890,6.7890,6.7890,6.7890,6.7890,6.7890,6.7890,6.7890,6.7890,6.7890,6.7890,6.7890,6.7890,6.7890,6.7890,6.7890,6.7890,6.7890,6.7890,6.7890,6.7890,6.7890,6.7890,6.7890,6.7890,6.7890,6.7890,6.7890,6.7890,6.7890,6.7890,6.7890,6.7890,6.7890,6.7890,6.7890,6.7890,6.7890,6.7890,6.7890,6.7890,6.7890,6.7890,6.7890,6.7890,6.7890,6.7890,6.7890,6.7890,6.7890,6.7890,6.7890,6.7890,6.7890,6.7890,6.1232,6.0793,6.0716,6.0637,6.0560,6.0482,6.0404,6.0328,6.0250,6.0174,6.0097,6.0024,5.9949,5.9876,5.9799,5.9725,5.9651,5.9623,5.9608,5.9591,5.9576,5.9560,5.9545,5.9528,5.9513,5.9496,5.9481,5.9465,5.9450,5.9433,5.9418,5.9402,5.9387,5.9372,5.9355,5.9336,5.9320,5.9303,5.9284,5.9269,5.9265,5.9288,5.9311,5.9334,5.9357,5.9381,5.9404,5.9427,5.9450,5.9473,5.9496,5.9519,5.9543,5.9566,5.9589,5.9612,5.9636,5.9659,5.9682,5.9706,5.9729,5.9750,5.9774,5.9797,5.9865,5.9942,6.0019,6.0097,6.0174,6.0252,6.0328,6.0404,6.0480,6.0556,6.0637,6.0731,6.0824,6.0918,6.1009,6.1100,6.1191,6.1283,6.1426,6.1652,6.1865,6.2080,6.2299,6.2480,6.2606,6.2732,6.2859,6.2981,6.3100,6.3219,6.3338,6.3460,6.3580,6.3701,6.3807,6.3887,6.3967,6.4048,6.4131,6.4205,6.4286,6.4370,6.4446,6.4572,6.4752,6.4929,6.5113,6.5308,6.5502,6.5730,6.5947,6.6173,6.6403,6.7890,6.7890,6.7890,6.7890,6.7890,6.7890,6.7890,6.7890,6.7890,6.7890,6.7890,6.7890,6.7890,6.7890,6.7890,6.7890,6.7890,6.7890,6.7890,6.7890,6.7890,6.7890,6.7890,6.7890,6.7890,6.7890,6.7890,6.7890,6.7890,6.7890,6.7890,6.7890,6.7890,6.7890,6.7890,6.7890,6.7890,6.7890,6.7890,6.7890,6.7890,6.7890,6.7890,6.7890,6.7890,6.7890,6.7890,6.7890,6.7890,6.7890,6.7890,6.7890,6.7890,6.7890,6.7890,6.7890,6.7890,6.7890,6.7890,6.7890,6.7890,6.7890,6.7890,6.7890,6.7890,6.7890,6.7890,6.7890,6.7890,6.7890,6.7890,6.7890,6.7890,6.7890,6.7890,6.7890,6.7890,6.7890,6.7890,6.7890,6.7890,6.7890,6.7890,6.7890,6.7890,6.7890,6.7890,6.7890,6.7890,6.7890,6.7890,6.7890,6.7890,6.7890,6.7890,6.7890,6.7890,6.7890,6.7890,6.7890,6.7890,6.7890,6.7890,6.7890,6.7890,6.7890,6.7890,6.7890,6.7890,6.7890,6.7890,6.7890,6.7890,6.7890,6.7890,6.7890,6.7890,6.7890,6.7890,6.7890,6.7890,6.7890,6.7890,6.7890,6.7890,6.7890,6.7890,6.7890,6.7890,6.7890,6.7890,6.7890,6.7890,6.7890,6.7890,6.7890,6.7890,6.7890,6.7890,6.7890,6.7890,6.7890,6.7890,6.7890,6.7890,6.7890,6.7890,6.7890,6.7890,6.7890,6.7890,6.7890,6.7890,6.7890,6.7890,6.7890,6.7890,6.7890,6.7890,6.7890,6.7890,6.7890,6.7890,6.7890,6.7890,6.7890,6.7890,6.7890,6.7890,6.7890,6.7890,6.7890,6.7890,6.7890,6.7890,6.7890,6.7890,6.7890,6.7890,6.7890,6.7890,6.7890,6.7890,6.7890,6.7890,6.7890,6.7890,6.7890,6.7890,6.7890,6.7890,6.7890,6.7890,6.7890,6.7890,6.7890,6.7890,6.7890,6.7890,6.7890,6.7890,6.7890,6.7890,6.7890,6.7890,6.7890,6.7890,6.7890,6.7890,6.7890,6.7890,6.7890,6.7890,6.7890,6.7890,6.7890,6.7890,6.7890,6.7890,6.7890,6.7890,6.7890,6.7890,6.7890,6.7890,6.7890,6.7890,6.7890,6.7890,6.7890,6.7890,6.7890,6.7890,6.7890,6.7890,6.7890,6.7890,6.7890,6.7890,6.7890,6.7890,6.7890,6.7890,6.7890,6.7890,6.7890,6.7890,6.7890,6.7890,6.7890,6.7890,6.7890,6.7890,6.7890,6.7890,6.7890,6.7890,6.7890,6.7890,6.7890,6.7890,6.7890,6.7890,6.7890,6.7890,6.7890,6.7890,6.7890,6.7890,6.7890,6.7890,6.7890,6.7890,6.7890,6.7890,6.7890,6.7890,6.7890,6.7890,6.7890,6.7890,6.7890,6.7890,6.7890,6.7890,6.7890,6.7890,6.7890,6.7890,6.7890,6.7890,6.7890,6.7890,6.7890,6.7890,6.7890,6.7890,6.7890,6.7890,6.7890,6.7890,6.7890,6.7890,6.7890,6.7890,6.7890,6.7890,6.7890,6.7890,6.7890,6.7890,6.7890,6.7890,6.7890,6.7890,6.7890,6.7890,6.7890,6.7890,6.7890,6.7890,6.7890,6.7890,6.7890,6.7890,6.7890,6.7890,6.7890,6.7890,6.7890,6.7890,6.7890,6.7890,6.7890,6.7890,6.7890,6.7890,6.7890,6.7890,6.7890,6.7890,6.7890,6.7890,6.7890,6.7890,6.7890,6.7890,6.7890,6.7890,6.7890,6.7890,6.7890,6.7890,6.7890,6.7890,6.7890,6.7890,6.7890,6.7890,6.7890,6.7890,6.7890,6.7890,6.7890,6.7890,6.7890,6.7890,6.7890,6.7890,6.7890,6.7890,6.7890,6.7890,6.7890,6.7890,6.7890,6.7890,6.7890,6.7890,6.7890,6.7890,6.7890,6.7890,6.7896,6.7896,6.7896,6.7896,6.7896,6.7896,6.7896,6.7896,6.7896,6.7896,6.7896,6.7896,6.7896,6.7896,6.7896,6.7896,6.7896,6.7896,6.7896,6.7896,6.7896,6.7896,6.7896,6.7896,6.7896,6.7896,6.7896,6.7896,6.7896,6.7896,6.7896,6.7896,6.7896,6.7896,6.7896,6.7896,6.7896,6.7896,6.7896,6.7896,6.7896,6.7896,6.7896,6.7896,6.7896,6.7896,6.7896,6.7896,6.7896,6.7896,6.7896,6.7896,6.7896,6.7896,6.7896,6.7896,6.7896,6.7896,6.7896,6.7896,6.7896,6.7896,6.7896,6.7896,6.7896,6.7896,6.7896,6.7896,6.7896,6.7896,6.7896,6.7896,6.7896,6.7896
6.7838,6.7838,6.7838,6.7838,6.7838,6.7838,6.7838,6.7838,6.7838,6.7838,6.7838,6.7838,6.7838,6.7838,6.7838,6.7838,6.7838,6.7838,6.7838,6.7838,6.7838,6.7838,6.7838,6.7838,6.7838,6.7838,6.7838,6.7838,6.7838,6.7838,6.7838,6.7838,6.7838,6.7838,6.7838,6.7838,6.7838,6.7838,6.7838,6.7838,6.7838,6.7838,6.7838,6.7838,6.7838,6.7838,6.7838,6.7838,6.7838,6.7838,6.7838,6.7838,6.7838,6.7838,6.7838,6.7838,6.7838,6.7838,6.7838,6.7838,6.7838,6.7838,6.7838,6.7838,6.7838,6.7838,6.7838,6.7838,6.7838,6.7838,6.7838,6.7838,6.7838,6.7838,6.7838,6.7838,6.7838,6.7838,6.7838,6.7838,6.7838,6.7838,6.7838,6.7838,6.7838,6.7838,6.7838,6.7838,6.7838,6.7838,6.7838,6.7838,6.7838,6.7838,6.7838,6.7838,6.7838,6.7838,6.7838,6.7838,6.7838,6.7838,6.7838,6.7838,6.7838,6.7838,6.7838,6.7838,6.7838,6.7838,6.7838,6.7838,6.7838,6.7838,6.7838,6.7838,6.7838,6.7838,6.7838,6.7838,6.7838,6.7838,6.7838,6.7838,6.7838,6.7838,6.7838,6.7838,6.7838,6.7838,6.7838,6.7838,6.7838,6.7838,6.7838,6.7838,6.7838,6.7838,6.7838,6.7838,6.7838,6.7838,6.7838,6.7838,6.7838,6.7838,6.7838,6.7838,6.7838,6.7838,6.7838,6.7838,6.7838,6.7838,6.7838,6.7838,6.7838,6.7838,6.7838,6.7838,6.7838,6.7838,6.7838,6.7838,6.7838,6.7838,6.7838,6.7838,6.7838,6.7838,6.7838,6.7838,6.7838,6.7838,6.7838,6.7838,6.7838,6.7838,6.7838,6.7838,6.7838,6.7838,6.7838,6.7838,6.7838,6.7838,6.7838,6.7838,6.7838,6.7838,6.7838,6.7838,6.7838,6.7838,6.7838,6.7838,6.7838,6.7838,6.7838,6.7838,6.7838,6.7838,6.7838,6.7838,6.7838,6.7838,6.7838,6.7838,6.7838,6.7838,6.7838,6.7838,6.7838,6.7838,6.7838,6.7838,6.7838,6.7838,6.7838,6.7838,6.7838,6.7838,6.7838,6.7838,6.7838,6.7838,6.7838,6.7838,6.7838,6.7838,6.7838,6.7838,6.7838,6.7838,6.7838,6.7838,6.7838,6.7838,6.7838,6.7838,6.7838,6.7838,6.7838,6.7838,6.7838,6.7838,6.7838,6.7838,6.7838,6.7838,6.7838,6.7838,6.7838,6.7838,6.7838,6.7838,6.7838,6.7838,6.7838,6.7838,6.7838,6.7838,6.7838,6.7838,6.7838,6.7838,6.7838,6.7838,6.7838,6.7838,6.7838,6.7838,6.7838,6.7838,6.7838,6.7838,6.7838,6.7838,6.7838,6.7838,6.7838,6.7838,6.7838,6.7838,6.7838,6.7838,6.7838,6.7838,6.7838,6.7838,6.7838,6.7838,6.7838,6.7838,6.7838,6.7838,6.7838,6.7838,6.7838,6.7838,6.7838,6.7838,6.7838,6.7838,6.7838,6.7838,6.7838,6.7838,6.7838,6.7838,6.7838,6.7838,6.7838,6.7838,6.7838,6.7838,6.7838,6.7838,6.7838,6.7838,6.7838,6.7838,6.7838,6.7838,6.7838,6.7838,6.7838,6.7838,6.7838,6.7838,6.7838,6.7838,6.7838,6.7838,6.7838,6.7838,6.7838,6.7838,6.7838,6.7838,6.7838,6.7838,6.7838,6.7838,6.7838,6.7838,6.7838,6.7838,6.7838,6.7838,6.7838,6.7838,6.7838,6.7838,6.7838,6.7838,6.7838,6.7838,6.7838,6.7838,6.7838,6.7838,6.7838,6.7838,6.7838,6.7838,6.7838,6.7838,6.7838,6.7838,6.7838,6.7838,6.7838,6.7838,6.7838,6.7838,6.7838,6.7838,6.7838,6.7838,6.7838,6.7838,6.7838,6.7838,6.7838,6.7838,6.1332,6.0841,6.0762,6.0685,6.0606,6.0530,6.0451,6.0373,6.0297,6.0219,6.0144,6.0069,5.9994,5.9919,5.9844,5.9769,5.9693,5.9661,5.9644,5.9629,5.9612,5.9598,5.9581,5.9566,5.9549,5.9534,5.9517,5.9503,5.9486,5.9471,5.9454,5.9439,5.9425,5.9408,5.9391,5.9374,5.9357,5.9341,5.9324,5.9307,5.9301,5.9324,5.9347,5.9368,5.9391,5.9414,5.9437,5.9460,5.9484,5.9507,5.9530,5.9553,5.9576,5.9600,5.9623,5.9646,5.9670,5.9693,5.9716,5.9740,5.9763,5.9786,5.9810,5.9831,5.9895,5.9972,6.0052,6.0127,6.0207,6.0282,6.0358,6.0434,6.0510,6.0591,6.0683,6.0777,6.0870,6.0963,6.1054,6.1145,6.1236,6.1328,6.1420,6.1629,6.1843,6.2060,6.2276,6.2459,6.2585,6.2711,6.2838,6.2963,6.3081,6.3200,6.3319,6.3441,6.3561,6.3681,6.3795,6.3875,6.3955,6.4036,6.4119,6.4197,6.4273,6.4352,6.4481,6.4659,6.4837,6.5022,6.5209,6.5397,6.5609,6.5830,6.6056,6.6280,6.7838,6.7838,6.7838,6.7838,6.7838,6.7838,6.7838,6.7838,6.7838,6.7838,6.7838,6.7838,6.7838,6.7838,6.7838,6.7838,6.7838,6.7838,6.7838,6.7838,6.7838,6.7838,6.7838,6.7838,6.7838,6.7838,6.7838,6.7838,6.7838,6.7838,6.7838,6.7838,6.7838,6.7838,6.7838,6.7838,6.7838,6.7838,6.7838,6.7838,6.7838,6.7838,6.7838,6.7838,6.7838,6.7838,6.7838,6.7838,6.7838,6.7838,6.7838,6.7838,6.7838,6.7838,6.7838,6.7838,6.7838,6.7838,6.7838,6.7838,6.7838,6.7838,6.7838,6.7838,6.7838,6.7838,6.7838,6.7838,6.7838,6.7838,6.7838,6.7838,6.7838,6.7838,6.7838,6.7838,6.7838,6.7838,6.7838,6.7838,6.7838,6.7838,6.7838,6.7838,6.7838,6.7838,6.7838,6.7838,6.7838,6.7838,6.7838,6.7838,6.7838,6.7838,6.7838,6.7838,6.7838,6.7838,6.7838,6.7838,6.7838,6.7838,6.7838,6.7838,6.7838,6.7838,6.7838,6.7838,6.7838,6.7838,6.7838,6.7838,6.7838,6.7838,6.7838,6.7838,6.7838,6.7838,6.7838,6.7838,6.7838,6.7838,6.7838,6.7838,6.7838,6.7838,6.7838,6.7838,6.7838,6.7838,6.7838,6.7838,6.7838,6.7838,6.7838,6.7838,6.7838,6.7838,6.7838,6.7838,6.7838,6.7838,6.7838,6.7838,6.7838,6.7838,6.7838,6.7838,6.7838,6.7838,6.7838,6.7838,6.7838,6.7838,6.7838,6.7838,6.7838,6.7838,6.7838,6.7838,6.7838,6.7838,6.7838,6.7838,6.7838,6.7838,6.7838,6.7838,6.7838,6.7838,6.7838,6.7838,6.7838,6.7838,6.7838,6.7838,6.7838,6.7838,6.7838,6.7838,6.7838,6.7838,6.7838,6.7838,6.7838,6.7838,6.7838,6.7838,6.7838,6.7838,6.7838,6.7838,6.7838,6.7838,6.7838,6.7838,6.7838,6.7838,6.7838,6.7838,6.7838,6.7838,6.7838,6.7838,6.7838,6.7838,6.7838,6.7838,6.7838,6.7838,6.7838,6.7838,6.7838,6.7838,6.7838,6.7838,6.7838,6.7838,6.7838,6.7838,6.7838,6.7838,6.7838,6.7838,6.7838,6.7838,6.7838,6.7838,6.7838,6.7838,6.7838,6.7838,6.7838,6.7838,6.7838,6.7838,6.7838,6.7838,6.7838,6.7838,6.7838,6.7838,6.7838,6.7838,6.7838,6.7838,6.7838,6.7838,6.7838,6.7838,6.7838,6.7838,6.7838,6.7838,6.7838,6.7838,6.7838,6.7838,6.7838,6.7838,6.7838,6.7838,6.7838,6.7838,6.7838,6.7838,6.7838,6.7838,6.7838,6.7838,6.7838,6.7838,6.7838,6.7838,6.7838,6.7838,6.7838,6.7838,6.7838,6.7838,6.7838,6.7838,6.7838,6.7838,6.7838,6.7838,6.7838,6.7838,6.7838,6.7838,6.7838,6.7838,6.7838,6.7838,6.7838,6.7838,6.7838,6.7838,6.7838,6.7838,6.7838,6.7838,6.7838,6.7838,6.7838,6.7838,6.7838,6.7838,6.7838,6.7838,6.7838,6.7838,6.7838,6.7838,6.7838,6.7838,6.7838,6.7838,6.7838,6.7838,6.7838,6.7838,6.7838,6.7838,6.7838,6.7838,6.7838,6.7838,6.7838,6.7838,6.7838,6.7838,6.7838,6.7838,6.7838,6.7838,6.7838,6.7838,6.7838,6.7838,6.7838,6.7838,6.7838,6.7838,6.7838,6.7838,6.7838,6.7838,6.7838,6.7838,6.7838,6.7838,6.7838,6.7838,6.7838,6.7838,6.7838,6.7838,6.7838,6.7838,6.7838,6.7838,6.7838,6.7838,6.7838,6.7838,6.7838,6.7838,6.7838,6.7838,6.7838,6.7838,6.7838,6.7838,6.7838,6.7838,6.7838,6.7838,6.7838,6.7838,6.7838,6.7838,6.7838,6.7838,6.7838,6.7838,6.7838,6.7838,6.7838,6.7838,6.7838,6.7838,6.7838,6.7838,6.7838,6.7838,6.7838,6.7838,6.7838,6.7838,6.7838,6.7838,6.7838,6.7838,6.7838,6.7838,6.7838,6.7838,6.7838,6.7838,6.7838,6.7838,6.7838,6.7838,6.7838,6.7838,6.7838,6.7838,6.7838,6.7838,6.7838,6.7838,6.7838,6.7838,6.7838,6.7838,6.7838,6.7838,6.7838,6.7838,6.7838,6.7838,6.7838,6.7838,6.7838,6.7838,6.7838,6.7838,6.7838,6.7838,6.7838,6.7838,6.7838,6.7838,6.7838,6.7838,6.7838,6.7838,6.7838,6.7838,6.7838,6.7838,6.7838,6.7838,6.7838,6.7838,6.7838,6.7838
6.7794,6.7794,6.7794,6.7794,6.7794,6.7794,6.7794,6.7794,6.7794,6.7794,6.7794,6.7794,6.7794,6.7794,6.7794,6.7794,6.7794,6.7794,6.7794,6.7794,6.7794,6.7794,6.7794,6.7794,6.7794,6.7794,6.7794,6.7794,6.7794,6.7794,6.7794,6.7794,6.7794,6.7794,6.7794,6.7794,6.7794,6.7794,6.7794,6.7794,6.7794,6.7794,6.7794,6.7794,6.7794,6.7794,6.7794,6.7794,6.7794,6.7794,6.7794,6.7794,6.7794,6.7794,6.7794,6.7794,6.7794,6.7794,6.7794,6.7794,6.7794,6.7794,6.7794,6.7794,6.7794,6.7794,6.7794,6.7794,6.7794,6.7794,6.7794,6.7794,6.7794,6.7794,6.7794,6.7794,6.7794,6.7794,6.7794,6.7794,6.7794,6.7794,6.7794,6.7794,6.7794,6.7794,6.7794,6.7794,6.7794,6.7794,6.7794,6.7794,6.7794,6.7794,6.7794,6.7794,6.7794,6.7794,6.7794,6.7794,6.7794,6.7794,6.7794,6.7794,6.7794,6.7794,6.7794,6.7794,6.7794,6.7794,6.7794,6.7794,6.7794,6.7794,6.7794,6.7794,6.7794,6.7794,6.7794,6.7794,6.7794,6.7794,6.7794,6.7794,6.7794,6.7794,6.7794,6.7794,6.7794,6.7794,6.7794,6.7794,6.7794,6.7794,6.7794,6.7794,6.7794,6.7794,6.7794,6.7794,6.7794,6.7794,6.7794,6.7794,6.7794,6.7794,6.7794,6.7794,6.7794,6.7794,6.7794,6.7794,6.7794,6.7794,6.7794,6.7794,6.7794,6.7794,6.7794,6.7794,6.7794,6.7794,6.7794,6.7794,6.7794,6.7794,6.7794,6.7794,6.7794,6.7794,6.7794,6.7794,6.7794,6.7794,6.7794,6.7794,6.7794,6.7794,6.7794,6.7794,6.7794,6.7794,6.7794,6.7794,6.7794,6.7794,6.7794,6.7794,6.7794,6.7794,6.7794,6.7794,6.7794,6.7794,6.7794,6.7794,6.7794,6.7794,6.7794,6.7794,6.7794,6.7794,6.7794,6.7794,6.7794,6.7794,6.7794,6.7794,6.7794,6.7794,6.7794,6.7794,6.7794,6.7794,6.7794,6.7794,6.7794,6.7794,6.7794,6.7794,6.7794,6.7794,6.7794,6.7794,6.7794,6.7794,6.7794,6.7794,6.7794,6.7794,6.7794,6.7794,6.7794,6.7794,6.7794,6.7794,6.7794,6.7794,6.7794,6.7794,6.7794,6.7794,6.7794,6.7794,6.7794,6.7794,6.7794,6.7794,6.7794,6.7794,6.7794,6.7794,6.7794,6.7794,6.7794,6.7794,6.7794,6.7794,6.7794,6.7794,6.7794,6.7794,6.7794,6.7794,6.7794,6.7794,6.7794,6.7794,6.7794,6.7794,6.7794,6.7794,6.7794,6.7794,6.7794,6.7794,6.7794,6.7794,6.7794,6.7794,6.7794,6.7794,6.7794,6.7794,6.7794,6.7794,6.7794,6.7794,6.7794,6.7794,6.7794,6.7794,6.7794,6.7794,6.7794,6.7794,6.7794,6.7794,6.7794,6.7794,6.7794,6.7794,6.7794,6.7794,6.7794,6.7794,6.7794,6.7794,6.7794,6.7794,6.7794,6.7794,6.7794,6.7794,6.7794,6.7794,6.7794,6.7794,6.7794,6.7794,6.7794,6.7794,6.7794,6.7794,6.7794,6.7794,6.7794,6.7794,6.7794,6.7794,6.7794,6.7794,6.7794,6.7794,6.7794,6.7794,6.7794,6.7794,6.7794,6.7794,6.7794,6.7794,6.7794,6.7794,6.7794,6.7794,6.7794,6.7794,6.7794,6.7794,6.7794,6.7794,6.7794,6.7794,6.7794,6.7794,6.7794,6.7794,6.7794,6.7794,6.7794,6.7794,6.7794,6.7794,6.7794,6.7794,6.7794,6.7794,6.7794,6.7794,6.7794,6.7794,6.7794,6.7794,6.7794,6.7794,6.7794,6.7794,6.7794,6.7794,6.7794,6.7794,6.7794,6.7794,6.7794,6.7794,6.7794,6.0905,6.0810,6.0731,6.0654,6.0576,6.0499,6.0421,6.0345,6.0267,6.0189,6.0114,6.0036,5.9961,5.9887,5.9814,5.9738,5.9699,5.9682,5.9667,5.9651,5.9636,5.9619,5.9604,5.9587,5.9572,5.9555,5.9541,5.9524,5.9509,5.9492,5.9477,5.9460,5.9446,5.9429,5.9412,5.9395,5.9378,5.9364,5.9347,5.9336,5.9360,5.9381,5.9404,5.9427,5.9450,5.9473,5.9496,5.9519,5.9543,5.9566,5.9589,5.9612,5.9636,5.9659,5.9682,5.9706,5.9727,5.9750,5.9774,5.9797,5.9820,5.9844,5.9867,5.9925,6.0002,6.0079,6.0159,6.0235,6.0310,6.0388,6.0464,6.0543,6.0635,6.0729,6.0821,6.0916,6.1007,6.1098,6.1189,6.1281,6.1373,6.1465,6.1609,6.1822,6.2039,6.2255,6.2441,6.2564,6.2690,6.2817,6.2944,6.3062,6.3180,6.3302,6.3421,6.3541,6.3662,6.3783,6.3863,6.3943,6.4023,6.4099,6.4185,6.4264,6.4387,6.4567,6.4742,6.4929,6.5113,6.5303,6.5489,6.5709,6.5929,6.6157,6.6379,6.7789,6.7789,6.7789,6.7789,6.7789,6.7789,6.7789,6.7789,6.7789,6.7789,6.7789,6.7789,6.7789,6.7789,6.7789,6.7789,6.7789,6.7789,6.7789,6.7789,6.7789,6.7789,6.7789,6.7789,6.7789,6.7789,6.7789,6.7789,6.7789,6.7789,6.7789,6.7789,6.7789,6.7789,6.7789,6.7789,6.7789,6.7789,6.7789,6.7789,6.7789,6.7789,6.7789,6.7789,6.7789,6.7789,6.7789,6.7789,6.7789,6.7789,6.7789,6.7789,6.7789,6.7789,6.7789,6.7789,6.7789,6.7789,6.7789,6.7789,6.7789,6.7789,6.7789,6.7789,6.7789,6.7789,6.7789,6.7789,6.7789,6.7789,6.7789,6.7789,6.7789,6.7789,6.7789,6.7789,6.7789,6.7789,6.7789,6.7789,6.7789,6.7789,6.7789,6.7789,6.7789,6.7789,6.7789,6.7789,6.7789,6.7789,6.7789,6.7789,6.7789,6.7789,6.7789,6.7789,6.7789,6.7789,6.7789,6.7789,6.7789,6.7789,6.7789,6.7789,6.7789,6.7789,6.7789,6.7789,6.7789,6.7789,6.7789,6.7789,6.7789,6.7789,6.7789,6.7789,6.7789,6.7789,6.7789,6.7789,6.7789,6.7789,6.7789,6.7789,6.7789,6.7789,6.7789,6.7789,6.7789,6.7789,6.7789,6.7789,6.7789,6.7789,6.7789,6.7789,6.7789,6.7789,6.7789,6.7789,6.7789,6.7789,6.7789,6.7789,6.7789,6.7789,6.7789,6.7789,6.7789,6.7789,6.7789,6.7789,6.7789,6.7789,6.7789,6.7789,6.7789,6.7789,6.7789,6.7789,6.7789,6.7789,6.7789,6.7789,6.7789,6.7789,6.7789,6.7789,6.7789,6.7789,6.7789,6.7789,6.7789,6.7789,6.7789,6.7789,6.7789,6.7789,6.7789,6.7789,6.7789,6.7789,6.7789,6.7789,6.7789,6.7789,6.7789,6.7789,6.7789,6.7789,6.7789,6.7789,6.7789,6.7789,6.7789,6.7789,6.7789,6.7789,6.7789,6.7789,6.7789,6.7789,6.7789,6.7789,6.7789,6.7789,6.7789,6.7789,6.7789,6.7789,6.7789,6.7789,6.7789,6.7789,6.7789,6.7789,6.7789,6.7789,6.7789,6.7789,6.7789,6.7789,6.7789,6.7789,6.7789,6.7789,6.7789,6.7789,6.7789,6.7789,6.7789,6.7789,6.7789,6.7789,6.7789,6.7789,6.7789,6.7789,6.7789,6.7789,6.7789,6.7789,6.7789,6.7789,6.7789,6.7789,6.7789,6.7789,6.7789,6.7789,6.7789,6.7789,6.7789,6.7789,6.7789,6.7789,6.7789,6.7789,6.7789,6.7789,6.7789,6.7789,6.7789,6.7789,6.7789,6.7789,6.7789,6.7789,6.7789,6.7789,6.7789,6.7789,6.7789,6.7789,6.7789,6.7789,6.7789,6.7789,6.7789,6.7789,6.7789,6.7789,6.7789,6.7789,6.7789,6.7789,6.7789,6.7789,6.7789,6.7789,6.7789,6.7789,6.7789,6.7789,6.7789,6.7789,6.7789,6.7789,6.7789,6.7789,6.7789,6.7789,6.7789,6.7789,6.7789,6.7789,6.7789,6.7789,6.7789,6.7789,6.7789,6.7789,6.7789,6.7789,6.7789,6.7789,6.7789,6.7789,6.7789,6.7789,6.7789,6.7789,6.7789,6.7789,6.7789,6.7789,6.7789,6.7789,6.7789,6.7789,6.7789,6.7789,6.7789,6.7789,6.7789,6.7789,6.7789,6.7789,6.7789,6.7789,6.7789,6.7789,6.7789,6.7789,6.7789,6.7789,6.7789,6.7789,6.7789,6.7789,6.7789,6.7789,6.7789,6.7789,6.7789,6.7789,6.7789,6.7789,6.7789,6.7789,6.7789,6.7789,6.7789,6.7789,6.7789,6.7789,6.7789,6.7789,6.7789,6.7789,6.7789,6.7789,6.7789,6.7789,6.7789,6.7789,6.7789,6.7789,6.7789,6.7789,6.7789,6.7789,6.7789,6.7789,6.7789,6.7789,6.7789,6.7789,6.7789,6.7789,6.7789,6.7789,6.7789,6.7789,6.7789,6.7789,6.7789,6.7789,6.7789,6.7789,6.7789,6.7789,6.7789,6.7789,6.7789,6.7789,6.7789,6.7789,6.7789,6.7789,6.7789,6.7789,6.7789,6.7789,6.7789,6.7789,6.7789,6.7789,6.7789,6.7789,6.7789,6.7789,6.7789,6.7789,6.7789,6.7789,6.7789,6.7789,6.7789,6.7789,6.7789,6.7789,6.7789,6.7789,6.7789,6.7789,6.7789,6.7789,6.7789,6.7789,6.7789,6.7789,6.7789,6.7789,6.7789,6.7789,6.7789,6.7789,6.7789,6.7789,6.7789,6.7789,6.7789,6.7789,6.7789,6.7789,6.7789,6.7789
6.7742,6.7742,6.7742,6.7742,6.7742,6.7742,6.7742,6.7742,6.7742,6.7742,6.7742,6.7742,6.7742,6.7742,6.7742,6.7742,6.7742,6.7742,6.7742,6.7742,6.7742,6.7742,6.7742,6.7742,6.7742,6.7742,6.7742,6.7742,6.7742,6.7742,6.7742,6.7742,6.7742,6.7742,6.7742,6.7742,6.7742,6.7742,6.7742,6.7742,6.7742,6.7742,6.7742,6.7742,6.7742,6.7742,6.7742,6.7742,6.7742,6.7742,6.7742,6.7742,6.7742,6.7742,6.7742,6.7742,6.7742,6.7742,6.7742,6.7742,6.7742,6.7742,6.7742,6.7742,6.7742,6.7742,6.7742,6.7742,6.7742,6.7742,6.7742,6.7742,6.7742,6.7742,6.7742,6.7742,6.7742,6.7742,6.7742,6.7742,6.7742,6.7742,6.7742,6.7742,6.7742,6.7742,6.7742,6.7742,6.7742,6.7742,6.7742,6.7742,6.7742,6.7742,6.7742,6.7742,6.7742,6.7742,6.7742,6.7742,6.7742,6.7742,6.7742,6.7742,6.7742,6.7742,6.7742,6.7742,6.7742,6.7742,6.7742,6.7742,6.7742,6.7742,6.7742,6.7742,6.7742,6.7742,6.7742,6.7742,6.7742,6.7742,6.7742,6.7742,6.7742,6.7742,6.7742,6.7742,6.7742,6.7742,6.7742,6.7742,6.7742,6.7742,6.7742,6.7742,6.7742,6.7742,6.7742,6.7742,6.7742,6.7742,6.7742,6.7742,6.7742,6.7742,6.7742,6.7742,6.7742,6.7742,6.7742,6.7742,6.7742,6.7742,6.7742,6.7742,6.7742,6.7742,6.7742,6.7742,6.7742,6.7742,6.7742,6.7742,6.7742,6.7742,6.7742,6.7742,6.7742,6.7742,6.7742,6.7742,6.7742,6.7742,6.7742,6.7742,6.7742,6.7742,6.7742,6.7742,6.7742,6.7742,6.7742,6.7742,6.7742,6.7742,6.7742,6.7742,6.7742,6.7742,6.7742,6.7742,6.7742,6.7742,6.7742,6.7742,6.7742,6.7742,6.7742,6.7742,6.7742,6.7742,6.7742,6.7742,6.7742,6.7742,6.7742,6.7742,6.7742,6.7742,6.7742,6.7742,6.7742,6.7742,6.7742,6.7742,6.7742,6.7742,6.7742,6.7742,6.7742,6.7742,6.7742,6.7742,6.7742,6.7742,6.7742,6.7742,6.7742,6.7742,6.7742,6.7742,6.7742,6.7742,6.7742,6.7742,6.7742,6.7742,6.7742,6.7742,6.7742,6.7742,6.7742,6.7742,6.7742,6.7742,6.7742,6.7742,6.7742,6.7742,6.7742,6.7742,6.7742,6.7742,6.7742,6.7742,6.7742,6.7742,6.7742,6.7742,6.7742,6.7742,6.7742,6.7742,6.7742,6.7742,6.7742,6.7742,6.7742,6.7742,6.7742,6.7742,6.7742,6.7742,6.7742,6.7742,6.7742,6.7742,6.7742,6.7742,6.7742,6.7742,6.7742,6.7742,6.7742,6.7742,6.7742,6.7742,6.7742,6.7742,6.7742,6.7742,6.7742,6.7742,6.7742,6.7742,6.7742,6.7742,6.7742,6.7742,6.7742,6.7742,6.7742,6.7742,6.7742,6.7742,6.7742,6.7742,6.7742,6.7742,6.7742,6.7742,6.7742,6.7742,6.7742,6.7742,6.7742,6.7742,6.7742,6.7742,6.7742,6.7742,6.7742,6.7742,6.7742,6.7742,6.7742,6.7742,6.7742,6.7742,6.7742,6.7742,6.7742,6.7742,6.7742,6.7742,6.7742,6.7742,6.7742,6.7742,6.7742,6.7742,6.7742,6.7742,6.7742,6.7742,6.7742,6.7742,6.7742,6.7742,6.7742,6.7742,6.7742,6.7742,6.7742,6.7742,6.7742,6.7742,6.7742,6.7742,6.7742,6.7742,6.7742,6.7742,6.7742,6.7742,6.7742,6.7742,6.7742,6.7742,6.7742,6.7742,6.7742,6.7742,6.7742,6.7742,6.7742,6.7742,6.7742,6.7742,6.7742,6.7742,6.7742,6.7742,6.7742,6.7742,6.7742,6.1005,6.0857,6.0780,6.0700,6.0624,6.0545,6.0469,6.0391,6.0315,6.0237,6.0159,6.0084,6.0006,5.9931,5.9857,5.9782,5.9738,5.9721,5.9706,5.9689,5.9672,5.9657,5.9640,5.9625,5.9608,5.9593,5.9576,5.9562,5.9545,5.9530,5.9513,5.9498,5.9481,5.9467,5.9450,5.9435,5.9418,5.9402,5.9385,5.9372,5.9395,5.9416,5.9439,5.9463,5.9484,5.9507,5.9530,5.9553,5.9576,5.9600,5.9623,5.9646,5.9670,5.9693,5.9716,5.9740,5.9763,5.9786,5.9810,5.9831,5.9855,5.9878,5.9902,5.9955,6.0036,6.0112,6.0189,6.0265,6.0341,6.0417,6.0495,6.0587,6.0681,6.0773,6.0868,6.0960,6.1051,6.1142,6.1234,6.1326,6.1418,6.1510,6.1605,6.1802,6.2016,6.2235,6.2420,6.2545,6.2669,6.2795,6.2922,6.3043,6.3161,6.3283,6.3402,6.3522,6.3643,6.3766,6.3851,6.3931,6.4011,6.4087,6.4173,6.4293,6.4476,6.4654,6.4837,6.5017,6.5202,6.5392,6.5589,6.5812,6.6035,6.6256,6.7742,6.7742,6.7742,6.7742,6.7742,6.7742,6.7742,6.7742,6.7742,6.7742,6.7742,6.7742,6.7742,6.7742,6.7742,6.7742,6.7742,6.7742,6.7742,6.7742,6.7742,6.7742,6.7742,6.7742,6.7742,6.7742,6.7742,6.7742,6.7742,6.7742,6.7742,6.7742,6.7742,6.7742,6.7742,6.7742,6.7742,6.7742,6.7742,6.7742,6.7742,6.7742,6.7742,6.7742,6.7742,6.7742,6.7742,6.7742,6.7742,6.7742,6.7742,6.7742,6.7742,6.7742,6.7742,6.7742,6.7742,6.7742,6.7742,6.7742,6.7742,6.7742,6.7742,6.7742,6.7742,6.7742,6.7742,6.7742,6.7742,6.7742,6.7742,6.7742,6.7742,6.7742,6.7742,6.7742,6.7742,6.7742,6.7742,6.7742,6.7742,6.7742,6.7742,6.7742,6.7742,6.7742,6.7742,6.7742,6.7742,6.7742,6.7742,6.7742,6.7742,6.7742,6.7742,6.7742,6.7742,6.7742,6.7742,6.7742,6.7742,6.7742,6.7742,6.7742,6.7742,6.7742,6.7742,6.7742,6.7742,6.7742,6.7742,6.7742,6.7742,6.7742,6.7742,6.7742,6.7742,6.7742,6.7742,6.7742,6.7742,6.7742,6.7742,6.7742,6.7742,6.7742,6.7742,6.7742,6.7742,6.7742,6.7742,6.7742,6.7742,6.7742,6.7742,6.7742,6.7742,6.7742,6.7742,6.7742,6.7742,6.7742,6.7742,6.7742,6.7742,6.7742,6.7742,6.7742,6.7742,6.7742,6.7742,6.7742,6.7742,6.7742,6.7742,6.7742,6.7742,6.7742,6.7742,6.7742,6.7742,6.7742,6.7742,6.7742,6.7742,6.7742,6.7742,6.7742,6.7742,6.7742,6.7742,6.7742,6.7742,6.7742,6.7742,6.7742,6.7742,6.7742,6.7742,6.7742,6.7742,6.7742,6.7742,6.7742,6.7742,6.7742,6.7742,6.7742,6.7742,6.7742,6.7742,6.7742,6.7742,6.7742,6.7742,6.7742,6.7742,6.7742,6.7742,6.7742,6.7742,6.7742,6.7742,6.7742,6.7742,6.7742,6.7742,6.7742,6.7742,6.7742,6.7742,6.7742,6.7742,6.7742,6.7742,6.7742,6.7742,6.7742,6.7742,6.7742,6.7742,6.7742,6.7742,6.7742,6.7742,6.7742,6.7742,6.7742,6.7742,6.7742,6.7742,6.7742,6.7742,6.7742,6.7742,6.7742,6.7742,6.7742,6.7742,6.7742,6.7742,6.7742,6.7742,6.7742,6.7742,6.7742,6.7742,6.7742,6.7742,6.7742,6.7742,6.7742,6.7742,6.7742,6.7742,6.7742,6.7742,6.7742,6.7742,6.7742,6.7742,6.7742,6.7742,6.7742,6.7742,6.7742,6.7742,6.7742,6.7742,6.7742,6.7742,6.7742,6.7742,6.7742,6.7742,6.7742,6.7742,6.7742,6.7742,6.7742,6.7742,6.7742,6.7742,6.7742,6.7742,6.7742,6.7742,6.7742,6.7742,6.7742,6.7742,6.7742,6.7742,6.7742,6.7742,6.7742,6.7742,6.7742,6.7742,6.7742,6.7742,6.7742,6.7742,6.7742,6.7742,6.7742,6.7742,6.7742,6.7742,6.7742,6.7742,6.7742,6.7742,6.7742,6.7742,6.7742,6.7742,6.7742,6.7742,6.7742,6.7742,6.7742,6.7742,6.7742,6.7742,6.7742,6.7742,6.7742,6.7742,6.7742,6.7742,6.7742,6.7742,6.7742,6.7742,6.7742,6.7742,6.7742,6.7742,6.7742,6.7742,6.7742,6.7742,6.7742,6.7742,6.7742,6.7742,6.7742,6.7742,6.7742,6.7742,6.7742,6.7742,6.7742,6.7742,6.7742,6.7742,6.7742,6.7742,6.7742,6.7742,6.7742,6.7742,6.7742,6.7742,6.7742,6.7742,6.7742,6.7742,6.7742,6.7742,6.7742,6.7742,6.7742,6.7742,6.7742,6.7742,6.7742,6.7742,6.7742,6.7742,6.7742,6.7742,6.7742,6.7742,6.7742,6.7742,6.7742,6.7742,6.7742,6.7742,6.7742,6.7742,6.7742,6.7742,6.7742,6.7742,6.7742,6.7742,6.7742,6.7742,6.7742,6.7742,6.7742,6.7742,6.7742,6.7742,6.7742,6.7742,6.7742,6.7742,6.7742,6.7742,6.7742,6.7742,6.7742,6.7742,6.7742,6.7742,6.7742,6.7742,6.7742,6.7742,6.7742,6.7742,6.7742,6.7742,6.7742,6.7742,6.7742,6.7742,6.7742,6.7742,6.7742,6.7742,6.7742,6.7742,6.7742,6.7742,6.7742,6.7742,6.7742,6.7742,6.7742,6.7742,6.7742,6.7742,6.7742,6.7742,6.7742,6.7742,6.7742,6.7742,6.7742,6.7742,6.7742,6.7742,6.7742,6.7742
6.7685,6.7685,6.7685,6.7685,6.7685,6.7685,6.7685,6.7685,6.7685,6.7685,6.7685,6.7685,6.7685,6.7685,6.7685,6.7685,6.7685,6.7685,6.7685,6.7685,6.7685,6.7685,6.7685,6.7685,6.7685,6.7685,6.7685,6.7685,6.7685,6.7685,6.7685,6.7685,6.7685,6.7685,6.7685,6.7685,6.7685,6.7685,6.7685,6.7685,6.7685,6.7685,6.7685,6.7685,6.7685,6.7685,6.7685,6.7685,6.7685,6.7685,6.7685,6.7685,6.7685,6.7685,6.7685,6.7685,6.7685,6.7685,6.7685,6.7685,6.7685,6.7685,6.7685,6.7685,6.7685,6.7685,6.7685,6.7685,6.7685,6.7685,6.7685,6.7685,6.7685,6.7685,6.7685,6.7685,6.7685,6.7685,6.7685,6.7685,6.7685,6.7685,6.7685,6.7685,6.7685,6.7685,6.7685,6.7685,6.7685,6.7685,6.7685,6.7685,6.7685,6.7685,6.7685,6.7685,6.7685,6.7685,6.7685,6.7685,6.7685,6.7685,6.7685,6.7685,6.7685,6.7685,6.7685,6.7685,6.7685,6.7685,6.7685,6.7685,6.7685,6.7685,6.7685,6.7685,6.7685,6.7685,6.7685,6.7685,6.7685,6.7685,6.7685,6.7685,6.7685,6.7685,6.7685,6.7685,6.7685,6.7685,6.7685,6.7685,6.7685,6.7685,6.7685,6.7685,6.7685,6.7685,6.7685,6.7685,6.7685,6.7685,6.7685,6.7685,6.7685,6.7685,6.7685,6.7685,6.7685,6.7685,6.7685,6.7685,6.7685,6.7685,6.7685,6.7685,6.7685,6.7685,6.7685,6.7685,6.7685,6.7685,6.7685,6.7685,6.7685,6.7685,6.7685,6.7685,6.7685,6.7685,6.7685,6.7685,6.7685,6.7685,6.7685,6.7685,6.7685,6.7685,6.7685,6.7685,6.7685,6.7685,6.7685,6.7685,6.7685,6.7685,6.7685,6.7685,6.7685,6.7685,6.7685,6.7685,6.7685,6.7685,6.7685,6.7685,6.7685,6.7685,6.7685,6.7685,6.7685,6.7685,6.7685,6.7685,6.7685,6.7685,6.7685,6.7685,6.7685,6.7685,6.7685,6.7685,6.7685,6.7685,6.7685,6.7685,6.7685,6.7685,6.7685,6.7685,6.7685,6.7685,6.7685,6.7685,6.7685,6.7685,6.7685,6.7685,6.7685,6.7685,6.7685,6.7685,6.7685,6.7685,6.7685,6.7685,6.7685,6.7685,6.7685,6.7685,6.7685,6.7685,6.7685,6.7685,6.7685,6.7685,6.7685,6.7685,6.7685,6.7685,6.7685,6.7685,6.7685,6.7685,6.7685,6.7685,6.7685,6.7685,6.7685,6.7685,6.7685,6.7685,6.7685,6.7685,6.7685,6.7685,6.7685,6.7685,6.7685,6.7685,6.7685,6.7685,6.7685,6.7685,6.7685,6.7685,6.7685,6.7685,6.7685,6.7685,6.7685,6.7685,6.7685,6.7685,6.7685,6.7685,6.7685,6.7685,6.7685,6.7685,6.7685,6.7685,6.7685,6.7685,6.7685,6.7685,6.7685,6.7685,6.7685,6.7685,6.7685,6.7685,6.7685,6.7685,6.7685,6.7685,6.7685,6.7685,6.7685,6.7685,6.7685,6.7685,6.7685,6.7685,6.7685,6.7685,6.7685,6.7685,6.7685,6.7685,6.7685,6.7685,6.7685,6.7685,6.7685,6.7685,6.7685,6.7685,6.7685,6.7685,6.7685,6.7685,6.7685,6.7685,6.7685,6.7685,6.7685,6.7685,6.7685,6.7685,6.7685,6.7685,6.7685,6.7685,6.7685,6.7685,6.7685,6.7685,6.7685,6.7685,6.7685,6.7685,6.7685,6.7685,6.7685,6.7685,6.7685,6.7685,6.7685,6.7685,6.7685,6.7685,6.7685,6.7685,6.7685,6.7685,6.7685,6.7685,6.7685,6.7685,6.7685,6.7685,6.7685,6.7685,6.7685,6.7685,6.7685,6.7685,6.7685,6.7685,6.7685,6.7685,6.7685,6.7685,6.7685,6.7685,6.7685,6.1107,6.0905,6.0826,6.0749,6.0670,6.0593,6.0515,6.0438,6.0360,6.0284,6.0207,6.0131,6.0054,5.9976,5.9902,5.9827,5.9774,5.9759,5.9742,5.9727,5.9710,5.9695,5.9678,5.9663,5.9646,5.9631,5.9617,5.9600,5.9585,5.9568,5.9553,5.9536,5.9522,5.9507,5.9490,5.9473,5.9456,5.9441,5.9425,5.9408,5.9431,5.9452,5.9475,5.9498,5.9519,5.9543,5.9566,5.9587,5.9610,5.9634,5.9657,5.9680,5.9704,5.9727,5.9750,5.9774,5.9797,5.9820,5.9844,5.9867,5.9891,5.9914,5.9936,5.9989,6.0064,6.0142,6.0219,6.0295,6.0371,6.0447,6.0539,6.0633,6.0725,6.0819,6.0912,6.1007,6.1098,6.1187,6.1279,6.1370,6.1462,6.1555,6.1654,6.1781,6.1996,6.2214,6.2399,6.2524,6.2650,6.2774,6.2901,6.3024,6.3145,6.3264,6.3383,6.3503,6.3626,6.3746,6.3839,6.3919,6.3997,6.4075,6.4200,6.4379,6.4563,6.4744,6.4919,6.5108,6.5301,6.5486,6.5689,6.5908,6.6136,6.7685,6.7685,6.7685,6.7685,6.7685,6.7685,6.7685,6.7685,6.7685,6.7685,6.7685,6.7685,6.7685,6.7685,6.7685,6.7685,6.7685,6.7685,6.7685,6.7685,6.7685,6.7685,6.7685,6.7685,6.7685,6.7685,6.7685,6.7685,6.7685,6.7685,6.7685,6.7685,6.7685,6.7685,6.7685,6.7685,6.7685,6.7685,6.7685,6.7685,6.7685,6.7685,6.7685,6.7685,6.7685,6.7685,6.7685,6.7685,6.7685,6.7685,6.7685,6.7685,6.7685,6.7685,6.7685,6.7685,6.7685,6.7685,6.7685,6.7685,6.7685,6.7685,6.7685,6.7685,6.7685,6.7685,6.7685,6.7685,6.7685,6.7685,6.7685,6.7685,6.7685,6.7685,6.7685,6.7685,6.7685,6.7685,6.7685,6.7685,6.7685,6.7685,6.7685,6.7685,6.7685,6.7685,6.7685,6.7685,6.7685,6.7685,6.7685,6.7685,6.7685,6.7685,6.7685,6.7685,6.7685,6.7685,6.7685,6.7685,6.7685,6.7685,6.7685,6.7685,6.7685,6.7685,6.7685,6.7690,6.7690,6.7690,6.7690,6.7690,6.7690,6.7690,6.7690,6.7690,6.7690,6.7690,6.7690,6.7690,6.7690,6.7690,6.7690,6.7690,6.7690,6.7690,6.7690,6.7690,6.7690,6.7690,6.7690,6.7690,6.7690,6.7690,6.7690,6.7690,6.7690,6.7690,6.7690,6.7690,6.7690,6.7690,6.7690,6.7690,6.7690,6.7690,6.7690,6.7690,6.7690,6.7690,6.7690,6.7690,6.7690,6.7690,6.7690,6.7690,6.7690,6.7690,6.7690,6.7690,6.7690,6.7690,6.7690,6.7690,6.7690,6.7690,6.7690,6.7690,6.7690,6.7690,6.7690,6.7690,6.7690,6.7690,6.7690,6.7690,6.7690,6.7690,6.7690,6.7690,6.7690,6.7690,6.7690,6.7690,6.7690,6.7690,6.7690,6.7690,6.7690,6.7690,6.7690,6.7690,6.7690,6.7690,6.7690,6.7690,6.7690,6.7690,6.7690,6.7690,6.7690,6.7690,6.7690,6.7690,6.7690,6.7690,6.7690,6.7690,6.7690,6.7690,6.7690,6.7690,6.7690,6.7690,6.7690,6.7690,6.7690,6.7690,6.7690,6.7690,6.7690,6.7690,6.7690,6.7690,6.7690,6.7690,6.7690,6.7690,6.7690,6.7690,6.7690,6.7690,6.7690,6.7690,6.7690,6.7690,6.7690,6.7690,6.7690,6.7690,6.7690,6.7690,6.7690,6.7690,6.7690,6.7690,6.7690,6.7690,6.7690,6.7690,6.7690,6.7690,6.7690,6.7690,6.7690,6.7690,6.7690,6.7690,6.7690,6.7690,6.7690,6.7690,6.7690,6.7690,6.7690,6.7690,6.7690,6.7690,6.7690,6.7690,6.7690,6.7690,6.7690,6.7690,6.7690,6.7690,6.7690,6.7690,6.7690,6.7690,6.7690,6.7690,6.7690,6.7690,6.7690,6.7690,6.7690,6.7690,6.7690,6.7690,6.7690,6.7690,6.7690,6.7690,6.7690,6.7690,6.7690,6.7690,6.7690,6.7690,6.7690,6.7690,6.7690,6.7690,6.7690,6.7690,6.7690,6.7690,6.7690,6.7690,6.7690,6.7690,6.7690,6.7690,6.7690,6.7690,6.7690,6.7690,6.7690,6.7690,6.7690,6.7690,6.7690,6.7690,6.7690,6.7690,6.7690,6.7690,6.7690,6.7690,6.7690,6.7690,6.7690,6.7690,6.7690,6.7690,6.7690,6.7690,6.7690,6.7690,6.7690,6.7690,6.7690,6.7690,6.7690,6.7690,6.7690,6.7690,6.7690,6.7690,6.7690,6.7690,6.7690,6.7690,6.7690,6.7690,6.7690,6.7690,6.7690,6.7690,6.7690,6.7690,6.7690,6.7690,6.7690,6.7690,6.7690,6.7690,6.7690,6.7690,6.7690,6.7690,6.7690,6.7690,6.7690,6.7690,6.7690,6.7690,6.7690,6.7690,6.7690,6.7690,6.7690,6.7690,6.7690,6.7690,6.7690,6.7690,6.7690,6.7690,6.7690,6.7690,6.7690,6.7690,6.7690,6.7690,6.7690,6.7690,6.7690,6.7690,6.7690,6.7690,6.7690,6.7690,6.7690,6.7690,6.7690,6.7690,6.7690,6.7690,6.7690,6.7690,6.7690,6.7690,6.7690,6.7690,6.7690,6.7690,6.7690,6.7690,6.7690,6.7690,6.7690,6.7690,6.7690,6.7690,6.7690,6.7690,6.7690,6.7690,6.7690,6.7690,6.7690,6.7690,6.7690,6.7690,6.7690,6.7690,6.7690,6.7690,6.7690,6.7690,6.7690,6.7690,6.7690,6.7690,6.7690,6.7690,6.7690,6.7690,6.7690,6.7690,6.7690,6.7690,6.7690,6.7690,6.7690,6.7690,6.7690,6.7690
6.7639,6.7639,6.7639,6.7639,6.7639,6.7639,6.7639,6.7639,6.7639,6.7639,6.7639,6.7639,6.7639,6.7639,6.7639,6.7639,6.7639,6.7639,6.7639,6.7639,6.7639,6.7639,6.7639,6.7639,6.7639,6.7639,6.7639,6.7639,6.7639,6.7639,6.7639,6.7639,6.7639,6.7639,6.7639,6.7639,6.7639,6.7639,6.7639,6.7639,6.7639,6.7639,6.7639,6.7639,6.7639,6.7639,6.7639,6.7639,6.7639,6.7639,6.7639,6.7639,6.7639,6.7639,6.7639,6.7639,6.7639,6.7639,6.7639,6.7639,6.7639,6.7639,6.7639,6.7639,6.7639,6.7639,6.7639,6.7639,6.7639,6.7639,6.7639,6.7639,6.7639,6.7639,6.7639,6.7639,6.7639,6.7639,6.7639,6.7639,6.7639,6.7639,6.7639,6.7639,6.7639,6.7639,6.7639,6.7639,6.7639,6.7639,6.7639,6.7639,6.7639,6.7639,6.7639,6.7639,6.7639,6.7639,6.7639,6.7639,6.7639,6.7639,6.7639,6.7639,6.7639,6.7639,6.7639,6.7639,6.7639,6.7639,6.7639,6.7639,6.7639,6.7639,6.7639,6.7639,6.7639,6.7639,6.7639,6.7639,6.7639,6.7639,6.7639,6.7639,6.7639,6.7639,6.7639,6.7639,6.7639,6.7639,6.7639,6.7639,6.7639,6.7639,6.7639,6.7639,6.7639,6.7639,6.7639,6.7639,6.7639,6.7639,6.7639,6.7639,6.7639,6.7639,6.7639,6.7639,6.7639,6.7639,6.7639,6.7639,6.7639,6.7639,6.7639,6.7639,6.7639,6.7639,6.7639,6.7639,6.7639,6.7639,6.7639,6.7639,6.7639,6.7639,6.7639,6.7639,6.7639,6.7639,6.7639,6.7639,6.7639,6.7639,6.7639,6.7639,6.7639,6.7639,6.7639,6.7639,6.7639,6.7639,6.7639,6.7639,6.7639,6.7639,6.7639,6.7639,6.7639,6.7639,6.7639,6.7639,6.7639,6.7639,6.7639,6.7639,6.7639,6.7639,6.7639,6.7639,6.7639,6.7639,6.7639,6.7639,6.7639,6.7639,6.7639,6.7639,6.7639,6.7639,6.7639,6.7639,6.7639,6.7639,6.7639,6.7639,6.7639,6.7639,6.7639,6.7639,6.7639,6.7639,6.7639,6.7639,6.7639,6.7639,6.7639,6.7639,6.7639,6.7639,6.7639,6.7639,6.7639,6.7639,6.7639,6.7639,6.7639,6.7639,6.7639,6.7639,6.7639,6.7639,6.7639,6.7639,6.7639,6.7639,6.7639,6.7639,6.7639,6.7639,6.7639,6.7639,6.7639,6.7639,6.7639,6.7639,6.7639,6.7639,6.7639,6.7639,6.7639,6.7639,6.7639,6.7639,6.7639,6.7639,6.7639,6.7639,6.7639,6.7639,6.7639,6.7639,6.7639,6.7639,6.7639,6.7639,6.7639,6.7639,6.7639,6.7639,6.7639,6.7639,6.7639,6.7639,6.7639,6.7639,6.7639,6.7639,6.7639,6.7639,6.7639,6.7639,6.7639,6.7639,6.7639,6.7639,6.7639,6.7639,6.7639,6.7639,6.7639,6.7639,6.7639,6.7639,6.7639,6.7639,6.7639,6.7639,6.7639,6.7639,6.7639,6.7639,6.7639,6.7639,6.7639,6.7639,6.7639,6.7639,6.7639,6.7639,6.7639,6.7639,6.7639,6.7639,6.7639,6.7639,6.7639,6.7639,6.7639,6.7639,6.7639,6.7639,6.7639,6.7639,6.7639,6.7639,6.7639,6.7639,6.7639,6.7639,6.7639,6.7639,6.7639,6.7639,6.7639,6.7639,6.7639,6.7639,6.7639,6.7639,6.7639,6.7639,6.7639,6.7639,6.7639,6.7639,6.7639,6.7639,6.7639,6.7639,6.7639,6.7639,6.7639,6.7639,6.7639,6.7639,6.7639,6.7639,6.7639,6.7639,6.7639,6.7639,6.7639,6.7639,6.7639,6.7639,6.7639,6.7639,6.7639,6.7639,6.7639,6.7639,6.7639,6.7639,6.7639,6.7639,6.7639,6.1207,6.0952,6.0874,6.0795,6.0718,6.0639,6.0563,6.0484,6.0408,6.0330,6.0254,6.0176,6.0101,6.0024,5.9946,5.9872,5.9812,5.9797,5.9780,5.9765,5.9750,5.9733,5.9718,5.9701,5.9687,5.9670,5.9655,5.9640,5.9623,5.9608,5.9591,5.9576,5.9560,5.9545,5.9530,5.9513,5.9496,5.9479,5.9465,5.9448,5.9467,5.9488,5.9511,5.9534,5.9555,5.9579,5.9602,5.9623,5.9646,5.9670,5.9693,5.9716,5.9740,5.9763,5.9786,5.9808,5.9831,5.9855,5.9878,5.9902,5.9925,5.9949,5.9972,6.0017,6.0094,6.0172,6.0248,6.0323,6.0401,6.0493,6.0584,6.0679,6.0771,6.0865,6.0958,6.1051,6.1142,6.1234,6.1323,6.1415,6.1507,6.1605,6.1704,6.1797,6.1975,6.2191,6.2378,6.2503,6.2629,6.2753,6.2880,6.3007,6.3126,6.3245,6.3364,6.3484,6.3606,6.3727,6.3826,6.3907,6.3984,6.4107,6.4291,6.4468,6.4647,6.4827,6.5012,6.5197,6.5387,6.5584,6.5787,6.6014,6.6241,6.7639,6.7639,6.7639,6.7639,6.7639,6.7639,6.7639,6.7639,6.7639,6.7639,6.7639,6.7639,6.7639,6.7639,6.7639,6.7639,6.7639,6.7639,6.7639,6.7639,6.7639,6.7639,6.7639,6.7639,6.7639,6.7639,6.7639,6.7639,6.7639,6.7639,6.7639,6.7639,6.7639,6.7639,6.7639,6.7639,6.7639,6.7639,6.7639,6.7639,6.7639,6.7639,6.7639,6.7639,6.7639,6.7639,6.7639,6.7639,6.7639,6.7639,6.7639,6.7639,6.7639,6.7639,6.7639,6.7633,6.7633,6.7633,6.7633,6.7633,6.7633,6.7633,6.7633,6.7633,6.7633,6.7633,6.7633,6.7633,6.7633,6.7633,6.7633,6.7633,6.7633,6.7633,6.7633,6.7633,6.7633,6.7633,6.7633,6.7633,6.7633,6.7633,6.7633,6.7633,6.7633,6.7633,6.7633,6.7633,6.7633,6.7633,6.7633,6.7633,6.7633,6.7633,6.7633,6.7633,6.7633,6.7633,6.7633,6.7633,6.7633,6.7633,6.7633,6.7633,6.7633,6.7633,6.7633,6.7633,6.7633,6.7633,6.7633,6.7633,6.7633,6.7633,6.7633,6.7633,6.7633,6.7633,6.7633,6.7633,6.7633,6.7633,6.7633,6.7633,6.7633,6.7633,6.7633,6.7633,6.7633,6.7633,6.7633,6.7633,6.7633,6.7633,6.7633,6.7633,6.7633,6.7633,6.7633,6.7633,6.7633,6.7633,6.7633,6.7633,6.7633,6.7633,6.7633,6.7633,6.7633,6.7633,6.7633,6.7633,6.7633,6.7633,6.7633,6.7633,6.7633,6.7633,6.7633,6.7633,6.7633,6.7633,6.7633,6.7633,6.7633,6.7633,6.7633,6.7633,6.7633,6.7633,6.7633,6.7633,6.7633,6.7633,6.7633,6.7633,6.7633,6.7633,6.7633,6.7633,6.7633,6.7633,6.7633,6.7633,6.7633,6.7633,6.7633,6.7633,6.7633,6.7633,6.7633,6.7633,6.7633,6.7633,6.7633,6.7633,6.7633,6.7633,6.7633,6.7633,6.7633,6.7633,6.7633,6.7633,6.7633,6.7633,6.7633,6.7633,6.7633,6.7633,6.7633,6.7633,6.7633,6.7633,6.7633,6.7633,6.7633,6.7633,6.7633,6.7633,6.7633,6.7633,6.7633,6.7633,6.7633,6.7633,6.7633,6.7633,6.7633,6.7633,6.7633,6.7633,6.7633,6.7633,6.7633,6.7633,6.7633,6.7633,6.7633,6.7633,6.7633,6.7633,6.7633,6.7633,6.7633,6.7633,6.7633,6.7633,6.7633,6.7633,6.7633,6.7633,6.7633,6.7633,6.7633,6.7633,6.7633,6.7633,6.7633,6.7633,6.7633,6.7633,6.7633,6.7633,6.7633,6.7633,6.7633,6.7633,6.7633,6.7633,6.7633,6.7633,6.7633,6.7633,6.7633,6.7633,6.7633,6.7633,6.7633,6.7633,6.7633,6.7633,6.7633,6.7633,6.7633,6.7633,6.7633,6.7633,6.7633,6.7633,6.7633,6.7633,6.7633,6.7633,6.7633,6.7633,6.7633,6.7633,6.7633,6.7633,6.7633,6.7633,6.7633,6.7633,6.7633,6.7633,6.7633,6.7633,6.7633,6.7633,6.7633,6.7633,6.7633,6.7633,6.7633,6.7633,6.7633,6.7633,6.7633,6.7633,6.7633,6.7633,6.7633,6.7633,6.7633,6.7633,6.7633,6.7633,6.7633,6.7633,6.7633,6.7633,6.7633,6.7633,6.7633,6.7633,6.7633,6.7633,6.7633,6.7633,6.7633,6.7633,6.7633,6.7633,6.7633,6.7633,6.7633,6.7633,6.7633,6.7633,6.7633,6.7633,6.7633,6.7633,6.7633,6.7633,6.7633,6.7633,6.7633,6.7633,6.7633,6.7633,6.7633,6.7633,6.7633,6.7633,6.7633,6.7633,6.7633,6.7633,6.7633,6.7633,6.7633,6.7633,6.7633,6.7633,6.7633,6.7633,6.7633,6.7633,6.7633,6.7633,6.7633,6.7633,6.7633,6.7633,6.7633,6.7633,6.7633,6.7633,6.7633,6.7633,6.7633,6.7633,6.7633,6.7633,6.7633,6.7633,6.7633,6.7633,6.7633,6.7633,6.7633,6.7633,6.7633,6.7633,6.7633,6.7633,6.7633,6.7633,6.7633,6.7633,6.7633,6.7633,6.7633,6.7633,6.7633,6.7633,6.7633,6.7633,6.7633,6.7633,6.7633,6.7633,6.7633,6.7633,6.7633,6.7633,6.7633,6.7633,6.7633,6.7633,6.7633,6.7633,6.7633,6.7633,6.7633,6.7633,6.7633,6.7633,6.7633,6.7633,6.7633,6.7633,6.7633,6.7633,6.7633,6.7633,6.7633,6.7633,6.7633,6.7633,6.7633,6.7633,6.7633,6.7633,6.7633,6.7633,6.7633,6.7633
6.7584,6.7584,6.7584,6.7584,6.7584,6.7584,6.7584,6.7584,6.7584,6.7584,6.7584,6.7584,6.7584,6.7584,6.7584,6.7584,6.7584,6.7584,6.7584,6.7584,6.7584,6.7584,6.7584,6.7584,6.7584,6.7584,6.7584,6.7584,6.7584,6.7584,6.7584,6.7584,6.7584,6.7584,6.7584,6.7584,6.7584,6.7584,6.7584,6.7584,6.7584,6.7584,6.7584,6.7584,6.7584,6.7584,6.7584,6.7584,6.7584,6.7584,6.7584,6.7584,6.7584,6.7584,6.7584,6.7584,6.7584,6.7584,6.7584,6.7584,6.7584,6.7584,6.7584,6.7584,6.7584,6.7584,6.7584,6.7584,6.7584,6.7584,6.7584,6.7584,6.7584,6.7584,6.7584,6.7584,6.7584,6.7584,6.7584,6.7584,6.7584,6.7584,6.7584,6.7584,6.7584,6.7584,6.7584,6.7584,6.7584,6.7584,6.7584,6.7584,6.7584,6.7584,6.7584,6.7584,6.7584,6.7584,6.7584,6.7584,6.7584,6.7584,6.7584,6.7584,6.7584,6.7584,6.7584,6.7584,6.7584,6.7584,6.7584,6.7584,6.7584,6.7584,6.7584,6.7584,6.7584,6.7584,6.7584,6.7584,6.7584,6.7584,6.7584,6.7584,6.7584,6.7584,6.7584,6.7584,6.7584,6.7584,6.7584,6.7584,6.7584,6.7584,6.7584,6.7584,6.7584,6.7584,6.7584,6.7584,6.7584,6.7584,6.7584,6.7584,6.7584,6.7584,6.7584,6.7584,6.7584,6.7584,6.7584,6.7584,6.7584,6.7584,6.7584,6.7584,6.7584,6.7584,6.7584,6.7584,6.7584,6.7584,6.7584,6.7584,6.7584,6.7584,6.7584,6.7584,6.7584,6.7584,6.7584,6.7584,6.7584,6.7584,6.7584,6.7584,6.7584,6.7584,6.7584,6.7584,6.7584,6.7584,6.7584,6.7584,6.7584,6.7584,6.7584,6.7584,6.7584,6.7584,6.7584,6.7584,6.7584,6.7584,6.7584,6.7584,6.7584,6.7584,6.7584,6.7584,6.7584,6.7584,6.7584,6.7584,6.7584,6.7584,6.7584,6.7584,6.7584,6.7584,6.7584,6.7584,6.7584,6.7584,6.7584,6.7584,6.7584,6.7584,6.7584,6.7584,6.7584,6.7584,6.7584,6.7584,6.7584,6.7584,6.7584,6.7584,6.7584,6.7584,6.7584,6.7584,6.7584,6.7584,6.7584,6.7584,6.7584,6.7584,6.7584,6.7584,6.7584,6.7584,6.7584,6.7584,6.7584,6.7584,6.7584,6.7584,6.7584,6.7584,6.7584,6.7584,6.7584,6.7584,6.7584,6.7584,6.7584,6.7584,6.7584,6.7584,6.7584,6.7584,6.7584,6.7584,6.7584,6.7584,6.7584,6.7584,6.7584,6.7584,6.7584,6.7584,6.7584,6.7584,6.7584,6.7584,6.7584,6.7584,6.7584,6.7584,6.7584,6.7584,6.7584,6.7584,6.7584,6.7584,6.7584,6.7584,6.7584,6.7584,6.7584,6.7584,6.7584,6.7584,6.7584,6.7584,6.7584,6.7584,6.7584,6.7584,6.7584,6.7584,6.7584,6.7584,6.7584,6.7584,6.7584,6.7584,6.7584,6.7584,6.7584,6.7584,6.7584,6.7584,6.7584,6.7584,6.7584,6.7584,6.7584,6.7584,6.7584,6.7584,6.7584,6.7584,6.7584,6.7584,6.7584,6.7584,6.7584,6.7584,6.7584,6.7584,6.7584,6.7584,6.7584,6.7584,6.7584,6.7584,6.7584,6.7584,6.7584,6.7584,6.7584,6.7584,6.7584,6.7584,6.7584,6.7584,6.7584,6.7584,6.7584,6.7584,6.7584,6.7584,6.7584,6.7584,6.7584,6.7584,6.7584,6.7584,6.7584,6.7584,6.7584,6.7584,6.7584,6.7584,6.7584,6.7584,6.7584,6.7584,6.7584,6.7584,6.7584,6.7584,6.7584,6.7584,6.7584,6.7584,6.7584,6.7584,6.7584,6.7584,6.7584,6.7584,6.7584,6.7584,6.7584,6.7584,6.1000,6.0921,6.0843,6.0764,6.0687,6.0608,6.0532,6.0454,6.0378,6.0299,6.0224,6.0148,6.0071,5.9996,5.9919,5.9855,5.9838,5.9820,5.9803,5.9789,5.9774,5.9757,5.9742,5.9725,5.9710,5.9695,5.9678,5.9663,5.9646,5.9631,5.9615,5.9600,5.9583,5.9568,5.9551,5.9536,5.9519,5.9503,5.9486,5.9500,5.9524,5.9547,5.9568,5.9591,5.9615,5.9636,5.9659,5.9682,5.9704,5.9727,5.9750,5.9774,5.9797,5.9820,5.9844,5.9867,5.9891,5.9912,5.9936,5.9959,5.9983,6.0009,6.0047,6.0125,6.0202,6.0278,6.0354,6.0445,6.0536,6.0630,6.0722,6.0817,6.0910,6.1005,6.1096,6.1187,6.1279,6.1368,6.1460,6.1555,6.1652,6.1749,6.1845,6.1952,6.2170,6.2357,6.2482,6.2608,6.2734,6.2859,6.2986,6.3107,6.3226,6.3347,6.3467,6.3587,6.3708,6.3814,6.3894,6.4011,6.4197,6.4377,6.4555,6.4734,6.4919,6.5106,6.5296,6.5486,6.5679,6.5887,6.6113,6.7584,6.7584,6.7584,6.7584,6.7584,6.7584,6.7584,6.7584,6.7584,6.7584,6.7584,6.7584,6.7584,6.7584,6.7584,6.7584,6.7584,6.7584,6.7584,6.7584,6.7584,6.7584,6.7584,6.7584,6.7584,6.7584,6.7584,6.7584,6.7584,6.7584,6.7584,6.7584,6.7584,6.7584,6.7584,6.7584,6.7584,6.7584,6.7584,6.7584,6.7584,6.7584,6.7584,6.7584,6.7584,6.7584,6.7584,6.7584,6.7584,6.7584,6.7584,6.7584,6.7584,6.7584,6.7584,6.7584,6.7584,6.7584,6.7584,6.7584,6.7584,6.7584,6.7584,6.7584,6.7584,6.7584,6.7584,6.7584,6.7584,6.7584,6.7584,6.7584,6.7584,6.7584,6.7584,6.7584,6.7584,6.7584,6.7584,6.7584,6.7584,6.7584,6.7584,6.7584,6.7584,6.7584,6.7584,6.7584,6.7584,6.7584,6.7584,6.7584,6.7584,6.7584,6.7584,6.7584,6.7584,6.7584,6.7584,6.7584,6.7584,6.7584,6.7584,6.7584,6.7584,6.7584,6.7584,6.7584,6.7584,6.7584,6.7584,6.7584,6.7584,6.7584,6.7584,6.7584,6.7584,6.7584,6.7584,6.7584,6.7584,6.7584,6.7584,6.7584,6.7584,6.7584,6.7584,6.7584,6.7584,6.7584,6.7584,6.7584,6.7584,6.7584,6.7584,6.7584,6.7584,6.7584,6.7584,6.7584,6.7584,6.7584,6.7584,6.7584,6.7584,6.7584,6.7584,6.7584,6.7584,6.7584,6.7584,6.7584,6.7584,6.7584,6.7584,6.7584,6.7584,6.7584,6.7584,6.7584,6.7584,6.7584,6.7584,6.7584,6.7584,6.7584,6.7584,6.7584,6.7584,6.7584,6.7584,6.7584,6.7584,6.7584,6.7584,6.7584,6.7584,6.7584,6.7584,6.7584,6.7584,6.7584,6.7584,6.7584,6.7584,6.7584,6.7584,6.7584,6.7584,6.7584,6.7584,6.7584,6.7584,6.7584,6.7584,6.7584,6.7584,6.7584,6.7584,6.7584,6.7584,6.7584,6.7584,6.7584,6.7584,6.7584,6.7584,6.7584,6.7584,6.7584,6.7584,6.7584,6.7584,6.7584,6.7584,6.7584,6.7584,6.7584,6.7584,6.7584,6.7584,6.7584,6.7584,6.7584,6.7584,6.7584,6.7584,6.7584,6.7584,6.7584,6.7584,6.7584,6.7584,6.7584,6.7584,6.7584,6.7584,6.7584,6.7584,6.7584,6.7584,6.7584,6.7584,6.7584,6.7584,6.7584,6.7584,6.7584,6.7584,6.7584,6.7584,6.7584,6.7584,6.7584,6.7584,6.7584,6.7584,6.7584,6.7584,6.7584,6.7584,6.7584,6.7584,6.7584,6.7584,6.7584,6.7584,6.7584,6.7584,6.7584,6.7584,6.7584,6.7584,6.7584,6.7584,6.7584,6.7584,6.7584,6.7584,6.7584,6.7584,6.7584,6.7584,6.7584,6.7584,6.7584,6.7584,6.7584,6.7584,6.7584,6.7584,6.7584,6.7584,6.7584,6.7584,6.7584,6.7584,6.7584,6.7584,6.7584,6.7584,6.7584,6.7584,6.7584,6.7584,6.7584,6.7584,6.7584,6.7584,6.7584,6.7584,6.7584,6.7584,6.7584,6.7584,6.7584,6.7584,6.7584,6.7584,6.7584,6.7584,6.7584,6.7584,6.7584,6.7584,6.7584,6.7584,6.7590,6.7590,6.7590,6.7590,6.7590,6.7590,6.7590,6.7590,6.7590,6.7590,6.7590,6.7590,6.7590,6.7590,6.7590,6.7590,6.7590,6.7590,6.7590,6.7590,6.7590,6.7590,6.7590,6.7590,6.7590,6.7590,6.7590,6.7590,6.7590,6.7590,6.7590,6.7590,6.7590,6.7590,6.7590,6.7590,6.7590,6.7590,6.7590,6.7590,6.7590,6.7590,6.7590,6.7590,6.7590,6.7590,6.7590,6.7590,6.7590,6.7590,6.7590,6.7590,6.7590,6.7590,6.7590,6.7590,6.7590,6.7590,6.7590,6.7590,6.7590,6.7590,6.7590,6.7590,6.7590,6.7590,6.7590,6.7590,6.7590,6.7590,6.7590,6.7590,6.7590,6.7590,6.7590,6.7590,6.7590,6.7590,6.7590,6.7590,6.7590,6.7590,6.7590,6.7590,6.7590,6.7590,6.7590,6.7590,6.7590,6.7590,6.7590,6.7590,6.7590,6.7590,6.7590,6.7590,6.7590,6.7590,6.7590,6.7590,6.7590,6.7590,6.7590,6.7590,6.7590,6.7590,6.7590,6.7590,6.7590,6.7590,6.7590,6.7590,6.7590,6.7590,6.7590,6.7590,6.7590,6.7590,6.7590,6.7590,6.7590,6.7590,6.7590,6.7590,6.7590,6.7590,6.7590,6.7590,6.7590,6.7590,6.7590,6.7590,6.7590,6.7590
6.7538,6.7538,6.7538,6.7538,6.7538,6.7538,6.7538,6.7538,6.7538,6.7538,6.7538,6.7538,6.7538,6.7538,6.7538,6.7538,6.7538,6.7538,6.7538,6.7538,6.7538,6.7538,6.7538,6.7538,6.7538,6.7538,6.7538,6.7538,6.7538,6.7538,6.7538,6.7538,6.7538,6.7538,6.7538,6.7538,6.7538,6.7538,6.7538,6.7538,6.7538,6.7538,6.7538,6.7538,6.7538,6.7538,6.7538,6.7538,6.7538,6.7538,6.7538,6.7538,6.7538,6.7538,6.7538,6.7538,6.7538,6.7538,6.7538,6.7538,6.7538,6.7538,6.7538,6.7538,6.7538,6.7538,6.7538,6.7538,6.7538,6.7538,6.7538,6.7538,6.7538,6.7538,6.7538,6.7538,6.7538,6.7538,6.7538,6.7538,6.7538,6.7538,6.7538,6.7538,6.7538,6.7538,6.7538,6.7538,6.7538,6.7538,6.7538,6.7538,6.7538,6.7538,6.7538,6.7538,6.7538,6.7538,6.7538,6.7538,6.7538,6.7538,6.7538,6.7538,6.7538,6.7538,6.7538,6.7538,6.7538,6.7538,6.7538,6.7538,6.7538,6.7538,6.7538,6.7538,6.7538,6.7538,6.7538,6.7538,6.7538,6.7538,6.7538,6.7538,6.7538,6.7538,6.7538,6.7538,6.7538,6.7538,6.7538,6.7538,6.7538,6.7538,6.7538,6.7538,6.7538,6.7538,6.7538,6.7538,6.7538,6.7538,6.7538,6.7538,6.7538,6.7538,6.7538,6.7538,6.7538,6.7538,6.7538,6.7538,6.7538,6.7538,6.7538,6.7538,6.7538,6.7538,6.7538,6.7538,6.7538,6.7538,6.7538,6.7538,6.7538,6.7538,6.7538,6.7538,6.7538,6.7538,6.7538,6.7538,6.7538,6.7538,6.7538,6.7538,6.7538,6.7538,6.7538,6.7538,6.7538,6.7538,6.7538,6.7538,6.7538,6.7538,6.7538,6.7538,6.7538,6.7538,6.7538,6.7538,6.7538,6.7538,6.7538,6.7538,6.7538,6.7538,6.7538,6.7538,6.7538,6.7538,6.7538,6.7538,6.7538,6.7538,6.7538,6.7538,6.7538,6.7538,6.7538,6.7538,6.7538,6.7538,6.7538,6.7538,6.7538,6.7538,6.7538,6.7538,6.7538,6.7538,6.7538,6.7538,6.7538,6.7538,6.7538,6.7538,6.7538,6.7538,6.7538,6.7538,6.7538,6.7538,6.7538,6.7538,6.7538,6.7538,6.7538,6.7538,6.7538,6.7538,6.7538,6.7538,6.7538,6.7538,6.7538,6.7538,6.7538,6.7538,6.7538,6.7538,6.7538,6.7538,6.7538,6.7538,6.7538,6.7538,6.7538,6.7538,6.7538,6.7538,6.7538,6.7538,6.7538,6.7538,6.7538,6.7538,6.7538,6.7538,6.7538,6.7538,6.7538,6.7538,6.7538,6.7538,6.7538,6.7538,6.7538,6.7538,6.7538,6.7538,6.7538,6.7538,6.7538,6.7538,6.7538,6.7538,6.7538,6.7538,6.7538,6.7538,6.7538,6.7538,6.7538,6.7538,6.7538,6.7538,6.7538,6.7538,6.7538,6.7538,6.7538,6.7538,6.7538,6.7538,6.7538,6.7538,6.7538,6.7538,6.7538,6.7538,6.7538,6.7538,6.7538,6.7538,6.7538,6.7538,6.7538,6.7538,6.7538,6.7538,6.7538,6.7538,6.7538,6.7538,6.7538,6.7538,6.7538,6.7538,6.7538,6.7538,6.7538,6.7538,6.7538,6.7538,6.7538,6.7538,6.7538,6.7538,6.7538,6.7538,6.7538,6.7538,6.7538,6.7538,6.7538,6.7538,6.7538,6.7538,6.7538,6.7538,6.7538,6.7538,6.7538,6.7538,6.7538,6.7538,6.7538,6.7538,6.7538,6.7538,6.7538,6.7538,6.7538,6.7538,6.7538,6.7538,6.7538,6.7538,6.7538,6.7538,6.7538,6.7538,6.7538,6.7538,6.7538,6.7538,6.7538,6.7538,6.7538,6.7538,6.7538,6.7538,6.7538,6.7538,6.7538,6.7538,6.1047,6.0969,6.0890,6.0813,6.0736,6.0657,6.0580,6.0504,6.0425,6.0349,6.0271,6.0196,6.0120,6.0043,5.9968,5.9895,5.9878,5.9861,5.9844,5.9829,5.9812,5.9797,5.9780,5.9765,5.9748,5.9733,5.9718,5.9701,5.9687,5.9670,5.9655,5.9638,5.9623,5.9606,5.9591,5.9574,5.9557,5.9543,5.9526,5.9536,5.9560,5.9583,5.9604,5.9627,5.9651,5.9672,5.9695,5.9718,5.9740,5.9763,5.9786,5.9808,5.9831,5.9855,5.9878,5.9902,5.9925,5.9949,5.9972,5.9996,6.0019,6.0043,6.0077,6.0155,6.0232,6.0308,6.0397,6.0488,6.0582,6.0674,6.0769,6.0861,6.0956,6.1049,6.1140,6.1232,6.1323,6.1415,6.1507,6.1605,6.1700,6.1797,6.1895,6.1991,6.2149,6.2336,6.2461,6.2587,6.2713,6.2840,6.2965,6.3088,6.3207,6.3326,6.3448,6.3568,6.3688,6.3802,6.3919,6.4099,6.4288,6.4471,6.4647,6.4822,6.5010,6.5194,6.5384,6.5576,6.5769,6.5996,6.7538,6.7538,6.7538,6.7538,6.7538,6.7538,6.7538,6.7538,6.7538,6.7538,6.7538,6.7538,6.7538,6.7538,6.7538,6.7538,6.7538,6.7538,6.7538,6.7538,6.7538,6.7538,6.7538,6.7538,6.7538,6.7538,6.7538,6.7538,6.7538,6.7538,6.7538,6.7538,6.7538,6.7538,6.7538,6.7538,6.7538,6.7538,6.7538,6.7538,6.7538,6.7538,6.7538,6.7538,6.7538,6.7538,6.7538,6.7538,6.7538,6.7538,6.7538,6.7538,6.7538,6.7538,6.7538,6.7538,6.7538,6.7538,6.7538,6.7538,6.7538,6.7538,6.7538,6.7538,6.7538,6.7538,6.7538,6.7538,6.7538,6.7538,6.7538,6.7538,6.7538,6.7538,6.7538,6.7538,6.7538,6.7538,6.7538,6.7538,6.7538,6.7538,6.7538,6.7538,6.7538,6.7538,6.7538,6.7538,6.7538,6.7538,6.7538,6.7538,6.7538,6.7538,6.7538,6.7538,6.7538,6.7538,6.7538,6.7538,6.7538,6.7538,6.7538,6.7538,6.7538,6.7538,6.7538,6.7538,6.7538,6.7538,6.7538,6.7538,6.7538,6.7538,6.7538,6.7538,6.7538,6.7538,6.7538,6.7538,6.7538,6.7538,6.7538,6.7538,6.7538,6.7538,6.7538,6.7538,6.7538,6.7538,6.7538,6.7538,6.7538,6.7538,6.7538,6.7538,6.7538,6.7538,6.7538,6.7538,6.7538,6.7538,6.7538,6.7538,6.7538,6.7538,6.7538,6.7538,6.7538,6.7538,6.7538,6.7538,6.7538,6.7538,6.7538,6.7538,6.7538,6.7538,6.7538,6.7538,6.7538,6.7538,6.7538,6.7538,6.7538,6.7538,6.7538,6.7538,6.7538,6.7538,6.7538,6.7538,6.7538,6.7538,6.7538,6.7538,6.7538,6.7538,6.7538,6.7538,6.7538,6.7538,6.7538,6.7538,6.7538,6.7538,6.7538,6.7538,6.7538,6.7538,6.7538,6.7538,6.7538,6.7538,6.7538,6.7538,6.7538,6.7538,6.7538,6.7538,6.7538,6.7538,6.7538,6.7538,6.7538,6.7538,6.7538,6.7538,6.7538,6.7538,6.7538,6.7538,6.7538,6.7538,6.7538,6.7538,6.7538,6.7538,6.7538,6.7538,6.7538,6.7538,6.7538,6.7538,6.7538,6.7538,6.7538,6.7538,6.7538,6.7538,6.7538,6.7538,6.7538,6.7538,6.7538,6.7538,6.7538,6.7538,6.7538,6.7538,6.7538,6.7538,6.7538,6.7538,6.7538,6.7538,6.7538,6.7538,6.7538,6.7538,6.7538,6.7538,6.7538,6.7538,6.7538,6.7538,6.7538,6.7538,6.7538,6.7538,6.7538,6.7538,6.7538,6.7538,6.7538,6.7538,6.7538,6.7538,6.7538,6.7538,6.7538,6.7538,6.7538,6.7538,6.7538,6.7538,6.7538,6.7538,6.7538,6.7538,6.7538,6.7538,6.7538,6.7538,6.7538,6.7538,6.7538,6.7538,6.7538,6.7538,6.7538,6.7538,6.7538,6.7538,6.7538,6.7538,6.7538,6.7538,6.7538,6.7538,6.7538,6.7538,6.7538,6.7538,6.7538,6.7538,6.7538,6.7538,6.7538,6.7538,6.7538,6.7538,6.7538,6.7538,6.7538,6.7538,6.7538,6.7538,6.7538,6.7538,6.7538,6.7538,6.7538,6.7538,6.7538,6.7538,6.7538,6.7538,6.7538,6.7538,6.7538,6.7538,6.7538,6.7538,6.7538,6.7538,6.7538,6.7538,6.7538,6.7538,6.7538,6.7538,6.7538,6.7538,6.7538,6.7538,6.7538,6.7538,6.7538,6.7538,6.7538,6.7538,6.7538,6.7538,6.7538,6.7538,6.7538,6.7538,6.7538,6.7538,6.7538,6.7538,6.7538,6.7538,6.7538,6.7538,6.7538,6.7538,6.7538,6.7538,6.7538,6.7538,6.7538,6.7538,6.7538,6.7538,6.7538,6.7538,6.7538,6.7538,6.7538,6.7538,6.7538,6.7538,6.7538,6.7538,6.7538,6.7538,6.7538,6.7538,6.7538,6.7538,6.7538,6.7538,6.7538,6.7538,6.7538,6.7538,6.7538,6.7538,6.7538,6.7538,6.7538,6.7538,6.7538,6.7538,6.7538,6.7538,6.7538,6.7538,6.7538,6.7538,6.7538,6.7538,6.7538,6.7538,6.7538,6.7538,6.7538,6.7538,6.7538,6.7538,6.7538,6.7538,6.7538,6.7538,6.7538,6.7538,6.7538,6.7538,6.7538,6.7538,6.7538,6.7538,6.7538,6.7538,6.7538,6.7538,6.7538,6.7538,6.7538,6.7538,6.7538,6.7538,6.7538,6.7538,6.7538,6.7538,6.7538,6.7538,6.7538,6.7538,6.7538,6.7538,6.7538,6.7538,6.7538,6.7538,6.7538,6.7538,6.7538,6.7538
6.7486,6.7486,6.7486,6.7486,6.7486,6.7486,6.7486,6.7486,6.7486,6.7486,6.7486,6.7486,6.7486,6.7486,6.7486,6.7486,6.7486,6.7486,6.7486,6.7486,6.7486,6.7486,6.7486,6.7486,6.7486,6.7486,6.7486,6.7486,6.7486,6.7486,6.7486,6.7486,6.7486,6.7486,6.7486,6.7486,6.7486,6.7486,6.7486,6.7486,6.7486,6.7486,6.7486,6.7486,6.7486,6.7486,6.7486,6.7486,6.7486,6.7486,6.7486,6.7486,6.7486,6.7486,6.7486,6.7486,6.7486,6.7486,6.7486,6.7486,6.7486,6.7486,6.7486,6.7486,6.7486,6.7486,6.7486,6.7486,6.7486,6.7486,6.7486,6.7486,6.7486,6.7486,6.7486,6.7486,6.7486,6.7486,6.7486,6.7486,6.7486,6.7486,6.7486,6.7486,6.7486,6.7486,6.7486,6.7486,6.7486,6.7486,6.7486,6.7486,6.7486,6.7486,6.7486,6.7486,6.7486,6.7486,6.7486,6.7486,6.7486,6.7486,6.7486,6.7486,6.7486,6.7486,6.7486,6.7486,6.7486,6.7486,6.7486,6.7486,6.7486,6.7486,6.7486,6.7486,6.7486,6.7486,6.7486,6.7486,6.7486,6.7486,6.7486,6.7486,6.7486,6.7486,6.7486,6.7486,6.7486,6.7486,6.7486,6.7486,6.7486,6.7486,6.7486,6.7486,6.7486,6.7486,6.7486,6.7486,6.7486,6.7486,6.7486,6.7486,6.7486,6.7486,6.7486,6.7486,6.7486,6.7486,6.7486,6.7486,6.7486,6.7486,6.7486,6.7486,6.7486,6.7486,6.7486,6.7486,6.7486,6.7486,6.7486,6.7486,6.7486,6.7486,6.7486,6.7486,6.7486,6.7486,6.7486,6.7486,6.7486,6.7486,6.7486,6.7486,6.7486,6.7486,6.7486,6.7486,6.7486,6.7486,6.7486,6.7486,6.7486,6.7486,6.7486,6.7486,6.7486,6.7486,6.7486,6.7486,6.7486,6.7486,6.7486,6.7486,6.7486,6.7486,6.7486,6.7486,6.7486,6.7486,6.7486,6.7486,6.7486,6.7486,6.7486,6.7486,6.7486,6.7486,6.7486,6.7486,6.7486,6.7486,6.7486,6.7486,6.7486,6.7486,6.7486,6.7486,6.7486,6.7486,6.7486,6.7486,6.7486,6.7486,6.7486,6.7486,6.7486,6.7486,6.7486,6.7486,6.7486,6.7486,6.7486,6.7486,6.7486,6.7486,6.7486,6.7486,6.7486,6.7486,6.7486,6.7486,6.7486,6.7486,6.7486,6.7486,6.7486,6.7486,6.7486,6.7486,6.7486,6.7486,6.7486,6.7486,6.7486,6.7486,6.7486,6.7486,6.7486,6.7486,6.7486,6.7486,6.7486,6.7486,6.7486,6.7486,6.7486,6.7486,6.7486,6.7486,6.7486,6.7486,6.7486,6.7486,6.7486,6.7486,6.7486,6.7486,6.7486,6.7486,6.7486,6.7486,6.7486,6.7486,6.7486,6.7486,6.7486,6.7486,6.7486,6.7486,6.7486,6.7486,6.7486,6.7486,6.7486,6.7486,6.7486,6.7486,6.7486,6.7486,6.7486,6.7486,6.7486,6.7486,6.7486,6.7486,6.7486,6.7486,6.7486,6.7486,6.7486,6.7486,6.7486,6.7486,6.7486,6.7486,6.7486,6.7486,6.7486,6.7486,6.7486,6.7486,6.7486,6.7486,6.7486,6.7486,6.7486,6.7486,6.7486,6.7486,6.7486,6.7486,6.7486,6.7486,6.7486,6.7486,6.7486,6.7486,6.7486,6.7486,6.7486,6.7486,6.7486,6.7486,6.7486,6.7486,6.7486,6.7486,6.7486,6.7486,6.7486,6.7486,6.7486,6.7486,6.7486,6.7486,6.7486,6.7486,6.7486,6.7486,6.7486,6.7486,6.7486,6.7486,6.7486,6.7486,6.7486,6.7486,6.7486,6.7486,6.7486,6.7486,6.7486,6.7486,6.7486,6.7486,6.7486,6.7486,6.7486,6.7486,6.7486,6.7486,6.7486,6.7486,6.7486,6.7486,6.7486,6.1018,6.0941,6.0861,6.0784,6.0707,6.0628,6.0552,6.0475,6.0397,6.0321,6.0245,6.0168,6.0092,6.0017,5.9940,5.9919,5.9902,5.9884,5.9867,5.9852,5.9835,5.9820,5.9803,5.9789,5.9772,5.9757,5.9742,5.9725,5.9710,5.9693,5.9678,5.9661,5.9646,5.9629,5.9615,5.9598,5.9581,5.9564,5.9572,5.9595,5.9619,5.9640,5.9663,5.9687,5.9708,5.9731,5.9755,5.9776,5.9799,5.9823,5.9844,5.9867,5.9891,5.9912,5.9936,5.9959,5.9983,6.0006,6.0032,6.0054,6.0077,6.0107,6.0185,6.0261,6.0349,6.0441,6.0534,6.0626,6.0720,6.0813,6.0907,6.1000,6.1094,6.1185,6.1276,6.1368,6.1460,6.1555,6.1652,6.1749,6.1845,6.1943,6.2041,6.2138,6.2315,6.2441,6.2566,6.2692,6.2819,6.2944,6.3069,6.3188,6.3307,6.3429,6.3549,6.3679,6.3826,6.4009,6.4190,6.4379,6.4553,6.4734,6.4917,6.5101,6.5290,6.5476,6.5676,6.5869,6.6097,6.7486,6.7486,6.7486,6.7486,6.7486,6.7486,6.7486,6.7486,6.7486,6.7486,6.7486,6.7486,6.7486,6.7486,6.7486,6.7486,6.7486,6.7486,6.7486,6.7486,6.7486,6.7486,6.7486,6.7486,6.7486,6.7486,6.7486,6.7486,6.7486,6.7486,6.7486,6.7486,6.7486,6.7486,6.7486,6.7486,6.7486,6.7486,6.7486,6.7486,6.7486,6.7486,6.7486,6.7486,6.7486,6.7486,6.7486,6.7486,6.7486,6.7486,6.7486,6.7486,6.7486,6.7486,6.7486,6.7486,6.7486,6.7486,6.7486,6.7486,6.7486,6.7486,6.7486,6.7486,6.7486,6.7486,6.7486,6.7486,6.7486,6.7486,6.7486,6.7486,6.7486,6.7486,6.7486,6.7486,6.7486,6.7486,6.7486,6.7486,6.7486,6.7486,6.7486,6.7486,6.7486,6.7486,6.7486,6.7486,6.7486,6.7486,6.7486,6.7486,6.7486,6.7486,6.7486,6.7486,6.7486,6.7486,6.7486,6.7486,6.7486,6.7486,6.7486,6.7486,6.7486,6.7486,6.7486,6.7486,6.7486,6.7486,6.7486,6.7486,6.7486,6.7486,6.7486,6.7486,6.7486,6.7486,6.7486,6.7486,6.7486,6.7486,6.7486,6.7486,6.7486,6.7486,6.7486,6.7486,6.7486,6.7486,6.7486,6.7486,6.7486,6.7486,6.7486,6.7486,6.7486,6.7486,6.7486,6.7486,6.7486,6.7486,6.7486,6.7486,6.7486,6.7486,6.7486,6.7486,6.7486,6.7486,6.7486,6.7486,6.7486,6.7486,6.7486,6.7486,6.7486,6.7486,6.7486,6.7486,6.7486,6.7486,6.7486,6.7486,6.7486,6.7486,6.7486,6.7486,6.7486,6.7486,6.7486,6.7486,6.7486,6.7486,6.7486,6.7486,6.7486,6.7486,6.7486,6.7486,6.7486,6.7486,6.7486,6.7486,6.7486,6.7486,6.7486,6.7486,6.7486,6.7486,6.7486,6.7486,6.7486,6.7486,6.7486,6.7486,6.7486,6.7486,6.7486,6.7486,6.7486,6.7486,6.7486,6.7486,6.7486,6.7486,6.7486,6.7486,6.7486,6.7486,6.7486,6.7486,6.7486,6.7486,6.7486,6.7486,6.7486,6.7486,6.7486,6.7486,6.7486,6.7486,6.7486,6.7486,6.7486,6.7486,6.7486,6.7486,6.7486,6.7486,6.7486,6.7486,6.7486,6.7486,6.7486,6.7486,6.7486,6.7486,6.7486,6.7486,6.7481,6.7481,6.7481,6.7481,6.7481,6.7481,6.7481,6.7481,6.7481,6.7481,6.7481,6.7481,6.7481,6.7481,6.7481,6.7481,6.7481,6.7481,6.7481,6.7481,6.7481,6.7481,6.7481,6.7481,6.7481,6.7481,6.7481,6.7481,6.7481,6.7481,6.7481,6.7481,6.7481,6.7481,6.7481,6.7481,6.7481,6.7481,6.7481,6.7481,6.7481,6.7481,6.7481,6.7481,6.7481,6.7481,6.7481,6.7481,6.7481,6.7481,6.7481,6.7481,6.7481,6.7481,6.7481,6.7481,6.7481,6.7481,6.7481,6.7481,6.7481,6.7481,6.7481,6.7481,6.7481,6.7481,6.7481,6.7481,6.7481,6.7481,6.7481,6.7481,6.7481,6.7481,6.7481,6.7481,6.7481,6.7481,6.7481,6.7481,6.7481,6.7481,6.7481,6.7481,6.7481,6.7481,6.7481,6.7481,6.7481,6.7481,6.7481,6.7481,6.7481,6.7481,6.7481,6.7481,6.7481,6.7481,6.7481,6.7481,6.7481,6.7481,6.7481,6.7481,6.7481,6.7481,6.7481,6.7481,6.7481,6.7481,6.7481,6.7481,6.7481,6.7481,6.7481,6.7481,6.7481,6.7481,6.7481,6.7481,6.7481,6.7481,6.7481,6.7481,6.7481,6.7481,6.7481,6.7481,6.7481,6.7481,6.7481,6.7481,6.7481,6.7481,6.7481,6.7481,6.7481,6.7481,6.7481,6.7481,6.7481,6.7481,6.7481,6.7481,6.7481,6.7481,6.7481,6.7481,6.7481,6.7481,6.7481,6.7481,6.7481,6.7481,6.7481,6.7481,6.7481,6.7481,6.7481,6.7481,6.7481,6.7481,6.7481,6.7481,6.7481,6.7481,6.7481,6.7481,6.7481,6.7481,6.7481,6.7481,6.7481,6.7481,6.7481,6.7481,6.7481,6.7481,6.7481,6.7481,6.7481,6.7481,6.7481,6.7481,6.7481,6.7481,6.7481,6.7481,6.7481,6.7481,6.7481,6.7481,6.7481,6.7481,6.7481,6.7481,6.7481,6.7481,6.7481,6.7481,6.7481,6.7481,6.7481,6.7481,6.7481,6.7481,6.7481,6.7481,6.7481,6.7481,6.7481,6.7481,6.7481,6.7481,6.7481,6.7481,6.7481,6.7481,6.7481,6.7481,6.7481,6.7481
6.7430,6.7430,6.7430,6.7430,6.7430,6.7430,6.7430,6.7430,6.7430,6.7430,6.7430,6.7430,6.7430,6.7430,6.7430,6.7430,6.7430,6.7430,6.7430,6.7430,6.7430,6.7430,6.7430,6.7430,6.7430,6.7430,6.7430,6.7430,6.7430,6.7430,6.7430,6.7430,6.7430,6.7430,6.7430,6.7430,6.7430,6.7430,6.7430,6.7430,6.7430,6.7430,6.7430,6.7430,6.7430,6.7430,6.7430,6.7430,6.7430,6.7430,6.7430,6.7430,6.7430,6.7430,6.7430,6.7430,6.7430,6.7430,6.7430,6.7430,6.7430,6.7430,6.7430,6.7430,6.7430,6.7430,6.7430,6.7430,6.7430,6.7430,6.7430,6.7430,6.7430,6.7430,6.7430,6.7430,6.7430,6.7430,6.7430,6.7430,6.7430,6.7430,6.7430,6.7430,6.7430,6.7430,6.7430,6.7430,6.7430,6.7430,6.7430,6.7430,6.7430,6.7430,6.7430,6.7430,6.7430,6.7430,6.7430,6.7430,6.7430,6.7430,6.7430,6.7430,6.7430,6.7430,6.7430,6.7430,6.7430,6.7430,6.7430,6.7430,6.7430,6.7430,6.7430,6.7430,6.7430,6.7430,6.7430,6.7430,6.7430,6.7430,6.7430,6.7430,6.7430,6.7430,6.7430,6.7430,6.7430,6.7430,6.7430,6.7430,6.7430,6.7430,6.7430,6.7430,6.7430,6.7430,6.7430,6.7430,6.7430,6.7430,6.7430,6.7430,6.7430,6.7430,6.7430,6.7430,6.7430,6.7430,6.7430,6.7430,6.7430,6.7430,6.7430,6.7430,6.7430,6.7430,6.7430,6.7430,6.7430,6.7430,6.7430,6.7430,6.7430,6.7430,6.7430,6.7430,6.7430,6.7430,6.7430,6.7430,6.7430,6.7430,6.7430,6.7430,6.7430,6.7430,6.7430,6.7430,6.7430,6.7430,6.7430,6.7430,6.7430,6.7430,6.7430,6.7430,6.7430,6.7430,6.7430,6.7430,6.7430,6.7430,6.7430,6.7430,6.7430,6.7430,6.7430,6.7430,6.7430,6.7430,6.7430,6.7430,6.7430,6.7430,6.7430,6.7430,6.7430,6.7430,6.7430,6.7430,6.7430,6.7430,6.7430,6.7430,6.7430,6.7430,6.7430,6.7430,6.7430,6.7430,6.7430,6.7430,6.7430,6.7430,6.7430,6.7430,6.7430,6.7430,6.7430,6.7430,6.7430,6.7430,6.7430,6.7430,6.7430,6.7430,6.7430,6.7430,6.7430,6.7430,6.7430,6.7430,6.7430,6.7430,6.7430,6.7430,6.7430,6.7430,6.7430,6.7430,6.7430,6.7430,6.7430,6.7430,6.7430,6.7430,6.7430,6.7430,6.7430,6.7430,6.7430,6.7430,6.7430,6.7430,6.7430,6.7430,6.7430,6.7430,6.7430,6.7430,6.7430,6.7430,6.7430,6.7430,6.7430,6.7430,6.7430,6.7430,6.7430,6.7430,6.7430,6.7430,6.7430,6.7430,6.7430,6.7430,6.7430,6.7430,6.7430,6.7430,6.7430,6.7430,6.7430,6.7430,6.7430,6.7430,6.7430,6.7430,6.7430,6.7430,6.7430,6.7430,6.7430,6.7430,6.7430,6.7430,6.7430,6.7430,6.7430,6.7430,6.7430,6.7430,6.7430,6.7430,6.7430,6.7430,6.7430,6.7430,6.7430,6.7430,6.7430,6.7430,6.7430,6.7430,6.7430,6.7430,6.7430,6.7430,6.7430,6.7430,6.7430,6.7430,6.7430,6.7430,6.7430,6.7430,6.7430,6.7430,6.7430,6.7430,6.7430,6.7430,6.7430,6.7430,6.7430,6.7430,6.7430,6.7430,6.7430,6.7430,6.7430,6.7430,6.7430,6.7430,6.7430,6.7430,6.7430,6.7430,6.7430,6.7430,6.7430,6.7430,6.7430,6.7430,6.7430,6.7430,6.7430,6.7430,6.7430,6.7430,6.7430,6.7430,6.7430,6.7430,6.7430,6.7430,6.7430,6.7430,6.7430,6.7430,6.7430,6.7430,6.7430,6.7430,6.7430,6.7430,6.7430,6.1167,6.1000,6.0912,6.0835,6.0755,6.0679,6.0602,6.0523,6.0447,6.0371,6.0293,6.0217,6.0142,6.0064,5.9989,5.9961,5.9944,5.9927,5.9910,5.9893,5.9876,5.9859,5.9844,5.9827,5.9812,5.9797,5.9780,5.9765,5.9748,5.9733,5.9716,5.9701,5.9684,5.9670,5.9653,5.9638,5.9621,5.9604,5.9608,5.9631,5.9655,5.9676,5.9699,5.9723,5.9744,5.9767,5.9791,5.9812,5.9835,5.9859,5.9880,5.9904,5.9927,5.9949,5.9972,5.9996,6.0017,6.0041,6.0064,6.0088,6.0112,6.0138,6.0215,6.0302,6.0395,6.0486,6.0580,6.0672,6.0764,6.0859,6.0952,6.1047,6.1138,6.1229,6.1321,6.1413,6.1507,6.1602,6.1700,6.1797,6.1893,6.1991,6.2090,6.2188,6.2295,6.2420,6.2545,6.2671,6.2798,6.2925,6.3050,6.3188,6.3328,6.3469,6.3611,6.3754,6.3916,6.4102,6.4281,6.4463,6.4642,6.4824,6.5000,6.5189,6.5379,6.5571,6.5769,6.5970,6.7430,6.7430,6.7430,6.7430,6.7430,6.7430,6.7430,6.7430,6.7430,6.7430,6.7430,6.7430,6.7430,6.7430,6.7430,6.7430,6.7430,6.7430,6.7430,6.7430,6.7430,6.7430,6.7430,6.7430,6.7430,6.7430,6.7430,6.7430,6.7430,6.7430,6.7430,6.7430,6.7430,6.7430,6.7430,6.7430,6.7430,6.7430,6.7430,6.7430,6.7430,6.7430,6.7430,6.7430,6.7430,6.7430,6.7430,6.7430,6.7430,6.7430,6.7430,6.7430,6.7430,6.7430,6.7430,6.7430,6.7430,6.7430,6.7430,6.7430,6.7430,6.7430,6.7430,6.7430,6.7430,6.7430,6.7430,6.7430,6.7430,6.7430,6.7430,6.7430,6.7430,6.7430,6.7430,6.7430,6.7430,6.7430,6.7430,6.7430,6.7430,6.7430,6.7430,6.7430,6.7430,6.7430,6.7430,6.7430,6.7430,6.7430,6.7430,6.7430,6.7430,6.7430,6.7430,6.7430,6.7430,6.7430,6.7430,6.7430,6.7430,6.7430,6.7430,6.7430,6.7430,6.7430,6.7430,6.7430,6.7430,6.7430,6.7430,6.7430,6.7430,6.7430,6.7430,6.7430,6.7430,6.7430,6.7430,6.7430,6.7430,6.7430,6.7430,6.7430,6.7430,6.7430,6.7430,6.7430,6.7430,6.7430,6.7430,6.7430,6.7430,6.7430,6.7430,6.7430,6.7430,6.7430,6.7430,6.7430,6.7430,6.7430,6.7430,6.7430,6.7430,6.7430,6.7430,6.7430,6.7430,6.7430,6.7430,6.7430,6.7430,6.7430,6.7430,6.7430,6.7430,6.7430,6.7430,6.7430,6.7430,6.7430,6.7430,6.7430,6.7430,6.7430,6.7430,6.7430,6.7430,6.7430,6.7430,6.7430,6.7430,6.7430,6.7430,6.7430,6.7430,6.7430,6.7430,6.7430,6.7430,6.7430,6.7430,6.7430,6.7430,6.7430,6.7430,6.7430,6.7430,6.7430,6.7430,6.7430,6.7430,6.7430,6.7430,6.7430,6.7430,6.7430,6.7430,6.7430,6.7430,6.7430,6.7430,6.7430,6.7430,6.7430,6.7430,6.7430,6.7430,6.7430,6.7430,6.7430,6.7430,6.7430,6.7430,6.7430,6.7430,6.7430,6.7430,6.7430,6.7430,6.7430,6.7430,6.7430,6.7430,6.7430,6.7430,6.7430,6.7430,6.7430,6.7430,6.7430,6.7430,6.7430,6.7430,6.7430,6.7430,6.7430,6.7430,6.7430,6.7430,6.7430,6.7430,6.7430,6.7430,6.7430,6.7430,6.7430,6.7430,6.7430,6.7430,6.7430,6.7430,6.7430,6.7430,6.7430,6.7430,6.7430,6.7430,6.7430,6.7430,6.7430,6.7430,6.7430,6.7430,6.7430,6.7430,6.7430,6.7430,6.7430,6.7430,6.7430,6.7430,6.7430,6.7430,6.7430,6.7430,6.7430,6.7430,6.7430,6.7430,6.7430,6.7430,6.7430,6.7430,6.7430,6.7430,6.7430,6.7430,6.7430,6.7430,6.7430,6.7430,6.7430,6.7430,6.7430,6.7430,6.7430,6.7430,6.7430,6.7430,6.7430,6.7430,6.7430,6.7430,6.7430,6.7430,6.7430,6.7430,6.7430,6.7430,6.7430,6.7430,6.7430,6.7430,6.7430,6.7430,6.7430,6.7430,6.7430,6.7430,6.7430,6.7430,6.7430,6.7430,6.7430,6.7430,6.7430,6.7430,6.7430,6.7430,6.7430,6.7430,6.7430,6.7430,6.7430,6.7430,6.7430,6.7430,6.7430,6.7430,6.7430,6.7430,6.7430,6.7430,6.7430,6.7430,6.7430,6.7430,6.7430,6.7430,6.7430,6.7430,6.7430,6.7430,6.7430,6.7430,6.7430,6.7430,6.7430,6.7430,6.7430,6.7430,6.7430,6.7430,6.7430,6.7430,6.7430,6.7430,6.7430,6.7430,6.7430,6.7430,6.7430,6.7430,6.7430,6.7430,6.7430,6.7430,6.7430,6.7430,6.7430,6.7430,6.7430,6.7430,6.7430,6.7430,6.7430,6.7430,6.7430,6.7430,6.7430,6.7430,6.7430,6.7430,6.7430,6.7430,6.7430,6.7430,6.7430,6.7430,6.7430,6.7430,6.7430,6.7430,6.7430,6.7430,6.7430,6.7430,6.7430,6.7430,6.7430,6.7430,6.7430,6.7430,6.7430,6.7430,6.7430,6.7430,6.7430,6.7430,6.7430,6.7430,6.7430,6.7430,6.7430,6.7430,6.7430,6.7430,6.7430,6.7430,6.7430,6.7430,6.7430,6.7430,6.7430,6.7430,6.7430,6.7430,6.7430,6.7430,6.7430,6.7430,6.7430,6.7430,6.7430,6.7430,6.7430,6.7430,6.7430,6.7430,6.7430,6.7430,6.7430,6.7430,6.7430,6.7430,6.7430,6.7430,6.7430,6.7430,6.7430,6.7430
6.7384,6.7384,6.7384,6.7384,6.7384,6.7384,6.7384,6.7384,6.7384,6.7384,6.7384,6.7384,6.7384,6.7384,6.7384,6.7384,6.7384,6.7384,6.7384,6.7384,6.7384,6.7384,6.7384,6.7384,6.7384,6.7384,6.7384,6.7384,6.7384,6.7384,6.7384,6.7384,6.7384,6.7384,6.7384,6.7384,6.7384,6.7384,6.7384,6.7384,6.7384,6.7384,6.7384,6.7384,6.7384,6.7384,6.7384,6.7384,6.7384,6.7384,6.7384,6.7384,6.7384,6.7384,6.7384,6.7384,6.7384,6.7384,6.7384,6.7384,6.7384,6.7384,6.7384,6.7384,6.7384,6.7384,6.7384,6.7384,6.7384,6.7384,6.7384,6.7384,6.7384,6.7384,6.7384,6.7384,6.7384,6.7384,6.7384,6.7384,6.7384,6.7384,6.7384,6.7384,6.7384,6.7384,6.7384,6.7384,6.7384,6.7384,6.7384,6.7384,6.7384,6.7384,6.7384,6.7384,6.7384,6.7384,6.7384,6.7384,6.7384,6.7384,6.7384,6.7384,6.7384,6.7384,6.7384,6.7384,6.7384,6.7384,6.7384,6.7384,6.7384,6.7384,6.7384,6.7384,6.7384,6.7384,6.7384,6.7384,6.7384,6.7384,6.7384,6.7384,6.7384,6.7384,6.7384,6.7384,6.7384,6.7384,6.7384,6.7384,6.7384,6.7384,6.7384,6.7384,6.7384,6.7384,6.7384,6.7384,6.7384,6.7384,6.7384,6.7384,6.7384,6.7384,6.7384,6.7384,6.7384,6.7384,6.7384,6.7384,6.7384,6.7384,6.7384,6.7384,6.7384,6.7384,6.7384,6.7384,6.7384,6.7384,6.7384,6.7384,6.7384,6.7384,6.7384,6.7384,6.7384,6.7384,6.7384,6.7384,6.7384,6.7384,6.7384,6.7384,6.7384,6.7384,6.7384,6.7384,6.7384,6.7384,6.7384,6.7384,6.7384,6.7384,6.7384,6.7384,6.7384,6.7384,6.7384,6.7384,6.7384,6.7384,6.7384,6.7384,6.7384,6.7384,6.7384,6.7384,6.7384,6.7384,6.7384,6.7384,6.7384,6.7384,6.7384,6.7384,6.7384,6.7384,6.7384,6.7384,6.7384,6.7384,6.7384,6.7384,6.7384,6.7384,6.7384,6.7384,6.7384,6.7384,6.7384,6.7384,6.7384,6.7384,6.7384,6.7384,6.7384,6.7384,6.7384,6.7384,6.7384,6.7384,6.7384,6.7384,6.7384,6.7384,6.7384,6.7384,6.7384,6.7384,6.7384,6.7384,6.7384,6.7384,6.7384,6.7384,6.7384,6.7384,6.7384,6.7384,6.7384,6.7384,6.7384,6.7384,6.7384,6.7384,6.7384,6.7384,6.7384,6.7384,6.7384,6.7384,6.7384,6.7384,6.7384,6.7384,6.7384,6.7384,6.7384,6.7384,6.7384,6.7384,6.7384,6.7384,6.7384,6.7384,6.7384,6.7384,6.7384,6.7384,6.7384,6.7384,6.7384,6.7384,6.7384,6.7384,6.7384,6.7384,6.7384,6.7384,6.7384,6.7384,6.7384,6.7384,6.7384,6.7384,6.7384,6.7384,6.7384,6.7384,6.7384,6.7384,6.7384,6.7384,6.7384,6.7384,6.7384,6.7384,6.7384,6.7384,6.7384,6.7384,6.7384,6.7384,6.7384,6.7384,6.7384,6.7384,6.7384,6.7384,6.7384,6.7384,6.7384,6.7384,6.7384,6.7384,6.7384,6.7384,6.7384,6.7384,6.7384,6.7384,6.7384,6.7384,6.7384,6.7384,6.7384,6.7384,6.7384,6.7384,6.7384,6.7384,6.7384,6.7384,6.7384,6.7384,6.7384,6.7384,6.7384,6.7384,6.7384,6.7384,6.7384,6.7384,6.7384,6.7384,6.7384,6.7384,6.7384,6.7384,6.7384,6.7384,6.7384,6.7384,6.7384,6.7384,6.7384,6.7384,6.7384,6.7384,6.7384,6.7384,6.7384,6.7384,6.7384,6.7384,6.7384,6.7384,6.7384,6.7384,6.7384,6.7384,6.7384,6.7384,6.7384,6.7384,6.7384,6.7384,6.1187,6.1020,6.0883,6.0806,6.0729,6.0650,6.0574,6.0497,6.0419,6.0343,6.0265,6.0189,6.0114,6.0039,6.0002,5.9987,5.9968,5.9951,5.9934,5.9917,5.9899,5.9882,5.9867,5.9850,5.9835,5.9820,5.9803,5.9789,5.9772,5.9757,5.9740,5.9725,5.9708,5.9693,5.9676,5.9659,5.9644,5.9644,5.9667,5.9689,5.9712,5.9735,5.9757,5.9780,5.9803,5.9825,5.9848,5.9872,5.9895,5.9917,5.9940,5.9964,5.9985,6.0009,6.0034,6.0056,6.0077,6.0101,6.0122,6.0146,6.0170,6.0254,6.0347,6.0438,6.0532,6.0624,6.0718,6.0810,6.0905,6.0998,6.1094,6.1183,6.1274,6.1366,6.1458,6.1555,6.1654,6.1747,6.1845,6.1943,6.2039,6.2138,6.2239,6.2362,6.2485,6.2610,6.2737,6.2861,6.2989,6.3121,6.3261,6.3402,6.3546,6.3688,6.3829,6.4004,6.4192,6.4379,6.4553,6.4724,6.4907,6.5096,6.5288,6.5479,6.5666,6.5859,6.7384,6.7384,6.7384,6.7384,6.7384,6.7384,6.7384,6.7384,6.7384,6.7384,6.7384,6.7384,6.7384,6.7384,6.7384,6.7384,6.7384,6.7384,6.7384,6.7384,6.7384,6.7384,6.7384,6.7384,6.7384,6.7384,6.7384,6.7384,6.7384,6.7384,6.7384,6.7384,6.7384,6.7384,6.7384,6.7384,6.7384,6.7384,6.7384,6.7384,6.7384,6.7384,6.7384,6.7384,6.7384,6.7384,6.7384,6.7384,6.7384,6.7384,6.7384,6.7384,6.7384,6.7384,6.7384,6.7384,6.7384,6.7384,6.7384,6.7384,6.7384,6.7384,6.7384,6.7384,6.7384,6.7384,6.7384,6.7384,6.7384,6.7384,6.7384,6.7384,6.7384,6.7384,6.7384,6.7384,6.7384,6.7384,6.7384,6.7384,6.7384,6.7384,6.7384,6.7384,6.7384,6.7384,6.7384,6.7384,6.7384,6.7384,6.7384,6.7384,6.7384,6.7384,6.7384,6.7384,6.7384,6.7384,6.7384,6.7384,6.7384,6.7384,6.7384,6.7384,6.7384,6.7384,6.7384,6.7384,6.7384,6.7384,6.7384,6.7384,6.7384,6.7384,6.7384,6.7384,6.7384,6.7384,6.7384,6.7384,6.7384,6.7384,6.7384,6.7384,6.7384,6.7384,6.7384,6.7384,6.7384,6.7384,6.7384,6.7384,6.7384,6.7384,6.7384,6.7384,6.7384,6.7384,6.7384,6.7384,6.7384,6.7384,6.7384,6.7384,6.7384,6.7384,6.7384,6.7384,6.7384,6.7384,6.7384,6.7384,6.7384,6.7384,6.7384,6.7384,6.7384,6.7384,6.7384,6.7384,6.7384,6.7384,6.7384,6.7384,6.7384,6.7384,6.7384,6.7384,6.7384,6.7384,6.7384,6.7384,6.7384,6.7384,6.7384,6.7384,6.7384,6.7384,6.7384,6.7384,6.7384,6.7384,6.7384,6.7384,6.7384,6.7384,6.7384,6.7384,6.7384,6.7384,6.7384,6.7384,6.7384,6.7384,6.7384,6.7384,6.7384,6.7384,6.7384,6.7384,6.7384,6.7384,6.7384,6.7384,6.7384,6.7384,6.7384,6.7384,6.7384,6.7384,6.7384,6.7384,6.7384,6.7384,6.7384,6.7384,6.7384,6.7384,6.7384,6.7384,6.7384,6.7384,6.7384,6.7384,6.7384,6.7384,6.7384,6.7384,6.7384,6.7384,6.7384,6.7384,6.7384,6.7384,6.7384,6.7384,6.7384,6.7384,6.7384,6.7384,6.7384,6.7384,6.7384,6.7384,6.7384,6.7384,6.7384,6.7384,6.7384,6.7384,6.7384,6.7384,6.7384,6.7384,6.7384,6.7384,6.7384,6.7384,6.7384,6.7384,6.7384,6.7384,6.7384,6.7384,6.7384,6.7384,6.7384,6.7384,6.7384,6.7384,6.7384,6.7384,6.7384,6.7384,6.7384,6.7384,6.7384,6.7384,6.7384,6.7384,6.7384,6.7384,6.7384,6.7384,6.7384,6.7384,6.7384,6.7384,6.7384,6.7384,6.7384,6.7384,6.7384,6.7384,6.7384,6.7384,6.7384,6.7384,6.7384,6.7384,6.7384,6.7384,6.7384,6.7384,6.7384,6.7384,6.7384,6.7384,6.7384,6.7384,6.7384,6.7384,6.7384,6.7384,6.7384,6.7384,6.7384,6.7384,6.7384,6.7384,6.7384,6.7384,6.7384,6.7384,6.7384,6.7384,6.7384,6.7384,6.7384,6.7384,6.7384,6.7384,6.7384,6.7384,6.7384,6.7384,6.7384,6.7384,6.7384,6.7384,6.7384,6.7384,6.7384,6.7384,6.7384,6.7384,6.7384,6.7384,6.7384,6.7384,6.7384,6.7384,6.7384,6.7384,6.7384,6.7384,6.7384,6.7384,6.7384,6.7384,6.7384,6.7384,6.7384,6.7384,6.7384,6.7384,6.7384,6.7384,6.7384,6.7384,6.7384,6.7384,6.7384,6.7384,6.7384,6.7384,6.7384,6.7384,6.7384,6.7384,6.7384,6.7384,6.7384,6.7384,6.7384,6.7384,6.7384,6.7384,6.7384,6.7384,6.7384,6.7384,6.7384,6.7384,6.7384,6.7384,6.7384,6.7384,6.7384,6.7384,6.7384,6.7384,6.7384,6.7384,6.7384,6.7384,6.7384,6.7384,6.7384,6.7384,6.7384,6.7384,6.7384,6.7384,6.7384,6.7384,6.7384,6.7384,6.7384,6.7384,6.7384,6.7384,6.7384,6.7384,6.7384,6.7384,6.7384,6.7384,6.7384,6.7384,6.7384,6.7384,6.7384,6.7384,6.7384,6.7384,6.7384,6.7384,6.7384,6.7384,6.7384,6.7384,6.7384,6.7384,6.7384,6.7384,6.7384,6.7384,6.7384,6.7384,6.7384,6.7384,6.7384,6.7384,6.7384,6.7384,6.7384,6.7384,6.7384,6.7384,6.7384,6.7384,6.7384,6.7384
6.7335,6.7335,6.7335,6.7335,6.7335,6.7335,6.7335,6.7335,6.7335,6.7335,6.7335,6.7335,6.7335,6.7335,6.7335,6.7335,6.7335,6.7335,6.7335,6.7335,6.7335,6.7335,6.7335,6.7335,6.7335,6.7335,6.7335,6.7335,6.7335,6.7335,6.7335,6.7335,6.7335,6.7335,6.7335,6.7335,6.7335,6.7335,6.7335,6.7335,6.7335,6.7335,6.7335,6.7335,6.7335,6.7335,6.7335,6.7335,6.7335,6.7335,6.7335,6.7335,6.7335,6.7335,6.7335,6.7335,6.7335,6.7335,6.7335,6.7335,6.7335,6.7335,6.7335,6.7335,6.7335,6.7335,6.7335,6.7335,6.7335,6.7335,6.7335,6.7335,6.7335,6.7335,6.7335,6.7335,6.7335,6.7335,6.7335,6.7335,6.7335,6.7335,6.7335,6.7335,6.7335,6.7335,6.7335,6.7335,6.7335,6.7335,6.7335,6.7335,6.7335,6.7335,6.7335,6.7335,6.7335,6.7335,6.7335,6.7335,6.7335,6.7335,6.7335,6.7335,6.7335,6.7335,6.7335,6.7335,6.7335,6.7335,6.7335,6.7335,6.7335,6.7335,6.7335,6.7335,6.7335,6.7335,6.7335,6.7335,6.7335,6.7335,6.7335,6.7335,6.7335,6.7335,6.7335,6.7335,6.7335,6.7335,6.7335,6.7335,6.7335,6.7335,6.7335,6.7335,6.7335,6.7335,6.7335,6.7335,6.7335,6.7335,6.7335,6.7335,6.7335,6.7335,6.7335,6.7335,6.7335,6.7335,6.7335,6.7335,6.7335,6.7335,6.7335,6.7335,6.7335,6.7335,6.7335,6.7335,6.7335,6.7335,6.7335,6.7335,6.7335,6.7335,6.7335,6.7335,6.7335,6.7335,6.7335,6.7335,6.7335,6.7335,6.7335,6.7335,6.7335,6.7335,6.7335,6.7335,6.7335,6.7335,6.7335,6.7335,6.7335,6.7335,6.7335,6.7335,6.7335,6.7335,6.7335,6.7335,6.7335,6.7335,6.7335,6.7335,6.7335,6.7335,6.7335,6.7335,6.7335,6.7335,6.7335,6.7335,6.7335,6.7335,6.7335,6.7335,6.7335,6.7335,6.7335,6.7335,6.7335,6.7335,6.7335,6.7335,6.7335,6.7335,6.7335,6.7335,6.7335,6.7335,6.7335,6.7335,6.7335,6.7335,6.7335,6.7335,6.7335,6.7335,6.7335,6.7335,6.7335,6.7335,6.7335,6.7335,6.7335,6.7335,6.7335,6.7335,6.7335,6.7335,6.7335,6.7335,6.7335,6.7335,6.7335,6.7335,6.7335,6.7335,6.7335,6.7335,6.7335,6.7335,6.7335,6.7335,6.7335,6.7335,6.7335,6.7335,6.7335,6.7335,6.7335,6.7335,6.7335,6.7335,6.7335,6.7335,6.7335,6.7335,6.7335,6.7335,6.7335,6.7335,6.7335,6.7335,6.7335,6.7335,6.7335,6.7335,6.7335,6.7335,6.7335,6.7335,6.7335,6.7335,6.7335,6.7335,6.7335,6.7335,6.7335,6.7335,6.7335,6.7335,6.7335,6.7335,6.7335,6.7335,6.7335,6.7335,6.7335,6.7335,6.7335,6.7335,6.7335,6.7335,6.7335,6.7335,6.7335,6.7335,6.7335,6.7335,6.7335,6.7335,6.7335,6.7335,6.7335,6.7335,6.7335,6.7335,6.7335,6.7335,6.7335,6.7335,6.7335,6.7335,6.7335,6.7335,6.7335,6.7335,6.7335,6.7335,6.7335,6.7335,6.7335,6.7335,6.7335,6.7335,6.7335,6.7335,6.7335,6.7335,6.7335,6.7335,6.7335,6.7335,6.7335,6.7335,6.7335,6.7335,6.7335,6.7335,6.7335,6.7335,6.7335,6.7335,6.7335,6.7335,6.7335,6.7335,6.7335,6.7335,6.7335,6.7335,6.7335,6.7335,6.7335,6.7335,6.7335,6.7335,6.7335,6.7335,6.7335,6.7335,6.7335,6.7335,6.7335,6.7335,6.7335,6.7335,6.7335,6.7335,6.7335,6.7335,6.7335,6.7335,6.7335,6.7335,6.7335,6.7335,6.1377,6.1207,6.1040,6.0879,6.0777,6.0700,6.0622,6.0545,6.0469,6.0391,6.0315,6.0239,6.0161,6.0086,6.0043,6.0030,6.0013,5.9994,5.9976,5.9959,5.9942,5.9925,5.9908,5.9891,5.9876,5.9859,5.9844,5.9827,5.9812,5.9795,5.9780,5.9763,5.9748,5.9731,5.9716,5.9699,5.9682,5.9680,5.9704,5.9725,5.9748,5.9772,5.9793,5.9816,5.9840,5.9861,5.9884,5.9908,5.9929,5.9953,5.9976,6.0000,6.0021,6.0047,6.0069,6.0090,6.0114,6.0138,6.0159,6.0189,6.0226,6.0299,6.0391,6.0484,6.0576,6.0670,6.0762,6.0857,6.0949,6.1045,6.1138,6.1227,6.1319,6.1411,6.1505,6.1602,6.1700,6.1797,6.1893,6.1991,6.2090,6.2191,6.2304,6.2429,6.2554,6.2678,6.2805,6.2930,6.3057,6.3197,6.3338,6.3479,6.3621,6.3761,6.3914,6.4102,6.4281,6.4463,6.4635,6.4814,6.4995,6.5184,6.5374,6.5568,6.5766,6.7335,6.7335,6.7335,6.7335,6.7335,6.7335,6.7335,6.7335,6.7335,6.7335,6.7335,6.7335,6.7335,6.7335,6.7335,6.7335,6.7335,6.7335,6.7335,6.7335,6.7335,6.7335,6.7335,6.7335,6.7335,6.7335,6.7335,6.7335,6.7335,6.7335,6.7335,6.7335,6.7335,6.7335,6.7335,6.7335,6.7335,6.7335,6.7335,6.7335,6.7335,6.7335,6.7335,6.7335,6.7335,6.7335,6.7335,6.7335,6.7335,6.7335,6.7335,6.7335,6.7335,6.7335,6.7335,6.7335,6.7335,6.7335,6.7335,6.7335,6.7335,6.7335,6.7335,6.7335,6.7335,6.7335,6.7335,6.7335,6.7335,6.7335,6.7335,6.7335,6.7335,6.7335,6.7335,6.7335,6.7335,6.7335,6.7335,6.7335,6.7335,6.7335,6.7335,6.7335,6.7335,6.7335,6.7335,6.7335,6.7335,6.7335,6.7335,6.7335,6.7335,6.7335,6.7335,6.7335,6.7335,6.7335,6.7335,6.7335,6.7335,6.7335,6.7335,6.7335,6.7335,6.7335,6.7335,6.7335,6.7335,6.7335,6.7335,6.7335,6.7335,6.7335,6.7335,6.7335,6.7335,6.7335,6.7335,6.7335,6.7335,6.7335,6.7335,6.7335,6.7335,6.7335,6.7335,6.7335,6.7335,6.7335,6.7335,6.7335,6.7335,6.7335,6.7335,6.7335,6.7335,6.7335,6.7335,6.7335,6.7335,6.7335,6.7335,6.7335,6.7335,6.7335,6.7335,6.7335,6.7335,6.7335,6.7335,6.7335,6.7335,6.7335,6.7335,6.7335,6.7335,6.7335,6.7335,6.7335,6.7335,6.7335,6.7335,6.7335,6.7335,6.7335,6.7335,6.7335,6.7335,6.7335,6.7335,6.7335,6.7335,6.7335,6.7335,6.7335,6.7335,6.7335,6.7335,6.7335,6.7335,6.7335,6.7335,6.7335,6.7335,6.7335,6.7335,6.7335,6.7335,6.7335,6.7335,6.7335,6.7335,6.7335,6.7335,6.7335,6.7335,6.7335,6.7335,6.7335,6.7335,6.7335,6.7335,6.7335,6.7335,6.7335,6.7335,6.7335,6.7335,6.7335,6.7335,6.7335,6.7335,6.7335,6.7335,6.7335,6.7335,6.7335,6.7335,6.7335,6.7335,6.7335,6.7335,6.7335,6.7335,6.7335,6.7335,6.7335,6.7335,6.7335,6.7335,6.7335,6.7335,6.7335,6.7335,6.7335,6.7335,6.7335,6.7335,6.7335,6.7335,6.7335,6.7335,6.7335,6.7335,6.7335,6.7335,6.7335,6.7335,6.7335,6.7335,6.7335,6.7335,6.7335,6.7335,6.7335,6.7335,6.7335,6.7335,6.7335,6.7335,6.7335,6.7335,6.7335,6.7335,6.7335,6.7335,6.7335,6.7335,6.7335,6.7335,6.7335,6.7335,6.7335,6.7335,6.7335,6.7335,6.7335,6.7335,6.7335,6.7335,6.7335,6.7335,6.7335,6.7335,6.7335,6.7335,6.7335,6.7335,6.7335,6.7335,6.7335,6.7335,6.7335,6.7335,6.7335,6.7335,6.7335,6.7335,6.7335,6.7335,6.7335,6.7335,6.7335,6.7335,6.7335,6.7335,6.7335,6.7335,6.7335,6.7335,6.7335,6.7335,6.7335,6.7335,6.7335,6.7335,6.7335,6.7335,6.7335,6.7335,6.7335,6.7335,6.7335,6.7335,6.7335,6.7335,6.7335,6.7335,6.7335,6.7335,6.7335,6.7335,6.7335,6.7335,6.7335,6.7335,6.7335,6.7335,6.7335,6.7335,6.7335,6.7335,6.7335,6.7335,6.7335,6.7335,6.7335,6.7335,6.7335,6.7335,6.7335,6.7335,6.7335,6.7335,6.7335,6.7335,6.7335,6.7335,6.7335,6.7335,6.7335,6.7335,6.7335,6.7335,6.7335,6.7335,6.7335,6.7335,6.7335,6.7335,6.7335,6.7335,6.7335,6.7335,6.7335,6.7335,6.7335,6.7335,6.7335,6.7335,6.7335,6.7335,6.7335,6.7335,6.7335,6.7335,6.7335,6.7335,6.7335,6.7335,6.7335,6.7335,6.7335,6.7335,6.7335,6.7335,6.7335,6.7335,6.7335,6.7335,6.7335,6.7335,6.7335,6.7335,6.7335,6.7335,6.7335,6.7335,6.7335,6.7335,6.7335,6.7335,6.7335,6.7335,6.7335,6.7335,6.7335,6.7335,6.7335,6.7335,6.7335,6.7335,6.7335,6.7335,6.7335,6.7335,6.7335,6.7335,6.7335,6.7335,6.7335,6.7335,6.7335,6.7335,6.7335,6.7335,6.7335,6.7335,6.7335,6.7335,6.7335,6.7335,6.7335,6.7335,6.7335,6.7335,6.7335,6.7335,6.7335,6.7335,6.7335,6.7335,6.7335,6.7335,6.7335,6.7335,6.7335,6.7335,6.7335,6.7335,6.7335,6.7335,6.7335,6.7335
6.7284,6.7284,6.7284,6.7284,6.7284,6.7284,6.7284,6.7284,6.7284,6.7284,6.7284,6.7284,6.7284,6.7284,6.7284,6.7284,6.7284,6.7284,6.7284,6.7284,6.7284,6.7284,6.7284,6.7284,6.7284,6.7284,6.7284,6.7284,6.7284,6.7284,6.7284,6.7284,6.7284,6.7284,6.7284,6.7284,6.7284,6.7284,6.7284,6.7284,6.7284,6.7284,6.7284,6.7284,6.7284,6.7284,6.7284,6.7284,6.7284,6.7284,6.7284,6.7284,6.7284,6.7284,6.7284,6.7284,6.7284,6.7284,6.7284,6.7284,6.7284,6.7284,6.7284,6.7284,6.7284,6.7284,6.7284,6.7284,6.7284,6.7284,6.7284,6.7284,6.7284,6.7284,6.7284,6.7284,6.7284,6.7284,6.7284,6.7284,6.7284,6.7284,6.7284,6.7284,6.7284,6.7284,6.7284,6.7284,6.7284,6.7284,6.7284,6.7284,6.7284,6.7284,6.7284,6.7284,6.7284,6.7284,6.7284,6.7284,6.7284,6.7284,6.7284,6.7284,6.7284,6.7284,6.7284,6.7284,6.7284,6.7284,6.7284,6.7284,6.7284,6.7284,6.7284,6.7284,6.7284,6.7284,6.7284,6.7284,6.7284,6.7284,6.7284,6.7284,6.7284,6.7284,6.7284,6.7284,6.7284,6.7284,6.7284,6.7284,6.7284,6.7284,6.7284,6.7284,6.7284,6.7284,6.7284,6.7284,6.7284,6.7284,6.7284,6.7284,6.7284,6.7284,6.7284,6.7284,6.7284,6.7284,6.7284,6.7284,6.7284,6.7284,6.7284,6.7284,6.7284,6.7284,6.7284,6.7284,6.7284,6.7284,6.7284,6.7284,6.7284,6.7284,6.7284,6.7284,6.7284,6.7284,6.7284,6.7284,6.7284,6.7284,6.7284,6.7284,6.7284,6.7284,6.7284,6.7284,6.7284,6.7284,6.7284,6.7284,6.7284,6.7284,6.7284,6.7284,6.7284,6.7284,6.7284,6.7284,6.7284,6.7284,6.7284,6.7284,6.7284,6.7284,6.7284,6.7284,6.7284,6.7284,6.7284,6.7284,6.7284,6.7284,6.7284,6.7284,6.7284,6.7284,6.7284,6.7284,6.7284,6.7284,6.7284,6.7284,6.7284,6.7284,6.7284,6.7284,6.7284,6.7284,6.7284,6.7284,6.7284,6.7284,6.7284,6.7284,6.7284,6.7284,6.7284,6.7284,6.7284,6.7284,6.7284,6.7284,6.7284,6.7284,6.7284,6.7284,6.7284,6.7284,6.7284,6.7284,6.7284,6.7284,6.7284,6.7284,6.7284,6.7284,6.7284,6.7284,6.7284,6.7284,6.7284,6.7284,6.7284,6.7284,6.7284,6.7284,6.7284,6.7284,6.7284,6.7284,6.7284,6.7284,6.7284,6.7284,6.7284,6.7284,6.7284,6.7284,6.7284,6.7284,6.7284,6.7284,6.7284,6.7284,6.7284,6.7284,6.7284,6.7284,6.7284,6.7284,6.7284,6.7284,6.7284,6.7284,6.7284,6.7284,6.7284,6.7284,6.7284,6.7284,6.7284,6.7284,6.7284,6.7284,6.7284,6.7284,6.7284,6.7284,6.7284,6.7284,6.7284,6.7284,6.7284,6.7284,6.7284,6.7284,6.7284,6.7284,6.7284,6.7284,6.7284,6.7284,6.7284,6.7284,6.7284,6.7284,6.7284,6.7284,6.7284,6.7284,6.7284,6.7284,6.7284,6.7284,6.7284,6.7284,6.7284,6.7284,6.7284,6.7284,6.7284,6.7284,6.7284,6.7284,6.7284,6.7284,6.7284,6.7284,6.7284,6.7284,6.7284,6.7284,6.7284,6.7284,6.7284,6.7284,6.7284,6.7284,6.7284,6.7284,6.7284,6.7284,6.7284,6.7284,6.7284,6.7284,6.7284,6.7284,6.7284,6.7284,6.7284,6.7284,6.7284,6.7284,6.7284,6.7284,6.7284,6.7284,6.7284,6.7284,6.7284,6.7284,6.7284,6.7284,6.7284,6.7284,6.7284,6.7284,6.7284,6.7284,6.7284,6.7284,6.7284,6.7284,6.7284,6.7284,6.7284,6.1397,6.1227,6.1060,6.0899,6.0749,6.0672,6.0595,6.0517,6.0441,6.0364,6.0286,6.0211,6.0135,6.0086,6.0071,6.0052,6.0036,6.0017,6.0002,5.9983,5.9966,5.9949,5.9931,5.9914,5.9899,5.9882,5.9867,5.9850,5.9835,5.9818,5.9803,5.9786,5.9772,5.9755,5.9740,5.9723,5.9716,5.9740,5.9761,5.9784,5.9808,5.9829,5.9852,5.9876,5.9897,5.9921,5.9944,5.9966,5.9991,6.0013,6.0039,6.0058,6.0082,6.0105,6.0127,6.0153,6.0187,6.0224,6.0261,6.0297,6.0343,6.0436,6.0528,6.0622,6.0714,6.0808,6.0901,6.0996,6.1089,6.1183,6.1274,6.1364,6.1458,6.1555,6.1650,6.1747,6.1845,6.1943,6.2039,6.2140,6.2244,6.2371,6.2496,6.2622,6.2746,6.2873,6.2998,6.3131,6.3273,6.3414,6.3556,6.3696,6.3836,6.4006,6.4192,6.4370,6.4550,6.4722,6.4902,6.5093,6.5278,6.5474,6.5661,6.7284,6.7284,6.7284,6.7284,6.7284,6.7284,6.7284,6.7284,6.7284,6.7284,6.7284,6.7284,6.7284,6.7284,6.7284,6.7284,6.7284,6.7284,6.7284,6.7284,6.7284,6.7284,6.7284,6.7284,6.7284,6.7284,6.7284,6.7284,6.7284,6.7284,6.7284,6.7284,6.7284,6.7284,6.7284,6.7284,6.7284,6.7284,6.7284,6.7284,6.7284,6.7284,6.7284,6.7284,6.7284,6.7284,6.7284,6.7284,6.7284,6.7284,6.7284,6.7284,6.7284,6.7284,6.7284,6.7284,6.7284,6.7284,6.7284,6.7284,6.7284,6.7284,6.7284,6.7284,6.7284,6.7284,6.7284,6.7284,6.7284,6.7284,6.7284,6.7284,6.7284,6.7284,6.7284,6.7284,6.7284,6.7284,6.7284,6.7284,6.7284,6.7284,6.7284,6.7284,6.7284,6.7284,6.7284,6.7284,6.7284,6.7284,6.7284,6.7284,6.7284,6.7284,6.7284,6.7284,6.7284,6.7284,6.7284,6.7284,6.7284,6.7284,6.7284,6.7284,6.7284,6.7284,6.7284,6.7284,6.7284,6.7284,6.7284,6.7284,6.7284,6.7284,6.7284,6.7284,6.7284,6.7284,6.7284,6.7284,6.7284,6.7284,6.7284,6.7284,6.7284,6.7284,6.7284,6.7284,6.7284,6.7284,6.7284,6.7284,6.7284,6.7284,6.7284,6.7284,6.7284,6.7284,6.7284,6.7284,6.7284,6.7284,6.7284,6.7284,6.7284,6.7284,6.7284,6.7284,6.7284,6.7284,6.7284,6.7284,6.7284,6.7284,6.7284,6.7284,6.7284,6.7284,6.7284,6.7284,6.7284,6.7284,6.7284,6.7284,6.7284,6.7284,6.7284,6.7284,6.7284,6.7284,6.7284,6.7284,6.7284,6.7284,6.7284,6.7284,6.7284,6.7284,6.7284,6.7284,6.7284,6.7284,6.7284,6.7284,6.7284,6.7284,6.7284,6.7284,6.7284,6.7284,6.7284,6.7284,6.7284,6.7284,6.7284,6.7284,6.7284,6.7284,6.7284,6.7284,6.7284,6.7284,6.7284,6.7284,6.7284,6.7284,6.7284,6.7284,6.7284,6.7284,6.7284,6.7284,6.7284,6.7284,6.7284,6.7284,6.7284,6.7284,6.7284,6.7284,6.7284,6.7284,6.7284,6.7284,6.7284,6.7284,6.7284,6.7284,6.7284,6.7284,6.7284,6.7284,6.7284,6.7284,6.7284,6.7284,6.7284,6.7284,6.7284,6.7284,6.7284,6.7284,6.7284,6.7284,6.7284,6.7284,6.7284,6.7284,6.7284,6.7284,6.7284,6.7284,6.7284,6.7284,6.7284,6.7284,6.7284,6.7284,6.7284,6.7284,6.7284,6.7284,6.7284,6.7284,6.7284,6.7284,6.7284,6.7284,6.7284,6.7284,6.7284,6.7284,6.7284,6.7284,6.7284,6.7284,6.7284,6.7284,6.7284,6.7284,6.7284,6.7284,6.7284,6.7284,6.7284,6.7284,6.7284,6.7284,6.7284,6.7284,6.7284,6.7284,6.7284,6.7284,6.7284,6.7284,6.7284,6.7284,6.7284,6.7284,6.7284,6.7284,6.7284,6.7284,6.7284,6.7278,6.7278,6.7278,6.7278,6.7278,6.7278,6.7278,6.7278,6.7278,6.7278,6.7278,6.7278,6.7278,6.7278,6.7278,6.7278,6.7278,6.7278,6.7278,6.7278,6.7278,6.7278,6.7278,6.7278,6.7278,6.7278,6.7278,6.7278,6.7278,6.7278,6.7278,6.7278,6.7278,6.7278,6.7278,6.7278,6.7278,6.7278,6.7278,6.7278,6.7278,6.7278,6.7278,6.7278,6.7278,6.7278,6.7278,6.7278,6.7278,6.7278,6.7278,6.7278,6.7278,6.7278,6.7278,6.7278,6.7278,6.7278,6.7278,6.7278,6.7278,6.7278,6.7278,6.7278,6.7278,6.7278,6.7278,6.7278,6.7278,6.7278,6.7278,6.7278,6.7278,6.7278,6.7278,6.7278,6.7278,6.7278,6.7278,6.7278,6.7278,6.7278,6.7278,6.7278,6.7278,6.7278,6.7278,6.7278,6.7278,6.7278,6.7278,6.7278,6.7278,6.7278,6.7278,6.7278,6.7278,6.7278,6.7278,6.7278,6.7278,6.7278,6.7278,6.7278,6.7278,6.7278,6.7278,6.7278,6.7278,6.7278,6.7278,6.7278,6.7278,6.7278,6.7278,6.7278,6.7278,6.7278,6.7278,6.7278,6.7278,6.7278,6.7278,6.7278,6.7278,6.7278,6.7278,6.7278,6.7278,6.7278,6.7278,6.7278,6.7278,6.7278,6.7278,6.7278,6.7278,6.7278,6.7278,6.7278,6.7278,6.7278,6.7278,6.7278,6.7278,6.7278,6.7278,6.7278,6.7278,6.7278,6.7278,6.7278,6.7278,6.7278,6.7278,6.7278,6.7278,6.7278,6.7278,6.7278,6.7278
6.7232,6.7232,6.7232,6.7232,6.7232,6.7232,6.7232,6.7232,6.7232,6.7232,6.7232,6.7232,6.7232,6.7232,6.7232,6.7232,6.7232,6.7232,6.7232,6.7232,6.7232,6.7232,6.7232,6.7232,6.7232,6.7232,6.7232,6.7232,6.7232,6.7232,6.7232,6.7232,6.7232,6.7232,6.7232,6.7232,6.7232,6.7232,6.7232,6.7232,6.7232,6.7232,6.7232,6.7232,6.7232,6.7232,6.7232,6.7232,6.7232,6.7232,6.7232,6.7232,6.7232,6.7232,6.7232,6.7232,6.7232,6.7232,6.7232,6.7232,6.7232,6.7232,6.7232,6.7232,6.7232,6.7232,6.7232,6.7232,6.7232,6.7232,6.7232,6.7232,6.7232,6.7232,6.7232,6.7232,6.7232,6.7232,6.7232,6.7232,6.7232,6.7232,6.7232,6.7232,6.7232,6.7232,6.7232,6.7232,6.7232,6.7232,6.7232,6.7232,6.7232,6.7232,6.7232,6.7232,6.7232,6.7232,6.7232,6.7232,6.7232,6.7232,6.7232,6.7232,6.7232,6.7232,6.7232,6.7232,6.7232,6.7232,6.7232,6.7232,6.7232,6.7232,6.7232,6.7232,6.7232,6.7232,6.7232,6.7232,6.7232,6.7232,6.7232,6.7232,6.7232,6.7232,6.7232,6.7232,6.7232,6.7232,6.7232,6.7232,6.7232,6.7232,6.7232,6.7232,6.7232,6.7232,6.7232,6.7232,6.7232,6.7232,6.7232,6.7232,6.7232,6.7232,6.7232,6.7232,6.7232,6.7232,6.7232,6.7232,6.7232,6.7232,6.7232,6.7232,6.7232,6.7232,6.7232,6.7232,6.7232,6.7232,6.7232,6.7232,6.7232,6.7232,6.7232,6.7232,6.7232,6.7232,6.7232,6.7232,6.7232,6.7232,6.7232,6.7232,6.7232,6.7232,6.7232,6.7232,6.7232,6.7232,6.7232,6.7232,6.7232,6.7232,6.7232,6.7232,6.7232,6.7232,6.7232,6.7232,6.7232,6.7232,6.7232,6.7232,6.7232,6.7232,6.7232,6.7232,6.7232,6.7232,6.7232,6.7232,6.7232,6.7232,6.7232,6.7232,6.7232,6.7232,6.7232,6.7232,6.7232,6.7232,6.7232,6.7232,6.7232,6.7232,6.7232,6.7232,6.7232,6.7232,6.7232,6.7232,6.7232,6.7232,6.7232,6.7232,6.7232,6.7232,6.7232,6.7232,6.7232,6.7232,6.7232,6.7232,6.7232,6.7232,6.7232,6.7232,6.7232,6.7232,6.7232,6.7232,6.7232,6.7232,6.7232,6.7232,6.7232,6.7232,6.7232,6.7232,6.7232,6.7232,6.7232,6.7232,6.7232,6.7232,6.7232,6.7232,6.7232,6.7232,6.7232,6.7232,6.7232,6.7232,6.7232,6.7232,6.7232,6.7232,6.7232,6.7232,6.7232,6.7232,6.7232,6.7232,6.7232,6.7232,6.7232,6.7232,6.7232,6.7232,6.7232,6.7232,6.7232,6.7232,6.7232,6.7232,6.7232,6.7232,6.7232,6.7232,6.7232,6.7232,6.7232,6.7232,6.7232,6.7232,6.7232,6.7232,6.7232,6.7232,6.7232,6.7232,6.7232,6.7232,6.7232,6.7232,6.7232,6.7232,6.7232,6.7232,6.7232,6.7232,6.7232,6.7232,6.7232,6.7232,6.7232,6.7232,6.7232,6.7232,6.7232,6.7232,6.7232,6.7232,6.7232,6.7232,6.7232,6.7232,6.7232,6.7232,6.7232,6.7232,6.7232,6.7232,6.7232,6.7232,6.7232,6.7232,6.7232,6.7232,6.7232,6.7232,6.7232,6.7232,6.7232,6.7232,6.7232,6.7232,6.7232,6.7232,6.7232,6.7232,6.7232,6.7232,6.7232,6.7232,6.7232,6.7232,6.7232,6.7232,6.7232,6.7232,6.7232,6.7232,6.7232,6.7232,6.7232,6.7232,6.7232,6.7232,6.7232,6.7232,6.7232,6.7232,6.7232,6.7232,6.7232,6.7232,6.7232,6.7232,6.7232,6.7232,6.7232,6.7232,6.7232,6.7232,6.7232,6.7232,6.7232,6.1589,6.1418,6.1250,6.1080,6.0918,6.0758,6.0643,6.0567,6.0491,6.0412,6.0336,6.0261,6.0183,6.0127,6.0110,6.0092,6.0075,6.0058,6.0045,6.0026,6.0009,5.9991,5.9974,5.9957,5.9940,5.9923,5.9906,5.9891,5.9874,5.9859,5.9842,5.9827,5.9810,5.9795,5.9778,5.9761,5.9752,5.9776,5.9797,5.9820,5.9844,5.9865,5.9889,5.9912,5.9934,5.9957,5.9981,6.0004,6.0026,6.0052,6.0073,6.0094,6.0118,6.0148,6.0185,6.0222,6.0258,6.0295,6.0332,6.0369,6.0406,6.0480,6.0574,6.0665,6.0760,6.0852,6.0947,6.1040,6.1136,6.1227,6.1319,6.1411,6.1505,6.1602,6.1702,6.1795,6.1893,6.1991,6.2092,6.2193,6.2311,6.2438,6.2564,6.2690,6.2817,6.2941,6.3069,6.3207,6.3350,6.3489,6.3631,6.3771,6.3914,6.4099,6.4283,6.4456,6.4632,6.4814,6.4995,6.5187,6.5372,6.5568,6.7232,6.7232,6.7232,6.7232,6.7232,6.7232,6.7232,6.7232,6.7232,6.7232,6.7232,6.7232,6.7232,6.7232,6.7232,6.7232,6.7227,6.7227,6.7227,6.7227,6.7227,6.7227,6.7227,6.7227,6.7227,6.7227,6.7227,6.7227,6.7227,6.7227,6.7227,6.7227,6.7227,6.7227,6.7227,6.7227,6.7227,6.7227,6.7227,6.7227,6.7227,6.7227,6.7227,6.7227,6.7227,6.7227,6.7227,6.7227,6.7227,6.7227,6.7227,6.7227,6.7227,6.7227,6.7227,6.7227,6.7227,6.7227,6.7227,6.7227,6.7227,6.7227,6.7227,6.7227,6.7227,6.7227,6.7227,6.7227,6.7227,6.7227,6.7227,6.7227,6.7227,6.7227,6.7227,6.7227,6.7227,6.7227,6.7227,6.7227,6.7227,6.7227,6.7227,6.7227,6.7227,6.7227,6.7227,6.7227,6.7227,6.7227,6.7227,6.7227,6.7227,6.7227,6.7227,6.7227,6.7227,6.7227,6.7227,6.7227,6.7227,6.7227,6.7227,6.7227,6.7227,6.7227,6.7227,6.7227,6.7227,6.7227,6.7227,6.7227,6.7227,6.7227,6.7227,6.7227,6.7227,6.7227,6.7227,6.7227,6.7227,6.7227,6.7227,6.7227,6.7227,6.7227,6.7227,6.7227,6.7227,6.7227,6.7227,6.7227,6.7227,6.7227,6.7227,6.7227,6.7227,6.7227,6.7227,6.7227,6.7227,6.7227,6.7227,6.7227,6.7227,6.7227,6.7227,6.7227,6.7227,6.7227,6.7227,6.7227,6.7227,6.7227,6.7227,6.7227,6.7227,6.7227,6.7227,6.7227,6.7227,6.7227,6.7227,6.7227,6.7227,6.7227,6.7227,6.7227,6.7227,6.7227,6.7227,6.7227,6.7227,6.7227,6.7227,6.7227,6.7227,6.7227,6.7227,6.7227,6.7227,6.7227,6.7227,6.7227,6.7227,6.7227,6.7227,6.7227,6.7227,6.7227,6.7227,6.7227,6.7227,6.7227,6.7227,6.7227,6.7227,6.7227,6.7227,6.7227,6.7227,6.7227,6.7227,6.7227,6.7227,6.7227,6.7227,6.7227,6.7227,6.7227,6.7227,6.7227,6.7227,6.7227,6.7227,6.7227,6.7227,6.7227,6.7227,6.7227,6.7227,6.7227,6.7227,6.7227,6.7227,6.7227,6.7227,6.7227,6.7227,6.7227,6.7227,6.7227,6.7227,6.7227,6.7227,6.7227,6.7227,6.7227,6.7227,6.7227,6.7227,6.7227,6.7227,6.7227,6.7227,6.7227,6.7227,6.7227,6.7227,6.7227,6.7227,6.7227,6.7227,6.7227,6.7227,6.7227,6.7227,6.7227,6.7227,6.7227,6.7227,6.7227,6.7227,6.7227,6.7227,6.7227,6.7227,6.7227,6.7227,6.7227,6.7227,6.7227,6.7227,6.7227,6.7227,6.7227,6.7227,6.7227,6.7227,6.7227,6.7227,6.7227,6.7227,6.7227,6.7227,6.7227,6.7227,6.7227,6.7227,6.7227,6.7227,6.7227,6.7227,6.7227,6.7227,6.7227,6.7227,6.7227,6.7227,6.7227,6.7227,6.7227,6.7227,6.7227,6.7227,6.7227,6.7227,6.7227,6.7227,6.7227,6.7227,6.7227,6.7227,6.7227,6.7227,6.7227,6.7227,6.7227,6.7227,6.7227,6.7227,6.7227,6.7227,6.7227,6.7227,6.7227,6.7227,6.7227,6.7227,6.7227,6.7227,6.7227,6.7227,6.7227,6.7227,6.7227,6.7227,6.7227,6.7227,6.7227,6.7227,6.7227,6.7227,6.7227,6.7227,6.7227,6.7227,6.7227,6.7227,6.7227,6.7227,6.7227,6.7227,6.7227,6.7227,6.7227,6.7227,6.7227,6.7227,6.7227,6.7227,6.7227,6.7227,6.7227,6.7227,6.7227,6.7227,6.7227,6.7227,6.7227,6.7227,6.7227,6.7227,6.7227,6.7227,6.7227,6.7227,6.7227,6.7227,6.7227,6.7227,6.7227,6.7227,6.7227,6.7227,6.7227,6.7227,6.7227,6.7227,6.7227,6.7227,6.7227,6.7227,6.7227,6.7227,6.7227,6.7227,6.7227,6.7227,6.7227,6.7227,6.7227,6.7227,6.7227,6.7227,6.7227,6.7227,6.7227,6.7227,6.7227,6.7227,6.7227,6.7227,6.7227,6.7227,6.7227,6.7227,6.7227,6.7227,6.7227,6.7227,6.7227,6.7227,6.7227,6.7227,6.7227,6.7227,6.7227,6.7227,6.7227,6.7227,6.7227,6.7227,6.7227,6.7227,6.7227,6.7227,6.7227,6.7227,6.7227,6.7227,6.7227,6.7227,6.7227,6.7227,6.7227,6.7227,6.7227,6.7227,6.7227,6.7227,6.7227,6.7227,6.7227,6.7227,6.7227,6.7227,6.7227,6.7227,6.7227,6.7227,6.7227,6.7227,6.7227,6.7227,6.7227,6.7227
6.7179,6.7179,6.7179,6.7179,6.7179,6.7179,6.7179,6.7179,6.7179,6.7179,6.7179,6.7179,6.7179,6.7179,6.7179,6.7179,6.7179,6.7179,6.7179,6.7179,6.7179,6.7179,6.7179,6.7179,6.7179,6.7179,6.7179,6.7179,6.7179,6.7179,6.7179,6.7179,6.7179,6.7179,6.7179,6.7179,6.7179,6.7179,6.7179,6.7179,6.7179,6.7179,6.7179,6.7179,6.7179,6.7179,6.7179,6.7179,6.7179,6.7179,6.7179,6.7179,6.7179,6.7179,6.7179,6.7179,6.7179,6.7179,6.7179,6.7179,6.7179,6.7179,6.7179,6.7179,6.7179,6.7179,6.7179,6.7179,6.7179,6.7179,6.7179,6.7179,6.7179,6.7179,6.7179,6.7179,6.7179,6.7179,6.7179,6.7179,6.7179,6.7179,6.7179,6.7179,6.7179,6.7179,6.7179,6.7179,6.7179,6.7179,6.7179,6.7179,6.7179,6.7179,6.7179,6.7179,6.7179,6.7179,6.7179,6.7179,6.7179,6.7179,6.7179,6.7179,6.7179,6.7179,6.7179,6.7179,6.7179,6.7179,6.7179,6.7179,6.7179,6.7179,6.7179,6.7179,6.7179,6.7179,6.7179,6.7179,6.7179,6.7179,6.7179,6.7179,6.7179,6.7179,6.7179,6.7179,6.7179,6.7179,6.7179,6.7179,6.7179,6.7179,6.7179,6.7179,6.7179,6.7179,6.7179,6.7179,6.7179,6.7179,6.7179,6.7179,6.7179,6.7179,6.7179,6.7179,6.7179,6.7179,6.7179,6.7179,6.7179,6.7179,6.7179,6.7179,6.7179,6.7179,6.7179,6.7179,6.7179,6.7179,6.7179,6.7179,6.7179,6.7179,6.7179,6.7179,6.7179,6.7179,6.7179,6.7179,6.7179,6.7179,6.7179,6.7179,6.7179,6.7179,6.7179,6.7179,6.7179,6.7179,6.7179,6.7179,6.7179,6.7179,6.7179,6.7179,6.7179,6.7179,6.7179,6.7179,6.7179,6.7179,6.7179,6.7179,6.7179,6.7179,6.7179,6.7179,6.7179,6.7179,6.7179,6.7179,6.7179,6.7179,6.7179,6.7179,6.7179,6.7179,6.7179,6.7179,6.7179,6.7179,6.7179,6.7179,6.7179,6.7179,6.7179,6.7179,6.7179,6.7179,6.7179,6.7179,6.7179,6.7179,6.7179,6.7179,6.7179,6.7179,6.7179,6.7179,6.7179,6.7179,6.7179,6.7179,6.7179,6.7179,6.7179,6.7179,6.7179,6.7179,6.7179,6.7179,6.7179,6.7179,6.7179,6.7179,6.7179,6.7179,6.7179,6.7179,6.7179,6.7179,6.7179,6.7179,6.7179,6.7179,6.7179,6.7179,6.7179,6.7179,6.7179,6.7179,6.7179,6.7179,6.7179,6.7179,6.7179,6.7179,6.7179,6.7179,6.7179,6.7179,6.7179,6.7179,6.7179,6.7179,6.7179,6.7179,6.7179,6.7179,6.7179,6.7179,6.7179,6.7179,6.7179,6.7179,6.7179,6.7179,6.7179,6.7179,6.7179,6.7179,6.7179,6.7179,6.7179,6.7179,6.7179,6.7179,6.7179,6.7179,6.7179,6.7179,6.7179,6.7179,6.7179,6.7179,6.7179,6.7179,6.7179,6.7179,6.7179,6.7179,6.7179,6.7179,6.7179,6.7179,6.7179,6.7179,6.7179,6.7179,6.7179,6.7179,6.7179,6.7179,6.7179,6.7179,6.7179,6.7179,6.7179,6.7179,6.7179,6.7179,6.7179,6.7179,6.7179,6.7179,6.7179,6.7179,6.7179,6.7179,6.7179,6.7179,6.7179,6.7179,6.7179,6.7179,6.7179,6.7179,6.7179,6.7179,6.7179,6.7179,6.7179,6.7179,6.7179,6.7179,6.7179,6.7179,6.7179,6.7179,6.7179,6.7179,6.7179,6.7179,6.7179,6.7179,6.7179,6.7179,6.7179,6.7179,6.7179,6.7179,6.7179,6.7179,6.7179,6.7179,6.7179,6.7179,6.7179,6.7179,6.7179,6.7179,6.7179,6.7179,6.7179,6.7179,6.7179,6.7179,6.7179,6.7179,6.1609,6.1438,6.1270,6.1100,6.0938,6.0777,6.0615,6.0539,6.0462,6.0384,6.0308,6.0232,6.0170,6.0153,6.0135,6.0118,6.0101,6.0084,6.0067,6.0049,6.0032,6.0015,6.0000,5.9981,5.9964,5.9946,5.9929,5.9914,5.9897,5.9882,5.9865,5.9850,5.9833,5.9818,5.9801,5.9789,5.9810,5.9833,5.9857,5.9878,5.9902,5.9925,5.9946,5.9970,5.9994,6.0017,6.0041,6.0062,6.0086,6.0112,6.0146,6.0183,6.0219,6.0256,6.0291,6.0328,6.0364,6.0401,6.0438,6.0475,6.0525,6.0619,6.0711,6.0806,6.0899,6.0994,6.1087,6.1180,6.1272,6.1364,6.1458,6.1553,6.1650,6.1747,6.1845,6.1943,6.2044,6.2145,6.2253,6.2378,6.2506,6.2631,6.2758,6.2885,6.3010,6.3142,6.3283,6.3424,6.3563,6.3703,6.3843,6.4004,6.4190,6.4372,6.4548,6.4719,6.4902,6.5088,6.5273,6.5466,6.7179,6.7179,6.7179,6.7179,6.7179,6.7179,6.7179,6.7179,6.7179,6.7179,6.7179,6.7179,6.7179,6.7179,6.7179,6.7179,6.7179,6.7179,6.7179,6.7179,6.7179,6.7179,6.7179,6.7179,6.7179,6.7179,6.7179,6.7179,6.7179,6.7179,6.7179,6.7179,6.7179,6.7179,6.7179,6.7179,6.7179,6.7179,6.7179,6.7179,6.7179,6.7179,6.7179,6.7179,6.7179,6.7179,6.7179,6.7179,6.7179,6.7179,6.7179,6.7179,6.7179,6.7179,6.7179,6.7179,6.7179,6.7179,6.7179,6.7179,6.7179,6.7179,6.7179,6.7179,6.7179,6.7179,6.7179,6.7179,6.7179,6.7179,6.7179,6.7179,6.7179,6.7179,6.7179,6.7179,6.7179,6.7179,6.7179,6.7179,6.7179,6.7179,6.7179,6.7179,6.7179,6.7179,6.7179,6.7179,6.7179,6.7179,6.7179,6.7179,6.7179,6.7179,6.7179,6.7179,6.7179,6.7179,6.7179,6.7179,6.7179,6.7179,6.7179,6.7179,6.7179,6.7179,6.7179,6.7179,6.7179,6.7179,6.7179,6.7179,6.7179,6.7179,6.7179,6.7179,6.7179,6.7179,6.7179,6.7179,6.7179,6.7179,6.7179,6.7179,6.7179,6.7179,6.7179,6.7179,6.7179,6.7179,6.7179,6.7179,6.7179,6.7179,6.7179,6.7179,6.7179,6.7179,6.7179,6.7179,6.7179,6.7179,6.7179,6.7179,6.7179,6.7179,6.7179,6.7179,6.7179,6.7179,6.7179,6.7179,6.7179,6.7179,6.7179,6.7179,6.7179,6.7179,6.7179,6.7179,6.7179,6.7179,6.7179,6.7179,6.7179,6.7179,6.7179,6.7179,6.7179,6.7179,6.7179,6.7179,6.7179,6.7179,6.7179,6.7179,6.7179,6.7179,6.7179,6.7179,6.7179,6.7179,6.7179,6.7179,6.7179,6.7179,6.7179,6.7179,6.7179,6.7179,6.7179,6.7179,6.7179,6.7179,6.7179,6.7179,6.7179,6.7179,6.7179,6.7179,6.7179,6.7179,6.7179,6.7179,6.7179,6.7179,6.7179,6.7179,6.7179,6.7179,6.7179,6.7179,6.7179,6.7179,6.7179,6.7179,6.7179,6.7179,6.7179,6.7179,6.7179,6.7179,6.7179,6.7179,6.7179,6.7179,6.7179,6.7179,6.7179,6.7179,6.7179,6.7179,6.7179,6.7179,6.7179,6.7179,6.7179,6.7179,6.7179,6.7179,6.7179,6.7179,6.7179,6.7179,6.7179,6.7179,6.7179,6.7179,6.7179,6.7179,6.7179,6.7179,6.7179,6.7179,6.7179,6.7179,6.7179,6.7179,6.7179,6.7179,6.7179,6.7179,6.7179,6.7179,6.7179,6.7179,6.7179,6.7179,6.7179,6.7179,6.7179,6.7179,6.7179,6.7179,6.7179,6.7179,6.7179,6.7179,6.7179,6.7179,6.7179,6.7179,6.7179,6.7179,6.7179,6.7179,6.7179,6.7179,6.7179,6.7179,6.7179,6.7179,6.7179,6.7179,6.7179,6.7179,6.7179,6.7179,6.7179,6.7179,6.7179,6.7179,6.7179,6.7179,6.7179,6.7179,6.7179,6.7179,6.7179,6.7179,6.7179,6.7179,6.7179,6.7179,6.7179,6.7179,6.7179,6.7179,6.7179,6.7179,6.7179,6.7179,6.7179,6.7179,6.7179,6.7179,6.7179,6.7179,6.7179,6.7179,6.7179,6.7179,6.7179,6.7179,6.7179,6.7179,6.7179,6.7179,6.7179,6.7179,6.7179,6.7179,6.7179,6.7179,6.7179,6.7179,6.7179,6.7179,6.7179,6.7179,6.7179,6.7179,6.7179,6.7179,6.7179,6.7179,6.7179,6.7179,6.7179,6.7179,6.7179,6.7179,6.7179,6.7179,6.7179,6.7179,6.7179,6.7179,6.7179,6.7179,6.7179,6.7179,6.7179,6.7179,6.7179,6.7179,6.7179,6.7179,6.7179,6.7179,6.7179,6.7179,6.7179,6.7179,6.7179,6.7179,6.7179,6.7179,6.7179,6.7179,6.7179,6.7179,6.7179,6.7179,6.7179,6.7179,6.7179,6.7179,6.7179,6.7179,6.7179,6.7179,6.7179,6.7179,6.7179,6.7179,6.7179,6.7179,6.7179,6.7179,6.7179,6.7179,6.7179,6.7179,6.7179,6.7179,6.7179,6.7179,6.7179,6.7179,6.7179,6.7179,6.7179,6.7179,6.7179,6.7179,6.7179,6.7179,6.7179,6.7179,6.7179,6.7179,6.7179,6.7179,6.7179,6.7179,6.7179,6.7179,6.7179,6.7179,6.7179,6.7179,6.7179,6.7179,6.7179,6.7179,6.7179,6.7179,6.7179,6.7179,6.7179,6.7179,6.7179,6.7179,6.7179,6.7179,6.7179,6.7179,6.7179,6.7179,6.7179,6.7179,6.7179,6.7179,6.7179,6.7179,6.7179,6.7179
6.7133,6.7133,6.7133,6.7133,6.7133,6.7133,6.7133,6.7133,6.7133,6.7133,6.7133,6.7133,6.7133,6.7133,6.7133,6.7133,6.7133,6.7133,6.7133,6.7133,6.7133,6.7133,6.7133,6.7133,6.7133,6.7133,6.7133,6.7133,6.7133,6.7133,6.7133,6.7133,6.7133,6.7133,6.7133,6.7133,6.7133,6.7133,6.7133,6.7133,6.7133,6.7133,6.7133,6.7133,6.7133,6.7133,6.7133,6.7133,6.7133,6.7133,6.7133,6.7133,6.7133,6.7133,6.7133,6.7133,6.7133,6.7133,6.7133,6.7133,6.7133,6.7133,6.7133,6.7133,6.7133,6.7133,6.7133,6.7133,6.7133,6.7133,6.7133,6.7133,6.7133,6.7133,6.7133,6.7133,6.7133,6.7133,6.7133,6.7133,6.7133,6.7133,6.7133,6.7133,6.7133,6.7133,6.7133,6.7133,6.7133,6.7133,6.7133,6.7133,6.7133,6.7133,6.7133,6.7133,6.7133,6.7133,6.7133,6.7133,6.7133,6.7133,6.7133,6.7133,6.7133,6.7133,6.7133,6.7133,6.7133,6.7133,6.7133,6.7133,6.7133,6.7133,6.7133,6.7133,6.7133,6.7133,6.7133,6.7133,6.7133,6.7133,6.7133,6.7133,6.7133,6.7133,6.7133,6.7133,6.7133,6.7133,6.7133,6.7133,6.7133,6.7133,6.7133,6.7133,6.7133,6.7133,6.7133,6.7133,6.7133,6.7133,6.7133,6.7133,6.7133,6.7133,6.7133,6.7133,6.7133,6.7133,6.7133,6.7133,6.7133,6.7133,6.7133,6.7133,6.7133,6.7133,6.7133,6.7133,6.7133,6.7133,6.7133,6.7133,6.7133,6.7133,6.7133,6.7133,6.7133,6.7133,6.7133,6.7133,6.7133,6.7133,6.7133,6.7133,6.7133,6.7133,6.7133,6.7133,6.7133,6.7133,6.7133,6.7133,6.7133,6.7133,6.7133,6.7133,6.7133,6.7133,6.7133,6.7133,6.7133,6.7133,6.7133,6.7133,6.7133,6.7133,6.7133,6.7133,6.7133,6.7133,6.7133,6.7133,6.7133,6.7133,6.7133,6.7133,6.7133,6.7133,6.7133,6.7133,6.7133,6.7133,6.7133,6.7133,6.7133,6.7133,6.7133,6.7133,6.7133,6.7133,6.7133,6.7133,6.7133,6.7133,6.7133,6.7133,6.7133,6.7133,6.7133,6.7133,6.7133,6.7133,6.7133,6.7133,6.7133,6.7133,6.7133,6.7133,6.7133,6.7133,6.7133,6.7133,6.7133,6.7133,6.7133,6.7133,6.7133,6.7133,6.7133,6.7133,6.7133,6.7133,6.7133,6.7133,6.7133,6.7133,6.7133,6.7133,6.7133,6.7133,6.7133,6.7133,6.7133,6.7133,6.7133,6.7133,6.7133,6.7133,6.7133,6.7133,6.7133,6.7133,6.7133,6.7133,6.7133,6.7133,6.7133,6.7133,6.7133,6.7133,6.7133,6.7133,6.7133,6.7133,6.7133,6.7133,6.7133,6.7133,6.7133,6.7133,6.7133,6.7133,6.7133,6.7133,6.7133,6.7133,6.7133,6.7133,6.7133,6.7133,6.7133,6.7133,6.7133,6.7133,6.7133,6.7133,6.7133,6.7133,6.7133,6.7133,6.7133,6.7133,6.7133,6.7133,6.7133,6.7133,6.7133,6.7133,6.7133,6.7133,6.7133,6.7133,6.7133,6.7133,6.7133,6.7133,6.7133,6.7133,6.7133,6.7133,6.7133,6.7133,6.7133,6.7133,6.7133,6.7133,6.7133,6.7133,6.7133,6.7133,6.7133,6.7133,6.7133,6.7133,6.7133,6.7133,6.7133,6.7133,6.7133,6.7133,6.7133,6.7133,6.7133,6.7133,6.7133,6.7133,6.7133,6.7133,6.7133,6.7133,6.7133,6.7133,6.7133,6.7133,6.7133,6.7133,6.7133,6.7133,6.7133,6.7133,6.7133,6.7133,6.7133,6.7133,6.7133,6.7133,6.7133,6.7133,6.7133,6.7133,6.7133,6.7133,6.7133,6.7133,6.7133,6.7133,6.7133,6.7133,6.7133,6.7133,6.7133,6.1629,6.1460,6.1290,6.1122,6.0958,6.0797,6.0635,6.0510,6.0434,6.0358,6.0280,6.0211,6.0194,6.0176,6.0159,6.0142,6.0125,6.0107,6.0090,6.0073,6.0056,6.0041,6.0021,6.0004,5.9987,5.9970,5.9953,5.9938,5.9921,5.9906,5.9889,5.9874,5.9857,5.9842,5.9825,5.9846,5.9870,5.9893,5.9914,5.9938,5.9961,5.9983,6.0009,6.0030,6.0054,6.0075,6.0107,6.0144,6.0181,6.0217,6.0252,6.0289,6.0325,6.0362,6.0399,6.0436,6.0473,6.0510,6.0547,6.0584,6.0663,6.0758,6.0850,6.0945,6.1038,6.1134,6.1225,6.1317,6.1409,6.1505,6.1602,6.1697,6.1795,6.1895,6.1996,6.2097,6.2198,6.2320,6.2445,6.2573,6.2699,6.2826,6.2953,6.3078,6.3216,6.3359,6.3498,6.3638,6.3778,6.3919,6.4092,6.4281,6.4458,6.4635,6.4809,6.4992,6.5181,6.5372,6.7133,6.7133,6.7133,6.7133,6.7133,6.7133,6.7133,6.7133,6.7133,6.7133,6.7133,6.7133,6.7133,6.7133,6.7133,6.7133,6.7133,6.7133,6.7133,6.7133,6.7133,6.7133,6.7133,6.7133,6.7133,6.7133,6.7133,6.7133,6.7133,6.7133,6.7133,6.7133,6.7133,6.7133,6.7133,6.7133,6.7133,6.7133,6.7133,6.7133,6.7133,6.7133,6.7133,6.7133,6.7133,6.7133,6.7133,6.7133,6.7133,6.7133,6.7133,6.7133,6.7133,6.7133,6.7133,6.7133,6.7133,6.7133,6.7133,6.7133,6.7133,6.7133,6.7133,6.7133,6.7133,6.7133,6.7133,6.7133,6.7133,6.7133,6.7133,6.7133,6.7133,6.7133,6.7133,6.7133,6.7133,6.7133,6.7133,6.7133,6.7133,6.7133,6.7133,6.7133,6.7133,6.7133,6.7133,6.7133,6.7133,6.7133,6.7133,6.7133,6.7133,6.7133,6.7133,6.7133,6.7133,6.7133,6.7133,6.7133,6.7133,6.7133,6.7133,6.7133,6.7133,6.7133,6.7133,6.7133,6.7133,6.7133,6.7133,6.7133,6.7133,6.7133,6.7133,6.7133,6.7133,6.7133,6.7133,6.7133,6.7133,6.7133,6.7133,6.7133,6.7133,6.7133,6.7133,6.7133,6.7133,6.7133,6.7133,6.7133,6.7133,6.7133,6.7133,6.7133,6.7133,6.7133,6.7133,6.7133,6.7133,6.7133,6.7133,6.7133,6.7133,6.7133,6.7133,6.7133,6.7133,6.7133,6.7133,6.7133,6.7133,6.7133,6.7133,6.7133,6.7133,6.7133,6.7133,6.7133,6.7133,6.7133,6.7133,6.7133,6.7133,6.7133,6.7133,6.7133,6.7133,6.7133,6.7133,6.7133,6.7133,6.7133,6.7133,6.7133,6.7133,6.7133,6.7133,6.7133,6.7133,6.7133,6.7133,6.7133,6.7133,6.7133,6.7133,6.7133,6.7133,6.7133,6.7133,6.7133,6.7133,6.7133,6.7133,6.7133,6.7133,6.7133,6.7133,6.7133,6.7133,6.7133,6.7133,6.7133,6.7133,6.7133,6.7133,6.7133,6.7133,6.7133,6.7133,6.7133,6.7133,6.7133,6.7133,6.7133,6.7133,6.7133,6.7133,6.7133,6.7133,6.7133,6.7133,6.7133,6.7133,6.7133,6.7133,6.7133,6.7133,6.7133,6.7133,6.7133,6.7133,6.7133,6.7133,6.7133,6.7133,6.7133,6.7133,6.7133,6.7133,6.7133,6.7133,6.7133,6.7133,6.7133,6.7133,6.7133,6.7133,6.7133,6.7133,6.7133,6.7133,6.7133,6.7133,6.7133,6.7133,6.7133,6.7133,6.7133,6.7133,6.7133,6.7133,6.7133,6.7133,6.7133,6.7133,6.7133,6.7133,6.7133,6.7133,6.7133,6.7133,6.7133,6.7133,6.7133,6.7133,6.7133,6.7133,6.7133,6.7133,6.7133,6.7133,6.7133,6.7133,6.7133,6.7133,6.7133,6.7133,6.7133,6.7133,6.7133,6.7133,6.7133,6.7133,6.7133,6.7133,6.7133,6.7133,6.7133,6.7133,6.7133,6.7133,6.7133,6.7133,6.7133,6.7133,6.7133,6.7133,6.7133,6.7133,6.7133,6.7133,6.7133,6.7133,6.7133,6.7133,6.7133,6.7133,6.7133,6.7133,6.7133,6.7133,6.7133,6.7133,6.7133,6.7133,6.7133,6.7133,6.7133,6.7133,6.7133,6.7133,6.7133,6.7133,6.7133,6.7133,6.7133,6.7133,6.7133,6.7133,6.7133,6.7133,6.7133,6.7133,6.7133,6.7133,6.7133,6.7133,6.7133,6.7133,6.7133,6.7133,6.7133,6.7133,6.7133,6.7133,6.7133,6.7133,6.7133,6.7133,6.7133,6.7133,6.7133,6.7133,6.7133,6.7133,6.7133,6.7133,6.7133,6.7133,6.7133,6.7133,6.7133,6.7133,6.7133,6.7133,6.7133,6.7133,6.7133,6.7133,6.7133,6.7133,6.7133,6.7133,6.7133,6.7133,6.7133,6.7133,6.7133,6.7133,6.7133,6.7133,6.7133,6.7133,6.7133,6.7133,6.7133,6.7133,6.7133,6.7133,6.7133,6.7133,6.7133,6.7133,6.7133,6.7133,6.7133,6.7133,6.7133,6.7133,6.7133,6.7133,6.7133,6.7133,6.7133,6.7133,6.7133,6.7133,6.7133,6.7133,6.7133,6.7133,6.7133,6.7133,6.7133,6.7133,6.7133,6.7133,6.7133,6.7133,6.7133,6.7133,6.7133,6.7133,6.7133,6.7133,6.7133,6.7133,6.7133,6.7133,6.7133,6.7133,6.7133,6.7133,6.7133,6.7133,6.7133,6.7133,6.7133,6.7133,6.7133,6.7133,6.7133,6.7133,6.7133,6.7133,6.7133,6.7133,6.7133,6.7133,6.7133,6.7133,6.7133,6.7133,6.7133,6.7133,6.7133,6.7133
6.7082,6.7082,6.7082,6.7082,6.7082,6.7082,6.7082,6.7082,6.7082,6.7082,6.7082,6.7082,6.7082,6.7082,6.7082,6.7082,6.7082,6.7082,6.7082,6.7082,6.7082,6.7082,6.7082,6.7082,6.7082,6.7082,6.7082,6.7082,6.7082,6.7082,6.7082,6.7082,6.7082,6.7082,6.7082,6.7082,6.7082,6.7082,6.7082,6.7082,6.7082,6.7082,6.7082,6.7082,6.7082,6.7082,6.7082,6.7082,6.7082,6.7082,6.7082,6.7082,6.7082,6.7082,6.7082,6.7082,6.7082,6.7082,6.7082,6.7082,6.7082,6.7082,6.7082,6.7082,6.7082,6.7082,6.7082,6.7082,6.7082,6.7082,6.7082,6.7082,6.7082,6.7082,6.7082,6.7082,6.7082,6.7082,6.7082,6.7082,6.7082,6.7082,6.7082,6.7082,6.7082,6.7082,6.7082,6.7082,6.7082,6.7082,6.7082,6.7082,6.7082,6.7082,6.7082,6.7082,6.7082,6.7082,6.7082,6.7082,6.7082,6.7082,6.7082,6.7082,6.7082,6.7082,6.7082,6.7082,6.7082,6.7082,6.7082,6.7082,6.7082,6.7082,6.7082,6.7082,6.7082,6.7082,6.7082,6.7082,6.7082,6.7082,6.7082,6.7082,6.7082,6.7082,6.7082,6.7082,6.7082,6.7082,6.7082,6.7082,6.7082,6.7082,6.7082,6.7082,6.7082,6.7082,6.7082,6.7082,6.7082,6.7082,6.7082,6.7082,6.7082,6.7082,6.7082,6.7082,6.7082,6.7082,6.7082,6.7082,6.7082,6.7082,6.7082,6.7082,6.7082,6.7082,6.7082,6.7082,6.7082,6.7082,6.7082,6.7082,6.7082,6.7082,6.7082,6.7082,6.7082,6.7082,6.7082,6.7082,6.7082,6.7082,6.7082,6.7082,6.7082,6.7082,6.7082,6.7082,6.7082,6.7082,6.7082,6.7082,6.7082,6.7082,6.7082,6.7082,6.7082,6.7082,6.7082,6.7082,6.7082,6.7082,6.7082,6.7082,6.7082,6.7082,6.7082,6.7082,6.7082,6.7082,6.7082,6.7082,6.7082,6.7082,6.7082,6.7082,6.7082,6.7082,6.7082,6.7082,6.7082,6.7082,6.7082,6.7082,6.7082,6.7082,6.7082,6.7082,6.7082,6.7082,6.7082,6.7082,6.7082,6.7082,6.7082,6.7082,6.7082,6.7082,6.7082,6.7082,6.7082,6.7082,6.7082,6.7082,6.7082,6.7082,6.7082,6.7082,6.7082,6.7082,6.7082,6.7082,6.7082,6.7082,6.7082,6.7082,6.7082,6.7082,6.7082,6.7082,6.7082,6.7082,6.7082,6.7082,6.7082,6.7082,6.7082,6.7082,6.7082,6.7082,6.7082,6.7082,6.7082,6.7082,6.7082,6.7082,6.7082,6.7082,6.7082,6.7082,6.7082,6.7082,6.7082,6.7082,6.7082,6.7082,6.7082,6.7082,6.7082,6.7082,6.7082,6.7082,6.7082,6.7082,6.7082,6.7082,6.7082,6.7082,6.7082,6.7082,6.7082,6.7082,6.7082,6.7082,6.7082,6.7082,6.7082,6.7082,6.7082,6.7082,6.7082,6.7082,6.7082,6.7082,6.7082,6.7082,6.7082,6.7082,6.7082,6.7082,6.7082,6.7082,6.7082,6.7082,6.7082,6.7082,6.7082,6.7082,6.7082,6.7082,6.7082,6.7082,6.7082,6.7082,6.7082,6.7082,6.7082,6.7082,6.7082,6.7082,6.7082,6.7082,6.7082,6.7082,6.7082,6.7082,6.7082,6.7082,6.7077,6.7077,6.7077,6.7077,6.7077,6.7077,6.7077,6.7077,6.7077,6.7077,6.7077,6.7077,6.7077,6.7077,6.7077,6.7077,6.7077,6.7077,6.7077,6.7077,6.7077,6.7077,6.7077,6.7077,6.7077,6.7077,6.7077,6.7077,6.7077,6.7077,6.7077,6.7077,6.7077,6.7077,6.7077,6.7077,6.7077,6.7077,6.7077,6.7077,6.7077,6.7077,6.7077,6.7077,6.7077,6.7077,6.7077,6.7077,6.7077,6.7077,6.7077,6.7077,6.7077,6.1822,6.1650,6.1480,6.1310,6.1142,6.0978,6.0817,6.0654,6.0495,6.0406,6.0330,6.0254,6.0235,6.0217,6.0202,6.0185,6.0168,6.0150,6.0133,6.0116,6.0099,6.0082,6.0064,6.0047,6.0030,6.0013,5.9998,5.9979,5.9961,5.9944,5.9929,5.9912,5.9897,5.9880,5.9863,5.9882,5.9906,5.9929,5.9951,5.9974,5.9998,6.0019,6.0043,6.0071,6.0105,6.0142,6.0178,6.0215,6.0250,6.0286,6.0323,6.0358,6.0395,6.0432,6.0469,6.0506,6.0543,6.0580,6.0617,6.0654,6.0709,6.0802,6.0896,6.0989,6.1085,6.1178,6.1270,6.1361,6.1458,6.1553,6.1650,6.1747,6.1847,6.1948,6.2048,6.2149,6.2262,6.2387,6.2513,6.2641,6.2767,6.2894,6.3022,6.3152,6.3292,6.3433,6.3573,6.3713,6.3853,6.4004,6.4183,6.4370,6.4545,6.4719,6.4894,6.5083,6.5270,6.7077,6.7077,6.7077,6.7077,6.7077,6.7077,6.7077,6.7077,6.7077,6.7077,6.7077,6.7077,6.7077,6.7077,6.7077,6.7077,6.7077,6.7077,6.7077,6.7077,6.7077,6.7077,6.7077,6.7077,6.7077,6.7077,6.7077,6.7077,6.7077,6.7077,6.7077,6.7077,6.7077,6.7077,6.7077,6.7077,6.7077,6.7077,6.7077,6.7077,6.7077,6.7077,6.7077,6.7077,6.7077,6.7077,6.7077,6.7077,6.7077,6.7077,6.7077,6.7077,6.7077,6.7077,6.7077,6.7077,6.7077,6.7077,6.7077,6.7077,6.7077,6.7077,6.7077,6.7077,6.7077,6.7077,6.7077,6.7077,6.7077,6.7077,6.7077,6.7077,6.7077,6.7077,6.7077,6.7077,6.7077,6.7077,6.7077,6.7077,6.7077,6.7077,6.7077,6.7077,6.7077,6.7077,6.7077,6.7077,6.7077,6.7077,6.7077,6.7077,6.7077,6.7077,6.7077,6.7077,6.7077,6.7077,6.7077,6.7077,6.7077,6.7077,6.7077,6.7077,6.7077,6.7077,6.7077,6.7077,6.7077,6.7077,6.7077,6.7077,6.7077,6.7077,6.7077,6.7077,6.7077,6.7077,6.7077,6.7077,6.7077,6.7077,6.7077,6.7077,6.7077,6.7077,6.7077,6.7077,6.7077,6.7077,6.7077,6.7077,6.7077,6.7077,6.7077,6.7077,6.7077,6.7077,6.7077,6.7077,6.7077,6.7077,6.7077,6.7077,6.7077,6.7077,6.7077,6.7077,6.7077,6.7077,6.7077,6.7077,6.7077,6.7077,6.7077,6.7077,6.7077,6.7077,6.7077,6.7077,6.7077,6.7077,6.7077,6.7077,6.7077,6.7077,6.7077,6.7077,6.7077,6.7077,6.7077,6.7077,6.7077,6.7077,6.7077,6.7077,6.7077,6.7077,6.7077,6.7077,6.7077,6.7077,6.7077,6.7077,6.7077,6.7077,6.7077,6.7077,6.7077,6.7077,6.7077,6.7077,6.7077,6.7077,6.7077,6.7077,6.7077,6.7077,6.7077,6.7077,6.7077,6.7077,6.7077,6.7077,6.7077,6.7077,6.7077,6.7077,6.7077,6.7077,6.7077,6.7077,6.7077,6.7077,6.7077,6.7077,6.7077,6.7077,6.7077,6.7077,6.7077,6.7077,6.7077,6.7077,6.7077,6.7077,6.7077,6.7077,6.7077,6.7077,6.7077,6.7077,6.7077,6.7077,6.7077,6.7077,6.7077,6.7077,6.7077,6.7077,6.7077,6.7077,6.7077,6.7077,6.7077,6.7077,6.7077,6.7077,6.7077,6.7077,6.7077,6.7077,6.7077,6.7077,6.7077,6.7077,6.7077,6.7077,6.7077,6.7077,6.7077,6.7077,6.7077,6.7077,6.7077,6.7077,6.7077,6.7077,6.7077,6.7077,6.7077,6.7077,6.7077,6.7077,6.7077,6.7077,6.7077,6.7077,6.7077,6.7077,6.7077,6.7077,6.7077,6.7077,6.7077,6.7077,6.7077,6.7077,6.7077,6.7077,6.7077,6.7077,6.7077,6.7077,6.7077,6.7077,6.7077,6.7077,6.7077,6.7077,6.7077,6.7077,6.7077,6.7077,6.7077,6.7077,6.7077,6.7077,6.7077,6.7077,6.7077,6.7077,6.7077,6.7077,6.7077,6.7077,6.7077,6.7077,6.7077,6.7077,6.7077,6.7077,6.7077,6.7077,6.7077,6.7077,6.7077,6.7077,6.7077,6.7077,6.7077,6.7077,6.7077,6.7077,6.7077,6.7077,6.7077,6.7077,6.7077,6.7077,6.7077,6.7077,6.7077,6.7077,6.7077,6.7077,6.7077,6.7077,6.7077,6.7077,6.7077,6.7077,6.7077,6.7077,6.7077,6.7077,6.7077,6.7077,6.7077,6.7077,6.7077,6.7077,6.7077,6.7077,6.7077,6.7077,6.7077,6.7077,6.7077,6.7077,6.7077,6.7077,6.7077,6.7077,6.7077,6.7077,6.7077,6.7077,6.7077,6.7077,6.7077,6.7077,6.7077,6.7077,6.7077,6.7077,6.7077,6.7077,6.7077,6.7077,6.7077,6.7077,6.7077,6.7077,6.7077,6.7077,6.7077,6.7077,6.7077,6.7077,6.7077,6.7077,6.7077,6.7077,6.7077,6.7077,6.7077,6.7077,6.7077,6.7077,6.7077,6.7077,6.7077,6.7077,6.7077,6.7077,6.7077,6.7077,6.7077,6.7077,6.7077,6.7077,6.7077,6.7077,6.7077,6.7077,6.7077,6.7077,6.7077,6.7077,6.7077,6.7077,6.7077,6.7077,6.7077,6.7077,6.7077,6.7077,6.7077,6.7077,6.7077,6.7077,6.7077,6.7077,6.7077,6.7077,6.7077,6.7077,6.7077,6.7077,6.7077,6.7077,6.7077,6.7077,6.7077,6.7077,6.7077,6.7077,6.7077,6.7077,6.7077,6.7077,6.7077,6.7077,6.7077,6.7077,6.7077,6.7077,6.7077,6.7077
6.7026,6.7026,6.7026,6.7026,6.7026,6.7026,6.7026,6.7026,6.7026,6.7026,6.7026,6.7026,6.7026,6.7026,6.7026,6.7026,6.7026,6.7026,6.7026,6.7026,6.7026,6.7026,6.7026,6.7026,6.7026,6.7026,6.7026,6.7026,6.7026,6.7026,6.7026,6.7026,6.7026,6.7026,6.7026,6.7026,6.7026,6.7026,6.7026,6.7026,6.7026,6.7026,6.7026,6.7026,6.7026,6.7026,6.7026,6.7026,6.7026,6.7026,6.7026,6.7026,6.7026,6.7026,6.7026,6.7026,6.7026,6.7026,6.7026,6.7026,6.7026,6.7026,6.7026,6.7026,6.7026,6.7026,6.7026,6.7026,6.7026,6.7026,6.7026,6.7026,6.7026,6.7026,6.7026,6.7026,6.7026,6.7026,6.7026,6.7026,6.7026,6.7026,6.7026,6.7026,6.7026,6.7026,6.7026,6.7026,6.7026,6.7026,6.7026,6.7026,6.7026,6.7026,6.7026,6.7026,6.7026,6.7026,6.7026,6.7026,6.7026,6.7026,6.7026,6.7026,6.7026,6.7026,6.7026,6.7026,6.7026,6.7026,6.7026,6.7026,6.7026,6.7026,6.7026,6.7026,6.7026,6.7026,6.7026,6.7026,6.7026,6.7026,6.7026,6.7026,6.7026,6.7026,6.7026,6.7026,6.7026,6.7026,6.7026,6.7026,6.7026,6.7026,6.7026,6.7026,6.7026,6.7026,6.7026,6.7026,6.7026,6.7026,6.7026,6.7026,6.7026,6.7026,6.7026,6.7026,6.7026,6.7026,6.7026,6.7026,6.7026,6.7026,6.7026,6.7026,6.7026,6.7026,6.7026,6.7026,6.7026,6.7026,6.7026,6.7026,6.7026,6.7026,6.7026,6.7026,6.7026,6.7026,6.7026,6.7026,6.7026,6.7026,6.7026,6.7026,6.7026,6.7026,6.7026,6.7026,6.7026,6.7026,6.7026,6.7026,6.7026,6.7026,6.7026,6.7026,6.7026,6.7026,6.7026,6.7026,6.7026,6.7026,6.7026,6.7026,6.7026,6.7026,6.7026,6.7026,6.7026,6.7026,6.7026,6.7026,6.7026,6.7026,6.7026,6.7026,6.7026,6.7026,6.7026,6.7026,6.7026,6.7026,6.7026,6.7026,6.7026,6.7026,6.7026,6.7026,6.7026,6.7026,6.7026,6.7026,6.7026,6.7026,6.7026,6.7026,6.7026,6.7026,6.7026,6.7026,6.7026,6.7026,6.7026,6.7026,6.7026,6.7026,6.7026,6.7026,6.7026,6.7026,6.7026,6.7026,6.7026,6.7026,6.7026,6.7026,6.7026,6.7026,6.7026,6.7026,6.7026,6.7026,6.7026,6.7026,6.7026,6.7026,6.7026,6.7026,6.7026,6.7026,6.7026,6.7026,6.7026,6.7026,6.7026,6.7026,6.7026,6.7026,6.7026,6.7026,6.7026,6.7026,6.7026,6.7026,6.7026,6.7026,6.7026,6.7026,6.7026,6.7026,6.7026,6.7026,6.7026,6.7026,6.7026,6.7026,6.7026,6.7026,6.7026,6.7026,6.7026,6.7026,6.7026,6.7026,6.7026,6.7026,6.7026,6.7026,6.7026,6.7026,6.7026,6.7026,6.7026,6.7026,6.7026,6.7026,6.7026,6.7026,6.7026,6.7026,6.7026,6.7026,6.7026,6.7026,6.7026,6.7026,6.7026,6.7026,6.7026,6.7026,6.7026,6.7026,6.7026,6.7026,6.7026,6.7026,6.7026,6.7026,6.7026,6.7026,6.7026,6.7026,6.7026,6.7026,6.7026,6.7026,6.7026,6.7026,6.7026,6.7026,6.7026,6.7026,6.7026,6.7026,6.7026,6.7026,6.7026,6.7026,6.7026,6.7026,6.7026,6.7026,6.7026,6.7026,6.7026,6.7026,6.7026,6.7026,6.7026,6.7026,6.7026,6.7026,6.7026,6.7026,6.7026,6.7026,6.7026,6.7026,6.7026,6.7026,6.7026,6.7026,6.7026,6.7026,6.7026,6.7026,6.7026,6.7026,6.7026,6.7026,6.7026,6.7026,6.7026,6.7026,6.7026,6.7026,6.7026,6.7026,6.7026,6.7026,6.7026,6.7026,6.1843,6.1672,6.1501,6.1332,6.1163,6.0998,6.0837,6.0674,6.0515,6.0378,6.0302,6.0278,6.0261,6.0243,6.0226,6.0209,6.0191,6.0174,6.0157,6.0140,6.0122,6.0105,6.0088,6.0071,6.0054,6.0036,6.0019,6.0002,5.9985,5.9968,5.9953,5.9936,5.9921,5.9904,5.9919,5.9942,5.9966,5.9987,6.0011,6.0034,6.0067,6.0103,6.0140,6.0176,6.0211,6.0248,6.0284,6.0321,6.0356,6.0393,6.0430,6.0467,6.0504,6.0541,6.0578,6.0615,6.0652,6.0690,6.0727,6.0764,6.0848,6.0941,6.1036,6.1129,6.1223,6.1314,6.1409,6.1505,6.1602,6.1697,6.1797,6.1900,6.2000,6.2101,6.2202,6.2329,6.2454,6.2580,6.2709,6.2835,6.2965,6.3090,6.3228,6.3366,6.3505,6.3645,6.3785,6.3926,6.4089,6.4273,6.4451,6.4630,6.4807,6.4982,6.5176,6.7026,6.7026,6.7026,6.7026,6.7026,6.7026,6.7026,6.7026,6.7026,6.7026,6.7026,6.7026,6.7026,6.7026,6.7026,6.7026,6.7026,6.7026,6.7026,6.7026,6.7026,6.7026,6.7026,6.7026,6.7026,6.7026,6.7026,6.7026,6.7026,6.7026,6.7026,6.7026,6.7026,6.7026,6.7026,6.7026,6.7026,6.7026,6.7026,6.7026,6.7026,6.7026,6.7026,6.7026,6.7026,6.7026,6.7026,6.7026,6.7026,6.7026,6.7026,6.7026,6.7026,6.7026,6.7026,6.7026,6.7026,6.7026,6.7026,6.7026,6.7026,6.7026,6.7026,6.7026,6.7026,6.7026,6.7026,6.7026,6.7026,6.7026,6.7026,6.7026,6.7026,6.7026,6.7026,6.7026,6.7026,6.7026,6.7026,6.7026,6.7026,6.7026,6.7026,6.7026,6.7026,6.7026,6.7026,6.7026,6.7026,6.7026,6.7026,6.7026,6.7026,6.7026,6.7026,6.7026,6.7026,6.7026,6.7026,6.7026,6.7026,6.7026,6.7026,6.7026,6.7026,6.7026,6.7026,6.7026,6.7026,6.7026,6.7026,6.7026,6.7026,6.7026,6.7026,6.7026,6.7026,6.7026,6.7026,6.7026,6.7026,6.7026,6.7026,6.7026,6.7026,6.7026,6.7026,6.7026,6.7026,6.7026,6.7026,6.7026,6.7026,6.7026,6.7026,6.7026,6.7026,6.7026,6.7026,6.7026,6.7026,6.7026,6.7026,6.7026,6.7026,6.7026,6.7026,6.7026,6.7026,6.7026,6.7026,6.7026,6.7026,6.7026,6.7026,6.7026,6.7026,6.7026,6.7026,6.7026,6.7026,6.7026,6.7026,6.7026,6.7026,6.7026,6.7026,6.7026,6.7026,6.7026,6.7026,6.7026,6.7026,6.7026,6.7026,6.7026,6.7026,6.7026,6.7026,6.7026,6.7026,6.7026,6.7026,6.7026,6.7026,6.7026,6.7026,6.7026,6.7026,6.7026,6.7026,6.7026,6.7026,6.7026,6.7026,6.7026,6.7026,6.7026,6.7026,6.7026,6.7026,6.7026,6.7026,6.7026,6.7026,6.7026,6.7026,6.7026,6.7026,6.7026,6.7026,6.7026,6.7026,6.7026,6.7026,6.7026,6.7026,6.7026,6.7026,6.7026,6.7026,6.7026,6.7026,6.7026,6.7026,6.7026,6.7026,6.7026,6.7026,6.7026,6.7026,6.7026,6.7026,6.7026,6.7026,6.7026,6.7026,6.7026,6.7026,6.7026,6.7026,6.7026,6.7026,6.7026,6.7026,6.7026,6.7026,6.7026,6.7026,6.7026,6.7026,6.7026,6.7026,6.7026,6.7026,6.7026,6.7026,6.7026,6.7026,6.7026,6.7026,6.7026,6.7026,6.7026,6.7026,6.7026,6.7026,6.7026,6.7026,6.7026,6.7026,6.7026,6.7026,6.7026,6.7026,6.7026,6.7026,6.7026,6.7026,6.7026,6.7026,6.7026,6.7026,6.7026,6.7026,6.7026,6.7026,6.7026,6.7026,6.7026,6.7026,6.7026,6.7026,6.7026,6.7026,6.7026,6.7026,6.7026,6.7026,6.7026,6.7026,6.7026,6.7026,6.7026,6.7026,6.7026,6.7026,6.7026,6.7026,6.7026,6.7026,6.7026,6.7026,6.7026,6.7026,6.7026,6.7026,6.7026,6.7026,6.7026,6.7026,6.7026,6.7026,6.7026,6.7026,6.7026,6.7026,6.7031,6.7031,6.7031,6.7031,6.7031,6.7031,6.7031,6.7031,6.7031,6.7031,6.7031,6.7031,6.7031,6.7031,6.7031,6.7031,6.7031,6.7031,6.7031,6.7031,6.7031,6.7031,6.7031,6.7031,6.7031,6.7031,6.7031,6.7031,6.7031,6.7031,6.7031,6.7031,6.7031,6.7031,6.7031,6.7031,6.7031,6.7031,6.7031,6.7031,6.7031,6.7031,6.7031,6.7031,6.7031,6.7031,6.7031,6.7031,6.7031,6.7031,6.7031,6.7031,6.7031,6.7031,6.7031,6.7031,6.7031,6.7031,6.7031,6.7031,6.7031,6.7031,6.7031,6.7031,6.7031,6.7031,6.7031,6.7031,6.7031,6.7031,6.7031,6.7031,6.7031,6.7031,6.7031,6.7031,6.7031,6.7031,6.7031,6.7031,6.7031,6.7031,6.7031,6.7031,6.7031,6.7031,6.7031,6.7031,6.7031,6.7031,6.7031,6.7031,6.7031,6.7031,6.7031,6.7031,6.7031,6.7031,6.7031,6.7031,6.7031,6.7031,6.7031,6.7031,6.7031,6.7031,6.7031,6.7031,6.7031,6.7031,6.7031,6.7031,6.7031,6.7031,6.7031,6.7031,6.7031,6.7031,6.7031,6.7031,6.7031,6.7031,6.7031,6.7031,6.7031,6.7031,6.7031,6.7031,6.7031,6.7031,6.7031,6.7031,6.7031,6.7031,6.7031,6.7031,6.7031,6.7031,6.7031,6.7031,6.7031,6.7031,6.7031,6.7031
6.6980,6.6980,6.6980,6.6980,6.6980,6.6980,6.6980,6.6980,6.6980,6.6980,6.6980,6.6980,6.6980,6.6980,6.6980,6.6980,6.6980,6.6980,6.6980,6.6980,6.6980,6.6980,6.6980,6.6980,6.6980,6.6980,6.6980,6.6980,6.6980,6.6980,6.6980,6.6980,6.6980,6.6980,6.6980,6.6980,6.6980,6.6980,6.6980,6.6980,6.6980,6.6980,6.6980,6.6980,6.6980,6.6980,6.6980,6.6980,6.6980,6.6980,6.6980,6.6980,6.6980,6.6980,6.6980,6.6980,6.6980,6.6980,6.6980,6.6980,6.6980,6.6980,6.6980,6.6980,6.6980,6.6980,6.6980,6.6980,6.6980,6.6980,6.6980,6.6980,6.6980,6.6980,6.6980,6.6980,6.6980,6.6980,6.6980,6.6980,6.6980,6.6980,6.6980,6.6980,6.6980,6.6980,6.6980,6.6980,6.6980,6.6980,6.6980,6.6980,6.6980,6.6980,6.6980,6.6980,6.6980,6.6980,6.6980,6.6980,6.6980,6.6980,6.6980,6.6980,6.6980,6.6980,6.6980,6.6980,6.6980,6.6980,6.6980,6.6980,6.6980,6.6980,6.6980,6.6980,6.6980,6.6980,6.6980,6.6980,6.6980,6.6980,6.6980,6.6980,6.6980,6.6980,6.6980,6.6980,6.6980,6.6980,6.6980,6.6980,6.6980,6.6980,6.6980,6.6980,6.6980,6.6980,6.6980,6.6980,6.6980,6.6980,6.6980,6.6980,6.6980,6.6980,6.6980,6.6980,6.6980,6.6980,6.6980,6.6980,6.6980,6.6980,6.6980,6.6980,6.6980,6.6980,6.6980,6.6980,6.6980,6.6980,6.6980,6.6980,6.6980,6.6980,6.6980,6.6980,6.6980,6.6980,6.6980,6.6980,6.6980,6.6980,6.6980,6.6980,6.6980,6.6980,6.6980,6.6980,6.6980,6.6980,6.6980,6.6980,6.6980,6.6980,6.6980,6.6980,6.6980,6.6980,6.6980,6.6980,6.6980,6.6980,6.6980,6.6980,6.6980,6.6980,6.6980,6.6980,6.6980,6.6980,6.6980,6.6980,6.6980,6.6980,6.6980,6.6980,6.6980,6.6980,6.6980,6.6980,6.6980,6.6980,6.6980,6.6980,6.6980,6.6980,6.6980,6.6980,6.6980,6.6980,6.6980,6.6980,6.6980,6.6980,6.6980,6.6980,6.6980,6.6980,6.6980,6.6980,6.6980,6.6980,6.6980,6.6980,6.6980,6.6980,6.6980,6.6980,6.6980,6.6980,6.6980,6.6980,6.6980,6.6980,6.6980,6.6980,6.6980,6.6980,6.6980,6.6980,6.6980,6.6980,6.6980,6.6980,6.6980,6.6980,6.6980,6.6980,6.6980,6.6980,6.6980,6.6980,6.6980,6.6980,6.6980,6.6980,6.6980,6.6980,6.6980,6.6980,6.6980,6.6980,6.6980,6.6980,6.6980,6.6980,6.6980,6.6980,6.6980,6.6980,6.6980,6.6980,6.6980,6.6980,6.6980,6.6980,6.6980,6.6980,6.6980,6.6980,6.6980,6.6980,6.6980,6.6980,6.6980,6.6980,6.6980,6.6980,6.6980,6.6980,6.6980,6.6980,6.6980,6.6980,6.6980,6.6980,6.6980,6.6980,6.6980,6.6980,6.6980,6.6980,6.6980,6.6980,6.6980,6.6980,6.6980,6.6980,6.6980,6.6980,6.6980,6.6980,6.6980,6.6980,6.6980,6.6980,6.6980,6.6980,6.6980,6.6980,6.6980,6.6980,6.6980,6.6980,6.6980,6.6980,6.6980,6.6980,6.6980,6.6980,6.6980,6.6980,6.6980,6.6980,6.6980,6.6980,6.6980,6.6980,6.6980,6.6980,6.6980,6.6980,6.6980,6.6980,6.6980,6.6980,6.6980,6.6980,6.6980,6.6980,6.6980,6.6980,6.6980,6.6980,6.6980,6.6980,6.6980,6.6980,6.6980,6.6980,6.6980,6.6980,6.6980,6.6980,6.6980,6.6980,6.6980,6.6980,6.6980,6.6980,6.6980,6.6980,6.6980,6.6980,6.6980,6.6980,6.6980,6.6980,6.6980,6.6980,6.6980,6.6980,6.2069,6.1863,6.1693,6.1521,6.1352,6.1183,6.1018,6.0857,6.0694,6.0534,6.0375,6.0319,6.0302,6.0284,6.0267,6.0250,6.0232,6.0215,6.0198,6.0181,6.0163,6.0146,6.0129,6.0112,6.0094,6.0077,6.0064,6.0047,6.0028,6.0011,5.9996,5.9976,5.9959,5.9944,5.9955,5.9979,6.0000,6.0032,6.0064,6.0101,6.0138,6.0174,6.0209,6.0245,6.0282,6.0317,6.0354,6.0391,6.0427,6.0464,6.0501,6.0539,6.0576,6.0613,6.0650,6.0687,6.0725,6.0762,6.0799,6.0837,6.0894,6.0987,6.1082,6.1176,6.1270,6.1361,6.1456,6.1553,6.1650,6.1749,6.1852,6.1952,6.2053,6.2154,6.2269,6.2396,6.2522,6.2648,6.2777,6.2904,6.3033,6.3161,6.3302,6.3441,6.3580,6.3720,6.3860,6.4002,6.4185,6.4367,6.4543,6.4712,6.4889,6.5075,6.6980,6.6980,6.6980,6.6980,6.6980,6.6980,6.6980,6.6980,6.6980,6.6980,6.6980,6.6980,6.6980,6.6980,6.6980,6.6980,6.6980,6.6980,6.6980,6.6980,6.6980,6.6980,6.6980,6.6980,6.6980,6.6980,6.6980,6.6980,6.6980,6.6980,6.6980,6.6980,6.6980,6.6980,6.6980,6.6980,6.6980,6.6980,6.6980,6.6980,6.6980,6.6980,6.6980,6.6980,6.6980,6.6980,6.6980,6.6980,6.6980,6.6980,6.6980,6.6980,6.6980,6.6980,6.6980,6.6980,6.6980,6.6980,6.6980,6.6980,6.6980,6.6980,6.6980,6.6980,6.6980,6.6980,6.6980,6.6980,6.6980,6.6980,6.6980,6.6980,6.6980,6.6980,6.6980,6.6980,6.6980,6.6980,6.6980,6.6980,6.6980,6.6980,6.6980,6.6980,6.6980,6.6980,6.6980,6.6980,6.6980,6.6980,6.6980,6.6980,6.6980,6.6980,6.6980,6.6980,6.6980,6.6980,6.6980,6.6980,6.6980,6.6980,6.6980,6.6980,6.6980,6.6980,6.6980,6.6980,6.6980,6.6980,6.6980,6.6980,6.6980,6.6980,6.6980,6.6980,6.6980,6.6980,6.6980,6.6980,6.6980,6.6980,6.6980,6.6980,6.6980,6.6980,6.6980,6.6980,6.6980,6.6980,6.6980,6.6980,6.6980,6.6980,6.6980,6.6980,6.6980,6.6980,6.6980,6.6980,6.6980,6.6980,6.6980,6.6980,6.6980,6.6980,6.6980,6.6980,6.6980,6.6980,6.6980,6.6980,6.6980,6.6980,6.6980,6.6980,6.6980,6.6980,6.6980,6.6980,6.6980,6.6980,6.6980,6.6980,6.6980,6.6980,6.6980,6.6980,6.6980,6.6980,6.6980,6.6980,6.6980,6.6980,6.6980,6.6980,6.6980,6.6980,6.6980,6.6980,6.6980,6.6980,6.6980,6.6980,6.6980,6.6980,6.6980,6.6980,6.6980,6.6980,6.6980,6.6980,6.6980,6.6980,6.6980,6.6980,6.6980,6.6980,6.6980,6.6980,6.6980,6.6980,6.6980,6.6980,6.6980,6.6980,6.6980,6.6980,6.6980,6.6980,6.6980,6.6980,6.6980,6.6980,6.6980,6.6980,6.6980,6.6980,6.6980,6.6980,6.6980,6.6980,6.6980,6.6980,6.6980,6.6980,6.6980,6.6980,6.6980,6.6980,6.6980,6.6980,6.6980,6.6980,6.6980,6.6980,6.6980,6.6980,6.6980,6.6980,6.6980,6.6980,6.6980,6.6980,6.6980,6.6980,6.6980,6.6980,6.6980,6.6980,6.6980,6.6980,6.6980,6.6980,6.6980,6.6980,6.6980,6.6980,6.6980,6.6980,6.6980,6.6980,6.6980,6.6980,6.6980,6.6980,6.6980,6.6980,6.6980,6.6980,6.6980,6.6980,6.6980,6.6980,6.6980,6.6980,6.6980,6.6980,6.6980,6.6980,6.6980,6.6980,6.6980,6.6980,6.6980,6.6980,6.6980,6.6980,6.6980,6.6980,6.6980,6.6980,6.6980,6.6980,6.6980,6.6980,6.6980,6.6980,6.6980,6.6980,6.6980,6.6980,6.6980,6.6980,6.6980,6.6980,6.6980,6.6980,6.6980,6.6980,6.6980,6.6980,6.6980,6.6980,6.6980,6.6980,6.6980,6.6980,6.6980,6.6980,6.6980,6.6980,6.6980,6.6980,6.6980,6.6980,6.6980,6.6980,6.6980,6.6980,6.6980,6.6980,6.6980,6.6980,6.6980,6.6980,6.6980,6.6980,6.6980,6.6980,6.6980,6.6980,6.6980,6.6980,6.6980,6.6980,6.6980,6.6980,6.6980,6.6980,6.6980,6.6980,6.6980,6.6980,6.6980,6.6980,6.6980,6.6980,6.6980,6.6980,6.6980,6.6980,6.6980,6.6980,6.6980,6.6980,6.6980,6.6980,6.6980,6.6980,6.6980,6.6980,6.6980,6.6980,6.6980,6.6980,6.6980,6.6980,6.6980,6.6980,6.6980,6.6980,6.6980,6.6980,6.6980,6.6980,6.6980,6.6980,6.6980,6.6980,6.6980,6.6980,6.6980,6.6980,6.6980,6.6980,6.6980,6.6980,6.6980,6.6980,6.6980,6.6980,6.6980,6.6980,6.6980,6.6980,6.6980,6.6980,6.6980,6.6980,6.6980,6.6980,6.6980,6.6980,6.6980,6.6980,6.6980,6.6980,6.6980,6.6980,6.6980,6.6980,6.6980,6.6980,6.6980,6.6980,6.6980,6.6980,6.6980,6.6980,6.6980,6.6980,6.6980,6.6980,6.6980,6.6980,6.6980,6.6980,6.6980,6.6980,6.6980,6.6980,6.6980,6.6980,6.6980,6.6980,6.6980,6.6980,6.6980,6.6980,6.6980,6.6980,6.6980,6.6980,6.6980,6.6980,6.6980,6.6980,6.6980,6.6980,6.6980,6.6980,6.6980,6.6980,6.6980,6.6980,6.6980,6.6980,6.6980,6.6980,6.6980,6.6980
6.6927,6.6927,6.6927,6.6927,6.6927,6.6927,6.6927,6.6927,6.6927,6.6927,6.6927,6.6927,6.6927,6.6927,6.6927,6.6927,6.6927,6.6927,6.6927,6.6927,6.6927,6.6927,6.6927,6.6927,6.6927,6.6927,6.6927,6.6927,6.6927,6.6927,6.6927,6.6927,6.6927,6.6927,6.6927,6.6927,6.6927,6.6927,6.6927,6.6927,6.6927,6.6927,6.6927,6.6927,6.6927,6.6927,6.6927,6.6927,6.6927,6.6927,6.6927,6.6927,6.6927,6.6927,6.6927,6.6927,6.6927,6.6927,6.6927,6.6927,6.6927,6.6927,6.6927,6.6927,6.6927,6.6927,6.6927,6.6927,6.6927,6.6927,6.6927,6.6927,6.6927,6.6927,6.6927,6.6927,6.6927,6.6927,6.6927,6.6927,6.6927,6.6927,6.6927,6.6927,6.6927,6.6927,6.6927,6.6927,6.6927,6.6927,6.6927,6.6927,6.6927,6.6927,6.6927,6.6927,6.6927,6.6927,6.6927,6.6927,6.6927,6.6927,6.6927,6.6927,6.6927,6.6927,6.6927,6.6927,6.6927,6.6927,6.6927,6.6927,6.6927,6.6927,6.6927,6.6927,6.6927,6.6927,6.6927,6.6927,6.6927,6.6927,6.6927,6.6927,6.6927,6.6927,6.6927,6.6927,6.6927,6.6927,6.6927,6.6927,6.6927,6.6927,6.6927,6.6927,6.6927,6.6927,6.6927,6.6927,6.6927,6.6927,6.6927,6.6927,6.6927,6.6927,6.6927,6.6927,6.6927,6.6927,6.6927,6.6927,6.6927,6.6927,6.6927,6.6927,6.6927,6.6927,6.6927,6.6927,6.6927,6.6927,6.6927,6.6927,6.6927,6.6927,6.6927,6.6927,6.6927,6.6927,6.6927,6.6927,6.6927,6.6927,6.6927,6.6927,6.6927,6.6927,6.6927,6.6927,6.6927,6.6927,6.6927,6.6927,6.6927,6.6927,6.6927,6.6927,6.6927,6.6927,6.6927,6.6927,6.6927,6.6927,6.6927,6.6927,6.6927,6.6927,6.6927,6.6927,6.6927,6.6927,6.6927,6.6927,6.6927,6.6927,6.6927,6.6927,6.6927,6.6927,6.6927,6.6927,6.6927,6.6927,6.6927,6.6927,6.6927,6.6927,6.6927,6.6927,6.6927,6.6927,6.6927,6.6927,6.6927,6.6927,6.6927,6.6927,6.6927,6.6927,6.6927,6.6927,6.6927,6.6927,6.6927,6.6927,6.6927,6.6927,6.6927,6.6927,6.6927,6.6927,6.6927,6.6927,6.6927,6.6927,6.6927,6.6927,6.6927,6.6927,6.6927,6.6927,6.6927,6.6927,6.6927,6.6927,6.6927,6.6927,6.6927,6.6927,6.6927,6.6927,6.6927,6.6927,6.6927,6.6927,6.6927,6.6927,6.6927,6.6927,6.6927,6.6927,6.6927,6.6927,6.6927,6.6927,6.6927,6.6927,6.6927,6.6927,6.6927,6.6927,6.6927,6.6927,6.6927,6.6927,6.6927,6.6927,6.6927,6.6927,6.6927,6.6927,6.6927,6.6927,6.6927,6.6927,6.6927,6.6927,6.6927,6.6927,6.6927,6.6927,6.6927,6.6927,6.6927,6.6927,6.6927,6.6927,6.6927,6.6927,6.6927,6.6927,6.6927,6.6927,6.6927,6.6927,6.6927,6.6927,6.6927,6.6927,6.6927,6.6927,6.6927,6.6927,6.6927,6.6927,6.6927,6.6927,6.6927,6.6927,6.6927,6.6927,6.6927,6.6927,6.6927,6.6927,6.6927,6.6927,6.6927,6.6927,6.6927,6.6927,6.6927,6.6927,6.6927,6.6927,6.6927,6.6927,6.6927,6.6927,6.6927,6.6927,6.6927,6.6927,6.6927,6.6927,6.6927,6.6927,6.6927,6.6927,6.6927,6.6927,6.6927,6.6927,6.6927,6.6927,6.6927,6.6927,6.6927,6.6927,6.6927,6.6927,6.6927,6.6927,6.6927,6.6927,6.6927,6.6927,6.6927,6.6927,6.6927,6.6927,6.6927,6.6927,6.6927,6.6927,6.6927,6.6927,6.6927,6.6927,6.6927,6.6927,6.6927,6.6927,6.6927,6.2113,6.1895,6.1713,6.1544,6.1373,6.1205,6.1038,6.0877,6.0714,6.0554,6.0421,6.0399,6.0378,6.0358,6.0336,6.0317,6.0297,6.0276,6.0256,6.0235,6.0215,6.0194,6.0174,6.0153,6.0133,6.0112,6.0092,6.0071,6.0052,6.0034,6.0017,6.0000,5.9983,5.9991,6.0026,6.0064,6.0099,6.0135,6.0170,6.0207,6.0243,6.0280,6.0315,6.0351,6.0388,6.0425,6.0460,6.0497,6.0534,6.0571,6.0608,6.0646,6.0683,6.0720,6.0758,6.0795,6.0832,6.0870,6.0907,6.0945,6.1034,6.1127,6.1223,6.1314,6.1409,6.1505,6.1602,6.1702,6.1802,6.1904,6.2005,6.2106,6.2212,6.2336,6.2464,6.2589,6.2718,6.2845,6.2972,6.3102,6.3238,6.3378,6.3515,6.3655,6.3795,6.3936,6.4092,6.4271,6.4453,6.4622,6.4799,6.4982,6.6927,6.6927,6.6927,6.6927,6.6927,6.6927,6.6927,6.6927,6.6927,6.6927,6.6927,6.6927,6.6927,6.6927,6.6927,6.6927,6.6927,6.6927,6.6927,6.6927,6.6927,6.6927,6.6927,6.6927,6.6927,6.6927,6.6927,6.6927,6.6927,6.6927,6.6927,6.6927,6.6927,6.6927,6.6927,6.6927,6.6927,6.6927,6.6927,6.6927,6.6927,6.6927,6.6927,6.6927,6.6927,6.6927,6.6927,6.6927,6.6927,6.6927,6.6927,6.6927,6.6927,6.6927,6.6927,6.6927,6.6927,6.6927,6.6927,6.6927,6.6927,6.6927,6.6927,6.6927,6.6927,6.6927,6.6927,6.6927,6.6927,6.6927,6.6927,6.6927,6.6927,6.6927,6.6927,6.6927,6.6927,6.6927,6.6927,6.6927,6.6927,6.6927,6.6927,6.6927,6.6927,6.6927,6.6927,6.6927,6.6927,6.6927,6.6927,6.6927,6.6927,6.6927,6.6927,6.6927,6.6927,6.6927,6.6927,6.6927,6.6927,6.6927,6.6927,6.6927,6.6927,6.6927,6.6927,6.6927,6.6927,6.6927,6.6927,6.6927,6.6927,6.6927,6.6927,6.6927,6.6927,6.6927,6.6927,6.6927,6.6927,6.6927,6.6927,6.6927,6.6927,6.6927,6.6927,6.6927,6.6927,6.6927,6.6927,6.6927,6.6927,6.6927,6.6927,6.6927,6.6927,6.6927,6.6927,6.6927,6.6927,6.6927,6.6927,6.6927,6.6927,6.6927,6.6927,6.6927,6.6927,6.6927,6.6927,6.6927,6.6927,6.6927,6.6927,6.6927,6.6927,6.6927,6.6927,6.6927,6.6927,6.6927,6.6927,6.6927,6.6927,6.6927,6.6927,6.6927,6.6927,6.6927,6.6927,6.6927,6.6927,6.6927,6.6927,6.6927,6.6927,6.6927,6.6927,6.6927,6.6927,6.6927,6.6927,6.6927,6.6927,6.6927,6.6927,6.6927,6.6927,6.6927,6.6927,6.6927,6.6927,6.6927,6.6927,6.6927,6.6927,6.6927,6.6927,6.6927,6.6927,6.6927,6.6927,6.6927,6.6927,6.6927,6.6927,6.6927,6.6927,6.6927,6.6927,6.6927,6.6927,6.6927,6.6927,6.6927,6.6927,6.6927,6.6927,6.6927,6.6927,6.6927,6.6927,6.6927,6.6927,6.6927,6.6927,6.6927,6.6927,6.6927,6.6927,6.6927,6.6927,6.6927,6.6927,6.6927,6.6927,6.6927,6.6927,6.6927,6.6927,6.6927,6.6927,6.6927,6.6927,6.6927,6.6927,6.6927,6.6927,6.6927,6.6927,6.6927,6.6927,6.6927,6.6927,6.6927,6.6927,6.6927,6.6927,6.6927,6.6927,6.6927,6.6927,6.6927,6.6927,6.6927,6.6927,6.6927,6.6927,6.6927,6.6927,6.6927,6.6927,6.6927,6.6927,6.6927,6.6927,6.6927,6.6927,6.6927,6.6927,6.6927,6.6927,6.6927,6.6927,6.6927,6.6927,6.6927,6.6927,6.6927,6.6927,6.6927,6.6927,6.6927,6.6927,6.6927,6.6927,6.6927,6.6927,6.6927,6.6927,6.6927,6.6927,6.6927,6.6927,6.6927,6.6927,6.6927,6.6927,6.6927,6.6927,6.6927,6.6927,6.6927,6.6927,6.6927,6.6927,6.6927,6.6927,6.6927,6.6927,6.6927,6.6927,6.6927,6.6927,6.6927,6.6927,6.6927,6.6927,6.6927,6.6927,6.6927,6.6927,6.6927,6.6927,6.6927,6.6927,6.6927,6.6927,6.6927,6.6927,6.6927,6.6927,6.6927,6.6927,6.6927,6.6927,6.6927,6.6927,6.6927,6.6927,6.6927,6.6927,6.6927,6.6927,6.6927,6.6927,6.6927,6.6927,6.6927,6.6927,6.6927,6.6927,6.6927,6.6927,6.6927,6.6927,6.6927,6.6927,6.6927,6.6927,6.6927,6.6927,6.6927,6.6927,6.6927,6.6927,6.6927,6.6927,6.6927,6.6927,6.6927,6.6927,6.6927,6.6927,6.6932,6.6932,6.6932,6.6932,6.6932,6.6932,6.6932,6.6932,6.6932,6.6932,6.6932,6.6932,6.6932,6.6932,6.6932,6.6932,6.6932,6.6932,6.6932,6.6932,6.6932,6.6932,6.6932,6.6932,6.6932,6.6932,6.6932,6.6932,6.6932,6.6932,6.6932,6.6932,6.6932,6.6932,6.6932,6.6932,6.6932,6.6932,6.6932,6.6932,6.6932,6.6932,6.6932,6.6932,6.6932,6.6932,6.6932,6.6932,6.6932,6.6932,6.6932,6.6932,6.6932,6.6932,6.6932,6.6932,6.6932,6.6932,6.6932,6.6932,6.6932,6.6932,6.6932,6.6932,6.6932,6.6932,6.6932,6.6932,6.6932,6.6932,6.6932,6.6932,6.6932,6.6932,6.6932,6.6932,6.6932,6.6932,6.6932,6.6932,6.6932,6.6932,6.6932,6.6932,6.6932,6.6932,6.6932,6.6932
6.6882,6.6882,6.6882,6.6882,6.6882,6.6882,6.6882,6.6882,6.6882,6.6882,6.6882,6.6882,6.6882,6.6882,6.6882,6.6882,6.6882,6.6882,6.6882,6.6882,6.6882,6.6882,6.6882,6.6882,6.6882,6.6882,6.6882,6.6882,6.6882,6.6882,6.6882,6.6882,6.6882,6.6882,6.6882,6.6882,6.6882,6.6882,6.6882,6.6882,6.6882,6.6882,6.6882,6.6882,6.6882,6.6882,6.6882,6.6882,6.6882,6.6882,6.6882,6.6882,6.6882,6.6882,6.6882,6.6882,6.6882,6.6882,6.6882,6.6882,6.6882,6.6882,6.6882,6.6882,6.6882,6.6882,6.6882,6.6882,6.6882,6.6882,6.6882,6.6882,6.6882,6.6882,6.6882,6.6882,6.6882,6.6882,6.6882,6.6882,6.6882,6.6882,6.6882,6.6882,6.6882,6.6882,6.6882,6.6882,6.6882,6.6882,6.6882,6.6882,6.6882,6.6882,6.6882,6.6882,6.6882,6.6882,6.6882,6.6882,6.6882,6.6882,6.6882,6.6882,6.6882,6.6882,6.6882,6.6882,6.6882,6.6882,6.6882,6.6882,6.6882,6.6882,6.6882,6.6882,6.6882,6.6882,6.6882,6.6882,6.6882,6.6882,6.6882,6.6882,6.6882,6.6882,6.6882,6.6882,6.6882,6.6882,6.6882,6.6882,6.6882,6.6882,6.6882,6.6882,6.6882,6.6882,6.6882,6.6882,6.6882,6.6882,6.6882,6.6882,6.6882,6.6882,6.6882,6.6882,6.6882,6.6882,6.6882,6.6882,6.6882,6.6882,6.6882,6.6882,6.6882,6.6882,6.6882,6.6882,6.6882,6.6882,6.6882,6.6882,6.6882,6.6882,6.6882,6.6882,6.6882,6.6882,6.6882,6.6882,6.6882,6.6882,6.6882,6.6882,6.6882,6.6882,6.6882,6.6882,6.6882,6.6882,6.6882,6.6882,6.6882,6.6882,6.6882,6.6882,6.6882,6.6882,6.6882,6.6882,6.6882,6.6882,6.6882,6.6882,6.6882,6.6882,6.6882,6.6882,6.6882,6.6882,6.6882,6.6882,6.6882,6.6882,6.6882,6.6882,6.6882,6.6882,6.6882,6.6882,6.6882,6.6882,6.6882,6.6882,6.6882,6.6882,6.6882,6.6882,6.6882,6.6882,6.6882,6.6882,6.6882,6.6882,6.6882,6.6882,6.6882,6.6882,6.6882,6.6882,6.6882,6.6882,6.6882,6.6882,6.6882,6.6882,6.6882,6.6882,6.6882,6.6882,6.6882,6.6882,6.6882,6.6882,6.6882,6.6882,6.6882,6.6882,6.6882,6.6882,6.6882,6.6882,6.6882,6.6882,6.6882,6.6882,6.6882,6.6882,6.6882,6.6882,6.6882,6.6882,6.6882,6.6882,6.6882,6.6882,6.6882,6.6882,6.6882,6.6882,6.6882,6.6882,6.6882,6.6882,6.6882,6.6882,6.6882,6.6882,6.6882,6.6882,6.6882,6.6882,6.6882,6.6882,6.6882,6.6882,6.6882,6.6882,6.6882,6.6882,6.6882,6.6882,6.6882,6.6882,6.6882,6.6882,6.6882,6.6882,6.6882,6.6882,6.6882,6.6882,6.6882,6.6882,6.6882,6.6882,6.6882,6.6882,6.6882,6.6882,6.6882,6.6882,6.6882,6.6882,6.6882,6.6882,6.6882,6.6882,6.6882,6.6882,6.6882,6.6882,6.6882,6.6882,6.6882,6.6882,6.6882,6.6882,6.6882,6.6882,6.6882,6.6882,6.6882,6.6882,6.6882,6.6882,6.6882,6.6882,6.6882,6.6882,6.6882,6.6882,6.6882,6.6882,6.6882,6.6882,6.6882,6.6882,6.6876,6.6876,6.6876,6.6876,6.6876,6.6876,6.6876,6.6876,6.6876,6.6876,6.6876,6.6876,6.6876,6.6876,6.6876,6.6876,6.6876,6.6876,6.6876,6.6876,6.6876,6.6876,6.6876,6.6876,6.6876,6.6876,6.6876,6.6876,6.6876,6.6876,6.6876,6.6876,6.6876,6.6876,6.6876,6.6876,6.6876,6.6876,6.6876,6.6876,6.6876,6.6876,6.6876,6.6876,6.6876,6.6876,6.2156,6.1927,6.1740,6.1564,6.1395,6.1225,6.1058,6.0894,6.0733,6.0574,6.0501,6.0480,6.0460,6.0438,6.0419,6.0397,6.0378,6.0356,6.0336,6.0315,6.0295,6.0273,6.0254,6.0232,6.0213,6.0191,6.0172,6.0150,6.0131,6.0110,6.0090,6.0071,6.0062,6.0099,6.0135,6.0170,6.0207,6.0241,6.0278,6.0315,6.0349,6.0386,6.0421,6.0458,6.0495,6.0532,6.0569,6.0606,6.0643,6.0681,6.0718,6.0755,6.0793,6.0830,6.0868,6.0905,6.0943,6.0980,6.1018,6.1078,6.1174,6.1267,6.1359,6.1456,6.1555,6.1657,6.1754,6.1854,6.1957,6.2058,6.2159,6.2278,6.2403,6.2531,6.2657,6.2786,6.2913,6.3041,6.3171,6.3309,6.3448,6.3587,6.3727,6.3868,6.4009,6.4183,6.4365,6.4533,6.4714,6.4892,6.6876,6.6876,6.6876,6.6876,6.6876,6.6876,6.6876,6.6876,6.6876,6.6876,6.6876,6.6876,6.6876,6.6876,6.6876,6.6876,6.6876,6.6876,6.6876,6.6876,6.6876,6.6876,6.6876,6.6876,6.6876,6.6876,6.6876,6.6876,6.6876,6.6876,6.6876,6.6876,6.6876,6.6876,6.6876,6.6876,6.6876,6.6876,6.6876,6.6876,6.6876,6.6876,6.6876,6.6876,6.6876,6.6876,6.6876,6.6876,6.6876,6.6876,6.6876,6.6876,6.6876,6.6876,6.6876,6.6876,6.6876,6.6876,6.6876,6.6876,6.6876,6.6876,6.6876,6.6876,6.6876,6.6876,6.6876,6.6876,6.6876,6.6876,6.6876,6.6876,6.6876,6.6876,6.6876,6.6876,6.6876,6.6876,6.6876,6.6876,6.6876,6.6876,6.6876,6.6876,6.6876,6.6876,6.6876,6.6876,6.6876,6.6876,6.6876,6.6876,6.6876,6.6876,6.6876,6.6876,6.6876,6.6876,6.6876,6.6876,6.6876,6.6876,6.6876,6.6876,6.6876,6.6876,6.6876,6.6876,6.6876,6.6876,6.6876,6.6876,6.6876,6.6876,6.6876,6.6876,6.6876,6.6876,6.6876,6.6876,6.6876,6.6876,6.6876,6.6876,6.6876,6.6876,6.6876,6.6876,6.6876,6.6876,6.6876,6.6876,6.6876,6.6876,6.6876,6.6876,6.6876,6.6876,6.6876,6.6876,6.6876,6.6876,6.6876,6.6876,6.6876,6.6876,6.6876,6.6876,6.6876,6.6876,6.6876,6.6876,6.6876,6.6876,6.6876,6.6876,6.6876,6.6876,6.6876,6.6876,6.6876,6.6876,6.6876,6.6876,6.6876,6.6876,6.6876,6.6876,6.6876,6.6876,6.6876,6.6876,6.6876,6.6876,6.6876,6.6876,6.6876,6.6876,6.6876,6.6876,6.6876,6.6876,6.6876,6.6876,6.6876,6.6876,6.6876,6.6876,6.6876,6.6876,6.6876,6.6876,6.6876,6.6876,6.6876,6.6876,6.6876,6.6876,6.6876,6.6876,6.6876,6.6876,6.6876,6.6876,6.6876,6.6876,6.6876,6.6876,6.6876,6.6876,6.6876,6.6876,6.6876,6.6876,6.6876,6.6876,6.6876,6.6876,6.6876,6.6876,6.6876,6.6876,6.6876,6.6876,6.6876,6.6876,6.6876,6.6876,6.6876,6.6876,6.6876,6.6876,6.6876,6.6876,6.6876,6.6876,6.6876,6.6876,6.6876,6.6876,6.6876,6.6876,6.6876,6.6876,6.6876,6.6876,6.6876,6.6876,6.6876,6.6876,6.6876,6.6876,6.6876,6.6876,6.6876,6.6876,6.6876,6.6876,6.6876,6.6876,6.6876,6.6876,6.6876,6.6876,6.6876,6.6876,6.6876,6.6876,6.6876,6.6876,6.6876,6.6876,6.6876,6.6876,6.6876,6.6876,6.6876,6.6876,6.6876,6.6876,6.6876,6.6876,6.6876,6.6876,6.6876,6.6876,6.6876,6.6876,6.6876,6.6876,6.6876,6.6876,6.6876,6.6876,6.6876,6.6876,6.6876,6.6876,6.6876,6.6876,6.6876,6.6876,6.6876,6.6876,6.6876,6.6876,6.6876,6.6876,6.6876,6.6876,6.6876,6.6876,6.6876,6.6876,6.6876,6.6876,6.6876,6.6876,6.6876,6.6876,6.6876,6.6876,6.6876,6.6876,6.6876,6.6876,6.6876,6.6876,6.6876,6.6876,6.6876,6.6876,6.6876,6.6876,6.6876,6.6876,6.6876,6.6876,6.6876,6.6876,6.6876,6.6876,6.6876,6.6876,6.6876,6.6876,6.6876,6.6876,6.6876,6.6876,6.6876,6.6876,6.6876,6.6876,6.6876,6.6876,6.6876,6.6876,6.6876,6.6876,6.6876,6.6876,6.6876,6.6876,6.6876,6.6876,6.6876,6.6876,6.6876,6.6876,6.6876,6.6876,6.6876,6.6876,6.6876,6.6876,6.6876,6.6876,6.6876,6.6876,6.6876,6.6876,6.6876,6.6876,6.6876,6.6876,6.6876,6.6876,6.6876,6.6876,6.6876,6.6876,6.6876,6.6876,6.6876,6.6876,6.6876,6.6876,6.6876,6.6876,6.6876,6.6876,6.6876,6.6876,6.6876,6.6876,6.6876,6.6876,6.6876,6.6876,6.6876,6.6876,6.6876,6.6876,6.6876,6.6876,6.6876,6.6876,6.6876,6.6876,6.6876,6.6876,6.6876,6.6876,6.6876,6.6876,6.6876,6.6876,6.6876,6.6876,6.6876,6.6876,6.6876,6.6876,6.6876,6.6876,6.6876,6.6876,6.6876,6.6876,6.6876,6.6876,6.6876,6.6876,6.6876,6.6876,6.6876,6.6876,6.6876,6.6876,6.6876,6.6876,6.6876,6.6876,6.6876,6.6876,6.6876,6.6876,6.6876,6.6876,6.6876,6.6876,6.6876,6.6876,6.6876,6.6876,6.6876,6.6876,6.6876,6.6876,6.6876,6.6876,6.6876,6.6876
6.6831,6.6831,6.6831,6.6831,6.6831,6.6831,6.6831,6.6831,6.6831,6.6831,6.6831,6.6831,6.6831,6.6831,6.6831,6.6831,6.6831,6.6831,6.6831,6.6831,6.6831,6.6831,6.6831,6.6831,6.6831,6.6831,6.6831,6.6831,6.6831,6.6831,6.6831,6.6831,6.6831,6.6831,6.6831,6.6831,6.6831,6.6831,6.6831,6.6831,6.6831,6.6831,6.6831,6.6831,6.6831,6.6831,6.6831,6.6831,6.6831,6.6831,6.6831,6.6831,6.6831,6.6831,6.6831,6.6831,6.6831,6.6831,6.6831,6.6831,6.6831,6.6831,6.6831,6.6831,6.6831,6.6831,6.6831,6.6831,6.6831,6.6831,6.6831,6.6831,6.6831,6.6831,6.6831,6.6831,6.6831,6.6831,6.6831,6.6831,6.6831,6.6831,6.6831,6.6831,6.6831,6.6831,6.6831,6.6831,6.6831,6.6831,6.6831,6.6831,6.6831,6.6831,6.6831,6.6831,6.6831,6.6831,6.6831,6.6831,6.6831,6.6831,6.6831,6.6831,6.6831,6.6831,6.6831,6.6831,6.6831,6.6831,6.6831,6.6831,6.6831,6.6831,6.6831,6.6831,6.6831,6.6831,6.6831,6.6831,6.6831,6.6831,6.6831,6.6831,6.6831,6.6831,6.6831,6.6831,6.6831,6.6831,6.6831,6.6831,6.6831,6.6831,6.6831,6.6831,6.6831,6.6831,6.6831,6.6831,6.6831,6.6831,6.6831,6.6831,6.6831,6.6831,6.6831,6.6831,6.6831,6.6831,6.6831,6.6831,6.6831,6.6831,6.6831,6.6831,6.6831,6.6831,6.6831,6.6831,6.6831,6.6831,6.6831,6.6831,6.6831,6.6831,6.6831,6.6831,6.6831,6.6831,6.6831,6.6831,6.6831,6.6831,6.6831,6.6831,6.6831,6.6831,6.6831,6.6831,6.6831,6.6831,6.6831,6.6831,6.6831,6.6831,6.6831,6.6831,6.6831,6.6831,6.6831,6.6831,6.6831,6.6831,6.6831,6.6831,6.6831,6.6831,6.6831,6.6831,6.6831,6.6831,6.6831,6.6831,6.6831,6.6831,6.6831,6.6831,6.6831,6.6831,6.6831,6.6831,6.6831,6.6831,6.6831,6.6831,6.6831,6.6831,6.6831,6.6831,6.6831,6.6831,6.6831,6.6831,6.6831,6.6831,6.6831,6.6831,6.6831,6.6831,6.6831,6.6831,6.6831,6.6831,6.6831,6.6831,6.6831,6.6831,6.6831,6.6831,6.6831,6.6831,6.6831,6.6831,6.6831,6.6831,6.6831,6.6831,6.6831,6.6831,6.6831,6.6831,6.6831,6.6831,6.6831,6.6831,6.6831,6.6831,6.6831,6.6831,6.6831,6.6831,6.6831,6.6831,6.6831,6.6831,6.6831,6.6831,6.6831,6.6831,6.6831,6.6831,6.6831,6.6831,6.6831,6.6831,6.6831,6.6831,6.6831,6.6831,6.6831,6.6831,6.6831,6.6831,6.6831,6.6831,6.6831,6.6831,6.6831,6.6831,6.6831,6.6831,6.6831,6.6831,6.6831,6.6831,6.6831,6.6831,6.6831,6.6831,6.6831,6.6831,6.6831,6.6831,6.6831,6.6831,6.6831,6.6831,6.6831,6.6831,6.6831,6.6831,6.6831,6.6831,6.6831,6.6831,6.6831,6.6831,6.6831,6.6831,6.6831,6.6831,6.6831,6.6831,6.6831,6.6831,6.6831,6.6831,6.6831,6.6831,6.6831,6.6831,6.6831,6.6831,6.6831,6.6831,6.6831,6.6831,6.6831,6.6831,6.6831,6.6831,6.6831,6.6831,6.6831,6.6831,6.6831,6.6831,6.6831,6.6831,6.6831,6.6831,6.6831,6.6831,6.6831,6.6831,6.6831,6.6831,6.6831,6.6831,6.6831,6.6831,6.6831,6.6831,6.6831,6.6831,6.6831,6.6831,6.6831,6.6831,6.6831,6.6831,6.6831,6.6831,6.6831,6.6831,6.6831,6.6831,6.6831,6.6831,6.6831,6.6831,6.6831,6.6831,6.6831,6.6831,6.6831,6.6831,6.6831,6.6831,6.6831,6.6831,6.6831,6.6831,6.6831,6.6831,6.2441,6.2200,6.1961,6.1772,6.1584,6.1415,6.1245,6.1078,6.0914,6.0753,6.0604,6.0582,6.0563,6.0541,6.0519,6.0499,6.0478,6.0458,6.0436,6.0417,6.0395,6.0375,6.0354,6.0334,6.0312,6.0293,6.0271,6.0252,6.0230,6.0211,6.0191,6.0172,6.0153,6.0172,6.0209,6.0243,6.0280,6.0315,6.0351,6.0388,6.0423,6.0460,6.0495,6.0532,6.0569,6.0604,6.0641,6.0679,6.0716,6.0751,6.0788,6.0826,6.0863,6.0903,6.0941,6.0978,6.1016,6.1054,6.1091,6.1129,6.1218,6.1312,6.1409,6.1507,6.1607,6.1706,6.1806,6.1909,6.2009,6.2110,6.2218,6.2345,6.2471,6.2599,6.2725,6.2854,6.2981,6.3112,6.3245,6.3383,6.3522,6.3662,6.3802,6.3943,6.4089,6.4269,6.4444,6.4620,6.4802,6.6831,6.6831,6.6831,6.6831,6.6831,6.6831,6.6831,6.6831,6.6831,6.6831,6.6831,6.6831,6.6831,6.6831,6.6831,6.6831,6.6831,6.6831,6.6831,6.6831,6.6831,6.6831,6.6831,6.6831,6.6831,6.6831,6.6831,6.6831,6.6831,6.6831,6.6831,6.6831,6.6831,6.6831,6.6831,6.6831,6.6831,6.6831,6.6831,6.6831,6.6831,6.6831,6.6831,6.6831,6.6831,6.6831,6.6831,6.6831,6.6831,6.6831,6.6831,6.6831,6.6831,6.6831,6.6831,6.6831,6.6831,6.6831,6.6831,6.6831,6.6831,6.6831,6.6831,6.6831,6.6831,6.6831,6.6831,6.6831,6.6831,6.6831,6.6831,6.6831,6.6831,6.6831,6.6831,6.6831,6.6831,6.6831,6.6831,6.6831,6.6831,6.6831,6.6831,6.6831,6.6831,6.6831,6.6831,6.6831,6.6831,6.6831,6.6831,6.6831,6.6831,6.6831,6.6831,6.6831,6.6831,6.6831,6.6831,6.6831,6.6831,6.6831,6.6831,6.6831,6.6831,6.6831,6.6831,6.6831,6.6831,6.6831,6.6831,6.6831,6.6831,6.6831,6.6831,6.6831,6.6831,6.6831,6.6831,6.6831,6.6831,6.6831,6.6831,6.6831,6.6831,6.6831,6.6831,6.6831,6.6831,6.6831,6.6831,6.6831,6.6831,6.6831,6.6831,6.6831,6.6831,6.6831,6.6831,6.6831,6.6831,6.6831,6.6831,6.6831,6.6831,6.6831,6.6831,6.6831,6.6831,6.6831,6.6831,6.6831,6.6831,6.6831,6.6831,6.6831,6.6831,6.6831,6.6831,6.6831,6.6831,6.6831,6.6831,6.6831,6.6831,6.6831,6.6831,6.6831,6.6831,6.6831,6.6831,6.6831,6.6831,6.6831,6.6831,6.6831,6.6831,6.6831,6.6831,6.6831,6.6831,6.6831,6.6831,6.6831,6.6831,6.6831,6.6831,6.6831,6.6831,6.6831,6.6831,6.6831,6.6831,6.6831,6.6831,6.6831,6.6831,6.6831,6.6831,6.6831,6.6831,6.6831,6.6831,6.6831,6.6831,6.6831,6.6831,6.6831,6.6831,6.6831,6.6831,6.6831,6.6831,6.6831,6.6831,6.6831,6.6831,6.6831,6.6831,6.6831,6.6831,6.6831,6.6831,6.6831,6.6831,6.6831,6.6831,6.6831,6.6831,6.6831,6.6831,6.6831,6.6831,6.6831,6.6831,6.6831,6.6831,6.6831,6.6831,6.6831,6.6831,6.6831,6.6831,6.6831,6.6831,6.6831,6.6831,6.6831,6.6831,6.6831,6.6831,6.6831,6.6831,6.6831,6.6831,6.6831,6.6831,6.6831,6.6831,6.6831,6.6831,6.6831,6.6831,6.6831,6.6831,6.6831,6.6831,6.6831,6.6831,6.6831,6.6831,6.6831,6.6831,6.6831,6.6831,6.6831,6.6831,6.6831,6.6831,6.6831,6.6831,6.6831,6.6831,6.6831,6.6831,6.6831,6.6831,6.6831,6.6831,6.6831,6.6831,6.6831,6.6831,6.6831,6.6831,6.6831,6.6831,6.6831,6.6831,6.6831,6.6831,6.6831,6.6831,6.6831,6.6831,6.6831,6.6831,6.6831,6.6831,6.6831,6.6831,6.6831,6.6831,6.6831,6.6831,6.6831,6.6831,6.6831,6.6831,6.6831,6.6831,6.6831,6.6831,6.6831,6.6831,6.6831,6.6831,6.6831,6.6831,6.6831,6.6831,6.6831,6.6831,6.6831,6.6831,6.6831,6.6831,6.6831,6.6831,6.6831,6.6831,6.6831,6.6831,6.6831,6.6831,6.6831,6.6831,6.6831,6.6831,6.6831,6.6831,6.6831,6.6831,6.6831,6.6831,6.6831,6.6831,6.6831,6.6831,6.6831,6.6831,6.6831,6.6831,6.6831,6.6831,6.6831,6.6831,6.6831,6.6831,6.6831,6.6831,6.6831,6.6831,6.6831,6.6831,6.6831,6.6831,6.6831,6.6831,6.6831,6.6831,6.6831,6.6831,6.6831,6.6831,6.6831,6.6831,6.6831,6.6831,6.6831,6.6831,6.6831,6.6831,6.6831,6.6831,6.6831,6.6831,6.6831,6.6831,6.6831,6.6831,6.6831,6.6831,6.6831,6.6831,6.6831,6.6831,6.6831,6.6831,6.6831,6.6831,6.6831,6.6831,6.6831,6.6831,6.6831,6.6831,6.6831,6.6831,6.6831,6.6831,6.6831,6.6831,6.6831,6.6831,6.6831,6.6831,6.6831,6.6831,6.6831,6.6831,6.6831,6.6831,6.6831,6.6831,6.6831,6.6831,6.6831,6.6831,6.6831,6.6831,6.6831,6.6831,6.6831,6.6831,6.6831,6.6831,6.6831,6.6831,6.6831,6.6831,6.6831,6.6831,6.6831,6.6831,6.6831,6.6831,6.6831,6.6831,6.6831,6.6831,6.6831,6.6831,6.6831,6.6831,6.6831,6.6831,6.6831,6.6831,6.6831,6.6831,6.6831,6.6831,6.6831,6.6831
6.6775,6.6775,6.6775,6.6775,6.6775,6.6775,6.6775,6.6775,6.6775,6.6775,6.6775,6.6775,6.6775,6.6775,6.6775,6.6775,6.6775,6.6775,6.6775,6.6775,6.6775,6.6775,6.6775,6.6775,6.6775,6.6775,6.6775,6.6775,6.6775,6.6775,6.6775,6.6775,6.6775,6.6775,6.6775,6.6775,6.6775,6.6775,6.6775,6.6775,6.6775,6.6775,6.6775,6.6775,6.6775,6.6775,6.6775,6.6775,6.6775,6.6775,6.6775,6.6775,6.6775,6.6775,6.6775,6.6775,6.6775,6.6775,6.6775,6.6775,6.6775,6.6775,6.6775,6.6775,6.6775,6.6775,6.6775,6.6775,6.6775,6.6775,6.6775,6.6775,6.6775,6.6775,6.6775,6.6775,6.6775,6.6775,6.6775,6.6775,6.6775,6.6775,6.6775,6.6775,6.6775,6.6775,6.6775,6.6775,6.6775,6.6775,6.6775,6.6775,6.6775,6.6775,6.6775,6.6775,6.6775,6.6775,6.6775,6.6775,6.6775,6.6775,6.6775,6.6775,6.6775,6.6775,6.6775,6.6775,6.6775,6.6775,6.6775,6.6775,6.6775,6.6775,6.6775,6.6775,6.6775,6.6775,6.6775,6.6775,6.6775,6.6775,6.6775,6.6775,6.6775,6.6775,6.6775,6.6775,6.6775,6.6775,6.6775,6.6775,6.6775,6.6775,6.6775,6.6775,6.6775,6.6775,6.6775,6.6775,6.6775,6.6775,6.6775,6.6775,6.6775,6.6775,6.6775,6.6775,6.6775,6.6775,6.6775,6.6775,6.6775,6.6775,6.6775,6.6775,6.6775,6.6775,6.6775,6.6775,6.6775,6.6775,6.6775,6.6775,6.6775,6.6775,6.6775,6.6775,6.6775,6.6775,6.6775,6.6775,6.6775,6.6775,6.6775,6.6775,6.6775,6.6775,6.6775,6.6775,6.6775,6.6775,6.6775,6.6775,6.6775,6.6775,6.6775,6.6775,6.6775,6.6775,6.6775,6.6775,6.6775,6.6775,6.6775,6.6775,6.6775,6.6775,6.6775,6.6775,6.6775,6.6775,6.6775,6.6775,6.6775,6.6775,6.6775,6.6775,6.6775,6.6775,6.6775,6.6775,6.6775,6.6775,6.6775,6.6775,6.6775,6.6775,6.6775,6.6775,6.6775,6.6775,6.6775,6.6775,6.6775,6.6775,6.6775,6.6775,6.6775,6.6775,6.6775,6.6775,6.6775,6.6775,6.6775,6.6775,6.6775,6.6775,6.6775,6.6775,6.6775,6.6775,6.6775,6.6775,6.6775,6.6775,6.6775,6.6775,6.6775,6.6775,6.6775,6.6775,6.6775,6.6775,6.6775,6.6775,6.6775,6.6775,6.6775,6.6775,6.6775,6.6775,6.6775,6.6775,6.6775,6.6775,6.6775,6.6775,6.6775,6.6775,6.6775,6.6775,6.6775,6.6775,6.6775,6.6775,6.6775,6.6775,6.6775,6.6775,6.6775,6.6775,6.6775,6.6775,6.6775,6.6775,6.6775,6.6775,6.6775,6.6775,6.6775,6.6775,6.6775,6.6775,6.6775,6.6775,6.6775,6.6775,6.6775,6.6775,6.6775,6.6775,6.6775,6.6775,6.6775,6.6775,6.6775,6.6775,6.6775,6.6775,6.6775,6.6775,6.6775,6.6775,6.6775,6.6775,6.6775,6.6775,6.6775,6.6775,6.6775,6.6775,6.6775,6.6775,6.6775,6.6775,6.6775,6.6775,6.6775,6.6775,6.6775,6.6775,6.6775,6.6775,6.6775,6.6775,6.6775,6.6775,6.6775,6.6775,6.6775,6.6775,6.6775,6.6775,6.6775,6.6775,6.6775,6.6775,6.6775,6.6775,6.6775,6.6775,6.6775,6.6775,6.6775,6.6775,6.6775,6.6775,6.6775,6.6775,6.6775,6.6775,6.6775,6.6775,6.6775,6.6775,6.6775,6.6775,6.6775,6.6775,6.6775,6.6775,6.6775,6.6775,6.6775,6.6775,6.6775,6.6775,6.6775,6.6775,6.6775,6.6775,6.6775,6.6775,6.6775,6.6775,6.6775,6.6775,6.6775,6.6775,6.6775,6.6775,6.6775,6.6775,6.6775,6.6775,6.6775,6.2485,6.2244,6.2005,6.1804,6.1618,6.1435,6.1267,6.1098,6.0934,6.0773,6.0685,6.0665,6.0643,6.0622,6.0600,6.0580,6.0558,6.0539,6.0517,6.0497,6.0475,6.0456,6.0434,6.0414,6.0393,6.0373,6.0354,6.0334,6.0315,6.0295,6.0276,6.0256,6.0245,6.0282,6.0317,6.0354,6.0391,6.0425,6.0462,6.0497,6.0534,6.0571,6.0606,6.0643,6.0681,6.0716,6.0753,6.0791,6.0828,6.0863,6.0901,6.0938,6.0976,6.1011,6.1049,6.1087,6.1125,6.1163,6.1200,6.1265,6.1359,6.1460,6.1559,6.1659,6.1759,6.1859,6.1961,6.2062,6.2163,6.2285,6.2413,6.2538,6.2667,6.2793,6.2922,6.3052,6.3180,6.3321,6.3457,6.3597,6.3737,6.3877,6.4021,6.4175,6.4355,6.4535,6.4712,6.6775,6.6775,6.6775,6.6775,6.6775,6.6775,6.6775,6.6775,6.6775,6.6775,6.6775,6.6775,6.6775,6.6775,6.6775,6.6775,6.6775,6.6775,6.6775,6.6775,6.6775,6.6775,6.6775,6.6775,6.6775,6.6775,6.6775,6.6775,6.6775,6.6775,6.6775,6.6775,6.6775,6.6775,6.6775,6.6775,6.6775,6.6775,6.6775,6.6775,6.6775,6.6775,6.6775,6.6775,6.6775,6.6775,6.6775,6.6775,6.6775,6.6775,6.6775,6.6775,6.6775,6.6775,6.6775,6.6775,6.6775,6.6775,6.6775,6.6775,6.6775,6.6775,6.6775,6.6775,6.6775,6.6775,6.6775,6.6775,6.6775,6.6775,6.6775,6.6775,6.6775,6.6775,6.6775,6.6775,6.6775,6.6775,6.6775,6.6775,6.6775,6.6775,6.6775,6.6775,6.6775,6.6775,6.6775,6.6775,6.6775,6.6775,6.6775,6.6775,6.6775,6.6775,6.6775,6.6775,6.6775,6.6775,6.6775,6.6775,6.6775,6.6775,6.6775,6.6775,6.6775,6.6775,6.6775,6.6775,6.6775,6.6775,6.6775,6.6775,6.6775,6.6775,6.6775,6.6775,6.6775,6.6775,6.6775,6.6775,6.6775,6.6775,6.6775,6.6775,6.6775,6.6775,6.6775,6.6775,6.6775,6.6775,6.6775,6.6775,6.6775,6.6775,6.6775,6.6775,6.6775,6.6775,6.6775,6.6775,6.6775,6.6775,6.6775,6.6775,6.6775,6.6775,6.6775,6.6775,6.6775,6.6775,6.6775,6.6775,6.6775,6.6775,6.6775,6.6775,6.6775,6.6775,6.6775,6.6775,6.6775,6.6775,6.6775,6.6775,6.6775,6.6775,6.6775,6.6775,6.6775,6.6775,6.6775,6.6775,6.6775,6.6775,6.6775,6.6775,6.6775,6.6775,6.6775,6.6775,6.6775,6.6775,6.6775,6.6775,6.6775,6.6775,6.6775,6.6775,6.6775,6.6775,6.6775,6.6775,6.6775,6.6775,6.6775,6.6775,6.6775,6.6775,6.6775,6.6775,6.6775,6.6775,6.6775,6.6775,6.6775,6.6775,6.6775,6.6775,6.6775,6.6775,6.6775,6.6775,6.6775,6.6775,6.6775,6.6775,6.6775,6.6775,6.6775,6.6775,6.6775,6.6775,6.6775,6.6775,6.6775,6.6775,6.6775,6.6775,6.6775,6.6775,6.6775,6.6775,6.6775,6.6775,6.6775,6.6775,6.6775,6.6775,6.6775,6.6775,6.6775,6.6775,6.6775,6.6775,6.6775,6.6775,6.6775,6.6775,6.6775,6.6775,6.6775,6.6775,6.6775,6.6775,6.6775,6.6775,6.6775,6.6775,6.6775,6.6775,6.6775,6.6775,6.6775,6.6775,6.6775,6.6775,6.6775,6.6775,6.6775,6.6775,6.6775,6.6775,6.6775,6.6775,6.6775,6.6775,6.6775,6.6775,6.6775,6.6775,6.6775,6.6775,6.6781,6.6781,6.6781,6.6781,6.6781,6.6781,6.6781,6.6781,6.6781,6.6781,6.6781,6.6781,6.6781,6.6781,6.6781,6.6781,6.6781,6.6781,6.6781,6.6781,6.6781,6.6781,6.6781,6.6781,6.6781,6.6781,6.6781,6.6781,6.6781,6.6781,6.6781,6.6781,6.6781,6.6781,6.6781,6.6781,6.6781,6.6781,6.6781,6.6781,6.6781,6.6781,6.6781,6.6781,6.6781,6.6781,6.6781,6.6781,6.6781,6.6781,6.6781,6.6781,6.6781,6.6781,6.6781,6.6781,6.6781,6.6781,6.6781,6.6781,6.6781,6.6781,6.6781,6.6781,6.6781,6.6781,6.6781,6.6781,6.6781,6.6781,6.6781,6.6781,6.6781,6.6781,6.6781,6.6781,6.6781,6.6781,6.6781,6.6781,6.6781,6.6781,6.6781,6.6781,6.6781,6.6781,6.6781,6.6781,6.6781,6.6781,6.6781,6.6781,6.6781,6.6781,6.6781,6.6781,6.6781,6.6781,6.6781,6.6781,6.6781,6.6781,6.6781,6.6781,6.6781,6.6781,6.6781,6.6781,6.6781,6.6781,6.6781,6.6781,6.6781,6.6781,6.6781,6.6781,6.6781,6.6781,6.6781,6.6781,6.6781,6.6781,6.6781,6.6781,6.6781,6.6781,6.6781,6.6781,6.6781,6.6781,6.6781,6.6781,6.6781,6.6781,6.6781,6.6781,6.6781,6.6781,6.6781,6.6781,6.6781,6.6781,6.6781,6.6781,6.6781,6.6781,6.6781,6.6781,6.6781,6.6781,6.6781,6.6781,6.6781,6.6781,6.6781,6.6781,6.6781,6.6781,6.6781,6.6781,6.6781,6.6781,6.6781,6.6781,6.6781,6.6781,6.6781,6.6781,6.6781,6.6781,6.6781,6.6781,6.6781,6.6781,6.6781,6.6781,6.6781,6.6781,6.6781,6.6781,6.6781,6.6781,6.6781,6.6781,6.6781,6.6781,6.6781,6.6781,6.6781,6.6781,6.6781,6.6781,6.6781,6.6781
6.6733,6.6733,6.6733,6.6733,6.6733,6.6733,6.6733,6.6733,6.6733,6.6733,6.6733,6.6733,6.6733,6.6733,6.6733,6.6733,6.6733,6.6733,6.6733,6.6733,6.6733,6.6733,6.6733,6.6733,6.6733,6.6733,6.6733,6.6733,6.6733,6.6733,6.6733,6.6733,6.6733,6.6733,6.6733,6.6733,6.6733,6.6733,6.6733,6.6733,6.6733,6.6733,6.6733,6.6733,6.6733,6.6733,6.6733,6.6733,6.6733,6.6733,6.6733,6.6733,6.6733,6.6733,6.6733,6.6733,6.6733,6.6733,6.6733,6.6733,6.6733,6.6733,6.6733,6.6733,6.6733,6.6733,6.6733,6.6733,6.6733,6.6733,6.6733,6.6733,6.6733,6.6733,6.6733,6.6733,6.6733,6.6733,6.6733,6.6733,6.6733,6.6733,6.6733,6.6733,6.6733,6.6733,6.6733,6.6733,6.6733,6.6733,6.6733,6.6733,6.6733,6.6733,6.6733,6.6733,6.6733,6.6733,6.6733,6.6733,6.6733,6.6733,6.6733,6.6733,6.6733,6.6733,6.6733,6.6733,6.6733,6.6733,6.6733,6.6733,6.6733,6.6733,6.6733,6.6733,6.6733,6.6733,6.6733,6.6733,6.6733,6.6733,6.6733,6.6733,6.6733,6.6733,6.6733,6.6733,6.6733,6.6733,6.6733,6.6733,6.6733,6.6733,6.6733,6.6733,6.6733,6.6733,6.6733,6.6733,6.6733,6.6733,6.6733,6.6733,6.6733,6.6733,6.6733,6.6733,6.6733,6.6733,6.6733,6.6733,6.6733,6.6733,6.6733,6.6733,6.6733,6.6733,6.6733,6.6733,6.6733,6.6733,6.6733,6.6733,6.6733,6.6733,6.6733,6.6733,6.6733,6.6733,6.6733,6.6733,6.6733,6.6733,6.6733,6.6733,6.6733,6.6733,6.6733,6.6733,6.6733,6.6733,6.6733,6.6733,6.6733,6.6733,6.6733,6.6733,6.6733,6.6733,6.6733,6.6733,6.6733,6.6733,6.6733,6.6733,6.6733,6.6733,6.6733,6.6733,6.6733,6.6733,6.6733,6.6733,6.6733,6.6733,6.6733,6.6733,6.6733,6.6733,6.6733,6.6733,6.6733,6.6733,6.6733,6.6733,6.6733,6.6733,6.6733,6.6733,6.6733,6.6733,6.6733,6.6733,6.6733,6.6733,6.6733,6.6733,6.6733,6.6733,6.6733,6.6733,6.6733,6.6733,6.6733,6.6733,6.6733,6.6733,6.6733,6.6733,6.6733,6.6733,6.6733,6.6733,6.6733,6.6733,6.6733,6.6733,6.6733,6.6733,6.6733,6.6733,6.6733,6.6733,6.6733,6.6733,6.6733,6.6733,6.6733,6.6733,6.6733,6.6733,6.6733,6.6733,6.6733,6.6733,6.6733,6.6733,6.6733,6.6733,6.6733,6.6733,6.6733,6.6733,6.6733,6.6733,6.6733,6.6733,6.6733,6.6733,6.6733,6.6733,6.6733,6.6733,6.6733,6.6733,6.6733,6.6733,6.6733,6.6733,6.6733,6.6733,6.6733,6.6733,6.6733,6.6733,6.6733,6.6733,6.6733,6.6733,6.6733,6.6733,6.6733,6.6733,6.6733,6.6733,6.6733,6.6733,6.6733,6.6733,6.6733,6.6733,6.6733,6.6733,6.6733,6.6733,6.6733,6.6733,6.6733,6.6733,6.6733,6.6733,6.6733,6.6733,6.6733,6.6733,6.6733,6.6733,6.6733,6.6733,6.6733,6.6733,6.6733,6.6733,6.6733,6.6733,6.6733,6.6733,6.6733,6.6733,6.6733,6.6733,6.6733,6.6733,6.6733,6.6733,6.6733,6.6733,6.6733,6.6733,6.6733,6.6733,6.6733,6.6733,6.6733,6.6733,6.6733,6.6733,6.6733,6.6733,6.6733,6.6733,6.6733,6.6733,6.6733,6.6733,6.6733,6.6733,6.6733,6.6733,6.6733,6.6733,6.6733,6.6733,6.6733,6.6733,6.6733,6.6733,6.6733,6.6733,6.6733,6.6733,6.6733,6.6733,6.6733,6.6733,6.6733,6.6733,6.6733,6.6733,6.6733,6.6733,6.6733,6.6733,6.6733,6.6733,6.6733,6.6733,6.2529,6.2288,6.2048,6.1836,6.1650,6.1462,6.1288,6.1118,6.0954,6.0793,6.0769,6.0747,6.0725,6.0703,6.0683,6.0661,6.0639,6.0619,6.0598,6.0578,6.0556,6.0536,6.0515,6.0495,6.0475,6.0456,6.0436,6.0417,6.0399,6.0380,6.0360,6.0341,6.0356,6.0391,6.0427,6.0464,6.0499,6.0536,6.0571,6.0608,6.0646,6.0681,6.0718,6.0755,6.0793,6.0828,6.0865,6.0903,6.0941,6.0976,6.1014,6.1051,6.1089,6.1125,6.1163,6.1200,6.1238,6.1274,6.1314,6.1411,6.1512,6.1611,6.1711,6.1811,6.1911,6.2014,6.2115,6.2228,6.2352,6.2480,6.2606,6.2734,6.2861,6.2991,6.3121,6.3254,6.3393,6.3529,6.3669,6.3809,6.3950,6.4089,6.4266,6.4446,6.4622,6.6733,6.6733,6.6733,6.6733,6.6733,6.6733,6.6733,6.6733,6.6733,6.6733,6.6733,6.6733,6.6733,6.6733,6.6733,6.6733,6.6733,6.6733,6.6733,6.6733,6.6733,6.6733,6.6733,6.6733,6.6733,6.6733,6.6733,6.6733,6.6733,6.6733,6.6733,6.6733,6.6733,6.6733,6.6733,6.6733,6.6733,6.6733,6.6733,6.6733,6.6733,6.6733,6.6733,6.6733,6.6733,6.6733,6.6733,6.6733,6.6733,6.6733,6.6733,6.6733,6.6733,6.6733,6.6733,6.6733,6.6733,6.6733,6.6733,6.6733,6.6733,6.6733,6.6733,6.6733,6.6733,6.6733,6.6733,6.6733,6.6733,6.6733,6.6733,6.6733,6.6733,6.6733,6.6733,6.6733,6.6733,6.6733,6.6733,6.6733,6.6733,6.6733,6.6733,6.6733,6.6733,6.6733,6.6733,6.6733,6.6733,6.6733,6.6733,6.6733,6.6733,6.6733,6.6733,6.6733,6.6733,6.6733,6.6733,6.6733,6.6733,6.6733,6.6733,6.6733,6.6733,6.6733,6.6733,6.6733,6.6733,6.6733,6.6733,6.6733,6.6733,6.6733,6.6733,6.6733,6.6733,6.6733,6.6733,6.6733,6.6733,6.6733,6.6733,6.6733,6.6733,6.6733,6.6733,6.6733,6.6733,6.6733,6.6733,6.6733,6.6733,6.6733,6.6733,6.6733,6.6733,6.6733,6.6733,6.6733,6.6733,6.6733,6.6733,6.6733,6.6733,6.6733,6.6733,6.6733,6.6733,6.6733,6.6733,6.6733,6.6733,6.6733,6.6733,6.6733,6.6733,6.6733,6.6733,6.6733,6.6733,6.6733,6.6733,6.6733,6.6733,6.6733,6.6733,6.6733,6.6733,6.6733,6.6733,6.6733,6.6733,6.6733,6.6733,6.6733,6.6733,6.6733,6.6733,6.6733,6.6733,6.6733,6.6733,6.6733,6.6733,6.6733,6.6733,6.6733,6.6733,6.6733,6.6733,6.6733,6.6733,6.6733,6.6733,6.6733,6.6733,6.6733,6.6733,6.6733,6.6733,6.6733,6.6733,6.6733,6.6733,6.6733,6.6733,6.6733,6.6733,6.6733,6.6733,6.6733,6.6733,6.6733,6.6733,6.6733,6.6733,6.6733,6.6733,6.6733,6.6733,6.6733,6.6733,6.6733,6.6733,6.6733,6.6733,6.6733,6.6733,6.6733,6.6733,6.6733,6.6733,6.6733,6.6733,6.6733,6.6733,6.6733,6.6733,6.6733,6.6733,6.6733,6.6733,6.6733,6.6733,6.6733,6.6733,6.6733,6.6733,6.6733,6.6733,6.6733,6.6733,6.6733,6.6733,6.6733,6.6733,6.6733,6.6733,6.6733,6.6733,6.6733,6.6733,6.6733,6.6733,6.6733,6.6733,6.6733,6.6733,6.6733,6.6733,6.6733,6.6733,6.6733,6.6733,6.6733,6.6733,6.6733,6.6733,6.6733,6.6733,6.6733,6.6733,6.6733,6.6733,6.6733,6.6733,6.6733,6.6733,6.6733,6.6733,6.6733,6.6733,6.6733,6.6733,6.6733,6.6733,6.6733,6.6733,6.6733,6.6733,6.6733,6.6733,6.6733,6.6733,6.6733,6.6733,6.6733,6.6733,6.6733,6.6733,6.6733,6.6733,6.6733,6.6733,6.6733,6.6733,6.6733,6.6733,6.6733,6.6733,6.6733,6.6733,6.6733,6.6733,6.6733,6.6733,6.6733,6.6733,6.6733,6.6733,6.6733,6.6733,6.6733,6.6733,6.6733,6.6733,6.6733,6.6733,6.6733,6.6733,6.6733,6.6733,6.6733,6.6733,6.6733,6.6733,6.6733,6.6733,6.6733,6.6733,6.6733,6.6733,6.6733,6.6733,6.6733,6.6733,6.6733,6.6733,6.6733,6.6733,6.6733,6.6733,6.6733,6.6733,6.6733,6.6733,6.6733,6.6733,6.6733,6.6733,6.6733,6.6733,6.6733,6.6733,6.6733,6.6733,6.6733,6.6733,6.6733,6.6733,6.6733,6.6733,6.6733,6.6733,6.6733,6.6733,6.6733,6.6733,6.6733,6.6733,6.6733,6.6733,6.6733,6.6733,6.6733,6.6733,6.6733,6.6733,6.6733,6.6733,6.6733,6.6733,6.6733,6.6733,6.6733,6.6733,6.6733,6.6733,6.6733,6.6733,6.6733,6.6733,6.6733,6.6733,6.6733,6.6733,6.6733,6.6733,6.6733,6.6733,6.6733,6.6733,6.6733,6.6733,6.6733,6.6733,6.6733,6.6733,6.6733,6.6733,6.6733,6.6733,6.6733,6.6733,6.6733,6.6733,6.6733,6.6733,6.6733,6.6733,6.6733,6.6733,6.6733,6.6733,6.6733,6.6733,6.6733,6.6733,6.6733,6.6733,6.6733,6.6733,6.6733,6.6733,6.6733,6.6733,6.6733,6.6733,6.6733,6.6733,6.6733,6.6733,6.6733,6.6733,6.6733,6.6733,6.6733,6.6733,6.6733,6.6733,6.6733,6.6733,6.6733,6.6733,6.6733,6.6733
6.6683,6.6683,6.6683,6.6683,6.6683,6.6683,6.6683,6.6683,6.6683,6.6683,6.6683,6.6683,6.6683,6.6683,6.6683,6.6683,6.6683,6.6683,6.6683,6.6683,6.6683,6.6683,6.6683,6.6683,6.6683,6.6683,6.6683,6.6683,6.6683,6.6683,6.6683,6.6683,6.6683,6.6683,6.6683,6.6683,6.6683,6.6683,6.6683,6.6683,6.6683,6.6683,6.6683,6.6683,6.6683,6.6683,6.6683,6.6683,6.6683,6.6683,6.6683,6.6683,6.6683,6.6683,6.6683,6.6683,6.6683,6.6683,6.6683,6.6683,6.6683,6.6683,6.6683,6.6683,6.6683,6.6683,6.6683,6.6683,6.6683,6.6683,6.6683,6.6683,6.6683,6.6683,6.6683,6.6683,6.6683,6.6683,6.6683,6.6683,6.6683,6.6683,6.6683,6.6683,6.6683,6.6683,6.6683,6.6683,6.6683,6.6683,6.6683,6.6683,6.6683,6.6683,6.6683,6.6683,6.6683,6.6683,6.6683,6.6683,6.6683,6.6683,6.6683,6.6683,6.6683,6.6683,6.6683,6.6683,6.6683,6.6683,6.6683,6.6683,6.6683,6.6683,6.6683,6.6683,6.6683,6.6683,6.6683,6.6683,6.6683,6.6683,6.6683,6.6683,6.6683,6.6683,6.6683,6.6683,6.6683,6.6683,6.6683,6.6683,6.6683,6.6683,6.6683,6.6683,6.6683,6.6683,6.6683,6.6683,6.6683,6.6683,6.6683,6.6683,6.6683,6.6683,6.6683,6.6683,6.6683,6.6683,6.6683,6.6683,6.6683,6.6683,6.6683,6.6683,6.6683,6.6683,6.6683,6.6683,6.6683,6.6683,6.6683,6.6683,6.6683,6.6683,6.6683,6.6683,6.6683,6.6683,6.6683,6.6683,6.6683,6.6683,6.6683,6.6683,6.6683,6.6683,6.6683,6.6683,6.6683,6.6683,6.6683,6.6683,6.6683,6.6683,6.6683,6.6683,6.6683,6.6683,6.6683,6.6683,6.6683,6.6683,6.6683,6.6683,6.6683,6.6683,6.6683,6.6683,6.6683,6.6683,6.6683,6.6683,6.6683,6.6683,6.6683,6.6683,6.6683,6.6683,6.6683,6.6683,6.6683,6.6683,6.6683,6.6683,6.6683,6.6683,6.6683,6.6683,6.6683,6.6683,6.6683,6.6683,6.6683,6.6683,6.6683,6.6683,6.6683,6.6683,6.6683,6.6683,6.6683,6.6683,6.6683,6.6683,6.6683,6.6683,6.6683,6.6683,6.6683,6.6683,6.6683,6.6683,6.6683,6.6683,6.6683,6.6683,6.6683,6.6683,6.6683,6.6683,6.6683,6.6683,6.6683,6.6683,6.6683,6.6683,6.6683,6.6683,6.6683,6.6683,6.6683,6.6683,6.6683,6.6683,6.6683,6.6683,6.6683,6.6683,6.6683,6.6683,6.6683,6.6683,6.6683,6.6683,6.6683,6.6683,6.6683,6.6683,6.6683,6.6683,6.6683,6.6683,6.6683,6.6683,6.6683,6.6683,6.6683,6.6683,6.6683,6.6683,6.6683,6.6683,6.6683,6.6683,6.6683,6.6683,6.6683,6.6683,6.6683,6.6683,6.6683,6.6683,6.6683,6.6683,6.6683,6.6683,6.6683,6.6683,6.6683,6.6683,6.6683,6.6683,6.6683,6.6683,6.6683,6.6683,6.6683,6.6683,6.6683,6.6683,6.6683,6.6683,6.6683,6.6683,6.6683,6.6683,6.6683,6.6683,6.6683,6.6683,6.6683,6.6683,6.6683,6.6683,6.6683,6.6683,6.6683,6.6683,6.6683,6.6683,6.6683,6.6683,6.6683,6.6683,6.6683,6.6683,6.6683,6.6683,6.6683,6.6683,6.6683,6.6683,6.6683,6.6683,6.6683,6.6683,6.6683,6.6683,6.6683,6.6683,6.6683,6.6683,6.6683,6.6683,6.6683,6.6683,6.6683,6.6683,6.6683,6.6683,6.6683,6.6683,6.6683,6.6683,6.6683,6.6683,6.6683,6.6683,6.6683,6.6683,6.6683,6.6683,6.6683,6.6683,6.6683,6.6683,6.6683,6.6683,6.6683,6.6683,6.6683,6.6683,6.6683,6.6683,6.6683,6.6683,6.6683,6.2573,6.2332,6.2092,6.1870,6.1681,6.1496,6.1310,6.1140,6.0974,6.0870,6.0850,6.0828,6.0806,6.0786,6.0764,6.0742,6.0722,6.0700,6.0679,6.0659,6.0637,6.0619,6.0600,6.0580,6.0560,6.0541,6.0521,6.0501,6.0482,6.0462,6.0443,6.0430,6.0464,6.0501,6.0539,6.0574,6.0611,6.0648,6.0683,6.0720,6.0758,6.0793,6.0830,6.0868,6.0905,6.0941,6.0978,6.1016,6.1054,6.1089,6.1127,6.1165,6.1203,6.1241,6.1279,6.1319,6.1359,6.1404,6.1465,6.1564,6.1663,6.1763,6.1863,6.1966,6.2067,6.2170,6.2295,6.2422,6.2547,6.2674,6.2802,6.2932,6.3062,6.3192,6.3328,6.3465,6.3604,6.3744,6.3885,6.4026,6.4173,6.4352,6.4528,6.6683,6.6683,6.6683,6.6683,6.6683,6.6683,6.6683,6.6683,6.6683,6.6683,6.6683,6.6683,6.6683,6.6683,6.6683,6.6683,6.6683,6.6683,6.6683,6.6683,6.6683,6.6683,6.6683,6.6683,6.6683,6.6683,6.6683,6.6683,6.6683,6.6683,6.6683,6.6683,6.6683,6.6683,6.6683,6.6683,6.6683,6.6683,6.6683,6.6683,6.6683,6.6683,6.6683,6.6683,6.6683,6.6683,6.6683,6.6683,6.6683,6.6683,6.6683,6.6683,6.6683,6.6683,6.6683,6.6683,6.6683,6.6683,6.6683,6.6683,6.6683,6.6683,6.6683,6.6683,6.6683,6.6683,6.6683,6.6683,6.6683,6.6683,6.6683,6.6683,6.6683,6.6683,6.6683,6.6683,6.6683,6.6683,6.6683,6.6683,6.6683,6.6683,6.6683,6.6683,6.6683,6.6683,6.6683,6.6683,6.6683,6.6683,6.6683,6.6683,6.6683,6.6683,6.6683,6.6683,6.6683,6.6683,6.6683,6.6683,6.6683,6.6683,6.6683,6.6683,6.6683,6.6683,6.6683,6.6683,6.6683,6.6683,6.6683,6.6683,6.6683,6.6683,6.6683,6.6683,6.6683,6.6683,6.6683,6.6683,6.6683,6.6683,6.6683,6.6683,6.6683,6.6683,6.6683,6.6683,6.6683,6.6683,6.6683,6.6683,6.6683,6.6683,6.6683,6.6683,6.6683,6.6683,6.6683,6.6683,6.6683,6.6683,6.6683,6.6683,6.6683,6.6683,6.6683,6.6683,6.6683,6.6683,6.6683,6.6683,6.6683,6.6683,6.6683,6.6683,6.6683,6.6683,6.6683,6.6683,6.6683,6.6683,6.6683,6.6683,6.6683,6.6683,6.6683,6.6683,6.6683,6.6683,6.6683,6.6683,6.6683,6.6683,6.6683,6.6683,6.6683,6.6683,6.6683,6.6683,6.6683,6.6683,6.6683,6.6683,6.6683,6.6683,6.6683,6.6683,6.6683,6.6683,6.6683,6.6683,6.6683,6.6683,6.6683,6.6683,6.6683,6.6683,6.6683,6.6683,6.6683,6.6683,6.6683,6.6683,6.6683,6.6683,6.6683,6.6683,6.6683,6.6683,6.6683,6.6683,6.6683,6.6683,6.6683,6.6683,6.6683,6.6683,6.6683,6.6683,6.6683,6.6683,6.6683,6.6683,6.6683,6.6683,6.6683,6.6683,6.6683,6.6683,6.6683,6.6683,6.6683,6.6683,6.6683,6.6683,6.6683,6.6683,6.6683,6.6683,6.6683,6.6683,6.6683,6.6683,6.6683,6.6683,6.6683,6.6683,6.6683,6.6683,6.6683,6.6683,6.6683,6.6683,6.6683,6.6683,6.6683,6.6683,6.6683,6.6683,6.6683,6.6683,6.6683,6.6683,6.6683,6.6683,6.6683,6.6683,6.6683,6.6683,6.6683,6.6683,6.6683,6.6683,6.6683,6.6683,6.6683,6.6683,6.6683,6.6683,6.6683,6.6683,6.6683,6.6683,6.6683,6.6683,6.6683,6.6683,6.6683,6.6683,6.6683,6.6683,6.6683,6.6683,6.6683,6.6683,6.6683,6.6683,6.6683,6.6683,6.6683,6.6683,6.6683,6.6683,6.6683,6.6683,6.6683,6.6683,6.6683,6.6683,6.6683,6.6683,6.6683,6.6683,6.6683,6.6683,6.6683,6.6683,6.6683,6.6683,6.6683,6.6683,6.6683,6.6683,6.6683,6.6683,6.6683,6.6683,6.6683,6.6683,6.6683,6.6683,6.6683,6.6683,6.6683,6.6683,6.6683,6.6683,6.6683,6.6683,6.6683,6.6683,6.6683,6.6683,6.6683,6.6683,6.6683,6.6683,6.6683,6.6683,6.6683,6.6683,6.6683,6.6683,6.6683,6.6683,6.6683,6.6683,6.6683,6.6683,6.6683,6.6683,6.6683,6.6683,6.6683,6.6683,6.6683,6.6683,6.6683,6.6683,6.6683,6.6683,6.6683,6.6683,6.6683,6.6683,6.6683,6.6683,6.6683,6.6683,6.6683,6.6683,6.6683,6.6683,6.6683,6.6683,6.6683,6.6683,6.6683,6.6683,6.6683,6.6683,6.6683,6.6683,6.6683,6.6683,6.6683,6.6683,6.6683,6.6683,6.6683,6.6683,6.6683,6.6683,6.6683,6.6683,6.6683,6.6683,6.6683,6.6683,6.6683,6.6683,6.6683,6.6683,6.6683,6.6683,6.6683,6.6683,6.6683,6.6683,6.6683,6.6683,6.6683,6.6683,6.6683,6.6683,6.6683,6.6683,6.6683,6.6683,6.6683,6.6683,6.6683,6.6683,6.6683,6.6683,6.6683,6.6683,6.6683,6.6683,6.6683,6.6683,6.6683,6.6683,6.6683,6.6683,6.6683,6.6683,6.6683,6.6683,6.6683,6.6683,6.6683,6.6683,6.6683,6.6683,6.6683,6.6683,6.6683,6.6683,6.6683,6.6683,6.6683,6.6683,6.6683,6.6683,6.6683,6.6683,6.6683,6.6683,6.6683,6.6683,6.6683,6.6683,6.6683,6.6683,6.6683,6.6683
6.6627,6.6627,6.6627,6.6627,6.6627,6.6627,6.6627,6.6627,6.6627,6.6627,6.6627,6.6627,6.6627,6.6627,6.6627,6.6627,6.6627,6.6627,6.6627,6.6627,6.6627,6.6627,6.6627,6.6627,6.6627,6.6627,6.6627,6.6627,6.6627,6.6627,6.6627,6.6627,6.6627,6.6627,6.6627,6.6627,6.6627,6.6627,6.6627,6.6627,6.6627,6.6627,6.6627,6.6627,6.6627,6.6627,6.6627,6.6627,6.6627,6.6627,6.6627,6.6627,6.6627,6.6627,6.6627,6.6627,6.6627,6.6627,6.6627,6.6627,6.6627,6.6627,6.6627,6.6627,6.6627,6.6627,6.6627,6.6627,6.6627,6.6627,6.6627,6.6627,6.6627,6.6627,6.6627,6.6627,6.6627,6.6627,6.6627,6.6627,6.6627,6.6627,6.6627,6.6627,6.6627,6.6627,6.6627,6.6627,6.6627,6.6627,6.6627,6.6627,6.6627,6.6627,6.6627,6.6627,6.6627,6.6627,6.6627,6.6627,6.6627,6.6627,6.6627,6.6627,6.6627,6.6627,6.6627,6.6627,6.6627,6.6627,6.6627,6.6627,6.6627,6.6627,6.6627,6.6627,6.6627,6.6627,6.6627,6.6627,6.6627,6.6627,6.6627,6.6627,6.6627,6.6627,6.6627,6.6627,6.6627,6.6627,6.6627,6.6627,6.6627,6.6627,6.6627,6.6627,6.6627,6.6627,6.6627,6.6627,6.6627,6.6627,6.6627,6.6627,6.6627,6.6627,6.6627,6.6627,6.6627,6.6627,6.6627,6.6627,6.6627,6.6627,6.6627,6.6627,6.6627,6.6627,6.6627,6.6627,6.6627,6.6627,6.6627,6.6627,6.6627,6.6627,6.6627,6.6627,6.6627,6.6627,6.6627,6.6627,6.6627,6.6627,6.6627,6.6627,6.6627,6.6627,6.6627,6.6627,6.6627,6.6627,6.6627,6.6627,6.6627,6.6627,6.6627,6.6627,6.6627,6.6627,6.6627,6.6627,6.6627,6.6627,6.6627,6.6627,6.6627,6.6627,6.6627,6.6627,6.6627,6.6627,6.6627,6.6627,6.6627,6.6627,6.6627,6.6627,6.6627,6.6627,6.6627,6.6627,6.6627,6.6627,6.6627,6.6627,6.6627,6.6627,6.6627,6.6627,6.6627,6.6627,6.6627,6.6627,6.6627,6.6627,6.6627,6.6627,6.6627,6.6627,6.6627,6.6627,6.6627,6.6627,6.6627,6.6627,6.6627,6.6627,6.6627,6.6627,6.6627,6.6627,6.6627,6.6627,6.6627,6.6627,6.6627,6.6627,6.6627,6.6627,6.6627,6.6627,6.6627,6.6627,6.6627,6.6627,6.6627,6.6627,6.6627,6.6627,6.6627,6.6627,6.6627,6.6627,6.6627,6.6627,6.6627,6.6627,6.6627,6.6627,6.6627,6.6627,6.6627,6.6627,6.6627,6.6627,6.6627,6.6627,6.6627,6.6627,6.6627,6.6627,6.6627,6.6627,6.6627,6.6627,6.6627,6.6627,6.6627,6.6627,6.6627,6.6627,6.6627,6.6627,6.6627,6.6627,6.6627,6.6627,6.6627,6.6627,6.6627,6.6627,6.6627,6.6627,6.6627,6.6627,6.6627,6.6627,6.6627,6.6627,6.6627,6.6627,6.6627,6.6627,6.6627,6.6627,6.6627,6.6627,6.6627,6.6627,6.6627,6.6627,6.6627,6.6627,6.6627,6.6627,6.6627,6.6627,6.6627,6.6627,6.6627,6.6627,6.6627,6.6627,6.6627,6.6627,6.6627,6.6627,6.6627,6.6627,6.6627,6.6627,6.6627,6.6627,6.6627,6.6627,6.6627,6.6627,6.6627,6.6627,6.6627,6.6627,6.6627,6.6627,6.6627,6.6627,6.6627,6.6627,6.6627,6.6627,6.6627,6.6627,6.6627,6.6627,6.6627,6.6627,6.6627,6.6627,6.6627,6.6627,6.6627,6.6627,6.6627,6.6627,6.6627,6.6627,6.6627,6.6627,6.6627,6.6627,6.6627,6.6627,6.6627,6.6627,6.6627,6.6627,6.6627,6.6627,6.6627,6.6627,6.6627,6.6627,6.6627,6.6627,6.6627,6.6627,6.6627,6.6627,6.6627,6.2880,6.2617,6.2376,6.2136,6.1902,6.1718,6.1528,6.1343,6.1160,6.0994,6.0954,6.0932,6.0910,6.0890,6.0868,6.0846,6.0826,6.0806,6.0786,6.0766,6.0744,6.0722,6.0703,6.0683,6.0663,6.0646,6.0626,6.0606,6.0587,6.0567,6.0547,6.0528,6.0541,6.0576,6.0613,6.0648,6.0685,6.0722,6.0758,6.0795,6.0832,6.0870,6.0905,6.0943,6.0980,6.1018,6.1054,6.1091,6.1129,6.1167,6.1205,6.1245,6.1283,6.1321,6.1361,6.1404,6.1447,6.1492,6.1535,6.1616,6.1718,6.1815,6.1916,6.2019,6.2119,6.2237,6.2362,6.2489,6.2615,6.2744,6.2873,6.3003,6.3131,6.3264,6.3400,6.3539,6.3679,6.3819,6.3960,6.4099,6.4269,6.4439,6.6627,6.6627,6.6627,6.6627,6.6627,6.6627,6.6627,6.6627,6.6627,6.6627,6.6627,6.6627,6.6627,6.6627,6.6627,6.6627,6.6627,6.6627,6.6627,6.6627,6.6627,6.6627,6.6627,6.6627,6.6627,6.6627,6.6627,6.6627,6.6627,6.6627,6.6627,6.6627,6.6627,6.6627,6.6627,6.6627,6.6627,6.6627,6.6627,6.6627,6.6627,6.6627,6.6627,6.6627,6.6627,6.6627,6.6627,6.6627,6.6627,6.6627,6.6627,6.6627,6.6627,6.6627,6.6627,6.6627,6.6627,6.6627,6.6627,6.6627,6.6627,6.6627,6.6627,6.6627,6.6627,6.6627,6.6627,6.6627,6.6627,6.6627,6.6627,6.6627,6.6627,6.6627,6.6627,6.6627,6.6627,6.6627,6.6627,6.6627,6.6627,6.6627,6.6627,6.6627,6.6627,6.6627,6.6627,6.6627,6.6627,6.6627,6.6627,6.6627,6.6627,6.6627,6.6627,6.6627,6.6627,6.6627,6.6627,6.6627,6.6627,6.6627,6.6627,6.6627,6.6627,6.6627,6.6627,6.6627,6.6627,6.6627,6.6627,6.6627,6.6627,6.6627,6.6627,6.6627,6.6627,6.6627,6.6627,6.6627,6.6627,6.6627,6.6627,6.6627,6.6627,6.6627,6.6627,6.6627,6.6627,6.6627,6.6627,6.6627,6.6627,6.6627,6.6627,6.6627,6.6627,6.6627,6.6627,6.6627,6.6627,6.6627,6.6627,6.6627,6.6627,6.6627,6.6627,6.6627,6.6627,6.6627,6.6627,6.6627,6.6627,6.6627,6.6627,6.6627,6.6627,6.6627,6.6627,6.6627,6.6627,6.6627,6.6627,6.6627,6.6627,6.6627,6.6627,6.6627,6.6627,6.6627,6.6627,6.6627,6.6627,6.6627,6.6627,6.6627,6.6627,6.6627,6.6627,6.6627,6.6627,6.6627,6.6627,6.6627,6.6627,6.6627,6.6627,6.6627,6.6627,6.6627,6.6627,6.6627,6.6627,6.6627,6.6627,6.6627,6.6627,6.6627,6.6627,6.6627,6.6627,6.6627,6.6627,6.6627,6.6627,6.6627,6.6627,6.6627,6.6627,6.6627,6.6627,6.6627,6.6627,6.6627,6.6627,6.6627,6.6627,6.6627,6.6627,6.6627,6.6627,6.6627,6.6627,6.6627,6.6627,6.6627,6.6627,6.6627,6.6627,6.6627,6.6627,6.6627,6.6627,6.6627,6.6627,6.6627,6.6627,6.6627,6.6627,6.6627,6.6627,6.6627,6.6627,6.6627,6.6627,6.6627,6.6627,6.6627,6.6627,6.6627,6.6627,6.6627,6.6627,6.6627,6.6627,6.6627,6.6627,6.6627,6.6627,6.6627,6.6627,6.6627,6.6627,6.6627,6.6627,6.6627,6.6627,6.6627,6.6627,6.6627,6.6627,6.6627,6.6627,6.6627,6.6627,6.6627,6.6627,6.6627,6.6627,6.6627,6.6627,6.6627,6.6627,6.6627,6.6627,6.6627,6.6627,6.6627,6.6627,6.6627,6.6627,6.6627,6.6627,6.6627,6.6627,6.6627,6.6627,6.6627,6.6627,6.6627,6.6627,6.6627,6.6627,6.6627,6.6627,6.6627,6.6627,6.6627,6.6627,6.6627,6.6627,6.6627,6.6627,6.6627,6.6627,6.6627,6.6627,6.6627,6.6627,6.6627,6.6627,6.6627,6.6627,6.6627,6.6627,6.6627,6.6627,6.6627,6.6627,6.6627,6.6627,6.6627,6.6627,6.6627,6.6627,6.6627,6.6627,6.6627,6.6627,6.6627,6.6627,6.6627,6.6627,6.6627,6.6627,6.6627,6.6627,6.6627,6.6627,6.6627,6.6627,6.6627,6.6627,6.6627,6.6627,6.6627,6.6627,6.6627,6.6627,6.6627,6.6627,6.6627,6.6627,6.6627,6.6627,6.6627,6.6627,6.6627,6.6627,6.6627,6.6627,6.6627,6.6627,6.6627,6.6627,6.6627,6.6627,6.6627,6.6627,6.6627,6.6627,6.6627,6.6627,6.6627,6.6627,6.6627,6.6627,6.6627,6.6627,6.6627,6.6627,6.6627,6.6627,6.6627,6.6627,6.6627,6.6627,6.6627,6.6627,6.6627,6.6627,6.6627,6.6627,6.6627,6.6627,6.6627,6.6627,6.6627,6.6627,6.6627,6.6627,6.6627,6.6627,6.6627,6.6627,6.6627,6.6627,6.6627,6.6627,6.6627,6.6627,6.6627,6.6627,6.6627,6.6627,6.6627,6.6627,6.6627,6.6627,6.6627,6.6627,6.6627,6.6627,6.6627,6.6627,6.6627,6.6627,6.6627,6.6627,6.6627,6.6627,6.6627,6.6627,6.6627,6.6627,6.6627,6.6627,6.6627,6.6627,6.6627,6.6627,6.6627,6.6627,6.6627,6.6627,6.6627,6.6627,6.6627,6.6627,6.6627,6.6627,6.6627,6.6627,6.6627,6.6627,6.6627,6.6627,6.6627,6.6627,6.6627,6.6627,6.6627,6.6627,6.6627,6.6627,6.6627,6.6627,6.6627,6.6627
6.6577,6.6577,6.6577,6.6577,6.6577,6.6577,6.6577,6.6577,6.6577,6.6577,6.6577,6.6577,6.6577,6.6577,6.6577,6.6577,6.6577,6.6577,6.6577,6.6577,6.6577,6.6577,6.6577,6.6577,6.6577,6.6577,6.6577,6.6577,6.6577,6.6577,6.6577,6.6577,6.6577,6.6577,6.6577,6.6577,6.6577,6.6577,6.6577,6.6577,6.6577,6.6577,6.6577,6.6577,6.6577,6.6577,6.6577,6.6577,6.6577,6.6577,6.6577,6.6577,6.6577,6.6577,6.6577,6.6577,6.6577,6.6577,6.6577,6.6577,6.6577,6.6577,6.6577,6.6577,6.6577,6.6577,6.6577,6.6577,6.6577,6.6577,6.6577,6.6577,6.6577,6.6577,6.6577,6.6577,6.6577,6.6577,6.6577,6.6577,6.6577,6.6577,6.6577,6.6577,6.6577,6.6577,6.6577,6.6577,6.6577,6.6577,6.6577,6.6577,6.6577,6.6577,6.6577,6.6577,6.6577,6.6577,6.6577,6.6577,6.6577,6.6577,6.6577,6.6577,6.6577,6.6577,6.6577,6.6577,6.6577,6.6577,6.6577,6.6577,6.6577,6.6577,6.6577,6.6577,6.6577,6.6577,6.6577,6.6577,6.6577,6.6577,6.6577,6.6577,6.6577,6.6577,6.6577,6.6577,6.6577,6.6577,6.6577,6.6577,6.6577,6.6577,6.6577,6.6577,6.6577,6.6577,6.6577,6.6577,6.6577,6.6577,6.6577,6.6577,6.6577,6.6577,6.6577,6.6577,6.6577,6.6577,6.6577,6.6577,6.6577,6.6577,6.6577,6.6577,6.6577,6.6577,6.6577,6.6577,6.6577,6.6577,6.6577,6.6577,6.6577,6.6577,6.6577,6.6577,6.6577,6.6577,6.6577,6.6577,6.6577,6.6577,6.6577,6.6577,6.6577,6.6577,6.6577,6.6577,6.6577,6.6577,6.6577,6.6577,6.6577,6.6577,6.6577,6.6577,6.6577,6.6577,6.6577,6.6577,6.6577,6.6577,6.6577,6.6577,6.6577,6.6577,6.6577,6.6577,6.6577,6.6577,6.6577,6.6577,6.6577,6.6577,6.6577,6.6577,6.6577,6.6577,6.6577,6.6577,6.6577,6.6577,6.6577,6.6577,6.6577,6.6577,6.6577,6.6577,6.6577,6.6577,6.6577,6.6577,6.6577,6.6577,6.6577,6.6577,6.6577,6.6577,6.6577,6.6577,6.6577,6.6577,6.6577,6.6577,6.6577,6.6577,6.6577,6.6577,6.6577,6.6577,6.6577,6.6577,6.6577,6.6577,6.6577,6.6577,6.6577,6.6577,6.6577,6.6577,6.6577,6.6577,6.6577,6.6577,6.6577,6.6577,6.6577,6.6577,6.6577,6.6577,6.6577,6.6577,6.6577,6.6577,6.6577,6.6577,6.6577,6.6577,6.6577,6.6577,6.6577,6.6577,6.6577,6.6577,6.6577,6.6577,6.6577,6.6577,6.6577,6.6577,6.6577,6.6577,6.6577,6.6577,6.6577,6.6577,6.6577,6.6577,6.6577,6.6577,6.6577,6.6577,6.6577,6.6577,6.6577,6.6577,6.6577,6.6577,6.6577,6.6577,6.6577,6.6577,6.6577,6.6577,6.6577,6.6577,6.6577,6.6577,6.6577,6.6577,6.6577,6.6577,6.6577,6.6577,6.6577,6.6577,6.6577,6.6577,6.6577,6.6577,6.6577,6.6577,6.6577,6.6577,6.6577,6.6577,6.6577,6.6577,6.6577,6.6577,6.6577,6.6577,6.6577,6.6577,6.6577,6.6577,6.6577,6.6577,6.6577,6.6577,6.6577,6.6577,6.6577,6.6577,6.6577,6.6577,6.6577,6.6577,6.6577,6.6577,6.6577,6.6577,6.6577,6.6577,6.6577,6.6577,6.6577,6.6577,6.6577,6.6577,6.6577,6.6577,6.6577,6.6577,6.6577,6.6577,6.6577,6.6577,6.6577,6.6577,6.6577,6.6577,6.6577,6.6577,6.6577,6.6577,6.6577,6.6577,6.6577,6.6577,6.6577,6.6577,6.6577,6.6577,6.6577,6.6577,6.6577,6.6577,6.6577,6.6577,6.6577,6.6577,6.6577,6.6577,6.6577,6.6577,6.6577,6.6577,6.2937,6.2662,6.2420,6.2179,6.1941,6.1747,6.1559,6.1375,6.1189,6.1058,6.1038,6.1018,6.0998,6.0978,6.0958,6.0938,6.0921,6.0901,6.0879,6.0857,6.0835,6.0813,6.0791,6.0769,6.0749,6.0729,6.0709,6.0692,6.0672,6.0652,6.0633,6.0615,6.0650,6.0687,6.0722,6.0760,6.0797,6.0835,6.0870,6.0907,6.0945,6.0983,6.1018,6.1056,6.1094,6.1131,6.1171,6.1209,6.1247,6.1288,6.1326,6.1366,6.1406,6.1449,6.1492,6.1535,6.1580,6.1623,6.1668,6.1768,6.1868,6.1968,6.2071,6.2177,6.2304,6.2429,6.2557,6.2685,6.2812,6.2941,6.3071,6.3202,6.3340,6.3474,6.3614,6.3754,6.3892,6.4033,6.4178,6.4350,6.6582,6.6582,6.6582,6.6582,6.6582,6.6582,6.6582,6.6582,6.6582,6.6582,6.6582,6.6582,6.6582,6.6582,6.6582,6.6582,6.6582,6.6582,6.6582,6.6582,6.6582,6.6582,6.6582,6.6582,6.6582,6.6582,6.6582,6.6582,6.6582,6.6582,6.6582,6.6582,6.6582,6.6582,6.6582,6.6582,6.6582,6.6582,6.6582,6.6582,6.6582,6.6582,6.6582,6.6582,6.6582,6.6582,6.6582,6.6582,6.6582,6.6582,6.6582,6.6582,6.6582,6.6582,6.6582,6.6582,6.6582,6.6582,6.6582,6.6582,6.6582,6.6582,6.6582,6.6582,6.6582,6.6582,6.6582,6.6582,6.6582,6.6582,6.6582,6.6582,6.6582,6.6582,6.6582,6.6582,6.6582,6.6582,6.6582,6.6582,6.6582,6.6582,6.6582,6.6582,6.6582,6.6582,6.6582,6.6582,6.6582,6.6582,6.6582,6.6582,6.6582,6.6582,6.6582,6.6582,6.6582,6.6582,6.6582,6.6582,6.6582,6.6582,6.6582,6.6582,6.6582,6.6582,6.6582,6.6582,6.6582,6.6582,6.6582,6.6582,6.6582,6.6582,6.6582,6.6582,6.6582,6.6582,6.6582,6.6582,6.6582,6.6582,6.6582,6.6582,6.6582,6.6582,6.6582,6.6582,6.6582,6.6582,6.6582,6.6582,6.6582,6.6582,6.6582,6.6582,6.6582,6.6582,6.6582,6.6582,6.6582,6.6582,6.6582,6.6582,6.6582,6.6582,6.6582,6.6582,6.6582,6.6582,6.6582,6.6582,6.6582,6.6582,6.6582,6.6582,6.6582,6.6582,6.6582,6.6582,6.6582,6.6582,6.6582,6.6582,6.6582,6.6582,6.6582,6.6582,6.6582,6.6582,6.6582,6.6582,6.6582,6.6582,6.6582,6.6582,6.6582,6.6582,6.6582,6.6582,6.6582,6.6582,6.6582,6.6582,6.6582,6.6582,6.6582,6.6582,6.6582,6.6582,6.6582,6.6582,6.6582,6.6582,6.6582,6.6582,6.6582,6.6582,6.6582,6.6582,6.6582,6.6582,6.6582,6.6582,6.6582,6.6582,6.6582,6.6582,6.6582,6.6582,6.6582,6.6582,6.6582,6.6582,6.6582,6.6582,6.6582,6.6582,6.6582,6.6582,6.6582,6.6582,6.6582,6.6582,6.6582,6.6582,6.6582,6.6582,6.6582,6.6582,6.6582,6.6582,6.6582,6.6582,6.6582,6.6582,6.6582,6.6582,6.6582,6.6582,6.6582,6.6582,6.6582,6.6582,6.6582,6.6582,6.6582,6.6582,6.6582,6.6582,6.6582,6.6582,6.6582,6.6582,6.6582,6.6582,6.6582,6.6582,6.6582,6.6582,6.6582,6.6582,6.6582,6.6582,6.6582,6.6582,6.6582,6.6582,6.6582,6.6582,6.6582,6.6582,6.6582,6.6582,6.6582,6.6582,6.6582,6.6582,6.6582,6.6582,6.6582,6.6582,6.6582,6.6582,6.6582,6.6582,6.6582,6.6582,6.6582,6.6582,6.6582,6.6582,6.6582,6.6582,6.6582,6.6582,6.6582,6.6582,6.6582,6.6582,6.6582,6.6582,6.6582,6.6582,6.6582,6.6582,6.6582,6.6582,6.6582,6.6582,6.6582,6.6582,6.6582,6.6582,6.6582,6.6582,6.6582,6.6582,6.6582,6.6582,6.6582,6.6582,6.6582,6.6582,6.6582,6.6582,6.6582,6.6582,6.6582,6.6582,6.6582,6.6582,6.6582,6.6582,6.6582,6.6582,6.6582,6.6582,6.6582,6.6582,6.6582,6.6582,6.6582,6.6582,6.6582,6.6582,6.6582,6.6582,6.6582,6.6582,6.6582,6.6582,6.6582,6.6582,6.6582,6.6582,6.6582,6.6582,6.6582,6.6582,6.6582,6.6582,6.6582,6.6582,6.6582,6.6582,6.6582,6.6582,6.6582,6.6582,6.6582,6.6582,6.6582,6.6582,6.6582,6.6582,6.6582,6.6582,6.6582,6.6582,6.6582,6.6582,6.6582,6.6582,6.6582,6.6582,6.6582,6.6582,6.6582,6.6582,6.6582,6.6582,6.6582,6.6582,6.6582,6.6582,6.6582,6.6582,6.6582,6.6582,6.6582,6.6582,6.6582,6.6582,6.6582,6.6582,6.6582,6.6582,6.6582,6.6582,6.6582,6.6582,6.6582,6.6582,6.6582,6.6582,6.6582,6.6582,6.6582,6.6582,6.6582,6.6582,6.6582,6.6582,6.6582,6.6582,6.6582,6.6582,6.6582,6.6582,6.6582,6.6582,6.6582,6.6582,6.6582,6.6582,6.6582,6.6582,6.6582,6.6582,6.6582,6.6582,6.6582,6.6582,6.6582,6.6582,6.6582,6.6582,6.6582,6.6582,6.6582,6.6582,6.6582,6.6582,6.6582,6.6582,6.6582,6.6582,6.6582,6.6582,6.6582,6.6582,6.6582,6.6582,6.6582,6.6582,6.6582,6.6582,6.6582,6.6582,6.6582,6.6582,6.6582,6.6582,6.6582,6.6582,6.6582,6.6582,6.6582,6.6582
6.6529,6.6529,6.6529,6.6529,6.6529,6.6529,6.6529,6.6529,6.6529,6.6529,6.6529,6.6529,6.6529,6.6529,6.6529,6.6529,6.6529,6.6529,6.6529,6.6529,6.6529,6.6529,6.6529,6.6529,6.6529,6.6529,6.6529,6.6529,6.6529,6.6529,6.6529,6.6529,6.6529,6.6529,6.6529,6.6529,6.6529,6.6529,6.6529,6.6529,6.6529,6.6529,6.6529,6.6529,6.6529,6.6529,6.6529,6.6529,6.6529,6.6529,6.6529,6.6529,6.6529,6.6529,6.6529,6.6529,6.6529,6.6529,6.6529,6.6529,6.6529,6.6529,6.6529,6.6529,6.6529,6.6529,6.6529,6.6529,6.6529,6.6529,6.6529,6.6529,6.6529,6.6529,6.6529,6.6529,6.6529,6.6529,6.6529,6.6529,6.6529,6.6529,6.6529,6.6529,6.6529,6.6529,6.6529,6.6529,6.6529,6.6529,6.6529,6.6529,6.6529,6.6529,6.6529,6.6529,6.6529,6.6529,6.6529,6.6529,6.6529,6.6529,6.6529,6.6529,6.6529,6.6529,6.6529,6.6529,6.6529,6.6529,6.6529,6.6529,6.6529,6.6529,6.6529,6.6529,6.6529,6.6529,6.6529,6.6529,6.6529,6.6529,6.6529,6.6529,6.6529,6.6529,6.6529,6.6529,6.6529,6.6529,6.6529,6.6529,6.6529,6.6529,6.6529,6.6529,6.6529,6.6529,6.6529,6.6529,6.6529,6.6529,6.6529,6.6529,6.6529,6.6529,6.6529,6.6529,6.6529,6.6529,6.6529,6.6529,6.6529,6.6529,6.6529,6.6529,6.6529,6.6529,6.6529,6.6529,6.6529,6.6529,6.6529,6.6529,6.6529,6.6529,6.6529,6.6529,6.6529,6.6529,6.6529,6.6529,6.6529,6.6529,6.6529,6.6529,6.6529,6.6529,6.6529,6.6529,6.6529,6.6529,6.6529,6.6529,6.6529,6.6529,6.6529,6.6529,6.6529,6.6529,6.6529,6.6529,6.6529,6.6529,6.6529,6.6529,6.6529,6.6529,6.6529,6.6529,6.6529,6.6529,6.6529,6.6529,6.6529,6.6529,6.6529,6.6529,6.6529,6.6529,6.6529,6.6529,6.6529,6.6529,6.6529,6.6529,6.6529,6.6529,6.6529,6.6529,6.6529,6.6529,6.6529,6.6529,6.6529,6.6529,6.6529,6.6529,6.6529,6.6529,6.6529,6.6529,6.6529,6.6529,6.6529,6.6529,6.6529,6.6529,6.6529,6.6529,6.6529,6.6529,6.6529,6.6529,6.6529,6.6529,6.6529,6.6529,6.6529,6.6529,6.6529,6.6529,6.6529,6.6529,6.6529,6.6529,6.6529,6.6529,6.6529,6.6529,6.6529,6.6529,6.6529,6.6529,6.6529,6.6529,6.6529,6.6529,6.6529,6.6529,6.6529,6.6529,6.6529,6.6529,6.6529,6.6529,6.6529,6.6529,6.6529,6.6529,6.6529,6.6529,6.6529,6.6529,6.6529,6.6529,6.6529,6.6529,6.6529,6.6529,6.6529,6.6529,6.6529,6.6529,6.6529,6.6529,6.6529,6.6529,6.6529,6.6529,6.6529,6.6529,6.6529,6.6529,6.6529,6.6529,6.6529,6.6529,6.6529,6.6529,6.6529,6.6529,6.6529,6.6529,6.6529,6.6529,6.6529,6.6529,6.6529,6.6529,6.6529,6.6529,6.6529,6.6529,6.6529,6.6529,6.6529,6.6529,6.6529,6.6529,6.6529,6.6529,6.6529,6.6529,6.6529,6.6529,6.6529,6.6529,6.6529,6.6529,6.6529,6.6529,6.6529,6.6529,6.6529,6.6529,6.6529,6.6529,6.6529,6.6529,6.6529,6.6529,6.6529,6.6529,6.6529,6.6529,6.6529,6.6529,6.6529,6.6529,6.6529,6.6529,6.6529,6.6529,6.6529,6.6529,6.6529,6.6529,6.6529,6.6529,6.6529,6.6529,6.6529,6.6529,6.6529,6.6529,6.6529,6.6529,6.6529,6.6529,6.6529,6.6529,6.6529,6.6529,6.6529,6.6529,6.6529,6.6529,6.6529,6.6529,6.6529,6.6529,6.6529,6.6529,6.6529,6.6529,6.6529,6.6529,6.6529,6.6529,6.6529,6.2996,6.2706,6.2464,6.2223,6.1984,6.1779,6.1593,6.1406,6.1223,6.1151,6.1134,6.1114,6.1094,6.1074,6.1054,6.1034,6.1014,6.0991,6.0969,6.0947,6.0925,6.0903,6.0881,6.0859,6.0837,6.0815,6.0795,6.0775,6.0755,6.0738,6.0718,6.0725,6.0762,6.0799,6.0835,6.0872,6.0910,6.0945,6.0983,6.1020,6.1058,6.1098,6.1136,6.1176,6.1214,6.1252,6.1292,6.1330,6.1370,6.1409,6.1451,6.1494,6.1537,6.1580,6.1623,6.1670,6.1713,6.1756,6.1820,6.1920,6.2023,6.2124,6.2244,6.2371,6.2499,6.2624,6.2753,6.2882,6.3012,6.3142,6.3273,6.3409,6.3549,6.3688,6.3826,6.3967,6.4107,6.4261,6.6529,6.6529,6.6529,6.6529,6.6529,6.6529,6.6529,6.6529,6.6529,6.6529,6.6529,6.6529,6.6529,6.6529,6.6529,6.6529,6.6529,6.6529,6.6529,6.6529,6.6529,6.6529,6.6529,6.6529,6.6529,6.6529,6.6529,6.6529,6.6529,6.6529,6.6529,6.6529,6.6529,6.6529,6.6529,6.6529,6.6529,6.6529,6.6529,6.6529,6.6529,6.6529,6.6529,6.6529,6.6529,6.6529,6.6529,6.6529,6.6529,6.6529,6.6529,6.6529,6.6529,6.6529,6.6529,6.6529,6.6529,6.6529,6.6529,6.6529,6.6529,6.6529,6.6529,6.6529,6.6529,6.6529,6.6529,6.6529,6.6529,6.6529,6.6529,6.6529,6.6529,6.6529,6.6529,6.6529,6.6529,6.6529,6.6529,6.6529,6.6529,6.6529,6.6529,6.6529,6.6529,6.6529,6.6529,6.6529,6.6529,6.6529,6.6529,6.6529,6.6529,6.6529,6.6529,6.6529,6.6529,6.6529,6.6529,6.6529,6.6529,6.6529,6.6529,6.6529,6.6529,6.6529,6.6529,6.6529,6.6529,6.6529,6.6529,6.6529,6.6529,6.6529,6.6529,6.6529,6.6529,6.6529,6.6529,6.6529,6.6529,6.6529,6.6529,6.6529,6.6529,6.6529,6.6529,6.6529,6.6529,6.6529,6.6529,6.6529,6.6529,6.6529,6.6529,6.6529,6.6529,6.6529,6.6529,6.6529,6.6529,6.6529,6.6529,6.6529,6.6529,6.6529,6.6529,6.6529,6.6529,6.6529,6.6529,6.6529,6.6529,6.6529,6.6529,6.6529,6.6529,6.6529,6.6529,6.6529,6.6529,6.6529,6.6529,6.6529,6.6529,6.6529,6.6529,6.6529,6.6529,6.6529,6.6529,6.6529,6.6529,6.6529,6.6529,6.6529,6.6529,6.6529,6.6529,6.6529,6.6529,6.6529,6.6529,6.6529,6.6529,6.6529,6.6529,6.6529,6.6529,6.6529,6.6529,6.6529,6.6529,6.6529,6.6529,6.6529,6.6529,6.6529,6.6529,6.6529,6.6529,6.6529,6.6529,6.6529,6.6529,6.6529,6.6529,6.6529,6.6529,6.6529,6.6529,6.6529,6.6529,6.6529,6.6529,6.6529,6.6529,6.6529,6.6529,6.6529,6.6529,6.6529,6.6529,6.6529,6.6529,6.6529,6.6529,6.6529,6.6529,6.6529,6.6529,6.6529,6.6529,6.6529,6.6529,6.6529,6.6529,6.6529,6.6529,6.6529,6.6529,6.6529,6.6529,6.6529,6.6529,6.6529,6.6529,6.6529,6.6529,6.6529,6.6529,6.6529,6.6529,6.6529,6.6529,6.6529,6.6529,6.6529,6.6529,6.6529,6.6529,6.6529,6.6529,6.6529,6.6529,6.6529,6.6529,6.6529,6.6529,6.6529,6.6529,6.6529,6.6529,6.6529,6.6529,6.6529,6.6529,6.6529,6.6529,6.6529,6.6529,6.6529,6.6529,6.6529,6.6529,6.6529,6.6529,6.6529,6.6529,6.6529,6.6529,6.6529,6.6529,6.6529,6.6529,6.6529,6.6529,6.6529,6.6529,6.6529,6.6529,6.6529,6.6529,6.6529,6.6529,6.6529,6.6529,6.6529,6.6529,6.6529,6.6529,6.6529,6.6529,6.6529,6.6529,6.6529,6.6529,6.6529,6.6529,6.6529,6.6529,6.6529,6.6529,6.6529,6.6529,6.6529,6.6529,6.6529,6.6529,6.6529,6.6529,6.6529,6.6529,6.6529,6.6529,6.6529,6.6529,6.6529,6.6529,6.6529,6.6529,6.6529,6.6529,6.6529,6.6529,6.6529,6.6529,6.6529,6.6529,6.6529,6.6529,6.6529,6.6529,6.6529,6.6529,6.6529,6.6529,6.6529,6.6529,6.6529,6.6529,6.6529,6.6529,6.6529,6.6529,6.6529,6.6529,6.6529,6.6529,6.6529,6.6529,6.6529,6.6529,6.6529,6.6529,6.6529,6.6529,6.6529,6.6529,6.6529,6.6529,6.6529,6.6529,6.6529,6.6529,6.6529,6.6529,6.6529,6.6529,6.6529,6.6529,6.6529,6.6529,6.6529,6.6529,6.6529,6.6529,6.6529,6.6529,6.6529,6.6529,6.6529,6.6529,6.6529,6.6529,6.6529,6.6529,6.6529,6.6529,6.6529,6.6529,6.6529,6.6529,6.6529,6.6529,6.6529,6.6529,6.6529,6.6529,6.6529,6.6529,6.6529,6.6529,6.6529,6.6529,6.6529,6.6529,6.6529,6.6529,6.6529,6.6529,6.6529,6.6529,6.6529,6.6529,6.6529,6.6529,6.6529,6.6529,6.6529,6.6529,6.6529,6.6529,6.6529,6.6529,6.6529,6.6529,6.6529,6.6529,6.6529,6.6529,6.6529,6.6529,6.6529,6.6529,6.6529,6.6529,6.6529,6.6529,6.6529,6.6529,6.6529,6.6529,6.6529,6.6529,6.6529,6.6529,6.6529,6.6529,6.6529,6.6529,6.6529,6.6529,6.6529,6.6529,6.6529,6.6529,6.6529,6.6529,6.6529,6.6529
6.6485,6.6485,6.6485,6.6485,6.6485,6.6485,6.6485,6.6485,6.6485,6.6485,6.6485,6.6485,6.6485,6.6485,6.6485,6.6485,6.6485,6.6485,6.6485,6.6485,6.6485,6.6485,6.6485,6.6485,6.6485,6.6485,6.6485,6.6485,6.6485,6.6485,6.6485,6.6485,6.6485,6.6485,6.6485,6.6485,6.6485,6.6485,6.6485,6.6485,6.6485,6.6485,6.6485,6.6485,6.6485,6.6485,6.6485,6.6485,6.6485,6.6485,6.6485,6.6485,6.6485,6.6485,6.6485,6.6485,6.6485,6.6485,6.6485,6.6485,6.6485,6.6485,6.6485,6.6485,6.6485,6.6485,6.6485,6.6485,6.6485,6.6485,6.6485,6.6485,6.6485,6.6485,6.6485,6.6485,6.6485,6.6485,6.6485,6.6485,6.6485,6.6485,6.6485,6.6485,6.6485,6.6485,6.6485,6.6485,6.6485,6.6485,6.6485,6.6485,6.6485,6.6485,6.6485,6.6485,6.6485,6.6485,6.6485,6.6485,6.6485,6.6485,6.6485,6.6485,6.6485,6.6485,6.6485,6.6485,6.6485,6.6485,6.6485,6.6485,6.6485,6.6485,6.6485,6.6485,6.6485,6.6485,6.6485,6.6485,6.6485,6.6485,6.6485,6.6485,6.6485,6.6485,6.6485,6.6485,6.6485,6.6485,6.6485,6.6485,6.6485,6.6485,6.6485,6.6485,6.6485,6.6485,6.6485,6.6485,6.6485,6.6485,6.6485,6.6485,6.6485,6.6485,6.6485,6.6485,6.6485,6.6485,6.6485,6.6485,6.6485,6.6485,6.6485,6.6485,6.6485,6.6485,6.6485,6.6485,6.6485,6.6485,6.6485,6.6485,6.6485,6.6485,6.6485,6.6485,6.6485,6.6485,6.6485,6.6485,6.6485,6.6485,6.6485,6.6485,6.6485,6.6485,6.6485,6.6485,6.6485,6.6485,6.6485,6.6485,6.6485,6.6485,6.6485,6.6485,6.6485,6.6485,6.6485,6.6485,6.6485,6.6485,6.6485,6.6485,6.6485,6.6485,6.6485,6.6485,6.6485,6.6485,6.6485,6.6485,6.6485,6.6485,6.6485,6.6485,6.6485,6.6485,6.6485,6.6485,6.6485,6.6485,6.6485,6.6485,6.6485,6.6485,6.6485,6.6485,6.6485,6.6485,6.6485,6.6485,6.6485,6.6485,6.6485,6.6485,6.6485,6.6485,6.6485,6.6485,6.6485,6.6485,6.6485,6.6485,6.6485,6.6485,6.6485,6.6485,6.6485,6.6485,6.6485,6.6485,6.6485,6.6485,6.6485,6.6485,6.6485,6.6485,6.6485,6.6485,6.6485,6.6485,6.6485,6.6485,6.6485,6.6485,6.6485,6.6485,6.6485,6.6485,6.6485,6.6485,6.6485,6.6485,6.6485,6.6485,6.6485,6.6485,6.6485,6.6485,6.6485,6.6485,6.6485,6.6485,6.6485,6.6485,6.6485,6.6485,6.6485,6.6485,6.6485,6.6485,6.6485,6.6485,6.6485,6.6485,6.6485,6.6485,6.6485,6.6485,6.6485,6.6485,6.6485,6.6485,6.6485,6.6485,6.6485,6.6485,6.6485,6.6485,6.6485,6.6485,6.6485,6.6485,6.6485,6.6485,6.6485,6.6485,6.6485,6.6485,6.6485,6.6485,6.6485,6.6485,6.6485,6.6485,6.6485,6.6485,6.6485,6.6485,6.6485,6.6485,6.6485,6.6485,6.6485,6.6485,6.6485,6.6485,6.6485,6.6485,6.6485,6.6485,6.6485,6.6485,6.6485,6.6485,6.6485,6.6485,6.6479,6.6479,6.6479,6.6479,6.6479,6.6479,6.6479,6.6479,6.6479,6.6479,6.6479,6.6479,6.6479,6.6479,6.6479,6.6479,6.6479,6.6479,6.6479,6.6479,6.6479,6.6479,6.6479,6.6479,6.6479,6.6479,6.6479,6.6479,6.6479,6.6479,6.6479,6.6479,6.6479,6.6479,6.6479,6.6479,6.6479,6.6479,6.6479,6.6479,6.6479,6.6479,6.6479,6.6479,6.6479,6.6479,6.6479,6.6479,6.6479,6.6479,6.6479,6.6479,6.6479,6.6479,6.6479,6.6479,6.6479,6.6479,6.6479,6.6479,6.6479,6.6479,6.3055,6.2760,6.2508,6.2267,6.2028,6.1811,6.1625,6.1438,6.1267,6.1247,6.1227,6.1207,6.1189,6.1169,6.1149,6.1127,6.1105,6.1082,6.1060,6.1038,6.1016,6.0994,6.0972,6.0949,6.0927,6.0905,6.0883,6.0861,6.0841,6.0821,6.0802,6.0837,6.0874,6.0910,6.0947,6.0985,6.1025,6.1062,6.1102,6.1140,6.1178,6.1218,6.1256,6.1296,6.1335,6.1373,6.1413,6.1453,6.1496,6.1539,6.1580,6.1625,6.1670,6.1715,6.1756,6.1799,6.1845,6.1888,6.1973,6.2076,6.2186,6.2311,6.2438,6.2566,6.2695,6.2824,6.2953,6.3081,6.3211,6.3347,6.3484,6.3623,6.3763,6.3902,6.4043,6.4183,6.6479,6.6479,6.6479,6.6479,6.6479,6.6479,6.6479,6.6479,6.6479,6.6479,6.6479,6.6479,6.6479,6.6479,6.6479,6.6479,6.6479,6.6479,6.6479,6.6479,6.6479,6.6479,6.6479,6.6479,6.6479,6.6479,6.6479,6.6479,6.6479,6.6479,6.6479,6.6479,6.6479,6.6479,6.6479,6.6479,6.6479,6.6479,6.6479,6.6479,6.6479,6.6479,6.6479,6.6479,6.6479,6.6479,6.6479,6.6479,6.6479,6.6479,6.6479,6.6479,6.6479,6.6479,6.6479,6.6479,6.6479,6.6479,6.6479,6.6479,6.6479,6.6479,6.6479,6.6479,6.6479,6.6479,6.6479,6.6479,6.6479,6.6479,6.6479,6.6479,6.6479,6.6479,6.6479,6.6479,6.6479,6.6479,6.6479,6.6479,6.6479,6.6479,6.6479,6.6479,6.6479,6.6479,6.6479,6.6479,6.6479,6.6479,6.6479,6.6479,6.6479,6.6479,6.6479,6.6479,6.6479,6.6479,6.6479,6.6479,6.6479,6.6479,6.6479,6.6479,6.6479,6.6479,6.6479,6.6479,6.6479,6.6479,6.6479,6.6479,6.6479,6.6479,6.6479,6.6479,6.6479,6.6479,6.6479,6.6479,6.6479,6.6479,6.6479,6.6479,6.6479,6.6479,6.6479,6.6479,6.6479,6.6479,6.6479,6.6479,6.6479,6.6479,6.6479,6.6479,6.6479,6.6479,6.6479,6.6479,6.6479,6.6479,6.6479,6.6479,6.6479,6.6479,6.6479,6.6479,6.6479,6.6479,6.6479,6.6479,6.6479,6.6479,6.6479,6.6479,6.6479,6.6479,6.6479,6.6479,6.6479,6.6479,6.6479,6.6479,6.6479,6.6479,6.6479,6.6479,6.6479,6.6479,6.6479,6.6479,6.6479,6.6479,6.6479,6.6479,6.6479,6.6479,6.6479,6.6479,6.6479,6.6479,6.6479,6.6479,6.6479,6.6479,6.6479,6.6479,6.6479,6.6479,6.6479,6.6479,6.6479,6.6479,6.6479,6.6479,6.6479,6.6479,6.6479,6.6479,6.6479,6.6479,6.6479,6.6479,6.6479,6.6479,6.6479,6.6479,6.6479,6.6479,6.6479,6.6479,6.6479,6.6479,6.6479,6.6479,6.6479,6.6479,6.6479,6.6479,6.6479,6.6479,6.6479,6.6479,6.6479,6.6479,6.6479,6.6479,6.6479,6.6479,6.6479,6.6479,6.6479,6.6479,6.6479,6.6479,6.6479,6.6479,6.6479,6.6479,6.6479,6.6479,6.6479,6.6479,6.6479,6.6479,6.6479,6.6479,6.6479,6.6479,6.6479,6.6479,6.6479,6.6479,6.6479,6.6479,6.6479,6.6479,6.6479,6.6479,6.6479,6.6479,6.6479,6.6479,6.6479,6.6479,6.6479,6.6479,6.6479,6.6479,6.6479,6.6479,6.6479,6.6479,6.6479,6.6479,6.6479,6.6479,6.6479,6.6479,6.6479,6.6479,6.6479,6.6479,6.6479,6.6479,6.6479,6.6479,6.6479,6.6479,6.6479,6.6479,6.6479,6.6479,6.6479,6.6479,6.6479,6.6479,6.6479,6.6479,6.6479,6.6479,6.6479,6.6479,6.6479,6.6479,6.6479,6.6479,6.6479,6.6479,6.6479,6.6479,6.6479,6.6479,6.6479,6.6479,6.6479,6.6479,6.6479,6.6479,6.6479,6.6479,6.6479,6.6479,6.6479,6.6479,6.6479,6.6479,6.6479,6.6479,6.6479,6.6479,6.6479,6.6479,6.6479,6.6479,6.6479,6.6479,6.6479,6.6479,6.6479,6.6479,6.6479,6.6479,6.6479,6.6479,6.6479,6.6479,6.6479,6.6479,6.6479,6.6479,6.6479,6.6479,6.6479,6.6479,6.6479,6.6479,6.6479,6.6479,6.6479,6.6479,6.6479,6.6479,6.6479,6.6479,6.6479,6.6479,6.6479,6.6479,6.6479,6.6479,6.6479,6.6479,6.6479,6.6479,6.6479,6.6479,6.6479,6.6479,6.6479,6.6479,6.6479,6.6479,6.6479,6.6479,6.6479,6.6479,6.6479,6.6479,6.6479,6.6479,6.6479,6.6479,6.6479,6.6479,6.6479,6.6479,6.6479,6.6479,6.6479,6.6479,6.6479,6.6479,6.6479,6.6479,6.6479,6.6479,6.6479,6.6479,6.6479,6.6479,6.6479,6.6479,6.6479,6.6479,6.6479,6.6479,6.6479,6.6479,6.6479,6.6479,6.6479,6.6479,6.6479,6.6479,6.6479,6.6479,6.6479,6.6479,6.6479,6.6479,6.6479,6.6479,6.6479,6.6479,6.6479,6.6479,6.6479,6.6479,6.6479,6.6479,6.6479,6.6479,6.6479,6.6479,6.6479,6.6479,6.6479,6.6479,6.6479,6.6479,6.6479,6.6479,6.6479,6.6479,6.6479,6.6479,6.6479,6.6479,6.6479,6.6479,6.6479,6.6479,6.6479,6.6479,6.6479,6.6479,6.6479,6.6479,6.6479,6.6479,6.6479,6.6479,6.6479,6.6479,6.6479,6.6479,6.6479,6.6479,6.6479,6.6479
6.6429,6.6429,6.6429,6.6429,6.6429,6.6429,6.6429,6.6429,6.6429,6.6429,6.6429,6.6429,6.6429,6.6429,6.6429,6.6429,6.6429,6.6429,6.6429,6.6429,6.6429,6.6429,6.6429,6.6429,6.6429,6.6429,6.6429,6.6429,6.6429,6.6429,6.6429,6.6429,6.6429,6.6429,6.6429,6.6429,6.6429,6.6429,6.6429,6.6429,6.6429,6.6429,6.6429,6.6429,6.6429,6.6429,6.6429,6.6429,6.6429,6.6429,6.6429,6.6429,6.6429,6.6429,6.6429,6.6429,6.6429,6.6429,6.6429,6.6429,6.6429,6.6429,6.6429,6.6429,6.6429,6.6429,6.6429,6.6429,6.6429,6.6429,6.6429,6.6429,6.6429,6.6429,6.6429,6.6429,6.6429,6.6429,6.6429,6.6429,6.6429,6.6429,6.6429,6.6429,6.6429,6.6429,6.6429,6.6429,6.6429,6.6429,6.6429,6.6429,6.6429,6.6429,6.6429,6.6429,6.6429,6.6429,6.6429,6.6429,6.6429,6.6429,6.6429,6.6429,6.6429,6.6429,6.6429,6.6429,6.6429,6.6429,6.6429,6.6429,6.6429,6.6429,6.6429,6.6429,6.6429,6.6429,6.6429,6.6429,6.6429,6.6429,6.6429,6.6429,6.6429,6.6429,6.6429,6.6429,6.6429,6.6429,6.6429,6.6429,6.6429,6.6429,6.6429,6.6429,6.6429,6.6429,6.6429,6.6429,6.6429,6.6429,6.6429,6.6429,6.6429,6.6429,6.6429,6.6429,6.6429,6.6429,6.6429,6.6429,6.6429,6.6429,6.6429,6.6429,6.6429,6.6429,6.6429,6.6429,6.6429,6.6429,6.6429,6.6429,6.6429,6.6429,6.6429,6.6429,6.6429,6.6429,6.6429,6.6429,6.6429,6.6429,6.6429,6.6429,6.6429,6.6429,6.6429,6.6429,6.6429,6.6429,6.6429,6.6429,6.6429,6.6429,6.6429,6.6429,6.6429,6.6429,6.6429,6.6429,6.6429,6.6429,6.6429,6.6429,6.6429,6.6429,6.6429,6.6429,6.6429,6.6429,6.6429,6.6429,6.6429,6.6429,6.6429,6.6429,6.6429,6.6429,6.6429,6.6429,6.6429,6.6429,6.6429,6.6429,6.6429,6.6429,6.6429,6.6429,6.6429,6.6429,6.6429,6.6429,6.6429,6.6429,6.6429,6.6429,6.6429,6.6429,6.6429,6.6429,6.6429,6.6429,6.6429,6.6429,6.6429,6.6429,6.6429,6.6429,6.6429,6.6429,6.6429,6.6429,6.6429,6.6429,6.6429,6.6429,6.6429,6.6429,6.6429,6.6429,6.6429,6.6429,6.6429,6.6429,6.6429,6.6429,6.6429,6.6429,6.6429,6.6429,6.6429,6.6429,6.6429,6.6429,6.6429,6.6429,6.6429,6.6429,6.6429,6.6429,6.6429,6.6429,6.6429,6.6429,6.6429,6.6429,6.6429,6.6429,6.6429,6.6429,6.6429,6.6429,6.6429,6.6429,6.6429,6.6429,6.6429,6.6429,6.6429,6.6429,6.6429,6.6429,6.6429,6.6429,6.6429,6.6429,6.6429,6.6429,6.6429,6.6429,6.6429,6.6429,6.6429,6.6429,6.6429,6.6429,6.6429,6.6429,6.6429,6.6429,6.6429,6.6429,6.6429,6.6429,6.6429,6.6429,6.6429,6.6429,6.6429,6.6429,6.6429,6.6429,6.6429,6.6429,6.6429,6.6429,6.6429,6.6429,6.6429,6.6429,6.6429,6.6429,6.6429,6.6429,6.6429,6.6429,6.6429,6.6429,6.6429,6.6429,6.6429,6.6429,6.6429,6.6429,6.6429,6.6429,6.6429,6.6429,6.6429,6.6429,6.6429,6.6429,6.6429,6.6429,6.6429,6.6429,6.6429,6.6429,6.6429,6.6429,6.6429,6.6429,6.6429,6.6429,6.6429,6.6429,6.6429,6.6429,6.6429,6.6429,6.6429,6.6429,6.6429,6.6429,6.6429,6.6429,6.6429,6.6429,6.6429,6.6429,6.6429,6.6429,6.6429,6.6429,6.6429,6.6429,6.6429,6.6429,6.6429,6.6429,6.6429,6.6429,6.6429,6.6429,6.6429,6.6429,6.6429,6.6429,6.6429,6.6429,6.3414,6.3114,6.2817,6.2552,6.2311,6.2071,6.1845,6.1657,6.1471,6.1364,6.1343,6.1323,6.1303,6.1283,6.1263,6.1241,6.1218,6.1196,6.1174,6.1151,6.1129,6.1107,6.1085,6.1062,6.1040,6.1020,6.0998,6.0976,6.0954,6.0932,6.0910,6.0912,6.0952,6.0989,6.1029,6.1067,6.1105,6.1145,6.1183,6.1223,6.1261,6.1299,6.1339,6.1377,6.1418,6.1456,6.1498,6.1541,6.1584,6.1625,6.1670,6.1713,6.1756,6.1802,6.1845,6.1891,6.1934,6.1977,6.2025,6.2129,6.2253,6.2380,6.2508,6.2636,6.2763,6.2892,6.3022,6.3152,6.3283,6.3419,6.3558,6.3698,6.3836,6.3992,6.4180,6.6429,6.6429,6.6429,6.6429,6.6429,6.6429,6.6429,6.6429,6.6429,6.6429,6.6429,6.6429,6.6429,6.6429,6.6429,6.6429,6.6429,6.6429,6.6429,6.6429,6.6429,6.6429,6.6429,6.6429,6.6429,6.6429,6.6429,6.6429,6.6429,6.6429,6.6429,6.6429,6.6429,6.6429,6.6429,6.6429,6.6429,6.6429,6.6429,6.6429,6.6429,6.6429,6.6429,6.6429,6.6429,6.6429,6.6429,6.6429,6.6429,6.6429,6.6429,6.6429,6.6429,6.6429,6.6429,6.6429,6.6429,6.6429,6.6429,6.6429,6.6429,6.6429,6.6429,6.6429,6.6429,6.6429,6.6429,6.6429,6.6429,6.6429,6.6429,6.6429,6.6429,6.6429,6.6429,6.6429,6.6429,6.6429,6.6429,6.6429,6.6429,6.6429,6.6429,6.6429,6.6429,6.6429,6.6429,6.6429,6.6429,6.6429,6.6429,6.6429,6.6429,6.6429,6.6429,6.6429,6.6429,6.6429,6.6429,6.6429,6.6429,6.6429,6.6429,6.6429,6.6429,6.6429,6.6429,6.6429,6.6429,6.6429,6.6429,6.6429,6.6429,6.6429,6.6429,6.6429,6.6429,6.6429,6.6429,6.6429,6.6429,6.6429,6.6429,6.6429,6.6429,6.6429,6.6429,6.6429,6.6429,6.6429,6.6429,6.6429,6.6429,6.6429,6.6429,6.6429,6.6429,6.6429,6.6429,6.6429,6.6429,6.6429,6.6429,6.6429,6.6429,6.6429,6.6429,6.6429,6.6429,6.6429,6.6429,6.6429,6.6429,6.6429,6.6429,6.6429,6.6429,6.6429,6.6429,6.6429,6.6429,6.6429,6.6429,6.6429,6.6429,6.6429,6.6429,6.6429,6.6429,6.6429,6.6429,6.6429,6.6429,6.6429,6.6429,6.6429,6.6429,6.6429,6.6429,6.6429,6.6429,6.6429,6.6429,6.6429,6.6429,6.6429,6.6429,6.6429,6.6429,6.6429,6.6429,6.6429,6.6429,6.6429,6.6429,6.6429,6.6429,6.6429,6.6429,6.6429,6.6429,6.6429,6.6429,6.6429,6.6429,6.6429,6.6429,6.6429,6.6429,6.6429,6.6429,6.6429,6.6429,6.6429,6.6429,6.6429,6.6429,6.6429,6.6429,6.6429,6.6429,6.6429,6.6429,6.6429,6.6429,6.6429,6.6429,6.6429,6.6429,6.6429,6.6429,6.6429,6.6429,6.6429,6.6429,6.6429,6.6429,6.6429,6.6429,6.6429,6.6429,6.6429,6.6429,6.6429,6.6429,6.6429,6.6429,6.6429,6.6429,6.6429,6.6429,6.6429,6.6429,6.6429,6.6429,6.6429,6.6429,6.6429,6.6429,6.6429,6.6429,6.6429,6.6429,6.6429,6.6429,6.6429,6.6429,6.6429,6.6429,6.6429,6.6429,6.6429,6.6429,6.6429,6.6429,6.6429,6.6429,6.6429,6.6429,6.6429,6.6429,6.6429,6.6429,6.6429,6.6429,6.6429,6.6429,6.6429,6.6429,6.6429,6.6429,6.6429,6.6429,6.6429,6.6429,6.6429,6.6429,6.6429,6.6429,6.6429,6.6429,6.6429,6.6429,6.6429,6.6429,6.6429,6.6429,6.6429,6.6429,6.6429,6.6429,6.6429,6.6429,6.6429,6.6429,6.6429,6.6429,6.6429,6.6429,6.6429,6.6429,6.6429,6.6429,6.6429,6.6429,6.6429,6.6429,6.6429,6.6429,6.6429,6.6429,6.6429,6.6429,6.6429,6.6429,6.6429,6.6429,6.6429,6.6429,6.6429,6.6429,6.6429,6.6429,6.6429,6.6429,6.6429,6.6429,6.6429,6.6429,6.6429,6.6429,6.6429,6.6429,6.6429,6.6429,6.6429,6.6429,6.6429,6.6429,6.6429,6.6429,6.6429,6.6429,6.6429,6.6429,6.6429,6.6429,6.6429,6.6429,6.6429,6.6429,6.6429,6.6429,6.6429,6.6429,6.6429,6.6429,6.6429,6.6429,6.6429,6.6429,6.6429,6.6429,6.6429,6.6429,6.6429,6.6429,6.6429,6.6429,6.6429,6.6429,6.6429,6.6429,6.6429,6.6429,6.6429,6.6429,6.6429,6.6429,6.6429,6.6429,6.6429,6.6429,6.6429,6.6429,6.6429,6.6429,6.6429,6.6429,6.6429,6.6429,6.6429,6.6429,6.6429,6.6429,6.6429,6.6429,6.6429,6.6429,6.6429,6.6429,6.6429,6.6429,6.6429,6.6429,6.6429,6.6429,6.6429,6.6429,6.6429,6.6429,6.6429,6.6429,6.6429,6.6429,6.6429,6.6429,6.6429,6.6429,6.6429,6.6429,6.6429,6.6429,6.6429,6.6429,6.6429,6.6429,6.6429,6.6429,6.6429,6.6429,6.6429,6.6429,6.6429,6.6429,6.6429,6.6429,6.6429,6.6429,6.6429,6.6429,6.6429,6.6429,6.6429,6.6429,6.6429,6.6429,6.6429,6.6429,6.6429,6.6429,6.6429,6.6429,6.6429,6.6429,6.6429,6.6429,6.6429,6.6429,6.6429,6.6429,6.6429,6.6429
6.6385,6.6385,6.6385,6.6385,6.6385,6.6385,6.6385,6.6385,6.6385,6.6385,6.6385,6.6385,6.6385,6.6385,6.6385,6.6385,6.6385,6.6385,6.6385,6.6385,6.6385,6.6385,6.6385,6.6385,6.6385,6.6385,6.6385,6.6385,6.6385,6.6385,6.6385,6.6385,6.6385,6.6385,6.6385,6.6385,6.6385,6.6385,6.6385,6.6385,6.6385,6.6385,6.6385,6.6385,6.6385,6.6385,6.6385,6.6385,6.6385,6.6385,6.6385,6.6385,6.6385,6.6385,6.6385,6.6385,6.6385,6.6385,6.6385,6.6385,6.6385,6.6385,6.6385,6.6385,6.6385,6.6385,6.6385,6.6385,6.6385,6.6385,6.6385,6.6385,6.6385,6.6385,6.6385,6.6385,6.6385,6.6385,6.6385,6.6385,6.6385,6.6385,6.6385,6.6385,6.6385,6.6385,6.6385,6.6385,6.6385,6.6385,6.6385,6.6385,6.6385,6.6385,6.6385,6.6385,6.6385,6.6385,6.6385,6.6385,6.6385,6.6385,6.6385,6.6385,6.6385,6.6385,6.6385,6.6385,6.6385,6.6385,6.6385,6.6385,6.6385,6.6385,6.6385,6.6385,6.6385,6.6385,6.6385,6.6385,6.6385,6.6385,6.6385,6.6385,6.6385,6.6385,6.6385,6.6385,6.6385,6.6385,6.6385,6.6385,6.6385,6.6385,6.6385,6.6385,6.6385,6.6385,6.6385,6.6385,6.6385,6.6385,6.6385,6.6385,6.6385,6.6385,6.6385,6.6385,6.6385,6.6385,6.6385,6.6385,6.6385,6.6385,6.6385,6.6385,6.6385,6.6385,6.6385,6.6385,6.6385,6.6385,6.6385,6.6385,6.6385,6.6385,6.6385,6.6385,6.6385,6.6385,6.6385,6.6385,6.6385,6.6385,6.6385,6.6385,6.6385,6.6385,6.6385,6.6385,6.6385,6.6385,6.6385,6.6385,6.6385,6.6385,6.6385,6.6385,6.6385,6.6385,6.6385,6.6385,6.6385,6.6385,6.6385,6.6385,6.6385,6.6385,6.6385,6.6385,6.6385,6.6385,6.6385,6.6385,6.6385,6.6385,6.6385,6.6385,6.6385,6.6385,6.6385,6.6385,6.6385,6.6385,6.6385,6.6385,6.6385,6.6385,6.6385,6.6385,6.6385,6.6385,6.6385,6.6385,6.6385,6.6385,6.6385,6.6385,6.6385,6.6385,6.6385,6.6385,6.6385,6.6385,6.6385,6.6385,6.6385,6.6385,6.6385,6.6385,6.6385,6.6385,6.6385,6.6385,6.6385,6.6385,6.6385,6.6385,6.6385,6.6385,6.6385,6.6385,6.6385,6.6385,6.6385,6.6385,6.6385,6.6385,6.6385,6.6385,6.6385,6.6385,6.6385,6.6385,6.6385,6.6385,6.6385,6.6385,6.6385,6.6385,6.6385,6.6385,6.6385,6.6385,6.6385,6.6385,6.6385,6.6385,6.6385,6.6385,6.6385,6.6385,6.6385,6.6385,6.6385,6.6385,6.6385,6.6385,6.6385,6.6385,6.6385,6.6385,6.6385,6.6385,6.6385,6.6385,6.6385,6.6385,6.6385,6.6385,6.6385,6.6385,6.6385,6.6385,6.6385,6.6385,6.6385,6.6385,6.6385,6.6385,6.6385,6.6385,6.6385,6.6385,6.6385,6.6385,6.6385,6.6385,6.6385,6.6385,6.6385,6.6385,6.6385,6.6385,6.6385,6.6385,6.6385,6.6385,6.6385,6.6385,6.6385,6.6385,6.6385,6.6385,6.6385,6.6385,6.6385,6.6385,6.6385,6.6385,6.6385,6.6385,6.6385,6.6385,6.6385,6.6385,6.6385,6.6385,6.6385,6.6385,6.6385,6.6385,6.6385,6.6385,6.6385,6.6385,6.6385,6.6385,6.6385,6.6385,6.6385,6.6385,6.6385,6.6385,6.6385,6.6385,6.6385,6.6385,6.6385,6.6385,6.6385,6.6385,6.6385,6.6385,6.6385,6.6385,6.6385,6.6385,6.6385,6.6385,6.6385,6.6385,6.6385,6.6385,6.6385,6.6385,6.6385,6.6385,6.6385,6.6385,6.6385,6.6385,6.6385,6.6385,6.6385,6.6385,6.6385,6.6385,6.6385,6.6385,6.6385,6.6385,6.6385,6.6385,6.3176,6.2875,6.2596,6.2355,6.2115,6.1877,6.1690,6.1503,6.1460,6.1440,6.1420,6.1400,6.1377,6.1355,6.1332,6.1310,6.1288,6.1265,6.1243,6.1223,6.1200,6.1178,6.1156,6.1134,6.1111,6.1089,6.1069,6.1047,6.1027,6.1005,6.1031,6.1071,6.1109,6.1149,6.1187,6.1225,6.1265,6.1303,6.1343,6.1382,6.1420,6.1460,6.1501,6.1544,6.1586,6.1627,6.1670,6.1713,6.1759,6.1802,6.1845,6.1891,6.1934,6.1980,6.2023,6.2069,6.2113,6.2216,6.2343,6.2471,6.2596,6.2725,6.2854,6.2984,6.3114,6.3245,6.3402,6.3582,6.3763,6.3948,6.4129,6.6385,6.6385,6.6385,6.6385,6.6385,6.6385,6.6385,6.6385,6.6385,6.6385,6.6385,6.6385,6.6385,6.6385,6.6385,6.6385,6.6385,6.6385,6.6385,6.6385,6.6385,6.6385,6.6385,6.6385,6.6385,6.6385,6.6385,6.6385,6.6385,6.6385,6.6385,6.6385,6.6385,6.6385,6.6385,6.6385,6.6385,6.6385,6.6385,6.6385,6.6385,6.6385,6.6385,6.6385,6.6385,6.6385,6.6385,6.6385,6.6385,6.6385,6.6385,6.6385,6.6385,6.6385,6.6385,6.6385,6.6385,6.6385,6.6385,6.6385,6.6385,6.6385,6.6385,6.6385,6.6385,6.6385,6.6385,6.6385,6.6385,6.6385,6.6385,6.6385,6.6385,6.6385,6.6385,6.6385,6.6385,6.6385,6.6385,6.6385,6.6385,6.6385,6.6385,6.6385,6.6385,6.6385,6.6385,6.6385,6.6385,6.6385,6.6385,6.6385,6.6385,6.6385,6.6385,6.6385,6.6385,6.6385,6.6385,6.6385,6.6385,6.6385,6.6385,6.6385,6.6385,6.6385,6.6385,6.6385,6.6385,6.6385,6.6385,6.6385,6.6385,6.6385,6.6385,6.6385,6.6385,6.6385,6.6385,6.6385,6.6385,6.6385,6.6385,6.6385,6.6385,6.6385,6.6385,6.6385,6.6385,6.6385,6.6385,6.6385,6.6385,6.6385,6.6385,6.6385,6.6385,6.6385,6.6385,6.6385,6.6385,6.6385,6.6385,6.6385,6.6385,6.6385,6.6385,6.6385,6.6385,6.6385,6.6385,6.6385,6.6385,6.6385,6.6385,6.6385,6.6385,6.6385,6.6385,6.6385,6.6385,6.6385,6.6385,6.6385,6.6385,6.6385,6.6385,6.6385,6.6385,6.6385,6.6385,6.6385,6.6385,6.6385,6.6385,6.6385,6.6385,6.6385,6.6385,6.6385,6.6385,6.6385,6.6385,6.6385,6.6385,6.6385,6.6385,6.6385,6.6385,6.6385,6.6385,6.6385,6.6385,6.6385,6.6385,6.6385,6.6385,6.6385,6.6385,6.6385,6.6385,6.6385,6.6385,6.6385,6.6385,6.6385,6.6385,6.6385,6.6385,6.6385,6.6385,6.6385,6.6385,6.6385,6.6385,6.6385,6.6385,6.6385,6.6385,6.6385,6.6385,6.6385,6.6385,6.6385,6.6385,6.6385,6.6385,6.6385,6.6385,6.6385,6.6385,6.6385,6.6385,6.6385,6.6385,6.6385,6.6385,6.6385,6.6385,6.6385,6.6385,6.6385,6.6385,6.6385,6.6385,6.6385,6.6385,6.6385,6.6385,6.6385,6.6385,6.6385,6.6385,6.6385,6.6385,6.6385,6.6385,6.6385,6.6385,6.6385,6.6385,6.6385,6.6385,6.6385,6.6385,6.6385,6.6385,6.6385,6.6385,6.6385,6.6385,6.6385,6.6385,6.6385,6.6385,6.6385,6.6385,6.6385,6.6385,6.6385,6.6385,6.6385,6.6385,6.6385,6.6385,6.6385,6.6385,6.6385,6.6385,6.6385,6.6385,6.6385,6.6385,6.6385,6.6385,6.6385,6.6385,6.6385,6.6385,6.6385,6.6385,6.6385,6.6385,6.6385,6.6385,6.6385,6.6385,6.6385,6.6385,6.6385,6.6385,6.6385,6.6385,6.6385,6.6385,6.6385,6.6385,6.6385,6.6385,6.6385,6.6385,6.6385,6.6385,6.6385,6.6385,6.6385,6.6385,6.6385,6.6385,6.6385,6.6385,6.6385,6.6385,6.6385,6.6385,6.6385,6.6385,6.6385,6.6385,6.6385,6.6385,6.6385,6.6385,6.6385,6.6385,6.6385,6.6385,6.6385,6.6385,6.6385,6.6385,6.6385,6.6385,6.6385,6.6385,6.6385,6.6385,6.6385,6.6385,6.6385,6.6385,6.6385,6.6385,6.6385,6.6385,6.6385,6.6385,6.6385,6.6385,6.6385,6.6385,6.6385,6.6385,6.6385,6.6385,6.6385,6.6385,6.6385,6.6385,6.6385,6.6385,6.6385,6.6385,6.6385,6.6385,6.6385,6.6385,6.6385,6.6385,6.6385,6.6385,6.6385,6.6385,6.6385,6.6385,6.6385,6.6385,6.6385,6.6385,6.6385,6.6385,6.6385,6.6385,6.6385,6.6385,6.6385,6.6385,6.6385,6.6385,6.6385,6.6385,6.6385,6.6385,6.6385,6.6385,6.6385,6.6385,6.6385,6.6385,6.6385,6.6385,6.6385,6.6385,6.6385,6.6385,6.6385,6.6385,6.6385,6.6385,6.6385,6.6385,6.6385,6.6385,6.6385,6.6385,6.6385,6.6385,6.6385,6.6385,6.6385,6.6385,6.6385,6.6385,6.6385,6.6385,6.6385,6.6385,6.6385,6.6385,6.6385,6.6385,6.6385,6.6385,6.6385,6.6385,6.6385,6.6385,6.6385,6.6385,6.6385,6.6385,6.6385,6.6385,6.6385,6.6385,6.6385,6.6385,6.6385,6.6385,6.6385,6.6385,6.6385,6.6385,6.6385,6.6385,6.6385,6.6385,6.6385,6.6385,6.6385,6.6385,6.6385,6.6385,6.6385,6.6385
6.6332,6.6332,6.6332,6.6332,6.6332,6.6332,6.6332,6.6332,6.6332,6.6332,6.6332,6.6332,6.6332,6.6332,6.6332,6.6332,6.6332,6.6332,6.6332,6.6332,6.6332,6.6332,6.6332,6.6332,6.6332,6.6332,6.6332,6.6332,6.6332,6.6332,6.6332,6.6332,6.6332,6.6332,6.6332,6.6332,6.6332,6.6332,6.6332,6.6332,6.6332,6.6332,6.6332,6.6332,6.6332,6.6332,6.6332,6.6332,6.6332,6.6332,6.6332,6.6332,6.6332,6.6332,6.6332,6.6332,6.6332,6.6332,6.6332,6.6332,6.6332,6.6332,6.6332,6.6332,6.6332,6.6332,6.6332,6.6332,6.6332,6.6332,6.6332,6.6332,6.6332,6.6332,6.6332,6.6332,6.6332,6.6332,6.6332,6.6332,6.6332,6.6332,6.6332,6.6332,6.6332,6.6332,6.6332,6.6332,6.6332,6.6332,6.6332,6.6332,6.6332,6.6332,6.6332,6.6332,6.6332,6.6332,6.6332,6.6332,6.6332,6.6332,6.6332,6.6332,6.6332,6.6332,6.6332,6.6332,6.6332,6.6332,6.6332,6.6332,6.6332,6.6332,6.6332,6.6332,6.6332,6.6332,6.6332,6.6332,6.6332,6.6332,6.6332,6.6332,6.6332,6.6332,6.6332,6.6332,6.6332,6.6332,6.6332,6.6332,6.6332,6.6332,6.6332,6.6332,6.6332,6.6332,6.6332,6.6332,6.6332,6.6332,6.6332,6.6332,6.6332,6.6332,6.6332,6.6332,6.6332,6.6332,6.6332,6.6332,6.6332,6.6332,6.6332,6.6332,6.6332,6.6332,6.6332,6.6332,6.6332,6.6332,6.6332,6.6332,6.6332,6.6332,6.6332,6.6332,6.6332,6.6332,6.6332,6.6332,6.6332,6.6332,6.6332,6.6332,6.6332,6.6332,6.6332,6.6332,6.6332,6.6332,6.6332,6.6332,6.6332,6.6332,6.6332,6.6332,6.6332,6.6332,6.6332,6.6332,6.6332,6.6332,6.6332,6.6332,6.6332,6.6332,6.6332,6.6332,6.6332,6.6332,6.6332,6.6332,6.6332,6.6332,6.6332,6.6332,6.6332,6.6332,6.6332,6.6332,6.6332,6.6332,6.6332,6.6332,6.6332,6.6332,6.6332,6.6332,6.6332,6.6332,6.6332,6.6332,6.6332,6.6332,6.6332,6.6332,6.6332,6.6332,6.6332,6.6332,6.6332,6.6332,6.6332,6.6332,6.6332,6.6332,6.6332,6.6332,6.6332,6.6332,6.6332,6.6332,6.6332,6.6332,6.6332,6.6332,6.6332,6.6332,6.6332,6.6332,6.6332,6.6332,6.6332,6.6332,6.6332,6.6332,6.6332,6.6332,6.6332,6.6332,6.6332,6.6332,6.6332,6.6332,6.6332,6.6332,6.6332,6.6332,6.6332,6.6332,6.6332,6.6332,6.6332,6.6332,6.6332,6.6332,6.6332,6.6332,6.6332,6.6332,6.6332,6.6332,6.6332,6.6332,6.6332,6.6332,6.6332,6.6332,6.6332,6.6332,6.6332,6.6332,6.6332,6.6332,6.6332,6.6332,6.6332,6.6332,6.6332,6.6332,6.6332,6.6332,6.6332,6.6332,6.6332,6.6332,6.6332,6.6332,6.6332,6.6332,6.6332,6.6332,6.6332,6.6332,6.6332,6.6332,6.6332,6.6332,6.6332,6.6332,6.6332,6.6332,6.6332,6.6332,6.6332,6.6332,6.6332,6.6332,6.6332,6.6332,6.6332,6.6332,6.6332,6.6332,6.6332,6.6332,6.6332,6.6332,6.6332,6.6332,6.6332,6.6332,6.6332,6.6332,6.6332,6.6332,6.6332,6.6332,6.6332,6.6332,6.6332,6.6332,6.6332,6.6332,6.6332,6.6332,6.6332,6.6332,6.6332,6.6332,6.6332,6.6332,6.6332,6.6332,6.6332,6.6332,6.6332,6.6332,6.6332,6.6332,6.6332,6.6332,6.6332,6.6332,6.6332,6.6332,6.6332,6.6332,6.6332,6.6332,6.6332,6.6332,6.6332,6.6332,6.6332,6.6332,6.6332,6.6332,6.6332,6.6332,6.6332,6.6332,6.6332,6.6332,6.6332,6.6332,6.6332,6.6332,6.6332,6.6332,6.6332,6.6332,6.6332,6.3247,6.2939,6.2641,6.2399,6.2159,6.1920,6.1722,6.1575,6.1557,6.1537,6.1514,6.1492,6.1469,6.1447,6.1424,6.1404,6.1382,6.1359,6.1337,6.1314,6.1292,6.1272,6.1250,6.1229,6.1207,6.1187,6.1167,6.1145,6.1122,6.1114,6.1154,6.1191,6.1229,6.1270,6.1308,6.1348,6.1386,6.1424,6.1465,6.1505,6.1546,6.1589,6.1632,6.1672,6.1715,6.1759,6.1802,6.1847,6.1891,6.1936,6.1980,6.2023,6.2069,6.2117,6.2191,6.2311,6.2438,6.2566,6.2695,6.2824,6.2953,6.3083,6.3214,6.3366,6.3539,6.3720,6.3904,6.4089,6.4286,6.6332,6.6332,6.6332,6.6332,6.6332,6.6332,6.6332,6.6332,6.6332,6.6332,6.6332,6.6332,6.6332,6.6332,6.6332,6.6332,6.6332,6.6332,6.6332,6.6332,6.6332,6.6332,6.6332,6.6332,6.6332,6.6332,6.6332,6.6332,6.6332,6.6332,6.6332,6.6332,6.6332,6.6332,6.6332,6.6332,6.6332,6.6332,6.6332,6.6332,6.6332,6.6332,6.6332,6.6332,6.6332,6.6332,6.6332,6.6332,6.6332,6.6332,6.6332,6.6332,6.6332,6.6332,6.6332,6.6332,6.6332,6.6332,6.6332,6.6332,6.6332,6.6332,6.6332,6.6332,6.6332,6.6332,6.6332,6.6332,6.6332,6.6332,6.6332,6.6332,6.6332,6.6332,6.6332,6.6332,6.6332,6.6332,6.6332,6.6332,6.6332,6.6332,6.6332,6.6332,6.6332,6.6332,6.6332,6.6332,6.6332,6.6332,6.6332,6.6332,6.6332,6.6332,6.6332,6.6332,6.6332,6.6332,6.6332,6.6332,6.6332,6.6332,6.6332,6.6332,6.6332,6.6332,6.6332,6.6332,6.6332,6.6332,6.6332,6.6332,6.6332,6.6332,6.6332,6.6332,6.6332,6.6332,6.6332,6.6332,6.6332,6.6332,6.6332,6.6332,6.6332,6.6332,6.6332,6.6332,6.6332,6.6332,6.6332,6.6332,6.6332,6.6332,6.6332,6.6332,6.6332,6.6332,6.6332,6.6332,6.6332,6.6332,6.6332,6.6332,6.6332,6.6332,6.6332,6.6332,6.6332,6.6332,6.6332,6.6332,6.6332,6.6332,6.6332,6.6332,6.6332,6.6332,6.6332,6.6332,6.6332,6.6332,6.6332,6.6332,6.6332,6.6332,6.6332,6.6332,6.6332,6.6332,6.6332,6.6332,6.6332,6.6332,6.6332,6.6332,6.6332,6.6332,6.6332,6.6332,6.6332,6.6332,6.6332,6.6332,6.6332,6.6332,6.6332,6.6332,6.6332,6.6332,6.6332,6.6332,6.6332,6.6332,6.6332,6.6332,6.6332,6.6332,6.6332,6.6332,6.6332,6.6332,6.6332,6.6332,6.6332,6.6332,6.6332,6.6332,6.6332,6.6332,6.6332,6.6332,6.6332,6.6332,6.6332,6.6332,6.6332,6.6332,6.6332,6.6332,6.6332,6.6332,6.6332,6.6332,6.6332,6.6332,6.6332,6.6332,6.6332,6.6332,6.6332,6.6332,6.6332,6.6332,6.6332,6.6332,6.6332,6.6332,6.6332,6.6332,6.6332,6.6332,6.6332,6.6332,6.6332,6.6332,6.6332,6.6332,6.6332,6.6332,6.6332,6.6332,6.6332,6.6332,6.6332,6.6332,6.6332,6.6332,6.6332,6.6332,6.6332,6.6332,6.6332,6.6332,6.6332,6.6332,6.6332,6.6332,6.6332,6.6332,6.6332,6.6332,6.6332,6.6332,6.6332,6.6332,6.6332,6.6332,6.6332,6.6332,6.6332,6.6332,6.6332,6.6332,6.6332,6.6332,6.6332,6.6332,6.6332,6.6332,6.6332,6.6332,6.6332,6.6332,6.6332,6.6332,6.6332,6.6332,6.6332,6.6332,6.6332,6.6332,6.6332,6.6332,6.6332,6.6332,6.6332,6.6332,6.6332,6.6332,6.6332,6.6332,6.6332,6.6332,6.6332,6.6332,6.6332,6.6332,6.6332,6.6332,6.6332,6.6332,6.6332,6.6332,6.6332,6.6332,6.6332,6.6332,6.6332,6.6332,6.6332,6.6332,6.6332,6.6332,6.6332,6.6332,6.6332,6.6332,6.6332,6.6332,6.6332,6.6332,6.6332,6.6332,6.6332,6.6332,6.6332,6.6332,6.6332,6.6332,6.6332,6.6332,6.6332,6.6332,6.6332,6.6332,6.6332,6.6332,6.6332,6.6332,6.6332,6.6332,6.6332,6.6332,6.6332,6.6332,6.6332,6.6332,6.6332,6.6332,6.6332,6.6332,6.6332,6.6332,6.6332,6.6332,6.6332,6.6332,6.6332,6.6332,6.6332,6.6332,6.6332,6.6332,6.6332,6.6332,6.6332,6.6332,6.6332,6.6332,6.6332,6.6332,6.6332,6.6332,6.6332,6.6332,6.6332,6.6332,6.6332,6.6332,6.6332,6.6332,6.6332,6.6332,6.6332,6.6332,6.6332,6.6332,6.6332,6.6332,6.6332,6.6332,6.6332,6.6332,6.6332,6.6332,6.6332,6.6332,6.6332,6.6332,6.6332,6.6332,6.6332,6.6332,6.6332,6.6332,6.6332,6.6332,6.6332,6.6332,6.6332,6.6332,6.6332,6.6332,6.6332,6.6332,6.6332,6.6332,6.6332,6.6332,6.6332,6.6332,6.6332,6.6332,6.6332,6.6332,6.6332,6.6332,6.6332,6.6332,6.6332,6.6332,6.6332,6.6332,6.6332,6.6332,6.6332,6.6332,6.6332,6.6332,6.6332,6.6332,6.6332,6.6332,6.6332,6.6332,6.6332,6.6332,6.6332,6.6332,6.6332,6.6332,6.6332,6.6332,6.6332,6.6332,6.6332,6.6332,6.6332,6.6332,6.6332,6.6332,6.6332,6.6332,6.6332,6.6332
6.6283,6.6283,6.6283,6.6283,6.6283,6.6283,6.6283,6.6283,6.6283,6.6283,6.6283,6.6283,6.6283,6.6283,6.6283,6.6283,6.6283,6.6283,6.6283,6.6283,6.6283,6.6283,6.6283,6.6283,6.6283,6.6283,6.6283,6.6283,6.6283,6.6283,6.6283,6.6283,6.6283,6.6283,6.6283,6.6283,6.6283,6.6283,6.6283,6.6283,6.6283,6.6283,6.6283,6.6283,6.6283,6.6283,6.6283,6.6283,6.6283,6.6283,6.6283,6.6283,6.6283,6.6283,6.6283,6.6283,6.6283,6.6283,6.6283,6.6283,6.6283,6.6283,6.6283,6.6283,6.6283,6.6283,6.6283,6.6283,6.6283,6.6283,6.6283,6.6283,6.6283,6.6283,6.6283,6.6283,6.6283,6.6283,6.6283,6.6283,6.6283,6.6283,6.6283,6.6283,6.6283,6.6283,6.6283,6.6283,6.6283,6.6283,6.6283,6.6283,6.6283,6.6283,6.6283,6.6283,6.6283,6.6283,6.6283,6.6283,6.6283,6.6283,6.6283,6.6283,6.6283,6.6283,6.6283,6.6283,6.6283,6.6283,6.6283,6.6283,6.6283,6.6283,6.6283,6.6283,6.6283,6.6283,6.6283,6.6283,6.6283,6.6283,6.6283,6.6283,6.6283,6.6283,6.6283,6.6283,6.6283,6.6283,6.6283,6.6283,6.6283,6.6283,6.6283,6.6283,6.6283,6.6283,6.6283,6.6283,6.6283,6.6283,6.6283,6.6283,6.6283,6.6283,6.6283,6.6283,6.6283,6.6283,6.6283,6.6283,6.6283,6.6283,6.6283,6.6283,6.6283,6.6283,6.6283,6.6283,6.6283,6.6283,6.6283,6.6283,6.6283,6.6283,6.6283,6.6283,6.6283,6.6283,6.6283,6.6283,6.6283,6.6283,6.6283,6.6283,6.6283,6.6283,6.6283,6.6283,6.6283,6.6283,6.6283,6.6283,6.6283,6.6283,6.6283,6.6283,6.6283,6.6283,6.6283,6.6283,6.6283,6.6283,6.6283,6.6283,6.6283,6.6283,6.6283,6.6283,6.6283,6.6283,6.6283,6.6283,6.6283,6.6283,6.6283,6.6283,6.6283,6.6283,6.6283,6.6283,6.6283,6.6283,6.6283,6.6283,6.6283,6.6283,6.6283,6.6283,6.6283,6.6283,6.6283,6.6283,6.6283,6.6283,6.6283,6.6283,6.6283,6.6283,6.6283,6.6283,6.6283,6.6283,6.6283,6.6283,6.6283,6.6283,6.6283,6.6283,6.6283,6.6283,6.6283,6.6283,6.6283,6.6283,6.6283,6.6283,6.6283,6.6283,6.6283,6.6283,6.6283,6.6283,6.6283,6.6283,6.6283,6.6283,6.6283,6.6283,6.6283,6.6283,6.6283,6.6283,6.6283,6.6283,6.6283,6.6283,6.6283,6.6283,6.6283,6.6283,6.6283,6.6283,6.6283,6.6283,6.6283,6.6283,6.6283,6.6283,6.6283,6.6283,6.6283,6.6283,6.6283,6.6283,6.6283,6.6283,6.6283,6.6283,6.6283,6.6283,6.6283,6.6283,6.6283,6.6283,6.6283,6.6283,6.6283,6.6283,6.6283,6.6283,6.6283,6.6283,6.6283,6.6283,6.6283,6.6283,6.6283,6.6283,6.6283,6.6283,6.6283,6.6283,6.6283,6.6283,6.6283,6.6283,6.6283,6.6283,6.6283,6.6283,6.6283,6.6283,6.6283,6.6283,6.6283,6.6283,6.6283,6.6283,6.6283,6.6283,6.6283,6.6283,6.6283,6.6283,6.6283,6.6283,6.6283,6.6283,6.6283,6.6283,6.6283,6.6283,6.6283,6.6283,6.6283,6.6283,6.6283,6.6283,6.6283,6.6283,6.6283,6.6283,6.6283,6.6283,6.6283,6.6283,6.6283,6.6283,6.6283,6.6283,6.6283,6.6283,6.6283,6.6283,6.6283,6.6283,6.6283,6.6283,6.6283,6.6283,6.6283,6.6283,6.6283,6.6283,6.6283,6.6283,6.6283,6.6283,6.6283,6.6283,6.6283,6.6283,6.6283,6.6283,6.6283,6.6283,6.6283,6.6283,6.6283,6.6283,6.6283,6.6283,6.6283,6.6283,6.6283,6.6283,6.6283,6.6283,6.6283,6.6283,6.6283,6.6283,6.6283,6.6283,6.6283,6.3010,6.2704,6.2443,6.2202,6.1964,6.1754,6.1672,6.1652,6.1629,6.1609,6.1586,6.1564,6.1541,6.1519,6.1496,6.1476,6.1453,6.1433,6.1413,6.1391,6.1370,6.1348,6.1328,6.1305,6.1283,6.1261,6.1238,6.1216,6.1234,6.1274,6.1312,6.1350,6.1391,6.1429,6.1469,6.1507,6.1548,6.1591,6.1634,6.1677,6.1720,6.1761,6.1804,6.1847,6.1891,6.1936,6.1982,6.2028,6.2074,6.2119,6.2170,6.2288,6.2408,6.2536,6.2664,6.2793,6.2922,6.3052,6.3185,6.3343,6.3501,6.3676,6.3858,6.4041,6.4241,6.6283,6.6283,6.6283,6.6283,6.6283,6.6283,6.6283,6.6283,6.6283,6.6283,6.6283,6.6283,6.6283,6.6283,6.6283,6.6283,6.6283,6.6283,6.6283,6.6283,6.6283,6.6283,6.6283,6.6283,6.6283,6.6283,6.6283,6.6283,6.6283,6.6283,6.6283,6.6283,6.6283,6.6283,6.6283,6.6283,6.6283,6.6283,6.6283,6.6283,6.6283,6.6283,6.6283,6.6283,6.6283,6.6283,6.6283,6.6283,6.6283,6.6283,6.6283,6.6283,6.6283,6.6283,6.6283,6.6283,6.6283,6.6283,6.6283,6.6283,6.6283,6.6283,6.6283,6.6283,6.6283,6.6283,6.6283,6.6283,6.6283,6.6283,6.6283,6.6283,6.6283,6.6283,6.6283,6.6283,6.6283,6.6283,6.6283,6.6283,6.6283,6.6283,6.6283,6.6283,6.6283,6.6283,6.6283,6.6283,6.6283,6.6283,6.6283,6.6283,6.6283,6.6283,6.6283,6.6283,6.6283,6.6283,6.6283,6.6283,6.6283,6.6283,6.6283,6.6283,6.6283,6.6283,6.6283,6.6283,6.6283,6.6283,6.6283,6.6283,6.6283,6.6283,6.6283,6.6283,6.6283,6.6283,6.6283,6.6283,6.6283,6.6283,6.6283,6.6283,6.6283,6.6283,6.6283,6.6283,6.6283,6.6283,6.6283,6.6283,6.6283,6.6283,6.6283,6.6283,6.6283,6.6283,6.6283,6.6283,6.6283,6.6283,6.6283,6.6283,6.6283,6.6283,6.6283,6.6283,6.6283,6.6283,6.6283,6.6283,6.6283,6.6283,6.6283,6.6283,6.6283,6.6283,6.6283,6.6283,6.6283,6.6283,6.6283,6.6283,6.6283,6.6283,6.6283,6.6283,6.6283,6.6283,6.6283,6.6283,6.6283,6.6283,6.6283,6.6283,6.6283,6.6283,6.6283,6.6283,6.6283,6.6283,6.6283,6.6283,6.6283,6.6283,6.6283,6.6283,6.6283,6.6283,6.6283,6.6283,6.6283,6.6283,6.6283,6.6283,6.6283,6.6283,6.6283,6.6283,6.6283,6.6283,6.6283,6.6283,6.6283,6.6283,6.6283,6.6283,6.6283,6.6283,6.6283,6.6283,6.6283,6.6283,6.6283,6.6283,6.6283,6.6283,6.6283,6.6283,6.6283,6.6283,6.6283,6.6283,6.6283,6.6283,6.6283,6.6283,6.6283,6.6283,6.6283,6.6283,6.6283,6.6283,6.6283,6.6283,6.6283,6.6283,6.6283,6.6283,6.6283,6.6283,6.6283,6.6283,6.6283,6.6283,6.6283,6.6283,6.6283,6.6283,6.6283,6.6283,6.6283,6.6283,6.6283,6.6283,6.6283,6.6283,6.6283,6.6283,6.6283,6.6283,6.6283,6.6283,6.6283,6.6283,6.6283,6.6283,6.6283,6.6283,6.6283,6.6283,6.6283,6.6283,6.6283,6.6283,6.6283,6.6283,6.6283,6.6283,6.6283,6.6283,6.6283,6.6283,6.6283,6.6283,6.6283,6.6283,6.6283,6.6283,6.6283,6.6283,6.6283,6.6283,6.6283,6.6283,6.6283,6.6283,6.6283,6.6283,6.6283,6.6283,6.6283,6.6283,6.6283,6.6283,6.6283,6.6283,6.6283,6.6283,6.6283,6.6283,6.6283,6.6283,6.6283,6.6283,6.6283,6.6283,6.6283,6.6283,6.6283,6.6283,6.6283,6.6283,6.6283,6.6283,6.6283,6.6283,6.6283,6.6283,6.6283,6.6283,6.6283,6.6283,6.6283,6.6283,6.6283,6.6283,6.6283,6.6283,6.6283,6.6283,6.6283,6.6283,6.6283,6.6283,6.6283,6.6283,6.6283,6.6283,6.6283,6.6283,6.6283,6.6283,6.6283,6.6283,6.6283,6.6283,6.6283,6.6283,6.6283,6.6283,6.6283,6.6283,6.6283,6.6283,6.6283,6.6283,6.6283,6.6283,6.6283,6.6283,6.6283,6.6283,6.6283,6.6283,6.6283,6.6283,6.6283,6.6283,6.6283,6.6283,6.6283,6.6283,6.6283,6.6283,6.6283,6.6283,6.6283,6.6283,6.6283,6.6283,6.6283,6.6283,6.6283,6.6283,6.6283,6.6283,6.6283,6.6283,6.6283,6.6283,6.6283,6.6283,6.6283,6.6283,6.6283,6.6283,6.6283,6.6283,6.6283,6.6283,6.6283,6.6283,6.6283,6.6283,6.6283,6.6283,6.6283,6.6283,6.6283,6.6283,6.6283,6.6283,6.6283,6.6283,6.6283,6.6283,6.6283,6.6283,6.6283,6.6283,6.6283,6.6283,6.6283,6.6283,6.6283,6.6283,6.6283,6.6283,6.6283,6.6283,6.6283,6.6283,6.6283,6.6283,6.6283,6.6283,6.6283,6.6283,6.6283,6.6283,6.6283,6.6283,6.6283,6.6283,6.6283,6.6283,6.6283,6.6283,6.6283,6.6283,6.6283,6.6283,6.6283,6.6283,6.6283,6.6283,6.6283,6.6283,6.6283,6.6283,6.6283,6.6283,6.6283,6.6283,6.6283,6.6283,6.6283,6.6283,6.6283,6.6283,6.6283,6.6283,6.6283,6.6283,6.6283,6.6283
6.6233,6.6233,6.6233,6.6233,6.6233,6.6233,6.6233,6.6233,6.6233,6.6233,6.6233,6.6233,6.6233,6.6233,6.6233,6.6233,6.6233,6.6233,6.6233,6.6233,6.6233,6.6233,6.6233,6.6233,6.6233,6.6233,6.6233,6.6233,6.6233,6.6233,6.6233,6.6233,6.6233,6.6233,6.6233,6.6233,6.6233,6.6233,6.6233,6.6233,6.6233,6.6233,6.6233,6.6233,6.6233,6.6233,6.6233,6.6233,6.6233,6.6233,6.6233,6.6233,6.6233,6.6233,6.6233,6.6233,6.6233,6.6233,6.6233,6.6233,6.6233,6.6233,6.6233,6.6233,6.6233,6.6233,6.6233,6.6233,6.6233,6.6233,6.6233,6.6233,6.6233,6.6233,6.6233,6.6233,6.6233,6.6233,6.6233,6.6233,6.6233,6.6233,6.6233,6.6233,6.6233,6.6233,6.6233,6.6233,6.6233,6.6233,6.6233,6.6233,6.6233,6.6233,6.6233,6.6233,6.6233,6.6233,6.6233,6.6233,6.6233,6.6233,6.6233,6.6233,6.6233,6.6233,6.6233,6.6233,6.6233,6.6233,6.6233,6.6233,6.6233,6.6233,6.6233,6.6233,6.6233,6.6233,6.6233,6.6233,6.6233,6.6233,6.6233,6.6233,6.6233,6.6233,6.6233,6.6233,6.6233,6.6233,6.6233,6.6233,6.6233,6.6233,6.6233,6.6233,6.6233,6.6233,6.6233,6.6233,6.6233,6.6233,6.6233,6.6233,6.6233,6.6233,6.6233,6.6233,6.6233,6.6233,6.6233,6.6233,6.6233,6.6233,6.6233,6.6233,6.6233,6.6233,6.6233,6.6233,6.6233,6.6233,6.6233,6.6233,6.6233,6.6233,6.6233,6.6233,6.6233,6.6233,6.6233,6.6233,6.6233,6.6233,6.6233,6.6233,6.6233,6.6233,6.6233,6.6233,6.6233,6.6233,6.6233,6.6233,6.6233,6.6233,6.6233,6.6233,6.6233,6.6233,6.6233,6.6233,6.6233,6.6233,6.6233,6.6233,6.6233,6.6233,6.6233,6.6233,6.6233,6.6233,6.6233,6.6233,6.6233,6.6233,6.6233,6.6233,6.6233,6.6233,6.6233,6.6233,6.6233,6.6233,6.6233,6.6233,6.6233,6.6233,6.6233,6.6233,6.6233,6.6233,6.6233,6.6233,6.6233,6.6233,6.6233,6.6233,6.6233,6.6233,6.6233,6.6233,6.6233,6.6233,6.6233,6.6233,6.6233,6.6233,6.6233,6.6233,6.6233,6.6233,6.6233,6.6233,6.6233,6.6233,6.6233,6.6233,6.6233,6.6233,6.6233,6.6233,6.6233,6.6233,6.6233,6.6233,6.6233,6.6233,6.6233,6.6233,6.6233,6.6233,6.6233,6.6233,6.6233,6.6233,6.6233,6.6233,6.6233,6.6233,6.6233,6.6233,6.6233,6.6233,6.6233,6.6233,6.6233,6.6233,6.6233,6.6233,6.6233,6.6233,6.6233,6.6233,6.6233,6.6233,6.6233,6.6233,6.6233,6.6233,6.6233,6.6233,6.6233,6.6233,6.6233,6.6233,6.6233,6.6233,6.6233,6.6233,6.6233,6.6233,6.6233,6.6233,6.6233,6.6233,6.6233,6.6233,6.6233,6.6233,6.6233,6.6233,6.6233,6.6233,6.6233,6.6233,6.6233,6.6233,6.6233,6.6233,6.6233,6.6233,6.6233,6.6233,6.6233,6.6233,6.6233,6.6233,6.6233,6.6233,6.6233,6.6233,6.6233,6.6233,6.6233,6.6233,6.6233,6.6233,6.6233,6.6233,6.6233,6.6233,6.6233,6.6233,6.6233,6.6233,6.6233,6.6233,6.6233,6.6233,6.6233,6.6233,6.6233,6.6233,6.6233,6.6233,6.6233,6.6233,6.6233,6.6233,6.6233,6.6233,6.6233,6.6233,6.6233,6.6233,6.6233,6.6233,6.6233,6.6233,6.6233,6.6233,6.6233,6.6233,6.6233,6.6233,6.6233,6.6233,6.6233,6.6233,6.6233,6.6233,6.6233,6.6233,6.6233,6.6233,6.6233,6.6233,6.6233,6.6233,6.6233,6.6233,6.6233,6.6233,6.6233,6.6233,6.6233,6.6233,6.6233,6.6233,6.6233,6.6233,6.6233,6.6233,6.6233,6.6233,6.6233,6.6233,6.3081,6.2774,6.2506,6.2253,6.2007,6.1790,6.1770,6.1747,6.1725,6.1702,6.1681,6.1663,6.1638,6.1618,6.1595,6.1575,6.1553,6.1532,6.1512,6.1489,6.1469,6.1447,6.1424,6.1402,6.1379,6.1357,6.1335,6.1317,6.1355,6.1395,6.1433,6.1471,6.1512,6.1553,6.1593,6.1636,6.1679,6.1720,6.1763,6.1806,6.1850,6.1893,6.1938,6.1984,6.2030,6.2076,6.2124,6.2170,6.2269,6.2387,6.2506,6.2634,6.2763,6.2892,6.3022,6.3161,6.3319,6.3474,6.3633,6.3814,6.3997,6.4205,6.4407,6.6233,6.6233,6.6233,6.6233,6.6233,6.6233,6.6233,6.6233,6.6233,6.6233,6.6233,6.6233,6.6233,6.6233,6.6233,6.6233,6.6233,6.6233,6.6233,6.6233,6.6233,6.6233,6.6233,6.6233,6.6233,6.6233,6.6233,6.6233,6.6233,6.6233,6.6233,6.6233,6.6233,6.6233,6.6233,6.6233,6.6233,6.6233,6.6233,6.6233,6.6233,6.6233,6.6233,6.6233,6.6233,6.6233,6.6233,6.6233,6.6233,6.6233,6.6233,6.6233,6.6233,6.6233,6.6233,6.6233,6.6233,6.6233,6.6233,6.6233,6.6233,6.6233,6.6233,6.6233,6.6233,6.6233,6.6233,6.6233,6.6233,6.6233,6.6233,6.6233,6.6233,6.6233,6.6233,6.6233,6.6233,6.6233,6.6233,6.6233,6.6233,6.6233,6.6233,6.6233,6.6233,6.6233,6.6233,6.6233,6.6233,6.6233,6.6233,6.6233,6.6233,6.6233,6.6233,6.6233,6.6233,6.6233,6.6233,6.6233,6.6233,6.6233,6.6233,6.6233,6.6233,6.6233,6.6233,6.6233,6.6233,6.6233,6.6233,6.6233,6.6233,6.6233,6.6233,6.6233,6.6233,6.6233,6.6233,6.6233,6.6233,6.6233,6.6233,6.6233,6.6233,6.6233,6.6233,6.6233,6.6233,6.6233,6.6233,6.6233,6.6233,6.6233,6.6233,6.6233,6.6233,6.6233,6.6233,6.6233,6.6233,6.6233,6.6233,6.6233,6.6233,6.6233,6.6233,6.6233,6.6233,6.6233,6.6233,6.6233,6.6233,6.6233,6.6233,6.6233,6.6233,6.6233,6.6233,6.6233,6.6233,6.6233,6.6233,6.6233,6.6233,6.6233,6.6233,6.6233,6.6233,6.6233,6.6233,6.6233,6.6233,6.6233,6.6233,6.6233,6.6233,6.6233,6.6233,6.6233,6.6233,6.6233,6.6233,6.6233,6.6233,6.6233,6.6233,6.6233,6.6233,6.6233,6.6233,6.6233,6.6233,6.6233,6.6233,6.6233,6.6233,6.6233,6.6233,6.6233,6.6233,6.6233,6.6233,6.6233,6.6233,6.6233,6.6233,6.6233,6.6233,6.6233,6.6233,6.6233,6.6233,6.6233,6.6233,6.6233,6.6233,6.6233,6.6233,6.6233,6.6233,6.6233,6.6233,6.6233,6.6233,6.6233,6.6233,6.6233,6.6233,6.6233,6.6233,6.6233,6.6233,6.6233,6.6233,6.6233,6.6233,6.6233,6.6233,6.6233,6.6233,6.6233,6.6233,6.6233,6.6233,6.6233,6.6233,6.6233,6.6233,6.6233,6.6233,6.6233,6.6233,6.6233,6.6233,6.6233,6.6233,6.6233,6.6233,6.6233,6.6233,6.6233,6.6233,6.6233,6.6233,6.6233,6.6233,6.6233,6.6233,6.6233,6.6233,6.6233,6.6233,6.6233,6.6233,6.6233,6.6233,6.6233,6.6233,6.6233,6.6233,6.6233,6.6233,6.6233,6.6233,6.6233,6.6233,6.6233,6.6233,6.6233,6.6233,6.6233,6.6233,6.6233,6.6233,6.6233,6.6233,6.6233,6.6233,6.6233,6.6233,6.6233,6.6233,6.6233,6.6233,6.6233,6.6233,6.6233,6.6233,6.6233,6.6233,6.6233,6.6233,6.6233,6.6233,6.6233,6.6233,6.6233,6.6233,6.6233,6.6233,6.6233,6.6233,6.6233,6.6233,6.6233,6.6233,6.6233,6.6233,6.6233,6.6233,6.6233,6.6233,6.6233,6.6233,6.6233,6.6233,6.6233,6.6233,6.6233,6.6233,6.6233,6.6233,6.6233,6.6233,6.6233,6.6233,6.6233,6.6233,6.6233,6.6233,6.6233,6.6233,6.6233,6.6233,6.6233,6.6233,6.6233,6.6233,6.6233,6.6233,6.6233,6.6233,6.6233,6.6233,6.6233,6.6233,6.6233,6.6233,6.6233,6.6233,6.6233,6.6233,6.6233,6.6233,6.6233,6.6233,6.6233,6.6233,6.6233,6.6233,6.6233,6.6233,6.6233,6.6233,6.6233,6.6233,6.6233,6.6233,6.6233,6.6233,6.6233,6.6233,6.6233,6.6233,6.6233,6.6233,6.6233,6.6233,6.6233,6.6233,6.6233,6.6233,6.6233,6.6233,6.6233,6.6233,6.6233,6.6233,6.6233,6.6233,6.6233,6.6233,6.6233,6.6233,6.6233,6.6233,6.6233,6.6233,6.6233,6.6233,6.6233,6.6233,6.6233,6.6233,6.6233,6.6233,6.6233,6.6233,6.6233,6.6233,6.6233,6.6233,6.6233,6.6233,6.6233,6.6233,6.6233,6.6233,6.6233,6.6233,6.6233,6.6233,6.6233,6.6233,6.6233,6.6233,6.6233,6.6233,6.6233,6.6233,6.6233,6.6233,6.6233,6.6233,6.6233,6.6233,6.6233,6.6233,6.6233,6.6233,6.6233,6.6233,6.6233,6.6233,6.6233,6.6233,6.6233,6.6233,6.6233,6.6233,6.6233,6.6233,6.6233,6.6233,6.6233,6.6233,6.6233,6.6233,6.6233,6.6233,6.6233,6.6233,6.6233,6.6233,6.6233,6.6233,6.6233,6.6233
6.6188,6.6188,6.6188,6.6188,6.6188,6.6188,6.6188,6.6188,6.6188,6.6188,6.6188,6.6188,6.6188,6.6188,6.6188,6.6188,6.6188,6.6188,6.6188,6.6188,6.6188,6.6188,6.6188,6.6188,6.6188,6.6188,6.6188,6.6188,6.6188,6.6188,6.6188,6.6188,6.6188,6.6188,6.6188,6.6188,6.6188,6.6188,6.6188,6.6188,6.6188,6.6188,6.6188,6.6188,6.6188,6.6188,6.6188,6.6188,6.6188,6.6188,6.6188,6.6188,6.6188,6.6188,6.6188,6.6188,6.6188,6.6188,6.6188,6.6188,6.6188,6.6188,6.6188,6.6188,6.6188,6.6188,6.6188,6.6188,6.6188,6.6188,6.6188,6.6188,6.6188,6.6188,6.6188,6.6188,6.6188,6.6188,6.6188,6.6188,6.6188,6.6188,6.6188,6.6188,6.6188,6.6188,6.6188,6.6188,6.6188,6.6188,6.6188,6.6188,6.6188,6.6188,6.6188,6.6188,6.6188,6.6188,6.6188,6.6188,6.6188,6.6188,6.6188,6.6188,6.6188,6.6188,6.6188,6.6188,6.6188,6.6188,6.6188,6.6188,6.6188,6.6188,6.6188,6.6188,6.6188,6.6188,6.6188,6.6188,6.6188,6.6188,6.6188,6.6188,6.6188,6.6188,6.6188,6.6188,6.6188,6.6188,6.6188,6.6188,6.6188,6.6188,6.6188,6.6188,6.6188,6.6188,6.6188,6.6188,6.6188,6.6188,6.6188,6.6188,6.6188,6.6188,6.6188,6.6188,6.6188,6.6188,6.6188,6.6188,6.6188,6.6188,6.6188,6.6188,6.6188,6.6188,6.6188,6.6188,6.6188,6.6188,6.6188,6.6188,6.6188,6.6188,6.6188,6.6188,6.6188,6.6188,6.6188,6.6188,6.6188,6.6188,6.6188,6.6188,6.6188,6.6188,6.6188,6.6188,6.6188,6.6188,6.6188,6.6188,6.6188,6.6188,6.6188,6.6188,6.6188,6.6188,6.6188,6.6188,6.6188,6.6188,6.6188,6.6188,6.6188,6.6188,6.6188,6.6188,6.6188,6.6188,6.6188,6.6188,6.6188,6.6188,6.6188,6.6188,6.6188,6.6188,6.6188,6.6188,6.6188,6.6188,6.6188,6.6188,6.6188,6.6188,6.6188,6.6188,6.6188,6.6188,6.6188,6.6188,6.6188,6.6188,6.6188,6.6188,6.6188,6.6188,6.6188,6.6188,6.6188,6.6188,6.6188,6.6188,6.6188,6.6188,6.6188,6.6188,6.6188,6.6188,6.6188,6.6188,6.6188,6.6188,6.6188,6.6188,6.6188,6.6188,6.6188,6.6188,6.6188,6.6188,6.6188,6.6188,6.6188,6.6188,6.6188,6.6188,6.6188,6.6188,6.6188,6.6188,6.6188,6.6188,6.6188,6.6188,6.6188,6.6188,6.6188,6.6188,6.6188,6.6188,6.6188,6.6188,6.6188,6.6188,6.6188,6.6188,6.6188,6.6188,6.6188,6.6188,6.6188,6.6188,6.6188,6.6188,6.6188,6.6188,6.6188,6.6188,6.6188,6.6188,6.6188,6.6188,6.6188,6.6188,6.6188,6.6188,6.6188,6.6188,6.6188,6.6188,6.6188,6.6188,6.6188,6.6188,6.6188,6.6188,6.6188,6.6188,6.6188,6.6188,6.6188,6.6188,6.6188,6.6188,6.6188,6.6188,6.6188,6.6188,6.6188,6.6188,6.6188,6.6188,6.6188,6.6188,6.6188,6.6188,6.6188,6.6188,6.6188,6.6188,6.6188,6.6188,6.6188,6.6188,6.6188,6.6188,6.6188,6.6188,6.6188,6.6188,6.6188,6.6188,6.6188,6.6188,6.6188,6.6188,6.6188,6.6188,6.6188,6.6188,6.6188,6.6188,6.6188,6.6188,6.6188,6.6188,6.6188,6.6188,6.6188,6.6188,6.6188,6.6188,6.6188,6.6188,6.6188,6.6188,6.6188,6.6188,6.6188,6.6188,6.6188,6.6188,6.6188,6.6188,6.6188,6.6188,6.6188,6.6188,6.6188,6.6188,6.6188,6.6188,6.6188,6.6188,6.6188,6.6188,6.6188,6.6188,6.6188,6.6188,6.6188,6.6188,6.6188,6.6188,6.6188,6.6188,6.6188,6.6188,6.6188,6.6188,6.6188,6.6188,6.6188,6.6188,6.6188,6.3152,6.2845,6.2566,6.2315,6.2067,6.1895,6.1870,6.1845,6.1824,6.1802,6.1781,6.1761,6.1740,6.1718,6.1695,6.1675,6.1652,6.1632,6.1611,6.1589,6.1566,6.1544,6.1521,6.1498,6.1476,6.1453,6.1431,6.1438,6.1476,6.1516,6.1555,6.1595,6.1638,6.1681,6.1725,6.1765,6.1809,6.1854,6.1897,6.1943,6.1989,6.2035,6.2080,6.2126,6.2172,6.2251,6.2366,6.2485,6.2603,6.2732,6.2861,6.2989,6.3138,6.3292,6.3450,6.3609,6.3768,6.3955,6.4160,6.4362,6.6188,6.6188,6.6188,6.6188,6.6188,6.6188,6.6188,6.6188,6.6188,6.6188,6.6188,6.6188,6.6188,6.6188,6.6188,6.6188,6.6188,6.6188,6.6188,6.6188,6.6188,6.6188,6.6188,6.6188,6.6188,6.6188,6.6188,6.6188,6.6188,6.6188,6.6188,6.6188,6.6188,6.6188,6.6188,6.6188,6.6188,6.6188,6.6188,6.6188,6.6188,6.6188,6.6188,6.6188,6.6188,6.6188,6.6188,6.6188,6.6188,6.6188,6.6188,6.6188,6.6188,6.6188,6.6188,6.6188,6.6188,6.6188,6.6188,6.6188,6.6188,6.6188,6.6188,6.6188,6.6188,6.6188,6.6188,6.6188,6.6188,6.6188,6.6188,6.6188,6.6188,6.6188,6.6188,6.6188,6.6188,6.6188,6.6188,6.6188,6.6188,6.6188,6.6188,6.6188,6.6188,6.6188,6.6188,6.6188,6.6188,6.6188,6.6188,6.6188,6.6188,6.6188,6.6188,6.6188,6.6188,6.6188,6.6188,6.6188,6.6188,6.6188,6.6188,6.6188,6.6188,6.6188,6.6188,6.6188,6.6188,6.6188,6.6188,6.6188,6.6188,6.6188,6.6188,6.6188,6.6188,6.6188,6.6188,6.6188,6.6188,6.6188,6.6188,6.6188,6.6188,6.6188,6.6188,6.6188,6.6188,6.6188,6.6188,6.6188,6.6188,6.6188,6.6188,6.6188,6.6188,6.6188,6.6188,6.6188,6.6188,6.6188,6.6188,6.6188,6.6188,6.6188,6.6188,6.6188,6.6188,6.6188,6.6188,6.6188,6.6188,6.6188,6.6188,6.6188,6.6188,6.6188,6.6188,6.6188,6.6188,6.6188,6.6188,6.6188,6.6188,6.6188,6.6188,6.6188,6.6188,6.6188,6.6188,6.6188,6.6188,6.6188,6.6188,6.6188,6.6188,6.6188,6.6188,6.6188,6.6188,6.6188,6.6188,6.6188,6.6188,6.6188,6.6188,6.6188,6.6188,6.6188,6.6188,6.6188,6.6188,6.6188,6.6188,6.6188,6.6188,6.6188,6.6188,6.6188,6.6188,6.6188,6.6188,6.6188,6.6188,6.6188,6.6188,6.6188,6.6188,6.6188,6.6188,6.6188,6.6188,6.6188,6.6188,6.6188,6.6188,6.6188,6.6188,6.6188,6.6188,6.6188,6.6188,6.6188,6.6188,6.6188,6.6188,6.6188,6.6188,6.6188,6.6188,6.6188,6.6188,6.6188,6.6188,6.6188,6.6188,6.6188,6.6188,6.6188,6.6188,6.6188,6.6188,6.6188,6.6188,6.6188,6.6188,6.6188,6.6188,6.6188,6.6188,6.6188,6.6188,6.6188,6.6188,6.6188,6.6188,6.6188,6.6188,6.6188,6.6188,6.6188,6.6188,6.6188,6.6188,6.6188,6.6188,6.6188,6.6188,6.6188,6.6188,6.6188,6.6188,6.6188,6.6188,6.6188,6.6188,6.6188,6.6188,6.6188,6.6188,6.6188,6.6188,6.6188,6.6188,6.6188,6.6188,6.6188,6.6188,6.6188,6.6188,6.6188,6.6188,6.6188,6.6188,6.6188,6.6188,6.6188,6.6188,6.6188,6.6188,6.6188,6.6188,6.6188,6.6188,6.6188,6.6188,6.6188,6.6188,6.6188,6.6188,6.6188,6.6188,6.6188,6.6188,6.6188,6.6188,6.6188,6.6188,6.6188,6.6188,6.6188,6.6188,6.6188,6.6188,6.6188,6.6188,6.6188,6.6188,6.6188,6.6188,6.6188,6.6188,6.6188,6.6188,6.6188,6.6188,6.6188,6.6188,6.6188,6.6188,6.6188,6.6188,6.6188,6.6188,6.6188,6.6188,6.6188,6.6188,6.6188,6.6188,6.6188,6.6188,6.6188,6.6188,6.6188,6.6188,6.6188,6.6188,6.6188,6.6188,6.6188,6.6188,6.6188,6.6188,6.6188,6.6188,6.6188,6.6188,6.6188,6.6188,6.6188,6.6188,6.6188,6.6188,6.6188,6.6188,6.6188,6.6188,6.6188,6.6188,6.6188,6.6188,6.6188,6.6188,6.6188,6.6188,6.6188,6.6188,6.6188,6.6188,6.6188,6.6188,6.6188,6.6188,6.6188,6.6188,6.6188,6.6188,6.6188,6.6188,6.6188,6.6188,6.6188,6.6188,6.6188,6.6188,6.6188,6.6188,6.6188,6.6188,6.6188,6.6188,6.6188,6.6188,6.6188,6.6188,6.6188,6.6188,6.6188,6.6188,6.6188,6.6188,6.6188,6.6188,6.6188,6.6188,6.6188,6.6188,6.6188,6.6188,6.6188,6.6188,6.6188,6.6188,6.6188,6.6188,6.6188,6.6188,6.6188,6.6188,6.6188,6.6188,6.6188,6.6188,6.6188,6.6188,6.6188,6.6188,6.6188,6.6188,6.6188,6.6188,6.6188,6.6188,6.6188,6.6188,6.6188,6.6188,6.6188,6.6188,6.6188,6.6188,6.6188,6.6188,6.6188,6.6188,6.6188,6.6188,6.6188,6.6188,6.6188,6.6188,6.6188,6.6188,6.6188,6.6188,6.6188,6.6188,6.6188,6.6188,6.6188,6.6188,6.6188,6.6188,6.6188,6.6188,6.6188,6.6188,6.6188,6.6188
6.6136,6.6136,6.6136,6.6136,6.6136,6.6136,6.6136,6.6136,6.6136,6.6136,6.6136,6.6136,6.6136,6.6136,6.6136,6.6136,6.6136,6.6136,6.6136,6.6136,6.6136,6.6136,6.6136,6.6136,6.6136,6.6136,6.6136,6.6136,6.6136,6.6136,6.6136,6.6136,6.6136,6.6136,6.6136,6.6136,6.6136,6.6136,6.6136,6.6136,6.6136,6.6136,6.6136,6.6136,6.6136,6.6136,6.6136,6.6136,6.6136,6.6136,6.6136,6.6136,6.6136,6.6136,6.6136,6.6136,6.6136,6.6136,6.6136,6.6136,6.6136,6.6136,6.6136,6.6136,6.6136,6.6136,6.6136,6.6136,6.6136,6.6136,6.6136,6.6136,6.6136,6.6136,6.6136,6.6136,6.6136,6.6136,6.6136,6.6136,6.6136,6.6136,6.6136,6.6136,6.6136,6.6136,6.6136,6.6136,6.6136,6.6136,6.6136,6.6136,6.6136,6.6136,6.6136,6.6136,6.6136,6.6136,6.6136,6.6136,6.6136,6.6136,6.6136,6.6136,6.6136,6.6136,6.6136,6.6136,6.6136,6.6136,6.6136,6.6136,6.6136,6.6136,6.6136,6.6136,6.6136,6.6136,6.6136,6.6136,6.6136,6.6136,6.6136,6.6136,6.6136,6.6136,6.6136,6.6136,6.6136,6.6136,6.6136,6.6136,6.6136,6.6136,6.6136,6.6136,6.6136,6.6136,6.6136,6.6136,6.6136,6.6136,6.6136,6.6136,6.6136,6.6136,6.6136,6.6136,6.6136,6.6136,6.6136,6.6136,6.6136,6.6136,6.6136,6.6136,6.6136,6.6136,6.6136,6.6136,6.6136,6.6136,6.6136,6.6136,6.6136,6.6136,6.6136,6.6136,6.6136,6.6136,6.6136,6.6136,6.6136,6.6136,6.6136,6.6136,6.6136,6.6136,6.6136,6.6136,6.6136,6.6136,6.6136,6.6136,6.6136,6.6136,6.6136,6.6136,6.6136,6.6136,6.6136,6.6136,6.6136,6.6136,6.6136,6.6136,6.6136,6.6136,6.6136,6.6136,6.6136,6.6136,6.6136,6.6136,6.6136,6.6136,6.6136,6.6136,6.6136,6.6136,6.6136,6.6136,6.6136,6.6136,6.6136,6.6136,6.6136,6.6136,6.6136,6.6136,6.6136,6.6136,6.6136,6.6136,6.6136,6.6136,6.6136,6.6136,6.6136,6.6136,6.6136,6.6136,6.6136,6.6136,6.6136,6.6136,6.6136,6.6136,6.6136,6.6136,6.6136,6.6136,6.6136,6.6136,6.6136,6.6136,6.6136,6.6136,6.6136,6.6136,6.6136,6.6136,6.6136,6.6136,6.6136,6.6136,6.6136,6.6136,6.6136,6.6136,6.6136,6.6136,6.6136,6.6136,6.6136,6.6136,6.6136,6.6136,6.6136,6.6136,6.6136,6.6136,6.6136,6.6136,6.6136,6.6136,6.6136,6.6136,6.6136,6.6136,6.6136,6.6136,6.6136,6.6136,6.6136,6.6136,6.6136,6.6136,6.6136,6.6136,6.6136,6.6136,6.6136,6.6136,6.6136,6.6136,6.6139,6.6139,6.6139,6.6139,6.6139,6.6139,6.6139,6.6139,6.6139,6.6139,6.6139,6.6139,6.6139,6.6139,6.6139,6.6139,6.6139,6.6139,6.6139,6.6139,6.6139,6.6139,6.6139,6.6139,6.6139,6.6139,6.6139,6.6139,6.6139,6.6139,6.6139,6.6139,6.6139,6.6139,6.6139,6.6139,6.6139,6.6139,6.6139,6.6139,6.6139,6.6139,6.6139,6.6139,6.6139,6.6139,6.6139,6.6139,6.6139,6.6139,6.6139,6.6139,6.6139,6.6139,6.6139,6.6139,6.6139,6.6139,6.6139,6.6139,6.6139,6.6139,6.6139,6.6139,6.6139,6.6139,6.6139,6.6139,6.6139,6.6139,6.6139,6.6139,6.6139,6.6139,6.6139,6.6139,6.6139,6.6139,6.6139,6.6139,6.6139,6.6139,6.6139,6.6139,6.6139,6.6139,6.6139,6.6139,6.6139,6.6139,6.6139,6.6139,6.6139,6.6139,6.6139,6.6139,6.6139,6.6139,6.6139,6.6139,6.6139,6.6139,6.6139,6.6139,6.6139,6.6139,6.6139,6.6139,6.6139,6.6139,6.6139,6.6139,6.6139,6.6139,6.6139,6.2915,6.2627,6.2376,6.2126,6.2014,6.1987,6.1961,6.1934,6.1909,6.1884,6.1861,6.1838,6.1818,6.1795,6.1774,6.1752,6.1731,6.1709,6.1688,6.1663,6.1641,6.1618,6.1595,6.1573,6.1550,6.1528,6.1559,6.1600,6.1641,6.1684,6.1727,6.1772,6.1815,6.1859,6.1902,6.1948,6.1991,6.2037,6.2083,6.2129,6.2177,6.2230,6.2348,6.2466,6.2582,6.2702,6.2828,6.2958,6.3112,6.3269,6.3426,6.3585,6.3742,6.3911,6.4116,6.4320,6.4518,6.6139,6.6139,6.6139,6.6139,6.6139,6.6139,6.6139,6.6139,6.6139,6.6139,6.6139,6.6139,6.6139,6.6139,6.6139,6.6139,6.6139,6.6139,6.6139,6.6139,6.6139,6.6139,6.6139,6.6139,6.6139,6.6139,6.6139,6.6139,6.6139,6.6139,6.6139,6.6139,6.6139,6.6139,6.6139,6.6139,6.6139,6.6139,6.6139,6.6139,6.6139,6.6139,6.6139,6.6139,6.6139,6.6139,6.6139,6.6139,6.6139,6.6139,6.6139,6.6139,6.6139,6.6139,6.6139,6.6139,6.6139,6.6139,6.6139,6.6139,6.6139,6.6139,6.6139,6.6139,6.6139,6.6139,6.6139,6.6139,6.6139,6.6139,6.6139,6.6139,6.6139,6.6139,6.6139,6.6139,6.6139,6.6139,6.6139,6.6139,6.6139,6.6139,6.6139,6.6139,6.6139,6.6139,6.6139,6.6139,6.6139,6.6139,6.6139,6.6139,6.6139,6.6139,6.6139,6.6139,6.6139,6.6139,6.6139,6.6139,6.6139,6.6139,6.6139,6.6139,6.6139,6.6139,6.6139,6.6139,6.6139,6.6139,6.6139,6.6139,6.6139,6.6139,6.6139,6.6139,6.6139,6.6139,6.6139,6.6139,6.6139,6.6139,6.6139,6.6139,6.6139,6.6139,6.6139,6.6139,6.6139,6.6139,6.6139,6.6139,6.6139,6.6139,6.6139,6.6139,6.6139,6.6139,6.6139,6.6139,6.6139,6.6139,6.6139,6.6139,6.6139,6.6139,6.6139,6.6139,6.6139,6.6139,6.6139,6.6139,6.6139,6.6139,6.6139,6.6139,6.6139,6.6139,6.6139,6.6139,6.6139,6.6139,6.6139,6.6139,6.6139,6.6139,6.6139,6.6139,6.6139,6.6139,6.6139,6.6139,6.6139,6.6139,6.6139,6.6139,6.6139,6.6139,6.6139,6.6139,6.6139,6.6139,6.6139,6.6139,6.6139,6.6139,6.6139,6.6139,6.6139,6.6139,6.6139,6.6139,6.6139,6.6139,6.6139,6.6139,6.6139,6.6139,6.6139,6.6139,6.6139,6.6139,6.6139,6.6139,6.6139,6.6139,6.6139,6.6139,6.6139,6.6139,6.6139,6.6139,6.6139,6.6139,6.6139,6.6139,6.6139,6.6139,6.6139,6.6139,6.6139,6.6139,6.6139,6.6139,6.6139,6.6139,6.6139,6.6139,6.6139,6.6139,6.6139,6.6139,6.6139,6.6139,6.6139,6.6139,6.6139,6.6139,6.6139,6.6139,6.6139,6.6139,6.6139,6.6139,6.6139,6.6139,6.6139,6.6139,6.6139,6.6139,6.6139,6.6139,6.6139,6.6139,6.6139,6.6139,6.6139,6.6139,6.6139,6.6139,6.6139,6.6139,6.6139,6.6139,6.6139,6.6139,6.6139,6.6139,6.6139,6.6139,6.6139,6.6139,6.6139,6.6139,6.6139,6.6139,6.6139,6.6139,6.6139,6.6139,6.6139,6.6139,6.6139,6.6139,6.6139,6.6139,6.6139,6.6139,6.6139,6.6139,6.6139,6.6139,6.6139,6.6139,6.6139,6.6139,6.6139,6.6139,6.6139,6.6139,6.6139,6.6139,6.6139,6.6139,6.6139,6.6139,6.6139,6.6139,6.6139,6.6139,6.6139,6.6139,6.6139,6.6139,6.6139,6.6139,6.6139,6.6139,6.6139,6.6139,6.6139,6.6139,6.6139,6.6139,6.6139,6.6139,6.6139,6.6139,6.6139,6.6139,6.6139,6.6139,6.6139,6.6139,6.6139,6.6139,6.6139,6.6139,6.6139,6.6139,6.6139,6.6139,6.6139,6.6139,6.6139,6.6139,6.6139,6.6139,6.6139,6.6139,6.6139,6.6139,6.6139,6.6139,6.6139,6.6139,6.6139,6.6139,6.6139,6.6139,6.6139,6.6139,6.6139,6.6139,6.6139,6.6139,6.6139,6.6139,6.6139,6.6139,6.6139,6.6139,6.6139,6.6139,6.6139,6.6139,6.6139,6.6139,6.6139,6.6139,6.6139,6.6139,6.6139,6.6139,6.6139,6.6139,6.6139,6.6139,6.6139,6.6139,6.6139,6.6139,6.6139,6.6139,6.6139,6.6139,6.6139,6.6139,6.6139,6.6139,6.6139,6.6139,6.6139,6.6139,6.6139,6.6139,6.6139,6.6139,6.6139,6.6139,6.6139,6.6139,6.6139,6.6139,6.6139,6.6139,6.6139,6.6139,6.6139,6.6139,6.6139,6.6139,6.6139,6.6139,6.6139,6.6139,6.6139,6.6139,6.6139,6.6139,6.6139,6.6139,6.6139,6.6139,6.6139,6.6139,6.6139,6.6139,6.6139,6.6139,6.6139,6.6139,6.6139,6.6139,6.6139,6.6139,6.6139,6.6139,6.6139,6.6139,6.6139,6.6139,6.6139,6.6139,6.6139,6.6139,6.6139,6.6139,6.6139,6.6139,6.6139,6.6139,6.6139,6.6139,6.6139,6.6139,6.6139,6.6139,6.6139,6.6139,6.6139,6.6139,6.6139,6.6139,6.6139,6.6139,6.6139,6.6139,6.6139,6.6139,6.6139,6.6139,6.6139,6.6139,6.6139,6.6139,6.6139,6.6139,6.6139,6.6139,6.6139,6.6139
6.6092,6.6092,6.6092,6.6092,6.6092,6.6092,6.6092,6.6092,6.6092,6.6092,6.6092,6.6092,6.6092,6.6092,6.6092,6.6092,6.6092,6.6092,6.6092,6.6092,6.6092,6.6092,6.6092,6.6092,6.6092,6.6092,6.6092,6.6092,6.6092,6.6092,6.6092,6.6092,6.6092,6.6092,6.6092,6.6092,6.6092,6.6092,6.6092,6.6092,6.6092,6.6092,6.6092,6.6092,6.6092,6.6092,6.6092,6.6092,6.6092,6.6092,6.6092,6.6092,6.6092,6.6092,6.6092,6.6092,6.6092,6.6092,6.6092,6.6092,6.6092,6.6092,6.6092,6.6092,6.6092,6.6092,6.6092,6.6092,6.6092,6.6092,6.6092,6.6092,6.6092,6.6092,6.6092,6.6092,6.6092,6.6092,6.6092,6.6092,6.6092,6.6092,6.6092,6.6092,6.6092,6.6092,6.6092,6.6092,6.6092,6.6092,6.6092,6.6092,6.6092,6.6092,6.6092,6.6092,6.6092,6.6092,6.6092,6.6092,6.6092,6.6092,6.6092,6.6092,6.6092,6.6092,6.6092,6.6092,6.6092,6.6092,6.6092,6.6092,6.6092,6.6092,6.6092,6.6092,6.6092,6.6092,6.6092,6.6092,6.6092,6.6092,6.6092,6.6092,6.6092,6.6092,6.6092,6.6092,6.6092,6.6092,6.6092,6.6092,6.6092,6.6092,6.6092,6.6092,6.6092,6.6092,6.6092,6.6092,6.6092,6.6092,6.6092,6.6092,6.6092,6.6092,6.6092,6.6092,6.6092,6.6092,6.6092,6.6092,6.6092,6.6092,6.6092,6.6092,6.6092,6.6092,6.6092,6.6092,6.6092,6.6092,6.6092,6.6092,6.6092,6.6092,6.6092,6.6092,6.6092,6.6092,6.6092,6.6092,6.6092,6.6092,6.6092,6.6092,6.6092,6.6092,6.6092,6.6092,6.6092,6.6092,6.6092,6.6092,6.6092,6.6092,6.6092,6.6092,6.6092,6.6092,6.6092,6.6092,6.6092,6.6092,6.6092,6.6092,6.6092,6.6092,6.6092,6.6092,6.6092,6.6092,6.6092,6.6092,6.6092,6.6092,6.6092,6.6092,6.6092,6.6092,6.6092,6.6092,6.6092,6.6092,6.6092,6.6092,6.6092,6.6092,6.6092,6.6092,6.6092,6.6092,6.6092,6.6092,6.6092,6.6092,6.6092,6.6092,6.6092,6.6092,6.6092,6.6092,6.6092,6.6092,6.6092,6.6092,6.6092,6.6092,6.6092,6.6092,6.6092,6.6092,6.6092,6.6092,6.6092,6.6092,6.6092,6.6092,6.6092,6.6092,6.6092,6.6092,6.6092,6.6092,6.6092,6.6092,6.6092,6.6092,6.6092,6.6092,6.6092,6.6092,6.6092,6.6092,6.6092,6.6092,6.6092,6.6092,6.6092,6.6092,6.6092,6.6092,6.6092,6.6092,6.6092,6.6092,6.6092,6.6092,6.6092,6.6092,6.6092,6.6092,6.6092,6.6092,6.6092,6.6092,6.6092,6.6092,6.6092,6.6092,6.6092,6.6092,6.6092,6.6092,6.6092,6.6092,6.6092,6.6092,6.6092,6.6092,6.6092,6.6092,6.6092,6.6092,6.6092,6.6092,6.6092,6.6092,6.6092,6.6092,6.6092,6.6092,6.6092,6.6092,6.6092,6.6092,6.6092,6.6092,6.6092,6.6092,6.6092,6.6092,6.6092,6.6092,6.6092,6.6092,6.6092,6.6092,6.6092,6.6092,6.6092,6.6092,6.6092,6.6092,6.6092,6.6092,6.6092,6.6092,6.6092,6.6092,6.6092,6.6092,6.6092,6.6092,6.6092,6.6092,6.6092,6.6092,6.6092,6.6092,6.6092,6.6092,6.6092,6.6092,6.6092,6.6092,6.6092,6.6092,6.6092,6.6092,6.6092,6.6092,6.6092,6.6092,6.6092,6.6092,6.6092,6.6092,6.6092,6.6092,6.6092,6.6092,6.6092,6.6092,6.6092,6.6092,6.6092,6.6092,6.6092,6.6092,6.6092,6.6092,6.6092,6.6092,6.6092,6.6092,6.6092,6.6092,6.6092,6.6092,6.6092,6.6092,6.6092,6.6092,6.6092,6.6092,6.6092,6.6092,6.6092,6.6092,6.6092,6.6092,6.6092,6.6092,6.6092,6.6092,6.6092,6.6092,6.6092,6.6092,6.6092,6.6092,6.2986,6.2690,6.2438,6.2186,6.2131,6.2106,6.2078,6.2053,6.2025,6.2000,6.1975,6.1948,6.1923,6.1895,6.1875,6.1852,6.1829,6.1806,6.1784,6.1761,6.1740,6.1718,6.1695,6.1672,6.1652,6.1647,6.1690,6.1734,6.1777,6.1820,6.1865,6.1909,6.1952,6.1996,6.2041,6.2087,6.2133,6.2179,6.2225,6.2329,6.2445,6.2564,6.2683,6.2802,6.2932,6.3088,6.3242,6.3398,6.3553,6.3708,6.3873,6.4067,6.4276,6.4481,6.6092,6.6092,6.6092,6.6092,6.6092,6.6092,6.6092,6.6092,6.6092,6.6092,6.6092,6.6092,6.6092,6.6092,6.6092,6.6092,6.6092,6.6092,6.6092,6.6092,6.6092,6.6092,6.6092,6.6092,6.6092,6.6092,6.6092,6.6092,6.6092,6.6092,6.6092,6.6092,6.6092,6.6092,6.6092,6.6092,6.6092,6.6092,6.6092,6.6092,6.6092,6.6092,6.6092,6.6092,6.6092,6.6092,6.6092,6.6092,6.6092,6.6092,6.6092,6.6092,6.6092,6.6092,6.6092,6.6092,6.6092,6.6092,6.6092,6.6092,6.6092,6.6092,6.6092,6.6092,6.6092,6.6092,6.6092,6.6092,6.6092,6.6092,6.6092,6.6092,6.6092,6.6092,6.6092,6.6092,6.6092,6.6092,6.6092,6.6092,6.6092,6.6092,6.6092,6.6092,6.6092,6.6092,6.6092,6.6092,6.6092,6.6092,6.6092,6.6092,6.6092,6.6092,6.6092,6.6092,6.6092,6.6092,6.6092,6.6092,6.6092,6.6092,6.6092,6.6092,6.6092,6.6092,6.6092,6.6092,6.6092,6.6092,6.6092,6.6092,6.6092,6.6092,6.6092,6.6092,6.6092,6.6092,6.6092,6.6092,6.6092,6.6092,6.6092,6.6092,6.6092,6.6092,6.6092,6.6092,6.6092,6.6092,6.6092,6.6092,6.6092,6.6092,6.6092,6.6092,6.6092,6.6092,6.6092,6.6092,6.6092,6.6092,6.6092,6.6092,6.6092,6.6092,6.6092,6.6092,6.6092,6.6092,6.6092,6.6092,6.6092,6.6092,6.6092,6.6092,6.6092,6.6092,6.6092,6.6092,6.6092,6.6092,6.6092,6.6092,6.6092,6.6092,6.6092,6.6092,6.6092,6.6092,6.6092,6.6092,6.6092,6.6092,6.6092,6.6092,6.6092,6.6092,6.6092,6.6092,6.6092,6.6092,6.6092,6.6092,6.6092,6.6092,6.6092,6.6092,6.6092,6.6092,6.6092,6.6092,6.6092,6.6092,6.6092,6.6092,6.6092,6.6092,6.6092,6.6092,6.6092,6.6092,6.6092,6.6092,6.6092,6.6092,6.6092,6.6092,6.6092,6.6092,6.6092,6.6092,6.6092,6.6092,6.6092,6.6092,6.6092,6.6092,6.6092,6.6092,6.6092,6.6092,6.6092,6.6092,6.6092,6.6092,6.6092,6.6092,6.6092,6.6092,6.6092,6.6092,6.6092,6.6092,6.6092,6.6092,6.6092,6.6092,6.6092,6.6092,6.6092,6.6092,6.6092,6.6092,6.6092,6.6092,6.6092,6.6092,6.6092,6.6092,6.6092,6.6092,6.6092,6.6092,6.6092,6.6092,6.6092,6.6092,6.6092,6.6092,6.6092,6.6092,6.6092,6.6092,6.6092,6.6092,6.6092,6.6092,6.6092,6.6092,6.6092,6.6092,6.6092,6.6092,6.6092,6.6092,6.6092,6.6092,6.6092,6.6092,6.6092,6.6092,6.6092,6.6092,6.6092,6.6092,6.6092,6.6092,6.6092,6.6092,6.6092,6.6092,6.6092,6.6092,6.6092,6.6092,6.6092,6.6092,6.6092,6.6092,6.6092,6.6092,6.6092,6.6092,6.6092,6.6092,6.6092,6.6092,6.6092,6.6092,6.6092,6.6092,6.6092,6.6092,6.6092,6.6092,6.6092,6.6092,6.6092,6.6092,6.6092,6.6092,6.6092,6.6092,6.6092,6.6092,6.6092,6.6092,6.6092,6.6092,6.6092,6.6092,6.6092,6.6092,6.6092,6.6092,6.6092,6.6092,6.6092,6.6092,6.6092,6.6092,6.6092,6.6092,6.6092,6.6092,6.6092,6.6092,6.6092,6.6092,6.6092,6.6092,6.6092,6.6092,6.6092,6.6092,6.6092,6.6092,6.6092,6.6092,6.6092,6.6092,6.6092,6.6092,6.6092,6.6092,6.6092,6.6092,6.6092,6.6092,6.6092,6.6092,6.6092,6.6092,6.6092,6.6092,6.6092,6.6092,6.6092,6.6092,6.6092,6.6092,6.6092,6.6092,6.6092,6.6092,6.6092,6.6092,6.6092,6.6092,6.6092,6.6092,6.6092,6.6092,6.6092,6.6092,6.6092,6.6092,6.6092,6.6092,6.6092,6.6092,6.6092,6.6092,6.6092,6.6092,6.6092,6.6092,6.6092,6.6092,6.6092,6.6092,6.6092,6.6092,6.6092,6.6092,6.6092,6.6092,6.6092,6.6092,6.6092,6.6092,6.6092,6.6092,6.6092,6.6092,6.6092,6.6092,6.6092,6.6092,6.6092,6.6092,6.6092,6.6092,6.6092,6.6092,6.6092,6.6092,6.6092,6.6092,6.6092,6.6092,6.6092,6.6092,6.6092,6.6092,6.6092,6.6092,6.6092,6.6092,6.6092,6.6092,6.6092,6.6092,6.6092,6.6092,6.6092,6.6092,6.6092,6.6092,6.6092,6.6092,6.6092,6.6092,6.6092,6.6092,6.6092,6.6092,6.6092,6.6092,6.6092,6.6092,6.6092,6.6092,6.6092,6.6092,6.6092,6.6092,6.6092,6.6092,6.6092,6.6092,6.6092,6.6092,6.6092,6.6092,6.6092,6.6092,6.6092,6.6092,6.6092,6.6092,6.6092,6.6092
6.6043,6.6043,6.6043,6.6043,6.6043,6.6043,6.6043,6.6043,6.6043,6.6043,6.6043,6.6043,6.6043,6.6043,6.6043,6.6043,6.6043,6.6043,6.6043,6.6043,6.6043,6.6043,6.6043,6.6043,6.6043,6.6043,6.6043,6.6043,6.6043,6.6043,6.6043,6.6043,6.6043,6.6043,6.6043,6.6043,6.6043,6.6043,6.6043,6.6043,6.6043,6.6043,6.6043,6.6043,6.6043,6.6043,6.6043,6.6043,6.6043,6.6043,6.6043,6.6043,6.6043,6.6043,6.6043,6.6043,6.6043,6.6043,6.6043,6.6043,6.6043,6.6043,6.6043,6.6043,6.6043,6.6043,6.6043,6.6043,6.6043,6.6043,6.6043,6.6043,6.6043,6.6043,6.6043,6.6043,6.6043,6.6043,6.6043,6.6043,6.6043,6.6043,6.6043,6.6043,6.6043,6.6043,6.6043,6.6043,6.6043,6.6043,6.6043,6.6043,6.6043,6.6043,6.6043,6.6043,6.6043,6.6043,6.6043,6.6043,6.6043,6.6043,6.6043,6.6043,6.6043,6.6043,6.6043,6.6043,6.6043,6.6043,6.6043,6.6043,6.6043,6.6043,6.6043,6.6043,6.6043,6.6043,6.6043,6.6043,6.6043,6.6043,6.6043,6.6043,6.6043,6.6043,6.6043,6.6043,6.6043,6.6043,6.6043,6.6043,6.6043,6.6043,6.6043,6.6043,6.6043,6.6043,6.6043,6.6043,6.6043,6.6043,6.6043,6.6043,6.6043,6.6043,6.6043,6.6043,6.6043,6.6043,6.6043,6.6043,6.6043,6.6043,6.6043,6.6043,6.6043,6.6043,6.6043,6.6043,6.6043,6.6043,6.6043,6.6043,6.6043,6.6043,6.6043,6.6043,6.6043,6.6043,6.6043,6.6043,6.6043,6.6043,6.6043,6.6043,6.6043,6.6043,6.6043,6.6043,6.6043,6.6043,6.6043,6.6043,6.6043,6.6043,6.6043,6.6043,6.6043,6.6043,6.6043,6.6043,6.6043,6.6043,6.6043,6.6043,6.6043,6.6043,6.6043,6.6043,6.6043,6.6043,6.6043,6.6043,6.6043,6.6043,6.6043,6.6043,6.6043,6.6043,6.6043,6.6043,6.6043,6.6043,6.6043,6.6043,6.6043,6.6043,6.6043,6.6043,6.6043,6.6043,6.6043,6.6043,6.6043,6.6043,6.6043,6.6043,6.6043,6.6043,6.6043,6.6043,6.6043,6.6043,6.6043,6.6043,6.6043,6.6043,6.6043,6.6043,6.6043,6.6043,6.6043,6.6043,6.6043,6.6043,6.6043,6.6043,6.6043,6.6043,6.6043,6.6043,6.6043,6.6043,6.6043,6.6043,6.6043,6.6043,6.6043,6.6043,6.6043,6.6043,6.6043,6.6043,6.6043,6.6043,6.6043,6.6043,6.6043,6.6043,6.6043,6.6043,6.6043,6.6043,6.6043,6.6043,6.6043,6.6043,6.6043,6.6043,6.6043,6.6043,6.6043,6.6043,6.6043,6.6043,6.6043,6.6043,6.6043,6.6043,6.6043,6.6043,6.6043,6.6043,6.6043,6.6043,6.6043,6.6043,6.6043,6.6043,6.6043,6.6043,6.6043,6.6043,6.6043,6.6043,6.6043,6.6043,6.6043,6.6043,6.6043,6.6043,6.6043,6.6043,6.6043,6.6043,6.6043,6.6043,6.6043,6.6043,6.6043,6.6043,6.6043,6.6043,6.6043,6.6043,6.6043,6.6043,6.6043,6.6043,6.6043,6.6043,6.6043,6.6043,6.6043,6.6043,6.6043,6.6043,6.6043,6.6043,6.6043,6.6043,6.6043,6.6043,6.6043,6.6043,6.6043,6.6043,6.6043,6.6043,6.6043,6.6043,6.6043,6.6043,6.6043,6.6043,6.6043,6.6043,6.6043,6.6043,6.6043,6.6043,6.6043,6.6043,6.6043,6.6043,6.6043,6.6043,6.6043,6.6043,6.6043,6.6043,6.6043,6.6043,6.6043,6.6043,6.6043,6.6043,6.6043,6.6043,6.6043,6.6043,6.6043,6.6043,6.6043,6.6043,6.6043,6.6043,6.6043,6.6043,6.6043,6.6043,6.6043,6.6043,6.6043,6.6043,6.6043,6.6043,6.6043,6.6043,6.6043,6.6043,6.6043,6.6043,6.6043,6.6043,6.6043,6.6043,6.6043,6.6043,6.6043,6.6043,6.6043,6.6043,6.2753,6.2499,6.2276,6.2251,6.2223,6.2198,6.2170,6.2145,6.2117,6.2092,6.2067,6.2039,6.2014,6.1989,6.1966,6.1943,6.1920,6.1897,6.1877,6.1854,6.1834,6.1811,6.1788,6.1768,6.1781,6.1827,6.1870,6.1913,6.1957,6.2003,6.2046,6.2090,6.2136,6.2184,6.2230,6.2308,6.2427,6.2545,6.2664,6.2781,6.2906,6.3052,6.3207,6.3364,6.3517,6.3672,6.3839,6.4023,6.4227,6.4431,6.4642,6.6043,6.6043,6.6043,6.6043,6.6043,6.6043,6.6043,6.6043,6.6043,6.6043,6.6043,6.6043,6.6043,6.6043,6.6043,6.6043,6.6043,6.6043,6.6043,6.6043,6.6043,6.6043,6.6043,6.6043,6.6043,6.6043,6.6043,6.6043,6.6043,6.6043,6.6043,6.6043,6.6043,6.6043,6.6043,6.6043,6.6043,6.6043,6.6043,6.6043,6.6043,6.6043,6.6043,6.6043,6.6043,6.6043,6.6043,6.6043,6.6043,6.6043,6.6043,6.6043,6.6043,6.6043,6.6043,6.6043,6.6043,6.6043,6.6043,6.6043,6.6043,6.6043,6.6043,6.6043,6.6043,6.6043,6.6043,6.6043,6.6043,6.6043,6.6043,6.6043,6.6043,6.6043,6.6043,6.6043,6.6043,6.6043,6.6043,6.6043,6.6043,6.6043,6.6043,6.6043,6.6043,6.6043,6.6043,6.6043,6.6043,6.6043,6.6043,6.6043,6.6043,6.6043,6.6043,6.6043,6.6043,6.6043,6.6043,6.6043,6.6043,6.6043,6.6043,6.6043,6.6043,6.6043,6.6043,6.6043,6.6043,6.6043,6.6043,6.6043,6.6043,6.6043,6.6043,6.6043,6.6043,6.6043,6.6043,6.6043,6.6043,6.6043,6.6043,6.6043,6.6043,6.6043,6.6043,6.6043,6.6043,6.6043,6.6043,6.6043,6.6043,6.6043,6.6043,6.6043,6.6043,6.6043,6.6043,6.6043,6.6043,6.6043,6.6043,6.6043,6.6043,6.6043,6.6043,6.6043,6.6038,6.6038,6.6038,6.6038,6.6038,6.6038,6.6038,6.6038,6.6038,6.6038,6.6038,6.6038,6.6038,6.6038,6.6038,6.6038,6.6038,6.6038,6.6038,6.6038,6.6038,6.6038,6.6038,6.6038,6.6038,6.6038,6.6038,6.6038,6.6038,6.6038,6.6038,6.6038,6.6038,6.6038,6.6038,6.6038,6.6038,6.6038,6.6038,6.6038,6.6038,6.6038,6.6038,6.6038,6.6038,6.6038,6.6038,6.6038,6.6038,6.6038,6.6038,6.6038,6.6038,6.6038,6.6038,6.6038,6.6038,6.6038,6.6038,6.6038,6.6038,6.6038,6.6038,6.6038,6.6038,6.6038,6.6038,6.6038,6.6038,6.6038,6.6038,6.6038,6.6038,6.6038,6.6038,6.6038,6.6038,6.6038,6.6038,6.6038,6.6038,6.6038,6.6038,6.6038,6.6038,6.6038,6.6038,6.6038,6.6038,6.6038,6.6038,6.6038,6.6038,6.6038,6.6038,6.6038,6.6038,6.6038,6.6038,6.6038,6.6038,6.6038,6.6038,6.6038,6.6038,6.6038,6.6038,6.6038,6.6038,6.6038,6.6038,6.6038,6.6038,6.6038,6.6038,6.6038,6.6038,6.6038,6.6038,6.6038,6.6038,6.6038,6.6038,6.6038,6.6038,6.6038,6.6038,6.6038,6.6038,6.6038,6.6038,6.6038,6.6038,6.6038,6.6038,6.6038,6.6038,6.6038,6.6038,6.6038,6.6038,6.6038,6.6038,6.6038,6.6038,6.6038,6.6038,6.6038,6.6038,6.6038,6.6038,6.6038,6.6038,6.6038,6.6038,6.6038,6.6038,6.6038,6.6038,6.6038,6.6038,6.6038,6.6038,6.6038,6.6038,6.6038,6.6038,6.6038,6.6038,6.6038,6.6038,6.6038,6.6038,6.6038,6.6038,6.6038,6.6038,6.6038,6.6038,6.6038,6.6038,6.6038,6.6038,6.6038,6.6038,6.6038,6.6038,6.6038,6.6038,6.6038,6.6038,6.6038,6.6038,6.6038,6.6038,6.6038,6.6038,6.6038,6.6038,6.6038,6.6038,6.6038,6.6038,6.6038,6.6038,6.6038,6.6038,6.6038,6.6038,6.6038,6.6038,6.6038,6.6038,6.6038,6.6038,6.6038,6.6038,6.6038,6.6038,6.6038,6.6038,6.6038,6.6038,6.6038,6.6038,6.6038,6.6038,6.6038,6.6038,6.6038,6.6038,6.6038,6.6038,6.6038,6.6038,6.6038,6.6038,6.6038,6.6038,6.6038,6.6038,6.6038,6.6038,6.6038,6.6038,6.6038,6.6038,6.6038,6.6038,6.6038,6.6038,6.6038,6.6038,6.6038,6.6038,6.6038,6.6038,6.6038,6.6038,6.6038,6.6038,6.6038,6.6038,6.6038,6.6038,6.6038,6.6038,6.6038,6.6038,6.6038,6.6038,6.6038,6.6038,6.6038,6.6038,6.6038,6.6038,6.6038,6.6038,6.6038,6.6038,6.6038,6.6038,6.6038,6.6038,6.6038,6.6038,6.6038,6.6038,6.6038,6.6038,6.6038,6.6038,6.6038,6.6038,6.6038,6.6038,6.6038,6.6038,6.6038,6.6038,6.6038,6.6038,6.6038,6.6038,6.6038,6.6038,6.6038,6.6038,6.6038,6.6038,6.6038,6.6038,6.6038,6.6038,6.6038,6.6038,6.6038,6.6038,6.6038,6.6038,6.6038,6.6038,6.6038,6.6038,6.6038,6.6038,6.6038,6.6038,6.6038,6.6038,6.6038,6.6038,6.6038,6.6038,6.6038,6.6038,6.6038,6.6038,6.6038,6.6038,6.6038,6.6038,6.6038,6.6038,6.6038,6.6038
6.5988,6.5988,6.5988,6.5988,6.5988,6.5988,6.5988,6.5988,6.5988,6.5988,6.5988,6.5988,6.5988,6.5988,6.5988,6.5988,6.5988,6.5988,6.5988,6.5988,6.5988,6.5988,6.5988,6.5988,6.5988,6.5988,6.5988,6.5988,6.5988,6.5988,6.5988,6.5988,6.5988,6.5988,6.5988,6.5988,6.5988,6.5988,6.5988,6.5988,6.5988,6.5988,6.5988,6.5988,6.5988,6.5988,6.5988,6.5988,6.5988,6.5988,6.5988,6.5988,6.5988,6.5988,6.5988,6.5988,6.5988,6.5988,6.5988,6.5988,6.5988,6.5988,6.5988,6.5988,6.5988,6.5988,6.5988,6.5988,6.5988,6.5988,6.5988,6.5988,6.5988,6.5988,6.5988,6.5988,6.5988,6.5988,6.5988,6.5988,6.5988,6.5988,6.5988,6.5988,6.5988,6.5988,6.5988,6.5988,6.5988,6.5988,6.5988,6.5988,6.5988,6.5988,6.5988,6.5988,6.5988,6.5988,6.5988,6.5988,6.5988,6.5988,6.5988,6.5988,6.5988,6.5988,6.5988,6.5988,6.5988,6.5988,6.5988,6.5988,6.5988,6.5988,6.5988,6.5988,6.5988,6.5988,6.5988,6.5988,6.5988,6.5988,6.5988,6.5988,6.5988,6.5988,6.5988,6.5988,6.5988,6.5988,6.5988,6.5988,6.5988,6.5988,6.5988,6.5988,6.5988,6.5988,6.5988,6.5988,6.5988,6.5988,6.5988,6.5988,6.5988,6.5988,6.5988,6.5988,6.5988,6.5988,6.5988,6.5988,6.5988,6.5988,6.5988,6.5988,6.5988,6.5988,6.5988,6.5988,6.5988,6.5988,6.5988,6.5988,6.5988,6.5988,6.5988,6.5988,6.5988,6.5988,6.5988,6.5988,6.5988,6.5988,6.5988,6.5988,6.5988,6.5988,6.5988,6.5988,6.5988,6.5988,6.5988,6.5988,6.5988,6.5988,6.5988,6.5988,6.5988,6.5988,6.5988,6.5988,6.5988,6.5988,6.5988,6.5988,6.5988,6.5988,6.5988,6.5988,6.5988,6.5988,6.5988,6.5988,6.5988,6.5988,6.5988,6.5988,6.5988,6.5988,6.5988,6.5988,6.5988,6.5988,6.5988,6.5988,6.5988,6.5988,6.5988,6.5988,6.5988,6.5988,6.5988,6.5988,6.5988,6.5988,6.5988,6.5988,6.5988,6.5988,6.5988,6.5988,6.5988,6.5988,6.5988,6.5988,6.5988,6.5988,6.5988,6.5988,6.5988,6.5988,6.5988,6.5988,6.5988,6.5988,6.5988,6.5988,6.5988,6.5988,6.5988,6.5988,6.5988,6.5988,6.5988,6.5988,6.5988,6.5988,6.5988,6.5988,6.5988,6.5988,6.5988,6.5988,6.5988,6.5988,6.5988,6.5988,6.5988,6.5988,6.5988,6.5988,6.5988,6.5988,6.5988,6.5988,6.5988,6.5988,6.5988,6.5988,6.5988,6.5988,6.5988,6.5988,6.5988,6.5988,6.5988,6.5988,6.5988,6.5988,6.5988,6.5988,6.5988,6.5988,6.5988,6.5988,6.5988,6.5988,6.5988,6.5988,6.5988,6.5988,6.5988,6.5988,6.5988,6.5988,6.5988,6.5988,6.5988,6.5988,6.5988,6.5988,6.5988,6.5988,6.5988,6.5988,6.5988,6.5988,6.5988,6.5993,6.5993,6.5993,6.5993,6.5993,6.5993,6.5993,6.5993,6.5993,6.5993,6.5993,6.5993,6.5993,6.5993,6.5993,6.5993,6.5993,6.5993,6.5993,6.5993,6.5993,6.5993,6.5993,6.5993,6.5993,6.5993,6.5993,6.5993,6.5993,6.5993,6.5993,6.5993,6.5993,6.5993,6.5993,6.5993,6.5993,6.5993,6.5993,6.5993,6.5993,6.5993,6.5993,6.5993,6.5993,6.5993,6.5993,6.5993,6.5993,6.5993,6.5993,6.5993,6.5993,6.5993,6.5993,6.5993,6.5993,6.5993,6.5993,6.5993,6.5993,6.5993,6.5993,6.5993,6.5993,6.5993,6.5993,6.5993,6.5993,6.5993,6.5993,6.5993,6.5993,6.5993,6.5993,6.5993,6.5993,6.5993,6.5993,6.5993,6.5993,6.5993,6.5993,6.5993,6.5993,6.5993,6.5993,6.5993,6.5993,6.5993,6.5993,6.5993,6.5993,6.5993,6.5993,6.5993,6.2824,6.2559,6.2394,6.2369,6.2343,6.2315,6.2290,6.2262,6.2237,6.2212,6.2186,6.2161,6.2136,6.2110,6.2085,6.2062,6.2037,6.2014,6.1993,6.1970,6.1948,6.1927,6.1904,6.1884,6.1920,6.1964,6.2007,6.2051,6.2097,6.2140,6.2186,6.2232,6.2290,6.2408,6.2524,6.2643,6.2765,6.2889,6.3017,6.3171,6.3326,6.3481,6.3638,6.3807,6.3980,6.4178,6.4389,6.4597,6.5993,6.5993,6.5993,6.5993,6.5993,6.5993,6.5993,6.5993,6.5993,6.5993,6.5993,6.5993,6.5993,6.5993,6.5993,6.5993,6.5993,6.5993,6.5993,6.5993,6.5993,6.5993,6.5993,6.5993,6.5993,6.5993,6.5993,6.5993,6.5993,6.5993,6.5993,6.5993,6.5993,6.5993,6.5993,6.5993,6.5993,6.5993,6.5993,6.5993,6.5993,6.5993,6.5993,6.5993,6.5993,6.5993,6.5993,6.5993,6.5993,6.5993,6.5993,6.5993,6.5993,6.5993,6.5993,6.5993,6.5993,6.5993,6.5993,6.5993,6.5993,6.5993,6.5993,6.5993,6.5993,6.5993,6.5993,6.5993,6.5993,6.5993,6.5993,6.5993,6.5993,6.5993,6.5993,6.5993,6.5993,6.5993,6.5993,6.5993,6.5993,6.5993,6.5993,6.5993,6.5993,6.5993,6.5993,6.5993,6.5993,6.5993,6.5993,6.5993,6.5993,6.5993,6.5993,6.5993,6.5993,6.5993,6.5993,6.5993,6.5993,6.5993,6.5993,6.5993,6.5993,6.5993,6.5993,6.5993,6.5993,6.5993,6.5993,6.5993,6.5993,6.5993,6.5993,6.5993,6.5993,6.5993,6.5993,6.5993,6.5993,6.5993,6.5993,6.5993,6.5993,6.5993,6.5993,6.5993,6.5993,6.5993,6.5993,6.5993,6.5993,6.5993,6.5993,6.5993,6.5993,6.5993,6.5993,6.5993,6.5993,6.5993,6.5993,6.5993,6.5993,6.5993,6.5993,6.5993,6.5993,6.5993,6.5993,6.5993,6.5993,6.5993,6.5993,6.5993,6.5993,6.5993,6.5993,6.5993,6.5993,6.5993,6.5993,6.5993,6.5993,6.5993,6.5993,6.5993,6.5993,6.5993,6.5993,6.5993,6.5993,6.5993,6.5993,6.5993,6.5993,6.5993,6.5993,6.5993,6.5993,6.5993,6.5993,6.5993,6.5993,6.5993,6.5993,6.5993,6.5993,6.5993,6.5993,6.5993,6.5993,6.5993,6.5993,6.5993,6.5993,6.5993,6.5993,6.5993,6.5993,6.5993,6.5993,6.5993,6.5993,6.5993,6.5993,6.5993,6.5993,6.5993,6.5993,6.5993,6.5993,6.5993,6.5993,6.5993,6.5993,6.5993,6.5993,6.5993,6.5993,6.5993,6.5993,6.5993,6.5993,6.5993,6.5993,6.5993,6.5993,6.5993,6.5993,6.5993,6.5993,6.5993,6.5993,6.5993,6.5993,6.5993,6.5993,6.5993,6.5993,6.5993,6.5993,6.5993,6.5993,6.5993,6.5993,6.5993,6.5993,6.5993,6.5993,6.5993,6.5993,6.5993,6.5993,6.5993,6.5993,6.5993,6.5993,6.5993,6.5993,6.5993,6.5993,6.5993,6.5993,6.5993,6.5993,6.5993,6.5993,6.5993,6.5993,6.5993,6.5993,6.5993,6.5993,6.5993,6.5993,6.5993,6.5993,6.5993,6.5993,6.5993,6.5993,6.5993,6.5993,6.5993,6.5993,6.5993,6.5993,6.5993,6.5993,6.5993,6.5993,6.5993,6.5993,6.5993,6.5993,6.5993,6.5993,6.5993,6.5993,6.5993,6.5993,6.5993,6.5993,6.5993,6.5993,6.5993,6.5993,6.5993,6.5993,6.5993,6.5993,6.5993,6.5993,6.5993,6.5993,6.5993,6.5993,6.5993,6.5993,6.5993,6.5993,6.5993,6.5993,6.5993,6.5993,6.5993,6.5993,6.5993,6.5993,6.5993,6.5993,6.5993,6.5993,6.5993,6.5993,6.5993,6.5993,6.5993,6.5993,6.5993,6.5993,6.5993,6.5993,6.5993,6.5993,6.5993,6.5993,6.5993,6.5993,6.5993,6.5993,6.5993,6.5993,6.5993,6.5993,6.5993,6.5993,6.5993,6.5993,6.5993,6.5993,6.5993,6.5993,6.5993,6.5993,6.5993,6.5993,6.5993,6.5993,6.5993,6.5993,6.5993,6.5993,6.5993,6.5993,6.5993,6.5993,6.5993,6.5993,6.5993,6.5993,6.5993,6.5993,6.5993,6.5993,6.5993,6.5993,6.5993,6.5993,6.5993,6.5993,6.5993,6.5993,6.5993,6.5993,6.5993,6.5993,6.5993,6.5993,6.5993,6.5993,6.5993,6.5993,6.5993,6.5993,6.5993,6.5993,6.5993,6.5993,6.5993,6.5993,6.5993,6.5993,6.5993,6.5993,6.5993,6.5993,6.5993,6.5993,6.5993,6.5993,6.5993,6.5993,6.5993,6.5993,6.5993,6.5993,6.5993,6.5993,6.5993,6.5993,6.5993,6.5993,6.5993,6.5993,6.5993,6.5993,6.5993,6.5993,6.5993,6.5993,6.5993,6.5993,6.5993,6.5993,6.5993,6.5993,6.5993,6.5993,6.5993,6.5993,6.5993,6.5993,6.5993,6.5993,6.5993,6.5993,6.5993,6.5993,6.5993,6.5993,6.5993,6.5993,6.5993,6.5993,6.5993,6.5993,6.5993,6.5993,6.5993,6.5993,6.5993,6.5993,6.5993,6.5993,6.5993,6.5993,6.5993,6.5993,6.5993,6.5993,6.5993,6.5993,6.5993,6.5993,6.5993,6.5993,6.5993,6.5993,6.5993,6.5993,6.5993,6.5993,6.5993,6.5993
6.5944,6.5944,6.5944,6.5944,6.5944,6.5944,6.5944,6.5944,6.5944,6.5944,6.5944,6.5944,6.5944,6.5944,6.5944,6.5944,6.5944,6.5944,6.5944,6.5944,6.5944,6.5944,6.5944,6.5944,6.5944,6.5944,6.5944,6.5944,6.5944,6.5944,6.5944,6.5944,6.5944,6.5944,6.5944,6.5944,6.5944,6.5944,6.5944,6.5944,6.5944,6.5944,6.5944,6.5944,6.5944,6.5944,6.5944,6.5944,6.5944,6.5944,6.5944,6.5944,6.5944,6.5944,6.5944,6.5944,6.5944,6.5944,6.5944,6.5944,6.5944,6.5944,6.5944,6.5944,6.5944,6.5944,6.5944,6.5944,6.5944,6.5944,6.5944,6.5944,6.5944,6.5944,6.5944,6.5944,6.5944,6.5944,6.5944,6.5944,6.5944,6.5944,6.5944,6.5944,6.5944,6.5944,6.5944,6.5944,6.5944,6.5944,6.5944,6.5944,6.5944,6.5944,6.5944,6.5944,6.5944,6.5944,6.5944,6.5944,6.5944,6.5944,6.5944,6.5944,6.5944,6.5944,6.5944,6.5944,6.5944,6.5944,6.5944,6.5944,6.5944,6.5944,6.5944,6.5944,6.5944,6.5944,6.5944,6.5944,6.5944,6.5944,6.5944,6.5944,6.5944,6.5944,6.5944,6.5944,6.5944,6.5944,6.5944,6.5944,6.5944,6.5944,6.5944,6.5944,6.5944,6.5944,6.5944,6.5944,6.5944,6.5944,6.5944,6.5944,6.5944,6.5944,6.5944,6.5944,6.5944,6.5944,6.5944,6.5944,6.5944,6.5944,6.5944,6.5944,6.5944,6.5944,6.5944,6.5944,6.5944,6.5944,6.5944,6.5944,6.5944,6.5944,6.5944,6.5944,6.5944,6.5944,6.5944,6.5944,6.5944,6.5944,6.5944,6.5944,6.5944,6.5944,6.5944,6.5944,6.5944,6.5944,6.5944,6.5944,6.5944,6.5944,6.5944,6.5944,6.5944,6.5944,6.5944,6.5944,6.5944,6.5944,6.5944,6.5944,6.5944,6.5944,6.5944,6.5944,6.5944,6.5944,6.5944,6.5944,6.5944,6.5944,6.5944,6.5944,6.5944,6.5944,6.5944,6.5944,6.5944,6.5944,6.5944,6.5944,6.5944,6.5944,6.5944,6.5944,6.5944,6.5944,6.5944,6.5944,6.5944,6.5944,6.5944,6.5944,6.5944,6.5944,6.5944,6.5944,6.5944,6.5944,6.5944,6.5944,6.5944,6.5944,6.5944,6.5944,6.5944,6.5944,6.5944,6.5944,6.5944,6.5944,6.5944,6.5944,6.5944,6.5944,6.5944,6.5944,6.5944,6.5944,6.5944,6.5944,6.5944,6.5944,6.5944,6.5944,6.5944,6.5944,6.5944,6.5944,6.5944,6.5944,6.5944,6.5944,6.5944,6.5944,6.5944,6.5944,6.5944,6.5944,6.5944,6.5944,6.5944,6.5944,6.5944,6.5944,6.5944,6.5944,6.5944,6.5944,6.5944,6.5944,6.5944,6.5944,6.5944,6.5944,6.5944,6.5944,6.5944,6.5944,6.5944,6.5944,6.5944,6.5944,6.5944,6.5944,6.5944,6.5944,6.5944,6.5944,6.5944,6.5944,6.5944,6.5944,6.5944,6.5944,6.5944,6.5944,6.5944,6.5944,6.5944,6.5944,6.5944,6.5944,6.5944,6.5944,6.5944,6.5944,6.5944,6.5944,6.5944,6.5944,6.5944,6.5944,6.5944,6.5944,6.5944,6.5944,6.5944,6.5944,6.5944,6.5944,6.5944,6.5944,6.5944,6.5944,6.5944,6.5944,6.5944,6.5944,6.5944,6.5944,6.5944,6.5944,6.5944,6.5944,6.5944,6.5944,6.5944,6.5944,6.5944,6.5944,6.5944,6.5944,6.5944,6.5944,6.5944,6.5944,6.5944,6.5944,6.5944,6.5944,6.5944,6.5944,6.5944,6.5944,6.5944,6.5944,6.5944,6.5944,6.5944,6.5944,6.5944,6.5944,6.5944,6.5944,6.5944,6.5944,6.5944,6.5944,6.5944,6.5944,6.5944,6.5944,6.5944,6.5944,6.5944,6.5944,6.5944,6.5944,6.5944,6.5944,6.5944,6.5944,6.5944,6.5944,6.5944,6.5944,6.5944,6.5944,6.5944,6.5944,6.5944,6.5944,6.5944,6.5944,6.5944,6.5944,6.5944,6.5944,6.5944,6.5944,6.2894,6.2622,6.2515,6.2487,6.2461,6.2436,6.2408,6.2383,6.2357,6.2332,6.2308,6.2283,6.2258,6.2232,6.2207,6.2184,6.2159,6.2133,6.2110,6.2087,6.2064,6.2044,6.2021,6.2014,6.2058,6.2101,6.2145,6.2191,6.2237,6.2283,6.2387,6.2506,6.2624,6.2751,6.2875,6.3000,6.3135,6.3290,6.3445,6.3606,6.3776,6.3945,6.4136,6.4337,6.4545,6.4759,6.5944,6.5944,6.5944,6.5944,6.5944,6.5944,6.5944,6.5944,6.5944,6.5944,6.5944,6.5944,6.5944,6.5944,6.5944,6.5944,6.5944,6.5944,6.5944,6.5944,6.5944,6.5944,6.5944,6.5944,6.5944,6.5944,6.5944,6.5944,6.5944,6.5944,6.5944,6.5944,6.5944,6.5944,6.5944,6.5944,6.5944,6.5944,6.5944,6.5944,6.5944,6.5944,6.5944,6.5944,6.5944,6.5944,6.5944,6.5944,6.5944,6.5944,6.5944,6.5944,6.5944,6.5944,6.5944,6.5944,6.5944,6.5944,6.5944,6.5944,6.5944,6.5944,6.5944,6.5944,6.5944,6.5944,6.5944,6.5944,6.5944,6.5944,6.5944,6.5944,6.5944,6.5944,6.5944,6.5944,6.5944,6.5944,6.5944,6.5944,6.5944,6.5944,6.5944,6.5944,6.5944,6.5944,6.5944,6.5944,6.5944,6.5944,6.5944,6.5944,6.5944,6.5944,6.5944,6.5944,6.5944,6.5944,6.5944,6.5944,6.5944,6.5944,6.5944,6.5944,6.5944,6.5944,6.5944,6.5944,6.5944,6.5944,6.5944,6.5944,6.5944,6.5944,6.5944,6.5944,6.5944,6.5944,6.5944,6.5944,6.5944,6.5944,6.5944,6.5944,6.5944,6.5944,6.5944,6.5944,6.5944,6.5944,6.5944,6.5944,6.5944,6.5944,6.5944,6.5944,6.5944,6.5944,6.5944,6.5944,6.5944,6.5944,6.5944,6.5944,6.5944,6.5944,6.5944,6.5944,6.5944,6.5944,6.5944,6.5944,6.5944,6.5944,6.5944,6.5944,6.5944,6.5944,6.5944,6.5944,6.5944,6.5944,6.5944,6.5944,6.5944,6.5944,6.5944,6.5944,6.5944,6.5944,6.5944,6.5944,6.5944,6.5944,6.5944,6.5944,6.5944,6.5944,6.5944,6.5944,6.5944,6.5944,6.5944,6.5944,6.5944,6.5944,6.5944,6.5944,6.5944,6.5944,6.5944,6.5944,6.5944,6.5944,6.5944,6.5944,6.5944,6.5944,6.5944,6.5944,6.5944,6.5944,6.5944,6.5944,6.5944,6.5944,6.5944,6.5944,6.5944,6.5944,6.5944,6.5944,6.5944,6.5944,6.5944,6.5944,6.5944,6.5944,6.5944,6.5944,6.5944,6.5944,6.5944,6.5944,6.5944,6.5944,6.5944,6.5944,6.5944,6.5944,6.5944,6.5944,6.5944,6.5944,6.5944,6.5944,6.5944,6.5944,6.5944,6.5944,6.5944,6.5944,6.5944,6.5944,6.5944,6.5944,6.5944,6.5944,6.5944,6.5944,6.5944,6.5944,6.5944,6.5944,6.5944,6.5944,6.5944,6.5944,6.5944,6.5944,6.5944,6.5944,6.5944,6.5944,6.5944,6.5944,6.5944,6.5944,6.5944,6.5944,6.5944,6.5944,6.5944,6.5944,6.5944,6.5944,6.5944,6.5944,6.5944,6.5944,6.5944,6.5944,6.5944,6.5944,6.5944,6.5944,6.5944,6.5944,6.5944,6.5944,6.5944,6.5944,6.5944,6.5944,6.5944,6.5944,6.5944,6.5944,6.5944,6.5944,6.5944,6.5944,6.5944,6.5944,6.5944,6.5944,6.5944,6.5944,6.5944,6.5944,6.5944,6.5944,6.5944,6.5944,6.5944,6.5944,6.5944,6.5944,6.5944,6.5944,6.5944,6.5944,6.5944,6.5944,6.5944,6.5944,6.5944,6.5944,6.5944,6.5944,6.5944,6.5944,6.5944,6.5944,6.5944,6.5944,6.5944,6.5944,6.5944,6.5944,6.5944,6.5944,6.5944,6.5944,6.5944,6.5944,6.5944,6.5944,6.5944,6.5944,6.5944,6.5944,6.5944,6.5944,6.5944,6.5944,6.5944,6.5944,6.5944,6.5944,6.5944,6.5944,6.5944,6.5944,6.5944,6.5944,6.5944,6.5944,6.5944,6.5944,6.5944,6.5944,6.5944,6.5944,6.5944,6.5944,6.5944,6.5944,6.5944,6.5944,6.5944,6.5944,6.5944,6.5944,6.5944,6.5944,6.5944,6.5944,6.5944,6.5944,6.5944,6.5944,6.5944,6.5944,6.5944,6.5944,6.5944,6.5944,6.5944,6.5944,6.5944,6.5944,6.5944,6.5944,6.5944,6.5944,6.5944,6.5944,6.5944,6.5944,6.5944,6.5944,6.5944,6.5944,6.5944,6.5944,6.5944,6.5944,6.5944,6.5944,6.5944,6.5944,6.5944,6.5944,6.5944,6.5944,6.5944,6.5944,6.5944,6.5944,6.5944,6.5944,6.5944,6.5944,6.5944,6.5944,6.5944,6.5944,6.5944,6.5944,6.5944,6.5944,6.5944,6.5944,6.5944,6.5944,6.5944,6.5944,6.5944,6.5944,6.5944,6.5944,6.5944,6.5944,6.5944,6.5944,6.5944,6.5944,6.5944,6.5944,6.5944,6.5944,6.5944,6.5944,6.5944,6.5944,6.5944,6.5944,6.5944,6.5944,6.5944,6.5944,6.5944,6.5944,6.5944,6.5944,6.5944,6.5944,6.5944,6.5944,6.5944,6.5944,6.5944,6.5944,6.5944,6.5944,6.5944,6.5944,6.5944,6.5944,6.5944,6.5944,6.5944,6.5944,6.5944,6.5944,6.5944,6.5944
6.5892,6.5892,6.5892,6.5892,6.5892,6.5892,6.5892,6.5892,6.5892,6.5892,6.5892,6.5892,6.5892,6.5892,6.5892,6.5892,6.5892,6.5892,6.5892,6.5892,6.5892,6.5892,6.5892,6.5892,6.5892,6.5892,6.5892,6.5892,6.5892,6.5892,6.5892,6.5892,6.5892,6.5892,6.5892,6.5892,6.5892,6.5892,6.5892,6.5892,6.5892,6.5892,6.5892,6.5892,6.5892,6.5892,6.5892,6.5892,6.5892,6.5892,6.5892,6.5892,6.5892,6.5892,6.5892,6.5892,6.5892,6.5892,6.5892,6.5892,6.5892,6.5892,6.5892,6.5892,6.5892,6.5892,6.5892,6.5892,6.5892,6.5892,6.5892,6.5892,6.5892,6.5892,6.5892,6.5892,6.5892,6.5892,6.5892,6.5892,6.5892,6.5892,6.5892,6.5892,6.5892,6.5892,6.5892,6.5892,6.5892,6.5892,6.5892,6.5892,6.5892,6.5892,6.5892,6.5892,6.5892,6.5892,6.5892,6.5892,6.5892,6.5892,6.5892,6.5892,6.5892,6.5892,6.5892,6.5892,6.5892,6.5892,6.5892,6.5892,6.5892,6.5892,6.5892,6.5892,6.5892,6.5892,6.5892,6.5892,6.5892,6.5892,6.5892,6.5892,6.5892,6.5892,6.5892,6.5892,6.5892,6.5892,6.5892,6.5892,6.5892,6.5892,6.5892,6.5892,6.5892,6.5892,6.5892,6.5892,6.5892,6.5892,6.5892,6.5892,6.5892,6.5892,6.5892,6.5892,6.5892,6.5892,6.5892,6.5892,6.5892,6.5892,6.5892,6.5892,6.5892,6.5892,6.5892,6.5892,6.5892,6.5892,6.5892,6.5892,6.5892,6.5892,6.5892,6.5892,6.5892,6.5892,6.5892,6.5892,6.5892,6.5892,6.5892,6.5892,6.5892,6.5892,6.5892,6.5892,6.5892,6.5892,6.5892,6.5892,6.5892,6.5892,6.5892,6.5892,6.5892,6.5892,6.5892,6.5892,6.5892,6.5892,6.5892,6.5892,6.5892,6.5892,6.5892,6.5892,6.5892,6.5892,6.5892,6.5892,6.5892,6.5892,6.5892,6.5892,6.5892,6.5892,6.5892,6.5892,6.5892,6.5892,6.5892,6.5892,6.5892,6.5892,6.5892,6.5892,6.5892,6.5892,6.5892,6.5892,6.5892,6.5892,6.5892,6.5892,6.5892,6.5892,6.5892,6.5892,6.5892,6.5892,6.5892,6.5892,6.5892,6.5892,6.5892,6.5892,6.5892,6.5892,6.5892,6.5892,6.5892,6.5892,6.5892,6.5892,6.5892,6.5892,6.5892,6.5892,6.5892,6.5892,6.5892,6.5892,6.5892,6.5892,6.5892,6.5892,6.5892,6.5892,6.5892,6.5892,6.5892,6.5892,6.5892,6.5892,6.5892,6.5892,6.5892,6.5892,6.5892,6.5892,6.5892,6.5892,6.5892,6.5892,6.5892,6.5892,6.5892,6.5892,6.5892,6.5892,6.5892,6.5892,6.5892,6.5892,6.5892,6.5892,6.5892,6.5892,6.5892,6.5892,6.5892,6.5892,6.5892,6.5892,6.5892,6.5892,6.5892,6.5892,6.5892,6.5892,6.5892,6.5892,6.5892,6.5892,6.5892,6.5892,6.5892,6.5892,6.5892,6.5892,6.5892,6.5892,6.5892,6.5892,6.5892,6.5892,6.5892,6.5892,6.5892,6.5892,6.5892,6.5892,6.5892,6.5892,6.5892,6.5892,6.5892,6.5892,6.5892,6.5892,6.5892,6.5892,6.5892,6.5892,6.5892,6.5892,6.5892,6.5892,6.5892,6.5892,6.5892,6.5892,6.5892,6.5892,6.5892,6.5892,6.5892,6.5892,6.5892,6.5892,6.5892,6.5892,6.5892,6.5892,6.5892,6.5892,6.5892,6.5892,6.5892,6.5892,6.5892,6.5892,6.5892,6.5892,6.5892,6.5892,6.5892,6.5892,6.5892,6.5892,6.5892,6.5892,6.5892,6.5892,6.5892,6.5892,6.5892,6.5892,6.5892,6.5892,6.5892,6.5892,6.5892,6.5892,6.5892,6.5892,6.5892,6.5892,6.5892,6.5892,6.5892,6.5892,6.5892,6.5892,6.5892,6.5892,6.5892,6.5892,6.5892,6.5892,6.5892,6.5892,6.5892,6.5892,6.5892,6.5892,6.5892,6.5892,6.5892,6.5892,6.5892,6.5892,6.5892,6.5892,6.2683,6.2634,6.2608,6.2582,6.2557,6.2531,6.2506,6.2480,6.2454,6.2431,6.2406,6.2380,6.2355,6.2329,6.2306,6.2281,6.2255,6.2230,6.2205,6.2182,6.2161,6.2138,6.2152,6.2195,6.2239,6.2285,6.2369,6.2487,6.2610,6.2734,6.2859,6.2986,6.3112,6.3254,6.3409,6.3573,6.3742,6.3914,6.4089,6.4291,6.4498,6.4712,6.5892,6.5892,6.5892,6.5892,6.5892,6.5892,6.5892,6.5892,6.5892,6.5892,6.5892,6.5892,6.5892,6.5892,6.5892,6.5892,6.5892,6.5892,6.5892,6.5892,6.5892,6.5892,6.5892,6.5892,6.5892,6.5892,6.5892,6.5892,6.5892,6.5892,6.5892,6.5892,6.5892,6.5892,6.5892,6.5892,6.5892,6.5892,6.5892,6.5892,6.5892,6.5892,6.5892,6.5892,6.5892,6.5892,6.5892,6.5892,6.5892,6.5892,6.5892,6.5892,6.5892,6.5892,6.5892,6.5892,6.5892,6.5892,6.5892,6.5892,6.5892,6.5892,6.5892,6.5892,6.5892,6.5892,6.5892,6.5892,6.5892,6.5892,6.5892,6.5892,6.5892,6.5892,6.5892,6.5892,6.5892,6.5892,6.5892,6.5892,6.5892,6.5892,6.5892,6.5892,6.5892,6.5892,6.5892,6.5892,6.5892,6.5892,6.5892,6.5892,6.5892,6.5892,6.5892,6.5892,6.5892,6.5892,6.5892,6.5892,6.5892,6.5892,6.5892,6.5892,6.5892,6.5892,6.5892,6.5892,6.5892,6.5892,6.5892,6.5892,6.5892,6.5892,6.5892,6.5892,6.5892,6.5892,6.5892,6.5892,6.5892,6.5892,6.5892,6.5892,6.5892,6.5892,6.5892,6.5892,6.5892,6.5892,6.5892,6.5892,6.5892,6.5892,6.5892,6.5892,6.5892,6.5892,6.5892,6.5892,6.5892,6.5892,6.5892,6.5892,6.5892,6.5892,6.5892,6.5892,6.5892,6.5892,6.5892,6.5892,6.5892,6.5892,6.5892,6.5892,6.5892,6.5892,6.5892,6.5892,6.5892,6.5892,6.5892,6.5892,6.5892,6.5892,6.5892,6.5892,6.5892,6.5892,6.5892,6.5892,6.5892,6.5892,6.5892,6.5892,6.5892,6.5892,6.5892,6.5892,6.5892,6.5892,6.5892,6.5892,6.5892,6.5892,6.5892,6.5892,6.5892,6.5892,6.5892,6.5892,6.5892,6.5892,6.5892,6.5892,6.5892,6.5892,6.5892,6.5892,6.5892,6.5892,6.5892,6.5892,6.5892,6.5892,6.5892,6.5892,6.5892,6.5892,6.5892,6.5892,6.5892,6.5892,6.5892,6.5892,6.5892,6.5892,6.5892,6.5892,6.5892,6.5892,6.5892,6.5892,6.5892,6.5892,6.5892,6.5892,6.5892,6.5892,6.5892,6.5892,6.5892,6.5892,6.5892,6.5892,6.5892,6.5892,6.5892,6.5892,6.5892,6.5892,6.5892,6.5892,6.5892,6.5892,6.5892,6.5892,6.5892,6.5892,6.5892,6.5892,6.5892,6.5892,6.5892,6.5892,6.5892,6.5892,6.5892,6.5892,6.5892,6.5892,6.5892,6.5892,6.5892,6.5892,6.5892,6.5892,6.5892,6.5892,6.5892,6.5892,6.5892,6.5892,6.5892,6.5892,6.5892,6.5892,6.5892,6.5892,6.5892,6.5892,6.5892,6.5892,6.5892,6.5892,6.5892,6.5892,6.5892,6.5892,6.5892,6.5892,6.5892,6.5892,6.5892,6.5892,6.5892,6.5892,6.5892,6.5892,6.5892,6.5892,6.5892,6.5892,6.5892,6.5892,6.5892,6.5892,6.5892,6.5892,6.5892,6.5892,6.5892,6.5892,6.5892,6.5892,6.5892,6.5892,6.5892,6.5892,6.5892,6.5892,6.5892,6.5892,6.5892,6.5892,6.5892,6.5892,6.5892,6.5892,6.5892,6.5892,6.5892,6.5892,6.5892,6.5892,6.5892,6.5892,6.5892,6.5892,6.5892,6.5892,6.5892,6.5892,6.5892,6.5892,6.5892,6.5892,6.5892,6.5892,6.5892,6.5892,6.5892,6.5892,6.5892,6.5892,6.5892,6.5892,6.5892,6.5892,6.5892,6.5892,6.5892,6.5892,6.5892,6.5892,6.5892,6.5892,6.5892,6.5892,6.5892,6.5892,6.5892,6.5892,6.5892,6.5892,6.5892,6.5892,6.5892,6.5892,6.5892,6.5892,6.5892,6.5892,6.5892,6.5892,6.5892,6.5892,6.5892,6.5892,6.5892,6.5892,6.5892,6.5892,6.5892,6.5892,6.5892,6.5892,6.5892,6.5892,6.5892,6.5892,6.5892,6.5892,6.5892,6.5892,6.5892,6.5892,6.5892,6.5892,6.5892,6.5892,6.5892,6.5892,6.5892,6.5892,6.5892,6.5892,6.5892,6.5892,6.5892,6.5892,6.5892,6.5892,6.5892,6.5892,6.5892,6.5892,6.5892,6.5892,6.5892,6.5892,6.5892,6.5892,6.5892,6.5892,6.5892,6.5892,6.5892,6.5892,6.5892,6.5892,6.5892,6.5892,6.5892,6.5892,6.5892,6.5892,6.5892,6.5892,6.5892,6.5892,6.5892,6.5892,6.5892,6.5892,6.5892,6.5892,6.5892,6.5892,6.5892,6.5892,6.5892,6.5892,6.5892,6.5892,6.5892,6.5892,6.5892,6.5892,6.5892,6.5892,6.5892,6.5892,6.5892,6.5892,6.5892,6.5892,6.5892,6.5892,6.5892,6.5892,6.5892,6.5892,6.5892,6.5892,6.5892,6.5892,6.5892,6.5892,6.5892,6.5892,6.5892,6.5892,6.5892,6.5892,6.5892,6.5892,6.5892,6.5892
6.5849,6.5849,6.5849,6.5849,6.5849,6.5849,6.5849,6.5849,6.5849,6.5849,6.5849,6.5849,6.5849,6.5849,6.5849,6.5849,6.5849,6.5849,6.5849,6.5849,6.5849,6.5849,6.5849,6.5849,6.5849,6.5849,6.5849,6.5849,6.5849,6.5849,6.5849,6.5849,6.5849,6.5849,6.5849,6.5849,6.5849,6.5849,6.5849,6.5849,6.5849,6.5849,6.5849,6.5849,6.5849,6.5849,6.5849,6.5849,6.5849,6.5849,6.5849,6.5849,6.5849,6.5849,6.5849,6.5849,6.5849,6.5849,6.5849,6.5849,6.5849,6.5849,6.5849,6.5849,6.5849,6.5849,6.5849,6.5849,6.5849,6.5849,6.5849,6.5849,6.5849,6.5849,6.5849,6.5849,6.5849,6.5849,6.5849,6.5849,6.5849,6.5849,6.5849,6.5849,6.5849,6.5849,6.5849,6.5849,6.5849,6.5849,6.5849,6.5849,6.5849,6.5849,6.5849,6.5849,6.5849,6.5849,6.5849,6.5849,6.5849,6.5849,6.5849,6.5849,6.5849,6.5849,6.5849,6.5849,6.5849,6.5849,6.5849,6.5849,6.5849,6.5849,6.5849,6.5849,6.5849,6.5849,6.5849,6.5849,6.5849,6.5849,6.5849,6.5849,6.5849,6.5849,6.5849,6.5849,6.5849,6.5849,6.5849,6.5849,6.5849,6.5849,6.5849,6.5849,6.5849,6.5849,6.5849,6.5849,6.5849,6.5849,6.5849,6.5849,6.5849,6.5849,6.5849,6.5849,6.5849,6.5849,6.5849,6.5849,6.5849,6.5849,6.5849,6.5849,6.5849,6.5849,6.5849,6.5849,6.5849,6.5849,6.5849,6.5849,6.5849,6.5849,6.5849,6.5849,6.5849,6.5849,6.5849,6.5849,6.5849,6.5849,6.5849,6.5849,6.5849,6.5849,6.5849,6.5849,6.5849,6.5849,6.5849,6.5849,6.5849,6.5849,6.5849,6.5849,6.5849,6.5849,6.5849,6.5849,6.5849,6.5849,6.5849,6.5849,6.5849,6.5849,6.5849,6.5849,6.5849,6.5849,6.5849,6.5849,6.5849,6.5849,6.5849,6.5849,6.5849,6.5849,6.5849,6.5849,6.5849,6.5849,6.5849,6.5849,6.5849,6.5849,6.5849,6.5849,6.5849,6.5849,6.5849,6.5849,6.5849,6.5849,6.5849,6.5849,6.5849,6.5849,6.5849,6.5849,6.5849,6.5849,6.5849,6.5849,6.5849,6.5849,6.5849,6.5849,6.5849,6.5849,6.5849,6.5849,6.5849,6.5849,6.5849,6.5849,6.5849,6.5849,6.5849,6.5849,6.5849,6.5849,6.5849,6.5849,6.5849,6.5849,6.5849,6.5849,6.5849,6.5849,6.5849,6.5849,6.5849,6.5849,6.5849,6.5849,6.5849,6.5849,6.5849,6.5849,6.5849,6.5849,6.5849,6.5849,6.5849,6.5849,6.5849,6.5849,6.5849,6.5849,6.5849,6.5849,6.5849,6.5849,6.5849,6.5849,6.5849,6.5849,6.5849,6.5849,6.5849,6.5849,6.5849,6.5849,6.5849,6.5849,6.5849,6.5849,6.5849,6.5849,6.5849,6.5849,6.5849,6.5849,6.5849,6.5849,6.5849,6.5849,6.5849,6.5849,6.5849,6.5849,6.5849,6.5849,6.5849,6.5849,6.5849,6.5849,6.5849,6.5849,6.5849,6.5849,6.5849,6.5849,6.5849,6.5849,6.5849,6.5849,6.5849,6.5849,6.5849,6.5849,6.5849,6.5849,6.5849,6.5849,6.5849,6.5849,6.5849,6.5849,6.5849,6.5849,6.5849,6.5849,6.5849,6.5849,6.5849,6.5849,6.5849,6.5849,6.5849,6.5849,6.5849,6.5849,6.5849,6.5849,6.5849,6.5849,6.5849,6.5849,6.5849,6.5849,6.5849,6.5849,6.5849,6.5849,6.5849,6.5849,6.5849,6.5849,6.5849,6.5849,6.5849,6.5849,6.5849,6.5849,6.5849,6.5849,6.5849,6.5849,6.5849,6.5849,6.5849,6.5849,6.5849,6.5849,6.5849,6.5849,6.5849,6.5849,6.5849,6.5849,6.5849,6.5849,6.5849,6.5849,6.5849,6.5849,6.5849,6.5849,6.5849,6.5849,6.5849,6.5849,6.5849,6.5849,6.5849,6.5849,6.5849,6.5849,6.5849,6.5849,6.5849,6.5849,6.5849,6.5849,6.5849,6.2781,6.2756,6.2730,6.2704,6.2681,6.2655,6.2629,6.2603,6.2578,6.2554,6.2529,6.2503,6.2478,6.2452,6.2427,6.2403,6.2378,6.2352,6.2327,6.2302,6.2278,6.2255,6.2290,6.2350,6.2471,6.2594,6.2718,6.2845,6.2970,6.3097,6.3223,6.3376,6.3541,6.3710,6.3880,6.4050,6.5849,6.5849,6.5849,6.5849,6.5849,6.5849,6.5849,6.5849,6.5849,6.5849,6.5849,6.5849,6.5849,6.5849,6.5849,6.5849,6.5849,6.5849,6.5849,6.5849,6.5849,6.5849,6.5849,6.5849,6.5849,6.5849,6.5849,6.5849,6.5849,6.5849,6.5849,6.5849,6.5849,6.5849,6.5849,6.5849,6.5849,6.5849,6.5849,6.5849,6.5849,6.5849,6.5849,6.5849,6.5849,6.5849,6.5849,6.5849,6.5849,6.5849,6.5849,6.5849,6.5849,6.5849,6.5849,6.5849,6.5849,6.5849,6.5849,6.5849,6.5849,6.5849,6.5849,6.5849,6.5849,6.5849,6.5849,6.5849,6.5849,6.5849,6.5849,6.5849,6.5849,6.5849,6.5849,6.5849,6.5849,6.5849,6.5849,6.5849,6.5849,6.5849,6.5849,6.5849,6.5849,6.5849,6.5849,6.5849,6.5849,6.5849,6.5849,6.5849,6.5849,6.5849,6.5849,6.5849,6.5849,6.5849,6.5849,6.5849,6.5849,6.5849,6.5849,6.5849,6.5849,6.5849,6.5849,6.5849,6.5849,6.5849,6.5849,6.5849,6.5849,6.5849,6.5849,6.5849,6.5849,6.5849,6.5849,6.5849,6.5849,6.5849,6.5849,6.5849,6.5849,6.5849,6.5849,6.5849,6.5849,6.5849,6.5849,6.5849,6.5849,6.5849,6.5849,6.5849,6.5849,6.5849,6.5849,6.5849,6.5849,6.5849,6.5849,6.5849,6.5849,6.5849,6.5849,6.5849,6.5849,6.5849,6.5849,6.5849,6.5849,6.5849,6.5849,6.5849,6.5849,6.5849,6.5849,6.5849,6.5849,6.5849,6.5849,6.5849,6.5849,6.5849,6.5849,6.5849,6.5849,6.5849,6.5849,6.5849,6.5849,6.5849,6.5849,6.5849,6.5849,6.5849,6.5849,6.5849,6.5849,6.5849,6.5849,6.5849,6.5849,6.5849,6.5849,6.5849,6.5849,6.5849,6.5849,6.5849,6.5849,6.5849,6.5849,6.5849,6.5849,6.5849,6.5849,6.5849,6.5849,6.5849,6.5849,6.5849,6.5849,6.5849,6.5849,6.5849,6.5849,6.5849,6.5849,6.5849,6.5849,6.5849,6.5849,6.5849,6.5849,6.5849,6.5849,6.5849,6.5849,6.5849,6.5849,6.5849,6.5849,6.5849,6.5849,6.5849,6.5849,6.5849,6.5849,6.5849,6.5849,6.5849,6.5849,6.5849,6.5849,6.5849,6.5849,6.5849,6.5849,6.5849,6.5849,6.5849,6.5849,6.5849,6.5849,6.5849,6.5849,6.5849,6.5849,6.5849,6.5849,6.5849,6.5849,6.5849,6.5849,6.5849,6.5849,6.5849,6.5849,6.5849,6.5849,6.5849,6.5849,6.5849,6.5849,6.5849,6.5849,6.5849,6.5849,6.5849,6.5849,6.5849,6.5849,6.5849,6.5849,6.5849,6.5849,6.5849,6.5849,6.5849,6.5849,6.5849,6.5849,6.5849,6.5849,6.5849,6.5849,6.5849,6.5849,6.5849,6.5849,6.5849,6.5849,6.5849,6.5849,6.5849,6.5849,6.5849,6.5849,6.5849,6.5849,6.5849,6.5849,6.5849,6.5849,6.5849,6.5849,6.5849,6.5849,6.5849,6.5849,6.5849,6.5849,6.5849,6.5849,6.5849,6.5849,6.5849,6.5849,6.5849,6.5849,6.5849,6.5849,6.5849,6.5849,6.5849,6.5849,6.5849,6.5849,6.5849,6.5849,6.5849,6.5849,6.5849,6.5849,6.5849,6.5849,6.5849,6.5849,6.5849,6.5849,6.5849,6.5849,6.5849,6.5849,6.5849,6.5849,6.5849,6.5849,6.5849,6.5849,6.5849,6.5849,6.5849,6.5849,6.5849,6.5849,6.5849,6.5849,6.5849,6.5849,6.5849,6.5849,6.5849,6.5849,6.5849,6.5849,6.5849,6.5849,6.5849,6.5849,6.5849,6.5849,6.5849,6.5849,6.5849,6.5849,6.5849,6.5849,6.5849,6.5849,6.5849,6.5849,6.5849,6.5849,6.5849,6.5849,6.5849,6.5849,6.5849,6.5849,6.5849,6.5849,6.5849,6.5849,6.5849,6.5849,6.5849,6.5849,6.5849,6.5849,6.5849,6.5849,6.5849,6.5849,6.5849,6.5849,6.5849,6.5849,6.5849,6.5849,6.5849,6.5849,6.5849,6.5849,6.5849,6.5849,6.5849,6.5849,6.5849,6.5849,6.5849,6.5849,6.5849,6.5849,6.5849,6.5849,6.5849,6.5849,6.5849,6.5849,6.5849,6.5849,6.5849,6.5849,6.5849,6.5849,6.5849,6.5849,6.5849,6.5849,6.5849,6.5849,6.5849,6.5849,6.5849,6.5849,6.5849,6.5849,6.5849,6.5849,6.5849,6.5849,6.5849,6.5849,6.5849,6.5849,6.5849,6.5849,6.5849,6.5849,6.5849,6.5849,6.5849,6.5849,6.5849,6.5849,6.5849,6.5849,6.5849,6.5849,6.5849,6.5849,6.5849,6.5849,6.5849,6.5849,6.5849,6.5849,6.5849,6.5849,6.5849,6.5849,6.5849,6.5849,6.5849,6.5849,6.5849,6.5849,6.5849,6.5849,6.5849,6.5849,6.5849,6.5849,6.5849,6.5849,6.5849,6.5849,6.5849,6.5849,6.5849,6.5849
6.5794,6.5794,6.5794,6.5794,6.5794,6.5794,6.5794,6.5794,6.5794,6.5794,6.5794,6.5794,6.5794,6.5794,6.5794,6.5794,6.5794,6.5794,6.5794,6.5794,6.5794,6.5794,6.5794,6.5794,6.5794,6.5794,6.5794,6.5794,6.5794,6.5794,6.5794,6.5794,6.5794,6.5794,6.5794,6.5794,6.5794,6.5794,6.5794,6.5794,6.5794,6.5794,6.5794,6.5794,6.5794,6.5794,6.5794,6.5794,6.5794,6.5794,6.5794,6.5794,6.5794,6.5794,6.5794,6.5794,6.5794,6.5794,6.5794,6.5794,6.5794,6.5794,6.5794,6.5794,6.5794,6.5794,6.5794,6.5794,6.5794,6.5794,6.5794,6.5794,6.5794,6.5794,6.5794,6.5794,6.5794,6.5794,6.5794,6.5794,6.5794,6.5794,6.5794,6.5794,6.5794,6.5794,6.5794,6.5794,6.5794,6.5794,6.5794,6.5794,6.5794,6.5794,6.5794,6.5794,6.5794,6.5794,6.5794,6.5794,6.5794,6.5794,6.5794,6.5794,6.5794,6.5794,6.5794,6.5794,6.5794,6.5794,6.5794,6.5794,6.5794,6.5794,6.5794,6.5794,6.5794,6.5794,6.5794,6.5794,6.5794,6.5794,6.5794,6.5794,6.5794,6.5794,6.5794,6.5794,6.5794,6.5794,6.5794,6.5794,6.5794,6.5794,6.5794,6.5794,6.5794,6.5794,6.5794,6.5794,6.5794,6.5794,6.5794,6.5794,6.5794,6.5794,6.5794,6.5794,6.5794,6.5794,6.5794,6.5794,6.5794,6.5794,6.5794,6.5794,6.5794,6.5794,6.5794,6.5794,6.5794,6.5794,6.5794,6.5794,6.5794,6.5794,6.5794,6.5794,6.5794,6.5794,6.5794,6.5794,6.5794,6.5794,6.5794,6.5794,6.5794,6.5794,6.5794,6.5794,6.5794,6.5794,6.5794,6.5794,6.5794,6.5794,6.5794,6.5794,6.5794,6.5794,6.5794,6.5794,6.5794,6.5794,6.5794,6.5794,6.5794,6.5794,6.5794,6.5794,6.5794,6.5794,6.5794,6.5794,6.5794,6.5794,6.5794,6.5794,6.5794,6.5794,6.5794,6.5794,6.5794,6.5794,6.5794,6.5794,6.5794,6.5794,6.5794,6.5794,6.5794,6.5794,6.5794,6.5794,6.5794,6.5794,6.5794,6.5794,6.5794,6.5794,6.5794,6.5794,6.5794,6.5794,6.5794,6.5794,6.5794,6.5794,6.5794,6.5794,6.5794,6.5794,6.5794,6.5794,6.5794,6.5794,6.5794,6.5794,6.5794,6.5794,6.5794,6.5794,6.5794,6.5794,6.5794,6.5794,6.5794,6.5794,6.5794,6.5794,6.5794,6.5794,6.5794,6.5794,6.5794,6.5794,6.5794,6.5794,6.5794,6.5794,6.5794,6.5794,6.5794,6.5794,6.5794,6.5794,6.5794,6.5794,6.5794,6.5794,6.5794,6.5794,6.5794,6.5794,6.5794,6.5794,6.5794,6.5794,6.5794,6.5794,6.5794,6.5794,6.5794,6.5794,6.5794,6.5794,6.5794,6.5794,6.5794,6.5794,6.5794,6.5794,6.5794,6.5794,6.5794,6.5794,6.5794,6.5794,6.5794,6.5794,6.5794,6.5794,6.5794,6.5794,6.5794,6.5794,6.5794,6.5794,6.5794,6.5794,6.5794,6.5794,6.5794,6.5794,6.5794,6.5794,6.5794,6.5794,6.5794,6.5794,6.5794,6.5794,6.5794,6.5794,6.5794,6.5794,6.5794,6.5794,6.5794,6.5794,6.5794,6.5794,6.5794,6.5794,6.5794,6.5794,6.5794,6.5794,6.5794,6.5794,6.5794,6.5794,6.5794,6.5794,6.5794,6.5794,6.5794,6.5794,6.5794,6.5794,6.5794,6.5794,6.5794,6.5794,6.5794,6.5794,6.5794,6.5794,6.5794,6.5794,6.5794,6.5794,6.5794,6.5794,6.5794,6.5794,6.5794,6.5794,6.5794,6.5794,6.5794,6.5794,6.5794,6.5794,6.5794,6.5794,6.5794,6.5794,6.5794,6.5794,6.5794,6.5794,6.5794,6.5794,6.5794,6.5794,6.5794,6.5794,6.5794,6.5794,6.5794,6.5794,6.5794,6.5794,6.5794,6.5794,6.5794,6.5794,6.5794,6.5794,6.5794,6.5794,6.5794,6.5794,6.5794,6.5794,6.5794,6.5794,6.5794,6.5794,6.5794,6.5794,6.5794,6.5794,6.5794,6.5794,6.5794,6.5794,6.5794,6.5794,6.5794,6.5794,6.5794,6.5794,6.5794,6.5794,6.5794,6.5794,6.5794,6.5794,6.5794,6.5794,6.5794,6.5794,6.5794,6.5794,6.5794,6.5794,6.5794,6.5794,6.5794,6.5794,6.5794,6.5794,6.5794,6.5794,6.5794,6.5794,6.5794,6.5794,6.5794,6.5794,6.5794,6.5794,6.5794,6.5794,6.5794,6.5794,6.5794,6.5794,6.5794,6.5794,6.5794,6.5794,6.5794,6.5794,6.5794,6.5794,6.5794,6.5794,6.5794,6.5794,6.5794,6.5794,6.5794,6.5794,6.5794,6.5794,6.5794,6.5794,6.5794,6.5794,6.5794,6.5794,6.5794,6.5794,6.5794,6.5794,6.5794,6.5794,6.5794,6.5794,6.5794,6.5794,6.5794,6.5794,6.5794,6.5794,6.5794,6.5794,6.5794,6.5794,6.5794,6.5794,6.5794,6.5794,6.5794,6.5794,6.5794,6.5794,6.5794,6.5794,6.5794,6.5794,6.5794,6.5794,6.5794,6.5794,6.5794,6.5794,6.5794,6.5794,6.5794,6.5794,6.5794,6.5794,6.5794,6.5794,6.5794,6.5794,6.5794,6.5794,6.5794,6.5794,6.5794,6.5794,6.5794,6.5794,6.5794,6.5794,6.5794,6.5794,6.5794,6.5794,6.5794,6.5794,6.5794,6.5794,6.5794,6.5794,6.5794,6.5794,6.5794,6.5794,6.5794,6.5794,6.5794,6.5794,6.5794,6.5794,6.5794,6.5794,6.5794,6.5794,6.5794,6.5794,6.5794,6.5794,6.5794,6.5794,6.5794,6.5794,6.5794,6.5794,6.5794,6.5794,6.5794,6.5794,6.5794,6.5794,6.5794,6.5794,6.5794,6.5794,6.5794,6.5794,6.5794,6.5794,6.5794,6.5794,6.5794,6.5794,6.5794,6.5794,6.5794,6.5794,6.5794,6.5794,6.5794,6.5794,6.5794,6.5794,6.5794,6.5794,6.5794,6.5794,6.5794,6.5794,6.5794,6.5794,6.5794,6.5794,6.5794,6.5794,6.5794,6.5794,6.5794,6.5794,6.5794,6.5794,6.5794,6.5794,6.5794,6.5794,6.5794,6.5794,6.5794,6.5794,6.5794,6.5794,6.5794,6.5794,6.5794,6.5794,6.5794,6.5794,6.5794,6.5794,6.5794,6.5794,6.5794,6.5794,6.5794,6.5794,6.5794,6.5794,6.5794,6.5794,6.5794,6.5794,6.5794,6.5794,6.5794,6.5794,6.5794,6.5794,6.5794,6.5794,6.5794,6.5794,6.5794,6.5794,6.5794,6.5794,6.5794,6.5794,6.5794,6.5794,6.5794,6.5794,6.5794,6.5794,6.5794,6.5794,6.5794,6.5794,6.5794,6.5794,6.5794,6.5794,6.5794,6.5794,6.5794,6.5794,6.5794,6.5794,6.5794,6.5794,6.5794,6.5794,6.5794,6.5794,6.5794,6.5794,6.5794,6.5794,6.5794,6.5794,6.5794,6.5794,6.5794,6.5794,6.5794,6.5794,6.5794,6.5794,6.5794,6.5794,6.5794,6.5794,6.5794,6.5794,6.5794,6.5794,6.5794,6.5794,6.5794,6.5794,6.5794,6.5794,6.5794,6.5794,6.5794,6.5794,6.5794,6.5794,6.5794,6.5794,6.5794,6.5794,6.5794,6.5794,6.5794,6.5794,6.5794,6.5794,6.5794,6.5794,6.5794,6.5794,6.5794,6.5794,6.5794,6.5794,6.5794,6.5794,6.5794,6.5794,6.5794,6.5794,6.5794,6.5794,6.5794,6.5794,6.5794,6.5794,6.5794,6.5794,6.5794,6.5794,6.5794,6.5794,6.5794,6.5794,6.5794,6.5794,6.5794,6.5794,6.5794,6.5794,6.5794,6.5794,6.5794,6.5794,6.5794,6.5794,6.5794,6.5794,6.5794,6.5794,6.5794,6.5794,6.5794,6.5794,6.5794,6.5794,6.5794,6.5794,6.5794,6.5794,6.5794,6.5794,6.5794,6.5794,6.5794,6.5794,6.5794,6.5794,6.5794,6.5794,6.5794,6.5794,6.5794,6.5794,6.5794,6.5794,6.5794,6.5794,6.5794,6.5794,6.5794,6.5794,6.5794,6.5794,6.5794,6.5794,6.5794,6.5794,6.5794,6.5794,6.5794,6.5794,6.5794,6.5794,6.5794,6.5794,6.5794,6.5794,6.5794,6.5794,6.5794,6.5794,6.5794,6.5794,6.5794,6.5794,6.5794,6.5794,6.5794,6.5794,6.5794,6.5794,6.5794,6.5794,6.5794,6.5794,6.5794,6.5794,6.5794,6.5794,6.5794,6.5794,6.5794,6.5794,6.5794,6.5794,6.5794,6.5794,6.5794,6.5794,6.5794,6.5794,6.5794,6.5794,6.5794,6.5794,6.5794,6.5794,6.5794,6.5794,6.5794,6.5794,6.5794,6.5794,6.5794,6.5794,6.5794,6.5794,6.5794,6.5794,6.5794,6.5794,6.5794,6.5794,6.5794,6.5794,6.5794,6.5794,6.5794,6.5794,6.5794,6.5794,6.5794,6.5794,6.5794,6.5794,6.5794,6.5794,6.5794,6.5794,6.5794,6.5794,6.5794,6.5794,6.5794,6.5794,6.5794,6.5794,6.5794,6.5794,6.5794,6.5794,6.5794,6.5794,6.5794,6.5794,6.5794,6.5794,6.5794,6.5794,6.5794,6.5794,6.5794,6.5794,6.5794,6.5794,6.5794,6.5794,6.5794,6.5794,6.5794,6.5794,6.5794,6.5794,6.5794,6.5794,6.5794,6.5794,6.5794,6.5794,6.5794,6.5794,6.5794,6.5794,6.5794,6.5794,6.5794,6.5794,6.5794,6.5794
6.5751,6.5751,6.5751,6.5751,6.5751,6.5751,6.5751,6.5751,6.5751,6.5751,6.5751,6.5751,6.5751,6.5751,6.5751,6.5751,6.5751,6.5751,6.5751,6.5751,6.5751,6.5751,6.5751,6.5751,6.5751,6.5751,6.5751,6.5751,6.5751,6.5751,6.5751,6.5751,6.5751,6.5751,6.5751,6.5751,6.5751,6.5751,6.5751,6.5751,6.5751,6.5751,6.5751,6.5751,6.5751,6.5751,6.5751,6.5751,6.5751,6.5751,6.5751,6.5751,6.5751,6.5751,6.5751,6.5751,6.5751,6.5751,6.5751,6.5751,6.5751,6.5751,6.5751,6.5751,6.5751,6.5751,6.5751,6.5751,6.5751,6.5751,6.5751,6.5751,6.5751,6.5751,6.5751,6.5751,6.5751,6.5751,6.5751,6.5751,6.5751,6.5751,6.5751,6.5751,6.5751,6.5751,6.5751,6.5751,6.5751,6.5751,6.5751,6.5751,6.5751,6.5751,6.5751,6.5751,6.5751,6.5751,6.5751,6.5751,6.5751,6.5751,6.5751,6.5751,6.5751,6.5751,6.5751,6.5751,6.5751,6.5751,6.5751,6.5751,6.5751,6.5751,6.5751,6.5751,6.5751,6.5751,6.5751,6.5751,6.5751,6.5751,6.5751,6.5751,6.5751,6.5751,6.5751,6.5751,6.5751,6.5751,6.5751,6.5751,6.5751,6.5751,6.5751,6.5751,6.5751,6.5751,6.5751,6.5751,6.5751,6.5751,6.5751,6.5751,6.5751,6.5751,6.5751,6.5751,6.5751,6.5751,6.5751,6.5751,6.5751,6.5751,6.5751,6.5751,6.5751,6.5751,6.5751,6.5751,6.5751,6.5751,6.5751,6.5751,6.5751,6.5751,6.5751,6.5751,6.5751,6.5751,6.5751,6.5751,6.5751,6.5751,6.5751,6.5751,6.5751,6.5751,6.5751,6.5751,6.5751,6.5751,6.5751,6.5751,6.5751,6.5751,6.5751,6.5751,6.5751,6.5751,6.5751,6.5751,6.5751,6.5751,6.5751,6.5751,6.5751,6.5751,6.5751,6.5751,6.5751,6.5751,6.5751,6.5751,6.5751,6.5751,6.5751,6.5751,6.5751,6.5751,6.5751,6.5751,6.5751,6.5751,6.5751,6.5751,6.5751,6.5751,6.5751,6.5751,6.5751,6.5751,6.5751,6.5751,6.5751,6.5751,6.5751,6.5751,6.5751,6.5751,6.5751,6.5751,6.5751,6.5751,6.5751,6.5751,6.5751,6.5751,6.5751,6.5751,6.5751,6.5751,6.5751,6.5751,6.5751,6.5751,6.5751,6.5751,6.5751,6.5751,6.5751,6.5751,6.5751,6.5751,6.5751,6.5751,6.5751,6.5751,6.5751,6.5751,6.5751,6.5751,6.5751,6.5751,6.5751,6.5751,6.5751,6.5751,6.5751,6.5751,6.5751,6.5751,6.5751,6.5751,6.5751,6.5751,6.5751,6.5751,6.5751,6.5751,6.5751,6.5751,6.5751,6.5751,6.5751,6.5751,6.5751,6.5751,6.5751,6.5751,6.5751,6.5751,6.5751,6.5751,6.5751,6.5751,6.5751,6.5751,6.5751,6.5751,6.5751,6.5751,6.5751,6.5751,6.5751,6.5751,6.5751,6.5751,6.5751,6.5751,6.5751,6.5751,6.5751,6.5751,6.5751,6.5751,6.5751,6.5751,6.5751,6.5751,6.5751,6.5751,6.5751,6.5751,6.5751,6.5751,6.5751,6.5751,6.5751,6.5751,6.5751,6.5751,6.5751,6.5751,6.5751,6.5751,6.5751,6.5751,6.5751,6.5751,6.5751,6.5751,6.5751,6.5751,6.5751,6.5751,6.5751,6.5751,6.5751,6.5751,6.5751,6.5751,6.5751,6.5751,6.5751,6.5751,6.5751,6.5751,6.5751,6.5751,6.5751,6.5751,6.5751,6.5751,6.5751,6.5751,6.5751,6.5751,6.5751,6.5751,6.5751,6.5751,6.5751,6.5751,6.5751,6.5751,6.5751,6.5751,6.5751,6.5751,6.5751,6.5751,6.5751,6.5751,6.5751,6.5751,6.5751,6.5751,6.5751,6.5751,6.5751,6.5751,6.5751,6.5751,6.5751,6.5751,6.5751,6.5751,6.5751,6.5751,6.5751,6.5751,6.5751,6.5751,6.5751,6.5751,6.5751,6.5751,6.5751,6.5751,6.5751,6.5751,6.5751,6.5751,6.5751,6.5751,6.5751,6.5751,6.5751,6.5751,6.5751,6.5751,6.5751,6.5751,6.5751,6.5751,6.5751,6.5751,6.5751,6.5751,6.5751,6.5751,6.5751,6.5751,6.5751,6.5751,6.5751,6.5751,6.5751,6.5751,6.5751,6.5751,6.5751,6.5751,6.5751,6.5751,6.5751,6.5751,6.5751,6.5751,6.5751,6.5751,6.5751,6.5751,6.5751,6.5751,6.5751,6.5751,6.5751,6.5751,6.5751,6.5751,6.5751,6.5751,6.5751,6.5751,6.5751,6.5751,6.5751,6.5751,6.5751,6.5751,6.5751,6.5751,6.5751,6.5751,6.5751,6.5751,6.5751,6.5751,6.5751,6.5751,6.5751,6.5751,6.5751,6.5751,6.5751,6.5751,6.5751,6.5751,6.5751,6.5751,6.5751,6.5751,6.5751,6.5751,6.5751,6.5751,6.5751,6.5751,6.5751,6.5751,6.5751,6.5751,6.5751,6.5751,6.5751,6.5751,6.5751,6.5751,6.5751,6.5751,6.5751,6.5751,6.5751,6.5751,6.5751,6.5751,6.5751,6.5751,6.5751,6.5751,6.5751,6.5751,6.5751,6.5751,6.5751,6.5751,6.5751,6.5751,6.5751,6.5751,6.5751,6.5751,6.5751,6.5751,6.5751,6.5751,6.5751,6.5751,6.5751,6.5751,6.5751,6.5751,6.5751,6.5751,6.5751,6.5751,6.5751,6.5751,6.5751,6.5751,6.5751,6.5751,6.5751,6.5751,6.5751,6.5751,6.5751,6.5751,6.5751,6.5751,6.5751,6.5751,6.5751,6.5751,6.5751,6.5751,6.5751,6.5751,6.5751,6.5751,6.5751,6.5751,6.5751,6.5751,6.5751,6.5751,6.5751,6.5751,6.5751,6.5751,6.5751,6.5751,6.5751,6.5751,6.5751,6.5751,6.5751,6.5751,6.5751,6.5751,6.5751,6.5751,6.5751,6.5751,6.5751,6.5751,6.5751,6.5751,6.5751,6.5751,6.5751,6.5751,6.5751,6.5751,6.5751,6.5751,6.5751,6.5751,6.5751,6.5751,6.5751,6.5751,6.5751,6.5751,6.5751,6.5751,6.5751,6.5751,6.5751,6.5751,6.5751,6.5751,6.5751,6.5751,6.5751,6.5751,6.5751,6.5751,6.5751,6.5751,6.5751,6.5751,6.5751,6.5751,6.5751,6.5751,6.5751,6.5751,6.5751,6.5751,6.5751,6.5751,6.5751,6.5751,6.5751,6.5751,6.5751,6.5751,6.5751,6.5751,6.5751,6.5751,6.5751,6.5751,6.5751,6.5751,6.5751,6.5751,6.5751,6.5751,6.5751,6.5751,6.5751,6.5751,6.5751,6.5751,6.5751,6.5751,6.5751,6.5751,6.5751,6.5751,6.5751,6.5751,6.5751,6.5751,6.5751,6.5751,6.5751,6.5751,6.5751,6.5751,6.5751,6.5751,6.5751,6.5751,6.5751,6.5751,6.5751,6.5751,6.5751,6.5751,6.5751,6.5751,6.5751,6.5751,6.5751,6.5751,6.5751,6.5751,6.5751,6.5751,6.5751,6.5751,6.5751,6.5751,6.5751,6.5751,6.5751,6.5751,6.5751,6.5751,6.5751,6.5751,6.5751,6.5751,6.5751,6.5751,6.5751,6.5751,6.5751,6.5751,6.5751,6.5751,6.5751,6.5751,6.5751,6.5751,6.5751,6.5751,6.5751,6.5751,6.5751,6.5751,6.5751,6.5751,6.5751,6.5751,6.5751,6.5751,6.5751,6.5751,6.5751,6.5751,6.5751,6.5751,6.5751,6.5751,6.5751,6.5751,6.5751,6.5751,6.5751,6.5751,6.5751,6.5751,6.5751,6.5751,6.5751,6.5751,6.5751,6.5751,6.5751,6.5751,6.5751,6.5751,6.5751,6.5751,6.5751,6.5751,6.5751,6.5751,6.5751,6.5751,6.5751,6.5751,6.5751,6.5751,6.5751,6.5751,6.5751,6.5751,6.5751,6.5751,6.5751,6.5751,6.5751,6.5751,6.5751,6.5751,6.5751,6.5751,6.5751,6.5751,6.5751,6.5751,6.5751,6.5751,6.5751,6.5751,6.5751,6.5751,6.5751,6.5751,6.5751,6.5751,6.5751,6.5751,6.5751,6.5751,6.5751,6.5751,6.5751,6.5751,6.5751,6.5751,6.5751,6.5751,6.5751,6.5751,6.5751,6.5751,6.5751,6.5751,6.5751,6.5751,6.5751,6.5751,6.5751,6.5751,6.5751,6.5751,6.5751,6.5751,6.5751,6.5751,6.5751,6.5751,6.5751,6.5751,6.5751,6.5751,6.5751,6.5751,6.5751,6.5751,6.5751,6.5751,6.5751,6.5751,6.5751,6.5751,6.5751,6.5751,6.5751,6.5751,6.5751,6.5751,6.5751,6.5751,6.5751,6.5751,6.5751,6.5751,6.5751,6.5751,6.5751,6.5751,6.5751,6.5751,6.5751,6.5751,6.5751,6.5751,6.5751,6.5751,6.5751,6.5751,6.5751,6.5751,6.5751,6.5751,6.5751,6.5751,6.5751,6.5751,6.5751,6.5751,6.5751,6.5751,6.5751,6.5751,6.5751,6.5751,6.5751,6.5751,6.5751,6.5751,6.5751,6.5751,6.5751,6.5751,6.5751,6.5751,6.5751,6.5751,6.5751,6.5751,6.5751,6.5751,6.5751,6.5751,6.5751,6.5751,6.5751,6.5751,6.5751,6.5751,6.5751,6.5751,6.5751,6.5751,6.5751,6.5751,6.5751,6.5751,6.5751,6.5751,6.5751,6.5751,6.5751,6.5751,6.5751,6.5751,6.5751,6.5751,6.5751,6.5751,6.5751,6.5751,6.5751,6.5751,6.5751,6.5751,6.5751,6.5751,6.5751,6.5751,6.5751,6.5751,6.5751,6.5751,6.5751,6.5751,6.5751,6.5751,6.5751,6.5751
6.5699,6.5699,6.5699,6.5699,6.5699,6.5699,6.5699,6.5699,6.5699,6.5699,6.5699,6.5699,6.5699,6.5699,6.5699,6.5699,6.5699,6.5699,6.5699,6.5699,6.5699,6.5699,6.5699,6.5699,6.5699,6.5699,6.5699,6.5699,6.5699,6.5699,6.5699,6.5699,6.5699,6.5699,6.5699,6.5699,6.5699,6.5699,6.5699,6.5699,6.5699,6.5699,6.5699,6.5699,6.5699,6.5699,6.5699,6.5699,6.5699,6.5699,6.5699,6.5699,6.5699,6.5699,6.5699,6.5699,6.5699,6.5699,6.5699,6.5699,6.5699,6.5699,6.5699,6.5699,6.5699,6.5699,6.5699,6.5699,6.5699,6.5699,6.5699,6.5699,6.5699,6.5699,6.5699,6.5699,6.5699,6.5699,6.5699,6.5699,6.5699,6.5699,6.5699,6.5699,6.5699,6.5699,6.5699,6.5699,6.5699,6.5699,6.5699,6.5699,6.5699,6.5699,6.5699,6.5699,6.5699,6.5699,6.5699,6.5699,6.5699,6.5699,6.5699,6.5699,6.5699,6.5699,6.5699,6.5699,6.5699,6.5699,6.5699,6.5699,6.5699,6.5699,6.5699,6.5699,6.5699,6.5699,6.5699,6.5699,6.5699,6.5699,6.5699,6.5699,6.5699,6.5699,6.5699,6.5699,6.5699,6.5699,6.5699,6.5699,6.5699,6.5699,6.5699,6.5699,6.5699,6.5699,6.5699,6.5699,6.5699,6.5699,6.5699,6.5699,6.5699,6.5699,6.5699,6.5699,6.5699,6.5699,6.5699,6.5699,6.5699,6.5699,6.5699,6.5699,6.5699,6.5699,6.5699,6.5699,6.5699,6.5699,6.5699,6.5699,6.5699,6.5699,6.5699,6.5699,6.5699,6.5699,6.5699,6.5699,6.5699,6.5699,6.5699,6.5699,6.5699,6.5699,6.5699,6.5699,6.5699,6.5699,6.5699,6.5699,6.5699,6.5699,6.5699,6.5699,6.5699,6.5699,6.5699,6.5699,6.5699,6.5699,6.5699,6.5699,6.5699,6.5699,6.5699,6.5699,6.5699,6.5699,6.5699,6.5699,6.5699,6.5699,6.5699,6.5699,6.5699,6.5699,6.5699,6.5699,6.5699,6.5699,6.5699,6.5699,6.5699,6.5699,6.5699,6.5699,6.5699,6.5699,6.5699,6.5699,6.5699,6.5699,6.5699,6.5699,6.5699,6.5699,6.5699,6.5699,6.5699,6.5699,6.5699,6.5699,6.5699,6.5699,6.5699,6.5699,6.5699,6.5699,6.5699,6.5699,6.5699,6.5699,6.5699,6.5699,6.5699,6.5699,6.5699,6.5699,6.5699,6.5699,6.5699,6.5699,6.5699,6.5699,6.5699,6.5699,6.5699,6.5699,6.5699,6.5699,6.5699,6.5699,6.5699,6.5699,6.5699,6.5699,6.5699,6.5699,6.5699,6.5699,6.5699,6.5699,6.5699,6.5699,6.5699,6.5699,6.5699,6.5699,6.5699,6.5699,6.5699,6.5699,6.5699,6.5699,6.5699,6.5699,6.5699,6.5699,6.5699,6.5699,6.5699,6.5699,6.5699,6.5699,6.5699,6.5699,6.5699,6.5699,6.5699,6.5699,6.5699,6.5699,6.5699,6.5699,6.5699,6.5699,6.5699,6.5699,6.5699,6.5699,6.5699,6.5699,6.5699,6.5699,6.5699,6.5699,6.5699,6.5699,6.5699,6.5699,6.5699,6.5699,6.5699,6.5699,6.5699,6.5699,6.5699,6.5699,6.5699,6.5699,6.5699,6.5699,6.5699,6.5699,6.5699,6.5699,6.5699,6.5699,6.5699,6.5699,6.5699,6.5699,6.5699,6.5699,6.5699,6.5699,6.5699,6.5699,6.5699,6.5699,6.5699,6.5699,6.5699,6.5699,6.5699,6.5699,6.5699,6.5699,6.5699,6.5699,6.5699,6.5699,6.5699,6.5699,6.5699,6.5699,6.5699,6.5699,6.5699,6.5699,6.5699,6.5699,6.5699,6.5699,6.5699,6.5699,6.5699,6.5699,6.5699,6.5699,6.5699,6.5699,6.5699,6.5699,6.5699,6.5699,6.5699,6.5699,6.5699,6.5699,6.5699,6.5699,6.5699,6.5699,6.5699,6.5699,6.5699,6.5699,6.5699,6.5699,6.5699,6.5699,6.5699,6.5699,6.5699,6.5699,6.5699,6.5699,6.5699,6.5699,6.5699,6.5699,6.5699,6.5699,6.5699,6.5699,6.5699,6.5699,6.5699,6.5699,6.5699,6.5699,6.5699,6.5699,6.5699,6.5699,6.5699,6.5699,6.5699,6.5699,6.5699,6.5699,6.5699,6.5699,6.5699,6.5699,6.5699,6.5699,6.5699,6.5699,6.5699,6.5699,6.5699,6.5699,6.5699,6.5699,6.5699,6.5699,6.5699,6.5699,6.5699,6.5699,6.5699,6.5699,6.5699,6.5699,6.5699,6.5699,6.5699,6.5699,6.5699,6.5699,6.5699,6.5699,6.5699,6.5699,6.5699,6.5699,6.5699,6.5699,6.5699,6.5699,6.5699,6.5699,6.5699,6.5699,6.5699,6.5699,6.5699,6.5699,6.5699,6.5699,6.5699,6.5699,6.5699,6.5699,6.5699,6.5699,6.5699,6.5699,6.5699,6.5699,6.5699,6.5699,6.5699,6.5699,6.5699,6.5699,6.5699,6.5699,6.5699,6.5699,6.5699,6.5699,6.5699,6.5699,6.5699,6.5699,6.5699,6.5699,6.5699,6.5699,6.5699,6.5699,6.5699,6.5699,6.5699,6.5699,6.5699,6.5699,6.5699,6.5699,6.5699,6.5699,6.5699,6.5699,6.5699,6.5699,6.5699,6.5699,6.5699,6.5699,6.5699,6.5699,6.5699,6.5699,6.5699,6.5699,6.5699,6.5699,6.5699,6.5699,6.5699,6.5699,6.5699,6.5699,6.5699,6.5699,6.5699,6.5699,6.5699,6.5699,6.5699,6.5699,6.5699,6.5699,6.5699,6.5699,6.5699,6.5704,6.5704,6.5704,6.5704,6.5704,6.5704,6.5704,6.5704,6.5704,6.5704,6.5704,6.5704,6.5704,6.5704,6.5704,6.5704,6.5704,6.5704,6.5704,6.5704,6.5704,6.5704,6.5704,6.5704,6.5704,6.5704,6.5704,6.5704,6.5704,6.5704,6.5704,6.5704,6.5704,6.5704,6.5704,6.5704,6.5704,6.5704,6.5704,6.5704,6.5704,6.5704,6.5704,6.5704,6.5704,6.5704,6.5704,6.5704,6.5704,6.5704,6.5704,6.5704,6.5704,6.5704,6.5704,6.5704,6.5704,6.5704,6.5704,6.5704,6.5704,6.5704,6.5704,6.5704,6.5704,6.5704,6.5704,6.5704,6.5704,6.5704,6.5704,6.5704,6.5704,6.5704,6.5704,6.5704,6.5704,6.5704,6.5704,6.5704,6.5704,6.5704,6.5704,6.5704,6.5704,6.5704,6.5704,6.5704,6.5704,6.5704,6.5704,6.5704,6.5704,6.5704,6.5704,6.5704,6.5704,6.5704,6.5704,6.5704,6.5704,6.5704,6.5704,6.5704,6.5704,6.5704,6.5704,6.5704,6.5704,6.5704,6.5704,6.5704,6.5704,6.5704,6.5704,6.5704,6.5704,6.5704,6.5704,6.5704,6.5704,6.5704,6.5704,6.5704,6.5704,6.5704,6.5704,6.5704,6.5704,6.5704,6.5704,6.5704,6.5704,6.5704,6.5704,6.5704,6.5704,6.5704,6.5704,6.5704,6.5704,6.5704,6.5704,6.5704,6.5704,6.5704,6.5704,6.5704,6.5704,6.5704,6.5704,6.5704,6.5704,6.5704,6.5704,6.5704,6.5704,6.5704,6.5704,6.5704,6.5704,6.5704,6.5704,6.5704,6.5704,6.5704,6.5704,6.5704,6.5704,6.5704,6.5704,6.5704,6.5704,6.5704,6.5704,6.5704,6.5704,6.5704,6.5704,6.5704,6.5704,6.5704,6.5704,6.5704,6.5704,6.5704,6.5704,6.5704,6.5704,6.5704,6.5704,6.5704,6.5704,6.5704,6.5704,6.5704,6.5704,6.5704,6.5704,6.5704,6.5704,6.5704,6.5704,6.5704,6.5704,6.5704,6.5704,6.5704,6.5704,6.5704,6.5704,6.5704,6.5704,6.5704,6.5704,6.5704,6.5704,6.5704,6.5704,6.5704,6.5704,6.5704,6.5704,6.5704,6.5704,6.5704,6.5704,6.5704,6.5704,6.5704,6.5704,6.5704,6.5704,6.5704,6.5704,6.5704,6.5704,6.5704,6.5704,6.5704,6.5704,6.5704,6.5704,6.5704,6.5704,6.5704,6.5704,6.5704,6.5704,6.5704,6.5704,6.5704,6.5704,6.5704,6.5704,6.5704,6.5704,6.5704,6.5704,6.5704,6.5704,6.5704,6.5704,6.5704,6.5704,6.5704,6.5704,6.5704,6.5704,6.5704,6.5704,6.5704,6.5704,6.5704,6.5704,6.5704,6.5704,6.5704,6.5704,6.5704,6.5704,6.5704,6.5704,6.5704,6.5704,6.5704,6.5704,6.5704,6.5704,6.5704,6.5704,6.5704,6.5704,6.5704,6.5704,6.5704,6.5704,6.5704,6.5704,6.5704,6.5704,6.5704,6.5704,6.5704,6.5704,6.5704,6.5704,6.5704,6.5704,6.5704,6.5704,6.5704,6.5704,6.5704,6.5704,6.5704,6.5704,6.5704,6.5704,6.5704,6.5704,6.5704,6.5704,6.5704,6.5704,6.5704,6.5704,6.5704,6.5704,6.5704,6.5704,6.5704,6.5704,6.5704,6.5704,6.5704,6.5704,6.5704,6.5704,6.5704,6.5704,6.5704,6.5704,6.5704,6.5704,6.5704,6.5704,6.5704,6.5704,6.5704,6.5704,6.5704,6.5704,6.5704,6.5704,6.5704,6.5704,6.5704,6.5704,6.5704,6.5704,6.5704,6.5704,6.5704,6.5704,6.5704,6.5704,6.5704,6.5704,6.5704,6.5704,6.5704,6.5704,6.5704,6.5704,6.5704,6.5704,6.5704,6.5704,6.5704,6.5704,6.5704,6.5704,6.5704,6.5704,6.5704,6.5704,6.5704,6.5704,6.5704,6.5704,6.5704,6.5704,6.5704,6.5704,6.5704,6.5704
6.5650,6.5650,6.5650,6.5650,6.5650,6.5650,6.5650,6.5650,6.5650,6.5650,6.5650,6.5650,6.5650,6.5650,6.5650,6.5650,6.5650,6.5650,6.5650,6.5650,6.5650,6.5650,6.5650,6.5650,6.5650,6.5650,6.5650,6.5650,6.5650,6.5650,6.5650,6.5650,6.5650,6.5650,6.5650,6.5650,6.5650,6.5650,6.5650,6.5650,6.5650,6.5650,6.5650,6.5650,6.5650,6.5650,6.5650,6.5650,6.5650,6.5650,6.5650,6.5650,6.5650,6.5650,6.5650,6.5650,6.5650,6.5650,6.5650,6.5650,6.5650,6.5650,6.5650,6.5650,6.5650,6.5650,6.5650,6.5650,6.5650,6.5650,6.5650,6.5650,6.5650,6.5650,6.5650,6.5650,6.5650,6.5650,6.5650,6.5650,6.5650,6.5650,6.5650,6.5650,6.5650,6.5650,6.5650,6.5650,6.5650,6.5650,6.5650,6.5650,6.5650,6.5650,6.5650,6.5650,6.5650,6.5650,6.5650,6.5650,6.5650,6.5650,6.5650,6.5650,6.5650,6.5650,6.5650,6.5650,6.5650,6.5650,6.5650,6.5650,6.5650,6.5650,6.5650,6.5650,6.5650,6.5650,6.5650,6.5650,6.5650,6.5650,6.5650,6.5650,6.5650,6.5650,6.5650,6.5650,6.5650,6.5650,6.5650,6.5650,6.5650,6.5650,6.5650,6.5650,6.5650,6.5650,6.5650,6.5650,6.5650,6.5650,6.5650,6.5650,6.5650,6.5650,6.5650,6.5650,6.5650,6.5650,6.5650,6.5650,6.5650,6.5650,6.5650,6.5650,6.5650,6.5650,6.5650,6.5650,6.5650,6.5650,6.5650,6.5650,6.5650,6.5650,6.5650,6.5650,6.5650,6.5650,6.5650,6.5650,6.5650,6.5650,6.5650,6.5650,6.5650,6.5650,6.5650,6.5650,6.5650,6.5650,6.5650,6.5650,6.5650,6.5650,6.5650,6.5650,6.5650,6.5650,6.5650,6.5650,6.5650,6.5650,6.5650,6.5650,6.5650,6.5650,6.5650,6.5650,6.5650,6.5650,6.5650,6.5650,6.5650,6.5650,6.5650,6.5650,6.5650,6.5650,6.5650,6.5650,6.5650,6.5650,6.5650,6.5650,6.5650,6.5650,6.5650,6.5650,6.5650,6.5650,6.5650,6.5650,6.5650,6.5650,6.5650,6.5650,6.5650,6.5650,6.5650,6.5650,6.5650,6.5650,6.5650,6.5650,6.5650,6.5650,6.5650,6.5650,6.5650,6.5650,6.5650,6.5650,6.5650,6.5650,6.5650,6.5650,6.5650,6.5650,6.5650,6.5650,6.5650,6.5650,6.5650,6.5650,6.5650,6.5650,6.5650,6.5650,6.5650,6.5650,6.5650,6.5650,6.5650,6.5650,6.5650,6.5650,6.5650,6.5650,6.5650,6.5650,6.5650,6.5650,6.5650,6.5650,6.5650,6.5650,6.5650,6.5650,6.5650,6.5650,6.5650,6.5650,6.5650,6.5650,6.5650,6.5650,6.5650,6.5650,6.5650,6.5650,6.5650,6.5650,6.5650,6.5650,6.5650,6.5650,6.5650,6.5650,6.5650,6.5650,6.5650,6.5650,6.5650,6.5650,6.5650,6.5650,6.5650,6.5650,6.5650,6.5650,6.5650,6.5650,6.5650,6.5650,6.5650,6.5650,6.5650,6.5650,6.5650,6.5650,6.5650,6.5650,6.5650,6.5650,6.5650,6.5650,6.5650,6.5650,6.5650,6.5650,6.5650,6.5650,6.5650,6.5650,6.5650,6.5650,6.5650,6.5650,6.5650,6.5650,6.5650,6.5650,6.5650,6.5650,6.5650,6.5650,6.5650,6.5650,6.5650,6.5650,6.5650,6.5650,6.5650,6.5650,6.5650,6.5650,6.5650,6.5650,6.5650,6.5650,6.5650,6.5650,6.5650,6.5650,6.5650,6.5650,6.5650,6.5650,6.5650,6.5650,6.5650,6.5650,6.5650,6.5650,6.5650,6.5650,6.5650,6.5650,6.5650,6.5650,6.5650,6.5650,6.5650,6.5650,6.5650,6.5650,6.5650,6.5650,6.5650,6.5650,6.5650,6.5650,6.5650,6.5650,6.5650,6.5650,6.5650,6.5650,6.5650,6.5650,6.5650,6.5650,6.5650,6.5650,6.5650,6.5650,6.5650,6.5650,6.5650,6.5650,6.5650,6.5650,6.5650,6.5650,6.5650,6.5650,6.5650,6.5650,6.5650,6.5650,6.5650,6.5650,6.5650,6.5650,6.5650,6.5650,6.5650,6.5650,6.5650,6.5650,6.5650,6.5650,6.5650,6.5650,6.5650,6.5650,6.5650,6.5650,6.5650,6.5650,6.5650,6.5650,6.5650,6.5650,6.5650,6.5650,6.5650,6.5650,6.5650,6.5650,6.5650,6.5650,6.5650,6.5650,6.5650,6.5650,6.5650,6.5650,6.5650,6.5650,6.5650,6.5650,6.5650,6.5650,6.5650,6.5650,6.5650,6.5650,6.5650,6.5650,6.5650,6.5650,6.5650,6.5650,6.5650,6.5650,6.5650,6.5650,6.5650,6.5650,6.5650,6.5650,6.5650,6.5650,6.5650,6.5650,6.5650,6.5650,6.5650,6.5650,6.5650,6.5650,6.5650,6.5650,6.5650,6.5650,6.5650,6.5650,6.5650,6.5650,6.5650,6.5650,6.5650,6.5650,6.5650,6.5650,6.5650,6.5650,6.5650,6.5650,6.5650,6.5650,6.5650,6.5650,6.5650,6.5650,6.5650,6.5650,6.5650,6.5650,6.5650,6.5650,6.5650,6.5650,6.5650,6.5650,6.5650,6.5650,6.5650,6.5650,6.5650,6.5650,6.5650,6.5650,6.5650,6.5650,6.5650,6.5650,6.5650,6.5650,6.5650,6.5650,6.5650,6.5650,6.5650,6.5650,6.5650,6.5650,6.5650,6.5650,6.5650,6.5650,6.5650,6.5650,6.5650,6.5650,6.5650,6.5650,6.5650,6.5650,6.5650,6.5650,6.5650,6.5650,6.5650,6.5650,6.5650,6.5650,6.5650,6.5650,6.5650,6.5650,6.5650,6.5650,6.5650,6.5650,6.5650,6.5650,6.5650,6.5650,6.5650,6.5650,6.5650,6.5650,6.5650,6.5650,6.5650,6.5650,6.5650,6.5650,6.5650,6.5650,6.5650,6.5650,6.5650,6.5650,6.5650,6.5650,6.5650,6.5650,6.5650,6.5650,6.5650,6.5650,6.5650,6.5650,6.5650,6.5650,6.5650,6.5650,6.5650,6.5650,6.5650,6.5650,6.5650,6.5650,6.5650,6.5650,6.5650,6.5650,6.5650,6.5650,6.5650,6.5650,6.5650,6.5650,6.5650,6.5650,6.5650,6.5650,6.5650,6.5650,6.5650,6.5650,6.5650,6.5650,6.5650,6.5650,6.5650,6.5650,6.5650,6.5650,6.5650,6.5650,6.5650,6.5650,6.5650,6.5650,6.5650,6.5650,6.5650,6.5650,6.5650,6.5650,6.5650,6.5650,6.5650,6.5650,6.5650,6.5650,6.5650,6.5650,6.5650,6.5650,6.5650,6.5650,6.5650,6.5650,6.5650,6.5650,6.5650,6.5650,6.5650,6.5650,6.5650,6.5650,6.5650,6.5650,6.5650,6.5650,6.5650,6.5650,6.5650,6.5650,6.5650,6.5650,6.5650,6.5650,6.5650,6.5650,6.5650,6.5650,6.5650,6.5650,6.5650,6.5650,6.5650,6.5650,6.5650,6.5650,6.5650,6.5650,6.5650,6.5650,6.5650,6.5650,6.5650,6.5650,6.5650,6.5650,6.5650,6.5650,6.5650,6.5650,6.5650,6.5650,6.5650,6.5650,6.5650,6.5650,6.5650,6.5650,6.5650,6.5650,6.5650,6.5650,6.5650,6.5650,6.5650,6.5650,6.5650,6.5650,6.5650,6.5650,6.5650,6.5650,6.5650,6.5650,6.5650,6.5650,6.5650,6.5650,6.5650,6.5650,6.5650,6.5650,6.5650,6.5650,6.5650,6.5650,6.5650,6.5650,6.5650,6.5650,6.5650,6.5650,6.5650,6.5650,6.5650,6.5650,6.5650,6.5650,6.5650,6.5650,6.5650,6.5650,6.5650,6.5650,6.5650,6.5650,6.5650,6.5650,6.5650,6.5650,6.5650,6.5650,6.5650,6.5650,6.5650,6.5650,6.5650,6.5650,6.5650,6.5650,6.5650,6.5650,6.5650,6.5650,6.5650,6.5650,6.5650,6.5650,6.5650,6.5650,6.5650,6.5650,6.5650,6.5650,6.5650,6.5650,6.5650,6.5650,6.5650,6.5650,6.5650,6.5650,6.5650,6.5650,6.5650,6.5650,6.5650,6.5650,6.5650,6.5650,6.5650,6.5650,6.5650,6.5650,6.5650,6.5650,6.5650,6.5650,6.5650,6.5650,6.5650,6.5650,6.5650,6.5650,6.5650,6.5650,6.5650,6.5650,6.5650,6.5650,6.5650,6.5650,6.5650,6.5650,6.5650,6.5650,6.5650,6.5650,6.5650,6.5650,6.5650,6.5650,6.5650,6.5650,6.5650,6.5650,6.5650,6.5650,6.5650,6.5650,6.5650,6.5650,6.5650,6.5650,6.5650,6.5650,6.5650,6.5650,6.5650,6.5650,6.5650,6.5650,6.5650,6.5650,6.5650,6.5650,6.5650,6.5650,6.5650,6.5650,6.5650,6.5650,6.5650,6.5650,6.5650,6.5650,6.5650,6.5650,6.5650,6.5650,6.5650,6.5650,6.5650,6.5650,6.5650,6.5650,6.5650,6.5650,6.5650,6.5650,6.5650,6.5650,6.5650,6.5650,6.5650,6.5650,6.5650,6.5650,6.5650,6.5650,6.5650,6.5650,6.5650,6.5650,6.5650,6.5650,6.5650,6.5650,6.5650,6.5650,6.5650,6.5650,6.5650,6.5650,6.5650,6.5650,6.5650,6.5650,6.5650,6.5650,6.5650,6.5650,6.5650,6.5650,6.5650,6.5650,6.5650,6.5650,6.5650,6.5650,6.5650,6.5650,6.5650,6.5650,6.5650,6.5650,6.5650,6.5650,6.5650,6.5650,6.5650,6.5650,6.5650,6.5650,6.5650,6.5650,6.5650,6.5650,6.5650,6.5650,6.5650,6.5650,6.5650,6.5650
6.5607,6.5607,6.5607,6.5607,6.5607,6.5607,6.5607,6.5607,6.5607,6.5607,6.5607,6.5607,6.5607,6.5607,6.5607,6.5607,6.5607,6.5607,6.5607,6.5607,6.5607,6.5607,6.5607,6.5607,6.5607,6.5607,6.5607,6.5607,6.5607,6.5607,6.5607,6.5607,6.5607,6.5607,6.5607,6.5607,6.5607,6.5607,6.5607,6.5607,6.5607,6.5607,6.5607,6.5607,6.5607,6.5607,6.5607,6.5607,6.5607,6.5607,6.5607,6.5607,6.5607,6.5607,6.5607,6.5607,6.5607,6.5607,6.5607,6.5607,6.5607,6.5607,6.5607,6.5607,6.5607,6.5607,6.5607,6.5607,6.5607,6.5607,6.5607,6.5607,6.5607,6.5607,6.5607,6.5607,6.5607,6.5607,6.5607,6.5607,6.5607,6.5607,6.5607,6.5607,6.5607,6.5607,6.5607,6.5607,6.5607,6.5607,6.5607,6.5607,6.5607,6.5607,6.5607,6.5607,6.5607,6.5607,6.5607,6.5607,6.5607,6.5607,6.5607,6.5607,6.5607,6.5607,6.5607,6.5607,6.5607,6.5607,6.5607,6.5607,6.5607,6.5607,6.5607,6.5607,6.5607,6.5607,6.5607,6.5607,6.5607,6.5607,6.5607,6.5607,6.5607,6.5607,6.5607,6.5607,6.5607,6.5607,6.5607,6.5607,6.5607,6.5607,6.5607,6.5607,6.5607,6.5607,6.5607,6.5607,6.5607,6.5607,6.5607,6.5607,6.5607,6.5607,6.5607,6.5607,6.5607,6.5607,6.5607,6.5607,6.5607,6.5607,6.5607,6.5607,6.5607,6.5607,6.5607,6.5607,6.5607,6.5607,6.5607,6.5607,6.5607,6.5607,6.5607,6.5607,6.5607,6.5607,6.5607,6.5607,6.5607,6.5607,6.5607,6.5607,6.5607,6.5607,6.5607,6.5607,6.5607,6.5607,6.5607,6.5607,6.5607,6.5607,6.5607,6.5607,6.5607,6.5607,6.5607,6.5607,6.5607,6.5607,6.5607,6.5607,6.5607,6.5607,6.5607,6.5607,6.5607,6.5607,6.5607,6.5607,6.5607,6.5607,6.5607,6.5607,6.5607,6.5607,6.5607,6.5607,6.5607,6.5607,6.5607,6.5607,6.5607,6.5607,6.5607,6.5607,6.5607,6.5607,6.5607,6.5607,6.5607,6.5607,6.5607,6.5607,6.5607,6.5607,6.5607,6.5607,6.5607,6.5607,6.5607,6.5607,6.5607,6.5607,6.5607,6.5607,6.5607,6.5607,6.5607,6.5607,6.5607,6.5607,6.5607,6.5607,6.5607,6.5607,6.5607,6.5607,6.5607,6.5607,6.5607,6.5607,6.5607,6.5607,6.5607,6.5607,6.5607,6.5607,6.5607,6.5607,6.5607,6.5607,6.5607,6.5607,6.5607,6.5607,6.5607,6.5607,6.5607,6.5607,6.5607,6.5607,6.5607,6.5607,6.5607,6.5607,6.5607,6.5607,6.5607,6.5607,6.5607,6.5607,6.5607,6.5607,6.5607,6.5607,6.5607,6.5607,6.5607,6.5607,6.5607,6.5607,6.5607,6.5607,6.5607,6.5607,6.5607,6.5607,6.5607,6.5607,6.5607,6.5607,6.5607,6.5607,6.5607,6.5607,6.5607,6.5607,6.5607,6.5607,6.5607,6.5607,6.5607,6.5607,6.5607,6.5607,6.5607,6.5607,6.5607,6.5607,6.5607,6.5607,6.5607,6.5607,6.5607,6.5607,6.5607,6.5607,6.5607,6.5607,6.5607,6.5607,6.5607,6.5607,6.5607,6.5607,6.5607,6.5607,6.5607,6.5607,6.5607,6.5607,6.5607,6.5607,6.5607,6.5607,6.5607,6.5607,6.5607,6.5607,6.5607,6.5607,6.5607,6.5607,6.5607,6.5607,6.5607,6.5607,6.5607,6.5607,6.5607,6.5607,6.5607,6.5607,6.5607,6.5607,6.5607,6.5607,6.5607,6.5607,6.5607,6.5607,6.5607,6.5607,6.5607,6.5607,6.5607,6.5607,6.5607,6.5607,6.5607,6.5607,6.5607,6.5607,6.5607,6.5607,6.5607,6.5607,6.5607,6.5607,6.5607,6.5607,6.5607,6.5607,6.5607,6.5607,6.5607,6.5607,6.5607,6.5607,6.5607,6.5607,6.5607,6.5607,6.5607,6.5607,6.5607,6.5607,6.5607,6.5607,6.5607,6.5607,6.5607,6.5607,6.5607,6.5607,6.5607,6.5607,6.5607,6.5607,6.5607,6.5607,6.5607,6.5607,6.5607,6.5607,6.5607,6.5607,6.5607,6.5607,6.5607,6.5607,6.5607,6.5607,6.5607,6.5607,6.5607,6.5607,6.5607,6.5607,6.5607,6.5607,6.5607,6.5607,6.5607,6.5607,6.5607,6.5607,6.5607,6.5607,6.5607,6.5607,6.5607,6.5607,6.5607,6.5607,6.5607,6.5607,6.5607,6.5607,6.5607,6.5607,6.5607,6.5607,6.5607,6.5607,6.5607,6.5607,6.5607,6.5607,6.5607,6.5607,6.5607,6.5607,6.5607,6.5607,6.5607,6.5607,6.5607,6.5607,6.5607,6.5607,6.5607,6.5607,6.5607,6.5607,6.5607,6.5607,6.5607,6.5607,6.5607,6.5607,6.5607,6.5607,6.5607,6.5607,6.5607,6.5607,6.5607,6.5607,6.5607,6.5607,6.5607,6.5607,6.5607,6.5607,6.5607,6.5607,6.5607,6.5607,6.5607,6.5607,6.5607,6.5607,6.5607,6.5607,6.5607,6.5607,6.5607,6.5607,6.5607,6.5607,6.5607,6.5607,6.5607,6.5607,6.5607,6.5607,6.5607,6.5607,6.5607,6.5607,6.5607,6.5607,6.5607,6.5607,6.5607,6.5607,6.5607,6.5607,6.5607,6.5607,6.5607,6.5607,6.5607,6.5607,6.5607,6.5607,6.5607,6.5607,6.5607,6.5607,6.5607,6.5607,6.5607,6.5607,6.5607,6.5607,6.5607,6.5607,6.5607,6.5607,6.5607,6.5607,6.5607,6.5607,6.5607,6.5607,6.5607,6.5607,6.5607,6.5607,6.5607,6.5607,6.5607,6.5607,6.5607,6.5607,6.5607,6.5607,6.5607,6.5607,6.5607,6.5607,6.5607,6.5607,6.5607,6.5607,6.5607,6.5607,6.5607,6.5607,6.5607,6.5607,6.5607,6.5607,6.5607,6.5607,6.5607,6.5607,6.5607,6.5607,6.5607,6.5607,6.5607,6.5607,6.5607,6.5607,6.5607,6.5607,6.5607,6.5607,6.5607,6.5607,6.5607,6.5607,6.5607,6.5607,6.5607,6.5607,6.5607,6.5607,6.5607,6.5607,6.5607,6.5607,6.5607,6.5607,6.5607,6.5607,6.5607,6.5607,6.5607,6.5607,6.5607,6.5607,6.5607,6.5607,6.5607,6.5607,6.5607,6.5607,6.5607,6.5607,6.5607,6.5607,6.5607,6.5607,6.5607,6.5607,6.5607,6.5607,6.5607,6.5607,6.5607,6.5607,6.5607,6.5607,6.5607,6.5607,6.5607,6.5607,6.5607,6.5607,6.5607,6.5607,6.5607,6.5607,6.5607,6.5607,6.5607,6.5607,6.5607,6.5607,6.5607,6.5607,6.5607,6.5607,6.5607,6.5607,6.5607,6.5607,6.5607,6.5607,6.5607,6.5607,6.5607,6.5607,6.5607,6.5607,6.5602,6.5602,6.5602,6.5602,6.5602,6.5602,6.5602,6.5602,6.5602,6.5602,6.5602,6.5602,6.5602,6.5602,6.5602,6.5602,6.5602,6.5602,6.5602,6.5602,6.5602,6.5602,6.5602,6.5602,6.5602,6.5602,6.5602,6.5602,6.5602,6.5602,6.5602,6.5602,6.5602,6.5602,6.5602,6.5602,6.5602,6.5602,6.5602,6.5602,6.5602,6.5602,6.5602,6.5602,6.5602,6.5602,6.5602,6.5602,6.5602,6.5602,6.5602,6.5602,6.5602,6.5602,6.5602,6.5602,6.5602,6.5602,6.5602,6.5602,6.5602,6.5602,6.5602,6.5602,6.5602,6.5602,6.5602,6.5602,6.5602,6.5602,6.5602,6.5602,6.5602,6.5602,6.5602,6.5602,6.5602,6.5602,6.5602,6.5602,6.5602,6.5602,6.5602,6.5602,6.5602,6.5602,6.5602,6.5602,6.5602,6.5602,6.5602,6.5602,6.5602,6.5602,6.5602,6.5602,6.5602,6.5602,6.5602,6.5602,6.5602,6.5602,6.5602,6.5602,6.5602,6.5602,6.5602,6.5602,6.5602,6.5602,6.5602,6.5602,6.5602,6.5602,6.5602,6.5602,6.5602,6.5602,6.5602,6.5602,6.5602,6.5602,6.5602,6.5602,6.5602,6.5602,6.5602,6.5602,6.5602,6.5602,6.5602,6.5602,6.5602,6.5602,6.5602,6.5602,6.5602,6.5602,6.5602,6.5602,6.5602,6.5602,6.5602,6.5602,6.5602,6.5602,6.5602,6.5602,6.5602,6.5602,6.5602,6.5602,6.5602,6.5602,6.5602,6.5602,6.5602,6.5602,6.5602,6.5602,6.5602,6.5602,6.5602,6.5602,6.5602,6.5602,6.5602,6.5602,6.5602,6.5602,6.5602,6.5602,6.5602,6.5602,6.5602,6.5602,6.5602,6.5602,6.5602,6.5602,6.5602,6.5602,6.5602,6.5602,6.5602,6.5602,6.5602,6.5602,6.5602,6.5602,6.5602,6.5602,6.5602,6.5602,6.5602,6.5602,6.5602,6.5602,6.5602,6.5602,6.5602,6.5602,6.5602,6.5602,6.5602,6.5602,6.5602,6.5602,6.5602,6.5602,6.5602,6.5602,6.5602,6.5602,6.5602,6.5602,6.5602,6.5602,6.5602,6.5602,6.5602,6.5602,6.5602,6.5602,6.5602,6.5602,6.5602,6.5602,6.5602,6.5602,6.5602,6.5602,6.5602,6.5602,6.5602,6.5602,6.5602,6.5602,6.5602,6.5602,6.5602,6.5602,6.5602,6.5602,6.5602,6.5602,6.5602,6.5602,6.5602,6.5602,6.5602,6.5602,6.5602,6.5602,6.5602,6.5602,6.5602,6.5602,6.5602,6.5602,6.5602,6.5602,6.5602,6.5602,6.5602,6.5602
6.5553,6.5553,6.5553,6.5553,6.5553,6.5553,6.5553,6.5553,6.5553,6.5553,6.5553,6.5553,6.5553,6.5553,6.5553,6.5553,6.5553,6.5553,6.5553,6.5553,6.5553,6.5553,6.5553,6.5553,6.5553,6.5553,6.5553,6.5553,6.5553,6.5553,6.5553,6.5553,6.5553,6.5553,6.5553,6.5553,6.5553,6.5553,6.5553,6.5553,6.5553,6.5553,6.5553,6.5553,6.5553,6.5553,6.5553,6.5553,6.5553,6.5553,6.5553,6.5553,6.5553,6.5553,6.5553,6.5553,6.5553,6.5553,6.5553,6.5553,6.5553,6.5553,6.5553,6.5553,6.5553,6.5553,6.5553,6.5553,6.5553,6.5553,6.5553,6.5553,6.5553,6.5553,6.5553,6.5553,6.5553,6.5553,6.5553,6.5553,6.5553,6.5553,6.5553,6.5553,6.5553,6.5553,6.5553,6.5553,6.5553,6.5553,6.5553,6.5553,6.5553,6.5553,6.5553,6.5553,6.5553,6.5553,6.5553,6.5553,6.5553,6.5553,6.5553,6.5553,6.5553,6.5553,6.5553,6.5553,6.5553,6.5553,6.5553,6.5553,6.5553,6.5553,6.5553,6.5553,6.5553,6.5553,6.5553,6.5553,6.5553,6.5553,6.5553,6.5553,6.5553,6.5553,6.5553,6.5553,6.5553,6.5553,6.5553,6.5553,6.5553,6.5553,6.5553,6.5553,6.5553,6.5553,6.5553,6.5553,6.5553,6.5553,6.5553,6.5553,6.5553,6.5553,6.5553,6.5553,6.5553,6.5553,6.5553,6.5553,6.5553,6.5553,6.5553,6.5553,6.5553,6.5553,6.5553,6.5553,6.5553,6.5553,6.5553,6.5553,6.5553,6.5553,6.5553,6.5553,6.5553,6.5553,6.5553,6.5553,6.5553,6.5553,6.5553,6.5553,6.5553,6.5553,6.5553,6.5553,6.5553,6.5553,6.5553,6.5553,6.5553,6.5553,6.5553,6.5553,6.5553,6.5553,6.5553,6.5553,6.5553,6.5553,6.5553,6.5553,6.5553,6.5553,6.5553,6.5553,6.5553,6.5553,6.5553,6.5553,6.5553,6.5553,6.5553,6.5553,6.5553,6.5553,6.5553,6.5553,6.5553,6.5553,6.5553,6.5553,6.5553,6.5553,6.5553,6.5553,6.5553,6.5553,6.5553,6.5553,6.5553,6.5553,6.5553,6.5553,6.5553,6.5553,6.5553,6.5553,6.5553,6.5553,6.5553,6.5553,6.5553,6.5553,6.5553,6.5553,6.5553,6.5553,6.5553,6.5553,6.5553,6.5553,6.5553,6.5553,6.5553,6.5553,6.5553,6.5553,6.5553,6.5553,6.5553,6.5553,6.5553,6.5553,6.5553,6.5553,6.5553,6.5553,6.5553,6.5553,6.5553,6.5553,6.5553,6.5553,6.5553,6.5553,6.5553,6.5553,6.5553,6.5553,6.5553,6.5553,6.5553,6.5553,6.5553,6.5553,6.5553,6.5553,6.5553,6.5553,6.5553,6.5553,6.5553,6.5553,6.5553,6.5553,6.5553,6.5553,6.5553,6.5553,6.5553,6.5553,6.5553,6.5553,6.5553,6.5553,6.5553,6.5553,6.5553,6.5553,6.5553,6.5553,6.5553,6.5553,6.5553,6.5553,6.5553,6.5553,6.5553,6.5553,6.5553,6.5553,6.5553,6.5553,6.5553,6.5553,6.5553,6.5553,6.5553,6.5553,6.5553,6.5553,6.5553,6.5553,6.5553,6.5553,6.5553,6.5553,6.5553,6.5553,6.5553,6.5553,6.5553,6.5553,6.5553,6.5553,6.5553,6.5553,6.5553,6.5553,6.5553,6.5553,6.5553,6.5553,6.5553,6.5553,6.5553,6.5553,6.5553,6.5553,6.5553,6.5553,6.5553,6.5553,6.5553,6.5553,6.5553,6.5553,6.5553,6.5553,6.5553,6.5553,6.5553,6.5553,6.5553,6.5553,6.5553,6.5553,6.5553,6.5553,6.5553,6.5553,6.5553,6.5553,6.5553,6.5553,6.5553,6.5553,6.5553,6.5553,6.5553,6.5553,6.5553,6.5553,6.5553,6.5553,6.5553,6.5553,6.5553,6.5553,6.5553,6.5553,6.5553,6.5553,6.5553,6.5553,6.5553,6.5553,6.5553,6.5553,6.5553,6.5553,6.5553,6.5553,6.5553,6.5553,6.5553,6.5553,6.5553,6.5553,6.5553,6.5553,6.5553,6.5553,6.5553,6.5553,6.5553,6.5553,6.5553,6.5553,6.5553,6.5553,6.5553,6.5553,6.5553,6.5553,6.5553,6.5553,6.5553,6.5553,6.5553,6.5553,6.5553,6.5553,6.5553,6.5553,6.5553,6.5553,6.5553,6.5553,6.5553,6.5553,6.5553,6.5553,6.5553,6.5553,6.5553,6.5553,6.5553,6.5553,6.5553,6.5553,6.5553,6.5553,6.5553,6.5553,6.5553,6.5553,6.5553,6.5553,6.5553,6.5553,6.5553,6.5553,6.5553,6.5553,6.5553,6.5553,6.5553,6.5553,6.5553,6.5553,6.5553,6.5553,6.5553,6.5553,6.5553,6.5553,6.5553,6.5553,6.5553,6.5553,6.5553,6.5553,6.5553,6.5553,6.5553,6.5553,6.5553,6.5553,6.5553,6.5553,6.5553,6.5553,6.5553,6.5553,6.5553,6.5553,6.5553,6.5553,6.5553,6.5553,6.5553,6.5553,6.5553,6.5553,6.5553,6.5553,6.5553,6.5553,6.5553,6.5553,6.5553,6.5553,6.5553,6.5553,6.5553,6.5553,6.5553,6.5553,6.5553,6.5553,6.5553,6.5553,6.5553,6.5553,6.5553,6.5553,6.5553,6.5553,6.5553,6.5553,6.5553,6.5553,6.5553,6.5553,6.5553,6.5553,6.5553,6.5553,6.5553,6.5553,6.5553,6.5553,6.5553,6.5553,6.5553,6.5553,6.5553,6.5553,6.5553,6.5553,6.5553,6.5553,6.5553,6.5553,6.5553,6.5553,6.5553,6.5553,6.5553,6.5553,6.5553,6.5553,6.5553,6.5553,6.5553,6.5553,6.5553,6.5553,6.5553,6.5553,6.5553,6.5553,6.5553,6.5553,6.5553,6.5553,6.5553,6.5553,6.5553,6.5553,6.5553,6.5553,6.5553,6.5553,6.5553,6.5553,6.5553,6.5553,6.5553,6.5553,6.5553,6.5553,6.5553,6.5553,6.5553,6.5553,6.5553,6.5553,6.5553,6.5553,6.5553,6.5553,6.5553,6.5553,6.5553,6.5553,6.5553,6.5553,6.5553,6.5553,6.5553,6.5553,6.5553,6.5553,6.5553,6.5553,6.5553,6.5553,6.5553,6.5553,6.5553,6.5553,6.5553,6.5553,6.5553,6.5553,6.5553,6.5553,6.5553,6.5553,6.5553,6.5553,6.5553,6.5553,6.5553,6.5553,6.5553,6.5553,6.5553,6.5553,6.5553,6.5553,6.5553,6.5553,6.5553,6.5553,6.5553,6.5553,6.5553,6.5553,6.5553,6.5553,6.5553,6.5553,6.5553,6.5553,6.5553,6.5553,6.5553,6.5553,6.5553,6.5553,6.5553,6.5553,6.5553,6.5553,6.5553,6.5553,6.5553,6.5553,6.5553,6.5553,6.5553,6.5553,6.5553,6.5553,6.5553,6.5553,6.5553,6.5553,6.5553,6.5553,6.5553,6.5553,6.5553,6.5553,6.5553,6.5553,6.5553,6.5553,6.5553,6.5553,6.5553,6.5553,6.5553,6.5553,6.5553,6.5553,6.5553,6.5553,6.5553,6.5553,6.5553,6.5553,6.5553,6.5553,6.5553,6.5553,6.5553,6.5553,6.5553,6.5553,6.5553,6.5553,6.5553,6.5553,6.5553,6.5553,6.5553,6.5553,6.5553,6.5553,6.5553,6.5553,6.5553,6.5553,6.5553,6.5553,6.5553,6.5553,6.5553,6.5553,6.5553,6.5553,6.5553,6.5553,6.5553,6.5553,6.5553,6.5553,6.5553,6.5553,6.5553,6.5553,6.5553,6.5553,6.5553,6.5553,6.5553,6.5553,6.5553,6.5553,6.5553,6.5553,6.5553,6.5553,6.5553,6.5553,6.5553,6.5553,6.5553,6.5553,6.5553,6.5553,6.5553,6.5553,6.5553,6.5553,6.5553,6.5553,6.5553,6.5553,6.5553,6.5553,6.5553,6.5553,6.5553,6.5553,6.5553,6.5553,6.5553,6.5553,6.5553,6.5553,6.5553,6.5553,6.5553,6.5553,6.5553,6.5553,6.5553,6.5553,6.5553,6.5553,6.5553,6.5553,6.5553,6.5553,6.5553,6.5553,6.5553,6.5553,6.5553,6.5553,6.5553,6.5553,6.5553,6.5553,6.5553,6.5553,6.5553,6.5553,6.5553,6.5553,6.5553,6.5553,6.5553,6.5553,6.5553,6.5553,6.5553,6.5553,6.5553,6.5553,6.5553,6.5553,6.5553,6.5553,6.5553,6.5553,6.5553,6.5553,6.5553,6.5553,6.5553,6.5553,6.5553,6.5553,6.5553,6.5553,6.5553,6.5553,6.5553,6.5553,6.5553,6.5553,6.5553,6.5553,6.5553,6.5553,6.5553,6.5553,6.5553,6.5553,6.5553,6.5553,6.5553,6.5553,6.5553,6.5553,6.5553,6.5553,6.5553,6.5553,6.5553,6.5553,6.5553,6.5553,6.5553,6.5553,6.5553,6.5553,6.5553,6.5553,6.5553,6.5553,6.5553,6.5553,6.5553,6.5553,6.5553,6.5553,6.5553,6.5553,6.5553,6.5553,6.5553,6.5553,6.5553,6.5553,6.5553,6.5553,6.5553,6.5553,6.5553,6.5553,6.5553,6.5553,6.5553,6.5553,6.5553,6.5553,6.5553,6.5553,6.5553,6.5553,6.5553,6.5553,6.5553,6.5553,6.5553,6.5553,6.5553,6.5553,6.5553,6.5553,6.5553,6.5553,6.5553,6.5553,6.5553,6.5553,6.5553,6.5553,6.5553,6.5553,6.5553,6.5553,6.5553,6.5553,6.5553,6.5553,6.5553,6.5553,6.5553,6.5553,6.5553,6.5553,6.5553,6.5553,6.5553,6.5553,6.5553,6.5553,6.5553,6.5553,6.5553,6.5553,6.5553,6.5553,6.5553,6.5553,6.5553,6.5553
6.5512,6.5512,6.5512,6.5512,6.5512,6.5512,6.5512,6.5512,6.5512,6.5512,6.5512,6.5512,6.5512,6.5512,6.5512,6.5512,6.5512,6.5512,6.5512,6.5512,6.5512,6.5512,6.5512,6.5512,6.5512,6.5512,6.5512,6.5512,6.5512,6.5512,6.5512,6.5512,6.5512,6.5512,6.5512,6.5512,6.5512,6.5512,6.5512,6.5512,6.5512,6.5512,6.5512,6.5512,6.5512,6.5512,6.5512,6.5512,6.5512,6.5512,6.5512,6.5512,6.5512,6.5512,6.5512,6.5512,6.5512,6.5512,6.5512,6.5512,6.5512,6.5512,6.5512,6.5512,6.5512,6.5512,6.5512,6.5512,6.5512,6.5512,6.5512,6.5512,6.5512,6.5512,6.5512,6.5512,6.5512,6.5512,6.5512,6.5512,6.5512,6.5512,6.5512,6.5512,6.5512,6.5512,6.5512,6.5512,6.5512,6.5512,6.5512,6.5512,6.5512,6.5512,6.5512,6.5512,6.5512,6.5512,6.5512,6.5512,6.5512,6.5512,6.5512,6.5512,6.5512,6.5512,6.5512,6.5512,6.5512,6.5512,6.5512,6.5512,6.5512,6.5512,6.5512,6.5512,6.5512,6.5512,6.5512,6.5512,6.5512,6.5512,6.5512,6.5512,6.5512,6.5512,6.5512,6.5512,6.5512,6.5512,6.5512,6.5512,6.5512,6.5512,6.5512,6.5512,6.5512,6.5512,6.5512,6.5512,6.5512,6.5512,6.5512,6.5512,6.5512,6.5512,6.5512,6.5512,6.5512,6.5512,6.5512,6.5512,6.5512,6.5512,6.5512,6.5512,6.5512,6.5512,6.5512,6.5512,6.5512,6.5512,6.5512,6.5512,6.5512,6.5512,6.5512,6.5512,6.5512,6.5512,6.5512,6.5512,6.5512,6.5512,6.5512,6.5512,6.5512,6.5512,6.5512,6.5512,6.5512,6.5512,6.5512,6.5512,6.5512,6.5512,6.5512,6.5512,6.5512,6.5512,6.5512,6.5512,6.5512,6.5512,6.5512,6.5512,6.5512,6.5512,6.5512,6.5512,6.5512,6.5512,6.5512,6.5512,6.5512,6.5512,6.5512,6.5512,6.5512,6.5512,6.5512,6.5512,6.5512,6.5512,6.5512,6.5512,6.5512,6.5512,6.5512,6.5512,6.5512,6.5512,6.5512,6.5512,6.5512,6.5512,6.5512,6.5512,6.5512,6.5512,6.5512,6.5512,6.5512,6.5512,6.5512,6.5512,6.5512,6.5512,6.5512,6.5512,6.5512,6.5512,6.5512,6.5512,6.5512,6.5512,6.5512,6.5512,6.5512,6.5512,6.5512,6.5512,6.5512,6.5512,6.5512,6.5512,6.5512,6.5512,6.5512,6.5512,6.5512,6.5512,6.5512,6.5512,6.5512,6.5512,6.5512,6.5512,6.5512,6.5512,6.5512,6.5512,6.5512,6.5512,6.5512,6.5512,6.5512,6.5512,6.5512,6.5512,6.5512,6.5512,6.5512,6.5512,6.5512,6.5512,6.5512,6.5512,6.5512,6.5512,6.5512,6.5512,6.5512,6.5512,6.5512,6.5512,6.5512,6.5512,6.5512,6.5512,6.5512,6.5512,6.5512,6.5512,6.5512,6.5512,6.5512,6.5512,6.5512,6.5512,6.5512,6.5512,6.5512,6.5512,6.5512,6.5512,6.5512,6.5512,6.5512,6.5512,6.5512,6.5512,6.5512,6.5512,6.5512,6.5512,6.5512,6.5512,6.5512,6.5512,6.5512,6.5512,6.5512,6.5512,6.5512,6.5512,6.5512,6.5512,6.5512,6.5512,6.5512,6.5512,6.5512,6.5512,6.5512,6.5512,6.5512,6.5512,6.5512,6.5512,6.5512,6.5512,6.5512,6.5512,6.5512,6.5512,6.5512,6.5512,6.5512,6.5512,6.5512,6.5512,6.5512,6.5512,6.5512,6.5512,6.5512,6.5512,6.5512,6.5512,6.5512,6.5512,6.5512,6.5512,6.5512,6.5512,6.5512,6.5512,6.5512,6.5512,6.5512,6.5512,6.5512,6.5512,6.5512,6.5512,6.5512,6.5512,6.5512,6.5512,6.5512,6.5512,6.5512,6.5512,6.5512,6.5512,6.5512,6.5512,6.5512,6.5512,6.5512,6.5512,6.5512,6.5512,6.5512,6.5512,6.5512,6.5512,6.5512,6.5512,6.5512,6.5512,6.5512,6.5512,6.5512,6.5512,6.5512,6.5512,6.5512,6.5512,6.5512,6.5512,6.5512,6.5512,6.5512,6.5512,6.5512,6.5512,6.5512,6.5512,6.5512,6.5512,6.5512,6.5512,6.5512,6.5512,6.5512,6.5512,6.5512,6.5512,6.5512,6.5512,6.5512,6.5512,6.5512,6.5512,6.5512,6.5512,6.5512,6.5512,6.5512,6.5512,6.5512,6.5512,6.5512,6.5512,6.5512,6.5512,6.5512,6.5512,6.5512,6.5512,6.5512,6.5512,6.5512,6.5512,6.5512,6.5512,6.5512,6.5512,6.5512,6.5512,6.5512,6.5512,6.5512,6.5512,6.5512,6.5512,6.5512,6.5512,6.5512,6.5512,6.5512,6.5512,6.5512,6.5512,6.5512,6.5512,6.5512,6.5512,6.5512,6.5512,6.5512,6.5512,6.5512,6.5512,6.5512,6.5512,6.5512,6.5512,6.5512,6.5512,6.5512,6.5512,6.5512,6.5512,6.5512,6.5512,6.5512,6.5512,6.5512,6.5512,6.5512,6.5512,6.5512,6.5512,6.5512,6.5512,6.5512,6.5512,6.5512,6.5512,6.5512,6.5512,6.5512,6.5512,6.5512,6.5512,6.5512,6.5512,6.5512,6.5512,6.5512,6.5512,6.5512,6.5512,6.5512,6.5512,6.5512,6.5512,6.5512,6.5512,6.5512,6.5512,6.5512,6.5512,6.5512,6.5512,6.5512,6.5512,6.5512,6.5512,6.5512,6.5512,6.5512,6.5512,6.5512,6.5512,6.5512,6.5512,6.5512,6.5512,6.5512,6.5512,6.5512,6.5512,6.5512,6.5512,6.5512,6.5512,6.5512,6.5512,6.5512,6.5512,6.5512,6.5512,6.5512,6.5512,6.5512,6.5512,6.5512,6.5512,6.5512,6.5512,6.5512,6.5512,6.5512,6.5512,6.5512,6.5512,6.5512,6.5512,6.5512,6.5512,6.5512,6.5512,6.5512,6.5512,6.5512,6.5512,6.5512,6.5512,6.5512,6.5512,6.5512,6.5512,6.5512,6.5512,6.5512,6.5512,6.5512,6.5512,6.5512,6.5512,6.5512,6.5512,6.5512,6.5512,6.5512,6.5512,6.5512,6.5512,6.5512,6.5512,6.5512,6.5512,6.5512,6.5512,6.5512,6.5512,6.5512,6.5512,6.5512,6.5512,6.5512,6.5512,6.5512,6.5512,6.5512,6.5512,6.5512,6.5512,6.5512,6.5512,6.5512,6.5512,6.5512,6.5512,6.5512,6.5512,6.5512,6.5512,6.5512,6.5512,6.5512,6.5512,6.5512,6.5512,6.5512,6.5512,6.5512,6.5512,6.5512,6.5512,6.5512,6.5512,6.5512,6.5512,6.5512,6.5512,6.5512,6.5512,6.5512,6.5512,6.5512,6.5512,6.5512,6.5512,6.5512,6.5512,6.5512,6.5512,6.5512,6.5512,6.5512,6.5512,6.5512,6.5512,6.5512,6.5512,6.5512,6.5512,6.5512,6.5512,6.5512,6.5512,6.5512,6.5512,6.5512,6.5512,6.5512,6.5512,6.5512,6.5512,6.5512,6.5512,6.5512,6.5512,6.5512,6.5512,6.5512,6.5512,6.5512,6.5512,6.5512,6.5512,6.5512,6.5512,6.5512,6.5512,6.5512,6.5512,6.5512,6.5512,6.5512,6.5512,6.5512,6.5512,6.5512,6.5512,6.5512,6.5512,6.5512,6.5512,6.5512,6.5512,6.5512,6.5512,6.5512,6.5512,6.5512,6.5512,6.5512,6.5512,6.5512,6.5512,6.5512,6.5512,6.5512,6.5512,6.5512,6.5512,6.5512,6.5512,6.5512,6.5512,6.5512,6.5512,6.5512,6.5512,6.5512,6.5512,6.5512,6.5512,6.5512,6.5512,6.5512,6.5512,6.5512,6.5512,6.5512,6.5512,6.5512,6.5512,6.5512,6.5512,6.5512,6.5512,6.5512,6.5512,6.5512,6.5512,6.5512,6.5512,6.5512,6.5512,6.5512,6.5512,6.5512,6.5512,6.5512,6.5512,6.5512,6.5512,6.5512,6.5512,6.5512,6.5512,6.5512,6.5512,6.5512,6.5512,6.5512,6.5512,6.5512,6.5512,6.5512,6.5512,6.5512,6.5512,6.5512,6.5512,6.5512,6.5512,6.5512,6.5512,6.5512,6.5512,6.5512,6.5512,6.5512,6.5512,6.5512,6.5512,6.5512,6.5512,6.5512,6.5512,6.5512,6.5512,6.5512,6.5512,6.5512,6.5512,6.5512,6.5512,6.5512,6.5512,6.5512,6.5512,6.5512,6.5512,6.5512,6.5512,6.5512,6.5512,6.5512,6.5512,6.5512,6.5512,6.5512,6.5512,6.5512,6.5512,6.5512,6.5512,6.5512,6.5512,6.5512,6.5512,6.5512,6.5512,6.5512,6.5512,6.5512,6.5512,6.5512,6.5512,6.5512,6.5512,6.5512,6.5512,6.5512,6.5512,6.5512,6.5512,6.5512,6.5512,6.5512,6.5512,6.5512,6.5512,6.5512,6.5512,6.5512,6.5512,6.5512,6.5512,6.5512,6.5512,6.5512,6.5512,6.5512,6.5512,6.5512,6.5512,6.5512,6.5512,6.5512,6.5512,6.5512,6.5512,6.5512,6.5512,6.5512,6.5512,6.5512,6.5512,6.5512,6.5512,6.5512,6.5512,6.5512,6.5512,6.5512,6.5512,6.5512,6.5512,6.5512,6.5512,6.5512,6.5512,6.5512,6.5512,6.5512,6.5512,6.5512,6.5512,6.5512,6.5512,6.5512,6.5512,6.5512,6.5512,6.5512,6.5512,6.5512,6.5512,6.5512,6.5512,6.5512,6.5512,6.5512,6.5512,6.5512,6.5512,6.5512,6.5512,6.5512,6.5512,6.5512,6.5512,6.5512,6.5512,6.5512,6.5512,6.5512,6.5512,6.5512,6.5512
6.5463,6.5463,6.5463,6.5463,6.5463,6.5463,6.5463,6.5463,6.5463,6.5463,6.5463,6.5463,6.5463,6.5463,6.5463,6.5463,6.5463,6.5463,6.5463,6.5463,6.5463,6.5463,6.5463,6.5463,6.5463,6.5463,6.5463,6.5463,6.5463,6.5463,6.5463,6.5463,6.5463,6.5463,6.5463,6.5463,6.5463,6.5463,6.5463,6.5463,6.5463,6.5463,6.5463,6.5463,6.5463,6.5463,6.5463,6.5463,6.5463,6.5463,6.5463,6.5463,6.5463,6.5463,6.5463,6.5463,6.5463,6.5463,6.5463,6.5463,6.5463,6.5463,6.5463,6.5463,6.5463,6.5463,6.5463,6.5463,6.5463,6.5463,6.5463,6.5463,6.5463,6.5463,6.5463,6.5463,6.5463,6.5463,6.5463,6.5463,6.5463,6.5463,6.5463,6.5463,6.5463,6.5463,6.5463,6.5463,6.5463,6.5463,6.5463,6.5463,6.5463,6.5463,6.5463,6.5463,6.5463,6.5463,6.5463,6.5463,6.5463,6.5463,6.5463,6.5463,6.5463,6.5463,6.5463,6.5463,6.5463,6.5463,6.5463,6.5463,6.5463,6.5463,6.5463,6.5463,6.5463,6.5463,6.5463,6.5463,6.5463,6.5463,6.5463,6.5463,6.5463,6.5463,6.5463,6.5463,6.5463,6.5463,6.5463,6.5463,6.5463,6.5463,6.5463,6.5463,6.5463,6.5463,6.5463,6.5463,6.5463,6.5463,6.5463,6.5463,6.5463,6.5463,6.5463,6.5463,6.5463,6.5463,6.5463,6.5463,6.5463,6.5463,6.5463,6.5463,6.5463,6.5463,6.5463,6.5463,6.5463,6.5463,6.5463,6.5463,6.5463,6.5463,6.5463,6.5463,6.5463,6.5463,6.5463,6.5463,6.5463,6.5463,6.5463,6.5463,6.5463,6.5463,6.5463,6.5463,6.5463,6.5463,6.5463,6.5463,6.5463,6.5463,6.5463,6.5463,6.5463,6.5463,6.5463,6.5463,6.5463,6.5463,6.5463,6.5463,6.5463,6.5463,6.5463,6.5463,6.5463,6.5463,6.5463,6.5463,6.5463,6.5463,6.5463,6.5463,6.5463,6.5463,6.5463,6.5463,6.5463,6.5463,6.5463,6.5463,6.5463,6.5463,6.5463,6.5463,6.5463,6.5463,6.5463,6.5463,6.5463,6.5463,6.5463,6.5463,6.5463,6.5463,6.5463,6.5463,6.5463,6.5463,6.5463,6.5463,6.5463,6.5463,6.5463,6.5463,6.5463,6.5463,6.5463,6.5463,6.5463,6.5463,6.5463,6.5463,6.5463,6.5463,6.5463,6.5463,6.5463,6.5463,6.5463,6.5463,6.5463,6.5463,6.5463,6.5463,6.5463,6.5463,6.5463,6.5463,6.5463,6.5463,6.5463,6.5463,6.5463,6.5463,6.5463,6.5463,6.5463,6.5463,6.5463,6.5463,6.5463,6.5463,6.5463,6.5463,6.5463,6.5463,6.5463,6.5463,6.5463,6.5463,6.5463,6.5463,6.5463,6.5463,6.5463,6.5463,6.5463,6.5463,6.5463,6.5463,6.5463,6.5463,6.5463,6.5463,6.5463,6.5463,6.5463,6.5463,6.5463,6.5463,6.5463,6.5463,6.5463,6.5463,6.5463,6.5463,6.5463,6.5463,6.5463,6.5463,6.5463,6.5463,6.5463,6.5463,6.5463,6.5463,6.5463,6.5463,6.5463,6.5463,6.5463,6.5463,6.5463,6.5463,6.5463,6.5463,6.5463,6.5463,6.5463,6.5463,6.5463,6.5463,6.5463,6.5463,6.5463,6.5463,6.5463,6.5463,6.5463,6.5463,6.5463,6.5463,6.5463,6.5463,6.5463,6.5463,6.5463,6.5463,6.5463,6.5463,6.5463,6.5463,6.5463,6.5463,6.5463,6.5463,6.5463,6.5463,6.5463,6.5463,6.5463,6.5463,6.5463,6.5463,6.5463,6.5463,6.5463,6.5463,6.5463,6.5463,6.5463,6.5463,6.5463,6.5463,6.5463,6.5463,6.5463,6.5463,6.5463,6.5463,6.5463,6.5463,6.5463,6.5463,6.5463,6.5463,6.5463,6.5463,6.5463,6.5463,6.5463,6.5463,6.5463,6.5463,6.5463,6.5463,6.5463,6.5463,6.5463,6.5463,6.5463,6.5463,6.5463,6.5463,6.5463,6.5463,6.5463,6.5463,6.5463,6.5463,6.5463,6.5463,6.5463,6.5463,6.5463,6.5463,6.5463,6.5463,6.5463,6.5463,6.5463,6.5463,6.5463,6.5463,6.5463,6.5463,6.5463,6.5463,6.5463,6.5463,6.5463,6.5463,6.5463,6.5463,6.5463,6.5463,6.5463,6.5463,6.5463,6.5463,6.5463,6.5463,6.5463,6.5463,6.5463,6.5463,6.5463,6.5463,6.5463,6.5463,6.5463,6.5463,6.5463,6.5463,6.5463,6.5463,6.5463,6.5463,6.5463,6.5463,6.5463,6.5463,6.5463,6.5463,6.5463,6.5463,6.5463,6.5463,6.5463,6.5463,6.5463,6.5463,6.5463,6.5463,6.5463,6.5463,6.5463,6.5463,6.5463,6.5463,6.5463,6.5463,6.5463,6.5463,6.5463,6.5463,6.5463,6.5463,6.5463,6.5463,6.5463,6.5463,6.5463,6.5463,6.5463,6.5463,6.5463,6.5463,6.5463,6.5463,6.5463,6.5463,6.5463,6.5463,6.5463,6.5463,6.5463,6.5463,6.5463,6.5463,6.5463,6.5463,6.5463,6.5463,6.5463,6.5463,6.5463,6.5463,6.5463,6.5463,6.5463,6.5463,6.5463,6.5463,6.5463,6.5463,6.5463,6.5463,6.5463,6.5463,6.5463,6.5463,6.5463,6.5463,6.5463,6.5463,6.5463,6.5463,6.5463,6.5463,6.5463,6.5463,6.5463,6.5463,6.5463,6.5463,6.5463,6.5463,6.5463,6.5463,6.5463,6.5463,6.5463,6.5463,6.5463,6.5463,6.5463,6.5463,6.5463,6.5463,6.5463,6.5463,6.5463,6.5463,6.5463,6.5463,6.5463,6.5463,6.5463,6.5463,6.5463,6.5463,6.5463,6.5463,6.5463,6.5463,6.5463,6.5463,6.5463,6.5463,6.5463,6.5463,6.5463,6.5463,6.5463,6.5463,6.5463,6.5463,6.5463,6.5463,6.5463,6.5463,6.5463,6.5463,6.5463,6.5463,6.5463,6.5463,6.5463,6.5463,6.5463,6.5463,6.5463,6.5463,6.5463,6.5463,6.5463,6.5463,6.5463,6.5463,6.5463,6.5463,6.5463,6.5463,6.5463,6.5463,6.5463,6.5463,6.5463,6.5463,6.5463,6.5463,6.5463,6.5463,6.5463,6.5463,6.5463,6.5463,6.5463,6.5463,6.5463,6.5463,6.5463,6.5463,6.5463,6.5463,6.5463,6.5463,6.5463,6.5463,6.5463,6.5463,6.5463,6.5463,6.5463,6.5463,6.5463,6.5463,6.5463,6.5463,6.5463,6.5463,6.5463,6.5463,6.5463,6.5463,6.5463,6.5463,6.5463,6.5463,6.5463,6.5463,6.5463,6.5463,6.5463,6.5463,6.5463,6.5463,6.5463,6.5463,6.5463,6.5463,6.5463,6.5463,6.5463,6.5463,6.5463,6.5463,6.5463,6.5463,6.5463,6.5463,6.5463,6.5463,6.5463,6.5463,6.5463,6.5463,6.5463,6.5463,6.5463,6.5463,6.5463,6.5463,6.5463,6.5463,6.5463,6.5463,6.5463,6.5463,6.5463,6.5463,6.5463,6.5463,6.5463,6.5463,6.5463,6.5463,6.5463,6.5463,6.5463,6.5463,6.5463,6.5463,6.5463,6.5463,6.5463,6.5463,6.5463,6.5463,6.5463,6.5463,6.5463,6.5463,6.5463,6.5463,6.5463,6.5463,6.5463,6.5463,6.5463,6.5463,6.5463,6.5463,6.5463,6.5463,6.5463,6.5463,6.5463,6.5463,6.5463,6.5463,6.5463,6.5463,6.5463,6.5463,6.5463,6.5463,6.5463,6.5463,6.5463,6.5463,6.5463,6.5463,6.5463,6.5463,6.5463,6.5463,6.5463,6.5463,6.5463,6.5463,6.5463,6.5463,6.5463,6.5463,6.5463,6.5463,6.5463,6.5463,6.5463,6.5463,6.5463,6.5463,6.5463,6.5463,6.5463,6.5463,6.5463,6.5463,6.5463,6.5463,6.5463,6.5463,6.5463,6.5463,6.5463,6.5463,6.5463,6.5463,6.5463,6.5463,6.5463,6.5463,6.5463,6.5463,6.5463,6.5463,6.5463,6.5463,6.5463,6.5463,6.5463,6.5463,6.5463,6.5463,6.5463,6.5463,6.5463,6.5463,6.5463,6.5463,6.5463,6.5463,6.5463,6.5463,6.5463,6.5463,6.5463,6.5463,6.5463,6.5463,6.5463,6.5463,6.5463,6.5463,6.5463,6.5463,6.5463,6.5463,6.5463,6.5463,6.5463,6.5463,6.5463,6.5463,6.5463,6.5463,6.5463,6.5463,6.5463,6.5463,6.5463,6.5463,6.5463,6.5463,6.5463,6.5463,6.5463,6.5463,6.5463,6.5463,6.5463,6.5463,6.5463,6.5463,6.5463,6.5463,6.5463,6.5463,6.5463,6.5463,6.5463,6.5463,6.5463,6.5463,6.5463,6.5463,6.5463,6.5463,6.5463,6.5463,6.5463,6.5463,6.5463,6.5463,6.5463,6.5463,6.5463,6.5463,6.5463,6.5463,6.5463,6.5463,6.5463,6.5463,6.5463,6.5463,6.5463,6.5463,6.5463,6.5463,6.5463,6.5463,6.5463,6.5458,6.5458,6.5458,6.5458,6.5458,6.5458,6.5458,6.5458,6.5458,6.5458,6.5458,6.5458,6.5458,6.5458,6.5458,6.5458,6.5458,6.5458,6.5458,6.5458,6.5458,6.5458,6.5458,6.5458,6.5458,6.5458,6.5458,6.5458,6.5458,6.5458,6.5458,6.5458,6.5458,6.5458,6.5458,6.5458,6.5458,6.5458,6.5458,6.5458,6.5458,6.5458,6.5458,6.5458,6.5458,6.5458,6.5458,6.5458,6.5458,6.5458,6.5458,6.5458,6.5458,6.5458,6.5458,6.5458,6.5458,6.5458,6.5458
6.5410,6.5410,6.5410,6.5410,6.5410,6.5410,6.5410,6.5410,6.5410,6.5410,6.5410,6.5410,6.5410,6.5410,6.5410,6.5410,6.5410,6.5410,6.5410,6.5410,6.5410,6.5410,6.5410,6.5410,6.5410,6.5410,6.5410,6.5410,6.5410,6.5410,6.5410,6.5410,6.5410,6.5410,6.5410,6.5410,6.5410,6.5410,6.5410,6.5410,6.5410,6.5410,6.5410,6.5410,6.5410,6.5410,6.5410,6.5410,6.5410,6.5410,6.5410,6.5410,6.5410,6.5410,6.5410,6.5410,6.5410,6.5410,6.5410,6.5410,6.5410,6.5410,6.5410,6.5410,6.5410,6.5410,6.5410,6.5410,6.5410,6.5410,6.5410,6.5410,6.5410,6.5410,6.5410,6.5410,6.5410,6.5410,6.5410,6.5410,6.5410,6.5410,6.5410,6.5410,6.5410,6.5410,6.5410,6.5410,6.5410,6.5410,6.5410,6.5410,6.5410,6.5410,6.5410,6.5410,6.5410,6.5410,6.5410,6.5410,6.5410,6.5410,6.5410,6.5410,6.5410,6.5410,6.5410,6.5410,6.5410,6.5410,6.5410,6.5410,6.5410,6.5410,6.5410,6.5410,6.5410,6.5410,6.5410,6.5410,6.5410,6.5410,6.5410,6.5410,6.5410,6.5410,6.5410,6.5410,6.5410,6.5410,6.5410,6.5410,6.5410,6.5410,6.5410,6.5410,6.5410,6.5410,6.5410,6.5410,6.5410,6.5410,6.5410,6.5410,6.5410,6.5410,6.5410,6.5410,6.5410,6.5410,6.5410,6.5410,6.5410,6.5410,6.5410,6.5410,6.5410,6.5410,6.5410,6.5410,6.5410,6.5410,6.5410,6.5410,6.5410,6.5410,6.5410,6.5410,6.5410,6.5410,6.5410,6.5410,6.5410,6.5410,6.5410,6.5410,6.5410,6.5410,6.5410,6.5410,6.5410,6.5410,6.5410,6.5410,6.5410,6.5410,6.5410,6.5410,6.5410,6.5410,6.5410,6.5410,6.5410,6.5410,6.5410,6.5410,6.5410,6.5410,6.5410,6.5410,6.5410,6.5410,6.5410,6.5410,6.5410,6.5410,6.5410,6.5410,6.5410,6.5410,6.5410,6.5410,6.5410,6.5410,6.5410,6.5410,6.5410,6.5415,6.5415,6.5415,6.5415,6.5415,6.5415,6.5415,6.5415,6.5415,6.5415,6.5415,6.5415,6.5415,6.5415,6.5415,6.5415,6.5415,6.5415,6.5415,6.5415,6.5415,6.5415,6.5415,6.5415,6.5415,6.5415,6.5415,6.5415,6.5415,6.5415,6.5415,6.5415,6.5415,6.5415,6.5415,6.5415,6.5415,6.5415,6.5415,6.5415,6.5415,6.5415,6.5415,6.5415,6.5415,6.5415,6.5415,6.5415,6.5415,6.5415,6.5415,6.5415,6.5415,6.5415,6.5415,6.5415,6.5415,6.5415,6.5415,6.5415,6.5415,6.5415,6.5415,6.5415,6.5415,6.5415,6.5415,6.5415,6.5415,6.5415,6.5415,6.5415,6.5415,6.5415,6.5415,6.5415,6.5415,6.5415,6.5415,6.5415,6.5415,6.5415,6.5415,6.5415,6.5415,6.5415,6.5415,6.5415,6.5415,6.5415,6.5415,6.5415,6.5415,6.5415,6.5415,6.5415,6.5415,6.5415,6.5415,6.5415,6.5415,6.5415,6.5415,6.5415,6.5415,6.5415,6.5415,6.5415,6.5415,6.5415,6.5415,6.5415,6.5415,6.5415,6.5415,6.5415,6.5415,6.5415,6.5415,6.5415,6.5415,6.5415,6.5415,6.5415,6.5415,6.5415,6.5415,6.5415,6.5415,6.5415,6.5415,6.5415,6.5415,6.5415,6.5415,6.5415,6.5415,6.5415,6.5415,6.5415,6.5415,6.5415,6.5415,6.5415,6.5415,6.5415,6.5415,6.5415,6.5415,6.5415,6.5415,6.5415,6.5415,6.5415,6.5415,6.5415,6.5415,6.5415,6.5415,6.5415,6.5415,6.5415,6.5415,6.5415,6.5415,6.5415,6.5415,6.5415,6.5415,6.5415,6.5415,6.5415,6.5415,6.5415,6.5415,6.5415,6.5415,6.5415,6.5415,6.5415,6.5415,6.5415,6.5415,6.5415,6.5415,6.5415,6.5415,6.5415,6.5415,6.5415,6.5415,6.5415,6.5415,6.5415,6.5415,6.5415,6.5415,6.5415,6.5415,6.5415,6.5415,6.5415,6.5415,6.5415,6.5415,6.5415,6.5415,6.5415,6.5415,6.5415,6.5415,6.5415,6.5415,6.5415,6.5415,6.5415,6.5415,6.5415,6.5415,6.5415,6.5415,6.5415,6.5415,6.5415,6.5415,6.5415,6.5415,6.5415,6.5415,6.5415,6.5415,6.5415,6.5415,6.5415,6.5415,6.5415,6.5415,6.5415,6.5415,6.5415,6.5415,6.5415,6.5415,6.5415,6.5415,6.5415,6.5415,6.5415,6.5415,6.5415,6.5415,6.5415,6.5415,6.5415,6.5415,6.5415,6.5415,6.5415,6.5415,6.5415,6.5415,6.5415,6.5415,6.5415,6.5415,6.5415,6.5415,6.5415,6.5415,6.5415,6.5415,6.5415,6.5415,6.5415,6.5415,6.5415,6.5415,6.5415,6.5415,6.5415,6.5415,6.5415,6.5415,6.5415,6.5415,6.5415,6.5415,6.5415,6.5415,6.5415,6.5415,6.5415,6.5415,6.5415,6.5415,6.5415,6.5415,6.5415,6.5415,6.5415,6.5415,6.5415,6.5415,6.5415,6.5415,6.5415,6.5415,6.5415,6.5415,6.5415,6.5415,6.5415,6.5415,6.5415,6.5415,6.5415,6.5415,6.5415,6.5415,6.5415,6.5415,6.5415,6.5415,6.5415,6.5415,6.5415,6.5415,6.5415,6.5415,6.5415,6.5415,6.5415,6.5415,6.5415,6.5415,6.5415,6.5415,6.5415,6.5415,6.5415,6.5415,6.5415,6.5415,6.5415,6.5415,6.5415,6.5415,6.5415,6.5415,6.5415,6.5415,6.5415,6.5415,6.5415,6.5415,6.5415,6.5415,6.5415,6.5415,6.5415,6.5415,6.5415,6.5415,6.5415,6.5415,6.5415,6.5415,6.5415,6.5415,6.5415,6.5415,6.5415,6.5415,6.5415,6.5415,6.5415,6.5415,6.5415,6.5415,6.5415,6.5415,6.5415,6.5415,6.5415,6.5415,6.5415,6.5415,6.5415,6.5415,6.5415,6.5415,6.5415,6.5415,6.5415,6.5415,6.5415,6.5415,6.5415,6.5415,6.5415,6.5415,6.5415,6.5415,6.5415,6.5415,6.5415,6.5415,6.5415,6.5415,6.5415,6.5415,6.5415,6.5415,6.5415,6.5415,6.5415,6.5415,6.5415,6.5415,6.5415,6.5415,6.5415,6.5415,6.5415,6.5415,6.5415,6.5415,6.5415,6.5415,6.5415,6.5415,6.5415,6.5415,6.5415,6.5415,6.5415,6.5415,6.5415,6.5415,6.5415,6.5415,6.5415,6.5415,6.5415,6.5415,6.5415,6.5415,6.5415,6.5415,6.5415,6.5415,6.5415,6.5415,6.5415,6.5415,6.5415,6.5415,6.5415,6.5415,6.5415,6.5415,6.5415,6.5415,6.5415,6.5415,6.5415,6.5415,6.5415,6.5415,6.5415,6.5415,6.5415,6.5415,6.5415,6.5415,6.5415,6.5415,6.5415,6.5415,6.5415,6.5415,6.5415,6.5415,6.5415,6.5415,6.5415,6.5415,6.5415,6.5415,6.5415,6.5415,6.5415,6.5415,6.5415,6.5415,6.5415,6.5415,6.5415,6.5415,6.5415,6.5415,6.5415,6.5415,6.5415,6.5415,6.5415,6.5415,6.5415,6.5415,6.5415,6.5415,6.5415,6.5415,6.5415,6.5415,6.5415,6.5415,6.5415,6.5415,6.5415,6.5415,6.5415,6.5415,6.5415,6.5415,6.5415,6.5415,6.5415,6.5415,6.5415,6.5415,6.5415,6.5415,6.5415,6.5415,6.5415,6.5415,6.5415,6.5415,6.5415,6.5415,6.5415,6.5415,6.5415,6.5415,6.5415,6.5415,6.5415,6.5415,6.5415,6.5415,6.5415,6.5415,6.5415,6.5415,6.5415,6.5415,6.5415,6.5415,6.5415,6.5415,6.5415,6.5415,6.5415,6.5415,6.5415,6.5415,6.5415,6.5415,6.5415,6.5415,6.5415,6.5415,6.5415,6.5415,6.5415,6.5415,6.5415,6.5415,6.5415,6.5415,6.5415,6.5415,6.5415,6.5415,6.5415,6.5415,6.5415,6.5415,6.5415,6.5415,6.5415,6.5415,6.5415,6.5415,6.5415,6.5415,6.5415,6.5415,6.5415,6.5415,6.5415,6.5415,6.5415,6.5415,6.5415,6.5415,6.5415,6.5415,6.5415,6.5415,6.5415,6.5415,6.5415,6.5415,6.5415,6.5415,6.5415,6.5415,6.5415,6.5415,6.5415,6.5415,6.5415,6.5415,6.5415,6.5415,6.5415,6.5415,6.5415,6.5415,6.5415,6.5415,6.5415,6.5415,6.5415,6.5415,6.5415,6.5415,6.5415,6.5415,6.5415,6.5415,6.5415,6.5415,6.5415,6.5415,6.5415,6.5415,6.5415,6.5415,6.5415,6.5415,6.5415,6.5415,6.5415,6.5415,6.5415,6.5415,6.5415,6.5415,6.5415,6.5415,6.5415,6.5415,6.5415,6.5415,6.5415,6.5415,6.5415,6.5415,6.5415,6.5415,6.5415,6.5415,6.5415,6.5415,6.5415,6.5415,6.5415,6.5415,6.5415,6.5415,6.5415,6.5415,6.5415,6.5415,6.5415,6.5415,6.5415,6.5415,6.5415,6.5415,6.5415,6.5415,6.5415,6.5415,6.5415,6.5415,6.5415,6.5415,6.5415,6.5415,6.5415,6.5415,6.5415,6.5415,6.5415,6.5415,6.5415,6.5415,6.5415,6.5415,6.5415,6.5415,6.5415,6.5415,6.5415,6.5415,6.5415,6.5415,6.5415,6.5415,6.5415,6.5415,6.5415,6.5415,6.5415,6.5415,6.5415,6.5415,6.5415,6.5415,6.5415,6.5415,6.5415,6.5415,6.5415,6.5415,6.5415,6.5415,6.5415,6.5415
6.5367,6.5367,6.5367,6.5367,6.5367,6.5367,6.5367,6.5367,6.5367,6.5367,6.5367,6.5367,6.5367,6.5367,6.5367,6.5367,6.5367,6.5367,6.5367,6.5367,6.5367,6.5367,6.5367,6.5367,6.5367,6.5367,6.5367,6.5367,6.5367,6.5367,6.5367,6.5367,6.5367,6.5367,6.5367,6.5367,6.5367,6.5367,6.5367,6.5367,6.5367,6.5367,6.5367,6.5367,6.5367,6.5367,6.5367,6.5367,6.5367,6.5367,6.5367,6.5367,6.5367,6.5367,6.5367,6.5367,6.5367,6.5367,6.5367,6.5367,6.5367,6.5367,6.5367,6.5367,6.5367,6.5367,6.5367,6.5367,6.5367,6.5367,6.5367,6.5367,6.5367,6.5367,6.5367,6.5367,6.5367,6.5367,6.5367,6.5367,6.5367,6.5367,6.5367,6.5367,6.5367,6.5367,6.5367,6.5367,6.5367,6.5367,6.5367,6.5367,6.5367,6.5367,6.5367,6.5367,6.5367,6.5367,6.5367,6.5367,6.5367,6.5367,6.5367,6.5367,6.5367,6.5367,6.5367,6.5367,6.5367,6.5367,6.5367,6.5367,6.5367,6.5367,6.5367,6.5367,6.5367,6.5367,6.5367,6.5367,6.5367,6.5367,6.5367,6.5367,6.5367,6.5367,6.5367,6.5367,6.5367,6.5367,6.5367,6.5367,6.5367,6.5367,6.5367,6.5367,6.5367,6.5367,6.5367,6.5367,6.5367,6.5367,6.5367,6.5367,6.5367,6.5367,6.5367,6.5367,6.5367,6.5367,6.5367,6.5367,6.5367,6.5367,6.5367,6.5367,6.5367,6.5367,6.5367,6.5367,6.5367,6.5367,6.5367,6.5367,6.5367,6.5367,6.5367,6.5367,6.5367,6.5367,6.5367,6.5367,6.5367,6.5367,6.5367,6.5367,6.5367,6.5367,6.5367,6.5367,6.5367,6.5367,6.5367,6.5367,6.5367,6.5367,6.5367,6.5367,6.5367,6.5367,6.5367,6.5367,6.5367,6.5367,6.5367,6.5367,6.5367,6.5367,6.5367,6.5367,6.5367,6.5367,6.5367,6.5367,6.5367,6.5367,6.5367,6.5367,6.5367,6.5367,6.5367,6.5367,6.5367,6.5367,6.5367,6.5367,6.5367,6.5367,6.5367,6.5367,6.5367,6.5367,6.5367,6.5367,6.5367,6.5367,6.5367,6.5367,6.5367,6.5367,6.5367,6.5367,6.5367,6.5367,6.5367,6.5367,6.5367,6.5367,6.5367,6.5367,6.5367,6.5367,6.5367,6.5367,6.5367,6.5367,6.5367,6.5367,6.5367,6.5367,6.5367,6.5367,6.5367,6.5367,6.5367,6.5367,6.5367,6.5367,6.5367,6.5367,6.5367,6.5367,6.5367,6.5367,6.5367,6.5367,6.5367,6.5367,6.5367,6.5367,6.5367,6.5367,6.5367,6.5367,6.5367,6.5367,6.5367,6.5367,6.5367,6.5367,6.5367,6.5367,6.5367,6.5367,6.5367,6.5367,6.5367,6.5367,6.5367,6.5367,6.5367,6.5367,6.5367,6.5367,6.5367,6.5367,6.5367,6.5367,6.5367,6.5367,6.5367,6.5367,6.5367,6.5367,6.5367,6.5367,6.5367,6.5367,6.5367,6.5367,6.5367,6.5367,6.5367,6.5367,6.5367,6.5367,6.5367,6.5367,6.5367,6.5367,6.5367,6.5367,6.5367,6.5367,6.5367,6.5367,6.5367,6.5367,6.5367,6.5367,6.5367,6.5367,6.5367,6.5367,6.5367,6.5367,6.5367,6.5367,6.5367,6.5367,6.5367,6.5367,6.5367,6.5367,6.5367,6.5367,6.5367,6.5367,6.5367,6.5367,6.5367,6.5367,6.5367,6.5367,6.5367,6.5367,6.5367,6.5367,6.5367,6.5367,6.5367,6.5367,6.5367,6.5367,6.5367,6.5367,6.5367,6.5367,6.5367,6.5367,6.5367,6.5367,6.5367,6.5367,6.5367,6.5367,6.5367,6.5367,6.5367,6.5367,6.5367,6.5367,6.5367,6.5367,6.5367,6.5367,6.5367,6.5367,6.5367,6.5367,6.5367,6.5367,6.5367,6.5367,6.5367,6.5367,6.5367,6.5367,6.5367,6.5367,6.5367,6.5367,6.5367,6.5367,6.5367,6.5367,6.5367,6.5367,6.5367,6.5367,6.5367,6.5367,6.5367,6.5367,6.5367,6.5367,6.5367,6.5367,6.5367,6.5367,6.5367,6.5367,6.5367,6.5367,6.5367,6.5367,6.5367,6.5367,6.5367,6.5367,6.5367,6.5367,6.5367,6.5367,6.5367,6.5367,6.5367,6.5367,6.5367,6.5367,6.5367,6.5367,6.5367,6.5367,6.5367,6.5367,6.5367,6.5367,6.5367,6.5367,6.5367,6.5367,6.5367,6.5367,6.5367,6.5367,6.5367,6.5367,6.5367,6.5367,6.5367,6.5367,6.5367,6.5367,6.5367,6.5367,6.5367,6.5367,6.5367,6.5367,6.5367,6.5367,6.5367,6.5367,6.5367,6.5367,6.5367,6.5367,6.5367,6.5367,6.5367,6.5367,6.5367,6.5367,6.5367,6.5367,6.5367,6.5367,6.5367,6.5367,6.5367,6.5367,6.5367,6.5367,6.5367,6.5367,6.5367,6.5367,6.5367,6.5367,6.5367,6.5367,6.5367,6.5367,6.5367,6.5367,6.5362,6.5362,6.5362,6.5362,6.5362,6.5362,6.5362,6.5362,6.5362,6.5362,6.5362,6.5362,6.5362,6.5362,6.5362,6.5362,6.5362,6.5362,6.5362,6.5362,6.5362,6.5362,6.5362,6.5362,6.5362,6.5362,6.5362,6.5362,6.5362,6.5362,6.5362,6.5362,6.5362,6.5362,6.5362,6.5362,6.5362,6.5362,6.5362,6.5362,6.5362,6.5362,6.5362,6.5362,6.5362,6.5362,6.5362,6.5362,6.5362,6.5362,6.5362,6.5362,6.5362,6.5362,6.5362,6.5362,6.5362,6.5362,6.5362,6.5362,6.5362,6.5362,6.5362,6.5362,6.5362,6.5362,6.5362,6.5362,6.5362,6.5362,6.5362,6.5362,6.5362,6.5362,6.5362,6.5362,6.5362,6.5362,6.5362,6.5362,6.5362,6.5362,6.5362,6.5362,6.5362,6.5362,6.5362,6.5362,6.5362,6.5362,6.5362,6.5362,6.5362,6.5362,6.5362,6.5362,6.5362,6.5362,6.5362,6.5362,6.5362,6.5362,6.5362,6.5362,6.5362,6.5362,6.5362,6.5362,6.5362,6.5362,6.5362,6.5362,6.5362,6.5362,6.5362,6.5362,6.5362,6.5362,6.5362,6.5362,6.5362,6.5362,6.5362,6.5362,6.5362,6.5362,6.5362,6.5362,6.5362,6.5362,6.5362,6.5362,6.5362,6.5362,6.5362,6.5362,6.5362,6.5362,6.5362,6.5362,6.5362,6.5362,6.5362,6.5362,6.5362,6.5362,6.5362,6.5362,6.5362,6.5362,6.5362,6.5362,6.5362,6.5362,6.5362,6.5362,6.5362,6.5362,6.5362,6.5362,6.5362,6.5362,6.5362,6.5362,6.5362,6.5362,6.5362,6.5362,6.5362,6.5362,6.5362,6.5362,6.5362,6.5362,6.5362,6.5362,6.5362,6.5362,6.5362,6.5362,6.5362,6.5362,6.5362,6.5362,6.5362,6.5362,6.5362,6.5362,6.5362,6.5362,6.5362,6.5362,6.5362,6.5362,6.5362,6.5362,6.5362,6.5362,6.5362,6.5362,6.5362,6.5362,6.5362,6.5362,6.5362,6.5362,6.5362,6.5362,6.5362,6.5362,6.5362,6.5362,6.5362,6.5362,6.5362,6.5362,6.5362,6.5362,6.5362,6.5362,6.5362,6.5362,6.5362,6.5362,6.5362,6.5362,6.5362,6.5362,6.5362,6.5362,6.5362,6.5362,6.5362,6.5362,6.5362,6.5362,6.5362,6.5362,6.5362,6.5362,6.5362,6.5362,6.5362,6.5362,6.5362,6.5362,6.5362,6.5362,6.5362,6.5362,6.5362,6.5362,6.5362,6.5362,6.5362,6.5362,6.5362,6.5362,6.5362,6.5362,6.5362,6.5362,6.5362,6.5362,6.5362,6.5362,6.5362,6.5362,6.5362,6.5362,6.5362,6.5362,6.5362,6.5362,6.5362,6.5362,6.5362,6.5362,6.5362,6.5362,6.5362,6.5362,6.5362,6.5362,6.5362,6.5362,6.5362,6.5362,6.5362,6.5362,6.5362,6.5362,6.5362,6.5362,6.5362,6.5362,6.5362,6.5362,6.5362,6.5362,6.5362,6.5362,6.5362,6.5362,6.5362,6.5362,6.5362,6.5362,6.5362,6.5362,6.5362,6.5362,6.5362,6.5362,6.5362,6.5362,6.5362,6.5362,6.5362,6.5362,6.5362,6.5362,6.5362,6.5362,6.5362,6.5362,6.5362,6.5362,6.5362,6.5362,6.5362,6.5362,6.5362,6.5362,6.5362,6.5362,6.5362,6.5362,6.5362,6.5362,6.5362,6.5362,6.5362,6.5362,6.5362,6.5362,6.5362,6.5362,6.5362,6.5362,6.5362,6.5362,6.5362,6.5362,6.5362,6.5362,6.5362,6.5362,6.5362,6.5362,6.5362,6.5362,6.5362,6.5362,6.5362,6.5362,6.5362,6.5362,6.5362,6.5362,6.5362,6.5362,6.5362,6.5362,6.5362,6.5362,6.5362,6.5362,6.5362,6.5362,6.5362,6.5362,6.5362,6.5362,6.5362,6.5362,6.5362,6.5362,6.5362,6.5362,6.5362,6.5362,6.5362,6.5362,6.5362,6.5362,6.5362,6.5362,6.5362,6.5362,6.5362,6.5362,6.5362,6.5362,6.5362,6.5362,6.5362,6.5362,6.5362,6.5362,6.5362,6.5362,6.5362,6.5362,6.5362,6.5362,6.5362,6.5362,6.5362,6.5362,6.5362,6.5362,6.5362,6.5362,6.5362,6.5362,6.5362,6.5362,6.5362,6.5362,6.5362,6.5362,6.5362,6.5362,6.5362,6.5362,6.5362,6.5362,6.5362,6.5362,6.5362,6.5362,6.5362,6.5362,6.5362,6.5362,6.5362,6.5362,6.5362,6.5362,6.5362,6.5362,6.5362,6.5362
6.5316,6.5316,6.5316,6.5316,6.5316,6.5316,6.5316,6.5316,6.5316,6.5316,6.5316,6.5316,6.5316,6.5316,6.5316,6.5316,6.5316,6.5316,6.5316,6.5316,6.5316,6.5316,6.5316,6.5316,6.5316,6.5316,6.5316,6.5316,6.5316,6.5316,6.5316,6.5316,6.5316,6.5316,6.5316,6.5316,6.5316,6.5316,6.5316,6.5316,6.5316,6.5316,6.5316,6.5316,6.5316,6.5316,6.5316,6.5316,6.5316,6.5316,6.5316,6.5316,6.5316,6.5316,6.5316,6.5316,6.5316,6.5316,6.5316,6.5316,6.5316,6.5316,6.5316,6.5316,6.5316,6.5316,6.5316,6.5316,6.5316,6.5316,6.5316,6.5316,6.5316,6.5316,6.5316,6.5316,6.5316,6.5316,6.5316,6.5316,6.5316,6.5316,6.5316,6.5316,6.5316,6.5316,6.5316,6.5316,6.5316,6.5316,6.5316,6.5316,6.5316,6.5316,6.5316,6.5316,6.5316,6.5316,6.5316,6.5316,6.5316,6.5316,6.5316,6.5316,6.5316,6.5316,6.5316,6.5316,6.5316,6.5316,6.5316,6.5316,6.5316,6.5316,6.5316,6.5316,6.5316,6.5316,6.5316,6.5316,6.5316,6.5316,6.5316,6.5316,6.5316,6.5316,6.5316,6.5316,6.5316,6.5316,6.5316,6.5316,6.5316,6.5316,6.5316,6.5316,6.5316,6.5316,6.5316,6.5316,6.5316,6.5316,6.5316,6.5316,6.5316,6.5316,6.5316,6.5316,6.5316,6.5316,6.5316,6.5316,6.5316,6.5316,6.5316,6.5316,6.5316,6.5316,6.5316,6.5316,6.5316,6.5316,6.5316,6.5316,6.5316,6.5316,6.5316,6.5316,6.5316,6.5316,6.5316,6.5316,6.5316,6.5316,6.5316,6.5316,6.5316,6.5316,6.5316,6.5316,6.5316,6.5316,6.5316,6.5316,6.5316,6.5316,6.5316,6.5316,6.5316,6.5316,6.5316,6.5316,6.5316,6.5316,6.5316,6.5316,6.5316,6.5316,6.5316,6.5316,6.5316,6.5316,6.5316,6.5316,6.5316,6.5316,6.5316,6.5316,6.5316,6.5316,6.5316,6.5316,6.5316,6.5316,6.5316,6.5316,6.5316,6.5316,6.5316,6.5316,6.5316,6.5316,6.5316,6.5316,6.5316,6.5316,6.5316,6.5316,6.5316,6.5316,6.5316,6.5316,6.5316,6.5316,6.5316,6.5316,6.5316,6.5316,6.5316,6.5316,6.5316,6.5316,6.5316,6.5316,6.5316,6.5316,6.5316,6.5316,6.5316,6.5316,6.5316,6.5316,6.5316,6.5316,6.5316,6.5316,6.5316,6.5316,6.5316,6.5316,6.5316,6.5316,6.5316,6.5316,6.5316,6.5316,6.5316,6.5316,6.5316,6.5316,6.5316,6.5316,6.5316,6.5316,6.5316,6.5316,6.5316,6.5316,6.5316,6.5316,6.5316,6.5316,6.5316,6.5316,6.5316,6.5316,6.5316,6.5316,6.5316,6.5316,6.5316,6.5316,6.5316,6.5316,6.5316,6.5318,6.5318,6.5318,6.5318,6.5318,6.5318,6.5318,6.5318,6.5318,6.5318,6.5318,6.5318,6.5318,6.5318,6.5318,6.5318,6.5318,6.5318,6.5318,6.5318,6.5318,6.5318,6.5318,6.5318,6.5318,6.5318,6.5318,6.5318,6.5318,6.5318,6.5318,6.5318,6.5318,6.5318,6.5318,6.5318,6.5318,6.5318,6.5318,6.5318,6.5318,6.5318,6.5318,6.5318,6.5318,6.5318,6.5318,6.5318,6.5318,6.5318,6.5318,6.5318,6.5318,6.5318,6.5318,6.5318,6.5318,6.5318,6.5318,6.5318,6.5318,6.5318,6.5318,6.5318,6.5318,6.5318,6.5318,6.5318,6.5318,6.5318,6.5318,6.5318,6.5318,6.5318,6.5318,6.5318,6.5318,6.5318,6.5318,6.5318,6.5318,6.5318,6.5318,6.5318,6.5318,6.5318,6.5318,6.5318,6.5318,6.5318,6.5318,6.5318,6.5318,6.5318,6.5318,6.5318,6.5318,6.5318,6.5318,6.5318,6.5318,6.5318,6.5318,6.5318,6.5318,6.5318,6.5318,6.5318,6.5318,6.5318,6.5318,6.5318,6.5318,6.5318,6.5318,6.5318,6.5318,6.5318,6.5318,6.5318,6.5318,6.5318,6.5318,6.5318,6.5318,6.5318,6.5318,6.5318,6.5318,6.5318,6.5318,6.5318,6.5318,6.5318,6.5318,6.5318,6.5318,6.5318,6.5318,6.5318,6.5318,6.5318,6.5318,6.5318,6.5318,6.5318,6.5318,6.5318,6.5318,6.5318,6.5318,6.5318,6.5318,6.5318,6.5318,6.5318,6.5318,6.5318,6.5318,6.5318,6.5318,6.5318,6.5318,6.5318,6.5318,6.5318,6.5318,6.5318,6.5318,6.5318,6.5318,6.5318,6.5318,6.5318,6.5318,6.5318,6.5318,6.5318,6.5318,6.5318,6.5318,6.5318,6.5318,6.5318,6.5318,6.5318,6.5318,6.5318,6.5318,6.5318,6.5318,6.5318,6.5318,6.5318,6.5318,6.5318,6.5318,6.5318,6.5318,6.5318,6.5318,6.5318,6.5318,6.5318,6.5318,6.5318,6.5318,6.5318,6.5318,6.5318,6.5318,6.5318,6.5318,6.5318,6.5318,6.5318,6.5318,6.5318,6.5318,6.5318,6.5318,6.5318,6.5318,6.5318,6.5318,6.5318,6.5318,6.5318,6.5318,6.5318,6.5318,6.5318,6.5318,6.5318,6.5318,6.5318,6.5318,6.5318,6.5318,6.5318,6.5318,6.5318,6.5318,6.5318,6.5318,6.5318,6.5318,6.5318,6.5318,6.5318,6.5318,6.5318,6.5318,6.5318,6.5318,6.5318,6.5318,6.5318,6.5318,6.5318,6.5318,6.5318,6.5318,6.5318,6.5318,6.5318,6.5318,6.5318,6.5318,6.5318,6.5318,6.5318,6.5318,6.5318,6.5318,6.5318,6.5318,6.5318,6.5318,6.5318,6.5318,6.5318,6.5318,6.5318,6.5318,6.5318,6.5318,6.5318,6.5318,6.5318,6.5318,6.5318,6.5318,6.5318,6.5318,6.5318,6.5318,6.5318,6.5318,6.5318,6.5318,6.5318,6.5318,6.5318,6.5318,6.5318,6.5318,6.5318,6.5318,6.5318,6.5318,6.5318,6.5318,6.5318,6.5318,6.5318,6.5318,6.5318,6.5318,6.5318,6.5318,6.5318,6.5318,6.5318,6.5318,6.5318,6.5318,6.5318,6.5318,6.5318,6.5318,6.5318,6.5318,6.5318,6.5318,6.5318,6.5318,6.5318,6.5318,6.5318,6.5318,6.5318,6.5318,6.5318,6.5318,6.5318,6.5318,6.5318,6.5318,6.5318,6.5318,6.5318,6.5318,6.5318,6.5318,6.5318,6.5318,6.5318,6.5318,6.5318,6.5318,6.5318,6.5318,6.5318,6.5318,6.5318,6.5318,6.5318,6.5318,6.5318,6.5318,6.5318,6.5318,6.5318,6.5318,6.5318,6.5318,6.5318,6.5318,6.5318,6.5318,6.5318,6.5318,6.5318,6.5318,6.5318,6.5318,6.5318,6.5318,6.5318,6.5318,6.5318,6.5318,6.5318,6.5318,6.5318,6.5318,6.5318,6.5318,6.5318,6.5318,6.5318,6.5318,6.5318,6.5318,6.5318,6.5318,6.5318,6.5318,6.5318,6.5318,6.5318,6.5318,6.5318,6.5318,6.5318,6.5318,6.5318,6.5318,6.5318,6.5318,6.5318,6.5318,6.5318,6.5318,6.5318,6.5318,6.5318,6.5318,6.5318,6.5318,6.5318,6.5318,6.5318,6.5318,6.5318,6.5318,6.5318,6.5318,6.5318,6.5318,6.5318,6.5318,6.5318,6.5318,6.5318,6.5318,6.5318,6.5318,6.5318,6.5318,6.5318,6.5318,6.5318,6.5318,6.5318,6.5318,6.5318,6.5318,6.5318,6.5318,6.5318,6.5318,6.5318,6.5318,6.5318,6.5318,6.5318,6.5318,6.5318,6.5318,6.5318,6.5318,6.5318,6.5318,6.5318,6.5318,6.5318,6.5318,6.5318,6.5318,6.5318,6.5318,6.5318,6.5318,6.5318,6.5318,6.5318,6.5318,6.5318,6.5318,6.5318,6.5318,6.5318,6.5318,6.5318,6.5318,6.5318,6.5318,6.5318,6.5318,6.5318,6.5318,6.5318,6.5318,6.5318,6.5318,6.5318,6.5318,6.5318,6.5318,6.5318,6.5318,6.5318,6.5318,6.5318,6.5318,6.5318,6.5318,6.5318,6.5318,6.5318,6.5318,6.5318,6.5318,6.5318,6.5318,6.5318,6.5318,6.5318,6.5318,6.5318,6.5318,6.5318,6.5318,6.5318,6.5318,6.5318,6.5318,6.5318,6.5318,6.5318,6.5318,6.5318,6.5318,6.5318,6.5318,6.5318,6.5318,6.5318,6.5318,6.5318,6.5318,6.5318,6.5318,6.5318,6.5318,6.5318,6.5318,6.5318,6.5318,6.5318,6.5318,6.5318,6.5318,6.5318,6.5318,6.5318,6.5318,6.5318,6.5318,6.5318,6.5318,6.5318,6.5318,6.5318,6.5318,6.5318,6.5318,6.5318,6.5318,6.5318,6.5318,6.5318,6.5318,6.5318,6.5318,6.5318,6.5318,6.5318,6.5318,6.5318,6.5318,6.5318,6.5318,6.5318,6.5318,6.5318,6.5318,6.5318,6.5318,6.5318,6.5318,6.5318,6.5318,6.5318,6.5318,6.5318,6.5318,6.5318,6.5318,6.5318,6.5318,6.5318,6.5318,6.5318,6.5318,6.5318,6.5318,6.5318,6.5318,6.5318,6.5318,6.5318,6.5318,6.5318,6.5318,6.5318,6.5318,6.5318,6.5318,6.5318,6.5318,6.5318,6.5318,6.5318,6.5318,6.5318,6.5318,6.5318,6.5318,6.5318,6.5318,6.5318,6.5318,6.5318,6.5318,6.5318,6.5318,6.5318,6.5318,6.5318,6.5318,6.5318,6.5318,6.5318,6.5318,6.5318,6.5318,6.5318,6.5318,6.5318,6.5318,6.5318,6.5318
6.5273,6.5273,6.5273,6.5273,6.5273,6.5273,6.5273,6.5273,6.5273,6.5273,6.5273,6.5273,6.5273,6.5273,6.5273,6.5273,6.5273,6.5273,6.5273,6.5273,6.5273,6.5273,6.5273,6.5273,6.5273,6.5273,6.5273,6.5273,6.5273,6.5273,6.5273,6.5273,6.5273,6.5273,6.5273,6.5273,6.5273,6.5273,6.5273,6.5273,6.5273,6.5273,6.5273,6.5273,6.5273,6.5273,6.5273,6.5273,6.5273,6.5273,6.5273,6.5273,6.5273,6.5273,6.5273,6.5273,6.5273,6.5273,6.5273,6.5273,6.5273,6.5273,6.5273,6.5273,6.5273,6.5273,6.5273,6.5273,6.5273,6.5273,6.5273,6.5273,6.5273,6.5273,6.5273,6.5273,6.5273,6.5273,6.5273,6.5273,6.5273,6.5273,6.5273,6.5273,6.5273,6.5273,6.5273,6.5273,6.5273,6.5273,6.5273,6.5273,6.5273,6.5273,6.5273,6.5273,6.5273,6.5273,6.5273,6.5273,6.5273,6.5273,6.5273,6.5273,6.5273,6.5273,6.5273,6.5273,6.5273,6.5273,6.5273,6.5273,6.5273,6.5273,6.5273,6.5273,6.5273,6.5273,6.5273,6.5273,6.5273,6.5273,6.5273,6.5273,6.5273,6.5273,6.5273,6.5273,6.5273,6.5273,6.5273,6.5273,6.5273,6.5273,6.5273,6.5273,6.5273,6.5273,6.5273,6.5273,6.5273,6.5273,6.5273,6.5273,6.5273,6.5273,6.5273,6.5273,6.5273,6.5273,6.5273,6.5273,6.5273,6.5273,6.5273,6.5273,6.5273,6.5273,6.5273,6.5273,6.5273,6.5273,6.5273,6.5273,6.5273,6.5273,6.5273,6.5273,6.5273,6.5273,6.5273,6.5273,6.5273,6.5273,6.5273,6.5273,6.5273,6.5273,6.5273,6.5273,6.5273,6.5273,6.5273,6.5273,6.5273,6.5273,6.5273,6.5273,6.5273,6.5273,6.5273,6.5273,6.5273,6.5273,6.5273,6.5273,6.5273,6.5273,6.5273,6.5273,6.5273,6.5273,6.5273,6.5273,6.5273,6.5273,6.5273,6.5273,6.5273,6.5273,6.5273,6.5273,6.5273,6.5273,6.5273,6.5273,6.5273,6.5273,6.5273,6.5273,6.5273,6.5273,6.5273,6.5273,6.5273,6.5273,6.5273,6.5273,6.5273,6.5273,6.5273,6.5273,6.5273,6.5273,6.5273,6.5273,6.5273,6.5273,6.5273,6.5273,6.5273,6.5273,6.5273,6.5273,6.5273,6.5273,6.5273,6.5273,6.5273,6.5273,6.5273,6.5273,6.5273,6.5273,6.5273,6.5273,6.5273,6.5273,6.5273,6.5273,6.5273,6.5273,6.5273,6.5273,6.5273,6.5273,6.5273,6.5273,6.5273,6.5273,6.5273,6.5273,6.5273,6.5273,6.5273,6.5273,6.5273,6.5273,6.5273,6.5273,6.5273,6.5273,6.5273,6.5273,6.5273,6.5273,6.5273,6.5273,6.5273,6.5273,6.5273,6.5273,6.5273,6.5273,6.5273,6.5273,6.5273,6.5273,6.5273,6.5273,6.5273,6.5273,6.5273,6.5273,6.5273,6.5273,6.5273,6.5273,6.5273,6.5273,6.5273,6.5273,6.5273,6.5273,6.5273,6.5273,6.5273,6.5273,6.5273,6.5273,6.5273,6.5273,6.5273,6.5273,6.5273,6.5273,6.5273,6.5273,6.5273,6.5273,6.5273,6.5273,6.5273,6.5273,6.5273,6.5273,6.5273,6.5273,6.5273,6.5273,6.5273,6.5273,6.5273,6.5273,6.5273,6.5273,6.5273,6.5273,6.5273,6.5273,6.5273,6.5273,6.5273,6.5273,6.5273,6.5273,6.5273,6.5273,6.5273,6.5273,6.5273,6.5273,6.5273,6.5273,6.5273,6.5273,6.5273,6.5273,6.5273,6.5273,6.5273,6.5273,6.5273,6.5273,6.5273,6.5273,6.5273,6.5273,6.5273,6.5273,6.5273,6.5273,6.5273,6.5273,6.5273,6.5273,6.5273,6.5273,6.5273,6.5273,6.5273,6.5273,6.5273,6.5273,6.5273,6.5273,6.5273,6.5273,6.5273,6.5273,6.5273,6.5273,6.5273,6.5273,6.5273,6.5273,6.5273,6.5273,6.5273,6.5273,6.5273,6.5273,6.5273,6.5273,6.5273,6.5273,6.5273,6.5273,6.5273,6.5273,6.5273,6.5273,6.5273,6.5273,6.5273,6.5273,6.5273,6.5273,6.5273,6.5273,6.5273,6.5273,6.5273,6.5273,6.5273,6.5273,6.5273,6.5273,6.5273,6.5273,6.5273,6.5273,6.5273,6.5273,6.5273,6.5273,6.5273,6.5273,6.5273,6.5273,6.5273,6.5273,6.5273,6.5273,6.5273,6.5273,6.5273,6.5273,6.5273,6.5273,6.5273,6.5273,6.5273,6.5273,6.5273,6.5273,6.5273,6.5273,6.5273,6.5273,6.5273,6.5273,6.5273,6.5273,6.5273,6.5273,6.5273,6.5273,6.5273,6.5273,6.5273,6.5273,6.5273,6.5273,6.5273,6.5273,6.5273,6.5273,6.5273,6.5273,6.5273,6.5273,6.5273,6.5273,6.5273,6.5273,6.5273,6.5273,6.5273,6.5273,6.5273,6.5273,6.5273,6.5273,6.5273,6.5273,6.5273,6.5273,6.5273,6.5273,6.5273,6.5273,6.5273,6.5273,6.5273,6.5273,6.5273,6.5273,6.5273,6.5273,6.5273,6.5273,6.5273,6.5273,6.5273,6.5273,6.5273,6.5273,6.5273,6.5273,6.5273,6.5273,6.5273,6.5273,6.5273,6.5273,6.5273,6.5273,6.5273,6.5273,6.5273,6.5273,6.5273,6.5273,6.5273,6.5273,6.5273,6.5273,6.5273,6.5273,6.5273,6.5273,6.5273,6.5273,6.5273,6.5273,6.5273,6.5273,6.5273,6.5273,6.5273,6.5273,6.5273,6.5273,6.5273,6.5273,6.5273,6.5273,6.5273,6.5273,6.5273,6.5273,6.5273,6.5273,6.5273,6.5273,6.5273,6.5273,6.5273,6.5273,6.5273,6.5273,6.5273,6.5273,6.5273,6.5273,6.5273,6.5273,6.5273,6.5273,6.5273,6.5273,6.5273,6.5273,6.5273,6.5273,6.5273,6.5273,6.5273,6.5273,6.5273,6.5273,6.5273,6.5273,6.5273,6.5273,6.5273,6.5273,6.5273,6.5273,6.5273,6.5273,6.5273,6.5273,6.5273,6.5273,6.5273,6.5273,6.5273,6.5273,6.5273,6.5273,6.5273,6.5273,6.5273,6.5273,6.5273,6.5273,6.5273,6.5273,6.5273,6.5273,6.5273,6.5273,6.5273,6.5273,6.5273,6.5273,6.5273,6.5273,6.5273,6.5273,6.5273,6.5273,6.5273,6.5273,6.5273,6.5273,6.5273,6.5273,6.5273,6.5273,6.5273,6.5273,6.5273,6.5273,6.5273,6.5273,6.5273,6.5273,6.5273,6.5273,6.5273,6.5273,6.5273,6.5273,6.5273,6.5273,6.5273,6.5273,6.5273,6.5273,6.5273,6.5273,6.5273,6.5273,6.5273,6.5273,6.5273,6.5273,6.5273,6.5273,6.5273,6.5273,6.5273,6.5273,6.5273,6.5273,6.5273,6.5273,6.5273,6.5273,6.5273,6.5273,6.5273,6.5273,6.5273,6.5273,6.5273,6.5273,6.5273,6.5273,6.5273,6.5273,6.5273,6.5273,6.5273,6.5273,6.5273,6.5273,6.5273,6.5273,6.5273,6.5273,6.5273,6.5273,6.5273,6.5273,6.5273,6.5273,6.5273,6.5273,6.5273,6.5273,6.5273,6.5273,6.5273,6.5273,6.5273,6.5273,6.5273,6.5273,6.5273,6.5273,6.5273,6.5273,6.5273,6.5273,6.5273,6.5273,6.5273,6.5273,6.5273,6.5273,6.5273,6.5273,6.5273,6.5273,6.5273,6.5273,6.5273,6.5273,6.5273,6.5273,6.5273,6.5273,6.5273,6.5273,6.5273,6.5273,6.5273,6.5273,6.5273,6.5273,6.5273,6.5273,6.5273,6.5273,6.5273,6.5273,6.5273,6.5273,6.5273,6.5273,6.5273,6.5273,6.5273,6.5273,6.5273,6.5273,6.5273,6.5273,6.5273,6.5273,6.5273,6.5273,6.5273,6.5273,6.5273,6.5273,6.5273,6.5273,6.5273,6.5273,6.5273,6.5273,6.5273,6.5273,6.5273,6.5273,6.5273,6.5273,6.5273,6.5273,6.5273,6.5273,6.5273,6.5273,6.5273,6.5273,6.5273,6.5273,6.5273,6.5273,6.5273,6.5273,6.5273,6.5273,6.5273,6.5273,6.5273,6.5273,6.5273,6.5273,6.5273,6.5273,6.5273,6.5273,6.5273,6.5273,6.5273,6.5273,6.5273,6.5273,6.5273,6.5273,6.5273,6.5273,6.5273,6.5273,6.5273,6.5273,6.5273,6.5273,6.5273,6.5273,6.5273,6.5273,6.5273,6.5273,6.5273,6.5273,6.5273,6.5273,6.5273,6.5273,6.5273,6.5273,6.5273,6.5273,6.5273,6.5273,6.5273,6.5273,6.5273,6.5273,6.5273,6.5273,6.5273,6.5273,6.5273,6.5273,6.5273,6.5273,6.5273,6.5273,6.5273,6.5273,6.5273,6.5273,6.5273,6.5273,6.5273,6.5273,6.5273,6.5273,6.5273,6.5273,6.5273,6.5273,6.5273,6.5273,6.5273,6.5273,6.5273,6.5273,6.5273,6.5273,6.5273,6.5273,6.5273,6.5273,6.5273,6.5273,6.5273,6.5273,6.5273,6.5273,6.5273,6.5273,6.5273,6.5273,6.5273,6.5273,6.5273,6.5273,6.5273,6.5273,6.5273,6.5273,6.5273,6.5273,6.5273,6.5273,6.5273,6.5273,6.5273,6.5273,6.5273,6.5273,6.5273,6.5273,6.5273,6.5273,6.5273,6.5273,6.5273,6.5273,6.5273,6.5273,6.5273,6.5273,6.5273,6.5273,6.5273,6.5273,6.5273,6.5273,6.5273,6.5273,6.5273,6.5273,6.5273,6.5273,6.5273,6.5273,6.5273,6.5273,6.5273,6.5273
6.5219,6.5219,6.5219,6.5219,6.5219,6.5219,6.5219,6.5219,6.5219,6.5219,6.5219,6.5219,6.5219,6.5219,6.5219,6.5219,6.5219,6.5219,6.5219,6.5219,6.5219,6.5219,6.5219,6.5219,6.5219,6.5219,6.5219,6.5219,6.5219,6.5219,6.5219,6.5219,6.5219,6.5219,6.5219,6.5219,6.5219,6.5219,6.5219,6.5219,6.5219,6.5219,6.5219,6.5219,6.5219,6.5219,6.5219,6.5219,6.5219,6.5219,6.5219,6.5219,6.5219,6.5219,6.5219,6.5219,6.5219,6.5219,6.5219,6.5219,6.5219,6.5219,6.5219,6.5219,6.5219,6.5219,6.5219,6.5219,6.5219,6.5219,6.5219,6.5219,6.5219,6.5219,6.5219,6.5219,6.5219,6.5219,6.5219,6.5219,6.5219,6.5219,6.5219,6.5219,6.5219,6.5219,6.5219,6.5219,6.5219,6.5219,6.5219,6.5219,6.5219,6.5219,6.5219,6.5219,6.5219,6.5219,6.5219,6.5219,6.5219,6.5219,6.5219,6.5219,6.5219,6.5219,6.5219,6.5219,6.5219,6.5219,6.5219,6.5219,6.5219,6.5219,6.5219,6.5219,6.5219,6.5219,6.5219,6.5219,6.5219,6.5219,6.5219,6.5219,6.5219,6.5219,6.5219,6.5219,6.5219,6.5219,6.5219,6.5219,6.5219,6.5219,6.5219,6.5219,6.5219,6.5219,6.5219,6.5219,6.5219,6.5219,6.5219,6.5219,6.5219,6.5219,6.5219,6.5219,6.5219,6.5219,6.5219,6.5219,6.5219,6.5219,6.5219,6.5219,6.5219,6.5219,6.5219,6.5219,6.5219,6.5219,6.5219,6.5219,6.5219,6.5219,6.5219,6.5219,6.5219,6.5219,6.5219,6.5219,6.5219,6.5219,6.5219,6.5219,6.5219,6.5219,6.5219,6.5219,6.5219,6.5219,6.5219,6.5219,6.5219,6.5219,6.5219,6.5219,6.5219,6.5219,6.5219,6.5219,6.5219,6.5219,6.5219,6.5219,6.5219,6.5219,6.5219,6.5219,6.5219,6.5219,6.5219,6.5219,6.5219,6.5219,6.5219,6.5219,6.5219,6.5219,6.5219,6.5219,6.5219,6.5219,6.5219,6.5219,6.5219,6.5219,6.5219,6.5219,6.5219,6.5219,6.5219,6.5219,6.5219,6.5219,6.5219,6.5219,6.5219,6.5219,6.5219,6.5219,6.5219,6.5219,6.5219,6.5219,6.5219,6.5219,6.5219,6.5219,6.5219,6.5219,6.5219,6.5219,6.5219,6.5219,6.5219,6.5219,6.5219,6.5219,6.5219,6.5219,6.5219,6.5219,6.5219,6.5219,6.5219,6.5219,6.5219,6.5219,6.5219,6.5219,6.5219,6.5219,6.5219,6.5219,6.5219,6.5219,6.5219,6.5219,6.5219,6.5219,6.5219,6.5219,6.5219,6.5219,6.5219,6.5219,6.5219,6.5219,6.5219,6.5219,6.5219,6.5219,6.5219,6.5219,6.5219,6.5219,6.5219,6.5219,6.5219,6.5219,6.5219,6.5219,6.5219,6.5219,6.5219,6.5219,6.5219,6.5219,6.5219,6.5219,6.5219,6.5219,6.5219,6.5219,6.5219,6.5219,6.5219,6.5219,6.5219,6.5219,6.5219,6.5219,6.5219,6.5219,6.5219,6.5219,6.5219,6.5219,6.5219,6.5219,6.5219,6.5219,6.5219,6.5219,6.5219,6.5219,6.5219,6.5219,6.5219,6.5219,6.5219,6.5219,6.5219,6.5219,6.5219,6.5219,6.5219,6.5219,6.5219,6.5219,6.5219,6.5219,6.5219,6.5219,6.5219,6.5219,6.5219,6.5219,6.5219,6.5219,6.5219,6.5219,6.5219,6.5219,6.5219,6.5219,6.5219,6.5219,6.5219,6.5219,6.5219,6.5219,6.5219,6.5219,6.5219,6.5219,6.5219,6.5219,6.5219,6.5219,6.5219,6.5219,6.5219,6.5219,6.5219,6.5219,6.5219,6.5219,6.5219,6.5219,6.5219,6.5219,6.5219,6.5219,6.5219,6.5219,6.5219,6.5219,6.5219,6.5219,6.5219,6.5219,6.5219,6.5219,6.5219,6.5219,6.5219,6.5219,6.5219,6.5219,6.5219,6.5219,6.5219,6.5219,6.5219,6.5219,6.5219,6.5219,6.5219,6.5219,6.5219,6.5219,6.5219,6.5219,6.5219,6.5219,6.5219,6.5219,6.5219,6.5219,6.5219,6.5219,6.5219,6.5219,6.5219,6.5219,6.5219,6.5219,6.5219,6.5219,6.5219,6.5219,6.5219,6.5219,6.5219,6.5219,6.5219,6.5219,6.5219,6.5219,6.5219,6.5219,6.5219,6.5219,6.5219,6.5219,6.5219,6.5219,6.5219,6.5219,6.5219,6.5219,6.5219,6.5219,6.5219,6.5219,6.5219,6.5219,6.5219,6.5219,6.5219,6.5219,6.5219,6.5219,6.5219,6.5219,6.5219,6.5219,6.5219,6.5219,6.5219,6.5219,6.5219,6.5219,6.5219,6.5219,6.5219,6.5219,6.5219,6.5219,6.5219,6.5219,6.5219,6.5219,6.5219,6.5219,6.5219,6.5219,6.5219,6.5219,6.5219,6.5219,6.5219,6.5219,6.5219,6.5219,6.5219,6.5219,6.5219,6.5219,6.5219,6.5219,6.5219,6.5219,6.5219,6.5219,6.5219,6.5219,6.5219,6.5219,6.5219,6.5219,6.5219,6.5219,6.5219,6.5219,6.5219,6.5219,6.5219,6.5219,6.5219,6.5219,6.5219,6.5219,6.5219,6.5219,6.5219,6.5219,6.5219,6.5219,6.5219,6.5219,6.5219,6.5219,6.5219,6.5219,6.5219,6.5219,6.5219,6.5219,6.5219,6.5219,6.5219,6.5219,6.5219,6.5219,6.5219,6.5219,6.5219,6.5219,6.5219,6.5219,6.5219,6.5219,6.5219,6.5219,6.5219,6.5219,6.5219,6.5219,6.5219,6.5219,6.5219,6.5219,6.5219,6.5219,6.5219,6.5219,6.5219,6.5219,6.5219,6.5219,6.5219,6.5219,6.5219,6.5219,6.5219,6.5219,6.5219,6.5219,6.5219,6.5219,6.5219,6.5219,6.5219,6.5219,6.5219,6.5219,6.5219,6.5219,6.5219,6.5219,6.5219,6.5219,6.5219,6.5219,6.5219,6.5219,6.5219,6.5219,6.5219,6.5219,6.5219,6.5219,6.5219,6.5219,6.5219,6.5219,6.5219,6.5219,6.5219,6.5219,6.5219,6.5219,6.5219,6.5219,6.5219,6.5219,6.5219,6.5219,6.5219,6.5219,6.5219,6.5219,6.5219,6.5219,6.5219,6.5219,6.5219,6.5219,6.5219,6.5219,6.5219,6.5219,6.5219,6.5219,6.5219,6.5219,6.5219,6.5219,6.5219,6.5219,6.5219,6.5219,6.5219,6.5219,6.5219,6.5219,6.5219,6.5219,6.5219,6.5219,6.5219,6.5219,6.5219,6.5219,6.5219,6.5219,6.5219,6.5219,6.5219,6.5219,6.5219,6.5219,6.5219,6.5219,6.5219,6.5219,6.5219,6.5219,6.5219,6.5219,6.5219,6.5219,6.5219,6.5219,6.5219,6.5219,6.5219,6.5219,6.5219,6.5219,6.5219,6.5219,6.5219,6.5219,6.5219,6.5219,6.5219,6.5219,6.5219,6.5219,6.5219,6.5219,6.5219,6.5219,6.5219,6.5219,6.5219,6.5219,6.5219,6.5219,6.5219,6.5219,6.5219,6.5219,6.5219,6.5219,6.5219,6.5219,6.5219,6.5219,6.5219,6.5219,6.5219,6.5219,6.5219,6.5219,6.5219,6.5219,6.5219,6.5219,6.5219,6.5219,6.5219,6.5219,6.5219,6.5219,6.5219,6.5219,6.5219,6.5219,6.5219,6.5219,6.5219,6.5219,6.5219,6.5219,6.5219,6.5219,6.5219,6.5219,6.5219,6.5219,6.5219,6.5219,6.5219,6.5219,6.5219,6.5219,6.5219,6.5219,6.5219,6.5219,6.5219,6.5219,6.5219,6.5219,6.5219,6.5219,6.5219,6.5219,6.5219,6.5219,6.5219,6.5219,6.5219,6.5219,6.5219,6.5219,6.5219,6.5219,6.5219,6.5219,6.5219,6.5219,6.5219,6.5219,6.5219,6.5219,6.5219,6.5219,6.5219,6.5219,6.5219,6.5219,6.5219,6.5219,6.5219,6.5219,6.5219,6.5219,6.5219,6.5219,6.5219,6.5219,6.5219,6.5219,6.5219,6.5219,6.5219,6.5219,6.5219,6.5219,6.5219,6.5219,6.5219,6.5219,6.5219,6.5219,6.5219,6.5219,6.5219,6.5219,6.5219,6.5219,6.5219,6.5219,6.5219,6.5219,6.5219,6.5219,6.5219,6.5219,6.5219,6.5219,6.5219,6.5219,6.5219,6.5219,6.5219,6.5219,6.5219,6.5219,6.5219,6.5219,6.5219,6.5219,6.5219,6.5219,6.5219,6.5219,6.5219,6.5219,6.5219,6.5219,6.5219,6.5219,6.5219,6.5219,6.5219,6.5219,6.5219,6.5219,6.5219,6.5219,6.5219,6.5219,6.5219,6.5219,6.5219,6.5219,6.5219,6.5219,6.5219,6.5219,6.5219,6.5219,6.5219,6.5219,6.5219,6.5219,6.5219,6.5219,6.5219,6.5219,6.5219,6.5219,6.5219,6.5219,6.5219,6.5219,6.5219,6.5219,6.5219,6.5219,6.5219,6.5219,6.5219,6.5219,6.5219,6.5219,6.5219,6.5219,6.5219,6.5219,6.5219,6.5219,6.5219,6.5219,6.5219,6.5219,6.5219,6.5219,6.5219,6.5219,6.5219,6.5219,6.5219,6.5219,6.5219,6.5219,6.5219,6.5219,6.5219,6.5219,6.5219,6.5219,6.5219,6.5219,6.5219,6.5219,6.5219,6.5219,6.5219,6.5219,6.5219,6.5219,6.5219,6.5219,6.5219,6.5219,6.5219,6.5219,6.5219,6.5219,6.5219,6.5219,6.5219,6.5219,6.5219,6.5219,6.5219,6.5219,6.5219,6.5219,6.5219,6.5219,6.5219,6.5219,6.5219,6.5219,6.5219,6.5219,6.5219,6.5219,6.5219,6.5219
6.5176,6.5176,6.5176,6.5176,6.5176,6.5176,6.5176,6.5176,6.5176,6.5176,6.5176,6.5176,6.5176,6.5176,6.5176,6.5176,6.5176,6.5176,6.5176,6.5176,6.5176,6.5176,6.5176,6.5176,6.5176,6.5176,6.5176,6.5176,6.5176,6.5176,6.5176,6.5176,6.5176,6.5176,6.5176,6.5176,6.5176,6.5176,6.5176,6.5176,6.5176,6.5176,6.5176,6.5176,6.5176,6.5176,6.5176,6.5176,6.5176,6.5176,6.5176,6.5176,6.5176,6.5176,6.5176,6.5176,6.5176,6.5176,6.5176,6.5176,6.5176,6.5176,6.5176,6.5176,6.5176,6.5176,6.5176,6.5176,6.5176,6.5176,6.5176,6.5176,6.5176,6.5176,6.5176,6.5176,6.5176,6.5176,6.5176,6.5176,6.5176,6.5176,6.5176,6.5176,6.5176,6.5176,6.5176,6.5176,6.5176,6.5176,6.5176,6.5176,6.5176,6.5176,6.5176,6.5176,6.5176,6.5176,6.5176,6.5176,6.5176,6.5176,6.5176,6.5176,6.5176,6.5176,6.5176,6.5176,6.5176,6.5176,6.5176,6.5176,6.5176,6.5176,6.5176,6.5176,6.5176,6.5176,6.5176,6.5176,6.5176,6.5176,6.5176,6.5176,6.5176,6.5176,6.5176,6.5176,6.5176,6.5176,6.5176,6.5176,6.5176,6.5176,6.5176,6.5176,6.5176,6.5176,6.5176,6.5176,6.5176,6.5176,6.5176,6.5176,6.5176,6.5176,6.5176,6.5176,6.5176,6.5176,6.5176,6.5176,6.5176,6.5176,6.5176,6.5176,6.5176,6.5176,6.5176,6.5176,6.5176,6.5176,6.5176,6.5176,6.5176,6.5176,6.5176,6.5176,6.5176,6.5176,6.5176,6.5176,6.5176,6.5176,6.5176,6.5176,6.5176,6.5176,6.5176,6.5176,6.5176,6.5176,6.5176,6.5176,6.5176,6.5176,6.5176,6.5176,6.5176,6.5176,6.5176,6.5176,6.5176,6.5176,6.5176,6.5176,6.5176,6.5176,6.5176,6.5176,6.5176,6.5176,6.5176,6.5176,6.5176,6.5176,6.5176,6.5176,6.5176,6.5176,6.5176,6.5176,6.5176,6.5176,6.5176,6.5176,6.5176,6.5176,6.5176,6.5176,6.5176,6.5176,6.5176,6.5176,6.5176,6.5176,6.5176,6.5176,6.5176,6.5176,6.5176,6.5176,6.5176,6.5176,6.5176,6.5176,6.5176,6.5176,6.5176,6.5176,6.5176,6.5176,6.5176,6.5176,6.5176,6.5176,6.5176,6.5176,6.5176,6.5176,6.5176,6.5176,6.5176,6.5176,6.5176,6.5176,6.5176,6.5176,6.5176,6.5176,6.5176,6.5176,6.5176,6.5176,6.5176,6.5176,6.5176,6.5176,6.5176,6.5176,6.5176,6.5176,6.5176,6.5176,6.5176,6.5176,6.5176,6.5176,6.5176,6.5176,6.5176,6.5176,6.5176,6.5176,6.5176,6.5176,6.5176,6.5176,6.5176,6.5176,6.5176,6.5176,6.5176,6.5176,6.5176,6.5176,6.5176,6.5176,6.5176,6.5176,6.5176,6.5176,6.5176,6.5176,6.5176,6.5176,6.5176,6.5176,6.5176,6.5176,6.5176,6.5176,6.5176,6.5176,6.5176,6.5176,6.5176,6.5176,6.5176,6.5176,6.5176,6.5176,6.5176,6.5176,6.5176,6.5176,6.5176,6.5176,6.5176,6.5176,6.5176,6.5176,6.5176,6.5176,6.5176,6.5176,6.5176,6.5176,6.5176,6.5176,6.5176,6.5176,6.5176,6.5176,6.5176,6.5176,6.5176,6.5176,6.5176,6.5176,6.5176,6.5176,6.5176,6.5176,6.5176,6.5176,6.5176,6.5176,6.5176,6.5176,6.5176,6.5176,6.5176,6.5176,6.5176,6.5176,6.5176,6.5176,6.5176,6.5176,6.5176,6.5176,6.5176,6.5176,6.5176,6.5176,6.5176,6.5176,6.5176,6.5176,6.5176,6.5176,6.5176,6.5176,6.5176,6.5176,6.5176,6.5176,6.5176,6.5176,6.5176,6.5176,6.5176,6.5176,6.5176,6.5176,6.5176,6.5176,6.5176,6.5176,6.5176,6.5176,6.5176,6.5176,6.5176,6.5176,6.5176,6.5176,6.5176,6.5176,6.5176,6.5176,6.5176,6.5176,6.5176,6.5176,6.5176,6.5176,6.5176,6.5176,6.5176,6.5176,6.5176,6.5176,6.5176,6.5176,6.5176,6.5176,6.5176,6.5176,6.5176,6.5176,6.5176,6.5176,6.5176,6.5176,6.5176,6.5176,6.5176,6.5176,6.5176,6.5176,6.5176,6.5176,6.5176,6.5176,6.5176,6.5176,6.5176,6.5176,6.5176,6.5176,6.5176,6.5176,6.5176,6.5176,6.5176,6.5176,6.5176,6.5176,6.5176,6.5176,6.5176,6.5176,6.5176,6.5176,6.5176,6.5176,6.5176,6.5176,6.5176,6.5176,6.5176,6.5176,6.5176,6.5176,6.5176,6.5176,6.5176,6.5176,6.5176,6.5176,6.5176,6.5176,6.5176,6.5176,6.5176,6.5176,6.5176,6.5176,6.5176,6.5176,6.5176,6.5176,6.5176,6.5176,6.5176,6.5176,6.5176,6.5176,6.5176,6.5176,6.5176,6.5176,6.5176,6.5176,6.5176,6.5176,6.5176,6.5176,6.5176,6.5176,6.5176,6.5176,6.5176,6.5176,6.5176,6.5176,6.5176,6.5176,6.5176,6.5176,6.5176,6.5176,6.5176,6.5176,6.5176,6.5176,6.5176,6.5176,6.5176,6.5176,6.5176,6.5176,6.5176,6.5176,6.5176,6.5176,6.5176,6.5176,6.5176,6.5176,6.5176,6.5176,6.5176,6.5176,6.5176,6.5176,6.5176,6.5176,6.5176,6.5176,6.5176,6.5176,6.5176,6.5176,6.5176,6.5176,6.5176,6.5176,6.5176,6.5176,6.5176,6.5176,6.5176,6.5176,6.5176,6.5176,6.5176,6.5176,6.5176,6.5176,6.5176,6.5176,6.5176,6.5176,6.5176,6.5176,6.5176,6.5176,6.5176,6.5176,6.5176,6.5176,6.5176,6.5176,6.5176,6.5176,6.5176,6.5176,6.5176,6.5176,6.5176,6.5176,6.5176,6.5176,6.5176,6.5176,6.5176,6.5176,6.5176,6.5176,6.5176,6.5176,6.5176,6.5176,6.5176,6.5176,6.5176,6.5176,6.5176,6.5176,6.5176,6.5176,6.5176,6.5176,6.5176,6.5176,6.5176,6.5176,6.5176,6.5176,6.5176,6.5176,6.5176,6.5176,6.5176,6.5176,6.5176,6.5176,6.5176,6.5176,6.5176,6.5176,6.5176,6.5176,6.5176,6.5176,6.5176,6.5176,6.5176,6.5176,6.5176,6.5176,6.5176,6.5176,6.5176,6.5176,6.5176,6.5176,6.5176,6.5176,6.5176,6.5176,6.5176,6.5176,6.5176,6.5176,6.5176,6.5176,6.5176,6.5176,6.5176,6.5176,6.5176,6.5176,6.5176,6.5176,6.5176,6.5176,6.5176,6.5176,6.5176,6.5176,6.5176,6.5176,6.5176,6.5176,6.5176,6.5176,6.5176,6.5176,6.5176,6.5176,6.5176,6.5176,6.5176,6.5176,6.5176,6.5176,6.5176,6.5176,6.5176,6.5176,6.5176,6.5176,6.5176,6.5176,6.5176,6.5176,6.5176,6.5176,6.5176,6.5176,6.5176,6.5176,6.5176,6.5176,6.5176,6.5176,6.5176,6.5176,6.5176,6.5176,6.5176,6.5176,6.5176,6.5176,6.5176,6.5176,6.5176,6.5176,6.5176,6.5176,6.5176,6.5176,6.5176,6.5176,6.5176,6.5176,6.5176,6.5176,6.5176,6.5176,6.5176,6.5176,6.5176,6.5176,6.5176,6.5176,6.5176,6.5176,6.5176,6.5176,6.5176,6.5176,6.5176,6.5176,6.5176,6.5176,6.5176,6.5176,6.5176,6.5176,6.5176,6.5176,6.5176,6.5176,6.5176,6.5176,6.5176,6.5176,6.5176,6.5176,6.5176,6.5176,6.5176,6.5176,6.5176,6.5176,6.5176,6.5176,6.5176,6.5176,6.5176,6.5176,6.5176,6.5176,6.5176,6.5176,6.5176,6.5176,6.5176,6.5176,6.5176,6.5176,6.5176,6.5176,6.5176,6.5176,6.5176,6.5176,6.5176,6.5176,6.5176,6.5176,6.5176,6.5176,6.5176,6.5176,6.5176,6.5176,6.5176,6.5176,6.5176,6.5176,6.5176,6.5176,6.5176,6.5176,6.5176,6.5176,6.5176,6.5176,6.5176,6.5176,6.5176,6.5176,6.5176,6.5176,6.5176,6.5176,6.5176,6.5176,6.5176,6.5176,6.5176,6.5176,6.5176,6.5176,6.5176,6.5176,6.5176,6.5176,6.5176,6.5176,6.5176,6.5176,6.5176,6.5176,6.5176,6.5176,6.5176,6.5176,6.5176,6.5176,6.5176,6.5176,6.5176,6.5176,6.5176,6.5176,6.5176,6.5176,6.5176,6.5176,6.5176,6.5176,6.5176,6.5176,6.5176,6.5176,6.5176,6.5176,6.5176,6.5176,6.5176,6.5176,6.5176,6.5176,6.5176,6.5176,6.5176,6.5176,6.5176,6.5176,6.5176,6.5176,6.5176,6.5176,6.5176,6.5176,6.5176,6.5176,6.5176,6.5176,6.5176,6.5176,6.5176,6.5176,6.5176,6.5176,6.5176,6.5176,6.5176,6.5176,6.5176,6.5176,6.5176,6.5176,6.5176,6.5176,6.5176,6.5176,6.5176,6.5176,6.5176,6.5176,6.5176,6.5176,6.5176,6.5176,6.5176,6.5176,6.5176,6.5176,6.5176,6.5176,6.5176,6.5176,6.5176,6.5176,6.5176,6.5176,6.5176,6.5176,6.5176,6.5176,6.5176,6.5176,6.5176,6.5176,6.5176,6.5176,6.5176,6.5176,6.5176,6.5176,6.5176,6.5176,6.5176,6.5176,6.5176,6.5176,6.5176,6.5176,6.5176,6.5176,6.5176,6.5176,6.5176,6.5176,6.5176,6.5176,6.5176,6.5176,6.5176,6.5176,6.5176,6.5176
6.5123,6.5123,6.5123,6.5123,6.5123,6.5123,6.5123,6.5123,6.5123,6.5123,6.5123,6.5123,6.5123,6.5123,6.5123,6.5123,6.5123,6.5123,6.5123,6.5123,6.5123,6.5123,6.5123,6.5123,6.5123,6.5123,6.5123,6.5123,6.5123,6.5123,6.5123,6.5123,6.5123,6.5123,6.5123,6.5123,6.5123,6.5123,6.5123,6.5123,6.5123,6.5123,6.5123,6.5123,6.5123,6.5123,6.5123,6.5123,6.5123,6.5123,6.5123,6.5123,6.5123,6.5123,6.5123,6.5123,6.5123,6.5123,6.5123,6.5123,6.5123,6.5123,6.5123,6.5123,6.5123,6.5123,6.5123,6.5123,6.5123,6.5123,6.5123,6.5123,6.5123,6.5123,6.5123,6.5123,6.5123,6.5123,6.5123,6.5123,6.5123,6.5123,6.5123,6.5123,6.5123,6.5123,6.5123,6.5123,6.5123,6.5123,6.5123,6.5123,6.5123,6.5123,6.5123,6.5123,6.5123,6.5123,6.5123,6.5123,6.5123,6.5123,6.5123,6.5123,6.5123,6.5123,6.5123,6.5123,6.5123,6.5123,6.5123,6.5123,6.5123,6.5123,6.5123,6.5123,6.5123,6.5123,6.5123,6.5123,6.5123,6.5123,6.5123,6.5123,6.5123,6.5123,6.5123,6.5123,6.5123,6.5123,6.5123,6.5123,6.5123,6.5123,6.5123,6.5123,6.5123,6.5123,6.5123,6.5123,6.5123,6.5123,6.5123,6.5123,6.5123,6.5123,6.5123,6.5123,6.5123,6.5123,6.5123,6.5123,6.5123,6.5123,6.5123,6.5123,6.5123,6.5123,6.5123,6.5123,6.5123,6.5123,6.5123,6.5123,6.5123,6.5123,6.5123,6.5123,6.5123,6.5123,6.5123,6.5123,6.5123,6.5123,6.5123,6.5123,6.5123,6.5123,6.5123,6.5123,6.5123,6.5123,6.5123,6.5123,6.5123,6.5123,6.5123,6.5123,6.5123,6.5123,6.5123,6.5123,6.5123,6.5123,6.5123,6.5123,6.5123,6.5123,6.5123,6.5123,6.5123,6.5123,6.5123,6.5123,6.5123,6.5123,6.5123,6.5123,6.5123,6.5123,6.5123,6.5123,6.5123,6.5123,6.5123,6.5123,6.5123,6.5123,6.5123,6.5123,6.5123,6.5123,6.5123,6.5123,6.5123,6.5123,6.5123,6.5123,6.5123,6.5123,6.5123,6.5123,6.5123,6.5123,6.5123,6.5123,6.5123,6.5123,6.5123,6.5123,6.5123,6.5123,6.5123,6.5123,6.5123,6.5123,6.5123,6.5123,6.5123,6.5123,6.5123,6.5123,6.5123,6.5123,6.5123,6.5123,6.5123,6.5123,6.5123,6.5123,6.5123,6.5123,6.5123,6.5123,6.5123,6.5123,6.5123,6.5123,6.5123,6.5123,6.5123,6.5123,6.5123,6.5123,6.5123,6.5123,6.5123,6.5123,6.5123,6.5123,6.5123,6.5123,6.5123,6.5123,6.5123,6.5123,6.5123,6.5123,6.5123,6.5123,6.5123,6.5123,6.5123,6.5123,6.5123,6.5123,6.5123,6.5123,6.5123,6.5123,6.5123,6.5123,6.5123,6.5123,6.5123,6.5123,6.5123,6.5123,6.5123,6.5123,6.5123,6.5123,6.5123,6.5123,6.5123,6.5123,6.5123,6.5123,6.5123,6.5123,6.5123,6.5123,6.5123,6.5123,6.5123,6.5123,6.5123,6.5123,6.5123,6.5123,6.5123,6.5123,6.5123,6.5123,6.5123,6.5123,6.5123,6.5123,6.5123,6.5123,6.5123,6.5123,6.5123,6.5123,6.5123,6.5123,6.5123,6.5123,6.5123,6.5123,6.5123,6.5123,6.5123,6.5123,6.5123,6.5123,6.5123,6.5123,6.5123,6.5123,6.5123,6.5123,6.5123,6.5123,6.5123,6.5123,6.5123,6.5123,6.5123,6.5123,6.5123,6.5123,6.5123,6.5123,6.5123,6.5123,6.5123,6.5123,6.5123,6.5123,6.5123,6.5123,6.5123,6.5123,6.5123,6.5123,6.5123,6.5123,6.5123,6.5123,6.5123,6.5123,6.5123,6.5123,6.5123,6.5123,6.5123,6.5123,6.5123,6.5123,6.5123,6.5123,6.5123,6.5123,6.5123,6.5123,6.5123,6.5123,6.5123,6.5123,6.5123,6.5123,6.5123,6.5123,6.5123,6.5123,6.5123,6.5123,6.5123,6.5123,6.5123,6.5123,6.5123,6.5123,6.5123,6.5123,6.5123,6.5123,6.5123,6.5123,6.5123,6.5123,6.5123,6.5123,6.5123,6.5123,6.5123,6.5123,6.5123,6.5123,6.5123,6.5123,6.5123,6.5123,6.5123,6.5123,6.5123,6.5123,6.5123,6.5123,6.5123,6.5123,6.5123,6.5123,6.5123,6.5123,6.5123,6.5123,6.5123,6.5123,6.5123,6.5123,6.5123,6.5123,6.5123,6.5123,6.5123,6.5123,6.5123,6.5123,6.5123,6.5123,6.5123,6.5123,6.5123,6.5123,6.5123,6.5123,6.5123,6.5123,6.5123,6.5123,6.5123,6.5123,6.5123,6.5123,6.5123,6.5123,6.5123,6.5123,6.5123,6.5123,6.5123,6.5123,6.5123,6.5123,6.5123,6.5123,6.5123,6.5123,6.5123,6.5123,6.5123,6.5123,6.5123,6.5123,6.5123,6.5123,6.5123,6.5123,6.5123,6.5123,6.5123,6.5123,6.5123,6.5123,6.5123,6.5123,6.5123,6.5123,6.5123,6.5123,6.5123,6.5123,6.5123,6.5123,6.5123,6.5123,6.5123,6.5123,6.5123,6.5123,6.5123,6.5123,6.5123,6.5123,6.5123,6.5123,6.5123,6.5123,6.5123,6.5123,6.5123,6.5123,6.5123,6.5123,6.5123,6.5123,6.5123,6.5123,6.5123,6.5123,6.5123,6.5123,6.5123,6.5123,6.5123,6.5123,6.5123,6.5123,6.5123,6.5123,6.5123,6.5123,6.5123,6.5123,6.5123,6.5123,6.5123,6.5123,6.5123,6.5123,6.5123,6.5123,6.5123,6.5123,6.5123,6.5123,6.5123,6.5123,6.5123,6.5123,6.5123,6.5123,6.5123,6.5123,6.5123,6.5123,6.5123,6.5123,6.5123,6.5123,6.5123,6.5123,6.5123,6.5123,6.5123,6.5123,6.5123,6.5123,6.5123,6.5123,6.5123,6.5123,6.5123,6.5123,6.5123,6.5123,6.5123,6.5123,6.5123,6.5123,6.5123,6.5123,6.5123,6.5123,6.5123,6.5123,6.5123,6.5123,6.5123,6.5123,6.5123,6.5123,6.5123,6.5123,6.5123,6.5123,6.5123,6.5123,6.5123,6.5123,6.5123,6.5123,6.5123,6.5123,6.5123,6.5123,6.5123,6.5123,6.5123,6.5123,6.5123,6.5123,6.5123,6.5123,6.5123,6.5123,6.5123,6.5123,6.5123,6.5123,6.5123,6.5123,6.5123,6.5123,6.5123,6.5123,6.5123,6.5123,6.5123,6.5123,6.5123,6.5123,6.5123,6.5123,6.5123,6.5123,6.5123,6.5123,6.5123,6.5123,6.5123,6.5123,6.5123,6.5123,6.5123,6.5123,6.5123,6.5123,6.5123,6.5123,6.5123,6.5128,6.5128,6.5128,6.5128,6.5128,6.5128,6.5128,6.5128,6.5128,6.5128,6.5128,6.5128,6.5128,6.5128,6.5128,6.5128,6.5128,6.5128,6.5128,6.5128,6.5128,6.5128,6.5128,6.5128,6.5128,6.5128,6.5128,6.5128,6.5128,6.5128,6.5128,6.5128,6.5128,6.5128,6.5128,6.5128,6.5128,6.5128,6.5128,6.5128,6.5128,6.5128,6.5128,6.5128,6.5128,6.5128,6.5128,6.5128,6.5128,6.5128,6.5128,6.5128,6.5128,6.5128,6.5128,6.5128,6.5128,6.5128,6.5128,6.5128,6.5128,6.5128,6.5128,6.5128,6.5128,6.5128,6.5128,6.5128,6.5128,6.5128,6.5128,6.5128,6.5128,6.5128,6.5128,6.5128,6.5128,6.5128,6.5128,6.5128,6.5128,6.5128,6.5128,6.5128,6.5128,6.5128,6.5128,6.5128,6.5128,6.5128,6.5128,6.5128,6.5128,6.5128,6.5128,6.5128,6.5128,6.5128,6.5128,6.5128,6.5128,6.5128,6.5128,6.5128,6.5128,6.5128,6.5128,6.5128,6.5128,6.5128,6.5128,6.5128,6.5128,6.5128,6.5128,6.5128,6.5128,6.5128,6.5128,6.5128,6.5128,6.5128,6.5128,6.5128,6.5128,6.5128,6.5128,6.5128,6.5128,6.5128,6.5128,6.5128,6.5128,6.5128,6.5128,6.5128,6.5128,6.5128,6.5128,6.5128,6.5128,6.5128,6.5128,6.5128,6.5128,6.5128,6.5128,6.5128,6.5128,6.5128,6.5128,6.5128,6.5128,6.5128,6.5128,6.5128,6.5128,6.5128,6.5128,6.5128,6.5128,6.5128,6.5128,6.5128,6.5128,6.5128,6.5128,6.5128,6.5128,6.5128,6.5128,6.5128,6.5128,6.5128,6.5128,6.5128,6.5128,6.5128,6.5128,6.5128,6.5128,6.5128,6.5128,6.5128,6.5128,6.5128,6.5128,6.5128,6.5128,6.5128,6.5128,6.5128,6.5128,6.5128,6.5128,6.5128,6.5128,6.5128,6.5128,6.5128,6.5128,6.5128,6.5128,6.5128,6.5128,6.5128,6.5128,6.5128,6.5128,6.5128,6.5128,6.5128,6.5128,6.5128,6.5128,6.5128,6.5128,6.5128,6.5128,6.5128,6.5128,6.5128,6.5128,6.5128,6.5128,6.5128,6.5128,6.5128,6.5128,6.5128,6.5128,6.5128,6.5128,6.5128,6.5128,6.5128,6.5128,6.5128,6.5128,6.5128,6.5128,6.5128,6.5128,6.5128,6.5128,6.5128,6.5128,6.5128,6.5128,6.5128,6.5128,6.5128,6.5128,6.5128,6.5128,6.5128,6.5128,6.5128,6.5128,6.5128,6.5128,6.5128,6.5128,6.5128,6.5128,6.5128,6.5128,6.5128,6.5128,6.5128,6.5128,6.5128,6.5128,6.5128,6.5128,6.5128,6.5128
6.5083,6.5083,6.5083,6.5083,6.5083,6.5083,6.5083,6.5083,6.5083,6.5083,6.5083,6.5083,6.5083,6.5083,6.5083,6.5083,6.5083,6.5083,6.5083,6.5083,6.5083,6.5083,6.5083,6.5083,6.5083,6.5083,6.5083,6.5083,6.5083,6.5083,6.5083,6.5083,6.5083,6.5083,6.5083,6.5083,6.5083,6.5083,6.5083,6.5083,6.5083,6.5083,6.5083,6.5083,6.5083,6.5083,6.5083,6.5083,6.5083,6.5083,6.5083,6.5083,6.5083,6.5083,6.5083,6.5083,6.5083,6.5083,6.5083,6.5083,6.5083,6.5083,6.5083,6.5083,6.5083,6.5083,6.5083,6.5083,6.5083,6.5083,6.5083,6.5083,6.5083,6.5083,6.5083,6.5083,6.5083,6.5083,6.5083,6.5083,6.5083,6.5083,6.5083,6.5083,6.5083,6.5083,6.5083,6.5083,6.5083,6.5083,6.5083,6.5083,6.5083,6.5083,6.5083,6.5083,6.5083,6.5083,6.5083,6.5083,6.5083,6.5083,6.5083,6.5083,6.5083,6.5083,6.5083,6.5083,6.5083,6.5083,6.5083,6.5083,6.5083,6.5083,6.5083,6.5083,6.5083,6.5083,6.5083,6.5083,6.5083,6.5083,6.5083,6.5083,6.5083,6.5083,6.5083,6.5083,6.5083,6.5083,6.5083,6.5083,6.5083,6.5083,6.5083,6.5083,6.5083,6.5083,6.5083,6.5083,6.5083,6.5083,6.5083,6.5083,6.5083,6.5078,6.5078,6.5078,6.5078,6.5078,6.5078,6.5078,6.5078,6.5078,6.5078,6.5078,6.5078,6.5078,6.5078,6.5078,6.5078,6.5078,6.5078,6.5078,6.5078,6.5078,6.5078,6.5078,6.5078,6.5078,6.5078,6.5078,6.5078,6.5078,6.5078,6.5078,6.5078,6.5078,6.5078,6.5078,6.5078,6.5078,6.5078,6.5078,6.5078,6.5078,6.5078,6.5078,6.5078,6.5078,6.5078,6.5078,6.5078,6.5078,6.5078,6.5078,6.5078,6.5078,6.5078,6.5078,6.5078,6.5078,6.5078,6.5078,6.5078,6.5078,6.5078,6.5078,6.5078,6.5078,6.5078,6.5078,6.5078,6.5078,6.5078,6.5078,6.5078,6.5078,6.5078,6.5078,6.5078,6.5078,6.5078,6.5078,6.5078,6.5078,6.5078,6.5078,6.5078,6.5078,6.5078,6.5078,6.5078,6.5078,6.5078,6.5078,6.5078,6.5078,6.5078,6.5078,6.5078,6.5078,6.5078,6.5078,6.5078,6.5078,6.5078,6.5078,6.5078,6.5078,6.5078,6.5078,6.5078,6.5078,6.5078,6.5078,6.5078,6.5078,6.5078,6.5078,6.5078,6.5078,6.5078,6.5078,6.5078,6.5078,6.5078,6.5078,6.5078,6.5078,6.5078,6.5078,6.5078,6.5078,6.5078,6.5078,6.5078,6.5078,6.5078,6.5078,6.5078,6.5078,6.5078,6.5078,6.5078,6.5078,6.5078,6.5078,6.5078,6.5078,6.5078,6.5078,6.5078,6.5078,6.5078,6.5078,6.5078,6.5078,6.5078,6.5078,6.5078,6.5078,6.5078,6.5078,6.5078,6.5078,6.5078,6.5078,6.5078,6.5078,6.5078,6.5078,6.5078,6.5078,6.5078,6.5078,6.5078,6.5078,6.5078,6.5078,6.5078,6.5078,6.5078,6.5078,6.5078,6.5078,6.5078,6.5078,6.5078,6.5078,6.5078,6.5078,6.5078,6.5078,6.5078,6.5078,6.5078,6.5078,6.5078,6.5078,6.5078,6.5078,6.5078,6.5078,6.5078,6.5078,6.5078,6.5078,6.5078,6.5078,6.5078,6.5078,6.5078,6.5078,6.5078,6.5078,6.5078,6.5078,6.5078,6.5078,6.5078,6.5078,6.5078,6.5078,6.5078,6.5078,6.5078,6.5078,6.5078,6.5078,6.5078,6.5078,6.5078,6.5078,6.5078,6.5078,6.5078,6.5078,6.5078,6.5078,6.5078,6.5078,6.5078,6.5078,6.5078,6.5078,6.5078,6.5078,6.5078,6.5078,6.5078,6.5078,6.5078,6.5078,6.5078,6.5078,6.5078,6.5078,6.5078,6.5078,6.5078,6.5078,6.5078,6.5078,6.5078,6.5078,6.5078,6.5078,6.5078,6.5078,6.5078,6.5078,6.5078,6.5078,6.5078,6.5078,6.5078,6.5078,6.5078,6.5078,6.5078,6.5078,6.5078,6.5078,6.5078,6.5078,6.5078,6.5078,6.5078,6.5078,6.5078,6.5078,6.5078,6.5078,6.5078,6.5078,6.5078,6.5078,6.5078,6.5078,6.5078,6.5078,6.5078,6.5078,6.5078,6.5078,6.5078,6.5078,6.5078,6.5078,6.5078,6.5078,6.5078,6.5078,6.5078,6.5078,6.5078,6.5078,6.5078,6.5078,6.5078,6.5078,6.5078,6.5078,6.5078,6.5078,6.5078,6.5078,6.5078,6.5078,6.5078,6.5078,6.5078,6.5078,6.5078,6.5078,6.5078,6.5078,6.5078,6.5078,6.5078,6.5078,6.5078,6.5078,6.5078,6.5078,6.5078,6.5078,6.5078,6.5078,6.5078,6.5078,6.5078,6.5078,6.5078,6.5078,6.5078,6.5078,6.5078,6.5078,6.5078,6.5078,6.5078,6.5078,6.5078,6.5078,6.5078,6.5078,6.5078,6.5078,6.5078,6.5078,6.5078,6.5078,6.5078,6.5078,6.5078,6.5078,6.5078,6.5078,6.5078,6.5078,6.5078,6.5078,6.5078,6.5078,6.5078,6.5078,6.5078,6.5078,6.5078,6.5078,6.5078,6.5078,6.5078,6.5078,6.5078,6.5078,6.5078,6.5078,6.5078,6.5078,6.5078,6.5078,6.5078,6.5078,6.5078,6.5078,6.5078,6.5078,6.5078,6.5078,6.5078,6.5078,6.5078,6.5078,6.5078,6.5078,6.5078,6.5078,6.5078,6.5078,6.5078,6.5078,6.5078,6.5078,6.5078,6.5078,6.5078,6.5078,6.5078,6.5078,6.5078,6.5078,6.5078,6.5078,6.5078,6.5078,6.5078,6.5078,6.5078,6.5078,6.5078,6.5078,6.5078,6.5078,6.5078,6.5078,6.5078,6.5078,6.5078,6.5078,6.5078,6.5078,6.5078,6.5078,6.5078,6.5078,6.5078,6.5078,6.5078,6.5078,6.5078,6.5078,6.5078,6.5078,6.5078,6.5078,6.5078,6.5078,6.5078,6.5078,6.5078,6.5078,6.5078,6.5078,6.5078,6.5078,6.5078,6.5078,6.5078,6.5078,6.5078,6.5078,6.5078,6.5078,6.5078,6.5078,6.5078,6.5078,6.5078,6.5078,6.5078,6.5078,6.5078,6.5078,6.5078,6.5078,6.5078,6.5078,6.5078,6.5078,6.5078,6.5078,6.5078,6.5078,6.5078,6.5078,6.5078,6.5078,6.5078,6.5078,6.5078,6.5078,6.5078,6.5078,6.5078,6.5078,6.5078,6.5078,6.5078,6.5078,6.5078,6.5078,6.5078,6.5078,6.5078,6.5078,6.5078,6.5078,6.5078,6.5078,6.5078,6.5078,6.5078,6.5078,6.5078,6.5078,6.5078,6.5078,6.5078,6.5078,6.5078,6.5078,6.5078,6.5078,6.5078,6.5078,6.5078,6.5078,6.5078,6.5078,6.5078,6.5078,6.5078,6.5078,6.5078,6.5078,6.5078,6.5078,6.5078,6.5078,6.5078,6.5078,6.5078,6.5078,6.5078,6.5078,6.5078,6.5078,6.5078,6.5078,6.5078,6.5078,6.5078,6.5078,6.5078,6.5078,6.5078,6.5078,6.5078,6.5078,6.5078,6.5078,6.5078,6.5078,6.5078,6.5078,6.5078,6.5078,6.5078,6.5078,6.5078,6.5078,6.5078,6.5078,6.5078,6.5078,6.5078,6.5078,6.5078,6.5078,6.5078,6.5078,6.5078,6.5078,6.5078,6.5078,6.5078,6.5078,6.5078,6.5078,6.5078,6.5078,6.5078,6.5078,6.5078,6.5078,6.5078,6.5078,6.5078,6.5078,6.5078,6.5078,6.5078,6.5078,6.5078,6.5078,6.5078,6.5078,6.5078,6.5078,6.5078,6.5078,6.5078,6.5078,6.5078,6.5078,6.5078,6.5078,6.5078,6.5078,6.5078,6.5078,6.5078,6.5078,6.5078,6.5078,6.5078,6.5078,6.5078,6.5078,6.5078,6.5078,6.5078,6.5078,6.5078,6.5078,6.5078,6.5078,6.5078,6.5078,6.5078,6.5078,6.5078,6.5078,6.5078,6.5078,6.5078,6.5078,6.5078,6.5078,6.5078,6.5078,6.5078,6.5078,6.5078,6.5078,6.5078,6.5078,6.5078,6.5078,6.5078,6.5078,6.5078,6.5078,6.5078,6.5078,6.5078,6.5078,6.5078,6.5078,6.5078,6.5078,6.5078,6.5078,6.5078,6.5078,6.5078,6.5078,6.5078,6.5078,6.5078,6.5078,6.5078,6.5078,6.5078,6.5078,6.5078,6.5078,6.5078,6.5078,6.5078,6.5078,6.5078,6.5078,6.5078,6.5078,6.5078,6.5078,6.5078,6.5078,6.5078,6.5078,6.5078,6.5078,6.5078,6.5078,6.5078,6.5078,6.5078,6.5078,6.5078,6.5078,6.5078,6.5078,6.5078,6.5078,6.5078,6.5078,6.5078,6.5078,6.5078,6.5078,6.5078,6.5078,6.5078,6.5078,6.5078,6.5078,6.5078,6.5078,6.5078,6.5078,6.5078,6.5078,6.5078,6.5078,6.5078,6.5078,6.5078,6.5078,6.5078,6.5078,6.5078,6.5078,6.5078,6.5078,6.5078,6.5078,6.5078,6.5078,6.5078,6.5078,6.5078,6.5078,6.5078,6.5078,6.5078,6.5078,6.5078,6.5078,6.5078,6.5078,6.5078,6.5078,6.5078,6.5078,6.5078,6.5078,6.5078,6.5078,6.5078,6.5078,6.5078,6.5078,6.5078,6.5078,6.5078,6.5078,6.5078,6.5078,6.5078,6.5078,6.5078,6.5078,6.5078,6.5078,6.5078,6.5078,6.5078,6.5078,6.5078,6.5078,6.5078,6.5078,6.5078,6.5078,6.5078,6.5078
6.5035,6.5035,6.5035,6.5035,6.5035,6.5035,6.5035,6.5035,6.5035,6.5035,6.5035,6.5035,6.5035,6.5035,6.5035,6.5035,6.5035,6.5035,6.5035,6.5035,6.5035,6.5035,6.5035,6.5035,6.5035,6.5035,6.5035,6.5035,6.5035,6.5035,6.5035,6.5035,6.5035,6.5035,6.5035,6.5035,6.5035,6.5035,6.5035,6.5035,6.5035,6.5035,6.5035,6.5035,6.5035,6.5035,6.5035,6.5035,6.5035,6.5035,6.5035,6.5035,6.5035,6.5035,6.5035,6.5035,6.5035,6.5035,6.5035,6.5035,6.5035,6.5035,6.5035,6.5035,6.5035,6.5035,6.5035,6.5035,6.5035,6.5035,6.5035,6.5035,6.5035,6.5035,6.5035,6.5035,6.5035,6.5035,6.5035,6.5035,6.5035,6.5035,6.5035,6.5035,6.5035,6.5035,6.5035,6.5035,6.5035,6.5035,6.5035,6.5035,6.5035,6.5035,6.5035,6.5035,6.5035,6.5035,6.5035,6.5035,6.5035,6.5035,6.5035,6.5035,6.5035,6.5035,6.5035,6.5035,6.5035,6.5035,6.5035,6.5035,6.5035,6.5035,6.5035,6.5035,6.5035,6.5035,6.5035,6.5035,6.5035,6.5035,6.5035,6.5035,6.5035,6.5035,6.5035,6.5035,6.5035,6.5035,6.5035,6.5035,6.5035,6.5035,6.5035,6.5035,6.5035,6.5035,6.5035,6.5035,6.5035,6.5035,6.5035,6.5035,6.5035,6.5035,6.5035,6.5035,6.5035,6.5035,6.5035,6.5035,6.5035,6.5035,6.5035,6.5035,6.5035,6.5035,6.5035,6.5035,6.5035,6.5035,6.5035,6.5035,6.5035,6.5035,6.5035,6.5035,6.5035,6.5035,6.5035,6.5035,6.5035,6.5035,6.5035,6.5035,6.5035,6.5035,6.5035,6.5035,6.5035,6.5035,6.5035,6.5035,6.5035,6.5035,6.5035,6.5035,6.5035,6.5035,6.5035,6.5035,6.5035,6.5035,6.5035,6.5035,6.5035,6.5035,6.5035,6.5035,6.5035,6.5035,6.5035,6.5035,6.5035,6.5035,6.5035,6.5035,6.5035,6.5035,6.5035,6.5035,6.5035,6.5035,6.5035,6.5035,6.5035,6.5035,6.5035,6.5035,6.5035,6.5035,6.5035,6.5035,6.5035,6.5035,6.5035,6.5035,6.5035,6.5035,6.5035,6.5035,6.5035,6.5035,6.5035,6.5035,6.5035,6.5035,6.5035,6.5035,6.5035,6.5035,6.5035,6.5035,6.5035,6.5035,6.5035,6.5035,6.5035,6.5035,6.5035,6.5035,6.5035,6.5035,6.5035,6.5035,6.5035,6.5035,6.5035,6.5035,6.5035,6.5035,6.5035,6.5035,6.5035,6.5035,6.5035,6.5035,6.5035,6.5035,6.5035,6.5035,6.5035,6.5035,6.5035,6.5035,6.5035,6.5035,6.5035,6.5035,6.5035,6.5035,6.5035,6.5035,6.5035,6.5035,6.5035,6.5035,6.5035,6.5035,6.5035,6.5035,6.5035,6.5035,6.5035,6.5035,6.5035,6.5035,6.5035,6.5035,6.5035,6.5035,6.5035,6.5035,6.5035,6.5035,6.5035,6.5035,6.5035,6.5035,6.5035,6.5035,6.5035,6.5035,6.5035,6.5035,6.5035,6.5035,6.5035,6.5035,6.5035,6.5035,6.5035,6.5035,6.5035,6.5035,6.5035,6.5035,6.5035,6.5035,6.5035,6.5035,6.5035,6.5035,6.5035,6.5035,6.5035,6.5035,6.5035,6.5035,6.5035,6.5035,6.5035,6.5035,6.5035,6.5035,6.5035,6.5035,6.5035,6.5035,6.5035,6.5035,6.5035,6.5035,6.5035,6.5035,6.5035,6.5035,6.5035,6.5035,6.5035,6.5035,6.5035,6.5035,6.5035,6.5035,6.5035,6.5035,6.5035,6.5035,6.5035,6.5035,6.5035,6.5035,6.5035,6.5035,6.5035,6.5035,6.5035,6.5035,6.5035,6.5035,6.5035,6.5035,6.5035,6.5035,6.5035,6.5035,6.5035,6.5035,6.5035,6.5035,6.5035,6.5035,6.5035,6.5035,6.5035,6.5035,6.5035,6.5035,6.5035,6.5035,6.5035,6.5035,6.5035,6.5035,6.5035,6.5035,6.5035,6.5035,6.5035,6.5035,6.5035,6.5035,6.5035,6.5035,6.5035,6.5035,6.5035,6.5035,6.5035,6.5035,6.5035,6.5035,6.5035,6.5035,6.5035,6.5035,6.5035,6.5035,6.5035,6.5035,6.5035,6.5035,6.5035,6.5035,6.5035,6.5035,6.5035,6.5035,6.5035,6.5035,6.5035,6.5035,6.5035,6.5035,6.5035,6.5035,6.5035,6.5035,6.5035,6.5035,6.5035,6.5035,6.5035,6.5035,6.5035,6.5035,6.5035,6.5035,6.5035,6.5035,6.5035,6.5035,6.5035,6.5035,6.5035,6.5035,6.5035,6.5035,6.5035,6.5035,6.5035,6.5035,6.5035,6.5035,6.5035,6.5035,6.5035,6.5035,6.5035,6.5035,6.5035,6.5035,6.5035,6.5035,6.5035,6.5035,6.5035,6.5035,6.5035,6.5035,6.5035,6.5035,6.5035,6.5035,6.5035,6.5035,6.5035,6.5035,6.5035,6.5035,6.5035,6.5035,6.5035,6.5035,6.5035,6.5035,6.5035,6.5035,6.5035,6.5035,6.5035,6.5035,6.5035,6.5035,6.5035,6.5035,6.5035,6.5035,6.5035,6.5035,6.5035,6.5035,6.5035,6.5035,6.5035,6.5035,6.5035,6.5035,6.5035,6.5035,6.5035,6.5035,6.5035,6.5035,6.5035,6.5035,6.5035,6.5035,6.5035,6.5035,6.5035,6.5035,6.5035,6.5035,6.5035,6.5035,6.5035,6.5035,6.5035,6.5035,6.5035,6.5035,6.5035,6.5035,6.5035,6.5035,6.5035,6.5035,6.5035,6.5035,6.5035,6.5035,6.5035,6.5035,6.5035,6.5035,6.5035,6.5035,6.5035,6.5035,6.5035,6.5035,6.5035,6.5035,6.5035,6.5035,6.5035,6.5035,6.5035,6.5035,6.5035,6.5035,6.5035,6.5035,6.5035,6.5035,6.5035,6.5035,6.5035,6.5035,6.5035,6.5035,6.5035,6.5035,6.5035,6.5035,6.5035,6.5035,6.5035,6.5035,6.5035,6.5035,6.5035,6.5035,6.5035,6.5035,6.5035,6.5035,6.5035,6.5035,6.5035,6.5035,6.5035,6.5035,6.5035,6.5035,6.5035,6.5035,6.5035,6.5035,6.5035,6.5035,6.5035,6.5035,6.5035,6.5035,6.5035,6.5035,6.5035,6.5035,6.5035,6.5035,6.5035,6.5035,6.5035,6.5035,6.5035,6.5035,6.5035,6.5035,6.5035,6.5035,6.5035,6.5035,6.5035,6.5035,6.5035,6.5035,6.5035,6.5035,6.5035,6.5035,6.5035,6.5035,6.5035,6.5035,6.5035,6.5035,6.5035,6.5035,6.5035,6.5035,6.5035,6.5035,6.5035,6.5035,6.5035,6.5035,6.5035,6.5035,6.5035,6.5035,6.5035,6.5035,6.5035,6.5035,6.5035,6.5035,6.5035,6.5035,6.5035,6.5035,6.5035,6.5035,6.5035,6.5035,6.5035,6.5035,6.5035,6.5035,6.5035,6.5035,6.5035,6.5035,6.5035,6.5035,6.5035,6.5035,6.5035,6.5035,6.5035,6.5035,6.5035,6.5035,6.5035,6.5035,6.5035,6.5035,6.5035,6.5035,6.5035,6.5035,6.5035,6.5035,6.5035,6.5035,6.5035,6.5035,6.5035,6.5035,6.5035,6.5035,6.5035,6.5035,6.5035,6.5035,6.5035,6.5035,6.5035,6.5035,6.5035,6.5035,6.5035,6.5035,6.5035,6.5035,6.5035,6.5035,6.5035,6.5035,6.5035,6.5035,6.5035,6.5035,6.5035,6.5035,6.5035,6.5035,6.5035,6.5035,6.5035,6.5035,6.5035,6.5035,6.5035,6.5035,6.5035,6.5035,6.5035,6.5035,6.5035,6.5035,6.5035,6.5035,6.5035,6.5035,6.5035,6.5035,6.5035,6.5035,6.5035,6.5035,6.5035,6.5035,6.5035,6.5035,6.5035,6.5035,6.5035,6.5035,6.5035,6.5035,6.5035,6.5035,6.5035,6.5035,6.5035,6.5035,6.5035,6.5035,6.5035,6.5035,6.5035,6.5035,6.5035,6.5035,6.5035,6.5035,6.5035,6.5035,6.5035,6.5035,6.5035,6.5035,6.5035,6.5035,6.5035,6.5035,6.5035,6.5035,6.5035,6.5035,6.5035,6.5035,6.5035,6.5035,6.5035,6.5035,6.5035,6.5035,6.5035,6.5035,6.5035,6.5035,6.5035,6.5035,6.5035,6.5035,6.5035,6.5035,6.5035,6.5035,6.5035,6.5035,6.5035,6.5035,6.5035,6.5035,6.5035,6.5035,6.5035,6.5035,6.5035,6.5035,6.5035,6.5035,6.5035,6.5035,6.5035,6.5035,6.5035,6.5035,6.5035,6.5035,6.5035,6.5035,6.5035,6.5035,6.5035,6.5035,6.5035,6.5035,6.5035,6.5035,6.5035,6.5035,6.5035,6.5035,6.5035,6.5035,6.5035,6.5035,6.5035,6.5035,6.5035,6.5035,6.5035,6.5035,6.5035,6.5035,6.5035,6.5035,6.5035,6.5035,6.5035,6.5035,6.5035,6.5035,6.5035,6.5035,6.5035,6.5035,6.5035,6.5035,6.5035,6.5035,6.5035,6.5035,6.5035,6.5035,6.5035,6.5035,6.5035,6.5035,6.5035,6.5035,6.5035,6.5035,6.5035,6.5035,6.5035,6.5035,6.5035,6.5035,6.5035,6.5035,6.5035,6.5035,6.5035,6.5035,6.5035,6.5035,6.5035,6.5035,6.5035,6.5035,6.5035,6.5035,6.5035,6.5035,6.5035,6.5035,6.5035,6.5035,6.5035,6.5035,6.5035,6.5035,6.5035,6.5035,6.5035,6.5035,6.5035,6.5035,6.5035,6.5035,6.5035,6.5035,6.5035,6.5035,6.5035,6.5035,6.5035,6.5035,6.5035,6.5035,6.5035,6.5035
6.4982,6.4982,6.4982,6.4982,6.4982,6.4982,6.4982,6.4982,6.4982,6.4982,6.4982,6.4982,6.4982,6.4982,6.4982,6.4982,6.4982,6.4982,6.4982,6.4982,6.4982,6.4982,6.4982,6.4982,6.4982,6.4982,6.4982,6.4982,6.4982,6.4982,6.4982,6.4982,6.4982,6.4982,6.4982,6.4982,6.4982,6.4982,6.4982,6.4982,6.4982,6.4982,6.4982,6.4982,6.4982,6.4982,6.4982,6.4982,6.4982,6.4982,6.4982,6.4982,6.4982,6.4982,6.4982,6.4982,6.4982,6.4982,6.4982,6.4982,6.4982,6.4982,6.4982,6.4982,6.4982,6.4982,6.4982,6.4982,6.4982,6.4982,6.4982,6.4982,6.4982,6.4982,6.4982,6.4982,6.4982,6.4982,6.4982,6.4982,6.4982,6.4982,6.4982,6.4982,6.4982,6.4982,6.4982,6.4982,6.4982,6.4982,6.4982,6.4982,6.4982,6.4982,6.4982,6.4982,6.4982,6.4982,6.4982,6.4982,6.4982,6.4982,6.4982,6.4982,6.4982,6.4982,6.4982,6.4982,6.4982,6.4982,6.4982,6.4982,6.4982,6.4982,6.4982,6.4982,6.4982,6.4982,6.4982,6.4982,6.4982,6.4982,6.4982,6.4982,6.4982,6.4982,6.4982,6.4982,6.4982,6.4982,6.4982,6.4982,6.4982,6.4982,6.4982,6.4982,6.4982,6.4982,6.4982,6.4982,6.4982,6.4982,6.4982,6.4982,6.4982,6.4982,6.4982,6.4982,6.4982,6.4982,6.4982,6.4982,6.4982,6.4982,6.4982,6.4982,6.4982,6.4982,6.4982,6.4982,6.4982,6.4982,6.4982,6.4982,6.4982,6.4982,6.4982,6.4982,6.4982,6.4982,6.4982,6.4982,6.4982,6.4982,6.4982,6.4982,6.4982,6.4982,6.4982,6.4982,6.4982,6.4982,6.4982,6.4982,6.4982,6.4982,6.4982,6.4982,6.4982,6.4982,6.4982,6.4982,6.4982,6.4982,6.4982,6.4982,6.4982,6.4982,6.4982,6.4982,6.4982,6.4982,6.4982,6.4982,6.4982,6.4982,6.4982,6.4982,6.4982,6.4982,6.4982,6.4982,6.4982,6.4982,6.4982,6.4982,6.4982,6.4982,6.4982,6.4982,6.4982,6.4982,6.4982,6.4982,6.4982,6.4982,6.4982,6.4982,6.4982,6.4982,6.4982,6.4982,6.4982,6.4982,6.4982,6.4982,6.4982,6.4982,6.4982,6.4982,6.4982,6.4982,6.4982,6.4982,6.4982,6.4982,6.4982,6.4982,6.4982,6.4982,6.4982,6.4982,6.4982,6.4982,6.4982,6.4982,6.4982,6.4982,6.4982,6.4982,6.4982,6.4982,6.4982,6.4982,6.4982,6.4982,6.4982,6.4982,6.4982,6.4982,6.4982,6.4982,6.4982,6.4982,6.4982,6.4982,6.4982,6.4982,6.4982,6.4982,6.4982,6.4982,6.4982,6.4982,6.4982,6.4982,6.4982,6.4982,6.4982,6.4982,6.4982,6.4982,6.4982,6.4982,6.4982,6.4982,6.4982,6.4982,6.4982,6.4982,6.4982,6.4982,6.4982,6.4982,6.4982,6.4982,6.4982,6.4982,6.4982,6.4982,6.4982,6.4982,6.4982,6.4982,6.4982,6.4982,6.4982,6.4982,6.4982,6.4982,6.4982,6.4982,6.4982,6.4982,6.4982,6.4982,6.4982,6.4982,6.4982,6.4982,6.4982,6.4982,6.4982,6.4982,6.4982,6.4982,6.4982,6.4982,6.4982,6.4982,6.4982,6.4982,6.4982,6.4982,6.4982,6.4982,6.4982,6.4982,6.4982,6.4982,6.4982,6.4982,6.4982,6.4982,6.4982,6.4982,6.4982,6.4982,6.4982,6.4982,6.4982,6.4982,6.4982,6.4982,6.4982,6.4982,6.4982,6.4982,6.4982,6.4982,6.4982,6.4982,6.4982,6.4982,6.4982,6.4982,6.4982,6.4982,6.4982,6.4982,6.4982,6.4982,6.4982,6.4982,6.4982,6.4982,6.4982,6.4982,6.4982,6.4982,6.4982,6.4982,6.4982,6.4982,6.4982,6.4982,6.4982,6.4982,6.4982,6.4982,6.4982,6.4982,6.4982,6.4982,6.4982,6.4982,6.4982,6.4982,6.4982,6.4982,6.4982,6.4982,6.4982,6.4982,6.4982,6.4982,6.4982,6.4982,6.4982,6.4982,6.4982,6.4982,6.4982,6.4982,6.4982,6.4982,6.4982,6.4982,6.4982,6.4982,6.4982,6.4982,6.4982,6.4982,6.4982,6.4982,6.4982,6.4982,6.4982,6.4982,6.4982,6.4982,6.4982,6.4982,6.4982,6.4982,6.4982,6.4982,6.4982,6.4982,6.4982,6.4982,6.4982,6.4982,6.4982,6.4982,6.4982,6.4982,6.4982,6.4982,6.4982,6.4982,6.4982,6.4982,6.4982,6.4982,6.4982,6.4982,6.4982,6.4982,6.4982,6.4982,6.4982,6.4982,6.4982,6.4982,6.4982,6.4982,6.4982,6.4982,6.4982,6.4982,6.4982,6.4982,6.4982,6.4982,6.4982,6.4982,6.4982,6.4982,6.4982,6.4982,6.4982,6.4982,6.4982,6.4982,6.4982,6.4982,6.4982,6.4982,6.4982,6.4982,6.4982,6.4982,6.4982,6.4982,6.4982,6.4982,6.4982,6.4982,6.4982,6.4982,6.4982,6.4982,6.4982,6.4982,6.4982,6.4982,6.4982,6.4982,6.4982,6.4982,6.4982,6.4982,6.4982,6.4982,6.4982,6.4982,6.4982,6.4982,6.4982,6.4982,6.4982,6.4982,6.4982,6.4982,6.4982,6.4982,6.4982,6.4982,6.4982,6.4982,6.4982,6.4982,6.4982,6.4982,6.4982,6.4982,6.4982,6.4982,6.4982,6.4982,6.4982,6.4982,6.4982,6.4982,6.4982,6.4982,6.4982,6.4982,6.4982,6.4982,6.4982,6.4982,6.4982,6.4982,6.4982,6.4982,6.4982,6.4982,6.4982,6.4982,6.4982,6.4982,6.4982,6.4982,6.4982,6.4982,6.4982,6.4982,6.4982,6.4982,6.4982,6.4982,6.4982,6.4982,6.4982,6.4982,6.4982,6.4982,6.4982,6.4982,6.4982,6.4982,6.4982,6.4982,6.4982,6.4982,6.4982,6.4982,6.4982,6.4982,6.4982,6.4982,6.4982,6.4982,6.4982,6.4982,6.4982,6.4982,6.4982,6.4982,6.4982,6.4982,6.4982,6.4982,6.4982,6.4982,6.4982,6.4982,6.4982,6.4982,6.4982,6.4982,6.4982,6.4982,6.4982,6.4982,6.4982,6.4982,6.4982,6.4982,6.4982,6.4982,6.4982,6.4982,6.4982,6.4982,6.4982,6.4982,6.4982,6.4982,6.4982,6.4982,6.4982,6.4982,6.4982,6.4982,6.4982,6.4982,6.4982,6.4982,6.4982,6.4982,6.4982,6.4982,6.4982,6.4982,6.4982,6.4982,6.4982,6.4982,6.4982,6.4982,6.4982,6.4982,6.4982,6.4982,6.4982,6.4982,6.4982,6.4982,6.4982,6.4982,6.4982,6.4982,6.4982,6.4982,6.4982,6.4982,6.4982,6.4982,6.4982,6.4982,6.4982,6.4982,6.4982,6.4982,6.4982,6.4982,6.4982,6.4982,6.4982,6.4982,6.4982,6.4982,6.4982,6.4982,6.4982,6.4982,6.4982,6.4982,6.4982,6.4982,6.4982,6.4982,6.4982,6.4982,6.4982,6.4982,6.4982,6.4982,6.4982,6.4982,6.4982,6.4982,6.4982,6.4982,6.4982,6.4982,6.4982,6.4982,6.4982,6.4982,6.4982,6.4982,6.4982,6.4982,6.4982,6.4982,6.4982,6.4982,6.4982,6.4982,6.4982,6.4982,6.4982,6.4982,6.4982,6.4982,6.4982,6.4982,6.4982,6.4982,6.4982,6.4982,6.4982,6.4982,6.4982,6.4982,6.4982,6.4982,6.4982,6.4982,6.4982,6.4982,6.4982,6.4982,6.4982,6.4982,6.4982,6.4982,6.4982,6.4982,6.4982,6.4982,6.4982,6.4982,6.4982,6.4982,6.4982,6.4982,6.4982,6.4982,6.4982,6.4982,6.4982,6.4982,6.4982,6.4982,6.4982,6.4982,6.4982,6.4982,6.4982,6.4982,6.4982,6.4982,6.4982,6.4982,6.4982,6.4982,6.4982,6.4982,6.4982,6.4982,6.4982,6.4982,6.4982,6.4982,6.4982,6.4982,6.4982,6.4982,6.4982,6.4982,6.4982,6.4982,6.4982,6.4982,6.4982,6.4982,6.4982,6.4982,6.4982,6.4982,6.4982,6.4982,6.4982,6.4982,6.4982,6.4982,6.4982,6.4982,6.4982,6.4982,6.4982,6.4982,6.4982,6.4982,6.4982,6.4982,6.4982,6.4982,6.4982,6.4982,6.4982,6.4982,6.4982,6.4982,6.4982,6.4982,6.4982,6.4982,6.4982,6.4982,6.4982,6.4982,6.4982,6.4982,6.4982,6.4982,6.4982,6.4982,6.4982,6.4982,6.4982,6.4982,6.4982,6.4982,6.4982,6.4982,6.4982,6.4982,6.4982,6.4982,6.4982,6.4982,6.4982,6.4982,6.4982,6.4982,6.4982,6.4982,6.4982,6.4982,6.4982,6.4982,6.4982,6.4982,6.4982,6.4982,6.4982,6.4982,6.4982,6.4982,6.4982,6.4982,6.4982,6.4982,6.4982,6.4982,6.4982,6.4982,6.4982,6.4982,6.4982,6.4982,6.4982,6.4982,6.4982,6.4982,6.4982,6.4982,6.4982,6.4982,6.4982,6.4982,6.4982,6.4982,6.4982,6.4982,6.4982,6.4982,6.4982,6.4982,6.4982,6.4982,6.4982,6.4982,6.4982,6.4982,6.4982,6.4982,6.4982,6.4982,6.4982,6.4982,6.4982,6.4982,6.4982,6.4982,6.4982,6.4982,6.4982,6.4982,6.4982,6.4982,6.4982,6.4982,6.4982,6.4982,6.4982,6.4982,6.4982,6.4982,6.4982,6.4982,6.4982,6.4982,6.4982,6.4982,6.4982,6.4982,6.4982,6.4982,6.4982,6.4982,6.4982,6.4982
6.4934,6.4934,6.4934,6.4934,6.4934,6.4934,6.4934,6.4934,6.4934,6.4934,6.4934,6.4934,6.4934,6.4934,6.4934,6.4934,6.4934,6.4934,6.4934,6.4934,6.4934,6.4934,6.4934,6.4934,6.4934,6.4934,6.4934,6.4934,6.4934,6.4934,6.4934,6.4934,6.4934,6.4934,6.4934,6.4934,6.4934,6.4934,6.4934,6.4934,6.4934,6.4934,6.4934,6.4934,6.4934,6.4934,6.4934,6.4934,6.4934,6.4934,6.4934,6.4934,6.4934,6.4934,6.4934,6.4934,6.4934,6.4934,6.4934,6.4934,6.4934,6.4934,6.4934,6.4934,6.4934,6.4934,6.4934,6.4934,6.4934,6.4934,6.4934,6.4934,6.4934,6.4934,6.4934,6.4934,6.4934,6.4934,6.4934,6.4934,6.4934,6.4934,6.4934,6.4934,6.4934,6.4934,6.4934,6.4934,6.4934,6.4934,6.4934,6.4934,6.4934,6.4934,6.4934,6.4934,6.4934,6.4934,6.4934,6.4934,6.4934,6.4934,6.4934,6.4934,6.4934,6.4934,6.4934,6.4934,6.4934,6.4934,6.4934,6.4934,6.4934,6.4934,6.4934,6.4934,6.4934,6.4934,6.4934,6.4934,6.4934,6.4934,6.4934,6.4934,6.4934,6.4934,6.4934,6.4934,6.4934,6.4934,6.4934,6.4934,6.4934,6.4934,6.4934,6.4934,6.4934,6.4934,6.4934,6.4934,6.4934,6.4934,6.4934,6.4934,6.4934,6.4934,6.4934,6.4934,6.4934,6.4934,6.4934,6.4934,6.4934,6.4934,6.4934,6.4934,6.4934,6.4934,6.4934,6.4934,6.4934,6.4934,6.4934,6.4934,6.4934,6.4934,6.4934,6.4934,6.4934,6.4934,6.4934,6.4934,6.4934,6.4934,6.4934,6.4934,6.4934,6.4934,6.4934,6.4934,6.4934,6.4934,6.4934,6.4934,6.4934,6.4934,6.4934,6.4934,6.4934,6.4934,6.4934,6.4934,6.4934,6.4934,6.4934,6.4934,6.4934,6.4934,6.4934,6.4934,6.4934,6.4934,6.4934,6.4934,6.4934,6.4934,6.4934,6.4934,6.4934,6.4934,6.4934,6.4934,6.4934,6.4934,6.4934,6.4934,6.4934,6.4934,6.4934,6.4934,6.4934,6.4934,6.4934,6.4934,6.4934,6.4934,6.4934,6.4934,6.4934,6.4934,6.4934,6.4934,6.4934,6.4934,6.4934,6.4934,6.4934,6.4934,6.4934,6.4934,6.4934,6.4934,6.4934,6.4934,6.4934,6.4934,6.4934,6.4934,6.4934,6.4934,6.4934,6.4934,6.4934,6.4934,6.4934,6.4934,6.4934,6.4934,6.4934,6.4934,6.4934,6.4934,6.4934,6.4934,6.4934,6.4934,6.4934,6.4934,6.4934,6.4934,6.4934,6.4934,6.4934,6.4934,6.4934,6.4934,6.4934,6.4934,6.4934,6.4934,6.4934,6.4934,6.4934,6.4934,6.4934,6.4934,6.4934,6.4934,6.4934,6.4934,6.4934,6.4934,6.4934,6.4934,6.4934,6.4934,6.4934,6.4934,6.4934,6.4934,6.4934,6.4934,6.4934,6.4934,6.4934,6.4934,6.4934,6.4934,6.4934,6.4934,6.4934,6.4934,6.4934,6.4934,6.4934,6.4934,6.4934,6.4934,6.4934,6.4934,6.4934,6.4934,6.4934,6.4934,6.4934,6.4934,6.4934,6.4934,6.4934,6.4934,6.4934,6.4934,6.4934,6.4934,6.4934,6.4934,6.4934,6.4934,6.4934,6.4934,6.4934,6.4934,6.4934,6.4934,6.4934,6.4934,6.4934,6.4934,6.4934,6.4934,6.4934,6.4934,6.4934,6.4934,6.4934,6.4934,6.4934,6.4934,6.4934,6.4934,6.4934,6.4934,6.4934,6.4934,6.4934,6.4934,6.4934,6.4934,6.4934,6.4934,6.4934,6.4934,6.4934,6.4934,6.4934,6.4934,6.4934,6.4934,6.4934,6.4934,6.4934,6.4934,6.4934,6.4934,6.4934,6.4934,6.4934,6.4934,6.4934,6.4934,6.4934,6.4934,6.4934,6.4934,6.4934,6.4934,6.4934,6.4934,6.4934,6.4934,6.4934,6.4934,6.4934,6.4934,6.4934,6.4934,6.4934,6.4934,6.4934,6.4934,6.4934,6.4934,6.4934,6.4934,6.4934,6.4934,6.4934,6.4934,6.4934,6.4934,6.4934,6.4934,6.4934,6.4934,6.4934,6.4934,6.4934,6.4934,6.4934,6.4934,6.4934,6.4934,6.4934,6.4934,6.4934,6.4934,6.4934,6.4934,6.4934,6.4934,6.4934,6.4934,6.4934,6.4934,6.4934,6.4934,6.4934,6.4934,6.4934,6.4934,6.4934,6.4934,6.4934,6.4934,6.4934,6.4934,6.4934,6.4934,6.4934,6.4934,6.4934,6.4934,6.4934,6.4934,6.4934,6.4934,6.4934,6.4934,6.4934,6.4934,6.4934,6.4934,6.4934,6.4934,6.4934,6.4934,6.4934,6.4934,6.4934,6.4934,6.4934,6.4934,6.4934,6.4934,6.4934,6.4934,6.4934,6.4934,6.4934,6.4934,6.4934,6.4934,6.4934,6.4934,6.4934,6.4934,6.4934,6.4934,6.4934,6.4934,6.4934,6.4934,6.4934,6.4934,6.4934,6.4934,6.4934,6.4934,6.4934,6.4934,6.4934,6.4934,6.4934,6.4934,6.4934,6.4934,6.4934,6.4934,6.4934,6.4934,6.4934,6.4934,6.4934,6.4934,6.4934,6.4934,6.4934,6.4934,6.4934,6.4934,6.4934,6.4934,6.4934,6.4934,6.4934,6.4934,6.4934,6.4934,6.4934,6.4934,6.4934,6.4934,6.4934,6.4934,6.4934,6.4934,6.4934,6.4934,6.4934,6.4934,6.4934,6.4934,6.4934,6.4934,6.4934,6.4934,6.4934,6.4934,6.4934,6.4934,6.4934,6.4934,6.4934,6.4934,6.4934,6.4934,6.4934,6.4934,6.4934,6.4934,6.4934,6.4934,6.4934,6.4934,6.4934,6.4934,6.4934,6.4934,6.4934,6.4934,6.4934,6.4934,6.4934,6.4934,6.4934,6.4934,6.4934,6.4934,6.4934,6.4934,6.4934,6.4934,6.4934,6.4934,6.4934,6.4934,6.4934,6.4934,6.4934,6.4934,6.4934,6.4934,6.4934,6.4934,6.4934,6.4934,6.4934,6.4934,6.4934,6.4934,6.4934,6.4934,6.4934,6.4934,6.4934,6.4934,6.4934,6.4934,6.4934,6.4934,6.4934,6.4934,6.4934,6.4934,6.4934,6.4934,6.4934,6.4934,6.4934,6.4934,6.4934,6.4934,6.4934,6.4934,6.4934,6.4934,6.4934,6.4934,6.4934,6.4934,6.4934,6.4934,6.4934,6.4934,6.4934,6.4934,6.4934,6.4934,6.4934,6.4934,6.4934,6.4934,6.4934,6.4934,6.4934,6.4934,6.4934,6.4934,6.4934,6.4934,6.4934,6.4934,6.4934,6.4934,6.4934,6.4934,6.4934,6.4934,6.4934,6.4934,6.4934,6.4934,6.4934,6.4934,6.4934,6.4934,6.4934,6.4934,6.4934,6.4934,6.4934,6.4934,6.4934,6.4934,6.4934,6.4934,6.4934,6.4934,6.4934,6.4934,6.4934,6.4934,6.4934,6.4934,6.4934,6.4934,6.4934,6.4934,6.4934,6.4934,6.4934,6.4934,6.4934,6.4934,6.4934,6.4934,6.4934,6.4934,6.4934,6.4934,6.4934,6.4934,6.4934,6.4934,6.4934,6.4934,6.4934,6.4934,6.4934,6.4934,6.4934,6.4934,6.4934,6.4934,6.4934,6.4934,6.4934,6.4934,6.4934,6.4934,6.4934,6.4934,6.4934,6.4934,6.4934,6.4934,6.4934,6.4934,6.4934,6.4934,6.4934,6.4934,6.4934,6.4934,6.4934,6.4934,6.4934,6.4934,6.4934,6.4934,6.4934,6.4934,6.4934,6.4934,6.4934,6.4934,6.4934,6.4934,6.4934,6.4934,6.4934,6.4934,6.4934,6.4934,6.4934,6.4934,6.4934,6.4934,6.4934,6.4934,6.4934,6.4934,6.4934,6.4934,6.4934,6.4934,6.4934,6.4934,6.4934,6.4934,6.4934,6.4934,6.4934,6.4934,6.4934,6.4934,6.4934,6.4934,6.4934,6.4934,6.4934,6.4934,6.4934,6.4934,6.4934,6.4934,6.4934,6.4934,6.4934,6.4934,6.4934,6.4934,6.4934,6.4934,6.4934,6.4934,6.4934,6.4934,6.4934,6.4934,6.4934,6.4934,6.4934,6.4934,6.4934,6.4934,6.4934,6.4934,6.4934,6.4934,6.4934,6.4934,6.4934,6.4934,6.4934,6.4934,6.4934,6.4934,6.4934,6.4934,6.4934,6.4934,6.4934,6.4934,6.4934,6.4934,6.4934,6.4934,6.4934,6.4934,6.4934,6.4934,6.4934,6.4934,6.4934,6.4934,6.4934,6.4934,6.4934,6.4934,6.4934,6.4934,6.4934,6.4934,6.4934,6.4934,6.4934,6.4934,6.4934,6.4934,6.4934,6.4934,6.4934,6.4934,6.4939,6.4939,6.4939,6.4939,6.4939,6.4939,6.4939,6.4939,6.4939,6.4939,6.4939,6.4939,6.4939,6.4939,6.4939,6.4939,6.4939,6.4939,6.4939,6.4939,6.4939,6.4939,6.4939,6.4939,6.4939,6.4939,6.4939,6.4939,6.4939,6.4939,6.4939,6.4939,6.4939,6.4939,6.4939,6.4939,6.4939,6.4939,6.4939,6.4939,6.4939,6.4939,6.4939,6.4939,6.4939,6.4939,6.4939,6.4939,6.4939,6.4939,6.4939,6.4939,6.4939,6.4939,6.4939,6.4939,6.4939,6.4939,6.4939,6.4939,6.4939,6.4939,6.4939,6.4939,6.4939,6.4939,6.4939,6.4939,6.4939,6.4939,6.4939,6.4939,6.4939,6.4939,6.4939,6.4939,6.4939,6.4939,6.4939,6.4939,6.4939,6.4939,6.4939,6.4939,6.4939,6.4939,6.4939,6.4939,6.4939,6.4939,6.4939,6.4939,6.4939,6.4939,6.4939,6.4939
6.4889,6.4889,6.4889,6.4889,6.4889,6.4889,6.4889,6.4889,6.4889,6.4889,6.4889,6.4889,6.4889,6.4889,6.4889,6.4889,6.4889,6.4889,6.4889,6.4889,6.4889,6.4889,6.4889,6.4889,6.4889,6.4889,6.4889,6.4889,6.4889,6.4889,6.4889,6.4889,6.4889,6.4889,6.4889,6.4889,6.4889,6.4889,6.4889,6.4889,6.4889,6.4889,6.4889,6.4889,6.4889,6.4889,6.4889,6.4889,6.4889,6.4889,6.4889,6.4889,6.4889,6.4889,6.4889,6.4889,6.4889,6.4889,6.4889,6.4889,6.4889,6.4889,6.4889,6.4889,6.4889,6.4889,6.4889,6.4889,6.4889,6.4889,6.4889,6.4889,6.4889,6.4889,6.4889,6.4889,6.4889,6.4889,6.4889,6.4889,6.4889,6.4889,6.4889,6.4889,6.4889,6.4889,6.4889,6.4889,6.4889,6.4889,6.4889,6.4889,6.4889,6.4889,6.4889,6.4889,6.4889,6.4889,6.4889,6.4889,6.4889,6.4889,6.4889,6.4889,6.4889,6.4889,6.4889,6.4889,6.4889,6.4889,6.4889,6.4889,6.4889,6.4889,6.4889,6.4889,6.4889,6.4889,6.4889,6.4889,6.4889,6.4889,6.4889,6.4889,6.4889,6.4889,6.4889,6.4889,6.4889,6.4889,6.4889,6.4889,6.4889,6.4889,6.4889,6.4889,6.4889,6.4889,6.4889,6.4889,6.4889,6.4889,6.4889,6.4889,6.4889,6.4889,6.4889,6.4889,6.4889,6.4889,6.4889,6.4889,6.4889,6.4889,6.4889,6.4889,6.4889,6.4889,6.4889,6.4889,6.4889,6.4889,6.4889,6.4889,6.4889,6.4889,6.4889,6.4889,6.4889,6.4889,6.4889,6.4889,6.4889,6.4889,6.4889,6.4889,6.4889,6.4889,6.4889,6.4889,6.4889,6.4889,6.4889,6.4889,6.4889,6.4889,6.4889,6.4889,6.4889,6.4889,6.4889,6.4889,6.4889,6.4889,6.4889,6.4889,6.4889,6.4889,6.4889,6.4889,6.4889,6.4889,6.4889,6.4889,6.4889,6.4889,6.4889,6.4889,6.4889,6.4889,6.4889,6.4889,6.4889,6.4889,6.4889,6.4889,6.4889,6.4889,6.4889,6.4889,6.4889,6.4889,6.4889,6.4889,6.4889,6.4889,6.4889,6.4889,6.4889,6.4889,6.4889,6.4889,6.4889,6.4889,6.4889,6.4889,6.4889,6.4889,6.4889,6.4889,6.4889,6.4889,6.4889,6.4889,6.4889,6.4889,6.4889,6.4889,6.4889,6.4889,6.4889,6.4889,6.4889,6.4889,6.4889,6.4889,6.4889,6.4889,6.4889,6.4889,6.4889,6.4889,6.4889,6.4889,6.4889,6.4889,6.4889,6.4889,6.4889,6.4889,6.4889,6.4889,6.4889,6.4889,6.4889,6.4889,6.4889,6.4889,6.4889,6.4889,6.4889,6.4889,6.4889,6.4889,6.4889,6.4889,6.4889,6.4889,6.4889,6.4889,6.4889,6.4889,6.4889,6.4889,6.4889,6.4889,6.4889,6.4889,6.4889,6.4889,6.4889,6.4889,6.4889,6.4889,6.4889,6.4889,6.4889,6.4889,6.4889,6.4889,6.4889,6.4889,6.4889,6.4889,6.4889,6.4889,6.4889,6.4889,6.4889,6.4889,6.4889,6.4889,6.4889,6.4889,6.4889,6.4889,6.4889,6.4889,6.4889,6.4889,6.4889,6.4889,6.4889,6.4889,6.4889,6.4889,6.4889,6.4889,6.4889,6.4889,6.4889,6.4889,6.4889,6.4889,6.4889,6.4889,6.4889,6.4889,6.4889,6.4889,6.4889,6.4889,6.4889,6.4889,6.4889,6.4889,6.4889,6.4889,6.4889,6.4889,6.4889,6.4889,6.4889,6.4889,6.4889,6.4889,6.4889,6.4889,6.4889,6.4889,6.4889,6.4889,6.4889,6.4889,6.4889,6.4889,6.4889,6.4889,6.4889,6.4889,6.4889,6.4889,6.4889,6.4889,6.4889,6.4889,6.4889,6.4889,6.4889,6.4889,6.4889,6.4889,6.4889,6.4889,6.4889,6.4889,6.4889,6.4889,6.4889,6.4889,6.4889,6.4889,6.4889,6.4889,6.4889,6.4889,6.4889,6.4889,6.4889,6.4889,6.4889,6.4889,6.4889,6.4889,6.4889,6.4889,6.4889,6.4889,6.4889,6.4889,6.4889,6.4889,6.4889,6.4889,6.4889,6.4889,6.4889,6.4889,6.4889,6.4889,6.4889,6.4889,6.4889,6.4889,6.4889,6.4889,6.4889,6.4889,6.4889,6.4889,6.4889,6.4889,6.4889,6.4889,6.4889,6.4889,6.4889,6.4889,6.4889,6.4889,6.4889,6.4889,6.4889,6.4889,6.4889,6.4889,6.4889,6.4889,6.4889,6.4889,6.4889,6.4889,6.4889,6.4889,6.4889,6.4889,6.4889,6.4889,6.4889,6.4889,6.4889,6.4889,6.4889,6.4889,6.4889,6.4889,6.4889,6.4889,6.4889,6.4889,6.4889,6.4889,6.4889,6.4889,6.4889,6.4889,6.4889,6.4889,6.4889,6.4889,6.4889,6.4889,6.4889,6.4889,6.4889,6.4889,6.4889,6.4889,6.4889,6.4889,6.4889,6.4889,6.4889,6.4889,6.4889,6.4889,6.4889,6.4889,6.4889,6.4889,6.4889,6.4889,6.4889,6.4889,6.4889,6.4889,6.4889,6.4889,6.4889,6.4889,6.4889,6.4889,6.4889,6.4889,6.4889,6.4889,6.4889,6.4889,6.4889,6.4889,6.4889,6.4889,6.4889,6.4889,6.4889,6.4889,6.4889,6.4889,6.4889,6.4889,6.4889,6.4889,6.4889,6.4889,6.4889,6.4889,6.4889,6.4889,6.4889,6.4889,6.4889,6.4889,6.4889,6.4889,6.4889,6.4889,6.4889,6.4889,6.4889,6.4889,6.4889,6.4889,6.4889,6.4889,6.4889,6.4889,6.4889,6.4889,6.4889,6.4889,6.4889,6.4889,6.4889,6.4889,6.4889,6.4889,6.4889,6.4889,6.4889,6.4889,6.4889,6.4889,6.4889,6.4889,6.4889,6.4889,6.4889,6.4889,6.4889,6.4889,6.4889,6.4889,6.4889,6.4889,6.4889,6.4889,6.4889,6.4889,6.4889,6.4889,6.4889,6.4889,6.4889,6.4889,6.4889,6.4889,6.4889,6.4889,6.4889,6.4889,6.4889,6.4889,6.4889,6.4889,6.4889,6.4889,6.4889,6.4889,6.4889,6.4889,6.4889,6.4889,6.4889,6.4889,6.4889,6.4889,6.4889,6.4889,6.4889,6.4889,6.4889,6.4889,6.4889,6.4889,6.4889,6.4889,6.4889,6.4889,6.4889,6.4889,6.4889,6.4889,6.4889,6.4889,6.4889,6.4889,6.4889,6.4889,6.4889,6.4889,6.4889,6.4889,6.4889,6.4889,6.4889,6.4889,6.4889,6.4889,6.4889,6.4889,6.4889,6.4889,6.4889,6.4889,6.4889,6.4889,6.4889,6.4889,6.4889,6.4889,6.4889,6.4889,6.4889,6.4889,6.4889,6.4889,6.4889,6.4889,6.4889,6.4889,6.4889,6.4889,6.4889,6.4889,6.4889,6.4889,6.4889,6.4889,6.4889,6.4889,6.4889,6.4889,6.4889,6.4889,6.4889,6.4889,6.4889,6.4889,6.4889,6.4889,6.4889,6.4889,6.4889,6.4889,6.4889,6.4889,6.4889,6.4889,6.4889,6.4889,6.4889,6.4889,6.4889,6.4889,6.4889,6.4889,6.4889,6.4889,6.4889,6.4889,6.4889,6.4889,6.4889,6.4889,6.4889,6.4889,6.4889,6.4889,6.4889,6.4889,6.4889,6.4889,6.4889,6.4889,6.4889,6.4889,6.4889,6.4889,6.4889,6.4889,6.4889,6.4889,6.4889,6.4889,6.4889,6.4889,6.4889,6.4889,6.4889,6.4889,6.4889,6.4889,6.4889,6.4889,6.4889,6.4889,6.4889,6.4889,6.4889,6.4889,6.4889,6.4889,6.4889,6.4889,6.4889,6.4889,6.4889,6.4889,6.4889,6.4889,6.4889,6.4889,6.4889,6.4889,6.4889,6.4889,6.4889,6.4889,6.4889,6.4889,6.4889,6.4889,6.4889,6.4889,6.4889,6.4889,6.4889,6.4889,6.4889,6.4889,6.4889,6.4889,6.4889,6.4889,6.4889,6.4889,6.4889,6.4889,6.4889,6.4889,6.4889,6.4889,6.4889,6.4889,6.4889,6.4889,6.4889,6.4889,6.4889,6.4889,6.4889,6.4889,6.4889,6.4889,6.4889,6.4889,6.4889,6.4889,6.4889,6.4889,6.4889,6.4889,6.4889,6.4889,6.4889,6.4889,6.4889,6.4889,6.4889,6.4889,6.4889,6.4889,6.4889,6.4889,6.4889,6.4889,6.4889,6.4889,6.4889,6.4889,6.4889,6.4889,6.4889,6.4889,6.4889,6.4889,6.4889,6.4889,6.4889,6.4889,6.4889,6.4889,6.4889,6.4889,6.4889,6.4889,6.4889,6.4889,6.4889,6.4889,6.4889,6.4889,6.4889,6.4889,6.4889,6.4889,6.4889,6.4889,6.4889,6.4889,6.4889,6.4889,6.4889,6.4889,6.4889,6.4889,6.4889,6.4889,6.4889,6.4889,6.4889,6.4889,6.4889,6.4889,6.4889,6.4889,6.4889,6.4889,6.4889,6.4889,6.4889,6.4889,6.4889,6.4889,6.4889,6.4889,6.4889,6.4889,6.4889,6.4889,6.4889,6.4889,6.4889,6.4889,6.4889,6.4889,6.4889,6.4889,6.4889,6.4889,6.4889,6.4889,6.4889,6.4889,6.4889,6.4889,6.4889,6.4889,6.4889,6.4889,6.4889,6.4889,6.4889,6.4889,6.4889,6.4889,6.4889,6.4889,6.4889,6.4889,6.4889,6.4889,6.4889,6.4889,6.4889,6.4889,6.4889,6.4889,6.4889,6.4889,6.4889,6.4889,6.4889,6.4889,6.4889,6.4889,6.4889,6.4889,6.4889,6.4889,6.4889,6.4889,6.4889,6.4889,6.4889,6.4889,6.4889,6.4889,6.4889,6.4889
6.4847,6.4847,6.4847,6.4847,6.4847,6.4847,6.4847,6.4847,6.4847,6.4847,6.4847,6.4847,6.4847,6.4847,6.4847,6.4847,6.4847,6.4847,6.4847,6.4847,6.4847,6.4847,6.4847,6.4847,6.4847,6.4847,6.4847,6.4847,6.4847,6.4847,6.4847,6.4847,6.4847,6.4847,6.4847,6.4847,6.4847,6.4847,6.4847,6.4847,6.4847,6.4847,6.4847,6.4847,6.4847,6.4847,6.4847,6.4847,6.4847,6.4847,6.4847,6.4847,6.4847,6.4847,6.4847,6.4847,6.4847,6.4847,6.4847,6.4847,6.4847,6.4847,6.4847,6.4847,6.4847,6.4847,6.4847,6.4847,6.4847,6.4847,6.4847,6.4847,6.4847,6.4847,6.4847,6.4847,6.4847,6.4847,6.4847,6.4847,6.4847,6.4847,6.4847,6.4847,6.4847,6.4847,6.4847,6.4847,6.4847,6.4847,6.4847,6.4847,6.4847,6.4847,6.4847,6.4847,6.4847,6.4847,6.4847,6.4847,6.4847,6.4847,6.4847,6.4847,6.4847,6.4847,6.4847,6.4847,6.4847,6.4847,6.4847,6.4847,6.4847,6.4847,6.4847,6.4847,6.4847,6.4847,6.4847,6.4847,6.4847,6.4847,6.4847,6.4847,6.4847,6.4847,6.4847,6.4847,6.4847,6.4847,6.4847,6.4847,6.4847,6.4847,6.4847,6.4847,6.4847,6.4847,6.4847,6.4847,6.4847,6.4847,6.4847,6.4847,6.4847,6.4847,6.4847,6.4847,6.4847,6.4847,6.4847,6.4847,6.4847,6.4847,6.4847,6.4847,6.4847,6.4847,6.4847,6.4847,6.4847,6.4847,6.4847,6.4847,6.4847,6.4847,6.4847,6.4847,6.4847,6.4847,6.4847,6.4847,6.4847,6.4847,6.4847,6.4847,6.4847,6.4847,6.4847,6.4847,6.4847,6.4847,6.4847,6.4847,6.4847,6.4847,6.4847,6.4847,6.4847,6.4847,6.4847,6.4847,6.4847,6.4847,6.4847,6.4847,6.4847,6.4847,6.4847,6.4847,6.4847,6.4847,6.4847,6.4847,6.4847,6.4847,6.4847,6.4847,6.4847,6.4847,6.4847,6.4847,6.4847,6.4847,6.4847,6.4847,6.4847,6.4847,6.4847,6.4847,6.4847,6.4847,6.4847,6.4847,6.4847,6.4847,6.4847,6.4847,6.4847,6.4847,6.4847,6.4847,6.4847,6.4847,6.4847,6.4847,6.4847,6.4847,6.4847,6.4847,6.4847,6.4847,6.4847,6.4847,6.4847,6.4847,6.4847,6.4847,6.4847,6.4847,6.4847,6.4847,6.4847,6.4847,6.4847,6.4847,6.4847,6.4847,6.4847,6.4847,6.4847,6.4847,6.4847,6.4847,6.4847,6.4847,6.4847,6.4847,6.4847,6.4847,6.4847,6.4847,6.4847,6.4847,6.4847,6.4847,6.4847,6.4847,6.4847,6.4847,6.4847,6.4847,6.4847,6.4847,6.4847,6.4847,6.4847,6.4847,6.4847,6.4847,6.4847,6.4847,6.4847,6.4847,6.4847,6.4847,6.4847,6.4847,6.4847,6.4847,6.4847,6.4847,6.4847,6.4847,6.4847,6.4847,6.4847,6.4847,6.4847,6.4847,6.4847,6.4847,6.4847,6.4847,6.4847,6.4847,6.4847,6.4847,6.4847,6.4847,6.4847,6.4847,6.4847,6.4847,6.4847,6.4847,6.4847,6.4847,6.4847,6.4847,6.4847,6.4847,6.4847,6.4847,6.4847,6.4847,6.4847,6.4847,6.4847,6.4847,6.4847,6.4847,6.4847,6.4847,6.4847,6.4847,6.4847,6.4847,6.4847,6.4847,6.4847,6.4847,6.4847,6.4847,6.4847,6.4847,6.4847,6.4847,6.4847,6.4847,6.4847,6.4847,6.4847,6.4847,6.4847,6.4847,6.4847,6.4847,6.4847,6.4847,6.4847,6.4847,6.4847,6.4847,6.4847,6.4847,6.4847,6.4847,6.4847,6.4847,6.4847,6.4847,6.4847,6.4847,6.4847,6.4847,6.4847,6.4847,6.4847,6.4847,6.4847,6.4847,6.4847,6.4847,6.4847,6.4847,6.4847,6.4847,6.4847,6.4847,6.4847,6.4847,6.4847,6.4847,6.4847,6.4847,6.4847,6.4847,6.4847,6.4847,6.4847,6.4847,6.4847,6.4847,6.4847,6.4847,6.4847,6.4847,6.4847,6.4847,6.4847,6.4847,6.4847,6.4847,6.4847,6.4847,6.4847,6.4847,6.4847,6.4847,6.4847,6.4847,6.4847,6.4847,6.4847,6.4847,6.4847,6.4847,6.4847,6.4847,6.4847,6.4847,6.4847,6.4847,6.4847,6.4847,6.4847,6.4847,6.4847,6.4847,6.4847,6.4847,6.4847,6.4847,6.4847,6.4847,6.4847,6.4847,6.4847,6.4847,6.4847,6.4847,6.4847,6.4847,6.4847,6.4847,6.4847,6.4847,6.4847,6.4847,6.4847,6.4847,6.4847,6.4847,6.4847,6.4847,6.4847,6.4847,6.4847,6.4847,6.4847,6.4847,6.4847,6.4847,6.4847,6.4847,6.4847,6.4847,6.4847,6.4847,6.4847,6.4847,6.4847,6.4847,6.4847,6.4847,6.4847,6.4847,6.4847,6.4847,6.4847,6.4847,6.4847,6.4847,6.4847,6.4847,6.4847,6.4847,6.4847,6.4847,6.4847,6.4847,6.4847,6.4847,6.4847,6.4847,6.4847,6.4847,6.4847,6.4847,6.4847,6.4847,6.4847,6.4847,6.4847,6.4847,6.4847,6.4847,6.4847,6.4847,6.4847,6.4847,6.4847,6.4847,6.4847,6.4847,6.4847,6.4847,6.4847,6.4847,6.4847,6.4847,6.4847,6.4847,6.4847,6.4847,6.4847,6.4847,6.4847,6.4847,6.4847,6.4847,6.4847,6.4847,6.4847,6.4847,6.4847,6.4847,6.4847,6.4847,6.4847,6.4847,6.4847,6.4847,6.4847,6.4847,6.4847,6.4847,6.4847,6.4847,6.4847,6.4847,6.4847,6.4847,6.4847,6.4847,6.4847,6.4847,6.4847,6.4847,6.4847,6.4847,6.4847,6.4847,6.4847,6.4847,6.4847,6.4847,6.4847,6.4847,6.4847,6.4847,6.4847,6.4847,6.4847,6.4847,6.4847,6.4847,6.4847,6.4847,6.4847,6.4847,6.4847,6.4847,6.4847,6.4847,6.4847,6.4847,6.4847,6.4847,6.4847,6.4847,6.4847,6.4847,6.4847,6.4847,6.4847,6.4847,6.4847,6.4847,6.4847,6.4847,6.4847,6.4847,6.4847,6.4847,6.4847,6.4847,6.4847,6.4847,6.4847,6.4847,6.4847,6.4847,6.4847,6.4847,6.4847,6.4847,6.4847,6.4847,6.4847,6.4847,6.4847,6.4847,6.4847,6.4847,6.4847,6.4847,6.4847,6.4847,6.4847,6.4847,6.4847,6.4847,6.4847,6.4847,6.4847,6.4847,6.4847,6.4847,6.4847,6.4847,6.4847,6.4847,6.4847,6.4847,6.4847,6.4847,6.4847,6.4847,6.4847,6.4847,6.4847,6.4847,6.4847,6.4847,6.4847,6.4847,6.4847,6.4847,6.4847,6.4847,6.4847,6.4847,6.4847,6.4847,6.4847,6.4847,6.4847,6.4847,6.4847,6.4847,6.4847,6.4847,6.4847,6.4847,6.4847,6.4847,6.4847,6.4847,6.4847,6.4847,6.4847,6.4847,6.4847,6.4847,6.4847,6.4847,6.4847,6.4847,6.4847,6.4847,6.4847,6.4847,6.4847,6.4847,6.4847,6.4847,6.4847,6.4847,6.4847,6.4847,6.4847,6.4847,6.4847,6.4847,6.4847,6.4847,6.4847,6.4847,6.4847,6.4847,6.4847,6.4847,6.4847,6.4847,6.4847,6.4847,6.4847,6.4847,6.4847,6.4847,6.4847,6.4847,6.4847,6.4847,6.4847,6.4847,6.4847,6.4847,6.4847,6.4847,6.4847,6.4847,6.4847,6.4847,6.4847,6.4847,6.4847,6.4847,6.4847,6.4847,6.4847,6.4847,6.4847,6.4847,6.4847,6.4847,6.4847,6.4847,6.4847,6.4847,6.4847,6.4847,6.4847,6.4847,6.4847,6.4847,6.4847,6.4847,6.4847,6.4847,6.4847,6.4847,6.4847,6.4847,6.4847,6.4847,6.4847,6.4847,6.4847,6.4847,6.4847,6.4847,6.4847,6.4847,6.4847,6.4847,6.4847,6.4847,6.4847,6.4847,6.4847,6.4847,6.4847,6.4847,6.4847,6.4847,6.4847,6.4847,6.4847,6.4847,6.4847,6.4847,6.4847,6.4847,6.4847,6.4847,6.4847,6.4847,6.4847,6.4847,6.4847,6.4847,6.4847,6.4847,6.4847,6.4847,6.4847,6.4847,6.4847,6.4847,6.4847,6.4847,6.4847,6.4847,6.4847,6.4847,6.4847,6.4847,6.4847,6.4847,6.4847,6.4847,6.4847,6.4847,6.4847,6.4847,6.4847,6.4847,6.4847,6.4847,6.4847,6.4847,6.4847,6.4847,6.4847,6.4847,6.4847,6.4847,6.4847,6.4847,6.4847,6.4847,6.4847,6.4847,6.4847,6.4847,6.4847,6.4847,6.4847,6.4847,6.4847,6.4847,6.4847,6.4847,6.4847,6.4847,6.4847,6.4847,6.4847,6.4847,6.4847,6.4847,6.4847,6.4847,6.4847,6.4847,6.4847,6.4847,6.4847,6.4847,6.4847,6.4847,6.4847,6.4847,6.4847,6.4847,6.4847,6.4847,6.4847,6.4847,6.4847,6.4847,6.4847,6.4847,6.4847,6.4847,6.4847,6.4847,6.4847,6.4847,6.4847,6.4847,6.4847,6.4847,6.4847,6.4847,6.4847,6.4847,6.4847,6.4847,6.4847,6.4847,6.4847,6.4847,6.4847,6.4847,6.4847,6.4847,6.4847,6.4847,6.4847,6.4847,6.4847,6.4847,6.4847,6.4847,6.4847,6.4847,6.4847,6.4847,6.4847,6.4847,6.4847,6.4847,6.4847,6.4847,6.4847,6.4847,6.4847,6.4847,6.4847,6.4847,6.4847,6.4847,6.4847,6.4847,6.4847,6.4847
6.4799,6.4799,6.4799,6.4799,6.4799,6.4799,6.4799,6.4799,6.4799,6.4799,6.4799,6.4799,6.4799,6.4799,6.4799,6.4799,6.4799,6.4799,6.4799,6.4799,6.4799,6.4799,6.4799,6.4799,6.4799,6.4799,6.4799,6.4799,6.4799,6.4799,6.4799,6.4799,6.4799,6.4799,6.4799,6.4799,6.4799,6.4799,6.4799,6.4799,6.4799,6.4799,6.4799,6.4799,6.4799,6.4799,6.4799,6.4799,6.4799,6.4799,6.4799,6.4799,6.4799,6.4799,6.4799,6.4799,6.4799,6.4799,6.4799,6.4799,6.4799,6.4799,6.4799,6.4799,6.4799,6.4799,6.4799,6.4799,6.4799,6.4799,6.4799,6.4799,6.4799,6.4799,6.4799,6.4799,6.4799,6.4799,6.4799,6.4799,6.4799,6.4799,6.4799,6.4799,6.4799,6.4799,6.4799,6.4799,6.4799,6.4799,6.4799,6.4799,6.4799,6.4799,6.4799,6.4799,6.4799,6.4799,6.4799,6.4799,6.4799,6.4799,6.4799,6.4799,6.4799,6.4799,6.4799,6.4799,6.4799,6.4799,6.4799,6.4799,6.4799,6.4799,6.4799,6.4799,6.4799,6.4799,6.4799,6.4799,6.4799,6.4799,6.4799,6.4799,6.4799,6.4799,6.4799,6.4799,6.4799,6.4799,6.4799,6.4799,6.4799,6.4799,6.4799,6.4799,6.4799,6.4799,6.4799,6.4799,6.4799,6.4799,6.4799,6.4799,6.4799,6.4799,6.4799,6.4799,6.4799,6.4799,6.4799,6.4799,6.4799,6.4799,6.4799,6.4799,6.4799,6.4799,6.4799,6.4799,6.4799,6.4799,6.4799,6.4799,6.4799,6.4799,6.4799,6.4799,6.4799,6.4799,6.4799,6.4799,6.4799,6.4799,6.4799,6.4799,6.4799,6.4799,6.4799,6.4799,6.4799,6.4799,6.4799,6.4799,6.4799,6.4799,6.4799,6.4799,6.4799,6.4799,6.4799,6.4799,6.4799,6.4799,6.4799,6.4799,6.4799,6.4799,6.4799,6.4799,6.4799,6.4799,6.4799,6.4799,6.4799,6.4799,6.4799,6.4799,6.4799,6.4799,6.4799,6.4799,6.4799,6.4799,6.4799,6.4799,6.4799,6.4799,6.4799,6.4799,6.4799,6.4799,6.4799,6.4799,6.4799,6.4799,6.4799,6.4799,6.4799,6.4799,6.4799,6.4799,6.4799,6.4799,6.4799,6.4799,6.4799,6.4799,6.4799,6.4799,6.4799,6.4799,6.4799,6.4799,6.4799,6.4799,6.4799,6.4799,6.4799,6.4799,6.4799,6.4799,6.4799,6.4799,6.4799,6.4799,6.4799,6.4799,6.4799,6.4799,6.4799,6.4799,6.4799,6.4799,6.4799,6.4799,6.4799,6.4799,6.4799,6.4799,6.4799,6.4799,6.4799,6.4799,6.4799,6.4799,6.4799,6.4799,6.4799,6.4799,6.4799,6.4799,6.4799,6.4799,6.4799,6.4799,6.4799,6.4799,6.4799,6.4799,6.4799,6.4799,6.4799,6.4799,6.4799,6.4799,6.4799,6.4799,6.4799,6.4799,6.4799,6.4799,6.4799,6.4799,6.4799,6.4799,6.4799,6.4799,6.4799,6.4799,6.4799,6.4799,6.4799,6.4799,6.4799,6.4799,6.4799,6.4799,6.4799,6.4799,6.4799,6.4799,6.4799,6.4799,6.4799,6.4799,6.4799,6.4799,6.4799,6.4799,6.4799,6.4799,6.4799,6.4799,6.4799,6.4799,6.4799,6.4799,6.4799,6.4799,6.4799,6.4799,6.4799,6.4799,6.4799,6.4799,6.4799,6.4799,6.4799,6.4799,6.4799,6.4799,6.4799,6.4799,6.4799,6.4799,6.4799,6.4799,6.4799,6.4799,6.4799,6.4799,6.4799,6.4799,6.4799,6.4799,6.4799,6.4799,6.4799,6.4799,6.4799,6.4799,6.4799,6.4799,6.4799,6.4799,6.4799,6.4799,6.4799,6.4799,6.4799,6.4799,6.4799,6.4799,6.4799,6.4799,6.4799,6.4799,6.4799,6.4799,6.4799,6.4799,6.4799,6.4799,6.4799,6.4799,6.4799,6.4799,6.4799,6.4799,6.4799,6.4799,6.4799,6.4799,6.4799,6.4799,6.4799,6.4799,6.4799,6.4799,6.4799,6.4799,6.4799,6.4799,6.4799,6.4799,6.4799,6.4799,6.4799,6.4799,6.4799,6.4799,6.4799,6.4799,6.4799,6.4799,6.4799,6.4799,6.4799,6.4799,6.4799,6.4799,6.4799,6.4799,6.4799,6.4799,6.4799,6.4799,6.4799,6.4799,6.4799,6.4799,6.4799,6.4799,6.4799,6.4799,6.4799,6.4799,6.4799,6.4799,6.4799,6.4799,6.4799,6.4799,6.4799,6.4799,6.4799,6.4799,6.4799,6.4799,6.4799,6.4799,6.4799,6.4799,6.4799,6.4799,6.4799,6.4799,6.4799,6.4799,6.4799,6.4799,6.4799,6.4799,6.4799,6.4799,6.4799,6.4799,6.4799,6.4799,6.4799,6.4799,6.4799,6.4799,6.4799,6.4799,6.4799,6.4799,6.4799,6.4799,6.4799,6.4799,6.4799,6.4799,6.4799,6.4799,6.4799,6.4799,6.4799,6.4799,6.4799,6.4799,6.4799,6.4799,6.4799,6.4799,6.4799,6.4799,6.4799,6.4799,6.4799,6.4799,6.4799,6.4799,6.4799,6.4799,6.4799,6.4799,6.4799,6.4799,6.4799,6.4799,6.4799,6.4799,6.4799,6.4799,6.4799,6.4799,6.4799,6.4799,6.4799,6.4799,6.4799,6.4799,6.4799,6.4799,6.4799,6.4799,6.4799,6.4799,6.4799,6.4799,6.4799,6.4799,6.4799,6.4799,6.4799,6.4799,6.4799,6.4799,6.4799,6.4799,6.4799,6.4799,6.4799,6.4799,6.4799,6.4799,6.4799,6.4799,6.4799,6.4799,6.4799,6.4799,6.4799,6.4799,6.4799,6.4799,6.4799,6.4799,6.4799,6.4799,6.4799,6.4799,6.4799,6.4799,6.4799,6.4799,6.4799,6.4799,6.4799,6.4799,6.4799,6.4799,6.4799,6.4799,6.4799,6.4799,6.4799,6.4799,6.4799,6.4799,6.4799,6.4799,6.4799,6.4799,6.4799,6.4799,6.4799,6.4799,6.4799,6.4799,6.4799,6.4799,6.4799,6.4799,6.4799,6.4799,6.4799,6.4799,6.4799,6.4799,6.4799,6.4799,6.4799,6.4799,6.4799,6.4799,6.4799,6.4799,6.4799,6.4799,6.4799,6.4799,6.4799,6.4799,6.4799,6.4799,6.4799,6.4799,6.4799,6.4799,6.4799,6.4799,6.4799,6.4799,6.4799,6.4799,6.4799,6.4799,6.4799,6.4799,6.4799,6.4799,6.4799,6.4799,6.4799,6.4799,6.4799,6.4799,6.4799,6.4799,6.4799,6.4799,6.4799,6.4799,6.4799,6.4799,6.4799,6.4799,6.4799,6.4799,6.4799,6.4799,6.4799,6.4799,6.4799,6.4799,6.4799,6.4799,6.4799,6.4799,6.4799,6.4799,6.4799,6.4799,6.4799,6.4799,6.4799,6.4799,6.4799,6.4799,6.4799,6.4799,6.4799,6.4799,6.4799,6.4799,6.4799,6.4799,6.4799,6.4799,6.4799,6.4799,6.4799,6.4799,6.4799,6.4799,6.4799,6.4799,6.4799,6.4799,6.4799,6.4799,6.4799,6.4799,6.4799,6.4799,6.4799,6.4799,6.4799,6.4799,6.4799,6.4799,6.4799,6.4799,6.4799,6.4799,6.4799,6.4799,6.4799,6.4799,6.4799,6.4799,6.4799,6.4799,6.4799,6.4799,6.4799,6.4799,6.4799,6.4799,6.4799,6.4799,6.4799,6.4799,6.4799,6.4799,6.4799,6.4799,6.4799,6.4799,6.4799,6.4799,6.4799,6.4799,6.4799,6.4799,6.4799,6.4799,6.4799,6.4799,6.4799,6.4799,6.4799,6.4799,6.4799,6.4799,6.4799,6.4799,6.4799,6.4799,6.4799,6.4799,6.4799,6.4799,6.4799,6.4799,6.4799,6.4799,6.4799,6.4799,6.4799,6.4799,6.4799,6.4799,6.4799,6.4799,6.4799,6.4799,6.4799,6.4799,6.4799,6.4799,6.4799,6.4799,6.4799,6.4799,6.4799,6.4799,6.4799,6.4799,6.4799,6.4799,6.4799,6.4799,6.4799,6.4799,6.4799,6.4799,6.4799,6.4799,6.4799,6.4799,6.4799,6.4799,6.4799,6.4799,6.4799,6.4799,6.4799,6.4799,6.4799,6.4799,6.4799,6.4799,6.4799,6.4799,6.4799,6.4799,6.4799,6.4799,6.4799,6.4799,6.4799,6.4799,6.4799,6.4799,6.4799,6.4799,6.4799,6.4799,6.4799,6.4799,6.4799,6.4799,6.4799,6.4799,6.4799,6.4799,6.4799,6.4799,6.4799,6.4799,6.4799,6.4799,6.4799,6.4799,6.4799,6.4799,6.4799,6.4799,6.4799,6.4799,6.4799,6.4799,6.4799,6.4799,6.4799,6.4799,6.4799,6.4799,6.4799,6.4799,6.4799,6.4799,6.4799,6.4799,6.4799,6.4799,6.4799,6.4799,6.4799,6.4799,6.4799,6.4799,6.4799,6.4799,6.4799,6.4799,6.4799,6.4799,6.4799,6.4799,6.4799,6.4799,6.4799,6.4799,6.4799,6.4799,6.4799,6.4799,6.4799,6.4799,6.4799,6.4799,6.4799,6.4799,6.4799,6.4799,6.4799,6.4799,6.4799,6.4799,6.4799,6.4799,6.4799,6.4799,6.4799,6.4799,6.4799,6.4799,6.4799,6.4799,6.4799,6.4799,6.4799,6.4799,6.4799,6.4799,6.4799,6.4799,6.4799,6.4799,6.4799,6.4799,6.4799,6.4799,6.4799,6.4799,6.4799,6.4799,6.4799,6.4799,6.4799,6.4799,6.4799,6.4799,6.4799,6.4799,6.4799,6.4799,6.4799,6.4799,6.4799,6.4799,6.4799,6.4799,6.4799,6.4799,6.4799,6.4799,6.4799,6.4799,6.4799,6.4799,6.4799,6.4799,6.4799,6.4799
6.4747,6.4747,6.4747,6.4747,6.4747,6.4747,6.4747,6.4747,6.4747,6.4747,6.4747,6.4747,6.4747,6.4747,6.4747,6.4747,6.4747,6.4747,6.4747,6.4747,6.4747,6.4747,6.4747,6.4747,6.4747,6.4747,6.4747,6.4747,6.4747,6.4747,6.4747,6.4747,6.4747,6.4747,6.4747,6.4747,6.4747,6.4747,6.4747,6.4747,6.4747,6.4747,6.4747,6.4747,6.4747,6.4747,6.4747,6.4747,6.4747,6.4747,6.4747,6.4747,6.4747,6.4747,6.4747,6.4747,6.4747,6.4747,6.4747,6.4747,6.4747,6.4747,6.4747,6.4747,6.4747,6.4747,6.4747,6.4747,6.4747,6.4747,6.4747,6.4747,6.4747,6.4747,6.4747,6.4747,6.4747,6.4747,6.4747,6.4747,6.4747,6.4747,6.4747,6.4747,6.4747,6.4747,6.4747,6.4747,6.4747,6.4747,6.4747,6.4747,6.4747,6.4747,6.4747,6.4747,6.4747,6.4747,6.4747,6.4747,6.4747,6.4747,6.4747,6.4747,6.4747,6.4747,6.4747,6.4747,6.4747,6.4747,6.4747,6.4747,6.4747,6.4747,6.4747,6.4747,6.4747,6.4747,6.4747,6.4747,6.4747,6.4747,6.4747,6.4747,6.4747,6.4747,6.4747,6.4747,6.4747,6.4747,6.4747,6.4747,6.4747,6.4747,6.4747,6.4747,6.4747,6.4747,6.4747,6.4747,6.4747,6.4747,6.4747,6.4747,6.4747,6.4747,6.4747,6.4747,6.4747,6.4747,6.4747,6.4747,6.4747,6.4747,6.4747,6.4747,6.4747,6.4747,6.4747,6.4747,6.4747,6.4747,6.4747,6.4747,6.4747,6.4747,6.4747,6.4747,6.4747,6.4747,6.4747,6.4747,6.4747,6.4747,6.4747,6.4747,6.4747,6.4747,6.4747,6.4747,6.4747,6.4747,6.4747,6.4747,6.4747,6.4747,6.4747,6.4747,6.4747,6.4747,6.4747,6.4747,6.4747,6.4747,6.4747,6.4747,6.4747,6.4747,6.4747,6.4747,6.4747,6.4747,6.4747,6.4747,6.4747,6.4747,6.4747,6.4747,6.4747,6.4747,6.4747,6.4747,6.4747,6.4747,6.4747,6.4747,6.4747,6.4747,6.4747,6.4747,6.4747,6.4747,6.4747,6.4747,6.4747,6.4747,6.4747,6.4747,6.4747,6.4747,6.4747,6.4747,6.4747,6.4747,6.4747,6.4747,6.4747,6.4747,6.4747,6.4747,6.4747,6.4747,6.4747,6.4747,6.4747,6.4747,6.4747,6.4747,6.4747,6.4747,6.4747,6.4747,6.4747,6.4747,6.4747,6.4747,6.4747,6.4747,6.4747,6.4747,6.4747,6.4747,6.4747,6.4747,6.4747,6.4747,6.4747,6.4747,6.4747,6.4747,6.4747,6.4747,6.4747,6.4747,6.4747,6.4747,6.4747,6.4747,6.4747,6.4747,6.4747,6.4747,6.4747,6.4747,6.4747,6.4747,6.4747,6.4747,6.4747,6.4747,6.4747,6.4747,6.4747,6.4747,6.4747,6.4747,6.4747,6.4747,6.4747,6.4747,6.4747,6.4747,6.4747,6.4747,6.4747,6.4747,6.4747,6.4747,6.4747,6.4747,6.4747,6.4747,6.4747,6.4747,6.4747,6.4747,6.4747,6.4747,6.4747,6.4747,6.4747,6.4747,6.4747,6.4747,6.4747,6.4747,6.4747,6.4747,6.4747,6.4747,6.4747,6.4747,6.4747,6.4747,6.4747,6.4747,6.4747,6.4747,6.4747,6.4747,6.4747,6.4747,6.4747,6.4747,6.4747,6.4747,6.4747,6.4747,6.4747,6.4747,6.4747,6.4747,6.4747,6.4747,6.4747,6.4747,6.4747,6.4747,6.4747,6.4747,6.4747,6.4747,6.4747,6.4747,6.4747,6.4747,6.4747,6.4747,6.4747,6.4747,6.4747,6.4747,6.4747,6.4747,6.4747,6.4747,6.4747,6.4747,6.4747,6.4747,6.4747,6.4747,6.4747,6.4747,6.4747,6.4747,6.4747,6.4747,6.4747,6.4747,6.4747,6.4747,6.4747,6.4747,6.4747,6.4747,6.4747,6.4747,6.4747,6.4747,6.4747,6.4747,6.4747,6.4747,6.4747,6.4747,6.4747,6.4747,6.4747,6.4747,6.4747,6.4747,6.4747,6.4747,6.4747,6.4747,6.4747,6.4747,6.4747,6.4747,6.4747,6.4747,6.4747,6.4747,6.4747,6.4747,6.4747,6.4747,6.4747,6.4747,6.4747,6.4747,6.4747,6.4747,6.4747,6.4747,6.4747,6.4747,6.4747,6.4747,6.4747,6.4747,6.4747,6.4747,6.4747,6.4747,6.4747,6.4747,6.4747,6.4747,6.4747,6.4747,6.4747,6.4747,6.4747,6.4747,6.4747,6.4747,6.4747,6.4747,6.4747,6.4747,6.4747,6.4747,6.4747,6.4747,6.4747,6.4747,6.4747,6.4747,6.4747,6.4747,6.4747,6.4747,6.4747,6.4747,6.4747,6.4747,6.4747,6.4747,6.4747,6.4747,6.4747,6.4747,6.4747,6.4747,6.4747,6.4747,6.4747,6.4747,6.4747,6.4747,6.4747,6.4747,6.4747,6.4747,6.4747,6.4747,6.4747,6.4747,6.4747,6.4747,6.4747,6.4747,6.4747,6.4747,6.4747,6.4747,6.4747,6.4747,6.4747,6.4747,6.4747,6.4747,6.4747,6.4747,6.4747,6.4747,6.4747,6.4747,6.4747,6.4747,6.4747,6.4747,6.4747,6.4747,6.4747,6.4747,6.4747,6.4747,6.4747,6.4747,6.4747,6.4747,6.4747,6.4747,6.4747,6.4747,6.4747,6.4747,6.4747,6.4747,6.4747,6.4747,6.4747,6.4747,6.4747,6.4747,6.4747,6.4747,6.4747,6.4747,6.4747,6.4747,6.4747,6.4747,6.4747,6.4747,6.4747,6.4747,6.4747,6.4747,6.4747,6.4747,6.4747,6.4747,6.4747,6.4747,6.4747,6.4747,6.4747,6.4747,6.4747,6.4747,6.4747,6.4747,6.4747,6.4747,6.4747,6.4747,6.4747,6.4747,6.4747,6.4747,6.4747,6.4747,6.4747,6.4747,6.4747,6.4747,6.4747,6.4747,6.4747,6.4747,6.4747,6.4747,6.4747,6.4747,6.4747,6.4747,6.4747,6.4747,6.4747,6.4747,6.4747,6.4747,6.4747,6.4747,6.4747,6.4747,6.4747,6.4747,6.4747,6.4747,6.4747,6.4747,6.4747,6.4747,6.4747,6.4747,6.4747,6.4747,6.4747,6.4747,6.4747,6.4747,6.4747,6.4747,6.4747,6.4747,6.4747,6.4747,6.4747,6.4747,6.4747,6.4747,6.4747,6.4747,6.4747,6.4747,6.4747,6.4747,6.4747,6.4747,6.4747,6.4747,6.4747,6.4747,6.4747,6.4747,6.4747,6.4747,6.4747,6.4747,6.4747,6.4747,6.4747,6.4747,6.4747,6.4747,6.4747,6.4747,6.4747,6.4747,6.4747,6.4747,6.4747,6.4747,6.4747,6.4747,6.4747,6.4747,6.4747,6.4747,6.4747,6.4747,6.4747,6.4747,6.4747,6.4747,6.4747,6.4747,6.4747,6.4747,6.4747,6.4747,6.4747,6.4747,6.4747,6.4747,6.4747,6.4747,6.4747,6.4747,6.4747,6.4747,6.4747,6.4747,6.4747,6.4747,6.4747,6.4747,6.4747,6.4747,6.4747,6.4747,6.4747,6.4747,6.4747,6.4747,6.4747,6.4747,6.4747,6.4747,6.4747,6.4747,6.4747,6.4747,6.4747,6.4747,6.4747,6.4747,6.4747,6.4747,6.4747,6.4747,6.4747,6.4747,6.4747,6.4747,6.4747,6.4747,6.4747,6.4747,6.4747,6.4747,6.4747,6.4747,6.4747,6.4747,6.4747,6.4747,6.4747,6.4747,6.4747,6.4747,6.4747,6.4747,6.4747,6.4747,6.4747,6.4747,6.4747,6.4747,6.4747,6.4747,6.4747,6.4747,6.4747,6.4747,6.4747,6.4747,6.4747,6.4747,6.4747,6.4747,6.4747,6.4747,6.4747,6.4747,6.4747,6.4747,6.4747,6.4747,6.4747,6.4747,6.4747,6.4747,6.4747,6.4747,6.4747,6.4747,6.4747,6.4747,6.4747,6.4747,6.4747,6.4747,6.4747,6.4747,6.4747,6.4747,6.4747,6.4747,6.4747,6.4747,6.4747,6.4747,6.4747,6.4747,6.4747,6.4747,6.4747,6.4747,6.4747,6.4747,6.4747,6.4747,6.4747,6.4747,6.4747,6.4747,6.4747,6.4747,6.4747,6.4747,6.4747,6.4752,6.4752,6.4752,6.4752,6.4752,6.4752,6.4752,6.4752,6.4752,6.4752,6.4752,6.4752,6.4752,6.4752,6.4752,6.4752,6.4752,6.4752,6.4752,6.4752,6.4752,6.4752,6.4752,6.4752,6.4752,6.4752,6.4752,6.4752,6.4752,6.4752,6.4752,6.4752,6.4752,6.4752,6.4752,6.4752,6.4752,6.4752,6.4752,6.4752,6.4752,6.4752,6.4752,6.4752,6.4752,6.4752,6.4752,6.4752,6.4752,6.4752,6.4752,6.4752,6.4752,6.4752,6.4752,6.4752,6.4752,6.4752,6.4752,6.4752,6.4752,6.4752,6.4752,6.4752,6.4752,6.4752,6.4752,6.4752,6.4752,6.4752,6.4752,6.4752,6.4752,6.4752,6.4752,6.4752,6.4752,6.4752,6.4752,6.4752,6.4752,6.4752,6.4752,6.4752,6.4752,6.4752,6.4752,6.4752,6.4752,6.4752,6.4752,6.4752,6.4752,6.4752,6.4752,6.4752,6.4752,6.4752,6.4752,6.4752,6.4752,6.4752,6.4752,6.4752,6.4752,6.4752,6.4752,6.4752,6.4752,6.4752,6.4752,6.4752,6.4752,6.4752,6.4752,6.4752,6.4752,6.4752,6.4752,6.4752,6.4752,6.4752,6.4752,6.4752,6.4752,6.4752,6.4752,6.4752,6.4752,6.4752,6.4752,6.4752,6.4752,6.4752,6.4752,6.4752,6.4752,6.4752,6.4752,6.4752,6.4752,6.4752,6.4752
6.4707,6.4707,6.4707,6.4707,6.4707,6.4707,6.4707,6.4707,6.4707,6.4707,6.4707,6.4707,6.4707,6.4707,6.4707,6.4707,6.4707,6.4707,6.4707,6.4707,6.4707,6.4707,6.4707,6.4707,6.4707,6.4707,6.4707,6.4707,6.4707,6.4707,6.4707,6.4707,6.4707,6.4707,6.4707,6.4707,6.4707,6.4707,6.4707,6.4707,6.4707,6.4707,6.4707,6.4707,6.4707,6.4707,6.4707,6.4707,6.4707,6.4707,6.4707,6.4707,6.4707,6.4707,6.4707,6.4707,6.4707,6.4707,6.4707,6.4707,6.4707,6.4707,6.4707,6.4707,6.4707,6.4707,6.4707,6.4707,6.4707,6.4707,6.4707,6.4707,6.4707,6.4707,6.4707,6.4707,6.4707,6.4707,6.4707,6.4707,6.4707,6.4707,6.4707,6.4707,6.4707,6.4707,6.4707,6.4707,6.4707,6.4707,6.4707,6.4707,6.4707,6.4707,6.4707,6.4707,6.4707,6.4707,6.4707,6.4707,6.4707,6.4707,6.4707,6.4707,6.4707,6.4707,6.4707,6.4707,6.4707,6.4707,6.4707,6.4707,6.4707,6.4707,6.4707,6.4707,6.4707,6.4707,6.4707,6.4707,6.4707,6.4707,6.4707,6.4707,6.4707,6.4707,6.4707,6.4707,6.4707,6.4707,6.4707,6.4707,6.4707,6.4707,6.4707,6.4707,6.4707,6.4707,6.4707,6.4707,6.4707,6.4707,6.4707,6.4707,6.4707,6.4707,6.4707,6.4707,6.4707,6.4707,6.4707,6.4707,6.4707,6.4707,6.4707,6.4707,6.4707,6.4707,6.4707,6.4707,6.4707,6.4707,6.4707,6.4707,6.4707,6.4707,6.4707,6.4707,6.4707,6.4707,6.4707,6.4707,6.4707,6.4707,6.4707,6.4707,6.4707,6.4707,6.4707,6.4707,6.4707,6.4707,6.4707,6.4707,6.4707,6.4707,6.4707,6.4707,6.4707,6.4707,6.4707,6.4707,6.4707,6.4707,6.4707,6.4707,6.4707,6.4707,6.4707,6.4707,6.4707,6.4707,6.4707,6.4707,6.4707,6.4707,6.4707,6.4707,6.4707,6.4707,6.4707,6.4707,6.4707,6.4707,6.4707,6.4707,6.4707,6.4707,6.4707,6.4707,6.4707,6.4707,6.4707,6.4707,6.4707,6.4707,6.4707,6.4707,6.4707,6.4707,6.4707,6.4707,6.4707,6.4707,6.4707,6.4707,6.4707,6.4707,6.4707,6.4707,6.4707,6.4707,6.4707,6.4707,6.4707,6.4707,6.4707,6.4707,6.4707,6.4707,6.4707,6.4707,6.4707,6.4707,6.4707,6.4707,6.4707,6.4707,6.4707,6.4707,6.4707,6.4707,6.4707,6.4707,6.4707,6.4707,6.4707,6.4707,6.4707,6.4707,6.4707,6.4707,6.4707,6.4707,6.4707,6.4707,6.4707,6.4707,6.4707,6.4707,6.4707,6.4707,6.4707,6.4707,6.4707,6.4707,6.4707,6.4707,6.4707,6.4707,6.4707,6.4707,6.4707,6.4707,6.4707,6.4707,6.4707,6.4707,6.4707,6.4707,6.4707,6.4707,6.4707,6.4707,6.4707,6.4707,6.4707,6.4707,6.4707,6.4707,6.4707,6.4707,6.4707,6.4707,6.4707,6.4707,6.4707,6.4707,6.4707,6.4707,6.4707,6.4707,6.4707,6.4707,6.4707,6.4707,6.4707,6.4707,6.4707,6.4707,6.4707,6.4707,6.4707,6.4707,6.4707,6.4707,6.4707,6.4707,6.4707,6.4707,6.4707,6.4707,6.4707,6.4707,6.4707,6.4707,6.4707,6.4707,6.4707,6.4707,6.4707,6.4707,6.4707,6.4707,6.4707,6.4707,6.4707,6.4707,6.4707,6.4707,6.4707,6.4707,6.4707,6.4707,6.4707,6.4707,6.4707,6.4707,6.4707,6.4707,6.4707,6.4707,6.4707,6.4707,6.4707,6.4707,6.4707,6.4707,6.4707,6.4707,6.4707,6.4707,6.4707,6.4707,6.4707,6.4707,6.4707,6.4707,6.4707,6.4707,6.4707,6.4707,6.4707,6.4707,6.4707,6.4707,6.4707,6.4707,6.4707,6.4707,6.4707,6.4707,6.4707,6.4707,6.4707,6.4707,6.4707,6.4707,6.4707,6.4707,6.4707,6.4707,6.4707,6.4707,6.4707,6.4707,6.4707,6.4707,6.4707,6.4707,6.4707,6.4707,6.4707,6.4707,6.4707,6.4707,6.4707,6.4707,6.4707,6.4707,6.4707,6.4707,6.4707,6.4707,6.4707,6.4707,6.4707,6.4707,6.4707,6.4707,6.4707,6.4707,6.4707,6.4707,6.4707,6.4707,6.4707,6.4707,6.4707,6.4707,6.4707,6.4707,6.4707,6.4707,6.4707,6.4707,6.4707,6.4707,6.4707,6.4707,6.4707,6.4707,6.4707,6.4707,6.4707,6.4707,6.4707,6.4707,6.4707,6.4707,6.4707,6.4707,6.4707,6.4707,6.4707,6.4707,6.4707,6.4707,6.4707,6.4707,6.4707,6.4707,6.4707,6.4707,6.4707,6.4707,6.4707,6.4707,6.4707,6.4707,6.4707,6.4707,6.4707,6.4707,6.4707,6.4707,6.4707,6.4707,6.4707,6.4707,6.4707,6.4707,6.4707,6.4707,6.4707,6.4707,6.4707,6.4707,6.4707,6.4707,6.4707,6.4707,6.4707,6.4707,6.4707,6.4707,6.4707,6.4707,6.4707,6.4707,6.4707,6.4707,6.4707,6.4707,6.4707,6.4707,6.4707,6.4707,6.4707,6.4707,6.4707,6.4707,6.4707,6.4707,6.4707,6.4707,6.4707,6.4707,6.4707,6.4707,6.4707,6.4707,6.4707,6.4707,6.4707,6.4707,6.4707,6.4707,6.4707,6.4707,6.4707,6.4707,6.4707,6.4707,6.4707,6.4707,6.4707,6.4707,6.4707,6.4707,6.4707,6.4707,6.4707,6.4707,6.4707,6.4707,6.4707,6.4707,6.4707,6.4707,6.4707,6.4707,6.4707,6.4707,6.4707,6.4707,6.4707,6.4707,6.4707,6.4707,6.4707,6.4707,6.4707,6.4707,6.4707,6.4707,6.4707,6.4707,6.4707,6.4707,6.4707,6.4707,6.4707,6.4707,6.4707,6.4707,6.4707,6.4707,6.4707,6.4707,6.4707,6.4707,6.4707,6.4707,6.4707,6.4707,6.4707,6.4707,6.4707,6.4707,6.4707,6.4707,6.4707,6.4707,6.4707,6.4707,6.4707,6.4707,6.4707,6.4707,6.4707,6.4707,6.4707,6.4707,6.4707,6.4707,6.4707,6.4707,6.4707,6.4707,6.4707,6.4707,6.4707,6.4707,6.4707,6.4707,6.4707,6.4707,6.4707,6.4707,6.4707,6.4707,6.4707,6.4707,6.4707,6.4707,6.4707,6.4707,6.4707,6.4707,6.4707,6.4707,6.4707,6.4707,6.4707,6.4707,6.4707,6.4707,6.4707,6.4707,6.4707,6.4707,6.4707,6.4707,6.4707,6.4707,6.4707,6.4707,6.4707,6.4707,6.4707,6.4707,6.4707,6.4707,6.4707,6.4707,6.4707,6.4707,6.4707,6.4707,6.4707,6.4707,6.4707,6.4707,6.4707,6.4707,6.4707,6.4707,6.4707,6.4707,6.4707,6.4707,6.4707,6.4707,6.4707,6.4707,6.4707,6.4707,6.4707,6.4707,6.4707,6.4707,6.4707,6.4707,6.4707,6.4707,6.4707,6.4707,6.4707,6.4707,6.4707,6.4707,6.4707,6.4707,6.4707,6.4707,6.4707,6.4707,6.4707,6.4707,6.4707,6.4707,6.4707,6.4707,6.4707,6.4707,6.4707,6.4707,6.4707,6.4707,6.4707,6.4707,6.4707,6.4707,6.4707,6.4707,6.4707,6.4707,6.4707,6.4707,6.4707,6.4707,6.4707,6.4707,6.4707,6.4707,6.4707,6.4707,6.4707,6.4707,6.4707,6.4707,6.4707,6.4707,6.4707,6.4707,6.4707,6.4707,6.4707,6.4707,6.4707,6.4707,6.4707,6.4707,6.4707,6.4707,6.4707,6.4707,6.4707,6.4707,6.4707,6.4707,6.4707,6.4707,6.4707,6.4707,6.4707,6.4707,6.4707,6.4707,6.4707,6.4707,6.4707,6.4707,6.4707,6.4707,6.4707,6.4707,6.4707,6.4707,6.4707,6.4707,6.4707,6.4707,6.4707,6.4707,6.4707,6.4707,6.4707,6.4707,6.4707,6.4707,6.4707,6.4707,6.4707,6.4707,6.4707,6.4707,6.4707,6.4707,6.4707,6.4707,6.4707,6.4707,6.4707,6.4707,6.4707,6.4707,6.4707,6.4707,6.4707,6.4707,6.4707,6.4707,6.4707,6.4707,6.4707,6.4707,6.4707,6.4707,6.4707,6.4707,6.4707,6.4707,6.4707,6.4707,6.4707,6.4707,6.4707,6.4707,6.4707,6.4707,6.4707,6.4707,6.4707,6.4707,6.4707,6.4707,6.4707,6.4707,6.4707,6.4707,6.4707,6.4707,6.4707,6.4707,6.4707,6.4707,6.4707,6.4707,6.4707,6.4707,6.4707,6.4707,6.4707,6.4707,6.4707,6.4707,6.4707,6.4707,6.4707,6.4707,6.4707,6.4707,6.4707,6.4707,6.4707,6.4707,6.4707,6.4707,6.4707,6.4707,6.4707,6.4707,6.4707,6.4707,6.4707,6.4707,6.4707,6.4707,6.4707,6.4707,6.4707,6.4707,6.4707,6.4707,6.4707,6.4707,6.4707,6.4707,6.4707,6.4707,6.4707,6.4707,6.4707,6.4707,6.4707,6.4707,6.4707,6.4707,6.4707,6.4707,6.4707,6.4707,6.4707,6.4707,6.4707,6.4707,6.4707,6.4707,6.4707,6.4707,6.4707,6.4707,6.4707,6.4707,6.4707,6.4707,6.4707,6.4707,6.4707,6.4707,6.4707,6.4707,6.4707,6.4707,6.4707,6.4707,6.4707,6.4707,6.4707,6.4707,6.4707,6.4707,6.4707,6.4707,6.4707,6.4707,6.4707,6.4707,6.4707,6.4707,6.4707,6.4707,6.4707,6.4707,6.4707,6.4707,6.4707,6.4707
6.4659,6.4659,6.4659,6.4659,6.4659,6.4659,6.4659,6.4659,6.4659,6.4659,6.4659,6.4659,6.4659,6.4659,6.4659,6.4659,6.4659,6.4659,6.4659,6.4659,6.4659,6.4659,6.4659,6.4659,6.4659,6.4659,6.4659,6.4659,6.4659,6.4659,6.4659,6.4659,6.4659,6.4659,6.4659,6.4659,6.4659,6.4659,6.4659,6.4659,6.4659,6.4659,6.4659,6.4659,6.4659,6.4659,6.4659,6.4659,6.4659,6.4659,6.4659,6.4659,6.4659,6.4659,6.4659,6.4659,6.4659,6.4659,6.4659,6.4659,6.4659,6.4659,6.4659,6.4659,6.4659,6.4659,6.4659,6.4659,6.4659,6.4659,6.4659,6.4659,6.4659,6.4659,6.4659,6.4659,6.4659,6.4659,6.4659,6.4659,6.4659,6.4659,6.4659,6.4659,6.4659,6.4659,6.4659,6.4659,6.4659,6.4659,6.4659,6.4659,6.4659,6.4659,6.4659,6.4659,6.4659,6.4659,6.4659,6.4659,6.4659,6.4659,6.4659,6.4659,6.4659,6.4659,6.4659,6.4659,6.4659,6.4659,6.4659,6.4659,6.4659,6.4659,6.4659,6.4659,6.4659,6.4659,6.4659,6.4659,6.4659,6.4659,6.4659,6.4659,6.4659,6.4659,6.4659,6.4659,6.4659,6.4659,6.4659,6.4659,6.4659,6.4659,6.4659,6.4659,6.4659,6.4659,6.4659,6.4659,6.4659,6.4659,6.4659,6.4659,6.4659,6.4659,6.4659,6.4659,6.4659,6.4659,6.4659,6.4659,6.4659,6.4659,6.4659,6.4659,6.4659,6.4659,6.4659,6.4659,6.4659,6.4659,6.4659,6.4659,6.4659,6.4659,6.4659,6.4659,6.4659,6.4659,6.4659,6.4659,6.4659,6.4659,6.4659,6.4659,6.4659,6.4659,6.4659,6.4659,6.4659,6.4659,6.4659,6.4659,6.4659,6.4659,6.4659,6.4659,6.4659,6.4659,6.4659,6.4659,6.4659,6.4659,6.4659,6.4659,6.4659,6.4659,6.4659,6.4659,6.4659,6.4659,6.4659,6.4659,6.4659,6.4659,6.4659,6.4659,6.4659,6.4659,6.4659,6.4659,6.4659,6.4659,6.4659,6.4659,6.4659,6.4659,6.4659,6.4659,6.4659,6.4659,6.4659,6.4659,6.4659,6.4659,6.4659,6.4659,6.4659,6.4659,6.4659,6.4659,6.4659,6.4659,6.4659,6.4659,6.4659,6.4659,6.4659,6.4659,6.4659,6.4659,6.4659,6.4659,6.4659,6.4659,6.4659,6.4659,6.4659,6.4659,6.4659,6.4659,6.4659,6.4659,6.4659,6.4659,6.4659,6.4659,6.4659,6.4659,6.4659,6.4659,6.4659,6.4659,6.4659,6.4659,6.4659,6.4659,6.4659,6.4659,6.4659,6.4659,6.4659,6.4659,6.4659,6.4659,6.4659,6.4659,6.4659,6.4659,6.4659,6.4659,6.4659,6.4659,6.4659,6.4659,6.4659,6.4659,6.4659,6.4659,6.4659,6.4659,6.4659,6.4659,6.4659,6.4659,6.4659,6.4659,6.4659,6.4659,6.4659,6.4659,6.4659,6.4659,6.4659,6.4659,6.4659,6.4659,6.4659,6.4659,6.4659,6.4659,6.4659,6.4659,6.4659,6.4659,6.4659,6.4659,6.4659,6.4659,6.4659,6.4659,6.4659,6.4659,6.4659,6.4659,6.4659,6.4659,6.4659,6.4659,6.4659,6.4659,6.4659,6.4659,6.4659,6.4659,6.4659,6.4659,6.4659,6.4659,6.4659,6.4659,6.4659,6.4659,6.4659,6.4659,6.4659,6.4659,6.4659,6.4659,6.4659,6.4659,6.4659,6.4659,6.4659,6.4659,6.4659,6.4659,6.4659,6.4659,6.4659,6.4659,6.4659,6.4659,6.4659,6.4659,6.4659,6.4659,6.4659,6.4659,6.4659,6.4659,6.4659,6.4659,6.4659,6.4659,6.4659,6.4659,6.4659,6.4659,6.4659,6.4659,6.4659,6.4659,6.4659,6.4659,6.4659,6.4659,6.4659,6.4659,6.4659,6.4659,6.4659,6.4659,6.4659,6.4659,6.4659,6.4659,6.4659,6.4659,6.4659,6.4659,6.4659,6.4659,6.4659,6.4659,6.4659,6.4659,6.4659,6.4659,6.4659,6.4659,6.4659,6.4659,6.4659,6.4659,6.4659,6.4659,6.4659,6.4659,6.4659,6.4659,6.4659,6.4659,6.4659,6.4659,6.4659,6.4659,6.4659,6.4659,6.4659,6.4659,6.4659,6.4659,6.4659,6.4659,6.4659,6.4659,6.4659,6.4659,6.4659,6.4659,6.4659,6.4659,6.4659,6.4659,6.4659,6.4659,6.4659,6.4659,6.4659,6.4659,6.4659,6.4659,6.4659,6.4659,6.4659,6.4659,6.4659,6.4659,6.4659,6.4659,6.4659,6.4659,6.4659,6.4659,6.4659,6.4659,6.4659,6.4659,6.4659,6.4659,6.4659,6.4659,6.4659,6.4659,6.4659,6.4659,6.4659,6.4659,6.4659,6.4659,6.4659,6.4659,6.4659,6.4659,6.4659,6.4659,6.4659,6.4659,6.4659,6.4659,6.4659,6.4659,6.4659,6.4659,6.4659,6.4659,6.4659,6.4659,6.4659,6.4659,6.4659,6.4659,6.4659,6.4659,6.4659,6.4659,6.4659,6.4659,6.4659,6.4659,6.4659,6.4659,6.4659,6.4659,6.4659,6.4659,6.4659,6.4659,6.4659,6.4659,6.4659,6.4659,6.4659,6.4659,6.4659,6.4659,6.4659,6.4659,6.4659,6.4659,6.4659,6.4659,6.4659,6.4659,6.4659,6.4659,6.4659,6.4659,6.4659,6.4659,6.4659,6.4659,6.4659,6.4659,6.4659,6.4659,6.4659,6.4659,6.4659,6.4659,6.4659,6.4659,6.4659,6.4659,6.4659,6.4659,6.4659,6.4659,6.4659,6.4659,6.4659,6.4659,6.4659,6.4659,6.4659,6.4659,6.4659,6.4659,6.4659,6.4659,6.4659,6.4659,6.4659,6.4659,6.4659,6.4659,6.4659,6.4659,6.4659,6.4659,6.4659,6.4659,6.4659,6.4659,6.4659,6.4659,6.4659,6.4659,6.4659,6.4659,6.4659,6.4659,6.4659,6.4659,6.4659,6.4659,6.4659,6.4659,6.4659,6.4659,6.4659,6.4659,6.4659,6.4659,6.4659,6.4659,6.4659,6.4659,6.4659,6.4659,6.4659,6.4659,6.4659,6.4659,6.4659,6.4659,6.4659,6.4659,6.4659,6.4659,6.4659,6.4659,6.4659,6.4659,6.4659,6.4659,6.4659,6.4659,6.4659,6.4659,6.4659,6.4659,6.4659,6.4659,6.4659,6.4659,6.4659,6.4659,6.4659,6.4659,6.4659,6.4659,6.4659,6.4659,6.4659,6.4659,6.4659,6.4659,6.4659,6.4659,6.4659,6.4659,6.4659,6.4659,6.4659,6.4659,6.4659,6.4659,6.4659,6.4659,6.4659,6.4659,6.4659,6.4659,6.4659,6.4659,6.4659,6.4659,6.4659,6.4659,6.4659,6.4659,6.4659,6.4659,6.4659,6.4659,6.4659,6.4659,6.4659,6.4659,6.4659,6.4659,6.4659,6.4659,6.4659,6.4659,6.4659,6.4659,6.4659,6.4659,6.4659,6.4659,6.4659,6.4659,6.4659,6.4659,6.4659,6.4659,6.4659,6.4659,6.4659,6.4659,6.4659,6.4659,6.4659,6.4659,6.4659,6.4659,6.4659,6.4659,6.4659,6.4659,6.4659,6.4659,6.4659,6.4659,6.4659,6.4659,6.4659,6.4659,6.4659,6.4659,6.4659,6.4659,6.4659,6.4659,6.4659,6.4659,6.4659,6.4659,6.4659,6.4659,6.4659,6.4659,6.4659,6.4659,6.4659,6.4659,6.4659,6.4659,6.4659,6.4659,6.4659,6.4659,6.4659,6.4659,6.4659,6.4659,6.4659,6.4659,6.4659,6.4659,6.4659,6.4659,6.4659,6.4659,6.4659,6.4659,6.4659,6.4659,6.4659,6.4659,6.4659,6.4659,6.4659,6.4659,6.4659,6.4659,6.4659,6.4659,6.4659,6.4659,6.4659,6.4659,6.4659,6.4659,6.4659,6.4659,6.4659,6.4659,6.4659,6.4659,6.4659,6.4659,6.4659,6.4659,6.4659,6.4659,6.4659,6.4659,6.4659,6.4659,6.4659,6.4659,6.4659,6.4659,6.4659,6.4659,6.4659,6.4659,6.4659,6.4659,6.4659,6.4659,6.4659,6.4659,6.4659,6.4659,6.4659,6.4659,6.4659,6.4659,6.4659,6.4659,6.4659,6.4659,6.4659,6.4659,6.4659,6.4659,6.4659,6.4659,6.4659,6.4659,6.4659,6.4659,6.4659,6.4659,6.4659,6.4659,6.4659,6.4659,6.4659,6.4659,6.4659,6.4659,6.4659,6.4659,6.4659,6.4659,6.4659,6.4659,6.4659,6.4659,6.4659,6.4659,6.4659,6.4659,6.4659,6.4659,6.4659,6.4659,6.4659,6.4659,6.4659,6.4659,6.4659,6.4659,6.4659,6.4659,6.4659,6.4659,6.4659,6.4659,6.4659,6.4659,6.4659,6.4659,6.4659,6.4659,6.4659,6.4659,6.4659,6.4659,6.4659,6.4659,6.4659,6.4659,6.4659,6.4659,6.4659,6.4659,6.4659,6.4659,6.4659,6.4659,6.4659,6.4659,6.4659,6.4654,6.4654,6.4654,6.4654,6.4654,6.4654,6.4654,6.4654,6.4654,6.4654,6.4654,6.4654,6.4654,6.4654,6.4654,6.4654,6.4654,6.4654,6.4654,6.4654,6.4654,6.4654,6.4654,6.4654,6.4654,6.4654,6.4654,6.4654,6.4654,6.4654,6.4654,6.4654,6.4654,6.4654,6.4654,6.4654,6.4654,6.4654,6.4654,6.4654,6.4654,6.4654,6.4654,6.4654,6.4654,6.4654,6.4654,6.4654,6.4654,6.4654,6.4654,6.4654,6.4654,6.4654,6.4654,6.4654,6.4654,6.4654,6.4654,6.4654,6.4654,6.4654,6.4654,6.4654,6.4654,6.4654,6.4654,6.4654,6.4654
6.4607,6.4607,6.4607,6.4607,6.4607,6.4607,6.4607,6.4607,6.4607,6.4607,6.4607,6.4607,6.4607,6.4607,6.4607,6.4607,6.4607,6.4607,6.4607,6.4607,6.4607,6.4607,6.4607,6.4607,6.4607,6.4607,6.4607,6.4607,6.4607,6.4607,6.4607,6.4607,6.4607,6.4607,6.4607,6.4607,6.4607,6.4607,6.4607,6.4607,6.4607,6.4607,6.4607,6.4607,6.4607,6.4607,6.4607,6.4607,6.4607,6.4607,6.4607,6.4607,6.4607,6.4607,6.4607,6.4607,6.4607,6.4607,6.4607,6.4607,6.4607,6.4607,6.4607,6.4607,6.4607,6.4607,6.4607,6.4607,6.4607,6.4607,6.4607,6.4607,6.4607,6.4607,6.4607,6.4607,6.4607,6.4607,6.4607,6.4607,6.4607,6.4607,6.4607,6.4607,6.4607,6.4607,6.4607,6.4607,6.4607,6.4607,6.4607,6.4607,6.4607,6.4607,6.4607,6.4607,6.4607,6.4607,6.4607,6.4607,6.4607,6.4607,6.4607,6.4607,6.4607,6.4607,6.4607,6.4607,6.4607,6.4607,6.4607,6.4607,6.4607,6.4607,6.4607,6.4607,6.4607,6.4607,6.4607,6.4607,6.4607,6.4607,6.4607,6.4607,6.4607,6.4607,6.4607,6.4607,6.4607,6.4607,6.4607,6.4607,6.4607,6.4607,6.4607,6.4607,6.4607,6.4607,6.4607,6.4607,6.4607,6.4607,6.4607,6.4607,6.4607,6.4607,6.4607,6.4607,6.4607,6.4607,6.4607,6.4607,6.4607,6.4607,6.4607,6.4607,6.4607,6.4607,6.4607,6.4607,6.4607,6.4607,6.4607,6.4607,6.4607,6.4607,6.4607,6.4607,6.4607,6.4607,6.4607,6.4607,6.4607,6.4607,6.4607,6.4607,6.4607,6.4607,6.4607,6.4607,6.4607,6.4607,6.4607,6.4607,6.4607,6.4607,6.4607,6.4607,6.4607,6.4607,6.4607,6.4607,6.4607,6.4607,6.4607,6.4607,6.4607,6.4607,6.4607,6.4607,6.4607,6.4607,6.4607,6.4607,6.4607,6.4607,6.4607,6.4607,6.4607,6.4607,6.4607,6.4607,6.4607,6.4607,6.4607,6.4607,6.4607,6.4607,6.4607,6.4607,6.4607,6.4607,6.4607,6.4607,6.4607,6.4607,6.4607,6.4607,6.4607,6.4607,6.4607,6.4607,6.4607,6.4607,6.4607,6.4607,6.4607,6.4607,6.4607,6.4607,6.4607,6.4607,6.4607,6.4607,6.4607,6.4607,6.4607,6.4607,6.4607,6.4607,6.4607,6.4607,6.4607,6.4607,6.4607,6.4607,6.4607,6.4607,6.4607,6.4607,6.4607,6.4607,6.4607,6.4607,6.4607,6.4607,6.4607,6.4607,6.4607,6.4607,6.4607,6.4607,6.4607,6.4607,6.4607,6.4607,6.4607,6.4607,6.4607,6.4607,6.4607,6.4607,6.4607,6.4607,6.4607,6.4607,6.4607,6.4607,6.4607,6.4607,6.4607,6.4607,6.4607,6.4607,6.4607,6.4607,6.4607,6.4607,6.4607,6.4607,6.4607,6.4607,6.4607,6.4607,6.4607,6.4607,6.4607,6.4607,6.4607,6.4607,6.4607,6.4607,6.4607,6.4607,6.4607,6.4607,6.4607,6.4607,6.4607,6.4607,6.4607,6.4607,6.4607,6.4607,6.4607,6.4607,6.4607,6.4607,6.4607,6.4607,6.4607,6.4607,6.4607,6.4607,6.4607,6.4607,6.4607,6.4607,6.4607,6.4607,6.4607,6.4607,6.4607,6.4607,6.4607,6.4607,6.4607,6.4607,6.4607,6.4607,6.4607,6.4607,6.4607,6.4607,6.4607,6.4607,6.4607,6.4607,6.4607,6.4607,6.4607,6.4607,6.4607,6.4607,6.4607,6.4607,6.4607,6.4607,6.4607,6.4607,6.4607,6.4607,6.4607,6.4607,6.4607,6.4607,6.4607,6.4607,6.4607,6.4607,6.4607,6.4607,6.4607,6.4607,6.4607,6.4607,6.4607,6.4607,6.4607,6.4607,6.4607,6.4607,6.4607,6.4607,6.4607,6.4607,6.4607,6.4607,6.4607,6.4607,6.4607,6.4607,6.4607,6.4607,6.4607,6.4607,6.4607,6.4607,6.4607,6.4607,6.4607,6.4607,6.4607,6.4607,6.4607,6.4607,6.4607,6.4607,6.4607,6.4607,6.4607,6.4607,6.4607,6.4607,6.4607,6.4607,6.4607,6.4607,6.4607,6.4607,6.4607,6.4607,6.4607,6.4607,6.4607,6.4607,6.4607,6.4607,6.4607,6.4607,6.4607,6.4607,6.4607,6.4607,6.4607,6.4607,6.4607,6.4607,6.4607,6.4607,6.4607,6.4607,6.4607,6.4607,6.4607,6.4607,6.4607,6.4607,6.4607,6.4607,6.4607,6.4607,6.4607,6.4607,6.4607,6.4607,6.4607,6.4607,6.4607,6.4607,6.4607,6.4607,6.4607,6.4607,6.4607,6.4607,6.4607,6.4607,6.4607,6.4607,6.4607,6.4607,6.4607,6.4607,6.4607,6.4607,6.4607,6.4607,6.4607,6.4607,6.4607,6.4607,6.4607,6.4607,6.4607,6.4607,6.4607,6.4607,6.4607,6.4607,6.4607,6.4607,6.4607,6.4607,6.4607,6.4607,6.4607,6.4607,6.4607,6.4607,6.4607,6.4607,6.4607,6.4607,6.4607,6.4607,6.4607,6.4607,6.4607,6.4607,6.4607,6.4607,6.4607,6.4607,6.4607,6.4607,6.4607,6.4607,6.4607,6.4607,6.4607,6.4607,6.4607,6.4607,6.4607,6.4607,6.4607,6.4607,6.4607,6.4607,6.4607,6.4607,6.4607,6.4607,6.4607,6.4607,6.4607,6.4607,6.4607,6.4607,6.4607,6.4607,6.4607,6.4607,6.4607,6.4607,6.4607,6.4607,6.4607,6.4607,6.4607,6.4607,6.4607,6.4607,6.4607,6.4607,6.4607,6.4607,6.4607,6.4607,6.4607,6.4607,6.4607,6.4607,6.4607,6.4607,6.4607,6.4607,6.4607,6.4607,6.4607,6.4607,6.4607,6.4607,6.4607,6.4607,6.4607,6.4607,6.4607,6.4607,6.4607,6.4607,6.4607,6.4607,6.4607,6.4607,6.4607,6.4607,6.4607,6.4607,6.4607,6.4607,6.4607,6.4607,6.4607,6.4607,6.4607,6.4607,6.4607,6.4607,6.4607,6.4607,6.4607,6.4607,6.4607,6.4607,6.4607,6.4612,6.4612,6.4612,6.4612,6.4612,6.4612,6.4612,6.4612,6.4612,6.4612,6.4612,6.4612,6.4612,6.4612,6.4612,6.4612,6.4612,6.4612,6.4612,6.4612,6.4612,6.4612,6.4612,6.4612,6.4612,6.4612,6.4612,6.4612,6.4612,6.4612,6.4612,6.4612,6.4612,6.4612,6.4612,6.4612,6.4612,6.4612,6.4612,6.4612,6.4612,6.4612,6.4612,6.4612,6.4612,6.4612,6.4612,6.4612,6.4612,6.4612,6.4612,6.4612,6.4612,6.4612,6.4612,6.4612,6.4612,6.4612,6.4612,6.4612,6.4612,6.4612,6.4612,6.4612,6.4612,6.4612,6.4612,6.4612,6.4612,6.4612,6.4612,6.4612,6.4612,6.4612,6.4612,6.4612,6.4612,6.4612,6.4612,6.4612,6.4612,6.4612,6.4612,6.4612,6.4612,6.4612,6.4612,6.4612,6.4612,6.4612,6.4612,6.4612,6.4612,6.4612,6.4612,6.4612,6.4612,6.4612,6.4612,6.4612,6.4612,6.4612,6.4612,6.4612,6.4612,6.4612,6.4612,6.4612,6.4612,6.4612,6.4612,6.4612,6.4612,6.4612,6.4612,6.4612,6.4612,6.4612,6.4612,6.4612,6.4612,6.4612,6.4612,6.4612,6.4612,6.4612,6.4612,6.4612,6.4612,6.4612,6.4612,6.4612,6.4612,6.4612,6.4612,6.4612,6.4612,6.4612,6.4612,6.4612,6.4612,6.4612,6.4612,6.4612,6.4612,6.4612,6.4612,6.4612,6.4612,6.4612,6.4612,6.4612,6.4612,6.4612,6.4612,6.4612,6.4612,6.4612,6.4612,6.4612,6.4612,6.4612,6.4612,6.4612,6.4612,6.4612,6.4612,6.4612,6.4612,6.4612,6.4612,6.4612,6.4612,6.4612,6.4612,6.4612,6.4612,6.4612,6.4612,6.4612,6.4612,6.4612,6.4612,6.4612,6.4612,6.4612,6.4612,6.4612,6.4612,6.4612,6.4612,6.4612,6.4612,6.4612,6.4612,6.4612,6.4612,6.4612,6.4612,6.4612,6.4612,6.4612,6.4612,6.4612,6.4612,6.4612,6.4612,6.4612,6.4612,6.4612,6.4612,6.4612,6.4612,6.4612,6.4612,6.4612,6.4612,6.4612,6.4612,6.4612,6.4612,6.4612,6.4612,6.4612,6.4612,6.4612,6.4612,6.4612,6.4612,6.4612,6.4612,6.4612,6.4612,6.4612,6.4612,6.4612,6.4612,6.4612,6.4612,6.4612,6.4612,6.4612,6.4612,6.4612,6.4612,6.4612,6.4612,6.4612,6.4612,6.4612,6.4612,6.4612,6.4612,6.4612,6.4612,6.4612,6.4612,6.4612,6.4612,6.4612,6.4612,6.4612,6.4612,6.4612,6.4612,6.4612,6.4612,6.4612,6.4612,6.4612,6.4612,6.4612,6.4612,6.4612,6.4612,6.4612,6.4612,6.4612,6.4612,6.4612,6.4612,6.4612,6.4612,6.4612,6.4612,6.4612,6.4612,6.4612,6.4612,6.4612,6.4612,6.4612,6.4612,6.4612,6.4612,6.4612,6.4612,6.4612,6.4612,6.4612,6.4612,6.4612,6.4612,6.4612,6.4612,6.4612,6.4612,6.4612,6.4612,6.4612,6.4612,6.4612,6.4612,6.4612,6.4612,6.4612,6.4612,6.4612,6.4612,6.4612,6.4612,6.4612,6.4612,6.4612,6.4612,6.4612,6.4612,6.4612,6.4612,6.4612,6.4612,6.4612,6.4612,6.4612,6.4612,6.4612,6.4612,6.4612,6.4612,6.4612,6.4612,6.4612,6.4612
6.4565,6.4565,6.4565,6.4565,6.4565,6.4565,6.4565,6.4565,6.4565,6.4565,6.4565,6.4565,6.4565,6.4565,6.4565,6.4565,6.4565,6.4565,6.4565,6.4565,6.4565,6.4565,6.4565,6.4565,6.4565,6.4565,6.4565,6.4565,6.4565,6.4565,6.4565,6.4565,6.4565,6.4565,6.4565,6.4565,6.4565,6.4565,6.4565,6.4565,6.4565,6.4565,6.4565,6.4565,6.4565,6.4565,6.4565,6.4565,6.4565,6.4565,6.4565,6.4565,6.4565,6.4565,6.4565,6.4565,6.4565,6.4565,6.4565,6.4565,6.4565,6.4565,6.4565,6.4565,6.4565,6.4565,6.4565,6.4565,6.4565,6.4565,6.4565,6.4565,6.4565,6.4565,6.4565,6.4565,6.4565,6.4565,6.4565,6.4565,6.4565,6.4565,6.4565,6.4565,6.4565,6.4565,6.4565,6.4565,6.4565,6.4565,6.4565,6.4565,6.4565,6.4565,6.4565,6.4565,6.4565,6.4565,6.4565,6.4565,6.4565,6.4565,6.4565,6.4565,6.4565,6.4565,6.4565,6.4565,6.4565,6.4565,6.4565,6.4565,6.4565,6.4565,6.4565,6.4565,6.4565,6.4565,6.4565,6.4565,6.4565,6.4565,6.4565,6.4565,6.4565,6.4565,6.4565,6.4565,6.4565,6.4565,6.4565,6.4565,6.4565,6.4565,6.4565,6.4565,6.4565,6.4565,6.4565,6.4565,6.4565,6.4565,6.4565,6.4565,6.4565,6.4565,6.4565,6.4565,6.4565,6.4565,6.4565,6.4565,6.4565,6.4565,6.4565,6.4565,6.4565,6.4565,6.4565,6.4565,6.4565,6.4565,6.4565,6.4565,6.4565,6.4565,6.4565,6.4565,6.4565,6.4565,6.4565,6.4565,6.4565,6.4565,6.4565,6.4565,6.4565,6.4565,6.4565,6.4565,6.4565,6.4565,6.4565,6.4565,6.4565,6.4565,6.4565,6.4565,6.4565,6.4565,6.4565,6.4565,6.4565,6.4565,6.4565,6.4565,6.4565,6.4565,6.4565,6.4565,6.4565,6.4565,6.4565,6.4565,6.4565,6.4565,6.4565,6.4565,6.4565,6.4565,6.4565,6.4565,6.4565,6.4565,6.4565,6.4565,6.4565,6.4565,6.4565,6.4565,6.4565,6.4565,6.4565,6.4565,6.4565,6.4565,6.4565,6.4565,6.4565,6.4565,6.4565,6.4565,6.4565,6.4565,6.4565,6.4565,6.4565,6.4565,6.4565,6.4565,6.4565,6.4565,6.4565,6.4565,6.4565,6.4565,6.4565,6.4565,6.4565,6.4565,6.4565,6.4565,6.4565,6.4565,6.4565,6.4565,6.4565,6.4565,6.4565,6.4565,6.4565,6.4565,6.4565,6.4565,6.4565,6.4565,6.4565,6.4565,6.4565,6.4565,6.4565,6.4565,6.4565,6.4565,6.4565,6.4565,6.4565,6.4565,6.4565,6.4565,6.4565,6.4565,6.4565,6.4565,6.4565,6.4565,6.4565,6.4565,6.4565,6.4565,6.4565,6.4565,6.4565,6.4565,6.4565,6.4565,6.4565,6.4565,6.4565,6.4565,6.4565,6.4565,6.4565,6.4565,6.4565,6.4565,6.4565,6.4565,6.4565,6.4565,6.4565,6.4565,6.4565,6.4565,6.4565,6.4565,6.4565,6.4565,6.4565,6.4565,6.4565,6.4565,6.4565,6.4565,6.4565,6.4565,6.4565,6.4565,6.4565,6.4565,6.4565,6.4565,6.4565,6.4565,6.4565,6.4565,6.4565,6.4565,6.4565,6.4565,6.4565,6.4565,6.4565,6.4565,6.4565,6.4565,6.4565,6.4565,6.4565,6.4565,6.4565,6.4565,6.4565,6.4565,6.4565,6.4565,6.4565,6.4565,6.4565,6.4565,6.4565,6.4565,6.4565,6.4565,6.4565,6.4565,6.4565,6.4565,6.4565,6.4565,6.4565,6.4565,6.4565,6.4565,6.4565,6.4565,6.4565,6.4565,6.4565,6.4565,6.4565,6.4565,6.4565,6.4565,6.4565,6.4565,6.4565,6.4565,6.4565,6.4565,6.4565,6.4565,6.4565,6.4565,6.4565,6.4565,6.4565,6.4565,6.4565,6.4565,6.4565,6.4565,6.4565,6.4565,6.4565,6.4565,6.4565,6.4565,6.4565,6.4565,6.4565,6.4565,6.4565,6.4565,6.4565,6.4565,6.4565,6.4565,6.4565,6.4565,6.4565,6.4565,6.4565,6.4565,6.4565,6.4565,6.4565,6.4565,6.4565,6.4565,6.4565,6.4565,6.4565,6.4565,6.4565,6.4565,6.4565,6.4565,6.4565,6.4565,6.4565,6.4565,6.4565,6.4565,6.4565,6.4565,6.4565,6.4565,6.4565,6.4565,6.4565,6.4565,6.4565,6.4565,6.4565,6.4565,6.4565,6.4565,6.4565,6.4565,6.4565,6.4565,6.4565,6.4565,6.4565,6.4565,6.4565,6.4565,6.4565,6.4565,6.4565,6.4565,6.4565,6.4565,6.4565,6.4565,6.4565,6.4565,6.4565,6.4565,6.4565,6.4565,6.4565,6.4565,6.4565,6.4565,6.4565,6.4565,6.4565,6.4565,6.4565,6.4565,6.4565,6.4565,6.4565,6.4565,6.4565,6.4565,6.4565,6.4565,6.4565,6.4565,6.4565,6.4565,6.4565,6.4565,6.4565,6.4565,6.4565,6.4565,6.4565,6.4565,6.4565,6.4565,6.4565,6.4565,6.4565,6.4565,6.4565,6.4565,6.4565,6.4565,6.4565,6.4565,6.4565,6.4565,6.4565,6.4565,6.4565,6.4565,6.4565,6.4565,6.4565,6.4565,6.4565,6.4565,6.4565,6.4565,6.4565,6.4565,6.4565,6.4565,6.4565,6.4565,6.4565,6.4565,6.4565,6.4565,6.4565,6.4565,6.4565,6.4565,6.4565,6.4565,6.4565,6.4565,6.4560,6.4560,6.4560,6.4560,6.4560,6.4560,6.4560,6.4560,6.4560,6.4560,6.4560,6.4560,6.4560,6.4560,6.4560,6.4560,6.4560,6.4560,6.4560,6.4560,6.4560,6.4560,6.4560,6.4560,6.4560,6.4560,6.4560,6.4560,6.4560,6.4560,6.4560,6.4560,6.4560,6.4560,6.4560,6.4560,6.4560,6.4560,6.4560,6.4560,6.4560,6.4560,6.4560,6.4560,6.4560,6.4560,6.4560,6.4560,6.4560,6.4560,6.4560,6.4560,6.4560,6.4560,6.4560,6.4560,6.4560,6.4560,6.4560,6.4560,6.4560,6.4560,6.4560,6.4560,6.4560,6.4560,6.4560,6.4560,6.4560,6.4560,6.4560,6.4560,6.4560,6.4560,6.4560,6.4560,6.4560,6.4560,6.4560,6.4560,6.4560,6.4560,6.4560,6.4560,6.4560,6.4560,6.4560,6.4560,6.4560,6.4560,6.4560,6.4560,6.4560,6.4560,6.4560,6.4560,6.4560,6.4560,6.4560,6.4560,6.4560,6.4560,6.4560,6.4560,6.4560,6.4560,6.4560,6.4560,6.4560,6.4560,6.4560,6.4560,6.4560,6.4560,6.4560,6.4560,6.4560,6.4560,6.4560,6.4560,6.4560,6.4560,6.4560,6.4560,6.4560,6.4560,6.4560,6.4560,6.4560,6.4560,6.4560,6.4560,6.4560,6.4560,6.4560,6.4560,6.4560,6.4560,6.4560,6.4560,6.4560,6.4560,6.4560,6.4560,6.4560,6.4560,6.4560,6.4560,6.4560,6.4560,6.4560,6.4560,6.4560,6.4560,6.4560,6.4560,6.4560,6.4560,6.4560,6.4560,6.4560,6.4560,6.4560,6.4560,6.4560,6.4560,6.4560,6.4560,6.4560,6.4560,6.4560,6.4560,6.4560,6.4560,6.4560,6.4560,6.4560,6.4560,6.4560,6.4560,6.4560,6.4560,6.4560,6.4560,6.4560,6.4560,6.4560,6.4560,6.4560,6.4560,6.4560,6.4560,6.4560,6.4560,6.4560,6.4560,6.4560,6.4560,6.4560,6.4560,6.4560,6.4560,6.4560,6.4560,6.4560,6.4560,6.4560,6.4560,6.4560,6.4560,6.4560,6.4560,6.4560,6.4560,6.4560,6.4560,6.4560,6.4560,6.4560,6.4560,6.4560,6.4560,6.4560,6.4560,6.4560,6.4560,6.4560,6.4560,6.4560,6.4560,6.4560,6.4560,6.4560,6.4560,6.4560,6.4560,6.4560,6.4560,6.4560,6.4560,6.4560,6.4560,6.4560,6.4560,6.4560,6.4560,6.4560,6.4560,6.4560,6.4560,6.4560,6.4560,6.4560,6.4560,6.4560,6.4560,6.4560,6.4560,6.4560,6.4560,6.4560,6.4560,6.4560,6.4560,6.4560,6.4560,6.4560,6.4560,6.4560,6.4560,6.4560,6.4560,6.4560,6.4560,6.4560,6.4560,6.4560,6.4560,6.4560,6.4560,6.4560,6.4560,6.4560,6.4560,6.4560,6.4560,6.4560,6.4560,6.4560,6.4560,6.4560,6.4560,6.4560,6.4560,6.4560,6.4560,6.4560,6.4560,6.4560,6.4560,6.4560,6.4560,6.4560,6.4560,6.4560,6.4560,6.4560,6.4560,6.4560,6.4560,6.4560,6.4560,6.4560,6.4560,6.4560,6.4560,6.4560,6.4560,6.4560,6.4560,6.4560,6.4560,6.4560,6.4560,6.4560,6.4560,6.4560,6.4560,6.4560,6.4560,6.4560,6.4560,6.4560,6.4560,6.4560,6.4560,6.4560,6.4560,6.4560,6.4560,6.4560,6.4560,6.4560,6.4560,6.4560,6.4560,6.4560,6.4560,6.4560,6.4560,6.4560,6.4560,6.4560,6.4560,6.4560,6.4560,6.4560,6.4560,6.4560,6.4560,6.4560,6.4560,6.4560,6.4560,6.4560,6.4560,6.4560,6.4560,6.4560,6.4560,6.4560,6.4560,6.4560,6.4560,6.4560,6.4560,6.4560,6.4560,6.4560,6.4560,6.4560,6.4560,6.4560,6.4560,6.4560,6.4560,6.4560,6.4560,6.4560,6.4560,6.4560,6.4560,6.4560,6.4560,6.4560,6.4560,6.4560,6.4560,6.4560,6.4560,6.4560,6.4560,6.4560,6.4560
6.4520,6.4520,6.4520,6.4520,6.4520,6.4520,6.4520,6.4520,6.4520,6.4520,6.4520,6.4520,6.4520,6.4520,6.4520,6.4520,6.4520,6.4520,6.4520,6.4520,6.4520,6.4520,6.4520,6.4520,6.4520,6.4520,6.4520,6.4520,6.4520,6.4520,6.4520,6.4520,6.4520,6.4520,6.4520,6.4520,6.4520,6.4520,6.4520,6.4520,6.4520,6.4520,6.4520,6.4520,6.4520,6.4520,6.4520,6.4520,6.4520,6.4520,6.4520,6.4520,6.4520,6.4520,6.4520,6.4520,6.4520,6.4520,6.4520,6.4520,6.4520,6.4520,6.4520,6.4520,6.4520,6.4520,6.4520,6.4520,6.4520,6.4520,6.4520,6.4520,6.4520,6.4520,6.4520,6.4520,6.4520,6.4520,6.4520,6.4520,6.4520,6.4520,6.4520,6.4520,6.4520,6.4520,6.4520,6.4520,6.4520,6.4520,6.4520,6.4520,6.4520,6.4520,6.4520,6.4520,6.4520,6.4520,6.4520,6.4520,6.4520,6.4520,6.4520,6.4520,6.4520,6.4520,6.4520,6.4520,6.4520,6.4520,6.4520,6.4520,6.4520,6.4520,6.4520,6.4520,6.4520,6.4520,6.4520,6.4520,6.4520,6.4520,6.4520,6.4520,6.4520,6.4520,6.4520,6.4520,6.4520,6.4520,6.4520,6.4520,6.4520,6.4520,6.4520,6.4520,6.4520,6.4520,6.4520,6.4520,6.4520,6.4520,6.4520,6.4520,6.4520,6.4520,6.4520,6.4520,6.4520,6.4520,6.4520,6.4520,6.4520,6.4520,6.4520,6.4520,6.4520,6.4520,6.4520,6.4520,6.4520,6.4520,6.4520,6.4520,6.4520,6.4520,6.4520,6.4520,6.4520,6.4520,6.4520,6.4520,6.4520,6.4520,6.4520,6.4520,6.4520,6.4520,6.4520,6.4520,6.4520,6.4520,6.4520,6.4520,6.4520,6.4520,6.4520,6.4520,6.4520,6.4520,6.4520,6.4520,6.4520,6.4520,6.4520,6.4520,6.4520,6.4520,6.4520,6.4520,6.4520,6.4520,6.4520,6.4520,6.4520,6.4520,6.4520,6.4520,6.4520,6.4520,6.4520,6.4520,6.4520,6.4520,6.4520,6.4520,6.4520,6.4520,6.4520,6.4520,6.4520,6.4520,6.4520,6.4520,6.4520,6.4520,6.4520,6.4520,6.4520,6.4520,6.4520,6.4520,6.4520,6.4520,6.4520,6.4520,6.4520,6.4520,6.4520,6.4520,6.4520,6.4520,6.4520,6.4520,6.4520,6.4520,6.4520,6.4520,6.4520,6.4520,6.4520,6.4520,6.4520,6.4520,6.4520,6.4520,6.4520,6.4520,6.4520,6.4520,6.4520,6.4520,6.4520,6.4520,6.4520,6.4520,6.4520,6.4520,6.4520,6.4520,6.4520,6.4520,6.4520,6.4520,6.4520,6.4520,6.4520,6.4520,6.4520,6.4520,6.4520,6.4520,6.4520,6.4520,6.4520,6.4520,6.4520,6.4520,6.4520,6.4520,6.4520,6.4520,6.4520,6.4520,6.4520,6.4520,6.4520,6.4520,6.4520,6.4520,6.4520,6.4520,6.4520,6.4520,6.4520,6.4520,6.4520,6.4520,6.4520,6.4520,6.4520,6.4520,6.4520,6.4520,6.4520,6.4520,6.4520,6.4520,6.4520,6.4520,6.4520,6.4520,6.4520,6.4520,6.4520,6.4520,6.4520,6.4520,6.4520,6.4520,6.4520,6.4520,6.4520,6.4520,6.4520,6.4520,6.4520,6.4520,6.4520,6.4520,6.4520,6.4520,6.4520,6.4520,6.4520,6.4520,6.4520,6.4520,6.4520,6.4520,6.4520,6.4520,6.4520,6.4520,6.4520,6.4520,6.4520,6.4520,6.4520,6.4520,6.4520,6.4520,6.4520,6.4520,6.4520,6.4520,6.4520,6.4520,6.4520,6.4520,6.4520,6.4520,6.4520,6.4520,6.4520,6.4520,6.4520,6.4520,6.4520,6.4520,6.4520,6.4520,6.4520,6.4520,6.4520,6.4520,6.4520,6.4520,6.4520,6.4520,6.4520,6.4520,6.4520,6.4520,6.4520,6.4520,6.4520,6.4520,6.4520,6.4520,6.4520,6.4520,6.4520,6.4520,6.4520,6.4520,6.4520,6.4520,6.4520,6.4520,6.4520,6.4520,6.4520,6.4520,6.4520,6.4520,6.4520,6.4520,6.4520,6.4520,6.4520,6.4520,6.4520,6.4520,6.4520,6.4520,6.4520,6.4520,6.4520,6.4520,6.4520,6.4520,6.4520,6.4520,6.4520,6.4520,6.4520,6.4520,6.4520,6.4520,6.4520,6.4520,6.4520,6.4520,6.4520,6.4520,6.4520,6.4520,6.4520,6.4520,6.4520,6.4520,6.4520,6.4520,6.4520,6.4520,6.4520,6.4520,6.4520,6.4520,6.4520,6.4520,6.4520,6.4520,6.4520,6.4520,6.4520,6.4520,6.4520,6.4520,6.4520,6.4520,6.4520,6.4520,6.4520,6.4520,6.4520,6.4520,6.4520,6.4520,6.4520,6.4520,6.4520,6.4520,6.4520,6.4520,6.4520,6.4520,6.4520,6.4520,6.4520,6.4520,6.4520,6.4520,6.4520,6.4520,6.4520,6.4520,6.4520,6.4520,6.4520,6.4520,6.4520,6.4520,6.4520,6.4520,6.4520,6.4520,6.4520,6.4520,6.4520,6.4520,6.4520,6.4520,6.4520,6.4520,6.4520,6.4520,6.4520,6.4520,6.4520,6.4520,6.4520,6.4520,6.4520,6.4520,6.4520,6.4520,6.4520,6.4520,6.4520,6.4520,6.4520,6.4520,6.4520,6.4520,6.4520,6.4520,6.4520,6.4520,6.4520,6.4520,6.4520,6.4520,6.4520,6.4520,6.4520,6.4520,6.4520,6.4520,6.4520,6.4520,6.4520,6.4520,6.4520,6.4520,6.4520,6.4520,6.4520,6.4520,6.4520,6.4520,6.4520,6.4520,6.4520,6.4520,6.4520,6.4520,6.4520,6.4520,6.4520,6.4520,6.4520,6.4520,6.4520,6.4520,6.4520,6.4520,6.4520,6.4520,6.4520,6.4520,6.4520,6.4520,6.4520,6.4520,6.4520,6.4520,6.4520,6.4520,6.4520,6.4520,6.4520,6.4520,6.4520,6.4520,6.4520,6.4520,6.4520,6.4520,6.4520,6.4520,6.4520,6.4520,6.4520,6.4520,6.4520,6.4520,6.4520,6.4520,6.4520,6.4520,6.4520,6.4520,6.4520,6.4520,6.4520,6.4520,6.4520,6.4520,6.4520,6.4520,6.4520,6.4520,6.4520,6.4520,6.4520,6.4520,6.4520,6.4520,6.4520,6.4520,6.4520,6.4520,6.4520,6.4520,6.4520,6.4520,6.4520,6.4520,6.4520,6.4520,6.4520,6.4520,6.4520,6.4520,6.4520,6.4520,6.4520,6.4520,6.4520,6.4520,6.4520,6.4520,6.4520,6.4520,6.4520,6.4520,6.4520,6.4520,6.4520,6.4520,6.4520,6.4520,6.4520,6.4515,6.4515,6.4515,6.4515,6.4515,6.4515,6.4515,6.4515,6.4515,6.4515,6.4515,6.4515,6.4515,6.4515,6.4515,6.4515,6.4515,6.4515,6.4515,6.4515,6.4515,6.4515,6.4515,6.4515,6.4515,6.4515,6.4515,6.4515,6.4515,6.4515,6.4515,6.4515,6.4515,6.4515,6.4515,6.4515,6.4515,6.4515,6.4515,6.4515,6.4515,6.4515,6.4515,6.4515,6.4515,6.4515,6.4515,6.4515,6.4515,6.4515,6.4515,6.4515,6.4515,6.4515,6.4515,6.4515,6.4515,6.4515,6.4515,6.4515,6.4515,6.4515,6.4515,6.4515,6.4515,6.4515,6.4515,6.4515,6.4515,6.4515,6.4515,6.4515,6.4515,6.4515,6.4515,6.4515,6.4515,6.4515,6.4515,6.4515,6.4515,6.4515,6.4515,6.4515,6.4515,6.4515,6.4515,6.4515,6.4515,6.4515,6.4515,6.4515,6.4515,6.4515,6.4515,6.4515,6.4515,6.4515,6.4515,6.4515,6.4515,6.4515,6.4515,6.4515,6.4515,6.4515,6.4515,6.4515,6.4515,6.4515,6.4515,6.4515,6.4515,6.4515,6.4515,6.4515,6.4515,6.4515,6.4515,6.4515,6.4515,6.4515,6.4515,6.4515,6.4515,6.4515,6.4515,6.4515,6.4515,6.4515,6.4515,6.4515,6.4515,6.4515,6.4515,6.4515,6.4515,6.4515,6.4515,6.4515,6.4515,6.4515,6.4515,6.4515,6.4515,6.4515,6.4515,6.4515,6.4515,6.4515,6.4515,6.4515,6.4515,6.4515,6.4515,6.4515,6.4515,6.4515,6.4515,6.4515,6.4515,6.4515,6.4515,6.4515,6.4515,6.4515,6.4515,6.4515,6.4515,6.4515,6.4515,6.4515,6.4515,6.4515,6.4515,6.4515,6.4515,6.4515,6.4515,6.4515,6.4515,6.4515,6.4515,6.4515,6.4515,6.4515,6.4515,6.4515,6.4515,6.4515,6.4515,6.4515,6.4515,6.4515,6.4515,6.4515,6.4515,6.4515,6.4515,6.4515,6.4515,6.4515,6.4515,6.4515,6.4515,6.4515,6.4515,6.4515,6.4515,6.4515,6.4515,6.4515,6.4515,6.4515,6.4515,6.4515,6.4515,6.4515,6.4515,6.4515,6.4515,6.4515,6.4515,6.4515,6.4515,6.4515,6.4515,6.4515,6.4515,6.4515,6.4515,6.4515,6.4515,6.4515,6.4515,6.4515,6.4515,6.4515,6.4515,6.4515,6.4515,6.4515,6.4515,6.4515,6.4515,6.4515,6.4515,6.4515,6.4515,6.4515,6.4515,6.4515,6.4515,6.4515,6.4515,6.4515,6.4515,6.4515,6.4515,6.4515,6.4515,6.4515,6.4515,6.4515,6.4515,6.4515,6.4515,6.4515,6.4515,6.4515,6.4515,6.4515,6.4515,6.4515,6.4515,6.4515,6.4515,6.4515,6.4515,6.4515,6.4515,6.4515,6.4515,6.4515,6.4515,6.4515,6.4515,6.4515,6.4515,6.4515,6.4515,6.4515,6.4515,6.4515,6.4515
6.4473,6.4473,6.4473,6.4473,6.4473,6.4473,6.4473,6.4473,6.4473,6.4473,6.4473,6.4473,6.4473,6.4473,6.4473,6.4473,6.4473,6.4473,6.4473,6.4473,6.4473,6.4473,6.4473,6.4473,6.4473,6.4473,6.4473,6.4473,6.4473,6.4473,6.4473,6.4473,6.4473,6.4473,6.4473,6.4473,6.4473,6.4473,6.4473,6.4473,6.4473,6.4473,6.4473,6.4473,6.4473,6.4473,6.4473,6.4473,6.4473,6.4473,6.4473,6.4473,6.4473,6.4473,6.4473,6.4473,6.4473,6.4473,6.4473,6.4473,6.4473,6.4473,6.4473,6.4473,6.4473,6.4473,6.4473,6.4473,6.4473,6.4473,6.4473,6.4473,6.4473,6.4473,6.4473,6.4473,6.4473,6.4473,6.4473,6.4473,6.4473,6.4473,6.4473,6.4473,6.4473,6.4473,6.4473,6.4473,6.4473,6.4473,6.4473,6.4473,6.4473,6.4473,6.4473,6.4473,6.4473,6.4473,6.4473,6.4473,6.4473,6.4473,6.4473,6.4473,6.4473,6.4473,6.4473,6.4473,6.4473,6.4473,6.4473,6.4473,6.4473,6.4473,6.4473,6.4473,6.4473,6.4473,6.4473,6.4473,6.4473,6.4473,6.4473,6.4473,6.4473,6.4473,6.4473,6.4473,6.4473,6.4473,6.4473,6.4473,6.4473,6.4473,6.4473,6.4473,6.4473,6.4473,6.4473,6.4473,6.4473,6.4473,6.4473,6.4473,6.4473,6.4473,6.4473,6.4473,6.4473,6.4473,6.4473,6.4473,6.4473,6.4473,6.4473,6.4473,6.4473,6.4473,6.4473,6.4473,6.4473,6.4473,6.4473,6.4473,6.4473,6.4473,6.4473,6.4473,6.4473,6.4473,6.4473,6.4473,6.4473,6.4473,6.4473,6.4473,6.4473,6.4473,6.4473,6.4473,6.4473,6.4473,6.4473,6.4473,6.4473,6.4473,6.4473,6.4473,6.4473,6.4473,6.4473,6.4473,6.4473,6.4473,6.4473,6.4473,6.4473,6.4473,6.4473,6.4473,6.4473,6.4473,6.4473,6.4473,6.4473,6.4473,6.4473,6.4473,6.4473,6.4473,6.4473,6.4473,6.4473,6.4473,6.4473,6.4473,6.4473,6.4473,6.4473,6.4473,6.4473,6.4473,6.4473,6.4473,6.4473,6.4473,6.4473,6.4473,6.4473,6.4473,6.4473,6.4473,6.4473,6.4473,6.4473,6.4473,6.4473,6.4473,6.4473,6.4473,6.4473,6.4473,6.4473,6.4473,6.4473,6.4473,6.4473,6.4473,6.4473,6.4473,6.4473,6.4473,6.4473,6.4473,6.4473,6.4473,6.4473,6.4473,6.4473,6.4473,6.4473,6.4473,6.4473,6.4473,6.4473,6.4473,6.4473,6.4473,6.4473,6.4473,6.4473,6.4473,6.4473,6.4473,6.4473,6.4473,6.4473,6.4473,6.4473,6.4473,6.4473,6.4473,6.4473,6.4473,6.4473,6.4473,6.4473,6.4473,6.4473,6.4473,6.4473,6.4473,6.4473,6.4473,6.4473,6.4473,6.4473,6.4473,6.4473,6.4473,6.4473,6.4473,6.4473,6.4473,6.4473,6.4473,6.4473,6.4473,6.4473,6.4473,6.4473,6.4473,6.4473,6.4473,6.4473,6.4473,6.4473,6.4473,6.4473,6.4473,6.4473,6.4473,6.4473,6.4473,6.4473,6.4473,6.4473,6.4473,6.4473,6.4473,6.4473,6.4473,6.4473,6.4473,6.4473,6.4473,6.4473,6.4473,6.4473,6.4473,6.4473,6.4473,6.4473,6.4473,6.4473,6.4473,6.4473,6.4473,6.4473,6.4473,6.4473,6.4473,6.4473,6.4473,6.4473,6.4473,6.4473,6.4473,6.4473,6.4473,6.4473,6.4473,6.4473,6.4473,6.4473,6.4473,6.4473,6.4473,6.4473,6.4473,6.4473,6.4473,6.4473,6.4473,6.4473,6.4473,6.4473,6.4473,6.4473,6.4473,6.4473,6.4473,6.4473,6.4473,6.4473,6.4473,6.4473,6.4473,6.4473,6.4473,6.4473,6.4473,6.4473,6.4473,6.4473,6.4473,6.4473,6.4473,6.4473,6.4473,6.4473,6.4473,6.4473,6.4473,6.4473,6.4473,6.4473,6.4473,6.4473,6.4473,6.4473,6.4473,6.4473,6.4473,6.4473,6.4473,6.4473,6.4473,6.4473,6.4473,6.4473,6.4473,6.4473,6.4473,6.4473,6.4473,6.4473,6.4473,6.4473,6.4473,6.4473,6.4473,6.4473,6.4473,6.4473,6.4473,6.4473,6.4473,6.4473,6.4473,6.4473,6.4473,6.4473,6.4473,6.4473,6.4473,6.4473,6.4473,6.4473,6.4473,6.4473,6.4473,6.4473,6.4473,6.4473,6.4473,6.4473,6.4473,6.4473,6.4473,6.4473,6.4473,6.4473,6.4473,6.4473,6.4473,6.4473,6.4473,6.4473,6.4473,6.4473,6.4473,6.4473,6.4473,6.4473,6.4473,6.4473,6.4473,6.4473,6.4473,6.4473,6.4473,6.4473,6.4473,6.4473,6.4473,6.4473,6.4473,6.4473,6.4473,6.4473,6.4473,6.4473,6.4473,6.4473,6.4473,6.4473,6.4473,6.4473,6.4473,6.4473,6.4473,6.4473,6.4473,6.4473,6.4473,6.4473,6.4473,6.4473,6.4473,6.4473,6.4473,6.4473,6.4473,6.4473,6.4473,6.4473,6.4473,6.4473,6.4473,6.4473,6.4473,6.4473,6.4473,6.4473,6.4473,6.4473,6.4473,6.4473,6.4473,6.4473,6.4473,6.4473,6.4473,6.4473,6.4473,6.4473,6.4473,6.4473,6.4473,6.4473,6.4473,6.4473,6.4473,6.4473,6.4473,6.4473,6.4473,6.4473,6.4473,6.4473,6.4473,6.4473,6.4473,6.4473,6.4473,6.4473,6.4473,6.4473,6.4473,6.4473,6.4473,6.4473,6.4473,6.4473,6.4473,6.4473,6.4473,6.4473,6.4473,6.4473,6.4473,6.4473,6.4473,6.4473,6.4473,6.4473,6.4473,6.4473,6.4473,6.4473,6.4473,6.4473,6.4473,6.4473,6.4473,6.4473,6.4473,6.4473,6.4473,6.4473,6.4473,6.4473,6.4473,6.4473,6.4473,6.4473,6.4473,6.4473,6.4473,6.4473,6.4473,6.4473,6.4473,6.4473,6.4473,6.4473,6.4473,6.4473,6.4473,6.4473,6.4473,6.4473,6.4473,6.4473,6.4473,6.4473,6.4473,6.4473,6.4473,6.4473,6.4473,6.4473,6.4473,6.4473,6.4473,6.4473,6.4473,6.4473,6.4473,6.4473,6.4473,6.4473,6.4473,6.4473,6.4473,6.4473,6.4473,6.4473,6.4473,6.4473,6.4473,6.4473,6.4473,6.4473,6.4473,6.4473,6.4473,6.4473,6.4473,6.4473,6.4473,6.4473,6.4473,6.4473,6.4473,6.4473,6.4473,6.4473,6.4473,6.4473,6.4473,6.4473,6.4473,6.4473,6.4473,6.4473,6.4473,6.4473,6.4473,6.4473,6.4473,6.4473,6.4473,6.4473,6.4473,6.4473,6.4473,6.4473,6.4473,6.4473,6.4473,6.4473,6.4473,6.4473,6.4473,6.4473,6.4473,6.4473,6.4473,6.4473,6.4473,6.4473,6.4473,6.4473,6.4473,6.4473,6.4473,6.4473,6.4473,6.4473,6.4473,6.4473,6.4473,6.4473,6.4473,6.4473,6.4473,6.4473,6.4473,6.4473,6.4473,6.4473,6.4473,6.4473,6.4473,6.4473,6.4473,6.4473,6.4473,6.4473,6.4473,6.4473,6.4473,6.4473,6.4473,6.4473,6.4473,6.4473,6.4473,6.4473,6.4473,6.4473,6.4473,6.4473,6.4473,6.4473,6.4473,6.4473,6.4473,6.4473,6.4473,6.4473,6.4473,6.4473,6.4473,6.4473,6.4473,6.4473,6.4473,6.4473,6.4473,6.4473,6.4473,6.4473,6.4473,6.4473,6.4473,6.4473,6.4473,6.4473,6.4473,6.4473,6.4473,6.4473,6.4473,6.4473,6.4473,6.4473,6.4473,6.4473,6.4473,6.4473,6.4473,6.4473,6.4473,6.4473,6.4473,6.4473,6.4473,6.4473,6.4473,6.4473,6.4473,6.4473,6.4473,6.4473,6.4473,6.4473,6.4473,6.4473,6.4473,6.4473,6.4473,6.4473,6.4473,6.4473,6.4473,6.4473,6.4473,6.4473,6.4473,6.4473,6.4473,6.4473,6.4473,6.4473,6.4473,6.4473,6.4473,6.4473,6.4473,6.4473,6.4473,6.4473,6.4473,6.4473,6.4473,6.4473,6.4473,6.4473,6.4473,6.4473,6.4473,6.4473,6.4473,6.4473,6.4473,6.4473,6.4473,6.4473,6.4473,6.4473,6.4473,6.4473,6.4473,6.4473,6.4473,6.4473,6.4473,6.4473,6.4473,6.4473,6.4473,6.4473,6.4473,6.4473,6.4473,6.4473,6.4473,6.4473,6.4473,6.4473,6.4473,6.4473,6.4473,6.4473,6.4473,6.4473,6.4473,6.4473,6.4473,6.4473,6.4473,6.4473,6.4473,6.4473,6.4473,6.4473,6.4473,6.4473,6.4473,6.4473,6.4473,6.4473,6.4473,6.4473,6.4473,6.4473,6.4473,6.4473,6.4473,6.4473,6.4473,6.4473,6.4473,6.4473,6.4473,6.4473,6.4473,6.4473,6.4473,6.4473,6.4473,6.4473,6.4473,6.4473,6.4473,6.4473,6.4473,6.4468,6.4468,6.4468,6.4468,6.4468,6.4468,6.4468,6.4468,6.4468,6.4468,6.4468,6.4468,6.4468,6.4468,6.4468,6.4468,6.4468,6.4468,6.4468,6.4468,6.4468,6.4468,6.4468,6.4468,6.4468,6.4468,6.4468,6.4468,6.4468,6.4468,6.4468,6.4468,6.4468,6.4468,6.4468,6.4468,6.4468,6.4468,6.4468,6.4468,6.4468,6.4468,6.4468,6.4468,6.4468,6.4468,6.4468,6.4468,6.4468,6.4468,6.4468,6.4468,6.4468,6.4468,6.4468,6.4468,6.4468,6.4468,6.4468,6.4468
6.4421,6.4421,6.4421,6.4421,6.4421,6.4421,6.4421,6.4421,6.4421,6.4421,6.4421,6.4421,6.4421,6.4421,6.4421,6.4421,6.4421,6.4421,6.4421,6.4421,6.4421,6.4421,6.4421,6.4421,6.4421,6.4421,6.4421,6.4421,6.4421,6.4421,6.4421,6.4421,6.4421,6.4421,6.4421,6.4421,6.4421,6.4421,6.4421,6.4421,6.4421,6.4421,6.4421,6.4421,6.4421,6.4421,6.4421,6.4421,6.4421,6.4421,6.4421,6.4421,6.4421,6.4421,6.4421,6.4421,6.4421,6.4421,6.4421,6.4421,6.4421,6.4421,6.4421,6.4421,6.4421,6.4421,6.4421,6.4421,6.4421,6.4421,6.4421,6.4421,6.4421,6.4421,6.4421,6.4421,6.4421,6.4421,6.4421,6.4421,6.4421,6.4421,6.4421,6.4421,6.4421,6.4421,6.4421,6.4421,6.4421,6.4421,6.4421,6.4421,6.4421,6.4421,6.4421,6.4421,6.4421,6.4421,6.4421,6.4421,6.4421,6.4421,6.4421,6.4421,6.4421,6.4421,6.4421,6.4421,6.4421,6.4421,6.4421,6.4421,6.4421,6.4421,6.4421,6.4421,6.4421,6.4421,6.4421,6.4421,6.4421,6.4421,6.4421,6.4421,6.4421,6.4421,6.4421,6.4421,6.4421,6.4421,6.4421,6.4421,6.4421,6.4421,6.4421,6.4421,6.4421,6.4421,6.4421,6.4421,6.4421,6.4421,6.4421,6.4421,6.4421,6.4421,6.4421,6.4421,6.4421,6.4421,6.4421,6.4421,6.4421,6.4421,6.4421,6.4421,6.4421,6.4421,6.4421,6.4421,6.4421,6.4421,6.4421,6.4421,6.4421,6.4421,6.4421,6.4421,6.4421,6.4421,6.4421,6.4421,6.4421,6.4421,6.4421,6.4421,6.4421,6.4421,6.4421,6.4421,6.4421,6.4421,6.4421,6.4421,6.4421,6.4421,6.4421,6.4421,6.4421,6.4421,6.4421,6.4421,6.4421,6.4421,6.4421,6.4421,6.4421,6.4421,6.4421,6.4421,6.4421,6.4421,6.4421,6.4421,6.4421,6.4421,6.4421,6.4421,6.4421,6.4421,6.4421,6.4421,6.4421,6.4421,6.4421,6.4421,6.4421,6.4421,6.4421,6.4421,6.4421,6.4421,6.4421,6.4421,6.4421,6.4421,6.4421,6.4421,6.4421,6.4421,6.4421,6.4421,6.4421,6.4421,6.4421,6.4421,6.4421,6.4421,6.4421,6.4421,6.4421,6.4421,6.4421,6.4421,6.4421,6.4421,6.4421,6.4421,6.4421,6.4421,6.4421,6.4421,6.4421,6.4421,6.4421,6.4421,6.4421,6.4421,6.4421,6.4421,6.4421,6.4421,6.4421,6.4421,6.4421,6.4421,6.4421,6.4421,6.4421,6.4421,6.4421,6.4421,6.4421,6.4421,6.4421,6.4421,6.4421,6.4421,6.4421,6.4421,6.4421,6.4421,6.4421,6.4421,6.4421,6.4421,6.4421,6.4421,6.4421,6.4421,6.4421,6.4421,6.4421,6.4421,6.4421,6.4421,6.4421,6.4421,6.4421,6.4421,6.4421,6.4421,6.4421,6.4421,6.4421,6.4421,6.4421,6.4421,6.4421,6.4421,6.4421,6.4421,6.4421,6.4421,6.4421,6.4421,6.4421,6.4421,6.4421,6.4421,6.4421,6.4421,6.4421,6.4421,6.4421,6.4421,6.4421,6.4421,6.4421,6.4421,6.4421,6.4421,6.4421,6.4421,6.4421,6.4421,6.4421,6.4421,6.4421,6.4421,6.4421,6.4421,6.4421,6.4421,6.4421,6.4421,6.4421,6.4421,6.4421,6.4421,6.4421,6.4421,6.4421,6.4421,6.4421,6.4421,6.4421,6.4421,6.4421,6.4421,6.4421,6.4421,6.4421,6.4421,6.4421,6.4421,6.4421,6.4421,6.4421,6.4421,6.4421,6.4421,6.4421,6.4421,6.4421,6.4421,6.4421,6.4421,6.4421,6.4421,6.4421,6.4421,6.4421,6.4421,6.4421,6.4421,6.4421,6.4421,6.4421,6.4421,6.4421,6.4421,6.4421,6.4421,6.4421,6.4421,6.4421,6.4421,6.4421,6.4421,6.4421,6.4421,6.4421,6.4421,6.4421,6.4421,6.4421,6.4421,6.4421,6.4421,6.4421,6.4421,6.4421,6.4421,6.4421,6.4421,6.4421,6.4421,6.4421,6.4421,6.4421,6.4421,6.4421,6.4421,6.4421,6.4421,6.4421,6.4421,6.4421,6.4421,6.4421,6.4421,6.4421,6.4421,6.4421,6.4421,6.4421,6.4421,6.4421,6.4421,6.4421,6.4421,6.4421,6.4421,6.4421,6.4421,6.4421,6.4421,6.4421,6.4421,6.4421,6.4421,6.4421,6.4421,6.4421,6.4421,6.4421,6.4421,6.4421,6.4421,6.4421,6.4421,6.4421,6.4421,6.4421,6.4421,6.4421,6.4421,6.4421,6.4421,6.4421,6.4421,6.4421,6.4421,6.4421,6.4421,6.4421,6.4421,6.4421,6.4421,6.4421,6.4421,6.4421,6.4421,6.4421,6.4421,6.4421,6.4421,6.4421,6.4421,6.4421,6.4421,6.4421,6.4421,6.4421,6.4421,6.4421,6.4421,6.4421,6.4421,6.4421,6.4421,6.4421,6.4421,6.4421,6.4421,6.4421,6.4421,6.4421,6.4421,6.4421,6.4421,6.4421,6.4421,6.4421,6.4421,6.4421,6.4421,6.4421,6.4421,6.4421,6.4421,6.4421,6.4421,6.4421,6.4421,6.4421,6.4421,6.4421,6.4421,6.4421,6.4421,6.4421,6.4421,6.4421,6.4421,6.4421,6.4421,6.4421,6.4421,6.4421,6.4421,6.4421,6.4421,6.4421,6.4421,6.4421,6.4421,6.4421,6.4421,6.4421,6.4421,6.4421,6.4421,6.4421,6.4421,6.4421,6.4421,6.4421,6.4421,6.4421,6.4421,6.4421,6.4421,6.4421,6.4421,6.4421,6.4421,6.4421,6.4421,6.4421,6.4421,6.4421,6.4421,6.4421,6.4421,6.4421,6.4421,6.4421,6.4421,6.4421,6.4421,6.4421,6.4421,6.4421,6.4421,6.4421,6.4421,6.4421,6.4421,6.4421,6.4421,6.4421,6.4421,6.4421,6.4421,6.4421,6.4421,6.4421,6.4421,6.4421,6.4421,6.4421,6.4421,6.4421,6.4421,6.4421,6.4421,6.4421,6.4421,6.4421,6.4421,6.4421,6.4421,6.4421,6.4421,6.4421,6.4421,6.4421,6.4421,6.4421,6.4421,6.4421,6.4421,6.4421,6.4421,6.4421,6.4421,6.4421,6.4421,6.4421,6.4421,6.4421,6.4421,6.4421,6.4421,6.4421,6.4421,6.4421,6.4421,6.4421,6.4421,6.4421,6.4421,6.4421,6.4421,6.4421,6.4421,6.4421,6.4421,6.4421,6.4421,6.4421,6.4421,6.4421,6.4421,6.4421,6.4421,6.4421,6.4421,6.4421,6.4421,6.4421,6.4421,6.4421,6.4421,6.4421,6.4421,6.4421,6.4421,6.4421,6.4421,6.4421,6.4421,6.4421,6.4421,6.4421,6.4421,6.4421,6.4421,6.4421,6.4421,6.4421,6.4421,6.4421,6.4421,6.4421,6.4421,6.4421,6.4421,6.4421,6.4421,6.4421,6.4421,6.4421,6.4421,6.4421,6.4421,6.4421,6.4421,6.4421,6.4421,6.4421,6.4421,6.4421,6.4421,6.4421,6.4421,6.4421,6.4421,6.4421,6.4421,6.4421,6.4421,6.4421,6.4421,6.4421,6.4421,6.4421,6.4421,6.4421,6.4421,6.4421,6.4421,6.4421,6.4421,6.4421,6.4421,6.4421,6.4421,6.4421,6.4421,6.4421,6.4421,6.4421,6.4421,6.4421,6.4421,6.4421,6.4421,6.4421,6.4421,6.4421,6.4421,6.4421,6.4421,6.4421,6.4421,6.4421,6.4421,6.4421,6.4421,6.4421,6.4421,6.4421,6.4421,6.4421,6.4421,6.4421,6.4421,6.4421,6.4421,6.4421,6.4421,6.4421,6.4421,6.4421,6.4421,6.4421,6.4421,6.4421,6.4421,6.4421,6.4421,6.4421,6.4421,6.4421,6.4421,6.4421,6.4421,6.4421,6.4421,6.4421,6.4421,6.4421,6.4421,6.4421,6.4421,6.4421,6.4421,6.4421,6.4421,6.4421,6.4421,6.4421,6.4421,6.4421,6.4421,6.4421,6.4421,6.4421,6.4421,6.4421,6.4421,6.4421,6.4421,6.4421,6.4421,6.4421,6.4421,6.4421,6.4421,6.4421,6.4421,6.4421,6.4421,6.4421,6.4421,6.4421,6.4421,6.4421,6.4421,6.4421,6.4421,6.4421,6.4421,6.4421,6.4421,6.4421,6.4421,6.4421,6.4421,6.4421,6.4421,6.4421,6.4421,6.4421,6.4421,6.4421,6.4421,6.4421,6.4421,6.4421,6.4421,6.4421,6.4421,6.4421,6.4421,6.4421,6.4421,6.4421,6.4421,6.4421,6.4421,6.4421,6.4421,6.4421,6.4421,6.4421,6.4421,6.4421,6.4421,6.4421,6.4421,6.4421,6.4421,6.4421,6.4421,6.4421,6.4421,6.4421,6.4421,6.4421,6.4421,6.4421,6.4421,6.4421,6.4421,6.4421,6.4421,6.4421,6.4421,6.4421,6.4421,6.4421,6.4421,6.4421,6.4421,6.4421,6.4421,6.4421,6.4421,6.4421,6.4421,6.4421,6.4421,6.4421,6.4421,6.4421,6.4421,6.4421,6.4421,6.4421,6.4421,6.4421,6.4421,6.4421,6.4421,6.4421,6.4421,6.4421,6.4421,6.4421,6.4421,6.4421,6.4421,6.4421,6.4421,6.4421,6.4421,6.4421,6.4421,6.4421,6.4421,6.4421,6.4421,6.4421,6.4421,6.4421,6.4421,6.4421,6.4421,6.4421,6.4421,6.4421,6.4421,6.4421,6.4421,6.4421,6.4421,6.4421,6.4421,6.4421,6.4421,6.4421,6.4421,6.4421,6.4421,6.4421,6.4421,6.4421,6.4421,6.4421,6.4421,6.4421,6.4421,6.4421,6.4421,6.4421,6.4421
6.4374,6.4374,6.4374,6.4374,6.4374,6.4374,6.4374,6.4374,6.4374,6.4374,6.4374,6.4374,6.4374,6.4374,6.4374,6.4374,6.4374,6.4374,6.4374,6.4374,6.4374,6.4374,6.4374,6.4374,6.4374,6.4374,6.4374,6.4374,6.4374,6.4374,6.4374,6.4374,6.4374,6.4374,6.4374,6.4374,6.4374,6.4374,6.4374,6.4374,6.4374,6.4374,6.4374,6.4374,6.4374,6.4374,6.4374,6.4374,6.4374,6.4374,6.4374,6.4374,6.4374,6.4374,6.4374,6.4374,6.4374,6.4374,6.4374,6.4374,6.4374,6.4374,6.4374,6.4374,6.4374,6.4374,6.4374,6.4374,6.4374,6.4374,6.4374,6.4374,6.4374,6.4374,6.4374,6.4374,6.4374,6.4374,6.4374,6.4374,6.4374,6.4374,6.4374,6.4374,6.4374,6.4374,6.4374,6.4374,6.4374,6.4374,6.4374,6.4374,6.4374,6.4374,6.4374,6.4374,6.4374,6.4374,6.4374,6.4374,6.4374,6.4374,6.4374,6.4374,6.4374,6.4374,6.4374,6.4374,6.4374,6.4374,6.4374,6.4374,6.4374,6.4374,6.4374,6.4374,6.4374,6.4374,6.4374,6.4374,6.4374,6.4374,6.4374,6.4374,6.4374,6.4374,6.4374,6.4374,6.4379,6.4379,6.4379,6.4379,6.4379,6.4379,6.4379,6.4379,6.4379,6.4379,6.4379,6.4379,6.4379,6.4379,6.4379,6.4379,6.4379,6.4379,6.4379,6.4379,6.4379,6.4379,6.4379,6.4379,6.4379,6.4379,6.4379,6.4379,6.4379,6.4379,6.4379,6.4379,6.4379,6.4379,6.4379,6.4379,6.4379,6.4379,6.4379,6.4379,6.4379,6.4379,6.4379,6.4379,6.4379,6.4379,6.4379,6.4379,6.4379,6.4379,6.4379,6.4379,6.4379,6.4379,6.4379,6.4379,6.4379,6.4379,6.4379,6.4379,6.4379,6.4379,6.4379,6.4379,6.4379,6.4379,6.4379,6.4379,6.4379,6.4379,6.4379,6.4379,6.4379,6.4379,6.4379,6.4379,6.4379,6.4379,6.4379,6.4379,6.4379,6.4379,6.4379,6.4379,6.4379,6.4379,6.4379,6.4379,6.4379,6.4379,6.4379,6.4379,6.4379,6.4379,6.4379,6.4379,6.4379,6.4379,6.4379,6.4379,6.4379,6.4379,6.4379,6.4379,6.4379,6.4379,6.4379,6.4379,6.4379,6.4379,6.4379,6.4379,6.4379,6.4379,6.4379,6.4379,6.4379,6.4379,6.4379,6.4379,6.4379,6.4379,6.4379,6.4379,6.4379,6.4379,6.4379,6.4379,6.4379,6.4379,6.4379,6.4379,6.4379,6.4379,6.4379,6.4379,6.4379,6.4379,6.4379,6.4379,6.4379,6.4379,6.4379,6.4379,6.4379,6.4379,6.4379,6.4379,6.4379,6.4379,6.4379,6.4379,6.4379,6.4379,6.4379,6.4379,6.4379,6.4379,6.4379,6.4379,6.4379,6.4379,6.4379,6.4379,6.4379,6.4379,6.4379,6.4379,6.4379,6.4379,6.4379,6.4379,6.4379,6.4379,6.4379,6.4379,6.4379,6.4379,6.4379,6.4379,6.4379,6.4379,6.4379,6.4379,6.4379,6.4379,6.4379,6.4379,6.4379,6.4379,6.4379,6.4379,6.4379,6.4379,6.4379,6.4379,6.4379,6.4379,6.4379,6.4379,6.4379,6.4379,6.4379,6.4379,6.4379,6.4379,6.4379,6.4379,6.4379,6.4379,6.4379,6.4379,6.4379,6.4379,6.4379,6.4379,6.4379,6.4379,6.4379,6.4379,6.4379,6.4379,6.4379,6.4379,6.4379,6.4379,6.4379,6.4379,6.4379,6.4379,6.4379,6.4379,6.4379,6.4379,6.4379,6.4379,6.4379,6.4379,6.4379,6.4379,6.4379,6.4379,6.4379,6.4379,6.4379,6.4379,6.4379,6.4379,6.4379,6.4379,6.4379,6.4379,6.4379,6.4379,6.4379,6.4379,6.4379,6.4379,6.4379,6.4379,6.4379,6.4379,6.4379,6.4379,6.4379,6.4379,6.4379,6.4379,6.4379,6.4379,6.4379,6.4379,6.4379,6.4379,6.4379,6.4379,6.4379,6.4379,6.4379,6.4379,6.4379,6.4379,6.4379,6.4379,6.4379,6.4379,6.4379,6.4379,6.4379,6.4379,6.4379,6.4379,6.4379,6.4379,6.4379,6.4379,6.4379,6.4379,6.4379,6.4379,6.4379,6.4379,6.4379,6.4379,6.4379,6.4379,6.4379,6.4379,6.4379,6.4379,6.4379,6.4379,6.4379,6.4379,6.4379,6.4379,6.4379,6.4379,6.4379,6.4379,6.4379,6.4379,6.4379,6.4379,6.4379,6.4379,6.4379,6.4379,6.4379,6.4379,6.4379,6.4379,6.4379,6.4379,6.4379,6.4379,6.4379,6.4379,6.4379,6.4379,6.4379,6.4379,6.4379,6.4379,6.4379,6.4379,6.4379,6.4379,6.4379,6.4379,6.4379,6.4379,6.4379,6.4379,6.4379,6.4379,6.4379,6.4379,6.4379,6.4379,6.4379,6.4379,6.4379,6.4379,6.4379,6.4379,6.4379,6.4379,6.4379,6.4379,6.4379,6.4379,6.4379,6.4379,6.4379,6.4379,6.4379,6.4379,6.4379,6.4379,6.4379,6.4379,6.4379,6.4379,6.4379,6.4379,6.4379,6.4379,6.4379,6.4379,6.4379,6.4379,6.4379,6.4379,6.4379,6.4379,6.4379,6.4379,6.4379,6.4379,6.4379,6.4379,6.4379,6.4379,6.4379,6.4379,6.4379,6.4379,6.4379,6.4379,6.4379,6.4379,6.4379,6.4379,6.4379,6.4379,6.4379,6.4379,6.4379,6.4379,6.4379,6.4379,6.4379,6.4379,6.4379,6.4379,6.4379,6.4379,6.4379,6.4379,6.4379,6.4379,6.4379,6.4379,6.4379,6.4379,6.4379,6.4379,6.4379,6.4379,6.4379,6.4379,6.4379,6.4379,6.4379,6.4379,6.4379,6.4379,6.4379,6.4379,6.4379,6.4379,6.4379,6.4379,6.4379,6.4379,6.4379,6.4379,6.4379,6.4379,6.4379,6.4379,6.4379,6.4379,6.4379,6.4379,6.4379,6.4379,6.4379,6.4379,6.4379,6.4379,6.4379,6.4379,6.4379,6.4379,6.4379,6.4379,6.4379,6.4379,6.4379,6.4379,6.4379,6.4379,6.4379,6.4379,6.4379,6.4379,6.4379,6.4379,6.4379,6.4379,6.4379,6.4379,6.4379,6.4379,6.4379,6.4379,6.4379,6.4379,6.4379,6.4379,6.4379,6.4379,6.4379,6.4379,6.4379,6.4379,6.4379,6.4379,6.4379,6.4379,6.4379,6.4379,6.4379,6.4379,6.4379,6.4379,6.4379,6.4379,6.4379,6.4379,6.4379,6.4379,6.4379,6.4379,6.4379,6.4379,6.4379,6.4379,6.4379,6.4379,6.4379,6.4379,6.4379,6.4379,6.4379,6.4379,6.4379,6.4379,6.4379,6.4379,6.4379,6.4379,6.4379,6.4379,6.4379,6.4379,6.4379,6.4379,6.4379,6.4379,6.4379,6.4379,6.4379,6.4379,6.4379,6.4379,6.4379,6.4379,6.4379,6.4379,6.4379,6.4379,6.4379,6.4379,6.4379,6.4379,6.4379,6.4379,6.4379,6.4379,6.4379,6.4379,6.4379,6.4379,6.4379,6.4379,6.4379,6.4379,6.4379,6.4379,6.4379,6.4379,6.4379,6.4379,6.4379,6.4379,6.4379,6.4379,6.4379,6.4379,6.4379,6.4379,6.4379,6.4379,6.4379,6.4379,6.4379,6.4379,6.4379,6.4379,6.4379,6.4379,6.4379,6.4379,6.4379,6.4379,6.4379,6.4379,6.4379,6.4379,6.4379,6.4379,6.4379,6.4379,6.4379,6.4379,6.4379,6.4379,6.4379,6.4379,6.4379,6.4379,6.4379,6.4379,6.4379,6.4379,6.4379,6.4379,6.4379,6.4379,6.4379,6.4379,6.4379,6.4379,6.4379,6.4379,6.4379,6.4379,6.4379,6.4379,6.4379,6.4379,6.4379,6.4379,6.4379,6.4379,6.4379,6.4379,6.4379,6.4379,6.4379,6.4379,6.4379,6.4379,6.4379,6.4379,6.4379,6.4379,6.4379,6.4379,6.4379,6.4379,6.4379,6.4379,6.4379,6.4379,6.4379,6.4379,6.4379,6.4379,6.4379,6.4379,6.4379,6.4379,6.4379,6.4379,6.4379,6.4379,6.4379,6.4379,6.4379,6.4379,6.4379,6.4379,6.4379,6.4379,6.4379,6.4379,6.4379,6.4379,6.4379,6.4379,6.4379,6.4379,6.4379,6.4379,6.4379,6.4379,6.4379,6.4379,6.4379,6.4379,6.4379,6.4379,6.4379,6.4379,6.4379,6.4379,6.4379,6.4379,6.4379,6.4379,6.4379,6.4379,6.4379,6.4379,6.4379,6.4379,6.4379,6.4379,6.4379,6.4379,6.4379,6.4379,6.4379,6.4379,6.4379,6.4379,6.4379,6.4379,6.4379,6.4379,6.4379,6.4379,6.4379,6.4379,6.4379,6.4379,6.4379,6.4379,6.4379,6.4379,6.4379,6.4379,6.4379,6.4379,6.4379,6.4379,6.4379,6.4379,6.4379,6.4379,6.4379,6.4379,6.4379,6.4379,6.4379,6.4379,6.4379,6.4379,6.4379,6.4379,6.4379,6.4379,6.4379,6.4379,6.4379,6.4379,6.4379,6.4379,6.4379,6.4379,6.4379,6.4379,6.4379,6.4379,6.4379,6.4379,6.4379,6.4379,6.4379,6.4379,6.4379,6.4379,6.4379,6.4379,6.4379,6.4379,6.4379,6.4379,6.4379,6.4379,6.4379,6.4379,6.4379,6.4379,6.4379,6.4379,6.4379,6.4379,6.4379,6.4379,6.4379,6.4379,6.4379,6.4379,6.4379,6.4379,6.4379,6.4379,6.4379,6.4379,6.4379,6.4379,6.4379,6.4379,6.4379,6.4379,6.4379,6.4379,6.4379,6.4379,6.4379,6.4379,6.4379,6.4379,6.4379,6.4379,6.4379,6.4379
6.4328,6.4328,6.4328,6.4328,6.4328,6.4328,6.4328,6.4328,6.4328,6.4328,6.4328,6.4328,6.4328,6.4328,6.4328,6.4328,6.4328,6.4328,6.4328,6.4328,6.4328,6.4328,6.4328,6.4328,6.4328,6.4328,6.4328,6.4328,6.4328,6.4328,6.4328,6.4328,6.4328,6.4328,6.4328,6.4328,6.4328,6.4328,6.4328,6.4328,6.4328,6.4328,6.4328,6.4328,6.4328,6.4328,6.4328,6.4328,6.4328,6.4328,6.4328,6.4328,6.4328,6.4328,6.4328,6.4328,6.4328,6.4328,6.4328,6.4328,6.4328,6.4328,6.4328,6.4328,6.4328,6.4328,6.4328,6.4328,6.4328,6.4328,6.4328,6.4328,6.4328,6.4328,6.4328,6.4328,6.4328,6.4328,6.4328,6.4328,6.4328,6.4328,6.4328,6.4328,6.4328,6.4328,6.4328,6.4328,6.4328,6.4328,6.4328,6.4328,6.4328,6.4328,6.4328,6.4328,6.4328,6.4328,6.4328,6.4328,6.4328,6.4328,6.4328,6.4328,6.4328,6.4328,6.4328,6.4328,6.4328,6.4328,6.4328,6.4328,6.4328,6.4328,6.4328,6.4328,6.4328,6.4328,6.4328,6.4328,6.4328,6.4328,6.4328,6.4328,6.4328,6.4328,6.4328,6.4328,6.4328,6.4328,6.4328,6.4328,6.4328,6.4328,6.4328,6.4328,6.4328,6.4328,6.4328,6.4328,6.4328,6.4328,6.4328,6.4328,6.4328,6.4328,6.4328,6.4328,6.4328,6.4328,6.4328,6.4328,6.4328,6.4328,6.4328,6.4328,6.4328,6.4328,6.4328,6.4328,6.4328,6.4328,6.4328,6.4328,6.4328,6.4328,6.4328,6.4328,6.4328,6.4328,6.4328,6.4328,6.4328,6.4328,6.4328,6.4328,6.4328,6.4328,6.4328,6.4328,6.4328,6.4328,6.4328,6.4328,6.4328,6.4328,6.4328,6.4328,6.4328,6.4328,6.4328,6.4328,6.4328,6.4328,6.4328,6.4328,6.4328,6.4328,6.4328,6.4328,6.4328,6.4328,6.4328,6.4328,6.4328,6.4328,6.4328,6.4328,6.4328,6.4328,6.4328,6.4328,6.4328,6.4328,6.4328,6.4328,6.4328,6.4328,6.4328,6.4328,6.4328,6.4328,6.4328,6.4328,6.4328,6.4328,6.4328,6.4328,6.4328,6.4328,6.4328,6.4328,6.4328,6.4328,6.4328,6.4328,6.4328,6.4328,6.4328,6.4328,6.4328,6.4328,6.4328,6.4328,6.4328,6.4328,6.4328,6.4328,6.4328,6.4328,6.4328,6.4328,6.4328,6.4328,6.4328,6.4328,6.4328,6.4328,6.4328,6.4328,6.4328,6.4328,6.4328,6.4328,6.4328,6.4328,6.4328,6.4328,6.4328,6.4328,6.4328,6.4328,6.4328,6.4328,6.4328,6.4328,6.4328,6.4328,6.4328,6.4328,6.4328,6.4328,6.4328,6.4328,6.4328,6.4328,6.4328,6.4328,6.4328,6.4328,6.4328,6.4328,6.4328,6.4328,6.4328,6.4328,6.4328,6.4328,6.4328,6.4328,6.4328,6.4328,6.4328,6.4328,6.4328,6.4328,6.4328,6.4328,6.4328,6.4328,6.4328,6.4328,6.4328,6.4328,6.4328,6.4328,6.4328,6.4328,6.4328,6.4328,6.4328,6.4328,6.4328,6.4328,6.4328,6.4328,6.4328,6.4328,6.4328,6.4328,6.4328,6.4328,6.4328,6.4328,6.4328,6.4328,6.4328,6.4328,6.4328,6.4328,6.4328,6.4328,6.4328,6.4328,6.4328,6.4328,6.4328,6.4328,6.4328,6.4328,6.4328,6.4328,6.4328,6.4328,6.4328,6.4328,6.4328,6.4328,6.4328,6.4328,6.4328,6.4328,6.4328,6.4328,6.4328,6.4328,6.4328,6.4328,6.4328,6.4328,6.4328,6.4328,6.4328,6.4328,6.4328,6.4328,6.4328,6.4328,6.4328,6.4328,6.4328,6.4328,6.4328,6.4328,6.4328,6.4328,6.4328,6.4328,6.4328,6.4328,6.4328,6.4328,6.4328,6.4328,6.4328,6.4328,6.4328,6.4328,6.4328,6.4328,6.4328,6.4328,6.4328,6.4328,6.4328,6.4328,6.4328,6.4328,6.4328,6.4328,6.4328,6.4328,6.4328,6.4328,6.4328,6.4328,6.4328,6.4328,6.4328,6.4328,6.4328,6.4328,6.4328,6.4328,6.4328,6.4328,6.4328,6.4328,6.4328,6.4328,6.4328,6.4328,6.4328,6.4328,6.4328,6.4328,6.4328,6.4328,6.4328,6.4328,6.4328,6.4328,6.4328,6.4328,6.4328,6.4328,6.4328,6.4328,6.4328,6.4328,6.4328,6.4328,6.4328,6.4328,6.4328,6.4328,6.4328,6.4328,6.4328,6.4328,6.4328,6.4328,6.4328,6.4328,6.4328,6.4328,6.4328,6.4328,6.4328,6.4328,6.4328,6.4328,6.4328,6.4328,6.4328,6.4328,6.4328,6.4328,6.4333,6.4333,6.4333,6.4333,6.4333,6.4333,6.4333,6.4333,6.4333,6.4333,6.4333,6.4333,6.4333,6.4333,6.4333,6.4333,6.4333,6.4333,6.4333,6.4333,6.4333,6.4333,6.4333,6.4333,6.4333,6.4333,6.4333,6.4333,6.4333,6.4333,6.4333,6.4333,6.4333,6.4333,6.4333,6.4333,6.4333,6.4333,6.4333,6.4333,6.4333,6.4333,6.4333,6.4333,6.4333,6.4333,6.4333,6.4333,6.4333,6.4333,6.4333,6.4333,6.4333,6.4333,6.4333,6.4333,6.4333,6.4333,6.4333,6.4333,6.4333,6.4333,6.4333,6.4333,6.4333,6.4333,6.4333,6.4333,6.4333,6.4333,6.4333,6.4333,6.4333,6.4333,6.4333,6.4333,6.4333,6.4333,6.4333,6.4333,6.4333,6.4333,6.4333,6.4333,6.4333,6.4333,6.4333,6.4333,6.4333,6.4333,6.4333,6.4333,6.4333,6.4333,6.4333,6.4333,6.4333,6.4333,6.4333,6.4333,6.4333,6.4333,6.4333,6.4333,6.4333,6.4333,6.4333,6.4333,6.4333,6.4333,6.4333,6.4333,6.4333,6.4333,6.4333,6.4333,6.4333,6.4333,6.4333,6.4333,6.4333,6.4333,6.4333,6.4333,6.4333,6.4333,6.4333,6.4333,6.4333,6.4333,6.4333,6.4333,6.4333,6.4333,6.4333,6.4333,6.4333,6.4333,6.4333,6.4333,6.4333,6.4333,6.4333,6.4333,6.4333,6.4333,6.4333,6.4333,6.4333,6.4333,6.4333,6.4333,6.4333,6.4333,6.4333,6.4333,6.4333,6.4333,6.4333,6.4333,6.4333,6.4333,6.4333,6.4333,6.4333,6.4333,6.4333,6.4333,6.4333,6.4333,6.4333,6.4333,6.4333,6.4333,6.4333,6.4333,6.4333,6.4333,6.4333,6.4333,6.4333,6.4333,6.4333,6.4333,6.4333,6.4333,6.4333,6.4333,6.4333,6.4333,6.4333,6.4333,6.4333,6.4333,6.4333,6.4333,6.4333,6.4333,6.4333,6.4333,6.4333,6.4333,6.4333,6.4333,6.4333,6.4333,6.4333,6.4333,6.4333,6.4333,6.4333,6.4333,6.4333,6.4333,6.4333,6.4333,6.4333,6.4333,6.4333,6.4333,6.4333,6.4333,6.4333,6.4333,6.4333,6.4333,6.4333,6.4333,6.4333,6.4333,6.4333,6.4333,6.4333,6.4333,6.4333,6.4333,6.4333,6.4333,6.4333,6.4333,6.4333,6.4333,6.4333,6.4333,6.4333,6.4333,6.4333,6.4333,6.4333,6.4333,6.4333,6.4333,6.4333,6.4333,6.4333,6.4333,6.4333,6.4333,6.4333,6.4333,6.4333,6.4333,6.4333,6.4333,6.4333,6.4333,6.4333,6.4333,6.4333,6.4333,6.4333,6.4333,6.4333,6.4333,6.4333,6.4333,6.4333,6.4333,6.4333,6.4333,6.4333,6.4333,6.4333,6.4333,6.4333,6.4333,6.4333,6.4333,6.4333,6.4333,6.4333,6.4333,6.4333,6.4333,6.4333,6.4333,6.4333,6.4333,6.4333,6.4333,6.4333,6.4333,6.4333,6.4333,6.4333,6.4333,6.4333,6.4333,6.4333,6.4333,6.4333,6.4333,6.4333,6.4333,6.4333,6.4333,6.4333,6.4333,6.4333,6.4333,6.4333,6.4333,6.4333,6.4333,6.4333,6.4333,6.4333,6.4333,6.4333,6.4333,6.4333,6.4333,6.4333,6.4333,6.4333,6.4333,6.4333,6.4333,6.4333,6.4333,6.4333,6.4333,6.4333,6.4333,6.4333,6.4333,6.4333,6.4333,6.4333,6.4333,6.4333,6.4333,6.4333,6.4333,6.4333,6.4333,6.4333,6.4333,6.4333,6.4333,6.4333,6.4333,6.4333,6.4333,6.4333,6.4333,6.4333,6.4333,6.4333,6.4333,6.4333,6.4333,6.4333,6.4333,6.4333,6.4333,6.4333,6.4333,6.4333,6.4333,6.4333,6.4333,6.4333,6.4333,6.4333,6.4333,6.4333,6.4333,6.4333,6.4333,6.4333,6.4333,6.4333,6.4333,6.4333,6.4333,6.4333,6.4333,6.4333,6.4333,6.4333,6.4333,6.4333,6.4333,6.4333,6.4333,6.4333,6.4333,6.4333,6.4333,6.4333,6.4333,6.4333,6.4333,6.4333,6.4333,6.4333,6.4333,6.4333,6.4333,6.4333,6.4333,6.4333,6.4333,6.4333,6.4333,6.4333,6.4333,6.4333,6.4333,6.4333,6.4333,6.4333,6.4333,6.4333,6.4333,6.4333,6.4333,6.4333,6.4333,6.4333,6.4333,6.4333,6.4333,6.4333,6.4333,6.4333,6.4333,6.4333,6.4333,6.4333,6.4333,6.4333,6.4333,6.4333,6.4333,6.4333,6.4333,6.4333,6.4333,6.4333,6.4333,6.4333,6.4333,6.4333,6.4333,6.4333,6.4333,6.4333,6.4333,6.4333,6.4333,6.4333,6.4333,6.4333,6.4333,6.4333,6.4333,6.4333,6.4333,6.4333,6.4333
6.4283,6.4283,6.4283,6.4283,6.4283,6.4283,6.4283,6.4283,6.4283,6.4283,6.4283,6.4283,6.4283,6.4283,6.4283,6.4283,6.4283,6.4283,6.4283,6.4283,6.4283,6.4283,6.4283,6.4283,6.4283,6.4283,6.4283,6.4283,6.4283,6.4283,6.4283,6.4283,6.4283,6.4283,6.4283,6.4283,6.4283,6.4283,6.4283,6.4283,6.4283,6.4283,6.4283,6.4283,6.4283,6.4283,6.4283,6.4283,6.4283,6.4283,6.4283,6.4283,6.4283,6.4283,6.4283,6.4283,6.4283,6.4283,6.4283,6.4283,6.4283,6.4283,6.4283,6.4283,6.4283,6.4283,6.4283,6.4283,6.4283,6.4283,6.4283,6.4283,6.4283,6.4283,6.4283,6.4283,6.4283,6.4283,6.4283,6.4283,6.4283,6.4283,6.4283,6.4283,6.4283,6.4283,6.4283,6.4283,6.4283,6.4283,6.4283,6.4283,6.4283,6.4283,6.4283,6.4283,6.4283,6.4283,6.4283,6.4283,6.4283,6.4283,6.4283,6.4283,6.4283,6.4283,6.4283,6.4283,6.4283,6.4283,6.4283,6.4283,6.4283,6.4283,6.4283,6.4283,6.4283,6.4283,6.4283,6.4283,6.4283,6.4283,6.4283,6.4283,6.4283,6.4283,6.4283,6.4283,6.4283,6.4283,6.4283,6.4283,6.4283,6.4283,6.4283,6.4283,6.4283,6.4283,6.4283,6.4283,6.4283,6.4283,6.4283,6.4283,6.4283,6.4283,6.4283,6.4283,6.4283,6.4283,6.4283,6.4283,6.4283,6.4283,6.4283,6.4283,6.4283,6.4283,6.4283,6.4283,6.4283,6.4283,6.4283,6.4283,6.4283,6.4283,6.4283,6.4283,6.4283,6.4283,6.4283,6.4283,6.4283,6.4283,6.4283,6.4283,6.4283,6.4283,6.4283,6.4283,6.4283,6.4283,6.4283,6.4283,6.4283,6.4283,6.4283,6.4283,6.4283,6.4283,6.4283,6.4283,6.4283,6.4283,6.4283,6.4283,6.4283,6.4283,6.4283,6.4283,6.4283,6.4283,6.4283,6.4283,6.4283,6.4283,6.4283,6.4283,6.4283,6.4283,6.4283,6.4283,6.4283,6.4283,6.4283,6.4283,6.4283,6.4283,6.4283,6.4283,6.4283,6.4283,6.4283,6.4283,6.4283,6.4283,6.4283,6.4283,6.4283,6.4283,6.4283,6.4283,6.4283,6.4283,6.4283,6.4283,6.4283,6.4283,6.4283,6.4283,6.4283,6.4283,6.4283,6.4283,6.4283,6.4283,6.4283,6.4283,6.4283,6.4283,6.4283,6.4283,6.4283,6.4283,6.4283,6.4283,6.4283,6.4283,6.4283,6.4283,6.4283,6.4283,6.4283,6.4283,6.4283,6.4283,6.4283,6.4283,6.4283,6.4283,6.4283,6.4283,6.4283,6.4283,6.4283,6.4283,6.4283,6.4283,6.4283,6.4283,6.4283,6.4283,6.4283,6.4283,6.4283,6.4283,6.4283,6.4283,6.4283,6.4283,6.4283,6.4283,6.4283,6.4283,6.4283,6.4283,6.4283,6.4283,6.4283,6.4283,6.4283,6.4283,6.4283,6.4283,6.4283,6.4283,6.4283,6.4283,6.4283,6.4283,6.4283,6.4283,6.4283,6.4283,6.4283,6.4283,6.4283,6.4283,6.4283,6.4283,6.4283,6.4283,6.4283,6.4283,6.4283,6.4283,6.4283,6.4283,6.4283,6.4283,6.4283,6.4283,6.4283,6.4283,6.4283,6.4283,6.4283,6.4283,6.4283,6.4283,6.4283,6.4283,6.4283,6.4283,6.4283,6.4283,6.4283,6.4283,6.4283,6.4283,6.4283,6.4283,6.4283,6.4283,6.4283,6.4283,6.4283,6.4283,6.4283,6.4283,6.4283,6.4283,6.4283,6.4283,6.4283,6.4283,6.4283,6.4283,6.4283,6.4283,6.4283,6.4283,6.4283,6.4283,6.4283,6.4283,6.4283,6.4283,6.4283,6.4283,6.4283,6.4283,6.4283,6.4283,6.4283,6.4283,6.4283,6.4283,6.4283,6.4283,6.4283,6.4283,6.4283,6.4283,6.4283,6.4283,6.4283,6.4283,6.4283,6.4283,6.4283,6.4283,6.4283,6.4283,6.4283,6.4283,6.4283,6.4283,6.4283,6.4283,6.4283,6.4283,6.4283,6.4283,6.4283,6.4283,6.4283,6.4283,6.4283,6.4283,6.4283,6.4283,6.4283,6.4283,6.4283,6.4283,6.4283,6.4283,6.4283,6.4283,6.4283,6.4283,6.4283,6.4283,6.4283,6.4283,6.4283,6.4283,6.4283,6.4283,6.4283,6.4283,6.4283,6.4283,6.4283,6.4283,6.4283,6.4283,6.4283,6.4283,6.4283,6.4283,6.4283,6.4283,6.4283,6.4283,6.4283,6.4283,6.4283,6.4283,6.4283,6.4283,6.4283,6.4283,6.4283,6.4283,6.4283,6.4283,6.4283,6.4283,6.4283,6.4283,6.4283,6.4283,6.4283,6.4283,6.4283,6.4283,6.4283,6.4283,6.4283,6.4283,6.4283,6.4283,6.4283,6.4283,6.4283,6.4283,6.4283,6.4283,6.4283,6.4283,6.4283,6.4283,6.4283,6.4283,6.4283,6.4283,6.4283,6.4283,6.4283,6.4283,6.4283,6.4283,6.4283,6.4283,6.4283,6.4283,6.4283,6.4283,6.4283,6.4283,6.4283,6.4283,6.4283,6.4283,6.4283,6.4283,6.4283,6.4283,6.4283,6.4283,6.4283,6.4283,6.4283,6.4283,6.4283,6.4283,6.4283,6.4283,6.4283,6.4283,6.4283,6.4283,6.4283,6.4283,6.4283,6.4283,6.4283,6.4283,6.4283,6.4283,6.4283,6.4283,6.4283,6.4283,6.4283,6.4283,6.4283,6.4283,6.4283,6.4283,6.4283,6.4283,6.4283,6.4283,6.4283,6.4283,6.4283,6.4283,6.4283,6.4283,6.4283,6.4283,6.4283,6.4283,6.4283,6.4283,6.4283,6.4283,6.4283,6.4283,6.4283,6.4283,6.4283,6.4283,6.4283,6.4283,6.4283,6.4283,6.4283,6.4283,6.4283,6.4283,6.4283,6.4283,6.4283,6.4283,6.4283,6.4283,6.4283,6.4283,6.4283,6.4283,6.4283,6.4283,6.4283,6.4283,6.4283,6.4283,6.4283,6.4283,6.4283,6.4283,6.4283,6.4283,6.4283,6.4283,6.4283,6.4283,6.4283,6.4283,6.4283,6.4283,6.4283,6.4283,6.4283,6.4283,6.4283,6.4283,6.4283,6.4283,6.4283,6.4283,6.4283,6.4283,6.4283,6.4283,6.4283,6.4283,6.4283,6.4283,6.4283,6.4283,6.4283,6.4283,6.4283,6.4283,6.4283,6.4283,6.4283,6.4283,6.4283,6.4283,6.4283,6.4283,6.4283,6.4283,6.4283,6.4283,6.4283,6.4283,6.4283,6.4283,6.4283,6.4283,6.4283,6.4283,6.4283,6.4283,6.4283,6.4283,6.4283,6.4283,6.4283,6.4283,6.4283,6.4283,6.4283,6.4283,6.4283,6.4283,6.4283,6.4283,6.4283,6.4283,6.4283,6.4283,6.4283,6.4283,6.4283,6.4283,6.4283,6.4283,6.4283,6.4283,6.4283,6.4283,6.4283,6.4283,6.4283,6.4283,6.4283,6.4283,6.4283,6.4283,6.4283,6.4283,6.4283,6.4283,6.4283,6.4283,6.4283,6.4283,6.4283,6.4283,6.4283,6.4283,6.4283,6.4283,6.4283,6.4283,6.4283,6.4283,6.4283,6.4283,6.4283,6.4283,6.4283,6.4283,6.4283,6.4283,6.4283,6.4283,6.4283,6.4283,6.4283,6.4283,6.4283,6.4283,6.4283,6.4283,6.4283,6.4283,6.4283,6.4283,6.4283,6.4283,6.4283,6.4283,6.4283,6.4283,6.4283,6.4283,6.4283,6.4283,6.4283,6.4283,6.4283,6.4283,6.4283,6.4283,6.4283,6.4283,6.4283,6.4283,6.4283,6.4283,6.4283,6.4283,6.4283,6.4283,6.4283,6.4283,6.4283,6.4283,6.4283,6.4283,6.4283,6.4283,6.4283,6.4283,6.4283,6.4283,6.4283,6.4283,6.4283,6.4283,6.4283,6.4288,6.4288,6.4288,6.4288,6.4288,6.4288,6.4288,6.4288,6.4288,6.4288,6.4288,6.4288,6.4288,6.4288,6.4288,6.4288,6.4288,6.4288,6.4288,6.4288,6.4288,6.4288,6.4288,6.4288,6.4288,6.4288,6.4288,6.4288,6.4288,6.4288,6.4288,6.4288,6.4288,6.4288,6.4288,6.4288,6.4288,6.4288,6.4288,6.4288,6.4288,6.4288,6.4288,6.4288,6.4288,6.4288,6.4288,6.4288,6.4288,6.4288,6.4288,6.4288,6.4288,6.4288,6.4288,6.4288,6.4288,6.4288,6.4288,6.4288,6.4288,6.4288,6.4288,6.4288,6.4288,6.4288,6.4288,6.4288,6.4288,6.4288,6.4288,6.4288,6.4288,6.4288,6.4288,6.4288,6.4288,6.4288,6.4288,6.4288,6.4288,6.4288,6.4288,6.4288,6.4288,6.4288,6.4288,6.4288,6.4288,6.4288,6.4288,6.4288,6.4288,6.4288,6.4288,6.4288,6.4288,6.4288,6.4288,6.4288,6.4288,6.4288,6.4288,6.4288,6.4288,6.4288,6.4288,6.4288,6.4288,6.4288,6.4288,6.4288,6.4288,6.4288,6.4288,6.4288,6.4288,6.4288,6.4288,6.4288,6.4288,6.4288,6.4288,6.4288,6.4288,6.4288,6.4288,6.4288,6.4288,6.4288,6.4288,6.4288,6.4288,6.4288,6.4288,6.4288,6.4288,6.4288,6.4288,6.4288,6.4288,6.4288,6.4288,6.4288,6.4288,6.4288,6.4288,6.4288,6.4288,6.4288,6.4288,6.4288,6.4288,6.4288,6.4288,6.4288,6.4288,6.4288,6.4288,6.4288,6.4288,6.4288,6.4288,6.4288,6.4288,6.4288,6.4288,6.4288,6.4288,6.4288,6.4288,6.4288,6.4288,6.4288,6.4288,6.4288,6.4288,6.4288,6.4288,6.4288,6.4288
6.4241,6.4241,6.4241,6.4241,6.4241,6.4241,6.4241,6.4241,6.4241,6.4241,6.4241,6.4241,6.4241,6.4241,6.4241,6.4241,6.4241,6.4241,6.4241,6.4241,6.4241,6.4241,6.4241,6.4241,6.4241,6.4241,6.4241,6.4241,6.4241,6.4241,6.4241,6.4241,6.4241,6.4241,6.4241,6.4241,6.4241,6.4241,6.4241,6.4241,6.4241,6.4241,6.4241,6.4241,6.4241,6.4241,6.4241,6.4241,6.4241,6.4241,6.4241,6.4241,6.4241,6.4241,6.4241,6.4241,6.4241,6.4241,6.4241,6.4241,6.4241,6.4241,6.4241,6.4241,6.4241,6.4241,6.4241,6.4241,6.4241,6.4241,6.4241,6.4241,6.4241,6.4241,6.4241,6.4241,6.4241,6.4241,6.4241,6.4241,6.4241,6.4241,6.4241,6.4241,6.4241,6.4241,6.4241,6.4241,6.4241,6.4241,6.4241,6.4241,6.4241,6.4241,6.4241,6.4241,6.4241,6.4241,6.4241,6.4241,6.4241,6.4241,6.4241,6.4241,6.4241,6.4241,6.4241,6.4241,6.4241,6.4241,6.4241,6.4241,6.4241,6.4241,6.4241,6.4241,6.4241,6.4241,6.4241,6.4241,6.4241,6.4241,6.4241,6.4241,6.4241,6.4241,6.4241,6.4241,6.4241,6.4241,6.4241,6.4241,6.4241,6.4241,6.4241,6.4241,6.4241,6.4241,6.4241,6.4241,6.4241,6.4241,6.4241,6.4241,6.4241,6.4241,6.4241,6.4241,6.4241,6.4241,6.4241,6.4241,6.4241,6.4241,6.4241,6.4241,6.4241,6.4241,6.4241,6.4241,6.4241,6.4241,6.4241,6.4241,6.4241,6.4241,6.4241,6.4241,6.4241,6.4241,6.4241,6.4241,6.4241,6.4241,6.4241,6.4241,6.4241,6.4241,6.4241,6.4241,6.4241,6.4241,6.4241,6.4241,6.4241,6.4241,6.4241,6.4241,6.4241,6.4241,6.4241,6.4241,6.4241,6.4241,6.4241,6.4241,6.4241,6.4241,6.4241,6.4241,6.4241,6.4241,6.4241,6.4241,6.4241,6.4241,6.4241,6.4241,6.4241,6.4241,6.4241,6.4241,6.4241,6.4241,6.4241,6.4241,6.4241,6.4241,6.4241,6.4241,6.4241,6.4241,6.4241,6.4241,6.4241,6.4241,6.4241,6.4241,6.4241,6.4241,6.4241,6.4241,6.4241,6.4241,6.4241,6.4241,6.4241,6.4241,6.4241,6.4241,6.4241,6.4241,6.4241,6.4241,6.4241,6.4241,6.4241,6.4241,6.4241,6.4241,6.4241,6.4241,6.4241,6.4241,6.4241,6.4241,6.4241,6.4241,6.4241,6.4241,6.4241,6.4241,6.4241,6.4241,6.4241,6.4241,6.4241,6.4241,6.4241,6.4241,6.4241,6.4241,6.4241,6.4241,6.4241,6.4241,6.4241,6.4241,6.4241,6.4241,6.4241,6.4241,6.4241,6.4241,6.4241,6.4241,6.4241,6.4241,6.4241,6.4241,6.4241,6.4241,6.4241,6.4241,6.4241,6.4241,6.4241,6.4241,6.4241,6.4241,6.4241,6.4241,6.4241,6.4241,6.4241,6.4241,6.4241,6.4241,6.4241,6.4241,6.4241,6.4241,6.4241,6.4241,6.4241,6.4241,6.4241,6.4241,6.4241,6.4241,6.4241,6.4241,6.4241,6.4241,6.4241,6.4241,6.4241,6.4241,6.4241,6.4241,6.4241,6.4241,6.4241,6.4241,6.4241,6.4241,6.4241,6.4241,6.4241,6.4241,6.4241,6.4241,6.4241,6.4241,6.4241,6.4241,6.4241,6.4241,6.4241,6.4241,6.4241,6.4241,6.4241,6.4241,6.4241,6.4241,6.4241,6.4241,6.4241,6.4241,6.4241,6.4241,6.4241,6.4241,6.4241,6.4241,6.4241,6.4241,6.4241,6.4241,6.4241,6.4241,6.4241,6.4241,6.4241,6.4241,6.4241,6.4241,6.4241,6.4241,6.4241,6.4241,6.4241,6.4241,6.4241,6.4241,6.4241,6.4241,6.4241,6.4241,6.4241,6.4241,6.4241,6.4241,6.4241,6.4241,6.4241,6.4241,6.4241,6.4241,6.4241,6.4241,6.4241,6.4241,6.4241,6.4241,6.4241,6.4241,6.4241,6.4241,6.4241,6.4241,6.4241,6.4241,6.4241,6.4241,6.4241,6.4241,6.4241,6.4241,6.4241,6.4241,6.4241,6.4241,6.4241,6.4241,6.4241,6.4241,6.4241,6.4241,6.4241,6.4241,6.4241,6.4241,6.4241,6.4241,6.4241,6.4241,6.4241,6.4241,6.4241,6.4241,6.4241,6.4241,6.4241,6.4241,6.4241,6.4241,6.4241,6.4241,6.4241,6.4241,6.4241,6.4241,6.4241,6.4241,6.4241,6.4241,6.4241,6.4241,6.4241,6.4241,6.4241,6.4241,6.4241,6.4241,6.4241,6.4241,6.4241,6.4241,6.4241,6.4241,6.4241,6.4241,6.4241,6.4241,6.4241,6.4241,6.4241,6.4241,6.4241,6.4241,6.4241,6.4241,6.4241,6.4241,6.4241,6.4241,6.4241,6.4241,6.4241,6.4241,6.4241,6.4241,6.4241,6.4241,6.4241,6.4241,6.4241,6.4241,6.4241,6.4241,6.4241,6.4241,6.4241,6.4241,6.4241,6.4241,6.4241,6.4241,6.4241,6.4241,6.4241,6.4241,6.4241,6.4241,6.4241,6.4241,6.4241,6.4241,6.4241,6.4241,6.4241,6.4241,6.4241,6.4241,6.4241,6.4241,6.4241,6.4241,6.4241,6.4241,6.4241,6.4241,6.4241,6.4241,6.4241,6.4241,6.4241,6.4241,6.4241,6.4241,6.4241,6.4241,6.4241,6.4241,6.4241,6.4241,6.4241,6.4241,6.4241,6.4241,6.4241,6.4241,6.4241,6.4241,6.4241,6.4241,6.4241,6.4241,6.4241,6.4241,6.4241,6.4241,6.4241,6.4241,6.4241,6.4241,6.4241,6.4241,6.4241,6.4241,6.4241,6.4241,6.4241,6.4241,6.4241,6.4241,6.4241,6.4241,6.4241,6.4241,6.4241,6.4241,6.4241,6.4241,6.4241,6.4241,6.4241,6.4241,6.4241,6.4241,6.4241,6.4241,6.4241,6.4241,6.4241,6.4241,6.4241,6.4241,6.4241,6.4241,6.4241,6.4241,6.4241,6.4241,6.4241,6.4241,6.4241,6.4241,6.4241,6.4241,6.4241,6.4241,6.4241,6.4241,6.4241,6.4241,6.4241,6.4241,6.4241,6.4241,6.4241,6.4241,6.4241,6.4241,6.4241,6.4241,6.4241,6.4241,6.4241,6.4241,6.4241,6.4241,6.4241,6.4241,6.4241,6.4241,6.4241,6.4241,6.4241,6.4241,6.4241,6.4241,6.4241,6.4241,6.4241,6.4241,6.4241,6.4241,6.4241,6.4241,6.4241,6.4241,6.4241,6.4241,6.4241,6.4241,6.4241,6.4241,6.4241,6.4241,6.4241,6.4241,6.4241,6.4241,6.4241,6.4241,6.4241,6.4241,6.4241,6.4241,6.4241,6.4241,6.4241,6.4241,6.4241,6.4241,6.4241,6.4241,6.4241,6.4241,6.4241,6.4241,6.4241,6.4241,6.4241,6.4241,6.4241,6.4241,6.4241,6.4241,6.4241,6.4241,6.4241,6.4241,6.4241,6.4241,6.4241,6.4241,6.4241,6.4241,6.4241,6.4241,6.4241,6.4241,6.4241,6.4241,6.4241,6.4241,6.4241,6.4241,6.4241,6.4241,6.4241,6.4241,6.4241,6.4241,6.4241,6.4241,6.4241,6.4241,6.4241,6.4241,6.4241,6.4241,6.4241,6.4241,6.4241,6.4241,6.4241,6.4241,6.4241,6.4241,6.4241,6.4241,6.4241,6.4241,6.4241,6.4241,6.4241,6.4241,6.4241,6.4241,6.4241,6.4241,6.4241,6.4241,6.4241,6.4241,6.4241,6.4241,6.4241,6.4241,6.4241,6.4241,6.4241,6.4241,6.4241,6.4241,6.4241,6.4241,6.4241,6.4241,6.4241,6.4241,6.4241,6.4241,6.4241,6.4241,6.4241,6.4241,6.4241,6.4241,6.4241,6.4241,6.4241,6.4241,6.4241,6.4241,6.4241,6.4241,6.4241,6.4241,6.4241,6.4241,6.4241,6.4241,6.4241,6.4241,6.4241,6.4241,6.4241,6.4241,6.4241,6.4241,6.4241,6.4241,6.4241,6.4241,6.4241,6.4241,6.4241,6.4241,6.4241,6.4241,6.4241,6.4241,6.4241,6.4241,6.4241,6.4241,6.4241,6.4241,6.4241,6.4241,6.4241,6.4241,6.4241,6.4241,6.4241,6.4241,6.4241,6.4241,6.4241,6.4241,6.4241,6.4241,6.4241,6.4241,6.4241,6.4241,6.4241,6.4241,6.4241,6.4241,6.4241,6.4241,6.4241,6.4241,6.4241,6.4241,6.4241,6.4241,6.4241,6.4241,6.4241,6.4241,6.4241,6.4241,6.4241,6.4241,6.4241,6.4241,6.4241,6.4241,6.4241,6.4241,6.4241,6.4241,6.4241,6.4241,6.4241,6.4241,6.4241,6.4241,6.4241,6.4241,6.4241,6.4241,6.4241,6.4241,6.4241,6.4241,6.4241,6.4241,6.4241,6.4241,6.4241,6.4241,6.4241,6.4241,6.4241,6.4241,6.4241,6.4241,6.4241,6.4241,6.4241,6.4241,6.4241,6.4241,6.4241,6.4241,6.4241,6.4241,6.4241,6.4241,6.4241,6.4241,6.4241,6.4241,6.4241,6.4241,6.4241,6.4241,6.4241,6.4241,6.4241,6.4241,6.4241,6.4241,6.4241,6.4241,6.4241,6.4241,6.4241,6.4241,6.4241,6.4241,6.4241,6.4241,6.4241,6.4241,6.4241,6.4241,6.4241,6.4241,6.4241,6.4241,6.4241,6.4241,6.4241,6.4241,6.4241,6.4241,6.4241,6.4241,6.4241,6.4241,6.4241,6.4241,6.4241,6.4241,6.4241,6.4241,6.4241,6.4241,6.4241,6.4241,6.4241,6.4241,6.4241,6.4241,6.4241,6.4241,6.4241,6.4241,6.4241,6.4241
6.4190,6.4190,6.4190,6.4190,6.4190,6.4190,6.4190,6.4190,6.4190,6.4190,6.4190,6.4190,6.4190,6.4190,6.4190,6.4190,6.4190,6.4190,6.4190,6.4190,6.4190,6.4190,6.4190,6.4190,6.4190,6.4190,6.4190,6.4190,6.4190,6.4190,6.4190,6.4190,6.4190,6.4190,6.4190,6.4190,6.4190,6.4190,6.4190,6.4190,6.4190,6.4190,6.4190,6.4190,6.4190,6.4190,6.4190,6.4190,6.4190,6.4190,6.4190,6.4190,6.4190,6.4190,6.4190,6.4190,6.4190,6.4190,6.4190,6.4190,6.4190,6.4190,6.4190,6.4190,6.4190,6.4190,6.4190,6.4190,6.4190,6.4190,6.4190,6.4190,6.4190,6.4190,6.4190,6.4190,6.4190,6.4190,6.4190,6.4190,6.4190,6.4190,6.4190,6.4190,6.4190,6.4190,6.4190,6.4190,6.4190,6.4190,6.4190,6.4190,6.4190,6.4190,6.4190,6.4190,6.4190,6.4190,6.4190,6.4190,6.4190,6.4190,6.4190,6.4190,6.4190,6.4190,6.4190,6.4190,6.4190,6.4190,6.4190,6.4190,6.4190,6.4190,6.4190,6.4190,6.4190,6.4190,6.4190,6.4190,6.4190,6.4190,6.4190,6.4190,6.4190,6.4190,6.4190,6.4190,6.4190,6.4190,6.4190,6.4190,6.4190,6.4190,6.4190,6.4190,6.4190,6.4190,6.4190,6.4190,6.4190,6.4190,6.4190,6.4190,6.4190,6.4190,6.4190,6.4190,6.4190,6.4190,6.4190,6.4190,6.4190,6.4190,6.4190,6.4190,6.4190,6.4190,6.4190,6.4190,6.4190,6.4190,6.4190,6.4190,6.4190,6.4190,6.4190,6.4190,6.4190,6.4190,6.4190,6.4190,6.4190,6.4190,6.4190,6.4190,6.4190,6.4190,6.4190,6.4190,6.4190,6.4190,6.4190,6.4190,6.4190,6.4190,6.4190,6.4190,6.4190,6.4190,6.4190,6.4190,6.4190,6.4190,6.4190,6.4190,6.4190,6.4190,6.4190,6.4190,6.4190,6.4190,6.4190,6.4190,6.4190,6.4190,6.4190,6.4190,6.4190,6.4190,6.4190,6.4190,6.4190,6.4190,6.4190,6.4190,6.4190,6.4190,6.4190,6.4190,6.4190,6.4190,6.4190,6.4190,6.4190,6.4190,6.4190,6.4190,6.4190,6.4190,6.4190,6.4190,6.4190,6.4190,6.4190,6.4190,6.4190,6.4190,6.4190,6.4190,6.4190,6.4190,6.4190,6.4190,6.4190,6.4190,6.4190,6.4190,6.4190,6.4190,6.4190,6.4190,6.4190,6.4190,6.4190,6.4190,6.4190,6.4190,6.4190,6.4190,6.4190,6.4190,6.4190,6.4190,6.4190,6.4190,6.4190,6.4190,6.4190,6.4190,6.4190,6.4190,6.4190,6.4190,6.4190,6.4190,6.4190,6.4190,6.4190,6.4190,6.4190,6.4190,6.4190,6.4190,6.4190,6.4190,6.4190,6.4190,6.4190,6.4190,6.4190,6.4190,6.4190,6.4190,6.4190,6.4190,6.4190,6.4190,6.4190,6.4190,6.4190,6.4190,6.4190,6.4190,6.4190,6.4190,6.4190,6.4190,6.4190,6.4190,6.4190,6.4190,6.4190,6.4190,6.4190,6.4190,6.4190,6.4190,6.4190,6.4190,6.4190,6.4190,6.4190,6.4190,6.4190,6.4190,6.4190,6.4190,6.4190,6.4190,6.4190,6.4190,6.4190,6.4190,6.4190,6.4190,6.4190,6.4190,6.4190,6.4190,6.4190,6.4190,6.4190,6.4190,6.4190,6.4190,6.4190,6.4190,6.4190,6.4190,6.4190,6.4190,6.4190,6.4190,6.4190,6.4190,6.4190,6.4190,6.4190,6.4190,6.4190,6.4190,6.4190,6.4190,6.4190,6.4190,6.4190,6.4190,6.4190,6.4190,6.4190,6.4190,6.4190,6.4190,6.4190,6.4190,6.4190,6.4190,6.4190,6.4190,6.4190,6.4190,6.4190,6.4190,6.4190,6.4190,6.4190,6.4190,6.4190,6.4190,6.4190,6.4190,6.4190,6.4190,6.4190,6.4190,6.4190,6.4190,6.4190,6.4190,6.4190,6.4190,6.4190,6.4190,6.4190,6.4190,6.4190,6.4190,6.4190,6.4190,6.4190,6.4190,6.4190,6.4190,6.4190,6.4190,6.4190,6.4190,6.4190,6.4190,6.4190,6.4190,6.4190,6.4190,6.4190,6.4190,6.4190,6.4190,6.4190,6.4190,6.4190,6.4190,6.4190,6.4190,6.4190,6.4190,6.4190,6.4190,6.4190,6.4190,6.4190,6.4190,6.4190,6.4190,6.4190,6.4190,6.4190,6.4190,6.4190,6.4190,6.4190,6.4190,6.4190,6.4190,6.4190,6.4190,6.4190,6.4190,6.4190,6.4190,6.4190,6.4190,6.4190,6.4190,6.4190,6.4190,6.4190,6.4190,6.4190,6.4190,6.4190,6.4190,6.4190,6.4190,6.4190,6.4190,6.4190,6.4190,6.4190,6.4190,6.4190,6.4190,6.4190,6.4190,6.4190,6.4190,6.4190,6.4190,6.4190,6.4190,6.4190,6.4190,6.4190,6.4190,6.4190,6.4190,6.4190,6.4190,6.4190,6.4190,6.4190,6.4190,6.4190,6.4190,6.4190,6.4190,6.4190,6.4190,6.4190,6.4190,6.4190,6.4190,6.4190,6.4190,6.4190,6.4190,6.4190,6.4190,6.4190,6.4190,6.4190,6.4190,6.4190,6.4190,6.4190,6.4190,6.4190,6.4190,6.4190,6.4190,6.4190,6.4190,6.4190,6.4190,6.4190,6.4190,6.4190,6.4190,6.4190,6.4190,6.4190,6.4190,6.4190,6.4190,6.4190,6.4190,6.4190,6.4190,6.4190,6.4190,6.4190,6.4190,6.4190,6.4190,6.4190,6.4190,6.4190,6.4190,6.4190,6.4190,6.4190,6.4190,6.4190,6.4190,6.4190,6.4190,6.4190,6.4190,6.4190,6.4190,6.4190,6.4190,6.4190,6.4190,6.4190,6.4190,6.4190,6.4190,6.4190,6.4190,6.4190,6.4190,6.4190,6.4190,6.4190,6.4190,6.4190,6.4190,6.4190,6.4190,6.4190,6.4190,6.4190,6.4190,6.4190,6.4190,6.4190,6.4190,6.4190,6.4190,6.4190,6.4190,6.4190,6.4190,6.4190,6.4190,6.4190,6.4190,6.4190,6.4190,6.4190,6.4190,6.4190,6.4190,6.4190,6.4190,6.4190,6.4190,6.4190,6.4190,6.4190,6.4190,6.4190,6.4190,6.4190,6.4190,6.4190,6.4190,6.4190,6.4190,6.4190,6.4190,6.4190,6.4190,6.4190,6.4190,6.4190,6.4190,6.4190,6.4190,6.4190,6.4190,6.4190,6.4190,6.4190,6.4190,6.4190,6.4190,6.4190,6.4190,6.4190,6.4190,6.4190,6.4190,6.4190,6.4190,6.4190,6.4190,6.4190,6.4190,6.4190,6.4190,6.4190,6.4190,6.4190,6.4190,6.4190,6.4190,6.4190,6.4190,6.4190,6.4190,6.4190,6.4190,6.4190,6.4190,6.4190,6.4190,6.4190,6.4190,6.4190,6.4190,6.4190,6.4190,6.4190,6.4190,6.4190,6.4190,6.4190,6.4190,6.4190,6.4190,6.4190,6.4190,6.4190,6.4190,6.4190,6.4190,6.4190,6.4190,6.4190,6.4190,6.4190,6.4190,6.4190,6.4190,6.4190,6.4190,6.4190,6.4190,6.4190,6.4190,6.4190,6.4190,6.4190,6.4190,6.4190,6.4190,6.4190,6.4190,6.4190,6.4190,6.4190,6.4190,6.4190,6.4190,6.4190,6.4190,6.4190,6.4190,6.4190,6.4190,6.4190,6.4190,6.4190,6.4190,6.4190,6.4190,6.4190,6.4190,6.4190,6.4190,6.4190,6.4190,6.4190,6.4190,6.4190,6.4190,6.4190,6.4190,6.4190,6.4190,6.4190,6.4190,6.4190,6.4190,6.4190,6.4190,6.4190,6.4190,6.4190,6.4190,6.4190,6.4190,6.4190,6.4190,6.4190,6.4190,6.4190,6.4190,6.4190,6.4190,6.4190,6.4190,6.4190,6.4190,6.4190,6.4190,6.4190,6.4190,6.4190,6.4190,6.4190,6.4190,6.4190,6.4190,6.4190,6.4190,6.4190,6.4190,6.4190,6.4190,6.4190,6.4190,6.4190,6.4190,6.4190,6.4190,6.4190,6.4190,6.4190,6.4190,6.4190,6.4190,6.4190,6.4190,6.4190,6.4190,6.4190,6.4190,6.4190,6.4190,6.4190,6.4190,6.4190,6.4190,6.4190,6.4190,6.4190,6.4190,6.4190,6.4190,6.4190,6.4190,6.4190,6.4190,6.4190,6.4190,6.4190,6.4190,6.4190,6.4190,6.4190,6.4190,6.4190,6.4190,6.4190,6.4190,6.4190,6.4190,6.4190,6.4190,6.4190,6.4190,6.4190,6.4190,6.4190,6.4190,6.4190,6.4190,6.4190,6.4190,6.4190,6.4190,6.4190,6.4190,6.4190,6.4190,6.4190,6.4190,6.4190,6.4190,6.4190,6.4190,6.4190,6.4190,6.4190,6.4190,6.4190,6.4190,6.4190,6.4190,6.4190,6.4190,6.4190,6.4190,6.4190,6.4190,6.4190,6.4190,6.4190,6.4190,6.4190,6.4190,6.4190,6.4190,6.4190,6.4190,6.4190,6.4190,6.4190,6.4190,6.4190,6.4190,6.4190,6.4190,6.4190,6.4190,6.4190,6.4190,6.4190,6.4190,6.4190,6.4190,6.4190,6.4190,6.4190,6.4190,6.4190,6.4190,6.4190,6.4190,6.4190,6.4190,6.4190,6.4190,6.4190,6.4190,6.4190,6.4190,6.4190,6.4190,6.4190,6.4190,6.4190,6.4190,6.4190,6.4190,6.4190,6.4190,6.4190,6.4190,6.4190,6.4190,6.4190,6.4190,6.4190,6.4190,6.4190,6.4190,6.4190,6.4190,6.4190,6.4190,6.4190,6.4190,6.4190,6.4190,6.4190,6.4190,6.4190,6.4190,6.4190,6.4190,6.4190,6.4190,6.4190,6.4190,6.4190,6.4190
6.4143,6.4143,6.4143,6.4143,6.4143,6.4143,6.4143,6.4143,6.4143,6.4143,6.4143,6.4143,6.4143,6.4143,6.4143,6.4143,6.4143,6.4143,6.4143,6.4143,6.4143,6.4143,6.4143,6.4143,6.4143,6.4143,6.4143,6.4143,6.4143,6.4143,6.4143,6.4143,6.4143,6.4143,6.4143,6.4143,6.4143,6.4143,6.4143,6.4143,6.4143,6.4143,6.4143,6.4143,6.4143,6.4143,6.4143,6.4143,6.4143,6.4143,6.4143,6.4143,6.4143,6.4143,6.4143,6.4143,6.4143,6.4143,6.4143,6.4143,6.4143,6.4143,6.4143,6.4143,6.4143,6.4143,6.4143,6.4143,6.4143,6.4143,6.4143,6.4143,6.4143,6.4143,6.4143,6.4143,6.4143,6.4143,6.4143,6.4143,6.4143,6.4143,6.4143,6.4143,6.4143,6.4143,6.4143,6.4143,6.4143,6.4143,6.4143,6.4143,6.4143,6.4143,6.4143,6.4143,6.4143,6.4143,6.4143,6.4143,6.4143,6.4143,6.4143,6.4143,6.4143,6.4143,6.4143,6.4143,6.4143,6.4143,6.4143,6.4143,6.4143,6.4143,6.4143,6.4143,6.4143,6.4143,6.4143,6.4143,6.4143,6.4143,6.4143,6.4143,6.4143,6.4143,6.4143,6.4143,6.4143,6.4143,6.4143,6.4143,6.4143,6.4143,6.4143,6.4143,6.4143,6.4143,6.4143,6.4143,6.4143,6.4143,6.4143,6.4143,6.4143,6.4143,6.4143,6.4143,6.4143,6.4143,6.4143,6.4143,6.4143,6.4143,6.4143,6.4143,6.4143,6.4143,6.4143,6.4143,6.4143,6.4143,6.4143,6.4143,6.4143,6.4143,6.4143,6.4143,6.4143,6.4143,6.4143,6.4143,6.4143,6.4143,6.4143,6.4143,6.4143,6.4143,6.4143,6.4143,6.4143,6.4143,6.4143,6.4143,6.4143,6.4143,6.4143,6.4143,6.4143,6.4143,6.4143,6.4143,6.4143,6.4143,6.4143,6.4143,6.4143,6.4143,6.4143,6.4143,6.4143,6.4143,6.4143,6.4143,6.4143,6.4143,6.4143,6.4143,6.4143,6.4143,6.4143,6.4143,6.4143,6.4143,6.4143,6.4143,6.4143,6.4143,6.4143,6.4143,6.4143,6.4143,6.4143,6.4143,6.4143,6.4143,6.4143,6.4143,6.4143,6.4143,6.4143,6.4143,6.4143,6.4143,6.4143,6.4143,6.4143,6.4143,6.4143,6.4143,6.4143,6.4143,6.4143,6.4143,6.4143,6.4143,6.4143,6.4143,6.4143,6.4143,6.4143,6.4143,6.4143,6.4143,6.4143,6.4143,6.4143,6.4143,6.4143,6.4143,6.4143,6.4143,6.4143,6.4143,6.4143,6.4143,6.4143,6.4143,6.4143,6.4143,6.4143,6.4143,6.4143,6.4143,6.4143,6.4143,6.4143,6.4143,6.4143,6.4143,6.4143,6.4143,6.4143,6.4143,6.4143,6.4143,6.4143,6.4143,6.4143,6.4143,6.4143,6.4143,6.4143,6.4143,6.4143,6.4143,6.4143,6.4143,6.4143,6.4143,6.4143,6.4143,6.4143,6.4143,6.4143,6.4143,6.4143,6.4143,6.4143,6.4143,6.4143,6.4143,6.4143,6.4143,6.4143,6.4143,6.4143,6.4143,6.4143,6.4143,6.4143,6.4143,6.4143,6.4143,6.4143,6.4143,6.4143,6.4143,6.4143,6.4143,6.4143,6.4143,6.4143,6.4143,6.4143,6.4143,6.4143,6.4143,6.4143,6.4143,6.4143,6.4143,6.4143,6.4143,6.4143,6.4143,6.4143,6.4143,6.4143,6.4143,6.4143,6.4143,6.4143,6.4143,6.4143,6.4143,6.4143,6.4143,6.4143,6.4143,6.4143,6.4143,6.4143,6.4143,6.4143,6.4143,6.4143,6.4143,6.4143,6.4143,6.4143,6.4143,6.4143,6.4143,6.4143,6.4143,6.4143,6.4143,6.4143,6.4143,6.4143,6.4143,6.4143,6.4143,6.4143,6.4143,6.4143,6.4143,6.4143,6.4143,6.4143,6.4143,6.4143,6.4143,6.4143,6.4143,6.4143,6.4143,6.4143,6.4143,6.4143,6.4143,6.4143,6.4143,6.4143,6.4143,6.4143,6.4143,6.4143,6.4143,6.4143,6.4143,6.4143,6.4143,6.4143,6.4143,6.4143,6.4143,6.4143,6.4143,6.4143,6.4143,6.4143,6.4143,6.4143,6.4143,6.4143,6.4143,6.4143,6.4143,6.4143,6.4143,6.4143,6.4143,6.4143,6.4143,6.4143,6.4143,6.4143,6.4143,6.4143,6.4143,6.4143,6.4143,6.4143,6.4143,6.4143,6.4143,6.4143,6.4143,6.4143,6.4143,6.4143,6.4143,6.4143,6.4143,6.4143,6.4143,6.4143,6.4143,6.4143,6.4143,6.4143,6.4143,6.4143,6.4143,6.4143,6.4143,6.4143,6.4143,6.4143,6.4143,6.4143,6.4143,6.4143,6.4143,6.4143,6.4143,6.4143,6.4143,6.4143,6.4143,6.4143,6.4143,6.4143,6.4143,6.4143,6.4143,6.4143,6.4143,6.4143,6.4143,6.4143,6.4143,6.4143,6.4143,6.4143,6.4143,6.4143,6.4143,6.4143,6.4143,6.4143,6.4143,6.4143,6.4143,6.4143,6.4143,6.4143,6.4143,6.4143,6.4143,6.4143,6.4143,6.4143,6.4143,6.4143,6.4143,6.4143,6.4143,6.4143,6.4143,6.4143,6.4143,6.4143,6.4143,6.4143,6.4143,6.4143,6.4143,6.4143,6.4143,6.4143,6.4143,6.4143,6.4143,6.4143,6.4143,6.4143,6.4143,6.4143,6.4143,6.4143,6.4143,6.4143,6.4143,6.4143,6.4143,6.4143,6.4143,6.4143,6.4143,6.4143,6.4143,6.4143,6.4143,6.4143,6.4143,6.4143,6.4143,6.4143,6.4143,6.4143,6.4143,6.4143,6.4143,6.4143,6.4143,6.4143,6.4143,6.4143,6.4143,6.4143,6.4143,6.4143,6.4143,6.4143,6.4143,6.4143,6.4143,6.4143,6.4143,6.4143,6.4143,6.4143,6.4143,6.4143,6.4143,6.4143,6.4143,6.4143,6.4143,6.4143,6.4143,6.4143,6.4143,6.4143,6.4143,6.4143,6.4143,6.4143,6.4143,6.4143,6.4143,6.4143,6.4143,6.4143,6.4143,6.4143,6.4143,6.4143,6.4143,6.4143,6.4143,6.4143,6.4143,6.4143,6.4143,6.4143,6.4143,6.4143,6.4143,6.4143,6.4143,6.4143,6.4143,6.4143,6.4143,6.4143,6.4143,6.4143,6.4143,6.4143,6.4143,6.4143,6.4143,6.4143,6.4143,6.4143,6.4143,6.4143,6.4143,6.4143,6.4143,6.4143,6.4143,6.4143,6.4143,6.4143,6.4143,6.4143,6.4143,6.4143,6.4143,6.4143,6.4143,6.4143,6.4143,6.4143,6.4143,6.4143,6.4143,6.4143,6.4143,6.4143,6.4143,6.4143,6.4143,6.4143,6.4143,6.4143,6.4143,6.4143,6.4143,6.4143,6.4143,6.4143,6.4143,6.4143,6.4143,6.4143,6.4143,6.4143,6.4143,6.4143,6.4143,6.4143,6.4143,6.4143,6.4143,6.4143,6.4143,6.4143,6.4143,6.4143,6.4143,6.4143,6.4143,6.4143,6.4143,6.4143,6.4143,6.4143,6.4143,6.4143,6.4143,6.4143,6.4143,6.4143,6.4143,6.4143,6.4143,6.4143,6.4143,6.4143,6.4143,6.4143,6.4143,6.4143,6.4143,6.4143,6.4143,6.4143,6.4143,6.4143,6.4143,6.4143,6.4143,6.4143,6.4143,6.4143,6.4143,6.4143,6.4143,6.4143,6.4143,6.4143,6.4143,6.4143,6.4143,6.4143,6.4143,6.4143,6.4143,6.4143,6.4143,6.4143,6.4143,6.4143,6.4143,6.4143,6.4143,6.4143,6.4143,6.4143,6.4143,6.4143,6.4143,6.4143,6.4143,6.4143,6.4143,6.4143,6.4143,6.4143,6.4143,6.4143,6.4143,6.4143,6.4143,6.4143,6.4143,6.4143,6.4143,6.4143,6.4143,6.4143,6.4143,6.4143,6.4143,6.4143,6.4143,6.4143,6.4143,6.4143,6.4143,6.4143,6.4143,6.4143,6.4143,6.4143,6.4143,6.4143,6.4143,6.4143,6.4143,6.4143,6.4143,6.4143,6.4143,6.4143,6.4143,6.4143,6.4143,6.4143,6.4143,6.4143,6.4143,6.4143,6.4143,6.4143,6.4143,6.4143,6.4143,6.4143,6.4143,6.4143,6.4143,6.4143,6.4143,6.4143,6.4143,6.4143,6.4143,6.4143,6.4143,6.4143,6.4143,6.4143,6.4143,6.4143,6.4143,6.4143,6.4143,6.4143,6.4143,6.4143,6.4143,6.4143,6.4143,6.4143,6.4143,6.4143,6.4143,6.4143,6.4143,6.4143,6.4143,6.4143,6.4143,6.4143,6.4143,6.4143,6.4143,6.4143,6.4143,6.4143,6.4143,6.4143,6.4143,6.4143,6.4143,6.4143,6.4143,6.4143,6.4143,6.4143,6.4143,6.4143,6.4143,6.4143,6.4143,6.4143,6.4143,6.4143,6.4143,6.4143,6.4143,6.4143,6.4143,6.4143,6.4143,6.4143,6.4143,6.4143,6.4143,6.4143,6.4143,6.4143,6.4143,6.4143,6.4143,6.4143,6.4143,6.4143,6.4143,6.4143,6.4143,6.4143,6.4143,6.4143,6.4143,6.4143,6.4143,6.4143,6.4143,6.4143,6.4143,6.4143,6.4143,6.4143,6.4143,6.4143,6.4143,6.4143,6.4143,6.4143,6.4143,6.4143,6.4143,6.4143,6.4143,6.4143,6.4143,6.4143,6.4143,6.4143,6.4143,6.4143,6.4143,6.4143,6.4143,6.4143,6.4143,6.4143,6.4143,6.4143,6.4143,6.4143,6.4143,6.4143,6.4143,6.4143,6.4143,6.4143,6.4143,6.4143,6.4143,6.4143,6.4143,6.4143,6.4143,6.4143,6.4143,6.4143,6.4148,6.4148,6.4148,6.4148,6.4148
6.4099,6.4099,6.4099,6.4099,6.4099,6.4099,6.4099,6.4099,6.4099,6.4099,6.4099,6.4099,6.4099,6.4099,6.4099,6.4099,6.4099,6.4099,6.4099,6.4099,6.4099,6.4099,6.4099,6.4099,6.4099,6.4099,6.4099,6.4099,6.4099,6.4099,6.4099,6.4099,6.4099,6.4099,6.4099,6.4099,6.4099,6.4099,6.4099,6.4099,6.4099,6.4099,6.4099,6.4099,6.4099,6.4099,6.4099,6.4099,6.4099,6.4099,6.4099,6.4099,6.4099,6.4099,6.4099,6.4099,6.4099,6.4099,6.4099,6.4099,6.4099,6.4099,6.4099,6.4099,6.4099,6.4099,6.4099,6.4099,6.4099,6.4099,6.4099,6.4099,6.4099,6.4099,6.4099,6.4099,6.4099,6.4099,6.4099,6.4099,6.4099,6.4099,6.4099,6.4099,6.4099,6.4099,6.4099,6.4099,6.4099,6.4099,6.4099,6.4099,6.4099,6.4099,6.4099,6.4099,6.4099,6.4099,6.4099,6.4099,6.4099,6.4099,6.4099,6.4099,6.4099,6.4099,6.4099,6.4099,6.4099,6.4099,6.4099,6.4099,6.4099,6.4099,6.4099,6.4099,6.4099,6.4099,6.4099,6.4099,6.4099,6.4099,6.4099,6.4099,6.4099,6.4099,6.4099,6.4099,6.4099,6.4099,6.4099,6.4099,6.4099,6.4099,6.4099,6.4099,6.4099,6.4099,6.4099,6.4099,6.4099,6.4099,6.4099,6.4099,6.4099,6.4099,6.4099,6.4099,6.4099,6.4099,6.4099,6.4099,6.4099,6.4099,6.4099,6.4099,6.4099,6.4099,6.4099,6.4099,6.4099,6.4099,6.4099,6.4099,6.4099,6.4099,6.4099,6.4099,6.4099,6.4099,6.4099,6.4099,6.4099,6.4099,6.4099,6.4099,6.4099,6.4099,6.4099,6.4099,6.4099,6.4099,6.4099,6.4099,6.4099,6.4099,6.4099,6.4099,6.4099,6.4099,6.4099,6.4099,6.4099,6.4099,6.4099,6.4099,6.4099,6.4099,6.4099,6.4099,6.4099,6.4099,6.4099,6.4099,6.4099,6.4099,6.4099,6.4099,6.4099,6.4099,6.4099,6.4099,6.4099,6.4099,6.4099,6.4099,6.4099,6.4099,6.4099,6.4099,6.4099,6.4099,6.4099,6.4099,6.4099,6.4099,6.4099,6.4099,6.4099,6.4099,6.4099,6.4099,6.4099,6.4099,6.4099,6.4099,6.4099,6.4099,6.4099,6.4099,6.4099,6.4099,6.4099,6.4099,6.4099,6.4099,6.4099,6.4099,6.4099,6.4099,6.4099,6.4099,6.4099,6.4099,6.4099,6.4099,6.4099,6.4099,6.4099,6.4099,6.4099,6.4099,6.4099,6.4099,6.4099,6.4099,6.4099,6.4099,6.4099,6.4099,6.4099,6.4099,6.4099,6.4099,6.4099,6.4099,6.4099,6.4099,6.4099,6.4099,6.4099,6.4099,6.4099,6.4099,6.4099,6.4099,6.4099,6.4099,6.4099,6.4099,6.4099,6.4099,6.4099,6.4099,6.4099,6.4099,6.4099,6.4099,6.4099,6.4099,6.4099,6.4099,6.4099,6.4099,6.4099,6.4099,6.4099,6.4099,6.4099,6.4099,6.4099,6.4099,6.4099,6.4099,6.4099,6.4099,6.4099,6.4099,6.4099,6.4099,6.4099,6.4099,6.4099,6.4099,6.4099,6.4099,6.4099,6.4099,6.4099,6.4099,6.4099,6.4099,6.4099,6.4099,6.4099,6.4099,6.4099,6.4099,6.4099,6.4099,6.4099,6.4099,6.4099,6.4099,6.4099,6.4099,6.4099,6.4099,6.4099,6.4099,6.4099,6.4099,6.4099,6.4099,6.4099,6.4099,6.4099,6.4099,6.4099,6.4099,6.4099,6.4099,6.4099,6.4099,6.4099,6.4099,6.4099,6.4099,6.4099,6.4099,6.4099,6.4099,6.4099,6.4099,6.4099,6.4099,6.4099,6.4099,6.4099,6.4099,6.4099,6.4099,6.4099,6.4099,6.4099,6.4099,6.4099,6.4099,6.4099,6.4099,6.4099,6.4099,6.4099,6.4099,6.4099,6.4099,6.4099,6.4099,6.4099,6.4099,6.4099,6.4099,6.4099,6.4099,6.4099,6.4099,6.4099,6.4099,6.4099,6.4099,6.4099,6.4099,6.4099,6.4099,6.4099,6.4099,6.4099,6.4099,6.4099,6.4099,6.4099,6.4099,6.4099,6.4099,6.4099,6.4099,6.4099,6.4099,6.4099,6.4099,6.4099,6.4099,6.4099,6.4099,6.4099,6.4099,6.4099,6.4099,6.4099,6.4099,6.4099,6.4099,6.4099,6.4099,6.4099,6.4099,6.4099,6.4099,6.4099,6.4099,6.4099,6.4099,6.4099,6.4099,6.4099,6.4099,6.4099,6.4099,6.4099,6.4099,6.4099,6.4099,6.4099,6.4099,6.4099,6.4099,6.4099,6.4099,6.4099,6.4099,6.4099,6.4099,6.4099,6.4099,6.4099,6.4099,6.4099,6.4099,6.4099,6.4099,6.4099,6.4099,6.4099,6.4099,6.4099,6.4099,6.4099,6.4099,6.4099,6.4099,6.4099,6.4099,6.4099,6.4099,6.4099,6.4099,6.4099,6.4099,6.4099,6.4099,6.4099,6.4099,6.4099,6.4099,6.4099,6.4099,6.4099,6.4099,6.4099,6.4099,6.4099,6.4099,6.4099,6.4099,6.4099,6.4099,6.4099,6.4099,6.4099,6.4099,6.4099,6.4099,6.4099,6.4099,6.4099,6.4099,6.4099,6.4099,6.4099,6.4099,6.4099,6.4099,6.4099,6.4099,6.4099,6.4099,6.4099,6.4099,6.4099,6.4099,6.4099,6.4099,6.4099,6.4099,6.4099,6.4099,6.4099,6.4099,6.4099,6.4099,6.4099,6.4099,6.4099,6.4099,6.4099,6.4099,6.4099,6.4099,6.4099,6.4099,6.4099,6.4099,6.4099,6.4099,6.4099,6.4099,6.4099,6.4099,6.4099,6.4099,6.4099,6.4099,6.4099,6.4099,6.4099,6.4099,6.4099,6.4099,6.4099,6.4099,6.4099,6.4099,6.4099,6.4099,6.4099,6.4099,6.4099,6.4099,6.4099,6.4099,6.4099,6.4099,6.4099,6.4099,6.4099,6.4099,6.4099,6.4099,6.4099,6.4099,6.4099,6.4099,6.4099,6.4099,6.4099,6.4099,6.4099,6.4099,6.4099,6.4099,6.4099,6.4099,6.4099,6.4099,6.4099,6.4099,6.4099,6.4099,6.4099,6.4099,6.4099,6.4099,6.4099,6.4099,6.4099,6.4104,6.4104,6.4104,6.4104,6.4104,6.4104,6.4104,6.4104,6.4104,6.4104,6.4104,6.4104,6.4104,6.4104,6.4104,6.4104,6.4104,6.4104,6.4104,6.4104,6.4104,6.4104,6.4104,6.4104,6.4104,6.4104,6.4104,6.4104,6.4104,6.4104,6.4104,6.4104,6.4104,6.4104,6.4104,6.4104,6.4104,6.4104,6.4104,6.4104,6.4104,6.4104,6.4104,6.4104,6.4104,6.4104,6.4104,6.4104,6.4104,6.4104,6.4104,6.4104,6.4104,6.4104,6.4104,6.4104,6.4104,6.4104,6.4104,6.4104,6.4104,6.4104,6.4104,6.4104,6.4104,6.4104,6.4104,6.4104,6.4104,6.4104,6.4104,6.4104,6.4104,6.4104,6.4104,6.4104,6.4104,6.4104,6.4104,6.4104,6.4104,6.4104,6.4104,6.4104,6.4104,6.4104,6.4104,6.4104,6.4104,6.4104,6.4104,6.4104,6.4104,6.4104,6.4104,6.4104,6.4104,6.4104,6.4104,6.4104,6.4104,6.4104,6.4104,6.4104,6.4104,6.4104,6.4104,6.4104,6.4104,6.4104,6.4104,6.4104,6.4104,6.4104,6.4104,6.4104,6.4104,6.4104,6.4104,6.4104,6.4104,6.4104,6.4104,6.4104,6.4104,6.4104,6.4104,6.4104,6.4104,6.4104,6.4104,6.4104,6.4104,6.4104,6.4104,6.4104,6.4104,6.4104,6.4104,6.4104,6.4104,6.4104,6.4104,6.4104,6.4104,6.4104,6.4104,6.4104,6.4104,6.4104,6.4104,6.4104,6.4104,6.4104,6.4104,6.4104,6.4104,6.4104,6.4104,6.4104,6.4104,6.4104,6.4104,6.4104,6.4104,6.4104,6.4104,6.4104,6.4104,6.4104,6.4104,6.4104,6.4104,6.4104,6.4104,6.4104,6.4104,6.4104,6.4104,6.4104,6.4104,6.4104,6.4104,6.4104,6.4104,6.4104,6.4104,6.4104,6.4104,6.4104,6.4104,6.4104,6.4104,6.4104,6.4104,6.4104,6.4104,6.4104,6.4104,6.4104,6.4104,6.4104,6.4104,6.4104,6.4104,6.4104,6.4104,6.4104,6.4104,6.4104,6.4104,6.4104,6.4104,6.4104,6.4104,6.4104,6.4104,6.4104,6.4104,6.4104,6.4104,6.4104,6.4104,6.4104,6.4104,6.4104,6.4104,6.4104,6.4104,6.4104,6.4104,6.4104,6.4104,6.4104,6.4104,6.4104,6.4104,6.4104,6.4104,6.4104,6.4104,6.4104,6.4104,6.4104,6.4104,6.4104,6.4104,6.4104,6.4104,6.4104,6.4104,6.4104,6.4104,6.4104,6.4104,6.4104,6.4104,6.4104,6.4104,6.4104,6.4104,6.4104,6.4104,6.4104,6.4104,6.4104,6.4104,6.4104,6.4104,6.4104,6.4104,6.4104,6.4104,6.4104,6.4104,6.4104,6.4104,6.4104,6.4104,6.4104,6.4104,6.4104,6.4104,6.4104,6.4104,6.4104,6.4104,6.4104,6.4104,6.4104,6.4104,6.4104,6.4104,6.4104,6.4104,6.4104,6.4104,6.4104,6.4104,6.4104,6.4104,6.4104,6.4104,6.4104,6.4104,6.4104,6.4104,6.4104,6.4104,6.4104,6.4104,6.4104,6.4104,6.4104,6.4104,6.4104,6.4104,6.4104,6.4104,6.4104,6.4104,6.4104,6.4104,6.4104,6.4104,6.4104,6.4104,6.4104,6.4104,6.4104,6.4104,6.4104,6.4104,6.4104,6.4104
6.4055,6.4055,6.4055,6.4055,6.4055,6.4055,6.4055,6.4055,6.4055,6.4055,6.4055,6.4055,6.4055,6.4055,6.4055,6.4055,6.4055,6.4055,6.4055,6.4055,6.4055,6.4055,6.4055,6.4055,6.4055,6.4055,6.4055,6.4055,6.4055,6.4055,6.4053,6.4053,6.4053,6.4053,6.4053,6.4053,6.4053,6.4053,6.4053,6.4053,6.4053,6.4053,6.4053,6.4053,6.4053,6.4053,6.4053,6.4053,6.4053,6.4053,6.4053,6.4053,6.4053,6.4053,6.4053,6.4053,6.4053,6.4053,6.4053,6.4053,6.4053,6.4053,6.4053,6.4053,6.4053,6.4053,6.4053,6.4053,6.4053,6.4053,6.4053,6.4053,6.4053,6.4053,6.4053,6.4053,6.4053,6.4053,6.4053,6.4053,6.4053,6.4053,6.4053,6.4053,6.4053,6.4053,6.4053,6.4053,6.4053,6.4053,6.4053,6.4053,6.4053,6.4053,6.4053,6.4053,6.4053,6.4053,6.4053,6.4053,6.4053,6.4053,6.4053,6.4053,6.4053,6.4053,6.4053,6.4053,6.4053,6.4053,6.4053,6.4053,6.4053,6.4053,6.4053,6.4053,6.4053,6.4053,6.4053,6.4053,6.4053,6.4053,6.4053,6.4053,6.4053,6.4053,6.4053,6.4053,6.4053,6.4053,6.4053,6.4053,6.4053,6.4053,6.4053,6.4053,6.4053,6.4053,6.4053,6.4053,6.4053,6.4053,6.4053,6.4053,6.4053,6.4053,6.4053,6.4053,6.4053,6.4053,6.4053,6.4053,6.4053,6.4053,6.4053,6.4053,6.4053,6.4053,6.4053,6.4053,6.4053,6.4053,6.4053,6.4053,6.4053,6.4053,6.4053,6.4053,6.4053,6.4053,6.4053,6.4053,6.4053,6.4053,6.4053,6.4053,6.4053,6.4053,6.4053,6.4053,6.4053,6.4053,6.4053,6.4053,6.4053,6.4053,6.4053,6.4053,6.4053,6.4053,6.4053,6.4053,6.4053,6.4053,6.4053,6.4053,6.4053,6.4053,6.4053,6.4053,6.4053,6.4053,6.4053,6.4053,6.4053,6.4053,6.4053,6.4053,6.4053,6.4053,6.4053,6.4053,6.4053,6.4053,6.4053,6.4053,6.4053,6.4053,6.4053,6.4053,6.4053,6.4053,6.4053,6.4053,6.4053,6.4053,6.4053,6.4053,6.4053,6.4053,6.4053,6.4053,6.4053,6.4053,6.4053,6.4053,6.4053,6.4053,6.4053,6.4053,6.4053,6.4053,6.4053,6.4053,6.4053,6.4053,6.4053,6.4053,6.4053,6.4053,6.4053,6.4053,6.4053,6.4053,6.4053,6.4053,6.4053,6.4053,6.4053,6.4053,6.4053,6.4053,6.4053,6.4053,6.4053,6.4053,6.4053,6.4053,6.4053,6.4053,6.4053,6.4053,6.4053,6.4053,6.4053,6.4053,6.4053,6.4053,6.4053,6.4053,6.4053,6.4053,6.4053,6.4053,6.4053,6.4053,6.4053,6.4053,6.4053,6.4053,6.4053,6.4053,6.4053,6.4053,6.4053,6.4053,6.4053,6.4053,6.4053,6.4053,6.4053,6.4053,6.4053,6.4053,6.4053,6.4053,6.4053,6.4053,6.4053,6.4053,6.4053,6.4053,6.4053,6.4053,6.4053,6.4053,6.4053,6.4053,6.4053,6.4053,6.4053,6.4053,6.4053,6.4053,6.4053,6.4053,6.4053,6.4053,6.4053,6.4053,6.4053,6.4053,6.4053,6.4053,6.4053,6.4053,6.4053,6.4053,6.4053,6.4053,6.4053,6.4053,6.4053,6.4053,6.4053,6.4053,6.4053,6.4053,6.4053,6.4053,6.4053,6.4053,6.4053,6.4053,6.4053,6.4053,6.4053,6.4053,6.4053,6.4053,6.4053,6.4053,6.4053,6.4053,6.4053,6.4053,6.4053,6.4053,6.4053,6.4053,6.4053,6.4053,6.4053,6.4053,6.4053,6.4053,6.4053,6.4053,6.4053,6.4053,6.4053,6.4053,6.4053,6.4053,6.4053,6.4053,6.4053,6.4053,6.4053,6.4053,6.4053,6.4053,6.4053,6.4053,6.4053,6.4053,6.4053,6.4053,6.4053,6.4053,6.4053,6.4053,6.4053,6.4053,6.4053,6.4053,6.4053,6.4053,6.4053,6.4053,6.4053,6.4053,6.4053,6.4053,6.4053,6.4053,6.4053,6.4053,6.4053,6.4053,6.4053,6.4053,6.4053,6.4053,6.4053,6.4053,6.4053,6.4053,6.4053,6.4053,6.4053,6.4053,6.4053,6.4053,6.4053,6.4053,6.4053,6.4053,6.4053,6.4053,6.4053,6.4053,6.4053,6.4053,6.4053,6.4053,6.4053,6.4053,6.4053,6.4053,6.4053,6.4053,6.4053,6.4053,6.4053,6.4053,6.4053,6.4053,6.4053,6.4053,6.4053,6.4053,6.4053,6.4053,6.4053,6.4053,6.4053,6.4053,6.4053,6.4053,6.4053,6.4053,6.4053,6.4053,6.4053,6.4053,6.4053,6.4053,6.4053,6.4053,6.4053,6.4053,6.4053,6.4053,6.4053,6.4053,6.4053,6.4053,6.4053,6.4053,6.4053,6.4053,6.4053,6.4053,6.4053,6.4053,6.4053,6.4053,6.4053,6.4053,6.4053,6.4053,6.4053,6.4053,6.4053,6.4053,6.4053,6.4053,6.4053,6.4053,6.4053,6.4053,6.4053,6.4053,6.4053,6.4053,6.4053,6.4053,6.4053,6.4053,6.4053,6.4053,6.4053,6.4053,6.4053,6.4053,6.4053,6.4053,6.4053,6.4053,6.4053,6.4053,6.4053,6.4053,6.4053,6.4053,6.4053,6.4053,6.4053,6.4053,6.4053,6.4053,6.4053,6.4053,6.4053,6.4053,6.4053,6.4053,6.4053,6.4053,6.4053,6.4053,6.4053,6.4053,6.4053,6.4053,6.4053,6.4053,6.4053,6.4053,6.4053,6.4053,6.4053,6.4053,6.4053,6.4053,6.4053,6.4053,6.4053,6.4053,6.4053,6.4053,6.4053,6.4053,6.4053,6.4053,6.4053,6.4053,6.4053,6.4053,6.4053,6.4053,6.4053,6.4053,6.4053,6.4053,6.4053,6.4053,6.4053,6.4053,6.4053,6.4053,6.4053,6.4053,6.4053,6.4053,6.4053,6.4053,6.4053,6.4053,6.4053,6.4053,6.4053,6.4053,6.4053,6.4053,6.4053,6.4053,6.4053,6.4053,6.4053,6.4053,6.4053,6.4053,6.4053,6.4053,6.4053,6.4053,6.4053,6.4053,6.4053,6.4053,6.4053,6.4053,6.4053,6.4053,6.4053,6.4053,6.4053,6.4053,6.4053,6.4053,6.4053,6.4053,6.4053,6.4053,6.4053,6.4053,6.4053,6.4053,6.4053,6.4053,6.4053,6.4053,6.4053,6.4053,6.4053,6.4053,6.4053,6.4053,6.4053,6.4053,6.4053,6.4053,6.4053,6.4053,6.4053,6.4053,6.4053,6.4053,6.4053,6.4053,6.4053,6.4053,6.4053,6.4053,6.4053,6.4053,6.4053,6.4053,6.4053,6.4053,6.4053,6.4053,6.4053,6.4053,6.4053,6.4053,6.4053,6.4053,6.4053,6.4053,6.4053,6.4053,6.4053,6.4053,6.4053,6.4053,6.4053,6.4053,6.4053,6.4053,6.4053,6.4053,6.4053,6.4053,6.4053,6.4053,6.4053,6.4053,6.4053,6.4053,6.4053,6.4053,6.4053,6.4053,6.4053,6.4053,6.4053,6.4053,6.4053,6.4053,6.4053,6.4053,6.4053,6.4053,6.4053,6.4053,6.4053,6.4053,6.4053,6.4053,6.4053,6.4053,6.4053,6.4053,6.4053,6.4053,6.4053,6.4053,6.4053,6.4053,6.4053,6.4053,6.4053,6.4053,6.4053,6.4053,6.4053,6.4053,6.4053,6.4053,6.4053,6.4053,6.4053,6.4053,6.4053,6.4053,6.4053,6.4053,6.4053,6.4053,6.4053,6.4053,6.4053,6.4053,6.4053,6.4053,6.4053,6.4053,6.4053,6.4053,6.4053,6.4053,6.4053,6.4053,6.4053,6.4053,6.4053,6.4053,6.4053,6.4053,6.4053,6.4053,6.4053,6.4053,6.4053,6.4053,6.4053,6.4053,6.4053,6.4053,6.4053,6.4053,6.4053,6.4053,6.4053,6.4053,6.4053,6.4053,6.4053,6.4053,6.4053,6.4053,6.4053,6.4053,6.4053,6.4053,6.4053,6.4053,6.4053,6.4053,6.4053,6.4053,6.4053,6.4053,6.4053,6.4053,6.4053,6.4053,6.4053,6.4053,6.4053,6.4053,6.4053,6.4053,6.4053,6.4053,6.4053,6.4053,6.4053,6.4053,6.4053,6.4053,6.4053,6.4053,6.4053,6.4053,6.4053,6.4053,6.4053,6.4053,6.4053,6.4053,6.4053,6.4053,6.4053,6.4053,6.4053,6.4053,6.4053,6.4053,6.4053,6.4053,6.4053,6.4053,6.4053,6.4053,6.4053,6.4053,6.4053,6.4053,6.4053,6.4053,6.4053,6.4053,6.4053,6.4053,6.4053,6.4053,6.4053,6.4053,6.4053,6.4053,6.4053,6.4053,6.4053,6.4053,6.4053,6.4053,6.4053,6.4053,6.4053,6.4053,6.4053,6.4053,6.4053,6.4053,6.4053,6.4053,6.4053,6.4053,6.4053,6.4053,6.4053,6.4053,6.4053,6.4053,6.4053,6.4053,6.4053,6.4053,6.4053,6.4053,6.4053,6.4053,6.4053,6.4053,6.4053,6.4053,6.4053,6.4053,6.4053,6.4053,6.4053,6.4053,6.4053,6.4053,6.4053,6.4053,6.4053,6.4053,6.4053,6.4053,6.4053,6.4053,6.4053,6.4053,6.4053,6.4053,6.4053,6.4053,6.4053,6.4053,6.4053,6.4053,6.4053,6.4053,6.4053,6.4053,6.4053,6.4053,6.4053,6.4053,6.4053,6.4053,6.4053,6.4053,6.4053,6.4053,6.4053,6.4053,6.4053,6.4053,6.4053,6.4053,6.4053,6.4053,6.4053,6.4053,6.4053,6.4053,6.4053,6.4053,6.4053,6.4053,6.4053,6.4053,6.4053,6.4053
6.4011,6.4011,6.4011,6.4011,6.4011,6.4011,6.4011,6.4011,6.4011,6.4011,6.4011,6.4011,6.4011,6.4011,6.4011,6.4011,6.4011,6.4011,6.4011,6.4011,6.4011,6.4011,6.4011,6.4011,6.4011,6.4011,6.4011,6.4011,6.4011,6.4011,6.4011,6.4011,6.4011,6.4011,6.4011,6.4011,6.4011,6.4011,6.4011,6.4011,6.4011,6.4011,6.4011,6.4011,6.4011,6.4011,6.4011,6.4011,6.4011,6.4011,6.4011,6.4011,6.4011,6.4011,6.4011,6.4011,6.4011,6.4011,6.4011,6.4011,6.4011,6.4011,6.4011,6.4011,6.4011,6.4011,6.4011,6.4011,6.4011,6.4011,6.4011,6.4011,6.4011,6.4011,6.4011,6.4011,6.4011,6.4011,6.4011,6.4011,6.4011,6.4011,6.4011,6.4011,6.4011,6.4011,6.4011,6.4011,6.4011,6.4011,6.4011,6.4011,6.4011,6.4011,6.4011,6.4011,6.4011,6.4011,6.4011,6.4011,6.4011,6.4011,6.4011,6.4011,6.4011,6.4011,6.4011,6.4011,6.4011,6.4011,6.4011,6.4011,6.4011,6.4011,6.4011,6.4011,6.4011,6.4011,6.4011,6.4011,6.4011,6.4011,6.4011,6.4011,6.4011,6.4011,6.4011,6.4011,6.4011,6.4011,6.4011,6.4011,6.4011,6.4011,6.4011,6.4011,6.4011,6.4011,6.4011,6.4011,6.4011,6.4011,6.4011,6.4011,6.4011,6.4011,6.4011,6.4011,6.4011,6.4011,6.4011,6.4011,6.4011,6.4011,6.4011,6.4011,6.4011,6.4011,6.4011,6.4011,6.4011,6.4011,6.4011,6.4011,6.4011,6.4011,6.4011,6.4011,6.4011,6.4011,6.4011,6.4011,6.4011,6.4011,6.4011,6.4011,6.4011,6.4011,6.4011,6.4011,6.4011,6.4011,6.4011,6.4011,6.4011,6.4011,6.4011,6.4011,6.4011,6.4011,6.4011,6.4011,6.4011,6.4011,6.4011,6.4011,6.4011,6.4011,6.4011,6.4011,6.4011,6.4011,6.4011,6.4011,6.4011,6.4011,6.4011,6.4011,6.4011,6.4011,6.4011,6.4011,6.4011,6.4011,6.4011,6.4011,6.4011,6.4011,6.4011,6.4011,6.4011,6.4011,6.4011,6.4011,6.4011,6.4011,6.4011,6.4011,6.4011,6.4011,6.4011,6.4011,6.4011,6.4011,6.4011,6.4011,6.4011,6.4011,6.4011,6.4011,6.4011,6.4011,6.4011,6.4011,6.4011,6.4011,6.4011,6.4011,6.4011,6.4011,6.4011,6.4011,6.4011,6.4011,6.4011,6.4011,6.4011,6.4011,6.4011,6.4011,6.4011,6.4011,6.4011,6.4011,6.4011,6.4011,6.4011,6.4011,6.4011,6.4011,6.4011,6.4011,6.4011,6.4011,6.4011,6.4011,6.4011,6.4011,6.4011,6.4011,6.4011,6.4011,6.4011,6.4011,6.4011,6.4011,6.4011,6.4011,6.4011,6.4011,6.4011,6.4011,6.4011,6.4011,6.4011,6.4011,6.4011,6.4011,6.4011,6.4011,6.4011,6.4011,6.4011,6.4011,6.4011,6.4011,6.4011,6.4011,6.4011,6.4011,6.4011,6.4011,6.4011,6.4011,6.4011,6.4011,6.4011,6.4011,6.4011,6.4011,6.4011,6.4011,6.4011,6.4011,6.4011,6.4011,6.4011,6.4011,6.4011,6.4011,6.4011,6.4011,6.4011,6.4011,6.4011,6.4011,6.4011,6.4011,6.4011,6.4011,6.4011,6.4011,6.4011,6.4011,6.4011,6.4011,6.4011,6.4011,6.4011,6.4011,6.4011,6.4011,6.4011,6.4011,6.4011,6.4011,6.4011,6.4011,6.4011,6.4011,6.4011,6.4011,6.4011,6.4011,6.4011,6.4011,6.4011,6.4011,6.4011,6.4011,6.4011,6.4011,6.4011,6.4011,6.4011,6.4011,6.4011,6.4011,6.4011,6.4011,6.4011,6.4011,6.4011,6.4011,6.4011,6.4011,6.4011,6.4011,6.4011,6.4011,6.4011,6.4011,6.4011,6.4011,6.4011,6.4011,6.4011,6.4011,6.4011,6.4011,6.4011,6.4011,6.4011,6.4011,6.4011,6.4011,6.4011,6.4011,6.4011,6.4011,6.4011,6.4011,6.4011,6.4011,6.4011,6.4011,6.4011,6.4011,6.4011,6.4011,6.4011,6.4011,6.4011,6.4011,6.4011,6.4011,6.4011,6.4011,6.4011,6.4011,6.4011,6.4011,6.4011,6.4011,6.4011,6.4011,6.4011,6.4011,6.4011,6.4011,6.4011,6.4011,6.4011,6.4011,6.4011,6.4011,6.4011,6.4011,6.4011,6.4011,6.4011,6.4011,6.4011,6.4011,6.4011,6.4011,6.4011,6.4011,6.4011,6.4011,6.4011,6.4011,6.4011,6.4011,6.4011,6.4011,6.4011,6.4011,6.4011,6.4011,6.4011,6.4011,6.4011,6.4011,6.4011,6.4011,6.4011,6.4011,6.4011,6.4011,6.4011,6.4011,6.4011,6.4011,6.4011,6.4011,6.4011,6.4011,6.4011,6.4011,6.4011,6.4011,6.4011,6.4011,6.4011,6.4011,6.4011,6.4011,6.4011,6.4011,6.4011,6.4011,6.4011,6.4011,6.4011,6.4011,6.4011,6.4011,6.4011,6.4011,6.4011,6.4011,6.4011,6.4011,6.4011,6.4011,6.4011,6.4011,6.4011,6.4011,6.4011,6.4011,6.4011,6.4011,6.4011,6.4011,6.4011,6.4011,6.4011,6.4011,6.4011,6.4011,6.4011,6.4011,6.4011,6.4011,6.4011,6.4011,6.4011,6.4011,6.4011,6.4011,6.4011,6.4011,6.4011,6.4011,6.4011,6.4011,6.4011,6.4011,6.4011,6.4011,6.4011,6.4011,6.4011,6.4011,6.4011,6.4011,6.4011,6.4011,6.4011,6.4011,6.4011,6.4011,6.4011,6.4011,6.4011,6.4011,6.4011,6.4011,6.4011,6.4011,6.4011,6.4011,6.4011,6.4009,6.4009,6.4009,6.4009,6.4009,6.4009,6.4009,6.4009,6.4009,6.4009,6.4009,6.4009,6.4009,6.4009,6.4009,6.4009,6.4009,6.4009,6.4009,6.4009,6.4009,6.4009,6.4009,6.4009,6.4009,6.4009,6.4009,6.4009,6.4009,6.4009,6.4009,6.4009,6.4009,6.4009,6.4009,6.4009,6.4009,6.4009,6.4009,6.4009,6.4009,6.4009,6.4009,6.4009,6.4009,6.4009,6.4009,6.4009,6.4009,6.4009,6.4009,6.4009,6.4009,6.4009,6.4009,6.4009,6.4009,6.4009,6.4009,6.4009,6.4009,6.4009,6.4009,6.4009,6.4009,6.4009,6.4009,6.4009,6.4009,6.4009,6.4009,6.4009,6.4009,6.4009,6.4009,6.4009,6.4009,6.4009,6.4009,6.4009,6.4009,6.4009,6.4009,6.4009,6.4009,6.4009,6.4009,6.4009,6.4009,6.4009,6.4009,6.4009,6.4009,6.4009,6.4009,6.4009,6.4009,6.4009,6.4009,6.4009,6.4009,6.4009,6.4009,6.4009,6.4009,6.4009,6.4009,6.4009,6.4009,6.4009,6.4009,6.4009,6.4009,6.4009,6.4009,6.4009,6.4009,6.4009,6.4009,6.4009,6.4009,6.4009,6.4009,6.4009,6.4009,6.4009,6.4009,6.4009,6.4009,6.4009,6.4009,6.4009,6.4009,6.4009,6.4009,6.4009,6.4009,6.4009,6.4009,6.4009,6.4009,6.4009,6.4009,6.4009,6.4009,6.4009,6.4009,6.4009,6.4009,6.4009,6.4009,6.4009,6.4009,6.4009,6.4009,6.4009,6.4009,6.4009,6.4009,6.4009,6.4009,6.4009,6.4009,6.4009,6.4009,6.4009,6.4009,6.4009,6.4009,6.4009,6.4009,6.4009,6.4009,6.4009,6.4009,6.4009,6.4009,6.4009,6.4009,6.4009,6.4009,6.4009,6.4009,6.4009,6.4009,6.4009,6.4009,6.4009,6.4009,6.4009,6.4009,6.4009,6.4009,6.4009,6.4009,6.4009,6.4009,6.4009,6.4009,6.4009,6.4009,6.4009,6.4009,6.4009,6.4009,6.4009,6.4009,6.4009,6.4009,6.4009,6.4009,6.4009,6.4009,6.4009,6.4009,6.4009,6.4009,6.4009,6.4009,6.4009,6.4009,6.4009,6.4009,6.4009,6.4009,6.4009,6.4009,6.4009,6.4009,6.4009,6.4009,6.4009,6.4009,6.4009,6.4009,6.4009,6.4009,6.4009,6.4009,6.4009,6.4009,6.4009,6.4009,6.4009,6.4009,6.4009,6.4009,6.4009,6.4009,6.4009,6.4009,6.4009,6.4009,6.4009,6.4009,6.4009,6.4009,6.4009,6.4009,6.4009,6.4009,6.4009,6.4009,6.4009,6.4009,6.4009,6.4009,6.4009,6.4009,6.4009,6.4009,6.4009,6.4009,6.4009,6.4009,6.4009,6.4009,6.4009,6.4009,6.4009,6.4009,6.4009,6.4009,6.4009,6.4009,6.4009,6.4009,6.4009,6.4009,6.4009,6.4009,6.4009,6.4009,6.4009,6.4009,6.4009,6.4009,6.4009,6.4009,6.4009,6.4009,6.4009,6.4009,6.4009,6.4009,6.4009,6.4009,6.4009,6.4009,6.4009,6.4009,6.4009,6.4009,6.4009,6.4009,6.4009,6.4009,6.4009,6.4009,6.4009,6.4009,6.4009,6.4009,6.4009,6.4009,6.4009,6.4009,6.4009,6.4009,6.4009,6.4009,6.4009,6.4009,6.4009,6.4009,6.4009,6.4009,6.4009,6.4009,6.4009,6.4009,6.4009,6.4009,6.4009,6.4009,6.4009,6.4009,6.4009,6.4009,6.4009,6.4009,6.4009,6.4009,6.4009,6.4009,6.4009,6.4009,6.4009,6.4009,6.4009,6.4009,6.4009,6.4009,6.4009,6.4009,6.4009,6.4009,6.4009,6.4009,6.4009,6.4009,6.4009,6.4009,6.4009,6.4009,6.4009,6.4009,6.4009,6.4009,6.4009,6.4009,6.4009,6.4009,6.4009,6.4009
6.3963,6.3963,6.3963,6.3963,6.3963,6.3963,6.3963,6.3963,6.3963,6.3963,6.3963,6.3963,6.3963,6.3963,6.3963,6.3963,6.3963,6.3963,6.3963,6.3963,6.3963,6.3963,6.3963,6.3963,6.3963,6.3963,6.3963,6.3963,6.3963,6.3963,6.3963,6.3963,6.3963,6.3963,6.3963,6.3963,6.3963,6.3963,6.3963,6.3963,6.3963,6.3963,6.3963,6.3963,6.3963,6.3963,6.3963,6.3963,6.3963,6.3963,6.3963,6.3963,6.3963,6.3963,6.3963,6.3963,6.3963,6.3963,6.3963,6.3963,6.3963,6.3963,6.3963,6.3963,6.3963,6.3963,6.3963,6.3963,6.3963,6.3963,6.3963,6.3963,6.3963,6.3963,6.3963,6.3963,6.3963,6.3963,6.3963,6.3963,6.3963,6.3963,6.3963,6.3963,6.3963,6.3963,6.3963,6.3963,6.3963,6.3963,6.3963,6.3963,6.3963,6.3963,6.3963,6.3963,6.3963,6.3963,6.3963,6.3963,6.3963,6.3963,6.3963,6.3963,6.3963,6.3963,6.3963,6.3963,6.3963,6.3963,6.3963,6.3963,6.3963,6.3963,6.3963,6.3963,6.3963,6.3963,6.3963,6.3963,6.3963,6.3963,6.3963,6.3963,6.3963,6.3963,6.3963,6.3963,6.3963,6.3963,6.3963,6.3963,6.3963,6.3963,6.3963,6.3963,6.3963,6.3963,6.3963,6.3963,6.3963,6.3963,6.3963,6.3963,6.3963,6.3963,6.3963,6.3963,6.3963,6.3963,6.3963,6.3963,6.3963,6.3963,6.3963,6.3963,6.3963,6.3963,6.3963,6.3963,6.3963,6.3963,6.3963,6.3963,6.3963,6.3963,6.3963,6.3963,6.3963,6.3963,6.3963,6.3963,6.3963,6.3963,6.3963,6.3963,6.3963,6.3963,6.3963,6.3963,6.3963,6.3963,6.3963,6.3963,6.3963,6.3963,6.3963,6.3963,6.3963,6.3963,6.3963,6.3963,6.3963,6.3963,6.3963,6.3963,6.3963,6.3963,6.3963,6.3963,6.3963,6.3963,6.3963,6.3963,6.3963,6.3963,6.3963,6.3963,6.3963,6.3963,6.3963,6.3963,6.3963,6.3963,6.3963,6.3963,6.3963,6.3963,6.3963,6.3963,6.3963,6.3963,6.3963,6.3963,6.3963,6.3963,6.3963,6.3963,6.3963,6.3963,6.3963,6.3963,6.3963,6.3963,6.3963,6.3963,6.3963,6.3963,6.3963,6.3963,6.3963,6.3963,6.3963,6.3963,6.3963,6.3963,6.3963,6.3963,6.3963,6.3963,6.3963,6.3963,6.3963,6.3963,6.3963,6.3963,6.3963,6.3963,6.3963,6.3963,6.3963,6.3963,6.3963,6.3963,6.3963,6.3963,6.3963,6.3963,6.3963,6.3963,6.3963,6.3963,6.3963,6.3963,6.3963,6.3963,6.3963,6.3963,6.3963,6.3963,6.3963,6.3963,6.3963,6.3963,6.3963,6.3963,6.3963,6.3963,6.3963,6.3963,6.3963,6.3963,6.3963,6.3963,6.3963,6.3963,6.3963,6.3963,6.3963,6.3963,6.3963,6.3963,6.3963,6.3963,6.3963,6.3963,6.3963,6.3963,6.3963,6.3963,6.3963,6.3963,6.3963,6.3963,6.3963,6.3963,6.3963,6.3963,6.3963,6.3963,6.3963,6.3963,6.3963,6.3963,6.3963,6.3963,6.3963,6.3963,6.3963,6.3963,6.3963,6.3963,6.3963,6.3963,6.3963,6.3963,6.3963,6.3963,6.3963,6.3963,6.3963,6.3963,6.3963,6.3963,6.3963,6.3963,6.3963,6.3963,6.3963,6.3963,6.3963,6.3963,6.3963,6.3963,6.3963,6.3963,6.3963,6.3963,6.3963,6.3963,6.3963,6.3963,6.3963,6.3963,6.3963,6.3963,6.3963,6.3963,6.3963,6.3963,6.3963,6.3963,6.3963,6.3963,6.3963,6.3963,6.3963,6.3963,6.3963,6.3963,6.3963,6.3963,6.3963,6.3963,6.3963,6.3963,6.3963,6.3963,6.3963,6.3963,6.3963,6.3963,6.3963,6.3963,6.3963,6.3963,6.3963,6.3963,6.3963,6.3963,6.3963,6.3963,6.3963,6.3963,6.3963,6.3963,6.3963,6.3963,6.3963,6.3963,6.3963,6.3963,6.3963,6.3963,6.3963,6.3963,6.3963,6.3963,6.3963,6.3963,6.3963,6.3963,6.3963,6.3963,6.3963,6.3963,6.3963,6.3963,6.3963,6.3963,6.3963,6.3963,6.3963,6.3963,6.3963,6.3963,6.3963,6.3963,6.3963,6.3963,6.3963,6.3963,6.3963,6.3963,6.3963,6.3963,6.3963,6.3963,6.3963,6.3963,6.3963,6.3963,6.3963,6.3963,6.3963,6.3963,6.3963,6.3963,6.3963,6.3963,6.3963,6.3963,6.3963,6.3963,6.3963,6.3963,6.3963,6.3963,6.3963,6.3963,6.3963,6.3963,6.3963,6.3963,6.3963,6.3963,6.3963,6.3963,6.3963,6.3963,6.3963,6.3963,6.3963,6.3963,6.3963,6.3963,6.3963,6.3963,6.3963,6.3963,6.3963,6.3963,6.3963,6.3963,6.3963,6.3963,6.3963,6.3963,6.3963,6.3963,6.3963,6.3963,6.3963,6.3963,6.3963,6.3963,6.3963,6.3963,6.3963,6.3963,6.3963,6.3963,6.3963,6.3963,6.3963,6.3963,6.3963,6.3963,6.3963,6.3963,6.3963,6.3963,6.3963,6.3963,6.3963,6.3963,6.3963,6.3963,6.3963,6.3963,6.3963,6.3963,6.3963,6.3963,6.3963,6.3963,6.3963,6.3963,6.3963,6.3963,6.3963,6.3963,6.3963,6.3963,6.3963,6.3963,6.3963,6.3963,6.3963,6.3963,6.3963,6.3963,6.3963,6.3963,6.3963,6.3963,6.3963,6.3963,6.3963,6.3963,6.3963,6.3963,6.3963,6.3963,6.3963,6.3963,6.3963,6.3963,6.3963,6.3963,6.3963,6.3963,6.3963,6.3963,6.3963,6.3963,6.3963,6.3963,6.3963,6.3963,6.3963,6.3963,6.3963,6.3963,6.3963,6.3963,6.3963,6.3963,6.3963,6.3963,6.3963,6.3963,6.3963,6.3963,6.3963,6.3963,6.3963,6.3963,6.3963,6.3963,6.3963,6.3963,6.3963,6.3963,6.3963,6.3963,6.3963,6.3963,6.3963,6.3963,6.3963,6.3963,6.3963,6.3963,6.3963,6.3963,6.3963,6.3963,6.3963,6.3963,6.3963,6.3963,6.3963,6.3963,6.3963,6.3963,6.3963,6.3963,6.3963,6.3963,6.3963,6.3963,6.3963,6.3963,6.3963,6.3963,6.3963,6.3963,6.3963,6.3963,6.3963,6.3963,6.3963,6.3963,6.3963,6.3963,6.3963,6.3963,6.3963,6.3963,6.3963,6.3963,6.3963,6.3963,6.3963,6.3963,6.3963,6.3963,6.3963,6.3963,6.3963,6.3963,6.3963,6.3963,6.3963,6.3963,6.3963,6.3963,6.3963,6.3963,6.3963,6.3963,6.3963,6.3963,6.3963,6.3963,6.3963,6.3963,6.3963,6.3963,6.3963,6.3963,6.3963,6.3963,6.3963,6.3963,6.3963,6.3963,6.3963,6.3963,6.3963,6.3963,6.3963,6.3963,6.3963,6.3963,6.3963,6.3963,6.3963,6.3963,6.3963,6.3963,6.3963,6.3963,6.3963,6.3963,6.3963,6.3963,6.3963,6.3963,6.3963,6.3963,6.3963,6.3963,6.3963,6.3963,6.3963,6.3963,6.3963,6.3963,6.3963,6.3963,6.3963,6.3963,6.3963,6.3963,6.3963,6.3963,6.3963,6.3963,6.3963,6.3963,6.3963,6.3963,6.3963,6.3963,6.3963,6.3963,6.3963,6.3963,6.3963,6.3963,6.3963,6.3963,6.3963,6.3963,6.3963,6.3963,6.3963,6.3963,6.3963,6.3963,6.3963,6.3963,6.3963,6.3963,6.3963,6.3963,6.3963,6.3963,6.3963,6.3963,6.3963,6.3963,6.3963,6.3963,6.3963,6.3963,6.3963,6.3963,6.3963,6.3963,6.3963,6.3963,6.3963,6.3963,6.3963,6.3963,6.3963,6.3963,6.3963,6.3963,6.3963,6.3963,6.3963,6.3963,6.3963,6.3963,6.3963,6.3963,6.3963,6.3963,6.3963,6.3963,6.3963,6.3963,6.3963,6.3963,6.3963,6.3963,6.3963,6.3963,6.3963,6.3963,6.3963,6.3963,6.3963,6.3963,6.3963,6.3963,6.3963,6.3963,6.3963,6.3963,6.3963,6.3963,6.3963,6.3963,6.3963,6.3963,6.3963,6.3963,6.3963,6.3963,6.3963,6.3963,6.3963,6.3963,6.3963,6.3963,6.3963,6.3963,6.3963,6.3963,6.3963,6.3963,6.3963,6.3963,6.3963,6.3963,6.3963,6.3963,6.3963,6.3963,6.3963,6.3963,6.3963,6.3963,6.3963,6.3963,6.3963,6.3963,6.3963,6.3963,6.3963,6.3963,6.3963,6.3963,6.3963,6.3963,6.3963,6.3963,6.3963,6.3963,6.3963,6.3963,6.3963,6.3963,6.3963,6.3963,6.3963,6.3963,6.3963,6.3963,6.3963,6.3963,6.3963,6.3963,6.3963,6.3963,6.3963,6.3963,6.3963,6.3963,6.3963,6.3963,6.3963,6.3963,6.3963,6.3963,6.3963,6.3963,6.3963,6.3963,6.3963,6.3963,6.3963,6.3963,6.3963,6.3963,6.3963,6.3963,6.3963,6.3963,6.3963,6.3963,6.3963,6.3963,6.3963,6.3963,6.3963,6.3963,6.3963,6.3963,6.3963,6.3963,6.3963,6.3963,6.3963,6.3963,6.3963,6.3963,6.3963,6.3963,6.3963,6.3963,6.3963,6.3963,6.3963,6.3963,6.3963,6.3963,6.3963,6.3963,6.3963,6.3963,6.3963,6.3963,6.3963,6.3963,6.3963,6.3963,6.3963,6.3963,6.3963,6.3963,6.3963,6.3963,6.3963,6.3963,6.3963,6.3963,6.3963,6.3963,6.3963,6.3963,6.3963,6.3963,6.3963,6.3963
6.3919,6.3919,6.3919,6.3919,6.3919,6.3919,6.3919,6.3919,6.3919,6.3919,6.3919,6.3919,6.3919,6.3919,6.3919,6.3919,6.3919,6.3919,6.3919,6.3919,6.3919,6.3919,6.3919,6.3919,6.3919,6.3919,6.3919,6.3919,6.3919,6.3919,6.3919,6.3919,6.3919,6.3919,6.3919,6.3919,6.3919,6.3919,6.3919,6.3919,6.3919,6.3919,6.3919,6.3919,6.3919,6.3919,6.3919,6.3919,6.3919,6.3919,6.3919,6.3919,6.3919,6.3919,6.3919,6.3919,6.3919,6.3919,6.3919,6.3919,6.3919,6.3919,6.3919,6.3919,6.3919,6.3919,6.3919,6.3919,6.3919,6.3919,6.3919,6.3919,6.3919,6.3919,6.3919,6.3919,6.3919,6.3919,6.3919,6.3919,6.3919,6.3919,6.3919,6.3919,6.3919,6.3919,6.3919,6.3919,6.3919,6.3919,6.3919,6.3919,6.3919,6.3919,6.3919,6.3919,6.3919,6.3919,6.3919,6.3919,6.3919,6.3919,6.3919,6.3919,6.3919,6.3919,6.3919,6.3919,6.3919,6.3919,6.3919,6.3919,6.3919,6.3919,6.3919,6.3919,6.3919,6.3919,6.3919,6.3919,6.3919,6.3919,6.3919,6.3919,6.3919,6.3919,6.3919,6.3919,6.3919,6.3919,6.3919,6.3919,6.3919,6.3919,6.3919,6.3919,6.3919,6.3919,6.3919,6.3919,6.3919,6.3919,6.3919,6.3919,6.3919,6.3919,6.3919,6.3919,6.3919,6.3919,6.3919,6.3919,6.3919,6.3919,6.3919,6.3919,6.3919,6.3919,6.3919,6.3919,6.3919,6.3919,6.3919,6.3919,6.3919,6.3919,6.3919,6.3919,6.3919,6.3919,6.3919,6.3919,6.3919,6.3919,6.3919,6.3919,6.3919,6.3919,6.3919,6.3919,6.3919,6.3919,6.3919,6.3919,6.3919,6.3919,6.3919,6.3919,6.3919,6.3919,6.3919,6.3919,6.3919,6.3919,6.3919,6.3919,6.3919,6.3919,6.3919,6.3919,6.3919,6.3919,6.3919,6.3919,6.3919,6.3919,6.3919,6.3919,6.3919,6.3919,6.3919,6.3919,6.3919,6.3919,6.3919,6.3919,6.3919,6.3919,6.3919,6.3919,6.3919,6.3919,6.3919,6.3919,6.3919,6.3919,6.3919,6.3919,6.3919,6.3919,6.3919,6.3919,6.3919,6.3919,6.3919,6.3919,6.3919,6.3919,6.3919,6.3919,6.3919,6.3919,6.3919,6.3919,6.3919,6.3919,6.3919,6.3919,6.3919,6.3919,6.3919,6.3919,6.3919,6.3919,6.3919,6.3919,6.3919,6.3919,6.3919,6.3919,6.3919,6.3919,6.3919,6.3919,6.3919,6.3919,6.3919,6.3919,6.3919,6.3919,6.3919,6.3919,6.3919,6.3919,6.3919,6.3919,6.3919,6.3919,6.3919,6.3919,6.3919,6.3919,6.3919,6.3919,6.3919,6.3919,6.3919,6.3919,6.3919,6.3919,6.3919,6.3919,6.3919,6.3919,6.3919,6.3919,6.3919,6.3919,6.3919,6.3919,6.3919,6.3919,6.3919,6.3919,6.3919,6.3919,6.3919,6.3919,6.3919,6.3919,6.3919,6.3919,6.3919,6.3919,6.3919,6.3919,6.3919,6.3919,6.3919,6.3919,6.3919,6.3919,6.3919,6.3919,6.3919,6.3919,6.3919,6.3919,6.3919,6.3919,6.3919,6.3919,6.3919,6.3919,6.3919,6.3919,6.3919,6.3919,6.3919,6.3919,6.3919,6.3919,6.3919,6.3919,6.3919,6.3919,6.3919,6.3919,6.3919,6.3919,6.3919,6.3919,6.3919,6.3919,6.3919,6.3919,6.3919,6.3919,6.3919,6.3919,6.3919,6.3919,6.3919,6.3919,6.3919,6.3919,6.3919,6.3919,6.3919,6.3919,6.3919,6.3919,6.3919,6.3919,6.3919,6.3919,6.3919,6.3919,6.3919,6.3919,6.3919,6.3919,6.3919,6.3919,6.3919,6.3919,6.3919,6.3919,6.3919,6.3919,6.3919,6.3919,6.3919,6.3919,6.3919,6.3919,6.3919,6.3919,6.3919,6.3919,6.3919,6.3919,6.3919,6.3919,6.3919,6.3919,6.3919,6.3919,6.3919,6.3919,6.3919,6.3919,6.3919,6.3919,6.3919,6.3919,6.3919,6.3919,6.3919,6.3919,6.3919,6.3919,6.3919,6.3919,6.3919,6.3919,6.3919,6.3919,6.3919,6.3919,6.3919,6.3919,6.3919,6.3919,6.3919,6.3919,6.3919,6.3919,6.3919,6.3919,6.3919,6.3919,6.3919,6.3919,6.3919,6.3919,6.3919,6.3919,6.3919,6.3919,6.3919,6.3919,6.3919,6.3919,6.3919,6.3919,6.3919,6.3919,6.3919,6.3919,6.3919,6.3919,6.3919,6.3919,6.3919,6.3919,6.3919,6.3919,6.3919,6.3919,6.3919,6.3919,6.3919,6.3919,6.3919,6.3919,6.3919,6.3919,6.3919,6.3919,6.3919,6.3919,6.3919,6.3919,6.3919,6.3919,6.3919,6.3919,6.3919,6.3919,6.3919,6.3919,6.3919,6.3919,6.3919,6.3919,6.3919,6.3919,6.3919,6.3919,6.3919,6.3919,6.3919,6.3919,6.3919,6.3919,6.3919,6.3919,6.3919,6.3919,6.3919,6.3919,6.3919,6.3919,6.3919,6.3919,6.3919,6.3919,6.3919,6.3919,6.3919,6.3919,6.3919,6.3919,6.3919,6.3919,6.3919,6.3919,6.3919,6.3919,6.3919,6.3919,6.3919,6.3919,6.3919,6.3919,6.3919,6.3919,6.3919,6.3919,6.3919,6.3919,6.3919,6.3919,6.3919,6.3919,6.3919,6.3919,6.3919,6.3919,6.3919,6.3919,6.3919,6.3919,6.3919,6.3919,6.3919,6.3919,6.3919,6.3919,6.3919,6.3919,6.3919,6.3919,6.3919,6.3919,6.3919,6.3919,6.3919,6.3919,6.3919,6.3919,6.3919,6.3919,6.3919,6.3919,6.3919,6.3919,6.3919,6.3919,6.3919,6.3919,6.3919,6.3919,6.3919,6.3919,6.3919,6.3919,6.3919,6.3919,6.3919,6.3919,6.3919,6.3919,6.3919,6.3919,6.3919,6.3919,6.3919,6.3919,6.3919,6.3919,6.3919,6.3919,6.3919,6.3919,6.3919,6.3919,6.3919,6.3919,6.3919,6.3919,6.3919,6.3919,6.3919,6.3919,6.3919,6.3919,6.3919,6.3919,6.3919,6.3919,6.3919,6.3919,6.3919,6.3919,6.3919,6.3919,6.3919,6.3919,6.3919,6.3919,6.3919,6.3919,6.3919,6.3919,6.3919,6.3919,6.3919,6.3919,6.3919,6.3919,6.3919,6.3919,6.3919,6.3919,6.3919,6.3919,6.3919,6.3919,6.3919,6.3919,6.3919,6.3919,6.3919,6.3919,6.3919,6.3919,6.3919,6.3919,6.3919,6.3919,6.3919,6.3919,6.3919,6.3919,6.3919,6.3919,6.3919,6.3919,6.3919,6.3919,6.3919,6.3919,6.3919,6.3919,6.3919,6.3919,6.3919,6.3919,6.3919,6.3919,6.3919,6.3919,6.3919,6.3919,6.3919,6.3919,6.3919,6.3919,6.3919,6.3919,6.3919,6.3919,6.3919,6.3919,6.3919,6.3919,6.3919,6.3919,6.3919,6.3919,6.3919,6.3919,6.3919,6.3919,6.3919,6.3919,6.3919,6.3919,6.3919,6.3919,6.3919,6.3919,6.3919,6.3919,6.3919,6.3919,6.3919,6.3919,6.3919,6.3919,6.3919,6.3919,6.3919,6.3919,6.3919,6.3919,6.3919,6.3919,6.3919,6.3919,6.3919,6.3919,6.3919,6.3919,6.3919,6.3919,6.3919,6.3919,6.3919,6.3919,6.3919,6.3919,6.3919,6.3919,6.3919,6.3919,6.3919,6.3919,6.3919,6.3919,6.3919,6.3919,6.3919,6.3919,6.3919,6.3919,6.3919,6.3919,6.3919,6.3919,6.3919,6.3919,6.3919,6.3919,6.3919,6.3919,6.3919,6.3919,6.3919,6.3919,6.3919,6.3919,6.3919,6.3919,6.3919,6.3919,6.3919,6.3919,6.3919,6.3919,6.3919,6.3919,6.3919,6.3919,6.3919,6.3919,6.3919,6.3919,6.3919,6.3919,6.3919,6.3919,6.3919,6.3919,6.3919,6.3919,6.3919,6.3919,6.3919,6.3919,6.3919,6.3919,6.3919,6.3919,6.3919,6.3919,6.3919,6.3919,6.3919,6.3919,6.3919,6.3919,6.3919,6.3919,6.3919,6.3919,6.3919,6.3919,6.3919,6.3919,6.3919,6.3919,6.3919,6.3919,6.3919,6.3919,6.3919,6.3919,6.3919,6.3919,6.3919,6.3919,6.3919,6.3919,6.3919,6.3919,6.3919,6.3919,6.3919,6.3919,6.3919,6.3919,6.3919,6.3919,6.3919,6.3919,6.3919,6.3919,6.3919,6.3919,6.3919,6.3919,6.3919,6.3919,6.3919,6.3919,6.3919,6.3919,6.3919,6.3919,6.3919,6.3919,6.3919,6.3919,6.3919,6.3919,6.3919,6.3919,6.3919,6.3919,6.3919,6.3919,6.3919,6.3919,6.3919,6.3919,6.3919,6.3919,6.3919,6.3919,6.3919,6.3919,6.3919,6.3919,6.3919,6.3919,6.3919,6.3919,6.3919,6.3919,6.3919,6.3919,6.3919,6.3919,6.3919,6.3919,6.3919,6.3919,6.3919,6.3919,6.3919,6.3919,6.3919,6.3919,6.3919,6.3919,6.3919,6.3919,6.3919,6.3919,6.3919,6.3919,6.3919,6.3919,6.3919,6.3919,6.3919,6.3919,6.3919,6.3919,6.3919,6.3919,6.3919,6.3919,6.3919,6.3919,6.3919,6.3919,6.3919,6.3919,6.3919,6.3919,6.3919,6.3919,6.3919,6.3919,6.3919,6.3919,6.3919,6.3919,6.3919,6.3919,6.3919,6.3919,6.3919,6.3919,6.3919,6.3919,6.3919,6.3919,6.3919,6.3919,6.3919,6.3919,6.3919,6.3919,6.3919,6.3919
6.3873,6.3873,6.3873,6.3873,6.3873,6.3873,6.3873,6.3873,6.3873,6.3873,6.3873,6.3873,6.3873,6.3873,6.3873,6.3873,6.3873,6.3873,6.3873,6.3873,6.3873,6.3873,6.3873,6.3873,6.3873,6.3873,6.3873,6.3873,6.3873,6.3873,6.3873,6.3873,6.3873,6.3873,6.3873,6.3873,6.3873,6.3873,6.3873,6.3873,6.3873,6.3873,6.3873,6.3873,6.3873,6.3873,6.3873,6.3873,6.3873,6.3873,6.3873,6.3873,6.3873,6.3873,6.3873,6.3873,6.3873,6.3873,6.3873,6.3873,6.3873,6.3873,6.3873,6.3873,6.3873,6.3873,6.3873,6.3873,6.3873,6.3873,6.3873,6.3873,6.3873,6.3873,6.3873,6.3873,6.3873,6.3873,6.3873,6.3873,6.3873,6.3873,6.3873,6.3873,6.3873,6.3873,6.3873,6.3873,6.3873,6.3873,6.3873,6.3873,6.3873,6.3873,6.3873,6.3873,6.3873,6.3873,6.3873,6.3873,6.3873,6.3873,6.3873,6.3873,6.3873,6.3873,6.3873,6.3873,6.3873,6.3873,6.3873,6.3873,6.3873,6.3873,6.3873,6.3873,6.3873,6.3873,6.3873,6.3873,6.3873,6.3873,6.3873,6.3873,6.3873,6.3873,6.3873,6.3873,6.3873,6.3873,6.3873,6.3873,6.3873,6.3873,6.3873,6.3873,6.3873,6.3873,6.3873,6.3873,6.3873,6.3873,6.3873,6.3873,6.3873,6.3873,6.3873,6.3873,6.3873,6.3873,6.3873,6.3873,6.3873,6.3873,6.3873,6.3873,6.3873,6.3873,6.3873,6.3873,6.3873,6.3873,6.3873,6.3873,6.3873,6.3873,6.3873,6.3873,6.3873,6.3873,6.3873,6.3873,6.3873,6.3873,6.3873,6.3873,6.3873,6.3873,6.3873,6.3873,6.3873,6.3873,6.3873,6.3873,6.3873,6.3873,6.3873,6.3873,6.3873,6.3873,6.3873,6.3873,6.3873,6.3873,6.3873,6.3873,6.3873,6.3873,6.3873,6.3873,6.3873,6.3873,6.3873,6.3873,6.3873,6.3873,6.3873,6.3873,6.3873,6.3873,6.3873,6.3873,6.3873,6.3873,6.3873,6.3873,6.3873,6.3873,6.3873,6.3873,6.3873,6.3873,6.3873,6.3873,6.3873,6.3873,6.3873,6.3873,6.3873,6.3873,6.3873,6.3873,6.3873,6.3873,6.3873,6.3873,6.3873,6.3873,6.3873,6.3873,6.3873,6.3873,6.3873,6.3873,6.3873,6.3873,6.3873,6.3873,6.3873,6.3873,6.3873,6.3873,6.3873,6.3873,6.3873,6.3873,6.3873,6.3873,6.3873,6.3873,6.3873,6.3873,6.3873,6.3873,6.3873,6.3873,6.3873,6.3873,6.3873,6.3873,6.3873,6.3873,6.3873,6.3873,6.3873,6.3873,6.3873,6.3873,6.3873,6.3873,6.3873,6.3873,6.3873,6.3873,6.3873,6.3873,6.3873,6.3873,6.3873,6.3873,6.3873,6.3873,6.3873,6.3873,6.3873,6.3873,6.3873,6.3873,6.3873,6.3873,6.3873,6.3873,6.3873,6.3873,6.3873,6.3873,6.3873,6.3873,6.3873,6.3873,6.3873,6.3873,6.3873,6.3873,6.3873,6.3873,6.3873,6.3873,6.3873,6.3873,6.3873,6.3873,6.3873,6.3873,6.3873,6.3873,6.3873,6.3873,6.3873,6.3873,6.3873,6.3873,6.3873,6.3873,6.3873,6.3873,6.3873,6.3873,6.3873,6.3873,6.3873,6.3873,6.3873,6.3873,6.3873,6.3873,6.3873,6.3873,6.3873,6.3873,6.3873,6.3873,6.3873,6.3873,6.3873,6.3873,6.3873,6.3873,6.3873,6.3873,6.3873,6.3873,6.3873,6.3873,6.3873,6.3873,6.3873,6.3873,6.3873,6.3873,6.3873,6.3873,6.3873,6.3873,6.3873,6.3873,6.3873,6.3873,6.3873,6.3873,6.3873,6.3873,6.3873,6.3873,6.3873,6.3873,6.3873,6.3873,6.3873,6.3873,6.3873,6.3873,6.3873,6.3873,6.3873,6.3873,6.3873,6.3873,6.3873,6.3873,6.3873,6.3873,6.3873,6.3873,6.3873,6.3873,6.3873,6.3873,6.3873,6.3873,6.3873,6.3873,6.3873,6.3873,6.3873,6.3873,6.3873,6.3873,6.3873,6.3873,6.3873,6.3873,6.3873,6.3873,6.3873,6.3873,6.3873,6.3873,6.3873,6.3873,6.3873,6.3873,6.3873,6.3873,6.3873,6.3873,6.3873,6.3873,6.3873,6.3873,6.3873,6.3873,6.3873,6.3873,6.3873,6.3873,6.3873,6.3873,6.3873,6.3873,6.3873,6.3873,6.3873,6.3873,6.3873,6.3873,6.3873,6.3873,6.3873,6.3873,6.3873,6.3873,6.3873,6.3873,6.3873,6.3873,6.3873,6.3873,6.3873,6.3873,6.3873,6.3873,6.3873,6.3873,6.3873,6.3873,6.3873,6.3873,6.3873,6.3873,6.3873,6.3873,6.3873,6.3873,6.3873,6.3873,6.3873,6.3873,6.3873,6.3873,6.3873,6.3873,6.3873,6.3873,6.3873,6.3873,6.3873,6.3873,6.3873,6.3873,6.3873,6.3873,6.3873,6.3873,6.3873,6.3873,6.3873,6.3873,6.3873,6.3873,6.3873,6.3873,6.3873,6.3873,6.3873,6.3873,6.3873,6.3873,6.3873,6.3873,6.3873,6.3873,6.3873,6.3873,6.3873,6.3873,6.3873,6.3873,6.3873,6.3873,6.3873,6.3873,6.3873,6.3873,6.3873,6.3873,6.3873,6.3873,6.3873,6.3873,6.3873,6.3873,6.3873,6.3873,6.3873,6.3873,6.3873,6.3873,6.3873,6.3873,6.3873,6.3873,6.3873,6.3873,6.3873,6.3873,6.3873,6.3873,6.3873,6.3873,6.3873,6.3873,6.3873,6.3873,6.3873,6.3873,6.3873,6.3873,6.3873,6.3873,6.3873,6.3873,6.3873,6.3873,6.3873,6.3873,6.3873,6.3873,6.3873,6.3873,6.3873,6.3873,6.3873,6.3873,6.3873,6.3873,6.3873,6.3873,6.3873,6.3873,6.3873,6.3873,6.3873,6.3873,6.3873,6.3873,6.3873,6.3873,6.3873,6.3873,6.3873,6.3873,6.3873,6.3873,6.3873,6.3873,6.3873,6.3873,6.3873,6.3873,6.3873,6.3873,6.3873,6.3873,6.3873,6.3873,6.3873,6.3873,6.3873,6.3873,6.3873,6.3873,6.3873,6.3873,6.3873,6.3873,6.3873,6.3873,6.3873,6.3873,6.3873,6.3873,6.3873,6.3873,6.3873,6.3873,6.3873,6.3873,6.3873,6.3873,6.3873,6.3873,6.3873,6.3873,6.3873,6.3873,6.3873,6.3873,6.3873,6.3873,6.3873,6.3873,6.3873,6.3873,6.3873,6.3873,6.3873,6.3873,6.3873,6.3873,6.3873,6.3873,6.3873,6.3873,6.3873,6.3873,6.3873,6.3873,6.3873,6.3873,6.3873,6.3873,6.3873,6.3873,6.3873,6.3873,6.3873,6.3873,6.3873,6.3873,6.3873,6.3873,6.3873,6.3873,6.3873,6.3873,6.3873,6.3873,6.3873,6.3873,6.3873,6.3873,6.3873,6.3873,6.3873,6.3873,6.3873,6.3873,6.3873,6.3873,6.3873,6.3873,6.3873,6.3873,6.3873,6.3873,6.3873,6.3873,6.3873,6.3873,6.3873,6.3873,6.3873,6.3873,6.3873,6.3873,6.3873,6.3873,6.3873,6.3873,6.3873,6.3873,6.3873,6.3873,6.3873,6.3873,6.3873,6.3873,6.3873,6.3873,6.3873,6.3873,6.3873,6.3873,6.3873,6.3873,6.3873,6.3873,6.3873,6.3873,6.3873,6.3873,6.3873,6.3873,6.3873,6.3873,6.3873,6.3873,6.3873,6.3873,6.3873,6.3873,6.3873,6.3873,6.3873,6.3873,6.3873,6.3873,6.3873,6.3873,6.3873,6.3873,6.3873,6.3873,6.3873,6.3873,6.3873,6.3873,6.3873,6.3873,6.3873,6.3873,6.3873,6.3873,6.3873,6.3873,6.3873,6.3873,6.3873,6.3873,6.3873,6.3873,6.3873,6.3873,6.3873,6.3873,6.3873,6.3873,6.3873,6.3873,6.3873,6.3873,6.3873,6.3873,6.3873,6.3873,6.3873,6.3873,6.3873,6.3873,6.3873,6.3873,6.3873,6.3873,6.3873,6.3873,6.3873,6.3873,6.3873,6.3873,6.3873,6.3873,6.3873,6.3873,6.3873,6.3873,6.3873,6.3873,6.3873,6.3873,6.3873,6.3873,6.3873,6.3873,6.3873,6.3873,6.3873,6.3873,6.3873,6.3873,6.3873,6.3873,6.3873,6.3873,6.3873,6.3873,6.3873,6.3873,6.3873,6.3873,6.3873,6.3873,6.3873,6.3873,6.3873,6.3873,6.3873,6.3873,6.3873,6.3873,6.3873,6.3873,6.3873,6.3873,6.3873,6.3873,6.3873,6.3873,6.3873,6.3873,6.3873,6.3873,6.3873,6.3873,6.3873,6.3873,6.3873,6.3873,6.3873,6.3873,6.3873,6.3873,6.3873,6.3873,6.3873,6.3873,6.3873,6.3873,6.3873,6.3873,6.3873,6.3873,6.3873,6.3873,6.3873,6.3873,6.3873,6.3873,6.3873,6.3873,6.3873,6.3873,6.3873,6.3873,6.3873,6.3873,6.3873,6.3873,6.3873,6.3873,6.3873,6.3873,6.3873,6.3873,6.3873,6.3873,6.3873,6.3873,6.3873,6.3873,6.3873,6.3873,6.3873,6.3873,6.3873,6.3873,6.3873,6.3873,6.3873,6.3873,6.3873,6.3873,6.3873,6.3873,6.3873,6.3873,6.3873,6.3873,6.3873,6.3873,6.3873,6.3873,6.3873,6.3873,6.3873,6.3873,6.3873,6.3873,6.3873,6.3873,6.3873,6.3873,6.3873,6.3873,6.3873,6.3873,6.3873,6.3873,6.3873,6.3873,6.3873,6.3873,6.3873,6.3873,6.3873,6.3873,6.3873,6.3873,6.3873,6.3873
6.3826,6.3826,6.3826,6.3826,6.3826,6.3826,6.3826,6.3826,6.3826,6.3826,6.3826,6.3826,6.3826,6.3826,6.3826,6.3826,6.3826,6.3826,6.3826,6.3826,6.3826,6.3826,6.3826,6.3826,6.3826,6.3826,6.3826,6.3826,6.3826,6.3826,6.3826,6.3826,6.3826,6.3826,6.3826,6.3826,6.3826,6.3826,6.3826,6.3826,6.3826,6.3826,6.3826,6.3826,6.3826,6.3826,6.3826,6.3826,6.3826,6.3826,6.3826,6.3826,6.3826,6.3826,6.3826,6.3826,6.3826,6.3826,6.3826,6.3826,6.3826,6.3826,6.3826,6.3826,6.3826,6.3826,6.3826,6.3826,6.3826,6.3826,6.3826,6.3826,6.3826,6.3826,6.3826,6.3826,6.3826,6.3826,6.3826,6.3826,6.3826,6.3826,6.3826,6.3826,6.3826,6.3826,6.3826,6.3826,6.3826,6.3826,6.3826,6.3826,6.3826,6.3826,6.3826,6.3826,6.3826,6.3826,6.3826,6.3826,6.3826,6.3826,6.3826,6.3826,6.3826,6.3826,6.3826,6.3826,6.3826,6.3826,6.3826,6.3826,6.3826,6.3826,6.3826,6.3826,6.3826,6.3826,6.3826,6.3826,6.3826,6.3826,6.3826,6.3826,6.3826,6.3826,6.3826,6.3826,6.3826,6.3826,6.3826,6.3826,6.3826,6.3826,6.3826,6.3826,6.3826,6.3826,6.3826,6.3826,6.3826,6.3826,6.3826,6.3826,6.3826,6.3826,6.3826,6.3826,6.3826,6.3826,6.3826,6.3826,6.3826,6.3826,6.3826,6.3826,6.3826,6.3826,6.3826,6.3826,6.3826,6.3826,6.3826,6.3826,6.3826,6.3826,6.3826,6.3826,6.3826,6.3826,6.3826,6.3826,6.3826,6.3826,6.3826,6.3826,6.3826,6.3826,6.3826,6.3826,6.3826,6.3826,6.3826,6.3826,6.3826,6.3826,6.3826,6.3826,6.3826,6.3826,6.3826,6.3826,6.3826,6.3826,6.3826,6.3826,6.3826,6.3826,6.3826,6.3826,6.3826,6.3826,6.3826,6.3826,6.3826,6.3826,6.3826,6.3826,6.3826,6.3826,6.3826,6.3826,6.3826,6.3826,6.3826,6.3826,6.3826,6.3826,6.3826,6.3826,6.3826,6.3826,6.3826,6.3826,6.3826,6.3826,6.3826,6.3826,6.3826,6.3826,6.3826,6.3826,6.3826,6.3826,6.3826,6.3826,6.3826,6.3826,6.3826,6.3826,6.3826,6.3826,6.3826,6.3826,6.3826,6.3826,6.3826,6.3826,6.3826,6.3826,6.3826,6.3826,6.3826,6.3826,6.3826,6.3826,6.3826,6.3826,6.3826,6.3826,6.3826,6.3826,6.3826,6.3826,6.3826,6.3826,6.3826,6.3826,6.3826,6.3826,6.3826,6.3826,6.3826,6.3826,6.3826,6.3826,6.3826,6.3826,6.3826,6.3826,6.3826,6.3826,6.3826,6.3826,6.3826,6.3826,6.3826,6.3826,6.3826,6.3826,6.3826,6.3826,6.3826,6.3826,6.3826,6.3826,6.3826,6.3826,6.3826,6.3826,6.3826,6.3826,6.3826,6.3826,6.3826,6.3826,6.3826,6.3826,6.3826,6.3826,6.3826,6.3826,6.3826,6.3826,6.3826,6.3826,6.3826,6.3826,6.3826,6.3826,6.3826,6.3826,6.3826,6.3826,6.3826,6.3826,6.3826,6.3826,6.3826,6.3826,6.3826,6.3826,6.3826,6.3826,6.3826,6.3826,6.3826,6.3826,6.3826,6.3826,6.3826,6.3826,6.3826,6.3826,6.3826,6.3826,6.3826,6.3826,6.3826,6.3826,6.3826,6.3826,6.3826,6.3826,6.3826,6.3826,6.3826,6.3826,6.3826,6.3826,6.3826,6.3826,6.3826,6.3826,6.3826,6.3826,6.3826,6.3826,6.3826,6.3826,6.3826,6.3826,6.3826,6.3826,6.3826,6.3826,6.3826,6.3826,6.3826,6.3826,6.3826,6.3826,6.3826,6.3826,6.3826,6.3826,6.3826,6.3826,6.3826,6.3826,6.3826,6.3826,6.3826,6.3826,6.3826,6.3826,6.3826,6.3826,6.3826,6.3826,6.3826,6.3826,6.3826,6.3826,6.3826,6.3826,6.3826,6.3826,6.3826,6.3826,6.3826,6.3826,6.3826,6.3826,6.3826,6.3826,6.3826,6.3826,6.3826,6.3826,6.3826,6.3826,6.3826,6.3826,6.3826,6.3826,6.3826,6.3826,6.3826,6.3826,6.3826,6.3826,6.3826,6.3826,6.3826,6.3826,6.3826,6.3826,6.3826,6.3826,6.3826,6.3826,6.3826,6.3826,6.3826,6.3826,6.3826,6.3826,6.3826,6.3826,6.3826,6.3826,6.3826,6.3826,6.3826,6.3826,6.3826,6.3826,6.3826,6.3826,6.3826,6.3826,6.3826,6.3826,6.3826,6.3826,6.3826,6.3826,6.3826,6.3826,6.3826,6.3826,6.3826,6.3826,6.3826,6.3826,6.3826,6.3826,6.3826,6.3826,6.3826,6.3826,6.3826,6.3826,6.3826,6.3826,6.3826,6.3826,6.3826,6.3826,6.3826,6.3826,6.3826,6.3826,6.3826,6.3826,6.3826,6.3826,6.3826,6.3826,6.3826,6.3826,6.3826,6.3826,6.3826,6.3826,6.3826,6.3826,6.3826,6.3826,6.3826,6.3826,6.3826,6.3826,6.3826,6.3826,6.3826,6.3826,6.3826,6.3826,6.3826,6.3826,6.3826,6.3826,6.3826,6.3826,6.3826,6.3826,6.3826,6.3826,6.3826,6.3826,6.3826,6.3826,6.3826,6.3826,6.3826,6.3826,6.3826,6.3826,6.3826,6.3826,6.3826,6.3826,6.3826,6.3826,6.3826,6.3826,6.3826,6.3826,6.3826,6.3826,6.3826,6.3826,6.3826,6.3826,6.3826,6.3826,6.3826,6.3826,6.3826,6.3826,6.3826,6.3826,6.3826,6.3826,6.3826,6.3826,6.3826,6.3826,6.3826,6.3826,6.3826,6.3826,6.3826,6.3826,6.3826,6.3826,6.3826,6.3826,6.3826,6.3826,6.3826,6.3826,6.3826,6.3826,6.3826,6.3826,6.3826,6.3826,6.3826,6.3826,6.3826,6.3826,6.3826,6.3826,6.3826,6.3826,6.3826,6.3826,6.3826,6.3826,6.3826,6.3826,6.3826,6.3826,6.3826,6.3826,6.3826,6.3826,6.3826,6.3826,6.3826,6.3826,6.3826,6.3826,6.3826,6.3826,6.3826,6.3826,6.3826,6.3826,6.3826,6.3826,6.3826,6.3826,6.3826,6.3826,6.3826,6.3826,6.3826,6.3826,6.3826,6.3826,6.3826,6.3826,6.3826,6.3826,6.3826,6.3826,6.3826,6.3826,6.3826,6.3826,6.3826,6.3826,6.3826,6.3826,6.3826,6.3826,6.3826,6.3826,6.3826,6.3826,6.3826,6.3826,6.3826,6.3826,6.3826,6.3826,6.3826,6.3826,6.3826,6.3826,6.3826,6.3826,6.3826,6.3826,6.3826,6.3826,6.3826,6.3826,6.3826,6.3826,6.3826,6.3826,6.3826,6.3826,6.3826,6.3826,6.3826,6.3826,6.3826,6.3826,6.3826,6.3826,6.3826,6.3826,6.3826,6.3826,6.3826,6.3826,6.3826,6.3826,6.3826,6.3826,6.3826,6.3826,6.3826,6.3826,6.3826,6.3826,6.3826,6.3826,6.3826,6.3826,6.3826,6.3826,6.3826,6.3826,6.3826,6.3826,6.3826,6.3826,6.3826,6.3826,6.3826,6.3826,6.3826,6.3826,6.3826,6.3826,6.3826,6.3826,6.3826,6.3826,6.3826,6.3826,6.3826,6.3826,6.3826,6.3826,6.3826,6.3826,6.3826,6.3826,6.3826,6.3826,6.3826,6.3826,6.3826,6.3826,6.3826,6.3826,6.3826,6.3826,6.3826,6.3826,6.3826,6.3826,6.3826,6.3826,6.3826,6.3826,6.3826,6.3826,6.3826,6.3826,6.3826,6.3826,6.3826,6.3826,6.3826,6.3826,6.3826,6.3826,6.3826,6.3826,6.3826,6.3826,6.3826,6.3826,6.3826,6.3826,6.3826,6.3826,6.3826,6.3826,6.3826,6.3826,6.3826,6.3826,6.3826,6.3826,6.3826,6.3826,6.3826,6.3826,6.3826,6.3826,6.3826,6.3826,6.3826,6.3826,6.3826,6.3826,6.3826,6.3826,6.3826,6.3826,6.3826,6.3826,6.3826,6.3826,6.3826,6.3826,6.3826,6.3826,6.3826,6.3826,6.3826,6.3826,6.3826,6.3826,6.3826,6.3826,6.3826,6.3826,6.3826,6.3826,6.3826,6.3826,6.3826,6.3826,6.3826,6.3826,6.3826,6.3826,6.3826,6.3826,6.3826,6.3826,6.3826,6.3826,6.3826,6.3826,6.3826,6.3826,6.3826,6.3826,6.3826,6.3826,6.3826,6.3826,6.3826,6.3826,6.3826,6.3826,6.3826,6.3826,6.3826,6.3826,6.3826,6.3826,6.3826,6.3826,6.3826,6.3826,6.3826,6.3826,6.3826,6.3826,6.3826,6.3826,6.3826,6.3826,6.3826,6.3826,6.3826,6.3826,6.3826,6.3826,6.3826,6.3826,6.3826,6.3826,6.3826,6.3826,6.3826,6.3826,6.3826,6.3826,6.3826,6.3826,6.3826,6.3826,6.3826,6.3826,6.3826,6.3826,6.3826,6.3826,6.3826,6.3826,6.3826,6.3826,6.3826,6.3826,6.3826,6.3826,6.3826,6.3826,6.3826,6.3826,6.3826,6.3826,6.3826,6.3826,6.3826,6.3826,6.3826,6.3826,6.3826,6.3826,6.3826,6.3826,6.3826,6.3826,6.3826,6.3826,6.3826,6.3826,6.3826,6.3826,6.3826,6.3826,6.3826,6.3826,6.3826,6.3826,6.3826,6.3826,6.3826,6.3826,6.3826,6.3826,6.3826,6.3826,6.3826,6.3826,6.3826,6.3826,6.3826,6.3826,6.3826,6.3826,6.3826,6.3826,6.3826,6.3826,6.3826,6.3826,6.3826,6.3826,6.3826,6.3826,6.3826,6.3826,6.3826,6.3826
6.3780,6.3780,6.3780,6.3780,6.3780,6.3780,6.3780,6.3780,6.3780,6.3780,6.3780,6.3780,6.3780,6.3780,6.3780,6.3780,6.3780,6.3780,6.3780,6.3780,6.3780,6.3780,6.3780,6.3780,6.3780,6.3780,6.3780,6.3780,6.3780,6.3780,6.3780,6.3780,6.3780,6.3780,6.3780,6.3780,6.3780,6.3780,6.3780,6.3780,6.3780,6.3780,6.3780,6.3780,6.3780,6.3780,6.3780,6.3780,6.3780,6.3780,6.3780,6.3780,6.3780,6.3780,6.3780,6.3780,6.3780,6.3780,6.3780,6.3780,6.3780,6.3780,6.3780,6.3780,6.3780,6.3780,6.3780,6.3780,6.3780,6.3780,6.3780,6.3780,6.3780,6.3780,6.3780,6.3780,6.3780,6.3780,6.3780,6.3780,6.3780,6.3780,6.3780,6.3780,6.3780,6.3780,6.3780,6.3780,6.3780,6.3780,6.3780,6.3780,6.3780,6.3780,6.3780,6.3780,6.3780,6.3780,6.3780,6.3780,6.3780,6.3780,6.3780,6.3780,6.3780,6.3780,6.3780,6.3780,6.3780,6.3780,6.3780,6.3780,6.3780,6.3780,6.3780,6.3780,6.3780,6.3780,6.3780,6.3780,6.3780,6.3780,6.3780,6.3780,6.3780,6.3780,6.3780,6.3780,6.3780,6.3780,6.3780,6.3780,6.3780,6.3780,6.3780,6.3780,6.3780,6.3780,6.3780,6.3780,6.3780,6.3780,6.3780,6.3780,6.3780,6.3780,6.3780,6.3780,6.3780,6.3780,6.3780,6.3780,6.3780,6.3780,6.3780,6.3780,6.3780,6.3780,6.3780,6.3780,6.3780,6.3780,6.3780,6.3780,6.3780,6.3780,6.3780,6.3780,6.3780,6.3780,6.3780,6.3780,6.3780,6.3780,6.3780,6.3780,6.3780,6.3780,6.3780,6.3780,6.3780,6.3780,6.3780,6.3780,6.3780,6.3780,6.3780,6.3780,6.3780,6.3780,6.3780,6.3780,6.3780,6.3780,6.3780,6.3780,6.3780,6.3780,6.3780,6.3780,6.3780,6.3780,6.3780,6.3780,6.3780,6.3780,6.3780,6.3780,6.3780,6.3780,6.3780,6.3780,6.3780,6.3780,6.3780,6.3780,6.3780,6.3780,6.3780,6.3780,6.3780,6.3780,6.3780,6.3780,6.3780,6.3780,6.3780,6.3780,6.3780,6.3780,6.3780,6.3780,6.3780,6.3780,6.3780,6.3780,6.3780,6.3780,6.3780,6.3780,6.3780,6.3780,6.3780,6.3780,6.3780,6.3780,6.3780,6.3780,6.3780,6.3780,6.3780,6.3780,6.3780,6.3780,6.3780,6.3780,6.3780,6.3780,6.3780,6.3780,6.3780,6.3780,6.3780,6.3780,6.3780,6.3780,6.3780,6.3780,6.3780,6.3780,6.3780,6.3780,6.3780,6.3780,6.3780,6.3780,6.3780,6.3780,6.3780,6.3780,6.3780,6.3780,6.3780,6.3780,6.3780,6.3780,6.3780,6.3780,6.3780,6.3780,6.3780,6.3780,6.3780,6.3780,6.3780,6.3780,6.3780,6.3780,6.3780,6.3780,6.3780,6.3780,6.3780,6.3780,6.3780,6.3780,6.3780,6.3780,6.3780,6.3780,6.3780,6.3780,6.3780,6.3780,6.3780,6.3780,6.3780,6.3780,6.3780,6.3780,6.3780,6.3780,6.3780,6.3780,6.3780,6.3780,6.3780,6.3780,6.3780,6.3780,6.3780,6.3780,6.3780,6.3780,6.3780,6.3780,6.3780,6.3780,6.3780,6.3780,6.3780,6.3780,6.3780,6.3780,6.3780,6.3780,6.3780,6.3780,6.3780,6.3780,6.3780,6.3780,6.3780,6.3780,6.3780,6.3780,6.3780,6.3780,6.3780,6.3780,6.3780,6.3780,6.3780,6.3780,6.3780,6.3780,6.3780,6.3780,6.3780,6.3780,6.3780,6.3780,6.3780,6.3780,6.3780,6.3780,6.3780,6.3780,6.3780,6.3780,6.3780,6.3780,6.3780,6.3780,6.3780,6.3780,6.3780,6.3780,6.3780,6.3780,6.3780,6.3780,6.3780,6.3780,6.3780,6.3780,6.3780,6.3780,6.3780,6.3780,6.3780,6.3780,6.3780,6.3780,6.3780,6.3780,6.3780,6.3780,6.3780,6.3780,6.3780,6.3780,6.3780,6.3780,6.3780,6.3780,6.3780,6.3780,6.3780,6.3780,6.3780,6.3780,6.3780,6.3780,6.3780,6.3780,6.3780,6.3780,6.3780,6.3780,6.3780,6.3780,6.3780,6.3780,6.3780,6.3780,6.3780,6.3780,6.3780,6.3780,6.3780,6.3780,6.3780,6.3780,6.3780,6.3780,6.3780,6.3780,6.3780,6.3780,6.3780,6.3780,6.3780,6.3780,6.3780,6.3780,6.3780,6.3780,6.3780,6.3780,6.3780,6.3780,6.3780,6.3780,6.3780,6.3780,6.3780,6.3780,6.3780,6.3780,6.3780,6.3780,6.3780,6.3780,6.3780,6.3780,6.3780,6.3780,6.3780,6.3780,6.3780,6.3780,6.3780,6.3780,6.3780,6.3780,6.3780,6.3780,6.3780,6.3780,6.3780,6.3780,6.3780,6.3780,6.3780,6.3780,6.3780,6.3780,6.3780,6.3780,6.3780,6.3780,6.3780,6.3780,6.3780,6.3780,6.3780,6.3780,6.3780,6.3780,6.3780,6.3780,6.3780,6.3780,6.3780,6.3780,6.3780,6.3780,6.3780,6.3780,6.3780,6.3780,6.3780,6.3780,6.3780,6.3780,6.3780,6.3780,6.3780,6.3780,6.3780,6.3780,6.3780,6.3780,6.3780,6.3780,6.3780,6.3780,6.3780,6.3780,6.3780,6.3780,6.3780,6.3780,6.3780,6.3780,6.3780,6.3780,6.3780,6.3780,6.3780,6.3780,6.3780,6.3780,6.3780,6.3780,6.3780,6.3780,6.3780,6.3780,6.3780,6.3780,6.3780,6.3780,6.3780,6.3780,6.3780,6.3780,6.3780,6.3780,6.3780,6.3780,6.3780,6.3780,6.3780,6.3780,6.3780,6.3780,6.3780,6.3780,6.3780,6.3780,6.3780,6.3780,6.3780,6.3780,6.3780,6.3780,6.3780,6.3780,6.3780,6.3780,6.3780,6.3780,6.3780,6.3780,6.3780,6.3780,6.3780,6.3780,6.3780,6.3780,6.3780,6.3780,6.3780,6.3780,6.3780,6.3780,6.3780,6.3780,6.3780,6.3780,6.3780,6.3780,6.3780,6.3780,6.3780,6.3780,6.3780,6.3780,6.3780,6.3780,6.3780,6.3780,6.3780,6.3780,6.3780,6.3780,6.3780,6.3780,6.3780,6.3780,6.3780,6.3780,6.3780,6.3780,6.3780,6.3780,6.3780,6.3780,6.3780,6.3780,6.3780,6.3780,6.3780,6.3780,6.3780,6.3780,6.3780,6.3780,6.3780,6.3780,6.3780,6.3780,6.3780,6.3780,6.3780,6.3780,6.3780,6.3780,6.3780,6.3780,6.3780,6.3780,6.3780,6.3780,6.3780,6.3780,6.3780,6.3780,6.3780,6.3780,6.3780,6.3780,6.3780,6.3780,6.3780,6.3780,6.3780,6.3780,6.3780,6.3780,6.3780,6.3780,6.3780,6.3780,6.3780,6.3780,6.3780,6.3780,6.3780,6.3780,6.3780,6.3780,6.3780,6.3780,6.3780,6.3780,6.3780,6.3780,6.3780,6.3780,6.3780,6.3780,6.3780,6.3780,6.3780,6.3780,6.3780,6.3780,6.3780,6.3780,6.3780,6.3780,6.3780,6.3780,6.3780,6.3780,6.3780,6.3780,6.3780,6.3780,6.3780,6.3780,6.3780,6.3780,6.3780,6.3780,6.3780,6.3780,6.3780,6.3780,6.3780,6.3780,6.3780,6.3780,6.3780,6.3780,6.3780,6.3780,6.3780,6.3780,6.3780,6.3780,6.3780,6.3780,6.3780,6.3780,6.3780,6.3780,6.3780,6.3780,6.3780,6.3780,6.3780,6.3780,6.3780,6.3780,6.3780,6.3780,6.3780,6.3780,6.3780,6.3780,6.3780,6.3780,6.3780,6.3780,6.3780,6.3780,6.3780,6.3780,6.3780,6.3780,6.3780,6.3780,6.3780,6.3780,6.3780,6.3780,6.3780,6.3780,6.3780,6.3780,6.3780,6.3780,6.3780,6.3780,6.3780,6.3780,6.3780,6.3780,6.3780,6.3780,6.3780,6.3780,6.3780,6.3780,6.3780,6.3780,6.3780,6.3780,6.3780,6.3780,6.3780,6.3780,6.3780,6.3780,6.3780,6.3780,6.3780,6.3780,6.3780,6.3780,6.3780,6.3780,6.3780,6.3780,6.3780,6.3780,6.3780,6.3780,6.3780,6.3780,6.3780,6.3780,6.3780,6.3780,6.3780,6.3780,6.3780,6.3780,6.3780,6.3780,6.3780,6.3780,6.3780,6.3780,6.3780,6.3780,6.3780,6.3780,6.3780,6.3780,6.3780,6.3780,6.3780,6.3780,6.3780,6.3780,6.3780,6.3780,6.3780,6.3780,6.3780,6.3780,6.3780,6.3780,6.3780,6.3780,6.3780,6.3780,6.3780,6.3780,6.3780,6.3780,6.3780,6.3780,6.3780,6.3780,6.3780,6.3780,6.3780,6.3780,6.3780,6.3780,6.3780,6.3780,6.3780,6.3780,6.3780,6.3780,6.3780,6.3780,6.3780,6.3780,6.3780,6.3780,6.3780,6.3780,6.3780,6.3780,6.3780,6.3780,6.3780,6.3780,6.3780,6.3780,6.3780,6.3780,6.3780,6.3780,6.3780,6.3780,6.3780,6.3780,6.3780,6.3780,6.3780,6.3780,6.3780,6.3780,6.3780,6.3780,6.3780,6.3780,6.3780,6.3780,6.3780,6.3780,6.3780,6.3780,6.3780,6.3780,6.3780,6.3780,6.3780,6.3780,6.3780,6.3780,6.3780,6.3780,6.3780,6.3780,6.3780,6.3780,6.3780,6.3780,6.3780,6.3780,6.3780,6.3780,6.3780,6.3780,6.3780,6.3780,6.3780,6.3780,6.3780,6.3780,6.3780,6.3780,6.3780,6.3780,6.3780,6.3780,6.3780,6.3780,6.3780,6.3780
6.3737,6.3737,6.3737,6.3737,6.3737,6.3737,6.3737,6.3737,6.3737,6.3737,6.3737,6.3737,6.3737,6.3737,6.3737,6.3737,6.3737,6.3737,6.3737,6.3737,6.3737,6.3737,6.3737,6.3737,6.3737,6.3737,6.3737,6.3737,6.3737,6.3737,6.3737,6.3737,6.3737,6.3737,6.3737,6.3737,6.3737,6.3737,6.3737,6.3737,6.3737,6.3737,6.3737,6.3737,6.3737,6.3737,6.3737,6.3737,6.3737,6.3737,6.3737,6.3737,6.3737,6.3737,6.3737,6.3737,6.3737,6.3737,6.3737,6.3737,6.3737,6.3737,6.3737,6.3737,6.3737,6.3737,6.3737,6.3737,6.3737,6.3737,6.3737,6.3737,6.3737,6.3737,6.3737,6.3737,6.3737,6.3737,6.3737,6.3737,6.3737,6.3737,6.3737,6.3737,6.3737,6.3737,6.3737,6.3737,6.3737,6.3737,6.3737,6.3737,6.3737,6.3737,6.3737,6.3737,6.3737,6.3737,6.3737,6.3737,6.3737,6.3737,6.3737,6.3737,6.3737,6.3737,6.3737,6.3737,6.3737,6.3737,6.3737,6.3737,6.3737,6.3737,6.3737,6.3737,6.3737,6.3737,6.3737,6.3737,6.3737,6.3737,6.3737,6.3737,6.3737,6.3737,6.3737,6.3737,6.3737,6.3737,6.3737,6.3737,6.3737,6.3737,6.3737,6.3737,6.3737,6.3737,6.3737,6.3737,6.3737,6.3737,6.3737,6.3737,6.3737,6.3737,6.3737,6.3737,6.3737,6.3737,6.3737,6.3737,6.3737,6.3737,6.3737,6.3737,6.3737,6.3737,6.3737,6.3737,6.3737,6.3737,6.3737,6.3737,6.3737,6.3737,6.3737,6.3737,6.3737,6.3737,6.3737,6.3737,6.3737,6.3737,6.3737,6.3737,6.3737,6.3737,6.3737,6.3737,6.3737,6.3737,6.3737,6.3737,6.3737,6.3737,6.3737,6.3737,6.3737,6.3737,6.3737,6.3737,6.3737,6.3737,6.3737,6.3737,6.3737,6.3737,6.3737,6.3737,6.3737,6.3737,6.3737,6.3737,6.3737,6.3737,6.3737,6.3737,6.3737,6.3737,6.3737,6.3737,6.3737,6.3737,6.3737,6.3737,6.3737,6.3737,6.3737,6.3737,6.3737,6.3737,6.3737,6.3737,6.3737,6.3737,6.3737,6.3737,6.3737,6.3737,6.3737,6.3737,6.3737,6.3737,6.3737,6.3737,6.3737,6.3737,6.3737,6.3737,6.3737,6.3737,6.3737,6.3737,6.3737,6.3737,6.3737,6.3737,6.3737,6.3737,6.3737,6.3737,6.3737,6.3737,6.3737,6.3737,6.3737,6.3737,6.3737,6.3737,6.3737,6.3737,6.3737,6.3737,6.3737,6.3737,6.3737,6.3737,6.3737,6.3737,6.3737,6.3737,6.3737,6.3737,6.3737,6.3737,6.3737,6.3737,6.3737,6.3737,6.3737,6.3737,6.3737,6.3737,6.3737,6.3737,6.3737,6.3737,6.3737,6.3737,6.3737,6.3737,6.3737,6.3737,6.3737,6.3737,6.3737,6.3737,6.3737,6.3737,6.3737,6.3737,6.3737,6.3737,6.3737,6.3737,6.3737,6.3737,6.3737,6.3737,6.3737,6.3737,6.3737,6.3737,6.3737,6.3737,6.3737,6.3737,6.3737,6.3737,6.3737,6.3737,6.3737,6.3737,6.3737,6.3737,6.3737,6.3737,6.3737,6.3737,6.3737,6.3737,6.3737,6.3737,6.3737,6.3737,6.3737,6.3737,6.3737,6.3737,6.3737,6.3737,6.3737,6.3737,6.3737,6.3737,6.3737,6.3737,6.3737,6.3737,6.3737,6.3737,6.3737,6.3737,6.3737,6.3737,6.3737,6.3737,6.3737,6.3737,6.3737,6.3737,6.3737,6.3737,6.3737,6.3737,6.3737,6.3737,6.3737,6.3737,6.3737,6.3737,6.3737,6.3737,6.3737,6.3737,6.3737,6.3737,6.3737,6.3737,6.3737,6.3737,6.3737,6.3737,6.3737,6.3737,6.3737,6.3737,6.3737,6.3737,6.3737,6.3737,6.3737,6.3737,6.3737,6.3737,6.3737,6.3737,6.3737,6.3737,6.3737,6.3737,6.3737,6.3737,6.3737,6.3737,6.3737,6.3737,6.3737,6.3737,6.3737,6.3737,6.3737,6.3737,6.3737,6.3737,6.3737,6.3737,6.3737,6.3737,6.3737,6.3737,6.3737,6.3737,6.3737,6.3737,6.3737,6.3737,6.3737,6.3737,6.3737,6.3737,6.3737,6.3737,6.3737,6.3737,6.3737,6.3737,6.3737,6.3737,6.3737,6.3737,6.3737,6.3737,6.3737,6.3737,6.3737,6.3737,6.3737,6.3737,6.3737,6.3737,6.3737,6.3737,6.3737,6.3737,6.3737,6.3737,6.3737,6.3737,6.3737,6.3737,6.3737,6.3737,6.3737,6.3737,6.3737,6.3737,6.3737,6.3737,6.3737,6.3737,6.3737,6.3737,6.3737,6.3737,6.3737,6.3737,6.3737,6.3737,6.3737,6.3737,6.3737,6.3737,6.3737,6.3737,6.3737,6.3737,6.3737,6.3737,6.3737,6.3737,6.3737,6.3737,6.3737,6.3737,6.3737,6.3737,6.3737,6.3737,6.3737,6.3737,6.3737,6.3737,6.3737,6.3737,6.3737,6.3737,6.3737,6.3737,6.3737,6.3737,6.3737,6.3737,6.3737,6.3737,6.3737,6.3737,6.3737,6.3737,6.3737,6.3737,6.3737,6.3737,6.3737,6.3737,6.3737,6.3737,6.3737,6.3737,6.3737,6.3737,6.3737,6.3737,6.3737,6.3737,6.3737,6.3737,6.3737,6.3737,6.3737,6.3737,6.3737,6.3737,6.3737,6.3737,6.3737,6.3737,6.3737,6.3737,6.3737,6.3737,6.3737,6.3737,6.3737,6.3737,6.3737,6.3737,6.3737,6.3737,6.3737,6.3737,6.3737,6.3737,6.3737,6.3737,6.3737,6.3737,6.3737,6.3737,6.3737,6.3737,6.3737,6.3737,6.3737,6.3737,6.3737,6.3737,6.3737,6.3737,6.3737,6.3737,6.3737,6.3737,6.3737,6.3737,6.3737,6.3737,6.3737,6.3737,6.3737,6.3737,6.3737,6.3737,6.3737,6.3737,6.3737,6.3737,6.3737,6.3737,6.3737,6.3737,6.3737,6.3737,6.3737,6.3737,6.3737,6.3737,6.3737,6.3737,6.3737,6.3737,6.3737,6.3737,6.3737,6.3737,6.3737,6.3737,6.3737,6.3737,6.3737,6.3737,6.3737,6.3737,6.3737,6.3737,6.3737,6.3737,6.3737,6.3737,6.3737,6.3737,6.3737,6.3737,6.3737,6.3737,6.3737,6.3737,6.3737,6.3737,6.3737,6.3737,6.3737,6.3737,6.3737,6.3737,6.3737,6.3737,6.3737,6.3737,6.3737,6.3737,6.3737,6.3737,6.3737,6.3737,6.3737,6.3737,6.3737,6.3737,6.3737,6.3737,6.3737,6.3737,6.3737,6.3737,6.3737,6.3737,6.3737,6.3737,6.3737,6.3737,6.3737,6.3737,6.3737,6.3737,6.3737,6.3737,6.3737,6.3737,6.3737,6.3737,6.3737,6.3737,6.3737,6.3737,6.3737,6.3737,6.3737,6.3737,6.3737,6.3737,6.3737,6.3737,6.3737,6.3737,6.3737,6.3737,6.3737,6.3737,6.3737,6.3737,6.3737,6.3737,6.3737,6.3737,6.3737,6.3737,6.3737,6.3737,6.3737,6.3737,6.3737,6.3737,6.3737,6.3737,6.3737,6.3737,6.3737,6.3737,6.3737,6.3737,6.3737,6.3737,6.3737,6.3737,6.3737,6.3737,6.3737,6.3737,6.3737,6.3737,6.3737,6.3737,6.3737,6.3737,6.3737,6.3737,6.3737,6.3737,6.3737,6.3737,6.3737,6.3737,6.3737,6.3737,6.3737,6.3737,6.3737,6.3737,6.3737,6.3737,6.3737,6.3737,6.3737,6.3737,6.3737,6.3737,6.3737,6.3737,6.3737,6.3737,6.3737,6.3737,6.3737,6.3737,6.3737,6.3737,6.3737,6.3737,6.3737,6.3737,6.3737,6.3737,6.3737,6.3737,6.3737,6.3737,6.3737,6.3737,6.3737,6.3737,6.3737,6.3737,6.3737,6.3737,6.3737,6.3737,6.3737,6.3737,6.3737,6.3737,6.3737,6.3737,6.3737,6.3737,6.3737,6.3737,6.3737,6.3737,6.3737,6.3737,6.3737,6.3737,6.3737,6.3737,6.3737,6.3737,6.3737,6.3737,6.3737,6.3737,6.3737,6.3737,6.3737,6.3737,6.3737,6.3737,6.3737,6.3737,6.3737,6.3737,6.3737,6.3737,6.3737,6.3737,6.3737,6.3737,6.3737,6.3737,6.3737,6.3737,6.3737,6.3737,6.3737,6.3737,6.3737,6.3737,6.3737,6.3737,6.3737,6.3737,6.3737,6.3737,6.3737,6.3737,6.3737,6.3737,6.3737,6.3737,6.3737,6.3737,6.3737,6.3737,6.3737,6.3737,6.3737,6.3737,6.3737,6.3737,6.3737,6.3737,6.3737,6.3737,6.3737,6.3737,6.3737,6.3737,6.3737,6.3737,6.3737,6.3737,6.3737,6.3737,6.3737,6.3737,6.3737,6.3737,6.3737,6.3737,6.3737,6.3737,6.3737,6.3737,6.3737,6.3737,6.3737,6.3737,6.3737,6.3737,6.3737,6.3737,6.3737,6.3737,6.3737,6.3737,6.3737,6.3737,6.3737,6.3737,6.3737,6.3737,6.3737,6.3737,6.3737,6.3737,6.3737,6.3737,6.3737,6.3737,6.3737,6.3737,6.3737,6.3737,6.3737,6.3737,6.3737,6.3737,6.3737,6.3737,6.3737,6.3737,6.3737,6.3737,6.3737,6.3737,6.3737,6.3737,6.3737,6.3737,6.3737,6.3737,6.3737,6.3737,6.3737,6.3737,6.3737,6.3737,6.3737,6.3737,6.3737,6.3737,6.3737,6.3737,6.3737,6.3737,6.3737,6.3737,6.3737,6.3737,6.3737,6.3737,6.3737,6.3737,6.3737,6.3737,6.3737,6.3737,6.3737,6.3737
6.3691,6.3691,6.3691,6.3691,6.3691,6.3691,6.3691,6.3691,6.3691,6.3691,6.3691,6.3691,6.3691,6.3691,6.3691,6.3691,6.3691,6.3691,6.3691,6.3691,6.3691,6.3691,6.3691,6.3691,6.3691,6.3691,6.3691,6.3691,6.3691,6.3691,6.3691,6.3691,6.3691,6.3691,6.3691,6.3691,6.3691,6.3691,6.3691,6.3691,6.3691,6.3691,6.3691,6.3691,6.3691,6.3691,6.3691,6.3691,6.3691,6.3691,6.3691,6.3691,6.3691,6.3691,6.3691,6.3691,6.3691,6.3691,6.3691,6.3691,6.3691,6.3691,6.3691,6.3691,6.3691,6.3691,6.3691,6.3691,6.3691,6.3691,6.3691,6.3691,6.3691,6.3691,6.3691,6.3691,6.3691,6.3691,6.3691,6.3691,6.3691,6.3691,6.3691,6.3691,6.3691,6.3691,6.3691,6.3691,6.3691,6.3691,6.3691,6.3691,6.3691,6.3691,6.3691,6.3691,6.3691,6.3691,6.3691,6.3691,6.3691,6.3691,6.3691,6.3691,6.3691,6.3691,6.3691,6.3691,6.3691,6.3691,6.3691,6.3691,6.3691,6.3691,6.3691,6.3691,6.3691,6.3691,6.3691,6.3691,6.3691,6.3691,6.3691,6.3691,6.3691,6.3691,6.3691,6.3691,6.3691,6.3691,6.3691,6.3691,6.3691,6.3691,6.3691,6.3691,6.3691,6.3691,6.3691,6.3691,6.3691,6.3691,6.3691,6.3691,6.3691,6.3691,6.3691,6.3691,6.3691,6.3691,6.3691,6.3691,6.3691,6.3691,6.3691,6.3691,6.3691,6.3691,6.3691,6.3691,6.3691,6.3691,6.3691,6.3691,6.3691,6.3691,6.3691,6.3691,6.3691,6.3691,6.3691,6.3691,6.3691,6.3691,6.3691,6.3691,6.3691,6.3691,6.3691,6.3691,6.3691,6.3691,6.3691,6.3691,6.3691,6.3691,6.3691,6.3691,6.3691,6.3691,6.3691,6.3691,6.3691,6.3691,6.3691,6.3691,6.3691,6.3691,6.3691,6.3691,6.3691,6.3691,6.3691,6.3691,6.3691,6.3691,6.3691,6.3691,6.3691,6.3691,6.3691,6.3691,6.3691,6.3691,6.3691,6.3691,6.3691,6.3691,6.3691,6.3691,6.3691,6.3691,6.3691,6.3691,6.3691,6.3691,6.3691,6.3691,6.3691,6.3691,6.3691,6.3691,6.3691,6.3691,6.3691,6.3691,6.3691,6.3691,6.3691,6.3691,6.3691,6.3691,6.3691,6.3691,6.3691,6.3691,6.3691,6.3691,6.3691,6.3691,6.3691,6.3691,6.3691,6.3691,6.3691,6.3691,6.3691,6.3691,6.3691,6.3691,6.3691,6.3691,6.3691,6.3691,6.3691,6.3691,6.3691,6.3691,6.3691,6.3691,6.3691,6.3691,6.3691,6.3691,6.3691,6.3691,6.3691,6.3691,6.3691,6.3691,6.3691,6.3691,6.3691,6.3691,6.3691,6.3691,6.3691,6.3691,6.3691,6.3691,6.3691,6.3691,6.3691,6.3691,6.3691,6.3691,6.3691,6.3691,6.3691,6.3691,6.3691,6.3691,6.3691,6.3691,6.3691,6.3691,6.3691,6.3691,6.3691,6.3691,6.3691,6.3691,6.3691,6.3691,6.3691,6.3691,6.3691,6.3691,6.3691,6.3691,6.3691,6.3691,6.3691,6.3691,6.3691,6.3691,6.3691,6.3691,6.3691,6.3691,6.3691,6.3691,6.3691,6.3691,6.3691,6.3691,6.3691,6.3691,6.3691,6.3691,6.3691,6.3691,6.3691,6.3691,6.3691,6.3691,6.3691,6.3691,6.3691,6.3691,6.3691,6.3691,6.3691,6.3691,6.3691,6.3691,6.3691,6.3691,6.3691,6.3691,6.3691,6.3691,6.3691,6.3691,6.3691,6.3691,6.3691,6.3691,6.3691,6.3691,6.3691,6.3691,6.3691,6.3691,6.3691,6.3691,6.3691,6.3691,6.3691,6.3691,6.3691,6.3691,6.3691,6.3691,6.3691,6.3691,6.3691,6.3691,6.3691,6.3691,6.3691,6.3691,6.3691,6.3691,6.3691,6.3691,6.3691,6.3691,6.3691,6.3691,6.3691,6.3691,6.3691,6.3691,6.3691,6.3691,6.3691,6.3691,6.3691,6.3691,6.3691,6.3691,6.3691,6.3691,6.3691,6.3691,6.3691,6.3691,6.3691,6.3691,6.3691,6.3691,6.3691,6.3691,6.3691,6.3691,6.3691,6.3691,6.3691,6.3691,6.3691,6.3691,6.3691,6.3691,6.3691,6.3691,6.3691,6.3691,6.3691,6.3691,6.3691,6.3691,6.3691,6.3691,6.3691,6.3691,6.3691,6.3691,6.3691,6.3691,6.3691,6.3691,6.3691,6.3691,6.3691,6.3691,6.3691,6.3691,6.3691,6.3691,6.3691,6.3691,6.3691,6.3691,6.3691,6.3691,6.3691,6.3691,6.3691,6.3691,6.3691,6.3691,6.3691,6.3691,6.3691,6.3691,6.3691,6.3691,6.3691,6.3691,6.3691,6.3691,6.3691,6.3691,6.3691,6.3691,6.3691,6.3691,6.3691,6.3691,6.3691,6.3691,6.3691,6.3691,6.3691,6.3691,6.3691,6.3691,6.3691,6.3691,6.3691,6.3691,6.3691,6.3691,6.3691,6.3691,6.3691,6.3691,6.3691,6.3691,6.3691,6.3691,6.3691,6.3691,6.3691,6.3691,6.3691,6.3691,6.3691,6.3691,6.3691,6.3691,6.3691,6.3691,6.3691,6.3691,6.3691,6.3691,6.3691,6.3691,6.3691,6.3691,6.3691,6.3691,6.3691,6.3691,6.3691,6.3691,6.3691,6.3691,6.3691,6.3691,6.3691,6.3691,6.3691,6.3691,6.3691,6.3691,6.3691,6.3691,6.3691,6.3691,6.3691,6.3691,6.3691,6.3691,6.3691,6.3691,6.3691,6.3691,6.3691,6.3691,6.3691,6.3691,6.3691,6.3691,6.3691,6.3691,6.3691,6.3691,6.3691,6.3691,6.3691,6.3691,6.3691,6.3691,6.3691,6.3691,6.3691,6.3691,6.3691,6.3691,6.3691,6.3691,6.3691,6.3691,6.3691,6.3691,6.3691,6.3691,6.3691,6.3691,6.3691,6.3691,6.3691,6.3691,6.3691,6.3691,6.3691,6.3691,6.3691,6.3691,6.3691,6.3691,6.3691,6.3691,6.3691,6.3691,6.3691,6.3691,6.3691,6.3691,6.3691,6.3691,6.3691,6.3691,6.3691,6.3691,6.3691,6.3691,6.3691,6.3691,6.3691,6.3691,6.3691,6.3691,6.3691,6.3691,6.3691,6.3691,6.3691,6.3691,6.3691,6.3691,6.3691,6.3691,6.3691,6.3691,6.3691,6.3691,6.3691,6.3691,6.3691,6.3691,6.3691,6.3691,6.3691,6.3691,6.3691,6.3691,6.3691,6.3691,6.3691,6.3691,6.3691,6.3691,6.3691,6.3691,6.3691,6.3691,6.3691,6.3691,6.3691,6.3691,6.3691,6.3691,6.3691,6.3691,6.3691,6.3691,6.3691,6.3691,6.3691,6.3691,6.3691,6.3691,6.3691,6.3691,6.3691,6.3691,6.3691,6.3691,6.3691,6.3691,6.3691,6.3691,6.3691,6.3691,6.3691,6.3691,6.3691,6.3691,6.3691,6.3691,6.3691,6.3691,6.3691,6.3691,6.3691,6.3691,6.3691,6.3691,6.3691,6.3691,6.3691,6.3691,6.3691,6.3691,6.3691,6.3691,6.3691,6.3691,6.3691,6.3691,6.3691,6.3691,6.3691,6.3691,6.3691,6.3691,6.3691,6.3691,6.3691,6.3691,6.3691,6.3691,6.3691,6.3691,6.3691,6.3691,6.3691,6.3691,6.3691,6.3691,6.3691,6.3691,6.3691,6.3691,6.3691,6.3691,6.3691,6.3691,6.3691,6.3691,6.3691,6.3691,6.3691,6.3691,6.3691,6.3691,6.3691,6.3691,6.3691,6.3691,6.3691,6.3691,6.3691,6.3691,6.3691,6.3691,6.3691,6.3691,6.3691,6.3691,6.3691,6.3691,6.3691,6.3691,6.3691,6.3691,6.3691,6.3691,6.3691,6.3691,6.3691,6.3691,6.3691,6.3691,6.3691,6.3691,6.3691,6.3691,6.3691,6.3691,6.3691,6.3691,6.3691,6.3691,6.3691,6.3691,6.3691,6.3691,6.3691,6.3691,6.3691,6.3691,6.3691,6.3691,6.3691,6.3691,6.3691,6.3691,6.3691,6.3691,6.3691,6.3691,6.3691,6.3691,6.3691,6.3691,6.3691,6.3691,6.3691,6.3691,6.3691,6.3691,6.3691,6.3691,6.3691,6.3691,6.3691,6.3691,6.3691,6.3691,6.3691,6.3691,6.3691,6.3691,6.3691,6.3691,6.3691,6.3691,6.3691,6.3691,6.3691,6.3691,6.3691,6.3691,6.3691,6.3691,6.3691,6.3691,6.3691,6.3691,6.3691,6.3691,6.3691,6.3691,6.3691,6.3691,6.3691,6.3691,6.3691,6.3691,6.3691,6.3691,6.3691,6.3691,6.3691,6.3691,6.3691,6.3691,6.3691,6.3691,6.3691,6.3691,6.3691,6.3691,6.3691,6.3691,6.3691,6.3691,6.3691,6.3691,6.3691,6.3691,6.3691,6.3691,6.3691,6.3691,6.3691,6.3691,6.3691,6.3691,6.3691,6.3691,6.3691,6.3691,6.3691,6.3691,6.3691,6.3691,6.3691,6.3691,6.3691,6.3691,6.3691,6.3691,6.3691,6.3691,6.3691,6.3691,6.3691,6.3691,6.3691,6.3691,6.3691,6.3691,6.3691,6.3691,6.3691,6.3691,6.3691,6.3691,6.3691,6.3691,6.3691,6.3691,6.3691,6.3691,6.3691,6.3691,6.3691,6.3691,6.3691,6.3691,6.3691,6.3691,6.3691,6.3691,6.3691,6.3691,6.3691,6.3691,6.3691,6.3691,6.3691,6.3691,6.3691,6.3691,6.3691,6.3691,6.3691,6.3691,6.3691,6.3691,6.3691,6.3691,6.3691,6.3691,6.3691,6.3691,6.3691,6.3691,6.3691,6.3691,6.3691,6.3691,6.3691,6.3691
6.3645,6.3645,6.3645,6.3645,6.3645,6.3645,6.3645,6.3645,6.3645,6.3645,6.3645,6.3645,6.3645,6.3645,6.3645,6.3645,6.3645,6.3645,6.3645,6.3645,6.3645,6.3645,6.3645,6.3645,6.3645,6.3645,6.3645,6.3645,6.3645,6.3645,6.3645,6.3645,6.3645,6.3645,6.3645,6.3645,6.3645,6.3645,6.3645,6.3645,6.3645,6.3645,6.3645,6.3645,6.3645,6.3645,6.3645,6.3645,6.3645,6.3645,6.3645,6.3645,6.3645,6.3645,6.3645,6.3645,6.3645,6.3645,6.3645,6.3645,6.3645,6.3645,6.3645,6.3645,6.3645,6.3645,6.3645,6.3645,6.3645,6.3645,6.3645,6.3645,6.3645,6.3645,6.3645,6.3645,6.3645,6.3645,6.3645,6.3645,6.3645,6.3645,6.3645,6.3645,6.3645,6.3645,6.3645,6.3645,6.3645,6.3645,6.3645,6.3645,6.3645,6.3645,6.3645,6.3645,6.3645,6.3645,6.3645,6.3645,6.3645,6.3645,6.3645,6.3645,6.3645,6.3645,6.3645,6.3645,6.3645,6.3645,6.3645,6.3645,6.3645,6.3645,6.3645,6.3645,6.3645,6.3645,6.3645,6.3645,6.3645,6.3645,6.3645,6.3645,6.3645,6.3645,6.3645,6.3645,6.3645,6.3645,6.3645,6.3645,6.3645,6.3645,6.3645,6.3645,6.3645,6.3645,6.3645,6.3645,6.3645,6.3645,6.3645,6.3645,6.3645,6.3645,6.3645,6.3645,6.3645,6.3645,6.3645,6.3645,6.3645,6.3645,6.3645,6.3645,6.3645,6.3645,6.3645,6.3645,6.3645,6.3645,6.3645,6.3645,6.3645,6.3645,6.3645,6.3645,6.3645,6.3645,6.3645,6.3645,6.3645,6.3645,6.3645,6.3645,6.3645,6.3645,6.3645,6.3645,6.3645,6.3645,6.3645,6.3645,6.3645,6.3645,6.3645,6.3645,6.3645,6.3645,6.3645,6.3645,6.3645,6.3645,6.3645,6.3645,6.3645,6.3645,6.3645,6.3645,6.3645,6.3645,6.3645,6.3645,6.3645,6.3645,6.3645,6.3645,6.3645,6.3645,6.3645,6.3645,6.3645,6.3645,6.3645,6.3645,6.3645,6.3645,6.3645,6.3645,6.3645,6.3645,6.3645,6.3645,6.3645,6.3645,6.3645,6.3645,6.3645,6.3645,6.3645,6.3645,6.3645,6.3645,6.3645,6.3645,6.3645,6.3645,6.3645,6.3645,6.3645,6.3645,6.3645,6.3645,6.3645,6.3645,6.3645,6.3645,6.3645,6.3645,6.3645,6.3645,6.3645,6.3645,6.3645,6.3645,6.3645,6.3645,6.3645,6.3645,6.3645,6.3645,6.3645,6.3645,6.3645,6.3645,6.3645,6.3645,6.3645,6.3645,6.3645,6.3645,6.3645,6.3645,6.3645,6.3645,6.3645,6.3645,6.3645,6.3645,6.3645,6.3645,6.3645,6.3645,6.3645,6.3645,6.3645,6.3645,6.3645,6.3645,6.3645,6.3645,6.3645,6.3645,6.3645,6.3645,6.3645,6.3645,6.3645,6.3645,6.3645,6.3645,6.3645,6.3645,6.3645,6.3645,6.3645,6.3645,6.3645,6.3645,6.3645,6.3645,6.3645,6.3645,6.3645,6.3645,6.3645,6.3645,6.3645,6.3645,6.3645,6.3645,6.3645,6.3645,6.3645,6.3645,6.3645,6.3645,6.3645,6.3645,6.3645,6.3645,6.3645,6.3645,6.3645,6.3645,6.3645,6.3645,6.3645,6.3645,6.3645,6.3645,6.3645,6.3645,6.3645,6.3645,6.3645,6.3645,6.3645,6.3645,6.3645,6.3645,6.3645,6.3645,6.3645,6.3645,6.3645,6.3645,6.3645,6.3645,6.3645,6.3645,6.3645,6.3645,6.3645,6.3645,6.3645,6.3645,6.3645,6.3645,6.3645,6.3645,6.3645,6.3645,6.3645,6.3645,6.3645,6.3645,6.3645,6.3645,6.3645,6.3645,6.3645,6.3645,6.3645,6.3645,6.3645,6.3645,6.3645,6.3645,6.3645,6.3645,6.3645,6.3645,6.3645,6.3645,6.3645,6.3645,6.3645,6.3645,6.3645,6.3645,6.3645,6.3645,6.3645,6.3645,6.3645,6.3645,6.3645,6.3645,6.3645,6.3645,6.3645,6.3645,6.3645,6.3645,6.3645,6.3645,6.3645,6.3645,6.3645,6.3645,6.3645,6.3645,6.3645,6.3645,6.3645,6.3645,6.3645,6.3645,6.3645,6.3645,6.3645,6.3645,6.3645,6.3645,6.3645,6.3645,6.3645,6.3645,6.3645,6.3645,6.3645,6.3645,6.3645,6.3645,6.3645,6.3645,6.3645,6.3645,6.3645,6.3645,6.3645,6.3645,6.3645,6.3645,6.3645,6.3645,6.3645,6.3645,6.3645,6.3645,6.3645,6.3645,6.3645,6.3645,6.3645,6.3645,6.3645,6.3645,6.3645,6.3645,6.3645,6.3645,6.3645,6.3645,6.3645,6.3645,6.3645,6.3645,6.3645,6.3645,6.3645,6.3645,6.3645,6.3645,6.3645,6.3645,6.3645,6.3645,6.3645,6.3645,6.3645,6.3645,6.3645,6.3645,6.3645,6.3645,6.3645,6.3645,6.3645,6.3645,6.3645,6.3645,6.3645,6.3645,6.3645,6.3645,6.3645,6.3645,6.3645,6.3645,6.3645,6.3645,6.3645,6.3645,6.3645,6.3645,6.3645,6.3645,6.3645,6.3645,6.3645,6.3645,6.3645,6.3645,6.3645,6.3645,6.3645,6.3645,6.3645,6.3645,6.3645,6.3645,6.3645,6.3645,6.3645,6.3645,6.3645,6.3645,6.3645,6.3645,6.3645,6.3645,6.3645,6.3645,6.3645,6.3645,6.3645,6.3645,6.3645,6.3645,6.3645,6.3645,6.3645,6.3645,6.3645,6.3645,6.3645,6.3645,6.3645,6.3645,6.3645,6.3645,6.3645,6.3645,6.3645,6.3645,6.3645,6.3645,6.3645,6.3645,6.3645,6.3645,6.3645,6.3645,6.3645,6.3645,6.3645,6.3645,6.3645,6.3645,6.3645,6.3645,6.3645,6.3645,6.3645,6.3645,6.3645,6.3645,6.3645,6.3645,6.3645,6.3645,6.3645,6.3645,6.3645,6.3645,6.3645,6.3645,6.3645,6.3645,6.3645,6.3645,6.3645,6.3645,6.3645,6.3645,6.3645,6.3645,6.3645,6.3645,6.3645,6.3645,6.3645,6.3645,6.3645,6.3645,6.3645,6.3645,6.3645,6.3645,6.3645,6.3645,6.3645,6.3645,6.3645,6.3645,6.3645,6.3645,6.3645,6.3645,6.3645,6.3645,6.3645,6.3645,6.3645,6.3645,6.3645,6.3645,6.3645,6.3645,6.3645,6.3645,6.3645,6.3645,6.3645,6.3645,6.3645,6.3645,6.3645,6.3645,6.3645,6.3645,6.3645,6.3645,6.3645,6.3645,6.3645,6.3645,6.3645,6.3645,6.3645,6.3645,6.3645,6.3645,6.3645,6.3645,6.3645,6.3645,6.3645,6.3645,6.3645,6.3645,6.3645,6.3645,6.3645,6.3645,6.3645,6.3645,6.3645,6.3645,6.3645,6.3645,6.3645,6.3645,6.3645,6.3645,6.3645,6.3645,6.3645,6.3645,6.3645,6.3645,6.3645,6.3645,6.3645,6.3645,6.3645,6.3645,6.3645,6.3645,6.3645,6.3645,6.3645,6.3645,6.3645,6.3645,6.3645,6.3645,6.3645,6.3645,6.3645,6.3645,6.3645,6.3645,6.3645,6.3645,6.3645,6.3645,6.3645,6.3645,6.3645,6.3645,6.3645,6.3645,6.3645,6.3645,6.3645,6.3645,6.3645,6.3645,6.3645,6.3645,6.3645,6.3645,6.3645,6.3645,6.3645,6.3645,6.3645,6.3645,6.3645,6.3645,6.3645,6.3645,6.3645,6.3645,6.3645,6.3645,6.3645,6.3645,6.3645,6.3645,6.3645,6.3645,6.3645,6.3645,6.3645,6.3645,6.3645,6.3645,6.3645,6.3645,6.3645,6.3645,6.3645,6.3645,6.3645,6.3645,6.3645,6.3645,6.3645,6.3645,6.3645,6.3645,6.3645,6.3645,6.3645,6.3645,6.3645,6.3645,6.3645,6.3645,6.3645,6.3645,6.3645,6.3645,6.3645,6.3645,6.3645,6.3645,6.3645,6.3645,6.3645,6.3645,6.3645,6.3645,6.3645,6.3645,6.3645,6.3645,6.3645,6.3645,6.3645,6.3645,6.3645,6.3645,6.3645,6.3645,6.3645,6.3645,6.3645,6.3645,6.3645,6.3645,6.3645,6.3645,6.3645,6.3645,6.3645,6.3645,6.3645,6.3645,6.3645,6.3645,6.3645,6.3645,6.3645,6.3645,6.3645,6.3645,6.3645,6.3645,6.3645,6.3645,6.3645,6.3645,6.3645,6.3645,6.3645,6.3645,6.3645,6.3645,6.3645,6.3645,6.3645,6.3645,6.3645,6.3645,6.3645,6.3645,6.3645,6.3645,6.3645,6.3645,6.3645,6.3645,6.3645,6.3645,6.3645,6.3645,6.3645,6.3645,6.3645,6.3645,6.3645,6.3645,6.3645,6.3645,6.3645,6.3645,6.3645,6.3645,6.3645,6.3645,6.3645,6.3645,6.3645,6.3645,6.3645,6.3645,6.3645,6.3645,6.3645,6.3645,6.3645,6.3645,6.3645,6.3645,6.3645,6.3645,6.3645,6.3645,6.3645,6.3645,6.3645,6.3645,6.3645,6.3645,6.3645,6.3645,6.3645,6.3645,6.3645,6.3645,6.3645,6.3645,6.3645,6.3645,6.3645,6.3645,6.3645,6.3645,6.3645,6.3645,6.3645,6.3645,6.3645,6.3645,6.3645,6.3645,6.3645,6.3645,6.3645,6.3645,6.3645,6.3645,6.3645,6.3645,6.3645,6.3645,6.3645,6.3645,6.3645,6.3645,6.3645,6.3645,6.3645,6.3645,6.3645,6.3645,6.3645,6.3645,6.3645,6.3645,6.3645,6.3645,6.3645,6.3645,6.3645,6.3645,6.3645,6.3645,6.3645,6.3645,6.3645,6.3645,6.3645,6.3645
6.3599,6.3599,6.3599,6.3599,6.3599,6.3599,6.3599,6.3599,6.3599,6.3599,6.3599,6.3599,6.3599,6.3599,6.3599,6.3599,6.3599,6.3599,6.3599,6.3599,6.3599,6.3599,6.3599,6.3599,6.3599,6.3599,6.3599,6.3599,6.3599,6.3599,6.3599,6.3599,6.3599,6.3599,6.3599,6.3599,6.3599,6.3599,6.3599,6.3599,6.3599,6.3599,6.3599,6.3599,6.3599,6.3599,6.3599,6.3599,6.3599,6.3599,6.3599,6.3599,6.3599,6.3599,6.3599,6.3599,6.3599,6.3599,6.3599,6.3599,6.3599,6.3599,6.3599,6.3599,6.3599,6.3599,6.3599,6.3599,6.3599,6.3599,6.3599,6.3599,6.3599,6.3599,6.3599,6.3599,6.3599,6.3599,6.3599,6.3599,6.3599,6.3599,6.3599,6.3599,6.3599,6.3599,6.3599,6.3599,6.3599,6.3599,6.3599,6.3599,6.3599,6.3599,6.3599,6.3599,6.3599,6.3599,6.3599,6.3599,6.3599,6.3599,6.3599,6.3599,6.3599,6.3599,6.3599,6.3599,6.3599,6.3599,6.3599,6.3599,6.3599,6.3599,6.3599,6.3599,6.3599,6.3599,6.3599,6.3599,6.3599,6.3599,6.3599,6.3599,6.3599,6.3599,6.3599,6.3599,6.3599,6.3599,6.3599,6.3599,6.3599,6.3599,6.3599,6.3599,6.3599,6.3599,6.3599,6.3599,6.3599,6.3599,6.3599,6.3599,6.3599,6.3599,6.3599,6.3599,6.3599,6.3599,6.3599,6.3599,6.3599,6.3599,6.3599,6.3599,6.3599,6.3599,6.3599,6.3599,6.3599,6.3599,6.3599,6.3599,6.3599,6.3599,6.3599,6.3599,6.3599,6.3599,6.3599,6.3599,6.3599,6.3599,6.3599,6.3599,6.3599,6.3599,6.3599,6.3599,6.3599,6.3599,6.3599,6.3599,6.3599,6.3599,6.3599,6.3599,6.3599,6.3599,6.3599,6.3599,6.3599,6.3599,6.3599,6.3599,6.3599,6.3599,6.3599,6.3599,6.3599,6.3599,6.3599,6.3599,6.3599,6.3599,6.3599,6.3599,6.3599,6.3599,6.3599,6.3599,6.3599,6.3599,6.3599,6.3599,6.3599,6.3599,6.3599,6.3599,6.3599,6.3599,6.3599,6.3599,6.3599,6.3599,6.3599,6.3599,6.3599,6.3599,6.3599,6.3599,6.3599,6.3599,6.3599,6.3599,6.3599,6.3599,6.3599,6.3599,6.3599,6.3599,6.3599,6.3599,6.3599,6.3599,6.3599,6.3599,6.3599,6.3599,6.3599,6.3599,6.3599,6.3599,6.3599,6.3599,6.3599,6.3599,6.3599,6.3599,6.3599,6.3599,6.3599,6.3599,6.3599,6.3599,6.3599,6.3599,6.3599,6.3599,6.3599,6.3599,6.3599,6.3599,6.3599,6.3599,6.3599,6.3599,6.3599,6.3599,6.3599,6.3599,6.3599,6.3599,6.3599,6.3599,6.3599,6.3599,6.3599,6.3599,6.3599,6.3599,6.3599,6.3599,6.3599,6.3599,6.3599,6.3599,6.3599,6.3599,6.3599,6.3599,6.3599,6.3599,6.3599,6.3599,6.3599,6.3599,6.3599,6.3599,6.3599,6.3599,6.3599,6.3599,6.3599,6.3599,6.3599,6.3599,6.3599,6.3599,6.3599,6.3599,6.3599,6.3599,6.3599,6.3599,6.3599,6.3599,6.3599,6.3599,6.3599,6.3599,6.3599,6.3599,6.3599,6.3599,6.3599,6.3599,6.3599,6.3599,6.3599,6.3599,6.3599,6.3599,6.3599,6.3599,6.3599,6.3599,6.3599,6.3599,6.3599,6.3599,6.3599,6.3599,6.3599,6.3599,6.3599,6.3599,6.3599,6.3599,6.3599,6.3599,6.3599,6.3599,6.3599,6.3599,6.3599,6.3599,6.3599,6.3599,6.3599,6.3599,6.3599,6.3599,6.3599,6.3599,6.3599,6.3599,6.3599,6.3599,6.3599,6.3599,6.3599,6.3599,6.3599,6.3599,6.3599,6.3599,6.3599,6.3599,6.3599,6.3599,6.3599,6.3599,6.3599,6.3599,6.3599,6.3599,6.3599,6.3599,6.3599,6.3599,6.3599,6.3599,6.3599,6.3599,6.3599,6.3599,6.3599,6.3599,6.3599,6.3599,6.3599,6.3599,6.3599,6.3599,6.3599,6.3599,6.3599,6.3599,6.3599,6.3599,6.3599,6.3599,6.3599,6.3599,6.3599,6.3599,6.3599,6.3599,6.3599,6.3599,6.3599,6.3599,6.3599,6.3599,6.3599,6.3599,6.3599,6.3599,6.3599,6.3599,6.3599,6.3599,6.3599,6.3599,6.3599,6.3599,6.3599,6.3599,6.3599,6.3599,6.3599,6.3599,6.3599,6.3599,6.3599,6.3599,6.3599,6.3599,6.3599,6.3599,6.3599,6.3599,6.3599,6.3599,6.3599,6.3599,6.3599,6.3599,6.3599,6.3599,6.3599,6.3599,6.3599,6.3599,6.3599,6.3599,6.3599,6.3599,6.3599,6.3599,6.3599,6.3599,6.3599,6.3599,6.3599,6.3599,6.3599,6.3599,6.3599,6.3599,6.3599,6.3599,6.3599,6.3599,6.3599,6.3599,6.3599,6.3599,6.3599,6.3599,6.3599,6.3599,6.3599,6.3599,6.3599,6.3599,6.3599,6.3599,6.3599,6.3599,6.3599,6.3599,6.3599,6.3599,6.3599,6.3599,6.3599,6.3599,6.3599,6.3599,6.3599,6.3599,6.3599,6.3599,6.3599,6.3599,6.3599,6.3599,6.3599,6.3599,6.3599,6.3599,6.3599,6.3599,6.3599,6.3599,6.3599,6.3599,6.3599,6.3599,6.3599,6.3599,6.3599,6.3599,6.3599,6.3599,6.3599,6.3599,6.3599,6.3599,6.3599,6.3599,6.3599,6.3599,6.3599,6.3599,6.3599,6.3599,6.3599,6.3599,6.3599,6.3599,6.3599,6.3599,6.3599,6.3599,6.3599,6.3599,6.3599,6.3599,6.3599,6.3599,6.3599,6.3599,6.3599,6.3599,6.3599,6.3599,6.3599,6.3599,6.3599,6.3599,6.3599,6.3599,6.3599,6.3599,6.3599,6.3599,6.3599,6.3599,6.3599,6.3599,6.3599,6.3599,6.3599,6.3599,6.3599,6.3599,6.3599,6.3599,6.3599,6.3599,6.3599,6.3599,6.3599,6.3599,6.3599,6.3599,6.3599,6.3599,6.3599,6.3599,6.3599,6.3599,6.3599,6.3599,6.3599,6.3599,6.3599,6.3599,6.3599,6.3599,6.3599,6.3599,6.3599,6.3599,6.3599,6.3599,6.3599,6.3599,6.3599,6.3599,6.3599,6.3599,6.3599,6.3599,6.3599,6.3599,6.3599,6.3599,6.3599,6.3599,6.3599,6.3599,6.3599,6.3599,6.3599,6.3599,6.3599,6.3599,6.3599,6.3599,6.3599,6.3599,6.3599,6.3599,6.3599,6.3599,6.3599,6.3599,6.3599,6.3599,6.3599,6.3599,6.3599,6.3599,6.3599,6.3599,6.3599,6.3599,6.3599,6.3599,6.3599,6.3599,6.3599,6.3599,6.3599,6.3599,6.3599,6.3599,6.3599,6.3599,6.3599,6.3599,6.3599,6.3599,6.3599,6.3599,6.3599,6.3599,6.3599,6.3599,6.3599,6.3599,6.3599,6.3599,6.3599,6.3599,6.3599,6.3599,6.3599,6.3599,6.3599,6.3599,6.3599,6.3599,6.3599,6.3599,6.3599,6.3599,6.3599,6.3599,6.3599,6.3599,6.3599,6.3599,6.3599,6.3599,6.3599,6.3599,6.3599,6.3599,6.3599,6.3599,6.3599,6.3599,6.3599,6.3599,6.3599,6.3599,6.3599,6.3599,6.3599,6.3599,6.3599,6.3599,6.3599,6.3599,6.3599,6.3599,6.3599,6.3599,6.3599,6.3599,6.3599,6.3599,6.3599,6.3599,6.3599,6.3599,6.3599,6.3599,6.3599,6.3599,6.3599,6.3599,6.3599,6.3599,6.3599,6.3599,6.3599,6.3599,6.3599,6.3599,6.3599,6.3599,6.3599,6.3599,6.3599,6.3599,6.3599,6.3599,6.3599,6.3599,6.3599,6.3599,6.3599,6.3599,6.3599,6.3599,6.3599,6.3599,6.3599,6.3599,6.3599,6.3599,6.3599,6.3599,6.3599,6.3599,6.3599,6.3599,6.3599,6.3599,6.3599,6.3599,6.3599,6.3599,6.3599,6.3599,6.3599,6.3599,6.3599,6.3599,6.3599,6.3599,6.3599,6.3599,6.3599,6.3599,6.3599,6.3599,6.3599,6.3599,6.3599,6.3599,6.3599,6.3599,6.3599,6.3599,6.3599,6.3599,6.3599,6.3599,6.3599,6.3599,6.3599,6.3599,6.3599,6.3599,6.3599,6.3599,6.3599,6.3599,6.3599,6.3599,6.3599,6.3599,6.3599,6.3599,6.3599,6.3599,6.3599,6.3599,6.3599,6.3599,6.3599,6.3599,6.3599,6.3599,6.3599,6.3599,6.3599,6.3599,6.3599,6.3599,6.3599,6.3599,6.3599,6.3599,6.3599,6.3599,6.3599,6.3599,6.3599,6.3599,6.3599,6.3599,6.3599,6.3599,6.3599,6.3599,6.3599,6.3599,6.3599,6.3599,6.3599,6.3599,6.3599,6.3599,6.3599,6.3599,6.3599,6.3599,6.3599,6.3599,6.3599,6.3599,6.3599,6.3599,6.3599,6.3599,6.3599,6.3599,6.3599,6.3599,6.3599,6.3599,6.3599,6.3599,6.3599,6.3599,6.3599,6.3599,6.3599,6.3599,6.3599,6.3599,6.3599,6.3599,6.3599,6.3599,6.3599,6.3599,6.3599,6.3599,6.3599,6.3599,6.3599,6.3599,6.3599,6.3599,6.3599,6.3599,6.3599,6.3599,6.3599,6.3599,6.3599,6.3599,6.3599,6.3599,6.3599,6.3599,6.3599,6.3599,6.3599,6.3599,6.3599,6.3599,6.3599,6.3599,6.3599,6.3599,6.3599,6.3599,6.3599,6.3599,6.3599,6.3599,6.3599,6.3599,6.3599,6.3599,6.3599,6.3599,6.3599,6.3599
6.3556,6.3556,6.3556,6.3556,6.3556,6.3556,6.3556,6.3556,6.3556,6.3556,6.3556,6.3556,6.3556,6.3556,6.3556,6.3556,6.3556,6.3556,6.3556,6.3556,6.3556,6.3556,6.3556,6.3556,6.3556,6.3556,6.3556,6.3556,6.3556,6.3556,6.3556,6.3556,6.3556,6.3556,6.3556,6.3556,6.3556,6.3556,6.3556,6.3556,6.3556,6.3556,6.3556,6.3556,6.3556,6.3556,6.3556,6.3556,6.3556,6.3556,6.3556,6.3556,6.3556,6.3556,6.3556,6.3556,6.3556,6.3556,6.3556,6.3556,6.3556,6.3556,6.3556,6.3556,6.3556,6.3556,6.3556,6.3556,6.3556,6.3556,6.3556,6.3556,6.3556,6.3556,6.3556,6.3556,6.3556,6.3556,6.3556,6.3556,6.3556,6.3556,6.3556,6.3556,6.3556,6.3556,6.3556,6.3556,6.3556,6.3556,6.3556,6.3556,6.3556,6.3556,6.3556,6.3556,6.3556,6.3556,6.3556,6.3556,6.3556,6.3556,6.3556,6.3556,6.3556,6.3556,6.3556,6.3556,6.3556,6.3556,6.3556,6.3556,6.3556,6.3556,6.3556,6.3556,6.3556,6.3556,6.3556,6.3556,6.3556,6.3556,6.3556,6.3556,6.3556,6.3556,6.3556,6.3556,6.3556,6.3556,6.3556,6.3556,6.3556,6.3556,6.3556,6.3556,6.3556,6.3556,6.3556,6.3556,6.3556,6.3556,6.3556,6.3556,6.3556,6.3556,6.3556,6.3556,6.3556,6.3556,6.3556,6.3556,6.3556,6.3556,6.3556,6.3556,6.3556,6.3556,6.3556,6.3556,6.3556,6.3556,6.3556,6.3556,6.3556,6.3556,6.3556,6.3556,6.3556,6.3556,6.3556,6.3556,6.3556,6.3556,6.3556,6.3556,6.3556,6.3556,6.3556,6.3556,6.3556,6.3556,6.3556,6.3556,6.3556,6.3556,6.3556,6.3556,6.3556,6.3556,6.3556,6.3556,6.3556,6.3556,6.3556,6.3556,6.3556,6.3556,6.3556,6.3556,6.3556,6.3556,6.3556,6.3556,6.3556,6.3556,6.3556,6.3556,6.3556,6.3556,6.3556,6.3556,6.3556,6.3556,6.3556,6.3556,6.3556,6.3556,6.3556,6.3556,6.3556,6.3556,6.3556,6.3556,6.3556,6.3556,6.3556,6.3556,6.3556,6.3556,6.3556,6.3556,6.3556,6.3556,6.3556,6.3556,6.3556,6.3556,6.3556,6.3556,6.3556,6.3556,6.3556,6.3556,6.3556,6.3556,6.3556,6.3556,6.3556,6.3556,6.3556,6.3556,6.3556,6.3556,6.3556,6.3556,6.3556,6.3556,6.3556,6.3556,6.3556,6.3556,6.3556,6.3556,6.3556,6.3556,6.3556,6.3556,6.3556,6.3556,6.3556,6.3556,6.3556,6.3556,6.3556,6.3556,6.3556,6.3556,6.3556,6.3556,6.3556,6.3556,6.3556,6.3556,6.3556,6.3556,6.3556,6.3556,6.3556,6.3556,6.3556,6.3556,6.3556,6.3556,6.3556,6.3556,6.3556,6.3556,6.3556,6.3556,6.3556,6.3556,6.3556,6.3556,6.3556,6.3556,6.3556,6.3556,6.3556,6.3556,6.3556,6.3556,6.3556,6.3556,6.3556,6.3556,6.3556,6.3556,6.3556,6.3556,6.3556,6.3556,6.3556,6.3556,6.3556,6.3556,6.3556,6.3556,6.3556,6.3556,6.3556,6.3556,6.3556,6.3556,6.3556,6.3556,6.3556,6.3556,6.3556,6.3556,6.3556,6.3556,6.3556,6.3556,6.3556,6.3556,6.3556,6.3556,6.3556,6.3556,6.3556,6.3556,6.3556,6.3556,6.3556,6.3556,6.3556,6.3556,6.3556,6.3556,6.3556,6.3556,6.3556,6.3556,6.3556,6.3556,6.3556,6.3556,6.3556,6.3556,6.3556,6.3556,6.3556,6.3556,6.3556,6.3556,6.3556,6.3556,6.3556,6.3556,6.3556,6.3556,6.3556,6.3556,6.3556,6.3556,6.3556,6.3556,6.3556,6.3556,6.3556,6.3556,6.3556,6.3556,6.3556,6.3556,6.3556,6.3556,6.3556,6.3556,6.3556,6.3556,6.3556,6.3556,6.3556,6.3556,6.3556,6.3556,6.3556,6.3556,6.3556,6.3556,6.3556,6.3556,6.3556,6.3556,6.3556,6.3556,6.3556,6.3556,6.3556,6.3556,6.3556,6.3556,6.3556,6.3556,6.3556,6.3556,6.3556,6.3556,6.3556,6.3556,6.3556,6.3556,6.3556,6.3556,6.3556,6.3556,6.3556,6.3556,6.3556,6.3556,6.3556,6.3556,6.3556,6.3556,6.3556,6.3556,6.3556,6.3556,6.3556,6.3556,6.3556,6.3556,6.3556,6.3556,6.3556,6.3556,6.3556,6.3556,6.3556,6.3556,6.3556,6.3556,6.3556,6.3556,6.3556,6.3556,6.3556,6.3556,6.3556,6.3556,6.3556,6.3556,6.3556,6.3556,6.3556,6.3556,6.3556,6.3556,6.3556,6.3556,6.3556,6.3556,6.3556,6.3556,6.3556,6.3556,6.3556,6.3556,6.3556,6.3556,6.3556,6.3556,6.3556,6.3556,6.3556,6.3556,6.3556,6.3556,6.3556,6.3556,6.3556,6.3556,6.3556,6.3556,6.3556,6.3556,6.3556,6.3556,6.3556,6.3556,6.3556,6.3556,6.3556,6.3556,6.3556,6.3556,6.3556,6.3556,6.3556,6.3556,6.3556,6.3556,6.3556,6.3556,6.3556,6.3556,6.3556,6.3556,6.3556,6.3556,6.3556,6.3556,6.3556,6.3556,6.3556,6.3556,6.3556,6.3556,6.3556,6.3556,6.3556,6.3556,6.3556,6.3556,6.3556,6.3556,6.3556,6.3556,6.3556,6.3556,6.3556,6.3556,6.3556,6.3556,6.3556,6.3556,6.3556,6.3556,6.3556,6.3556,6.3556,6.3556,6.3556,6.3556,6.3556,6.3556,6.3556,6.3556,6.3556,6.3556,6.3556,6.3556,6.3556,6.3556,6.3556,6.3556,6.3556,6.3556,6.3556,6.3556,6.3556,6.3556,6.3556,6.3556,6.3556,6.3556,6.3556,6.3556,6.3556,6.3556,6.3556,6.3556,6.3556,6.3556,6.3556,6.3556,6.3556,6.3556,6.3556,6.3556,6.3556,6.3556,6.3556,6.3556,6.3556,6.3556,6.3556,6.3556,6.3556,6.3556,6.3556,6.3556,6.3556,6.3556,6.3556,6.3556,6.3556,6.3556,6.3556,6.3556,6.3556,6.3556,6.3556,6.3556,6.3556,6.3556,6.3556,6.3556,6.3556,6.3556,6.3556,6.3556,6.3556,6.3556,6.3556,6.3556,6.3556,6.3556,6.3556,6.3556,6.3556,6.3556,6.3556,6.3556,6.3556,6.3556,6.3556,6.3556,6.3556,6.3556,6.3556,6.3556,6.3556,6.3556,6.3556,6.3556,6.3556,6.3556,6.3556,6.3556,6.3556,6.3556,6.3556,6.3556,6.3556,6.3556,6.3556,6.3556,6.3556,6.3556,6.3556,6.3556,6.3556,6.3556,6.3556,6.3556,6.3556,6.3556,6.3556,6.3556,6.3556,6.3556,6.3556,6.3556,6.3556,6.3556,6.3556,6.3556,6.3556,6.3556,6.3556,6.3556,6.3556,6.3556,6.3556,6.3556,6.3556,6.3556,6.3556,6.3556,6.3556,6.3556,6.3556,6.3556,6.3556,6.3556,6.3556,6.3556,6.3556,6.3556,6.3556,6.3556,6.3556,6.3556,6.3556,6.3556,6.3556,6.3556,6.3556,6.3556,6.3556,6.3556,6.3556,6.3556,6.3556,6.3556,6.3556,6.3556,6.3556,6.3556,6.3556,6.3556,6.3556,6.3556,6.3556,6.3556,6.3556,6.3556,6.3556,6.3556,6.3556,6.3556,6.3556,6.3556,6.3556,6.3556,6.3556,6.3556,6.3556,6.3556,6.3556,6.3556,6.3556,6.3556,6.3556,6.3556,6.3556,6.3556,6.3556,6.3556,6.3556,6.3556,6.3556,6.3556,6.3556,6.3556,6.3556,6.3556,6.3556,6.3556,6.3556,6.3556,6.3556,6.3556,6.3556,6.3556,6.3556,6.3556,6.3556,6.3556,6.3556,6.3556,6.3556,6.3556,6.3556,6.3556,6.3556,6.3556,6.3556,6.3556,6.3556,6.3556,6.3556,6.3556,6.3556,6.3556,6.3556,6.3556,6.3556,6.3556,6.3556,6.3556,6.3556,6.3556,6.3556,6.3556,6.3556,6.3556,6.3556,6.3556,6.3556,6.3556,6.3556,6.3556,6.3556,6.3556,6.3556,6.3556,6.3556,6.3556,6.3556,6.3556,6.3556,6.3556,6.3556,6.3556,6.3556,6.3556,6.3556,6.3556,6.3556,6.3556,6.3556,6.3556,6.3556,6.3556,6.3556,6.3556,6.3556,6.3556,6.3556,6.3556,6.3556,6.3556,6.3556,6.3556,6.3556,6.3556,6.3556,6.3556,6.3556,6.3556,6.3556,6.3556,6.3556,6.3556,6.3556,6.3556,6.3556,6.3556,6.3556,6.3556,6.3556,6.3556,6.3556,6.3556,6.3556,6.3556,6.3556,6.3556,6.3556,6.3556,6.3556,6.3556,6.3556,6.3556,6.3556,6.3556,6.3556,6.3556,6.3556,6.3556,6.3556,6.3556,6.3556,6.3556,6.3556,6.3556,6.3556,6.3556,6.3556,6.3556,6.3556,6.3556,6.3556,6.3556,6.3556,6.3556,6.3556,6.3556,6.3556,6.3556,6.3556,6.3556,6.3556,6.3556,6.3556,6.3556,6.3556,6.3556,6.3556,6.3556,6.3556,6.3556,6.3556,6.3556,6.3556,6.3556,6.3556,6.3556,6.3556,6.3556,6.3556,6.3556,6.3556,6.3556,6.3556,6.3556,6.3556,6.3556,6.3556,6.3556,6.3556,6.3556,6.3556,6.3556,6.3556,6.3556,6.3556,6.3556,6.3556,6.3556,6.3556,6.3556,6.3556,6.3556,6.3556,6.3556,6.3556,6.3556,6.3556,6.3556,6.3556,6.3556,6.3556,6.3556,6.3556,6.3556
6.3510,6.3510,6.3510,6.3510,6.3510,6.3510,6.3510,6.3510,6.3510,6.3510,6.3510,6.3510,6.3510,6.3510,6.3510,6.3510,6.3510,6.3510,6.3510,6.3510,6.3510,6.3510,6.3510,6.3510,6.3510,6.3510,6.3510,6.3510,6.3510,6.3510,6.3510,6.3510,6.3510,6.3510,6.3510,6.3510,6.3510,6.3510,6.3510,6.3510,6.3510,6.3510,6.3510,6.3510,6.3510,6.3510,6.3510,6.3510,6.3510,6.3510,6.3510,6.3510,6.3510,6.3510,6.3510,6.3510,6.3510,6.3510,6.3510,6.3510,6.3510,6.3510,6.3510,6.3510,6.3510,6.3510,6.3510,6.3510,6.3510,6.3510,6.3510,6.3510,6.3510,6.3510,6.3510,6.3510,6.3510,6.3510,6.3510,6.3510,6.3510,6.3510,6.3510,6.3510,6.3510,6.3510,6.3510,6.3510,6.3510,6.3510,6.3510,6.3510,6.3510,6.3510,6.3510,6.3510,6.3510,6.3510,6.3510,6.3510,6.3510,6.3510,6.3510,6.3510,6.3510,6.3510,6.3510,6.3510,6.3510,6.3510,6.3510,6.3510,6.3510,6.3510,6.3510,6.3510,6.3510,6.3510,6.3510,6.3510,6.3510,6.3510,6.3510,6.3510,6.3510,6.3510,6.3510,6.3510,6.3510,6.3510,6.3510,6.3510,6.3510,6.3510,6.3510,6.3510,6.3510,6.3510,6.3510,6.3510,6.3510,6.3510,6.3510,6.3510,6.3510,6.3510,6.3510,6.3510,6.3510,6.3510,6.3510,6.3510,6.3510,6.3510,6.3510,6.3510,6.3510,6.3510,6.3510,6.3510,6.3510,6.3510,6.3510,6.3510,6.3510,6.3510,6.3510,6.3510,6.3510,6.3510,6.3510,6.3510,6.3510,6.3510,6.3510,6.3510,6.3510,6.3510,6.3510,6.3510,6.3510,6.3510,6.3510,6.3510,6.3510,6.3510,6.3510,6.3510,6.3510,6.3510,6.3510,6.3510,6.3510,6.3510,6.3510,6.3510,6.3510,6.3510,6.3510,6.3510,6.3510,6.3510,6.3510,6.3510,6.3510,6.3510,6.3510,6.3510,6.3510,6.3510,6.3510,6.3510,6.3510,6.3510,6.3510,6.3510,6.3510,6.3510,6.3510,6.3510,6.3510,6.3510,6.3510,6.3510,6.3510,6.3510,6.3510,6.3510,6.3510,6.3510,6.3510,6.3510,6.3510,6.3510,6.3510,6.3510,6.3510,6.3510,6.3510,6.3510,6.3510,6.3510,6.3510,6.3510,6.3510,6.3510,6.3510,6.3510,6.3510,6.3510,6.3510,6.3510,6.3510,6.3510,6.3510,6.3510,6.3510,6.3510,6.3510,6.3510,6.3510,6.3510,6.3510,6.3510,6.3510,6.3510,6.3510,6.3510,6.3510,6.3510,6.3510,6.3510,6.3510,6.3510,6.3510,6.3510,6.3510,6.3510,6.3510,6.3510,6.3510,6.3510,6.3510,6.3510,6.3510,6.3510,6.3510,6.3510,6.3510,6.3510,6.3510,6.3510,6.3510,6.3510,6.3510,6.3510,6.3510,6.3510,6.3510,6.3510,6.3510,6.3510,6.3510,6.3510,6.3510,6.3510,6.3510,6.3510,6.3510,6.3510,6.3510,6.3510,6.3510,6.3510,6.3510,6.3510,6.3510,6.3510,6.3510,6.3510,6.3510,6.3510,6.3510,6.3510,6.3510,6.3510,6.3510,6.3510,6.3510,6.3510,6.3510,6.3510,6.3510,6.3510,6.3510,6.3510,6.3510,6.3510,6.3510,6.3510,6.3510,6.3510,6.3510,6.3510,6.3510,6.3510,6.3510,6.3510,6.3510,6.3510,6.3510,6.3510,6.3510,6.3510,6.3510,6.3510,6.3510,6.3510,6.3510,6.3510,6.3510,6.3510,6.3510,6.3510,6.3510,6.3510,6.3510,6.3510,6.3510,6.3510,6.3510,6.3510,6.3510,6.3510,6.3510,6.3510,6.3510,6.3510,6.3510,6.3510,6.3510,6.3510,6.3510,6.3510,6.3510,6.3510,6.3510,6.3510,6.3510,6.3510,6.3510,6.3510,6.3510,6.3510,6.3510,6.3510,6.3510,6.3510,6.3510,6.3510,6.3510,6.3510,6.3510,6.3510,6.3510,6.3510,6.3510,6.3510,6.3510,6.3510,6.3510,6.3510,6.3510,6.3510,6.3510,6.3510,6.3510,6.3510,6.3510,6.3510,6.3510,6.3510,6.3510,6.3510,6.3510,6.3510,6.3510,6.3510,6.3510,6.3510,6.3510,6.3510,6.3510,6.3510,6.3510,6.3510,6.3510,6.3510,6.3510,6.3510,6.3510,6.3510,6.3510,6.3510,6.3510,6.3510,6.3510,6.3510,6.3510,6.3510,6.3510,6.3510,6.3510,6.3510,6.3510,6.3510,6.3510,6.3510,6.3510,6.3510,6.3510,6.3510,6.3510,6.3510,6.3510,6.3510,6.3510,6.3510,6.3510,6.3510,6.3510,6.3510,6.3510,6.3510,6.3510,6.3510,6.3510,6.3510,6.3510,6.3510,6.3510,6.3510,6.3510,6.3510,6.3510,6.3510,6.3510,6.3510,6.3510,6.3510,6.3510,6.3510,6.3510,6.3510,6.3510,6.3510,6.3510,6.3510,6.3510,6.3510,6.3510,6.3510,6.3510,6.3510,6.3510,6.3510,6.3510,6.3510,6.3510,6.3510,6.3510,6.3510,6.3510,6.3510,6.3510,6.3510,6.3510,6.3510,6.3510,6.3510,6.3510,6.3510,6.3510,6.3510,6.3510,6.3510,6.3510,6.3510,6.3510,6.3510,6.3510,6.3510,6.3510,6.3510,6.3510,6.3510,6.3510,6.3510,6.3510,6.3510,6.3510,6.3510,6.3510,6.3510,6.3510,6.3510,6.3510,6.3510,6.3510,6.3510,6.3510,6.3510,6.3510,6.3510,6.3510,6.3510,6.3510,6.3510,6.3510,6.3510,6.3510,6.3510,6.3510,6.3510,6.3510,6.3510,6.3510,6.3510,6.3510,6.3510,6.3510,6.3510,6.3510,6.3510,6.3510,6.3510,6.3510,6.3510,6.3510,6.3510,6.3510,6.3510,6.3510,6.3510,6.3510,6.3510,6.3510,6.3510,6.3510,6.3510,6.3510,6.3510,6.3510,6.3510,6.3510,6.3510,6.3510,6.3510,6.3510,6.3510,6.3510,6.3510,6.3510,6.3510,6.3510,6.3510,6.3510,6.3510,6.3510,6.3510,6.3510,6.3510,6.3510,6.3510,6.3510,6.3510,6.3510,6.3510,6.3510,6.3510,6.3510,6.3510,6.3510,6.3510,6.3510,6.3510,6.3510,6.3510,6.3510,6.3510,6.3510,6.3510,6.3510,6.3510,6.3510,6.3510,6.3510,6.3510,6.3510,6.3510,6.3510,6.3510,6.3510,6.3510,6.3510,6.3510,6.3510,6.3510,6.3510,6.3510,6.3510,6.3510,6.3510,6.3510,6.3510,6.3510,6.3510,6.3510,6.3510,6.3510,6.3510,6.3510,6.3510,6.3510,6.3510,6.3510,6.3510,6.3510,6.3510,6.3510,6.3510,6.3510,6.3510,6.3510,6.3510,6.3510,6.3510,6.3510,6.3510,6.3510,6.3510,6.3510,6.3510,6.3510,6.3510,6.3510,6.3510,6.3510,6.3510,6.3510,6.3510,6.3510,6.3510,6.3510,6.3510,6.3510,6.3510,6.3510,6.3510,6.3510,6.3510,6.3510,6.3510,6.3510,6.3510,6.3510,6.3510,6.3510,6.3510,6.3510,6.3510,6.3510,6.3510,6.3510,6.3510,6.3510,6.3510,6.3510,6.3510,6.3510,6.3510,6.3510,6.3510,6.3510,6.3510,6.3510,6.3510,6.3510,6.3510,6.3510,6.3510,6.3510,6.3510,6.3510,6.3510,6.3510,6.3510,6.3510,6.3510,6.3510,6.3510,6.3510,6.3510,6.3510,6.3510,6.3510,6.3510,6.3510,6.3510,6.3510,6.3510,6.3510,6.3510,6.3510,6.3510,6.3510,6.3510,6.3510,6.3510,6.3510,6.3510,6.3510,6.3510,6.3510,6.3510,6.3510,6.3510,6.3510,6.3510,6.3510,6.3510,6.3510,6.3510,6.3510,6.3510,6.3510,6.3510,6.3510,6.3510,6.3510,6.3510,6.3510,6.3510,6.3510,6.3510,6.3510,6.3510,6.3510,6.3510,6.3510,6.3510,6.3510,6.3510,6.3510,6.3510,6.3510,6.3510,6.3510,6.3510,6.3510,6.3510,6.3510,6.3510,6.3510,6.3510,6.3510,6.3510,6.3510,6.3510,6.3510,6.3510,6.3510,6.3510,6.3510,6.3510,6.3510,6.3510,6.3510,6.3510,6.3510,6.3510,6.3510,6.3510,6.3510,6.3510,6.3510,6.3510,6.3510,6.3510,6.3510,6.3510,6.3510,6.3510,6.3510,6.3510,6.3510,6.3510,6.3510,6.3510,6.3510,6.3510,6.3510,6.3510,6.3510,6.3510,6.3510,6.3510,6.3510,6.3510,6.3510,6.3510,6.3510,6.3510,6.3510,6.3510,6.3510,6.3510,6.3510,6.3510,6.3510,6.3510,6.3510,6.3510,6.3510,6.3510,6.3510,6.3510,6.3510,6.3510,6.3510,6.3510,6.3510,6.3510,6.3510,6.3510,6.3510,6.3510,6.3510,6.3510,6.3510,6.3510,6.3510,6.3510,6.3510,6.3510,6.3510,6.3510,6.3510,6.3510,6.3510,6.3510,6.3510,6.3510,6.3510,6.3510,6.3510,6.3510,6.3510,6.3510,6.3510,6.3510,6.3510,6.3510,6.3510,6.3510,6.3510,6.3510,6.3510,6.3510,6.3510,6.3510,6.3510,6.3510,6.3510,6.3510,6.3510,6.3510,6.3510,6.3510,6.3510,6.3510,6.3510,6.3510,6.3510,6.3510,6.3510,6.3510,6.3510,6.3510,6.3510,6.3510,6.3510,6.3510,6.3510,6.3510,6.3510,6.3510,6.3510,6.3510,6.3510,6.3510,6.3510,6.3510,6.3510,6.3510,6.3510,6.3510,6.3510,6.3510,6.3510,6.3510,6.3510,6.3510,6.3510,6.3510,6.3510,6.3510,6.3510,6.3510,6.3510
6.3465,6.3465,6.3465,6.3465,6.3465,6.3465,6.3465,6.3465,6.3465,6.3465,6.3465,6.3465,6.3465,6.3465,6.3465,6.3465,6.3465,6.3465,6.3465,6.3465,6.3465,6.3465,6.3465,6.3465,6.3465,6.3465,6.3465,6.3465,6.3465,6.3465,6.3465,6.3465,6.3465,6.3465,6.3465,6.3465,6.3465,6.3465,6.3465,6.3465,6.3465,6.3465,6.3465,6.3465,6.3465,6.3465,6.3465,6.3465,6.3465,6.3465,6.3465,6.3465,6.3465,6.3465,6.3465,6.3465,6.3465,6.3465,6.3465,6.3465,6.3465,6.3465,6.3465,6.3465,6.3465,6.3465,6.3465,6.3465,6.3465,6.3465,6.3465,6.3465,6.3465,6.3465,6.3465,6.3465,6.3465,6.3465,6.3465,6.3465,6.3465,6.3465,6.3465,6.3465,6.3465,6.3465,6.3465,6.3465,6.3465,6.3465,6.3465,6.3465,6.3465,6.3465,6.3465,6.3465,6.3465,6.3465,6.3465,6.3465,6.3465,6.3465,6.3465,6.3465,6.3465,6.3465,6.3465,6.3465,6.3465,6.3465,6.3465,6.3465,6.3465,6.3465,6.3465,6.3465,6.3465,6.3465,6.3465,6.3465,6.3465,6.3465,6.3465,6.3465,6.3465,6.3465,6.3465,6.3465,6.3465,6.3465,6.3465,6.3465,6.3465,6.3465,6.3465,6.3465,6.3465,6.3465,6.3465,6.3465,6.3465,6.3465,6.3465,6.3465,6.3465,6.3465,6.3465,6.3465,6.3465,6.3465,6.3465,6.3465,6.3465,6.3465,6.3465,6.3465,6.3465,6.3465,6.3465,6.3465,6.3465,6.3465,6.3465,6.3465,6.3465,6.3465,6.3465,6.3465,6.3465,6.3465,6.3465,6.3465,6.3465,6.3465,6.3465,6.3465,6.3465,6.3465,6.3465,6.3465,6.3465,6.3465,6.3465,6.3465,6.3465,6.3465,6.3465,6.3465,6.3465,6.3465,6.3465,6.3465,6.3465,6.3465,6.3465,6.3465,6.3465,6.3465,6.3465,6.3465,6.3465,6.3465,6.3465,6.3465,6.3465,6.3465,6.3465,6.3465,6.3465,6.3465,6.3465,6.3465,6.3465,6.3465,6.3465,6.3465,6.3465,6.3465,6.3465,6.3465,6.3465,6.3465,6.3465,6.3465,6.3465,6.3465,6.3465,6.3465,6.3465,6.3465,6.3465,6.3465,6.3465,6.3465,6.3465,6.3465,6.3465,6.3465,6.3465,6.3465,6.3465,6.3465,6.3465,6.3465,6.3465,6.3465,6.3465,6.3465,6.3465,6.3465,6.3465,6.3465,6.3465,6.3465,6.3465,6.3465,6.3465,6.3465,6.3465,6.3465,6.3465,6.3465,6.3465,6.3465,6.3465,6.3465,6.3465,6.3465,6.3465,6.3465,6.3465,6.3465,6.3465,6.3465,6.3465,6.3465,6.3465,6.3465,6.3465,6.3465,6.3465,6.3465,6.3465,6.3465,6.3465,6.3465,6.3465,6.3465,6.3465,6.3465,6.3465,6.3465,6.3465,6.3465,6.3465,6.3465,6.3465,6.3465,6.3465,6.3465,6.3465,6.3465,6.3465,6.3465,6.3465,6.3465,6.3465,6.3465,6.3465,6.3465,6.3465,6.3465,6.3465,6.3465,6.3465,6.3465,6.3465,6.3465,6.3465,6.3465,6.3465,6.3465,6.3465,6.3465,6.3465,6.3465,6.3465,6.3465,6.3465,6.3465,6.3465,6.3465,6.3465,6.3465,6.3465,6.3465,6.3465,6.3465,6.3465,6.3465,6.3465,6.3465,6.3465,6.3465,6.3465,6.3465,6.3465,6.3465,6.3465,6.3465,6.3465,6.3465,6.3465,6.3465,6.3465,6.3465,6.3465,6.3465,6.3465,6.3465,6.3465,6.3465,6.3465,6.3465,6.3465,6.3465,6.3465,6.3465,6.3465,6.3465,6.3465,6.3465,6.3465,6.3465,6.3465,6.3465,6.3465,6.3465,6.3465,6.3465,6.3465,6.3465,6.3465,6.3465,6.3465,6.3465,6.3465,6.3465,6.3465,6.3465,6.3465,6.3465,6.3465,6.3465,6.3465,6.3465,6.3465,6.3465,6.3465,6.3465,6.3465,6.3465,6.3465,6.3465,6.3465,6.3465,6.3465,6.3465,6.3465,6.3465,6.3465,6.3465,6.3465,6.3465,6.3465,6.3465,6.3465,6.3465,6.3465,6.3465,6.3465,6.3465,6.3465,6.3465,6.3465,6.3465,6.3465,6.3465,6.3465,6.3465,6.3465,6.3465,6.3465,6.3465,6.3465,6.3465,6.3465,6.3465,6.3465,6.3465,6.3465,6.3465,6.3465,6.3465,6.3465,6.3465,6.3465,6.3465,6.3465,6.3465,6.3465,6.3465,6.3465,6.3465,6.3465,6.3465,6.3465,6.3465,6.3465,6.3465,6.3465,6.3465,6.3465,6.3465,6.3465,6.3465,6.3465,6.3465,6.3465,6.3465,6.3465,6.3465,6.3465,6.3465,6.3465,6.3465,6.3465,6.3465,6.3465,6.3465,6.3465,6.3465,6.3465,6.3465,6.3465,6.3465,6.3465,6.3465,6.3465,6.3465,6.3465,6.3465,6.3465,6.3465,6.3465,6.3465,6.3465,6.3465,6.3465,6.3465,6.3465,6.3465,6.3465,6.3465,6.3465,6.3465,6.3465,6.3465,6.3465,6.3465,6.3465,6.3465,6.3465,6.3465,6.3465,6.3465,6.3465,6.3465,6.3465,6.3465,6.3465,6.3465,6.3465,6.3465,6.3465,6.3465,6.3465,6.3465,6.3465,6.3465,6.3465,6.3465,6.3465,6.3465,6.3465,6.3465,6.3465,6.3465,6.3465,6.3465,6.3465,6.3465,6.3465,6.3465,6.3465,6.3465,6.3465,6.3465,6.3465,6.3465,6.3465,6.3465,6.3465,6.3465,6.3465,6.3465,6.3465,6.3465,6.3465,6.3465,6.3465,6.3465,6.3465,6.3465,6.3465,6.3465,6.3465,6.3465,6.3465,6.3465,6.3465,6.3465,6.3465,6.3465,6.3465,6.3465,6.3465,6.3465,6.3465,6.3465,6.3465,6.3465,6.3465,6.3465,6.3465,6.3465,6.3465,6.3465,6.3465,6.3465,6.3465,6.3465,6.3465,6.3465,6.3465,6.3465,6.3465,6.3465,6.3465,6.3465,6.3465,6.3465,6.3465,6.3465,6.3465,6.3465,6.3465,6.3465,6.3465,6.3465,6.3465,6.3465,6.3465,6.3465,6.3465,6.3465,6.3465,6.3465,6.3465,6.3465,6.3465,6.3465,6.3465,6.3465,6.3465,6.3465,6.3465,6.3465,6.3465,6.3465,6.3465,6.3465,6.3465,6.3465,6.3465,6.3465,6.3465,6.3465,6.3465,6.3465,6.3465,6.3465,6.3465,6.3465,6.3465,6.3465,6.3465,6.3465,6.3465,6.3465,6.3465,6.3465,6.3465,6.3465,6.3465,6.3465,6.3465,6.3465,6.3465,6.3465,6.3465,6.3465,6.3465,6.3465,6.3465,6.3465,6.3465,6.3465,6.3465,6.3465,6.3465,6.3465,6.3465,6.3465,6.3465,6.3465,6.3465,6.3465,6.3465,6.3465,6.3465,6.3465,6.3465,6.3465,6.3465,6.3465,6.3465,6.3465,6.3465,6.3465,6.3465,6.3465,6.3465,6.3465,6.3465,6.3465,6.3465,6.3465,6.3465,6.3465,6.3465,6.3465,6.3465,6.3465,6.3465,6.3465,6.3465,6.3465,6.3465,6.3465,6.3465,6.3465,6.3465,6.3465,6.3465,6.3465,6.3465,6.3465,6.3465,6.3465,6.3465,6.3465,6.3465,6.3465,6.3465,6.3465,6.3465,6.3465,6.3465,6.3465,6.3465,6.3465,6.3465,6.3465,6.3465,6.3465,6.3465,6.3465,6.3465,6.3465,6.3465,6.3465,6.3465,6.3465,6.3465,6.3465,6.3465,6.3465,6.3465,6.3465,6.3465,6.3465,6.3465,6.3465,6.3465,6.3465,6.3465,6.3465,6.3465,6.3465,6.3465,6.3465,6.3465,6.3465,6.3465,6.3465,6.3465,6.3465,6.3465,6.3465,6.3465,6.3465,6.3465,6.3465,6.3465,6.3465,6.3465,6.3465,6.3465,6.3465,6.3465,6.3465,6.3465,6.3465,6.3465,6.3465,6.3465,6.3465,6.3465,6.3465,6.3465,6.3465,6.3465,6.3465,6.3465,6.3465,6.3465,6.3465,6.3465,6.3465,6.3465,6.3465,6.3465,6.3465,6.3465,6.3465,6.3465,6.3465,6.3465,6.3465,6.3465,6.3465,6.3465,6.3465,6.3465,6.3465,6.3465,6.3465,6.3465,6.3465,6.3465,6.3465,6.3465,6.3465,6.3465,6.3465,6.3465,6.3465,6.3465,6.3465,6.3465,6.3465,6.3465,6.3465,6.3465,6.3465,6.3465,6.3465,6.3465,6.3465,6.3465,6.3465,6.3465,6.3465,6.3465,6.3465,6.3465,6.3465,6.3465,6.3465,6.3465,6.3465,6.3465,6.3465,6.3465,6.3465,6.3465,6.3465,6.3465,6.3465,6.3465,6.3465,6.3465,6.3465,6.3465,6.3465,6.3465,6.3465,6.3465,6.3465,6.3465,6.3465,6.3465,6.3465,6.3465,6.3465,6.3465,6.3465,6.3465,6.3465,6.3465,6.3465,6.3465,6.3465,6.3465,6.3465,6.3465,6.3465,6.3465,6.3465,6.3465,6.3465,6.3465,6.3465,6.3465,6.3465,6.3465,6.3465,6.3465,6.3465,6.3465,6.3465,6.3465,6.3465,6.3465,6.3465,6.3465,6.3465,6.3465,6.3465,6.3465,6.3465,6.3465,6.3465,6.3465,6.3465,6.3465,6.3465,6.3465,6.3465,6.3465,6.3465,6.3465,6.3465,6.3465,6.3465,6.3465,6.3465,6.3465,6.3465,6.3465,6.3465,6.3465,6.3465,6.3465,6.3465,6.3465,6.3465,6.3465,6.3465,6.3465,6.3465,6.3465,6.3465,6.3465,6.3465,6.3465,6.3465,6.3465,6.3465,6.3465,6.3465,6.3465,6.3465,6.3465,6.3465,6.3465,6.3465,6.3465,6.3465
6.3419,6.3419,6.3419,6.3419,6.3419,6.3419,6.3419,6.3419,6.3419,6.3419,6.3419,6.3419,6.3419,6.3419,6.3419,6.3419,6.3419,6.3419,6.3419,6.3419,6.3419,6.3419,6.3419,6.3419,6.3419,6.3419,6.3419,6.3419,6.3419,6.3419,6.3419,6.3419,6.3419,6.3419,6.3419,6.3419,6.3419,6.3419,6.3419,6.3419,6.3419,6.3419,6.3419,6.3419,6.3419,6.3419,6.3419,6.3419,6.3419,6.3419,6.3419,6.3419,6.3419,6.3419,6.3419,6.3419,6.3419,6.3419,6.3419,6.3419,6.3419,6.3419,6.3419,6.3419,6.3419,6.3419,6.3419,6.3419,6.3419,6.3419,6.3419,6.3419,6.3419,6.3419,6.3419,6.3419,6.3419,6.3419,6.3419,6.3419,6.3419,6.3419,6.3419,6.3419,6.3419,6.3419,6.3419,6.3419,6.3419,6.3419,6.3419,6.3419,6.3419,6.3419,6.3419,6.3419,6.3419,6.3419,6.3419,6.3419,6.3419,6.3419,6.3419,6.3419,6.3419,6.3419,6.3419,6.3419,6.3419,6.3419,6.3419,6.3419,6.3419,6.3419,6.3419,6.3419,6.3419,6.3419,6.3419,6.3419,6.3419,6.3419,6.3419,6.3419,6.3419,6.3419,6.3419,6.3419,6.3419,6.3419,6.3419,6.3419,6.3419,6.3419,6.3419,6.3419,6.3419,6.3419,6.3419,6.3419,6.3419,6.3419,6.3419,6.3419,6.3419,6.3419,6.3419,6.3419,6.3419,6.3419,6.3419,6.3419,6.3419,6.3419,6.3419,6.3419,6.3419,6.3419,6.3419,6.3419,6.3419,6.3419,6.3419,6.3419,6.3419,6.3419,6.3419,6.3419,6.3419,6.3419,6.3419,6.3419,6.3419,6.3419,6.3419,6.3419,6.3419,6.3419,6.3419,6.3419,6.3419,6.3419,6.3419,6.3419,6.3419,6.3419,6.3419,6.3419,6.3419,6.3419,6.3419,6.3419,6.3419,6.3419,6.3419,6.3419,6.3419,6.3419,6.3419,6.3419,6.3419,6.3419,6.3419,6.3419,6.3419,6.3419,6.3419,6.3419,6.3419,6.3419,6.3419,6.3419,6.3419,6.3419,6.3419,6.3419,6.3419,6.3419,6.3419,6.3419,6.3419,6.3419,6.3419,6.3419,6.3419,6.3419,6.3419,6.3419,6.3419,6.3419,6.3419,6.3419,6.3419,6.3419,6.3419,6.3419,6.3419,6.3419,6.3419,6.3419,6.3419,6.3419,6.3419,6.3419,6.3419,6.3419,6.3419,6.3419,6.3419,6.3419,6.3419,6.3419,6.3419,6.3419,6.3419,6.3419,6.3419,6.3419,6.3419,6.3419,6.3419,6.3419,6.3419,6.3419,6.3419,6.3419,6.3419,6.3419,6.3419,6.3419,6.3419,6.3419,6.3419,6.3419,6.3419,6.3419,6.3419,6.3419,6.3419,6.3419,6.3419,6.3419,6.3419,6.3419,6.3419,6.3419,6.3419,6.3419,6.3419,6.3419,6.3419,6.3419,6.3419,6.3419,6.3419,6.3419,6.3419,6.3419,6.3419,6.3419,6.3419,6.3419,6.3419,6.3419,6.3419,6.3419,6.3419,6.3419,6.3419,6.3419,6.3419,6.3419,6.3419,6.3419,6.3419,6.3419,6.3419,6.3419,6.3419,6.3419,6.3419,6.3419,6.3419,6.3419,6.3419,6.3419,6.3419,6.3419,6.3419,6.3419,6.3419,6.3419,6.3419,6.3419,6.3419,6.3419,6.3419,6.3419,6.3419,6.3419,6.3419,6.3419,6.3419,6.3419,6.3419,6.3419,6.3419,6.3419,6.3419,6.3419,6.3419,6.3419,6.3419,6.3419,6.3419,6.3419,6.3419,6.3419,6.3419,6.3419,6.3419,6.3419,6.3419,6.3419,6.3419,6.3419,6.3419,6.3419,6.3419,6.3419,6.3419,6.3419,6.3419,6.3419,6.3419,6.3419,6.3419,6.3419,6.3419,6.3419,6.3419,6.3419,6.3419,6.3419,6.3419,6.3419,6.3419,6.3419,6.3419,6.3419,6.3419,6.3419,6.3419,6.3419,6.3419,6.3419,6.3419,6.3419,6.3419,6.3419,6.3419,6.3419,6.3419,6.3419,6.3419,6.3419,6.3419,6.3419,6.3419,6.3419,6.3419,6.3419,6.3419,6.3419,6.3419,6.3419,6.3419,6.3419,6.3419,6.3419,6.3419,6.3419,6.3419,6.3419,6.3419,6.3419,6.3419,6.3419,6.3419,6.3419,6.3419,6.3419,6.3419,6.3419,6.3419,6.3419,6.3419,6.3419,6.3419,6.3419,6.3419,6.3419,6.3419,6.3419,6.3419,6.3419,6.3419,6.3419,6.3419,6.3419,6.3419,6.3419,6.3419,6.3419,6.3419,6.3419,6.3419,6.3419,6.3419,6.3419,6.3419,6.3419,6.3419,6.3419,6.3419,6.3419,6.3419,6.3419,6.3419,6.3419,6.3419,6.3419,6.3419,6.3419,6.3419,6.3419,6.3419,6.3419,6.3419,6.3419,6.3419,6.3419,6.3419,6.3419,6.3419,6.3419,6.3419,6.3419,6.3419,6.3419,6.3419,6.3419,6.3419,6.3419,6.3419,6.3419,6.3419,6.3419,6.3419,6.3419,6.3419,6.3419,6.3419,6.3419,6.3419,6.3419,6.3419,6.3419,6.3419,6.3419,6.3419,6.3419,6.3419,6.3419,6.3419,6.3419,6.3419,6.3419,6.3419,6.3419,6.3419,6.3419,6.3419,6.3419,6.3419,6.3419,6.3419,6.3419,6.3419,6.3419,6.3419,6.3419,6.3419,6.3419,6.3419,6.3419,6.3419,6.3419,6.3419,6.3419,6.3419,6.3419,6.3419,6.3419,6.3419,6.3419,6.3419,6.3419,6.3419,6.3419,6.3419,6.3419,6.3419,6.3419,6.3419,6.3419,6.3419,6.3419,6.3419,6.3419,6.3419,6.3419,6.3419,6.3419,6.3419,6.3419,6.3419,6.3419,6.3419,6.3419,6.3419,6.3419,6.3419,6.3419,6.3419,6.3419,6.3419,6.3419,6.3419,6.3419,6.3419,6.3419,6.3419,6.3419,6.3419,6.3419,6.3419,6.3419,6.3419,6.3419,6.3419,6.3419,6.3419,6.3419,6.3419,6.3419,6.3419,6.3419,6.3419,6.3419,6.3419,6.3419,6.3419,6.3419,6.3419,6.3419,6.3419,6.3419,6.3419,6.3419,6.3419,6.3419,6.3419,6.3419,6.3419,6.3419,6.3419,6.3419,6.3419,6.3419,6.3419,6.3419,6.3419,6.3419,6.3419,6.3419,6.3419,6.3419,6.3419,6.3419,6.3419,6.3419,6.3419,6.3419,6.3419,6.3419,6.3419,6.3419,6.3419,6.3419,6.3419,6.3419,6.3419,6.3419,6.3419,6.3419,6.3419,6.3419,6.3419,6.3419,6.3419,6.3419,6.3419,6.3419,6.3419,6.3419,6.3419,6.3419,6.3419,6.3419,6.3419,6.3419,6.3419,6.3419,6.3419,6.3419,6.3419,6.3419,6.3419,6.3419,6.3419,6.3419,6.3419,6.3419,6.3419,6.3419,6.3419,6.3419,6.3419,6.3419,6.3419,6.3419,6.3419,6.3419,6.3419,6.3419,6.3419,6.3419,6.3419,6.3419,6.3419,6.3419,6.3419,6.3419,6.3419,6.3419,6.3419,6.3419,6.3419,6.3419,6.3419,6.3419,6.3419,6.3419,6.3419,6.3419,6.3419,6.3419,6.3419,6.3419,6.3419,6.3419,6.3419,6.3419,6.3419,6.3419,6.3419,6.3419,6.3419,6.3419,6.3419,6.3419,6.3419,6.3419,6.3419,6.3419,6.3419,6.3419,6.3419,6.3419,6.3419,6.3419,6.3419,6.3419,6.3419,6.3419,6.3419,6.3419,6.3419,6.3419,6.3419,6.3419,6.3419,6.3419,6.3419,6.3419,6.3419,6.3419,6.3419,6.3419,6.3419,6.3419,6.3419,6.3419,6.3419,6.3419,6.3419,6.3419,6.3419,6.3419,6.3419,6.3419,6.3419,6.3419,6.3419,6.3419,6.3419,6.3419,6.3419,6.3419,6.3419,6.3419,6.3419,6.3419,6.3419,6.3419,6.3419,6.3419,6.3419,6.3419,6.3419,6.3419,6.3419,6.3419,6.3419,6.3419,6.3419,6.3419,6.3419,6.3419,6.3419,6.3419,6.3419,6.3419,6.3419,6.3419,6.3419,6.3419,6.3419,6.3419,6.3419,6.3419,6.3419,6.3419,6.3419,6.3419,6.3419,6.3419,6.3419,6.3419,6.3419,6.3419,6.3419,6.3419,6.3419,6.3419,6.3419,6.3419,6.3419,6.3419,6.3419,6.3419,6.3419,6.3419,6.3419,6.3419,6.3419,6.3419,6.3419,6.3419,6.3419,6.3419,6.3419,6.3419,6.3419,6.3419,6.3419,6.3419,6.3419,6.3419,6.3419,6.3419,6.3419,6.3419,6.3419,6.3419,6.3419,6.3419,6.3419,6.3419,6.3419,6.3419,6.3419,6.3419,6.3419,6.3419,6.3419,6.3419,6.3419,6.3419,6.3419,6.3419,6.3419,6.3419,6.3419,6.3419,6.3419,6.3419,6.3419,6.3419,6.3419,6.3419,6.3419,6.3419,6.3419,6.3419,6.3419,6.3419,6.3419,6.3419,6.3419,6.3419,6.3419,6.3419,6.3419,6.3419,6.3419,6.3419,6.3419,6.3419,6.3419,6.3419,6.3419,6.3419,6.3419,6.3419,6.3419,6.3419,6.3419,6.3419,6.3419,6.3419,6.3419,6.3419,6.3419,6.3419,6.3419,6.3419,6.3419,6.3419,6.3419,6.3419,6.3419,6.3419,6.3419,6.3419,6.3419,6.3419,6.3419,6.3419,6.3419,6.3419,6.3419,6.3419,6.3419,6.3419,6.3419,6.3419,6.3419,6.3419,6.3419,6.3419,6.3419,6.3419,6.3419,6.3419,6.3419,6.3419,6.3419,6.3419,6.3419,6.3419,6.3419,6.3419,6.3419,6.3419,6.3419,6.3419,6.3419,6.3419,6.3419,6.3419,6.3419,6.3419,6.3419,6.3419,6.3419,6.3419,6.3419,6.3419
6.3374,6.3374,6.3374,6.3374,6.3374,6.3374,6.3374,6.3374,6.3374,6.3374,6.3374,6.3374,6.3374,6.3374,6.3374,6.3374,6.3374,6.3374,6.3374,6.3374,6.3374,6.3374,6.3374,6.3374,6.3374,6.3374,6.3374,6.3374,6.3374,6.3374,6.3374,6.3374,6.3374,6.3374,6.3374,6.3374,6.3374,6.3374,6.3374,6.3374,6.3374,6.3374,6.3374,6.3374,6.3374,6.3374,6.3374,6.3374,6.3374,6.3374,6.3374,6.3374,6.3374,6.3374,6.3374,6.3374,6.3374,6.3374,6.3374,6.3374,6.3374,6.3374,6.3374,6.3374,6.3374,6.3374,6.3374,6.3374,6.3374,6.3374,6.3374,6.3374,6.3374,6.3374,6.3374,6.3374,6.3374,6.3374,6.3374,6.3374,6.3374,6.3374,6.3374,6.3374,6.3374,6.3374,6.3374,6.3374,6.3374,6.3374,6.3374,6.3374,6.3374,6.3374,6.3374,6.3374,6.3374,6.3374,6.3374,6.3374,6.3374,6.3374,6.3374,6.3374,6.3374,6.3374,6.3374,6.3374,6.3374,6.3374,6.3374,6.3374,6.3374,6.3374,6.3374,6.3374,6.3374,6.3374,6.3374,6.3374,6.3374,6.3374,6.3374,6.3374,6.3374,6.3374,6.3374,6.3374,6.3374,6.3374,6.3374,6.3374,6.3374,6.3374,6.3374,6.3374,6.3374,6.3374,6.3374,6.3374,6.3374,6.3374,6.3374,6.3374,6.3374,6.3374,6.3374,6.3374,6.3374,6.3374,6.3374,6.3374,6.3374,6.3374,6.3374,6.3374,6.3374,6.3374,6.3374,6.3374,6.3374,6.3374,6.3374,6.3374,6.3374,6.3374,6.3374,6.3374,6.3374,6.3374,6.3374,6.3374,6.3374,6.3374,6.3374,6.3374,6.3374,6.3374,6.3374,6.3374,6.3374,6.3374,6.3374,6.3374,6.3374,6.3374,6.3374,6.3374,6.3374,6.3374,6.3374,6.3374,6.3374,6.3374,6.3374,6.3374,6.3374,6.3374,6.3374,6.3374,6.3374,6.3374,6.3374,6.3374,6.3374,6.3374,6.3374,6.3374,6.3374,6.3374,6.3374,6.3374,6.3374,6.3374,6.3374,6.3374,6.3374,6.3374,6.3374,6.3374,6.3374,6.3374,6.3374,6.3374,6.3374,6.3374,6.3374,6.3374,6.3374,6.3374,6.3374,6.3374,6.3374,6.3374,6.3374,6.3374,6.3374,6.3374,6.3374,6.3374,6.3374,6.3374,6.3374,6.3374,6.3374,6.3374,6.3374,6.3374,6.3374,6.3374,6.3374,6.3374,6.3374,6.3374,6.3374,6.3374,6.3374,6.3374,6.3374,6.3374,6.3374,6.3374,6.3374,6.3374,6.3374,6.3374,6.3374,6.3374,6.3374,6.3374,6.3374,6.3374,6.3374,6.3374,6.3374,6.3374,6.3374,6.3374,6.3374,6.3374,6.3374,6.3374,6.3374,6.3374,6.3374,6.3374,6.3374,6.3374,6.3374,6.3374,6.3374,6.3374,6.3374,6.3374,6.3374,6.3374,6.3374,6.3374,6.3374,6.3374,6.3374,6.3374,6.3374,6.3374,6.3374,6.3374,6.3374,6.3374,6.3374,6.3374,6.3374,6.3374,6.3374,6.3374,6.3374,6.3374,6.3374,6.3374,6.3374,6.3374,6.3374,6.3374,6.3374,6.3374,6.3374,6.3374,6.3374,6.3374,6.3374,6.3374,6.3374,6.3374,6.3374,6.3374,6.3374,6.3374,6.3374,6.3374,6.3374,6.3374,6.3374,6.3374,6.3374,6.3374,6.3374,6.3374,6.3374,6.3374,6.3374,6.3374,6.3374,6.3374,6.3374,6.3374,6.3374,6.3374,6.3374,6.3374,6.3374,6.3374,6.3374,6.3374,6.3374,6.3374,6.3374,6.3374,6.3374,6.3374,6.3374,6.3374,6.3374,6.3374,6.3374,6.3374,6.3374,6.3374,6.3374,6.3374,6.3374,6.3374,6.3374,6.3374,6.3374,6.3374,6.3374,6.3374,6.3374,6.3374,6.3374,6.3374,6.3374,6.3374,6.3374,6.3374,6.3374,6.3374,6.3374,6.3374,6.3374,6.3374,6.3374,6.3374,6.3374,6.3374,6.3374,6.3374,6.3374,6.3374,6.3374,6.3374,6.3374,6.3374,6.3374,6.3374,6.3374,6.3374,6.3374,6.3374,6.3374,6.3374,6.3374,6.3374,6.3374,6.3374,6.3374,6.3374,6.3374,6.3374,6.3374,6.3374,6.3374,6.3374,6.3374,6.3374,6.3374,6.3374,6.3374,6.3374,6.3374,6.3374,6.3374,6.3374,6.3374,6.3374,6.3374,6.3374,6.3374,6.3374,6.3374,6.3374,6.3374,6.3374,6.3374,6.3374,6.3374,6.3374,6.3374,6.3374,6.3374,6.3374,6.3374,6.3374,6.3374,6.3374,6.3374,6.3374,6.3374,6.3374,6.3374,6.3374,6.3374,6.3374,6.3374,6.3374,6.3374,6.3374,6.3374,6.3374,6.3374,6.3374,6.3374,6.3374,6.3374,6.3374,6.3374,6.3374,6.3374,6.3374,6.3374,6.3374,6.3374,6.3374,6.3374,6.3374,6.3374,6.3374,6.3374,6.3374,6.3374,6.3374,6.3374,6.3374,6.3374,6.3374,6.3374,6.3374,6.3374,6.3374,6.3374,6.3374,6.3374,6.3374,6.3374,6.3374,6.3374,6.3374,6.3374,6.3374,6.3374,6.3374,6.3374,6.3374,6.3374,6.3374,6.3374,6.3374,6.3374,6.3374,6.3374,6.3374,6.3374,6.3374,6.3374,6.3374,6.3374,6.3374,6.3374,6.3374,6.3374,6.3374,6.3374,6.3374,6.3374,6.3374,6.3374,6.3374,6.3374,6.3374,6.3374,6.3374,6.3374,6.3374,6.3374,6.3374,6.3374,6.3374,6.3374,6.3374,6.3374,6.3374,6.3374,6.3374,6.3374,6.3374,6.3374,6.3374,6.3374,6.3374,6.3374,6.3374,6.3374,6.3374,6.3374,6.3374,6.3374,6.3374,6.3374,6.3374,6.3374,6.3374,6.3374,6.3374,6.3374,6.3374,6.3374,6.3374,6.3374,6.3374,6.3374,6.3374,6.3374,6.3374,6.3374,6.3374,6.3374,6.3374,6.3374,6.3374,6.3374,6.3374,6.3374,6.3374,6.3374,6.3374,6.3374,6.3374,6.3374,6.3374,6.3374,6.3374,6.3374,6.3374,6.3374,6.3374,6.3374,6.3374,6.3374,6.3374,6.3374,6.3374,6.3374,6.3374,6.3374,6.3374,6.3374,6.3374,6.3374,6.3374,6.3374,6.3374,6.3374,6.3374,6.3374,6.3374,6.3374,6.3374,6.3374,6.3374,6.3374,6.3374,6.3374,6.3374,6.3374,6.3374,6.3374,6.3374,6.3374,6.3374,6.3374,6.3374,6.3374,6.3374,6.3374,6.3374,6.3374,6.3374,6.3374,6.3374,6.3374,6.3374,6.3374,6.3374,6.3374,6.3374,6.3374,6.3374,6.3374,6.3374,6.3374,6.3374,6.3374,6.3374,6.3374,6.3374,6.3374,6.3374,6.3374,6.3374,6.3374,6.3374,6.3374,6.3374,6.3374,6.3374,6.3374,6.3374,6.3374,6.3374,6.3374,6.3374,6.3374,6.3374,6.3374,6.3374,6.3374,6.3374,6.3374,6.3374,6.3374,6.3374,6.3374,6.3374,6.3374,6.3374,6.3374,6.3374,6.3374,6.3374,6.3374,6.3374,6.3374,6.3374,6.3374,6.3374,6.3374,6.3374,6.3374,6.3374,6.3374,6.3374,6.3374,6.3374,6.3374,6.3374,6.3374,6.3374,6.3374,6.3374,6.3374,6.3374,6.3374,6.3374,6.3374,6.3374,6.3374,6.3374,6.3374,6.3374,6.3374,6.3374,6.3374,6.3374,6.3374,6.3374,6.3374,6.3374,6.3374,6.3374,6.3374,6.3374,6.3374,6.3374,6.3374,6.3374,6.3374,6.3374,6.3374,6.3374,6.3374,6.3374,6.3374,6.3374,6.3374,6.3374,6.3374,6.3374,6.3374,6.3374,6.3374,6.3374,6.3374,6.3374,6.3374,6.3374,6.3374,6.3374,6.3374,6.3374,6.3374,6.3374,6.3374,6.3374,6.3374,6.3374,6.3374,6.3374,6.3374,6.3374,6.3374,6.3374,6.3374,6.3374,6.3374,6.3374,6.3374,6.3374,6.3374,6.3374,6.3374,6.3374,6.3374,6.3374,6.3374,6.3374,6.3374,6.3374,6.3374,6.3374,6.3374,6.3374,6.3374,6.3374,6.3374,6.3374,6.3374,6.3374,6.3374,6.3374,6.3374,6.3374,6.3374,6.3374,6.3374,6.3374,6.3374,6.3374,6.3374,6.3374,6.3374,6.3374,6.3374,6.3374,6.3374,6.3374,6.3374,6.3374,6.3374,6.3374,6.3374,6.3374,6.3374,6.3374,6.3374,6.3374,6.3374,6.3374,6.3374,6.3374,6.3374,6.3374,6.3374,6.3374,6.3374,6.3374,6.3374,6.3374,6.3374,6.3374,6.3374,6.3374,6.3374,6.3374,6.3374,6.3374,6.3374,6.3374,6.3374,6.3374,6.3374,6.3374,6.3374,6.3374,6.3374,6.3374,6.3374,6.3374,6.3374,6.3374,6.3374,6.3374,6.3374,6.3374,6.3374,6.3374,6.3374,6.3374,6.3374,6.3374,6.3374,6.3374,6.3374,6.3374,6.3374,6.3374,6.3374,6.3374,6.3374,6.3374,6.3374,6.3374,6.3374,6.3374,6.3374,6.3374,6.3374,6.3374,6.3374,6.3374,6.3374,6.3374,6.3374,6.3374,6.3374,6.3374,6.3374,6.3374,6.3374,6.3374,6.3374,6.3374,6.3374,6.3374,6.3374,6.3374,6.3374,6.3374,6.3374,6.3374,6.3374,6.3374,6.3374,6.3374,6.3374,6.3374,6.3374,6.3374,6.3374,6.3374,6.3374,6.3374,6.3374,6.3374,6.3374,6.3374,6.3374,6.3374,6.3374,6.3374,6.3374,6.3374,6.3374,6.3374,6.3374,6.3374,6.3374,6.3374,6.3374,6.3374,6.3374,6.3374
6.3331,6.3331,6.3331,6.3331,6.3331,6.3331,6.3331,6.3331,6.3331,6.3331,6.3331,6.3331,6.3331,6.3331,6.3331,6.3331,6.3331,6.3331,6.3331,6.3331,6.3331,6.3331,6.3331,6.3331,6.3331,6.3331,6.3331,6.3331,6.3331,6.3331,6.3331,6.3331,6.3331,6.3331,6.3331,6.3331,6.3331,6.3331,6.3331,6.3331,6.3331,6.3331,6.3331,6.3331,6.3331,6.3331,6.3331,6.3331,6.3331,6.3331,6.3331,6.3331,6.3331,6.3331,6.3331,6.3331,6.3331,6.3331,6.3331,6.3331,6.3331,6.3331,6.3331,6.3331,6.3331,6.3331,6.3331,6.3331,6.3331,6.3331,6.3331,6.3331,6.3331,6.3331,6.3331,6.3331,6.3331,6.3331,6.3331,6.3331,6.3331,6.3331,6.3331,6.3331,6.3331,6.3331,6.3331,6.3331,6.3331,6.3331,6.3331,6.3331,6.3331,6.3331,6.3331,6.3331,6.3331,6.3331,6.3331,6.3331,6.3331,6.3331,6.3331,6.3331,6.3331,6.3331,6.3331,6.3331,6.3331,6.3331,6.3331,6.3331,6.3331,6.3331,6.3331,6.3331,6.3331,6.3331,6.3331,6.3331,6.3331,6.3331,6.3331,6.3331,6.3331,6.3331,6.3331,6.3331,6.3331,6.3331,6.3331,6.3331,6.3331,6.3331,6.3331,6.3331,6.3331,6.3331,6.3331,6.3331,6.3331,6.3331,6.3331,6.3331,6.3331,6.3331,6.3331,6.3331,6.3331,6.3331,6.3331,6.3331,6.3331,6.3331,6.3331,6.3331,6.3331,6.3331,6.3331,6.3331,6.3331,6.3331,6.3331,6.3331,6.3331,6.3331,6.3331,6.3331,6.3331,6.3331,6.3331,6.3331,6.3331,6.3331,6.3331,6.3331,6.3331,6.3331,6.3331,6.3331,6.3331,6.3331,6.3331,6.3331,6.3331,6.3331,6.3331,6.3331,6.3331,6.3331,6.3331,6.3331,6.3331,6.3331,6.3331,6.3331,6.3331,6.3331,6.3331,6.3331,6.3331,6.3331,6.3331,6.3331,6.3331,6.3331,6.3331,6.3331,6.3331,6.3331,6.3331,6.3331,6.3331,6.3331,6.3331,6.3331,6.3331,6.3331,6.3331,6.3331,6.3331,6.3331,6.3331,6.3331,6.3331,6.3331,6.3331,6.3331,6.3331,6.3331,6.3331,6.3331,6.3331,6.3331,6.3331,6.3331,6.3331,6.3331,6.3331,6.3331,6.3331,6.3331,6.3331,6.3331,6.3331,6.3331,6.3331,6.3331,6.3331,6.3331,6.3331,6.3331,6.3331,6.3331,6.3331,6.3331,6.3331,6.3331,6.3331,6.3331,6.3331,6.3331,6.3331,6.3331,6.3331,6.3331,6.3331,6.3331,6.3331,6.3331,6.3331,6.3331,6.3331,6.3331,6.3331,6.3331,6.3331,6.3331,6.3331,6.3331,6.3331,6.3331,6.3331,6.3331,6.3331,6.3331,6.3331,6.3331,6.3331,6.3331,6.3331,6.3331,6.3331,6.3331,6.3331,6.3331,6.3331,6.3331,6.3331,6.3331,6.3331,6.3331,6.3331,6.3331,6.3331,6.3331,6.3331,6.3331,6.3331,6.3331,6.3331,6.3331,6.3331,6.3331,6.3331,6.3331,6.3331,6.3331,6.3331,6.3331,6.3331,6.3331,6.3331,6.3331,6.3331,6.3331,6.3331,6.3331,6.3331,6.3331,6.3331,6.3331,6.3331,6.3331,6.3331,6.3331,6.3331,6.3331,6.3331,6.3331,6.3331,6.3331,6.3331,6.3331,6.3331,6.3331,6.3331,6.3331,6.3331,6.3331,6.3331,6.3331,6.3331,6.3331,6.3331,6.3331,6.3331,6.3331,6.3331,6.3331,6.3331,6.3331,6.3331,6.3331,6.3331,6.3331,6.3331,6.3331,6.3331,6.3331,6.3331,6.3331,6.3331,6.3331,6.3331,6.3331,6.3331,6.3331,6.3331,6.3331,6.3331,6.3331,6.3331,6.3331,6.3331,6.3331,6.3331,6.3331,6.3331,6.3331,6.3331,6.3331,6.3331,6.3331,6.3331,6.3331,6.3331,6.3331,6.3331,6.3331,6.3331,6.3331,6.3331,6.3331,6.3331,6.3331,6.3331,6.3331,6.3331,6.3331,6.3331,6.3331,6.3331,6.3331,6.3331,6.3331,6.3331,6.3331,6.3331,6.3331,6.3331,6.3331,6.3331,6.3331,6.3331,6.3331,6.3331,6.3331,6.3331,6.3331,6.3331,6.3331,6.3331,6.3331,6.3331,6.3331,6.3331,6.3331,6.3331,6.3331,6.3331,6.3331,6.3331,6.3331,6.3331,6.3331,6.3331,6.3331,6.3331,6.3331,6.3331,6.3331,6.3331,6.3331,6.3331,6.3331,6.3331,6.3331,6.3331,6.3331,6.3331,6.3331,6.3331,6.3331,6.3331,6.3331,6.3331,6.3331,6.3331,6.3331,6.3331,6.3331,6.3331,6.3331,6.3331,6.3331,6.3331,6.3331,6.3331,6.3331,6.3331,6.3331,6.3331,6.3331,6.3331,6.3331,6.3331,6.3331,6.3331,6.3331,6.3331,6.3331,6.3331,6.3331,6.3331,6.3331,6.3331,6.3331,6.3331,6.3331,6.3331,6.3331,6.3331,6.3331,6.3331,6.3331,6.3331,6.3331,6.3331,6.3331,6.3331,6.3331,6.3331,6.3331,6.3331,6.3331,6.3331,6.3331,6.3331,6.3331,6.3331,6.3331,6.3331,6.3331,6.3331,6.3331,6.3331,6.3331,6.3331,6.3331,6.3331,6.3331,6.3331,6.3331,6.3331,6.3331,6.3331,6.3331,6.3331,6.3331,6.3331,6.3331,6.3331,6.3331,6.3331,6.3331,6.3331,6.3331,6.3331,6.3331,6.3331,6.3331,6.3331,6.3331,6.3331,6.3331,6.3331,6.3331,6.3331,6.3331,6.3331,6.3331,6.3331,6.3331,6.3331,6.3331,6.3331,6.3331,6.3331,6.3331,6.3331,6.3331,6.3331,6.3331,6.3331,6.3331,6.3331,6.3331,6.3331,6.3331,6.3331,6.3331,6.3331,6.3331,6.3331,6.3331,6.3331,6.3331,6.3331,6.3331,6.3331,6.3331,6.3331,6.3331,6.3331,6.3331,6.3331,6.3331,6.3331,6.3331,6.3331,6.3331,6.3331,6.3331,6.3331,6.3331,6.3331,6.3331,6.3331,6.3331,6.3331,6.3331,6.3331,6.3331,6.3331,6.3331,6.3331,6.3331,6.3331,6.3331,6.3331,6.3331,6.3331,6.3331,6.3331,6.3331,6.3331,6.3331,6.3331,6.3331,6.3331,6.3331,6.3331,6.3331,6.3331,6.3331,6.3331,6.3331,6.3331,6.3331,6.3331,6.3331,6.3331,6.3331,6.3331,6.3331,6.3331,6.3331,6.3331,6.3331,6.3331,6.3331,6.3331,6.3331,6.3331,6.3331,6.3331,6.3331,6.3331,6.3331,6.3331,6.3331,6.3331,6.3331,6.3331,6.3331,6.3331,6.3331,6.3331,6.3331,6.3331,6.3331,6.3331,6.3331,6.3331,6.3331,6.3331,6.3331,6.3331,6.3331,6.3331,6.3331,6.3331,6.3331,6.3331,6.3331,6.3331,6.3331,6.3331,6.3331,6.3331,6.3331,6.3331,6.3331,6.3331,6.3331,6.3331,6.3331,6.3331,6.3331,6.3331,6.3331,6.3331,6.3331,6.3331,6.3331,6.3331,6.3331,6.3331,6.3331,6.3331,6.3331,6.3331,6.3331,6.3331,6.3331,6.3331,6.3331,6.3331,6.3331,6.3331,6.3331,6.3331,6.3331,6.3331,6.3331,6.3331,6.3331,6.3331,6.3331,6.3331,6.3331,6.3331,6.3331,6.3331,6.3331,6.3331,6.3331,6.3331,6.3331,6.3331,6.3331,6.3331,6.3331,6.3331,6.3331,6.3331,6.3331,6.3331,6.3331,6.3331,6.3331,6.3331,6.3331,6.3331,6.3331,6.3331,6.3331,6.3331,6.3331,6.3331,6.3331,6.3331,6.3331,6.3331,6.3331,6.3331,6.3331,6.3331,6.3331,6.3331,6.3331,6.3331,6.3331,6.3331,6.3331,6.3331,6.3331,6.3331,6.3331,6.3331,6.3331,6.3331,6.3331,6.3331,6.3331,6.3331,6.3331,6.3331,6.3331,6.3331,6.3331,6.3331,6.3331,6.3331,6.3331,6.3331,6.3331,6.3331,6.3331,6.3331,6.3331,6.3331,6.3331,6.3331,6.3331,6.3331,6.3331,6.3331,6.3331,6.3331,6.3331,6.3331,6.3331,6.3331,6.3331,6.3331,6.3331,6.3331,6.3331,6.3331,6.3331,6.3331,6.3331,6.3331,6.3331,6.3331,6.3331,6.3331,6.3333,6.3333,6.3333,6.3333,6.3333,6.3333,6.3333,6.3333,6.3333,6.3333,6.3333,6.3333,6.3333,6.3333,6.3333,6.3333,6.3333,6.3333,6.3333,6.3333,6.3333,6.3333,6.3333,6.3333,6.3333,6.3333,6.3333,6.3333,6.3333,6.3333,6.3333,6.3333,6.3333,6.3333,6.3333,6.3333,6.3333,6.3333,6.3333,6.3333,6.3333,6.3333,6.3333,6.3333,6.3333,6.3333,6.3333,6.3333,6.3333,6.3333,6.3333,6.3333,6.3333,6.3333,6.3333,6.3333,6.3333,6.3333,6.3333,6.3333,6.3333,6.3333,6.3333,6.3333,6.3333,6.3333,6.3333,6.3333,6.3333,6.3333,6.3333,6.3333,6.3333,6.3333,6.3333,6.3333,6.3333,6.3333,6.3333,6.3333,6.3333,6.3333,6.3333,6.3333,6.3333,6.3333,6.3333,6.3333,6.3333,6.3333,6.3333,6.3333,6.3333,6.3333,6.3333,6.3333,6.3333,6.3333,6.3333,6.3333,6.3333,6.3333,6.3333,6.3333,6.3333,6.3333,6.3333,6.3333,6.3333,6.3333,6.3333,6.3333,6.3333,6.3333,6.3333,6.3333,6.3333,6.3333,6.3333,6.3333,6.3333,6.3333,6.3333,6.3333,6.3333,6.3333,6.3333,6.3333,6.3333,6.3333,6.3333
6.3285,6.3285,6.3285,6.3285,6.3285,6.3285,6.3285,6.3285,6.3285,6.3285,6.3285,6.3285,6.3285,6.3285,6.3285,6.3285,6.3285,6.3285,6.3285,6.3285,6.3285,6.3285,6.3285,6.3285,6.3285,6.3285,6.3285,6.3285,6.3285,6.3285,6.3285,6.3285,6.3285,6.3285,6.3285,6.3285,6.3285,6.3285,6.3285,6.3285,6.3285,6.3285,6.3285,6.3285,6.3285,6.3285,6.3285,6.3285,6.3285,6.3285,6.3285,6.3285,6.3285,6.3285,6.3285,6.3285,6.3285,6.3285,6.3285,6.3285,6.3285,6.3285,6.3285,6.3285,6.3285,6.3285,6.3285,6.3285,6.3285,6.3285,6.3285,6.3285,6.3285,6.3285,6.3285,6.3285,6.3285,6.3285,6.3285,6.3285,6.3285,6.3285,6.3285,6.3285,6.3285,6.3285,6.3285,6.3285,6.3285,6.3285,6.3285,6.3285,6.3285,6.3285,6.3285,6.3285,6.3285,6.3285,6.3285,6.3285,6.3285,6.3285,6.3285,6.3285,6.3285,6.3285,6.3285,6.3285,6.3285,6.3285,6.3285,6.3285,6.3285,6.3285,6.3285,6.3285,6.3285,6.3285,6.3285,6.3285,6.3285,6.3285,6.3285,6.3285,6.3285,6.3285,6.3285,6.3285,6.3285,6.3285,6.3285,6.3285,6.3285,6.3285,6.3285,6.3285,6.3285,6.3285,6.3285,6.3285,6.3285,6.3285,6.3285,6.3285,6.3285,6.3285,6.3285,6.3285,6.3285,6.3285,6.3285,6.3285,6.3285,6.3285,6.3285,6.3285,6.3285,6.3285,6.3285,6.3285,6.3285,6.3285,6.3285,6.3285,6.3285,6.3285,6.3285,6.3285,6.3285,6.3285,6.3285,6.3285,6.3285,6.3285,6.3285,6.3285,6.3285,6.3285,6.3285,6.3285,6.3285,6.3285,6.3285,6.3285,6.3285,6.3285,6.3285,6.3285,6.3285,6.3285,6.3285,6.3285,6.3285,6.3285,6.3285,6.3285,6.3285,6.3285,6.3285,6.3285,6.3285,6.3285,6.3285,6.3285,6.3285,6.3285,6.3285,6.3285,6.3285,6.3285,6.3285,6.3285,6.3285,6.3285,6.3285,6.3285,6.3285,6.3285,6.3285,6.3285,6.3285,6.3285,6.3285,6.3285,6.3285,6.3285,6.3285,6.3285,6.3285,6.3285,6.3285,6.3285,6.3285,6.3285,6.3285,6.3285,6.3285,6.3285,6.3285,6.3285,6.3285,6.3285,6.3285,6.3285,6.3285,6.3285,6.3285,6.3285,6.3285,6.3285,6.3285,6.3285,6.3285,6.3285,6.3285,6.3285,6.3285,6.3285,6.3285,6.3285,6.3285,6.3285,6.3285,6.3285,6.3285,6.3285,6.3285,6.3285,6.3285,6.3285,6.3285,6.3285,6.3285,6.3285,6.3285,6.3285,6.3285,6.3285,6.3285,6.3285,6.3285,6.3285,6.3285,6.3285,6.3285,6.3285,6.3285,6.3285,6.3285,6.3285,6.3285,6.3285,6.3285,6.3285,6.3285,6.3285,6.3285,6.3285,6.3285,6.3285,6.3285,6.3285,6.3285,6.3285,6.3285,6.3285,6.3285,6.3285,6.3285,6.3285,6.3285,6.3285,6.3285,6.3285,6.3285,6.3285,6.3285,6.3285,6.3285,6.3285,6.3285,6.3285,6.3285,6.3285,6.3285,6.3285,6.3285,6.3285,6.3285,6.3285,6.3285,6.3285,6.3285,6.3285,6.3285,6.3285,6.3285,6.3285,6.3285,6.3285,6.3285,6.3285,6.3285,6.3285,6.3285,6.3285,6.3285,6.3285,6.3285,6.3285,6.3285,6.3285,6.3285,6.3285,6.3285,6.3285,6.3285,6.3285,6.3285,6.3285,6.3285,6.3285,6.3285,6.3285,6.3285,6.3285,6.3285,6.3285,6.3285,6.3285,6.3285,6.3285,6.3285,6.3285,6.3285,6.3285,6.3285,6.3285,6.3285,6.3285,6.3285,6.3285,6.3285,6.3285,6.3285,6.3285,6.3285,6.3285,6.3285,6.3285,6.3285,6.3285,6.3285,6.3285,6.3285,6.3285,6.3285,6.3285,6.3285,6.3285,6.3285,6.3285,6.3285,6.3285,6.3285,6.3285,6.3285,6.3285,6.3285,6.3285,6.3285,6.3285,6.3285,6.3285,6.3285,6.3285,6.3285,6.3285,6.3285,6.3285,6.3285,6.3285,6.3285,6.3285,6.3285,6.3285,6.3285,6.3285,6.3285,6.3285,6.3285,6.3285,6.3285,6.3285,6.3285,6.3285,6.3285,6.3285,6.3285,6.3285,6.3285,6.3285,6.3285,6.3285,6.3285,6.3285,6.3285,6.3285,6.3285,6.3285,6.3285,6.3285,6.3285,6.3285,6.3285,6.3285,6.3285,6.3285,6.3285,6.3285,6.3285,6.3285,6.3285,6.3285,6.3285,6.3285,6.3285,6.3285,6.3285,6.3285,6.3285,6.3285,6.3285,6.3285,6.3285,6.3285,6.3285,6.3285,6.3285,6.3285,6.3285,6.3285,6.3285,6.3285,6.3285,6.3285,6.3285,6.3285,6.3285,6.3285,6.3285,6.3285,6.3285,6.3285,6.3285,6.3285,6.3285,6.3285,6.3285,6.3285,6.3285,6.3285,6.3285,6.3285,6.3285,6.3285,6.3285,6.3285,6.3285,6.3285,6.3285,6.3285,6.3285,6.3285,6.3285,6.3285,6.3285,6.3285,6.3285,6.3285,6.3285,6.3285,6.3285,6.3285,6.3285,6.3285,6.3285,6.3285,6.3285,6.3285,6.3285,6.3285,6.3285,6.3285,6.3285,6.3285,6.3285,6.3285,6.3285,6.3285,6.3285,6.3285,6.3285,6.3285,6.3285,6.3285,6.3285,6.3285,6.3285,6.3285,6.3285,6.3285,6.3285,6.3285,6.3285,6.3285,6.3285,6.3285,6.3285,6.3285,6.3285,6.3285,6.3285,6.3285,6.3285,6.3285,6.3285,6.3285,6.3285,6.3285,6.3285,6.3285,6.3285,6.3285,6.3285,6.3285,6.3285,6.3285,6.3285,6.3285,6.3285,6.3285,6.3285,6.3285,6.3285,6.3285,6.3285,6.3285,6.3285,6.3285,6.3285,6.3285,6.3285,6.3285,6.3285,6.3285,6.3285,6.3285,6.3285,6.3285,6.3285,6.3285,6.3285,6.3285,6.3285,6.3285,6.3285,6.3285,6.3285,6.3285,6.3285,6.3285,6.3285,6.3285,6.3285,6.3285,6.3285,6.3285,6.3285,6.3285,6.3285,6.3285,6.3285,6.3285,6.3285,6.3285,6.3285,6.3285,6.3285,6.3285,6.3285,6.3285,6.3285,6.3285,6.3285,6.3285,6.3285,6.3285,6.3285,6.3285,6.3285,6.3285,6.3285,6.3285,6.3285,6.3285,6.3285,6.3285,6.3285,6.3285,6.3285,6.3285,6.3285,6.3285,6.3285,6.3285,6.3285,6.3285,6.3285,6.3285,6.3285,6.3285,6.3285,6.3285,6.3285,6.3285,6.3285,6.3285,6.3285,6.3285,6.3285,6.3285,6.3285,6.3285,6.3285,6.3285,6.3285,6.3285,6.3285,6.3285,6.3285,6.3285,6.3285,6.3285,6.3285,6.3285,6.3285,6.3285,6.3285,6.3285,6.3285,6.3285,6.3285,6.3285,6.3285,6.3285,6.3285,6.3285,6.3285,6.3285,6.3285,6.3285,6.3285,6.3285,6.3285,6.3285,6.3285,6.3285,6.3285,6.3285,6.3285,6.3285,6.3285,6.3285,6.3285,6.3285,6.3285,6.3285,6.3285,6.3285,6.3285,6.3285,6.3285,6.3285,6.3285,6.3285,6.3285,6.3285,6.3285,6.3285,6.3285,6.3285,6.3285,6.3285,6.3285,6.3285,6.3285,6.3285,6.3285,6.3285,6.3285,6.3285,6.3285,6.3285,6.3285,6.3285,6.3285,6.3285,6.3285,6.3285,6.3285,6.3285,6.3285,6.3285,6.3285,6.3285,6.3285,6.3285,6.3285,6.3285,6.3285,6.3285,6.3285,6.3285,6.3285,6.3285,6.3285,6.3285,6.3285,6.3285,6.3285,6.3285,6.3285,6.3285,6.3285,6.3285,6.3285,6.3285,6.3285,6.3285,6.3285,6.3285,6.3285,6.3285,6.3285,6.3285,6.3285,6.3285,6.3285,6.3285,6.3285,6.3285,6.3285,6.3285,6.3285,6.3285,6.3285,6.3285,6.3285,6.3285,6.3285,6.3285,6.3285,6.3285,6.3285,6.3285,6.3285,6.3285,6.3285,6.3285,6.3285,6.3285,6.3285,6.3285,6.3285,6.3285,6.3285,6.3285,6.3285,6.3285,6.3285,6.3285,6.3285,6.3285,6.3285,6.3285,6.3285,6.3285,6.3285,6.3285,6.3285,6.3285,6.3285,6.3285,6.3285,6.3285,6.3285,6.3285,6.3285,6.3285,6.3285,6.3285,6.3285,6.3285,6.3285,6.3285,6.3285,6.3285,6.3285,6.3285,6.3285,6.3285,6.3285,6.3285,6.3285,6.3285,6.3285,6.3285,6.3285,6.3285,6.3285,6.3285,6.3285,6.3285,6.3285,6.3285,6.3285,6.3285,6.3285,6.3285,6.3285,6.3285,6.3285,6.3285,6.3285,6.3285,6.3285,6.3285,6.3285,6.3285,6.3285,6.3285,6.3285,6.3285,6.3285,6.3285,6.3285,6.3285,6.3285,6.3285,6.3285,6.3285,6.3285,6.3285,6.3285,6.3285,6.3285,6.3285,6.3285,6.3285,6.3285,6.3285,6.3285,6.3285,6.3285,6.3285,6.3285,6.3285,6.3285,6.3285,6.3285,6.3285,6.3285,6.3285,6.3285,6.3285,6.3285,6.3285,6.3285,6.3285,6.3285,6.3285,6.3285,6.3285,6.3285,6.3285,6.3285,6.3285,6.3285,6.3285,6.3285,6.3285,6.3285,6.3285,6.3285,6.3285,6.3285,6.3285,6.3285,6.3285,6.3285,6.3285,6.3285,6.3285,6.3285,6.3285,6.3285,6.3285,6.3285,6.3285,6.3285,6.3285,6.3285,6.3285,6.3285,6.3285,6.3285,6.3285,6.3285,6.3285
6.3240,6.3240,6.3240,6.3240,6.3240,6.3240,6.3240,6.3240,6.3240,6.3240,6.3240,6.3240,6.3240,6.3240,6.3240,6.3240,6.3240,6.3240,6.3240,6.3240,6.3240,6.3240,6.3240,6.3240,6.3240,6.3240,6.3240,6.3240,6.3240,6.3240,6.3240,6.3240,6.3240,6.3240,6.3240,6.3240,6.3240,6.3240,6.3240,6.3240,6.3240,6.3240,6.3240,6.3240,6.3240,6.3240,6.3240,6.3240,6.3240,6.3240,6.3240,6.3240,6.3240,6.3240,6.3240,6.3240,6.3240,6.3240,6.3240,6.3240,6.3240,6.3240,6.3240,6.3240,6.3240,6.3240,6.3240,6.3240,6.3240,6.3240,6.3240,6.3240,6.3240,6.3240,6.3240,6.3240,6.3240,6.3240,6.3240,6.3240,6.3240,6.3240,6.3240,6.3240,6.3240,6.3240,6.3240,6.3240,6.3240,6.3240,6.3240,6.3240,6.3240,6.3240,6.3240,6.3240,6.3240,6.3240,6.3240,6.3240,6.3240,6.3240,6.3240,6.3240,6.3240,6.3240,6.3240,6.3240,6.3240,6.3240,6.3240,6.3240,6.3240,6.3240,6.3240,6.3240,6.3240,6.3240,6.3240,6.3240,6.3240,6.3240,6.3240,6.3240,6.3240,6.3240,6.3240,6.3240,6.3240,6.3240,6.3240,6.3240,6.3240,6.3240,6.3240,6.3240,6.3240,6.3240,6.3240,6.3240,6.3240,6.3240,6.3240,6.3240,6.3240,6.3240,6.3240,6.3240,6.3240,6.3240,6.3240,6.3240,6.3240,6.3240,6.3240,6.3240,6.3240,6.3240,6.3240,6.3240,6.3240,6.3240,6.3240,6.3240,6.3240,6.3240,6.3240,6.3240,6.3240,6.3240,6.3240,6.3240,6.3240,6.3240,6.3240,6.3240,6.3240,6.3240,6.3240,6.3240,6.3240,6.3240,6.3240,6.3240,6.3240,6.3240,6.3240,6.3240,6.3240,6.3240,6.3240,6.3240,6.3240,6.3240,6.3240,6.3240,6.3240,6.3240,6.3240,6.3240,6.3240,6.3240,6.3240,6.3240,6.3240,6.3240,6.3240,6.3240,6.3240,6.3240,6.3240,6.3240,6.3240,6.3240,6.3240,6.3240,6.3240,6.3240,6.3240,6.3240,6.3240,6.3240,6.3240,6.3240,6.3240,6.3240,6.3240,6.3240,6.3240,6.3240,6.3240,6.3240,6.3240,6.3240,6.3240,6.3240,6.3240,6.3240,6.3240,6.3240,6.3240,6.3240,6.3240,6.3240,6.3240,6.3240,6.3240,6.3240,6.3240,6.3240,6.3240,6.3240,6.3240,6.3240,6.3240,6.3240,6.3240,6.3240,6.3240,6.3240,6.3240,6.3240,6.3240,6.3240,6.3240,6.3240,6.3240,6.3240,6.3240,6.3240,6.3240,6.3240,6.3240,6.3240,6.3240,6.3240,6.3240,6.3240,6.3240,6.3240,6.3240,6.3240,6.3240,6.3240,6.3240,6.3240,6.3240,6.3240,6.3240,6.3240,6.3240,6.3240,6.3240,6.3240,6.3240,6.3240,6.3240,6.3240,6.3240,6.3240,6.3240,6.3240,6.3240,6.3240,6.3240,6.3240,6.3240,6.3240,6.3240,6.3240,6.3240,6.3240,6.3240,6.3240,6.3240,6.3240,6.3240,6.3240,6.3240,6.3240,6.3240,6.3240,6.3240,6.3240,6.3240,6.3240,6.3240,6.3240,6.3240,6.3240,6.3240,6.3240,6.3240,6.3240,6.3240,6.3240,6.3240,6.3240,6.3240,6.3240,6.3240,6.3240,6.3240,6.3240,6.3240,6.3240,6.3240,6.3240,6.3240,6.3240,6.3240,6.3240,6.3240,6.3240,6.3240,6.3240,6.3240,6.3240,6.3240,6.3240,6.3240,6.3240,6.3240,6.3240,6.3240,6.3240,6.3240,6.3240,6.3240,6.3240,6.3240,6.3240,6.3240,6.3240,6.3240,6.3240,6.3240,6.3240,6.3240,6.3240,6.3240,6.3240,6.3240,6.3240,6.3240,6.3240,6.3240,6.3240,6.3240,6.3240,6.3240,6.3240,6.3240,6.3240,6.3240,6.3240,6.3240,6.3240,6.3240,6.3240,6.3240,6.3240,6.3240,6.3240,6.3240,6.3240,6.3240,6.3240,6.3240,6.3240,6.3240,6.3240,6.3240,6.3240,6.3240,6.3240,6.3240,6.3240,6.3240,6.3240,6.3240,6.3240,6.3240,6.3240,6.3240,6.3240,6.3240,6.3240,6.3240,6.3240,6.3240,6.3240,6.3240,6.3240,6.3240,6.3240,6.3240,6.3240,6.3240,6.3240,6.3240,6.3240,6.3240,6.3240,6.3240,6.3240,6.3240,6.3240,6.3240,6.3240,6.3240,6.3240,6.3240,6.3240,6.3240,6.3240,6.3240,6.3240,6.3240,6.3240,6.3240,6.3240,6.3240,6.3240,6.3240,6.3240,6.3240,6.3240,6.3240,6.3240,6.3240,6.3240,6.3240,6.3240,6.3240,6.3240,6.3240,6.3240,6.3240,6.3240,6.3240,6.3240,6.3240,6.3240,6.3240,6.3240,6.3240,6.3240,6.3240,6.3240,6.3240,6.3240,6.3240,6.3240,6.3240,6.3240,6.3240,6.3240,6.3240,6.3240,6.3240,6.3240,6.3240,6.3240,6.3240,6.3240,6.3240,6.3240,6.3240,6.3240,6.3240,6.3240,6.3240,6.3240,6.3240,6.3240,6.3240,6.3240,6.3240,6.3240,6.3240,6.3240,6.3240,6.3240,6.3240,6.3240,6.3240,6.3240,6.3240,6.3240,6.3240,6.3240,6.3240,6.3240,6.3240,6.3240,6.3240,6.3240,6.3240,6.3240,6.3240,6.3240,6.3240,6.3240,6.3240,6.3240,6.3240,6.3240,6.3240,6.3240,6.3240,6.3240,6.3240,6.3240,6.3240,6.3240,6.3240,6.3240,6.3240,6.3240,6.3240,6.3240,6.3240,6.3240,6.3240,6.3240,6.3240,6.3240,6.3240,6.3240,6.3240,6.3240,6.3240,6.3240,6.3240,6.3240,6.3240,6.3240,6.3240,6.3240,6.3240,6.3240,6.3240,6.3240,6.3240,6.3240,6.3240,6.3240,6.3240,6.3240,6.3240,6.3240,6.3240,6.3240,6.3240,6.3240,6.3240,6.3240,6.3240,6.3240,6.3240,6.3240,6.3240,6.3240,6.3240,6.3240,6.3240,6.3240,6.3240,6.3240,6.3240,6.3240,6.3240,6.3240,6.3240,6.3240,6.3240,6.3240,6.3240,6.3240,6.3240,6.3240,6.3240,6.3240,6.3240,6.3240,6.3240,6.3240,6.3240,6.3240,6.3240,6.3240,6.3240,6.3240,6.3240,6.3240,6.3240,6.3240,6.3240,6.3240,6.3240,6.3240,6.3240,6.3240,6.3240,6.3240,6.3240,6.3240,6.3240,6.3240,6.3240,6.3240,6.3240,6.3240,6.3240,6.3240,6.3240,6.3240,6.3240,6.3240,6.3240,6.3240,6.3240,6.3240,6.3240,6.3240,6.3240,6.3240,6.3240,6.3240,6.3240,6.3240,6.3240,6.3240,6.3240,6.3240,6.3240,6.3240,6.3240,6.3240,6.3240,6.3240,6.3240,6.3240,6.3240,6.3240,6.3240,6.3240,6.3240,6.3240,6.3240,6.3240,6.3240,6.3240,6.3240,6.3240,6.3240,6.3240,6.3240,6.3240,6.3240,6.3240,6.3240,6.3240,6.3240,6.3240,6.3240,6.3240,6.3240,6.3240,6.3240,6.3240,6.3240,6.3240,6.3240,6.3240,6.3240,6.3240,6.3240,6.3240,6.3240,6.3240,6.3240,6.3240,6.3240,6.3240,6.3240,6.3240,6.3240,6.3240,6.3240,6.3240,6.3240,6.3240,6.3240,6.3240,6.3240,6.3240,6.3240,6.3240,6.3240,6.3240,6.3240,6.3240,6.3240,6.3240,6.3240,6.3240,6.3240,6.3240,6.3240,6.3240,6.3240,6.3240,6.3240,6.3240,6.3240,6.3240,6.3240,6.3240,6.3240,6.3240,6.3240,6.3240,6.3240,6.3240,6.3240,6.3240,6.3240,6.3240,6.3240,6.3240,6.3240,6.3240,6.3240,6.3240,6.3240,6.3240,6.3240,6.3240,6.3240,6.3240,6.3240,6.3240,6.3240,6.3240,6.3240,6.3240,6.3240,6.3240,6.3240,6.3240,6.3240,6.3240,6.3240,6.3240,6.3240,6.3240,6.3240,6.3240,6.3240,6.3240,6.3240,6.3240,6.3240,6.3240,6.3240,6.3240,6.3240,6.3240,6.3240,6.3240,6.3240,6.3240,6.3240,6.3240,6.3240,6.3240,6.3240,6.3240,6.3240,6.3240,6.3240,6.3240,6.3240,6.3240,6.3240,6.3240,6.3240,6.3240,6.3240,6.3240,6.3240,6.3240,6.3240,6.3240,6.3240,6.3240,6.3240,6.3240,6.3240,6.3240,6.3240,6.3240,6.3240,6.3240,6.3240,6.3240,6.3240,6.3240,6.3240,6.3240,6.3240,6.3240,6.3240,6.3240,6.3240,6.3240,6.3240,6.3240,6.3240,6.3240,6.3240,6.3240,6.3240,6.3240,6.3240,6.3240,6.3240,6.3240,6.3240,6.3240,6.3240,6.3240,6.3240,6.3240,6.3240,6.3240,6.3240,6.3240,6.3240,6.3240,6.3240,6.3240,6.3240,6.3240,6.3240,6.3240,6.3240,6.3240,6.3240,6.3240,6.3240,6.3240,6.3240,6.3240,6.3240,6.3240,6.3240,6.3240,6.3240,6.3240,6.3240,6.3240,6.3240,6.3240,6.3240,6.3240,6.3240,6.3240,6.3240,6.3240,6.3240,6.3240,6.3240,6.3240,6.3240,6.3240,6.3240,6.3240,6.3240,6.3240,6.3240,6.3240,6.3240,6.3240,6.3240,6.3240,6.3240,6.3240,6.3240,6.3240,6.3240,6.3240,6.3240,6.3240,6.3240,6.3240,6.3240,6.3240,6.3240,6.3240,6.3240,6.3240,6.3240,6.3240,6.3240,6.3240,6.3240,6.3240,6.3240,6.3240,6.3240,6.3240,6.3240,6.3240,6.3240,6.3240,6.3240,6.3240
6.3195,6.3195,6.3195,6.3195,6.3195,6.3195,6.3195,6.3195,6.3195,6.3195,6.3195,6.3195,6.3195,6.3195,6.3195,6.3195,6.3195,6.3195,6.3195,6.3195,6.3195,6.3195,6.3195,6.3195,6.3195,6.3195,6.3195,6.3195,6.3195,6.3195,6.3195,6.3195,6.3195,6.3195,6.3195,6.3195,6.3195,6.3195,6.3195,6.3195,6.3195,6.3195,6.3195,6.3195,6.3195,6.3195,6.3195,6.3195,6.3195,6.3195,6.3195,6.3195,6.3195,6.3195,6.3195,6.3195,6.3195,6.3195,6.3195,6.3195,6.3195,6.3195,6.3195,6.3195,6.3195,6.3195,6.3195,6.3195,6.3195,6.3195,6.3195,6.3195,6.3195,6.3195,6.3195,6.3195,6.3195,6.3195,6.3195,6.3195,6.3195,6.3195,6.3195,6.3195,6.3195,6.3195,6.3195,6.3195,6.3195,6.3195,6.3195,6.3195,6.3195,6.3195,6.3195,6.3195,6.3195,6.3195,6.3195,6.3195,6.3195,6.3195,6.3195,6.3195,6.3195,6.3195,6.3195,6.3195,6.3195,6.3195,6.3195,6.3195,6.3195,6.3195,6.3195,6.3195,6.3195,6.3195,6.3195,6.3195,6.3195,6.3195,6.3195,6.3195,6.3195,6.3195,6.3195,6.3195,6.3195,6.3195,6.3195,6.3195,6.3195,6.3195,6.3195,6.3195,6.3195,6.3195,6.3195,6.3195,6.3195,6.3195,6.3195,6.3195,6.3195,6.3195,6.3195,6.3195,6.3195,6.3195,6.3195,6.3195,6.3195,6.3195,6.3195,6.3195,6.3195,6.3195,6.3195,6.3195,6.3195,6.3195,6.3195,6.3195,6.3195,6.3195,6.3195,6.3195,6.3195,6.3195,6.3195,6.3195,6.3195,6.3195,6.3195,6.3195,6.3195,6.3195,6.3195,6.3195,6.3195,6.3195,6.3195,6.3195,6.3195,6.3195,6.3195,6.3195,6.3195,6.3195,6.3195,6.3195,6.3195,6.3195,6.3195,6.3195,6.3195,6.3195,6.3195,6.3195,6.3195,6.3195,6.3195,6.3195,6.3195,6.3195,6.3195,6.3195,6.3195,6.3195,6.3195,6.3195,6.3195,6.3195,6.3195,6.3195,6.3195,6.3195,6.3195,6.3195,6.3195,6.3195,6.3195,6.3195,6.3195,6.3195,6.3195,6.3195,6.3195,6.3195,6.3195,6.3195,6.3195,6.3195,6.3195,6.3195,6.3195,6.3195,6.3195,6.3195,6.3195,6.3195,6.3195,6.3195,6.3195,6.3195,6.3195,6.3195,6.3195,6.3195,6.3195,6.3195,6.3195,6.3195,6.3195,6.3195,6.3195,6.3195,6.3195,6.3195,6.3195,6.3195,6.3195,6.3195,6.3195,6.3195,6.3195,6.3195,6.3195,6.3195,6.3195,6.3195,6.3195,6.3195,6.3195,6.3195,6.3195,6.3195,6.3195,6.3195,6.3195,6.3195,6.3195,6.3195,6.3195,6.3195,6.3195,6.3195,6.3195,6.3195,6.3195,6.3195,6.3195,6.3195,6.3195,6.3195,6.3195,6.3195,6.3195,6.3195,6.3195,6.3195,6.3195,6.3195,6.3195,6.3195,6.3195,6.3195,6.3195,6.3195,6.3195,6.3195,6.3195,6.3195,6.3195,6.3195,6.3195,6.3195,6.3195,6.3195,6.3195,6.3195,6.3195,6.3195,6.3195,6.3195,6.3195,6.3195,6.3195,6.3195,6.3195,6.3195,6.3195,6.3195,6.3195,6.3195,6.3195,6.3195,6.3195,6.3195,6.3195,6.3195,6.3195,6.3195,6.3195,6.3195,6.3195,6.3195,6.3195,6.3195,6.3195,6.3195,6.3195,6.3195,6.3195,6.3195,6.3195,6.3195,6.3195,6.3195,6.3195,6.3195,6.3195,6.3195,6.3195,6.3195,6.3195,6.3195,6.3195,6.3195,6.3195,6.3195,6.3195,6.3195,6.3195,6.3195,6.3195,6.3195,6.3195,6.3195,6.3195,6.3195,6.3195,6.3195,6.3195,6.3195,6.3195,6.3195,6.3195,6.3195,6.3195,6.3195,6.3195,6.3195,6.3195,6.3195,6.3195,6.3195,6.3195,6.3195,6.3195,6.3195,6.3195,6.3195,6.3195,6.3195,6.3195,6.3195,6.3195,6.3195,6.3195,6.3195,6.3195,6.3195,6.3195,6.3195,6.3195,6.3195,6.3195,6.3195,6.3195,6.3195,6.3195,6.3195,6.3195,6.3195,6.3195,6.3195,6.3195,6.3195,6.3195,6.3195,6.3195,6.3195,6.3195,6.3195,6.3195,6.3195,6.3195,6.3195,6.3195,6.3195,6.3195,6.3195,6.3195,6.3195,6.3195,6.3195,6.3195,6.3195,6.3195,6.3195,6.3195,6.3195,6.3195,6.3195,6.3195,6.3195,6.3195,6.3195,6.3195,6.3195,6.3195,6.3195,6.3195,6.3195,6.3195,6.3195,6.3195,6.3195,6.3195,6.3195,6.3195,6.3195,6.3195,6.3195,6.3195,6.3195,6.3195,6.3195,6.3195,6.3195,6.3195,6.3195,6.3195,6.3195,6.3195,6.3195,6.3195,6.3195,6.3195,6.3195,6.3195,6.3195,6.3195,6.3195,6.3195,6.3195,6.3195,6.3195,6.3195,6.3195,6.3195,6.3195,6.3195,6.3195,6.3195,6.3195,6.3195,6.3195,6.3195,6.3195,6.3195,6.3195,6.3195,6.3195,6.3195,6.3195,6.3195,6.3195,6.3195,6.3195,6.3195,6.3195,6.3195,6.3195,6.3195,6.3195,6.3195,6.3195,6.3195,6.3195,6.3195,6.3195,6.3195,6.3195,6.3195,6.3195,6.3195,6.3195,6.3195,6.3195,6.3195,6.3195,6.3195,6.3195,6.3195,6.3195,6.3195,6.3195,6.3195,6.3195,6.3195,6.3195,6.3195,6.3195,6.3195,6.3195,6.3195,6.3195,6.3195,6.3195,6.3195,6.3195,6.3195,6.3195,6.3195,6.3195,6.3195,6.3195,6.3195,6.3195,6.3195,6.3195,6.3195,6.3195,6.3195,6.3195,6.3195,6.3195,6.3195,6.3195,6.3195,6.3195,6.3195,6.3195,6.3195,6.3195,6.3195,6.3195,6.3195,6.3195,6.3195,6.3195,6.3195,6.3195,6.3195,6.3195,6.3195,6.3195,6.3195,6.3195,6.3195,6.3195,6.3195,6.3195,6.3195,6.3195,6.3195,6.3195,6.3195,6.3195,6.3195,6.3195,6.3195,6.3195,6.3195,6.3195,6.3195,6.3195,6.3195,6.3195,6.3195,6.3195,6.3195,6.3195,6.3195,6.3195,6.3195,6.3195,6.3195,6.3195,6.3195,6.3195,6.3195,6.3195,6.3195,6.3195,6.3195,6.3195,6.3195,6.3195,6.3195,6.3195,6.3195,6.3195,6.3195,6.3195,6.3195,6.3195,6.3195,6.3195,6.3195,6.3195,6.3195,6.3195,6.3195,6.3195,6.3195,6.3195,6.3195,6.3195,6.3195,6.3195,6.3195,6.3195,6.3195,6.3195,6.3195,6.3195,6.3195,6.3195,6.3195,6.3195,6.3195,6.3195,6.3195,6.3195,6.3195,6.3195,6.3195,6.3195,6.3195,6.3195,6.3195,6.3195,6.3195,6.3195,6.3195,6.3195,6.3195,6.3195,6.3195,6.3195,6.3195,6.3195,6.3195,6.3195,6.3195,6.3195,6.3195,6.3195,6.3195,6.3195,6.3195,6.3195,6.3195,6.3195,6.3195,6.3195,6.3195,6.3195,6.3195,6.3195,6.3195,6.3195,6.3195,6.3195,6.3195,6.3195,6.3195,6.3195,6.3195,6.3195,6.3195,6.3195,6.3195,6.3195,6.3195,6.3195,6.3195,6.3195,6.3195,6.3195,6.3195,6.3195,6.3195,6.3195,6.3195,6.3195,6.3195,6.3195,6.3195,6.3195,6.3195,6.3195,6.3195,6.3195,6.3195,6.3195,6.3195,6.3195,6.3195,6.3195,6.3195,6.3195,6.3195,6.3195,6.3195,6.3195,6.3195,6.3195,6.3195,6.3195,6.3195,6.3195,6.3195,6.3195,6.3195,6.3195,6.3195,6.3195,6.3195,6.3195,6.3195,6.3195,6.3195,6.3195,6.3195,6.3195,6.3195,6.3195,6.3195,6.3195,6.3195,6.3195,6.3195,6.3195,6.3195,6.3195,6.3195,6.3195,6.3195,6.3195,6.3195,6.3195,6.3195,6.3195,6.3195,6.3195,6.3195,6.3195,6.3195,6.3195,6.3195,6.3195,6.3195,6.3195,6.3195,6.3195,6.3195,6.3195,6.3195,6.3195,6.3195,6.3195,6.3195,6.3195,6.3195,6.3195,6.3195,6.3195,6.3195,6.3195,6.3195,6.3195,6.3195,6.3195,6.3195,6.3195,6.3195,6.3195,6.3195,6.3195,6.3195,6.3195,6.3195,6.3195,6.3195,6.3195,6.3195,6.3195,6.3195,6.3195,6.3195,6.3195,6.3195,6.3195,6.3195,6.3195,6.3195,6.3195,6.3195,6.3195,6.3195,6.3195,6.3195,6.3195,6.3195,6.3195,6.3195,6.3195,6.3195,6.3195,6.3195,6.3195,6.3195,6.3195,6.3195,6.3195,6.3195,6.3195,6.3195,6.3195,6.3195,6.3195,6.3195,6.3195,6.3195,6.3195,6.3195,6.3195,6.3195,6.3195,6.3195,6.3195,6.3195,6.3195,6.3195,6.3195,6.3195,6.3195,6.3195,6.3195,6.3195,6.3195,6.3195,6.3195,6.3195,6.3195,6.3195,6.3195,6.3195,6.3195,6.3195,6.3195,6.3195,6.3195,6.3195,6.3195,6.3195,6.3195,6.3195,6.3195,6.3195,6.3195,6.3195,6.3195,6.3195,6.3195,6.3195,6.3195,6.3195,6.3195,6.3195,6.3195,6.3195,6.3195,6.3195,6.3195,6.3195,6.3195,6.3195,6.3195,6.3195,6.3195,6.3195,6.3195,6.3195,6.3195,6.3195,6.3195,6.3195,6.3195,6.3195,6.3195,6.3195,6.3195,6.3195,6.3195,6.3195,6.3195,6.3195,6.3195,6.3195,6.3195,6.3195,6.3195,6.3195,6.3195
6.3152,6.3152,6.3152,6.3152,6.3152,6.3152,6.3152,6.3152,6.3152,6.3152,6.3152,6.3152,6.3152,6.3152,6.3152,6.3152,6.3152,6.3152,6.3152,6.3152,6.3152,6.3152,6.3152,6.3152,6.3152,6.3152,6.3152,6.3152,6.3152,6.3152,6.3152,6.3152,6.3152,6.3152,6.3152,6.3152,6.3152,6.3152,6.3152,6.3152,6.3152,6.3152,6.3152,6.3152,6.3152,6.3152,6.3152,6.3152,6.3152,6.3152,6.3152,6.3152,6.3152,6.3152,6.3152,6.3152,6.3152,6.3152,6.3152,6.3152,6.3152,6.3152,6.3152,6.3152,6.3152,6.3152,6.3152,6.3152,6.3152,6.3152,6.3152,6.3152,6.3152,6.3152,6.3152,6.3152,6.3152,6.3152,6.3152,6.3152,6.3152,6.3152,6.3152,6.3152,6.3152,6.3152,6.3152,6.3152,6.3152,6.3152,6.3152,6.3152,6.3152,6.3152,6.3152,6.3152,6.3152,6.3152,6.3152,6.3152,6.3152,6.3152,6.3152,6.3152,6.3152,6.3152,6.3152,6.3152,6.3152,6.3152,6.3152,6.3152,6.3152,6.3152,6.3152,6.3152,6.3152,6.3152,6.3152,6.3152,6.3152,6.3152,6.3152,6.3152,6.3152,6.3152,6.3152,6.3152,6.3152,6.3152,6.3152,6.3152,6.3152,6.3152,6.3152,6.3152,6.3152,6.3152,6.3152,6.3152,6.3152,6.3152,6.3152,6.3152,6.3152,6.3152,6.3152,6.3152,6.3152,6.3152,6.3152,6.3152,6.3152,6.3152,6.3152,6.3152,6.3152,6.3152,6.3152,6.3152,6.3152,6.3152,6.3152,6.3152,6.3152,6.3152,6.3152,6.3152,6.3152,6.3152,6.3152,6.3152,6.3152,6.3152,6.3152,6.3152,6.3152,6.3152,6.3152,6.3152,6.3152,6.3152,6.3152,6.3152,6.3152,6.3152,6.3152,6.3152,6.3152,6.3152,6.3152,6.3152,6.3152,6.3152,6.3152,6.3152,6.3152,6.3152,6.3152,6.3152,6.3152,6.3152,6.3152,6.3152,6.3152,6.3152,6.3152,6.3152,6.3152,6.3152,6.3152,6.3152,6.3152,6.3152,6.3152,6.3152,6.3152,6.3152,6.3152,6.3152,6.3152,6.3152,6.3152,6.3152,6.3152,6.3152,6.3152,6.3152,6.3152,6.3152,6.3152,6.3152,6.3152,6.3152,6.3152,6.3152,6.3152,6.3152,6.3152,6.3152,6.3152,6.3152,6.3152,6.3152,6.3152,6.3152,6.3152,6.3152,6.3152,6.3152,6.3152,6.3152,6.3152,6.3152,6.3152,6.3152,6.3152,6.3152,6.3152,6.3152,6.3152,6.3152,6.3152,6.3152,6.3152,6.3152,6.3152,6.3152,6.3152,6.3152,6.3152,6.3152,6.3152,6.3152,6.3152,6.3152,6.3152,6.3152,6.3152,6.3152,6.3152,6.3152,6.3152,6.3152,6.3152,6.3152,6.3152,6.3152,6.3152,6.3152,6.3152,6.3152,6.3152,6.3152,6.3152,6.3152,6.3152,6.3152,6.3152,6.3152,6.3152,6.3152,6.3152,6.3152,6.3152,6.3152,6.3152,6.3152,6.3152,6.3152,6.3152,6.3152,6.3152,6.3152,6.3152,6.3152,6.3152,6.3152,6.3152,6.3152,6.3152,6.3152,6.3152,6.3152,6.3152,6.3152,6.3152,6.3152,6.3152,6.3152,6.3152,6.3152,6.3152,6.3152,6.3152,6.3152,6.3152,6.3152,6.3152,6.3152,6.3152,6.3152,6.3152,6.3152,6.3152,6.3152,6.3152,6.3152,6.3152,6.3152,6.3152,6.3152,6.3152,6.3152,6.3152,6.3152,6.3152,6.3152,6.3152,6.3152,6.3152,6.3152,6.3152,6.3152,6.3152,6.3152,6.3152,6.3152,6.3152,6.3152,6.3152,6.3152,6.3152,6.3152,6.3152,6.3152,6.3152,6.3152,6.3152,6.3152,6.3152,6.3152,6.3152,6.3152,6.3152,6.3152,6.3152,6.3152,6.3152,6.3152,6.3152,6.3152,6.3152,6.3152,6.3152,6.3152,6.3152,6.3152,6.3152,6.3152,6.3152,6.3152,6.3152,6.3152,6.3152,6.3152,6.3152,6.3152,6.3152,6.3152,6.3152,6.3152,6.3152,6.3152,6.3152,6.3152,6.3152,6.3152,6.3152,6.3152,6.3152,6.3152,6.3152,6.3152,6.3152,6.3152,6.3152,6.3152,6.3152,6.3152,6.3152,6.3152,6.3152,6.3152,6.3152,6.3152,6.3152,6.3152,6.3152,6.3152,6.3152,6.3152,6.3152,6.3152,6.3152,6.3152,6.3152,6.3152,6.3152,6.3152,6.3152,6.3152,6.3152,6.3152,6.3152,6.3152,6.3152,6.3152,6.3152,6.3152,6.3152,6.3152,6.3152,6.3152,6.3152,6.3152,6.3152,6.3152,6.3152,6.3152,6.3152,6.3152,6.3152,6.3152,6.3152,6.3152,6.3152,6.3152,6.3152,6.3152,6.3152,6.3152,6.3152,6.3152,6.3152,6.3152,6.3152,6.3152,6.3152,6.3152,6.3152,6.3152,6.3152,6.3152,6.3152,6.3152,6.3152,6.3152,6.3152,6.3152,6.3152,6.3152,6.3152,6.3152,6.3152,6.3152,6.3152,6.3152,6.3152,6.3152,6.3152,6.3152,6.3152,6.3152,6.3152,6.3152,6.3152,6.3152,6.3152,6.3152,6.3152,6.3152,6.3152,6.3152,6.3152,6.3152,6.3152,6.3152,6.3152,6.3152,6.3152,6.3152,6.3152,6.3152,6.3152,6.3152,6.3152,6.3152,6.3152,6.3152,6.3152,6.3152,6.3152,6.3152,6.3152,6.3152,6.3152,6.3152,6.3152,6.3152,6.3152,6.3152,6.3152,6.3152,6.3152,6.3152,6.3152,6.3152,6.3152,6.3152,6.3152,6.3152,6.3152,6.3152,6.3152,6.3152,6.3152,6.3152,6.3152,6.3152,6.3152,6.3152,6.3152,6.3152,6.3152,6.3152,6.3152,6.3152,6.3152,6.3152,6.3152,6.3152,6.3152,6.3152,6.3152,6.3152,6.3152,6.3152,6.3152,6.3152,6.3152,6.3152,6.3152,6.3152,6.3152,6.3152,6.3152,6.3152,6.3152,6.3152,6.3152,6.3152,6.3152,6.3152,6.3152,6.3152,6.3152,6.3152,6.3152,6.3152,6.3152,6.3152,6.3152,6.3152,6.3152,6.3152,6.3152,6.3152,6.3152,6.3152,6.3152,6.3152,6.3152,6.3152,6.3152,6.3152,6.3152,6.3152,6.3152,6.3152,6.3152,6.3152,6.3152,6.3152,6.3152,6.3152,6.3152,6.3152,6.3152,6.3152,6.3152,6.3152,6.3152,6.3152,6.3152,6.3152,6.3152,6.3152,6.3152,6.3152,6.3152,6.3152,6.3152,6.3152,6.3152,6.3152,6.3152,6.3152,6.3152,6.3152,6.3152,6.3152,6.3152,6.3152,6.3152,6.3152,6.3152,6.3152,6.3152,6.3152,6.3152,6.3152,6.3152,6.3152,6.3152,6.3152,6.3152,6.3152,6.3152,6.3152,6.3152,6.3152,6.3152,6.3152,6.3152,6.3152,6.3152,6.3152,6.3152,6.3152,6.3152,6.3152,6.3152,6.3152,6.3152,6.3152,6.3152,6.3152,6.3152,6.3152,6.3152,6.3152,6.3152,6.3152,6.3152,6.3152,6.3152,6.3152,6.3152,6.3152,6.3152,6.3152,6.3152,6.3152,6.3152,6.3152,6.3152,6.3152,6.3152,6.3152,6.3152,6.3152,6.3152,6.3152,6.3152,6.3152,6.3152,6.3152,6.3152,6.3152,6.3152,6.3152,6.3152,6.3152,6.3152,6.3152,6.3152,6.3152,6.3152,6.3152,6.3152,6.3152,6.3152,6.3152,6.3152,6.3152,6.3152,6.3152,6.3152,6.3152,6.3152,6.3152,6.3152,6.3152,6.3152,6.3152,6.3152,6.3152,6.3152,6.3152,6.3152,6.3152,6.3152,6.3152,6.3152,6.3152,6.3152,6.3152,6.3152,6.3152,6.3152,6.3152,6.3152,6.3152,6.3152,6.3152,6.3152,6.3152,6.3152,6.3152,6.3152,6.3152,6.3152,6.3152,6.3152,6.3152,6.3152,6.3152,6.3152,6.3152,6.3152,6.3152,6.3152,6.3152,6.3152,6.3152,6.3152,6.3152,6.3152,6.3152,6.3152,6.3152,6.3152,6.3152,6.3152,6.3152,6.3152,6.3152,6.3152,6.3152,6.3152,6.3152,6.3152,6.3152,6.3152,6.3152,6.3152,6.3152,6.3152,6.3152,6.3152,6.3152,6.3152,6.3152,6.3152,6.3152,6.3152,6.3152,6.3152,6.3152,6.3152,6.3152,6.3152,6.3152,6.3152,6.3152,6.3152,6.3152,6.3152,6.3152,6.3152,6.3152,6.3152,6.3152,6.3152,6.3152,6.3152,6.3152,6.3152,6.3152,6.3152,6.3152,6.3152,6.3152,6.3152,6.3152,6.3152,6.3152,6.3152,6.3152,6.3152,6.3152,6.3152,6.3152,6.3152,6.3152,6.3152,6.3152,6.3152,6.3152,6.3152,6.3152,6.3152,6.3152,6.3152,6.3152,6.3152,6.3152,6.3152,6.3152,6.3152,6.3152,6.3152,6.3152,6.3152,6.3152,6.3152,6.3152,6.3152,6.3152,6.3152,6.3152,6.3152,6.3152,6.3152,6.3152,6.3152,6.3152,6.3152,6.3152,6.3152,6.3152,6.3152,6.3152,6.3152,6.3152,6.3152,6.3152,6.3152,6.3152,6.3152,6.3152,6.3152,6.3152,6.3152,6.3152,6.3152,6.3152,6.3152,6.3152,6.3152,6.3152,6.3152,6.3152,6.3152,6.3152,6.3152,6.3152,6.3152,6.3152,6.3152,6.3152,6.3152,6.3152,6.3152,6.3152,6.3152,6.3152,6.3152,6.3152,6.3152,6.3152,6.3152,6.3152,6.3152,6.3152,6.3152,6.3152,6.3152,6.3152,6.3152,6.3152,6.3152,6.3152,6.3152,6.3152,6.3152,6.3152,6.3152,6.3152
6.3107,6.3107,6.3107,6.3107,6.3107,6.3107,6.3107,6.3107,6.3107,6.3107,6.3107,6.3107,6.3107,6.3107,6.3107,6.3107,6.3107,6.3107,6.3107,6.3107,6.3107,6.3107,6.3107,6.3107,6.3107,6.3107,6.3107,6.3107,6.3107,6.3107,6.3107,6.3107,6.3107,6.3107,6.3107,6.3107,6.3107,6.3107,6.3107,6.3107,6.3107,6.3107,6.3107,6.3107,6.3107,6.3107,6.3107,6.3107,6.3107,6.3107,6.3107,6.3107,6.3107,6.3107,6.3107,6.3107,6.3107,6.3107,6.3107,6.3107,6.3107,6.3107,6.3107,6.3107,6.3107,6.3107,6.3107,6.3107,6.3107,6.3107,6.3107,6.3107,6.3107,6.3107,6.3107,6.3107,6.3107,6.3107,6.3107,6.3107,6.3107,6.3107,6.3107,6.3107,6.3107,6.3107,6.3107,6.3107,6.3107,6.3107,6.3107,6.3107,6.3107,6.3107,6.3107,6.3107,6.3107,6.3107,6.3107,6.3107,6.3107,6.3107,6.3107,6.3107,6.3107,6.3107,6.3107,6.3107,6.3107,6.3107,6.3107,6.3107,6.3107,6.3107,6.3107,6.3107,6.3107,6.3107,6.3107,6.3107,6.3107,6.3107,6.3107,6.3107,6.3107,6.3107,6.3107,6.3107,6.3107,6.3107,6.3107,6.3107,6.3107,6.3107,6.3107,6.3107,6.3107,6.3107,6.3107,6.3107,6.3107,6.3107,6.3107,6.3107,6.3107,6.3107,6.3107,6.3107,6.3107,6.3107,6.3107,6.3107,6.3107,6.3107,6.3107,6.3107,6.3107,6.3107,6.3107,6.3107,6.3107,6.3107,6.3107,6.3107,6.3107,6.3107,6.3107,6.3107,6.3107,6.3107,6.3107,6.3107,6.3107,6.3107,6.3107,6.3107,6.3107,6.3107,6.3107,6.3107,6.3107,6.3107,6.3107,6.3107,6.3107,6.3107,6.3107,6.3107,6.3107,6.3107,6.3107,6.3107,6.3107,6.3107,6.3107,6.3107,6.3107,6.3107,6.3107,6.3107,6.3107,6.3107,6.3107,6.3107,6.3107,6.3107,6.3107,6.3107,6.3107,6.3107,6.3107,6.3107,6.3107,6.3107,6.3107,6.3107,6.3107,6.3107,6.3107,6.3107,6.3107,6.3107,6.3107,6.3107,6.3107,6.3107,6.3107,6.3107,6.3107,6.3107,6.3107,6.3107,6.3107,6.3107,6.3107,6.3107,6.3107,6.3107,6.3107,6.3107,6.3107,6.3107,6.3107,6.3107,6.3107,6.3107,6.3107,6.3107,6.3107,6.3107,6.3107,6.3107,6.3107,6.3107,6.3107,6.3107,6.3107,6.3107,6.3107,6.3107,6.3107,6.3107,6.3107,6.3107,6.3107,6.3107,6.3107,6.3107,6.3107,6.3107,6.3107,6.3107,6.3107,6.3107,6.3107,6.3107,6.3107,6.3107,6.3107,6.3107,6.3107,6.3107,6.3107,6.3107,6.3107,6.3107,6.3107,6.3107,6.3107,6.3107,6.3107,6.3107,6.3107,6.3107,6.3107,6.3107,6.3107,6.3107,6.3107,6.3107,6.3107,6.3107,6.3107,6.3107,6.3107,6.3107,6.3107,6.3107,6.3107,6.3107,6.3107,6.3107,6.3107,6.3107,6.3107,6.3107,6.3107,6.3107,6.3107,6.3107,6.3107,6.3107,6.3107,6.3107,6.3107,6.3107,6.3107,6.3107,6.3107,6.3107,6.3107,6.3107,6.3107,6.3107,6.3107,6.3107,6.3107,6.3107,6.3107,6.3107,6.3107,6.3107,6.3107,6.3107,6.3107,6.3107,6.3107,6.3107,6.3107,6.3107,6.3107,6.3107,6.3107,6.3107,6.3107,6.3107,6.3107,6.3107,6.3107,6.3107,6.3107,6.3107,6.3107,6.3107,6.3107,6.3107,6.3107,6.3107,6.3107,6.3107,6.3107,6.3107,6.3107,6.3107,6.3107,6.3107,6.3107,6.3107,6.3107,6.3107,6.3107,6.3107,6.3107,6.3107,6.3107,6.3107,6.3107,6.3107,6.3107,6.3107,6.3107,6.3107,6.3107,6.3107,6.3107,6.3107,6.3107,6.3107,6.3107,6.3107,6.3107,6.3107,6.3107,6.3107,6.3107,6.3107,6.3107,6.3107,6.3107,6.3107,6.3107,6.3107,6.3107,6.3107,6.3107,6.3107,6.3107,6.3107,6.3107,6.3107,6.3107,6.3107,6.3107,6.3107,6.3107,6.3107,6.3107,6.3107,6.3107,6.3107,6.3107,6.3107,6.3107,6.3107,6.3107,6.3107,6.3107,6.3107,6.3107,6.3107,6.3107,6.3107,6.3107,6.3107,6.3107,6.3107,6.3107,6.3107,6.3107,6.3107,6.3107,6.3107,6.3107,6.3107,6.3107,6.3107,6.3107,6.3107,6.3107,6.3107,6.3107,6.3107,6.3107,6.3107,6.3107,6.3107,6.3107,6.3107,6.3107,6.3107,6.3107,6.3107,6.3107,6.3107,6.3107,6.3107,6.3107,6.3107,6.3107,6.3107,6.3107,6.3107,6.3107,6.3107,6.3107,6.3107,6.3107,6.3107,6.3107,6.3107,6.3107,6.3107,6.3107,6.3107,6.3107,6.3107,6.3107,6.3107,6.3107,6.3107,6.3107,6.3107,6.3107,6.3107,6.3107,6.3107,6.3107,6.3107,6.3107,6.3107,6.3107,6.3107,6.3107,6.3107,6.3107,6.3107,6.3107,6.3107,6.3107,6.3107,6.3107,6.3107,6.3107,6.3107,6.3107,6.3107,6.3107,6.3107,6.3107,6.3107,6.3107,6.3107,6.3107,6.3107,6.3107,6.3107,6.3107,6.3107,6.3107,6.3107,6.3107,6.3107,6.3107,6.3107,6.3107,6.3107,6.3107,6.3107,6.3107,6.3107,6.3107,6.3107,6.3107,6.3107,6.3107,6.3107,6.3107,6.3107,6.3107,6.3107,6.3107,6.3107,6.3107,6.3107,6.3107,6.3107,6.3107,6.3107,6.3107,6.3107,6.3107,6.3107,6.3107,6.3107,6.3107,6.3107,6.3107,6.3107,6.3107,6.3107,6.3107,6.3107,6.3107,6.3107,6.3107,6.3107,6.3107,6.3107,6.3107,6.3107,6.3107,6.3107,6.3107,6.3107,6.3107,6.3107,6.3107,6.3107,6.3107,6.3107,6.3107,6.3107,6.3107,6.3107,6.3107,6.3107,6.3107,6.3107,6.3107,6.3107,6.3107,6.3107,6.3107,6.3107,6.3107,6.3107,6.3107,6.3107,6.3107,6.3107,6.3107,6.3107,6.3107,6.3107,6.3107,6.3107,6.3107,6.3107,6.3107,6.3107,6.3107,6.3107,6.3107,6.3107,6.3107,6.3107,6.3107,6.3107,6.3107,6.3107,6.3107,6.3107,6.3107,6.3107,6.3107,6.3107,6.3107,6.3107,6.3107,6.3107,6.3107,6.3107,6.3107,6.3107,6.3107,6.3107,6.3107,6.3107,6.3107,6.3107,6.3107,6.3107,6.3107,6.3107,6.3107,6.3107,6.3107,6.3107,6.3107,6.3107,6.3107,6.3107,6.3107,6.3107,6.3107,6.3107,6.3107,6.3107,6.3107,6.3107,6.3107,6.3107,6.3107,6.3107,6.3107,6.3107,6.3107,6.3107,6.3107,6.3107,6.3107,6.3107,6.3107,6.3107,6.3107,6.3107,6.3107,6.3107,6.3107,6.3107,6.3107,6.3107,6.3107,6.3107,6.3107,6.3107,6.3107,6.3107,6.3107,6.3107,6.3107,6.3107,6.3107,6.3107,6.3107,6.3107,6.3107,6.3107,6.3107,6.3107,6.3107,6.3107,6.3107,6.3107,6.3107,6.3107,6.3107,6.3107,6.3107,6.3107,6.3107,6.3107,6.3107,6.3107,6.3107,6.3107,6.3107,6.3107,6.3107,6.3107,6.3107,6.3107,6.3107,6.3107,6.3107,6.3107,6.3107,6.3107,6.3107,6.3107,6.3107,6.3107,6.3107,6.3107,6.3107,6.3107,6.3107,6.3107,6.3107,6.3107,6.3107,6.3107,6.3107,6.3107,6.3107,6.3107,6.3107,6.3107,6.3107,6.3107,6.3107,6.3107,6.3107,6.3107,6.3107,6.3107,6.3107,6.3107,6.3107,6.3107,6.3107,6.3107,6.3107,6.3107,6.3107,6.3107,6.3107,6.3107,6.3107,6.3107,6.3107,6.3107,6.3107,6.3107,6.3107,6.3107,6.3107,6.3107,6.3107,6.3107,6.3107,6.3107,6.3107,6.3107,6.3107,6.3107,6.3107,6.3107,6.3107,6.3107,6.3107,6.3107,6.3107,6.3107,6.3107,6.3107,6.3107,6.3107,6.3107,6.3107,6.3107,6.3107,6.3107,6.3107,6.3107,6.3107,6.3107,6.3107,6.3107,6.3107,6.3107,6.3107,6.3107,6.3107,6.3107,6.3107,6.3107,6.3107,6.3107,6.3107,6.3107,6.3107,6.3107,6.3107,6.3107,6.3107,6.3107,6.3107,6.3107,6.3107,6.3107,6.3107,6.3107,6.3107,6.3107,6.3107,6.3107,6.3107,6.3107,6.3107,6.3107,6.3107,6.3107,6.3107,6.3107,6.3107,6.3107,6.3107,6.3107,6.3107,6.3107,6.3107,6.3107,6.3107,6.3107,6.3107,6.3107,6.3107,6.3107,6.3107,6.3107,6.3107,6.3107,6.3107,6.3107,6.3107,6.3107,6.3107,6.3107,6.3107,6.3107,6.3107,6.3107,6.3107,6.3107,6.3107,6.3107,6.3107,6.3107,6.3107,6.3107,6.3107,6.3107,6.3107,6.3107,6.3107,6.3107,6.3107,6.3107,6.3107,6.3107,6.3107,6.3107,6.3107,6.3107,6.3107,6.3107,6.3107,6.3107,6.3107,6.3107,6.3107,6.3107,6.3107,6.3107,6.3107,6.3107,6.3107,6.3107,6.3107,6.3107,6.3107,6.3107,6.3107,6.3107,6.3107,6.3107,6.3107,6.3107,6.3107,6.3107,6.3107,6.3107,6.3107,6.3107,6.3107,6.3107,6.3107,6.3107,6.3107,6.3107,6.3107,6.3107,6.3107,6.3107,6.3107,6.3107,6.3107,6.3107,6.3107
6.3062,6.3062,6.3062,6.3062,6.3062,6.3062,6.3062,6.3062,6.3062,6.3062,6.3062,6.3062,6.3062,6.3062,6.3062,6.3062,6.3062,6.3062,6.3062,6.3062,6.3062,6.3062,6.3062,6.3062,6.3062,6.3062,6.3062,6.3062,6.3062,6.3062,6.3062,6.3062,6.3062,6.3062,6.3062,6.3062,6.3062,6.3062,6.3062,6.3062,6.3062,6.3062,6.3062,6.3062,6.3062,6.3062,6.3062,6.3062,6.3062,6.3062,6.3062,6.3062,6.3062,6.3062,6.3062,6.3062,6.3062,6.3062,6.3062,6.3062,6.3062,6.3062,6.3062,6.3062,6.3062,6.3062,6.3062,6.3062,6.3062,6.3062,6.3062,6.3062,6.3062,6.3062,6.3062,6.3062,6.3062,6.3062,6.3062,6.3062,6.3062,6.3062,6.3062,6.3062,6.3062,6.3062,6.3062,6.3062,6.3062,6.3062,6.3062,6.3062,6.3062,6.3062,6.3062,6.3062,6.3062,6.3062,6.3062,6.3062,6.3062,6.3062,6.3062,6.3062,6.3062,6.3062,6.3062,6.3062,6.3062,6.3062,6.3062,6.3062,6.3062,6.3062,6.3062,6.3062,6.3062,6.3062,6.3062,6.3062,6.3062,6.3062,6.3062,6.3062,6.3062,6.3062,6.3062,6.3062,6.3062,6.3062,6.3062,6.3062,6.3062,6.3062,6.3062,6.3062,6.3062,6.3062,6.3062,6.3062,6.3062,6.3062,6.3062,6.3062,6.3062,6.3062,6.3062,6.3062,6.3062,6.3062,6.3062,6.3062,6.3062,6.3062,6.3062,6.3062,6.3062,6.3062,6.3062,6.3062,6.3062,6.3062,6.3062,6.3062,6.3062,6.3062,6.3062,6.3062,6.3062,6.3062,6.3062,6.3062,6.3062,6.3062,6.3062,6.3062,6.3062,6.3062,6.3062,6.3062,6.3062,6.3062,6.3062,6.3062,6.3062,6.3062,6.3062,6.3062,6.3062,6.3062,6.3062,6.3062,6.3062,6.3062,6.3062,6.3062,6.3062,6.3062,6.3062,6.3062,6.3062,6.3062,6.3062,6.3062,6.3062,6.3062,6.3062,6.3062,6.3062,6.3062,6.3062,6.3062,6.3062,6.3062,6.3062,6.3062,6.3062,6.3062,6.3062,6.3062,6.3062,6.3062,6.3062,6.3062,6.3062,6.3062,6.3062,6.3062,6.3062,6.3062,6.3062,6.3062,6.3062,6.3062,6.3062,6.3062,6.3062,6.3062,6.3062,6.3062,6.3062,6.3062,6.3062,6.3062,6.3062,6.3062,6.3062,6.3062,6.3062,6.3062,6.3062,6.3062,6.3062,6.3062,6.3062,6.3062,6.3062,6.3062,6.3062,6.3062,6.3062,6.3062,6.3062,6.3062,6.3062,6.3062,6.3062,6.3062,6.3062,6.3062,6.3062,6.3062,6.3062,6.3062,6.3062,6.3062,6.3062,6.3062,6.3062,6.3062,6.3062,6.3062,6.3062,6.3062,6.3062,6.3062,6.3062,6.3062,6.3062,6.3062,6.3062,6.3062,6.3062,6.3062,6.3062,6.3062,6.3062,6.3062,6.3062,6.3062,6.3062,6.3062,6.3062,6.3062,6.3062,6.3062,6.3062,6.3062,6.3062,6.3062,6.3062,6.3062,6.3062,6.3062,6.3062,6.3062,6.3062,6.3062,6.3062,6.3062,6.3062,6.3062,6.3062,6.3062,6.3062,6.3062,6.3062,6.3062,6.3062,6.3062,6.3062,6.3062,6.3062,6.3062,6.3062,6.3062,6.3062,6.3062,6.3062,6.3062,6.3062,6.3062,6.3062,6.3062,6.3062,6.3062,6.3062,6.3062,6.3062,6.3062,6.3062,6.3062,6.3062,6.3062,6.3062,6.3062,6.3062,6.3062,6.3062,6.3062,6.3062,6.3062,6.3062,6.3062,6.3062,6.3062,6.3062,6.3062,6.3062,6.3062,6.3062,6.3062,6.3062,6.3062,6.3062,6.3062,6.3062,6.3062,6.3062,6.3062,6.3062,6.3062,6.3062,6.3062,6.3062,6.3062,6.3062,6.3062,6.3062,6.3062,6.3062,6.3062,6.3062,6.3062,6.3062,6.3062,6.3062,6.3062,6.3062,6.3062,6.3062,6.3062,6.3062,6.3062,6.3062,6.3062,6.3062,6.3062,6.3062,6.3062,6.3062,6.3062,6.3062,6.3062,6.3062,6.3062,6.3062,6.3062,6.3062,6.3062,6.3062,6.3062,6.3062,6.3062,6.3062,6.3062,6.3062,6.3062,6.3062,6.3062,6.3062,6.3062,6.3062,6.3062,6.3062,6.3062,6.3062,6.3062,6.3062,6.3062,6.3062,6.3062,6.3062,6.3062,6.3062,6.3062,6.3062,6.3062,6.3062,6.3062,6.3062,6.3062,6.3062,6.3062,6.3062,6.3062,6.3062,6.3062,6.3062,6.3062,6.3062,6.3062,6.3062,6.3062,6.3062,6.3062,6.3062,6.3062,6.3062,6.3062,6.3062,6.3062,6.3062,6.3062,6.3062,6.3062,6.3062,6.3062,6.3062,6.3062,6.3062,6.3062,6.3062,6.3062,6.3062,6.3062,6.3062,6.3062,6.3062,6.3062,6.3062,6.3062,6.3062,6.3062,6.3062,6.3062,6.3062,6.3062,6.3062,6.3062,6.3062,6.3062,6.3062,6.3062,6.3062,6.3062,6.3062,6.3062,6.3062,6.3062,6.3062,6.3062,6.3062,6.3062,6.3062,6.3062,6.3062,6.3062,6.3062,6.3062,6.3062,6.3062,6.3062,6.3062,6.3062,6.3062,6.3062,6.3062,6.3062,6.3062,6.3062,6.3062,6.3062,6.3062,6.3062,6.3062,6.3062,6.3062,6.3062,6.3062,6.3062,6.3062,6.3062,6.3062,6.3062,6.3062,6.3062,6.3062,6.3062,6.3062,6.3062,6.3062,6.3062,6.3062,6.3062,6.3062,6.3062,6.3062,6.3062,6.3062,6.3062,6.3062,6.3062,6.3062,6.3062,6.3062,6.3062,6.3062,6.3062,6.3062,6.3062,6.3062,6.3062,6.3062,6.3062,6.3062,6.3062,6.3062,6.3062,6.3062,6.3062,6.3062,6.3062,6.3062,6.3062,6.3062,6.3062,6.3062,6.3062,6.3062,6.3062,6.3062,6.3062,6.3062,6.3062,6.3062,6.3062,6.3062,6.3062,6.3062,6.3062,6.3062,6.3062,6.3062,6.3062,6.3062,6.3062,6.3062,6.3062,6.3062,6.3062,6.3062,6.3062,6.3062,6.3062,6.3062,6.3062,6.3062,6.3062,6.3062,6.3062,6.3062,6.3062,6.3062,6.3062,6.3062,6.3062,6.3062,6.3062,6.3062,6.3062,6.3062,6.3062,6.3062,6.3062,6.3062,6.3062,6.3062,6.3062,6.3062,6.3062,6.3062,6.3062,6.3062,6.3062,6.3062,6.3062,6.3062,6.3062,6.3062,6.3062,6.3062,6.3062,6.3062,6.3062,6.3062,6.3062,6.3062,6.3062,6.3062,6.3062,6.3062,6.3062,6.3062,6.3062,6.3062,6.3062,6.3062,6.3062,6.3062,6.3062,6.3062,6.3062,6.3062,6.3062,6.3062,6.3062,6.3062,6.3062,6.3062,6.3062,6.3062,6.3062,6.3062,6.3062,6.3062,6.3062,6.3062,6.3062,6.3062,6.3062,6.3062,6.3062,6.3062,6.3062,6.3062,6.3062,6.3062,6.3062,6.3062,6.3062,6.3062,6.3062,6.3062,6.3062,6.3062,6.3062,6.3062,6.3062,6.3062,6.3062,6.3062,6.3062,6.3062,6.3062,6.3062,6.3062,6.3062,6.3062,6.3062,6.3062,6.3062,6.3062,6.3062,6.3062,6.3062,6.3062,6.3062,6.3062,6.3062,6.3062,6.3062,6.3062,6.3062,6.3062,6.3062,6.3062,6.3062,6.3062,6.3062,6.3062,6.3062,6.3062,6.3062,6.3062,6.3062,6.3062,6.3062,6.3062,6.3062,6.3062,6.3062,6.3062,6.3062,6.3062,6.3062,6.3062,6.3062,6.3062,6.3062,6.3062,6.3062,6.3062,6.3062,6.3062,6.3062,6.3062,6.3062,6.3062,6.3062,6.3062,6.3062,6.3062,6.3062,6.3062,6.3062,6.3062,6.3062,6.3062,6.3062,6.3062,6.3062,6.3062,6.3062,6.3062,6.3062,6.3062,6.3062,6.3062,6.3062,6.3062,6.3062,6.3062,6.3062,6.3062,6.3062,6.3062,6.3062,6.3062,6.3062,6.3062,6.3062,6.3062,6.3062,6.3062,6.3062,6.3062,6.3062,6.3062,6.3062,6.3062,6.3062,6.3062,6.3062,6.3062,6.3062,6.3062,6.3062,6.3062,6.3062,6.3062,6.3062,6.3062,6.3062,6.3062,6.3062,6.3062,6.3062,6.3062,6.3062,6.3062,6.3062,6.3062,6.3062,6.3062,6.3062,6.3062,6.3062,6.3062,6.3062,6.3062,6.3062,6.3062,6.3062,6.3062,6.3062,6.3062,6.3062,6.3062,6.3062,6.3062,6.3062,6.3062,6.3062,6.3062,6.3062,6.3062,6.3062,6.3062,6.3062,6.3062,6.3062,6.3062,6.3062,6.3062,6.3062,6.3062,6.3062,6.3062,6.3062,6.3062,6.3062,6.3062,6.3062,6.3062,6.3062,6.3062,6.3062,6.3062,6.3062,6.3062,6.3062,6.3062,6.3062,6.3062,6.3062,6.3062,6.3062,6.3062,6.3062,6.3062,6.3062,6.3062,6.3062,6.3062,6.3062,6.3062,6.3062,6.3062,6.3062,6.3062,6.3062,6.3062,6.3062,6.3062,6.3062,6.3062,6.3062,6.3062,6.3062,6.3062,6.3062,6.3062,6.3062,6.3062,6.3062,6.3062,6.3062,6.3062,6.3062,6.3062,6.3062,6.3062,6.3062,6.3062,6.3062,6.3062,6.3062,6.3062,6.3062,6.3062,6.3062,6.3062,6.3062,6.3062,6.3062,6.3062,6.3062,6.3062,6.3062,6.3062,6.3062,6.3062,6.3062,6.3062,6.3062,6.3062,6.3062,6.3062,6.3062,6.3062,6.3062,6.3062,6.3062,6.3062,6.3062,6.3062,6.3062,6.3062,6.3062
6.3017,6.3017,6.3017,6.3017,6.3017,6.3017,6.3017,6.3017,6.3017,6.3017,6.3017,6.3017,6.3017,6.3017,6.3017,6.3017,6.3017,6.3017,6.3017,6.3017,6.3017,6.3017,6.3017,6.3017,6.3017,6.3017,6.3017,6.3017,6.3017,6.3017,6.3017,6.3017,6.3017,6.3017,6.3017,6.3017,6.3017,6.3017,6.3017,6.3017,6.3017,6.3017,6.3017,6.3017,6.3017,6.3017,6.3017,6.3017,6.3017,6.3017,6.3017,6.3017,6.3017,6.3017,6.3017,6.3017,6.3017,6.3017,6.3017,6.3017,6.3017,6.3017,6.3017,6.3017,6.3017,6.3017,6.3017,6.3017,6.3017,6.3017,6.3017,6.3017,6.3017,6.3017,6.3017,6.3017,6.3017,6.3017,6.3017,6.3017,6.3017,6.3017,6.3017,6.3017,6.3017,6.3017,6.3017,6.3017,6.3017,6.3017,6.3017,6.3017,6.3017,6.3017,6.3017,6.3017,6.3017,6.3017,6.3017,6.3017,6.3017,6.3017,6.3017,6.3017,6.3017,6.3017,6.3017,6.3017,6.3017,6.3017,6.3017,6.3017,6.3017,6.3017,6.3017,6.3017,6.3017,6.3017,6.3017,6.3017,6.3017,6.3017,6.3017,6.3017,6.3017,6.3017,6.3017,6.3017,6.3017,6.3017,6.3017,6.3017,6.3017,6.3017,6.3017,6.3017,6.3017,6.3017,6.3017,6.3017,6.3017,6.3017,6.3017,6.3017,6.3017,6.3017,6.3017,6.3017,6.3017,6.3017,6.3017,6.3017,6.3017,6.3017,6.3017,6.3017,6.3017,6.3017,6.3017,6.3017,6.3017,6.3017,6.3017,6.3017,6.3017,6.3017,6.3017,6.3017,6.3017,6.3017,6.3017,6.3017,6.3017,6.3017,6.3017,6.3017,6.3017,6.3017,6.3017,6.3017,6.3017,6.3017,6.3017,6.3017,6.3017,6.3017,6.3017,6.3017,6.3017,6.3017,6.3017,6.3017,6.3017,6.3017,6.3017,6.3017,6.3017,6.3017,6.3017,6.3017,6.3017,6.3017,6.3017,6.3017,6.3017,6.3017,6.3017,6.3017,6.3017,6.3017,6.3017,6.3017,6.3017,6.3017,6.3017,6.3017,6.3017,6.3017,6.3017,6.3017,6.3017,6.3017,6.3017,6.3017,6.3017,6.3017,6.3017,6.3017,6.3017,6.3017,6.3017,6.3017,6.3017,6.3017,6.3017,6.3017,6.3017,6.3017,6.3017,6.3017,6.3017,6.3017,6.3017,6.3017,6.3017,6.3017,6.3017,6.3017,6.3017,6.3017,6.3017,6.3017,6.3017,6.3017,6.3017,6.3017,6.3017,6.3017,6.3017,6.3017,6.3017,6.3017,6.3017,6.3017,6.3017,6.3017,6.3017,6.3017,6.3017,6.3017,6.3017,6.3017,6.3017,6.3017,6.3017,6.3017,6.3017,6.3017,6.3017,6.3017,6.3017,6.3017,6.3017,6.3017,6.3017,6.3017,6.3017,6.3017,6.3017,6.3017,6.3017,6.3017,6.3017,6.3017,6.3017,6.3017,6.3017,6.3017,6.3017,6.3017,6.3017,6.3017,6.3017,6.3017,6.3017,6.3017,6.3017,6.3017,6.3017,6.3017,6.3017,6.3017,6.3017,6.3017,6.3017,6.3017,6.3017,6.3017,6.3017,6.3017,6.3017,6.3017,6.3017,6.3017,6.3017,6.3017,6.3017,6.3017,6.3017,6.3017,6.3017,6.3017,6.3017,6.3017,6.3017,6.3017,6.3017,6.3017,6.3017,6.3017,6.3017,6.3017,6.3017,6.3017,6.3017,6.3017,6.3017,6.3017,6.3017,6.3017,6.3017,6.3017,6.3017,6.3017,6.3017,6.3017,6.3017,6.3017,6.3017,6.3017,6.3017,6.3017,6.3017,6.3017,6.3017,6.3017,6.3017,6.3017,6.3017,6.3017,6.3017,6.3017,6.3017,6.3017,6.3017,6.3017,6.3017,6.3017,6.3017,6.3017,6.3017,6.3017,6.3017,6.3017,6.3017,6.3017,6.3017,6.3017,6.3017,6.3017,6.3017,6.3017,6.3017,6.3017,6.3017,6.3017,6.3017,6.3017,6.3017,6.3017,6.3017,6.3017,6.3017,6.3017,6.3017,6.3017,6.3017,6.3017,6.3017,6.3017,6.3017,6.3017,6.3017,6.3017,6.3017,6.3017,6.3017,6.3017,6.3017,6.3017,6.3017,6.3017,6.3017,6.3017,6.3017,6.3017,6.3017,6.3017,6.3017,6.3017,6.3017,6.3017,6.3017,6.3017,6.3017,6.3017,6.3017,6.3017,6.3017,6.3017,6.3017,6.3017,6.3017,6.3017,6.3017,6.3017,6.3017,6.3017,6.3017,6.3017,6.3017,6.3017,6.3017,6.3017,6.3017,6.3017,6.3017,6.3017,6.3017,6.3017,6.3017,6.3017,6.3017,6.3017,6.3017,6.3017,6.3017,6.3017,6.3017,6.3017,6.3017,6.3017,6.3017,6.3017,6.3017,6.3017,6.3017,6.3017,6.3017,6.3017,6.3017,6.3017,6.3017,6.3017,6.3017,6.3017,6.3017,6.3017,6.3017,6.3017,6.3017,6.3017,6.3017,6.3017,6.3017,6.3017,6.3017,6.3017,6.3017,6.3017,6.3017,6.3017,6.3017,6.3017,6.3017,6.3017,6.3017,6.3017,6.3017,6.3017,6.3017,6.3017,6.3017,6.3017,6.3017,6.3017,6.3017,6.3017,6.3017,6.3017,6.3017,6.3017,6.3017,6.3017,6.3017,6.3017,6.3017,6.3017,6.3017,6.3017,6.3017,6.3017,6.3017,6.3017,6.3017,6.3017,6.3017,6.3017,6.3017,6.3017,6.3017,6.3017,6.3017,6.3017,6.3017,6.3017,6.3017,6.3017,6.3017,6.3017,6.3017,6.3017,6.3017,6.3017,6.3017,6.3017,6.3017,6.3017,6.3017,6.3017,6.3017,6.3017,6.3017,6.3017,6.3017,6.3017,6.3017,6.3017,6.3017,6.3017,6.3017,6.3017,6.3017,6.3017,6.3017,6.3017,6.3017,6.3017,6.3017,6.3017,6.3017,6.3017,6.3017,6.3017,6.3017,6.3017,6.3017,6.3017,6.3017,6.3017,6.3017,6.3017,6.3017,6.3017,6.3017,6.3017,6.3017,6.3017,6.3017,6.3017,6.3017,6.3017,6.3017,6.3017,6.3017,6.3017,6.3017,6.3017,6.3017,6.3017,6.3017,6.3017,6.3017,6.3017,6.3017,6.3017,6.3017,6.3017,6.3017,6.3017,6.3017,6.3017,6.3017,6.3017,6.3017,6.3017,6.3017,6.3017,6.3017,6.3017,6.3017,6.3017,6.3017,6.3017,6.3017,6.3017,6.3017,6.3017,6.3017,6.3017,6.3017,6.3017,6.3017,6.3017,6.3017,6.3017,6.3017,6.3017,6.3017,6.3017,6.3017,6.3017,6.3017,6.3017,6.3017,6.3017,6.3017,6.3017,6.3017,6.3017,6.3017,6.3017,6.3017,6.3017,6.3017,6.3017,6.3017,6.3017,6.3017,6.3017,6.3017,6.3017,6.3017,6.3017,6.3017,6.3017,6.3017,6.3017,6.3017,6.3017,6.3017,6.3017,6.3017,6.3017,6.3017,6.3017,6.3017,6.3017,6.3017,6.3017,6.3017,6.3017,6.3017,6.3017,6.3017,6.3017,6.3017,6.3017,6.3017,6.3017,6.3017,6.3017,6.3017,6.3017,6.3017,6.3017,6.3017,6.3017,6.3017,6.3017,6.3017,6.3017,6.3017,6.3017,6.3017,6.3017,6.3017,6.3017,6.3017,6.3017,6.3017,6.3017,6.3017,6.3017,6.3017,6.3017,6.3017,6.3017,6.3017,6.3017,6.3017,6.3017,6.3017,6.3017,6.3017,6.3017,6.3017,6.3017,6.3017,6.3017,6.3017,6.3017,6.3017,6.3017,6.3017,6.3017,6.3017,6.3017,6.3017,6.3017,6.3017,6.3017,6.3017,6.3017,6.3017,6.3017,6.3017,6.3017,6.3017,6.3017,6.3017,6.3017,6.3017,6.3017,6.3017,6.3017,6.3017,6.3017,6.3017,6.3017,6.3017,6.3017,6.3017,6.3017,6.3017,6.3017,6.3017,6.3017,6.3017,6.3017,6.3017,6.3017,6.3017,6.3017,6.3017,6.3017,6.3017,6.3017,6.3017,6.3017,6.3017,6.3017,6.3017,6.3017,6.3017,6.3017,6.3017,6.3017,6.3017,6.3017,6.3017,6.3017,6.3017,6.3017,6.3017,6.3017,6.3017,6.3017,6.3017,6.3017,6.3017,6.3017,6.3017,6.3017,6.3017,6.3017,6.3017,6.3017,6.3017,6.3017,6.3017,6.3017,6.3017,6.3017,6.3017,6.3017,6.3017,6.3017,6.3017,6.3017,6.3017,6.3017,6.3017,6.3017,6.3017,6.3017,6.3017,6.3017,6.3017,6.3017,6.3017,6.3017,6.3017,6.3017,6.3017,6.3017,6.3017,6.3017,6.3017,6.3017,6.3017,6.3017,6.3017,6.3017,6.3017,6.3017,6.3017,6.3017,6.3017,6.3017,6.3017,6.3017,6.3017,6.3017,6.3017,6.3017,6.3017,6.3017,6.3017,6.3017,6.3017,6.3017,6.3017,6.3017,6.3017,6.3017,6.3017,6.3017,6.3017,6.3017,6.3017,6.3017,6.3017,6.3017,6.3017,6.3017,6.3017,6.3017,6.3017,6.3017,6.3017,6.3017,6.3017,6.3017,6.3017,6.3017,6.3017,6.3017,6.3017,6.3017,6.3017,6.3017,6.3017,6.3017,6.3017,6.3017,6.3017,6.3017,6.3017,6.3017,6.3017,6.3017,6.3017,6.3017,6.3017,6.3017,6.3017,6.3017,6.3017,6.3017,6.3017,6.3017,6.3017,6.3017,6.3017,6.3017,6.3017,6.3017,6.3017,6.3017,6.3017,6.3017,6.3017,6.3017,6.3017,6.3017,6.3017,6.3017,6.3017,6.3017,6.3017,6.3017,6.3017,6.3017,6.3017,6.3017,6.3017,6.3017,6.3017,6.3017,6.3017,6.3017,6.3017,6.3017,6.3017,6.3017,6.3017,6.3017,6.3017,6.3017
6.2974,6.2974,6.2974,6.2974,6.2974,6.2974,6.2974,6.2974,6.2974,6.2974,6.2974,6.2974,6.2974,6.2974,6.2974,6.2974,6.2974,6.2974,6.2974,6.2974,6.2974,6.2974,6.2974,6.2974,6.2974,6.2974,6.2974,6.2974,6.2974,6.2974,6.2974,6.2974,6.2974,6.2974,6.2974,6.2974,6.2974,6.2974,6.2974,6.2974,6.2974,6.2974,6.2974,6.2974,6.2974,6.2974,6.2974,6.2974,6.2974,6.2974,6.2974,6.2974,6.2974,6.2974,6.2974,6.2974,6.2974,6.2974,6.2974,6.2974,6.2974,6.2974,6.2974,6.2974,6.2974,6.2974,6.2974,6.2974,6.2974,6.2974,6.2974,6.2974,6.2974,6.2974,6.2974,6.2974,6.2974,6.2974,6.2974,6.2974,6.2974,6.2974,6.2974,6.2974,6.2974,6.2974,6.2974,6.2974,6.2974,6.2974,6.2974,6.2974,6.2974,6.2974,6.2974,6.2974,6.2974,6.2974,6.2974,6.2974,6.2974,6.2974,6.2974,6.2974,6.2974,6.2974,6.2974,6.2974,6.2974,6.2974,6.2974,6.2974,6.2974,6.2974,6.2974,6.2974,6.2974,6.2974,6.2974,6.2974,6.2974,6.2974,6.2974,6.2974,6.2974,6.2974,6.2974,6.2974,6.2974,6.2974,6.2974,6.2974,6.2974,6.2974,6.2974,6.2974,6.2974,6.2974,6.2974,6.2974,6.2974,6.2974,6.2974,6.2974,6.2974,6.2974,6.2974,6.2974,6.2974,6.2974,6.2974,6.2974,6.2974,6.2974,6.2974,6.2974,6.2974,6.2974,6.2974,6.2974,6.2974,6.2974,6.2974,6.2974,6.2974,6.2974,6.2974,6.2974,6.2974,6.2974,6.2974,6.2974,6.2974,6.2974,6.2974,6.2974,6.2974,6.2974,6.2974,6.2974,6.2974,6.2974,6.2974,6.2974,6.2974,6.2974,6.2974,6.2974,6.2974,6.2974,6.2974,6.2974,6.2974,6.2974,6.2974,6.2974,6.2974,6.2974,6.2974,6.2974,6.2974,6.2974,6.2974,6.2974,6.2974,6.2974,6.2974,6.2974,6.2974,6.2974,6.2974,6.2974,6.2974,6.2974,6.2974,6.2974,6.2974,6.2974,6.2974,6.2974,6.2974,6.2974,6.2974,6.2974,6.2974,6.2974,6.2974,6.2974,6.2974,6.2974,6.2974,6.2974,6.2974,6.2974,6.2974,6.2974,6.2974,6.2974,6.2974,6.2974,6.2974,6.2974,6.2974,6.2974,6.2974,6.2974,6.2974,6.2974,6.2974,6.2974,6.2974,6.2974,6.2974,6.2974,6.2974,6.2974,6.2974,6.2974,6.2974,6.2974,6.2974,6.2974,6.2974,6.2974,6.2974,6.2974,6.2974,6.2974,6.2974,6.2974,6.2974,6.2974,6.2974,6.2974,6.2974,6.2974,6.2974,6.2974,6.2974,6.2974,6.2974,6.2974,6.2974,6.2974,6.2974,6.2974,6.2974,6.2974,6.2974,6.2974,6.2974,6.2974,6.2974,6.2974,6.2974,6.2974,6.2974,6.2974,6.2974,6.2974,6.2974,6.2974,6.2974,6.2974,6.2974,6.2974,6.2974,6.2974,6.2974,6.2974,6.2974,6.2974,6.2974,6.2974,6.2974,6.2974,6.2974,6.2974,6.2974,6.2974,6.2974,6.2974,6.2974,6.2974,6.2974,6.2974,6.2974,6.2974,6.2974,6.2974,6.2974,6.2974,6.2974,6.2974,6.2974,6.2974,6.2974,6.2974,6.2974,6.2974,6.2974,6.2974,6.2974,6.2974,6.2974,6.2974,6.2974,6.2974,6.2974,6.2974,6.2974,6.2974,6.2974,6.2974,6.2974,6.2974,6.2974,6.2974,6.2974,6.2974,6.2974,6.2974,6.2974,6.2974,6.2974,6.2974,6.2974,6.2974,6.2974,6.2974,6.2974,6.2974,6.2974,6.2974,6.2974,6.2974,6.2974,6.2974,6.2974,6.2974,6.2974,6.2974,6.2974,6.2974,6.2974,6.2974,6.2974,6.2974,6.2974,6.2974,6.2974,6.2974,6.2974,6.2974,6.2974,6.2974,6.2974,6.2974,6.2974,6.2974,6.2974,6.2974,6.2974,6.2974,6.2974,6.2974,6.2974,6.2974,6.2974,6.2974,6.2974,6.2974,6.2974,6.2974,6.2974,6.2974,6.2974,6.2974,6.2974,6.2974,6.2974,6.2974,6.2974,6.2974,6.2974,6.2974,6.2974,6.2974,6.2974,6.2974,6.2974,6.2974,6.2974,6.2974,6.2974,6.2974,6.2974,6.2974,6.2974,6.2974,6.2974,6.2974,6.2974,6.2974,6.2974,6.2974,6.2974,6.2974,6.2974,6.2974,6.2974,6.2974,6.2974,6.2974,6.2974,6.2974,6.2974,6.2974,6.2974,6.2974,6.2974,6.2974,6.2974,6.2974,6.2974,6.2974,6.2974,6.2974,6.2974,6.2974,6.2974,6.2974,6.2974,6.2974,6.2974,6.2974,6.2974,6.2974,6.2974,6.2974,6.2974,6.2974,6.2974,6.2974,6.2974,6.2974,6.2974,6.2974,6.2974,6.2974,6.2974,6.2974,6.2974,6.2974,6.2974,6.2974,6.2974,6.2974,6.2974,6.2974,6.2974,6.2974,6.2974,6.2974,6.2974,6.2974,6.2974,6.2974,6.2974,6.2974,6.2974,6.2974,6.2974,6.2974,6.2974,6.2974,6.2974,6.2974,6.2974,6.2974,6.2974,6.2974,6.2974,6.2974,6.2974,6.2974,6.2974,6.2974,6.2974,6.2974,6.2974,6.2974,6.2974,6.2974,6.2974,6.2974,6.2974,6.2974,6.2974,6.2974,6.2974,6.2974,6.2974,6.2974,6.2974,6.2974,6.2974,6.2974,6.2974,6.2974,6.2974,6.2974,6.2974,6.2974,6.2974,6.2974,6.2974,6.2974,6.2974,6.2974,6.2974,6.2974,6.2974,6.2974,6.2974,6.2974,6.2974,6.2974,6.2974,6.2974,6.2974,6.2974,6.2974,6.2974,6.2974,6.2974,6.2974,6.2974,6.2974,6.2974,6.2974,6.2974,6.2974,6.2974,6.2974,6.2974,6.2974,6.2974,6.2974,6.2974,6.2974,6.2974,6.2974,6.2974,6.2974,6.2974,6.2974,6.2974,6.2974,6.2974,6.2974,6.2974,6.2974,6.2974,6.2974,6.2974,6.2974,6.2974,6.2974,6.2974,6.2974,6.2974,6.2974,6.2974,6.2974,6.2974,6.2974,6.2974,6.2974,6.2974,6.2974,6.2974,6.2974,6.2974,6.2974,6.2974,6.2974,6.2974,6.2974,6.2974,6.2974,6.2974,6.2974,6.2974,6.2974,6.2974,6.2974,6.2974,6.2974,6.2974,6.2974,6.2974,6.2974,6.2974,6.2974,6.2974,6.2974,6.2974,6.2974,6.2974,6.2974,6.2974,6.2974,6.2974,6.2974,6.2974,6.2974,6.2974,6.2974,6.2974,6.2974,6.2974,6.2974,6.2974,6.2974,6.2974,6.2974,6.2974,6.2974,6.2974,6.2974,6.2974,6.2974,6.2974,6.2974,6.2974,6.2974,6.2974,6.2974,6.2974,6.2974,6.2974,6.2974,6.2974,6.2974,6.2974,6.2974,6.2974,6.2974,6.2974,6.2974,6.2974,6.2974,6.2974,6.2974,6.2974,6.2974,6.2974,6.2974,6.2974,6.2974,6.2974,6.2974,6.2974,6.2974,6.2974,6.2974,6.2974,6.2974,6.2974,6.2974,6.2974,6.2974,6.2974,6.2974,6.2974,6.2974,6.2974,6.2974,6.2974,6.2974,6.2974,6.2974,6.2974,6.2974,6.2974,6.2974,6.2974,6.2974,6.2974,6.2974,6.2974,6.2974,6.2974,6.2974,6.2974,6.2974,6.2974,6.2974,6.2974,6.2974,6.2974,6.2974,6.2974,6.2974,6.2974,6.2974,6.2974,6.2974,6.2974,6.2974,6.2974,6.2974,6.2974,6.2974,6.2974,6.2974,6.2974,6.2974,6.2974,6.2974,6.2974,6.2974,6.2974,6.2974,6.2974,6.2974,6.2974,6.2974,6.2974,6.2974,6.2974,6.2974,6.2974,6.2974,6.2974,6.2974,6.2974,6.2974,6.2974,6.2974,6.2974,6.2974,6.2974,6.2974,6.2974,6.2974,6.2974,6.2974,6.2974,6.2974,6.2974,6.2974,6.2974,6.2974,6.2974,6.2974,6.2974,6.2974,6.2974,6.2974,6.2974,6.2974,6.2974,6.2974,6.2974,6.2974,6.2974,6.2974,6.2974,6.2974,6.2974,6.2974,6.2974,6.2974,6.2974,6.2974,6.2974,6.2974,6.2974,6.2974,6.2974,6.2974,6.2974,6.2974,6.2974,6.2974,6.2974,6.2974,6.2974,6.2974,6.2974,6.2974,6.2974,6.2974,6.2974,6.2974,6.2974,6.2974,6.2974,6.2974,6.2974,6.2974,6.2974,6.2974,6.2974,6.2974,6.2974,6.2974,6.2974,6.2974,6.2974,6.2974,6.2974,6.2974,6.2974,6.2974,6.2974,6.2974,6.2974,6.2974,6.2974,6.2974,6.2974,6.2974,6.2974,6.2974,6.2974,6.2974,6.2974,6.2974,6.2974,6.2974,6.2974,6.2974,6.2974,6.2974,6.2974,6.2974,6.2974,6.2974,6.2974,6.2974,6.2974,6.2974,6.2974,6.2974,6.2974,6.2974,6.2974,6.2974,6.2974,6.2974,6.2974,6.2974,6.2974,6.2974,6.2974,6.2974,6.2974,6.2974,6.2974,6.2974,6.2974,6.2974,6.2974,6.2974,6.2974,6.2974,6.2974,6.2974,6.2974,6.2974,6.2974,6.2974,6.2974,6.2974,6.2974,6.2974,6.2974,6.2974,6.2974,6.2974,6.2974,6.2974,6.2974,6.2974,6.2974,6.2974,6.2974,6.2974,6.2974,6.2974,6.2974,6.2974,6.2974,6.2974,6.2974,6.2974,6.2974,6.2974,6.2974,6.2974,6.2974,6.2974,6.2974,6.2974,6.2974,6.2974,6.2974,6.2974,6.2974,6.2974,6.2974,6.2974,6.2974,6.2974,6.2974,6.2974,6.2974
6.2930,6.2930,6.2930,6.2930,6.2930,6.2930,6.2930,6.2930,6.2930,6.2930,6.2930,6.2930,6.2930,6.2930,6.2930,6.2930,6.2930,6.2930,6.2930,6.2930,6.2930,6.2930,6.2930,6.2930,6.2930,6.2930,6.2930,6.2930,6.2930,6.2930,6.2930,6.2930,6.2930,6.2930,6.2930,6.2930,6.2930,6.2930,6.2930,6.2930,6.2930,6.2930,6.2930,6.2930,6.2930,6.2930,6.2930,6.2930,6.2930,6.2930,6.2930,6.2930,6.2930,6.2930,6.2930,6.2930,6.2930,6.2930,6.2930,6.2930,6.2930,6.2930,6.2930,6.2930,6.2930,6.2930,6.2930,6.2930,6.2930,6.2930,6.2930,6.2930,6.2930,6.2930,6.2930,6.2930,6.2930,6.2930,6.2930,6.2930,6.2930,6.2930,6.2930,6.2930,6.2930,6.2930,6.2930,6.2930,6.2930,6.2930,6.2930,6.2930,6.2930,6.2930,6.2930,6.2930,6.2930,6.2930,6.2930,6.2930,6.2930,6.2930,6.2930,6.2930,6.2930,6.2930,6.2930,6.2930,6.2930,6.2930,6.2930,6.2930,6.2930,6.2930,6.2930,6.2930,6.2930,6.2930,6.2930,6.2930,6.2930,6.2930,6.2930,6.2930,6.2930,6.2930,6.2930,6.2930,6.2930,6.2930,6.2930,6.2930,6.2930,6.2930,6.2930,6.2930,6.2930,6.2930,6.2930,6.2930,6.2930,6.2930,6.2930,6.2930,6.2930,6.2930,6.2930,6.2930,6.2930,6.2930,6.2930,6.2930,6.2930,6.2930,6.2930,6.2930,6.2930,6.2930,6.2930,6.2930,6.2930,6.2930,6.2930,6.2930,6.2930,6.2930,6.2930,6.2930,6.2930,6.2930,6.2930,6.2930,6.2930,6.2930,6.2930,6.2930,6.2930,6.2930,6.2930,6.2930,6.2930,6.2930,6.2930,6.2930,6.2930,6.2930,6.2930,6.2930,6.2930,6.2930,6.2930,6.2930,6.2930,6.2930,6.2930,6.2930,6.2930,6.2930,6.2930,6.2930,6.2930,6.2930,6.2930,6.2930,6.2930,6.2930,6.2930,6.2930,6.2930,6.2930,6.2930,6.2930,6.2930,6.2930,6.2930,6.2930,6.2930,6.2930,6.2930,6.2930,6.2930,6.2930,6.2930,6.2930,6.2930,6.2930,6.2930,6.2930,6.2930,6.2930,6.2930,6.2930,6.2930,6.2930,6.2930,6.2930,6.2930,6.2930,6.2930,6.2930,6.2930,6.2930,6.2930,6.2930,6.2930,6.2930,6.2930,6.2930,6.2930,6.2930,6.2930,6.2930,6.2930,6.2930,6.2930,6.2930,6.2930,6.2930,6.2930,6.2930,6.2930,6.2930,6.2930,6.2930,6.2930,6.2930,6.2930,6.2930,6.2930,6.2930,6.2930,6.2930,6.2930,6.2930,6.2930,6.2930,6.2930,6.2930,6.2930,6.2930,6.2930,6.2930,6.2930,6.2930,6.2930,6.2930,6.2930,6.2930,6.2930,6.2930,6.2930,6.2930,6.2930,6.2930,6.2930,6.2930,6.2930,6.2930,6.2930,6.2930,6.2930,6.2930,6.2930,6.2930,6.2930,6.2930,6.2930,6.2930,6.2930,6.2930,6.2930,6.2930,6.2930,6.2930,6.2930,6.2930,6.2930,6.2930,6.2930,6.2930,6.2930,6.2930,6.2930,6.2930,6.2930,6.2930,6.2930,6.2930,6.2930,6.2930,6.2930,6.2930,6.2930,6.2930,6.2930,6.2930,6.2930,6.2930,6.2930,6.2930,6.2930,6.2930,6.2930,6.2930,6.2930,6.2930,6.2930,6.2930,6.2930,6.2930,6.2930,6.2930,6.2930,6.2930,6.2930,6.2930,6.2930,6.2930,6.2930,6.2930,6.2930,6.2930,6.2930,6.2930,6.2930,6.2930,6.2930,6.2930,6.2930,6.2930,6.2930,6.2930,6.2930,6.2930,6.2930,6.2930,6.2930,6.2930,6.2930,6.2930,6.2930,6.2930,6.2930,6.2930,6.2930,6.2930,6.2930,6.2930,6.2930,6.2930,6.2930,6.2930,6.2930,6.2930,6.2930,6.2930,6.2930,6.2930,6.2930,6.2930,6.2930,6.2930,6.2930,6.2930,6.2930,6.2930,6.2930,6.2930,6.2930,6.2930,6.2930,6.2930,6.2930,6.2930,6.2930,6.2930,6.2930,6.2930,6.2930,6.2930,6.2930,6.2930,6.2930,6.2930,6.2930,6.2930,6.2930,6.2930,6.2930,6.2930,6.2930,6.2930,6.2930,6.2930,6.2930,6.2930,6.2930,6.2930,6.2930,6.2930,6.2930,6.2930,6.2930,6.2930,6.2930,6.2930,6.2930,6.2930,6.2930,6.2930,6.2930,6.2930,6.2930,6.2930,6.2930,6.2930,6.2930,6.2930,6.2930,6.2930,6.2930,6.2930,6.2930,6.2930,6.2930,6.2930,6.2930,6.2930,6.2930,6.2930,6.2930,6.2930,6.2930,6.2930,6.2930,6.2930,6.2930,6.2930,6.2930,6.2930,6.2930,6.2930,6.2930,6.2930,6.2930,6.2930,6.2930,6.2930,6.2930,6.2930,6.2930,6.2930,6.2930,6.2930,6.2930,6.2930,6.2930,6.2930,6.2930,6.2930,6.2930,6.2930,6.2930,6.2930,6.2930,6.2930,6.2930,6.2930,6.2930,6.2930,6.2930,6.2930,6.2930,6.2930,6.2930,6.2930,6.2930,6.2930,6.2930,6.2930,6.2930,6.2930,6.2930,6.2930,6.2930,6.2930,6.2930,6.2930,6.2930,6.2930,6.2930,6.2930,6.2930,6.2930,6.2930,6.2930,6.2930,6.2930,6.2930,6.2930,6.2930,6.2930,6.2930,6.2930,6.2930,6.2930,6.2930,6.2930,6.2930,6.2930,6.2930,6.2930,6.2930,6.2930,6.2930,6.2930,6.2930,6.2930,6.2930,6.2930,6.2930,6.2930,6.2930,6.2930,6.2930,6.2930,6.2930,6.2930,6.2930,6.2930,6.2930,6.2930,6.2930,6.2930,6.2930,6.2930,6.2930,6.2930,6.2930,6.2930,6.2930,6.2930,6.2930,6.2930,6.2930,6.2930,6.2930,6.2930,6.2930,6.2930,6.2930,6.2930,6.2930,6.2930,6.2930,6.2930,6.2930,6.2930,6.2930,6.2930,6.2930,6.2930,6.2930,6.2930,6.2930,6.2930,6.2930,6.2930,6.2930,6.2930,6.2930,6.2930,6.2930,6.2930,6.2930,6.2930,6.2930,6.2930,6.2930,6.2930,6.2930,6.2930,6.2930,6.2930,6.2930,6.2930,6.2930,6.2930,6.2930,6.2930,6.2930,6.2930,6.2930,6.2930,6.2930,6.2930,6.2930,6.2930,6.2930,6.2930,6.2930,6.2930,6.2930,6.2930,6.2930,6.2930,6.2930,6.2930,6.2930,6.2930,6.2930,6.2930,6.2930,6.2930,6.2930,6.2930,6.2930,6.2930,6.2930,6.2930,6.2930,6.2930,6.2930,6.2930,6.2930,6.2930,6.2930,6.2930,6.2930,6.2930,6.2930,6.2930,6.2930,6.2930,6.2930,6.2930,6.2930,6.2930,6.2930,6.2930,6.2930,6.2930,6.2930,6.2930,6.2930,6.2930,6.2930,6.2930,6.2930,6.2930,6.2930,6.2930,6.2930,6.2930,6.2930,6.2930,6.2930,6.2930,6.2930,6.2930,6.2930,6.2930,6.2930,6.2930,6.2930,6.2930,6.2930,6.2930,6.2930,6.2930,6.2930,6.2930,6.2930,6.2930,6.2930,6.2930,6.2930,6.2930,6.2930,6.2930,6.2930,6.2930,6.2930,6.2930,6.2930,6.2930,6.2930,6.2930,6.2930,6.2930,6.2930,6.2930,6.2930,6.2930,6.2930,6.2930,6.2930,6.2930,6.2930,6.2930,6.2930,6.2930,6.2930,6.2930,6.2930,6.2930,6.2930,6.2930,6.2930,6.2930,6.2930,6.2930,6.2930,6.2930,6.2930,6.2930,6.2930,6.2930,6.2930,6.2930,6.2930,6.2930,6.2930,6.2930,6.2930,6.2930,6.2930,6.2930,6.2930,6.2930,6.2930,6.2930,6.2930,6.2930,6.2930,6.2930,6.2930,6.2930,6.2930,6.2930,6.2930,6.2930,6.2930,6.2930,6.2930,6.2930,6.2930,6.2930,6.2930,6.2930,6.2930,6.2930,6.2930,6.2930,6.2930,6.2930,6.2930,6.2930,6.2930,6.2930,6.2930,6.2930,6.2930,6.2930,6.2930,6.2930,6.2930,6.2930,6.2930,6.2930,6.2930,6.2930,6.2930,6.2930,6.2930,6.2930,6.2930,6.2930,6.2930,6.2930,6.2930,6.2930,6.2930,6.2930,6.2930,6.2930,6.2930,6.2930,6.2930,6.2930,6.2930,6.2930,6.2930,6.2930,6.2930,6.2930,6.2930,6.2930,6.2930,6.2930,6.2930,6.2930,6.2930,6.2930,6.2930,6.2930,6.2930,6.2930,6.2930,6.2930,6.2930,6.2930,6.2930,6.2930,6.2930,6.2930,6.2930,6.2930,6.2930,6.2930,6.2930,6.2930,6.2930,6.2930,6.2930,6.2930,6.2930,6.2930,6.2930,6.2930,6.2930,6.2930,6.2930,6.2930,6.2930,6.2930,6.2930,6.2930,6.2930,6.2930,6.2930,6.2930,6.2930,6.2930,6.2930,6.2930,6.2930,6.2930,6.2930,6.2930,6.2930,6.2930,6.2930,6.2930,6.2930,6.2930,6.2930,6.2930,6.2930,6.2930,6.2930,6.2930,6.2930,6.2930,6.2930,6.2930,6.2930,6.2930,6.2930,6.2930,6.2930,6.2930,6.2930,6.2930,6.2930,6.2930,6.2930,6.2930,6.2930,6.2930,6.2930,6.2930,6.2930,6.2930,6.2930,6.2930,6.2930,6.2930,6.2930,6.2930,6.2930,6.2930,6.2930,6.2930,6.2930,6.2930,6.2930,6.2930,6.2930,6.2930,6.2930,6.2930,6.2930,6.2930,6.2930,6.2930,6.2930,6.2930,6.2930,6.2930,6.2930,6.2930,6.2930,6.2930,6.2930,6.2930,6.2930,6.2930,6.2930,6.2930
6.2885,6.2885,6.2885,6.2885,6.2885,6.2885,6.2885,6.2885,6.2885,6.2885,6.2885,6.2885,6.2885,6.2885,6.2885,6.2885,6.2885,6.2885,6.2885,6.2885,6.2885,6.2885,6.2885,6.2885,6.2885,6.2885,6.2885,6.2885,6.2885,6.2885,6.2885,6.2885,6.2885,6.2885,6.2885,6.2885,6.2885,6.2885,6.2885,6.2885,6.2885,6.2885,6.2885,6.2885,6.2885,6.2885,6.2885,6.2885,6.2885,6.2885,6.2885,6.2885,6.2885,6.2885,6.2885,6.2885,6.2885,6.2885,6.2885,6.2885,6.2885,6.2885,6.2885,6.2885,6.2885,6.2885,6.2885,6.2885,6.2885,6.2885,6.2885,6.2885,6.2885,6.2885,6.2885,6.2885,6.2885,6.2885,6.2885,6.2885,6.2885,6.2885,6.2885,6.2885,6.2885,6.2885,6.2885,6.2885,6.2885,6.2885,6.2885,6.2885,6.2885,6.2885,6.2885,6.2885,6.2885,6.2885,6.2885,6.2885,6.2885,6.2885,6.2885,6.2885,6.2885,6.2885,6.2885,6.2885,6.2885,6.2885,6.2885,6.2885,6.2885,6.2885,6.2885,6.2885,6.2885,6.2885,6.2885,6.2885,6.2885,6.2885,6.2885,6.2885,6.2885,6.2885,6.2885,6.2885,6.2885,6.2885,6.2885,6.2885,6.2885,6.2885,6.2885,6.2885,6.2885,6.2885,6.2885,6.2885,6.2885,6.2885,6.2885,6.2885,6.2885,6.2885,6.2885,6.2885,6.2885,6.2885,6.2885,6.2885,6.2885,6.2885,6.2885,6.2885,6.2885,6.2885,6.2885,6.2885,6.2885,6.2885,6.2885,6.2885,6.2885,6.2885,6.2885,6.2885,6.2885,6.2885,6.2885,6.2885,6.2885,6.2885,6.2885,6.2885,6.2885,6.2885,6.2885,6.2885,6.2885,6.2885,6.2885,6.2885,6.2885,6.2885,6.2885,6.2885,6.2885,6.2885,6.2885,6.2885,6.2885,6.2885,6.2885,6.2885,6.2885,6.2885,6.2885,6.2885,6.2885,6.2885,6.2885,6.2885,6.2885,6.2885,6.2885,6.2885,6.2885,6.2885,6.2885,6.2885,6.2885,6.2885,6.2885,6.2885,6.2885,6.2885,6.2885,6.2885,6.2885,6.2885,6.2885,6.2885,6.2885,6.2885,6.2885,6.2885,6.2885,6.2885,6.2885,6.2885,6.2885,6.2885,6.2885,6.2885,6.2885,6.2885,6.2885,6.2885,6.2885,6.2885,6.2885,6.2885,6.2885,6.2885,6.2885,6.2885,6.2885,6.2885,6.2885,6.2885,6.2885,6.2885,6.2885,6.2885,6.2885,6.2885,6.2885,6.2885,6.2885,6.2885,6.2885,6.2885,6.2885,6.2885,6.2885,6.2885,6.2885,6.2885,6.2885,6.2885,6.2885,6.2885,6.2885,6.2885,6.2885,6.2885,6.2885,6.2885,6.2885,6.2885,6.2885,6.2885,6.2885,6.2885,6.2885,6.2885,6.2885,6.2885,6.2885,6.2885,6.2885,6.2885,6.2885,6.2885,6.2885,6.2885,6.2885,6.2885,6.2885,6.2885,6.2885,6.2885,6.2885,6.2885,6.2885,6.2885,6.2885,6.2885,6.2885,6.2885,6.2885,6.2885,6.2885,6.2885,6.2885,6.2885,6.2885,6.2885,6.2885,6.2885,6.2885,6.2885,6.2885,6.2885,6.2885,6.2885,6.2885,6.2885,6.2885,6.2885,6.2885,6.2885,6.2885,6.2885,6.2885,6.2885,6.2885,6.2885,6.2885,6.2885,6.2885,6.2885,6.2885,6.2885,6.2885,6.2885,6.2885,6.2885,6.2885,6.2885,6.2885,6.2885,6.2885,6.2885,6.2885,6.2885,6.2885,6.2885,6.2885,6.2885,6.2885,6.2885,6.2885,6.2885,6.2885,6.2885,6.2885,6.2885,6.2885,6.2885,6.2885,6.2885,6.2885,6.2885,6.2885,6.2885,6.2885,6.2885,6.2885,6.2885,6.2885,6.2885,6.2885,6.2885,6.2885,6.2885,6.2885,6.2885,6.2885,6.2885,6.2885,6.2885,6.2885,6.2885,6.2885,6.2885,6.2885,6.2885,6.2885,6.2885,6.2885,6.2885,6.2885,6.2885,6.2885,6.2885,6.2885,6.2885,6.2885,6.2885,6.2885,6.2885,6.2885,6.2885,6.2885,6.2885,6.2885,6.2885,6.2885,6.2885,6.2885,6.2885,6.2885,6.2885,6.2885,6.2885,6.2885,6.2885,6.2885,6.2885,6.2885,6.2885,6.2885,6.2885,6.2885,6.2885,6.2885,6.2885,6.2885,6.2885,6.2885,6.2885,6.2885,6.2885,6.2885,6.2885,6.2885,6.2885,6.2885,6.2885,6.2885,6.2885,6.2885,6.2885,6.2885,6.2885,6.2885,6.2885,6.2885,6.2885,6.2885,6.2885,6.2885,6.2885,6.2885,6.2885,6.2885,6.2885,6.2885,6.2885,6.2885,6.2885,6.2885,6.2885,6.2885,6.2885,6.2885,6.2885,6.2885,6.2885,6.2885,6.2885,6.2885,6.2885,6.2885,6.2885,6.2885,6.2885,6.2885,6.2885,6.2885,6.2885,6.2885,6.2885,6.2885,6.2885,6.2885,6.2885,6.2885,6.2885,6.2885,6.2885,6.2885,6.2885,6.2885,6.2885,6.2885,6.2885,6.2885,6.2885,6.2885,6.2885,6.2885,6.2885,6.2885,6.2885,6.2885,6.2885,6.2885,6.2885,6.2885,6.2885,6.2885,6.2885,6.2885,6.2885,6.2885,6.2885,6.2885,6.2885,6.2885,6.2885,6.2885,6.2885,6.2885,6.2885,6.2885,6.2885,6.2885,6.2885,6.2885,6.2885,6.2885,6.2885,6.2885,6.2885,6.2885,6.2885,6.2885,6.2885,6.2885,6.2885,6.2885,6.2885,6.2885,6.2885,6.2885,6.2885,6.2885,6.2885,6.2885,6.2885,6.2885,6.2885,6.2885,6.2885,6.2885,6.2885,6.2885,6.2885,6.2885,6.2885,6.2885,6.2885,6.2885,6.2885,6.2885,6.2885,6.2885,6.2885,6.2885,6.2885,6.2885,6.2885,6.2885,6.2885,6.2885,6.2885,6.2885,6.2885,6.2885,6.2885,6.2885,6.2885,6.2885,6.2885,6.2885,6.2885,6.2885,6.2885,6.2885,6.2885,6.2885,6.2885,6.2885,6.2885,6.2885,6.2885,6.2885,6.2885,6.2885,6.2885,6.2885,6.2885,6.2885,6.2885,6.2885,6.2885,6.2885,6.2885,6.2885,6.2885,6.2885,6.2885,6.2885,6.2885,6.2885,6.2885,6.2885,6.2885,6.2885,6.2885,6.2885,6.2885,6.2885,6.2885,6.2885,6.2885,6.2885,6.2885,6.2885,6.2885,6.2885,6.2885,6.2885,6.2885,6.2885,6.2885,6.2885,6.2885,6.2885,6.2885,6.2885,6.2885,6.2885,6.2885,6.2885,6.2885,6.2885,6.2885,6.2885,6.2885,6.2885,6.2885,6.2885,6.2885,6.2885,6.2885,6.2885,6.2885,6.2885,6.2885,6.2885,6.2885,6.2885,6.2885,6.2885,6.2885,6.2885,6.2885,6.2885,6.2885,6.2885,6.2885,6.2885,6.2885,6.2885,6.2885,6.2885,6.2885,6.2885,6.2885,6.2885,6.2885,6.2885,6.2885,6.2885,6.2885,6.2885,6.2885,6.2885,6.2885,6.2885,6.2885,6.2885,6.2885,6.2885,6.2885,6.2885,6.2885,6.2885,6.2885,6.2885,6.2885,6.2885,6.2885,6.2885,6.2885,6.2885,6.2885,6.2885,6.2885,6.2885,6.2885,6.2885,6.2885,6.2885,6.2885,6.2885,6.2885,6.2885,6.2885,6.2885,6.2885,6.2885,6.2885,6.2885,6.2885,6.2885,6.2885,6.2885,6.2885,6.2885,6.2885,6.2885,6.2885,6.2885,6.2885,6.2885,6.2885,6.2885,6.2885,6.2885,6.2885,6.2885,6.2885,6.2885,6.2885,6.2885,6.2885,6.2885,6.2885,6.2885,6.2885,6.2885,6.2885,6.2885,6.2885,6.2885,6.2885,6.2885,6.2885,6.2885,6.2885,6.2885,6.2885,6.2885,6.2885,6.2885,6.2885,6.2885,6.2885,6.2885,6.2885,6.2885,6.2885,6.2885,6.2885,6.2885,6.2885,6.2885,6.2885,6.2885,6.2885,6.2885,6.2885,6.2885,6.2885,6.2885,6.2885,6.2885,6.2885,6.2885,6.2885,6.2885,6.2885,6.2885,6.2885,6.2885,6.2885,6.2885,6.2885,6.2885,6.2885,6.2885,6.2885,6.2885,6.2885,6.2885,6.2885,6.2885,6.2885,6.2885,6.2885,6.2885,6.2885,6.2885,6.2885,6.2885,6.2885,6.2885,6.2885,6.2885,6.2885,6.2885,6.2885,6.2885,6.2885,6.2885,6.2885,6.2885,6.2885,6.2885,6.2885,6.2885,6.2885,6.2885,6.2885,6.2885,6.2885,6.2885,6.2885,6.2885,6.2885,6.2885,6.2885,6.2885,6.2885,6.2885,6.2885,6.2885,6.2885,6.2885,6.2885,6.2885,6.2885,6.2885,6.2885,6.2885,6.2885,6.2885,6.2885,6.2885,6.2885,6.2885,6.2885,6.2885,6.2885,6.2885,6.2885,6.2885,6.2885,6.2885,6.2885,6.2885,6.2885,6.2885,6.2885,6.2885,6.2885,6.2885,6.2885,6.2885,6.2885,6.2885,6.2885,6.2885,6.2885,6.2885,6.2885,6.2885,6.2885,6.2885,6.2885,6.2885,6.2885,6.2885,6.2885,6.2885,6.2885,6.2885,6.2885,6.2885,6.2885,6.2885,6.2885,6.2885,6.2885,6.2885,6.2885,6.2885,6.2885,6.2885,6.2885,6.2885,6.2885,6.2885,6.2885,6.2885,6.2885,6.2885,6.2885,6.2885,6.2885,6.2885,6.2885,6.2885,6.2885,6.2885,6.2885,6.2885,6.2885,6.2885,6.2885,6.2885,6.2885,6.2885,6.2885,6.2885,6.2885,6.2885,6.2885,6.2885,6.2885,6.2885,6.2885,6.2885,6.2885
6.2840,6.2840,6.2840,6.2840,6.2840,6.2840,6.2840,6.2840,6.2840,6.2840,6.2840,6.2840,6.2840,6.2840,6.2840,6.2840,6.2840,6.2840,6.2840,6.2840,6.2840,6.2840,6.2840,6.2840,6.2840,6.2840,6.2840,6.2840,6.2840,6.2840,6.2840,6.2840,6.2840,6.2840,6.2840,6.2840,6.2840,6.2840,6.2840,6.2840,6.2840,6.2840,6.2840,6.2840,6.2840,6.2840,6.2840,6.2840,6.2840,6.2840,6.2840,6.2840,6.2840,6.2840,6.2840,6.2840,6.2840,6.2840,6.2840,6.2840,6.2840,6.2840,6.2840,6.2840,6.2840,6.2840,6.2840,6.2840,6.2840,6.2840,6.2840,6.2840,6.2840,6.2840,6.2840,6.2840,6.2840,6.2840,6.2840,6.2840,6.2840,6.2840,6.2840,6.2840,6.2840,6.2840,6.2840,6.2840,6.2840,6.2840,6.2840,6.2840,6.2840,6.2840,6.2840,6.2840,6.2840,6.2840,6.2840,6.2840,6.2840,6.2840,6.2840,6.2840,6.2840,6.2840,6.2840,6.2840,6.2840,6.2840,6.2840,6.2840,6.2840,6.2840,6.2840,6.2840,6.2840,6.2840,6.2840,6.2840,6.2840,6.2840,6.2840,6.2840,6.2840,6.2840,6.2840,6.2840,6.2840,6.2840,6.2840,6.2840,6.2840,6.2840,6.2840,6.2840,6.2840,6.2840,6.2840,6.2840,6.2840,6.2840,6.2840,6.2840,6.2840,6.2840,6.2840,6.2840,6.2840,6.2840,6.2840,6.2840,6.2840,6.2840,6.2840,6.2840,6.2840,6.2840,6.2840,6.2840,6.2840,6.2840,6.2840,6.2840,6.2840,6.2840,6.2840,6.2840,6.2840,6.2840,6.2840,6.2840,6.2840,6.2840,6.2840,6.2840,6.2840,6.2840,6.2840,6.2840,6.2840,6.2840,6.2840,6.2840,6.2840,6.2840,6.2840,6.2840,6.2840,6.2840,6.2840,6.2840,6.2840,6.2840,6.2840,6.2840,6.2840,6.2840,6.2840,6.2840,6.2840,6.2840,6.2840,6.2840,6.2840,6.2840,6.2840,6.2840,6.2840,6.2840,6.2840,6.2840,6.2840,6.2840,6.2840,6.2840,6.2840,6.2840,6.2840,6.2840,6.2840,6.2840,6.2840,6.2840,6.2840,6.2840,6.2840,6.2840,6.2840,6.2840,6.2840,6.2840,6.2840,6.2840,6.2840,6.2840,6.2840,6.2840,6.2840,6.2840,6.2840,6.2840,6.2840,6.2840,6.2840,6.2840,6.2840,6.2840,6.2840,6.2840,6.2840,6.2840,6.2840,6.2840,6.2840,6.2840,6.2840,6.2840,6.2840,6.2840,6.2840,6.2840,6.2840,6.2840,6.2840,6.2840,6.2840,6.2840,6.2840,6.2840,6.2840,6.2840,6.2840,6.2840,6.2840,6.2840,6.2840,6.2840,6.2840,6.2840,6.2840,6.2840,6.2840,6.2840,6.2840,6.2840,6.2840,6.2840,6.2840,6.2840,6.2840,6.2840,6.2840,6.2840,6.2840,6.2840,6.2840,6.2840,6.2840,6.2840,6.2840,6.2840,6.2840,6.2840,6.2840,6.2840,6.2840,6.2840,6.2840,6.2840,6.2840,6.2840,6.2840,6.2840,6.2840,6.2840,6.2840,6.2840,6.2840,6.2840,6.2840,6.2840,6.2840,6.2840,6.2840,6.2840,6.2840,6.2840,6.2840,6.2840,6.2840,6.2840,6.2840,6.2840,6.2840,6.2840,6.2840,6.2840,6.2840,6.2840,6.2840,6.2840,6.2840,6.2840,6.2840,6.2840,6.2840,6.2840,6.2840,6.2840,6.2840,6.2840,6.2840,6.2840,6.2840,6.2840,6.2840,6.2840,6.2840,6.2840,6.2840,6.2840,6.2840,6.2840,6.2840,6.2840,6.2840,6.2840,6.2840,6.2840,6.2840,6.2840,6.2840,6.2840,6.2840,6.2840,6.2840,6.2840,6.2840,6.2840,6.2840,6.2840,6.2840,6.2840,6.2840,6.2840,6.2840,6.2840,6.2840,6.2840,6.2840,6.2840,6.2840,6.2840,6.2840,6.2840,6.2840,6.2840,6.2840,6.2840,6.2840,6.2840,6.2840,6.2840,6.2840,6.2840,6.2840,6.2840,6.2840,6.2840,6.2840,6.2840,6.2840,6.2840,6.2840,6.2840,6.2840,6.2840,6.2840,6.2840,6.2840,6.2840,6.2840,6.2840,6.2840,6.2840,6.2840,6.2840,6.2840,6.2840,6.2840,6.2840,6.2840,6.2840,6.2840,6.2840,6.2840,6.2840,6.2840,6.2840,6.2840,6.2840,6.2840,6.2840,6.2840,6.2840,6.2840,6.2840,6.2840,6.2840,6.2840,6.2840,6.2840,6.2840,6.2840,6.2840,6.2840,6.2840,6.2840,6.2840,6.2840,6.2840,6.2840,6.2840,6.2840,6.2840,6.2840,6.2840,6.2840,6.2840,6.2840,6.2840,6.2840,6.2840,6.2840,6.2840,6.2840,6.2840,6.2840,6.2840,6.2840,6.2840,6.2840,6.2840,6.2840,6.2840,6.2840,6.2840,6.2840,6.2840,6.2840,6.2840,6.2840,6.2840,6.2840,6.2840,6.2840,6.2840,6.2840,6.2840,6.2840,6.2840,6.2840,6.2840,6.2840,6.2840,6.2840,6.2840,6.2840,6.2840,6.2840,6.2840,6.2840,6.2840,6.2840,6.2840,6.2840,6.2840,6.2840,6.2840,6.2840,6.2840,6.2840,6.2840,6.2840,6.2840,6.2840,6.2840,6.2840,6.2840,6.2840,6.2840,6.2840,6.2840,6.2840,6.2840,6.2840,6.2840,6.2840,6.2840,6.2840,6.2840,6.2840,6.2840,6.2840,6.2840,6.2840,6.2840,6.2840,6.2840,6.2840,6.2840,6.2840,6.2840,6.2840,6.2840,6.2840,6.2840,6.2840,6.2840,6.2840,6.2840,6.2840,6.2840,6.2840,6.2840,6.2840,6.2840,6.2840,6.2840,6.2840,6.2840,6.2840,6.2840,6.2840,6.2840,6.2840,6.2840,6.2840,6.2840,6.2840,6.2840,6.2840,6.2840,6.2840,6.2840,6.2840,6.2840,6.2840,6.2840,6.2840,6.2840,6.2840,6.2840,6.2840,6.2840,6.2840,6.2840,6.2840,6.2840,6.2840,6.2840,6.2840,6.2840,6.2840,6.2840,6.2840,6.2840,6.2840,6.2840,6.2840,6.2840,6.2840,6.2840,6.2840,6.2840,6.2840,6.2840,6.2840,6.2840,6.2840,6.2840,6.2840,6.2840,6.2840,6.2840,6.2840,6.2840,6.2840,6.2840,6.2840,6.2840,6.2840,6.2840,6.2840,6.2840,6.2840,6.2840,6.2840,6.2840,6.2840,6.2840,6.2840,6.2840,6.2840,6.2840,6.2840,6.2840,6.2840,6.2840,6.2840,6.2840,6.2840,6.2840,6.2840,6.2840,6.2840,6.2840,6.2840,6.2840,6.2840,6.2840,6.2840,6.2840,6.2840,6.2840,6.2840,6.2840,6.2840,6.2840,6.2840,6.2840,6.2840,6.2840,6.2840,6.2840,6.2840,6.2840,6.2840,6.2840,6.2840,6.2840,6.2840,6.2840,6.2840,6.2840,6.2840,6.2840,6.2840,6.2840,6.2840,6.2840,6.2840,6.2840,6.2840,6.2840,6.2840,6.2840,6.2840,6.2840,6.2840,6.2840,6.2840,6.2840,6.2840,6.2840,6.2840,6.2840,6.2840,6.2840,6.2840,6.2840,6.2840,6.2840,6.2840,6.2840,6.2840,6.2840,6.2840,6.2840,6.2840,6.2840,6.2840,6.2840,6.2840,6.2840,6.2840,6.2840,6.2840,6.2840,6.2840,6.2840,6.2840,6.2840,6.2840,6.2840,6.2840,6.2840,6.2840,6.2840,6.2840,6.2840,6.2840,6.2840,6.2840,6.2840,6.2840,6.2840,6.2840,6.2840,6.2840,6.2840,6.2840,6.2840,6.2840,6.2840,6.2840,6.2840,6.2840,6.2840,6.2840,6.2840,6.2840,6.2840,6.2840,6.2840,6.2840,6.2840,6.2840,6.2840,6.2840,6.2840,6.2840,6.2840,6.2840,6.2840,6.2840,6.2840,6.2840,6.2840,6.2840,6.2840,6.2840,6.2840,6.2840,6.2840,6.2840,6.2840,6.2840,6.2840,6.2840,6.2840,6.2840,6.2840,6.2840,6.2840,6.2840,6.2840,6.2840,6.2840,6.2840,6.2840,6.2840,6.2840,6.2840,6.2840,6.2840,6.2840,6.2840,6.2840,6.2840,6.2840,6.2840,6.2840,6.2840,6.2840,6.2840,6.2840,6.2840,6.2840,6.2840,6.2840,6.2840,6.2840,6.2840,6.2840,6.2840,6.2840,6.2840,6.2840,6.2840,6.2840,6.2840,6.2840,6.2840,6.2840,6.2840,6.2840,6.2840,6.2840,6.2840,6.2840,6.2840,6.2840,6.2840,6.2840,6.2840,6.2840,6.2840,6.2840,6.2840,6.2840,6.2840,6.2840,6.2840,6.2840,6.2840,6.2840,6.2840,6.2840,6.2840,6.2840,6.2840,6.2840,6.2840,6.2840,6.2840,6.2840,6.2840,6.2840,6.2840,6.2840,6.2840,6.2840,6.2840,6.2840,6.2840,6.2840,6.2840,6.2840,6.2840,6.2840,6.2840,6.2840,6.2840,6.2840,6.2840,6.2840,6.2840,6.2840,6.2840,6.2840,6.2840,6.2840,6.2840,6.2840,6.2840,6.2840,6.2840,6.2840,6.2840,6.2840,6.2840,6.2840,6.2840,6.2840,6.2840,6.2840,6.2840,6.2840,6.2840,6.2840,6.2840,6.2840,6.2840,6.2840,6.2840,6.2840,6.2840,6.2840,6.2840,6.2840,6.2840,6.2840,6.2840,6.2840,6.2840,6.2840,6.2840,6.2840,6.2840,6.2840,6.2840,6.2840,6.2840,6.2840,6.2840,6.2840,6.2840,6.2840,6.2840,6.2840,6.2840,6.2840,6.2840,6.2840,6.2840,6.2840,6.2840,6.2840,6.2840,6.2840,6.2840,6.2840,6.2840,6.2840,6.2840,6.2840,6.2840,6.2840
6.2798,6.2798,6.2798,6.2798,6.2798,6.2798,6.2798,6.2798,6.2798,6.2798,6.2798,6.2798,6.2798,6.2798,6.2798,6.2798,6.2798,6.2798,6.2798,6.2798,6.2798,6.2798,6.2798,6.2798,6.2798,6.2798,6.2798,6.2798,6.2798,6.2798,6.2798,6.2798,6.2798,6.2798,6.2798,6.2798,6.2798,6.2798,6.2798,6.2798,6.2798,6.2798,6.2798,6.2798,6.2798,6.2798,6.2798,6.2798,6.2798,6.2798,6.2798,6.2798,6.2798,6.2798,6.2798,6.2798,6.2798,6.2798,6.2798,6.2798,6.2798,6.2798,6.2798,6.2798,6.2798,6.2798,6.2798,6.2798,6.2798,6.2798,6.2798,6.2798,6.2798,6.2798,6.2798,6.2798,6.2798,6.2798,6.2798,6.2798,6.2798,6.2798,6.2798,6.2798,6.2798,6.2798,6.2798,6.2798,6.2798,6.2798,6.2798,6.2798,6.2798,6.2798,6.2798,6.2798,6.2798,6.2798,6.2798,6.2798,6.2798,6.2798,6.2798,6.2798,6.2798,6.2798,6.2798,6.2798,6.2798,6.2798,6.2798,6.2798,6.2798,6.2798,6.2798,6.2798,6.2798,6.2798,6.2798,6.2798,6.2798,6.2798,6.2798,6.2798,6.2798,6.2798,6.2798,6.2798,6.2798,6.2798,6.2798,6.2798,6.2798,6.2798,6.2798,6.2798,6.2798,6.2798,6.2798,6.2798,6.2798,6.2798,6.2798,6.2798,6.2798,6.2798,6.2798,6.2798,6.2798,6.2798,6.2798,6.2798,6.2798,6.2798,6.2798,6.2798,6.2798,6.2798,6.2798,6.2798,6.2798,6.2798,6.2798,6.2798,6.2798,6.2798,6.2798,6.2798,6.2798,6.2798,6.2798,6.2798,6.2798,6.2798,6.2798,6.2798,6.2798,6.2798,6.2798,6.2798,6.2798,6.2798,6.2798,6.2798,6.2798,6.2798,6.2798,6.2798,6.2798,6.2798,6.2798,6.2798,6.2798,6.2798,6.2798,6.2798,6.2798,6.2798,6.2798,6.2798,6.2798,6.2798,6.2798,6.2798,6.2798,6.2798,6.2798,6.2798,6.2798,6.2798,6.2798,6.2798,6.2798,6.2798,6.2798,6.2798,6.2798,6.2798,6.2798,6.2798,6.2798,6.2798,6.2798,6.2798,6.2798,6.2798,6.2798,6.2798,6.2798,6.2798,6.2798,6.2798,6.2798,6.2798,6.2798,6.2798,6.2798,6.2798,6.2798,6.2798,6.2798,6.2798,6.2798,6.2798,6.2798,6.2798,6.2798,6.2798,6.2798,6.2798,6.2798,6.2798,6.2798,6.2798,6.2798,6.2798,6.2798,6.2798,6.2798,6.2798,6.2798,6.2798,6.2798,6.2798,6.2798,6.2798,6.2798,6.2798,6.2798,6.2798,6.2798,6.2798,6.2798,6.2798,6.2798,6.2798,6.2798,6.2798,6.2798,6.2798,6.2798,6.2798,6.2798,6.2798,6.2798,6.2798,6.2798,6.2798,6.2798,6.2798,6.2798,6.2798,6.2798,6.2798,6.2798,6.2798,6.2798,6.2798,6.2798,6.2798,6.2798,6.2798,6.2798,6.2798,6.2798,6.2798,6.2798,6.2798,6.2798,6.2798,6.2798,6.2798,6.2798,6.2798,6.2798,6.2798,6.2798,6.2798,6.2798,6.2798,6.2798,6.2798,6.2798,6.2798,6.2798,6.2798,6.2798,6.2798,6.2798,6.2798,6.2798,6.2798,6.2798,6.2798,6.2798,6.2798,6.2798,6.2798,6.2798,6.2798,6.2798,6.2798,6.2798,6.2798,6.2798,6.2798,6.2798,6.2798,6.2798,6.2798,6.2798,6.2798,6.2798,6.2798,6.2798,6.2798,6.2798,6.2798,6.2798,6.2798,6.2798,6.2798,6.2798,6.2798,6.2798,6.2798,6.2798,6.2798,6.2798,6.2798,6.2798,6.2798,6.2798,6.2798,6.2798,6.2798,6.2798,6.2798,6.2798,6.2798,6.2798,6.2798,6.2798,6.2798,6.2798,6.2798,6.2798,6.2798,6.2798,6.2798,6.2798,6.2798,6.2798,6.2798,6.2798,6.2798,6.2798,6.2798,6.2798,6.2798,6.2798,6.2798,6.2798,6.2798,6.2798,6.2798,6.2798,6.2798,6.2798,6.2798,6.2798,6.2798,6.2798,6.2798,6.2798,6.2798,6.2798,6.2798,6.2798,6.2798,6.2798,6.2798,6.2798,6.2798,6.2798,6.2798,6.2798,6.2798,6.2798,6.2798,6.2798,6.2798,6.2798,6.2798,6.2798,6.2798,6.2798,6.2798,6.2798,6.2798,6.2798,6.2798,6.2798,6.2798,6.2798,6.2798,6.2798,6.2798,6.2798,6.2798,6.2798,6.2798,6.2798,6.2798,6.2798,6.2798,6.2798,6.2798,6.2798,6.2798,6.2798,6.2798,6.2798,6.2798,6.2798,6.2798,6.2798,6.2798,6.2798,6.2798,6.2798,6.2798,6.2798,6.2798,6.2798,6.2798,6.2798,6.2798,6.2798,6.2798,6.2798,6.2798,6.2798,6.2798,6.2798,6.2798,6.2798,6.2798,6.2798,6.2798,6.2798,6.2798,6.2798,6.2798,6.2798,6.2798,6.2798,6.2798,6.2798,6.2798,6.2798,6.2798,6.2798,6.2798,6.2798,6.2798,6.2798,6.2798,6.2798,6.2798,6.2798,6.2798,6.2798,6.2798,6.2798,6.2798,6.2798,6.2798,6.2798,6.2798,6.2798,6.2798,6.2798,6.2798,6.2798,6.2798,6.2798,6.2798,6.2798,6.2798,6.2798,6.2798,6.2798,6.2798,6.2798,6.2798,6.2798,6.2798,6.2798,6.2798,6.2798,6.2798,6.2798,6.2798,6.2798,6.2798,6.2798,6.2798,6.2798,6.2798,6.2798,6.2798,6.2798,6.2798,6.2798,6.2798,6.2798,6.2798,6.2798,6.2798,6.2798,6.2798,6.2798,6.2798,6.2798,6.2798,6.2798,6.2798,6.2798,6.2798,6.2798,6.2798,6.2798,6.2798,6.2798,6.2798,6.2798,6.2798,6.2798,6.2798,6.2798,6.2798,6.2798,6.2798,6.2798,6.2798,6.2798,6.2798,6.2798,6.2798,6.2798,6.2798,6.2798,6.2798,6.2798,6.2798,6.2798,6.2798,6.2798,6.2798,6.2798,6.2798,6.2798,6.2798,6.2798,6.2798,6.2798,6.2798,6.2798,6.2798,6.2798,6.2798,6.2798,6.2798,6.2798,6.2798,6.2798,6.2798,6.2798,6.2798,6.2798,6.2798,6.2798,6.2798,6.2798,6.2798,6.2798,6.2798,6.2798,6.2798,6.2798,6.2798,6.2798,6.2798,6.2798,6.2798,6.2798,6.2798,6.2798,6.2798,6.2798,6.2798,6.2798,6.2798,6.2798,6.2798,6.2798,6.2798,6.2798,6.2798,6.2798,6.2798,6.2798,6.2798,6.2798,6.2798,6.2798,6.2798,6.2798,6.2798,6.2798,6.2798,6.2798,6.2798,6.2798,6.2798,6.2798,6.2798,6.2798,6.2798,6.2798,6.2798,6.2798,6.2798,6.2798,6.2798,6.2798,6.2798,6.2798,6.2798,6.2798,6.2798,6.2798,6.2798,6.2798,6.2798,6.2798,6.2798,6.2798,6.2798,6.2798,6.2798,6.2798,6.2798,6.2798,6.2798,6.2798,6.2798,6.2798,6.2798,6.2798,6.2798,6.2798,6.2798,6.2798,6.2798,6.2798,6.2798,6.2798,6.2798,6.2798,6.2798,6.2798,6.2798,6.2798,6.2798,6.2798,6.2798,6.2798,6.2798,6.2798,6.2798,6.2798,6.2798,6.2798,6.2798,6.2798,6.2798,6.2798,6.2798,6.2798,6.2798,6.2798,6.2798,6.2798,6.2798,6.2798,6.2798,6.2798,6.2798,6.2798,6.2798,6.2798,6.2798,6.2798,6.2798,6.2798,6.2798,6.2798,6.2798,6.2798,6.2798,6.2798,6.2798,6.2798,6.2798,6.2798,6.2798,6.2798,6.2798,6.2798,6.2798,6.2798,6.2798,6.2798,6.2798,6.2798,6.2798,6.2798,6.2798,6.2798,6.2798,6.2798,6.2798,6.2798,6.2798,6.2798,6.2798,6.2798,6.2798,6.2798,6.2798,6.2798,6.2798,6.2798,6.2798,6.2798,6.2798,6.2798,6.2798,6.2798,6.2798,6.2798,6.2798,6.2798,6.2798,6.2798,6.2798,6.2798,6.2798,6.2798,6.2798,6.2798,6.2798,6.2798,6.2798,6.2798,6.2798,6.2798,6.2798,6.2798,6.2798,6.2798,6.2798,6.2798,6.2798,6.2798,6.2798,6.2798,6.2798,6.2798,6.2798,6.2798,6.2798,6.2798,6.2798,6.2798,6.2798,6.2798,6.2798,6.2798,6.2798,6.2798,6.2798,6.2798,6.2798,6.2798,6.2798,6.2798,6.2798,6.2798,6.2798,6.2798,6.2798,6.2798,6.2798,6.2798,6.2798,6.2798,6.2798,6.2798,6.2798,6.2798,6.2798,6.2798,6.2798,6.2798,6.2798,6.2798,6.2798,6.2798,6.2798,6.2798,6.2798,6.2798,6.2798,6.2798,6.2798,6.2798,6.2798,6.2798,6.2798,6.2798,6.2798,6.2798,6.2798,6.2798,6.2798,6.2798,6.2798,6.2798,6.2798,6.2798,6.2798,6.2798,6.2798,6.2798,6.2798,6.2798,6.2798,6.2798,6.2798,6.2798,6.2798,6.2798,6.2798,6.2798,6.2798,6.2798,6.2798,6.2798,6.2798,6.2798,6.2798,6.2798,6.2798,6.2798,6.2798,6.2798,6.2798,6.2798,6.2798,6.2798,6.2798,6.2798,6.2798,6.2798,6.2798,6.2798,6.2798,6.2798,6.2798,6.2798,6.2798,6.2798,6.2798,6.2798,6.2798,6.2798,6.2798,6.2798,6.2798,6.2798,6.2798,6.2798,6.2798,6.2798,6.2798,6.2798,6.2798,6.2798,6.2798,6.2798,6.2798,6.2798,6.2798,6.2798,6.2798,6.2798,6.2798,6.2798,6.2798,6.2798,6.2798,6.2798,6.2798,6.2798,6.2798,6.2798,6.2798
6.2753,6.2753,6.2753,6.2753,6.2753,6.2753,6.2753,6.2753,6.2753,6.2753,6.2753,6.2753,6.2753,6.2753,6.2753,6.2753,6.2753,6.2753,6.2753,6.2753,6.2753,6.2753,6.2753,6.2753,6.2753,6.2753,6.2753,6.2753,6.2753,6.2753,6.2753,6.2753,6.2753,6.2753,6.2753,6.2753,6.2753,6.2753,6.2753,6.2753,6.2753,6.2753,6.2753,6.2753,6.2753,6.2753,6.2753,6.2753,6.2753,6.2753,6.2753,6.2753,6.2753,6.2753,6.2753,6.2753,6.2753,6.2753,6.2753,6.2753,6.2753,6.2753,6.2753,6.2753,6.2753,6.2753,6.2753,6.2753,6.2753,6.2753,6.2753,6.2753,6.2753,6.2753,6.2753,6.2753,6.2753,6.2753,6.2753,6.2753,6.2753,6.2753,6.2753,6.2753,6.2753,6.2753,6.2753,6.2753,6.2753,6.2753,6.2753,6.2753,6.2753,6.2753,6.2753,6.2753,6.2753,6.2753,6.2753,6.2753,6.2753,6.2753,6.2753,6.2753,6.2753,6.2753,6.2753,6.2753,6.2753,6.2753,6.2753,6.2753,6.2753,6.2753,6.2753,6.2753,6.2753,6.2753,6.2753,6.2753,6.2753,6.2753,6.2753,6.2753,6.2753,6.2753,6.2753,6.2753,6.2753,6.2753,6.2753,6.2753,6.2753,6.2753,6.2753,6.2753,6.2753,6.2753,6.2753,6.2753,6.2753,6.2753,6.2753,6.2753,6.2753,6.2753,6.2753,6.2753,6.2753,6.2753,6.2753,6.2753,6.2753,6.2753,6.2753,6.2753,6.2753,6.2753,6.2753,6.2753,6.2753,6.2753,6.2753,6.2753,6.2753,6.2753,6.2753,6.2753,6.2753,6.2753,6.2753,6.2753,6.2753,6.2753,6.2753,6.2753,6.2753,6.2753,6.2753,6.2753,6.2753,6.2753,6.2753,6.2753,6.2753,6.2753,6.2753,6.2753,6.2753,6.2753,6.2753,6.2753,6.2753,6.2753,6.2753,6.2753,6.2753,6.2753,6.2753,6.2753,6.2753,6.2753,6.2753,6.2753,6.2753,6.2753,6.2753,6.2753,6.2753,6.2753,6.2753,6.2753,6.2753,6.2753,6.2753,6.2753,6.2753,6.2753,6.2753,6.2753,6.2753,6.2753,6.2753,6.2753,6.2753,6.2753,6.2753,6.2753,6.2753,6.2753,6.2753,6.2753,6.2753,6.2753,6.2753,6.2753,6.2753,6.2753,6.2753,6.2753,6.2753,6.2753,6.2753,6.2753,6.2753,6.2753,6.2753,6.2753,6.2753,6.2753,6.2753,6.2753,6.2753,6.2753,6.2753,6.2753,6.2753,6.2753,6.2753,6.2753,6.2753,6.2753,6.2753,6.2753,6.2753,6.2753,6.2753,6.2753,6.2753,6.2753,6.2753,6.2753,6.2753,6.2753,6.2753,6.2753,6.2753,6.2753,6.2753,6.2753,6.2753,6.2753,6.2753,6.2753,6.2753,6.2753,6.2753,6.2753,6.2753,6.2753,6.2753,6.2753,6.2753,6.2753,6.2753,6.2753,6.2753,6.2753,6.2753,6.2753,6.2753,6.2753,6.2753,6.2753,6.2753,6.2753,6.2753,6.2753,6.2753,6.2753,6.2753,6.2753,6.2753,6.2753,6.2753,6.2753,6.2753,6.2753,6.2753,6.2753,6.2753,6.2753,6.2753,6.2753,6.2753,6.2753,6.2753,6.2753,6.2753,6.2753,6.2753,6.2753,6.2753,6.2753,6.2753,6.2753,6.2753,6.2753,6.2753,6.2753,6.2753,6.2753,6.2753,6.2753,6.2753,6.2753,6.2753,6.2753,6.2753,6.2753,6.2753,6.2753,6.2753,6.2753,6.2753,6.2753,6.2753,6.2753,6.2753,6.2753,6.2753,6.2753,6.2753,6.2753,6.2753,6.2753,6.2753,6.2753,6.2753,6.2753,6.2753,6.2753,6.2753,6.2753,6.2753,6.2753,6.2753,6.2753,6.2753,6.2753,6.2753,6.2753,6.2753,6.2753,6.2753,6.2753,6.2753,6.2753,6.2753,6.2753,6.2753,6.2753,6.2753,6.2753,6.2753,6.2753,6.2753,6.2753,6.2753,6.2753,6.2753,6.2753,6.2753,6.2753,6.2753,6.2753,6.2753,6.2753,6.2753,6.2753,6.2753,6.2753,6.2753,6.2753,6.2753,6.2753,6.2753,6.2753,6.2753,6.2753,6.2753,6.2753,6.2753,6.2753,6.2753,6.2753,6.2753,6.2753,6.2753,6.2753,6.2753,6.2753,6.2753,6.2753,6.2753,6.2753,6.2753,6.2753,6.2753,6.2753,6.2753,6.2753,6.2753,6.2753,6.2753,6.2753,6.2753,6.2753,6.2753,6.2753,6.2753,6.2753,6.2753,6.2753,6.2753,6.2753,6.2753,6.2753,6.2753,6.2753,6.2753,6.2753,6.2753,6.2753,6.2753,6.2753,6.2753,6.2753,6.2753,6.2753,6.2753,6.2753,6.2753,6.2753,6.2753,6.2753,6.2753,6.2753,6.2753,6.2753,6.2753,6.2753,6.2753,6.2753,6.2753,6.2753,6.2753,6.2753,6.2753,6.2753,6.2753,6.2753,6.2753,6.2753,6.2753,6.2753,6.2753,6.2753,6.2753,6.2753,6.2753,6.2753,6.2753,6.2753,6.2753,6.2753,6.2753,6.2753,6.2753,6.2753,6.2753,6.2753,6.2753,6.2753,6.2753,6.2753,6.2753,6.2753,6.2753,6.2753,6.2753,6.2753,6.2753,6.2753,6.2753,6.2753,6.2753,6.2753,6.2753,6.2753,6.2753,6.2753,6.2753,6.2753,6.2753,6.2753,6.2753,6.2753,6.2753,6.2753,6.2753,6.2753,6.2753,6.2753,6.2753,6.2753,6.2753,6.2753,6.2753,6.2753,6.2753,6.2753,6.2753,6.2753,6.2753,6.2753,6.2753,6.2753,6.2753,6.2753,6.2753,6.2753,6.2753,6.2753,6.2753,6.2753,6.2753,6.2753,6.2753,6.2753,6.2753,6.2753,6.2753,6.2753,6.2753,6.2753,6.2753,6.2753,6.2753,6.2753,6.2753,6.2753,6.2753,6.2753,6.2753,6.2753,6.2753,6.2753,6.2753,6.2753,6.2753,6.2753,6.2753,6.2753,6.2753,6.2753,6.2753,6.2753,6.2753,6.2753,6.2753,6.2753,6.2753,6.2753,6.2753,6.2753,6.2753,6.2753,6.2753,6.2753,6.2753,6.2753,6.2753,6.2753,6.2753,6.2753,6.2753,6.2753,6.2753,6.2753,6.2753,6.2753,6.2753,6.2753,6.2753,6.2753,6.2753,6.2753,6.2753,6.2753,6.2753,6.2753,6.2753,6.2753,6.2753,6.2753,6.2753,6.2753,6.2753,6.2753,6.2753,6.2753,6.2753,6.2753,6.2753,6.2753,6.2753,6.2753,6.2753,6.2753,6.2753,6.2753,6.2753,6.2753,6.2753,6.2753,6.2753,6.2753,6.2753,6.2753,6.2753,6.2753,6.2753,6.2753,6.2753,6.2753,6.2753,6.2753,6.2753,6.2753,6.2753,6.2753,6.2753,6.2753,6.2753,6.2753,6.2753,6.2753,6.2753,6.2753,6.2753,6.2753,6.2753,6.2753,6.2753,6.2753,6.2753,6.2753,6.2753,6.2753,6.2753,6.2753,6.2753,6.2753,6.2753,6.2753,6.2753,6.2753,6.2753,6.2753,6.2753,6.2753,6.2753,6.2753,6.2753,6.2753,6.2753,6.2753,6.2753,6.2753,6.2753,6.2753,6.2753,6.2753,6.2753,6.2753,6.2753,6.2753,6.2753,6.2753,6.2753,6.2753,6.2753,6.2753,6.2753,6.2753,6.2753,6.2753,6.2753,6.2753,6.2753,6.2753,6.2753,6.2753,6.2753,6.2753,6.2753,6.2753,6.2753,6.2753,6.2753,6.2753,6.2753,6.2753,6.2753,6.2753,6.2753,6.2753,6.2753,6.2753,6.2753,6.2753,6.2753,6.2753,6.2753,6.2753,6.2753,6.2753,6.2753,6.2753,6.2753,6.2753,6.2753,6.2753,6.2753,6.2753,6.2753,6.2753,6.2753,6.2753,6.2753,6.2753,6.2753,6.2753,6.2753,6.2753,6.2753,6.2753,6.2753,6.2753,6.2753,6.2753,6.2753,6.2753,6.2753,6.2753,6.2753,6.2753,6.2753,6.2753,6.2753,6.2753,6.2753,6.2753,6.2753,6.2753,6.2753,6.2753,6.2753,6.2753,6.2753,6.2753,6.2753,6.2753,6.2753,6.2753,6.2753,6.2753,6.2753,6.2753,6.2753,6.2753,6.2753,6.2753,6.2753,6.2753,6.2753,6.2753,6.2753,6.2753,6.2753,6.2753,6.2753,6.2753,6.2753,6.2753,6.2753,6.2753,6.2753,6.2753,6.2753,6.2753,6.2753,6.2753,6.2753,6.2753,6.2753,6.2753,6.2753,6.2753,6.2753,6.2753,6.2753,6.2753,6.2753,6.2753,6.2753,6.2753,6.2753,6.2753,6.2753,6.2753,6.2753,6.2753,6.2753,6.2753,6.2753,6.2753,6.2753,6.2753,6.2753,6.2753,6.2753,6.2753,6.2753,6.2753,6.2753,6.2753,6.2753,6.2753,6.2753,6.2753,6.2753,6.2753,6.2753,6.2753,6.2753,6.2753,6.2753,6.2753,6.2753,6.2753,6.2753,6.2753,6.2753,6.2753,6.2753,6.2753,6.2753,6.2753,6.2753,6.2753,6.2753,6.2753,6.2753,6.2753,6.2753,6.2753,6.2753,6.2753,6.2753,6.2753,6.2753,6.2753,6.2753,6.2753,6.2753,6.2753,6.2753,6.2753,6.2753,6.2753,6.2753,6.2753,6.2753,6.2753,6.2753,6.2753,6.2753,6.2753,6.2753,6.2753,6.2753,6.2753,6.2753,6.2753,6.2753,6.2753,6.2753,6.2753,6.2753,6.2753,6.2753,6.2753,6.2753,6.2753,6.2753,6.2753,6.2753,6.2753,6.2753,6.2753,6.2753,6.2753,6.2753,6.2753,6.2753,6.2753,6.2753,6.2753,6.2753,6.2753,6.2753,6.2753,6.2753,6.2753,6.2753,6.2753,6.2753,6.2753
6.2709,6.2709,6.2709,6.2709,6.2709,6.2709,6.2709,6.2709,6.2709,6.2709,6.2709,6.2709,6.2709,6.2709,6.2709,6.2709,6.2709,6.2709,6.2709,6.2709,6.2709,6.2709,6.2709,6.2709,6.2709,6.2709,6.2709,6.2709,6.2709,6.2709,6.2709,6.2709,6.2709,6.2709,6.2709,6.2709,6.2709,6.2709,6.2709,6.2709,6.2709,6.2709,6.2709,6.2709,6.2709,6.2709,6.2709,6.2709,6.2709,6.2709,6.2709,6.2709,6.2709,6.2709,6.2709,6.2709,6.2709,6.2709,6.2709,6.2709,6.2709,6.2709,6.2709,6.2709,6.2709,6.2709,6.2709,6.2709,6.2709,6.2709,6.2709,6.2709,6.2709,6.2709,6.2709,6.2709,6.2709,6.2709,6.2709,6.2709,6.2709,6.2709,6.2709,6.2709,6.2709,6.2709,6.2709,6.2709,6.2709,6.2709,6.2709,6.2709,6.2709,6.2709,6.2709,6.2709,6.2709,6.2709,6.2709,6.2709,6.2709,6.2709,6.2709,6.2709,6.2709,6.2709,6.2709,6.2709,6.2709,6.2709,6.2709,6.2709,6.2709,6.2709,6.2709,6.2709,6.2709,6.2709,6.2709,6.2709,6.2709,6.2709,6.2709,6.2709,6.2709,6.2709,6.2709,6.2709,6.2709,6.2709,6.2709,6.2709,6.2709,6.2709,6.2709,6.2709,6.2709,6.2709,6.2709,6.2709,6.2709,6.2709,6.2709,6.2709,6.2709,6.2709,6.2709,6.2709,6.2709,6.2709,6.2709,6.2709,6.2709,6.2709,6.2709,6.2709,6.2709,6.2709,6.2709,6.2709,6.2709,6.2709,6.2709,6.2709,6.2709,6.2709,6.2709,6.2709,6.2709,6.2709,6.2709,6.2709,6.2709,6.2709,6.2709,6.2709,6.2709,6.2709,6.2709,6.2709,6.2709,6.2709,6.2709,6.2709,6.2709,6.2709,6.2709,6.2709,6.2709,6.2709,6.2709,6.2709,6.2709,6.2709,6.2709,6.2709,6.2709,6.2709,6.2709,6.2709,6.2709,6.2709,6.2709,6.2709,6.2709,6.2709,6.2709,6.2709,6.2709,6.2709,6.2709,6.2709,6.2709,6.2709,6.2709,6.2709,6.2709,6.2709,6.2709,6.2709,6.2709,6.2709,6.2709,6.2709,6.2709,6.2709,6.2709,6.2709,6.2709,6.2709,6.2709,6.2709,6.2709,6.2709,6.2709,6.2709,6.2709,6.2709,6.2709,6.2709,6.2709,6.2709,6.2709,6.2709,6.2709,6.2709,6.2709,6.2709,6.2709,6.2709,6.2709,6.2709,6.2709,6.2709,6.2709,6.2709,6.2709,6.2709,6.2709,6.2709,6.2709,6.2709,6.2709,6.2709,6.2709,6.2709,6.2709,6.2709,6.2709,6.2709,6.2709,6.2709,6.2709,6.2709,6.2709,6.2709,6.2709,6.2709,6.2709,6.2709,6.2709,6.2709,6.2709,6.2709,6.2709,6.2709,6.2709,6.2709,6.2709,6.2709,6.2709,6.2709,6.2709,6.2709,6.2709,6.2709,6.2709,6.2709,6.2709,6.2709,6.2709,6.2709,6.2709,6.2709,6.2709,6.2709,6.2709,6.2709,6.2709,6.2709,6.2709,6.2709,6.2709,6.2709,6.2709,6.2709,6.2709,6.2709,6.2709,6.2709,6.2709,6.2709,6.2709,6.2709,6.2709,6.2709,6.2709,6.2709,6.2709,6.2709,6.2709,6.2709,6.2709,6.2709,6.2709,6.2709,6.2709,6.2709,6.2709,6.2709,6.2709,6.2709,6.2709,6.2709,6.2709,6.2709,6.2709,6.2709,6.2709,6.2709,6.2709,6.2709,6.2709,6.2709,6.2709,6.2709,6.2709,6.2709,6.2709,6.2709,6.2709,6.2709,6.2709,6.2709,6.2709,6.2709,6.2709,6.2709,6.2709,6.2709,6.2709,6.2709,6.2709,6.2709,6.2709,6.2709,6.2709,6.2709,6.2709,6.2709,6.2709,6.2709,6.2709,6.2709,6.2709,6.2709,6.2709,6.2709,6.2709,6.2709,6.2709,6.2709,6.2709,6.2709,6.2709,6.2709,6.2709,6.2709,6.2709,6.2709,6.2709,6.2709,6.2709,6.2709,6.2709,6.2709,6.2709,6.2709,6.2709,6.2709,6.2709,6.2709,6.2709,6.2709,6.2709,6.2709,6.2709,6.2709,6.2709,6.2709,6.2709,6.2709,6.2709,6.2709,6.2709,6.2709,6.2709,6.2709,6.2709,6.2709,6.2709,6.2709,6.2709,6.2709,6.2709,6.2709,6.2709,6.2709,6.2709,6.2709,6.2709,6.2709,6.2709,6.2709,6.2709,6.2709,6.2709,6.2709,6.2709,6.2709,6.2709,6.2709,6.2709,6.2709,6.2709,6.2709,6.2709,6.2709,6.2709,6.2709,6.2709,6.2709,6.2709,6.2709,6.2709,6.2709,6.2709,6.2709,6.2709,6.2709,6.2709,6.2709,6.2709,6.2709,6.2709,6.2709,6.2709,6.2709,6.2709,6.2709,6.2709,6.2709,6.2709,6.2709,6.2709,6.2709,6.2709,6.2709,6.2709,6.2709,6.2709,6.2709,6.2709,6.2709,6.2709,6.2709,6.2709,6.2709,6.2709,6.2709,6.2709,6.2709,6.2709,6.2709,6.2709,6.2709,6.2709,6.2709,6.2709,6.2709,6.2709,6.2709,6.2709,6.2709,6.2709,6.2709,6.2709,6.2709,6.2709,6.2709,6.2709,6.2709,6.2709,6.2709,6.2709,6.2709,6.2709,6.2709,6.2709,6.2709,6.2709,6.2709,6.2709,6.2709,6.2709,6.2709,6.2709,6.2709,6.2709,6.2709,6.2709,6.2709,6.2709,6.2709,6.2709,6.2709,6.2709,6.2709,6.2709,6.2709,6.2709,6.2709,6.2709,6.2709,6.2709,6.2709,6.2709,6.2709,6.2709,6.2709,6.2709,6.2709,6.2709,6.2709,6.2709,6.2709,6.2709,6.2709,6.2709,6.2709,6.2709,6.2709,6.2709,6.2709,6.2709,6.2709,6.2709,6.2709,6.2709,6.2709,6.2709,6.2709,6.2709,6.2709,6.2709,6.2709,6.2709,6.2709,6.2709,6.2709,6.2709,6.2709,6.2709,6.2709,6.2709,6.2709,6.2709,6.2709,6.2709,6.2709,6.2709,6.2709,6.2709,6.2709,6.2709,6.2709,6.2709,6.2709,6.2709,6.2709,6.2709,6.2709,6.2709,6.2709,6.2709,6.2709,6.2709,6.2709,6.2709,6.2709,6.2709,6.2709,6.2709,6.2709,6.2709,6.2709,6.2709,6.2709,6.2709,6.2709,6.2709,6.2709,6.2709,6.2709,6.2709,6.2709,6.2709,6.2709,6.2709,6.2709,6.2709,6.2709,6.2709,6.2709,6.2709,6.2709,6.2709,6.2709,6.2709,6.2709,6.2709,6.2709,6.2709,6.2709,6.2709,6.2709,6.2709,6.2709,6.2709,6.2709,6.2709,6.2709,6.2709,6.2709,6.2709,6.2709,6.2709,6.2709,6.2709,6.2709,6.2709,6.2709,6.2709,6.2709,6.2709,6.2709,6.2709,6.2709,6.2709,6.2709,6.2709,6.2709,6.2709,6.2709,6.2709,6.2709,6.2709,6.2709,6.2709,6.2709,6.2709,6.2709,6.2709,6.2709,6.2709,6.2709,6.2709,6.2709,6.2709,6.2709,6.2709,6.2709,6.2709,6.2709,6.2709,6.2709,6.2709,6.2709,6.2709,6.2709,6.2709,6.2709,6.2709,6.2709,6.2709,6.2709,6.2709,6.2709,6.2709,6.2709,6.2709,6.2709,6.2709,6.2709,6.2709,6.2709,6.2709,6.2709,6.2709,6.2709,6.2709,6.2709,6.2709,6.2709,6.2709,6.2709,6.2709,6.2709,6.2709,6.2709,6.2709,6.2709,6.2709,6.2709,6.2709,6.2709,6.2709,6.2709,6.2709,6.2709,6.2709,6.2709,6.2709,6.2709,6.2709,6.2709,6.2709,6.2709,6.2709,6.2709,6.2709,6.2709,6.2709,6.2709,6.2709,6.2709,6.2709,6.2709,6.2709,6.2709,6.2709,6.2709,6.2709,6.2709,6.2709,6.2709,6.2709,6.2709,6.2709,6.2709,6.2709,6.2709,6.2709,6.2709,6.2709,6.2709,6.2709,6.2709,6.2709,6.2709,6.2709,6.2709,6.2709,6.2709,6.2709,6.2709,6.2709,6.2709,6.2709,6.2709,6.2709,6.2709,6.2709,6.2709,6.2709,6.2709,6.2709,6.2709,6.2709,6.2709,6.2709,6.2709,6.2709,6.2709,6.2709,6.2709,6.2709,6.2709,6.2709,6.2709,6.2709,6.2709,6.2709,6.2709,6.2709,6.2709,6.2709,6.2709,6.2709,6.2709,6.2709,6.2709,6.2709,6.2709,6.2709,6.2709,6.2709,6.2709,6.2709,6.2709,6.2709,6.2709,6.2709,6.2709,6.2709,6.2709,6.2709,6.2709,6.2709,6.2709,6.2709,6.2709,6.2709,6.2709,6.2709,6.2709,6.2709,6.2709,6.2709,6.2709,6.2709,6.2709,6.2709,6.2709,6.2709,6.2709,6.2709,6.2709,6.2709,6.2709,6.2709,6.2709,6.2709,6.2709,6.2709,6.2709,6.2709,6.2709,6.2709,6.2709,6.2709,6.2709,6.2709,6.2709,6.2709,6.2709,6.2709,6.2709,6.2709,6.2709,6.2709,6.2709,6.2709,6.2709,6.2709,6.2709,6.2709,6.2709,6.2709,6.2709,6.2709,6.2709,6.2709,6.2709,6.2709,6.2709,6.2709,6.2709,6.2709,6.2709,6.2709,6.2709,6.2709,6.2709,6.2709,6.2709,6.2709,6.2709,6.2709,6.2709,6.2709,6.2709,6.2709,6.2709,6.2709,6.2709,6.2709,6.2709,6.2709,6.2709,6.2709,6.2709,6.2709,6.2709,6.2709,6.2709,6.2709,6.2709,6.2709,6.2709,6.2709,6.2709,6.2709,6.2709,6.2709,6.2709,6.2709,6.2709,6.2709,6.2709,6.2709,6.2709,6.2709,6.2709,6.2709,6.2709,6.2709,6.2709,6.2709,6.2709
6.2664,6.2664,6.2664,6.2664,6.2664,6.2664,6.2664,6.2664,6.2664,6.2664,6.2664,6.2664,6.2664,6.2664,6.2664,6.2664,6.2664,6.2664,6.2664,6.2664,6.2664,6.2664,6.2664,6.2664,6.2664,6.2664,6.2664,6.2664,6.2664,6.2664,6.2664,6.2664,6.2664,6.2664,6.2664,6.2664,6.2664,6.2664,6.2664,6.2664,6.2664,6.2664,6.2664,6.2664,6.2664,6.2664,6.2664,6.2664,6.2664,6.2664,6.2664,6.2664,6.2664,6.2664,6.2664,6.2664,6.2664,6.2664,6.2664,6.2664,6.2664,6.2664,6.2664,6.2664,6.2664,6.2664,6.2664,6.2664,6.2664,6.2664,6.2664,6.2664,6.2664,6.2664,6.2664,6.2664,6.2664,6.2664,6.2664,6.2664,6.2664,6.2664,6.2664,6.2664,6.2664,6.2664,6.2664,6.2664,6.2664,6.2664,6.2664,6.2664,6.2664,6.2664,6.2664,6.2664,6.2664,6.2664,6.2664,6.2664,6.2664,6.2664,6.2664,6.2664,6.2664,6.2664,6.2664,6.2664,6.2664,6.2664,6.2664,6.2664,6.2664,6.2664,6.2664,6.2664,6.2664,6.2664,6.2664,6.2664,6.2664,6.2664,6.2664,6.2664,6.2664,6.2664,6.2664,6.2664,6.2664,6.2664,6.2664,6.2664,6.2664,6.2664,6.2664,6.2664,6.2664,6.2664,6.2664,6.2664,6.2664,6.2664,6.2664,6.2664,6.2664,6.2664,6.2664,6.2664,6.2664,6.2664,6.2664,6.2664,6.2664,6.2664,6.2664,6.2664,6.2664,6.2664,6.2664,6.2664,6.2664,6.2664,6.2664,6.2664,6.2664,6.2664,6.2664,6.2664,6.2664,6.2664,6.2664,6.2664,6.2664,6.2664,6.2664,6.2664,6.2664,6.2664,6.2664,6.2664,6.2664,6.2664,6.2664,6.2664,6.2664,6.2664,6.2664,6.2664,6.2664,6.2664,6.2664,6.2664,6.2664,6.2664,6.2664,6.2664,6.2664,6.2664,6.2664,6.2664,6.2664,6.2664,6.2664,6.2664,6.2664,6.2664,6.2664,6.2664,6.2664,6.2664,6.2664,6.2664,6.2664,6.2664,6.2664,6.2664,6.2664,6.2664,6.2664,6.2664,6.2664,6.2664,6.2664,6.2664,6.2664,6.2664,6.2664,6.2664,6.2664,6.2664,6.2664,6.2664,6.2664,6.2664,6.2664,6.2664,6.2664,6.2664,6.2664,6.2664,6.2664,6.2664,6.2664,6.2664,6.2664,6.2664,6.2664,6.2664,6.2664,6.2664,6.2664,6.2664,6.2664,6.2664,6.2664,6.2664,6.2664,6.2664,6.2664,6.2664,6.2664,6.2664,6.2664,6.2664,6.2664,6.2664,6.2664,6.2664,6.2664,6.2664,6.2664,6.2664,6.2664,6.2664,6.2664,6.2664,6.2664,6.2664,6.2664,6.2664,6.2664,6.2664,6.2664,6.2664,6.2664,6.2664,6.2664,6.2664,6.2664,6.2664,6.2664,6.2664,6.2664,6.2664,6.2664,6.2664,6.2664,6.2664,6.2664,6.2664,6.2664,6.2664,6.2664,6.2664,6.2664,6.2664,6.2664,6.2664,6.2664,6.2664,6.2664,6.2664,6.2664,6.2664,6.2664,6.2664,6.2664,6.2664,6.2664,6.2664,6.2664,6.2664,6.2664,6.2664,6.2664,6.2664,6.2664,6.2664,6.2664,6.2664,6.2664,6.2664,6.2664,6.2664,6.2664,6.2664,6.2664,6.2664,6.2664,6.2664,6.2664,6.2664,6.2664,6.2664,6.2664,6.2664,6.2664,6.2664,6.2664,6.2664,6.2664,6.2664,6.2664,6.2664,6.2664,6.2664,6.2664,6.2664,6.2664,6.2664,6.2664,6.2664,6.2664,6.2664,6.2664,6.2664,6.2664,6.2664,6.2664,6.2664,6.2664,6.2664,6.2664,6.2664,6.2664,6.2664,6.2664,6.2664,6.2664,6.2664,6.2664,6.2664,6.2664,6.2664,6.2664,6.2664,6.2664,6.2664,6.2664,6.2664,6.2664,6.2664,6.2664,6.2664,6.2664,6.2664,6.2664,6.2664,6.2664,6.2664,6.2664,6.2664,6.2664,6.2664,6.2664,6.2664,6.2664,6.2664,6.2664,6.2664,6.2664,6.2664,6.2664,6.2664,6.2664,6.2664,6.2664,6.2664,6.2664,6.2664,6.2664,6.2664,6.2664,6.2664,6.2664,6.2664,6.2664,6.2664,6.2664,6.2664,6.2664,6.2664,6.2664,6.2664,6.2664,6.2664,6.2664,6.2664,6.2664,6.2664,6.2664,6.2664,6.2664,6.2664,6.2664,6.2664,6.2664,6.2664,6.2664,6.2664,6.2664,6.2664,6.2664,6.2664,6.2664,6.2664,6.2664,6.2664,6.2664,6.2664,6.2664,6.2664,6.2664,6.2664,6.2664,6.2664,6.2664,6.2664,6.2664,6.2664,6.2664,6.2664,6.2664,6.2664,6.2664,6.2664,6.2664,6.2664,6.2664,6.2664,6.2664,6.2664,6.2664,6.2664,6.2664,6.2664,6.2664,6.2664,6.2664,6.2664,6.2664,6.2664,6.2664,6.2664,6.2664,6.2664,6.2664,6.2664,6.2664,6.2664,6.2664,6.2664,6.2664,6.2664,6.2664,6.2664,6.2664,6.2664,6.2664,6.2664,6.2664,6.2664,6.2664,6.2664,6.2664,6.2664,6.2664,6.2664,6.2664,6.2664,6.2664,6.2664,6.2664,6.2664,6.2664,6.2664,6.2664,6.2664,6.2664,6.2664,6.2664,6.2664,6.2664,6.2664,6.2664,6.2664,6.2664,6.2664,6.2664,6.2664,6.2664,6.2664,6.2664,6.2664,6.2664,6.2664,6.2664,6.2664,6.2664,6.2664,6.2664,6.2664,6.2664,6.2664,6.2664,6.2664,6.2664,6.2664,6.2664,6.2664,6.2664,6.2664,6.2664,6.2664,6.2664,6.2664,6.2664,6.2664,6.2664,6.2664,6.2664,6.2664,6.2664,6.2664,6.2664,6.2664,6.2664,6.2664,6.2664,6.2664,6.2664,6.2664,6.2664,6.2664,6.2664,6.2664,6.2664,6.2664,6.2664,6.2664,6.2664,6.2664,6.2664,6.2664,6.2664,6.2664,6.2664,6.2664,6.2664,6.2664,6.2664,6.2664,6.2664,6.2664,6.2664,6.2664,6.2664,6.2664,6.2664,6.2664,6.2664,6.2664,6.2664,6.2664,6.2664,6.2664,6.2664,6.2664,6.2664,6.2664,6.2664,6.2664,6.2664,6.2664,6.2664,6.2664,6.2664,6.2664,6.2664,6.2664,6.2664,6.2664,6.2664,6.2664,6.2664,6.2664,6.2664,6.2664,6.2664,6.2664,6.2664,6.2664,6.2664,6.2664,6.2664,6.2664,6.2664,6.2664,6.2664,6.2664,6.2664,6.2664,6.2664,6.2664,6.2664,6.2664,6.2664,6.2664,6.2664,6.2664,6.2664,6.2664,6.2664,6.2664,6.2664,6.2664,6.2664,6.2664,6.2664,6.2664,6.2664,6.2664,6.2664,6.2664,6.2664,6.2664,6.2664,6.2664,6.2664,6.2664,6.2664,6.2664,6.2664,6.2664,6.2664,6.2664,6.2664,6.2664,6.2664,6.2664,6.2664,6.2664,6.2664,6.2664,6.2664,6.2664,6.2664,6.2664,6.2664,6.2664,6.2664,6.2664,6.2664,6.2664,6.2664,6.2664,6.2664,6.2664,6.2664,6.2664,6.2664,6.2664,6.2664,6.2664,6.2664,6.2664,6.2664,6.2664,6.2664,6.2664,6.2664,6.2664,6.2664,6.2664,6.2664,6.2664,6.2664,6.2664,6.2664,6.2664,6.2664,6.2664,6.2664,6.2664,6.2664,6.2664,6.2664,6.2664,6.2664,6.2664,6.2664,6.2664,6.2664,6.2664,6.2664,6.2664,6.2664,6.2664,6.2664,6.2664,6.2664,6.2664,6.2664,6.2664,6.2664,6.2664,6.2664,6.2664,6.2664,6.2664,6.2664,6.2664,6.2664,6.2664,6.2664,6.2664,6.2664,6.2664,6.2664,6.2664,6.2664,6.2664,6.2664,6.2664,6.2664,6.2664,6.2664,6.2664,6.2664,6.2664,6.2664,6.2664,6.2664,6.2664,6.2664,6.2664,6.2664,6.2664,6.2664,6.2664,6.2664,6.2664,6.2664,6.2664,6.2664,6.2664,6.2664,6.2664,6.2664,6.2664,6.2664,6.2664,6.2664,6.2664,6.2664,6.2664,6.2664,6.2664,6.2664,6.2664,6.2664,6.2664,6.2664,6.2664,6.2664,6.2664,6.2664,6.2664,6.2664,6.2664,6.2664,6.2664,6.2664,6.2664,6.2664,6.2664,6.2664,6.2664,6.2664,6.2664,6.2664,6.2664,6.2664,6.2664,6.2664,6.2664,6.2664,6.2664,6.2664,6.2664,6.2664,6.2664,6.2664,6.2664,6.2664,6.2664,6.2664,6.2664,6.2664,6.2664,6.2664,6.2664,6.2664,6.2664,6.2664,6.2664,6.2664,6.2664,6.2664,6.2664,6.2664,6.2664,6.2664,6.2664,6.2664,6.2664,6.2664,6.2664,6.2664,6.2664,6.2664,6.2664,6.2664,6.2664,6.2664,6.2664,6.2664,6.2664,6.2664,6.2664,6.2664,6.2664,6.2664,6.2664,6.2664,6.2664,6.2664,6.2664,6.2664,6.2664,6.2664,6.2664,6.2664,6.2664,6.2664,6.2664,6.2664,6.2664,6.2664,6.2664,6.2664,6.2664,6.2664,6.2664,6.2664,6.2664,6.2664,6.2664,6.2664,6.2664,6.2664,6.2664,6.2664,6.2664,6.2664,6.2664,6.2664,6.2664,6.2664,6.2664,6.2664,6.2664,6.2664,6.2664,6.2664,6.2664,6.2664,6.2664,6.2664,6.2664,6.2664,6.2664,6.2664,6.2664,6.2664,6.2664,6.2664,6.2664,6.2664,6.2664,6.2664,6.2664,6.2664,6.2664,6.2664,6.2664,6.2664,6.2664,6.2664,6.2664,6.2664,6.2664,6.2664,6.2664,6.2664,6.2664,6.2664,6.2664,6.2664,6.2664
6.2620,6.2620,6.2620,6.2620,6.2620,6.2620,6.2620,6.2620,6.2620,6.2620,6.2620,6.2620,6.2620,6.2620,6.2620,6.2620,6.2620,6.2620,6.2620,6.2620,6.2620,6.2620,6.2620,6.2620,6.2620,6.2620,6.2620,6.2620,6.2620,6.2620,6.2620,6.2620,6.2620,6.2620,6.2620,6.2620,6.2620,6.2620,6.2620,6.2620,6.2620,6.2620,6.2620,6.2620,6.2620,6.2620,6.2620,6.2620,6.2620,6.2620,6.2620,6.2620,6.2620,6.2620,6.2620,6.2620,6.2620,6.2620,6.2620,6.2620,6.2620,6.2620,6.2620,6.2620,6.2620,6.2620,6.2620,6.2620,6.2620,6.2620,6.2620,6.2620,6.2620,6.2620,6.2620,6.2620,6.2620,6.2620,6.2620,6.2620,6.2620,6.2620,6.2620,6.2620,6.2620,6.2620,6.2620,6.2620,6.2620,6.2620,6.2620,6.2620,6.2620,6.2620,6.2620,6.2620,6.2620,6.2620,6.2620,6.2620,6.2620,6.2620,6.2620,6.2620,6.2620,6.2620,6.2620,6.2620,6.2620,6.2620,6.2620,6.2620,6.2620,6.2620,6.2620,6.2620,6.2620,6.2620,6.2620,6.2620,6.2620,6.2620,6.2620,6.2620,6.2620,6.2620,6.2620,6.2620,6.2620,6.2620,6.2620,6.2620,6.2620,6.2620,6.2620,6.2620,6.2620,6.2620,6.2620,6.2620,6.2620,6.2620,6.2620,6.2620,6.2620,6.2620,6.2620,6.2620,6.2620,6.2620,6.2620,6.2620,6.2620,6.2620,6.2620,6.2620,6.2620,6.2620,6.2620,6.2620,6.2620,6.2620,6.2620,6.2620,6.2620,6.2620,6.2620,6.2620,6.2620,6.2620,6.2620,6.2620,6.2620,6.2620,6.2620,6.2620,6.2620,6.2620,6.2620,6.2620,6.2620,6.2620,6.2620,6.2620,6.2620,6.2620,6.2620,6.2620,6.2620,6.2620,6.2620,6.2620,6.2620,6.2620,6.2620,6.2620,6.2620,6.2620,6.2620,6.2620,6.2620,6.2620,6.2620,6.2620,6.2620,6.2620,6.2620,6.2620,6.2620,6.2620,6.2620,6.2620,6.2620,6.2620,6.2620,6.2620,6.2620,6.2620,6.2620,6.2620,6.2620,6.2620,6.2620,6.2620,6.2620,6.2620,6.2620,6.2620,6.2620,6.2620,6.2620,6.2620,6.2620,6.2620,6.2620,6.2620,6.2620,6.2620,6.2620,6.2620,6.2620,6.2620,6.2620,6.2620,6.2620,6.2620,6.2620,6.2620,6.2620,6.2620,6.2620,6.2620,6.2620,6.2620,6.2620,6.2620,6.2620,6.2620,6.2620,6.2620,6.2620,6.2620,6.2620,6.2620,6.2620,6.2620,6.2620,6.2620,6.2620,6.2620,6.2620,6.2620,6.2620,6.2620,6.2620,6.2620,6.2620,6.2620,6.2620,6.2620,6.2620,6.2620,6.2620,6.2620,6.2620,6.2620,6.2620,6.2620,6.2620,6.2620,6.2620,6.2620,6.2620,6.2620,6.2620,6.2620,6.2620,6.2620,6.2620,6.2620,6.2620,6.2620,6.2620,6.2620,6.2620,6.2620,6.2620,6.2620,6.2620,6.2620,6.2620,6.2620,6.2620,6.2620,6.2620,6.2620,6.2620,6.2620,6.2620,6.2620,6.2620,6.2620,6.2620,6.2620,6.2620,6.2620,6.2620,6.2620,6.2620,6.2620,6.2620,6.2620,6.2620,6.2620,6.2620,6.2620,6.2620,6.2620,6.2620,6.2620,6.2620,6.2620,6.2620,6.2620,6.2620,6.2620,6.2620,6.2620,6.2620,6.2620,6.2620,6.2620,6.2620,6.2620,6.2620,6.2620,6.2620,6.2620,6.2620,6.2620,6.2620,6.2620,6.2620,6.2620,6.2620,6.2620,6.2620,6.2620,6.2620,6.2620,6.2620,6.2620,6.2620,6.2620,6.2620,6.2620,6.2620,6.2620,6.2620,6.2620,6.2620,6.2620,6.2620,6.2620,6.2620,6.2620,6.2620,6.2620,6.2620,6.2620,6.2620,6.2620,6.2620,6.2620,6.2620,6.2620,6.2620,6.2620,6.2620,6.2620,6.2620,6.2620,6.2620,6.2620,6.2620,6.2620,6.2620,6.2620,6.2620,6.2620,6.2620,6.2620,6.2620,6.2620,6.2620,6.2620,6.2620,6.2620,6.2620,6.2620,6.2620,6.2620,6.2620,6.2620,6.2620,6.2620,6.2620,6.2620,6.2620,6.2620,6.2620,6.2620,6.2620,6.2620,6.2620,6.2620,6.2620,6.2620,6.2620,6.2620,6.2620,6.2620,6.2620,6.2620,6.2620,6.2620,6.2620,6.2620,6.2620,6.2620,6.2620,6.2620,6.2620,6.2620,6.2620,6.2620,6.2620,6.2620,6.2620,6.2620,6.2620,6.2620,6.2620,6.2620,6.2620,6.2620,6.2620,6.2620,6.2620,6.2620,6.2620,6.2620,6.2620,6.2620,6.2620,6.2620,6.2620,6.2620,6.2620,6.2620,6.2620,6.2620,6.2620,6.2620,6.2620,6.2620,6.2620,6.2620,6.2620,6.2620,6.2620,6.2620,6.2620,6.2620,6.2620,6.2620,6.2620,6.2620,6.2620,6.2620,6.2620,6.2620,6.2620,6.2620,6.2620,6.2620,6.2620,6.2620,6.2620,6.2620,6.2620,6.2620,6.2620,6.2620,6.2620,6.2620,6.2620,6.2620,6.2620,6.2620,6.2620,6.2620,6.2620,6.2620,6.2620,6.2620,6.2620,6.2620,6.2620,6.2620,6.2620,6.2620,6.2620,6.2620,6.2620,6.2620,6.2620,6.2620,6.2620,6.2620,6.2620,6.2620,6.2620,6.2620,6.2620,6.2620,6.2620,6.2620,6.2620,6.2620,6.2620,6.2620,6.2620,6.2620,6.2620,6.2620,6.2620,6.2620,6.2620,6.2620,6.2620,6.2620,6.2620,6.2620,6.2620,6.2620,6.2620,6.2620,6.2620,6.2620,6.2620,6.2620,6.2620,6.2620,6.2620,6.2620,6.2620,6.2620,6.2620,6.2620,6.2620,6.2620,6.2620,6.2620,6.2620,6.2620,6.2620,6.2620,6.2620,6.2620,6.2620,6.2620,6.2620,6.2620,6.2620,6.2620,6.2620,6.2620,6.2620,6.2620,6.2620,6.2620,6.2620,6.2620,6.2620,6.2620,6.2620,6.2620,6.2620,6.2620,6.2620,6.2620,6.2620,6.2620,6.2620,6.2620,6.2620,6.2620,6.2620,6.2620,6.2620,6.2620,6.2620,6.2620,6.2620,6.2620,6.2620,6.2620,6.2620,6.2620,6.2620,6.2620,6.2620,6.2620,6.2620,6.2620,6.2620,6.2620,6.2620,6.2620,6.2620,6.2620,6.2620,6.2620,6.2620,6.2620,6.2620,6.2620,6.2620,6.2620,6.2620,6.2620,6.2620,6.2620,6.2620,6.2620,6.2620,6.2620,6.2620,6.2620,6.2620,6.2620,6.2620,6.2620,6.2620,6.2620,6.2620,6.2620,6.2620,6.2620,6.2620,6.2620,6.2620,6.2620,6.2620,6.2620,6.2620,6.2620,6.2620,6.2620,6.2620,6.2620,6.2620,6.2620,6.2620,6.2620,6.2620,6.2620,6.2620,6.2620,6.2620,6.2620,6.2620,6.2620,6.2620,6.2620,6.2620,6.2620,6.2620,6.2620,6.2620,6.2620,6.2620,6.2620,6.2620,6.2620,6.2620,6.2620,6.2620,6.2620,6.2620,6.2620,6.2620,6.2620,6.2620,6.2620,6.2620,6.2620,6.2620,6.2620,6.2620,6.2620,6.2620,6.2620,6.2620,6.2620,6.2620,6.2620,6.2620,6.2620,6.2620,6.2620,6.2620,6.2620,6.2620,6.2620,6.2620,6.2620,6.2620,6.2620,6.2620,6.2620,6.2620,6.2620,6.2620,6.2620,6.2620,6.2620,6.2620,6.2620,6.2620,6.2620,6.2620,6.2620,6.2620,6.2620,6.2620,6.2620,6.2620,6.2620,6.2620,6.2620,6.2620,6.2620,6.2620,6.2620,6.2620,6.2620,6.2620,6.2620,6.2620,6.2620,6.2620,6.2620,6.2620,6.2620,6.2620,6.2620,6.2620,6.2620,6.2620,6.2620,6.2620,6.2620,6.2620,6.2620,6.2620,6.2620,6.2620,6.2620,6.2620,6.2620,6.2620,6.2620,6.2620,6.2620,6.2620,6.2620,6.2620,6.2620,6.2620,6.2620,6.2620,6.2620,6.2620,6.2620,6.2620,6.2620,6.2620,6.2620,6.2620,6.2620,6.2620,6.2620,6.2620,6.2620,6.2620,6.2620,6.2620,6.2620,6.2620,6.2620,6.2620,6.2620,6.2620,6.2620,6.2620,6.2620,6.2620,6.2620,6.2620,6.2620,6.2620,6.2620,6.2620,6.2620,6.2620,6.2620,6.2620,6.2620,6.2620,6.2620,6.2620,6.2620,6.2620,6.2620,6.2620,6.2620,6.2620,6.2620,6.2620,6.2620,6.2620,6.2620,6.2620,6.2620,6.2620,6.2620,6.2620,6.2620,6.2620,6.2620,6.2620,6.2620,6.2620,6.2620,6.2620,6.2620,6.2620,6.2620,6.2620,6.2620,6.2620,6.2620,6.2620,6.2620,6.2620,6.2620,6.2620,6.2620,6.2620,6.2620,6.2620,6.2620,6.2620,6.2620,6.2620,6.2620,6.2620,6.2620,6.2620,6.2620,6.2620,6.2620,6.2620,6.2620,6.2620,6.2620,6.2620,6.2620,6.2620,6.2620,6.2620,6.2620,6.2620,6.2620,6.2620,6.2620,6.2620,6.2620,6.2620,6.2620,6.2620,6.2620,6.2620,6.2620,6.2620,6.2620,6.2620,6.2620,6.2620,6.2620,6.2620,6.2620,6.2620,6.2620,6.2620,6.2620,6.2620,6.2620,6.2620,6.2620,6.2620,6.2620,6.2620,6.2620,6.2620,6.2620,6.2620,6.2620,6.2620,6.2620,6.2620,6.2620,6.2620,6.2620,6.2620,6.2620,6.2620,6.2620,6.2620,6.2620,6.2620,6.2620,6.2620,6.2620,6.2620,6.2620,6.2620,6.2620
6.2578,6.2578,6.2578,6.2578,6.2578,6.2578,6.2578,6.2578,6.2578,6.2578,6.2578,6.2578,6.2578,6.2578,6.2578,6.2578,6.2578,6.2578,6.2578,6.2578,6.2578,6.2578,6.2578,6.2578,6.2578,6.2578,6.2578,6.2578,6.2578,6.2578,6.2578,6.2578,6.2578,6.2578,6.2578,6.2578,6.2578,6.2578,6.2578,6.2578,6.2578,6.2578,6.2578,6.2578,6.2578,6.2578,6.2578,6.2578,6.2578,6.2578,6.2578,6.2578,6.2578,6.2578,6.2578,6.2578,6.2578,6.2578,6.2578,6.2578,6.2578,6.2578,6.2578,6.2578,6.2578,6.2578,6.2578,6.2578,6.2578,6.2578,6.2578,6.2578,6.2578,6.2578,6.2578,6.2578,6.2578,6.2578,6.2578,6.2578,6.2578,6.2578,6.2578,6.2578,6.2578,6.2578,6.2578,6.2578,6.2578,6.2578,6.2578,6.2578,6.2578,6.2578,6.2578,6.2578,6.2578,6.2578,6.2578,6.2578,6.2578,6.2578,6.2578,6.2578,6.2578,6.2578,6.2578,6.2578,6.2578,6.2578,6.2578,6.2578,6.2578,6.2578,6.2578,6.2578,6.2578,6.2578,6.2578,6.2578,6.2578,6.2578,6.2578,6.2578,6.2578,6.2578,6.2578,6.2578,6.2578,6.2578,6.2578,6.2578,6.2578,6.2578,6.2578,6.2578,6.2578,6.2578,6.2578,6.2578,6.2578,6.2578,6.2578,6.2578,6.2578,6.2578,6.2578,6.2578,6.2578,6.2578,6.2578,6.2578,6.2578,6.2578,6.2578,6.2578,6.2578,6.2578,6.2578,6.2578,6.2578,6.2578,6.2578,6.2578,6.2578,6.2578,6.2578,6.2578,6.2578,6.2578,6.2578,6.2578,6.2578,6.2578,6.2578,6.2578,6.2578,6.2578,6.2578,6.2578,6.2578,6.2578,6.2578,6.2578,6.2578,6.2578,6.2578,6.2578,6.2578,6.2578,6.2578,6.2578,6.2578,6.2578,6.2578,6.2578,6.2578,6.2578,6.2578,6.2578,6.2578,6.2578,6.2578,6.2578,6.2578,6.2578,6.2578,6.2578,6.2578,6.2578,6.2578,6.2578,6.2578,6.2578,6.2578,6.2578,6.2578,6.2578,6.2578,6.2578,6.2578,6.2578,6.2578,6.2578,6.2578,6.2578,6.2578,6.2578,6.2578,6.2578,6.2578,6.2578,6.2578,6.2578,6.2578,6.2578,6.2578,6.2578,6.2578,6.2578,6.2578,6.2578,6.2578,6.2578,6.2578,6.2578,6.2578,6.2578,6.2578,6.2578,6.2578,6.2578,6.2578,6.2578,6.2578,6.2578,6.2578,6.2578,6.2578,6.2578,6.2578,6.2578,6.2578,6.2578,6.2578,6.2578,6.2578,6.2578,6.2578,6.2578,6.2578,6.2578,6.2578,6.2578,6.2578,6.2578,6.2578,6.2578,6.2578,6.2578,6.2578,6.2578,6.2578,6.2578,6.2578,6.2578,6.2578,6.2578,6.2578,6.2578,6.2578,6.2578,6.2578,6.2578,6.2578,6.2578,6.2578,6.2578,6.2578,6.2578,6.2578,6.2578,6.2578,6.2578,6.2578,6.2578,6.2578,6.2578,6.2578,6.2578,6.2578,6.2578,6.2578,6.2578,6.2578,6.2578,6.2578,6.2578,6.2578,6.2578,6.2578,6.2578,6.2578,6.2578,6.2578,6.2578,6.2578,6.2578,6.2578,6.2578,6.2578,6.2578,6.2578,6.2578,6.2578,6.2578,6.2578,6.2578,6.2578,6.2578,6.2578,6.2578,6.2578,6.2578,6.2578,6.2578,6.2578,6.2578,6.2578,6.2578,6.2578,6.2578,6.2578,6.2578,6.2578,6.2578,6.2578,6.2578,6.2578,6.2578,6.2578,6.2578,6.2578,6.2578,6.2578,6.2578,6.2578,6.2578,6.2578,6.2578,6.2578,6.2578,6.2578,6.2578,6.2578,6.2578,6.2578,6.2578,6.2578,6.2578,6.2578,6.2578,6.2578,6.2578,6.2578,6.2578,6.2578,6.2578,6.2578,6.2578,6.2578,6.2578,6.2578,6.2578,6.2578,6.2578,6.2578,6.2578,6.2578,6.2578,6.2578,6.2578,6.2578,6.2578,6.2578,6.2578,6.2578,6.2578,6.2578,6.2578,6.2578,6.2578,6.2578,6.2578,6.2578,6.2578,6.2578,6.2578,6.2578,6.2578,6.2578,6.2578,6.2578,6.2578,6.2578,6.2578,6.2578,6.2578,6.2578,6.2578,6.2578,6.2578,6.2578,6.2578,6.2578,6.2578,6.2578,6.2578,6.2578,6.2578,6.2578,6.2578,6.2578,6.2578,6.2578,6.2578,6.2578,6.2578,6.2578,6.2578,6.2578,6.2578,6.2578,6.2578,6.2578,6.2578,6.2578,6.2578,6.2578,6.2578,6.2578,6.2578,6.2578,6.2578,6.2578,6.2578,6.2578,6.2578,6.2578,6.2578,6.2578,6.2578,6.2578,6.2578,6.2578,6.2578,6.2578,6.2578,6.2578,6.2578,6.2578,6.2578,6.2578,6.2578,6.2578,6.2578,6.2578,6.2578,6.2578,6.2578,6.2578,6.2578,6.2578,6.2578,6.2578,6.2578,6.2578,6.2578,6.2578,6.2578,6.2578,6.2578,6.2578,6.2578,6.2578,6.2578,6.2578,6.2578,6.2578,6.2578,6.2578,6.2578,6.2578,6.2578,6.2578,6.2578,6.2578,6.2578,6.2578,6.2578,6.2578,6.2578,6.2578,6.2578,6.2578,6.2578,6.2578,6.2578,6.2578,6.2578,6.2578,6.2578,6.2578,6.2578,6.2578,6.2578,6.2578,6.2578,6.2578,6.2578,6.2578,6.2578,6.2578,6.2578,6.2578,6.2578,6.2578,6.2578,6.2578,6.2578,6.2578,6.2578,6.2578,6.2578,6.2578,6.2578,6.2578,6.2578,6.2578,6.2578,6.2578,6.2578,6.2578,6.2578,6.2578,6.2578,6.2578,6.2578,6.2578,6.2578,6.2578,6.2578,6.2578,6.2578,6.2578,6.2578,6.2578,6.2578,6.2578,6.2578,6.2578,6.2578,6.2578,6.2578,6.2578,6.2578,6.2578,6.2578,6.2578,6.2578,6.2578,6.2578,6.2578,6.2578,6.2578,6.2578,6.2578,6.2578,6.2578,6.2578,6.2578,6.2578,6.2578,6.2578,6.2578,6.2578,6.2578,6.2578,6.2578,6.2578,6.2578,6.2578,6.2578,6.2578,6.2578,6.2578,6.2578,6.2578,6.2578,6.2578,6.2578,6.2578,6.2578,6.2578,6.2578,6.2578,6.2578,6.2578,6.2578,6.2578,6.2578,6.2578,6.2578,6.2578,6.2578,6.2578,6.2578,6.2578,6.2578,6.2578,6.2578,6.2578,6.2578,6.2578,6.2578,6.2578,6.2578,6.2578,6.2578,6.2578,6.2578,6.2578,6.2578,6.2578,6.2578,6.2578,6.2578,6.2578,6.2578,6.2578,6.2578,6.2578,6.2578,6.2578,6.2578,6.2578,6.2578,6.2578,6.2578,6.2578,6.2578,6.2578,6.2578,6.2578,6.2578,6.2578,6.2578,6.2578,6.2578,6.2578,6.2578,6.2578,6.2578,6.2578,6.2578,6.2578,6.2578,6.2578,6.2578,6.2578,6.2578,6.2578,6.2578,6.2578,6.2578,6.2578,6.2578,6.2578,6.2578,6.2578,6.2578,6.2578,6.2578,6.2578,6.2578,6.2578,6.2578,6.2578,6.2578,6.2578,6.2578,6.2578,6.2578,6.2578,6.2578,6.2578,6.2578,6.2578,6.2578,6.2578,6.2578,6.2578,6.2578,6.2578,6.2578,6.2578,6.2578,6.2578,6.2578,6.2578,6.2578,6.2578,6.2578,6.2578,6.2578,6.2578,6.2578,6.2578,6.2578,6.2578,6.2578,6.2578,6.2578,6.2578,6.2578,6.2578,6.2578,6.2578,6.2578,6.2578,6.2578,6.2578,6.2578,6.2578,6.2578,6.2578,6.2578,6.2578,6.2578,6.2578,6.2578,6.2578,6.2578,6.2578,6.2578,6.2578,6.2578,6.2578,6.2578,6.2578,6.2578,6.2578,6.2578,6.2578,6.2578,6.2578,6.2578,6.2578,6.2578,6.2578,6.2578,6.2578,6.2578,6.2578,6.2578,6.2578,6.2578,6.2578,6.2578,6.2578,6.2578,6.2578,6.2578,6.2578,6.2578,6.2578,6.2578,6.2578,6.2578,6.2578,6.2578,6.2578,6.2578,6.2578,6.2578,6.2578,6.2578,6.2578,6.2578,6.2578,6.2578,6.2578,6.2578,6.2578,6.2578,6.2578,6.2578,6.2578,6.2578,6.2578,6.2578,6.2578,6.2578,6.2578,6.2578,6.2578,6.2578,6.2578,6.2578,6.2578,6.2578,6.2578,6.2578,6.2578,6.2578,6.2578,6.2578,6.2578,6.2578,6.2578,6.2578,6.2578,6.2578,6.2578,6.2578,6.2578,6.2578,6.2578,6.2578,6.2578,6.2578,6.2578,6.2578,6.2578,6.2578,6.2578,6.2578,6.2578,6.2578,6.2578,6.2578,6.2578,6.2578,6.2578,6.2578,6.2578,6.2578,6.2578,6.2578,6.2578,6.2578,6.2578,6.2578,6.2578,6.2578,6.2578,6.2578,6.2578,6.2578,6.2578,6.2578,6.2578,6.2578,6.2578,6.2578,6.2578,6.2578,6.2578,6.2578,6.2578,6.2578,6.2578,6.2578,6.2578,6.2578,6.2578,6.2578,6.2578,6.2578,6.2578,6.2578,6.2578,6.2578,6.2578,6.2578,6.2578,6.2578,6.2578,6.2578,6.2578,6.2578,6.2578,6.2578,6.2578,6.2578,6.2578,6.2578,6.2578,6.2578,6.2578,6.2578,6.2578,6.2578,6.2578,6.2578,6.2578,6.2578,6.2578,6.2578,6.2578,6.2578,6.2578,6.2578,6.2578,6.2578,6.2578,6.2578,6.2578,6.2578,6.2578,6.2578,6.2578,6.2578,6.2578,6.2578,6.2578,6.2578,6.2578,6.2578,6.2578,6.2578,6.2578,6.2578,6.2578,6.2578,6.2578,6.2578,6.2578,6.2578,6.2578
6.2534,6.2534,6.2534,6.2534,6.2534,6.2534,6.2534,6.2534,6.2534,6.2534,6.2534,6.2534,6.2534,6.2534,6.2534,6.2534,6.2534,6.2534,6.2534,6.2534,6.2534,6.2534,6.2534,6.2534,6.2534,6.2534,6.2534,6.2534,6.2534,6.2534,6.2534,6.2534,6.2534,6.2534,6.2534,6.2534,6.2534,6.2534,6.2534,6.2534,6.2534,6.2534,6.2534,6.2534,6.2534,6.2534,6.2534,6.2534,6.2534,6.2534,6.2534,6.2534,6.2534,6.2534,6.2534,6.2534,6.2534,6.2534,6.2534,6.2534,6.2534,6.2534,6.2534,6.2534,6.2534,6.2534,6.2534,6.2534,6.2534,6.2534,6.2534,6.2534,6.2534,6.2534,6.2534,6.2534,6.2534,6.2534,6.2534,6.2534,6.2534,6.2534,6.2534,6.2534,6.2534,6.2534,6.2534,6.2534,6.2534,6.2534,6.2534,6.2534,6.2534,6.2534,6.2534,6.2534,6.2534,6.2534,6.2534,6.2534,6.2534,6.2534,6.2534,6.2534,6.2534,6.2534,6.2534,6.2534,6.2534,6.2534,6.2534,6.2534,6.2534,6.2534,6.2534,6.2534,6.2534,6.2534,6.2534,6.2534,6.2534,6.2534,6.2534,6.2534,6.2534,6.2534,6.2534,6.2534,6.2534,6.2534,6.2534,6.2534,6.2534,6.2534,6.2534,6.2534,6.2534,6.2534,6.2534,6.2534,6.2534,6.2534,6.2534,6.2534,6.2534,6.2534,6.2534,6.2534,6.2534,6.2534,6.2534,6.2534,6.2534,6.2534,6.2534,6.2534,6.2534,6.2534,6.2534,6.2534,6.2534,6.2534,6.2534,6.2534,6.2534,6.2534,6.2534,6.2534,6.2534,6.2534,6.2534,6.2534,6.2534,6.2534,6.2534,6.2534,6.2534,6.2534,6.2534,6.2534,6.2534,6.2534,6.2534,6.2534,6.2534,6.2534,6.2534,6.2534,6.2534,6.2534,6.2534,6.2534,6.2534,6.2534,6.2534,6.2534,6.2534,6.2534,6.2534,6.2534,6.2534,6.2534,6.2534,6.2534,6.2534,6.2534,6.2534,6.2534,6.2534,6.2534,6.2534,6.2534,6.2534,6.2534,6.2534,6.2534,6.2534,6.2534,6.2534,6.2534,6.2534,6.2534,6.2534,6.2534,6.2534,6.2534,6.2534,6.2534,6.2534,6.2534,6.2534,6.2534,6.2534,6.2534,6.2534,6.2534,6.2534,6.2534,6.2534,6.2534,6.2534,6.2534,6.2534,6.2534,6.2534,6.2534,6.2534,6.2534,6.2534,6.2534,6.2534,6.2534,6.2534,6.2534,6.2534,6.2534,6.2534,6.2534,6.2534,6.2534,6.2534,6.2534,6.2534,6.2534,6.2534,6.2534,6.2534,6.2534,6.2534,6.2534,6.2534,6.2534,6.2534,6.2534,6.2534,6.2534,6.2534,6.2534,6.2534,6.2534,6.2534,6.2534,6.2534,6.2534,6.2534,6.2534,6.2534,6.2534,6.2534,6.2534,6.2534,6.2534,6.2534,6.2534,6.2534,6.2534,6.2534,6.2534,6.2534,6.2534,6.2534,6.2534,6.2534,6.2534,6.2534,6.2534,6.2534,6.2534,6.2534,6.2534,6.2534,6.2534,6.2534,6.2534,6.2534,6.2534,6.2534,6.2534,6.2534,6.2534,6.2534,6.2534,6.2534,6.2534,6.2534,6.2534,6.2534,6.2534,6.2534,6.2534,6.2534,6.2534,6.2534,6.2534,6.2534,6.2534,6.2534,6.2534,6.2534,6.2534,6.2534,6.2534,6.2534,6.2534,6.2534,6.2534,6.2534,6.2534,6.2534,6.2534,6.2534,6.2534,6.2534,6.2534,6.2534,6.2534,6.2534,6.2534,6.2534,6.2534,6.2534,6.2534,6.2534,6.2534,6.2534,6.2534,6.2534,6.2534,6.2534,6.2534,6.2534,6.2534,6.2534,6.2534,6.2534,6.2534,6.2534,6.2534,6.2534,6.2534,6.2534,6.2534,6.2534,6.2534,6.2534,6.2534,6.2534,6.2534,6.2534,6.2534,6.2534,6.2534,6.2534,6.2534,6.2534,6.2534,6.2534,6.2534,6.2534,6.2534,6.2534,6.2534,6.2534,6.2534,6.2534,6.2534,6.2534,6.2534,6.2534,6.2534,6.2534,6.2534,6.2534,6.2534,6.2534,6.2534,6.2534,6.2534,6.2534,6.2534,6.2534,6.2534,6.2534,6.2534,6.2534,6.2534,6.2534,6.2534,6.2534,6.2534,6.2534,6.2534,6.2534,6.2534,6.2534,6.2534,6.2534,6.2534,6.2534,6.2534,6.2534,6.2534,6.2534,6.2534,6.2534,6.2534,6.2534,6.2534,6.2534,6.2534,6.2534,6.2534,6.2534,6.2534,6.2534,6.2534,6.2534,6.2534,6.2534,6.2534,6.2534,6.2534,6.2534,6.2534,6.2534,6.2534,6.2534,6.2534,6.2534,6.2534,6.2534,6.2534,6.2534,6.2534,6.2534,6.2534,6.2534,6.2534,6.2534,6.2534,6.2534,6.2534,6.2534,6.2534,6.2534,6.2534,6.2534,6.2534,6.2534,6.2534,6.2534,6.2534,6.2534,6.2534,6.2534,6.2534,6.2534,6.2534,6.2534,6.2534,6.2534,6.2534,6.2534,6.2534,6.2534,6.2534,6.2534,6.2534,6.2534,6.2534,6.2534,6.2534,6.2534,6.2534,6.2534,6.2534,6.2534,6.2534,6.2534,6.2534,6.2534,6.2534,6.2534,6.2534,6.2534,6.2534,6.2534,6.2534,6.2534,6.2534,6.2534,6.2534,6.2534,6.2534,6.2534,6.2534,6.2534,6.2534,6.2534,6.2534,6.2534,6.2534,6.2534,6.2534,6.2534,6.2534,6.2534,6.2534,6.2534,6.2534,6.2534,6.2534,6.2534,6.2534,6.2534,6.2534,6.2534,6.2534,6.2534,6.2534,6.2534,6.2534,6.2534,6.2534,6.2534,6.2534,6.2534,6.2534,6.2534,6.2534,6.2534,6.2534,6.2534,6.2534,6.2534,6.2534,6.2534,6.2534,6.2534,6.2534,6.2534,6.2534,6.2534,6.2534,6.2534,6.2534,6.2534,6.2534,6.2534,6.2534,6.2534,6.2534,6.2534,6.2534,6.2534,6.2534,6.2534,6.2534,6.2534,6.2534,6.2534,6.2534,6.2534,6.2534,6.2534,6.2534,6.2534,6.2534,6.2534,6.2534,6.2534,6.2534,6.2534,6.2534,6.2534,6.2534,6.2534,6.2534,6.2534,6.2534,6.2534,6.2534,6.2534,6.2534,6.2534,6.2534,6.2534,6.2534,6.2534,6.2534,6.2534,6.2534,6.2534,6.2534,6.2534,6.2534,6.2534,6.2534,6.2534,6.2534,6.2534,6.2534,6.2534,6.2534,6.2534,6.2534,6.2534,6.2534,6.2534,6.2534,6.2534,6.2534,6.2534,6.2534,6.2534,6.2534,6.2534,6.2534,6.2534,6.2534,6.2534,6.2534,6.2534,6.2534,6.2534,6.2534,6.2534,6.2534,6.2534,6.2534,6.2534,6.2534,6.2534,6.2534,6.2534,6.2534,6.2534,6.2534,6.2534,6.2534,6.2534,6.2534,6.2534,6.2534,6.2534,6.2534,6.2534,6.2534,6.2534,6.2534,6.2534,6.2534,6.2534,6.2534,6.2534,6.2534,6.2534,6.2534,6.2534,6.2534,6.2534,6.2534,6.2534,6.2534,6.2534,6.2534,6.2534,6.2534,6.2534,6.2534,6.2534,6.2534,6.2534,6.2534,6.2534,6.2534,6.2534,6.2534,6.2534,6.2534,6.2534,6.2534,6.2534,6.2534,6.2534,6.2534,6.2534,6.2534,6.2534,6.2534,6.2534,6.2534,6.2534,6.2534,6.2534,6.2534,6.2534,6.2534,6.2534,6.2534,6.2534,6.2534,6.2534,6.2534,6.2534,6.2534,6.2534,6.2534,6.2534,6.2534,6.2534,6.2534,6.2534,6.2534,6.2534,6.2534,6.2534,6.2534,6.2534,6.2534,6.2534,6.2534,6.2534,6.2534,6.2534,6.2534,6.2534,6.2534,6.2534,6.2534,6.2534,6.2534,6.2534,6.2534,6.2534,6.2534,6.2534,6.2534,6.2534,6.2534,6.2534,6.2534,6.2534,6.2534,6.2534,6.2534,6.2534,6.2534,6.2534,6.2534,6.2534,6.2534,6.2534,6.2534,6.2534,6.2534,6.2534,6.2534,6.2534,6.2534,6.2534,6.2534,6.2534,6.2534,6.2534,6.2534,6.2534,6.2534,6.2534,6.2534,6.2534,6.2534,6.2534,6.2534,6.2534,6.2534,6.2534,6.2534,6.2534,6.2534,6.2534,6.2534,6.2534,6.2534,6.2534,6.2534,6.2534,6.2534,6.2534,6.2534,6.2534,6.2534,6.2534,6.2534,6.2534,6.2534,6.2534,6.2534,6.2534,6.2534,6.2534,6.2534,6.2534,6.2534,6.2534,6.2534,6.2534,6.2534,6.2534,6.2534,6.2534,6.2534,6.2534,6.2534,6.2534,6.2534,6.2534,6.2534,6.2534,6.2534,6.2534,6.2534,6.2534,6.2534,6.2534,6.2534,6.2534,6.2534,6.2534,6.2534,6.2534,6.2534,6.2534,6.2534,6.2534,6.2534,6.2534,6.2534,6.2534,6.2534,6.2534,6.2534,6.2534,6.2534,6.2534,6.2534,6.2534,6.2534,6.2534,6.2534,6.2534,6.2534,6.2534,6.2534,6.2534,6.2534,6.2534,6.2534,6.2534,6.2534,6.2534,6.2534,6.2534,6.2534,6.2534,6.2534,6.2534,6.2534,6.2534,6.2534,6.2534,6.2534,6.2534,6.2534,6.2534,6.2534,6.2534,6.2534,6.2534,6.2534,6.2534,6.2534,6.2534,6.2534,6.2534,6.2534,6.2534,6.2534,6.2534,6.2534,6.2534,6.2534,6.2534,6.2534,6.2534,6.2534,6.2534,6.2534,6.2534,6.2534,6.2534,6.2534,6.2534,6.2534,6.2534,6.2534,6.2534,6.2534,6.2534,6.2534,6.2534,6.2534,6.2534,6.2534,6.2534,6.2534,6.2534,6.2534,6.2534,6.2534
6.2489,6.2489,6.2489,6.2489,6.2489,6.2489,6.2489,6.2489,6.2489,6.2489,6.2489,6.2489,6.2489,6.2489,6.2489,6.2489,6.2489,6.2489,6.2489,6.2489,6.2489,6.2489,6.2489,6.2489,6.2489,6.2489,6.2489,6.2489,6.2489,6.2489,6.2489,6.2489,6.2489,6.2489,6.2489,6.2489,6.2489,6.2489,6.2489,6.2489,6.2489,6.2489,6.2489,6.2489,6.2489,6.2489,6.2489,6.2489,6.2489,6.2489,6.2489,6.2489,6.2489,6.2489,6.2489,6.2489,6.2489,6.2489,6.2489,6.2489,6.2489,6.2489,6.2489,6.2489,6.2489,6.2489,6.2489,6.2489,6.2489,6.2489,6.2489,6.2489,6.2489,6.2489,6.2489,6.2489,6.2489,6.2489,6.2489,6.2489,6.2489,6.2489,6.2489,6.2489,6.2489,6.2489,6.2489,6.2489,6.2489,6.2489,6.2489,6.2489,6.2489,6.2489,6.2489,6.2489,6.2489,6.2489,6.2489,6.2489,6.2489,6.2489,6.2489,6.2489,6.2489,6.2489,6.2489,6.2489,6.2489,6.2489,6.2489,6.2489,6.2489,6.2489,6.2489,6.2489,6.2489,6.2489,6.2489,6.2489,6.2489,6.2489,6.2489,6.2489,6.2489,6.2489,6.2489,6.2489,6.2489,6.2489,6.2489,6.2489,6.2489,6.2489,6.2489,6.2489,6.2489,6.2489,6.2489,6.2489,6.2489,6.2489,6.2489,6.2489,6.2489,6.2489,6.2489,6.2489,6.2489,6.2489,6.2489,6.2489,6.2489,6.2489,6.2489,6.2489,6.2489,6.2489,6.2489,6.2489,6.2489,6.2489,6.2489,6.2489,6.2489,6.2489,6.2489,6.2489,6.2489,6.2489,6.2489,6.2489,6.2489,6.2489,6.2489,6.2489,6.2489,6.2489,6.2489,6.2489,6.2489,6.2489,6.2489,6.2489,6.2489,6.2489,6.2489,6.2489,6.2489,6.2489,6.2489,6.2489,6.2489,6.2489,6.2489,6.2489,6.2489,6.2489,6.2489,6.2489,6.2489,6.2489,6.2489,6.2489,6.2489,6.2489,6.2489,6.2489,6.2489,6.2489,6.2489,6.2489,6.2489,6.2489,6.2489,6.2489,6.2489,6.2489,6.2489,6.2489,6.2489,6.2489,6.2489,6.2489,6.2489,6.2489,6.2489,6.2489,6.2489,6.2489,6.2489,6.2489,6.2489,6.2489,6.2489,6.2489,6.2489,6.2489,6.2489,6.2489,6.2489,6.2489,6.2489,6.2489,6.2489,6.2489,6.2489,6.2489,6.2489,6.2489,6.2489,6.2489,6.2489,6.2489,6.2489,6.2489,6.2489,6.2489,6.2489,6.2489,6.2489,6.2489,6.2489,6.2489,6.2489,6.2489,6.2489,6.2489,6.2489,6.2489,6.2489,6.2489,6.2489,6.2489,6.2489,6.2489,6.2489,6.2489,6.2489,6.2489,6.2489,6.2489,6.2489,6.2489,6.2489,6.2489,6.2489,6.2489,6.2489,6.2489,6.2489,6.2489,6.2489,6.2489,6.2489,6.2489,6.2489,6.2489,6.2489,6.2489,6.2489,6.2489,6.2489,6.2489,6.2489,6.2489,6.2489,6.2489,6.2489,6.2489,6.2489,6.2489,6.2489,6.2489,6.2489,6.2489,6.2489,6.2489,6.2489,6.2489,6.2489,6.2489,6.2489,6.2489,6.2489,6.2489,6.2489,6.2489,6.2489,6.2489,6.2489,6.2489,6.2489,6.2489,6.2489,6.2489,6.2489,6.2489,6.2489,6.2489,6.2489,6.2489,6.2489,6.2489,6.2489,6.2489,6.2489,6.2489,6.2489,6.2489,6.2489,6.2489,6.2489,6.2489,6.2489,6.2489,6.2489,6.2489,6.2489,6.2489,6.2489,6.2489,6.2489,6.2489,6.2489,6.2489,6.2489,6.2489,6.2489,6.2489,6.2489,6.2489,6.2489,6.2489,6.2489,6.2489,6.2489,6.2489,6.2489,6.2489,6.2489,6.2489,6.2489,6.2489,6.2489,6.2489,6.2489,6.2489,6.2489,6.2489,6.2489,6.2489,6.2489,6.2489,6.2489,6.2489,6.2489,6.2489,6.2489,6.2489,6.2489,6.2489,6.2489,6.2489,6.2489,6.2489,6.2489,6.2489,6.2489,6.2489,6.2489,6.2489,6.2489,6.2489,6.2489,6.2489,6.2489,6.2489,6.2489,6.2489,6.2489,6.2489,6.2489,6.2489,6.2489,6.2489,6.2489,6.2489,6.2489,6.2489,6.2489,6.2489,6.2489,6.2489,6.2489,6.2489,6.2489,6.2489,6.2489,6.2489,6.2489,6.2489,6.2489,6.2489,6.2489,6.2489,6.2489,6.2489,6.2489,6.2489,6.2489,6.2489,6.2489,6.2489,6.2489,6.2489,6.2489,6.2489,6.2489,6.2489,6.2489,6.2489,6.2489,6.2489,6.2489,6.2489,6.2489,6.2489,6.2489,6.2489,6.2489,6.2489,6.2489,6.2489,6.2489,6.2489,6.2489,6.2489,6.2489,6.2489,6.2489,6.2489,6.2489,6.2489,6.2489,6.2489,6.2489,6.2489,6.2489,6.2489,6.2489,6.2489,6.2489,6.2489,6.2489,6.2489,6.2489,6.2489,6.2489,6.2489,6.2489,6.2489,6.2489,6.2489,6.2489,6.2489,6.2489,6.2489,6.2489,6.2489,6.2489,6.2489,6.2489,6.2489,6.2489,6.2489,6.2489,6.2489,6.2489,6.2489,6.2489,6.2489,6.2489,6.2489,6.2489,6.2489,6.2489,6.2489,6.2489,6.2489,6.2489,6.2489,6.2489,6.2489,6.2489,6.2489,6.2489,6.2489,6.2489,6.2489,6.2489,6.2489,6.2489,6.2489,6.2489,6.2489,6.2489,6.2489,6.2489,6.2489,6.2489,6.2489,6.2489,6.2489,6.2489,6.2489,6.2489,6.2489,6.2489,6.2489,6.2489,6.2489,6.2489,6.2489,6.2489,6.2489,6.2489,6.2489,6.2489,6.2489,6.2489,6.2489,6.2489,6.2489,6.2489,6.2489,6.2489,6.2489,6.2489,6.2489,6.2489,6.2489,6.2489,6.2489,6.2489,6.2489,6.2489,6.2489,6.2489,6.2489,6.2489,6.2489,6.2489,6.2489,6.2489,6.2489,6.2489,6.2489,6.2489,6.2489,6.2489,6.2489,6.2489,6.2489,6.2489,6.2489,6.2489,6.2489,6.2489,6.2489,6.2489,6.2489,6.2489,6.2489,6.2489,6.2489,6.2489,6.2489,6.2489,6.2489,6.2489,6.2489,6.2489,6.2489,6.2489,6.2489,6.2489,6.2489,6.2489,6.2489,6.2489,6.2489,6.2489,6.2489,6.2489,6.2489,6.2489,6.2489,6.2489,6.2489,6.2489,6.2489,6.2489,6.2489,6.2489,6.2489,6.2489,6.2489,6.2489,6.2489,6.2489,6.2489,6.2489,6.2489,6.2489,6.2489,6.2489,6.2489,6.2489,6.2489,6.2489,6.2489,6.2489,6.2489,6.2489,6.2489,6.2489,6.2489,6.2489,6.2489,6.2489,6.2489,6.2489,6.2489,6.2489,6.2489,6.2489,6.2489,6.2489,6.2489,6.2489,6.2489,6.2489,6.2489,6.2489,6.2489,6.2489,6.2489,6.2489,6.2489,6.2489,6.2489,6.2489,6.2489,6.2489,6.2489,6.2489,6.2489,6.2489,6.2489,6.2489,6.2489,6.2489,6.2489,6.2489,6.2489,6.2489,6.2489,6.2489,6.2489,6.2489,6.2489,6.2489,6.2489,6.2489,6.2489,6.2489,6.2489,6.2489,6.2489,6.2489,6.2489,6.2489,6.2489,6.2489,6.2489,6.2489,6.2489,6.2489,6.2489,6.2489,6.2489,6.2489,6.2489,6.2489,6.2489,6.2489,6.2489,6.2489,6.2489,6.2489,6.2489,6.2489,6.2489,6.2489,6.2489,6.2489,6.2489,6.2489,6.2489,6.2489,6.2489,6.2489,6.2489,6.2489,6.2489,6.2489,6.2489,6.2489,6.2489,6.2489,6.2489,6.2489,6.2489,6.2489,6.2489,6.2489,6.2489,6.2489,6.2489,6.2489,6.2489,6.2489,6.2489,6.2489,6.2489,6.2489,6.2489,6.2489,6.2489,6.2489,6.2489,6.2489,6.2489,6.2489,6.2489,6.2489,6.2489,6.2489,6.2489,6.2489,6.2489,6.2489,6.2489,6.2489,6.2489,6.2489,6.2489,6.2489,6.2489,6.2489,6.2489,6.2489,6.2489,6.2489,6.2489,6.2489,6.2489,6.2489,6.2489,6.2489,6.2489,6.2489,6.2489,6.2489,6.2489,6.2489,6.2489,6.2489,6.2489,6.2489,6.2489,6.2489,6.2489,6.2489,6.2489,6.2489,6.2489,6.2489,6.2489,6.2489,6.2489,6.2489,6.2489,6.2489,6.2489,6.2489,6.2489,6.2489,6.2489,6.2489,6.2489,6.2489,6.2489,6.2489,6.2489,6.2489,6.2489,6.2489,6.2489,6.2489,6.2489,6.2489,6.2489,6.2489,6.2489,6.2489,6.2489,6.2489,6.2489,6.2489,6.2489,6.2489,6.2489,6.2489,6.2489,6.2489,6.2489,6.2489,6.2489,6.2489,6.2489,6.2489,6.2489,6.2489,6.2489,6.2489,6.2489,6.2489,6.2489,6.2489,6.2489,6.2489,6.2489,6.2489,6.2489,6.2489,6.2489,6.2489,6.2489,6.2489,6.2489,6.2489,6.2489,6.2489,6.2489,6.2489,6.2489,6.2489,6.2489,6.2489,6.2489,6.2489,6.2489,6.2489,6.2489,6.2489,6.2489,6.2489,6.2489,6.2489,6.2489,6.2489,6.2489,6.2489,6.2489,6.2489,6.2489,6.2489,6.2489,6.2489,6.2489,6.2489,6.2489,6.2489,6.2489,6.2489,6.2489,6.2489,6.2489,6.2489,6.2489,6.2489,6.2489,6.2489,6.2489,6.2489,6.2489,6.2489,6.2489,6.2489,6.2489,6.2489,6.2489,6.2489,6.2489,6.2489,6.2489,6.2489,6.2489,6.2489,6.2489,6.2489,6.2489,6.2489,6.2489,6.2489,6.2489,6.2489,6.2489
6.2445,6.2445,6.2445,6.2445,6.2445,6.2445,6.2445,6.2445,6.2445,6.2445,6.2445,6.2445,6.2445,6.2445,6.2445,6.2445,6.2445,6.2445,6.2445,6.2445,6.2445,6.2445,6.2445,6.2445,6.2445,6.2445,6.2445,6.2445,6.2445,6.2445,6.2445,6.2445,6.2445,6.2445,6.2445,6.2445,6.2445,6.2445,6.2445,6.2445,6.2445,6.2445,6.2445,6.2445,6.2445,6.2445,6.2445,6.2445,6.2445,6.2445,6.2445,6.2445,6.2445,6.2445,6.2445,6.2445,6.2445,6.2445,6.2445,6.2445,6.2445,6.2445,6.2445,6.2445,6.2445,6.2445,6.2445,6.2445,6.2445,6.2445,6.2445,6.2445,6.2445,6.2445,6.2445,6.2445,6.2445,6.2445,6.2445,6.2445,6.2445,6.2445,6.2445,6.2445,6.2445,6.2445,6.2445,6.2445,6.2445,6.2445,6.2445,6.2445,6.2445,6.2445,6.2445,6.2445,6.2445,6.2445,6.2445,6.2445,6.2445,6.2445,6.2445,6.2445,6.2445,6.2445,6.2445,6.2445,6.2445,6.2445,6.2445,6.2445,6.2445,6.2445,6.2445,6.2445,6.2445,6.2445,6.2445,6.2445,6.2445,6.2445,6.2445,6.2445,6.2445,6.2445,6.2445,6.2445,6.2445,6.2445,6.2445,6.2445,6.2445,6.2445,6.2445,6.2445,6.2445,6.2445,6.2445,6.2445,6.2445,6.2445,6.2445,6.2445,6.2445,6.2445,6.2445,6.2445,6.2445,6.2445,6.2445,6.2445,6.2445,6.2445,6.2445,6.2445,6.2445,6.2445,6.2445,6.2445,6.2445,6.2445,6.2445,6.2445,6.2445,6.2445,6.2445,6.2445,6.2445,6.2445,6.2445,6.2445,6.2445,6.2445,6.2445,6.2445,6.2445,6.2445,6.2445,6.2445,6.2445,6.2445,6.2445,6.2445,6.2445,6.2445,6.2445,6.2445,6.2445,6.2445,6.2445,6.2445,6.2445,6.2445,6.2445,6.2445,6.2445,6.2445,6.2445,6.2445,6.2445,6.2445,6.2445,6.2445,6.2445,6.2445,6.2445,6.2445,6.2445,6.2445,6.2445,6.2445,6.2445,6.2445,6.2445,6.2445,6.2445,6.2445,6.2445,6.2445,6.2445,6.2445,6.2445,6.2445,6.2445,6.2445,6.2445,6.2445,6.2445,6.2445,6.2445,6.2445,6.2445,6.2445,6.2445,6.2445,6.2445,6.2445,6.2445,6.2445,6.2445,6.2445,6.2445,6.2445,6.2445,6.2445,6.2445,6.2445,6.2445,6.2445,6.2445,6.2445,6.2445,6.2445,6.2445,6.2445,6.2445,6.2445,6.2445,6.2445,6.2445,6.2445,6.2445,6.2445,6.2445,6.2445,6.2445,6.2445,6.2445,6.2445,6.2445,6.2445,6.2445,6.2445,6.2445,6.2445,6.2445,6.2445,6.2445,6.2445,6.2445,6.2445,6.2445,6.2445,6.2445,6.2445,6.2445,6.2445,6.2445,6.2445,6.2445,6.2445,6.2445,6.2445,6.2445,6.2445,6.2445,6.2445,6.2445,6.2445,6.2445,6.2445,6.2445,6.2445,6.2445,6.2445,6.2445,6.2445,6.2445,6.2445,6.2445,6.2445,6.2445,6.2445,6.2445,6.2445,6.2445,6.2445,6.2445,6.2445,6.2445,6.2445,6.2445,6.2445,6.2445,6.2445,6.2445,6.2445,6.2445,6.2445,6.2445,6.2445,6.2445,6.2445,6.2445,6.2445,6.2445,6.2445,6.2445,6.2445,6.2445,6.2445,6.2445,6.2445,6.2445,6.2445,6.2445,6.2445,6.2445,6.2445,6.2445,6.2445,6.2445,6.2445,6.2445,6.2445,6.2445,6.2445,6.2445,6.2445,6.2445,6.2445,6.2445,6.2445,6.2445,6.2445,6.2445,6.2445,6.2445,6.2445,6.2445,6.2445,6.2445,6.2445,6.2445,6.2445,6.2445,6.2445,6.2445,6.2445,6.2445,6.2445,6.2445,6.2445,6.2445,6.2445,6.2445,6.2445,6.2445,6.2445,6.2445,6.2445,6.2445,6.2445,6.2445,6.2445,6.2445,6.2445,6.2445,6.2445,6.2445,6.2445,6.2445,6.2445,6.2445,6.2445,6.2445,6.2445,6.2445,6.2445,6.2445,6.2445,6.2445,6.2445,6.2445,6.2445,6.2445,6.2445,6.2445,6.2445,6.2445,6.2445,6.2445,6.2445,6.2445,6.2445,6.2445,6.2445,6.2445,6.2445,6.2445,6.2445,6.2445,6.2445,6.2445,6.2445,6.2445,6.2445,6.2445,6.2445,6.2445,6.2445,6.2445,6.2445,6.2445,6.2445,6.2445,6.2445,6.2445,6.2445,6.2445,6.2445,6.2445,6.2445,6.2445,6.2445,6.2445,6.2445,6.2445,6.2445,6.2445,6.2445,6.2445,6.2445,6.2445,6.2445,6.2445,6.2445,6.2445,6.2445,6.2445,6.2445,6.2445,6.2445,6.2445,6.2445,6.2445,6.2445,6.2445,6.2445,6.2445,6.2445,6.2445,6.2445,6.2445,6.2445,6.2445,6.2445,6.2445,6.2445,6.2445,6.2445,6.2445,6.2445,6.2445,6.2445,6.2445,6.2445,6.2445,6.2445,6.2445,6.2445,6.2445,6.2445,6.2445,6.2445,6.2445,6.2445,6.2445,6.2445,6.2445,6.2445,6.2445,6.2445,6.2445,6.2445,6.2445,6.2445,6.2445,6.2445,6.2445,6.2445,6.2445,6.2445,6.2445,6.2445,6.2445,6.2445,6.2445,6.2445,6.2445,6.2445,6.2445,6.2445,6.2445,6.2445,6.2445,6.2445,6.2445,6.2445,6.2445,6.2445,6.2445,6.2445,6.2445,6.2445,6.2445,6.2445,6.2445,6.2445,6.2445,6.2445,6.2445,6.2445,6.2445,6.2445,6.2445,6.2445,6.2445,6.2445,6.2445,6.2445,6.2445,6.2445,6.2445,6.2445,6.2445,6.2445,6.2445,6.2445,6.2445,6.2445,6.2445,6.2445,6.2445,6.2445,6.2445,6.2445,6.2445,6.2445,6.2445,6.2445,6.2445,6.2445,6.2445,6.2445,6.2445,6.2445,6.2445,6.2445,6.2445,6.2445,6.2445,6.2445,6.2445,6.2445,6.2445,6.2445,6.2445,6.2445,6.2445,6.2445,6.2445,6.2445,6.2445,6.2445,6.2445,6.2445,6.2445,6.2445,6.2445,6.2445,6.2445,6.2445,6.2445,6.2445,6.2445,6.2445,6.2445,6.2445,6.2445,6.2445,6.2445,6.2445,6.2445,6.2445,6.2445,6.2445,6.2445,6.2445,6.2445,6.2445,6.2445,6.2445,6.2445,6.2445,6.2445,6.2445,6.2445,6.2445,6.2445,6.2445,6.2445,6.2445,6.2445,6.2445,6.2445,6.2445,6.2445,6.2445,6.2445,6.2445,6.2445,6.2445,6.2445,6.2445,6.2445,6.2445,6.2445,6.2445,6.2445,6.2445,6.2445,6.2445,6.2445,6.2445,6.2445,6.2445,6.2445,6.2445,6.2445,6.2445,6.2445,6.2445,6.2445,6.2445,6.2445,6.2445,6.2445,6.2445,6.2445,6.2445,6.2445,6.2445,6.2445,6.2445,6.2445,6.2445,6.2445,6.2445,6.2445,6.2445,6.2445,6.2445,6.2445,6.2445,6.2445,6.2445,6.2445,6.2445,6.2445,6.2445,6.2445,6.2445,6.2445,6.2445,6.2445,6.2445,6.2445,6.2445,6.2445,6.2445,6.2445,6.2445,6.2445,6.2445,6.2445,6.2445,6.2445,6.2445,6.2445,6.2445,6.2445,6.2445,6.2445,6.2445,6.2445,6.2445,6.2445,6.2445,6.2445,6.2445,6.2445,6.2445,6.2445,6.2445,6.2445,6.2445,6.2445,6.2445,6.2445,6.2445,6.2445,6.2445,6.2445,6.2445,6.2445,6.2445,6.2445,6.2445,6.2445,6.2445,6.2445,6.2445,6.2445,6.2445,6.2445,6.2445,6.2445,6.2445,6.2445,6.2445,6.2445,6.2445,6.2445,6.2445,6.2445,6.2445,6.2445,6.2445,6.2445,6.2445,6.2445,6.2445,6.2445,6.2445,6.2445,6.2445,6.2445,6.2445,6.2445,6.2445,6.2445,6.2445,6.2445,6.2445,6.2445,6.2445,6.2445,6.2445,6.2445,6.2445,6.2445,6.2445,6.2445,6.2445,6.2445,6.2445,6.2445,6.2445,6.2445,6.2445,6.2445,6.2445,6.2445,6.2445,6.2445,6.2445,6.2445,6.2445,6.2445,6.2445,6.2445,6.2445,6.2445,6.2445,6.2445,6.2445,6.2445,6.2445,6.2445,6.2445,6.2445,6.2445,6.2445,6.2445,6.2445,6.2445,6.2445,6.2445,6.2445,6.2445,6.2445,6.2445,6.2445,6.2445,6.2445,6.2445,6.2445,6.2445,6.2445,6.2445,6.2445,6.2445,6.2445,6.2445,6.2445,6.2445,6.2445,6.2445,6.2445,6.2445,6.2445,6.2445,6.2445,6.2445,6.2445,6.2445,6.2445,6.2445,6.2445,6.2445,6.2445,6.2445,6.2445,6.2445,6.2445,6.2445,6.2445,6.2445,6.2445,6.2445,6.2445,6.2445,6.2445,6.2445,6.2445,6.2445,6.2445,6.2445,6.2445,6.2445,6.2445,6.2445,6.2445,6.2445,6.2445,6.2445,6.2445,6.2445,6.2445,6.2445,6.2445,6.2445,6.2445,6.2445,6.2445,6.2445,6.2445,6.2445,6.2445,6.2445,6.2445,6.2445,6.2445,6.2445,6.2445,6.2445,6.2445,6.2445,6.2445,6.2445,6.2445,6.2445,6.2445,6.2445,6.2445,6.2445,6.2445,6.2445,6.2445,6.2445,6.2445,6.2445,6.2445,6.2445,6.2445,6.2445,6.2445,6.2445,6.2445,6.2445,6.2445,6.2445,6.2445,6.2445,6.2445,6.2445,6.2445,6.2445,6.2445,6.2445,6.2445,6.2445,6.2445,6.2445,6.2445,6.2445,6.2445,6.2445,6.2445,6.2445,6.2445,6.2445,6.2445,6.2445,6.2445,6.2445,6.2445,6.2445
6.2403,6.2403,6.2403,6.2403,6.2403,6.2403,6.2403,6.2403,6.2403,6.2403,6.2403,6.2403,6.2403,6.2403,6.2403,6.2403,6.2403,6.2403,6.2403,6.2403,6.2403,6.2403,6.2403,6.2403,6.2403,6.2403,6.2403,6.2403,6.2403,6.2403,6.2403,6.2403,6.2403,6.2403,6.2403,6.2403,6.2403,6.2403,6.2403,6.2403,6.2403,6.2403,6.2403,6.2403,6.2403,6.2403,6.2403,6.2403,6.2403,6.2403,6.2403,6.2403,6.2403,6.2403,6.2403,6.2403,6.2403,6.2403,6.2403,6.2403,6.2403,6.2403,6.2403,6.2403,6.2403,6.2403,6.2403,6.2403,6.2403,6.2403,6.2403,6.2403,6.2403,6.2403,6.2403,6.2403,6.2403,6.2403,6.2403,6.2403,6.2403,6.2403,6.2403,6.2403,6.2403,6.2403,6.2403,6.2403,6.2403,6.2403,6.2403,6.2403,6.2403,6.2403,6.2403,6.2403,6.2403,6.2403,6.2403,6.2403,6.2403,6.2403,6.2403,6.2403,6.2403,6.2403,6.2403,6.2403,6.2403,6.2403,6.2403,6.2403,6.2403,6.2403,6.2403,6.2403,6.2403,6.2403,6.2403,6.2403,6.2403,6.2403,6.2403,6.2403,6.2403,6.2403,6.2403,6.2403,6.2403,6.2403,6.2403,6.2403,6.2403,6.2403,6.2403,6.2403,6.2403,6.2403,6.2403,6.2403,6.2403,6.2403,6.2403,6.2403,6.2403,6.2403,6.2403,6.2403,6.2403,6.2403,6.2403,6.2403,6.2403,6.2403,6.2403,6.2403,6.2403,6.2403,6.2403,6.2403,6.2403,6.2403,6.2403,6.2403,6.2403,6.2403,6.2403,6.2403,6.2403,6.2403,6.2403,6.2403,6.2403,6.2403,6.2403,6.2403,6.2403,6.2403,6.2403,6.2403,6.2403,6.2403,6.2403,6.2403,6.2403,6.2403,6.2403,6.2403,6.2403,6.2403,6.2403,6.2403,6.2403,6.2403,6.2403,6.2403,6.2403,6.2403,6.2403,6.2403,6.2403,6.2403,6.2403,6.2403,6.2403,6.2403,6.2403,6.2403,6.2403,6.2403,6.2403,6.2403,6.2403,6.2403,6.2403,6.2403,6.2403,6.2403,6.2403,6.2403,6.2403,6.2403,6.2403,6.2403,6.2403,6.2403,6.2403,6.2403,6.2403,6.2403,6.2403,6.2403,6.2403,6.2403,6.2403,6.2403,6.2403,6.2403,6.2403,6.2403,6.2403,6.2403,6.2403,6.2403,6.2403,6.2403,6.2403,6.2403,6.2403,6.2403,6.2403,6.2403,6.2403,6.2403,6.2403,6.2403,6.2403,6.2403,6.2403,6.2403,6.2403,6.2403,6.2403,6.2403,6.2403,6.2403,6.2403,6.2403,6.2403,6.2403,6.2403,6.2403,6.2403,6.2403,6.2403,6.2403,6.2403,6.2403,6.2403,6.2403,6.2403,6.2403,6.2403,6.2403,6.2403,6.2403,6.2403,6.2403,6.2403,6.2403,6.2403,6.2403,6.2403,6.2403,6.2403,6.2403,6.2403,6.2403,6.2403,6.2403,6.2403,6.2403,6.2403,6.2403,6.2403,6.2403,6.2403,6.2403,6.2403,6.2403,6.2403,6.2403,6.2403,6.2403,6.2403,6.2403,6.2403,6.2403,6.2403,6.2403,6.2403,6.2403,6.2403,6.2403,6.2403,6.2403,6.2403,6.2403,6.2403,6.2403,6.2403,6.2403,6.2403,6.2403,6.2403,6.2403,6.2403,6.2403,6.2403,6.2403,6.2403,6.2403,6.2403,6.2403,6.2403,6.2403,6.2403,6.2403,6.2403,6.2403,6.2403,6.2403,6.2403,6.2403,6.2403,6.2403,6.2403,6.2403,6.2403,6.2403,6.2403,6.2403,6.2403,6.2403,6.2403,6.2403,6.2403,6.2403,6.2403,6.2403,6.2403,6.2403,6.2403,6.2403,6.2403,6.2403,6.2403,6.2403,6.2403,6.2403,6.2403,6.2403,6.2403,6.2403,6.2403,6.2403,6.2403,6.2403,6.2403,6.2403,6.2403,6.2403,6.2403,6.2403,6.2403,6.2403,6.2403,6.2403,6.2403,6.2403,6.2403,6.2403,6.2403,6.2403,6.2403,6.2403,6.2403,6.2403,6.2403,6.2403,6.2403,6.2403,6.2403,6.2403,6.2403,6.2403,6.2403,6.2403,6.2403,6.2403,6.2403,6.2403,6.2403,6.2403,6.2403,6.2403,6.2403,6.2403,6.2403,6.2403,6.2403,6.2403,6.2403,6.2403,6.2403,6.2403,6.2403,6.2403,6.2403,6.2403,6.2403,6.2403,6.2403,6.2403,6.2403,6.2403,6.2403,6.2403,6.2403,6.2403,6.2403,6.2403,6.2403,6.2403,6.2403,6.2403,6.2403,6.2403,6.2403,6.2403,6.2403,6.2403,6.2403,6.2403,6.2403,6.2403,6.2403,6.2403,6.2403,6.2403,6.2403,6.2403,6.2403,6.2403,6.2403,6.2403,6.2403,6.2403,6.2403,6.2403,6.2403,6.2403,6.2403,6.2403,6.2403,6.2403,6.2403,6.2403,6.2403,6.2403,6.2403,6.2403,6.2403,6.2403,6.2403,6.2403,6.2403,6.2403,6.2403,6.2403,6.2403,6.2403,6.2403,6.2403,6.2403,6.2403,6.2403,6.2403,6.2403,6.2403,6.2403,6.2403,6.2403,6.2403,6.2403,6.2403,6.2403,6.2403,6.2403,6.2403,6.2403,6.2403,6.2403,6.2403,6.2403,6.2403,6.2403,6.2403,6.2403,6.2403,6.2403,6.2403,6.2403,6.2403,6.2403,6.2403,6.2403,6.2403,6.2403,6.2403,6.2403,6.2403,6.2403,6.2403,6.2403,6.2403,6.2403,6.2403,6.2403,6.2403,6.2403,6.2403,6.2403,6.2403,6.2403,6.2403,6.2403,6.2403,6.2403,6.2403,6.2403,6.2403,6.2403,6.2403,6.2403,6.2403,6.2403,6.2403,6.2403,6.2403,6.2403,6.2403,6.2403,6.2403,6.2403,6.2403,6.2403,6.2403,6.2403,6.2403,6.2403,6.2403,6.2403,6.2403,6.2403,6.2403,6.2403,6.2403,6.2403,6.2403,6.2403,6.2403,6.2403,6.2403,6.2403,6.2403,6.2403,6.2403,6.2403,6.2403,6.2403,6.2403,6.2403,6.2403,6.2403,6.2403,6.2403,6.2403,6.2403,6.2403,6.2403,6.2403,6.2403,6.2403,6.2403,6.2403,6.2403,6.2403,6.2403,6.2403,6.2403,6.2403,6.2403,6.2403,6.2403,6.2403,6.2403,6.2403,6.2403,6.2403,6.2403,6.2403,6.2403,6.2403,6.2403,6.2403,6.2403,6.2403,6.2403,6.2403,6.2403,6.2403,6.2403,6.2403,6.2403,6.2403,6.2403,6.2403,6.2403,6.2403,6.2403,6.2403,6.2403,6.2403,6.2403,6.2403,6.2403,6.2403,6.2403,6.2403,6.2403,6.2403,6.2403,6.2403,6.2403,6.2403,6.2403,6.2403,6.2403,6.2403,6.2403,6.2403,6.2403,6.2403,6.2403,6.2403,6.2403,6.2403,6.2403,6.2403,6.2403,6.2403,6.2403,6.2403,6.2403,6.2403,6.2403,6.2403,6.2403,6.2403,6.2403,6.2403,6.2403,6.2403,6.2403,6.2403,6.2403,6.2403,6.2403,6.2403,6.2403,6.2403,6.2403,6.2403,6.2403,6.2403,6.2403,6.2403,6.2403,6.2403,6.2403,6.2403,6.2403,6.2403,6.2403,6.2403,6.2403,6.2403,6.2403,6.2403,6.2403,6.2403,6.2403,6.2403,6.2403,6.2403,6.2403,6.2403,6.2403,6.2403,6.2403,6.2403,6.2403,6.2403,6.2403,6.2403,6.2403,6.2403,6.2403,6.2403,6.2403,6.2403,6.2403,6.2403,6.2403,6.2403,6.2403,6.2403,6.2403,6.2403,6.2403,6.2403,6.2403,6.2403,6.2403,6.2403,6.2403,6.2403,6.2403,6.2403,6.2403,6.2403,6.2403,6.2403,6.2403,6.2403,6.2403,6.2403,6.2403,6.2403,6.2403,6.2403,6.2403,6.2403,6.2403,6.2403,6.2403,6.2403,6.2403,6.2403,6.2403,6.2403,6.2403,6.2403,6.2403,6.2403,6.2403,6.2403,6.2403,6.2403,6.2403,6.2403,6.2403,6.2403,6.2403,6.2403,6.2403,6.2403,6.2403,6.2403,6.2403,6.2403,6.2403,6.2403,6.2403,6.2403,6.2403,6.2403,6.2403,6.2403,6.2403,6.2403,6.2403,6.2403,6.2403,6.2403,6.2403,6.2403,6.2403,6.2403,6.2403,6.2403,6.2403,6.2403,6.2403,6.2403,6.2403,6.2403,6.2403,6.2403,6.2403,6.2403,6.2403,6.2403,6.2403,6.2403,6.2403,6.2403,6.2403,6.2403,6.2403,6.2403,6.2403,6.2403,6.2403,6.2403,6.2403,6.2403,6.2403,6.2403,6.2403,6.2403,6.2403,6.2403,6.2403,6.2403,6.2403,6.2403,6.2403,6.2403,6.2403,6.2403,6.2403,6.2403,6.2403,6.2403,6.2403,6.2403,6.2403,6.2403,6.2403,6.2403,6.2403,6.2403,6.2403,6.2403,6.2403,6.2403,6.2403,6.2403,6.2403,6.2403,6.2403,6.2403,6.2403,6.2403,6.2403,6.2403,6.2403,6.2403,6.2403,6.2403,6.2403,6.2403,6.2403,6.2403,6.2403,6.2403,6.2403,6.2403,6.2403,6.2403,6.2403,6.2403,6.2403,6.2403,6.2403,6.2403,6.2403,6.2403,6.2403,6.2403,6.2403,6.2403,6.2403,6.2403,6.2403,6.2403,6.2403,6.2403,6.2403,6.2403,6.2403,6.2403,6.2403,6.2403,6.2403,6.2403,6.2403,6.2403,6.2403,6.2403,6.2403,6.2403,6.2403,6.2403,6.2403,6.2403,6.2403,6.2403,6.2403,6.2403,6.2403,6.2403,6.2403,6.2403,6.2403,6.2403,6.2403,6.2403,6.2403,6.2403,6.2403,6.2403,6.2403,6.2403,6.2403,6.2403,6.2403,6.2403
6.2359,6.2359,6.2359,6.2359,6.2359,6.2359,6.2359,6.2359,6.2359,6.2359,6.2359,6.2359,6.2359,6.2359,6.2359,6.2359,6.2359,6.2359,6.2359,6.2359,6.2359,6.2359,6.2359,6.2359,6.2359,6.2359,6.2359,6.2359,6.2359,6.2359,6.2359,6.2359,6.2359,6.2359,6.2359,6.2359,6.2359,6.2359,6.2359,6.2359,6.2359,6.2359,6.2359,6.2359,6.2359,6.2359,6.2359,6.2359,6.2359,6.2359,6.2359,6.2359,6.2359,6.2359,6.2359,6.2359,6.2359,6.2359,6.2359,6.2359,6.2359,6.2359,6.2359,6.2359,6.2359,6.2359,6.2359,6.2359,6.2359,6.2359,6.2359,6.2359,6.2359,6.2359,6.2359,6.2359,6.2359,6.2359,6.2359,6.2359,6.2359,6.2359,6.2359,6.2359,6.2359,6.2359,6.2359,6.2359,6.2359,6.2359,6.2359,6.2359,6.2359,6.2359,6.2359,6.2359,6.2359,6.2359,6.2359,6.2359,6.2359,6.2359,6.2359,6.2359,6.2359,6.2359,6.2359,6.2359,6.2359,6.2359,6.2359,6.2359,6.2359,6.2359,6.2359,6.2359,6.2359,6.2359,6.2359,6.2359,6.2359,6.2359,6.2359,6.2359,6.2359,6.2359,6.2359,6.2359,6.2359,6.2359,6.2359,6.2359,6.2359,6.2359,6.2359,6.2359,6.2359,6.2359,6.2359,6.2359,6.2359,6.2359,6.2359,6.2359,6.2359,6.2359,6.2359,6.2359,6.2359,6.2359,6.2359,6.2359,6.2359,6.2359,6.2359,6.2359,6.2359,6.2359,6.2359,6.2359,6.2359,6.2359,6.2359,6.2359,6.2359,6.2359,6.2359,6.2359,6.2359,6.2359,6.2359,6.2359,6.2359,6.2359,6.2359,6.2359,6.2359,6.2359,6.2359,6.2359,6.2359,6.2359,6.2359,6.2359,6.2359,6.2359,6.2359,6.2359,6.2359,6.2359,6.2359,6.2359,6.2359,6.2359,6.2359,6.2359,6.2359,6.2359,6.2359,6.2359,6.2359,6.2359,6.2359,6.2359,6.2359,6.2359,6.2359,6.2359,6.2359,6.2359,6.2359,6.2359,6.2359,6.2359,6.2359,6.2359,6.2359,6.2359,6.2359,6.2359,6.2359,6.2359,6.2359,6.2359,6.2359,6.2359,6.2359,6.2359,6.2359,6.2359,6.2359,6.2359,6.2359,6.2359,6.2359,6.2359,6.2359,6.2359,6.2359,6.2359,6.2359,6.2359,6.2359,6.2359,6.2359,6.2359,6.2359,6.2359,6.2359,6.2359,6.2359,6.2359,6.2359,6.2359,6.2359,6.2359,6.2359,6.2359,6.2359,6.2359,6.2359,6.2359,6.2359,6.2359,6.2359,6.2359,6.2359,6.2359,6.2359,6.2359,6.2359,6.2359,6.2359,6.2359,6.2359,6.2359,6.2359,6.2359,6.2359,6.2359,6.2359,6.2359,6.2359,6.2359,6.2359,6.2359,6.2359,6.2359,6.2359,6.2359,6.2359,6.2359,6.2359,6.2359,6.2359,6.2359,6.2359,6.2359,6.2359,6.2359,6.2359,6.2359,6.2359,6.2359,6.2359,6.2359,6.2359,6.2359,6.2359,6.2359,6.2359,6.2359,6.2359,6.2359,6.2359,6.2359,6.2359,6.2359,6.2359,6.2359,6.2359,6.2359,6.2359,6.2359,6.2359,6.2359,6.2359,6.2359,6.2359,6.2359,6.2359,6.2359,6.2359,6.2359,6.2359,6.2359,6.2359,6.2359,6.2359,6.2359,6.2359,6.2359,6.2359,6.2359,6.2359,6.2359,6.2359,6.2359,6.2359,6.2359,6.2359,6.2359,6.2359,6.2359,6.2359,6.2359,6.2359,6.2359,6.2359,6.2359,6.2359,6.2359,6.2359,6.2359,6.2359,6.2359,6.2359,6.2359,6.2359,6.2359,6.2359,6.2359,6.2359,6.2359,6.2359,6.2359,6.2359,6.2359,6.2359,6.2359,6.2359,6.2359,6.2359,6.2359,6.2359,6.2359,6.2359,6.2359,6.2359,6.2359,6.2359,6.2359,6.2359,6.2359,6.2359,6.2359,6.2359,6.2359,6.2359,6.2359,6.2359,6.2359,6.2359,6.2359,6.2359,6.2359,6.2359,6.2359,6.2359,6.2359,6.2359,6.2359,6.2359,6.2359,6.2359,6.2359,6.2359,6.2359,6.2359,6.2359,6.2359,6.2359,6.2359,6.2359,6.2359,6.2359,6.2359,6.2359,6.2359,6.2359,6.2359,6.2359,6.2359,6.2359,6.2359,6.2359,6.2359,6.2359,6.2359,6.2359,6.2359,6.2359,6.2359,6.2359,6.2359,6.2359,6.2359,6.2359,6.2359,6.2359,6.2359,6.2359,6.2359,6.2359,6.2359,6.2359,6.2359,6.2359,6.2359,6.2359,6.2359,6.2359,6.2359,6.2359,6.2359,6.2359,6.2359,6.2359,6.2359,6.2359,6.2359,6.2359,6.2359,6.2359,6.2359,6.2359,6.2359,6.2359,6.2359,6.2359,6.2359,6.2359,6.2359,6.2359,6.2359,6.2359,6.2359,6.2359,6.2359,6.2359,6.2359,6.2359,6.2359,6.2359,6.2359,6.2359,6.2359,6.2359,6.2359,6.2359,6.2359,6.2359,6.2359,6.2359,6.2359,6.2359,6.2359,6.2359,6.2359,6.2359,6.2359,6.2359,6.2359,6.2359,6.2359,6.2359,6.2359,6.2359,6.2359,6.2359,6.2359,6.2359,6.2359,6.2359,6.2359,6.2359,6.2359,6.2359,6.2359,6.2359,6.2359,6.2359,6.2359,6.2359,6.2359,6.2359,6.2359,6.2359,6.2359,6.2359,6.2359,6.2359,6.2359,6.2359,6.2359,6.2359,6.2359,6.2359,6.2359,6.2359,6.2359,6.2359,6.2359,6.2359,6.2359,6.2359,6.2359,6.2359,6.2359,6.2359,6.2359,6.2359,6.2359,6.2359,6.2359,6.2359,6.2359,6.2359,6.2359,6.2359,6.2359,6.2359,6.2359,6.2359,6.2359,6.2359,6.2359,6.2359,6.2359,6.2359,6.2359,6.2359,6.2359,6.2359,6.2359,6.2359,6.2359,6.2359,6.2359,6.2359,6.2359,6.2359,6.2359,6.2359,6.2359,6.2359,6.2359,6.2359,6.2359,6.2359,6.2359,6.2359,6.2359,6.2359,6.2359,6.2359,6.2359,6.2359,6.2359,6.2359,6.2359,6.2359,6.2359,6.2359,6.2359,6.2359,6.2359,6.2359,6.2359,6.2359,6.2359,6.2359,6.2359,6.2359,6.2359,6.2359,6.2359,6.2359,6.2359,6.2359,6.2359,6.2359,6.2359,6.2359,6.2359,6.2359,6.2359,6.2359,6.2359,6.2359,6.2359,6.2359,6.2359,6.2359,6.2359,6.2359,6.2359,6.2359,6.2359,6.2359,6.2359,6.2359,6.2359,6.2359,6.2359,6.2359,6.2359,6.2359,6.2359,6.2359,6.2359,6.2359,6.2359,6.2359,6.2359,6.2359,6.2359,6.2359,6.2359,6.2359,6.2359,6.2359,6.2359,6.2359,6.2359,6.2359,6.2359,6.2359,6.2359,6.2359,6.2359,6.2359,6.2359,6.2359,6.2359,6.2359,6.2359,6.2359,6.2359,6.2359,6.2359,6.2359,6.2359,6.2359,6.2359,6.2359,6.2359,6.2359,6.2359,6.2359,6.2359,6.2359,6.2359,6.2359,6.2359,6.2359,6.2359,6.2359,6.2359,6.2359,6.2359,6.2359,6.2359,6.2359,6.2359,6.2359,6.2359,6.2359,6.2359,6.2359,6.2359,6.2359,6.2359,6.2359,6.2359,6.2359,6.2359,6.2359,6.2359,6.2359,6.2359,6.2359,6.2359,6.2359,6.2359,6.2359,6.2359,6.2359,6.2359,6.2359,6.2359,6.2359,6.2359,6.2359,6.2359,6.2359,6.2359,6.2359,6.2359,6.2359,6.2359,6.2359,6.2359,6.2359,6.2359,6.2359,6.2359,6.2359,6.2359,6.2359,6.2359,6.2359,6.2359,6.2359,6.2359,6.2359,6.2359,6.2359,6.2359,6.2359,6.2359,6.2359,6.2359,6.2359,6.2359,6.2359,6.2359,6.2359,6.2359,6.2359,6.2359,6.2359,6.2359,6.2359,6.2359,6.2359,6.2359,6.2359,6.2359,6.2359,6.2359,6.2359,6.2359,6.2359,6.2359,6.2359,6.2359,6.2359,6.2359,6.2359,6.2359,6.2359,6.2359,6.2359,6.2359,6.2359,6.2359,6.2359,6.2359,6.2359,6.2359,6.2359,6.2359,6.2359,6.2359,6.2359,6.2359,6.2359,6.2359,6.2359,6.2359,6.2359,6.2359,6.2359,6.2359,6.2359,6.2359,6.2359,6.2359,6.2359,6.2359,6.2359,6.2359,6.2359,6.2359,6.2359,6.2359,6.2359,6.2359,6.2359,6.2359,6.2359,6.2359,6.2359,6.2359,6.2359,6.2359,6.2359,6.2359,6.2359,6.2359,6.2359,6.2359,6.2359,6.2359,6.2359,6.2359,6.2359,6.2359,6.2359,6.2359,6.2359,6.2359,6.2359,6.2359,6.2359,6.2359,6.2359,6.2359,6.2359,6.2359,6.2359,6.2359,6.2359,6.2359,6.2359,6.2359,6.2359,6.2359,6.2359,6.2359,6.2359,6.2359,6.2359,6.2359,6.2359,6.2359,6.2359,6.2359,6.2359,6.2359,6.2359,6.2359,6.2359,6.2359,6.2359,6.2359,6.2359,6.2359,6.2359,6.2359,6.2359,6.2359,6.2359,6.2359,6.2359,6.2359,6.2359,6.2359,6.2359,6.2359,6.2359,6.2359,6.2359,6.2359,6.2359,6.2359,6.2359,6.2359,6.2359,6.2359,6.2359,6.2359,6.2359,6.2359,6.2359,6.2359,6.2359,6.2359,6.2359,6.2359,6.2359,6.2359,6.2359,6.2359,6.2359,6.2359,6.2359,6.2359,6.2359,6.2359,6.2359,6.2359,6.2359,6.2359,6.2359,6.2359,6.2359,6.2359,6.2359,6.2359,6.2359,6.2359,6.2359,6.2359,6.2359,6.2359,6.2359,6.2359,6.2359
6.2315,6.2315,6.2315,6.2315,6.2315,6.2315,6.2315,6.2315,6.2315,6.2315,6.2315,6.2315,6.2315,6.2315,6.2315,6.2315,6.2315,6.2315,6.2315,6.2315,6.2315,6.2315,6.2315,6.2315,6.2315,6.2315,6.2315,6.2315,6.2315,6.2315,6.2315,6.2315,6.2315,6.2315,6.2315,6.2315,6.2315,6.2315,6.2315,6.2315,6.2315,6.2315,6.2315,6.2315,6.2315,6.2315,6.2315,6.2315,6.2315,6.2315,6.2315,6.2315,6.2315,6.2315,6.2315,6.2315,6.2315,6.2315,6.2315,6.2315,6.2315,6.2315,6.2315,6.2315,6.2315,6.2315,6.2315,6.2315,6.2315,6.2315,6.2315,6.2315,6.2315,6.2315,6.2315,6.2315,6.2315,6.2315,6.2315,6.2315,6.2315,6.2315,6.2315,6.2315,6.2315,6.2315,6.2315,6.2315,6.2315,6.2315,6.2315,6.2315,6.2315,6.2315,6.2315,6.2315,6.2315,6.2315,6.2315,6.2315,6.2315,6.2315,6.2315,6.2315,6.2315,6.2315,6.2315,6.2315,6.2315,6.2315,6.2315,6.2315,6.2315,6.2315,6.2315,6.2315,6.2315,6.2315,6.2315,6.2315,6.2315,6.2315,6.2315,6.2315,6.2315,6.2315,6.2315,6.2315,6.2315,6.2315,6.2315,6.2315,6.2315,6.2315,6.2315,6.2315,6.2315,6.2315,6.2315,6.2315,6.2315,6.2315,6.2315,6.2315,6.2315,6.2315,6.2315,6.2315,6.2315,6.2315,6.2315,6.2315,6.2315,6.2315,6.2315,6.2315,6.2315,6.2315,6.2315,6.2315,6.2315,6.2315,6.2315,6.2315,6.2315,6.2315,6.2315,6.2315,6.2315,6.2315,6.2315,6.2315,6.2315,6.2315,6.2315,6.2315,6.2315,6.2315,6.2315,6.2315,6.2315,6.2315,6.2315,6.2315,6.2315,6.2315,6.2315,6.2315,6.2315,6.2315,6.2315,6.2315,6.2315,6.2315,6.2315,6.2315,6.2315,6.2315,6.2315,6.2315,6.2315,6.2315,6.2315,6.2315,6.2315,6.2315,6.2315,6.2315,6.2315,6.2315,6.2315,6.2315,6.2315,6.2315,6.2315,6.2315,6.2315,6.2315,6.2315,6.2315,6.2315,6.2315,6.2315,6.2315,6.2315,6.2315,6.2315,6.2315,6.2315,6.2315,6.2315,6.2315,6.2315,6.2315,6.2315,6.2315,6.2315,6.2315,6.2315,6.2315,6.2315,6.2315,6.2315,6.2315,6.2315,6.2315,6.2315,6.2315,6.2315,6.2315,6.2315,6.2315,6.2315,6.2315,6.2315,6.2315,6.2315,6.2315,6.2315,6.2315,6.2315,6.2315,6.2315,6.2315,6.2315,6.2315,6.2315,6.2315,6.2315,6.2315,6.2315,6.2315,6.2315,6.2315,6.2315,6.2315,6.2315,6.2315,6.2315,6.2315,6.2315,6.2315,6.2315,6.2315,6.2315,6.2315,6.2315,6.2315,6.2315,6.2315,6.2315,6.2315,6.2315,6.2315,6.2315,6.2315,6.2315,6.2315,6.2315,6.2315,6.2315,6.2315,6.2315,6.2315,6.2315,6.2315,6.2315,6.2315,6.2315,6.2315,6.2315,6.2315,6.2315,6.2315,6.2315,6.2315,6.2315,6.2315,6.2315,6.2315,6.2315,6.2315,6.2315,6.2315,6.2315,6.2315,6.2315,6.2315,6.2315,6.2315,6.2315,6.2315,6.2315,6.2315,6.2315,6.2315,6.2315,6.2315,6.2315,6.2315,6.2315,6.2315,6.2315,6.2315,6.2315,6.2315,6.2315,6.2315,6.2315,6.2315,6.2315,6.2315,6.2315,6.2315,6.2315,6.2315,6.2315,6.2315,6.2315,6.2315,6.2315,6.2315,6.2315,6.2315,6.2315,6.2315,6.2315,6.2315,6.2315,6.2315,6.2315,6.2315,6.2315,6.2315,6.2315,6.2315,6.2315,6.2315,6.2315,6.2315,6.2315,6.2315,6.2315,6.2315,6.2315,6.2315,6.2315,6.2315,6.2315,6.2315,6.2315,6.2315,6.2315,6.2315,6.2315,6.2315,6.2315,6.2315,6.2315,6.2315,6.2315,6.2315,6.2315,6.2315,6.2315,6.2315,6.2315,6.2315,6.2315,6.2315,6.2315,6.2315,6.2315,6.2315,6.2315,6.2315,6.2315,6.2315,6.2315,6.2315,6.2315,6.2315,6.2315,6.2315,6.2315,6.2315,6.2315,6.2315,6.2315,6.2315,6.2315,6.2315,6.2315,6.2315,6.2315,6.2315,6.2315,6.2315,6.2315,6.2315,6.2315,6.2315,6.2315,6.2315,6.2315,6.2315,6.2315,6.2315,6.2315,6.2315,6.2315,6.2315,6.2315,6.2315,6.2315,6.2315,6.2315,6.2315,6.2315,6.2315,6.2315,6.2315,6.2315,6.2315,6.2315,6.2315,6.2315,6.2315,6.2315,6.2315,6.2315,6.2315,6.2315,6.2315,6.2315,6.2315,6.2315,6.2315,6.2315,6.2315,6.2315,6.2315,6.2315,6.2315,6.2315,6.2315,6.2315,6.2315,6.2315,6.2315,6.2315,6.2315,6.2315,6.2315,6.2315,6.2315,6.2315,6.2315,6.2315,6.2315,6.2315,6.2315,6.2315,6.2315,6.2315,6.2315,6.2315,6.2315,6.2315,6.2315,6.2315,6.2315,6.2315,6.2315,6.2315,6.2315,6.2315,6.2315,6.2315,6.2315,6.2315,6.2315,6.2315,6.2315,6.2315,6.2315,6.2315,6.2315,6.2315,6.2315,6.2315,6.2315,6.2315,6.2315,6.2315,6.2315,6.2315,6.2315,6.2315,6.2315,6.2315,6.2315,6.2315,6.2315,6.2315,6.2315,6.2315,6.2315,6.2315,6.2315,6.2315,6.2315,6.2315,6.2315,6.2315,6.2315,6.2315,6.2315,6.2315,6.2315,6.2315,6.2315,6.2315,6.2315,6.2315,6.2315,6.2315,6.2315,6.2315,6.2315,6.2315,6.2315,6.2315,6.2315,6.2315,6.2315,6.2315,6.2315,6.2315,6.2315,6.2315,6.2315,6.2315,6.2315,6.2315,6.2315,6.2315,6.2315,6.2315,6.2315,6.2315,6.2315,6.2315,6.2315,6.2315,6.2315,6.2315,6.2315,6.2315,6.2315,6.2315,6.2315,6.2315,6.2315,6.2315,6.2315,6.2315,6.2315,6.2315,6.2315,6.2315,6.2315,6.2315,6.2315,6.2315,6.2315,6.2315,6.2315,6.2315,6.2315,6.2315,6.2315,6.2315,6.2315,6.2315,6.2315,6.2315,6.2315,6.2315,6.2315,6.2315,6.2315,6.2315,6.2315,6.2315,6.2315,6.2315,6.2315,6.2315,6.2315,6.2315,6.2315,6.2315,6.2315,6.2315,6.2315,6.2315,6.2315,6.2315,6.2315,6.2315,6.2315,6.2315,6.2315,6.2315,6.2315,6.2315,6.2315,6.2315,6.2315,6.2315,6.2315,6.2315,6.2315,6.2315,6.2315,6.2315,6.2315,6.2315,6.2315,6.2315,6.2315,6.2315,6.2315,6.2315,6.2315,6.2315,6.2315,6.2315,6.2315,6.2315,6.2315,6.2315,6.2315,6.2315,6.2315,6.2315,6.2315,6.2315,6.2315,6.2315,6.2315,6.2315,6.2315,6.2315,6.2315,6.2315,6.2315,6.2315,6.2315,6.2315,6.2315,6.2315,6.2315,6.2315,6.2315,6.2315,6.2315,6.2315,6.2315,6.2315,6.2315,6.2315,6.2315,6.2315,6.2315,6.2315,6.2315,6.2315,6.2315,6.2315,6.2315,6.2315,6.2315,6.2315,6.2315,6.2315,6.2315,6.2315,6.2315,6.2315,6.2315,6.2315,6.2315,6.2315,6.2315,6.2315,6.2315,6.2315,6.2315,6.2315,6.2315,6.2315,6.2315,6.2315,6.2315,6.2315,6.2315,6.2315,6.2315,6.2315,6.2315,6.2315,6.2315,6.2315,6.2315,6.2315,6.2315,6.2315,6.2315,6.2315,6.2315,6.2315,6.2315,6.2315,6.2315,6.2315,6.2315,6.2315,6.2315,6.2315,6.2315,6.2315,6.2315,6.2315,6.2315,6.2315,6.2315,6.2315,6.2315,6.2315,6.2315,6.2315,6.2315,6.2315,6.2315,6.2315,6.2315,6.2315,6.2315,6.2315,6.2315,6.2315,6.2315,6.2315,6.2315,6.2315,6.2315,6.2315,6.2315,6.2315,6.2315,6.2315,6.2315,6.2315,6.2315,6.2315,6.2315,6.2315,6.2315,6.2315,6.2315,6.2315,6.2315,6.2315,6.2315,6.2315,6.2315,6.2315,6.2315,6.2315,6.2315,6.2315,6.2315,6.2315,6.2315,6.2315,6.2315,6.2315,6.2315,6.2315,6.2315,6.2315,6.2315,6.2315,6.2315,6.2315,6.2315,6.2315,6.2315,6.2315,6.2315,6.2315,6.2315,6.2315,6.2315,6.2315,6.2315,6.2315,6.2315,6.2315,6.2315,6.2315,6.2315,6.2315,6.2315,6.2315,6.2315,6.2315,6.2315,6.2315,6.2315,6.2315,6.2315,6.2315,6.2315,6.2315,6.2315,6.2315,6.2315,6.2315,6.2315,6.2315,6.2315,6.2315,6.2315,6.2315,6.2315,6.2315,6.2315,6.2315,6.2315,6.2315,6.2315,6.2315,6.2315,6.2315,6.2315,6.2315,6.2315,6.2315,6.2315,6.2315,6.2315,6.2315,6.2315,6.2315,6.2315,6.2315,6.2315,6.2315,6.2315,6.2315,6.2315,6.2315,6.2315,6.2315,6.2315,6.2315,6.2315,6.2315,6.2315,6.2315,6.2315,6.2315,6.2315,6.2315,6.2315,6.2315,6.2315,6.2315,6.2315,6.2315,6.2315,6.2315,6.2315,6.2315,6.2315,6.2315,6.2315,6.2315,6.2315,6.2315,6.2315,6.2315,6.2315,6.2315,6.2315,6.2315,6.2315,6.2315,6.2315,6.2315,6.2315,6.2315,6.2315,6.2315,6.2315,6.2315,6.2315,6.2315,6.2315,6.2315,6.2315,6.2315,6.2315,6.2315,6.2315,6.2315,6.2315
6.2272,6.2272,6.2272,6.2272,6.2272,6.2272,6.2272,6.2272,6.2272,6.2272,6.2272,6.2272,6.2272,6.2272,6.2272,6.2272,6.2272,6.2272,6.2272,6.2272,6.2272,6.2272,6.2272,6.2272,6.2272,6.2272,6.2272,6.2272,6.2272,6.2272,6.2272,6.2272,6.2272,6.2272,6.2272,6.2272,6.2272,6.2272,6.2272,6.2272,6.2272,6.2272,6.2272,6.2272,6.2272,6.2272,6.2272,6.2272,6.2272,6.2272,6.2272,6.2272,6.2272,6.2272,6.2272,6.2272,6.2272,6.2272,6.2272,6.2272,6.2272,6.2272,6.2272,6.2272,6.2272,6.2272,6.2272,6.2272,6.2272,6.2272,6.2272,6.2272,6.2272,6.2272,6.2272,6.2272,6.2272,6.2272,6.2272,6.2272,6.2272,6.2272,6.2272,6.2272,6.2272,6.2272,6.2272,6.2272,6.2272,6.2272,6.2272,6.2272,6.2272,6.2272,6.2272,6.2272,6.2272,6.2272,6.2272,6.2272,6.2272,6.2272,6.2272,6.2272,6.2272,6.2272,6.2272,6.2272,6.2272,6.2272,6.2272,6.2272,6.2272,6.2272,6.2272,6.2272,6.2272,6.2272,6.2272,6.2272,6.2272,6.2272,6.2272,6.2272,6.2272,6.2272,6.2272,6.2272,6.2272,6.2272,6.2272,6.2272,6.2272,6.2272,6.2272,6.2272,6.2272,6.2272,6.2272,6.2272,6.2272,6.2272,6.2272,6.2272,6.2272,6.2272,6.2272,6.2272,6.2272,6.2272,6.2272,6.2272,6.2272,6.2272,6.2272,6.2272,6.2272,6.2272,6.2272,6.2272,6.2272,6.2272,6.2272,6.2272,6.2272,6.2272,6.2272,6.2272,6.2272,6.2272,6.2272,6.2272,6.2272,6.2272,6.2272,6.2272,6.2272,6.2272,6.2272,6.2272,6.2272,6.2272,6.2272,6.2272,6.2272,6.2272,6.2272,6.2272,6.2272,6.2272,6.2272,6.2272,6.2272,6.2272,6.2272,6.2272,6.2272,6.2272,6.2272,6.2272,6.2272,6.2272,6.2272,6.2272,6.2272,6.2272,6.2272,6.2272,6.2272,6.2272,6.2272,6.2272,6.2272,6.2272,6.2272,6.2272,6.2272,6.2272,6.2272,6.2272,6.2272,6.2272,6.2272,6.2272,6.2272,6.2272,6.2272,6.2272,6.2272,6.2272,6.2272,6.2272,6.2272,6.2272,6.2272,6.2272,6.2272,6.2272,6.2272,6.2272,6.2272,6.2272,6.2272,6.2272,6.2272,6.2272,6.2272,6.2272,6.2272,6.2272,6.2272,6.2272,6.2272,6.2272,6.2272,6.2272,6.2272,6.2272,6.2272,6.2272,6.2272,6.2272,6.2272,6.2272,6.2272,6.2272,6.2272,6.2272,6.2272,6.2272,6.2272,6.2272,6.2272,6.2272,6.2272,6.2272,6.2272,6.2272,6.2272,6.2272,6.2272,6.2272,6.2272,6.2272,6.2272,6.2272,6.2272,6.2272,6.2272,6.2272,6.2272,6.2272,6.2272,6.2272,6.2272,6.2272,6.2272,6.2272,6.2272,6.2272,6.2272,6.2272,6.2272,6.2272,6.2272,6.2272,6.2272,6.2272,6.2272,6.2272,6.2272,6.2272,6.2272,6.2272,6.2272,6.2272,6.2272,6.2272,6.2272,6.2272,6.2272,6.2272,6.2272,6.2272,6.2272,6.2272,6.2272,6.2272,6.2272,6.2272,6.2272,6.2272,6.2272,6.2272,6.2272,6.2272,6.2272,6.2272,6.2272,6.2272,6.2272,6.2272,6.2272,6.2272,6.2272,6.2272,6.2272,6.2272,6.2272,6.2272,6.2272,6.2272,6.2272,6.2272,6.2272,6.2272,6.2272,6.2272,6.2272,6.2272,6.2272,6.2272,6.2272,6.2272,6.2272,6.2272,6.2272,6.2272,6.2272,6.2272,6.2272,6.2272,6.2272,6.2272,6.2272,6.2272,6.2272,6.2272,6.2272,6.2272,6.2272,6.2272,6.2272,6.2272,6.2272,6.2272,6.2272,6.2272,6.2272,6.2272,6.2272,6.2272,6.2272,6.2272,6.2272,6.2272,6.2272,6.2272,6.2272,6.2272,6.2272,6.2272,6.2272,6.2272,6.2272,6.2272,6.2272,6.2272,6.2272,6.2272,6.2272,6.2272,6.2272,6.2272,6.2272,6.2272,6.2272,6.2272,6.2272,6.2272,6.2272,6.2272,6.2272,6.2272,6.2272,6.2272,6.2272,6.2272,6.2272,6.2272,6.2272,6.2272,6.2272,6.2272,6.2272,6.2272,6.2272,6.2272,6.2272,6.2272,6.2272,6.2272,6.2272,6.2272,6.2272,6.2272,6.2272,6.2272,6.2272,6.2272,6.2272,6.2272,6.2272,6.2272,6.2272,6.2272,6.2272,6.2272,6.2272,6.2272,6.2272,6.2272,6.2272,6.2272,6.2272,6.2272,6.2272,6.2272,6.2272,6.2272,6.2272,6.2272,6.2272,6.2272,6.2272,6.2272,6.2272,6.2272,6.2272,6.2272,6.2272,6.2272,6.2272,6.2272,6.2272,6.2272,6.2272,6.2272,6.2272,6.2272,6.2272,6.2272,6.2272,6.2272,6.2272,6.2272,6.2272,6.2272,6.2272,6.2272,6.2272,6.2272,6.2272,6.2272,6.2272,6.2272,6.2272,6.2272,6.2272,6.2272,6.2272,6.2272,6.2272,6.2272,6.2272,6.2272,6.2272,6.2272,6.2272,6.2272,6.2272,6.2272,6.2272,6.2272,6.2272,6.2272,6.2272,6.2272,6.2272,6.2272,6.2272,6.2272,6.2272,6.2272,6.2272,6.2272,6.2272,6.2272,6.2272,6.2272,6.2272,6.2272,6.2272,6.2272,6.2272,6.2272,6.2272,6.2272,6.2272,6.2272,6.2272,6.2272,6.2272,6.2272,6.2272,6.2272,6.2272,6.2272,6.2272,6.2272,6.2272,6.2272,6.2272,6.2272,6.2272,6.2272,6.2272,6.2272,6.2272,6.2272,6.2272,6.2272,6.2272,6.2272,6.2272,6.2272,6.2272,6.2272,6.2272,6.2272,6.2272,6.2272,6.2272,6.2272,6.2272,6.2272,6.2272,6.2272,6.2272,6.2272,6.2272,6.2272,6.2272,6.2272,6.2272,6.2272,6.2272,6.2272,6.2272,6.2272,6.2272,6.2272,6.2272,6.2272,6.2272,6.2272,6.2272,6.2272,6.2272,6.2272,6.2272,6.2272,6.2272,6.2272,6.2272,6.2272,6.2272,6.2272,6.2272,6.2272,6.2272,6.2272,6.2272,6.2272,6.2272,6.2272,6.2272,6.2272,6.2272,6.2272,6.2272,6.2272,6.2272,6.2272,6.2272,6.2272,6.2272,6.2272,6.2272,6.2272,6.2272,6.2272,6.2272,6.2272,6.2272,6.2272,6.2272,6.2272,6.2272,6.2272,6.2272,6.2272,6.2272,6.2272,6.2272,6.2272,6.2272,6.2272,6.2272,6.2272,6.2272,6.2272,6.2272,6.2272,6.2272,6.2272,6.2272,6.2272,6.2272,6.2272,6.2272,6.2272,6.2272,6.2272,6.2272,6.2272,6.2272,6.2272,6.2272,6.2272,6.2272,6.2272,6.2272,6.2272,6.2272,6.2272,6.2272,6.2272,6.2272,6.2272,6.2272,6.2272,6.2272,6.2272,6.2272,6.2272,6.2272,6.2272,6.2272,6.2272,6.2272,6.2272,6.2272,6.2272,6.2272,6.2272,6.2272,6.2272,6.2272,6.2272,6.2272,6.2272,6.2272,6.2272,6.2272,6.2272,6.2272,6.2272,6.2272,6.2272,6.2272,6.2272,6.2272,6.2272,6.2272,6.2272,6.2272,6.2272,6.2272,6.2272,6.2272,6.2272,6.2272,6.2272,6.2272,6.2272,6.2272,6.2272,6.2272,6.2272,6.2272,6.2272,6.2272,6.2272,6.2272,6.2272,6.2272,6.2272,6.2272,6.2272,6.2272,6.2272,6.2272,6.2272,6.2272,6.2272,6.2272,6.2272,6.2272,6.2272,6.2272,6.2272,6.2272,6.2272,6.2272,6.2272,6.2272,6.2272,6.2272,6.2272,6.2272,6.2272,6.2272,6.2272,6.2272,6.2272,6.2272,6.2272,6.2272,6.2272,6.2272,6.2272,6.2272,6.2272,6.2272,6.2272,6.2272,6.2272,6.2272,6.2272,6.2272,6.2272,6.2272,6.2272,6.2272,6.2272,6.2272,6.2272,6.2272,6.2272,6.2272,6.2272,6.2272,6.2272,6.2272,6.2272,6.2272,6.2272,6.2272,6.2272,6.2272,6.2272,6.2272,6.2272,6.2272,6.2272,6.2272,6.2272,6.2272,6.2272,6.2272,6.2272,6.2272,6.2272,6.2272,6.2272,6.2272,6.2272,6.2272,6.2272,6.2272,6.2272,6.2272,6.2272,6.2272,6.2272,6.2272,6.2272,6.2272,6.2272,6.2272,6.2272,6.2272,6.2272,6.2272,6.2272,6.2272,6.2272,6.2272,6.2272,6.2272,6.2272,6.2272,6.2272,6.2272,6.2272,6.2272,6.2272,6.2272,6.2272,6.2272,6.2272,6.2272,6.2272,6.2272,6.2272,6.2272,6.2272,6.2272,6.2272,6.2272,6.2272,6.2272,6.2272,6.2272,6.2272,6.2272,6.2272,6.2272,6.2272,6.2272,6.2272,6.2272,6.2272,6.2272,6.2272,6.2272,6.2272,6.2272,6.2272,6.2272,6.2272,6.2272,6.2272,6.2272,6.2272,6.2272,6.2272,6.2272,6.2272,6.2272,6.2272,6.2272,6.2272,6.2272,6.2272,6.2272,6.2272,6.2272,6.2272,6.2272,6.2272,6.2272,6.2272,6.2272,6.2272,6.2272,6.2272,6.2272,6.2272,6.2272,6.2272,6.2272,6.2272,6.2272,6.2272,6.2272,6.2272,6.2272,6.2272,6.2272,6.2272,6.2272,6.2272,6.2272,6.2272,6.2272,6.2272,6.2272,6.2272,6.2272,6.2272,6.2272,6.2272,6.2272,6.2272,6.2272,6.2272,6.2272,6.2272,6.2272,6.2272,6.2272,6.2272,6.2272,6.2272,6.2272,6.2272,6.2272,6.2272
6.2230,6.2230,6.2230,6.2230,6.2230,6.2230,6.2230,6.2230,6.2230,6.2230,6.2230,6.2230,6.2230,6.2230,6.2230,6.2230,6.2230,6.2230,6.2230,6.2230,6.2230,6.2230,6.2230,6.2230,6.2230,6.2230,6.2230,6.2230,6.2230,6.2230,6.2230,6.2230,6.2230,6.2230,6.2230,6.2230,6.2230,6.2230,6.2230,6.2230,6.2230,6.2230,6.2230,6.2230,6.2230,6.2230,6.2230,6.2230,6.2230,6.2230,6.2230,6.2230,6.2230,6.2230,6.2230,6.2230,6.2230,6.2230,6.2230,6.2230,6.2230,6.2230,6.2230,6.2230,6.2230,6.2230,6.2230,6.2230,6.2230,6.2230,6.2230,6.2230,6.2230,6.2230,6.2230,6.2230,6.2230,6.2230,6.2230,6.2230,6.2230,6.2230,6.2230,6.2230,6.2230,6.2230,6.2230,6.2230,6.2230,6.2230,6.2230,6.2230,6.2230,6.2230,6.2230,6.2230,6.2230,6.2230,6.2230,6.2230,6.2230,6.2230,6.2230,6.2230,6.2230,6.2230,6.2230,6.2230,6.2230,6.2230,6.2230,6.2230,6.2230,6.2230,6.2230,6.2230,6.2230,6.2230,6.2230,6.2230,6.2230,6.2230,6.2230,6.2230,6.2230,6.2230,6.2230,6.2230,6.2230,6.2230,6.2230,6.2230,6.2230,6.2230,6.2230,6.2230,6.2230,6.2230,6.2230,6.2230,6.2230,6.2230,6.2230,6.2230,6.2230,6.2230,6.2230,6.2230,6.2230,6.2230,6.2230,6.2230,6.2230,6.2230,6.2230,6.2230,6.2230,6.2230,6.2230,6.2230,6.2230,6.2230,6.2230,6.2230,6.2230,6.2230,6.2230,6.2230,6.2230,6.2230,6.2230,6.2230,6.2230,6.2230,6.2230,6.2230,6.2230,6.2230,6.2230,6.2230,6.2230,6.2230,6.2230,6.2230,6.2230,6.2230,6.2230,6.2230,6.2230,6.2230,6.2230,6.2230,6.2230,6.2230,6.2230,6.2230,6.2230,6.2230,6.2230,6.2230,6.2230,6.2230,6.2230,6.2230,6.2230,6.2230,6.2230,6.2230,6.2230,6.2230,6.2230,6.2230,6.2230,6.2230,6.2230,6.2230,6.2230,6.2230,6.2230,6.2230,6.2230,6.2230,6.2230,6.2230,6.2230,6.2230,6.2230,6.2230,6.2230,6.2230,6.2230,6.2230,6.2230,6.2230,6.2230,6.2230,6.2230,6.2230,6.2230,6.2230,6.2230,6.2230,6.2230,6.2230,6.2230,6.2230,6.2230,6.2230,6.2230,6.2230,6.2230,6.2230,6.2230,6.2230,6.2230,6.2230,6.2230,6.2230,6.2230,6.2230,6.2230,6.2230,6.2230,6.2230,6.2230,6.2230,6.2230,6.2230,6.2230,6.2230,6.2230,6.2230,6.2230,6.2230,6.2230,6.2230,6.2230,6.2230,6.2230,6.2230,6.2230,6.2230,6.2230,6.2230,6.2230,6.2230,6.2230,6.2230,6.2230,6.2230,6.2230,6.2230,6.2230,6.2230,6.2230,6.2230,6.2230,6.2230,6.2230,6.2230,6.2230,6.2230,6.2230,6.2230,6.2230,6.2230,6.2230,6.2230,6.2230,6.2230,6.2230,6.2230,6.2230,6.2230,6.2230,6.2230,6.2230,6.2230,6.2230,6.2230,6.2230,6.2230,6.2230,6.2230,6.2230,6.2230,6.2230,6.2230,6.2230,6.2230,6.2230,6.2230,6.2230,6.2230,6.2230,6.2230,6.2230,6.2230,6.2230,6.2230,6.2230,6.2230,6.2230,6.2230,6.2230,6.2230,6.2230,6.2230,6.2230,6.2230,6.2230,6.2230,6.2230,6.2230,6.2230,6.2230,6.2230,6.2230,6.2230,6.2230,6.2230,6.2230,6.2230,6.2230,6.2230,6.2230,6.2230,6.2230,6.2230,6.2230,6.2230,6.2230,6.2230,6.2230,6.2230,6.2230,6.2230,6.2230,6.2230,6.2230,6.2230,6.2230,6.2230,6.2230,6.2230,6.2230,6.2230,6.2230,6.2230,6.2230,6.2230,6.2230,6.2230,6.2230,6.2230,6.2230,6.2230,6.2230,6.2230,6.2230,6.2230,6.2230,6.2230,6.2230,6.2230,6.2230,6.2230,6.2230,6.2230,6.2230,6.2230,6.2230,6.2230,6.2230,6.2230,6.2230,6.2230,6.2230,6.2230,6.2230,6.2230,6.2230,6.2230,6.2230,6.2230,6.2230,6.2230,6.2230,6.2230,6.2230,6.2230,6.2230,6.2230,6.2230,6.2230,6.2230,6.2230,6.2230,6.2230,6.2230,6.2230,6.2230,6.2230,6.2230,6.2230,6.2230,6.2230,6.2230,6.2230,6.2230,6.2230,6.2230,6.2230,6.2230,6.2230,6.2230,6.2230,6.2230,6.2230,6.2230,6.2230,6.2230,6.2230,6.2230,6.2230,6.2230,6.2230,6.2230,6.2230,6.2230,6.2230,6.2230,6.2230,6.2230,6.2230,6.2230,6.2230,6.2230,6.2230,6.2230,6.2230,6.2230,6.2230,6.2230,6.2230,6.2230,6.2230,6.2230,6.2230,6.2230,6.2230,6.2230,6.2230,6.2230,6.2230,6.2230,6.2230,6.2230,6.2230,6.2230,6.2230,6.2230,6.2230,6.2230,6.2230,6.2230,6.2230,6.2230,6.2230,6.2230,6.2230,6.2230,6.2230,6.2230,6.2230,6.2230,6.2230,6.2230,6.2230,6.2230,6.2230,6.2230,6.2230,6.2230,6.2230,6.2230,6.2230,6.2230,6.2230,6.2230,6.2230,6.2230,6.2230,6.2230,6.2230,6.2230,6.2230,6.2230,6.2230,6.2230,6.2230,6.2230,6.2230,6.2230,6.2230,6.2230,6.2230,6.2230,6.2230,6.2230,6.2230,6.2230,6.2230,6.2230,6.2230,6.2230,6.2230,6.2230,6.2230,6.2230,6.2230,6.2230,6.2230,6.2230,6.2230,6.2230,6.2230,6.2230,6.2230,6.2230,6.2230,6.2230,6.2230,6.2230,6.2230,6.2230,6.2230,6.2230,6.2230,6.2230,6.2230,6.2230,6.2230,6.2230,6.2230,6.2230,6.2230,6.2230,6.2230,6.2230,6.2230,6.2230,6.2230,6.2230,6.2230,6.2230,6.2230,6.2230,6.2230,6.2230,6.2230,6.2230,6.2230,6.2230,6.2230,6.2230,6.2230,6.2230,6.2230,6.2230,6.2230,6.2230,6.2230,6.2230,6.2230,6.2230,6.2230,6.2230,6.2230,6.2230,6.2230,6.2230,6.2230,6.2230,6.2230,6.2230,6.2230,6.2230,6.2230,6.2230,6.2230,6.2230,6.2230,6.2230,6.2230,6.2230,6.2230,6.2230,6.2230,6.2230,6.2230,6.2230,6.2230,6.2230,6.2230,6.2230,6.2230,6.2230,6.2230,6.2230,6.2230,6.2230,6.2230,6.2230,6.2230,6.2230,6.2230,6.2230,6.2230,6.2230,6.2230,6.2230,6.2230,6.2230,6.2230,6.2230,6.2230,6.2230,6.2230,6.2230,6.2230,6.2230,6.2230,6.2230,6.2230,6.2230,6.2230,6.2230,6.2230,6.2230,6.2230,6.2230,6.2230,6.2230,6.2230,6.2230,6.2230,6.2230,6.2230,6.2230,6.2230,6.2230,6.2230,6.2230,6.2230,6.2230,6.2230,6.2230,6.2230,6.2230,6.2230,6.2230,6.2230,6.2230,6.2230,6.2230,6.2230,6.2230,6.2230,6.2230,6.2230,6.2230,6.2230,6.2230,6.2230,6.2230,6.2230,6.2230,6.2230,6.2230,6.2230,6.2230,6.2230,6.2230,6.2230,6.2230,6.2230,6.2230,6.2230,6.2230,6.2230,6.2230,6.2230,6.2230,6.2230,6.2230,6.2230,6.2230,6.2230,6.2230,6.2230,6.2230,6.2230,6.2230,6.2230,6.2230,6.2230,6.2230,6.2230,6.2230,6.2230,6.2230,6.2230,6.2230,6.2230,6.2230,6.2230,6.2230,6.2230,6.2230,6.2230,6.2230,6.2230,6.2230,6.2230,6.2230,6.2230,6.2230,6.2230,6.2230,6.2230,6.2230,6.2230,6.2230,6.2230,6.2230,6.2230,6.2230,6.2230,6.2230,6.2230,6.2230,6.2230,6.2230,6.2230,6.2230,6.2230,6.2230,6.2230,6.2230,6.2230,6.2230,6.2230,6.2230,6.2230,6.2230,6.2230,6.2230,6.2230,6.2230,6.2230,6.2230,6.2230,6.2230,6.2230,6.2230,6.2230,6.2230,6.2230,6.2230,6.2230,6.2230,6.2230,6.2230,6.2230,6.2230,6.2230,6.2230,6.2230,6.2230,6.2230,6.2230,6.2230,6.2230,6.2230,6.2230,6.2230,6.2230,6.2230,6.2230,6.2230,6.2230,6.2230,6.2230,6.2230,6.2230,6.2230,6.2230,6.2230,6.2230,6.2230,6.2230,6.2230,6.2230,6.2230,6.2230,6.2230,6.2230,6.2230,6.2230,6.2230,6.2230,6.2230,6.2230,6.2230,6.2230,6.2230,6.2230,6.2230,6.2230,6.2230,6.2230,6.2230,6.2230,6.2230,6.2230,6.2230,6.2230,6.2230,6.2230,6.2230,6.2230,6.2230,6.2230,6.2230,6.2230,6.2230,6.2230,6.2230,6.2230,6.2230,6.2230,6.2230,6.2230,6.2230,6.2230,6.2230,6.2230,6.2230,6.2230,6.2230,6.2230,6.2230,6.2230,6.2230,6.2230,6.2230,6.2230,6.2230,6.2230,6.2230,6.2230,6.2230,6.2230,6.2230,6.2230,6.2230,6.2230,6.2230,6.2230,6.2230,6.2230,6.2230,6.2230,6.2230,6.2230,6.2230,6.2230,6.2230,6.2230,6.2230,6.2230,6.2230,6.2230,6.2230,6.2230,6.2230,6.2230,6.2230,6.2230,6.2230,6.2230,6.2230,6.2230,6.2230,6.2230,6.2230,6.2230,6.2230,6.2230,6.2230,6.2230,6.2230,6.2230,6.2230,6.2230,6.2230,6.2230,6.2230,6.2230,6.2230,6.2230,6.2230,6.2230,6.2230,6.2230,6.2230,6.2230,6.2230,6.2230
6.2186,6.2186,6.2186,6.2186,6.2186,6.2186,6.2186,6.2186,6.2186,6.2186,6.2186,6.2186,6.2186,6.2186,6.2186,6.2186,6.2186,6.2186,6.2186,6.2186,6.2186,6.2186,6.2186,6.2186,6.2186,6.2186,6.2186,6.2186,6.2186,6.2186,6.2186,6.2186,6.2186,6.2186,6.2186,6.2186,6.2186,6.2186,6.2186,6.2186,6.2186,6.2186,6.2186,6.2186,6.2186,6.2186,6.2186,6.2186,6.2186,6.2186,6.2186,6.2186,6.2186,6.2186,6.2186,6.2186,6.2186,6.2186,6.2186,6.2186,6.2186,6.2186,6.2186,6.2186,6.2186,6.2186,6.2186,6.2186,6.2186,6.2186,6.2186,6.2186,6.2186,6.2186,6.2186,6.2186,6.2186,6.2186,6.2186,6.2186,6.2186,6.2186,6.2186,6.2186,6.2186,6.2186,6.2186,6.2186,6.2186,6.2186,6.2186,6.2186,6.2186,6.2186,6.2186,6.2186,6.2186,6.2186,6.2186,6.2186,6.2186,6.2186,6.2186,6.2186,6.2186,6.2186,6.2186,6.2186,6.2186,6.2186,6.2186,6.2186,6.2186,6.2186,6.2186,6.2186,6.2186,6.2186,6.2186,6.2186,6.2186,6.2186,6.2186,6.2186,6.2186,6.2186,6.2186,6.2186,6.2186,6.2186,6.2186,6.2186,6.2186,6.2186,6.2186,6.2186,6.2186,6.2186,6.2186,6.2186,6.2186,6.2186,6.2186,6.2186,6.2186,6.2186,6.2186,6.2186,6.2186,6.2186,6.2186,6.2186,6.2186,6.2186,6.2186,6.2186,6.2186,6.2186,6.2186,6.2186,6.2186,6.2186,6.2186,6.2186,6.2186,6.2186,6.2186,6.2186,6.2186,6.2186,6.2186,6.2186,6.2186,6.2186,6.2186,6.2186,6.2186,6.2186,6.2186,6.2186,6.2186,6.2186,6.2186,6.2186,6.2186,6.2186,6.2186,6.2186,6.2186,6.2186,6.2186,6.2186,6.2186,6.2186,6.2186,6.2186,6.2186,6.2186,6.2186,6.2186,6.2186,6.2186,6.2186,6.2186,6.2186,6.2186,6.2186,6.2186,6.2186,6.2186,6.2186,6.2186,6.2186,6.2186,6.2186,6.2186,6.2186,6.2186,6.2186,6.2186,6.2186,6.2186,6.2186,6.2186,6.2186,6.2186,6.2186,6.2186,6.2186,6.2186,6.2186,6.2186,6.2186,6.2186,6.2186,6.2186,6.2186,6.2186,6.2186,6.2186,6.2186,6.2186,6.2186,6.2186,6.2186,6.2186,6.2186,6.2186,6.2186,6.2186,6.2186,6.2186,6.2186,6.2186,6.2186,6.2186,6.2186,6.2186,6.2186,6.2186,6.2186,6.2186,6.2186,6.2186,6.2186,6.2186,6.2186,6.2186,6.2186,6.2186,6.2186,6.2186,6.2186,6.2186,6.2186,6.2186,6.2186,6.2186,6.2186,6.2186,6.2186,6.2186,6.2186,6.2186,6.2186,6.2186,6.2186,6.2186,6.2186,6.2186,6.2186,6.2186,6.2186,6.2186,6.2186,6.2186,6.2186,6.2186,6.2186,6.2186,6.2186,6.2186,6.2186,6.2186,6.2186,6.2186,6.2186,6.2186,6.2186,6.2186,6.2186,6.2186,6.2186,6.2186,6.2186,6.2186,6.2186,6.2186,6.2186,6.2186,6.2186,6.2186,6.2186,6.2186,6.2186,6.2186,6.2186,6.2186,6.2186,6.2186,6.2186,6.2186,6.2186,6.2186,6.2186,6.2186,6.2186,6.2186,6.2186,6.2186,6.2186,6.2186,6.2186,6.2186,6.2186,6.2186,6.2186,6.2186,6.2186,6.2186,6.2186,6.2186,6.2186,6.2186,6.2186,6.2186,6.2186,6.2186,6.2186,6.2186,6.2186,6.2186,6.2186,6.2186,6.2186,6.2186,6.2186,6.2186,6.2186,6.2186,6.2186,6.2186,6.2186,6.2186,6.2186,6.2186,6.2186,6.2186,6.2186,6.2186,6.2186,6.2186,6.2186,6.2186,6.2186,6.2186,6.2186,6.2186,6.2186,6.2186,6.2186,6.2186,6.2186,6.2186,6.2186,6.2186,6.2186,6.2186,6.2186,6.2186,6.2186,6.2186,6.2186,6.2186,6.2186,6.2186,6.2186,6.2186,6.2186,6.2186,6.2186,6.2186,6.2186,6.2186,6.2186,6.2186,6.2186,6.2186,6.2186,6.2186,6.2186,6.2186,6.2186,6.2186,6.2186,6.2186,6.2186,6.2186,6.2186,6.2186,6.2186,6.2186,6.2186,6.2186,6.2186,6.2186,6.2186,6.2186,6.2186,6.2186,6.2186,6.2186,6.2186,6.2186,6.2186,6.2186,6.2186,6.2186,6.2186,6.2186,6.2186,6.2186,6.2186,6.2186,6.2186,6.2186,6.2186,6.2186,6.2186,6.2186,6.2186,6.2186,6.2186,6.2186,6.2186,6.2186,6.2186,6.2186,6.2186,6.2186,6.2186,6.2186,6.2186,6.2186,6.2186,6.2186,6.2186,6.2186,6.2186,6.2186,6.2186,6.2186,6.2186,6.2186,6.2186,6.2186,6.2186,6.2186,6.2186,6.2186,6.2186,6.2186,6.2186,6.2186,6.2186,6.2186,6.2186,6.2186,6.2186,6.2186,6.2186,6.2186,6.2186,6.2186,6.2186,6.2186,6.2186,6.2186,6.2186,6.2186,6.2186,6.2186,6.2186,6.2186,6.2186,6.2186,6.2186,6.2186,6.2186,6.2186,6.2186,6.2186,6.2186,6.2186,6.2186,6.2186,6.2186,6.2186,6.2186,6.2186,6.2186,6.2186,6.2186,6.2186,6.2186,6.2186,6.2186,6.2186,6.2186,6.2186,6.2186,6.2186,6.2186,6.2186,6.2186,6.2186,6.2186,6.2186,6.2186,6.2186,6.2186,6.2186,6.2186,6.2186,6.2186,6.2186,6.2186,6.2186,6.2186,6.2186,6.2186,6.2186,6.2186,6.2186,6.2186,6.2186,6.2186,6.2186,6.2186,6.2186,6.2186,6.2186,6.2186,6.2186,6.2186,6.2186,6.2186,6.2186,6.2186,6.2186,6.2186,6.2186,6.2186,6.2186,6.2186,6.2186,6.2186,6.2186,6.2186,6.2186,6.2186,6.2186,6.2186,6.2186,6.2186,6.2186,6.2186,6.2186,6.2186,6.2186,6.2186,6.2186,6.2186,6.2186,6.2186,6.2186,6.2186,6.2186,6.2186,6.2186,6.2186,6.2186,6.2186,6.2186,6.2186,6.2186,6.2186,6.2186,6.2186,6.2186,6.2186,6.2186,6.2186,6.2186,6.2186,6.2186,6.2186,6.2186,6.2186,6.2186,6.2186,6.2186,6.2186,6.2186,6.2186,6.2186,6.2186,6.2186,6.2186,6.2186,6.2186,6.2186,6.2186,6.2186,6.2186,6.2186,6.2186,6.2186,6.2186,6.2186,6.2186,6.2186,6.2186,6.2186,6.2186,6.2186,6.2186,6.2186,6.2186,6.2186,6.2186,6.2186,6.2186,6.2186,6.2186,6.2186,6.2186,6.2186,6.2186,6.2186,6.2186,6.2186,6.2186,6.2186,6.2186,6.2186,6.2186,6.2186,6.2186,6.2186,6.2186,6.2186,6.2186,6.2186,6.2186,6.2186,6.2186,6.2186,6.2186,6.2186,6.2186,6.2186,6.2186,6.2186,6.2186,6.2186,6.2186,6.2186,6.2186,6.2186,6.2186,6.2186,6.2186,6.2186,6.2186,6.2186,6.2186,6.2186,6.2186,6.2186,6.2186,6.2186,6.2186,6.2186,6.2186,6.2186,6.2186,6.2186,6.2186,6.2186,6.2186,6.2186,6.2186,6.2186,6.2186,6.2186,6.2186,6.2186,6.2186,6.2186,6.2186,6.2186,6.2186,6.2186,6.2186,6.2186,6.2186,6.2186,6.2186,6.2186,6.2186,6.2186,6.2186,6.2186,6.2186,6.2186,6.2186,6.2186,6.2186,6.2186,6.2186,6.2186,6.2186,6.2186,6.2186,6.2186,6.2186,6.2186,6.2186,6.2186,6.2186,6.2186,6.2186,6.2186,6.2186,6.2186,6.2186,6.2186,6.2186,6.2186,6.2186,6.2186,6.2186,6.2186,6.2186,6.2186,6.2186,6.2186,6.2186,6.2186,6.2186,6.2186,6.2186,6.2186,6.2186,6.2186,6.2186,6.2186,6.2186,6.2186,6.2186,6.2186,6.2186,6.2186,6.2186,6.2186,6.2186,6.2186,6.2186,6.2186,6.2186,6.2186,6.2186,6.2186,6.2186,6.2186,6.2186,6.2186,6.2186,6.2186,6.2186,6.2186,6.2186,6.2186,6.2186,6.2186,6.2186,6.2186,6.2186,6.2186,6.2186,6.2186,6.2186,6.2186,6.2186,6.2186,6.2186,6.2186,6.2186,6.2186,6.2186,6.2186,6.2186,6.2186,6.2186,6.2186,6.2186,6.2186,6.2186,6.2186,6.2186,6.2186,6.2186,6.2186,6.2186,6.2186,6.2186,6.2186,6.2186,6.2186,6.2186,6.2186,6.2186,6.2186,6.2186,6.2186,6.2186,6.2186,6.2186,6.2186,6.2186,6.2186,6.2186,6.2186,6.2186,6.2186,6.2186,6.2186,6.2186,6.2186,6.2186,6.2186,6.2186,6.2186,6.2186,6.2186,6.2186,6.2186,6.2186,6.2186,6.2186,6.2186,6.2186,6.2186,6.2186,6.2186,6.2186,6.2186,6.2186,6.2186,6.2186,6.2186,6.2186,6.2186,6.2186,6.2186,6.2186,6.2186,6.2186,6.2186,6.2186,6.2186,6.2186,6.2186,6.2186,6.2186,6.2186,6.2186,6.2186,6.2186,6.2186,6.2186,6.2186,6.2186,6.2186,6.2186,6.2186,6.2186,6.2186,6.2186,6.2186,6.2186,6.2186,6.2186,6.2186,6.2186,6.2186,6.2186,6.2186,6.2186,6.2186,6.2186,6.2186,6.2186,6.2186,6.2186,6.2186,6.2186,6.2186,6.2186,6.2186,6.2186,6.2186,6.2186,6.2186,6.2186,6.2186,6.2186,6.2186,6.2186,6.2186,6.2186,6.2186,6.2186,6.2186,6.2186,6.2186,6.2186,6.2186,6.2186
6.2142,6.2142,6.2142,6.2142,6.2142,6.2142,6.2142,6.2142,6.2142,6.2142,6.2142,6.2142,6.2142,6.2142,6.2142,6.2142,6.2142,6.2142,6.2142,6.2142,6.2142,6.2142,6.2142,6.2142,6.2142,6.2142,6.2142,6.2142,6.2142,6.2142,6.2142,6.2142,6.2142,6.2142,6.2142,6.2142,6.2142,6.2142,6.2142,6.2142,6.2142,6.2142,6.2142,6.2142,6.2142,6.2142,6.2142,6.2142,6.2142,6.2142,6.2142,6.2142,6.2142,6.2142,6.2142,6.2142,6.2142,6.2142,6.2142,6.2142,6.2142,6.2142,6.2142,6.2142,6.2142,6.2142,6.2142,6.2142,6.2142,6.2142,6.2142,6.2142,6.2142,6.2142,6.2142,6.2142,6.2142,6.2142,6.2142,6.2142,6.2142,6.2142,6.2142,6.2142,6.2142,6.2142,6.2142,6.2142,6.2142,6.2142,6.2142,6.2142,6.2142,6.2142,6.2142,6.2142,6.2142,6.2142,6.2142,6.2142,6.2142,6.2142,6.2142,6.2142,6.2142,6.2142,6.2142,6.2142,6.2142,6.2142,6.2142,6.2142,6.2142,6.2142,6.2142,6.2142,6.2142,6.2142,6.2142,6.2142,6.2142,6.2142,6.2142,6.2142,6.2142,6.2142,6.2142,6.2142,6.2142,6.2142,6.2142,6.2142,6.2142,6.2142,6.2142,6.2142,6.2142,6.2142,6.2142,6.2142,6.2142,6.2142,6.2142,6.2142,6.2142,6.2142,6.2142,6.2142,6.2142,6.2142,6.2142,6.2142,6.2142,6.2142,6.2142,6.2142,6.2142,6.2142,6.2142,6.2142,6.2142,6.2142,6.2142,6.2142,6.2142,6.2142,6.2142,6.2142,6.2142,6.2142,6.2142,6.2142,6.2142,6.2142,6.2142,6.2142,6.2142,6.2142,6.2142,6.2142,6.2142,6.2142,6.2142,6.2142,6.2142,6.2142,6.2142,6.2142,6.2142,6.2142,6.2142,6.2142,6.2142,6.2142,6.2142,6.2142,6.2142,6.2142,6.2142,6.2142,6.2142,6.2142,6.2142,6.2142,6.2142,6.2142,6.2142,6.2142,6.2142,6.2142,6.2142,6.2142,6.2142,6.2142,6.2142,6.2142,6.2142,6.2142,6.2142,6.2142,6.2142,6.2142,6.2142,6.2142,6.2142,6.2142,6.2142,6.2142,6.2142,6.2142,6.2142,6.2142,6.2142,6.2142,6.2142,6.2142,6.2142,6.2142,6.2142,6.2142,6.2142,6.2142,6.2142,6.2142,6.2142,6.2142,6.2142,6.2142,6.2142,6.2142,6.2142,6.2142,6.2142,6.2142,6.2142,6.2142,6.2142,6.2142,6.2142,6.2142,6.2142,6.2142,6.2142,6.2142,6.2142,6.2142,6.2142,6.2142,6.2142,6.2142,6.2142,6.2142,6.2142,6.2142,6.2142,6.2142,6.2142,6.2142,6.2142,6.2142,6.2142,6.2142,6.2142,6.2142,6.2142,6.2142,6.2142,6.2142,6.2142,6.2142,6.2142,6.2142,6.2142,6.2142,6.2142,6.2142,6.2142,6.2142,6.2142,6.2142,6.2142,6.2142,6.2142,6.2142,6.2142,6.2142,6.2142,6.2142,6.2142,6.2142,6.2142,6.2142,6.2142,6.2142,6.2142,6.2142,6.2142,6.2142,6.2142,6.2142,6.2142,6.2142,6.2142,6.2142,6.2142,6.2142,6.2142,6.2142,6.2142,6.2142,6.2142,6.2142,6.2142,6.2142,6.2142,6.2142,6.2142,6.2142,6.2142,6.2142,6.2142,6.2142,6.2142,6.2142,6.2142,6.2142,6.2142,6.2142,6.2142,6.2142,6.2142,6.2142,6.2142,6.2142,6.2142,6.2142,6.2142,6.2142,6.2142,6.2142,6.2142,6.2142,6.2142,6.2142,6.2142,6.2142,6.2142,6.2142,6.2142,6.2142,6.2142,6.2142,6.2142,6.2142,6.2142,6.2142,6.2142,6.2142,6.2142,6.2142,6.2142,6.2142,6.2142,6.2142,6.2142,6.2142,6.2142,6.2142,6.2142,6.2142,6.2142,6.2142,6.2142,6.2142,6.2142,6.2142,6.2142,6.2142,6.2142,6.2142,6.2142,6.2142,6.2142,6.2142,6.2142,6.2142,6.2142,6.2142,6.2142,6.2142,6.2142,6.2142,6.2142,6.2142,6.2142,6.2142,6.2142,6.2142,6.2142,6.2142,6.2142,6.2142,6.2142,6.2142,6.2142,6.2142,6.2142,6.2142,6.2142,6.2142,6.2142,6.2142,6.2142,6.2142,6.2142,6.2142,6.2142,6.2142,6.2142,6.2142,6.2142,6.2142,6.2142,6.2142,6.2142,6.2142,6.2142,6.2142,6.2142,6.2142,6.2142,6.2142,6.2142,6.2142,6.2142,6.2142,6.2142,6.2142,6.2142,6.2142,6.2142,6.2142,6.2142,6.2142,6.2142,6.2142,6.2142,6.2142,6.2142,6.2142,6.2142,6.2142,6.2142,6.2142,6.2142,6.2142,6.2142,6.2142,6.2142,6.2142,6.2142,6.2142,6.2142,6.2142,6.2142,6.2142,6.2142,6.2142,6.2142,6.2142,6.2142,6.2142,6.2142,6.2142,6.2142,6.2142,6.2142,6.2142,6.2142,6.2142,6.2142,6.2142,6.2142,6.2142,6.2142,6.2142,6.2142,6.2142,6.2142,6.2142,6.2142,6.2142,6.2142,6.2142,6.2142,6.2142,6.2142,6.2142,6.2142,6.2142,6.2142,6.2142,6.2142,6.2142,6.2142,6.2142,6.2142,6.2142,6.2142,6.2142,6.2142,6.2142,6.2142,6.2142,6.2142,6.2142,6.2142,6.2142,6.2142,6.2142,6.2142,6.2142,6.2142,6.2142,6.2142,6.2142,6.2142,6.2142,6.2142,6.2142,6.2142,6.2142,6.2142,6.2142,6.2142,6.2142,6.2142,6.2142,6.2142,6.2142,6.2142,6.2142,6.2142,6.2142,6.2142,6.2142,6.2142,6.2142,6.2142,6.2142,6.2142,6.2142,6.2142,6.2142,6.2142,6.2142,6.2142,6.2142,6.2142,6.2142,6.2142,6.2142,6.2142,6.2142,6.2142,6.2142,6.2142,6.2142,6.2142,6.2142,6.2142,6.2142,6.2142,6.2142,6.2142,6.2142,6.2142,6.2142,6.2142,6.2142,6.2142,6.2142,6.2142,6.2142,6.2142,6.2142,6.2142,6.2142,6.2142,6.2142,6.2142,6.2142,6.2142,6.2142,6.2142,6.2142,6.2142,6.2142,6.2142,6.2142,6.2142,6.2142,6.2142,6.2142,6.2142,6.2142,6.2142,6.2142,6.2142,6.2142,6.2142,6.2142,6.2142,6.2142,6.2142,6.2142,6.2142,6.2142,6.2142,6.2142,6.2142,6.2142,6.2142,6.2142,6.2142,6.2142,6.2142,6.2142,6.2142,6.2142,6.2142,6.2142,6.2142,6.2142,6.2142,6.2142,6.2142,6.2142,6.2142,6.2142,6.2142,6.2142,6.2142,6.2142,6.2142,6.2142,6.2142,6.2142,6.2142,6.2142,6.2142,6.2142,6.2142,6.2142,6.2142,6.2142,6.2142,6.2142,6.2142,6.2142,6.2142,6.2142,6.2142,6.2142,6.2142,6.2142,6.2142,6.2142,6.2142,6.2142,6.2142,6.2142,6.2142,6.2142,6.2142,6.2142,6.2142,6.2142,6.2142,6.2142,6.2142,6.2142,6.2142,6.2142,6.2142,6.2142,6.2142,6.2142,6.2142,6.2142,6.2142,6.2142,6.2142,6.2142,6.2142,6.2142,6.2142,6.2142,6.2142,6.2142,6.2142,6.2142,6.2142,6.2142,6.2142,6.2142,6.2142,6.2142,6.2142,6.2142,6.2142,6.2142,6.2142,6.2142,6.2142,6.2142,6.2142,6.2142,6.2142,6.2142,6.2142,6.2142,6.2142,6.2142,6.2142,6.2142,6.2142,6.2142,6.2142,6.2142,6.2142,6.2142,6.2142,6.2142,6.2142,6.2142,6.2142,6.2142,6.2142,6.2142,6.2142,6.2142,6.2142,6.2142,6.2142,6.2142,6.2142,6.2142,6.2142,6.2142,6.2142,6.2142,6.2142,6.2142,6.2142,6.2142,6.2142,6.2142,6.2142,6.2142,6.2142,6.2142,6.2142,6.2142,6.2142,6.2142,6.2142,6.2142,6.2142,6.2142,6.2142,6.2142,6.2142,6.2142,6.2142,6.2142,6.2142,6.2142,6.2142,6.2142,6.2142,6.2142,6.2142,6.2142,6.2142,6.2142,6.2142,6.2142,6.2142,6.2142,6.2142,6.2142,6.2142,6.2142,6.2142,6.2142,6.2142,6.2142,6.2142,6.2142,6.2142,6.2142,6.2142,6.2142,6.2142,6.2142,6.2142,6.2142,6.2142,6.2142,6.2142,6.2142,6.2142,6.2142,6.2142,6.2142,6.2142,6.2142,6.2142,6.2142,6.2142,6.2142,6.2142,6.2142,6.2142,6.2142,6.2142,6.2142,6.2142,6.2142,6.2142,6.2142,6.2142,6.2142,6.2142,6.2142,6.2142,6.2142,6.2142,6.2142,6.2142,6.2142,6.2142,6.2142,6.2142,6.2142,6.2142,6.2142,6.2142,6.2142,6.2142,6.2142,6.2142,6.2142,6.2142,6.2142,6.2142,6.2142,6.2142,6.2142,6.2142,6.2142,6.2142,6.2142,6.2142,6.2142,6.2142,6.2142,6.2142,6.2142,6.2142,6.2142,6.2142,6.2142,6.2142,6.2142,6.2142,6.2142,6.2142,6.2142,6.2142,6.2142,6.2142,6.2142,6.2142,6.2142,6.2142,6.2142,6.2142,6.2142,6.2142,6.2142,6.2142,6.2142,6.2142,6.2142,6.2142,6.2142,6.2142,6.2142,6.2142,6.2142,6.2142,6.2142,6.2142,6.2142,6.2142,6.2142,6.2142,6.2142,6.2142,6.2142,6.2142,6.2142,6.2142,6.2142,6.2142,6.2142,6.2142,6.2142,6.2142,6.2142,6.2142,6.2142,6.2142,6.2142,6.2142,6.2142,6.2142,6.2142,6.2142,6.2142,6.2142,6.2142,6.2142,6.2142,6.2142,6.2142,6.2142,6.2142
6.2099,6.2099,6.2099,6.2099,6.2099,6.2099,6.2099,6.2099,6.2099,6.2099,6.2099,6.2099,6.2099,6.2099,6.2099,6.2099,6.2099,6.2099,6.2099,6.2099,6.2099,6.2099,6.2099,6.2099,6.2099,6.2099,6.2099,6.2099,6.2099,6.2099,6.2099,6.2099,6.2099,6.2099,6.2099,6.2099,6.2099,6.2099,6.2099,6.2099,6.2099,6.2099,6.2099,6.2099,6.2099,6.2099,6.2099,6.2099,6.2099,6.2099,6.2099,6.2099,6.2099,6.2099,6.2099,6.2099,6.2099,6.2099,6.2099,6.2099,6.2099,6.2099,6.2099,6.2099,6.2099,6.2099,6.2099,6.2099,6.2099,6.2099,6.2099,6.2099,6.2099,6.2099,6.2099,6.2099,6.2099,6.2099,6.2099,6.2099,6.2099,6.2099,6.2099,6.2099,6.2099,6.2099,6.2099,6.2099,6.2099,6.2099,6.2099,6.2099,6.2099,6.2099,6.2099,6.2099,6.2099,6.2099,6.2099,6.2099,6.2099,6.2099,6.2099,6.2099,6.2099,6.2099,6.2099,6.2099,6.2099,6.2099,6.2099,6.2099,6.2099,6.2099,6.2099,6.2099,6.2099,6.2099,6.2099,6.2099,6.2099,6.2099,6.2099,6.2099,6.2099,6.2099,6.2099,6.2099,6.2099,6.2099,6.2099,6.2099,6.2099,6.2099,6.2099,6.2099,6.2099,6.2099,6.2099,6.2099,6.2099,6.2099,6.2099,6.2099,6.2099,6.2099,6.2099,6.2099,6.2099,6.2099,6.2099,6.2099,6.2099,6.2099,6.2099,6.2099,6.2099,6.2099,6.2099,6.2099,6.2099,6.2099,6.2099,6.2099,6.2099,6.2099,6.2099,6.2099,6.2099,6.2099,6.2099,6.2099,6.2099,6.2099,6.2099,6.2099,6.2099,6.2099,6.2099,6.2099,6.2099,6.2099,6.2099,6.2099,6.2099,6.2099,6.2099,6.2099,6.2099,6.2099,6.2099,6.2099,6.2099,6.2099,6.2099,6.2099,6.2099,6.2099,6.2099,6.2099,6.2099,6.2099,6.2099,6.2099,6.2099,6.2099,6.2099,6.2099,6.2099,6.2099,6.2099,6.2099,6.2099,6.2099,6.2099,6.2099,6.2099,6.2099,6.2099,6.2099,6.2099,6.2099,6.2099,6.2099,6.2099,6.2099,6.2099,6.2099,6.2099,6.2099,6.2099,6.2099,6.2099,6.2099,6.2099,6.2099,6.2099,6.2099,6.2099,6.2099,6.2099,6.2099,6.2099,6.2099,6.2099,6.2099,6.2099,6.2099,6.2099,6.2099,6.2099,6.2099,6.2099,6.2099,6.2099,6.2099,6.2099,6.2099,6.2099,6.2099,6.2099,6.2099,6.2099,6.2099,6.2099,6.2099,6.2099,6.2099,6.2099,6.2099,6.2099,6.2099,6.2099,6.2099,6.2099,6.2099,6.2099,6.2099,6.2099,6.2099,6.2099,6.2099,6.2099,6.2099,6.2099,6.2099,6.2099,6.2099,6.2099,6.2099,6.2099,6.2099,6.2099,6.2099,6.2099,6.2099,6.2099,6.2099,6.2099,6.2099,6.2099,6.2099,6.2099,6.2099,6.2099,6.2099,6.2099,6.2099,6.2099,6.2099,6.2099,6.2099,6.2099,6.2099,6.2099,6.2099,6.2099,6.2099,6.2099,6.2099,6.2099,6.2099,6.2099,6.2099,6.2099,6.2099,6.2099,6.2099,6.2099,6.2099,6.2099,6.2099,6.2099,6.2099,6.2099,6.2099,6.2099,6.2099,6.2099,6.2099,6.2099,6.2099,6.2099,6.2099,6.2099,6.2099,6.2099,6.2099,6.2099,6.2099,6.2099,6.2099,6.2099,6.2099,6.2099,6.2099,6.2099,6.2099,6.2099,6.2099,6.2099,6.2099,6.2099,6.2099,6.2099,6.2099,6.2099,6.2099,6.2099,6.2099,6.2099,6.2099,6.2099,6.2099,6.2099,6.2099,6.2099,6.2099,6.2099,6.2099,6.2099,6.2099,6.2099,6.2099,6.2099,6.2099,6.2099,6.2099,6.2099,6.2099,6.2099,6.2099,6.2099,6.2099,6.2099,6.2099,6.2099,6.2099,6.2099,6.2099,6.2099,6.2099,6.2099,6.2099,6.2099,6.2099,6.2099,6.2099,6.2099,6.2099,6.2099,6.2099,6.2099,6.2099,6.2099,6.2099,6.2099,6.2099,6.2099,6.2099,6.2099,6.2099,6.2099,6.2099,6.2099,6.2099,6.2099,6.2099,6.2099,6.2099,6.2099,6.2099,6.2099,6.2099,6.2099,6.2099,6.2099,6.2099,6.2099,6.2099,6.2099,6.2099,6.2099,6.2099,6.2099,6.2099,6.2099,6.2099,6.2099,6.2099,6.2099,6.2099,6.2099,6.2099,6.2099,6.2099,6.2099,6.2099,6.2099,6.2099,6.2099,6.2099,6.2099,6.2099,6.2099,6.2099,6.2099,6.2099,6.2099,6.2099,6.2099,6.2099,6.2099,6.2099,6.2099,6.2099,6.2099,6.2099,6.2099,6.2099,6.2099,6.2099,6.2099,6.2099,6.2099,6.2099,6.2099,6.2099,6.2099,6.2099,6.2099,6.2099,6.2099,6.2099,6.2099,6.2099,6.2099,6.2099,6.2099,6.2099,6.2099,6.2099,6.2099,6.2099,6.2099,6.2099,6.2099,6.2099,6.2099,6.2099,6.2099,6.2099,6.2099,6.2099,6.2099,6.2099,6.2099,6.2099,6.2099,6.2099,6.2099,6.2099,6.2099,6.2099,6.2099,6.2099,6.2099,6.2099,6.2099,6.2099,6.2099,6.2099,6.2099,6.2099,6.2099,6.2099,6.2099,6.2099,6.2099,6.2099,6.2099,6.2099,6.2099,6.2099,6.2099,6.2099,6.2099,6.2099,6.2099,6.2099,6.2099,6.2099,6.2099,6.2099,6.2099,6.2099,6.2099,6.2099,6.2099,6.2099,6.2099,6.2099,6.2099,6.2099,6.2099,6.2099,6.2099,6.2099,6.2099,6.2099,6.2099,6.2099,6.2099,6.2099,6.2099,6.2099,6.2099,6.2099,6.2099,6.2099,6.2099,6.2099,6.2099,6.2099,6.2099,6.2099,6.2099,6.2099,6.2099,6.2099,6.2099,6.2099,6.2099,6.2099,6.2099,6.2099,6.2099,6.2099,6.2099,6.2099,6.2099,6.2099,6.2099,6.2099,6.2099,6.2099,6.2099,6.2099,6.2099,6.2099,6.2099,6.2099,6.2099,6.2099,6.2099,6.2099,6.2099,6.2099,6.2099,6.2099,6.2099,6.2099,6.2099,6.2099,6.2099,6.2099,6.2099,6.2099,6.2099,6.2099,6.2099,6.2099,6.2099,6.2099,6.2099,6.2099,6.2099,6.2099,6.2099,6.2099,6.2099,6.2099,6.2099,6.2099,6.2099,6.2099,6.2099,6.2099,6.2099,6.2099,6.2099,6.2099,6.2099,6.2099,6.2099,6.2099,6.2099,6.2099,6.2099,6.2099,6.2099,6.2099,6.2099,6.2099,6.2099,6.2099,6.2099,6.2099,6.2099,6.2099,6.2099,6.2099,6.2099,6.2099,6.2099,6.2099,6.2099,6.2099,6.2099,6.2099,6.2099,6.2099,6.2099,6.2099,6.2099,6.2099,6.2099,6.2099,6.2099,6.2099,6.2099,6.2099,6.2099,6.2099,6.2099,6.2099,6.2099,6.2099,6.2099,6.2099,6.2099,6.2099,6.2099,6.2099,6.2099,6.2099,6.2099,6.2099,6.2099,6.2099,6.2099,6.2099,6.2099,6.2099,6.2099,6.2099,6.2099,6.2099,6.2099,6.2099,6.2099,6.2099,6.2099,6.2099,6.2099,6.2099,6.2099,6.2099,6.2099,6.2099,6.2099,6.2099,6.2099,6.2099,6.2099,6.2099,6.2099,6.2099,6.2099,6.2099,6.2099,6.2099,6.2099,6.2099,6.2099,6.2099,6.2099,6.2099,6.2099,6.2099,6.2099,6.2099,6.2099,6.2099,6.2099,6.2099,6.2099,6.2099,6.2099,6.2099,6.2099,6.2099,6.2099,6.2099,6.2099,6.2099,6.2099,6.2099,6.2099,6.2099,6.2099,6.2099,6.2099,6.2099,6.2099,6.2099,6.2099,6.2099,6.2099,6.2099,6.2099,6.2099,6.2099,6.2099,6.2099,6.2099,6.2099,6.2099,6.2099,6.2099,6.2099,6.2099,6.2099,6.2099,6.2099,6.2099,6.2099,6.2099,6.2099,6.2099,6.2099,6.2099,6.2099,6.2099,6.2099,6.2099,6.2099,6.2099,6.2099,6.2099,6.2099,6.2099,6.2099,6.2099,6.2099,6.2099,6.2099,6.2099,6.2099,6.2099,6.2099,6.2099,6.2099,6.2099,6.2099,6.2099,6.2099,6.2099,6.2099,6.2099,6.2099,6.2099,6.2099,6.2099,6.2099,6.2099,6.2099,6.2099,6.2099,6.2099,6.2099,6.2099,6.2099,6.2099,6.2099,6.2099,6.2099,6.2099,6.2099,6.2099,6.2099,6.2099,6.2099,6.2099,6.2099,6.2099,6.2099,6.2099,6.2099,6.2099,6.2099,6.2099,6.2099,6.2099,6.2099,6.2099,6.2099,6.2099,6.2099,6.2099,6.2099,6.2099,6.2099,6.2099,6.2099,6.2099,6.2099,6.2099,6.2099,6.2099,6.2099,6.2099,6.2099,6.2099,6.2099,6.2099,6.2099,6.2099,6.2099,6.2099,6.2099,6.2099,6.2099,6.2099,6.2099,6.2099,6.2099,6.2099,6.2099,6.2099,6.2099,6.2099,6.2099,6.2099,6.2099,6.2099,6.2099,6.2099,6.2099,6.2099,6.2099,6.2099,6.2099,6.2099,6.2099,6.2099,6.2099,6.2099,6.2099,6.2099,6.2099,6.2099,6.2099,6.2099,6.2099,6.2099,6.2099,6.2099,6.2099,6.2099,6.2099,6.2099,6.2099,6.2099,6.2099,6.2099,6.2099,6.2099,6.2099,6.2099,6.2099,6.2099,6.2099,6.2099,6.2099,6.2099,6.2099,6.2099,6.2099,6.2099,6.2099,6.2099,6.2099,6.2099,6.2099,6.2099,6.2099,6.2099,6.2099,6.2099
6.2058,6.2058,6.2058,6.2058,6.2058,6.2058,6.2058,6.2058,6.2058,6.2058,6.2058,6.2058,6.2058,6.2058,6.2058,6.2058,6.2058,6.2058,6.2058,6.2058,6.2058,6.2058,6.2058,6.2058,6.2058,6.2058,6.2058,6.2058,6.2058,6.2058,6.2058,6.2058,6.2058,6.2058,6.2058,6.2058,6.2058,6.2058,6.2058,6.2058,6.2058,6.2058,6.2058,6.2058,6.2058,6.2058,6.2058,6.2058,6.2058,6.2058,6.2058,6.2058,6.2058,6.2058,6.2058,6.2058,6.2058,6.2058,6.2058,6.2058,6.2058,6.2058,6.2058,6.2058,6.2058,6.2058,6.2058,6.2058,6.2058,6.2058,6.2058,6.2058,6.2058,6.2058,6.2058,6.2058,6.2058,6.2058,6.2058,6.2058,6.2058,6.2058,6.2058,6.2058,6.2058,6.2058,6.2058,6.2058,6.2058,6.2058,6.2058,6.2058,6.2058,6.2058,6.2058,6.2058,6.2058,6.2058,6.2058,6.2058,6.2058,6.2058,6.2058,6.2058,6.2058,6.2058,6.2058,6.2058,6.2058,6.2058,6.2058,6.2058,6.2058,6.2058,6.2058,6.2058,6.2058,6.2058,6.2058,6.2058,6.2058,6.2058,6.2058,6.2058,6.2058,6.2058,6.2058,6.2058,6.2058,6.2058,6.2058,6.2058,6.2058,6.2058,6.2058,6.2058,6.2058,6.2058,6.2058,6.2058,6.2058,6.2058,6.2058,6.2058,6.2058,6.2058,6.2058,6.2058,6.2058,6.2058,6.2058,6.2058,6.2058,6.2058,6.2058,6.2058,6.2058,6.2058,6.2058,6.2058,6.2058,6.2058,6.2058,6.2058,6.2058,6.2058,6.2058,6.2058,6.2058,6.2058,6.2058,6.2058,6.2058,6.2058,6.2058,6.2058,6.2058,6.2058,6.2058,6.2058,6.2058,6.2058,6.2058,6.2058,6.2058,6.2058,6.2058,6.2058,6.2058,6.2058,6.2058,6.2058,6.2058,6.2058,6.2058,6.2058,6.2058,6.2058,6.2058,6.2058,6.2058,6.2058,6.2058,6.2058,6.2058,6.2058,6.2058,6.2058,6.2058,6.2058,6.2058,6.2058,6.2058,6.2058,6.2058,6.2058,6.2058,6.2058,6.2058,6.2058,6.2058,6.2058,6.2058,6.2058,6.2058,6.2058,6.2058,6.2058,6.2058,6.2058,6.2058,6.2058,6.2058,6.2058,6.2058,6.2058,6.2058,6.2058,6.2058,6.2058,6.2058,6.2058,6.2058,6.2058,6.2058,6.2058,6.2058,6.2058,6.2058,6.2058,6.2058,6.2058,6.2058,6.2058,6.2058,6.2058,6.2058,6.2058,6.2058,6.2058,6.2058,6.2058,6.2058,6.2058,6.2058,6.2058,6.2058,6.2058,6.2058,6.2058,6.2058,6.2058,6.2058,6.2058,6.2058,6.2058,6.2058,6.2058,6.2058,6.2058,6.2058,6.2058,6.2058,6.2058,6.2058,6.2058,6.2058,6.2058,6.2058,6.2058,6.2058,6.2058,6.2058,6.2058,6.2058,6.2058,6.2058,6.2058,6.2058,6.2058,6.2058,6.2058,6.2058,6.2058,6.2058,6.2058,6.2058,6.2058,6.2058,6.2058,6.2058,6.2058,6.2058,6.2058,6.2058,6.2058,6.2058,6.2058,6.2058,6.2058,6.2058,6.2058,6.2058,6.2058,6.2058,6.2058,6.2058,6.2058,6.2058,6.2058,6.2058,6.2058,6.2058,6.2058,6.2058,6.2058,6.2058,6.2058,6.2058,6.2058,6.2058,6.2058,6.2058,6.2058,6.2058,6.2058,6.2058,6.2058,6.2058,6.2058,6.2058,6.2058,6.2058,6.2058,6.2058,6.2058,6.2058,6.2058,6.2058,6.2058,6.2058,6.2058,6.2058,6.2058,6.2058,6.2058,6.2058,6.2058,6.2058,6.2058,6.2058,6.2058,6.2058,6.2058,6.2058,6.2058,6.2058,6.2058,6.2058,6.2058,6.2058,6.2058,6.2058,6.2058,6.2058,6.2058,6.2058,6.2058,6.2058,6.2058,6.2058,6.2058,6.2058,6.2058,6.2058,6.2058,6.2058,6.2058,6.2058,6.2058,6.2058,6.2058,6.2058,6.2058,6.2058,6.2058,6.2058,6.2058,6.2058,6.2058,6.2058,6.2058,6.2058,6.2058,6.2058,6.2058,6.2058,6.2058,6.2058,6.2058,6.2058,6.2058,6.2058,6.2058,6.2058,6.2058,6.2058,6.2058,6.2058,6.2058,6.2058,6.2058,6.2058,6.2058,6.2058,6.2058,6.2058,6.2058,6.2058,6.2058,6.2058,6.2058,6.2058,6.2058,6.2058,6.2058,6.2058,6.2058,6.2058,6.2058,6.2058,6.2058,6.2058,6.2058,6.2058,6.2058,6.2058,6.2058,6.2058,6.2058,6.2058,6.2058,6.2058,6.2058,6.2058,6.2058,6.2058,6.2058,6.2058,6.2058,6.2058,6.2058,6.2058,6.2058,6.2058,6.2058,6.2058,6.2058,6.2058,6.2058,6.2058,6.2058,6.2058,6.2058,6.2058,6.2058,6.2058,6.2058,6.2058,6.2058,6.2058,6.2058,6.2058,6.2058,6.2058,6.2058,6.2058,6.2058,6.2058,6.2058,6.2058,6.2058,6.2058,6.2058,6.2058,6.2058,6.2058,6.2058,6.2058,6.2058,6.2058,6.2058,6.2058,6.2058,6.2058,6.2058,6.2058,6.2058,6.2058,6.2058,6.2058,6.2058,6.2058,6.2058,6.2058,6.2058,6.2058,6.2058,6.2058,6.2058,6.2058,6.2058,6.2058,6.2058,6.2058,6.2058,6.2058,6.2058,6.2058,6.2058,6.2058,6.2058,6.2058,6.2058,6.2058,6.2058,6.2058,6.2058,6.2058,6.2058,6.2058,6.2058,6.2058,6.2058,6.2058,6.2058,6.2058,6.2058,6.2058,6.2058,6.2058,6.2058,6.2058,6.2058,6.2058,6.2058,6.2058,6.2058,6.2058,6.2058,6.2058,6.2058,6.2058,6.2058,6.2058,6.2058,6.2058,6.2058,6.2058,6.2058,6.2058,6.2058,6.2058,6.2058,6.2058,6.2058,6.2058,6.2058,6.2058,6.2058,6.2058,6.2058,6.2058,6.2058,6.2058,6.2058,6.2058,6.2058,6.2058,6.2058,6.2058,6.2058,6.2058,6.2058,6.2058,6.2058,6.2058,6.2058,6.2058,6.2058,6.2058,6.2058,6.2058,6.2058,6.2058,6.2058,6.2058,6.2058,6.2058,6.2058,6.2058,6.2058,6.2058,6.2058,6.2058,6.2058,6.2058,6.2058,6.2058,6.2058,6.2058,6.2058,6.2058,6.2058,6.2058,6.2058,6.2058,6.2058,6.2058,6.2058,6.2058,6.2058,6.2058,6.2058,6.2058,6.2058,6.2058,6.2058,6.2058,6.2058,6.2058,6.2058,6.2058,6.2058,6.2058,6.2058,6.2058,6.2058,6.2058,6.2058,6.2058,6.2058,6.2058,6.2058,6.2058,6.2058,6.2058,6.2058,6.2058,6.2058,6.2058,6.2058,6.2058,6.2058,6.2058,6.2058,6.2058,6.2058,6.2058,6.2058,6.2058,6.2058,6.2058,6.2058,6.2058,6.2058,6.2058,6.2058,6.2058,6.2058,6.2058,6.2058,6.2058,6.2058,6.2058,6.2058,6.2058,6.2058,6.2058,6.2058,6.2058,6.2058,6.2058,6.2058,6.2058,6.2058,6.2058,6.2058,6.2058,6.2058,6.2058,6.2058,6.2058,6.2058,6.2058,6.2058,6.2058,6.2058,6.2058,6.2058,6.2058,6.2058,6.2058,6.2058,6.2058,6.2058,6.2058,6.2058,6.2058,6.2058,6.2058,6.2058,6.2058,6.2058,6.2058,6.2058,6.2058,6.2058,6.2058,6.2058,6.2058,6.2058,6.2058,6.2058,6.2058,6.2058,6.2058,6.2058,6.2058,6.2058,6.2058,6.2058,6.2058,6.2058,6.2058,6.2058,6.2058,6.2058,6.2058,6.2058,6.2058,6.2058,6.2058,6.2058,6.2058,6.2058,6.2058,6.2058,6.2058,6.2058,6.2058,6.2058,6.2058,6.2058,6.2058,6.2058,6.2058,6.2058,6.2058,6.2058,6.2058,6.2058,6.2058,6.2058,6.2058,6.2058,6.2058,6.2058,6.2058,6.2058,6.2058,6.2058,6.2058,6.2058,6.2058,6.2058,6.2058,6.2058,6.2058,6.2058,6.2058,6.2058,6.2058,6.2058,6.2058,6.2058,6.2058,6.2058,6.2058,6.2058,6.2058,6.2058,6.2058,6.2058,6.2058,6.2058,6.2058,6.2058,6.2058,6.2058,6.2058,6.2058,6.2058,6.2058,6.2058,6.2058,6.2058,6.2058,6.2058,6.2058,6.2058,6.2058,6.2058,6.2058,6.2058,6.2058,6.2058,6.2058,6.2058,6.2058,6.2058,6.2058,6.2058,6.2058,6.2058,6.2058,6.2058,6.2058,6.2058,6.2058,6.2058,6.2058,6.2058,6.2058,6.2058,6.2058,6.2058,6.2058,6.2058,6.2058,6.2058,6.2058,6.2058,6.2058,6.2058,6.2058,6.2058,6.2058,6.2058,6.2058,6.2058,6.2058,6.2058,6.2058,6.2058,6.2058,6.2058,6.2058,6.2058,6.2058,6.2058,6.2058,6.2058,6.2058,6.2058,6.2058,6.2058,6.2058,6.2058,6.2058,6.2058,6.2058,6.2058,6.2058,6.2058,6.2058,6.2058,6.2058,6.2058,6.2058,6.2058,6.2058,6.2058,6.2058,6.2058,6.2058,6.2058,6.2058,6.2058,6.2058,6.2058,6.2058,6.2058,6.2058,6.2058,6.2058,6.2058,6.2058,6.2058,6.2058,6.2058,6.2058,6.2058,6.2058,6.2058,6.2058,6.2058,6.2058,6.2058,6.2058,6.2058,6.2058,6.2058,6.2058,6.2058,6.2058,6.2058,6.2058,6.2058,6.2058,6.2058,6.2058,6.2058,6.2058,6.2058,6.2058,6.2058,6.2058,6.2058,6.2058,6.2058,6.2058,6.2058,6.2058,6.2058,6.2058,6.2058,6.2058,6.2058,6.2058
6.2014,6.2014,6.2014,6.2014,6.2014,6.2014,6.2014,6.2014,6.2014,6.2014,6.2014,6.2014,6.2014,6.2014,6.2014,6.2014,6.2014,6.2014,6.2014,6.2014,6.2014,6.2014,6.2014,6.2014,6.2014,6.2014,6.2014,6.2014,6.2014,6.2014,6.2014,6.2014,6.2014,6.2014,6.2014,6.2014,6.2014,6.2014,6.2014,6.2014,6.2014,6.2014,6.2014,6.2014,6.2014,6.2014,6.2014,6.2014,6.2014,6.2014,6.2014,6.2014,6.2014,6.2014,6.2014,6.2014,6.2014,6.2014,6.2014,6.2014,6.2014,6.2014,6.2014,6.2014,6.2014,6.2014,6.2014,6.2014,6.2014,6.2014,6.2014,6.2014,6.2014,6.2014,6.2014,6.2014,6.2014,6.2014,6.2014,6.2014,6.2014,6.2014,6.2014,6.2014,6.2014,6.2014,6.2014,6.2014,6.2014,6.2014,6.2014,6.2014,6.2014,6.2014,6.2014,6.2014,6.2014,6.2014,6.2014,6.2014,6.2014,6.2014,6.2014,6.2014,6.2014,6.2014,6.2014,6.2014,6.2014,6.2014,6.2014,6.2014,6.2014,6.2014,6.2014,6.2014,6.2014,6.2014,6.2014,6.2014,6.2014,6.2014,6.2014,6.2014,6.2014,6.2014,6.2014,6.2014,6.2014,6.2014,6.2014,6.2014,6.2014,6.2014,6.2014,6.2014,6.2014,6.2014,6.2014,6.2014,6.2014,6.2014,6.2014,6.2014,6.2014,6.2014,6.2014,6.2014,6.2014,6.2014,6.2014,6.2014,6.2014,6.2014,6.2014,6.2014,6.2014,6.2014,6.2014,6.2014,6.2014,6.2014,6.2014,6.2014,6.2014,6.2014,6.2014,6.2014,6.2014,6.2014,6.2014,6.2014,6.2014,6.2014,6.2014,6.2014,6.2014,6.2014,6.2014,6.2014,6.2014,6.2014,6.2014,6.2014,6.2014,6.2014,6.2014,6.2014,6.2014,6.2014,6.2014,6.2014,6.2014,6.2014,6.2014,6.2014,6.2014,6.2014,6.2014,6.2014,6.2014,6.2014,6.2014,6.2014,6.2014,6.2014,6.2014,6.2014,6.2014,6.2014,6.2014,6.2014,6.2014,6.2014,6.2014,6.2014,6.2014,6.2014,6.2014,6.2014,6.2014,6.2014,6.2014,6.2014,6.2014,6.2014,6.2014,6.2014,6.2014,6.2014,6.2014,6.2014,6.2014,6.2014,6.2014,6.2014,6.2014,6.2014,6.2014,6.2014,6.2014,6.2014,6.2014,6.2014,6.2014,6.2014,6.2014,6.2014,6.2014,6.2014,6.2014,6.2014,6.2014,6.2014,6.2014,6.2014,6.2014,6.2014,6.2014,6.2014,6.2014,6.2014,6.2014,6.2014,6.2014,6.2014,6.2014,6.2014,6.2014,6.2014,6.2014,6.2014,6.2014,6.2014,6.2014,6.2014,6.2014,6.2014,6.2014,6.2014,6.2014,6.2014,6.2014,6.2014,6.2014,6.2014,6.2014,6.2014,6.2014,6.2014,6.2014,6.2014,6.2014,6.2014,6.2014,6.2014,6.2014,6.2014,6.2014,6.2014,6.2014,6.2014,6.2014,6.2014,6.2014,6.2014,6.2014,6.2014,6.2014,6.2014,6.2014,6.2014,6.2014,6.2014,6.2014,6.2014,6.2014,6.2014,6.2014,6.2014,6.2014,6.2014,6.2014,6.2014,6.2014,6.2014,6.2014,6.2014,6.2014,6.2014,6.2014,6.2014,6.2014,6.2014,6.2014,6.2014,6.2014,6.2014,6.2014,6.2014,6.2014,6.2014,6.2014,6.2014,6.2014,6.2014,6.2014,6.2014,6.2014,6.2014,6.2014,6.2014,6.2014,6.2014,6.2014,6.2014,6.2014,6.2014,6.2014,6.2014,6.2014,6.2014,6.2014,6.2014,6.2014,6.2014,6.2014,6.2014,6.2014,6.2014,6.2014,6.2014,6.2014,6.2014,6.2014,6.2014,6.2014,6.2014,6.2014,6.2014,6.2014,6.2014,6.2014,6.2014,6.2014,6.2014,6.2014,6.2014,6.2014,6.2014,6.2014,6.2014,6.2014,6.2014,6.2014,6.2014,6.2014,6.2014,6.2014,6.2014,6.2014,6.2014,6.2014,6.2014,6.2014,6.2014,6.2014,6.2014,6.2014,6.2014,6.2014,6.2014,6.2014,6.2014,6.2014,6.2014,6.2014,6.2014,6.2014,6.2014,6.2014,6.2014,6.2014,6.2014,6.2014,6.2014,6.2014,6.2014,6.2014,6.2014,6.2014,6.2014,6.2014,6.2014,6.2014,6.2014,6.2014,6.2014,6.2014,6.2014,6.2014,6.2014,6.2014,6.2014,6.2014,6.2014,6.2014,6.2014,6.2014,6.2014,6.2014,6.2014,6.2014,6.2014,6.2014,6.2014,6.2014,6.2014,6.2014,6.2014,6.2014,6.2014,6.2014,6.2014,6.2014,6.2014,6.2014,6.2014,6.2014,6.2014,6.2014,6.2014,6.2014,6.2014,6.2014,6.2014,6.2014,6.2014,6.2014,6.2014,6.2014,6.2014,6.2014,6.2014,6.2014,6.2014,6.2014,6.2014,6.2014,6.2014,6.2014,6.2014,6.2014,6.2014,6.2014,6.2014,6.2014,6.2014,6.2014,6.2014,6.2014,6.2014,6.2014,6.2014,6.2014,6.2014,6.2014,6.2014,6.2014,6.2014,6.2014,6.2014,6.2014,6.2014,6.2014,6.2014,6.2014,6.2014,6.2014,6.2014,6.2014,6.2014,6.2014,6.2014,6.2014,6.2014,6.2014,6.2014,6.2014,6.2014,6.2014,6.2014,6.2014,6.2014,6.2014,6.2014,6.2014,6.2014,6.2014,6.2014,6.2014,6.2014,6.2014,6.2014,6.2014,6.2014,6.2014,6.2014,6.2014,6.2014,6.2014,6.2014,6.2014,6.2014,6.2014,6.2014,6.2014,6.2014,6.2014,6.2014,6.2014,6.2014,6.2014,6.2014,6.2014,6.2014,6.2014,6.2014,6.2014,6.2014,6.2014,6.2014,6.2014,6.2014,6.2014,6.2014,6.2014,6.2014,6.2014,6.2014,6.2014,6.2014,6.2014,6.2014,6.2014,6.2014,6.2014,6.2014,6.2014,6.2014,6.2014,6.2014,6.2014,6.2014,6.2014,6.2014,6.2014,6.2014,6.2014,6.2014,6.2014,6.2014,6.2014,6.2014,6.2014,6.2014,6.2014,6.2014,6.2014,6.2014,6.2014,6.2014,6.2014,6.2014,6.2014,6.2014,6.2014,6.2014,6.2014,6.2014,6.2014,6.2014,6.2014,6.2014,6.2014,6.2014,6.2014,6.2014,6.2014,6.2014,6.2014,6.2014,6.2014,6.2014,6.2014,6.2014,6.2014,6.2014,6.2014,6.2014,6.2014,6.2014,6.2014,6.2014,6.2014,6.2014,6.2014,6.2014,6.2014,6.2014,6.2014,6.2014,6.2014,6.2014,6.2014,6.2014,6.2014,6.2014,6.2014,6.2014,6.2014,6.2014,6.2014,6.2014,6.2014,6.2014,6.2014,6.2014,6.2014,6.2014,6.2014,6.2014,6.2014,6.2014,6.2014,6.2014,6.2014,6.2014,6.2014,6.2014,6.2014,6.2014,6.2014,6.2014,6.2014,6.2014,6.2014,6.2014,6.2014,6.2014,6.2014,6.2014,6.2014,6.2014,6.2014,6.2014,6.2014,6.2014,6.2014,6.2014,6.2014,6.2014,6.2014,6.2014,6.2014,6.2014,6.2014,6.2014,6.2014,6.2014,6.2014,6.2014,6.2014,6.2014,6.2014,6.2014,6.2014,6.2014,6.2014,6.2014,6.2014,6.2014,6.2014,6.2014,6.2014,6.2014,6.2014,6.2014,6.2014,6.2014,6.2014,6.2014,6.2014,6.2014,6.2014,6.2014,6.2014,6.2014,6.2014,6.2014,6.2014,6.2014,6.2014,6.2014,6.2014,6.2014,6.2014,6.2014,6.2014,6.2014,6.2014,6.2014,6.2014,6.2014,6.2014,6.2014,6.2014,6.2014,6.2014,6.2014,6.2014,6.2014,6.2014,6.2014,6.2014,6.2014,6.2014,6.2014,6.2014,6.2014,6.2014,6.2014,6.2014,6.2014,6.2014,6.2014,6.2014,6.2014,6.2014,6.2014,6.2014,6.2014,6.2014,6.2014,6.2014,6.2014,6.2014,6.2014,6.2014,6.2014,6.2014,6.2014,6.2014,6.2014,6.2014,6.2014,6.2014,6.2014,6.2014,6.2014,6.2014,6.2014,6.2014,6.2014,6.2014,6.2014,6.2014,6.2014,6.2014,6.2014,6.2014,6.2014,6.2014,6.2014,6.2014,6.2014,6.2014,6.2014,6.2014,6.2014,6.2014,6.2014,6.2014,6.2014,6.2014,6.2014,6.2014,6.2014,6.2014,6.2014,6.2014,6.2014,6.2014,6.2014,6.2014,6.2014,6.2014,6.2014,6.2014,6.2014,6.2014,6.2014,6.2014,6.2014,6.2014,6.2014,6.2014,6.2014,6.2014,6.2014,6.2014,6.2014,6.2014,6.2014,6.2014,6.2014,6.2014,6.2014,6.2014,6.2014,6.2014,6.2014,6.2014,6.2014,6.2014,6.2014,6.2014,6.2014,6.2014,6.2014,6.2014,6.2014,6.2014,6.2014,6.2014,6.2014,6.2014,6.2014,6.2014,6.2014,6.2014,6.2014,6.2014,6.2014,6.2014,6.2014,6.2014,6.2014,6.2014,6.2014,6.2014,6.2014,6.2014,6.2014,6.2014,6.2014,6.2014,6.2014,6.2014,6.2014,6.2014,6.2014,6.2014,6.2014,6.2014,6.2014,6.2014,6.2014,6.2014,6.2014,6.2014,6.2014,6.2014,6.2014,6.2014,6.2014,6.2014,6.2014,6.2014,6.2014,6.2014,6.2014,6.2014,6.2014,6.2014,6.2014,6.2014,6.2014,6.2014,6.2014,6.2014,6.2014,6.2014,6.2014,6.2014,6.2014,6.2014,6.2014,6.2014,6.2014,6.2014,6.2014,6.2014,6.2014,6.2014,6.2014,6.2014,6.2014,6.2014,6.2014,6.2014,6.2014,6.2014,6.2014,6.2014,6.2014,6.2014,6.2014,6.2014,6.2014
6.1970,6.1970,6.1970,6.1970,6.1970,6.1970,6.1970,6.1970,6.1970,6.1970,6.1970,6.1970,6.1970,6.1970,6.1970,6.1970,6.1970,6.1970,6.1970,6.1970,6.1970,6.1970,6.1970,6.1970,6.1970,6.1970,6.1970,6.1970,6.1970,6.1970,6.1970,6.1970,6.1970,6.1970,6.1970,6.1970,6.1970,6.1970,6.1970,6.1970,6.1970,6.1970,6.1970,6.1970,6.1970,6.1970,6.1970,6.1970,6.1970,6.1970,6.1970,6.1970,6.1970,6.1970,6.1970,6.1970,6.1970,6.1970,6.1970,6.1970,6.1970,6.1970,6.1970,6.1970,6.1970,6.1970,6.1970,6.1970,6.1970,6.1970,6.1970,6.1970,6.1970,6.1970,6.1970,6.1970,6.1970,6.1970,6.1970,6.1970,6.1970,6.1970,6.1970,6.1970,6.1970,6.1970,6.1970,6.1970,6.1970,6.1970,6.1970,6.1970,6.1970,6.1970,6.1970,6.1970,6.1970,6.1970,6.1970,6.1970,6.1970,6.1970,6.1970,6.1970,6.1970,6.1970,6.1970,6.1970,6.1970,6.1970,6.1970,6.1970,6.1970,6.1970,6.1970,6.1970,6.1970,6.1970,6.1970,6.1970,6.1970,6.1970,6.1970,6.1970,6.1970,6.1970,6.1970,6.1970,6.1970,6.1970,6.1970,6.1970,6.1970,6.1970,6.1970,6.1970,6.1970,6.1970,6.1970,6.1970,6.1970,6.1970,6.1970,6.1970,6.1970,6.1970,6.1970,6.1970,6.1970,6.1970,6.1970,6.1970,6.1970,6.1970,6.1970,6.1970,6.1970,6.1970,6.1970,6.1970,6.1970,6.1970,6.1970,6.1970,6.1970,6.1970,6.1970,6.1970,6.1970,6.1970,6.1970,6.1970,6.1970,6.1970,6.1970,6.1970,6.1970,6.1970,6.1970,6.1970,6.1970,6.1970,6.1970,6.1970,6.1970,6.1970,6.1970,6.1970,6.1970,6.1970,6.1970,6.1970,6.1970,6.1970,6.1970,6.1970,6.1970,6.1970,6.1970,6.1970,6.1970,6.1970,6.1970,6.1970,6.1970,6.1970,6.1970,6.1970,6.1970,6.1970,6.1970,6.1970,6.1970,6.1970,6.1970,6.1970,6.1970,6.1970,6.1970,6.1970,6.1970,6.1970,6.1970,6.1970,6.1970,6.1970,6.1970,6.1970,6.1970,6.1970,6.1970,6.1970,6.1970,6.1970,6.1970,6.1970,6.1970,6.1970,6.1970,6.1970,6.1970,6.1970,6.1970,6.1970,6.1970,6.1970,6.1970,6.1970,6.1970,6.1970,6.1970,6.1970,6.1970,6.1970,6.1970,6.1970,6.1970,6.1970,6.1970,6.1970,6.1970,6.1970,6.1970,6.1970,6.1970,6.1970,6.1970,6.1970,6.1970,6.1970,6.1970,6.1970,6.1970,6.1970,6.1970,6.1970,6.1970,6.1970,6.1970,6.1970,6.1970,6.1970,6.1970,6.1970,6.1970,6.1970,6.1970,6.1970,6.1970,6.1970,6.1970,6.1970,6.1970,6.1970,6.1970,6.1970,6.1970,6.1970,6.1970,6.1970,6.1970,6.1970,6.1970,6.1970,6.1970,6.1970,6.1970,6.1970,6.1970,6.1970,6.1970,6.1970,6.1970,6.1970,6.1970,6.1970,6.1970,6.1970,6.1970,6.1970,6.1970,6.1970,6.1970,6.1970,6.1970,6.1970,6.1970,6.1970,6.1970,6.1970,6.1970,6.1970,6.1970,6.1970,6.1970,6.1970,6.1970,6.1970,6.1970,6.1970,6.1970,6.1970,6.1970,6.1970,6.1970,6.1970,6.1970,6.1970,6.1970,6.1970,6.1970,6.1970,6.1970,6.1970,6.1970,6.1970,6.1970,6.1970,6.1970,6.1970,6.1970,6.1970,6.1970,6.1970,6.1970,6.1970,6.1970,6.1970,6.1970,6.1970,6.1970,6.1970,6.1970,6.1970,6.1970,6.1970,6.1970,6.1970,6.1970,6.1970,6.1970,6.1970,6.1970,6.1970,6.1970,6.1970,6.1970,6.1970,6.1970,6.1970,6.1970,6.1970,6.1970,6.1970,6.1970,6.1970,6.1970,6.1970,6.1970,6.1970,6.1970,6.1970,6.1970,6.1970,6.1970,6.1970,6.1970,6.1970,6.1970,6.1970,6.1970,6.1970,6.1970,6.1970,6.1970,6.1970,6.1970,6.1970,6.1970,6.1970,6.1970,6.1970,6.1970,6.1970,6.1970,6.1970,6.1970,6.1970,6.1970,6.1970,6.1970,6.1970,6.1970,6.1970,6.1970,6.1970,6.1970,6.1970,6.1970,6.1970,6.1970,6.1970,6.1970,6.1970,6.1970,6.1970,6.1970,6.1970,6.1970,6.1970,6.1970,6.1970,6.1970,6.1970,6.1970,6.1970,6.1970,6.1970,6.1970,6.1970,6.1970,6.1970,6.1970,6.1970,6.1970,6.1970,6.1970,6.1970,6.1970,6.1970,6.1970,6.1970,6.1970,6.1970,6.1970,6.1970,6.1970,6.1970,6.1970,6.1970,6.1970,6.1970,6.1970,6.1970,6.1970,6.1970,6.1970,6.1970,6.1970,6.1970,6.1970,6.1970,6.1970,6.1970,6.1970,6.1970,6.1970,6.1970,6.1970,6.1970,6.1970,6.1970,6.1970,6.1970,6.1970,6.1970,6.1970,6.1970,6.1970,6.1970,6.1970,6.1970,6.1970,6.1970,6.1970,6.1970,6.1970,6.1970,6.1970,6.1970,6.1970,6.1970,6.1970,6.1970,6.1970,6.1970,6.1970,6.1970,6.1970,6.1970,6.1970,6.1970,6.1970,6.1970,6.1970,6.1970,6.1970,6.1970,6.1970,6.1970,6.1970,6.1970,6.1970,6.1970,6.1970,6.1970,6.1970,6.1970,6.1970,6.1970,6.1970,6.1970,6.1970,6.1970,6.1970,6.1970,6.1970,6.1970,6.1970,6.1970,6.1970,6.1970,6.1970,6.1970,6.1970,6.1970,6.1970,6.1970,6.1970,6.1970,6.1970,6.1970,6.1970,6.1970,6.1970,6.1970,6.1970,6.1970,6.1970,6.1970,6.1970,6.1970,6.1970,6.1970,6.1970,6.1970,6.1970,6.1970,6.1970,6.1970,6.1970,6.1970,6.1970,6.1970,6.1970,6.1970,6.1970,6.1970,6.1970,6.1970,6.1970,6.1970,6.1970,6.1970,6.1970,6.1970,6.1970,6.1970,6.1970,6.1970,6.1970,6.1970,6.1970,6.1970,6.1970,6.1970,6.1970,6.1970,6.1970,6.1970,6.1970,6.1970,6.1970,6.1970,6.1970,6.1970,6.1970,6.1970,6.1970,6.1970,6.1970,6.1970,6.1970,6.1970,6.1970,6.1970,6.1970,6.1970,6.1970,6.1970,6.1970,6.1970,6.1970,6.1970,6.1970,6.1970,6.1970,6.1970,6.1970,6.1970,6.1970,6.1970,6.1970,6.1970,6.1970,6.1970,6.1970,6.1970,6.1970,6.1970,6.1970,6.1970,6.1970,6.1970,6.1970,6.1970,6.1970,6.1970,6.1970,6.1970,6.1970,6.1970,6.1970,6.1970,6.1970,6.1970,6.1970,6.1970,6.1970,6.1970,6.1970,6.1970,6.1970,6.1970,6.1970,6.1970,6.1970,6.1970,6.1970,6.1970,6.1970,6.1970,6.1970,6.1970,6.1970,6.1970,6.1970,6.1970,6.1970,6.1970,6.1970,6.1970,6.1970,6.1970,6.1970,6.1970,6.1970,6.1970,6.1970,6.1970,6.1970,6.1970,6.1970,6.1970,6.1970,6.1970,6.1970,6.1970,6.1970,6.1970,6.1970,6.1970,6.1970,6.1970,6.1970,6.1970,6.1970,6.1970,6.1970,6.1970,6.1970,6.1970,6.1970,6.1970,6.1970,6.1970,6.1970,6.1970,6.1970,6.1970,6.1970,6.1970,6.1970,6.1970,6.1970,6.1970,6.1970,6.1970,6.1970,6.1970,6.1970,6.1970,6.1970,6.1970,6.1970,6.1970,6.1970,6.1970,6.1970,6.1970,6.1970,6.1970,6.1970,6.1970,6.1970,6.1970,6.1970,6.1970,6.1970,6.1970,6.1970,6.1970,6.1970,6.1970,6.1970,6.1970,6.1970,6.1970,6.1970,6.1970,6.1970,6.1970,6.1970,6.1970,6.1970,6.1970,6.1970,6.1970,6.1970,6.1970,6.1970,6.1970,6.1970,6.1970,6.1970,6.1970,6.1970,6.1970,6.1970,6.1970,6.1970,6.1970,6.1970,6.1970,6.1970,6.1970,6.1970,6.1970,6.1970,6.1970,6.1970,6.1970,6.1970,6.1970,6.1970,6.1970,6.1970,6.1970,6.1970,6.1970,6.1970,6.1970,6.1970,6.1970,6.1970,6.1970,6.1970,6.1970,6.1970,6.1970,6.1970,6.1970,6.1970,6.1970,6.1970,6.1970,6.1970,6.1970,6.1970,6.1970,6.1970,6.1970,6.1970,6.1970,6.1970,6.1970,6.1970,6.1970,6.1970,6.1970,6.1970,6.1970,6.1970,6.1970,6.1970,6.1970,6.1970,6.1970,6.1970,6.1970,6.1970,6.1970,6.1970,6.1970,6.1970,6.1970,6.1970,6.1970,6.1970,6.1970,6.1970,6.1970,6.1970,6.1970,6.1970,6.1970,6.1970,6.1970,6.1970,6.1970,6.1970,6.1970,6.1970,6.1970,6.1970,6.1970,6.1970,6.1970,6.1970,6.1970,6.1970,6.1970,6.1970,6.1970,6.1970,6.1970,6.1970,6.1970,6.1970,6.1970,6.1970,6.1970,6.1970,6.1970,6.1970,6.1970,6.1970,6.1970,6.1970,6.1970,6.1970,6.1970,6.1970,6.1970,6.1970,6.1970,6.1970,6.1970,6.1970,6.1970,6.1970,6.1970,6.1970,6.1970,6.1970,6.1970,6.1970,6.1970,6.1970,6.1970,6.1970,6.1970,6.1970,6.1970,6.1970,6.1970,6.1970,6.1970,6.1970,6.1970,6.1970,6.1970,6.1970,6.1970,6.1970,6.1970,6.1970,6.1970,6.1970,6.1970,6.1970,6.1970,6.1970,6.1970,6.1970,6.1970,6.1970,6.1970,6.1970,6.1970
6.1927,6.1927,6.1927,6.1927,6.1927,6.1927,6.1927,6.1927,6.1927,6.1927,6.1927,6.1927,6.1927,6.1927,6.1927,6.1927,6.1927,6.1927,6.1927,6.1927,6.1927,6.1927,6.1927,6.1927,6.1927,6.1927,6.1927,6.1927,6.1927,6.1927,6.1927,6.1927,6.1927,6.1927,6.1927,6.1927,6.1927,6.1927,6.1927,6.1927,6.1927,6.1927,6.1927,6.1927,6.1927,6.1927,6.1927,6.1927,6.1927,6.1927,6.1927,6.1927,6.1927,6.1927,6.1927,6.1927,6.1927,6.1927,6.1927,6.1927,6.1927,6.1927,6.1927,6.1927,6.1927,6.1927,6.1927,6.1927,6.1927,6.1927,6.1927,6.1927,6.1927,6.1927,6.1927,6.1927,6.1927,6.1927,6.1927,6.1927,6.1927,6.1927,6.1927,6.1927,6.1927,6.1927,6.1927,6.1927,6.1927,6.1927,6.1927,6.1927,6.1927,6.1927,6.1927,6.1927,6.1927,6.1927,6.1927,6.1927,6.1927,6.1927,6.1927,6.1927,6.1927,6.1927,6.1927,6.1927,6.1927,6.1927,6.1927,6.1927,6.1927,6.1927,6.1927,6.1927,6.1927,6.1927,6.1927,6.1927,6.1927,6.1927,6.1927,6.1927,6.1927,6.1927,6.1927,6.1927,6.1927,6.1927,6.1927,6.1927,6.1927,6.1927,6.1927,6.1927,6.1927,6.1927,6.1927,6.1927,6.1927,6.1927,6.1927,6.1927,6.1927,6.1927,6.1927,6.1927,6.1927,6.1927,6.1927,6.1927,6.1927,6.1927,6.1927,6.1927,6.1927,6.1927,6.1927,6.1927,6.1927,6.1927,6.1927,6.1927,6.1927,6.1927,6.1927,6.1927,6.1927,6.1927,6.1927,6.1927,6.1927,6.1927,6.1927,6.1927,6.1927,6.1927,6.1927,6.1927,6.1927,6.1927,6.1927,6.1927,6.1927,6.1927,6.1927,6.1927,6.1927,6.1927,6.1927,6.1927,6.1927,6.1927,6.1927,6.1927,6.1927,6.1927,6.1927,6.1927,6.1927,6.1927,6.1927,6.1927,6.1927,6.1927,6.1927,6.1927,6.1927,6.1927,6.1927,6.1927,6.1927,6.1927,6.1927,6.1927,6.1927,6.1927,6.1927,6.1927,6.1927,6.1927,6.1927,6.1927,6.1927,6.1927,6.1927,6.1927,6.1927,6.1927,6.1927,6.1927,6.1927,6.1927,6.1927,6.1927,6.1927,6.1927,6.1927,6.1927,6.1927,6.1927,6.1927,6.1927,6.1927,6.1927,6.1927,6.1927,6.1927,6.1927,6.1927,6.1927,6.1927,6.1927,6.1927,6.1927,6.1927,6.1927,6.1927,6.1927,6.1927,6.1927,6.1927,6.1927,6.1927,6.1927,6.1927,6.1927,6.1927,6.1927,6.1927,6.1927,6.1927,6.1927,6.1927,6.1927,6.1927,6.1927,6.1927,6.1927,6.1927,6.1927,6.1927,6.1927,6.1927,6.1927,6.1927,6.1927,6.1927,6.1927,6.1927,6.1927,6.1927,6.1927,6.1927,6.1927,6.1927,6.1927,6.1927,6.1927,6.1927,6.1927,6.1927,6.1927,6.1927,6.1927,6.1927,6.1927,6.1927,6.1927,6.1927,6.1927,6.1927,6.1927,6.1927,6.1927,6.1927,6.1927,6.1927,6.1927,6.1927,6.1927,6.1927,6.1927,6.1927,6.1927,6.1927,6.1927,6.1927,6.1927,6.1927,6.1927,6.1927,6.1927,6.1927,6.1927,6.1927,6.1927,6.1927,6.1927,6.1927,6.1927,6.1927,6.1927,6.1927,6.1927,6.1927,6.1927,6.1927,6.1927,6.1927,6.1927,6.1927,6.1927,6.1927,6.1927,6.1927,6.1927,6.1927,6.1927,6.1927,6.1927,6.1927,6.1927,6.1927,6.1927,6.1927,6.1927,6.1927,6.1927,6.1927,6.1927,6.1927,6.1927,6.1927,6.1927,6.1927,6.1927,6.1927,6.1927,6.1927,6.1927,6.1927,6.1927,6.1927,6.1927,6.1927,6.1927,6.1927,6.1927,6.1927,6.1927,6.1927,6.1927,6.1927,6.1927,6.1927,6.1927,6.1927,6.1927,6.1927,6.1927,6.1927,6.1927,6.1927,6.1927,6.1927,6.1927,6.1927,6.1927,6.1927,6.1927,6.1927,6.1927,6.1927,6.1927,6.1927,6.1927,6.1927,6.1927,6.1927,6.1927,6.1927,6.1927,6.1927,6.1927,6.1927,6.1927,6.1927,6.1927,6.1927,6.1927,6.1927,6.1927,6.1927,6.1927,6.1927,6.1927,6.1927,6.1927,6.1927,6.1927,6.1927,6.1927,6.1927,6.1927,6.1927,6.1927,6.1927,6.1927,6.1927,6.1927,6.1927,6.1927,6.1927,6.1927,6.1927,6.1927,6.1927,6.1927,6.1927,6.1927,6.1927,6.1927,6.1927,6.1927,6.1927,6.1927,6.1927,6.1927,6.1927,6.1927,6.1927,6.1927,6.1927,6.1927,6.1927,6.1927,6.1927,6.1927,6.1927,6.1927,6.1927,6.1927,6.1927,6.1927,6.1927,6.1927,6.1927,6.1927,6.1927,6.1927,6.1927,6.1927,6.1927,6.1927,6.1927,6.1927,6.1927,6.1927,6.1927,6.1927,6.1927,6.1927,6.1927,6.1927,6.1927,6.1927,6.1927,6.1927,6.1927,6.1927,6.1927,6.1927,6.1927,6.1927,6.1927,6.1927,6.1927,6.1927,6.1927,6.1927,6.1927,6.1927,6.1927,6.1927,6.1927,6.1927,6.1927,6.1927,6.1927,6.1927,6.1927,6.1927,6.1927,6.1927,6.1927,6.1927,6.1927,6.1927,6.1927,6.1927,6.1927,6.1927,6.1927,6.1927,6.1927,6.1927,6.1927,6.1927,6.1927,6.1927,6.1927,6.1927,6.1927,6.1927,6.1927,6.1927,6.1927,6.1927,6.1927,6.1927,6.1927,6.1927,6.1927,6.1927,6.1927,6.1927,6.1927,6.1927,6.1927,6.1927,6.1927,6.1927,6.1927,6.1927,6.1927,6.1927,6.1927,6.1927,6.1927,6.1927,6.1927,6.1927,6.1927,6.1927,6.1927,6.1927,6.1927,6.1927,6.1927,6.1927,6.1927,6.1927,6.1927,6.1927,6.1927,6.1927,6.1927,6.1927,6.1927,6.1927,6.1927,6.1927,6.1927,6.1927,6.1927,6.1927,6.1927,6.1927,6.1927,6.1927,6.1927,6.1927,6.1927,6.1927,6.1927,6.1927,6.1927,6.1927,6.1927,6.1927,6.1927,6.1927,6.1927,6.1927,6.1927,6.1927,6.1927,6.1927,6.1927,6.1927,6.1927,6.1927,6.1927,6.1927,6.1927,6.1927,6.1927,6.1927,6.1927,6.1927,6.1927,6.1927,6.1927,6.1927,6.1927,6.1927,6.1927,6.1927,6.1927,6.1927,6.1927,6.1927,6.1927,6.1927,6.1927,6.1927,6.1927,6.1927,6.1927,6.1927,6.1927,6.1927,6.1927,6.1927,6.1927,6.1927,6.1927,6.1927,6.1927,6.1927,6.1927,6.1927,6.1927,6.1927,6.1927,6.1927,6.1927,6.1927,6.1927,6.1927,6.1927,6.1927,6.1927,6.1927,6.1927,6.1927,6.1927,6.1927,6.1927,6.1927,6.1927,6.1927,6.1927,6.1927,6.1927,6.1927,6.1927,6.1927,6.1927,6.1927,6.1927,6.1927,6.1927,6.1927,6.1927,6.1927,6.1927,6.1927,6.1927,6.1927,6.1927,6.1927,6.1927,6.1927,6.1927,6.1927,6.1927,6.1927,6.1927,6.1927,6.1927,6.1927,6.1927,6.1927,6.1927,6.1927,6.1927,6.1927,6.1927,6.1927,6.1927,6.1927,6.1927,6.1927,6.1927,6.1927,6.1927,6.1927,6.1927,6.1927,6.1927,6.1927,6.1927,6.1927,6.1927,6.1927,6.1927,6.1927,6.1927,6.1927,6.1927,6.1927,6.1927,6.1927,6.1927,6.1927,6.1927,6.1927,6.1927,6.1927,6.1927,6.1927,6.1927,6.1927,6.1927,6.1927,6.1927,6.1927,6.1927,6.1927,6.1927,6.1927,6.1927,6.1927,6.1927,6.1927,6.1927,6.1927,6.1927,6.1927,6.1927,6.1927,6.1927,6.1927,6.1927,6.1927,6.1927,6.1927,6.1927,6.1927,6.1927,6.1927,6.1927,6.1927,6.1927,6.1927,6.1927,6.1927,6.1927,6.1927,6.1927,6.1927,6.1927,6.1927,6.1927,6.1927,6.1927,6.1927,6.1927,6.1927,6.1927,6.1927,6.1927,6.1927,6.1927,6.1927,6.1927,6.1927,6.1927,6.1927,6.1927,6.1927,6.1927,6.1927,6.1927,6.1927,6.1927,6.1927,6.1927,6.1927,6.1927,6.1927,6.1927,6.1927,6.1927,6.1927,6.1927,6.1927,6.1927,6.1927,6.1927,6.1927,6.1927,6.1927,6.1927,6.1927,6.1927,6.1927,6.1927,6.1927,6.1927,6.1927,6.1927,6.1927,6.1927,6.1927,6.1927,6.1927,6.1927,6.1927,6.1927,6.1927,6.1927,6.1927,6.1927,6.1927,6.1927,6.1927,6.1927,6.1927,6.1927,6.1927,6.1927,6.1927,6.1927,6.1927,6.1927,6.1927,6.1927,6.1927,6.1927,6.1927,6.1927,6.1927,6.1927,6.1927,6.1927,6.1927,6.1927,6.1927,6.1927,6.1927,6.1927,6.1927,6.1927,6.1927,6.1927,6.1927,6.1927,6.1927,6.1927,6.1927,6.1927,6.1927,6.1927,6.1927,6.1927,6.1927,6.1927,6.1927,6.1927,6.1927,6.1927,6.1927,6.1927,6.1927,6.1927,6.1927,6.1927,6.1927,6.1927,6.1927,6.1927,6.1927,6.1927,6.1927,6.1927,6.1927,6.1927,6.1927,6.1927,6.1927,6.1927,6.1927,6.1927,6.1927,6.1927,6.1927,6.1927,6.1927,6.1927,6.1927,6.1927,6.1927,6.1927,6.1927,6.1927,6.1927,6.1927,6.1927,6.1927,6.1927,6.1927,6.1927,6.1927,6.1927,6.1927,6.1927
6.1886,6.1886,6.1886,6.1886,6.1886,6.1886,6.1886,6.1886,6.1886,6.1886,6.1886,6.1886,6.1886,6.1886,6.1886,6.1886,6.1886,6.1886,6.1886,6.1886,6.1886,6.1886,6.1886,6.1886,6.1886,6.1886,6.1886,6.1886,6.1886,6.1886,6.1886,6.1886,6.1886,6.1886,6.1886,6.1886,6.1886,6.1886,6.1886,6.1886,6.1886,6.1886,6.1886,6.1886,6.1886,6.1886,6.1886,6.1886,6.1886,6.1886,6.1886,6.1886,6.1886,6.1886,6.1886,6.1886,6.1886,6.1886,6.1886,6.1886,6.1886,6.1886,6.1886,6.1886,6.1886,6.1886,6.1886,6.1886,6.1886,6.1886,6.1886,6.1886,6.1886,6.1886,6.1886,6.1886,6.1886,6.1886,6.1886,6.1886,6.1886,6.1886,6.1886,6.1886,6.1886,6.1886,6.1886,6.1886,6.1886,6.1886,6.1886,6.1886,6.1886,6.1886,6.1886,6.1886,6.1886,6.1886,6.1886,6.1886,6.1886,6.1886,6.1886,6.1886,6.1886,6.1886,6.1886,6.1886,6.1886,6.1886,6.1886,6.1886,6.1886,6.1886,6.1886,6.1886,6.1886,6.1886,6.1886,6.1886,6.1886,6.1886,6.1886,6.1886,6.1886,6.1886,6.1886,6.1886,6.1886,6.1886,6.1886,6.1886,6.1886,6.1886,6.1886,6.1886,6.1886,6.1886,6.1886,6.1886,6.1886,6.1886,6.1886,6.1886,6.1886,6.1886,6.1886,6.1886,6.1886,6.1886,6.1886,6.1886,6.1886,6.1886,6.1886,6.1886,6.1886,6.1886,6.1886,6.1886,6.1886,6.1886,6.1886,6.1886,6.1886,6.1886,6.1886,6.1886,6.1886,6.1886,6.1886,6.1886,6.1886,6.1886,6.1886,6.1886,6.1886,6.1886,6.1886,6.1886,6.1886,6.1886,6.1886,6.1886,6.1886,6.1886,6.1886,6.1886,6.1886,6.1886,6.1886,6.1886,6.1886,6.1886,6.1886,6.1886,6.1886,6.1886,6.1886,6.1886,6.1886,6.1886,6.1886,6.1886,6.1886,6.1886,6.1886,6.1886,6.1886,6.1886,6.1886,6.1886,6.1886,6.1886,6.1886,6.1886,6.1886,6.1886,6.1886,6.1886,6.1886,6.1886,6.1886,6.1886,6.1886,6.1886,6.1886,6.1886,6.1886,6.1886,6.1886,6.1886,6.1886,6.1886,6.1886,6.1886,6.1886,6.1886,6.1886,6.1886,6.1886,6.1886,6.1886,6.1886,6.1886,6.1886,6.1886,6.1886,6.1886,6.1886,6.1886,6.1886,6.1886,6.1886,6.1886,6.1886,6.1886,6.1886,6.1886,6.1886,6.1886,6.1886,6.1886,6.1886,6.1886,6.1886,6.1886,6.1886,6.1886,6.1886,6.1886,6.1886,6.1886,6.1886,6.1886,6.1886,6.1886,6.1886,6.1886,6.1886,6.1886,6.1886,6.1886,6.1886,6.1886,6.1886,6.1886,6.1886,6.1886,6.1886,6.1886,6.1886,6.1886,6.1886,6.1886,6.1886,6.1886,6.1886,6.1886,6.1886,6.1886,6.1886,6.1886,6.1886,6.1886,6.1886,6.1886,6.1886,6.1886,6.1886,6.1886,6.1886,6.1886,6.1886,6.1886,6.1886,6.1886,6.1886,6.1886,6.1886,6.1886,6.1886,6.1886,6.1886,6.1886,6.1886,6.1886,6.1886,6.1886,6.1886,6.1886,6.1886,6.1886,6.1886,6.1886,6.1886,6.1886,6.1886,6.1886,6.1886,6.1886,6.1886,6.1886,6.1886,6.1886,6.1886,6.1886,6.1886,6.1886,6.1886,6.1886,6.1886,6.1886,6.1886,6.1886,6.1886,6.1886,6.1886,6.1886,6.1886,6.1886,6.1886,6.1886,6.1886,6.1886,6.1886,6.1886,6.1886,6.1886,6.1886,6.1886,6.1886,6.1886,6.1886,6.1886,6.1886,6.1886,6.1886,6.1886,6.1886,6.1886,6.1886,6.1886,6.1886,6.1886,6.1886,6.1886,6.1886,6.1886,6.1886,6.1886,6.1886,6.1886,6.1886,6.1886,6.1886,6.1886,6.1886,6.1886,6.1886,6.1886,6.1886,6.1886,6.1886,6.1886,6.1886,6.1886,6.1886,6.1886,6.1886,6.1886,6.1886,6.1886,6.1886,6.1886,6.1886,6.1886,6.1886,6.1886,6.1886,6.1886,6.1886,6.1886,6.1886,6.1886,6.1886,6.1886,6.1886,6.1886,6.1886,6.1886,6.1886,6.1886,6.1886,6.1886,6.1886,6.1886,6.1886,6.1886,6.1886,6.1886,6.1886,6.1886,6.1886,6.1886,6.1886,6.1886,6.1886,6.1886,6.1886,6.1886,6.1886,6.1886,6.1886,6.1886,6.1886,6.1886,6.1886,6.1886,6.1886,6.1886,6.1886,6.1886,6.1886,6.1886,6.1886,6.1886,6.1886,6.1886,6.1886,6.1886,6.1886,6.1886,6.1886,6.1886,6.1886,6.1886,6.1886,6.1886,6.1886,6.1886,6.1886,6.1886,6.1886,6.1886,6.1886,6.1886,6.1886,6.1886,6.1886,6.1886,6.1886,6.1886,6.1886,6.1886,6.1886,6.1886,6.1886,6.1886,6.1886,6.1886,6.1886,6.1886,6.1886,6.1886,6.1886,6.1886,6.1886,6.1886,6.1886,6.1886,6.1886,6.1886,6.1886,6.1886,6.1886,6.1886,6.1886,6.1886,6.1886,6.1886,6.1886,6.1886,6.1886,6.1886,6.1886,6.1886,6.1886,6.1886,6.1886,6.1886,6.1886,6.1886,6.1886,6.1886,6.1886,6.1886,6.1886,6.1886,6.1886,6.1886,6.1886,6.1886,6.1886,6.1886,6.1886,6.1886,6.1886,6.1886,6.1886,6.1886,6.1886,6.1886,6.1886,6.1886,6.1886,6.1886,6.1886,6.1886,6.1886,6.1886,6.1886,6.1886,6.1886,6.1886,6.1886,6.1886,6.1886,6.1886,6.1886,6.1886,6.1886,6.1886,6.1886,6.1886,6.1886,6.1886,6.1886,6.1886,6.1886,6.1886,6.1886,6.1886,6.1886,6.1886,6.1886,6.1886,6.1886,6.1886,6.1886,6.1886,6.1886,6.1886,6.1886,6.1886,6.1886,6.1886,6.1886,6.1886,6.1886,6.1886,6.1886,6.1886,6.1886,6.1886,6.1886,6.1886,6.1886,6.1886,6.1886,6.1886,6.1886,6.1886,6.1886,6.1886,6.1886,6.1886,6.1886,6.1886,6.1886,6.1886,6.1886,6.1886,6.1886,6.1886,6.1886,6.1886,6.1886,6.1886,6.1886,6.1886,6.1886,6.1886,6.1886,6.1886,6.1886,6.1886,6.1886,6.1886,6.1886,6.1886,6.1886,6.1886,6.1886,6.1886,6.1886,6.1886,6.1886,6.1886,6.1886,6.1886,6.1886,6.1886,6.1886,6.1886,6.1886,6.1886,6.1886,6.1886,6.1886,6.1886,6.1886,6.1886,6.1886,6.1886,6.1886,6.1886,6.1886,6.1886,6.1886,6.1886,6.1886,6.1886,6.1886,6.1886,6.1886,6.1886,6.1886,6.1886,6.1886,6.1886,6.1886,6.1886,6.1886,6.1886,6.1886,6.1886,6.1886,6.1886,6.1886,6.1886,6.1886,6.1886,6.1886,6.1886,6.1886,6.1886,6.1886,6.1886,6.1886,6.1886,6.1886,6.1886,6.1886,6.1886,6.1886,6.1886,6.1886,6.1886,6.1886,6.1886,6.1886,6.1886,6.1886,6.1886,6.1886,6.1886,6.1886,6.1886,6.1886,6.1886,6.1886,6.1886,6.1886,6.1886,6.1886,6.1886,6.1886,6.1886,6.1886,6.1886,6.1886,6.1886,6.1886,6.1886,6.1886,6.1886,6.1886,6.1886,6.1886,6.1886,6.1886,6.1886,6.1886,6.1886,6.1886,6.1886,6.1886,6.1886,6.1886,6.1886,6.1886,6.1886,6.1886,6.1886,6.1886,6.1886,6.1886,6.1886,6.1886,6.1886,6.1886,6.1886,6.1886,6.1886,6.1886,6.1886,6.1886,6.1886,6.1886,6.1886,6.1886,6.1886,6.1886,6.1886,6.1886,6.1886,6.1886,6.1886,6.1886,6.1886,6.1886,6.1886,6.1886,6.1886,6.1886,6.1886,6.1886,6.1886,6.1886,6.1886,6.1886,6.1886,6.1886,6.1886,6.1886,6.1886,6.1886,6.1886,6.1886,6.1886,6.1886,6.1886,6.1886,6.1886,6.1886,6.1886,6.1886,6.1886,6.1886,6.1886,6.1886,6.1886,6.1886,6.1886,6.1886,6.1886,6.1886,6.1886,6.1886,6.1886,6.1886,6.1886,6.1886,6.1886,6.1886,6.1886,6.1886,6.1886,6.1886,6.1886,6.1886,6.1886,6.1886,6.1886,6.1886,6.1886,6.1886,6.1886,6.1886,6.1886,6.1886,6.1886,6.1886,6.1886,6.1886,6.1886,6.1886,6.1886,6.1886,6.1886,6.1886,6.1886,6.1886,6.1886,6.1886,6.1886,6.1886,6.1886,6.1886,6.1886,6.1886,6.1886,6.1886,6.1886,6.1886,6.1886,6.1886,6.1886,6.1886,6.1886,6.1886,6.1886,6.1886,6.1886,6.1886,6.1886,6.1886,6.1886,6.1886,6.1886,6.1886,6.1886,6.1886,6.1886,6.1886,6.1886,6.1886,6.1886,6.1886,6.1886,6.1886,6.1886,6.1886,6.1886,6.1886,6.1886,6.1886,6.1886,6.1886,6.1886,6.1886,6.1886,6.1886,6.1886,6.1886,6.1886,6.1886,6.1886,6.1886,6.1886,6.1886,6.1886,6.1886,6.1886,6.1886,6.1886,6.1886,6.1886,6.1886,6.1886,6.1886,6.1886,6.1886,6.1886,6.1886,6.1886,6.1886,6.1886,6.1886,6.1886,6.1886,6.1886,6.1886,6.1886,6.1886,6.1886,6.1886,6.1886,6.1886,6.1886,6.1886,6.1886,6.1886,6.1886,6.1886,6.1886,6.1886,6.1886,6.1886,6.1886,6.1886,6.1886,6.1886,6.1886,6.1886,6.1886,6.1886,6.1886,6.1886
6.1843,6.1843,6.1843,6.1843,6.1843,6.1843,6.1843,6.1843,6.1843,6.1843,6.1843,6.1843,6.1843,6.1843,6.1843,6.1843,6.1843,6.1843,6.1843,6.1843,6.1843,6.1843,6.1843,6.1843,6.1843,6.1843,6.1843,6.1843,6.1843,6.1843,6.1843,6.1843,6.1843,6.1843,6.1843,6.1843,6.1843,6.1843,6.1843,6.1843,6.1843,6.1843,6.1843,6.1843,6.1843,6.1843,6.1843,6.1843,6.1843,6.1843,6.1843,6.1843,6.1843,6.1843,6.1843,6.1843,6.1843,6.1843,6.1843,6.1843,6.1843,6.1843,6.1843,6.1843,6.1843,6.1843,6.1843,6.1843,6.1843,6.1843,6.1843,6.1843,6.1843,6.1843,6.1843,6.1843,6.1843,6.1843,6.1843,6.1843,6.1843,6.1843,6.1843,6.1843,6.1843,6.1843,6.1843,6.1843,6.1843,6.1843,6.1843,6.1843,6.1843,6.1843,6.1843,6.1843,6.1843,6.1843,6.1843,6.1843,6.1843,6.1843,6.1843,6.1843,6.1843,6.1843,6.1843,6.1843,6.1843,6.1843,6.1843,6.1843,6.1843,6.1843,6.1843,6.1843,6.1843,6.1843,6.1843,6.1843,6.1843,6.1843,6.1843,6.1843,6.1843,6.1843,6.1843,6.1843,6.1843,6.1843,6.1843,6.1843,6.1843,6.1843,6.1843,6.1843,6.1843,6.1843,6.1843,6.1843,6.1843,6.1843,6.1843,6.1843,6.1843,6.1843,6.1843,6.1843,6.1843,6.1843,6.1843,6.1843,6.1843,6.1843,6.1843,6.1843,6.1843,6.1843,6.1843,6.1843,6.1843,6.1843,6.1843,6.1843,6.1843,6.1843,6.1843,6.1843,6.1843,6.1843,6.1843,6.1843,6.1843,6.1843,6.1843,6.1843,6.1843,6.1843,6.1843,6.1843,6.1843,6.1843,6.1843,6.1843,6.1843,6.1843,6.1843,6.1843,6.1843,6.1843,6.1843,6.1843,6.1843,6.1843,6.1843,6.1843,6.1843,6.1843,6.1843,6.1843,6.1843,6.1843,6.1843,6.1843,6.1843,6.1843,6.1843,6.1843,6.1843,6.1843,6.1843,6.1843,6.1843,6.1843,6.1843,6.1843,6.1843,6.1843,6.1843,6.1843,6.1843,6.1843,6.1843,6.1843,6.1843,6.1843,6.1843,6.1843,6.1843,6.1843,6.1843,6.1843,6.1843,6.1843,6.1843,6.1843,6.1843,6.1843,6.1843,6.1843,6.1843,6.1843,6.1843,6.1843,6.1843,6.1843,6.1843,6.1843,6.1843,6.1843,6.1843,6.1843,6.1843,6.1843,6.1843,6.1843,6.1843,6.1843,6.1843,6.1843,6.1843,6.1843,6.1843,6.1843,6.1843,6.1843,6.1843,6.1843,6.1843,6.1843,6.1843,6.1843,6.1843,6.1843,6.1843,6.1843,6.1843,6.1843,6.1843,6.1843,6.1843,6.1843,6.1843,6.1843,6.1843,6.1843,6.1843,6.1843,6.1843,6.1843,6.1843,6.1843,6.1843,6.1843,6.1843,6.1843,6.1843,6.1843,6.1843,6.1843,6.1843,6.1843,6.1843,6.1843,6.1843,6.1843,6.1843,6.1843,6.1843,6.1843,6.1843,6.1843,6.1843,6.1843,6.1843,6.1843,6.1843,6.1843,6.1843,6.1843,6.1843,6.1843,6.1843,6.1843,6.1843,6.1843,6.1843,6.1843,6.1843,6.1843,6.1843,6.1843,6.1843,6.1843,6.1843,6.1843,6.1843,6.1843,6.1843,6.1843,6.1843,6.1843,6.1843,6.1843,6.1843,6.1843,6.1843,6.1843,6.1843,6.1843,6.1843,6.1843,6.1843,6.1843,6.1843,6.1843,6.1843,6.1843,6.1843,6.1843,6.1843,6.1843,6.1843,6.1843,6.1843,6.1843,6.1843,6.1843,6.1843,6.1843,6.1843,6.1843,6.1843,6.1843,6.1843,6.1843,6.1843,6.1843,6.1843,6.1843,6.1843,6.1843,6.1843,6.1843,6.1843,6.1843,6.1843,6.1843,6.1843,6.1843,6.1843,6.1843,6.1843,6.1843,6.1843,6.1843,6.1843,6.1843,6.1843,6.1843,6.1843,6.1843,6.1843,6.1843,6.1843,6.1843,6.1843,6.1843,6.1843,6.1843,6.1843,6.1843,6.1843,6.1843,6.1843,6.1843,6.1843,6.1843,6.1843,6.1843,6.1843,6.1843,6.1843,6.1843,6.1843,6.1843,6.1843,6.1843,6.1843,6.1843,6.1843,6.1843,6.1843,6.1843,6.1843,6.1843,6.1843,6.1843,6.1843,6.1843,6.1843,6.1843,6.1843,6.1843,6.1843,6.1843,6.1843,6.1843,6.1843,6.1843,6.1843,6.1843,6.1843,6.1843,6.1843,6.1843,6.1843,6.1843,6.1843,6.1843,6.1843,6.1843,6.1843,6.1843,6.1843,6.1843,6.1843,6.1843,6.1843,6.1843,6.1843,6.1843,6.1843,6.1843,6.1843,6.1843,6.1843,6.1843,6.1843,6.1843,6.1843,6.1843,6.1843,6.1843,6.1843,6.1843,6.1843,6.1843,6.1843,6.1843,6.1843,6.1843,6.1843,6.1843,6.1843,6.1843,6.1843,6.1843,6.1843,6.1843,6.1843,6.1843,6.1843,6.1843,6.1843,6.1843,6.1843,6.1843,6.1843,6.1843,6.1843,6.1843,6.1843,6.1843,6.1843,6.1843,6.1843,6.1843,6.1843,6.1843,6.1843,6.1843,6.1843,6.1843,6.1843,6.1843,6.1843,6.1843,6.1843,6.1843,6.1843,6.1843,6.1843,6.1843,6.1843,6.1843,6.1843,6.1843,6.1843,6.1843,6.1843,6.1843,6.1843,6.1843,6.1843,6.1843,6.1843,6.1843,6.1843,6.1843,6.1843,6.1843,6.1843,6.1843,6.1843,6.1843,6.1843,6.1843,6.1843,6.1843,6.1843,6.1843,6.1843,6.1843,6.1843,6.1843,6.1843,6.1843,6.1843,6.1843,6.1843,6.1843,6.1843,6.1843,6.1843,6.1843,6.1843,6.1843,6.1843,6.1843,6.1843,6.1843,6.1843,6.1843,6.1843,6.1843,6.1843,6.1843,6.1843,6.1843,6.1843,6.1843,6.1843,6.1843,6.1843,6.1843,6.1843,6.1843,6.1843,6.1843,6.1843,6.1843,6.1843,6.1843,6.1843,6.1843,6.1843,6.1843,6.1843,6.1843,6.1843,6.1843,6.1843,6.1843,6.1843,6.1843,6.1843,6.1843,6.1843,6.1843,6.1843,6.1843,6.1843,6.1843,6.1843,6.1843,6.1843,6.1843,6.1843,6.1843,6.1843,6.1843,6.1843,6.1843,6.1843,6.1843,6.1843,6.1843,6.1843,6.1843,6.1843,6.1843,6.1843,6.1843,6.1843,6.1843,6.1843,6.1843,6.1843,6.1843,6.1843,6.1843,6.1843,6.1843,6.1843,6.1843,6.1843,6.1843,6.1843,6.1843,6.1843,6.1843,6.1843,6.1843,6.1843,6.1843,6.1843,6.1843,6.1843,6.1843,6.1843,6.1843,6.1843,6.1843,6.1843,6.1843,6.1843,6.1843,6.1843,6.1843,6.1843,6.1843,6.1843,6.1843,6.1843,6.1843,6.1843,6.1843,6.1843,6.1843,6.1843,6.1843,6.1843,6.1843,6.1843,6.1843,6.1843,6.1843,6.1843,6.1843,6.1843,6.1843,6.1843,6.1843,6.1843,6.1843,6.1843,6.1843,6.1843,6.1843,6.1843,6.1843,6.1843,6.1843,6.1843,6.1843,6.1843,6.1843,6.1843,6.1843,6.1843,6.1843,6.1843,6.1843,6.1843,6.1843,6.1843,6.1843,6.1843,6.1843,6.1843,6.1843,6.1843,6.1843,6.1843,6.1843,6.1843,6.1843,6.1843,6.1843,6.1843,6.1843,6.1843,6.1843,6.1843,6.1843,6.1843,6.1843,6.1843,6.1843,6.1843,6.1843,6.1843,6.1843,6.1843,6.1843,6.1843,6.1843,6.1843,6.1843,6.1843,6.1843,6.1843,6.1843,6.1843,6.1843,6.1843,6.1843,6.1843,6.1843,6.1843,6.1843,6.1843,6.1843,6.1843,6.1843,6.1843,6.1843,6.1843,6.1843,6.1843,6.1843,6.1843,6.1843,6.1843,6.1843,6.1843,6.1843,6.1843,6.1843,6.1843,6.1843,6.1843,6.1843,6.1843,6.1843,6.1843,6.1843,6.1843,6.1843,6.1843,6.1843,6.1843,6.1843,6.1843,6.1843,6.1843,6.1843,6.1843,6.1843,6.1843,6.1843,6.1843,6.1843,6.1843,6.1843,6.1843,6.1843,6.1843,6.1843,6.1843,6.1843,6.1843,6.1843,6.1843,6.1843,6.1843,6.1843,6.1843,6.1843,6.1843,6.1843,6.1843,6.1843,6.1843,6.1843,6.1843,6.1843,6.1843,6.1843,6.1843,6.1843,6.1843,6.1843,6.1843,6.1843,6.1843,6.1843,6.1843,6.1843,6.1843,6.1843,6.1843,6.1843,6.1843,6.1843,6.1843,6.1843,6.1843,6.1843,6.1843,6.1843,6.1843,6.1843,6.1843,6.1843,6.1843,6.1843,6.1843,6.1843,6.1843,6.1843,6.1843,6.1843,6.1843,6.1843,6.1843,6.1843,6.1843,6.1843,6.1843,6.1843,6.1843,6.1843,6.1843,6.1843,6.1843,6.1843,6.1843,6.1843,6.1843,6.1843,6.1843,6.1843,6.1843,6.1843,6.1843,6.1843,6.1843,6.1843,6.1843,6.1843,6.1843,6.1843,6.1843,6.1843,6.1843,6.1843,6.1843,6.1843,6.1843,6.1843,6.1843,6.1843,6.1843,6.1843,6.1843,6.1843,6.1843,6.1843,6.1843,6.1843,6.1843,6.1843,6.1843,6.1843,6.1843,6.1843,6.1843,6.1843,6.1843,6.1843,6.1843,6.1843,6.1843,6.1843,6.1843,6.1843,6.1843,6.1843,6.1843,6.1843,6.1843,6.1843,6.1843,6.1843,6.1843,6.1843,6.1843,6.1843,6.1843,6.1843,6.1843,6.1843,6.1843,6.1843,6.1843,6.1843,6.1843,6.1843
6.1799,6.1799,6.1799,6.1799,6.1799,6.1799,6.1799,6.1799,6.1799,6.1799,6.1799,6.1799,6.1799,6.1799,6.1799,6.1799,6.1799,6.1799,6.1799,6.1799,6.1799,6.1799,6.1799,6.1799,6.1799,6.1799,6.1799,6.1799,6.1799,6.1799,6.1799,6.1799,6.1799,6.1799,6.1799,6.1799,6.1799,6.1799,6.1799,6.1799,6.1799,6.1799,6.1799,6.1799,6.1799,6.1799,6.1799,6.1799,6.1799,6.1799,6.1799,6.1799,6.1799,6.1799,6.1799,6.1799,6.1799,6.1799,6.1799,6.1799,6.1799,6.1799,6.1799,6.1799,6.1799,6.1799,6.1799,6.1799,6.1799,6.1799,6.1799,6.1799,6.1799,6.1799,6.1799,6.1799,6.1799,6.1799,6.1799,6.1799,6.1799,6.1799,6.1799,6.1799,6.1799,6.1799,6.1799,6.1799,6.1799,6.1799,6.1799,6.1799,6.1799,6.1799,6.1799,6.1799,6.1799,6.1799,6.1799,6.1799,6.1799,6.1799,6.1799,6.1799,6.1799,6.1799,6.1799,6.1799,6.1799,6.1799,6.1799,6.1799,6.1799,6.1799,6.1799,6.1799,6.1799,6.1799,6.1799,6.1799,6.1799,6.1799,6.1799,6.1799,6.1799,6.1799,6.1799,6.1799,6.1799,6.1799,6.1799,6.1799,6.1799,6.1799,6.1799,6.1799,6.1799,6.1799,6.1799,6.1799,6.1799,6.1799,6.1799,6.1799,6.1799,6.1799,6.1799,6.1799,6.1799,6.1799,6.1799,6.1799,6.1799,6.1799,6.1799,6.1799,6.1799,6.1799,6.1799,6.1799,6.1799,6.1799,6.1799,6.1799,6.1799,6.1799,6.1799,6.1799,6.1799,6.1799,6.1799,6.1799,6.1799,6.1799,6.1799,6.1799,6.1799,6.1799,6.1799,6.1799,6.1799,6.1799,6.1799,6.1799,6.1799,6.1799,6.1799,6.1799,6.1799,6.1799,6.1799,6.1799,6.1799,6.1799,6.1799,6.1799,6.1799,6.1799,6.1799,6.1799,6.1799,6.1799,6.1799,6.1799,6.1799,6.1799,6.1799,6.1799,6.1799,6.1799,6.1799,6.1799,6.1799,6.1799,6.1799,6.1799,6.1799,6.1799,6.1799,6.1799,6.1799,6.1799,6.1799,6.1799,6.1799,6.1799,6.1799,6.1799,6.1799,6.1799,6.1799,6.1799,6.1799,6.1799,6.1799,6.1799,6.1799,6.1799,6.1799,6.1799,6.1799,6.1799,6.1799,6.1799,6.1799,6.1799,6.1799,6.1799,6.1799,6.1799,6.1799,6.1799,6.1799,6.1799,6.1799,6.1799,6.1799,6.1799,6.1799,6.1799,6.1799,6.1799,6.1799,6.1799,6.1799,6.1799,6.1799,6.1799,6.1799,6.1799,6.1799,6.1799,6.1799,6.1799,6.1799,6.1799,6.1799,6.1799,6.1799,6.1799,6.1799,6.1799,6.1799,6.1799,6.1799,6.1799,6.1799,6.1799,6.1799,6.1799,6.1799,6.1799,6.1799,6.1799,6.1799,6.1799,6.1799,6.1799,6.1799,6.1799,6.1799,6.1799,6.1799,6.1799,6.1799,6.1799,6.1799,6.1799,6.1799,6.1799,6.1799,6.1799,6.1799,6.1799,6.1799,6.1799,6.1799,6.1799,6.1799,6.1799,6.1799,6.1799,6.1799,6.1799,6.1799,6.1799,6.1799,6.1799,6.1799,6.1799,6.1799,6.1799,6.1799,6.1799,6.1799,6.1799,6.1799,6.1799,6.1799,6.1799,6.1799,6.1799,6.1799,6.1799,6.1799,6.1799,6.1799,6.1799,6.1799,6.1799,6.1799,6.1799,6.1799,6.1799,6.1799,6.1799,6.1799,6.1799,6.1799,6.1799,6.1799,6.1799,6.1799,6.1799,6.1799,6.1799,6.1799,6.1799,6.1799,6.1799,6.1799,6.1799,6.1799,6.1799,6.1799,6.1799,6.1799,6.1799,6.1799,6.1799,6.1799,6.1799,6.1799,6.1799,6.1799,6.1799,6.1799,6.1799,6.1799,6.1799,6.1799,6.1799,6.1799,6.1799,6.1799,6.1799,6.1799,6.1799,6.1799,6.1799,6.1799,6.1799,6.1799,6.1799,6.1799,6.1799,6.1799,6.1799,6.1799,6.1799,6.1799,6.1799,6.1799,6.1799,6.1799,6.1799,6.1799,6.1799,6.1799,6.1799,6.1799,6.1799,6.1799,6.1799,6.1799,6.1799,6.1799,6.1799,6.1799,6.1799,6.1799,6.1799,6.1799,6.1799,6.1799,6.1799,6.1799,6.1799,6.1799,6.1799,6.1799,6.1799,6.1799,6.1799,6.1799,6.1799,6.1799,6.1799,6.1799,6.1799,6.1799,6.1799,6.1799,6.1799,6.1799,6.1799,6.1799,6.1799,6.1799,6.1799,6.1799,6.1799,6.1799,6.1799,6.1799,6.1799,6.1799,6.1799,6.1799,6.1799,6.1799,6.1799,6.1799,6.1799,6.1799,6.1799,6.1799,6.1799,6.1799,6.1799,6.1799,6.1799,6.1799,6.1799,6.1799,6.1799,6.1799,6.1799,6.1799,6.1799,6.1799,6.1799,6.1799,6.1799,6.1799,6.1799,6.1799,6.1799,6.1799,6.1799,6.1799,6.1799,6.1799,6.1799,6.1799,6.1799,6.1799,6.1799,6.1799,6.1799,6.1799,6.1799,6.1799,6.1799,6.1799,6.1799,6.1799,6.1799,6.1799,6.1799,6.1799,6.1799,6.1799,6.1799,6.1799,6.1799,6.1799,6.1799,6.1799,6.1799,6.1799,6.1799,6.1799,6.1799,6.1799,6.1799,6.1799,6.1799,6.1799,6.1799,6.1799,6.1799,6.1799,6.1799,6.1799,6.1799,6.1799,6.1799,6.1799,6.1799,6.1799,6.1799,6.1799,6.1799,6.1799,6.1799,6.1799,6.1799,6.1799,6.1799,6.1799,6.1799,6.1799,6.1799,6.1799,6.1799,6.1799,6.1799,6.1799,6.1799,6.1799,6.1799,6.1799,6.1799,6.1799,6.1799,6.1799,6.1799,6.1799,6.1799,6.1799,6.1799,6.1799,6.1799,6.1799,6.1799,6.1799,6.1799,6.1799,6.1799,6.1799,6.1799,6.1799,6.1799,6.1799,6.1799,6.1799,6.1799,6.1799,6.1799,6.1799,6.1799,6.1799,6.1799,6.1799,6.1799,6.1799,6.1799,6.1799,6.1799,6.1799,6.1799,6.1799,6.1799,6.1799,6.1799,6.1799,6.1799,6.1799,6.1799,6.1799,6.1799,6.1799,6.1799,6.1799,6.1799,6.1799,6.1799,6.1799,6.1799,6.1799,6.1799,6.1799,6.1799,6.1799,6.1799,6.1799,6.1799,6.1799,6.1799,6.1799,6.1799,6.1799,6.1799,6.1799,6.1799,6.1799,6.1799,6.1799,6.1799,6.1799,6.1799,6.1799,6.1799,6.1799,6.1799,6.1799,6.1799,6.1799,6.1799,6.1799,6.1799,6.1799,6.1799,6.1799,6.1799,6.1799,6.1799,6.1799,6.1799,6.1799,6.1799,6.1799,6.1799,6.1799,6.1799,6.1799,6.1799,6.1799,6.1799,6.1799,6.1799,6.1799,6.1799,6.1799,6.1799,6.1799,6.1799,6.1799,6.1799,6.1799,6.1799,6.1799,6.1799,6.1799,6.1799,6.1799,6.1799,6.1799,6.1799,6.1799,6.1799,6.1799,6.1799,6.1799,6.1799,6.1799,6.1799,6.1799,6.1799,6.1799,6.1799,6.1799,6.1799,6.1799,6.1799,6.1799,6.1799,6.1799,6.1799,6.1799,6.1799,6.1799,6.1799,6.1799,6.1799,6.1799,6.1799,6.1799,6.1799,6.1799,6.1799,6.1799,6.1799,6.1799,6.1799,6.1799,6.1799,6.1799,6.1799,6.1799,6.1799,6.1799,6.1799,6.1799,6.1799,6.1799,6.1799,6.1799,6.1799,6.1799,6.1799,6.1799,6.1799,6.1799,6.1799,6.1799,6.1799,6.1799,6.1799,6.1799,6.1799,6.1799,6.1799,6.1799,6.1799,6.1799,6.1799,6.1799,6.1799,6.1799,6.1799,6.1799,6.1799,6.1799,6.1799,6.1799,6.1799,6.1799,6.1799,6.1799,6.1799,6.1799,6.1799,6.1799,6.1799,6.1799,6.1799,6.1799,6.1799,6.1799,6.1799,6.1799,6.1799,6.1799,6.1799,6.1799,6.1799,6.1799,6.1799,6.1799,6.1799,6.1799,6.1799,6.1799,6.1799,6.1799,6.1799,6.1799,6.1799,6.1799,6.1799,6.1799,6.1799,6.1799,6.1799,6.1799,6.1799,6.1799,6.1799,6.1799,6.1799,6.1799,6.1799,6.1799,6.1799,6.1799,6.1799,6.1799,6.1799,6.1799,6.1799,6.1799,6.1799,6.1799,6.1799,6.1799,6.1799,6.1799,6.1799,6.1799,6.1799,6.1799,6.1799,6.1799,6.1799,6.1799,6.1799,6.1799,6.1799,6.1799,6.1799,6.1799,6.1799,6.1799,6.1799,6.1799,6.1799,6.1799,6.1799,6.1799,6.1799,6.1799,6.1799,6.1799,6.1799,6.1799,6.1799,6.1799,6.1799,6.1799,6.1799,6.1799,6.1799,6.1799,6.1799,6.1799,6.1799,6.1799,6.1799,6.1799,6.1799,6.1799,6.1799,6.1799,6.1799,6.1799,6.1799,6.1799,6.1799,6.1799,6.1799,6.1799,6.1799,6.1799,6.1799,6.1799,6.1799,6.1799,6.1799,6.1799,6.1799,6.1799,6.1799,6.1799,6.1799,6.1799,6.1799,6.1799,6.1799,6.1799,6.1799,6.1799,6.1799,6.1799,6.1799,6.1799,6.1799,6.1799,6.1799,6.1799,6.1799,6.1799,6.1799,6.1799,6.1799,6.1799,6.1799,6.1799,6.1799,6.1799,6.1799,6.1799,6.1799,6.1799,6.1799,6.1799,6.1799,6.1799,6.1799,6.1799,6.1799,6.1799,6.1799,6.1799,6.1799,6.1799,6.1799,6.1799,6.1799,6.1799,6.1799,6.1799,6.1799,6.1799,6.1799,6.1799,6.1799,6.1799,6.1799
6.1756,6.1756,6.1756,6.1756,6.1756,6.1756,6.1756,6.1756,6.1756,6.1756,6.1756,6.1756,6.1756,6.1756,6.1756,6.1756,6.1756,6.1756,6.1756,6.1756,6.1756,6.1756,6.1756,6.1756,6.1756,6.1756,6.1756,6.1756,6.1756,6.1756,6.1756,6.1756,6.1756,6.1756,6.1756,6.1756,6.1756,6.1756,6.1756,6.1756,6.1756,6.1756,6.1756,6.1756,6.1756,6.1756,6.1756,6.1756,6.1756,6.1756,6.1756,6.1756,6.1756,6.1756,6.1756,6.1756,6.1756,6.1756,6.1756,6.1756,6.1756,6.1756,6.1756,6.1756,6.1756,6.1756,6.1756,6.1756,6.1756,6.1756,6.1756,6.1756,6.1756,6.1756,6.1756,6.1756,6.1756,6.1756,6.1756,6.1756,6.1756,6.1756,6.1756,6.1756,6.1756,6.1756,6.1756,6.1756,6.1756,6.1756,6.1756,6.1756,6.1756,6.1756,6.1756,6.1756,6.1756,6.1756,6.1756,6.1756,6.1756,6.1756,6.1756,6.1756,6.1756,6.1756,6.1756,6.1756,6.1756,6.1756,6.1756,6.1756,6.1756,6.1756,6.1756,6.1756,6.1756,6.1756,6.1756,6.1756,6.1756,6.1756,6.1756,6.1756,6.1756,6.1756,6.1756,6.1756,6.1756,6.1756,6.1756,6.1756,6.1756,6.1756,6.1756,6.1756,6.1756,6.1756,6.1756,6.1756,6.1756,6.1756,6.1756,6.1756,6.1756,6.1756,6.1756,6.1756,6.1756,6.1756,6.1756,6.1756,6.1756,6.1756,6.1756,6.1756,6.1756,6.1756,6.1756,6.1756,6.1756,6.1756,6.1756,6.1756,6.1756,6.1756,6.1756,6.1756,6.1756,6.1756,6.1756,6.1756,6.1756,6.1756,6.1756,6.1756,6.1756,6.1756,6.1756,6.1756,6.1756,6.1756,6.1756,6.1756,6.1756,6.1756,6.1756,6.1756,6.1756,6.1756,6.1756,6.1756,6.1756,6.1756,6.1756,6.1756,6.1756,6.1756,6.1756,6.1756,6.1756,6.1756,6.1756,6.1756,6.1756,6.1756,6.1756,6.1756,6.1756,6.1756,6.1756,6.1756,6.1756,6.1756,6.1756,6.1756,6.1756,6.1756,6.1756,6.1756,6.1756,6.1756,6.1756,6.1756,6.1756,6.1756,6.1756,6.1756,6.1756,6.1756,6.1756,6.1756,6.1756,6.1756,6.1756,6.1756,6.1756,6.1756,6.1756,6.1756,6.1756,6.1756,6.1756,6.1756,6.1756,6.1756,6.1756,6.1756,6.1756,6.1756,6.1756,6.1756,6.1756,6.1756,6.1756,6.1756,6.1756,6.1756,6.1756,6.1756,6.1756,6.1756,6.1756,6.1756,6.1756,6.1756,6.1756,6.1756,6.1756,6.1756,6.1756,6.1756,6.1756,6.1756,6.1756,6.1756,6.1756,6.1756,6.1756,6.1756,6.1756,6.1756,6.1756,6.1756,6.1756,6.1756,6.1756,6.1756,6.1756,6.1756,6.1756,6.1756,6.1756,6.1756,6.1756,6.1756,6.1756,6.1756,6.1756,6.1756,6.1756,6.1756,6.1756,6.1756,6.1756,6.1756,6.1756,6.1756,6.1756,6.1756,6.1756,6.1756,6.1756,6.1756,6.1756,6.1756,6.1756,6.1756,6.1756,6.1756,6.1756,6.1756,6.1756,6.1756,6.1756,6.1756,6.1756,6.1756,6.1756,6.1756,6.1756,6.1756,6.1756,6.1756,6.1756,6.1756,6.1756,6.1756,6.1756,6.1756,6.1756,6.1756,6.1756,6.1756,6.1756,6.1756,6.1756,6.1756,6.1756,6.1756,6.1756,6.1756,6.1756,6.1756,6.1756,6.1756,6.1756,6.1756,6.1756,6.1756,6.1756,6.1756,6.1756,6.1756,6.1756,6.1756,6.1756,6.1756,6.1756,6.1756,6.1756,6.1756,6.1756,6.1756,6.1756,6.1756,6.1756,6.1756,6.1756,6.1756,6.1756,6.1756,6.1756,6.1756,6.1756,6.1756,6.1756,6.1756,6.1756,6.1756,6.1756,6.1756,6.1756,6.1756,6.1756,6.1756,6.1756,6.1756,6.1756,6.1756,6.1756,6.1756,6.1756,6.1756,6.1756,6.1756,6.1756,6.1756,6.1756,6.1756,6.1756,6.1756,6.1756,6.1756,6.1756,6.1756,6.1756,6.1756,6.1756,6.1756,6.1756,6.1756,6.1756,6.1756,6.1756,6.1756,6.1756,6.1756,6.1756,6.1756,6.1756,6.1756,6.1756,6.1756,6.1756,6.1756,6.1756,6.1756,6.1756,6.1756,6.1756,6.1756,6.1756,6.1756,6.1756,6.1756,6.1756,6.1756,6.1756,6.1756,6.1756,6.1756,6.1756,6.1756,6.1756,6.1756,6.1756,6.1756,6.1756,6.1756,6.1756,6.1756,6.1756,6.1756,6.1756,6.1756,6.1756,6.1756,6.1756,6.1756,6.1756,6.1756,6.1756,6.1756,6.1756,6.1756,6.1756,6.1756,6.1756,6.1756,6.1756,6.1756,6.1756,6.1756,6.1756,6.1756,6.1756,6.1756,6.1756,6.1756,6.1756,6.1756,6.1756,6.1756,6.1756,6.1756,6.1756,6.1756,6.1756,6.1756,6.1756,6.1756,6.1756,6.1756,6.1756,6.1756,6.1756,6.1756,6.1756,6.1756,6.1756,6.1756,6.1756,6.1756,6.1756,6.1756,6.1756,6.1756,6.1756,6.1756,6.1756,6.1756,6.1756,6.1756,6.1756,6.1756,6.1756,6.1756,6.1756,6.1756,6.1756,6.1756,6.1756,6.1756,6.1756,6.1756,6.1756,6.1756,6.1756,6.1756,6.1756,6.1756,6.1756,6.1756,6.1756,6.1756,6.1756,6.1756,6.1756,6.1756,6.1756,6.1756,6.1756,6.1756,6.1756,6.1756,6.1756,6.1756,6.1756,6.1756,6.1756,6.1756,6.1756,6.1756,6.1756,6.1756,6.1756,6.1756,6.1756,6.1756,6.1756,6.1756,6.1756,6.1756,6.1756,6.1756,6.1756,6.1756,6.1756,6.1756,6.1756,6.1756,6.1756,6.1756,6.1756,6.1756,6.1756,6.1756,6.1756,6.1756,6.1756,6.1756,6.1756,6.1756,6.1756,6.1756,6.1756,6.1756,6.1756,6.1756,6.1756,6.1756,6.1756,6.1756,6.1756,6.1756,6.1756,6.1756,6.1756,6.1756,6.1756,6.1756,6.1756,6.1756,6.1756,6.1756,6.1756,6.1756,6.1756,6.1756,6.1756,6.1756,6.1756,6.1756,6.1756,6.1756,6.1756,6.1756,6.1756,6.1756,6.1756,6.1756,6.1756,6.1756,6.1756,6.1756,6.1756,6.1756,6.1756,6.1756,6.1756,6.1756,6.1756,6.1756,6.1756,6.1756,6.1756,6.1756,6.1756,6.1756,6.1756,6.1756,6.1756,6.1756,6.1756,6.1756,6.1756,6.1756,6.1756,6.1756,6.1756,6.1756,6.1756,6.1756,6.1756,6.1756,6.1756,6.1756,6.1756,6.1756,6.1756,6.1756,6.1756,6.1756,6.1756,6.1756,6.1756,6.1756,6.1756,6.1756,6.1756,6.1756,6.1756,6.1756,6.1756,6.1756,6.1756,6.1756,6.1756,6.1756,6.1756,6.1756,6.1756,6.1756,6.1756,6.1756,6.1756,6.1756,6.1756,6.1756,6.1756,6.1756,6.1756,6.1756,6.1756,6.1756,6.1756,6.1756,6.1756,6.1756,6.1756,6.1756,6.1756,6.1756,6.1756,6.1756,6.1756,6.1756,6.1756,6.1756,6.1756,6.1756,6.1756,6.1756,6.1756,6.1756,6.1756,6.1756,6.1756,6.1756,6.1756,6.1756,6.1756,6.1756,6.1756,6.1756,6.1756,6.1756,6.1756,6.1756,6.1756,6.1756,6.1756,6.1756,6.1756,6.1756,6.1756,6.1756,6.1756,6.1756,6.1756,6.1756,6.1756,6.1756,6.1756,6.1756,6.1756,6.1756,6.1756,6.1756,6.1756,6.1756,6.1756,6.1756,6.1756,6.1756,6.1756,6.1756,6.1756,6.1756,6.1756,6.1756,6.1756,6.1756,6.1756,6.1756,6.1756,6.1756,6.1756,6.1756,6.1756,6.1756,6.1756,6.1756,6.1756,6.1756,6.1756,6.1756,6.1756,6.1756,6.1756,6.1756,6.1756,6.1756,6.1756,6.1756,6.1756,6.1756,6.1756,6.1756,6.1756,6.1756,6.1756,6.1756,6.1756,6.1756,6.1756,6.1756,6.1756,6.1756,6.1756,6.1756,6.1756,6.1756,6.1756,6.1756,6.1756,6.1756,6.1756,6.1756,6.1756,6.1756,6.1756,6.1756,6.1756,6.1756,6.1756,6.1756,6.1756,6.1756,6.1756,6.1756,6.1756,6.1756,6.1756,6.1756,6.1756,6.1756,6.1756,6.1756,6.1756,6.1756,6.1756,6.1756,6.1756,6.1756,6.1756,6.1756,6.1756,6.1756,6.1756,6.1756,6.1756,6.1756,6.1756,6.1756,6.1756,6.1756,6.1756,6.1756,6.1756,6.1756,6.1756,6.1756,6.1756,6.1756,6.1756,6.1756,6.1756,6.1756,6.1756,6.1756,6.1756,6.1756,6.1756,6.1756,6.1756,6.1756,6.1756,6.1756,6.1756,6.1756,6.1756,6.1756,6.1756,6.1756,6.1756,6.1756,6.1756,6.1756,6.1756,6.1756,6.1756,6.1756,6.1756,6.1756,6.1756,6.1756,6.1756,6.1756,6.1756,6.1756,6.1756,6.1756,6.1756,6.1756,6.1756,6.1756,6.1756,6.1756,6.1756,6.1756,6.1756,6.1756,6.1756,6.1756,6.1756,6.1756,6.1756,6.1756,6.1756,6.1756,6.1756,6.1756,6.1756,6.1756,6.1756,6.1756,6.1756,6.1756,6.1756,6.1756,6.1756,6.1756,6.1756,6.1756,6.1756,6.1756,6.1756,6.1756,6.1756,6.1756,6.1756,6.1756,6.1756,6.1756,6.1756,6.1756,6.1756,6.1756,6.1756,6.1756,6.1756,6.1756,6.1756,6.1756,6.1756,6.1756,6.1756,6.1756
6.1718,6.1718,6.1718,6.1718,6.1718,6.1718,6.1718,6.1718,6.1718,6.1718,6.1718,6.1718,6.1718,6.1718,6.1718,6.1718,6.1718,6.1718,6.1718,6.1718,6.1718,6.1718,6.1718,6.1718,6.1718,6.1718,6.1718,6.1718,6.1718,6.1718,6.1718,6.1718,6.1718,6.1718,6.1718,6.1718,6.1718,6.1718,6.1718,6.1718,6.1718,6.1718,6.1718,6.1718,6.1718,6.1718,6.1718,6.1718,6.1718,6.1718,6.1718,6.1718,6.1718,6.1718,6.1718,6.1718,6.1718,6.1718,6.1718,6.1718,6.1718,6.1718,6.1718,6.1718,6.1718,6.1718,6.1718,6.1718,6.1718,6.1718,6.1718,6.1718,6.1718,6.1718,6.1718,6.1718,6.1718,6.1718,6.1718,6.1718,6.1718,6.1718,6.1718,6.1718,6.1718,6.1718,6.1718,6.1718,6.1718,6.1718,6.1718,6.1718,6.1718,6.1718,6.1718,6.1718,6.1718,6.1718,6.1718,6.1718,6.1718,6.1718,6.1718,6.1718,6.1718,6.1718,6.1718,6.1718,6.1718,6.1718,6.1718,6.1718,6.1718,6.1718,6.1718,6.1718,6.1718,6.1718,6.1718,6.1718,6.1718,6.1718,6.1718,6.1718,6.1718,6.1718,6.1718,6.1718,6.1718,6.1718,6.1718,6.1718,6.1718,6.1718,6.1718,6.1718,6.1718,6.1718,6.1718,6.1718,6.1718,6.1718,6.1718,6.1718,6.1718,6.1718,6.1718,6.1718,6.1718,6.1718,6.1718,6.1718,6.1718,6.1718,6.1718,6.1718,6.1718,6.1718,6.1718,6.1718,6.1718,6.1718,6.1718,6.1718,6.1718,6.1718,6.1718,6.1718,6.1718,6.1718,6.1718,6.1718,6.1718,6.1718,6.1718,6.1718,6.1718,6.1718,6.1718,6.1718,6.1718,6.1718,6.1718,6.1718,6.1718,6.1718,6.1718,6.1718,6.1718,6.1718,6.1718,6.1718,6.1718,6.1718,6.1718,6.1718,6.1718,6.1718,6.1718,6.1718,6.1718,6.1718,6.1718,6.1718,6.1718,6.1718,6.1718,6.1718,6.1718,6.1718,6.1718,6.1718,6.1718,6.1718,6.1718,6.1718,6.1718,6.1718,6.1718,6.1718,6.1718,6.1718,6.1718,6.1718,6.1718,6.1718,6.1718,6.1718,6.1718,6.1718,6.1718,6.1718,6.1718,6.1718,6.1718,6.1718,6.1718,6.1718,6.1718,6.1718,6.1718,6.1718,6.1718,6.1718,6.1718,6.1718,6.1718,6.1718,6.1718,6.1718,6.1718,6.1718,6.1718,6.1718,6.1718,6.1718,6.1718,6.1718,6.1718,6.1718,6.1718,6.1718,6.1718,6.1718,6.1718,6.1718,6.1718,6.1718,6.1718,6.1718,6.1718,6.1718,6.1718,6.1718,6.1718,6.1718,6.1718,6.1718,6.1718,6.1718,6.1718,6.1718,6.1718,6.1718,6.1718,6.1718,6.1718,6.1718,6.1718,6.1718,6.1718,6.1718,6.1718,6.1718,6.1718,6.1718,6.1718,6.1718,6.1718,6.1718,6.1718,6.1718,6.1718,6.1718,6.1718,6.1718,6.1718,6.1718,6.1718,6.1718,6.1718,6.1718,6.1718,6.1718,6.1718,6.1718,6.1718,6.1718,6.1718,6.1718,6.1718,6.1718,6.1718,6.1718,6.1718,6.1718,6.1718,6.1718,6.1718,6.1718,6.1718,6.1718,6.1718,6.1718,6.1718,6.1718,6.1718,6.1718,6.1718,6.1718,6.1718,6.1718,6.1718,6.1718,6.1718,6.1718,6.1718,6.1718,6.1718,6.1718,6.1718,6.1718,6.1718,6.1718,6.1718,6.1718,6.1718,6.1718,6.1718,6.1718,6.1718,6.1718,6.1718,6.1718,6.1718,6.1718,6.1718,6.1718,6.1718,6.1718,6.1718,6.1718,6.1718,6.1718,6.1718,6.1718,6.1718,6.1718,6.1718,6.1718,6.1718,6.1718,6.1718,6.1718,6.1718,6.1718,6.1718,6.1718,6.1718,6.1718,6.1718,6.1718,6.1718,6.1718,6.1718,6.1718,6.1718,6.1718,6.1718,6.1718,6.1718,6.1718,6.1718,6.1718,6.1718,6.1718,6.1718,6.1718,6.1718,6.1718,6.1718,6.1718,6.1718,6.1718,6.1718,6.1718,6.1718,6.1718,6.1718,6.1718,6.1718,6.1718,6.1718,6.1718,6.1718,6.1718,6.1718,6.1718,6.1718,6.1718,6.1718,6.1718,6.1718,6.1718,6.1718,6.1718,6.1718,6.1718,6.1718,6.1718,6.1718,6.1718,6.1718,6.1718,6.1718,6.1718,6.1718,6.1718,6.1718,6.1718,6.1718,6.1718,6.1718,6.1718,6.1718,6.1718,6.1718,6.1718,6.1718,6.1718,6.1718,6.1718,6.1718,6.1718,6.1718,6.1718,6.1718,6.1718,6.1718,6.1718,6.1718,6.1718,6.1718,6.1718,6.1718,6.1718,6.1718,6.1718,6.1718,6.1718,6.1718,6.1718,6.1718,6.1718,6.1718,6.1718,6.1718,6.1718,6.1718,6.1718,6.1718,6.1718,6.1718,6.1718,6.1718,6.1718,6.1718,6.1718,6.1718,6.1718,6.1718,6.1718,6.1718,6.1718,6.1718,6.1718,6.1718,6.1718,6.1718,6.1718,6.1718,6.1718,6.1718,6.1718,6.1718,6.1718,6.1718,6.1718,6.1718,6.1718,6.1718,6.1718,6.1718,6.1718,6.1718,6.1718,6.1718,6.1718,6.1718,6.1718,6.1718,6.1718,6.1718,6.1718,6.1718,6.1718,6.1718,6.1718,6.1718,6.1718,6.1718,6.1718,6.1718,6.1718,6.1718,6.1718,6.1718,6.1718,6.1718,6.1718,6.1718,6.1718,6.1718,6.1718,6.1718,6.1718,6.1718,6.1718,6.1718,6.1718,6.1718,6.1718,6.1718,6.1718,6.1718,6.1718,6.1718,6.1718,6.1718,6.1718,6.1718,6.1718,6.1718,6.1718,6.1718,6.1718,6.1718,6.1718,6.1718,6.1718,6.1718,6.1718,6.1718,6.1718,6.1718,6.1718,6.1718,6.1718,6.1718,6.1718,6.1718,6.1718,6.1718,6.1718,6.1718,6.1718,6.1718,6.1718,6.1718,6.1718,6.1718,6.1718,6.1718,6.1718,6.1718,6.1718,6.1718,6.1718,6.1718,6.1718,6.1718,6.1718,6.1718,6.1718,6.1718,6.1718,6.1718,6.1718,6.1718,6.1718,6.1718,6.1718,6.1718,6.1718,6.1718,6.1718,6.1718,6.1718,6.1718,6.1718,6.1718,6.1718,6.1718,6.1718,6.1718,6.1718,6.1718,6.1718,6.1718,6.1718,6.1718,6.1718,6.1718,6.1718,6.1718,6.1718,6.1718,6.1718,6.1718,6.1718,6.1718,6.1718,6.1718,6.1718,6.1718,6.1718,6.1718,6.1718,6.1718,6.1718,6.1718,6.1718,6.1718,6.1718,6.1718,6.1718,6.1718,6.1718,6.1718,6.1718,6.1718,6.1718,6.1718,6.1718,6.1718,6.1718,6.1718,6.1718,6.1718,6.1718,6.1718,6.1718,6.1718,6.1718,6.1718,6.1718,6.1718,6.1718,6.1718,6.1718,6.1718,6.1718,6.1718,6.1718,6.1718,6.1718,6.1718,6.1718,6.1718,6.1718,6.1718,6.1718,6.1718,6.1718,6.1718,6.1718,6.1718,6.1718,6.1718,6.1718,6.1718,6.1718,6.1718,6.1718,6.1718,6.1718,6.1718,6.1718,6.1718,6.1718,6.1718,6.1718,6.1718,6.1718,6.1718,6.1718,6.1718,6.1718,6.1718,6.1718,6.1718,6.1718,6.1718,6.1718,6.1718,6.1718,6.1718,6.1718,6.1718,6.1718,6.1718,6.1718,6.1718,6.1718,6.1718,6.1718,6.1718,6.1718,6.1718,6.1718,6.1718,6.1718,6.1718,6.1718,6.1718,6.1718,6.1718,6.1718,6.1718,6.1718,6.1718,6.1718,6.1718,6.1718,6.1718,6.1718,6.1718,6.1718,6.1718,6.1718,6.1718,6.1718,6.1718,6.1718,6.1718,6.1718,6.1718,6.1718,6.1718,6.1718,6.1718,6.1718,6.1718,6.1718,6.1718,6.1718,6.1718,6.1718,6.1718,6.1718,6.1718,6.1718,6.1718,6.1718,6.1718,6.1718,6.1718,6.1718,6.1718,6.1718,6.1718,6.1718,6.1718,6.1718,6.1718,6.1718,6.1718,6.1718,6.1718,6.1718,6.1718,6.1718,6.1718,6.1718,6.1718,6.1718,6.1718,6.1718,6.1718,6.1718,6.1718,6.1718,6.1718,6.1718,6.1718,6.1718,6.1718,6.1718,6.1718,6.1718,6.1718,6.1718,6.1718,6.1718,6.1718,6.1718,6.1718,6.1718,6.1718,6.1718,6.1718,6.1718,6.1718,6.1718,6.1718,6.1718,6.1718,6.1718,6.1718,6.1718,6.1718,6.1718,6.1718,6.1718,6.1718,6.1718,6.1718,6.1718,6.1718,6.1718,6.1718,6.1718,6.1718,6.1718,6.1718,6.1718,6.1718,6.1718,6.1718,6.1718,6.1718,6.1718,6.1718,6.1718,6.1718,6.1718,6.1718,6.1718,6.1718,6.1718,6.1718,6.1718,6.1718,6.1718,6.1718,6.1718,6.1718,6.1718,6.1718,6.1718,6.1718,6.1718,6.1718,6.1718,6.1718,6.1718,6.1718,6.1718,6.1718,6.1718,6.1718,6.1718,6.1718,6.1718,6.1718,6.1718,6.1718,6.1718,6.1718,6.1718,6.1718,6.1718,6.1718,6.1718,6.1718,6.1718,6.1718,6.1718,6.1718,6.1718,6.1718,6.1718,6.1718,6.1718,6.1718,6.1718,6.1718,6.1718,6.1718,6.1718,6.1718,6.1718,6.1718,6.1718,6.1718,6.1718,6.1718,6.1718,6.1718,6.1718,6.1718,6.1718,6.1718,6.1718,6.1718,6.1718,6.1718,6.1718,6.1718,6.1718,6.1718,6.1718,6.1718,6.1718,6.1718,6.1718,6.1718,6.1718,6.1718,6.1718
6.1672,6.1672,6.1672,6.1672,6.1672,6.1672,6.1672,6.1672,6.1672,6.1672,6.1672,6.1672,6.1672,6.1672,6.1672,6.1672,6.1672,6.1672,6.1672,6.1672,6.1672,6.1672,6.1672,6.1672,6.1672,6.1672,6.1672,6.1672,6.1672,6.1672,6.1672,6.1672,6.1672,6.1672,6.1672,6.1672,6.1672,6.1672,6.1672,6.1672,6.1672,6.1672,6.1672,6.1672,6.1672,6.1672,6.1672,6.1672,6.1672,6.1672,6.1672,6.1672,6.1672,6.1672,6.1672,6.1672,6.1672,6.1672,6.1672,6.1672,6.1672,6.1672,6.1672,6.1672,6.1672,6.1672,6.1672,6.1672,6.1672,6.1672,6.1672,6.1672,6.1672,6.1672,6.1672,6.1672,6.1672,6.1672,6.1672,6.1672,6.1672,6.1672,6.1672,6.1672,6.1672,6.1672,6.1672,6.1672,6.1672,6.1672,6.1672,6.1672,6.1672,6.1672,6.1672,6.1672,6.1672,6.1672,6.1672,6.1672,6.1672,6.1672,6.1672,6.1672,6.1672,6.1672,6.1672,6.1672,6.1672,6.1672,6.1672,6.1672,6.1672,6.1672,6.1672,6.1672,6.1672,6.1672,6.1672,6.1672,6.1672,6.1672,6.1672,6.1672,6.1672,6.1672,6.1672,6.1672,6.1672,6.1672,6.1672,6.1672,6.1672,6.1672,6.1672,6.1672,6.1672,6.1672,6.1672,6.1672,6.1672,6.1672,6.1672,6.1672,6.1672,6.1672,6.1672,6.1672,6.1672,6.1672,6.1672,6.1672,6.1672,6.1672,6.1672,6.1672,6.1672,6.1672,6.1672,6.1672,6.1672,6.1672,6.1672,6.1672,6.1672,6.1672,6.1672,6.1672,6.1672,6.1672,6.1672,6.1672,6.1672,6.1672,6.1672,6.1672,6.1672,6.1672,6.1672,6.1672,6.1672,6.1672,6.1672,6.1672,6.1672,6.1672,6.1672,6.1672,6.1672,6.1672,6.1672,6.1672,6.1672,6.1672,6.1672,6.1672,6.1672,6.1672,6.1672,6.1672,6.1672,6.1672,6.1672,6.1672,6.1672,6.1672,6.1672,6.1672,6.1672,6.1672,6.1672,6.1672,6.1672,6.1672,6.1672,6.1672,6.1672,6.1672,6.1672,6.1672,6.1672,6.1672,6.1672,6.1672,6.1672,6.1672,6.1672,6.1672,6.1672,6.1672,6.1672,6.1672,6.1672,6.1672,6.1672,6.1672,6.1672,6.1672,6.1672,6.1672,6.1672,6.1672,6.1672,6.1672,6.1672,6.1672,6.1672,6.1672,6.1672,6.1672,6.1672,6.1672,6.1672,6.1672,6.1672,6.1672,6.1672,6.1672,6.1672,6.1672,6.1672,6.1672,6.1672,6.1672,6.1672,6.1672,6.1672,6.1672,6.1672,6.1672,6.1672,6.1672,6.1672,6.1672,6.1672,6.1672,6.1672,6.1672,6.1672,6.1672,6.1672,6.1672,6.1672,6.1672,6.1672,6.1672,6.1672,6.1672,6.1672,6.1672,6.1672,6.1672,6.1672,6.1672,6.1672,6.1672,6.1672,6.1672,6.1672,6.1672,6.1672,6.1672,6.1672,6.1672,6.1672,6.1672,6.1672,6.1672,6.1672,6.1672,6.1672,6.1672,6.1672,6.1672,6.1672,6.1672,6.1672,6.1672,6.1672,6.1672,6.1672,6.1672,6.1672,6.1672,6.1672,6.1672,6.1672,6.1672,6.1672,6.1672,6.1672,6.1672,6.1672,6.1672,6.1672,6.1672,6.1672,6.1672,6.1672,6.1672,6.1672,6.1672,6.1672,6.1672,6.1672,6.1672,6.1672,6.1672,6.1672,6.1672,6.1672,6.1672,6.1672,6.1672,6.1672,6.1672,6.1672,6.1672,6.1672,6.1672,6.1672,6.1672,6.1672,6.1672,6.1672,6.1672,6.1672,6.1672,6.1672,6.1672,6.1672,6.1672,6.1672,6.1672,6.1672,6.1672,6.1672,6.1672,6.1672,6.1672,6.1672,6.1672,6.1672,6.1672,6.1672,6.1672,6.1672,6.1672,6.1672,6.1672,6.1672,6.1672,6.1672,6.1672,6.1672,6.1672,6.1672,6.1672,6.1672,6.1672,6.1672,6.1672,6.1672,6.1672,6.1672,6.1672,6.1672,6.1672,6.1672,6.1672,6.1672,6.1672,6.1672,6.1672,6.1672,6.1672,6.1672,6.1672,6.1672,6.1672,6.1672,6.1672,6.1672,6.1672,6.1672,6.1672,6.1672,6.1672,6.1672,6.1672,6.1672,6.1672,6.1672,6.1672,6.1672,6.1672,6.1672,6.1672,6.1672,6.1672,6.1672,6.1672,6.1672,6.1672,6.1672,6.1672,6.1672,6.1672,6.1672,6.1672,6.1672,6.1672,6.1672,6.1672,6.1672,6.1672,6.1672,6.1672,6.1672,6.1672,6.1672,6.1672,6.1672,6.1672,6.1672,6.1672,6.1672,6.1672,6.1672,6.1672,6.1672,6.1672,6.1672,6.1672,6.1672,6.1672,6.1672,6.1672,6.1672,6.1672,6.1672,6.1672,6.1672,6.1672,6.1672,6.1672,6.1672,6.1672,6.1672,6.1672,6.1672,6.1672,6.1672,6.1672,6.1672,6.1672,6.1672,6.1672,6.1672,6.1672,6.1672,6.1672,6.1672,6.1672,6.1672,6.1672,6.1672,6.1672,6.1672,6.1672,6.1672,6.1672,6.1672,6.1672,6.1672,6.1672,6.1672,6.1672,6.1672,6.1672,6.1672,6.1672,6.1672,6.1672,6.1672,6.1672,6.1672,6.1672,6.1672,6.1672,6.1672,6.1672,6.1672,6.1672,6.1672,6.1672,6.1672,6.1672,6.1672,6.1672,6.1672,6.1672,6.1672,6.1672,6.1672,6.1672,6.1672,6.1672,6.1672,6.1672,6.1672,6.1672,6.1672,6.1672,6.1672,6.1672,6.1672,6.1672,6.1672,6.1672,6.1672,6.1672,6.1672,6.1672,6.1672,6.1672,6.1672,6.1672,6.1672,6.1672,6.1672,6.1672,6.1672,6.1672,6.1672,6.1672,6.1672,6.1672,6.1672,6.1672,6.1672,6.1672,6.1672,6.1672,6.1672,6.1672,6.1672,6.1672,6.1672,6.1672,6.1672,6.1672,6.1672,6.1672,6.1672,6.1672,6.1672,6.1672,6.1672,6.1672,6.1672,6.1672,6.1672,6.1672,6.1672,6.1672,6.1672,6.1672,6.1672,6.1672,6.1672,6.1672,6.1672,6.1672,6.1672,6.1672,6.1672,6.1672,6.1672,6.1672,6.1672,6.1672,6.1672,6.1672,6.1672,6.1672,6.1672,6.1672,6.1672,6.1672,6.1672,6.1672,6.1672,6.1672,6.1672,6.1672,6.1672,6.1672,6.1672,6.1672,6.1672,6.1672,6.1672,6.1672,6.1672,6.1672,6.1672,6.1672,6.1672,6.1672,6.1672,6.1672,6.1672,6.1672,6.1672,6.1672,6.1672,6.1672,6.1672,6.1672,6.1672,6.1672,6.1672,6.1672,6.1672,6.1672,6.1672,6.1672,6.1672,6.1672,6.1672,6.1672,6.1672,6.1672,6.1672,6.1672,6.1672,6.1672,6.1672,6.1672,6.1672,6.1672,6.1672,6.1672,6.1672,6.1672,6.1672,6.1672,6.1672,6.1672,6.1672,6.1672,6.1672,6.1672,6.1672,6.1672,6.1672,6.1672,6.1672,6.1672,6.1672,6.1672,6.1672,6.1672,6.1672,6.1672,6.1672,6.1672,6.1672,6.1672,6.1672,6.1672,6.1672,6.1672,6.1672,6.1672,6.1672,6.1672,6.1672,6.1672,6.1672,6.1672,6.1672,6.1672,6.1672,6.1672,6.1672,6.1672,6.1672,6.1672,6.1672,6.1672,6.1672,6.1672,6.1672,6.1672,6.1672,6.1672,6.1672,6.1672,6.1672,6.1672,6.1672,6.1672,6.1672,6.1672,6.1672,6.1672,6.1672,6.1672,6.1672,6.1672,6.1672,6.1672,6.1672,6.1672,6.1672,6.1672,6.1672,6.1672,6.1672,6.1672,6.1672,6.1672,6.1672,6.1672,6.1672,6.1672,6.1672,6.1672,6.1672,6.1672,6.1672,6.1672,6.1672,6.1672,6.1672,6.1672,6.1672,6.1672,6.1672,6.1672,6.1672,6.1672,6.1672,6.1672,6.1672,6.1672,6.1672,6.1672,6.1672,6.1672,6.1672,6.1672,6.1672,6.1672,6.1672,6.1672,6.1672,6.1672,6.1672,6.1672,6.1672,6.1672,6.1672,6.1672,6.1672,6.1672,6.1672,6.1672,6.1672,6.1672,6.1672,6.1672,6.1672,6.1672,6.1672,6.1672,6.1672,6.1672,6.1672,6.1672,6.1672,6.1672,6.1672,6.1672,6.1672,6.1672,6.1672,6.1672,6.1672,6.1672,6.1672,6.1672,6.1672,6.1672,6.1672,6.1672,6.1672,6.1672,6.1672,6.1672,6.1672,6.1672,6.1672,6.1672,6.1672,6.1672,6.1672,6.1672,6.1672,6.1672,6.1672,6.1672,6.1672,6.1672,6.1672,6.1672,6.1672,6.1672,6.1672,6.1672,6.1672,6.1672,6.1672,6.1672,6.1672,6.1672,6.1672,6.1672,6.1672,6.1672,6.1672,6.1672,6.1672,6.1672,6.1672,6.1672,6.1672,6.1672,6.1672,6.1672,6.1672,6.1672,6.1672,6.1672,6.1672,6.1672,6.1672,6.1672,6.1672,6.1672,6.1672,6.1672,6.1672,6.1672,6.1672,6.1672,6.1672,6.1672,6.1672,6.1672,6.1672,6.1672,6.1672,6.1672,6.1672,6.1672,6.1672,6.1672,6.1672,6.1672,6.1672,6.1672,6.1672,6.1672,6.1672,6.1672,6.1672,6.1672,6.1672,6.1672,6.1672,6.1672,6.1672,6.1672,6.1672,6.1672,6.1672,6.1672,6.1672,6.1672,6.1672,6.1672,6.1672,6.1672,6.1672,6.1672,6.1672,6.1672,6.1672,6.1672,6.1672,6.1672,6.1672,6.1672,6.1672,6.1672,6.1672,6.1672,6.1672,6.1672,6.1672,6.1672,6.1672,6.1672,6.1672,6.1672,6.1672,6.1672
6.1629,6.1629,6.1629,6.1629,6.1629,6.1629,6.1629,6.1629,6.1629,6.1629,6.1629,6.1629,6.1629,6.1629,6.1629,6.1629,6.1629,6.1629,6.1629,6.1629,6.1629,6.1629,6.1629,6.1629,6.1629,6.1629,6.1629,6.1629,6.1629,6.1629,6.1629,6.1629,6.1629,6.1629,6.1629,6.1629,6.1629,6.1629,6.1629,6.1629,6.1629,6.1629,6.1629,6.1629,6.1629,6.1629,6.1629,6.1629,6.1629,6.1629,6.1629,6.1629,6.1629,6.1629,6.1629,6.1629,6.1629,6.1629,6.1629,6.1629,6.1629,6.1629,6.1629,6.1629,6.1629,6.1629,6.1629,6.1629,6.1629,6.1629,6.1629,6.1629,6.1629,6.1629,6.1629,6.1629,6.1629,6.1629,6.1629,6.1629,6.1629,6.1629,6.1629,6.1629,6.1629,6.1629,6.1629,6.1629,6.1629,6.1629,6.1629,6.1629,6.1629,6.1629,6.1629,6.1629,6.1629,6.1629,6.1629,6.1629,6.1629,6.1629,6.1629,6.1629,6.1629,6.1629,6.1629,6.1629,6.1629,6.1629,6.1629,6.1629,6.1629,6.1629,6.1629,6.1629,6.1629,6.1629,6.1629,6.1629,6.1629,6.1629,6.1629,6.1629,6.1629,6.1629,6.1629,6.1629,6.1629,6.1629,6.1629,6.1629,6.1629,6.1629,6.1629,6.1629,6.1629,6.1629,6.1629,6.1629,6.1629,6.1629,6.1629,6.1629,6.1629,6.1629,6.1629,6.1629,6.1629,6.1629,6.1629,6.1629,6.1629,6.1629,6.1629,6.1629,6.1629,6.1629,6.1629,6.1629,6.1629,6.1629,6.1629,6.1629,6.1629,6.1629,6.1629,6.1629,6.1629,6.1629,6.1629,6.1629,6.1629,6.1629,6.1629,6.1629,6.1629,6.1629,6.1629,6.1629,6.1629,6.1629,6.1629,6.1629,6.1629,6.1629,6.1629,6.1629,6.1629,6.1629,6.1629,6.1629,6.1629,6.1629,6.1629,6.1629,6.1629,6.1629,6.1629,6.1629,6.1629,6.1629,6.1629,6.1629,6.1629,6.1629,6.1629,6.1629,6.1629,6.1629,6.1629,6.1629,6.1629,6.1629,6.1629,6.1629,6.1629,6.1629,6.1629,6.1629,6.1629,6.1629,6.1629,6.1629,6.1629,6.1629,6.1629,6.1629,6.1629,6.1629,6.1629,6.1629,6.1629,6.1629,6.1629,6.1629,6.1629,6.1629,6.1629,6.1629,6.1629,6.1629,6.1629,6.1629,6.1629,6.1629,6.1629,6.1629,6.1629,6.1629,6.1629,6.1629,6.1629,6.1629,6.1629,6.1629,6.1629,6.1629,6.1629,6.1629,6.1629,6.1629,6.1629,6.1629,6.1629,6.1629,6.1629,6.1629,6.1629,6.1629,6.1629,6.1629,6.1629,6.1629,6.1629,6.1629,6.1629,6.1629,6.1629,6.1629,6.1629,6.1629,6.1629,6.1629,6.1629,6.1629,6.1629,6.1629,6.1629,6.1629,6.1629,6.1629,6.1629,6.1629,6.1629,6.1629,6.1629,6.1629,6.1629,6.1629,6.1629,6.1629,6.1629,6.1629,6.1629,6.1629,6.1629,6.1629,6.1629,6.1629,6.1629,6.1629,6.1629,6.1629,6.1629,6.1629,6.1629,6.1629,6.1629,6.1629,6.1629,6.1629,6.1629,6.1629,6.1629,6.1629,6.1629,6.1629,6.1629,6.1629,6.1629,6.1629,6.1629,6.1629,6.1629,6.1629,6.1629,6.1629,6.1629,6.1629,6.1629,6.1629,6.1629,6.1629,6.1629,6.1629,6.1629,6.1629,6.1629,6.1629,6.1629,6.1629,6.1629,6.1629,6.1629,6.1629,6.1629,6.1629,6.1629,6.1629,6.1629,6.1629,6.1629,6.1629,6.1629,6.1629,6.1629,6.1629,6.1629,6.1629,6.1629,6.1629,6.1629,6.1629,6.1629,6.1629,6.1629,6.1629,6.1629,6.1629,6.1629,6.1629,6.1629,6.1629,6.1629,6.1629,6.1629,6.1629,6.1629,6.1629,6.1629,6.1629,6.1629,6.1629,6.1629,6.1629,6.1629,6.1629,6.1629,6.1629,6.1629,6.1629,6.1629,6.1629,6.1629,6.1629,6.1629,6.1629,6.1629,6.1629,6.1629,6.1629,6.1629,6.1629,6.1629,6.1629,6.1629,6.1629,6.1629,6.1629,6.1629,6.1629,6.1629,6.1629,6.1629,6.1629,6.1629,6.1629,6.1629,6.1629,6.1629,6.1629,6.1629,6.1629,6.1629,6.1629,6.1629,6.1629,6.1629,6.1629,6.1629,6.1629,6.1629,6.1629,6.1629,6.1629,6.1629,6.1629,6.1629,6.1629,6.1629,6.1629,6.1629,6.1629,6.1629,6.1629,6.1629,6.1629,6.1629,6.1629,6.1629,6.1629,6.1629,6.1629,6.1629,6.1629,6.1629,6.1629,6.1629,6.1629,6.1629,6.1629,6.1629,6.1629,6.1629,6.1629,6.1629,6.1629,6.1629,6.1629,6.1629,6.1629,6.1629,6.1629,6.1629,6.1629,6.1629,6.1629,6.1629,6.1629,6.1629,6.1629,6.1629,6.1629,6.1629,6.1629,6.1629,6.1629,6.1629,6.1629,6.1629,6.1629,6.1629,6.1629,6.1629,6.1629,6.1629,6.1629,6.1629,6.1629,6.1629,6.1629,6.1629,6.1629,6.1629,6.1629,6.1629,6.1629,6.1629,6.1629,6.1629,6.1629,6.1629,6.1629,6.1629,6.1629,6.1629,6.1629,6.1629,6.1629,6.1629,6.1629,6.1629,6.1629,6.1629,6.1629,6.1629,6.1629,6.1629,6.1629,6.1629,6.1629,6.1629,6.1629,6.1629,6.1629,6.1629,6.1629,6.1629,6.1629,6.1629,6.1629,6.1629,6.1629,6.1629,6.1629,6.1629,6.1629,6.1629,6.1629,6.1629,6.1629,6.1629,6.1629,6.1629,6.1629,6.1629,6.1629,6.1629,6.1629,6.1629,6.1629,6.1629,6.1629,6.1629,6.1629,6.1629,6.1629,6.1629,6.1629,6.1629,6.1629,6.1629,6.1629,6.1629,6.1629,6.1629,6.1629,6.1629,6.1629,6.1629,6.1629,6.1629,6.1629,6.1629,6.1629,6.1629,6.1629,6.1629,6.1629,6.1629,6.1629,6.1629,6.1629,6.1629,6.1629,6.1629,6.1629,6.1629,6.1629,6.1629,6.1629,6.1629,6.1629,6.1629,6.1629,6.1629,6.1629,6.1629,6.1629,6.1629,6.1629,6.1629,6.1629,6.1629,6.1629,6.1629,6.1629,6.1629,6.1629,6.1629,6.1629,6.1629,6.1629,6.1629,6.1629,6.1629,6.1629,6.1629,6.1629,6.1629,6.1629,6.1629,6.1629,6.1629,6.1629,6.1629,6.1629,6.1629,6.1629,6.1629,6.1629,6.1629,6.1629,6.1629,6.1629,6.1629,6.1629,6.1629,6.1629,6.1629,6.1629,6.1629,6.1629,6.1629,6.1629,6.1629,6.1629,6.1629,6.1629,6.1629,6.1629,6.1629,6.1629,6.1629,6.1629,6.1629,6.1629,6.1629,6.1629,6.1629,6.1629,6.1629,6.1629,6.1629,6.1629,6.1629,6.1629,6.1629,6.1629,6.1629,6.1629,6.1629,6.1629,6.1629,6.1629,6.1629,6.1629,6.1629,6.1629,6.1629,6.1629,6.1629,6.1629,6.1629,6.1629,6.1629,6.1629,6.1629,6.1629,6.1629,6.1629,6.1629,6.1629,6.1629,6.1629,6.1629,6.1629,6.1629,6.1629,6.1629,6.1629,6.1629,6.1629,6.1629,6.1629,6.1629,6.1629,6.1629,6.1629,6.1629,6.1629,6.1629,6.1629,6.1629,6.1629,6.1629,6.1629,6.1629,6.1629,6.1629,6.1629,6.1629,6.1629,6.1629,6.1629,6.1629,6.1629,6.1629,6.1629,6.1629,6.1629,6.1629,6.1629,6.1629,6.1629,6.1629,6.1629,6.1629,6.1629,6.1629,6.1629,6.1629,6.1629,6.1629,6.1629,6.1629,6.1629,6.1629,6.1629,6.1629,6.1629,6.1629,6.1629,6.1629,6.1629,6.1629,6.1629,6.1629,6.1629,6.1629,6.1629,6.1629,6.1629,6.1629,6.1629,6.1629,6.1629,6.1629,6.1629,6.1629,6.1629,6.1629,6.1629,6.1629,6.1629,6.1629,6.1629,6.1629,6.1629,6.1629,6.1629,6.1629,6.1629,6.1629,6.1629,6.1629,6.1629,6.1629,6.1629,6.1629,6.1629,6.1629,6.1629,6.1629,6.1629,6.1629,6.1629,6.1629,6.1629,6.1629,6.1629,6.1629,6.1629,6.1629,6.1629,6.1629,6.1629,6.1629,6.1629,6.1629,6.1629,6.1629,6.1629,6.1629,6.1629,6.1629,6.1629,6.1629,6.1629,6.1629,6.1629,6.1629,6.1629,6.1629,6.1629,6.1629,6.1629,6.1629,6.1629,6.1629,6.1629,6.1629,6.1629,6.1629,6.1629,6.1629,6.1629,6.1629,6.1629,6.1629,6.1629,6.1629,6.1629,6.1629,6.1629,6.1629,6.1629,6.1629,6.1629,6.1629,6.1629,6.1629,6.1629,6.1629,6.1629,6.1629,6.1629,6.1629,6.1629,6.1629,6.1629,6.1629,6.1629,6.1629,6.1629,6.1629,6.1629,6.1629,6.1629,6.1629,6.1629,6.1629,6.1629,6.1629,6.1629,6.1629,6.1629,6.1629,6.1629,6.1629,6.1629,6.1629,6.1629,6.1629,6.1629,6.1629,6.1629,6.1629,6.1629,6.1629,6.1629,6.1629,6.1629,6.1629,6.1629,6.1629,6.1629,6.1629,6.1629,6.1629,6.1629,6.1629,6.1629,6.1629,6.1629,6.1629,6.1629,6.1629,6.1629,6.1629,6.1629,6.1629,6.1629,6.1629,6.1629,6.1629,6.1629,6.1629,6.1629,6.1629,6.1629,6.1629,6.1629,6.1629,6.1629,6.1629,6.1629,6.1629,6.1629,6.1629,6.1629,6.1629,6.1629,6.1629,6.1629,6.1629,6.1629,6.1629,6.1629
6.1586,6.1586,6.1586,6.1586,6.1586,6.1586,6.1586,6.1586,6.1586,6.1586,6.1586,6.1586,6.1586,6.1586,6.1586,6.1586,6.1586,6.1586,6.1586,6.1586,6.1586,6.1586,6.1586,6.1586,6.1586,6.1586,6.1586,6.1586,6.1586,6.1586,6.1586,6.1586,6.1586,6.1586,6.1586,6.1586,6.1586,6.1586,6.1586,6.1586,6.1586,6.1586,6.1586,6.1586,6.1586,6.1586,6.1586,6.1586,6.1586,6.1586,6.1586,6.1586,6.1586,6.1586,6.1586,6.1586,6.1586,6.1586,6.1586,6.1586,6.1586,6.1586,6.1586,6.1586,6.1586,6.1586,6.1586,6.1586,6.1586,6.1586,6.1586,6.1586,6.1586,6.1586,6.1586,6.1586,6.1586,6.1586,6.1586,6.1586,6.1586,6.1586,6.1586,6.1586,6.1586,6.1586,6.1586,6.1586,6.1586,6.1586,6.1586,6.1586,6.1586,6.1586,6.1586,6.1586,6.1586,6.1586,6.1586,6.1586,6.1586,6.1586,6.1586,6.1586,6.1586,6.1586,6.1586,6.1586,6.1586,6.1586,6.1586,6.1586,6.1586,6.1586,6.1586,6.1586,6.1586,6.1586,6.1586,6.1586,6.1586,6.1586,6.1586,6.1586,6.1586,6.1586,6.1586,6.1586,6.1586,6.1586,6.1586,6.1586,6.1586,6.1586,6.1586,6.1586,6.1586,6.1586,6.1586,6.1586,6.1586,6.1586,6.1586,6.1586,6.1586,6.1586,6.1586,6.1586,6.1586,6.1586,6.1586,6.1586,6.1586,6.1586,6.1586,6.1586,6.1586,6.1586,6.1586,6.1586,6.1586,6.1586,6.1586,6.1586,6.1586,6.1586,6.1586,6.1586,6.1586,6.1586,6.1586,6.1586,6.1586,6.1586,6.1586,6.1586,6.1586,6.1586,6.1586,6.1586,6.1586,6.1586,6.1586,6.1586,6.1586,6.1586,6.1586,6.1586,6.1586,6.1586,6.1586,6.1586,6.1586,6.1586,6.1586,6.1586,6.1586,6.1586,6.1586,6.1586,6.1586,6.1586,6.1586,6.1586,6.1586,6.1586,6.1586,6.1586,6.1586,6.1586,6.1586,6.1586,6.1586,6.1586,6.1586,6.1586,6.1586,6.1586,6.1586,6.1586,6.1586,6.1586,6.1586,6.1586,6.1586,6.1586,6.1586,6.1586,6.1586,6.1586,6.1586,6.1586,6.1586,6.1586,6.1586,6.1586,6.1586,6.1586,6.1586,6.1586,6.1586,6.1586,6.1586,6.1586,6.1586,6.1586,6.1586,6.1586,6.1586,6.1586,6.1586,6.1586,6.1586,6.1586,6.1586,6.1586,6.1586,6.1586,6.1586,6.1586,6.1586,6.1586,6.1586,6.1586,6.1586,6.1586,6.1586,6.1586,6.1586,6.1586,6.1586,6.1586,6.1586,6.1586,6.1586,6.1586,6.1586,6.1586,6.1586,6.1586,6.1586,6.1586,6.1586,6.1586,6.1586,6.1586,6.1586,6.1586,6.1586,6.1586,6.1586,6.1586,6.1586,6.1586,6.1586,6.1586,6.1586,6.1586,6.1586,6.1586,6.1586,6.1586,6.1586,6.1586,6.1586,6.1586,6.1586,6.1586,6.1586,6.1586,6.1586,6.1586,6.1586,6.1586,6.1586,6.1586,6.1586,6.1586,6.1586,6.1586,6.1586,6.1586,6.1586,6.1586,6.1586,6.1586,6.1586,6.1586,6.1586,6.1586,6.1586,6.1586,6.1586,6.1586,6.1586,6.1586,6.1586,6.1586,6.1586,6.1586,6.1586,6.1586,6.1586,6.1586,6.1586,6.1586,6.1586,6.1586,6.1586,6.1586,6.1586,6.1586,6.1586,6.1586,6.1586,6.1586,6.1586,6.1586,6.1586,6.1586,6.1586,6.1586,6.1586,6.1586,6.1586,6.1586,6.1586,6.1586,6.1586,6.1586,6.1586,6.1586,6.1586,6.1586,6.1586,6.1586,6.1586,6.1586,6.1586,6.1586,6.1586,6.1586,6.1586,6.1586,6.1586,6.1586,6.1586,6.1586,6.1586,6.1586,6.1586,6.1586,6.1586,6.1586,6.1586,6.1586,6.1586,6.1586,6.1586,6.1586,6.1586,6.1586,6.1586,6.1586,6.1586,6.1586,6.1586,6.1586,6.1586,6.1586,6.1586,6.1586,6.1586,6.1586,6.1586,6.1586,6.1586,6.1586,6.1586,6.1586,6.1586,6.1586,6.1586,6.1586,6.1586,6.1586,6.1586,6.1586,6.1586,6.1586,6.1586,6.1586,6.1586,6.1586,6.1586,6.1586,6.1586,6.1586,6.1586,6.1586,6.1586,6.1586,6.1586,6.1586,6.1586,6.1586,6.1586,6.1586,6.1586,6.1586,6.1586,6.1586,6.1586,6.1586,6.1586,6.1586,6.1586,6.1586,6.1586,6.1586,6.1586,6.1586,6.1586,6.1586,6.1586,6.1586,6.1586,6.1586,6.1586,6.1586,6.1586,6.1586,6.1586,6.1586,6.1586,6.1586,6.1586,6.1586,6.1586,6.1586,6.1586,6.1586,6.1586,6.1586,6.1586,6.1586,6.1586,6.1586,6.1586,6.1586,6.1586,6.1586,6.1586,6.1586,6.1586,6.1586,6.1586,6.1586,6.1586,6.1586,6.1586,6.1586,6.1586,6.1586,6.1586,6.1586,6.1586,6.1586,6.1586,6.1586,6.1586,6.1586,6.1586,6.1586,6.1586,6.1586,6.1586,6.1586,6.1586,6.1586,6.1586,6.1586,6.1586,6.1586,6.1586,6.1586,6.1586,6.1586,6.1586,6.1586,6.1586,6.1586,6.1586,6.1586,6.1586,6.1586,6.1586,6.1586,6.1586,6.1586,6.1586,6.1586,6.1586,6.1586,6.1586,6.1586,6.1586,6.1586,6.1586,6.1586,6.1586,6.1586,6.1586,6.1586,6.1586,6.1586,6.1586,6.1586,6.1586,6.1586,6.1586,6.1586,6.1586,6.1586,6.1586,6.1586,6.1586,6.1586,6.1586,6.1586,6.1586,6.1586,6.1586,6.1586,6.1586,6.1586,6.1586,6.1586,6.1586,6.1586,6.1586,6.1586,6.1586,6.1586,6.1586,6.1586,6.1586,6.1586,6.1586,6.1586,6.1586,6.1586,6.1586,6.1586,6.1586,6.1586,6.1586,6.1586,6.1586,6.1586,6.1586,6.1586,6.1586,6.1586,6.1586,6.1586,6.1586,6.1586,6.1586,6.1586,6.1586,6.1586,6.1586,6.1586,6.1586,6.1586,6.1586,6.1586,6.1586,6.1586,6.1586,6.1586,6.1586,6.1586,6.1586,6.1586,6.1586,6.1586,6.1586,6.1586,6.1586,6.1586,6.1586,6.1586,6.1586,6.1586,6.1586,6.1586,6.1586,6.1586,6.1586,6.1586,6.1586,6.1586,6.1586,6.1586,6.1586,6.1586,6.1586,6.1586,6.1586,6.1586,6.1586,6.1586,6.1586,6.1586,6.1586,6.1586,6.1586,6.1586,6.1586,6.1586,6.1586,6.1586,6.1586,6.1586,6.1586,6.1586,6.1586,6.1586,6.1586,6.1586,6.1586,6.1586,6.1586,6.1586,6.1586,6.1586,6.1586,6.1586,6.1586,6.1586,6.1586,6.1586,6.1586,6.1586,6.1586,6.1586,6.1586,6.1586,6.1586,6.1586,6.1586,6.1586,6.1586,6.1586,6.1586,6.1586,6.1586,6.1586,6.1586,6.1586,6.1586,6.1586,6.1586,6.1586,6.1586,6.1586,6.1586,6.1586,6.1586,6.1586,6.1586,6.1586,6.1586,6.1586,6.1586,6.1586,6.1586,6.1586,6.1586,6.1586,6.1586,6.1586,6.1586,6.1586,6.1586,6.1586,6.1586,6.1586,6.1586,6.1586,6.1586,6.1586,6.1586,6.1586,6.1586,6.1586,6.1586,6.1586,6.1586,6.1586,6.1586,6.1586,6.1586,6.1586,6.1586,6.1586,6.1586,6.1586,6.1586,6.1586,6.1586,6.1586,6.1586,6.1586,6.1586,6.1586,6.1586,6.1586,6.1586,6.1586,6.1586,6.1586,6.1586,6.1586,6.1586,6.1586,6.1586,6.1586,6.1586,6.1586,6.1586,6.1586,6.1586,6.1586,6.1586,6.1586,6.1586,6.1586,6.1586,6.1586,6.1586,6.1586,6.1586,6.1586,6.1586,6.1586,6.1586,6.1586,6.1586,6.1586,6.1586,6.1586,6.1586,6.1586,6.1586,6.1586,6.1586,6.1586,6.1586,6.1586,6.1586,6.1586,6.1586,6.1586,6.1586,6.1586,6.1586,6.1586,6.1586,6.1586,6.1586,6.1586,6.1586,6.1586,6.1586,6.1586,6.1586,6.1586,6.1586,6.1586,6.1586,6.1586,6.1586,6.1586,6.1586,6.1586,6.1586,6.1586,6.1586,6.1586,6.1586,6.1586,6.1586,6.1586,6.1586,6.1586,6.1586,6.1586,6.1586,6.1586,6.1586,6.1586,6.1586,6.1586,6.1586,6.1586,6.1586,6.1586,6.1586,6.1586,6.1586,6.1586,6.1586,6.1586,6.1586,6.1586,6.1586,6.1586,6.1586,6.1586,6.1586,6.1586,6.1586,6.1586,6.1586,6.1586,6.1586,6.1586,6.1586,6.1586,6.1586,6.1586,6.1586,6.1586,6.1586,6.1586,6.1586,6.1586,6.1586,6.1586,6.1586,6.1586,6.1586,6.1586,6.1586,6.1586,6.1586,6.1586,6.1586,6.1586,6.1586,6.1586,6.1586,6.1586,6.1586,6.1586,6.1586,6.1586,6.1586,6.1586,6.1586,6.1586,6.1586,6.1586,6.1586,6.1586,6.1586,6.1586,6.1586,6.1586,6.1586,6.1586,6.1586,6.1586,6.1586,6.1586,6.1586,6.1586,6.1586,6.1586,6.1586,6.1586,6.1586,6.1586,6.1586,6.1586,6.1586,6.1586,6.1586,6.1586,6.1586,6.1586,6.1586,6.1586,6.1586,6.1586,6.1586,6.1586,6.1586,6.1586,6.1586,6.1586,6.1586,6.1586,6.1586,6.1586,6.1586,6.1586,6.1586,6.1586,6.1586,6.1586,6.1586,6.1586,6.1586,6.1586,6.1586,6.1586
6.1544,6.1544,6.1544,6.1544,6.1544,6.1544,6.1544,6.1544,6.1544,6.1544,6.1544,6.1544,6.1544,6.1544,6.1544,6.1544,6.1544,6.1544,6.1544,6.1544,6.1544,6.1544,6.1544,6.1544,6.1544,6.1544,6.1544,6.1544,6.1544,6.1544,6.1544,6.1544,6.1544,6.1544,6.1544,6.1544,6.1544,6.1544,6.1544,6.1544,6.1544,6.1544,6.1544,6.1544,6.1544,6.1544,6.1544,6.1544,6.1544,6.1544,6.1544,6.1544,6.1544,6.1544,6.1544,6.1544,6.1544,6.1544,6.1544,6.1544,6.1544,6.1544,6.1544,6.1544,6.1544,6.1544,6.1544,6.1544,6.1544,6.1544,6.1544,6.1544,6.1544,6.1544,6.1544,6.1544,6.1544,6.1544,6.1544,6.1544,6.1544,6.1544,6.1544,6.1544,6.1544,6.1544,6.1544,6.1544,6.1544,6.1544,6.1544,6.1544,6.1544,6.1544,6.1544,6.1544,6.1544,6.1544,6.1544,6.1544,6.1544,6.1544,6.1544,6.1544,6.1544,6.1544,6.1544,6.1544,6.1544,6.1544,6.1544,6.1544,6.1544,6.1544,6.1544,6.1544,6.1544,6.1544,6.1544,6.1544,6.1544,6.1544,6.1544,6.1544,6.1544,6.1544,6.1544,6.1544,6.1544,6.1544,6.1544,6.1544,6.1544,6.1544,6.1544,6.1544,6.1544,6.1544,6.1544,6.1544,6.1544,6.1544,6.1544,6.1544,6.1544,6.1544,6.1544,6.1544,6.1544,6.1544,6.1544,6.1544,6.1544,6.1544,6.1544,6.1544,6.1544,6.1544,6.1544,6.1544,6.1544,6.1544,6.1544,6.1544,6.1544,6.1544,6.1544,6.1544,6.1544,6.1544,6.1544,6.1544,6.1544,6.1544,6.1544,6.1544,6.1544,6.1544,6.1544,6.1544,6.1544,6.1544,6.1544,6.1544,6.1544,6.1544,6.1544,6.1544,6.1544,6.1544,6.1544,6.1544,6.1544,6.1544,6.1544,6.1544,6.1544,6.1544,6.1544,6.1544,6.1544,6.1544,6.1544,6.1544,6.1544,6.1544,6.1544,6.1544,6.1544,6.1544,6.1544,6.1544,6.1544,6.1544,6.1544,6.1544,6.1544,6.1544,6.1544,6.1544,6.1544,6.1544,6.1544,6.1544,6.1544,6.1544,6.1544,6.1544,6.1544,6.1544,6.1544,6.1544,6.1544,6.1544,6.1544,6.1544,6.1544,6.1544,6.1544,6.1544,6.1544,6.1544,6.1544,6.1544,6.1544,6.1544,6.1544,6.1544,6.1544,6.1544,6.1544,6.1544,6.1544,6.1544,6.1544,6.1544,6.1544,6.1544,6.1544,6.1544,6.1544,6.1544,6.1544,6.1544,6.1544,6.1544,6.1544,6.1544,6.1544,6.1544,6.1544,6.1544,6.1544,6.1544,6.1544,6.1544,6.1544,6.1544,6.1544,6.1544,6.1544,6.1544,6.1544,6.1544,6.1544,6.1544,6.1544,6.1544,6.1544,6.1544,6.1544,6.1544,6.1544,6.1544,6.1544,6.1544,6.1544,6.1544,6.1544,6.1544,6.1544,6.1544,6.1544,6.1544,6.1544,6.1544,6.1544,6.1544,6.1544,6.1544,6.1544,6.1544,6.1544,6.1544,6.1544,6.1544,6.1544,6.1544,6.1544,6.1544,6.1544,6.1544,6.1544,6.1544,6.1544,6.1544,6.1544,6.1544,6.1544,6.1544,6.1544,6.1544,6.1544,6.1544,6.1544,6.1544,6.1544,6.1544,6.1544,6.1544,6.1544,6.1544,6.1544,6.1544,6.1544,6.1544,6.1544,6.1544,6.1544,6.1544,6.1544,6.1544,6.1544,6.1544,6.1544,6.1544,6.1544,6.1544,6.1544,6.1544,6.1544,6.1544,6.1544,6.1544,6.1544,6.1544,6.1544,6.1544,6.1544,6.1544,6.1544,6.1544,6.1544,6.1544,6.1544,6.1544,6.1544,6.1544,6.1544,6.1544,6.1544,6.1544,6.1544,6.1544,6.1544,6.1544,6.1544,6.1544,6.1544,6.1544,6.1544,6.1544,6.1544,6.1544,6.1544,6.1544,6.1544,6.1544,6.1544,6.1544,6.1544,6.1544,6.1544,6.1544,6.1544,6.1544,6.1544,6.1544,6.1544,6.1544,6.1544,6.1544,6.1544,6.1544,6.1544,6.1544,6.1544,6.1544,6.1544,6.1544,6.1544,6.1544,6.1544,6.1544,6.1544,6.1544,6.1544,6.1544,6.1544,6.1544,6.1544,6.1544,6.1544,6.1544,6.1544,6.1544,6.1544,6.1544,6.1544,6.1544,6.1544,6.1544,6.1544,6.1544,6.1544,6.1544,6.1544,6.1544,6.1544,6.1544,6.1544,6.1544,6.1544,6.1544,6.1544,6.1544,6.1544,6.1544,6.1544,6.1544,6.1544,6.1544,6.1544,6.1544,6.1544,6.1544,6.1544,6.1544,6.1544,6.1544,6.1544,6.1544,6.1544,6.1544,6.1544,6.1544,6.1544,6.1544,6.1544,6.1544,6.1544,6.1544,6.1544,6.1544,6.1544,6.1544,6.1544,6.1544,6.1544,6.1544,6.1544,6.1544,6.1544,6.1544,6.1544,6.1544,6.1544,6.1544,6.1544,6.1544,6.1544,6.1544,6.1544,6.1544,6.1544,6.1544,6.1544,6.1544,6.1544,6.1544,6.1544,6.1544,6.1544,6.1544,6.1544,6.1544,6.1544,6.1544,6.1544,6.1544,6.1544,6.1544,6.1544,6.1544,6.1544,6.1544,6.1544,6.1544,6.1544,6.1544,6.1544,6.1544,6.1544,6.1544,6.1544,6.1544,6.1544,6.1544,6.1544,6.1544,6.1544,6.1544,6.1544,6.1544,6.1544,6.1544,6.1544,6.1544,6.1544,6.1544,6.1544,6.1544,6.1544,6.1544,6.1544,6.1544,6.1544,6.1544,6.1544,6.1544,6.1544,6.1544,6.1544,6.1544,6.1544,6.1544,6.1544,6.1544,6.1544,6.1544,6.1544,6.1544,6.1544,6.1544,6.1544,6.1544,6.1544,6.1544,6.1544,6.1544,6.1544,6.1544,6.1544,6.1544,6.1544,6.1544,6.1544,6.1544,6.1544,6.1544,6.1544,6.1544,6.1544,6.1544,6.1544,6.1544,6.1544,6.1544,6.1544,6.1544,6.1544,6.1544,6.1544,6.1544,6.1544,6.1544,6.1544,6.1544,6.1544,6.1544,6.1544,6.1544,6.1544,6.1544,6.1544,6.1544,6.1544,6.1544,6.1544,6.1544,6.1544,6.1544,6.1544,6.1544,6.1544,6.1544,6.1544,6.1544,6.1544,6.1544,6.1544,6.1544,6.1544,6.1544,6.1544,6.1544,6.1544,6.1544,6.1544,6.1544,6.1544,6.1544,6.1544,6.1544,6.1544,6.1544,6.1544,6.1544,6.1544,6.1544,6.1544,6.1544,6.1544,6.1544,6.1544,6.1544,6.1544,6.1544,6.1544,6.1544,6.1544,6.1544,6.1544,6.1544,6.1544,6.1544,6.1544,6.1544,6.1544,6.1544,6.1544,6.1544,6.1544,6.1544,6.1544,6.1544,6.1544,6.1544,6.1544,6.1544,6.1544,6.1544,6.1544,6.1544,6.1544,6.1544,6.1544,6.1544,6.1544,6.1544,6.1544,6.1544,6.1544,6.1544,6.1544,6.1544,6.1544,6.1544,6.1544,6.1544,6.1544,6.1544,6.1544,6.1544,6.1544,6.1544,6.1544,6.1544,6.1544,6.1544,6.1544,6.1544,6.1544,6.1544,6.1544,6.1544,6.1544,6.1544,6.1544,6.1544,6.1544,6.1544,6.1544,6.1544,6.1544,6.1544,6.1544,6.1544,6.1544,6.1544,6.1544,6.1544,6.1544,6.1544,6.1544,6.1544,6.1544,6.1544,6.1544,6.1544,6.1544,6.1544,6.1544,6.1544,6.1544,6.1544,6.1544,6.1544,6.1544,6.1544,6.1544,6.1544,6.1544,6.1544,6.1544,6.1544,6.1544,6.1544,6.1544,6.1544,6.1544,6.1544,6.1544,6.1544,6.1544,6.1544,6.1544,6.1544,6.1544,6.1544,6.1544,6.1544,6.1544,6.1544,6.1544,6.1544,6.1544,6.1544,6.1544,6.1544,6.1544,6.1544,6.1544,6.1544,6.1544,6.1544,6.1544,6.1544,6.1544,6.1544,6.1544,6.1544,6.1544,6.1544,6.1544,6.1544,6.1544,6.1544,6.1544,6.1544,6.1544,6.1544,6.1544,6.1544,6.1544,6.1544,6.1544,6.1544,6.1544,6.1544,6.1544,6.1544,6.1544,6.1544,6.1544,6.1544,6.1544,6.1544,6.1544,6.1544,6.1544,6.1544,6.1544,6.1544,6.1544,6.1544,6.1544,6.1544,6.1544,6.1544,6.1544,6.1544,6.1544,6.1544,6.1544,6.1544,6.1544,6.1544,6.1544,6.1544,6.1544,6.1544,6.1544,6.1544,6.1544,6.1544,6.1544,6.1544,6.1544,6.1544,6.1544,6.1544,6.1544,6.1544,6.1544,6.1544,6.1544,6.1544,6.1544,6.1544,6.1544,6.1544,6.1544,6.1544,6.1544,6.1544,6.1544,6.1544,6.1544,6.1544,6.1544,6.1544,6.1544,6.1544,6.1544,6.1544,6.1544,6.1544,6.1544,6.1544,6.1544,6.1544,6.1544,6.1544,6.1544,6.1544,6.1544,6.1544,6.1544,6.1544,6.1544,6.1544,6.1544,6.1544,6.1544,6.1544,6.1544,6.1544,6.1544,6.1544,6.1544,6.1544,6.1544,6.1544,6.1544,6.1544,6.1544,6.1544,6.1544,6.1544,6.1544,6.1544,6.1544,6.1544,6.1544,6.1544,6.1544,6.1544,6.1544,6.1544,6.1544,6.1544,6.1544,6.1544,6.1544,6.1544,6.1544,6.1544,6.1544,6.1544,6.1544,6.1544,6.1544,6.1544,6.1544,6.1544,6.1544,6.1544,6.1544,6.1544,6.1544,6.1544,6.1544,6.1544,6.1544,6.1544,6.1544,6.1544,6.1544,6.1544,6.1544,6.1544,6.1544,6.1544,6.1544,6.1544,6.1544,6.1544,6.1544,6.1544
6.1503,6.1503,6.1503,6.1503,6.1503,6.1503,6.1503,6.1503,6.1503,6.1503,6.1503,6.1503,6.1503,6.1503,6.1503,6.1503,6.1503,6.1503,6.1503,6.1503,6.1503,6.1503,6.1503,6.1503,6.1503,6.1503,6.1503,6.1503,6.1503,6.1503,6.1503,6.1503,6.1503,6.1503,6.1503,6.1503,6.1503,6.1503,6.1503,6.1503,6.1503,6.1503,6.1503,6.1503,6.1503,6.1503,6.1503,6.1503,6.1503,6.1503,6.1503,6.1503,6.1503,6.1503,6.1503,6.1503,6.1503,6.1503,6.1503,6.1503,6.1503,6.1503,6.1503,6.1503,6.1503,6.1503,6.1503,6.1503,6.1503,6.1503,6.1503,6.1503,6.1503,6.1503,6.1503,6.1503,6.1503,6.1503,6.1503,6.1503,6.1503,6.1503,6.1503,6.1503,6.1503,6.1503,6.1503,6.1503,6.1503,6.1503,6.1503,6.1503,6.1503,6.1503,6.1503,6.1503,6.1503,6.1503,6.1503,6.1503,6.1503,6.1503,6.1503,6.1503,6.1503,6.1503,6.1503,6.1503,6.1503,6.1503,6.1503,6.1503,6.1503,6.1503,6.1503,6.1503,6.1503,6.1503,6.1503,6.1503,6.1503,6.1503,6.1503,6.1503,6.1503,6.1503,6.1503,6.1503,6.1503,6.1503,6.1503,6.1503,6.1503,6.1503,6.1503,6.1503,6.1503,6.1503,6.1503,6.1503,6.1503,6.1503,6.1503,6.1503,6.1503,6.1503,6.1503,6.1503,6.1503,6.1503,6.1503,6.1503,6.1503,6.1503,6.1503,6.1503,6.1503,6.1503,6.1503,6.1503,6.1503,6.1503,6.1503,6.1503,6.1503,6.1503,6.1503,6.1503,6.1503,6.1503,6.1503,6.1503,6.1503,6.1503,6.1503,6.1503,6.1503,6.1503,6.1503,6.1503,6.1503,6.1503,6.1503,6.1503,6.1503,6.1503,6.1503,6.1503,6.1503,6.1503,6.1503,6.1503,6.1503,6.1503,6.1503,6.1503,6.1503,6.1503,6.1503,6.1503,6.1503,6.1503,6.1503,6.1503,6.1503,6.1503,6.1503,6.1503,6.1503,6.1503,6.1503,6.1503,6.1503,6.1503,6.1503,6.1503,6.1503,6.1503,6.1503,6.1503,6.1503,6.1503,6.1503,6.1503,6.1503,6.1503,6.1503,6.1503,6.1503,6.1503,6.1503,6.1503,6.1503,6.1503,6.1503,6.1503,6.1503,6.1503,6.1503,6.1503,6.1503,6.1503,6.1503,6.1503,6.1503,6.1503,6.1503,6.1503,6.1503,6.1503,6.1503,6.1503,6.1503,6.1503,6.1503,6.1503,6.1503,6.1503,6.1503,6.1503,6.1503,6.1503,6.1503,6.1503,6.1503,6.1503,6.1503,6.1503,6.1503,6.1503,6.1503,6.1503,6.1503,6.1503,6.1503,6.1503,6.1503,6.1503,6.1503,6.1503,6.1503,6.1503,6.1503,6.1503,6.1503,6.1503,6.1503,6.1503,6.1503,6.1503,6.1503,6.1503,6.1503,6.1503,6.1503,6.1503,6.1503,6.1503,6.1503,6.1503,6.1503,6.1503,6.1503,6.1503,6.1503,6.1503,6.1503,6.1503,6.1503,6.1503,6.1503,6.1503,6.1503,6.1503,6.1503,6.1503,6.1503,6.1503,6.1503,6.1503,6.1503,6.1503,6.1503,6.1503,6.1503,6.1503,6.1503,6.1503,6.1503,6.1503,6.1503,6.1503,6.1503,6.1503,6.1503,6.1503,6.1503,6.1503,6.1503,6.1503,6.1503,6.1503,6.1503,6.1503,6.1503,6.1503,6.1503,6.1503,6.1503,6.1503,6.1503,6.1503,6.1503,6.1503,6.1503,6.1503,6.1503,6.1503,6.1503,6.1503,6.1503,6.1503,6.1503,6.1503,6.1503,6.1503,6.1503,6.1503,6.1503,6.1503,6.1503,6.1503,6.1503,6.1503,6.1503,6.1503,6.1503,6.1503,6.1503,6.1503,6.1503,6.1503,6.1503,6.1503,6.1503,6.1503,6.1503,6.1503,6.1503,6.1503,6.1503,6.1503,6.1503,6.1503,6.1503,6.1503,6.1503,6.1503,6.1503,6.1503,6.1503,6.1503,6.1503,6.1503,6.1503,6.1503,6.1503,6.1503,6.1503,6.1503,6.1503,6.1503,6.1503,6.1503,6.1503,6.1503,6.1503,6.1503,6.1503,6.1503,6.1503,6.1503,6.1503,6.1503,6.1503,6.1503,6.1503,6.1503,6.1503,6.1503,6.1503,6.1503,6.1503,6.1503,6.1503,6.1503,6.1503,6.1503,6.1503,6.1503,6.1503,6.1503,6.1503,6.1503,6.1503,6.1503,6.1503,6.1503,6.1503,6.1503,6.1503,6.1503,6.1503,6.1503,6.1503,6.1503,6.1503,6.1503,6.1503,6.1503,6.1503,6.1503,6.1503,6.1503,6.1503,6.1503,6.1503,6.1503,6.1503,6.1503,6.1503,6.1503,6.1503,6.1503,6.1503,6.1503,6.1503,6.1503,6.1503,6.1503,6.1503,6.1503,6.1503,6.1503,6.1503,6.1503,6.1503,6.1503,6.1503,6.1503,6.1503,6.1503,6.1503,6.1503,6.1503,6.1503,6.1503,6.1503,6.1503,6.1503,6.1503,6.1503,6.1503,6.1503,6.1503,6.1503,6.1503,6.1503,6.1503,6.1503,6.1503,6.1503,6.1503,6.1503,6.1503,6.1503,6.1503,6.1503,6.1503,6.1503,6.1503,6.1503,6.1503,6.1503,6.1503,6.1503,6.1503,6.1503,6.1503,6.1503,6.1503,6.1503,6.1503,6.1503,6.1503,6.1503,6.1503,6.1503,6.1503,6.1503,6.1503,6.1503,6.1503,6.1503,6.1503,6.1503,6.1503,6.1503,6.1503,6.1503,6.1503,6.1503,6.1503,6.1503,6.1503,6.1503,6.1503,6.1503,6.1503,6.1503,6.1503,6.1503,6.1503,6.1503,6.1503,6.1503,6.1503,6.1503,6.1503,6.1503,6.1503,6.1503,6.1503,6.1503,6.1503,6.1503,6.1503,6.1503,6.1503,6.1503,6.1503,6.1503,6.1503,6.1503,6.1503,6.1503,6.1503,6.1503,6.1503,6.1503,6.1503,6.1503,6.1503,6.1503,6.1503,6.1503,6.1503,6.1503,6.1503,6.1503,6.1503,6.1503,6.1503,6.1503,6.1503,6.1503,6.1503,6.1503,6.1503,6.1503,6.1503,6.1503,6.1503,6.1503,6.1503,6.1503,6.1503,6.1503,6.1503,6.1503,6.1503,6.1503,6.1503,6.1503,6.1503,6.1503,6.1503,6.1503,6.1503,6.1503,6.1503,6.1503,6.1503,6.1503,6.1503,6.1503,6.1503,6.1503,6.1503,6.1503,6.1503,6.1503,6.1503,6.1503,6.1503,6.1503,6.1503,6.1503,6.1503,6.1503,6.1503,6.1503,6.1503,6.1503,6.1503,6.1503,6.1503,6.1503,6.1503,6.1503,6.1503,6.1503,6.1503,6.1503,6.1503,6.1503,6.1503,6.1503,6.1503,6.1503,6.1503,6.1503,6.1503,6.1503,6.1503,6.1503,6.1503,6.1503,6.1503,6.1503,6.1503,6.1503,6.1503,6.1503,6.1503,6.1503,6.1503,6.1503,6.1503,6.1503,6.1503,6.1503,6.1503,6.1503,6.1503,6.1503,6.1503,6.1503,6.1503,6.1503,6.1503,6.1503,6.1503,6.1503,6.1503,6.1503,6.1503,6.1503,6.1503,6.1503,6.1503,6.1503,6.1503,6.1503,6.1503,6.1503,6.1503,6.1503,6.1503,6.1503,6.1503,6.1503,6.1503,6.1503,6.1503,6.1503,6.1503,6.1503,6.1503,6.1503,6.1503,6.1503,6.1503,6.1503,6.1503,6.1503,6.1503,6.1503,6.1503,6.1503,6.1503,6.1503,6.1503,6.1503,6.1503,6.1503,6.1503,6.1503,6.1503,6.1503,6.1503,6.1503,6.1503,6.1503,6.1503,6.1503,6.1503,6.1503,6.1503,6.1503,6.1503,6.1503,6.1503,6.1503,6.1503,6.1503,6.1503,6.1503,6.1503,6.1503,6.1503,6.1503,6.1503,6.1503,6.1503,6.1503,6.1503,6.1503,6.1503,6.1503,6.1503,6.1503,6.1503,6.1503,6.1503,6.1503,6.1503,6.1503,6.1503,6.1503,6.1503,6.1503,6.1503,6.1503,6.1503,6.1503,6.1503,6.1503,6.1503,6.1503,6.1503,6.1503,6.1503,6.1503,6.1503,6.1503,6.1503,6.1503,6.1503,6.1503,6.1503,6.1503,6.1503,6.1503,6.1503,6.1503,6.1503,6.1503,6.1503,6.1503,6.1503,6.1503,6.1503,6.1503,6.1503,6.1503,6.1503,6.1503,6.1503,6.1503,6.1503,6.1503,6.1503,6.1503,6.1503,6.1503,6.1503,6.1503,6.1503,6.1503,6.1503,6.1503,6.1503,6.1503,6.1503,6.1503,6.1503,6.1503,6.1503,6.1503,6.1503,6.1503,6.1503,6.1503,6.1503,6.1503,6.1503,6.1503,6.1503,6.1503,6.1503,6.1503,6.1503,6.1503,6.1503,6.1503,6.1503,6.1503,6.1503,6.1503,6.1503,6.1503,6.1503,6.1503,6.1503,6.1503,6.1503,6.1503,6.1503,6.1503,6.1503,6.1503,6.1503,6.1503,6.1503,6.1503,6.1503,6.1503,6.1503,6.1503,6.1503,6.1503,6.1503,6.1503,6.1503,6.1503,6.1503,6.1503,6.1503,6.1503,6.1503,6.1503,6.1503,6.1503,6.1503,6.1503,6.1503,6.1503,6.1503,6.1503,6.1503,6.1503,6.1503,6.1503,6.1503,6.1503,6.1503,6.1503,6.1503,6.1503,6.1503,6.1503,6.1503,6.1503,6.1503,6.1503,6.1503,6.1503,6.1503,6.1503,6.1503,6.1503,6.1503,6.1503,6.1503,6.1503,6.1503,6.1503,6.1503,6.1503,6.1503,6.1503,6.1503,6.1503,6.1503,6.1503,6.1503,6.1503,6.1503,6.1503,6.1503,6.1503,6.1503,6.1503,6.1503,6.1503,6.1503,6.1503,6.1503,6.1503
6.1460,6.1460,6.1460,6.1460,6.1460,6.1460,6.1460,6.1460,6.1460,6.1460,6.1460,6.1460,6.1460,6.1460,6.1460,6.1460,6.1460,6.1460,6.1460,6.1460,6.1460,6.1460,6.1460,6.1460,6.1460,6.1460,6.1460,6.1460,6.1460,6.1460,6.1460,6.1460,6.1460,6.1460,6.1460,6.1460,6.1460,6.1460,6.1460,6.1460,6.1460,6.1460,6.1460,6.1460,6.1460,6.1460,6.1460,6.1460,6.1460,6.1460,6.1460,6.1460,6.1460,6.1460,6.1460,6.1460,6.1460,6.1460,6.1460,6.1460,6.1460,6.1460,6.1460,6.1460,6.1460,6.1460,6.1460,6.1460,6.1460,6.1460,6.1460,6.1460,6.1460,6.1460,6.1460,6.1460,6.1460,6.1460,6.1460,6.1460,6.1460,6.1460,6.1460,6.1460,6.1460,6.1460,6.1460,6.1460,6.1460,6.1460,6.1460,6.1460,6.1460,6.1460,6.1460,6.1460,6.1460,6.1460,6.1460,6.1460,6.1460,6.1460,6.1460,6.1460,6.1460,6.1460,6.1460,6.1460,6.1460,6.1460,6.1460,6.1460,6.1460,6.1460,6.1460,6.1460,6.1460,6.1460,6.1460,6.1460,6.1460,6.1460,6.1460,6.1460,6.1460,6.1460,6.1460,6.1460,6.1460,6.1460,6.1460,6.1460,6.1460,6.1460,6.1460,6.1460,6.1460,6.1460,6.1460,6.1460,6.1460,6.1460,6.1460,6.1460,6.1460,6.1460,6.1460,6.1460,6.1460,6.1460,6.1460,6.1460,6.1460,6.1460,6.1460,6.1460,6.1460,6.1460,6.1460,6.1460,6.1460,6.1460,6.1460,6.1460,6.1460,6.1460,6.1460,6.1460,6.1460,6.1460,6.1460,6.1460,6.1460,6.1460,6.1460,6.1460,6.1460,6.1460,6.1460,6.1460,6.1460,6.1460,6.1460,6.1460,6.1460,6.1460,6.1460,6.1460,6.1460,6.1460,6.1460,6.1460,6.1460,6.1460,6.1460,6.1460,6.1460,6.1460,6.1460,6.1460,6.1460,6.1460,6.1460,6.1460,6.1460,6.1460,6.1460,6.1460,6.1460,6.1460,6.1460,6.1460,6.1460,6.1460,6.1460,6.1460,6.1460,6.1460,6.1460,6.1460,6.1460,6.1460,6.1460,6.1460,6.1460,6.1460,6.1460,6.1460,6.1460,6.1460,6.1460,6.1460,6.1460,6.1460,6.1460,6.1460,6.1460,6.1460,6.1460,6.1460,6.1460,6.1460,6.1460,6.1460,6.1460,6.1460,6.1460,6.1460,6.1460,6.1460,6.1460,6.1460,6.1460,6.1460,6.1460,6.1460,6.1460,6.1460,6.1460,6.1460,6.1460,6.1460,6.1460,6.1460,6.1460,6.1460,6.1460,6.1460,6.1460,6.1460,6.1460,6.1460,6.1460,6.1460,6.1460,6.1460,6.1460,6.1460,6.1460,6.1460,6.1460,6.1460,6.1460,6.1460,6.1460,6.1460,6.1460,6.1460,6.1460,6.1460,6.1460,6.1460,6.1460,6.1460,6.1460,6.1460,6.1460,6.1460,6.1460,6.1460,6.1460,6.1460,6.1460,6.1460,6.1460,6.1460,6.1460,6.1460,6.1460,6.1460,6.1460,6.1460,6.1460,6.1460,6.1460,6.1460,6.1460,6.1460,6.1460,6.1460,6.1460,6.1460,6.1460,6.1460,6.1460,6.1460,6.1460,6.1460,6.1460,6.1460,6.1460,6.1460,6.1460,6.1460,6.1460,6.1460,6.1460,6.1460,6.1460,6.1460,6.1460,6.1460,6.1460,6.1460,6.1460,6.1460,6.1460,6.1460,6.1460,6.1460,6.1460,6.1460,6.1460,6.1460,6.1460,6.1460,6.1460,6.1460,6.1460,6.1460,6.1460,6.1460,6.1460,6.1460,6.1460,6.1460,6.1460,6.1460,6.1460,6.1460,6.1460,6.1460,6.1460,6.1460,6.1460,6.1460,6.1460,6.1460,6.1460,6.1460,6.1460,6.1460,6.1460,6.1460,6.1460,6.1460,6.1460,6.1460,6.1460,6.1460,6.1460,6.1460,6.1460,6.1460,6.1460,6.1460,6.1460,6.1460,6.1460,6.1460,6.1460,6.1460,6.1460,6.1460,6.1460,6.1460,6.1460,6.1460,6.1460,6.1460,6.1460,6.1460,6.1460,6.1460,6.1460,6.1460,6.1460,6.1460,6.1460,6.1460,6.1460,6.1460,6.1460,6.1460,6.1460,6.1460,6.1460,6.1460,6.1460,6.1460,6.1460,6.1460,6.1460,6.1460,6.1460,6.1460,6.1460,6.1460,6.1460,6.1460,6.1460,6.1460,6.1460,6.1460,6.1460,6.1460,6.1460,6.1460,6.1460,6.1460,6.1460,6.1460,6.1460,6.1460,6.1460,6.1460,6.1460,6.1460,6.1460,6.1460,6.1460,6.1460,6.1460,6.1460,6.1460,6.1460,6.1460,6.1460,6.1460,6.1460,6.1460,6.1460,6.1460,6.1460,6.1460,6.1460,6.1460,6.1460,6.1460,6.1460,6.1460,6.1460,6.1460,6.1460,6.1460,6.1460,6.1460,6.1460,6.1460,6.1460,6.1460,6.1460,6.1460,6.1460,6.1460,6.1460,6.1460,6.1460,6.1460,6.1460,6.1460,6.1460,6.1460,6.1460,6.1460,6.1460,6.1460,6.1460,6.1460,6.1460,6.1460,6.1460,6.1460,6.1460,6.1460,6.1460,6.1460,6.1460,6.1460,6.1460,6.1460,6.1460,6.1460,6.1460,6.1460,6.1460,6.1460,6.1460,6.1460,6.1460,6.1460,6.1460,6.1460,6.1460,6.1460,6.1460,6.1460,6.1460,6.1460,6.1460,6.1460,6.1460,6.1460,6.1460,6.1460,6.1460,6.1460,6.1460,6.1460,6.1460,6.1460,6.1460,6.1460,6.1460,6.1460,6.1460,6.1460,6.1460,6.1460,6.1460,6.1460,6.1460,6.1460,6.1460,6.1460,6.1460,6.1460,6.1460,6.1460,6.1460,6.1460,6.1460,6.1460,6.1460,6.1460,6.1460,6.1460,6.1460,6.1460,6.1460,6.1460,6.1460,6.1460,6.1460,6.1460,6.1460,6.1460,6.1460,6.1460,6.1460,6.1460,6.1460,6.1460,6.1460,6.1460,6.1460,6.1460,6.1460,6.1460,6.1460,6.1460,6.1460,6.1460,6.1460,6.1460,6.1460,6.1460,6.1460,6.1460,6.1460,6.1460,6.1460,6.1460,6.1460,6.1460,6.1460,6.1460,6.1460,6.1460,6.1460,6.1460,6.1460,6.1460,6.1460,6.1460,6.1460,6.1460,6.1460,6.1460,6.1460,6.1460,6.1460,6.1460,6.1460,6.1460,6.1460,6.1460,6.1460,6.1460,6.1460,6.1460,6.1460,6.1460,6.1460,6.1460,6.1460,6.1460,6.1460,6.1460,6.1460,6.1460,6.1460,6.1460,6.1460,6.1460,6.1460,6.1460,6.1460,6.1460,6.1460,6.1460,6.1460,6.1460,6.1460,6.1460,6.1460,6.1460,6.1460,6.1460,6.1460,6.1460,6.1460,6.1460,6.1460,6.1460,6.1460,6.1460,6.1460,6.1460,6.1460,6.1460,6.1460,6.1460,6.1460,6.1460,6.1460,6.1460,6.1460,6.1460,6.1460,6.1460,6.1460,6.1460,6.1460,6.1460,6.1460,6.1460,6.1460,6.1460,6.1460,6.1460,6.1460,6.1460,6.1460,6.1460,6.1460,6.1460,6.1460,6.1460,6.1460,6.1460,6.1460,6.1460,6.1460,6.1460,6.1460,6.1460,6.1460,6.1460,6.1460,6.1460,6.1460,6.1460,6.1460,6.1460,6.1460,6.1460,6.1460,6.1460,6.1460,6.1460,6.1460,6.1460,6.1460,6.1460,6.1460,6.1460,6.1460,6.1460,6.1460,6.1460,6.1460,6.1460,6.1460,6.1460,6.1460,6.1460,6.1460,6.1460,6.1460,6.1460,6.1460,6.1460,6.1460,6.1460,6.1460,6.1460,6.1460,6.1460,6.1460,6.1460,6.1460,6.1460,6.1460,6.1460,6.1460,6.1460,6.1460,6.1460,6.1460,6.1460,6.1460,6.1460,6.1460,6.1460,6.1460,6.1460,6.1460,6.1460,6.1460,6.1460,6.1460,6.1460,6.1460,6.1460,6.1460,6.1460,6.1460,6.1460,6.1460,6.1460,6.1460,6.1460,6.1460,6.1460,6.1460,6.1460,6.1460,6.1460,6.1460,6.1460,6.1460,6.1460,6.1460,6.1460,6.1460,6.1460,6.1460,6.1460,6.1460,6.1460,6.1460,6.1460,6.1460,6.1460,6.1460,6.1460,6.1460,6.1460,6.1460,6.1460,6.1460,6.1460,6.1460,6.1460,6.1460,6.1460,6.1460,6.1460,6.1460,6.1460,6.1460,6.1460,6.1460,6.1460,6.1460,6.1460,6.1460,6.1460,6.1460,6.1460,6.1460,6.1460,6.1460,6.1460,6.1460,6.1460,6.1460,6.1460,6.1460,6.1460,6.1460,6.1460,6.1460,6.1460,6.1460,6.1460,6.1460,6.1460,6.1460,6.1460,6.1460,6.1460,6.1460,6.1460,6.1460,6.1460,6.1460,6.1460,6.1460,6.1460,6.1460,6.1460,6.1460,6.1460,6.1460,6.1460,6.1460,6.1460,6.1460,6.1460,6.1460,6.1460,6.1460,6.1460,6.1460,6.1460,6.1460,6.1460,6.1460,6.1460,6.1460,6.1460,6.1460,6.1460,6.1460,6.1460,6.1460,6.1460,6.1460,6.1460,6.1460,6.1460,6.1460,6.1460,6.1460,6.1460,6.1460,6.1460,6.1460,6.1460,6.1460,6.1460,6.1460,6.1460,6.1460,6.1460,6.1460,6.1460,6.1460,6.1460,6.1460,6.1460,6.1460,6.1460,6.1460,6.1460,6.1460,6.1460,6.1460,6.1460,6.1460,6.1460,6.1460,6.1460,6.1460,6.1460,6.1460,6.1460,6.1460,6.1460,6.1460,6.1460,6.1460,6.1460,6.1460,6.1460,6.1460,6.1460,6.1460,6.1460,6.1460,6.1460,6.1460,6.1460,6.1460,6.1460,6.1460,6.1460,6.1460
6.1418,6.1418,6.1418,6.1418,6.1418,6.1418,6.1418,6.1418,6.1418,6.1418,6.1418,6.1418,6.1418,6.1418,6.1418,6.1418,6.1418,6.1418,6.1418,6.1418,6.1418,6.1418,6.1418,6.1418,6.1418,6.1418,6.1418,6.1418,6.1418,6.1418,6.1418,6.1418,6.1418,6.1418,6.1418,6.1418,6.1418,6.1418,6.1418,6.1418,6.1418,6.1418,6.1418,6.1418,6.1418,6.1418,6.1418,6.1418,6.1418,6.1418,6.1418,6.1418,6.1418,6.1418,6.1418,6.1418,6.1418,6.1418,6.1418,6.1418,6.1418,6.1418,6.1418,6.1418,6.1418,6.1418,6.1418,6.1418,6.1418,6.1418,6.1418,6.1418,6.1418,6.1418,6.1418,6.1418,6.1418,6.1418,6.1418,6.1418,6.1418,6.1418,6.1418,6.1418,6.1418,6.1418,6.1418,6.1418,6.1418,6.1418,6.1418,6.1418,6.1418,6.1418,6.1418,6.1418,6.1418,6.1418,6.1418,6.1418,6.1418,6.1418,6.1418,6.1418,6.1418,6.1418,6.1418,6.1418,6.1418,6.1418,6.1418,6.1418,6.1418,6.1418,6.1418,6.1418,6.1418,6.1418,6.1418,6.1418,6.1418,6.1418,6.1418,6.1418,6.1418,6.1418,6.1418,6.1418,6.1418,6.1418,6.1418,6.1418,6.1418,6.1418,6.1418,6.1418,6.1418,6.1418,6.1418,6.1418,6.1418,6.1418,6.1418,6.1418,6.1418,6.1418,6.1418,6.1418,6.1418,6.1418,6.1418,6.1418,6.1418,6.1418,6.1418,6.1418,6.1418,6.1418,6.1418,6.1418,6.1418,6.1418,6.1418,6.1418,6.1418,6.1418,6.1418,6.1418,6.1418,6.1418,6.1418,6.1418,6.1418,6.1418,6.1418,6.1418,6.1418,6.1418,6.1418,6.1418,6.1418,6.1418,6.1418,6.1418,6.1418,6.1418,6.1418,6.1418,6.1418,6.1418,6.1418,6.1418,6.1418,6.1418,6.1418,6.1418,6.1418,6.1418,6.1418,6.1418,6.1418,6.1418,6.1418,6.1418,6.1418,6.1418,6.1418,6.1418,6.1418,6.1418,6.1418,6.1418,6.1418,6.1418,6.1418,6.1418,6.1418,6.1418,6.1418,6.1418,6.1418,6.1418,6.1418,6.1418,6.1418,6.1418,6.1418,6.1418,6.1418,6.1418,6.1418,6.1418,6.1418,6.1418,6.1418,6.1418,6.1418,6.1418,6.1418,6.1418,6.1418,6.1418,6.1418,6.1418,6.1418,6.1418,6.1418,6.1418,6.1418,6.1418,6.1418,6.1418,6.1418,6.1418,6.1418,6.1418,6.1418,6.1418,6.1418,6.1418,6.1418,6.1418,6.1418,6.1418,6.1418,6.1418,6.1418,6.1418,6.1418,6.1418,6.1418,6.1418,6.1418,6.1418,6.1418,6.1418,6.1418,6.1418,6.1418,6.1418,6.1418,6.1418,6.1418,6.1418,6.1418,6.1418,6.1418,6.1418,6.1418,6.1418,6.1418,6.1418,6.1418,6.1418,6.1418,6.1418,6.1418,6.1418,6.1418,6.1418,6.1418,6.1418,6.1418,6.1418,6.1418,6.1418,6.1418,6.1418,6.1418,6.1418,6.1418,6.1418,6.1418,6.1418,6.1418,6.1418,6.1418,6.1418,6.1418,6.1418,6.1418,6.1418,6.1418,6.1418,6.1418,6.1418,6.1418,6.1418,6.1418,6.1418,6.1418,6.1418,6.1418,6.1418,6.1418,6.1418,6.1418,6.1418,6.1418,6.1418,6.1418,6.1418,6.1418,6.1418,6.1418,6.1418,6.1418,6.1418,6.1418,6.1418,6.1418,6.1418,6.1418,6.1418,6.1418,6.1418,6.1418,6.1418,6.1418,6.1418,6.1418,6.1418,6.1418,6.1418,6.1418,6.1418,6.1418,6.1418,6.1418,6.1418,6.1418,6.1418,6.1418,6.1418,6.1418,6.1418,6.1418,6.1418,6.1418,6.1418,6.1418,6.1418,6.1418,6.1418,6.1418,6.1418,6.1418,6.1418,6.1418,6.1418,6.1418,6.1418,6.1418,6.1418,6.1418,6.1418,6.1418,6.1418,6.1418,6.1418,6.1418,6.1418,6.1418,6.1418,6.1418,6.1418,6.1418,6.1418,6.1418,6.1418,6.1418,6.1418,6.1418,6.1418,6.1418,6.1418,6.1418,6.1418,6.1418,6.1418,6.1418,6.1418,6.1418,6.1418,6.1418,6.1418,6.1418,6.1418,6.1418,6.1418,6.1418,6.1418,6.1418,6.1418,6.1418,6.1418,6.1418,6.1418,6.1418,6.1418,6.1418,6.1418,6.1418,6.1418,6.1418,6.1418,6.1418,6.1418,6.1418,6.1418,6.1418,6.1418,6.1418,6.1418,6.1418,6.1418,6.1418,6.1418,6.1418,6.1418,6.1418,6.1418,6.1418,6.1418,6.1418,6.1418,6.1418,6.1418,6.1418,6.1418,6.1418,6.1418,6.1418,6.1418,6.1418,6.1418,6.1418,6.1418,6.1418,6.1418,6.1418,6.1418,6.1418,6.1418,6.1418,6.1418,6.1418,6.1418,6.1418,6.1418,6.1418,6.1418,6.1418,6.1418,6.1418,6.1418,6.1418,6.1418,6.1418,6.1418,6.1418,6.1418,6.1418,6.1418,6.1418,6.1418,6.1418,6.1418,6.1418,6.1418,6.1418,6.1418,6.1418,6.1418,6.1418,6.1418,6.1418,6.1418,6.1418,6.1418,6.1418,6.1418,6.1418,6.1418,6.1418,6.1418,6.1418,6.1418,6.1418,6.1418,6.1418,6.1418,6.1418,6.1418,6.1418,6.1418,6.1418,6.1418,6.1418,6.1418,6.1418,6.1418,6.1418,6.1418,6.1418,6.1418,6.1418,6.1418,6.1418,6.1418,6.1418,6.1418,6.1418,6.1418,6.1418,6.1418,6.1418,6.1418,6.1418,6.1418,6.1418,6.1418,6.1418,6.1418,6.1418,6.1418,6.1418,6.1418,6.1418,6.1418,6.1418,6.1418,6.1418,6.1418,6.1418,6.1418,6.1418,6.1418,6.1418,6.1418,6.1418,6.1418,6.1418,6.1418,6.1418,6.1418,6.1418,6.1418,6.1418,6.1418,6.1418,6.1418,6.1418,6.1418,6.1418,6.1418,6.1418,6.1418,6.1418,6.1418,6.1418,6.1418,6.1418,6.1418,6.1418,6.1418,6.1418,6.1418,6.1418,6.1418,6.1418,6.1418,6.1418,6.1418,6.1418,6.1418,6.1418,6.1418,6.1418,6.1418,6.1418,6.1418,6.1418,6.1418,6.1418,6.1418,6.1418,6.1418,6.1418,6.1418,6.1418,6.1418,6.1418,6.1418,6.1418,6.1418,6.1418,6.1418,6.1418,6.1418,6.1418,6.1418,6.1418,6.1418,6.1418,6.1418,6.1418,6.1418,6.1418,6.1418,6.1418,6.1418,6.1418,6.1418,6.1418,6.1418,6.1418,6.1418,6.1418,6.1418,6.1418,6.1418,6.1418,6.1418,6.1418,6.1418,6.1418,6.1418,6.1418,6.1418,6.1418,6.1418,6.1418,6.1418,6.1418,6.1418,6.1418,6.1418,6.1418,6.1418,6.1418,6.1418,6.1418,6.1418,6.1418,6.1418,6.1418,6.1418,6.1418,6.1418,6.1418,6.1418,6.1418,6.1418,6.1418,6.1418,6.1418,6.1418,6.1418,6.1418,6.1418,6.1418,6.1418,6.1418,6.1418,6.1418,6.1418,6.1418,6.1418,6.1418,6.1418,6.1418,6.1418,6.1418,6.1418,6.1418,6.1418,6.1418,6.1418,6.1418,6.1418,6.1418,6.1418,6.1418,6.1418,6.1418,6.1418,6.1418,6.1418,6.1418,6.1418,6.1418,6.1418,6.1418,6.1418,6.1418,6.1418,6.1418,6.1418,6.1418,6.1418,6.1418,6.1418,6.1418,6.1418,6.1418,6.1418,6.1418,6.1418,6.1418,6.1418,6.1418,6.1418,6.1418,6.1418,6.1418,6.1418,6.1418,6.1418,6.1418,6.1418,6.1418,6.1418,6.1418,6.1418,6.1418,6.1418,6.1418,6.1418,6.1418,6.1418,6.1418,6.1418,6.1418,6.1418,6.1418,6.1418,6.1418,6.1418,6.1418,6.1418,6.1418,6.1418,6.1418,6.1418,6.1418,6.1418,6.1418,6.1418,6.1418,6.1418,6.1418,6.1418,6.1418,6.1418,6.1418,6.1418,6.1418,6.1418,6.1418,6.1418,6.1418,6.1418,6.1418,6.1418,6.1418,6.1418,6.1418,6.1418,6.1418,6.1418,6.1418,6.1418,6.1418,6.1418,6.1418,6.1418,6.1418,6.1418,6.1418,6.1418,6.1418,6.1418,6.1418,6.1418,6.1418,6.1418,6.1418,6.1418,6.1418,6.1418,6.1418,6.1418,6.1418,6.1418,6.1418,6.1418,6.1418,6.1418,6.1418,6.1418,6.1418,6.1418,6.1418,6.1418,6.1418,6.1418,6.1418,6.1418,6.1418,6.1418,6.1418,6.1418,6.1418,6.1418,6.1418,6.1418,6.1418,6.1418,6.1418,6.1418,6.1418,6.1418,6.1418,6.1418,6.1418,6.1418,6.1418,6.1418,6.1418,6.1418,6.1418,6.1418,6.1418,6.1418,6.1418,6.1418,6.1418,6.1418,6.1418,6.1418,6.1418,6.1418,6.1418,6.1418,6.1418,6.1418,6.1418,6.1418,6.1418,6.1418,6.1418,6.1418,6.1418,6.1418,6.1418,6.1418,6.1418,6.1418,6.1418,6.1418,6.1418,6.1418,6.1418,6.1418,6.1418,6.1418,6.1418,6.1418,6.1418,6.1418,6.1418,6.1418,6.1418,6.1418,6.1418,6.1418,6.1418,6.1418,6.1418,6.1418,6.1418,6.1418,6.1418,6.1418,6.1418,6.1418,6.1418,6.1418,6.1418,6.1418,6.1418,6.1418,6.1418,6.1418,6.1418,6.1418,6.1418,6.1418,6.1418,6.1418,6.1418,6.1418,6.1418,6.1418,6.1418,6.1418,6.1418,6.1418,6.1418,6.1418,6.1418,6.1418,6.1418,6.1418,6.1418,6.1418,6.1418,6.1418,6.1418
6.1375,6.1375,6.1375,6.1375,6.1375,6.1375,6.1375,6.1375,6.1375,6.1375,6.1375,6.1375,6.1375,6.1375,6.1375,6.1375,6.1375,6.1375,6.1375,6.1375,6.1375,6.1375,6.1375,6.1375,6.1375,6.1375,6.1375,6.1375,6.1375,6.1375,6.1375,6.1375,6.1375,6.1375,6.1375,6.1375,6.1375,6.1375,6.1375,6.1375,6.1375,6.1375,6.1375,6.1375,6.1375,6.1375,6.1375,6.1375,6.1375,6.1375,6.1375,6.1375,6.1375,6.1375,6.1375,6.1375,6.1375,6.1375,6.1375,6.1375,6.1375,6.1375,6.1375,6.1375,6.1375,6.1375,6.1375,6.1375,6.1375,6.1375,6.1375,6.1375,6.1375,6.1375,6.1375,6.1375,6.1375,6.1375,6.1375,6.1375,6.1375,6.1375,6.1375,6.1375,6.1375,6.1375,6.1375,6.1375,6.1375,6.1375,6.1375,6.1375,6.1375,6.1375,6.1375,6.1375,6.1375,6.1375,6.1375,6.1375,6.1375,6.1375,6.1375,6.1375,6.1375,6.1375,6.1375,6.1375,6.1375,6.1375,6.1375,6.1375,6.1375,6.1375,6.1375,6.1375,6.1375,6.1375,6.1375,6.1375,6.1375,6.1375,6.1375,6.1375,6.1375,6.1375,6.1375,6.1375,6.1375,6.1375,6.1375,6.1375,6.1375,6.1375,6.1375,6.1375,6.1375,6.1375,6.1375,6.1375,6.1375,6.1375,6.1375,6.1375,6.1375,6.1375,6.1375,6.1375,6.1375,6.1375,6.1375,6.1375,6.1375,6.1375,6.1375,6.1375,6.1375,6.1375,6.1375,6.1375,6.1375,6.1375,6.1375,6.1375,6.1375,6.1375,6.1375,6.1375,6.1375,6.1375,6.1375,6.1375,6.1375,6.1375,6.1375,6.1375,6.1375,6.1375,6.1375,6.1375,6.1375,6.1375,6.1375,6.1375,6.1375,6.1375,6.1375,6.1375,6.1375,6.1375,6.1375,6.1375,6.1375,6.1375,6.1375,6.1375,6.1375,6.1375,6.1375,6.1375,6.1375,6.1375,6.1375,6.1375,6.1375,6.1375,6.1375,6.1375,6.1375,6.1375,6.1375,6.1375,6.1375,6.1375,6.1375,6.1375,6.1375,6.1375,6.1375,6.1375,6.1375,6.1375,6.1375,6.1375,6.1375,6.1375,6.1375,6.1375,6.1375,6.1375,6.1375,6.1375,6.1375,6.1375,6.1375,6.1375,6.1375,6.1375,6.1375,6.1375,6.1375,6.1375,6.1375,6.1375,6.1375,6.1375,6.1375,6.1375,6.1375,6.1375,6.1375,6.1375,6.1375,6.1375,6.1375,6.1375,6.1375,6.1375,6.1375,6.1375,6.1375,6.1375,6.1375,6.1375,6.1375,6.1375,6.1375,6.1375,6.1375,6.1375,6.1375,6.1375,6.1375,6.1375,6.1375,6.1375,6.1375,6.1375,6.1375,6.1375,6.1375,6.1375,6.1375,6.1375,6.1375,6.1375,6.1375,6.1375,6.1375,6.1375,6.1375,6.1375,6.1375,6.1375,6.1375,6.1375,6.1375,6.1375,6.1375,6.1375,6.1375,6.1375,6.1375,6.1375,6.1375,6.1375,6.1375,6.1375,6.1375,6.1375,6.1375,6.1375,6.1375,6.1375,6.1375,6.1375,6.1375,6.1375,6.1375,6.1375,6.1375,6.1375,6.1375,6.1375,6.1375,6.1375,6.1375,6.1375,6.1375,6.1375,6.1375,6.1375,6.1375,6.1375,6.1375,6.1375,6.1375,6.1375,6.1375,6.1375,6.1375,6.1375,6.1375,6.1375,6.1375,6.1375,6.1375,6.1375,6.1375,6.1375,6.1375,6.1375,6.1375,6.1375,6.1375,6.1375,6.1375,6.1375,6.1375,6.1375,6.1375,6.1375,6.1375,6.1375,6.1375,6.1375,6.1375,6.1375,6.1375,6.1375,6.1375,6.1375,6.1375,6.1375,6.1375,6.1375,6.1375,6.1375,6.1375,6.1375,6.1375,6.1375,6.1375,6.1375,6.1375,6.1375,6.1375,6.1375,6.1375,6.1375,6.1375,6.1375,6.1375,6.1375,6.1375,6.1375,6.1375,6.1375,6.1375,6.1375,6.1375,6.1375,6.1375,6.1375,6.1375,6.1375,6.1375,6.1375,6.1375,6.1375,6.1375,6.1375,6.1375,6.1375,6.1375,6.1375,6.1375,6.1375,6.1375,6.1375,6.1375,6.1375,6.1375,6.1375,6.1375,6.1375,6.1375,6.1375,6.1375,6.1375,6.1375,6.1375,6.1375,6.1375,6.1375,6.1375,6.1375,6.1375,6.1375,6.1375,6.1375,6.1375,6.1375,6.1375,6.1375,6.1375,6.1375,6.1375,6.1375,6.1375,6.1375,6.1375,6.1375,6.1375,6.1375,6.1375,6.1375,6.1375,6.1375,6.1375,6.1375,6.1375,6.1375,6.1375,6.1375,6.1375,6.1375,6.1375,6.1375,6.1375,6.1375,6.1375,6.1375,6.1375,6.1375,6.1375,6.1375,6.1375,6.1375,6.1375,6.1375,6.1375,6.1375,6.1375,6.1375,6.1375,6.1375,6.1375,6.1375,6.1375,6.1375,6.1375,6.1375,6.1375,6.1375,6.1375,6.1375,6.1375,6.1375,6.1375,6.1375,6.1375,6.1375,6.1375,6.1375,6.1375,6.1375,6.1375,6.1375,6.1375,6.1375,6.1375,6.1375,6.1375,6.1375,6.1375,6.1375,6.1375,6.1375,6.1375,6.1375,6.1375,6.1375,6.1375,6.1375,6.1375,6.1375,6.1375,6.1375,6.1375,6.1375,6.1375,6.1375,6.1375,6.1375,6.1375,6.1375,6.1375,6.1375,6.1375,6.1375,6.1375,6.1375,6.1375,6.1375,6.1375,6.1375,6.1375,6.1375,6.1375,6.1375,6.1375,6.1375,6.1375,6.1375,6.1375,6.1375,6.1375,6.1375,6.1375,6.1375,6.1375,6.1375,6.1375,6.1375,6.1375,6.1375,6.1375,6.1375,6.1375,6.1375,6.1375,6.1375,6.1375,6.1375,6.1375,6.1375,6.1375,6.1375,6.1375,6.1375,6.1375,6.1375,6.1375,6.1375,6.1375,6.1375,6.1375,6.1375,6.1375,6.1375,6.1375,6.1375,6.1375,6.1375,6.1375,6.1375,6.1375,6.1375,6.1375,6.1375,6.1375,6.1375,6.1375,6.1375,6.1375,6.1375,6.1375,6.1375,6.1375,6.1375,6.1375,6.1375,6.1375,6.1375,6.1375,6.1375,6.1375,6.1375,6.1375,6.1375,6.1375,6.1375,6.1375,6.1375,6.1375,6.1375,6.1375,6.1375,6.1375,6.1375,6.1375,6.1375,6.1375,6.1375,6.1375,6.1375,6.1375,6.1375,6.1375,6.1375,6.1375,6.1375,6.1375,6.1375,6.1375,6.1375,6.1375,6.1375,6.1375,6.1375,6.1375,6.1375,6.1375,6.1375,6.1375,6.1375,6.1375,6.1375,6.1375,6.1375,6.1375,6.1375,6.1375,6.1375,6.1375,6.1375,6.1375,6.1375,6.1375,6.1375,6.1375,6.1375,6.1375,6.1375,6.1375,6.1375,6.1375,6.1375,6.1375,6.1375,6.1375,6.1375,6.1375,6.1375,6.1375,6.1375,6.1375,6.1375,6.1375,6.1375,6.1375,6.1375,6.1375,6.1375,6.1375,6.1375,6.1375,6.1375,6.1375,6.1375,6.1375,6.1375,6.1375,6.1375,6.1375,6.1375,6.1375,6.1375,6.1375,6.1375,6.1375,6.1375,6.1375,6.1375,6.1375,6.1375,6.1375,6.1375,6.1375,6.1375,6.1375,6.1375,6.1375,6.1375,6.1375,6.1375,6.1375,6.1375,6.1375,6.1375,6.1375,6.1375,6.1375,6.1375,6.1375,6.1375,6.1375,6.1375,6.1375,6.1375,6.1375,6.1375,6.1375,6.1375,6.1375,6.1375,6.1375,6.1375,6.1375,6.1375,6.1375,6.1375,6.1375,6.1375,6.1375,6.1375,6.1375,6.1375,6.1375,6.1375,6.1375,6.1375,6.1375,6.1375,6.1375,6.1375,6.1375,6.1375,6.1375,6.1375,6.1375,6.1375,6.1375,6.1375,6.1375,6.1375,6.1375,6.1375,6.1375,6.1375,6.1375,6.1375,6.1375,6.1375,6.1375,6.1375,6.1375,6.1375,6.1375,6.1375,6.1375,6.1375,6.1375,6.1375,6.1375,6.1375,6.1375,6.1375,6.1375,6.1375,6.1375,6.1375,6.1375,6.1375,6.1375,6.1375,6.1375,6.1375,6.1375,6.1375,6.1375,6.1375,6.1375,6.1375,6.1375,6.1375,6.1375,6.1375,6.1375,6.1375,6.1375,6.1375,6.1375,6.1375,6.1375,6.1375,6.1375,6.1375,6.1375,6.1375,6.1375,6.1375,6.1375,6.1375,6.1375,6.1375,6.1375,6.1375,6.1375,6.1375,6.1375,6.1375,6.1375,6.1375,6.1375,6.1375,6.1375,6.1375,6.1375,6.1375,6.1375,6.1375,6.1375,6.1375,6.1375,6.1375,6.1375,6.1375,6.1375,6.1375,6.1375,6.1375,6.1375,6.1375,6.1375,6.1375,6.1375,6.1375,6.1375,6.1375,6.1375,6.1375,6.1375,6.1375,6.1375,6.1375,6.1375,6.1375,6.1375,6.1375,6.1375,6.1375,6.1375,6.1375,6.1375,6.1375,6.1375,6.1375,6.1375,6.1375,6.1375,6.1375,6.1375,6.1375,6.1375,6.1375,6.1375,6.1375,6.1375,6.1375,6.1375,6.1375,6.1375,6.1375,6.1375,6.1375,6.1375,6.1375,6.1375,6.1375,6.1375,6.1375,6.1375,6.1375,6.1375,6.1375,6.1375,6.1375,6.1375,6.1375,6.1375,6.1375,6.1375,6.1375,6.1375,6.1375,6.1375,6.1375,6.1375,6.1375,6.1375,6.1375,6.1375,6.1375,6.1375,6.1375,6.1375,6.1375,6.1375,6.1375,6.1375,6.1375,6.1375,6.1375,6.1375,6.1375,6.1375,6.1375,6.1375,6.1375,6.1375,6.1375,6.1375,6.1375,6.1375,6.1375,6.1375,6.1375,6.1375
6.1335,6.1335,6.1335,6.1335,6.1335,6.1335,6.1335,6.1335,6.1335,6.1335,6.1335,6.1335,6.1335,6.1335,6.1335,6.1335,6.1335,6.1335,6.1335,6.1335,6.1335,6.1335,6.1335,6.1335,6.1335,6.1335,6.1335,6.1335,6.1335,6.1335,6.1335,6.1335,6.1335,6.1335,6.1335,6.1335,6.1335,6.1335,6.1335,6.1335,6.1335,6.1335,6.1335,6.1335,6.1335,6.1335,6.1335,6.1335,6.1335,6.1335,6.1335,6.1335,6.1335,6.1335,6.1335,6.1335,6.1335,6.1335,6.1335,6.1335,6.1335,6.1335,6.1335,6.1335,6.1335,6.1335,6.1335,6.1335,6.1335,6.1335,6.1335,6.1335,6.1335,6.1335,6.1335,6.1335,6.1335,6.1335,6.1335,6.1335,6.1335,6.1335,6.1335,6.1335,6.1335,6.1335,6.1335,6.1335,6.1335,6.1335,6.1335,6.1335,6.1335,6.1335,6.1335,6.1335,6.1335,6.1335,6.1335,6.1335,6.1335,6.1335,6.1335,6.1335,6.1335,6.1335,6.1335,6.1335,6.1335,6.1335,6.1335,6.1335,6.1335,6.1335,6.1335,6.1335,6.1335,6.1335,6.1335,6.1335,6.1335,6.1335,6.1335,6.1335,6.1335,6.1335,6.1335,6.1335,6.1335,6.1335,6.1335,6.1335,6.1335,6.1335,6.1335,6.1335,6.1335,6.1335,6.1335,6.1335,6.1335,6.1335,6.1335,6.1335,6.1335,6.1335,6.1335,6.1335,6.1335,6.1335,6.1335,6.1335,6.1335,6.1335,6.1335,6.1335,6.1335,6.1335,6.1335,6.1335,6.1335,6.1335,6.1335,6.1335,6.1335,6.1335,6.1335,6.1335,6.1335,6.1335,6.1335,6.1335,6.1335,6.1335,6.1335,6.1335,6.1335,6.1335,6.1335,6.1335,6.1335,6.1335,6.1335,6.1335,6.1335,6.1335,6.1335,6.1335,6.1335,6.1335,6.1335,6.1335,6.1335,6.1335,6.1335,6.1335,6.1335,6.1335,6.1335,6.1335,6.1335,6.1335,6.1335,6.1335,6.1335,6.1335,6.1335,6.1335,6.1335,6.1335,6.1335,6.1335,6.1335,6.1335,6.1335,6.1335,6.1335,6.1335,6.1335,6.1335,6.1335,6.1335,6.1335,6.1335,6.1335,6.1335,6.1335,6.1335,6.1335,6.1335,6.1335,6.1335,6.1335,6.1335,6.1335,6.1335,6.1335,6.1335,6.1335,6.1335,6.1335,6.1335,6.1335,6.1335,6.1335,6.1335,6.1335,6.1335,6.1335,6.1335,6.1335,6.1335,6.1335,6.1335,6.1335,6.1335,6.1335,6.1335,6.1335,6.1335,6.1335,6.1335,6.1335,6.1335,6.1335,6.1335,6.1335,6.1335,6.1335,6.1335,6.1335,6.1335,6.1335,6.1335,6.1335,6.1335,6.1335,6.1335,6.1335,6.1335,6.1335,6.1335,6.1335,6.1335,6.1335,6.1335,6.1335,6.1335,6.1335,6.1335,6.1335,6.1335,6.1335,6.1335,6.1335,6.1335,6.1335,6.1335,6.1335,6.1335,6.1335,6.1335,6.1335,6.1335,6.1335,6.1335,6.1335,6.1335,6.1335,6.1335,6.1335,6.1335,6.1335,6.1335,6.1335,6.1335,6.1335,6.1335,6.1335,6.1335,6.1335,6.1335,6.1335,6.1335,6.1335,6.1335,6.1335,6.1335,6.1335,6.1335,6.1335,6.1335,6.1335,6.1335,6.1335,6.1335,6.1335,6.1335,6.1335,6.1335,6.1335,6.1335,6.1335,6.1335,6.1335,6.1335,6.1335,6.1335,6.1335,6.1335,6.1335,6.1335,6.1335,6.1335,6.1335,6.1335,6.1335,6.1335,6.1335,6.1335,6.1335,6.1335,6.1335,6.1335,6.1335,6.1335,6.1335,6.1335,6.1335,6.1335,6.1335,6.1335,6.1335,6.1335,6.1335,6.1335,6.1335,6.1335,6.1335,6.1335,6.1335,6.1335,6.1335,6.1335,6.1335,6.1335,6.1335,6.1335,6.1335,6.1335,6.1335,6.1335,6.1335,6.1335,6.1335,6.1335,6.1335,6.1335,6.1335,6.1335,6.1335,6.1335,6.1335,6.1335,6.1335,6.1335,6.1335,6.1335,6.1335,6.1335,6.1335,6.1335,6.1335,6.1335,6.1335,6.1335,6.1335,6.1335,6.1335,6.1335,6.1335,6.1335,6.1335,6.1335,6.1335,6.1335,6.1335,6.1335,6.1335,6.1335,6.1335,6.1335,6.1335,6.1335,6.1335,6.1335,6.1335,6.1335,6.1335,6.1335,6.1335,6.1335,6.1335,6.1335,6.1335,6.1335,6.1335,6.1335,6.1335,6.1335,6.1335,6.1335,6.1335,6.1335,6.1335,6.1335,6.1335,6.1335,6.1335,6.1335,6.1335,6.1335,6.1335,6.1335,6.1335,6.1335,6.1335,6.1335,6.1335,6.1335,6.1335,6.1335,6.1335,6.1335,6.1335,6.1335,6.1335,6.1335,6.1335,6.1335,6.1335,6.1335,6.1335,6.1335,6.1335,6.1335,6.1335,6.1335,6.1335,6.1335,6.1335,6.1335,6.1335,6.1335,6.1335,6.1335,6.1335,6.1335,6.1335,6.1335,6.1335,6.1335,6.1335,6.1335,6.1335,6.1335,6.1335,6.1335,6.1335,6.1335,6.1335,6.1335,6.1335,6.1335,6.1335,6.1335,6.1335,6.1335,6.1335,6.1335,6.1335,6.1335,6.1335,6.1335,6.1335,6.1335,6.1335,6.1335,6.1335,6.1335,6.1335,6.1335,6.1335,6.1335,6.1335,6.1335,6.1335,6.1335,6.1335,6.1335,6.1335,6.1335,6.1335,6.1335,6.1335,6.1335,6.1335,6.1335,6.1335,6.1335,6.1335,6.1335,6.1335,6.1335,6.1335,6.1335,6.1335,6.1335,6.1335,6.1335,6.1335,6.1335,6.1335,6.1335,6.1335,6.1335,6.1335,6.1335,6.1335,6.1335,6.1335,6.1335,6.1335,6.1335,6.1335,6.1335,6.1335,6.1335,6.1335,6.1335,6.1335,6.1335,6.1335,6.1335,6.1335,6.1335,6.1335,6.1335,6.1335,6.1335,6.1335,6.1335,6.1335,6.1335,6.1335,6.1335,6.1335,6.1335,6.1335,6.1335,6.1335,6.1335,6.1335,6.1335,6.1335,6.1335,6.1335,6.1335,6.1335,6.1335,6.1335,6.1335,6.1335,6.1335,6.1335,6.1335,6.1335,6.1335,6.1335,6.1335,6.1335,6.1335,6.1335,6.1335,6.1335,6.1335,6.1335,6.1335,6.1335,6.1335,6.1335,6.1335,6.1335,6.1335,6.1335,6.1335,6.1335,6.1335,6.1335,6.1335,6.1335,6.1335,6.1335,6.1335,6.1335,6.1335,6.1335,6.1335,6.1335,6.1335,6.1335,6.1335,6.1335,6.1335,6.1335,6.1335,6.1335,6.1335,6.1335,6.1335,6.1335,6.1335,6.1335,6.1335,6.1335,6.1335,6.1335,6.1335,6.1335,6.1335,6.1335,6.1335,6.1335,6.1335,6.1335,6.1335,6.1335,6.1335,6.1335,6.1335,6.1335,6.1335,6.1335,6.1335,6.1335,6.1335,6.1335,6.1335,6.1335,6.1335,6.1335,6.1335,6.1335,6.1335,6.1335,6.1335,6.1335,6.1335,6.1335,6.1335,6.1335,6.1335,6.1335,6.1335,6.1335,6.1335,6.1335,6.1335,6.1335,6.1335,6.1335,6.1335,6.1335,6.1335,6.1335,6.1335,6.1335,6.1335,6.1335,6.1335,6.1335,6.1335,6.1335,6.1335,6.1335,6.1335,6.1335,6.1335,6.1335,6.1335,6.1335,6.1335,6.1335,6.1335,6.1335,6.1335,6.1335,6.1335,6.1335,6.1335,6.1335,6.1335,6.1335,6.1335,6.1335,6.1335,6.1335,6.1335,6.1335,6.1335,6.1335,6.1335,6.1335,6.1335,6.1335,6.1335,6.1335,6.1335,6.1335,6.1335,6.1335,6.1335,6.1335,6.1335,6.1335,6.1335,6.1335,6.1335,6.1335,6.1335,6.1335,6.1335,6.1335,6.1335,6.1335,6.1335,6.1335,6.1335,6.1335,6.1335,6.1335,6.1335,6.1335,6.1335,6.1335,6.1335,6.1335,6.1335,6.1335,6.1335,6.1335,6.1335,6.1335,6.1335,6.1335,6.1335,6.1335,6.1335,6.1335,6.1335,6.1335,6.1335,6.1335,6.1335,6.1335,6.1335,6.1335,6.1335,6.1335,6.1335,6.1335,6.1335,6.1335,6.1335,6.1335,6.1335,6.1335,6.1335,6.1335,6.1335,6.1335,6.1335,6.1335,6.1335,6.1335,6.1335,6.1335,6.1335,6.1335,6.1335,6.1335,6.1335,6.1335,6.1335,6.1335,6.1335,6.1335,6.1335,6.1335,6.1335,6.1335,6.1335,6.1335,6.1335,6.1335,6.1335,6.1335,6.1335,6.1335,6.1335,6.1335,6.1335,6.1335,6.1335,6.1335,6.1335,6.1335,6.1335,6.1335,6.1335,6.1335,6.1335,6.1335,6.1335,6.1335,6.1335,6.1335,6.1335,6.1335,6.1335,6.1335,6.1335,6.1335,6.1335,6.1335,6.1335,6.1335,6.1335,6.1335,6.1335,6.1335,6.1335,6.1335,6.1335,6.1335,6.1335,6.1335,6.1335,6.1335,6.1335,6.1335,6.1335,6.1335,6.1335,6.1335,6.1335,6.1335,6.1335,6.1335,6.1335,6.1335,6.1335,6.1335,6.1335,6.1335,6.1335,6.1335,6.1335,6.1335,6.1335,6.1335,6.1335,6.1335,6.1335,6.1335,6.1335,6.1335,6.1335,6.1335,6.1335,6.1335,6.1335,6.1335,6.1335,6.1335,6.1335,6.1335,6.1335,6.1335,6.1335,6.1335,6.1335,6.1335,6.1335,6.1335,6.1335,6.1335,6.1335,6.1335,6.1335,6.1335,6.1335,6.1335,6.1335,6.1335,6.1335,6.1335,6.1335,6.1335,6.1335,6.1335,6.1335,6.1335,6.1335,6.1335,6.1335,6.1335,6.1335,6.1335,6.1335
6.1292,6.1292,6.1292,6.1292,6.1292,6.1292,6.1292,6.1292,6.1292,6.1292,6.1292,6.1292,6.1292,6.1292,6.1292,6.1292,6.1292,6.1292,6.1292,6.1292,6.1292,6.1292,6.1292,6.1292,6.1292,6.1292,6.1292,6.1292,6.1292,6.1292,6.1292,6.1292,6.1292,6.1292,6.1292,6.1292,6.1292,6.1292,6.1292,6.1292,6.1292,6.1292,6.1292,6.1292,6.1292,6.1292,6.1292,6.1292,6.1292,6.1292,6.1292,6.1292,6.1292,6.1292,6.1292,6.1292,6.1292,6.1292,6.1292,6.1292,6.1292,6.1292,6.1292,6.1292,6.1292,6.1292,6.1292,6.1292,6.1292,6.1292,6.1292,6.1292,6.1292,6.1292,6.1292,6.1292,6.1292,6.1292,6.1292,6.1292,6.1292,6.1292,6.1292,6.1292,6.1292,6.1292,6.1292,6.1292,6.1292,6.1292,6.1292,6.1292,6.1292,6.1292,6.1292,6.1292,6.1292,6.1292,6.1292,6.1292,6.1292,6.1292,6.1292,6.1292,6.1292,6.1292,6.1292,6.1292,6.1292,6.1292,6.1292,6.1292,6.1292,6.1292,6.1292,6.1292,6.1292,6.1292,6.1292,6.1292,6.1292,6.1292,6.1292,6.1292,6.1292,6.1292,6.1292,6.1292,6.1292,6.1292,6.1292,6.1292,6.1292,6.1292,6.1292,6.1292,6.1292,6.1292,6.1292,6.1292,6.1292,6.1292,6.1292,6.1292,6.1292,6.1292,6.1292,6.1292,6.1292,6.1292,6.1292,6.1292,6.1292,6.1292,6.1292,6.1292,6.1292,6.1292,6.1292,6.1292,6.1292,6.1292,6.1292,6.1292,6.1292,6.1292,6.1292,6.1292,6.1292,6.1292,6.1292,6.1292,6.1292,6.1292,6.1292,6.1292,6.1292,6.1292,6.1292,6.1292,6.1292,6.1292,6.1292,6.1292,6.1292,6.1292,6.1292,6.1292,6.1292,6.1292,6.1292,6.1292,6.1292,6.1292,6.1292,6.1292,6.1292,6.1292,6.1292,6.1292,6.1292,6.1292,6.1292,6.1292,6.1292,6.1292,6.1292,6.1292,6.1292,6.1292,6.1292,6.1292,6.1292,6.1292,6.1292,6.1292,6.1292,6.1292,6.1292,6.1292,6.1292,6.1292,6.1292,6.1292,6.1292,6.1292,6.1292,6.1292,6.1292,6.1292,6.1292,6.1292,6.1292,6.1292,6.1292,6.1292,6.1292,6.1292,6.1292,6.1292,6.1292,6.1292,6.1292,6.1292,6.1292,6.1292,6.1292,6.1292,6.1292,6.1292,6.1292,6.1292,6.1292,6.1292,6.1292,6.1292,6.1292,6.1292,6.1292,6.1292,6.1292,6.1292,6.1292,6.1292,6.1292,6.1292,6.1292,6.1292,6.1292,6.1292,6.1292,6.1292,6.1292,6.1292,6.1292,6.1292,6.1292,6.1292,6.1292,6.1292,6.1292,6.1292,6.1292,6.1292,6.1292,6.1292,6.1292,6.1292,6.1292,6.1292,6.1292,6.1292,6.1292,6.1292,6.1292,6.1292,6.1292,6.1292,6.1292,6.1292,6.1292,6.1292,6.1292,6.1292,6.1292,6.1292,6.1292,6.1292,6.1292,6.1292,6.1292,6.1292,6.1292,6.1292,6.1292,6.1292,6.1292,6.1292,6.1292,6.1292,6.1292,6.1292,6.1292,6.1292,6.1292,6.1292,6.1292,6.1292,6.1292,6.1292,6.1292,6.1292,6.1292,6.1292,6.1292,6.1292,6.1292,6.1292,6.1292,6.1292,6.1292,6.1292,6.1292,6.1292,6.1292,6.1292,6.1292,6.1292,6.1292,6.1292,6.1292,6.1292,6.1292,6.1292,6.1292,6.1292,6.1292,6.1292,6.1292,6.1292,6.1292,6.1292,6.1292,6.1292,6.1292,6.1292,6.1292,6.1292,6.1292,6.1292,6.1292,6.1292,6.1292,6.1292,6.1292,6.1292,6.1292,6.1292,6.1292,6.1292,6.1292,6.1292,6.1292,6.1292,6.1292,6.1292,6.1292,6.1292,6.1292,6.1292,6.1292,6.1292,6.1292,6.1292,6.1292,6.1292,6.1292,6.1292,6.1292,6.1292,6.1292,6.1292,6.1292,6.1292,6.1292,6.1292,6.1292,6.1292,6.1292,6.1292,6.1292,6.1292,6.1292,6.1292,6.1292,6.1292,6.1292,6.1292,6.1292,6.1292,6.1292,6.1292,6.1292,6.1292,6.1292,6.1292,6.1292,6.1292,6.1292,6.1292,6.1292,6.1292,6.1292,6.1292,6.1292,6.1292,6.1292,6.1292,6.1292,6.1292,6.1292,6.1292,6.1292,6.1292,6.1292,6.1292,6.1292,6.1292,6.1292,6.1292,6.1292,6.1292,6.1292,6.1292,6.1292,6.1292,6.1292,6.1292,6.1292,6.1292,6.1292,6.1292,6.1292,6.1292,6.1292,6.1292,6.1292,6.1292,6.1292,6.1292,6.1292,6.1292,6.1292,6.1292,6.1292,6.1292,6.1292,6.1292,6.1292,6.1292,6.1292,6.1292,6.1292,6.1292,6.1292,6.1292,6.1292,6.1292,6.1292,6.1292,6.1292,6.1292,6.1292,6.1292,6.1292,6.1292,6.1292,6.1292,6.1292,6.1292,6.1292,6.1292,6.1292,6.1292,6.1292,6.1292,6.1292,6.1292,6.1292,6.1292,6.1292,6.1292,6.1292,6.1292,6.1292,6.1292,6.1292,6.1292,6.1292,6.1292,6.1292,6.1292,6.1292,6.1292,6.1292,6.1292,6.1292,6.1292,6.1292,6.1292,6.1292,6.1292,6.1292,6.1292,6.1292,6.1292,6.1292,6.1292,6.1292,6.1292,6.1292,6.1292,6.1292,6.1292,6.1292,6.1292,6.1292,6.1292,6.1292,6.1292,6.1292,6.1292,6.1292,6.1292,6.1292,6.1292,6.1292,6.1292,6.1292,6.1292,6.1292,6.1292,6.1292,6.1292,6.1292,6.1292,6.1292,6.1292,6.1292,6.1292,6.1292,6.1292,6.1292,6.1292,6.1292,6.1292,6.1292,6.1292,6.1292,6.1292,6.1292,6.1292,6.1292,6.1292,6.1292,6.1292,6.1292,6.1292,6.1292,6.1292,6.1292,6.1292,6.1292,6.1292,6.1292,6.1292,6.1292,6.1292,6.1292,6.1292,6.1292,6.1292,6.1292,6.1292,6.1292,6.1292,6.1292,6.1292,6.1292,6.1292,6.1292,6.1292,6.1292,6.1292,6.1292,6.1292,6.1292,6.1292,6.1292,6.1292,6.1292,6.1292,6.1292,6.1292,6.1292,6.1292,6.1292,6.1292,6.1292,6.1292,6.1292,6.1292,6.1292,6.1292,6.1292,6.1292,6.1292,6.1292,6.1292,6.1292,6.1292,6.1292,6.1292,6.1292,6.1292,6.1292,6.1292,6.1292,6.1292,6.1292,6.1292,6.1292,6.1292,6.1292,6.1292,6.1292,6.1292,6.1292,6.1292,6.1292,6.1292,6.1292,6.1292,6.1292,6.1292,6.1292,6.1292,6.1292,6.1292,6.1292,6.1292,6.1292,6.1292,6.1292,6.1292,6.1292,6.1292,6.1292,6.1292,6.1292,6.1292,6.1292,6.1292,6.1292,6.1292,6.1292,6.1292,6.1292,6.1292,6.1292,6.1292,6.1292,6.1292,6.1292,6.1292,6.1292,6.1292,6.1292,6.1292,6.1292,6.1292,6.1292,6.1292,6.1292,6.1292,6.1292,6.1292,6.1292,6.1292,6.1292,6.1292,6.1292,6.1292,6.1292,6.1292,6.1292,6.1292,6.1292,6.1292,6.1292,6.1292,6.1292,6.1292,6.1292,6.1292,6.1292,6.1292,6.1292,6.1292,6.1292,6.1292,6.1292,6.1292,6.1292,6.1292,6.1292,6.1292,6.1292,6.1292,6.1292,6.1292,6.1292,6.1292,6.1292,6.1292,6.1292,6.1292,6.1292,6.1292,6.1292,6.1292,6.1292,6.1292,6.1292,6.1292,6.1292,6.1292,6.1292,6.1292,6.1292,6.1292,6.1292,6.1292,6.1292,6.1292,6.1292,6.1292,6.1292,6.1292,6.1292,6.1292,6.1292,6.1292,6.1292,6.1292,6.1292,6.1292,6.1292,6.1292,6.1292,6.1292,6.1292,6.1292,6.1292,6.1292,6.1292,6.1292,6.1292,6.1292,6.1292,6.1292,6.1292,6.1292,6.1292,6.1292,6.1292,6.1292,6.1292,6.1292,6.1292,6.1292,6.1292,6.1292,6.1292,6.1292,6.1292,6.1292,6.1292,6.1292,6.1292,6.1292,6.1292,6.1292,6.1292,6.1292,6.1292,6.1292,6.1292,6.1292,6.1292,6.1292,6.1292,6.1292,6.1292,6.1292,6.1292,6.1292,6.1292,6.1292,6.1292,6.1292,6.1292,6.1292,6.1292,6.1292,6.1292,6.1292,6.1292,6.1292,6.1292,6.1292,6.1292,6.1292,6.1292,6.1292,6.1292,6.1292,6.1292,6.1292,6.1292,6.1292,6.1292,6.1292,6.1292,6.1292,6.1292,6.1292,6.1292,6.1292,6.1292,6.1292,6.1292,6.1292,6.1292,6.1292,6.1292,6.1292,6.1292,6.1292,6.1292,6.1292,6.1292,6.1292,6.1292,6.1292,6.1292,6.1292,6.1292,6.1292,6.1292,6.1292,6.1292,6.1292,6.1292,6.1292,6.1292,6.1292,6.1292,6.1292,6.1292,6.1292,6.1292,6.1292,6.1292,6.1292,6.1292,6.1292,6.1292,6.1292,6.1292,6.1292,6.1292,6.1292,6.1292,6.1292,6.1292,6.1292,6.1292,6.1292,6.1292,6.1292,6.1292,6.1292,6.1292,6.1292,6.1292,6.1292,6.1292,6.1292,6.1292,6.1292,6.1292,6.1292,6.1292,6.1292,6.1292,6.1292,6.1292,6.1292,6.1292,6.1292,6.1292,6.1292,6.1292,6.1292,6.1292,6.1292,6.1292,6.1292,6.1292,6.1292,6.1292,6.1292,6.1292,6.1292,6.1292,6.1292,6.1292,6.1292,6.1292,6.1292,6.1292,6.1292,6.1292,6.1292,6.1292,6.1292,6.1292,6.1292,6.1292
6.1250,6.1250,6.1250,6.1250,6.1250,6.1250,6.1250,6.1250,6.1250,6.1250,6.1250,6.1250,6.1250,6.1250,6.1250,6.1250,6.1250,6.1250,6.1250,6.1250,6.1250,6.1250,6.1250,6.1250,6.1250,6.1250,6.1250,6.1250,6.1250,6.1250,6.1250,6.1250,6.1250,6.1250,6.1250,6.1250,6.1250,6.1250,6.1250,6.1250,6.1250,6.1250,6.1250,6.1250,6.1250,6.1250,6.1250,6.1250,6.1250,6.1250,6.1250,6.1250,6.1250,6.1250,6.1250,6.1250,6.1250,6.1250,6.1250,6.1250,6.1250,6.1250,6.1250,6.1250,6.1250,6.1250,6.1250,6.1250,6.1250,6.1250,6.1250,6.1250,6.1250,6.1250,6.1250,6.1250,6.1250,6.1250,6.1250,6.1250,6.1250,6.1250,6.1250,6.1250,6.1250,6.1250,6.1250,6.1250,6.1250,6.1250,6.1250,6.1250,6.1250,6.1250,6.1250,6.1250,6.1250,6.1250,6.1250,6.1250,6.1250,6.1250,6.1250,6.1250,6.1250,6.1250,6.1250,6.1250,6.1250,6.1250,6.1250,6.1250,6.1250,6.1250,6.1250,6.1250,6.1250,6.1250,6.1250,6.1250,6.1250,6.1250,6.1250,6.1250,6.1250,6.1250,6.1250,6.1250,6.1250,6.1250,6.1250,6.1250,6.1250,6.1250,6.1250,6.1250,6.1250,6.1250,6.1250,6.1250,6.1250,6.1250,6.1250,6.1250,6.1250,6.1250,6.1250,6.1250,6.1250,6.1250,6.1250,6.1250,6.1250,6.1250,6.1250,6.1250,6.1250,6.1250,6.1250,6.1250,6.1250,6.1250,6.1250,6.1250,6.1250,6.1250,6.1250,6.1250,6.1250,6.1250,6.1250,6.1250,6.1250,6.1250,6.1250,6.1250,6.1250,6.1250,6.1250,6.1250,6.1250,6.1250,6.1250,6.1250,6.1250,6.1250,6.1250,6.1250,6.1250,6.1250,6.1250,6.1250,6.1250,6.1250,6.1250,6.1250,6.1250,6.1250,6.1250,6.1250,6.1250,6.1250,6.1250,6.1250,6.1250,6.1250,6.1250,6.1250,6.1250,6.1250,6.1250,6.1250,6.1250,6.1250,6.1250,6.1250,6.1250,6.1250,6.1250,6.1250,6.1250,6.1250,6.1250,6.1250,6.1250,6.1250,6.1250,6.1250,6.1250,6.1250,6.1250,6.1250,6.1250,6.1250,6.1250,6.1250,6.1250,6.1250,6.1250,6.1250,6.1250,6.1250,6.1250,6.1250,6.1250,6.1250,6.1250,6.1250,6.1250,6.1250,6.1250,6.1250,6.1250,6.1250,6.1250,6.1250,6.1250,6.1250,6.1250,6.1250,6.1250,6.1250,6.1250,6.1250,6.1250,6.1250,6.1250,6.1250,6.1250,6.1250,6.1250,6.1250,6.1250,6.1250,6.1250,6.1250,6.1250,6.1250,6.1250,6.1250,6.1250,6.1250,6.1250,6.1250,6.1250,6.1250,6.1250,6.1250,6.1250,6.1250,6.1250,6.1250,6.1250,6.1250,6.1250,6.1250,6.1250,6.1250,6.1250,6.1250,6.1250,6.1250,6.1250,6.1250,6.1250,6.1250,6.1250,6.1250,6.1250,6.1250,6.1250,6.1250,6.1250,6.1250,6.1250,6.1250,6.1250,6.1250,6.1250,6.1250,6.1250,6.1250,6.1250,6.1250,6.1250,6.1250,6.1250,6.1250,6.1250,6.1250,6.1250,6.1250,6.1250,6.1250,6.1250,6.1250,6.1250,6.1250,6.1250,6.1250,6.1250,6.1250,6.1250,6.1250,6.1250,6.1250,6.1250,6.1250,6.1250,6.1250,6.1250,6.1250,6.1250,6.1250,6.1250,6.1250,6.1250,6.1250,6.1250,6.1250,6.1250,6.1250,6.1250,6.1250,6.1250,6.1250,6.1250,6.1250,6.1250,6.1250,6.1250,6.1250,6.1250,6.1250,6.1250,6.1250,6.1250,6.1250,6.1250,6.1250,6.1250,6.1250,6.1250,6.1250,6.1250,6.1250,6.1250,6.1250,6.1250,6.1250,6.1250,6.1250,6.1250,6.1250,6.1250,6.1250,6.1250,6.1250,6.1250,6.1250,6.1250,6.1250,6.1250,6.1250,6.1250,6.1250,6.1250,6.1250,6.1250,6.1250,6.1250,6.1250,6.1250,6.1250,6.1250,6.1250,6.1250,6.1250,6.1250,6.1250,6.1250,6.1250,6.1250,6.1250,6.1250,6.1250,6.1250,6.1250,6.1250,6.1250,6.1250,6.1250,6.1250,6.1250,6.1250,6.1250,6.1250,6.1250,6.1250,6.1250,6.1250,6.1250,6.1250,6.1250,6.1250,6.1250,6.1250,6.1250,6.1250,6.1250,6.1250,6.1250,6.1250,6.1250,6.1250,6.1250,6.1250,6.1250,6.1250,6.1250,6.1250,6.1250,6.1250,6.1250,6.1250,6.1250,6.1250,6.1250,6.1250,6.1250,6.1250,6.1250,6.1250,6.1250,6.1250,6.1250,6.1250,6.1250,6.1250,6.1250,6.1250,6.1250,6.1250,6.1250,6.1250,6.1250,6.1250,6.1250,6.1250,6.1250,6.1250,6.1250,6.1250,6.1250,6.1250,6.1250,6.1250,6.1250,6.1250,6.1250,6.1250,6.1250,6.1250,6.1250,6.1250,6.1250,6.1250,6.1250,6.1250,6.1250,6.1250,6.1250,6.1250,6.1250,6.1250,6.1250,6.1250,6.1250,6.1250,6.1250,6.1250,6.1250,6.1250,6.1250,6.1250,6.1250,6.1250,6.1250,6.1250,6.1250,6.1250,6.1250,6.1250,6.1250,6.1250,6.1250,6.1250,6.1250,6.1250,6.1250,6.1250,6.1250,6.1250,6.1250,6.1250,6.1250,6.1250,6.1250,6.1250,6.1250,6.1250,6.1250,6.1250,6.1250,6.1250,6.1250,6.1250,6.1250,6.1250,6.1250,6.1250,6.1250,6.1250,6.1250,6.1250,6.1250,6.1250,6.1250,6.1250,6.1250,6.1250,6.1250,6.1250,6.1250,6.1250,6.1250,6.1250,6.1250,6.1250,6.1250,6.1250,6.1250,6.1250,6.1250,6.1250,6.1250,6.1250,6.1250,6.1250,6.1250,6.1250,6.1250,6.1250,6.1250,6.1250,6.1250,6.1250,6.1250,6.1250,6.1250,6.1250,6.1250,6.1250,6.1250,6.1250,6.1250,6.1250,6.1250,6.1250,6.1250,6.1250,6.1250,6.1250,6.1250,6.1250,6.1250,6.1250,6.1250,6.1250,6.1250,6.1250,6.1250,6.1250,6.1250,6.1250,6.1250,6.1250,6.1250,6.1250,6.1250,6.1250,6.1250,6.1250,6.1250,6.1250,6.1250,6.1250,6.1250,6.1250,6.1250,6.1250,6.1250,6.1250,6.1250,6.1250,6.1250,6.1250,6.1250,6.1250,6.1250,6.1250,6.1250,6.1250,6.1250,6.1250,6.1250,6.1250,6.1250,6.1250,6.1250,6.1250,6.1250,6.1250,6.1250,6.1250,6.1250,6.1250,6.1250,6.1250,6.1250,6.1250,6.1250,6.1250,6.1250,6.1250,6.1250,6.1250,6.1250,6.1250,6.1250,6.1250,6.1250,6.1250,6.1250,6.1250,6.1250,6.1250,6.1250,6.1250,6.1250,6.1250,6.1250,6.1250,6.1250,6.1250,6.1250,6.1250,6.1250,6.1250,6.1250,6.1250,6.1250,6.1250,6.1250,6.1250,6.1250,6.1250,6.1250,6.1250,6.1250,6.1250,6.1250,6.1250,6.1250,6.1250,6.1250,6.1250,6.1250,6.1250,6.1250,6.1250,6.1250,6.1250,6.1250,6.1250,6.1250,6.1250,6.1250,6.1250,6.1250,6.1250,6.1250,6.1250,6.1250,6.1250,6.1250,6.1250,6.1250,6.1250,6.1250,6.1250,6.1250,6.1250,6.1250,6.1250,6.1250,6.1250,6.1250,6.1250,6.1250,6.1250,6.1250,6.1250,6.1250,6.1250,6.1250,6.1250,6.1250,6.1250,6.1250,6.1250,6.1250,6.1250,6.1250,6.1250,6.1250,6.1250,6.1250,6.1250,6.1250,6.1250,6.1250,6.1250,6.1250,6.1250,6.1250,6.1250,6.1250,6.1250,6.1250,6.1250,6.1250,6.1250,6.1250,6.1250,6.1250,6.1250,6.1250,6.1250,6.1250,6.1250,6.1250,6.1250,6.1250,6.1250,6.1250,6.1250,6.1250,6.1250,6.1250,6.1250,6.1250,6.1250,6.1250,6.1250,6.1250,6.1250,6.1250,6.1250,6.1250,6.1250,6.1250,6.1250,6.1250,6.1250,6.1250,6.1250,6.1250,6.1250,6.1250,6.1250,6.1250,6.1250,6.1250,6.1250,6.1250,6.1250,6.1250,6.1250,6.1250,6.1250,6.1250,6.1250,6.1250,6.1250,6.1250,6.1250,6.1250,6.1250,6.1250,6.1250,6.1250,6.1250,6.1250,6.1250,6.1250,6.1250,6.1250,6.1250,6.1250,6.1250,6.1250,6.1250,6.1250,6.1250,6.1250,6.1250,6.1250,6.1250,6.1250,6.1250,6.1250,6.1250,6.1250,6.1250,6.1250,6.1250,6.1250,6.1250,6.1250,6.1250,6.1250,6.1250,6.1250,6.1250,6.1250,6.1250,6.1250,6.1250,6.1250,6.1250,6.1250,6.1250,6.1250,6.1250,6.1250,6.1250,6.1250,6.1250,6.1250,6.1250,6.1250,6.1250,6.1250,6.1250,6.1250,6.1250,6.1250,6.1250,6.1250,6.1250,6.1250,6.1250,6.1250,6.1250,6.1250,6.1250,6.1250,6.1250,6.1250,6.1250,6.1250,6.1250,6.1250,6.1250,6.1250,6.1250,6.1250,6.1250,6.1250,6.1250,6.1250,6.1250,6.1250,6.1250,6.1250,6.1250,6.1250,6.1250,6.1250,6.1250,6.1250,6.1250,6.1250,6.1250,6.1250,6.1250,6.1250,6.1250,6.1250,6.1250,6.1250,6.1250,6.1250,6.1250,6.1250,6.1250,6.1250,6.1250,6.1250,6.1250,6.1250,6.1250,6.1250,6.1250,6.1250,6.1250,6.1250,6.1250,6.1250
6.1207,6.1207,6.1207,6.1207,6.1207,6.1207,6.1207,6.1207,6.1207,6.1207,6.1207,6.1207,6.1207,6.1207,6.1207,6.1207,6.1207,6.1207,6.1207,6.1207,6.1207,6.1207,6.1207,6.1207,6.1207,6.1207,6.1207,6.1207,6.1207,6.1207,6.1207,6.1207,6.1207,6.1207,6.1207,6.1207,6.1207,6.1207,6.1207,6.1207,6.1207,6.1207,6.1207,6.1207,6.1207,6.1207,6.1207,6.1207,6.1207,6.1207,6.1207,6.1207,6.1207,6.1207,6.1207,6.1207,6.1207,6.1207,6.1207,6.1207,6.1207,6.1207,6.1207,6.1207,6.1207,6.1207,6.1207,6.1207,6.1207,6.1207,6.1207,6.1207,6.1207,6.1207,6.1207,6.1207,6.1207,6.1207,6.1207,6.1207,6.1207,6.1207,6.1207,6.1207,6.1207,6.1207,6.1207,6.1207,6.1207,6.1207,6.1207,6.1207,6.1207,6.1207,6.1207,6.1207,6.1207,6.1207,6.1207,6.1207,6.1207,6.1207,6.1207,6.1207,6.1207,6.1207,6.1207,6.1207,6.1207,6.1207,6.1207,6.1207,6.1207,6.1207,6.1207,6.1207,6.1207,6.1207,6.1207,6.1207,6.1207,6.1207,6.1207,6.1207,6.1207,6.1207,6.1207,6.1207,6.1207,6.1207,6.1207,6.1207,6.1207,6.1207,6.1207,6.1207,6.1207,6.1207,6.1207,6.1207,6.1207,6.1207,6.1207,6.1207,6.1207,6.1207,6.1207,6.1207,6.1207,6.1207,6.1207,6.1207,6.1207,6.1207,6.1207,6.1207,6.1207,6.1207,6.1207,6.1207,6.1207,6.1207,6.1207,6.1207,6.1207,6.1207,6.1207,6.1207,6.1207,6.1207,6.1207,6.1207,6.1207,6.1207,6.1207,6.1207,6.1207,6.1207,6.1207,6.1207,6.1207,6.1207,6.1207,6.1207,6.1207,6.1207,6.1207,6.1207,6.1207,6.1207,6.1207,6.1207,6.1207,6.1207,6.1207,6.1207,6.1207,6.1207,6.1207,6.1207,6.1207,6.1207,6.1207,6.1207,6.1207,6.1207,6.1207,6.1207,6.1207,6.1207,6.1207,6.1207,6.1207,6.1207,6.1207,6.1207,6.1207,6.1207,6.1207,6.1207,6.1207,6.1207,6.1207,6.1207,6.1207,6.1207,6.1207,6.1207,6.1207,6.1207,6.1207,6.1207,6.1207,6.1207,6.1207,6.1207,6.1207,6.1207,6.1207,6.1207,6.1207,6.1207,6.1207,6.1207,6.1207,6.1207,6.1207,6.1207,6.1207,6.1207,6.1207,6.1207,6.1207,6.1207,6.1207,6.1207,6.1207,6.1207,6.1207,6.1207,6.1207,6.1207,6.1207,6.1207,6.1207,6.1207,6.1207,6.1207,6.1207,6.1207,6.1207,6.1207,6.1207,6.1207,6.1207,6.1207,6.1207,6.1207,6.1207,6.1207,6.1207,6.1207,6.1207,6.1207,6.1207,6.1207,6.1207,6.1207,6.1207,6.1207,6.1207,6.1207,6.1207,6.1207,6.1207,6.1207,6.1207,6.1207,6.1207,6.1207,6.1207,6.1207,6.1207,6.1207,6.1207,6.1207,6.1207,6.1207,6.1207,6.1207,6.1207,6.1207,6.1207,6.1207,6.1207,6.1207,6.1207,6.1207,6.1207,6.1207,6.1207,6.1207,6.1207,6.1207,6.1207,6.1207,6.1207,6.1207,6.1207,6.1207,6.1207,6.1207,6.1207,6.1207,6.1207,6.1207,6.1207,6.1207,6.1207,6.1207,6.1207,6.1207,6.1207,6.1207,6.1207,6.1207,6.1207,6.1207,6.1207,6.1207,6.1207,6.1207,6.1207,6.1207,6.1207,6.1207,6.1207,6.1207,6.1207,6.1207,6.1207,6.1207,6.1207,6.1207,6.1207,6.1207,6.1207,6.1207,6.1207,6.1207,6.1207,6.1207,6.1207,6.1207,6.1207,6.1207,6.1207,6.1207,6.1207,6.1207,6.1207,6.1207,6.1207,6.1207,6.1207,6.1207,6.1207,6.1207,6.1207,6.1207,6.1207,6.1207,6.1207,6.1207,6.1207,6.1207,6.1207,6.1207,6.1207,6.1207,6.1207,6.1207,6.1207,6.1207,6.1207,6.1207,6.1207,6.1207,6.1207,6.1207,6.1207,6.1207,6.1207,6.1207,6.1207,6.1207,6.1207,6.1207,6.1207,6.1207,6.1207,6.1207,6.1207,6.1207,6.1207,6.1207,6.1207,6.1207,6.1207,6.1207,6.1207,6.1207,6.1207,6.1207,6.1207,6.1207,6.1207,6.1207,6.1207,6.1207,6.1207,6.1207,6.1207,6.1207,6.1207,6.1207,6.1207,6.1207,6.1207,6.1207,6.1207,6.1207,6.1207,6.1207,6.1207,6.1207,6.1207,6.1207,6.1207,6.1207,6.1207,6.1207,6.1207,6.1207,6.1207,6.1207,6.1207,6.1207,6.1207,6.1207,6.1207,6.1207,6.1207,6.1207,6.1207,6.1207,6.1207,6.1207,6.1207,6.1207,6.1207,6.1207,6.1207,6.1207,6.1207,6.1207,6.1207,6.1207,6.1207,6.1207,6.1207,6.1207,6.1207,6.1207,6.1207,6.1207,6.1207,6.1207,6.1207,6.1207,6.1207,6.1207,6.1207,6.1207,6.1207,6.1207,6.1207,6.1207,6.1207,6.1207,6.1207,6.1207,6.1207,6.1207,6.1207,6.1207,6.1207,6.1207,6.1207,6.1207,6.1207,6.1207,6.1207,6.1207,6.1207,6.1207,6.1207,6.1207,6.1207,6.1207,6.1207,6.1207,6.1207,6.1207,6.1207,6.1207,6.1207,6.1207,6.1207,6.1207,6.1207,6.1207,6.1207,6.1207,6.1207,6.1207,6.1207,6.1207,6.1207,6.1207,6.1207,6.1207,6.1207,6.1207,6.1207,6.1207,6.1207,6.1207,6.1207,6.1207,6.1207,6.1207,6.1207,6.1207,6.1207,6.1207,6.1207,6.1207,6.1207,6.1207,6.1207,6.1207,6.1207,6.1207,6.1207,6.1207,6.1207,6.1207,6.1207,6.1207,6.1207,6.1207,6.1207,6.1207,6.1207,6.1207,6.1207,6.1207,6.1207,6.1207,6.1207,6.1207,6.1207,6.1207,6.1207,6.1207,6.1207,6.1207,6.1207,6.1207,6.1207,6.1207,6.1207,6.1207,6.1207,6.1207,6.1207,6.1207,6.1207,6.1207,6.1207,6.1207,6.1207,6.1207,6.1207,6.1207,6.1207,6.1207,6.1207,6.1207,6.1207,6.1207,6.1207,6.1207,6.1207,6.1207,6.1207,6.1207,6.1207,6.1207,6.1207,6.1207,6.1207,6.1207,6.1207,6.1207,6.1207,6.1207,6.1207,6.1207,6.1207,6.1207,6.1207,6.1207,6.1207,6.1207,6.1207,6.1207,6.1207,6.1207,6.1207,6.1207,6.1207,6.1207,6.1207,6.1207,6.1207,6.1207,6.1207,6.1207,6.1207,6.1207,6.1207,6.1207,6.1207,6.1207,6.1207,6.1207,6.1207,6.1207,6.1207,6.1207,6.1207,6.1207,6.1207,6.1207,6.1207,6.1207,6.1207,6.1207,6.1207,6.1207,6.1207,6.1207,6.1207,6.1207,6.1207,6.1207,6.1207,6.1207,6.1207,6.1207,6.1207,6.1207,6.1207,6.1207,6.1207,6.1207,6.1207,6.1207,6.1207,6.1207,6.1207,6.1207,6.1207,6.1207,6.1207,6.1207,6.1207,6.1207,6.1207,6.1207,6.1207,6.1207,6.1207,6.1207,6.1207,6.1207,6.1207,6.1207,6.1207,6.1207,6.1207,6.1207,6.1207,6.1207,6.1207,6.1207,6.1207,6.1207,6.1207,6.1207,6.1207,6.1207,6.1207,6.1207,6.1207,6.1207,6.1207,6.1207,6.1207,6.1207,6.1207,6.1207,6.1207,6.1207,6.1207,6.1207,6.1207,6.1207,6.1207,6.1207,6.1207,6.1207,6.1207,6.1207,6.1207,6.1207,6.1207,6.1207,6.1207,6.1207,6.1207,6.1207,6.1207,6.1207,6.1207,6.1207,6.1207,6.1207,6.1207,6.1207,6.1207,6.1207,6.1207,6.1207,6.1207,6.1207,6.1207,6.1207,6.1207,6.1207,6.1207,6.1207,6.1207,6.1207,6.1207,6.1207,6.1207,6.1207,6.1207,6.1207,6.1207,6.1207,6.1207,6.1207,6.1207,6.1207,6.1207,6.1207,6.1207,6.1207,6.1207,6.1207,6.1207,6.1207,6.1207,6.1207,6.1207,6.1207,6.1207,6.1207,6.1207,6.1207,6.1207,6.1207,6.1207,6.1207,6.1207,6.1207,6.1207,6.1207,6.1207,6.1207,6.1207,6.1207,6.1207,6.1207,6.1207,6.1207,6.1207,6.1207,6.1207,6.1207,6.1207,6.1207,6.1207,6.1207,6.1207,6.1207,6.1207,6.1207,6.1207,6.1207,6.1207,6.1207,6.1207,6.1207,6.1207,6.1207,6.1207,6.1207,6.1207,6.1207,6.1207,6.1207,6.1207,6.1207,6.1207,6.1207,6.1207,6.1207,6.1207,6.1207,6.1207,6.1207,6.1207,6.1207,6.1207,6.1207,6.1207,6.1207,6.1207,6.1207,6.1207,6.1207,6.1207,6.1207,6.1207,6.1207,6.1207,6.1207,6.1207,6.1207,6.1207,6.1207,6.1207,6.1207,6.1207,6.1207,6.1207,6.1207,6.1207,6.1207,6.1207,6.1207,6.1207,6.1207,6.1207,6.1207,6.1207,6.1207,6.1207,6.1207,6.1207,6.1207,6.1207,6.1207,6.1207,6.1207,6.1207,6.1207,6.1207,6.1207,6.1207,6.1207,6.1207,6.1207,6.1207,6.1207,6.1207,6.1207,6.1207,6.1207,6.1207,6.1207,6.1207,6.1207,6.1207,6.1207,6.1207,6.1207,6.1207,6.1207,6.1207,6.1207,6.1207,6.1207,6.1207,6.1207,6.1207,6.1207,6.1207,6.1207,6.1207,6.1207,6.1207,6.1207,6.1207,6.1207,6.1207,6.1207,6.1207,6.1207,6.1207,6.1207,6.1207,6.1207,6.1207,6.1207
6.1167,6.1167,6.1167,6.1167,6.1167,6.1167,6.1167,6.1167,6.1167,6.1167,6.1167,6.1167,6.1167,6.1167,6.1167,6.1167,6.1167,6.1167,6.1167,6.1167,6.1167,6.1167,6.1167,6.1167,6.1167,6.1167,6.1167,6.1167,6.1167,6.1167,6.1167,6.1167,6.1167,6.1167,6.1167,6.1167,6.1167,6.1167,6.1167,6.1167,6.1167,6.1167,6.1167,6.1167,6.1167,6.1167,6.1167,6.1167,6.1167,6.1167,6.1167,6.1167,6.1167,6.1167,6.1167,6.1167,6.1167,6.1167,6.1167,6.1167,6.1167,6.1167,6.1167,6.1167,6.1167,6.1167,6.1167,6.1167,6.1167,6.1167,6.1167,6.1167,6.1167,6.1167,6.1167,6.1167,6.1167,6.1167,6.1167,6.1167,6.1167,6.1167,6.1167,6.1167,6.1167,6.1167,6.1167,6.1167,6.1167,6.1167,6.1167,6.1167,6.1167,6.1167,6.1167,6.1167,6.1167,6.1167,6.1167,6.1167,6.1167,6.1167,6.1167,6.1167,6.1167,6.1167,6.1167,6.1167,6.1167,6.1167,6.1167,6.1167,6.1167,6.1167,6.1167,6.1167,6.1167,6.1167,6.1167,6.1167,6.1167,6.1167,6.1167,6.1167,6.1167,6.1167,6.1167,6.1167,6.1167,6.1167,6.1167,6.1167,6.1167,6.1167,6.1167,6.1167,6.1167,6.1167,6.1167,6.1167,6.1167,6.1167,6.1167,6.1167,6.1167,6.1167,6.1167,6.1167,6.1167,6.1167,6.1167,6.1167,6.1167,6.1167,6.1167,6.1167,6.1167,6.1167,6.1167,6.1167,6.1167,6.1167,6.1167,6.1167,6.1167,6.1167,6.1167,6.1167,6.1167,6.1167,6.1167,6.1167,6.1167,6.1167,6.1167,6.1167,6.1167,6.1167,6.1167,6.1167,6.1167,6.1167,6.1167,6.1167,6.1167,6.1167,6.1167,6.1167,6.1167,6.1167,6.1167,6.1167,6.1167,6.1167,6.1167,6.1167,6.1167,6.1167,6.1167,6.1167,6.1167,6.1167,6.1167,6.1167,6.1167,6.1167,6.1167,6.1167,6.1167,6.1167,6.1167,6.1167,6.1167,6.1167,6.1167,6.1167,6.1167,6.1167,6.1167,6.1167,6.1167,6.1167,6.1167,6.1167,6.1167,6.1167,6.1167,6.1167,6.1167,6.1167,6.1167,6.1167,6.1167,6.1167,6.1167,6.1167,6.1167,6.1167,6.1167,6.1167,6.1167,6.1167,6.1167,6.1167,6.1167,6.1167,6.1167,6.1167,6.1167,6.1167,6.1167,6.1167,6.1167,6.1167,6.1167,6.1167,6.1167,6.1167,6.1167,6.1167,6.1167,6.1167,6.1167,6.1167,6.1167,6.1167,6.1167,6.1167,6.1167,6.1167,6.1167,6.1167,6.1167,6.1167,6.1167,6.1167,6.1167,6.1167,6.1167,6.1167,6.1167,6.1167,6.1167,6.1167,6.1167,6.1167,6.1167,6.1167,6.1167,6.1167,6.1167,6.1167,6.1167,6.1167,6.1167,6.1167,6.1167,6.1167,6.1167,6.1167,6.1167,6.1167,6.1167,6.1167,6.1167,6.1167,6.1167,6.1167,6.1167,6.1167,6.1167,6.1167,6.1167,6.1167,6.1167,6.1167,6.1167,6.1167,6.1167,6.1167,6.1167,6.1167,6.1167,6.1167,6.1167,6.1167,6.1167,6.1167,6.1167,6.1167,6.1167,6.1167,6.1167,6.1167,6.1167,6.1167,6.1167,6.1167,6.1167,6.1167,6.1167,6.1167,6.1167,6.1167,6.1167,6.1167,6.1167,6.1167,6.1167,6.1167,6.1167,6.1167,6.1167,6.1167,6.1167,6.1167,6.1167,6.1167,6.1167,6.1167,6.1167,6.1167,6.1167,6.1167,6.1167,6.1167,6.1167,6.1167,6.1167,6.1167,6.1167,6.1167,6.1167,6.1167,6.1167,6.1167,6.1167,6.1167,6.1167,6.1167,6.1167,6.1167,6.1167,6.1167,6.1167,6.1167,6.1167,6.1167,6.1167,6.1167,6.1167,6.1167,6.1167,6.1167,6.1167,6.1167,6.1167,6.1167,6.1167,6.1167,6.1167,6.1167,6.1167,6.1167,6.1167,6.1167,6.1167,6.1167,6.1167,6.1167,6.1167,6.1167,6.1167,6.1167,6.1167,6.1167,6.1167,6.1167,6.1167,6.1167,6.1167,6.1167,6.1167,6.1167,6.1167,6.1167,6.1167,6.1167,6.1167,6.1167,6.1167,6.1167,6.1167,6.1167,6.1167,6.1167,6.1167,6.1167,6.1167,6.1167,6.1167,6.1167,6.1167,6.1167,6.1167,6.1167,6.1167,6.1167,6.1167,6.1167,6.1167,6.1167,6.1167,6.1167,6.1167,6.1167,6.1167,6.1167,6.1167,6.1167,6.1167,6.1167,6.1167,6.1167,6.1167,6.1167,6.1167,6.1167,6.1167,6.1167,6.1167,6.1167,6.1167,6.1167,6.1167,6.1167,6.1167,6.1167,6.1167,6.1167,6.1167,6.1167,6.1167,6.1167,6.1167,6.1167,6.1167,6.1167,6.1167,6.1167,6.1167,6.1167,6.1167,6.1167,6.1167,6.1167,6.1167,6.1167,6.1167,6.1167,6.1167,6.1167,6.1167,6.1167,6.1167,6.1167,6.1167,6.1167,6.1167,6.1167,6.1167,6.1167,6.1167,6.1167,6.1167,6.1167,6.1167,6.1167,6.1167,6.1167,6.1167,6.1167,6.1167,6.1167,6.1167,6.1167,6.1167,6.1167,6.1167,6.1167,6.1167,6.1167,6.1167,6.1167,6.1167,6.1167,6.1167,6.1167,6.1167,6.1167,6.1167,6.1167,6.1167,6.1167,6.1167,6.1167,6.1167,6.1167,6.1167,6.1167,6.1167,6.1167,6.1167,6.1167,6.1167,6.1167,6.1167,6.1167,6.1167,6.1167,6.1167,6.1167,6.1167,6.1167,6.1167,6.1167,6.1167,6.1167,6.1167,6.1167,6.1167,6.1167,6.1167,6.1167,6.1167,6.1167,6.1167,6.1167,6.1167,6.1167,6.1167,6.1167,6.1167,6.1167,6.1167,6.1167,6.1167,6.1167,6.1167,6.1167,6.1167,6.1167,6.1167,6.1167,6.1167,6.1167,6.1167,6.1167,6.1167,6.1167,6.1167,6.1167,6.1167,6.1167,6.1167,6.1167,6.1167,6.1167,6.1167,6.1167,6.1167,6.1167,6.1167,6.1167,6.1167,6.1167,6.1167,6.1167,6.1167,6.1167,6.1167,6.1167,6.1167,6.1167,6.1167,6.1167,6.1167,6.1167,6.1167,6.1167,6.1167,6.1167,6.1167,6.1167,6.1167,6.1167,6.1167,6.1167,6.1167,6.1167,6.1167,6.1167,6.1167,6.1167,6.1167,6.1167,6.1167,6.1167,6.1167,6.1167,6.1167,6.1167,6.1167,6.1167,6.1167,6.1167,6.1167,6.1167,6.1167,6.1167,6.1167,6.1167,6.1167,6.1167,6.1167,6.1167,6.1167,6.1167,6.1167,6.1167,6.1167,6.1167,6.1167,6.1167,6.1167,6.1167,6.1167,6.1167,6.1167,6.1167,6.1167,6.1167,6.1167,6.1167,6.1167,6.1167,6.1167,6.1167,6.1167,6.1167,6.1167,6.1167,6.1167,6.1167,6.1167,6.1167,6.1167,6.1167,6.1167,6.1167,6.1167,6.1167,6.1167,6.1167,6.1167,6.1167,6.1167,6.1167,6.1167,6.1167,6.1167,6.1167,6.1167,6.1167,6.1167,6.1167,6.1167,6.1167,6.1167,6.1167,6.1167,6.1167,6.1167,6.1167,6.1167,6.1167,6.1167,6.1167,6.1167,6.1167,6.1167,6.1167,6.1167,6.1167,6.1167,6.1167,6.1167,6.1167,6.1167,6.1167,6.1167,6.1167,6.1167,6.1167,6.1167,6.1167,6.1167,6.1167,6.1167,6.1167,6.1167,6.1167,6.1167,6.1167,6.1167,6.1167,6.1167,6.1167,6.1167,6.1167,6.1167,6.1167,6.1167,6.1167,6.1167,6.1167,6.1167,6.1167,6.1167,6.1167,6.1167,6.1167,6.1167,6.1167,6.1167,6.1167,6.1167,6.1167,6.1167,6.1167,6.1167,6.1167,6.1167,6.1167,6.1167,6.1167,6.1167,6.1167,6.1167,6.1167,6.1167,6.1167,6.1167,6.1167,6.1167,6.1167,6.1167,6.1167,6.1167,6.1167,6.1167,6.1167,6.1167,6.1167,6.1167,6.1167,6.1167,6.1167,6.1167,6.1167,6.1167,6.1167,6.1167,6.1167,6.1167,6.1167,6.1167,6.1167,6.1167,6.1167,6.1167,6.1167,6.1167,6.1167,6.1167,6.1167,6.1167,6.1167,6.1167,6.1167,6.1167,6.1167,6.1167,6.1167,6.1167,6.1167,6.1167,6.1167,6.1167,6.1167,6.1167,6.1167,6.1167,6.1167,6.1167,6.1167,6.1167,6.1167,6.1167,6.1167,6.1167,6.1167,6.1167,6.1167,6.1167,6.1167,6.1167,6.1167,6.1167,6.1167,6.1167,6.1167,6.1167,6.1167,6.1167,6.1167,6.1167,6.1167,6.1167,6.1167,6.1167,6.1167,6.1167,6.1167,6.1167,6.1167,6.1167,6.1167,6.1167,6.1167,6.1167,6.1167,6.1167,6.1167,6.1167,6.1167,6.1167,6.1167,6.1167,6.1167,6.1167,6.1167,6.1167,6.1167,6.1167,6.1167,6.1167,6.1167,6.1167,6.1167,6.1167,6.1167,6.1167,6.1167,6.1167,6.1167,6.1167,6.1167,6.1167,6.1167,6.1167,6.1167,6.1167,6.1167,6.1167,6.1167,6.1167,6.1167,6.1167,6.1167,6.1167,6.1167,6.1167,6.1167,6.1167,6.1167,6.1167,6.1167,6.1167,6.1167,6.1167,6.1167,6.1167,6.1167,6.1167,6.1167,6.1167,6.1167,6.1167,6.1167,6.1167,6.1167,6.1167,6.1167,6.1167,6.1167,6.1167,6.1167,6.1167,6.1167,6.1167,6.1167,6.1167,6.1167,6.1167,6.1167,6.1167,6.1167,6.1167,6.1167
6.1125,6.1125,6.1125,6.1125,6.1125,6.1125,6.1125,6.1125,6.1125,6.1125,6.1125,6.1125,6.1125,6.1125,6.1125,6.1125,6.1125,6.1125,6.1125,6.1125,6.1125,6.1125,6.1125,6.1125,6.1125,6.1125,6.1125,6.1125,6.1125,6.1125,6.1125,6.1125,6.1125,6.1125,6.1125,6.1125,6.1125,6.1125,6.1125,6.1125,6.1125,6.1125,6.1125,6.1125,6.1125,6.1125,6.1125,6.1125,6.1125,6.1125,6.1125,6.1125,6.1125,6.1125,6.1125,6.1125,6.1125,6.1125,6.1125,6.1125,6.1125,6.1125,6.1125,6.1125,6.1125,6.1125,6.1125,6.1125,6.1125,6.1125,6.1125,6.1125,6.1125,6.1125,6.1125,6.1125,6.1125,6.1125,6.1125,6.1125,6.1125,6.1125,6.1125,6.1125,6.1125,6.1125,6.1125,6.1125,6.1125,6.1125,6.1125,6.1125,6.1125,6.1125,6.1125,6.1125,6.1125,6.1125,6.1125,6.1125,6.1125,6.1125,6.1125,6.1125,6.1125,6.1125,6.1125,6.1125,6.1125,6.1125,6.1125,6.1125,6.1125,6.1125,6.1125,6.1125,6.1125,6.1125,6.1125,6.1125,6.1125,6.1125,6.1125,6.1125,6.1125,6.1125,6.1125,6.1125,6.1125,6.1125,6.1125,6.1125,6.1125,6.1125,6.1125,6.1125,6.1125,6.1125,6.1125,6.1125,6.1125,6.1125,6.1125,6.1125,6.1125,6.1125,6.1125,6.1125,6.1125,6.1125,6.1125,6.1125,6.1125,6.1125,6.1125,6.1125,6.1125,6.1125,6.1125,6.1125,6.1125,6.1125,6.1125,6.1125,6.1125,6.1125,6.1125,6.1125,6.1125,6.1125,6.1125,6.1125,6.1125,6.1125,6.1125,6.1125,6.1125,6.1125,6.1125,6.1125,6.1125,6.1125,6.1125,6.1125,6.1125,6.1125,6.1125,6.1125,6.1125,6.1125,6.1125,6.1125,6.1125,6.1125,6.1125,6.1125,6.1125,6.1125,6.1125,6.1125,6.1125,6.1125,6.1125,6.1125,6.1125,6.1125,6.1125,6.1125,6.1125,6.1125,6.1125,6.1125,6.1125,6.1125,6.1125,6.1125,6.1125,6.1125,6.1125,6.1125,6.1125,6.1125,6.1125,6.1125,6.1125,6.1125,6.1125,6.1125,6.1125,6.1125,6.1125,6.1125,6.1125,6.1125,6.1125,6.1125,6.1125,6.1125,6.1125,6.1125,6.1125,6.1125,6.1125,6.1125,6.1125,6.1125,6.1125,6.1125,6.1125,6.1125,6.1125,6.1125,6.1125,6.1125,6.1125,6.1125,6.1125,6.1125,6.1125,6.1125,6.1125,6.1125,6.1125,6.1125,6.1125,6.1125,6.1125,6.1125,6.1125,6.1125,6.1125,6.1125,6.1125,6.1125,6.1125,6.1125,6.1125,6.1125,6.1125,6.1125,6.1125,6.1125,6.1125,6.1125,6.1125,6.1125,6.1125,6.1125,6.1125,6.1125,6.1125,6.1125,6.1125,6.1125,6.1125,6.1125,6.1125,6.1125,6.1125,6.1125,6.1125,6.1125,6.1125,6.1125,6.1125,6.1125,6.1125,6.1125,6.1125,6.1125,6.1125,6.1125,6.1125,6.1125,6.1125,6.1125,6.1125,6.1125,6.1125,6.1125,6.1125,6.1125,6.1125,6.1125,6.1125,6.1125,6.1125,6.1125,6.1125,6.1125,6.1125,6.1125,6.1125,6.1125,6.1125,6.1125,6.1125,6.1125,6.1125,6.1125,6.1125,6.1125,6.1125,6.1125,6.1125,6.1125,6.1125,6.1125,6.1125,6.1125,6.1125,6.1125,6.1125,6.1125,6.1125,6.1125,6.1125,6.1125,6.1125,6.1125,6.1125,6.1125,6.1125,6.1125,6.1125,6.1125,6.1125,6.1125,6.1125,6.1125,6.1125,6.1125,6.1125,6.1125,6.1125,6.1125,6.1125,6.1125,6.1125,6.1125,6.1125,6.1125,6.1125,6.1125,6.1125,6.1125,6.1125,6.1125,6.1125,6.1125,6.1125,6.1125,6.1125,6.1125,6.1125,6.1125,6.1125,6.1125,6.1125,6.1125,6.1125,6.1125,6.1125,6.1125,6.1125,6.1125,6.1125,6.1125,6.1125,6.1125,6.1125,6.1125,6.1125,6.1125,6.1125,6.1125,6.1125,6.1125,6.1125,6.1125,6.1125,6.1125,6.1125,6.1125,6.1125,6.1125,6.1125,6.1125,6.1125,6.1125,6.1125,6.1125,6.1125,6.1125,6.1125,6.1125,6.1125,6.1125,6.1125,6.1125,6.1125,6.1125,6.1125,6.1125,6.1125,6.1125,6.1125,6.1125,6.1125,6.1125,6.1125,6.1125,6.1125,6.1125,6.1125,6.1125,6.1125,6.1125,6.1125,6.1125,6.1125,6.1125,6.1125,6.1125,6.1125,6.1125,6.1125,6.1125,6.1125,6.1125,6.1125,6.1125,6.1125,6.1125,6.1125,6.1125,6.1125,6.1125,6.1125,6.1125,6.1125,6.1125,6.1125,6.1125,6.1125,6.1125,6.1125,6.1125,6.1125,6.1125,6.1125,6.1125,6.1125,6.1125,6.1125,6.1125,6.1125,6.1125,6.1125,6.1125,6.1125,6.1125,6.1125,6.1125,6.1125,6.1125,6.1125,6.1125,6.1125,6.1125,6.1125,6.1125,6.1125,6.1125,6.1125,6.1125,6.1125,6.1125,6.1125,6.1125,6.1125,6.1125,6.1125,6.1125,6.1125,6.1125,6.1125,6.1125,6.1125,6.1125,6.1125,6.1125,6.1125,6.1125,6.1125,6.1125,6.1125,6.1125,6.1125,6.1125,6.1125,6.1125,6.1125,6.1125,6.1125,6.1125,6.1125,6.1125,6.1125,6.1125,6.1125,6.1125,6.1125,6.1125,6.1125,6.1125,6.1125,6.1125,6.1125,6.1125,6.1125,6.1125,6.1125,6.1125,6.1125,6.1125,6.1125,6.1125,6.1125,6.1125,6.1125,6.1125,6.1125,6.1125,6.1125,6.1125,6.1125,6.1125,6.1125,6.1125,6.1125,6.1125,6.1125,6.1125,6.1125,6.1125,6.1125,6.1125,6.1125,6.1125,6.1125,6.1125,6.1125,6.1125,6.1125,6.1125,6.1125,6.1125,6.1125,6.1125,6.1125,6.1125,6.1125,6.1125,6.1125,6.1125,6.1125,6.1125,6.1125,6.1125,6.1125,6.1125,6.1125,6.1125,6.1125,6.1125,6.1125,6.1125,6.1125,6.1125,6.1125,6.1125,6.1125,6.1125,6.1125,6.1125,6.1125,6.1125,6.1125,6.1125,6.1125,6.1125,6.1125,6.1125,6.1125,6.1125,6.1125,6.1125,6.1125,6.1125,6.1125,6.1125,6.1125,6.1125,6.1125,6.1125,6.1125,6.1125,6.1125,6.1125,6.1125,6.1125,6.1125,6.1125,6.1125,6.1125,6.1125,6.1125,6.1125,6.1125,6.1125,6.1125,6.1125,6.1125,6.1125,6.1125,6.1125,6.1125,6.1125,6.1125,6.1125,6.1125,6.1125,6.1125,6.1125,6.1125,6.1125,6.1125,6.1125,6.1125,6.1125,6.1125,6.1125,6.1125,6.1125,6.1125,6.1125,6.1125,6.1125,6.1125,6.1125,6.1125,6.1125,6.1125,6.1125,6.1125,6.1125,6.1125,6.1125,6.1125,6.1125,6.1125,6.1125,6.1125,6.1125,6.1125,6.1125,6.1125,6.1125,6.1125,6.1125,6.1125,6.1125,6.1125,6.1125,6.1125,6.1125,6.1125,6.1125,6.1125,6.1125,6.1125,6.1125,6.1125,6.1125,6.1125,6.1125,6.1125,6.1125,6.1125,6.1125,6.1125,6.1125,6.1125,6.1125,6.1125,6.1125,6.1125,6.1125,6.1125,6.1125,6.1125,6.1125,6.1125,6.1125,6.1125,6.1125,6.1125,6.1125,6.1125,6.1125,6.1125,6.1125,6.1125,6.1125,6.1125,6.1125,6.1125,6.1125,6.1125,6.1125,6.1125,6.1125,6.1125,6.1125,6.1125,6.1125,6.1125,6.1125,6.1125,6.1125,6.1125,6.1125,6.1125,6.1125,6.1125,6.1125,6.1125,6.1125,6.1125,6.1125,6.1125,6.1125,6.1125,6.1125,6.1125,6.1125,6.1125,6.1125,6.1125,6.1125,6.1125,6.1125,6.1125,6.1125,6.1125,6.1125,6.1125,6.1125,6.1125,6.1125,6.1125,6.1125,6.1125,6.1125,6.1125,6.1125,6.1125,6.1125,6.1125,6.1125,6.1125,6.1125,6.1125,6.1125,6.1125,6.1125,6.1125,6.1125,6.1125,6.1125,6.1125,6.1125,6.1125,6.1125,6.1125,6.1125,6.1125,6.1125,6.1125,6.1125,6.1125,6.1125,6.1125,6.1125,6.1125,6.1125,6.1125,6.1125,6.1125,6.1125,6.1125,6.1125,6.1125,6.1125,6.1125,6.1125,6.1125,6.1125,6.1125,6.1125,6.1125,6.1125,6.1125,6.1125,6.1125,6.1125,6.1125,6.1125,6.1125,6.1125,6.1125,6.1125,6.1125,6.1125,6.1125,6.1125,6.1125,6.1125,6.1125,6.1125,6.1125,6.1125,6.1125,6.1125,6.1125,6.1125,6.1125,6.1125,6.1125,6.1125,6.1125,6.1125,6.1125,6.1125,6.1125,6.1125,6.1125,6.1125,6.1125,6.1125,6.1125,6.1125,6.1125,6.1125,6.1125,6.1125,6.1125,6.1125,6.1125,6.1125,6.1125,6.1125,6.1125,6.1125,6.1125,6.1125,6.1125,6.1125,6.1125,6.1125,6.1125,6.1125,6.1125,6.1125,6.1125,6.1125,6.1125,6.1125,6.1125,6.1125,6.1125,6.1125,6.1125,6.1125,6.1125,6.1125,6.1125,6.1125,6.1125,6.1125,6.1125,6.1125,6.1125,6.1125,6.1125,6.1125,6.1125,6.1125,6.1125,6.1125,6.1125,6.1125,6.1125,6.1125,6.1125,6.1125,6.1125,6.1125,6.1125,6.1125,6.1125,6.1125,6.1125,6.1125,6.1125,6.1125,6.1125,6.1125,6.1125
6.1082,6.1082,6.1082,6.1082,6.1082,6.1082,6.1082,6.1082,6.1082,6.1082,6.1082,6.1082,6.1082,6.1082,6.1082,6.1082,6.1082,6.1082,6.1082,6.1082,6.1082,6.1082,6.1082,6.1082,6.1082,6.1082,6.1082,6.1082,6.1082,6.1082,6.1082,6.1082,6.1082,6.1082,6.1082,6.1082,6.1082,6.1082,6.1082,6.1082,6.1082,6.1082,6.1082,6.1082,6.1082,6.1082,6.1082,6.1082,6.1082,6.1082,6.1082,6.1082,6.1082,6.1082,6.1082,6.1082,6.1082,6.1082,6.1082,6.1082,6.1082,6.1082,6.1082,6.1082,6.1082,6.1082,6.1082,6.1082,6.1082,6.1082,6.1082,6.1082,6.1082,6.1082,6.1082,6.1082,6.1082,6.1082,6.1082,6.1082,6.1082,6.1082,6.1082,6.1082,6.1082,6.1082,6.1082,6.1082,6.1082,6.1082,6.1082,6.1082,6.1082,6.1082,6.1082,6.1082,6.1082,6.1082,6.1082,6.1082,6.1082,6.1082,6.1082,6.1082,6.1082,6.1082,6.1082,6.1082,6.1082,6.1082,6.1082,6.1082,6.1082,6.1082,6.1082,6.1082,6.1082,6.1082,6.1082,6.1082,6.1082,6.1082,6.1082,6.1082,6.1082,6.1082,6.1082,6.1082,6.1082,6.1082,6.1082,6.1082,6.1082,6.1082,6.1082,6.1082,6.1082,6.1082,6.1082,6.1082,6.1082,6.1082,6.1082,6.1082,6.1082,6.1082,6.1082,6.1082,6.1082,6.1082,6.1082,6.1082,6.1082,6.1082,6.1082,6.1082,6.1082,6.1082,6.1082,6.1082,6.1082,6.1082,6.1082,6.1082,6.1082,6.1082,6.1082,6.1082,6.1082,6.1082,6.1082,6.1082,6.1082,6.1082,6.1082,6.1082,6.1082,6.1082,6.1082,6.1082,6.1082,6.1082,6.1082,6.1082,6.1082,6.1082,6.1082,6.1082,6.1082,6.1082,6.1082,6.1082,6.1082,6.1082,6.1082,6.1082,6.1082,6.1082,6.1082,6.1082,6.1082,6.1082,6.1082,6.1082,6.1082,6.1082,6.1082,6.1082,6.1082,6.1082,6.1082,6.1082,6.1082,6.1082,6.1082,6.1082,6.1082,6.1082,6.1082,6.1082,6.1082,6.1082,6.1082,6.1082,6.1082,6.1082,6.1082,6.1082,6.1082,6.1082,6.1082,6.1082,6.1082,6.1082,6.1082,6.1082,6.1082,6.1082,6.1082,6.1082,6.1082,6.1082,6.1082,6.1082,6.1082,6.1082,6.1082,6.1082,6.1082,6.1082,6.1082,6.1082,6.1082,6.1082,6.1082,6.1082,6.1082,6.1082,6.1082,6.1082,6.1082,6.1082,6.1082,6.1082,6.1082,6.1082,6.1082,6.1082,6.1082,6.1082,6.1082,6.1082,6.1082,6.1082,6.1082,6.1082,6.1082,6.1082,6.1082,6.1082,6.1082,6.1082,6.1082,6.1082,6.1082,6.1082,6.1082,6.1082,6.1082,6.1082,6.1082,6.1082,6.1082,6.1082,6.1082,6.1082,6.1082,6.1082,6.1082,6.1082,6.1082,6.1082,6.1082,6.1082,6.1082,6.1082,6.1082,6.1082,6.1082,6.1082,6.1082,6.1082,6.1082,6.1082,6.1082,6.1082,6.1082,6.1082,6.1082,6.1082,6.1082,6.1082,6.1082,6.1082,6.1082,6.1082,6.1082,6.1082,6.1082,6.1082,6.1082,6.1082,6.1082,6.1082,6.1082,6.1082,6.1082,6.1082,6.1082,6.1082,6.1082,6.1082,6.1082,6.1082,6.1082,6.1082,6.1082,6.1082,6.1082,6.1082,6.1082,6.1082,6.1082,6.1082,6.1082,6.1082,6.1082,6.1082,6.1082,6.1082,6.1082,6.1082,6.1082,6.1082,6.1082,6.1082,6.1082,6.1082,6.1082,6.1082,6.1082,6.1082,6.1082,6.1082,6.1082,6.1082,6.1082,6.1082,6.1082,6.1082,6.1082,6.1082,6.1082,6.1082,6.1082,6.1082,6.1082,6.1082,6.1082,6.1082,6.1082,6.1082,6.1082,6.1082,6.1082,6.1082,6.1082,6.1082,6.1082,6.1082,6.1082,6.1082,6.1082,6.1082,6.1082,6.1082,6.1082,6.1082,6.1082,6.1082,6.1082,6.1082,6.1082,6.1082,6.1082,6.1082,6.1082,6.1082,6.1082,6.1082,6.1082,6.1082,6.1082,6.1082,6.1082,6.1082,6.1082,6.1082,6.1082,6.1082,6.1082,6.1082,6.1082,6.1082,6.1082,6.1082,6.1082,6.1082,6.1082,6.1082,6.1082,6.1082,6.1082,6.1082,6.1082,6.1082,6.1082,6.1082,6.1082,6.1082,6.1082,6.1082,6.1082,6.1082,6.1082,6.1082,6.1082,6.1082,6.1082,6.1082,6.1082,6.1082,6.1082,6.1082,6.1082,6.1082,6.1082,6.1082,6.1082,6.1082,6.1082,6.1082,6.1082,6.1082,6.1082,6.1082,6.1082,6.1082,6.1082,6.1082,6.1082,6.1082,6.1082,6.1082,6.1082,6.1082,6.1082,6.1082,6.1082,6.1082,6.1082,6.1082,6.1082,6.1082,6.1082,6.1082,6.1082,6.1082,6.1082,6.1082,6.1082,6.1082,6.1082,6.1082,6.1082,6.1082,6.1082,6.1082,6.1082,6.1082,6.1082,6.1082,6.1082,6.1082,6.1082,6.1082,6.1082,6.1082,6.1082,6.1082,6.1082,6.1082,6.1082,6.1082,6.1082,6.1082,6.1082,6.1082,6.1082,6.1082,6.1082,6.1082,6.1082,6.1082,6.1082,6.1082,6.1082,6.1082,6.1082,6.1082,6.1082,6.1082,6.1082,6.1082,6.1082,6.1082,6.1082,6.1082,6.1082,6.1082,6.1082,6.1082,6.1082,6.1082,6.1082,6.1082,6.1082,6.1082,6.1082,6.1082,6.1082,6.1082,6.1082,6.1082,6.1082,6.1082,6.1082,6.1082,6.1082,6.1082,6.1082,6.1082,6.1082,6.1082,6.1082,6.1082,6.1082,6.1082,6.1082,6.1082,6.1082,6.1082,6.1082,6.1082,6.1082,6.1082,6.1082,6.1082,6.1082,6.1082,6.1082,6.1082,6.1082,6.1082,6.1082,6.1082,6.1082,6.1082,6.1082,6.1082,6.1082,6.1082,6.1082,6.1082,6.1082,6.1082,6.1082,6.1082,6.1082,6.1082,6.1082,6.1082,6.1082,6.1082,6.1082,6.1082,6.1082,6.1082,6.1082,6.1082,6.1082,6.1082,6.1082,6.1082,6.1082,6.1082,6.1082,6.1082,6.1082,6.1082,6.1082,6.1082,6.1082,6.1082,6.1082,6.1082,6.1082,6.1082,6.1082,6.1082,6.1082,6.1082,6.1082,6.1082,6.1082,6.1082,6.1082,6.1082,6.1082,6.1082,6.1082,6.1082,6.1082,6.1082,6.1082,6.1082,6.1082,6.1082,6.1082,6.1082,6.1082,6.1082,6.1082,6.1082,6.1082,6.1082,6.1082,6.1082,6.1082,6.1082,6.1082,6.1082,6.1082,6.1082,6.1082,6.1082,6.1082,6.1082,6.1082,6.1082,6.1082,6.1082,6.1082,6.1082,6.1082,6.1082,6.1082,6.1082,6.1082,6.1082,6.1082,6.1082,6.1082,6.1082,6.1082,6.1082,6.1082,6.1082,6.1082,6.1082,6.1082,6.1082,6.1082,6.1082,6.1082,6.1082,6.1082,6.1082,6.1082,6.1082,6.1082,6.1082,6.1082,6.1082,6.1082,6.1082,6.1082,6.1082,6.1082,6.1082,6.1082,6.1082,6.1082,6.1082,6.1082,6.1082,6.1082,6.1082,6.1082,6.1082,6.1082,6.1082,6.1082,6.1082,6.1082,6.1082,6.1082,6.1082,6.1082,6.1082,6.1082,6.1082,6.1082,6.1082,6.1082,6.1082,6.1082,6.1082,6.1082,6.1082,6.1082,6.1082,6.1082,6.1082,6.1082,6.1082,6.1082,6.1082,6.1082,6.1082,6.1082,6.1082,6.1082,6.1082,6.1082,6.1082,6.1082,6.1082,6.1082,6.1082,6.1082,6.1082,6.1082,6.1082,6.1082,6.1082,6.1082,6.1082,6.1082,6.1082,6.1082,6.1082,6.1082,6.1082,6.1082,6.1082,6.1082,6.1082,6.1082,6.1082,6.1082,6.1082,6.1082,6.1082,6.1082,6.1082,6.1082,6.1082,6.1082,6.1082,6.1082,6.1082,6.1082,6.1082,6.1082,6.1082,6.1082,6.1082,6.1082,6.1082,6.1082,6.1082,6.1082,6.1082,6.1082,6.1082,6.1082,6.1082,6.1082,6.1082,6.1082,6.1082,6.1082,6.1082,6.1082,6.1082,6.1082,6.1082,6.1082,6.1082,6.1082,6.1082,6.1082,6.1082,6.1082,6.1082,6.1082,6.1082,6.1082,6.1082,6.1082,6.1082,6.1082,6.1082,6.1082,6.1082,6.1082,6.1082,6.1082,6.1082,6.1082,6.1082,6.1082,6.1082,6.1082,6.1082,6.1082,6.1082,6.1082,6.1082,6.1082,6.1082,6.1082,6.1082,6.1082,6.1082,6.1082,6.1082,6.1082,6.1082,6.1082,6.1082,6.1082,6.1082,6.1082,6.1082,6.1082,6.1082,6.1082,6.1082,6.1082,6.1082,6.1082,6.1082,6.1082,6.1082,6.1082,6.1082,6.1082,6.1082,6.1082,6.1082,6.1082,6.1082,6.1082,6.1082,6.1082,6.1082,6.1082,6.1082,6.1082,6.1082,6.1082,6.1082,6.1082,6.1082,6.1082,6.1082,6.1082,6.1082,6.1082,6.1082,6.1082,6.1082,6.1082,6.1082,6.1082,6.1082,6.1082,6.1082,6.1082,6.1082,6.1082,6.1082,6.1082,6.1082,6.1082,6.1082,6.1082,6.1082,6.1082,6.1082,6.1082,6.1082,6.1082,6.1082,6.1082,6.1082,6.1082,6.1082,6.1082,6.1082,6.1082,6.1082,6.1082,6.1082,6.1082,6.1082,6.1082,6.1082,6.1082,6.1082,6.1082,6.1082,6.1082,6.1082,6.1082,6.1082,6.1082,6.1082
6.1040,6.1040,6.1040,6.1040,6.1040,6.1040,6.1040,6.1040,6.1040,6.1040,6.1040,6.1040,6.1040,6.1040,6.1040,6.1040,6.1040,6.1040,6.1040,6.1040,6.1040,6.1040,6.1040,6.1040,6.1040,6.1040,6.1040,6.1040,6.1040,6.1040,6.1040,6.1040,6.1040,6.1040,6.1040,6.1040,6.1040,6.1040,6.1040,6.1040,6.1040,6.1040,6.1040,6.1040,6.1040,6.1040,6.1040,6.1040,6.1040,6.1040,6.1040,6.1040,6.1040,6.1040,6.1040,6.1040,6.1040,6.1040,6.1040,6.1040,6.1040,6.1040,6.1040,6.1040,6.1040,6.1040,6.1040,6.1040,6.1040,6.1040,6.1040,6.1040,6.1040,6.1040,6.1040,6.1040,6.1040,6.1040,6.1040,6.1040,6.1040,6.1040,6.1040,6.1040,6.1040,6.1040,6.1040,6.1040,6.1040,6.1040,6.1040,6.1040,6.1040,6.1040,6.1040,6.1040,6.1040,6.1040,6.1040,6.1040,6.1040,6.1040,6.1040,6.1040,6.1040,6.1040,6.1040,6.1040,6.1040,6.1040,6.1040,6.1040,6.1040,6.1040,6.1040,6.1040,6.1040,6.1040,6.1040,6.1040,6.1040,6.1040,6.1040,6.1040,6.1040,6.1040,6.1040,6.1040,6.1040,6.1040,6.1040,6.1040,6.1040,6.1040,6.1040,6.1040,6.1040,6.1040,6.1040,6.1040,6.1040,6.1040,6.1040,6.1040,6.1040,6.1040,6.1040,6.1040,6.1040,6.1040,6.1040,6.1040,6.1040,6.1040,6.1040,6.1040,6.1040,6.1040,6.1040,6.1040,6.1040,6.1040,6.1040,6.1040,6.1040,6.1040,6.1040,6.1040,6.1040,6.1040,6.1040,6.1040,6.1040,6.1040,6.1040,6.1040,6.1040,6.1040,6.1040,6.1040,6.1040,6.1040,6.1040,6.1040,6.1040,6.1040,6.1040,6.1040,6.1040,6.1040,6.1040,6.1040,6.1040,6.1040,6.1040,6.1040,6.1040,6.1040,6.1040,6.1040,6.1040,6.1040,6.1040,6.1040,6.1040,6.1040,6.1040,6.1040,6.1040,6.1040,6.1040,6.1040,6.1040,6.1040,6.1040,6.1040,6.1040,6.1040,6.1040,6.1040,6.1040,6.1040,6.1040,6.1040,6.1040,6.1040,6.1040,6.1040,6.1040,6.1040,6.1040,6.1040,6.1040,6.1040,6.1040,6.1040,6.1040,6.1040,6.1040,6.1040,6.1040,6.1040,6.1040,6.1040,6.1040,6.1040,6.1040,6.1040,6.1040,6.1040,6.1040,6.1040,6.1040,6.1040,6.1040,6.1040,6.1040,6.1040,6.1040,6.1040,6.1040,6.1040,6.1040,6.1040,6.1040,6.1040,6.1040,6.1040,6.1040,6.1040,6.1040,6.1040,6.1040,6.1040,6.1040,6.1040,6.1040,6.1040,6.1040,6.1040,6.1040,6.1040,6.1040,6.1040,6.1040,6.1040,6.1040,6.1040,6.1040,6.1040,6.1040,6.1040,6.1040,6.1040,6.1040,6.1040,6.1040,6.1040,6.1040,6.1040,6.1040,6.1040,6.1040,6.1040,6.1040,6.1040,6.1040,6.1040,6.1040,6.1040,6.1040,6.1040,6.1040,6.1040,6.1040,6.1040,6.1040,6.1040,6.1040,6.1040,6.1040,6.1040,6.1040,6.1040,6.1040,6.1040,6.1040,6.1040,6.1040,6.1040,6.1040,6.1040,6.1040,6.1040,6.1040,6.1040,6.1040,6.1040,6.1040,6.1040,6.1040,6.1040,6.1040,6.1040,6.1040,6.1040,6.1040,6.1040,6.1040,6.1040,6.1040,6.1040,6.1040,6.1040,6.1040,6.1040,6.1040,6.1040,6.1040,6.1040,6.1040,6.1040,6.1040,6.1040,6.1040,6.1040,6.1040,6.1040,6.1040,6.1040,6.1040,6.1040,6.1040,6.1040,6.1040,6.1040,6.1040,6.1040,6.1040,6.1040,6.1040,6.1040,6.1040,6.1040,6.1040,6.1040,6.1040,6.1040,6.1040,6.1040,6.1040,6.1040,6.1040,6.1040,6.1040,6.1040,6.1040,6.1040,6.1040,6.1040,6.1040,6.1040,6.1040,6.1040,6.1040,6.1040,6.1040,6.1040,6.1040,6.1040,6.1040,6.1040,6.1040,6.1040,6.1040,6.1040,6.1040,6.1040,6.1040,6.1040,6.1040,6.1040,6.1040,6.1040,6.1040,6.1040,6.1040,6.1040,6.1040,6.1040,6.1040,6.1040,6.1040,6.1040,6.1040,6.1040,6.1040,6.1040,6.1040,6.1040,6.1040,6.1040,6.1040,6.1040,6.1040,6.1040,6.1040,6.1040,6.1040,6.1040,6.1040,6.1040,6.1040,6.1040,6.1040,6.1040,6.1040,6.1040,6.1040,6.1040,6.1040,6.1040,6.1040,6.1040,6.1040,6.1040,6.1040,6.1040,6.1040,6.1040,6.1040,6.1040,6.1040,6.1040,6.1040,6.1040,6.1040,6.1040,6.1040,6.1040,6.1040,6.1040,6.1040,6.1040,6.1040,6.1040,6.1040,6.1040,6.1040,6.1040,6.1040,6.1040,6.1040,6.1040,6.1040,6.1040,6.1040,6.1040,6.1040,6.1040,6.1040,6.1040,6.1040,6.1040,6.1040,6.1040,6.1040,6.1040,6.1040,6.1040,6.1040,6.1040,6.1040,6.1040,6.1040,6.1040,6.1040,6.1040,6.1040,6.1040,6.1040,6.1040,6.1040,6.1040,6.1040,6.1040,6.1040,6.1040,6.1040,6.1040,6.1040,6.1040,6.1040,6.1040,6.1040,6.1040,6.1040,6.1040,6.1040,6.1040,6.1040,6.1040,6.1040,6.1040,6.1040,6.1040,6.1040,6.1040,6.1040,6.1040,6.1040,6.1040,6.1040,6.1040,6.1040,6.1040,6.1040,6.1040,6.1040,6.1040,6.1040,6.1040,6.1040,6.1040,6.1040,6.1040,6.1040,6.1040,6.1040,6.1040,6.1040,6.1040,6.1040,6.1040,6.1040,6.1040,6.1040,6.1040,6.1040,6.1040,6.1040,6.1040,6.1040,6.1040,6.1040,6.1040,6.1040,6.1040,6.1040,6.1040,6.1040,6.1040,6.1040,6.1040,6.1040,6.1040,6.1040,6.1040,6.1040,6.1040,6.1040,6.1040,6.1040,6.1040,6.1040,6.1040,6.1040,6.1040,6.1040,6.1040,6.1040,6.1040,6.1040,6.1040,6.1040,6.1040,6.1040,6.1040,6.1040,6.1040,6.1040,6.1040,6.1040,6.1040,6.1040,6.1040,6.1040,6.1040,6.1040,6.1040,6.1040,6.1040,6.1040,6.1040,6.1040,6.1040,6.1040,6.1040,6.1040,6.1040,6.1040,6.1040,6.1040,6.1040,6.1040,6.1040,6.1040,6.1040,6.1040,6.1040,6.1040,6.1040,6.1040,6.1040,6.1040,6.1040,6.1040,6.1040,6.1040,6.1040,6.1040,6.1040,6.1040,6.1040,6.1040,6.1040,6.1040,6.1040,6.1040,6.1040,6.1040,6.1040,6.1040,6.1040,6.1040,6.1040,6.1040,6.1040,6.1040,6.1040,6.1040,6.1040,6.1040,6.1040,6.1040,6.1040,6.1040,6.1040,6.1040,6.1040,6.1040,6.1040,6.1040,6.1040,6.1040,6.1040,6.1040,6.1040,6.1040,6.1040,6.1040,6.1040,6.1040,6.1040,6.1040,6.1040,6.1040,6.1040,6.1040,6.1040,6.1040,6.1040,6.1040,6.1040,6.1040,6.1040,6.1040,6.1040,6.1040,6.1040,6.1040,6.1040,6.1040,6.1040,6.1040,6.1040,6.1040,6.1040,6.1040,6.1040,6.1040,6.1040,6.1040,6.1040,6.1040,6.1040,6.1040,6.1040,6.1040,6.1040,6.1040,6.1040,6.1040,6.1040,6.1040,6.1040,6.1040,6.1040,6.1040,6.1040,6.1040,6.1040,6.1040,6.1040,6.1040,6.1040,6.1040,6.1040,6.1040,6.1040,6.1040,6.1040,6.1040,6.1040,6.1040,6.1040,6.1040,6.1040,6.1040,6.1040,6.1040,6.1040,6.1040,6.1040,6.1040,6.1040,6.1040,6.1040,6.1040,6.1040,6.1040,6.1040,6.1040,6.1040,6.1040,6.1040,6.1040,6.1040,6.1040,6.1040,6.1040,6.1040,6.1040,6.1040,6.1040,6.1040,6.1040,6.1040,6.1040,6.1040,6.1040,6.1040,6.1040,6.1040,6.1040,6.1040,6.1040,6.1040,6.1040,6.1040,6.1040,6.1040,6.1040,6.1040,6.1040,6.1040,6.1040,6.1040,6.1040,6.1040,6.1040,6.1040,6.1040,6.1040,6.1040,6.1040,6.1040,6.1040,6.1040,6.1040,6.1040,6.1040,6.1040,6.1040,6.1040,6.1040,6.1040,6.1040,6.1040,6.1040,6.1040,6.1040,6.1040,6.1040,6.1040,6.1040,6.1040,6.1040,6.1040,6.1040,6.1040,6.1040,6.1040,6.1040,6.1040,6.1040,6.1040,6.1040,6.1040,6.1040,6.1040,6.1040,6.1040,6.1040,6.1040,6.1040,6.1040,6.1040,6.1040,6.1040,6.1040,6.1040,6.1040,6.1040,6.1040,6.1040,6.1040,6.1040,6.1040,6.1040,6.1040,6.1040,6.1040,6.1040,6.1040,6.1040,6.1040,6.1040,6.1040,6.1040,6.1040,6.1040,6.1040,6.1040,6.1040,6.1040,6.1040,6.1040,6.1040,6.1040,6.1040,6.1040,6.1040,6.1040,6.1040,6.1040,6.1040,6.1040,6.1040,6.1040,6.1040,6.1040,6.1040,6.1040,6.1040,6.1040,6.1040,6.1040,6.1040,6.1040,6.1040,6.1040,6.1040,6.1040,6.1040,6.1040,6.1040,6.1040,6.1040,6.1040,6.1040,6.1040,6.1040,6.1040,6.1040,6.1040,6.1040,6.1040,6.1040,6.1040,6.1040,6.1040,6.1040,6.1040,6.1040,6.1040,6.1040,6.1040,6.1040,6.1040,6.1040,6.1040,6.1040,6.1040,6.1040,6.1040,6.1040,6.1040,6.1040,6.1040
6.1000,6.1000,6.1000,6.1000,6.1000,6.1000,6.1000,6.1000,6.1000,6.1000,6.1000,6.1000,6.1000,6.1000,6.1000,6.1000,6.1000,6.1000,6.1000,6.1000,6.1000,6.1000,6.1000,6.1000,6.1000,6.1000,6.1000,6.1000,6.1000,6.1000,6.1000,6.1000,6.1000,6.1000,6.1000,6.1000,6.1000,6.1000,6.1000,6.1000,6.1000,6.1000,6.1000,6.1000,6.1000,6.1000,6.1000,6.1000,6.1000,6.1000,6.1000,6.1000,6.1000,6.1000,6.1000,6.1000,6.1000,6.1000,6.1000,6.1000,6.1000,6.1000,6.1000,6.1000,6.1000,6.1000,6.1000,6.1000,6.1000,6.1000,6.1000,6.1000,6.1000,6.1000,6.1000,6.1000,6.1000,6.1000,6.1000,6.1000,6.1000,6.1000,6.1000,6.1000,6.1000,6.1000,6.1000,6.1000,6.1000,6.1000,6.1000,6.1000,6.1000,6.1000,6.1000,6.1000,6.1000,6.1000,6.1000,6.1000,6.1000,6.1000,6.1000,6.1000,6.1000,6.1000,6.1000,6.1000,6.1000,6.1000,6.1000,6.1000,6.1000,6.1000,6.1000,6.1000,6.1000,6.1000,6.1000,6.1000,6.1000,6.1000,6.1000,6.1000,6.1000,6.1000,6.1000,6.1000,6.1000,6.1000,6.1000,6.1000,6.1000,6.1000,6.1000,6.1000,6.1000,6.1000,6.1000,6.1000,6.1000,6.1000,6.1000,6.1000,6.1000,6.1000,6.1000,6.1000,6.1000,6.1000,6.1000,6.1000,6.1000,6.1000,6.1000,6.1000,6.1000,6.1000,6.1000,6.1000,6.1000,6.1000,6.1000,6.1000,6.1000,6.1000,6.1000,6.1000,6.1000,6.1000,6.1000,6.1000,6.1000,6.1000,6.1000,6.1000,6.1000,6.1000,6.1000,6.1000,6.1000,6.1000,6.1000,6.1000,6.1000,6.1000,6.1000,6.1000,6.1000,6.1000,6.1000,6.1000,6.1000,6.1000,6.1000,6.1000,6.1000,6.1000,6.1000,6.1000,6.1000,6.1000,6.1000,6.1000,6.1000,6.1000,6.1000,6.1000,6.1000,6.1000,6.1000,6.1000,6.1000,6.1000,6.1000,6.1000,6.1000,6.1000,6.1000,6.1000,6.1000,6.1000,6.1000,6.1000,6.1000,6.1000,6.1000,6.1000,6.1000,6.1000,6.1000,6.1000,6.1000,6.1000,6.1000,6.1000,6.1000,6.1000,6.1000,6.1000,6.1000,6.1000,6.1000,6.1000,6.1000,6.1000,6.1000,6.1000,6.1000,6.1000,6.1000,6.1000,6.1000,6.1000,6.1000,6.1000,6.1000,6.1000,6.1000,6.1000,6.1000,6.1000,6.1000,6.1000,6.1000,6.1000,6.1000,6.1000,6.1000,6.1000,6.1000,6.1000,6.1000,6.1000,6.1000,6.1000,6.1000,6.1000,6.1000,6.1000,6.1000,6.1000,6.1000,6.1000,6.1000,6.1000,6.1000,6.1000,6.1000,6.1000,6.1000,6.1000,6.1000,6.1000,6.1000,6.1000,6.1000,6.1000,6.1000,6.1000,6.1000,6.1000,6.1000,6.1000,6.1000,6.1000,6.1000,6.1000,6.1000,6.1000,6.1000,6.1000,6.1000,6.1000,6.1000,6.1000,6.1000,6.1000,6.1000,6.1000,6.1000,6.1000,6.1000,6.1000,6.1000,6.1000,6.1000,6.1000,6.1000,6.1000,6.1000,6.1000,6.1000,6.1000,6.1000,6.1000,6.1000,6.1000,6.1000,6.1000,6.1000,6.1000,6.1000,6.1000,6.1000,6.1000,6.1000,6.1000,6.1000,6.1000,6.1000,6.1000,6.1000,6.1000,6.1000,6.1000,6.1000,6.1000,6.1000,6.1000,6.1000,6.1000,6.1000,6.1000,6.1000,6.1000,6.1000,6.1000,6.1000,6.1000,6.1000,6.1000,6.1000,6.1000,6.1000,6.1000,6.1000,6.1000,6.1000,6.1000,6.1000,6.1000,6.1000,6.1000,6.1000,6.1000,6.1000,6.1000,6.1000,6.1000,6.1000,6.1000,6.1000,6.1000,6.1000,6.1000,6.1000,6.1000,6.1000,6.1000,6.1000,6.1000,6.1000,6.1000,6.1000,6.1000,6.1000,6.1000,6.1000,6.1000,6.1000,6.1000,6.1000,6.1000,6.1000,6.1000,6.1000,6.1000,6.1000,6.1000,6.1000,6.1000,6.1000,6.1000,6.1000,6.1000,6.1000,6.1000,6.1000,6.1000,6.1000,6.1000,6.1000,6.1000,6.1000,6.1000,6.1000,6.1000,6.1000,6.1000,6.1000,6.1000,6.1000,6.1000,6.1000,6.1000,6.1000,6.1000,6.1000,6.1000,6.1000,6.1000,6.1000,6.1000,6.1000,6.1000,6.1000,6.1000,6.1000,6.1000,6.1000,6.1000,6.1000,6.1000,6.1000,6.1000,6.1000,6.1000,6.1000,6.1000,6.1000,6.1000,6.1000,6.1000,6.1000,6.1000,6.1000,6.1000,6.1000,6.1000,6.1000,6.1000,6.1000,6.1000,6.1000,6.1000,6.1000,6.1000,6.1000,6.1000,6.1000,6.1000,6.1000,6.1000,6.1000,6.1000,6.1000,6.1000,6.1000,6.1000,6.1000,6.1000,6.1000,6.1000,6.1000,6.1000,6.1000,6.1000,6.1000,6.1000,6.1000,6.1000,6.1000,6.1000,6.1000,6.1000,6.1000,6.1000,6.1000,6.1000,6.1000,6.1000,6.1000,6.1000,6.1000,6.1000,6.1000,6.1000,6.1000,6.1000,6.1000,6.1000,6.1000,6.1000,6.1000,6.1000,6.1000,6.1000,6.1000,6.1000,6.1000,6.1000,6.1000,6.1000,6.1000,6.1000,6.1000,6.1000,6.1000,6.1000,6.1000,6.1000,6.1000,6.1000,6.1000,6.1000,6.1000,6.1000,6.1000,6.1000,6.1000,6.1000,6.1000,6.1000,6.1000,6.1000,6.1000,6.1000,6.1000,6.1000,6.1000,6.1000,6.1000,6.1000,6.1000,6.1000,6.1000,6.1000,6.1000,6.1000,6.1000,6.1000,6.1000,6.1000,6.1000,6.1000,6.1000,6.1000,6.1000,6.1000,6.1000,6.1000,6.1000,6.1000,6.1000,6.1000,6.1000,6.1000,6.1000,6.1000,6.1000,6.1000,6.1000,6.1000,6.1000,6.1000,6.1000,6.1000,6.1000,6.1000,6.1000,6.1000,6.1000,6.1000,6.1000,6.1000,6.1000,6.1000,6.1000,6.1000,6.1000,6.1000,6.1000,6.1000,6.1000,6.1000,6.1000,6.1000,6.1000,6.1000,6.1000,6.1000,6.1000,6.1000,6.1000,6.1000,6.1000,6.1000,6.1000,6.1000,6.1000,6.1000,6.1000,6.1000,6.1000,6.1000,6.1000,6.1000,6.1000,6.1000,6.1000,6.1000,6.1000,6.1000,6.1000,6.1000,6.1000,6.1000,6.1000,6.1000,6.1000,6.1000,6.1000,6.1000,6.1000,6.1000,6.1000,6.1000,6.1000,6.1000,6.1000,6.1000,6.1000,6.1000,6.1000,6.1000,6.1000,6.1000,6.1000,6.1000,6.1000,6.1000,6.1000,6.1000,6.1000,6.1000,6.1000,6.1000,6.1000,6.1000,6.1000,6.1000,6.1000,6.1000,6.1000,6.1000,6.1000,6.1000,6.1000,6.1000,6.1000,6.1000,6.1000,6.1000,6.1000,6.1000,6.1000,6.1000,6.1000,6.1000,6.1000,6.1000,6.1000,6.1000,6.1000,6.1000,6.1000,6.1000,6.1000,6.1000,6.1000,6.1000,6.1000,6.1000,6.1000,6.1000,6.1000,6.1000,6.1000,6.1000,6.1000,6.1000,6.1000,6.1000,6.1000,6.1000,6.1000,6.1000,6.1000,6.1000,6.1000,6.1000,6.1000,6.1000,6.1000,6.1000,6.1000,6.1000,6.1000,6.1000,6.1000,6.1000,6.1000,6.1000,6.1000,6.1000,6.1000,6.1000,6.1000,6.1000,6.1000,6.1000,6.1000,6.1000,6.1000,6.1000,6.1000,6.1000,6.1000,6.1000,6.1000,6.1000,6.1000,6.1000,6.1000,6.1000,6.1000,6.1000,6.1000,6.1000,6.1000,6.1000,6.1000,6.1000,6.1000,6.1000,6.1000,6.1000,6.1000,6.1000,6.1000,6.1000,6.1000,6.1000,6.1000,6.1000,6.1000,6.1000,6.1000,6.1000,6.1000,6.1000,6.1000,6.1000,6.1000,6.1000,6.1000,6.1000,6.1000,6.1000,6.1000,6.1000,6.1000,6.1000,6.1000,6.1000,6.1000,6.1000,6.1000,6.1000,6.1000,6.1000,6.1000,6.1000,6.1000,6.1000,6.1000,6.1000,6.1000,6.1000,6.1000,6.1000,6.1000,6.1000,6.1000,6.1000,6.1000,6.1000,6.1000,6.1000,6.1000,6.1000,6.1000,6.1000,6.1000,6.1000,6.1000,6.1000,6.1000,6.1000,6.1000,6.1000,6.1000,6.1000,6.1000,6.1000,6.1000,6.1000,6.1000,6.1000,6.1000,6.1000,6.1000,6.1000,6.1000,6.1000,6.1000,6.1000,6.1000,6.1000,6.1000,6.1000,6.1000,6.1000,6.1000,6.1000,6.1000,6.1000,6.1000,6.1000,6.1000,6.1000,6.1000,6.1000,6.1000,6.1000,6.1000,6.1000,6.1000,6.1000,6.1000,6.1000,6.1000,6.1000,6.1000,6.1000,6.1000,6.1000,6.1000,6.1000,6.1000,6.1000,6.1000,6.1000,6.1000,6.1000,6.1000,6.1000,6.1000,6.1000,6.1000,6.1000,6.1000,6.1000,6.1000,6.1000,6.1000,6.1000,6.1000,6.1000,6.1000,6.1000,6.1000,6.1000,6.1000,6.1000,6.1000,6.1000,6.1000,6.1000,6.1000,6.1000,6.1000,6.1000,6.1000,6.1000,6.1000,6.1000,6.1000,6.1000,6.1000,6.1000,6.1000,6.1000,6.1000,6.1000,6.1000,6.1000,6.1000,6.1000,6.1000,6.1000,6.1000,6.1000,6.1000,6.1000,6.1000,6.1000,6.1000,6.1000
6.0958,6.0958,6.0958,6.0958,6.0958,6.0958,6.0958,6.0958,6.0958,6.0958,6.0958,6.0958,6.0958,6.0958,6.0958,6.0958,6.0958,6.0958,6.0958,6.0958,6.0958,6.0958,6.0958,6.0958,6.0958,6.0958,6.0958,6.0958,6.0958,6.0958,6.0958,6.0958,6.0958,6.0958,6.0958,6.0958,6.0958,6.0958,6.0958,6.0958,6.0958,6.0958,6.0958,6.0958,6.0958,6.0958,6.0958,6.0958,6.0958,6.0958,6.0958,6.0958,6.0958,6.0958,6.0958,6.0958,6.0958,6.0958,6.0958,6.0958,6.0958,6.0958,6.0958,6.0958,6.0958,6.0958,6.0958,6.0958,6.0958,6.0958,6.0958,6.0958,6.0958,6.0958,6.0958,6.0958,6.0958,6.0958,6.0958,6.0958,6.0958,6.0958,6.0958,6.0958,6.0958,6.0958,6.0958,6.0958,6.0958,6.0958,6.0958,6.0958,6.0958,6.0958,6.0958,6.0958,6.0958,6.0958,6.0958,6.0958,6.0958,6.0958,6.0958,6.0958,6.0958,6.0958,6.0958,6.0958,6.0958,6.0958,6.0958,6.0958,6.0958,6.0958,6.0958,6.0958,6.0958,6.0958,6.0958,6.0958,6.0958,6.0958,6.0958,6.0958,6.0958,6.0958,6.0958,6.0958,6.0958,6.0958,6.0958,6.0958,6.0958,6.0958,6.0958,6.0958,6.0958,6.0958,6.0958,6.0958,6.0958,6.0958,6.0958,6.0958,6.0958,6.0958,6.0958,6.0958,6.0958,6.0958,6.0958,6.0958,6.0958,6.0958,6.0958,6.0958,6.0958,6.0958,6.0958,6.0958,6.0958,6.0958,6.0958,6.0958,6.0958,6.0958,6.0958,6.0958,6.0958,6.0958,6.0958,6.0958,6.0958,6.0958,6.0958,6.0958,6.0958,6.0958,6.0958,6.0958,6.0958,6.0958,6.0958,6.0958,6.0958,6.0958,6.0958,6.0958,6.0958,6.0958,6.0958,6.0958,6.0958,6.0958,6.0958,6.0958,6.0958,6.0958,6.0958,6.0958,6.0958,6.0958,6.0958,6.0958,6.0958,6.0958,6.0958,6.0958,6.0958,6.0958,6.0958,6.0958,6.0958,6.0958,6.0958,6.0958,6.0958,6.0958,6.0958,6.0958,6.0958,6.0958,6.0958,6.0958,6.0958,6.0958,6.0958,6.0958,6.0958,6.0958,6.0958,6.0958,6.0958,6.0958,6.0958,6.0958,6.0958,6.0958,6.0958,6.0958,6.0958,6.0958,6.0958,6.0958,6.0958,6.0958,6.0958,6.0958,6.0958,6.0958,6.0958,6.0958,6.0958,6.0958,6.0958,6.0958,6.0958,6.0958,6.0958,6.0958,6.0958,6.0958,6.0958,6.0958,6.0958,6.0958,6.0958,6.0958,6.0958,6.0958,6.0958,6.0958,6.0958,6.0958,6.0958,6.0958,6.0958,6.0958,6.0958,6.0958,6.0958,6.0958,6.0958,6.0958,6.0958,6.0958,6.0958,6.0958,6.0958,6.0958,6.0958,6.0958,6.0958,6.0958,6.0958,6.0958,6.0958,6.0958,6.0958,6.0958,6.0958,6.0958,6.0958,6.0958,6.0958,6.0958,6.0958,6.0958,6.0958,6.0958,6.0958,6.0958,6.0958,6.0958,6.0958,6.0958,6.0958,6.0958,6.0958,6.0958,6.0958,6.0958,6.0958,6.0958,6.0958,6.0958,6.0958,6.0958,6.0958,6.0958,6.0958,6.0958,6.0958,6.0958,6.0958,6.0958,6.0958,6.0958,6.0958,6.0958,6.0958,6.0958,6.0958,6.0958,6.0958,6.0958,6.0958,6.0958,6.0958,6.0958,6.0958,6.0958,6.0958,6.0958,6.0958,6.0958,6.0958,6.0958,6.0958,6.0958,6.0958,6.0958,6.0958,6.0958,6.0958,6.0958,6.0958,6.0958,6.0958,6.0958,6.0958,6.0958,6.0958,6.0958,6.0958,6.0958,6.0958,6.0958,6.0958,6.0958,6.0958,6.0958,6.0958,6.0958,6.0958,6.0958,6.0958,6.0958,6.0958,6.0958,6.0958,6.0958,6.0958,6.0958,6.0958,6.0958,6.0958,6.0958,6.0958,6.0958,6.0958,6.0958,6.0958,6.0958,6.0958,6.0958,6.0958,6.0958,6.0958,6.0958,6.0958,6.0958,6.0958,6.0958,6.0958,6.0958,6.0958,6.0958,6.0958,6.0958,6.0958,6.0958,6.0958,6.0958,6.0958,6.0958,6.0958,6.0958,6.0958,6.0958,6.0958,6.0958,6.0958,6.0958,6.0958,6.0958,6.0958,6.0958,6.0958,6.0958,6.0958,6.0958,6.0958,6.0958,6.0958,6.0958,6.0958,6.0958,6.0958,6.0958,6.0958,6.0958,6.0958,6.0958,6.0958,6.0958,6.0958,6.0958,6.0958,6.0958,6.0958,6.0958,6.0958,6.0958,6.0958,6.0958,6.0958,6.0958,6.0958,6.0958,6.0958,6.0958,6.0958,6.0958,6.0958,6.0958,6.0958,6.0958,6.0958,6.0958,6.0958,6.0958,6.0958,6.0958,6.0958,6.0958,6.0958,6.0958,6.0958,6.0958,6.0958,6.0958,6.0958,6.0958,6.0958,6.0958,6.0958,6.0958,6.0958,6.0958,6.0958,6.0958,6.0958,6.0958,6.0958,6.0958,6.0958,6.0958,6.0958,6.0958,6.0958,6.0958,6.0958,6.0958,6.0958,6.0958,6.0958,6.0958,6.0958,6.0958,6.0958,6.0958,6.0958,6.0958,6.0958,6.0958,6.0958,6.0958,6.0958,6.0958,6.0958,6.0958,6.0958,6.0958,6.0958,6.0958,6.0958,6.0958,6.0958,6.0958,6.0958,6.0958,6.0958,6.0958,6.0958,6.0958,6.0958,6.0958,6.0958,6.0958,6.0958,6.0958,6.0958,6.0958,6.0958,6.0958,6.0958,6.0958,6.0958,6.0958,6.0958,6.0958,6.0958,6.0958,6.0958,6.0958,6.0958,6.0958,6.0958,6.0958,6.0958,6.0958,6.0958,6.0958,6.0958,6.0958,6.0958,6.0958,6.0958,6.0958,6.0958,6.0958,6.0958,6.0958,6.0958,6.0958,6.0958,6.0958,6.0958,6.0958,6.0958,6.0958,6.0958,6.0958,6.0958,6.0958,6.0958,6.0958,6.0958,6.0958,6.0958,6.0958,6.0958,6.0958,6.0958,6.0958,6.0958,6.0958,6.0958,6.0958,6.0958,6.0958,6.0958,6.0958,6.0958,6.0958,6.0958,6.0958,6.0958,6.0958,6.0958,6.0958,6.0958,6.0958,6.0958,6.0958,6.0958,6.0958,6.0958,6.0958,6.0958,6.0958,6.0958,6.0958,6.0958,6.0958,6.0958,6.0958,6.0958,6.0958,6.0958,6.0958,6.0958,6.0958,6.0958,6.0958,6.0958,6.0958,6.0958,6.0958,6.0958,6.0958,6.0958,6.0958,6.0958,6.0958,6.0958,6.0958,6.0958,6.0958,6.0958,6.0958,6.0958,6.0958,6.0958,6.0958,6.0958,6.0958,6.0958,6.0958,6.0958,6.0958,6.0958,6.0958,6.0958,6.0958,6.0958,6.0958,6.0958,6.0958,6.0958,6.0958,6.0958,6.0958,6.0958,6.0958,6.0958,6.0958,6.0958,6.0958,6.0958,6.0958,6.0958,6.0958,6.0958,6.0958,6.0958,6.0958,6.0958,6.0958,6.0958,6.0958,6.0958,6.0958,6.0958,6.0958,6.0958,6.0958,6.0958,6.0958,6.0958,6.0958,6.0958,6.0958,6.0958,6.0958,6.0958,6.0958,6.0958,6.0958,6.0958,6.0958,6.0958,6.0958,6.0958,6.0958,6.0958,6.0958,6.0958,6.0958,6.0958,6.0958,6.0958,6.0958,6.0958,6.0958,6.0958,6.0958,6.0958,6.0958,6.0958,6.0958,6.0958,6.0958,6.0958,6.0958,6.0958,6.0958,6.0958,6.0958,6.0958,6.0958,6.0958,6.0958,6.0958,6.0958,6.0958,6.0958,6.0958,6.0958,6.0958,6.0958,6.0958,6.0958,6.0958,6.0958,6.0958,6.0958,6.0958,6.0958,6.0958,6.0958,6.0958,6.0958,6.0958,6.0958,6.0958,6.0958,6.0958,6.0958,6.0958,6.0958,6.0958,6.0958,6.0958,6.0958,6.0958,6.0958,6.0958,6.0958,6.0958,6.0958,6.0958,6.0958,6.0958,6.0958,6.0958,6.0958,6.0958,6.0958,6.0958,6.0958,6.0958,6.0958,6.0958,6.0958,6.0958,6.0958,6.0958,6.0958,6.0958,6.0958,6.0958,6.0958,6.0958,6.0958,6.0958,6.0958,6.0958,6.0958,6.0958,6.0958,6.0958,6.0958,6.0958,6.0958,6.0958,6.0958,6.0958,6.0958,6.0958,6.0958,6.0958,6.0958,6.0958,6.0958,6.0958,6.0958,6.0958,6.0958,6.0958,6.0958,6.0958,6.0958,6.0958,6.0958,6.0958,6.0958,6.0958,6.0958,6.0958,6.0958,6.0958,6.0958,6.0958,6.0958,6.0958,6.0958,6.0958,6.0958,6.0958,6.0958,6.0958,6.0958,6.0958,6.0958,6.0958,6.0958,6.0958,6.0958,6.0958,6.0958,6.0958,6.0958,6.0958,6.0958,6.0958,6.0958,6.0958,6.0958,6.0958,6.0958,6.0958,6.0958,6.0958,6.0958,6.0958,6.0958,6.0958,6.0958,6.0958,6.0958,6.0958,6.0958,6.0958,6.0958,6.0958,6.0958,6.0958,6.0958,6.0958,6.0958,6.0958,6.0958,6.0958,6.0958,6.0958,6.0958,6.0958,6.0958,6.0958,6.0958,6.0958,6.0958,6.0958,6.0958,6.0958,6.0958,6.0958,6.0958,6.0958,6.0958,6.0958,6.0958,6.0958,6.0958,6.0958,6.0958,6.0958,6.0958,6.0958,6.0958,6.0958,6.0958,6.0958,6.0958,6.0958,6.0958,6.0958,6.0958,6.0958,6.0958,6.0958,6.0958,6.0958,6.0958,6.0958,6.0958,6.0958,6.0958,6.0958,6.0958,6.0958,6.0958,6.0958,6.0958,6.0958,6.0958,6.0958,6.0958
6.0916,6.0916,6.0916,6.0916,6.0916,6.0916,6.0916,6.0916,6.0916,6.0916,6.0916,6.0916,6.0916,6.0916,6.0916,6.0916,6.0916,6.0916,6.0916,6.0916,6.0916,6.0916,6.0916,6.0916,6.0916,6.0916,6.0916,6.0916,6.0916,6.0916,6.0916,6.0916,6.0916,6.0916,6.0916,6.0916,6.0916,6.0916,6.0916,6.0916,6.0916,6.0916,6.0916,6.0916,6.0916,6.0916,6.0916,6.0916,6.0916,6.0916,6.0916,6.0916,6.0916,6.0916,6.0916,6.0916,6.0916,6.0916,6.0916,6.0916,6.0916,6.0916,6.0916,6.0916,6.0916,6.0916,6.0916,6.0916,6.0916,6.0916,6.0916,6.0916,6.0916,6.0916,6.0916,6.0916,6.0916,6.0916,6.0916,6.0916,6.0916,6.0916,6.0916,6.0916,6.0916,6.0916,6.0916,6.0916,6.0916,6.0916,6.0916,6.0916,6.0916,6.0916,6.0916,6.0916,6.0916,6.0916,6.0916,6.0916,6.0916,6.0916,6.0916,6.0916,6.0916,6.0916,6.0916,6.0916,6.0916,6.0916,6.0916,6.0916,6.0916,6.0916,6.0916,6.0916,6.0916,6.0916,6.0916,6.0916,6.0916,6.0916,6.0916,6.0916,6.0916,6.0916,6.0916,6.0916,6.0916,6.0916,6.0916,6.0916,6.0916,6.0916,6.0916,6.0916,6.0916,6.0916,6.0916,6.0916,6.0916,6.0916,6.0916,6.0916,6.0916,6.0916,6.0916,6.0916,6.0916,6.0916,6.0916,6.0916,6.0916,6.0916,6.0916,6.0916,6.0916,6.0916,6.0916,6.0916,6.0916,6.0916,6.0916,6.0916,6.0916,6.0916,6.0916,6.0916,6.0916,6.0916,6.0916,6.0916,6.0916,6.0916,6.0916,6.0916,6.0916,6.0916,6.0916,6.0916,6.0916,6.0916,6.0916,6.0916,6.0916,6.0916,6.0916,6.0916,6.0916,6.0916,6.0916,6.0916,6.0916,6.0916,6.0916,6.0916,6.0916,6.0916,6.0916,6.0916,6.0916,6.0916,6.0916,6.0916,6.0916,6.0916,6.0916,6.0916,6.0916,6.0916,6.0916,6.0916,6.0916,6.0916,6.0916,6.0916,6.0916,6.0916,6.0916,6.0916,6.0916,6.0916,6.0916,6.0916,6.0916,6.0916,6.0916,6.0916,6.0916,6.0916,6.0916,6.0916,6.0916,6.0916,6.0916,6.0916,6.0916,6.0916,6.0916,6.0916,6.0916,6.0916,6.0916,6.0916,6.0916,6.0916,6.0916,6.0916,6.0916,6.0916,6.0916,6.0916,6.0916,6.0916,6.0916,6.0916,6.0916,6.0916,6.0916,6.0916,6.0916,6.0916,6.0916,6.0916,6.0916,6.0916,6.0916,6.0916,6.0916,6.0916,6.0916,6.0916,6.0916,6.0916,6.0916,6.0916,6.0916,6.0916,6.0916,6.0916,6.0916,6.0916,6.0916,6.0916,6.0916,6.0916,6.0916,6.0916,6.0916,6.0916,6.0916,6.0916,6.0916,6.0916,6.0916,6.0916,6.0916,6.0916,6.0916,6.0916,6.0916,6.0916,6.0916,6.0916,6.0916,6.0916,6.0916,6.0916,6.0916,6.0916,6.0916,6.0916,6.0916,6.0916,6.0916,6.0916,6.0916,6.0916,6.0916,6.0916,6.0916,6.0916,6.0916,6.0916,6.0916,6.0916,6.0916,6.0916,6.0916,6.0916,6.0916,6.0916,6.0916,6.0916,6.0916,6.0916,6.0916,6.0916,6.0916,6.0916,6.0916,6.0916,6.0916,6.0916,6.0916,6.0916,6.0916,6.0916,6.0916,6.0916,6.0916,6.0916,6.0916,6.0916,6.0916,6.0916,6.0916,6.0916,6.0916,6.0916,6.0916,6.0916,6.0916,6.0916,6.0916,6.0916,6.0916,6.0916,6.0916,6.0916,6.0916,6.0916,6.0916,6.0916,6.0916,6.0916,6.0916,6.0916,6.0916,6.0916,6.0916,6.0916,6.0916,6.0916,6.0916,6.0916,6.0916,6.0916,6.0916,6.0916,6.0916,6.0916,6.0916,6.0916,6.0916,6.0916,6.0916,6.0916,6.0916,6.0916,6.0916,6.0916,6.0916,6.0916,6.0916,6.0916,6.0916,6.0916,6.0916,6.0916,6.0916,6.0916,6.0916,6.0916,6.0916,6.0916,6.0916,6.0916,6.0916,6.0916,6.0916,6.0916,6.0916,6.0916,6.0916,6.0916,6.0916,6.0916,6.0916,6.0916,6.0916,6.0916,6.0916,6.0916,6.0916,6.0916,6.0916,6.0916,6.0916,6.0916,6.0916,6.0916,6.0916,6.0916,6.0916,6.0916,6.0916,6.0916,6.0916,6.0916,6.0916,6.0916,6.0916,6.0916,6.0916,6.0916,6.0916,6.0916,6.0916,6.0916,6.0916,6.0916,6.0916,6.0916,6.0916,6.0916,6.0916,6.0916,6.0916,6.0916,6.0916,6.0916,6.0916,6.0916,6.0916,6.0916,6.0916,6.0916,6.0916,6.0916,6.0916,6.0916,6.0916,6.0916,6.0916,6.0916,6.0916,6.0916,6.0916,6.0916,6.0916,6.0916,6.0916,6.0916,6.0916,6.0916,6.0916,6.0916,6.0916,6.0916,6.0916,6.0916,6.0916,6.0916,6.0916,6.0916,6.0916,6.0916,6.0916,6.0916,6.0916,6.0916,6.0916,6.0916,6.0916,6.0916,6.0916,6.0916,6.0916,6.0916,6.0916,6.0916,6.0916,6.0916,6.0916,6.0916,6.0916,6.0916,6.0916,6.0916,6.0916,6.0916,6.0916,6.0916,6.0916,6.0916,6.0916,6.0916,6.0916,6.0916,6.0916,6.0916,6.0916,6.0916,6.0916,6.0916,6.0916,6.0916,6.0916,6.0916,6.0916,6.0916,6.0916,6.0916,6.0916,6.0916,6.0916,6.0916,6.0916,6.0916,6.0916,6.0916,6.0916,6.0916,6.0916,6.0916,6.0916,6.0916,6.0916,6.0916,6.0916,6.0916,6.0916,6.0916,6.0916,6.0916,6.0916,6.0916,6.0916,6.0916,6.0916,6.0916,6.0916,6.0916,6.0916,6.0916,6.0916,6.0916,6.0916,6.0916,6.0916,6.0916,6.0916,6.0916,6.0916,6.0916,6.0916,6.0916,6.0916,6.0916,6.0916,6.0916,6.0916,6.0916,6.0916,6.0916,6.0916,6.0916,6.0916,6.0916,6.0916,6.0916,6.0916,6.0916,6.0916,6.0916,6.0916,6.0916,6.0916,6.0916,6.0916,6.0916,6.0916,6.0916,6.0916,6.0916,6.0916,6.0916,6.0916,6.0916,6.0916,6.0916,6.0916,6.0916,6.0916,6.0916,6.0916,6.0916,6.0916,6.0916,6.0916,6.0916,6.0916,6.0916,6.0916,6.0916,6.0916,6.0916,6.0916,6.0916,6.0916,6.0916,6.0916,6.0916,6.0916,6.0916,6.0916,6.0916,6.0916,6.0916,6.0916,6.0916,6.0916,6.0916,6.0916,6.0916,6.0916,6.0916,6.0916,6.0916,6.0916,6.0916,6.0916,6.0916,6.0916,6.0916,6.0916,6.0916,6.0916,6.0916,6.0916,6.0916,6.0916,6.0916,6.0916,6.0916,6.0916,6.0916,6.0916,6.0916,6.0916,6.0916,6.0916,6.0916,6.0916,6.0916,6.0916,6.0916,6.0916,6.0916,6.0916,6.0916,6.0916,6.0916,6.0916,6.0916,6.0916,6.0916,6.0916,6.0916,6.0916,6.0916,6.0916,6.0916,6.0916,6.0916,6.0916,6.0916,6.0916,6.0916,6.0916,6.0916,6.0916,6.0916,6.0916,6.0916,6.0916,6.0916,6.0916,6.0916,6.0916,6.0916,6.0916,6.0916,6.0916,6.0916,6.0916,6.0916,6.0916,6.0916,6.0916,6.0916,6.0916,6.0916,6.0916,6.0916,6.0916,6.0916,6.0916,6.0916,6.0916,6.0916,6.0916,6.0916,6.0916,6.0916,6.0916,6.0916,6.0916,6.0916,6.0916,6.0916,6.0916,6.0916,6.0916,6.0916,6.0916,6.0916,6.0916,6.0916,6.0916,6.0916,6.0916,6.0916,6.0916,6.0916,6.0916,6.0916,6.0916,6.0916,6.0916,6.0916,6.0916,6.0916,6.0916,6.0916,6.0916,6.0916,6.0916,6.0916,6.0916,6.0916,6.0916,6.0916,6.0916,6.0916,6.0916,6.0916,6.0916,6.0916,6.0916,6.0916,6.0916,6.0916,6.0916,6.0916,6.0916,6.0916,6.0916,6.0916,6.0916,6.0916,6.0916,6.0916,6.0916,6.0916,6.0916,6.0916,6.0916,6.0916,6.0916,6.0916,6.0916,6.0916,6.0916,6.0916,6.0916,6.0916,6.0916,6.0916,6.0916,6.0916,6.0916,6.0916,6.0916,6.0916,6.0916,6.0916,6.0916,6.0916,6.0916,6.0916,6.0916,6.0916,6.0916,6.0916,6.0916,6.0916,6.0916,6.0916,6.0916,6.0916,6.0916,6.0916,6.0916,6.0916,6.0916,6.0916,6.0916,6.0916,6.0916,6.0916,6.0916,6.0916,6.0916,6.0916,6.0916,6.0916,6.0916,6.0916,6.0916,6.0916,6.0916,6.0916,6.0916,6.0916,6.0916,6.0916,6.0916,6.0916,6.0916,6.0916,6.0916,6.0916,6.0916,6.0916,6.0916,6.0916,6.0916,6.0916,6.0916,6.0916,6.0916,6.0916,6.0916,6.0916,6.0916,6.0916,6.0916,6.0916,6.0916,6.0916,6.0916,6.0916,6.0916,6.0916,6.0916,6.0916,6.0916,6.0916,6.0916,6.0916,6.0916,6.0916,6.0916,6.0916,6.0916,6.0916,6.0916,6.0916,6.0916,6.0916,6.0916,6.0916,6.0916,6.0916,6.0916,6.0916,6.0916,6.0916,6.0916,6.0916,6.0916,6.0916,6.0916,6.0916,6.0916,6.0916,6.0916,6.0916,6.0916,6.0916,6.0916,6.0916,6.0916,6.0916,6.0916,6.0916,6.0916,6.0916,6.0916,6.0916,6.0916,6.0916,6.0916,6.0916,6.0916,6.0916,6.0916,6.0916
6.0874,6.0874,6.0874,6.0874,6.0874,6.0874,6.0874,6.0874,6.0874,6.0874,6.0874,6.0874,6.0874,6.0874,6.0874,6.0874,6.0874,6.0874,6.0874,6.0874,6.0874,6.0874,6.0874,6.0874,6.0874,6.0874,6.0874,6.0874,6.0874,6.0874,6.0874,6.0874,6.0874,6.0874,6.0874,6.0874,6.0874,6.0874,6.0874,6.0874,6.0874,6.0874,6.0874,6.0874,6.0874,6.0874,6.0874,6.0874,6.0874,6.0874,6.0874,6.0874,6.0874,6.0874,6.0874,6.0874,6.0874,6.0874,6.0874,6.0874,6.0874,6.0874,6.0874,6.0874,6.0874,6.0874,6.0874,6.0874,6.0874,6.0874,6.0874,6.0874,6.0874,6.0874,6.0874,6.0874,6.0874,6.0874,6.0874,6.0874,6.0874,6.0874,6.0874,6.0874,6.0874,6.0874,6.0874,6.0874,6.0874,6.0874,6.0874,6.0874,6.0874,6.0874,6.0874,6.0874,6.0874,6.0874,6.0874,6.0874,6.0874,6.0874,6.0874,6.0874,6.0874,6.0874,6.0874,6.0874,6.0874,6.0874,6.0874,6.0874,6.0874,6.0874,6.0874,6.0874,6.0874,6.0874,6.0874,6.0874,6.0874,6.0874,6.0874,6.0874,6.0874,6.0874,6.0874,6.0874,6.0874,6.0874,6.0874,6.0874,6.0874,6.0874,6.0874,6.0874,6.0874,6.0874,6.0874,6.0874,6.0874,6.0874,6.0874,6.0874,6.0874,6.0874,6.0874,6.0874,6.0874,6.0874,6.0874,6.0874,6.0874,6.0874,6.0874,6.0874,6.0874,6.0874,6.0874,6.0874,6.0874,6.0874,6.0874,6.0874,6.0874,6.0874,6.0874,6.0874,6.0874,6.0874,6.0874,6.0874,6.0874,6.0874,6.0874,6.0874,6.0874,6.0874,6.0874,6.0874,6.0874,6.0874,6.0874,6.0874,6.0874,6.0874,6.0874,6.0874,6.0874,6.0874,6.0874,6.0874,6.0874,6.0874,6.0874,6.0874,6.0874,6.0874,6.0874,6.0874,6.0874,6.0874,6.0874,6.0874,6.0874,6.0874,6.0874,6.0874,6.0874,6.0874,6.0874,6.0874,6.0874,6.0874,6.0874,6.0874,6.0874,6.0874,6.0874,6.0874,6.0874,6.0874,6.0874,6.0874,6.0874,6.0874,6.0874,6.0874,6.0874,6.0874,6.0874,6.0874,6.0874,6.0874,6.0874,6.0874,6.0874,6.0874,6.0874,6.0874,6.0874,6.0874,6.0874,6.0874,6.0874,6.0874,6.0874,6.0874,6.0874,6.0874,6.0874,6.0874,6.0874,6.0874,6.0874,6.0874,6.0874,6.0874,6.0874,6.0874,6.0874,6.0874,6.0874,6.0874,6.0874,6.0874,6.0874,6.0874,6.0874,6.0874,6.0874,6.0874,6.0874,6.0874,6.0874,6.0874,6.0874,6.0874,6.0874,6.0874,6.0874,6.0874,6.0874,6.0874,6.0874,6.0874,6.0874,6.0874,6.0874,6.0874,6.0874,6.0874,6.0874,6.0874,6.0874,6.0874,6.0874,6.0874,6.0874,6.0874,6.0874,6.0874,6.0874,6.0874,6.0874,6.0874,6.0874,6.0874,6.0874,6.0874,6.0874,6.0874,6.0874,6.0874,6.0874,6.0874,6.0874,6.0874,6.0874,6.0874,6.0874,6.0874,6.0874,6.0874,6.0874,6.0874,6.0874,6.0874,6.0874,6.0874,6.0874,6.0874,6.0874,6.0874,6.0874,6.0874,6.0874,6.0874,6.0874,6.0874,6.0874,6.0874,6.0874,6.0874,6.0874,6.0874,6.0874,6.0874,6.0874,6.0874,6.0874,6.0874,6.0874,6.0874,6.0874,6.0874,6.0874,6.0874,6.0874,6.0874,6.0874,6.0874,6.0874,6.0874,6.0874,6.0874,6.0874,6.0874,6.0874,6.0874,6.0874,6.0874,6.0874,6.0874,6.0874,6.0874,6.0874,6.0874,6.0874,6.0874,6.0874,6.0874,6.0874,6.0874,6.0874,6.0874,6.0874,6.0874,6.0874,6.0874,6.0874,6.0874,6.0874,6.0874,6.0874,6.0874,6.0874,6.0874,6.0874,6.0874,6.0874,6.0874,6.0874,6.0874,6.0874,6.0874,6.0874,6.0874,6.0874,6.0874,6.0874,6.0874,6.0874,6.0874,6.0874,6.0874,6.0874,6.0874,6.0874,6.0874,6.0874,6.0874,6.0874,6.0874,6.0874,6.0874,6.0874,6.0874,6.0874,6.0874,6.0874,6.0874,6.0874,6.0874,6.0874,6.0874,6.0874,6.0874,6.0874,6.0874,6.0874,6.0874,6.0874,6.0874,6.0874,6.0874,6.0874,6.0874,6.0874,6.0874,6.0874,6.0874,6.0874,6.0874,6.0874,6.0874,6.0874,6.0874,6.0874,6.0874,6.0874,6.0874,6.0874,6.0874,6.0874,6.0874,6.0874,6.0874,6.0874,6.0874,6.0874,6.0874,6.0874,6.0874,6.0874,6.0874,6.0874,6.0874,6.0874,6.0874,6.0874,6.0874,6.0874,6.0874,6.0874,6.0874,6.0874,6.0874,6.0874,6.0874,6.0874,6.0874,6.0874,6.0874,6.0874,6.0874,6.0874,6.0874,6.0874,6.0874,6.0874,6.0874,6.0874,6.0874,6.0874,6.0874,6.0874,6.0874,6.0874,6.0874,6.0874,6.0874,6.0874,6.0874,6.0874,6.0874,6.0874,6.0874,6.0874,6.0874,6.0874,6.0874,6.0874,6.0874,6.0874,6.0874,6.0874,6.0874,6.0874,6.0874,6.0874,6.0874,6.0874,6.0874,6.0874,6.0874,6.0874,6.0874,6.0874,6.0874,6.0874,6.0874,6.0874,6.0874,6.0874,6.0874,6.0874,6.0874,6.0874,6.0874,6.0874,6.0874,6.0874,6.0874,6.0874,6.0874,6.0874,6.0874,6.0874,6.0874,6.0874,6.0874,6.0874,6.0874,6.0874,6.0874,6.0874,6.0874,6.0874,6.0874,6.0874,6.0874,6.0874,6.0874,6.0874,6.0874,6.0874,6.0874,6.0874,6.0874,6.0874,6.0874,6.0874,6.0874,6.0874,6.0874,6.0874,6.0874,6.0874,6.0874,6.0874,6.0874,6.0874,6.0874,6.0874,6.0874,6.0874,6.0874,6.0874,6.0874,6.0874,6.0874,6.0874,6.0874,6.0874,6.0874,6.0874,6.0874,6.0874,6.0874,6.0874,6.0874,6.0874,6.0874,6.0874,6.0874,6.0874,6.0874,6.0874,6.0874,6.0874,6.0874,6.0874,6.0874,6.0874,6.0874,6.0874,6.0874,6.0874,6.0874,6.0874,6.0874,6.0874,6.0874,6.0874,6.0874,6.0874,6.0874,6.0874,6.0874,6.0874,6.0874,6.0874,6.0874,6.0874,6.0874,6.0874,6.0874,6.0874,6.0874,6.0874,6.0874,6.0874,6.0874,6.0874,6.0874,6.0874,6.0874,6.0874,6.0874,6.0874,6.0874,6.0874,6.0874,6.0874,6.0874,6.0874,6.0874,6.0874,6.0874,6.0874,6.0874,6.0874,6.0874,6.0874,6.0874,6.0874,6.0874,6.0874,6.0874,6.0874,6.0874,6.0874,6.0874,6.0874,6.0874,6.0874,6.0874,6.0874,6.0874,6.0874,6.0874,6.0874,6.0874,6.0874,6.0874,6.0874,6.0874,6.0874,6.0874,6.0874,6.0874,6.0874,6.0874,6.0874,6.0874,6.0874,6.0874,6.0874,6.0874,6.0874,6.0874,6.0874,6.0874,6.0874,6.0874,6.0874,6.0874,6.0874,6.0874,6.0874,6.0874,6.0874,6.0874,6.0874,6.0874,6.0874,6.0874,6.0874,6.0874,6.0874,6.0874,6.0874,6.0874,6.0874,6.0874,6.0874,6.0874,6.0874,6.0874,6.0874,6.0874,6.0874,6.0874,6.0874,6.0874,6.0874,6.0874,6.0874,6.0874,6.0874,6.0874,6.0874,6.0874,6.0874,6.0874,6.0874,6.0874,6.0874,6.0874,6.0874,6.0874,6.0874,6.0874,6.0874,6.0874,6.0874,6.0874,6.0874,6.0874,6.0874,6.0874,6.0874,6.0874,6.0874,6.0874,6.0874,6.0874,6.0874,6.0874,6.0874,6.0874,6.0874,6.0874,6.0874,6.0874,6.0874,6.0874,6.0874,6.0874,6.0874,6.0874,6.0874,6.0874,6.0874,6.0874,6.0874,6.0874,6.0874,6.0874,6.0874,6.0874,6.0874,6.0874,6.0874,6.0874,6.0874,6.0874,6.0874,6.0874,6.0874,6.0874,6.0874,6.0874,6.0874,6.0874,6.0874,6.0874,6.0874,6.0874,6.0874,6.0874,6.0874,6.0874,6.0874,6.0874,6.0874,6.0874,6.0874,6.0874,6.0874,6.0874,6.0874,6.0874,6.0874,6.0874,6.0874,6.0874,6.0874,6.0874,6.0874,6.0874,6.0874,6.0874,6.0874,6.0874,6.0874,6.0874,6.0874,6.0874,6.0874,6.0874,6.0874,6.0874,6.0874,6.0874,6.0874,6.0874,6.0874,6.0874,6.0874,6.0874,6.0874,6.0874,6.0874,6.0874,6.0874,6.0874,6.0874,6.0874,6.0874,6.0874,6.0874,6.0874,6.0874,6.0874,6.0874,6.0874,6.0874,6.0874,6.0874,6.0874,6.0874,6.0874,6.0874,6.0874,6.0874,6.0874,6.0874,6.0874,6.0874,6.0874,6.0874,6.0874,6.0874,6.0874,6.0874,6.0874,6.0874,6.0874,6.0874,6.0874,6.0874,6.0874,6.0874,6.0874,6.0874,6.0874,6.0874,6.0874,6.0874,6.0874,6.0874,6.0874,6.0874,6.0874,6.0874,6.0874,6.0874,6.0874,6.0874,6.0874,6.0874,6.0874,6.0874,6.0874,6.0874,6.0874,6.0874,6.0874,6.0874,6.0874,6.0874,6.0874,6.0874,6.0874,6.0874,6.0874,6.0874,6.0874,6.0874,6.0874,6.0874,6.0874,6.0874,6.0874,6.0874,6.0874,6.0874,6.0874,6.0874,6.0874,6.0874,6.0874,6.0874,6.0874,6.0874,6.0874,6.0874,6.0874
6.0832,6.0832,6.0832,6.0832,6.0832,6.0832,6.0832,6.0832,6.0832,6.0832,6.0832,6.0832,6.0832,6.0832,6.0832,6.0832,6.0832,6.0832,6.0832,6.0832,6.0832,6.0832,6.0832,6.0832,6.0832,6.0832,6.0832,6.0832,6.0832,6.0832,6.0832,6.0832,6.0832,6.0832,6.0832,6.0832,6.0832,6.0832,6.0832,6.0832,6.0832,6.0832,6.0832,6.0832,6.0832,6.0832,6.0832,6.0832,6.0832,6.0832,6.0832,6.0832,6.0832,6.0832,6.0832,6.0832,6.0832,6.0832,6.0832,6.0832,6.0832,6.0832,6.0832,6.0832,6.0832,6.0832,6.0832,6.0832,6.0832,6.0832,6.0832,6.0832,6.0832,6.0832,6.0832,6.0832,6.0832,6.0832,6.0832,6.0832,6.0832,6.0832,6.0832,6.0832,6.0832,6.0832,6.0832,6.0832,6.0832,6.0832,6.0832,6.0832,6.0832,6.0832,6.0832,6.0832,6.0832,6.0832,6.0832,6.0832,6.0832,6.0832,6.0832,6.0832,6.0832,6.0832,6.0832,6.0832,6.0832,6.0832,6.0832,6.0832,6.0832,6.0832,6.0832,6.0832,6.0832,6.0832,6.0832,6.0832,6.0832,6.0832,6.0832,6.0832,6.0832,6.0832,6.0832,6.0832,6.0832,6.0832,6.0832,6.0832,6.0832,6.0832,6.0832,6.0832,6.0832,6.0832,6.0832,6.0832,6.0832,6.0832,6.0832,6.0832,6.0832,6.0832,6.0832,6.0832,6.0832,6.0832,6.0832,6.0832,6.0832,6.0832,6.0832,6.0832,6.0832,6.0832,6.0832,6.0832,6.0832,6.0832,6.0832,6.0832,6.0832,6.0832,6.0832,6.0832,6.0832,6.0832,6.0832,6.0832,6.0832,6.0832,6.0832,6.0832,6.0832,6.0832,6.0832,6.0832,6.0832,6.0832,6.0832,6.0832,6.0832,6.0832,6.0832,6.0832,6.0832,6.0832,6.0832,6.0832,6.0832,6.0832,6.0832,6.0832,6.0832,6.0832,6.0832,6.0832,6.0832,6.0832,6.0832,6.0832,6.0832,6.0832,6.0832,6.0832,6.0832,6.0832,6.0832,6.0832,6.0832,6.0832,6.0832,6.0832,6.0832,6.0832,6.0832,6.0832,6.0832,6.0832,6.0832,6.0832,6.0832,6.0832,6.0832,6.0832,6.0832,6.0832,6.0832,6.0832,6.0832,6.0832,6.0832,6.0832,6.0832,6.0832,6.0832,6.0832,6.0832,6.0832,6.0832,6.0832,6.0832,6.0832,6.0832,6.0832,6.0832,6.0832,6.0832,6.0832,6.0832,6.0832,6.0832,6.0832,6.0832,6.0832,6.0832,6.0832,6.0832,6.0832,6.0832,6.0832,6.0832,6.0832,6.0832,6.0832,6.0832,6.0832,6.0832,6.0832,6.0832,6.0832,6.0832,6.0832,6.0832,6.0832,6.0832,6.0832,6.0832,6.0832,6.0832,6.0832,6.0832,6.0832,6.0832,6.0832,6.0832,6.0832,6.0832,6.0832,6.0832,6.0832,6.0832,6.0832,6.0832,6.0832,6.0832,6.0832,6.0832,6.0832,6.0832,6.0832,6.0832,6.0832,6.0832,6.0832,6.0832,6.0832,6.0832,6.0832,6.0832,6.0832,6.0832,6.0832,6.0832,6.0832,6.0832,6.0832,6.0832,6.0832,6.0832,6.0832,6.0832,6.0832,6.0832,6.0832,6.0832,6.0832,6.0832,6.0832,6.0832,6.0832,6.0832,6.0832,6.0832,6.0832,6.0832,6.0832,6.0832,6.0832,6.0832,6.0832,6.0832,6.0832,6.0832,6.0832,6.0832,6.0832,6.0832,6.0832,6.0832,6.0832,6.0832,6.0832,6.0832,6.0832,6.0832,6.0832,6.0832,6.0832,6.0832,6.0832,6.0832,6.0832,6.0832,6.0832,6.0832,6.0832,6.0832,6.0832,6.0832,6.0832,6.0832,6.0832,6.0832,6.0832,6.0832,6.0832,6.0832,6.0832,6.0832,6.0832,6.0832,6.0832,6.0832,6.0832,6.0832,6.0832,6.0832,6.0832,6.0832,6.0832,6.0832,6.0832,6.0832,6.0832,6.0832,6.0832,6.0832,6.0832,6.0832,6.0832,6.0832,6.0832,6.0832,6.0832,6.0832,6.0832,6.0832,6.0832,6.0832,6.0832,6.0832,6.0832,6.0832,6.0832,6.0832,6.0832,6.0832,6.0832,6.0832,6.0832,6.0832,6.0832,6.0832,6.0832,6.0832,6.0832,6.0832,6.0832,6.0832,6.0832,6.0832,6.0832,6.0832,6.0832,6.0832,6.0832,6.0832,6.0832,6.0832,6.0832,6.0832,6.0832,6.0832,6.0832,6.0832,6.0832,6.0832,6.0832,6.0832,6.0832,6.0832,6.0832,6.0832,6.0832,6.0832,6.0832,6.0832,6.0832,6.0832,6.0832,6.0832,6.0832,6.0832,6.0832,6.0832,6.0832,6.0832,6.0832,6.0832,6.0832,6.0832,6.0832,6.0832,6.0832,6.0832,6.0832,6.0832,6.0832,6.0832,6.0832,6.0832,6.0832,6.0832,6.0832,6.0832,6.0832,6.0832,6.0832,6.0832,6.0832,6.0832,6.0832,6.0832,6.0832,6.0832,6.0832,6.0832,6.0832,6.0832,6.0832,6.0832,6.0832,6.0832,6.0832,6.0832,6.0832,6.0832,6.0832,6.0832,6.0832,6.0832,6.0832,6.0832,6.0832,6.0832,6.0832,6.0832,6.0832,6.0832,6.0832,6.0832,6.0832,6.0832,6.0832,6.0832,6.0832,6.0832,6.0832,6.0832,6.0832,6.0832,6.0832,6.0832,6.0832,6.0832,6.0832,6.0832,6.0832,6.0832,6.0832,6.0832,6.0832,6.0832,6.0832,6.0832,6.0832,6.0832,6.0832,6.0832,6.0832,6.0832,6.0832,6.0832,6.0832,6.0832,6.0832,6.0832,6.0832,6.0832,6.0832,6.0832,6.0832,6.0832,6.0832,6.0832,6.0832,6.0832,6.0832,6.0832,6.0832,6.0832,6.0832,6.0832,6.0832,6.0832,6.0832,6.0832,6.0832,6.0832,6.0832,6.0832,6.0832,6.0832,6.0832,6.0832,6.0832,6.0832,6.0832,6.0832,6.0832,6.0832,6.0832,6.0832,6.0832,6.0832,6.0832,6.0832,6.0832,6.0832,6.0832,6.0832,6.0832,6.0832,6.0832,6.0832,6.0832,6.0832,6.0832,6.0832,6.0832,6.0832,6.0832,6.0832,6.0832,6.0832,6.0832,6.0832,6.0832,6.0832,6.0832,6.0832,6.0832,6.0832,6.0832,6.0832,6.0832,6.0832,6.0832,6.0832,6.0832,6.0832,6.0832,6.0832,6.0832,6.0832,6.0832,6.0832,6.0832,6.0832,6.0832,6.0832,6.0832,6.0832,6.0832,6.0832,6.0832,6.0832,6.0832,6.0832,6.0832,6.0832,6.0832,6.0832,6.0832,6.0832,6.0832,6.0832,6.0832,6.0832,6.0832,6.0832,6.0832,6.0832,6.0832,6.0832,6.0832,6.0832,6.0832,6.0832,6.0832,6.0832,6.0832,6.0832,6.0832,6.0832,6.0832,6.0832,6.0832,6.0832,6.0832,6.0832,6.0832,6.0832,6.0832,6.0832,6.0832,6.0832,6.0832,6.0832,6.0832,6.0832,6.0832,6.0832,6.0832,6.0832,6.0832,6.0832,6.0832,6.0832,6.0832,6.0832,6.0832,6.0832,6.0832,6.0832,6.0832,6.0832,6.0832,6.0832,6.0832,6.0832,6.0832,6.0832,6.0832,6.0832,6.0832,6.0832,6.0832,6.0832,6.0832,6.0832,6.0832,6.0832,6.0832,6.0832,6.0832,6.0832,6.0832,6.0832,6.0832,6.0832,6.0832,6.0832,6.0832,6.0832,6.0832,6.0832,6.0832,6.0832,6.0832,6.0832,6.0832,6.0832,6.0832,6.0832,6.0832,6.0832,6.0832,6.0832,6.0832,6.0832,6.0832,6.0832,6.0832,6.0832,6.0832,6.0832,6.0832,6.0832,6.0832,6.0832,6.0832,6.0832,6.0832,6.0832,6.0832,6.0832,6.0832,6.0832,6.0832,6.0832,6.0832,6.0832,6.0832,6.0832,6.0832,6.0832,6.0832,6.0832,6.0832,6.0832,6.0832,6.0832,6.0832,6.0832,6.0832,6.0832,6.0832,6.0832,6.0832,6.0832,6.0832,6.0832,6.0832,6.0832,6.0832,6.0832,6.0832,6.0832,6.0832,6.0832,6.0832,6.0832,6.0832,6.0832,6.0832,6.0832,6.0832,6.0832,6.0832,6.0832,6.0832,6.0832,6.0832,6.0832,6.0832,6.0832,6.0832,6.0832,6.0832,6.0832,6.0832,6.0832,6.0832,6.0832,6.0832,6.0832,6.0832,6.0832,6.0832,6.0832,6.0832,6.0832,6.0832,6.0832,6.0832,6.0832,6.0832,6.0832,6.0832,6.0832,6.0832,6.0832,6.0832,6.0832,6.0832,6.0832,6.0832,6.0832,6.0832,6.0832,6.0832,6.0832,6.0832,6.0832,6.0832,6.0832,6.0832,6.0832,6.0832,6.0832,6.0832,6.0832,6.0832,6.0832,6.0832,6.0832,6.0832,6.0832,6.0832,6.0832,6.0832,6.0832,6.0832,6.0832,6.0832,6.0832,6.0832,6.0832,6.0832,6.0832,6.0832,6.0832,6.0832,6.0832,6.0832,6.0832,6.0832,6.0832,6.0832,6.0832,6.0832,6.0832,6.0832,6.0832,6.0832,6.0832,6.0832,6.0832,6.0832,6.0832,6.0832,6.0832,6.0832,6.0832,6.0832,6.0832,6.0832,6.0832,6.0832,6.0832,6.0832,6.0832,6.0832,6.0832,6.0832,6.0832,6.0832,6.0832,6.0832,6.0832,6.0832,6.0832,6.0832,6.0832,6.0832,6.0832,6.0832,6.0832,6.0832,6.0832,6.0832,6.0832,6.0832,6.0832,6.0832,6.0832,6.0832,6.0832,6.0832,6.0832,6.0832,6.0832,6.0832,6.0832,6.0832,6.0832,6.0832,6.0832,6.0832,6.0832,6.0832,6.0832,6.0832,6.0832,6.0832
6.0793,6.0793,6.0793,6.0793,6.0793,6.0793,6.0793,6.0793,6.0793,6.0793,6.0793,6.0793,6.0793,6.0793,6.0793,6.0793,6.0793,6.0793,6.0793,6.0793,6.0793,6.0793,6.0793,6.0793,6.0793,6.0793,6.0793,6.0793,6.0793,6.0793,6.0793,6.0793,6.0793,6.0793,6.0793,6.0793,6.0793,6.0793,6.0793,6.0793,6.0793,6.0793,6.0793,6.0793,6.0793,6.0793,6.0793,6.0793,6.0793,6.0793,6.0793,6.0793,6.0793,6.0793,6.0793,6.0793,6.0793,6.0793,6.0793,6.0793,6.0793,6.0793,6.0793,6.0793,6.0793,6.0793,6.0793,6.0793,6.0793,6.0793,6.0793,6.0793,6.0793,6.0793,6.0793,6.0793,6.0793,6.0793,6.0793,6.0793,6.0793,6.0793,6.0793,6.0793,6.0793,6.0793,6.0793,6.0793,6.0793,6.0793,6.0793,6.0793,6.0793,6.0793,6.0793,6.0793,6.0793,6.0793,6.0793,6.0793,6.0793,6.0793,6.0793,6.0793,6.0793,6.0793,6.0793,6.0793,6.0793,6.0793,6.0793,6.0793,6.0793,6.0793,6.0793,6.0793,6.0793,6.0793,6.0793,6.0793,6.0793,6.0793,6.0793,6.0793,6.0793,6.0793,6.0793,6.0793,6.0793,6.0793,6.0793,6.0793,6.0793,6.0793,6.0793,6.0793,6.0793,6.0793,6.0793,6.0793,6.0793,6.0793,6.0793,6.0793,6.0793,6.0793,6.0793,6.0793,6.0793,6.0793,6.0793,6.0793,6.0793,6.0793,6.0793,6.0793,6.0793,6.0793,6.0793,6.0793,6.0793,6.0793,6.0793,6.0793,6.0793,6.0793,6.0793,6.0793,6.0793,6.0793,6.0793,6.0793,6.0793,6.0793,6.0793,6.0793,6.0793,6.0793,6.0793,6.0793,6.0793,6.0793,6.0793,6.0793,6.0793,6.0793,6.0793,6.0793,6.0793,6.0793,6.0793,6.0793,6.0793,6.0793,6.0793,6.0793,6.0793,6.0793,6.0793,6.0793,6.0793,6.0793,6.0793,6.0793,6.0793,6.0793,6.0793,6.0793,6.0793,6.0793,6.0793,6.0793,6.0793,6.0793,6.0793,6.0793,6.0793,6.0793,6.0793,6.0793,6.0793,6.0793,6.0793,6.0793,6.0793,6.0793,6.0793,6.0793,6.0793,6.0793,6.0793,6.0793,6.0793,6.0793,6.0793,6.0793,6.0793,6.0793,6.0793,6.0793,6.0793,6.0793,6.0793,6.0793,6.0793,6.0793,6.0793,6.0793,6.0793,6.0793,6.0793,6.0793,6.0793,6.0793,6.0793,6.0793,6.0793,6.0793,6.0793,6.0793,6.0793,6.0793,6.0793,6.0793,6.0793,6.0793,6.0793,6.0793,6.0793,6.0793,6.0793,6.0793,6.0793,6.0793,6.0793,6.0793,6.0793,6.0793,6.0793,6.0793,6.0793,6.0793,6.0793,6.0793,6.0793,6.0793,6.0793,6.0793,6.0793,6.0793,6.0793,6.0793,6.0793,6.0793,6.0793,6.0793,6.0793,6.0793,6.0793,6.0793,6.0793,6.0793,6.0793,6.0793,6.0793,6.0793,6.0793,6.0793,6.0793,6.0793,6.0793,6.0793,6.0793,6.0793,6.0793,6.0793,6.0793,6.0793,6.0793,6.0793,6.0793,6.0793,6.0793,6.0793,6.0793,6.0793,6.0793,6.0793,6.0793,6.0793,6.0793,6.0793,6.0793,6.0793,6.0793,6.0793,6.0793,6.0793,6.0793,6.0793,6.0793,6.0793,6.0793,6.0793,6.0793,6.0793,6.0793,6.0793,6.0793,6.0793,6.0793,6.0793,6.0793,6.0793,6.0793,6.0793,6.0793,6.0793,6.0793,6.0793,6.0793,6.0793,6.0793,6.0793,6.0793,6.0793,6.0793,6.0793,6.0793,6.0793,6.0793,6.0793,6.0793,6.0793,6.0793,6.0793,6.0793,6.0793,6.0793,6.0793,6.0793,6.0793,6.0793,6.0793,6.0793,6.0793,6.0793,6.0793,6.0793,6.0793,6.0793,6.0793,6.0793,6.0793,6.0793,6.0793,6.0793,6.0793,6.0793,6.0793,6.0793,6.0793,6.0793,6.0793,6.0793,6.0793,6.0793,6.0793,6.0793,6.0793,6.0793,6.0793,6.0793,6.0793,6.0793,6.0793,6.0793,6.0793,6.0793,6.0793,6.0793,6.0793,6.0793,6.0793,6.0793,6.0793,6.0793,6.0793,6.0793,6.0793,6.0793,6.0793,6.0793,6.0793,6.0793,6.0793,6.0793,6.0793,6.0793,6.0793,6.0793,6.0793,6.0793,6.0793,6.0793,6.0793,6.0793,6.0793,6.0793,6.0793,6.0793,6.0793,6.0793,6.0793,6.0793,6.0793,6.0793,6.0793,6.0793,6.0793,6.0793,6.0793,6.0793,6.0793,6.0793,6.0793,6.0793,6.0793,6.0793,6.0793,6.0793,6.0793,6.0793,6.0793,6.0793,6.0793,6.0793,6.0793,6.0793,6.0793,6.0793,6.0793,6.0793,6.0793,6.0793,6.0793,6.0793,6.0793,6.0793,6.0793,6.0793,6.0793,6.0793,6.0793,6.0793,6.0793,6.0793,6.0793,6.0793,6.0793,6.0793,6.0793,6.0793,6.0793,6.0793,6.0793,6.0793,6.0793,6.0793,6.0793,6.0793,6.0793,6.0793,6.0793,6.0793,6.0793,6.0793,6.0793,6.0793,6.0793,6.0793,6.0793,6.0793,6.0793,6.0793,6.0793,6.0793,6.0793,6.0793,6.0793,6.0793,6.0793,6.0793,6.0793,6.0793,6.0793,6.0793,6.0793,6.0793,6.0793,6.0793,6.0793,6.0793,6.0793,6.0793,6.0793,6.0793,6.0793,6.0793,6.0793,6.0793,6.0793,6.0793,6.0793,6.0793,6.0793,6.0793,6.0793,6.0793,6.0793,6.0793,6.0793,6.0793,6.0793,6.0793,6.0793,6.0793,6.0793,6.0793,6.0793,6.0793,6.0793,6.0793,6.0793,6.0793,6.0793,6.0793,6.0793,6.0793,6.0793,6.0793,6.0793,6.0793,6.0793,6.0793,6.0793,6.0793,6.0793,6.0793,6.0793,6.0793,6.0793,6.0793,6.0793,6.0793,6.0793,6.0793,6.0793,6.0793,6.0793,6.0793,6.0793,6.0793,6.0793,6.0793,6.0793,6.0793,6.0793,6.0793,6.0793,6.0793,6.0793,6.0793,6.0793,6.0793,6.0793,6.0793,6.0793,6.0793,6.0793,6.0793,6.0793,6.0793,6.0793,6.0793,6.0793,6.0793,6.0793,6.0793,6.0793,6.0793,6.0793,6.0793,6.0793,6.0793,6.0793,6.0793,6.0793,6.0793,6.0793,6.0793,6.0793,6.0793,6.0793,6.0793,6.0793,6.0793,6.0793,6.0793,6.0793,6.0793,6.0793,6.0793,6.0793,6.0793,6.0793,6.0793,6.0793,6.0793,6.0793,6.0793,6.0793,6.0793,6.0793,6.0793,6.0793,6.0793,6.0793,6.0793,6.0793,6.0793,6.0793,6.0793,6.0793,6.0793,6.0793,6.0793,6.0793,6.0793,6.0793,6.0793,6.0793,6.0793,6.0793,6.0793,6.0793,6.0793,6.0793,6.0793,6.0793,6.0793,6.0793,6.0793,6.0793,6.0793,6.0793,6.0793,6.0793,6.0793,6.0793,6.0793,6.0793,6.0793,6.0793,6.0793,6.0793,6.0793,6.0793,6.0793,6.0793,6.0793,6.0793,6.0793,6.0793,6.0793,6.0793,6.0793,6.0793,6.0793,6.0793,6.0793,6.0793,6.0793,6.0793,6.0793,6.0793,6.0793,6.0793,6.0793,6.0793,6.0793,6.0793,6.0793,6.0793,6.0793,6.0793,6.0793,6.0793,6.0793,6.0793,6.0793,6.0793,6.0793,6.0793,6.0793,6.0793,6.0793,6.0793,6.0793,6.0793,6.0793,6.0793,6.0793,6.0793,6.0793,6.0793,6.0793,6.0793,6.0793,6.0793,6.0793,6.0793,6.0793,6.0793,6.0793,6.0793,6.0793,6.0793,6.0793,6.0793,6.0793,6.0793,6.0793,6.0793,6.0793,6.0793,6.0793,6.0793,6.0793,6.0793,6.0793,6.0793,6.0793,6.0793,6.0793,6.0793,6.0793,6.0793,6.0793,6.0793,6.0793,6.0793,6.0793,6.0793,6.0793,6.0793,6.0793,6.0793,6.0793,6.0793,6.0793,6.0793,6.0793,6.0793,6.0793,6.0793,6.0793,6.0793,6.0793,6.0793,6.0793,6.0793,6.0793,6.0793,6.0793,6.0793,6.0793,6.0793,6.0793,6.0793,6.0793,6.0793,6.0793,6.0793,6.0793,6.0793,6.0793,6.0793,6.0793,6.0793,6.0793,6.0793,6.0793,6.0793,6.0793,6.0793,6.0793,6.0793,6.0793,6.0793,6.0793,6.0793,6.0793,6.0793,6.0793,6.0793,6.0793,6.0793,6.0793,6.0793,6.0793,6.0793,6.0793,6.0793,6.0793,6.0793,6.0793,6.0793,6.0793,6.0793,6.0793,6.0793,6.0793,6.0793,6.0793,6.0793,6.0793,6.0793,6.0793,6.0793,6.0793,6.0793,6.0793,6.0793,6.0793,6.0793,6.0793,6.0793,6.0793,6.0793,6.0793,6.0793,6.0793,6.0793,6.0793,6.0793,6.0793,6.0793,6.0793,6.0793,6.0793,6.0793,6.0793,6.0793,6.0793,6.0793,6.0793,6.0793,6.0793,6.0793,6.0793,6.0793,6.0793,6.0793,6.0793,6.0793,6.0793,6.0793,6.0793,6.0793,6.0793,6.0793,6.0793,6.0793,6.0793,6.0793,6.0793,6.0793,6.0793,6.0793,6.0793,6.0793,6.0793,6.0793,6.0793,6.0793,6.0793,6.0793,6.0793,6.0793,6.0793,6.0793,6.0793,6.0793,6.0793,6.0793,6.0793,6.0793,6.0793,6.0793,6.0793,6.0793,6.0793,6.0793,6.0793,6.0793,6.0793,6.0793,6.0793,6.0793,6.0793,6.0793,6.0793,6.0793,6.0793,6.0793,6.0793,6.0793,6.0793,6.0793
6.0751,6.0751,6.0751,6.0751,6.0751,6.0751,6.0751,6.0751,6.0751,6.0751,6.0751,6.0751,6.0751,6.0751,6.0751,6.0751,6.0751,6.0751,6.0751,6.0751,6.0751,6.0751,6.0751,6.0751,6.0751,6.0751,6.0751,6.0751,6.0751,6.0751,6.0751,6.0751,6.0751,6.0751,6.0751,6.0751,6.0751,6.0751,6.0751,6.0751,6.0751,6.0751,6.0751,6.0751,6.0751,6.0751,6.0751,6.0751,6.0751,6.0751,6.0751,6.0751,6.0751,6.0751,6.0751,6.0751,6.0751,6.0751,6.0751,6.0751,6.0751,6.0751,6.0751,6.0751,6.0751,6.0751,6.0751,6.0751,6.0751,6.0751,6.0751,6.0751,6.0751,6.0751,6.0751,6.0751,6.0751,6.0751,6.0751,6.0751,6.0751,6.0751,6.0751,6.0751,6.0751,6.0751,6.0751,6.0751,6.0751,6.0751,6.0751,6.0751,6.0751,6.0751,6.0751,6.0751,6.0751,6.0751,6.0751,6.0751,6.0751,6.0751,6.0751,6.0751,6.0751,6.0751,6.0751,6.0751,6.0751,6.0751,6.0751,6.0751,6.0751,6.0751,6.0751,6.0751,6.0751,6.0751,6.0751,6.0751,6.0751,6.0751,6.0751,6.0751,6.0751,6.0751,6.0751,6.0751,6.0751,6.0751,6.0751,6.0751,6.0751,6.0751,6.0751,6.0751,6.0751,6.0751,6.0751,6.0751,6.0751,6.0751,6.0751,6.0751,6.0751,6.0751,6.0751,6.0751,6.0751,6.0751,6.0751,6.0751,6.0751,6.0751,6.0751,6.0751,6.0751,6.0751,6.0751,6.0751,6.0751,6.0751,6.0751,6.0751,6.0751,6.0751,6.0751,6.0751,6.0751,6.0751,6.0751,6.0751,6.0751,6.0751,6.0751,6.0751,6.0751,6.0751,6.0751,6.0751,6.0751,6.0751,6.0751,6.0751,6.0751,6.0751,6.0751,6.0751,6.0751,6.0751,6.0751,6.0751,6.0751,6.0751,6.0751,6.0751,6.0751,6.0751,6.0751,6.0751,6.0751,6.0751,6.0751,6.0751,6.0751,6.0751,6.0751,6.0751,6.0751,6.0751,6.0751,6.0751,6.0751,6.0751,6.0751,6.0751,6.0751,6.0751,6.0751,6.0751,6.0751,6.0751,6.0751,6.0751,6.0751,6.0751,6.0751,6.0751,6.0751,6.0751,6.0751,6.0751,6.0751,6.0751,6.0751,6.0751,6.0751,6.0751,6.0751,6.0751,6.0751,6.0751,6.0751,6.0751,6.0751,6.0751,6.0751,6.0751,6.0751,6.0751,6.0751,6.0751,6.0751,6.0751,6.0751,6.0751,6.0751,6.0751,6.0751,6.0751,6.0751,6.0751,6.0751,6.0751,6.0751,6.0751,6.0751,6.0751,6.0751,6.0751,6.0751,6.0751,6.0751,6.0751,6.0751,6.0751,6.0751,6.0751,6.0751,6.0751,6.0751,6.0751,6.0751,6.0751,6.0751,6.0751,6.0751,6.0751,6.0751,6.0751,6.0751,6.0751,6.0751,6.0751,6.0751,6.0751,6.0751,6.0751,6.0751,6.0751,6.0751,6.0751,6.0751,6.0751,6.0751,6.0751,6.0751,6.0751,6.0751,6.0751,6.0751,6.0751,6.0751,6.0751,6.0751,6.0751,6.0751,6.0751,6.0751,6.0751,6.0751,6.0751,6.0751,6.0751,6.0751,6.0751,6.0751,6.0751,6.0751,6.0751,6.0751,6.0751,6.0751,6.0751,6.0751,6.0751,6.0751,6.0751,6.0751,6.0751,6.0751,6.0751,6.0751,6.0751,6.0751,6.0751,6.0751,6.0751,6.0751,6.0751,6.0751,6.0751,6.0751,6.0751,6.0751,6.0751,6.0751,6.0751,6.0751,6.0751,6.0751,6.0751,6.0751,6.0751,6.0751,6.0751,6.0751,6.0751,6.0751,6.0751,6.0751,6.0751,6.0751,6.0751,6.0751,6.0751,6.0751,6.0751,6.0751,6.0751,6.0751,6.0751,6.0751,6.0751,6.0751,6.0751,6.0751,6.0751,6.0751,6.0751,6.0751,6.0751,6.0751,6.0751,6.0751,6.0751,6.0751,6.0751,6.0751,6.0751,6.0751,6.0751,6.0751,6.0751,6.0751,6.0751,6.0751,6.0751,6.0751,6.0751,6.0751,6.0751,6.0751,6.0751,6.0751,6.0751,6.0751,6.0751,6.0751,6.0751,6.0751,6.0751,6.0751,6.0751,6.0751,6.0751,6.0751,6.0751,6.0751,6.0751,6.0751,6.0751,6.0751,6.0751,6.0751,6.0751,6.0751,6.0751,6.0751,6.0751,6.0751,6.0751,6.0751,6.0751,6.0751,6.0751,6.0751,6.0751,6.0751,6.0751,6.0751,6.0751,6.0751,6.0751,6.0751,6.0751,6.0751,6.0751,6.0751,6.0751,6.0751,6.0751,6.0751,6.0751,6.0751,6.0751,6.0751,6.0751,6.0751,6.0751,6.0751,6.0751,6.0751,6.0751,6.0751,6.0751,6.0751,6.0751,6.0751,6.0751,6.0751,6.0751,6.0751,6.0751,6.0751,6.0751,6.0751,6.0751,6.0751,6.0751,6.0751,6.0751,6.0751,6.0751,6.0751,6.0751,6.0751,6.0751,6.0751,6.0751,6.0751,6.0751,6.0751,6.0751,6.0751,6.0751,6.0751,6.0751,6.0751,6.0751,6.0751,6.0751,6.0751,6.0751,6.0751,6.0751,6.0751,6.0751,6.0751,6.0751,6.0751,6.0751,6.0751,6.0751,6.0751,6.0751,6.0751,6.0751,6.0751,6.0751,6.0751,6.0751,6.0751,6.0751,6.0751,6.0751,6.0751,6.0751,6.0751,6.0751,6.0751,6.0751,6.0751,6.0751,6.0751,6.0751,6.0751,6.0751,6.0751,6.0751,6.0751,6.0751,6.0751,6.0751,6.0751,6.0751,6.0751,6.0751,6.0751,6.0751,6.0751,6.0751,6.0751,6.0751,6.0751,6.0751,6.0751,6.0751,6.0751,6.0751,6.0751,6.0751,6.0751,6.0751,6.0751,6.0751,6.0751,6.0751,6.0751,6.0751,6.0751,6.0751,6.0751,6.0751,6.0751,6.0751,6.0751,6.0751,6.0751,6.0751,6.0751,6.0751,6.0751,6.0751,6.0751,6.0751,6.0751,6.0751,6.0751,6.0751,6.0751,6.0751,6.0751,6.0751,6.0751,6.0751,6.0751,6.0751,6.0751,6.0751,6.0751,6.0751,6.0751,6.0751,6.0751,6.0751,6.0751,6.0751,6.0751,6.0751,6.0751,6.0751,6.0751,6.0751,6.0751,6.0751,6.0751,6.0751,6.0751,6.0751,6.0751,6.0751,6.0751,6.0751,6.0751,6.0751,6.0751,6.0751,6.0751,6.0751,6.0751,6.0751,6.0751,6.0751,6.0751,6.0751,6.0751,6.0751,6.0751,6.0751,6.0751,6.0751,6.0751,6.0751,6.0751,6.0751,6.0751,6.0751,6.0751,6.0751,6.0751,6.0751,6.0751,6.0751,6.0751,6.0751,6.0751,6.0751,6.0751,6.0751,6.0751,6.0751,6.0751,6.0751,6.0751,6.0751,6.0751,6.0751,6.0751,6.0751,6.0751,6.0751,6.0751,6.0751,6.0751,6.0751,6.0751,6.0751,6.0751,6.0751,6.0751,6.0751,6.0751,6.0751,6.0751,6.0751,6.0751,6.0751,6.0751,6.0751,6.0751,6.0751,6.0751,6.0751,6.0751,6.0751,6.0751,6.0751,6.0751,6.0751,6.0751,6.0751,6.0751,6.0751,6.0751,6.0751,6.0751,6.0751,6.0751,6.0751,6.0751,6.0751,6.0751,6.0751,6.0751,6.0751,6.0751,6.0751,6.0751,6.0751,6.0751,6.0751,6.0751,6.0751,6.0751,6.0751,6.0751,6.0751,6.0751,6.0751,6.0751,6.0751,6.0751,6.0751,6.0751,6.0751,6.0751,6.0751,6.0751,6.0751,6.0751,6.0751,6.0751,6.0751,6.0751,6.0751,6.0751,6.0751,6.0751,6.0751,6.0751,6.0751,6.0751,6.0751,6.0751,6.0751,6.0751,6.0751,6.0751,6.0751,6.0751,6.0751,6.0751,6.0751,6.0751,6.0751,6.0751,6.0751,6.0751,6.0751,6.0751,6.0751,6.0751,6.0751,6.0751,6.0751,6.0751,6.0751,6.0751,6.0751,6.0751,6.0751,6.0751,6.0751,6.0751,6.0751,6.0751,6.0751,6.0751,6.0751,6.0751,6.0751,6.0751,6.0751,6.0751,6.0751,6.0751,6.0751,6.0751,6.0751,6.0751,6.0751,6.0751,6.0751,6.0751,6.0751,6.0751,6.0751,6.0751,6.0751,6.0751,6.0751,6.0751,6.0751,6.0751,6.0751,6.0751,6.0751,6.0751,6.0751,6.0751,6.0751,6.0751,6.0751,6.0751,6.0751,6.0751,6.0751,6.0751,6.0751,6.0751,6.0751,6.0751,6.0751,6.0751,6.0751,6.0751,6.0751,6.0751,6.0751,6.0751,6.0751,6.0751,6.0751,6.0751,6.0751,6.0751,6.0751,6.0751,6.0751,6.0751,6.0751,6.0751,6.0751,6.0751,6.0751,6.0751,6.0751,6.0751,6.0751,6.0751,6.0751,6.0751,6.0751,6.0751,6.0751,6.0751,6.0751,6.0751,6.0751,6.0751,6.0751,6.0751,6.0751,6.0751,6.0751,6.0751,6.0751,6.0751,6.0751,6.0751,6.0751,6.0751,6.0751,6.0751,6.0751,6.0751,6.0751,6.0751,6.0751,6.0751,6.0751,6.0751,6.0751,6.0751,6.0751,6.0751,6.0751,6.0751,6.0751,6.0751,6.0751,6.0751,6.0751,6.0751,6.0751,6.0751,6.0751,6.0751,6.0751,6.0751,6.0751,6.0751,6.0751,6.0751,6.0751,6.0751,6.0751,6.0751,6.0751,6.0751,6.0751,6.0751,6.0751,6.0751,6.0751,6.0751,6.0751,6.0751,6.0751,6.0751,6.0751,6.0751,6.0751,6.0751,6.0751,6.0751,6.0751,6.0751,6.0751,6.0751,6.0751,6.0751,6.0751,6.0751,6.0751,6.0751,6.0751,6.0751,6.0751
6.0709,6.0709,6.0709,6.0709,6.0709,6.0709,6.0709,6.0709,6.0709,6.0709,6.0709,6.0709,6.0709,6.0709,6.0709,6.0709,6.0709,6.0709,6.0709,6.0709,6.0709,6.0709,6.0709,6.0709,6.0709,6.0709,6.0709,6.0709,6.0709,6.0709,6.0709,6.0709,6.0709,6.0709,6.0709,6.0709,6.0709,6.0709,6.0709,6.0709,6.0709,6.0709,6.0709,6.0709,6.0709,6.0709,6.0709,6.0709,6.0709,6.0709,6.0709,6.0709,6.0709,6.0709,6.0709,6.0709,6.0709,6.0709,6.0709,6.0709,6.0709,6.0709,6.0709,6.0709,6.0709,6.0709,6.0709,6.0709,6.0709,6.0709,6.0709,6.0709,6.0709,6.0709,6.0709,6.0709,6.0709,6.0709,6.0709,6.0709,6.0709,6.0709,6.0709,6.0709,6.0709,6.0709,6.0709,6.0709,6.0709,6.0709,6.0709,6.0709,6.0709,6.0709,6.0709,6.0709,6.0709,6.0709,6.0709,6.0709,6.0709,6.0709,6.0709,6.0709,6.0709,6.0709,6.0709,6.0709,6.0709,6.0709,6.0709,6.0709,6.0709,6.0709,6.0709,6.0709,6.0709,6.0709,6.0709,6.0709,6.0709,6.0709,6.0709,6.0709,6.0709,6.0709,6.0709,6.0709,6.0709,6.0709,6.0709,6.0709,6.0709,6.0709,6.0709,6.0709,6.0709,6.0709,6.0709,6.0709,6.0709,6.0709,6.0709,6.0709,6.0709,6.0709,6.0709,6.0709,6.0709,6.0709,6.0709,6.0709,6.0709,6.0709,6.0709,6.0709,6.0709,6.0709,6.0709,6.0709,6.0709,6.0709,6.0709,6.0709,6.0709,6.0709,6.0709,6.0709,6.0709,6.0709,6.0709,6.0709,6.0709,6.0709,6.0709,6.0709,6.0709,6.0709,6.0709,6.0709,6.0709,6.0709,6.0709,6.0709,6.0709,6.0709,6.0709,6.0709,6.0709,6.0709,6.0709,6.0709,6.0709,6.0709,6.0709,6.0709,6.0709,6.0709,6.0709,6.0709,6.0709,6.0709,6.0709,6.0709,6.0709,6.0709,6.0709,6.0709,6.0709,6.0709,6.0709,6.0709,6.0709,6.0709,6.0709,6.0709,6.0709,6.0709,6.0709,6.0709,6.0709,6.0709,6.0709,6.0709,6.0709,6.0709,6.0709,6.0709,6.0709,6.0709,6.0709,6.0709,6.0709,6.0709,6.0709,6.0709,6.0709,6.0709,6.0709,6.0709,6.0709,6.0709,6.0709,6.0709,6.0709,6.0709,6.0709,6.0709,6.0709,6.0709,6.0709,6.0709,6.0709,6.0709,6.0709,6.0709,6.0709,6.0709,6.0709,6.0709,6.0709,6.0709,6.0709,6.0709,6.0709,6.0709,6.0709,6.0709,6.0709,6.0709,6.0709,6.0709,6.0709,6.0709,6.0709,6.0709,6.0709,6.0709,6.0709,6.0709,6.0709,6.0709,6.0709,6.0709,6.0709,6.0709,6.0709,6.0709,6.0709,6.0709,6.0709,6.0709,6.0709,6.0709,6.0709,6.0709,6.0709,6.0709,6.0709,6.0709,6.0709,6.0709,6.0709,6.0709,6.0709,6.0709,6.0709,6.0709,6.0709,6.0709,6.0709,6.0709,6.0709,6.0709,6.0709,6.0709,6.0709,6.0709,6.0709,6.0709,6.0709,6.0709,6.0709,6.0709,6.0709,6.0709,6.0709,6.0709,6.0709,6.0709,6.0709,6.0709,6.0709,6.0709,6.0709,6.0709,6.0709,6.0709,6.0709,6.0709,6.0709,6.0709,6.0709,6.0709,6.0709,6.0709,6.0709,6.0709,6.0709,6.0709,6.0709,6.0709,6.0709,6.0709,6.0709,6.0709,6.0709,6.0709,6.0709,6.0709,6.0709,6.0709,6.0709,6.0709,6.0709,6.0709,6.0709,6.0709,6.0709,6.0709,6.0709,6.0709,6.0709,6.0709,6.0709,6.0709,6.0709,6.0709,6.0709,6.0709,6.0709,6.0709,6.0709,6.0709,6.0709,6.0709,6.0709,6.0709,6.0709,6.0709,6.0709,6.0709,6.0709,6.0709,6.0709,6.0709,6.0709,6.0709,6.0709,6.0709,6.0709,6.0709,6.0709,6.0709,6.0709,6.0709,6.0709,6.0709,6.0709,6.0709,6.0709,6.0709,6.0709,6.0709,6.0709,6.0709,6.0709,6.0709,6.0709,6.0709,6.0709,6.0709,6.0709,6.0709,6.0709,6.0709,6.0709,6.0709,6.0709,6.0709,6.0709,6.0709,6.0709,6.0709,6.0709,6.0709,6.0709,6.0709,6.0709,6.0709,6.0709,6.0709,6.0709,6.0709,6.0709,6.0709,6.0709,6.0709,6.0709,6.0709,6.0709,6.0709,6.0709,6.0709,6.0709,6.0709,6.0709,6.0709,6.0709,6.0709,6.0709,6.0709,6.0709,6.0709,6.0709,6.0709,6.0709,6.0709,6.0709,6.0709,6.0709,6.0709,6.0709,6.0709,6.0709,6.0709,6.0709,6.0709,6.0709,6.0709,6.0709,6.0709,6.0709,6.0709,6.0709,6.0709,6.0709,6.0709,6.0709,6.0709,6.0709,6.0709,6.0709,6.0709,6.0709,6.0709,6.0709,6.0709,6.0709,6.0709,6.0709,6.0709,6.0709,6.0709,6.0709,6.0709,6.0709,6.0709,6.0709,6.0709,6.0709,6.0709,6.0709,6.0709,6.0709,6.0709,6.0709,6.0709,6.0709,6.0709,6.0709,6.0709,6.0709,6.0709,6.0709,6.0709,6.0709,6.0709,6.0709,6.0709,6.0709,6.0709,6.0709,6.0709,6.0709,6.0709,6.0709,6.0709,6.0709,6.0709,6.0709,6.0709,6.0709,6.0709,6.0709,6.0709,6.0709,6.0709,6.0709,6.0709,6.0709,6.0709,6.0709,6.0709,6.0709,6.0709,6.0709,6.0709,6.0709,6.0709,6.0709,6.0709,6.0709,6.0709,6.0709,6.0709,6.0709,6.0709,6.0709,6.0709,6.0709,6.0709,6.0709,6.0709,6.0709,6.0709,6.0709,6.0709,6.0709,6.0709,6.0709,6.0709,6.0709,6.0709,6.0709,6.0709,6.0709,6.0709,6.0709,6.0709,6.0709,6.0709,6.0709,6.0709,6.0709,6.0709,6.0709,6.0709,6.0709,6.0709,6.0709,6.0709,6.0709,6.0709,6.0709,6.0709,6.0709,6.0709,6.0709,6.0709,6.0709,6.0709,6.0709,6.0709,6.0709,6.0709,6.0709,6.0709,6.0709,6.0709,6.0709,6.0709,6.0709,6.0709,6.0709,6.0709,6.0709,6.0709,6.0709,6.0709,6.0709,6.0709,6.0709,6.0709,6.0709,6.0709,6.0709,6.0709,6.0709,6.0709,6.0709,6.0709,6.0709,6.0709,6.0709,6.0709,6.0709,6.0709,6.0709,6.0709,6.0709,6.0709,6.0709,6.0709,6.0709,6.0709,6.0709,6.0709,6.0709,6.0709,6.0709,6.0709,6.0709,6.0709,6.0709,6.0709,6.0709,6.0709,6.0709,6.0709,6.0709,6.0709,6.0709,6.0709,6.0709,6.0709,6.0709,6.0709,6.0709,6.0709,6.0709,6.0709,6.0709,6.0709,6.0709,6.0709,6.0709,6.0709,6.0709,6.0709,6.0709,6.0709,6.0709,6.0709,6.0709,6.0709,6.0709,6.0709,6.0709,6.0709,6.0709,6.0709,6.0709,6.0709,6.0709,6.0709,6.0709,6.0709,6.0709,6.0709,6.0709,6.0709,6.0709,6.0709,6.0709,6.0709,6.0709,6.0709,6.0709,6.0709,6.0709,6.0709,6.0709,6.0709,6.0709,6.0709,6.0709,6.0709,6.0709,6.0709,6.0709,6.0709,6.0709,6.0709,6.0709,6.0709,6.0709,6.0709,6.0709,6.0709,6.0709,6.0709,6.0709,6.0709,6.0709,6.0709,6.0709,6.0709,6.0709,6.0709,6.0709,6.0709,6.0709,6.0709,6.0709,6.0709,6.0709,6.0709,6.0709,6.0709,6.0709,6.0709,6.0709,6.0709,6.0709,6.0709,6.0709,6.0709,6.0709,6.0709,6.0709,6.0709,6.0709,6.0709,6.0709,6.0709,6.0709,6.0709,6.0709,6.0709,6.0709,6.0709,6.0709,6.0709,6.0709,6.0709,6.0709,6.0709,6.0709,6.0709,6.0709,6.0709,6.0709,6.0709,6.0709,6.0709,6.0709,6.0709,6.0709,6.0709,6.0709,6.0709,6.0709,6.0709,6.0709,6.0709,6.0709,6.0709,6.0709,6.0709,6.0709,6.0709,6.0709,6.0709,6.0709,6.0709,6.0709,6.0709,6.0709,6.0709,6.0709,6.0709,6.0709,6.0709,6.0709,6.0709,6.0709,6.0709,6.0709,6.0709,6.0709,6.0709,6.0709,6.0709,6.0709,6.0709,6.0709,6.0709,6.0709,6.0709,6.0709,6.0709,6.0709,6.0709,6.0709,6.0709,6.0709,6.0709,6.0709,6.0709,6.0709,6.0709,6.0709,6.0709,6.0709,6.0709,6.0709,6.0709,6.0709,6.0709,6.0709,6.0709,6.0709,6.0709,6.0709,6.0709,6.0709,6.0709,6.0709,6.0709,6.0709,6.0709,6.0709,6.0709,6.0709,6.0709,6.0709,6.0709,6.0709,6.0709,6.0709,6.0709,6.0709,6.0709,6.0709,6.0709,6.0709,6.0709,6.0709,6.0709,6.0709,6.0709,6.0709,6.0709,6.0709,6.0709,6.0709,6.0709,6.0709,6.0709,6.0709,6.0709,6.0709,6.0709,6.0709,6.0709,6.0709,6.0709,6.0709,6.0709,6.0709,6.0709,6.0709,6.0709,6.0709,6.0709,6.0709,6.0709,6.0709,6.0709,6.0709,6.0709,6.0709,6.0709,6.0709,6.0709,6.0709,6.0709,6.0709,6.0709,6.0709,6.0709,6.0709,6.0709,6.0709,6.0709,6.0709,6.0709,6.0709,6.0709,6.0709,6.0709,6.0709,6.0709,6.0709,6.0709,6.0709,6.0709,6.0709,6.0709,6.0709,6.0709,6.0709,6.0709,6.0709,6.0709,6.0709,6.0709,6.0709,6.0709
6.0668,6.0668,6.0668,6.0668,6.0668,6.0668,6.0668,6.0668,6.0668,6.0668,6.0668,6.0668,6.0668,6.0668,6.0668,6.0668,6.0668,6.0668,6.0668,6.0668,6.0668,6.0668,6.0668,6.0668,6.0668,6.0668,6.0668,6.0668,6.0668,6.0668,6.0668,6.0668,6.0668,6.0668,6.0668,6.0668,6.0668,6.0668,6.0668,6.0668,6.0668,6.0668,6.0668,6.0668,6.0668,6.0668,6.0668,6.0668,6.0668,6.0668,6.0668,6.0668,6.0668,6.0668,6.0668,6.0668,6.0668,6.0668,6.0668,6.0668,6.0668,6.0668,6.0668,6.0668,6.0668,6.0668,6.0668,6.0668,6.0668,6.0668,6.0668,6.0668,6.0668,6.0668,6.0668,6.0668,6.0668,6.0668,6.0668,6.0668,6.0668,6.0668,6.0668,6.0668,6.0668,6.0668,6.0668,6.0668,6.0668,6.0668,6.0668,6.0668,6.0668,6.0668,6.0668,6.0668,6.0668,6.0668,6.0668,6.0668,6.0668,6.0668,6.0668,6.0668,6.0668,6.0668,6.0668,6.0668,6.0668,6.0668,6.0668,6.0668,6.0668,6.0668,6.0668,6.0668,6.0668,6.0668,6.0668,6.0668,6.0668,6.0668,6.0668,6.0668,6.0668,6.0668,6.0668,6.0668,6.0668,6.0668,6.0668,6.0668,6.0668,6.0668,6.0668,6.0668,6.0668,6.0668,6.0668,6.0668,6.0668,6.0668,6.0668,6.0668,6.0668,6.0668,6.0668,6.0668,6.0668,6.0668,6.0668,6.0668,6.0668,6.0668,6.0668,6.0668,6.0668,6.0668,6.0668,6.0668,6.0668,6.0668,6.0668,6.0668,6.0668,6.0668,6.0668,6.0668,6.0668,6.0668,6.0668,6.0668,6.0668,6.0668,6.0668,6.0668,6.0668,6.0668,6.0668,6.0668,6.0668,6.0668,6.0668,6.0668,6.0668,6.0668,6.0668,6.0668,6.0668,6.0668,6.0668,6.0668,6.0668,6.0668,6.0668,6.0668,6.0668,6.0668,6.0668,6.0668,6.0668,6.0668,6.0668,6.0668,6.0668,6.0668,6.0668,6.0668,6.0668,6.0668,6.0668,6.0668,6.0668,6.0668,6.0668,6.0668,6.0668,6.0668,6.0668,6.0668,6.0668,6.0668,6.0668,6.0668,6.0668,6.0668,6.0668,6.0668,6.0668,6.0668,6.0668,6.0668,6.0668,6.0668,6.0668,6.0668,6.0668,6.0668,6.0668,6.0668,6.0668,6.0668,6.0668,6.0668,6.0668,6.0668,6.0668,6.0668,6.0668,6.0668,6.0668,6.0668,6.0668,6.0668,6.0668,6.0668,6.0668,6.0668,6.0668,6.0668,6.0668,6.0668,6.0668,6.0668,6.0668,6.0668,6.0668,6.0668,6.0668,6.0668,6.0668,6.0668,6.0668,6.0668,6.0668,6.0668,6.0668,6.0668,6.0668,6.0668,6.0668,6.0668,6.0668,6.0668,6.0668,6.0668,6.0668,6.0668,6.0668,6.0668,6.0668,6.0668,6.0668,6.0668,6.0668,6.0668,6.0668,6.0668,6.0668,6.0668,6.0668,6.0668,6.0668,6.0668,6.0668,6.0668,6.0668,6.0668,6.0668,6.0668,6.0668,6.0668,6.0668,6.0668,6.0668,6.0668,6.0668,6.0668,6.0668,6.0668,6.0668,6.0668,6.0668,6.0668,6.0668,6.0668,6.0668,6.0668,6.0668,6.0668,6.0668,6.0668,6.0668,6.0668,6.0668,6.0668,6.0668,6.0668,6.0668,6.0668,6.0668,6.0668,6.0668,6.0668,6.0668,6.0668,6.0668,6.0668,6.0668,6.0668,6.0668,6.0668,6.0668,6.0668,6.0668,6.0668,6.0668,6.0668,6.0668,6.0668,6.0668,6.0668,6.0668,6.0668,6.0668,6.0668,6.0668,6.0668,6.0668,6.0668,6.0668,6.0668,6.0668,6.0668,6.0668,6.0668,6.0668,6.0668,6.0668,6.0668,6.0668,6.0668,6.0668,6.0668,6.0668,6.0668,6.0668,6.0668,6.0668,6.0668,6.0668,6.0668,6.0668,6.0668,6.0668,6.0668,6.0668,6.0668,6.0668,6.0668,6.0668,6.0668,6.0668,6.0668,6.0668,6.0668,6.0668,6.0668,6.0668,6.0668,6.0668,6.0668,6.0668,6.0668,6.0668,6.0668,6.0668,6.0668,6.0668,6.0668,6.0668,6.0668,6.0668,6.0668,6.0668,6.0668,6.0668,6.0668,6.0668,6.0668,6.0668,6.0668,6.0668,6.0668,6.0668,6.0668,6.0668,6.0668,6.0668,6.0668,6.0668,6.0668,6.0668,6.0668,6.0668,6.0668,6.0668,6.0668,6.0668,6.0668,6.0668,6.0668,6.0668,6.0668,6.0668,6.0668,6.0668,6.0668,6.0668,6.0668,6.0668,6.0668,6.0668,6.0668,6.0668,6.0668,6.0668,6.0668,6.0668,6.0668,6.0668,6.0668,6.0668,6.0668,6.0668,6.0668,6.0668,6.0668,6.0668,6.0668,6.0668,6.0668,6.0668,6.0668,6.0668,6.0668,6.0668,6.0668,6.0668,6.0668,6.0668,6.0668,6.0668,6.0668,6.0668,6.0668,6.0668,6.0668,6.0668,6.0668,6.0668,6.0668,6.0668,6.0668,6.0668,6.0668,6.0668,6.0668,6.0668,6.0668,6.0668,6.0668,6.0668,6.0668,6.0668,6.0668,6.0668,6.0668,6.0668,6.0668,6.0668,6.0668,6.0668,6.0668,6.0668,6.0668,6.0668,6.0668,6.0668,6.0668,6.0668,6.0668,6.0668,6.0668,6.0668,6.0668,6.0668,6.0668,6.0668,6.0668,6.0668,6.0668,6.0668,6.0668,6.0668,6.0668,6.0668,6.0668,6.0668,6.0668,6.0668,6.0668,6.0668,6.0668,6.0668,6.0668,6.0668,6.0668,6.0668,6.0668,6.0668,6.0668,6.0668,6.0668,6.0668,6.0668,6.0668,6.0668,6.0668,6.0668,6.0668,6.0668,6.0668,6.0668,6.0668,6.0668,6.0668,6.0668,6.0668,6.0668,6.0668,6.0668,6.0668,6.0668,6.0668,6.0668,6.0668,6.0668,6.0668,6.0668,6.0668,6.0668,6.0668,6.0668,6.0668,6.0668,6.0668,6.0668,6.0668,6.0668,6.0668,6.0668,6.0668,6.0668,6.0668,6.0668,6.0668,6.0668,6.0668,6.0668,6.0668,6.0668,6.0668,6.0668,6.0668,6.0668,6.0668,6.0668,6.0668,6.0668,6.0668,6.0668,6.0668,6.0668,6.0668,6.0668,6.0668,6.0668,6.0668,6.0668,6.0668,6.0668,6.0668,6.0668,6.0668,6.0668,6.0668,6.0668,6.0668,6.0668,6.0668,6.0668,6.0668,6.0668,6.0668,6.0668,6.0668,6.0668,6.0668,6.0668,6.0668,6.0668,6.0668,6.0668,6.0668,6.0668,6.0668,6.0668,6.0668,6.0668,6.0668,6.0668,6.0668,6.0668,6.0668,6.0668,6.0668,6.0668,6.0668,6.0668,6.0668,6.0668,6.0668,6.0668,6.0668,6.0668,6.0668,6.0668,6.0668,6.0668,6.0668,6.0668,6.0668,6.0668,6.0668,6.0668,6.0668,6.0668,6.0668,6.0668,6.0668,6.0668,6.0668,6.0668,6.0668,6.0668,6.0668,6.0668,6.0668,6.0668,6.0668,6.0668,6.0668,6.0668,6.0668,6.0668,6.0668,6.0668,6.0668,6.0668,6.0668,6.0668,6.0668,6.0668,6.0668,6.0668,6.0668,6.0668,6.0668,6.0668,6.0668,6.0668,6.0668,6.0668,6.0668,6.0668,6.0668,6.0668,6.0668,6.0668,6.0668,6.0668,6.0668,6.0668,6.0668,6.0668,6.0668,6.0668,6.0668,6.0668,6.0668,6.0668,6.0668,6.0668,6.0668,6.0668,6.0668,6.0668,6.0668,6.0668,6.0668,6.0668,6.0668,6.0668,6.0668,6.0668,6.0668,6.0668,6.0668,6.0668,6.0668,6.0668,6.0668,6.0668,6.0668,6.0668,6.0668,6.0668,6.0668,6.0668,6.0668,6.0668,6.0668,6.0668,6.0668,6.0668,6.0668,6.0668,6.0668,6.0668,6.0668,6.0668,6.0668,6.0668,6.0668,6.0668,6.0668,6.0668,6.0668,6.0668,6.0668,6.0668,6.0668,6.0668,6.0668,6.0668,6.0668,6.0668,6.0668,6.0668,6.0668,6.0668,6.0668,6.0668,6.0668,6.0668,6.0668,6.0668,6.0668,6.0668,6.0668,6.0668,6.0668,6.0668,6.0668,6.0668,6.0668,6.0668,6.0668,6.0668,6.0668,6.0668,6.0668,6.0668,6.0668,6.0668,6.0668,6.0668,6.0668,6.0668,6.0668,6.0668,6.0668,6.0668,6.0668,6.0668,6.0668,6.0668,6.0668,6.0668,6.0668,6.0668,6.0668,6.0668,6.0668,6.0668,6.0668,6.0668,6.0668,6.0668,6.0668,6.0668,6.0668,6.0668,6.0668,6.0668,6.0668,6.0668,6.0668,6.0668,6.0668,6.0668,6.0668,6.0668,6.0668,6.0668,6.0668,6.0668,6.0668,6.0668,6.0668,6.0668,6.0668,6.0668,6.0668,6.0668,6.0668,6.0668,6.0668,6.0668,6.0668,6.0668,6.0668,6.0668,6.0668,6.0668,6.0668,6.0668,6.0668,6.0668,6.0668,6.0668,6.0668,6.0668,6.0668,6.0668,6.0668,6.0668,6.0668,6.0668,6.0668,6.0668,6.0668,6.0668,6.0668,6.0668,6.0668,6.0668,6.0668,6.0668,6.0668,6.0668,6.0668,6.0668,6.0668,6.0668,6.0668,6.0668,6.0668,6.0668,6.0668,6.0668,6.0668,6.0668,6.0668,6.0668,6.0668,6.0668,6.0668,6.0668,6.0668,6.0668,6.0668,6.0668,6.0668,6.0668,6.0668,6.0668,6.0668,6.0668,6.0668,6.0668,6.0668,6.0668,6.0668,6.0668,6.0668,6.0668,6.0668,6.0668,6.0668,6.0668,6.0668,6.0668,6.0668,6.0668,6.0668,6.0668,6.0668,6.0668
6.0628,6.0628,6.0628,6.0628,6.0628,6.0628,6.0628,6.0628,6.0628,6.0628,6.0628,6.0628,6.0628,6.0628,6.0628,6.0628,6.0628,6.0628,6.0628,6.0628,6.0628,6.0628,6.0628,6.0628,6.0628,6.0628,6.0628,6.0628,6.0628,6.0628,6.0628,6.0628,6.0628,6.0628,6.0628,6.0628,6.0628,6.0628,6.0628,6.0628,6.0628,6.0628,6.0628,6.0628,6.0628,6.0628,6.0628,6.0628,6.0628,6.0628,6.0628,6.0628,6.0628,6.0628,6.0628,6.0628,6.0628,6.0628,6.0628,6.0628,6.0628,6.0628,6.0628,6.0628,6.0628,6.0628,6.0628,6.0628,6.0628,6.0628,6.0628,6.0628,6.0628,6.0628,6.0628,6.0628,6.0628,6.0628,6.0628,6.0628,6.0628,6.0628,6.0628,6.0628,6.0628,6.0628,6.0628,6.0628,6.0628,6.0628,6.0628,6.0628,6.0628,6.0628,6.0628,6.0628,6.0628,6.0628,6.0628,6.0628,6.0628,6.0628,6.0628,6.0628,6.0628,6.0628,6.0628,6.0628,6.0628,6.0628,6.0628,6.0628,6.0628,6.0628,6.0628,6.0628,6.0628,6.0628,6.0628,6.0628,6.0628,6.0628,6.0628,6.0628,6.0628,6.0628,6.0628,6.0628,6.0628,6.0628,6.0628,6.0628,6.0628,6.0628,6.0628,6.0628,6.0628,6.0628,6.0628,6.0628,6.0628,6.0628,6.0628,6.0628,6.0628,6.0628,6.0628,6.0628,6.0628,6.0628,6.0628,6.0628,6.0628,6.0628,6.0628,6.0628,6.0628,6.0628,6.0628,6.0628,6.0628,6.0628,6.0628,6.0628,6.0628,6.0628,6.0628,6.0628,6.0628,6.0628,6.0628,6.0628,6.0628,6.0628,6.0628,6.0628,6.0628,6.0628,6.0628,6.0628,6.0628,6.0628,6.0628,6.0628,6.0628,6.0628,6.0628,6.0628,6.0628,6.0628,6.0628,6.0628,6.0628,6.0628,6.0628,6.0628,6.0628,6.0628,6.0628,6.0628,6.0628,6.0628,6.0628,6.0628,6.0628,6.0628,6.0628,6.0628,6.0628,6.0628,6.0628,6.0628,6.0628,6.0628,6.0628,6.0628,6.0628,6.0628,6.0628,6.0628,6.0628,6.0628,6.0628,6.0628,6.0628,6.0628,6.0628,6.0628,6.0628,6.0628,6.0628,6.0628,6.0628,6.0628,6.0628,6.0628,6.0628,6.0628,6.0628,6.0628,6.0628,6.0628,6.0628,6.0628,6.0628,6.0628,6.0628,6.0628,6.0628,6.0628,6.0628,6.0628,6.0628,6.0628,6.0628,6.0628,6.0628,6.0628,6.0628,6.0628,6.0628,6.0628,6.0628,6.0628,6.0628,6.0628,6.0628,6.0628,6.0628,6.0628,6.0628,6.0628,6.0628,6.0628,6.0628,6.0628,6.0628,6.0628,6.0628,6.0628,6.0628,6.0628,6.0628,6.0628,6.0628,6.0628,6.0628,6.0628,6.0628,6.0628,6.0628,6.0628,6.0628,6.0628,6.0628,6.0628,6.0628,6.0628,6.0628,6.0628,6.0628,6.0628,6.0628,6.0628,6.0628,6.0628,6.0628,6.0628,6.0628,6.0628,6.0628,6.0628,6.0628,6.0628,6.0628,6.0628,6.0628,6.0628,6.0628,6.0628,6.0628,6.0628,6.0628,6.0628,6.0628,6.0628,6.0628,6.0628,6.0628,6.0628,6.0628,6.0628,6.0628,6.0628,6.0628,6.0628,6.0628,6.0628,6.0628,6.0628,6.0628,6.0628,6.0628,6.0628,6.0628,6.0628,6.0628,6.0628,6.0628,6.0628,6.0628,6.0628,6.0628,6.0628,6.0628,6.0628,6.0628,6.0628,6.0628,6.0628,6.0628,6.0628,6.0628,6.0628,6.0628,6.0628,6.0628,6.0628,6.0628,6.0628,6.0628,6.0628,6.0628,6.0628,6.0628,6.0628,6.0628,6.0628,6.0628,6.0628,6.0628,6.0628,6.0628,6.0628,6.0628,6.0628,6.0628,6.0628,6.0628,6.0628,6.0628,6.0628,6.0628,6.0628,6.0628,6.0628,6.0628,6.0628,6.0628,6.0628,6.0628,6.0628,6.0628,6.0628,6.0628,6.0628,6.0628,6.0628,6.0628,6.0628,6.0628,6.0628,6.0628,6.0628,6.0628,6.0628,6.0628,6.0628,6.0628,6.0628,6.0628,6.0628,6.0628,6.0628,6.0628,6.0628,6.0628,6.0628,6.0628,6.0628,6.0628,6.0628,6.0628,6.0628,6.0628,6.0628,6.0628,6.0628,6.0628,6.0628,6.0628,6.0628,6.0628,6.0628,6.0628,6.0628,6.0628,6.0628,6.0628,6.0628,6.0628,6.0628,6.0628,6.0628,6.0628,6.0628,6.0628,6.0628,6.0628,6.0628,6.0628,6.0628,6.0628,6.0628,6.0628,6.0628,6.0628,6.0628,6.0628,6.0628,6.0628,6.0628,6.0628,6.0628,6.0628,6.0628,6.0628,6.0628,6.0628,6.0628,6.0628,6.0628,6.0628,6.0628,6.0628,6.0628,6.0628,6.0628,6.0628,6.0628,6.0628,6.0628,6.0628,6.0628,6.0628,6.0628,6.0628,6.0628,6.0628,6.0628,6.0628,6.0628,6.0628,6.0628,6.0628,6.0628,6.0628,6.0628,6.0628,6.0628,6.0628,6.0628,6.0628,6.0628,6.0628,6.0628,6.0628,6.0628,6.0628,6.0628,6.0628,6.0628,6.0628,6.0628,6.0628,6.0628,6.0628,6.0628,6.0628,6.0628,6.0628,6.0628,6.0628,6.0628,6.0628,6.0628,6.0628,6.0628,6.0628,6.0628,6.0628,6.0628,6.0628,6.0628,6.0628,6.0628,6.0628,6.0628,6.0628,6.0628,6.0628,6.0628,6.0628,6.0628,6.0628,6.0628,6.0628,6.0628,6.0628,6.0628,6.0628,6.0628,6.0628,6.0628,6.0628,6.0628,6.0628,6.0628,6.0628,6.0628,6.0628,6.0628,6.0628,6.0628,6.0628,6.0628,6.0628,6.0628,6.0628,6.0628,6.0628,6.0628,6.0628,6.0628,6.0628,6.0628,6.0628,6.0628,6.0628,6.0628,6.0628,6.0628,6.0628,6.0628,6.0628,6.0628,6.0628,6.0628,6.0628,6.0628,6.0628,6.0628,6.0628,6.0628,6.0628,6.0628,6.0628,6.0628,6.0628,6.0628,6.0628,6.0628,6.0628,6.0628,6.0628,6.0628,6.0628,6.0628,6.0628,6.0628,6.0628,6.0628,6.0628,6.0628,6.0628,6.0628,6.0628,6.0628,6.0628,6.0628,6.0628,6.0628,6.0628,6.0628,6.0628,6.0628,6.0628,6.0628,6.0628,6.0628,6.0628,6.0628,6.0628,6.0628,6.0628,6.0628,6.0628,6.0628,6.0628,6.0628,6.0628,6.0628,6.0628,6.0628,6.0628,6.0628,6.0628,6.0628,6.0628,6.0628,6.0628,6.0628,6.0628,6.0628,6.0628,6.0628,6.0628,6.0628,6.0628,6.0628,6.0628,6.0628,6.0628,6.0628,6.0628,6.0628,6.0628,6.0628,6.0628,6.0628,6.0628,6.0628,6.0628,6.0628,6.0628,6.0628,6.0628,6.0628,6.0628,6.0628,6.0628,6.0628,6.0628,6.0628,6.0628,6.0628,6.0628,6.0628,6.0628,6.0628,6.0628,6.0628,6.0628,6.0628,6.0628,6.0628,6.0628,6.0628,6.0628,6.0628,6.0628,6.0628,6.0628,6.0628,6.0628,6.0628,6.0628,6.0628,6.0628,6.0628,6.0628,6.0628,6.0628,6.0628,6.0628,6.0628,6.0628,6.0628,6.0628,6.0628,6.0628,6.0628,6.0628,6.0628,6.0628,6.0628,6.0628,6.0628,6.0628,6.0628,6.0628,6.0628,6.0628,6.0628,6.0628,6.0628,6.0628,6.0628,6.0628,6.0628,6.0628,6.0628,6.0628,6.0628,6.0628,6.0628,6.0628,6.0628,6.0628,6.0628,6.0628,6.0628,6.0628,6.0628,6.0628,6.0628,6.0628,6.0628,6.0628,6.0628,6.0628,6.0628,6.0628,6.0628,6.0628,6.0628,6.0628,6.0628,6.0628,6.0628,6.0628,6.0628,6.0628,6.0628,6.0628,6.0628,6.0628,6.0628,6.0628,6.0628,6.0628,6.0628,6.0628,6.0628,6.0628,6.0628,6.0628,6.0628,6.0628,6.0628,6.0628,6.0628,6.0628,6.0628,6.0628,6.0628,6.0628,6.0628,6.0628,6.0628,6.0628,6.0628,6.0628,6.0628,6.0628,6.0628,6.0628,6.0628,6.0628,6.0628,6.0628,6.0628,6.0628,6.0628,6.0628,6.0628,6.0628,6.0628,6.0628,6.0628,6.0628,6.0628,6.0628,6.0628,6.0628,6.0628,6.0628,6.0628,6.0628,6.0628,6.0628,6.0628,6.0628,6.0628,6.0628,6.0628,6.0628,6.0628,6.0628,6.0628,6.0628,6.0628,6.0628,6.0628,6.0628,6.0628,6.0628,6.0628,6.0628,6.0628,6.0628,6.0628,6.0628,6.0628,6.0628,6.0628,6.0628,6.0628,6.0628,6.0628,6.0628,6.0628,6.0628,6.0628,6.0628,6.0628,6.0628,6.0628,6.0628,6.0628,6.0628,6.0628,6.0628,6.0628,6.0628,6.0628,6.0628,6.0628,6.0628,6.0628,6.0628,6.0628,6.0628,6.0628,6.0628,6.0628,6.0628,6.0628,6.0628,6.0628,6.0628,6.0628,6.0628,6.0628,6.0628,6.0628,6.0628,6.0628,6.0628,6.0628,6.0628,6.0628,6.0628,6.0628,6.0628,6.0628,6.0628,6.0628,6.0628,6.0628,6.0628,6.0628,6.0628,6.0628,6.0628,6.0628,6.0628,6.0628,6.0628,6.0628,6.0628,6.0628,6.0628,6.0628,6.0628,6.0628,6.0628,6.0628,6.0628,6.0628,6.0628,6.0628,6.0628,6.0628,6.0628,6.0628,6.0628,6.0628,6.0628,6.0628,6.0628,6.0628,6.0628,6.0628,6.0628,6.0628,6.0628,6.0628,6.0628,6.0628
6.0587,6.0587,6.0587,6.0587,6.0587,6.0587,6.0587,6.0587,6.0587,6.0587,6.0587,6.0587,6.0587,6.0587,6.0587,6.0587,6.0587,6.0587,6.0587,6.0587,6.0587,6.0587,6.0587,6.0587,6.0587,6.0587,6.0587,6.0587,6.0587,6.0587,6.0587,6.0587,6.0587,6.0587,6.0587,6.0587,6.0587,6.0587,6.0587,6.0587,6.0587,6.0587,6.0587,6.0587,6.0587,6.0587,6.0587,6.0587,6.0587,6.0587,6.0587,6.0587,6.0587,6.0587,6.0587,6.0587,6.0587,6.0587,6.0587,6.0587,6.0587,6.0587,6.0587,6.0587,6.0587,6.0587,6.0587,6.0587,6.0587,6.0587,6.0587,6.0587,6.0587,6.0587,6.0587,6.0587,6.0587,6.0587,6.0587,6.0587,6.0587,6.0587,6.0587,6.0587,6.0587,6.0587,6.0587,6.0587,6.0587,6.0587,6.0587,6.0587,6.0587,6.0587,6.0587,6.0587,6.0587,6.0587,6.0587,6.0587,6.0587,6.0587,6.0587,6.0587,6.0587,6.0587,6.0587,6.0587,6.0587,6.0587,6.0587,6.0587,6.0587,6.0587,6.0587,6.0587,6.0587,6.0587,6.0587,6.0587,6.0587,6.0587,6.0587,6.0587,6.0587,6.0587,6.0587,6.0587,6.0587,6.0587,6.0587,6.0587,6.0587,6.0587,6.0587,6.0587,6.0587,6.0587,6.0587,6.0587,6.0587,6.0587,6.0587,6.0587,6.0587,6.0587,6.0587,6.0587,6.0587,6.0587,6.0587,6.0587,6.0587,6.0587,6.0587,6.0587,6.0587,6.0587,6.0587,6.0587,6.0587,6.0587,6.0587,6.0587,6.0587,6.0587,6.0587,6.0587,6.0587,6.0587,6.0587,6.0587,6.0587,6.0587,6.0587,6.0587,6.0587,6.0587,6.0587,6.0587,6.0587,6.0587,6.0587,6.0587,6.0587,6.0587,6.0587,6.0587,6.0587,6.0587,6.0587,6.0587,6.0587,6.0587,6.0587,6.0587,6.0587,6.0587,6.0587,6.0587,6.0587,6.0587,6.0587,6.0587,6.0587,6.0587,6.0587,6.0587,6.0587,6.0587,6.0587,6.0587,6.0587,6.0587,6.0587,6.0587,6.0587,6.0587,6.0587,6.0587,6.0587,6.0587,6.0587,6.0587,6.0587,6.0587,6.0587,6.0587,6.0587,6.0587,6.0587,6.0587,6.0587,6.0587,6.0587,6.0587,6.0587,6.0587,6.0587,6.0587,6.0587,6.0587,6.0587,6.0587,6.0587,6.0587,6.0587,6.0587,6.0587,6.0587,6.0587,6.0587,6.0587,6.0587,6.0587,6.0587,6.0587,6.0587,6.0587,6.0587,6.0587,6.0587,6.0587,6.0587,6.0587,6.0587,6.0587,6.0587,6.0587,6.0587,6.0587,6.0587,6.0587,6.0587,6.0587,6.0587,6.0587,6.0587,6.0587,6.0587,6.0587,6.0587,6.0587,6.0587,6.0587,6.0587,6.0587,6.0587,6.0587,6.0587,6.0587,6.0587,6.0587,6.0587,6.0587,6.0587,6.0587,6.0587,6.0587,6.0587,6.0587,6.0587,6.0587,6.0587,6.0587,6.0587,6.0587,6.0587,6.0587,6.0587,6.0587,6.0587,6.0587,6.0587,6.0587,6.0587,6.0587,6.0587,6.0587,6.0587,6.0587,6.0587,6.0587,6.0587,6.0587,6.0587,6.0587,6.0587,6.0587,6.0587,6.0587,6.0587,6.0587,6.0587,6.0587,6.0587,6.0587,6.0587,6.0587,6.0587,6.0587,6.0587,6.0587,6.0587,6.0587,6.0587,6.0587,6.0587,6.0587,6.0587,6.0587,6.0587,6.0587,6.0587,6.0587,6.0587,6.0587,6.0587,6.0587,6.0587,6.0587,6.0587,6.0587,6.0587,6.0587,6.0587,6.0587,6.0587,6.0587,6.0587,6.0587,6.0587,6.0587,6.0587,6.0587,6.0587,6.0587,6.0587,6.0587,6.0587,6.0587,6.0587,6.0587,6.0587,6.0587,6.0587,6.0587,6.0587,6.0587,6.0587,6.0587,6.0587,6.0587,6.0587,6.0587,6.0587,6.0587,6.0587,6.0587,6.0587,6.0587,6.0587,6.0587,6.0587,6.0587,6.0587,6.0587,6.0587,6.0587,6.0587,6.0587,6.0587,6.0587,6.0587,6.0587,6.0587,6.0587,6.0587,6.0587,6.0587,6.0587,6.0587,6.0587,6.0587,6.0587,6.0587,6.0587,6.0587,6.0587,6.0587,6.0587,6.0587,6.0587,6.0587,6.0587,6.0587,6.0587,6.0587,6.0587,6.0587,6.0587,6.0587,6.0587,6.0587,6.0587,6.0587,6.0587,6.0587,6.0587,6.0587,6.0587,6.0587,6.0587,6.0587,6.0587,6.0587,6.0587,6.0587,6.0587,6.0587,6.0587,6.0587,6.0587,6.0587,6.0587,6.0587,6.0587,6.0587,6.0587,6.0587,6.0587,6.0587,6.0587,6.0587,6.0587,6.0587,6.0587,6.0587,6.0587,6.0587,6.0587,6.0587,6.0587,6.0587,6.0587,6.0587,6.0587,6.0587,6.0587,6.0587,6.0587,6.0587,6.0587,6.0587,6.0587,6.0587,6.0587,6.0587,6.0587,6.0587,6.0587,6.0587,6.0587,6.0587,6.0587,6.0587,6.0587,6.0587,6.0587,6.0587,6.0587,6.0587,6.0587,6.0587,6.0587,6.0587,6.0587,6.0587,6.0587,6.0587,6.0587,6.0587,6.0587,6.0587,6.0587,6.0587,6.0587,6.0587,6.0587,6.0587,6.0587,6.0587,6.0587,6.0587,6.0587,6.0587,6.0587,6.0587,6.0587,6.0587,6.0587,6.0587,6.0587,6.0587,6.0587,6.0587,6.0587,6.0587,6.0587,6.0587,6.0587,6.0587,6.0587,6.0587,6.0587,6.0587,6.0587,6.0587,6.0587,6.0587,6.0587,6.0587,6.0587,6.0587,6.0587,6.0587,6.0587,6.0587,6.0587,6.0587,6.0587,6.0587,6.0587,6.0587,6.0587,6.0587,6.0587,6.0587,6.0587,6.0587,6.0587,6.0587,6.0587,6.0587,6.0587,6.0587,6.0587,6.0587,6.0587,6.0587,6.0587,6.0587,6.0587,6.0587,6.0587,6.0587,6.0587,6.0587,6.0587,6.0587,6.0587,6.0587,6.0587,6.0587,6.0587,6.0587,6.0587,6.0587,6.0587,6.0587,6.0587,6.0587,6.0587,6.0587,6.0587,6.0587,6.0587,6.0587,6.0587,6.0587,6.0587,6.0587,6.0587,6.0587,6.0587,6.0587,6.0587,6.0587,6.0587,6.0587,6.0587,6.0587,6.0587,6.0587,6.0587,6.0587,6.0587,6.0587,6.0587,6.0587,6.0587,6.0587,6.0587,6.0587,6.0587,6.0587,6.0587,6.0587,6.0587,6.0587,6.0587,6.0587,6.0587,6.0587,6.0587,6.0587,6.0587,6.0587,6.0587,6.0587,6.0587,6.0587,6.0587,6.0587,6.0587,6.0587,6.0587,6.0587,6.0587,6.0587,6.0587,6.0587,6.0587,6.0587,6.0587,6.0587,6.0587,6.0587,6.0587,6.0587,6.0587,6.0587,6.0587,6.0587,6.0587,6.0587,6.0587,6.0587,6.0587,6.0587,6.0587,6.0587,6.0587,6.0587,6.0587,6.0587,6.0587,6.0587,6.0587,6.0587,6.0587,6.0587,6.0587,6.0587,6.0587,6.0587,6.0587,6.0587,6.0587,6.0587,6.0587,6.0587,6.0587,6.0587,6.0587,6.0587,6.0587,6.0587,6.0587,6.0587,6.0587,6.0587,6.0587,6.0587,6.0587,6.0587,6.0587,6.0587,6.0587,6.0587,6.0587,6.0587,6.0587,6.0587,6.0587,6.0587,6.0587,6.0587,6.0587,6.0587,6.0587,6.0587,6.0587,6.0587,6.0587,6.0587,6.0587,6.0587,6.0587,6.0587,6.0587,6.0587,6.0587,6.0587,6.0587,6.0587,6.0587,6.0587,6.0587,6.0587,6.0587,6.0587,6.0587,6.0587,6.0587,6.0587,6.0587,6.0587,6.0587,6.0587,6.0587,6.0587,6.0587,6.0587,6.0587,6.0587,6.0587,6.0587,6.0587,6.0587,6.0587,6.0587,6.0587,6.0587,6.0587,6.0587,6.0587,6.0587,6.0587,6.0587,6.0587,6.0587,6.0587,6.0587,6.0587,6.0587,6.0587,6.0587,6.0587,6.0587,6.0587,6.0587,6.0587,6.0587,6.0587,6.0587,6.0587,6.0587,6.0587,6.0587,6.0587,6.0587,6.0587,6.0587,6.0587,6.0587,6.0587,6.0587,6.0587,6.0587,6.0587,6.0587,6.0587,6.0587,6.0587,6.0587,6.0587,6.0587,6.0587,6.0587,6.0587,6.0587,6.0587,6.0587,6.0587,6.0587,6.0587,6.0587,6.0587,6.0587,6.0587,6.0587,6.0587,6.0587,6.0587,6.0587,6.0587,6.0587,6.0587,6.0587,6.0587,6.0587,6.0587,6.0587,6.0587,6.0587,6.0587,6.0587,6.0587,6.0587,6.0587,6.0587,6.0587,6.0587,6.0587,6.0587,6.0587,6.0587,6.0587,6.0587,6.0587,6.0587,6.0587,6.0587,6.0587,6.0587,6.0587,6.0587,6.0587,6.0587,6.0587,6.0587,6.0587,6.0587,6.0587,6.0587,6.0587,6.0587,6.0587,6.0587,6.0587,6.0587,6.0587,6.0587,6.0587,6.0587,6.0587,6.0587,6.0587,6.0587,6.0587,6.0587,6.0587,6.0587,6.0587,6.0587,6.0587,6.0587,6.0587,6.0587,6.0587,6.0587,6.0587,6.0587,6.0587,6.0587,6.0587,6.0587,6.0587,6.0587,6.0587,6.0587,6.0587,6.0587,6.0587,6.0587,6.0587,6.0587,6.0587,6.0587,6.0587,6.0587,6.0587,6.0587,6.0587,6.0587,6.0587,6.0587,6.0587,6.0587,6.0587,6.0587,6.0587,6.0587,6.0587,6.0587,6.0587,6.0587,6.0587,6.0587,6.0587,6.0587,6.0587,6.0587,6.0587,6.0587,6.0587,6.0587,6.0587,6.0587
6.0545,6.0545,6.0545,6.0545,6.0545,6.0545,6.0545,6.0545,6.0545,6.0545,6.0545,6.0545,6.0545,6.0545,6.0545,6.0545,6.0545,6.0545,6.0545,6.0545,6.0545,6.0545,6.0545,6.0545,6.0545,6.0545,6.0545,6.0545,6.0545,6.0545,6.0545,6.0545,6.0545,6.0545,6.0545,6.0545,6.0545,6.0545,6.0545,6.0545,6.0545,6.0545,6.0545,6.0545,6.0545,6.0545,6.0545,6.0545,6.0545,6.0545,6.0545,6.0545,6.0545,6.0545,6.0545,6.0545,6.0545,6.0545,6.0545,6.0545,6.0545,6.0545,6.0545,6.0545,6.0545,6.0545,6.0545,6.0545,6.0545,6.0545,6.0545,6.0545,6.0545,6.0545,6.0545,6.0545,6.0545,6.0545,6.0545,6.0545,6.0545,6.0545,6.0545,6.0545,6.0545,6.0545,6.0545,6.0545,6.0545,6.0545,6.0545,6.0545,6.0545,6.0545,6.0545,6.0545,6.0545,6.0545,6.0545,6.0545,6.0545,6.0545,6.0545,6.0545,6.0545,6.0545,6.0545,6.0545,6.0545,6.0545,6.0545,6.0545,6.0545,6.0545,6.0545,6.0545,6.0545,6.0545,6.0545,6.0545,6.0545,6.0545,6.0545,6.0545,6.0545,6.0545,6.0545,6.0545,6.0545,6.0545,6.0545,6.0545,6.0545,6.0545,6.0545,6.0545,6.0545,6.0545,6.0545,6.0545,6.0545,6.0545,6.0545,6.0545,6.0545,6.0545,6.0545,6.0545,6.0545,6.0545,6.0545,6.0545,6.0545,6.0545,6.0545,6.0545,6.0545,6.0545,6.0545,6.0545,6.0545,6.0545,6.0545,6.0545,6.0545,6.0545,6.0545,6.0545,6.0545,6.0545,6.0545,6.0545,6.0545,6.0545,6.0545,6.0545,6.0545,6.0545,6.0545,6.0545,6.0545,6.0545,6.0545,6.0545,6.0545,6.0545,6.0545,6.0545,6.0545,6.0545,6.0545,6.0545,6.0545,6.0545,6.0545,6.0545,6.0545,6.0545,6.0545,6.0545,6.0545,6.0545,6.0545,6.0545,6.0545,6.0545,6.0545,6.0545,6.0545,6.0545,6.0545,6.0545,6.0545,6.0545,6.0545,6.0545,6.0545,6.0545,6.0545,6.0545,6.0545,6.0545,6.0545,6.0545,6.0545,6.0545,6.0545,6.0545,6.0545,6.0545,6.0545,6.0545,6.0545,6.0545,6.0545,6.0545,6.0545,6.0545,6.0545,6.0545,6.0545,6.0545,6.0545,6.0545,6.0545,6.0545,6.0545,6.0545,6.0545,6.0545,6.0545,6.0545,6.0545,6.0545,6.0545,6.0545,6.0545,6.0545,6.0545,6.0545,6.0545,6.0545,6.0545,6.0545,6.0545,6.0545,6.0545,6.0545,6.0545,6.0545,6.0545,6.0545,6.0545,6.0545,6.0545,6.0545,6.0545,6.0545,6.0545,6.0545,6.0545,6.0545,6.0545,6.0545,6.0545,6.0545,6.0545,6.0545,6.0545,6.0545,6.0545,6.0545,6.0545,6.0545,6.0545,6.0545,6.0545,6.0545,6.0545,6.0545,6.0545,6.0545,6.0545,6.0545,6.0545,6.0545,6.0545,6.0545,6.0545,6.0545,6.0545,6.0545,6.0545,6.0545,6.0545,6.0545,6.0545,6.0545,6.0545,6.0545,6.0545,6.0545,6.0545,6.0545,6.0545,6.0545,6.0545,6.0545,6.0545,6.0545,6.0545,6.0545,6.0545,6.0545,6.0545,6.0545,6.0545,6.0545,6.0545,6.0545,6.0545,6.0545,6.0545,6.0545,6.0545,6.0545,6.0545,6.0545,6.0545,6.0545,6.0545,6.0545,6.0545,6.0545,6.0545,6.0545,6.0545,6.0545,6.0545,6.0545,6.0545,6.0545,6.0545,6.0545,6.0545,6.0545,6.0545,6.0545,6.0545,6.0545,6.0545,6.0545,6.0545,6.0545,6.0545,6.0545,6.0545,6.0545,6.0545,6.0545,6.0545,6.0545,6.0545,6.0545,6.0545,6.0545,6.0545,6.0545,6.0545,6.0545,6.0545,6.0545,6.0545,6.0545,6.0545,6.0545,6.0545,6.0545,6.0545,6.0545,6.0545,6.0545,6.0545,6.0545,6.0545,6.0545,6.0545,6.0545,6.0545,6.0545,6.0545,6.0545,6.0545,6.0545,6.0545,6.0545,6.0545,6.0545,6.0545,6.0545,6.0545,6.0545,6.0545,6.0545,6.0545,6.0545,6.0545,6.0545,6.0545,6.0545,6.0545,6.0545,6.0545,6.0545,6.0545,6.0545,6.0545,6.0545,6.0545,6.0545,6.0545,6.0545,6.0545,6.0545,6.0545,6.0545,6.0545,6.0545,6.0545,6.0545,6.0545,6.0545,6.0545,6.0545,6.0545,6.0545,6.0545,6.0545,6.0545,6.0545,6.0545,6.0545,6.0545,6.0545,6.0545,6.0545,6.0545,6.0545,6.0545,6.0545,6.0545,6.0545,6.0545,6.0545,6.0545,6.0545,6.0545,6.0545,6.0545,6.0545,6.0545,6.0545,6.0545,6.0545,6.0545,6.0545,6.0545,6.0545,6.0545,6.0545,6.0545,6.0545,6.0545,6.0545,6.0545,6.0545,6.0545,6.0545,6.0545,6.0545,6.0545,6.0545,6.0545,6.0545,6.0545,6.0545,6.0545,6.0545,6.0545,6.0545,6.0545,6.0545,6.0545,6.0545,6.0545,6.0545,6.0545,6.0545,6.0545,6.0545,6.0545,6.0545,6.0545,6.0545,6.0545,6.0545,6.0545,6.0545,6.0545,6.0545,6.0545,6.0545,6.0545,6.0545,6.0545,6.0545,6.0545,6.0545,6.0545,6.0545,6.0545,6.0545,6.0545,6.0545,6.0545,6.0545,6.0545,6.0545,6.0545,6.0545,6.0545,6.0545,6.0545,6.0545,6.0545,6.0545,6.0545,6.0545,6.0545,6.0545,6.0545,6.0545,6.0545,6.0545,6.0545,6.0545,6.0545,6.0545,6.0545,6.0545,6.0545,6.0545,6.0545,6.0545,6.0545,6.0545,6.0545,6.0545,6.0545,6.0545,6.0545,6.0545,6.0545,6.0545,6.0545,6.0545,6.0545,6.0545,6.0545,6.0545,6.0545,6.0545,6.0545,6.0545,6.0545,6.0545,6.0545,6.0545,6.0545,6.0545,6.0545,6.0545,6.0545,6.0545,6.0545,6.0545,6.0545,6.0545,6.0545,6.0545,6.0545,6.0545,6.0545,6.0545,6.0545,6.0545,6.0545,6.0545,6.0545,6.0545,6.0545,6.0545,6.0545,6.0545,6.0545,6.0545,6.0545,6.0545,6.0545,6.0545,6.0545,6.0545,6.0545,6.0545,6.0545,6.0545,6.0545,6.0545,6.0545,6.0545,6.0545,6.0545,6.0545,6.0545,6.0545,6.0545,6.0545,6.0545,6.0545,6.0545,6.0545,6.0545,6.0545,6.0545,6.0545,6.0545,6.0545,6.0545,6.0545,6.0545,6.0545,6.0545,6.0545,6.0545,6.0545,6.0545,6.0545,6.0545,6.0545,6.0545,6.0545,6.0545,6.0545,6.0545,6.0545,6.0545,6.0545,6.0545,6.0545,6.0545,6.0545,6.0545,6.0545,6.0545,6.0545,6.0545,6.0545,6.0545,6.0545,6.0545,6.0545,6.0545,6.0545,6.0545,6.0545,6.0545,6.0545,6.0545,6.0545,6.0545,6.0545,6.0545,6.0545,6.0545,6.0545,6.0545,6.0545,6.0545,6.0545,6.0545,6.0545,6.0545,6.0545,6.0545,6.0545,6.0545,6.0545,6.0545,6.0545,6.0545,6.0545,6.0545,6.0545,6.0545,6.0545,6.0545,6.0545,6.0545,6.0545,6.0545,6.0545,6.0545,6.0545,6.0545,6.0545,6.0545,6.0545,6.0545,6.0545,6.0545,6.0545,6.0545,6.0545,6.0545,6.0545,6.0545,6.0545,6.0545,6.0545,6.0545,6.0545,6.0545,6.0545,6.0545,6.0545,6.0545,6.0545,6.0545,6.0545,6.0545,6.0545,6.0545,6.0545,6.0545,6.0545,6.0545,6.0545,6.0545,6.0545,6.0545,6.0545,6.0545,6.0545,6.0545,6.0545,6.0545,6.0545,6.0545,6.0545,6.0545,6.0545,6.0545,6.0545,6.0545,6.0545,6.0545,6.0545,6.0545,6.0545,6.0545,6.0545,6.0545,6.0545,6.0545,6.0545,6.0545,6.0545,6.0545,6.0545,6.0545,6.0545,6.0545,6.0545,6.0545,6.0545,6.0545,6.0545,6.0545,6.0545,6.0545,6.0545,6.0545,6.0545,6.0545,6.0545,6.0545,6.0545,6.0545,6.0545,6.0545,6.0545,6.0545,6.0545,6.0545,6.0545,6.0545,6.0545,6.0545,6.0545,6.0545,6.0545,6.0545,6.0545,6.0545,6.0545,6.0545,6.0545,6.0545,6.0545,6.0545,6.0545,6.0545,6.0545,6.0545,6.0545,6.0545,6.0545,6.0545,6.0545,6.0545,6.0545,6.0545,6.0545,6.0545,6.0545,6.0545,6.0545,6.0545,6.0545,6.0545,6.0545,6.0545,6.0545,6.0545,6.0545,6.0545,6.0545,6.0545,6.0545,6.0545,6.0545,6.0545,6.0545,6.0545,6.0545,6.0545,6.0545,6.0545,6.0545,6.0545,6.0545,6.0545,6.0545,6.0545,6.0545,6.0545,6.0545,6.0545,6.0545,6.0545,6.0545,6.0545,6.0545,6.0545,6.0545,6.0545,6.0545,6.0545,6.0545,6.0545,6.0545,6.0545,6.0545,6.0545,6.0545,6.0545,6.0545,6.0545,6.0545,6.0545,6.0545,6.0545,6.0545,6.0545,6.0545,6.0545,6.0545,6.0545,6.0545,6.0545,6.0545,6.0545,6.0545,6.0545,6.0545,6.0545,6.0545,6.0545,6.0545,6.0545,6.0545,6.0545,6.0545,6.0545,6.0545,6.0545,6.0545,6.0545,6.0545,6.0545,6.0545,6.0545,6.0545,6.0545,6.0545,6.0545,6.0545,6.0545,6.0545,6.0545,6.0545,6.0545,6.0545,6.0545,6.0545,6.0545,6.0545,6.0545,6.0545,6.0545
6.0504,6.0504,6.0504,6.0504,6.0504,6.0504,6.0504,6.0504,6.0504,6.0504,6.0504,6.0504,6.0504,6.0504,6.0504,6.0504,6.0504,6.0504,6.0504,6.0504,6.0504,6.0504,6.0504,6.0504,6.0504,6.0504,6.0504,6.0504,6.0504,6.0504,6.0504,6.0504,6.0504,6.0504,6.0504,6.0504,6.0504,6.0504,6.0504,6.0504,6.0504,6.0504,6.0504,6.0504,6.0504,6.0504,6.0504,6.0504,6.0504,6.0504,6.0504,6.0504,6.0504,6.0504,6.0504,6.0504,6.0504,6.0504,6.0504,6.0504,6.0504,6.0504,6.0504,6.0504,6.0504,6.0504,6.0504,6.0504,6.0504,6.0504,6.0504,6.0504,6.0504,6.0504,6.0504,6.0504,6.0504,6.0504,6.0504,6.0504,6.0504,6.0504,6.0504,6.0504,6.0504,6.0504,6.0504,6.0504,6.0504,6.0504,6.0504,6.0504,6.0504,6.0504,6.0504,6.0504,6.0504,6.0504,6.0504,6.0504,6.0504,6.0504,6.0504,6.0504,6.0504,6.0504,6.0504,6.0504,6.0504,6.0504,6.0504,6.0504,6.0504,6.0504,6.0504,6.0504,6.0504,6.0504,6.0504,6.0504,6.0504,6.0504,6.0504,6.0504,6.0504,6.0504,6.0504,6.0504,6.0504,6.0504,6.0504,6.0504,6.0504,6.0504,6.0504,6.0504,6.0504,6.0504,6.0504,6.0504,6.0504,6.0504,6.0504,6.0504,6.0504,6.0504,6.0504,6.0504,6.0504,6.0504,6.0504,6.0504,6.0504,6.0504,6.0504,6.0504,6.0504,6.0504,6.0504,6.0504,6.0504,6.0504,6.0504,6.0504,6.0504,6.0504,6.0504,6.0504,6.0504,6.0504,6.0504,6.0504,6.0504,6.0504,6.0504,6.0504,6.0504,6.0504,6.0504,6.0504,6.0504,6.0504,6.0504,6.0504,6.0504,6.0504,6.0504,6.0504,6.0504,6.0504,6.0504,6.0504,6.0504,6.0504,6.0504,6.0504,6.0504,6.0504,6.0504,6.0504,6.0504,6.0504,6.0504,6.0504,6.0504,6.0504,6.0504,6.0504,6.0504,6.0504,6.0504,6.0504,6.0504,6.0504,6.0504,6.0504,6.0504,6.0504,6.0504,6.0504,6.0504,6.0504,6.0504,6.0504,6.0504,6.0504,6.0504,6.0504,6.0504,6.0504,6.0504,6.0504,6.0504,6.0504,6.0504,6.0504,6.0504,6.0504,6.0504,6.0504,6.0504,6.0504,6.0504,6.0504,6.0504,6.0504,6.0504,6.0504,6.0504,6.0504,6.0504,6.0504,6.0504,6.0504,6.0504,6.0504,6.0504,6.0504,6.0504,6.0504,6.0504,6.0504,6.0504,6.0504,6.0504,6.0504,6.0504,6.0504,6.0504,6.0504,6.0504,6.0504,6.0504,6.0504,6.0504,6.0504,6.0504,6.0504,6.0504,6.0504,6.0504,6.0504,6.0504,6.0504,6.0504,6.0504,6.0504,6.0504,6.0504,6.0504,6.0504,6.0504,6.0504,6.0504,6.0504,6.0504,6.0504,6.0504,6.0504,6.0504,6.0504,6.0504,6.0504,6.0504,6.0504,6.0504,6.0504,6.0504,6.0504,6.0504,6.0504,6.0504,6.0504,6.0504,6.0504,6.0504,6.0504,6.0504,6.0504,6.0504,6.0504,6.0504,6.0504,6.0504,6.0504,6.0504,6.0504,6.0504,6.0504,6.0504,6.0504,6.0504,6.0504,6.0504,6.0504,6.0504,6.0504,6.0504,6.0504,6.0504,6.0504,6.0504,6.0504,6.0504,6.0504,6.0504,6.0504,6.0504,6.0504,6.0504,6.0504,6.0504,6.0504,6.0504,6.0504,6.0504,6.0504,6.0504,6.0504,6.0504,6.0504,6.0504,6.0504,6.0504,6.0504,6.0504,6.0504,6.0504,6.0504,6.0504,6.0504,6.0504,6.0504,6.0504,6.0504,6.0504,6.0504,6.0504,6.0504,6.0504,6.0504,6.0504,6.0504,6.0504,6.0504,6.0504,6.0504,6.0504,6.0504,6.0504,6.0504,6.0504,6.0504,6.0504,6.0504,6.0504,6.0504,6.0504,6.0504,6.0504,6.0504,6.0504,6.0504,6.0504,6.0504,6.0504,6.0504,6.0504,6.0504,6.0504,6.0504,6.0504,6.0504,6.0504,6.0504,6.0504,6.0504,6.0504,6.0504,6.0504,6.0504,6.0504,6.0504,6.0504,6.0504,6.0504,6.0504,6.0504,6.0504,6.0504,6.0504,6.0504,6.0504,6.0504,6.0504,6.0504,6.0504,6.0504,6.0504,6.0504,6.0504,6.0504,6.0504,6.0504,6.0504,6.0504,6.0504,6.0504,6.0504,6.0504,6.0504,6.0504,6.0504,6.0504,6.0504,6.0504,6.0504,6.0504,6.0504,6.0504,6.0504,6.0504,6.0504,6.0504,6.0504,6.0504,6.0504,6.0504,6.0504,6.0504,6.0504,6.0504,6.0504,6.0504,6.0504,6.0504,6.0504,6.0504,6.0504,6.0504,6.0504,6.0504,6.0504,6.0504,6.0504,6.0504,6.0504,6.0504,6.0504,6.0504,6.0504,6.0504,6.0504,6.0504,6.0504,6.0504,6.0504,6.0504,6.0504,6.0504,6.0504,6.0504,6.0504,6.0504,6.0504,6.0504,6.0504,6.0504,6.0504,6.0504,6.0504,6.0504,6.0504,6.0504,6.0504,6.0504,6.0504,6.0504,6.0504,6.0504,6.0504,6.0504,6.0504,6.0504,6.0504,6.0504,6.0504,6.0504,6.0504,6.0504,6.0504,6.0504,6.0504,6.0504,6.0504,6.0504,6.0504,6.0504,6.0504,6.0504,6.0504,6.0504,6.0504,6.0504,6.0504,6.0504,6.0504,6.0504,6.0504,6.0504,6.0504,6.0504,6.0504,6.0504,6.0504,6.0504,6.0504,6.0504,6.0504,6.0504,6.0504,6.0504,6.0504,6.0504,6.0504,6.0504,6.0504,6.0504,6.0504,6.0504,6.0504,6.0504,6.0504,6.0504,6.0504,6.0504,6.0504,6.0504,6.0504,6.0504,6.0504,6.0504,6.0504,6.0504,6.0504,6.0504,6.0504,6.0504,6.0504,6.0504,6.0504,6.0504,6.0504,6.0504,6.0504,6.0504,6.0504,6.0504,6.0504,6.0504,6.0504,6.0504,6.0504,6.0504,6.0504,6.0504,6.0504,6.0504,6.0504,6.0504,6.0504,6.0504,6.0504,6.0504,6.0504,6.0504,6.0504,6.0504,6.0504,6.0504,6.0504,6.0504,6.0504,6.0504,6.0504,6.0504,6.0504,6.0504,6.0504,6.0504,6.0504,6.0504,6.0504,6.0504,6.0504,6.0504,6.0504,6.0504,6.0504,6.0504,6.0504,6.0504,6.0504,6.0504,6.0504,6.0504,6.0504,6.0504,6.0504,6.0504,6.0504,6.0504,6.0504,6.0504,6.0504,6.0504,6.0504,6.0504,6.0504,6.0504,6.0504,6.0504,6.0504,6.0504,6.0504,6.0504,6.0504,6.0504,6.0504,6.0504,6.0504,6.0504,6.0504,6.0504,6.0504,6.0504,6.0504,6.0504,6.0504,6.0504,6.0504,6.0504,6.0504,6.0504,6.0504,6.0504,6.0504,6.0504,6.0504,6.0504,6.0504,6.0504,6.0504,6.0504,6.0504,6.0504,6.0504,6.0504,6.0504,6.0504,6.0504,6.0504,6.0504,6.0504,6.0504,6.0504,6.0504,6.0504,6.0504,6.0504,6.0504,6.0504,6.0504,6.0504,6.0504,6.0504,6.0504,6.0504,6.0504,6.0504,6.0504,6.0504,6.0504,6.0504,6.0504,6.0504,6.0504,6.0504,6.0504,6.0504,6.0504,6.0504,6.0504,6.0504,6.0504,6.0504,6.0504,6.0504,6.0504,6.0504,6.0504,6.0504,6.0504,6.0504,6.0504,6.0504,6.0504,6.0504,6.0504,6.0504,6.0504,6.0504,6.0504,6.0504,6.0504,6.0504,6.0504,6.0504,6.0504,6.0504,6.0504,6.0504,6.0504,6.0504,6.0504,6.0504,6.0504,6.0504,6.0504,6.0504,6.0504,6.0504,6.0504,6.0504,6.0504,6.0504,6.0504,6.0504,6.0504,6.0504,6.0504,6.0504,6.0504,6.0504,6.0504,6.0504,6.0504,6.0504,6.0504,6.0504,6.0504,6.0504,6.0504,6.0504,6.0504,6.0504,6.0504,6.0504,6.0504,6.0504,6.0504,6.0504,6.0504,6.0504,6.0504,6.0504,6.0504,6.0504,6.0504,6.0504,6.0504,6.0504,6.0504,6.0504,6.0504,6.0504,6.0504,6.0504,6.0504,6.0504,6.0504,6.0504,6.0504,6.0504,6.0504,6.0504,6.0504,6.0504,6.0504,6.0504,6.0504,6.0504,6.0504,6.0504,6.0504,6.0504,6.0504,6.0504,6.0504,6.0504,6.0504,6.0504,6.0504,6.0504,6.0504,6.0504,6.0504,6.0504,6.0504,6.0504,6.0504,6.0504,6.0504,6.0504,6.0504,6.0504,6.0504,6.0504,6.0504,6.0504,6.0504,6.0504,6.0504,6.0504,6.0504,6.0504,6.0504,6.0504,6.0504,6.0504,6.0504,6.0504,6.0504,6.0504,6.0504,6.0504,6.0504,6.0504,6.0504,6.0504,6.0504,6.0504,6.0504,6.0504,6.0504,6.0504,6.0504,6.0504,6.0504,6.0504,6.0504,6.0504,6.0504,6.0504,6.0504,6.0504,6.0504,6.0504,6.0504,6.0504,6.0504,6.0504,6.0504,6.0504,6.0504,6.0504,6.0504,6.0504,6.0504,6.0504,6.0504,6.0504,6.0504,6.0504,6.0504,6.0504,6.0504,6.0504,6.0504,6.0504,6.0504,6.0504,6.0504,6.0504,6.0504,6.0504,6.0504,6.0504,6.0504,6.0504,6.0504,6.0504,6.0504,6.0504,6.0504,6.0504,6.0504,6.0504,6.0504,6.0504,6.0504,6.0504,6.0504,6.0504,6.0504,6.0504,6.0504,6.0504,6.0504,6.0504,6.0504,6.0504,6.0504,6.0504,6.0504,6.0504,6.0504,6.0504,6.0504,6.0504
6.0464,6.0464,6.0464,6.0464,6.0464,6.0464,6.0464,6.0464,6.0464,6.0464,6.0464,6.0464,6.0464,6.0464,6.0464,6.0464,6.0464,6.0464,6.0464,6.0464,6.0464,6.0464,6.0464,6.0464,6.0464,6.0464,6.0464,6.0464,6.0464,6.0464,6.0464,6.0464,6.0464,6.0464,6.0464,6.0464,6.0464,6.0464,6.0464,6.0464,6.0464,6.0464,6.0464,6.0464,6.0464,6.0464,6.0464,6.0464,6.0464,6.0464,6.0464,6.0464,6.0464,6.0464,6.0464,6.0464,6.0464,6.0464,6.0464,6.0464,6.0464,6.0464,6.0464,6.0464,6.0464,6.0464,6.0464,6.0464,6.0464,6.0464,6.0464,6.0464,6.0464,6.0464,6.0464,6.0464,6.0464,6.0464,6.0464,6.0464,6.0464,6.0464,6.0464,6.0464,6.0464,6.0464,6.0464,6.0464,6.0464,6.0464,6.0464,6.0464,6.0464,6.0464,6.0464,6.0464,6.0464,6.0464,6.0464,6.0464,6.0464,6.0464,6.0464,6.0464,6.0464,6.0464,6.0464,6.0464,6.0464,6.0464,6.0464,6.0464,6.0464,6.0464,6.0464,6.0464,6.0464,6.0464,6.0464,6.0464,6.0464,6.0464,6.0464,6.0464,6.0464,6.0464,6.0464,6.0464,6.0464,6.0464,6.0464,6.0464,6.0464,6.0464,6.0464,6.0464,6.0464,6.0464,6.0464,6.0464,6.0464,6.0464,6.0464,6.0464,6.0464,6.0464,6.0464,6.0464,6.0464,6.0464,6.0464,6.0464,6.0464,6.0464,6.0464,6.0464,6.0464,6.0464,6.0464,6.0464,6.0464,6.0464,6.0464,6.0464,6.0464,6.0464,6.0464,6.0464,6.0464,6.0464,6.0464,6.0464,6.0464,6.0464,6.0464,6.0464,6.0464,6.0464,6.0464,6.0464,6.0464,6.0464,6.0464,6.0464,6.0464,6.0464,6.0464,6.0464,6.0464,6.0464,6.0464,6.0464,6.0464,6.0464,6.0464,6.0464,6.0464,6.0464,6.0464,6.0464,6.0464,6.0464,6.0464,6.0464,6.0464,6.0464,6.0464,6.0464,6.0464,6.0464,6.0464,6.0464,6.0464,6.0464,6.0464,6.0464,6.0464,6.0464,6.0464,6.0464,6.0464,6.0464,6.0464,6.0464,6.0464,6.0464,6.0464,6.0464,6.0464,6.0464,6.0464,6.0464,6.0464,6.0464,6.0464,6.0464,6.0464,6.0464,6.0464,6.0464,6.0464,6.0464,6.0464,6.0464,6.0464,6.0464,6.0464,6.0464,6.0464,6.0464,6.0464,6.0464,6.0464,6.0464,6.0464,6.0464,6.0464,6.0464,6.0464,6.0464,6.0464,6.0464,6.0464,6.0464,6.0464,6.0464,6.0464,6.0464,6.0464,6.0464,6.0464,6.0464,6.0464,6.0464,6.0464,6.0464,6.0464,6.0464,6.0464,6.0464,6.0464,6.0464,6.0464,6.0464,6.0464,6.0464,6.0464,6.0464,6.0464,6.0464,6.0464,6.0464,6.0464,6.0464,6.0464,6.0464,6.0464,6.0464,6.0464,6.0464,6.0464,6.0464,6.0464,6.0464,6.0464,6.0464,6.0464,6.0464,6.0464,6.0464,6.0464,6.0464,6.0464,6.0464,6.0464,6.0464,6.0464,6.0464,6.0464,6.0464,6.0464,6.0464,6.0464,6.0464,6.0464,6.0464,6.0464,6.0464,6.0464,6.0464,6.0464,6.0464,6.0464,6.0464,6.0464,6.0464,6.0464,6.0464,6.0464,6.0464,6.0464,6.0464,6.0464,6.0464,6.0464,6.0464,6.0464,6.0464,6.0464,6.0464,6.0464,6.0464,6.0464,6.0464,6.0464,6.0464,6.0464,6.0464,6.0464,6.0464,6.0464,6.0464,6.0464,6.0464,6.0464,6.0464,6.0464,6.0464,6.0464,6.0464,6.0464,6.0464,6.0464,6.0464,6.0464,6.0464,6.0464,6.0464,6.0464,6.0464,6.0464,6.0464,6.0464,6.0464,6.0464,6.0464,6.0464,6.0464,6.0464,6.0464,6.0464,6.0464,6.0464,6.0464,6.0464,6.0464,6.0464,6.0464,6.0464,6.0464,6.0464,6.0464,6.0464,6.0464,6.0464,6.0464,6.0464,6.0464,6.0464,6.0464,6.0464,6.0464,6.0464,6.0464,6.0464,6.0464,6.0464,6.0464,6.0464,6.0464,6.0464,6.0464,6.0464,6.0464,6.0464,6.0464,6.0464,6.0464,6.0464,6.0464,6.0464,6.0464,6.0464,6.0464,6.0464,6.0464,6.0464,6.0464,6.0464,6.0464,6.0464,6.0464,6.0464,6.0464,6.0464,6.0464,6.0464,6.0464,6.0464,6.0464,6.0464,6.0464,6.0464,6.0464,6.0464,6.0464,6.0464,6.0464,6.0464,6.0464,6.0464,6.0464,6.0464,6.0464,6.0464,6.0464,6.0464,6.0464,6.0464,6.0464,6.0464,6.0464,6.0464,6.0464,6.0464,6.0464,6.0464,6.0464,6.0464,6.0464,6.0464,6.0464,6.0464,6.0464,6.0464,6.0464,6.0464,6.0464,6.0464,6.0464,6.0464,6.0464,6.0464,6.0464,6.0464,6.0464,6.0464,6.0464,6.0464,6.0464,6.0464,6.0464,6.0464,6.0464,6.0464,6.0464,6.0464,6.0464,6.0464,6.0464,6.0464,6.0464,6.0464,6.0464,6.0464,6.0464,6.0464,6.0464,6.0464,6.0464,6.0464,6.0464,6.0464,6.0464,6.0464,6.0464,6.0464,6.0464,6.0464,6.0464,6.0464,6.0464,6.0464,6.0464,6.0464,6.0464,6.0464,6.0464,6.0464,6.0464,6.0464,6.0464,6.0464,6.0464,6.0464,6.0464,6.0464,6.0464,6.0464,6.0464,6.0464,6.0464,6.0464,6.0464,6.0464,6.0464,6.0464,6.0464,6.0464,6.0464,6.0464,6.0464,6.0464,6.0464,6.0464,6.0464,6.0464,6.0464,6.0464,6.0464,6.0464,6.0464,6.0464,6.0464,6.0464,6.0464,6.0464,6.0464,6.0464,6.0464,6.0464,6.0464,6.0464,6.0464,6.0464,6.0464,6.0464,6.0464,6.0464,6.0464,6.0464,6.0464,6.0464,6.0464,6.0464,6.0464,6.0464,6.0464,6.0464,6.0464,6.0464,6.0464,6.0464,6.0464,6.0464,6.0464,6.0464,6.0464,6.0464,6.0464,6.0464,6.0464,6.0464,6.0464,6.0464,6.0464,6.0464,6.0464,6.0464,6.0464,6.0464,6.0464,6.0464,6.0464,6.0464,6.0464,6.0464,6.0464,6.0464,6.0464,6.0464,6.0464,6.0464,6.0464,6.0464,6.0464,6.0464,6.0464,6.0464,6.0464,6.0464,6.0464,6.0464,6.0464,6.0464,6.0464,6.0464,6.0464,6.0464,6.0464,6.0464,6.0464,6.0464,6.0464,6.0464,6.0464,6.0464,6.0464,6.0464,6.0464,6.0464,6.0464,6.0464,6.0464,6.0464,6.0464,6.0464,6.0464,6.0464,6.0464,6.0464,6.0464,6.0464,6.0464,6.0464,6.0464,6.0464,6.0464,6.0464,6.0464,6.0464,6.0464,6.0464,6.0464,6.0464,6.0464,6.0464,6.0464,6.0464,6.0464,6.0464,6.0464,6.0464,6.0464,6.0464,6.0464,6.0464,6.0464,6.0464,6.0464,6.0464,6.0464,6.0464,6.0464,6.0464,6.0464,6.0464,6.0464,6.0464,6.0464,6.0464,6.0464,6.0464,6.0464,6.0464,6.0464,6.0464,6.0464,6.0464,6.0464,6.0464,6.0464,6.0464,6.0464,6.0464,6.0464,6.0464,6.0464,6.0464,6.0464,6.0464,6.0464,6.0464,6.0464,6.0464,6.0464,6.0464,6.0464,6.0464,6.0464,6.0464,6.0464,6.0464,6.0464,6.0464,6.0464,6.0464,6.0464,6.0464,6.0464,6.0464,6.0464,6.0464,6.0464,6.0464,6.0464,6.0464,6.0464,6.0464,6.0464,6.0464,6.0464,6.0464,6.0464,6.0464,6.0464,6.0464,6.0464,6.0464,6.0464,6.0464,6.0464,6.0464,6.0464,6.0464,6.0464,6.0464,6.0464,6.0464,6.0464,6.0464,6.0464,6.0464,6.0464,6.0464,6.0464,6.0464,6.0464,6.0464,6.0464,6.0464,6.0464,6.0464,6.0464,6.0464,6.0464,6.0464,6.0464,6.0464,6.0464,6.0464,6.0464,6.0464,6.0464,6.0464,6.0464,6.0464,6.0464,6.0464,6.0464,6.0464,6.0464,6.0464,6.0464,6.0464,6.0464,6.0464,6.0464,6.0464,6.0464,6.0464,6.0464,6.0464,6.0464,6.0464,6.0464,6.0464,6.0464,6.0464,6.0464,6.0464,6.0464,6.0464,6.0464,6.0464,6.0464,6.0464,6.0464,6.0464,6.0464,6.0464,6.0464,6.0464,6.0464,6.0464,6.0464,6.0464,6.0464,6.0464,6.0464,6.0464,6.0464,6.0464,6.0464,6.0464,6.0464,6.0464,6.0464,6.0464,6.0464,6.0464,6.0464,6.0464,6.0464,6.0464,6.0464,6.0464,6.0464,6.0464,6.0464,6.0464,6.0464,6.0464,6.0464,6.0464,6.0464,6.0464,6.0464,6.0464,6.0464,6.0464,6.0464,6.0464,6.0464,6.0464,6.0464,6.0464,6.0464,6.0464,6.0464,6.0464,6.0464,6.0464,6.0464,6.0464,6.0464,6.0464,6.0464,6.0464,6.0464,6.0464,6.0464,6.0464,6.0464,6.0464,6.0464,6.0464,6.0464,6.0464,6.0464,6.0464,6.0464,6.0464,6.0464,6.0464,6.0464,6.0464,6.0464,6.0464,6.0464,6.0464,6.0464,6.0464,6.0464,6.0464,6.0464,6.0464,6.0464,6.0464,6.0464,6.0464,6.0464,6.0464,6.0464,6.0464,6.0464,6.0464,6.0464,6.0464,6.0464,6.0464,6.0464,6.0464,6.0464,6.0464,6.0464,6.0464,6.0464,6.0464,6.0464,6.0464,6.0464,6.0464,6.0464,6.0464,6.0464,6.0464,6.0464,6.0464,6.0464
6.0423,6.0423,6.0423,6.0423,6.0423,6.0423,6.0423,6.0423,6.0423,6.0423,6.0423,6.0423,6.0423,6.0423,6.0423,6.0423,6.0423,6.0423,6.0423,6.0423,6.0423,6.0423,6.0423,6.0423,6.0423,6.0423,6.0423,6.0423,6.0423,6.0423,6.0423,6.0423,6.0423,6.0423,6.0423,6.0423,6.0423,6.0423,6.0423,6.0423,6.0423,6.0423,6.0423,6.0423,6.0423,6.0423,6.0423,6.0423,6.0423,6.0423,6.0423,6.0423,6.0423,6.0423,6.0423,6.0423,6.0423,6.0423,6.0423,6.0423,6.0423,6.0423,6.0423,6.0423,6.0423,6.0423,6.0423,6.0423,6.0423,6.0423,6.0423,6.0423,6.0423,6.0423,6.0423,6.0423,6.0423,6.0423,6.0423,6.0423,6.0423,6.0423,6.0423,6.0423,6.0423,6.0423,6.0423,6.0423,6.0423,6.0423,6.0423,6.0423,6.0423,6.0423,6.0423,6.0423,6.0423,6.0423,6.0423,6.0423,6.0423,6.0423,6.0423,6.0423,6.0423,6.0423,6.0423,6.0423,6.0423,6.0423,6.0423,6.0423,6.0423,6.0423,6.0423,6.0423,6.0423,6.0423,6.0423,6.0423,6.0423,6.0423,6.0423,6.0423,6.0423,6.0423,6.0423,6.0423,6.0423,6.0423,6.0423,6.0423,6.0423,6.0423,6.0423,6.0423,6.0423,6.0423,6.0423,6.0423,6.0423,6.0423,6.0423,6.0423,6.0423,6.0423,6.0423,6.0423,6.0423,6.0423,6.0423,6.0423,6.0423,6.0423,6.0423,6.0423,6.0423,6.0423,6.0423,6.0423,6.0423,6.0423,6.0423,6.0423,6.0423,6.0423,6.0423,6.0423,6.0423,6.0423,6.0423,6.0423,6.0423,6.0423,6.0423,6.0423,6.0423,6.0423,6.0423,6.0423,6.0423,6.0423,6.0423,6.0423,6.0423,6.0423,6.0423,6.0423,6.0423,6.0423,6.0423,6.0423,6.0423,6.0423,6.0423,6.0423,6.0423,6.0423,6.0423,6.0423,6.0423,6.0423,6.0423,6.0423,6.0423,6.0423,6.0423,6.0423,6.0423,6.0423,6.0423,6.0423,6.0423,6.0423,6.0423,6.0423,6.0423,6.0423,6.0423,6.0423,6.0423,6.0423,6.0423,6.0423,6.0423,6.0423,6.0423,6.0423,6.0423,6.0423,6.0423,6.0423,6.0423,6.0423,6.0423,6.0423,6.0423,6.0423,6.0423,6.0423,6.0423,6.0423,6.0423,6.0423,6.0423,6.0423,6.0423,6.0423,6.0423,6.0423,6.0423,6.0423,6.0423,6.0423,6.0423,6.0423,6.0423,6.0423,6.0423,6.0423,6.0423,6.0423,6.0423,6.0423,6.0423,6.0423,6.0423,6.0423,6.0423,6.0423,6.0423,6.0423,6.0423,6.0423,6.0423,6.0423,6.0423,6.0423,6.0423,6.0423,6.0423,6.0423,6.0423,6.0423,6.0423,6.0423,6.0423,6.0423,6.0423,6.0423,6.0423,6.0423,6.0423,6.0423,6.0423,6.0423,6.0423,6.0423,6.0423,6.0423,6.0423,6.0423,6.0423,6.0423,6.0423,6.0423,6.0423,6.0423,6.0423,6.0423,6.0423,6.0423,6.0423,6.0423,6.0423,6.0423,6.0423,6.0423,6.0423,6.0423,6.0423,6.0423,6.0423,6.0423,6.0423,6.0423,6.0423,6.0423,6.0423,6.0423,6.0423,6.0423,6.0423,6.0423,6.0423,6.0423,6.0423,6.0423,6.0423,6.0423,6.0423,6.0423,6.0423,6.0423,6.0423,6.0423,6.0423,6.0423,6.0423,6.0423,6.0423,6.0423,6.0423,6.0423,6.0423,6.0423,6.0423,6.0423,6.0423,6.0423,6.0423,6.0423,6.0423,6.0423,6.0423,6.0423,6.0423,6.0423,6.0423,6.0423,6.0423,6.0423,6.0423,6.0423,6.0423,6.0423,6.0423,6.0423,6.0423,6.0423,6.0423,6.0423,6.0423,6.0423,6.0423,6.0423,6.0423,6.0423,6.0423,6.0423,6.0423,6.0423,6.0423,6.0423,6.0423,6.0423,6.0423,6.0423,6.0423,6.0423,6.0423,6.0423,6.0423,6.0423,6.0423,6.0423,6.0423,6.0423,6.0423,6.0423,6.0423,6.0423,6.0423,6.0423,6.0423,6.0423,6.0423,6.0423,6.0423,6.0423,6.0423,6.0423,6.0423,6.0423,6.0423,6.0423,6.0423,6.0423,6.0423,6.0423,6.0423,6.0423,6.0423,6.0423,6.0423,6.0423,6.0423,6.0423,6.0423,6.0423,6.0423,6.0423,6.0423,6.0423,6.0423,6.0423,6.0423,6.0423,6.0423,6.0423,6.0423,6.0423,6.0423,6.0423,6.0423,6.0423,6.0423,6.0423,6.0423,6.0423,6.0423,6.0423,6.0423,6.0423,6.0423,6.0423,6.0423,6.0423,6.0423,6.0423,6.0423,6.0423,6.0423,6.0423,6.0423,6.0423,6.0423,6.0423,6.0423,6.0423,6.0423,6.0423,6.0423,6.0423,6.0423,6.0423,6.0423,6.0423,6.0423,6.0423,6.0423,6.0423,6.0423,6.0423,6.0423,6.0423,6.0423,6.0423,6.0423,6.0423,6.0423,6.0423,6.0423,6.0423,6.0423,6.0423,6.0423,6.0423,6.0423,6.0423,6.0423,6.0423,6.0423,6.0423,6.0423,6.0423,6.0423,6.0423,6.0423,6.0423,6.0423,6.0423,6.0423,6.0423,6.0423,6.0423,6.0423,6.0423,6.0423,6.0423,6.0423,6.0423,6.0423,6.0423,6.0423,6.0423,6.0423,6.0423,6.0423,6.0423,6.0423,6.0423,6.0423,6.0423,6.0423,6.0423,6.0423,6.0423,6.0423,6.0423,6.0423,6.0423,6.0423,6.0423,6.0423,6.0423,6.0423,6.0423,6.0423,6.0423,6.0423,6.0423,6.0423,6.0423,6.0423,6.0423,6.0423,6.0423,6.0423,6.0423,6.0423,6.0423,6.0423,6.0423,6.0423,6.0423,6.0423,6.0423,6.0423,6.0423,6.0423,6.0423,6.0423,6.0423,6.0423,6.0423,6.0423,6.0423,6.0423,6.0423,6.0423,6.0423,6.0423,6.0423,6.0423,6.0423,6.0423,6.0423,6.0423,6.0423,6.0423,6.0423,6.0423,6.0423,6.0423,6.0423,6.0423,6.0423,6.0423,6.0423,6.0423,6.0423,6.0423,6.0423,6.0423,6.0423,6.0423,6.0423,6.0423,6.0423,6.0423,6.0423,6.0423,6.0423,6.0423,6.0423,6.0423,6.0423,6.0423,6.0423,6.0423,6.0423,6.0423,6.0423,6.0423,6.0423,6.0423,6.0423,6.0423,6.0423,6.0423,6.0423,6.0423,6.0423,6.0423,6.0423,6.0423,6.0423,6.0423,6.0423,6.0423,6.0423,6.0423,6.0423,6.0423,6.0423,6.0423,6.0423,6.0423,6.0423,6.0423,6.0423,6.0423,6.0423,6.0423,6.0423,6.0423,6.0423,6.0423,6.0423,6.0423,6.0423,6.0423,6.0423,6.0423,6.0423,6.0423,6.0423,6.0423,6.0423,6.0423,6.0423,6.0423,6.0423,6.0423,6.0423,6.0423,6.0423,6.0423,6.0423,6.0423,6.0423,6.0423,6.0423,6.0423,6.0423,6.0423,6.0423,6.0423,6.0423,6.0423,6.0423,6.0423,6.0423,6.0423,6.0423,6.0423,6.0423,6.0423,6.0423,6.0423,6.0423,6.0423,6.0423,6.0423,6.0423,6.0423,6.0423,6.0423,6.0423,6.0423,6.0423,6.0423,6.0423,6.0423,6.0423,6.0423,6.0423,6.0423,6.0423,6.0423,6.0423,6.0423,6.0423,6.0423,6.0423,6.0423,6.0423,6.0423,6.0423,6.0423,6.0423,6.0423,6.0423,6.0423,6.0423,6.0423,6.0423,6.0423,6.0423,6.0423,6.0423,6.0423,6.0423,6.0423,6.0423,6.0423,6.0423,6.0423,6.0423,6.0423,6.0423,6.0423,6.0423,6.0423,6.0423,6.0423,6.0423,6.0423,6.0423,6.0423,6.0423,6.0423,6.0423,6.0423,6.0423,6.0423,6.0423,6.0423,6.0423,6.0423,6.0423,6.0423,6.0423,6.0423,6.0423,6.0423,6.0423,6.0423,6.0423,6.0423,6.0423,6.0423,6.0423,6.0423,6.0423,6.0423,6.0423,6.0423,6.0423,6.0423,6.0423,6.0423,6.0423,6.0423,6.0423,6.0423,6.0423,6.0423,6.0423,6.0423,6.0423,6.0423,6.0423,6.0423,6.0423,6.0423,6.0423,6.0423,6.0423,6.0423,6.0423,6.0423,6.0423,6.0423,6.0423,6.0423,6.0423,6.0423,6.0423,6.0423,6.0423,6.0423,6.0423,6.0423,6.0423,6.0423,6.0423,6.0423,6.0423,6.0423,6.0423,6.0423,6.0423,6.0423,6.0423,6.0423,6.0423,6.0423,6.0423,6.0423,6.0423,6.0423,6.0423,6.0423,6.0423,6.0423,6.0423,6.0423,6.0423,6.0423,6.0423,6.0423,6.0423,6.0423,6.0423,6.0423,6.0423,6.0423,6.0423,6.0423,6.0423,6.0423,6.0423,6.0423,6.0423,6.0423,6.0423,6.0423,6.0423,6.0423,6.0423,6.0423,6.0423,6.0423,6.0423,6.0423,6.0423,6.0423,6.0423,6.0423,6.0423,6.0423,6.0423,6.0423,6.0423,6.0423,6.0423,6.0423,6.0423,6.0423,6.0423,6.0423,6.0423,6.0423,6.0423,6.0423,6.0423,6.0423,6.0423,6.0423,6.0423,6.0423,6.0423,6.0423,6.0423,6.0423,6.0423,6.0423,6.0423,6.0423,6.0423,6.0423,6.0423,6.0423,6.0423,6.0423,6.0423,6.0423,6.0423,6.0423,6.0423,6.0423,6.0423,6.0423,6.0423,6.0423,6.0423,6.0423,6.0423,6.0423,6.0423,6.0423,6.0423,6.0423,6.0423,6.0423,6.0423,6.0423,6.0423,6.0423,6.0423,6.0423,6.0423,6.0423,6.0423,6.0423,6.0423,6.0423,6.0423
6.0382,6.0382,6.0382,6.0382,6.0382,6.0382,6.0382,6.0382,6.0382,6.0382,6.0382,6.0382,6.0382,6.0382,6.0382,6.0382,6.0382,6.0382,6.0382,6.0382,6.0382,6.0382,6.0382,6.0382,6.0382,6.0382,6.0382,6.0382,6.0382,6.0382,6.0382,6.0382,6.0382,6.0382,6.0382,6.0382,6.0382,6.0382,6.0382,6.0382,6.0382,6.0382,6.0382,6.0382,6.0382,6.0382,6.0382,6.0382,6.0382,6.0382,6.0382,6.0382,6.0382,6.0382,6.0382,6.0382,6.0382,6.0382,6.0382,6.0382,6.0382,6.0382,6.0382,6.0382,6.0382,6.0382,6.0382,6.0382,6.0382,6.0382,6.0382,6.0382,6.0382,6.0382,6.0382,6.0382,6.0382,6.0382,6.0382,6.0382,6.0382,6.0382,6.0382,6.0382,6.0382,6.0382,6.0382,6.0382,6.0382,6.0382,6.0382,6.0382,6.0382,6.0382,6.0382,6.0382,6.0382,6.0382,6.0382,6.0382,6.0382,6.0382,6.0382,6.0382,6.0382,6.0382,6.0382,6.0382,6.0382,6.0382,6.0382,6.0382,6.0382,6.0382,6.0382,6.0382,6.0382,6.0382,6.0382,6.0382,6.0382,6.0382,6.0382,6.0382,6.0382,6.0382,6.0382,6.0382,6.0382,6.0382,6.0382,6.0382,6.0382,6.0382,6.0382,6.0382,6.0382,6.0382,6.0382,6.0382,6.0382,6.0382,6.0382,6.0382,6.0382,6.0382,6.0382,6.0382,6.0382,6.0382,6.0382,6.0382,6.0382,6.0382,6.0382,6.0382,6.0382,6.0382,6.0382,6.0382,6.0382,6.0382,6.0382,6.0382,6.0382,6.0382,6.0382,6.0382,6.0382,6.0382,6.0382,6.0382,6.0382,6.0382,6.0382,6.0382,6.0382,6.0382,6.0382,6.0382,6.0382,6.0382,6.0382,6.0382,6.0382,6.0382,6.0382,6.0382,6.0382,6.0382,6.0382,6.0382,6.0382,6.0382,6.0382,6.0382,6.0382,6.0382,6.0382,6.0382,6.0382,6.0382,6.0382,6.0382,6.0382,6.0382,6.0382,6.0382,6.0382,6.0382,6.0382,6.0382,6.0382,6.0382,6.0382,6.0382,6.0382,6.0382,6.0382,6.0382,6.0382,6.0382,6.0382,6.0382,6.0382,6.0382,6.0382,6.0382,6.0382,6.0382,6.0382,6.0382,6.0382,6.0382,6.0382,6.0382,6.0382,6.0382,6.0382,6.0382,6.0382,6.0382,6.0382,6.0382,6.0382,6.0382,6.0382,6.0382,6.0382,6.0382,6.0382,6.0382,6.0382,6.0382,6.0382,6.0382,6.0382,6.0382,6.0382,6.0382,6.0382,6.0382,6.0382,6.0382,6.0382,6.0382,6.0382,6.0382,6.0382,6.0382,6.0382,6.0382,6.0382,6.0382,6.0382,6.0382,6.0382,6.0382,6.0382,6.0382,6.0382,6.0382,6.0382,6.0382,6.0382,6.0382,6.0382,6.0382,6.0382,6.0382,6.0382,6.0382,6.0382,6.0382,6.0382,6.0382,6.0382,6.0382,6.0382,6.0382,6.0382,6.0382,6.0382,6.0382,6.0382,6.0382,6.0382,6.0382,6.0382,6.0382,6.0382,6.0382,6.0382,6.0382,6.0382,6.0382,6.0382,6.0382,6.0382,6.0382,6.0382,6.0382,6.0382,6.0382,6.0382,6.0382,6.0382,6.0382,6.0382,6.0382,6.0382,6.0382,6.0382,6.0382,6.0382,6.0382,6.0382,6.0382,6.0382,6.0382,6.0382,6.0382,6.0382,6.0382,6.0382,6.0382,6.0382,6.0382,6.0382,6.0382,6.0382,6.0382,6.0382,6.0382,6.0382,6.0382,6.0382,6.0382,6.0382,6.0382,6.0382,6.0382,6.0382,6.0382,6.0382,6.0382,6.0382,6.0382,6.0382,6.0382,6.0382,6.0382,6.0382,6.0382,6.0382,6.0382,6.0382,6.0382,6.0382,6.0382,6.0382,6.0382,6.0382,6.0382,6.0382,6.0382,6.0382,6.0382,6.0382,6.0382,6.0382,6.0382,6.0382,6.0382,6.0382,6.0382,6.0382,6.0382,6.0382,6.0382,6.0382,6.0382,6.0382,6.0382,6.0382,6.0382,6.0382,6.0382,6.0382,6.0382,6.0382,6.0382,6.0382,6.0382,6.0382,6.0382,6.0382,6.0382,6.0382,6.0382,6.0382,6.0382,6.0382,6.0382,6.0382,6.0382,6.0382,6.0382,6.0382,6.0382,6.0382,6.0382,6.0382,6.0382,6.0382,6.0382,6.0382,6.0382,6.0382,6.0382,6.0382,6.0382,6.0382,6.0382,6.0382,6.0382,6.0382,6.0382,6.0382,6.0382,6.0382,6.0382,6.0382,6.0382,6.0382,6.0382,6.0382,6.0382,6.0382,6.0382,6.0382,6.0382,6.0382,6.0382,6.0382,6.0382,6.0382,6.0382,6.0382,6.0382,6.0382,6.0382,6.0382,6.0382,6.0382,6.0382,6.0382,6.0382,6.0382,6.0382,6.0382,6.0382,6.0382,6.0382,6.0382,6.0382,6.0382,6.0382,6.0382,6.0382,6.0382,6.0382,6.0382,6.0382,6.0382,6.0382,6.0382,6.0382,6.0382,6.0382,6.0382,6.0382,6.0382,6.0382,6.0382,6.0382,6.0382,6.0382,6.0382,6.0382,6.0382,6.0382,6.0382,6.0382,6.0382,6.0382,6.0382,6.0382,6.0382,6.0382,6.0382,6.0382,6.0382,6.0382,6.0382,6.0382,6.0382,6.0382,6.0382,6.0382,6.0382,6.0382,6.0382,6.0382,6.0382,6.0382,6.0382,6.0382,6.0382,6.0382,6.0382,6.0382,6.0382,6.0382,6.0382,6.0382,6.0382,6.0382,6.0382,6.0382,6.0382,6.0382,6.0382,6.0382,6.0382,6.0382,6.0382,6.0382,6.0382,6.0382,6.0382,6.0382,6.0382,6.0382,6.0382,6.0382,6.0382,6.0382,6.0382,6.0382,6.0382,6.0382,6.0382,6.0382,6.0382,6.0382,6.0382,6.0382,6.0382,6.0382,6.0382,6.0382,6.0382,6.0382,6.0382,6.0382,6.0382,6.0382,6.0382,6.0382,6.0382,6.0382,6.0382,6.0382,6.0382,6.0382,6.0382,6.0382,6.0382,6.0382,6.0382,6.0382,6.0382,6.0382,6.0382,6.0382,6.0382,6.0382,6.0382,6.0382,6.0382,6.0382,6.0382,6.0382,6.0382,6.0382,6.0382,6.0382,6.0382,6.0382,6.0382,6.0382,6.0382,6.0382,6.0382,6.0382,6.0382,6.0382,6.0382,6.0382,6.0382,6.0382,6.0382,6.0382,6.0382,6.0382,6.0382,6.0382,6.0382,6.0382,6.0382,6.0382,6.0382,6.0382,6.0382,6.0382,6.0382,6.0382,6.0382,6.0382,6.0382,6.0382,6.0382,6.0382,6.0382,6.0382,6.0382,6.0382,6.0382,6.0382,6.0382,6.0382,6.0382,6.0382,6.0382,6.0382,6.0382,6.0382,6.0382,6.0382,6.0382,6.0382,6.0382,6.0382,6.0382,6.0382,6.0382,6.0382,6.0382,6.0382,6.0382,6.0382,6.0382,6.0382,6.0382,6.0382,6.0382,6.0382,6.0382,6.0382,6.0382,6.0382,6.0382,6.0382,6.0382,6.0382,6.0382,6.0382,6.0382,6.0382,6.0382,6.0382,6.0382,6.0382,6.0382,6.0382,6.0382,6.0382,6.0382,6.0382,6.0382,6.0382,6.0382,6.0382,6.0382,6.0382,6.0382,6.0382,6.0382,6.0382,6.0382,6.0382,6.0382,6.0382,6.0382,6.0382,6.0382,6.0382,6.0382,6.0382,6.0382,6.0382,6.0382,6.0382,6.0382,6.0382,6.0382,6.0382,6.0382,6.0382,6.0382,6.0382,6.0382,6.0382,6.0382,6.0382,6.0382,6.0382,6.0382,6.0382,6.0382,6.0382,6.0382,6.0382,6.0382,6.0382,6.0382,6.0382,6.0382,6.0382,6.0382,6.0382,6.0382,6.0382,6.0382,6.0382,6.0382,6.0382,6.0382,6.0382,6.0382,6.0382,6.0382,6.0382,6.0382,6.0382,6.0382,6.0382,6.0382,6.0382,6.0382,6.0382,6.0382,6.0382,6.0382,6.0382,6.0382,6.0382,6.0382,6.0382,6.0382,6.0382,6.0382,6.0382,6.0382,6.0382,6.0382,6.0382,6.0382,6.0382,6.0382,6.0382,6.0382,6.0382,6.0382,6.0382,6.0382,6.0382,6.0382,6.0382,6.0382,6.0382,6.0382,6.0382,6.0382,6.0382,6.0382,6.0382,6.0382,6.0382,6.0382,6.0382,6.0382,6.0382,6.0382,6.0382,6.0382,6.0382,6.0382,6.0382,6.0382,6.0382,6.0382,6.0382,6.0382,6.0382,6.0382,6.0382,6.0382,6.0382,6.0382,6.0382,6.0382,6.0382,6.0382,6.0382,6.0382,6.0382,6.0382,6.0382,6.0382,6.0382,6.0382,6.0382,6.0382,6.0382,6.0382,6.0382,6.0382,6.0382,6.0382,6.0382,6.0382,6.0382,6.0382,6.0382,6.0382,6.0382,6.0382,6.0382,6.0382,6.0382,6.0382,6.0382,6.0382,6.0382,6.0382,6.0382,6.0382,6.0382,6.0382,6.0382,6.0382,6.0382,6.0382,6.0382,6.0382,6.0382,6.0382,6.0382,6.0382,6.0382,6.0382,6.0382,6.0382,6.0382,6.0382,6.0382,6.0382,6.0382,6.0382,6.0382,6.0382,6.0382,6.0382,6.0382,6.0382,6.0382,6.0382,6.0382,6.0382,6.0382,6.0382,6.0382,6.0382,6.0382,6.0382,6.0382,6.0382,6.0382,6.0382,6.0382,6.0382,6.0382,6.0382,6.0382,6.0382,6.0382,6.0382,6.0382,6.0382,6.0382,6.0382,6.0382,6.0382,6.0382,6.0382,6.0382,6.0382,6.0382,6.0382,6.0382,6.0382,6.0382,6.0382,6.0382,6.0382,6.0382,6.0382,6.0382,6.0382,6.0382,6.0382,6.0382,6.0382,6.0382,6.0382,6.0382,6.0382,6.0382
6.0341,6.0341,6.0341,6.0341,6.0341,6.0341,6.0341,6.0341,6.0341,6.0341,6.0341,6.0341,6.0341,6.0341,6.0341,6.0341,6.0341,6.0341,6.0341,6.0341,6.0341,6.0341,6.0341,6.0341,6.0341,6.0341,6.0341,6.0341,6.0341,6.0341,6.0341,6.0341,6.0341,6.0341,6.0341,6.0341,6.0341,6.0341,6.0341,6.0341,6.0341,6.0341,6.0341,6.0341,6.0341,6.0341,6.0341,6.0341,6.0341,6.0341,6.0341,6.0341,6.0341,6.0341,6.0341,6.0341,6.0341,6.0341,6.0341,6.0341,6.0341,6.0341,6.0341,6.0341,6.0341,6.0341,6.0341,6.0341,6.0341,6.0341,6.0341,6.0341,6.0341,6.0341,6.0341,6.0341,6.0341,6.0341,6.0341,6.0341,6.0341,6.0341,6.0341,6.0341,6.0341,6.0341,6.0341,6.0341,6.0341,6.0341,6.0341,6.0341,6.0341,6.0341,6.0341,6.0341,6.0341,6.0341,6.0341,6.0341,6.0341,6.0341,6.0341,6.0341,6.0341,6.0341,6.0341,6.0341,6.0341,6.0341,6.0341,6.0341,6.0341,6.0341,6.0341,6.0341,6.0341,6.0341,6.0341,6.0341,6.0341,6.0341,6.0341,6.0341,6.0341,6.0341,6.0341,6.0341,6.0341,6.0341,6.0341,6.0341,6.0341,6.0341,6.0341,6.0341,6.0341,6.0341,6.0341,6.0341,6.0341,6.0341,6.0341,6.0341,6.0341,6.0341,6.0341,6.0341,6.0341,6.0341,6.0341,6.0341,6.0341,6.0341,6.0341,6.0341,6.0341,6.0341,6.0341,6.0341,6.0341,6.0341,6.0341,6.0341,6.0341,6.0341,6.0341,6.0341,6.0341,6.0341,6.0341,6.0341,6.0341,6.0341,6.0341,6.0341,6.0341,6.0341,6.0341,6.0341,6.0341,6.0341,6.0341,6.0341,6.0341,6.0341,6.0341,6.0341,6.0341,6.0341,6.0341,6.0341,6.0341,6.0341,6.0341,6.0341,6.0341,6.0341,6.0341,6.0341,6.0341,6.0341,6.0341,6.0341,6.0341,6.0341,6.0341,6.0341,6.0341,6.0341,6.0341,6.0341,6.0341,6.0341,6.0341,6.0341,6.0341,6.0341,6.0341,6.0341,6.0341,6.0341,6.0341,6.0341,6.0341,6.0341,6.0341,6.0341,6.0341,6.0341,6.0341,6.0341,6.0341,6.0341,6.0341,6.0341,6.0341,6.0341,6.0341,6.0341,6.0341,6.0341,6.0341,6.0341,6.0341,6.0341,6.0341,6.0341,6.0341,6.0341,6.0341,6.0341,6.0341,6.0341,6.0341,6.0341,6.0341,6.0341,6.0341,6.0341,6.0341,6.0341,6.0341,6.0341,6.0341,6.0341,6.0341,6.0341,6.0341,6.0341,6.0341,6.0341,6.0341,6.0341,6.0341,6.0341,6.0341,6.0341,6.0341,6.0341,6.0341,6.0341,6.0341,6.0341,6.0341,6.0341,6.0341,6.0341,6.0341,6.0341,6.0341,6.0341,6.0341,6.0341,6.0341,6.0341,6.0341,6.0341,6.0341,6.0341,6.0341,6.0341,6.0341,6.0341,6.0341,6.0341,6.0341,6.0341,6.0341,6.0341,6.0341,6.0341,6.0341,6.0341,6.0341,6.0341,6.0341,6.0341,6.0341,6.0341,6.0341,6.0341,6.0341,6.0341,6.0341,6.0341,6.0341,6.0341,6.0341,6.0341,6.0341,6.0341,6.0341,6.0341,6.0341,6.0341,6.0341,6.0341,6.0341,6.0341,6.0341,6.0341,6.0341,6.0341,6.0341,6.0341,6.0341,6.0341,6.0341,6.0341,6.0341,6.0341,6.0341,6.0341,6.0341,6.0341,6.0341,6.0341,6.0341,6.0341,6.0341,6.0341,6.0341,6.0341,6.0341,6.0341,6.0341,6.0341,6.0341,6.0341,6.0341,6.0341,6.0341,6.0341,6.0341,6.0341,6.0341,6.0341,6.0341,6.0341,6.0341,6.0341,6.0341,6.0341,6.0341,6.0341,6.0341,6.0341,6.0341,6.0341,6.0341,6.0341,6.0341,6.0341,6.0341,6.0341,6.0341,6.0341,6.0341,6.0341,6.0341,6.0341,6.0341,6.0341,6.0341,6.0341,6.0341,6.0341,6.0341,6.0341,6.0341,6.0341,6.0341,6.0341,6.0341,6.0341,6.0341,6.0341,6.0341,6.0341,6.0341,6.0341,6.0341,6.0341,6.0341,6.0341,6.0341,6.0341,6.0341,6.0341,6.0341,6.0341,6.0341,6.0341,6.0341,6.0341,6.0341,6.0341,6.0341,6.0341,6.0341,6.0341,6.0341,6.0341,6.0341,6.0341,6.0341,6.0341,6.0341,6.0341,6.0341,6.0341,6.0341,6.0341,6.0341,6.0341,6.0341,6.0341,6.0341,6.0341,6.0341,6.0341,6.0341,6.0341,6.0341,6.0341,6.0341,6.0341,6.0341,6.0341,6.0341,6.0341,6.0341,6.0341,6.0341,6.0341,6.0341,6.0341,6.0341,6.0341,6.0341,6.0341,6.0341,6.0341,6.0341,6.0341,6.0341,6.0341,6.0341,6.0341,6.0341,6.0341,6.0341,6.0341,6.0341,6.0341,6.0341,6.0341,6.0341,6.0341,6.0341,6.0341,6.0341,6.0341,6.0341,6.0341,6.0341,6.0341,6.0341,6.0341,6.0341,6.0341,6.0341,6.0341,6.0341,6.0341,6.0341,6.0341,6.0341,6.0341,6.0341,6.0341,6.0341,6.0341,6.0341,6.0341,6.0341,6.0341,6.0341,6.0341,6.0341,6.0341,6.0341,6.0341,6.0341,6.0341,6.0341,6.0341,6.0341,6.0341,6.0341,6.0341,6.0341,6.0341,6.0341,6.0341,6.0341,6.0341,6.0341,6.0341,6.0341,6.0341,6.0341,6.0341,6.0341,6.0341,6.0341,6.0341,6.0341,6.0341,6.0341,6.0341,6.0341,6.0341,6.0341,6.0341,6.0341,6.0341,6.0341,6.0341,6.0341,6.0341,6.0341,6.0341,6.0341,6.0341,6.0341,6.0341,6.0341,6.0341,6.0341,6.0341,6.0341,6.0341,6.0341,6.0341,6.0341,6.0341,6.0341,6.0341,6.0341,6.0341,6.0341,6.0341,6.0341,6.0341,6.0341,6.0341,6.0341,6.0341,6.0341,6.0341,6.0341,6.0341,6.0341,6.0341,6.0341,6.0341,6.0341,6.0341,6.0341,6.0341,6.0341,6.0341,6.0341,6.0341,6.0341,6.0341,6.0341,6.0341,6.0341,6.0341,6.0341,6.0341,6.0341,6.0341,6.0341,6.0341,6.0341,6.0341,6.0341,6.0341,6.0341,6.0341,6.0341,6.0341,6.0341,6.0341,6.0341,6.0341,6.0341,6.0341,6.0341,6.0341,6.0341,6.0341,6.0341,6.0341,6.0341,6.0341,6.0341,6.0341,6.0341,6.0341,6.0341,6.0341,6.0341,6.0341,6.0341,6.0341,6.0341,6.0341,6.0341,6.0341,6.0341,6.0341,6.0341,6.0341,6.0341,6.0341,6.0341,6.0341,6.0341,6.0341,6.0341,6.0341,6.0341,6.0341,6.0341,6.0341,6.0341,6.0341,6.0341,6.0341,6.0341,6.0341,6.0341,6.0341,6.0341,6.0341,6.0341,6.0341,6.0341,6.0341,6.0341,6.0341,6.0341,6.0341,6.0341,6.0341,6.0341,6.0341,6.0341,6.0341,6.0341,6.0341,6.0341,6.0341,6.0341,6.0341,6.0341,6.0341,6.0341,6.0341,6.0341,6.0341,6.0341,6.0341,6.0341,6.0341,6.0341,6.0341,6.0341,6.0341,6.0341,6.0341,6.0341,6.0341,6.0341,6.0341,6.0341,6.0341,6.0341,6.0341,6.0341,6.0341,6.0341,6.0341,6.0341,6.0341,6.0341,6.0341,6.0341,6.0341,6.0341,6.0341,6.0341,6.0341,6.0341,6.0341,6.0341,6.0341,6.0341,6.0341,6.0341,6.0341,6.0341,6.0341,6.0341,6.0341,6.0341,6.0341,6.0341,6.0341,6.0341,6.0341,6.0341,6.0341,6.0341,6.0341,6.0341,6.0341,6.0341,6.0341,6.0341,6.0341,6.0341,6.0341,6.0341,6.0341,6.0341,6.0341,6.0341,6.0341,6.0341,6.0341,6.0341,6.0341,6.0341,6.0341,6.0341,6.0341,6.0341,6.0341,6.0341,6.0341,6.0341,6.0341,6.0341,6.0341,6.0341,6.0341,6.0341,6.0341,6.0341,6.0341,6.0341,6.0341,6.0341,6.0341,6.0341,6.0341,6.0341,6.0341,6.0341,6.0341,6.0341,6.0341,6.0341,6.0341,6.0341,6.0341,6.0341,6.0341,6.0341,6.0341,6.0341,6.0341,6.0341,6.0341,6.0341,6.0341,6.0341,6.0341,6.0341,6.0341,6.0341,6.0341,6.0341,6.0341,6.0341,6.0341,6.0341,6.0341,6.0341,6.0341,6.0341,6.0341,6.0341,6.0341,6.0341,6.0341,6.0341,6.0341,6.0341,6.0341,6.0341,6.0341,6.0341,6.0341,6.0341,6.0341,6.0341,6.0341,6.0341,6.0341,6.0341,6.0341,6.0341,6.0341,6.0341,6.0341,6.0341,6.0341,6.0341,6.0341,6.0341,6.0341,6.0341,6.0341,6.0341,6.0341,6.0341,6.0341,6.0341,6.0341,6.0341,6.0341,6.0341,6.0341,6.0341,6.0341,6.0341,6.0341,6.0341,6.0341,6.0341,6.0341,6.0341,6.0341,6.0341,6.0341,6.0341,6.0341,6.0341,6.0341,6.0341,6.0341,6.0341,6.0341,6.0341,6.0341,6.0341,6.0341,6.0341,6.0341,6.0341,6.0341,6.0341,6.0341,6.0341,6.0341,6.0341,6.0341,6.0341,6.0341,6.0341,6.0341,6.0341,6.0341,6.0341,6.0341,6.0341,6.0341,6.0341,6.0341,6.0341,6.0341,6.0341,6.0341,6.0341,6.0341,6.0341,6.0341,6.0341,6.0341,6.0341,6.0341,6.0341,6.0341,6.0341,6.0341,6.0341,6.0341,6.0341,6.0341,6.0341,6.0341,6.0341,6.0341
6.0302,6.0302,6.0302,6.0302,6.0302,6.0302,6.0302,6.0302,6.0302,6.0302,6.0302,6.0302,6.0302,6.0302,6.0302,6.0302,6.0302,6.0302,6.0302,6.0302,6.0302,6.0302,6.0302,6.0302,6.0302,6.0302,6.0302,6.0302,6.0302,6.0302,6.0302,6.0302,6.0302,6.0302,6.0302,6.0302,6.0302,6.0302,6.0302,6.0302,6.0302,6.0302,6.0302,6.0302,6.0302,6.0302,6.0302,6.0302,6.0302,6.0302,6.0302,6.0302,6.0302,6.0302,6.0302,6.0302,6.0302,6.0302,6.0302,6.0302,6.0302,6.0302,6.0302,6.0302,6.0302,6.0302,6.0302,6.0302,6.0302,6.0302,6.0302,6.0302,6.0302,6.0302,6.0302,6.0302,6.0302,6.0302,6.0302,6.0302,6.0302,6.0302,6.0302,6.0302,6.0302,6.0302,6.0302,6.0302,6.0302,6.0302,6.0302,6.0302,6.0302,6.0302,6.0302,6.0302,6.0302,6.0302,6.0302,6.0302,6.0302,6.0302,6.0302,6.0302,6.0302,6.0302,6.0302,6.0302,6.0302,6.0302,6.0302,6.0302,6.0302,6.0302,6.0302,6.0302,6.0302,6.0302,6.0302,6.0302,6.0302,6.0302,6.0302,6.0302,6.0302,6.0302,6.0302,6.0302,6.0302,6.0302,6.0302,6.0302,6.0302,6.0302,6.0302,6.0302,6.0302,6.0302,6.0302,6.0302,6.0302,6.0302,6.0302,6.0302,6.0302,6.0302,6.0302,6.0302,6.0302,6.0302,6.0302,6.0302,6.0302,6.0302,6.0302,6.0302,6.0302,6.0302,6.0302,6.0302,6.0302,6.0302,6.0302,6.0302,6.0302,6.0302,6.0302,6.0302,6.0302,6.0302,6.0302,6.0302,6.0302,6.0302,6.0302,6.0302,6.0302,6.0302,6.0302,6.0302,6.0302,6.0302,6.0302,6.0302,6.0302,6.0302,6.0302,6.0302,6.0302,6.0302,6.0302,6.0302,6.0302,6.0302,6.0302,6.0302,6.0302,6.0302,6.0302,6.0302,6.0302,6.0302,6.0302,6.0302,6.0302,6.0302,6.0302,6.0302,6.0302,6.0302,6.0302,6.0302,6.0302,6.0302,6.0302,6.0302,6.0302,6.0302,6.0302,6.0302,6.0302,6.0302,6.0302,6.0302,6.0302,6.0302,6.0302,6.0302,6.0302,6.0302,6.0302,6.0302,6.0302,6.0302,6.0302,6.0302,6.0302,6.0302,6.0302,6.0302,6.0302,6.0302,6.0302,6.0302,6.0302,6.0302,6.0302,6.0302,6.0302,6.0302,6.0302,6.0302,6.0302,6.0302,6.0302,6.0302,6.0302,6.0302,6.0302,6.0302,6.0302,6.0302,6.0302,6.0302,6.0302,6.0302,6.0302,6.0302,6.0302,6.0302,6.0302,6.0302,6.0302,6.0302,6.0302,6.0302,6.0302,6.0302,6.0302,6.0302,6.0302,6.0302,6.0302,6.0302,6.0302,6.0302,6.0302,6.0302,6.0302,6.0302,6.0302,6.0302,6.0302,6.0302,6.0302,6.0302,6.0302,6.0302,6.0302,6.0302,6.0302,6.0302,6.0302,6.0302,6.0302,6.0302,6.0302,6.0302,6.0302,6.0302,6.0302,6.0302,6.0302,6.0302,6.0302,6.0302,6.0302,6.0302,6.0302,6.0302,6.0302,6.0302,6.0302,6.0302,6.0302,6.0302,6.0302,6.0302,6.0302,6.0302,6.0302,6.0302,6.0302,6.0302,6.0302,6.0302,6.0302,6.0302,6.0302,6.0302,6.0302,6.0302,6.0302,6.0302,6.0302,6.0302,6.0302,6.0302,6.0302,6.0302,6.0302,6.0302,6.0302,6.0302,6.0302,6.0302,6.0302,6.0302,6.0302,6.0302,6.0302,6.0302,6.0302,6.0302,6.0302,6.0302,6.0302,6.0302,6.0302,6.0302,6.0302,6.0302,6.0302,6.0302,6.0302,6.0302,6.0302,6.0302,6.0302,6.0302,6.0302,6.0302,6.0302,6.0302,6.0302,6.0302,6.0302,6.0302,6.0302,6.0302,6.0302,6.0302,6.0302,6.0302,6.0302,6.0302,6.0302,6.0302,6.0302,6.0302,6.0302,6.0302,6.0302,6.0302,6.0302,6.0302,6.0302,6.0302,6.0302,6.0302,6.0302,6.0302,6.0302,6.0302,6.0302,6.0302,6.0302,6.0302,6.0302,6.0302,6.0302,6.0302,6.0302,6.0302,6.0302,6.0302,6.0302,6.0302,6.0302,6.0302,6.0302,6.0302,6.0302,6.0302,6.0302,6.0302,6.0302,6.0302,6.0302,6.0302,6.0302,6.0302,6.0302,6.0302,6.0302,6.0302,6.0302,6.0302,6.0302,6.0302,6.0302,6.0302,6.0302,6.0302,6.0302,6.0302,6.0302,6.0302,6.0302,6.0302,6.0302,6.0302,6.0302,6.0302,6.0302,6.0302,6.0302,6.0302,6.0302,6.0302,6.0302,6.0302,6.0302,6.0302,6.0302,6.0302,6.0302,6.0302,6.0302,6.0302,6.0302,6.0302,6.0302,6.0302,6.0302,6.0302,6.0302,6.0302,6.0302,6.0302,6.0302,6.0302,6.0302,6.0302,6.0302,6.0302,6.0302,6.0302,6.0302,6.0302,6.0302,6.0302,6.0302,6.0302,6.0302,6.0302,6.0302,6.0302,6.0302,6.0302,6.0302,6.0302,6.0302,6.0302,6.0302,6.0302,6.0302,6.0302,6.0302,6.0302,6.0302,6.0302,6.0302,6.0302,6.0302,6.0302,6.0302,6.0302,6.0302,6.0302,6.0302,6.0302,6.0302,6.0302,6.0302,6.0302,6.0302,6.0302,6.0302,6.0302,6.0302,6.0302,6.0302,6.0302,6.0302,6.0302,6.0302,6.0302,6.0302,6.0302,6.0302,6.0302,6.0302,6.0302,6.0302,6.0302,6.0302,6.0302,6.0302,6.0302,6.0302,6.0302,6.0302,6.0302,6.0302,6.0302,6.0302,6.0302,6.0302,6.0302,6.0302,6.0302,6.0302,6.0302,6.0302,6.0302,6.0302,6.0302,6.0302,6.0302,6.0302,6.0302,6.0302,6.0302,6.0302,6.0302,6.0302,6.0302,6.0302,6.0302,6.0302,6.0302,6.0302,6.0302,6.0302,6.0302,6.0302,6.0302,6.0302,6.0302,6.0302,6.0302,6.0302,6.0302,6.0302,6.0302,6.0302,6.0302,6.0302,6.0302,6.0302,6.0302,6.0302,6.0302,6.0302,6.0302,6.0302,6.0302,6.0302,6.0302,6.0302,6.0302,6.0302,6.0302,6.0302,6.0302,6.0302,6.0302,6.0302,6.0302,6.0302,6.0302,6.0302,6.0302,6.0302,6.0302,6.0302,6.0302,6.0302,6.0302,6.0302,6.0302,6.0302,6.0302,6.0302,6.0302,6.0302,6.0302,6.0302,6.0302,6.0302,6.0302,6.0302,6.0302,6.0302,6.0302,6.0302,6.0302,6.0302,6.0302,6.0302,6.0302,6.0302,6.0302,6.0302,6.0302,6.0302,6.0302,6.0302,6.0302,6.0302,6.0302,6.0302,6.0302,6.0302,6.0302,6.0302,6.0302,6.0302,6.0302,6.0302,6.0302,6.0302,6.0302,6.0302,6.0302,6.0302,6.0302,6.0302,6.0302,6.0302,6.0302,6.0302,6.0302,6.0302,6.0302,6.0302,6.0302,6.0302,6.0302,6.0302,6.0302,6.0302,6.0302,6.0302,6.0302,6.0302,6.0302,6.0302,6.0302,6.0302,6.0302,6.0302,6.0302,6.0302,6.0302,6.0302,6.0302,6.0302,6.0302,6.0302,6.0302,6.0302,6.0302,6.0302,6.0302,6.0302,6.0302,6.0302,6.0302,6.0302,6.0302,6.0302,6.0302,6.0302,6.0302,6.0302,6.0302,6.0302,6.0302,6.0302,6.0302,6.0302,6.0302,6.0302,6.0302,6.0302,6.0302,6.0302,6.0302,6.0302,6.0302,6.0302,6.0302,6.0302,6.0302,6.0302,6.0302,6.0302,6.0302,6.0302,6.0302,6.0302,6.0302,6.0302,6.0302,6.0302,6.0302,6.0302,6.0302,6.0302,6.0302,6.0302,6.0302,6.0302,6.0302,6.0302,6.0302,6.0302,6.0302,6.0302,6.0302,6.0302,6.0302,6.0302,6.0302,6.0302,6.0302,6.0302,6.0302,6.0302,6.0302,6.0302,6.0302,6.0302,6.0302,6.0302,6.0302,6.0302,6.0302,6.0302,6.0302,6.0302,6.0302,6.0302,6.0302,6.0302,6.0302,6.0302,6.0302,6.0302,6.0302,6.0302,6.0302,6.0302,6.0302,6.0302,6.0302,6.0302,6.0302,6.0302,6.0302,6.0302,6.0302,6.0302,6.0302,6.0302,6.0302,6.0302,6.0302,6.0302,6.0302,6.0302,6.0302,6.0302,6.0302,6.0302,6.0302,6.0302,6.0302,6.0302,6.0302,6.0302,6.0302,6.0302,6.0302,6.0302,6.0302,6.0302,6.0302,6.0302,6.0302,6.0302,6.0302,6.0302,6.0302,6.0302,6.0302,6.0302,6.0302,6.0302,6.0302,6.0302,6.0302,6.0302,6.0302,6.0302,6.0302,6.0302,6.0302,6.0302,6.0302,6.0302,6.0302,6.0302,6.0302,6.0302,6.0302,6.0302,6.0302,6.0302,6.0302,6.0302,6.0302,6.0302,6.0302,6.0302,6.0302,6.0302,6.0302,6.0302,6.0302,6.0302,6.0302,6.0302,6.0302,6.0302,6.0302,6.0302,6.0302,6.0302,6.0302,6.0302,6.0302,6.0302,6.0302,6.0302,6.0302,6.0302,6.0302,6.0302,6.0302,6.0302,6.0302,6.0302,6.0302,6.0302,6.0302,6.0302,6.0302,6.0302,6.0302,6.0302,6.0302,6.0302,6.0302,6.0302,6.0302,6.0302,6.0302,6.0302,6.0302,6.0302,6.0302,6.0302,6.0302,6.0302,6.0302,6.0302,6.0302,6.0302,6.0302,6.0302,6.0302,6.0302,6.0302,6.0302,6.0302,6.0302,6.0302,6.0302,6.0302,6.0302,6.0302,6.0302,6.0302,6.0302,6.0302,6.0302,6.0302
6.0261,6.0261,6.0261,6.0261,6.0261,6.0261,6.0261,6.0261,6.0261,6.0261,6.0261,6.0261,6.0261,6.0261,6.0261,6.0261,6.0261,6.0261,6.0261,6.0261,6.0261,6.0261,6.0261,6.0261,6.0261,6.0261,6.0261,6.0261,6.0261,6.0261,6.0261,6.0261,6.0261,6.0261,6.0261,6.0261,6.0261,6.0261,6.0261,6.0261,6.0261,6.0261,6.0261,6.0261,6.0261,6.0261,6.0261,6.0261,6.0261,6.0261,6.0261,6.0261,6.0261,6.0261,6.0261,6.0261,6.0261,6.0261,6.0261,6.0261,6.0261,6.0261,6.0261,6.0261,6.0261,6.0261,6.0261,6.0261,6.0261,6.0261,6.0261,6.0261,6.0261,6.0261,6.0261,6.0261,6.0261,6.0261,6.0261,6.0261,6.0261,6.0261,6.0261,6.0261,6.0261,6.0261,6.0261,6.0261,6.0261,6.0261,6.0261,6.0261,6.0261,6.0261,6.0261,6.0261,6.0261,6.0261,6.0261,6.0261,6.0261,6.0261,6.0261,6.0261,6.0261,6.0261,6.0261,6.0261,6.0261,6.0261,6.0261,6.0261,6.0261,6.0261,6.0261,6.0261,6.0261,6.0261,6.0261,6.0261,6.0261,6.0261,6.0261,6.0261,6.0261,6.0261,6.0261,6.0261,6.0261,6.0261,6.0261,6.0261,6.0261,6.0261,6.0261,6.0261,6.0261,6.0261,6.0261,6.0261,6.0261,6.0261,6.0261,6.0261,6.0261,6.0261,6.0261,6.0261,6.0261,6.0261,6.0261,6.0261,6.0261,6.0261,6.0261,6.0261,6.0261,6.0261,6.0261,6.0261,6.0261,6.0261,6.0261,6.0261,6.0261,6.0261,6.0261,6.0261,6.0261,6.0261,6.0261,6.0261,6.0261,6.0261,6.0261,6.0261,6.0261,6.0261,6.0261,6.0261,6.0261,6.0261,6.0261,6.0261,6.0261,6.0261,6.0261,6.0261,6.0261,6.0261,6.0261,6.0261,6.0261,6.0261,6.0261,6.0261,6.0261,6.0261,6.0261,6.0261,6.0261,6.0261,6.0261,6.0261,6.0261,6.0261,6.0261,6.0261,6.0261,6.0261,6.0261,6.0261,6.0261,6.0261,6.0261,6.0261,6.0261,6.0261,6.0261,6.0261,6.0261,6.0261,6.0261,6.0261,6.0261,6.0261,6.0261,6.0261,6.0261,6.0261,6.0261,6.0261,6.0261,6.0261,6.0261,6.0261,6.0261,6.0261,6.0261,6.0261,6.0261,6.0261,6.0261,6.0261,6.0261,6.0261,6.0261,6.0261,6.0261,6.0261,6.0261,6.0261,6.0261,6.0261,6.0261,6.0261,6.0261,6.0261,6.0261,6.0261,6.0261,6.0261,6.0261,6.0261,6.0261,6.0261,6.0261,6.0261,6.0261,6.0261,6.0261,6.0261,6.0261,6.0261,6.0261,6.0261,6.0261,6.0261,6.0261,6.0261,6.0261,6.0261,6.0261,6.0261,6.0261,6.0261,6.0261,6.0261,6.0261,6.0261,6.0261,6.0261,6.0261,6.0261,6.0261,6.0261,6.0261,6.0261,6.0261,6.0261,6.0261,6.0261,6.0261,6.0261,6.0261,6.0261,6.0261,6.0261,6.0261,6.0261,6.0261,6.0261,6.0261,6.0261,6.0261,6.0261,6.0261,6.0261,6.0261,6.0261,6.0261,6.0261,6.0261,6.0261,6.0261,6.0261,6.0261,6.0261,6.0261,6.0261,6.0261,6.0261,6.0261,6.0261,6.0261,6.0261,6.0261,6.0261,6.0261,6.0261,6.0261,6.0261,6.0261,6.0261,6.0261,6.0261,6.0261,6.0261,6.0261,6.0261,6.0261,6.0261,6.0261,6.0261,6.0261,6.0261,6.0261,6.0261,6.0261,6.0261,6.0261,6.0261,6.0261,6.0261,6.0261,6.0261,6.0261,6.0261,6.0261,6.0261,6.0261,6.0261,6.0261,6.0261,6.0261,6.0261,6.0261,6.0261,6.0261,6.0261,6.0261,6.0261,6.0261,6.0261,6.0261,6.0261,6.0261,6.0261,6.0261,6.0261,6.0261,6.0261,6.0261,6.0261,6.0261,6.0261,6.0261,6.0261,6.0261,6.0261,6.0261,6.0261,6.0261,6.0261,6.0261,6.0261,6.0261,6.0261,6.0261,6.0261,6.0261,6.0261,6.0261,6.0261,6.0261,6.0261,6.0261,6.0261,6.0261,6.0261,6.0261,6.0261,6.0261,6.0261,6.0261,6.0261,6.0261,6.0261,6.0261,6.0261,6.0261,6.0261,6.0261,6.0261,6.0261,6.0261,6.0261,6.0261,6.0261,6.0261,6.0261,6.0261,6.0261,6.0261,6.0261,6.0261,6.0261,6.0261,6.0261,6.0261,6.0261,6.0261,6.0261,6.0261,6.0261,6.0261,6.0261,6.0261,6.0261,6.0261,6.0261,6.0261,6.0261,6.0261,6.0261,6.0261,6.0261,6.0261,6.0261,6.0261,6.0261,6.0261,6.0261,6.0261,6.0261,6.0261,6.0261,6.0261,6.0261,6.0261,6.0261,6.0261,6.0261,6.0261,6.0261,6.0261,6.0261,6.0261,6.0261,6.0261,6.0261,6.0261,6.0261,6.0261,6.0261,6.0261,6.0261,6.0261,6.0261,6.0261,6.0261,6.0261,6.0261,6.0261,6.0261,6.0261,6.0261,6.0261,6.0261,6.0261,6.0261,6.0261,6.0261,6.0261,6.0261,6.0261,6.0261,6.0261,6.0261,6.0261,6.0261,6.0261,6.0261,6.0261,6.0261,6.0261,6.0261,6.0261,6.0261,6.0261,6.0261,6.0261,6.0261,6.0261,6.0261,6.0261,6.0261,6.0261,6.0261,6.0261,6.0261,6.0261,6.0261,6.0261,6.0261,6.0261,6.0261,6.0261,6.0261,6.0261,6.0261,6.0261,6.0261,6.0261,6.0261,6.0261,6.0261,6.0261,6.0261,6.0261,6.0261,6.0261,6.0261,6.0261,6.0261,6.0261,6.0261,6.0261,6.0261,6.0261,6.0261,6.0261,6.0261,6.0261,6.0261,6.0261,6.0261,6.0261,6.0261,6.0261,6.0261,6.0261,6.0261,6.0261,6.0261,6.0261,6.0261,6.0261,6.0261,6.0261,6.0261,6.0261,6.0261,6.0261,6.0261,6.0261,6.0261,6.0261,6.0261,6.0261,6.0261,6.0261,6.0261,6.0261,6.0261,6.0261,6.0261,6.0261,6.0261,6.0261,6.0261,6.0261,6.0261,6.0261,6.0261,6.0261,6.0261,6.0261,6.0261,6.0261,6.0261,6.0261,6.0261,6.0261,6.0261,6.0261,6.0261,6.0261,6.0261,6.0261,6.0261,6.0261,6.0261,6.0261,6.0261,6.0261,6.0261,6.0261,6.0261,6.0261,6.0261,6.0261,6.0261,6.0261,6.0261,6.0261,6.0261,6.0261,6.0261,6.0261,6.0261,6.0261,6.0261,6.0261,6.0261,6.0261,6.0261,6.0261,6.0261,6.0261,6.0261,6.0261,6.0261,6.0261,6.0261,6.0261,6.0261,6.0261,6.0261,6.0261,6.0261,6.0261,6.0261,6.0261,6.0261,6.0261,6.0261,6.0261,6.0261,6.0261,6.0261,6.0261,6.0261,6.0261,6.0261,6.0261,6.0261,6.0261,6.0261,6.0261,6.0261,6.0261,6.0261,6.0261,6.0261,6.0261,6.0261,6.0261,6.0261,6.0261,6.0261,6.0261,6.0261,6.0261,6.0261,6.0261,6.0261,6.0261,6.0261,6.0261,6.0261,6.0261,6.0261,6.0261,6.0261,6.0261,6.0261,6.0261,6.0261,6.0261,6.0261,6.0261,6.0261,6.0261,6.0261,6.0261,6.0261,6.0261,6.0261,6.0261,6.0261,6.0261,6.0261,6.0261,6.0261,6.0261,6.0261,6.0261,6.0261,6.0261,6.0261,6.0261,6.0261,6.0261,6.0261,6.0261,6.0261,6.0261,6.0261,6.0261,6.0261,6.0261,6.0261,6.0261,6.0261,6.0261,6.0261,6.0261,6.0261,6.0261,6.0261,6.0261,6.0261,6.0261,6.0261,6.0261,6.0261,6.0261,6.0261,6.0261,6.0261,6.0261,6.0261,6.0261,6.0261,6.0261,6.0261,6.0261,6.0261,6.0261,6.0261,6.0261,6.0261,6.0261,6.0261,6.0261,6.0261,6.0261,6.0261,6.0261,6.0261,6.0261,6.0261,6.0261,6.0261,6.0261,6.0261,6.0261,6.0261,6.0261,6.0261,6.0261,6.0261,6.0261,6.0261,6.0261,6.0261,6.0261,6.0261,6.0261,6.0261,6.0261,6.0261,6.0261,6.0261,6.0261,6.0261,6.0261,6.0261,6.0261,6.0261,6.0261,6.0261,6.0261,6.0261,6.0261,6.0261,6.0261,6.0261,6.0261,6.0261,6.0261,6.0261,6.0261,6.0261,6.0261,6.0261,6.0261,6.0261,6.0261,6.0261,6.0261,6.0261,6.0261,6.0261,6.0261,6.0261,6.0261,6.0261,6.0261,6.0261,6.0261,6.0261,6.0261,6.0261,6.0261,6.0261,6.0261,6.0261,6.0261,6.0261,6.0261,6.0261,6.0261,6.0261,6.0261,6.0261,6.0261,6.0261,6.0261,6.0261,6.0261,6.0261,6.0261,6.0261,6.0261,6.0261,6.0261,6.0261,6.0261,6.0261,6.0261,6.0261,6.0261,6.0261,6.0261,6.0261,6.0261,6.0261,6.0261,6.0261,6.0261,6.0261,6.0261,6.0261,6.0261,6.0261,6.0261,6.0261,6.0261,6.0261,6.0261,6.0261,6.0261,6.0261,6.0261,6.0261,6.0261,6.0261,6.0261,6.0261,6.0261,6.0261,6.0261,6.0261,6.0261,6.0261,6.0261,6.0261,6.0261,6.0261,6.0261,6.0261,6.0261,6.0261,6.0261,6.0261,6.0261,6.0261,6.0261,6.0261,6.0261,6.0261,6.0261,6.0261,6.0261,6.0261,6.0261,6.0261,6.0261,6.0261,6.0261,6.0261,6.0261,6.0261,6.0261,6.0261,6.0261,6.0261,6.0261,6.0261,6.0261,6.0261,6.0261,6.0261,6.0261,6.0261,6.0261,6.0261,6.0261
6.0219,6.0219,6.0219,6.0219,6.0219,6.0219,6.0219,6.0219,6.0219,6.0219,6.0219,6.0219,6.0219,6.0219,6.0219,6.0219,6.0219,6.0219,6.0219,6.0219,6.0219,6.0219,6.0219,6.0219,6.0219,6.0219,6.0219,6.0219,6.0219,6.0219,6.0219,6.0219,6.0219,6.0219,6.0219,6.0219,6.0219,6.0219,6.0219,6.0219,6.0219,6.0219,6.0219,6.0219,6.0219,6.0219,6.0219,6.0219,6.0219,6.0219,6.0219,6.0219,6.0219,6.0219,6.0219,6.0219,6.0219,6.0219,6.0219,6.0219,6.0219,6.0219,6.0219,6.0219,6.0219,6.0219,6.0219,6.0219,6.0219,6.0219,6.0219,6.0219,6.0219,6.0219,6.0219,6.0219,6.0219,6.0219,6.0219,6.0219,6.0219,6.0219,6.0219,6.0219,6.0219,6.0219,6.0219,6.0219,6.0219,6.0219,6.0219,6.0219,6.0219,6.0219,6.0219,6.0219,6.0219,6.0219,6.0219,6.0219,6.0219,6.0219,6.0219,6.0219,6.0219,6.0219,6.0219,6.0219,6.0219,6.0219,6.0219,6.0219,6.0219,6.0219,6.0219,6.0219,6.0219,6.0219,6.0219,6.0219,6.0219,6.0219,6.0219,6.0219,6.0219,6.0219,6.0219,6.0219,6.0219,6.0219,6.0219,6.0219,6.0219,6.0219,6.0219,6.0219,6.0219,6.0219,6.0219,6.0219,6.0219,6.0219,6.0219,6.0219,6.0219,6.0219,6.0219,6.0219,6.0219,6.0219,6.0219,6.0219,6.0219,6.0219,6.0219,6.0219,6.0219,6.0219,6.0219,6.0219,6.0219,6.0219,6.0219,6.0219,6.0219,6.0219,6.0219,6.0219,6.0219,6.0219,6.0219,6.0219,6.0219,6.0219,6.0219,6.0219,6.0219,6.0219,6.0219,6.0219,6.0219,6.0219,6.0219,6.0219,6.0219,6.0219,6.0219,6.0219,6.0219,6.0219,6.0219,6.0219,6.0219,6.0219,6.0219,6.0219,6.0219,6.0219,6.0219,6.0219,6.0219,6.0219,6.0219,6.0219,6.0219,6.0219,6.0219,6.0219,6.0219,6.0219,6.0219,6.0219,6.0219,6.0219,6.0219,6.0219,6.0219,6.0219,6.0219,6.0219,6.0219,6.0219,6.0219,6.0219,6.0219,6.0219,6.0219,6.0219,6.0219,6.0219,6.0219,6.0219,6.0219,6.0219,6.0219,6.0219,6.0219,6.0219,6.0219,6.0219,6.0219,6.0219,6.0219,6.0219,6.0219,6.0219,6.0219,6.0219,6.0219,6.0219,6.0219,6.0219,6.0219,6.0219,6.0219,6.0219,6.0219,6.0219,6.0219,6.0219,6.0219,6.0219,6.0219,6.0219,6.0219,6.0219,6.0219,6.0219,6.0219,6.0219,6.0219,6.0219,6.0219,6.0219,6.0219,6.0219,6.0219,6.0219,6.0219,6.0219,6.0219,6.0219,6.0219,6.0219,6.0219,6.0219,6.0219,6.0219,6.0219,6.0219,6.0219,6.0219,6.0219,6.0219,6.0219,6.0219,6.0219,6.0219,6.0219,6.0219,6.0219,6.0219,6.0219,6.0219,6.0219,6.0219,6.0219,6.0219,6.0219,6.0219,6.0219,6.0219,6.0219,6.0219,6.0219,6.0219,6.0219,6.0219,6.0219,6.0219,6.0219,6.0219,6.0219,6.0219,6.0219,6.0219,6.0219,6.0219,6.0219,6.0219,6.0219,6.0219,6.0219,6.0219,6.0219,6.0219,6.0219,6.0219,6.0219,6.0219,6.0219,6.0219,6.0219,6.0219,6.0219,6.0219,6.0219,6.0219,6.0219,6.0219,6.0219,6.0219,6.0219,6.0219,6.0219,6.0219,6.0219,6.0219,6.0219,6.0219,6.0219,6.0219,6.0219,6.0219,6.0219,6.0219,6.0219,6.0219,6.0219,6.0219,6.0219,6.0219,6.0219,6.0219,6.0219,6.0219,6.0219,6.0219,6.0219,6.0219,6.0219,6.0219,6.0219,6.0219,6.0219,6.0219,6.0219,6.0219,6.0219,6.0219,6.0219,6.0219,6.0219,6.0219,6.0219,6.0219,6.0219,6.0219,6.0219,6.0219,6.0219,6.0219,6.0219,6.0219,6.0219,6.0219,6.0219,6.0219,6.0219,6.0219,6.0219,6.0219,6.0219,6.0219,6.0219,6.0219,6.0219,6.0219,6.0219,6.0219,6.0219,6.0219,6.0219,6.0219,6.0219,6.0219,6.0219,6.0219,6.0219,6.0219,6.0219,6.0219,6.0219,6.0219,6.0219,6.0219,6.0219,6.0219,6.0219,6.0219,6.0219,6.0219,6.0219,6.0219,6.0219,6.0219,6.0219,6.0219,6.0219,6.0219,6.0219,6.0219,6.0219,6.0219,6.0219,6.0219,6.0219,6.0219,6.0219,6.0219,6.0219,6.0219,6.0219,6.0219,6.0219,6.0219,6.0219,6.0219,6.0219,6.0219,6.0219,6.0219,6.0219,6.0219,6.0219,6.0219,6.0219,6.0219,6.0219,6.0219,6.0219,6.0219,6.0219,6.0219,6.0219,6.0219,6.0219,6.0219,6.0219,6.0219,6.0219,6.0219,6.0219,6.0219,6.0219,6.0219,6.0219,6.0219,6.0219,6.0219,6.0219,6.0219,6.0219,6.0219,6.0219,6.0219,6.0219,6.0219,6.0219,6.0219,6.0219,6.0219,6.0219,6.0219,6.0219,6.0219,6.0219,6.0219,6.0219,6.0219,6.0219,6.0219,6.0219,6.0219,6.0219,6.0219,6.0219,6.0219,6.0219,6.0219,6.0219,6.0219,6.0219,6.0219,6.0219,6.0219,6.0219,6.0219,6.0219,6.0219,6.0219,6.0219,6.0219,6.0219,6.0219,6.0219,6.0219,6.0219,6.0219,6.0219,6.0219,6.0219,6.0219,6.0219,6.0219,6.0219,6.0219,6.0219,6.0219,6.0219,6.0219,6.0219,6.0219,6.0219,6.0219,6.0219,6.0219,6.0219,6.0219,6.0219,6.0219,6.0219,6.0219,6.0219,6.0219,6.0219,6.0219,6.0219,6.0219,6.0219,6.0219,6.0219,6.0219,6.0219,6.0219,6.0219,6.0219,6.0219,6.0219,6.0219,6.0219,6.0219,6.0219,6.0219,6.0219,6.0219,6.0219,6.0219,6.0219,6.0219,6.0219,6.0219,6.0219,6.0219,6.0219,6.0219,6.0219,6.0219,6.0219,6.0219,6.0219,6.0219,6.0219,6.0219,6.0219,6.0219,6.0219,6.0219,6.0219,6.0219,6.0219,6.0219,6.0219,6.0219,6.0219,6.0219,6.0219,6.0219,6.0219,6.0219,6.0219,6.0219,6.0219,6.0219,6.0219,6.0219,6.0219,6.0219,6.0219,6.0219,6.0219,6.0219,6.0219,6.0219,6.0219,6.0219,6.0219,6.0219,6.0219,6.0219,6.0219,6.0219,6.0219,6.0219,6.0219,6.0219,6.0219,6.0219,6.0219,6.0219,6.0219,6.0219,6.0219,6.0219,6.0219,6.0219,6.0219,6.0219,6.0219,6.0219,6.0219,6.0219,6.0219,6.0219,6.0219,6.0219,6.0219,6.0219,6.0219,6.0219,6.0219,6.0219,6.0219,6.0219,6.0219,6.0219,6.0219,6.0219,6.0219,6.0219,6.0219,6.0219,6.0219,6.0219,6.0219,6.0219,6.0219,6.0219,6.0219,6.0219,6.0219,6.0219,6.0219,6.0219,6.0219,6.0219,6.0219,6.0219,6.0219,6.0219,6.0219,6.0219,6.0219,6.0219,6.0219,6.0219,6.0219,6.0219,6.0219,6.0219,6.0219,6.0219,6.0219,6.0219,6.0219,6.0219,6.0219,6.0219,6.0219,6.0219,6.0219,6.0219,6.0219,6.0219,6.0219,6.0219,6.0219,6.0219,6.0219,6.0219,6.0219,6.0219,6.0219,6.0219,6.0219,6.0219,6.0219,6.0219,6.0219,6.0219,6.0219,6.0219,6.0219,6.0219,6.0219,6.0219,6.0219,6.0219,6.0219,6.0219,6.0219,6.0219,6.0219,6.0219,6.0219,6.0219,6.0219,6.0219,6.0219,6.0219,6.0219,6.0219,6.0219,6.0219,6.0219,6.0219,6.0219,6.0219,6.0219,6.0219,6.0219,6.0219,6.0219,6.0219,6.0219,6.0219,6.0219,6.0219,6.0219,6.0219,6.0219,6.0219,6.0219,6.0219,6.0219,6.0219,6.0219,6.0219,6.0219,6.0219,6.0219,6.0219,6.0219,6.0219,6.0219,6.0219,6.0219,6.0219,6.0219,6.0219,6.0219,6.0219,6.0219,6.0219,6.0219,6.0219,6.0219,6.0219,6.0219,6.0219,6.0219,6.0219,6.0219,6.0219,6.0219,6.0219,6.0219,6.0219,6.0219,6.0219,6.0219,6.0219,6.0219,6.0219,6.0219,6.0219,6.0219,6.0219,6.0219,6.0219,6.0219,6.0219,6.0219,6.0219,6.0219,6.0219,6.0219,6.0219,6.0219,6.0219,6.0219,6.0219,6.0219,6.0219,6.0219,6.0219,6.0219,6.0219,6.0219,6.0219,6.0219,6.0219,6.0219,6.0219,6.0219,6.0219,6.0219,6.0219,6.0219,6.0219,6.0219,6.0219,6.0219,6.0219,6.0219,6.0219,6.0219,6.0219,6.0219,6.0219,6.0219,6.0219,6.0219,6.0219,6.0219,6.0219,6.0219,6.0219,6.0219,6.0219,6.0219,6.0219,6.0219,6.0219,6.0219,6.0219,6.0219,6.0219,6.0219,6.0219,6.0219,6.0219,6.0219,6.0219,6.0219,6.0219,6.0219,6.0219,6.0219,6.0219,6.0219,6.0219,6.0219,6.0219,6.0219,6.0219,6.0219,6.0219,6.0219,6.0219,6.0219,6.0219,6.0219,6.0219,6.0219,6.0219,6.0219,6.0219,6.0219,6.0219,6.0219,6.0219,6.0219,6.0219,6.0219,6.0219,6.0219,6.0219,6.0219,6.0219,6.0219,6.0219,6.0219,6.0219,6.0219,6.0219,6.0219,6.0219,6.0219,6.0219,6.0219,6.0219,6.0219,6.0219,6.0219,6.0219,6.0219,6.0219,6.0219,6.0219
6.0178,6.0178,6.0178,6.0178,6.0178,6.0178,6.0178,6.0178,6.0178,6.0178,6.0178,6.0178,6.0178,6.0178,6.0178,6.0178,6.0178,6.0178,6.0178,6.0178,6.0178,6.0178,6.0178,6.0178,6.0178,6.0178,6.0178,6.0178,6.0178,6.0178,6.0178,6.0178,6.0178,6.0178,6.0178,6.0178,6.0178,6.0178,6.0178,6.0178,6.0178,6.0178,6.0178,6.0178,6.0178,6.0178,6.0178,6.0178,6.0178,6.0178,6.0178,6.0178,6.0178,6.0178,6.0178,6.0178,6.0178,6.0178,6.0178,6.0178,6.0178,6.0178,6.0178,6.0178,6.0178,6.0178,6.0178,6.0178,6.0178,6.0178,6.0178,6.0178,6.0178,6.0178,6.0178,6.0178,6.0178,6.0178,6.0178,6.0178,6.0178,6.0178,6.0178,6.0178,6.0178,6.0178,6.0178,6.0178,6.0178,6.0178,6.0178,6.0178,6.0178,6.0178,6.0178,6.0178,6.0178,6.0178,6.0178,6.0178,6.0178,6.0178,6.0178,6.0178,6.0178,6.0178,6.0178,6.0178,6.0178,6.0178,6.0178,6.0178,6.0178,6.0178,6.0178,6.0178,6.0178,6.0178,6.0178,6.0178,6.0178,6.0178,6.0178,6.0178,6.0178,6.0178,6.0178,6.0178,6.0178,6.0178,6.0178,6.0178,6.0178,6.0178,6.0178,6.0178,6.0178,6.0178,6.0178,6.0178,6.0178,6.0178,6.0178,6.0178,6.0178,6.0178,6.0178,6.0178,6.0178,6.0178,6.0178,6.0178,6.0178,6.0178,6.0178,6.0178,6.0178,6.0178,6.0178,6.0178,6.0178,6.0178,6.0178,6.0178,6.0178,6.0178,6.0178,6.0178,6.0178,6.0178,6.0178,6.0178,6.0178,6.0178,6.0178,6.0178,6.0178,6.0178,6.0178,6.0178,6.0178,6.0178,6.0178,6.0178,6.0178,6.0178,6.0178,6.0178,6.0178,6.0178,6.0178,6.0178,6.0178,6.0178,6.0178,6.0178,6.0178,6.0178,6.0178,6.0178,6.0178,6.0178,6.0178,6.0178,6.0178,6.0178,6.0178,6.0178,6.0178,6.0178,6.0178,6.0178,6.0178,6.0178,6.0178,6.0178,6.0178,6.0178,6.0178,6.0178,6.0178,6.0178,6.0178,6.0178,6.0178,6.0178,6.0178,6.0178,6.0178,6.0178,6.0178,6.0178,6.0178,6.0178,6.0178,6.0178,6.0178,6.0178,6.0178,6.0178,6.0178,6.0178,6.0178,6.0178,6.0178,6.0178,6.0178,6.0178,6.0178,6.0178,6.0178,6.0178,6.0178,6.0178,6.0178,6.0178,6.0178,6.0178,6.0178,6.0178,6.0178,6.0178,6.0178,6.0178,6.0178,6.0178,6.0178,6.0178,6.0178,6.0178,6.0178,6.0178,6.0178,6.0178,6.0178,6.0178,6.0178,6.0178,6.0178,6.0178,6.0178,6.0178,6.0178,6.0178,6.0178,6.0178,6.0178,6.0178,6.0178,6.0178,6.0178,6.0178,6.0178,6.0178,6.0178,6.0178,6.0178,6.0178,6.0178,6.0178,6.0178,6.0178,6.0178,6.0178,6.0178,6.0178,6.0178,6.0178,6.0178,6.0178,6.0178,6.0178,6.0178,6.0178,6.0178,6.0178,6.0178,6.0178,6.0178,6.0178,6.0178,6.0178,6.0178,6.0178,6.0178,6.0178,6.0178,6.0178,6.0178,6.0178,6.0178,6.0178,6.0178,6.0178,6.0178,6.0178,6.0178,6.0178,6.0178,6.0178,6.0178,6.0178,6.0178,6.0178,6.0178,6.0178,6.0178,6.0178,6.0178,6.0178,6.0178,6.0178,6.0178,6.0178,6.0178,6.0178,6.0178,6.0178,6.0178,6.0178,6.0178,6.0178,6.0178,6.0178,6.0178,6.0178,6.0178,6.0178,6.0178,6.0178,6.0178,6.0178,6.0178,6.0178,6.0178,6.0178,6.0178,6.0178,6.0178,6.0178,6.0178,6.0178,6.0178,6.0178,6.0178,6.0178,6.0178,6.0178,6.0178,6.0178,6.0178,6.0178,6.0178,6.0178,6.0178,6.0178,6.0178,6.0178,6.0178,6.0178,6.0178,6.0178,6.0178,6.0178,6.0178,6.0178,6.0178,6.0178,6.0178,6.0178,6.0178,6.0178,6.0178,6.0178,6.0178,6.0178,6.0178,6.0178,6.0178,6.0178,6.0178,6.0178,6.0178,6.0178,6.0178,6.0178,6.0178,6.0178,6.0178,6.0178,6.0178,6.0178,6.0178,6.0178,6.0178,6.0178,6.0178,6.0178,6.0178,6.0178,6.0178,6.0178,6.0178,6.0178,6.0178,6.0178,6.0178,6.0178,6.0178,6.0178,6.0178,6.0178,6.0178,6.0178,6.0178,6.0178,6.0178,6.0178,6.0178,6.0178,6.0178,6.0178,6.0178,6.0178,6.0178,6.0178,6.0178,6.0178,6.0178,6.0178,6.0178,6.0178,6.0178,6.0178,6.0178,6.0178,6.0178,6.0178,6.0178,6.0178,6.0178,6.0178,6.0178,6.0178,6.0178,6.0178,6.0178,6.0178,6.0178,6.0178,6.0178,6.0178,6.0178,6.0178,6.0178,6.0178,6.0178,6.0178,6.0178,6.0178,6.0178,6.0178,6.0178,6.0178,6.0178,6.0178,6.0178,6.0178,6.0178,6.0178,6.0178,6.0178,6.0178,6.0178,6.0178,6.0178,6.0178,6.0178,6.0178,6.0178,6.0178,6.0178,6.0178,6.0178,6.0178,6.0178,6.0178,6.0178,6.0178,6.0178,6.0178,6.0178,6.0178,6.0178,6.0178,6.0178,6.0178,6.0178,6.0178,6.0178,6.0178,6.0178,6.0178,6.0178,6.0178,6.0178,6.0178,6.0178,6.0178,6.0178,6.0178,6.0178,6.0178,6.0178,6.0178,6.0178,6.0178,6.0178,6.0178,6.0178,6.0178,6.0178,6.0178,6.0178,6.0178,6.0178,6.0178,6.0178,6.0178,6.0178,6.0178,6.0178,6.0178,6.0178,6.0178,6.0178,6.0178,6.0178,6.0178,6.0178,6.0178,6.0178,6.0178,6.0178,6.0178,6.0178,6.0178,6.0178,6.0178,6.0178,6.0178,6.0178,6.0178,6.0178,6.0178,6.0178,6.0178,6.0178,6.0178,6.0178,6.0178,6.0178,6.0178,6.0178,6.0178,6.0178,6.0178,6.0178,6.0178,6.0178,6.0178,6.0178,6.0178,6.0178,6.0178,6.0178,6.0178,6.0178,6.0178,6.0178,6.0178,6.0178,6.0178,6.0178,6.0178,6.0178,6.0178,6.0178,6.0178,6.0178,6.0178,6.0178,6.0178,6.0178,6.0178,6.0178,6.0178,6.0178,6.0178,6.0178,6.0178,6.0178,6.0178,6.0178,6.0178,6.0178,6.0178,6.0178,6.0178,6.0178,6.0178,6.0178,6.0178,6.0178,6.0178,6.0178,6.0178,6.0178,6.0178,6.0178,6.0178,6.0178,6.0178,6.0178,6.0178,6.0178,6.0178,6.0178,6.0178,6.0178,6.0178,6.0178,6.0178,6.0178,6.0178,6.0178,6.0178,6.0178,6.0178,6.0178,6.0178,6.0178,6.0178,6.0178,6.0178,6.0178,6.0178,6.0178,6.0178,6.0178,6.0178,6.0178,6.0178,6.0178,6.0178,6.0178,6.0178,6.0178,6.0178,6.0178,6.0178,6.0178,6.0178,6.0178,6.0178,6.0178,6.0178,6.0178,6.0178,6.0178,6.0178,6.0178,6.0178,6.0178,6.0178,6.0178,6.0178,6.0178,6.0178,6.0178,6.0178,6.0178,6.0178,6.0178,6.0178,6.0178,6.0178,6.0178,6.0178,6.0178,6.0178,6.0178,6.0178,6.0178,6.0178,6.0178,6.0178,6.0178,6.0178,6.0178,6.0178,6.0178,6.0178,6.0178,6.0178,6.0178,6.0178,6.0178,6.0178,6.0178,6.0178,6.0178,6.0178,6.0178,6.0178,6.0178,6.0178,6.0178,6.0178,6.0178,6.0178,6.0178,6.0178,6.0178,6.0178,6.0178,6.0178,6.0178,6.0178,6.0178,6.0178,6.0178,6.0178,6.0178,6.0178,6.0178,6.0178,6.0178,6.0178,6.0178,6.0178,6.0178,6.0178,6.0178,6.0178,6.0178,6.0178,6.0178,6.0178,6.0178,6.0178,6.0178,6.0178,6.0178,6.0178,6.0178,6.0178,6.0178,6.0178,6.0178,6.0178,6.0178,6.0178,6.0178,6.0178,6.0178,6.0178,6.0178,6.0178,6.0178,6.0178,6.0178,6.0178,6.0178,6.0178,6.0178,6.0178,6.0178,6.0178,6.0178,6.0178,6.0178,6.0178,6.0178,6.0178,6.0178,6.0178,6.0178,6.0178,6.0178,6.0178,6.0178,6.0178,6.0178,6.0178,6.0178,6.0178,6.0178,6.0178,6.0178,6.0178,6.0178,6.0178,6.0178,6.0178,6.0178,6.0178,6.0178,6.0178,6.0178,6.0178,6.0178,6.0178,6.0178,6.0178,6.0178,6.0178,6.0178,6.0178,6.0178,6.0178,6.0178,6.0178,6.0178,6.0178,6.0178,6.0178,6.0178,6.0178,6.0178,6.0178,6.0178,6.0178,6.0178,6.0178,6.0178,6.0178,6.0178,6.0178,6.0178,6.0178,6.0178,6.0178,6.0178,6.0178,6.0178,6.0178,6.0178,6.0178,6.0178,6.0178,6.0178,6.0178,6.0178,6.0178,6.0178,6.0178,6.0178,6.0178,6.0178,6.0178,6.0178,6.0178,6.0178,6.0178,6.0178,6.0178,6.0178,6.0178,6.0178,6.0178,6.0178,6.0178,6.0178,6.0178,6.0178,6.0178,6.0178,6.0178,6.0178,6.0178,6.0178,6.0178,6.0178,6.0178,6.0178,6.0178,6.0178,6.0178,6.0178,6.0178,6.0178,6.0178,6.0178,6.0178,6.0178,6.0178,6.0178,6.0178,6.0178,6.0178,6.0178,6.0178,6.0178,6.0178,6.0178,6.0178,6.0178,6.0178,6.0178,6.0178,6.0178,6.0178,6.0178,6.0178,6.0178,6.0178,6.0178,6.0178,6.0178
6.0138,6.0138,6.0138,6.0138,6.0138,6.0138,6.0138,6.0138,6.0138,6.0138,6.0138,6.0138,6.0138,6.0138,6.0138,6.0138,6.0138,6.0138,6.0138,6.0138,6.0138,6.0138,6.0138,6.0138,6.0138,6.0138,6.0138,6.0138,6.0138,6.0138,6.0138,6.0138,6.0138,6.0138,6.0138,6.0138,6.0138,6.0138,6.0138,6.0138,6.0138,6.0138,6.0138,6.0138,6.0138,6.0138,6.0138,6.0138,6.0138,6.0138,6.0138,6.0138,6.0138,6.0138,6.0138,6.0138,6.0138,6.0138,6.0138,6.0138,6.0138,6.0138,6.0138,6.0138,6.0138,6.0138,6.0138,6.0138,6.0138,6.0138,6.0138,6.0138,6.0138,6.0138,6.0138,6.0138,6.0138,6.0138,6.0138,6.0138,6.0138,6.0138,6.0138,6.0138,6.0138,6.0138,6.0138,6.0138,6.0138,6.0138,6.0138,6.0138,6.0138,6.0138,6.0138,6.0138,6.0138,6.0138,6.0138,6.0138,6.0138,6.0138,6.0138,6.0138,6.0138,6.0138,6.0138,6.0138,6.0138,6.0138,6.0138,6.0138,6.0138,6.0138,6.0138,6.0138,6.0138,6.0138,6.0138,6.0138,6.0138,6.0138,6.0138,6.0138,6.0138,6.0138,6.0138,6.0138,6.0138,6.0138,6.0138,6.0138,6.0138,6.0138,6.0138,6.0138,6.0138,6.0138,6.0138,6.0138,6.0138,6.0138,6.0138,6.0138,6.0138,6.0138,6.0138,6.0138,6.0138,6.0138,6.0138,6.0138,6.0138,6.0138,6.0138,6.0138,6.0138,6.0138,6.0138,6.0138,6.0138,6.0138,6.0138,6.0138,6.0138,6.0138,6.0138,6.0138,6.0138,6.0138,6.0138,6.0138,6.0138,6.0138,6.0138,6.0138,6.0138,6.0138,6.0138,6.0138,6.0138,6.0138,6.0138,6.0138,6.0138,6.0138,6.0138,6.0138,6.0138,6.0138,6.0138,6.0138,6.0138,6.0138,6.0138,6.0138,6.0138,6.0138,6.0138,6.0138,6.0138,6.0138,6.0138,6.0138,6.0138,6.0138,6.0138,6.0138,6.0138,6.0138,6.0138,6.0138,6.0138,6.0138,6.0138,6.0138,6.0138,6.0138,6.0138,6.0138,6.0138,6.0138,6.0138,6.0138,6.0138,6.0138,6.0138,6.0138,6.0138,6.0138,6.0138,6.0138,6.0138,6.0138,6.0138,6.0138,6.0138,6.0138,6.0138,6.0138,6.0138,6.0138,6.0138,6.0138,6.0138,6.0138,6.0138,6.0138,6.0138,6.0138,6.0138,6.0138,6.0138,6.0138,6.0138,6.0138,6.0138,6.0138,6.0138,6.0138,6.0138,6.0138,6.0138,6.0138,6.0138,6.0138,6.0138,6.0138,6.0138,6.0138,6.0138,6.0138,6.0138,6.0138,6.0138,6.0138,6.0138,6.0138,6.0138,6.0138,6.0138,6.0138,6.0138,6.0138,6.0138,6.0138,6.0138,6.0138,6.0138,6.0138,6.0138,6.0138,6.0138,6.0138,6.0138,6.0138,6.0138,6.0138,6.0138,6.0138,6.0138,6.0138,6.0138,6.0138,6.0138,6.0138,6.0138,6.0138,6.0138,6.0138,6.0138,6.0138,6.0138,6.0138,6.0138,6.0138,6.0138,6.0138,6.0138,6.0138,6.0138,6.0138,6.0138,6.0138,6.0138,6.0138,6.0138,6.0138,6.0138,6.0138,6.0138,6.0138,6.0138,6.0138,6.0138,6.0138,6.0138,6.0138,6.0138,6.0138,6.0138,6.0138,6.0138,6.0138,6.0138,6.0138,6.0138,6.0138,6.0138,6.0138,6.0138,6.0138,6.0138,6.0138,6.0138,6.0138,6.0138,6.0138,6.0138,6.0138,6.0138,6.0138,6.0138,6.0138,6.0138,6.0138,6.0138,6.0138,6.0138,6.0138,6.0138,6.0138,6.0138,6.0138,6.0138,6.0138,6.0138,6.0138,6.0138,6.0138,6.0138,6.0138,6.0138,6.0138,6.0138,6.0138,6.0138,6.0138,6.0138,6.0138,6.0138,6.0138,6.0138,6.0138,6.0138,6.0138,6.0138,6.0138,6.0138,6.0138,6.0138,6.0138,6.0138,6.0138,6.0138,6.0138,6.0138,6.0138,6.0138,6.0138,6.0138,6.0138,6.0138,6.0138,6.0138,6.0138,6.0138,6.0138,6.0138,6.0138,6.0138,6.0138,6.0138,6.0138,6.0138,6.0138,6.0138,6.0138,6.0138,6.0138,6.0138,6.0138,6.0138,6.0138,6.0138,6.0138,6.0138,6.0138,6.0138,6.0138,6.0138,6.0138,6.0138,6.0138,6.0138,6.0138,6.0138,6.0138,6.0138,6.0138,6.0138,6.0138,6.0138,6.0138,6.0138,6.0138,6.0138,6.0138,6.0138,6.0138,6.0138,6.0138,6.0138,6.0138,6.0138,6.0138,6.0138,6.0138,6.0138,6.0138,6.0138,6.0138,6.0138,6.0138,6.0138,6.0138,6.0138,6.0138,6.0138,6.0138,6.0138,6.0138,6.0138,6.0138,6.0138,6.0138,6.0138,6.0138,6.0138,6.0138,6.0138,6.0138,6.0138,6.0138,6.0138,6.0138,6.0138,6.0138,6.0138,6.0138,6.0138,6.0138,6.0138,6.0138,6.0138,6.0138,6.0138,6.0138,6.0138,6.0138,6.0138,6.0138,6.0138,6.0138,6.0138,6.0138,6.0138,6.0138,6.0138,6.0138,6.0138,6.0138,6.0138,6.0138,6.0138,6.0138,6.0138,6.0138,6.0138,6.0138,6.0138,6.0138,6.0138,6.0138,6.0138,6.0138,6.0138,6.0138,6.0138,6.0138,6.0138,6.0138,6.0138,6.0138,6.0138,6.0138,6.0138,6.0138,6.0138,6.0138,6.0138,6.0138,6.0138,6.0138,6.0138,6.0138,6.0138,6.0138,6.0138,6.0138,6.0138,6.0138,6.0138,6.0138,6.0138,6.0138,6.0138,6.0138,6.0138,6.0138,6.0138,6.0138,6.0138,6.0138,6.0138,6.0138,6.0138,6.0138,6.0138,6.0138,6.0138,6.0138,6.0138,6.0138,6.0138,6.0138,6.0138,6.0138,6.0138,6.0138,6.0138,6.0138,6.0138,6.0138,6.0138,6.0138,6.0138,6.0138,6.0138,6.0138,6.0138,6.0138,6.0138,6.0138,6.0138,6.0138,6.0138,6.0138,6.0138,6.0138,6.0138,6.0138,6.0138,6.0138,6.0138,6.0138,6.0138,6.0138,6.0138,6.0138,6.0138,6.0138,6.0138,6.0138,6.0138,6.0138,6.0138,6.0138,6.0138,6.0138,6.0138,6.0138,6.0138,6.0138,6.0138,6.0138,6.0138,6.0138,6.0138,6.0138,6.0138,6.0138,6.0138,6.0138,6.0138,6.0138,6.0138,6.0138,6.0138,6.0138,6.0138,6.0138,6.0138,6.0138,6.0138,6.0138,6.0138,6.0138,6.0138,6.0138,6.0138,6.0138,6.0138,6.0138,6.0138,6.0138,6.0138,6.0138,6.0138,6.0138,6.0138,6.0138,6.0138,6.0138,6.0138,6.0138,6.0138,6.0138,6.0138,6.0138,6.0138,6.0138,6.0138,6.0138,6.0138,6.0138,6.0138,6.0138,6.0138,6.0138,6.0138,6.0138,6.0138,6.0138,6.0138,6.0138,6.0138,6.0138,6.0138,6.0138,6.0138,6.0138,6.0138,6.0138,6.0138,6.0138,6.0138,6.0138,6.0138,6.0138,6.0138,6.0138,6.0138,6.0138,6.0138,6.0138,6.0138,6.0138,6.0138,6.0138,6.0138,6.0138,6.0138,6.0138,6.0138,6.0138,6.0138,6.0138,6.0138,6.0138,6.0138,6.0138,6.0138,6.0138,6.0138,6.0138,6.0138,6.0138,6.0138,6.0138,6.0138,6.0138,6.0138,6.0138,6.0138,6.0138,6.0138,6.0138,6.0138,6.0138,6.0138,6.0138,6.0138,6.0138,6.0138,6.0138,6.0138,6.0138,6.0138,6.0138,6.0138,6.0138,6.0138,6.0138,6.0138,6.0138,6.0138,6.0138,6.0138,6.0138,6.0138,6.0138,6.0138,6.0138,6.0138,6.0138,6.0138,6.0138,6.0138,6.0138,6.0138,6.0138,6.0138,6.0138,6.0138,6.0138,6.0138,6.0138,6.0138,6.0138,6.0138,6.0138,6.0138,6.0138,6.0138,6.0138,6.0138,6.0138,6.0138,6.0138,6.0138,6.0138,6.0138,6.0138,6.0138,6.0138,6.0138,6.0138,6.0138,6.0138,6.0138,6.0138,6.0138,6.0138,6.0138,6.0138,6.0138,6.0138,6.0138,6.0138,6.0138,6.0138,6.0138,6.0138,6.0138,6.0138,6.0138,6.0138,6.0138,6.0138,6.0138,6.0138,6.0138,6.0138,6.0138,6.0138,6.0138,6.0138,6.0138,6.0138,6.0138,6.0138,6.0138,6.0138,6.0138,6.0138,6.0138,6.0138,6.0138,6.0138,6.0138,6.0138,6.0138,6.0138,6.0138,6.0138,6.0138,6.0138,6.0138,6.0138,6.0138,6.0138,6.0138,6.0138,6.0138,6.0138,6.0138,6.0138,6.0138,6.0138,6.0138,6.0138,6.0138,6.0138,6.0138,6.0138,6.0138,6.0138,6.0138,6.0138,6.0138,6.0138,6.0138,6.0138,6.0138,6.0138,6.0138,6.0138,6.0138,6.0138,6.0138,6.0138,6.0138,6.0138,6.0138,6.0138,6.0138,6.0138,6.0138,6.0138,6.0138,6.0138,6.0138,6.0138,6.0138,6.0138,6.0138,6.0138,6.0138,6.0138,6.0138,6.0138,6.0138,6.0138,6.0138,6.0138,6.0138,6.0138,6.0138,6.0138,6.0138,6.0138,6.0138,6.0138,6.0138,6.0138,6.0138,6.0138,6.0138,6.0138,6.0138,6.0138,6.0138,6.0138,6.0138,6.0138,6.0138,6.0138,6.0138,6.0138,6.0138,6.0138,6.0138,6.0138,6.0138,6.0138,6.0138,6.0138,6.0138,6.0138,6.0138,6.0138,6.0138,6.0138,6.0138,6.0138,6.0138,6.0138,6.0138,6.0138
6.0099,6.0099,6.0099,6.0099,6.0099,6.0099,6.0099,6.0099,6.0099,6.0099,6.0099,6.0099,6.0099,6.0099,6.0099,6.0099,6.0099,6.0099,6.0099,6.0099,6.0099,6.0099,6.0099,6.0099,6.0099,6.0099,6.0099,6.0099,6.0099,6.0099,6.0099,6.0099,6.0099,6.0099,6.0099,6.0099,6.0099,6.0099,6.0099,6.0099,6.0099,6.0099,6.0099,6.0099,6.0099,6.0099,6.0099,6.0099,6.0099,6.0099,6.0099,6.0099,6.0099,6.0099,6.0099,6.0099,6.0099,6.0099,6.0099,6.0099,6.0099,6.0099,6.0099,6.0099,6.0099,6.0099,6.0099,6.0099,6.0099,6.0099,6.0099,6.0099,6.0099,6.0099,6.0099,6.0099,6.0099,6.0099,6.0099,6.0099,6.0099,6.0099,6.0099,6.0099,6.0099,6.0099,6.0099,6.0099,6.0099,6.0099,6.0099,6.0099,6.0099,6.0099,6.0099,6.0099,6.0099,6.0099,6.0099,6.0099,6.0099,6.0099,6.0099,6.0099,6.0099,6.0099,6.0099,6.0099,6.0099,6.0099,6.0099,6.0099,6.0099,6.0099,6.0099,6.0099,6.0099,6.0099,6.0099,6.0099,6.0099,6.0099,6.0099,6.0099,6.0099,6.0099,6.0099,6.0099,6.0099,6.0099,6.0099,6.0099,6.0099,6.0099,6.0099,6.0099,6.0099,6.0099,6.0099,6.0099,6.0099,6.0099,6.0099,6.0099,6.0099,6.0099,6.0099,6.0099,6.0099,6.0099,6.0099,6.0099,6.0099,6.0099,6.0099,6.0099,6.0099,6.0099,6.0099,6.0099,6.0099,6.0099,6.0099,6.0099,6.0099,6.0099,6.0099,6.0099,6.0099,6.0099,6.0099,6.0099,6.0099,6.0099,6.0099,6.0099,6.0099,6.0099,6.0099,6.0099,6.0099,6.0099,6.0099,6.0099,6.0099,6.0099,6.0099,6.0099,6.0099,6.0099,6.0099,6.0099,6.0099,6.0099,6.0099,6.0099,6.0099,6.0099,6.0099,6.0099,6.0099,6.0099,6.0099,6.0099,6.0099,6.0099,6.0099,6.0099,6.0099,6.0099,6.0099,6.0099,6.0099,6.0099,6.0099,6.0099,6.0099,6.0099,6.0099,6.0099,6.0099,6.0099,6.0099,6.0099,6.0099,6.0099,6.0099,6.0099,6.0099,6.0099,6.0099,6.0099,6.0099,6.0099,6.0099,6.0099,6.0099,6.0099,6.0099,6.0099,6.0099,6.0099,6.0099,6.0099,6.0099,6.0099,6.0099,6.0099,6.0099,6.0099,6.0099,6.0099,6.0099,6.0099,6.0099,6.0099,6.0099,6.0099,6.0099,6.0099,6.0099,6.0099,6.0099,6.0099,6.0099,6.0099,6.0099,6.0099,6.0099,6.0099,6.0099,6.0099,6.0099,6.0099,6.0099,6.0099,6.0099,6.0099,6.0099,6.0099,6.0099,6.0099,6.0099,6.0099,6.0099,6.0099,6.0099,6.0099,6.0099,6.0099,6.0099,6.0099,6.0099,6.0099,6.0099,6.0099,6.0099,6.0099,6.0099,6.0099,6.0099,6.0099,6.0099,6.0099,6.0099,6.0099,6.0099,6.0099,6.0099,6.0099,6.0099,6.0099,6.0099,6.0099,6.0099,6.0099,6.0099,6.0099,6.0099,6.0099,6.0099,6.0099,6.0099,6.0099,6.0099,6.0099,6.0099,6.0099,6.0099,6.0099,6.0099,6.0099,6.0099,6.0099,6.0099,6.0099,6.0099,6.0099,6.0099,6.0099,6.0099,6.0099,6.0099,6.0099,6.0099,6.0099,6.0099,6.0099,6.0099,6.0099,6.0099,6.0099,6.0099,6.0099,6.0099,6.0099,6.0099,6.0099,6.0099,6.0099,6.0099,6.0099,6.0099,6.0099,6.0099,6.0099,6.0099,6.0099,6.0099,6.0099,6.0099,6.0099,6.0099,6.0099,6.0099,6.0099,6.0099,6.0099,6.0099,6.0099,6.0099,6.0099,6.0099,6.0099,6.0099,6.0099,6.0099,6.0099,6.0099,6.0099,6.0099,6.0099,6.0099,6.0099,6.0099,6.0099,6.0099,6.0099,6.0099,6.0099,6.0099,6.0099,6.0099,6.0099,6.0099,6.0099,6.0099,6.0099,6.0099,6.0099,6.0099,6.0099,6.0099,6.0099,6.0099,6.0099,6.0099,6.0099,6.0099,6.0099,6.0099,6.0099,6.0099,6.0099,6.0099,6.0099,6.0099,6.0099,6.0099,6.0099,6.0099,6.0099,6.0099,6.0099,6.0099,6.0099,6.0099,6.0099,6.0099,6.0099,6.0099,6.0099,6.0099,6.0099,6.0099,6.0099,6.0099,6.0099,6.0099,6.0099,6.0099,6.0099,6.0099,6.0099,6.0099,6.0099,6.0099,6.0099,6.0099,6.0099,6.0099,6.0099,6.0099,6.0099,6.0099,6.0099,6.0099,6.0099,6.0099,6.0099,6.0099,6.0099,6.0099,6.0099,6.0099,6.0099,6.0099,6.0099,6.0099,6.0099,6.0099,6.0099,6.0099,6.0099,6.0099,6.0099,6.0099,6.0099,6.0099,6.0099,6.0099,6.0099,6.0099,6.0099,6.0099,6.0099,6.0099,6.0099,6.0099,6.0099,6.0099,6.0099,6.0099,6.0099,6.0099,6.0099,6.0099,6.0099,6.0099,6.0099,6.0099,6.0099,6.0099,6.0099,6.0099,6.0099,6.0099,6.0099,6.0099,6.0099,6.0099,6.0099,6.0099,6.0099,6.0099,6.0099,6.0099,6.0099,6.0099,6.0099,6.0099,6.0099,6.0099,6.0099,6.0099,6.0099,6.0099,6.0099,6.0099,6.0099,6.0099,6.0099,6.0099,6.0099,6.0099,6.0099,6.0099,6.0099,6.0099,6.0099,6.0099,6.0099,6.0099,6.0099,6.0099,6.0099,6.0099,6.0099,6.0099,6.0099,6.0099,6.0099,6.0099,6.0099,6.0099,6.0099,6.0099,6.0099,6.0099,6.0099,6.0099,6.0099,6.0099,6.0099,6.0099,6.0099,6.0099,6.0099,6.0099,6.0099,6.0099,6.0099,6.0099,6.0099,6.0099,6.0099,6.0099,6.0099,6.0099,6.0099,6.0099,6.0099,6.0099,6.0099,6.0099,6.0099,6.0099,6.0099,6.0099,6.0099,6.0099,6.0099,6.0099,6.0099,6.0099,6.0099,6.0099,6.0099,6.0099,6.0099,6.0099,6.0099,6.0099,6.0099,6.0099,6.0099,6.0099,6.0099,6.0099,6.0099,6.0099,6.0099,6.0099,6.0099,6.0099,6.0099,6.0099,6.0099,6.0099,6.0099,6.0099,6.0099,6.0099,6.0099,6.0099,6.0099,6.0099,6.0099,6.0099,6.0099,6.0099,6.0099,6.0099,6.0099,6.0099,6.0099,6.0099,6.0099,6.0099,6.0099,6.0099,6.0099,6.0099,6.0099,6.0099,6.0099,6.0099,6.0099,6.0099,6.0099,6.0099,6.0099,6.0099,6.0099,6.0099,6.0099,6.0099,6.0099,6.0099,6.0099,6.0099,6.0099,6.0099,6.0099,6.0099,6.0099,6.0099,6.0099,6.0099,6.0099,6.0099,6.0099,6.0099,6.0099,6.0099,6.0099,6.0099,6.0099,6.0099,6.0099,6.0099,6.0099,6.0099,6.0099,6.0099,6.0099,6.0099,6.0099,6.0099,6.0099,6.0099,6.0099,6.0099,6.0099,6.0099,6.0099,6.0099,6.0099,6.0099,6.0099,6.0099,6.0099,6.0099,6.0099,6.0099,6.0099,6.0099,6.0099,6.0099,6.0099,6.0099,6.0099,6.0099,6.0099,6.0099,6.0099,6.0099,6.0099,6.0099,6.0099,6.0099,6.0099,6.0099,6.0099,6.0099,6.0099,6.0099,6.0099,6.0099,6.0099,6.0099,6.0099,6.0099,6.0099,6.0099,6.0099,6.0099,6.0099,6.0099,6.0099,6.0099,6.0099,6.0099,6.0099,6.0099,6.0099,6.0099,6.0099,6.0099,6.0099,6.0099,6.0099,6.0099,6.0099,6.0099,6.0099,6.0099,6.0099,6.0099,6.0099,6.0099,6.0099,6.0099,6.0099,6.0099,6.0099,6.0099,6.0099,6.0099,6.0099,6.0099,6.0099,6.0099,6.0099,6.0099,6.0099,6.0099,6.0099,6.0099,6.0099,6.0099,6.0099,6.0099,6.0099,6.0099,6.0099,6.0099,6.0099,6.0099,6.0099,6.0099,6.0099,6.0099,6.0099,6.0099,6.0099,6.0099,6.0099,6.0099,6.0099,6.0099,6.0099,6.0099,6.0099,6.0099,6.0099,6.0099,6.0099,6.0099,6.0099,6.0099,6.0099,6.0099,6.0099,6.0099,6.0099,6.0099,6.0099,6.0099,6.0099,6.0099,6.0099,6.0099,6.0099,6.0099,6.0099,6.0099,6.0099,6.0099,6.0099,6.0099,6.0099,6.0099,6.0099,6.0099,6.0099,6.0099,6.0099,6.0099,6.0099,6.0099,6.0099,6.0099,6.0099,6.0099,6.0099,6.0099,6.0099,6.0099,6.0099,6.0099,6.0099,6.0099,6.0099,6.0099,6.0099,6.0099,6.0099,6.0099,6.0099,6.0099,6.0099,6.0099,6.0099,6.0099,6.0099,6.0099,6.0099,6.0099,6.0099,6.0099,6.0099,6.0099,6.0099,6.0099,6.0099,6.0099,6.0099,6.0099,6.0099,6.0099,6.0099,6.0099,6.0099,6.0099,6.0099,6.0099,6.0099,6.0099,6.0099,6.0099,6.0099,6.0099,6.0099,6.0099,6.0099,6.0099,6.0099,6.0099,6.0099,6.0099,6.0099,6.0099,6.0099,6.0099,6.0099,6.0099,6.0099,6.0099,6.0099,6.0099,6.0099,6.0099,6.0099,6.0099,6.0099,6.0099,6.0099,6.0099,6.0099,6.0099,6.0099,6.0099,6.0099,6.0099,6.0099,6.0099,6.0099,6.0099,6.0099,6.0099,6.0099,6.0099,6.0099,6.0099,6.0099,6.0099,6.0099,6.0099,6.0099,6.0099,6.0099,6.0099,6.0099,6.0099,6.0099,6.0099,6.0099,6.0099,6.0099
6.0060,6.0060,6.0060,6.0060,6.0060,6.0060,6.0060,6.0060,6.0060,6.0060,6.0060,6.0060,6.0060,6.0060,6.0060,6.0060,6.0060,6.0060,6.0060,6.0060,6.0060,6.0060,6.0060,6.0060,6.0060,6.0060,6.0060,6.0060,6.0060,6.0060,6.0060,6.0060,6.0060,6.0060,6.0060,6.0060,6.0060,6.0060,6.0060,6.0060,6.0060,6.0060,6.0060,6.0060,6.0060,6.0060,6.0060,6.0060,6.0060,6.0060,6.0060,6.0060,6.0060,6.0060,6.0060,6.0060,6.0060,6.0060,6.0060,6.0060,6.0060,6.0060,6.0060,6.0060,6.0060,6.0060,6.0060,6.0060,6.0060,6.0060,6.0060,6.0060,6.0060,6.0060,6.0060,6.0060,6.0060,6.0060,6.0060,6.0060,6.0060,6.0060,6.0060,6.0060,6.0060,6.0060,6.0060,6.0060,6.0060,6.0060,6.0060,6.0060,6.0060,6.0060,6.0060,6.0060,6.0060,6.0060,6.0060,6.0060,6.0060,6.0060,6.0060,6.0060,6.0060,6.0060,6.0060,6.0060,6.0060,6.0060,6.0060,6.0060,6.0060,6.0060,6.0060,6.0060,6.0060,6.0060,6.0060,6.0060,6.0060,6.0060,6.0060,6.0060,6.0060,6.0060,6.0060,6.0060,6.0060,6.0060,6.0060,6.0060,6.0060,6.0060,6.0060,6.0060,6.0060,6.0060,6.0060,6.0060,6.0060,6.0060,6.0060,6.0060,6.0060,6.0060,6.0060,6.0060,6.0060,6.0060,6.0060,6.0060,6.0060,6.0060,6.0060,6.0060,6.0060,6.0060,6.0060,6.0060,6.0060,6.0060,6.0060,6.0060,6.0060,6.0060,6.0060,6.0060,6.0060,6.0060,6.0060,6.0060,6.0060,6.0060,6.0060,6.0060,6.0060,6.0060,6.0060,6.0060,6.0060,6.0060,6.0060,6.0060,6.0060,6.0060,6.0060,6.0060,6.0060,6.0060,6.0060,6.0060,6.0060,6.0060,6.0060,6.0060,6.0060,6.0060,6.0060,6.0060,6.0060,6.0060,6.0060,6.0060,6.0060,6.0060,6.0060,6.0060,6.0060,6.0060,6.0060,6.0060,6.0060,6.0060,6.0060,6.0060,6.0060,6.0060,6.0060,6.0060,6.0060,6.0060,6.0060,6.0060,6.0060,6.0060,6.0060,6.0060,6.0060,6.0060,6.0060,6.0060,6.0060,6.0060,6.0060,6.0060,6.0060,6.0060,6.0060,6.0060,6.0060,6.0060,6.0060,6.0060,6.0060,6.0060,6.0060,6.0060,6.0060,6.0060,6.0060,6.0060,6.0060,6.0060,6.0060,6.0060,6.0060,6.0060,6.0060,6.0060,6.0060,6.0060,6.0060,6.0060,6.0060,6.0060,6.0060,6.0060,6.0060,6.0060,6.0060,6.0060,6.0060,6.0060,6.0060,6.0060,6.0060,6.0060,6.0060,6.0060,6.0060,6.0060,6.0060,6.0060,6.0060,6.0060,6.0060,6.0060,6.0060,6.0060,6.0060,6.0060,6.0060,6.0060,6.0060,6.0060,6.0060,6.0060,6.0060,6.0060,6.0060,6.0060,6.0060,6.0060,6.0060,6.0060,6.0060,6.0060,6.0060,6.0060,6.0060,6.0060,6.0060,6.0060,6.0060,6.0060,6.0060,6.0060,6.0060,6.0060,6.0060,6.0060,6.0060,6.0060,6.0060,6.0060,6.0060,6.0060,6.0060,6.0060,6.0060,6.0060,6.0060,6.0060,6.0060,6.0060,6.0060,6.0060,6.0060,6.0060,6.0060,6.0060,6.0060,6.0060,6.0060,6.0060,6.0060,6.0060,6.0060,6.0060,6.0060,6.0060,6.0060,6.0060,6.0060,6.0060,6.0060,6.0060,6.0060,6.0060,6.0060,6.0060,6.0060,6.0060,6.0060,6.0060,6.0060,6.0060,6.0060,6.0060,6.0060,6.0060,6.0060,6.0060,6.0060,6.0060,6.0060,6.0060,6.0060,6.0060,6.0060,6.0060,6.0060,6.0060,6.0060,6.0060,6.0060,6.0060,6.0060,6.0060,6.0060,6.0060,6.0060,6.0060,6.0060,6.0060,6.0060,6.0060,6.0060,6.0060,6.0060,6.0060,6.0060,6.0060,6.0060,6.0060,6.0060,6.0060,6.0060,6.0060,6.0060,6.0060,6.0060,6.0060,6.0060,6.0060,6.0060,6.0060,6.0060,6.0060,6.0060,6.0060,6.0060,6.0060,6.0060,6.0060,6.0060,6.0060,6.0060,6.0060,6.0060,6.0060,6.0060,6.0060,6.0060,6.0060,6.0060,6.0060,6.0060,6.0060,6.0060,6.0060,6.0060,6.0060,6.0060,6.0060,6.0060,6.0060,6.0060,6.0060,6.0060,6.0060,6.0060,6.0060,6.0060,6.0060,6.0060,6.0060,6.0060,6.0060,6.0060,6.0060,6.0060,6.0060,6.0060,6.0060,6.0060,6.0060,6.0060,6.0060,6.0060,6.0060,6.0060,6.0060,6.0060,6.0060,6.0060,6.0060,6.0060,6.0060,6.0060,6.0060,6.0060,6.0060,6.0060,6.0060,6.0060,6.0060,6.0060,6.0060,6.0060,6.0060,6.0060,6.0060,6.0060,6.0060,6.0060,6.0060,6.0060,6.0060,6.0060,6.0060,6.0060,6.0060,6.0060,6.0060,6.0060,6.0060,6.0060,6.0060,6.0060,6.0060,6.0060,6.0060,6.0060,6.0060,6.0060,6.0060,6.0060,6.0060,6.0060,6.0060,6.0060,6.0060,6.0060,6.0060,6.0060,6.0060,6.0060,6.0060,6.0060,6.0060,6.0060,6.0060,6.0060,6.0060,6.0060,6.0060,6.0060,6.0060,6.0060,6.0060,6.0060,6.0060,6.0060,6.0060,6.0060,6.0060,6.0060,6.0060,6.0060,6.0060,6.0060,6.0060,6.0060,6.0060,6.0060,6.0060,6.0060,6.0060,6.0060,6.0060,6.0060,6.0060,6.0060,6.0060,6.0060,6.0060,6.0060,6.0060,6.0060,6.0060,6.0060,6.0060,6.0060,6.0060,6.0060,6.0060,6.0060,6.0060,6.0060,6.0060,6.0060,6.0060,6.0060,6.0060,6.0060,6.0058,6.0058,6.0058,6.0058,6.0058,6.0058,6.0058,6.0058,6.0058,6.0058,6.0058,6.0058,6.0058,6.0058,6.0058,6.0058,6.0058,6.0058,6.0058,6.0058,6.0058,6.0058,6.0058,6.0058,6.0058,6.0058,6.0058,6.0058,6.0058,6.0058,6.0058,6.0058,6.0058,6.0058,6.0058,6.0058,6.0058,6.0058,6.0058,6.0058,6.0058,6.0058,6.0058,6.0058,6.0058,6.0058,6.0058,6.0058,6.0058,6.0058,6.0058,6.0058,6.0058,6.0058,6.0058,6.0058,6.0058,6.0058,6.0058,6.0058,6.0058,6.0058,6.0058,6.0058,6.0058,6.0058,6.0058,6.0058,6.0058,6.0058,6.0058,6.0058,6.0058,6.0058,6.0058,6.0058,6.0058,6.0058,6.0058,6.0058,6.0058,6.0058,6.0058,6.0058,6.0058,6.0058,6.0058,6.0058,6.0058,6.0058,6.0058,6.0058,6.0058,6.0058,6.0058,6.0058,6.0058,6.0058,6.0058,6.0058,6.0058,6.0058,6.0058,6.0058,6.0058,6.0058,6.0058,6.0058,6.0058,6.0058,6.0058,6.0058,6.0058,6.0058,6.0058,6.0058,6.0058,6.0058,6.0058,6.0058,6.0058,6.0058,6.0058,6.0058,6.0058,6.0058,6.0058,6.0058,6.0058,6.0058,6.0058,6.0058,6.0058,6.0058,6.0058,6.0058,6.0058,6.0058,6.0058,6.0058,6.0058,6.0058,6.0058,6.0058,6.0058,6.0058,6.0058,6.0058,6.0058,6.0058,6.0058,6.0058,6.0058,6.0058,6.0058,6.0058,6.0058,6.0058,6.0058,6.0058,6.0058,6.0058,6.0058,6.0058,6.0058,6.0058,6.0058,6.0058,6.0058,6.0058,6.0058,6.0058,6.0058,6.0058,6.0058,6.0058,6.0058,6.0058,6.0058,6.0058,6.0058,6.0058,6.0058,6.0058,6.0058,6.0058,6.0058,6.0058,6.0058,6.0058,6.0058,6.0058,6.0058,6.0058,6.0058,6.0058,6.0058,6.0058,6.0058,6.0058,6.0058,6.0058,6.0058,6.0058,6.0058,6.0058,6.0058,6.0058,6.0058,6.0058,6.0058,6.0058,6.0058,6.0058,6.0058,6.0058,6.0058,6.0058,6.0058,6.0058,6.0058,6.0058,6.0058,6.0058,6.0058,6.0058,6.0058,6.0058,6.0058,6.0058,6.0058,6.0058,6.0058,6.0058,6.0058,6.0058,6.0058,6.0058,6.0058,6.0058,6.0058,6.0058,6.0058,6.0058,6.0058,6.0058,6.0058,6.0058,6.0058,6.0058,6.0058,6.0058,6.0058,6.0058,6.0058,6.0058,6.0058,6.0058,6.0058,6.0058,6.0058,6.0058,6.0058,6.0058,6.0058,6.0058,6.0058,6.0058,6.0058,6.0058,6.0058,6.0058,6.0058,6.0058,6.0058,6.0058,6.0058,6.0058,6.0058,6.0058,6.0058,6.0058,6.0058,6.0058,6.0058,6.0058,6.0058,6.0058,6.0058,6.0058,6.0058,6.0058,6.0058,6.0058,6.0058,6.0058,6.0058,6.0058,6.0058,6.0058,6.0058,6.0058,6.0058,6.0058,6.0058,6.0058,6.0058,6.0058,6.0058,6.0058,6.0058,6.0058,6.0058,6.0058,6.0058,6.0058,6.0058,6.0058,6.0058,6.0058,6.0058,6.0058,6.0058,6.0058,6.0058,6.0058,6.0058,6.0058,6.0058,6.0058,6.0058,6.0058,6.0058,6.0058,6.0058,6.0058,6.0058,6.0058,6.0058,6.0058,6.0058,6.0058,6.0058,6.0058,6.0058,6.0058,6.0058,6.0058,6.0058,6.0058,6.0058,6.0058,6.0058,6.0058,6.0058,6.0058,6.0058,6.0058,6.0058,6.0058,6.0058,6.0058,6.0058,6.0058,6.0058,6.0058,6.0058,6.0058,6.0058,6.0058,6.0058,6.0058,6.0058
6.0017,6.0017,6.0017,6.0017,6.0017,6.0017,6.0017,6.0017,6.0017,6.0017,6.0017,6.0017,6.0017,6.0017,6.0017,6.0017,6.0017,6.0017,6.0017,6.0017,6.0017,6.0017,6.0017,6.0017,6.0017,6.0017,6.0017,6.0017,6.0017,6.0017,6.0017,6.0017,6.0017,6.0017,6.0017,6.0017,6.0017,6.0017,6.0017,6.0017,6.0017,6.0017,6.0017,6.0017,6.0017,6.0017,6.0017,6.0017,6.0017,6.0017,6.0017,6.0017,6.0017,6.0017,6.0017,6.0017,6.0017,6.0017,6.0017,6.0017,6.0017,6.0017,6.0017,6.0017,6.0017,6.0017,6.0017,6.0017,6.0017,6.0017,6.0017,6.0017,6.0017,6.0017,6.0017,6.0017,6.0017,6.0017,6.0017,6.0017,6.0017,6.0017,6.0017,6.0017,6.0017,6.0017,6.0017,6.0017,6.0017,6.0017,6.0017,6.0017,6.0017,6.0017,6.0017,6.0017,6.0017,6.0017,6.0017,6.0017,6.0017,6.0017,6.0017,6.0017,6.0017,6.0017,6.0017,6.0017,6.0017,6.0017,6.0017,6.0017,6.0017,6.0017,6.0017,6.0017,6.0017,6.0017,6.0017,6.0017,6.0017,6.0017,6.0017,6.0017,6.0017,6.0017,6.0017,6.0017,6.0017,6.0017,6.0017,6.0017,6.0017,6.0017,6.0017,6.0017,6.0017,6.0017,6.0017,6.0017,6.0017,6.0017,6.0017,6.0017,6.0017,6.0017,6.0017,6.0017,6.0017,6.0017,6.0017,6.0017,6.0017,6.0017,6.0017,6.0017,6.0017,6.0017,6.0017,6.0017,6.0017,6.0017,6.0017,6.0017,6.0017,6.0017,6.0017,6.0017,6.0017,6.0017,6.0017,6.0017,6.0017,6.0017,6.0017,6.0017,6.0017,6.0017,6.0017,6.0017,6.0017,6.0017,6.0017,6.0017,6.0017,6.0017,6.0017,6.0017,6.0017,6.0017,6.0017,6.0017,6.0017,6.0017,6.0017,6.0017,6.0017,6.0017,6.0017,6.0017,6.0017,6.0017,6.0017,6.0017,6.0017,6.0017,6.0017,6.0017,6.0017,6.0017,6.0017,6.0017,6.0017,6.0017,6.0017,6.0017,6.0017,6.0017,6.0017,6.0017,6.0017,6.0017,6.0017,6.0017,6.0017,6.0017,6.0017,6.0017,6.0017,6.0017,6.0017,6.0017,6.0017,6.0017,6.0017,6.0017,6.0017,6.0017,6.0017,6.0017,6.0017,6.0017,6.0017,6.0017,6.0017,6.0017,6.0017,6.0017,6.0017,6.0017,6.0017,6.0017,6.0017,6.0017,6.0017,6.0017,6.0017,6.0017,6.0017,6.0017,6.0017,6.0017,6.0017,6.0017,6.0017,6.0017,6.0017,6.0017,6.0017,6.0017,6.0017,6.0017,6.0017,6.0017,6.0017,6.0017,6.0017,6.0017,6.0017,6.0017,6.0017,6.0017,6.0017,6.0017,6.0017,6.0017,6.0017,6.0017,6.0017,6.0017,6.0017,6.0017,6.0017,6.0017,6.0017,6.0017,6.0017,6.0017,6.0017,6.0017,6.0017,6.0017,6.0017,6.0017,6.0017,6.0017,6.0017,6.0017,6.0017,6.0017,6.0017,6.0017,6.0017,6.0017,6.0017,6.0017,6.0017,6.0017,6.0017,6.0017,6.0017,6.0017,6.0017,6.0017,6.0017,6.0017,6.0017,6.0017,6.0017,6.0017,6.0017,6.0017,6.0017,6.0017,6.0017,6.0017,6.0017,6.0017,6.0017,6.0017,6.0017,6.0017,6.0017,6.0017,6.0017,6.0017,6.0017,6.0017,6.0017,6.0017,6.0017,6.0017,6.0017,6.0017,6.0017,6.0017,6.0017,6.0017,6.0017,6.0017,6.0017,6.0017,6.0017,6.0017,6.0017,6.0017,6.0017,6.0017,6.0017,6.0017,6.0017,6.0017,6.0017,6.0017,6.0017,6.0017,6.0017,6.0017,6.0017,6.0017,6.0017,6.0017,6.0017,6.0017,6.0017,6.0017,6.0017,6.0017,6.0017,6.0017,6.0017,6.0017,6.0017,6.0017,6.0017,6.0017,6.0017,6.0017,6.0017,6.0017,6.0017,6.0017,6.0017,6.0017,6.0017,6.0017,6.0017,6.0017,6.0017,6.0017,6.0017,6.0017,6.0017,6.0017,6.0017,6.0017,6.0017,6.0017,6.0017,6.0017,6.0017,6.0017,6.0017,6.0017,6.0017,6.0017,6.0017,6.0017,6.0017,6.0017,6.0017,6.0017,6.0017,6.0017,6.0017,6.0017,6.0017,6.0017,6.0017,6.0017,6.0017,6.0017,6.0017,6.0017,6.0017,6.0017,6.0017,6.0017,6.0017,6.0017,6.0017,6.0017,6.0017,6.0017,6.0017,6.0017,6.0017,6.0017,6.0017,6.0017,6.0017,6.0017,6.0017,6.0017,6.0017,6.0017,6.0017,6.0017,6.0017,6.0017,6.0017,6.0017,6.0017,6.0017,6.0017,6.0017,6.0017,6.0017,6.0017,6.0017,6.0017,6.0017,6.0017,6.0017,6.0017,6.0017,6.0017,6.0017,6.0017,6.0017,6.0017,6.0017,6.0017,6.0017,6.0017,6.0017,6.0017,6.0017,6.0017,6.0017,6.0017,6.0017,6.0017,6.0017,6.0017,6.0017,6.0017,6.0017,6.0017,6.0017,6.0017,6.0017,6.0017,6.0017,6.0017,6.0017,6.0017,6.0017,6.0017,6.0017,6.0017,6.0017,6.0017,6.0017,6.0017,6.0017,6.0017,6.0017,6.0017,6.0017,6.0017,6.0017,6.0017,6.0017,6.0017,6.0017,6.0017,6.0017,6.0017,6.0017,6.0017,6.0017,6.0017,6.0017,6.0017,6.0017,6.0017,6.0017,6.0017,6.0017,6.0017,6.0017,6.0017,6.0017,6.0017,6.0017,6.0017,6.0017,6.0017,6.0017,6.0017,6.0017,6.0017,6.0017,6.0017,6.0017,6.0017,6.0017,6.0017,6.0017,6.0017,6.0017,6.0017,6.0017,6.0017,6.0017,6.0017,6.0017,6.0017,6.0017,6.0017,6.0017,6.0017,6.0017,6.0017,6.0017,6.0017,6.0017,6.0017,6.0017,6.0017,6.0017,6.0017,6.0017,6.0017,6.0017,6.0017,6.0017,6.0017,6.0017,6.0017,6.0017,6.0017,6.0017,6.0017,6.0017,6.0017,6.0017,6.0017,6.0017,6.0017,6.0017,6.0017,6.0017,6.0017,6.0017,6.0017,6.0017,6.0017,6.0017,6.0017,6.0017,6.0017,6.0017,6.0017,6.0017,6.0017,6.0017,6.0017,6.0017,6.0017,6.0017,6.0017,6.0017,6.0017,6.0017,6.0017,6.0017,6.0017,6.0017,6.0017,6.0017,6.0017,6.0017,6.0017,6.0017,6.0017,6.0017,6.0017,6.0017,6.0017,6.0017,6.0017,6.0017,6.0017,6.0017,6.0017,6.0017,6.0017,6.0017,6.0017,6.0017,6.0017,6.0017,6.0017,6.0017,6.0017,6.0017,6.0017,6.0017,6.0017,6.0017,6.0017,6.0017,6.0017,6.0017,6.0017,6.0017,6.0017,6.0017,6.0017,6.0017,6.0017,6.0017,6.0017,6.0017,6.0017,6.0017,6.0017,6.0017,6.0017,6.0017,6.0017,6.0017,6.0017,6.0017,6.0017,6.0017,6.0017,6.0017,6.0017,6.0017,6.0017,6.0017,6.0017,6.0017,6.0017,6.0017,6.0017,6.0017,6.0017,6.0017,6.0017,6.0017,6.0017,6.0017,6.0017,6.0017,6.0017,6.0017,6.0017,6.0017,6.0017,6.0017,6.0017,6.0017,6.0017,6.0017,6.0017,6.0017,6.0017,6.0017,6.0017,6.0017,6.0017,6.0017,6.0017,6.0017,6.0017,6.0017,6.0017,6.0017,6.0017,6.0017,6.0017,6.0017,6.0017,6.0017,6.0017,6.0017,6.0017,6.0017,6.0017,6.0017,6.0017,6.0017,6.0017,6.0017,6.0017,6.0017,6.0017,6.0017,6.0017,6.0017,6.0017,6.0017,6.0017,6.0017,6.0017,6.0017,6.0017,6.0017,6.0017,6.0017,6.0017,6.0017,6.0017,6.0017,6.0017,6.0017,6.0017,6.0017,6.0017,6.0017,6.0017,6.0017,6.0017,6.0017,6.0017,6.0017,6.0017,6.0017,6.0017,6.0017,6.0017,6.0017,6.0017,6.0017,6.0017,6.0017,6.0017,6.0017,6.0017,6.0017,6.0017,6.0017,6.0017,6.0017,6.0017,6.0017,6.0017,6.0017,6.0017,6.0017,6.0017,6.0017,6.0017,6.0017,6.0017,6.0017,6.0017,6.0017,6.0017,6.0017,6.0017,6.0017,6.0017,6.0017,6.0017,6.0017,6.0017,6.0017,6.0017,6.0017,6.0017,6.0017,6.0017,6.0017,6.0017,6.0017,6.0017,6.0017,6.0017,6.0017,6.0017,6.0017,6.0017,6.0017,6.0017,6.0017,6.0017,6.0017,6.0017,6.0017,6.0017,6.0017,6.0017,6.0017,6.0017,6.0017,6.0017,6.0017,6.0017,6.0017,6.0017,6.0017,6.0017,6.0017,6.0017,6.0017,6.0017,6.0017,6.0017,6.0017,6.0017,6.0017,6.0017,6.0017,6.0017,6.0017,6.0017,6.0017,6.0017,6.0017,6.0017,6.0017,6.0017,6.0017,6.0017,6.0017,6.0017,6.0017,6.0017,6.0017,6.0017,6.0017,6.0017,6.0017,6.0017,6.0017,6.0017,6.0017,6.0017,6.0017,6.0017,6.0017,6.0017,6.0017,6.0017,6.0017,6.0017,6.0017,6.0017,6.0017,6.0017,6.0017,6.0017,6.0017,6.0017,6.0017,6.0017,6.0017,6.0017,6.0017,6.0017,6.0017,6.0017,6.0017,6.0017,6.0017,6.0017,6.0017,6.0017,6.0017,6.0017,6.0017,6.0017,6.0017,6.0017,6.0017,6.0017,6.0017,6.0017,6.0017,6.0017,6.0017,6.0017,6.0017,6.0017,6.0017,6.0017,6.0017,6.0017,6.0017,6.0017,6.0017,6.0017,6.0017,6.0017,6.0017
5.9976,5.9976,5.9976,5.9976,5.9976,5.9976,5.9976,5.9976,5.9976,5.9976,5.9976,5.9976,5.9976,5.9976,5.9976,5.9976,5.9976,5.9976,5.9976,5.9976,5.9976,5.9976,5.9976,5.9976,5.9976,5.9976,5.9976,5.9976,5.9976,5.9976,5.9976,5.9976,5.9976,5.9976,5.9976,5.9976,5.9976,5.9976,5.9976,5.9976,5.9976,5.9976,5.9976,5.9976,5.9976,5.9976,5.9976,5.9976,5.9976,5.9976,5.9976,5.9976,5.9976,5.9976,5.9976,5.9976,5.9976,5.9976,5.9976,5.9976,5.9976,5.9976,5.9976,5.9976,5.9976,5.9976,5.9976,5.9976,5.9976,5.9976,5.9976,5.9976,5.9976,5.9976,5.9976,5.9976,5.9976,5.9976,5.9976,5.9976,5.9976,5.9976,5.9976,5.9976,5.9976,5.9976,5.9976,5.9976,5.9976,5.9976,5.9976,5.9976,5.9976,5.9976,5.9976,5.9976,5.9976,5.9976,5.9976,5.9976,5.9976,5.9976,5.9976,5.9976,5.9976,5.9976,5.9976,5.9976,5.9976,5.9976,5.9976,5.9976,5.9976,5.9976,5.9976,5.9976,5.9976,5.9976,5.9976,5.9976,5.9976,5.9976,5.9976,5.9976,5.9976,5.9976,5.9976,5.9976,5.9976,5.9976,5.9976,5.9976,5.9976,5.9976,5.9976,5.9976,5.9976,5.9976,5.9976,5.9976,5.9976,5.9976,5.9976,5.9976,5.9976,5.9976,5.9976,5.9976,5.9976,5.9976,5.9976,5.9976,5.9976,5.9976,5.9976,5.9976,5.9976,5.9976,5.9976,5.9976,5.9976,5.9976,5.9976,5.9976,5.9976,5.9976,5.9976,5.9976,5.9976,5.9976,5.9976,5.9976,5.9976,5.9976,5.9976,5.9976,5.9976,5.9976,5.9976,5.9976,5.9976,5.9976,5.9976,5.9976,5.9976,5.9976,5.9976,5.9976,5.9976,5.9976,5.9976,5.9976,5.9976,5.9976,5.9976,5.9976,5.9976,5.9976,5.9976,5.9976,5.9976,5.9976,5.9976,5.9976,5.9976,5.9976,5.9976,5.9976,5.9976,5.9976,5.9976,5.9976,5.9976,5.9976,5.9976,5.9976,5.9976,5.9976,5.9976,5.9976,5.9976,5.9976,5.9976,5.9976,5.9976,5.9976,5.9976,5.9976,5.9976,5.9976,5.9976,5.9976,5.9976,5.9976,5.9976,5.9976,5.9976,5.9976,5.9976,5.9976,5.9976,5.9976,5.9976,5.9976,5.9976,5.9976,5.9976,5.9976,5.9976,5.9976,5.9976,5.9976,5.9976,5.9976,5.9976,5.9976,5.9976,5.9976,5.9976,5.9976,5.9976,5.9976,5.9976,5.9976,5.9976,5.9976,5.9976,5.9976,5.9976,5.9976,5.9976,5.9976,5.9976,5.9976,5.9976,5.9976,5.9976,5.9976,5.9976,5.9976,5.9976,5.9976,5.9976,5.9976,5.9976,5.9976,5.9976,5.9976,5.9976,5.9976,5.9976,5.9976,5.9976,5.9976,5.9976,5.9976,5.9976,5.9976,5.9976,5.9976,5.9976,5.9976,5.9976,5.9976,5.9976,5.9976,5.9976,5.9976,5.9976,5.9976,5.9976,5.9976,5.9976,5.9976,5.9976,5.9976,5.9976,5.9976,5.9976,5.9976,5.9976,5.9976,5.9976,5.9976,5.9976,5.9976,5.9976,5.9976,5.9976,5.9976,5.9976,5.9976,5.9976,5.9976,5.9976,5.9976,5.9976,5.9976,5.9976,5.9976,5.9976,5.9976,5.9976,5.9976,5.9976,5.9976,5.9976,5.9976,5.9976,5.9976,5.9976,5.9976,5.9976,5.9976,5.9976,5.9976,5.9976,5.9976,5.9976,5.9976,5.9976,5.9976,5.9976,5.9976,5.9976,5.9976,5.9976,5.9976,5.9976,5.9976,5.9976,5.9976,5.9976,5.9976,5.9976,5.9976,5.9976,5.9976,5.9976,5.9976,5.9976,5.9976,5.9976,5.9976,5.9976,5.9976,5.9976,5.9976,5.9976,5.9976,5.9976,5.9976,5.9976,5.9976,5.9976,5.9976,5.9976,5.9976,5.9976,5.9976,5.9976,5.9976,5.9976,5.9976,5.9976,5.9976,5.9976,5.9976,5.9976,5.9976,5.9976,5.9976,5.9976,5.9976,5.9976,5.9976,5.9976,5.9976,5.9976,5.9976,5.9976,5.9976,5.9976,5.9976,5.9976,5.9976,5.9976,5.9976,5.9976,5.9976,5.9976,5.9976,5.9976,5.9976,5.9976,5.9976,5.9976,5.9976,5.9976,5.9976,5.9976,5.9976,5.9976,5.9976,5.9976,5.9976,5.9976,5.9976,5.9976,5.9976,5.9976,5.9976,5.9976,5.9976,5.9976,5.9976,5.9976,5.9976,5.9976,5.9976,5.9976,5.9976,5.9976,5.9976,5.9976,5.9976,5.9976,5.9976,5.9976,5.9976,5.9976,5.9976,5.9976,5.9976,5.9976,5.9976,5.9976,5.9976,5.9976,5.9976,5.9976,5.9976,5.9976,5.9976,5.9976,5.9976,5.9976,5.9976,5.9976,5.9976,5.9976,5.9976,5.9976,5.9976,5.9976,5.9976,5.9976,5.9976,5.9976,5.9976,5.9976,5.9976,5.9976,5.9976,5.9976,5.9976,5.9976,5.9976,5.9976,5.9976,5.9976,5.9976,5.9976,5.9976,5.9976,5.9976,5.9976,5.9976,5.9976,5.9976,5.9976,5.9976,5.9976,5.9976,5.9976,5.9976,5.9976,5.9976,5.9976,5.9976,5.9976,5.9976,5.9976,5.9976,5.9976,5.9976,5.9976,5.9976,5.9976,5.9976,5.9976,5.9976,5.9976,5.9976,5.9976,5.9976,5.9976,5.9976,5.9976,5.9976,5.9976,5.9976,5.9976,5.9976,5.9976,5.9976,5.9976,5.9976,5.9976,5.9976,5.9976,5.9976,5.9976,5.9976,5.9976,5.9976,5.9976,5.9976,5.9976,5.9976,5.9976,5.9976,5.9976,5.9976,5.9976,5.9976,5.9976,5.9976,5.9976,5.9976,5.9976,5.9976,5.9976,5.9976,5.9976,5.9976,5.9976,5.9976,5.9976,5.9976,5.9976,5.9976,5.9976,5.9976,5.9976,5.9976,5.9976,5.9976,5.9976,5.9976,5.9976,5.9976,5.9976,5.9976,5.9976,5.9976,5.9976,5.9976,5.9976,5.9976,5.9976,5.9976,5.9976,5.9976,5.9976,5.9976,5.9976,5.9976,5.9976,5.9976,5.9976,5.9976,5.9976,5.9976,5.9976,5.9976,5.9976,5.9976,5.9976,5.9976,5.9976,5.9976,5.9976,5.9976,5.9976,5.9976,5.9976,5.9976,5.9976,5.9976,5.9976,5.9976,5.9976,5.9976,5.9976,5.9976,5.9976,5.9976,5.9976,5.9976,5.9976,5.9976,5.9976,5.9976,5.9976,5.9976,5.9976,5.9976,5.9976,5.9976,5.9976,5.9976,5.9976,5.9976,5.9976,5.9976,5.9976,5.9976,5.9976,5.9976,5.9976,5.9976,5.9976,5.9976,5.9976,5.9976,5.9976,5.9976,5.9976,5.9976,5.9976,5.9976,5.9976,5.9976,5.9976,5.9976,5.9976,5.9976,5.9976,5.9976,5.9976,5.9976,5.9976,5.9976,5.9976,5.9976,5.9976,5.9976,5.9976,5.9976,5.9976,5.9976,5.9976,5.9976,5.9976,5.9976,5.9976,5.9976,5.9976,5.9976,5.9976,5.9976,5.9976,5.9976,5.9976,5.9976,5.9976,5.9976,5.9976,5.9976,5.9976,5.9976,5.9976,5.9976,5.9976,5.9976,5.9976,5.9976,5.9976,5.9976,5.9976,5.9976,5.9976,5.9976,5.9976,5.9976,5.9976,5.9976,5.9976,5.9976,5.9976,5.9976,5.9976,5.9976,5.9976,5.9976,5.9976,5.9976,5.9976,5.9976,5.9976,5.9976,5.9976,5.9976,5.9976,5.9976,5.9976,5.9976,5.9976,5.9976,5.9976,5.9976,5.9976,5.9976,5.9976,5.9976,5.9976,5.9976,5.9976,5.9976,5.9976,5.9976,5.9976,5.9976,5.9976,5.9976,5.9976,5.9976,5.9976,5.9976,5.9976,5.9976,5.9976,5.9976,5.9976,5.9976,5.9976,5.9976,5.9976,5.9976,5.9976,5.9976,5.9976,5.9976,5.9976,5.9976,5.9976,5.9976,5.9976,5.9976,5.9976,5.9976,5.9976,5.9976,5.9976,5.9976,5.9976,5.9976,5.9976,5.9976,5.9976,5.9976,5.9976,5.9976,5.9976,5.9976,5.9976,5.9976,5.9976,5.9976,5.9976,5.9976,5.9976,5.9976,5.9976,5.9976,5.9976,5.9976,5.9976,5.9976,5.9976,5.9976,5.9976,5.9976,5.9976,5.9976,5.9976,5.9976,5.9976,5.9976,5.9976,5.9976,5.9976,5.9976,5.9976,5.9976,5.9976,5.9976,5.9976,5.9976,5.9976,5.9976,5.9976,5.9976,5.9976,5.9976,5.9976,5.9976,5.9976,5.9976,5.9976,5.9976,5.9976,5.9976,5.9976,5.9976,5.9976,5.9976,5.9976,5.9976,5.9976,5.9976,5.9976,5.9976,5.9976,5.9976,5.9976,5.9976,5.9976,5.9976,5.9976,5.9976,5.9976,5.9976,5.9976,5.9976,5.9976,5.9976,5.9976,5.9976,5.9976,5.9976,5.9976,5.9976,5.9976,5.9976,5.9976,5.9976,5.9976,5.9976,5.9976,5.9976,5.9976,5.9976,5.9976,5.9976,5.9976,5.9976,5.9976,5.9976,5.9976,5.9976,5.9976,5.9976,5.9976,5.9976,5.9976,5.9976,5.9976,5.9976,5.9976,5.9976,5.9976,5.9976,5.9976,5.9976,5.9976,5.9976,5.9976,5.9976,5.9976,5.9976,5.9976,5.9976,5.9976,5.9976,5.9976,5.9976,5.9976,5.9976,5.9976,5.9976,5.9976,5.9976,5.9976,5.9976,5.9976,5.9976,5.9976,5.9976,5.9976,5.9976,5.9976,5.9976,5.9976,5.9976,5.9976,5.9976,5.9976,5.9976
5.9938,5.9938,5.9938,5.9938,5.9938,5.9938,5.9938,5.9938,5.9938,5.9938,5.9938,5.9938,5.9938,5.9938,5.9938,5.9938,5.9938,5.9938,5.9938,5.9938,5.9938,5.9938,5.9938,5.9938,5.9938,5.9938,5.9938,5.9938,5.9938,5.9938,5.9938,5.9938,5.9938,5.9938,5.9938,5.9938,5.9938,5.9938,5.9938,5.9938,5.9938,5.9938,5.9938,5.9938,5.9938,5.9938,5.9938,5.9938,5.9938,5.9938,5.9938,5.9938,5.9938,5.9938,5.9938,5.9938,5.9938,5.9938,5.9938,5.9938,5.9938,5.9938,5.9938,5.9938,5.9938,5.9938,5.9938,5.9938,5.9938,5.9938,5.9938,5.9938,5.9938,5.9938,5.9938,5.9938,5.9938,5.9938,5.9938,5.9938,5.9938,5.9938,5.9938,5.9938,5.9938,5.9938,5.9938,5.9938,5.9938,5.9938,5.9938,5.9938,5.9938,5.9938,5.9938,5.9938,5.9938,5.9938,5.9938,5.9938,5.9938,5.9938,5.9938,5.9938,5.9938,5.9938,5.9938,5.9938,5.9938,5.9938,5.9938,5.9938,5.9938,5.9938,5.9938,5.9938,5.9938,5.9938,5.9938,5.9938,5.9938,5.9938,5.9938,5.9938,5.9938,5.9938,5.9938,5.9938,5.9938,5.9938,5.9938,5.9938,5.9938,5.9938,5.9938,5.9938,5.9938,5.9938,5.9938,5.9938,5.9938,5.9938,5.9938,5.9938,5.9938,5.9938,5.9938,5.9938,5.9938,5.9938,5.9938,5.9938,5.9938,5.9938,5.9938,5.9938,5.9938,5.9938,5.9938,5.9938,5.9938,5.9938,5.9938,5.9938,5.9938,5.9938,5.9938,5.9938,5.9938,5.9938,5.9938,5.9938,5.9938,5.9938,5.9938,5.9938,5.9938,5.9938,5.9938,5.9938,5.9938,5.9938,5.9938,5.9938,5.9938,5.9938,5.9938,5.9938,5.9938,5.9938,5.9938,5.9938,5.9938,5.9938,5.9938,5.9938,5.9938,5.9938,5.9938,5.9938,5.9938,5.9938,5.9938,5.9938,5.9938,5.9938,5.9938,5.9938,5.9938,5.9938,5.9938,5.9938,5.9938,5.9938,5.9938,5.9938,5.9938,5.9938,5.9938,5.9938,5.9938,5.9938,5.9938,5.9938,5.9938,5.9938,5.9938,5.9938,5.9938,5.9938,5.9938,5.9938,5.9938,5.9938,5.9938,5.9938,5.9938,5.9938,5.9938,5.9938,5.9938,5.9938,5.9938,5.9938,5.9938,5.9938,5.9938,5.9938,5.9938,5.9938,5.9938,5.9938,5.9938,5.9938,5.9938,5.9938,5.9938,5.9938,5.9938,5.9938,5.9938,5.9938,5.9938,5.9938,5.9938,5.9938,5.9938,5.9938,5.9938,5.9938,5.9938,5.9938,5.9938,5.9938,5.9938,5.9938,5.9938,5.9938,5.9938,5.9938,5.9938,5.9938,5.9938,5.9938,5.9938,5.9938,5.9938,5.9938,5.9938,5.9938,5.9938,5.9938,5.9938,5.9938,5.9938,5.9938,5.9938,5.9938,5.9938,5.9938,5.9938,5.9938,5.9938,5.9938,5.9938,5.9938,5.9938,5.9938,5.9938,5.9938,5.9938,5.9938,5.9938,5.9938,5.9938,5.9938,5.9938,5.9938,5.9938,5.9938,5.9938,5.9938,5.9938,5.9938,5.9938,5.9938,5.9938,5.9938,5.9938,5.9938,5.9938,5.9938,5.9938,5.9938,5.9938,5.9938,5.9938,5.9938,5.9938,5.9938,5.9938,5.9938,5.9938,5.9938,5.9938,5.9938,5.9938,5.9938,5.9938,5.9938,5.9938,5.9938,5.9938,5.9938,5.9938,5.9938,5.9938,5.9938,5.9938,5.9938,5.9938,5.9938,5.9938,5.9938,5.9938,5.9938,5.9938,5.9938,5.9938,5.9938,5.9938,5.9938,5.9938,5.9938,5.9938,5.9938,5.9938,5.9938,5.9938,5.9938,5.9938,5.9938,5.9938,5.9938,5.9938,5.9938,5.9938,5.9938,5.9938,5.9938,5.9938,5.9938,5.9938,5.9938,5.9938,5.9938,5.9938,5.9938,5.9938,5.9938,5.9938,5.9938,5.9938,5.9938,5.9938,5.9938,5.9938,5.9938,5.9938,5.9938,5.9938,5.9938,5.9938,5.9938,5.9938,5.9938,5.9938,5.9938,5.9938,5.9938,5.9938,5.9938,5.9938,5.9938,5.9938,5.9938,5.9938,5.9938,5.9938,5.9938,5.9938,5.9938,5.9938,5.9938,5.9938,5.9938,5.9938,5.9938,5.9938,5.9938,5.9938,5.9938,5.9938,5.9938,5.9938,5.9938,5.9938,5.9938,5.9938,5.9938,5.9938,5.9938,5.9938,5.9938,5.9938,5.9938,5.9938,5.9938,5.9938,5.9938,5.9938,5.9938,5.9938,5.9938,5.9938,5.9938,5.9938,5.9938,5.9938,5.9938,5.9938,5.9938,5.9938,5.9938,5.9938,5.9938,5.9938,5.9938,5.9938,5.9938,5.9938,5.9938,5.9938,5.9938,5.9938,5.9938,5.9938,5.9938,5.9938,5.9938,5.9938,5.9938,5.9938,5.9938,5.9938,5.9938,5.9938,5.9938,5.9938,5.9938,5.9938,5.9938,5.9938,5.9938,5.9938,5.9938,5.9938,5.9938,5.9938,5.9938,5.9938,5.9938,5.9938,5.9938,5.9938,5.9938,5.9938,5.9938,5.9938,5.9938,5.9938,5.9938,5.9938,5.9938,5.9938,5.9938,5.9938,5.9938,5.9938,5.9938,5.9938,5.9938,5.9938,5.9938,5.9938,5.9938,5.9938,5.9938,5.9938,5.9938,5.9938,5.9938,5.9938,5.9938,5.9938,5.9938,5.9938,5.9938,5.9938,5.9938,5.9938,5.9938,5.9938,5.9938,5.9938,5.9938,5.9938,5.9938,5.9938,5.9938,5.9938,5.9938,5.9938,5.9938,5.9938,5.9938,5.9938,5.9938,5.9938,5.9938,5.9938,5.9938,5.9938,5.9938,5.9938,5.9938,5.9938,5.9938,5.9938,5.9938,5.9938,5.9938,5.9938,5.9938,5.9938,5.9938,5.9938,5.9938,5.9938,5.9938,5.9938,5.9938,5.9938,5.9938,5.9938,5.9938,5.9938,5.9938,5.9938,5.9938,5.9938,5.9938,5.9938,5.9938,5.9938,5.9938,5.9938,5.9938,5.9938,5.9938,5.9938,5.9938,5.9938,5.9938,5.9938,5.9938,5.9938,5.9938,5.9938,5.9938,5.9938,5.9938,5.9938,5.9938,5.9938,5.9938,5.9938,5.9938,5.9938,5.9938,5.9938,5.9938,5.9938,5.9938,5.9938,5.9938,5.9938,5.9938,5.9938,5.9938,5.9938,5.9938,5.9938,5.9938,5.9938,5.9938,5.9938,5.9938,5.9938,5.9938,5.9938,5.9938,5.9938,5.9938,5.9938,5.9938,5.9938,5.9938,5.9938,5.9938,5.9938,5.9938,5.9938,5.9938,5.9938,5.9938,5.9938,5.9938,5.9938,5.9938,5.9938,5.9938,5.9938,5.9938,5.9938,5.9938,5.9938,5.9938,5.9938,5.9938,5.9938,5.9938,5.9938,5.9938,5.9938,5.9938,5.9938,5.9938,5.9938,5.9938,5.9938,5.9938,5.9938,5.9938,5.9938,5.9938,5.9938,5.9938,5.9938,5.9938,5.9938,5.9938,5.9938,5.9938,5.9938,5.9938,5.9938,5.9938,5.9938,5.9938,5.9938,5.9938,5.9938,5.9938,5.9938,5.9938,5.9938,5.9938,5.9938,5.9938,5.9938,5.9938,5.9938,5.9938,5.9938,5.9938,5.9938,5.9938,5.9938,5.9938,5.9938,5.9938,5.9938,5.9938,5.9938,5.9938,5.9938,5.9938,5.9938,5.9938,5.9938,5.9938,5.9938,5.9938,5.9938,5.9938,5.9938,5.9938,5.9938,5.9938,5.9938,5.9938,5.9938,5.9938,5.9938,5.9938,5.9938,5.9938,5.9938,5.9938,5.9938,5.9938,5.9938,5.9938,5.9938,5.9938,5.9938,5.9938,5.9938,5.9938,5.9938,5.9938,5.9938,5.9938,5.9938,5.9938,5.9938,5.9938,5.9938,5.9938,5.9938,5.9938,5.9938,5.9938,5.9938,5.9938,5.9938,5.9938,5.9938,5.9938,5.9938,5.9938,5.9938,5.9938,5.9938,5.9938,5.9938,5.9938,5.9938,5.9938,5.9938,5.9938,5.9938,5.9938,5.9938,5.9938,5.9938,5.9938,5.9938,5.9938,5.9938,5.9938,5.9938,5.9938,5.9938,5.9938,5.9938,5.9938,5.9938,5.9938,5.9938,5.9938,5.9938,5.9938,5.9938,5.9938,5.9938,5.9938,5.9938,5.9938,5.9938,5.9938,5.9938,5.9938,5.9938,5.9938,5.9938,5.9938,5.9938,5.9938,5.9938,5.9938,5.9938,5.9938,5.9938,5.9938,5.9938,5.9938,5.9938,5.9938,5.9938,5.9938,5.9938,5.9938,5.9938,5.9938,5.9938,5.9938,5.9938,5.9938,5.9938,5.9938,5.9938,5.9938,5.9938,5.9938,5.9938,5.9938,5.9938,5.9938,5.9938,5.9938,5.9938,5.9938,5.9938,5.9938,5.9938,5.9938,5.9938,5.9938,5.9938,5.9938,5.9938,5.9938,5.9938,5.9938,5.9938,5.9938,5.9938,5.9938,5.9938,5.9938,5.9938,5.9938,5.9938,5.9938,5.9938,5.9938,5.9938,5.9938,5.9938,5.9938,5.9938,5.9938,5.9938,5.9938,5.9938,5.9938,5.9938,5.9938,5.9938,5.9938,5.9938,5.9938,5.9938,5.9938,5.9938,5.9938,5.9938,5.9938,5.9938,5.9938,5.9938,5.9938,5.9938,5.9938,5.9938,5.9938,5.9938,5.9938,5.9938,5.9938,5.9938,5.9938,5.9938,5.9938,5.9938,5.9938,5.9938,5.9938,5.9938,5.9938,5.9938,5.9938,5.9938,5.9938,5.9938,5.9938,5.9938,5.9938,5.9938,5.9938,5.9938,5.9938,5.9938,5.9938,5.9938,5.9938,5.9938,5.9938
5.9897,5.9897,5.9897,5.9897,5.9897,5.9897,5.9897,5.9897,5.9897,5.9897,5.9897,5.9897,5.9897,5.9897,5.9897,5.9897,5.9897,5.9897,5.9897,5.9897,5.9897,5.9897,5.9897,5.9897,5.9897,5.9897,5.9897,5.9897,5.9897,5.9897,5.9897,5.9897,5.9897,5.9897,5.9897,5.9897,5.9897,5.9897,5.9897,5.9897,5.9897,5.9897,5.9897,5.9897,5.9897,5.9897,5.9897,5.9897,5.9897,5.9897,5.9897,5.9897,5.9897,5.9897,5.9897,5.9897,5.9897,5.9897,5.9897,5.9897,5.9897,5.9897,5.9897,5.9897,5.9897,5.9897,5.9897,5.9897,5.9897,5.9897,5.9897,5.9897,5.9897,5.9897,5.9897,5.9897,5.9897,5.9897,5.9897,5.9897,5.9897,5.9897,5.9897,5.9897,5.9897,5.9897,5.9897,5.9897,5.9897,5.9897,5.9897,5.9897,5.9897,5.9897,5.9897,5.9897,5.9897,5.9897,5.9897,5.9897,5.9897,5.9897,5.9897,5.9897,5.9897,5.9897,5.9897,5.9897,5.9897,5.9897,5.9897,5.9897,5.9897,5.9897,5.9897,5.9897,5.9897,5.9897,5.9897,5.9897,5.9897,5.9897,5.9897,5.9897,5.9897,5.9897,5.9897,5.9897,5.9897,5.9897,5.9897,5.9897,5.9897,5.9897,5.9897,5.9897,5.9897,5.9897,5.9897,5.9897,5.9897,5.9897,5.9897,5.9897,5.9897,5.9897,5.9897,5.9897,5.9897,5.9897,5.9897,5.9897,5.9897,5.9897,5.9897,5.9897,5.9897,5.9897,5.9897,5.9897,5.9897,5.9897,5.9897,5.9897,5.9897,5.9897,5.9897,5.9897,5.9897,5.9897,5.9897,5.9897,5.9897,5.9897,5.9897,5.9897,5.9897,5.9897,5.9897,5.9897,5.9897,5.9897,5.9897,5.9897,5.9897,5.9897,5.9897,5.9897,5.9897,5.9897,5.9897,5.9897,5.9897,5.9897,5.9897,5.9897,5.9897,5.9897,5.9897,5.9897,5.9897,5.9897,5.9897,5.9897,5.9897,5.9897,5.9897,5.9897,5.9897,5.9897,5.9897,5.9897,5.9897,5.9897,5.9897,5.9897,5.9897,5.9897,5.9897,5.9897,5.9897,5.9897,5.9897,5.9897,5.9897,5.9897,5.9897,5.9897,5.9897,5.9897,5.9897,5.9897,5.9897,5.9897,5.9897,5.9897,5.9897,5.9897,5.9897,5.9897,5.9897,5.9897,5.9897,5.9897,5.9897,5.9897,5.9897,5.9897,5.9897,5.9897,5.9897,5.9897,5.9897,5.9897,5.9897,5.9897,5.9897,5.9897,5.9897,5.9897,5.9897,5.9897,5.9897,5.9897,5.9897,5.9897,5.9897,5.9897,5.9897,5.9897,5.9897,5.9897,5.9897,5.9897,5.9897,5.9897,5.9897,5.9897,5.9897,5.9897,5.9897,5.9897,5.9897,5.9897,5.9897,5.9897,5.9897,5.9897,5.9897,5.9897,5.9897,5.9897,5.9897,5.9897,5.9897,5.9897,5.9897,5.9897,5.9897,5.9897,5.9897,5.9897,5.9897,5.9897,5.9897,5.9897,5.9897,5.9897,5.9897,5.9897,5.9897,5.9897,5.9897,5.9897,5.9897,5.9897,5.9897,5.9897,5.9897,5.9897,5.9897,5.9897,5.9897,5.9897,5.9897,5.9897,5.9897,5.9897,5.9897,5.9897,5.9897,5.9897,5.9897,5.9897,5.9897,5.9897,5.9897,5.9897,5.9897,5.9897,5.9897,5.9897,5.9897,5.9897,5.9897,5.9897,5.9897,5.9897,5.9897,5.9897,5.9897,5.9897,5.9897,5.9897,5.9897,5.9897,5.9897,5.9897,5.9897,5.9897,5.9897,5.9897,5.9897,5.9897,5.9897,5.9897,5.9897,5.9897,5.9897,5.9897,5.9897,5.9897,5.9897,5.9897,5.9897,5.9897,5.9897,5.9897,5.9897,5.9897,5.9897,5.9897,5.9897,5.9897,5.9897,5.9897,5.9897,5.9897,5.9897,5.9897,5.9897,5.9897,5.9897,5.9897,5.9897,5.9897,5.9897,5.9897,5.9897,5.9897,5.9897,5.9897,5.9897,5.9897,5.9897,5.9897,5.9897,5.9897,5.9897,5.9897,5.9897,5.9897,5.9897,5.9897,5.9897,5.9897,5.9897,5.9897,5.9897,5.9897,5.9897,5.9897,5.9897,5.9897,5.9897,5.9897,5.9897,5.9897,5.9897,5.9897,5.9897,5.9897,5.9897,5.9897,5.9897,5.9897,5.9897,5.9897,5.9897,5.9897,5.9897,5.9897,5.9897,5.9897,5.9897,5.9897,5.9897,5.9897,5.9897,5.9897,5.9897,5.9897,5.9897,5.9897,5.9897,5.9897,5.9897,5.9897,5.9897,5.9897,5.9897,5.9897,5.9897,5.9897,5.9897,5.9897,5.9897,5.9897,5.9897,5.9897,5.9897,5.9897,5.9897,5.9897,5.9897,5.9897,5.9897,5.9897,5.9897,5.9897,5.9897,5.9897,5.9897,5.9897,5.9897,5.9897,5.9897,5.9897,5.9897,5.9897,5.9897,5.9897,5.9897,5.9897,5.9897,5.9897,5.9897,5.9897,5.9897,5.9897,5.9897,5.9897,5.9897,5.9897,5.9897,5.9897,5.9897,5.9897,5.9897,5.9897,5.9897,5.9897,5.9897,5.9897,5.9897,5.9897,5.9897,5.9897,5.9897,5.9897,5.9897,5.9897,5.9897,5.9897,5.9897,5.9897,5.9897,5.9897,5.9897,5.9897,5.9897,5.9897,5.9897,5.9897,5.9897,5.9897,5.9897,5.9897,5.9897,5.9897,5.9897,5.9897,5.9897,5.9897,5.9897,5.9897,5.9897,5.9897,5.9897,5.9897,5.9897,5.9897,5.9897,5.9897,5.9897,5.9897,5.9897,5.9897,5.9897,5.9897,5.9897,5.9897,5.9897,5.9897,5.9897,5.9897,5.9897,5.9897,5.9897,5.9897,5.9897,5.9897,5.9897,5.9897,5.9897,5.9897,5.9897,5.9897,5.9897,5.9897,5.9897,5.9897,5.9897,5.9897,5.9897,5.9897,5.9897,5.9897,5.9897,5.9897,5.9897,5.9897,5.9897,5.9897,5.9897,5.9897,5.9897,5.9897,5.9897,5.9897,5.9897,5.9897,5.9897,5.9897,5.9897,5.9897,5.9897,5.9897,5.9897,5.9897,5.9897,5.9897,5.9897,5.9897,5.9897,5.9897,5.9897,5.9897,5.9897,5.9897,5.9897,5.9897,5.9897,5.9897,5.9897,5.9897,5.9897,5.9897,5.9897,5.9897,5.9897,5.9897,5.9897,5.9897,5.9897,5.9897,5.9897,5.9897,5.9897,5.9897,5.9897,5.9897,5.9897,5.9897,5.9897,5.9897,5.9897,5.9897,5.9897,5.9897,5.9897,5.9897,5.9897,5.9897,5.9897,5.9897,5.9897,5.9897,5.9897,5.9897,5.9897,5.9897,5.9897,5.9897,5.9897,5.9897,5.9897,5.9897,5.9897,5.9897,5.9897,5.9897,5.9897,5.9897,5.9897,5.9897,5.9897,5.9897,5.9897,5.9897,5.9897,5.9897,5.9897,5.9897,5.9897,5.9897,5.9897,5.9897,5.9897,5.9897,5.9897,5.9897,5.9897,5.9897,5.9897,5.9897,5.9897,5.9897,5.9897,5.9897,5.9897,5.9897,5.9897,5.9897,5.9897,5.9897,5.9897,5.9897,5.9897,5.9897,5.9897,5.9897,5.9897,5.9897,5.9897,5.9897,5.9897,5.9897,5.9897,5.9897,5.9897,5.9897,5.9897,5.9897,5.9897,5.9897,5.9897,5.9897,5.9897,5.9897,5.9897,5.9897,5.9897,5.9897,5.9897,5.9897,5.9897,5.9897,5.9897,5.9897,5.9897,5.9897,5.9897,5.9897,5.9897,5.9897,5.9897,5.9897,5.9897,5.9897,5.9897,5.9897,5.9897,5.9897,5.9897,5.9897,5.9897,5.9897,5.9897,5.9897,5.9897,5.9897,5.9897,5.9897,5.9897,5.9897,5.9897,5.9897,5.9897,5.9897,5.9897,5.9897,5.9897,5.9897,5.9897,5.9897,5.9897,5.9897,5.9897,5.9897,5.9897,5.9897,5.9897,5.9897,5.9897,5.9897,5.9897,5.9897,5.9897,5.9897,5.9897,5.9897,5.9897,5.9897,5.9897,5.9897,5.9897,5.9897,5.9897,5.9897,5.9897,5.9897,5.9897,5.9897,5.9897,5.9897,5.9897,5.9897,5.9897,5.9897,5.9897,5.9897,5.9897,5.9897,5.9897,5.9897,5.9897,5.9897,5.9897,5.9897,5.9897,5.9897,5.9897,5.9897,5.9897,5.9897,5.9897,5.9897,5.9897,5.9897,5.9897,5.9897,5.9897,5.9897,5.9897,5.9897,5.9897,5.9897,5.9897,5.9897,5.9897,5.9897,5.9897,5.9897,5.9897,5.9897,5.9897,5.9897,5.9897,5.9897,5.9897,5.9897,5.9897,5.9897,5.9897,5.9897,5.9897,5.9897,5.9897,5.9897,5.9897,5.9897,5.9897,5.9897,5.9897,5.9897,5.9897,5.9897,5.9897,5.9897,5.9897,5.9897,5.9897,5.9897,5.9897,5.9897,5.9897,5.9897,5.9897,5.9897,5.9897,5.9897,5.9897,5.9897,5.9897,5.9897,5.9897,5.9897,5.9897,5.9897,5.9897,5.9897,5.9897,5.9897,5.9897,5.9897,5.9897,5.9897,5.9897,5.9897,5.9897,5.9897,5.9897,5.9897,5.9897,5.9897,5.9897,5.9897,5.9897,5.9897,5.9897,5.9897,5.9897,5.9897,5.9897,5.9897,5.9897,5.9897,5.9897,5.9897,5.9897,5.9897,5.9897,5.9897,5.9897,5.9897,5.9897,5.9897,5.9897,5.9897,5.9897,5.9897,5.9897,5.9897,5.9897,5.9897,5.9897,5.9897,5.9897,5.9897,5.9897,5.9897,5.9897,5.9897,5.9897,5.9897,5.9897,5.9897,5.9897,5.9897,5.9897,5.9897,5.9897,5.9897,5.9897,5.9897,5.9897,5.9897,5.9897,5.9897
5.9857,5.9857,5.9857,5.9857,5.9857,5.9857,5.9857,5.9857,5.9857,5.9857,5.9857,5.9857,5.9857,5.9857,5.9857,5.9857,5.9857,5.9857,5.9857,5.9857,5.9857,5.9857,5.9857,5.9857,5.9857,5.9857,5.9857,5.9857,5.9857,5.9857,5.9857,5.9857,5.9857,5.9857,5.9857,5.9857,5.9857,5.9857,5.9857,5.9857,5.9857,5.9857,5.9857,5.9857,5.9857,5.9857,5.9857,5.9857,5.9857,5.9857,5.9857,5.9857,5.9857,5.9857,5.9857,5.9857,5.9857,5.9857,5.9857,5.9857,5.9857,5.9857,5.9857,5.9857,5.9857,5.9857,5.9857,5.9857,5.9857,5.9857,5.9857,5.9857,5.9857,5.9857,5.9857,5.9857,5.9857,5.9857,5.9857,5.9857,5.9857,5.9857,5.9857,5.9857,5.9857,5.9857,5.9857,5.9857,5.9857,5.9857,5.9857,5.9857,5.9857,5.9857,5.9857,5.9857,5.9857,5.9857,5.9857,5.9857,5.9857,5.9857,5.9857,5.9857,5.9857,5.9857,5.9857,5.9857,5.9857,5.9857,5.9857,5.9857,5.9857,5.9857,5.9857,5.9857,5.9857,5.9857,5.9857,5.9857,5.9857,5.9857,5.9857,5.9857,5.9857,5.9857,5.9857,5.9857,5.9857,5.9857,5.9857,5.9857,5.9857,5.9857,5.9857,5.9857,5.9857,5.9857,5.9857,5.9857,5.9857,5.9857,5.9857,5.9857,5.9857,5.9857,5.9857,5.9857,5.9857,5.9857,5.9857,5.9857,5.9857,5.9857,5.9857,5.9857,5.9857,5.9857,5.9857,5.9857,5.9857,5.9857,5.9857,5.9857,5.9857,5.9857,5.9857,5.9857,5.9857,5.9857,5.9857,5.9857,5.9857,5.9857,5.9857,5.9857,5.9857,5.9857,5.9857,5.9857,5.9857,5.9857,5.9857,5.9857,5.9857,5.9857,5.9857,5.9857,5.9857,5.9857,5.9857,5.9857,5.9857,5.9857,5.9857,5.9857,5.9857,5.9857,5.9857,5.9857,5.9857,5.9857,5.9857,5.9857,5.9857,5.9857,5.9857,5.9857,5.9857,5.9857,5.9857,5.9857,5.9857,5.9857,5.9857,5.9857,5.9857,5.9857,5.9857,5.9857,5.9857,5.9857,5.9857,5.9857,5.9857,5.9857,5.9857,5.9857,5.9857,5.9857,5.9857,5.9857,5.9857,5.9857,5.9857,5.9857,5.9857,5.9857,5.9857,5.9857,5.9857,5.9857,5.9857,5.9857,5.9857,5.9857,5.9857,5.9857,5.9857,5.9857,5.9857,5.9857,5.9857,5.9857,5.9857,5.9857,5.9857,5.9857,5.9857,5.9857,5.9857,5.9857,5.9857,5.9857,5.9857,5.9857,5.9857,5.9857,5.9857,5.9857,5.9857,5.9857,5.9857,5.9857,5.9857,5.9857,5.9857,5.9857,5.9857,5.9857,5.9857,5.9857,5.9857,5.9857,5.9857,5.9857,5.9857,5.9857,5.9857,5.9857,5.9857,5.9857,5.9857,5.9857,5.9857,5.9857,5.9857,5.9857,5.9857,5.9857,5.9857,5.9857,5.9857,5.9857,5.9857,5.9857,5.9857,5.9857,5.9857,5.9857,5.9857,5.9857,5.9857,5.9857,5.9857,5.9857,5.9857,5.9857,5.9857,5.9857,5.9857,5.9857,5.9857,5.9857,5.9857,5.9857,5.9857,5.9857,5.9857,5.9857,5.9857,5.9857,5.9857,5.9857,5.9857,5.9857,5.9857,5.9857,5.9857,5.9857,5.9857,5.9857,5.9857,5.9857,5.9857,5.9857,5.9857,5.9857,5.9857,5.9857,5.9857,5.9857,5.9857,5.9857,5.9857,5.9857,5.9857,5.9857,5.9857,5.9857,5.9857,5.9857,5.9857,5.9857,5.9857,5.9857,5.9857,5.9857,5.9857,5.9857,5.9857,5.9857,5.9857,5.9857,5.9857,5.9857,5.9857,5.9857,5.9857,5.9857,5.9857,5.9857,5.9857,5.9857,5.9857,5.9857,5.9857,5.9857,5.9857,5.9857,5.9857,5.9857,5.9857,5.9857,5.9857,5.9857,5.9857,5.9857,5.9857,5.9857,5.9857,5.9857,5.9857,5.9857,5.9857,5.9857,5.9857,5.9857,5.9857,5.9857,5.9857,5.9857,5.9857,5.9857,5.9857,5.9857,5.9857,5.9857,5.9857,5.9857,5.9857,5.9857,5.9857,5.9857,5.9857,5.9857,5.9857,5.9857,5.9857,5.9857,5.9857,5.9857,5.9857,5.9857,5.9857,5.9857,5.9857,5.9857,5.9857,5.9857,5.9857,5.9857,5.9857,5.9857,5.9857,5.9857,5.9857,5.9857,5.9857,5.9857,5.9857,5.9857,5.9857,5.9857,5.9857,5.9857,5.9857,5.9857,5.9857,5.9857,5.9857,5.9857,5.9857,5.9857,5.9857,5.9857,5.9857,5.9857,5.9857,5.9857,5.9857,5.9857,5.9857,5.9857,5.9857,5.9857,5.9857,5.9857,5.9857,5.9857,5.9857,5.9857,5.9857,5.9857,5.9857,5.9857,5.9857,5.9857,5.9857,5.9857,5.9857,5.9857,5.9857,5.9857,5.9857,5.9857,5.9857,5.9857,5.9857,5.9857,5.9857,5.9857,5.9857,5.9857,5.9857,5.9857,5.9857,5.9857,5.9857,5.9857,5.9857,5.9857,5.9857,5.9857,5.9857,5.9857,5.9857,5.9857,5.9857,5.9857,5.9857,5.9857,5.9857,5.9857,5.9857,5.9857,5.9857,5.9857,5.9857,5.9857,5.9857,5.9857,5.9857,5.9857,5.9857,5.9857,5.9857,5.9857,5.9857,5.9857,5.9857,5.9857,5.9857,5.9857,5.9857,5.9857,5.9857,5.9857,5.9857,5.9857,5.9857,5.9857,5.9857,5.9857,5.9857,5.9857,5.9857,5.9857,5.9857,5.9857,5.9857,5.9857,5.9857,5.9857,5.9857,5.9857,5.9857,5.9857,5.9857,5.9857,5.9857,5.9857,5.9857,5.9857,5.9857,5.9857,5.9857,5.9857,5.9857,5.9857,5.9857,5.9857,5.9857,5.9857,5.9857,5.9857,5.9857,5.9857,5.9857,5.9857,5.9857,5.9857,5.9857,5.9857,5.9857,5.9857,5.9857,5.9857,5.9857,5.9857,5.9857,5.9857,5.9857,5.9857,5.9857,5.9857,5.9857,5.9857,5.9857,5.9857,5.9857,5.9857,5.9857,5.9857,5.9857,5.9857,5.9857,5.9857,5.9857,5.9857,5.9857,5.9857,5.9857,5.9857,5.9857,5.9857,5.9857,5.9857,5.9857,5.9857,5.9857,5.9857,5.9857,5.9857,5.9857,5.9857,5.9857,5.9857,5.9857,5.9857,5.9857,5.9857,5.9857,5.9857,5.9857,5.9857,5.9857,5.9857,5.9857,5.9857,5.9857,5.9857,5.9857,5.9857,5.9857,5.9857,5.9857,5.9857,5.9857,5.9857,5.9857,5.9857,5.9857,5.9857,5.9857,5.9857,5.9857,5.9857,5.9857,5.9857,5.9857,5.9857,5.9857,5.9857,5.9857,5.9857,5.9857,5.9857,5.9857,5.9857,5.9857,5.9857,5.9857,5.9857,5.9857,5.9857,5.9857,5.9857,5.9857,5.9857,5.9857,5.9857,5.9857,5.9857,5.9857,5.9857,5.9857,5.9857,5.9857,5.9857,5.9857,5.9857,5.9857,5.9857,5.9857,5.9857,5.9857,5.9857,5.9857,5.9857,5.9857,5.9857,5.9857,5.9857,5.9857,5.9857,5.9857,5.9857,5.9857,5.9857,5.9857,5.9857,5.9857,5.9857,5.9857,5.9857,5.9857,5.9857,5.9857,5.9857,5.9857,5.9857,5.9857,5.9857,5.9857,5.9857,5.9857,5.9857,5.9857,5.9857,5.9857,5.9857,5.9857,5.9857,5.9857,5.9857,5.9857,5.9857,5.9857,5.9857,5.9857,5.9857,5.9857,5.9857,5.9857,5.9857,5.9857,5.9857,5.9857,5.9857,5.9857,5.9857,5.9857,5.9857,5.9857,5.9857,5.9857,5.9857,5.9857,5.9857,5.9857,5.9857,5.9857,5.9857,5.9857,5.9857,5.9857,5.9857,5.9857,5.9857,5.9857,5.9857,5.9857,5.9857,5.9857,5.9857,5.9857,5.9857,5.9857,5.9857,5.9857,5.9857,5.9857,5.9857,5.9857,5.9857,5.9857,5.9857,5.9857,5.9857,5.9857,5.9857,5.9857,5.9857,5.9857,5.9857,5.9857,5.9857,5.9857,5.9857,5.9857,5.9857,5.9857,5.9857,5.9857,5.9857,5.9857,5.9857,5.9857,5.9857,5.9857,5.9857,5.9857,5.9857,5.9857,5.9857,5.9857,5.9857,5.9857,5.9857,5.9857,5.9857,5.9857,5.9857,5.9857,5.9857,5.9857,5.9857,5.9857,5.9857,5.9857,5.9857,5.9857,5.9857,5.9857,5.9857,5.9857,5.9857,5.9857,5.9857,5.9857,5.9857,5.9857,5.9857,5.9857,5.9857,5.9857,5.9857,5.9857,5.9857,5.9857,5.9857,5.9857,5.9857,5.9857,5.9857,5.9857,5.9857,5.9857,5.9857,5.9857,5.9857,5.9857,5.9857,5.9857,5.9857,5.9857,5.9857,5.9857,5.9857,5.9857,5.9857,5.9857,5.9857,5.9857,5.9857,5.9857,5.9857,5.9857,5.9857,5.9857,5.9857,5.9857,5.9857,5.9857,5.9857,5.9857,5.9857,5.9857,5.9857,5.9857,5.9857,5.9857,5.9857,5.9857,5.9857,5.9857,5.9857,5.9857,5.9857,5.9857,5.9857,5.9857,5.9857,5.9857,5.9857,5.9857,5.9857,5.9857,5.9857,5.9857,5.9857,5.9857,5.9857,5.9857,5.9857,5.9857,5.9857,5.9857,5.9857,5.9857,5.9857,5.9857,5.9857,5.9857,5.9857,5.9857,5.9857,5.9857,5.9857,5.9857,5.9857,5.9857,5.9857,5.9857,5.9857,5.9857,5.9857,5.9857,5.9857,5.9857,5.9857,5.9857,5.9857,5.9857,5.9857,5.9857,5.9857,5.9857,5.9857
5.9816,5.9816,5.9816,5.9816,5.9816,5.9816,5.9816,5.9816,5.9816,5.9816,5.9816,5.9816,5.9816,5.9816,5.9816,5.9816,5.9816,5.9816,5.9816,5.9816,5.9816,5.9816,5.9816,5.9816,5.9816,5.9816,5.9816,5.9816,5.9816,5.9816,5.9816,5.9816,5.9816,5.9816,5.9816,5.9816,5.9816,5.9816,5.9816,5.9816,5.9816,5.9816,5.9816,5.9816,5.9816,5.9816,5.9816,5.9816,5.9816,5.9816,5.9816,5.9816,5.9816,5.9816,5.9816,5.9816,5.9816,5.9816,5.9816,5.9816,5.9816,5.9816,5.9816,5.9816,5.9816,5.9816,5.9816,5.9816,5.9816,5.9816,5.9816,5.9816,5.9816,5.9816,5.9816,5.9816,5.9816,5.9816,5.9816,5.9816,5.9816,5.9816,5.9816,5.9816,5.9816,5.9816,5.9816,5.9816,5.9816,5.9816,5.9816,5.9816,5.9816,5.9816,5.9816,5.9816,5.9816,5.9816,5.9816,5.9816,5.9816,5.9816,5.9816,5.9816,5.9816,5.9816,5.9816,5.9816,5.9816,5.9816,5.9816,5.9816,5.9816,5.9816,5.9816,5.9816,5.9816,5.9816,5.9816,5.9816,5.9816,5.9816,5.9816,5.9816,5.9816,5.9816,5.9816,5.9816,5.9816,5.9816,5.9816,5.9816,5.9816,5.9816,5.9816,5.9816,5.9816,5.9816,5.9816,5.9816,5.9816,5.9816,5.9816,5.9816,5.9816,5.9816,5.9816,5.9816,5.9816,5.9816,5.9816,5.9816,5.9816,5.9816,5.9816,5.9816,5.9816,5.9816,5.9816,5.9816,5.9816,5.9816,5.9816,5.9816,5.9816,5.9816,5.9816,5.9816,5.9816,5.9816,5.9816,5.9816,5.9816,5.9816,5.9816,5.9816,5.9816,5.9816,5.9816,5.9816,5.9816,5.9816,5.9816,5.9816,5.9816,5.9816,5.9816,5.9816,5.9816,5.9816,5.9816,5.9816,5.9816,5.9816,5.9816,5.9816,5.9816,5.9816,5.9816,5.9816,5.9816,5.9816,5.9816,5.9816,5.9816,5.9816,5.9816,5.9816,5.9816,5.9816,5.9816,5.9816,5.9816,5.9816,5.9816,5.9816,5.9816,5.9816,5.9816,5.9816,5.9816,5.9816,5.9816,5.9816,5.9816,5.9816,5.9816,5.9816,5.9816,5.9816,5.9816,5.9816,5.9816,5.9816,5.9816,5.9816,5.9816,5.9816,5.9816,5.9816,5.9816,5.9816,5.9816,5.9816,5.9816,5.9816,5.9816,5.9816,5.9816,5.9816,5.9816,5.9816,5.9816,5.9816,5.9816,5.9816,5.9816,5.9816,5.9816,5.9816,5.9816,5.9816,5.9816,5.9816,5.9816,5.9816,5.9816,5.9816,5.9816,5.9816,5.9816,5.9816,5.9816,5.9816,5.9816,5.9816,5.9816,5.9816,5.9816,5.9816,5.9816,5.9816,5.9816,5.9816,5.9816,5.9816,5.9816,5.9816,5.9816,5.9816,5.9816,5.9816,5.9816,5.9816,5.9816,5.9816,5.9816,5.9816,5.9816,5.9816,5.9816,5.9816,5.9816,5.9816,5.9816,5.9816,5.9816,5.9816,5.9816,5.9816,5.9816,5.9816,5.9816,5.9816,5.9816,5.9816,5.9816,5.9816,5.9816,5.9816,5.9816,5.9816,5.9816,5.9816,5.9816,5.9816,5.9816,5.9816,5.9816,5.9816,5.9816,5.9816,5.9816,5.9816,5.9816,5.9816,5.9816,5.9816,5.9816,5.9816,5.9816,5.9816,5.9816,5.9816,5.9816,5.9816,5.9816,5.9816,5.9816,5.9816,5.9816,5.9816,5.9816,5.9816,5.9816,5.9816,5.9816,5.9816,5.9816,5.9816,5.9816,5.9816,5.9816,5.9816,5.9816,5.9816,5.9816,5.9816,5.9816,5.9816,5.9816,5.9816,5.9816,5.9816,5.9816,5.9816,5.9816,5.9816,5.9816,5.9816,5.9816,5.9816,5.9816,5.9816,5.9816,5.9816,5.9816,5.9816,5.9816,5.9816,5.9816,5.9816,5.9816,5.9816,5.9816,5.9816,5.9816,5.9816,5.9816,5.9816,5.9816,5.9816,5.9816,5.9816,5.9816,5.9816,5.9816,5.9816,5.9816,5.9816,5.9816,5.9816,5.9816,5.9816,5.9816,5.9816,5.9816,5.9816,5.9816,5.9816,5.9816,5.9816,5.9816,5.9816,5.9816,5.9816,5.9816,5.9816,5.9816,5.9816,5.9816,5.9816,5.9816,5.9816,5.9816,5.9816,5.9816,5.9816,5.9816,5.9816,5.9816,5.9816,5.9816,5.9816,5.9816,5.9816,5.9816,5.9816,5.9816,5.9816,5.9816,5.9816,5.9816,5.9816,5.9816,5.9816,5.9816,5.9816,5.9816,5.9816,5.9816,5.9816,5.9816,5.9816,5.9816,5.9816,5.9816,5.9816,5.9816,5.9816,5.9816,5.9816,5.9816,5.9816,5.9816,5.9816,5.9816,5.9816,5.9816,5.9816,5.9816,5.9816,5.9816,5.9816,5.9816,5.9816,5.9816,5.9816,5.9816,5.9816,5.9816,5.9816,5.9816,5.9816,5.9816,5.9816,5.9816,5.9816,5.9816,5.9816,5.9816,5.9816,5.9816,5.9816,5.9816,5.9816,5.9816,5.9816,5.9816,5.9816,5.9816,5.9816,5.9816,5.9816,5.9816,5.9816,5.9816,5.9816,5.9816,5.9816,5.9816,5.9816,5.9816,5.9816,5.9816,5.9816,5.9816,5.9816,5.9816,5.9816,5.9816,5.9816,5.9816,5.9816,5.9816,5.9816,5.9816,5.9816,5.9816,5.9816,5.9816,5.9816,5.9816,5.9816,5.9816,5.9816,5.9816,5.9816,5.9816,5.9816,5.9816,5.9816,5.9816,5.9816,5.9816,5.9816,5.9816,5.9816,5.9816,5.9816,5.9816,5.9816,5.9816,5.9816,5.9816,5.9816,5.9816,5.9816,5.9816,5.9816,5.9816,5.9816,5.9816,5.9816,5.9816,5.9816,5.9816,5.9816,5.9816,5.9816,5.9816,5.9816,5.9816,5.9816,5.9816,5.9816,5.9816,5.9816,5.9816,5.9816,5.9816,5.9816,5.9816,5.9816,5.9816,5.9816,5.9816,5.9816,5.9816,5.9816,5.9816,5.9816,5.9816,5.9816,5.9816,5.9816,5.9816,5.9816,5.9816,5.9816,5.9816,5.9816,5.9816,5.9816,5.9816,5.9816,5.9816,5.9816,5.9816,5.9816,5.9816,5.9816,5.9816,5.9816,5.9816,5.9816,5.9816,5.9816,5.9816,5.9816,5.9816,5.9816,5.9816,5.9816,5.9816,5.9816,5.9816,5.9816,5.9816,5.9816,5.9816,5.9816,5.9816,5.9816,5.9816,5.9816,5.9816,5.9816,5.9816,5.9816,5.9816,5.9816,5.9816,5.9816,5.9816,5.9816,5.9816,5.9816,5.9816,5.9816,5.9816,5.9816,5.9816,5.9816,5.9816,5.9816,5.9816,5.9816,5.9816,5.9816,5.9816,5.9816,5.9816,5.9816,5.9816,5.9816,5.9816,5.9816,5.9816,5.9816,5.9816,5.9816,5.9816,5.9816,5.9816,5.9816,5.9816,5.9816,5.9816,5.9816,5.9816,5.9816,5.9816,5.9816,5.9816,5.9816,5.9816,5.9816,5.9816,5.9816,5.9816,5.9816,5.9816,5.9816,5.9816,5.9816,5.9816,5.9816,5.9816,5.9816,5.9816,5.9816,5.9816,5.9816,5.9816,5.9816,5.9816,5.9816,5.9816,5.9816,5.9816,5.9816,5.9816,5.9816,5.9816,5.9816,5.9816,5.9816,5.9816,5.9816,5.9816,5.9816,5.9816,5.9816,5.9816,5.9816,5.9816,5.9816,5.9816,5.9816,5.9816,5.9816,5.9816,5.9816,5.9816,5.9816,5.9816,5.9816,5.9816,5.9816,5.9816,5.9816,5.9816,5.9816,5.9816,5.9816,5.9816,5.9816,5.9816,5.9816,5.9816,5.9816,5.9816,5.9816,5.9816,5.9816,5.9816,5.9816,5.9816,5.9816,5.9816,5.9816,5.9816,5.9816,5.9816,5.9816,5.9816,5.9816,5.9816,5.9816,5.9816,5.9816,5.9816,5.9816,5.9816,5.9816,5.9816,5.9816,5.9816,5.9816,5.9816,5.9816,5.9816,5.9816,5.9816,5.9816,5.9816,5.9816,5.9816,5.9816,5.9816,5.9816,5.9816,5.9816,5.9816,5.9816,5.9816,5.9816,5.9816,5.9816,5.9816,5.9816,5.9816,5.9816,5.9816,5.9816,5.9816,5.9816,5.9816,5.9816,5.9816,5.9816,5.9816,5.9816,5.9816,5.9816,5.9816,5.9816,5.9816,5.9816,5.9816,5.9816,5.9816,5.9816,5.9816,5.9816,5.9816,5.9816,5.9816,5.9816,5.9816,5.9816,5.9816,5.9816,5.9816,5.9816,5.9816,5.9816,5.9816,5.9816,5.9816,5.9816,5.9816,5.9816,5.9816,5.9816,5.9816,5.9816,5.9816,5.9816,5.9816,5.9816,5.9816,5.9816,5.9816,5.9816,5.9816,5.9816,5.9816,5.9816,5.9816,5.9816,5.9816,5.9816,5.9816,5.9816,5.9816,5.9816,5.9816,5.9816,5.9816,5.9816,5.9816,5.9816,5.9816,5.9816,5.9816,5.9816,5.9816,5.9816,5.9816,5.9816,5.9816,5.9816,5.9816,5.9816,5.9816,5.9816,5.9816,5.9816,5.9816,5.9816,5.9816,5.9816,5.9816,5.9816,5.9816,5.9816,5.9816,5.9816,5.9816,5.9816,5.9816,5.9816,5.9816,5.9816,5.9816,5.9816,5.9816,5.9816,5.9816,5.9816,5.9816,5.9816,5.9816,5.9816,5.9816,5.9816,5.9816,5.9816,5.9816,5.9816,5.9816,5.9816,5.9816,5.9816,5.9816,5.9816,5.9816,5.9816,5.9816,5.9816,5.9816,5.9816,5.9816,5.9816,5.9816,5.9816,5.9816,5.9816,5.9816,5.9816,5.9816,5.9816,5.9816,5.9816,5.9816,5.9816,5.9816,5.9816
5.9778,5.9778,5.9778,5.9778,5.9778,5.9778,5.9778,5.9778,5.9778,5.9778,5.9778,5.9778,5.9778,5.9778,5.9778,5.9778,5.9778,5.9778,5.9778,5.9778,5.9778,5.9778,5.9778,5.9778,5.9778,5.9778,5.9778,5.9778,5.9778,5.9778,5.9778,5.9778,5.9778,5.9778,5.9778,5.9778,5.9778,5.9778,5.9778,5.9778,5.9778,5.9778,5.9778,5.9778,5.9778,5.9778,5.9778,5.9778,5.9778,5.9778,5.9778,5.9778,5.9778,5.9778,5.9778,5.9778,5.9778,5.9778,5.9778,5.9778,5.9778,5.9778,5.9778,5.9778,5.9778,5.9778,5.9778,5.9778,5.9778,5.9778,5.9778,5.9778,5.9778,5.9778,5.9778,5.9778,5.9778,5.9778,5.9778,5.9778,5.9778,5.9778,5.9778,5.9778,5.9778,5.9778,5.9778,5.9778,5.9778,5.9778,5.9778,5.9778,5.9778,5.9778,5.9778,5.9778,5.9778,5.9778,5.9778,5.9778,5.9778,5.9778,5.9778,5.9778,5.9778,5.9778,5.9778,5.9778,5.9778,5.9778,5.9778,5.9778,5.9778,5.9778,5.9778,5.9778,5.9778,5.9778,5.9778,5.9778,5.9778,5.9778,5.9778,5.9778,5.9778,5.9778,5.9778,5.9778,5.9778,5.9778,5.9778,5.9778,5.9778,5.9778,5.9778,5.9778,5.9778,5.9778,5.9778,5.9778,5.9778,5.9778,5.9778,5.9778,5.9778,5.9778,5.9778,5.9778,5.9778,5.9778,5.9778,5.9778,5.9778,5.9778,5.9778,5.9778,5.9778,5.9778,5.9778,5.9778,5.9778,5.9778,5.9778,5.9778,5.9778,5.9778,5.9778,5.9778,5.9778,5.9778,5.9778,5.9778,5.9778,5.9778,5.9778,5.9778,5.9778,5.9778,5.9778,5.9778,5.9778,5.9778,5.9778,5.9778,5.9778,5.9778,5.9778,5.9778,5.9778,5.9778,5.9778,5.9778,5.9778,5.9778,5.9778,5.9778,5.9778,5.9778,5.9778,5.9778,5.9778,5.9778,5.9778,5.9778,5.9778,5.9778,5.9778,5.9778,5.9778,5.9778,5.9778,5.9778,5.9778,5.9778,5.9778,5.9778,5.9778,5.9778,5.9778,5.9778,5.9778,5.9778,5.9778,5.9778,5.9778,5.9778,5.9778,5.9778,5.9778,5.9778,5.9778,5.9778,5.9778,5.9778,5.9778,5.9778,5.9778,5.9778,5.9778,5.9778,5.9778,5.9778,5.9778,5.9778,5.9778,5.9778,5.9778,5.9778,5.9778,5.9778,5.9778,5.9778,5.9778,5.9778,5.9778,5.9778,5.9778,5.9778,5.9778,5.9778,5.9778,5.9778,5.9778,5.9778,5.9778,5.9778,5.9778,5.9778,5.9778,5.9778,5.9778,5.9778,5.9778,5.9778,5.9778,5.9778,5.9778,5.9778,5.9778,5.9778,5.9778,5.9778,5.9778,5.9778,5.9778,5.9778,5.9778,5.9778,5.9778,5.9778,5.9778,5.9778,5.9778,5.9778,5.9778,5.9778,5.9778,5.9778,5.9778,5.9778,5.9778,5.9778,5.9778,5.9778,5.9778,5.9778,5.9778,5.9778,5.9778,5.9778,5.9778,5.9778,5.9778,5.9778,5.9778,5.9778,5.9778,5.9778,5.9778,5.9778,5.9778,5.9778,5.9778,5.9778,5.9778,5.9778,5.9778,5.9778,5.9778,5.9778,5.9778,5.9778,5.9778,5.9778,5.9778,5.9778,5.9778,5.9778,5.9778,5.9778,5.9778,5.9778,5.9778,5.9778,5.9778,5.9778,5.9778,5.9778,5.9778,5.9778,5.9778,5.9778,5.9778,5.9778,5.9778,5.9778,5.9778,5.9778,5.9778,5.9778,5.9778,5.9778,5.9778,5.9778,5.9778,5.9778,5.9778,5.9778,5.9778,5.9778,5.9778,5.9778,5.9778,5.9778,5.9778,5.9778,5.9778,5.9778,5.9778,5.9778,5.9778,5.9778,5.9778,5.9778,5.9778,5.9778,5.9778,5.9778,5.9778,5.9778,5.9778,5.9778,5.9778,5.9778,5.9778,5.9778,5.9778,5.9778,5.9778,5.9778,5.9778,5.9778,5.9778,5.9778,5.9778,5.9778,5.9778,5.9778,5.9778,5.9778,5.9778,5.9778,5.9778,5.9778,5.9778,5.9778,5.9778,5.9778,5.9778,5.9778,5.9778,5.9778,5.9778,5.9778,5.9778,5.9778,5.9778,5.9778,5.9778,5.9778,5.9778,5.9778,5.9778,5.9778,5.9778,5.9778,5.9778,5.9778,5.9778,5.9778,5.9778,5.9778,5.9778,5.9778,5.9778,5.9778,5.9778,5.9778,5.9778,5.9778,5.9778,5.9778,5.9778,5.9778,5.9778,5.9778,5.9778,5.9778,5.9778,5.9778,5.9778,5.9778,5.9778,5.9778,5.9778,5.9778,5.9778,5.9778,5.9778,5.9778,5.9778,5.9778,5.9778,5.9778,5.9778,5.9778,5.9778,5.9778,5.9778,5.9778,5.9778,5.9778,5.9778,5.9778,5.9778,5.9778,5.9778,5.9778,5.9778,5.9778,5.9778,5.9778,5.9778,5.9778,5.9778,5.9778,5.9778,5.9778,5.9778,5.9778,5.9778,5.9778,5.9778,5.9778,5.9778,5.9778,5.9778,5.9778,5.9778,5.9778,5.9778,5.9778,5.9778,5.9778,5.9778,5.9778,5.9778,5.9778,5.9778,5.9778,5.9778,5.9778,5.9778,5.9778,5.9778,5.9778,5.9778,5.9778,5.9778,5.9778,5.9778,5.9778,5.9778,5.9778,5.9778,5.9778,5.9778,5.9778,5.9778,5.9778,5.9778,5.9778,5.9778,5.9778,5.9778,5.9778,5.9778,5.9778,5.9778,5.9778,5.9778,5.9778,5.9778,5.9778,5.9778,5.9778,5.9778,5.9778,5.9778,5.9778,5.9778,5.9778,5.9778,5.9778,5.9778,5.9778,5.9778,5.9778,5.9778,5.9778,5.9778,5.9778,5.9778,5.9778,5.9778,5.9778,5.9778,5.9778,5.9778,5.9778,5.9778,5.9778,5.9778,5.9778,5.9778,5.9778,5.9778,5.9778,5.9778,5.9778,5.9778,5.9778,5.9778,5.9778,5.9778,5.9778,5.9778,5.9778,5.9778,5.9778,5.9778,5.9778,5.9778,5.9778,5.9778,5.9778,5.9778,5.9778,5.9778,5.9778,5.9778,5.9778,5.9778,5.9778,5.9778,5.9778,5.9778,5.9778,5.9778,5.9778,5.9778,5.9778,5.9778,5.9778,5.9778,5.9778,5.9778,5.9778,5.9778,5.9778,5.9778,5.9778,5.9778,5.9778,5.9778,5.9778,5.9778,5.9778,5.9778,5.9778,5.9778,5.9778,5.9778,5.9778,5.9778,5.9778,5.9778,5.9778,5.9778,5.9778,5.9778,5.9778,5.9778,5.9778,5.9778,5.9778,5.9778,5.9778,5.9778,5.9778,5.9778,5.9778,5.9778,5.9778,5.9778,5.9778,5.9778,5.9778,5.9778,5.9778,5.9778,5.9778,5.9778,5.9778,5.9778,5.9778,5.9778,5.9778,5.9778,5.9778,5.9778,5.9778,5.9778,5.9778,5.9778,5.9778,5.9778,5.9778,5.9778,5.9778,5.9778,5.9778,5.9778,5.9778,5.9778,5.9778,5.9778,5.9778,5.9778,5.9778,5.9778,5.9778,5.9778,5.9778,5.9778,5.9778,5.9778,5.9778,5.9778,5.9778,5.9778,5.9778,5.9778,5.9778,5.9778,5.9778,5.9778,5.9778,5.9778,5.9778,5.9778,5.9778,5.9778,5.9778,5.9778,5.9778,5.9778,5.9778,5.9778,5.9778,5.9778,5.9778,5.9778,5.9778,5.9778,5.9778,5.9778,5.9778,5.9778,5.9778,5.9778,5.9778,5.9778,5.9778,5.9778,5.9778,5.9778,5.9778,5.9778,5.9778,5.9778,5.9778,5.9778,5.9778,5.9778,5.9778,5.9778,5.9778,5.9778,5.9778,5.9778,5.9778,5.9778,5.9778,5.9778,5.9778,5.9778,5.9778,5.9778,5.9778,5.9778,5.9778,5.9778,5.9778,5.9778,5.9778,5.9778,5.9778,5.9778,5.9778,5.9778,5.9778,5.9778,5.9778,5.9778,5.9778,5.9778,5.9778,5.9778,5.9778,5.9778,5.9778,5.9778,5.9778,5.9778,5.9778,5.9778,5.9778,5.9778,5.9778,5.9778,5.9778,5.9778,5.9778,5.9778,5.9778,5.9778,5.9778,5.9778,5.9778,5.9778,5.9778,5.9778,5.9778,5.9778,5.9778,5.9778,5.9778,5.9778,5.9778,5.9778,5.9778,5.9778,5.9778,5.9778,5.9778,5.9778,5.9778,5.9778,5.9778,5.9778,5.9778,5.9778,5.9778,5.9778,5.9778,5.9778,5.9778,5.9778,5.9778,5.9778,5.9778,5.9778,5.9778,5.9778,5.9778,5.9778,5.9778,5.9778,5.9778,5.9778,5.9778,5.9778,5.9778,5.9778,5.9778,5.9778,5.9778,5.9778,5.9778,5.9778,5.9778,5.9778,5.9778,5.9778,5.9778,5.9778,5.9778,5.9778,5.9778,5.9778,5.9778,5.9778,5.9778,5.9778,5.9778,5.9778,5.9778,5.9778,5.9778,5.9778,5.9778,5.9778,5.9778,5.9778,5.9778,5.9778,5.9778,5.9778,5.9778,5.9778,5.9778,5.9778,5.9778,5.9778,5.9778,5.9778,5.9778,5.9778,5.9778,5.9778,5.9778,5.9778,5.9778,5.9778,5.9778,5.9778,5.9778,5.9778,5.9778,5.9778,5.9778,5.9778,5.9778,5.9778,5.9778,5.9778,5.9778,5.9778,5.9778,5.9778,5.9778,5.9778,5.9778,5.9778,5.9778,5.9778,5.9778,5.9778,5.9778,5.9778,5.9778,5.9778,5.9778,5.9778,5.9778,5.9778,5.9778,5.9778,5.9778,5.9778,5.9778,5.9778,5.9778,5.9778,5.9778,5.9778,5.9778,5.9778,5.9778,5.9778,5.9778,5.9778,5.9778,5.9778,5.9778,5.9778,5.9778,5.9778,5.9778
5.9738,5.9738,5.9738,5.9738,5.9738,5.9738,5.9738,5.9738,5.9738,5.9738,5.9738,5.9738,5.9738,5.9738,5.9738,5.9738,5.9738,5.9738,5.9738,5.9738,5.9738,5.9738,5.9738,5.9738,5.9738,5.9738,5.9738,5.9738,5.9738,5.9738,5.9738,5.9738,5.9738,5.9738,5.9738,5.9738,5.9738,5.9738,5.9738,5.9738,5.9738,5.9738,5.9738,5.9738,5.9738,5.9738,5.9738,5.9738,5.9738,5.9738,5.9738,5.9738,5.9738,5.9738,5.9738,5.9738,5.9738,5.9738,5.9738,5.9738,5.9738,5.9738,5.9738,5.9738,5.9738,5.9738,5.9738,5.9738,5.9738,5.9738,5.9738,5.9738,5.9738,5.9738,5.9738,5.9738,5.9738,5.9738,5.9738,5.9738,5.9738,5.9738,5.9738,5.9738,5.9738,5.9738,5.9738,5.9738,5.9738,5.9738,5.9738,5.9738,5.9738,5.9738,5.9738,5.9738,5.9738,5.9738,5.9738,5.9738,5.9738,5.9738,5.9738,5.9738,5.9738,5.9738,5.9738,5.9738,5.9738,5.9738,5.9738,5.9738,5.9738,5.9738,5.9738,5.9738,5.9738,5.9738,5.9738,5.9738,5.9738,5.9738,5.9738,5.9738,5.9738,5.9738,5.9738,5.9738,5.9738,5.9738,5.9738,5.9738,5.9738,5.9738,5.9738,5.9738,5.9738,5.9738,5.9738,5.9738,5.9738,5.9738,5.9738,5.9738,5.9738,5.9738,5.9738,5.9738,5.9738,5.9738,5.9738,5.9738,5.9738,5.9738,5.9738,5.9738,5.9738,5.9738,5.9738,5.9738,5.9738,5.9738,5.9738,5.9738,5.9738,5.9738,5.9738,5.9738,5.9738,5.9738,5.9738,5.9738,5.9738,5.9738,5.9738,5.9738,5.9738,5.9738,5.9738,5.9738,5.9738,5.9738,5.9738,5.9738,5.9738,5.9738,5.9738,5.9738,5.9738,5.9738,5.9738,5.9738,5.9738,5.9738,5.9738,5.9738,5.9738,5.9738,5.9738,5.9738,5.9738,5.9738,5.9738,5.9738,5.9738,5.9738,5.9738,5.9738,5.9738,5.9738,5.9738,5.9738,5.9738,5.9738,5.9738,5.9738,5.9738,5.9738,5.9738,5.9738,5.9738,5.9738,5.9738,5.9738,5.9738,5.9738,5.9738,5.9738,5.9738,5.9738,5.9738,5.9738,5.9738,5.9738,5.9738,5.9738,5.9738,5.9738,5.9738,5.9738,5.9738,5.9738,5.9738,5.9738,5.9738,5.9738,5.9738,5.9738,5.9738,5.9738,5.9738,5.9738,5.9738,5.9738,5.9738,5.9738,5.9738,5.9738,5.9738,5.9738,5.9738,5.9738,5.9738,5.9738,5.9738,5.9738,5.9738,5.9738,5.9738,5.9738,5.9738,5.9738,5.9738,5.9738,5.9738,5.9738,5.9738,5.9738,5.9738,5.9738,5.9738,5.9738,5.9738,5.9738,5.9738,5.9738,5.9738,5.9738,5.9738,5.9738,5.9738,5.9738,5.9738,5.9738,5.9738,5.9738,5.9738,5.9738,5.9738,5.9738,5.9738,5.9738,5.9738,5.9738,5.9738,5.9738,5.9738,5.9738,5.9738,5.9738,5.9738,5.9738,5.9738,5.9738,5.9738,5.9738,5.9738,5.9738,5.9738,5.9738,5.9738,5.9738,5.9738,5.9738,5.9738,5.9738,5.9738,5.9738,5.9738,5.9738,5.9738,5.9738,5.9738,5.9738,5.9738,5.9738,5.9738,5.9738,5.9738,5.9738,5.9738,5.9738,5.9738,5.9738,5.9738,5.9738,5.9738,5.9738,5.9738,5.9738,5.9738,5.9738,5.9738,5.9738,5.9738,5.9738,5.9738,5.9738,5.9738,5.9738,5.9738,5.9738,5.9738,5.9738,5.9738,5.9738,5.9738,5.9738,5.9738,5.9738,5.9738,5.9738,5.9738,5.9738,5.9738,5.9738,5.9738,5.9738,5.9738,5.9738,5.9738,5.9738,5.9738,5.9738,5.9738,5.9738,5.9738,5.9738,5.9738,5.9738,5.9738,5.9738,5.9738,5.9738,5.9738,5.9738,5.9738,5.9738,5.9738,5.9738,5.9738,5.9738,5.9738,5.9738,5.9738,5.9738,5.9738,5.9738,5.9738,5.9738,5.9738,5.9738,5.9738,5.9738,5.9738,5.9738,5.9738,5.9738,5.9738,5.9738,5.9738,5.9738,5.9738,5.9738,5.9738,5.9738,5.9738,5.9738,5.9738,5.9738,5.9738,5.9738,5.9738,5.9738,5.9738,5.9738,5.9738,5.9738,5.9738,5.9738,5.9738,5.9738,5.9738,5.9738,5.9738,5.9738,5.9738,5.9738,5.9738,5.9738,5.9738,5.9738,5.9738,5.9738,5.9738,5.9738,5.9738,5.9738,5.9738,5.9738,5.9738,5.9738,5.9738,5.9738,5.9738,5.9738,5.9738,5.9738,5.9738,5.9738,5.9738,5.9738,5.9738,5.9738,5.9738,5.9738,5.9738,5.9738,5.9738,5.9738,5.9738,5.9738,5.9738,5.9738,5.9738,5.9738,5.9738,5.9738,5.9738,5.9738,5.9738,5.9738,5.9738,5.9738,5.9738,5.9738,5.9738,5.9738,5.9738,5.9738,5.9738,5.9738,5.9738,5.9738,5.9738,5.9738,5.9738,5.9738,5.9738,5.9738,5.9738,5.9738,5.9738,5.9738,5.9738,5.9738,5.9738,5.9738,5.9738,5.9738,5.9738,5.9738,5.9738,5.9738,5.9738,5.9738,5.9738,5.9738,5.9738,5.9738,5.9738,5.9738,5.9738,5.9738,5.9738,5.9738,5.9738,5.9738,5.9738,5.9738,5.9738,5.9738,5.9738,5.9738,5.9738,5.9738,5.9738,5.9738,5.9738,5.9738,5.9738,5.9738,5.9738,5.9738,5.9738,5.9738,5.9738,5.9738,5.9738,5.9738,5.9738,5.9738,5.9738,5.9738,5.9738,5.9738,5.9738,5.9738,5.9738,5.9738,5.9738,5.9738,5.9738,5.9738,5.9738,5.9738,5.9738,5.9738,5.9738,5.9738,5.9738,5.9738,5.9738,5.9738,5.9738,5.9738,5.9738,5.9738,5.9738,5.9738,5.9738,5.9738,5.9738,5.9738,5.9738,5.9738,5.9738,5.9738,5.9738,5.9738,5.9738,5.9738,5.9738,5.9738,5.9738,5.9738,5.9738,5.9738,5.9738,5.9738,5.9738,5.9738,5.9738,5.9738,5.9738,5.9738,5.9738,5.9738,5.9738,5.9738,5.9738,5.9738,5.9738,5.9738,5.9738,5.9738,5.9738,5.9738,5.9738,5.9738,5.9738,5.9738,5.9738,5.9738,5.9738,5.9738,5.9738,5.9738,5.9738,5.9738,5.9738,5.9738,5.9738,5.9738,5.9738,5.9738,5.9738,5.9738,5.9738,5.9738,5.9738,5.9738,5.9738,5.9738,5.9738,5.9738,5.9738,5.9738,5.9738,5.9738,5.9738,5.9738,5.9738,5.9738,5.9738,5.9738,5.9738,5.9738,5.9738,5.9738,5.9738,5.9738,5.9738,5.9738,5.9738,5.9738,5.9738,5.9738,5.9738,5.9738,5.9738,5.9738,5.9738,5.9738,5.9738,5.9738,5.9738,5.9738,5.9738,5.9738,5.9738,5.9738,5.9738,5.9738,5.9738,5.9738,5.9738,5.9738,5.9738,5.9738,5.9738,5.9738,5.9738,5.9738,5.9738,5.9738,5.9738,5.9738,5.9738,5.9738,5.9738,5.9738,5.9738,5.9738,5.9738,5.9738,5.9738,5.9738,5.9738,5.9738,5.9738,5.9738,5.9738,5.9738,5.9738,5.9738,5.9738,5.9738,5.9738,5.9738,5.9738,5.9738,5.9738,5.9738,5.9738,5.9738,5.9738,5.9738,5.9738,5.9738,5.9738,5.9738,5.9738,5.9738,5.9738,5.9738,5.9738,5.9738,5.9738,5.9738,5.9738,5.9738,5.9738,5.9738,5.9738,5.9738,5.9738,5.9738,5.9738,5.9738,5.9738,5.9738,5.9738,5.9738,5.9738,5.9738,5.9738,5.9738,5.9738,5.9738,5.9738,5.9738,5.9738,5.9738,5.9738,5.9738,5.9738,5.9738,5.9738,5.9738,5.9738,5.9738,5.9738,5.9738,5.9738,5.9738,5.9738,5.9738,5.9738,5.9738,5.9738,5.9738,5.9738,5.9738,5.9738,5.9738,5.9738,5.9738,5.9738,5.9738,5.9738,5.9738,5.9738,5.9738,5.9738,5.9738,5.9738,5.9738,5.9738,5.9738,5.9738,5.9738,5.9738,5.9738,5.9738,5.9738,5.9738,5.9738,5.9738,5.9738,5.9738,5.9738,5.9738,5.9738,5.9738,5.9738,5.9738,5.9738,5.9738,5.9738,5.9738,5.9738,5.9738,5.9738,5.9738,5.9738,5.9738,5.9738,5.9738,5.9738,5.9738,5.9738,5.9738,5.9738,5.9738,5.9738,5.9738,5.9738,5.9738,5.9738,5.9738,5.9738,5.9738,5.9738,5.9738,5.9738,5.9738,5.9738,5.9738,5.9738,5.9738,5.9738,5.9738,5.9738,5.9738,5.9738,5.9738,5.9738,5.9738,5.9738,5.9738,5.9738,5.9738,5.9738,5.9738,5.9738,5.9738,5.9738,5.9738,5.9738,5.9738,5.9738,5.9738,5.9738,5.9738,5.9738,5.9738,5.9738,5.9738,5.9738,5.9738,5.9738,5.9738,5.9738,5.9738,5.9738,5.9738,5.9738,5.9738,5.9738,5.9738,5.9738,5.9738,5.9738,5.9738,5.9738,5.9738,5.9738,5.9738,5.9738,5.9738,5.9738,5.9738,5.9738,5.9738,5.9738,5.9738,5.9738,5.9738,5.9738,5.9738,5.9738,5.9738,5.9738,5.9738,5.9738,5.9738,5.9738,5.9738,5.9738,5.9738,5.9738,5.9738,5.9738,5.9738,5.9738,5.9738,5.9738,5.9738,5.9738,5.9738,5.9738,5.9738,5.9738,5.9738,5.9738,5.9738,5.9738,5.9738,5.9738,5.9738,5.9738,5.9738,5.9738,5.9738,5.9738,5.9738,5.9738,5.9738,5.9738
5.9697,5.9697,5.9697,5.9697,5.9697,5.9697,5.9697,5.9697,5.9697,5.9697,5.9697,5.9697,5.9697,5.9697,5.9697,5.9697,5.9697,5.9697,5.9697,5.9697,5.9697,5.9697,5.9697,5.9697,5.9697,5.9697,5.9697,5.9697,5.9697,5.9697,5.9697,5.9697,5.9697,5.9697,5.9697,5.9697,5.9697,5.9697,5.9697,5.9697,5.9697,5.9697,5.9697,5.9697,5.9697,5.9697,5.9697,5.9697,5.9697,5.9697,5.9697,5.9697,5.9697,5.9697,5.9697,5.9697,5.9697,5.9697,5.9697,5.9697,5.9697,5.9697,5.9697,5.9697,5.9697,5.9697,5.9697,5.9697,5.9697,5.9697,5.9697,5.9697,5.9697,5.9697,5.9697,5.9697,5.9697,5.9697,5.9697,5.9697,5.9697,5.9697,5.9697,5.9697,5.9697,5.9697,5.9697,5.9697,5.9697,5.9697,5.9697,5.9697,5.9697,5.9697,5.9697,5.9697,5.9697,5.9697,5.9697,5.9697,5.9697,5.9697,5.9697,5.9697,5.9697,5.9697,5.9697,5.9697,5.9697,5.9697,5.9697,5.9697,5.9697,5.9697,5.9697,5.9697,5.9697,5.9697,5.9697,5.9697,5.9697,5.9697,5.9697,5.9697,5.9697,5.9697,5.9697,5.9697,5.9697,5.9697,5.9697,5.9697,5.9697,5.9697,5.9697,5.9697,5.9697,5.9697,5.9697,5.9697,5.9697,5.9697,5.9697,5.9697,5.9697,5.9697,5.9697,5.9697,5.9697,5.9697,5.9697,5.9697,5.9697,5.9697,5.9697,5.9697,5.9697,5.9697,5.9697,5.9697,5.9697,5.9697,5.9697,5.9697,5.9697,5.9697,5.9697,5.9697,5.9697,5.9697,5.9697,5.9697,5.9697,5.9697,5.9697,5.9697,5.9697,5.9697,5.9697,5.9697,5.9697,5.9697,5.9697,5.9697,5.9697,5.9697,5.9697,5.9697,5.9697,5.9697,5.9697,5.9697,5.9697,5.9697,5.9697,5.9697,5.9697,5.9697,5.9697,5.9697,5.9697,5.9697,5.9697,5.9697,5.9697,5.9697,5.9697,5.9697,5.9697,5.9697,5.9697,5.9697,5.9697,5.9697,5.9697,5.9697,5.9697,5.9697,5.9697,5.9697,5.9697,5.9697,5.9697,5.9697,5.9697,5.9697,5.9697,5.9697,5.9697,5.9697,5.9697,5.9697,5.9697,5.9697,5.9697,5.9697,5.9697,5.9697,5.9697,5.9697,5.9697,5.9697,5.9697,5.9697,5.9697,5.9697,5.9697,5.9697,5.9697,5.9697,5.9697,5.9697,5.9697,5.9697,5.9697,5.9697,5.9697,5.9697,5.9697,5.9697,5.9697,5.9697,5.9697,5.9697,5.9697,5.9697,5.9697,5.9697,5.9697,5.9697,5.9697,5.9697,5.9697,5.9697,5.9697,5.9697,5.9697,5.9697,5.9697,5.9697,5.9697,5.9697,5.9697,5.9697,5.9697,5.9697,5.9697,5.9697,5.9697,5.9697,5.9697,5.9697,5.9697,5.9697,5.9697,5.9697,5.9697,5.9697,5.9697,5.9697,5.9697,5.9697,5.9697,5.9697,5.9697,5.9697,5.9697,5.9697,5.9697,5.9697,5.9697,5.9697,5.9697,5.9697,5.9697,5.9697,5.9697,5.9697,5.9697,5.9697,5.9697,5.9697,5.9697,5.9697,5.9697,5.9697,5.9697,5.9697,5.9697,5.9697,5.9697,5.9697,5.9697,5.9697,5.9697,5.9697,5.9697,5.9697,5.9697,5.9697,5.9697,5.9697,5.9697,5.9697,5.9697,5.9697,5.9697,5.9697,5.9697,5.9697,5.9697,5.9697,5.9697,5.9697,5.9697,5.9697,5.9697,5.9697,5.9697,5.9697,5.9697,5.9697,5.9697,5.9697,5.9697,5.9697,5.9697,5.9697,5.9697,5.9697,5.9697,5.9697,5.9697,5.9697,5.9697,5.9697,5.9697,5.9697,5.9697,5.9697,5.9697,5.9697,5.9697,5.9697,5.9697,5.9697,5.9697,5.9697,5.9697,5.9697,5.9697,5.9697,5.9697,5.9697,5.9697,5.9697,5.9697,5.9697,5.9697,5.9697,5.9697,5.9697,5.9697,5.9697,5.9697,5.9697,5.9697,5.9697,5.9697,5.9697,5.9697,5.9697,5.9697,5.9697,5.9697,5.9697,5.9697,5.9697,5.9697,5.9697,5.9697,5.9697,5.9697,5.9697,5.9697,5.9697,5.9697,5.9697,5.9697,5.9697,5.9697,5.9697,5.9697,5.9697,5.9697,5.9697,5.9697,5.9697,5.9697,5.9697,5.9697,5.9697,5.9697,5.9697,5.9697,5.9697,5.9697,5.9697,5.9697,5.9697,5.9697,5.9697,5.9697,5.9697,5.9697,5.9697,5.9697,5.9697,5.9697,5.9697,5.9697,5.9697,5.9697,5.9697,5.9697,5.9697,5.9697,5.9697,5.9697,5.9697,5.9697,5.9697,5.9697,5.9697,5.9697,5.9697,5.9697,5.9697,5.9697,5.9697,5.9697,5.9697,5.9697,5.9697,5.9697,5.9697,5.9697,5.9697,5.9697,5.9697,5.9697,5.9697,5.9697,5.9697,5.9697,5.9697,5.9697,5.9697,5.9697,5.9697,5.9697,5.9697,5.9697,5.9697,5.9697,5.9697,5.9697,5.9697,5.9697,5.9697,5.9697,5.9697,5.9697,5.9697,5.9697,5.9697,5.9697,5.9697,5.9697,5.9697,5.9697,5.9697,5.9697,5.9697,5.9697,5.9697,5.9697,5.9697,5.9697,5.9697,5.9697,5.9697,5.9697,5.9697,5.9697,5.9697,5.9697,5.9697,5.9697,5.9697,5.9697,5.9697,5.9697,5.9697,5.9697,5.9697,5.9697,5.9697,5.9697,5.9697,5.9697,5.9697,5.9697,5.9697,5.9697,5.9697,5.9697,5.9697,5.9697,5.9697,5.9697,5.9697,5.9697,5.9697,5.9697,5.9697,5.9697,5.9697,5.9697,5.9697,5.9697,5.9697,5.9697,5.9697,5.9697,5.9697,5.9697,5.9697,5.9697,5.9697,5.9697,5.9697,5.9697,5.9697,5.9697,5.9697,5.9697,5.9697,5.9697,5.9697,5.9697,5.9697,5.9697,5.9697,5.9697,5.9697,5.9697,5.9697,5.9697,5.9697,5.9697,5.9697,5.9697,5.9697,5.9697,5.9697,5.9697,5.9697,5.9697,5.9697,5.9697,5.9697,5.9697,5.9697,5.9697,5.9697,5.9697,5.9697,5.9697,5.9697,5.9697,5.9697,5.9697,5.9697,5.9697,5.9697,5.9697,5.9697,5.9697,5.9697,5.9697,5.9697,5.9697,5.9697,5.9697,5.9697,5.9697,5.9697,5.9697,5.9697,5.9697,5.9697,5.9697,5.9697,5.9697,5.9697,5.9697,5.9697,5.9697,5.9697,5.9697,5.9697,5.9697,5.9697,5.9697,5.9697,5.9697,5.9697,5.9697,5.9697,5.9697,5.9697,5.9697,5.9697,5.9697,5.9697,5.9697,5.9697,5.9697,5.9697,5.9697,5.9697,5.9697,5.9697,5.9697,5.9697,5.9697,5.9697,5.9697,5.9697,5.9697,5.9697,5.9697,5.9697,5.9697,5.9697,5.9697,5.9697,5.9697,5.9697,5.9697,5.9697,5.9697,5.9697,5.9697,5.9697,5.9697,5.9697,5.9697,5.9697,5.9697,5.9697,5.9697,5.9697,5.9697,5.9697,5.9697,5.9697,5.9697,5.9697,5.9697,5.9697,5.9697,5.9697,5.9697,5.9697,5.9697,5.9697,5.9697,5.9697,5.9697,5.9697,5.9697,5.9697,5.9697,5.9697,5.9697,5.9697,5.9697,5.9697,5.9697,5.9697,5.9697,5.9697,5.9697,5.9697,5.9697,5.9697,5.9697,5.9697,5.9697,5.9697,5.9697,5.9697,5.9697,5.9697,5.9697,5.9697,5.9697,5.9697,5.9697,5.9697,5.9697,5.9697,5.9697,5.9697,5.9697,5.9697,5.9697,5.9697,5.9697,5.9697,5.9697,5.9697,5.9697,5.9697,5.9697,5.9697,5.9697,5.9697,5.9697,5.9697,5.9697,5.9697,5.9697,5.9697,5.9697,5.9697,5.9697,5.9697,5.9697,5.9697,5.9697,5.9697,5.9697,5.9697,5.9697,5.9697,5.9697,5.9697,5.9697,5.9697,5.9697,5.9697,5.9697,5.9697,5.9697,5.9697,5.9697,5.9697,5.9697,5.9697,5.9697,5.9697,5.9697,5.9697,5.9697,5.9697,5.9697,5.9697,5.9697,5.9697,5.9697,5.9697,5.9697,5.9697,5.9697,5.9697,5.9697,5.9697,5.9697,5.9697,5.9697,5.9697,5.9697,5.9697,5.9697,5.9697,5.9697,5.9697,5.9697,5.9697,5.9697,5.9697,5.9697,5.9697,5.9697,5.9697,5.9697,5.9697,5.9697,5.9697,5.9697,5.9697,5.9697,5.9697,5.9697,5.9697,5.9697,5.9697,5.9697,5.9697,5.9697,5.9697,5.9697,5.9697,5.9697,5.9697,5.9697,5.9697,5.9697,5.9697,5.9697,5.9697,5.9697,5.9697,5.9697,5.9697,5.9697,5.9697,5.9697,5.9697,5.9697,5.9697,5.9697,5.9697,5.9697,5.9697,5.9697,5.9697,5.9697,5.9697,5.9697,5.9697,5.9697,5.9697,5.9697,5.9697,5.9697,5.9697,5.9697,5.9697,5.9697,5.9697,5.9697,5.9697,5.9697,5.9697,5.9697,5.9697,5.9697,5.9697,5.9697,5.9697,5.9697,5.9697,5.9697,5.9697,5.9697,5.9697,5.9697,5.9697,5.9697,5.9697,5.9697,5.9697,5.9697,5.9697,5.9697,5.9697,5.9697,5.9697,5.9697,5.9697,5.9697,5.9697,5.9697,5.9697,5.9697,5.9697,5.9697,5.9697,5.9697,5.9697,5.9697,5.9697,5.9697,5.9697,5.9697,5.9697,5.9697,5.9697,5.9697,5.9697,5.9697,5.9697,5.9697,5.9697,5.9697,5.9697,5.9697,5.9697,5.9697,5.9697,5.9697,5.9697,5.9697,5.9697,5.9697,5.9697
5.9657,5.9657,5.9657,5.9657,5.9657,5.9657,5.9657,5.9657,5.9657,5.9657,5.9657,5.9657,5.9657,5.9657,5.9657,5.9657,5.9657,5.9657,5.9657,5.9657,5.9657,5.9657,5.9657,5.9657,5.9657,5.9657,5.9657,5.9657,5.9657,5.9657,5.9657,5.9657,5.9657,5.9657,5.9657,5.9657,5.9657,5.9657,5.9657,5.9657,5.9657,5.9657,5.9657,5.9657,5.9657,5.9657,5.9657,5.9657,5.9657,5.9657,5.9657,5.9657,5.9657,5.9657,5.9657,5.9657,5.9657,5.9657,5.9657,5.9657,5.9657,5.9657,5.9657,5.9657,5.9657,5.9657,5.9657,5.9657,5.9657,5.9657,5.9657,5.9657,5.9657,5.9657,5.9657,5.9657,5.9657,5.9657,5.9657,5.9657,5.9657,5.9657,5.9657,5.9657,5.9657,5.9657,5.9657,5.9657,5.9657,5.9657,5.9657,5.9657,5.9657,5.9657,5.9657,5.9657,5.9657,5.9657,5.9657,5.9657,5.9657,5.9657,5.9657,5.9657,5.9657,5.9657,5.9657,5.9657,5.9657,5.9657,5.9657,5.9657,5.9657,5.9657,5.9657,5.9657,5.9657,5.9657,5.9657,5.9657,5.9657,5.9657,5.9657,5.9657,5.9657,5.9657,5.9657,5.9657,5.9657,5.9657,5.9657,5.9657,5.9657,5.9657,5.9657,5.9657,5.9657,5.9657,5.9657,5.9657,5.9657,5.9657,5.9657,5.9657,5.9657,5.9657,5.9657,5.9657,5.9657,5.9657,5.9657,5.9657,5.9657,5.9657,5.9657,5.9657,5.9657,5.9657,5.9657,5.9657,5.9657,5.9657,5.9657,5.9657,5.9657,5.9657,5.9657,5.9657,5.9657,5.9657,5.9657,5.9657,5.9657,5.9657,5.9657,5.9657,5.9657,5.9657,5.9657,5.9657,5.9657,5.9657,5.9657,5.9657,5.9657,5.9657,5.9657,5.9657,5.9657,5.9657,5.9657,5.9657,5.9657,5.9657,5.9657,5.9657,5.9657,5.9657,5.9657,5.9657,5.9657,5.9657,5.9657,5.9657,5.9657,5.9657,5.9657,5.9657,5.9657,5.9657,5.9657,5.9657,5.9657,5.9657,5.9657,5.9657,5.9657,5.9657,5.9657,5.9657,5.9657,5.9657,5.9657,5.9657,5.9657,5.9657,5.9657,5.9657,5.9657,5.9657,5.9657,5.9657,5.9657,5.9657,5.9657,5.9657,5.9657,5.9657,5.9657,5.9657,5.9657,5.9657,5.9657,5.9657,5.9657,5.9657,5.9657,5.9657,5.9657,5.9657,5.9657,5.9657,5.9657,5.9657,5.9657,5.9657,5.9657,5.9657,5.9657,5.9657,5.9657,5.9657,5.9657,5.9657,5.9657,5.9657,5.9657,5.9657,5.9657,5.9657,5.9657,5.9657,5.9657,5.9657,5.9657,5.9657,5.9657,5.9657,5.9657,5.9657,5.9657,5.9657,5.9657,5.9657,5.9657,5.9657,5.9657,5.9657,5.9657,5.9657,5.9657,5.9657,5.9657,5.9657,5.9657,5.9657,5.9657,5.9657,5.9657,5.9657,5.9657,5.9657,5.9657,5.9657,5.9657,5.9657,5.9657,5.9657,5.9657,5.9657,5.9657,5.9657,5.9657,5.9657,5.9657,5.9657,5.9657,5.9657,5.9657,5.9657,5.9657,5.9657,5.9657,5.9657,5.9657,5.9657,5.9657,5.9657,5.9657,5.9657,5.9657,5.9657,5.9657,5.9657,5.9657,5.9657,5.9657,5.9657,5.9657,5.9657,5.9657,5.9657,5.9657,5.9657,5.9657,5.9657,5.9657,5.9657,5.9657,5.9657,5.9657,5.9657,5.9657,5.9657,5.9657,5.9657,5.9657,5.9657,5.9657,5.9657,5.9657,5.9657,5.9657,5.9657,5.9657,5.9657,5.9657,5.9657,5.9657,5.9657,5.9657,5.9657,5.9657,5.9657,5.9657,5.9657,5.9657,5.9657,5.9657,5.9657,5.9657,5.9657,5.9657,5.9657,5.9657,5.9657,5.9657,5.9657,5.9657,5.9657,5.9657,5.9657,5.9657,5.9657,5.9657,5.9657,5.9657,5.9657,5.9657,5.9657,5.9657,5.9657,5.9657,5.9657,5.9657,5.9657,5.9657,5.9657,5.9657,5.9657,5.9657,5.9657,5.9657,5.9657,5.9657,5.9657,5.9657,5.9657,5.9657,5.9657,5.9657,5.9657,5.9657,5.9657,5.9657,5.9657,5.9657,5.9657,5.9657,5.9657,5.9657,5.9657,5.9657,5.9657,5.9657,5.9657,5.9657,5.9657,5.9657,5.9657,5.9657,5.9657,5.9657,5.9657,5.9657,5.9657,5.9657,5.9657,5.9657,5.9657,5.9657,5.9657,5.9657,5.9657,5.9657,5.9657,5.9657,5.9657,5.9657,5.9657,5.9657,5.9657,5.9657,5.9657,5.9657,5.9657,5.9657,5.9657,5.9657,5.9657,5.9657,5.9657,5.9657,5.9657,5.9657,5.9657,5.9657,5.9657,5.9657,5.9657,5.9657,5.9657,5.9657,5.9657,5.9657,5.9657,5.9657,5.9657,5.9657,5.9657,5.9657,5.9657,5.9657,5.9657,5.9657,5.9657,5.9657,5.9657,5.9657,5.9657,5.9657,5.9657,5.9657,5.9657,5.9657,5.9657,5.9657,5.9657,5.9657,5.9657,5.9657,5.9657,5.9657,5.9657,5.9657,5.9657,5.9657,5.9657,5.9657,5.9657,5.9657,5.9657,5.9657,5.9657,5.9657,5.9657,5.9657,5.9657,5.9657,5.9657,5.9657,5.9657,5.9657,5.9657,5.9657,5.9657,5.9657,5.9657,5.9657,5.9657,5.9657,5.9657,5.9657,5.9657,5.9657,5.9657,5.9657,5.9657,5.9657,5.9657,5.9657,5.9657,5.9657,5.9657,5.9657,5.9657,5.9657,5.9657,5.9657,5.9657,5.9657,5.9657,5.9657,5.9657,5.9657,5.9657,5.9657,5.9657,5.9657,5.9657,5.9657,5.9657,5.9657,5.9657,5.9657,5.9657,5.9657,5.9657,5.9657,5.9657,5.9657,5.9657,5.9657,5.9657,5.9657,5.9657,5.9657,5.9657,5.9657,5.9657,5.9657,5.9657,5.9657,5.9657,5.9657,5.9657,5.9657,5.9657,5.9657,5.9657,5.9657,5.9657,5.9657,5.9657,5.9657,5.9657,5.9657,5.9657,5.9657,5.9657,5.9657,5.9657,5.9657,5.9657,5.9657,5.9657,5.9657,5.9657,5.9657,5.9657,5.9657,5.9657,5.9657,5.9657,5.9657,5.9657,5.9657,5.9657,5.9657,5.9657,5.9657,5.9657,5.9657,5.9657,5.9657,5.9657,5.9657,5.9657,5.9657,5.9657,5.9657,5.9657,5.9657,5.9657,5.9657,5.9657,5.9657,5.9657,5.9657,5.9657,5.9657,5.9657,5.9657,5.9657,5.9657,5.9657,5.9657,5.9657,5.9657,5.9657,5.9657,5.9657,5.9657,5.9657,5.9657,5.9657,5.9657,5.9657,5.9657,5.9657,5.9657,5.9657,5.9657,5.9657,5.9657,5.9657,5.9657,5.9657,5.9657,5.9657,5.9657,5.9657,5.9657,5.9657,5.9657,5.9657,5.9657,5.9657,5.9657,5.9657,5.9657,5.9657,5.9657,5.9657,5.9657,5.9657,5.9657,5.9657,5.9657,5.9657,5.9657,5.9657,5.9657,5.9657,5.9657,5.9657,5.9657,5.9657,5.9657,5.9657,5.9657,5.9657,5.9657,5.9657,5.9657,5.9657,5.9657,5.9657,5.9657,5.9657,5.9657,5.9657,5.9657,5.9657,5.9657,5.9657,5.9657,5.9657,5.9657,5.9657,5.9657,5.9657,5.9657,5.9657,5.9657,5.9657,5.9657,5.9657,5.9657,5.9657,5.9657,5.9657,5.9657,5.9657,5.9657,5.9657,5.9657,5.9657,5.9657,5.9657,5.9657,5.9657,5.9657,5.9657,5.9657,5.9657,5.9657,5.9657,5.9657,5.9657,5.9657,5.9657,5.9657,5.9657,5.9657,5.9657,5.9657,5.9657,5.9657,5.9657,5.9657,5.9657,5.9657,5.9657,5.9657,5.9657,5.9657,5.9657,5.9657,5.9657,5.9657,5.9657,5.9657,5.9657,5.9657,5.9657,5.9657,5.9657,5.9657,5.9657,5.9657,5.9657,5.9657,5.9657,5.9657,5.9657,5.9657,5.9657,5.9657,5.9657,5.9657,5.9657,5.9657,5.9657,5.9657,5.9657,5.9657,5.9657,5.9657,5.9657,5.9657,5.9657,5.9657,5.9657,5.9657,5.9657,5.9657,5.9657,5.9657,5.9657,5.9657,5.9657,5.9657,5.9657,5.9657,5.9657,5.9657,5.9657,5.9657,5.9657,5.9657,5.9657,5.9657,5.9657,5.9657,5.9657,5.9657,5.9657,5.9657,5.9657,5.9657,5.9657,5.9657,5.9657,5.9657,5.9657,5.9657,5.9657,5.9657,5.9657,5.9657,5.9657,5.9657,5.9657,5.9657,5.9657,5.9657,5.9657,5.9657,5.9657,5.9657,5.9657,5.9657,5.9657,5.9657,5.9657,5.9657,5.9657,5.9657,5.9657,5.9657,5.9657,5.9657,5.9657,5.9657,5.9657,5.9657,5.9657,5.9657,5.9657,5.9657,5.9657,5.9657,5.9657,5.9657,5.9657,5.9657,5.9657,5.9657,5.9657,5.9657,5.9657,5.9657,5.9657,5.9657,5.9657,5.9657,5.9657,5.9657,5.9657,5.9657,5.9657,5.9657,5.9657,5.9657,5.9657,5.9657,5.9657,5.9657,5.9657,5.9657,5.9657,5.9657,5.9657,5.9657,5.9657,5.9657,5.9657,5.9657,5.9657,5.9657,5.9657,5.9657,5.9657,5.9657,5.9657,5.9657,5.9657,5.9657,5.9657,5.9657,5.9657,5.9657,5.9657,5.9657,5.9657,5.9657,5.9657,5.9657,5.9657,5.9657,5.9657,5.9657,5.9657,5.9657,5.9657,5.9657,5.9657,5.9657,5.9657,5.9657,5.9657,5.9657,5.9657,5.9657,5.9657,5.9657,5.9657,5.9657,5.9657
5.9619,5.9619,5.9619,5.9619,5.9619,5.9619,5.9619,5.9619,5.9619,5.9619,5.9619,5.9619,5.9619,5.9619,5.9619,5.9619,5.9619,5.9619,5.9619,5.9619,5.9619,5.9619,5.9619,5.9619,5.9619,5.9619,5.9619,5.9619,5.9619,5.9619,5.9619,5.9619,5.9619,5.9619,5.9619,5.9619,5.9619,5.9619,5.9619,5.9619,5.9619,5.9619,5.9619,5.9619,5.9619,5.9619,5.9619,5.9619,5.9619,5.9619,5.9619,5.9619,5.9619,5.9619,5.9619,5.9619,5.9619,5.9619,5.9619,5.9619,5.9619,5.9619,5.9619,5.9619,5.9619,5.9619,5.9619,5.9619,5.9619,5.9619,5.9619,5.9619,5.9619,5.9619,5.9619,5.9619,5.9619,5.9619,5.9619,5.9619,5.9619,5.9619,5.9619,5.9619,5.9619,5.9619,5.9619,5.9619,5.9619,5.9619,5.9619,5.9619,5.9619,5.9619,5.9619,5.9619,5.9619,5.9619,5.9619,5.9619,5.9619,5.9619,5.9619,5.9619,5.9619,5.9619,5.9619,5.9619,5.9619,5.9619,5.9619,5.9619,5.9619,5.9619,5.9619,5.9619,5.9619,5.9619,5.9619,5.9619,5.9619,5.9619,5.9619,5.9619,5.9619,5.9619,5.9619,5.9619,5.9619,5.9619,5.9619,5.9619,5.9619,5.9619,5.9619,5.9619,5.9619,5.9619,5.9619,5.9619,5.9619,5.9619,5.9619,5.9619,5.9619,5.9619,5.9619,5.9619,5.9619,5.9619,5.9619,5.9619,5.9619,5.9619,5.9619,5.9619,5.9619,5.9619,5.9619,5.9619,5.9619,5.9619,5.9619,5.9619,5.9619,5.9619,5.9619,5.9619,5.9619,5.9619,5.9619,5.9619,5.9619,5.9619,5.9619,5.9619,5.9619,5.9619,5.9619,5.9619,5.9619,5.9619,5.9619,5.9619,5.9619,5.9619,5.9619,5.9619,5.9619,5.9619,5.9619,5.9619,5.9619,5.9619,5.9619,5.9619,5.9619,5.9619,5.9619,5.9619,5.9619,5.9619,5.9619,5.9619,5.9619,5.9619,5.9619,5.9619,5.9619,5.9619,5.9619,5.9619,5.9619,5.9619,5.9619,5.9619,5.9619,5.9619,5.9619,5.9619,5.9619,5.9619,5.9619,5.9619,5.9619,5.9619,5.9619,5.9619,5.9619,5.9619,5.9619,5.9619,5.9619,5.9619,5.9619,5.9619,5.9619,5.9619,5.9619,5.9619,5.9619,5.9619,5.9619,5.9619,5.9619,5.9619,5.9619,5.9619,5.9619,5.9619,5.9619,5.9619,5.9619,5.9619,5.9619,5.9619,5.9619,5.9619,5.9619,5.9619,5.9619,5.9619,5.9619,5.9619,5.9619,5.9619,5.9619,5.9619,5.9619,5.9619,5.9619,5.9619,5.9619,5.9619,5.9619,5.9619,5.9619,5.9619,5.9619,5.9619,5.9619,5.9619,5.9619,5.9619,5.9619,5.9619,5.9619,5.9619,5.9619,5.9619,5.9619,5.9619,5.9619,5.9619,5.9619,5.9619,5.9619,5.9619,5.9619,5.9619,5.9619,5.9619,5.9619,5.9619,5.9619,5.9619,5.9619,5.9619,5.9619,5.9619,5.9619,5.9619,5.9619,5.9619,5.9619,5.9619,5.9619,5.9619,5.9619,5.9619,5.9619,5.9619,5.9619,5.9619,5.9619,5.9619,5.9619,5.9619,5.9619,5.9619,5.9619,5.9619,5.9619,5.9619,5.9619,5.9619,5.9619,5.9619,5.9619,5.9619,5.9619,5.9619,5.9619,5.9619,5.9619,5.9619,5.9619,5.9619,5.9619,5.9619,5.9619,5.9619,5.9619,5.9619,5.9619,5.9619,5.9619,5.9619,5.9619,5.9619,5.9619,5.9619,5.9619,5.9619,5.9619,5.9619,5.9619,5.9619,5.9619,5.9619,5.9619,5.9619,5.9619,5.9619,5.9619,5.9619,5.9619,5.9619,5.9619,5.9619,5.9619,5.9619,5.9619,5.9619,5.9619,5.9619,5.9619,5.9619,5.9619,5.9619,5.9619,5.9619,5.9619,5.9619,5.9619,5.9619,5.9619,5.9619,5.9619,5.9619,5.9619,5.9619,5.9619,5.9619,5.9619,5.9619,5.9619,5.9619,5.9619,5.9619,5.9619,5.9619,5.9619,5.9619,5.9619,5.9619,5.9619,5.9619,5.9619,5.9619,5.9619,5.9619,5.9619,5.9619,5.9619,5.9619,5.9619,5.9619,5.9619,5.9619,5.9619,5.9619,5.9619,5.9619,5.9619,5.9619,5.9619,5.9619,5.9619,5.9619,5.9619,5.9619,5.9619,5.9619,5.9619,5.9619,5.9619,5.9619,5.9619,5.9619,5.9619,5.9619,5.9619,5.9619,5.9619,5.9619,5.9619,5.9619,5.9619,5.9619,5.9619,5.9619,5.9619,5.9619,5.9619,5.9619,5.9619,5.9619,5.9619,5.9619,5.9619,5.9619,5.9619,5.9619,5.9619,5.9619,5.9619,5.9619,5.9619,5.9619,5.9619,5.9619,5.9619,5.9619,5.9619,5.9619,5.9619,5.9619,5.9619,5.9619,5.9619,5.9619,5.9619,5.9619,5.9619,5.9619,5.9619,5.9619,5.9619,5.9619,5.9619,5.9619,5.9619,5.9619,5.9619,5.9619,5.9619,5.9619,5.9619,5.9619,5.9619,5.9619,5.9619,5.9619,5.9619,5.9619,5.9619,5.9619,5.9619,5.9619,5.9619,5.9619,5.9619,5.9619,5.9619,5.9619,5.9619,5.9619,5.9619,5.9619,5.9619,5.9619,5.9619,5.9619,5.9619,5.9619,5.9619,5.9619,5.9619,5.9619,5.9619,5.9619,5.9619,5.9619,5.9619,5.9619,5.9619,5.9619,5.9619,5.9619,5.9619,5.9619,5.9619,5.9619,5.9619,5.9619,5.9619,5.9619,5.9619,5.9619,5.9619,5.9619,5.9619,5.9619,5.9619,5.9619,5.9619,5.9619,5.9619,5.9619,5.9619,5.9619,5.9619,5.9619,5.9619,5.9619,5.9619,5.9619,5.9619,5.9619,5.9619,5.9619,5.9619,5.9619,5.9619,5.9619,5.9619,5.9619,5.9619,5.9619,5.9619,5.9619,5.9619,5.9619,5.9619,5.9619,5.9619,5.9619,5.9619,5.9619,5.9619,5.9619,5.9619,5.9619,5.9619,5.9619,5.9619,5.9619,5.9619,5.9619,5.9619,5.9619,5.9619,5.9619,5.9619,5.9619,5.9619,5.9619,5.9619,5.9619,5.9619,5.9619,5.9619,5.9619,5.9619,5.9619,5.9619,5.9619,5.9619,5.9619,5.9619,5.9619,5.9619,5.9619,5.9619,5.9619,5.9619,5.9619,5.9619,5.9619,5.9619,5.9619,5.9619,5.9619,5.9619,5.9619,5.9619,5.9619,5.9619,5.9619,5.9619,5.9619,5.9619,5.9619,5.9619,5.9619,5.9619,5.9619,5.9619,5.9619,5.9619,5.9619,5.9619,5.9619,5.9619,5.9619,5.9619,5.9619,5.9619,5.9619,5.9619,5.9619,5.9619,5.9619,5.9619,5.9619,5.9619,5.9619,5.9619,5.9619,5.9619,5.9619,5.9619,5.9619,5.9619,5.9619,5.9619,5.9619,5.9619,5.9619,5.9619,5.9619,5.9619,5.9619,5.9619,5.9619,5.9619,5.9619,5.9619,5.9619,5.9619,5.9619,5.9619,5.9619,5.9619,5.9619,5.9619,5.9619,5.9619,5.9619,5.9619,5.9619,5.9619,5.9619,5.9619,5.9619,5.9619,5.9619,5.9619,5.9619,5.9619,5.9619,5.9619,5.9619,5.9619,5.9619,5.9619,5.9619,5.9619,5.9619,5.9619,5.9619,5.9619,5.9619,5.9619,5.9619,5.9619,5.9619,5.9619,5.9619,5.9619,5.9619,5.9619,5.9619,5.9619,5.9619,5.9619,5.9619,5.9619,5.9619,5.9619,5.9619,5.9619,5.9619,5.9619,5.9619,5.9619,5.9619,5.9619,5.9619,5.9619,5.9619,5.9619,5.9619,5.9619,5.9619,5.9619,5.9619,5.9619,5.9619,5.9619,5.9619,5.9619,5.9619,5.9619,5.9619,5.9619,5.9619,5.9619,5.9619,5.9619,5.9619,5.9619,5.9619,5.9619,5.9619,5.9619,5.9619,5.9619,5.9619,5.9619,5.9619,5.9619,5.9619,5.9619,5.9619,5.9619,5.9619,5.9619,5.9619,5.9619,5.9619,5.9619,5.9619,5.9619,5.9619,5.9619,5.9619,5.9619,5.9619,5.9619,5.9619,5.9619,5.9619,5.9619,5.9619,5.9619,5.9619,5.9619,5.9619,5.9619,5.9619,5.9619,5.9619,5.9619,5.9619,5.9619,5.9619,5.9619,5.9619,5.9619,5.9619,5.9619,5.9619,5.9619,5.9619,5.9619,5.9619,5.9619,5.9619,5.9619,5.9619,5.9619,5.9619,5.9619,5.9619,5.9619,5.9619,5.9619,5.9619,5.9619,5.9619,5.9619,5.9619,5.9619,5.9619,5.9619,5.9619,5.9619,5.9619,5.9619,5.9619,5.9619,5.9619,5.9619,5.9619,5.9619,5.9619,5.9619,5.9619,5.9619,5.9619,5.9619,5.9619,5.9619,5.9619,5.9619,5.9619,5.9619,5.9619,5.9619,5.9619,5.9619,5.9619,5.9619,5.9619,5.9619,5.9619,5.9619,5.9619,5.9619,5.9619,5.9619,5.9619,5.9619,5.9619,5.9619,5.9619,5.9619,5.9619,5.9619,5.9619,5.9619,5.9619,5.9619,5.9619,5.9619,5.9619,5.9619,5.9619,5.9619,5.9619,5.9619,5.9619,5.9619,5.9619,5.9619,5.9619,5.9619,5.9619,5.9619,5.9619,5.9619,5.9619,5.9619,5.9619,5.9619,5.9619,5.9619,5.9619,5.9619,5.9619,5.9619,5.9619,5.9619,5.9619,5.9619,5.9619,5.9619,5.9619,5.9619,5.9619,5.9619,5.9619,5.9619,5.9619,5.9619,5.9619,5.9619,5.9619,5.9619,5.9619,5.9619,5.9619,5.9619,5.9619,5.9619,5.9619,5.9619,5.9619
5.9579,5.9579,5.9579,5.9579,5.9579,5.9579,5.9579,5.9579,5.9579,5.9579,5.9579,5.9579,5.9579,5.9579,5.9579,5.9579,5.9579,5.9579,5.9579,5.9579,5.9579,5.9579,5.9579,5.9579,5.9579,5.9579,5.9579,5.9579,5.9579,5.9579,5.9579,5.9579,5.9579,5.9579,5.9579,5.9579,5.9579,5.9579,5.9579,5.9579,5.9579,5.9579,5.9579,5.9579,5.9579,5.9579,5.9579,5.9579,5.9579,5.9579,5.9579,5.9579,5.9579,5.9579,5.9579,5.9579,5.9579,5.9579,5.9579,5.9579,5.9579,5.9579,5.9579,5.9579,5.9579,5.9579,5.9579,5.9579,5.9579,5.9579,5.9579,5.9579,5.9579,5.9579,5.9579,5.9579,5.9579,5.9579,5.9579,5.9579,5.9579,5.9579,5.9579,5.9579,5.9579,5.9579,5.9579,5.9579,5.9579,5.9579,5.9579,5.9579,5.9579,5.9579,5.9579,5.9579,5.9579,5.9579,5.9579,5.9579,5.9579,5.9579,5.9579,5.9579,5.9579,5.9579,5.9579,5.9579,5.9579,5.9579,5.9579,5.9579,5.9579,5.9579,5.9579,5.9579,5.9579,5.9579,5.9579,5.9579,5.9579,5.9579,5.9579,5.9579,5.9579,5.9579,5.9579,5.9579,5.9579,5.9579,5.9579,5.9579,5.9579,5.9579,5.9579,5.9579,5.9579,5.9579,5.9579,5.9579,5.9579,5.9579,5.9579,5.9579,5.9579,5.9579,5.9579,5.9579,5.9579,5.9579,5.9579,5.9579,5.9579,5.9579,5.9579,5.9579,5.9579,5.9579,5.9579,5.9579,5.9579,5.9579,5.9579,5.9579,5.9579,5.9579,5.9579,5.9579,5.9579,5.9579,5.9579,5.9579,5.9579,5.9579,5.9579,5.9579,5.9579,5.9579,5.9579,5.9579,5.9579,5.9579,5.9579,5.9579,5.9579,5.9579,5.9579,5.9579,5.9579,5.9579,5.9579,5.9579,5.9579,5.9579,5.9579,5.9579,5.9579,5.9579,5.9579,5.9579,5.9579,5.9579,5.9579,5.9579,5.9579,5.9579,5.9579,5.9579,5.9579,5.9579,5.9579,5.9579,5.9579,5.9579,5.9579,5.9579,5.9579,5.9579,5.9579,5.9579,5.9579,5.9579,5.9579,5.9579,5.9579,5.9579,5.9579,5.9579,5.9579,5.9579,5.9579,5.9579,5.9579,5.9579,5.9579,5.9579,5.9579,5.9579,5.9579,5.9579,5.9579,5.9579,5.9579,5.9579,5.9579,5.9579,5.9579,5.9579,5.9579,5.9579,5.9579,5.9579,5.9579,5.9579,5.9579,5.9579,5.9579,5.9579,5.9579,5.9579,5.9579,5.9579,5.9579,5.9579,5.9579,5.9579,5.9579,5.9579,5.9579,5.9579,5.9579,5.9579,5.9579,5.9579,5.9579,5.9579,5.9579,5.9579,5.9579,5.9579,5.9579,5.9579,5.9579,5.9579,5.9579,5.9579,5.9579,5.9579,5.9579,5.9579,5.9579,5.9579,5.9579,5.9579,5.9579,5.9579,5.9579,5.9579,5.9579,5.9579,5.9579,5.9579,5.9579,5.9579,5.9579,5.9579,5.9579,5.9579,5.9579,5.9579,5.9579,5.9579,5.9579,5.9579,5.9579,5.9579,5.9579,5.9579,5.9579,5.9579,5.9579,5.9579,5.9579,5.9579,5.9579,5.9579,5.9579,5.9579,5.9579,5.9579,5.9579,5.9579,5.9579,5.9579,5.9579,5.9579,5.9579,5.9579,5.9579,5.9579,5.9579,5.9579,5.9579,5.9579,5.9579,5.9579,5.9579,5.9579,5.9579,5.9579,5.9579,5.9579,5.9579,5.9579,5.9579,5.9579,5.9579,5.9579,5.9579,5.9579,5.9579,5.9579,5.9579,5.9579,5.9579,5.9579,5.9579,5.9579,5.9579,5.9579,5.9579,5.9579,5.9579,5.9579,5.9579,5.9579,5.9579,5.9579,5.9579,5.9579,5.9579,5.9579,5.9579,5.9579,5.9579,5.9579,5.9579,5.9579,5.9579,5.9579,5.9579,5.9579,5.9579,5.9579,5.9579,5.9579,5.9579,5.9579,5.9579,5.9579,5.9579,5.9579,5.9579,5.9579,5.9579,5.9579,5.9579,5.9579,5.9579,5.9579,5.9579,5.9579,5.9579,5.9579,5.9579,5.9579,5.9579,5.9579,5.9579,5.9579,5.9579,5.9579,5.9579,5.9579,5.9579,5.9579,5.9579,5.9579,5.9579,5.9579,5.9579,5.9579,5.9579,5.9579,5.9579,5.9579,5.9579,5.9579,5.9579,5.9579,5.9579,5.9579,5.9579,5.9579,5.9579,5.9579,5.9579,5.9579,5.9579,5.9579,5.9579,5.9579,5.9579,5.9579,5.9579,5.9579,5.9579,5.9579,5.9579,5.9579,5.9579,5.9579,5.9579,5.9579,5.9579,5.9579,5.9579,5.9579,5.9579,5.9579,5.9579,5.9579,5.9579,5.9579,5.9579,5.9579,5.9579,5.9579,5.9579,5.9579,5.9579,5.9579,5.9579,5.9579,5.9579,5.9579,5.9579,5.9579,5.9579,5.9579,5.9579,5.9579,5.9579,5.9579,5.9579,5.9579,5.9579,5.9579,5.9579,5.9579,5.9579,5.9579,5.9579,5.9579,5.9579,5.9579,5.9579,5.9579,5.9579,5.9579,5.9579,5.9579,5.9579,5.9579,5.9579,5.9579,5.9579,5.9579,5.9579,5.9579,5.9579,5.9579,5.9579,5.9579,5.9579,5.9579,5.9579,5.9579,5.9579,5.9579,5.9579,5.9579,5.9579,5.9579,5.9579,5.9579,5.9579,5.9579,5.9579,5.9579,5.9579,5.9579,5.9579,5.9579,5.9579,5.9579,5.9579,5.9579,5.9579,5.9579,5.9579,5.9579,5.9579,5.9579,5.9579,5.9579,5.9579,5.9579,5.9579,5.9579,5.9579,5.9579,5.9579,5.9579,5.9579,5.9579,5.9579,5.9579,5.9579,5.9579,5.9579,5.9579,5.9579,5.9579,5.9579,5.9579,5.9579,5.9579,5.9579,5.9579,5.9579,5.9579,5.9579,5.9579,5.9579,5.9579,5.9579,5.9579,5.9579,5.9579,5.9579,5.9579,5.9579,5.9579,5.9579,5.9579,5.9579,5.9579,5.9579,5.9579,5.9579,5.9579,5.9579,5.9579,5.9579,5.9579,5.9579,5.9579,5.9579,5.9579,5.9579,5.9579,5.9579,5.9579,5.9579,5.9579,5.9579,5.9579,5.9579,5.9579,5.9579,5.9579,5.9579,5.9579,5.9579,5.9579,5.9579,5.9579,5.9579,5.9579,5.9579,5.9579,5.9579,5.9579,5.9579,5.9579,5.9579,5.9579,5.9579,5.9579,5.9579,5.9579,5.9579,5.9579,5.9579,5.9579,5.9579,5.9579,5.9579,5.9579,5.9579,5.9579,5.9579,5.9579,5.9579,5.9579,5.9579,5.9579,5.9579,5.9579,5.9579,5.9579,5.9579,5.9579,5.9579,5.9579,5.9579,5.9579,5.9579,5.9579,5.9579,5.9579,5.9579,5.9579,5.9579,5.9579,5.9579,5.9579,5.9579,5.9579,5.9579,5.9579,5.9579,5.9579,5.9579,5.9579,5.9579,5.9579,5.9579,5.9579,5.9579,5.9579,5.9579,5.9579,5.9579,5.9579,5.9579,5.9579,5.9579,5.9579,5.9579,5.9579,5.9579,5.9579,5.9579,5.9579,5.9579,5.9579,5.9579,5.9579,5.9579,5.9579,5.9579,5.9579,5.9579,5.9579,5.9579,5.9579,5.9579,5.9579,5.9579,5.9579,5.9579,5.9579,5.9579,5.9579,5.9579,5.9579,5.9579,5.9579,5.9579,5.9579,5.9579,5.9579,5.9579,5.9579,5.9579,5.9579,5.9579,5.9579,5.9579,5.9579,5.9579,5.9579,5.9579,5.9579,5.9579,5.9579,5.9579,5.9579,5.9579,5.9579,5.9579,5.9579,5.9579,5.9579,5.9579,5.9579,5.9579,5.9579,5.9579,5.9579,5.9579,5.9579,5.9579,5.9579,5.9579,5.9579,5.9579,5.9579,5.9579,5.9579,5.9579,5.9579,5.9579,5.9579,5.9579,5.9579,5.9579,5.9579,5.9579,5.9579,5.9579,5.9579,5.9579,5.9579,5.9579,5.9579,5.9579,5.9579,5.9579,5.9579,5.9579,5.9579,5.9579,5.9579,5.9579,5.9579,5.9579,5.9579,5.9579,5.9579,5.9579,5.9579,5.9579,5.9579,5.9579,5.9579,5.9579,5.9579,5.9579,5.9579,5.9579,5.9579,5.9579,5.9579,5.9579,5.9579,5.9579,5.9579,5.9579,5.9579,5.9579,5.9579,5.9579,5.9579,5.9579,5.9579,5.9579,5.9579,5.9579,5.9579,5.9579,5.9579,5.9579,5.9579,5.9579,5.9579,5.9579,5.9579,5.9579,5.9579,5.9579,5.9579,5.9579,5.9579,5.9579,5.9579,5.9579,5.9579,5.9579,5.9579,5.9579,5.9579,5.9579,5.9579,5.9579,5.9579,5.9579,5.9579,5.9579,5.9579,5.9579,5.9579,5.9579,5.9579,5.9579,5.9579,5.9579,5.9579,5.9579,5.9579,5.9579,5.9579,5.9579,5.9579,5.9579,5.9579,5.9579,5.9579,5.9579,5.9579,5.9579,5.9579,5.9579,5.9579,5.9579,5.9579,5.9579,5.9579,5.9579,5.9579,5.9579,5.9579,5.9579,5.9579,5.9579,5.9579,5.9579,5.9579,5.9579,5.9579,5.9579,5.9579,5.9579,5.9579,5.9579,5.9579,5.9579,5.9579,5.9579,5.9579,5.9579,5.9579,5.9579,5.9579,5.9579,5.9579,5.9579,5.9579,5.9579,5.9579,5.9579,5.9579,5.9579,5.9579,5.9579,5.9579,5.9579,5.9579,5.9579,5.9579,5.9579,5.9579,5.9579,5.9579,5.9579,5.9579,5.9579,5.9579,5.9579,5.9579,5.9579,5.9579,5.9579,5.9579,5.9579,5.9579,5.9579,5.9579,5.9579,5.9579,5.9579,5.9579,5.9579,5.9579,5.9579,5.9579,5.9579,5.9579
5.9538,5.9538,5.9538,5.9538,5.9538,5.9538,5.9538,5.9538,5.9538,5.9538,5.9538,5.9538,5.9538,5.9538,5.9538,5.9538,5.9538,5.9538,5.9538,5.9538,5.9538,5.9538,5.9538,5.9538,5.9538,5.9538,5.9538,5.9538,5.9538,5.9538,5.9538,5.9538,5.9538,5.9538,5.9538,5.9538,5.9538,5.9538,5.9538,5.9538,5.9538,5.9538,5.9538,5.9538,5.9538,5.9538,5.9538,5.9538,5.9538,5.9538,5.9538,5.9538,5.9538,5.9538,5.9538,5.9538,5.9538,5.9538,5.9538,5.9538,5.9538,5.9538,5.9538,5.9538,5.9538,5.9538,5.9538,5.9538,5.9538,5.9538,5.9538,5.9538,5.9538,5.9538,5.9538,5.9538,5.9538,5.9538,5.9538,5.9538,5.9538,5.9538,5.9538,5.9538,5.9538,5.9538,5.9538,5.9538,5.9538,5.9538,5.9538,5.9538,5.9538,5.9538,5.9538,5.9538,5.9538,5.9538,5.9538,5.9538,5.9538,5.9538,5.9538,5.9538,5.9538,5.9538,5.9538,5.9538,5.9538,5.9538,5.9538,5.9538,5.9538,5.9538,5.9538,5.9538,5.9538,5.9538,5.9538,5.9538,5.9538,5.9538,5.9538,5.9538,5.9538,5.9538,5.9538,5.9538,5.9538,5.9538,5.9538,5.9538,5.9538,5.9538,5.9538,5.9538,5.9538,5.9538,5.9538,5.9538,5.9538,5.9538,5.9538,5.9538,5.9538,5.9538,5.9538,5.9538,5.9538,5.9538,5.9538,5.9538,5.9538,5.9538,5.9538,5.9538,5.9538,5.9538,5.9538,5.9538,5.9538,5.9538,5.9538,5.9538,5.9538,5.9538,5.9538,5.9538,5.9538,5.9538,5.9538,5.9538,5.9538,5.9538,5.9538,5.9538,5.9538,5.9538,5.9538,5.9538,5.9538,5.9538,5.9538,5.9538,5.9538,5.9538,5.9538,5.9538,5.9538,5.9538,5.9538,5.9538,5.9538,5.9538,5.9538,5.9538,5.9538,5.9538,5.9538,5.9538,5.9538,5.9538,5.9538,5.9538,5.9538,5.9538,5.9538,5.9538,5.9538,5.9538,5.9538,5.9538,5.9538,5.9538,5.9538,5.9538,5.9538,5.9538,5.9538,5.9538,5.9538,5.9538,5.9538,5.9538,5.9538,5.9538,5.9538,5.9538,5.9538,5.9538,5.9538,5.9538,5.9538,5.9538,5.9538,5.9538,5.9538,5.9538,5.9538,5.9538,5.9538,5.9538,5.9538,5.9538,5.9538,5.9538,5.9538,5.9538,5.9538,5.9538,5.9538,5.9538,5.9538,5.9538,5.9538,5.9538,5.9538,5.9538,5.9538,5.9538,5.9538,5.9538,5.9538,5.9538,5.9538,5.9538,5.9538,5.9538,5.9538,5.9538,5.9538,5.9538,5.9538,5.9538,5.9538,5.9538,5.9538,5.9538,5.9538,5.9538,5.9538,5.9538,5.9538,5.9538,5.9538,5.9538,5.9538,5.9538,5.9538,5.9538,5.9538,5.9538,5.9538,5.9538,5.9538,5.9538,5.9538,5.9538,5.9538,5.9538,5.9538,5.9538,5.9538,5.9538,5.9538,5.9538,5.9538,5.9538,5.9538,5.9538,5.9538,5.9538,5.9538,5.9538,5.9538,5.9538,5.9538,5.9538,5.9538,5.9538,5.9538,5.9538,5.9538,5.9538,5.9538,5.9538,5.9538,5.9538,5.9538,5.9538,5.9538,5.9538,5.9538,5.9538,5.9538,5.9538,5.9538,5.9538,5.9538,5.9538,5.9538,5.9538,5.9538,5.9538,5.9538,5.9538,5.9538,5.9538,5.9538,5.9538,5.9538,5.9538,5.9538,5.9538,5.9538,5.9538,5.9538,5.9538,5.9538,5.9538,5.9538,5.9538,5.9538,5.9538,5.9538,5.9538,5.9538,5.9538,5.9538,5.9538,5.9538,5.9538,5.9538,5.9538,5.9538,5.9538,5.9538,5.9538,5.9538,5.9538,5.9538,5.9538,5.9538,5.9538,5.9538,5.9538,5.9538,5.9538,5.9538,5.9538,5.9538,5.9538,5.9538,5.9538,5.9538,5.9538,5.9538,5.9538,5.9538,5.9538,5.9538,5.9538,5.9538,5.9538,5.9538,5.9538,5.9538,5.9538,5.9538,5.9538,5.9538,5.9538,5.9538,5.9538,5.9538,5.9538,5.9538,5.9538,5.9538,5.9538,5.9538,5.9538,5.9538,5.9538,5.9538,5.9538,5.9538,5.9538,5.9538,5.9538,5.9538,5.9538,5.9538,5.9538,5.9538,5.9538,5.9538,5.9538,5.9538,5.9538,5.9538,5.9538,5.9538,5.9538,5.9538,5.9538,5.9538,5.9538,5.9538,5.9538,5.9538,5.9538,5.9538,5.9538,5.9538,5.9538,5.9538,5.9538,5.9538,5.9538,5.9538,5.9538,5.9538,5.9538,5.9538,5.9538,5.9538,5.9538,5.9538,5.9538,5.9538,5.9538,5.9538,5.9538,5.9538,5.9538,5.9538,5.9538,5.9538,5.9538,5.9538,5.9538,5.9538,5.9538,5.9538,5.9538,5.9538,5.9538,5.9538,5.9538,5.9538,5.9538,5.9538,5.9538,5.9538,5.9538,5.9538,5.9538,5.9538,5.9538,5.9538,5.9538,5.9538,5.9538,5.9538,5.9538,5.9538,5.9538,5.9538,5.9538,5.9538,5.9538,5.9538,5.9538,5.9538,5.9538,5.9538,5.9538,5.9538,5.9538,5.9538,5.9538,5.9538,5.9538,5.9538,5.9538,5.9538,5.9538,5.9538,5.9538,5.9538,5.9538,5.9538,5.9538,5.9538,5.9538,5.9538,5.9538,5.9538,5.9538,5.9538,5.9538,5.9538,5.9538,5.9538,5.9538,5.9538,5.9538,5.9538,5.9538,5.9538,5.9538,5.9538,5.9538,5.9538,5.9538,5.9538,5.9538,5.9538,5.9538,5.9538,5.9538,5.9538,5.9538,5.9538,5.9538,5.9538,5.9538,5.9538,5.9538,5.9538,5.9538,5.9538,5.9538,5.9538,5.9538,5.9538,5.9538,5.9538,5.9538,5.9538,5.9538,5.9538,5.9538,5.9538,5.9538,5.9538,5.9538,5.9538,5.9538,5.9538,5.9538,5.9538,5.9538,5.9538,5.9538,5.9538,5.9538,5.9538,5.9538,5.9538,5.9538,5.9538,5.9538,5.9538,5.9538,5.9538,5.9538,5.9538,5.9538,5.9538,5.9538,5.9538,5.9538,5.9538,5.9538,5.9538,5.9538,5.9538,5.9538,5.9538,5.9538,5.9538,5.9538,5.9538,5.9538,5.9538,5.9538,5.9538,5.9538,5.9538,5.9538,5.9538,5.9538,5.9538,5.9538,5.9538,5.9538,5.9538,5.9538,5.9538,5.9538,5.9538,5.9538,5.9538,5.9538,5.9538,5.9538,5.9538,5.9538,5.9538,5.9538,5.9538,5.9538,5.9538,5.9538,5.9538,5.9538,5.9538,5.9538,5.9538,5.9538,5.9538,5.9538,5.9538,5.9538,5.9538,5.9538,5.9538,5.9538,5.9538,5.9538,5.9538,5.9538,5.9538,5.9538,5.9538,5.9538,5.9538,5.9538,5.9538,5.9538,5.9538,5.9538,5.9538,5.9538,5.9538,5.9538,5.9538,5.9538,5.9538,5.9538,5.9538,5.9538,5.9538,5.9538,5.9538,5.9538,5.9538,5.9538,5.9538,5.9538,5.9538,5.9538,5.9538,5.9538,5.9538,5.9538,5.9538,5.9538,5.9538,5.9538,5.9538,5.9538,5.9538,5.9538,5.9538,5.9538,5.9538,5.9538,5.9538,5.9538,5.9538,5.9538,5.9538,5.9538,5.9538,5.9538,5.9538,5.9538,5.9538,5.9538,5.9538,5.9538,5.9538,5.9538,5.9538,5.9538,5.9538,5.9538,5.9538,5.9538,5.9538,5.9538,5.9538,5.9538,5.9538,5.9538,5.9538,5.9538,5.9538,5.9538,5.9538,5.9538,5.9538,5.9538,5.9538,5.9538,5.9538,5.9538,5.9538,5.9538,5.9538,5.9538,5.9538,5.9538,5.9538,5.9538,5.9538,5.9538,5.9538,5.9538,5.9538,5.9538,5.9538,5.9538,5.9538,5.9538,5.9538,5.9538,5.9538,5.9538,5.9538,5.9538,5.9538,5.9538,5.9538,5.9538,5.9538,5.9538,5.9538,5.9538,5.9538,5.9538,5.9538,5.9538,5.9538,5.9538,5.9538,5.9538,5.9538,5.9538,5.9538,5.9538,5.9538,5.9538,5.9538,5.9538,5.9538,5.9538,5.9538,5.9538,5.9538,5.9538,5.9538,5.9538,5.9538,5.9538,5.9538,5.9538,5.9538,5.9538,5.9538,5.9538,5.9538,5.9538,5.9538,5.9538,5.9538,5.9538,5.9538,5.9538,5.9538,5.9538,5.9538,5.9538,5.9538,5.9538,5.9538,5.9538,5.9538,5.9538,5.9538,5.9538,5.9538,5.9538,5.9538,5.9538,5.9538,5.9538,5.9538,5.9538,5.9538,5.9538,5.9538,5.9538,5.9538,5.9538,5.9538,5.9538,5.9538,5.9538,5.9538,5.9538,5.9538,5.9538,5.9538,5.9538,5.9538,5.9538,5.9538,5.9538,5.9538,5.9538,5.9538,5.9538,5.9538,5.9538,5.9538,5.9538,5.9538,5.9538,5.9538,5.9538,5.9538,5.9538,5.9538,5.9538,5.9538,5.9538,5.9538,5.9538,5.9538,5.9538,5.9538,5.9538,5.9538,5.9538,5.9538,5.9538,5.9538,5.9538,5.9538,5.9538,5.9538,5.9538,5.9538,5.9538,5.9538,5.9538,5.9538,5.9538,5.9538,5.9538,5.9538,5.9538,5.9538,5.9538,5.9538,5.9538,5.9538,5.9538,5.9538,5.9538,5.9538,5.9538,5.9538,5.9538,5.9538,5.9538,5.9538,5.9538,5.9538,5.9538,5.9538,5.9538,5.9538,5.9538,5.9538,5.9538,5.9538,5.9538,5.9538,5.9538,5.9538,5.9538,5.9538,5.9538,5.9538,5.9538,5.9538,5.9538,5.9538,5.9538,5.9538,5.9538,5.9538,5.9538,5.9538,5.9538
5.9498,5.9498,5.9498,5.9498,5.9498,5.9498,5.9498,5.9498,5.9498,5.9498,5.9498,5.9498,5.9498,5.9498,5.9498,5.9498,5.9498,5.9498,5.9498,5.9498,5.9498,5.9498,5.9498,5.9498,5.9498,5.9498,5.9498,5.9498,5.9498,5.9498,5.9498,5.9498,5.9498,5.9498,5.9498,5.9498,5.9498,5.9498,5.9498,5.9498,5.9498,5.9498,5.9498,5.9498,5.9498,5.9498,5.9498,5.9498,5.9498,5.9498,5.9498,5.9498,5.9498,5.9498,5.9498,5.9498,5.9498,5.9498,5.9498,5.9498,5.9498,5.9498,5.9498,5.9498,5.9498,5.9498,5.9498,5.9498,5.9498,5.9498,5.9498,5.9498,5.9498,5.9498,5.9498,5.9498,5.9498,5.9498,5.9498,5.9498,5.9498,5.9498,5.9498,5.9498,5.9498,5.9498,5.9498,5.9498,5.9498,5.9498,5.9498,5.9498,5.9498,5.9498,5.9498,5.9498,5.9498,5.9498,5.9498,5.9498,5.9498,5.9498,5.9498,5.9498,5.9498,5.9498,5.9498,5.9498,5.9498,5.9498,5.9498,5.9498,5.9498,5.9498,5.9498,5.9498,5.9498,5.9498,5.9498,5.9498,5.9498,5.9498,5.9498,5.9498,5.9498,5.9498,5.9498,5.9498,5.9498,5.9498,5.9498,5.9498,5.9498,5.9498,5.9498,5.9498,5.9498,5.9498,5.9498,5.9498,5.9498,5.9498,5.9498,5.9498,5.9498,5.9498,5.9498,5.9498,5.9498,5.9498,5.9498,5.9498,5.9498,5.9498,5.9498,5.9498,5.9498,5.9498,5.9498,5.9498,5.9498,5.9498,5.9498,5.9498,5.9498,5.9498,5.9498,5.9498,5.9498,5.9498,5.9498,5.9498,5.9498,5.9498,5.9498,5.9498,5.9498,5.9498,5.9498,5.9498,5.9498,5.9498,5.9498,5.9498,5.9498,5.9498,5.9498,5.9498,5.9498,5.9498,5.9498,5.9498,5.9498,5.9498,5.9498,5.9498,5.9498,5.9498,5.9498,5.9498,5.9498,5.9498,5.9498,5.9498,5.9498,5.9498,5.9498,5.9498,5.9498,5.9498,5.9498,5.9498,5.9498,5.9498,5.9498,5.9498,5.9498,5.9498,5.9498,5.9498,5.9498,5.9498,5.9498,5.9498,5.9498,5.9498,5.9498,5.9498,5.9498,5.9498,5.9498,5.9498,5.9498,5.9498,5.9498,5.9498,5.9498,5.9498,5.9498,5.9498,5.9498,5.9498,5.9498,5.9498,5.9498,5.9498,5.9498,5.9498,5.9498,5.9498,5.9498,5.9498,5.9498,5.9498,5.9498,5.9498,5.9498,5.9498,5.9498,5.9498,5.9498,5.9498,5.9498,5.9498,5.9498,5.9498,5.9498,5.9498,5.9498,5.9498,5.9498,5.9498,5.9498,5.9498,5.9498,5.9498,5.9498,5.9498,5.9498,5.9498,5.9498,5.9498,5.9498,5.9498,5.9498,5.9498,5.9498,5.9498,5.9498,5.9498,5.9498,5.9498,5.9498,5.9498,5.9498,5.9498,5.9498,5.9498,5.9498,5.9498,5.9498,5.9498,5.9498,5.9498,5.9498,5.9498,5.9498,5.9498,5.9498,5.9498,5.9498,5.9498,5.9498,5.9498,5.9498,5.9498,5.9498,5.9498,5.9498,5.9498,5.9498,5.9498,5.9498,5.9498,5.9498,5.9498,5.9498,5.9498,5.9498,5.9498,5.9498,5.9498,5.9498,5.9498,5.9498,5.9498,5.9498,5.9498,5.9498,5.9498,5.9498,5.9498,5.9498,5.9498,5.9498,5.9498,5.9498,5.9498,5.9498,5.9498,5.9498,5.9498,5.9498,5.9498,5.9498,5.9498,5.9498,5.9498,5.9498,5.9498,5.9498,5.9498,5.9498,5.9498,5.9498,5.9498,5.9498,5.9498,5.9498,5.9498,5.9498,5.9498,5.9498,5.9498,5.9498,5.9498,5.9498,5.9498,5.9498,5.9498,5.9498,5.9498,5.9498,5.9498,5.9498,5.9498,5.9498,5.9498,5.9498,5.9498,5.9498,5.9498,5.9498,5.9498,5.9498,5.9498,5.9498,5.9498,5.9498,5.9498,5.9498,5.9498,5.9498,5.9498,5.9498,5.9498,5.9498,5.9498,5.9498,5.9498,5.9498,5.9498,5.9498,5.9498,5.9498,5.9498,5.9498,5.9498,5.9498,5.9498,5.9498,5.9498,5.9498,5.9498,5.9498,5.9498,5.9498,5.9498,5.9498,5.9498,5.9498,5.9498,5.9498,5.9498,5.9498,5.9498,5.9498,5.9498,5.9498,5.9498,5.9498,5.9498,5.9498,5.9498,5.9498,5.9498,5.9498,5.9498,5.9498,5.9498,5.9498,5.9498,5.9498,5.9498,5.9498,5.9498,5.9498,5.9498,5.9498,5.9498,5.9498,5.9498,5.9498,5.9498,5.9498,5.9498,5.9498,5.9498,5.9498,5.9498,5.9498,5.9498,5.9498,5.9498,5.9498,5.9498,5.9498,5.9498,5.9498,5.9498,5.9498,5.9498,5.9498,5.9498,5.9498,5.9498,5.9498,5.9498,5.9498,5.9498,5.9498,5.9498,5.9498,5.9498,5.9498,5.9498,5.9498,5.9498,5.9498,5.9498,5.9498,5.9498,5.9498,5.9498,5.9498,5.9498,5.9498,5.9498,5.9498,5.9498,5.9498,5.9498,5.9498,5.9498,5.9498,5.9498,5.9498,5.9498,5.9498,5.9498,5.9498,5.9498,5.9498,5.9498,5.9498,5.9498,5.9498,5.9498,5.9498,5.9498,5.9498,5.9498,5.9498,5.9498,5.9498,5.9498,5.9498,5.9498,5.9498,5.9498,5.9498,5.9498,5.9498,5.9498,5.9498,5.9498,5.9498,5.9498,5.9498,5.9498,5.9498,5.9498,5.9498,5.9498,5.9498,5.9498,5.9498,5.9498,5.9498,5.9498,5.9498,5.9498,5.9498,5.9498,5.9498,5.9498,5.9498,5.9498,5.9498,5.9498,5.9498,5.9498,5.9498,5.9498,5.9498,5.9498,5.9498,5.9498,5.9498,5.9498,5.9498,5.9498,5.9498,5.9498,5.9498,5.9498,5.9498,5.9498,5.9498,5.9498,5.9498,5.9498,5.9498,5.9498,5.9498,5.9498,5.9498,5.9498,5.9498,5.9498,5.9498,5.9498,5.9498,5.9498,5.9498,5.9498,5.9498,5.9498,5.9498,5.9498,5.9498,5.9498,5.9498,5.9498,5.9498,5.9498,5.9498,5.9498,5.9498,5.9498,5.9498,5.9498,5.9498,5.9498,5.9498,5.9498,5.9498,5.9498,5.9498,5.9498,5.9498,5.9498,5.9498,5.9498,5.9498,5.9498,5.9498,5.9498,5.9498,5.9498,5.9498,5.9498,5.9498,5.9498,5.9498,5.9498,5.9498,5.9498,5.9498,5.9498,5.9498,5.9498,5.9498,5.9498,5.9498,5.9498,5.9498,5.9498,5.9498,5.9498,5.9498,5.9498,5.9498,5.9498,5.9498,5.9498,5.9498,5.9498,5.9498,5.9498,5.9498,5.9498,5.9498,5.9498,5.9498,5.9498,5.9498,5.9498,5.9498,5.9498,5.9498,5.9498,5.9498,5.9498,5.9498,5.9498,5.9498,5.9498,5.9498,5.9498,5.9498,5.9498,5.9498,5.9498,5.9498,5.9498,5.9498,5.9498,5.9498,5.9498,5.9498,5.9498,5.9498,5.9498,5.9498,5.9498,5.9498,5.9498,5.9498,5.9498,5.9498,5.9498,5.9498,5.9498,5.9498,5.9498,5.9498,5.9498,5.9498,5.9498,5.9498,5.9498,5.9498,5.9498,5.9498,5.9498,5.9498,5.9498,5.9498,5.9498,5.9498,5.9498,5.9498,5.9498,5.9498,5.9498,5.9498,5.9498,5.9498,5.9498,5.9498,5.9498,5.9498,5.9498,5.9498,5.9498,5.9498,5.9498,5.9498,5.9498,5.9498,5.9498,5.9498,5.9498,5.9498,5.9498,5.9498,5.9498,5.9498,5.9498,5.9498,5.9498,5.9498,5.9498,5.9498,5.9498,5.9498,5.9498,5.9498,5.9498,5.9498,5.9498,5.9498,5.9498,5.9498,5.9498,5.9498,5.9498,5.9498,5.9498,5.9498,5.9498,5.9498,5.9498,5.9498,5.9498,5.9498,5.9498,5.9498,5.9498,5.9498,5.9498,5.9498,5.9498,5.9498,5.9498,5.9498,5.9498,5.9498,5.9498,5.9498,5.9498,5.9498,5.9498,5.9498,5.9498,5.9498,5.9498,5.9498,5.9498,5.9498,5.9498,5.9498,5.9498,5.9498,5.9498,5.9498,5.9498,5.9498,5.9498,5.9498,5.9498,5.9498,5.9498,5.9498,5.9498,5.9498,5.9498,5.9498,5.9498,5.9498,5.9498,5.9498,5.9498,5.9498,5.9498,5.9498,5.9498,5.9498,5.9498,5.9498,5.9498,5.9498,5.9498,5.9498,5.9498,5.9498,5.9498,5.9498,5.9498,5.9498,5.9498,5.9498,5.9498,5.9498,5.9498,5.9498,5.9498,5.9498,5.9498,5.9498,5.9498,5.9498,5.9498,5.9498,5.9498,5.9498,5.9498,5.9498,5.9498,5.9498,5.9498,5.9498,5.9498,5.9498,5.9498,5.9498,5.9498,5.9498,5.9498,5.9498,5.9498,5.9498,5.9498,5.9498,5.9498,5.9498,5.9498,5.9498,5.9498,5.9498,5.9498,5.9498,5.9498,5.9498,5.9498,5.9498,5.9498,5.9498,5.9498,5.9498,5.9498,5.9498,5.9498,5.9498,5.9498,5.9498,5.9498,5.9498,5.9498,5.9498,5.9498,5.9498,5.9498,5.9498,5.9498,5.9498,5.9498,5.9498,5.9498,5.9498,5.9498,5.9498,5.9498,5.9498,5.9498,5.9498,5.9498,5.9498,5.9498,5.9498,5.9498,5.9498,5.9498,5.9498,5.9498,5.9498,5.9498,5.9498,5.9498,5.9498,5.9498,5.9498,5.9498,5.9498,5.9498,5.9498,5.9498,5.9498,5.9498,5.9498,5.9498,5.9498,5.9498,5.9498,5.9498,5.9498,5.9498,5.9498,5.9498
5.9460,5.9460,5.9460,5.9460,5.9460,5.9460,5.9460,5.9460,5.9460,5.9460,5.9460,5.9460,5.9460,5.9460,5.9460,5.9460,5.9460,5.9460,5.9460,5.9460,5.9460,5.9460,5.9460,5.9460,5.9460,5.9460,5.9460,5.9460,5.9460,5.9460,5.9460,5.9460,5.9460,5.9460,5.9460,5.9460,5.9460,5.9460,5.9460,5.9460,5.9460,5.9460,5.9460,5.9460,5.9460,5.9460,5.9460,5.9460,5.9460,5.9460,5.9460,5.9460,5.9460,5.9460,5.9460,5.9460,5.9460,5.9460,5.9460,5.9460,5.9460,5.9460,5.9460,5.9460,5.9460,5.9460,5.9460,5.9460,5.9460,5.9460,5.9460,5.9460,5.9460,5.9460,5.9460,5.9460,5.9460,5.9460,5.9460,5.9460,5.9460,5.9460,5.9460,5.9460,5.9460,5.9460,5.9460,5.9460,5.9460,5.9460,5.9460,5.9460,5.9460,5.9460,5.9460,5.9460,5.9460,5.9460,5.9460,5.9460,5.9460,5.9460,5.9460,5.9460,5.9460,5.9460,5.9460,5.9460,5.9460,5.9460,5.9460,5.9460,5.9460,5.9460,5.9460,5.9460,5.9460,5.9460,5.9460,5.9460,5.9460,5.9460,5.9460,5.9460,5.9460,5.9460,5.9460,5.9460,5.9460,5.9460,5.9460,5.9460,5.9460,5.9460,5.9460,5.9460,5.9460,5.9460,5.9460,5.9460,5.9460,5.9460,5.9460,5.9460,5.9460,5.9460,5.9460,5.9460,5.9460,5.9460,5.9460,5.9460,5.9460,5.9460,5.9460,5.9460,5.9460,5.9460,5.9460,5.9460,5.9460,5.9460,5.9460,5.9460,5.9460,5.9460,5.9460,5.9460,5.9460,5.9460,5.9460,5.9460,5.9460,5.9460,5.9460,5.9460,5.9460,5.9460,5.9460,5.9460,5.9460,5.9460,5.9460,5.9460,5.9460,5.9460,5.9460,5.9460,5.9460,5.9460,5.9460,5.9460,5.9460,5.9460,5.9460,5.9460,5.9460,5.9460,5.9460,5.9460,5.9460,5.9460,5.9460,5.9460,5.9460,5.9460,5.9460,5.9460,5.9460,5.9460,5.9460,5.9460,5.9460,5.9460,5.9460,5.9460,5.9460,5.9460,5.9460,5.9460,5.9460,5.9460,5.9460,5.9460,5.9460,5.9460,5.9460,5.9460,5.9460,5.9460,5.9460,5.9460,5.9460,5.9460,5.9460,5.9460,5.9460,5.9460,5.9460,5.9460,5.9460,5.9460,5.9460,5.9460,5.9460,5.9460,5.9460,5.9460,5.9460,5.9460,5.9460,5.9460,5.9460,5.9460,5.9460,5.9460,5.9460,5.9460,5.9460,5.9460,5.9460,5.9460,5.9460,5.9460,5.9460,5.9460,5.9460,5.9460,5.9460,5.9460,5.9460,5.9460,5.9460,5.9460,5.9460,5.9460,5.9460,5.9460,5.9460,5.9460,5.9460,5.9460,5.9460,5.9460,5.9460,5.9460,5.9460,5.9460,5.9460,5.9460,5.9460,5.9460,5.9460,5.9460,5.9460,5.9460,5.9460,5.9460,5.9460,5.9460,5.9460,5.9460,5.9460,5.9460,5.9460,5.9460,5.9460,5.9460,5.9460,5.9460,5.9460,5.9460,5.9460,5.9460,5.9460,5.9460,5.9460,5.9460,5.9460,5.9460,5.9460,5.9460,5.9460,5.9460,5.9460,5.9460,5.9460,5.9460,5.9460,5.9460,5.9460,5.9460,5.9460,5.9460,5.9460,5.9460,5.9460,5.9460,5.9460,5.9460,5.9460,5.9460,5.9460,5.9460,5.9460,5.9460,5.9460,5.9460,5.9460,5.9460,5.9460,5.9460,5.9460,5.9460,5.9460,5.9460,5.9460,5.9460,5.9460,5.9460,5.9460,5.9460,5.9460,5.9460,5.9460,5.9460,5.9460,5.9460,5.9460,5.9460,5.9460,5.9460,5.9460,5.9460,5.9460,5.9460,5.9460,5.9460,5.9460,5.9460,5.9460,5.9460,5.9460,5.9460,5.9460,5.9460,5.9460,5.9460,5.9460,5.9460,5.9460,5.9460,5.9460,5.9460,5.9460,5.9460,5.9460,5.9460,5.9460,5.9460,5.9460,5.9460,5.9460,5.9460,5.9460,5.9460,5.9460,5.9460,5.9460,5.9460,5.9460,5.9460,5.9460,5.9460,5.9460,5.9460,5.9460,5.9460,5.9460,5.9460,5.9460,5.9460,5.9460,5.9460,5.9460,5.9460,5.9460,5.9460,5.9460,5.9460,5.9460,5.9460,5.9460,5.9460,5.9460,5.9460,5.9460,5.9460,5.9460,5.9460,5.9460,5.9460,5.9460,5.9460,5.9460,5.9460,5.9460,5.9460,5.9460,5.9460,5.9460,5.9460,5.9460,5.9460,5.9460,5.9460,5.9460,5.9460,5.9460,5.9460,5.9460,5.9460,5.9460,5.9460,5.9460,5.9460,5.9460,5.9460,5.9460,5.9460,5.9460,5.9460,5.9460,5.9460,5.9460,5.9460,5.9460,5.9460,5.9460,5.9460,5.9460,5.9460,5.9460,5.9460,5.9460,5.9460,5.9460,5.9460,5.9460,5.9460,5.9460,5.9460,5.9460,5.9460,5.9460,5.9460,5.9460,5.9460,5.9460,5.9460,5.9460,5.9460,5.9460,5.9460,5.9460,5.9460,5.9460,5.9460,5.9460,5.9460,5.9460,5.9460,5.9460,5.9460,5.9460,5.9460,5.9460,5.9460,5.9460,5.9460,5.9460,5.9460,5.9460,5.9460,5.9460,5.9460,5.9460,5.9460,5.9460,5.9460,5.9460,5.9460,5.9460,5.9460,5.9460,5.9460,5.9460,5.9460,5.9460,5.9460,5.9460,5.9460,5.9460,5.9460,5.9460,5.9460,5.9460,5.9460,5.9460,5.9460,5.9460,5.9460,5.9460,5.9460,5.9460,5.9460,5.9460,5.9460,5.9460,5.9460,5.9460,5.9460,5.9460,5.9460,5.9460,5.9460,5.9460,5.9460,5.9460,5.9460,5.9460,5.9460,5.9460,5.9460,5.9460,5.9460,5.9460,5.9460,5.9460,5.9460,5.9460,5.9460,5.9460,5.9460,5.9460,5.9460,5.9460,5.9460,5.9460,5.9460,5.9460,5.9460,5.9460,5.9460,5.9460,5.9460,5.9460,5.9460,5.9460,5.9460,5.9460,5.9460,5.9460,5.9460,5.9460,5.9460,5.9460,5.9460,5.9460,5.9460,5.9460,5.9460,5.9460,5.9460,5.9460,5.9460,5.9460,5.9460,5.9460,5.9460,5.9460,5.9460,5.9460,5.9460,5.9460,5.9460,5.9460,5.9460,5.9460,5.9460,5.9460,5.9460,5.9460,5.9460,5.9460,5.9460,5.9460,5.9460,5.9460,5.9460,5.9460,5.9460,5.9460,5.9460,5.9460,5.9460,5.9460,5.9460,5.9460,5.9460,5.9460,5.9460,5.9460,5.9460,5.9460,5.9460,5.9460,5.9460,5.9460,5.9460,5.9460,5.9460,5.9460,5.9460,5.9460,5.9460,5.9460,5.9460,5.9460,5.9460,5.9460,5.9460,5.9460,5.9460,5.9460,5.9460,5.9460,5.9460,5.9460,5.9460,5.9460,5.9460,5.9460,5.9460,5.9460,5.9460,5.9460,5.9460,5.9460,5.9460,5.9460,5.9460,5.9460,5.9460,5.9460,5.9460,5.9460,5.9460,5.9460,5.9460,5.9460,5.9460,5.9460,5.9460,5.9460,5.9460,5.9460,5.9460,5.9460,5.9460,5.9460,5.9460,5.9460,5.9460,5.9460,5.9460,5.9460,5.9460,5.9460,5.9460,5.9460,5.9460,5.9460,5.9460,5.9460,5.9460,5.9460,5.9460,5.9460,5.9460,5.9460,5.9460,5.9460,5.9460,5.9460,5.9460,5.9460,5.9460,5.9460,5.9460,5.9460,5.9460,5.9460,5.9460,5.9460,5.9460,5.9460,5.9460,5.9460,5.9460,5.9460,5.9460,5.9460,5.9460,5.9460,5.9460,5.9460,5.9460,5.9460,5.9460,5.9460,5.9460,5.9460,5.9460,5.9460,5.9460,5.9460,5.9460,5.9460,5.9460,5.9460,5.9460,5.9460,5.9460,5.9460,5.9460,5.9460,5.9460,5.9460,5.9460,5.9460,5.9460,5.9460,5.9460,5.9460,5.9460,5.9460,5.9460,5.9460,5.9460,5.9460,5.9460,5.9460,5.9460,5.9460,5.9460,5.9460,5.9460,5.9460,5.9460,5.9460,5.9460,5.9460,5.9460,5.9460,5.9460,5.9460,5.9460,5.9460,5.9460,5.9460,5.9460,5.9460,5.9460,5.9460,5.9460,5.9460,5.9460,5.9460,5.9460,5.9460,5.9460,5.9460,5.9460,5.9460,5.9460,5.9460,5.9460,5.9460,5.9460,5.9460,5.9460,5.9460,5.9460,5.9460,5.9460,5.9460,5.9460,5.9460,5.9460,5.9460,5.9460,5.9460,5.9460,5.9460,5.9460,5.9460,5.9460,5.9460,5.9460,5.9460,5.9460,5.9460,5.9460,5.9460,5.9460,5.9460,5.9460,5.9460,5.9460,5.9460,5.9460,5.9460,5.9460,5.9460,5.9460,5.9460,5.9460,5.9460,5.9460,5.9460,5.9460,5.9460,5.9460,5.9460,5.9460,5.9460,5.9460,5.9460,5.9460,5.9460,5.9460,5.9460,5.9460,5.9460,5.9460,5.9460,5.9460,5.9460,5.9460,5.9460,5.9460,5.9460,5.9460,5.9460,5.9460,5.9460,5.9460,5.9460,5.9460,5.9460,5.9460,5.9460,5.9460,5.9460,5.9460,5.9460,5.9460,5.9460,5.9460,5.9460,5.9460,5.9460,5.9460,5.9460,5.9460,5.9460,5.9460,5.9460,5.9460,5.9460,5.9460,5.9460,5.9460,5.9460,5.9460,5.9460,5.9460,5.9460,5.9460,5.9460,5.9460,5.9460,5.9460,5.9460,5.9460,5.9460,5.9460,5.9460,5.9460,5.9460,5.9460,5.9460,5.9460,5.9460,5.9460,5.9460,5.9460,5.9460,5.9460,5.9460,5.9460,5.9460,5.9460,5.9460,5.9460,5.9460,5.9460,5.9460,5.9460
5.9420,5.9420,5.9420,5.9420,5.9420,5.9420,5.9420,5.9420,5.9420,5.9420,5.9420,5.9420,5.9420,5.9420,5.9420,5.9420,5.9420,5.9420,5.9420,5.9420,5.9420,5.9420,5.9420,5.9420,5.9420,5.9420,5.9420,5.9420,5.9420,5.9420,5.9420,5.9420,5.9420,5.9420,5.9420,5.9420,5.9420,5.9420,5.9420,5.9420,5.9420,5.9420,5.9420,5.9420,5.9420,5.9420,5.9420,5.9420,5.9420,5.9420,5.9420,5.9420,5.9420,5.9420,5.9420,5.9420,5.9420,5.9420,5.9420,5.9420,5.9420,5.9420,5.9420,5.9420,5.9420,5.9420,5.9420,5.9420,5.9420,5.9420,5.9420,5.9420,5.9420,5.9420,5.9420,5.9420,5.9420,5.9420,5.9420,5.9420,5.9420,5.9420,5.9420,5.9420,5.9420,5.9420,5.9420,5.9420,5.9420,5.9420,5.9420,5.9420,5.9420,5.9420,5.9420,5.9420,5.9420,5.9420,5.9420,5.9420,5.9420,5.9420,5.9420,5.9420,5.9420,5.9420,5.9420,5.9420,5.9420,5.9420,5.9420,5.9420,5.9420,5.9420,5.9420,5.9420,5.9420,5.9420,5.9420,5.9420,5.9420,5.9420,5.9420,5.9420,5.9420,5.9420,5.9420,5.9420,5.9420,5.9420,5.9420,5.9420,5.9420,5.9420,5.9420,5.9420,5.9420,5.9420,5.9420,5.9420,5.9420,5.9420,5.9420,5.9420,5.9420,5.9420,5.9420,5.9420,5.9420,5.9420,5.9420,5.9420,5.9420,5.9420,5.9420,5.9420,5.9420,5.9420,5.9420,5.9420,5.9420,5.9420,5.9420,5.9420,5.9420,5.9420,5.9420,5.9420,5.9420,5.9420,5.9420,5.9420,5.9420,5.9420,5.9420,5.9420,5.9420,5.9420,5.9420,5.9420,5.9420,5.9420,5.9420,5.9420,5.9420,5.9420,5.9420,5.9420,5.9420,5.9420,5.9420,5.9420,5.9420,5.9420,5.9420,5.9420,5.9420,5.9420,5.9420,5.9420,5.9420,5.9420,5.9420,5.9420,5.9420,5.9420,5.9420,5.9420,5.9420,5.9420,5.9420,5.9420,5.9420,5.9420,5.9420,5.9420,5.9420,5.9420,5.9420,5.9420,5.9420,5.9420,5.9420,5.9420,5.9420,5.9420,5.9420,5.9420,5.9420,5.9420,5.9420,5.9420,5.9420,5.9420,5.9420,5.9420,5.9420,5.9420,5.9420,5.9420,5.9420,5.9420,5.9420,5.9420,5.9420,5.9420,5.9420,5.9420,5.9420,5.9420,5.9420,5.9420,5.9420,5.9420,5.9420,5.9420,5.9420,5.9420,5.9420,5.9420,5.9420,5.9420,5.9420,5.9420,5.9420,5.9420,5.9420,5.9420,5.9420,5.9420,5.9420,5.9420,5.9420,5.9420,5.9420,5.9420,5.9420,5.9420,5.9420,5.9420,5.9420,5.9420,5.9420,5.9420,5.9420,5.9420,5.9420,5.9420,5.9420,5.9420,5.9420,5.9420,5.9420,5.9420,5.9420,5.9420,5.9420,5.9420,5.9420,5.9420,5.9420,5.9420,5.9420,5.9420,5.9420,5.9420,5.9420,5.9420,5.9420,5.9420,5.9420,5.9420,5.9420,5.9420,5.9420,5.9420,5.9420,5.9420,5.9420,5.9420,5.9420,5.9420,5.9420,5.9420,5.9420,5.9420,5.9420,5.9420,5.9420,5.9420,5.9420,5.9420,5.9420,5.9420,5.9420,5.9420,5.9420,5.9420,5.9420,5.9420,5.9420,5.9420,5.9420,5.9420,5.9420,5.9420,5.9420,5.9420,5.9420,5.9420,5.9420,5.9420,5.9420,5.9420,5.9420,5.9420,5.9420,5.9420,5.9420,5.9420,5.9420,5.9420,5.9420,5.9420,5.9420,5.9420,5.9420,5.9420,5.9420,5.9420,5.9420,5.9420,5.9420,5.9420,5.9420,5.9420,5.9420,5.9420,5.9420,5.9420,5.9420,5.9420,5.9420,5.9420,5.9420,5.9420,5.9420,5.9420,5.9420,5.9420,5.9420,5.9420,5.9420,5.9420,5.9420,5.9420,5.9420,5.9420,5.9420,5.9420,5.9420,5.9420,5.9420,5.9420,5.9420,5.9420,5.9420,5.9420,5.9420,5.9420,5.9420,5.9420,5.9420,5.9420,5.9420,5.9420,5.9420,5.9420,5.9420,5.9420,5.9420,5.9420,5.9420,5.9420,5.9420,5.9420,5.9420,5.9420,5.9420,5.9420,5.9420,5.9420,5.9420,5.9420,5.9420,5.9420,5.9420,5.9420,5.9420,5.9420,5.9420,5.9420,5.9420,5.9420,5.9420,5.9420,5.9420,5.9420,5.9420,5.9420,5.9420,5.9420,5.9420,5.9420,5.9420,5.9420,5.9420,5.9420,5.9420,5.9420,5.9420,5.9420,5.9420,5.9420,5.9420,5.9420,5.9420,5.9420,5.9420,5.9420,5.9420,5.9420,5.9420,5.9420,5.9420,5.9420,5.9420,5.9420,5.9420,5.9420,5.9420,5.9420,5.9420,5.9420,5.9420,5.9420,5.9420,5.9420,5.9420,5.9420,5.9420,5.9420,5.9420,5.9420,5.9420,5.9420,5.9420,5.9420,5.9420,5.9420,5.9420,5.9420,5.9420,5.9420,5.9420,5.9420,5.9420,5.9420,5.9420,5.9420,5.9420,5.9420,5.9420,5.9420,5.9420,5.9420,5.9420,5.9420,5.9420,5.9420,5.9420,5.9420,5.9420,5.9420,5.9420,5.9420,5.9420,5.9420,5.9420,5.9420,5.9420,5.9420,5.9420,5.9420,5.9420,5.9420,5.9420,5.9420,5.9420,5.9420,5.9420,5.9420,5.9420,5.9420,5.9420,5.9420,5.9420,5.9420,5.9420,5.9420,5.9420,5.9420,5.9420,5.9420,5.9420,5.9420,5.9420,5.9420,5.9420,5.9420,5.9420,5.9420,5.9420,5.9420,5.9420,5.9420,5.9420,5.9420,5.9420,5.9420,5.9420,5.9420,5.9420,5.9420,5.9420,5.9420,5.9420,5.9420,5.9420,5.9420,5.9420,5.9420,5.9420,5.9420,5.9420,5.9420,5.9420,5.9420,5.9420,5.9420,5.9420,5.9420,5.9420,5.9420,5.9420,5.9420,5.9420,5.9420,5.9420,5.9420,5.9420,5.9420,5.9420,5.9420,5.9420,5.9420,5.9420,5.9420,5.9420,5.9420,5.9420,5.9420,5.9420,5.9420,5.9420,5.9420,5.9420,5.9420,5.9420,5.9420,5.9420,5.9420,5.9420,5.9420,5.9420,5.9420,5.9420,5.9420,5.9420,5.9420,5.9420,5.9420,5.9420,5.9420,5.9420,5.9420,5.9420,5.9420,5.9420,5.9420,5.9420,5.9420,5.9420,5.9420,5.9420,5.9420,5.9420,5.9420,5.9420,5.9420,5.9420,5.9420,5.9420,5.9420,5.9420,5.9420,5.9420,5.9420,5.9420,5.9420,5.9420,5.9420,5.9420,5.9420,5.9420,5.9420,5.9420,5.9420,5.9420,5.9420,5.9420,5.9420,5.9420,5.9420,5.9420,5.9420,5.9420,5.9420,5.9420,5.9420,5.9420,5.9420,5.9420,5.9420,5.9420,5.9420,5.9420,5.9420,5.9420,5.9420,5.9420,5.9420,5.9420,5.9420,5.9420,5.9420,5.9420,5.9420,5.9420,5.9420,5.9420,5.9420,5.9420,5.9420,5.9420,5.9420,5.9420,5.9420,5.9420,5.9420,5.9420,5.9420,5.9420,5.9420,5.9420,5.9420,5.9420,5.9420,5.9420,5.9420,5.9420,5.9420,5.9420,5.9420,5.9420,5.9420,5.9420,5.9420,5.9420,5.9420,5.9420,5.9420,5.9420,5.9420,5.9420,5.9420,5.9420,5.9420,5.9420,5.9420,5.9420,5.9420,5.9420,5.9420,5.9420,5.9420,5.9420,5.9420,5.9420,5.9420,5.9420,5.9420,5.9420,5.9420,5.9420,5.9420,5.9420,5.9420,5.9420,5.9420,5.9420,5.9420,5.9420,5.9420,5.9420,5.9420,5.9420,5.9420,5.9420,5.9420,5.9420,5.9420,5.9420,5.9420,5.9420,5.9420,5.9420,5.9420,5.9420,5.9420,5.9420,5.9420,5.9420,5.9420,5.9420,5.9420,5.9420,5.9420,5.9420,5.9420,5.9420,5.9420,5.9420,5.9420,5.9420,5.9420,5.9420,5.9420,5.9420,5.9420,5.9420,5.9420,5.9420,5.9420,5.9420,5.9420,5.9420,5.9420,5.9420,5.9420,5.9420,5.9420,5.9420,5.9420,5.9420,5.9420,5.9420,5.9420,5.9420,5.9420,5.9420,5.9420,5.9420,5.9420,5.9420,5.9420,5.9420,5.9420,5.9420,5.9420,5.9420,5.9420,5.9420,5.9420,5.9420,5.9420,5.9420,5.9420,5.9420,5.9420,5.9420,5.9420,5.9420,5.9420,5.9420,5.9420,5.9420,5.9420,5.9420,5.9420,5.9420,5.9420,5.9420,5.9420,5.9420,5.9420,5.9420,5.9420,5.9420,5.9420,5.9420,5.9420,5.9420,5.9420,5.9420,5.9420,5.9420,5.9420,5.9420,5.9420,5.9420,5.9420,5.9420,5.9420,5.9420,5.9420,5.9420,5.9420,5.9420,5.9420,5.9420,5.9420,5.9420,5.9420,5.9420,5.9420,5.9420,5.9420,5.9420,5.9420,5.9420,5.9420,5.9420,5.9420,5.9420,5.9420,5.9420,5.9420,5.9420,5.9420,5.9420,5.9420,5.9420,5.9420,5.9420,5.9420,5.9420,5.9420,5.9420,5.9420,5.9420,5.9420,5.9420,5.9420,5.9420,5.9420,5.9420,5.9420,5.9420,5.9420,5.9420,5.9420,5.9420,5.9420,5.9420,5.9420,5.9420,5.9420,5.9420,5.9420,5.9420,5.9420,5.9420,5.9420,5.9420,5.9420,5.9420,5.9420,5.9420,5.9420,5.9420,5.9420,5.9420,5.9420,5.9420,5.9420,5.9420,5.9420,5.9420,5.9420,5.9420,5.9420,5.9420,5.9420,5.9420,5.9420,5.9420,5.9420,5.9420,5.9420
5.9381,5.9381,5.9381,5.9381,5.9381,5.9381,5.9381,5.9381,5.9381,5.9381,5.9381,5.9381,5.9381,5.9381,5.9381,5.9381,5.9381,5.9381,5.9381,5.9381,5.9381,5.9381,5.9381,5.9381,5.9381,5.9381,5.9381,5.9381,5.9381,5.9381,5.9381,5.9381,5.9381,5.9381,5.9381,5.9381,5.9381,5.9381,5.9381,5.9381,5.9381,5.9381,5.9381,5.9381,5.9381,5.9381,5.9381,5.9381,5.9381,5.9381,5.9381,5.9381,5.9381,5.9381,5.9381,5.9381,5.9381,5.9381,5.9381,5.9381,5.9381,5.9381,5.9381,5.9381,5.9381,5.9381,5.9381,5.9381,5.9381,5.9381,5.9381,5.9381,5.9381,5.9381,5.9381,5.9381,5.9381,5.9381,5.9381,5.9381,5.9381,5.9381,5.9381,5.9381,5.9381,5.9381,5.9381,5.9381,5.9381,5.9381,5.9381,5.9381,5.9381,5.9381,5.9381,5.9381,5.9381,5.9381,5.9381,5.9381,5.9381,5.9381,5.9381,5.9381,5.9381,5.9381,5.9381,5.9381,5.9381,5.9381,5.9381,5.9381,5.9381,5.9381,5.9381,5.9381,5.9381,5.9381,5.9381,5.9381,5.9381,5.9381,5.9381,5.9381,5.9381,5.9381,5.9381,5.9381,5.9381,5.9381,5.9381,5.9381,5.9381,5.9381,5.9381,5.9381,5.9381,5.9381,5.9381,5.9381,5.9381,5.9381,5.9381,5.9381,5.9381,5.9381,5.9381,5.9381,5.9381,5.9381,5.9381,5.9381,5.9381,5.9381,5.9381,5.9381,5.9381,5.9381,5.9381,5.9381,5.9381,5.9381,5.9381,5.9381,5.9381,5.9381,5.9381,5.9381,5.9381,5.9381,5.9381,5.9381,5.9381,5.9381,5.9381,5.9381,5.9381,5.9381,5.9381,5.9381,5.9381,5.9381,5.9381,5.9381,5.9381,5.9381,5.9381,5.9381,5.9381,5.9381,5.9381,5.9381,5.9381,5.9381,5.9381,5.9381,5.9381,5.9381,5.9381,5.9381,5.9381,5.9381,5.9381,5.9381,5.9381,5.9381,5.9381,5.9381,5.9381,5.9381,5.9381,5.9381,5.9381,5.9381,5.9381,5.9381,5.9381,5.9381,5.9381,5.9381,5.9381,5.9381,5.9381,5.9381,5.9381,5.9381,5.9381,5.9381,5.9381,5.9381,5.9381,5.9381,5.9381,5.9381,5.9381,5.9381,5.9381,5.9381,5.9381,5.9381,5.9381,5.9381,5.9381,5.9381,5.9381,5.9381,5.9381,5.9381,5.9381,5.9381,5.9381,5.9381,5.9381,5.9381,5.9381,5.9381,5.9381,5.9381,5.9381,5.9381,5.9381,5.9381,5.9381,5.9381,5.9381,5.9381,5.9381,5.9381,5.9381,5.9381,5.9381,5.9381,5.9381,5.9381,5.9381,5.9381,5.9381,5.9381,5.9381,5.9381,5.9381,5.9381,5.9381,5.9381,5.9381,5.9381,5.9381,5.9381,5.9381,5.9381,5.9381,5.9381,5.9381,5.9381,5.9381,5.9381,5.9381,5.9381,5.9381,5.9381,5.9381,5.9381,5.9381,5.9381,5.9381,5.9381,5.9381,5.9381,5.9381,5.9381,5.9381,5.9381,5.9381,5.9381,5.9381,5.9381,5.9381,5.9381,5.9381,5.9381,5.9381,5.9381,5.9381,5.9381,5.9381,5.9381,5.9381,5.9381,5.9381,5.9381,5.9381,5.9381,5.9381,5.9381,5.9381,5.9381,5.9381,5.9381,5.9381,5.9381,5.9381,5.9381,5.9381,5.9381,5.9381,5.9381,5.9381,5.9381,5.9381,5.9381,5.9381,5.9381,5.9381,5.9381,5.9381,5.9381,5.9381,5.9381,5.9381,5.9381,5.9381,5.9381,5.9381,5.9381,5.9381,5.9381,5.9381,5.9381,5.9381,5.9381,5.9381,5.9381,5.9381,5.9381,5.9381,5.9381,5.9381,5.9381,5.9381,5.9381,5.9381,5.9381,5.9381,5.9381,5.9381,5.9381,5.9381,5.9381,5.9381,5.9381,5.9381,5.9381,5.9381,5.9381,5.9381,5.9381,5.9381,5.9381,5.9381,5.9381,5.9381,5.9381,5.9381,5.9381,5.9381,5.9381,5.9381,5.9381,5.9381,5.9381,5.9381,5.9381,5.9381,5.9381,5.9381,5.9381,5.9381,5.9381,5.9381,5.9381,5.9381,5.9381,5.9381,5.9381,5.9381,5.9381,5.9381,5.9381,5.9381,5.9381,5.9381,5.9381,5.9381,5.9381,5.9381,5.9381,5.9381,5.9381,5.9381,5.9381,5.9381,5.9381,5.9381,5.9381,5.9381,5.9381,5.9381,5.9381,5.9381,5.9381,5.9381,5.9381,5.9381,5.9381,5.9381,5.9381,5.9381,5.9381,5.9381,5.9381,5.9381,5.9381,5.9381,5.9381,5.9381,5.9381,5.9381,5.9381,5.9381,5.9381,5.9381,5.9381,5.9381,5.9381,5.9381,5.9381,5.9381,5.9381,5.9381,5.9381,5.9381,5.9381,5.9381,5.9381,5.9381,5.9381,5.9381,5.9381,5.9381,5.9381,5.9381,5.9381,5.9381,5.9381,5.9381,5.9381,5.9381,5.9381,5.9381,5.9381,5.9381,5.9381,5.9381,5.9381,5.9381,5.9381,5.9381,5.9381,5.9381,5.9381,5.9381,5.9381,5.9381,5.9381,5.9381,5.9381,5.9381,5.9381,5.9381,5.9381,5.9381,5.9381,5.9381,5.9381,5.9381,5.9381,5.9381,5.9381,5.9381,5.9381,5.9381,5.9381,5.9381,5.9381,5.9381,5.9381,5.9381,5.9381,5.9381,5.9381,5.9381,5.9381,5.9381,5.9381,5.9381,5.9381,5.9381,5.9381,5.9381,5.9381,5.9381,5.9381,5.9381,5.9381,5.9381,5.9381,5.9381,5.9381,5.9381,5.9381,5.9381,5.9381,5.9381,5.9381,5.9381,5.9381,5.9381,5.9381,5.9381,5.9381,5.9381,5.9381,5.9381,5.9381,5.9381,5.9381,5.9381,5.9381,5.9381,5.9381,5.9381,5.9381,5.9381,5.9381,5.9381,5.9381,5.9381,5.9381,5.9381,5.9381,5.9381,5.9381,5.9381,5.9381,5.9381,5.9381,5.9381,5.9381,5.9381,5.9381,5.9381,5.9381,5.9381,5.9381,5.9381,5.9381,5.9381,5.9381,5.9381,5.9381,5.9381,5.9381,5.9381,5.9381,5.9381,5.9381,5.9381,5.9381,5.9381,5.9381,5.9381,5.9381,5.9381,5.9381,5.9381,5.9381,5.9381,5.9381,5.9381,5.9381,5.9381,5.9381,5.9381,5.9381,5.9381,5.9381,5.9381,5.9381,5.9381,5.9381,5.9381,5.9381,5.9381,5.9381,5.9381,5.9381,5.9381,5.9381,5.9381,5.9381,5.9381,5.9381,5.9381,5.9381,5.9381,5.9381,5.9381,5.9381,5.9381,5.9381,5.9381,5.9381,5.9381,5.9381,5.9381,5.9381,5.9381,5.9381,5.9381,5.9381,5.9381,5.9381,5.9381,5.9381,5.9381,5.9381,5.9381,5.9381,5.9381,5.9381,5.9381,5.9381,5.9381,5.9381,5.9381,5.9381,5.9381,5.9381,5.9381,5.9381,5.9381,5.9381,5.9381,5.9381,5.9381,5.9381,5.9381,5.9381,5.9381,5.9381,5.9381,5.9381,5.9381,5.9381,5.9381,5.9381,5.9381,5.9381,5.9381,5.9381,5.9381,5.9381,5.9381,5.9381,5.9381,5.9381,5.9381,5.9381,5.9381,5.9381,5.9381,5.9381,5.9381,5.9381,5.9381,5.9381,5.9381,5.9381,5.9381,5.9381,5.9381,5.9381,5.9381,5.9381,5.9381,5.9381,5.9381,5.9381,5.9381,5.9381,5.9381,5.9381,5.9381,5.9381,5.9381,5.9381,5.9381,5.9381,5.9381,5.9381,5.9381,5.9381,5.9381,5.9381,5.9381,5.9381,5.9381,5.9381,5.9381,5.9381,5.9381,5.9381,5.9381,5.9381,5.9381,5.9381,5.9381,5.9381,5.9381,5.9381,5.9381,5.9381,5.9381,5.9381,5.9381,5.9381,5.9381,5.9381,5.9381,5.9381,5.9381,5.9381,5.9381,5.9381,5.9381,5.9381,5.9381,5.9381,5.9381,5.9381,5.9381,5.9381,5.9381,5.9381,5.9381,5.9381,5.9381,5.9381,5.9381,5.9381,5.9381,5.9381,5.9381,5.9381,5.9381,5.9381,5.9381,5.9381,5.9381,5.9381,5.9381,5.9381,5.9381,5.9381,5.9381,5.9381,5.9381,5.9381,5.9381,5.9381,5.9381,5.9381,5.9381,5.9381,5.9381,5.9381,5.9381,5.9381,5.9381,5.9381,5.9381,5.9381,5.9381,5.9381,5.9381,5.9381,5.9381,5.9381,5.9381,5.9381,5.9381,5.9381,5.9381,5.9381,5.9381,5.9381,5.9381,5.9381,5.9381,5.9381,5.9381,5.9381,5.9381,5.9381,5.9381,5.9381,5.9381,5.9381,5.9381,5.9381,5.9381,5.9381,5.9381,5.9381,5.9381,5.9381,5.9381,5.9381,5.9381,5.9381,5.9381,5.9381,5.9381,5.9381,5.9381,5.9381,5.9381,5.9381,5.9381,5.9381,5.9381,5.9381,5.9381,5.9381,5.9381,5.9381,5.9381,5.9381,5.9381,5.9381,5.9381,5.9381,5.9381,5.9381,5.9381,5.9381,5.9381,5.9381,5.9381,5.9381,5.9381,5.9381,5.9381,5.9381,5.9381,5.9381,5.9381,5.9381,5.9381,5.9381,5.9381,5.9381,5.9381,5.9381,5.9381,5.9381,5.9381,5.9381,5.9381,5.9381,5.9381,5.9381,5.9381,5.9381,5.9381,5.9381,5.9381,5.9381,5.9381,5.9381,5.9381,5.9381,5.9381,5.9381,5.9381,5.9381,5.9381,5.9381,5.9381,5.9381,5.9381,5.9381,5.9381,5.9381,5.9381,5.9381,5.9381,5.9381,5.9381,5.9381,5.9381,5.9381,5.9381,5.9381,5.9381,5.9381,5.9381,5.9381,5.9381,5.9381
5.9341,5.9341,5.9341,5.9341,5.9341,5.9341,5.9341,5.9341,5.9341,5.9341,5.9341,5.9341,5.9341,5.9341,5.9341,5.9341,5.9341,5.9341,5.9341,5.9341,5.9341,5.9341,5.9341,5.9341,5.9341,5.9341,5.9341,5.9341,5.9341,5.9341,5.9341,5.9341,5.9341,5.9341,5.9341,5.9341,5.9341,5.9341,5.9341,5.9341,5.9341,5.9341,5.9341,5.9341,5.9341,5.9341,5.9341,5.9341,5.9341,5.9341,5.9341,5.9341,5.9341,5.9341,5.9341,5.9341,5.9341,5.9341,5.9341,5.9341,5.9341,5.9341,5.9341,5.9341,5.9341,5.9341,5.9341,5.9341,5.9341,5.9341,5.9341,5.9341,5.9341,5.9341,5.9341,5.9341,5.9341,5.9341,5.9341,5.9341,5.9341,5.9341,5.9341,5.9341,5.9341,5.9341,5.9341,5.9341,5.9341,5.9341,5.9341,5.9341,5.9341,5.9341,5.9341,5.9341,5.9341,5.9341,5.9341,5.9341,5.9341,5.9341,5.9341,5.9341,5.9341,5.9341,5.9341,5.9341,5.9341,5.9341,5.9341,5.9341,5.9341,5.9341,5.9341,5.9341,5.9341,5.9341,5.9341,5.9341,5.9341,5.9341,5.9341,5.9341,5.9341,5.9341,5.9341,5.9341,5.9341,5.9341,5.9341,5.9341,5.9341,5.9341,5.9341,5.9341,5.9341,5.9341,5.9341,5.9341,5.9341,5.9341,5.9341,5.9341,5.9341,5.9341,5.9341,5.9341,5.9341,5.9341,5.9341,5.9341,5.9341,5.9341,5.9341,5.9341,5.9341,5.9341,5.9341,5.9341,5.9341,5.9341,5.9341,5.9341,5.9341,5.9341,5.9341,5.9341,5.9341,5.9341,5.9341,5.9341,5.9341,5.9341,5.9341,5.9341,5.9341,5.9341,5.9341,5.9341,5.9341,5.9341,5.9341,5.9341,5.9341,5.9341,5.9341,5.9341,5.9341,5.9341,5.9341,5.9341,5.9341,5.9341,5.9341,5.9341,5.9341,5.9341,5.9341,5.9341,5.9341,5.9341,5.9341,5.9341,5.9341,5.9341,5.9341,5.9341,5.9341,5.9341,5.9341,5.9341,5.9341,5.9341,5.9341,5.9341,5.9341,5.9341,5.9341,5.9341,5.9341,5.9341,5.9341,5.9341,5.9341,5.9341,5.9341,5.9341,5.9341,5.9341,5.9341,5.9341,5.9341,5.9341,5.9341,5.9341,5.9341,5.9341,5.9341,5.9341,5.9341,5.9341,5.9341,5.9341,5.9341,5.9341,5.9341,5.9341,5.9341,5.9341,5.9341,5.9341,5.9341,5.9341,5.9341,5.9341,5.9341,5.9341,5.9341,5.9341,5.9341,5.9341,5.9341,5.9341,5.9341,5.9341,5.9341,5.9341,5.9341,5.9341,5.9341,5.9341,5.9341,5.9341,5.9341,5.9341,5.9341,5.9341,5.9341,5.9341,5.9341,5.9341,5.9341,5.9341,5.9341,5.9341,5.9341,5.9341,5.9341,5.9341,5.9341,5.9341,5.9341,5.9341,5.9341,5.9341,5.9341,5.9341,5.9341,5.9341,5.9341,5.9341,5.9341,5.9341,5.9341,5.9341,5.9341,5.9341,5.9341,5.9341,5.9341,5.9341,5.9341,5.9341,5.9341,5.9341,5.9341,5.9341,5.9341,5.9341,5.9341,5.9341,5.9341,5.9341,5.9341,5.9341,5.9341,5.9341,5.9341,5.9341,5.9341,5.9341,5.9341,5.9341,5.9341,5.9341,5.9341,5.9341,5.9341,5.9341,5.9341,5.9341,5.9341,5.9341,5.9341,5.9341,5.9341,5.9341,5.9341,5.9341,5.9341,5.9341,5.9341,5.9341,5.9341,5.9341,5.9341,5.9341,5.9341,5.9341,5.9341,5.9341,5.9341,5.9341,5.9341,5.9341,5.9341,5.9341,5.9341,5.9341,5.9341,5.9341,5.9341,5.9341,5.9341,5.9341,5.9341,5.9341,5.9341,5.9341,5.9341,5.9341,5.9341,5.9341,5.9341,5.9341,5.9341,5.9341,5.9341,5.9341,5.9341,5.9341,5.9341,5.9341,5.9341,5.9341,5.9341,5.9341,5.9341,5.9341,5.9341,5.9341,5.9341,5.9341,5.9341,5.9341,5.9341,5.9341,5.9341,5.9341,5.9341,5.9341,5.9341,5.9341,5.9341,5.9341,5.9341,5.9341,5.9341,5.9341,5.9341,5.9341,5.9341,5.9341,5.9341,5.9341,5.9341,5.9341,5.9341,5.9341,5.9341,5.9341,5.9341,5.9341,5.9341,5.9341,5.9341,5.9341,5.9341,5.9341,5.9341,5.9341,5.9341,5.9341,5.9341,5.9341,5.9341,5.9341,5.9341,5.9341,5.9341,5.9341,5.9341,5.9341,5.9341,5.9341,5.9341,5.9341,5.9341,5.9341,5.9341,5.9341,5.9341,5.9341,5.9341,5.9341,5.9341,5.9341,5.9341,5.9341,5.9341,5.9341,5.9341,5.9341,5.9341,5.9341,5.9341,5.9341,5.9341,5.9341,5.9341,5.9341,5.9341,5.9341,5.9341,5.9341,5.9341,5.9341,5.9341,5.9341,5.9341,5.9341,5.9341,5.9341,5.9341,5.9341,5.9341,5.9341,5.9341,5.9341,5.9341,5.9341,5.9341,5.9341,5.9341,5.9341,5.9341,5.9341,5.9341,5.9341,5.9341,5.9341,5.9341,5.9341,5.9341,5.9341,5.9341,5.9341,5.9341,5.9341,5.9341,5.9341,5.9341,5.9341,5.9341,5.9341,5.9341,5.9341,5.9341,5.9341,5.9341,5.9341,5.9341,5.9341,5.9341,5.9341,5.9341,5.9341,5.9341,5.9341,5.9341,5.9341,5.9341,5.9341,5.9341,5.9341,5.9341,5.9341,5.9341,5.9341,5.9341,5.9341,5.9341,5.9341,5.9341,5.9341,5.9341,5.9341,5.9341,5.9341,5.9341,5.9341,5.9341,5.9341,5.9341,5.9341,5.9341,5.9341,5.9341,5.9341,5.9341,5.9341,5.9341,5.9341,5.9341,5.9341,5.9341,5.9341,5.9341,5.9341,5.9341,5.9341,5.9341,5.9341,5.9341,5.9341,5.9341,5.9341,5.9341,5.9341,5.9341,5.9341,5.9341,5.9341,5.9341,5.9341,5.9341,5.9341,5.9341,5.9341,5.9341,5.9341,5.9341,5.9341,5.9341,5.9341,5.9341,5.9341,5.9341,5.9341,5.9341,5.9341,5.9341,5.9341,5.9341,5.9341,5.9341,5.9341,5.9341,5.9341,5.9341,5.9341,5.9341,5.9341,5.9341,5.9341,5.9341,5.9341,5.9341,5.9341,5.9341,5.9341,5.9341,5.9341,5.9341,5.9341,5.9341,5.9341,5.9341,5.9341,5.9341,5.9341,5.9341,5.9341,5.9341,5.9341,5.9341,5.9341,5.9341,5.9341,5.9341,5.9341,5.9341,5.9341,5.9341,5.9341,5.9341,5.9341,5.9341,5.9341,5.9341,5.9341,5.9341,5.9341,5.9341,5.9341,5.9341,5.9341,5.9341,5.9341,5.9341,5.9341,5.9341,5.9341,5.9341,5.9341,5.9341,5.9341,5.9341,5.9341,5.9341,5.9341,5.9341,5.9341,5.9341,5.9341,5.9341,5.9341,5.9341,5.9341,5.9341,5.9341,5.9341,5.9341,5.9341,5.9341,5.9341,5.9341,5.9341,5.9341,5.9341,5.9341,5.9341,5.9341,5.9341,5.9341,5.9341,5.9341,5.9341,5.9341,5.9341,5.9341,5.9341,5.9341,5.9341,5.9341,5.9341,5.9341,5.9341,5.9341,5.9341,5.9341,5.9341,5.9341,5.9341,5.9341,5.9341,5.9341,5.9341,5.9341,5.9341,5.9341,5.9341,5.9341,5.9341,5.9341,5.9341,5.9341,5.9341,5.9341,5.9341,5.9341,5.9341,5.9341,5.9341,5.9341,5.9341,5.9341,5.9341,5.9341,5.9341,5.9341,5.9341,5.9341,5.9341,5.9341,5.9341,5.9341,5.9341,5.9341,5.9341,5.9341,5.9341,5.9341,5.9341,5.9341,5.9341,5.9341,5.9341,5.9341,5.9341,5.9341,5.9341,5.9341,5.9341,5.9341,5.9341,5.9341,5.9341,5.9341,5.9341,5.9341,5.9341,5.9341,5.9341,5.9341,5.9341,5.9341,5.9341,5.9341,5.9341,5.9341,5.9341,5.9341,5.9341,5.9341,5.9341,5.9341,5.9341,5.9341,5.9341,5.9341,5.9341,5.9341,5.9341,5.9341,5.9341,5.9341,5.9341,5.9341,5.9341,5.9341,5.9341,5.9341,5.9341,5.9341,5.9341,5.9341,5.9341,5.9341,5.9341,5.9341,5.9341,5.9341,5.9341,5.9341,5.9341,5.9341,5.9341,5.9341,5.9341,5.9341,5.9341,5.9341,5.9341,5.9341,5.9341,5.9341,5.9341,5.9341,5.9341,5.9341,5.9341,5.9341,5.9341,5.9341,5.9341,5.9341,5.9341,5.9341,5.9341,5.9341,5.9341,5.9341,5.9341,5.9341,5.9341,5.9341,5.9341,5.9341,5.9341,5.9341,5.9341,5.9341,5.9341,5.9341,5.9341,5.9341,5.9341,5.9341,5.9341,5.9341,5.9341,5.9341,5.9341,5.9341,5.9341,5.9341,5.9341,5.9341,5.9341,5.9341,5.9341,5.9341,5.9341,5.9341,5.9341,5.9341,5.9341,5.9341,5.9341,5.9341,5.9341,5.9341,5.9341,5.9341,5.9341,5.9341,5.9341,5.9341,5.9341,5.9341,5.9341,5.9341,5.9341,5.9341,5.9341,5.9341,5.9341,5.9341,5.9341,5.9341,5.9341,5.9341,5.9341,5.9341,5.9341,5.9341,5.9341,5.9341,5.9341,5.9341,5.9341,5.9341,5.9341,5.9341,5.9341,5.9341,5.9341,5.9341,5.9341,5.9341,5.9341,5.9341,5.9341,5.9341,5.9341,5.9341,5.9341,5.9341,5.9341,5.9341,5.9341,5.9341,5.9341,5.9341,5.9341,5.9341,5.9341,5.9341,5.9341,5.9341,5.9341,5.9341,5.9341,5.9341,5.9341,5.9341,5.9341,5.9341
5.9301,5.9301,5.9301,5.9301,5.9301,5.9301,5.9301,5.9301,5.9301,5.9301,5.9301,5.9301,5.9301,5.9301,5.9301,5.9301,5.9301,5.9301,5.9301,5.9301,5.9301,5.9301,5.9301,5.9301,5.9301,5.9301,5.9301,5.9301,5.9301,5.9301,5.9301,5.9301,5.9301,5.9301,5.9301,5.9301,5.9301,5.9301,5.9301,5.9301,5.9301,5.9301,5.9301,5.9301,5.9301,5.9301,5.9301,5.9301,5.9301,5.9301,5.9301,5.9301,5.9301,5.9301,5.9301,5.9301,5.9301,5.9301,5.9301,5.9301,5.9301,5.9301,5.9301,5.9301,5.9301,5.9301,5.9301,5.9301,5.9301,5.9301,5.9301,5.9301,5.9301,5.9301,5.9301,5.9301,5.9301,5.9301,5.9301,5.9301,5.9301,5.9301,5.9301,5.9301,5.9301,5.9301,5.9301,5.9301,5.9301,5.9301,5.9301,5.9301,5.9301,5.9301,5.9301,5.9301,5.9301,5.9301,5.9301,5.9301,5.9301,5.9301,5.9301,5.9301,5.9301,5.9301,5.9301,5.9301,5.9301,5.9301,5.9301,5.9301,5.9301,5.9301,5.9301,5.9301,5.9301,5.9301,5.9301,5.9301,5.9301,5.9301,5.9301,5.9301,5.9301,5.9301,5.9301,5.9301,5.9301,5.9301,5.9301,5.9301,5.9301,5.9301,5.9301,5.9301,5.9301,5.9301,5.9301,5.9301,5.9301,5.9301,5.9301,5.9301,5.9301,5.9301,5.9301,5.9301,5.9301,5.9301,5.9301,5.9301,5.9301,5.9301,5.9301,5.9301,5.9301,5.9301,5.9301,5.9301,5.9301,5.9301,5.9301,5.9301,5.9301,5.9301,5.9301,5.9301,5.9301,5.9301,5.9301,5.9301,5.9301,5.9301,5.9301,5.9301,5.9301,5.9301,5.9301,5.9301,5.9301,5.9301,5.9301,5.9301,5.9301,5.9301,5.9301,5.9301,5.9301,5.9301,5.9301,5.9301,5.9301,5.9301,5.9301,5.9301,5.9301,5.9301,5.9301,5.9301,5.9301,5.9301,5.9301,5.9301,5.9301,5.9301,5.9301,5.9301,5.9301,5.9301,5.9301,5.9301,5.9301,5.9301,5.9301,5.9301,5.9301,5.9301,5.9301,5.9301,5.9301,5.9301,5.9301,5.9301,5.9301,5.9301,5.9301,5.9301,5.9301,5.9301,5.9301,5.9301,5.9301,5.9301,5.9301,5.9301,5.9301,5.9301,5.9301,5.9301,5.9301,5.9301,5.9301,5.9301,5.9301,5.9301,5.9301,5.9301,5.9301,5.9301,5.9301,5.9301,5.9301,5.9301,5.9301,5.9301,5.9301,5.9301,5.9301,5.9301,5.9301,5.9301,5.9301,5.9301,5.9301,5.9301,5.9301,5.9301,5.9301,5.9301,5.9301,5.9301,5.9301,5.9301,5.9301,5.9301,5.9301,5.9301,5.9301,5.9301,5.9301,5.9301,5.9301,5.9301,5.9301,5.9301,5.9301,5.9301,5.9301,5.9301,5.9301,5.9301,5.9301,5.9301,5.9301,5.9301,5.9301,5.9301,5.9301,5.9301,5.9301,5.9301,5.9301,5.9301,5.9301,5.9301,5.9301,5.9301,5.9301,5.9301,5.9301,5.9301,5.9301,5.9301,5.9301,5.9301,5.9301,5.9301,5.9301,5.9301,5.9301,5.9301,5.9301,5.9301,5.9301,5.9301,5.9301,5.9301,5.9301,5.9301,5.9301,5.9301,5.9301,5.9301,5.9301,5.9301,5.9301,5.9301,5.9301,5.9301,5.9301,5.9301,5.9301,5.9301,5.9301,5.9301,5.9301,5.9301,5.9301,5.9301,5.9301,5.9301,5.9301,5.9301,5.9301,5.9301,5.9301,5.9301,5.9301,5.9301,5.9301,5.9301,5.9301,5.9301,5.9301,5.9301,5.9301,5.9301,5.9301,5.9301,5.9301,5.9301,5.9301,5.9301,5.9301,5.9301,5.9301,5.9301,5.9301,5.9301,5.9301,5.9301,5.9301,5.9301,5.9301,5.9301,5.9301,5.9301,5.9301,5.9301,5.9301,5.9301,5.9301,5.9301,5.9301,5.9301,5.9301,5.9301,5.9301,5.9301,5.9301,5.9301,5.9301,5.9301,5.9301,5.9301,5.9301,5.9301,5.9301,5.9301,5.9301,5.9301,5.9301,5.9301,5.9301,5.9301,5.9301,5.9301,5.9301,5.9301,5.9301,5.9301,5.9301,5.9301,5.9301,5.9301,5.9301,5.9301,5.9301,5.9301,5.9301,5.9301,5.9301,5.9301,5.9301,5.9301,5.9301,5.9301,5.9301,5.9301,5.9301,5.9301,5.9301,5.9301,5.9301,5.9301,5.9301,5.9301,5.9301,5.9301,5.9301,5.9301,5.9301,5.9301,5.9301,5.9301,5.9301,5.9301,5.9301,5.9301,5.9301,5.9301,5.9301,5.9301,5.9301,5.9301,5.9301,5.9301,5.9301,5.9301,5.9301,5.9301,5.9301,5.9301,5.9301,5.9301,5.9301,5.9301,5.9301,5.9301,5.9301,5.9301,5.9301,5.9301,5.9301,5.9301,5.9301,5.9301,5.9301,5.9301,5.9301,5.9301,5.9301,5.9301,5.9301,5.9301,5.9301,5.9301,5.9301,5.9301,5.9301,5.9301,5.9301,5.9301,5.9301,5.9301,5.9301,5.9301,5.9301,5.9301,5.9301,5.9301,5.9301,5.9301,5.9301,5.9301,5.9301,5.9301,5.9301,5.9301,5.9301,5.9301,5.9301,5.9301,5.9301,5.9301,5.9301,5.9301,5.9301,5.9301,5.9301,5.9301,5.9301,5.9301,5.9301,5.9301,5.9301,5.9301,5.9301,5.9301,5.9301,5.9301,5.9301,5.9301,5.9301,5.9301,5.9301,5.9301,5.9301,5.9301,5.9301,5.9301,5.9301,5.9301,5.9301,5.9301,5.9301,5.9301,5.9301,5.9301,5.9301,5.9301,5.9301,5.9301,5.9301,5.9301,5.9301,5.9301,5.9301,5.9301,5.9301,5.9301,5.9301,5.9301,5.9301,5.9301,5.9301,5.9301,5.9301,5.9301,5.9301,5.9301,5.9301,5.9301,5.9301,5.9301,5.9301,5.9301,5.9301,5.9301,5.9301,5.9301,5.9301,5.9301,5.9301,5.9301,5.9301,5.9301,5.9301,5.9301,5.9301,5.9301,5.9301,5.9301,5.9301,5.9301,5.9301,5.9301,5.9301,5.9301,5.9301,5.9301,5.9301,5.9301,5.9301,5.9301,5.9301,5.9301,5.9301,5.9301,5.9301,5.9301,5.9301,5.9301,5.9301,5.9301,5.9301,5.9301,5.9301,5.9301,5.9301,5.9301,5.9301,5.9301,5.9301,5.9301,5.9301,5.9301,5.9301,5.9301,5.9301,5.9301,5.9301,5.9301,5.9301,5.9301,5.9301,5.9301,5.9301,5.9301,5.9301,5.9301,5.9301,5.9301,5.9301,5.9301,5.9301,5.9301,5.9301,5.9301,5.9301,5.9301,5.9301,5.9301,5.9301,5.9301,5.9301,5.9301,5.9301,5.9301,5.9301,5.9301,5.9301,5.9301,5.9301,5.9301,5.9301,5.9301,5.9301,5.9301,5.9301,5.9301,5.9301,5.9301,5.9301,5.9301,5.9301,5.9301,5.9301,5.9301,5.9301,5.9301,5.9301,5.9301,5.9301,5.9301,5.9301,5.9301,5.9301,5.9301,5.9301,5.9301,5.9301,5.9301,5.9301,5.9301,5.9301,5.9301,5.9301,5.9301,5.9301,5.9301,5.9301,5.9301,5.9301,5.9301,5.9301,5.9301,5.9301,5.9301,5.9301,5.9301,5.9301,5.9301,5.9301,5.9301,5.9301,5.9301,5.9301,5.9301,5.9301,5.9301,5.9301,5.9301,5.9301,5.9301,5.9301,5.9301,5.9301,5.9301,5.9301,5.9301,5.9301,5.9301,5.9301,5.9301,5.9301,5.9301,5.9301,5.9301,5.9301,5.9301,5.9301,5.9301,5.9301,5.9301,5.9301,5.9301,5.9301,5.9301,5.9301,5.9301,5.9301,5.9301,5.9301,5.9301,5.9301,5.9301,5.9301,5.9301,5.9301,5.9301,5.9301,5.9301,5.9301,5.9301,5.9301,5.9301,5.9301,5.9301,5.9301,5.9301,5.9301,5.9301,5.9301,5.9301,5.9301,5.9301,5.9301,5.9301,5.9301,5.9301,5.9301,5.9301,5.9301,5.9301,5.9301,5.9301,5.9301,5.9301,5.9301,5.9301,5.9301,5.9301,5.9301,5.9301,5.9301,5.9301,5.9301,5.9301,5.9301,5.9301,5.9301,5.9301,5.9301,5.9301,5.9301,5.9301,5.9301,5.9301,5.9301,5.9301,5.9301,5.9301,5.9301,5.9301,5.9301,5.9301,5.9301,5.9301,5.9301,5.9301,5.9301,5.9301,5.9301,5.9301,5.9301,5.9301,5.9301,5.9301,5.9301,5.9301,5.9301,5.9301,5.9301,5.9301,5.9301,5.9301,5.9301,5.9301,5.9301,5.9301,5.9301,5.9301,5.9301,5.9301,5.9301,5.9301,5.9301,5.9301,5.9301,5.9301,5.9301,5.9301,5.9301,5.9301,5.9301,5.9301,5.9301,5.9301,5.9301,5.9301,5.9301,5.9301,5.9301,5.9301,5.9301,5.9301,5.9301,5.9301,5.9301,5.9301,5.9301,5.9301,5.9301,5.9301,5.9301,5.9301,5.9301,5.9301,5.9301,5.9301,5.9301,5.9301,5.9301,5.9301,5.9301,5.9301,5.9301,5.9301,5.9301,5.9301,5.9301,5.9301,5.9301,5.9301,5.9301,5.9301,5.9301,5.9301,5.9301,5.9301,5.9301,5.9301,5.9301,5.9301,5.9301,5.9301,5.9301,5.9301,5.9301,5.9301,5.9301,5.9301,5.9301,5.9301,5.9301,5.9301,5.9301,5.9301,5.9301,5.9301,5.9301,5.9301,5.9301,5.9301,5.9301,5.9301,5.9301,5.9301,5.9301,5.9301,5.9301,5.9301,5.9301,5.9301,5.9301,5.9301,5.9301,5.9301,5.9301,5.9301,5.9301,5.9301,5.9301,5.9301,5.9301,5.9301,5.9301,5.9301
5.9263,5.9263,5.9263,5.9263,5.9263,5.9263,5.9263,5.9263,5.9263,5.9263,5.9263,5.9263,5.9263,5.9263,5.9263,5.9263,5.9263,5.9263,5.9263,5.9263,5.9263,5.9263,5.9263,5.9263,5.9263,5.9263,5.9263,5.9263,5.9263,5.9263,5.9263,5.9263,5.9263,5.9263,5.9263,5.9263,5.9263,5.9263,5.9263,5.9263,5.9263,5.9263,5.9263,5.9263,5.9263,5.9263,5.9263,5.9263,5.9263,5.9263,5.9263,5.9263,5.9263,5.9263,5.9263,5.9263,5.9263,5.9263,5.9263,5.9263,5.9263,5.9263,5.9263,5.9263,5.9263,5.9263,5.9263,5.9263,5.9263,5.9263,5.9263,5.9263,5.9263,5.9263,5.9263,5.9263,5.9263,5.9263,5.9263,5.9263,5.9263,5.9263,5.9263,5.9263,5.9263,5.9263,5.9263,5.9263,5.9263,5.9263,5.9263,5.9263,5.9263,5.9263,5.9263,5.9263,5.9263,5.9263,5.9263,5.9263,5.9263,5.9263,5.9263,5.9263,5.9263,5.9263,5.9263,5.9263,5.9263,5.9263,5.9263,5.9263,5.9263,5.9263,5.9263,5.9263,5.9263,5.9263,5.9263,5.9263,5.9263,5.9263,5.9263,5.9263,5.9263,5.9263,5.9263,5.9263,5.9263,5.9263,5.9263,5.9263,5.9263,5.9263,5.9263,5.9263,5.9263,5.9263,5.9263,5.9263,5.9263,5.9263,5.9263,5.9263,5.9263,5.9263,5.9263,5.9263,5.9263,5.9263,5.9263,5.9263,5.9263,5.9263,5.9263,5.9263,5.9263,5.9263,5.9263,5.9263,5.9263,5.9263,5.9263,5.9263,5.9263,5.9263,5.9263,5.9263,5.9263,5.9263,5.9263,5.9263,5.9263,5.9263,5.9263,5.9263,5.9263,5.9263,5.9263,5.9263,5.9263,5.9263,5.9263,5.9263,5.9263,5.9263,5.9263,5.9263,5.9263,5.9263,5.9263,5.9263,5.9263,5.9263,5.9263,5.9263,5.9263,5.9263,5.9263,5.9263,5.9263,5.9263,5.9263,5.9263,5.9263,5.9263,5.9263,5.9263,5.9263,5.9263,5.9263,5.9263,5.9263,5.9263,5.9263,5.9263,5.9263,5.9263,5.9263,5.9263,5.9263,5.9263,5.9263,5.9263,5.9263,5.9263,5.9263,5.9263,5.9263,5.9263,5.9263,5.9263,5.9263,5.9263,5.9263,5.9263,5.9263,5.9263,5.9263,5.9263,5.9263,5.9263,5.9263,5.9263,5.9263,5.9263,5.9263,5.9263,5.9263,5.9263,5.9263,5.9263,5.9263,5.9263,5.9263,5.9263,5.9263,5.9263,5.9263,5.9263,5.9263,5.9263,5.9263,5.9263,5.9263,5.9263,5.9263,5.9263,5.9263,5.9263,5.9263,5.9263,5.9263,5.9263,5.9263,5.9263,5.9263,5.9263,5.9263,5.9263,5.9263,5.9263,5.9263,5.9263,5.9263,5.9263,5.9263,5.9263,5.9263,5.9263,5.9263,5.9263,5.9263,5.9263,5.9263,5.9263,5.9263,5.9263,5.9263,5.9263,5.9263,5.9263,5.9263,5.9263,5.9263,5.9263,5.9263,5.9263,5.9263,5.9263,5.9263,5.9263,5.9263,5.9263,5.9263,5.9263,5.9263,5.9263,5.9263,5.9263,5.9263,5.9263,5.9263,5.9263,5.9263,5.9263,5.9263,5.9263,5.9263,5.9263,5.9263,5.9263,5.9263,5.9263,5.9263,5.9263,5.9263,5.9263,5.9263,5.9263,5.9263,5.9263,5.9263,5.9263,5.9263,5.9263,5.9263,5.9263,5.9263,5.9263,5.9263,5.9263,5.9263,5.9263,5.9263,5.9263,5.9263,5.9263,5.9263,5.9263,5.9263,5.9263,5.9263,5.9263,5.9263,5.9263,5.9263,5.9263,5.9263,5.9263,5.9263,5.9263,5.9263,5.9263,5.9263,5.9263,5.9263,5.9263,5.9263,5.9263,5.9263,5.9263,5.9263,5.9263,5.9263,5.9263,5.9263,5.9263,5.9263,5.9263,5.9263,5.9263,5.9263,5.9263,5.9263,5.9263,5.9263,5.9263,5.9263,5.9263,5.9263,5.9263,5.9263,5.9263,5.9263,5.9263,5.9263,5.9263,5.9263,5.9263,5.9263,5.9263,5.9263,5.9263,5.9263,5.9263,5.9263,5.9263,5.9263,5.9263,5.9263,5.9263,5.9263,5.9263,5.9263,5.9263,5.9263,5.9263,5.9263,5.9263,5.9263,5.9263,5.9263,5.9263,5.9263,5.9263,5.9263,5.9263,5.9263,5.9263,5.9263,5.9263,5.9263,5.9263,5.9263,5.9263,5.9263,5.9263,5.9263,5.9263,5.9263,5.9263,5.9263,5.9263,5.9263,5.9263,5.9263,5.9263,5.9263,5.9263,5.9263,5.9263,5.9263,5.9263,5.9263,5.9263,5.9263,5.9263,5.9263,5.9263,5.9263,5.9263,5.9263,5.9263,5.9263,5.9263,5.9263,5.9263,5.9263,5.9263,5.9263,5.9263,5.9263,5.9263,5.9263,5.9263,5.9263,5.9263,5.9263,5.9263,5.9263,5.9263,5.9263,5.9263,5.9263,5.9263,5.9263,5.9263,5.9263,5.9263,5.9263,5.9263,5.9263,5.9263,5.9263,5.9263,5.9263,5.9263,5.9263,5.9263,5.9263,5.9263,5.9263,5.9263,5.9263,5.9263,5.9263,5.9263,5.9263,5.9263,5.9263,5.9263,5.9263,5.9263,5.9263,5.9263,5.9263,5.9263,5.9263,5.9263,5.9263,5.9263,5.9263,5.9263,5.9263,5.9263,5.9263,5.9263,5.9263,5.9263,5.9263,5.9263,5.9263,5.9263,5.9263,5.9263,5.9263,5.9263,5.9263,5.9263,5.9263,5.9263,5.9263,5.9263,5.9263,5.9263,5.9263,5.9263,5.9263,5.9263,5.9263,5.9263,5.9263,5.9263,5.9263,5.9263,5.9263,5.9263,5.9263,5.9263,5.9263,5.9263,5.9263,5.9263,5.9263,5.9263,5.9263,5.9263,5.9263,5.9263,5.9263,5.9263,5.9263,5.9263,5.9263,5.9263,5.9263,5.9263,5.9263,5.9263,5.9263,5.9263,5.9263,5.9263,5.9263,5.9263,5.9263,5.9263,5.9263,5.9263,5.9263,5.9263,5.9263,5.9263,5.9263,5.9263,5.9263,5.9263,5.9263,5.9263,5.9263,5.9263,5.9263,5.9263,5.9263,5.9263,5.9263,5.9263,5.9263,5.9263,5.9263,5.9263,5.9263,5.9263,5.9263,5.9263,5.9263,5.9263,5.9263,5.9263,5.9263,5.9263,5.9263,5.9263,5.9263,5.9263,5.9263,5.9263,5.9263,5.9263,5.9263,5.9263,5.9263,5.9263,5.9263,5.9263,5.9263,5.9263,5.9263,5.9263,5.9263,5.9263,5.9263,5.9263,5.9263,5.9263,5.9263,5.9263,5.9263,5.9263,5.9263,5.9263,5.9263,5.9263,5.9263,5.9263,5.9263,5.9263,5.9263,5.9263,5.9263,5.9263,5.9263,5.9263,5.9263,5.9263,5.9263,5.9263,5.9263,5.9263,5.9263,5.9263,5.9263,5.9263,5.9263,5.9263,5.9263,5.9263,5.9263,5.9263,5.9263,5.9263,5.9263,5.9263,5.9263,5.9263,5.9263,5.9263,5.9263,5.9263,5.9263,5.9263,5.9263,5.9263,5.9263,5.9263,5.9263,5.9263,5.9263,5.9263,5.9263,5.9263,5.9263,5.9263,5.9263,5.9263,5.9263,5.9263,5.9263,5.9263,5.9263,5.9263,5.9263,5.9263,5.9263,5.9263,5.9263,5.9263,5.9263,5.9263,5.9263,5.9263,5.9263,5.9263,5.9263,5.9263,5.9263,5.9263,5.9263,5.9263,5.9263,5.9263,5.9263,5.9263,5.9263,5.9263,5.9263,5.9263,5.9263,5.9263,5.9263,5.9263,5.9263,5.9263,5.9263,5.9263,5.9263,5.9263,5.9263,5.9263,5.9263,5.9263,5.9263,5.9263,5.9263,5.9263,5.9263,5.9263,5.9263,5.9263,5.9263,5.9263,5.9263,5.9263,5.9263,5.9263,5.9263,5.9263,5.9263,5.9263,5.9263,5.9263,5.9263,5.9263,5.9263,5.9263,5.9263,5.9263,5.9263,5.9263,5.9263,5.9263,5.9263,5.9263,5.9263,5.9263,5.9263,5.9263,5.9263,5.9263,5.9263,5.9263,5.9263,5.9263,5.9263,5.9263,5.9263,5.9263,5.9263,5.9263,5.9263,5.9263,5.9263,5.9263,5.9263,5.9263,5.9263,5.9263,5.9263,5.9263,5.9263,5.9263,5.9263,5.9263,5.9263,5.9263,5.9263,5.9263,5.9263,5.9263,5.9263,5.9263,5.9263,5.9263,5.9263,5.9263,5.9263,5.9263,5.9263,5.9263,5.9263,5.9263,5.9263,5.9263,5.9263,5.9263,5.9263,5.9263,5.9263,5.9263,5.9263,5.9263,5.9263,5.9263,5.9263,5.9263,5.9263,5.9263,5.9263,5.9263,5.9263,5.9263,5.9263,5.9263,5.9263,5.9263,5.9263,5.9263,5.9263,5.9263,5.9263,5.9263,5.9263,5.9263,5.9263,5.9263,5.9263,5.9263,5.9263,5.9263,5.9263,5.9263,5.9263,5.9263,5.9263,5.9263,5.9263,5.9263,5.9263,5.9263,5.9263,5.9263,5.9263,5.9263,5.9263,5.9263,5.9263,5.9263,5.9263,5.9263,5.9263,5.9263,5.9263,5.9263,5.9263,5.9263,5.9263,5.9263,5.9263,5.9263,5.9263,5.9263,5.9263,5.9263,5.9263,5.9263,5.9263,5.9263,5.9263,5.9263,5.9263,5.9263,5.9263,5.9263,5.9263,5.9263,5.9263,5.9263,5.9263,5.9263,5.9263,5.9263,5.9263,5.9263,5.9263,5.9263,5.9263,5.9263,5.9263,5.9263,5.9263,5.9263,5.9263,5.9263,5.9263,5.9263,5.9263,5.9263,5.9263,5.9263,5.9263,5.9263,5.9263,5.9263,5.9263,5.9263,5.9263,5.9263,5.9263,5.9263
5.9223,5.9223,5.9223,5.9223,5.9223,5.9223,5.9223,5.9223,5.9223,5.9223,5.9223,5.9223,5.9223,5.9223,5.9223,5.9223,5.9223,5.9223,5.9223,5.9223,5.9223,5.9223,5.9223,5.9223,5.9223,5.9223,5.9223,5.9223,5.9223,5.9223,5.9223,5.9223,5.9223,5.9223,5.9223,5.9223,5.9223,5.9223,5.9223,5.9223,5.9223,5.9223,5.9223,5.9223,5.9223,5.9223,5.9223,5.9223,5.9223,5.9223,5.9223,5.9223,5.9223,5.9223,5.9223,5.9223,5.9223,5.9223,5.9223,5.9223,5.9223,5.9223,5.9223,5.9223,5.9223,5.9223,5.9223,5.9223,5.9223,5.9223,5.9223,5.9223,5.9223,5.9223,5.9223,5.9223,5.9223,5.9223,5.9223,5.9223,5.9223,5.9223,5.9223,5.9223,5.9223,5.9223,5.9223,5.9223,5.9223,5.9223,5.9223,5.9223,5.9223,5.9223,5.9223,5.9223,5.9223,5.9223,5.9223,5.9223,5.9223,5.9223,5.9223,5.9223,5.9223,5.9223,5.9223,5.9223,5.9223,5.9223,5.9223,5.9223,5.9223,5.9223,5.9223,5.9223,5.9223,5.9223,5.9223,5.9223,5.9223,5.9223,5.9223,5.9223,5.9223,5.9223,5.9223,5.9223,5.9223,5.9223,5.9223,5.9223,5.9223,5.9223,5.9223,5.9223,5.9223,5.9223,5.9223,5.9223,5.9223,5.9223,5.9223,5.9223,5.9223,5.9223,5.9223,5.9223,5.9223,5.9223,5.9223,5.9223,5.9223,5.9223,5.9223,5.9223,5.9223,5.9223,5.9223,5.9223,5.9223,5.9223,5.9223,5.9223,5.9223,5.9223,5.9223,5.9223,5.9223,5.9223,5.9223,5.9223,5.9223,5.9223,5.9223,5.9223,5.9223,5.9223,5.9223,5.9223,5.9223,5.9223,5.9223,5.9223,5.9223,5.9223,5.9223,5.9223,5.9223,5.9223,5.9223,5.9223,5.9223,5.9223,5.9223,5.9223,5.9223,5.9223,5.9223,5.9223,5.9223,5.9223,5.9223,5.9223,5.9223,5.9223,5.9223,5.9223,5.9223,5.9223,5.9223,5.9223,5.9223,5.9223,5.9223,5.9223,5.9223,5.9223,5.9223,5.9223,5.9223,5.9223,5.9223,5.9223,5.9223,5.9223,5.9223,5.9223,5.9223,5.9223,5.9223,5.9223,5.9223,5.9223,5.9223,5.9223,5.9223,5.9223,5.9223,5.9223,5.9223,5.9223,5.9223,5.9223,5.9223,5.9223,5.9223,5.9223,5.9223,5.9223,5.9223,5.9223,5.9223,5.9223,5.9223,5.9223,5.9223,5.9223,5.9223,5.9223,5.9223,5.9223,5.9223,5.9223,5.9223,5.9223,5.9223,5.9223,5.9223,5.9223,5.9223,5.9223,5.9223,5.9223,5.9223,5.9223,5.9223,5.9223,5.9223,5.9223,5.9223,5.9223,5.9223,5.9223,5.9223,5.9223,5.9223,5.9223,5.9223,5.9223,5.9223,5.9223,5.9223,5.9223,5.9223,5.9223,5.9223,5.9223,5.9223,5.9223,5.9223,5.9223,5.9223,5.9223,5.9223,5.9223,5.9223,5.9223,5.9223,5.9223,5.9223,5.9223,5.9223,5.9223,5.9223,5.9223,5.9223,5.9223,5.9223,5.9223,5.9223,5.9223,5.9223,5.9223,5.9223,5.9223,5.9223,5.9223,5.9223,5.9223,5.9223,5.9223,5.9223,5.9223,5.9223,5.9223,5.9223,5.9223,5.9223,5.9223,5.9223,5.9223,5.9223,5.9223,5.9223,5.9223,5.9223,5.9223,5.9223,5.9223,5.9223,5.9223,5.9223,5.9223,5.9223,5.9223,5.9223,5.9223,5.9223,5.9223,5.9223,5.9223,5.9223,5.9223,5.9223,5.9223,5.9223,5.9223,5.9223,5.9223,5.9223,5.9223,5.9223,5.9223,5.9223,5.9223,5.9223,5.9223,5.9223,5.9223,5.9223,5.9223,5.9223,5.9223,5.9223,5.9223,5.9223,5.9223,5.9223,5.9223,5.9223,5.9223,5.9223,5.9223,5.9223,5.9223,5.9223,5.9223,5.9223,5.9223,5.9223,5.9223,5.9223,5.9223,5.9223,5.9223,5.9223,5.9223,5.9223,5.9223,5.9223,5.9223,5.9223,5.9223,5.9223,5.9223,5.9223,5.9223,5.9223,5.9223,5.9223,5.9223,5.9223,5.9223,5.9223,5.9223,5.9223,5.9223,5.9223,5.9223,5.9223,5.9223,5.9223,5.9223,5.9223,5.9223,5.9223,5.9223,5.9223,5.9223,5.9223,5.9223,5.9223,5.9223,5.9223,5.9223,5.9223,5.9223,5.9223,5.9223,5.9223,5.9223,5.9223,5.9223,5.9223,5.9223,5.9223,5.9223,5.9223,5.9223,5.9223,5.9223,5.9223,5.9223,5.9223,5.9223,5.9223,5.9223,5.9223,5.9223,5.9223,5.9223,5.9223,5.9223,5.9223,5.9223,5.9223,5.9223,5.9223,5.9223,5.9223,5.9223,5.9223,5.9223,5.9223,5.9223,5.9223,5.9223,5.9223,5.9223,5.9223,5.9223,5.9223,5.9223,5.9223,5.9223,5.9223,5.9223,5.9223,5.9223,5.9223,5.9223,5.9223,5.9223,5.9223,5.9223,5.9223,5.9223,5.9223,5.9223,5.9223,5.9223,5.9223,5.9223,5.9223,5.9223,5.9223,5.9223,5.9223,5.9223,5.9223,5.9223,5.9223,5.9223,5.9223,5.9223,5.9223,5.9223,5.9223,5.9223,5.9223,5.9223,5.9223,5.9223,5.9223,5.9223,5.9223,5.9223,5.9223,5.9223,5.9223,5.9223,5.9223,5.9223,5.9223,5.9223,5.9223,5.9223,5.9223,5.9223,5.9223,5.9223,5.9223,5.9223,5.9223,5.9223,5.9223,5.9223,5.9223,5.9223,5.9223,5.9223,5.9223,5.9223,5.9223,5.9223,5.9223,5.9223,5.9223,5.9223,5.9223,5.9223,5.9223,5.9223,5.9223,5.9223,5.9223,5.9223,5.9223,5.9223,5.9223,5.9223,5.9223,5.9223,5.9223,5.9223,5.9223,5.9223,5.9223,5.9223,5.9223,5.9223,5.9223,5.9223,5.9223,5.9223,5.9223,5.9223,5.9223,5.9223,5.9223,5.9223,5.9223,5.9223,5.9223,5.9223,5.9223,5.9223,5.9223,5.9223,5.9223,5.9223,5.9223,5.9223,5.9223,5.9223,5.9223,5.9223,5.9223,5.9223,5.9223,5.9223,5.9223,5.9223,5.9223,5.9223,5.9223,5.9223,5.9223,5.9223,5.9223,5.9223,5.9223,5.9223,5.9223,5.9223,5.9223,5.9223,5.9223,5.9223,5.9223,5.9223,5.9223,5.9223,5.9223,5.9223,5.9223,5.9223,5.9223,5.9223,5.9223,5.9223,5.9223,5.9223,5.9223,5.9223,5.9223,5.9223,5.9223,5.9223,5.9223,5.9223,5.9223,5.9223,5.9223,5.9223,5.9223,5.9223,5.9223,5.9223,5.9223,5.9223,5.9223,5.9223,5.9223,5.9223,5.9223,5.9223,5.9223,5.9223,5.9223,5.9223,5.9223,5.9223,5.9223,5.9223,5.9223,5.9223,5.9223,5.9223,5.9223,5.9223,5.9223,5.9223,5.9223,5.9223,5.9223,5.9223,5.9223,5.9223,5.9223,5.9223,5.9223,5.9223,5.9223,5.9223,5.9223,5.9223,5.9223,5.9223,5.9223,5.9223,5.9223,5.9223,5.9223,5.9223,5.9223,5.9223,5.9223,5.9223,5.9223,5.9223,5.9223,5.9223,5.9223,5.9223,5.9223,5.9223,5.9223,5.9223,5.9223,5.9223,5.9223,5.9223,5.9223,5.9223,5.9223,5.9223,5.9223,5.9223,5.9223,5.9223,5.9223,5.9223,5.9223,5.9223,5.9223,5.9223,5.9223,5.9223,5.9223,5.9223,5.9223,5.9223,5.9223,5.9223,5.9223,5.9223,5.9223,5.9223,5.9223,5.9223,5.9223,5.9223,5.9223,5.9223,5.9223,5.9223,5.9223,5.9223,5.9223,5.9223,5.9223,5.9223,5.9223,5.9223,5.9223,5.9223,5.9223,5.9223,5.9223,5.9223,5.9223,5.9223,5.9223,5.9223,5.9223,5.9223,5.9223,5.9223,5.9223,5.9223,5.9223,5.9223,5.9223,5.9223,5.9223,5.9223,5.9223,5.9223,5.9223,5.9223,5.9223,5.9223,5.9223,5.9223,5.9223,5.9223,5.9223,5.9223,5.9223,5.9223,5.9223,5.9223,5.9223,5.9223,5.9223,5.9223,5.9223,5.9223,5.9223,5.9223,5.9223,5.9223,5.9223,5.9223,5.9223,5.9223,5.9223,5.9223,5.9223,5.9223,5.9223,5.9223,5.9223,5.9223,5.9223,5.9223,5.9223,5.9223,5.9223,5.9223,5.9223,5.9223,5.9223,5.9223,5.9223,5.9223,5.9223,5.9223,5.9223,5.9223,5.9223,5.9223,5.9223,5.9223,5.9223,5.9223,5.9223,5.9223,5.9223,5.9223,5.9223,5.9223,5.9223,5.9223,5.9223,5.9223,5.9223,5.9223,5.9223,5.9223,5.9223,5.9223,5.9223,5.9223,5.9223,5.9223,5.9223,5.9223,5.9223,5.9223,5.9223,5.9223,5.9223,5.9223,5.9223,5.9223,5.9223,5.9223,5.9223,5.9223,5.9223,5.9223,5.9223,5.9223,5.9223,5.9223,5.9223,5.9223,5.9223,5.9223,5.9223,5.9223,5.9223,5.9223,5.9223,5.9223,5.9223,5.9223,5.9223,5.9223,5.9223,5.9223,5.9223,5.9223,5.9223,5.9223,5.9223,5.9223,5.9223,5.9223,5.9223,5.9223,5.9223,5.9223,5.9223,5.9223,5.9223,5.9223,5.9223,5.9223,5.9223,5.9223,5.9223,5.9223,5.9223,5.9223,5.9223,5.9223,5.9223,5.9223,5.9223,5.9223,5.9223,5.9223,5.9223,5.9223,5.9223,5.9223,5.9223,5.9223,5.9223,5.9223,5.9223,5.9223,5.9223,5.9223,5.9223,5.9223
5.9184,5.9184,5.9184,5.9184,5.9184,5.9184,5.9184,5.9184,5.9184,5.9184,5.9184,5.9184,5.9184,5.9184,5.9184,5.9184,5.9184,5.9184,5.9184,5.9184,5.9184,5.9184,5.9184,5.9184,5.9184,5.9184,5.9184,5.9184,5.9184,5.9184,5.9184,5.9184,5.9184,5.9184,5.9184,5.9184,5.9184,5.9184,5.9184,5.9184,5.9184,5.9184,5.9184,5.9184,5.9184,5.9184,5.9184,5.9184,5.9184,5.9184,5.9184,5.9184,5.9184,5.9184,5.9184,5.9184,5.9184,5.9184,5.9184,5.9184,5.9184,5.9184,5.9184,5.9184,5.9184,5.9184,5.9184,5.9184,5.9184,5.9184,5.9184,5.9184,5.9184,5.9184,5.9184,5.9184,5.9184,5.9184,5.9184,5.9184,5.9184,5.9184,5.9184,5.9184,5.9184,5.9184,5.9184,5.9184,5.9184,5.9184,5.9184,5.9184,5.9184,5.9184,5.9184,5.9184,5.9184,5.9184,5.9184,5.9184,5.9184,5.9184,5.9184,5.9184,5.9184,5.9184,5.9184,5.9184,5.9184,5.9184,5.9184,5.9184,5.9184,5.9184,5.9184,5.9184,5.9184,5.9184,5.9184,5.9184,5.9184,5.9184,5.9184,5.9184,5.9184,5.9184,5.9184,5.9184,5.9184,5.9184,5.9184,5.9184,5.9184,5.9184,5.9184,5.9184,5.9184,5.9184,5.9184,5.9184,5.9184,5.9184,5.9184,5.9184,5.9184,5.9184,5.9184,5.9184,5.9184,5.9184,5.9184,5.9184,5.9184,5.9184,5.9184,5.9184,5.9184,5.9184,5.9184,5.9184,5.9184,5.9184,5.9184,5.9184,5.9184,5.9184,5.9184,5.9184,5.9184,5.9184,5.9184,5.9184,5.9184,5.9184,5.9184,5.9184,5.9184,5.9184,5.9184,5.9184,5.9184,5.9184,5.9184,5.9184,5.9184,5.9184,5.9184,5.9184,5.9184,5.9184,5.9184,5.9184,5.9184,5.9184,5.9184,5.9184,5.9184,5.9184,5.9184,5.9184,5.9184,5.9184,5.9184,5.9184,5.9184,5.9184,5.9184,5.9184,5.9184,5.9184,5.9184,5.9184,5.9184,5.9184,5.9184,5.9184,5.9184,5.9184,5.9184,5.9184,5.9184,5.9184,5.9184,5.9184,5.9184,5.9184,5.9184,5.9184,5.9184,5.9184,5.9184,5.9184,5.9184,5.9184,5.9184,5.9184,5.9184,5.9184,5.9184,5.9184,5.9184,5.9184,5.9184,5.9184,5.9184,5.9184,5.9184,5.9184,5.9184,5.9184,5.9184,5.9184,5.9184,5.9184,5.9184,5.9184,5.9184,5.9184,5.9184,5.9184,5.9184,5.9184,5.9184,5.9184,5.9184,5.9184,5.9184,5.9184,5.9184,5.9184,5.9184,5.9184,5.9184,5.9184,5.9184,5.9184,5.9184,5.9184,5.9184,5.9184,5.9184,5.9184,5.9184,5.9184,5.9184,5.9184,5.9184,5.9184,5.9184,5.9184,5.9184,5.9184,5.9184,5.9184,5.9184,5.9184,5.9184,5.9184,5.9184,5.9184,5.9184,5.9184,5.9184,5.9184,5.9184,5.9184,5.9184,5.9184,5.9184,5.9184,5.9184,5.9184,5.9184,5.9184,5.9184,5.9184,5.9184,5.9184,5.9184,5.9184,5.9184,5.9184,5.9184,5.9184,5.9184,5.9184,5.9184,5.9184,5.9184,5.9184,5.9184,5.9184,5.9184,5.9184,5.9184,5.9184,5.9184,5.9184,5.9184,5.9184,5.9184,5.9184,5.9184,5.9184,5.9184,5.9184,5.9184,5.9184,5.9184,5.9184,5.9184,5.9184,5.9184,5.9184,5.9184,5.9184,5.9184,5.9184,5.9184,5.9184,5.9184,5.9184,5.9184,5.9184,5.9184,5.9184,5.9184,5.9184,5.9184,5.9184,5.9184,5.9184,5.9184,5.9184,5.9184,5.9184,5.9184,5.9184,5.9184,5.9184,5.9184,5.9184,5.9184,5.9184,5.9184,5.9184,5.9184,5.9184,5.9184,5.9184,5.9184,5.9184,5.9184,5.9184,5.9184,5.9184,5.9184,5.9184,5.9184,5.9184,5.9184,5.9184,5.9184,5.9184,5.9184,5.9184,5.9184,5.9184,5.9184,5.9184,5.9184,5.9184,5.9184,5.9184,5.9184,5.9184,5.9184,5.9184,5.9184,5.9184,5.9184,5.9184,5.9184,5.9184,5.9184,5.9184,5.9184,5.9184,5.9184,5.9184,5.9184,5.9184,5.9184,5.9184,5.9184,5.9184,5.9184,5.9184,5.9184,5.9184,5.9184,5.9184,5.9184,5.9184,5.9184,5.9184,5.9184,5.9184,5.9184,5.9184,5.9184,5.9184,5.9184,5.9184,5.9184,5.9184,5.9184,5.9184,5.9184,5.9184,5.9184,5.9184,5.9184,5.9184,5.9184,5.9184,5.9184,5.9184,5.9184,5.9184,5.9184,5.9184,5.9184,5.9184,5.9184,5.9184,5.9184,5.9184,5.9184,5.9184,5.9184,5.9184,5.9184,5.9184,5.9184,5.9184,5.9184,5.9184,5.9184,5.9184,5.9184,5.9184,5.9184,5.9184,5.9184,5.9184,5.9184,5.9184,5.9184,5.9184,5.9184,5.9184,5.9184,5.9184,5.9184,5.9184,5.9184,5.9184,5.9184,5.9184,5.9184,5.9184,5.9184,5.9184,5.9184,5.9184,5.9184,5.9184,5.9184,5.9184,5.9184,5.9184,5.9184,5.9184,5.9184,5.9184,5.9184,5.9184,5.9184,5.9184,5.9184,5.9184,5.9184,5.9184,5.9184,5.9184,5.9184,5.9184,5.9184,5.9184,5.9184,5.9184,5.9184,5.9184,5.9184,5.9184,5.9184,5.9184,5.9184,5.9184,5.9184,5.9184,5.9184,5.9184,5.9184,5.9184,5.9184,5.9184,5.9184,5.9184,5.9184,5.9184,5.9184,5.9184,5.9184,5.9184,5.9184,5.9184,5.9184,5.9184,5.9184,5.9184,5.9184,5.9184,5.9184,5.9184,5.9184,5.9184,5.9184,5.9184,5.9184,5.9184,5.9184,5.9184,5.9184,5.9184,5.9184,5.9184,5.9184,5.9184,5.9184,5.9184,5.9184,5.9184,5.9184,5.9184,5.9184,5.9184,5.9184,5.9184,5.9184,5.9184,5.9184,5.9184,5.9184,5.9184,5.9184,5.9184,5.9184,5.9184,5.9184,5.9184,5.9184,5.9184,5.9184,5.9184,5.9184,5.9184,5.9184,5.9184,5.9184,5.9184,5.9184,5.9184,5.9184,5.9184,5.9184,5.9184,5.9184,5.9184,5.9184,5.9184,5.9184,5.9184,5.9184,5.9184,5.9184,5.9184,5.9184,5.9184,5.9184,5.9184,5.9184,5.9184,5.9184,5.9184,5.9184,5.9184,5.9184,5.9184,5.9184,5.9184,5.9184,5.9184,5.9184,5.9184,5.9184,5.9184,5.9184,5.9184,5.9184,5.9184,5.9184,5.9184,5.9184,5.9184,5.9184,5.9184,5.9184,5.9184,5.9184,5.9184,5.9184,5.9184,5.9184,5.9184,5.9184,5.9184,5.9184,5.9184,5.9184,5.9184,5.9184,5.9184,5.9184,5.9184,5.9184,5.9184,5.9184,5.9184,5.9184,5.9184,5.9184,5.9184,5.9184,5.9184,5.9184,5.9184,5.9184,5.9184,5.9184,5.9184,5.9184,5.9184,5.9184,5.9184,5.9184,5.9184,5.9184,5.9184,5.9184,5.9184,5.9184,5.9184,5.9184,5.9184,5.9184,5.9184,5.9184,5.9184,5.9184,5.9184,5.9184,5.9184,5.9184,5.9184,5.9184,5.9184,5.9184,5.9184,5.9184,5.9184,5.9184,5.9184,5.9184,5.9184,5.9184,5.9184,5.9184,5.9184,5.9184,5.9184,5.9184,5.9184,5.9184,5.9184,5.9184,5.9184,5.9184,5.9184,5.9184,5.9184,5.9184,5.9184,5.9184,5.9184,5.9184,5.9184,5.9184,5.9184,5.9184,5.9184,5.9184,5.9184,5.9184,5.9184,5.9184,5.9184,5.9184,5.9184,5.9184,5.9184,5.9184,5.9184,5.9184,5.9184,5.9184,5.9184,5.9184,5.9184,5.9184,5.9184,5.9184,5.9184,5.9184,5.9184,5.9184,5.9184,5.9184,5.9184,5.9184,5.9184,5.9184,5.9184,5.9184,5.9184,5.9184,5.9184,5.9184,5.9184,5.9184,5.9184,5.9184,5.9184,5.9184,5.9184,5.9184,5.9184,5.9184,5.9184,5.9184,5.9184,5.9184,5.9184,5.9184,5.9184,5.9184,5.9184,5.9184,5.9184,5.9184,5.9184,5.9184,5.9184,5.9184,5.9184,5.9184,5.9184,5.9184,5.9184,5.9184,5.9184,5.9184,5.9184,5.9184,5.9184,5.9184,5.9184,5.9184,5.9184,5.9184,5.9184,5.9184,5.9184,5.9184,5.9184,5.9184,5.9184,5.9184,5.9184,5.9184,5.9184,5.9184,5.9184,5.9184,5.9184,5.9184,5.9184,5.9184,5.9184,5.9184,5.9184,5.9184,5.9184,5.9184,5.9184,5.9184,5.9184,5.9184,5.9184,5.9184,5.9184,5.9184,5.9184,5.9184,5.9184,5.9184,5.9184,5.9184,5.9184,5.9184,5.9184,5.9184,5.9184,5.9184,5.9184,5.9184,5.9184,5.9184,5.9184,5.9184,5.9184,5.9184,5.9184,5.9184,5.9184,5.9184,5.9184,5.9184,5.9184,5.9184,5.9184,5.9184,5.9184,5.9184,5.9184,5.9184,5.9184,5.9184,5.9184,5.9184,5.9184,5.9184,5.9184,5.9184,5.9184,5.9184,5.9184,5.9184,5.9184,5.9184,5.9184,5.9184,5.9184,5.9184,5.9184,5.9184,5.9184,5.9184,5.9184,5.9184,5.9184,5.9184,5.9184,5.9184,5.9184,5.9184,5.9184,5.9184,5.9184,5.9184,5.9184,5.9184,5.9184,5.9184,5.9184,5.9184,5.9184,5.9184,5.9184,5.9184,5.9184,5.9184,5.9184,5.9184,5.9184,5.9184,5.9184,5.9184,5.9184
5.9144,5.9144,5.9144,5.9144,5.9144,5.9144,5.9144,5.9144,5.9144,5.9144,5.9144,5.9144,5.9144,5.9144,5.9144,5.9144,5.9144,5.9144,5.9144,5.9144,5.9144,5.9144,5.9144,5.9144,5.9144,5.9144,5.9144,5.9144,5.9144,5.9144,5.9144,5.9144,5.9144,5.9144,5.9144,5.9144,5.9144,5.9144,5.9144,5.9144,5.9144,5.9144,5.9144,5.9144,5.9144,5.9144,5.9144,5.9144,5.9144,5.9144,5.9144,5.9144,5.9144,5.9144,5.9144,5.9144,5.9144,5.9144,5.9144,5.9144,5.9144,5.9144,5.9144,5.9144,5.9144,5.9144,5.9144,5.9144,5.9144,5.9144,5.9144,5.9144,5.9144,5.9144,5.9144,5.9144,5.9144,5.9144,5.9144,5.9144,5.9144,5.9144,5.9144,5.9144,5.9144,5.9144,5.9144,5.9144,5.9144,5.9144,5.9144,5.9144,5.9144,5.9144,5.9144,5.9144,5.9144,5.9144,5.9144,5.9144,5.9144,5.9144,5.9144,5.9144,5.9144,5.9144,5.9144,5.9144,5.9144,5.9144,5.9144,5.9144,5.9144,5.9144,5.9144,5.9144,5.9144,5.9144,5.9144,5.9144,5.9144,5.9144,5.9144,5.9144,5.9144,5.9144,5.9144,5.9144,5.9144,5.9144,5.9144,5.9144,5.9144,5.9144,5.9144,5.9144,5.9144,5.9144,5.9144,5.9144,5.9144,5.9144,5.9144,5.9144,5.9144,5.9144,5.9144,5.9144,5.9144,5.9144,5.9144,5.9144,5.9144,5.9144,5.9144,5.9144,5.9144,5.9144,5.9144,5.9144,5.9144,5.9144,5.9144,5.9144,5.9144,5.9144,5.9144,5.9144,5.9144,5.9144,5.9144,5.9144,5.9144,5.9144,5.9144,5.9144,5.9144,5.9144,5.9144,5.9144,5.9144,5.9144,5.9144,5.9144,5.9144,5.9144,5.9144,5.9144,5.9144,5.9144,5.9144,5.9144,5.9144,5.9144,5.9144,5.9144,5.9144,5.9144,5.9144,5.9144,5.9144,5.9144,5.9144,5.9144,5.9144,5.9144,5.9144,5.9144,5.9144,5.9144,5.9144,5.9144,5.9144,5.9144,5.9144,5.9144,5.9144,5.9144,5.9144,5.9144,5.9144,5.9144,5.9144,5.9144,5.9144,5.9144,5.9144,5.9144,5.9144,5.9144,5.9144,5.9144,5.9144,5.9144,5.9144,5.9144,5.9144,5.9144,5.9144,5.9144,5.9144,5.9144,5.9144,5.9144,5.9144,5.9144,5.9144,5.9144,5.9144,5.9144,5.9144,5.9144,5.9144,5.9144,5.9144,5.9144,5.9144,5.9144,5.9144,5.9144,5.9144,5.9144,5.9144,5.9144,5.9144,5.9144,5.9144,5.9144,5.9144,5.9144,5.9144,5.9144,5.9144,5.9144,5.9144,5.9144,5.9144,5.9144,5.9144,5.9144,5.9144,5.9144,5.9144,5.9144,5.9144,5.9144,5.9144,5.9144,5.9144,5.9144,5.9144,5.9144,5.9144,5.9144,5.9144,5.9144,5.9144,5.9144,5.9144,5.9144,5.9144,5.9144,5.9144,5.9144,5.9144,5.9144,5.9144,5.9144,5.9144,5.9144,5.9144,5.9144,5.9144,5.9144,5.9144,5.9144,5.9144,5.9144,5.9144,5.9144,5.9144,5.9144,5.9144,5.9144,5.9144,5.9144,5.9144,5.9144,5.9144,5.9144,5.9144,5.9144,5.9144,5.9144,5.9144,5.9144,5.9144,5.9144,5.9144,5.9144,5.9144,5.9144,5.9144,5.9144,5.9144,5.9144,5.9144,5.9144,5.9144,5.9144,5.9144,5.9144,5.9144,5.9144,5.9144,5.9144,5.9144,5.9144,5.9144,5.9144,5.9144,5.9144,5.9144,5.9144,5.9144,5.9144,5.9144,5.9144,5.9144,5.9144,5.9144,5.9144,5.9144,5.9144,5.9144,5.9144,5.9144,5.9144,5.9144,5.9144,5.9144,5.9144,5.9144,5.9144,5.9144,5.9144,5.9144,5.9144,5.9144,5.9144,5.9144,5.9144,5.9144,5.9144,5.9144,5.9144,5.9144,5.9144,5.9144,5.9144,5.9144,5.9144,5.9144,5.9144,5.9144,5.9144,5.9144,5.9144,5.9144,5.9144,5.9144,5.9144,5.9144,5.9144,5.9144,5.9144,5.9144,5.9144,5.9144,5.9144,5.9144,5.9144,5.9144,5.9144,5.9144,5.9144,5.9144,5.9144,5.9144,5.9144,5.9144,5.9144,5.9144,5.9144,5.9144,5.9144,5.9144,5.9144,5.9144,5.9144,5.9144,5.9144,5.9144,5.9144,5.9144,5.9144,5.9144,5.9144,5.9144,5.9144,5.9144,5.9144,5.9144,5.9144,5.9144,5.9144,5.9144,5.9144,5.9144,5.9144,5.9144,5.9144,5.9144,5.9144,5.9144,5.9144,5.9144,5.9144,5.9144,5.9144,5.9144,5.9144,5.9144,5.9144,5.9144,5.9144,5.9144,5.9144,5.9144,5.9144,5.9144,5.9144,5.9144,5.9144,5.9144,5.9144,5.9144,5.9144,5.9144,5.9144,5.9144,5.9144,5.9144,5.9144,5.9144,5.9144,5.9144,5.9144,5.9144,5.9144,5.9144,5.9144,5.9144,5.9144,5.9144,5.9144,5.9144,5.9144,5.9144,5.9144,5.9144,5.9144,5.9144,5.9144,5.9144,5.9144,5.9144,5.9144,5.9144,5.9144,5.9144,5.9144,5.9144,5.9144,5.9144,5.9144,5.9144,5.9144,5.9144,5.9144,5.9144,5.9144,5.9144,5.9144,5.9144,5.9144,5.9144,5.9144,5.9144,5.9144,5.9144,5.9144,5.9144,5.9144,5.9144,5.9144,5.9144,5.9144,5.9144,5.9144,5.9144,5.9144,5.9144,5.9144,5.9144,5.9144,5.9144,5.9144,5.9144,5.9144,5.9144,5.9144,5.9144,5.9144,5.9144,5.9144,5.9144,5.9144,5.9144,5.9144,5.9144,5.9144,5.9144,5.9144,5.9144,5.9144,5.9144,5.9144,5.9144,5.9144,5.9144,5.9144,5.9144,5.9144,5.9144,5.9144,5.9144,5.9144,5.9144,5.9144,5.9144,5.9144,5.9144,5.9144,5.9144,5.9144,5.9144,5.9144,5.9144,5.9144,5.9144,5.9144,5.9144,5.9144,5.9144,5.9144,5.9144,5.9144,5.9144,5.9144,5.9144,5.9144,5.9144,5.9144,5.9144,5.9144,5.9144,5.9144,5.9144,5.9144,5.9144,5.9144,5.9144,5.9144,5.9144,5.9144,5.9144,5.9144,5.9144,5.9144,5.9144,5.9144,5.9144,5.9144,5.9144,5.9144,5.9144,5.9144,5.9144,5.9144,5.9144,5.9144,5.9144,5.9144,5.9144,5.9144,5.9144,5.9144,5.9144,5.9144,5.9144,5.9144,5.9144,5.9144,5.9144,5.9144,5.9144,5.9144,5.9144,5.9144,5.9144,5.9144,5.9144,5.9144,5.9144,5.9144,5.9144,5.9144,5.9144,5.9144,5.9144,5.9144,5.9144,5.9144,5.9144,5.9144,5.9144,5.9144,5.9144,5.9144,5.9144,5.9144,5.9144,5.9144,5.9144,5.9144,5.9144,5.9144,5.9144,5.9144,5.9144,5.9144,5.9144,5.9144,5.9144,5.9144,5.9144,5.9144,5.9144,5.9144,5.9144,5.9144,5.9144,5.9144,5.9144,5.9144,5.9144,5.9144,5.9144,5.9144,5.9144,5.9144,5.9144,5.9144,5.9144,5.9144,5.9144,5.9144,5.9144,5.9144,5.9144,5.9144,5.9144,5.9144,5.9144,5.9144,5.9144,5.9144,5.9144,5.9144,5.9144,5.9144,5.9144,5.9144,5.9144,5.9144,5.9144,5.9144,5.9144,5.9144,5.9144,5.9144,5.9144,5.9144,5.9144,5.9144,5.9144,5.9144,5.9144,5.9144,5.9144,5.9144,5.9144,5.9144,5.9144,5.9144,5.9144,5.9144,5.9144,5.9144,5.9144,5.9144,5.9144,5.9144,5.9144,5.9144,5.9144,5.9144,5.9144,5.9144,5.9144,5.9144,5.9144,5.9144,5.9144,5.9144,5.9144,5.9144,5.9144,5.9144,5.9144,5.9144,5.9144,5.9144,5.9144,5.9144,5.9144,5.9144,5.9144,5.9144,5.9144,5.9144,5.9144,5.9144,5.9144,5.9144,5.9144,5.9144,5.9144,5.9144,5.9144,5.9144,5.9144,5.9144,5.9144,5.9144,5.9144,5.9144,5.9144,5.9144,5.9144,5.9144,5.9144,5.9144,5.9144,5.9144,5.9144,5.9144,5.9144,5.9144,5.9144,5.9144,5.9144,5.9144,5.9144,5.9144,5.9144,5.9144,5.9144,5.9144,5.9144,5.9144,5.9144,5.9144,5.9144,5.9144,5.9144,5.9144,5.9144,5.9144,5.9144,5.9144,5.9144,5.9144,5.9144,5.9144,5.9144,5.9144,5.9144,5.9144,5.9144,5.9144,5.9144,5.9144,5.9144,5.9144,5.9144,5.9144,5.9144,5.9144,5.9144,5.9144,5.9144,5.9144,5.9144,5.9144,5.9144,5.9144,5.9144,5.9144,5.9144,5.9144,5.9144,5.9144,5.9144,5.9144,5.9144,5.9144,5.9144,5.9144,5.9144,5.9144,5.9144,5.9144,5.9144,5.9144,5.9144,5.9144,5.9144,5.9144,5.9144,5.9144,5.9144,5.9144,5.9144,5.9144,5.9144,5.9144,5.9144,5.9144,5.9144,5.9144,5.9144,5.9144,5.9144,5.9144,5.9144,5.9144,5.9144,5.9144,5.9144,5.9144,5.9144,5.9144,5.9144,5.9144,5.9144,5.9144,5.9144,5.9144,5.9144,5.9144,5.9144,5.9144,5.9144,5.9144,5.9144,5.9144,5.9144,5.9144,5.9144,5.9144,5.9144,5.9144,5.9144,5.9144,5.9144,5.9144,5.9144,5.9144,5.9144,5.9144,5.9144,5.9144,5.9144,5.9144,5.9144,5.9144,5.9144,5.9144,5.9144,5.9144,5.9144,5.9144,5.9144,5.9144,5.9144,5.9144,5.9144,5.9144
5.9107,5.9107,5.9107,5.9107,5.9107,5.9107,5.9107,5.9107,5.9107,5.9107,5.9107,5.9107,5.9107,5.9107,5.9107,5.9107,5.9107,5.9107,5.9107,5.9107,5.9107,5.9107,5.9107,5.9107,5.9107,5.9107,5.9107,5.9107,5.9107,5.9107,5.9107,5.9107,5.9107,5.9107,5.9107,5.9107,5.9107,5.9107,5.9107,5.9107,5.9107,5.9107,5.9107,5.9107,5.9107,5.9107,5.9107,5.9107,5.9107,5.9107,5.9107,5.9107,5.9107,5.9107,5.9107,5.9107,5.9107,5.9107,5.9107,5.9107,5.9107,5.9107,5.9107,5.9107,5.9107,5.9107,5.9107,5.9107,5.9107,5.9107,5.9107,5.9107,5.9107,5.9107,5.9107,5.9107,5.9107,5.9107,5.9107,5.9107,5.9107,5.9107,5.9107,5.9107,5.9107,5.9107,5.9107,5.9107,5.9107,5.9107,5.9107,5.9107,5.9107,5.9107,5.9107,5.9107,5.9107,5.9107,5.9107,5.9107,5.9107,5.9107,5.9107,5.9107,5.9107,5.9107,5.9107,5.9107,5.9107,5.9107,5.9107,5.9107,5.9107,5.9107,5.9107,5.9107,5.9107,5.9107,5.9107,5.9107,5.9107,5.9107,5.9107,5.9107,5.9107,5.9107,5.9107,5.9107,5.9107,5.9107,5.9107,5.9107,5.9107,5.9107,5.9107,5.9107,5.9107,5.9107,5.9107,5.9107,5.9107,5.9107,5.9107,5.9107,5.9107,5.9107,5.9107,5.9107,5.9107,5.9107,5.9107,5.9107,5.9107,5.9107,5.9107,5.9107,5.9107,5.9107,5.9107,5.9107,5.9107,5.9107,5.9107,5.9107,5.9107,5.9107,5.9107,5.9107,5.9107,5.9107,5.9107,5.9107,5.9107,5.9107,5.9107,5.9107,5.9107,5.9107,5.9107,5.9107,5.9107,5.9107,5.9107,5.9107,5.9107,5.9107,5.9107,5.9107,5.9107,5.9107,5.9107,5.9107,5.9107,5.9107,5.9107,5.9107,5.9107,5.9107,5.9107,5.9107,5.9107,5.9107,5.9107,5.9107,5.9107,5.9107,5.9107,5.9107,5.9107,5.9107,5.9107,5.9107,5.9107,5.9107,5.9107,5.9107,5.9107,5.9107,5.9107,5.9107,5.9107,5.9107,5.9107,5.9107,5.9107,5.9107,5.9107,5.9107,5.9107,5.9107,5.9107,5.9107,5.9107,5.9107,5.9107,5.9107,5.9107,5.9107,5.9107,5.9107,5.9107,5.9107,5.9107,5.9107,5.9107,5.9107,5.9107,5.9107,5.9107,5.9107,5.9107,5.9107,5.9107,5.9107,5.9107,5.9107,5.9107,5.9107,5.9107,5.9107,5.9107,5.9107,5.9107,5.9107,5.9107,5.9107,5.9107,5.9107,5.9107,5.9107,5.9107,5.9107,5.9107,5.9107,5.9107,5.9107,5.9107,5.9107,5.9107,5.9107,5.9107,5.9107,5.9107,5.9107,5.9107,5.9107,5.9107,5.9107,5.9107,5.9107,5.9107,5.9107,5.9107,5.9107,5.9107,5.9107,5.9107,5.9107,5.9107,5.9107,5.9107,5.9107,5.9107,5.9107,5.9107,5.9107,5.9107,5.9107,5.9107,5.9107,5.9107,5.9107,5.9107,5.9107,5.9107,5.9107,5.9107,5.9107,5.9107,5.9107,5.9107,5.9107,5.9107,5.9107,5.9107,5.9107,5.9107,5.9107,5.9107,5.9107,5.9107,5.9107,5.9107,5.9107,5.9107,5.9107,5.9107,5.9107,5.9107,5.9107,5.9107,5.9107,5.9107,5.9107,5.9107,5.9107,5.9107,5.9107,5.9107,5.9107,5.9107,5.9107,5.9107,5.9107,5.9107,5.9107,5.9107,5.9107,5.9107,5.9107,5.9107,5.9107,5.9107,5.9107,5.9107,5.9107,5.9107,5.9107,5.9107,5.9107,5.9107,5.9107,5.9107,5.9107,5.9107,5.9107,5.9107,5.9107,5.9107,5.9107,5.9107,5.9107,5.9107,5.9107,5.9107,5.9107,5.9107,5.9107,5.9107,5.9107,5.9107,5.9107,5.9107,5.9107,5.9107,5.9107,5.9107,5.9107,5.9107,5.9107,5.9107,5.9107,5.9107,5.9107,5.9107,5.9107,5.9107,5.9107,5.9107,5.9107,5.9107,5.9107,5.9107,5.9107,5.9107,5.9107,5.9107,5.9107,5.9107,5.9107,5.9107,5.9107,5.9107,5.9107,5.9107,5.9107,5.9107,5.9107,5.9107,5.9107,5.9107,5.9107,5.9107,5.9107,5.9107,5.9107,5.9107,5.9107,5.9107,5.9107,5.9107,5.9107,5.9107,5.9107,5.9107,5.9107,5.9107,5.9107,5.9107,5.9107,5.9107,5.9107,5.9107,5.9107,5.9107,5.9107,5.9107,5.9107,5.9107,5.9107,5.9107,5.9107,5.9107,5.9107,5.9107,5.9107,5.9107,5.9107,5.9107,5.9107,5.9107,5.9107,5.9107,5.9107,5.9107,5.9107,5.9107,5.9107,5.9107,5.9107,5.9107,5.9107,5.9107,5.9107,5.9107,5.9107,5.9107,5.9107,5.9107,5.9107,5.9107,5.9107,5.9107,5.9107,5.9107,5.9107,5.9107,5.9107,5.9107,5.9107,5.9107,5.9107,5.9107,5.9107,5.9107,5.9107,5.9107,5.9107,5.9107,5.9107,5.9107,5.9107,5.9107,5.9107,5.9107,5.9107,5.9107,5.9107,5.9107,5.9107,5.9107,5.9107,5.9107,5.9107,5.9107,5.9107,5.9107,5.9107,5.9107,5.9107,5.9107,5.9107,5.9107,5.9107,5.9107,5.9107,5.9107,5.9107,5.9107,5.9107,5.9107,5.9107,5.9107,5.9107,5.9107,5.9107,5.9107,5.9107,5.9107,5.9107,5.9107,5.9107,5.9107,5.9107,5.9107,5.9107,5.9107,5.9107,5.9107,5.9107,5.9107,5.9107,5.9107,5.9107,5.9107,5.9107,5.9107,5.9107,5.9107,5.9107,5.9107,5.9107,5.9107,5.9107,5.9107,5.9107,5.9107,5.9107,5.9107,5.9107,5.9107,5.9107,5.9107,5.9107,5.9107,5.9107,5.9107,5.9107,5.9107,5.9107,5.9107,5.9107,5.9107,5.9107,5.9107,5.9107,5.9107,5.9107,5.9107,5.9107,5.9107,5.9107,5.9107,5.9107,5.9107,5.9107,5.9107,5.9107,5.9107,5.9107,5.9107,5.9107,5.9107,5.9107,5.9107,5.9107,5.9107,5.9107,5.9107,5.9107,5.9107,5.9107,5.9107,5.9107,5.9107,5.9107,5.9107,5.9107,5.9107,5.9107,5.9107,5.9107,5.9107,5.9107,5.9107,5.9107,5.9107,5.9107,5.9107,5.9107,5.9107,5.9107,5.9107,5.9107,5.9107,5.9107,5.9107,5.9107,5.9107,5.9107,5.9107,5.9107,5.9107,5.9107,5.9107,5.9107,5.9107,5.9107,5.9107,5.9107,5.9107,5.9107,5.9107,5.9107,5.9107,5.9107,5.9107,5.9107,5.9107,5.9107,5.9107,5.9107,5.9107,5.9107,5.9107,5.9107,5.9107,5.9107,5.9107,5.9107,5.9107,5.9107,5.9107,5.9107,5.9107,5.9107,5.9107,5.9107,5.9107,5.9107,5.9107,5.9107,5.9107,5.9107,5.9107,5.9107,5.9107,5.9107,5.9107,5.9107,5.9107,5.9107,5.9107,5.9107,5.9107,5.9107,5.9107,5.9107,5.9107,5.9107,5.9107,5.9107,5.9107,5.9107,5.9107,5.9107,5.9107,5.9107,5.9107,5.9107,5.9107,5.9107,5.9107,5.9107,5.9107,5.9107,5.9107,5.9107,5.9107,5.9107,5.9107,5.9107,5.9107,5.9107,5.9107,5.9107,5.9107,5.9107,5.9107,5.9107,5.9107,5.9107,5.9107,5.9107,5.9107,5.9107,5.9107,5.9107,5.9107,5.9107,5.9107,5.9107,5.9107,5.9107,5.9107,5.9107,5.9107,5.9107,5.9107,5.9107,5.9107,5.9107,5.9107,5.9107,5.9107,5.9107,5.9107,5.9107,5.9107,5.9107,5.9107,5.9107,5.9107,5.9107,5.9107,5.9107,5.9107,5.9107,5.9107,5.9107,5.9107,5.9107,5.9107,5.9107,5.9107,5.9107,5.9107,5.9107,5.9107,5.9107,5.9107,5.9107,5.9107,5.9107,5.9107,5.9107,5.9107,5.9107,5.9107,5.9107,5.9107,5.9107,5.9107,5.9107,5.9107,5.9107,5.9107,5.9107,5.9107,5.9107,5.9107,5.9107,5.9107,5.9107,5.9107,5.9107,5.9107,5.9107,5.9107,5.9107,5.9107,5.9107,5.9107,5.9107,5.9107,5.9107,5.9107,5.9107,5.9107,5.9107,5.9107,5.9107,5.9107,5.9107,5.9107,5.9107,5.9107,5.9107,5.9107,5.9107,5.9107,5.9107,5.9107,5.9107,5.9107,5.9107,5.9107,5.9107,5.9107,5.9107,5.9107,5.9107,5.9107,5.9107,5.9107,5.9107,5.9107,5.9107,5.9107,5.9107,5.9107,5.9107,5.9107,5.9107,5.9107,5.9107,5.9107,5.9107,5.9107,5.9107,5.9107,5.9107,5.9107,5.9107,5.9107,5.9107,5.9107,5.9107,5.9107,5.9107,5.9107,5.9107,5.9107,5.9107,5.9107,5.9107,5.9107,5.9107,5.9107,5.9107,5.9107,5.9107,5.9107,5.9107,5.9107,5.9107,5.9107,5.9107,5.9107,5.9107,5.9107,5.9107,5.9107,5.9107,5.9107,5.9107,5.9107,5.9107,5.9107,5.9107,5.9107,5.9107,5.9107,5.9107,5.9107,5.9107,5.9107,5.9107,5.9107,5.9107,5.9107,5.9107,5.9107,5.9107,5.9107,5.9107,5.9107,5.9107,5.9107,5.9107,5.9107,5.9107,5.9107,5.9107,5.9107,5.9107,5.9107,5.9107,5.9107,5.9107,5.9107,5.9107,5.9107,5.9107,5.9107,5.9107,5.9107,5.9107,5.9107,5.9107,5.9107,5.9107,5.9107,5.9107,5.9107,5.9107,5.9107,5.9107,5.9107,5.9107
5.9067,5.9067,5.9067,5.9067,5.9067,5.9067,5.9067,5.9067,5.9067,5.9067,5.9067,5.9067,5.9067,5.9067,5.9067,5.9067,5.9067,5.9067,5.9067,5.9067,5.9067,5.9067,5.9067,5.9067,5.9067,5.9067,5.9067,5.9067,5.9067,5.9067,5.9067,5.9067,5.9067,5.9067,5.9067,5.9067,5.9067,5.9067,5.9067,5.9067,5.9067,5.9067,5.9067,5.9067,5.9067,5.9067,5.9067,5.9067,5.9067,5.9067,5.9067,5.9067,5.9067,5.9067,5.9067,5.9067,5.9067,5.9067,5.9067,5.9067,5.9067,5.9067,5.9067,5.9067,5.9067,5.9067,5.9067,5.9067,5.9067,5.9067,5.9067,5.9067,5.9067,5.9067,5.9067,5.9067,5.9067,5.9067,5.9067,5.9067,5.9067,5.9067,5.9067,5.9067,5.9067,5.9067,5.9067,5.9067,5.9067,5.9067,5.9067,5.9067,5.9067,5.9067,5.9067,5.9067,5.9067,5.9067,5.9067,5.9067,5.9067,5.9067,5.9067,5.9067,5.9067,5.9067,5.9067,5.9067,5.9067,5.9067,5.9067,5.9067,5.9067,5.9067,5.9067,5.9067,5.9067,5.9067,5.9067,5.9067,5.9067,5.9067,5.9067,5.9067,5.9067,5.9067,5.9067,5.9067,5.9067,5.9067,5.9067,5.9067,5.9067,5.9067,5.9067,5.9067,5.9067,5.9067,5.9067,5.9067,5.9067,5.9067,5.9067,5.9067,5.9067,5.9067,5.9067,5.9067,5.9067,5.9067,5.9067,5.9067,5.9067,5.9067,5.9067,5.9067,5.9067,5.9067,5.9067,5.9067,5.9067,5.9067,5.9067,5.9067,5.9067,5.9067,5.9067,5.9067,5.9067,5.9067,5.9067,5.9067,5.9067,5.9067,5.9067,5.9067,5.9067,5.9067,5.9067,5.9067,5.9067,5.9067,5.9067,5.9067,5.9067,5.9067,5.9067,5.9067,5.9067,5.9067,5.9067,5.9067,5.9067,5.9067,5.9067,5.9067,5.9067,5.9067,5.9067,5.9067,5.9067,5.9067,5.9067,5.9067,5.9067,5.9067,5.9067,5.9067,5.9067,5.9067,5.9067,5.9067,5.9067,5.9067,5.9067,5.9067,5.9067,5.9067,5.9067,5.9067,5.9067,5.9067,5.9067,5.9067,5.9067,5.9067,5.9067,5.9067,5.9067,5.9067,5.9067,5.9067,5.9067,5.9067,5.9067,5.9067,5.9067,5.9067,5.9067,5.9067,5.9067,5.9067,5.9067,5.9067,5.9067,5.9067,5.9067,5.9067,5.9067,5.9067,5.9067,5.9067,5.9067,5.9067,5.9067,5.9067,5.9067,5.9067,5.9067,5.9067,5.9067,5.9067,5.9067,5.9067,5.9067,5.9067,5.9067,5.9067,5.9067,5.9067,5.9067,5.9067,5.9067,5.9067,5.9067,5.9067,5.9067,5.9067,5.9067,5.9067,5.9067,5.9067,5.9067,5.9067,5.9067,5.9067,5.9067,5.9067,5.9067,5.9067,5.9067,5.9067,5.9067,5.9067,5.9067,5.9067,5.9067,5.9067,5.9067,5.9067,5.9067,5.9067,5.9067,5.9067,5.9067,5.9067,5.9067,5.9067,5.9067,5.9067,5.9067,5.9067,5.9067,5.9067,5.9067,5.9067,5.9067,5.9067,5.9067,5.9067,5.9067,5.9067,5.9067,5.9067,5.9067,5.9067,5.9067,5.9067,5.9067,5.9067,5.9067,5.9067,5.9067,5.9067,5.9067,5.9067,5.9067,5.9067,5.9067,5.9067,5.9067,5.9067,5.9067,5.9067,5.9067,5.9067,5.9067,5.9067,5.9067,5.9067,5.9067,5.9067,5.9067,5.9067,5.9067,5.9067,5.9067,5.9067,5.9067,5.9067,5.9067,5.9067,5.9067,5.9067,5.9067,5.9067,5.9067,5.9067,5.9067,5.9067,5.9067,5.9067,5.9067,5.9067,5.9067,5.9067,5.9067,5.9067,5.9067,5.9067,5.9067,5.9067,5.9067,5.9067,5.9067,5.9067,5.9067,5.9067,5.9067,5.9067,5.9067,5.9067,5.9067,5.9067,5.9067,5.9067,5.9067,5.9067,5.9067,5.9067,5.9067,5.9067,5.9067,5.9067,5.9067,5.9067,5.9067,5.9067,5.9067,5.9067,5.9067,5.9067,5.9067,5.9067,5.9067,5.9067,5.9067,5.9067,5.9067,5.9067,5.9067,5.9067,5.9067,5.9067,5.9067,5.9067,5.9067,5.9067,5.9067,5.9067,5.9067,5.9067,5.9067,5.9067,5.9067,5.9067,5.9067,5.9067,5.9067,5.9067,5.9067,5.9067,5.9067,5.9067,5.9067,5.9067,5.9067,5.9067,5.9067,5.9067,5.9067,5.9067,5.9067,5.9067,5.9067,5.9067,5.9067,5.9067,5.9067,5.9067,5.9067,5.9067,5.9067,5.9067,5.9067,5.9067,5.9067,5.9067,5.9067,5.9067,5.9067,5.9067,5.9067,5.9067,5.9067,5.9067,5.9067,5.9067,5.9067,5.9067,5.9067,5.9067,5.9067,5.9067,5.9067,5.9067,5.9067,5.9067,5.9067,5.9067,5.9067,5.9067,5.9067,5.9067,5.9067,5.9067,5.9067,5.9067,5.9067,5.9067,5.9067,5.9067,5.9067,5.9067,5.9067,5.9067,5.9067,5.9067,5.9067,5.9067,5.9067,5.9067,5.9067,5.9067,5.9067,5.9067,5.9067,5.9067,5.9067,5.9067,5.9067,5.9067,5.9067,5.9067,5.9067,5.9067,5.9067,5.9067,5.9067,5.9067,5.9067,5.9067,5.9067,5.9067,5.9067,5.9067,5.9067,5.9067,5.9067,5.9067,5.9067,5.9067,5.9067,5.9067,5.9067,5.9067,5.9067,5.9067,5.9067,5.9067,5.9067,5.9067,5.9067,5.9067,5.9067,5.9067,5.9067,5.9067,5.9067,5.9067,5.9067,5.9067,5.9067,5.9067,5.9067,5.9067,5.9067,5.9067,5.9067,5.9067,5.9067,5.9067,5.9067,5.9067,5.9067,5.9067,5.9067,5.9067,5.9067,5.9067,5.9067,5.9067,5.9067,5.9067,5.9067,5.9067,5.9067,5.9067,5.9067,5.9067,5.9067,5.9067,5.9067,5.9067,5.9067,5.9067,5.9067,5.9067,5.9067,5.9067,5.9067,5.9067,5.9067,5.9067,5.9067,5.9067,5.9067,5.9067,5.9067,5.9067,5.9067,5.9067,5.9067,5.9067,5.9067,5.9067,5.9067,5.9067,5.9067,5.9067,5.9067,5.9067,5.9067,5.9067,5.9067,5.9067,5.9067,5.9067,5.9067,5.9067,5.9067,5.9067,5.9067,5.9067,5.9067,5.9067,5.9067,5.9067,5.9067,5.9067,5.9067,5.9067,5.9067,5.9067,5.9067,5.9067,5.9067,5.9067,5.9067,5.9067,5.9067,5.9067,5.9067,5.9067,5.9067,5.9067,5.9067,5.9067,5.9067,5.9067,5.9067,5.9067,5.9067,5.9067,5.9067,5.9067,5.9067,5.9067,5.9067,5.9067,5.9067,5.9067,5.9067,5.9067,5.9067,5.9067,5.9067,5.9067,5.9067,5.9067,5.9067,5.9067,5.9067,5.9067,5.9067,5.9067,5.9067,5.9067,5.9067,5.9067,5.9067,5.9067,5.9067,5.9067,5.9067,5.9067,5.9067,5.9067,5.9067,5.9067,5.9067,5.9067,5.9067,5.9067,5.9067,5.9067,5.9067,5.9067,5.9067,5.9067,5.9067,5.9067,5.9067,5.9067,5.9067,5.9067,5.9067,5.9067,5.9067,5.9067,5.9067,5.9067,5.9067,5.9067,5.9067,5.9067,5.9067,5.9067,5.9067,5.9067,5.9067,5.9067,5.9067,5.9067,5.9067,5.9067,5.9067,5.9067,5.9067,5.9067,5.9067,5.9067,5.9067,5.9067,5.9067,5.9067,5.9067,5.9067,5.9067,5.9067,5.9067,5.9067,5.9067,5.9067,5.9067,5.9067,5.9067,5.9067,5.9067,5.9067,5.9067,5.9067,5.9067,5.9067,5.9067,5.9067,5.9067,5.9067,5.9067,5.9067,5.9067,5.9067,5.9067,5.9067,5.9067,5.9067,5.9067,5.9067,5.9067,5.9067,5.9067,5.9067,5.9067,5.9067,5.9067,5.9067,5.9067,5.9067,5.9067,5.9067,5.9067,5.9067,5.9067,5.9067,5.9067,5.9067,5.9067,5.9067,5.9067,5.9067,5.9067,5.9067,5.9067,5.9067,5.9067,5.9067,5.9067,5.9067,5.9067,5.9067,5.9067,5.9067,5.9067,5.9067,5.9067,5.9067,5.9067,5.9067,5.9067,5.9067,5.9067,5.9067,5.9067,5.9067,5.9067,5.9067,5.9067,5.9067,5.9067,5.9067,5.9067,5.9067,5.9067,5.9067,5.9067,5.9067,5.9067,5.9067,5.9067,5.9067,5.9067,5.9067,5.9067,5.9067,5.9067,5.9067,5.9067,5.9067,5.9067,5.9067,5.9067,5.9067,5.9067,5.9067,5.9067,5.9067,5.9067,5.9067,5.9067,5.9067,5.9067,5.9067,5.9067,5.9067,5.9067,5.9067,5.9067,5.9067,5.9067,5.9067,5.9067,5.9067,5.9067,5.9067,5.9067,5.9067,5.9067,5.9067,5.9067,5.9067,5.9067,5.9067,5.9067,5.9067,5.9067,5.9067,5.9067,5.9067,5.9067,5.9067,5.9067,5.9067,5.9067,5.9067,5.9067,5.9067,5.9067,5.9067,5.9067,5.9067,5.9067,5.9067,5.9067,5.9067,5.9067,5.9067,5.9067,5.9067,5.9067,5.9067,5.9067,5.9067,5.9067,5.9067,5.9067,5.9067,5.9067,5.9067,5.9067,5.9067,5.9067,5.9067,5.9067,5.9067,5.9067,5.9067,5.9067,5.9067,5.9067,5.9067,5.9067,5.9067,5.9067,5.9067,5.9067,5.9067,5.9067,5.9067,5.9067,5.9067,5.9067,5.9067,5.9067,5.9067,5.9067,5.9067,5.9067,5.9067,5.9067,5.9067,5.9067,5.9067,5.9067,5.9067,5.9067,5.9067,5.9067,5.9067,5.9067,5.9067
5.9028,5.9028,5.9028,5.9028,5.9028,5.9028,5.9028,5.9028,5.9028,5.9028,5.9028,5.9028,5.9028,5.9028,5.9028,5.9028,5.9028,5.9028,5.9028,5.9028,5.9028,5.9028,5.9028,5.9028,5.9028,5.9028,5.9028,5.9028,5.9028,5.9028,5.9028,5.9028,5.9028,5.9028,5.9028,5.9028,5.9028,5.9028,5.9028,5.9028,5.9028,5.9028,5.9028,5.9028,5.9028,5.9028,5.9028,5.9028,5.9028,5.9028,5.9028,5.9028,5.9028,5.9028,5.9028,5.9028,5.9028,5.9028,5.9028,5.9028,5.9028,5.9028,5.9028,5.9028,5.9028,5.9028,5.9028,5.9028,5.9028,5.9028,5.9028,5.9028,5.9028,5.9028,5.9028,5.9028,5.9028,5.9028,5.9028,5.9028,5.9028,5.9028,5.9028,5.9028,5.9028,5.9028,5.9028,5.9028,5.9028,5.9028,5.9028,5.9028,5.9028,5.9028,5.9028,5.9028,5.9028,5.9028,5.9028,5.9028,5.9028,5.9028,5.9028,5.9028,5.9028,5.9028,5.9028,5.9028,5.9028,5.9028,5.9028,5.9028,5.9028,5.9028,5.9028,5.9028,5.9028,5.9028,5.9028,5.9028,5.9028,5.9028,5.9028,5.9028,5.9028,5.9028,5.9028,5.9028,5.9028,5.9028,5.9028,5.9028,5.9028,5.9028,5.9028,5.9028,5.9028,5.9028,5.9028,5.9028,5.9028,5.9028,5.9028,5.9028,5.9028,5.9028,5.9028,5.9028,5.9028,5.9028,5.9028,5.9028,5.9028,5.9028,5.9028,5.9028,5.9028,5.9028,5.9028,5.9028,5.9028,5.9028,5.9028,5.9028,5.9028,5.9028,5.9028,5.9028,5.9028,5.9028,5.9028,5.9028,5.9028,5.9028,5.9028,5.9028,5.9028,5.9028,5.9028,5.9028,5.9028,5.9028,5.9028,5.9028,5.9028,5.9028,5.9028,5.9028,5.9028,5.9028,5.9028,5.9028,5.9028,5.9028,5.9028,5.9028,5.9028,5.9028,5.9028,5.9028,5.9028,5.9028,5.9028,5.9028,5.9028,5.9028,5.9028,5.9028,5.9028,5.9028,5.9028,5.9028,5.9028,5.9028,5.9028,5.9028,5.9028,5.9028,5.9028,5.9028,5.9028,5.9028,5.9028,5.9028,5.9028,5.9028,5.9028,5.9028,5.9028,5.9028,5.9028,5.9028,5.9028,5.9028,5.9028,5.9028,5.9028,5.9028,5.9028,5.9028,5.9028,5.9028,5.9028,5.9028,5.9028,5.9028,5.9028,5.9028,5.9028,5.9028,5.9028,5.9028,5.9028,5.9028,5.9028,5.9028,5.9028,5.9028,5.9028,5.9028,5.9028,5.9028,5.9028,5.9028,5.9028,5.9028,5.9028,5.9028,5.9028,5.9028,5.9028,5.9028,5.9028,5.9028,5.9028,5.9028,5.9028,5.9028,5.9028,5.9028,5.9028,5.9028,5.9028,5.9028,5.9028,5.9028,5.9028,5.9028,5.9028,5.9028,5.9028,5.9028,5.9028,5.9028,5.9028,5.9028,5.9028,5.9028,5.9028,5.9028,5.9028,5.9028,5.9028,5.9028,5.9028,5.9028,5.9028,5.9028,5.9028,5.9028,5.9028,5.9028,5.9028,5.9028,5.9028,5.9028,5.9028,5.9028,5.9028,5.9028,5.9028,5.9028,5.9028,5.9028,5.9028,5.9028,5.9028,5.9028,5.9028,5.9028,5.9028,5.9028,5.9028,5.9028,5.9028,5.9028,5.9028,5.9028,5.9028,5.9028,5.9028,5.9028,5.9028,5.9028,5.9028,5.9028,5.9028,5.9028,5.9028,5.9028,5.9028,5.9028,5.9028,5.9028,5.9028,5.9028,5.9028,5.9028,5.9028,5.9028,5.9028,5.9028,5.9028,5.9028,5.9028,5.9028,5.9028,5.9028,5.9028,5.9028,5.9028,5.9028,5.9028,5.9028,5.9028,5.9028,5.9028,5.9028,5.9028,5.9028,5.9028,5.9028,5.9028,5.9028,5.9028,5.9028,5.9028,5.9028,5.9028,5.9028,5.9028,5.9028,5.9028,5.9028,5.9028,5.9028,5.9028,5.9028,5.9028,5.9028,5.9028,5.9028,5.9028,5.9028,5.9028,5.9028,5.9028,5.9028,5.9028,5.9028,5.9028,5.9028,5.9028,5.9028,5.9028,5.9028,5.9028,5.9028,5.9028,5.9028,5.9028,5.9028,5.9028,5.9028,5.9028,5.9028,5.9028,5.9028,5.9028,5.9028,5.9028,5.9028,5.9028,5.9028,5.9028,5.9028,5.9028,5.9028,5.9028,5.9028,5.9028,5.9028,5.9028,5.9028,5.9028,5.9028,5.9028,5.9028,5.9028,5.9028,5.9028,5.9028,5.9028,5.9028,5.9028,5.9028,5.9028,5.9028,5.9028,5.9028,5.9028,5.9028,5.9028,5.9028,5.9028,5.9028,5.9028,5.9028,5.9028,5.9028,5.9028,5.9028,5.9028,5.9028,5.9028,5.9028,5.9028,5.9028,5.9028,5.9028,5.9028,5.9028,5.9028,5.9028,5.9028,5.9028,5.9028,5.9028,5.9028,5.9028,5.9028,5.9028,5.9028,5.9028,5.9028,5.9028,5.9028,5.9028,5.9028,5.9028,5.9028,5.9028,5.9028,5.9028,5.9028,5.9028,5.9028,5.9028,5.9028,5.9028,5.9028,5.9028,5.9028,5.9028,5.9028,5.9028,5.9028,5.9028,5.9028,5.9028,5.9028,5.9028,5.9028,5.9028,5.9028,5.9028,5.9028,5.9028,5.9028,5.9028,5.9028,5.9028,5.9028,5.9028,5.9028,5.9028,5.9028,5.9028,5.9028,5.9028,5.9028,5.9028,5.9028,5.9028,5.9028,5.9028,5.9028,5.9028,5.9028,5.9028,5.9028,5.9028,5.9028,5.9028,5.9028,5.9028,5.9028,5.9028,5.9028,5.9028,5.9028,5.9028,5.9028,5.9028,5.9028,5.9028,5.9028,5.9028,5.9028,5.9028,5.9028,5.9028,5.9028,5.9028,5.9028,5.9028,5.9028,5.9028,5.9028,5.9028,5.9028,5.9028,5.9028,5.9028,5.9028,5.9028,5.9028,5.9028,5.9028,5.9028,5.9028,5.9028,5.9028,5.9028,5.9028,5.9028,5.9028,5.9028,5.9028,5.9028,5.9028,5.9028,5.9028,5.9028,5.9028,5.9028,5.9028,5.9028,5.9028,5.9028,5.9028,5.9028,5.9028,5.9028,5.9028,5.9028,5.9028,5.9028,5.9028,5.9028,5.9028,5.9028,5.9028,5.9028,5.9028,5.9028,5.9028,5.9028,5.9028,5.9028,5.9028,5.9028,5.9028,5.9028,5.9028,5.9028,5.9028,5.9028,5.9028,5.9028,5.9028,5.9028,5.9028,5.9028,5.9028,5.9028,5.9028,5.9028,5.9028,5.9028,5.9028,5.9028,5.9028,5.9028,5.9028,5.9028,5.9028,5.9028,5.9028,5.9028,5.9028,5.9028,5.9028,5.9028,5.9028,5.9028,5.9028,5.9028,5.9028,5.9028,5.9028,5.9028,5.9028,5.9028,5.9028,5.9028,5.9028,5.9028,5.9028,5.9028,5.9028,5.9028,5.9028,5.9028,5.9028,5.9028,5.9028,5.9028,5.9028,5.9028,5.9028,5.9028,5.9028,5.9028,5.9028,5.9028,5.9028,5.9028,5.9028,5.9028,5.9028,5.9028,5.9028,5.9028,5.9028,5.9028,5.9028,5.9028,5.9028,5.9028,5.9028,5.9028,5.9028,5.9028,5.9028,5.9028,5.9028,5.9028,5.9028,5.9028,5.9028,5.9028,5.9028,5.9028,5.9028,5.9028,5.9028,5.9028,5.9028,5.9028,5.9028,5.9028,5.9028,5.9028,5.9028,5.9028,5.9028,5.9028,5.9028,5.9028,5.9028,5.9028,5.9028,5.9028,5.9028,5.9028,5.9028,5.9028,5.9028,5.9028,5.9028,5.9028,5.9028,5.9028,5.9028,5.9028,5.9028,5.9028,5.9028,5.9028,5.9028,5.9028,5.9028,5.9028,5.9028,5.9028,5.9028,5.9028,5.9028,5.9028,5.9028,5.9028,5.9028,5.9028,5.9028,5.9028,5.9028,5.9028,5.9028,5.9028,5.9028,5.9028,5.9028,5.9028,5.9028,5.9028,5.9028,5.9028,5.9028,5.9028,5.9028,5.9028,5.9028,5.9028,5.9028,5.9028,5.9028,5.9028,5.9028,5.9028,5.9028,5.9028,5.9028,5.9028,5.9028,5.9028,5.9028,5.9028,5.9028,5.9028,5.9028,5.9028,5.9028,5.9028,5.9028,5.9028,5.9028,5.9028,5.9028,5.9028,5.9028,5.9028,5.9028,5.9028,5.9028,5.9028,5.9028,5.9028,5.9028,5.9028,5.9028,5.9028,5.9028,5.9028,5.9028,5.9028,5.9028,5.9028,5.9028,5.9028,5.9028,5.9028,5.9028,5.9028,5.9028,5.9028,5.9028,5.9028,5.9028,5.9028,5.9028,5.9028,5.9028,5.9028,5.9028,5.9028,5.9028,5.9028,5.9028,5.9028,5.9028,5.9028,5.9028,5.9028,5.9028,5.9028,5.9028,5.9028,5.9028,5.9028,5.9028,5.9028,5.9028,5.9028,5.9028,5.9028,5.9028,5.9028,5.9028,5.9028,5.9028,5.9028,5.9028,5.9028,5.9028,5.9028,5.9028,5.9028,5.9028,5.9028,5.9028,5.9028,5.9028,5.9028,5.9028,5.9028,5.9028,5.9028,5.9028,5.9028,5.9028,5.9028,5.9028,5.9028,5.9028,5.9028,5.9028,5.9028,5.9028,5.9028,5.9028,5.9028,5.9028,5.9028,5.9028,5.9028,5.9028,5.9028,5.9028,5.9028,5.9028,5.9028,5.9028,5.9028,5.9028,5.9028,5.9028,5.9028,5.9028,5.9028,5.9028,5.9028,5.9028,5.9028,5.9028,5.9028,5.9028,5.9028,5.9028,5.9028,5.9028,5.9028,5.9028,5.9028,5.9028,5.9028,5.9028,5.9028,5.9028,5.9028,5.9028,5.9028,5.9028,5.9028,5.9028,5.9028,5.9028,5.9028,5.9028,5.9028
5.8988,5.8988,5.8988,5.8988,5.8988,5.8988,5.8988,5.8988,5.8988,5.8988,5.8988,5.8988,5.8988,5.8988,5.8988,5.8988,5.8988,5.8988,5.8988,5.8988,5.8988,5.8988,5.8988,5.8988,5.8988,5.8988,5.8988,5.8988,5.8988,5.8988,5.8988,5.8988,5.8988,5.8988,5.8988,5.8988,5.8988,5.8988,5.8988,5.8988,5.8988,5.8988,5.8988,5.8988,5.8988,5.8988,5.8988,5.8988,5.8988,5.8988,5.8988,5.8988,5.8988,5.8988,5.8988,5.8988,5.8988,5.8988,5.8988,5.8988,5.8988,5.8988,5.8988,5.8988,5.8988,5.8988,5.8988,5.8988,5.8988,5.8988,5.8988,5.8988,5.8988,5.8988,5.8988,5.8988,5.8988,5.8988,5.8988,5.8988,5.8988,5.8988,5.8988,5.8988,5.8988,5.8988,5.8988,5.8988,5.8988,5.8988,5.8988,5.8988,5.8988,5.8988,5.8988,5.8988,5.8988,5.8988,5.8988,5.8988,5.8988,5.8988,5.8988,5.8988,5.8988,5.8988,5.8988,5.8988,5.8988,5.8988,5.8988,5.8988,5.8988,5.8988,5.8988,5.8988,5.8988,5.8988,5.8988,5.8988,5.8988,5.8988,5.8988,5.8988,5.8988,5.8988,5.8988,5.8988,5.8988,5.8988,5.8988,5.8988,5.8988,5.8988,5.8988,5.8988,5.8988,5.8988,5.8988,5.8988,5.8988,5.8988,5.8988,5.8988,5.8988,5.8988,5.8988,5.8988,5.8988,5.8988,5.8988,5.8988,5.8988,5.8988,5.8988,5.8988,5.8988,5.8988,5.8988,5.8988,5.8988,5.8988,5.8988,5.8988,5.8988,5.8988,5.8988,5.8988,5.8988,5.8988,5.8988,5.8988,5.8988,5.8988,5.8988,5.8988,5.8988,5.8988,5.8988,5.8988,5.8988,5.8988,5.8988,5.8988,5.8988,5.8988,5.8988,5.8988,5.8988,5.8988,5.8988,5.8988,5.8988,5.8988,5.8988,5.8988,5.8988,5.8988,5.8988,5.8988,5.8988,5.8988,5.8988,5.8988,5.8988,5.8988,5.8988,5.8988,5.8988,5.8988,5.8988,5.8988,5.8988,5.8988,5.8988,5.8988,5.8988,5.8988,5.8988,5.8988,5.8988,5.8988,5.8988,5.8988,5.8988,5.8988,5.8988,5.8988,5.8988,5.8988,5.8988,5.8988,5.8988,5.8988,5.8988,5.8988,5.8988,5.8988,5.8988,5.8988,5.8988,5.8988,5.8988,5.8988,5.8988,5.8988,5.8988,5.8988,5.8988,5.8988,5.8988,5.8988,5.8988,5.8988,5.8988,5.8988,5.8988,5.8988,5.8988,5.8988,5.8988,5.8988,5.8988,5.8988,5.8988,5.8988,5.8988,5.8988,5.8988,5.8988,5.8988,5.8988,5.8988,5.8988,5.8988,5.8988,5.8988,5.8988,5.8988,5.8988,5.8988,5.8988,5.8988,5.8988,5.8988,5.8988,5.8988,5.8988,5.8988,5.8988,5.8988,5.8988,5.8988,5.8988,5.8988,5.8988,5.8988,5.8988,5.8988,5.8988,5.8988,5.8988,5.8988,5.8988,5.8988,5.8988,5.8988,5.8988,5.8988,5.8988,5.8988,5.8988,5.8988,5.8988,5.8988,5.8988,5.8988,5.8988,5.8988,5.8988,5.8988,5.8988,5.8988,5.8988,5.8988,5.8988,5.8988,5.8988,5.8988,5.8988,5.8988,5.8988,5.8988,5.8988,5.8988,5.8988,5.8988,5.8988,5.8988,5.8988,5.8988,5.8988,5.8988,5.8988,5.8988,5.8988,5.8988,5.8988,5.8988,5.8988,5.8988,5.8988,5.8988,5.8988,5.8988,5.8988,5.8988,5.8988,5.8988,5.8988,5.8988,5.8988,5.8988,5.8988,5.8988,5.8988,5.8988,5.8988,5.8988,5.8988,5.8988,5.8988,5.8988,5.8988,5.8988,5.8988,5.8988,5.8988,5.8988,5.8988,5.8988,5.8988,5.8988,5.8988,5.8988,5.8988,5.8988,5.8988,5.8988,5.8988,5.8988,5.8988,5.8988,5.8988,5.8988,5.8988,5.8988,5.8988,5.8988,5.8988,5.8988,5.8988,5.8988,5.8988,5.8988,5.8988,5.8988,5.8988,5.8988,5.8988,5.8988,5.8988,5.8988,5.8988,5.8988,5.8988,5.8988,5.8988,5.8988,5.8988,5.8988,5.8988,5.8988,5.8988,5.8988,5.8988,5.8988,5.8988,5.8988,5.8988,5.8988,5.8988,5.8988,5.8988,5.8988,5.8988,5.8988,5.8988,5.8988,5.8988,5.8988,5.8988,5.8988,5.8988,5.8988,5.8988,5.8988,5.8988,5.8988,5.8988,5.8988,5.8988,5.8988,5.8988,5.8988,5.8988,5.8988,5.8988,5.8988,5.8988,5.8988,5.8988,5.8988,5.8988,5.8988,5.8988,5.8988,5.8988,5.8988,5.8988,5.8988,5.8988,5.8988,5.8988,5.8988,5.8988,5.8988,5.8988,5.8988,5.8988,5.8988,5.8988,5.8988,5.8988,5.8988,5.8988,5.8988,5.8988,5.8988,5.8988,5.8988,5.8988,5.8988,5.8988,5.8988,5.8988,5.8988,5.8988,5.8988,5.8988,5.8988,5.8988,5.8988,5.8988,5.8988,5.8988,5.8988,5.8988,5.8988,5.8988,5.8988,5.8988,5.8988,5.8988,5.8988,5.8988,5.8988,5.8988,5.8988,5.8988,5.8988,5.8988,5.8988,5.8988,5.8988,5.8988,5.8988,5.8988,5.8988,5.8988,5.8988,5.8988,5.8988,5.8988,5.8988,5.8988,5.8988,5.8988,5.8988,5.8988,5.8988,5.8988,5.8988,5.8988,5.8988,5.8988,5.8988,5.8988,5.8988,5.8988,5.8988,5.8988,5.8988,5.8988,5.8988,5.8988,5.8988,5.8988,5.8988,5.8988,5.8988,5.8988,5.8988,5.8988,5.8988,5.8988,5.8988,5.8988,5.8988,5.8988,5.8988,5.8988,5.8988,5.8988,5.8988,5.8988,5.8988,5.8988,5.8988,5.8988,5.8988,5.8988,5.8988,5.8988,5.8988,5.8988,5.8988,5.8988,5.8988,5.8988,5.8988,5.8988,5.8988,5.8988,5.8988,5.8988,5.8988,5.8988,5.8988,5.8988,5.8988,5.8988,5.8988,5.8988,5.8988,5.8988,5.8988,5.8988,5.8988,5.8988,5.8988,5.8988,5.8988,5.8988,5.8988,5.8988,5.8988,5.8988,5.8988,5.8988,5.8988,5.8988,5.8988,5.8988,5.8988,5.8988,5.8988,5.8988,5.8988,5.8988,5.8988,5.8988,5.8988,5.8988,5.8988,5.8988,5.8988,5.8988,5.8988,5.8988,5.8988,5.8988,5.8988,5.8988,5.8988,5.8988,5.8988,5.8988,5.8988,5.8988,5.8988,5.8988,5.8988,5.8988,5.8988,5.8988,5.8988,5.8988,5.8988,5.8988,5.8988,5.8988,5.8988,5.8988,5.8988,5.8988,5.8988,5.8988,5.8988,5.8988,5.8988,5.8988,5.8988,5.8988,5.8988,5.8988,5.8988,5.8988,5.8988,5.8988,5.8988,5.8988,5.8988,5.8988,5.8988,5.8988,5.8988,5.8988,5.8988,5.8988,5.8988,5.8988,5.8988,5.8988,5.8988,5.8988,5.8988,5.8988,5.8988,5.8988,5.8988,5.8988,5.8988,5.8988,5.8988,5.8988,5.8988,5.8988,5.8988,5.8988,5.8988,5.8988,5.8988,5.8988,5.8988,5.8988,5.8988,5.8988,5.8988,5.8988,5.8988,5.8988,5.8988,5.8988,5.8988,5.8988,5.8988,5.8988,5.8988,5.8988,5.8988,5.8988,5.8988,5.8988,5.8988,5.8988,5.8988,5.8988,5.8988,5.8988,5.8988,5.8988,5.8988,5.8988,5.8988,5.8988,5.8988,5.8988,5.8988,5.8988,5.8988,5.8988,5.8988,5.8988,5.8988,5.8988,5.8988,5.8988,5.8988,5.8988,5.8988,5.8988,5.8988,5.8988,5.8988,5.8988,5.8988,5.8988,5.8988,5.8988,5.8988,5.8988,5.8988,5.8988,5.8988,5.8988,5.8988,5.8988,5.8988,5.8988,5.8988,5.8988,5.8988,5.8988,5.8988,5.8988,5.8988,5.8988,5.8988,5.8988,5.8988,5.8988,5.8988,5.8988,5.8988,5.8988,5.8988,5.8988,5.8988,5.8988,5.8988,5.8988,5.8988,5.8988,5.8988,5.8988,5.8988,5.8988,5.8988,5.8988,5.8988,5.8988,5.8988,5.8988,5.8988,5.8988,5.8988,5.8988,5.8988,5.8988,5.8988,5.8988,5.8988,5.8988,5.8988,5.8988,5.8988,5.8988,5.8988,5.8988,5.8988,5.8988,5.8988,5.8988,5.8988,5.8988,5.8988,5.8988,5.8988,5.8988,5.8988,5.8988,5.8988,5.8988,5.8988,5.8988,5.8988,5.8988,5.8988,5.8988,5.8988,5.8988,5.8988,5.8988,5.8988,5.8988,5.8988,5.8988,5.8988,5.8988,5.8988,5.8988,5.8988,5.8988,5.8988,5.8988,5.8988,5.8988,5.8988,5.8988,5.8988,5.8988,5.8988,5.8988,5.8988,5.8988,5.8988,5.8988,5.8988,5.8988,5.8988,5.8988,5.8988,5.8988,5.8988,5.8988,5.8988,5.8988,5.8988,5.8988,5.8988,5.8988,5.8988,5.8988,5.8988,5.8988,5.8988,5.8988,5.8988,5.8988,5.8988,5.8988,5.8988,5.8988,5.8988,5.8988,5.8988,5.8988,5.8988,5.8988,5.8988,5.8988,5.8988,5.8988,5.8988,5.8988,5.8988,5.8988,5.8988,5.8988,5.8988,5.8988,5.8988,5.8988,5.8988,5.8988,5.8988,5.8988,5.8988,5.8988,5.8988,5.8988,5.8988,5.8988,5.8988,5.8988,5.8988,5.8988,5.8988,5.8988,5.8988,5.8988,5.8988,5.8988,5.8988,5.8988,5.8988,5.8988,5.8988,5.8988,5.8988,5.8988,5.8988,5.8988,5.8988,5.8988,5.8988,5.8988,5.8988,5.8988
5.8951,5.8951,5.8951,5.8951,5.8951,5.8951,5.8951,5.8951,5.8951,5.8951,5.8951,5.8951,5.8951,5.8951,5.8951,5.8951,5.8951,5.8951,5.8951,5.8951,5.8951,5.8951,5.8951,5.8951,5.8951,5.8951,5.8951,5.8951,5.8951,5.8951,5.8951,5.8951,5.8951,5.8951,5.8951,5.8951,5.8951,5.8951,5.8951,5.8951,5.8951,5.8951,5.8951,5.8951,5.8951,5.8951,5.8951,5.8951,5.8951,5.8951,5.8951,5.8951,5.8951,5.8951,5.8951,5.8951,5.8951,5.8951,5.8951,5.8951,5.8951,5.8951,5.8951,5.8951,5.8951,5.8951,5.8951,5.8951,5.8951,5.8951,5.8951,5.8951,5.8951,5.8951,5.8951,5.8951,5.8951,5.8951,5.8951,5.8951,5.8951,5.8951,5.8951,5.8951,5.8951,5.8951,5.8951,5.8951,5.8951,5.8951,5.8951,5.8951,5.8951,5.8951,5.8951,5.8951,5.8951,5.8951,5.8951,5.8951,5.8951,5.8951,5.8951,5.8951,5.8951,5.8951,5.8951,5.8951,5.8951,5.8951,5.8951,5.8951,5.8951,5.8951,5.8951,5.8951,5.8951,5.8951,5.8951,5.8951,5.8951,5.8951,5.8951,5.8951,5.8951,5.8951,5.8951,5.8951,5.8951,5.8951,5.8951,5.8951,5.8951,5.8951,5.8951,5.8951,5.8951,5.8951,5.8951,5.8951,5.8951,5.8951,5.8951,5.8951,5.8951,5.8951,5.8951,5.8951,5.8951,5.8951,5.8951,5.8951,5.8951,5.8951,5.8951,5.8951,5.8951,5.8951,5.8951,5.8951,5.8951,5.8951,5.8951,5.8951,5.8951,5.8951,5.8951,5.8951,5.8951,5.8951,5.8951,5.8951,5.8951,5.8951,5.8951,5.8951,5.8951,5.8951,5.8951,5.8951,5.8951,5.8951,5.8951,5.8951,5.8951,5.8951,5.8951,5.8951,5.8951,5.8951,5.8951,5.8951,5.8951,5.8951,5.8951,5.8951,5.8951,5.8951,5.8951,5.8951,5.8951,5.8951,5.8951,5.8951,5.8951,5.8951,5.8951,5.8951,5.8951,5.8951,5.8951,5.8951,5.8951,5.8951,5.8951,5.8951,5.8951,5.8951,5.8951,5.8951,5.8951,5.8951,5.8951,5.8951,5.8951,5.8951,5.8951,5.8951,5.8951,5.8951,5.8951,5.8951,5.8951,5.8951,5.8951,5.8951,5.8951,5.8951,5.8951,5.8951,5.8951,5.8951,5.8951,5.8951,5.8951,5.8951,5.8951,5.8951,5.8951,5.8951,5.8951,5.8951,5.8951,5.8951,5.8951,5.8951,5.8951,5.8951,5.8951,5.8951,5.8951,5.8951,5.8951,5.8951,5.8951,5.8951,5.8951,5.8951,5.8951,5.8951,5.8951,5.8951,5.8951,5.8951,5.8951,5.8951,5.8951,5.8951,5.8951,5.8951,5.8951,5.8951,5.8951,5.8951,5.8951,5.8951,5.8951,5.8951,5.8951,5.8951,5.8951,5.8951,5.8951,5.8951,5.8951,5.8951,5.8951,5.8951,5.8951,5.8951,5.8951,5.8951,5.8951,5.8951,5.8951,5.8951,5.8951,5.8951,5.8951,5.8951,5.8951,5.8951,5.8951,5.8951,5.8951,5.8951,5.8951,5.8951,5.8951,5.8951,5.8951,5.8951,5.8951,5.8951,5.8951,5.8951,5.8951,5.8951,5.8951,5.8951,5.8951,5.8951,5.8951,5.8951,5.8951,5.8951,5.8951,5.8951,5.8951,5.8951,5.8951,5.8951,5.8951,5.8951,5.8951,5.8951,5.8951,5.8951,5.8951,5.8951,5.8951,5.8951,5.8951,5.8951,5.8951,5.8951,5.8951,5.8951,5.8951,5.8951,5.8951,5.8951,5.8951,5.8951,5.8951,5.8951,5.8951,5.8951,5.8951,5.8951,5.8951,5.8951,5.8951,5.8951,5.8951,5.8951,5.8951,5.8951,5.8951,5.8951,5.8951,5.8951,5.8951,5.8951,5.8951,5.8951,5.8951,5.8951,5.8951,5.8951,5.8951,5.8951,5.8951,5.8951,5.8951,5.8951,5.8951,5.8951,5.8951,5.8951,5.8951,5.8951,5.8951,5.8951,5.8951,5.8951,5.8951,5.8951,5.8951,5.8951,5.8951,5.8951,5.8951,5.8951,5.8951,5.8951,5.8951,5.8951,5.8951,5.8951,5.8951,5.8951,5.8951,5.8951,5.8951,5.8951,5.8951,5.8951,5.8951,5.8951,5.8951,5.8951,5.8951,5.8951,5.8951,5.8951,5.8951,5.8951,5.8951,5.8951,5.8951,5.8951,5.8951,5.8951,5.8951,5.8951,5.8951,5.8951,5.8951,5.8951,5.8951,5.8951,5.8951,5.8951,5.8951,5.8951,5.8951,5.8951,5.8951,5.8951,5.8951,5.8951,5.8951,5.8951,5.8951,5.8951,5.8951,5.8951,5.8951,5.8951,5.8951,5.8951,5.8951,5.8951,5.8951,5.8951,5.8951,5.8951,5.8951,5.8951,5.8951,5.8951,5.8951,5.8951,5.8951,5.8951,5.8951,5.8951,5.8951,5.8951,5.8951,5.8951,5.8951,5.8951,5.8951,5.8951,5.8951,5.8951,5.8951,5.8951,5.8951,5.8951,5.8951,5.8951,5.8951,5.8951,5.8951,5.8951,5.8951,5.8951,5.8951,5.8951,5.8951,5.8951,5.8951,5.8951,5.8951,5.8951,5.8951,5.8951,5.8951,5.8951,5.8951,5.8951,5.8951,5.8951,5.8951,5.8951,5.8951,5.8951,5.8951,5.8951,5.8951,5.8951,5.8951,5.8951,5.8951,5.8951,5.8951,5.8951,5.8951,5.8951,5.8951,5.8951,5.8951,5.8951,5.8951,5.8951,5.8951,5.8951,5.8951,5.8951,5.8951,5.8951,5.8951,5.8951,5.8951,5.8951,5.8951,5.8951,5.8951,5.8951,5.8951,5.8951,5.8951,5.8951,5.8951,5.8951,5.8951,5.8951,5.8951,5.8951,5.8951,5.8951,5.8951,5.8951,5.8951,5.8951,5.8951,5.8951,5.8951,5.8951,5.8951,5.8951,5.8951,5.8951,5.8951,5.8951,5.8951,5.8951,5.8951,5.8951,5.8951,5.8951,5.8951,5.8951,5.8951,5.8951,5.8951,5.8951,5.8951,5.8951,5.8951,5.8951,5.8951,5.8951,5.8951,5.8951,5.8951,5.8951,5.8951,5.8951,5.8951,5.8951,5.8951,5.8951,5.8951,5.8951,5.8951,5.8951,5.8951,5.8951,5.8951,5.8951,5.8951,5.8951,5.8951,5.8951,5.8951,5.8951,5.8951,5.8951,5.8951,5.8951,5.8951,5.8951,5.8951,5.8951,5.8951,5.8951,5.8951,5.8951,5.8951,5.8951,5.8951,5.8951,5.8951,5.8951,5.8951,5.8951,5.8951,5.8951,5.8951,5.8951,5.8951,5.8951,5.8951,5.8951,5.8951,5.8951,5.8951,5.8951,5.8951,5.8951,5.8951,5.8951,5.8951,5.8951,5.8951,5.8951,5.8951,5.8951,5.8951,5.8951,5.8951,5.8951,5.8951,5.8951,5.8951,5.8951,5.8951,5.8951,5.8951,5.8951,5.8951,5.8951,5.8951,5.8951,5.8951,5.8951,5.8951,5.8951,5.8951,5.8951,5.8951,5.8951,5.8951,5.8951,5.8951,5.8951,5.8951,5.8951,5.8951,5.8951,5.8951,5.8951,5.8951,5.8951,5.8951,5.8951,5.8951,5.8951,5.8951,5.8951,5.8951,5.8951,5.8951,5.8951,5.8951,5.8951,5.8951,5.8951,5.8951,5.8951,5.8951,5.8951,5.8951,5.8951,5.8951,5.8951,5.8951,5.8951,5.8951,5.8951,5.8951,5.8951,5.8951,5.8951,5.8951,5.8951,5.8951,5.8951,5.8951,5.8951,5.8951,5.8951,5.8951,5.8951,5.8951,5.8951,5.8951,5.8951,5.8951,5.8951,5.8951,5.8951,5.8951,5.8951,5.8951,5.8951,5.8951,5.8951,5.8951,5.8951,5.8951,5.8951,5.8951,5.8951,5.8951,5.8951,5.8951,5.8951,5.8951,5.8951,5.8951,5.8951,5.8951,5.8951,5.8951,5.8951,5.8951,5.8951,5.8951,5.8951,5.8951,5.8951,5.8951,5.8951,5.8951,5.8951,5.8951,5.8951,5.8951,5.8951,5.8951,5.8951,5.8951,5.8951,5.8951,5.8951,5.8951,5.8951,5.8951,5.8951,5.8951,5.8951,5.8951,5.8951,5.8951,5.8951,5.8951,5.8951,5.8951,5.8951,5.8951,5.8951,5.8951,5.8951,5.8951,5.8951,5.8951,5.8951,5.8951,5.8951,5.8951,5.8951,5.8951,5.8951,5.8951,5.8951,5.8951,5.8951,5.8951,5.8951,5.8951,5.8951,5.8951,5.8951,5.8951,5.8951,5.8951,5.8951,5.8951,5.8951,5.8951,5.8951,5.8951,5.8951,5.8951,5.8951,5.8951,5.8951,5.8951,5.8951,5.8951,5.8951,5.8951,5.8951,5.8951,5.8951,5.8951,5.8951,5.8951,5.8951,5.8951,5.8951,5.8951,5.8951,5.8951,5.8951,5.8951,5.8951,5.8951,5.8951,5.8951,5.8951,5.8951,5.8951,5.8951,5.8951,5.8951,5.8951,5.8951,5.8951,5.8951,5.8951,5.8951,5.8951,5.8951,5.8951,5.8951,5.8951,5.8951,5.8951,5.8951,5.8951,5.8951,5.8951,5.8951,5.8951,5.8951,5.8951,5.8951,5.8951,5.8951,5.8951,5.8951,5.8951,5.8951,5.8951,5.8951,5.8951,5.8951,5.8951,5.8951,5.8951,5.8951,5.8951,5.8951,5.8951,5.8951,5.8951,5.8951,5.8951,5.8951,5.8951,5.8951,5.8951,5.8951,5.8951,5.8951,5.8951,5.8951,5.8951,5.8951,5.8951,5.8951,5.8951,5.8951,5.8951,5.8951,5.8951,5.8951,5.8951,5.8951,5.8951,5.8951,5.8951,5.8951,5.8951,5.8951,5.8951,5.8951,5.8951,5.8951,5.8951,5.8951,5.8951,5.8951,5.8951
5.8912,5.8912,5.8912,5.8912,5.8912,5.8912,5.8912,5.8912,5.8912,5.8912,5.8912,5.8912,5.8912,5.8912,5.8912,5.8912,5.8912,5.8912,5.8912,5.8912,5.8912,5.8912,5.8912,5.8912,5.8912,5.8912,5.8912,5.8912,5.8912,5.8912,5.8912,5.8912,5.8912,5.8912,5.8912,5.8912,5.8912,5.8912,5.8912,5.8912,5.8912,5.8912,5.8912,5.8912,5.8912,5.8912,5.8912,5.8912,5.8912,5.8912,5.8912,5.8912,5.8912,5.8912,5.8912,5.8912,5.8912,5.8912,5.8912,5.8912,5.8912,5.8912,5.8912,5.8912,5.8912,5.8912,5.8912,5.8912,5.8912,5.8912,5.8912,5.8912,5.8912,5.8912,5.8912,5.8912,5.8912,5.8912,5.8912,5.8912,5.8912,5.8912,5.8912,5.8912,5.8912,5.8912,5.8912,5.8912,5.8912,5.8912,5.8912,5.8912,5.8912,5.8912,5.8912,5.8912,5.8912,5.8912,5.8912,5.8912,5.8912,5.8912,5.8912,5.8912,5.8912,5.8912,5.8912,5.8912,5.8912,5.8912,5.8912,5.8912,5.8912,5.8912,5.8912,5.8912,5.8912,5.8912,5.8912,5.8912,5.8912,5.8912,5.8912,5.8912,5.8912,5.8912,5.8912,5.8912,5.8912,5.8912,5.8912,5.8912,5.8912,5.8912,5.8912,5.8912,5.8912,5.8912,5.8912,5.8912,5.8912,5.8912,5.8912,5.8912,5.8912,5.8912,5.8912,5.8912,5.8912,5.8912,5.8912,5.8912,5.8912,5.8912,5.8912,5.8912,5.8912,5.8912,5.8912,5.8912,5.8912,5.8912,5.8912,5.8912,5.8912,5.8912,5.8912,5.8912,5.8912,5.8912,5.8912,5.8912,5.8912,5.8912,5.8912,5.8912,5.8912,5.8912,5.8912,5.8912,5.8912,5.8912,5.8912,5.8912,5.8912,5.8912,5.8912,5.8912,5.8912,5.8912,5.8912,5.8912,5.8912,5.8912,5.8912,5.8912,5.8912,5.8912,5.8912,5.8912,5.8912,5.8912,5.8912,5.8912,5.8912,5.8912,5.8912,5.8912,5.8912,5.8912,5.8912,5.8912,5.8912,5.8912,5.8912,5.8912,5.8912,5.8912,5.8912,5.8912,5.8912,5.8912,5.8912,5.8912,5.8912,5.8912,5.8912,5.8912,5.8912,5.8912,5.8912,5.8912,5.8912,5.8912,5.8912,5.8912,5.8912,5.8912,5.8912,5.8912,5.8912,5.8912,5.8912,5.8912,5.8912,5.8912,5.8912,5.8912,5.8912,5.8912,5.8912,5.8912,5.8912,5.8912,5.8912,5.8912,5.8912,5.8912,5.8912,5.8912,5.8912,5.8912,5.8912,5.8912,5.8912,5.8912,5.8912,5.8912,5.8912,5.8912,5.8912,5.8912,5.8912,5.8912,5.8912,5.8912,5.8912,5.8912,5.8912,5.8912,5.8912,5.8912,5.8912,5.8912,5.8912,5.8912,5.8912,5.8912,5.8912,5.8912,5.8912,5.8912,5.8912,5.8912,5.8912,5.8912,5.8912,5.8912,5.8912,5.8912,5.8912,5.8912,5.8912,5.8912,5.8912,5.8912,5.8912,5.8912,5.8912,5.8912,5.8912,5.8912,5.8912,5.8912,5.8912,5.8912,5.8912,5.8912,5.8912,5.8912,5.8912,5.8912,5.8912,5.8912,5.8912,5.8912,5.8912,5.8912,5.8912,5.8912,5.8912,5.8912,5.8912,5.8912,5.8912,5.8912,5.8912,5.8912,5.8912,5.8912,5.8912,5.8912,5.8912,5.8912,5.8912,5.8912,5.8912,5.8912,5.8912,5.8912,5.8912,5.8912,5.8912,5.8912,5.8912,5.8912,5.8912,5.8912,5.8912,5.8912,5.8912,5.8912,5.8912,5.8912,5.8912,5.8912,5.8912,5.8912,5.8912,5.8912,5.8912,5.8912,5.8912,5.8912,5.8912,5.8912,5.8912,5.8912,5.8912,5.8912,5.8912,5.8912,5.8912,5.8912,5.8912,5.8912,5.8912,5.8912,5.8912,5.8912,5.8912,5.8912,5.8912,5.8912,5.8912,5.8912,5.8912,5.8912,5.8912,5.8912,5.8912,5.8912,5.8912,5.8912,5.8912,5.8912,5.8912,5.8912,5.8912,5.8912,5.8912,5.8912,5.8912,5.8912,5.8912,5.8912,5.8912,5.8912,5.8912,5.8912,5.8912,5.8912,5.8912,5.8912,5.8912,5.8912,5.8912,5.8912,5.8912,5.8912,5.8912,5.8912,5.8912,5.8912,5.8912,5.8912,5.8912,5.8912,5.8912,5.8912,5.8912,5.8912,5.8912,5.8912,5.8912,5.8912,5.8912,5.8912,5.8912,5.8912,5.8912,5.8912,5.8912,5.8912,5.8912,5.8912,5.8912,5.8912,5.8912,5.8912,5.8912,5.8912,5.8912,5.8912,5.8912,5.8912,5.8912,5.8912,5.8912,5.8912,5.8912,5.8912,5.8912,5.8912,5.8912,5.8912,5.8912,5.8912,5.8912,5.8912,5.8912,5.8912,5.8912,5.8912,5.8912,5.8912,5.8912,5.8912,5.8912,5.8912,5.8912,5.8912,5.8912,5.8912,5.8912,5.8912,5.8912,5.8912,5.8912,5.8912,5.8912,5.8912,5.8912,5.8912,5.8912,5.8912,5.8912,5.8912,5.8912,5.8912,5.8912,5.8912,5.8912,5.8912,5.8912,5.8912,5.8912,5.8912,5.8912,5.8912,5.8912,5.8912,5.8912,5.8912,5.8912,5.8912,5.8912,5.8912,5.8912,5.8912,5.8912,5.8912,5.8912,5.8912,5.8912,5.8912,5.8912,5.8912,5.8912,5.8912,5.8912,5.8912,5.8912,5.8912,5.8912,5.8912,5.8912,5.8912,5.8912,5.8912,5.8912,5.8912,5.8912,5.8912,5.8912,5.8912,5.8912,5.8912,5.8912,5.8912,5.8912,5.8912,5.8912,5.8912,5.8912,5.8912,5.8912,5.8912,5.8912,5.8912,5.8912,5.8912,5.8912,5.8912,5.8912,5.8912,5.8912,5.8912,5.8912,5.8912,5.8912,5.8912,5.8912,5.8912,5.8912,5.8912,5.8912,5.8912,5.8912,5.8912,5.8912,5.8912,5.8912,5.8912,5.8912,5.8912,5.8912,5.8912,5.8912,5.8912,5.8912,5.8912,5.8912,5.8912,5.8912,5.8912,5.8912,5.8912,5.8912,5.8912,5.8912,5.8912,5.8912,5.8912,5.8912,5.8912,5.8912,5.8912,5.8912,5.8912,5.8912,5.8912,5.8912,5.8912,5.8912,5.8912,5.8912,5.8912,5.8912,5.8912,5.8912,5.8912,5.8912,5.8912,5.8912,5.8912,5.8912,5.8912,5.8912,5.8912,5.8912,5.8912,5.8912,5.8912,5.8912,5.8912,5.8912,5.8912,5.8912,5.8912,5.8912,5.8912,5.8912,5.8912,5.8912,5.8912,5.8912,5.8912,5.8912,5.8912,5.8912,5.8912,5.8912,5.8912,5.8912,5.8912,5.8912,5.8912,5.8912,5.8912,5.8912,5.8912,5.8912,5.8912,5.8912,5.8912,5.8912,5.8912,5.8912,5.8912,5.8912,5.8912,5.8912,5.8912,5.8912,5.8912,5.8912,5.8912,5.8912,5.8912,5.8912,5.8912,5.8912,5.8912,5.8912,5.8912,5.8912,5.8912,5.8912,5.8912,5.8912,5.8912,5.8912,5.8912,5.8912,5.8912,5.8912,5.8912,5.8912,5.8912,5.8912,5.8912,5.8912,5.8912,5.8912,5.8912,5.8912,5.8912,5.8912,5.8912,5.8912,5.8912,5.8912,5.8912,5.8912,5.8912,5.8912,5.8912,5.8912,5.8912,5.8912,5.8912,5.8912,5.8912,5.8912,5.8912,5.8912,5.8912,5.8912,5.8912,5.8912,5.8912,5.8912,5.8912,5.8912,5.8912,5.8912,5.8912,5.8912,5.8912,5.8912,5.8912,5.8912,5.8912,5.8912,5.8912,5.8912,5.8912,5.8912,5.8912,5.8912,5.8912,5.8912,5.8912,5.8912,5.8912,5.8912,5.8912,5.8912,5.8912,5.8912,5.8912,5.8912,5.8912,5.8912,5.8912,5.8912,5.8912,5.8912,5.8912,5.8912,5.8912,5.8912,5.8912,5.8912,5.8912,5.8912,5.8912,5.8912,5.8912,5.8912,5.8912,5.8912,5.8912,5.8912,5.8912,5.8912,5.8912,5.8912,5.8912,5.8912,5.8912,5.8912,5.8912,5.8912,5.8912,5.8912,5.8912,5.8912,5.8912,5.8912,5.8912,5.8912,5.8912,5.8912,5.8912,5.8912,5.8912,5.8912,5.8912,5.8912,5.8912,5.8912,5.8912,5.8912,5.8912,5.8912,5.8912,5.8912,5.8912,5.8912,5.8912,5.8912,5.8912,5.8912,5.8912,5.8912,5.8912,5.8912,5.8912,5.8912,5.8912,5.8912,5.8912,5.8912,5.8912,5.8912,5.8912,5.8912,5.8912,5.8912,5.8912,5.8912,5.8912,5.8912,5.8912,5.8912,5.8912,5.8912,5.8912,5.8912,5.8912,5.8912,5.8912,5.8912,5.8912,5.8912,5.8912,5.8912,5.8912,5.8912,5.8912,5.8912,5.8912,5.8912,5.8912,5.8912,5.8912,5.8912,5.8912,5.8912,5.8912,5.8912,5.8912,5.8912,5.8912,5.8912,5.8912,5.8912,5.8912,5.8912,5.8912,5.8912,5.8912,5.8912,5.8912,5.8912,5.8912,5.8912,5.8912,5.8912,5.8912,5.8912,5.8912,5.8912,5.8912,5.8912,5.8912,5.8912,5.8912,5.8912,5.8912,5.8912,5.8912,5.8912,5.8912,5.8912,5.8912,5.8912,5.8912,5.8912,5.8912,5.8912,5.8912,5.8912,5.8912,5.8912,5.8912,5.8912,5.8912,5.8912,5.8912,5.8912,5.8912,5.8912,5.8912,5.8912,5.8912,5.8912,5.8912,5.8912,5.8912,5.8912,5.8912,5.8912,5.8912,5.8912,5.8912,5.8912,5.8912,5.8912,5.8912,5.8912,5.8912,5.8912,5.8912,5.8912,5.8912,5.8912,5.8912
5.8873,5.8873,5.8873,5.8873,5.8873,5.8873,5.8873,5.8873,5.8873,5.8873,5.8873,5.8873,5.8873,5.8873,5.8873,5.8873,5.8873,5.8873,5.8873,5.8873,5.8873,5.8873,5.8873,5.8873,5.8873,5.8873,5.8873,5.8873,5.8873,5.8873,5.8873,5.8873,5.8873,5.8873,5.8873,5.8873,5.8873,5.8873,5.8873,5.8873,5.8873,5.8873,5.8873,5.8873,5.8873,5.8873,5.8873,5.8873,5.8873,5.8873,5.8873,5.8873,5.8873,5.8873,5.8873,5.8873,5.8873,5.8873,5.8873,5.8873,5.8873,5.8873,5.8873,5.8873,5.8873,5.8873,5.8873,5.8873,5.8873,5.8873,5.8873,5.8873,5.8873,5.8873,5.8873,5.8873,5.8873,5.8873,5.8873,5.8873,5.8873,5.8873,5.8873,5.8873,5.8873,5.8873,5.8873,5.8873,5.8873,5.8873,5.8873,5.8873,5.8873,5.8873,5.8873,5.8873,5.8873,5.8873,5.8873,5.8873,5.8873,5.8873,5.8873,5.8873,5.8873,5.8873,5.8873,5.8873,5.8873,5.8873,5.8873,5.8873,5.8873,5.8873,5.8873,5.8873,5.8873,5.8873,5.8873,5.8873,5.8873,5.8873,5.8873,5.8873,5.8873,5.8873,5.8873,5.8873,5.8873,5.8873,5.8873,5.8873,5.8873,5.8873,5.8873,5.8873,5.8873,5.8873,5.8873,5.8873,5.8873,5.8873,5.8873,5.8873,5.8873,5.8873,5.8873,5.8873,5.8873,5.8873,5.8873,5.8873,5.8873,5.8873,5.8873,5.8873,5.8873,5.8873,5.8873,5.8873,5.8873,5.8873,5.8873,5.8873,5.8873,5.8873,5.8873,5.8873,5.8873,5.8873,5.8873,5.8873,5.8873,5.8873,5.8873,5.8873,5.8873,5.8873,5.8873,5.8873,5.8873,5.8873,5.8873,5.8873,5.8873,5.8873,5.8873,5.8873,5.8873,5.8873,5.8873,5.8873,5.8873,5.8873,5.8873,5.8873,5.8873,5.8873,5.8873,5.8873,5.8873,5.8873,5.8873,5.8873,5.8873,5.8873,5.8873,5.8873,5.8873,5.8873,5.8873,5.8873,5.8873,5.8873,5.8873,5.8873,5.8873,5.8873,5.8873,5.8873,5.8873,5.8873,5.8873,5.8873,5.8873,5.8873,5.8873,5.8873,5.8873,5.8873,5.8873,5.8873,5.8873,5.8873,5.8873,5.8873,5.8873,5.8873,5.8873,5.8873,5.8873,5.8873,5.8873,5.8873,5.8873,5.8873,5.8873,5.8873,5.8873,5.8873,5.8873,5.8873,5.8873,5.8873,5.8873,5.8873,5.8873,5.8873,5.8873,5.8873,5.8873,5.8873,5.8873,5.8873,5.8873,5.8873,5.8873,5.8873,5.8873,5.8873,5.8873,5.8873,5.8873,5.8873,5.8873,5.8873,5.8873,5.8873,5.8873,5.8873,5.8873,5.8873,5.8873,5.8873,5.8873,5.8873,5.8873,5.8873,5.8873,5.8873,5.8873,5.8873,5.8873,5.8873,5.8873,5.8873,5.8873,5.8873,5.8873,5.8873,5.8873,5.8873,5.8873,5.8873,5.8873,5.8873,5.8873,5.8873,5.8873,5.8873,5.8873,5.8873,5.8873,5.8873,5.8873,5.8873,5.8873,5.8873,5.8873,5.8873,5.8873,5.8873,5.8873,5.8873,5.8873,5.8873,5.8873,5.8873,5.8873,5.8873,5.8873,5.8873,5.8873,5.8873,5.8873,5.8873,5.8873,5.8873,5.8873,5.8873,5.8873,5.8873,5.8873,5.8873,5.8873,5.8873,5.8873,5.8873,5.8873,5.8873,5.8873,5.8873,5.8873,5.8873,5.8873,5.8873,5.8873,5.8873,5.8873,5.8873,5.8873,5.8873,5.8873,5.8873,5.8873,5.8873,5.8873,5.8873,5.8873,5.8873,5.8873,5.8873,5.8873,5.8873,5.8873,5.8873,5.8873,5.8873,5.8873,5.8873,5.8873,5.8873,5.8873,5.8873,5.8873,5.8873,5.8873,5.8873,5.8873,5.8873,5.8873,5.8873,5.8873,5.8873,5.8873,5.8873,5.8873,5.8873,5.8873,5.8873,5.8873,5.8873,5.8873,5.8873,5.8873,5.8873,5.8873,5.8873,5.8873,5.8873,5.8873,5.8873,5.8873,5.8873,5.8873,5.8873,5.8873,5.8873,5.8873,5.8873,5.8873,5.8873,5.8873,5.8873,5.8873,5.8873,5.8873,5.8873,5.8873,5.8873,5.8873,5.8873,5.8873,5.8873,5.8873,5.8873,5.8873,5.8873,5.8873,5.8873,5.8873,5.8873,5.8873,5.8873,5.8873,5.8873,5.8873,5.8873,5.8873,5.8873,5.8873,5.8873,5.8873,5.8873,5.8873,5.8873,5.8873,5.8873,5.8873,5.8873,5.8873,5.8873,5.8873,5.8873,5.8873,5.8873,5.8873,5.8873,5.8873,5.8873,5.8873,5.8873,5.8873,5.8873,5.8873,5.8873,5.8873,5.8873,5.8873,5.8873,5.8873,5.8873,5.8873,5.8873,5.8873,5.8873,5.8873,5.8873,5.8873,5.8873,5.8873,5.8873,5.8873,5.8873,5.8873,5.8873,5.8873,5.8873,5.8873,5.8873,5.8873,5.8873,5.8873,5.8873,5.8873,5.8873,5.8873,5.8873,5.8873,5.8873,5.8873,5.8873,5.8873,5.8873,5.8873,5.8873,5.8873,5.8873,5.8873,5.8873,5.8873,5.8873,5.8873,5.8873,5.8873,5.8873,5.8873,5.8873,5.8873,5.8873,5.8873,5.8873,5.8873,5.8873,5.8873,5.8873,5.8873,5.8873,5.8873,5.8873,5.8873,5.8873,5.8873,5.8873,5.8873,5.8873,5.8873,5.8873,5.8873,5.8873,5.8873,5.8873,5.8873,5.8873,5.8873,5.8873,5.8873,5.8873,5.8873,5.8873,5.8873,5.8873,5.8873,5.8873,5.8873,5.8873,5.8873,5.8873,5.8873,5.8873,5.8873,5.8873,5.8873,5.8873,5.8873,5.8873,5.8873,5.8873,5.8873,5.8873,5.8873,5.8873,5.8873,5.8873,5.8873,5.8873,5.8873,5.8873,5.8873,5.8873,5.8873,5.8873,5.8873,5.8873,5.8873,5.8873,5.8873,5.8873,5.8873,5.8873,5.8873,5.8873,5.8873,5.8873,5.8873,5.8873,5.8873,5.8873,5.8873,5.8873,5.8873,5.8873,5.8873,5.8873,5.8873,5.8873,5.8873,5.8873,5.8873,5.8873,5.8873,5.8873,5.8873,5.8873,5.8873,5.8873,5.8873,5.8873,5.8873,5.8873,5.8873,5.8873,5.8873,5.8873,5.8873,5.8873,5.8873,5.8873,5.8873,5.8873,5.8873,5.8873,5.8873,5.8873,5.8873,5.8873,5.8873,5.8873,5.8873,5.8873,5.8873,5.8873,5.8873,5.8873,5.8873,5.8873,5.8873,5.8873,5.8873,5.8873,5.8873,5.8873,5.8873,5.8873,5.8873,5.8873,5.8873,5.8873,5.8873,5.8873,5.8873,5.8873,5.8873,5.8873,5.8873,5.8873,5.8873,5.8873,5.8873,5.8873,5.8873,5.8873,5.8873,5.8873,5.8873,5.8873,5.8873,5.8873,5.8873,5.8873,5.8873,5.8873,5.8873,5.8873,5.8873,5.8873,5.8873,5.8873,5.8873,5.8873,5.8873,5.8873,5.8873,5.8873,5.8873,5.8873,5.8873,5.8873,5.8873,5.8873,5.8873,5.8873,5.8873,5.8873,5.8873,5.8873,5.8873,5.8873,5.8873,5.8873,5.8873,5.8873,5.8873,5.8873,5.8873,5.8873,5.8873,5.8873,5.8873,5.8873,5.8873,5.8873,5.8873,5.8873,5.8873,5.8873,5.8873,5.8873,5.8873,5.8873,5.8873,5.8873,5.8873,5.8873,5.8873,5.8873,5.8873,5.8873,5.8873,5.8873,5.8873,5.8873,5.8873,5.8873,5.8873,5.8873,5.8873,5.8873,5.8873,5.8873,5.8873,5.8873,5.8873,5.8873,5.8873,5.8873,5.8873,5.8873,5.8873,5.8873,5.8873,5.8873,5.8873,5.8873,5.8873,5.8873,5.8873,5.8873,5.8873,5.8873,5.8873,5.8873,5.8873,5.8873,5.8873,5.8873,5.8873,5.8873,5.8873,5.8873,5.8873,5.8873,5.8873,5.8873,5.8873,5.8873,5.8873,5.8873,5.8873,5.8873,5.8873,5.8873,5.8873,5.8873,5.8873,5.8873,5.8873,5.8873,5.8873,5.8873,5.8873,5.8873,5.8873,5.8873,5.8873,5.8873,5.8873,5.8873,5.8873,5.8873,5.8873,5.8873,5.8873,5.8873,5.8873,5.8873,5.8873,5.8873,5.8873,5.8873,5.8873,5.8873,5.8873,5.8873,5.8873,5.8873,5.8873,5.8873,5.8873,5.8873,5.8873,5.8873,5.8873,5.8873,5.8873,5.8873,5.8873,5.8873,5.8873,5.8873,5.8873,5.8873,5.8873,5.8873,5.8873,5.8873,5.8873,5.8873,5.8873,5.8873,5.8873,5.8873,5.8873,5.8873,5.8873,5.8873,5.8873,5.8873,5.8873,5.8873,5.8873,5.8873,5.8873,5.8873,5.8873,5.8873,5.8873,5.8873,5.8873,5.8873,5.8873,5.8873,5.8873,5.8873,5.8873,5.8873,5.8873,5.8873,5.8873,5.8873,5.8873,5.8873,5.8873,5.8873,5.8873,5.8873,5.8873,5.8873,5.8873,5.8873,5.8873,5.8873,5.8873,5.8873,5.8873,5.8873,5.8873,5.8873,5.8873,5.8873,5.8873,5.8873,5.8873,5.8873,5.8873,5.8873,5.8873,5.8873,5.8873,5.8873,5.8873,5.8873,5.8873,5.8873,5.8873,5.8873,5.8873,5.8873,5.8873,5.8873,5.8873,5.8873,5.8873,5.8873,5.8873,5.8873,5.8873,5.8873,5.8873,5.8873,5.8873,5.8873,5.8873,5.8873,5.8873,5.8873,5.8873,5.8873,5.8873,5.8873,5.8873,5.8873,5.8873,5.8873,5.8873,5.8873,5.8873,5.8873,5.8873,5.8873
5.8833,5.8833,5.8833,5.8833,5.8833,5.8833,5.8833,5.8833,5.8833,5.8833,5.8833,5.8833,5.8833,5.8833,5.8833,5.8833,5.8833,5.8833,5.8833,5.8833,5.8833,5.8833,5.8833,5.8833,5.8833,5.8833,5.8833,5.8833,5.8833,5.8833,5.8833,5.8833,5.8833,5.8833,5.8833,5.8833,5.8833,5.8833,5.8833,5.8833,5.8833,5.8833,5.8833,5.8833,5.8833,5.8833,5.8833,5.8833,5.8833,5.8833,5.8833,5.8833,5.8833,5.8833,5.8833,5.8833,5.8833,5.8833,5.8833,5.8833,5.8833,5.8833,5.8833,5.8833,5.8833,5.8833,5.8833,5.8833,5.8833,5.8833,5.8833,5.8833,5.8833,5.8833,5.8833,5.8833,5.8833,5.8833,5.8833,5.8833,5.8833,5.8833,5.8833,5.8833,5.8833,5.8833,5.8833,5.8833,5.8833,5.8833,5.8833,5.8833,5.8833,5.8833,5.8833,5.8833,5.8833,5.8833,5.8833,5.8833,5.8833,5.8833,5.8833,5.8833,5.8833,5.8833,5.8833,5.8833,5.8833,5.8833,5.8833,5.8833,5.8833,5.8833,5.8833,5.8833,5.8833,5.8833,5.8833,5.8833,5.8833,5.8833,5.8833,5.8833,5.8833,5.8833,5.8833,5.8833,5.8833,5.8833,5.8833,5.8833,5.8833,5.8833,5.8833,5.8833,5.8833,5.8833,5.8833,5.8833,5.8833,5.8833,5.8833,5.8833,5.8833,5.8833,5.8833,5.8833,5.8833,5.8833,5.8833,5.8833,5.8833,5.8833,5.8833,5.8833,5.8833,5.8833,5.8833,5.8833,5.8833,5.8833,5.8833,5.8833,5.8833,5.8833,5.8833,5.8833,5.8833,5.8833,5.8833,5.8833,5.8833,5.8833,5.8833,5.8833,5.8833,5.8833,5.8833,5.8833,5.8833,5.8833,5.8833,5.8833,5.8833,5.8833,5.8833,5.8833,5.8833,5.8833,5.8833,5.8833,5.8833,5.8833,5.8833,5.8833,5.8833,5.8833,5.8833,5.8833,5.8833,5.8833,5.8833,5.8833,5.8833,5.8833,5.8833,5.8833,5.8833,5.8833,5.8833,5.8833,5.8833,5.8833,5.8833,5.8833,5.8833,5.8833,5.8833,5.8833,5.8833,5.8833,5.8833,5.8833,5.8833,5.8833,5.8833,5.8833,5.8833,5.8833,5.8833,5.8833,5.8833,5.8833,5.8833,5.8833,5.8833,5.8833,5.8833,5.8833,5.8833,5.8833,5.8833,5.8833,5.8833,5.8833,5.8833,5.8833,5.8833,5.8833,5.8833,5.8833,5.8833,5.8833,5.8833,5.8833,5.8833,5.8833,5.8833,5.8833,5.8833,5.8833,5.8833,5.8833,5.8833,5.8833,5.8833,5.8833,5.8833,5.8833,5.8833,5.8833,5.8833,5.8833,5.8833,5.8833,5.8833,5.8833,5.8833,5.8833,5.8833,5.8833,5.8833,5.8833,5.8833,5.8833,5.8833,5.8833,5.8833,5.8833,5.8833,5.8833,5.8833,5.8833,5.8833,5.8833,5.8833,5.8833,5.8833,5.8833,5.8833,5.8833,5.8833,5.8833,5.8833,5.8833,5.8833,5.8833,5.8833,5.8833,5.8833,5.8833,5.8833,5.8833,5.8833,5.8833,5.8833,5.8833,5.8833,5.8833,5.8833,5.8833,5.8833,5.8833,5.8833,5.8833,5.8833,5.8833,5.8833,5.8833,5.8833,5.8833,5.8833,5.8833,5.8833,5.8833,5.8833,5.8833,5.8833,5.8833,5.8833,5.8833,5.8833,5.8833,5.8833,5.8833,5.8833,5.8833,5.8833,5.8833,5.8833,5.8833,5.8833,5.8833,5.8833,5.8833,5.8833,5.8833,5.8833,5.8833,5.8833,5.8833,5.8833,5.8833,5.8833,5.8833,5.8833,5.8833,5.8833,5.8833,5.8833,5.8833,5.8833,5.8833,5.8833,5.8833,5.8833,5.8833,5.8833,5.8833,5.8833,5.8833,5.8833,5.8833,5.8833,5.8833,5.8833,5.8833,5.8833,5.8833,5.8833,5.8833,5.8833,5.8833,5.8833,5.8833,5.8833,5.8833,5.8833,5.8833,5.8833,5.8833,5.8833,5.8833,5.8833,5.8833,5.8833,5.8833,5.8833,5.8833,5.8833,5.8833,5.8833,5.8833,5.8833,5.8833,5.8833,5.8833,5.8833,5.8833,5.8833,5.8833,5.8833,5.8833,5.8833,5.8833,5.8833,5.8833,5.8833,5.8833,5.8833,5.8833,5.8833,5.8833,5.8833,5.8833,5.8833,5.8833,5.8833,5.8833,5.8833,5.8833,5.8833,5.8833,5.8833,5.8833,5.8833,5.8833,5.8833,5.8833,5.8833,5.8833,5.8833,5.8833,5.8833,5.8833,5.8833,5.8833,5.8833,5.8833,5.8833,5.8833,5.8833,5.8833,5.8833,5.8833,5.8833,5.8833,5.8833,5.8833,5.8833,5.8833,5.8833,5.8833,5.8833,5.8833,5.8833,5.8833,5.8833,5.8833,5.8833,5.8833,5.8833,5.8833,5.8833,5.8833,5.8833,5.8833,5.8833,5.8833,5.8833,5.8833,5.8833,5.8833,5.8833,5.8833,5.8833,5.8833,5.8833,5.8833,5.8833,5.8833,5.8833,5.8833,5.8833,5.8833,5.8833,5.8833,5.8833,5.8833,5.8833,5.8833,5.8833,5.8833,5.8833,5.8833,5.8833,5.8833,5.8833,5.8833,5.8833,5.8833,5.8833,5.8833,5.8833,5.8833,5.8833,5.8833,5.8833,5.8833,5.8833,5.8833,5.8833,5.8833,5.8833,5.8833,5.8833,5.8833,5.8833,5.8833,5.8833,5.8833,5.8833,5.8833,5.8833,5.8833,5.8833,5.8833,5.8833,5.8833,5.8833,5.8833,5.8833,5.8833,5.8833,5.8833,5.8833,5.8833,5.8833,5.8833,5.8833,5.8833,5.8833,5.8833,5.8833,5.8833,5.8833,5.8833,5.8833,5.8833,5.8833,5.8833,5.8833,5.8833,5.8833,5.8833,5.8833,5.8833,5.8833,5.8833,5.8833,5.8833,5.8833,5.8833,5.8833,5.8833,5.8833,5.8833,5.8833,5.8833,5.8833,5.8833,5.8833,5.8833,5.8833,5.8833,5.8833,5.8833,5.8833,5.8833,5.8833,5.8833,5.8833,5.8833,5.8833,5.8833,5.8833,5.8833,5.8833,5.8833,5.8833,5.8833,5.8833,5.8833,5.8833,5.8833,5.8833,5.8833,5.8833,5.8833,5.8833,5.8833,5.8833,5.8833,5.8833,5.8833,5.8833,5.8833,5.8833,5.8833,5.8833,5.8833,5.8833,5.8833,5.8833,5.8833,5.8833,5.8833,5.8833,5.8833,5.8833,5.8833,5.8833,5.8833,5.8833,5.8833,5.8833,5.8833,5.8833,5.8833,5.8833,5.8833,5.8833,5.8833,5.8833,5.8833,5.8833,5.8833,5.8833,5.8833,5.8833,5.8833,5.8833,5.8833,5.8833,5.8833,5.8833,5.8833,5.8833,5.8833,5.8833,5.8833,5.8833,5.8833,5.8833,5.8833,5.8833,5.8833,5.8833,5.8833,5.8833,5.8833,5.8833,5.8833,5.8833,5.8833,5.8833,5.8833,5.8833,5.8833,5.8833,5.8833,5.8833,5.8833,5.8833,5.8833,5.8833,5.8833,5.8833,5.8833,5.8833,5.8833,5.8833,5.8833,5.8833,5.8833,5.8833,5.8833,5.8833,5.8833,5.8833,5.8833,5.8833,5.8833,5.8833,5.8833,5.8833,5.8833,5.8833,5.8833,5.8833,5.8833,5.8833,5.8833,5.8833,5.8833,5.8833,5.8833,5.8833,5.8833,5.8833,5.8833,5.8833,5.8833,5.8833,5.8833,5.8833,5.8833,5.8833,5.8833,5.8833,5.8833,5.8833,5.8833,5.8833,5.8833,5.8833,5.8833,5.8833,5.8833,5.8833,5.8833,5.8833,5.8833,5.8833,5.8833,5.8833,5.8833,5.8833,5.8833,5.8833,5.8833,5.8833,5.8833,5.8833,5.8833,5.8833,5.8833,5.8833,5.8833,5.8833,5.8833,5.8833,5.8833,5.8833,5.8833,5.8833,5.8833,5.8833,5.8833,5.8833,5.8833,5.8833,5.8833,5.8833,5.8833,5.8833,5.8833,5.8833,5.8833,5.8833,5.8833,5.8833,5.8833,5.8833,5.8833,5.8833,5.8833,5.8833,5.8833,5.8833,5.8833,5.8833,5.8833,5.8833,5.8833,5.8833,5.8833,5.8833,5.8833,5.8833,5.8833,5.8833,5.8833,5.8833,5.8833,5.8833,5.8833,5.8833,5.8833,5.8833,5.8833,5.8833,5.8833,5.8833,5.8833,5.8833,5.8833,5.8833,5.8833,5.8833,5.8833,5.8833,5.8833,5.8833,5.8833,5.8833,5.8833,5.8833,5.8833,5.8833,5.8833,5.8833,5.8833,5.8833,5.8833,5.8833,5.8833,5.8833,5.8833,5.8833,5.8833,5.8833,5.8833,5.8833,5.8833,5.8833,5.8833,5.8833,5.8833,5.8833,5.8833,5.8833,5.8833,5.8833,5.8833,5.8833,5.8833,5.8833,5.8833,5.8833,5.8833,5.8833,5.8833,5.8833,5.8833,5.8833,5.8833,5.8833,5.8833,5.8833,5.8833,5.8833,5.8833,5.8833,5.8833,5.8833,5.8833,5.8833,5.8833,5.8833,5.8833,5.8833,5.8833,5.8833,5.8833,5.8833,5.8833,5.8833,5.8833,5.8833,5.8833,5.8833,5.8833,5.8833,5.8833,5.8833,5.8833,5.8833,5.8833,5.8833,5.8833,5.8833,5.8833,5.8833,5.8833,5.8833,5.8833,5.8833,5.8833,5.8833,5.8833,5.8833,5.8833,5.8833,5.8833,5.8833,5.8833,5.8833,5.8833,5.8833,5.8833,5.8833,5.8833,5.8833,5.8833,5.8833,5.8833,5.8833,5.8833,5.8833,5.8833,5.8833,5.8833,5.8833,5.8833,5.8833,5.8833,5.8833,5.8833,5.8833,5.8833,5.8833,5.8833,5.8833,5.8833,5.8833,5.8833,5.8833,5.8833
