9.1118,9.1118,9.1118,9.1118,9.1118,9.1118,9.1118,9.1118,9.1118,9.1118,9.1118,9.1118,9.1118,9.1118,9.1118,9.1118,9.1118,9.1118,9.1118,9.1118,9.1118,9.1118,9.1118,9.1118,9.1118,9.1118,9.1118,9.1118,9.1118,9.1118,9.1118,9.1118,9.1118,9.1118,9.1118,9.1118,9.1118,9.1118,9.1118,9.1118,9.1118,9.1118,9.1118,9.1118,9.1118,9.1118,9.1118,9.1118,9.1118,9.1118,9.1118,9.1118,9.1118,9.1118,9.1118,9.1118,9.1118,9.1118,9.1118,9.1118,9.1118,9.1118,9.1118,9.1118,9.1118,9.1118,9.1118,9.1118,9.1118,9.1118,9.1118,9.1118,9.1118,9.1118,9.1118,9.1118,9.1118,9.1118,9.1118,9.1118,9.1118,9.1118,9.1118,9.1118,9.1118,9.1118,9.1118,9.1118,9.1118,9.1118,9.1118,9.1118,9.1118,9.1118,9.1118,9.1118,9.1118,9.1118,9.1118,9.1118,9.1118,9.1118,9.1118,9.1118,9.1118,9.1118,9.1118,9.1118,9.1118,9.1118,9.1118,9.1118,9.1118,9.1118,9.1118,9.1118,9.1118,9.1118,9.1118,9.1118,9.1118,9.1118,9.1118,9.1118,9.1118,9.1118,9.1118,9.1118,9.1118,9.1118,9.1118,9.1118,9.1118,9.1118,9.1118,9.1118,9.1118,9.1118,9.1118,9.1118,9.1118,9.1118,9.1118,9.1118,9.1118,9.1118,9.1118,9.1118,9.1118,9.1118,9.1118,9.1118,9.1118,9.1118,9.1118,9.1118,9.1118,9.1118,9.1118,9.1113,9.1113,9.1113,9.1113,9.1113,9.1113,9.1113,9.1113,9.1113,9.1113,9.1113,9.1113,9.1113,9.1113,9.1113,9.1113,9.1113,9.1113,9.1113,9.1113,9.1113,9.1113,9.1113,9.1113,9.1113,9.1113,9.1113,9.1113,9.1113,9.1113,9.1113,9.1113,9.1113,9.1113,9.1113,9.1113,9.1113,9.1113,9.1113,9.1113,9.1113,9.1113,9.1113,9.1113,9.1113,9.1113,9.1113,9.1113,9.1113,9.1113,9.1113,9.1113,9.1113,9.1113,9.1113,9.1113,9.1113,9.1113,9.1113,9.1113,9.1113,9.1113,9.1113,9.1113,9.1113,9.1113,9.1113,9.1113,9.1113,9.1113,9.1113,9.1113,9.1113,9.1113,9.1113,9.1113,9.1113,9.1113,9.1113,9.1113,9.1113,9.1113,9.1113,9.1113,9.1113,9.1113,9.1113,9.1113,9.1113,9.1113,9.1113,9.1113,9.1113,9.1113,9.1113,9.1113,9.1113,9.1113,9.1113,9.1113,9.1113,9.1113,9.1113,9.1113,9.1113,9.1113,9.1113,9.1113,9.1113,9.1113,9.1113,9.1113,9.1113,9.1113,9.1113,9.1113,9.1113,9.1113,9.1113,9.1113,9.1113,9.1113,9.1113,9.1113,9.1113,9.1113,9.1113,9.1113,9.1113,9.1113,9.1113,9.1113,9.1113,9.1113,9.1113,9.1113,9.1113,9.1113,9.1113,9.1113,9.1113,9.1113,9.1113,9.1113,9.1113,9.1113,9.1113,9.1113,9.1113,9.1113,9.1113,9.1113,9.1113,9.1113,9.1113,9.1113,9.1113,9.1113,9.1113,9.1113,9.1113,9.1113,9.1113,9.1113,9.1113,9.1113,9.1113,9.1113,9.1113,9.1113,9.1113,9.1113,9.1113,9.1113,9.1113,9.1113,9.1113,9.1113,9.1113,9.1113,9.1113,9.1113,9.1113,9.1113,9.1113,9.1113,9.1113,9.1113,9.1113,9.1113,9.1113,9.1113,9.1113,9.1113,9.1113,9.1113,9.1113,9.1113,9.1113,9.1113,9.1113,9.1113,9.1113,9.1113,9.1113,9.1113,9.1113,9.1113,9.1113,9.1113,9.1113,9.1113,9.1113,9.1113,9.1113,9.1113,9.1113,9.1113,9.1113,9.1113,9.1113,9.1113,9.1113,9.1113,9.1113,9.1113,9.1113,9.1113,9.1113,9.1113,9.1113,9.1113,9.1113,9.1113,9.1113,9.1113,9.1113,9.1113,9.1113,9.1113,9.1113,9.1113,9.1113,9.1113,9.1113,9.1113,9.1113,9.1113,9.1113,9.1113,9.1113,9.1113,9.1113,9.1113,9.1113,9.1113,9.1113,9.1113,9.1113,9.1113,9.1113,9.1113,9.1113,9.1113,9.1113,9.1113,9.1113,9.1113,9.1113,9.1113,9.1113,9.1113,9.1113,9.1113,9.1113,9.1113,9.1113,9.1113,9.1113,9.1113,9.1113,9.1113,9.1113,9.1113,9.1113,9.1113,9.1113,9.1113,9.1113,9.1113,9.1113,9.1113,9.1113,9.1113,9.1113,9.1113,9.1113,9.1113,9.1113,9.1113,9.1113,9.1113,9.1113,9.1113,9.1113,9.1113,9.1113,9.1113,9.1113,9.1113,9.1113,9.1113,9.1113,9.1113,9.1113,9.1113,9.1113,9.1113,9.1113,9.1113,9.1113,9.1113,9.1113,9.1113,9.1113,9.1113,9.1113,9.1113,9.1113,9.1113,9.1113,9.1113,9.1113,9.1113,9.1113,9.1113,9.1113,9.1113,9.1113,9.1113,9.1113,9.1113,9.1113,9.1113,9.1113,9.1113,9.1113,9.1113,9.1113,9.1113,9.1113,9.1113,9.1113,9.1113,9.1113,9.1113,9.1113,9.1113,9.1113,9.1113,9.1113,9.1113,9.1113,9.1113,9.1113,9.1113,9.1113,9.1113,9.1113,9.1113,9.1113,9.1113,9.1113,9.1113,9.1113,9.1113,9.1113,9.1113,9.1113,9.1113,9.1113,9.1113,9.1113,9.1113,9.1113,9.1113,9.1113,9.1113,9.1113,9.1113,9.1113,9.1113,9.1113,9.1113,9.1113,9.1113,9.1113,9.1113,9.1113,9.1113,9.1113,9.1113,9.1113,9.1113,9.1113,9.1113,9.1113,9.1113,9.1113,9.1113,9.1113,9.1113,9.1113,9.1113,9.1113,9.1113,9.1113,9.1113,9.1113,9.1113,9.1113,9.1113,9.1113,9.1113,9.1113,9.1113,9.1113,9.1113,9.1113,9.1113,9.1113,9.1113,9.1113,9.1113,9.1113,9.1113,9.1113,9.1113,9.1113,9.1113,9.1113,9.1113,9.1113,9.1113,9.1113,9.1113,9.1113,9.1113,9.1113,9.1113,9.1113,9.1113,9.1113,9.1113,9.1113,9.1113,9.1113,9.1113,9.1113,9.1113,9.1113,9.1113,9.1113,9.1113,9.1113,9.1113,9.1113,9.1113,9.1113,9.1113,9.1113,9.1113,9.1113,9.1113,9.1113,9.1113,9.1113,9.1113,9.1113,9.1113,9.1113,9.1113,9.1113,9.1113,9.1113,9.1113,9.1113,9.1113,9.1113,9.1113,9.1113,9.1113,9.1113,9.1113,9.1113,9.1113,9.1113,9.1113,9.1113,9.1113,9.1113,9.1113,9.1113,9.1113,9.1113,9.1113,9.1113,9.1113,9.1113,9.1113,9.1113,9.1113,9.1113,9.1113,9.1113,9.1113,9.1113,9.1113,9.1113,9.1113,9.1113,9.1113,9.1113,9.1113,9.1113,9.1113,9.1113,9.1113,9.1113,9.1113,9.1113,9.1113,9.1113,9.1113,9.1113,9.1113,9.1113,9.1113,9.1113,9.1113,9.1113,9.1113,9.1113,9.1113,9.1113,9.1113,9.1113,9.1113,9.1113,9.1113,9.1113,9.1113,9.1113,9.1113,9.1113,9.1113,9.1113,9.1113,9.1113,9.1113,9.1113,9.1113,9.1113,9.1113,9.1113,9.1113,9.1113,9.1113,9.1113,9.1113,9.1113,9.1113,9.1113,9.1113,9.1113,9.1113,9.1113,9.1113,9.1113,9.1113,9.1113,9.1113,9.1113,9.1113,9.1113,9.1113,9.1113,9.1113,9.1113,9.1113,9.1113,9.1113,9.1113,9.1113,9.1113,9.1113,9.1113,9.1113,9.1113,9.1113,9.1113,9.1113,9.1113,9.1113,9.1113,9.1113,9.1113,9.1113,9.1113,9.1113,9.1113,9.1113,9.1113,9.1113,9.1113,9.1113,9.1113,9.1113,9.1113,9.1113,9.1113,9.1113,9.1113,9.1113,9.1113,9.1113,9.1113,9.1113,9.1113,9.1113,9.1113,9.1113,9.1113,9.1113,9.1113,9.1113,9.1113,9.1113,9.1113,9.1113,9.1113,9.1113,9.1113,9.1113,9.1113,9.1113,9.1113,9.1113,9.1113,9.1113,9.1113,9.1113,9.1113,9.1113,9.1113,9.1113,9.1113,9.1113,9.1113,9.1113,9.1113,9.1113,9.1113,9.1113,9.1113,9.1113,9.1113,9.1113,9.1113,9.1113,9.1113,9.1113,9.1113,9.1113,9.1113,9.1113,9.1113,9.1113,9.1113,9.1113,9.1113,9.1113,9.1113,9.1113,9.1113,9.1113,9.1113,9.1113,9.1113,9.1113,9.1113,9.1113,9.1113,9.1113,9.1113,9.1113,9.1113,9.1113,9.1113,9.1113,9.1113,9.1113,9.1113,9.1113,9.1113,9.1113,9.1113,9.1113,9.1113,9.1113,9.1113,9.1113,9.1113,9.1113,9.1113,9.1113,9.1113,9.1113,9.1113,9.1113,9.1113,9.1113,9.1113,9.1113,9.1113,9.1113,9.1113,9.1113,9.1113,9.1113,9.1113,9.1113,9.1113,9.1113,9.1113,9.1113,9.1113,9.1113,9.1113,9.1113,9.1113,9.1113,9.1113,9.1113,9.1113,9.1113,9.1113,9.1113,9.1113,9.1113,9.1113,9.1113,9.1113,9.1113,9.1113,9.1113,9.1113,9.1113,9.1113,9.1113,9.1113,9.1113,9.1113,9.1113,9.1113,9.1113,9.1113,9.1113,9.1113,9.1113,9.1113,9.1113,9.1113,9.1113,9.1113,9.1113,9.1113,9.1113,9.1113,9.1113,9.1113,9.1113,9.1113,9.1113,9.1113,9.1113,9.1113,9.1113,9.1113,9.1113,9.1113,9.1113,9.1113,9.1113,9.1113,9.1113,9.1113,9.1113,9.1113,9.1113,9.1113
9.1024,9.1024,9.1024,9.1024,9.1024,9.1024,9.1024,9.1024,9.1024,9.1024,9.1024,9.1024,9.1024,9.1024,9.1024,9.1024,9.1024,9.1024,9.1024,9.1024,9.1024,9.1024,9.1024,9.1024,9.1024,9.1024,9.1024,9.1024,9.1024,9.1024,9.1024,9.1024,9.1024,9.1024,9.1024,9.1024,9.1024,9.1024,9.1024,9.1024,9.1024,9.1024,9.1024,9.1024,9.1024,9.1024,9.1024,9.1024,9.1024,9.1024,9.1024,9.1024,9.1024,9.1024,9.1024,9.1024,9.1024,9.1024,9.1024,9.1024,9.1024,9.1024,9.1024,9.1024,9.1024,9.1024,9.1024,9.1024,9.1024,9.1024,9.1024,9.1024,9.1024,9.1024,9.1024,9.1024,9.1024,9.1024,9.1024,9.1024,9.1024,9.1024,9.1024,9.1024,9.1024,9.1024,9.1024,9.1024,9.1024,9.1024,9.1024,9.1024,9.1024,9.1024,9.1024,9.1024,9.1024,9.1024,9.1024,9.1024,9.1024,9.1024,9.1024,9.1024,9.1024,9.1024,9.1024,9.1024,9.1024,9.1024,9.1024,9.1024,9.1024,9.1024,9.1024,9.1024,9.1024,9.1024,9.1024,9.1024,9.1024,9.1024,9.1024,9.1024,9.1024,9.1024,9.1024,9.1024,9.1024,9.1024,9.1024,9.1024,9.1024,9.1024,9.1024,9.1024,9.1024,9.1024,9.1024,9.1024,9.1024,9.1024,9.1024,9.1024,9.1024,9.1024,9.1024,9.1024,9.1024,9.1024,9.1024,9.1024,9.1024,9.1024,9.1024,9.1024,9.1024,9.1024,9.1024,9.1024,9.1024,9.1024,9.1024,9.1024,9.1024,9.1024,9.1024,9.1024,9.1024,9.1024,9.1024,9.1024,9.1024,9.1024,9.1024,9.1024,9.1024,9.1024,9.1024,9.1024,9.1024,9.1024,9.1024,9.1024,9.1024,9.1024,9.1024,9.1024,9.1024,9.1024,9.1024,9.1024,9.1024,9.1024,9.1024,9.1024,9.1024,9.1024,9.1024,9.1024,9.1024,9.1024,9.1024,9.1024,9.1024,9.1024,9.1024,9.1024,9.1024,9.1024,9.1024,9.1024,9.1024,9.1024,9.1024,9.1024,9.1024,9.1024,9.1024,9.1024,9.1024,9.1024,9.1024,9.1024,9.1024,9.1024,9.1024,9.1024,9.1024,9.1024,9.1024,9.1024,9.1024,9.1024,9.1024,9.1024,9.1024,9.1024,9.1024,9.1024,9.1024,9.1024,9.1024,9.1024,9.1024,9.1024,9.1024,9.1024,9.1024,9.1024,9.1024,9.1024,9.1024,9.1024,9.1024,9.1024,9.1024,9.1024,9.1024,9.1024,9.1024,9.1024,9.1024,9.1024,9.1024,9.1024,9.1024,9.1024,9.1024,9.1024,9.1024,9.1024,9.1024,9.1024,9.1024,9.1024,9.1024,9.1024,9.1024,9.1024,9.1024,9.1024,9.1024,9.1024,9.1024,9.1024,9.1024,9.1024,9.1024,9.1024,9.1024,9.1024,9.1024,9.1024,9.1024,9.1024,9.1024,9.1024,9.1024,9.1024,9.1024,9.1024,9.1024,9.1024,9.1024,9.1024,9.1024,9.1024,9.1024,9.1024,9.1024,9.1024,9.1024,9.1024,9.1024,9.1024,9.1024,9.1024,9.1024,9.1024,9.1024,9.1024,9.1024,9.1024,9.1024,9.1024,9.1024,9.1024,9.1024,9.1024,9.1024,9.1024,9.1024,9.1024,9.1024,9.1024,9.1024,9.1024,9.1024,9.1024,9.1024,9.1024,9.1024,9.1024,9.1024,9.1024,9.1024,9.1024,9.1024,9.1024,9.1024,9.1024,9.1024,9.1024,9.1024,9.1024,9.1024,9.1024,9.1024,9.1024,9.1024,9.1024,9.1024,9.1024,9.1024,9.1024,9.1024,9.1024,9.1024,9.1024,9.1024,9.1024,9.1024,9.1024,9.1024,9.1024,9.1024,9.1024,9.1024,9.1024,9.1024,9.1024,9.1024,9.1024,9.1024,9.1024,9.1024,9.1024,9.1024,9.1024,9.1024,9.1024,9.1024,9.1024,9.1024,9.1024,9.1024,9.1024,9.1024,9.1024,9.1024,9.1024,9.1024,9.1024,9.1024,9.1024,9.1024,9.1024,9.1024,9.1024,9.1024,9.1024,9.1024,9.1024,9.1024,9.1024,9.1024,9.1024,9.1024,9.1024,9.1024,9.1024,9.1024,9.1024,9.1024,9.1024,9.1024,9.1024,9.1024,9.1024,9.1024,9.1024,9.1024,9.1024,9.1024,9.1024,9.1024,9.1024,9.1024,9.1024,9.1024,9.1024,9.1024,9.1024,9.1024,9.1024,9.1024,9.1024,9.1024,9.1024,9.1024,9.1024,9.1024,9.1024,9.1024,9.1024,9.1024,9.1024,9.1024,9.1024,9.1024,9.1024,9.1024,9.1024,9.1024,9.1024,9.1024,9.1024,9.1024,9.1024,9.1024,9.1024,9.1024,9.1024,9.1024,9.1024,9.1024,9.1024,9.1024,9.1024,9.1024,9.1024,9.1024,9.1024,9.1024,9.1024,9.1024,9.1024,9.1024,9.1024,9.1024,9.1024,9.1024,9.1024,9.1024,9.1024,9.1024,9.1024,9.1024,9.1024,9.1024,9.1024,9.1024,9.1024,9.1024,9.1024,9.1024,9.1024,9.1024,9.1024,9.1024,9.1024,9.1024,9.1024,9.1024,9.1024,9.1024,9.1024,9.1024,9.1024,9.1024,9.1024,9.1024,9.1024,9.1024,9.1024,9.1024,9.1024,9.1024,9.1024,9.1024,9.1024,9.1024,9.1024,9.1024,9.1024,9.1024,9.1024,9.1024,9.1024,9.1024,9.1024,9.1024,9.1024,9.1024,9.1024,9.1024,9.1024,9.1024,9.1024,9.1024,9.1024,9.1024,9.1024,9.1024,9.1024,9.1024,9.1024,9.1024,9.1024,9.1024,9.1024,9.1024,9.1024,9.1024,9.1024,9.1024,9.1024,9.1024,9.1024,9.1024,9.1024,9.1024,9.1024,9.1024,9.1024,9.1024,9.1024,9.1024,9.1024,9.1024,9.1024,9.1024,9.1024,9.1024,9.1024,9.1024,9.1024,9.1024,9.1024,9.1024,9.1024,9.1024,9.1024,9.1024,9.1024,9.1024,9.1024,9.1024,9.1024,9.1024,9.1024,9.1024,9.1024,9.1024,9.1024,9.1024,9.1024,9.1024,9.1024,9.1024,9.1024,9.1024,9.1024,9.1024,9.1024,9.1024,9.1024,9.1024,9.1024,9.1024,9.1024,9.1024,9.1024,9.1024,9.1024,9.1024,9.1024,9.1024,9.1024,9.1024,9.1024,9.1024,9.1024,9.1024,9.1024,9.1024,9.1024,9.1024,9.1024,9.1024,9.1024,9.1024,9.1024,9.1024,9.1024,9.1024,9.1024,9.1024,9.1024,9.1024,9.1024,9.1024,9.1024,9.1024,9.1024,9.1024,9.1024,9.1024,9.1024,9.1024,9.1024,9.1024,9.1024,9.1024,9.1024,9.1024,9.1024,9.1024,9.1024,9.1024,9.1024,9.1024,9.1024,9.1024,9.1024,9.1024,9.1024,9.1024,9.1024,9.1024,9.1024,9.1024,9.1024,9.1024,9.1024,9.1024,9.1024,9.1024,9.1024,9.1024,9.1024,9.1024,9.1024,9.1024,9.1024,9.1024,9.1024,9.1024,9.1024,9.1024,9.1024,9.1024,9.1024,9.1024,9.1024,9.1024,9.1024,9.1024,9.1024,9.1024,9.1024,9.1024,9.1024,9.1024,9.1024,9.1024,9.1024,9.1024,9.1024,9.1024,9.1024,9.1024,9.1024,9.1024,9.1024,9.1024,9.1024,9.1024,9.1024,9.1024,9.1024,9.1024,9.1024,9.1024,9.1024,9.1024,9.1024,9.1024,9.1024,9.1024,9.1024,9.1024,9.1024,9.1024,9.1024,9.1024,9.1024,9.1024,9.1024,9.1024,9.1024,9.1024,9.1024,9.1024,9.1024,9.1024,9.1024,9.1024,9.1024,9.1024,9.1024,9.1024,9.1024,9.1024,9.1024,9.1024,9.1024,9.1024,9.1024,9.1024,9.1024,9.1024,9.1024,9.1024,9.1024,9.1024,9.1024,9.1024,9.1024,9.1024,9.1024,9.1024,9.1024,9.1024,9.1024,9.1024,9.1024,9.1024,9.1024,9.1024,9.1024,9.1024,9.1024,9.1024,9.1024,9.1024,9.1024,9.1024,9.1024,9.1024,9.1024,9.1024,9.1024,9.1024,9.1024,9.1024,9.1024,9.1024,9.1024,9.1024,9.1024,9.1024,9.1024,9.1024,9.1024,9.1024,9.1024,9.1024,9.1024,9.1024,9.1024,9.1024,9.1024,9.1024,9.1024,9.1024,9.1024,9.1024,9.1024,9.1024,9.1024,9.1024,9.1024,9.1024,9.1024,9.1024,9.1024,9.1024,9.1024,9.1024,9.1024,9.1024,9.1024,9.1024,9.1024,9.1024,9.1024,9.1024,9.1024,9.1024,9.1024,9.1024,9.1024,9.1024,9.1024,9.1024,9.1024,9.1024,9.1024,9.1024,9.1024,9.1024,9.1024,9.1024,9.1024,9.1024,9.1024,9.1024,9.1024,9.1024,9.1024,9.1024,9.1024,9.1024,9.1024,9.1024,9.1024,9.1024,9.1024,9.1024,9.1024,9.1024,9.1024,9.1024,9.1024,9.1024,9.1024,9.1024,9.1024,9.1024,9.1024,9.1024,9.1024,9.1024,9.1024,9.1024,9.1024,9.1024,9.1024,9.1024,9.1024,9.1024,9.1024,9.1024,9.1024,9.1024,9.1024,9.1024,9.1024,9.1024,9.1024,9.1024,9.1024,9.1024,9.1024,9.1024,9.1024,9.1024,9.1024,9.1024,9.1024,9.1024,9.1024,9.1024,9.1024,9.1024,9.1024,9.1024,9.1024,9.1024,9.1024,9.1024,9.1024,9.1024,9.1024,9.1024,9.1024,9.1024,9.1024,9.1024,9.1024,9.1024,9.1024,9.1024,9.1024,9.1024,9.1024,9.1024,9.1024,9.1024,9.1024,9.1024,9.1024,9.1024,9.1024,9.1024,9.1024,9.1024,9.1024
9.0936,9.0936,9.0936,9.0936,9.0936,9.0936,9.0936,9.0936,9.0936,9.0936,9.0936,9.0936,9.0936,9.0936,9.0936,9.0936,9.0936,9.0936,9.0936,9.0936,9.0936,9.0936,9.0936,9.0936,9.0936,9.0936,9.0936,9.0936,9.0936,9.0936,9.0936,9.0936,9.0936,9.0936,9.0936,9.0936,9.0936,9.0936,9.0936,9.0936,9.0936,9.0936,9.0936,9.0936,9.0936,9.0936,9.0936,9.0936,9.0936,9.0936,9.0936,9.0936,9.0936,9.0936,9.0936,9.0936,9.0936,9.0936,9.0936,9.0936,9.0936,9.0936,9.0936,9.0936,9.0936,9.0936,9.0936,9.0936,9.0936,9.0936,9.0936,9.0936,9.0936,9.0936,9.0936,9.0936,9.0936,9.0936,9.0936,9.0936,9.0936,9.0936,9.0936,9.0936,9.0936,9.0936,9.0936,9.0936,9.0936,9.0936,9.0936,9.0936,9.0936,9.0936,9.0936,9.0936,9.0936,9.0936,9.0936,9.0936,9.0936,9.0936,9.0936,9.0936,9.0936,9.0936,9.0936,9.0936,9.0936,9.0936,9.0936,9.0936,9.0936,9.0936,9.0936,9.0936,9.0936,9.0936,9.0936,9.0936,9.0936,9.0936,9.0936,9.0936,9.0936,9.0936,9.0936,9.0936,9.0936,9.0936,9.0936,9.0936,9.0936,9.0936,9.0936,9.0936,9.0936,9.0936,9.0936,9.0936,9.0936,9.0936,9.0936,9.0936,9.0936,9.0936,9.0936,9.0936,9.0936,9.0936,9.0936,9.0936,9.0936,9.0936,9.0936,9.0936,9.0936,9.0936,9.0936,9.0936,9.0936,9.0936,9.0936,9.0936,9.0936,9.0936,9.0936,9.0936,9.0936,9.0936,9.0936,9.0936,9.0936,9.0936,9.0936,9.0936,9.0936,9.0936,9.0936,9.0936,9.0936,9.0936,9.0936,9.0936,9.0936,9.0936,9.0936,9.0936,9.0936,9.0936,9.0936,9.0936,9.0936,9.0936,9.0936,9.0936,9.0936,9.0936,9.0936,9.0936,9.0936,9.0936,9.0936,9.0936,9.0936,9.0936,9.0936,9.0936,9.0936,9.0936,9.0936,9.0936,9.0936,9.0936,9.0936,9.0936,9.0936,9.0936,9.0936,9.0936,9.0936,9.0936,9.0936,9.0936,9.0936,9.0936,9.0936,9.0936,9.0936,9.0936,9.0936,9.0936,9.0936,9.0936,9.0936,9.0936,9.0936,9.0936,9.0936,9.0936,9.0936,9.0936,9.0936,9.0936,9.0936,9.0936,9.0936,9.0936,9.0936,9.0936,9.0936,9.0936,9.0936,9.0936,9.0936,9.0936,9.0936,9.0936,9.0936,9.0936,9.0936,9.0936,9.0936,9.0936,9.0936,9.0936,9.0936,9.0936,9.0936,9.0936,9.0936,9.0936,9.0936,9.0936,9.0936,9.0936,9.0936,9.0936,9.0936,9.0936,9.0936,9.0936,9.0936,9.0936,9.0936,9.0936,9.0936,9.0936,9.0936,9.0936,9.0936,9.0936,9.0936,9.0936,9.0936,9.0936,9.0936,9.0936,9.0936,9.0936,9.0936,9.0936,9.0936,9.0936,9.0936,9.0936,9.0936,9.0936,9.0936,9.0936,9.0936,9.0936,9.0936,9.0936,9.0936,9.0936,9.0936,9.0936,9.0936,9.0936,9.0936,9.0936,9.0936,9.0936,9.0936,9.0936,9.0936,9.0936,9.0936,9.0936,9.0936,9.0936,9.0936,9.0936,9.0936,9.0936,9.0936,9.0936,9.0936,9.0936,9.0936,9.0936,9.0936,9.0936,9.0936,9.0936,9.0936,9.0936,9.0936,9.0936,9.0936,9.0936,9.0936,9.0936,9.0936,9.0936,9.0936,9.0936,9.0936,9.0936,9.0936,9.0936,9.0936,9.0936,9.0936,9.0936,9.0936,9.0936,9.0936,9.0936,9.0936,9.0936,9.0936,9.0936,9.0936,9.0936,9.0936,9.0936,9.0936,9.0936,9.0936,9.0936,9.0936,9.0936,9.0936,9.0936,9.0936,9.0936,9.0936,9.0936,9.0936,9.0936,9.0936,9.0936,9.0936,9.0936,9.0936,9.0936,9.0936,9.0936,9.0936,9.0936,9.0936,9.0936,9.0936,9.0936,9.0936,9.0936,9.0936,9.0936,9.0936,9.0936,9.0936,9.0936,9.0936,9.0936,9.0936,9.0936,9.0936,9.0936,9.0936,9.0936,9.0936,9.0936,9.0936,9.0936,9.0936,9.0936,9.0936,9.0936,9.0936,9.0936,9.0936,9.0936,9.0936,9.0936,9.0936,9.0936,9.0936,9.0936,9.0936,9.0936,9.0936,9.0936,9.0936,9.0936,9.0936,9.0936,9.0936,9.0936,9.0936,9.0936,9.0936,9.0936,9.0936,9.0936,9.0936,9.0936,9.0936,9.0936,9.0936,9.0936,9.0936,9.0936,9.0936,9.0936,9.0936,9.0936,9.0936,9.0936,9.0936,9.0936,9.0936,9.0936,9.0936,9.0936,9.0936,9.0936,9.0936,9.0936,9.0936,9.0936,9.0936,9.0936,9.0936,9.0936,9.0936,9.0936,9.0936,9.0936,9.0936,9.0936,9.0936,9.0936,9.0936,9.0936,9.0936,9.0936,9.0936,9.0936,9.0936,9.0936,9.0936,9.0936,9.0936,9.0936,9.0936,9.0936,9.0936,9.0936,9.0936,9.0936,9.0936,9.0936,9.0936,9.0936,9.0936,9.0936,9.0936,9.0936,9.0936,9.0936,9.0936,9.0936,9.0936,9.0936,9.0936,9.0936,9.0936,9.0936,9.0936,9.0936,9.0936,9.0936,9.0936,9.0936,9.0936,9.0936,9.0936,9.0936,9.0936,9.0936,9.0936,9.0936,9.0936,9.0936,9.0936,9.0936,9.0936,9.0936,9.0936,9.0936,9.0936,9.0936,9.0936,9.0936,9.0936,9.0936,9.0936,9.0936,9.0936,9.0936,9.0936,9.0936,9.0936,9.0936,9.0936,9.0936,9.0936,9.0936,9.0936,9.0936,9.0936,9.0936,9.0936,9.0936,9.0936,9.0936,9.0936,9.0936,9.0936,9.0936,9.0936,9.0936,9.0936,9.0936,9.0936,9.0936,9.0936,9.0936,9.0936,9.0936,9.0936,9.0936,9.0936,9.0936,9.0936,9.0936,9.0936,9.0936,9.0936,9.0936,9.0936,9.0936,9.0936,9.0936,9.0936,9.0936,9.0936,9.0936,9.0936,9.0936,9.0936,9.0936,9.0936,9.0936,9.0936,9.0936,9.0936,9.0936,9.0936,9.0936,9.0936,9.0936,9.0936,9.0936,9.0936,9.0936,9.0936,9.0936,9.0936,9.0936,9.0936,9.0936,9.0936,9.0936,9.0936,9.0936,9.0936,9.0936,9.0936,9.0936,9.0936,9.0936,9.0936,9.0936,9.0936,9.0936,9.0936,9.0936,9.0936,9.0936,9.0936,9.0936,9.0936,9.0936,9.0936,9.0936,9.0936,9.0936,9.0936,9.0936,9.0936,9.0936,9.0936,9.0936,9.0936,9.0936,9.0936,9.0936,9.0936,9.0936,9.0936,9.0936,9.0936,9.0936,9.0936,9.0936,9.0936,9.0936,9.0936,9.0936,9.0936,9.0936,9.0936,9.0936,9.0936,9.0936,9.0936,9.0936,9.0936,9.0936,9.0936,9.0936,9.0936,9.0936,9.0936,9.0936,9.0936,9.0936,9.0936,9.0936,9.0936,9.0936,9.0936,9.0936,9.0936,9.0936,9.0936,9.0936,9.0936,9.0936,9.0936,9.0936,9.0936,9.0936,9.0936,9.0936,9.0936,9.0936,9.0936,9.0936,9.0936,9.0936,9.0936,9.0936,9.0936,9.0936,9.0936,9.0936,9.0936,9.0936,9.0936,9.0936,9.0936,9.0936,9.0936,9.0936,9.0936,9.0936,9.0936,9.0936,9.0936,9.0936,9.0936,9.0936,9.0936,9.0936,9.0936,9.0936,9.0936,9.0936,9.0936,9.0936,9.0936,9.0936,9.0936,9.0936,9.0936,9.0936,9.0936,9.0936,9.0936,9.0936,9.0936,9.0936,9.0936,9.0936,9.0936,9.0936,9.0936,9.0936,9.0936,9.0936,9.0936,9.0936,9.0936,9.0936,9.0936,9.0936,9.0936,9.0936,9.0936,9.0936,9.0936,9.0936,9.0936,9.0936,9.0936,9.0936,9.0936,9.0936,9.0936,9.0936,9.0936,9.0936,9.0936,9.0936,9.0936,9.0936,9.0936,9.0936,9.0936,9.0936,9.0936,9.0936,9.0936,9.0936,9.0936,9.0936,9.0936,9.0936,9.0936,9.0936,9.0936,9.0936,9.0936,9.0936,9.0936,9.0936,9.0936,9.0936,9.0936,9.0936,9.0936,9.0936,9.0936,9.0936,9.0936,9.0936,9.0936,9.0936,9.0936,9.0936,9.0936,9.0936,9.0936,9.0936,9.0936,9.0936,9.0936,9.0936,9.0936,9.0936,9.0936,9.0936,9.0936,9.0936,9.0936,9.0936,9.0936,9.0936,9.0936,9.0936,9.0936,9.0936,9.0936,9.0936,9.0936,9.0936,9.0936,9.0936,9.0936,9.0936,9.0936,9.0936,9.0936,9.0936,9.0936,9.0936,9.0936,9.0936,9.0936,9.0936,9.0936,9.0936,9.0936,9.0936,9.0936,9.0936,9.0936,9.0936,9.0936,9.0936,9.0936,9.0936,9.0936,9.0936,9.0936,9.0936,9.0936,9.0936,9.0936,9.0936,9.0936,9.0936,9.0936,9.0936,9.0936,9.0936,9.0936,9.0936,9.0936,9.0936,9.0936,9.0936,9.0936,9.0936,9.0936,9.0936,9.0936,9.0936,9.0936,9.0936,9.0936,9.0936,9.0936,9.0936,9.0936,9.0936,9.0936,9.0936,9.0936,9.0936,9.0936,9.0936,9.0936,9.0936,9.0936,9.0936,9.0936,9.0936,9.0936,9.0936,9.0936,9.0936,9.0936,9.0936,9.0936,9.0936,9.0936,9.0936,9.0936,9.0936,9.0936,9.0936,9.0936,9.0936,9.0936,9.0936,9.0936,9.0936,9.0936,9.0936,9.0936,9.0936,9.0936,9.0936,9.0936,9.0936
9.0842,9.0842,9.0842,9.0842,9.0842,9.0842,9.0842,9.0842,9.0842,9.0842,9.0842,9.0842,9.0842,9.0842,9.0842,9.0842,9.0842,9.0842,9.0842,9.0842,9.0842,9.0842,9.0842,9.0842,9.0842,9.0842,9.0842,9.0842,9.0842,9.0842,9.0842,9.0842,9.0842,9.0842,9.0842,9.0842,9.0842,9.0842,9.0842,9.0842,9.0842,9.0842,9.0842,9.0842,9.0842,9.0842,9.0842,9.0842,9.0842,9.0842,9.0842,9.0842,9.0842,9.0842,9.0842,9.0842,9.0842,9.0842,9.0842,9.0842,9.0842,9.0842,9.0842,9.0842,9.0842,9.0842,9.0842,9.0842,9.0842,9.0842,9.0842,9.0842,9.0842,9.0842,9.0842,9.0842,9.0842,9.0842,9.0842,9.0842,9.0842,9.0842,9.0842,9.0842,9.0842,9.0842,9.0842,9.0842,9.0842,9.0842,9.0842,9.0842,9.0842,9.0842,9.0842,9.0842,9.0842,9.0842,9.0842,9.0842,9.0842,9.0842,9.0842,9.0842,9.0842,9.0842,9.0842,9.0842,9.0842,9.0842,9.0842,9.0842,9.0842,9.0842,9.0842,9.0842,9.0842,9.0842,9.0842,9.0842,9.0842,9.0842,9.0842,9.0842,9.0842,9.0842,9.0842,9.0842,9.0842,9.0842,9.0842,9.0842,9.0842,9.0842,9.0842,9.0842,9.0842,9.0842,9.0842,9.0842,9.0842,9.0842,9.0842,9.0842,9.0842,9.0842,9.0842,9.0842,9.0842,9.0842,9.0842,9.0842,9.0842,9.0842,9.0842,9.0842,9.0842,9.0842,9.0842,9.0842,9.0842,9.0842,9.0842,9.0842,9.0842,9.0842,9.0842,9.0842,9.0842,9.0842,9.0842,9.0842,9.0842,9.0842,9.0842,9.0842,9.0842,9.0842,9.0842,9.0842,9.0842,9.0842,9.0842,9.0842,9.0842,9.0842,9.0842,9.0842,9.0842,9.0842,9.0842,9.0842,9.0842,9.0842,9.0842,9.0842,9.0842,9.0842,9.0842,9.0842,9.0842,9.0842,9.0842,9.0842,9.0842,9.0842,9.0842,9.0842,9.0842,9.0842,9.0842,9.0842,9.0842,9.0842,9.0842,9.0842,9.0842,9.0842,9.0842,9.0842,9.0842,9.0842,9.0842,9.0842,9.0842,9.0842,9.0842,9.0842,9.0842,9.0842,9.0842,9.0842,9.0842,9.0842,9.0842,9.0842,9.0842,9.0842,9.0842,9.0842,9.0842,9.0842,9.0842,9.0842,9.0842,9.0842,9.0842,9.0842,9.0842,9.0842,9.0842,9.0842,9.0842,9.0842,9.0842,9.0842,9.0842,9.0842,9.0842,9.0842,9.0842,9.0842,9.0842,9.0842,9.0842,9.0842,9.0842,9.0842,9.0842,9.0842,9.0842,9.0842,9.0842,9.0842,9.0842,9.0842,9.0842,9.0842,9.0842,9.0842,9.0842,9.0842,9.0842,9.0842,9.0842,9.0842,9.0842,9.0842,9.0842,9.0842,9.0842,9.0842,9.0842,9.0842,9.0842,9.0842,9.0842,9.0842,9.0842,9.0842,9.0842,9.0842,9.0842,9.0842,9.0842,9.0842,9.0842,9.0842,9.0842,9.0842,9.0842,9.0842,9.0842,9.0842,9.0842,9.0842,9.0842,9.0842,9.0842,9.0842,9.0842,9.0842,9.0842,9.0842,9.0842,9.0842,9.0842,9.0842,9.0842,9.0842,9.0842,9.0842,9.0842,9.0842,9.0842,9.0842,9.0842,9.0842,9.0842,9.0842,9.0842,9.0842,9.0842,9.0842,9.0842,9.0842,9.0842,9.0842,9.0842,9.0842,9.0842,9.0842,9.0842,9.0842,9.0842,9.0842,9.0842,9.0842,9.0842,9.0842,9.0842,9.0842,9.0842,9.0842,9.0842,9.0842,9.0842,9.0842,9.0842,9.0842,9.0842,9.0842,9.0842,9.0842,9.0842,9.0842,9.0842,9.0842,9.0842,9.0842,9.0842,9.0842,9.0842,9.0842,9.0842,9.0842,9.0842,9.0842,9.0842,9.0842,9.0842,9.0842,9.0842,9.0842,9.0842,9.0842,9.0842,9.0842,9.0842,9.0842,9.0842,9.0842,9.0842,9.0842,9.0842,9.0842,9.0842,9.0842,9.0842,9.0842,9.0842,9.0842,9.0842,9.0842,9.0842,9.0842,9.0842,9.0842,9.0842,9.0842,9.0842,9.0842,9.0842,9.0842,9.0842,9.0842,9.0842,9.0842,9.0842,9.0842,9.0842,9.0842,9.0842,9.0842,9.0842,9.0842,9.0842,9.0842,9.0842,9.0842,9.0842,9.0842,9.0842,9.0842,9.0842,9.0842,9.0842,9.0842,9.0842,9.0842,9.0842,9.0842,9.0842,9.0842,9.0842,9.0842,9.0842,9.0842,9.0842,9.0842,9.0842,9.0842,9.0842,9.0842,9.0842,9.0842,9.0842,9.0842,9.0842,9.0842,9.0842,9.0842,9.0842,9.0842,9.0842,9.0842,9.0842,9.0842,9.0842,9.0842,9.0842,9.0842,9.0842,9.0842,9.0842,9.0842,9.0842,9.0842,9.0842,9.0842,9.0842,9.0842,9.0842,9.0842,9.0842,9.0842,9.0842,9.0842,9.0842,9.0842,9.0842,9.0842,9.0842,9.0842,9.0842,9.0842,9.0842,9.0842,9.0842,9.0842,9.0842,9.0842,9.0842,9.0842,9.0842,9.0842,9.0842,9.0842,9.0842,9.0842,9.0842,9.0842,9.0842,9.0842,9.0842,9.0842,9.0842,9.0842,9.0842,9.0842,9.0842,9.0842,9.0842,9.0842,9.0842,9.0842,9.0842,9.0842,9.0842,9.0842,9.0842,9.0842,9.0842,9.0842,9.0842,9.0842,9.0842,9.0842,9.0842,9.0842,9.0842,9.0842,9.0842,9.0842,9.0842,9.0842,9.0842,9.0842,9.0842,9.0842,9.0842,9.0842,9.0842,9.0842,9.0842,9.0842,9.0842,9.0842,9.0842,9.0842,9.0842,9.0842,9.0842,9.0842,9.0842,9.0842,9.0842,9.0842,9.0842,9.0842,9.0842,9.0842,9.0842,9.0842,9.0842,9.0842,9.0842,9.0842,9.0842,9.0842,9.0842,9.0842,9.0842,9.0842,9.0842,9.0842,9.0842,9.0842,9.0842,9.0842,9.0842,9.0842,9.0842,9.0842,9.0842,9.0842,9.0842,9.0842,9.0842,9.0842,9.0842,9.0842,9.0842,9.0842,9.0842,9.0842,9.0842,9.0842,9.0842,9.0842,9.0842,9.0842,9.0842,9.0842,9.0842,9.0842,9.0842,9.0842,9.0842,9.0842,9.0842,9.0842,9.0842,9.0842,9.0842,9.0842,9.0842,9.0842,9.0842,9.0842,9.0842,9.0842,9.0842,9.0842,9.0842,9.0842,9.0842,9.0842,9.0842,9.0842,9.0842,9.0842,9.0842,9.0842,9.0842,9.0842,9.0842,9.0842,9.0842,9.0842,9.0842,9.0842,9.0842,9.0842,9.0842,9.0842,9.0842,9.0842,9.0842,9.0842,9.0842,9.0842,9.0842,9.0842,9.0842,9.0842,9.0842,9.0842,9.0842,9.0842,9.0842,9.0842,9.0842,9.0842,9.0842,9.0842,9.0842,9.0842,9.0842,9.0842,9.0842,9.0842,9.0842,9.0842,9.0842,9.0842,9.0842,9.0842,9.0842,9.0842,9.0842,9.0842,9.0842,9.0842,9.0842,9.0842,9.0842,9.0842,9.0842,9.0842,9.0842,9.0842,9.0842,9.0842,9.0842,9.0842,9.0842,9.0842,9.0842,9.0842,9.0842,9.0842,9.0842,9.0842,9.0842,9.0842,9.0842,9.0842,9.0842,9.0842,9.0842,9.0842,9.0842,9.0842,9.0842,9.0842,9.0842,9.0842,9.0842,9.0842,9.0842,9.0842,9.0842,9.0842,9.0842,9.0842,9.0842,9.0842,9.0842,9.0842,9.0842,9.0842,9.0842,9.0842,9.0842,9.0842,9.0842,9.0842,9.0842,9.0842,9.0842,9.0842,9.0842,9.0842,9.0842,9.0842,9.0842,9.0842,9.0842,9.0842,9.0842,9.0842,9.0842,9.0842,9.0842,9.0842,9.0842,9.0842,9.0842,9.0842,9.0842,9.0842,9.0842,9.0842,9.0842,9.0842,9.0842,9.0842,9.0842,9.0842,9.0842,9.0842,9.0842,9.0842,9.0842,9.0842,9.0842,9.0842,9.0842,9.0842,9.0842,9.0842,9.0842,9.0842,9.0842,9.0842,9.0842,9.0842,9.0842,9.0842,9.0842,9.0842,9.0842,9.0842,9.0842,9.0842,9.0842,9.0842,9.0842,9.0842,9.0842,9.0842,9.0842,9.0842,9.0842,9.0842,9.0842,9.0842,9.0842,9.0842,9.0842,9.0842,9.0842,9.0842,9.0842,9.0842,9.0842,9.0842,9.0842,9.0842,9.0842,9.0842,9.0842,9.0842,9.0842,9.0842,9.0842,9.0842,9.0842,9.0842,9.0842,9.0842,9.0842,9.0842,9.0842,9.0842,9.0842,9.0842,9.0842,9.0842,9.0842,9.0842,9.0842,9.0842,9.0842,9.0842,9.0842,9.0842,9.0842,9.0842,9.0842,9.0842,9.0842,9.0842,9.0842,9.0842,9.0842,9.0842,9.0842,9.0842,9.0842,9.0842,9.0842,9.0842,9.0842,9.0842,9.0842,9.0842,9.0842,9.0842,9.0842,9.0842,9.0842,9.0842,9.0842,9.0842,9.0842,9.0842,9.0842,9.0842,9.0842,9.0842,9.0842,9.0842,9.0842,9.0842,9.0842,9.0842,9.0842,9.0842,9.0842,9.0842,9.0842,9.0842,9.0842,9.0842,9.0842,9.0842,9.0842,9.0842,9.0842,9.0842,9.0842,9.0842,9.0842,9.0842,9.0842,9.0842,9.0842,9.0842,9.0842,9.0842,9.0842,9.0842,9.0842,9.0842,9.0842,9.0842,9.0842,9.0842,9.0842,9.0842,9.0842,9.0842,9.0842,9.0842,9.0842,9.0842,9.0842,9.0842,9.0842,9.0842,9.0842,9.0842,9.0842,9.0842,9.0842,9.0842,9.0842,9.0842
9.0749,9.0749,9.0749,9.0749,9.0749,9.0749,9.0749,9.0749,9.0749,9.0749,9.0749,9.0749,9.0749,9.0749,9.0749,9.0749,9.0749,9.0749,9.0749,9.0749,9.0749,9.0749,9.0749,9.0749,9.0749,9.0749,9.0749,9.0749,9.0749,9.0749,9.0749,9.0749,9.0749,9.0749,9.0749,9.0749,9.0749,9.0749,9.0749,9.0749,9.0749,9.0749,9.0749,9.0749,9.0749,9.0749,9.0749,9.0749,9.0749,9.0749,9.0749,9.0749,9.0749,9.0749,9.0749,9.0749,9.0749,9.0749,9.0749,9.0749,9.0749,9.0749,9.0749,9.0749,9.0749,9.0749,9.0749,9.0749,9.0749,9.0749,9.0749,9.0749,9.0749,9.0749,9.0749,9.0749,9.0749,9.0749,9.0749,9.0749,9.0749,9.0749,9.0749,9.0749,9.0749,9.0749,9.0749,9.0749,9.0749,9.0749,9.0749,9.0749,9.0749,9.0749,9.0749,9.0749,9.0749,9.0749,9.0749,9.0749,9.0749,9.0749,9.0749,9.0749,9.0749,9.0749,9.0749,9.0749,9.0749,9.0749,9.0749,9.0749,9.0749,9.0749,9.0749,9.0749,9.0749,9.0749,9.0749,9.0749,9.0749,9.0749,9.0749,9.0749,9.0749,9.0749,9.0749,9.0749,9.0749,9.0749,9.0749,9.0749,9.0749,9.0749,9.0749,9.0749,9.0749,9.0749,9.0749,9.0749,9.0749,9.0749,9.0749,9.0749,9.0749,9.0749,9.0749,9.0749,9.0749,9.0749,9.0749,9.0749,9.0749,9.0749,9.0749,9.0749,9.0749,9.0749,9.0749,9.0749,9.0749,9.0749,9.0749,9.0749,9.0749,9.0749,9.0749,9.0749,9.0749,9.0749,9.0749,9.0749,9.0749,9.0749,9.0749,9.0749,9.0749,9.0749,9.0749,9.0749,9.0749,9.0749,9.0749,9.0749,9.0749,9.0749,9.0749,9.0749,9.0749,9.0749,9.0749,9.0749,9.0749,9.0749,9.0749,9.0749,9.0749,9.0749,9.0749,9.0749,9.0749,9.0749,9.0749,9.0749,9.0749,9.0749,9.0749,9.0749,9.0749,9.0749,9.0749,9.0749,9.0749,9.0749,9.0749,9.0749,9.0749,9.0749,9.0749,9.0749,9.0749,9.0749,9.0749,9.0749,9.0749,9.0749,9.0749,9.0749,9.0749,9.0749,9.0749,9.0749,9.0749,9.0749,9.0749,9.0749,9.0749,9.0749,9.0749,9.0749,9.0749,9.0749,9.0749,9.0749,9.0749,9.0749,9.0749,9.0749,9.0749,9.0749,9.0749,9.0749,9.0749,9.0749,9.0749,9.0749,9.0749,9.0749,9.0749,9.0749,9.0749,9.0749,9.0749,9.0749,9.0749,9.0749,9.0749,9.0749,9.0749,9.0749,9.0749,9.0749,9.0749,9.0749,9.0749,9.0749,9.0749,9.0749,9.0749,9.0749,9.0749,9.0749,9.0749,9.0749,9.0749,9.0749,9.0749,9.0749,9.0749,9.0749,9.0749,9.0749,9.0749,9.0749,9.0749,9.0749,9.0749,9.0749,9.0749,9.0749,9.0749,9.0749,9.0749,9.0749,9.0749,9.0749,9.0749,9.0749,9.0749,9.0749,9.0749,9.0749,9.0749,9.0749,9.0749,9.0749,9.0749,9.0749,9.0749,9.0749,9.0749,9.0749,9.0749,9.0749,9.0749,9.0749,9.0749,9.0749,9.0749,9.0749,9.0749,9.0749,9.0749,9.0749,9.0749,9.0749,9.0749,9.0749,9.0749,9.0749,9.0749,9.0749,9.0749,9.0749,9.0749,9.0749,9.0749,9.0749,9.0749,9.0749,9.0749,9.0749,9.0749,9.0749,9.0749,9.0749,9.0749,9.0749,9.0749,9.0749,9.0749,9.0749,9.0749,9.0749,9.0749,9.0749,9.0749,9.0749,9.0749,9.0749,9.0749,9.0749,9.0749,9.0749,9.0749,9.0749,9.0749,9.0749,9.0749,9.0749,9.0749,9.0749,9.0749,9.0749,9.0749,9.0749,9.0749,9.0749,9.0749,9.0749,9.0749,9.0749,9.0749,9.0749,9.0749,9.0749,9.0749,9.0749,9.0749,9.0749,9.0749,9.0749,9.0749,9.0749,9.0749,9.0749,9.0749,9.0749,9.0749,9.0749,9.0749,9.0749,9.0749,9.0749,9.0749,9.0749,9.0749,9.0749,9.0749,9.0749,9.0749,9.0749,9.0749,9.0749,9.0749,9.0749,9.0749,9.0749,9.0749,9.0749,9.0749,9.0749,9.0749,9.0749,9.0749,9.0749,9.0749,9.0749,9.0749,9.0749,9.0749,9.0749,9.0749,9.0749,9.0749,9.0749,9.0749,9.0749,9.0749,9.0749,9.0749,9.0749,9.0749,9.0749,9.0749,9.0749,9.0749,9.0749,9.0749,9.0749,9.0749,9.0749,9.0749,9.0749,9.0749,9.0749,9.0749,9.0749,9.0749,9.0749,9.0749,9.0749,9.0749,9.0749,9.0749,9.0749,9.0749,9.0749,9.0749,9.0749,9.0749,9.0749,9.0749,9.0749,9.0749,9.0749,9.0749,9.0749,9.0749,9.0749,9.0749,9.0749,9.0749,9.0749,9.0749,9.0749,9.0749,9.0749,9.0749,9.0749,9.0749,9.0749,9.0749,9.0749,9.0749,9.0749,9.0749,9.0749,9.0749,9.0749,9.0749,9.0749,9.0749,9.0749,9.0749,9.0749,9.0749,9.0749,9.0749,9.0749,9.0749,9.0749,9.0749,9.0749,9.0749,9.0749,9.0749,9.0749,9.0749,9.0749,9.0749,9.0749,9.0749,9.0749,9.0749,9.0749,9.0749,9.0749,9.0749,9.0749,9.0749,9.0749,9.0749,9.0749,9.0749,9.0749,9.0749,9.0749,9.0749,9.0749,9.0749,9.0749,9.0749,9.0749,9.0749,9.0749,9.0749,9.0749,9.0749,9.0749,9.0749,9.0749,9.0749,9.0749,9.0749,9.0749,9.0749,9.0749,9.0749,9.0749,9.0749,9.0749,9.0749,9.0749,9.0749,9.0749,9.0749,9.0749,9.0749,9.0749,9.0749,9.0749,9.0749,9.0749,9.0749,9.0749,9.0749,9.0749,9.0749,9.0749,9.0749,9.0749,9.0749,9.0749,9.0749,9.0749,9.0749,9.0749,9.0749,9.0749,9.0749,9.0749,9.0749,9.0749,9.0749,9.0749,9.0749,9.0749,9.0749,9.0749,9.0749,9.0749,9.0749,9.0749,9.0749,9.0749,9.0749,9.0749,9.0749,9.0749,9.0749,9.0749,9.0749,9.0749,9.0749,9.0749,9.0749,9.0749,9.0749,9.0749,9.0749,9.0749,9.0749,9.0749,9.0749,9.0749,9.0749,9.0749,9.0749,9.0749,9.0749,9.0749,9.0749,9.0749,9.0749,9.0749,9.0749,9.0749,9.0749,9.0749,9.0749,9.0749,9.0749,9.0749,9.0749,9.0749,9.0749,9.0749,9.0749,9.0749,9.0749,9.0749,9.0749,9.0749,9.0749,9.0749,9.0749,9.0749,9.0749,9.0749,9.0749,9.0749,9.0749,9.0749,9.0749,9.0749,9.0749,9.0749,9.0749,9.0749,9.0749,9.0749,9.0749,9.0749,9.0749,9.0749,9.0749,9.0749,9.0749,9.0749,9.0749,9.0749,9.0749,9.0749,9.0749,9.0749,9.0749,9.0749,9.0749,9.0749,9.0749,9.0749,9.0749,9.0749,9.0749,9.0749,9.0749,9.0749,9.0749,9.0749,9.0749,9.0749,9.0749,9.0749,9.0749,9.0749,9.0749,9.0749,9.0749,9.0749,9.0749,9.0749,9.0749,9.0749,9.0749,9.0749,9.0749,9.0749,9.0749,9.0749,9.0749,9.0749,9.0749,9.0749,9.0749,9.0749,9.0749,9.0749,9.0749,9.0749,9.0749,9.0749,9.0749,9.0749,9.0749,9.0749,9.0749,9.0749,9.0749,9.0749,9.0749,9.0749,9.0749,9.0749,9.0749,9.0749,9.0749,9.0749,9.0749,9.0749,9.0749,9.0749,9.0749,9.0749,9.0749,9.0749,9.0749,9.0749,9.0749,9.0749,9.0749,9.0749,9.0749,9.0749,9.0749,9.0749,9.0749,9.0749,9.0749,9.0749,9.0749,9.0749,9.0749,9.0749,9.0749,9.0749,9.0749,9.0749,9.0749,9.0749,9.0749,9.0749,9.0749,9.0749,9.0749,9.0749,9.0749,9.0749,9.0749,9.0749,9.0749,9.0749,9.0749,9.0749,9.0749,9.0749,9.0749,9.0749,9.0749,9.0749,9.0749,9.0749,9.0749,9.0749,9.0749,9.0749,9.0749,9.0749,9.0749,9.0749,9.0749,9.0749,9.0749,9.0749,9.0749,9.0749,9.0749,9.0749,9.0749,9.0749,9.0749,9.0749,9.0749,9.0749,9.0749,9.0749,9.0749,9.0749,9.0749,9.0749,9.0749,9.0749,9.0749,9.0749,9.0749,9.0749,9.0749,9.0749,9.0749,9.0749,9.0749,9.0749,9.0749,9.0749,9.0749,9.0749,9.0749,9.0749,9.0749,9.0749,9.0749,9.0749,9.0749,9.0749,9.0749,9.0749,9.0749,9.0749,9.0749,9.0749,9.0749,9.0749,9.0749,9.0749,9.0749,9.0749,9.0749,9.0749,9.0749,9.0749,9.0749,9.0749,9.0749,9.0749,9.0749,9.0749,9.0749,9.0749,9.0749,9.0749,9.0749,9.0749,9.0749,9.0749,9.0749,9.0749,9.0749,9.0749,9.0749,9.0749,9.0749,9.0749,9.0749,9.0749,9.0749,9.0749,9.0749,9.0749,9.0749,9.0749,9.0749,9.0749,9.0749,9.0749,9.0749,9.0749,9.0749,9.0749,9.0749,9.0749,9.0749,9.0749,9.0749,9.0749,9.0749,9.0749,9.0749,9.0749,9.0749,9.0749,9.0749,9.0749,9.0749,9.0749,9.0749,9.0749,9.0749,9.0749,9.0749,9.0749,9.0749,9.0749,9.0749,9.0749,9.0749,9.0749,9.0749,9.0749,9.0749,9.0749,9.0749,9.0749,9.0749,9.0749,9.0749,9.0749,9.0749,9.0749,9.0749,9.0749
9.0656,9.0656,9.0656,9.0656,9.0656,9.0656,9.0656,9.0656,9.0656,9.0656,9.0656,9.0656,9.0656,9.0656,9.0656,9.0656,9.0656,9.0656,9.0656,9.0656,9.0656,9.0656,9.0656,9.0656,9.0656,9.0656,9.0656,9.0656,9.0656,9.0656,9.0656,9.0656,9.0656,9.0656,9.0656,9.0656,9.0656,9.0656,9.0656,9.0656,9.0656,9.0656,9.0656,9.0656,9.0656,9.0656,9.0656,9.0656,9.0656,9.0656,9.0656,9.0656,9.0656,9.0656,9.0656,9.0656,9.0656,9.0656,9.0656,9.0656,9.0656,9.0656,9.0656,9.0656,9.0656,9.0656,9.0656,9.0656,9.0656,9.0656,9.0656,9.0656,9.0656,9.0656,9.0656,9.0656,9.0656,9.0656,9.0656,9.0656,9.0656,9.0656,9.0656,9.0656,9.0656,9.0656,9.0656,9.0656,9.0656,9.0656,9.0656,9.0656,9.0656,9.0656,9.0656,9.0656,9.0656,9.0656,9.0656,9.0656,9.0656,9.0656,9.0656,9.0656,9.0656,9.0656,9.0656,9.0656,9.0656,9.0656,9.0656,9.0656,9.0656,9.0656,9.0656,9.0656,9.0656,9.0656,9.0656,9.0656,9.0656,9.0656,9.0656,9.0656,9.0656,9.0656,9.0656,9.0656,9.0656,9.0656,9.0656,9.0656,9.0656,9.0656,9.0656,9.0656,9.0656,9.0656,9.0656,9.0656,9.0656,9.0656,9.0656,9.0656,9.0656,9.0656,9.0656,9.0656,9.0656,9.0656,9.0656,9.0656,9.0656,9.0656,9.0656,9.0656,9.0656,9.0656,9.0656,9.0656,9.0656,9.0656,9.0656,9.0656,9.0656,9.0656,9.0656,9.0656,9.0656,9.0656,9.0656,9.0656,9.0656,9.0656,9.0656,9.0656,9.0656,9.0656,9.0656,9.0656,9.0656,9.0656,9.0656,9.0656,9.0656,9.0656,9.0656,9.0656,9.0656,9.0656,9.0656,9.0656,9.0656,9.0656,9.0656,9.0656,9.0656,9.0656,9.0656,9.0656,9.0656,9.0656,9.0656,9.0656,9.0656,9.0656,9.0656,9.0656,9.0656,9.0656,9.0656,9.0656,9.0656,9.0656,9.0656,9.0656,9.0656,9.0656,9.0656,9.0656,9.0656,9.0656,9.0656,9.0656,9.0656,9.0656,9.0656,9.0656,9.0656,9.0656,9.0656,9.0656,9.0656,9.0656,9.0656,9.0656,9.0656,9.0656,9.0656,9.0656,9.0656,9.0656,9.0656,9.0656,9.0656,9.0656,9.0656,9.0656,9.0656,9.0656,9.0656,9.0656,9.0656,9.0656,9.0656,9.0656,9.0656,9.0656,9.0656,9.0656,9.0656,9.0656,9.0656,9.0656,9.0656,9.0656,9.0656,9.0656,9.0656,9.0656,9.0656,9.0656,9.0656,9.0656,9.0656,9.0656,9.0656,9.0656,9.0656,9.0656,9.0656,9.0656,9.0656,9.0656,9.0656,9.0656,9.0656,9.0656,9.0656,9.0656,9.0656,9.0656,9.0656,9.0656,9.0656,9.0656,9.0656,9.0656,9.0656,9.0656,9.0656,9.0656,9.0656,9.0656,9.0656,9.0656,9.0656,9.0656,9.0656,9.0656,9.0656,9.0656,9.0656,9.0656,9.0656,9.0656,9.0656,9.0656,9.0656,9.0656,9.0656,9.0656,9.0656,9.0656,9.0656,9.0656,9.0656,9.0656,9.0656,9.0656,9.0656,9.0656,9.0656,9.0656,9.0656,9.0656,9.0656,9.0656,9.0656,9.0656,9.0656,9.0656,9.0656,9.0656,9.0656,9.0656,9.0656,9.0656,9.0656,9.0656,9.0656,9.0656,9.0656,9.0656,9.0656,9.0656,9.0656,9.0656,9.0656,9.0656,9.0656,9.0656,9.0656,9.0656,9.0656,9.0656,9.0656,9.0656,9.0656,9.0656,9.0656,9.0656,9.0656,9.0656,9.0656,9.0656,9.0656,9.0656,9.0656,9.0656,9.0656,9.0656,9.0656,9.0656,9.0656,9.0656,9.0656,9.0656,9.0656,9.0656,9.0656,9.0656,9.0656,9.0656,9.0656,9.0656,9.0656,9.0656,9.0656,9.0656,9.0656,9.0656,9.0656,9.0656,9.0656,9.0656,9.0656,9.0656,9.0656,9.0656,9.0656,9.0656,9.0656,9.0656,9.0656,9.0656,9.0656,9.0656,9.0656,9.0656,9.0656,9.0656,9.0656,9.0656,9.0656,9.0656,9.0656,9.0656,9.0656,9.0656,9.0656,9.0656,9.0656,9.0656,9.0656,9.0656,9.0656,9.0656,9.0656,9.0656,9.0656,9.0656,9.0656,9.0656,9.0656,9.0656,9.0656,9.0656,9.0656,9.0656,9.0656,9.0656,9.0656,9.0656,9.0656,9.0656,9.0656,9.0656,9.0656,9.0656,9.0656,9.0656,9.0656,9.0656,9.0656,9.0656,9.0656,9.0656,9.0656,9.0656,9.0656,9.0656,9.0656,9.0656,9.0656,9.0656,9.0656,9.0656,9.0656,9.0656,9.0656,9.0656,9.0656,9.0656,9.0656,9.0656,9.0656,9.0656,9.0656,9.0656,9.0656,9.0656,9.0656,9.0656,9.0656,9.0656,9.0656,9.0656,9.0656,9.0656,9.0656,9.0656,9.0656,9.0656,9.0656,9.0656,9.0656,9.0656,9.0656,9.0656,9.0656,9.0656,9.0656,9.0656,9.0656,9.0656,9.0656,9.0656,9.0656,9.0656,9.0656,9.0656,9.0656,9.0656,9.0656,9.0656,9.0656,9.0656,9.0656,9.0656,9.0656,9.0656,9.0656,9.0656,9.0656,9.0656,9.0656,9.0656,9.0656,9.0656,9.0656,9.0656,9.0656,9.0656,9.0656,9.0656,9.0656,9.0656,9.0656,9.0656,9.0656,9.0656,9.0656,9.0656,9.0656,9.0656,9.0656,9.0656,9.0656,9.0656,9.0656,9.0656,9.0656,9.0656,9.0656,9.0656,9.0656,9.0656,9.0656,9.0656,9.0656,9.0656,9.0656,9.0656,9.0656,9.0656,9.0656,9.0656,9.0656,9.0656,9.0656,9.0656,9.0656,9.0656,9.0656,9.0656,9.0656,9.0656,9.0656,9.0656,9.0656,9.0656,9.0656,9.0656,9.0656,9.0656,9.0656,9.0656,9.0656,9.0656,9.0656,9.0656,9.0656,9.0656,9.0656,9.0656,9.0656,9.0656,9.0656,9.0656,9.0656,9.0656,9.0656,9.0656,9.0656,9.0656,9.0656,9.0656,9.0656,9.0656,9.0656,9.0656,9.0656,9.0656,9.0656,9.0656,9.0656,9.0656,9.0656,9.0656,9.0656,9.0656,9.0656,9.0656,9.0656,9.0656,9.0656,9.0656,9.0656,9.0656,9.0656,9.0656,9.0656,9.0656,9.0656,9.0656,9.0656,9.0656,9.0656,9.0656,9.0656,9.0656,9.0656,9.0656,9.0656,9.0656,9.0656,9.0656,9.0656,9.0656,9.0656,9.0656,9.0656,9.0656,9.0656,9.0656,9.0656,9.0656,9.0656,9.0656,9.0656,9.0656,9.0656,9.0656,9.0656,9.0656,9.0656,9.0656,9.0656,9.0656,9.0656,9.0656,9.0656,9.0656,9.0656,9.0656,9.0656,9.0656,9.0656,9.0656,9.0656,9.0656,9.0656,9.0656,9.0656,9.0656,9.0656,9.0656,9.0656,9.0656,9.0656,9.0656,9.0656,9.0656,9.0656,9.0656,9.0656,9.0656,9.0656,9.0656,9.0656,9.0656,9.0656,9.0656,9.0656,9.0656,9.0656,9.0656,9.0656,9.0656,9.0656,9.0656,9.0656,9.0656,9.0656,9.0656,9.0656,9.0656,9.0656,9.0656,9.0656,9.0656,9.0656,9.0656,9.0656,9.0656,9.0656,9.0656,9.0656,9.0656,9.0656,9.0656,9.0656,9.0656,9.0656,9.0656,9.0656,9.0656,9.0656,9.0656,9.0656,9.0656,9.0656,9.0656,9.0656,9.0656,9.0656,9.0656,9.0656,9.0656,9.0656,9.0656,9.0656,9.0656,9.0656,9.0656,9.0656,9.0656,9.0656,9.0656,9.0656,9.0656,9.0656,9.0656,9.0656,9.0656,9.0656,9.0656,9.0656,9.0656,9.0656,9.0656,9.0656,9.0656,9.0656,9.0656,9.0656,9.0656,9.0656,9.0656,9.0656,9.0656,9.0656,9.0656,9.0656,9.0656,9.0656,9.0656,9.0656,9.0656,9.0656,9.0656,9.0656,9.0656,9.0656,9.0656,9.0656,9.0656,9.0656,9.0656,9.0656,9.0656,9.0656,9.0656,9.0656,9.0656,9.0656,9.0656,9.0656,9.0656,9.0656,9.0656,9.0656,9.0656,9.0656,9.0656,9.0656,9.0656,9.0656,9.0656,9.0656,9.0656,9.0656,9.0656,9.0656,9.0656,9.0656,9.0656,9.0656,9.0656,9.0656,9.0656,9.0656,9.0656,9.0656,9.0656,9.0656,9.0656,9.0656,9.0656,9.0656,9.0656,9.0656,9.0656,9.0656,9.0656,9.0656,9.0656,9.0656,9.0656,9.0656,9.0656,9.0656,9.0656,9.0656,9.0656,9.0656,9.0656,9.0656,9.0656,9.0656,9.0656,9.0656,9.0656,9.0656,9.0656,9.0656,9.0656,9.0656,9.0656,9.0656,9.0656,9.0656,9.0656,9.0656,9.0656,9.0656,9.0656,9.0656,9.0656,9.0656,9.0656,9.0656,9.0656,9.0656,9.0656,9.0656,9.0656,9.0656,9.0656,9.0656,9.0656,9.0656,9.0656,9.0656,9.0656,9.0656,9.0656,9.0656,9.0656,9.0656,9.0656,9.0656,9.0656,9.0656,9.0656,9.0656,9.0656,9.0656,9.0656,9.0656,9.0656,9.0656,9.0656,9.0656,9.0656,9.0656,9.0656,9.0656,9.0656,9.0656,9.0656,9.0656,9.0656,9.0656,9.0656,9.0656,9.0656,9.0656,9.0656,9.0656,9.0656,9.0656,9.0656,9.0656,9.0656,9.0656,9.0656,9.0656,9.0656,9.0656,9.0656,9.0656,9.0656,9.0656,9.0656,9.0656,9.0656,9.0656,9.0656
9.0568,9.0568,9.0568,9.0568,9.0568,9.0568,9.0568,9.0568,9.0568,9.0568,9.0568,9.0568,9.0568,9.0568,9.0568,9.0568,9.0568,9.0568,9.0568,9.0568,9.0568,9.0568,9.0568,9.0568,9.0568,9.0568,9.0568,9.0568,9.0568,9.0558,9.0558,9.0558,9.0558,9.0558,9.0558,9.0558,9.0558,9.0558,9.0558,9.0558,9.0558,9.0558,9.0558,9.0558,9.0558,9.0558,9.0558,9.0558,9.0558,9.0558,9.0558,9.0558,9.0558,9.0558,9.0558,9.0558,9.0558,9.0558,9.0558,9.0558,9.0558,9.0558,9.0558,9.0558,9.0558,9.0558,9.0558,9.0558,9.0558,9.0558,9.0558,9.0558,9.0558,9.0558,9.0558,9.0558,9.0558,9.0558,9.0558,9.0558,9.0558,9.0558,9.0558,9.0558,9.0558,9.0558,9.0558,9.0558,9.0558,9.0558,9.0558,9.0558,9.0558,9.0558,9.0558,9.0558,9.0558,9.0558,9.0558,9.0558,9.0558,9.0558,9.0558,9.0558,9.0558,9.0558,9.0558,9.0558,9.0558,9.0558,9.0558,9.0558,9.0558,9.0558,9.0558,9.0558,9.0558,9.0558,9.0558,9.0558,9.0558,9.0558,9.0558,9.0558,9.0558,9.0558,9.0558,9.0558,9.0558,9.0558,9.0558,9.0558,9.0558,9.0558,9.0558,9.0558,9.0558,9.0558,9.0558,9.0558,9.0558,9.0558,9.0558,9.0558,9.0558,9.0558,9.0558,9.0558,9.0558,9.0558,9.0558,9.0558,9.0558,9.0558,9.0558,9.0558,9.0558,9.0558,9.0558,9.0558,9.0558,9.0558,9.0558,9.0558,9.0558,9.0558,9.0558,9.0558,9.0558,9.0558,9.0558,9.0558,9.0558,9.0558,9.0558,9.0558,9.0558,9.0558,9.0558,9.0558,9.0558,9.0558,9.0558,9.0558,9.0558,9.0558,9.0558,9.0558,9.0558,9.0558,9.0558,9.0558,9.0558,9.0558,9.0558,9.0558,9.0558,9.0558,9.0558,9.0558,9.0558,9.0558,9.0558,9.0558,9.0558,9.0558,9.0558,9.0558,9.0558,9.0558,9.0558,9.0558,9.0558,9.0558,9.0558,9.0558,9.0558,9.0558,9.0558,9.0558,9.0558,9.0558,9.0558,9.0558,9.0558,9.0558,9.0558,9.0558,9.0558,9.0558,9.0558,9.0558,9.0558,9.0558,9.0558,9.0558,9.0558,9.0558,9.0558,9.0558,9.0558,9.0558,9.0558,9.0558,9.0558,9.0558,9.0558,9.0558,9.0558,9.0558,9.0558,9.0558,9.0558,9.0558,9.0558,9.0558,9.0558,9.0558,9.0558,9.0558,9.0558,9.0558,9.0558,9.0558,9.0558,9.0558,9.0558,9.0558,9.0558,9.0558,9.0558,9.0558,9.0558,9.0558,9.0558,9.0558,9.0558,9.0558,9.0558,9.0558,9.0558,9.0558,9.0558,9.0558,9.0558,9.0558,9.0558,9.0558,9.0558,9.0558,9.0558,9.0558,9.0558,9.0558,9.0558,9.0558,9.0558,9.0558,9.0558,9.0558,9.0558,9.0558,9.0558,9.0558,9.0558,9.0558,9.0558,9.0558,9.0558,9.0558,9.0558,9.0558,9.0558,9.0558,9.0558,9.0558,9.0558,9.0558,9.0558,9.0558,9.0558,9.0558,9.0558,9.0558,9.0558,9.0558,9.0558,9.0558,9.0558,9.0558,9.0558,9.0558,9.0558,9.0558,9.0558,9.0558,9.0558,9.0558,9.0558,9.0558,9.0558,9.0558,9.0558,9.0558,9.0558,9.0558,9.0558,9.0558,9.0558,9.0558,9.0558,9.0558,9.0558,9.0558,9.0558,9.0558,9.0558,9.0558,9.0558,9.0558,9.0558,9.0558,9.0558,9.0558,9.0558,9.0558,9.0558,9.0558,9.0558,9.0558,9.0558,9.0558,9.0558,9.0558,9.0558,9.0558,9.0558,9.0558,9.0558,9.0558,9.0558,9.0558,9.0558,9.0558,9.0558,9.0558,9.0558,9.0558,9.0558,9.0558,9.0558,9.0558,9.0558,9.0558,9.0558,9.0558,9.0558,9.0558,9.0558,9.0558,9.0558,9.0558,9.0558,9.0558,9.0558,9.0558,9.0558,9.0558,9.0558,9.0558,9.0558,9.0558,9.0558,9.0558,9.0558,9.0558,9.0558,9.0558,9.0558,9.0558,9.0558,9.0558,9.0558,9.0558,9.0558,9.0558,9.0558,9.0558,9.0558,9.0558,9.0558,9.0558,9.0558,9.0558,9.0558,9.0558,9.0558,9.0558,9.0558,9.0558,9.0558,9.0558,9.0558,9.0558,9.0558,9.0558,9.0558,9.0558,9.0558,9.0558,9.0558,9.0558,9.0558,9.0558,9.0558,9.0558,9.0558,9.0558,9.0558,9.0558,9.0558,9.0558,9.0558,9.0558,9.0558,9.0558,9.0558,9.0558,9.0558,9.0558,9.0558,9.0558,9.0558,9.0558,9.0558,9.0558,9.0558,9.0558,9.0558,9.0558,9.0558,9.0558,9.0558,9.0558,9.0558,9.0558,9.0558,9.0558,9.0558,9.0558,9.0558,9.0558,9.0558,9.0558,9.0558,9.0558,9.0558,9.0558,9.0558,9.0558,9.0558,9.0558,9.0558,9.0558,9.0558,9.0558,9.0558,9.0558,9.0558,9.0558,9.0558,9.0558,9.0558,9.0558,9.0558,9.0558,9.0558,9.0558,9.0558,9.0558,9.0558,9.0558,9.0558,9.0558,9.0558,9.0558,9.0558,9.0558,9.0558,9.0558,9.0558,9.0558,9.0558,9.0558,9.0558,9.0558,9.0558,9.0558,9.0558,9.0558,9.0558,9.0558,9.0558,9.0558,9.0558,9.0558,9.0558,9.0558,9.0558,9.0558,9.0558,9.0558,9.0558,9.0558,9.0558,9.0558,9.0558,9.0558,9.0558,9.0558,9.0558,9.0558,9.0558,9.0558,9.0558,9.0558,9.0558,9.0558,9.0558,9.0558,9.0558,9.0558,9.0558,9.0558,9.0558,9.0558,9.0558,9.0558,9.0558,9.0558,9.0558,9.0558,9.0558,9.0558,9.0558,9.0558,9.0558,9.0558,9.0558,9.0558,9.0558,9.0558,9.0558,9.0558,9.0558,9.0558,9.0558,9.0558,9.0558,9.0558,9.0558,9.0558,9.0558,9.0558,9.0558,9.0558,9.0558,9.0558,9.0558,9.0558,9.0558,9.0558,9.0558,9.0558,9.0558,9.0558,9.0558,9.0558,9.0558,9.0558,9.0558,9.0558,9.0558,9.0558,9.0558,9.0558,9.0558,9.0558,9.0558,9.0558,9.0558,9.0558,9.0558,9.0558,9.0558,9.0558,9.0558,9.0558,9.0558,9.0558,9.0558,9.0558,9.0558,9.0558,9.0558,9.0558,9.0558,9.0558,9.0558,9.0558,9.0558,9.0558,9.0558,9.0558,9.0558,9.0558,9.0558,9.0558,9.0558,9.0558,9.0558,9.0558,9.0558,9.0558,9.0558,9.0558,9.0558,9.0558,9.0558,9.0558,9.0558,9.0558,9.0558,9.0558,9.0558,9.0558,9.0558,9.0558,9.0558,9.0558,9.0558,9.0558,9.0558,9.0558,9.0558,9.0558,9.0558,9.0558,9.0558,9.0558,9.0558,9.0558,9.0558,9.0558,9.0558,9.0558,9.0558,9.0558,9.0558,9.0558,9.0558,9.0558,9.0558,9.0558,9.0558,9.0558,9.0558,9.0558,9.0558,9.0558,9.0558,9.0558,9.0558,9.0558,9.0558,9.0558,9.0558,9.0558,9.0558,9.0558,9.0558,9.0558,9.0558,9.0558,9.0558,9.0558,9.0558,9.0558,9.0558,9.0558,9.0558,9.0558,9.0558,9.0558,9.0558,9.0558,9.0558,9.0558,9.0558,9.0558,9.0558,9.0558,9.0558,9.0558,9.0558,9.0558,9.0558,9.0558,9.0558,9.0558,9.0558,9.0558,9.0558,9.0558,9.0558,9.0558,9.0558,9.0558,9.0558,9.0558,9.0558,9.0558,9.0558,9.0558,9.0558,9.0558,9.0558,9.0558,9.0558,9.0558,9.0558,9.0558,9.0558,9.0558,9.0558,9.0558,9.0558,9.0558,9.0558,9.0558,9.0558,9.0558,9.0558,9.0558,9.0558,9.0558,9.0558,9.0558,9.0558,9.0558,9.0558,9.0558,9.0558,9.0558,9.0558,9.0558,9.0558,9.0558,9.0558,9.0558,9.0558,9.0558,9.0558,9.0558,9.0558,9.0558,9.0558,9.0558,9.0558,9.0558,9.0558,9.0558,9.0558,9.0558,9.0558,9.0558,9.0558,9.0558,9.0558,9.0558,9.0558,9.0558,9.0558,9.0558,9.0558,9.0558,9.0558,9.0558,9.0558,9.0558,9.0558,9.0558,9.0558,9.0558,9.0558,9.0558,9.0558,9.0558,9.0558,9.0558,9.0558,9.0558,9.0558,9.0558,9.0558,9.0558,9.0558,9.0558,9.0558,9.0558,9.0558,9.0558,9.0558,9.0558,9.0558,9.0558,9.0558,9.0558,9.0558,9.0558,9.0558,9.0558,9.0558,9.0558,9.0558,9.0558,9.0558,9.0558,9.0558,9.0558,9.0558,9.0558,9.0558,9.0558,9.0558,9.0558,9.0558,9.0558,9.0558,9.0558,9.0558,9.0558,9.0558,9.0558,9.0558,9.0558,9.0558,9.0558,9.0558,9.0558,9.0558,9.0558,9.0558,9.0558,9.0558,9.0558,9.0558,9.0558,9.0558,9.0558,9.0558,9.0558,9.0558,9.0558,9.0558,9.0558,9.0558,9.0558,9.0558,9.0558,9.0558,9.0558,9.0558,9.0558,9.0558,9.0558,9.0558,9.0558,9.0558,9.0558,9.0558,9.0558,9.0558,9.0558,9.0558,9.0558,9.0558,9.0558,9.0558,9.0558,9.0558,9.0558,9.0558,9.0558,9.0558,9.0558,9.0558,9.0558,9.0558,9.0558,9.0558,9.0558,9.0558,9.0558,9.0558,9.0558,9.0558,9.0558,9.0558,9.0558,9.0558,9.0558,9.0558,9.0558,9.0558,9.0558,9.0558,9.0558,9.0558,9.0558
9.0465,9.0465,9.0465,9.0465,9.0465,9.0465,9.0465,9.0465,9.0465,9.0465,9.0465,9.0465,9.0465,9.0465,9.0465,9.0465,9.0465,9.0465,9.0465,9.0465,9.0465,9.0465,9.0465,9.0465,9.0465,9.0465,9.0465,9.0465,9.0465,9.0465,9.0465,9.0465,9.0465,9.0465,9.0465,9.0465,9.0465,9.0465,9.0465,9.0465,9.0465,9.0465,9.0465,9.0465,9.0465,9.0465,9.0465,9.0465,9.0465,9.0465,9.0465,9.0465,9.0465,9.0465,9.0465,9.0465,9.0465,9.0465,9.0465,9.0465,9.0465,9.0465,9.0465,9.0465,9.0465,9.0465,9.0465,9.0465,9.0465,9.0465,9.0465,9.0465,9.0465,9.0465,9.0465,9.0465,9.0465,9.0465,9.0465,9.0465,9.0465,9.0465,9.0465,9.0465,9.0465,9.0465,9.0465,9.0465,9.0465,9.0465,9.0465,9.0465,9.0465,9.0465,9.0465,9.0465,9.0465,9.0465,9.0465,9.0465,9.0465,9.0465,9.0465,9.0465,9.0465,9.0465,9.0465,9.0465,9.0465,9.0465,9.0465,9.0465,9.0465,9.0465,9.0465,9.0465,9.0465,9.0465,9.0465,9.0465,9.0465,9.0465,9.0465,9.0465,9.0465,9.0465,9.0465,9.0465,9.0465,9.0465,9.0465,9.0465,9.0465,9.0465,9.0465,9.0465,9.0465,9.0465,9.0465,9.0465,9.0465,9.0465,9.0465,9.0465,9.0465,9.0465,9.0465,9.0465,9.0465,9.0465,9.0465,9.0465,9.0465,9.0465,9.0465,9.0465,9.0465,9.0465,9.0465,9.0465,9.0465,9.0465,9.0465,9.0465,9.0465,9.0465,9.0465,9.0465,9.0465,9.0465,9.0465,9.0465,9.0465,9.0465,9.0465,9.0465,9.0465,9.0465,9.0465,9.0465,9.0465,9.0465,9.0465,9.0465,9.0465,9.0465,9.0465,9.0465,9.0465,9.0465,9.0465,9.0465,9.0465,9.0465,9.0465,9.0465,9.0465,9.0465,9.0465,9.0465,9.0465,9.0465,9.0465,9.0465,9.0465,9.0465,9.0465,9.0465,9.0465,9.0465,9.0465,9.0465,9.0465,9.0465,9.0465,9.0465,9.0465,9.0465,9.0465,9.0465,9.0465,9.0465,9.0465,9.0465,9.0465,9.0465,9.0465,9.0465,9.0465,9.0465,9.0465,9.0465,9.0465,9.0465,9.0465,9.0465,9.0465,9.0465,9.0465,9.0465,9.0465,9.0465,9.0465,9.0465,9.0465,9.0465,9.0465,9.0465,9.0465,9.0465,9.0465,9.0465,9.0465,9.0465,9.0465,9.0465,9.0465,9.0465,9.0465,9.0465,9.0465,9.0465,9.0465,9.0465,9.0465,9.0465,9.0465,9.0465,9.0465,9.0465,9.0465,9.0465,9.0465,9.0465,9.0465,9.0465,9.0465,9.0465,9.0465,9.0465,9.0465,9.0465,9.0465,9.0465,9.0465,9.0465,9.0465,9.0465,9.0465,9.0465,9.0465,9.0465,9.0465,9.0465,9.0465,9.0465,9.0465,9.0465,9.0465,9.0465,9.0465,9.0465,9.0465,9.0465,9.0465,9.0465,9.0465,9.0465,9.0465,9.0465,9.0465,9.0465,9.0465,9.0465,9.0465,9.0465,9.0465,9.0465,9.0465,9.0465,9.0465,9.0465,9.0465,9.0465,9.0465,9.0465,9.0465,9.0465,9.0465,9.0465,9.0465,9.0465,9.0465,9.0465,9.0465,9.0465,9.0465,9.0465,9.0465,9.0465,9.0465,9.0465,9.0465,9.0465,9.0465,9.0465,9.0465,9.0465,9.0465,9.0465,9.0465,9.0465,9.0465,9.0465,9.0465,9.0465,9.0465,9.0465,9.0465,9.0465,9.0465,9.0465,9.0465,9.0465,9.0465,9.0465,9.0465,9.0465,9.0465,9.0465,9.0465,9.0465,9.0465,9.0465,9.0465,9.0465,9.0465,9.0465,9.0465,9.0465,9.0465,9.0465,9.0465,9.0465,9.0465,9.0465,9.0465,9.0465,9.0465,9.0465,9.0465,9.0465,9.0465,9.0465,9.0465,9.0465,9.0465,9.0465,9.0465,9.0465,9.0465,9.0465,9.0465,9.0465,9.0465,9.0465,9.0465,9.0465,9.0465,9.0465,9.0465,9.0465,9.0465,9.0465,9.0465,9.0465,9.0465,9.0465,9.0465,9.0465,9.0465,9.0465,9.0465,9.0465,9.0465,9.0465,9.0465,9.0465,9.0465,9.0465,9.0465,9.0465,9.0465,9.0465,9.0465,9.0465,9.0465,9.0465,9.0465,9.0465,9.0465,9.0465,9.0465,9.0465,9.0465,9.0465,9.0465,9.0465,9.0465,9.0465,9.0465,9.0465,9.0465,9.0465,9.0465,9.0465,9.0465,9.0465,9.0465,9.0465,9.0465,9.0465,9.0465,9.0465,9.0465,9.0465,9.0465,9.0465,9.0465,9.0465,9.0465,9.0465,9.0465,9.0465,9.0465,9.0465,9.0465,9.0465,9.0465,9.0465,9.0465,9.0465,9.0465,9.0465,9.0465,9.0465,9.0465,9.0465,9.0465,9.0465,9.0465,9.0465,9.0465,9.0465,9.0465,9.0465,9.0465,9.0465,9.0465,9.0465,9.0465,9.0465,9.0465,9.0465,9.0465,9.0465,9.0465,9.0465,9.0465,9.0465,9.0465,9.0465,9.0465,9.0465,9.0465,9.0465,9.0465,9.0465,9.0465,9.0465,9.0465,9.0465,9.0465,9.0465,9.0465,9.0465,9.0465,9.0465,9.0465,9.0465,9.0465,9.0465,9.0465,9.0465,9.0465,9.0465,9.0465,9.0465,9.0465,9.0465,9.0465,9.0465,9.0465,9.0465,9.0465,9.0465,9.0465,9.0465,9.0465,9.0465,9.0465,9.0465,9.0465,9.0465,9.0465,9.0465,9.0465,9.0465,9.0465,9.0465,9.0465,9.0465,9.0465,9.0465,9.0465,9.0465,9.0465,9.0465,9.0465,9.0465,9.0465,9.0465,9.0465,9.0465,9.0465,9.0465,9.0465,9.0465,9.0465,9.0465,9.0465,9.0465,9.0465,9.0465,9.0465,9.0465,9.0465,9.0465,9.0465,9.0465,9.0465,9.0465,9.0465,9.0465,9.0465,9.0465,9.0465,9.0465,9.0465,9.0465,9.0465,9.0465,9.0465,9.0465,9.0465,9.0465,9.0465,9.0465,9.0465,9.0465,9.0465,9.0465,9.0465,9.0465,9.0465,9.0465,9.0465,9.0465,9.0465,9.0465,9.0465,9.0465,9.0465,9.0465,9.0465,9.0465,9.0465,9.0465,9.0465,9.0465,9.0465,9.0465,9.0465,9.0465,9.0465,9.0465,9.0465,9.0465,9.0465,9.0465,9.0465,9.0465,9.0465,9.0465,9.0465,9.0465,9.0465,9.0465,9.0465,9.0465,9.0465,9.0465,9.0465,9.0465,9.0465,9.0465,9.0465,9.0465,9.0465,9.0465,9.0465,9.0465,9.0465,9.0465,9.0465,9.0465,9.0465,9.0465,9.0465,9.0465,9.0465,9.0465,9.0465,9.0465,9.0465,9.0465,9.0465,9.0465,9.0465,9.0465,9.0465,9.0465,9.0465,9.0465,9.0465,9.0465,9.0465,9.0465,9.0465,9.0465,9.0465,9.0465,9.0465,9.0465,9.0465,9.0465,9.0465,9.0465,9.0465,9.0465,9.0465,9.0465,9.0465,9.0465,9.0465,9.0465,9.0465,9.0465,9.0465,9.0465,9.0465,9.0465,9.0465,9.0465,9.0465,9.0465,9.0465,9.0465,9.0465,9.0465,9.0465,9.0465,9.0465,9.0465,9.0465,9.0465,9.0465,9.0465,9.0465,9.0465,9.0465,9.0465,9.0465,9.0465,9.0465,9.0465,9.0465,9.0465,9.0465,9.0465,9.0465,9.0465,9.0465,9.0465,9.0465,9.0465,9.0465,9.0465,9.0465,9.0465,9.0465,9.0465,9.0465,9.0465,9.0465,9.0465,9.0465,9.0465,9.0465,9.0465,9.0465,9.0465,9.0465,9.0465,9.0465,9.0465,9.0465,9.0465,9.0465,9.0465,9.0465,9.0465,9.0465,9.0465,9.0465,9.0465,9.0465,9.0465,9.0465,9.0465,9.0465,9.0465,9.0465,9.0465,9.0465,9.0465,9.0465,9.0465,9.0465,9.0465,9.0465,9.0465,9.0465,9.0465,9.0465,9.0465,9.0465,9.0465,9.0465,9.0465,9.0465,9.0465,9.0465,9.0475,9.0475,9.0475,9.0475,9.0475,9.0475,9.0475,9.0475,9.0475,9.0475,9.0475,9.0475,9.0475,9.0475,9.0475,9.0475,9.0475,9.0475,9.0475,9.0475,9.0475,9.0475,9.0475,9.0475,9.0475,9.0475,9.0475,9.0475,9.0475,9.0475,9.0475,9.0475,9.0475,9.0475,9.0475,9.0475,9.0475,9.0475,9.0475,9.0475,9.0475,9.0475,9.0475,9.0475,9.0475,9.0475,9.0475,9.0475,9.0475,9.0475,9.0475,9.0475,9.0475,9.0475,9.0475,9.0475,9.0475,9.0475,9.0475,9.0475,9.0475,9.0475,9.0475,9.0475,9.0475,9.0475,9.0475,9.0475,9.0475,9.0475,9.0475,9.0475,9.0475,9.0475,9.0475,9.0475,9.0475,9.0475,9.0475,9.0475,9.0475,9.0475,9.0475,9.0475,9.0475,9.0475,9.0475,9.0475,9.0475,9.0475,9.0475,9.0475,9.0475,9.0475,9.0475,9.0475,9.0475,9.0475,9.0475,9.0475,9.0475,9.0475,9.0475,9.0475,9.0475,9.0475,9.0475,9.0475,9.0475,9.0475,9.0475,9.0475,9.0475,9.0475,9.0475,9.0475,9.0475,9.0475,9.0475,9.0475,9.0475,9.0475,9.0475,9.0475,9.0475,9.0475,9.0475,9.0475,9.0475,9.0475,9.0475,9.0475,9.0475,9.0475,9.0475,9.0475,9.0475,9.0475,9.0475,9.0475,9.0475,9.0475,9.0475,9.0475,9.0475,9.0475,9.0475,9.0475,9.0475,9.0475,9.0475,9.0475,9.0475,9.0475,9.0475,9.0475,9.0475
9.0383,9.0383,9.0383,9.0383,9.0383,9.0383,9.0383,9.0383,9.0383,9.0383,9.0383,9.0383,9.0383,9.0383,9.0383,9.0383,9.0383,9.0383,9.0383,9.0383,9.0383,9.0383,9.0383,9.0383,9.0383,9.0383,9.0383,9.0383,9.0383,9.0383,9.0383,9.0383,9.0383,9.0383,9.0383,9.0383,9.0383,9.0383,9.0383,9.0383,9.0383,9.0383,9.0383,9.0383,9.0383,9.0383,9.0383,9.0383,9.0383,9.0383,9.0383,9.0383,9.0383,9.0383,9.0383,9.0383,9.0383,9.0383,9.0383,9.0383,9.0383,9.0383,9.0383,9.0383,9.0383,9.0383,9.0383,9.0383,9.0383,9.0383,9.0383,9.0383,9.0383,9.0383,9.0383,9.0383,9.0383,9.0383,9.0383,9.0383,9.0383,9.0383,9.0383,9.0383,9.0383,9.0383,9.0383,9.0383,9.0383,9.0383,9.0383,9.0383,9.0383,9.0383,9.0383,9.0383,9.0383,9.0383,9.0383,9.0383,9.0383,9.0383,9.0383,9.0383,9.0383,9.0383,9.0383,9.0383,9.0383,9.0383,9.0383,9.0383,9.0383,9.0383,9.0383,9.0383,9.0383,9.0383,9.0383,9.0383,9.0383,9.0383,9.0383,9.0383,9.0383,9.0383,9.0383,9.0383,9.0383,9.0383,9.0383,9.0383,9.0383,9.0383,9.0383,9.0383,9.0383,9.0383,9.0383,9.0383,9.0383,9.0383,9.0383,9.0383,9.0383,9.0383,9.0383,9.0383,9.0383,9.0383,9.0383,9.0383,9.0383,9.0383,9.0383,9.0383,9.0383,9.0383,9.0383,9.0383,9.0383,9.0383,9.0383,9.0383,9.0383,9.0383,9.0383,9.0383,9.0383,9.0383,9.0383,9.0383,9.0383,9.0383,9.0383,9.0383,9.0383,9.0383,9.0383,9.0383,9.0383,9.0383,9.0383,9.0383,9.0383,9.0383,9.0383,9.0383,9.0383,9.0383,9.0383,9.0383,9.0383,9.0383,9.0383,9.0383,9.0383,9.0383,9.0383,9.0383,9.0383,9.0383,9.0383,9.0383,9.0383,9.0383,9.0383,9.0383,9.0383,9.0383,9.0383,9.0383,9.0383,9.0383,9.0383,9.0383,9.0383,9.0383,9.0383,9.0383,9.0383,9.0383,9.0383,9.0383,9.0383,9.0383,9.0383,9.0383,9.0383,9.0383,9.0383,9.0383,9.0383,9.0383,9.0383,9.0383,9.0383,9.0383,9.0383,9.0383,9.0383,9.0383,9.0383,9.0383,9.0383,9.0383,9.0383,9.0383,9.0383,9.0383,9.0383,9.0383,9.0383,9.0383,9.0383,9.0383,9.0383,9.0383,9.0383,9.0383,9.0383,9.0383,9.0383,9.0383,9.0383,9.0383,9.0383,9.0383,9.0383,9.0383,9.0383,9.0383,9.0383,9.0383,9.0383,9.0383,9.0383,9.0383,9.0383,9.0383,9.0383,9.0383,9.0383,9.0383,9.0383,9.0383,9.0383,9.0383,9.0383,9.0383,9.0383,9.0383,9.0383,9.0383,9.0383,9.0383,9.0383,9.0383,9.0383,9.0383,9.0383,9.0383,9.0383,9.0383,9.0383,9.0383,9.0383,9.0383,9.0383,9.0383,9.0383,9.0383,9.0383,9.0383,9.0383,9.0383,9.0383,9.0383,9.0383,9.0383,9.0383,9.0383,9.0383,9.0383,9.0383,9.0383,9.0383,9.0383,9.0383,9.0383,9.0383,9.0383,9.0383,9.0383,9.0383,9.0383,9.0383,9.0383,9.0383,9.0383,9.0383,9.0383,9.0383,9.0383,9.0383,9.0383,9.0383,9.0383,9.0383,9.0383,9.0383,9.0383,9.0383,9.0383,9.0383,9.0383,9.0383,9.0383,9.0383,9.0383,9.0383,9.0383,9.0383,9.0383,9.0383,9.0383,9.0383,9.0383,9.0383,9.0383,9.0383,9.0383,9.0383,9.0383,9.0383,9.0383,9.0383,9.0383,9.0383,9.0383,9.0383,9.0383,9.0383,9.0383,9.0383,9.0383,9.0383,9.0383,9.0383,9.0383,9.0383,9.0383,9.0383,9.0383,9.0383,9.0383,9.0383,9.0383,9.0383,9.0383,9.0383,9.0383,9.0383,9.0383,9.0383,9.0383,9.0383,9.0383,9.0383,9.0383,9.0383,9.0383,9.0383,9.0383,9.0383,9.0383,9.0383,9.0383,9.0383,9.0383,9.0383,9.0383,9.0383,9.0383,9.0383,9.0383,9.0383,9.0383,9.0383,9.0383,9.0383,9.0383,9.0383,9.0383,9.0383,9.0383,9.0383,9.0383,9.0383,9.0383,9.0383,9.0383,9.0383,9.0383,9.0383,9.0383,9.0383,9.0383,9.0383,9.0383,9.0383,9.0383,9.0383,9.0383,9.0383,9.0383,9.0383,9.0383,9.0383,9.0383,9.0383,9.0383,9.0383,9.0383,9.0383,9.0383,9.0383,9.0383,9.0383,9.0383,9.0383,9.0383,9.0383,9.0383,9.0383,9.0383,9.0383,9.0383,9.0383,9.0383,9.0383,9.0383,9.0383,9.0383,9.0383,9.0383,9.0383,9.0383,9.0383,9.0383,9.0383,9.0383,9.0383,9.0383,9.0383,9.0383,9.0383,9.0383,9.0383,9.0383,9.0383,9.0383,9.0383,9.0383,9.0383,9.0383,9.0383,9.0383,9.0383,9.0383,9.0383,9.0383,9.0383,9.0383,9.0383,9.0383,9.0383,9.0383,9.0383,9.0383,9.0383,9.0383,9.0383,9.0383,9.0383,9.0383,9.0383,9.0383,9.0383,9.0383,9.0383,9.0383,9.0383,9.0383,9.0383,9.0383,9.0383,9.0383,9.0383,9.0383,9.0383,9.0383,9.0383,9.0383,9.0383,9.0383,9.0383,9.0383,9.0383,9.0383,9.0383,9.0383,9.0383,9.0383,9.0383,9.0383,9.0383,9.0383,9.0383,9.0383,9.0383,9.0383,9.0383,9.0383,9.0383,9.0383,9.0383,9.0383,9.0383,9.0383,9.0383,9.0383,9.0383,9.0383,9.0383,9.0383,9.0383,9.0383,9.0383,9.0383,9.0383,9.0383,9.0383,9.0383,9.0383,9.0383,9.0383,9.0383,9.0383,9.0383,9.0383,9.0383,9.0383,9.0383,9.0383,9.0383,9.0383,9.0383,9.0383,9.0383,9.0383,9.0383,9.0383,9.0383,9.0383,9.0383,9.0383,9.0383,9.0383,9.0383,9.0383,9.0383,9.0383,9.0383,9.0383,9.0383,9.0383,9.0383,9.0383,9.0383,9.0383,9.0383,9.0383,9.0383,9.0383,9.0383,9.0383,9.0383,9.0383,9.0383,9.0383,9.0383,9.0383,9.0383,9.0383,9.0383,9.0383,9.0383,9.0383,9.0383,9.0383,9.0383,9.0383,9.0383,9.0383,9.0383,9.0383,9.0383,9.0383,9.0383,9.0383,9.0383,9.0383,9.0383,9.0383,9.0383,9.0383,9.0383,9.0383,9.0383,9.0383,9.0383,9.0383,9.0383,9.0383,9.0383,9.0383,9.0383,9.0383,9.0383,9.0383,9.0383,9.0383,9.0383,9.0383,9.0383,9.0383,9.0383,9.0383,9.0383,9.0383,9.0383,9.0383,9.0383,9.0383,9.0383,9.0383,9.0383,9.0383,9.0383,9.0383,9.0383,9.0383,9.0383,9.0383,9.0383,9.0383,9.0383,9.0383,9.0383,9.0383,9.0383,9.0383,9.0383,9.0383,9.0383,9.0383,9.0383,9.0383,9.0383,9.0383,9.0383,9.0383,9.0383,9.0383,9.0378,9.0378,9.0378,9.0378,9.0378,9.0378,9.0378,9.0378,9.0378,9.0378,9.0378,9.0378,9.0378,9.0378,9.0378,9.0378,9.0378,9.0378,9.0378,9.0378,9.0378,9.0378,9.0378,9.0378,9.0378,9.0378,9.0378,9.0378,9.0378,9.0378,9.0378,9.0378,9.0378,9.0378,9.0378,9.0378,9.0378,9.0378,9.0378,9.0378,9.0378,9.0378,9.0378,9.0378,9.0378,9.0378,9.0378,9.0378,9.0378,9.0378,9.0378,9.0378,9.0378,9.0378,9.0378,9.0378,9.0378,9.0378,9.0378,9.0378,9.0378,9.0378,9.0378,9.0378,9.0378,9.0378,9.0378,9.0378,9.0378,9.0378,9.0378,9.0378,9.0378,9.0378,9.0378,9.0378,9.0378,9.0378,9.0378,9.0378,9.0378,9.0378,9.0378,9.0378,9.0378,9.0378,9.0378,9.0378,9.0378,9.0378,9.0378,9.0378,9.0378,9.0378,9.0378,9.0378,9.0378,9.0378,9.0378,9.0378,9.0378,9.0378,9.0378,9.0378,9.0378,9.0378,9.0378,9.0378,9.0378,9.0378,9.0378,9.0378,9.0378,9.0378,9.0378,9.0378,9.0378,9.0378,9.0378,9.0378,9.0378,9.0378,9.0378,9.0378,9.0378,9.0378,9.0378,9.0378,9.0378,9.0378,9.0378,9.0378,9.0378,9.0378,9.0378,9.0378,9.0378,9.0378,9.0378,9.0378,9.0378,9.0378,9.0378,9.0378,9.0378,9.0378,9.0378,9.0378,9.0378,9.0378,9.0378,9.0378,9.0378,9.0378,9.0378,9.0378,9.0378,9.0378,9.0378,9.0378,9.0378,9.0378,9.0378,9.0378,9.0378,9.0378,9.0378,9.0378,9.0378,9.0378,9.0378,9.0378,9.0378,9.0378,9.0378,9.0378,9.0378,9.0378,9.0378,9.0378,9.0378,9.0378,9.0378,9.0378,9.0378,9.0378,9.0378,9.0378,9.0378,9.0378,9.0378,9.0378,9.0378,9.0378,9.0378,9.0378,9.0378,9.0378,9.0378,9.0378,9.0378,9.0378,9.0378,9.0378,9.0378,9.0378,9.0378,9.0378,9.0378,9.0378,9.0378,9.0378,9.0378,9.0378,9.0378,9.0378,9.0378,9.0378,9.0378,9.0378,9.0378,9.0378,9.0378,9.0378,9.0378,9.0378,9.0378,9.0378,9.0378,9.0378,9.0378,9.0378,9.0378,9.0378,9.0378,9.0378,9.0378,9.0378,9.0378,9.0378,9.0378,9.0378,9.0378,9.0378,9.0378
9.0290,9.0290,9.0290,9.0290,9.0290,9.0290,9.0290,9.0290,9.0290,9.0290,9.0290,9.0290,9.0290,9.0290,9.0290,9.0290,9.0290,9.0290,9.0290,9.0290,9.0290,9.0290,9.0290,9.0290,9.0290,9.0290,9.0290,9.0290,9.0290,9.0290,9.0290,9.0290,9.0290,9.0290,9.0290,9.0290,9.0290,9.0290,9.0290,9.0290,9.0290,9.0290,9.0290,9.0290,9.0290,9.0290,9.0290,9.0290,9.0290,9.0290,9.0290,9.0290,9.0290,9.0290,9.0290,9.0290,9.0290,9.0290,9.0290,9.0290,9.0290,9.0290,9.0290,9.0290,9.0290,9.0290,9.0290,9.0290,9.0290,9.0290,9.0290,9.0290,9.0290,9.0290,9.0290,9.0290,9.0290,9.0290,9.0290,9.0290,9.0290,9.0290,9.0290,9.0290,9.0290,9.0290,9.0290,9.0290,9.0290,9.0290,9.0290,9.0290,9.0290,9.0290,9.0290,9.0290,9.0290,9.0290,9.0290,9.0290,9.0290,9.0290,9.0290,9.0290,9.0290,9.0290,9.0290,9.0290,9.0290,9.0290,9.0290,9.0290,9.0290,9.0290,9.0290,9.0290,9.0290,9.0290,9.0290,9.0290,9.0290,9.0290,9.0290,9.0290,9.0290,9.0290,9.0290,9.0290,9.0290,9.0290,9.0290,9.0290,9.0290,9.0290,9.0290,9.0290,9.0290,9.0290,9.0290,9.0290,9.0290,9.0290,9.0290,9.0290,9.0290,9.0290,9.0290,9.0290,9.0290,9.0290,9.0290,9.0290,9.0290,9.0290,9.0290,9.0290,9.0290,9.0290,9.0290,9.0290,9.0290,9.0290,9.0290,9.0290,9.0290,9.0290,9.0290,9.0290,9.0290,9.0290,9.0290,9.0290,9.0290,9.0290,9.0290,9.0290,9.0290,9.0290,9.0290,9.0290,9.0290,9.0290,9.0290,9.0290,9.0290,9.0290,9.0290,9.0290,9.0290,9.0290,9.0290,9.0290,9.0290,9.0290,9.0290,9.0290,9.0290,9.0290,9.0290,9.0290,9.0290,9.0290,9.0290,9.0290,9.0290,9.0290,9.0290,9.0290,9.0290,9.0290,9.0290,9.0290,9.0290,9.0290,9.0290,9.0290,9.0290,9.0290,9.0290,9.0290,9.0290,9.0290,9.0290,9.0290,9.0290,9.0290,9.0290,9.0290,9.0290,9.0290,9.0290,9.0290,9.0290,9.0290,9.0290,9.0290,9.0290,9.0290,9.0290,9.0290,9.0290,9.0290,9.0290,9.0290,9.0290,9.0290,9.0290,9.0290,9.0290,9.0290,9.0290,9.0290,9.0290,9.0290,9.0290,9.0290,9.0290,9.0290,9.0290,9.0290,9.0290,9.0290,9.0290,9.0290,9.0290,9.0290,9.0290,9.0290,9.0290,9.0290,9.0290,9.0290,9.0290,9.0290,9.0290,9.0290,9.0290,9.0290,9.0290,9.0290,9.0290,9.0290,9.0290,9.0290,9.0290,9.0290,9.0290,9.0290,9.0290,9.0290,9.0290,9.0290,9.0290,9.0290,9.0290,9.0290,9.0290,9.0290,9.0290,9.0290,9.0290,9.0290,9.0290,9.0290,9.0290,9.0290,9.0290,9.0290,9.0290,9.0290,9.0290,9.0290,9.0290,9.0290,9.0290,9.0290,9.0290,9.0290,9.0290,9.0290,9.0290,9.0290,9.0290,9.0290,9.0290,9.0290,9.0290,9.0290,9.0290,9.0290,9.0290,9.0290,9.0290,9.0290,9.0290,9.0290,9.0290,9.0290,9.0290,9.0290,9.0290,9.0290,9.0290,9.0290,9.0290,9.0290,9.0290,9.0290,9.0290,9.0290,9.0290,9.0290,9.0290,9.0290,9.0290,9.0290,9.0290,9.0290,9.0290,9.0290,9.0290,9.0290,9.0290,9.0290,9.0290,9.0290,9.0290,9.0290,9.0290,9.0290,9.0290,9.0290,9.0290,9.0290,9.0290,9.0290,9.0290,9.0290,9.0290,9.0290,9.0290,9.0290,9.0290,9.0290,9.0290,9.0290,9.0290,9.0290,9.0290,9.0290,9.0290,9.0290,9.0290,9.0290,9.0290,9.0290,9.0290,9.0290,9.0290,9.0290,9.0290,9.0290,9.0290,9.0290,9.0290,9.0290,9.0290,9.0290,9.0290,9.0290,9.0290,9.0290,9.0290,9.0290,9.0290,9.0290,9.0290,9.0290,9.0290,9.0290,9.0290,9.0290,9.0290,9.0290,9.0290,9.0290,9.0290,9.0290,9.0290,9.0290,9.0290,9.0290,9.0290,9.0290,9.0290,9.0290,9.0290,9.0290,9.0290,9.0290,9.0290,9.0290,9.0290,9.0290,9.0290,9.0290,9.0290,9.0290,9.0290,9.0290,9.0290,9.0290,9.0290,9.0290,9.0290,9.0290,9.0290,9.0290,9.0290,9.0290,9.0290,9.0290,9.0290,9.0290,9.0290,9.0290,9.0290,9.0290,9.0290,9.0290,9.0290,9.0290,9.0290,9.0290,9.0290,9.0290,9.0290,9.0290,9.0290,9.0290,9.0290,9.0290,9.0290,9.0290,9.0290,9.0290,9.0290,9.0290,9.0290,9.0290,9.0290,9.0290,9.0290,9.0290,9.0290,9.0290,9.0290,9.0290,9.0290,9.0290,9.0290,9.0290,9.0290,9.0290,9.0290,9.0290,9.0290,9.0290,9.0290,9.0290,9.0290,9.0290,9.0290,9.0290,9.0290,9.0290,9.0290,9.0290,9.0290,9.0290,9.0290,9.0290,9.0290,9.0290,9.0290,9.0290,9.0290,9.0290,9.0290,9.0290,9.0290,9.0290,9.0290,9.0290,9.0290,9.0290,9.0290,9.0290,9.0290,9.0290,9.0290,9.0290,9.0290,9.0290,9.0290,9.0290,9.0290,9.0290,9.0290,9.0290,9.0290,9.0290,9.0290,9.0290,9.0290,9.0290,9.0290,9.0290,9.0290,9.0290,9.0290,9.0290,9.0290,9.0290,9.0290,9.0290,9.0290,9.0290,9.0290,9.0290,9.0290,9.0290,9.0290,9.0290,9.0290,9.0290,9.0290,9.0290,9.0290,9.0290,9.0290,9.0290,9.0290,9.0290,9.0290,9.0290,9.0290,9.0290,9.0290,9.0290,9.0290,9.0290,9.0290,9.0290,9.0290,9.0290,9.0290,9.0290,9.0290,9.0290,9.0290,9.0290,9.0290,9.0290,9.0290,9.0290,9.0290,9.0290,9.0290,9.0290,9.0290,9.0290,9.0290,9.0290,9.0290,9.0290,9.0290,9.0290,9.0290,9.0290,9.0290,9.0290,9.0290,9.0290,9.0290,9.0290,9.0290,9.0290,9.0290,9.0290,9.0290,9.0290,9.0290,9.0290,9.0290,9.0290,9.0290,9.0290,9.0290,9.0290,9.0290,9.0290,9.0290,9.0290,9.0290,9.0290,9.0290,9.0290,9.0290,9.0290,9.0290,9.0290,9.0290,9.0290,9.0290,9.0290,9.0290,9.0290,9.0290,9.0290,9.0290,9.0290,9.0290,9.0290,9.0290,9.0290,9.0290,9.0290,9.0290,9.0290,9.0290,9.0290,9.0290,9.0290,9.0290,9.0290,9.0290,9.0290,9.0290,9.0290,9.0290,9.0290,9.0290,9.0290,9.0290,9.0290,9.0290,9.0290,9.0290,9.0290,9.0290,9.0290,9.0290,9.0290,9.0290,9.0290,9.0290,9.0290,9.0290,9.0290,9.0290,9.0290,9.0290,9.0290,9.0290,9.0290,9.0290,9.0290,9.0290,9.0290,9.0290,9.0290,9.0290,9.0290,9.0290,9.0290,9.0290,9.0290,9.0290,9.0290,9.0290,9.0290,9.0290,9.0290,9.0290,9.0290,9.0290,9.0290,9.0290,9.0290,9.0290,9.0290,9.0290,9.0290,9.0290,9.0290,9.0290,9.0290,9.0290,9.0290,9.0290,9.0290,9.0290,9.0290,9.0290,9.0290,9.0290,9.0290,9.0290,9.0290,9.0290,9.0290,9.0290,9.0290,9.0290,9.0290,9.0290,9.0290,9.0290,9.0290,9.0290,9.0290,9.0290,9.0290,9.0290,9.0290,9.0290,9.0290,9.0290,9.0290,9.0290,9.0290,9.0290,9.0290,9.0290,9.0290,9.0290,9.0290,9.0290,9.0290,9.0290,9.0290,9.0290,9.0290,9.0290,9.0290,9.0290,9.0290,9.0290,9.0290,9.0290,9.0290,9.0290,9.0290,9.0290,9.0290,9.0290,9.0290,9.0290,9.0290,9.0290,9.0290,9.0290,9.0290,9.0290,9.0290,9.0290,9.0290,9.0290,9.0290,9.0290,9.0290,9.0290,9.0290,9.0290,9.0290,9.0290,9.0290,9.0290,9.0290,9.0290,9.0290,9.0290,9.0290,9.0290,9.0290,9.0290,9.0290,9.0290,9.0290,9.0290,9.0290,9.0290,9.0290,9.0290,9.0290,9.0290,9.0290,9.0290,9.0290,9.0290,9.0290,9.0290,9.0290,9.0290,9.0290,9.0290,9.0290,9.0290,9.0290,9.0290,9.0290,9.0290,9.0290,9.0290,9.0290,9.0290,9.0290,9.0290,9.0290,9.0290,9.0290,9.0290,9.0290,9.0290,9.0290,9.0290,9.0290,9.0290,9.0290,9.0290,9.0290,9.0290,9.0290,9.0290,9.0290,9.0290,9.0290,9.0290,9.0290,9.0290,9.0290,9.0290,9.0290,9.0290,9.0290,9.0290,9.0290,9.0290,9.0290,9.0290,9.0290,9.0290,9.0290,9.0290,9.0290,9.0290,9.0290,9.0290,9.0290,9.0290,9.0290,9.0290,9.0290,9.0290,9.0290,9.0290,9.0290,9.0290,9.0290,9.0290,9.0290,9.0290,9.0290,9.0290,9.0290,9.0290,9.0290,9.0290,9.0290,9.0290,9.0290,9.0290,9.0290,9.0290,9.0290,9.0290,9.0290,9.0290,9.0290,9.0290,9.0290,9.0290,9.0290,9.0290,9.0290,9.0290,9.0290,9.0290,9.0290,9.0290,9.0290,9.0290,9.0290,9.0290,9.0290,9.0290,9.0290,9.0290,9.0290,9.0290,9.0290,9.0290,9.0290,9.0290,9.0290,9.0290,9.0290,9.0290,9.0290
9.0193,9.0193,9.0193,9.0193,9.0193,9.0193,9.0193,9.0193,9.0193,9.0193,9.0193,9.0193,9.0193,9.0193,9.0193,9.0193,9.0193,9.0193,9.0193,9.0193,9.0193,9.0193,9.0193,9.0193,9.0193,9.0193,9.0193,9.0193,9.0193,9.0193,9.0193,9.0193,9.0193,9.0193,9.0193,9.0193,9.0193,9.0193,9.0193,9.0193,9.0193,9.0193,9.0193,9.0193,9.0193,9.0193,9.0193,9.0193,9.0193,9.0193,9.0193,9.0193,9.0193,9.0193,9.0193,9.0193,9.0193,9.0193,9.0193,9.0193,9.0193,9.0193,9.0193,9.0193,9.0193,9.0193,9.0193,9.0193,9.0193,9.0193,9.0193,9.0193,9.0193,9.0193,9.0193,9.0193,9.0193,9.0193,9.0193,9.0193,9.0193,9.0193,9.0193,9.0193,9.0193,9.0193,9.0193,9.0193,9.0193,9.0193,9.0193,9.0193,9.0193,9.0193,9.0193,9.0193,9.0193,9.0193,9.0193,9.0193,9.0193,9.0193,9.0193,9.0193,9.0193,9.0193,9.0193,9.0193,9.0193,9.0193,9.0193,9.0193,9.0193,9.0193,9.0193,9.0193,9.0193,9.0193,9.0193,9.0193,9.0193,9.0193,9.0193,9.0193,9.0193,9.0193,9.0193,9.0193,9.0193,9.0193,9.0193,9.0193,9.0193,9.0193,9.0193,9.0193,9.0193,9.0193,9.0193,9.0193,9.0193,9.0193,9.0193,9.0193,9.0193,9.0193,9.0193,9.0193,9.0193,9.0193,9.0193,9.0193,9.0193,9.0193,9.0193,9.0193,9.0193,9.0193,9.0193,9.0193,9.0193,9.0193,9.0193,9.0193,9.0193,9.0193,9.0193,9.0193,9.0193,9.0193,9.0193,9.0193,9.0193,9.0193,9.0193,9.0193,9.0193,9.0193,9.0193,9.0193,9.0193,9.0193,9.0193,9.0193,9.0193,9.0193,9.0193,9.0193,9.0193,9.0193,9.0193,9.0193,9.0193,9.0193,9.0193,9.0193,9.0193,9.0193,9.0193,9.0193,9.0193,9.0193,9.0193,9.0193,9.0193,9.0193,9.0193,9.0193,9.0193,9.0193,9.0193,9.0193,9.0193,9.0193,9.0193,9.0193,9.0193,9.0193,9.0193,9.0193,9.0193,9.0193,9.0193,9.0193,9.0193,9.0193,9.0193,9.0193,9.0193,9.0193,9.0193,9.0193,9.0193,9.0193,9.0193,9.0193,9.0193,9.0193,9.0193,9.0193,9.0193,9.0193,9.0193,9.0193,9.0193,9.0193,9.0193,9.0193,9.0193,9.0193,9.0193,9.0193,9.0193,9.0193,9.0193,9.0193,9.0193,9.0193,9.0193,9.0193,9.0193,9.0193,9.0193,9.0193,9.0193,9.0193,9.0193,9.0193,9.0193,9.0193,9.0193,9.0193,9.0193,9.0193,9.0193,9.0193,9.0193,9.0193,9.0193,9.0193,9.0193,9.0193,9.0193,9.0193,9.0193,9.0193,9.0193,9.0193,9.0193,9.0193,9.0193,9.0193,9.0193,9.0193,9.0193,9.0193,9.0193,9.0193,9.0193,9.0193,9.0193,9.0193,9.0193,9.0193,9.0193,9.0193,9.0193,9.0193,9.0193,9.0193,9.0193,9.0193,9.0193,9.0193,9.0193,9.0193,9.0193,9.0193,9.0193,9.0193,9.0193,9.0193,9.0193,9.0193,9.0193,9.0193,9.0193,9.0193,9.0193,9.0193,9.0193,9.0193,9.0193,9.0193,9.0193,9.0193,9.0193,9.0193,9.0193,9.0193,9.0193,9.0193,9.0193,9.0193,9.0193,9.0193,9.0193,9.0193,9.0193,9.0193,9.0193,9.0193,9.0193,9.0193,9.0193,9.0193,9.0193,9.0193,9.0193,9.0193,9.0193,9.0193,9.0193,9.0193,9.0193,9.0193,9.0193,9.0193,9.0193,9.0193,9.0193,9.0193,9.0193,9.0193,9.0193,9.0193,9.0193,9.0193,9.0193,9.0193,9.0193,9.0193,9.0193,9.0193,9.0193,9.0193,9.0193,9.0193,9.0193,9.0193,9.0193,9.0193,9.0193,9.0193,9.0193,9.0193,9.0193,9.0193,9.0193,9.0193,9.0193,9.0193,9.0193,9.0193,9.0193,9.0193,9.0193,9.0193,9.0193,9.0193,9.0193,9.0193,9.0193,9.0193,9.0193,9.0193,9.0193,9.0193,9.0193,9.0193,9.0193,9.0193,9.0193,9.0193,9.0193,9.0193,9.0193,9.0193,9.0193,9.0193,9.0193,9.0193,9.0193,9.0193,9.0193,9.0193,9.0193,9.0193,9.0193,9.0193,9.0193,9.0193,9.0193,9.0193,9.0193,9.0193,9.0193,9.0193,9.0193,9.0193,9.0193,9.0193,9.0193,9.0193,9.0193,9.0193,9.0193,9.0193,9.0193,9.0193,9.0193,9.0193,9.0193,9.0193,9.0193,9.0193,9.0193,9.0193,9.0193,9.0193,9.0193,9.0193,9.0193,9.0193,9.0193,9.0193,9.0193,9.0193,9.0193,9.0193,9.0193,9.0193,9.0193,9.0193,9.0193,9.0193,9.0193,9.0193,9.0193,9.0193,9.0193,9.0193,9.0193,9.0193,9.0193,9.0193,9.0193,9.0193,9.0193,9.0193,9.0193,9.0193,9.0193,9.0193,9.0193,9.0193,9.0193,9.0193,9.0193,9.0193,9.0193,9.0193,9.0193,9.0193,9.0193,9.0193,9.0193,9.0193,9.0193,9.0193,9.0193,9.0193,9.0193,9.0193,9.0193,9.0193,9.0193,9.0193,9.0193,9.0193,9.0193,9.0193,9.0193,9.0193,9.0193,9.0193,9.0193,9.0193,9.0193,9.0193,9.0193,9.0193,9.0193,9.0193,9.0193,9.0193,9.0193,9.0193,9.0193,9.0193,9.0193,9.0193,9.0193,9.0193,9.0193,9.0193,9.0193,9.0193,9.0193,9.0193,9.0193,9.0193,9.0193,9.0193,9.0193,9.0193,9.0193,9.0193,9.0193,9.0193,9.0193,9.0193,9.0193,9.0193,9.0193,9.0193,9.0193,9.0193,9.0193,9.0193,9.0193,9.0193,9.0193,9.0193,9.0193,9.0193,9.0193,9.0193,9.0203,9.0203,9.0203,9.0203,9.0203,9.0203,9.0203,9.0203,9.0203,9.0203,9.0203,9.0203,9.0203,9.0203,9.0203,9.0203,9.0203,9.0203,9.0203,9.0203,9.0203,9.0203,9.0203,9.0203,9.0203,9.0203,9.0203,9.0203,9.0203,9.0203,9.0203,9.0203,9.0203,9.0203,9.0203,9.0203,9.0203,9.0203,9.0203,9.0203,9.0203,9.0203,9.0203,9.0203,9.0203,9.0203,9.0203,9.0203,9.0203,9.0203,9.0203,9.0203,9.0203,9.0203,9.0203,9.0203,9.0203,9.0203,9.0203,9.0203,9.0203,9.0203,9.0203,9.0203,9.0203,9.0203,9.0203,9.0203,9.0203,9.0203,9.0203,9.0203,9.0203,9.0203,9.0203,9.0203,9.0203,9.0203,9.0203,9.0203,9.0203,9.0203,9.0203,9.0203,9.0203,9.0203,9.0203,9.0203,9.0203,9.0203,9.0203,9.0203,9.0203,9.0203,9.0203,9.0203,9.0203,9.0203,9.0203,9.0203,9.0203,9.0203,9.0203,9.0203,9.0203,9.0203,9.0203,9.0203,9.0203,9.0203,9.0203,9.0203,9.0203,9.0203,9.0203,9.0203,9.0203,9.0203,9.0203,9.0203,9.0203,9.0203,9.0203,9.0203,9.0203,9.0203,9.0203,9.0203,9.0203,9.0203,9.0203,9.0203,9.0203,9.0203,9.0203,9.0203,9.0203,9.0203,9.0203,9.0203,9.0203,9.0203,9.0203,9.0203,9.0203,9.0203,9.0203,9.0203,9.0203,9.0203,9.0203,9.0203,9.0203,9.0203,9.0203,9.0203,9.0203,9.0203,9.0203,9.0203,9.0203,9.0203,9.0203,9.0203,9.0203,9.0203,9.0203,9.0203,9.0203,9.0203,9.0203,9.0203,9.0203,9.0203,9.0203,9.0203,9.0203,9.0203,9.0203,9.0203,9.0203,9.0203,9.0203,9.0203,9.0203,9.0203,9.0203,9.0203,9.0203,9.0203,9.0203,9.0203,9.0203,9.0203,9.0203,9.0203,9.0203,9.0203,9.0203,9.0203,9.0203,9.0203,9.0203,9.0203,9.0203,9.0203,9.0203,9.0203,9.0203,9.0203,9.0203,9.0203,9.0203,9.0203,9.0203,9.0203,9.0203,9.0203,9.0203,9.0203,9.0203,9.0203,9.0203,9.0203,9.0203,9.0203,9.0203,9.0203,9.0203,9.0203,9.0203,9.0203,9.0203,9.0203,9.0203,9.0203,9.0203,9.0203,9.0203,9.0203,9.0203,9.0203,9.0203,9.0203,9.0203,9.0203,9.0203,9.0203,9.0203,9.0203,9.0203,9.0203,9.0203,9.0203,9.0203,9.0203,9.0203,9.0203,9.0203,9.0203,9.0203,9.0203,9.0203,9.0203,9.0203,9.0203,9.0203,9.0203,9.0203,9.0203,9.0203,9.0203,9.0203,9.0203,9.0203,9.0203,9.0203,9.0203,9.0203,9.0203,9.0203,9.0203,9.0203,9.0203,9.0203,9.0203,9.0203,9.0203,9.0203,9.0203,9.0203,9.0203,9.0203,9.0203,9.0203,9.0203,9.0203,9.0203,9.0203,9.0203,9.0203,9.0203,9.0203,9.0203,9.0203,9.0203,9.0203,9.0203,9.0203,9.0203,9.0203,9.0203,9.0203,9.0203,9.0203,9.0203,9.0203,9.0203,9.0203,9.0203,9.0203,9.0203,9.0203,9.0203,9.0203,9.0203,9.0203,9.0203,9.0203,9.0203,9.0203,9.0203,9.0203,9.0203,9.0203,9.0203,9.0203,9.0203,9.0203,9.0203,9.0203,9.0203,9.0203,9.0203,9.0203,9.0203,9.0203,9.0203,9.0203,9.0203,9.0203,9.0203,9.0203,9.0203,9.0203,9.0203,9.0203,9.0203,9.0203,9.0203,9.0203,9.0203,9.0203,9.0203,9.0203,9.0203,9.0203,9.0203,9.0203,9.0203,9.0203,9.0203
9.0101,9.0101,9.0101,9.0101,9.0101,9.0101,9.0101,9.0101,9.0101,9.0101,9.0101,9.0101,9.0101,9.0101,9.0101,9.0101,9.0101,9.0101,9.0101,9.0101,9.0101,9.0101,9.0101,9.0101,9.0101,9.0101,9.0101,9.0101,9.0101,9.0101,9.0101,9.0101,9.0101,9.0101,9.0101,9.0101,9.0101,9.0101,9.0101,9.0101,9.0101,9.0101,9.0101,9.0101,9.0101,9.0101,9.0101,9.0101,9.0101,9.0101,9.0101,9.0101,9.0101,9.0101,9.0101,9.0101,9.0101,9.0101,9.0101,9.0101,9.0101,9.0101,9.0101,9.0101,9.0101,9.0101,9.0101,9.0101,9.0101,9.0101,9.0101,9.0101,9.0101,9.0101,9.0101,9.0101,9.0101,9.0101,9.0101,9.0101,9.0101,9.0101,9.0101,9.0101,9.0101,9.0101,9.0101,9.0101,9.0101,9.0101,9.0101,9.0101,9.0101,9.0101,9.0101,9.0101,9.0101,9.0101,9.0101,9.0101,9.0101,9.0101,9.0101,9.0101,9.0101,9.0101,9.0101,9.0101,9.0101,9.0101,9.0101,9.0101,9.0101,9.0101,9.0101,9.0101,9.0101,9.0101,9.0101,9.0101,9.0101,9.0101,9.0101,9.0101,9.0101,9.0101,9.0101,9.0101,9.0101,9.0101,9.0101,9.0101,9.0101,9.0101,9.0101,9.0101,9.0101,9.0101,9.0101,9.0101,9.0101,9.0101,9.0101,9.0101,9.0101,9.0101,9.0101,9.0101,9.0101,9.0101,9.0101,9.0101,9.0101,9.0101,9.0101,9.0101,9.0101,9.0101,9.0101,9.0101,9.0101,9.0101,9.0101,9.0101,9.0101,9.0101,9.0101,9.0101,9.0101,9.0101,9.0101,9.0101,9.0101,9.0101,9.0101,9.0101,9.0101,9.0101,9.0101,9.0101,9.0101,9.0101,9.0101,9.0101,9.0101,9.0101,9.0101,9.0101,9.0101,9.0101,9.0101,9.0101,9.0101,9.0101,9.0101,9.0101,9.0101,9.0101,9.0101,9.0101,9.0101,9.0101,9.0101,9.0101,9.0101,9.0101,9.0101,9.0101,9.0101,9.0101,9.0101,9.0101,9.0101,9.0101,9.0101,9.0101,9.0101,9.0101,9.0101,9.0101,9.0101,9.0101,9.0101,9.0101,9.0101,9.0101,9.0101,9.0101,9.0101,9.0101,9.0101,9.0101,9.0101,9.0101,9.0101,9.0101,9.0101,9.0101,9.0101,9.0101,9.0101,9.0101,9.0101,9.0101,9.0101,9.0101,9.0101,9.0101,9.0101,9.0101,9.0101,9.0101,9.0101,9.0101,9.0101,9.0101,9.0101,9.0101,9.0101,9.0101,9.0101,9.0101,9.0101,9.0101,9.0101,9.0101,9.0101,9.0101,9.0101,9.0101,9.0101,9.0101,9.0101,9.0101,9.0101,9.0101,9.0101,9.0101,9.0101,9.0101,9.0101,9.0101,9.0101,9.0101,9.0101,9.0101,9.0101,9.0101,9.0101,9.0101,9.0101,9.0101,9.0101,9.0101,9.0101,9.0101,9.0101,9.0101,9.0101,9.0101,9.0101,9.0101,9.0101,9.0101,9.0101,9.0101,9.0101,9.0101,9.0101,9.0101,9.0101,9.0101,9.0101,9.0101,9.0101,9.0101,9.0101,9.0101,9.0101,9.0101,9.0101,9.0101,9.0101,9.0101,9.0101,9.0101,9.0101,9.0101,9.0101,9.0101,9.0101,9.0101,9.0101,9.0101,9.0101,9.0101,9.0101,9.0101,9.0101,9.0101,9.0101,9.0101,9.0101,9.0101,9.0101,9.0101,9.0101,9.0101,9.0101,9.0101,9.0101,9.0101,9.0101,9.0101,9.0101,9.0101,9.0101,9.0101,9.0101,9.0101,9.0101,9.0101,9.0101,9.0101,9.0101,9.0101,9.0101,9.0101,9.0101,9.0101,9.0101,9.0101,9.0101,9.0111,9.0111,9.0111,9.0111,9.0111,9.0111,9.0111,9.0111,9.0111,9.0111,9.0111,9.0111,9.0111,9.0111,9.0111,9.0111,9.0111,9.0111,9.0111,9.0111,9.0111,9.0111,9.0111,9.0111,9.0111,9.0111,9.0111,9.0111,9.0111,9.0111,9.0111,9.0111,9.0111,9.0111,9.0111,9.0111,9.0111,9.0111,9.0111,9.0111,9.0111,9.0111,9.0111,9.0111,9.0111,9.0111,9.0111,9.0111,9.0111,9.0111,9.0111,9.0111,9.0111,9.0111,9.0111,9.0111,9.0111,9.0111,9.0111,9.0111,9.0111,9.0111,9.0111,9.0111,9.0111,9.0111,9.0111,9.0111,9.0111,9.0111,9.0111,9.0111,9.0111,9.0111,9.0111,9.0111,9.0111,9.0111,9.0111,9.0111,9.0111,9.0111,9.0111,9.0111,9.0111,9.0111,9.0111,9.0111,9.0111,9.0111,9.0111,9.0111,9.0111,9.0111,9.0111,9.0111,9.0111,9.0111,9.0111,9.0111,9.0111,9.0111,9.0111,9.0111,9.0111,9.0111,9.0111,9.0111,9.0111,9.0111,9.0111,9.0111,9.0111,9.0111,9.0111,9.0111,9.0111,9.0111,9.0111,9.0111,9.0111,9.0111,9.0111,9.0111,9.0111,9.0111,9.0111,9.0111,9.0111,9.0111,9.0111,9.0111,9.0111,9.0111,9.0111,9.0111,9.0111,9.0111,9.0111,9.0111,9.0111,9.0111,9.0111,9.0111,9.0111,9.0111,9.0111,9.0111,9.0111,9.0111,9.0111,9.0111,9.0111,9.0111,9.0111,9.0111,9.0111,9.0111,9.0111,9.0111,9.0111,9.0111,9.0111,9.0111,9.0111,9.0111,9.0111,9.0111,9.0111,9.0111,9.0111,9.0111,9.0111,9.0111,9.0111,9.0111,9.0111,9.0111,9.0111,9.0111,9.0111,9.0111,9.0111,9.0111,9.0111,9.0111,9.0111,9.0111,9.0111,9.0111,9.0111,9.0111,9.0111,9.0111,9.0111,9.0111,9.0111,9.0111,9.0111,9.0111,9.0111,9.0111,9.0111,9.0111,9.0111,9.0111,9.0111,9.0111,9.0111,9.0111,9.0111,9.0111,9.0111,9.0111,9.0111,9.0111,9.0111,9.0111,9.0111,9.0111,9.0111,9.0111,9.0111,9.0111,9.0111,9.0111,9.0111,9.0111,9.0111,9.0111,9.0111,9.0111,9.0111,9.0111,9.0111,9.0111,9.0111,9.0111,9.0111,9.0111,9.0111,9.0111,9.0111,9.0111,9.0111,9.0111,9.0111,9.0111,9.0111,9.0111,9.0111,9.0111,9.0111,9.0111,9.0111,9.0111,9.0111,9.0111,9.0111,9.0111,9.0111,9.0111,9.0111,9.0111,9.0111,9.0111,9.0111,9.0111,9.0111,9.0111,9.0111,9.0111,9.0111,9.0111,9.0111,9.0111,9.0111,9.0111,9.0111,9.0111,9.0111,9.0111,9.0111,9.0111,9.0111,9.0111,9.0111,9.0111,9.0111,9.0111,9.0111,9.0111,9.0111,9.0111,9.0111,9.0111,9.0111,9.0111,9.0111,9.0111,9.0111,9.0111,9.0111,9.0111,9.0111,9.0111,9.0111,9.0111,9.0111,9.0111,9.0111,9.0111,9.0111,9.0111,9.0111,9.0111,9.0111,9.0111,9.0111,9.0111,9.0111,9.0111,9.0111,9.0111,9.0111,9.0111,9.0111,9.0111,9.0111,9.0111,9.0111,9.0111,9.0111,9.0111,9.0111,9.0111,9.0111,9.0111,9.0111,9.0111,9.0111,9.0111,9.0111,9.0111,9.0111,9.0111,9.0111,9.0111,9.0111,9.0111,9.0111,9.0111,9.0111,9.0111,9.0111,9.0111,9.0111,9.0111,9.0111,9.0111,9.0111,9.0111,9.0111,9.0111,9.0111,9.0111,9.0111,9.0111,9.0111,9.0111,9.0111,9.0111,9.0111,9.0111,9.0111,9.0111,9.0111,9.0111,9.0111,9.0111,9.0111,9.0111,9.0111,9.0111,9.0111,9.0111,9.0111,9.0111,9.0111,9.0111,9.0111,9.0111,9.0111,9.0111,9.0111,9.0111,9.0111,9.0111,9.0111,9.0111,9.0111,9.0111,9.0111,9.0111,9.0111,9.0111,9.0111,9.0111,9.0111,9.0111,9.0111,9.0111,9.0111,9.0111,9.0111,9.0111,9.0111,9.0111,9.0111,9.0111,9.0111,9.0111,9.0111,9.0111,9.0111,9.0111,9.0111,9.0111,9.0111,9.0111,9.0111,9.0111,9.0111,9.0111,9.0111,9.0111,9.0111,9.0111,9.0111,9.0111,9.0111,9.0111,9.0111,9.0111,9.0111,9.0111,9.0111,9.0111,9.0111,9.0111,9.0111,9.0111,9.0111,9.0111,9.0111,9.0111,9.0111,9.0111,9.0111,9.0111,9.0111,9.0111,9.0111,9.0111,9.0111,9.0111,9.0111,9.0111,9.0111,9.0111,9.0111,9.0111,9.0111,9.0111,9.0111,9.0111,9.0111,9.0111,9.0111,9.0111,9.0111,9.0111,9.0111,9.0111,9.0111,9.0111,9.0111,9.0111,9.0111,9.0111,9.0111,9.0111,9.0111,9.0111,9.0111,9.0111,9.0111,9.0111,9.0111,9.0111,9.0111,9.0111,9.0111,9.0111,9.0111,9.0111,9.0111,9.0111,9.0111,9.0111,9.0111,9.0111,9.0111,9.0111,9.0111,9.0111,9.0111,9.0111,9.0111,9.0111,9.0111,9.0111,9.0111,9.0111,9.0111,9.0111,9.0111,9.0111,9.0111,9.0111,9.0111,9.0111,9.0111,9.0111,9.0111,9.0111,9.0111,9.0111,9.0111,9.0111,9.0111,9.0111,9.0111,9.0111,9.0111,9.0111,9.0111,9.0111,9.0111,9.0111,9.0111,9.0111,9.0111,9.0111,9.0111,9.0111,9.0111,9.0111,9.0111,9.0111,9.0111,9.0111,9.0111,9.0111,9.0111,9.0111,9.0111,9.0111,9.0111,9.0111,9.0111,9.0111,9.0111,9.0111,9.0111,9.0111,9.0111,9.0111,9.0111,9.0111,9.0111,9.0111,9.0111,9.0111,9.0111,9.0111,9.0111
9.0019,9.0019,9.0019,9.0019,9.0019,9.0019,9.0019,9.0019,9.0019,9.0019,9.0019,9.0019,9.0019,9.0019,9.0019,9.0019,9.0019,9.0019,9.0019,9.0019,9.0019,9.0019,9.0019,9.0019,9.0019,9.0019,9.0019,9.0019,9.0019,9.0019,9.0019,9.0019,9.0019,9.0019,9.0019,9.0019,9.0019,9.0019,9.0019,9.0019,9.0019,9.0019,9.0019,9.0019,9.0019,9.0019,9.0019,9.0019,9.0019,9.0019,9.0019,9.0019,9.0019,9.0019,9.0019,9.0019,9.0019,9.0019,9.0019,9.0019,9.0019,9.0019,9.0019,9.0019,9.0019,9.0019,9.0019,9.0019,9.0019,9.0019,9.0019,9.0019,9.0019,9.0019,9.0019,9.0019,9.0019,9.0019,9.0019,9.0019,9.0019,9.0019,9.0019,9.0019,9.0019,9.0019,9.0019,9.0019,9.0019,9.0019,9.0019,9.0019,9.0019,9.0019,9.0019,9.0019,9.0019,9.0019,9.0019,9.0019,9.0019,9.0019,9.0019,9.0019,9.0019,9.0019,9.0019,9.0019,9.0019,9.0019,9.0019,9.0019,9.0019,9.0019,9.0019,9.0019,9.0019,9.0019,9.0019,9.0019,9.0019,9.0019,9.0019,9.0019,9.0019,9.0019,9.0019,9.0019,9.0019,9.0019,9.0019,9.0019,9.0019,9.0019,9.0019,9.0019,9.0019,9.0019,9.0019,9.0019,9.0019,9.0019,9.0019,9.0019,9.0019,9.0019,9.0019,9.0019,9.0019,9.0019,9.0019,9.0019,9.0019,9.0019,9.0019,9.0019,9.0019,9.0019,9.0019,9.0019,9.0019,9.0019,9.0019,9.0019,9.0019,9.0019,9.0019,9.0019,9.0019,9.0019,9.0019,9.0019,9.0019,9.0019,9.0019,9.0019,9.0019,9.0019,9.0019,9.0019,9.0019,9.0019,9.0019,9.0019,9.0019,9.0019,9.0019,9.0019,9.0019,9.0019,9.0019,9.0019,9.0019,9.0019,9.0019,9.0019,9.0019,9.0019,9.0019,9.0019,9.0019,9.0019,9.0019,9.0019,9.0019,9.0019,9.0019,9.0019,9.0019,9.0019,9.0019,9.0019,9.0019,9.0019,9.0019,9.0019,9.0019,9.0019,9.0019,9.0019,9.0019,9.0019,9.0019,9.0019,9.0019,9.0019,9.0019,9.0019,9.0019,9.0019,9.0019,9.0019,9.0019,9.0019,9.0019,9.0019,9.0019,9.0019,9.0019,9.0019,9.0019,9.0019,9.0019,9.0019,9.0019,9.0019,9.0019,9.0019,9.0019,9.0019,9.0019,9.0019,9.0019,9.0019,9.0019,9.0019,9.0019,9.0019,9.0019,9.0019,9.0019,9.0019,9.0019,9.0019,9.0019,9.0019,9.0019,9.0019,9.0019,9.0019,9.0019,9.0019,9.0019,9.0019,9.0019,9.0019,9.0019,9.0019,9.0019,9.0019,9.0019,9.0019,9.0019,9.0019,9.0019,9.0019,9.0019,9.0019,9.0019,9.0019,9.0019,9.0019,9.0019,9.0019,9.0019,9.0019,9.0019,9.0019,9.0019,9.0019,9.0019,9.0019,9.0019,9.0019,9.0019,9.0019,9.0019,9.0019,9.0019,9.0019,9.0019,9.0019,9.0019,9.0019,9.0019,9.0019,9.0019,9.0019,9.0019,9.0019,9.0019,9.0019,9.0019,9.0019,9.0019,9.0019,9.0019,9.0019,9.0019,9.0019,9.0019,9.0019,9.0019,9.0019,9.0019,9.0019,9.0019,9.0019,9.0019,9.0019,9.0019,9.0019,9.0019,9.0019,9.0019,9.0019,9.0019,9.0019,9.0019,9.0019,9.0019,9.0019,9.0019,9.0019,9.0019,9.0019,9.0019,9.0019,9.0019,9.0019,9.0019,9.0019,9.0019,9.0019,9.0019,9.0019,9.0019,9.0019,9.0019,9.0019,9.0019,9.0019,9.0019,9.0019,9.0019,9.0019,9.0019,9.0019,9.0019,9.0019,9.0019,9.0019,9.0019,9.0019,9.0019,9.0019,9.0019,9.0019,9.0019,9.0019,9.0019,9.0019,9.0019,9.0019,9.0019,9.0019,9.0019,9.0019,9.0019,9.0019,9.0019,9.0019,9.0019,9.0019,9.0019,9.0019,9.0019,9.0019,9.0019,9.0019,9.0019,9.0019,9.0019,9.0019,9.0019,9.0019,9.0019,9.0019,9.0019,9.0019,9.0019,9.0019,9.0019,9.0019,9.0019,9.0019,9.0019,9.0019,9.0019,9.0019,9.0019,9.0019,9.0019,9.0019,9.0019,9.0019,9.0019,9.0019,9.0019,9.0019,9.0019,9.0019,9.0019,9.0019,9.0019,9.0019,9.0019,9.0019,9.0019,9.0019,9.0019,9.0019,9.0019,9.0019,9.0019,9.0019,9.0019,9.0019,9.0019,9.0019,9.0019,9.0019,9.0019,9.0019,9.0019,9.0019,9.0019,9.0019,9.0019,9.0019,9.0019,9.0019,9.0019,9.0019,9.0019,9.0019,9.0019,9.0019,9.0019,9.0019,9.0019,9.0019,9.0019,9.0019,9.0019,9.0019,9.0019,9.0019,9.0019,9.0019,9.0019,9.0019,9.0019,9.0019,9.0019,9.0019,9.0019,9.0019,9.0019,9.0019,9.0019,9.0019,9.0019,9.0019,9.0019,9.0019,9.0019,9.0019,9.0019,9.0019,9.0019,9.0019,9.0019,9.0019,9.0019,9.0019,9.0019,9.0019,9.0019,9.0019,9.0019,9.0019,9.0019,9.0019,9.0019,9.0019,9.0019,9.0019,9.0019,9.0019,9.0019,9.0019,9.0019,9.0019,9.0019,9.0019,9.0019,9.0019,9.0019,9.0019,9.0019,9.0019,9.0019,9.0019,9.0019,9.0019,9.0019,9.0019,9.0019,9.0019,9.0019,9.0019,9.0019,9.0019,9.0019,9.0019,9.0019,9.0019,9.0019,9.0019,9.0019,9.0019,9.0019,9.0019,9.0019,9.0019,9.0019,9.0019,9.0019,9.0019,9.0019,9.0019,9.0019,9.0019,9.0019,9.0019,9.0019,9.0019,9.0019,9.0019,9.0019,9.0019,9.0019,9.0019,9.0019,9.0019,9.0019,9.0019,9.0019,9.0019,9.0019,9.0019,9.0019,9.0019,9.0019,9.0019,9.0019,9.0019,9.0019,9.0019,9.0019,9.0019,9.0019,9.0019,9.0019,9.0019,9.0019,9.0019,9.0019,9.0019,9.0019,9.0019,9.0019,9.0019,9.0019,9.0019,9.0019,9.0019,9.0019,9.0019,9.0019,9.0019,9.0019,9.0019,9.0019,9.0019,9.0019,9.0019,9.0019,9.0019,9.0019,9.0019,9.0019,9.0019,9.0019,9.0019,9.0019,9.0019,9.0019,9.0019,9.0019,9.0019,9.0019,9.0019,9.0019,9.0019,9.0019,9.0019,9.0019,9.0019,9.0019,9.0019,9.0019,9.0019,9.0019,9.0019,9.0019,9.0019,9.0019,9.0019,9.0019,9.0019,9.0019,9.0019,9.0019,9.0019,9.0019,9.0019,9.0019,9.0019,9.0019,9.0019,9.0019,9.0019,9.0019,9.0019,9.0019,9.0019,9.0019,9.0019,9.0019,9.0019,9.0019,9.0019,9.0019,9.0019,9.0019,9.0019,9.0019,9.0019,9.0019,9.0019,9.0019,9.0019,9.0019,9.0019,9.0019,9.0019,9.0019,9.0019,9.0019,9.0019,9.0019,9.0019,9.0019,9.0019,9.0019,9.0019,9.0019,9.0019,9.0019,9.0019,9.0019,9.0019,9.0019,9.0019,9.0019,9.0019,9.0019,9.0019,9.0019,9.0019,9.0019,9.0019,9.0019,9.0019,9.0019,9.0019,9.0019,9.0019,9.0019,9.0019,9.0019,9.0019,9.0019,9.0019,9.0019,9.0019,9.0019,9.0019,9.0019,9.0019,9.0019,9.0019,9.0019,9.0019,9.0019,9.0019,9.0019,9.0019,9.0019,9.0019,9.0019,9.0019,9.0019,9.0019,9.0019,9.0019,9.0019,9.0019,9.0019,9.0019,9.0019,9.0019,9.0019,9.0019,9.0019,9.0019,9.0019,9.0019,9.0019,9.0019,9.0019,9.0019,9.0019,9.0019,9.0019,9.0019,9.0019,9.0019,9.0019,9.0019,9.0019,9.0019,9.0019,9.0019,9.0019,9.0019,9.0019,9.0019,9.0019,9.0019,9.0019,9.0019,9.0019,9.0019,9.0019,9.0019,9.0019,9.0019,9.0019,9.0019,9.0019,9.0019,9.0019,9.0019,9.0019,9.0019,9.0019,9.0019,9.0019,9.0019,9.0019,9.0019,9.0019,9.0019,9.0019,9.0019,9.0019,9.0019,9.0019,9.0019,9.0019,9.0019,9.0019,9.0019,9.0019,9.0019,9.0019,9.0019,9.0019,9.0019,9.0019,9.0019,9.0019,9.0019,9.0019,9.0019,9.0019,9.0019,9.0019,9.0019,9.0019,9.0019,9.0019,9.0019,9.0019,9.0019,9.0019,9.0019,9.0019,9.0019,9.0019,9.0019,9.0019,9.0019,9.0019,9.0019,9.0019,9.0019,9.0019,9.0019,9.0019,9.0019,9.0019,9.0019,9.0019,9.0019,9.0019,9.0019,9.0019,9.0019,9.0019,9.0019,9.0019,9.0019,9.0019,9.0019,9.0019,9.0019,9.0019,9.0019,9.0019,9.0019,9.0019,9.0019,9.0019,9.0019,9.0019,9.0019,9.0019,9.0019,9.0019,9.0019,9.0019,9.0019,9.0019,9.0019,9.0019,9.0019,9.0019,9.0019,9.0019,9.0019,9.0019,9.0019,9.0019,9.0019,9.0019,9.0019,9.0019,9.0019,9.0019,9.0019,9.0019,9.0019,9.0019,9.0019,9.0019,9.0019,9.0019,9.0019,9.0019,9.0019,9.0019,9.0019,9.0019,9.0019,9.0019,9.0019,9.0019,9.0019,9.0019,9.0019,9.0019,9.0019,9.0019,9.0019,9.0019,9.0019,9.0019,9.0019,9.0019,9.0019,9.0019,9.0019,9.0019,9.0019,9.0019,9.0019,9.0019,9.0019,9.0019,9.0019,9.0019,9.0019,9.0019,9.0019,9.0019,9.0019
8.9923,8.9923,8.9923,8.9923,8.9923,8.9923,8.9923,8.9923,8.9923,8.9923,8.9923,8.9923,8.9923,8.9923,8.9923,8.9923,8.9923,8.9923,8.9923,8.9923,8.9923,8.9923,8.9923,8.9923,8.9923,8.9923,8.9923,8.9923,8.9923,8.9923,8.9923,8.9923,8.9923,8.9923,8.9923,8.9923,8.9923,8.9923,8.9923,8.9923,8.9923,8.9923,8.9923,8.9923,8.9923,8.9923,8.9923,8.9923,8.9923,8.9923,8.9923,8.9923,8.9923,8.9923,8.9923,8.9923,8.9923,8.9923,8.9923,8.9923,8.9923,8.9923,8.9923,8.9923,8.9923,8.9923,8.9923,8.9923,8.9923,8.9923,8.9923,8.9923,8.9923,8.9923,8.9923,8.9923,8.9923,8.9923,8.9923,8.9923,8.9923,8.9923,8.9923,8.9923,8.9923,8.9923,8.9923,8.9923,8.9923,8.9923,8.9923,8.9923,8.9923,8.9923,8.9923,8.9923,8.9923,8.9923,8.9923,8.9923,8.9923,8.9923,8.9923,8.9923,8.9923,8.9923,8.9923,8.9923,8.9923,8.9923,8.9923,8.9923,8.9923,8.9923,8.9923,8.9923,8.9923,8.9923,8.9923,8.9923,8.9923,8.9923,8.9923,8.9923,8.9923,8.9923,8.9923,8.9923,8.9923,8.9923,8.9923,8.9923,8.9923,8.9923,8.9923,8.9923,8.9923,8.9923,8.9923,8.9923,8.9923,8.9923,8.9923,8.9923,8.9923,8.9923,8.9923,8.9923,8.9923,8.9923,8.9923,8.9923,8.9923,8.9923,8.9923,8.9923,8.9923,8.9923,8.9923,8.9923,8.9923,8.9923,8.9923,8.9923,8.9923,8.9923,8.9923,8.9923,8.9923,8.9923,8.9923,8.9923,8.9923,8.9923,8.9923,8.9923,8.9923,8.9923,8.9923,8.9923,8.9923,8.9923,8.9923,8.9923,8.9923,8.9923,8.9923,8.9923,8.9923,8.9923,8.9923,8.9923,8.9923,8.9923,8.9923,8.9923,8.9923,8.9923,8.9923,8.9923,8.9923,8.9923,8.9923,8.9923,8.9923,8.9923,8.9923,8.9923,8.9923,8.9923,8.9923,8.9923,8.9923,8.9923,8.9923,8.9923,8.9923,8.9923,8.9923,8.9923,8.9923,8.9923,8.9923,8.9923,8.9923,8.9923,8.9923,8.9923,8.9923,8.9923,8.9923,8.9923,8.9923,8.9923,8.9923,8.9923,8.9923,8.9923,8.9923,8.9923,8.9923,8.9923,8.9923,8.9923,8.9923,8.9923,8.9923,8.9923,8.9923,8.9923,8.9923,8.9923,8.9923,8.9923,8.9923,8.9923,8.9923,8.9923,8.9923,8.9923,8.9923,8.9923,8.9923,8.9923,8.9923,8.9923,8.9923,8.9923,8.9923,8.9923,8.9923,8.9923,8.9923,8.9923,8.9923,8.9923,8.9923,8.9923,8.9923,8.9923,8.9923,8.9923,8.9923,8.9923,8.9923,8.9923,8.9923,8.9923,8.9923,8.9923,8.9923,8.9923,8.9923,8.9923,8.9923,8.9923,8.9923,8.9923,8.9923,8.9923,8.9923,8.9923,8.9923,8.9923,8.9923,8.9923,8.9923,8.9923,8.9923,8.9923,8.9923,8.9923,8.9923,8.9923,8.9923,8.9923,8.9923,8.9923,8.9923,8.9923,8.9923,8.9923,8.9923,8.9923,8.9923,8.9923,8.9923,8.9923,8.9923,8.9923,8.9923,8.9923,8.9923,8.9923,8.9923,8.9923,8.9923,8.9923,8.9923,8.9923,8.9923,8.9923,8.9923,8.9923,8.9923,8.9923,8.9923,8.9923,8.9923,8.9923,8.9923,8.9923,8.9923,8.9923,8.9923,8.9923,8.9923,8.9923,8.9923,8.9923,8.9923,8.9923,8.9923,8.9923,8.9923,8.9923,8.9923,8.9923,8.9923,8.9923,8.9923,8.9923,8.9923,8.9923,8.9923,8.9923,8.9923,8.9923,8.9923,8.9923,8.9923,8.9923,8.9923,8.9923,8.9923,8.9923,8.9923,8.9923,8.9923,8.9923,8.9923,8.9923,8.9923,8.9923,8.9923,8.9923,8.9923,8.9923,8.9923,8.9923,8.9923,8.9923,8.9923,8.9923,8.9923,8.9923,8.9923,8.9923,8.9923,8.9923,8.9923,8.9923,8.9923,8.9923,8.9923,8.9923,8.9923,8.9923,8.9923,8.9923,8.9923,8.9923,8.9923,8.9923,8.9923,8.9923,8.9923,8.9923,8.9923,8.9923,8.9923,8.9923,8.9923,8.9923,8.9923,8.9923,8.9923,8.9923,8.9923,8.9923,8.9923,8.9923,8.9923,8.9923,8.9923,8.9923,8.9923,8.9923,8.9923,8.9923,8.9923,8.9923,8.9923,8.9923,8.9923,8.9923,8.9923,8.9923,8.9923,8.9923,8.9923,8.9923,8.9923,8.9923,8.9923,8.9923,8.9923,8.9923,8.9923,8.9923,8.9923,8.9923,8.9923,8.9923,8.9923,8.9923,8.9923,8.9923,8.9923,8.9923,8.9923,8.9923,8.9923,8.9923,8.9923,8.9923,8.9923,8.9923,8.9923,8.9923,8.9923,8.9923,8.9923,8.9923,8.9923,8.9923,8.9923,8.9923,8.9923,8.9923,8.9923,8.9923,8.9923,8.9923,8.9923,8.9923,8.9923,8.9923,8.9923,8.9923,8.9923,8.9923,8.9923,8.9923,8.9923,8.9923,8.9923,8.9923,8.9923,8.9923,8.9923,8.9923,8.9923,8.9923,8.9923,8.9923,8.9923,8.9923,8.9923,8.9923,8.9923,8.9923,8.9923,8.9923,8.9923,8.9923,8.9923,8.9923,8.9923,8.9923,8.9923,8.9923,8.9923,8.9923,8.9923,8.9923,8.9923,8.9923,8.9923,8.9923,8.9923,8.9923,8.9923,8.9923,8.9923,8.9923,8.9923,8.9923,8.9923,8.9923,8.9923,8.9923,8.9923,8.9923,8.9923,8.9923,8.9923,8.9923,8.9923,8.9923,8.9923,8.9923,8.9923,8.9923,8.9923,8.9923,8.9923,8.9923,8.9923,8.9923,8.9923,8.9923,8.9923,8.9923,8.9923,8.9923,8.9923,8.9923,8.9923,8.9923,8.9923,8.9923,8.9923,8.9923,8.9923,8.9923,8.9923,8.9923,8.9923,8.9923,8.9923,8.9923,8.9923,8.9923,8.9923,8.9923,8.9923,8.9923,8.9923,8.9923,8.9923,8.9923,8.9923,8.9923,8.9923,8.9923,8.9923,8.9923,8.9923,8.9923,8.9923,8.9923,8.9923,8.9923,8.9923,8.9923,8.9923,8.9923,8.9923,8.9923,8.9923,8.9923,8.9923,8.9923,8.9923,8.9923,8.9923,8.9923,8.9923,8.9923,8.9923,8.9923,8.9923,8.9923,8.9923,8.9923,8.9923,8.9923,8.9923,8.9923,8.9923,8.9923,8.9923,8.9923,8.9923,8.9923,8.9923,8.9923,8.9923,8.9923,8.9923,8.9923,8.9923,8.9923,8.9923,8.9923,8.9923,8.9923,8.9923,8.9923,8.9923,8.9923,8.9923,8.9923,8.9923,8.9923,8.9923,8.9923,8.9923,8.9923,8.9923,8.9923,8.9923,8.9923,8.9923,8.9923,8.9923,8.9923,8.9923,8.9923,8.9923,8.9923,8.9923,8.9923,8.9923,8.9923,8.9923,8.9923,8.9923,8.9923,8.9923,8.9923,8.9923,8.9923,8.9923,8.9923,8.9923,8.9923,8.9928,8.9928,8.9928,8.9928,8.9928,8.9928,8.9928,8.9928,8.9928,8.9928,8.9928,8.9928,8.9928,8.9928,8.9928,8.9928,8.9928,8.9928,8.9928,8.9928,8.9928,8.9928,8.9928,8.9928,8.9928,8.9928,8.9928,8.9928,8.9928,8.9928,8.9928,8.9928,8.9928,8.9928,8.9928,8.9928,8.9928,8.9928,8.9928,8.9928,8.9928,8.9928,8.9928,8.9928,8.9928,8.9928,8.9928,8.9928,8.9928,8.9928,8.9928,8.9928,8.9928,8.9928,8.9928,8.9928,8.9928,8.9928,8.9928,8.9928,8.9928,8.9928,8.9928,8.9928,8.9928,8.9928,8.9928,8.9928,8.9928,8.9928,8.9928,8.9928,8.9928,8.9928,8.9928,8.9928,8.9928,8.9928,8.9928,8.9928,8.9928,8.9928,8.9928,8.9928,8.9928,8.9928,8.9928,8.9928,8.9928,8.9928,8.9928,8.9928,8.9928,8.9928,8.9928,8.9928,8.9928,8.9928,8.9928,8.9928,8.9928,8.9928,8.9928,8.9928,8.9928,8.9928,8.9928,8.9928,8.9928,8.9928,8.9928,8.9928,8.9928,8.9928,8.9928,8.9928,8.9928,8.9928,8.9928,8.9928,8.9928,8.9928,8.9928,8.9928,8.9928,8.9928,8.9928,8.9928,8.9928,8.9928,8.9928,8.9928,8.9928,8.9928,8.9928,8.9928,8.9928,8.9928,8.9928,8.9928,8.9928,8.9928,8.9928,8.9928,8.9928,8.9928,8.9928,8.9928,8.9928,8.9928,8.9928,8.9928,8.9928,8.9928,8.9928,8.9928,8.9928,8.9928,8.9928,8.9928,8.9928,8.9928,8.9928,8.9928,8.9928,8.9928,8.9928,8.9928,8.9928,8.9928,8.9928,8.9928,8.9928,8.9928,8.9928,8.9928,8.9928,8.9928,8.9928,8.9928,8.9928,8.9928,8.9928,8.9928,8.9928,8.9928,8.9928,8.9928,8.9928,8.9928,8.9928,8.9928,8.9928,8.9928,8.9928,8.9928,8.9928,8.9928,8.9928,8.9928,8.9928,8.9928,8.9928,8.9928,8.9928,8.9928,8.9928,8.9928,8.9928,8.9928,8.9928,8.9928,8.9928,8.9928,8.9928,8.9928,8.9928,8.9928,8.9928,8.9928,8.9928,8.9928,8.9928,8.9928,8.9928,8.9928,8.9928,8.9928,8.9928,8.9928,8.9928,8.9928,8.9928,8.9928,8.9928,8.9928,8.9928,8.9928,8.9928,8.9928,8.9928,8.9928,8.9928,8.9928,8.9928,8.9928,8.9928,8.9928,8.9928,8.9928,8.9928,8.9928
8.9832,8.9832,8.9832,8.9832,8.9832,8.9832,8.9832,8.9832,8.9832,8.9832,8.9832,8.9832,8.9832,8.9832,8.9832,8.9832,8.9832,8.9832,8.9832,8.9832,8.9832,8.9832,8.9832,8.9832,8.9832,8.9832,8.9832,8.9832,8.9832,8.9832,8.9832,8.9832,8.9832,8.9832,8.9832,8.9832,8.9832,8.9832,8.9832,8.9832,8.9832,8.9832,8.9832,8.9832,8.9832,8.9832,8.9832,8.9832,8.9832,8.9832,8.9832,8.9832,8.9832,8.9832,8.9832,8.9832,8.9832,8.9832,8.9832,8.9832,8.9832,8.9832,8.9832,8.9832,8.9832,8.9832,8.9832,8.9832,8.9832,8.9832,8.9832,8.9832,8.9832,8.9832,8.9832,8.9832,8.9832,8.9832,8.9832,8.9832,8.9832,8.9832,8.9832,8.9832,8.9832,8.9832,8.9832,8.9832,8.9832,8.9832,8.9832,8.9832,8.9832,8.9832,8.9832,8.9832,8.9832,8.9832,8.9832,8.9832,8.9832,8.9832,8.9832,8.9832,8.9832,8.9832,8.9832,8.9832,8.9832,8.9832,8.9832,8.9832,8.9832,8.9832,8.9832,8.9832,8.9832,8.9832,8.9832,8.9832,8.9832,8.9832,8.9832,8.9832,8.9832,8.9832,8.9832,8.9832,8.9832,8.9832,8.9832,8.9832,8.9832,8.9832,8.9832,8.9832,8.9832,8.9832,8.9832,8.9832,8.9832,8.9832,8.9832,8.9832,8.9832,8.9832,8.9832,8.9832,8.9832,8.9832,8.9832,8.9832,8.9832,8.9832,8.9832,8.9832,8.9832,8.9832,8.9832,8.9832,8.9832,8.9832,8.9832,8.9832,8.9832,8.9832,8.9832,8.9832,8.9832,8.9832,8.9832,8.9832,8.9832,8.9832,8.9832,8.9832,8.9832,8.9832,8.9832,8.9832,8.9832,8.9832,8.9832,8.9832,8.9832,8.9832,8.9832,8.9832,8.9832,8.9832,8.9832,8.9832,8.9832,8.9832,8.9832,8.9832,8.9832,8.9832,8.9832,8.9832,8.9832,8.9832,8.9832,8.9832,8.9832,8.9832,8.9832,8.9832,8.9832,8.9832,8.9832,8.9832,8.9832,8.9832,8.9832,8.9832,8.9832,8.9832,8.9832,8.9832,8.9832,8.9832,8.9832,8.9832,8.9832,8.9832,8.9832,8.9832,8.9832,8.9832,8.9832,8.9832,8.9832,8.9832,8.9832,8.9832,8.9832,8.9832,8.9832,8.9832,8.9832,8.9832,8.9832,8.9832,8.9832,8.9832,8.9832,8.9832,8.9832,8.9832,8.9832,8.9832,8.9832,8.9832,8.9832,8.9832,8.9832,8.9832,8.9832,8.9832,8.9832,8.9832,8.9832,8.9832,8.9832,8.9832,8.9832,8.9832,8.9832,8.9832,8.9832,8.9832,8.9832,8.9832,8.9832,8.9832,8.9832,8.9832,8.9832,8.9832,8.9832,8.9832,8.9832,8.9832,8.9832,8.9832,8.9832,8.9832,8.9832,8.9832,8.9832,8.9832,8.9832,8.9832,8.9832,8.9832,8.9832,8.9832,8.9832,8.9832,8.9832,8.9832,8.9832,8.9832,8.9832,8.9832,8.9832,8.9832,8.9832,8.9832,8.9832,8.9832,8.9832,8.9832,8.9832,8.9832,8.9832,8.9832,8.9832,8.9832,8.9832,8.9832,8.9832,8.9832,8.9832,8.9832,8.9832,8.9832,8.9832,8.9832,8.9832,8.9832,8.9832,8.9832,8.9832,8.9832,8.9832,8.9832,8.9832,8.9832,8.9832,8.9832,8.9832,8.9832,8.9832,8.9832,8.9832,8.9832,8.9832,8.9832,8.9832,8.9832,8.9832,8.9832,8.9832,8.9832,8.9832,8.9832,8.9832,8.9832,8.9832,8.9832,8.9832,8.9832,8.9832,8.9832,8.9832,8.9832,8.9832,8.9832,8.9832,8.9832,8.9832,8.9832,8.9832,8.9832,8.9832,8.9832,8.9832,8.9832,8.9832,8.9832,8.9832,8.9832,8.9832,8.9832,8.9832,8.9832,8.9832,8.9832,8.9832,8.9832,8.9832,8.9832,8.9832,8.9832,8.9832,8.9832,8.9832,8.9832,8.9832,8.9832,8.9832,8.9832,8.9832,8.9832,8.9832,8.9832,8.9832,8.9832,8.9832,8.9832,8.9832,8.9832,8.9832,8.9832,8.9832,8.9832,8.9832,8.9832,8.9832,8.9832,8.9832,8.9832,8.9832,8.9832,8.9832,8.9832,8.9832,8.9832,8.9832,8.9832,8.9832,8.9832,8.9832,8.9832,8.9832,8.9832,8.9832,8.9832,8.9832,8.9832,8.9832,8.9832,8.9832,8.9832,8.9832,8.9832,8.9832,8.9832,8.9832,8.9832,8.9832,8.9832,8.9832,8.9832,8.9832,8.9832,8.9832,8.9832,8.9832,8.9832,8.9832,8.9832,8.9832,8.9832,8.9832,8.9832,8.9832,8.9832,8.9832,8.9832,8.9832,8.9832,8.9832,8.9832,8.9832,8.9832,8.9832,8.9832,8.9832,8.9832,8.9832,8.9832,8.9832,8.9832,8.9832,8.9832,8.9832,8.9832,8.9832,8.9832,8.9832,8.9832,8.9832,8.9832,8.9832,8.9832,8.9832,8.9832,8.9832,8.9832,8.9832,8.9832,8.9832,8.9832,8.9832,8.9832,8.9832,8.9832,8.9832,8.9832,8.9832,8.9832,8.9832,8.9832,8.9832,8.9832,8.9832,8.9832,8.9832,8.9832,8.9832,8.9832,8.9832,8.9832,8.9832,8.9832,8.9832,8.9832,8.9832,8.9832,8.9832,8.9832,8.9832,8.9832,8.9832,8.9832,8.9832,8.9832,8.9832,8.9832,8.9832,8.9832,8.9832,8.9832,8.9832,8.9832,8.9832,8.9832,8.9832,8.9832,8.9832,8.9832,8.9832,8.9832,8.9832,8.9832,8.9832,8.9832,8.9832,8.9832,8.9832,8.9832,8.9832,8.9832,8.9832,8.9832,8.9832,8.9832,8.9832,8.9832,8.9832,8.9832,8.9832,8.9832,8.9832,8.9832,8.9832,8.9832,8.9832,8.9832,8.9832,8.9832,8.9832,8.9832,8.9832,8.9832,8.9832,8.9832,8.9832,8.9832,8.9832,8.9832,8.9832,8.9832,8.9832,8.9832,8.9832,8.9832,8.9832,8.9832,8.9832,8.9832,8.9832,8.9832,8.9832,8.9832,8.9832,8.9832,8.9832,8.9832,8.9832,8.9832,8.9832,8.9832,8.9832,8.9832,8.9832,8.9832,8.9832,8.9832,8.9832,8.9832,8.9832,8.9832,8.9832,8.9832,8.9832,8.9832,8.9832,8.9832,8.9832,8.9832,8.9832,8.9832,8.9832,8.9832,8.9832,8.9832,8.9832,8.9832,8.9832,8.9832,8.9832,8.9832,8.9832,8.9832,8.9832,8.9832,8.9832,8.9832,8.9832,8.9832,8.9832,8.9832,8.9832,8.9832,8.9832,8.9832,8.9832,8.9832,8.9832,8.9832,8.9832,8.9832,8.9832,8.9832,8.9832,8.9832,8.9832,8.9832,8.9832,8.9832,8.9832,8.9832,8.9832,8.9832,8.9832,8.9832,8.9832,8.9832,8.9832,8.9832,8.9832,8.9832,8.9832,8.9832,8.9832,8.9832,8.9832,8.9832,8.9832,8.9832,8.9832,8.9832,8.9832,8.9832,8.9832,8.9832,8.9832,8.9832,8.9832,8.9832,8.9832,8.9832,8.9832,8.9832,8.9832,8.9832,8.9832,8.9832,8.9832,8.9832,8.9832,8.9832,8.9832,8.9832,8.9832,8.9832,8.9832,8.9832,8.9832,8.9832,8.9832,8.9832,8.9832,8.9832,8.9832,8.9832,8.9832,8.9832,8.9832,8.9832,8.9832,8.9832,8.9832,8.9832,8.9832,8.9832,8.9832,8.9832,8.9832,8.9832,8.9832,8.9832,8.9832,8.9832,8.9832,8.9832,8.9832,8.9832,8.9832,8.9832,8.9832,8.9832,8.9832,8.9832,8.9832,8.9832,8.9832,8.9832,8.9832,8.9832,8.9832,8.9832,8.9832,8.9832,8.9832,8.9832,8.9832,8.9832,8.9832,8.9832,8.9832,8.9832,8.9832,8.9832,8.9832,8.9832,8.9832,8.9832,8.9832,8.9832,8.9832,8.9832,8.9832,8.9832,8.9832,8.9832,8.9832,8.9832,8.9832,8.9832,8.9832,8.9832,8.9832,8.9832,8.9832,8.9832,8.9832,8.9832,8.9832,8.9832,8.9832,8.9832,8.9832,8.9832,8.9832,8.9832,8.9832,8.9832,8.9832,8.9832,8.9832,8.9832,8.9832,8.9832,8.9832,8.9832,8.9832,8.9832,8.9832,8.9832,8.9832,8.9832,8.9832,8.9832,8.9832,8.9832,8.9832,8.9832,8.9832,8.9832,8.9832,8.9832,8.9832,8.9832,8.9832,8.9832,8.9832,8.9832,8.9832,8.9832,8.9832,8.9832,8.9832,8.9832,8.9832,8.9832,8.9832,8.9832,8.9832,8.9832,8.9832,8.9832,8.9832,8.9832,8.9832,8.9832,8.9832,8.9832,8.9832,8.9832,8.9832,8.9832,8.9832,8.9832,8.9832,8.9832,8.9832,8.9832,8.9832,8.9832,8.9832,8.9832,8.9832,8.9832,8.9832,8.9832,8.9832,8.9832,8.9832,8.9832,8.9832,8.9832,8.9832,8.9832,8.9832,8.9832,8.9832,8.9832,8.9832,8.9832,8.9832,8.9832,8.9832,8.9832,8.9832,8.9832,8.9832,8.9832,8.9832,8.9832,8.9832,8.9832,8.9832,8.9832,8.9832,8.9832,8.9832,8.9832,8.9832,8.9832,8.9832,8.9832,8.9832,8.9832,8.9832,8.9832,8.9832,8.9832,8.9832,8.9832,8.9832,8.9832,8.9832,8.9832,8.9832,8.9832,8.9832,8.9832,8.9832,8.9832,8.9832,8.9832,8.9832,8.9832,8.9832,8.9832,8.9832,8.9832,8.9832,8.9832,8.9832,8.9832,8.9832,8.9832,8.9832,8.9832,8.9832,8.9832,8.9832,8.9832,8.9832,8.9832,8.9832,8.9832,8.9832,8.9832
8.9740,8.9740,8.9740,8.9740,8.9740,8.9740,8.9740,8.9740,8.9740,8.9740,8.9740,8.9740,8.9740,8.9740,8.9740,8.9740,8.9740,8.9740,8.9740,8.9740,8.9740,8.9740,8.9740,8.9740,8.9740,8.9740,8.9740,8.9740,8.9740,8.9740,8.9740,8.9740,8.9740,8.9740,8.9740,8.9740,8.9740,8.9740,8.9740,8.9740,8.9740,8.9740,8.9740,8.9740,8.9740,8.9740,8.9740,8.9740,8.9740,8.9740,8.9740,8.9740,8.9740,8.9740,8.9740,8.9740,8.9740,8.9740,8.9740,8.9740,8.9740,8.9740,8.9740,8.9740,8.9740,8.9740,8.9740,8.9740,8.9740,8.9740,8.9740,8.9740,8.9740,8.9740,8.9740,8.9740,8.9740,8.9740,8.9740,8.9740,8.9740,8.9740,8.9740,8.9740,8.9740,8.9740,8.9740,8.9740,8.9740,8.9740,8.9740,8.9740,8.9740,8.9740,8.9740,8.9740,8.9740,8.9740,8.9740,8.9740,8.9740,8.9740,8.9740,8.9740,8.9740,8.9740,8.9740,8.9740,8.9740,8.9740,8.9740,8.9740,8.9740,8.9740,8.9740,8.9740,8.9740,8.9740,8.9740,8.9740,8.9740,8.9740,8.9740,8.9740,8.9740,8.9740,8.9740,8.9740,8.9740,8.9740,8.9740,8.9740,8.9740,8.9740,8.9740,8.9740,8.9740,8.9740,8.9740,8.9740,8.9740,8.9740,8.9740,8.9740,8.9740,8.9740,8.9740,8.9740,8.9740,8.9740,8.9740,8.9740,8.9740,8.9740,8.9740,8.9740,8.9740,8.9740,8.9740,8.9740,8.9740,8.9740,8.9740,8.9740,8.9740,8.9740,8.9740,8.9740,8.9740,8.9740,8.9740,8.9740,8.9740,8.9740,8.9740,8.9740,8.9740,8.9740,8.9740,8.9740,8.9740,8.9740,8.9740,8.9740,8.9740,8.9740,8.9740,8.9740,8.9740,8.9740,8.9740,8.9740,8.9740,8.9740,8.9740,8.9740,8.9740,8.9740,8.9740,8.9740,8.9740,8.9740,8.9740,8.9740,8.9740,8.9740,8.9740,8.9740,8.9740,8.9740,8.9740,8.9740,8.9740,8.9740,8.9740,8.9740,8.9740,8.9740,8.9740,8.9740,8.9740,8.9740,8.9740,8.9740,8.9740,8.9740,8.9740,8.9740,8.9740,8.9740,8.9740,8.9740,8.9740,8.9740,8.9740,8.9740,8.9740,8.9740,8.9740,8.9740,8.9740,8.9740,8.9740,8.9740,8.9740,8.9740,8.9740,8.9740,8.9740,8.9740,8.9740,8.9740,8.9740,8.9740,8.9740,8.9740,8.9740,8.9740,8.9740,8.9740,8.9740,8.9740,8.9740,8.9740,8.9740,8.9740,8.9740,8.9740,8.9740,8.9740,8.9740,8.9740,8.9740,8.9740,8.9740,8.9740,8.9740,8.9740,8.9740,8.9740,8.9740,8.9740,8.9740,8.9740,8.9740,8.9740,8.9740,8.9740,8.9740,8.9740,8.9740,8.9740,8.9740,8.9740,8.9740,8.9740,8.9740,8.9740,8.9740,8.9740,8.9740,8.9740,8.9740,8.9740,8.9740,8.9740,8.9740,8.9740,8.9740,8.9740,8.9740,8.9740,8.9740,8.9740,8.9740,8.9740,8.9740,8.9740,8.9740,8.9740,8.9740,8.9740,8.9740,8.9740,8.9740,8.9740,8.9740,8.9740,8.9740,8.9740,8.9740,8.9740,8.9740,8.9740,8.9740,8.9740,8.9740,8.9740,8.9740,8.9740,8.9740,8.9740,8.9740,8.9740,8.9740,8.9740,8.9740,8.9740,8.9740,8.9740,8.9740,8.9740,8.9740,8.9740,8.9740,8.9740,8.9740,8.9740,8.9740,8.9740,8.9740,8.9740,8.9740,8.9740,8.9740,8.9740,8.9740,8.9740,8.9740,8.9740,8.9740,8.9740,8.9740,8.9740,8.9740,8.9740,8.9740,8.9740,8.9740,8.9740,8.9740,8.9740,8.9740,8.9740,8.9740,8.9740,8.9740,8.9740,8.9740,8.9740,8.9740,8.9740,8.9740,8.9740,8.9740,8.9740,8.9740,8.9740,8.9740,8.9740,8.9740,8.9740,8.9740,8.9740,8.9740,8.9740,8.9740,8.9740,8.9740,8.9740,8.9740,8.9740,8.9740,8.9740,8.9740,8.9740,8.9740,8.9740,8.9740,8.9740,8.9740,8.9740,8.9740,8.9740,8.9740,8.9740,8.9740,8.9740,8.9740,8.9740,8.9740,8.9740,8.9740,8.9740,8.9740,8.9740,8.9740,8.9740,8.9740,8.9740,8.9740,8.9740,8.9740,8.9740,8.9740,8.9740,8.9740,8.9740,8.9740,8.9740,8.9740,8.9740,8.9740,8.9740,8.9740,8.9740,8.9740,8.9740,8.9740,8.9740,8.9740,8.9740,8.9740,8.9740,8.9740,8.9740,8.9740,8.9740,8.9740,8.9740,8.9740,8.9740,8.9740,8.9740,8.9740,8.9740,8.9740,8.9740,8.9740,8.9740,8.9740,8.9740,8.9740,8.9740,8.9740,8.9740,8.9740,8.9740,8.9740,8.9740,8.9740,8.9740,8.9740,8.9740,8.9740,8.9740,8.9740,8.9740,8.9740,8.9740,8.9740,8.9740,8.9740,8.9740,8.9740,8.9740,8.9740,8.9740,8.9740,8.9740,8.9740,8.9740,8.9740,8.9740,8.9740,8.9740,8.9740,8.9740,8.9740,8.9740,8.9740,8.9740,8.9740,8.9740,8.9740,8.9740,8.9740,8.9740,8.9740,8.9740,8.9740,8.9740,8.9740,8.9740,8.9740,8.9740,8.9740,8.9740,8.9740,8.9740,8.9740,8.9740,8.9740,8.9740,8.9740,8.9740,8.9740,8.9740,8.9740,8.9740,8.9740,8.9740,8.9740,8.9740,8.9740,8.9740,8.9740,8.9740,8.9740,8.9740,8.9740,8.9740,8.9740,8.9740,8.9740,8.9740,8.9740,8.9740,8.9740,8.9740,8.9740,8.9740,8.9740,8.9740,8.9740,8.9740,8.9740,8.9740,8.9740,8.9740,8.9740,8.9740,8.9740,8.9740,8.9740,8.9740,8.9740,8.9740,8.9740,8.9740,8.9740,8.9740,8.9740,8.9740,8.9740,8.9740,8.9740,8.9740,8.9740,8.9740,8.9740,8.9740,8.9740,8.9740,8.9740,8.9740,8.9740,8.9740,8.9740,8.9740,8.9740,8.9740,8.9740,8.9740,8.9740,8.9740,8.9740,8.9740,8.9740,8.9740,8.9740,8.9740,8.9740,8.9740,8.9740,8.9740,8.9740,8.9740,8.9740,8.9740,8.9740,8.9740,8.9740,8.9740,8.9740,8.9740,8.9740,8.9740,8.9740,8.9740,8.9740,8.9740,8.9740,8.9740,8.9740,8.9740,8.9740,8.9740,8.9740,8.9740,8.9740,8.9740,8.9740,8.9740,8.9740,8.9740,8.9740,8.9740,8.9740,8.9740,8.9740,8.9740,8.9740,8.9740,8.9740,8.9740,8.9740,8.9740,8.9740,8.9740,8.9740,8.9740,8.9740,8.9740,8.9740,8.9740,8.9740,8.9740,8.9740,8.9740,8.9740,8.9740,8.9740,8.9740,8.9740,8.9740,8.9740,8.9740,8.9740,8.9740,8.9740,8.9740,8.9740,8.9740,8.9740,8.9740,8.9740,8.9740,8.9740,8.9740,8.9740,8.9740,8.9740,8.9740,8.9740,8.9740,8.9740,8.9740,8.9740,8.9740,8.9740,8.9740,8.9740,8.9740,8.9740,8.9740,8.9740,8.9740,8.9740,8.9740,8.9740,8.9740,8.9740,8.9740,8.9740,8.9740,8.9740,8.9740,8.9740,8.9740,8.9740,8.9740,8.9740,8.9740,8.9740,8.9740,8.9740,8.9740,8.9740,8.9740,8.9740,8.9740,8.9740,8.9740,8.9740,8.9740,8.9740,8.9740,8.9740,8.9740,8.9740,8.9740,8.9740,8.9740,8.9740,8.9740,8.9740,8.9740,8.9740,8.9740,8.9740,8.9740,8.9740,8.9740,8.9740,8.9740,8.9740,8.9740,8.9740,8.9740,8.9740,8.9740,8.9740,8.9740,8.9740,8.9740,8.9740,8.9740,8.9740,8.9740,8.9740,8.9740,8.9740,8.9740,8.9740,8.9740,8.9740,8.9740,8.9740,8.9740,8.9740,8.9740,8.9740,8.9740,8.9740,8.9740,8.9740,8.9740,8.9740,8.9740,8.9740,8.9740,8.9740,8.9740,8.9740,8.9740,8.9740,8.9740,8.9740,8.9740,8.9740,8.9740,8.9740,8.9740,8.9740,8.9740,8.9740,8.9740,8.9740,8.9740,8.9740,8.9740,8.9740,8.9740,8.9740,8.9740,8.9740,8.9740,8.9740,8.9740,8.9740,8.9740,8.9740,8.9740,8.9740,8.9740,8.9740,8.9740,8.9740,8.9740,8.9740,8.9740,8.9740,8.9740,8.9740,8.9740,8.9740,8.9740,8.9740,8.9740,8.9740,8.9740,8.9740,8.9740,8.9740,8.9740,8.9740,8.9740,8.9740,8.9740,8.9740,8.9740,8.9740,8.9740,8.9740,8.9740,8.9740,8.9740,8.9740,8.9740,8.9740,8.9740,8.9740,8.9740,8.9740,8.9740,8.9740,8.9740,8.9740,8.9740,8.9740,8.9740,8.9740,8.9740,8.9740,8.9740,8.9740,8.9740,8.9740,8.9740,8.9740,8.9740,8.9740,8.9740,8.9740,8.9740,8.9740,8.9740,8.9740,8.9740,8.9740,8.9740,8.9740,8.9740,8.9740,8.9740,8.9740,8.9740,8.9740,8.9740,8.9740,8.9740,8.9740,8.9740,8.9740,8.9740,8.9740,8.9740,8.9740,8.9740,8.9740,8.9740,8.9740,8.9740,8.9740,8.9740,8.9740,8.9740,8.9740,8.9740,8.9740,8.9740,8.9740,8.9740,8.9740,8.9740,8.9740,8.9740,8.9740,8.9740,8.9740,8.9740,8.9740,8.9740,8.9740,8.9740,8.9740,8.9740,8.9740,8.9740,8.9740,8.9740,8.9740,8.9740,8.9740,8.9740,8.9740,8.9740,8.9740,8.9740
8.9654,8.9654,8.9654,8.9654,8.9654,8.9654,8.9654,8.9654,8.9654,8.9654,8.9654,8.9654,8.9654,8.9654,8.9654,8.9654,8.9654,8.9654,8.9654,8.9654,8.9654,8.9654,8.9654,8.9654,8.9654,8.9654,8.9654,8.9654,8.9654,8.9654,8.9654,8.9654,8.9654,8.9654,8.9654,8.9654,8.9654,8.9654,8.9654,8.9654,8.9654,8.9654,8.9654,8.9654,8.9654,8.9654,8.9654,8.9654,8.9654,8.9654,8.9654,8.9654,8.9654,8.9654,8.9654,8.9654,8.9654,8.9654,8.9654,8.9654,8.9654,8.9654,8.9654,8.9654,8.9654,8.9654,8.9654,8.9654,8.9654,8.9654,8.9654,8.9654,8.9654,8.9654,8.9654,8.9654,8.9654,8.9654,8.9654,8.9654,8.9654,8.9654,8.9654,8.9654,8.9654,8.9654,8.9654,8.9654,8.9654,8.9654,8.9654,8.9654,8.9654,8.9654,8.9654,8.9654,8.9654,8.9654,8.9654,8.9654,8.9654,8.9654,8.9654,8.9654,8.9654,8.9654,8.9654,8.9654,8.9654,8.9654,8.9654,8.9654,8.9654,8.9654,8.9654,8.9654,8.9654,8.9654,8.9654,8.9654,8.9654,8.9654,8.9654,8.9654,8.9654,8.9654,8.9654,8.9654,8.9654,8.9654,8.9654,8.9654,8.9654,8.9654,8.9654,8.9654,8.9654,8.9654,8.9654,8.9654,8.9654,8.9654,8.9654,8.9654,8.9654,8.9654,8.9654,8.9654,8.9654,8.9654,8.9654,8.9654,8.9654,8.9654,8.9654,8.9654,8.9654,8.9654,8.9654,8.9654,8.9654,8.9654,8.9654,8.9654,8.9654,8.9654,8.9654,8.9654,8.9654,8.9654,8.9654,8.9654,8.9654,8.9654,8.9654,8.9654,8.9654,8.9654,8.9654,8.9654,8.9654,8.9654,8.9654,8.9654,8.9654,8.9654,8.9654,8.9654,8.9654,8.9654,8.9654,8.9654,8.9654,8.9654,8.9654,8.9654,8.9654,8.9654,8.9654,8.9654,8.9654,8.9654,8.9654,8.9654,8.9654,8.9654,8.9654,8.9654,8.9654,8.9654,8.9654,8.9654,8.9654,8.9654,8.9654,8.9654,8.9654,8.9654,8.9654,8.9654,8.9654,8.9654,8.9654,8.9654,8.9654,8.9654,8.9654,8.9654,8.9654,8.9654,8.9654,8.9654,8.9654,8.9654,8.9654,8.9654,8.9654,8.9654,8.9654,8.9654,8.9654,8.9654,8.9654,8.9654,8.9654,8.9654,8.9654,8.9654,8.9654,8.9654,8.9654,8.9654,8.9654,8.9654,8.9654,8.9654,8.9654,8.9654,8.9654,8.9654,8.9654,8.9654,8.9654,8.9654,8.9654,8.9654,8.9654,8.9654,8.9654,8.9654,8.9654,8.9654,8.9654,8.9654,8.9654,8.9654,8.9654,8.9654,8.9654,8.9654,8.9654,8.9654,8.9654,8.9654,8.9654,8.9654,8.9654,8.9654,8.9654,8.9654,8.9654,8.9654,8.9654,8.9654,8.9654,8.9654,8.9654,8.9654,8.9654,8.9654,8.9654,8.9654,8.9654,8.9654,8.9654,8.9654,8.9654,8.9654,8.9654,8.9654,8.9654,8.9654,8.9654,8.9654,8.9654,8.9654,8.9654,8.9654,8.9654,8.9654,8.9654,8.9654,8.9654,8.9654,8.9654,8.9654,8.9654,8.9654,8.9654,8.9654,8.9654,8.9654,8.9654,8.9654,8.9654,8.9654,8.9654,8.9654,8.9654,8.9654,8.9654,8.9654,8.9654,8.9654,8.9654,8.9654,8.9654,8.9654,8.9654,8.9654,8.9654,8.9654,8.9654,8.9654,8.9654,8.9654,8.9654,8.9654,8.9654,8.9654,8.9654,8.9654,8.9654,8.9654,8.9654,8.9654,8.9654,8.9654,8.9654,8.9654,8.9654,8.9654,8.9654,8.9654,8.9654,8.9654,8.9654,8.9654,8.9654,8.9654,8.9654,8.9654,8.9654,8.9654,8.9654,8.9654,8.9654,8.9654,8.9654,8.9654,8.9654,8.9654,8.9654,8.9654,8.9654,8.9654,8.9654,8.9654,8.9654,8.9654,8.9654,8.9654,8.9654,8.9654,8.9654,8.9654,8.9654,8.9654,8.9654,8.9654,8.9654,8.9654,8.9654,8.9654,8.9654,8.9654,8.9654,8.9654,8.9654,8.9654,8.9654,8.9654,8.9654,8.9654,8.9654,8.9654,8.9654,8.9654,8.9654,8.9654,8.9654,8.9654,8.9654,8.9654,8.9654,8.9654,8.9654,8.9654,8.9654,8.9654,8.9654,8.9654,8.9654,8.9654,8.9654,8.9654,8.9654,8.9654,8.9654,8.9654,8.9654,8.9654,8.9654,8.9654,8.9654,8.9654,8.9654,8.9654,8.9654,8.9654,8.9654,8.9654,8.9654,8.9654,8.9654,8.9654,8.9654,8.9654,8.9654,8.9654,8.9654,8.9654,8.9654,8.9654,8.9654,8.9654,8.9654,8.9654,8.9654,8.9654,8.9654,8.9654,8.9654,8.9654,8.9654,8.9654,8.9654,8.9654,8.9654,8.9654,8.9654,8.9654,8.9654,8.9654,8.9654,8.9654,8.9654,8.9654,8.9654,8.9654,8.9654,8.9654,8.9654,8.9654,8.9654,8.9654,8.9654,8.9654,8.9654,8.9654,8.9654,8.9654,8.9654,8.9654,8.9654,8.9654,8.9654,8.9654,8.9654,8.9654,8.9654,8.9654,8.9654,8.9654,8.9654,8.9654,8.9654,8.9654,8.9654,8.9654,8.9654,8.9654,8.9654,8.9654,8.9654,8.9654,8.9654,8.9654,8.9654,8.9654,8.9654,8.9654,8.9654,8.9654,8.9654,8.9654,8.9654,8.9654,8.9654,8.9654,8.9654,8.9654,8.9654,8.9654,8.9654,8.9654,8.9654,8.9654,8.9654,8.9654,8.9654,8.9654,8.9654,8.9654,8.9654,8.9654,8.9654,8.9654,8.9654,8.9654,8.9654,8.9654,8.9654,8.9654,8.9654,8.9654,8.9654,8.9654,8.9654,8.9654,8.9654,8.9654,8.9654,8.9654,8.9654,8.9654,8.9654,8.9654,8.9654,8.9654,8.9654,8.9654,8.9654,8.9654,8.9654,8.9654,8.9654,8.9654,8.9654,8.9654,8.9654,8.9654,8.9654,8.9654,8.9654,8.9654,8.9654,8.9654,8.9654,8.9654,8.9654,8.9654,8.9654,8.9654,8.9654,8.9654,8.9654,8.9654,8.9654,8.9654,8.9654,8.9654,8.9654,8.9654,8.9654,8.9654,8.9654,8.9654,8.9654,8.9654,8.9654,8.9654,8.9654,8.9654,8.9654,8.9654,8.9654,8.9654,8.9654,8.9654,8.9654,8.9654,8.9654,8.9654,8.9654,8.9654,8.9654,8.9654,8.9654,8.9654,8.9654,8.9654,8.9654,8.9654,8.9654,8.9654,8.9654,8.9654,8.9654,8.9654,8.9654,8.9654,8.9654,8.9654,8.9654,8.9654,8.9654,8.9654,8.9654,8.9654,8.9654,8.9654,8.9654,8.9654,8.9654,8.9654,8.9654,8.9654,8.9654,8.9654,8.9654,8.9654,8.9654,8.9654,8.9654,8.9654,8.9654,8.9654,8.9654,8.9654,8.9654,8.9654,8.9654,8.9654,8.9654,8.9654,8.9654,8.9654,8.9654,8.9654,8.9654,8.9654,8.9654,8.9654,8.9654,8.9654,8.9654,8.9654,8.9654,8.9654,8.9654,8.9654,8.9654,8.9654,8.9654,8.9654,8.9654,8.9654,8.9654,8.9654,8.9654,8.9654,8.9654,8.9654,8.9654,8.9654,8.9654,8.9654,8.9654,8.9654,8.9654,8.9654,8.9654,8.9654,8.9654,8.9654,8.9654,8.9654,8.9654,8.9654,8.9654,8.9654,8.9654,8.9654,8.9654,8.9654,8.9654,8.9654,8.9654,8.9654,8.9654,8.9654,8.9654,8.9654,8.9654,8.9654,8.9654,8.9654,8.9654,8.9654,8.9654,8.9654,8.9654,8.9654,8.9654,8.9654,8.9654,8.9654,8.9654,8.9654,8.9654,8.9654,8.9654,8.9654,8.9654,8.9654,8.9654,8.9654,8.9654,8.9654,8.9654,8.9654,8.9654,8.9654,8.9654,8.9654,8.9654,8.9654,8.9654,8.9654,8.9654,8.9654,8.9654,8.9654,8.9654,8.9654,8.9654,8.9654,8.9654,8.9654,8.9654,8.9654,8.9654,8.9654,8.9654,8.9654,8.9654,8.9654,8.9654,8.9654,8.9654,8.9654,8.9654,8.9654,8.9654,8.9654,8.9654,8.9654,8.9654,8.9654,8.9654,8.9654,8.9654,8.9654,8.9654,8.9654,8.9654,8.9654,8.9654,8.9654,8.9654,8.9654,8.9654,8.9654,8.9654,8.9654,8.9654,8.9654,8.9654,8.9654,8.9654,8.9654,8.9654,8.9654,8.9654,8.9654,8.9654,8.9654,8.9654,8.9654,8.9654,8.9654,8.9654,8.9654,8.9654,8.9654,8.9654,8.9654,8.9654,8.9654,8.9654,8.9654,8.9654,8.9654,8.9654,8.9654,8.9654,8.9654,8.9654,8.9654,8.9654,8.9654,8.9654,8.9654,8.9654,8.9654,8.9654,8.9654,8.9654,8.9654,8.9654,8.9654,8.9654,8.9654,8.9654,8.9654,8.9654,8.9654,8.9654,8.9654,8.9654,8.9654,8.9654,8.9654,8.9654,8.9654,8.9654,8.9654,8.9654,8.9654,8.9654,8.9654,8.9654,8.9654,8.9654,8.9654,8.9654,8.9654,8.9654,8.9654,8.9654,8.9654,8.9654,8.9654,8.9654,8.9654,8.9654,8.9654,8.9654,8.9654,8.9654,8.9654,8.9654,8.9654,8.9654,8.9654,8.9654,8.9654,8.9654,8.9654,8.9654,8.9654,8.9654,8.9654,8.9654,8.9654,8.9654,8.9654,8.9654,8.9654,8.9654,8.9654,8.9654,8.9654,8.9654,8.9654,8.9654,8.9654,8.9654,8.9654,8.9654,8.9654,8.9654,8.9654,8.9654,8.9654,8.9654,8.9654,8.9654,8.9654
8.9568,8.9568,8.9568,8.9568,8.9568,8.9568,8.9568,8.9568,8.9568,8.9568,8.9568,8.9568,8.9568,8.9568,8.9568,8.9568,8.9568,8.9568,8.9568,8.9568,8.9568,8.9568,8.9568,8.9568,8.9568,8.9568,8.9568,8.9568,8.9568,8.9568,8.9568,8.9568,8.9568,8.9568,8.9568,8.9568,8.9568,8.9568,8.9568,8.9568,8.9568,8.9568,8.9568,8.9568,8.9568,8.9568,8.9568,8.9568,8.9568,8.9568,8.9568,8.9568,8.9568,8.9568,8.9568,8.9568,8.9568,8.9568,8.9568,8.9568,8.9568,8.9568,8.9568,8.9568,8.9568,8.9568,8.9568,8.9568,8.9568,8.9568,8.9568,8.9568,8.9568,8.9568,8.9568,8.9568,8.9568,8.9568,8.9568,8.9568,8.9568,8.9568,8.9568,8.9568,8.9568,8.9568,8.9568,8.9568,8.9568,8.9568,8.9568,8.9568,8.9568,8.9568,8.9568,8.9568,8.9568,8.9568,8.9568,8.9568,8.9568,8.9568,8.9568,8.9568,8.9568,8.9568,8.9568,8.9568,8.9568,8.9568,8.9568,8.9568,8.9568,8.9568,8.9568,8.9568,8.9568,8.9568,8.9568,8.9568,8.9568,8.9568,8.9568,8.9568,8.9568,8.9568,8.9568,8.9568,8.9568,8.9568,8.9568,8.9568,8.9568,8.9568,8.9568,8.9568,8.9568,8.9568,8.9568,8.9568,8.9568,8.9568,8.9568,8.9568,8.9568,8.9568,8.9568,8.9568,8.9568,8.9568,8.9568,8.9568,8.9568,8.9568,8.9568,8.9568,8.9568,8.9568,8.9568,8.9568,8.9568,8.9568,8.9568,8.9568,8.9568,8.9568,8.9568,8.9568,8.9568,8.9568,8.9568,8.9568,8.9568,8.9568,8.9568,8.9568,8.9568,8.9568,8.9568,8.9568,8.9568,8.9568,8.9568,8.9568,8.9568,8.9568,8.9568,8.9568,8.9568,8.9568,8.9568,8.9568,8.9568,8.9568,8.9568,8.9568,8.9568,8.9568,8.9568,8.9568,8.9568,8.9568,8.9568,8.9568,8.9568,8.9568,8.9568,8.9568,8.9568,8.9568,8.9568,8.9568,8.9568,8.9568,8.9568,8.9568,8.9568,8.9568,8.9568,8.9568,8.9568,8.9568,8.9568,8.9568,8.9568,8.9568,8.9568,8.9568,8.9568,8.9568,8.9568,8.9568,8.9568,8.9568,8.9568,8.9568,8.9568,8.9568,8.9568,8.9568,8.9568,8.9568,8.9568,8.9568,8.9568,8.9568,8.9568,8.9568,8.9568,8.9568,8.9568,8.9568,8.9568,8.9568,8.9568,8.9568,8.9568,8.9568,8.9568,8.9568,8.9568,8.9568,8.9568,8.9568,8.9568,8.9568,8.9568,8.9568,8.9568,8.9568,8.9568,8.9568,8.9568,8.9568,8.9568,8.9568,8.9568,8.9568,8.9568,8.9568,8.9568,8.9568,8.9568,8.9568,8.9568,8.9568,8.9568,8.9568,8.9568,8.9568,8.9568,8.9568,8.9568,8.9568,8.9568,8.9568,8.9568,8.9568,8.9568,8.9568,8.9568,8.9568,8.9568,8.9568,8.9568,8.9568,8.9568,8.9568,8.9568,8.9568,8.9568,8.9568,8.9568,8.9568,8.9568,8.9568,8.9568,8.9568,8.9568,8.9568,8.9568,8.9568,8.9568,8.9568,8.9568,8.9568,8.9568,8.9568,8.9568,8.9568,8.9568,8.9568,8.9568,8.9568,8.9568,8.9568,8.9568,8.9568,8.9568,8.9568,8.9568,8.9568,8.9568,8.9568,8.9568,8.9568,8.9568,8.9568,8.9568,8.9568,8.9568,8.9568,8.9568,8.9568,8.9568,8.9568,8.9568,8.9568,8.9568,8.9568,8.9568,8.9568,8.9568,8.9568,8.9568,8.9568,8.9568,8.9568,8.9568,8.9568,8.9568,8.9568,8.9568,8.9568,8.9568,8.9568,8.9568,8.9568,8.9568,8.9568,8.9568,8.9568,8.9568,8.9568,8.9568,8.9568,8.9568,8.9568,8.9568,8.9568,8.9568,8.9568,8.9568,8.9568,8.9568,8.9568,8.9568,8.9568,8.9568,8.9568,8.9568,8.9568,8.9568,8.9568,8.9568,8.9568,8.9568,8.9568,8.9568,8.9568,8.9568,8.9568,8.9568,8.9568,8.9568,8.9568,8.9568,8.9568,8.9568,8.9568,8.9568,8.9568,8.9568,8.9568,8.9568,8.9568,8.9568,8.9568,8.9568,8.9568,8.9568,8.9568,8.9568,8.9568,8.9568,8.9568,8.9568,8.9568,8.9568,8.9568,8.9568,8.9568,8.9568,8.9568,8.9568,8.9568,8.9568,8.9568,8.9568,8.9568,8.9568,8.9568,8.9568,8.9568,8.9568,8.9568,8.9568,8.9568,8.9568,8.9568,8.9568,8.9568,8.9568,8.9568,8.9568,8.9568,8.9568,8.9568,8.9568,8.9568,8.9568,8.9568,8.9568,8.9568,8.9568,8.9568,8.9568,8.9568,8.9568,8.9568,8.9568,8.9568,8.9568,8.9568,8.9568,8.9568,8.9568,8.9568,8.9568,8.9568,8.9568,8.9568,8.9568,8.9568,8.9568,8.9568,8.9568,8.9568,8.9568,8.9568,8.9568,8.9568,8.9568,8.9568,8.9568,8.9568,8.9568,8.9568,8.9568,8.9568,8.9568,8.9568,8.9568,8.9568,8.9568,8.9568,8.9568,8.9568,8.9568,8.9568,8.9568,8.9568,8.9568,8.9568,8.9568,8.9568,8.9568,8.9568,8.9568,8.9568,8.9568,8.9568,8.9568,8.9568,8.9568,8.9568,8.9568,8.9568,8.9568,8.9568,8.9568,8.9568,8.9568,8.9568,8.9568,8.9568,8.9568,8.9568,8.9568,8.9568,8.9568,8.9568,8.9568,8.9568,8.9568,8.9568,8.9568,8.9568,8.9568,8.9568,8.9568,8.9568,8.9568,8.9568,8.9568,8.9568,8.9568,8.9568,8.9568,8.9568,8.9568,8.9568,8.9568,8.9568,8.9568,8.9568,8.9568,8.9568,8.9568,8.9568,8.9568,8.9568,8.9568,8.9568,8.9568,8.9568,8.9568,8.9568,8.9568,8.9568,8.9568,8.9568,8.9568,8.9568,8.9568,8.9568,8.9568,8.9568,8.9568,8.9568,8.9568,8.9568,8.9568,8.9568,8.9568,8.9568,8.9568,8.9568,8.9568,8.9568,8.9568,8.9568,8.9568,8.9568,8.9568,8.9568,8.9568,8.9568,8.9568,8.9568,8.9568,8.9568,8.9568,8.9568,8.9568,8.9568,8.9568,8.9568,8.9568,8.9568,8.9568,8.9568,8.9568,8.9568,8.9568,8.9568,8.9568,8.9568,8.9568,8.9568,8.9568,8.9568,8.9568,8.9568,8.9568,8.9568,8.9568,8.9568,8.9568,8.9568,8.9568,8.9568,8.9568,8.9568,8.9568,8.9568,8.9568,8.9568,8.9568,8.9568,8.9568,8.9568,8.9568,8.9568,8.9568,8.9568,8.9568,8.9568,8.9568,8.9568,8.9568,8.9568,8.9568,8.9568,8.9568,8.9568,8.9568,8.9568,8.9568,8.9568,8.9568,8.9568,8.9568,8.9568,8.9568,8.9568,8.9568,8.9568,8.9568,8.9568,8.9568,8.9568,8.9568,8.9568,8.9568,8.9568,8.9568,8.9568,8.9568,8.9568,8.9568,8.9568,8.9568,8.9568,8.9568,8.9568,8.9568,8.9568,8.9568,8.9568,8.9568,8.9568,8.9568,8.9568,8.9568,8.9568,8.9568,8.9568,8.9568,8.9568,8.9568,8.9568,8.9568,8.9568,8.9568,8.9568,8.9568,8.9568,8.9568,8.9568,8.9568,8.9568,8.9568,8.9568,8.9568,8.9568,8.9568,8.9568,8.9568,8.9568,8.9568,8.9568,8.9568,8.9568,8.9568,8.9568,8.9568,8.9568,8.9568,8.9568,8.9568,8.9568,8.9568,8.9568,8.9568,8.9568,8.9568,8.9568,8.9568,8.9568,8.9568,8.9568,8.9568,8.9568,8.9568,8.9568,8.9568,8.9568,8.9568,8.9568,8.9568,8.9568,8.9568,8.9568,8.9568,8.9568,8.9568,8.9568,8.9568,8.9568,8.9568,8.9568,8.9568,8.9568,8.9568,8.9568,8.9568,8.9568,8.9568,8.9568,8.9568,8.9568,8.9568,8.9568,8.9568,8.9568,8.9568,8.9568,8.9568,8.9568,8.9568,8.9568,8.9568,8.9568,8.9568,8.9568,8.9568,8.9568,8.9568,8.9568,8.9568,8.9568,8.9568,8.9568,8.9568,8.9568,8.9568,8.9568,8.9568,8.9568,8.9568,8.9568,8.9568,8.9568,8.9568,8.9568,8.9568,8.9568,8.9568,8.9568,8.9568,8.9568,8.9568,8.9568,8.9568,8.9568,8.9568,8.9568,8.9568,8.9568,8.9568,8.9568,8.9568,8.9568,8.9568,8.9568,8.9568,8.9568,8.9568,8.9568,8.9568,8.9568,8.9568,8.9568,8.9568,8.9568,8.9568,8.9568,8.9568,8.9568,8.9568,8.9568,8.9568,8.9568,8.9568,8.9568,8.9568,8.9568,8.9568,8.9568,8.9568,8.9568,8.9568,8.9568,8.9568,8.9568,8.9568,8.9568,8.9568,8.9568,8.9568,8.9568,8.9568,8.9568,8.9568,8.9568,8.9568,8.9568,8.9568,8.9568,8.9568,8.9568,8.9568,8.9568,8.9568,8.9568,8.9568,8.9568,8.9568,8.9568,8.9568,8.9568,8.9568,8.9568,8.9568,8.9568,8.9568,8.9568,8.9568,8.9568,8.9568,8.9568,8.9568,8.9568,8.9568,8.9568,8.9568,8.9568,8.9568,8.9568,8.9568,8.9568,8.9568,8.9568,8.9568,8.9568,8.9568,8.9568,8.9568,8.9568,8.9568,8.9568,8.9568,8.9568,8.9568,8.9568,8.9568,8.9568,8.9568,8.9568,8.9568,8.9568,8.9568,8.9568,8.9568,8.9568,8.9568,8.9568,8.9568,8.9568,8.9568,8.9568,8.9568,8.9568,8.9568,8.9568,8.9568,8.9568,8.9568,8.9568
8.9473,8.9473,8.9473,8.9473,8.9473,8.9473,8.9473,8.9473,8.9473,8.9473,8.9473,8.9473,8.9473,8.9473,8.9473,8.9473,8.9473,8.9473,8.9473,8.9473,8.9473,8.9473,8.9473,8.9473,8.9473,8.9473,8.9473,8.9473,8.9473,8.9473,8.9473,8.9473,8.9473,8.9473,8.9473,8.9473,8.9473,8.9473,8.9473,8.9473,8.9473,8.9473,8.9473,8.9473,8.9473,8.9473,8.9473,8.9473,8.9473,8.9473,8.9473,8.9473,8.9473,8.9473,8.9473,8.9473,8.9473,8.9473,8.9473,8.9473,8.9473,8.9473,8.9473,8.9473,8.9473,8.9473,8.9473,8.9473,8.9473,8.9473,8.9473,8.9473,8.9473,8.9473,8.9473,8.9473,8.9473,8.9473,8.9473,8.9473,8.9473,8.9473,8.9473,8.9473,8.9473,8.9473,8.9473,8.9473,8.9473,8.9473,8.9473,8.9473,8.9473,8.9473,8.9473,8.9473,8.9473,8.9473,8.9473,8.9473,8.9473,8.9473,8.9473,8.9473,8.9473,8.9473,8.9473,8.9473,8.9473,8.9473,8.9473,8.9473,8.9473,8.9473,8.9473,8.9473,8.9473,8.9473,8.9473,8.9473,8.9473,8.9473,8.9473,8.9473,8.9473,8.9473,8.9473,8.9473,8.9473,8.9473,8.9473,8.9473,8.9473,8.9473,8.9473,8.9473,8.9473,8.9473,8.9473,8.9473,8.9473,8.9473,8.9473,8.9473,8.9473,8.9473,8.9473,8.9473,8.9473,8.9473,8.9473,8.9473,8.9473,8.9473,8.9473,8.9473,8.9473,8.9473,8.9473,8.9473,8.9473,8.9473,8.9473,8.9473,8.9473,8.9473,8.9473,8.9473,8.9473,8.9473,8.9473,8.9473,8.9473,8.9473,8.9473,8.9473,8.9473,8.9473,8.9473,8.9473,8.9473,8.9473,8.9473,8.9473,8.9473,8.9473,8.9473,8.9473,8.9473,8.9473,8.9473,8.9473,8.9473,8.9473,8.9473,8.9473,8.9473,8.9473,8.9473,8.9473,8.9473,8.9473,8.9473,8.9473,8.9473,8.9473,8.9473,8.9473,8.9473,8.9473,8.9473,8.9473,8.9473,8.9473,8.9473,8.9473,8.9473,8.9473,8.9473,8.9473,8.9473,8.9473,8.9473,8.9473,8.9473,8.9473,8.9473,8.9473,8.9473,8.9473,8.9473,8.9473,8.9473,8.9473,8.9473,8.9473,8.9473,8.9473,8.9473,8.9473,8.9473,8.9473,8.9473,8.9473,8.9473,8.9473,8.9473,8.9473,8.9473,8.9473,8.9473,8.9473,8.9473,8.9473,8.9473,8.9473,8.9473,8.9473,8.9473,8.9473,8.9473,8.9473,8.9473,8.9473,8.9473,8.9473,8.9473,8.9473,8.9473,8.9473,8.9473,8.9473,8.9473,8.9473,8.9473,8.9473,8.9473,8.9473,8.9473,8.9473,8.9473,8.9473,8.9473,8.9473,8.9473,8.9473,8.9473,8.9473,8.9473,8.9473,8.9473,8.9473,8.9473,8.9473,8.9473,8.9473,8.9473,8.9473,8.9473,8.9473,8.9473,8.9473,8.9473,8.9473,8.9473,8.9473,8.9473,8.9473,8.9473,8.9473,8.9473,8.9473,8.9473,8.9473,8.9473,8.9473,8.9473,8.9473,8.9473,8.9473,8.9473,8.9473,8.9473,8.9473,8.9473,8.9473,8.9473,8.9473,8.9473,8.9473,8.9473,8.9473,8.9473,8.9473,8.9473,8.9473,8.9473,8.9473,8.9473,8.9473,8.9473,8.9473,8.9473,8.9473,8.9473,8.9473,8.9473,8.9473,8.9473,8.9473,8.9473,8.9473,8.9473,8.9473,8.9473,8.9473,8.9473,8.9473,8.9473,8.9473,8.9473,8.9473,8.9473,8.9473,8.9473,8.9473,8.9473,8.9473,8.9473,8.9473,8.9473,8.9473,8.9473,8.9473,8.9473,8.9473,8.9473,8.9473,8.9473,8.9473,8.9473,8.9473,8.9473,8.9473,8.9473,8.9473,8.9473,8.9473,8.9473,8.9473,8.9473,8.9473,8.9473,8.9473,8.9473,8.9473,8.9473,8.9473,8.9473,8.9473,8.9473,8.9473,8.9473,8.9473,8.9473,8.9473,8.9473,8.9473,8.9473,8.9473,8.9473,8.9473,8.9473,8.9473,8.9473,8.9473,8.9473,8.9473,8.9473,8.9473,8.9473,8.9473,8.9473,8.9473,8.9473,8.9473,8.9473,8.9473,8.9473,8.9473,8.9473,8.9473,8.9473,8.9473,8.9473,8.9473,8.9473,8.9473,8.9473,8.9473,8.9473,8.9473,8.9473,8.9473,8.9473,8.9473,8.9473,8.9473,8.9473,8.9473,8.9473,8.9473,8.9473,8.9473,8.9473,8.9473,8.9473,8.9473,8.9473,8.9473,8.9473,8.9473,8.9473,8.9473,8.9473,8.9473,8.9473,8.9473,8.9473,8.9477,8.9477,8.9477,8.9477,8.9477,8.9477,8.9477,8.9477,8.9477,8.9477,8.9477,8.9477,8.9477,8.9477,8.9477,8.9477,8.9477,8.9477,8.9477,8.9477,8.9477,8.9477,8.9477,8.9477,8.9477,8.9477,8.9477,8.9477,8.9477,8.9477,8.9477,8.9477,8.9477,8.9477,8.9477,8.9477,8.9477,8.9477,8.9477,8.9477,8.9477,8.9477,8.9477,8.9477,8.9477,8.9477,8.9477,8.9477,8.9477,8.9477,8.9477,8.9477,8.9477,8.9477,8.9477,8.9477,8.9477,8.9477,8.9477,8.9477,8.9477,8.9477,8.9477,8.9477,8.9477,8.9477,8.9477,8.9477,8.9477,8.9477,8.9477,8.9477,8.9477,8.9477,8.9477,8.9477,8.9477,8.9477,8.9477,8.9477,8.9477,8.9477,8.9477,8.9477,8.9477,8.9477,8.9477,8.9477,8.9477,8.9477,8.9477,8.9477,8.9477,8.9477,8.9477,8.9477,8.9477,8.9477,8.9477,8.9477,8.9477,8.9477,8.9477,8.9477,8.9477,8.9477,8.9477,8.9477,8.9477,8.9477,8.9477,8.9477,8.9477,8.9477,8.9477,8.9477,8.9477,8.9477,8.9477,8.9477,8.9477,8.9477,8.9477,8.9477,8.9477,8.9477,8.9477,8.9477,8.9477,8.9477,8.9477,8.9477,8.9477,8.9477,8.9477,8.9477,8.9477,8.9477,8.9477,8.9477,8.9477,8.9477,8.9477,8.9477,8.9477,8.9477,8.9477,8.9477,8.9477,8.9477,8.9477,8.9477,8.9477,8.9477,8.9477,8.9477,8.9477,8.9477,8.9477,8.9477,8.9477,8.9477,8.9477,8.9477,8.9477,8.9477,8.9477,8.9477,8.9477,8.9477,8.9477,8.9477,8.9477,8.9477,8.9477,8.9477,8.9477,8.9477,8.9477,8.9477,8.9477,8.9477,8.9477,8.9477,8.9477,8.9477,8.9477,8.9477,8.9477,8.9477,8.9477,8.9477,8.9477,8.9477,8.9477,8.9477,8.9477,8.9477,8.9477,8.9477,8.9477,8.9477,8.9477,8.9477,8.9477,8.9477,8.9477,8.9477,8.9477,8.9477,8.9477,8.9477,8.9477,8.9477,8.9477,8.9477,8.9477,8.9477,8.9477,8.9477,8.9477,8.9477,8.9477,8.9477,8.9477,8.9477,8.9477,8.9477,8.9477,8.9477,8.9477,8.9477,8.9477,8.9477,8.9477,8.9477,8.9477,8.9477,8.9477,8.9477,8.9477,8.9477,8.9477,8.9477,8.9477,8.9477,8.9477,8.9477,8.9477,8.9477,8.9477,8.9477,8.9477,8.9477,8.9477,8.9477,8.9477,8.9477,8.9477,8.9477,8.9477,8.9477,8.9477,8.9477,8.9477,8.9477,8.9477,8.9477,8.9477,8.9477,8.9477,8.9477,8.9477,8.9477,8.9477,8.9477,8.9477,8.9477,8.9477,8.9477,8.9477,8.9477,8.9477,8.9477,8.9477,8.9477,8.9477,8.9477,8.9477,8.9477,8.9477,8.9477,8.9477,8.9477,8.9477,8.9477,8.9477,8.9477,8.9477,8.9477,8.9477,8.9477,8.9477,8.9477,8.9477,8.9477,8.9477,8.9477,8.9477,8.9477,8.9477,8.9477,8.9477,8.9477,8.9477,8.9477,8.9477,8.9477,8.9477,8.9477,8.9477,8.9477,8.9477,8.9477,8.9477,8.9477,8.9477,8.9477,8.9477,8.9477,8.9477,8.9477,8.9477,8.9477,8.9477,8.9477,8.9477,8.9477,8.9477,8.9477,8.9477,8.9477,8.9477,8.9477,8.9477,8.9477,8.9477,8.9477,8.9477,8.9477,8.9477,8.9477,8.9477,8.9477,8.9477,8.9477,8.9477,8.9477,8.9477,8.9477,8.9477,8.9477,8.9477,8.9477,8.9477,8.9477,8.9477,8.9477,8.9477,8.9477,8.9477,8.9477,8.9477,8.9477,8.9477,8.9477,8.9477,8.9477,8.9477,8.9477,8.9477,8.9477,8.9477,8.9477,8.9477,8.9477,8.9477,8.9477,8.9477,8.9477,8.9477,8.9477,8.9477,8.9477,8.9477,8.9477,8.9477,8.9477,8.9477,8.9477,8.9477,8.9477,8.9477,8.9477,8.9477,8.9477,8.9477,8.9477,8.9477,8.9477,8.9477,8.9477,8.9477,8.9477,8.9477,8.9477,8.9477,8.9477,8.9477,8.9477,8.9477,8.9477,8.9477,8.9477,8.9477,8.9477,8.9477,8.9477,8.9477,8.9477,8.9477,8.9477,8.9477,8.9477,8.9477,8.9477,8.9477,8.9477,8.9477,8.9477,8.9477,8.9477,8.9477,8.9477,8.9477,8.9477,8.9477,8.9477,8.9477,8.9477,8.9477,8.9477,8.9477,8.9477,8.9477,8.9477,8.9477,8.9477,8.9477,8.9477,8.9477,8.9477,8.9477,8.9477,8.9477,8.9477,8.9477,8.9477,8.9477,8.9477,8.9477,8.9477,8.9477,8.9477,8.9477,8.9477,8.9477,8.9477,8.9477,8.9477,8.9477,8.9477,8.9477,8.9477,8.9477,8.9477,8.9477,8.9477,8.9477,8.9477,8.9477
8.9382,8.9382,8.9382,8.9382,8.9382,8.9382,8.9382,8.9382,8.9382,8.9382,8.9382,8.9382,8.9382,8.9382,8.9382,8.9382,8.9382,8.9382,8.9382,8.9382,8.9382,8.9382,8.9382,8.9382,8.9382,8.9382,8.9382,8.9382,8.9382,8.9382,8.9382,8.9382,8.9382,8.9382,8.9382,8.9382,8.9382,8.9382,8.9382,8.9382,8.9382,8.9382,8.9382,8.9382,8.9382,8.9382,8.9382,8.9382,8.9382,8.9382,8.9382,8.9382,8.9382,8.9382,8.9382,8.9382,8.9382,8.9382,8.9382,8.9382,8.9382,8.9382,8.9382,8.9382,8.9382,8.9382,8.9382,8.9382,8.9382,8.9382,8.9382,8.9382,8.9382,8.9382,8.9382,8.9382,8.9382,8.9382,8.9382,8.9382,8.9382,8.9382,8.9382,8.9382,8.9382,8.9382,8.9382,8.9382,8.9382,8.9382,8.9382,8.9382,8.9382,8.9382,8.9382,8.9382,8.9382,8.9382,8.9382,8.9382,8.9382,8.9382,8.9382,8.9382,8.9382,8.9382,8.9392,8.9392,8.9392,8.9392,8.9392,8.9392,8.9392,8.9392,8.9392,8.9392,8.9392,8.9392,8.9392,8.9392,8.9392,8.9392,8.9392,8.9392,8.9392,8.9392,8.9392,8.9392,8.9392,8.9392,8.9392,8.9392,8.9392,8.9392,8.9392,8.9392,8.9392,8.9392,8.9392,8.9392,8.9392,8.9392,8.9392,8.9392,8.9392,8.9392,8.9392,8.9392,8.9392,8.9392,8.9392,8.9392,8.9392,8.9392,8.9392,8.9392,8.9392,8.9392,8.9392,8.9392,8.9392,8.9392,8.9392,8.9392,8.9392,8.9392,8.9392,8.9392,8.9392,8.9392,8.9392,8.9392,8.9392,8.9392,8.9392,8.9392,8.9392,8.9392,8.9392,8.9392,8.9392,8.9392,8.9392,8.9392,8.9392,8.9392,8.9392,8.9392,8.9392,8.9392,8.9392,8.9392,8.9392,8.9392,8.9392,8.9392,8.9392,8.9392,8.9392,8.9392,8.9392,8.9392,8.9392,8.9392,8.9392,8.9392,8.9392,8.9392,8.9392,8.9392,8.9392,8.9392,8.9392,8.9392,8.9392,8.9392,8.9392,8.9392,8.9392,8.9392,8.9392,8.9392,8.9392,8.9392,8.9392,8.9392,8.9392,8.9392,8.9392,8.9392,8.9392,8.9392,8.9392,8.9392,8.9392,8.9392,8.9392,8.9392,8.9392,8.9392,8.9392,8.9392,8.9392,8.9392,8.9392,8.9392,8.9392,8.9392,8.9392,8.9392,8.9392,8.9392,8.9392,8.9392,8.9392,8.9392,8.9392,8.9392,8.9392,8.9392,8.9392,8.9392,8.9392,8.9392,8.9392,8.9392,8.9392,8.9392,8.9392,8.9392,8.9392,8.9392,8.9392,8.9392,8.9392,8.9392,8.9392,8.9392,8.9392,8.9392,8.9392,8.9392,8.9392,8.9392,8.9392,8.9392,8.9392,8.9392,8.9392,8.9392,8.9392,8.9392,8.9392,8.9392,8.9392,8.9392,8.9392,8.9392,8.9392,8.9392,8.9392,8.9392,8.9392,8.9392,8.9392,8.9392,8.9392,8.9392,8.9392,8.9392,8.9392,8.9392,8.9392,8.9392,8.9392,8.9392,8.9392,8.9392,8.9392,8.9392,8.9392,8.9392,8.9392,8.9392,8.9392,8.9392,8.9392,8.9392,8.9392,8.9392,8.9392,8.9392,8.9392,8.9392,8.9392,8.9392,8.9392,8.9392,8.9392,8.9392,8.9392,8.9392,8.9392,8.9392,8.9392,8.9392,8.9392,8.9392,8.9392,8.9392,8.9392,8.9392,8.9392,8.9392,8.9392,8.9392,8.9392,8.9392,8.9392,8.9392,8.9392,8.9392,8.9392,8.9392,8.9392,8.9392,8.9392,8.9392,8.9392,8.9392,8.9392,8.9392,8.9392,8.9392,8.9392,8.9392,8.9392,8.9392,8.9392,8.9392,8.9392,8.9392,8.9392,8.9392,8.9392,8.9392,8.9392,8.9392,8.9392,8.9392,8.9392,8.9392,8.9392,8.9392,8.9392,8.9392,8.9392,8.9392,8.9392,8.9392,8.9392,8.9392,8.9392,8.9392,8.9392,8.9392,8.9392,8.9392,8.9392,8.9392,8.9392,8.9392,8.9392,8.9392,8.9392,8.9392,8.9392,8.9392,8.9392,8.9392,8.9392,8.9392,8.9392,8.9392,8.9392,8.9392,8.9392,8.9392,8.9392,8.9392,8.9392,8.9392,8.9392,8.9392,8.9392,8.9392,8.9392,8.9392,8.9392,8.9392,8.9392,8.9392,8.9392,8.9392,8.9392,8.9392,8.9392,8.9392,8.9392,8.9392,8.9392,8.9392,8.9392,8.9392,8.9392,8.9392,8.9392,8.9392,8.9392,8.9392,8.9392,8.9392,8.9392,8.9392,8.9392,8.9392,8.9392,8.9392,8.9392,8.9392,8.9392,8.9392,8.9392,8.9392,8.9392,8.9392,8.9392,8.9392,8.9392,8.9392,8.9392,8.9392,8.9392,8.9392,8.9392,8.9392,8.9392,8.9392,8.9392,8.9392,8.9392,8.9392,8.9392,8.9392,8.9392,8.9392,8.9392,8.9392,8.9392,8.9392,8.9392,8.9392,8.9392,8.9392,8.9392,8.9392,8.9392,8.9392,8.9392,8.9392,8.9392,8.9392,8.9392,8.9392,8.9392,8.9392,8.9392,8.9392,8.9392,8.9392,8.9392,8.9392,8.9392,8.9392,8.9392,8.9392,8.9392,8.9392,8.9392,8.9392,8.9392,8.9392,8.9392,8.9392,8.9392,8.9392,8.9392,8.9392,8.9392,8.9392,8.9392,8.9392,8.9392,8.9392,8.9392,8.9392,8.9392,8.9392,8.9392,8.9392,8.9392,8.9392,8.9392,8.9392,8.9392,8.9392,8.9392,8.9392,8.9392,8.9392,8.9392,8.9392,8.9392,8.9392,8.9392,8.9392,8.9392,8.9392,8.9392,8.9392,8.9392,8.9392,8.9392,8.9392,8.9392,8.9392,8.9392,8.9392,8.9392,8.9392,8.9392,8.9392,8.9392,8.9392,8.9392,8.9392,8.9392,8.9392,8.9392,8.9392,8.9392,8.9392,8.9392,8.9392,8.9392,8.9392,8.9392,8.9392,8.9392,8.9392,8.9392,8.9392,8.9392,8.9392,8.9392,8.9392,8.9392,8.9392,8.9392,8.9392,8.9392,8.9392,8.9392,8.9392,8.9392,8.9392,8.9392,8.9392,8.9392,8.9392,8.9392,8.9392,8.9392,8.9392,8.9392,8.9392,8.9392,8.9392,8.9392,8.9392,8.9392,8.9392,8.9392,8.9392,8.9392,8.9392,8.9392,8.9392,8.9392,8.9392,8.9392,8.9392,8.9392,8.9392,8.9392,8.9392,8.9392,8.9392,8.9392,8.9392,8.9392,8.9392,8.9392,8.9392,8.9392,8.9392,8.9392,8.9392,8.9392,8.9392,8.9392,8.9392,8.9392,8.9392,8.9392,8.9392,8.9392,8.9392,8.9392,8.9392,8.9392,8.9392,8.9392,8.9392,8.9392,8.9392,8.9392,8.9392,8.9392,8.9392,8.9392,8.9392,8.9392,8.9392,8.9392,8.9392,8.9392,8.9392,8.9392,8.9392,8.9392,8.9392,8.9392,8.9392,8.9392,8.9392,8.9392,8.9392,8.9392,8.9392,8.9392,8.9392,8.9392,8.9392,8.9392,8.9392,8.9392,8.9392,8.9392,8.9392,8.9392,8.9392,8.9392,8.9392,8.9392,8.9392,8.9392,8.9392,8.9392,8.9392,8.9392,8.9392,8.9392,8.9392,8.9392,8.9392,8.9392,8.9392,8.9392,8.9392,8.9392,8.9392,8.9392,8.9392,8.9392,8.9392,8.9392,8.9392,8.9392,8.9392,8.9392,8.9392,8.9392,8.9392,8.9392,8.9392,8.9392,8.9392,8.9392,8.9392,8.9392,8.9392,8.9392,8.9392,8.9392,8.9392,8.9392,8.9392,8.9392,8.9392,8.9392,8.9392,8.9392,8.9392,8.9392,8.9392,8.9392,8.9392,8.9392,8.9392,8.9392,8.9392,8.9392,8.9392,8.9392,8.9392,8.9392,8.9392,8.9392,8.9392,8.9392,8.9392,8.9392,8.9392,8.9392,8.9392,8.9392,8.9392,8.9392,8.9392,8.9392,8.9392,8.9392,8.9392,8.9392,8.9392,8.9392,8.9392,8.9392,8.9392,8.9392,8.9392,8.9392,8.9392,8.9392,8.9392,8.9392,8.9392,8.9392,8.9392,8.9392,8.9392,8.9392,8.9392,8.9392,8.9392,8.9392,8.9392,8.9392,8.9392,8.9392,8.9392,8.9392,8.9392,8.9392,8.9392,8.9392,8.9392,8.9392,8.9392,8.9392,8.9392,8.9392,8.9392,8.9392,8.9392,8.9392,8.9392,8.9392,8.9392,8.9392,8.9392,8.9392,8.9392,8.9392,8.9392,8.9392,8.9392,8.9392,8.9392,8.9392,8.9392,8.9392,8.9392,8.9392,8.9392,8.9392,8.9392,8.9392,8.9392,8.9392,8.9392,8.9392,8.9392,8.9392,8.9392,8.9392,8.9392,8.9392,8.9392,8.9392,8.9392,8.9392,8.9392,8.9392,8.9392,8.9392,8.9392,8.9392,8.9392,8.9392,8.9392,8.9392,8.9392,8.9392,8.9392,8.9392,8.9392,8.9392,8.9392,8.9392,8.9392,8.9392,8.9392,8.9392,8.9392,8.9392,8.9392,8.9392,8.9392,8.9392,8.9392,8.9392,8.9392,8.9392,8.9392,8.9392,8.9392,8.9392,8.9392,8.9392,8.9392,8.9392,8.9392,8.9392,8.9392,8.9392,8.9392,8.9392,8.9392,8.9392,8.9392,8.9392,8.9392,8.9392,8.9392,8.9392,8.9392,8.9392,8.9392,8.9392,8.9392,8.9392,8.9392,8.9392,8.9392,8.9392,8.9392,8.9392,8.9392,8.9392,8.9392,8.9392,8.9392,8.9392,8.9392,8.9392,8.9392,8.9392,8.9392,8.9392,8.9392,8.9392,8.9392,8.9392,8.9392,8.9392,8.9392,8.9392,8.9392
8.9301,8.9301,8.9301,8.9301,8.9301,8.9301,8.9301,8.9301,8.9301,8.9301,8.9301,8.9301,8.9301,8.9301,8.9301,8.9301,8.9301,8.9301,8.9301,8.9301,8.9301,8.9301,8.9301,8.9301,8.9301,8.9301,8.9301,8.9301,8.9301,8.9301,8.9301,8.9301,8.9301,8.9301,8.9301,8.9301,8.9301,8.9301,8.9301,8.9301,8.9301,8.9301,8.9301,8.9301,8.9301,8.9301,8.9301,8.9301,8.9301,8.9301,8.9301,8.9301,8.9301,8.9301,8.9301,8.9301,8.9301,8.9301,8.9301,8.9301,8.9301,8.9301,8.9301,8.9301,8.9301,8.9301,8.9301,8.9301,8.9301,8.9301,8.9301,8.9301,8.9301,8.9301,8.9301,8.9301,8.9301,8.9301,8.9301,8.9301,8.9301,8.9301,8.9301,8.9301,8.9301,8.9301,8.9301,8.9301,8.9301,8.9301,8.9301,8.9301,8.9301,8.9301,8.9301,8.9301,8.9301,8.9301,8.9301,8.9301,8.9301,8.9301,8.9301,8.9301,8.9301,8.9301,8.9301,8.9301,8.9301,8.9301,8.9301,8.9301,8.9301,8.9301,8.9301,8.9301,8.9301,8.9301,8.9301,8.9301,8.9301,8.9301,8.9301,8.9301,8.9301,8.9301,8.9301,8.9301,8.9301,8.9301,8.9301,8.9301,8.9301,8.9301,8.9301,8.9301,8.9301,8.9301,8.9301,8.9301,8.9301,8.9301,8.9301,8.9301,8.9301,8.9301,8.9301,8.9301,8.9301,8.9301,8.9301,8.9301,8.9301,8.9301,8.9301,8.9301,8.9301,8.9301,8.9301,8.9301,8.9301,8.9301,8.9301,8.9301,8.9301,8.9301,8.9301,8.9301,8.9301,8.9301,8.9301,8.9301,8.9301,8.9301,8.9301,8.9301,8.9301,8.9301,8.9301,8.9301,8.9301,8.9301,8.9301,8.9301,8.9301,8.9301,8.9301,8.9301,8.9301,8.9301,8.9301,8.9301,8.9301,8.9301,8.9301,8.9301,8.9301,8.9301,8.9301,8.9301,8.9301,8.9301,8.9301,8.9301,8.9301,8.9301,8.9301,8.9301,8.9301,8.9301,8.9301,8.9301,8.9301,8.9301,8.9301,8.9301,8.9301,8.9301,8.9301,8.9301,8.9301,8.9301,8.9301,8.9301,8.9301,8.9301,8.9301,8.9301,8.9301,8.9301,8.9301,8.9301,8.9301,8.9301,8.9301,8.9301,8.9301,8.9301,8.9301,8.9301,8.9301,8.9301,8.9301,8.9301,8.9301,8.9301,8.9301,8.9301,8.9301,8.9301,8.9301,8.9301,8.9301,8.9301,8.9301,8.9301,8.9301,8.9301,8.9301,8.9301,8.9301,8.9301,8.9301,8.9301,8.9301,8.9301,8.9301,8.9301,8.9301,8.9301,8.9301,8.9301,8.9301,8.9301,8.9301,8.9301,8.9301,8.9301,8.9301,8.9301,8.9301,8.9301,8.9301,8.9301,8.9301,8.9301,8.9301,8.9301,8.9301,8.9301,8.9301,8.9301,8.9301,8.9301,8.9301,8.9301,8.9301,8.9301,8.9301,8.9301,8.9301,8.9301,8.9301,8.9301,8.9301,8.9301,8.9301,8.9301,8.9301,8.9301,8.9301,8.9301,8.9301,8.9301,8.9301,8.9301,8.9301,8.9301,8.9301,8.9301,8.9301,8.9301,8.9301,8.9301,8.9301,8.9301,8.9301,8.9301,8.9301,8.9301,8.9301,8.9301,8.9301,8.9301,8.9301,8.9301,8.9301,8.9301,8.9301,8.9301,8.9301,8.9301,8.9301,8.9301,8.9301,8.9301,8.9301,8.9301,8.9301,8.9301,8.9301,8.9301,8.9301,8.9301,8.9301,8.9301,8.9301,8.9301,8.9301,8.9301,8.9301,8.9301,8.9301,8.9301,8.9301,8.9301,8.9301,8.9301,8.9301,8.9301,8.9301,8.9301,8.9301,8.9301,8.9301,8.9301,8.9301,8.9301,8.9301,8.9301,8.9301,8.9301,8.9301,8.9301,8.9301,8.9301,8.9301,8.9301,8.9301,8.9301,8.9301,8.9301,8.9301,8.9301,8.9301,8.9301,8.9301,8.9301,8.9301,8.9301,8.9301,8.9301,8.9301,8.9301,8.9301,8.9301,8.9301,8.9301,8.9301,8.9301,8.9301,8.9301,8.9301,8.9301,8.9301,8.9301,8.9301,8.9301,8.9301,8.9301,8.9301,8.9301,8.9301,8.9301,8.9301,8.9301,8.9301,8.9301,8.9301,8.9301,8.9301,8.9301,8.9301,8.9301,8.9301,8.9301,8.9301,8.9301,8.9301,8.9301,8.9301,8.9301,8.9301,8.9301,8.9301,8.9301,8.9301,8.9301,8.9301,8.9301,8.9301,8.9301,8.9301,8.9301,8.9301,8.9301,8.9301,8.9301,8.9301,8.9301,8.9301,8.9301,8.9301,8.9301,8.9301,8.9301,8.9301,8.9301,8.9301,8.9301,8.9301,8.9301,8.9301,8.9301,8.9301,8.9301,8.9301,8.9301,8.9301,8.9301,8.9301,8.9301,8.9301,8.9301,8.9301,8.9301,8.9301,8.9301,8.9301,8.9301,8.9301,8.9301,8.9301,8.9301,8.9301,8.9301,8.9301,8.9301,8.9301,8.9301,8.9301,8.9301,8.9301,8.9301,8.9301,8.9301,8.9301,8.9301,8.9301,8.9301,8.9301,8.9301,8.9301,8.9301,8.9301,8.9301,8.9301,8.9301,8.9301,8.9301,8.9301,8.9301,8.9301,8.9301,8.9301,8.9301,8.9301,8.9301,8.9301,8.9301,8.9301,8.9301,8.9301,8.9301,8.9301,8.9301,8.9301,8.9301,8.9301,8.9301,8.9301,8.9301,8.9301,8.9301,8.9301,8.9301,8.9301,8.9301,8.9301,8.9301,8.9301,8.9301,8.9301,8.9301,8.9301,8.9301,8.9301,8.9301,8.9301,8.9301,8.9301,8.9301,8.9301,8.9301,8.9301,8.9301,8.9301,8.9301,8.9301,8.9301,8.9301,8.9301,8.9301,8.9301,8.9301,8.9301,8.9301,8.9301,8.9301,8.9301,8.9301,8.9301,8.9301,8.9301,8.9301,8.9301,8.9301,8.9301,8.9301,8.9301,8.9301,8.9301,8.9301,8.9301,8.9301,8.9301,8.9301,8.9301,8.9301,8.9301,8.9301,8.9301,8.9301,8.9301,8.9301,8.9301,8.9301,8.9301,8.9301,8.9301,8.9301,8.9301,8.9301,8.9301,8.9301,8.9301,8.9301,8.9301,8.9301,8.9301,8.9301,8.9301,8.9301,8.9301,8.9301,8.9301,8.9301,8.9301,8.9301,8.9301,8.9301,8.9301,8.9301,8.9301,8.9301,8.9301,8.9301,8.9301,8.9301,8.9301,8.9301,8.9301,8.9301,8.9301,8.9301,8.9301,8.9301,8.9301,8.9301,8.9301,8.9301,8.9301,8.9301,8.9301,8.9301,8.9301,8.9301,8.9301,8.9301,8.9301,8.9301,8.9301,8.9301,8.9301,8.9301,8.9301,8.9301,8.9301,8.9301,8.9301,8.9301,8.9301,8.9301,8.9301,8.9301,8.9301,8.9301,8.9301,8.9301,8.9301,8.9301,8.9301,8.9301,8.9301,8.9301,8.9301,8.9301,8.9301,8.9301,8.9301,8.9301,8.9301,8.9301,8.9301,8.9301,8.9301,8.9301,8.9301,8.9301,8.9301,8.9301,8.9301,8.9301,8.9301,8.9301,8.9301,8.9301,8.9301,8.9301,8.9301,8.9301,8.9301,8.9301,8.9301,8.9301,8.9301,8.9301,8.9301,8.9301,8.9301,8.9301,8.9301,8.9301,8.9301,8.9301,8.9301,8.9301,8.9301,8.9301,8.9301,8.9301,8.9301,8.9301,8.9301,8.9301,8.9301,8.9301,8.9301,8.9301,8.9301,8.9301,8.9301,8.9301,8.9301,8.9301,8.9301,8.9301,8.9301,8.9301,8.9301,8.9301,8.9301,8.9301,8.9301,8.9301,8.9301,8.9301,8.9301,8.9301,8.9301,8.9301,8.9301,8.9301,8.9301,8.9301,8.9301,8.9301,8.9301,8.9301,8.9301,8.9301,8.9301,8.9301,8.9301,8.9301,8.9301,8.9301,8.9301,8.9301,8.9301,8.9301,8.9301,8.9301,8.9301,8.9301,8.9301,8.9301,8.9301,8.9301,8.9301,8.9301,8.9301,8.9301,8.9301,8.9301,8.9301,8.9301,8.9301,8.9301,8.9301,8.9301,8.9301,8.9301,8.9301,8.9301,8.9301,8.9301,8.9301,8.9301,8.9301,8.9301,8.9301,8.9301,8.9301,8.9301,8.9301,8.9301,8.9301,8.9301,8.9301,8.9301,8.9301,8.9301,8.9301,8.9301,8.9301,8.9301,8.9301,8.9301,8.9301,8.9301,8.9301,8.9301,8.9301,8.9301,8.9301,8.9301,8.9301,8.9301,8.9301,8.9301,8.9301,8.9301,8.9301,8.9301,8.9301,8.9301,8.9301,8.9301,8.9301,8.9301,8.9301,8.9301,8.9301,8.9301,8.9301,8.9301,8.9297,8.9297,8.9297,8.9297,8.9297,8.9297,8.9297,8.9297,8.9297,8.9297,8.9297,8.9297,8.9297,8.9297,8.9297,8.9297,8.9297,8.9297,8.9297,8.9297,8.9297,8.9297,8.9297,8.9297,8.9297,8.9297,8.9297,8.9297,8.9297,8.9297,8.9297,8.9297,8.9297,8.9297,8.9297,8.9297,8.9297,8.9297,8.9297,8.9297,8.9297,8.9297,8.9297,8.9297,8.9297,8.9297,8.9297,8.9297,8.9297,8.9297,8.9297,8.9297,8.9297,8.9297,8.9297,8.9297,8.9297,8.9297,8.9297,8.9297,8.9297,8.9297,8.9297,8.9297,8.9297,8.9297,8.9297,8.9297,8.9297,8.9297,8.9297,8.9297,8.9297,8.9297,8.9297,8.9297,8.9297,8.9297,8.9297,8.9297,8.9297,8.9297,8.9297,8.9297,8.9297,8.9297,8.9297,8.9297,8.9297,8.9297,8.9297,8.9297,8.9297,8.9297,8.9297,8.9297,8.9297,8.9297,8.9297,8.9297,8.9297,8.9297,8.9297
8.9211,8.9211,8.9211,8.9211,8.9211,8.9211,8.9211,8.9211,8.9211,8.9211,8.9211,8.9211,8.9211,8.9211,8.9211,8.9211,8.9211,8.9211,8.9211,8.9211,8.9211,8.9211,8.9211,8.9211,8.9211,8.9211,8.9211,8.9211,8.9211,8.9211,8.9211,8.9211,8.9211,8.9211,8.9211,8.9211,8.9211,8.9211,8.9211,8.9211,8.9211,8.9211,8.9211,8.9211,8.9211,8.9211,8.9211,8.9211,8.9211,8.9211,8.9211,8.9211,8.9211,8.9211,8.9211,8.9211,8.9211,8.9211,8.9211,8.9211,8.9211,8.9211,8.9211,8.9211,8.9211,8.9211,8.9211,8.9211,8.9211,8.9211,8.9211,8.9211,8.9211,8.9211,8.9211,8.9211,8.9211,8.9211,8.9211,8.9211,8.9211,8.9211,8.9211,8.9211,8.9211,8.9211,8.9211,8.9211,8.9211,8.9211,8.9211,8.9211,8.9211,8.9211,8.9211,8.9211,8.9211,8.9211,8.9211,8.9211,8.9211,8.9211,8.9211,8.9211,8.9211,8.9211,8.9211,8.9211,8.9211,8.9211,8.9211,8.9211,8.9211,8.9211,8.9211,8.9211,8.9211,8.9211,8.9211,8.9211,8.9211,8.9211,8.9211,8.9211,8.9211,8.9211,8.9211,8.9211,8.9211,8.9211,8.9211,8.9211,8.9211,8.9211,8.9211,8.9211,8.9211,8.9211,8.9211,8.9211,8.9211,8.9211,8.9211,8.9211,8.9211,8.9211,8.9211,8.9211,8.9211,8.9211,8.9211,8.9211,8.9211,8.9211,8.9211,8.9211,8.9211,8.9211,8.9211,8.9211,8.9211,8.9211,8.9211,8.9211,8.9211,8.9211,8.9211,8.9211,8.9211,8.9211,8.9211,8.9211,8.9211,8.9211,8.9211,8.9211,8.9211,8.9211,8.9211,8.9211,8.9211,8.9211,8.9211,8.9211,8.9211,8.9211,8.9211,8.9211,8.9211,8.9211,8.9211,8.9211,8.9211,8.9211,8.9211,8.9211,8.9211,8.9211,8.9211,8.9211,8.9211,8.9211,8.9211,8.9211,8.9211,8.9211,8.9211,8.9211,8.9211,8.9211,8.9211,8.9211,8.9211,8.9211,8.9211,8.9211,8.9211,8.9211,8.9211,8.9211,8.9211,8.9211,8.9211,8.9211,8.9211,8.9211,8.9211,8.9211,8.9211,8.9211,8.9211,8.9211,8.9211,8.9211,8.9211,8.9211,8.9211,8.9211,8.9211,8.9211,8.9211,8.9211,8.9211,8.9211,8.9211,8.9211,8.9211,8.9211,8.9211,8.9211,8.9211,8.9211,8.9211,8.9211,8.9211,8.9211,8.9211,8.9211,8.9211,8.9211,8.9211,8.9211,8.9211,8.9211,8.9211,8.9211,8.9211,8.9211,8.9211,8.9211,8.9211,8.9211,8.9211,8.9211,8.9211,8.9211,8.9211,8.9211,8.9211,8.9211,8.9211,8.9211,8.9211,8.9211,8.9211,8.9211,8.9211,8.9211,8.9211,8.9211,8.9211,8.9211,8.9211,8.9211,8.9211,8.9211,8.9211,8.9211,8.9211,8.9211,8.9211,8.9211,8.9211,8.9211,8.9211,8.9211,8.9211,8.9211,8.9211,8.9211,8.9211,8.9211,8.9211,8.9211,8.9211,8.9211,8.9211,8.9211,8.9211,8.9211,8.9211,8.9211,8.9211,8.9211,8.9211,8.9211,8.9211,8.9211,8.9211,8.9211,8.9211,8.9211,8.9211,8.9211,8.9211,8.9211,8.9211,8.9211,8.9211,8.9211,8.9211,8.9211,8.9211,8.9211,8.9211,8.9211,8.9211,8.9211,8.9211,8.9211,8.9211,8.9211,8.9211,8.9211,8.9211,8.9211,8.9211,8.9211,8.9211,8.9211,8.9211,8.9211,8.9211,8.9211,8.9211,8.9211,8.9211,8.9211,8.9211,8.9211,8.9211,8.9211,8.9211,8.9211,8.9211,8.9211,8.9211,8.9211,8.9211,8.9211,8.9211,8.9211,8.9211,8.9211,8.9211,8.9211,8.9211,8.9211,8.9211,8.9211,8.9211,8.9211,8.9211,8.9211,8.9211,8.9211,8.9211,8.9211,8.9211,8.9211,8.9211,8.9211,8.9211,8.9211,8.9211,8.9211,8.9211,8.9211,8.9211,8.9211,8.9211,8.9211,8.9211,8.9211,8.9211,8.9211,8.9211,8.9211,8.9211,8.9211,8.9211,8.9211,8.9211,8.9211,8.9211,8.9211,8.9211,8.9211,8.9211,8.9211,8.9211,8.9211,8.9211,8.9211,8.9211,8.9211,8.9211,8.9211,8.9211,8.9211,8.9211,8.9211,8.9211,8.9211,8.9211,8.9211,8.9211,8.9211,8.9211,8.9211,8.9211,8.9211,8.9211,8.9211,8.9211,8.9211,8.9211,8.9211,8.9211,8.9211,8.9211,8.9211,8.9211,8.9211,8.9211,8.9211,8.9211,8.9211,8.9211,8.9211,8.9211,8.9211,8.9211,8.9211,8.9211,8.9211,8.9211,8.9211,8.9211,8.9211,8.9211,8.9211,8.9211,8.9211,8.9211,8.9211,8.9211,8.9211,8.9211,8.9211,8.9211,8.9211,8.9211,8.9211,8.9211,8.9211,8.9211,8.9211,8.9211,8.9211,8.9211,8.9211,8.9211,8.9211,8.9211,8.9211,8.9211,8.9211,8.9211,8.9211,8.9211,8.9211,8.9211,8.9211,8.9211,8.9211,8.9211,8.9211,8.9211,8.9211,8.9211,8.9211,8.9211,8.9211,8.9211,8.9211,8.9211,8.9211,8.9211,8.9211,8.9211,8.9211,8.9211,8.9211,8.9211,8.9211,8.9211,8.9211,8.9211,8.9211,8.9211,8.9211,8.9211,8.9211,8.9211,8.9211,8.9211,8.9211,8.9211,8.9211,8.9211,8.9211,8.9211,8.9211,8.9211,8.9211,8.9211,8.9211,8.9211,8.9211,8.9211,8.9211,8.9211,8.9211,8.9211,8.9211,8.9211,8.9211,8.9211,8.9211,8.9211,8.9211,8.9211,8.9211,8.9211,8.9211,8.9211,8.9211,8.9211,8.9211,8.9211,8.9211,8.9211,8.9211,8.9211,8.9211,8.9211,8.9211,8.9211,8.9211,8.9211,8.9211,8.9211,8.9211,8.9211,8.9211,8.9211,8.9211,8.9211,8.9211,8.9211,8.9211,8.9211,8.9211,8.9211,8.9211,8.9211,8.9211,8.9211,8.9211,8.9211,8.9211,8.9211,8.9211,8.9211,8.9211,8.9211,8.9211,8.9211,8.9211,8.9211,8.9211,8.9211,8.9211,8.9211,8.9211,8.9211,8.9211,8.9211,8.9211,8.9211,8.9211,8.9211,8.9211,8.9211,8.9211,8.9211,8.9211,8.9211,8.9211,8.9211,8.9211,8.9211,8.9211,8.9211,8.9211,8.9211,8.9211,8.9211,8.9211,8.9211,8.9211,8.9211,8.9211,8.9211,8.9211,8.9211,8.9211,8.9211,8.9211,8.9211,8.9211,8.9211,8.9211,8.9211,8.9211,8.9211,8.9211,8.9211,8.9211,8.9211,8.9211,8.9211,8.9211,8.9211,8.9211,8.9211,8.9211,8.9211,8.9211,8.9211,8.9211,8.9211,8.9211,8.9211,8.9211,8.9211,8.9211,8.9211,8.9211,8.9211,8.9211,8.9211,8.9211,8.9211,8.9211,8.9211,8.9211,8.9211,8.9211,8.9211,8.9211,8.9211,8.9211,8.9211,8.9211,8.9211,8.9211,8.9211,8.9211,8.9211,8.9211,8.9211,8.9211,8.9211,8.9211,8.9211,8.9211,8.9211,8.9211,8.9211,8.9211,8.9211,8.9211,8.9211,8.9211,8.9211,8.9211,8.9211,8.9211,8.9211,8.9211,8.9211,8.9211,8.9211,8.9211,8.9211,8.9211,8.9211,8.9211,8.9211,8.9211,8.9211,8.9211,8.9211,8.9211,8.9211,8.9211,8.9211,8.9211,8.9211,8.9211,8.9211,8.9211,8.9211,8.9211,8.9211,8.9211,8.9211,8.9211,8.9211,8.9211,8.9211,8.9211,8.9211,8.9211,8.9211,8.9211,8.9211,8.9211,8.9211,8.9211,8.9211,8.9211,8.9211,8.9211,8.9211,8.9211,8.9211,8.9211,8.9211,8.9211,8.9211,8.9211,8.9211,8.9211,8.9211,8.9211,8.9211,8.9211,8.9211,8.9211,8.9211,8.9211,8.9211,8.9211,8.9211,8.9211,8.9211,8.9211,8.9211,8.9211,8.9211,8.9211,8.9211,8.9211,8.9211,8.9211,8.9211,8.9211,8.9211,8.9211,8.9211,8.9211,8.9211,8.9211,8.9211,8.9211,8.9211,8.9211,8.9211,8.9211,8.9211,8.9211,8.9211,8.9211,8.9211,8.9211,8.9211,8.9211,8.9211,8.9211,8.9211,8.9211,8.9211,8.9211,8.9211,8.9211,8.9211,8.9211,8.9211,8.9211,8.9211,8.9211,8.9211,8.9211,8.9211,8.9211,8.9211,8.9211,8.9211,8.9211,8.9211,8.9211,8.9211,8.9211,8.9211,8.9211,8.9211,8.9211,8.9211,8.9211,8.9211,8.9211,8.9211,8.9211,8.9211,8.9211,8.9211,8.9211,8.9211,8.9211,8.9211,8.9211,8.9211,8.9211,8.9211,8.9211,8.9211,8.9211,8.9211,8.9211,8.9211,8.9211,8.9211,8.9211,8.9211,8.9211,8.9211,8.9211,8.9211,8.9211,8.9211,8.9211,8.9211,8.9211,8.9211,8.9211,8.9211,8.9211,8.9211,8.9211,8.9211,8.9211,8.9211,8.9211,8.9211,8.9211,8.9211,8.9211,8.9211,8.9211,8.9211,8.9211,8.9211,8.9211,8.9211,8.9211,8.9211,8.9211,8.9211,8.9211,8.9211,8.9211,8.9211,8.9211,8.9211,8.9211,8.9211,8.9211,8.9211,8.9211,8.9211,8.9211,8.9211,8.9211,8.9211,8.9211,8.9211,8.9211,8.9211,8.9211,8.9211,8.9211,8.9211,8.9211,8.9211,8.9211,8.9211,8.9211,8.9211,8.9211,8.9211,8.9211,8.9211,8.9211,8.9211,8.9211,8.9211,8.9211
8.9121,8.9121,8.9121,8.9121,8.9121,8.9121,8.9121,8.9121,8.9121,8.9121,8.9121,8.9121,8.9121,8.9121,8.9121,8.9121,8.9121,8.9121,8.9121,8.9121,8.9121,8.9121,8.9121,8.9121,8.9121,8.9121,8.9121,8.9121,8.9121,8.9121,8.9121,8.9121,8.9121,8.9121,8.9121,8.9121,8.9121,8.9121,8.9121,8.9121,8.9121,8.9121,8.9121,8.9121,8.9121,8.9121,8.9121,8.9121,8.9121,8.9121,8.9121,8.9121,8.9121,8.9121,8.9121,8.9121,8.9121,8.9121,8.9121,8.9121,8.9121,8.9121,8.9121,8.9121,8.9121,8.9121,8.9121,8.9121,8.9121,8.9121,8.9121,8.9121,8.9121,8.9121,8.9121,8.9121,8.9121,8.9121,8.9121,8.9121,8.9121,8.9121,8.9121,8.9121,8.9121,8.9121,8.9121,8.9121,8.9121,8.9121,8.9121,8.9121,8.9121,8.9121,8.9121,8.9121,8.9121,8.9121,8.9121,8.9121,8.9121,8.9121,8.9121,8.9121,8.9121,8.9121,8.9121,8.9121,8.9121,8.9121,8.9121,8.9121,8.9121,8.9121,8.9121,8.9121,8.9121,8.9121,8.9121,8.9121,8.9121,8.9121,8.9121,8.9121,8.9121,8.9121,8.9121,8.9121,8.9121,8.9121,8.9121,8.9121,8.9121,8.9121,8.9121,8.9121,8.9121,8.9121,8.9121,8.9121,8.9121,8.9121,8.9121,8.9121,8.9121,8.9121,8.9121,8.9121,8.9121,8.9121,8.9121,8.9121,8.9121,8.9121,8.9121,8.9121,8.9121,8.9121,8.9121,8.9121,8.9121,8.9121,8.9121,8.9121,8.9121,8.9121,8.9121,8.9121,8.9121,8.9121,8.9121,8.9121,8.9121,8.9121,8.9121,8.9121,8.9121,8.9121,8.9121,8.9121,8.9121,8.9121,8.9121,8.9121,8.9121,8.9121,8.9121,8.9121,8.9121,8.9121,8.9121,8.9121,8.9121,8.9121,8.9121,8.9121,8.9121,8.9121,8.9121,8.9121,8.9121,8.9121,8.9121,8.9121,8.9121,8.9121,8.9121,8.9121,8.9121,8.9121,8.9121,8.9121,8.9121,8.9121,8.9121,8.9121,8.9121,8.9121,8.9121,8.9121,8.9121,8.9121,8.9121,8.9121,8.9121,8.9121,8.9121,8.9121,8.9121,8.9121,8.9121,8.9121,8.9121,8.9121,8.9121,8.9121,8.9121,8.9121,8.9121,8.9121,8.9121,8.9121,8.9121,8.9121,8.9121,8.9121,8.9121,8.9121,8.9121,8.9121,8.9121,8.9121,8.9121,8.9121,8.9121,8.9121,8.9121,8.9121,8.9121,8.9121,8.9121,8.9121,8.9121,8.9121,8.9121,8.9121,8.9121,8.9121,8.9121,8.9121,8.9121,8.9121,8.9121,8.9121,8.9121,8.9121,8.9121,8.9121,8.9121,8.9121,8.9121,8.9121,8.9121,8.9121,8.9121,8.9121,8.9121,8.9121,8.9121,8.9121,8.9121,8.9121,8.9121,8.9121,8.9121,8.9121,8.9121,8.9121,8.9121,8.9121,8.9121,8.9121,8.9121,8.9121,8.9121,8.9121,8.9121,8.9121,8.9121,8.9121,8.9121,8.9121,8.9121,8.9121,8.9121,8.9121,8.9121,8.9121,8.9121,8.9121,8.9121,8.9121,8.9121,8.9121,8.9121,8.9121,8.9121,8.9121,8.9121,8.9121,8.9121,8.9121,8.9121,8.9121,8.9121,8.9121,8.9121,8.9121,8.9121,8.9121,8.9121,8.9121,8.9121,8.9121,8.9121,8.9121,8.9121,8.9121,8.9121,8.9121,8.9121,8.9121,8.9121,8.9121,8.9121,8.9121,8.9121,8.9121,8.9121,8.9121,8.9121,8.9121,8.9121,8.9121,8.9121,8.9121,8.9121,8.9121,8.9121,8.9121,8.9121,8.9121,8.9121,8.9121,8.9121,8.9121,8.9121,8.9121,8.9121,8.9121,8.9121,8.9121,8.9121,8.9121,8.9121,8.9121,8.9121,8.9121,8.9121,8.9121,8.9121,8.9121,8.9121,8.9121,8.9121,8.9121,8.9121,8.9121,8.9121,8.9121,8.9121,8.9121,8.9121,8.9121,8.9121,8.9121,8.9121,8.9121,8.9121,8.9121,8.9121,8.9121,8.9121,8.9121,8.9121,8.9121,8.9121,8.9121,8.9121,8.9121,8.9121,8.9121,8.9121,8.9121,8.9121,8.9121,8.9121,8.9121,8.9121,8.9121,8.9121,8.9121,8.9121,8.9121,8.9121,8.9121,8.9121,8.9121,8.9121,8.9121,8.9121,8.9121,8.9121,8.9121,8.9121,8.9121,8.9121,8.9121,8.9121,8.9121,8.9121,8.9121,8.9121,8.9121,8.9121,8.9121,8.9121,8.9121,8.9121,8.9121,8.9121,8.9121,8.9121,8.9121,8.9121,8.9121,8.9121,8.9121,8.9121,8.9121,8.9121,8.9121,8.9121,8.9121,8.9121,8.9121,8.9121,8.9121,8.9121,8.9121,8.9121,8.9121,8.9121,8.9121,8.9121,8.9121,8.9121,8.9121,8.9121,8.9121,8.9121,8.9121,8.9121,8.9121,8.9121,8.9121,8.9121,8.9121,8.9121,8.9121,8.9121,8.9121,8.9121,8.9121,8.9121,8.9121,8.9121,8.9121,8.9121,8.9121,8.9121,8.9121,8.9121,8.9121,8.9121,8.9121,8.9121,8.9121,8.9121,8.9121,8.9121,8.9121,8.9121,8.9121,8.9121,8.9121,8.9121,8.9121,8.9121,8.9121,8.9121,8.9121,8.9121,8.9121,8.9121,8.9121,8.9121,8.9121,8.9121,8.9121,8.9121,8.9121,8.9121,8.9121,8.9121,8.9121,8.9121,8.9121,8.9121,8.9121,8.9121,8.9121,8.9121,8.9121,8.9121,8.9121,8.9121,8.9121,8.9121,8.9121,8.9121,8.9121,8.9121,8.9121,8.9121,8.9121,8.9121,8.9121,8.9121,8.9121,8.9121,8.9121,8.9121,8.9121,8.9121,8.9121,8.9121,8.9121,8.9121,8.9121,8.9121,8.9121,8.9121,8.9121,8.9121,8.9121,8.9121,8.9121,8.9121,8.9121,8.9121,8.9121,8.9121,8.9121,8.9121,8.9121,8.9121,8.9121,8.9121,8.9121,8.9121,8.9121,8.9121,8.9121,8.9121,8.9121,8.9121,8.9121,8.9121,8.9121,8.9121,8.9121,8.9121,8.9121,8.9121,8.9121,8.9121,8.9121,8.9121,8.9121,8.9121,8.9121,8.9121,8.9121,8.9121,8.9121,8.9121,8.9121,8.9121,8.9121,8.9121,8.9121,8.9121,8.9121,8.9121,8.9121,8.9121,8.9121,8.9121,8.9121,8.9121,8.9121,8.9121,8.9121,8.9121,8.9121,8.9121,8.9121,8.9121,8.9121,8.9121,8.9121,8.9121,8.9121,8.9121,8.9121,8.9121,8.9121,8.9121,8.9121,8.9121,8.9121,8.9121,8.9121,8.9121,8.9121,8.9121,8.9121,8.9121,8.9121,8.9121,8.9121,8.9121,8.9121,8.9121,8.9121,8.9121,8.9121,8.9121,8.9121,8.9121,8.9121,8.9121,8.9121,8.9121,8.9121,8.9121,8.9121,8.9121,8.9121,8.9121,8.9121,8.9121,8.9121,8.9121,8.9121,8.9121,8.9121,8.9121,8.9121,8.9121,8.9121,8.9121,8.9121,8.9121,8.9121,8.9121,8.9121,8.9121,8.9121,8.9121,8.9121,8.9121,8.9121,8.9121,8.9121,8.9121,8.9121,8.9121,8.9121,8.9121,8.9121,8.9121,8.9121,8.9121,8.9121,8.9121,8.9121,8.9121,8.9121,8.9121,8.9121,8.9121,8.9121,8.9121,8.9121,8.9121,8.9121,8.9121,8.9121,8.9121,8.9121,8.9121,8.9121,8.9121,8.9121,8.9121,8.9121,8.9121,8.9121,8.9121,8.9121,8.9121,8.9121,8.9121,8.9121,8.9121,8.9121,8.9121,8.9121,8.9121,8.9121,8.9121,8.9121,8.9121,8.9121,8.9121,8.9121,8.9121,8.9121,8.9121,8.9121,8.9121,8.9121,8.9121,8.9121,8.9121,8.9121,8.9121,8.9121,8.9121,8.9121,8.9121,8.9121,8.9121,8.9121,8.9121,8.9121,8.9121,8.9121,8.9121,8.9121,8.9121,8.9121,8.9121,8.9121,8.9121,8.9121,8.9121,8.9121,8.9121,8.9121,8.9121,8.9121,8.9121,8.9121,8.9121,8.9121,8.9121,8.9121,8.9121,8.9121,8.9121,8.9121,8.9121,8.9121,8.9121,8.9121,8.9121,8.9121,8.9121,8.9121,8.9121,8.9121,8.9121,8.9121,8.9121,8.9121,8.9121,8.9121,8.9121,8.9121,8.9121,8.9121,8.9121,8.9121,8.9121,8.9121,8.9121,8.9121,8.9121,8.9121,8.9121,8.9121,8.9121,8.9121,8.9121,8.9121,8.9121,8.9121,8.9121,8.9121,8.9121,8.9121,8.9121,8.9121,8.9121,8.9121,8.9121,8.9121,8.9121,8.9121,8.9121,8.9121,8.9121,8.9121,8.9121,8.9121,8.9121,8.9121,8.9121,8.9121,8.9121,8.9121,8.9121,8.9121,8.9121,8.9121,8.9121,8.9121,8.9121,8.9121,8.9121,8.9121,8.9121,8.9121,8.9121,8.9121,8.9121,8.9121,8.9121,8.9121,8.9121,8.9121,8.9121,8.9121,8.9121,8.9121,8.9121,8.9121,8.9121,8.9121,8.9121,8.9121,8.9121,8.9121,8.9121,8.9121,8.9121,8.9121,8.9121,8.9121,8.9121,8.9121,8.9121,8.9121,8.9121,8.9121,8.9121,8.9121,8.9121,8.9121,8.9121,8.9121,8.9121,8.9121,8.9121,8.9121,8.9121,8.9121,8.9121,8.9121,8.9121,8.9121,8.9121,8.9121,8.9121,8.9121,8.9121,8.9121,8.9121,8.9121,8.9121,8.9121,8.9121,8.9121,8.9121,8.9121,8.9121,8.9121,8.9121,8.9121,8.9121,8.9121,8.9121,8.9121,8.9121,8.9121,8.9121,8.9121
8.9027,8.9027,8.9027,8.9027,8.9027,8.9027,8.9027,8.9027,8.9027,8.9027,8.9027,8.9027,8.9027,8.9027,8.9027,8.9027,8.9027,8.9027,8.9027,8.9027,8.9027,8.9027,8.9027,8.9027,8.9027,8.9027,8.9027,8.9027,8.9027,8.9027,8.9027,8.9027,8.9027,8.9027,8.9027,8.9027,8.9027,8.9027,8.9027,8.9027,8.9027,8.9027,8.9027,8.9027,8.9027,8.9027,8.9027,8.9027,8.9027,8.9027,8.9027,8.9027,8.9027,8.9027,8.9027,8.9027,8.9027,8.9027,8.9027,8.9027,8.9027,8.9027,8.9027,8.9027,8.9027,8.9027,8.9027,8.9027,8.9027,8.9027,8.9027,8.9027,8.9027,8.9027,8.9027,8.9027,8.9027,8.9027,8.9027,8.9027,8.9027,8.9027,8.9027,8.9027,8.9027,8.9027,8.9027,8.9027,8.9027,8.9027,8.9027,8.9027,8.9027,8.9027,8.9027,8.9027,8.9027,8.9027,8.9027,8.9027,8.9027,8.9027,8.9027,8.9027,8.9027,8.9027,8.9027,8.9027,8.9027,8.9027,8.9027,8.9027,8.9027,8.9027,8.9027,8.9027,8.9027,8.9027,8.9027,8.9027,8.9027,8.9027,8.9027,8.9027,8.9027,8.9027,8.9027,8.9027,8.9027,8.9027,8.9027,8.9027,8.9027,8.9027,8.9027,8.9027,8.9027,8.9027,8.9027,8.9027,8.9027,8.9027,8.9027,8.9027,8.9027,8.9027,8.9027,8.9027,8.9027,8.9027,8.9027,8.9027,8.9027,8.9027,8.9027,8.9027,8.9027,8.9027,8.9027,8.9027,8.9027,8.9027,8.9027,8.9027,8.9027,8.9027,8.9027,8.9027,8.9027,8.9027,8.9027,8.9027,8.9027,8.9027,8.9027,8.9027,8.9027,8.9027,8.9027,8.9027,8.9027,8.9027,8.9027,8.9027,8.9027,8.9027,8.9027,8.9027,8.9027,8.9027,8.9027,8.9027,8.9027,8.9027,8.9027,8.9027,8.9027,8.9027,8.9027,8.9027,8.9027,8.9027,8.9027,8.9027,8.9027,8.9027,8.9027,8.9027,8.9027,8.9027,8.9027,8.9027,8.9027,8.9027,8.9027,8.9027,8.9027,8.9027,8.9027,8.9027,8.9027,8.9027,8.9027,8.9027,8.9027,8.9027,8.9027,8.9027,8.9027,8.9027,8.9027,8.9027,8.9027,8.9027,8.9027,8.9027,8.9027,8.9027,8.9027,8.9027,8.9027,8.9027,8.9027,8.9027,8.9027,8.9027,8.9027,8.9027,8.9027,8.9027,8.9027,8.9027,8.9027,8.9027,8.9027,8.9027,8.9027,8.9027,8.9027,8.9027,8.9027,8.9027,8.9027,8.9027,8.9027,8.9027,8.9027,8.9027,8.9027,8.9027,8.9027,8.9027,8.9027,8.9027,8.9027,8.9027,8.9027,8.9027,8.9027,8.9027,8.9027,8.9027,8.9027,8.9027,8.9027,8.9027,8.9027,8.9027,8.9027,8.9027,8.9027,8.9027,8.9027,8.9027,8.9027,8.9027,8.9027,8.9027,8.9027,8.9027,8.9027,8.9027,8.9027,8.9027,8.9027,8.9027,8.9027,8.9027,8.9027,8.9027,8.9027,8.9027,8.9027,8.9027,8.9027,8.9027,8.9027,8.9027,8.9027,8.9027,8.9027,8.9027,8.9027,8.9027,8.9027,8.9027,8.9027,8.9027,8.9027,8.9027,8.9027,8.9027,8.9027,8.9027,8.9027,8.9027,8.9027,8.9027,8.9027,8.9027,8.9027,8.9027,8.9027,8.9027,8.9027,8.9027,8.9027,8.9027,8.9027,8.9027,8.9027,8.9027,8.9027,8.9027,8.9027,8.9027,8.9027,8.9027,8.9027,8.9027,8.9027,8.9027,8.9027,8.9027,8.9027,8.9027,8.9027,8.9027,8.9027,8.9027,8.9027,8.9027,8.9027,8.9027,8.9027,8.9027,8.9027,8.9027,8.9027,8.9027,8.9027,8.9027,8.9027,8.9027,8.9027,8.9027,8.9027,8.9027,8.9027,8.9027,8.9027,8.9027,8.9027,8.9027,8.9027,8.9027,8.9027,8.9027,8.9027,8.9027,8.9027,8.9027,8.9027,8.9027,8.9027,8.9027,8.9027,8.9027,8.9027,8.9027,8.9027,8.9027,8.9027,8.9027,8.9027,8.9027,8.9027,8.9027,8.9027,8.9027,8.9027,8.9027,8.9027,8.9027,8.9027,8.9027,8.9027,8.9027,8.9027,8.9027,8.9027,8.9027,8.9027,8.9027,8.9027,8.9027,8.9027,8.9027,8.9027,8.9027,8.9027,8.9027,8.9027,8.9027,8.9027,8.9027,8.9027,8.9027,8.9027,8.9027,8.9027,8.9027,8.9027,8.9027,8.9027,8.9027,8.9027,8.9027,8.9027,8.9027,8.9027,8.9027,8.9027,8.9027,8.9027,8.9027,8.9027,8.9027,8.9027,8.9027,8.9027,8.9027,8.9027,8.9027,8.9027,8.9027,8.9027,8.9027,8.9027,8.9027,8.9027,8.9027,8.9027,8.9027,8.9027,8.9027,8.9027,8.9027,8.9027,8.9027,8.9027,8.9027,8.9027,8.9027,8.9027,8.9027,8.9027,8.9027,8.9027,8.9027,8.9027,8.9027,8.9027,8.9027,8.9027,8.9027,8.9027,8.9027,8.9027,8.9027,8.9027,8.9027,8.9027,8.9027,8.9027,8.9027,8.9027,8.9027,8.9027,8.9027,8.9027,8.9027,8.9027,8.9027,8.9027,8.9027,8.9027,8.9027,8.9027,8.9027,8.9027,8.9027,8.9027,8.9027,8.9027,8.9027,8.9027,8.9027,8.9027,8.9027,8.9027,8.9027,8.9027,8.9027,8.9027,8.9027,8.9027,8.9027,8.9027,8.9027,8.9027,8.9027,8.9027,8.9027,8.9027,8.9027,8.9027,8.9027,8.9027,8.9027,8.9027,8.9027,8.9027,8.9027,8.9027,8.9027,8.9027,8.9027,8.9027,8.9027,8.9027,8.9027,8.9027,8.9027,8.9027,8.9027,8.9027,8.9027,8.9027,8.9027,8.9027,8.9027,8.9027,8.9027,8.9027,8.9027,8.9027,8.9027,8.9027,8.9027,8.9027,8.9027,8.9027,8.9027,8.9027,8.9027,8.9027,8.9027,8.9027,8.9027,8.9027,8.9027,8.9027,8.9027,8.9027,8.9027,8.9027,8.9027,8.9027,8.9027,8.9027,8.9027,8.9027,8.9027,8.9027,8.9027,8.9027,8.9027,8.9027,8.9027,8.9027,8.9027,8.9027,8.9027,8.9027,8.9027,8.9027,8.9027,8.9027,8.9027,8.9027,8.9027,8.9027,8.9027,8.9027,8.9027,8.9027,8.9027,8.9027,8.9027,8.9027,8.9027,8.9027,8.9027,8.9027,8.9027,8.9027,8.9027,8.9027,8.9027,8.9027,8.9027,8.9027,8.9027,8.9027,8.9027,8.9027,8.9027,8.9027,8.9027,8.9027,8.9027,8.9027,8.9027,8.9027,8.9027,8.9027,8.9027,8.9027,8.9027,8.9027,8.9027,8.9027,8.9027,8.9027,8.9027,8.9027,8.9027,8.9027,8.9027,8.9027,8.9027,8.9027,8.9027,8.9027,8.9027,8.9027,8.9027,8.9027,8.9027,8.9027,8.9027,8.9027,8.9027,8.9027,8.9027,8.9027,8.9027,8.9027,8.9027,8.9027,8.9027,8.9027,8.9027,8.9027,8.9027,8.9027,8.9027,8.9027,8.9027,8.9027,8.9027,8.9027,8.9027,8.9027,8.9027,8.9027,8.9027,8.9027,8.9027,8.9027,8.9027,8.9027,8.9027,8.9027,8.9027,8.9027,8.9027,8.9027,8.9027,8.9027,8.9027,8.9027,8.9027,8.9027,8.9027,8.9027,8.9027,8.9027,8.9027,8.9027,8.9027,8.9027,8.9027,8.9027,8.9027,8.9027,8.9027,8.9027,8.9027,8.9027,8.9027,8.9027,8.9027,8.9027,8.9027,8.9027,8.9027,8.9027,8.9027,8.9027,8.9027,8.9027,8.9027,8.9027,8.9027,8.9027,8.9027,8.9027,8.9027,8.9027,8.9027,8.9027,8.9027,8.9027,8.9027,8.9027,8.9027,8.9027,8.9027,8.9027,8.9027,8.9027,8.9027,8.9027,8.9027,8.9027,8.9027,8.9027,8.9027,8.9027,8.9027,8.9027,8.9027,8.9027,8.9027,8.9027,8.9027,8.9027,8.9027,8.9027,8.9027,8.9027,8.9027,8.9027,8.9027,8.9027,8.9027,8.9027,8.9027,8.9027,8.9027,8.9027,8.9027,8.9027,8.9027,8.9027,8.9027,8.9027,8.9027,8.9027,8.9027,8.9027,8.9027,8.9027,8.9027,8.9027,8.9027,8.9027,8.9027,8.9027,8.9027,8.9027,8.9027,8.9027,8.9027,8.9027,8.9027,8.9027,8.9027,8.9027,8.9027,8.9027,8.9027,8.9027,8.9027,8.9027,8.9027,8.9027,8.9027,8.9027,8.9027,8.9027,8.9027,8.9027,8.9027,8.9027,8.9027,8.9027,8.9027,8.9027,8.9027,8.9027,8.9027,8.9027,8.9027,8.9027,8.9027,8.9027,8.9027,8.9027,8.9027,8.9027,8.9027,8.9027,8.9027,8.9027,8.9027,8.9027,8.9027,8.9027,8.9027,8.9027,8.9027,8.9027,8.9027,8.9027,8.9027,8.9027,8.9027,8.9027,8.9027,8.9027,8.9027,8.9027,8.9027,8.9027,8.9027,8.9027,8.9027,8.9027,8.9027,8.9027,8.9027,8.9027,8.9027,8.9027,8.9027,8.9027,8.9027,8.9027,8.9027,8.9027,8.9027,8.9027,8.9027,8.9027,8.9027,8.9027,8.9027,8.9027,8.9027,8.9027,8.9027,8.9027,8.9027,8.9027,8.9027,8.9027,8.9027,8.9027,8.9027,8.9027,8.9027,8.9027,8.9027,8.9027,8.9027,8.9027,8.9027,8.9027,8.9027,8.9027,8.9027,8.9027,8.9027,8.9027,8.9027,8.9027,8.9027,8.9027,8.9027,8.9027,8.9027,8.9027,8.9027,8.9027,8.9027,8.9027,8.9027
8.8947,8.8947,8.8947,8.8947,8.8947,8.8947,8.8947,8.8947,8.8947,8.8947,8.8947,8.8947,8.8947,8.8947,8.8947,8.8947,8.8947,8.8947,8.8947,8.8947,8.8947,8.8947,8.8947,8.8947,8.8947,8.8947,8.8947,8.8947,8.8947,8.8947,8.8947,8.8947,8.8947,8.8947,8.8947,8.8947,8.8947,8.8947,8.8947,8.8947,8.8947,8.8947,8.8947,8.8947,8.8947,8.8947,8.8947,8.8947,8.8947,8.8947,8.8947,8.8947,8.8947,8.8947,8.8947,8.8947,8.8947,8.8947,8.8947,8.8947,8.8947,8.8947,8.8947,8.8947,8.8947,8.8947,8.8947,8.8947,8.8947,8.8947,8.8947,8.8947,8.8947,8.8947,8.8947,8.8947,8.8947,8.8947,8.8947,8.8947,8.8947,8.8947,8.8947,8.8947,8.8947,8.8947,8.8947,8.8947,8.8947,8.8947,8.8947,8.8947,8.8947,8.8947,8.8947,8.8947,8.8947,8.8947,8.8947,8.8947,8.8947,8.8947,8.8947,8.8947,8.8947,8.8947,8.8947,8.8947,8.8947,8.8947,8.8947,8.8947,8.8947,8.8947,8.8947,8.8947,8.8947,8.8947,8.8947,8.8947,8.8947,8.8947,8.8947,8.8947,8.8947,8.8947,8.8947,8.8947,8.8947,8.8947,8.8947,8.8947,8.8947,8.8947,8.8947,8.8947,8.8947,8.8947,8.8947,8.8947,8.8947,8.8947,8.8947,8.8947,8.8947,8.8947,8.8947,8.8947,8.8947,8.8947,8.8947,8.8947,8.8947,8.8947,8.8947,8.8947,8.8947,8.8947,8.8947,8.8947,8.8947,8.8947,8.8947,8.8947,8.8947,8.8947,8.8947,8.8947,8.8947,8.8947,8.8947,8.8947,8.8947,8.8947,8.8947,8.8947,8.8947,8.8947,8.8947,8.8947,8.8947,8.8947,8.8947,8.8947,8.8947,8.8947,8.8947,8.8947,8.8947,8.8947,8.8947,8.8947,8.8947,8.8947,8.8947,8.8947,8.8947,8.8947,8.8947,8.8947,8.8947,8.8947,8.8947,8.8947,8.8947,8.8947,8.8947,8.8947,8.8947,8.8947,8.8947,8.8947,8.8947,8.8947,8.8947,8.8947,8.8947,8.8947,8.8947,8.8947,8.8947,8.8947,8.8947,8.8947,8.8947,8.8947,8.8947,8.8947,8.8947,8.8947,8.8947,8.8947,8.8947,8.8947,8.8947,8.8947,8.8947,8.8947,8.8947,8.8947,8.8947,8.8947,8.8947,8.8947,8.8947,8.8947,8.8947,8.8947,8.8947,8.8947,8.8947,8.8947,8.8947,8.8947,8.8947,8.8947,8.8947,8.8947,8.8947,8.8947,8.8947,8.8947,8.8947,8.8947,8.8947,8.8947,8.8947,8.8947,8.8947,8.8947,8.8947,8.8947,8.8947,8.8947,8.8947,8.8947,8.8947,8.8947,8.8947,8.8947,8.8947,8.8947,8.8947,8.8947,8.8947,8.8947,8.8947,8.8947,8.8947,8.8947,8.8947,8.8947,8.8947,8.8947,8.8947,8.8947,8.8947,8.8947,8.8947,8.8947,8.8947,8.8947,8.8947,8.8947,8.8947,8.8947,8.8947,8.8947,8.8947,8.8947,8.8947,8.8947,8.8947,8.8947,8.8947,8.8947,8.8947,8.8947,8.8947,8.8947,8.8947,8.8947,8.8947,8.8947,8.8947,8.8947,8.8947,8.8947,8.8947,8.8947,8.8947,8.8947,8.8947,8.8947,8.8947,8.8947,8.8947,8.8947,8.8947,8.8947,8.8947,8.8947,8.8947,8.8947,8.8947,8.8947,8.8947,8.8947,8.8947,8.8947,8.8947,8.8947,8.8947,8.8947,8.8947,8.8947,8.8947,8.8947,8.8947,8.8947,8.8947,8.8947,8.8947,8.8947,8.8947,8.8947,8.8947,8.8947,8.8947,8.8947,8.8947,8.8947,8.8947,8.8947,8.8947,8.8947,8.8947,8.8947,8.8947,8.8947,8.8947,8.8947,8.8947,8.8947,8.8947,8.8947,8.8947,8.8947,8.8947,8.8947,8.8947,8.8947,8.8947,8.8947,8.8947,8.8947,8.8947,8.8947,8.8947,8.8947,8.8947,8.8947,8.8947,8.8947,8.8947,8.8947,8.8947,8.8947,8.8947,8.8947,8.8947,8.8947,8.8947,8.8947,8.8947,8.8947,8.8947,8.8947,8.8947,8.8947,8.8947,8.8947,8.8947,8.8947,8.8947,8.8947,8.8947,8.8947,8.8947,8.8947,8.8947,8.8947,8.8947,8.8947,8.8947,8.8947,8.8947,8.8947,8.8947,8.8947,8.8947,8.8947,8.8947,8.8947,8.8947,8.8947,8.8947,8.8947,8.8947,8.8947,8.8947,8.8947,8.8947,8.8947,8.8947,8.8947,8.8947,8.8947,8.8947,8.8947,8.8947,8.8947,8.8947,8.8947,8.8947,8.8947,8.8947,8.8947,8.8947,8.8947,8.8947,8.8947,8.8947,8.8947,8.8947,8.8947,8.8947,8.8947,8.8947,8.8947,8.8947,8.8947,8.8947,8.8947,8.8947,8.8947,8.8947,8.8947,8.8947,8.8947,8.8947,8.8947,8.8947,8.8947,8.8947,8.8947,8.8947,8.8947,8.8947,8.8947,8.8947,8.8947,8.8947,8.8947,8.8947,8.8947,8.8947,8.8947,8.8947,8.8947,8.8947,8.8947,8.8947,8.8947,8.8947,8.8947,8.8947,8.8947,8.8947,8.8947,8.8947,8.8947,8.8947,8.8947,8.8947,8.8947,8.8947,8.8947,8.8947,8.8947,8.8947,8.8947,8.8947,8.8947,8.8947,8.8947,8.8947,8.8947,8.8947,8.8947,8.8947,8.8947,8.8947,8.8947,8.8947,8.8947,8.8947,8.8947,8.8947,8.8947,8.8947,8.8947,8.8947,8.8947,8.8947,8.8947,8.8947,8.8947,8.8947,8.8947,8.8947,8.8947,8.8947,8.8947,8.8947,8.8947,8.8947,8.8947,8.8947,8.8947,8.8947,8.8947,8.8947,8.8947,8.8947,8.8947,8.8947,8.8947,8.8947,8.8947,8.8947,8.8947,8.8947,8.8947,8.8947,8.8947,8.8947,8.8947,8.8947,8.8947,8.8947,8.8947,8.8947,8.8947,8.8947,8.8947,8.8947,8.8947,8.8947,8.8947,8.8947,8.8947,8.8947,8.8947,8.8947,8.8947,8.8947,8.8947,8.8947,8.8947,8.8947,8.8947,8.8947,8.8947,8.8947,8.8947,8.8947,8.8947,8.8947,8.8947,8.8947,8.8947,8.8947,8.8947,8.8947,8.8947,8.8947,8.8947,8.8947,8.8947,8.8947,8.8947,8.8947,8.8947,8.8947,8.8947,8.8947,8.8947,8.8947,8.8947,8.8947,8.8947,8.8947,8.8947,8.8947,8.8947,8.8947,8.8947,8.8947,8.8947,8.8947,8.8947,8.8947,8.8947,8.8947,8.8947,8.8947,8.8947,8.8947,8.8947,8.8947,8.8947,8.8947,8.8947,8.8947,8.8947,8.8947,8.8947,8.8947,8.8947,8.8947,8.8947,8.8947,8.8947,8.8947,8.8947,8.8947,8.8947,8.8947,8.8947,8.8947,8.8947,8.8947,8.8947,8.8947,8.8947,8.8947,8.8947,8.8947,8.8947,8.8947,8.8947,8.8947,8.8947,8.8947,8.8947,8.8947,8.8947,8.8947,8.8947,8.8947,8.8947,8.8947,8.8947,8.8947,8.8947,8.8947,8.8947,8.8947,8.8947,8.8947,8.8947,8.8947,8.8947,8.8947,8.8947,8.8947,8.8947,8.8947,8.8947,8.8947,8.8947,8.8947,8.8947,8.8947,8.8947,8.8947,8.8947,8.8947,8.8947,8.8947,8.8947,8.8947,8.8947,8.8947,8.8947,8.8947,8.8947,8.8947,8.8947,8.8947,8.8947,8.8947,8.8947,8.8947,8.8947,8.8947,8.8947,8.8947,8.8947,8.8947,8.8947,8.8947,8.8947,8.8947,8.8947,8.8947,8.8947,8.8947,8.8947,8.8947,8.8947,8.8947,8.8947,8.8947,8.8947,8.8947,8.8947,8.8947,8.8947,8.8947,8.8947,8.8947,8.8947,8.8947,8.8947,8.8947,8.8947,8.8947,8.8947,8.8947,8.8947,8.8947,8.8947,8.8947,8.8947,8.8947,8.8947,8.8947,8.8947,8.8947,8.8947,8.8947,8.8947,8.8947,8.8947,8.8947,8.8947,8.8947,8.8947,8.8947,8.8947,8.8947,8.8947,8.8947,8.8947,8.8947,8.8947,8.8947,8.8947,8.8947,8.8947,8.8947,8.8947,8.8947,8.8947,8.8947,8.8947,8.8947,8.8947,8.8947,8.8947,8.8947,8.8947,8.8947,8.8947,8.8947,8.8947,8.8947,8.8947,8.8947,8.8947,8.8947,8.8947,8.8947,8.8947,8.8947,8.8947,8.8947,8.8947,8.8947,8.8947,8.8947,8.8947,8.8947,8.8947,8.8947,8.8947,8.8947,8.8947,8.8947,8.8947,8.8947,8.8947,8.8947,8.8947,8.8947,8.8947,8.8947,8.8947,8.8947,8.8947,8.8947,8.8947,8.8947,8.8947,8.8947,8.8947,8.8947,8.8947,8.8947,8.8947,8.8947,8.8947,8.8947,8.8947,8.8947,8.8947,8.8947,8.8947,8.8947,8.8947,8.8947,8.8947,8.8947,8.8947,8.8947,8.8947,8.8947,8.8947,8.8947,8.8947,8.8947,8.8947,8.8947,8.8947,8.8947,8.8947,8.8947,8.8947,8.8947,8.8947,8.8947,8.8947,8.8947,8.8947,8.8947,8.8947,8.8947,8.8947,8.8947,8.8947,8.8947,8.8947,8.8947,8.8947,8.8947,8.8947,8.8947,8.8947,8.8947,8.8947,8.8947,8.8947,8.8947,8.8947,8.8947,8.8947,8.8947,8.8947,8.8947,8.8947,8.8947,8.8947,8.8947,8.8947,8.8947,8.8947,8.8947,8.8947,8.8947,8.8947,8.8947,8.8947,8.8947,8.8947,8.8947,8.8947,8.8947,8.8947,8.8947,8.8947,8.8947,8.8947,8.8947,8.8947,8.8947,8.8947,8.8947,8.8947
8.8857,8.8857,8.8857,8.8857,8.8857,8.8857,8.8857,8.8857,8.8857,8.8857,8.8857,8.8857,8.8857,8.8857,8.8857,8.8857,8.8857,8.8857,8.8857,8.8857,8.8857,8.8857,8.8857,8.8857,8.8857,8.8857,8.8857,8.8857,8.8857,8.8857,8.8857,8.8857,8.8857,8.8857,8.8857,8.8857,8.8857,8.8857,8.8857,8.8857,8.8857,8.8857,8.8857,8.8857,8.8857,8.8857,8.8857,8.8857,8.8857,8.8857,8.8857,8.8857,8.8857,8.8857,8.8857,8.8857,8.8857,8.8857,8.8857,8.8857,8.8857,8.8857,8.8857,8.8857,8.8857,8.8857,8.8857,8.8857,8.8857,8.8857,8.8857,8.8857,8.8857,8.8857,8.8857,8.8857,8.8857,8.8857,8.8857,8.8857,8.8857,8.8857,8.8857,8.8857,8.8857,8.8857,8.8857,8.8857,8.8857,8.8857,8.8857,8.8857,8.8857,8.8857,8.8857,8.8857,8.8857,8.8857,8.8857,8.8857,8.8857,8.8857,8.8857,8.8857,8.8852,8.8852,8.8852,8.8852,8.8852,8.8852,8.8852,8.8852,8.8852,8.8852,8.8852,8.8852,8.8852,8.8852,8.8852,8.8852,8.8852,8.8852,8.8852,8.8852,8.8852,8.8852,8.8852,8.8852,8.8852,8.8852,8.8852,8.8852,8.8852,8.8852,8.8852,8.8852,8.8852,8.8852,8.8852,8.8852,8.8852,8.8852,8.8852,8.8852,8.8852,8.8852,8.8852,8.8852,8.8852,8.8852,8.8852,8.8852,8.8852,8.8852,8.8852,8.8852,8.8852,8.8852,8.8852,8.8852,8.8852,8.8852,8.8852,8.8852,8.8852,8.8852,8.8852,8.8852,8.8852,8.8852,8.8852,8.8852,8.8852,8.8852,8.8852,8.8852,8.8852,8.8852,8.8852,8.8852,8.8852,8.8852,8.8852,8.8852,8.8852,8.8852,8.8852,8.8852,8.8852,8.8852,8.8852,8.8852,8.8852,8.8852,8.8852,8.8852,8.8852,8.8852,8.8852,8.8852,8.8852,8.8852,8.8852,8.8852,8.8852,8.8852,8.8852,8.8852,8.8852,8.8852,8.8852,8.8852,8.8852,8.8852,8.8852,8.8852,8.8852,8.8852,8.8852,8.8852,8.8852,8.8852,8.8852,8.8852,8.8852,8.8852,8.8852,8.8852,8.8852,8.8852,8.8852,8.8852,8.8852,8.8852,8.8852,8.8852,8.8852,8.8852,8.8852,8.8852,8.8852,8.8852,8.8852,8.8852,8.8852,8.8852,8.8852,8.8852,8.8852,8.8852,8.8852,8.8852,8.8852,8.8852,8.8852,8.8852,8.8852,8.8852,8.8852,8.8852,8.8852,8.8852,8.8852,8.8852,8.8852,8.8852,8.8852,8.8852,8.8852,8.8852,8.8852,8.8852,8.8852,8.8852,8.8852,8.8852,8.8852,8.8852,8.8852,8.8852,8.8852,8.8852,8.8852,8.8852,8.8852,8.8852,8.8852,8.8852,8.8852,8.8852,8.8852,8.8852,8.8852,8.8852,8.8852,8.8852,8.8852,8.8852,8.8852,8.8852,8.8852,8.8852,8.8852,8.8852,8.8852,8.8852,8.8852,8.8852,8.8852,8.8852,8.8852,8.8852,8.8852,8.8852,8.8852,8.8852,8.8852,8.8852,8.8852,8.8852,8.8852,8.8852,8.8852,8.8852,8.8852,8.8852,8.8852,8.8852,8.8852,8.8852,8.8852,8.8852,8.8852,8.8852,8.8852,8.8852,8.8852,8.8852,8.8852,8.8852,8.8852,8.8852,8.8852,8.8852,8.8852,8.8852,8.8852,8.8852,8.8852,8.8852,8.8852,8.8852,8.8852,8.8852,8.8852,8.8852,8.8852,8.8852,8.8852,8.8852,8.8852,8.8852,8.8852,8.8852,8.8852,8.8852,8.8852,8.8852,8.8852,8.8852,8.8852,8.8852,8.8852,8.8852,8.8852,8.8852,8.8852,8.8852,8.8852,8.8852,8.8852,8.8852,8.8852,8.8852,8.8852,8.8852,8.8852,8.8852,8.8852,8.8852,8.8852,8.8852,8.8852,8.8852,8.8852,8.8852,8.8852,8.8852,8.8852,8.8852,8.8852,8.8852,8.8852,8.8852,8.8852,8.8852,8.8852,8.8852,8.8852,8.8852,8.8852,8.8852,8.8852,8.8852,8.8852,8.8852,8.8852,8.8852,8.8852,8.8852,8.8852,8.8852,8.8852,8.8852,8.8852,8.8852,8.8852,8.8852,8.8852,8.8852,8.8852,8.8852,8.8852,8.8852,8.8852,8.8852,8.8852,8.8852,8.8852,8.8852,8.8852,8.8852,8.8852,8.8852,8.8852,8.8852,8.8852,8.8852,8.8852,8.8852,8.8852,8.8852,8.8852,8.8852,8.8852,8.8852,8.8852,8.8852,8.8852,8.8852,8.8852,8.8852,8.8852,8.8852,8.8852,8.8852,8.8852,8.8852,8.8852,8.8852,8.8852,8.8852,8.8852,8.8852,8.8852,8.8852,8.8852,8.8852,8.8852,8.8852,8.8852,8.8852,8.8852,8.8852,8.8852,8.8852,8.8852,8.8852,8.8852,8.8852,8.8852,8.8852,8.8852,8.8852,8.8852,8.8852,8.8852,8.8852,8.8852,8.8852,8.8852,8.8852,8.8852,8.8852,8.8852,8.8852,8.8852,8.8852,8.8852,8.8852,8.8852,8.8852,8.8852,8.8852,8.8852,8.8852,8.8852,8.8852,8.8852,8.8852,8.8852,8.8852,8.8852,8.8852,8.8852,8.8852,8.8852,8.8852,8.8852,8.8852,8.8852,8.8852,8.8852,8.8852,8.8852,8.8852,8.8852,8.8852,8.8852,8.8852,8.8852,8.8852,8.8852,8.8852,8.8852,8.8852,8.8852,8.8852,8.8852,8.8852,8.8852,8.8852,8.8852,8.8852,8.8852,8.8852,8.8852,8.8852,8.8852,8.8852,8.8852,8.8852,8.8852,8.8852,8.8852,8.8852,8.8852,8.8852,8.8852,8.8852,8.8852,8.8852,8.8852,8.8852,8.8852,8.8852,8.8852,8.8852,8.8852,8.8852,8.8852,8.8852,8.8852,8.8852,8.8852,8.8852,8.8852,8.8852,8.8852,8.8852,8.8852,8.8852,8.8852,8.8852,8.8852,8.8852,8.8852,8.8852,8.8852,8.8852,8.8852,8.8852,8.8852,8.8852,8.8852,8.8852,8.8852,8.8852,8.8852,8.8852,8.8852,8.8852,8.8852,8.8852,8.8852,8.8852,8.8852,8.8852,8.8852,8.8852,8.8852,8.8852,8.8852,8.8852,8.8852,8.8852,8.8852,8.8852,8.8852,8.8852,8.8852,8.8852,8.8852,8.8852,8.8852,8.8852,8.8852,8.8852,8.8852,8.8852,8.8852,8.8852,8.8852,8.8852,8.8852,8.8852,8.8852,8.8852,8.8852,8.8852,8.8852,8.8852,8.8852,8.8852,8.8852,8.8852,8.8852,8.8852,8.8852,8.8852,8.8852,8.8852,8.8852,8.8852,8.8852,8.8852,8.8852,8.8852,8.8852,8.8852,8.8852,8.8852,8.8852,8.8852,8.8852,8.8852,8.8852,8.8852,8.8852,8.8852,8.8852,8.8852,8.8852,8.8852,8.8852,8.8852,8.8852,8.8852,8.8852,8.8852,8.8852,8.8852,8.8852,8.8852,8.8852,8.8852,8.8852,8.8852,8.8852,8.8852,8.8852,8.8852,8.8852,8.8852,8.8852,8.8852,8.8852,8.8852,8.8852,8.8852,8.8852,8.8852,8.8852,8.8852,8.8852,8.8852,8.8852,8.8852,8.8852,8.8852,8.8852,8.8852,8.8852,8.8852,8.8852,8.8852,8.8852,8.8852,8.8852,8.8852,8.8852,8.8852,8.8852,8.8852,8.8852,8.8852,8.8852,8.8852,8.8852,8.8852,8.8852,8.8852,8.8852,8.8852,8.8852,8.8852,8.8852,8.8852,8.8852,8.8852,8.8852,8.8852,8.8852,8.8852,8.8852,8.8852,8.8852,8.8852,8.8852,8.8852,8.8852,8.8852,8.8852,8.8852,8.8852,8.8852,8.8852,8.8852,8.8852,8.8852,8.8852,8.8852,8.8852,8.8852,8.8852,8.8852,8.8852,8.8852,8.8852,8.8852,8.8852,8.8852,8.8852,8.8852,8.8852,8.8852,8.8852,8.8852,8.8852,8.8852,8.8852,8.8852,8.8852,8.8852,8.8852,8.8852,8.8852,8.8852,8.8852,8.8852,8.8852,8.8852,8.8852,8.8852,8.8852,8.8852,8.8852,8.8852,8.8852,8.8852,8.8852,8.8852,8.8852,8.8852,8.8852,8.8852,8.8852,8.8852,8.8852,8.8852,8.8852,8.8852,8.8852,8.8852,8.8852,8.8852,8.8852,8.8852,8.8852,8.8852,8.8852,8.8852,8.8852,8.8852,8.8852,8.8852,8.8852,8.8852,8.8852,8.8852,8.8852,8.8852,8.8852,8.8852,8.8852,8.8852,8.8852,8.8852,8.8852,8.8852,8.8852,8.8852,8.8852,8.8852,8.8852,8.8852,8.8852,8.8852,8.8852,8.8852,8.8852,8.8852,8.8852,8.8852,8.8852,8.8852,8.8852,8.8852,8.8852,8.8852,8.8852,8.8852,8.8852,8.8852,8.8852,8.8852,8.8852,8.8852,8.8852,8.8852,8.8852,8.8852,8.8852,8.8852,8.8852,8.8852,8.8852,8.8852,8.8852,8.8852,8.8852,8.8852,8.8852,8.8852,8.8852,8.8852,8.8852,8.8852,8.8852,8.8852,8.8852,8.8852,8.8852,8.8852,8.8852,8.8852,8.8852,8.8852,8.8852,8.8852,8.8852,8.8852,8.8852,8.8852,8.8852,8.8852,8.8852,8.8852,8.8852,8.8852,8.8852,8.8852,8.8852,8.8852,8.8852,8.8852,8.8852,8.8852,8.8852,8.8852,8.8852,8.8852,8.8852,8.8852,8.8852,8.8852,8.8852,8.8852,8.8852,8.8852,8.8852,8.8852,8.8852,8.8852,8.8852,8.8852,8.8852,8.8852,8.8852,8.8852,8.8852,8.8852,8.8852,8.8852,8.8852,8.8852,8.8852,8.8852,8.8852,8.8852
8.8768,8.8768,8.8768,8.8768,8.8768,8.8768,8.8768,8.8768,8.8768,8.8768,8.8768,8.8768,8.8768,8.8768,8.8768,8.8768,8.8768,8.8768,8.8768,8.8768,8.8768,8.8768,8.8768,8.8768,8.8768,8.8768,8.8768,8.8768,8.8768,8.8768,8.8768,8.8768,8.8768,8.8768,8.8768,8.8768,8.8768,8.8768,8.8768,8.8768,8.8768,8.8768,8.8768,8.8768,8.8768,8.8768,8.8768,8.8768,8.8768,8.8768,8.8768,8.8768,8.8768,8.8768,8.8768,8.8768,8.8768,8.8768,8.8768,8.8768,8.8768,8.8768,8.8768,8.8768,8.8768,8.8768,8.8768,8.8768,8.8768,8.8768,8.8768,8.8768,8.8768,8.8768,8.8768,8.8768,8.8768,8.8768,8.8768,8.8768,8.8768,8.8768,8.8768,8.8768,8.8768,8.8768,8.8768,8.8768,8.8768,8.8768,8.8768,8.8768,8.8768,8.8768,8.8768,8.8768,8.8768,8.8768,8.8768,8.8768,8.8768,8.8768,8.8768,8.8768,8.8768,8.8768,8.8768,8.8768,8.8768,8.8768,8.8768,8.8768,8.8768,8.8768,8.8768,8.8768,8.8768,8.8768,8.8768,8.8768,8.8768,8.8768,8.8768,8.8768,8.8768,8.8768,8.8768,8.8768,8.8768,8.8768,8.8768,8.8768,8.8768,8.8768,8.8768,8.8768,8.8768,8.8768,8.8768,8.8768,8.8768,8.8768,8.8768,8.8768,8.8768,8.8768,8.8768,8.8768,8.8768,8.8768,8.8768,8.8768,8.8768,8.8768,8.8768,8.8768,8.8768,8.8768,8.8768,8.8768,8.8768,8.8768,8.8768,8.8768,8.8768,8.8768,8.8768,8.8768,8.8768,8.8768,8.8768,8.8768,8.8768,8.8768,8.8768,8.8768,8.8768,8.8768,8.8768,8.8768,8.8768,8.8768,8.8768,8.8768,8.8768,8.8768,8.8768,8.8768,8.8768,8.8768,8.8768,8.8768,8.8768,8.8768,8.8768,8.8768,8.8768,8.8768,8.8768,8.8768,8.8768,8.8768,8.8768,8.8768,8.8768,8.8768,8.8768,8.8768,8.8768,8.8768,8.8768,8.8768,8.8768,8.8768,8.8768,8.8768,8.8768,8.8768,8.8768,8.8768,8.8768,8.8768,8.8768,8.8768,8.8768,8.8768,8.8768,8.8768,8.8768,8.8768,8.8768,8.8768,8.8768,8.8768,8.8768,8.8768,8.8768,8.8768,8.8768,8.8768,8.8768,8.8768,8.8768,8.8768,8.8768,8.8768,8.8768,8.8768,8.8768,8.8768,8.8768,8.8768,8.8768,8.8768,8.8768,8.8768,8.8768,8.8768,8.8768,8.8768,8.8768,8.8768,8.8768,8.8768,8.8768,8.8768,8.8768,8.8768,8.8768,8.8768,8.8768,8.8768,8.8768,8.8768,8.8768,8.8768,8.8768,8.8768,8.8768,8.8768,8.8768,8.8768,8.8768,8.8768,8.8768,8.8768,8.8768,8.8768,8.8768,8.8768,8.8768,8.8768,8.8768,8.8768,8.8768,8.8768,8.8768,8.8768,8.8768,8.8768,8.8768,8.8768,8.8768,8.8768,8.8768,8.8768,8.8768,8.8768,8.8768,8.8768,8.8768,8.8768,8.8768,8.8768,8.8768,8.8768,8.8768,8.8768,8.8768,8.8768,8.8768,8.8768,8.8768,8.8768,8.8768,8.8768,8.8768,8.8768,8.8768,8.8768,8.8768,8.8768,8.8768,8.8768,8.8768,8.8768,8.8768,8.8768,8.8768,8.8768,8.8768,8.8768,8.8768,8.8768,8.8768,8.8768,8.8768,8.8768,8.8768,8.8768,8.8768,8.8768,8.8768,8.8768,8.8768,8.8768,8.8768,8.8768,8.8768,8.8768,8.8768,8.8768,8.8768,8.8768,8.8768,8.8768,8.8768,8.8768,8.8768,8.8768,8.8768,8.8768,8.8768,8.8768,8.8768,8.8768,8.8768,8.8768,8.8768,8.8768,8.8768,8.8768,8.8768,8.8768,8.8768,8.8768,8.8768,8.8768,8.8768,8.8768,8.8768,8.8768,8.8768,8.8768,8.8768,8.8768,8.8768,8.8768,8.8768,8.8768,8.8768,8.8768,8.8768,8.8768,8.8768,8.8768,8.8768,8.8768,8.8768,8.8768,8.8768,8.8768,8.8768,8.8768,8.8768,8.8768,8.8768,8.8768,8.8768,8.8768,8.8768,8.8768,8.8768,8.8768,8.8768,8.8768,8.8768,8.8768,8.8768,8.8768,8.8768,8.8768,8.8768,8.8768,8.8768,8.8768,8.8768,8.8768,8.8768,8.8768,8.8768,8.8768,8.8768,8.8768,8.8768,8.8768,8.8768,8.8768,8.8768,8.8768,8.8768,8.8768,8.8768,8.8768,8.8768,8.8768,8.8768,8.8768,8.8768,8.8768,8.8768,8.8768,8.8768,8.8768,8.8768,8.8768,8.8768,8.8768,8.8768,8.8768,8.8768,8.8768,8.8768,8.8768,8.8768,8.8768,8.8768,8.8768,8.8768,8.8768,8.8768,8.8768,8.8768,8.8768,8.8768,8.8768,8.8768,8.8768,8.8768,8.8768,8.8768,8.8768,8.8768,8.8768,8.8768,8.8768,8.8768,8.8768,8.8768,8.8768,8.8768,8.8768,8.8768,8.8768,8.8768,8.8768,8.8768,8.8768,8.8768,8.8768,8.8768,8.8768,8.8768,8.8768,8.8768,8.8768,8.8768,8.8768,8.8768,8.8768,8.8768,8.8768,8.8768,8.8768,8.8768,8.8768,8.8768,8.8768,8.8768,8.8768,8.8768,8.8768,8.8768,8.8768,8.8768,8.8768,8.8768,8.8768,8.8768,8.8768,8.8768,8.8768,8.8768,8.8768,8.8768,8.8768,8.8768,8.8768,8.8768,8.8768,8.8768,8.8768,8.8768,8.8768,8.8768,8.8768,8.8768,8.8768,8.8768,8.8768,8.8768,8.8768,8.8768,8.8768,8.8768,8.8768,8.8768,8.8768,8.8768,8.8768,8.8768,8.8768,8.8768,8.8768,8.8768,8.8768,8.8768,8.8768,8.8768,8.8768,8.8768,8.8768,8.8768,8.8768,8.8768,8.8768,8.8768,8.8768,8.8768,8.8768,8.8768,8.8768,8.8768,8.8768,8.8768,8.8768,8.8768,8.8768,8.8768,8.8768,8.8768,8.8768,8.8768,8.8768,8.8768,8.8768,8.8768,8.8768,8.8768,8.8768,8.8768,8.8768,8.8768,8.8768,8.8768,8.8768,8.8768,8.8768,8.8768,8.8768,8.8768,8.8768,8.8768,8.8768,8.8768,8.8768,8.8768,8.8768,8.8768,8.8768,8.8768,8.8768,8.8768,8.8768,8.8768,8.8768,8.8768,8.8768,8.8768,8.8768,8.8768,8.8768,8.8768,8.8768,8.8768,8.8768,8.8768,8.8768,8.8768,8.8768,8.8768,8.8768,8.8768,8.8768,8.8768,8.8768,8.8768,8.8768,8.8768,8.8768,8.8768,8.8768,8.8768,8.8768,8.8768,8.8768,8.8768,8.8768,8.8768,8.8768,8.8768,8.8768,8.8768,8.8768,8.8768,8.8768,8.8768,8.8768,8.8768,8.8768,8.8768,8.8768,8.8768,8.8768,8.8768,8.8768,8.8768,8.8768,8.8768,8.8768,8.8768,8.8768,8.8768,8.8768,8.8768,8.8768,8.8768,8.8768,8.8768,8.8768,8.8768,8.8768,8.8768,8.8768,8.8768,8.8768,8.8768,8.8768,8.8768,8.8768,8.8768,8.8768,8.8768,8.8768,8.8768,8.8768,8.8768,8.8768,8.8768,8.8768,8.8768,8.8768,8.8768,8.8768,8.8768,8.8768,8.8768,8.8768,8.8768,8.8768,8.8768,8.8768,8.8768,8.8768,8.8768,8.8768,8.8768,8.8768,8.8768,8.8768,8.8768,8.8768,8.8768,8.8768,8.8768,8.8768,8.8768,8.8768,8.8768,8.8768,8.8768,8.8768,8.8768,8.8768,8.8768,8.8768,8.8768,8.8768,8.8768,8.8768,8.8768,8.8768,8.8768,8.8768,8.8768,8.8768,8.8768,8.8768,8.8768,8.8768,8.8768,8.8768,8.8768,8.8768,8.8768,8.8768,8.8768,8.8768,8.8768,8.8768,8.8768,8.8768,8.8768,8.8768,8.8768,8.8768,8.8768,8.8768,8.8768,8.8768,8.8768,8.8768,8.8768,8.8768,8.8768,8.8768,8.8768,8.8768,8.8768,8.8768,8.8768,8.8768,8.8768,8.8768,8.8768,8.8768,8.8768,8.8768,8.8768,8.8768,8.8768,8.8768,8.8768,8.8768,8.8768,8.8768,8.8768,8.8768,8.8768,8.8768,8.8768,8.8768,8.8768,8.8768,8.8768,8.8768,8.8768,8.8768,8.8768,8.8768,8.8768,8.8768,8.8768,8.8768,8.8768,8.8768,8.8768,8.8768,8.8768,8.8768,8.8768,8.8768,8.8768,8.8768,8.8768,8.8768,8.8768,8.8768,8.8768,8.8768,8.8768,8.8768,8.8768,8.8768,8.8768,8.8768,8.8768,8.8768,8.8768,8.8768,8.8768,8.8768,8.8768,8.8768,8.8768,8.8768,8.8768,8.8768,8.8768,8.8768,8.8768,8.8768,8.8768,8.8768,8.8768,8.8768,8.8768,8.8768,8.8768,8.8768,8.8768,8.8768,8.8768,8.8768,8.8768,8.8768,8.8768,8.8768,8.8768,8.8768,8.8768,8.8768,8.8768,8.8768,8.8768,8.8768,8.8768,8.8768,8.8768,8.8768,8.8768,8.8768,8.8768,8.8768,8.8768,8.8768,8.8768,8.8768,8.8768,8.8768,8.8768,8.8768,8.8768,8.8768,8.8768,8.8768,8.8768,8.8768,8.8768,8.8768,8.8768,8.8768,8.8768,8.8768,8.8768,8.8768,8.8768,8.8768,8.8768,8.8768,8.8768,8.8768,8.8768,8.8768,8.8768,8.8768,8.8768,8.8768,8.8768,8.8768,8.8768,8.8768,8.8768,8.8768,8.8768,8.8768,8.8768,8.8768,8.8768,8.8768,8.8768,8.8768,8.8768,8.8768,8.8768,8.8768,8.8768,8.8768,8.8768,8.8768
8.8684,8.8684,8.8684,8.8684,8.8684,8.8684,8.8684,8.8684,8.8684,8.8684,8.8684,8.8684,8.8684,8.8684,8.8684,8.8684,8.8684,8.8684,8.8684,8.8684,8.8684,8.8684,8.8684,8.8684,8.8684,8.8684,8.8684,8.8684,8.8684,8.8684,8.8684,8.8684,8.8684,8.8684,8.8684,8.8684,8.8684,8.8684,8.8684,8.8684,8.8684,8.8684,8.8684,8.8684,8.8684,8.8684,8.8684,8.8684,8.8684,8.8684,8.8684,8.8684,8.8684,8.8684,8.8684,8.8684,8.8684,8.8684,8.8684,8.8684,8.8684,8.8684,8.8684,8.8684,8.8684,8.8684,8.8684,8.8684,8.8684,8.8684,8.8684,8.8684,8.8684,8.8684,8.8684,8.8684,8.8684,8.8684,8.8684,8.8684,8.8684,8.8684,8.8684,8.8684,8.8684,8.8684,8.8684,8.8684,8.8684,8.8684,8.8684,8.8684,8.8684,8.8684,8.8684,8.8684,8.8684,8.8684,8.8684,8.8684,8.8684,8.8684,8.8684,8.8684,8.8684,8.8684,8.8684,8.8684,8.8684,8.8684,8.8684,8.8684,8.8684,8.8684,8.8684,8.8684,8.8684,8.8684,8.8684,8.8684,8.8684,8.8684,8.8684,8.8684,8.8684,8.8684,8.8684,8.8684,8.8684,8.8684,8.8684,8.8684,8.8684,8.8684,8.8684,8.8684,8.8684,8.8684,8.8684,8.8684,8.8684,8.8684,8.8684,8.8684,8.8684,8.8684,8.8684,8.8684,8.8684,8.8684,8.8684,8.8684,8.8684,8.8684,8.8684,8.8684,8.8684,8.8684,8.8684,8.8684,8.8684,8.8684,8.8684,8.8684,8.8684,8.8684,8.8684,8.8684,8.8684,8.8684,8.8684,8.8684,8.8684,8.8684,8.8684,8.8684,8.8684,8.8684,8.8684,8.8684,8.8684,8.8684,8.8684,8.8684,8.8684,8.8684,8.8684,8.8684,8.8684,8.8684,8.8684,8.8684,8.8684,8.8684,8.8684,8.8684,8.8684,8.8684,8.8684,8.8684,8.8684,8.8684,8.8684,8.8684,8.8684,8.8684,8.8684,8.8684,8.8684,8.8684,8.8684,8.8684,8.8684,8.8684,8.8684,8.8684,8.8684,8.8684,8.8684,8.8684,8.8684,8.8684,8.8684,8.8684,8.8684,8.8684,8.8684,8.8684,8.8684,8.8684,8.8684,8.8684,8.8684,8.8684,8.8684,8.8684,8.8684,8.8684,8.8684,8.8684,8.8684,8.8684,8.8684,8.8684,8.8684,8.8684,8.8684,8.8684,8.8684,8.8684,8.8684,8.8684,8.8684,8.8684,8.8684,8.8684,8.8684,8.8684,8.8684,8.8684,8.8684,8.8684,8.8684,8.8684,8.8684,8.8684,8.8684,8.8684,8.8684,8.8684,8.8684,8.8684,8.8684,8.8684,8.8684,8.8684,8.8684,8.8684,8.8684,8.8684,8.8684,8.8684,8.8684,8.8684,8.8684,8.8684,8.8684,8.8684,8.8684,8.8684,8.8684,8.8684,8.8684,8.8684,8.8684,8.8684,8.8684,8.8684,8.8684,8.8684,8.8684,8.8684,8.8684,8.8684,8.8684,8.8684,8.8684,8.8684,8.8684,8.8684,8.8684,8.8684,8.8684,8.8684,8.8684,8.8684,8.8684,8.8684,8.8684,8.8684,8.8684,8.8684,8.8684,8.8684,8.8684,8.8684,8.8684,8.8684,8.8684,8.8684,8.8684,8.8684,8.8684,8.8684,8.8684,8.8684,8.8684,8.8684,8.8684,8.8684,8.8684,8.8684,8.8684,8.8684,8.8684,8.8684,8.8684,8.8684,8.8684,8.8684,8.8684,8.8684,8.8684,8.8684,8.8684,8.8684,8.8684,8.8684,8.8684,8.8684,8.8684,8.8684,8.8684,8.8684,8.8684,8.8684,8.8684,8.8684,8.8684,8.8684,8.8684,8.8684,8.8684,8.8684,8.8684,8.8684,8.8684,8.8684,8.8684,8.8684,8.8684,8.8684,8.8684,8.8684,8.8684,8.8684,8.8684,8.8684,8.8684,8.8684,8.8684,8.8684,8.8684,8.8684,8.8684,8.8684,8.8684,8.8684,8.8684,8.8684,8.8684,8.8684,8.8684,8.8684,8.8684,8.8684,8.8684,8.8684,8.8684,8.8684,8.8684,8.8684,8.8684,8.8684,8.8684,8.8684,8.8684,8.8684,8.8684,8.8684,8.8684,8.8684,8.8684,8.8684,8.8684,8.8684,8.8684,8.8684,8.8684,8.8684,8.8684,8.8684,8.8684,8.8684,8.8684,8.8684,8.8684,8.8684,8.8684,8.8684,8.8684,8.8684,8.8684,8.8684,8.8684,8.8684,8.8684,8.8684,8.8684,8.8684,8.8684,8.8684,8.8684,8.8684,8.8684,8.8684,8.8684,8.8684,8.8684,8.8684,8.8684,8.8684,8.8684,8.8684,8.8684,8.8684,8.8684,8.8684,8.8684,8.8684,8.8684,8.8684,8.8684,8.8684,8.8684,8.8684,8.8684,8.8684,8.8684,8.8684,8.8684,8.8684,8.8684,8.8684,8.8684,8.8684,8.8684,8.8684,8.8684,8.8684,8.8684,8.8684,8.8684,8.8684,8.8684,8.8684,8.8684,8.8684,8.8684,8.8684,8.8684,8.8684,8.8684,8.8684,8.8684,8.8684,8.8684,8.8684,8.8684,8.8684,8.8684,8.8684,8.8684,8.8684,8.8684,8.8684,8.8684,8.8684,8.8684,8.8684,8.8684,8.8684,8.8684,8.8684,8.8684,8.8684,8.8684,8.8684,8.8684,8.8684,8.8684,8.8684,8.8684,8.8684,8.8684,8.8684,8.8684,8.8684,8.8684,8.8684,8.8684,8.8684,8.8684,8.8684,8.8684,8.8684,8.8684,8.8684,8.8684,8.8684,8.8684,8.8684,8.8684,8.8684,8.8684,8.8684,8.8684,8.8684,8.8684,8.8684,8.8684,8.8684,8.8684,8.8684,8.8684,8.8684,8.8684,8.8684,8.8684,8.8684,8.8684,8.8684,8.8684,8.8684,8.8684,8.8684,8.8684,8.8684,8.8684,8.8684,8.8684,8.8684,8.8684,8.8684,8.8684,8.8684,8.8684,8.8684,8.8684,8.8684,8.8684,8.8684,8.8684,8.8684,8.8684,8.8684,8.8684,8.8684,8.8684,8.8684,8.8684,8.8684,8.8684,8.8684,8.8684,8.8684,8.8684,8.8684,8.8684,8.8684,8.8684,8.8684,8.8684,8.8684,8.8684,8.8684,8.8684,8.8684,8.8684,8.8684,8.8684,8.8684,8.8684,8.8684,8.8684,8.8684,8.8684,8.8684,8.8684,8.8684,8.8684,8.8684,8.8684,8.8684,8.8684,8.8684,8.8684,8.8684,8.8684,8.8684,8.8684,8.8684,8.8684,8.8684,8.8684,8.8684,8.8684,8.8684,8.8684,8.8684,8.8684,8.8684,8.8684,8.8684,8.8684,8.8684,8.8684,8.8684,8.8684,8.8684,8.8684,8.8684,8.8684,8.8684,8.8684,8.8684,8.8684,8.8684,8.8684,8.8684,8.8684,8.8684,8.8684,8.8684,8.8684,8.8684,8.8684,8.8684,8.8684,8.8684,8.8684,8.8684,8.8684,8.8684,8.8684,8.8684,8.8684,8.8684,8.8684,8.8684,8.8684,8.8684,8.8684,8.8684,8.8684,8.8684,8.8684,8.8684,8.8684,8.8684,8.8684,8.8684,8.8684,8.8684,8.8684,8.8684,8.8684,8.8684,8.8684,8.8684,8.8684,8.8684,8.8684,8.8684,8.8684,8.8684,8.8684,8.8684,8.8684,8.8684,8.8684,8.8684,8.8684,8.8684,8.8684,8.8684,8.8684,8.8684,8.8684,8.8684,8.8684,8.8684,8.8684,8.8684,8.8684,8.8684,8.8684,8.8684,8.8684,8.8684,8.8684,8.8684,8.8684,8.8684,8.8684,8.8684,8.8684,8.8684,8.8684,8.8684,8.8684,8.8684,8.8684,8.8684,8.8684,8.8684,8.8684,8.8684,8.8684,8.8684,8.8684,8.8684,8.8684,8.8684,8.8684,8.8684,8.8684,8.8684,8.8684,8.8684,8.8684,8.8684,8.8684,8.8684,8.8684,8.8684,8.8684,8.8684,8.8684,8.8684,8.8684,8.8684,8.8684,8.8684,8.8684,8.8684,8.8684,8.8684,8.8684,8.8684,8.8684,8.8684,8.8684,8.8684,8.8684,8.8684,8.8684,8.8684,8.8684,8.8684,8.8684,8.8684,8.8684,8.8684,8.8684,8.8684,8.8684,8.8684,8.8684,8.8684,8.8684,8.8684,8.8684,8.8684,8.8684,8.8684,8.8684,8.8684,8.8684,8.8684,8.8684,8.8684,8.8684,8.8684,8.8684,8.8684,8.8684,8.8684,8.8684,8.8684,8.8684,8.8684,8.8684,8.8684,8.8684,8.8684,8.8684,8.8684,8.8684,8.8684,8.8684,8.8684,8.8684,8.8684,8.8684,8.8684,8.8684,8.8684,8.8684,8.8684,8.8684,8.8684,8.8684,8.8684,8.8684,8.8684,8.8684,8.8684,8.8684,8.8684,8.8684,8.8684,8.8684,8.8684,8.8684,8.8684,8.8684,8.8684,8.8684,8.8684,8.8684,8.8684,8.8684,8.8684,8.8684,8.8684,8.8684,8.8684,8.8684,8.8684,8.8684,8.8684,8.8684,8.8684,8.8684,8.8684,8.8684,8.8684,8.8684,8.8684,8.8684,8.8684,8.8684,8.8684,8.8684,8.8684,8.8684,8.8684,8.8684,8.8684,8.8684,8.8684,8.8684,8.8684,8.8684,8.8684,8.8684,8.8684,8.8684,8.8684,8.8684,8.8684,8.8684,8.8684,8.8684,8.8684,8.8684,8.8684,8.8684,8.8684,8.8684,8.8684,8.8684,8.8684,8.8684,8.8684,8.8684,8.8684,8.8684,8.8684,8.8684,8.8684,8.8684,8.8684,8.8684,8.8684,8.8684,8.8684,8.8684,8.8684,8.8684,8.8684,8.8684,8.8684,8.8684,8.8684,8.8684,8.8684,8.8684,8.8684,8.8684,8.8684,8.8684,8.8684,8.8684,8.8684,8.8684,8.8684,8.8684,8.8684
8.8595,8.8595,8.8595,8.8595,8.8595,8.8595,8.8595,8.8595,8.8595,8.8595,8.8595,8.8595,8.8595,8.8595,8.8595,8.8595,8.8595,8.8595,8.8595,8.8595,8.8595,8.8595,8.8595,8.8595,8.8595,8.8595,8.8595,8.8595,8.8595,8.8595,8.8595,8.8595,8.8595,8.8595,8.8595,8.8595,8.8595,8.8595,8.8595,8.8595,8.8595,8.8595,8.8595,8.8595,8.8595,8.8595,8.8595,8.8595,8.8595,8.8595,8.8595,8.8595,8.8595,8.8595,8.8595,8.8595,8.8595,8.8595,8.8595,8.8595,8.8595,8.8595,8.8595,8.8595,8.8595,8.8595,8.8595,8.8595,8.8595,8.8595,8.8595,8.8595,8.8595,8.8595,8.8595,8.8595,8.8595,8.8595,8.8595,8.8595,8.8595,8.8595,8.8595,8.8595,8.8595,8.8595,8.8595,8.8595,8.8595,8.8595,8.8595,8.8595,8.8595,8.8595,8.8595,8.8595,8.8595,8.8595,8.8595,8.8595,8.8595,8.8595,8.8595,8.8595,8.8595,8.8595,8.8595,8.8595,8.8595,8.8595,8.8595,8.8595,8.8595,8.8595,8.8595,8.8595,8.8595,8.8595,8.8595,8.8595,8.8595,8.8595,8.8595,8.8595,8.8595,8.8595,8.8595,8.8595,8.8595,8.8595,8.8595,8.8595,8.8595,8.8595,8.8595,8.8595,8.8595,8.8595,8.8595,8.8595,8.8595,8.8595,8.8595,8.8595,8.8595,8.8595,8.8595,8.8595,8.8595,8.8595,8.8595,8.8595,8.8595,8.8595,8.8595,8.8595,8.8595,8.8595,8.8595,8.8595,8.8595,8.8595,8.8595,8.8595,8.8595,8.8595,8.8595,8.8595,8.8595,8.8595,8.8595,8.8595,8.8595,8.8595,8.8595,8.8595,8.8595,8.8595,8.8595,8.8595,8.8595,8.8595,8.8595,8.8595,8.8595,8.8595,8.8595,8.8595,8.8595,8.8595,8.8595,8.8595,8.8595,8.8595,8.8595,8.8595,8.8595,8.8595,8.8595,8.8595,8.8595,8.8595,8.8595,8.8595,8.8595,8.8595,8.8595,8.8595,8.8595,8.8595,8.8595,8.8595,8.8595,8.8595,8.8595,8.8595,8.8595,8.8595,8.8595,8.8595,8.8595,8.8595,8.8595,8.8595,8.8595,8.8595,8.8595,8.8595,8.8595,8.8595,8.8595,8.8595,8.8595,8.8595,8.8595,8.8595,8.8595,8.8595,8.8595,8.8595,8.8595,8.8595,8.8595,8.8595,8.8595,8.8595,8.8595,8.8595,8.8595,8.8595,8.8595,8.8595,8.8595,8.8595,8.8595,8.8595,8.8595,8.8595,8.8595,8.8595,8.8595,8.8595,8.8595,8.8595,8.8595,8.8595,8.8595,8.8595,8.8595,8.8595,8.8595,8.8595,8.8595,8.8595,8.8595,8.8595,8.8595,8.8595,8.8595,8.8595,8.8595,8.8595,8.8595,8.8595,8.8595,8.8595,8.8595,8.8595,8.8595,8.8595,8.8595,8.8595,8.8595,8.8595,8.8595,8.8595,8.8595,8.8595,8.8595,8.8595,8.8595,8.8595,8.8595,8.8595,8.8595,8.8595,8.8595,8.8595,8.8595,8.8595,8.8595,8.8595,8.8595,8.8595,8.8595,8.8595,8.8595,8.8595,8.8595,8.8595,8.8595,8.8595,8.8595,8.8595,8.8595,8.8595,8.8585,8.8585,8.8585,8.8585,8.8585,8.8585,8.8585,8.8585,8.8585,8.8585,8.8585,8.8585,8.8585,8.8585,8.8585,8.8585,8.8585,8.8585,8.8585,8.8585,8.8585,8.8585,8.8585,8.8585,8.8585,8.8585,8.8585,8.8585,8.8585,8.8585,8.8585,8.8585,8.8585,8.8585,8.8585,8.8585,8.8585,8.8585,8.8585,8.8585,8.8585,8.8585,8.8585,8.8585,8.8585,8.8585,8.8585,8.8585,8.8585,8.8585,8.8585,8.8585,8.8585,8.8585,8.8585,8.8585,8.8585,8.8585,8.8585,8.8585,8.8585,8.8585,8.8585,8.8585,8.8585,8.8585,8.8585,8.8585,8.8585,8.8585,8.8585,8.8585,8.8585,8.8585,8.8585,8.8585,8.8585,8.8585,8.8585,8.8585,8.8585,8.8585,8.8585,8.8585,8.8585,8.8585,8.8585,8.8585,8.8585,8.8585,8.8585,8.8585,8.8585,8.8585,8.8585,8.8585,8.8585,8.8585,8.8585,8.8585,8.8585,8.8585,8.8585,8.8585,8.8585,8.8585,8.8585,8.8585,8.8585,8.8585,8.8585,8.8585,8.8585,8.8585,8.8585,8.8585,8.8585,8.8585,8.8585,8.8585,8.8585,8.8585,8.8585,8.8585,8.8585,8.8585,8.8585,8.8585,8.8585,8.8585,8.8585,8.8585,8.8585,8.8585,8.8585,8.8585,8.8585,8.8585,8.8585,8.8585,8.8585,8.8585,8.8585,8.8585,8.8585,8.8585,8.8585,8.8585,8.8585,8.8585,8.8585,8.8585,8.8585,8.8585,8.8585,8.8585,8.8585,8.8585,8.8585,8.8585,8.8585,8.8585,8.8585,8.8585,8.8585,8.8585,8.8585,8.8585,8.8585,8.8585,8.8585,8.8585,8.8585,8.8585,8.8585,8.8585,8.8585,8.8585,8.8585,8.8585,8.8585,8.8585,8.8585,8.8585,8.8585,8.8585,8.8585,8.8585,8.8585,8.8585,8.8585,8.8585,8.8585,8.8585,8.8585,8.8585,8.8585,8.8585,8.8585,8.8585,8.8585,8.8585,8.8585,8.8585,8.8585,8.8585,8.8585,8.8585,8.8585,8.8585,8.8585,8.8585,8.8585,8.8585,8.8585,8.8585,8.8585,8.8585,8.8585,8.8585,8.8585,8.8585,8.8585,8.8585,8.8585,8.8585,8.8585,8.8585,8.8585,8.8585,8.8585,8.8585,8.8585,8.8585,8.8585,8.8585,8.8585,8.8585,8.8585,8.8585,8.8585,8.8585,8.8585,8.8585,8.8585,8.8585,8.8585,8.8585,8.8585,8.8585,8.8585,8.8585,8.8585,8.8585,8.8585,8.8585,8.8585,8.8585,8.8585,8.8585,8.8585,8.8585,8.8585,8.8585,8.8585,8.8585,8.8585,8.8585,8.8585,8.8585,8.8585,8.8585,8.8585,8.8585,8.8585,8.8585,8.8585,8.8585,8.8585,8.8585,8.8585,8.8585,8.8585,8.8585,8.8585,8.8585,8.8585,8.8585,8.8585,8.8585,8.8585,8.8585,8.8585,8.8585,8.8585,8.8585,8.8585,8.8585,8.8585,8.8585,8.8585,8.8585,8.8585,8.8585,8.8585,8.8585,8.8585,8.8585,8.8585,8.8585,8.8585,8.8585,8.8585,8.8585,8.8585,8.8585,8.8585,8.8585,8.8585,8.8585,8.8585,8.8585,8.8585,8.8585,8.8585,8.8585,8.8585,8.8585,8.8585,8.8585,8.8585,8.8585,8.8585,8.8585,8.8585,8.8585,8.8585,8.8585,8.8585,8.8585,8.8585,8.8585,8.8585,8.8585,8.8585,8.8585,8.8585,8.8585,8.8585,8.8585,8.8585,8.8585,8.8585,8.8585,8.8585,8.8585,8.8585,8.8585,8.8585,8.8585,8.8585,8.8585,8.8585,8.8585,8.8585,8.8585,8.8585,8.8585,8.8585,8.8585,8.8585,8.8585,8.8585,8.8585,8.8585,8.8585,8.8585,8.8585,8.8585,8.8585,8.8585,8.8585,8.8585,8.8585,8.8585,8.8585,8.8585,8.8585,8.8585,8.8585,8.8585,8.8585,8.8585,8.8585,8.8585,8.8585,8.8585,8.8585,8.8585,8.8585,8.8585,8.8585,8.8585,8.8585,8.8585,8.8585,8.8585,8.8585,8.8585,8.8585,8.8585,8.8585,8.8585,8.8585,8.8585,8.8585,8.8585,8.8585,8.8585,8.8585,8.8585,8.8585,8.8585,8.8585,8.8585,8.8585,8.8585,8.8585,8.8585,8.8585,8.8585,8.8585,8.8585,8.8585,8.8585,8.8585,8.8585,8.8585,8.8585,8.8585,8.8585,8.8585,8.8585,8.8585,8.8585,8.8585,8.8585,8.8585,8.8585,8.8585,8.8585,8.8585,8.8585,8.8585,8.8585,8.8585,8.8585,8.8585,8.8585,8.8585,8.8585,8.8585,8.8585,8.8585,8.8585,8.8585,8.8585,8.8585,8.8585,8.8585,8.8585,8.8585,8.8585,8.8585,8.8585,8.8585,8.8585,8.8585,8.8585,8.8585,8.8585,8.8585,8.8585,8.8585,8.8585,8.8585,8.8585,8.8585,8.8585,8.8585,8.8585,8.8585,8.8585,8.8585,8.8585,8.8585,8.8585,8.8585,8.8585,8.8585,8.8585,8.8585,8.8585,8.8585,8.8585,8.8585,8.8585,8.8585,8.8585,8.8585,8.8585,8.8585,8.8585,8.8585,8.8585,8.8585,8.8585,8.8585,8.8585,8.8585,8.8585,8.8585,8.8585,8.8585,8.8585,8.8585,8.8585,8.8585,8.8585,8.8585,8.8585,8.8585,8.8585,8.8585,8.8585,8.8585,8.8585,8.8585,8.8585,8.8585,8.8585,8.8585,8.8585,8.8585,8.8585,8.8585,8.8585,8.8585,8.8585,8.8585,8.8585,8.8585,8.8585,8.8585,8.8585,8.8585,8.8585,8.8585,8.8585,8.8585,8.8585,8.8585,8.8585,8.8585,8.8585,8.8585,8.8585,8.8585,8.8585,8.8585,8.8585,8.8585,8.8585,8.8585,8.8585,8.8585,8.8585,8.8585,8.8585,8.8585,8.8585,8.8585,8.8585,8.8585,8.8585,8.8585,8.8585,8.8585,8.8585,8.8585,8.8585,8.8585,8.8585,8.8585,8.8585,8.8585,8.8585,8.8585,8.8585,8.8585,8.8585,8.8585,8.8585,8.8585,8.8585,8.8585,8.8585,8.8585,8.8585,8.8585,8.8585,8.8585,8.8585,8.8585,8.8585,8.8585,8.8585,8.8585,8.8585,8.8585,8.8585,8.8585,8.8585,8.8585,8.8585,8.8585,8.8585,8.8585,8.8585,8.8585,8.8585,8.8585,8.8585,8.8585
8.8506,8.8506,8.8506,8.8506,8.8506,8.8506,8.8506,8.8506,8.8506,8.8506,8.8506,8.8506,8.8506,8.8506,8.8506,8.8506,8.8506,8.8506,8.8506,8.8506,8.8506,8.8506,8.8506,8.8506,8.8506,8.8506,8.8506,8.8506,8.8506,8.8506,8.8506,8.8506,8.8506,8.8506,8.8506,8.8506,8.8506,8.8506,8.8506,8.8506,8.8506,8.8506,8.8506,8.8506,8.8506,8.8506,8.8506,8.8506,8.8506,8.8506,8.8506,8.8506,8.8506,8.8506,8.8506,8.8506,8.8506,8.8506,8.8506,8.8506,8.8506,8.8506,8.8506,8.8506,8.8506,8.8506,8.8506,8.8506,8.8506,8.8506,8.8506,8.8506,8.8506,8.8506,8.8506,8.8506,8.8506,8.8506,8.8506,8.8506,8.8506,8.8506,8.8506,8.8506,8.8506,8.8506,8.8506,8.8506,8.8506,8.8506,8.8506,8.8506,8.8506,8.8506,8.8506,8.8506,8.8506,8.8506,8.8506,8.8506,8.8506,8.8506,8.8506,8.8506,8.8506,8.8506,8.8506,8.8506,8.8506,8.8506,8.8506,8.8506,8.8506,8.8506,8.8506,8.8506,8.8506,8.8506,8.8506,8.8506,8.8506,8.8506,8.8506,8.8506,8.8506,8.8506,8.8506,8.8506,8.8506,8.8506,8.8506,8.8506,8.8506,8.8506,8.8506,8.8506,8.8506,8.8506,8.8506,8.8506,8.8506,8.8506,8.8506,8.8506,8.8506,8.8506,8.8506,8.8506,8.8506,8.8506,8.8506,8.8506,8.8506,8.8506,8.8506,8.8506,8.8506,8.8506,8.8506,8.8506,8.8506,8.8506,8.8506,8.8506,8.8506,8.8506,8.8506,8.8506,8.8506,8.8506,8.8506,8.8506,8.8506,8.8506,8.8506,8.8506,8.8506,8.8506,8.8506,8.8506,8.8506,8.8506,8.8506,8.8506,8.8506,8.8506,8.8506,8.8506,8.8506,8.8506,8.8506,8.8506,8.8506,8.8506,8.8506,8.8506,8.8506,8.8506,8.8506,8.8506,8.8506,8.8506,8.8506,8.8506,8.8506,8.8506,8.8506,8.8506,8.8506,8.8506,8.8506,8.8506,8.8506,8.8506,8.8506,8.8506,8.8506,8.8506,8.8506,8.8506,8.8506,8.8506,8.8506,8.8506,8.8506,8.8506,8.8506,8.8506,8.8506,8.8506,8.8506,8.8506,8.8506,8.8506,8.8506,8.8506,8.8506,8.8506,8.8506,8.8506,8.8506,8.8506,8.8506,8.8506,8.8506,8.8506,8.8506,8.8506,8.8506,8.8506,8.8506,8.8506,8.8506,8.8506,8.8506,8.8506,8.8506,8.8506,8.8506,8.8506,8.8506,8.8506,8.8506,8.8506,8.8506,8.8506,8.8506,8.8506,8.8506,8.8506,8.8506,8.8506,8.8506,8.8506,8.8506,8.8506,8.8506,8.8506,8.8506,8.8506,8.8506,8.8506,8.8506,8.8506,8.8506,8.8506,8.8506,8.8506,8.8506,8.8506,8.8506,8.8506,8.8506,8.8506,8.8506,8.8506,8.8506,8.8506,8.8506,8.8506,8.8506,8.8506,8.8506,8.8506,8.8506,8.8506,8.8506,8.8506,8.8506,8.8506,8.8506,8.8506,8.8506,8.8506,8.8506,8.8506,8.8506,8.8506,8.8506,8.8506,8.8506,8.8506,8.8506,8.8506,8.8506,8.8506,8.8506,8.8506,8.8506,8.8506,8.8506,8.8506,8.8506,8.8506,8.8506,8.8506,8.8506,8.8506,8.8506,8.8506,8.8506,8.8506,8.8506,8.8506,8.8506,8.8506,8.8506,8.8506,8.8506,8.8506,8.8506,8.8506,8.8506,8.8506,8.8506,8.8506,8.8506,8.8506,8.8506,8.8506,8.8506,8.8506,8.8506,8.8506,8.8506,8.8506,8.8506,8.8506,8.8506,8.8506,8.8506,8.8506,8.8506,8.8506,8.8506,8.8506,8.8506,8.8506,8.8506,8.8506,8.8506,8.8506,8.8506,8.8506,8.8506,8.8506,8.8506,8.8506,8.8506,8.8506,8.8506,8.8506,8.8506,8.8506,8.8506,8.8506,8.8506,8.8506,8.8506,8.8506,8.8506,8.8506,8.8506,8.8506,8.8506,8.8506,8.8506,8.8506,8.8506,8.8506,8.8506,8.8506,8.8506,8.8506,8.8506,8.8506,8.8506,8.8506,8.8506,8.8506,8.8506,8.8506,8.8506,8.8506,8.8506,8.8506,8.8506,8.8506,8.8506,8.8506,8.8506,8.8506,8.8506,8.8506,8.8506,8.8506,8.8506,8.8506,8.8506,8.8506,8.8506,8.8506,8.8506,8.8506,8.8506,8.8506,8.8506,8.8506,8.8506,8.8506,8.8506,8.8506,8.8506,8.8506,8.8506,8.8506,8.8506,8.8506,8.8506,8.8506,8.8506,8.8506,8.8506,8.8506,8.8506,8.8506,8.8506,8.8506,8.8506,8.8506,8.8506,8.8506,8.8506,8.8506,8.8506,8.8506,8.8506,8.8506,8.8506,8.8506,8.8506,8.8506,8.8506,8.8506,8.8506,8.8506,8.8506,8.8506,8.8506,8.8506,8.8506,8.8506,8.8506,8.8506,8.8506,8.8506,8.8506,8.8506,8.8506,8.8506,8.8506,8.8506,8.8506,8.8506,8.8506,8.8506,8.8506,8.8506,8.8506,8.8506,8.8506,8.8506,8.8506,8.8506,8.8506,8.8506,8.8506,8.8506,8.8506,8.8506,8.8506,8.8506,8.8506,8.8506,8.8506,8.8506,8.8506,8.8506,8.8506,8.8506,8.8506,8.8506,8.8506,8.8506,8.8506,8.8506,8.8506,8.8506,8.8506,8.8506,8.8506,8.8506,8.8506,8.8506,8.8506,8.8506,8.8506,8.8506,8.8506,8.8506,8.8506,8.8506,8.8506,8.8506,8.8506,8.8506,8.8506,8.8506,8.8506,8.8506,8.8506,8.8506,8.8506,8.8506,8.8506,8.8506,8.8506,8.8506,8.8506,8.8506,8.8506,8.8506,8.8506,8.8506,8.8506,8.8506,8.8506,8.8506,8.8506,8.8506,8.8506,8.8506,8.8506,8.8506,8.8506,8.8506,8.8506,8.8506,8.8506,8.8506,8.8506,8.8506,8.8506,8.8506,8.8506,8.8506,8.8506,8.8506,8.8506,8.8506,8.8506,8.8506,8.8506,8.8506,8.8506,8.8506,8.8506,8.8506,8.8506,8.8506,8.8506,8.8506,8.8506,8.8506,8.8506,8.8506,8.8506,8.8506,8.8506,8.8506,8.8506,8.8506,8.8506,8.8506,8.8506,8.8506,8.8506,8.8506,8.8506,8.8506,8.8506,8.8506,8.8506,8.8506,8.8506,8.8506,8.8506,8.8506,8.8506,8.8506,8.8506,8.8506,8.8506,8.8506,8.8506,8.8506,8.8506,8.8506,8.8506,8.8506,8.8506,8.8506,8.8506,8.8506,8.8506,8.8506,8.8506,8.8506,8.8506,8.8506,8.8506,8.8506,8.8506,8.8506,8.8506,8.8506,8.8506,8.8506,8.8506,8.8506,8.8506,8.8506,8.8506,8.8506,8.8506,8.8506,8.8506,8.8506,8.8506,8.8506,8.8506,8.8506,8.8506,8.8506,8.8506,8.8506,8.8506,8.8506,8.8506,8.8506,8.8506,8.8506,8.8506,8.8506,8.8506,8.8506,8.8506,8.8506,8.8506,8.8506,8.8506,8.8506,8.8506,8.8506,8.8506,8.8506,8.8506,8.8506,8.8506,8.8506,8.8506,8.8506,8.8506,8.8506,8.8506,8.8506,8.8506,8.8506,8.8506,8.8506,8.8506,8.8506,8.8506,8.8506,8.8506,8.8506,8.8506,8.8506,8.8506,8.8506,8.8506,8.8506,8.8506,8.8506,8.8506,8.8506,8.8506,8.8506,8.8506,8.8506,8.8506,8.8506,8.8506,8.8506,8.8506,8.8506,8.8506,8.8506,8.8506,8.8506,8.8506,8.8506,8.8506,8.8506,8.8506,8.8506,8.8506,8.8506,8.8506,8.8506,8.8506,8.8506,8.8506,8.8506,8.8506,8.8506,8.8506,8.8506,8.8506,8.8506,8.8506,8.8506,8.8506,8.8506,8.8506,8.8506,8.8506,8.8506,8.8506,8.8506,8.8506,8.8506,8.8506,8.8506,8.8506,8.8506,8.8506,8.8506,8.8506,8.8506,8.8506,8.8506,8.8506,8.8506,8.8506,8.8506,8.8506,8.8506,8.8506,8.8506,8.8506,8.8506,8.8506,8.8506,8.8506,8.8506,8.8506,8.8506,8.8506,8.8506,8.8506,8.8506,8.8506,8.8506,8.8506,8.8506,8.8506,8.8506,8.8506,8.8506,8.8506,8.8506,8.8506,8.8506,8.8506,8.8506,8.8506,8.8506,8.8506,8.8506,8.8506,8.8506,8.8506,8.8506,8.8506,8.8506,8.8506,8.8506,8.8506,8.8506,8.8506,8.8506,8.8506,8.8506,8.8506,8.8506,8.8506,8.8506,8.8506,8.8506,8.8506,8.8506,8.8506,8.8506,8.8506,8.8506,8.8506,8.8506,8.8506,8.8506,8.8506,8.8506,8.8506,8.8506,8.8506,8.8506,8.8506,8.8506,8.8506,8.8506,8.8506,8.8506,8.8506,8.8506,8.8506,8.8506,8.8506,8.8506,8.8506,8.8506,8.8506,8.8506,8.8506,8.8506,8.8506,8.8506,8.8506,8.8506,8.8506,8.8506,8.8506,8.8506,8.8506,8.8506,8.8506,8.8506,8.8506,8.8506,8.8506,8.8506,8.8506,8.8506,8.8506,8.8506,8.8506,8.8506,8.8506,8.8506,8.8506,8.8506,8.8506,8.8506,8.8506,8.8506,8.8506,8.8506,8.8506,8.8506,8.8506,8.8506,8.8506,8.8506,8.8506,8.8506,8.8506,8.8506,8.8506,8.8506,8.8506,8.8506,8.8506,8.8506,8.8506,8.8506,8.8506,8.8506,8.8506,8.8506,8.8506,8.8506,8.8506,8.8506,8.8506,8.8506,8.8506,8.8506,8.8506,8.8506,8.8506,8.8506,8.8506,8.8506,8.8506,8.8506,8.8506,8.8506,8.8506,8.8506,8.8506,8.8506
8.8413,8.8413,8.8413,8.8413,8.8413,8.8413,8.8413,8.8413,8.8413,8.8413,8.8413,8.8413,8.8413,8.8413,8.8413,8.8413,8.8413,8.8413,8.8413,8.8413,8.8413,8.8413,8.8413,8.8413,8.8413,8.8413,8.8413,8.8413,8.8413,8.8413,8.8413,8.8413,8.8413,8.8413,8.8413,8.8413,8.8413,8.8413,8.8413,8.8413,8.8413,8.8413,8.8413,8.8413,8.8413,8.8413,8.8413,8.8413,8.8413,8.8413,8.8413,8.8413,8.8413,8.8413,8.8413,8.8413,8.8413,8.8413,8.8413,8.8413,8.8413,8.8413,8.8413,8.8413,8.8413,8.8413,8.8413,8.8413,8.8413,8.8413,8.8413,8.8413,8.8413,8.8413,8.8413,8.8413,8.8413,8.8413,8.8413,8.8413,8.8413,8.8413,8.8413,8.8413,8.8413,8.8413,8.8413,8.8413,8.8413,8.8413,8.8413,8.8413,8.8413,8.8413,8.8413,8.8413,8.8413,8.8413,8.8413,8.8413,8.8413,8.8413,8.8413,8.8413,8.8413,8.8413,8.8413,8.8413,8.8413,8.8413,8.8413,8.8413,8.8413,8.8413,8.8413,8.8413,8.8413,8.8413,8.8413,8.8413,8.8413,8.8413,8.8413,8.8413,8.8413,8.8413,8.8413,8.8413,8.8413,8.8413,8.8413,8.8413,8.8413,8.8413,8.8413,8.8413,8.8413,8.8413,8.8413,8.8413,8.8413,8.8413,8.8413,8.8413,8.8413,8.8413,8.8413,8.8413,8.8413,8.8413,8.8413,8.8413,8.8413,8.8413,8.8413,8.8413,8.8413,8.8413,8.8413,8.8413,8.8413,8.8413,8.8413,8.8413,8.8413,8.8413,8.8413,8.8413,8.8413,8.8413,8.8413,8.8413,8.8413,8.8413,8.8413,8.8413,8.8413,8.8413,8.8413,8.8413,8.8413,8.8413,8.8413,8.8413,8.8413,8.8413,8.8413,8.8413,8.8413,8.8413,8.8413,8.8413,8.8413,8.8413,8.8413,8.8413,8.8413,8.8413,8.8413,8.8413,8.8413,8.8413,8.8413,8.8413,8.8413,8.8413,8.8413,8.8413,8.8413,8.8413,8.8413,8.8413,8.8413,8.8413,8.8413,8.8413,8.8413,8.8413,8.8413,8.8413,8.8413,8.8413,8.8413,8.8413,8.8413,8.8413,8.8413,8.8413,8.8413,8.8413,8.8413,8.8413,8.8413,8.8413,8.8413,8.8413,8.8413,8.8413,8.8413,8.8413,8.8413,8.8413,8.8413,8.8413,8.8413,8.8413,8.8413,8.8413,8.8413,8.8413,8.8413,8.8413,8.8413,8.8413,8.8413,8.8413,8.8413,8.8413,8.8413,8.8413,8.8413,8.8413,8.8413,8.8413,8.8413,8.8413,8.8413,8.8413,8.8413,8.8413,8.8413,8.8413,8.8413,8.8413,8.8413,8.8413,8.8413,8.8413,8.8413,8.8413,8.8413,8.8413,8.8413,8.8413,8.8413,8.8413,8.8413,8.8413,8.8413,8.8413,8.8413,8.8413,8.8413,8.8413,8.8413,8.8413,8.8413,8.8413,8.8413,8.8413,8.8413,8.8413,8.8413,8.8413,8.8413,8.8413,8.8413,8.8413,8.8413,8.8413,8.8413,8.8413,8.8413,8.8413,8.8413,8.8413,8.8413,8.8413,8.8413,8.8413,8.8413,8.8413,8.8413,8.8413,8.8413,8.8413,8.8413,8.8413,8.8413,8.8413,8.8413,8.8413,8.8413,8.8413,8.8413,8.8413,8.8413,8.8413,8.8413,8.8413,8.8413,8.8413,8.8413,8.8413,8.8413,8.8413,8.8413,8.8413,8.8413,8.8413,8.8413,8.8413,8.8413,8.8413,8.8413,8.8413,8.8413,8.8413,8.8413,8.8413,8.8413,8.8413,8.8413,8.8413,8.8413,8.8413,8.8413,8.8413,8.8413,8.8413,8.8413,8.8413,8.8413,8.8413,8.8413,8.8413,8.8413,8.8413,8.8413,8.8413,8.8413,8.8413,8.8413,8.8413,8.8413,8.8413,8.8413,8.8413,8.8413,8.8413,8.8413,8.8413,8.8413,8.8413,8.8413,8.8413,8.8413,8.8413,8.8413,8.8413,8.8413,8.8413,8.8413,8.8413,8.8413,8.8413,8.8413,8.8413,8.8413,8.8413,8.8413,8.8413,8.8413,8.8413,8.8413,8.8413,8.8413,8.8413,8.8413,8.8413,8.8413,8.8413,8.8413,8.8413,8.8413,8.8413,8.8413,8.8413,8.8413,8.8413,8.8413,8.8413,8.8413,8.8413,8.8413,8.8413,8.8413,8.8413,8.8413,8.8413,8.8413,8.8413,8.8413,8.8413,8.8413,8.8413,8.8413,8.8413,8.8413,8.8413,8.8413,8.8413,8.8413,8.8413,8.8413,8.8413,8.8413,8.8413,8.8413,8.8413,8.8413,8.8413,8.8413,8.8413,8.8413,8.8413,8.8413,8.8413,8.8413,8.8413,8.8413,8.8413,8.8413,8.8413,8.8413,8.8413,8.8413,8.8413,8.8413,8.8413,8.8413,8.8413,8.8413,8.8413,8.8413,8.8413,8.8413,8.8413,8.8413,8.8413,8.8413,8.8413,8.8413,8.8413,8.8413,8.8413,8.8413,8.8413,8.8413,8.8413,8.8413,8.8413,8.8413,8.8413,8.8413,8.8413,8.8413,8.8413,8.8413,8.8413,8.8413,8.8413,8.8413,8.8413,8.8413,8.8413,8.8413,8.8413,8.8413,8.8413,8.8413,8.8413,8.8413,8.8413,8.8413,8.8413,8.8413,8.8413,8.8413,8.8413,8.8413,8.8413,8.8413,8.8413,8.8413,8.8413,8.8413,8.8413,8.8413,8.8413,8.8413,8.8413,8.8413,8.8413,8.8413,8.8413,8.8413,8.8413,8.8413,8.8413,8.8413,8.8413,8.8413,8.8413,8.8413,8.8413,8.8413,8.8413,8.8413,8.8413,8.8413,8.8413,8.8413,8.8413,8.8413,8.8413,8.8413,8.8413,8.8413,8.8413,8.8413,8.8413,8.8413,8.8413,8.8413,8.8413,8.8413,8.8413,8.8413,8.8413,8.8413,8.8413,8.8413,8.8413,8.8413,8.8413,8.8413,8.8413,8.8413,8.8413,8.8413,8.8413,8.8413,8.8413,8.8413,8.8413,8.8413,8.8413,8.8413,8.8413,8.8413,8.8413,8.8413,8.8413,8.8413,8.8413,8.8413,8.8413,8.8413,8.8413,8.8413,8.8413,8.8413,8.8413,8.8413,8.8413,8.8413,8.8413,8.8413,8.8413,8.8413,8.8413,8.8413,8.8413,8.8413,8.8413,8.8413,8.8413,8.8413,8.8413,8.8413,8.8413,8.8413,8.8413,8.8413,8.8413,8.8413,8.8413,8.8413,8.8413,8.8413,8.8413,8.8413,8.8413,8.8413,8.8413,8.8413,8.8413,8.8413,8.8413,8.8413,8.8413,8.8413,8.8413,8.8413,8.8413,8.8413,8.8413,8.8413,8.8413,8.8413,8.8413,8.8413,8.8413,8.8413,8.8413,8.8413,8.8413,8.8413,8.8413,8.8413,8.8413,8.8413,8.8413,8.8413,8.8413,8.8413,8.8413,8.8413,8.8413,8.8413,8.8413,8.8413,8.8413,8.8413,8.8413,8.8413,8.8413,8.8413,8.8413,8.8413,8.8413,8.8413,8.8413,8.8413,8.8413,8.8413,8.8413,8.8413,8.8413,8.8413,8.8413,8.8413,8.8413,8.8413,8.8413,8.8413,8.8413,8.8413,8.8413,8.8413,8.8413,8.8413,8.8413,8.8413,8.8413,8.8413,8.8413,8.8413,8.8413,8.8413,8.8413,8.8413,8.8413,8.8413,8.8413,8.8413,8.8413,8.8413,8.8413,8.8413,8.8413,8.8413,8.8413,8.8413,8.8413,8.8413,8.8413,8.8413,8.8413,8.8413,8.8413,8.8413,8.8413,8.8413,8.8413,8.8413,8.8413,8.8413,8.8413,8.8413,8.8413,8.8413,8.8413,8.8413,8.8413,8.8413,8.8413,8.8413,8.8413,8.8413,8.8413,8.8413,8.8413,8.8413,8.8413,8.8413,8.8413,8.8413,8.8413,8.8413,8.8413,8.8413,8.8413,8.8413,8.8413,8.8413,8.8413,8.8413,8.8413,8.8413,8.8413,8.8413,8.8413,8.8413,8.8413,8.8413,8.8413,8.8413,8.8413,8.8413,8.8413,8.8413,8.8413,8.8413,8.8413,8.8413,8.8413,8.8413,8.8413,8.8413,8.8413,8.8413,8.8413,8.8413,8.8413,8.8413,8.8413,8.8413,8.8413,8.8413,8.8413,8.8413,8.8413,8.8413,8.8413,8.8413,8.8413,8.8413,8.8413,8.8413,8.8413,8.8413,8.8413,8.8413,8.8413,8.8413,8.8413,8.8413,8.8413,8.8413,8.8413,8.8413,8.8413,8.8413,8.8413,8.8413,8.8413,8.8413,8.8413,8.8413,8.8413,8.8413,8.8413,8.8413,8.8413,8.8413,8.8413,8.8413,8.8413,8.8413,8.8413,8.8413,8.8413,8.8413,8.8413,8.8413,8.8413,8.8413,8.8413,8.8413,8.8413,8.8413,8.8413,8.8413,8.8413,8.8413,8.8413,8.8413,8.8413,8.8413,8.8413,8.8413,8.8413,8.8413,8.8413,8.8413,8.8413,8.8413,8.8413,8.8413,8.8413,8.8413,8.8413,8.8413,8.8413,8.8413,8.8413,8.8413,8.8413,8.8413,8.8413,8.8413,8.8413,8.8413,8.8413,8.8413,8.8413,8.8413,8.8413,8.8413,8.8413,8.8413,8.8413,8.8413,8.8413,8.8413,8.8413,8.8413,8.8413,8.8413,8.8413,8.8413,8.8413,8.8413,8.8413,8.8413,8.8413,8.8413,8.8413,8.8413,8.8413,8.8413,8.8413,8.8413,8.8413,8.8413,8.8413,8.8413,8.8413,8.8413,8.8413,8.8413,8.8413,8.8413,8.8413,8.8413,8.8413,8.8413,8.8413,8.8413,8.8413,8.8413,8.8413,8.8413,8.8413,8.8413,8.8413,8.8413,8.8413,8.8413,8.8413,8.8413,8.8413,8.8413,8.8413,8.8413,8.8413,8.8413,8.8413
8.8334,8.8334,8.8334,8.8334,8.8334,8.8334,8.8334,8.8334,8.8334,8.8334,8.8334,8.8334,8.8334,8.8334,8.8334,8.8334,8.8334,8.8334,8.8334,8.8334,8.8334,8.8334,8.8334,8.8334,8.8334,8.8334,8.8334,8.8334,8.8334,8.8334,8.8334,8.8334,8.8334,8.8334,8.8334,8.8334,8.8334,8.8334,8.8334,8.8334,8.8334,8.8334,8.8334,8.8334,8.8334,8.8334,8.8334,8.8334,8.8334,8.8334,8.8334,8.8334,8.8334,8.8334,8.8334,8.8334,8.8334,8.8334,8.8334,8.8334,8.8334,8.8334,8.8334,8.8334,8.8334,8.8334,8.8334,8.8334,8.8334,8.8334,8.8334,8.8334,8.8334,8.8334,8.8334,8.8334,8.8334,8.8334,8.8334,8.8334,8.8334,8.8334,8.8334,8.8334,8.8334,8.8334,8.8334,8.8334,8.8334,8.8334,8.8334,8.8334,8.8334,8.8334,8.8334,8.8334,8.8334,8.8334,8.8334,8.8334,8.8334,8.8334,8.8334,8.8334,8.8334,8.8334,8.8334,8.8334,8.8334,8.8334,8.8334,8.8334,8.8334,8.8334,8.8334,8.8334,8.8334,8.8334,8.8334,8.8334,8.8334,8.8334,8.8334,8.8334,8.8334,8.8334,8.8334,8.8334,8.8334,8.8334,8.8334,8.8334,8.8334,8.8334,8.8334,8.8334,8.8334,8.8334,8.8334,8.8334,8.8334,8.8334,8.8334,8.8334,8.8334,8.8334,8.8334,8.8334,8.8334,8.8334,8.8334,8.8334,8.8334,8.8334,8.8334,8.8334,8.8334,8.8334,8.8334,8.8334,8.8334,8.8334,8.8334,8.8334,8.8334,8.8334,8.8334,8.8334,8.8334,8.8334,8.8334,8.8334,8.8334,8.8334,8.8334,8.8334,8.8334,8.8334,8.8334,8.8334,8.8334,8.8334,8.8334,8.8334,8.8334,8.8334,8.8334,8.8334,8.8334,8.8334,8.8334,8.8334,8.8334,8.8334,8.8334,8.8334,8.8334,8.8334,8.8334,8.8334,8.8334,8.8334,8.8334,8.8334,8.8334,8.8334,8.8334,8.8334,8.8334,8.8334,8.8334,8.8334,8.8334,8.8334,8.8334,8.8334,8.8334,8.8334,8.8334,8.8334,8.8334,8.8334,8.8334,8.8334,8.8334,8.8334,8.8334,8.8334,8.8334,8.8334,8.8334,8.8334,8.8334,8.8334,8.8334,8.8334,8.8334,8.8334,8.8334,8.8334,8.8334,8.8334,8.8334,8.8334,8.8334,8.8334,8.8334,8.8334,8.8334,8.8334,8.8334,8.8334,8.8334,8.8334,8.8334,8.8334,8.8334,8.8334,8.8334,8.8334,8.8334,8.8334,8.8334,8.8334,8.8334,8.8334,8.8334,8.8334,8.8334,8.8334,8.8334,8.8334,8.8334,8.8334,8.8334,8.8334,8.8334,8.8334,8.8334,8.8334,8.8334,8.8334,8.8334,8.8334,8.8334,8.8334,8.8334,8.8334,8.8334,8.8334,8.8334,8.8334,8.8334,8.8334,8.8334,8.8334,8.8334,8.8334,8.8334,8.8334,8.8334,8.8334,8.8334,8.8334,8.8334,8.8334,8.8334,8.8334,8.8334,8.8334,8.8334,8.8334,8.8334,8.8334,8.8334,8.8334,8.8334,8.8334,8.8334,8.8334,8.8334,8.8334,8.8334,8.8334,8.8334,8.8334,8.8334,8.8334,8.8334,8.8334,8.8334,8.8334,8.8334,8.8334,8.8334,8.8334,8.8334,8.8334,8.8334,8.8334,8.8334,8.8334,8.8334,8.8334,8.8334,8.8334,8.8334,8.8334,8.8334,8.8334,8.8334,8.8334,8.8334,8.8334,8.8334,8.8334,8.8334,8.8334,8.8334,8.8334,8.8334,8.8334,8.8334,8.8334,8.8334,8.8334,8.8334,8.8334,8.8334,8.8334,8.8334,8.8334,8.8334,8.8334,8.8334,8.8334,8.8334,8.8334,8.8334,8.8334,8.8334,8.8334,8.8334,8.8334,8.8334,8.8334,8.8334,8.8334,8.8334,8.8334,8.8334,8.8334,8.8334,8.8334,8.8334,8.8334,8.8334,8.8334,8.8334,8.8334,8.8334,8.8334,8.8334,8.8334,8.8334,8.8334,8.8334,8.8334,8.8334,8.8334,8.8334,8.8334,8.8334,8.8334,8.8334,8.8334,8.8334,8.8334,8.8334,8.8334,8.8334,8.8334,8.8334,8.8334,8.8334,8.8334,8.8334,8.8334,8.8334,8.8334,8.8334,8.8334,8.8334,8.8334,8.8334,8.8334,8.8334,8.8334,8.8334,8.8334,8.8334,8.8334,8.8334,8.8334,8.8334,8.8334,8.8334,8.8334,8.8334,8.8334,8.8334,8.8334,8.8334,8.8334,8.8334,8.8334,8.8334,8.8334,8.8334,8.8334,8.8334,8.8334,8.8334,8.8334,8.8334,8.8334,8.8334,8.8334,8.8334,8.8334,8.8334,8.8334,8.8334,8.8334,8.8334,8.8334,8.8334,8.8334,8.8334,8.8334,8.8334,8.8334,8.8334,8.8334,8.8334,8.8334,8.8334,8.8334,8.8334,8.8334,8.8334,8.8334,8.8334,8.8334,8.8334,8.8334,8.8334,8.8334,8.8334,8.8334,8.8334,8.8334,8.8334,8.8334,8.8334,8.8334,8.8334,8.8334,8.8334,8.8334,8.8334,8.8334,8.8334,8.8334,8.8334,8.8334,8.8334,8.8334,8.8334,8.8334,8.8334,8.8334,8.8334,8.8334,8.8334,8.8334,8.8334,8.8334,8.8334,8.8334,8.8334,8.8334,8.8334,8.8334,8.8334,8.8334,8.8334,8.8334,8.8334,8.8334,8.8334,8.8334,8.8334,8.8334,8.8334,8.8334,8.8334,8.8334,8.8334,8.8334,8.8334,8.8334,8.8334,8.8334,8.8334,8.8334,8.8334,8.8334,8.8334,8.8334,8.8334,8.8334,8.8334,8.8334,8.8334,8.8334,8.8334,8.8334,8.8334,8.8334,8.8334,8.8334,8.8334,8.8334,8.8334,8.8334,8.8334,8.8334,8.8334,8.8334,8.8334,8.8334,8.8334,8.8334,8.8334,8.8334,8.8334,8.8334,8.8334,8.8334,8.8334,8.8334,8.8334,8.8334,8.8334,8.8334,8.8334,8.8334,8.8334,8.8334,8.8334,8.8334,8.8334,8.8334,8.8334,8.8334,8.8334,8.8334,8.8334,8.8334,8.8334,8.8334,8.8334,8.8334,8.8334,8.8334,8.8334,8.8334,8.8334,8.8334,8.8334,8.8334,8.8334,8.8334,8.8334,8.8334,8.8334,8.8334,8.8334,8.8334,8.8334,8.8334,8.8334,8.8334,8.8334,8.8334,8.8334,8.8334,8.8334,8.8334,8.8334,8.8334,8.8334,8.8334,8.8334,8.8334,8.8334,8.8334,8.8334,8.8334,8.8334,8.8334,8.8334,8.8334,8.8334,8.8334,8.8334,8.8334,8.8334,8.8334,8.8334,8.8334,8.8334,8.8334,8.8334,8.8334,8.8334,8.8334,8.8334,8.8334,8.8334,8.8334,8.8334,8.8334,8.8334,8.8334,8.8334,8.8334,8.8334,8.8334,8.8334,8.8334,8.8334,8.8334,8.8334,8.8334,8.8334,8.8334,8.8334,8.8334,8.8334,8.8334,8.8334,8.8334,8.8334,8.8334,8.8334,8.8334,8.8334,8.8334,8.8334,8.8334,8.8334,8.8334,8.8334,8.8334,8.8334,8.8334,8.8334,8.8334,8.8334,8.8334,8.8334,8.8334,8.8334,8.8334,8.8334,8.8334,8.8334,8.8334,8.8334,8.8334,8.8334,8.8334,8.8334,8.8334,8.8334,8.8334,8.8334,8.8334,8.8334,8.8334,8.8334,8.8334,8.8334,8.8334,8.8334,8.8334,8.8334,8.8334,8.8334,8.8334,8.8334,8.8334,8.8334,8.8334,8.8334,8.8334,8.8334,8.8324,8.8324,8.8324,8.8324,8.8324,8.8324,8.8324,8.8324,8.8324,8.8324,8.8324,8.8324,8.8324,8.8324,8.8324,8.8324,8.8324,8.8324,8.8324,8.8324,8.8324,8.8324,8.8324,8.8324,8.8324,8.8324,8.8324,8.8324,8.8324,8.8324,8.8324,8.8324,8.8324,8.8324,8.8324,8.8324,8.8324,8.8324,8.8324,8.8324,8.8324,8.8324,8.8324,8.8324,8.8324,8.8324,8.8324,8.8324,8.8324,8.8324,8.8324,8.8324,8.8324,8.8324,8.8324,8.8324,8.8324,8.8324,8.8324,8.8324,8.8324,8.8324,8.8324,8.8324,8.8324,8.8324,8.8324,8.8324,8.8324,8.8324,8.8324,8.8324,8.8324,8.8324,8.8324,8.8324,8.8324,8.8324,8.8324,8.8324,8.8324,8.8324,8.8324,8.8324,8.8324,8.8324,8.8324,8.8324,8.8324,8.8324,8.8324,8.8324,8.8324,8.8324,8.8324,8.8324,8.8324,8.8324,8.8324,8.8324,8.8324,8.8324,8.8324,8.8324,8.8324,8.8324,8.8324,8.8324,8.8324,8.8324,8.8324,8.8324,8.8324,8.8324,8.8324,8.8324,8.8324,8.8324,8.8324,8.8324,8.8324,8.8324,8.8324,8.8324,8.8324,8.8324,8.8324,8.8324,8.8324,8.8324,8.8324,8.8324,8.8324,8.8324,8.8324,8.8324,8.8324,8.8324,8.8324,8.8324,8.8324,8.8324,8.8324,8.8324,8.8324,8.8324,8.8324,8.8324,8.8324,8.8324,8.8324,8.8324,8.8324,8.8324,8.8324,8.8324,8.8324,8.8324,8.8324,8.8324,8.8324,8.8324,8.8324,8.8324,8.8324,8.8324,8.8324,8.8324,8.8324,8.8324,8.8324,8.8324,8.8324,8.8324,8.8324,8.8324,8.8324,8.8324,8.8324,8.8324,8.8324,8.8324,8.8324,8.8324,8.8324,8.8324,8.8324,8.8324,8.8324,8.8324,8.8324,8.8324,8.8324,8.8324,8.8324,8.8324,8.8324,8.8324,8.8324,8.8324,8.8324,8.8324,8.8324,8.8324,8.8324,8.8324,8.8324,8.8324,8.8324,8.8324,8.8324
8.8236,8.8236,8.8236,8.8236,8.8236,8.8236,8.8236,8.8236,8.8236,8.8236,8.8236,8.8236,8.8236,8.8236,8.8236,8.8236,8.8236,8.8236,8.8236,8.8236,8.8236,8.8236,8.8236,8.8236,8.8236,8.8236,8.8236,8.8236,8.8236,8.8236,8.8236,8.8236,8.8236,8.8236,8.8236,8.8236,8.8236,8.8236,8.8236,8.8236,8.8236,8.8236,8.8236,8.8236,8.8236,8.8236,8.8236,8.8236,8.8236,8.8236,8.8236,8.8236,8.8236,8.8236,8.8236,8.8236,8.8236,8.8236,8.8236,8.8236,8.8236,8.8236,8.8236,8.8236,8.8236,8.8236,8.8236,8.8236,8.8236,8.8236,8.8236,8.8236,8.8236,8.8236,8.8236,8.8236,8.8236,8.8236,8.8236,8.8236,8.8236,8.8236,8.8236,8.8236,8.8236,8.8236,8.8236,8.8236,8.8236,8.8236,8.8236,8.8236,8.8236,8.8236,8.8236,8.8236,8.8236,8.8236,8.8236,8.8236,8.8236,8.8236,8.8236,8.8236,8.8236,8.8236,8.8236,8.8236,8.8236,8.8236,8.8236,8.8236,8.8236,8.8236,8.8236,8.8236,8.8236,8.8236,8.8236,8.8236,8.8236,8.8236,8.8236,8.8236,8.8236,8.8236,8.8236,8.8236,8.8236,8.8236,8.8236,8.8236,8.8236,8.8236,8.8236,8.8236,8.8236,8.8236,8.8236,8.8236,8.8236,8.8236,8.8236,8.8236,8.8236,8.8236,8.8236,8.8236,8.8236,8.8236,8.8236,8.8236,8.8236,8.8236,8.8236,8.8236,8.8236,8.8236,8.8236,8.8236,8.8236,8.8236,8.8236,8.8236,8.8236,8.8236,8.8236,8.8236,8.8236,8.8236,8.8236,8.8236,8.8236,8.8236,8.8236,8.8236,8.8236,8.8236,8.8236,8.8236,8.8236,8.8236,8.8236,8.8236,8.8236,8.8236,8.8236,8.8236,8.8236,8.8236,8.8236,8.8236,8.8236,8.8236,8.8236,8.8236,8.8236,8.8236,8.8236,8.8236,8.8236,8.8236,8.8236,8.8236,8.8236,8.8236,8.8236,8.8236,8.8236,8.8236,8.8236,8.8236,8.8236,8.8236,8.8236,8.8236,8.8236,8.8236,8.8236,8.8236,8.8236,8.8236,8.8236,8.8236,8.8236,8.8236,8.8236,8.8236,8.8236,8.8236,8.8236,8.8236,8.8236,8.8236,8.8236,8.8236,8.8236,8.8236,8.8236,8.8236,8.8236,8.8236,8.8236,8.8236,8.8236,8.8236,8.8236,8.8236,8.8236,8.8236,8.8236,8.8236,8.8236,8.8236,8.8236,8.8236,8.8236,8.8236,8.8236,8.8236,8.8236,8.8236,8.8236,8.8236,8.8236,8.8236,8.8236,8.8236,8.8236,8.8236,8.8236,8.8236,8.8236,8.8236,8.8236,8.8236,8.8236,8.8236,8.8236,8.8236,8.8236,8.8236,8.8236,8.8236,8.8236,8.8236,8.8236,8.8236,8.8236,8.8236,8.8236,8.8236,8.8236,8.8236,8.8236,8.8236,8.8236,8.8236,8.8236,8.8236,8.8236,8.8236,8.8236,8.8236,8.8236,8.8236,8.8236,8.8236,8.8236,8.8236,8.8236,8.8236,8.8236,8.8236,8.8236,8.8236,8.8236,8.8236,8.8236,8.8236,8.8236,8.8236,8.8236,8.8236,8.8236,8.8236,8.8236,8.8236,8.8236,8.8236,8.8236,8.8236,8.8236,8.8236,8.8236,8.8236,8.8236,8.8236,8.8236,8.8236,8.8236,8.8236,8.8236,8.8236,8.8236,8.8236,8.8236,8.8236,8.8236,8.8236,8.8236,8.8236,8.8236,8.8236,8.8236,8.8236,8.8236,8.8236,8.8236,8.8236,8.8236,8.8236,8.8236,8.8236,8.8236,8.8236,8.8236,8.8236,8.8236,8.8236,8.8236,8.8236,8.8236,8.8236,8.8236,8.8236,8.8236,8.8236,8.8236,8.8236,8.8236,8.8236,8.8236,8.8236,8.8236,8.8236,8.8236,8.8236,8.8236,8.8236,8.8236,8.8236,8.8236,8.8236,8.8236,8.8236,8.8236,8.8236,8.8236,8.8236,8.8236,8.8236,8.8236,8.8236,8.8236,8.8236,8.8236,8.8236,8.8236,8.8236,8.8236,8.8236,8.8236,8.8236,8.8236,8.8236,8.8236,8.8236,8.8236,8.8236,8.8236,8.8236,8.8236,8.8236,8.8236,8.8236,8.8236,8.8236,8.8236,8.8236,8.8236,8.8236,8.8236,8.8236,8.8236,8.8236,8.8236,8.8236,8.8236,8.8236,8.8236,8.8236,8.8236,8.8236,8.8236,8.8236,8.8236,8.8236,8.8236,8.8236,8.8236,8.8236,8.8236,8.8236,8.8236,8.8236,8.8236,8.8236,8.8236,8.8236,8.8236,8.8236,8.8236,8.8236,8.8236,8.8236,8.8236,8.8236,8.8236,8.8236,8.8236,8.8236,8.8236,8.8236,8.8236,8.8236,8.8236,8.8236,8.8236,8.8236,8.8236,8.8236,8.8236,8.8236,8.8236,8.8236,8.8236,8.8236,8.8236,8.8236,8.8236,8.8236,8.8236,8.8236,8.8236,8.8236,8.8236,8.8236,8.8236,8.8236,8.8236,8.8236,8.8236,8.8236,8.8236,8.8236,8.8236,8.8236,8.8236,8.8236,8.8236,8.8236,8.8236,8.8236,8.8236,8.8236,8.8236,8.8236,8.8236,8.8236,8.8236,8.8236,8.8236,8.8236,8.8236,8.8236,8.8236,8.8236,8.8236,8.8236,8.8236,8.8236,8.8236,8.8236,8.8236,8.8236,8.8236,8.8236,8.8236,8.8236,8.8236,8.8236,8.8236,8.8236,8.8236,8.8236,8.8236,8.8236,8.8236,8.8236,8.8236,8.8236,8.8236,8.8236,8.8236,8.8236,8.8236,8.8236,8.8236,8.8236,8.8236,8.8236,8.8236,8.8236,8.8236,8.8236,8.8236,8.8236,8.8236,8.8236,8.8236,8.8236,8.8236,8.8236,8.8236,8.8236,8.8236,8.8236,8.8236,8.8236,8.8236,8.8236,8.8236,8.8236,8.8236,8.8236,8.8236,8.8236,8.8236,8.8236,8.8236,8.8236,8.8236,8.8236,8.8236,8.8236,8.8236,8.8236,8.8236,8.8236,8.8236,8.8236,8.8236,8.8236,8.8236,8.8236,8.8236,8.8236,8.8236,8.8236,8.8236,8.8236,8.8236,8.8236,8.8236,8.8236,8.8236,8.8236,8.8236,8.8236,8.8236,8.8236,8.8236,8.8236,8.8236,8.8236,8.8236,8.8236,8.8236,8.8236,8.8236,8.8236,8.8236,8.8236,8.8236,8.8236,8.8236,8.8236,8.8236,8.8236,8.8236,8.8236,8.8236,8.8236,8.8236,8.8236,8.8236,8.8236,8.8236,8.8236,8.8236,8.8236,8.8236,8.8236,8.8236,8.8236,8.8236,8.8236,8.8236,8.8236,8.8236,8.8236,8.8236,8.8236,8.8236,8.8236,8.8236,8.8236,8.8236,8.8236,8.8236,8.8236,8.8236,8.8236,8.8236,8.8236,8.8236,8.8236,8.8236,8.8236,8.8236,8.8236,8.8236,8.8236,8.8236,8.8236,8.8236,8.8236,8.8236,8.8236,8.8236,8.8236,8.8236,8.8236,8.8236,8.8236,8.8236,8.8236,8.8236,8.8236,8.8236,8.8236,8.8236,8.8236,8.8236,8.8236,8.8236,8.8236,8.8236,8.8236,8.8236,8.8236,8.8236,8.8236,8.8236,8.8236,8.8236,8.8236,8.8236,8.8236,8.8236,8.8236,8.8236,8.8236,8.8236,8.8236,8.8236,8.8236,8.8236,8.8236,8.8236,8.8236,8.8236,8.8236,8.8236,8.8236,8.8236,8.8236,8.8236,8.8236,8.8236,8.8236,8.8236,8.8236,8.8236,8.8236,8.8236,8.8236,8.8236,8.8236,8.8236,8.8236,8.8236,8.8236,8.8236,8.8236,8.8236,8.8236,8.8236,8.8236,8.8236,8.8236,8.8236,8.8236,8.8236,8.8236,8.8236,8.8236,8.8236,8.8236,8.8236,8.8236,8.8236,8.8236,8.8236,8.8236,8.8236,8.8236,8.8236,8.8236,8.8236,8.8236,8.8236,8.8236,8.8236,8.8236,8.8236,8.8236,8.8236,8.8236,8.8236,8.8236,8.8236,8.8236,8.8236,8.8236,8.8236,8.8236,8.8236,8.8236,8.8236,8.8236,8.8236,8.8236,8.8236,8.8236,8.8236,8.8236,8.8236,8.8236,8.8236,8.8236,8.8236,8.8236,8.8236,8.8236,8.8236,8.8236,8.8236,8.8236,8.8236,8.8236,8.8236,8.8236,8.8236,8.8236,8.8236,8.8236,8.8236,8.8236,8.8236,8.8236,8.8236,8.8236,8.8236,8.8236,8.8236,8.8236,8.8236,8.8236,8.8236,8.8236,8.8236,8.8236,8.8236,8.8236,8.8236,8.8236,8.8236,8.8236,8.8236,8.8236,8.8236,8.8236,8.8236,8.8236,8.8236,8.8236,8.8236,8.8236,8.8236,8.8236,8.8236,8.8236,8.8236,8.8236,8.8236,8.8236,8.8236,8.8236,8.8236,8.8236,8.8236,8.8236,8.8236,8.8236,8.8236,8.8236,8.8236,8.8236,8.8236,8.8236,8.8236,8.8236,8.8236,8.8236,8.8236,8.8236,8.8236,8.8236,8.8236,8.8236,8.8236,8.8236,8.8236,8.8236,8.8236,8.8236,8.8236,8.8236,8.8236,8.8236,8.8236,8.8236,8.8236,8.8236,8.8236,8.8236,8.8236,8.8236,8.8236,8.8236,8.8236,8.8236,8.8236,8.8236,8.8236,8.8236,8.8236,8.8236,8.8236,8.8236,8.8236,8.8236,8.8236,8.8236,8.8236,8.8236,8.8236,8.8236,8.8236,8.8236,8.8236,8.8236,8.8236,8.8236,8.8236,8.8236,8.8236,8.8236,8.8236,8.8236,8.8236,8.8236,8.8236,8.8236,8.8236,8.8236,8.8236,8.8236,8.8236,8.8236,8.8236,8.8236,8.8236,8.8236,8.8236,8.8236,8.8236,8.8236
8.8157,8.8157,8.8157,8.8157,8.8157,8.8157,8.8157,8.8157,8.8157,8.8157,8.8157,8.8157,8.8157,8.8157,8.8157,8.8157,8.8157,8.8157,8.8157,8.8157,8.8157,8.8157,8.8157,8.8157,8.8157,8.8157,8.8157,8.8157,8.8157,8.8157,8.8157,8.8157,8.8157,8.8157,8.8157,8.8157,8.8157,8.8157,8.8157,8.8157,8.8157,8.8157,8.8157,8.8157,8.8157,8.8157,8.8157,8.8157,8.8157,8.8157,8.8157,8.8157,8.8157,8.8157,8.8157,8.8157,8.8157,8.8157,8.8157,8.8157,8.8157,8.8157,8.8157,8.8157,8.8157,8.8157,8.8157,8.8157,8.8157,8.8157,8.8157,8.8157,8.8157,8.8157,8.8157,8.8157,8.8157,8.8157,8.8157,8.8157,8.8157,8.8157,8.8157,8.8157,8.8157,8.8157,8.8157,8.8157,8.8157,8.8157,8.8157,8.8157,8.8157,8.8157,8.8157,8.8157,8.8157,8.8157,8.8157,8.8157,8.8157,8.8157,8.8157,8.8157,8.8157,8.8157,8.8157,8.8157,8.8157,8.8157,8.8157,8.8157,8.8157,8.8157,8.8157,8.8157,8.8157,8.8157,8.8157,8.8157,8.8157,8.8157,8.8157,8.8157,8.8157,8.8157,8.8157,8.8157,8.8157,8.8157,8.8157,8.8157,8.8157,8.8157,8.8157,8.8157,8.8157,8.8157,8.8157,8.8157,8.8157,8.8157,8.8157,8.8157,8.8157,8.8157,8.8157,8.8157,8.8157,8.8157,8.8157,8.8157,8.8157,8.8157,8.8157,8.8157,8.8157,8.8157,8.8157,8.8157,8.8157,8.8157,8.8157,8.8157,8.8157,8.8157,8.8157,8.8157,8.8157,8.8157,8.8157,8.8157,8.8157,8.8157,8.8157,8.8157,8.8157,8.8157,8.8157,8.8157,8.8157,8.8157,8.8157,8.8157,8.8157,8.8157,8.8157,8.8157,8.8157,8.8157,8.8157,8.8157,8.8157,8.8157,8.8157,8.8157,8.8157,8.8157,8.8157,8.8157,8.8157,8.8157,8.8157,8.8157,8.8157,8.8157,8.8157,8.8157,8.8157,8.8157,8.8157,8.8157,8.8157,8.8157,8.8157,8.8157,8.8157,8.8157,8.8157,8.8157,8.8157,8.8157,8.8157,8.8157,8.8157,8.8157,8.8157,8.8157,8.8157,8.8157,8.8157,8.8157,8.8157,8.8157,8.8157,8.8157,8.8157,8.8157,8.8157,8.8157,8.8157,8.8157,8.8157,8.8157,8.8157,8.8157,8.8157,8.8157,8.8157,8.8157,8.8157,8.8157,8.8157,8.8157,8.8157,8.8157,8.8157,8.8157,8.8157,8.8157,8.8157,8.8157,8.8157,8.8157,8.8157,8.8157,8.8157,8.8157,8.8157,8.8157,8.8157,8.8157,8.8157,8.8157,8.8157,8.8157,8.8157,8.8157,8.8157,8.8157,8.8157,8.8157,8.8157,8.8157,8.8157,8.8157,8.8157,8.8157,8.8157,8.8157,8.8157,8.8157,8.8157,8.8157,8.8157,8.8157,8.8157,8.8157,8.8157,8.8157,8.8157,8.8157,8.8157,8.8157,8.8157,8.8157,8.8157,8.8157,8.8157,8.8157,8.8157,8.8157,8.8157,8.8157,8.8157,8.8157,8.8157,8.8157,8.8157,8.8157,8.8157,8.8157,8.8157,8.8157,8.8157,8.8157,8.8157,8.8157,8.8157,8.8157,8.8157,8.8157,8.8157,8.8157,8.8157,8.8157,8.8157,8.8157,8.8157,8.8157,8.8157,8.8157,8.8157,8.8157,8.8157,8.8157,8.8157,8.8157,8.8157,8.8157,8.8157,8.8157,8.8157,8.8157,8.8157,8.8157,8.8157,8.8157,8.8157,8.8157,8.8157,8.8157,8.8157,8.8157,8.8157,8.8157,8.8157,8.8157,8.8157,8.8157,8.8157,8.8157,8.8157,8.8157,8.8157,8.8157,8.8157,8.8157,8.8157,8.8157,8.8157,8.8157,8.8157,8.8157,8.8157,8.8157,8.8157,8.8157,8.8157,8.8157,8.8157,8.8157,8.8157,8.8157,8.8157,8.8157,8.8157,8.8157,8.8157,8.8157,8.8157,8.8157,8.8157,8.8157,8.8157,8.8157,8.8157,8.8157,8.8157,8.8157,8.8157,8.8157,8.8157,8.8157,8.8157,8.8157,8.8157,8.8157,8.8157,8.8157,8.8157,8.8157,8.8157,8.8157,8.8157,8.8157,8.8157,8.8157,8.8157,8.8157,8.8157,8.8157,8.8157,8.8157,8.8157,8.8157,8.8157,8.8157,8.8157,8.8157,8.8157,8.8157,8.8157,8.8157,8.8157,8.8157,8.8157,8.8157,8.8157,8.8157,8.8157,8.8157,8.8157,8.8157,8.8157,8.8157,8.8157,8.8157,8.8157,8.8157,8.8157,8.8157,8.8157,8.8157,8.8157,8.8157,8.8157,8.8157,8.8157,8.8157,8.8157,8.8157,8.8157,8.8157,8.8157,8.8157,8.8157,8.8157,8.8157,8.8157,8.8157,8.8157,8.8157,8.8157,8.8157,8.8157,8.8157,8.8157,8.8157,8.8157,8.8157,8.8157,8.8157,8.8157,8.8157,8.8157,8.8157,8.8157,8.8157,8.8157,8.8157,8.8157,8.8157,8.8157,8.8157,8.8157,8.8157,8.8157,8.8157,8.8157,8.8157,8.8157,8.8157,8.8157,8.8157,8.8157,8.8157,8.8157,8.8157,8.8157,8.8157,8.8157,8.8157,8.8157,8.8157,8.8157,8.8157,8.8157,8.8157,8.8157,8.8157,8.8157,8.8157,8.8157,8.8157,8.8157,8.8157,8.8157,8.8157,8.8157,8.8157,8.8157,8.8157,8.8157,8.8157,8.8157,8.8157,8.8157,8.8157,8.8157,8.8157,8.8157,8.8157,8.8157,8.8157,8.8157,8.8157,8.8157,8.8157,8.8157,8.8157,8.8157,8.8157,8.8157,8.8157,8.8157,8.8157,8.8157,8.8157,8.8157,8.8157,8.8157,8.8157,8.8157,8.8157,8.8157,8.8157,8.8157,8.8157,8.8157,8.8157,8.8157,8.8157,8.8157,8.8157,8.8157,8.8157,8.8157,8.8157,8.8157,8.8157,8.8157,8.8157,8.8157,8.8157,8.8157,8.8157,8.8157,8.8157,8.8157,8.8157,8.8157,8.8157,8.8157,8.8157,8.8157,8.8157,8.8157,8.8157,8.8157,8.8157,8.8157,8.8157,8.8157,8.8157,8.8157,8.8157,8.8157,8.8157,8.8157,8.8157,8.8157,8.8157,8.8157,8.8157,8.8157,8.8157,8.8157,8.8157,8.8157,8.8157,8.8157,8.8157,8.8157,8.8157,8.8157,8.8157,8.8157,8.8157,8.8157,8.8157,8.8157,8.8157,8.8157,8.8157,8.8157,8.8157,8.8157,8.8157,8.8157,8.8157,8.8157,8.8157,8.8157,8.8157,8.8157,8.8157,8.8157,8.8157,8.8157,8.8157,8.8157,8.8157,8.8157,8.8157,8.8157,8.8157,8.8157,8.8157,8.8157,8.8157,8.8157,8.8157,8.8157,8.8157,8.8157,8.8157,8.8157,8.8157,8.8157,8.8157,8.8157,8.8157,8.8157,8.8157,8.8157,8.8157,8.8157,8.8157,8.8157,8.8157,8.8157,8.8157,8.8157,8.8157,8.8157,8.8157,8.8157,8.8157,8.8157,8.8157,8.8157,8.8157,8.8157,8.8157,8.8157,8.8157,8.8157,8.8157,8.8157,8.8157,8.8157,8.8157,8.8157,8.8157,8.8157,8.8157,8.8157,8.8157,8.8157,8.8153,8.8153,8.8153,8.8153,8.8153,8.8153,8.8153,8.8153,8.8153,8.8153,8.8153,8.8153,8.8153,8.8153,8.8153,8.8153,8.8153,8.8153,8.8153,8.8153,8.8153,8.8153,8.8153,8.8153,8.8153,8.8153,8.8153,8.8153,8.8153,8.8153,8.8153,8.8153,8.8153,8.8153,8.8153,8.8153,8.8153,8.8153,8.8153,8.8153,8.8153,8.8153,8.8153,8.8153,8.8153,8.8153,8.8153,8.8153,8.8153,8.8153,8.8153,8.8153,8.8153,8.8153,8.8153,8.8153,8.8153,8.8153,8.8153,8.8153,8.8153,8.8153,8.8153,8.8153,8.8153,8.8153,8.8153,8.8153,8.8153,8.8153,8.8153,8.8153,8.8153,8.8153,8.8153,8.8153,8.8153,8.8153,8.8153,8.8153,8.8153,8.8153,8.8153,8.8153,8.8153,8.8153,8.8153,8.8153,8.8153,8.8153,8.8153,8.8153,8.8153,8.8153,8.8153,8.8153,8.8153,8.8153,8.8153,8.8153,8.8153,8.8153,8.8153,8.8153,8.8153,8.8153,8.8153,8.8153,8.8153,8.8153,8.8153,8.8153,8.8153,8.8153,8.8153,8.8153,8.8153,8.8153,8.8153,8.8153,8.8153,8.8153,8.8153,8.8153,8.8153,8.8153,8.8153,8.8153,8.8153,8.8153,8.8153,8.8153,8.8153,8.8153,8.8153,8.8153,8.8153,8.8153,8.8153,8.8153,8.8153,8.8153,8.8153,8.8153,8.8153,8.8153,8.8153,8.8153,8.8153,8.8153,8.8153,8.8153,8.8153,8.8153,8.8153,8.8153,8.8153,8.8153,8.8153,8.8153,8.8153,8.8153,8.8153,8.8153,8.8153,8.8153,8.8153,8.8153,8.8153,8.8153,8.8153,8.8153,8.8153,8.8153,8.8153,8.8153,8.8153,8.8153,8.8153,8.8153,8.8153,8.8153,8.8153,8.8153,8.8153,8.8153,8.8153,8.8153,8.8153,8.8153,8.8153,8.8153,8.8153,8.8153,8.8153,8.8153,8.8153,8.8153,8.8153,8.8153,8.8153,8.8153,8.8153,8.8153,8.8153,8.8153,8.8153,8.8153,8.8153,8.8153,8.8153,8.8153,8.8153,8.8153,8.8153,8.8153,8.8153,8.8153,8.8153,8.8153,8.8153,8.8153,8.8153,8.8153,8.8153,8.8153,8.8153,8.8153,8.8153,8.8153,8.8153,8.8153,8.8153,8.8153,8.8153,8.8153,8.8153,8.8153,8.8153,8.8153
8.8065,8.8065,8.8065,8.8065,8.8065,8.8065,8.8065,8.8065,8.8065,8.8065,8.8065,8.8065,8.8065,8.8065,8.8065,8.8065,8.8065,8.8065,8.8065,8.8065,8.8065,8.8065,8.8065,8.8065,8.8065,8.8065,8.8065,8.8065,8.8065,8.8065,8.8065,8.8065,8.8065,8.8065,8.8065,8.8065,8.8065,8.8065,8.8065,8.8065,8.8065,8.8065,8.8065,8.8065,8.8065,8.8065,8.8065,8.8065,8.8065,8.8065,8.8065,8.8065,8.8065,8.8065,8.8065,8.8065,8.8065,8.8065,8.8065,8.8065,8.8065,8.8065,8.8065,8.8065,8.8065,8.8065,8.8065,8.8065,8.8065,8.8065,8.8065,8.8065,8.8065,8.8065,8.8065,8.8065,8.8065,8.8065,8.8065,8.8065,8.8065,8.8065,8.8065,8.8065,8.8065,8.8065,8.8065,8.8065,8.8065,8.8065,8.8065,8.8065,8.8065,8.8065,8.8065,8.8065,8.8065,8.8065,8.8065,8.8065,8.8065,8.8065,8.8065,8.8065,8.8065,8.8065,8.8065,8.8065,8.8065,8.8065,8.8065,8.8065,8.8065,8.8065,8.8065,8.8065,8.8065,8.8065,8.8065,8.8065,8.8065,8.8065,8.8065,8.8065,8.8065,8.8065,8.8065,8.8065,8.8065,8.8065,8.8065,8.8065,8.8065,8.8065,8.8065,8.8065,8.8065,8.8065,8.8065,8.8065,8.8065,8.8065,8.8065,8.8065,8.8065,8.8065,8.8065,8.8065,8.8065,8.8065,8.8065,8.8065,8.8065,8.8065,8.8065,8.8065,8.8065,8.8065,8.8065,8.8065,8.8065,8.8065,8.8065,8.8065,8.8065,8.8065,8.8065,8.8065,8.8065,8.8065,8.8065,8.8065,8.8065,8.8065,8.8065,8.8065,8.8065,8.8065,8.8065,8.8065,8.8065,8.8065,8.8065,8.8065,8.8065,8.8065,8.8065,8.8065,8.8065,8.8065,8.8065,8.8065,8.8065,8.8065,8.8065,8.8065,8.8065,8.8065,8.8065,8.8065,8.8065,8.8065,8.8065,8.8065,8.8065,8.8065,8.8065,8.8065,8.8065,8.8065,8.8065,8.8065,8.8065,8.8065,8.8065,8.8065,8.8065,8.8065,8.8065,8.8065,8.8065,8.8065,8.8065,8.8065,8.8065,8.8065,8.8065,8.8065,8.8065,8.8065,8.8065,8.8065,8.8065,8.8065,8.8065,8.8065,8.8065,8.8065,8.8065,8.8065,8.8065,8.8065,8.8065,8.8065,8.8065,8.8065,8.8065,8.8065,8.8065,8.8065,8.8065,8.8065,8.8065,8.8065,8.8065,8.8065,8.8065,8.8065,8.8065,8.8065,8.8065,8.8065,8.8065,8.8065,8.8065,8.8065,8.8065,8.8065,8.8065,8.8065,8.8065,8.8065,8.8065,8.8065,8.8065,8.8065,8.8065,8.8065,8.8065,8.8065,8.8065,8.8065,8.8065,8.8065,8.8065,8.8065,8.8065,8.8065,8.8065,8.8065,8.8065,8.8065,8.8065,8.8065,8.8065,8.8065,8.8065,8.8065,8.8065,8.8065,8.8065,8.8065,8.8065,8.8065,8.8065,8.8065,8.8065,8.8065,8.8065,8.8065,8.8065,8.8065,8.8065,8.8065,8.8065,8.8065,8.8065,8.8065,8.8065,8.8065,8.8065,8.8065,8.8065,8.8065,8.8065,8.8065,8.8065,8.8065,8.8065,8.8065,8.8065,8.8065,8.8065,8.8065,8.8065,8.8065,8.8065,8.8065,8.8065,8.8065,8.8065,8.8065,8.8065,8.8065,8.8065,8.8065,8.8065,8.8065,8.8065,8.8065,8.8065,8.8065,8.8065,8.8065,8.8065,8.8065,8.8065,8.8065,8.8065,8.8065,8.8065,8.8065,8.8065,8.8065,8.8065,8.8065,8.8065,8.8065,8.8065,8.8065,8.8065,8.8065,8.8065,8.8065,8.8065,8.8065,8.8065,8.8065,8.8065,8.8065,8.8065,8.8065,8.8065,8.8065,8.8065,8.8065,8.8065,8.8065,8.8065,8.8065,8.8065,8.8065,8.8065,8.8065,8.8065,8.8065,8.8065,8.8065,8.8065,8.8065,8.8065,8.8065,8.8065,8.8065,8.8065,8.8065,8.8065,8.8065,8.8065,8.8065,8.8065,8.8065,8.8065,8.8065,8.8065,8.8065,8.8065,8.8065,8.8065,8.8065,8.8065,8.8065,8.8065,8.8065,8.8065,8.8065,8.8065,8.8065,8.8065,8.8065,8.8065,8.8065,8.8065,8.8065,8.8065,8.8065,8.8065,8.8065,8.8065,8.8065,8.8065,8.8065,8.8065,8.8065,8.8065,8.8065,8.8065,8.8065,8.8065,8.8065,8.8065,8.8065,8.8065,8.8065,8.8065,8.8065,8.8065,8.8065,8.8065,8.8065,8.8065,8.8065,8.8065,8.8065,8.8065,8.8065,8.8065,8.8065,8.8065,8.8065,8.8065,8.8065,8.8065,8.8065,8.8065,8.8065,8.8065,8.8065,8.8065,8.8065,8.8065,8.8065,8.8065,8.8065,8.8065,8.8065,8.8065,8.8065,8.8065,8.8065,8.8065,8.8065,8.8065,8.8065,8.8065,8.8065,8.8065,8.8065,8.8065,8.8065,8.8065,8.8065,8.8065,8.8065,8.8065,8.8065,8.8065,8.8065,8.8065,8.8065,8.8065,8.8065,8.8065,8.8065,8.8065,8.8065,8.8065,8.8065,8.8065,8.8065,8.8065,8.8065,8.8065,8.8065,8.8065,8.8065,8.8065,8.8065,8.8065,8.8065,8.8065,8.8065,8.8065,8.8065,8.8065,8.8065,8.8065,8.8065,8.8065,8.8065,8.8065,8.8065,8.8065,8.8065,8.8065,8.8065,8.8065,8.8065,8.8065,8.8065,8.8065,8.8065,8.8065,8.8065,8.8065,8.8065,8.8065,8.8065,8.8065,8.8065,8.8065,8.8065,8.8065,8.8065,8.8065,8.8065,8.8065,8.8065,8.8065,8.8065,8.8065,8.8065,8.8065,8.8065,8.8065,8.8065,8.8065,8.8065,8.8065,8.8065,8.8065,8.8065,8.8065,8.8065,8.8065,8.8065,8.8065,8.8065,8.8065,8.8065,8.8065,8.8065,8.8065,8.8065,8.8065,8.8065,8.8065,8.8065,8.8065,8.8065,8.8065,8.8065,8.8065,8.8065,8.8065,8.8065,8.8065,8.8065,8.8065,8.8065,8.8065,8.8065,8.8065,8.8065,8.8065,8.8065,8.8065,8.8065,8.8065,8.8065,8.8065,8.8065,8.8065,8.8065,8.8065,8.8065,8.8065,8.8065,8.8065,8.8065,8.8065,8.8065,8.8065,8.8065,8.8065,8.8065,8.8065,8.8065,8.8065,8.8065,8.8065,8.8065,8.8065,8.8065,8.8065,8.8065,8.8065,8.8065,8.8065,8.8065,8.8065,8.8065,8.8065,8.8065,8.8065,8.8065,8.8065,8.8065,8.8065,8.8065,8.8065,8.8065,8.8065,8.8065,8.8065,8.8065,8.8065,8.8065,8.8065,8.8065,8.8065,8.8065,8.8065,8.8065,8.8065,8.8065,8.8065,8.8065,8.8065,8.8065,8.8065,8.8065,8.8065,8.8065,8.8065,8.8065,8.8065,8.8065,8.8065,8.8065,8.8065,8.8065,8.8065,8.8065,8.8065,8.8065,8.8065,8.8065,8.8065,8.8065,8.8065,8.8065,8.8065,8.8065,8.8065,8.8065,8.8065,8.8065,8.8065,8.8065,8.8065,8.8065,8.8065,8.8065,8.8065,8.8065,8.8065,8.8065,8.8065,8.8065,8.8065,8.8065,8.8065,8.8065,8.8065,8.8065,8.8065,8.8065,8.8065,8.8065,8.8065,8.8065,8.8065,8.8065,8.8065,8.8065,8.8065,8.8065,8.8065,8.8065,8.8065,8.8065,8.8065,8.8065,8.8065,8.8065,8.8065,8.8065,8.8065,8.8065,8.8065,8.8065,8.8065,8.8065,8.8065,8.8065,8.8065,8.8065,8.8065,8.8065,8.8065,8.8065,8.8065,8.8065,8.8065,8.8065,8.8065,8.8065,8.8065,8.8065,8.8065,8.8065,8.8065,8.8065,8.8065,8.8065,8.8065,8.8065,8.8065,8.8065,8.8065,8.8065,8.8065,8.8065,8.8065,8.8065,8.8065,8.8065,8.8065,8.8065,8.8065,8.8065,8.8065,8.8065,8.8065,8.8065,8.8065,8.8065,8.8065,8.8065,8.8065,8.8065,8.8065,8.8065,8.8065,8.8065,8.8065,8.8065,8.8065,8.8065,8.8065,8.8065,8.8065,8.8065,8.8065,8.8065,8.8065,8.8065,8.8065,8.8065,8.8065,8.8065,8.8065,8.8065,8.8065,8.8065,8.8065,8.8065,8.8065,8.8065,8.8065,8.8065,8.8065,8.8065,8.8065,8.8065,8.8065,8.8065,8.8065,8.8065,8.8065,8.8065,8.8065,8.8065,8.8065,8.8065,8.8065,8.8065,8.8065,8.8065,8.8065,8.8065,8.8065,8.8065,8.8065,8.8065,8.8065,8.8065,8.8065,8.8065,8.8065,8.8065,8.8065,8.8065,8.8065,8.8065,8.8065,8.8065,8.8065,8.8065,8.8065,8.8065,8.8065,8.8065,8.8065,8.8065,8.8065,8.8065,8.8065,8.8065,8.8065,8.8065,8.8065,8.8065,8.8065,8.8065,8.8065,8.8065,8.8065,8.8065,8.8065,8.8065,8.8065,8.8065,8.8065,8.8065,8.8065,8.8065,8.8065,8.8065,8.8065,8.8065,8.8065,8.8065,8.8065,8.8065,8.8065,8.8065,8.8065,8.8065,8.8065,8.8065,8.8065,8.8065,8.8065,8.8065,8.8065,8.8065,8.8065,8.8065,8.8065,8.8065,8.8065,8.8065,8.8065,8.8065,8.8065,8.8065,8.8065,8.8065,8.8065,8.8065,8.8065,8.8065,8.8065,8.8065,8.8065,8.8065,8.8065,8.8065,8.8065,8.8065,8.8065,8.8065,8.8065,8.8065,8.8065,8.8065,8.8065,8.8065,8.8065,8.8065,8.8065,8.8065,8.8065,8.8065,8.8065,8.8065,8.8065,8.8065
8.7987,8.7987,8.7987,8.7987,8.7987,8.7987,8.7987,8.7987,8.7987,8.7987,8.7987,8.7987,8.7987,8.7987,8.7987,8.7987,8.7987,8.7987,8.7987,8.7987,8.7987,8.7987,8.7987,8.7987,8.7987,8.7987,8.7987,8.7987,8.7987,8.7987,8.7987,8.7987,8.7987,8.7987,8.7987,8.7987,8.7987,8.7987,8.7987,8.7987,8.7987,8.7987,8.7987,8.7987,8.7987,8.7987,8.7987,8.7987,8.7987,8.7987,8.7987,8.7987,8.7987,8.7987,8.7987,8.7987,8.7987,8.7987,8.7987,8.7987,8.7987,8.7987,8.7987,8.7987,8.7987,8.7987,8.7987,8.7987,8.7987,8.7987,8.7987,8.7987,8.7987,8.7987,8.7987,8.7987,8.7987,8.7987,8.7987,8.7987,8.7987,8.7987,8.7987,8.7987,8.7987,8.7987,8.7987,8.7987,8.7987,8.7987,8.7987,8.7987,8.7987,8.7987,8.7987,8.7987,8.7987,8.7987,8.7987,8.7987,8.7987,8.7987,8.7987,8.7987,8.7987,8.7987,8.7987,8.7987,8.7987,8.7987,8.7987,8.7987,8.7987,8.7987,8.7987,8.7987,8.7987,8.7987,8.7987,8.7987,8.7987,8.7987,8.7987,8.7987,8.7987,8.7987,8.7987,8.7987,8.7987,8.7987,8.7987,8.7987,8.7987,8.7987,8.7987,8.7987,8.7987,8.7987,8.7987,8.7987,8.7987,8.7987,8.7987,8.7987,8.7987,8.7987,8.7987,8.7987,8.7987,8.7987,8.7987,8.7987,8.7987,8.7987,8.7987,8.7987,8.7987,8.7987,8.7987,8.7987,8.7987,8.7987,8.7987,8.7987,8.7987,8.7987,8.7987,8.7987,8.7987,8.7987,8.7987,8.7987,8.7987,8.7987,8.7987,8.7987,8.7987,8.7987,8.7987,8.7987,8.7987,8.7987,8.7987,8.7987,8.7987,8.7987,8.7987,8.7987,8.7987,8.7987,8.7987,8.7987,8.7987,8.7987,8.7987,8.7987,8.7987,8.7987,8.7987,8.7987,8.7987,8.7987,8.7987,8.7987,8.7987,8.7987,8.7987,8.7987,8.7987,8.7987,8.7987,8.7987,8.7987,8.7987,8.7987,8.7987,8.7987,8.7987,8.7987,8.7987,8.7987,8.7987,8.7987,8.7987,8.7987,8.7987,8.7987,8.7987,8.7987,8.7987,8.7987,8.7987,8.7987,8.7987,8.7987,8.7987,8.7987,8.7987,8.7987,8.7987,8.7987,8.7987,8.7987,8.7987,8.7987,8.7987,8.7987,8.7987,8.7987,8.7987,8.7987,8.7987,8.7987,8.7987,8.7987,8.7987,8.7987,8.7987,8.7987,8.7987,8.7987,8.7987,8.7987,8.7987,8.7987,8.7987,8.7987,8.7987,8.7987,8.7987,8.7987,8.7987,8.7987,8.7987,8.7987,8.7987,8.7987,8.7987,8.7987,8.7987,8.7987,8.7987,8.7987,8.7987,8.7987,8.7987,8.7987,8.7987,8.7987,8.7987,8.7987,8.7987,8.7987,8.7987,8.7987,8.7987,8.7987,8.7987,8.7987,8.7987,8.7987,8.7987,8.7987,8.7987,8.7987,8.7987,8.7987,8.7987,8.7987,8.7987,8.7987,8.7987,8.7987,8.7987,8.7987,8.7987,8.7987,8.7987,8.7987,8.7987,8.7987,8.7987,8.7987,8.7987,8.7987,8.7987,8.7987,8.7987,8.7987,8.7987,8.7987,8.7987,8.7987,8.7987,8.7987,8.7987,8.7987,8.7987,8.7987,8.7987,8.7987,8.7987,8.7987,8.7987,8.7987,8.7987,8.7987,8.7987,8.7987,8.7987,8.7987,8.7987,8.7987,8.7987,8.7987,8.7987,8.7987,8.7987,8.7987,8.7987,8.7987,8.7987,8.7987,8.7987,8.7987,8.7987,8.7987,8.7987,8.7987,8.7987,8.7987,8.7987,8.7987,8.7987,8.7987,8.7987,8.7987,8.7987,8.7987,8.7987,8.7987,8.7987,8.7987,8.7987,8.7987,8.7987,8.7987,8.7987,8.7987,8.7987,8.7987,8.7987,8.7987,8.7987,8.7987,8.7987,8.7987,8.7987,8.7987,8.7987,8.7987,8.7987,8.7987,8.7987,8.7987,8.7987,8.7987,8.7987,8.7987,8.7987,8.7987,8.7987,8.7987,8.7987,8.7987,8.7987,8.7987,8.7987,8.7987,8.7987,8.7987,8.7987,8.7987,8.7987,8.7987,8.7987,8.7987,8.7987,8.7987,8.7987,8.7987,8.7987,8.7987,8.7987,8.7987,8.7987,8.7987,8.7987,8.7987,8.7987,8.7987,8.7987,8.7987,8.7987,8.7987,8.7987,8.7987,8.7987,8.7987,8.7987,8.7987,8.7987,8.7987,8.7987,8.7987,8.7987,8.7987,8.7987,8.7987,8.7987,8.7987,8.7987,8.7987,8.7987,8.7987,8.7987,8.7987,8.7987,8.7987,8.7987,8.7987,8.7987,8.7987,8.7987,8.7987,8.7987,8.7987,8.7987,8.7987,8.7987,8.7987,8.7987,8.7987,8.7987,8.7987,8.7987,8.7987,8.7987,8.7987,8.7987,8.7987,8.7987,8.7987,8.7987,8.7977,8.7977,8.7977,8.7977,8.7977,8.7977,8.7977,8.7977,8.7977,8.7977,8.7977,8.7977,8.7977,8.7977,8.7977,8.7977,8.7977,8.7977,8.7977,8.7977,8.7977,8.7977,8.7977,8.7977,8.7977,8.7977,8.7977,8.7977,8.7977,8.7977,8.7977,8.7977,8.7977,8.7977,8.7977,8.7977,8.7977,8.7977,8.7977,8.7977,8.7977,8.7977,8.7977,8.7977,8.7977,8.7977,8.7977,8.7977,8.7977,8.7977,8.7977,8.7977,8.7977,8.7977,8.7977,8.7977,8.7977,8.7977,8.7977,8.7977,8.7977,8.7977,8.7977,8.7977,8.7977,8.7977,8.7977,8.7977,8.7977,8.7977,8.7977,8.7977,8.7977,8.7977,8.7977,8.7977,8.7977,8.7977,8.7977,8.7977,8.7977,8.7977,8.7977,8.7977,8.7977,8.7977,8.7977,8.7977,8.7977,8.7977,8.7977,8.7977,8.7977,8.7977,8.7977,8.7977,8.7977,8.7977,8.7977,8.7977,8.7977,8.7977,8.7977,8.7977,8.7977,8.7977,8.7977,8.7977,8.7977,8.7977,8.7977,8.7977,8.7977,8.7977,8.7977,8.7977,8.7977,8.7977,8.7977,8.7977,8.7977,8.7977,8.7977,8.7977,8.7977,8.7977,8.7977,8.7977,8.7977,8.7977,8.7977,8.7977,8.7977,8.7977,8.7977,8.7977,8.7977,8.7977,8.7977,8.7977,8.7977,8.7977,8.7977,8.7977,8.7977,8.7977,8.7977,8.7977,8.7977,8.7977,8.7977,8.7977,8.7977,8.7977,8.7977,8.7977,8.7977,8.7977,8.7977,8.7977,8.7977,8.7977,8.7977,8.7977,8.7977,8.7977,8.7977,8.7977,8.7977,8.7977,8.7977,8.7977,8.7977,8.7977,8.7977,8.7977,8.7977,8.7977,8.7977,8.7977,8.7977,8.7977,8.7977,8.7977,8.7977,8.7977,8.7977,8.7977,8.7977,8.7977,8.7977,8.7977,8.7977,8.7977,8.7977,8.7977,8.7977,8.7977,8.7977,8.7977,8.7977,8.7977,8.7977,8.7977,8.7977,8.7977,8.7977,8.7977,8.7977,8.7977,8.7977,8.7977,8.7977,8.7977,8.7977,8.7977,8.7977,8.7977,8.7977,8.7977,8.7977,8.7977,8.7977,8.7977,8.7977,8.7977,8.7977,8.7977,8.7977,8.7977,8.7977,8.7977,8.7977,8.7977,8.7977,8.7977,8.7977,8.7977,8.7977,8.7977,8.7977,8.7977,8.7977,8.7977,8.7977,8.7977,8.7977,8.7977,8.7977,8.7977,8.7977,8.7977,8.7977,8.7977,8.7977,8.7977,8.7977,8.7977,8.7977,8.7977,8.7977,8.7977,8.7977,8.7977,8.7977,8.7977,8.7977,8.7977,8.7977,8.7977,8.7977,8.7977,8.7977,8.7977,8.7977,8.7977,8.7977,8.7977,8.7977,8.7977,8.7977,8.7977,8.7977,8.7977,8.7977,8.7977,8.7977,8.7977,8.7977,8.7977,8.7977,8.7977,8.7977,8.7977,8.7977,8.7977,8.7977,8.7977,8.7977,8.7977,8.7977,8.7977,8.7977,8.7977,8.7977,8.7977,8.7977,8.7977,8.7977,8.7977,8.7977,8.7977,8.7977,8.7977,8.7977,8.7977,8.7977,8.7977,8.7977,8.7977,8.7977,8.7977,8.7977,8.7977,8.7977,8.7977,8.7977,8.7977,8.7977,8.7977,8.7977,8.7977,8.7977,8.7977,8.7977,8.7977,8.7977,8.7977,8.7977,8.7977,8.7977,8.7977,8.7977,8.7977,8.7977,8.7977,8.7977,8.7977,8.7977,8.7977,8.7977,8.7977,8.7977,8.7977,8.7977,8.7977,8.7977,8.7977,8.7977,8.7977,8.7977,8.7977,8.7977,8.7977,8.7977,8.7977,8.7977,8.7977,8.7977,8.7977,8.7977,8.7977,8.7977,8.7977,8.7977,8.7977,8.7977,8.7977,8.7977,8.7977,8.7977,8.7977,8.7977,8.7977,8.7977,8.7977,8.7977,8.7977,8.7977,8.7977,8.7977,8.7977,8.7977,8.7977,8.7977,8.7977,8.7977,8.7977,8.7977,8.7977,8.7977,8.7977,8.7977,8.7977,8.7977,8.7977,8.7977,8.7977,8.7977,8.7977,8.7977,8.7977,8.7977,8.7977,8.7977,8.7977,8.7977,8.7977,8.7977,8.7977,8.7977,8.7977,8.7977,8.7977,8.7977,8.7977,8.7977,8.7977,8.7977,8.7977,8.7977,8.7977,8.7977,8.7977,8.7977,8.7977,8.7977,8.7977,8.7977,8.7977,8.7977,8.7977,8.7977,8.7977,8.7977,8.7977,8.7977,8.7977,8.7977,8.7977,8.7977,8.7977,8.7977,8.7977,8.7977,8.7977,8.7977,8.7977,8.7977,8.7977,8.7977,8.7977,8.7977,8.7977,8.7977,8.7977
8.7890,8.7890,8.7890,8.7890,8.7890,8.7890,8.7890,8.7890,8.7890,8.7890,8.7890,8.7890,8.7890,8.7890,8.7890,8.7890,8.7890,8.7890,8.7890,8.7890,8.7890,8.7890,8.7890,8.7890,8.7890,8.7890,8.7890,8.7890,8.7890,8.7890,8.7890,8.7890,8.7890,8.7890,8.7890,8.7890,8.7890,8.7890,8.7890,8.7890,8.7890,8.7890,8.7890,8.7890,8.7890,8.7890,8.7890,8.7890,8.7890,8.7890,8.7890,8.7890,8.7890,8.7890,8.7890,8.7890,8.7890,8.7890,8.7890,8.7890,8.7890,8.7890,8.7890,8.7890,8.7890,8.7890,8.7890,8.7890,8.7890,8.7890,8.7890,8.7890,8.7890,8.7890,8.7890,8.7890,8.7890,8.7890,8.7890,8.7890,8.7890,8.7890,8.7890,8.7890,8.7890,8.7890,8.7890,8.7890,8.7890,8.7890,8.7890,8.7890,8.7890,8.7890,8.7890,8.7890,8.7890,8.7890,8.7890,8.7890,8.7890,8.7890,8.7890,8.7890,8.7890,8.7890,8.7890,8.7890,8.7890,8.7890,8.7890,8.7890,8.7890,8.7890,8.7890,8.7890,8.7890,8.7890,8.7890,8.7890,8.7890,8.7890,8.7890,8.7890,8.7890,8.7890,8.7890,8.7890,8.7890,8.7890,8.7890,8.7890,8.7890,8.7890,8.7890,8.7890,8.7890,8.7890,8.7890,8.7890,8.7890,8.7890,8.7890,8.7890,8.7890,8.7890,8.7890,8.7890,8.7890,8.7890,8.7890,8.7890,8.7890,8.7890,8.7890,8.7890,8.7890,8.7890,8.7890,8.7890,8.7890,8.7890,8.7890,8.7890,8.7890,8.7890,8.7890,8.7890,8.7890,8.7890,8.7890,8.7890,8.7890,8.7890,8.7890,8.7890,8.7890,8.7890,8.7890,8.7890,8.7890,8.7890,8.7890,8.7890,8.7890,8.7890,8.7890,8.7890,8.7890,8.7890,8.7890,8.7890,8.7890,8.7890,8.7890,8.7890,8.7890,8.7890,8.7890,8.7890,8.7890,8.7890,8.7890,8.7890,8.7890,8.7890,8.7890,8.7890,8.7890,8.7890,8.7890,8.7890,8.7890,8.7890,8.7890,8.7890,8.7890,8.7890,8.7890,8.7890,8.7890,8.7890,8.7890,8.7890,8.7890,8.7890,8.7890,8.7890,8.7890,8.7890,8.7890,8.7890,8.7890,8.7890,8.7890,8.7890,8.7890,8.7890,8.7890,8.7890,8.7890,8.7890,8.7890,8.7890,8.7890,8.7890,8.7890,8.7890,8.7890,8.7890,8.7890,8.7890,8.7890,8.7890,8.7890,8.7890,8.7890,8.7890,8.7890,8.7890,8.7890,8.7890,8.7890,8.7890,8.7890,8.7890,8.7890,8.7890,8.7890,8.7890,8.7890,8.7890,8.7890,8.7890,8.7890,8.7890,8.7890,8.7890,8.7890,8.7890,8.7890,8.7890,8.7890,8.7890,8.7890,8.7890,8.7890,8.7890,8.7890,8.7890,8.7890,8.7890,8.7890,8.7890,8.7890,8.7890,8.7890,8.7890,8.7890,8.7890,8.7890,8.7890,8.7890,8.7890,8.7890,8.7890,8.7890,8.7890,8.7890,8.7890,8.7890,8.7890,8.7890,8.7890,8.7890,8.7890,8.7890,8.7890,8.7890,8.7890,8.7890,8.7890,8.7890,8.7890,8.7890,8.7890,8.7890,8.7890,8.7890,8.7890,8.7890,8.7890,8.7890,8.7890,8.7890,8.7890,8.7890,8.7890,8.7890,8.7890,8.7890,8.7890,8.7890,8.7890,8.7890,8.7890,8.7890,8.7890,8.7890,8.7890,8.7890,8.7890,8.7890,8.7890,8.7890,8.7890,8.7890,8.7890,8.7890,8.7890,8.7890,8.7890,8.7890,8.7890,8.7890,8.7890,8.7890,8.7890,8.7890,8.7890,8.7890,8.7890,8.7890,8.7890,8.7890,8.7890,8.7890,8.7890,8.7890,8.7890,8.7890,8.7890,8.7890,8.7890,8.7890,8.7890,8.7890,8.7890,8.7890,8.7890,8.7890,8.7890,8.7890,8.7890,8.7890,8.7890,8.7890,8.7890,8.7890,8.7890,8.7890,8.7890,8.7890,8.7890,8.7890,8.7890,8.7890,8.7890,8.7890,8.7890,8.7890,8.7890,8.7890,8.7890,8.7890,8.7890,8.7890,8.7890,8.7890,8.7890,8.7890,8.7890,8.7890,8.7890,8.7890,8.7890,8.7890,8.7890,8.7890,8.7890,8.7890,8.7890,8.7890,8.7890,8.7890,8.7890,8.7890,8.7890,8.7890,8.7890,8.7890,8.7890,8.7890,8.7890,8.7890,8.7890,8.7890,8.7890,8.7890,8.7890,8.7890,8.7890,8.7890,8.7890,8.7890,8.7890,8.7890,8.7890,8.7890,8.7890,8.7890,8.7890,8.7890,8.7890,8.7890,8.7890,8.7890,8.7890,8.7890,8.7890,8.7890,8.7890,8.7890,8.7890,8.7890,8.7890,8.7890,8.7890,8.7890,8.7890,8.7890,8.7890,8.7890,8.7890,8.7890,8.7890,8.7890,8.7890,8.7890,8.7890,8.7890,8.7890,8.7890,8.7890,8.7890,8.7890,8.7890,8.7890,8.7890,8.7890,8.7890,8.7890,8.7890,8.7890,8.7890,8.7890,8.7890,8.7890,8.7890,8.7890,8.7890,8.7890,8.7890,8.7890,8.7890,8.7890,8.7890,8.7890,8.7890,8.7890,8.7890,8.7890,8.7890,8.7890,8.7890,8.7890,8.7890,8.7890,8.7890,8.7890,8.7890,8.7890,8.7890,8.7890,8.7890,8.7890,8.7890,8.7890,8.7890,8.7890,8.7890,8.7890,8.7890,8.7890,8.7890,8.7890,8.7890,8.7890,8.7890,8.7890,8.7890,8.7890,8.7890,8.7890,8.7890,8.7890,8.7890,8.7890,8.7890,8.7890,8.7890,8.7890,8.7890,8.7890,8.7890,8.7890,8.7890,8.7890,8.7890,8.7890,8.7890,8.7890,8.7890,8.7890,8.7890,8.7890,8.7890,8.7890,8.7890,8.7890,8.7890,8.7890,8.7890,8.7890,8.7890,8.7890,8.7890,8.7890,8.7890,8.7890,8.7890,8.7890,8.7890,8.7890,8.7890,8.7890,8.7890,8.7890,8.7890,8.7890,8.7890,8.7890,8.7890,8.7890,8.7890,8.7890,8.7890,8.7890,8.7890,8.7890,8.7890,8.7890,8.7890,8.7890,8.7890,8.7890,8.7890,8.7890,8.7890,8.7890,8.7890,8.7890,8.7890,8.7890,8.7890,8.7890,8.7890,8.7890,8.7890,8.7890,8.7890,8.7890,8.7890,8.7890,8.7890,8.7890,8.7890,8.7890,8.7890,8.7890,8.7890,8.7890,8.7890,8.7890,8.7890,8.7890,8.7890,8.7890,8.7890,8.7890,8.7890,8.7890,8.7890,8.7890,8.7890,8.7890,8.7890,8.7890,8.7890,8.7890,8.7890,8.7890,8.7890,8.7890,8.7890,8.7890,8.7890,8.7890,8.7890,8.7890,8.7890,8.7890,8.7890,8.7890,8.7890,8.7890,8.7890,8.7890,8.7890,8.7890,8.7890,8.7890,8.7890,8.7890,8.7890,8.7890,8.7890,8.7890,8.7890,8.7890,8.7890,8.7890,8.7890,8.7890,8.7890,8.7890,8.7890,8.7890,8.7890,8.7890,8.7890,8.7890,8.7890,8.7890,8.7890,8.7890,8.7890,8.7890,8.7890,8.7890,8.7890,8.7890,8.7890,8.7890,8.7890,8.7890,8.7890,8.7890,8.7890,8.7890,8.7890,8.7890,8.7890,8.7890,8.7890,8.7890,8.7890,8.7890,8.7890,8.7890,8.7890,8.7890,8.7890,8.7890,8.7890,8.7890,8.7890,8.7890,8.7890,8.7890,8.7890,8.7890,8.7890,8.7890,8.7890,8.7890,8.7890,8.7890,8.7890,8.7890,8.7890,8.7890,8.7890,8.7890,8.7890,8.7890,8.7890,8.7890,8.7890,8.7890,8.7890,8.7890,8.7890,8.7890,8.7890,8.7890,8.7890,8.7890,8.7890,8.7890,8.7890,8.7890,8.7890,8.7890,8.7890,8.7890,8.7890,8.7890,8.7890,8.7890,8.7890,8.7890,8.7890,8.7890,8.7890,8.7890,8.7890,8.7890,8.7890,8.7890,8.7890,8.7890,8.7890,8.7890,8.7890,8.7890,8.7890,8.7890,8.7890,8.7890,8.7890,8.7890,8.7890,8.7890,8.7890,8.7890,8.7890,8.7890,8.7890,8.7890,8.7890,8.7890,8.7890,8.7890,8.7890,8.7890,8.7890,8.7890,8.7890,8.7890,8.7890,8.7890,8.7890,8.7890,8.7890,8.7890,8.7890,8.7890,8.7890,8.7890,8.7890,8.7890,8.7890,8.7890,8.7890,8.7890,8.7890,8.7890,8.7890,8.7890,8.7890,8.7890,8.7890,8.7890,8.7890,8.7890,8.7890,8.7890,8.7890,8.7890,8.7890,8.7890,8.7890,8.7890,8.7890,8.7890,8.7890,8.7890,8.7890,8.7890,8.7890,8.7890,8.7890,8.7890,8.7890,8.7890,8.7890,8.7890,8.7890,8.7890,8.7890,8.7890,8.7890,8.7890,8.7890,8.7890,8.7890,8.7890,8.7890,8.7890,8.7890,8.7890,8.7890,8.7890,8.7890,8.7890,8.7890,8.7890,8.7890,8.7890,8.7890,8.7890,8.7890,8.7890,8.7890,8.7890,8.7890,8.7890,8.7890,8.7890,8.7890,8.7890,8.7890,8.7890,8.7890,8.7890,8.7890,8.7890,8.7890,8.7890,8.7890,8.7890,8.7890,8.7890,8.7890,8.7890,8.7890,8.7890,8.7890,8.7890,8.7890,8.7890,8.7890,8.7890,8.7890,8.7890,8.7890,8.7890,8.7890,8.7890,8.7890,8.7890,8.7890,8.7890,8.7890,8.7890,8.7890,8.7890,8.7890,8.7890,8.7890,8.7890,8.7890,8.7890,8.7890,8.7890,8.7890,8.7890,8.7890,8.7890,8.7890,8.7890,8.7890,8.7890,8.7890,8.7890,8.7890,8.7890,8.7890,8.7890
8.7807,8.7807,8.7807,8.7807,8.7807,8.7807,8.7807,8.7807,8.7807,8.7807,8.7807,8.7807,8.7807,8.7807,8.7807,8.7807,8.7807,8.7807,8.7807,8.7807,8.7807,8.7807,8.7807,8.7807,8.7807,8.7807,8.7807,8.7807,8.7807,8.7807,8.7807,8.7807,8.7807,8.7807,8.7807,8.7807,8.7807,8.7807,8.7807,8.7807,8.7807,8.7807,8.7807,8.7807,8.7807,8.7807,8.7807,8.7807,8.7807,8.7807,8.7807,8.7807,8.7807,8.7807,8.7807,8.7807,8.7807,8.7807,8.7807,8.7807,8.7807,8.7807,8.7807,8.7807,8.7807,8.7807,8.7807,8.7807,8.7807,8.7807,8.7807,8.7807,8.7807,8.7807,8.7807,8.7807,8.7807,8.7807,8.7807,8.7807,8.7807,8.7807,8.7807,8.7807,8.7807,8.7807,8.7807,8.7807,8.7807,8.7807,8.7807,8.7807,8.7807,8.7807,8.7807,8.7807,8.7807,8.7807,8.7807,8.7807,8.7807,8.7807,8.7807,8.7807,8.7807,8.7807,8.7807,8.7807,8.7807,8.7807,8.7807,8.7807,8.7807,8.7807,8.7807,8.7807,8.7807,8.7807,8.7807,8.7807,8.7807,8.7807,8.7807,8.7807,8.7807,8.7807,8.7807,8.7807,8.7807,8.7807,8.7807,8.7807,8.7807,8.7807,8.7807,8.7807,8.7807,8.7807,8.7807,8.7807,8.7807,8.7807,8.7807,8.7807,8.7807,8.7807,8.7807,8.7807,8.7807,8.7807,8.7807,8.7807,8.7807,8.7807,8.7807,8.7807,8.7807,8.7807,8.7807,8.7807,8.7807,8.7807,8.7807,8.7807,8.7807,8.7807,8.7807,8.7807,8.7807,8.7807,8.7807,8.7807,8.7807,8.7807,8.7807,8.7807,8.7807,8.7807,8.7807,8.7807,8.7807,8.7807,8.7807,8.7807,8.7807,8.7807,8.7807,8.7807,8.7807,8.7807,8.7807,8.7807,8.7807,8.7807,8.7807,8.7807,8.7807,8.7807,8.7807,8.7807,8.7807,8.7807,8.7807,8.7807,8.7807,8.7807,8.7807,8.7807,8.7807,8.7807,8.7807,8.7807,8.7807,8.7807,8.7807,8.7807,8.7807,8.7807,8.7807,8.7807,8.7807,8.7807,8.7807,8.7807,8.7807,8.7807,8.7807,8.7807,8.7807,8.7807,8.7807,8.7807,8.7807,8.7807,8.7807,8.7807,8.7807,8.7807,8.7807,8.7807,8.7807,8.7807,8.7807,8.7807,8.7807,8.7807,8.7807,8.7807,8.7807,8.7807,8.7807,8.7807,8.7807,8.7807,8.7807,8.7807,8.7807,8.7807,8.7807,8.7807,8.7807,8.7807,8.7807,8.7807,8.7807,8.7807,8.7807,8.7807,8.7807,8.7807,8.7807,8.7807,8.7807,8.7807,8.7807,8.7807,8.7807,8.7807,8.7807,8.7807,8.7807,8.7807,8.7807,8.7807,8.7807,8.7807,8.7807,8.7807,8.7807,8.7807,8.7807,8.7807,8.7807,8.7807,8.7807,8.7807,8.7807,8.7807,8.7807,8.7807,8.7807,8.7807,8.7807,8.7807,8.7807,8.7807,8.7807,8.7807,8.7807,8.7807,8.7807,8.7807,8.7807,8.7807,8.7807,8.7807,8.7807,8.7807,8.7807,8.7807,8.7807,8.7807,8.7807,8.7807,8.7807,8.7807,8.7807,8.7807,8.7807,8.7807,8.7807,8.7807,8.7807,8.7807,8.7807,8.7807,8.7807,8.7807,8.7807,8.7807,8.7807,8.7807,8.7807,8.7807,8.7807,8.7807,8.7807,8.7807,8.7807,8.7807,8.7807,8.7807,8.7807,8.7807,8.7807,8.7807,8.7807,8.7807,8.7807,8.7807,8.7807,8.7807,8.7807,8.7807,8.7807,8.7807,8.7807,8.7807,8.7807,8.7807,8.7807,8.7807,8.7807,8.7807,8.7807,8.7807,8.7807,8.7807,8.7807,8.7807,8.7807,8.7807,8.7807,8.7807,8.7807,8.7807,8.7807,8.7807,8.7807,8.7807,8.7807,8.7807,8.7807,8.7807,8.7807,8.7807,8.7807,8.7807,8.7807,8.7807,8.7807,8.7807,8.7807,8.7807,8.7807,8.7807,8.7807,8.7807,8.7807,8.7807,8.7807,8.7807,8.7807,8.7807,8.7807,8.7807,8.7807,8.7807,8.7807,8.7807,8.7807,8.7807,8.7807,8.7807,8.7807,8.7807,8.7807,8.7807,8.7807,8.7807,8.7807,8.7807,8.7807,8.7807,8.7807,8.7807,8.7807,8.7807,8.7807,8.7807,8.7807,8.7807,8.7807,8.7807,8.7807,8.7807,8.7807,8.7807,8.7807,8.7807,8.7807,8.7807,8.7807,8.7807,8.7807,8.7807,8.7807,8.7807,8.7807,8.7807,8.7807,8.7807,8.7807,8.7807,8.7807,8.7807,8.7807,8.7807,8.7807,8.7807,8.7807,8.7807,8.7807,8.7807,8.7807,8.7807,8.7807,8.7807,8.7807,8.7807,8.7807,8.7807,8.7807,8.7807,8.7807,8.7807,8.7807,8.7807,8.7807,8.7807,8.7807,8.7807,8.7807,8.7807,8.7807,8.7807,8.7807,8.7807,8.7807,8.7807,8.7807,8.7807,8.7807,8.7807,8.7807,8.7807,8.7807,8.7807,8.7807,8.7807,8.7807,8.7807,8.7807,8.7807,8.7807,8.7807,8.7807,8.7807,8.7807,8.7807,8.7807,8.7807,8.7807,8.7807,8.7807,8.7807,8.7807,8.7807,8.7807,8.7807,8.7807,8.7807,8.7807,8.7807,8.7807,8.7807,8.7807,8.7807,8.7807,8.7807,8.7807,8.7807,8.7807,8.7807,8.7807,8.7807,8.7807,8.7807,8.7807,8.7807,8.7807,8.7807,8.7807,8.7807,8.7807,8.7807,8.7807,8.7807,8.7807,8.7807,8.7807,8.7807,8.7807,8.7807,8.7807,8.7807,8.7807,8.7807,8.7807,8.7807,8.7807,8.7807,8.7807,8.7807,8.7807,8.7807,8.7807,8.7807,8.7807,8.7807,8.7807,8.7807,8.7807,8.7807,8.7807,8.7807,8.7807,8.7807,8.7807,8.7807,8.7807,8.7807,8.7807,8.7807,8.7807,8.7807,8.7807,8.7807,8.7807,8.7807,8.7807,8.7807,8.7807,8.7807,8.7807,8.7807,8.7807,8.7807,8.7807,8.7807,8.7807,8.7807,8.7807,8.7807,8.7807,8.7807,8.7807,8.7807,8.7807,8.7807,8.7807,8.7807,8.7807,8.7807,8.7807,8.7807,8.7807,8.7807,8.7807,8.7807,8.7807,8.7807,8.7807,8.7807,8.7807,8.7807,8.7807,8.7807,8.7807,8.7807,8.7807,8.7807,8.7807,8.7807,8.7807,8.7807,8.7807,8.7807,8.7807,8.7807,8.7807,8.7807,8.7807,8.7807,8.7807,8.7807,8.7807,8.7807,8.7807,8.7807,8.7807,8.7807,8.7807,8.7807,8.7807,8.7807,8.7807,8.7807,8.7807,8.7807,8.7807,8.7807,8.7807,8.7807,8.7807,8.7807,8.7807,8.7807,8.7807,8.7807,8.7807,8.7807,8.7807,8.7807,8.7807,8.7807,8.7807,8.7807,8.7807,8.7807,8.7807,8.7807,8.7807,8.7807,8.7807,8.7807,8.7807,8.7807,8.7807,8.7807,8.7807,8.7807,8.7807,8.7807,8.7807,8.7807,8.7807,8.7807,8.7807,8.7807,8.7807,8.7807,8.7807,8.7807,8.7807,8.7807,8.7807,8.7807,8.7807,8.7807,8.7807,8.7807,8.7807,8.7807,8.7807,8.7807,8.7807,8.7807,8.7807,8.7807,8.7807,8.7807,8.7807,8.7807,8.7807,8.7807,8.7807,8.7807,8.7807,8.7807,8.7807,8.7807,8.7807,8.7807,8.7807,8.7807,8.7807,8.7807,8.7807,8.7807,8.7807,8.7807,8.7807,8.7807,8.7807,8.7807,8.7807,8.7807,8.7807,8.7807,8.7807,8.7807,8.7807,8.7807,8.7807,8.7807,8.7807,8.7807,8.7807,8.7807,8.7807,8.7807,8.7807,8.7807,8.7807,8.7807,8.7807,8.7807,8.7807,8.7807,8.7807,8.7807,8.7807,8.7807,8.7807,8.7807,8.7807,8.7807,8.7807,8.7807,8.7807,8.7807,8.7807,8.7807,8.7807,8.7807,8.7807,8.7807,8.7807,8.7807,8.7807,8.7807,8.7807,8.7807,8.7807,8.7807,8.7807,8.7807,8.7807,8.7807,8.7807,8.7807,8.7807,8.7807,8.7807,8.7807,8.7807,8.7807,8.7807,8.7807,8.7807,8.7807,8.7807,8.7807,8.7807,8.7807,8.7807,8.7807,8.7807,8.7807,8.7807,8.7807,8.7807,8.7807,8.7807,8.7807,8.7807,8.7807,8.7807,8.7807,8.7807,8.7807,8.7807,8.7807,8.7807,8.7807,8.7807,8.7807,8.7807,8.7807,8.7807,8.7807,8.7807,8.7807,8.7807,8.7807,8.7807,8.7807,8.7807,8.7807,8.7807,8.7807,8.7807,8.7807,8.7807,8.7807,8.7807,8.7807,8.7807,8.7807,8.7807,8.7807,8.7807,8.7807,8.7807,8.7807,8.7807,8.7807,8.7807,8.7807,8.7807,8.7807,8.7807,8.7807,8.7807,8.7807,8.7807,8.7807,8.7807,8.7807,8.7807,8.7807,8.7807,8.7807,8.7807,8.7807,8.7807,8.7807,8.7807,8.7807,8.7807,8.7807,8.7807,8.7807,8.7807,8.7807,8.7807,8.7807,8.7807,8.7807,8.7807,8.7807,8.7807,8.7807,8.7807,8.7807,8.7807,8.7807,8.7807,8.7807,8.7807,8.7807,8.7807,8.7807,8.7807,8.7807,8.7807,8.7807,8.7807,8.7807,8.7807,8.7807,8.7807,8.7807,8.7807,8.7807,8.7807,8.7807,8.7807,8.7807,8.7807,8.7807,8.7807,8.7807,8.7807,8.7807,8.7807,8.7807,8.7807,8.7807,8.7807,8.7807,8.7807,8.7807,8.7807,8.7807,8.7807,8.7807,8.7807,8.7807
8.7725,8.7725,8.7725,8.7725,8.7725,8.7725,8.7725,8.7725,8.7725,8.7725,8.7725,8.7725,8.7725,8.7725,8.7725,8.7725,8.7725,8.7725,8.7725,8.7725,8.7725,8.7725,8.7725,8.7725,8.7725,8.7725,8.7725,8.7725,8.7725,8.7725,8.7725,8.7725,8.7725,8.7725,8.7725,8.7725,8.7725,8.7725,8.7725,8.7725,8.7725,8.7725,8.7725,8.7725,8.7725,8.7725,8.7725,8.7725,8.7725,8.7725,8.7725,8.7725,8.7725,8.7725,8.7725,8.7725,8.7725,8.7725,8.7725,8.7725,8.7725,8.7725,8.7725,8.7725,8.7725,8.7725,8.7725,8.7725,8.7725,8.7725,8.7725,8.7725,8.7725,8.7725,8.7725,8.7725,8.7725,8.7725,8.7725,8.7725,8.7725,8.7725,8.7725,8.7725,8.7725,8.7725,8.7725,8.7725,8.7725,8.7725,8.7725,8.7725,8.7725,8.7725,8.7725,8.7725,8.7725,8.7725,8.7725,8.7725,8.7725,8.7725,8.7725,8.7725,8.7725,8.7725,8.7725,8.7725,8.7725,8.7725,8.7725,8.7725,8.7725,8.7725,8.7725,8.7725,8.7725,8.7725,8.7725,8.7725,8.7725,8.7725,8.7725,8.7725,8.7725,8.7725,8.7725,8.7725,8.7725,8.7725,8.7725,8.7725,8.7725,8.7725,8.7725,8.7725,8.7725,8.7725,8.7725,8.7725,8.7725,8.7725,8.7725,8.7725,8.7725,8.7725,8.7725,8.7725,8.7725,8.7725,8.7725,8.7725,8.7725,8.7725,8.7725,8.7725,8.7725,8.7725,8.7725,8.7725,8.7725,8.7725,8.7725,8.7725,8.7725,8.7725,8.7725,8.7725,8.7725,8.7725,8.7725,8.7725,8.7725,8.7725,8.7725,8.7725,8.7725,8.7725,8.7725,8.7725,8.7725,8.7725,8.7725,8.7725,8.7725,8.7725,8.7725,8.7725,8.7725,8.7725,8.7725,8.7725,8.7725,8.7725,8.7725,8.7725,8.7725,8.7725,8.7725,8.7725,8.7725,8.7725,8.7725,8.7725,8.7725,8.7725,8.7725,8.7725,8.7725,8.7725,8.7725,8.7725,8.7725,8.7725,8.7725,8.7725,8.7725,8.7725,8.7725,8.7725,8.7725,8.7725,8.7725,8.7725,8.7725,8.7725,8.7725,8.7725,8.7725,8.7725,8.7725,8.7725,8.7725,8.7725,8.7725,8.7725,8.7725,8.7725,8.7725,8.7725,8.7725,8.7725,8.7725,8.7725,8.7725,8.7725,8.7725,8.7725,8.7725,8.7725,8.7725,8.7725,8.7725,8.7725,8.7725,8.7725,8.7725,8.7725,8.7725,8.7725,8.7725,8.7725,8.7725,8.7725,8.7725,8.7725,8.7725,8.7725,8.7725,8.7725,8.7725,8.7725,8.7725,8.7725,8.7725,8.7725,8.7725,8.7725,8.7725,8.7725,8.7725,8.7725,8.7725,8.7725,8.7725,8.7725,8.7725,8.7725,8.7725,8.7725,8.7725,8.7725,8.7725,8.7725,8.7725,8.7725,8.7725,8.7725,8.7725,8.7725,8.7725,8.7725,8.7725,8.7725,8.7725,8.7725,8.7725,8.7725,8.7725,8.7725,8.7725,8.7725,8.7725,8.7725,8.7725,8.7725,8.7725,8.7725,8.7725,8.7725,8.7725,8.7725,8.7725,8.7725,8.7725,8.7725,8.7725,8.7725,8.7725,8.7725,8.7725,8.7725,8.7725,8.7725,8.7725,8.7725,8.7725,8.7725,8.7725,8.7725,8.7725,8.7725,8.7725,8.7725,8.7725,8.7725,8.7725,8.7725,8.7725,8.7725,8.7725,8.7725,8.7725,8.7725,8.7725,8.7725,8.7725,8.7725,8.7725,8.7725,8.7725,8.7725,8.7725,8.7725,8.7725,8.7725,8.7725,8.7725,8.7725,8.7725,8.7725,8.7725,8.7725,8.7725,8.7725,8.7725,8.7725,8.7725,8.7725,8.7725,8.7725,8.7725,8.7725,8.7725,8.7725,8.7725,8.7725,8.7725,8.7725,8.7725,8.7725,8.7725,8.7725,8.7725,8.7725,8.7725,8.7725,8.7725,8.7725,8.7725,8.7725,8.7725,8.7725,8.7725,8.7725,8.7725,8.7725,8.7725,8.7725,8.7725,8.7725,8.7725,8.7725,8.7725,8.7725,8.7725,8.7725,8.7725,8.7725,8.7725,8.7725,8.7725,8.7725,8.7725,8.7725,8.7725,8.7725,8.7725,8.7725,8.7725,8.7725,8.7725,8.7725,8.7725,8.7725,8.7725,8.7725,8.7725,8.7725,8.7725,8.7725,8.7725,8.7725,8.7725,8.7725,8.7725,8.7725,8.7725,8.7725,8.7725,8.7725,8.7725,8.7725,8.7725,8.7725,8.7725,8.7725,8.7725,8.7725,8.7725,8.7725,8.7725,8.7725,8.7725,8.7725,8.7725,8.7725,8.7725,8.7725,8.7725,8.7725,8.7725,8.7725,8.7725,8.7725,8.7725,8.7725,8.7725,8.7725,8.7725,8.7725,8.7725,8.7725,8.7725,8.7725,8.7725,8.7725,8.7725,8.7725,8.7725,8.7725,8.7725,8.7725,8.7725,8.7725,8.7725,8.7725,8.7725,8.7725,8.7725,8.7725,8.7725,8.7725,8.7725,8.7725,8.7725,8.7725,8.7725,8.7725,8.7725,8.7725,8.7725,8.7725,8.7725,8.7725,8.7725,8.7725,8.7725,8.7725,8.7725,8.7725,8.7725,8.7725,8.7725,8.7725,8.7725,8.7725,8.7725,8.7725,8.7725,8.7725,8.7725,8.7725,8.7725,8.7725,8.7725,8.7725,8.7725,8.7725,8.7725,8.7725,8.7725,8.7725,8.7725,8.7725,8.7725,8.7725,8.7725,8.7725,8.7725,8.7725,8.7725,8.7725,8.7725,8.7725,8.7725,8.7725,8.7725,8.7725,8.7725,8.7725,8.7725,8.7725,8.7725,8.7725,8.7725,8.7725,8.7725,8.7725,8.7725,8.7725,8.7725,8.7725,8.7725,8.7725,8.7725,8.7725,8.7725,8.7725,8.7725,8.7725,8.7725,8.7725,8.7725,8.7725,8.7725,8.7725,8.7725,8.7725,8.7725,8.7725,8.7725,8.7725,8.7725,8.7725,8.7725,8.7725,8.7725,8.7725,8.7725,8.7725,8.7725,8.7725,8.7725,8.7725,8.7725,8.7725,8.7725,8.7725,8.7725,8.7725,8.7725,8.7725,8.7725,8.7725,8.7725,8.7725,8.7725,8.7725,8.7725,8.7725,8.7725,8.7725,8.7725,8.7725,8.7725,8.7725,8.7725,8.7725,8.7725,8.7725,8.7725,8.7725,8.7725,8.7725,8.7725,8.7725,8.7725,8.7725,8.7725,8.7725,8.7725,8.7725,8.7725,8.7725,8.7725,8.7725,8.7725,8.7725,8.7725,8.7725,8.7725,8.7725,8.7725,8.7725,8.7725,8.7725,8.7725,8.7725,8.7725,8.7725,8.7725,8.7725,8.7725,8.7725,8.7725,8.7725,8.7725,8.7725,8.7725,8.7725,8.7725,8.7725,8.7725,8.7725,8.7725,8.7725,8.7725,8.7725,8.7725,8.7725,8.7725,8.7725,8.7725,8.7725,8.7725,8.7725,8.7725,8.7725,8.7725,8.7725,8.7725,8.7725,8.7725,8.7725,8.7725,8.7725,8.7725,8.7725,8.7725,8.7725,8.7725,8.7725,8.7725,8.7725,8.7725,8.7725,8.7725,8.7725,8.7725,8.7725,8.7725,8.7725,8.7725,8.7725,8.7725,8.7725,8.7725,8.7725,8.7725,8.7725,8.7725,8.7725,8.7725,8.7725,8.7725,8.7725,8.7725,8.7725,8.7725,8.7725,8.7725,8.7725,8.7725,8.7725,8.7725,8.7725,8.7725,8.7725,8.7725,8.7725,8.7725,8.7725,8.7725,8.7725,8.7725,8.7725,8.7725,8.7725,8.7725,8.7725,8.7725,8.7725,8.7725,8.7725,8.7725,8.7725,8.7725,8.7725,8.7725,8.7725,8.7725,8.7725,8.7725,8.7725,8.7725,8.7725,8.7725,8.7725,8.7725,8.7725,8.7725,8.7725,8.7725,8.7725,8.7725,8.7725,8.7725,8.7725,8.7725,8.7725,8.7725,8.7725,8.7725,8.7725,8.7725,8.7725,8.7725,8.7725,8.7725,8.7725,8.7725,8.7725,8.7725,8.7725,8.7725,8.7725,8.7725,8.7725,8.7725,8.7725,8.7725,8.7725,8.7725,8.7725,8.7725,8.7725,8.7725,8.7725,8.7725,8.7725,8.7725,8.7725,8.7725,8.7725,8.7725,8.7725,8.7725,8.7725,8.7725,8.7725,8.7725,8.7725,8.7725,8.7725,8.7725,8.7725,8.7725,8.7725,8.7725,8.7725,8.7725,8.7725,8.7725,8.7725,8.7725,8.7725,8.7725,8.7725,8.7725,8.7725,8.7725,8.7725,8.7725,8.7725,8.7725,8.7725,8.7725,8.7725,8.7725,8.7725,8.7725,8.7725,8.7725,8.7725,8.7725,8.7725,8.7725,8.7725,8.7725,8.7725,8.7725,8.7725,8.7725,8.7725,8.7725,8.7725,8.7725,8.7725,8.7725,8.7725,8.7725,8.7725,8.7725,8.7725,8.7725,8.7725,8.7725,8.7725,8.7725,8.7725,8.7725,8.7725,8.7725,8.7725,8.7725,8.7725,8.7725,8.7725,8.7725,8.7725,8.7725,8.7725,8.7725,8.7725,8.7725,8.7725,8.7725,8.7725,8.7725,8.7725,8.7725,8.7725,8.7725,8.7725,8.7725,8.7725,8.7725,8.7725,8.7725,8.7725,8.7725,8.7725,8.7725,8.7725,8.7725,8.7725,8.7725,8.7725,8.7725,8.7725,8.7725,8.7725,8.7725,8.7725,8.7725,8.7725,8.7725,8.7725,8.7725,8.7725,8.7725,8.7725,8.7725,8.7725,8.7725,8.7725,8.7725,8.7725,8.7725,8.7725,8.7725,8.7725,8.7725,8.7725,8.7725,8.7725,8.7725,8.7725,8.7725,8.7725,8.7725,8.7725,8.7725,8.7725,8.7725,8.7725,8.7725,8.7725,8.7725
8.7638,8.7638,8.7638,8.7638,8.7638,8.7638,8.7638,8.7638,8.7638,8.7638,8.7638,8.7638,8.7638,8.7638,8.7638,8.7638,8.7638,8.7638,8.7638,8.7638,8.7638,8.7638,8.7638,8.7638,8.7638,8.7638,8.7638,8.7638,8.7638,8.7638,8.7638,8.7638,8.7638,8.7638,8.7638,8.7638,8.7638,8.7638,8.7638,8.7638,8.7638,8.7638,8.7638,8.7638,8.7638,8.7638,8.7638,8.7638,8.7638,8.7638,8.7638,8.7638,8.7638,8.7638,8.7638,8.7638,8.7638,8.7638,8.7638,8.7638,8.7638,8.7638,8.7638,8.7638,8.7638,8.7638,8.7638,8.7638,8.7638,8.7638,8.7638,8.7638,8.7638,8.7638,8.7638,8.7638,8.7638,8.7638,8.7638,8.7638,8.7638,8.7638,8.7638,8.7638,8.7638,8.7638,8.7638,8.7638,8.7638,8.7638,8.7638,8.7638,8.7638,8.7638,8.7638,8.7638,8.7638,8.7638,8.7638,8.7638,8.7638,8.7638,8.7638,8.7638,8.7638,8.7638,8.7638,8.7638,8.7638,8.7638,8.7638,8.7638,8.7638,8.7638,8.7638,8.7638,8.7638,8.7638,8.7638,8.7638,8.7638,8.7638,8.7638,8.7638,8.7638,8.7638,8.7638,8.7638,8.7638,8.7638,8.7638,8.7638,8.7638,8.7638,8.7638,8.7638,8.7638,8.7638,8.7638,8.7638,8.7638,8.7638,8.7638,8.7638,8.7638,8.7638,8.7638,8.7638,8.7638,8.7638,8.7638,8.7638,8.7638,8.7638,8.7638,8.7638,8.7638,8.7638,8.7638,8.7638,8.7638,8.7638,8.7638,8.7638,8.7638,8.7638,8.7638,8.7638,8.7638,8.7638,8.7638,8.7638,8.7638,8.7638,8.7638,8.7638,8.7638,8.7638,8.7638,8.7638,8.7638,8.7638,8.7638,8.7638,8.7638,8.7638,8.7638,8.7638,8.7638,8.7638,8.7638,8.7638,8.7638,8.7638,8.7638,8.7638,8.7638,8.7638,8.7638,8.7638,8.7638,8.7638,8.7638,8.7638,8.7638,8.7638,8.7638,8.7638,8.7638,8.7638,8.7638,8.7638,8.7638,8.7638,8.7638,8.7638,8.7638,8.7638,8.7638,8.7638,8.7638,8.7638,8.7638,8.7638,8.7638,8.7638,8.7638,8.7638,8.7638,8.7638,8.7638,8.7638,8.7638,8.7638,8.7638,8.7638,8.7638,8.7638,8.7638,8.7638,8.7638,8.7638,8.7638,8.7638,8.7638,8.7638,8.7638,8.7638,8.7638,8.7638,8.7638,8.7638,8.7638,8.7638,8.7638,8.7638,8.7638,8.7638,8.7638,8.7638,8.7638,8.7638,8.7638,8.7638,8.7638,8.7638,8.7638,8.7638,8.7638,8.7638,8.7638,8.7638,8.7638,8.7638,8.7638,8.7638,8.7638,8.7638,8.7638,8.7638,8.7638,8.7638,8.7638,8.7638,8.7638,8.7638,8.7638,8.7638,8.7638,8.7638,8.7638,8.7638,8.7638,8.7638,8.7638,8.7638,8.7638,8.7638,8.7638,8.7638,8.7638,8.7638,8.7638,8.7638,8.7638,8.7638,8.7638,8.7638,8.7638,8.7638,8.7638,8.7638,8.7638,8.7638,8.7638,8.7638,8.7638,8.7638,8.7638,8.7638,8.7638,8.7638,8.7638,8.7638,8.7638,8.7638,8.7638,8.7638,8.7638,8.7638,8.7638,8.7638,8.7638,8.7638,8.7638,8.7638,8.7638,8.7638,8.7638,8.7638,8.7638,8.7638,8.7638,8.7638,8.7638,8.7638,8.7638,8.7638,8.7638,8.7638,8.7638,8.7638,8.7638,8.7638,8.7638,8.7638,8.7638,8.7638,8.7638,8.7638,8.7638,8.7638,8.7638,8.7638,8.7638,8.7638,8.7638,8.7638,8.7638,8.7638,8.7638,8.7638,8.7638,8.7638,8.7638,8.7638,8.7638,8.7638,8.7638,8.7638,8.7638,8.7638,8.7638,8.7638,8.7638,8.7638,8.7638,8.7638,8.7638,8.7638,8.7638,8.7638,8.7638,8.7638,8.7638,8.7638,8.7638,8.7638,8.7638,8.7638,8.7638,8.7638,8.7638,8.7638,8.7638,8.7638,8.7638,8.7638,8.7638,8.7638,8.7638,8.7638,8.7638,8.7638,8.7638,8.7638,8.7638,8.7638,8.7638,8.7638,8.7638,8.7638,8.7638,8.7638,8.7638,8.7638,8.7638,8.7638,8.7638,8.7638,8.7638,8.7638,8.7638,8.7638,8.7638,8.7638,8.7638,8.7638,8.7638,8.7638,8.7638,8.7638,8.7638,8.7638,8.7638,8.7638,8.7638,8.7638,8.7638,8.7638,8.7638,8.7638,8.7638,8.7638,8.7638,8.7638,8.7638,8.7638,8.7638,8.7638,8.7638,8.7638,8.7638,8.7638,8.7638,8.7638,8.7638,8.7638,8.7638,8.7638,8.7638,8.7638,8.7638,8.7638,8.7638,8.7638,8.7638,8.7638,8.7638,8.7638,8.7638,8.7638,8.7638,8.7638,8.7638,8.7638,8.7638,8.7638,8.7638,8.7638,8.7638,8.7638,8.7638,8.7638,8.7638,8.7638,8.7638,8.7638,8.7638,8.7638,8.7638,8.7638,8.7638,8.7638,8.7638,8.7638,8.7638,8.7638,8.7638,8.7638,8.7638,8.7638,8.7638,8.7638,8.7638,8.7638,8.7638,8.7638,8.7638,8.7638,8.7638,8.7638,8.7638,8.7638,8.7638,8.7638,8.7638,8.7638,8.7638,8.7638,8.7638,8.7638,8.7638,8.7638,8.7638,8.7638,8.7638,8.7638,8.7638,8.7638,8.7638,8.7638,8.7638,8.7638,8.7638,8.7638,8.7638,8.7638,8.7638,8.7638,8.7638,8.7638,8.7638,8.7638,8.7638,8.7638,8.7638,8.7638,8.7638,8.7638,8.7638,8.7638,8.7638,8.7638,8.7638,8.7638,8.7638,8.7638,8.7638,8.7638,8.7638,8.7638,8.7638,8.7638,8.7638,8.7638,8.7638,8.7638,8.7638,8.7638,8.7638,8.7638,8.7638,8.7638,8.7638,8.7638,8.7638,8.7638,8.7638,8.7638,8.7638,8.7638,8.7638,8.7638,8.7638,8.7638,8.7638,8.7638,8.7638,8.7638,8.7638,8.7638,8.7638,8.7638,8.7638,8.7638,8.7638,8.7638,8.7638,8.7638,8.7638,8.7638,8.7638,8.7638,8.7638,8.7638,8.7638,8.7638,8.7638,8.7638,8.7638,8.7638,8.7638,8.7638,8.7638,8.7638,8.7638,8.7638,8.7638,8.7638,8.7638,8.7638,8.7638,8.7638,8.7638,8.7638,8.7638,8.7638,8.7638,8.7638,8.7638,8.7638,8.7638,8.7638,8.7638,8.7638,8.7638,8.7638,8.7638,8.7638,8.7638,8.7638,8.7638,8.7638,8.7638,8.7638,8.7638,8.7638,8.7638,8.7638,8.7638,8.7638,8.7638,8.7638,8.7638,8.7638,8.7638,8.7638,8.7638,8.7638,8.7638,8.7638,8.7638,8.7638,8.7638,8.7638,8.7638,8.7638,8.7638,8.7638,8.7638,8.7638,8.7638,8.7638,8.7638,8.7638,8.7638,8.7638,8.7638,8.7638,8.7638,8.7638,8.7638,8.7638,8.7638,8.7638,8.7638,8.7638,8.7638,8.7638,8.7638,8.7638,8.7638,8.7638,8.7638,8.7638,8.7638,8.7638,8.7638,8.7638,8.7638,8.7638,8.7638,8.7638,8.7638,8.7638,8.7638,8.7638,8.7638,8.7638,8.7638,8.7638,8.7638,8.7638,8.7638,8.7638,8.7638,8.7638,8.7638,8.7638,8.7638,8.7638,8.7638,8.7638,8.7638,8.7638,8.7638,8.7638,8.7638,8.7638,8.7638,8.7638,8.7638,8.7638,8.7638,8.7638,8.7638,8.7638,8.7638,8.7638,8.7638,8.7638,8.7638,8.7638,8.7638,8.7638,8.7638,8.7638,8.7638,8.7638,8.7638,8.7638,8.7638,8.7638,8.7638,8.7638,8.7638,8.7638,8.7638,8.7638,8.7638,8.7638,8.7638,8.7638,8.7638,8.7638,8.7638,8.7638,8.7638,8.7638,8.7638,8.7638,8.7638,8.7638,8.7638,8.7638,8.7638,8.7638,8.7638,8.7638,8.7638,8.7638,8.7638,8.7638,8.7638,8.7638,8.7638,8.7638,8.7638,8.7638,8.7638,8.7638,8.7638,8.7638,8.7638,8.7638,8.7638,8.7638,8.7638,8.7638,8.7638,8.7638,8.7638,8.7638,8.7638,8.7638,8.7638,8.7638,8.7638,8.7638,8.7638,8.7638,8.7638,8.7638,8.7638,8.7638,8.7638,8.7638,8.7638,8.7638,8.7638,8.7638,8.7638,8.7638,8.7638,8.7638,8.7638,8.7638,8.7638,8.7638,8.7638,8.7638,8.7638,8.7638,8.7638,8.7638,8.7638,8.7638,8.7638,8.7638,8.7638,8.7638,8.7638,8.7638,8.7638,8.7638,8.7638,8.7638,8.7638,8.7638,8.7638,8.7638,8.7638,8.7638,8.7638,8.7638,8.7638,8.7638,8.7638,8.7638,8.7638,8.7638,8.7638,8.7638,8.7638,8.7638,8.7638,8.7638,8.7638,8.7638,8.7638,8.7638,8.7638,8.7638,8.7638,8.7638,8.7638,8.7638,8.7638,8.7638,8.7638,8.7638,8.7638,8.7638,8.7638,8.7638,8.7638,8.7638,8.7638,8.7638,8.7638,8.7638,8.7638,8.7638,8.7638,8.7638,8.7638,8.7638,8.7638,8.7638,8.7638,8.7638,8.7638,8.7638,8.7638,8.7638,8.7638,8.7638,8.7638,8.7638,8.7638,8.7638,8.7638,8.7638,8.7638,8.7638,8.7638,8.7638,8.7638,8.7638,8.7638,8.7638,8.7638,8.7638,8.7638,8.7638,8.7638,8.7638,8.7638,8.7638,8.7638,8.7638,8.7638,8.7638,8.7638,8.7638,8.7638,8.7638,8.7638,8.7638,8.7638,8.7638,8.7638,8.7638,8.7638,8.7638,8.7638,8.7638,8.7638,8.7638
8.7546,8.7546,8.7546,8.7546,8.7546,8.7546,8.7546,8.7546,8.7546,8.7546,8.7546,8.7546,8.7546,8.7546,8.7546,8.7546,8.7546,8.7546,8.7546,8.7546,8.7546,8.7546,8.7546,8.7546,8.7546,8.7546,8.7546,8.7546,8.7546,8.7546,8.7546,8.7546,8.7546,8.7546,8.7546,8.7546,8.7546,8.7546,8.7546,8.7546,8.7546,8.7546,8.7546,8.7546,8.7546,8.7546,8.7546,8.7546,8.7546,8.7546,8.7546,8.7546,8.7546,8.7546,8.7546,8.7546,8.7546,8.7546,8.7546,8.7546,8.7546,8.7546,8.7546,8.7546,8.7546,8.7546,8.7546,8.7546,8.7546,8.7546,8.7546,8.7546,8.7546,8.7546,8.7546,8.7546,8.7546,8.7546,8.7546,8.7546,8.7546,8.7546,8.7546,8.7546,8.7546,8.7546,8.7546,8.7546,8.7546,8.7546,8.7546,8.7546,8.7546,8.7546,8.7546,8.7546,8.7546,8.7546,8.7546,8.7546,8.7546,8.7546,8.7546,8.7546,8.7546,8.7546,8.7546,8.7546,8.7546,8.7546,8.7546,8.7546,8.7546,8.7546,8.7546,8.7546,8.7546,8.7546,8.7546,8.7546,8.7546,8.7546,8.7546,8.7546,8.7546,8.7546,8.7546,8.7546,8.7546,8.7546,8.7546,8.7546,8.7546,8.7546,8.7546,8.7546,8.7546,8.7546,8.7546,8.7546,8.7546,8.7546,8.7546,8.7546,8.7546,8.7546,8.7546,8.7546,8.7546,8.7546,8.7546,8.7546,8.7546,8.7546,8.7546,8.7546,8.7546,8.7546,8.7546,8.7546,8.7546,8.7546,8.7546,8.7546,8.7546,8.7546,8.7546,8.7546,8.7546,8.7546,8.7546,8.7546,8.7546,8.7546,8.7546,8.7546,8.7546,8.7546,8.7546,8.7546,8.7546,8.7546,8.7546,8.7546,8.7546,8.7546,8.7546,8.7546,8.7546,8.7546,8.7546,8.7546,8.7546,8.7546,8.7546,8.7546,8.7546,8.7546,8.7546,8.7546,8.7546,8.7546,8.7546,8.7546,8.7546,8.7546,8.7546,8.7546,8.7546,8.7546,8.7546,8.7546,8.7546,8.7546,8.7546,8.7546,8.7546,8.7546,8.7546,8.7546,8.7546,8.7546,8.7546,8.7546,8.7546,8.7546,8.7546,8.7546,8.7546,8.7546,8.7546,8.7546,8.7546,8.7546,8.7546,8.7546,8.7546,8.7546,8.7546,8.7546,8.7546,8.7546,8.7546,8.7546,8.7546,8.7546,8.7546,8.7546,8.7546,8.7546,8.7546,8.7546,8.7546,8.7546,8.7546,8.7546,8.7546,8.7546,8.7546,8.7546,8.7546,8.7546,8.7546,8.7546,8.7546,8.7546,8.7546,8.7546,8.7546,8.7546,8.7546,8.7546,8.7546,8.7546,8.7546,8.7546,8.7546,8.7546,8.7546,8.7546,8.7546,8.7546,8.7546,8.7546,8.7546,8.7546,8.7546,8.7546,8.7546,8.7546,8.7546,8.7546,8.7546,8.7546,8.7546,8.7546,8.7546,8.7546,8.7546,8.7546,8.7546,8.7546,8.7546,8.7546,8.7546,8.7546,8.7546,8.7546,8.7546,8.7546,8.7546,8.7546,8.7546,8.7546,8.7546,8.7546,8.7546,8.7546,8.7546,8.7546,8.7546,8.7546,8.7546,8.7546,8.7546,8.7546,8.7546,8.7546,8.7546,8.7546,8.7546,8.7546,8.7546,8.7546,8.7546,8.7546,8.7546,8.7546,8.7546,8.7546,8.7546,8.7546,8.7546,8.7546,8.7546,8.7546,8.7546,8.7546,8.7546,8.7546,8.7546,8.7546,8.7546,8.7546,8.7546,8.7546,8.7546,8.7546,8.7546,8.7546,8.7546,8.7546,8.7546,8.7546,8.7546,8.7546,8.7546,8.7546,8.7546,8.7546,8.7546,8.7546,8.7546,8.7546,8.7546,8.7546,8.7546,8.7546,8.7546,8.7546,8.7546,8.7546,8.7546,8.7546,8.7546,8.7546,8.7546,8.7546,8.7546,8.7546,8.7546,8.7546,8.7546,8.7546,8.7546,8.7546,8.7546,8.7546,8.7546,8.7546,8.7546,8.7546,8.7546,8.7546,8.7546,8.7546,8.7546,8.7546,8.7546,8.7546,8.7546,8.7546,8.7546,8.7546,8.7546,8.7546,8.7546,8.7546,8.7546,8.7546,8.7546,8.7546,8.7546,8.7546,8.7546,8.7546,8.7546,8.7546,8.7546,8.7546,8.7546,8.7546,8.7546,8.7546,8.7546,8.7546,8.7546,8.7546,8.7546,8.7546,8.7546,8.7546,8.7546,8.7546,8.7546,8.7546,8.7546,8.7546,8.7546,8.7546,8.7546,8.7546,8.7546,8.7546,8.7546,8.7546,8.7546,8.7546,8.7546,8.7546,8.7546,8.7546,8.7546,8.7546,8.7546,8.7546,8.7546,8.7546,8.7546,8.7546,8.7546,8.7546,8.7546,8.7546,8.7546,8.7546,8.7546,8.7546,8.7546,8.7546,8.7546,8.7546,8.7546,8.7546,8.7546,8.7546,8.7546,8.7546,8.7546,8.7546,8.7546,8.7546,8.7546,8.7546,8.7546,8.7546,8.7546,8.7546,8.7546,8.7546,8.7546,8.7546,8.7546,8.7546,8.7546,8.7546,8.7546,8.7546,8.7546,8.7546,8.7546,8.7546,8.7546,8.7546,8.7546,8.7546,8.7546,8.7546,8.7546,8.7546,8.7546,8.7546,8.7546,8.7546,8.7546,8.7546,8.7546,8.7546,8.7546,8.7546,8.7546,8.7546,8.7546,8.7546,8.7546,8.7546,8.7546,8.7546,8.7546,8.7546,8.7546,8.7546,8.7546,8.7546,8.7546,8.7546,8.7546,8.7546,8.7546,8.7546,8.7546,8.7546,8.7546,8.7546,8.7546,8.7546,8.7546,8.7546,8.7546,8.7546,8.7546,8.7546,8.7546,8.7546,8.7546,8.7546,8.7546,8.7546,8.7546,8.7546,8.7546,8.7546,8.7546,8.7546,8.7546,8.7546,8.7546,8.7546,8.7546,8.7546,8.7546,8.7546,8.7546,8.7546,8.7546,8.7546,8.7546,8.7546,8.7546,8.7546,8.7546,8.7546,8.7546,8.7546,8.7546,8.7546,8.7546,8.7546,8.7546,8.7546,8.7546,8.7546,8.7546,8.7546,8.7546,8.7546,8.7546,8.7546,8.7546,8.7546,8.7546,8.7546,8.7546,8.7546,8.7546,8.7546,8.7546,8.7546,8.7546,8.7546,8.7546,8.7546,8.7546,8.7546,8.7546,8.7546,8.7546,8.7546,8.7546,8.7546,8.7546,8.7546,8.7546,8.7546,8.7546,8.7546,8.7546,8.7546,8.7546,8.7546,8.7546,8.7546,8.7546,8.7546,8.7546,8.7546,8.7546,8.7546,8.7546,8.7546,8.7546,8.7546,8.7546,8.7546,8.7546,8.7546,8.7546,8.7546,8.7546,8.7546,8.7546,8.7546,8.7546,8.7546,8.7546,8.7546,8.7546,8.7546,8.7546,8.7546,8.7546,8.7546,8.7546,8.7546,8.7546,8.7546,8.7546,8.7546,8.7546,8.7546,8.7546,8.7546,8.7546,8.7546,8.7546,8.7546,8.7546,8.7546,8.7546,8.7546,8.7546,8.7546,8.7546,8.7546,8.7546,8.7546,8.7546,8.7546,8.7546,8.7546,8.7546,8.7546,8.7546,8.7546,8.7546,8.7546,8.7546,8.7546,8.7546,8.7546,8.7546,8.7546,8.7546,8.7546,8.7546,8.7546,8.7546,8.7546,8.7546,8.7546,8.7546,8.7546,8.7546,8.7546,8.7546,8.7546,8.7546,8.7546,8.7546,8.7546,8.7546,8.7546,8.7546,8.7546,8.7546,8.7546,8.7546,8.7546,8.7546,8.7546,8.7546,8.7546,8.7546,8.7546,8.7546,8.7546,8.7546,8.7546,8.7546,8.7546,8.7546,8.7546,8.7546,8.7546,8.7546,8.7546,8.7546,8.7546,8.7546,8.7546,8.7546,8.7546,8.7546,8.7546,8.7546,8.7546,8.7546,8.7546,8.7546,8.7546,8.7546,8.7546,8.7546,8.7546,8.7546,8.7546,8.7546,8.7546,8.7546,8.7546,8.7546,8.7546,8.7546,8.7546,8.7546,8.7546,8.7546,8.7546,8.7546,8.7546,8.7546,8.7546,8.7546,8.7546,8.7546,8.7546,8.7546,8.7546,8.7546,8.7546,8.7546,8.7546,8.7546,8.7546,8.7546,8.7546,8.7546,8.7546,8.7546,8.7546,8.7546,8.7546,8.7546,8.7546,8.7546,8.7546,8.7546,8.7546,8.7546,8.7546,8.7546,8.7546,8.7546,8.7546,8.7546,8.7546,8.7546,8.7546,8.7546,8.7546,8.7546,8.7546,8.7546,8.7546,8.7546,8.7546,8.7546,8.7546,8.7546,8.7546,8.7546,8.7546,8.7546,8.7546,8.7546,8.7546,8.7546,8.7546,8.7546,8.7546,8.7546,8.7546,8.7546,8.7546,8.7546,8.7546,8.7546,8.7546,8.7546,8.7546,8.7546,8.7546,8.7546,8.7546,8.7546,8.7546,8.7546,8.7546,8.7546,8.7546,8.7546,8.7546,8.7546,8.7546,8.7546,8.7546,8.7546,8.7546,8.7546,8.7546,8.7546,8.7546,8.7546,8.7546,8.7546,8.7546,8.7546,8.7546,8.7546,8.7546,8.7546,8.7546,8.7546,8.7546,8.7546,8.7546,8.7546,8.7546,8.7546,8.7546,8.7546,8.7546,8.7546,8.7546,8.7546,8.7546,8.7546,8.7546,8.7546,8.7546,8.7546,8.7546,8.7546,8.7546,8.7546,8.7546,8.7546,8.7546,8.7546,8.7546,8.7546,8.7546,8.7546,8.7546,8.7546,8.7546,8.7546,8.7546,8.7546,8.7546,8.7546,8.7546,8.7546,8.7546,8.7546,8.7546,8.7546,8.7546,8.7546,8.7546,8.7546,8.7546,8.7546,8.7546,8.7546,8.7546,8.7546,8.7546,8.7546,8.7546,8.7546,8.7546,8.7546,8.7546,8.7546,8.7546,8.7546,8.7546,8.7546,8.7546
8.7460,8.7460,8.7460,8.7460,8.7460,8.7460,8.7460,8.7460,8.7460,8.7460,8.7460,8.7460,8.7460,8.7460,8.7460,8.7460,8.7460,8.7460,8.7460,8.7460,8.7460,8.7460,8.7460,8.7460,8.7460,8.7460,8.7460,8.7460,8.7460,8.7460,8.7460,8.7460,8.7460,8.7460,8.7460,8.7460,8.7460,8.7460,8.7460,8.7460,8.7460,8.7460,8.7460,8.7460,8.7460,8.7460,8.7460,8.7460,8.7460,8.7460,8.7460,8.7460,8.7460,8.7460,8.7460,8.7460,8.7460,8.7460,8.7460,8.7460,8.7460,8.7460,8.7460,8.7460,8.7460,8.7460,8.7460,8.7460,8.7460,8.7460,8.7460,8.7460,8.7460,8.7460,8.7460,8.7460,8.7460,8.7460,8.7460,8.7460,8.7460,8.7460,8.7460,8.7460,8.7460,8.7460,8.7460,8.7460,8.7460,8.7460,8.7460,8.7460,8.7460,8.7460,8.7460,8.7460,8.7460,8.7460,8.7460,8.7460,8.7460,8.7460,8.7460,8.7460,8.7460,8.7460,8.7460,8.7460,8.7460,8.7460,8.7460,8.7460,8.7460,8.7460,8.7460,8.7460,8.7460,8.7460,8.7460,8.7460,8.7460,8.7460,8.7460,8.7460,8.7460,8.7460,8.7460,8.7460,8.7460,8.7460,8.7460,8.7460,8.7460,8.7460,8.7460,8.7460,8.7460,8.7460,8.7460,8.7460,8.7460,8.7460,8.7460,8.7460,8.7460,8.7460,8.7460,8.7460,8.7460,8.7460,8.7460,8.7460,8.7460,8.7460,8.7460,8.7460,8.7460,8.7460,8.7460,8.7460,8.7460,8.7460,8.7460,8.7460,8.7460,8.7460,8.7460,8.7460,8.7460,8.7460,8.7460,8.7460,8.7460,8.7460,8.7460,8.7460,8.7460,8.7460,8.7460,8.7460,8.7460,8.7460,8.7460,8.7460,8.7460,8.7460,8.7460,8.7460,8.7460,8.7460,8.7460,8.7460,8.7460,8.7460,8.7460,8.7460,8.7460,8.7460,8.7460,8.7460,8.7460,8.7460,8.7460,8.7460,8.7460,8.7460,8.7460,8.7460,8.7460,8.7460,8.7460,8.7460,8.7460,8.7460,8.7460,8.7460,8.7460,8.7460,8.7460,8.7460,8.7460,8.7460,8.7460,8.7460,8.7460,8.7460,8.7460,8.7460,8.7460,8.7460,8.7460,8.7460,8.7460,8.7460,8.7460,8.7460,8.7460,8.7460,8.7460,8.7460,8.7460,8.7460,8.7460,8.7460,8.7460,8.7460,8.7460,8.7460,8.7460,8.7460,8.7460,8.7460,8.7460,8.7460,8.7460,8.7460,8.7460,8.7460,8.7460,8.7460,8.7460,8.7460,8.7460,8.7460,8.7460,8.7460,8.7460,8.7460,8.7460,8.7460,8.7460,8.7460,8.7460,8.7460,8.7460,8.7460,8.7460,8.7460,8.7460,8.7460,8.7460,8.7460,8.7460,8.7460,8.7460,8.7460,8.7460,8.7460,8.7460,8.7460,8.7460,8.7460,8.7460,8.7460,8.7460,8.7460,8.7460,8.7460,8.7460,8.7460,8.7460,8.7460,8.7460,8.7460,8.7460,8.7460,8.7460,8.7460,8.7460,8.7460,8.7460,8.7460,8.7460,8.7460,8.7460,8.7460,8.7460,8.7460,8.7460,8.7460,8.7460,8.7460,8.7460,8.7460,8.7460,8.7460,8.7460,8.7460,8.7460,8.7460,8.7460,8.7460,8.7460,8.7460,8.7460,8.7460,8.7460,8.7460,8.7460,8.7460,8.7460,8.7460,8.7460,8.7460,8.7460,8.7460,8.7460,8.7460,8.7460,8.7460,8.7460,8.7460,8.7460,8.7460,8.7460,8.7460,8.7460,8.7460,8.7460,8.7460,8.7460,8.7460,8.7460,8.7460,8.7460,8.7460,8.7460,8.7460,8.7460,8.7460,8.7460,8.7460,8.7460,8.7460,8.7460,8.7460,8.7460,8.7460,8.7460,8.7460,8.7460,8.7460,8.7460,8.7460,8.7460,8.7460,8.7460,8.7460,8.7460,8.7460,8.7460,8.7460,8.7460,8.7460,8.7460,8.7460,8.7460,8.7460,8.7460,8.7460,8.7460,8.7460,8.7460,8.7460,8.7460,8.7460,8.7460,8.7460,8.7460,8.7460,8.7460,8.7460,8.7460,8.7460,8.7460,8.7460,8.7460,8.7460,8.7460,8.7460,8.7460,8.7460,8.7460,8.7460,8.7460,8.7460,8.7460,8.7460,8.7460,8.7460,8.7460,8.7460,8.7460,8.7460,8.7460,8.7460,8.7460,8.7460,8.7460,8.7460,8.7460,8.7460,8.7460,8.7460,8.7460,8.7460,8.7460,8.7460,8.7460,8.7460,8.7460,8.7460,8.7460,8.7460,8.7460,8.7460,8.7460,8.7460,8.7460,8.7460,8.7460,8.7460,8.7460,8.7460,8.7460,8.7460,8.7460,8.7460,8.7460,8.7460,8.7460,8.7460,8.7460,8.7460,8.7460,8.7460,8.7460,8.7460,8.7460,8.7460,8.7460,8.7460,8.7460,8.7460,8.7460,8.7460,8.7460,8.7460,8.7460,8.7460,8.7460,8.7460,8.7460,8.7460,8.7460,8.7460,8.7460,8.7460,8.7460,8.7460,8.7460,8.7460,8.7460,8.7460,8.7460,8.7460,8.7460,8.7460,8.7460,8.7460,8.7460,8.7460,8.7460,8.7460,8.7460,8.7460,8.7460,8.7460,8.7460,8.7460,8.7460,8.7460,8.7460,8.7460,8.7460,8.7460,8.7460,8.7460,8.7460,8.7460,8.7460,8.7460,8.7460,8.7460,8.7460,8.7460,8.7460,8.7460,8.7460,8.7460,8.7460,8.7460,8.7460,8.7460,8.7460,8.7460,8.7460,8.7460,8.7460,8.7460,8.7460,8.7460,8.7460,8.7460,8.7460,8.7460,8.7460,8.7460,8.7460,8.7460,8.7460,8.7460,8.7460,8.7460,8.7460,8.7460,8.7460,8.7460,8.7460,8.7460,8.7460,8.7460,8.7460,8.7460,8.7460,8.7460,8.7460,8.7460,8.7460,8.7460,8.7460,8.7460,8.7460,8.7460,8.7460,8.7460,8.7460,8.7460,8.7460,8.7460,8.7460,8.7460,8.7460,8.7460,8.7460,8.7460,8.7460,8.7460,8.7460,8.7460,8.7460,8.7460,8.7460,8.7460,8.7460,8.7460,8.7460,8.7460,8.7460,8.7460,8.7460,8.7460,8.7460,8.7460,8.7460,8.7460,8.7460,8.7460,8.7460,8.7460,8.7460,8.7460,8.7460,8.7460,8.7460,8.7460,8.7460,8.7460,8.7460,8.7460,8.7460,8.7460,8.7460,8.7460,8.7460,8.7460,8.7460,8.7460,8.7460,8.7460,8.7460,8.7460,8.7460,8.7460,8.7460,8.7460,8.7460,8.7460,8.7460,8.7460,8.7460,8.7460,8.7460,8.7460,8.7460,8.7460,8.7460,8.7460,8.7460,8.7460,8.7460,8.7460,8.7460,8.7460,8.7460,8.7460,8.7460,8.7460,8.7460,8.7460,8.7460,8.7460,8.7460,8.7460,8.7460,8.7460,8.7460,8.7460,8.7460,8.7460,8.7460,8.7460,8.7460,8.7460,8.7460,8.7460,8.7460,8.7460,8.7460,8.7460,8.7460,8.7460,8.7460,8.7460,8.7460,8.7460,8.7460,8.7460,8.7460,8.7460,8.7460,8.7460,8.7460,8.7460,8.7460,8.7460,8.7460,8.7460,8.7460,8.7460,8.7460,8.7460,8.7460,8.7460,8.7460,8.7460,8.7460,8.7460,8.7460,8.7460,8.7460,8.7460,8.7460,8.7460,8.7460,8.7460,8.7460,8.7460,8.7460,8.7460,8.7460,8.7460,8.7460,8.7460,8.7460,8.7460,8.7460,8.7460,8.7460,8.7460,8.7460,8.7460,8.7460,8.7460,8.7460,8.7460,8.7460,8.7460,8.7460,8.7460,8.7460,8.7460,8.7460,8.7460,8.7460,8.7460,8.7460,8.7460,8.7460,8.7460,8.7460,8.7460,8.7460,8.7460,8.7460,8.7460,8.7460,8.7460,8.7460,8.7460,8.7460,8.7460,8.7460,8.7460,8.7460,8.7460,8.7460,8.7460,8.7460,8.7460,8.7460,8.7460,8.7460,8.7460,8.7460,8.7460,8.7460,8.7460,8.7460,8.7460,8.7460,8.7460,8.7460,8.7460,8.7460,8.7460,8.7460,8.7460,8.7460,8.7460,8.7460,8.7460,8.7460,8.7460,8.7460,8.7460,8.7460,8.7460,8.7460,8.7460,8.7460,8.7460,8.7460,8.7460,8.7460,8.7460,8.7460,8.7460,8.7460,8.7460,8.7460,8.7460,8.7460,8.7460,8.7460,8.7460,8.7460,8.7460,8.7460,8.7460,8.7460,8.7460,8.7460,8.7460,8.7460,8.7460,8.7460,8.7460,8.7460,8.7460,8.7460,8.7460,8.7460,8.7460,8.7460,8.7460,8.7460,8.7460,8.7460,8.7460,8.7460,8.7460,8.7460,8.7460,8.7460,8.7460,8.7460,8.7460,8.7460,8.7460,8.7460,8.7460,8.7460,8.7460,8.7460,8.7460,8.7460,8.7460,8.7460,8.7460,8.7460,8.7460,8.7460,8.7460,8.7460,8.7460,8.7460,8.7460,8.7460,8.7460,8.7460,8.7460,8.7460,8.7460,8.7460,8.7460,8.7460,8.7460,8.7460,8.7460,8.7460,8.7460,8.7460,8.7460,8.7460,8.7460,8.7460,8.7460,8.7460,8.7460,8.7460,8.7460,8.7460,8.7460,8.7460,8.7460,8.7460,8.7460,8.7460,8.7460,8.7460,8.7460,8.7460,8.7460,8.7460,8.7460,8.7460,8.7460,8.7460,8.7460,8.7460,8.7460,8.7460,8.7460,8.7460,8.7460,8.7460,8.7460,8.7460,8.7460,8.7460,8.7460,8.7460,8.7460,8.7460,8.7460,8.7460,8.7460,8.7460,8.7460,8.7460,8.7460,8.7460,8.7460,8.7460,8.7460,8.7460,8.7460,8.7460,8.7460,8.7460,8.7460,8.7460,8.7460,8.7460,8.7460,8.7460,8.7460,8.7460,8.7460
8.7378,8.7378,8.7378,8.7378,8.7378,8.7378,8.7378,8.7378,8.7378,8.7378,8.7378,8.7378,8.7378,8.7378,8.7378,8.7378,8.7378,8.7378,8.7378,8.7378,8.7378,8.7378,8.7378,8.7378,8.7378,8.7378,8.7378,8.7378,8.7378,8.7378,8.7378,8.7378,8.7378,8.7378,8.7378,8.7378,8.7378,8.7378,8.7378,8.7378,8.7378,8.7378,8.7378,8.7378,8.7378,8.7378,8.7378,8.7378,8.7378,8.7378,8.7378,8.7378,8.7378,8.7378,8.7378,8.7378,8.7378,8.7378,8.7378,8.7378,8.7378,8.7378,8.7378,8.7378,8.7378,8.7378,8.7378,8.7378,8.7378,8.7378,8.7378,8.7378,8.7378,8.7378,8.7378,8.7378,8.7378,8.7378,8.7378,8.7378,8.7378,8.7378,8.7378,8.7378,8.7378,8.7378,8.7378,8.7378,8.7378,8.7378,8.7378,8.7378,8.7378,8.7378,8.7378,8.7378,8.7378,8.7378,8.7378,8.7378,8.7378,8.7378,8.7378,8.7378,8.7378,8.7378,8.7378,8.7378,8.7378,8.7378,8.7378,8.7378,8.7378,8.7378,8.7378,8.7378,8.7378,8.7378,8.7378,8.7378,8.7378,8.7378,8.7378,8.7378,8.7378,8.7378,8.7378,8.7378,8.7378,8.7378,8.7378,8.7378,8.7378,8.7378,8.7378,8.7378,8.7378,8.7378,8.7378,8.7378,8.7378,8.7378,8.7378,8.7378,8.7378,8.7378,8.7378,8.7378,8.7378,8.7378,8.7378,8.7378,8.7378,8.7378,8.7378,8.7378,8.7378,8.7378,8.7378,8.7378,8.7378,8.7378,8.7378,8.7378,8.7378,8.7378,8.7378,8.7378,8.7378,8.7378,8.7378,8.7378,8.7378,8.7378,8.7378,8.7378,8.7378,8.7378,8.7378,8.7378,8.7378,8.7378,8.7378,8.7378,8.7378,8.7378,8.7378,8.7378,8.7378,8.7378,8.7378,8.7378,8.7378,8.7378,8.7378,8.7378,8.7378,8.7378,8.7378,8.7378,8.7378,8.7378,8.7378,8.7378,8.7378,8.7378,8.7378,8.7378,8.7378,8.7378,8.7378,8.7378,8.7378,8.7378,8.7378,8.7378,8.7378,8.7378,8.7378,8.7378,8.7378,8.7378,8.7378,8.7378,8.7378,8.7378,8.7378,8.7378,8.7378,8.7378,8.7378,8.7378,8.7378,8.7378,8.7378,8.7378,8.7378,8.7378,8.7378,8.7378,8.7378,8.7378,8.7378,8.7378,8.7378,8.7378,8.7378,8.7378,8.7378,8.7378,8.7378,8.7378,8.7378,8.7378,8.7378,8.7378,8.7378,8.7378,8.7378,8.7378,8.7378,8.7378,8.7378,8.7378,8.7378,8.7378,8.7378,8.7378,8.7378,8.7378,8.7378,8.7378,8.7378,8.7378,8.7378,8.7378,8.7378,8.7378,8.7378,8.7378,8.7378,8.7378,8.7378,8.7378,8.7378,8.7378,8.7378,8.7378,8.7378,8.7378,8.7378,8.7378,8.7378,8.7378,8.7378,8.7378,8.7378,8.7378,8.7378,8.7378,8.7378,8.7378,8.7378,8.7378,8.7378,8.7378,8.7378,8.7378,8.7378,8.7378,8.7378,8.7378,8.7378,8.7378,8.7378,8.7378,8.7378,8.7378,8.7378,8.7378,8.7378,8.7378,8.7378,8.7378,8.7378,8.7378,8.7378,8.7378,8.7378,8.7378,8.7378,8.7378,8.7378,8.7378,8.7378,8.7378,8.7378,8.7378,8.7378,8.7378,8.7378,8.7378,8.7378,8.7378,8.7378,8.7378,8.7378,8.7378,8.7378,8.7378,8.7378,8.7378,8.7378,8.7378,8.7378,8.7378,8.7378,8.7378,8.7378,8.7378,8.7378,8.7378,8.7378,8.7378,8.7378,8.7378,8.7378,8.7378,8.7378,8.7378,8.7378,8.7378,8.7378,8.7378,8.7378,8.7378,8.7378,8.7378,8.7378,8.7378,8.7378,8.7378,8.7378,8.7378,8.7378,8.7378,8.7378,8.7378,8.7378,8.7378,8.7378,8.7378,8.7378,8.7378,8.7378,8.7378,8.7378,8.7378,8.7378,8.7378,8.7378,8.7378,8.7378,8.7378,8.7378,8.7378,8.7378,8.7378,8.7378,8.7378,8.7378,8.7378,8.7378,8.7378,8.7378,8.7378,8.7378,8.7378,8.7378,8.7378,8.7378,8.7378,8.7378,8.7378,8.7378,8.7378,8.7378,8.7378,8.7378,8.7378,8.7378,8.7378,8.7378,8.7378,8.7378,8.7378,8.7378,8.7378,8.7378,8.7378,8.7378,8.7378,8.7378,8.7378,8.7378,8.7378,8.7378,8.7378,8.7378,8.7378,8.7378,8.7378,8.7378,8.7378,8.7378,8.7378,8.7378,8.7378,8.7378,8.7378,8.7378,8.7378,8.7378,8.7378,8.7378,8.7378,8.7378,8.7378,8.7378,8.7378,8.7378,8.7378,8.7378,8.7378,8.7378,8.7378,8.7378,8.7378,8.7378,8.7378,8.7378,8.7378,8.7378,8.7378,8.7378,8.7378,8.7378,8.7378,8.7378,8.7378,8.7378,8.7378,8.7378,8.7378,8.7378,8.7378,8.7378,8.7378,8.7378,8.7378,8.7378,8.7378,8.7378,8.7378,8.7378,8.7378,8.7378,8.7378,8.7378,8.7378,8.7378,8.7378,8.7378,8.7378,8.7378,8.7378,8.7378,8.7378,8.7378,8.7378,8.7378,8.7378,8.7378,8.7378,8.7378,8.7378,8.7378,8.7378,8.7378,8.7378,8.7378,8.7378,8.7378,8.7378,8.7378,8.7378,8.7378,8.7378,8.7378,8.7378,8.7378,8.7378,8.7378,8.7378,8.7378,8.7378,8.7378,8.7378,8.7378,8.7378,8.7378,8.7378,8.7378,8.7378,8.7378,8.7378,8.7378,8.7378,8.7378,8.7378,8.7378,8.7378,8.7378,8.7378,8.7378,8.7378,8.7378,8.7378,8.7378,8.7378,8.7378,8.7378,8.7378,8.7378,8.7378,8.7378,8.7378,8.7378,8.7378,8.7378,8.7378,8.7378,8.7378,8.7378,8.7378,8.7378,8.7378,8.7378,8.7378,8.7378,8.7378,8.7378,8.7378,8.7378,8.7378,8.7378,8.7378,8.7378,8.7378,8.7378,8.7378,8.7378,8.7378,8.7378,8.7378,8.7378,8.7378,8.7378,8.7378,8.7378,8.7378,8.7378,8.7378,8.7378,8.7378,8.7378,8.7378,8.7378,8.7378,8.7378,8.7378,8.7378,8.7378,8.7378,8.7378,8.7378,8.7378,8.7378,8.7378,8.7378,8.7378,8.7378,8.7378,8.7378,8.7378,8.7378,8.7378,8.7378,8.7378,8.7378,8.7378,8.7378,8.7378,8.7378,8.7378,8.7378,8.7378,8.7378,8.7378,8.7378,8.7378,8.7378,8.7378,8.7378,8.7378,8.7378,8.7378,8.7378,8.7378,8.7378,8.7378,8.7378,8.7378,8.7378,8.7378,8.7378,8.7378,8.7378,8.7378,8.7378,8.7378,8.7378,8.7378,8.7378,8.7378,8.7378,8.7378,8.7378,8.7378,8.7378,8.7378,8.7378,8.7378,8.7378,8.7378,8.7378,8.7378,8.7378,8.7378,8.7378,8.7378,8.7378,8.7378,8.7378,8.7378,8.7378,8.7378,8.7378,8.7378,8.7378,8.7378,8.7378,8.7378,8.7378,8.7378,8.7378,8.7378,8.7378,8.7378,8.7378,8.7378,8.7378,8.7378,8.7378,8.7378,8.7378,8.7378,8.7378,8.7378,8.7378,8.7378,8.7378,8.7378,8.7378,8.7378,8.7378,8.7378,8.7378,8.7378,8.7378,8.7378,8.7378,8.7378,8.7378,8.7378,8.7378,8.7378,8.7378,8.7378,8.7378,8.7378,8.7378,8.7378,8.7378,8.7378,8.7378,8.7378,8.7378,8.7378,8.7378,8.7378,8.7378,8.7378,8.7378,8.7378,8.7378,8.7378,8.7378,8.7378,8.7378,8.7378,8.7378,8.7378,8.7378,8.7378,8.7378,8.7378,8.7378,8.7378,8.7378,8.7378,8.7378,8.7378,8.7378,8.7378,8.7378,8.7378,8.7378,8.7378,8.7378,8.7378,8.7378,8.7378,8.7378,8.7378,8.7378,8.7378,8.7378,8.7378,8.7378,8.7378,8.7378,8.7378,8.7378,8.7378,8.7378,8.7378,8.7378,8.7378,8.7378,8.7378,8.7378,8.7378,8.7378,8.7378,8.7378,8.7378,8.7378,8.7378,8.7378,8.7378,8.7378,8.7378,8.7378,8.7378,8.7378,8.7378,8.7378,8.7378,8.7378,8.7378,8.7378,8.7378,8.7378,8.7378,8.7378,8.7378,8.7378,8.7378,8.7378,8.7378,8.7378,8.7378,8.7378,8.7378,8.7378,8.7378,8.7378,8.7378,8.7378,8.7378,8.7378,8.7378,8.7378,8.7378,8.7378,8.7378,8.7378,8.7378,8.7378,8.7378,8.7378,8.7378,8.7378,8.7378,8.7378,8.7378,8.7378,8.7378,8.7378,8.7378,8.7378,8.7378,8.7378,8.7378,8.7378,8.7378,8.7378,8.7378,8.7378,8.7378,8.7378,8.7378,8.7378,8.7378,8.7378,8.7378,8.7378,8.7378,8.7378,8.7378,8.7378,8.7378,8.7378,8.7378,8.7378,8.7378,8.7378,8.7378,8.7378,8.7378,8.7378,8.7378,8.7378,8.7378,8.7378,8.7378,8.7378,8.7378,8.7378,8.7378,8.7378,8.7378,8.7378,8.7378,8.7378,8.7378,8.7378,8.7378,8.7378,8.7378,8.7378,8.7378,8.7378,8.7378,8.7378,8.7378,8.7378,8.7378,8.7378,8.7378,8.7378,8.7378,8.7378,8.7378,8.7378,8.7378,8.7378,8.7378,8.7378,8.7378,8.7378,8.7378,8.7378,8.7378,8.7378,8.7378,8.7378,8.7378,8.7378,8.7378,8.7378,8.7378,8.7378,8.7378,8.7378,8.7378,8.7378,8.7378,8.7378,8.7378,8.7378,8.7378,8.7378,8.7378,8.7378,8.7378,8.7378,8.7378,8.7378
8.7291,8.7291,8.7291,8.7291,8.7291,8.7291,8.7291,8.7291,8.7291,8.7291,8.7291,8.7291,8.7291,8.7291,8.7291,8.7291,8.7291,8.7291,8.7291,8.7291,8.7291,8.7291,8.7291,8.7291,8.7291,8.7291,8.7291,8.7291,8.7291,8.7291,8.7291,8.7291,8.7291,8.7291,8.7291,8.7291,8.7291,8.7291,8.7291,8.7291,8.7291,8.7291,8.7291,8.7291,8.7291,8.7291,8.7291,8.7291,8.7291,8.7291,8.7291,8.7291,8.7291,8.7291,8.7291,8.7291,8.7291,8.7291,8.7291,8.7291,8.7291,8.7291,8.7291,8.7291,8.7291,8.7291,8.7291,8.7291,8.7291,8.7291,8.7291,8.7291,8.7291,8.7291,8.7291,8.7291,8.7291,8.7291,8.7291,8.7291,8.7291,8.7291,8.7291,8.7291,8.7291,8.7291,8.7291,8.7291,8.7291,8.7291,8.7291,8.7296,8.7296,8.7296,8.7296,8.7296,8.7296,8.7296,8.7296,8.7296,8.7296,8.7296,8.7296,8.7296,8.7296,8.7296,8.7296,8.7296,8.7296,8.7296,8.7296,8.7296,8.7296,8.7296,8.7296,8.7296,8.7296,8.7296,8.7296,8.7296,8.7296,8.7296,8.7296,8.7296,8.7296,8.7296,8.7296,8.7296,8.7296,8.7296,8.7296,8.7296,8.7296,8.7296,8.7296,8.7296,8.7296,8.7296,8.7296,8.7296,8.7296,8.7296,8.7296,8.7296,8.7296,8.7296,8.7296,8.7296,8.7296,8.7296,8.7296,8.7296,8.7296,8.7296,8.7296,8.7296,8.7296,8.7296,8.7296,8.7296,8.7296,8.7296,8.7296,8.7296,8.7296,8.7296,8.7296,8.7296,8.7296,8.7296,8.7296,8.7296,8.7296,8.7296,8.7296,8.7296,8.7296,8.7296,8.7296,8.7296,8.7296,8.7296,8.7296,8.7296,8.7296,8.7296,8.7296,8.7296,8.7296,8.7296,8.7296,8.7296,8.7296,8.7296,8.7296,8.7296,8.7296,8.7296,8.7296,8.7296,8.7296,8.7296,8.7296,8.7296,8.7296,8.7296,8.7296,8.7296,8.7296,8.7296,8.7296,8.7296,8.7296,8.7296,8.7296,8.7296,8.7296,8.7296,8.7296,8.7296,8.7296,8.7296,8.7296,8.7296,8.7296,8.7296,8.7296,8.7296,8.7296,8.7296,8.7296,8.7296,8.7296,8.7296,8.7296,8.7296,8.7296,8.7296,8.7296,8.7296,8.7296,8.7296,8.7296,8.7296,8.7296,8.7296,8.7296,8.7296,8.7296,8.7296,8.7296,8.7296,8.7296,8.7296,8.7296,8.7296,8.7296,8.7296,8.7296,8.7296,8.7296,8.7296,8.7296,8.7296,8.7296,8.7296,8.7296,8.7296,8.7296,8.7296,8.7296,8.7296,8.7296,8.7296,8.7296,8.7296,8.7296,8.7296,8.7296,8.7296,8.7296,8.7296,8.7296,8.7296,8.7296,8.7296,8.7296,8.7296,8.7296,8.7296,8.7296,8.7296,8.7296,8.7296,8.7296,8.7296,8.7296,8.7296,8.7296,8.7296,8.7296,8.7296,8.7296,8.7296,8.7296,8.7296,8.7296,8.7296,8.7296,8.7296,8.7296,8.7296,8.7296,8.7296,8.7296,8.7296,8.7296,8.7296,8.7296,8.7296,8.7296,8.7296,8.7296,8.7296,8.7296,8.7296,8.7296,8.7296,8.7296,8.7296,8.7296,8.7296,8.7296,8.7296,8.7296,8.7296,8.7296,8.7296,8.7296,8.7296,8.7296,8.7296,8.7296,8.7296,8.7296,8.7296,8.7296,8.7296,8.7296,8.7296,8.7296,8.7296,8.7296,8.7296,8.7296,8.7296,8.7296,8.7296,8.7296,8.7296,8.7296,8.7296,8.7296,8.7296,8.7296,8.7296,8.7296,8.7296,8.7296,8.7296,8.7296,8.7296,8.7296,8.7296,8.7296,8.7296,8.7296,8.7296,8.7296,8.7296,8.7296,8.7296,8.7296,8.7296,8.7296,8.7296,8.7296,8.7296,8.7296,8.7296,8.7296,8.7296,8.7296,8.7296,8.7296,8.7296,8.7296,8.7296,8.7296,8.7296,8.7296,8.7296,8.7296,8.7296,8.7296,8.7296,8.7296,8.7296,8.7296,8.7296,8.7296,8.7296,8.7296,8.7296,8.7296,8.7296,8.7296,8.7296,8.7296,8.7296,8.7296,8.7296,8.7296,8.7296,8.7296,8.7296,8.7296,8.7296,8.7296,8.7296,8.7296,8.7296,8.7296,8.7296,8.7296,8.7296,8.7296,8.7296,8.7296,8.7296,8.7296,8.7296,8.7296,8.7296,8.7296,8.7296,8.7296,8.7296,8.7296,8.7296,8.7296,8.7296,8.7296,8.7296,8.7296,8.7296,8.7296,8.7296,8.7296,8.7296,8.7296,8.7296,8.7296,8.7296,8.7296,8.7296,8.7296,8.7296,8.7296,8.7296,8.7296,8.7296,8.7296,8.7296,8.7296,8.7296,8.7296,8.7296,8.7296,8.7296,8.7296,8.7296,8.7296,8.7296,8.7296,8.7296,8.7296,8.7296,8.7296,8.7296,8.7296,8.7296,8.7296,8.7296,8.7296,8.7296,8.7296,8.7296,8.7296,8.7296,8.7296,8.7296,8.7296,8.7296,8.7296,8.7296,8.7296,8.7296,8.7296,8.7296,8.7296,8.7296,8.7296,8.7296,8.7296,8.7296,8.7296,8.7296,8.7296,8.7296,8.7296,8.7296,8.7296,8.7296,8.7296,8.7296,8.7296,8.7296,8.7296,8.7296,8.7296,8.7296,8.7296,8.7296,8.7296,8.7296,8.7296,8.7296,8.7296,8.7296,8.7296,8.7296,8.7296,8.7296,8.7296,8.7296,8.7296,8.7296,8.7296,8.7296,8.7296,8.7296,8.7296,8.7296,8.7296,8.7296,8.7296,8.7296,8.7296,8.7296,8.7296,8.7296,8.7296,8.7296,8.7296,8.7296,8.7296,8.7296,8.7296,8.7296,8.7296,8.7296,8.7296,8.7296,8.7296,8.7296,8.7296,8.7296,8.7296,8.7296,8.7296,8.7296,8.7296,8.7296,8.7296,8.7296,8.7296,8.7296,8.7296,8.7296,8.7296,8.7296,8.7296,8.7296,8.7296,8.7296,8.7296,8.7296,8.7296,8.7296,8.7296,8.7296,8.7296,8.7296,8.7296,8.7296,8.7296,8.7296,8.7296,8.7296,8.7296,8.7296,8.7296,8.7296,8.7296,8.7296,8.7296,8.7296,8.7296,8.7296,8.7296,8.7296,8.7296,8.7296,8.7296,8.7296,8.7296,8.7296,8.7296,8.7296,8.7296,8.7296,8.7296,8.7296,8.7296,8.7296,8.7296,8.7296,8.7296,8.7296,8.7296,8.7296,8.7296,8.7296,8.7296,8.7296,8.7296,8.7296,8.7296,8.7296,8.7296,8.7296,8.7296,8.7296,8.7296,8.7296,8.7296,8.7296,8.7296,8.7296,8.7296,8.7296,8.7296,8.7296,8.7296,8.7296,8.7296,8.7296,8.7296,8.7296,8.7296,8.7296,8.7296,8.7296,8.7296,8.7296,8.7296,8.7296,8.7296,8.7296,8.7296,8.7296,8.7296,8.7296,8.7296,8.7296,8.7296,8.7296,8.7296,8.7296,8.7296,8.7296,8.7296,8.7296,8.7296,8.7296,8.7296,8.7296,8.7296,8.7296,8.7296,8.7296,8.7296,8.7296,8.7296,8.7296,8.7296,8.7296,8.7296,8.7296,8.7296,8.7296,8.7296,8.7296,8.7296,8.7296,8.7296,8.7296,8.7296,8.7296,8.7296,8.7296,8.7296,8.7296,8.7296,8.7296,8.7296,8.7296,8.7296,8.7296,8.7296,8.7296,8.7296,8.7296,8.7296,8.7296,8.7296,8.7296,8.7296,8.7296,8.7296,8.7296,8.7296,8.7296,8.7296,8.7296,8.7296,8.7296,8.7296,8.7296,8.7296,8.7296,8.7296,8.7296,8.7296,8.7296,8.7296,8.7296,8.7296,8.7296,8.7296,8.7296,8.7296,8.7296,8.7296,8.7296,8.7296,8.7296,8.7296,8.7296,8.7296,8.7296,8.7296,8.7296,8.7296,8.7296,8.7296,8.7296,8.7296,8.7296,8.7296,8.7296,8.7296,8.7296,8.7296,8.7296,8.7296,8.7296,8.7296,8.7296,8.7296,8.7296,8.7296,8.7296,8.7296,8.7296,8.7296,8.7296,8.7296,8.7296,8.7296,8.7296,8.7296,8.7296,8.7296,8.7296,8.7296,8.7296,8.7296,8.7296,8.7296,8.7296,8.7296,8.7296,8.7296,8.7296,8.7296,8.7296,8.7296,8.7296,8.7296,8.7296,8.7296,8.7296,8.7296,8.7296,8.7296,8.7296,8.7296,8.7296,8.7296,8.7296,8.7296,8.7296,8.7296,8.7296,8.7296,8.7296,8.7296,8.7296,8.7296,8.7296,8.7296,8.7296,8.7296,8.7296,8.7296,8.7296,8.7296,8.7296,8.7296,8.7296,8.7296,8.7296,8.7296,8.7296,8.7296,8.7296,8.7296,8.7296,8.7296,8.7296,8.7296,8.7296,8.7296,8.7296,8.7296,8.7296,8.7296,8.7296,8.7296,8.7296,8.7296,8.7296,8.7296,8.7296,8.7296,8.7296,8.7296,8.7296,8.7296,8.7296,8.7296,8.7296,8.7296,8.7296,8.7296,8.7296,8.7296,8.7296,8.7296,8.7296,8.7296,8.7296,8.7296,8.7296,8.7296,8.7296,8.7296,8.7296,8.7296,8.7296,8.7296,8.7296,8.7296,8.7296,8.7296,8.7296,8.7296,8.7296,8.7296,8.7296,8.7296,8.7296,8.7296,8.7296,8.7296,8.7296,8.7296,8.7296,8.7296,8.7296,8.7296,8.7296,8.7296,8.7296,8.7296,8.7296,8.7296,8.7296,8.7296,8.7296,8.7296,8.7296,8.7296,8.7296,8.7296,8.7296,8.7296,8.7296,8.7296,8.7296,8.7296,8.7296,8.7296,8.7296,8.7296,8.7296,8.7296,8.7296,8.7296,8.7296,8.7296,8.7296,8.7296,8.7296,8.7296,8.7296,8.7296,8.7296
8.7214,8.7214,8.7214,8.7214,8.7214,8.7214,8.7214,8.7214,8.7214,8.7214,8.7214,8.7214,8.7214,8.7214,8.7214,8.7214,8.7214,8.7214,8.7214,8.7214,8.7214,8.7214,8.7214,8.7214,8.7214,8.7214,8.7214,8.7214,8.7214,8.7214,8.7214,8.7214,8.7214,8.7214,8.7214,8.7214,8.7214,8.7214,8.7214,8.7214,8.7214,8.7214,8.7214,8.7214,8.7214,8.7214,8.7214,8.7214,8.7214,8.7214,8.7214,8.7214,8.7214,8.7214,8.7214,8.7214,8.7214,8.7214,8.7214,8.7214,8.7214,8.7214,8.7214,8.7214,8.7214,8.7214,8.7214,8.7214,8.7214,8.7214,8.7214,8.7214,8.7214,8.7214,8.7214,8.7214,8.7214,8.7214,8.7214,8.7214,8.7214,8.7214,8.7214,8.7214,8.7214,8.7214,8.7214,8.7214,8.7214,8.7214,8.7214,8.7214,8.7214,8.7214,8.7214,8.7214,8.7214,8.7214,8.7214,8.7214,8.7214,8.7214,8.7214,8.7214,8.7214,8.7214,8.7214,8.7214,8.7214,8.7214,8.7214,8.7214,8.7214,8.7214,8.7214,8.7214,8.7214,8.7214,8.7214,8.7214,8.7214,8.7214,8.7214,8.7214,8.7214,8.7214,8.7214,8.7214,8.7214,8.7214,8.7214,8.7214,8.7214,8.7214,8.7214,8.7214,8.7214,8.7214,8.7214,8.7214,8.7214,8.7214,8.7214,8.7214,8.7214,8.7214,8.7214,8.7214,8.7214,8.7214,8.7214,8.7214,8.7214,8.7214,8.7214,8.7214,8.7214,8.7214,8.7214,8.7214,8.7214,8.7214,8.7214,8.7214,8.7214,8.7214,8.7214,8.7214,8.7214,8.7214,8.7214,8.7214,8.7214,8.7214,8.7214,8.7214,8.7214,8.7214,8.7214,8.7214,8.7214,8.7214,8.7214,8.7214,8.7214,8.7214,8.7214,8.7214,8.7214,8.7214,8.7214,8.7214,8.7214,8.7214,8.7214,8.7214,8.7214,8.7214,8.7214,8.7214,8.7214,8.7214,8.7214,8.7214,8.7214,8.7214,8.7214,8.7214,8.7214,8.7214,8.7214,8.7214,8.7214,8.7214,8.7214,8.7214,8.7214,8.7214,8.7214,8.7214,8.7214,8.7214,8.7214,8.7214,8.7214,8.7214,8.7214,8.7214,8.7214,8.7214,8.7214,8.7214,8.7214,8.7214,8.7214,8.7214,8.7214,8.7214,8.7214,8.7214,8.7214,8.7214,8.7214,8.7214,8.7214,8.7214,8.7214,8.7214,8.7214,8.7214,8.7214,8.7214,8.7214,8.7214,8.7214,8.7214,8.7214,8.7214,8.7214,8.7214,8.7214,8.7214,8.7214,8.7214,8.7214,8.7214,8.7214,8.7214,8.7214,8.7214,8.7214,8.7214,8.7214,8.7214,8.7214,8.7214,8.7214,8.7214,8.7214,8.7214,8.7214,8.7214,8.7214,8.7214,8.7214,8.7214,8.7214,8.7214,8.7214,8.7214,8.7214,8.7214,8.7214,8.7214,8.7214,8.7214,8.7214,8.7214,8.7214,8.7214,8.7214,8.7214,8.7214,8.7214,8.7214,8.7214,8.7214,8.7214,8.7214,8.7214,8.7214,8.7214,8.7214,8.7214,8.7214,8.7214,8.7214,8.7214,8.7214,8.7214,8.7214,8.7214,8.7214,8.7214,8.7214,8.7214,8.7214,8.7214,8.7214,8.7214,8.7214,8.7214,8.7214,8.7214,8.7214,8.7214,8.7214,8.7214,8.7214,8.7214,8.7214,8.7214,8.7214,8.7214,8.7214,8.7214,8.7214,8.7214,8.7214,8.7214,8.7214,8.7214,8.7214,8.7214,8.7214,8.7214,8.7214,8.7214,8.7214,8.7214,8.7214,8.7214,8.7214,8.7214,8.7214,8.7214,8.7214,8.7214,8.7214,8.7214,8.7214,8.7214,8.7214,8.7214,8.7214,8.7214,8.7214,8.7214,8.7214,8.7214,8.7214,8.7214,8.7214,8.7214,8.7214,8.7214,8.7214,8.7214,8.7214,8.7214,8.7214,8.7214,8.7214,8.7214,8.7214,8.7214,8.7214,8.7214,8.7214,8.7214,8.7214,8.7214,8.7214,8.7214,8.7214,8.7214,8.7214,8.7214,8.7214,8.7214,8.7214,8.7214,8.7214,8.7214,8.7214,8.7214,8.7214,8.7214,8.7214,8.7214,8.7214,8.7214,8.7214,8.7214,8.7214,8.7214,8.7214,8.7214,8.7214,8.7214,8.7214,8.7214,8.7214,8.7214,8.7214,8.7214,8.7214,8.7214,8.7214,8.7214,8.7214,8.7214,8.7214,8.7214,8.7214,8.7214,8.7214,8.7214,8.7214,8.7214,8.7214,8.7214,8.7214,8.7214,8.7214,8.7214,8.7214,8.7214,8.7214,8.7214,8.7214,8.7214,8.7214,8.7214,8.7214,8.7214,8.7214,8.7214,8.7214,8.7214,8.7214,8.7214,8.7214,8.7214,8.7214,8.7214,8.7214,8.7214,8.7214,8.7214,8.7214,8.7214,8.7214,8.7214,8.7214,8.7214,8.7214,8.7214,8.7214,8.7214,8.7214,8.7214,8.7214,8.7214,8.7214,8.7214,8.7214,8.7214,8.7214,8.7214,8.7214,8.7214,8.7214,8.7214,8.7214,8.7214,8.7214,8.7214,8.7214,8.7214,8.7214,8.7214,8.7214,8.7214,8.7214,8.7214,8.7214,8.7214,8.7214,8.7214,8.7214,8.7214,8.7214,8.7214,8.7214,8.7214,8.7214,8.7214,8.7214,8.7214,8.7214,8.7214,8.7214,8.7214,8.7214,8.7214,8.7214,8.7214,8.7214,8.7214,8.7214,8.7214,8.7214,8.7214,8.7214,8.7214,8.7214,8.7214,8.7214,8.7214,8.7214,8.7214,8.7214,8.7214,8.7214,8.7214,8.7214,8.7214,8.7214,8.7214,8.7214,8.7214,8.7214,8.7214,8.7214,8.7214,8.7214,8.7214,8.7214,8.7214,8.7214,8.7214,8.7214,8.7214,8.7214,8.7214,8.7214,8.7214,8.7214,8.7214,8.7214,8.7214,8.7214,8.7214,8.7214,8.7214,8.7214,8.7214,8.7214,8.7214,8.7214,8.7214,8.7214,8.7214,8.7214,8.7214,8.7214,8.7214,8.7214,8.7214,8.7214,8.7214,8.7214,8.7214,8.7214,8.7214,8.7214,8.7214,8.7214,8.7214,8.7214,8.7214,8.7214,8.7214,8.7214,8.7214,8.7214,8.7214,8.7214,8.7214,8.7214,8.7214,8.7214,8.7214,8.7214,8.7214,8.7214,8.7214,8.7214,8.7214,8.7214,8.7214,8.7214,8.7214,8.7214,8.7214,8.7214,8.7214,8.7214,8.7214,8.7214,8.7214,8.7214,8.7214,8.7214,8.7214,8.7214,8.7214,8.7214,8.7214,8.7214,8.7214,8.7214,8.7214,8.7214,8.7214,8.7214,8.7214,8.7214,8.7214,8.7214,8.7214,8.7214,8.7214,8.7214,8.7214,8.7214,8.7214,8.7214,8.7214,8.7214,8.7214,8.7214,8.7214,8.7214,8.7214,8.7214,8.7214,8.7214,8.7214,8.7214,8.7214,8.7214,8.7214,8.7214,8.7214,8.7214,8.7214,8.7214,8.7214,8.7214,8.7214,8.7214,8.7214,8.7214,8.7214,8.7214,8.7214,8.7214,8.7214,8.7214,8.7214,8.7214,8.7214,8.7214,8.7214,8.7214,8.7214,8.7214,8.7214,8.7214,8.7214,8.7214,8.7214,8.7214,8.7214,8.7214,8.7214,8.7214,8.7214,8.7214,8.7214,8.7214,8.7214,8.7214,8.7214,8.7214,8.7214,8.7214,8.7214,8.7214,8.7214,8.7214,8.7214,8.7214,8.7214,8.7214,8.7214,8.7214,8.7214,8.7214,8.7214,8.7214,8.7214,8.7214,8.7214,8.7214,8.7214,8.7214,8.7214,8.7214,8.7214,8.7214,8.7214,8.7214,8.7214,8.7214,8.7214,8.7214,8.7214,8.7214,8.7214,8.7214,8.7214,8.7214,8.7214,8.7214,8.7214,8.7214,8.7214,8.7214,8.7214,8.7214,8.7214,8.7214,8.7214,8.7214,8.7214,8.7214,8.7214,8.7214,8.7214,8.7214,8.7214,8.7214,8.7214,8.7214,8.7214,8.7214,8.7214,8.7214,8.7214,8.7214,8.7214,8.7214,8.7214,8.7214,8.7214,8.7214,8.7214,8.7214,8.7214,8.7214,8.7214,8.7214,8.7214,8.7214,8.7214,8.7214,8.7214,8.7214,8.7214,8.7214,8.7214,8.7214,8.7214,8.7214,8.7214,8.7214,8.7214,8.7214,8.7214,8.7214,8.7214,8.7214,8.7214,8.7214,8.7214,8.7214,8.7214,8.7214,8.7214,8.7214,8.7214,8.7214,8.7214,8.7214,8.7214,8.7214,8.7214,8.7214,8.7214,8.7214,8.7214,8.7214,8.7214,8.7214,8.7214,8.7214,8.7214,8.7214,8.7214,8.7214,8.7214,8.7214,8.7214,8.7214,8.7214,8.7214,8.7214,8.7214,8.7214,8.7214,8.7214,8.7214,8.7214,8.7214,8.7214,8.7214,8.7214,8.7214,8.7214,8.7214,8.7214,8.7214,8.7214,8.7214,8.7214,8.7214,8.7214,8.7214,8.7214,8.7214,8.7214,8.7214,8.7214,8.7214,8.7214,8.7214,8.7214,8.7214,8.7214,8.7214,8.7214,8.7214,8.7214,8.7214,8.7214,8.7214,8.7214,8.7214,8.7214,8.7214,8.7214,8.7214,8.7214,8.7214,8.7214,8.7214,8.7214,8.7214,8.7214,8.7214,8.7214,8.7214,8.7214,8.7214,8.7214,8.7214,8.7214,8.7214,8.7214,8.7214,8.7214,8.7214,8.7214,8.7214,8.7214,8.7214,8.7214,8.7214,8.7214,8.7214,8.7214,8.7214,8.7214,8.7214,8.7214,8.7214,8.7214,8.7214,8.7214,8.7214,8.7214,8.7214,8.7214,8.7214,8.7214,8.7214,8.7214,8.7214,8.7214,8.7214,8.7214,8.7214,8.7214,8.7214,8.7214,8.7214,8.7214
8.7119,8.7119,8.7119,8.7119,8.7119,8.7119,8.7119,8.7119,8.7119,8.7119,8.7119,8.7119,8.7119,8.7119,8.7119,8.7119,8.7119,8.7119,8.7119,8.7119,8.7119,8.7119,8.7119,8.7119,8.7119,8.7119,8.7119,8.7119,8.7119,8.7119,8.7119,8.7119,8.7119,8.7119,8.7119,8.7119,8.7119,8.7119,8.7119,8.7119,8.7119,8.7119,8.7119,8.7119,8.7119,8.7119,8.7119,8.7119,8.7119,8.7119,8.7119,8.7119,8.7119,8.7119,8.7119,8.7119,8.7119,8.7119,8.7119,8.7119,8.7119,8.7119,8.7119,8.7119,8.7119,8.7119,8.7119,8.7119,8.7119,8.7119,8.7119,8.7119,8.7119,8.7119,8.7119,8.7119,8.7119,8.7119,8.7119,8.7119,8.7119,8.7119,8.7119,8.7119,8.7119,8.7119,8.7119,8.7119,8.7119,8.7119,8.7119,8.7119,8.7119,8.7119,8.7119,8.7119,8.7119,8.7119,8.7119,8.7119,8.7119,8.7119,8.7119,8.7119,8.7119,8.7119,8.7119,8.7119,8.7119,8.7119,8.7119,8.7119,8.7119,8.7119,8.7119,8.7119,8.7119,8.7119,8.7119,8.7119,8.7119,8.7119,8.7119,8.7119,8.7119,8.7119,8.7119,8.7119,8.7119,8.7119,8.7119,8.7119,8.7119,8.7119,8.7119,8.7119,8.7119,8.7119,8.7119,8.7119,8.7119,8.7119,8.7119,8.7119,8.7119,8.7119,8.7119,8.7119,8.7119,8.7119,8.7119,8.7119,8.7119,8.7119,8.7119,8.7119,8.7119,8.7119,8.7119,8.7119,8.7119,8.7119,8.7119,8.7119,8.7119,8.7119,8.7119,8.7119,8.7119,8.7119,8.7119,8.7119,8.7119,8.7119,8.7119,8.7119,8.7119,8.7119,8.7119,8.7119,8.7119,8.7119,8.7119,8.7119,8.7119,8.7119,8.7119,8.7119,8.7119,8.7119,8.7119,8.7119,8.7119,8.7119,8.7119,8.7119,8.7119,8.7119,8.7119,8.7119,8.7119,8.7119,8.7119,8.7119,8.7119,8.7119,8.7119,8.7119,8.7119,8.7119,8.7119,8.7119,8.7119,8.7119,8.7119,8.7119,8.7119,8.7119,8.7119,8.7119,8.7119,8.7119,8.7119,8.7119,8.7119,8.7119,8.7119,8.7119,8.7119,8.7119,8.7119,8.7119,8.7119,8.7119,8.7119,8.7119,8.7119,8.7119,8.7119,8.7119,8.7119,8.7119,8.7119,8.7119,8.7119,8.7119,8.7119,8.7119,8.7119,8.7119,8.7119,8.7119,8.7119,8.7119,8.7119,8.7119,8.7119,8.7119,8.7119,8.7119,8.7119,8.7119,8.7119,8.7119,8.7119,8.7119,8.7119,8.7119,8.7119,8.7119,8.7119,8.7119,8.7119,8.7119,8.7119,8.7119,8.7119,8.7119,8.7119,8.7119,8.7119,8.7119,8.7119,8.7119,8.7119,8.7119,8.7119,8.7119,8.7119,8.7119,8.7119,8.7119,8.7119,8.7119,8.7119,8.7119,8.7119,8.7119,8.7119,8.7119,8.7119,8.7119,8.7119,8.7119,8.7119,8.7119,8.7119,8.7119,8.7119,8.7119,8.7119,8.7119,8.7119,8.7119,8.7119,8.7119,8.7119,8.7119,8.7119,8.7119,8.7119,8.7119,8.7119,8.7119,8.7119,8.7119,8.7119,8.7119,8.7119,8.7119,8.7119,8.7119,8.7119,8.7119,8.7119,8.7119,8.7119,8.7119,8.7119,8.7119,8.7119,8.7119,8.7119,8.7119,8.7119,8.7119,8.7119,8.7119,8.7119,8.7119,8.7119,8.7119,8.7119,8.7119,8.7119,8.7119,8.7119,8.7119,8.7119,8.7119,8.7119,8.7119,8.7119,8.7119,8.7119,8.7119,8.7119,8.7119,8.7119,8.7119,8.7119,8.7119,8.7119,8.7119,8.7119,8.7119,8.7119,8.7119,8.7119,8.7119,8.7119,8.7119,8.7119,8.7119,8.7119,8.7119,8.7119,8.7119,8.7119,8.7119,8.7119,8.7119,8.7119,8.7119,8.7119,8.7119,8.7119,8.7119,8.7119,8.7119,8.7119,8.7119,8.7119,8.7119,8.7119,8.7119,8.7119,8.7119,8.7119,8.7119,8.7119,8.7119,8.7119,8.7119,8.7119,8.7119,8.7119,8.7119,8.7119,8.7119,8.7119,8.7119,8.7119,8.7119,8.7119,8.7119,8.7119,8.7119,8.7119,8.7119,8.7119,8.7119,8.7119,8.7119,8.7119,8.7119,8.7119,8.7119,8.7119,8.7119,8.7119,8.7119,8.7119,8.7119,8.7119,8.7119,8.7119,8.7119,8.7119,8.7119,8.7119,8.7119,8.7119,8.7119,8.7119,8.7119,8.7119,8.7119,8.7119,8.7119,8.7119,8.7119,8.7119,8.7119,8.7119,8.7119,8.7119,8.7119,8.7119,8.7119,8.7119,8.7119,8.7119,8.7119,8.7119,8.7119,8.7119,8.7119,8.7119,8.7119,8.7119,8.7119,8.7119,8.7119,8.7119,8.7119,8.7119,8.7119,8.7119,8.7119,8.7119,8.7119,8.7119,8.7119,8.7119,8.7119,8.7119,8.7119,8.7119,8.7119,8.7119,8.7119,8.7119,8.7119,8.7119,8.7119,8.7119,8.7119,8.7119,8.7119,8.7119,8.7119,8.7119,8.7119,8.7119,8.7119,8.7119,8.7119,8.7119,8.7119,8.7119,8.7119,8.7119,8.7119,8.7119,8.7119,8.7119,8.7119,8.7119,8.7119,8.7119,8.7119,8.7119,8.7119,8.7119,8.7119,8.7119,8.7119,8.7119,8.7119,8.7119,8.7119,8.7119,8.7119,8.7119,8.7119,8.7119,8.7119,8.7119,8.7119,8.7119,8.7119,8.7119,8.7119,8.7119,8.7119,8.7119,8.7119,8.7119,8.7119,8.7119,8.7119,8.7119,8.7119,8.7119,8.7119,8.7119,8.7119,8.7119,8.7119,8.7119,8.7119,8.7119,8.7119,8.7119,8.7119,8.7119,8.7119,8.7119,8.7119,8.7119,8.7119,8.7119,8.7119,8.7119,8.7119,8.7119,8.7119,8.7119,8.7119,8.7119,8.7119,8.7119,8.7119,8.7119,8.7119,8.7119,8.7119,8.7119,8.7119,8.7119,8.7119,8.7119,8.7119,8.7119,8.7119,8.7119,8.7119,8.7119,8.7119,8.7119,8.7119,8.7119,8.7119,8.7119,8.7119,8.7119,8.7119,8.7119,8.7119,8.7119,8.7119,8.7119,8.7119,8.7119,8.7119,8.7119,8.7119,8.7119,8.7119,8.7119,8.7119,8.7119,8.7119,8.7119,8.7119,8.7119,8.7119,8.7119,8.7119,8.7119,8.7119,8.7119,8.7119,8.7119,8.7119,8.7119,8.7119,8.7119,8.7119,8.7119,8.7119,8.7119,8.7119,8.7119,8.7119,8.7119,8.7119,8.7119,8.7119,8.7119,8.7119,8.7119,8.7119,8.7119,8.7119,8.7119,8.7119,8.7119,8.7119,8.7119,8.7119,8.7119,8.7119,8.7119,8.7119,8.7119,8.7119,8.7119,8.7119,8.7119,8.7119,8.7119,8.7119,8.7119,8.7119,8.7119,8.7119,8.7119,8.7119,8.7119,8.7119,8.7119,8.7119,8.7119,8.7119,8.7119,8.7119,8.7119,8.7119,8.7119,8.7119,8.7119,8.7119,8.7119,8.7119,8.7119,8.7119,8.7119,8.7119,8.7119,8.7119,8.7119,8.7119,8.7119,8.7119,8.7119,8.7119,8.7119,8.7119,8.7119,8.7119,8.7119,8.7119,8.7119,8.7119,8.7119,8.7119,8.7119,8.7119,8.7119,8.7119,8.7119,8.7119,8.7119,8.7119,8.7119,8.7119,8.7119,8.7119,8.7119,8.7119,8.7119,8.7119,8.7119,8.7119,8.7119,8.7119,8.7119,8.7119,8.7119,8.7119,8.7119,8.7119,8.7119,8.7119,8.7119,8.7119,8.7119,8.7119,8.7119,8.7119,8.7119,8.7119,8.7119,8.7119,8.7119,8.7119,8.7119,8.7119,8.7119,8.7119,8.7119,8.7119,8.7119,8.7119,8.7119,8.7119,8.7119,8.7119,8.7119,8.7119,8.7119,8.7119,8.7119,8.7119,8.7119,8.7119,8.7119,8.7119,8.7119,8.7119,8.7119,8.7119,8.7119,8.7119,8.7119,8.7119,8.7119,8.7119,8.7119,8.7119,8.7119,8.7119,8.7119,8.7119,8.7119,8.7119,8.7119,8.7119,8.7119,8.7119,8.7119,8.7119,8.7119,8.7119,8.7119,8.7119,8.7119,8.7119,8.7119,8.7119,8.7119,8.7119,8.7119,8.7119,8.7119,8.7119,8.7119,8.7119,8.7119,8.7119,8.7119,8.7119,8.7119,8.7119,8.7119,8.7119,8.7119,8.7119,8.7119,8.7119,8.7119,8.7119,8.7119,8.7119,8.7119,8.7119,8.7119,8.7119,8.7119,8.7119,8.7119,8.7119,8.7119,8.7119,8.7119,8.7119,8.7119,8.7119,8.7119,8.7119,8.7119,8.7119,8.7119,8.7119,8.7119,8.7119,8.7119,8.7119,8.7119,8.7119,8.7119,8.7119,8.7119,8.7119,8.7119,8.7119,8.7119,8.7119,8.7119,8.7119,8.7119,8.7119,8.7119,8.7119,8.7119,8.7119,8.7119,8.7119,8.7119,8.7119,8.7119,8.7119,8.7119,8.7119,8.7119,8.7119,8.7119,8.7119,8.7119,8.7119,8.7119,8.7119,8.7119,8.7119,8.7119,8.7119,8.7119,8.7119,8.7119,8.7119,8.7119,8.7119,8.7119,8.7119,8.7119,8.7119,8.7119,8.7119,8.7119,8.7119,8.7119,8.7119,8.7119,8.7119,8.7119,8.7119,8.7119,8.7119,8.7119,8.7119,8.7119,8.7119,8.7119,8.7119,8.7119,8.7119,8.7119,8.7119,8.7119,8.7119,8.7119,8.7119,8.7119,8.7119,8.7119,8.7119,8.7119,8.7119,8.7119,8.7119,8.7119,8.7119,8.7119,8.7119,8.7119,8.7119,8.7119,8.7119
8.7043,8.7043,8.7043,8.7043,8.7043,8.7043,8.7043,8.7043,8.7043,8.7043,8.7043,8.7043,8.7043,8.7043,8.7043,8.7043,8.7043,8.7043,8.7043,8.7043,8.7043,8.7043,8.7043,8.7043,8.7043,8.7043,8.7043,8.7043,8.7043,8.7043,8.7043,8.7043,8.7043,8.7043,8.7043,8.7043,8.7043,8.7043,8.7043,8.7043,8.7043,8.7043,8.7043,8.7043,8.7043,8.7043,8.7043,8.7043,8.7043,8.7043,8.7043,8.7043,8.7043,8.7043,8.7043,8.7043,8.7043,8.7043,8.7043,8.7043,8.7043,8.7043,8.7043,8.7043,8.7043,8.7043,8.7043,8.7043,8.7043,8.7043,8.7043,8.7043,8.7043,8.7043,8.7043,8.7043,8.7043,8.7043,8.7043,8.7043,8.7043,8.7043,8.7043,8.7043,8.7043,8.7043,8.7043,8.7043,8.7043,8.7043,8.7043,8.7043,8.7043,8.7043,8.7043,8.7043,8.7043,8.7043,8.7043,8.7043,8.7043,8.7043,8.7043,8.7043,8.7043,8.7043,8.7043,8.7043,8.7043,8.7043,8.7043,8.7043,8.7043,8.7043,8.7043,8.7043,8.7043,8.7043,8.7043,8.7043,8.7043,8.7043,8.7043,8.7043,8.7043,8.7043,8.7043,8.7043,8.7043,8.7043,8.7043,8.7043,8.7043,8.7043,8.7043,8.7043,8.7043,8.7043,8.7043,8.7043,8.7043,8.7043,8.7043,8.7043,8.7043,8.7043,8.7043,8.7043,8.7043,8.7043,8.7043,8.7043,8.7043,8.7043,8.7043,8.7043,8.7043,8.7043,8.7043,8.7043,8.7043,8.7043,8.7043,8.7043,8.7043,8.7043,8.7043,8.7043,8.7043,8.7043,8.7043,8.7043,8.7043,8.7043,8.7043,8.7043,8.7043,8.7043,8.7043,8.7043,8.7043,8.7043,8.7043,8.7043,8.7043,8.7043,8.7043,8.7043,8.7043,8.7043,8.7043,8.7043,8.7043,8.7043,8.7043,8.7043,8.7043,8.7043,8.7043,8.7043,8.7043,8.7043,8.7043,8.7043,8.7043,8.7043,8.7043,8.7043,8.7043,8.7043,8.7043,8.7043,8.7043,8.7043,8.7043,8.7043,8.7043,8.7043,8.7043,8.7043,8.7043,8.7043,8.7043,8.7043,8.7043,8.7043,8.7043,8.7043,8.7043,8.7043,8.7043,8.7043,8.7043,8.7043,8.7043,8.7043,8.7043,8.7043,8.7043,8.7043,8.7043,8.7043,8.7043,8.7043,8.7043,8.7043,8.7043,8.7043,8.7043,8.7043,8.7043,8.7043,8.7043,8.7043,8.7043,8.7043,8.7043,8.7043,8.7043,8.7043,8.7043,8.7043,8.7043,8.7043,8.7043,8.7043,8.7043,8.7043,8.7043,8.7043,8.7043,8.7043,8.7043,8.7043,8.7043,8.7043,8.7043,8.7043,8.7043,8.7043,8.7043,8.7043,8.7043,8.7043,8.7043,8.7043,8.7043,8.7043,8.7043,8.7043,8.7043,8.7043,8.7043,8.7043,8.7043,8.7043,8.7043,8.7043,8.7043,8.7043,8.7043,8.7043,8.7043,8.7043,8.7043,8.7043,8.7043,8.7043,8.7043,8.7043,8.7043,8.7043,8.7043,8.7043,8.7043,8.7043,8.7043,8.7043,8.7043,8.7043,8.7043,8.7043,8.7043,8.7043,8.7043,8.7043,8.7043,8.7043,8.7043,8.7043,8.7043,8.7043,8.7043,8.7043,8.7043,8.7043,8.7043,8.7043,8.7043,8.7043,8.7043,8.7043,8.7043,8.7043,8.7043,8.7043,8.7043,8.7043,8.7043,8.7043,8.7043,8.7043,8.7043,8.7043,8.7043,8.7043,8.7043,8.7043,8.7043,8.7043,8.7043,8.7043,8.7043,8.7043,8.7043,8.7043,8.7043,8.7043,8.7043,8.7043,8.7043,8.7043,8.7043,8.7043,8.7043,8.7043,8.7043,8.7043,8.7043,8.7043,8.7043,8.7043,8.7043,8.7043,8.7043,8.7043,8.7043,8.7043,8.7043,8.7043,8.7043,8.7043,8.7043,8.7043,8.7043,8.7043,8.7043,8.7043,8.7043,8.7043,8.7043,8.7043,8.7043,8.7043,8.7043,8.7043,8.7043,8.7043,8.7043,8.7043,8.7043,8.7043,8.7043,8.7043,8.7043,8.7043,8.7043,8.7043,8.7043,8.7043,8.7043,8.7043,8.7043,8.7043,8.7043,8.7043,8.7043,8.7043,8.7043,8.7043,8.7043,8.7043,8.7043,8.7043,8.7043,8.7043,8.7043,8.7043,8.7043,8.7043,8.7043,8.7043,8.7043,8.7043,8.7043,8.7043,8.7043,8.7043,8.7043,8.7043,8.7043,8.7043,8.7043,8.7043,8.7043,8.7043,8.7043,8.7043,8.7043,8.7043,8.7043,8.7043,8.7043,8.7043,8.7043,8.7043,8.7043,8.7043,8.7043,8.7043,8.7043,8.7043,8.7043,8.7043,8.7043,8.7043,8.7043,8.7043,8.7043,8.7043,8.7043,8.7043,8.7043,8.7043,8.7043,8.7043,8.7043,8.7043,8.7043,8.7043,8.7043,8.7043,8.7043,8.7043,8.7043,8.7043,8.7043,8.7043,8.7043,8.7043,8.7043,8.7043,8.7043,8.7043,8.7043,8.7043,8.7043,8.7043,8.7043,8.7043,8.7043,8.7043,8.7043,8.7043,8.7043,8.7043,8.7043,8.7043,8.7043,8.7043,8.7043,8.7043,8.7043,8.7043,8.7043,8.7043,8.7043,8.7043,8.7043,8.7043,8.7043,8.7043,8.7043,8.7043,8.7043,8.7043,8.7043,8.7043,8.7043,8.7043,8.7043,8.7043,8.7043,8.7043,8.7043,8.7043,8.7043,8.7043,8.7043,8.7043,8.7043,8.7043,8.7043,8.7043,8.7043,8.7043,8.7043,8.7043,8.7043,8.7043,8.7043,8.7043,8.7043,8.7043,8.7043,8.7043,8.7043,8.7043,8.7043,8.7043,8.7043,8.7043,8.7043,8.7043,8.7043,8.7043,8.7043,8.7043,8.7043,8.7043,8.7043,8.7043,8.7043,8.7043,8.7043,8.7043,8.7043,8.7043,8.7043,8.7043,8.7043,8.7043,8.7043,8.7043,8.7043,8.7043,8.7043,8.7043,8.7043,8.7043,8.7043,8.7043,8.7043,8.7043,8.7043,8.7043,8.7043,8.7043,8.7043,8.7043,8.7043,8.7043,8.7043,8.7043,8.7043,8.7043,8.7043,8.7043,8.7043,8.7043,8.7043,8.7043,8.7043,8.7043,8.7043,8.7043,8.7043,8.7043,8.7043,8.7043,8.7043,8.7043,8.7043,8.7043,8.7043,8.7043,8.7043,8.7043,8.7043,8.7043,8.7043,8.7043,8.7043,8.7043,8.7043,8.7043,8.7043,8.7043,8.7043,8.7043,8.7043,8.7043,8.7043,8.7043,8.7043,8.7043,8.7043,8.7043,8.7043,8.7043,8.7043,8.7043,8.7043,8.7043,8.7043,8.7043,8.7043,8.7043,8.7043,8.7043,8.7043,8.7043,8.7043,8.7043,8.7043,8.7043,8.7043,8.7043,8.7043,8.7043,8.7043,8.7043,8.7043,8.7043,8.7043,8.7043,8.7043,8.7043,8.7043,8.7043,8.7043,8.7043,8.7043,8.7043,8.7043,8.7043,8.7043,8.7043,8.7043,8.7043,8.7043,8.7043,8.7043,8.7043,8.7043,8.7043,8.7043,8.7043,8.7043,8.7043,8.7043,8.7043,8.7043,8.7043,8.7043,8.7043,8.7043,8.7043,8.7043,8.7043,8.7043,8.7043,8.7043,8.7043,8.7043,8.7043,8.7043,8.7043,8.7043,8.7043,8.7043,8.7043,8.7043,8.7043,8.7043,8.7043,8.7043,8.7043,8.7043,8.7043,8.7043,8.7043,8.7043,8.7043,8.7043,8.7043,8.7043,8.7043,8.7043,8.7043,8.7043,8.7043,8.7043,8.7043,8.7043,8.7043,8.7043,8.7043,8.7043,8.7043,8.7043,8.7043,8.7043,8.7043,8.7043,8.7043,8.7043,8.7043,8.7043,8.7043,8.7043,8.7043,8.7043,8.7043,8.7043,8.7043,8.7043,8.7043,8.7043,8.7043,8.7043,8.7043,8.7043,8.7043,8.7043,8.7043,8.7043,8.7043,8.7043,8.7043,8.7043,8.7043,8.7043,8.7043,8.7043,8.7043,8.7043,8.7043,8.7043,8.7043,8.7043,8.7043,8.7043,8.7043,8.7043,8.7043,8.7043,8.7043,8.7043,8.7043,8.7043,8.7043,8.7043,8.7043,8.7043,8.7043,8.7043,8.7043,8.7043,8.7043,8.7043,8.7043,8.7043,8.7043,8.7043,8.7043,8.7043,8.7043,8.7043,8.7043,8.7043,8.7043,8.7043,8.7043,8.7043,8.7043,8.7043,8.7043,8.7043,8.7043,8.7043,8.7043,8.7043,8.7043,8.7043,8.7043,8.7043,8.7043,8.7043,8.7043,8.7043,8.7043,8.7043,8.7043,8.7043,8.7043,8.7043,8.7043,8.7043,8.7043,8.7043,8.7043,8.7043,8.7043,8.7043,8.7043,8.7043,8.7043,8.7043,8.7043,8.7043,8.7043,8.7043,8.7043,8.7043,8.7043,8.7043,8.7043,8.7043,8.7043,8.7043,8.7043,8.7043,8.7043,8.7043,8.7043,8.7043,8.7043,8.7043,8.7043,8.7043,8.7043,8.7043,8.7043,8.7043,8.7043,8.7043,8.7043,8.7043,8.7043,8.7043,8.7043,8.7043,8.7043,8.7043,8.7043,8.7043,8.7043,8.7043,8.7043,8.7043,8.7043,8.7043,8.7043,8.7043,8.7043,8.7043,8.7043,8.7043,8.7043,8.7043,8.7043,8.7043,8.7043,8.7043,8.7043,8.7043,8.7043,8.7043,8.7043,8.7043,8.7043,8.7043,8.7043,8.7043,8.7043,8.7043,8.7043,8.7043,8.7043,8.7043,8.7043,8.7043,8.7043,8.7043,8.7043,8.7043,8.7043,8.7043,8.7043,8.7043,8.7043,8.7043,8.7043,8.7043,8.7043,8.7043,8.7043,8.7043,8.7043
8.6957,8.6957,8.6957,8.6957,8.6957,8.6957,8.6957,8.6957,8.6957,8.6957,8.6957,8.6957,8.6957,8.6957,8.6957,8.6957,8.6957,8.6957,8.6957,8.6957,8.6957,8.6957,8.6957,8.6957,8.6957,8.6957,8.6957,8.6957,8.6957,8.6957,8.6957,8.6957,8.6957,8.6957,8.6957,8.6957,8.6957,8.6957,8.6957,8.6957,8.6957,8.6957,8.6957,8.6957,8.6957,8.6957,8.6957,8.6957,8.6957,8.6957,8.6957,8.6957,8.6957,8.6957,8.6957,8.6957,8.6957,8.6957,8.6957,8.6957,8.6957,8.6957,8.6957,8.6957,8.6957,8.6957,8.6957,8.6957,8.6957,8.6957,8.6957,8.6957,8.6957,8.6957,8.6957,8.6957,8.6957,8.6957,8.6957,8.6957,8.6957,8.6957,8.6957,8.6957,8.6957,8.6957,8.6957,8.6957,8.6957,8.6957,8.6957,8.6957,8.6957,8.6957,8.6957,8.6957,8.6957,8.6957,8.6957,8.6957,8.6957,8.6957,8.6957,8.6957,8.6957,8.6957,8.6957,8.6957,8.6957,8.6957,8.6957,8.6957,8.6957,8.6957,8.6957,8.6957,8.6957,8.6957,8.6957,8.6957,8.6957,8.6957,8.6957,8.6957,8.6957,8.6957,8.6957,8.6957,8.6957,8.6957,8.6957,8.6957,8.6957,8.6957,8.6957,8.6957,8.6957,8.6957,8.6957,8.6957,8.6957,8.6957,8.6957,8.6957,8.6957,8.6957,8.6957,8.6957,8.6957,8.6957,8.6957,8.6957,8.6957,8.6957,8.6957,8.6957,8.6957,8.6957,8.6957,8.6957,8.6957,8.6957,8.6957,8.6957,8.6957,8.6957,8.6957,8.6957,8.6957,8.6957,8.6957,8.6957,8.6957,8.6957,8.6957,8.6957,8.6957,8.6957,8.6957,8.6957,8.6957,8.6957,8.6957,8.6957,8.6957,8.6957,8.6957,8.6957,8.6957,8.6957,8.6957,8.6957,8.6957,8.6957,8.6957,8.6957,8.6957,8.6957,8.6957,8.6957,8.6957,8.6957,8.6957,8.6957,8.6957,8.6957,8.6957,8.6957,8.6957,8.6957,8.6957,8.6957,8.6957,8.6957,8.6957,8.6957,8.6957,8.6957,8.6957,8.6957,8.6957,8.6957,8.6957,8.6957,8.6957,8.6957,8.6957,8.6957,8.6957,8.6957,8.6957,8.6957,8.6957,8.6957,8.6957,8.6957,8.6957,8.6957,8.6957,8.6957,8.6957,8.6957,8.6957,8.6957,8.6957,8.6957,8.6957,8.6957,8.6957,8.6957,8.6957,8.6957,8.6957,8.6957,8.6957,8.6957,8.6957,8.6957,8.6957,8.6957,8.6957,8.6957,8.6957,8.6957,8.6957,8.6957,8.6957,8.6957,8.6957,8.6957,8.6957,8.6957,8.6957,8.6957,8.6957,8.6957,8.6957,8.6957,8.6957,8.6957,8.6957,8.6957,8.6957,8.6957,8.6957,8.6957,8.6957,8.6957,8.6957,8.6957,8.6957,8.6957,8.6957,8.6957,8.6957,8.6957,8.6957,8.6957,8.6957,8.6957,8.6957,8.6957,8.6957,8.6957,8.6957,8.6957,8.6957,8.6957,8.6957,8.6957,8.6957,8.6957,8.6957,8.6957,8.6957,8.6957,8.6957,8.6957,8.6957,8.6957,8.6957,8.6957,8.6957,8.6957,8.6957,8.6957,8.6957,8.6957,8.6957,8.6957,8.6957,8.6957,8.6957,8.6957,8.6957,8.6957,8.6957,8.6957,8.6957,8.6957,8.6957,8.6957,8.6957,8.6957,8.6957,8.6957,8.6957,8.6957,8.6957,8.6957,8.6957,8.6957,8.6957,8.6957,8.6957,8.6957,8.6957,8.6957,8.6957,8.6957,8.6957,8.6957,8.6957,8.6957,8.6957,8.6957,8.6957,8.6957,8.6957,8.6957,8.6957,8.6957,8.6957,8.6957,8.6957,8.6957,8.6957,8.6957,8.6957,8.6957,8.6957,8.6957,8.6957,8.6957,8.6957,8.6957,8.6957,8.6957,8.6957,8.6957,8.6957,8.6957,8.6957,8.6957,8.6957,8.6957,8.6957,8.6957,8.6957,8.6957,8.6957,8.6957,8.6957,8.6957,8.6957,8.6957,8.6957,8.6957,8.6957,8.6957,8.6957,8.6957,8.6957,8.6957,8.6957,8.6957,8.6957,8.6957,8.6957,8.6957,8.6957,8.6957,8.6957,8.6957,8.6957,8.6957,8.6957,8.6957,8.6957,8.6957,8.6957,8.6957,8.6957,8.6957,8.6957,8.6957,8.6957,8.6957,8.6957,8.6957,8.6957,8.6957,8.6957,8.6957,8.6957,8.6957,8.6957,8.6957,8.6957,8.6957,8.6957,8.6957,8.6957,8.6957,8.6957,8.6957,8.6957,8.6957,8.6957,8.6957,8.6957,8.6957,8.6957,8.6957,8.6957,8.6957,8.6957,8.6957,8.6957,8.6957,8.6957,8.6957,8.6957,8.6957,8.6957,8.6957,8.6957,8.6957,8.6957,8.6957,8.6957,8.6957,8.6957,8.6957,8.6957,8.6957,8.6957,8.6957,8.6957,8.6957,8.6957,8.6957,8.6957,8.6957,8.6957,8.6957,8.6957,8.6957,8.6957,8.6957,8.6957,8.6957,8.6957,8.6957,8.6957,8.6957,8.6957,8.6957,8.6957,8.6957,8.6957,8.6957,8.6957,8.6957,8.6957,8.6957,8.6957,8.6957,8.6957,8.6957,8.6957,8.6957,8.6957,8.6957,8.6957,8.6957,8.6957,8.6957,8.6957,8.6957,8.6957,8.6957,8.6957,8.6957,8.6957,8.6957,8.6957,8.6957,8.6957,8.6957,8.6957,8.6957,8.6957,8.6957,8.6957,8.6957,8.6957,8.6957,8.6957,8.6957,8.6957,8.6957,8.6957,8.6957,8.6957,8.6957,8.6957,8.6957,8.6957,8.6957,8.6957,8.6957,8.6957,8.6957,8.6957,8.6957,8.6957,8.6957,8.6957,8.6957,8.6957,8.6957,8.6957,8.6957,8.6957,8.6957,8.6957,8.6957,8.6957,8.6957,8.6957,8.6957,8.6957,8.6957,8.6957,8.6957,8.6957,8.6957,8.6957,8.6957,8.6957,8.6957,8.6957,8.6957,8.6957,8.6957,8.6957,8.6957,8.6957,8.6957,8.6957,8.6957,8.6957,8.6957,8.6957,8.6957,8.6957,8.6957,8.6957,8.6957,8.6957,8.6957,8.6957,8.6957,8.6957,8.6957,8.6957,8.6957,8.6957,8.6957,8.6957,8.6957,8.6957,8.6957,8.6957,8.6957,8.6957,8.6957,8.6957,8.6957,8.6957,8.6957,8.6957,8.6957,8.6957,8.6957,8.6957,8.6957,8.6957,8.6957,8.6957,8.6957,8.6957,8.6957,8.6957,8.6957,8.6957,8.6957,8.6957,8.6957,8.6957,8.6957,8.6957,8.6957,8.6957,8.6957,8.6957,8.6957,8.6957,8.6957,8.6957,8.6957,8.6957,8.6957,8.6957,8.6957,8.6957,8.6957,8.6957,8.6957,8.6957,8.6957,8.6957,8.6957,8.6957,8.6957,8.6957,8.6957,8.6957,8.6957,8.6957,8.6957,8.6957,8.6957,8.6957,8.6957,8.6957,8.6957,8.6957,8.6957,8.6957,8.6957,8.6957,8.6957,8.6957,8.6957,8.6957,8.6957,8.6957,8.6957,8.6957,8.6957,8.6957,8.6957,8.6957,8.6957,8.6957,8.6957,8.6957,8.6957,8.6957,8.6957,8.6957,8.6957,8.6957,8.6957,8.6957,8.6957,8.6957,8.6957,8.6957,8.6957,8.6957,8.6957,8.6957,8.6957,8.6957,8.6957,8.6957,8.6957,8.6957,8.6957,8.6957,8.6957,8.6957,8.6957,8.6957,8.6957,8.6957,8.6957,8.6957,8.6957,8.6957,8.6957,8.6957,8.6957,8.6957,8.6957,8.6957,8.6957,8.6957,8.6957,8.6957,8.6957,8.6957,8.6957,8.6957,8.6957,8.6957,8.6957,8.6957,8.6957,8.6957,8.6957,8.6957,8.6957,8.6957,8.6957,8.6957,8.6957,8.6957,8.6957,8.6957,8.6957,8.6957,8.6957,8.6957,8.6957,8.6957,8.6957,8.6957,8.6957,8.6957,8.6957,8.6957,8.6957,8.6957,8.6957,8.6957,8.6957,8.6957,8.6957,8.6957,8.6957,8.6957,8.6957,8.6957,8.6957,8.6957,8.6957,8.6957,8.6957,8.6957,8.6957,8.6957,8.6957,8.6957,8.6957,8.6957,8.6957,8.6957,8.6957,8.6957,8.6957,8.6957,8.6957,8.6957,8.6957,8.6957,8.6957,8.6957,8.6957,8.6957,8.6957,8.6957,8.6957,8.6957,8.6957,8.6957,8.6957,8.6957,8.6957,8.6957,8.6957,8.6957,8.6957,8.6957,8.6957,8.6957,8.6957,8.6957,8.6957,8.6957,8.6957,8.6957,8.6957,8.6957,8.6957,8.6957,8.6957,8.6957,8.6957,8.6957,8.6957,8.6957,8.6957,8.6957,8.6957,8.6957,8.6957,8.6957,8.6957,8.6957,8.6957,8.6957,8.6957,8.6957,8.6957,8.6957,8.6957,8.6957,8.6957,8.6957,8.6957,8.6957,8.6957,8.6957,8.6957,8.6957,8.6957,8.6957,8.6957,8.6957,8.6957,8.6957,8.6957,8.6957,8.6957,8.6957,8.6957,8.6957,8.6957,8.6957,8.6957,8.6957,8.6957,8.6957,8.6957,8.6957,8.6957,8.6957,8.6957,8.6957,8.6957,8.6957,8.6957,8.6957,8.6957,8.6957,8.6957,8.6957,8.6957,8.6957,8.6957,8.6957,8.6957,8.6957,8.6957,8.6957,8.6957,8.6957,8.6957,8.6957,8.6957,8.6957,8.6957,8.6957,8.6957,8.6957,8.6957,8.6957,8.6957,8.6957,8.6957,8.6957,8.6957,8.6957,8.6957,8.6957,8.6957,8.6957,8.6957,8.6957,8.6957,8.6957,8.6957,8.6957,8.6957,8.6957,8.6957,8.6957,8.6957,8.6957,8.6957,8.6957,8.6957,8.6957,8.6957,8.6957,8.6957
8.6867,8.6867,8.6867,8.6867,8.6867,8.6867,8.6867,8.6867,8.6867,8.6867,8.6867,8.6867,8.6867,8.6867,8.6867,8.6867,8.6867,8.6867,8.6867,8.6867,8.6867,8.6867,8.6867,8.6867,8.6867,8.6867,8.6867,8.6867,8.6867,8.6867,8.6867,8.6867,8.6867,8.6867,8.6867,8.6867,8.6867,8.6867,8.6867,8.6867,8.6867,8.6867,8.6867,8.6867,8.6867,8.6867,8.6867,8.6867,8.6867,8.6867,8.6867,8.6867,8.6867,8.6867,8.6867,8.6867,8.6867,8.6867,8.6867,8.6867,8.6867,8.6867,8.6867,8.6867,8.6867,8.6867,8.6867,8.6867,8.6867,8.6867,8.6867,8.6867,8.6867,8.6867,8.6867,8.6867,8.6867,8.6867,8.6867,8.6867,8.6867,8.6867,8.6867,8.6867,8.6867,8.6867,8.6867,8.6867,8.6867,8.6867,8.6867,8.6867,8.6867,8.6867,8.6867,8.6867,8.6867,8.6867,8.6867,8.6867,8.6867,8.6867,8.6867,8.6867,8.6867,8.6867,8.6867,8.6867,8.6867,8.6867,8.6867,8.6867,8.6867,8.6867,8.6867,8.6867,8.6867,8.6867,8.6867,8.6867,8.6867,8.6867,8.6867,8.6867,8.6867,8.6867,8.6867,8.6867,8.6867,8.6867,8.6867,8.6867,8.6867,8.6867,8.6867,8.6867,8.6867,8.6867,8.6867,8.6867,8.6867,8.6867,8.6867,8.6867,8.6867,8.6867,8.6867,8.6867,8.6867,8.6867,8.6867,8.6867,8.6867,8.6867,8.6867,8.6867,8.6867,8.6867,8.6867,8.6867,8.6867,8.6867,8.6867,8.6867,8.6867,8.6867,8.6867,8.6867,8.6867,8.6867,8.6867,8.6867,8.6867,8.6867,8.6867,8.6867,8.6867,8.6867,8.6867,8.6867,8.6867,8.6867,8.6867,8.6867,8.6867,8.6867,8.6867,8.6867,8.6867,8.6867,8.6867,8.6867,8.6867,8.6867,8.6867,8.6867,8.6867,8.6867,8.6867,8.6867,8.6867,8.6867,8.6867,8.6867,8.6867,8.6867,8.6867,8.6867,8.6867,8.6867,8.6867,8.6867,8.6867,8.6867,8.6867,8.6867,8.6867,8.6867,8.6867,8.6867,8.6867,8.6867,8.6867,8.6867,8.6867,8.6867,8.6867,8.6867,8.6867,8.6867,8.6867,8.6867,8.6867,8.6867,8.6867,8.6867,8.6867,8.6867,8.6867,8.6867,8.6867,8.6867,8.6867,8.6867,8.6867,8.6867,8.6867,8.6867,8.6867,8.6867,8.6867,8.6867,8.6867,8.6867,8.6867,8.6867,8.6867,8.6867,8.6867,8.6867,8.6867,8.6867,8.6867,8.6867,8.6867,8.6867,8.6867,8.6867,8.6867,8.6867,8.6867,8.6867,8.6867,8.6867,8.6867,8.6867,8.6867,8.6867,8.6867,8.6867,8.6867,8.6867,8.6867,8.6867,8.6867,8.6867,8.6867,8.6867,8.6867,8.6867,8.6867,8.6867,8.6867,8.6867,8.6867,8.6867,8.6867,8.6867,8.6867,8.6867,8.6867,8.6867,8.6867,8.6867,8.6867,8.6867,8.6867,8.6867,8.6867,8.6867,8.6867,8.6867,8.6867,8.6867,8.6867,8.6867,8.6867,8.6867,8.6867,8.6867,8.6867,8.6867,8.6867,8.6867,8.6867,8.6867,8.6867,8.6867,8.6867,8.6867,8.6867,8.6867,8.6867,8.6867,8.6867,8.6867,8.6867,8.6867,8.6867,8.6867,8.6867,8.6867,8.6867,8.6867,8.6867,8.6867,8.6867,8.6867,8.6867,8.6867,8.6867,8.6867,8.6867,8.6867,8.6867,8.6867,8.6867,8.6867,8.6867,8.6867,8.6867,8.6867,8.6867,8.6867,8.6867,8.6867,8.6867,8.6867,8.6867,8.6867,8.6867,8.6867,8.6867,8.6867,8.6867,8.6867,8.6867,8.6867,8.6867,8.6867,8.6867,8.6867,8.6867,8.6867,8.6867,8.6867,8.6867,8.6867,8.6867,8.6867,8.6867,8.6867,8.6867,8.6867,8.6867,8.6867,8.6867,8.6867,8.6867,8.6867,8.6867,8.6867,8.6867,8.6867,8.6867,8.6867,8.6867,8.6867,8.6867,8.6867,8.6867,8.6867,8.6867,8.6867,8.6867,8.6867,8.6867,8.6867,8.6867,8.6867,8.6867,8.6867,8.6867,8.6867,8.6867,8.6867,8.6867,8.6867,8.6867,8.6867,8.6867,8.6867,8.6867,8.6867,8.6867,8.6867,8.6867,8.6867,8.6867,8.6867,8.6867,8.6867,8.6867,8.6867,8.6867,8.6867,8.6867,8.6867,8.6867,8.6867,8.6867,8.6867,8.6867,8.6867,8.6867,8.6867,8.6867,8.6867,8.6867,8.6867,8.6867,8.6867,8.6867,8.6867,8.6867,8.6867,8.6867,8.6867,8.6867,8.6867,8.6867,8.6867,8.6867,8.6867,8.6867,8.6867,8.6867,8.6867,8.6867,8.6867,8.6867,8.6867,8.6867,8.6867,8.6867,8.6867,8.6867,8.6867,8.6867,8.6867,8.6867,8.6867,8.6867,8.6867,8.6867,8.6867,8.6867,8.6867,8.6867,8.6867,8.6867,8.6867,8.6867,8.6867,8.6867,8.6867,8.6867,8.6867,8.6867,8.6867,8.6867,8.6867,8.6867,8.6867,8.6867,8.6867,8.6867,8.6867,8.6867,8.6867,8.6867,8.6867,8.6867,8.6867,8.6867,8.6867,8.6867,8.6867,8.6867,8.6867,8.6867,8.6867,8.6867,8.6867,8.6867,8.6867,8.6867,8.6867,8.6867,8.6867,8.6867,8.6867,8.6867,8.6867,8.6867,8.6867,8.6867,8.6867,8.6867,8.6867,8.6867,8.6867,8.6867,8.6867,8.6867,8.6867,8.6867,8.6867,8.6867,8.6867,8.6867,8.6867,8.6867,8.6867,8.6867,8.6867,8.6867,8.6867,8.6867,8.6867,8.6867,8.6867,8.6867,8.6867,8.6867,8.6867,8.6867,8.6867,8.6867,8.6867,8.6867,8.6867,8.6867,8.6867,8.6867,8.6867,8.6867,8.6867,8.6867,8.6867,8.6867,8.6867,8.6867,8.6867,8.6867,8.6867,8.6867,8.6867,8.6867,8.6867,8.6867,8.6867,8.6867,8.6867,8.6867,8.6876,8.6876,8.6876,8.6876,8.6876,8.6876,8.6876,8.6876,8.6876,8.6876,8.6876,8.6876,8.6876,8.6876,8.6876,8.6876,8.6876,8.6876,8.6876,8.6876,8.6876,8.6876,8.6876,8.6876,8.6876,8.6876,8.6876,8.6876,8.6876,8.6876,8.6876,8.6876,8.6876,8.6876,8.6876,8.6876,8.6876,8.6876,8.6876,8.6876,8.6876,8.6876,8.6876,8.6876,8.6876,8.6876,8.6876,8.6876,8.6876,8.6876,8.6876,8.6876,8.6876,8.6876,8.6876,8.6876,8.6876,8.6876,8.6876,8.6876,8.6876,8.6876,8.6876,8.6876,8.6876,8.6876,8.6876,8.6876,8.6876,8.6876,8.6876,8.6876,8.6876,8.6876,8.6876,8.6876,8.6876,8.6876,8.6876,8.6876,8.6876,8.6876,8.6876,8.6876,8.6876,8.6876,8.6876,8.6876,8.6876,8.6876,8.6876,8.6876,8.6876,8.6876,8.6876,8.6876,8.6876,8.6876,8.6876,8.6876,8.6876,8.6876,8.6876,8.6876,8.6876,8.6876,8.6876,8.6876,8.6876,8.6876,8.6876,8.6876,8.6876,8.6876,8.6876,8.6876,8.6876,8.6876,8.6876,8.6876,8.6876,8.6876,8.6876,8.6876,8.6876,8.6876,8.6876,8.6876,8.6876,8.6876,8.6876,8.6876,8.6876,8.6876,8.6876,8.6876,8.6876,8.6876,8.6876,8.6876,8.6876,8.6876,8.6876,8.6876,8.6876,8.6876,8.6876,8.6876,8.6876,8.6876,8.6876,8.6876,8.6876,8.6876,8.6876,8.6876,8.6876,8.6876,8.6876,8.6876,8.6876,8.6876,8.6876,8.6876,8.6876,8.6876,8.6876,8.6876,8.6876,8.6876,8.6876,8.6876,8.6876,8.6876,8.6876,8.6876,8.6876,8.6876,8.6876,8.6876,8.6876,8.6876,8.6876,8.6876,8.6876,8.6876,8.6876,8.6876,8.6876,8.6876,8.6876,8.6876,8.6876,8.6876,8.6876,8.6876,8.6876,8.6876,8.6876,8.6876,8.6876,8.6876,8.6876,8.6876,8.6876,8.6876,8.6876,8.6876,8.6876,8.6876,8.6876,8.6876,8.6876,8.6876,8.6876,8.6876,8.6876,8.6876,8.6876,8.6876,8.6876,8.6876,8.6876,8.6876,8.6876,8.6876,8.6876,8.6876,8.6876,8.6876,8.6876,8.6876,8.6876,8.6876,8.6876,8.6876,8.6876,8.6876,8.6876,8.6876,8.6876,8.6876,8.6876,8.6876,8.6876,8.6876,8.6876,8.6876,8.6876,8.6876,8.6876,8.6876,8.6876,8.6876,8.6876,8.6876,8.6876,8.6876,8.6876,8.6876,8.6876,8.6876,8.6876,8.6876,8.6876,8.6876,8.6876,8.6876,8.6876,8.6876,8.6876,8.6876,8.6876,8.6876,8.6876,8.6876,8.6876,8.6876,8.6876,8.6876,8.6876,8.6876,8.6876,8.6876,8.6876,8.6876,8.6876,8.6876,8.6876,8.6876,8.6876,8.6876,8.6876,8.6876,8.6876,8.6876,8.6876,8.6876,8.6876,8.6876,8.6876,8.6876,8.6876,8.6876,8.6876,8.6876,8.6876,8.6876,8.6876,8.6876,8.6876,8.6876,8.6876,8.6876,8.6876,8.6876,8.6876,8.6876,8.6876,8.6876,8.6876,8.6876,8.6876,8.6876,8.6876,8.6876,8.6876,8.6876,8.6876,8.6876,8.6876,8.6876,8.6876,8.6876,8.6876,8.6876,8.6876,8.6876,8.6876,8.6876,8.6876,8.6876,8.6876,8.6876,8.6876,8.6876,8.6876,8.6876,8.6876,8.6876,8.6876,8.6876,8.6876,8.6876,8.6876
8.6791,8.6791,8.6791,8.6791,8.6791,8.6791,8.6791,8.6791,8.6791,8.6791,8.6791,8.6791,8.6791,8.6791,8.6791,8.6791,8.6791,8.6791,8.6791,8.6791,8.6791,8.6791,8.6791,8.6791,8.6791,8.6791,8.6791,8.6791,8.6791,8.6791,8.6791,8.6791,8.6791,8.6791,8.6791,8.6791,8.6791,8.6791,8.6791,8.6791,8.6791,8.6791,8.6791,8.6791,8.6791,8.6791,8.6791,8.6791,8.6791,8.6791,8.6791,8.6791,8.6791,8.6791,8.6791,8.6791,8.6791,8.6791,8.6791,8.6791,8.6791,8.6791,8.6791,8.6791,8.6791,8.6791,8.6791,8.6791,8.6791,8.6791,8.6791,8.6791,8.6791,8.6791,8.6791,8.6791,8.6791,8.6791,8.6791,8.6791,8.6791,8.6791,8.6791,8.6791,8.6791,8.6791,8.6791,8.6791,8.6791,8.6791,8.6791,8.6791,8.6791,8.6791,8.6791,8.6791,8.6791,8.6791,8.6791,8.6791,8.6791,8.6791,8.6791,8.6791,8.6791,8.6791,8.6791,8.6791,8.6791,8.6791,8.6791,8.6791,8.6791,8.6791,8.6791,8.6791,8.6791,8.6791,8.6791,8.6791,8.6791,8.6791,8.6791,8.6791,8.6791,8.6791,8.6791,8.6791,8.6791,8.6791,8.6791,8.6791,8.6791,8.6791,8.6791,8.6791,8.6791,8.6791,8.6791,8.6791,8.6791,8.6791,8.6791,8.6791,8.6791,8.6791,8.6791,8.6791,8.6791,8.6791,8.6791,8.6791,8.6791,8.6791,8.6791,8.6791,8.6791,8.6791,8.6791,8.6791,8.6791,8.6791,8.6791,8.6791,8.6791,8.6791,8.6791,8.6791,8.6791,8.6791,8.6791,8.6791,8.6791,8.6791,8.6791,8.6791,8.6791,8.6791,8.6791,8.6791,8.6791,8.6791,8.6791,8.6791,8.6791,8.6791,8.6791,8.6791,8.6791,8.6791,8.6791,8.6791,8.6791,8.6791,8.6791,8.6791,8.6791,8.6791,8.6791,8.6791,8.6791,8.6791,8.6791,8.6791,8.6791,8.6791,8.6791,8.6791,8.6791,8.6791,8.6791,8.6791,8.6791,8.6791,8.6791,8.6791,8.6791,8.6791,8.6791,8.6791,8.6791,8.6791,8.6791,8.6791,8.6791,8.6791,8.6791,8.6791,8.6791,8.6791,8.6791,8.6791,8.6791,8.6791,8.6791,8.6791,8.6791,8.6791,8.6791,8.6791,8.6791,8.6791,8.6791,8.6791,8.6791,8.6791,8.6791,8.6791,8.6791,8.6791,8.6791,8.6791,8.6791,8.6791,8.6791,8.6791,8.6791,8.6791,8.6791,8.6791,8.6791,8.6791,8.6791,8.6791,8.6791,8.6791,8.6791,8.6791,8.6791,8.6791,8.6791,8.6791,8.6791,8.6791,8.6791,8.6791,8.6791,8.6791,8.6791,8.6791,8.6791,8.6791,8.6791,8.6791,8.6791,8.6791,8.6791,8.6791,8.6791,8.6791,8.6791,8.6791,8.6791,8.6791,8.6791,8.6791,8.6791,8.6791,8.6791,8.6791,8.6791,8.6791,8.6791,8.6791,8.6791,8.6791,8.6791,8.6791,8.6791,8.6791,8.6791,8.6791,8.6791,8.6791,8.6791,8.6791,8.6791,8.6791,8.6791,8.6791,8.6791,8.6791,8.6791,8.6791,8.6791,8.6791,8.6791,8.6791,8.6791,8.6791,8.6791,8.6791,8.6791,8.6791,8.6791,8.6791,8.6791,8.6791,8.6791,8.6791,8.6791,8.6791,8.6791,8.6791,8.6791,8.6791,8.6791,8.6791,8.6791,8.6791,8.6791,8.6791,8.6791,8.6791,8.6791,8.6791,8.6791,8.6791,8.6791,8.6791,8.6791,8.6791,8.6791,8.6791,8.6791,8.6791,8.6791,8.6791,8.6791,8.6791,8.6791,8.6791,8.6791,8.6791,8.6791,8.6791,8.6791,8.6791,8.6791,8.6791,8.6791,8.6791,8.6791,8.6791,8.6791,8.6791,8.6791,8.6791,8.6791,8.6791,8.6791,8.6791,8.6791,8.6791,8.6791,8.6791,8.6791,8.6791,8.6791,8.6791,8.6791,8.6791,8.6791,8.6791,8.6791,8.6791,8.6791,8.6791,8.6791,8.6791,8.6791,8.6791,8.6791,8.6791,8.6791,8.6791,8.6791,8.6791,8.6791,8.6791,8.6791,8.6791,8.6791,8.6791,8.6791,8.6791,8.6791,8.6791,8.6791,8.6791,8.6791,8.6791,8.6791,8.6791,8.6791,8.6791,8.6791,8.6791,8.6791,8.6791,8.6791,8.6791,8.6791,8.6791,8.6791,8.6791,8.6791,8.6791,8.6791,8.6791,8.6791,8.6791,8.6791,8.6791,8.6791,8.6791,8.6791,8.6791,8.6791,8.6791,8.6791,8.6791,8.6791,8.6791,8.6791,8.6791,8.6791,8.6791,8.6791,8.6791,8.6791,8.6791,8.6791,8.6791,8.6791,8.6791,8.6791,8.6791,8.6791,8.6791,8.6791,8.6791,8.6791,8.6791,8.6791,8.6791,8.6791,8.6791,8.6791,8.6791,8.6791,8.6791,8.6791,8.6791,8.6791,8.6791,8.6791,8.6791,8.6791,8.6791,8.6791,8.6791,8.6791,8.6791,8.6791,8.6791,8.6791,8.6791,8.6791,8.6791,8.6791,8.6791,8.6791,8.6791,8.6791,8.6791,8.6791,8.6791,8.6791,8.6791,8.6791,8.6791,8.6791,8.6791,8.6791,8.6791,8.6791,8.6791,8.6791,8.6791,8.6791,8.6791,8.6791,8.6791,8.6791,8.6791,8.6791,8.6791,8.6791,8.6791,8.6791,8.6791,8.6791,8.6791,8.6791,8.6791,8.6791,8.6791,8.6791,8.6791,8.6791,8.6791,8.6791,8.6791,8.6791,8.6791,8.6791,8.6791,8.6791,8.6791,8.6791,8.6791,8.6791,8.6791,8.6791,8.6791,8.6791,8.6791,8.6791,8.6791,8.6791,8.6791,8.6791,8.6791,8.6791,8.6791,8.6791,8.6791,8.6791,8.6791,8.6791,8.6791,8.6791,8.6791,8.6791,8.6791,8.6791,8.6791,8.6791,8.6791,8.6791,8.6791,8.6791,8.6791,8.6791,8.6791,8.6791,8.6791,8.6791,8.6791,8.6791,8.6791,8.6791,8.6791,8.6791,8.6791,8.6791,8.6791,8.6791,8.6791,8.6791,8.6791,8.6791,8.6791,8.6791,8.6791,8.6791,8.6791,8.6791,8.6791,8.6791,8.6791,8.6791,8.6791,8.6791,8.6791,8.6791,8.6791,8.6791,8.6791,8.6791,8.6791,8.6791,8.6791,8.6791,8.6791,8.6791,8.6791,8.6791,8.6791,8.6791,8.6791,8.6791,8.6791,8.6791,8.6791,8.6791,8.6791,8.6791,8.6791,8.6791,8.6791,8.6791,8.6791,8.6791,8.6791,8.6791,8.6791,8.6791,8.6791,8.6791,8.6791,8.6791,8.6791,8.6791,8.6791,8.6791,8.6791,8.6791,8.6791,8.6791,8.6791,8.6791,8.6791,8.6791,8.6791,8.6791,8.6791,8.6791,8.6791,8.6791,8.6791,8.6791,8.6791,8.6791,8.6791,8.6791,8.6791,8.6791,8.6791,8.6791,8.6791,8.6791,8.6791,8.6791,8.6791,8.6791,8.6791,8.6791,8.6791,8.6791,8.6791,8.6791,8.6791,8.6791,8.6791,8.6791,8.6791,8.6791,8.6791,8.6791,8.6791,8.6791,8.6791,8.6791,8.6791,8.6791,8.6791,8.6791,8.6791,8.6791,8.6791,8.6791,8.6791,8.6791,8.6791,8.6791,8.6791,8.6791,8.6791,8.6791,8.6791,8.6791,8.6791,8.6791,8.6791,8.6791,8.6791,8.6791,8.6791,8.6791,8.6791,8.6791,8.6791,8.6791,8.6791,8.6791,8.6791,8.6791,8.6791,8.6791,8.6791,8.6791,8.6791,8.6791,8.6791,8.6791,8.6791,8.6791,8.6791,8.6791,8.6791,8.6791,8.6791,8.6791,8.6791,8.6791,8.6791,8.6791,8.6791,8.6791,8.6791,8.6791,8.6791,8.6791,8.6791,8.6791,8.6791,8.6791,8.6791,8.6791,8.6791,8.6791,8.6791,8.6791,8.6791,8.6791,8.6791,8.6791,8.6791,8.6791,8.6791,8.6791,8.6791,8.6791,8.6791,8.6791,8.6791,8.6791,8.6791,8.6791,8.6791,8.6791,8.6791,8.6791,8.6791,8.6791,8.6791,8.6791,8.6791,8.6791,8.6791,8.6791,8.6791,8.6791,8.6791,8.6791,8.6791,8.6791,8.6791,8.6791,8.6791,8.6791,8.6791,8.6791,8.6791,8.6791,8.6791,8.6791,8.6791,8.6791,8.6791,8.6791,8.6791,8.6791,8.6791,8.6791,8.6791,8.6791,8.6791,8.6791,8.6791,8.6791,8.6791,8.6791,8.6791,8.6791,8.6791,8.6791,8.6791,8.6791,8.6791,8.6791,8.6791,8.6791,8.6791,8.6791,8.6791,8.6791,8.6791,8.6791,8.6791,8.6791,8.6791,8.6791,8.6791,8.6791,8.6791,8.6791,8.6791,8.6791,8.6791,8.6791,8.6791,8.6791,8.6791,8.6791,8.6791,8.6791,8.6791,8.6791,8.6791,8.6791,8.6791,8.6791,8.6791,8.6791,8.6791,8.6791,8.6791,8.6791,8.6791,8.6791,8.6791,8.6791,8.6791,8.6791,8.6791,8.6791,8.6791,8.6791,8.6791,8.6791,8.6791,8.6791,8.6791,8.6791,8.6791,8.6791,8.6791,8.6791,8.6791,8.6791,8.6791,8.6791,8.6791,8.6791,8.6791,8.6791,8.6791,8.6791,8.6791,8.6791,8.6791,8.6791,8.6791,8.6791,8.6791,8.6791,8.6791,8.6791,8.6791,8.6791,8.6791,8.6791,8.6791,8.6791,8.6791,8.6791,8.6791,8.6791,8.6791,8.6791,8.6791,8.6791,8.6791,8.6791,8.6791,8.6791,8.6791,8.6791,8.6791,8.6791,8.6791,8.6791,8.6791,8.6791,8.6791,8.6791,8.6791
8.6706,8.6706,8.6706,8.6706,8.6706,8.6706,8.6706,8.6706,8.6706,8.6706,8.6706,8.6706,8.6706,8.6706,8.6706,8.6706,8.6706,8.6706,8.6706,8.6706,8.6706,8.6706,8.6706,8.6706,8.6706,8.6706,8.6706,8.6706,8.6706,8.6706,8.6706,8.6706,8.6706,8.6706,8.6706,8.6706,8.6706,8.6706,8.6706,8.6706,8.6706,8.6706,8.6706,8.6706,8.6706,8.6706,8.6706,8.6706,8.6701,8.6701,8.6701,8.6701,8.6701,8.6701,8.6701,8.6701,8.6701,8.6701,8.6701,8.6701,8.6701,8.6701,8.6701,8.6701,8.6701,8.6701,8.6701,8.6701,8.6701,8.6701,8.6701,8.6701,8.6701,8.6701,8.6701,8.6701,8.6701,8.6701,8.6701,8.6701,8.6701,8.6701,8.6701,8.6701,8.6701,8.6701,8.6701,8.6701,8.6701,8.6701,8.6701,8.6701,8.6701,8.6701,8.6701,8.6701,8.6701,8.6701,8.6701,8.6701,8.6701,8.6701,8.6701,8.6701,8.6701,8.6701,8.6701,8.6701,8.6701,8.6701,8.6701,8.6701,8.6701,8.6701,8.6701,8.6701,8.6701,8.6701,8.6701,8.6701,8.6701,8.6701,8.6701,8.6701,8.6701,8.6701,8.6701,8.6701,8.6701,8.6701,8.6701,8.6701,8.6701,8.6701,8.6701,8.6701,8.6701,8.6701,8.6701,8.6701,8.6701,8.6701,8.6701,8.6701,8.6701,8.6701,8.6701,8.6701,8.6701,8.6701,8.6701,8.6701,8.6701,8.6701,8.6701,8.6701,8.6701,8.6701,8.6701,8.6701,8.6701,8.6701,8.6701,8.6701,8.6701,8.6701,8.6701,8.6701,8.6701,8.6701,8.6701,8.6701,8.6701,8.6701,8.6701,8.6701,8.6701,8.6701,8.6701,8.6701,8.6701,8.6701,8.6701,8.6701,8.6701,8.6701,8.6701,8.6701,8.6701,8.6701,8.6701,8.6701,8.6701,8.6701,8.6701,8.6701,8.6701,8.6701,8.6701,8.6701,8.6701,8.6701,8.6701,8.6701,8.6701,8.6701,8.6701,8.6701,8.6701,8.6701,8.6701,8.6701,8.6701,8.6701,8.6701,8.6701,8.6701,8.6701,8.6701,8.6701,8.6701,8.6701,8.6701,8.6701,8.6701,8.6701,8.6701,8.6701,8.6701,8.6701,8.6701,8.6701,8.6701,8.6701,8.6701,8.6701,8.6701,8.6701,8.6701,8.6701,8.6701,8.6701,8.6701,8.6701,8.6701,8.6701,8.6701,8.6701,8.6701,8.6701,8.6701,8.6701,8.6701,8.6701,8.6701,8.6701,8.6701,8.6701,8.6701,8.6701,8.6701,8.6701,8.6701,8.6701,8.6701,8.6701,8.6701,8.6701,8.6701,8.6701,8.6701,8.6701,8.6701,8.6701,8.6701,8.6701,8.6701,8.6701,8.6701,8.6701,8.6701,8.6701,8.6701,8.6701,8.6701,8.6701,8.6701,8.6701,8.6701,8.6701,8.6701,8.6701,8.6701,8.6701,8.6701,8.6701,8.6701,8.6701,8.6701,8.6701,8.6701,8.6701,8.6701,8.6701,8.6701,8.6701,8.6701,8.6701,8.6701,8.6701,8.6701,8.6701,8.6701,8.6701,8.6701,8.6701,8.6701,8.6701,8.6701,8.6701,8.6701,8.6701,8.6701,8.6701,8.6701,8.6701,8.6701,8.6701,8.6701,8.6701,8.6701,8.6701,8.6701,8.6701,8.6701,8.6701,8.6701,8.6701,8.6701,8.6701,8.6701,8.6701,8.6701,8.6701,8.6701,8.6701,8.6701,8.6701,8.6701,8.6701,8.6701,8.6701,8.6701,8.6701,8.6701,8.6701,8.6701,8.6701,8.6701,8.6701,8.6701,8.6701,8.6701,8.6701,8.6701,8.6701,8.6701,8.6701,8.6701,8.6701,8.6701,8.6701,8.6701,8.6701,8.6701,8.6701,8.6701,8.6701,8.6701,8.6701,8.6701,8.6701,8.6701,8.6701,8.6701,8.6701,8.6701,8.6701,8.6701,8.6701,8.6701,8.6701,8.6701,8.6701,8.6701,8.6701,8.6701,8.6701,8.6701,8.6701,8.6701,8.6701,8.6701,8.6701,8.6701,8.6701,8.6701,8.6701,8.6701,8.6701,8.6701,8.6701,8.6701,8.6701,8.6701,8.6701,8.6701,8.6701,8.6701,8.6701,8.6701,8.6701,8.6701,8.6701,8.6701,8.6701,8.6701,8.6701,8.6701,8.6701,8.6701,8.6701,8.6701,8.6701,8.6701,8.6701,8.6701,8.6701,8.6701,8.6701,8.6701,8.6701,8.6701,8.6701,8.6701,8.6701,8.6701,8.6701,8.6701,8.6701,8.6701,8.6701,8.6701,8.6701,8.6701,8.6701,8.6701,8.6701,8.6701,8.6701,8.6701,8.6701,8.6701,8.6701,8.6701,8.6701,8.6701,8.6701,8.6701,8.6701,8.6701,8.6701,8.6701,8.6701,8.6701,8.6701,8.6701,8.6701,8.6701,8.6701,8.6701,8.6701,8.6701,8.6701,8.6701,8.6701,8.6701,8.6701,8.6701,8.6701,8.6701,8.6701,8.6701,8.6701,8.6701,8.6701,8.6701,8.6701,8.6701,8.6701,8.6701,8.6701,8.6701,8.6701,8.6701,8.6701,8.6701,8.6701,8.6701,8.6701,8.6701,8.6701,8.6701,8.6701,8.6701,8.6701,8.6701,8.6701,8.6701,8.6701,8.6701,8.6701,8.6701,8.6701,8.6701,8.6701,8.6701,8.6701,8.6701,8.6701,8.6701,8.6701,8.6701,8.6701,8.6701,8.6701,8.6701,8.6701,8.6701,8.6701,8.6701,8.6701,8.6701,8.6701,8.6701,8.6701,8.6701,8.6701,8.6701,8.6701,8.6701,8.6701,8.6701,8.6701,8.6701,8.6701,8.6701,8.6701,8.6701,8.6701,8.6701,8.6701,8.6701,8.6701,8.6701,8.6701,8.6701,8.6701,8.6701,8.6701,8.6701,8.6701,8.6701,8.6701,8.6701,8.6701,8.6701,8.6701,8.6701,8.6701,8.6701,8.6701,8.6701,8.6701,8.6701,8.6701,8.6701,8.6701,8.6701,8.6701,8.6701,8.6701,8.6701,8.6701,8.6701,8.6701,8.6701,8.6701,8.6701,8.6701,8.6701,8.6701,8.6701,8.6701,8.6701,8.6701,8.6701,8.6701,8.6701,8.6701,8.6701,8.6701,8.6701,8.6701,8.6701,8.6701,8.6701,8.6701,8.6701,8.6701,8.6701,8.6701,8.6701,8.6701,8.6701,8.6701,8.6701,8.6701,8.6701,8.6701,8.6701,8.6701,8.6701,8.6701,8.6701,8.6701,8.6701,8.6701,8.6701,8.6701,8.6701,8.6701,8.6701,8.6701,8.6701,8.6701,8.6701,8.6701,8.6701,8.6701,8.6701,8.6701,8.6701,8.6701,8.6701,8.6701,8.6701,8.6701,8.6701,8.6701,8.6701,8.6701,8.6701,8.6701,8.6701,8.6701,8.6701,8.6701,8.6701,8.6701,8.6701,8.6701,8.6701,8.6701,8.6701,8.6701,8.6701,8.6701,8.6701,8.6701,8.6701,8.6701,8.6701,8.6701,8.6701,8.6701,8.6701,8.6701,8.6701,8.6701,8.6701,8.6701,8.6701,8.6701,8.6701,8.6701,8.6701,8.6701,8.6701,8.6701,8.6701,8.6701,8.6701,8.6701,8.6701,8.6701,8.6701,8.6701,8.6701,8.6701,8.6701,8.6701,8.6701,8.6701,8.6701,8.6701,8.6701,8.6701,8.6701,8.6701,8.6701,8.6701,8.6701,8.6701,8.6701,8.6701,8.6701,8.6701,8.6701,8.6701,8.6701,8.6701,8.6701,8.6701,8.6701,8.6701,8.6701,8.6701,8.6701,8.6701,8.6701,8.6701,8.6701,8.6701,8.6701,8.6701,8.6701,8.6701,8.6701,8.6701,8.6701,8.6701,8.6701,8.6701,8.6701,8.6701,8.6701,8.6701,8.6701,8.6701,8.6701,8.6701,8.6701,8.6701,8.6701,8.6701,8.6701,8.6701,8.6701,8.6701,8.6701,8.6701,8.6701,8.6701,8.6701,8.6701,8.6701,8.6701,8.6701,8.6701,8.6701,8.6701,8.6701,8.6701,8.6701,8.6701,8.6701,8.6701,8.6701,8.6701,8.6701,8.6701,8.6701,8.6701,8.6701,8.6701,8.6701,8.6701,8.6701,8.6701,8.6701,8.6701,8.6701,8.6701,8.6701,8.6701,8.6701,8.6701,8.6701,8.6701,8.6701,8.6701,8.6701,8.6701,8.6701,8.6701,8.6701,8.6701,8.6701,8.6701,8.6701,8.6701,8.6701,8.6701,8.6701,8.6701,8.6701,8.6701,8.6701,8.6701,8.6701,8.6701,8.6701,8.6701,8.6701,8.6701,8.6701,8.6701,8.6701,8.6701,8.6701,8.6701,8.6701,8.6701,8.6701,8.6701,8.6701,8.6701,8.6701,8.6701,8.6701,8.6701,8.6701,8.6701,8.6701,8.6701,8.6701,8.6701,8.6701,8.6701,8.6701,8.6701,8.6701,8.6701,8.6701,8.6701,8.6701,8.6701,8.6701,8.6701,8.6701,8.6701,8.6701,8.6701,8.6701,8.6701,8.6701,8.6701,8.6701,8.6701,8.6701,8.6701,8.6701,8.6701,8.6701,8.6701,8.6701,8.6701,8.6701,8.6701,8.6701,8.6701,8.6701,8.6701,8.6701,8.6701,8.6701,8.6701,8.6701,8.6701,8.6701,8.6701,8.6701,8.6701,8.6701,8.6701,8.6701,8.6701,8.6701,8.6701,8.6701,8.6701,8.6701,8.6701,8.6701,8.6701,8.6701,8.6701,8.6701,8.6701,8.6701,8.6701,8.6701,8.6701,8.6701,8.6701,8.6701,8.6701,8.6701,8.6701,8.6701,8.6701,8.6701,8.6701,8.6701,8.6701,8.6701,8.6701,8.6701,8.6701,8.6701,8.6701,8.6701,8.6701,8.6701,8.6701,8.6701,8.6701,8.6701,8.6701,8.6701,8.6701,8.6701,8.6701,8.6701,8.6701,8.6701,8.6701,8.6701,8.6701
8.6621,8.6621,8.6621,8.6621,8.6621,8.6621,8.6621,8.6621,8.6621,8.6621,8.6621,8.6621,8.6621,8.6621,8.6621,8.6621,8.6621,8.6621,8.6621,8.6621,8.6621,8.6621,8.6621,8.6621,8.6621,8.6621,8.6621,8.6621,8.6621,8.6621,8.6621,8.6621,8.6621,8.6621,8.6621,8.6621,8.6621,8.6621,8.6621,8.6621,8.6621,8.6621,8.6621,8.6621,8.6621,8.6621,8.6621,8.6621,8.6621,8.6621,8.6621,8.6621,8.6621,8.6621,8.6621,8.6621,8.6621,8.6621,8.6621,8.6621,8.6621,8.6621,8.6621,8.6621,8.6621,8.6621,8.6621,8.6621,8.6621,8.6621,8.6621,8.6621,8.6621,8.6621,8.6621,8.6621,8.6621,8.6621,8.6621,8.6621,8.6621,8.6621,8.6621,8.6621,8.6621,8.6621,8.6621,8.6621,8.6621,8.6621,8.6621,8.6621,8.6621,8.6621,8.6621,8.6621,8.6621,8.6621,8.6621,8.6621,8.6621,8.6621,8.6621,8.6621,8.6621,8.6621,8.6621,8.6621,8.6621,8.6621,8.6621,8.6621,8.6621,8.6621,8.6621,8.6621,8.6621,8.6621,8.6621,8.6621,8.6621,8.6621,8.6621,8.6621,8.6621,8.6621,8.6621,8.6621,8.6621,8.6621,8.6621,8.6621,8.6621,8.6621,8.6621,8.6621,8.6621,8.6621,8.6621,8.6621,8.6621,8.6621,8.6621,8.6621,8.6621,8.6621,8.6621,8.6621,8.6621,8.6621,8.6621,8.6621,8.6621,8.6621,8.6621,8.6621,8.6621,8.6621,8.6621,8.6621,8.6621,8.6621,8.6621,8.6621,8.6621,8.6621,8.6621,8.6621,8.6621,8.6621,8.6621,8.6621,8.6621,8.6621,8.6621,8.6621,8.6621,8.6621,8.6621,8.6621,8.6621,8.6621,8.6621,8.6621,8.6621,8.6621,8.6621,8.6621,8.6621,8.6621,8.6621,8.6621,8.6621,8.6621,8.6621,8.6621,8.6621,8.6621,8.6621,8.6621,8.6621,8.6621,8.6621,8.6621,8.6621,8.6621,8.6621,8.6621,8.6621,8.6621,8.6621,8.6621,8.6621,8.6621,8.6621,8.6621,8.6621,8.6621,8.6621,8.6621,8.6621,8.6621,8.6621,8.6621,8.6621,8.6621,8.6621,8.6621,8.6621,8.6621,8.6621,8.6621,8.6621,8.6621,8.6621,8.6621,8.6621,8.6621,8.6621,8.6621,8.6621,8.6621,8.6621,8.6621,8.6621,8.6621,8.6621,8.6621,8.6621,8.6621,8.6621,8.6621,8.6621,8.6621,8.6621,8.6621,8.6621,8.6621,8.6621,8.6621,8.6621,8.6621,8.6621,8.6621,8.6621,8.6621,8.6621,8.6621,8.6621,8.6621,8.6621,8.6621,8.6621,8.6621,8.6621,8.6621,8.6621,8.6621,8.6621,8.6621,8.6621,8.6621,8.6621,8.6621,8.6621,8.6621,8.6621,8.6621,8.6621,8.6621,8.6621,8.6621,8.6621,8.6621,8.6621,8.6621,8.6621,8.6621,8.6621,8.6621,8.6621,8.6621,8.6621,8.6621,8.6621,8.6621,8.6621,8.6621,8.6621,8.6621,8.6621,8.6621,8.6621,8.6621,8.6621,8.6621,8.6621,8.6621,8.6621,8.6621,8.6621,8.6621,8.6621,8.6621,8.6621,8.6621,8.6621,8.6621,8.6621,8.6621,8.6621,8.6621,8.6621,8.6621,8.6621,8.6621,8.6621,8.6621,8.6621,8.6621,8.6621,8.6621,8.6621,8.6621,8.6621,8.6621,8.6621,8.6621,8.6621,8.6621,8.6621,8.6621,8.6621,8.6621,8.6621,8.6621,8.6621,8.6621,8.6621,8.6621,8.6621,8.6621,8.6621,8.6621,8.6621,8.6621,8.6621,8.6621,8.6621,8.6621,8.6621,8.6621,8.6621,8.6621,8.6621,8.6621,8.6621,8.6621,8.6621,8.6621,8.6621,8.6621,8.6621,8.6621,8.6621,8.6621,8.6621,8.6621,8.6621,8.6621,8.6621,8.6621,8.6621,8.6621,8.6621,8.6621,8.6621,8.6621,8.6621,8.6621,8.6621,8.6621,8.6621,8.6621,8.6621,8.6621,8.6621,8.6621,8.6621,8.6621,8.6621,8.6621,8.6621,8.6621,8.6621,8.6621,8.6621,8.6621,8.6621,8.6621,8.6621,8.6621,8.6621,8.6621,8.6621,8.6621,8.6621,8.6621,8.6621,8.6621,8.6621,8.6621,8.6621,8.6621,8.6621,8.6621,8.6621,8.6621,8.6621,8.6621,8.6621,8.6621,8.6621,8.6621,8.6621,8.6621,8.6621,8.6621,8.6621,8.6621,8.6621,8.6621,8.6621,8.6621,8.6621,8.6621,8.6621,8.6621,8.6621,8.6621,8.6621,8.6621,8.6621,8.6621,8.6621,8.6621,8.6621,8.6621,8.6621,8.6621,8.6621,8.6621,8.6621,8.6621,8.6621,8.6621,8.6621,8.6621,8.6621,8.6621,8.6621,8.6621,8.6621,8.6621,8.6621,8.6621,8.6621,8.6621,8.6621,8.6621,8.6621,8.6621,8.6621,8.6621,8.6621,8.6621,8.6621,8.6621,8.6621,8.6621,8.6621,8.6621,8.6621,8.6621,8.6621,8.6621,8.6621,8.6621,8.6621,8.6621,8.6621,8.6621,8.6621,8.6621,8.6621,8.6621,8.6621,8.6621,8.6621,8.6621,8.6621,8.6621,8.6621,8.6621,8.6621,8.6621,8.6621,8.6621,8.6621,8.6621,8.6621,8.6621,8.6621,8.6621,8.6621,8.6621,8.6621,8.6621,8.6621,8.6621,8.6621,8.6621,8.6621,8.6621,8.6621,8.6621,8.6621,8.6621,8.6621,8.6621,8.6621,8.6621,8.6621,8.6621,8.6621,8.6621,8.6621,8.6621,8.6621,8.6621,8.6621,8.6621,8.6621,8.6621,8.6621,8.6621,8.6621,8.6621,8.6621,8.6621,8.6621,8.6621,8.6621,8.6621,8.6621,8.6621,8.6621,8.6621,8.6621,8.6621,8.6621,8.6621,8.6621,8.6621,8.6621,8.6621,8.6621,8.6621,8.6621,8.6621,8.6621,8.6621,8.6621,8.6621,8.6621,8.6621,8.6621,8.6621,8.6621,8.6621,8.6621,8.6621,8.6621,8.6621,8.6621,8.6621,8.6621,8.6621,8.6621,8.6621,8.6621,8.6621,8.6621,8.6621,8.6621,8.6621,8.6621,8.6621,8.6621,8.6621,8.6621,8.6621,8.6621,8.6621,8.6621,8.6621,8.6621,8.6621,8.6621,8.6621,8.6621,8.6621,8.6621,8.6621,8.6621,8.6621,8.6621,8.6621,8.6621,8.6621,8.6621,8.6621,8.6621,8.6621,8.6621,8.6621,8.6621,8.6621,8.6621,8.6621,8.6621,8.6621,8.6621,8.6621,8.6621,8.6621,8.6621,8.6621,8.6621,8.6621,8.6621,8.6621,8.6621,8.6621,8.6621,8.6621,8.6621,8.6621,8.6621,8.6621,8.6621,8.6621,8.6621,8.6621,8.6621,8.6621,8.6621,8.6621,8.6621,8.6621,8.6621,8.6621,8.6621,8.6621,8.6621,8.6621,8.6621,8.6621,8.6621,8.6621,8.6621,8.6621,8.6621,8.6621,8.6621,8.6621,8.6621,8.6621,8.6621,8.6621,8.6621,8.6621,8.6621,8.6621,8.6621,8.6621,8.6621,8.6621,8.6621,8.6621,8.6621,8.6621,8.6621,8.6621,8.6621,8.6621,8.6621,8.6621,8.6621,8.6621,8.6621,8.6621,8.6621,8.6621,8.6621,8.6621,8.6621,8.6621,8.6621,8.6621,8.6621,8.6621,8.6621,8.6621,8.6621,8.6621,8.6621,8.6621,8.6621,8.6621,8.6621,8.6621,8.6621,8.6621,8.6621,8.6621,8.6621,8.6621,8.6621,8.6621,8.6621,8.6621,8.6621,8.6621,8.6621,8.6621,8.6621,8.6621,8.6621,8.6621,8.6621,8.6621,8.6621,8.6621,8.6621,8.6621,8.6621,8.6621,8.6621,8.6621,8.6621,8.6621,8.6621,8.6621,8.6621,8.6621,8.6621,8.6621,8.6621,8.6621,8.6621,8.6621,8.6621,8.6621,8.6621,8.6621,8.6621,8.6621,8.6621,8.6621,8.6621,8.6621,8.6621,8.6621,8.6621,8.6621,8.6621,8.6621,8.6621,8.6621,8.6621,8.6621,8.6621,8.6621,8.6621,8.6621,8.6621,8.6621,8.6621,8.6621,8.6621,8.6621,8.6621,8.6621,8.6621,8.6621,8.6621,8.6621,8.6621,8.6621,8.6621,8.6621,8.6621,8.6621,8.6621,8.6621,8.6621,8.6621,8.6616,8.6616,8.6616,8.6616,8.6616,8.6616,8.6616,8.6616,8.6616,8.6616,8.6616,8.6616,8.6616,8.6616,8.6616,8.6616,8.6616,8.6616,8.6616,8.6616,8.6616,8.6616,8.6616,8.6616,8.6616,8.6616,8.6616,8.6616,8.6616,8.6616,8.6616,8.6616,8.6616,8.6616,8.6616,8.6616,8.6616,8.6616,8.6616,8.6616,8.6616,8.6616,8.6616,8.6616,8.6616,8.6616,8.6616,8.6616,8.6616,8.6616,8.6616,8.6616,8.6616,8.6616,8.6616,8.6616,8.6616,8.6616,8.6616,8.6616,8.6616,8.6616,8.6616,8.6616,8.6616,8.6616,8.6616,8.6616,8.6616,8.6616,8.6616,8.6616,8.6616,8.6616,8.6616,8.6616,8.6616,8.6616,8.6616,8.6616,8.6616,8.6616,8.6616,8.6616,8.6616,8.6616,8.6616,8.6616,8.6616,8.6616,8.6616,8.6616,8.6616,8.6616,8.6616,8.6616,8.6616,8.6616,8.6616,8.6616,8.6616,8.6616,8.6616,8.6616,8.6616,8.6616,8.6616,8.6616,8.6616,8.6616,8.6616,8.6616,8.6616,8.6616,8.6616,8.6616,8.6616,8.6616,8.6616,8.6616,8.6616,8.6616,8.6616,8.6616,8.6616,8.6616,8.6616,8.6616,8.6616,8.6616,8.6616,8.6616
8.6540,8.6540,8.6540,8.6540,8.6540,8.6540,8.6540,8.6540,8.6540,8.6540,8.6540,8.6540,8.6540,8.6540,8.6540,8.6540,8.6540,8.6540,8.6540,8.6540,8.6540,8.6540,8.6540,8.6540,8.6540,8.6540,8.6540,8.6540,8.6540,8.6540,8.6540,8.6540,8.6540,8.6540,8.6540,8.6540,8.6540,8.6540,8.6540,8.6540,8.6540,8.6540,8.6540,8.6540,8.6540,8.6540,8.6540,8.6540,8.6540,8.6540,8.6540,8.6540,8.6540,8.6540,8.6540,8.6540,8.6540,8.6540,8.6540,8.6540,8.6540,8.6540,8.6540,8.6540,8.6540,8.6540,8.6540,8.6540,8.6540,8.6540,8.6540,8.6540,8.6540,8.6540,8.6540,8.6540,8.6540,8.6540,8.6540,8.6540,8.6540,8.6540,8.6540,8.6540,8.6540,8.6540,8.6540,8.6540,8.6540,8.6540,8.6540,8.6540,8.6540,8.6540,8.6540,8.6540,8.6540,8.6540,8.6540,8.6540,8.6540,8.6540,8.6540,8.6540,8.6540,8.6540,8.6540,8.6540,8.6540,8.6540,8.6540,8.6540,8.6540,8.6540,8.6540,8.6540,8.6540,8.6540,8.6540,8.6540,8.6540,8.6540,8.6540,8.6540,8.6540,8.6540,8.6540,8.6540,8.6540,8.6540,8.6540,8.6540,8.6540,8.6540,8.6540,8.6540,8.6540,8.6540,8.6540,8.6540,8.6540,8.6540,8.6540,8.6540,8.6540,8.6540,8.6540,8.6540,8.6540,8.6540,8.6540,8.6540,8.6540,8.6540,8.6540,8.6540,8.6540,8.6540,8.6540,8.6540,8.6540,8.6540,8.6540,8.6540,8.6540,8.6540,8.6540,8.6540,8.6540,8.6540,8.6540,8.6540,8.6540,8.6540,8.6540,8.6540,8.6540,8.6540,8.6540,8.6540,8.6540,8.6540,8.6540,8.6540,8.6540,8.6540,8.6540,8.6540,8.6540,8.6540,8.6540,8.6540,8.6540,8.6540,8.6540,8.6540,8.6540,8.6540,8.6540,8.6540,8.6540,8.6540,8.6540,8.6540,8.6540,8.6540,8.6540,8.6540,8.6540,8.6540,8.6540,8.6540,8.6540,8.6540,8.6540,8.6540,8.6540,8.6540,8.6540,8.6540,8.6540,8.6540,8.6540,8.6540,8.6540,8.6540,8.6540,8.6540,8.6540,8.6540,8.6540,8.6540,8.6540,8.6540,8.6540,8.6540,8.6540,8.6540,8.6540,8.6540,8.6540,8.6540,8.6540,8.6540,8.6540,8.6540,8.6540,8.6540,8.6540,8.6540,8.6540,8.6540,8.6540,8.6540,8.6540,8.6540,8.6540,8.6540,8.6540,8.6540,8.6540,8.6540,8.6540,8.6540,8.6540,8.6540,8.6540,8.6540,8.6540,8.6540,8.6540,8.6540,8.6540,8.6540,8.6540,8.6540,8.6540,8.6540,8.6540,8.6540,8.6540,8.6540,8.6540,8.6540,8.6540,8.6540,8.6540,8.6540,8.6540,8.6540,8.6540,8.6540,8.6540,8.6540,8.6540,8.6540,8.6540,8.6540,8.6540,8.6540,8.6540,8.6540,8.6540,8.6540,8.6540,8.6540,8.6540,8.6540,8.6540,8.6540,8.6540,8.6540,8.6540,8.6540,8.6540,8.6540,8.6540,8.6540,8.6540,8.6540,8.6540,8.6540,8.6540,8.6540,8.6540,8.6540,8.6540,8.6540,8.6540,8.6540,8.6540,8.6540,8.6540,8.6540,8.6540,8.6540,8.6540,8.6540,8.6540,8.6540,8.6540,8.6540,8.6540,8.6540,8.6540,8.6540,8.6540,8.6540,8.6540,8.6540,8.6540,8.6540,8.6540,8.6540,8.6540,8.6540,8.6540,8.6540,8.6540,8.6540,8.6540,8.6540,8.6540,8.6540,8.6540,8.6540,8.6540,8.6540,8.6540,8.6540,8.6540,8.6540,8.6540,8.6540,8.6540,8.6540,8.6540,8.6540,8.6540,8.6540,8.6540,8.6540,8.6540,8.6540,8.6540,8.6540,8.6540,8.6540,8.6540,8.6540,8.6540,8.6540,8.6540,8.6540,8.6540,8.6540,8.6540,8.6540,8.6540,8.6540,8.6540,8.6540,8.6540,8.6540,8.6540,8.6540,8.6540,8.6540,8.6540,8.6540,8.6540,8.6540,8.6540,8.6540,8.6540,8.6540,8.6540,8.6540,8.6540,8.6540,8.6540,8.6540,8.6540,8.6540,8.6540,8.6540,8.6540,8.6540,8.6540,8.6540,8.6540,8.6540,8.6540,8.6540,8.6540,8.6540,8.6540,8.6540,8.6540,8.6540,8.6540,8.6540,8.6540,8.6540,8.6540,8.6540,8.6540,8.6540,8.6540,8.6540,8.6540,8.6540,8.6540,8.6540,8.6540,8.6540,8.6540,8.6540,8.6540,8.6540,8.6540,8.6540,8.6540,8.6540,8.6540,8.6540,8.6540,8.6540,8.6540,8.6540,8.6540,8.6540,8.6540,8.6540,8.6540,8.6540,8.6540,8.6540,8.6540,8.6540,8.6540,8.6540,8.6540,8.6540,8.6540,8.6540,8.6540,8.6540,8.6540,8.6540,8.6540,8.6540,8.6540,8.6540,8.6540,8.6540,8.6540,8.6540,8.6540,8.6540,8.6540,8.6540,8.6540,8.6540,8.6540,8.6540,8.6540,8.6540,8.6540,8.6540,8.6540,8.6540,8.6540,8.6540,8.6540,8.6540,8.6540,8.6540,8.6540,8.6540,8.6540,8.6540,8.6540,8.6540,8.6540,8.6540,8.6540,8.6540,8.6540,8.6540,8.6540,8.6540,8.6540,8.6540,8.6540,8.6540,8.6540,8.6540,8.6540,8.6540,8.6540,8.6540,8.6540,8.6540,8.6540,8.6540,8.6540,8.6540,8.6540,8.6540,8.6540,8.6540,8.6540,8.6540,8.6540,8.6540,8.6540,8.6540,8.6540,8.6540,8.6540,8.6540,8.6540,8.6540,8.6540,8.6540,8.6540,8.6540,8.6540,8.6540,8.6540,8.6540,8.6540,8.6540,8.6540,8.6540,8.6540,8.6540,8.6540,8.6540,8.6540,8.6540,8.6540,8.6540,8.6540,8.6540,8.6540,8.6540,8.6540,8.6540,8.6540,8.6540,8.6540,8.6540,8.6540,8.6540,8.6540,8.6540,8.6540,8.6540,8.6540,8.6540,8.6540,8.6540,8.6540,8.6540,8.6540,8.6540,8.6540,8.6540,8.6540,8.6540,8.6540,8.6540,8.6540,8.6540,8.6540,8.6540,8.6540,8.6540,8.6540,8.6540,8.6540,8.6540,8.6540,8.6540,8.6540,8.6540,8.6540,8.6540,8.6540,8.6540,8.6540,8.6540,8.6540,8.6540,8.6540,8.6540,8.6540,8.6540,8.6540,8.6540,8.6540,8.6540,8.6540,8.6540,8.6540,8.6540,8.6540,8.6540,8.6540,8.6540,8.6540,8.6540,8.6540,8.6540,8.6540,8.6540,8.6540,8.6540,8.6540,8.6540,8.6540,8.6540,8.6540,8.6540,8.6540,8.6540,8.6540,8.6540,8.6540,8.6540,8.6540,8.6540,8.6540,8.6540,8.6540,8.6540,8.6540,8.6540,8.6540,8.6540,8.6540,8.6540,8.6540,8.6540,8.6540,8.6540,8.6540,8.6540,8.6540,8.6540,8.6540,8.6540,8.6540,8.6540,8.6540,8.6540,8.6540,8.6540,8.6540,8.6540,8.6540,8.6540,8.6540,8.6540,8.6540,8.6540,8.6540,8.6540,8.6540,8.6540,8.6540,8.6540,8.6540,8.6540,8.6540,8.6540,8.6540,8.6540,8.6540,8.6540,8.6540,8.6540,8.6540,8.6540,8.6540,8.6540,8.6540,8.6540,8.6540,8.6540,8.6540,8.6540,8.6540,8.6540,8.6540,8.6540,8.6540,8.6540,8.6540,8.6540,8.6540,8.6540,8.6540,8.6540,8.6540,8.6540,8.6540,8.6540,8.6540,8.6540,8.6540,8.6540,8.6540,8.6540,8.6540,8.6540,8.6540,8.6540,8.6540,8.6540,8.6540,8.6540,8.6540,8.6540,8.6540,8.6540,8.6540,8.6540,8.6540,8.6540,8.6540,8.6540,8.6540,8.6540,8.6540,8.6540,8.6540,8.6540,8.6540,8.6540,8.6540,8.6540,8.6540,8.6540,8.6540,8.6540,8.6540,8.6540,8.6540,8.6540,8.6540,8.6540,8.6540,8.6540,8.6540,8.6540,8.6540,8.6540,8.6540,8.6540,8.6540,8.6540,8.6540,8.6540,8.6540,8.6540,8.6540,8.6540,8.6540,8.6540,8.6540,8.6540,8.6540,8.6540,8.6540,8.6540,8.6540,8.6540,8.6540,8.6540,8.6540,8.6540,8.6540,8.6540,8.6540,8.6540,8.6540,8.6540,8.6540,8.6540,8.6540,8.6540,8.6540,8.6540,8.6540,8.6540,8.6540,8.6540,8.6540,8.6540,8.6540,8.6540,8.6540,8.6540,8.6540,8.6540,8.6540,8.6540,8.6540,8.6540,8.6540,8.6540,8.6540,8.6540,8.6540,8.6540,8.6540,8.6540,8.6540,8.6540,8.6540,8.6540,8.6540,8.6540,8.6540,8.6540,8.6540,8.6540,8.6540,8.6540,8.6540,8.6540,8.6540,8.6540,8.6540,8.6540,8.6540,8.6540,8.6540,8.6540,8.6540,8.6540,8.6540,8.6540,8.6540,8.6540,8.6540,8.6540,8.6540,8.6540,8.6540,8.6540,8.6540,8.6540,8.6540,8.6540,8.6540,8.6540,8.6540,8.6540,8.6540,8.6540,8.6540,8.6540,8.6540,8.6540,8.6540,8.6540,8.6540,8.6540,8.6540,8.6540,8.6540,8.6540,8.6540,8.6540,8.6540,8.6540,8.6540,8.6540,8.6540,8.6540,8.6540,8.6540,8.6540,8.6540,8.6540,8.6540,8.6540,8.6540,8.6540,8.6540,8.6540,8.6540,8.6540,8.6540,8.6540,8.6540,8.6540,8.6540,8.6540,8.6540,8.6540,8.6540,8.6540,8.6540,8.6540,8.6540,8.6540,8.6540,8.6540,8.6540,8.6540,8.6540,8.6540,8.6540,8.6540,8.6540
8.6447,8.6447,8.6447,8.6447,8.6447,8.6447,8.6447,8.6447,8.6447,8.6447,8.6447,8.6447,8.6447,8.6447,8.6447,8.6447,8.6447,8.6447,8.6447,8.6447,8.6447,8.6447,8.6447,8.6447,8.6447,8.6447,8.6447,8.6447,8.6447,8.6447,8.6447,8.6447,8.6447,8.6447,8.6447,8.6447,8.6447,8.6447,8.6447,8.6447,8.6447,8.6447,8.6447,8.6447,8.6447,8.6447,8.6447,8.6447,8.6447,8.6447,8.6447,8.6447,8.6447,8.6447,8.6447,8.6447,8.6447,8.6447,8.6447,8.6447,8.6447,8.6447,8.6447,8.6447,8.6447,8.6447,8.6447,8.6447,8.6447,8.6447,8.6447,8.6447,8.6447,8.6447,8.6447,8.6447,8.6447,8.6447,8.6447,8.6447,8.6447,8.6447,8.6447,8.6447,8.6447,8.6447,8.6447,8.6447,8.6447,8.6447,8.6447,8.6447,8.6447,8.6447,8.6447,8.6447,8.6447,8.6447,8.6447,8.6447,8.6447,8.6447,8.6447,8.6447,8.6447,8.6447,8.6447,8.6447,8.6447,8.6447,8.6447,8.6447,8.6447,8.6447,8.6447,8.6447,8.6447,8.6447,8.6447,8.6447,8.6447,8.6447,8.6447,8.6447,8.6447,8.6447,8.6447,8.6447,8.6447,8.6447,8.6447,8.6447,8.6447,8.6447,8.6447,8.6447,8.6447,8.6447,8.6447,8.6447,8.6447,8.6447,8.6447,8.6447,8.6447,8.6447,8.6447,8.6447,8.6447,8.6447,8.6447,8.6447,8.6447,8.6447,8.6447,8.6447,8.6447,8.6447,8.6447,8.6447,8.6447,8.6447,8.6447,8.6447,8.6447,8.6447,8.6447,8.6447,8.6447,8.6447,8.6447,8.6447,8.6447,8.6447,8.6447,8.6447,8.6447,8.6447,8.6447,8.6447,8.6447,8.6447,8.6447,8.6447,8.6447,8.6447,8.6447,8.6447,8.6447,8.6447,8.6447,8.6447,8.6447,8.6447,8.6447,8.6447,8.6447,8.6447,8.6447,8.6447,8.6447,8.6447,8.6447,8.6447,8.6447,8.6447,8.6447,8.6447,8.6447,8.6447,8.6447,8.6447,8.6447,8.6447,8.6447,8.6447,8.6447,8.6447,8.6447,8.6447,8.6447,8.6447,8.6447,8.6447,8.6447,8.6447,8.6447,8.6447,8.6447,8.6447,8.6447,8.6447,8.6447,8.6447,8.6447,8.6447,8.6447,8.6447,8.6447,8.6447,8.6447,8.6447,8.6447,8.6447,8.6447,8.6447,8.6447,8.6447,8.6447,8.6447,8.6447,8.6447,8.6447,8.6447,8.6447,8.6447,8.6447,8.6447,8.6447,8.6447,8.6447,8.6447,8.6447,8.6447,8.6447,8.6447,8.6447,8.6447,8.6447,8.6447,8.6447,8.6447,8.6447,8.6447,8.6447,8.6447,8.6447,8.6447,8.6447,8.6447,8.6447,8.6447,8.6447,8.6447,8.6447,8.6447,8.6447,8.6447,8.6447,8.6447,8.6447,8.6447,8.6447,8.6447,8.6447,8.6447,8.6447,8.6447,8.6447,8.6447,8.6447,8.6447,8.6447,8.6447,8.6447,8.6447,8.6447,8.6447,8.6447,8.6447,8.6447,8.6447,8.6447,8.6447,8.6447,8.6447,8.6447,8.6447,8.6447,8.6447,8.6447,8.6447,8.6447,8.6447,8.6447,8.6447,8.6447,8.6447,8.6447,8.6447,8.6447,8.6447,8.6447,8.6447,8.6447,8.6447,8.6447,8.6447,8.6447,8.6447,8.6447,8.6447,8.6447,8.6447,8.6447,8.6447,8.6447,8.6447,8.6447,8.6447,8.6447,8.6447,8.6447,8.6447,8.6447,8.6447,8.6447,8.6447,8.6447,8.6447,8.6447,8.6447,8.6447,8.6447,8.6447,8.6447,8.6447,8.6447,8.6447,8.6447,8.6447,8.6447,8.6447,8.6447,8.6447,8.6447,8.6447,8.6447,8.6447,8.6447,8.6447,8.6447,8.6447,8.6447,8.6447,8.6447,8.6447,8.6447,8.6447,8.6447,8.6447,8.6447,8.6447,8.6447,8.6447,8.6447,8.6447,8.6447,8.6447,8.6447,8.6447,8.6447,8.6447,8.6447,8.6447,8.6447,8.6447,8.6447,8.6447,8.6447,8.6447,8.6447,8.6447,8.6447,8.6447,8.6447,8.6447,8.6447,8.6447,8.6447,8.6447,8.6447,8.6447,8.6447,8.6447,8.6447,8.6447,8.6447,8.6447,8.6447,8.6447,8.6447,8.6447,8.6447,8.6447,8.6447,8.6447,8.6447,8.6447,8.6447,8.6447,8.6447,8.6447,8.6447,8.6447,8.6447,8.6447,8.6447,8.6447,8.6447,8.6447,8.6447,8.6447,8.6447,8.6447,8.6447,8.6447,8.6447,8.6447,8.6447,8.6447,8.6447,8.6447,8.6447,8.6447,8.6447,8.6447,8.6447,8.6447,8.6447,8.6447,8.6447,8.6447,8.6447,8.6447,8.6447,8.6447,8.6447,8.6447,8.6447,8.6447,8.6447,8.6447,8.6447,8.6447,8.6447,8.6447,8.6447,8.6447,8.6447,8.6447,8.6447,8.6447,8.6447,8.6447,8.6447,8.6447,8.6447,8.6447,8.6447,8.6447,8.6447,8.6447,8.6447,8.6447,8.6447,8.6447,8.6447,8.6447,8.6447,8.6447,8.6447,8.6447,8.6447,8.6447,8.6447,8.6447,8.6447,8.6447,8.6447,8.6447,8.6447,8.6447,8.6447,8.6447,8.6447,8.6447,8.6447,8.6447,8.6447,8.6447,8.6447,8.6447,8.6447,8.6447,8.6447,8.6447,8.6447,8.6447,8.6447,8.6447,8.6447,8.6447,8.6447,8.6447,8.6447,8.6447,8.6447,8.6447,8.6447,8.6447,8.6447,8.6447,8.6447,8.6447,8.6447,8.6447,8.6447,8.6447,8.6447,8.6447,8.6447,8.6447,8.6447,8.6447,8.6447,8.6447,8.6447,8.6447,8.6447,8.6447,8.6447,8.6447,8.6447,8.6447,8.6447,8.6447,8.6447,8.6447,8.6447,8.6447,8.6447,8.6447,8.6447,8.6447,8.6447,8.6447,8.6447,8.6447,8.6447,8.6447,8.6447,8.6447,8.6447,8.6447,8.6447,8.6447,8.6447,8.6447,8.6447,8.6447,8.6447,8.6447,8.6447,8.6447,8.6447,8.6447,8.6447,8.6447,8.6447,8.6447,8.6447,8.6447,8.6447,8.6447,8.6447,8.6447,8.6447,8.6447,8.6447,8.6447,8.6447,8.6447,8.6447,8.6447,8.6447,8.6447,8.6447,8.6447,8.6447,8.6447,8.6447,8.6447,8.6447,8.6447,8.6447,8.6447,8.6447,8.6447,8.6447,8.6447,8.6447,8.6447,8.6447,8.6447,8.6447,8.6447,8.6447,8.6447,8.6447,8.6447,8.6447,8.6447,8.6447,8.6447,8.6447,8.6447,8.6447,8.6447,8.6447,8.6447,8.6447,8.6447,8.6447,8.6447,8.6447,8.6447,8.6447,8.6447,8.6447,8.6447,8.6447,8.6447,8.6447,8.6447,8.6447,8.6447,8.6447,8.6447,8.6447,8.6447,8.6447,8.6447,8.6447,8.6447,8.6447,8.6447,8.6447,8.6447,8.6447,8.6447,8.6447,8.6447,8.6447,8.6447,8.6447,8.6447,8.6447,8.6447,8.6447,8.6447,8.6447,8.6447,8.6447,8.6447,8.6447,8.6447,8.6447,8.6447,8.6447,8.6447,8.6447,8.6447,8.6447,8.6447,8.6447,8.6447,8.6447,8.6447,8.6447,8.6447,8.6447,8.6447,8.6447,8.6447,8.6447,8.6447,8.6447,8.6447,8.6447,8.6447,8.6447,8.6447,8.6447,8.6447,8.6447,8.6447,8.6447,8.6447,8.6447,8.6447,8.6447,8.6447,8.6447,8.6447,8.6447,8.6447,8.6447,8.6447,8.6447,8.6447,8.6447,8.6447,8.6447,8.6447,8.6447,8.6447,8.6447,8.6447,8.6447,8.6447,8.6447,8.6447,8.6447,8.6447,8.6447,8.6447,8.6447,8.6447,8.6447,8.6447,8.6447,8.6447,8.6447,8.6447,8.6447,8.6447,8.6447,8.6447,8.6447,8.6447,8.6447,8.6447,8.6447,8.6447,8.6447,8.6447,8.6447,8.6447,8.6447,8.6447,8.6447,8.6447,8.6447,8.6447,8.6447,8.6447,8.6447,8.6447,8.6447,8.6447,8.6447,8.6447,8.6447,8.6447,8.6447,8.6447,8.6447,8.6447,8.6447,8.6447,8.6447,8.6447,8.6447,8.6447,8.6447,8.6447,8.6447,8.6447,8.6447,8.6447,8.6447,8.6447,8.6447,8.6447,8.6447,8.6447,8.6447,8.6447,8.6447,8.6447,8.6447,8.6447,8.6447,8.6447,8.6447,8.6447,8.6447,8.6447,8.6447,8.6447,8.6447,8.6447,8.6447,8.6447,8.6447,8.6447,8.6447,8.6447,8.6447,8.6447,8.6447,8.6447,8.6447,8.6447,8.6447,8.6447,8.6447,8.6447,8.6447,8.6447,8.6447,8.6447,8.6447,8.6447,8.6447,8.6447,8.6447,8.6447,8.6447,8.6447,8.6447,8.6447,8.6447,8.6447,8.6447,8.6447,8.6447,8.6447,8.6447,8.6447,8.6447,8.6447,8.6447,8.6447,8.6447,8.6447,8.6447,8.6447,8.6447,8.6447,8.6447,8.6447,8.6447,8.6447,8.6447,8.6447,8.6447,8.6447,8.6447,8.6447,8.6447,8.6447,8.6447,8.6447,8.6447,8.6447,8.6447,8.6447,8.6447,8.6447,8.6447,8.6447,8.6447,8.6447,8.6447,8.6447,8.6447,8.6447,8.6447,8.6447,8.6447,8.6447,8.6447,8.6447,8.6447,8.6447,8.6447,8.6447,8.6447,8.6447,8.6447,8.6447,8.6447,8.6447,8.6447,8.6447,8.6447,8.6447,8.6447,8.6447,8.6447,8.6447,8.6447,8.6447,8.6447,8.6447,8.6447,8.6447,8.6447,8.6447,8.6447,8.6447,8.6447,8.6447,8.6447,8.6447,8.6447,8.6447,8.6447
8.6367,8.6367,8.6367,8.6367,8.6367,8.6367,8.6367,8.6367,8.6367,8.6367,8.6367,8.6367,8.6367,8.6367,8.6367,8.6367,8.6367,8.6367,8.6367,8.6367,8.6367,8.6367,8.6367,8.6367,8.6367,8.6367,8.6367,8.6367,8.6367,8.6367,8.6367,8.6367,8.6367,8.6367,8.6367,8.6367,8.6367,8.6367,8.6367,8.6367,8.6367,8.6367,8.6367,8.6367,8.6367,8.6367,8.6367,8.6367,8.6367,8.6367,8.6367,8.6367,8.6367,8.6367,8.6367,8.6367,8.6367,8.6367,8.6367,8.6367,8.6367,8.6367,8.6367,8.6367,8.6367,8.6367,8.6367,8.6367,8.6367,8.6367,8.6367,8.6367,8.6367,8.6367,8.6367,8.6367,8.6367,8.6367,8.6367,8.6367,8.6367,8.6367,8.6367,8.6367,8.6367,8.6367,8.6367,8.6367,8.6367,8.6367,8.6367,8.6367,8.6367,8.6367,8.6367,8.6367,8.6367,8.6367,8.6367,8.6367,8.6367,8.6367,8.6367,8.6367,8.6367,8.6367,8.6367,8.6367,8.6367,8.6367,8.6367,8.6367,8.6367,8.6367,8.6367,8.6367,8.6367,8.6367,8.6367,8.6367,8.6367,8.6367,8.6367,8.6367,8.6367,8.6367,8.6367,8.6367,8.6367,8.6367,8.6367,8.6367,8.6367,8.6367,8.6367,8.6367,8.6367,8.6367,8.6367,8.6367,8.6367,8.6367,8.6367,8.6367,8.6367,8.6367,8.6367,8.6367,8.6367,8.6367,8.6367,8.6367,8.6367,8.6367,8.6367,8.6367,8.6367,8.6367,8.6367,8.6367,8.6367,8.6367,8.6367,8.6367,8.6367,8.6367,8.6367,8.6367,8.6367,8.6367,8.6367,8.6367,8.6367,8.6367,8.6367,8.6367,8.6367,8.6367,8.6367,8.6367,8.6367,8.6367,8.6367,8.6367,8.6367,8.6367,8.6367,8.6367,8.6367,8.6367,8.6367,8.6367,8.6367,8.6367,8.6367,8.6367,8.6367,8.6367,8.6367,8.6367,8.6367,8.6367,8.6367,8.6367,8.6367,8.6367,8.6367,8.6367,8.6367,8.6367,8.6367,8.6367,8.6367,8.6367,8.6367,8.6367,8.6367,8.6367,8.6367,8.6367,8.6367,8.6367,8.6367,8.6367,8.6367,8.6367,8.6367,8.6367,8.6367,8.6367,8.6367,8.6367,8.6367,8.6367,8.6367,8.6367,8.6367,8.6367,8.6367,8.6367,8.6367,8.6367,8.6367,8.6367,8.6367,8.6367,8.6367,8.6367,8.6367,8.6367,8.6367,8.6367,8.6367,8.6367,8.6367,8.6367,8.6367,8.6367,8.6367,8.6367,8.6367,8.6367,8.6367,8.6367,8.6367,8.6367,8.6367,8.6367,8.6367,8.6367,8.6367,8.6367,8.6367,8.6367,8.6367,8.6367,8.6367,8.6367,8.6367,8.6367,8.6367,8.6367,8.6367,8.6367,8.6367,8.6367,8.6367,8.6367,8.6367,8.6367,8.6367,8.6367,8.6367,8.6367,8.6367,8.6367,8.6367,8.6367,8.6367,8.6367,8.6367,8.6367,8.6367,8.6367,8.6367,8.6367,8.6367,8.6367,8.6367,8.6367,8.6367,8.6367,8.6367,8.6367,8.6367,8.6367,8.6367,8.6367,8.6367,8.6367,8.6367,8.6367,8.6367,8.6367,8.6367,8.6367,8.6367,8.6367,8.6367,8.6367,8.6367,8.6367,8.6367,8.6367,8.6367,8.6367,8.6367,8.6367,8.6367,8.6367,8.6367,8.6367,8.6367,8.6367,8.6367,8.6367,8.6367,8.6367,8.6367,8.6367,8.6367,8.6367,8.6367,8.6367,8.6367,8.6367,8.6367,8.6367,8.6367,8.6367,8.6367,8.6367,8.6367,8.6367,8.6367,8.6367,8.6367,8.6367,8.6367,8.6367,8.6367,8.6367,8.6367,8.6367,8.6367,8.6367,8.6367,8.6367,8.6367,8.6367,8.6367,8.6367,8.6367,8.6367,8.6367,8.6367,8.6367,8.6367,8.6367,8.6367,8.6367,8.6367,8.6367,8.6367,8.6367,8.6367,8.6367,8.6367,8.6367,8.6367,8.6367,8.6367,8.6367,8.6367,8.6367,8.6367,8.6367,8.6367,8.6367,8.6367,8.6367,8.6367,8.6367,8.6367,8.6367,8.6367,8.6367,8.6367,8.6367,8.6367,8.6367,8.6367,8.6367,8.6367,8.6367,8.6367,8.6367,8.6367,8.6367,8.6367,8.6367,8.6367,8.6367,8.6367,8.6367,8.6367,8.6367,8.6367,8.6367,8.6367,8.6367,8.6367,8.6367,8.6367,8.6367,8.6367,8.6367,8.6367,8.6367,8.6367,8.6367,8.6367,8.6367,8.6367,8.6367,8.6367,8.6367,8.6367,8.6367,8.6367,8.6367,8.6367,8.6367,8.6367,8.6367,8.6367,8.6367,8.6367,8.6367,8.6367,8.6367,8.6367,8.6367,8.6367,8.6367,8.6367,8.6367,8.6367,8.6367,8.6367,8.6367,8.6367,8.6367,8.6367,8.6367,8.6367,8.6367,8.6367,8.6367,8.6367,8.6367,8.6367,8.6367,8.6367,8.6367,8.6367,8.6367,8.6367,8.6367,8.6367,8.6367,8.6367,8.6367,8.6367,8.6367,8.6367,8.6367,8.6367,8.6367,8.6367,8.6367,8.6367,8.6367,8.6367,8.6367,8.6367,8.6367,8.6367,8.6367,8.6367,8.6367,8.6367,8.6367,8.6367,8.6367,8.6367,8.6367,8.6367,8.6367,8.6367,8.6367,8.6367,8.6367,8.6367,8.6367,8.6367,8.6367,8.6367,8.6367,8.6367,8.6367,8.6367,8.6367,8.6367,8.6367,8.6367,8.6367,8.6367,8.6367,8.6367,8.6367,8.6367,8.6367,8.6367,8.6367,8.6367,8.6367,8.6367,8.6367,8.6367,8.6367,8.6367,8.6367,8.6367,8.6367,8.6367,8.6367,8.6367,8.6367,8.6367,8.6367,8.6367,8.6367,8.6367,8.6367,8.6367,8.6367,8.6367,8.6367,8.6367,8.6367,8.6367,8.6367,8.6367,8.6367,8.6367,8.6367,8.6367,8.6367,8.6367,8.6367,8.6367,8.6367,8.6367,8.6367,8.6367,8.6367,8.6367,8.6367,8.6367,8.6367,8.6367,8.6367,8.6367,8.6367,8.6367,8.6367,8.6367,8.6367,8.6367,8.6367,8.6367,8.6367,8.6367,8.6367,8.6367,8.6367,8.6367,8.6367,8.6367,8.6367,8.6367,8.6367,8.6367,8.6367,8.6367,8.6367,8.6367,8.6367,8.6367,8.6367,8.6367,8.6367,8.6367,8.6367,8.6367,8.6367,8.6367,8.6367,8.6367,8.6367,8.6367,8.6367,8.6367,8.6367,8.6367,8.6367,8.6367,8.6367,8.6367,8.6367,8.6367,8.6367,8.6367,8.6367,8.6367,8.6367,8.6367,8.6367,8.6367,8.6367,8.6367,8.6367,8.6367,8.6367,8.6367,8.6367,8.6367,8.6367,8.6367,8.6367,8.6367,8.6367,8.6367,8.6367,8.6367,8.6367,8.6367,8.6367,8.6367,8.6367,8.6367,8.6367,8.6367,8.6367,8.6367,8.6367,8.6367,8.6367,8.6367,8.6367,8.6367,8.6367,8.6367,8.6367,8.6367,8.6367,8.6367,8.6367,8.6367,8.6367,8.6367,8.6367,8.6367,8.6367,8.6367,8.6367,8.6367,8.6367,8.6367,8.6367,8.6367,8.6367,8.6367,8.6367,8.6367,8.6367,8.6367,8.6367,8.6367,8.6367,8.6367,8.6367,8.6367,8.6367,8.6367,8.6367,8.6367,8.6367,8.6367,8.6367,8.6367,8.6367,8.6367,8.6367,8.6367,8.6367,8.6367,8.6367,8.6367,8.6367,8.6367,8.6367,8.6367,8.6367,8.6367,8.6367,8.6367,8.6367,8.6367,8.6367,8.6367,8.6367,8.6367,8.6367,8.6367,8.6367,8.6367,8.6367,8.6367,8.6367,8.6367,8.6367,8.6367,8.6367,8.6367,8.6367,8.6367,8.6367,8.6367,8.6367,8.6367,8.6367,8.6367,8.6367,8.6367,8.6367,8.6367,8.6367,8.6367,8.6367,8.6367,8.6367,8.6367,8.6367,8.6367,8.6367,8.6367,8.6367,8.6367,8.6367,8.6367,8.6367,8.6367,8.6367,8.6367,8.6367,8.6367,8.6367,8.6367,8.6367,8.6367,8.6367,8.6367,8.6367,8.6367,8.6367,8.6367,8.6367,8.6367,8.6367,8.6367,8.6367,8.6367,8.6367,8.6367,8.6367,8.6367,8.6367,8.6367,8.6367,8.6367,8.6367,8.6367,8.6367,8.6367,8.6367,8.6367,8.6367,8.6367,8.6367,8.6367,8.6367,8.6367,8.6367,8.6367,8.6367,8.6367,8.6367,8.6367,8.6367,8.6367,8.6367,8.6367,8.6367,8.6367,8.6367,8.6367,8.6367,8.6367,8.6367,8.6367,8.6367,8.6367,8.6367,8.6367,8.6367,8.6367,8.6367,8.6367,8.6367,8.6367,8.6367,8.6367,8.6367,8.6367,8.6367,8.6367,8.6367,8.6367,8.6367,8.6367,8.6367,8.6367,8.6367,8.6367,8.6367,8.6367,8.6367,8.6367,8.6367,8.6367,8.6367,8.6367,8.6367,8.6367,8.6367,8.6367,8.6367,8.6367,8.6367,8.6367,8.6367,8.6367,8.6367,8.6367,8.6367,8.6367,8.6367,8.6367,8.6367,8.6367,8.6367,8.6367,8.6367,8.6367,8.6367,8.6367,8.6367,8.6367,8.6367,8.6367,8.6367,8.6367,8.6367,8.6367,8.6367,8.6367,8.6367,8.6367,8.6367,8.6367,8.6367,8.6367,8.6367,8.6367,8.6367,8.6367,8.6367,8.6367,8.6367,8.6367,8.6367,8.6367,8.6367,8.6367,8.6367,8.6367,8.6367,8.6367,8.6367,8.6367,8.6367,8.6367,8.6367,8.6367,8.6367,8.6367,8.6367,8.6367,8.6367,8.6367,8.6367,8.6367,8.6367,8.6367,8.6367,8.6367,8.6367,8.6367
8.6282,8.6282,8.6282,8.6282,8.6282,8.6282,8.6282,8.6282,8.6282,8.6282,8.6282,8.6282,8.6282,8.6282,8.6282,8.6282,8.6282,8.6282,8.6282,8.6282,8.6282,8.6282,8.6282,8.6282,8.6282,8.6282,8.6282,8.6282,8.6282,8.6282,8.6282,8.6282,8.6282,8.6282,8.6282,8.6282,8.6282,8.6282,8.6282,8.6282,8.6282,8.6282,8.6282,8.6282,8.6282,8.6282,8.6282,8.6282,8.6282,8.6282,8.6282,8.6282,8.6282,8.6282,8.6282,8.6282,8.6282,8.6282,8.6282,8.6282,8.6282,8.6282,8.6282,8.6282,8.6282,8.6282,8.6282,8.6282,8.6282,8.6282,8.6282,8.6282,8.6282,8.6282,8.6282,8.6282,8.6282,8.6282,8.6282,8.6282,8.6282,8.6282,8.6282,8.6282,8.6282,8.6282,8.6282,8.6282,8.6282,8.6282,8.6282,8.6282,8.6282,8.6282,8.6282,8.6282,8.6282,8.6282,8.6282,8.6282,8.6282,8.6282,8.6282,8.6282,8.6282,8.6282,8.6282,8.6282,8.6282,8.6282,8.6282,8.6282,8.6282,8.6282,8.6282,8.6282,8.6282,8.6282,8.6282,8.6282,8.6282,8.6282,8.6282,8.6282,8.6282,8.6282,8.6282,8.6282,8.6282,8.6282,8.6282,8.6282,8.6282,8.6282,8.6282,8.6282,8.6282,8.6282,8.6282,8.6282,8.6282,8.6282,8.6282,8.6282,8.6282,8.6282,8.6282,8.6282,8.6282,8.6282,8.6282,8.6282,8.6282,8.6282,8.6282,8.6282,8.6282,8.6282,8.6282,8.6282,8.6282,8.6282,8.6282,8.6282,8.6282,8.6282,8.6282,8.6282,8.6282,8.6282,8.6282,8.6282,8.6282,8.6282,8.6282,8.6282,8.6282,8.6282,8.6282,8.6282,8.6282,8.6282,8.6282,8.6282,8.6282,8.6282,8.6282,8.6282,8.6282,8.6282,8.6282,8.6282,8.6282,8.6282,8.6282,8.6282,8.6282,8.6282,8.6282,8.6282,8.6282,8.6282,8.6282,8.6282,8.6282,8.6282,8.6282,8.6282,8.6282,8.6282,8.6282,8.6282,8.6282,8.6282,8.6282,8.6282,8.6282,8.6282,8.6282,8.6282,8.6282,8.6282,8.6282,8.6282,8.6282,8.6282,8.6282,8.6282,8.6282,8.6282,8.6282,8.6282,8.6282,8.6282,8.6282,8.6282,8.6282,8.6282,8.6282,8.6282,8.6282,8.6282,8.6282,8.6282,8.6282,8.6282,8.6282,8.6282,8.6282,8.6282,8.6282,8.6282,8.6282,8.6282,8.6282,8.6282,8.6282,8.6282,8.6282,8.6282,8.6282,8.6282,8.6282,8.6282,8.6282,8.6282,8.6282,8.6282,8.6282,8.6282,8.6282,8.6282,8.6282,8.6282,8.6282,8.6282,8.6282,8.6282,8.6282,8.6282,8.6282,8.6282,8.6282,8.6282,8.6282,8.6282,8.6282,8.6282,8.6282,8.6282,8.6282,8.6282,8.6282,8.6282,8.6282,8.6282,8.6282,8.6282,8.6282,8.6282,8.6282,8.6282,8.6282,8.6282,8.6282,8.6282,8.6282,8.6282,8.6282,8.6282,8.6282,8.6282,8.6282,8.6282,8.6282,8.6282,8.6282,8.6282,8.6282,8.6282,8.6282,8.6282,8.6282,8.6282,8.6282,8.6282,8.6282,8.6282,8.6282,8.6282,8.6282,8.6282,8.6282,8.6282,8.6282,8.6282,8.6282,8.6282,8.6282,8.6282,8.6282,8.6282,8.6282,8.6282,8.6282,8.6282,8.6282,8.6282,8.6282,8.6282,8.6282,8.6282,8.6282,8.6282,8.6282,8.6282,8.6282,8.6282,8.6282,8.6282,8.6282,8.6282,8.6282,8.6282,8.6282,8.6282,8.6282,8.6282,8.6282,8.6282,8.6282,8.6282,8.6282,8.6282,8.6282,8.6282,8.6282,8.6282,8.6282,8.6282,8.6282,8.6282,8.6282,8.6282,8.6282,8.6282,8.6282,8.6282,8.6282,8.6282,8.6282,8.6282,8.6282,8.6282,8.6282,8.6282,8.6282,8.6282,8.6282,8.6282,8.6282,8.6282,8.6282,8.6282,8.6282,8.6282,8.6282,8.6282,8.6282,8.6282,8.6282,8.6282,8.6282,8.6282,8.6282,8.6282,8.6282,8.6282,8.6282,8.6282,8.6282,8.6282,8.6282,8.6282,8.6282,8.6282,8.6282,8.6282,8.6282,8.6282,8.6282,8.6282,8.6282,8.6282,8.6282,8.6282,8.6282,8.6282,8.6282,8.6282,8.6282,8.6282,8.6282,8.6282,8.6282,8.6282,8.6282,8.6282,8.6282,8.6282,8.6282,8.6282,8.6282,8.6282,8.6282,8.6282,8.6282,8.6282,8.6282,8.6282,8.6282,8.6282,8.6282,8.6282,8.6282,8.6282,8.6282,8.6282,8.6282,8.6282,8.6282,8.6282,8.6282,8.6282,8.6282,8.6282,8.6282,8.6282,8.6282,8.6282,8.6282,8.6282,8.6282,8.6282,8.6282,8.6282,8.6282,8.6282,8.6282,8.6282,8.6282,8.6282,8.6282,8.6282,8.6282,8.6282,8.6282,8.6282,8.6282,8.6282,8.6282,8.6282,8.6282,8.6282,8.6282,8.6282,8.6282,8.6282,8.6282,8.6282,8.6282,8.6282,8.6282,8.6282,8.6282,8.6282,8.6282,8.6282,8.6282,8.6282,8.6282,8.6282,8.6282,8.6282,8.6282,8.6282,8.6282,8.6282,8.6282,8.6282,8.6282,8.6282,8.6282,8.6282,8.6282,8.6282,8.6282,8.6282,8.6282,8.6282,8.6282,8.6282,8.6282,8.6282,8.6282,8.6282,8.6282,8.6282,8.6282,8.6282,8.6282,8.6282,8.6282,8.6282,8.6282,8.6282,8.6282,8.6282,8.6282,8.6282,8.6282,8.6282,8.6282,8.6282,8.6282,8.6282,8.6282,8.6282,8.6282,8.6282,8.6282,8.6282,8.6282,8.6282,8.6282,8.6282,8.6282,8.6282,8.6282,8.6282,8.6282,8.6282,8.6282,8.6282,8.6282,8.6282,8.6282,8.6282,8.6282,8.6282,8.6282,8.6282,8.6282,8.6282,8.6282,8.6282,8.6282,8.6282,8.6282,8.6282,8.6282,8.6282,8.6282,8.6282,8.6282,8.6282,8.6282,8.6282,8.6282,8.6282,8.6282,8.6282,8.6282,8.6282,8.6282,8.6282,8.6282,8.6282,8.6282,8.6282,8.6282,8.6282,8.6282,8.6282,8.6282,8.6282,8.6282,8.6282,8.6282,8.6282,8.6282,8.6282,8.6282,8.6282,8.6282,8.6282,8.6282,8.6282,8.6282,8.6282,8.6282,8.6282,8.6282,8.6282,8.6282,8.6282,8.6282,8.6282,8.6282,8.6282,8.6282,8.6282,8.6282,8.6282,8.6282,8.6282,8.6282,8.6282,8.6282,8.6282,8.6282,8.6282,8.6282,8.6282,8.6282,8.6282,8.6282,8.6282,8.6282,8.6282,8.6282,8.6282,8.6282,8.6282,8.6282,8.6282,8.6282,8.6282,8.6282,8.6282,8.6282,8.6282,8.6282,8.6282,8.6282,8.6282,8.6282,8.6282,8.6282,8.6282,8.6282,8.6282,8.6282,8.6282,8.6282,8.6282,8.6282,8.6282,8.6282,8.6282,8.6282,8.6282,8.6282,8.6282,8.6282,8.6282,8.6282,8.6282,8.6282,8.6282,8.6282,8.6282,8.6282,8.6282,8.6282,8.6282,8.6282,8.6282,8.6282,8.6282,8.6282,8.6282,8.6282,8.6282,8.6282,8.6282,8.6282,8.6282,8.6282,8.6282,8.6282,8.6282,8.6282,8.6282,8.6282,8.6282,8.6282,8.6282,8.6282,8.6282,8.6282,8.6282,8.6282,8.6282,8.6282,8.6282,8.6282,8.6282,8.6282,8.6282,8.6282,8.6282,8.6282,8.6282,8.6282,8.6282,8.6282,8.6282,8.6282,8.6282,8.6282,8.6282,8.6282,8.6282,8.6282,8.6282,8.6282,8.6282,8.6282,8.6282,8.6282,8.6282,8.6282,8.6282,8.6282,8.6282,8.6282,8.6282,8.6282,8.6282,8.6282,8.6282,8.6282,8.6282,8.6282,8.6282,8.6282,8.6282,8.6282,8.6282,8.6282,8.6282,8.6282,8.6282,8.6282,8.6282,8.6282,8.6282,8.6282,8.6282,8.6282,8.6282,8.6282,8.6282,8.6282,8.6282,8.6282,8.6282,8.6282,8.6282,8.6282,8.6282,8.6282,8.6282,8.6282,8.6282,8.6282,8.6282,8.6282,8.6282,8.6282,8.6282,8.6282,8.6282,8.6282,8.6282,8.6282,8.6282,8.6282,8.6282,8.6282,8.6282,8.6282,8.6282,8.6282,8.6282,8.6282,8.6282,8.6282,8.6282,8.6282,8.6282,8.6282,8.6282,8.6282,8.6282,8.6282,8.6282,8.6282,8.6282,8.6282,8.6282,8.6282,8.6282,8.6282,8.6282,8.6282,8.6282,8.6282,8.6282,8.6282,8.6282,8.6282,8.6282,8.6282,8.6282,8.6282,8.6282,8.6282,8.6282,8.6282,8.6282,8.6282,8.6282,8.6282,8.6282,8.6282,8.6282,8.6282,8.6282,8.6282,8.6282,8.6282,8.6282,8.6282,8.6282,8.6282,8.6282,8.6282,8.6282,8.6282,8.6282,8.6282,8.6282,8.6282,8.6282,8.6282,8.6282,8.6282,8.6282,8.6282,8.6282,8.6282,8.6282,8.6282,8.6282,8.6282,8.6282,8.6282,8.6282,8.6282,8.6282,8.6282,8.6282,8.6282,8.6282,8.6282,8.6282,8.6282,8.6282,8.6282,8.6282,8.6282,8.6282,8.6282,8.6282,8.6282,8.6282,8.6282,8.6282,8.6282,8.6282,8.6282,8.6282,8.6282,8.6282,8.6282,8.6282,8.6282,8.6282,8.6282,8.6282,8.6282,8.6282,8.6282,8.6282,8.6282,8.6282,8.6282,8.6282,8.6282,8.6282,8.6282,8.6282,8.6282,8.6282,8.6282,8.6282,8.6282,8.6282
8.6207,8.6207,8.6207,8.6207,8.6207,8.6207,8.6207,8.6207,8.6207,8.6207,8.6207,8.6207,8.6207,8.6207,8.6207,8.6207,8.6207,8.6207,8.6207,8.6207,8.6207,8.6207,8.6207,8.6207,8.6207,8.6207,8.6207,8.6207,8.6207,8.6207,8.6207,8.6207,8.6207,8.6207,8.6207,8.6207,8.6207,8.6207,8.6207,8.6207,8.6207,8.6207,8.6207,8.6207,8.6207,8.6207,8.6207,8.6207,8.6207,8.6207,8.6207,8.6207,8.6207,8.6207,8.6207,8.6207,8.6207,8.6207,8.6207,8.6207,8.6207,8.6207,8.6207,8.6207,8.6207,8.6207,8.6207,8.6207,8.6207,8.6207,8.6207,8.6207,8.6207,8.6207,8.6207,8.6207,8.6207,8.6207,8.6207,8.6207,8.6207,8.6207,8.6207,8.6207,8.6207,8.6207,8.6207,8.6207,8.6207,8.6207,8.6207,8.6207,8.6207,8.6207,8.6207,8.6207,8.6207,8.6207,8.6207,8.6207,8.6207,8.6207,8.6207,8.6207,8.6207,8.6207,8.6207,8.6207,8.6207,8.6207,8.6207,8.6207,8.6207,8.6207,8.6207,8.6207,8.6207,8.6207,8.6207,8.6207,8.6207,8.6207,8.6207,8.6207,8.6207,8.6207,8.6207,8.6207,8.6207,8.6207,8.6207,8.6207,8.6207,8.6207,8.6207,8.6207,8.6207,8.6207,8.6207,8.6207,8.6207,8.6207,8.6207,8.6207,8.6207,8.6207,8.6207,8.6207,8.6207,8.6207,8.6207,8.6207,8.6207,8.6207,8.6207,8.6207,8.6207,8.6207,8.6207,8.6207,8.6207,8.6207,8.6207,8.6207,8.6207,8.6207,8.6207,8.6207,8.6207,8.6207,8.6207,8.6207,8.6207,8.6207,8.6207,8.6207,8.6207,8.6207,8.6207,8.6207,8.6207,8.6207,8.6207,8.6207,8.6207,8.6207,8.6207,8.6207,8.6207,8.6207,8.6207,8.6207,8.6207,8.6207,8.6207,8.6207,8.6207,8.6207,8.6207,8.6207,8.6207,8.6207,8.6207,8.6207,8.6207,8.6207,8.6207,8.6207,8.6207,8.6207,8.6207,8.6207,8.6207,8.6207,8.6207,8.6207,8.6207,8.6207,8.6207,8.6207,8.6207,8.6207,8.6207,8.6207,8.6207,8.6207,8.6207,8.6207,8.6207,8.6207,8.6207,8.6207,8.6207,8.6207,8.6207,8.6207,8.6207,8.6207,8.6207,8.6207,8.6207,8.6207,8.6207,8.6207,8.6207,8.6207,8.6207,8.6207,8.6207,8.6207,8.6207,8.6207,8.6207,8.6207,8.6207,8.6207,8.6207,8.6207,8.6207,8.6207,8.6207,8.6207,8.6207,8.6207,8.6207,8.6207,8.6207,8.6207,8.6207,8.6207,8.6207,8.6207,8.6207,8.6207,8.6207,8.6207,8.6207,8.6207,8.6207,8.6207,8.6207,8.6207,8.6207,8.6207,8.6207,8.6207,8.6207,8.6207,8.6207,8.6207,8.6207,8.6207,8.6207,8.6207,8.6207,8.6207,8.6207,8.6207,8.6207,8.6207,8.6207,8.6207,8.6207,8.6207,8.6207,8.6207,8.6207,8.6207,8.6207,8.6207,8.6207,8.6207,8.6207,8.6207,8.6207,8.6207,8.6207,8.6207,8.6207,8.6207,8.6207,8.6207,8.6207,8.6207,8.6207,8.6207,8.6207,8.6207,8.6207,8.6207,8.6207,8.6207,8.6207,8.6207,8.6207,8.6207,8.6207,8.6207,8.6207,8.6207,8.6207,8.6207,8.6207,8.6207,8.6207,8.6207,8.6207,8.6207,8.6207,8.6207,8.6207,8.6207,8.6207,8.6207,8.6207,8.6207,8.6207,8.6207,8.6207,8.6207,8.6207,8.6207,8.6207,8.6207,8.6207,8.6207,8.6207,8.6207,8.6207,8.6207,8.6207,8.6207,8.6207,8.6207,8.6207,8.6207,8.6207,8.6207,8.6207,8.6207,8.6207,8.6207,8.6207,8.6207,8.6207,8.6207,8.6207,8.6207,8.6207,8.6207,8.6207,8.6207,8.6207,8.6207,8.6207,8.6207,8.6207,8.6207,8.6207,8.6207,8.6207,8.6207,8.6207,8.6207,8.6207,8.6207,8.6207,8.6207,8.6207,8.6207,8.6207,8.6207,8.6207,8.6207,8.6207,8.6207,8.6207,8.6207,8.6207,8.6207,8.6207,8.6207,8.6207,8.6207,8.6207,8.6207,8.6207,8.6207,8.6207,8.6207,8.6207,8.6207,8.6207,8.6207,8.6207,8.6207,8.6207,8.6207,8.6207,8.6207,8.6207,8.6207,8.6207,8.6207,8.6207,8.6207,8.6207,8.6207,8.6207,8.6207,8.6207,8.6207,8.6207,8.6207,8.6207,8.6207,8.6207,8.6207,8.6207,8.6207,8.6207,8.6207,8.6207,8.6207,8.6207,8.6207,8.6207,8.6207,8.6207,8.6207,8.6207,8.6207,8.6207,8.6207,8.6207,8.6207,8.6207,8.6207,8.6207,8.6207,8.6207,8.6207,8.6207,8.6207,8.6207,8.6207,8.6207,8.6207,8.6207,8.6207,8.6207,8.6207,8.6207,8.6207,8.6207,8.6207,8.6207,8.6207,8.6207,8.6207,8.6207,8.6207,8.6207,8.6207,8.6207,8.6207,8.6207,8.6207,8.6207,8.6207,8.6207,8.6207,8.6207,8.6207,8.6207,8.6207,8.6207,8.6207,8.6207,8.6207,8.6207,8.6207,8.6207,8.6207,8.6207,8.6207,8.6207,8.6207,8.6207,8.6207,8.6207,8.6207,8.6207,8.6207,8.6207,8.6207,8.6207,8.6207,8.6207,8.6207,8.6207,8.6207,8.6207,8.6207,8.6207,8.6207,8.6207,8.6207,8.6207,8.6207,8.6207,8.6207,8.6207,8.6207,8.6207,8.6207,8.6207,8.6207,8.6207,8.6207,8.6207,8.6207,8.6207,8.6207,8.6207,8.6207,8.6207,8.6207,8.6207,8.6207,8.6207,8.6207,8.6207,8.6207,8.6207,8.6207,8.6207,8.6207,8.6207,8.6207,8.6207,8.6207,8.6207,8.6207,8.6207,8.6207,8.6207,8.6207,8.6207,8.6207,8.6207,8.6207,8.6207,8.6207,8.6207,8.6207,8.6207,8.6207,8.6207,8.6207,8.6207,8.6207,8.6207,8.6207,8.6207,8.6207,8.6207,8.6207,8.6207,8.6207,8.6207,8.6207,8.6207,8.6207,8.6207,8.6207,8.6207,8.6207,8.6207,8.6207,8.6207,8.6207,8.6207,8.6207,8.6207,8.6207,8.6207,8.6207,8.6207,8.6207,8.6207,8.6207,8.6207,8.6207,8.6207,8.6207,8.6207,8.6207,8.6207,8.6207,8.6207,8.6207,8.6207,8.6207,8.6207,8.6207,8.6207,8.6207,8.6207,8.6207,8.6207,8.6207,8.6207,8.6207,8.6207,8.6207,8.6207,8.6207,8.6207,8.6207,8.6207,8.6207,8.6207,8.6207,8.6207,8.6207,8.6207,8.6207,8.6207,8.6207,8.6207,8.6207,8.6207,8.6207,8.6207,8.6207,8.6207,8.6207,8.6207,8.6207,8.6207,8.6207,8.6207,8.6207,8.6207,8.6207,8.6207,8.6207,8.6207,8.6207,8.6207,8.6207,8.6207,8.6207,8.6207,8.6207,8.6207,8.6207,8.6207,8.6207,8.6207,8.6207,8.6207,8.6207,8.6207,8.6207,8.6207,8.6207,8.6207,8.6207,8.6207,8.6207,8.6207,8.6207,8.6207,8.6207,8.6207,8.6207,8.6207,8.6207,8.6207,8.6207,8.6207,8.6207,8.6207,8.6207,8.6207,8.6207,8.6207,8.6207,8.6207,8.6207,8.6207,8.6207,8.6207,8.6207,8.6207,8.6207,8.6207,8.6207,8.6207,8.6207,8.6207,8.6207,8.6207,8.6207,8.6207,8.6207,8.6207,8.6207,8.6207,8.6207,8.6207,8.6207,8.6207,8.6207,8.6207,8.6207,8.6207,8.6207,8.6207,8.6207,8.6207,8.6207,8.6207,8.6207,8.6207,8.6207,8.6207,8.6207,8.6207,8.6207,8.6207,8.6207,8.6207,8.6207,8.6207,8.6207,8.6207,8.6207,8.6207,8.6207,8.6207,8.6207,8.6207,8.6207,8.6207,8.6207,8.6207,8.6207,8.6207,8.6207,8.6207,8.6207,8.6207,8.6207,8.6207,8.6207,8.6207,8.6207,8.6207,8.6207,8.6207,8.6207,8.6207,8.6207,8.6207,8.6207,8.6207,8.6207,8.6207,8.6207,8.6207,8.6207,8.6207,8.6207,8.6207,8.6207,8.6207,8.6207,8.6207,8.6207,8.6207,8.6207,8.6207,8.6207,8.6207,8.6207,8.6207,8.6207,8.6207,8.6207,8.6207,8.6207,8.6207,8.6207,8.6207,8.6207,8.6207,8.6207,8.6207,8.6207,8.6207,8.6207,8.6207,8.6207,8.6207,8.6207,8.6207,8.6207,8.6207,8.6207,8.6207,8.6207,8.6207,8.6207,8.6207,8.6207,8.6207,8.6207,8.6207,8.6207,8.6207,8.6207,8.6207,8.6207,8.6207,8.6207,8.6207,8.6207,8.6207,8.6207,8.6207,8.6207,8.6207,8.6207,8.6207,8.6207,8.6207,8.6207,8.6207,8.6207,8.6207,8.6207,8.6207,8.6207,8.6207,8.6207,8.6207,8.6207,8.6207,8.6207,8.6207,8.6207,8.6207,8.6207,8.6207,8.6207,8.6207,8.6207,8.6207,8.6207,8.6207,8.6207,8.6207,8.6207,8.6207,8.6207,8.6207,8.6207,8.6207,8.6207,8.6207,8.6207,8.6207,8.6207,8.6207,8.6207,8.6207,8.6207,8.6207,8.6207,8.6207,8.6207,8.6207,8.6207,8.6207,8.6207,8.6207,8.6207,8.6207,8.6207,8.6207,8.6207,8.6207,8.6207,8.6207,8.6207,8.6207,8.6207,8.6207,8.6207,8.6207,8.6207,8.6207,8.6207,8.6207,8.6207,8.6207,8.6207,8.6207,8.6207,8.6207,8.6207,8.6207,8.6207,8.6207,8.6207,8.6207,8.6207
8.6114,8.6114,8.6114,8.6114,8.6114,8.6114,8.6114,8.6114,8.6114,8.6114,8.6114,8.6114,8.6114,8.6114,8.6114,8.6114,8.6114,8.6114,8.6114,8.6114,8.6114,8.6114,8.6114,8.6114,8.6114,8.6114,8.6114,8.6114,8.6114,8.6114,8.6114,8.6114,8.6114,8.6114,8.6114,8.6114,8.6114,8.6114,8.6114,8.6114,8.6114,8.6114,8.6114,8.6114,8.6114,8.6114,8.6114,8.6114,8.6114,8.6114,8.6114,8.6114,8.6114,8.6114,8.6114,8.6114,8.6114,8.6114,8.6114,8.6114,8.6114,8.6114,8.6114,8.6114,8.6114,8.6114,8.6114,8.6114,8.6114,8.6114,8.6114,8.6114,8.6114,8.6114,8.6114,8.6114,8.6114,8.6114,8.6114,8.6114,8.6114,8.6114,8.6114,8.6114,8.6114,8.6114,8.6114,8.6114,8.6114,8.6114,8.6114,8.6114,8.6114,8.6114,8.6114,8.6114,8.6114,8.6114,8.6114,8.6114,8.6114,8.6114,8.6114,8.6114,8.6114,8.6114,8.6114,8.6114,8.6114,8.6114,8.6114,8.6114,8.6114,8.6114,8.6114,8.6114,8.6114,8.6114,8.6114,8.6114,8.6114,8.6114,8.6114,8.6114,8.6114,8.6114,8.6114,8.6114,8.6114,8.6114,8.6114,8.6114,8.6114,8.6114,8.6114,8.6114,8.6114,8.6114,8.6114,8.6114,8.6114,8.6114,8.6114,8.6114,8.6114,8.6114,8.6114,8.6114,8.6114,8.6114,8.6114,8.6114,8.6114,8.6114,8.6114,8.6114,8.6114,8.6114,8.6114,8.6114,8.6114,8.6114,8.6114,8.6114,8.6114,8.6114,8.6114,8.6114,8.6114,8.6114,8.6114,8.6114,8.6114,8.6114,8.6114,8.6114,8.6114,8.6114,8.6114,8.6114,8.6114,8.6114,8.6114,8.6114,8.6114,8.6114,8.6114,8.6114,8.6114,8.6114,8.6114,8.6114,8.6114,8.6114,8.6114,8.6114,8.6114,8.6114,8.6114,8.6114,8.6114,8.6114,8.6114,8.6114,8.6114,8.6114,8.6114,8.6114,8.6114,8.6114,8.6114,8.6114,8.6114,8.6114,8.6114,8.6114,8.6114,8.6114,8.6114,8.6114,8.6114,8.6114,8.6114,8.6114,8.6114,8.6114,8.6114,8.6114,8.6114,8.6114,8.6114,8.6114,8.6114,8.6114,8.6114,8.6114,8.6114,8.6114,8.6114,8.6114,8.6114,8.6114,8.6114,8.6114,8.6114,8.6114,8.6114,8.6114,8.6114,8.6114,8.6114,8.6114,8.6114,8.6114,8.6114,8.6114,8.6114,8.6114,8.6114,8.6114,8.6114,8.6114,8.6114,8.6114,8.6114,8.6114,8.6114,8.6114,8.6114,8.6114,8.6114,8.6114,8.6114,8.6114,8.6114,8.6114,8.6114,8.6114,8.6114,8.6114,8.6114,8.6114,8.6114,8.6114,8.6114,8.6114,8.6114,8.6114,8.6114,8.6114,8.6114,8.6114,8.6114,8.6114,8.6114,8.6114,8.6114,8.6114,8.6114,8.6114,8.6114,8.6114,8.6114,8.6114,8.6114,8.6114,8.6114,8.6114,8.6114,8.6114,8.6114,8.6114,8.6114,8.6114,8.6114,8.6114,8.6114,8.6114,8.6114,8.6114,8.6114,8.6114,8.6114,8.6114,8.6114,8.6114,8.6114,8.6114,8.6114,8.6114,8.6114,8.6114,8.6114,8.6114,8.6114,8.6114,8.6114,8.6114,8.6114,8.6114,8.6114,8.6114,8.6114,8.6114,8.6114,8.6114,8.6114,8.6114,8.6114,8.6114,8.6114,8.6114,8.6114,8.6114,8.6114,8.6114,8.6114,8.6114,8.6114,8.6114,8.6114,8.6114,8.6114,8.6114,8.6114,8.6114,8.6114,8.6114,8.6114,8.6114,8.6114,8.6114,8.6114,8.6114,8.6114,8.6114,8.6114,8.6114,8.6114,8.6114,8.6114,8.6114,8.6114,8.6114,8.6114,8.6114,8.6114,8.6114,8.6114,8.6114,8.6114,8.6114,8.6114,8.6114,8.6114,8.6114,8.6114,8.6114,8.6114,8.6114,8.6114,8.6114,8.6114,8.6114,8.6114,8.6114,8.6114,8.6114,8.6114,8.6114,8.6114,8.6114,8.6114,8.6114,8.6114,8.6114,8.6114,8.6114,8.6114,8.6114,8.6114,8.6114,8.6114,8.6114,8.6114,8.6114,8.6114,8.6114,8.6114,8.6114,8.6114,8.6114,8.6114,8.6114,8.6114,8.6114,8.6114,8.6114,8.6114,8.6114,8.6114,8.6114,8.6114,8.6114,8.6114,8.6114,8.6114,8.6114,8.6114,8.6114,8.6114,8.6114,8.6114,8.6114,8.6114,8.6114,8.6114,8.6114,8.6114,8.6114,8.6114,8.6114,8.6114,8.6114,8.6114,8.6114,8.6114,8.6114,8.6114,8.6114,8.6114,8.6114,8.6114,8.6114,8.6114,8.6114,8.6114,8.6114,8.6114,8.6114,8.6114,8.6114,8.6114,8.6114,8.6114,8.6114,8.6114,8.6114,8.6114,8.6114,8.6114,8.6114,8.6114,8.6114,8.6114,8.6114,8.6114,8.6114,8.6114,8.6114,8.6114,8.6114,8.6114,8.6114,8.6114,8.6114,8.6114,8.6114,8.6114,8.6114,8.6114,8.6114,8.6114,8.6114,8.6114,8.6114,8.6114,8.6114,8.6114,8.6114,8.6114,8.6114,8.6114,8.6114,8.6114,8.6114,8.6114,8.6114,8.6114,8.6114,8.6114,8.6114,8.6114,8.6114,8.6114,8.6114,8.6114,8.6114,8.6114,8.6114,8.6114,8.6114,8.6114,8.6114,8.6114,8.6114,8.6114,8.6114,8.6114,8.6114,8.6114,8.6114,8.6114,8.6114,8.6114,8.6114,8.6114,8.6114,8.6114,8.6114,8.6114,8.6114,8.6114,8.6114,8.6114,8.6114,8.6114,8.6114,8.6114,8.6114,8.6114,8.6114,8.6114,8.6114,8.6114,8.6114,8.6114,8.6114,8.6114,8.6114,8.6114,8.6114,8.6114,8.6114,8.6114,8.6114,8.6114,8.6114,8.6114,8.6114,8.6114,8.6114,8.6114,8.6114,8.6114,8.6114,8.6114,8.6114,8.6114,8.6114,8.6114,8.6114,8.6114,8.6114,8.6114,8.6114,8.6114,8.6114,8.6114,8.6114,8.6114,8.6114,8.6114,8.6114,8.6114,8.6114,8.6114,8.6114,8.6114,8.6114,8.6114,8.6114,8.6114,8.6114,8.6114,8.6114,8.6114,8.6114,8.6114,8.6114,8.6114,8.6114,8.6114,8.6114,8.6114,8.6114,8.6114,8.6114,8.6114,8.6114,8.6114,8.6114,8.6114,8.6114,8.6114,8.6114,8.6114,8.6114,8.6114,8.6114,8.6114,8.6114,8.6114,8.6114,8.6114,8.6114,8.6114,8.6114,8.6114,8.6114,8.6114,8.6114,8.6114,8.6114,8.6114,8.6114,8.6114,8.6114,8.6114,8.6114,8.6114,8.6114,8.6114,8.6114,8.6114,8.6114,8.6114,8.6114,8.6114,8.6114,8.6114,8.6114,8.6114,8.6114,8.6114,8.6114,8.6114,8.6114,8.6114,8.6114,8.6114,8.6114,8.6114,8.6114,8.6114,8.6114,8.6114,8.6114,8.6114,8.6114,8.6114,8.6114,8.6114,8.6114,8.6114,8.6114,8.6114,8.6114,8.6114,8.6114,8.6114,8.6114,8.6114,8.6114,8.6114,8.6114,8.6114,8.6114,8.6114,8.6114,8.6114,8.6114,8.6114,8.6114,8.6114,8.6114,8.6114,8.6114,8.6114,8.6114,8.6114,8.6114,8.6114,8.6114,8.6114,8.6114,8.6114,8.6114,8.6114,8.6114,8.6114,8.6114,8.6114,8.6114,8.6114,8.6114,8.6114,8.6114,8.6114,8.6114,8.6114,8.6114,8.6114,8.6114,8.6114,8.6114,8.6114,8.6114,8.6114,8.6114,8.6114,8.6114,8.6114,8.6114,8.6114,8.6114,8.6114,8.6114,8.6114,8.6114,8.6114,8.6114,8.6114,8.6114,8.6114,8.6114,8.6114,8.6114,8.6114,8.6114,8.6114,8.6114,8.6114,8.6114,8.6114,8.6114,8.6114,8.6114,8.6114,8.6114,8.6114,8.6114,8.6114,8.6114,8.6114,8.6114,8.6114,8.6114,8.6114,8.6114,8.6114,8.6114,8.6114,8.6114,8.6114,8.6114,8.6114,8.6114,8.6114,8.6114,8.6114,8.6114,8.6114,8.6114,8.6114,8.6114,8.6114,8.6114,8.6114,8.6114,8.6114,8.6114,8.6114,8.6114,8.6114,8.6114,8.6114,8.6114,8.6114,8.6114,8.6114,8.6114,8.6114,8.6114,8.6114,8.6114,8.6114,8.6114,8.6114,8.6114,8.6114,8.6114,8.6114,8.6114,8.6114,8.6114,8.6114,8.6114,8.6114,8.6114,8.6114,8.6114,8.6114,8.6114,8.6114,8.6114,8.6114,8.6114,8.6114,8.6114,8.6114,8.6114,8.6114,8.6114,8.6114,8.6114,8.6114,8.6114,8.6114,8.6114,8.6114,8.6114,8.6114,8.6114,8.6114,8.6114,8.6114,8.6114,8.6114,8.6114,8.6114,8.6114,8.6114,8.6114,8.6114,8.6114,8.6114,8.6114,8.6114,8.6114,8.6114,8.6114,8.6114,8.6114,8.6114,8.6114,8.6114,8.6114,8.6114,8.6114,8.6114,8.6114,8.6114,8.6114,8.6114,8.6114,8.6114,8.6114,8.6114,8.6114,8.6114,8.6114,8.6114,8.6114,8.6114,8.6114,8.6114,8.6114,8.6114,8.6114,8.6114,8.6114,8.6114,8.6114,8.6114,8.6114,8.6114,8.6114,8.6114,8.6114,8.6114,8.6114,8.6114,8.6114,8.6114,8.6114,8.6114,8.6114,8.6114,8.6114,8.6114,8.6114,8.6114,8.6114,8.6114,8.6114,8.6114,8.6114,8.6114,8.6114,8.6114,8.6114,8.6114,8.6114,8.6114,8.6114,8.6114,8.6114,8.6114,8.6114
8.6039,8.6039,8.6039,8.6039,8.6039,8.6039,8.6039,8.6039,8.6039,8.6039,8.6039,8.6039,8.6039,8.6039,8.6039,8.6039,8.6039,8.6039,8.6039,8.6039,8.6039,8.6039,8.6039,8.6039,8.6039,8.6039,8.6039,8.6039,8.6039,8.6039,8.6039,8.6039,8.6039,8.6039,8.6039,8.6039,8.6039,8.6039,8.6039,8.6039,8.6039,8.6039,8.6039,8.6039,8.6039,8.6039,8.6039,8.6039,8.6039,8.6039,8.6039,8.6039,8.6039,8.6039,8.6039,8.6039,8.6039,8.6039,8.6039,8.6039,8.6039,8.6039,8.6039,8.6039,8.6039,8.6039,8.6039,8.6039,8.6039,8.6039,8.6039,8.6039,8.6039,8.6039,8.6039,8.6039,8.6039,8.6039,8.6039,8.6039,8.6039,8.6039,8.6039,8.6039,8.6039,8.6039,8.6039,8.6039,8.6039,8.6039,8.6039,8.6039,8.6039,8.6039,8.6039,8.6039,8.6039,8.6039,8.6039,8.6039,8.6039,8.6039,8.6039,8.6039,8.6039,8.6039,8.6039,8.6039,8.6039,8.6039,8.6039,8.6039,8.6039,8.6039,8.6039,8.6039,8.6039,8.6039,8.6039,8.6039,8.6039,8.6039,8.6039,8.6039,8.6039,8.6039,8.6039,8.6039,8.6039,8.6039,8.6039,8.6039,8.6039,8.6039,8.6039,8.6039,8.6039,8.6039,8.6039,8.6039,8.6039,8.6039,8.6039,8.6039,8.6039,8.6039,8.6039,8.6039,8.6039,8.6039,8.6039,8.6039,8.6039,8.6039,8.6039,8.6039,8.6039,8.6039,8.6039,8.6039,8.6039,8.6039,8.6039,8.6039,8.6039,8.6039,8.6039,8.6039,8.6039,8.6039,8.6039,8.6039,8.6039,8.6039,8.6039,8.6039,8.6039,8.6039,8.6039,8.6039,8.6039,8.6039,8.6039,8.6039,8.6039,8.6039,8.6039,8.6039,8.6039,8.6039,8.6039,8.6039,8.6039,8.6039,8.6039,8.6039,8.6039,8.6039,8.6039,8.6039,8.6039,8.6039,8.6039,8.6039,8.6039,8.6039,8.6039,8.6039,8.6039,8.6039,8.6039,8.6039,8.6039,8.6039,8.6039,8.6039,8.6039,8.6039,8.6039,8.6039,8.6039,8.6039,8.6039,8.6039,8.6039,8.6039,8.6039,8.6039,8.6039,8.6039,8.6039,8.6039,8.6039,8.6039,8.6039,8.6039,8.6039,8.6039,8.6039,8.6039,8.6039,8.6039,8.6039,8.6039,8.6039,8.6039,8.6039,8.6039,8.6039,8.6039,8.6039,8.6039,8.6039,8.6039,8.6039,8.6039,8.6039,8.6039,8.6039,8.6039,8.6039,8.6039,8.6039,8.6039,8.6039,8.6039,8.6039,8.6039,8.6039,8.6039,8.6039,8.6039,8.6039,8.6039,8.6039,8.6039,8.6039,8.6039,8.6039,8.6039,8.6039,8.6039,8.6039,8.6039,8.6039,8.6039,8.6039,8.6039,8.6039,8.6039,8.6039,8.6039,8.6039,8.6039,8.6039,8.6039,8.6039,8.6039,8.6039,8.6039,8.6039,8.6039,8.6039,8.6039,8.6039,8.6039,8.6039,8.6039,8.6039,8.6039,8.6039,8.6039,8.6039,8.6039,8.6039,8.6039,8.6039,8.6039,8.6039,8.6039,8.6039,8.6039,8.6039,8.6039,8.6039,8.6039,8.6039,8.6039,8.6039,8.6039,8.6039,8.6039,8.6039,8.6039,8.6039,8.6039,8.6039,8.6039,8.6039,8.6039,8.6039,8.6039,8.6039,8.6039,8.6039,8.6039,8.6039,8.6039,8.6039,8.6039,8.6039,8.6039,8.6039,8.6039,8.6039,8.6039,8.6039,8.6039,8.6039,8.6039,8.6039,8.6039,8.6039,8.6039,8.6039,8.6039,8.6039,8.6039,8.6039,8.6039,8.6039,8.6039,8.6039,8.6039,8.6039,8.6039,8.6039,8.6039,8.6039,8.6039,8.6039,8.6039,8.6039,8.6039,8.6039,8.6039,8.6039,8.6039,8.6039,8.6039,8.6039,8.6039,8.6039,8.6039,8.6039,8.6039,8.6039,8.6039,8.6039,8.6039,8.6039,8.6039,8.6039,8.6039,8.6039,8.6039,8.6039,8.6039,8.6039,8.6039,8.6039,8.6039,8.6039,8.6039,8.6039,8.6039,8.6039,8.6039,8.6039,8.6039,8.6039,8.6039,8.6039,8.6039,8.6039,8.6039,8.6039,8.6039,8.6039,8.6039,8.6039,8.6039,8.6039,8.6039,8.6039,8.6039,8.6039,8.6039,8.6039,8.6039,8.6039,8.6039,8.6039,8.6039,8.6039,8.6039,8.6039,8.6039,8.6039,8.6039,8.6039,8.6039,8.6039,8.6039,8.6039,8.6039,8.6039,8.6039,8.6039,8.6039,8.6039,8.6039,8.6039,8.6039,8.6039,8.6039,8.6039,8.6039,8.6039,8.6039,8.6039,8.6039,8.6039,8.6039,8.6039,8.6039,8.6039,8.6039,8.6039,8.6039,8.6039,8.6039,8.6039,8.6039,8.6039,8.6039,8.6039,8.6039,8.6039,8.6039,8.6039,8.6039,8.6039,8.6039,8.6039,8.6039,8.6039,8.6039,8.6039,8.6039,8.6039,8.6039,8.6039,8.6039,8.6039,8.6039,8.6039,8.6039,8.6039,8.6039,8.6039,8.6039,8.6039,8.6039,8.6039,8.6039,8.6039,8.6039,8.6039,8.6039,8.6039,8.6039,8.6039,8.6039,8.6039,8.6039,8.6039,8.6039,8.6039,8.6039,8.6039,8.6039,8.6039,8.6039,8.6039,8.6039,8.6039,8.6039,8.6039,8.6039,8.6039,8.6039,8.6039,8.6039,8.6039,8.6039,8.6039,8.6039,8.6039,8.6039,8.6039,8.6039,8.6039,8.6039,8.6039,8.6039,8.6039,8.6039,8.6039,8.6039,8.6039,8.6039,8.6039,8.6039,8.6039,8.6039,8.6039,8.6039,8.6039,8.6039,8.6039,8.6039,8.6039,8.6039,8.6039,8.6039,8.6039,8.6039,8.6039,8.6039,8.6039,8.6039,8.6039,8.6039,8.6039,8.6039,8.6039,8.6039,8.6039,8.6039,8.6039,8.6039,8.6039,8.6039,8.6039,8.6039,8.6039,8.6039,8.6039,8.6039,8.6039,8.6039,8.6039,8.6039,8.6039,8.6039,8.6039,8.6039,8.6039,8.6039,8.6039,8.6039,8.6039,8.6039,8.6039,8.6039,8.6039,8.6039,8.6039,8.6039,8.6039,8.6039,8.6039,8.6039,8.6039,8.6039,8.6039,8.6039,8.6039,8.6039,8.6039,8.6039,8.6039,8.6039,8.6039,8.6039,8.6039,8.6039,8.6039,8.6039,8.6039,8.6039,8.6039,8.6039,8.6039,8.6039,8.6039,8.6039,8.6039,8.6039,8.6039,8.6039,8.6039,8.6039,8.6039,8.6039,8.6039,8.6039,8.6039,8.6039,8.6039,8.6039,8.6039,8.6039,8.6039,8.6039,8.6039,8.6039,8.6039,8.6039,8.6039,8.6039,8.6039,8.6039,8.6039,8.6039,8.6039,8.6039,8.6039,8.6039,8.6039,8.6039,8.6039,8.6039,8.6039,8.6039,8.6039,8.6039,8.6039,8.6039,8.6039,8.6039,8.6039,8.6039,8.6039,8.6039,8.6039,8.6039,8.6039,8.6039,8.6039,8.6039,8.6039,8.6039,8.6039,8.6039,8.6039,8.6039,8.6039,8.6039,8.6039,8.6039,8.6039,8.6039,8.6039,8.6039,8.6039,8.6039,8.6039,8.6039,8.6039,8.6039,8.6039,8.6039,8.6039,8.6039,8.6039,8.6039,8.6039,8.6039,8.6039,8.6039,8.6039,8.6039,8.6039,8.6039,8.6039,8.6039,8.6039,8.6039,8.6039,8.6039,8.6039,8.6039,8.6039,8.6039,8.6039,8.6039,8.6039,8.6039,8.6039,8.6039,8.6039,8.6039,8.6039,8.6039,8.6039,8.6039,8.6039,8.6039,8.6039,8.6039,8.6039,8.6039,8.6039,8.6039,8.6039,8.6039,8.6039,8.6039,8.6039,8.6039,8.6039,8.6039,8.6039,8.6039,8.6039,8.6039,8.6039,8.6039,8.6039,8.6039,8.6039,8.6039,8.6039,8.6039,8.6039,8.6039,8.6039,8.6039,8.6039,8.6039,8.6039,8.6039,8.6039,8.6039,8.6039,8.6039,8.6039,8.6039,8.6039,8.6039,8.6039,8.6039,8.6039,8.6039,8.6039,8.6039,8.6039,8.6039,8.6039,8.6039,8.6039,8.6039,8.6039,8.6039,8.6039,8.6039,8.6039,8.6039,8.6039,8.6039,8.6039,8.6039,8.6039,8.6039,8.6039,8.6039,8.6039,8.6039,8.6039,8.6039,8.6039,8.6039,8.6039,8.6039,8.6039,8.6039,8.6039,8.6039,8.6039,8.6039,8.6039,8.6039,8.6039,8.6039,8.6039,8.6039,8.6039,8.6039,8.6039,8.6039,8.6039,8.6039,8.6039,8.6039,8.6039,8.6039,8.6039,8.6039,8.6039,8.6039,8.6039,8.6039,8.6039,8.6039,8.6039,8.6039,8.6039,8.6039,8.6039,8.6039,8.6039,8.6039,8.6039,8.6039,8.6039,8.6039,8.6039,8.6039,8.6039,8.6039,8.6039,8.6039,8.6039,8.6039,8.6039,8.6039,8.6039,8.6039,8.6039,8.6039,8.6039,8.6039,8.6039,8.6039,8.6039,8.6039,8.6039,8.6039,8.6039,8.6039,8.6039,8.6039,8.6039,8.6039,8.6039,8.6039,8.6039,8.6039,8.6039,8.6039,8.6039,8.6039,8.6039,8.6039,8.6039,8.6039,8.6039,8.6039,8.6039,8.6039,8.6039,8.6039,8.6039,8.6039,8.6039,8.6039,8.6039,8.6039,8.6039,8.6039,8.6039,8.6039,8.6039,8.6039,8.6039,8.6039,8.6039,8.6039,8.6039,8.6039,8.6039,8.6039,8.6039,8.6039,8.6039,8.6039,8.6039,8.6039,8.6039,8.6039,8.6039,8.6039,8.6039,8.6039,8.6039,8.6039,8.6039,8.6039
8.5956,8.5956,8.5956,8.5956,8.5956,8.5956,8.5956,8.5956,8.5956,8.5956,8.5956,8.5956,8.5956,8.5956,8.5956,8.5956,8.5956,8.5956,8.5956,8.5956,8.5956,8.5956,8.5956,8.5956,8.5956,8.5956,8.5956,8.5956,8.5956,8.5956,8.5956,8.5956,8.5956,8.5956,8.5956,8.5956,8.5956,8.5956,8.5956,8.5956,8.5956,8.5956,8.5956,8.5956,8.5956,8.5956,8.5956,8.5956,8.5956,8.5956,8.5956,8.5956,8.5956,8.5956,8.5956,8.5956,8.5956,8.5956,8.5956,8.5956,8.5956,8.5956,8.5956,8.5956,8.5956,8.5956,8.5956,8.5956,8.5956,8.5956,8.5956,8.5956,8.5956,8.5956,8.5956,8.5956,8.5956,8.5956,8.5956,8.5956,8.5956,8.5956,8.5956,8.5956,8.5956,8.5956,8.5956,8.5956,8.5956,8.5956,8.5956,8.5956,8.5956,8.5956,8.5956,8.5956,8.5956,8.5956,8.5956,8.5956,8.5956,8.5956,8.5956,8.5956,8.5956,8.5956,8.5956,8.5956,8.5956,8.5956,8.5956,8.5956,8.5956,8.5956,8.5956,8.5956,8.5956,8.5956,8.5956,8.5956,8.5956,8.5956,8.5956,8.5956,8.5956,8.5956,8.5956,8.5956,8.5956,8.5956,8.5956,8.5956,8.5956,8.5956,8.5956,8.5956,8.5956,8.5956,8.5956,8.5956,8.5956,8.5956,8.5956,8.5956,8.5956,8.5956,8.5956,8.5956,8.5956,8.5956,8.5956,8.5956,8.5956,8.5956,8.5956,8.5956,8.5956,8.5956,8.5956,8.5956,8.5956,8.5956,8.5956,8.5956,8.5956,8.5956,8.5956,8.5956,8.5956,8.5956,8.5956,8.5956,8.5956,8.5956,8.5956,8.5956,8.5956,8.5956,8.5956,8.5956,8.5956,8.5956,8.5956,8.5956,8.5956,8.5956,8.5956,8.5956,8.5956,8.5956,8.5956,8.5956,8.5956,8.5956,8.5956,8.5956,8.5956,8.5956,8.5956,8.5956,8.5956,8.5956,8.5956,8.5956,8.5956,8.5956,8.5956,8.5956,8.5956,8.5956,8.5956,8.5956,8.5956,8.5956,8.5956,8.5956,8.5956,8.5956,8.5956,8.5956,8.5956,8.5956,8.5956,8.5956,8.5956,8.5956,8.5956,8.5956,8.5956,8.5956,8.5956,8.5956,8.5956,8.5956,8.5956,8.5956,8.5956,8.5956,8.5956,8.5956,8.5956,8.5956,8.5956,8.5956,8.5956,8.5956,8.5956,8.5956,8.5956,8.5956,8.5956,8.5956,8.5956,8.5956,8.5956,8.5956,8.5956,8.5956,8.5956,8.5956,8.5956,8.5956,8.5956,8.5956,8.5956,8.5956,8.5956,8.5956,8.5956,8.5956,8.5956,8.5956,8.5956,8.5956,8.5956,8.5956,8.5956,8.5956,8.5956,8.5956,8.5956,8.5956,8.5956,8.5956,8.5956,8.5956,8.5956,8.5956,8.5956,8.5956,8.5956,8.5956,8.5956,8.5956,8.5956,8.5956,8.5956,8.5956,8.5956,8.5956,8.5956,8.5956,8.5956,8.5956,8.5956,8.5956,8.5956,8.5956,8.5956,8.5956,8.5956,8.5956,8.5956,8.5956,8.5956,8.5956,8.5956,8.5956,8.5956,8.5956,8.5956,8.5956,8.5956,8.5956,8.5956,8.5956,8.5956,8.5956,8.5956,8.5956,8.5956,8.5956,8.5956,8.5956,8.5956,8.5956,8.5956,8.5956,8.5956,8.5956,8.5956,8.5956,8.5956,8.5956,8.5956,8.5956,8.5956,8.5956,8.5956,8.5956,8.5956,8.5956,8.5956,8.5956,8.5956,8.5956,8.5956,8.5956,8.5956,8.5956,8.5956,8.5956,8.5956,8.5956,8.5956,8.5956,8.5956,8.5956,8.5956,8.5956,8.5956,8.5956,8.5956,8.5956,8.5956,8.5956,8.5956,8.5956,8.5956,8.5956,8.5956,8.5956,8.5956,8.5956,8.5956,8.5956,8.5956,8.5956,8.5956,8.5956,8.5956,8.5956,8.5956,8.5956,8.5956,8.5956,8.5956,8.5956,8.5956,8.5956,8.5956,8.5956,8.5956,8.5956,8.5956,8.5956,8.5956,8.5956,8.5956,8.5956,8.5956,8.5956,8.5956,8.5956,8.5956,8.5956,8.5956,8.5956,8.5956,8.5956,8.5956,8.5956,8.5956,8.5956,8.5956,8.5956,8.5956,8.5956,8.5956,8.5956,8.5956,8.5956,8.5956,8.5956,8.5956,8.5956,8.5956,8.5956,8.5956,8.5956,8.5956,8.5956,8.5956,8.5956,8.5956,8.5956,8.5956,8.5956,8.5956,8.5956,8.5956,8.5956,8.5956,8.5956,8.5956,8.5956,8.5956,8.5956,8.5956,8.5956,8.5956,8.5956,8.5956,8.5956,8.5956,8.5956,8.5956,8.5956,8.5956,8.5956,8.5956,8.5956,8.5956,8.5956,8.5956,8.5956,8.5956,8.5956,8.5956,8.5956,8.5956,8.5956,8.5956,8.5956,8.5956,8.5956,8.5956,8.5956,8.5956,8.5956,8.5956,8.5956,8.5956,8.5956,8.5956,8.5956,8.5956,8.5956,8.5956,8.5956,8.5956,8.5956,8.5956,8.5956,8.5956,8.5956,8.5956,8.5956,8.5956,8.5956,8.5956,8.5956,8.5956,8.5956,8.5956,8.5956,8.5956,8.5956,8.5956,8.5956,8.5956,8.5956,8.5956,8.5956,8.5956,8.5956,8.5956,8.5956,8.5956,8.5956,8.5956,8.5956,8.5956,8.5956,8.5956,8.5956,8.5956,8.5956,8.5956,8.5956,8.5956,8.5956,8.5956,8.5956,8.5956,8.5956,8.5956,8.5956,8.5956,8.5956,8.5956,8.5956,8.5956,8.5956,8.5956,8.5956,8.5956,8.5956,8.5956,8.5956,8.5956,8.5956,8.5956,8.5956,8.5956,8.5956,8.5956,8.5956,8.5956,8.5956,8.5956,8.5956,8.5956,8.5956,8.5956,8.5956,8.5956,8.5956,8.5956,8.5956,8.5956,8.5956,8.5956,8.5956,8.5956,8.5956,8.5956,8.5956,8.5956,8.5956,8.5956,8.5956,8.5956,8.5956,8.5956,8.5956,8.5956,8.5956,8.5956,8.5956,8.5956,8.5956,8.5956,8.5956,8.5956,8.5956,8.5956,8.5956,8.5956,8.5956,8.5956,8.5956,8.5956,8.5956,8.5956,8.5956,8.5956,8.5956,8.5956,8.5956,8.5956,8.5956,8.5956,8.5956,8.5956,8.5956,8.5956,8.5956,8.5956,8.5956,8.5956,8.5956,8.5956,8.5956,8.5956,8.5956,8.5956,8.5956,8.5956,8.5956,8.5956,8.5956,8.5956,8.5956,8.5956,8.5956,8.5956,8.5956,8.5956,8.5956,8.5956,8.5956,8.5956,8.5956,8.5956,8.5956,8.5956,8.5956,8.5956,8.5956,8.5956,8.5956,8.5956,8.5956,8.5956,8.5956,8.5956,8.5956,8.5956,8.5956,8.5956,8.5956,8.5956,8.5956,8.5956,8.5956,8.5956,8.5956,8.5956,8.5956,8.5956,8.5956,8.5956,8.5956,8.5956,8.5956,8.5956,8.5956,8.5956,8.5956,8.5956,8.5956,8.5956,8.5956,8.5956,8.5956,8.5956,8.5956,8.5956,8.5956,8.5956,8.5956,8.5956,8.5956,8.5956,8.5956,8.5956,8.5956,8.5956,8.5956,8.5956,8.5956,8.5956,8.5956,8.5956,8.5956,8.5956,8.5956,8.5956,8.5956,8.5956,8.5956,8.5956,8.5956,8.5956,8.5956,8.5956,8.5956,8.5956,8.5956,8.5956,8.5956,8.5956,8.5956,8.5956,8.5956,8.5956,8.5956,8.5956,8.5956,8.5956,8.5956,8.5956,8.5956,8.5956,8.5956,8.5956,8.5956,8.5956,8.5956,8.5956,8.5956,8.5956,8.5956,8.5956,8.5956,8.5956,8.5956,8.5956,8.5956,8.5956,8.5956,8.5956,8.5956,8.5956,8.5956,8.5956,8.5956,8.5956,8.5956,8.5956,8.5956,8.5956,8.5956,8.5956,8.5956,8.5956,8.5956,8.5956,8.5956,8.5956,8.5956,8.5956,8.5956,8.5956,8.5956,8.5956,8.5956,8.5956,8.5956,8.5956,8.5956,8.5956,8.5956,8.5956,8.5956,8.5956,8.5956,8.5956,8.5956,8.5956,8.5956,8.5956,8.5956,8.5956,8.5956,8.5956,8.5956,8.5956,8.5956,8.5956,8.5956,8.5956,8.5956,8.5956,8.5956,8.5956,8.5956,8.5956,8.5956,8.5956,8.5956,8.5956,8.5956,8.5956,8.5956,8.5956,8.5956,8.5956,8.5956,8.5956,8.5956,8.5956,8.5956,8.5956,8.5956,8.5956,8.5956,8.5956,8.5956,8.5956,8.5956,8.5956,8.5956,8.5956,8.5956,8.5956,8.5956,8.5956,8.5956,8.5956,8.5956,8.5956,8.5956,8.5956,8.5956,8.5956,8.5956,8.5956,8.5956,8.5956,8.5956,8.5956,8.5956,8.5956,8.5956,8.5956,8.5956,8.5956,8.5956,8.5956,8.5956,8.5956,8.5956,8.5956,8.5956,8.5956,8.5956,8.5956,8.5956,8.5956,8.5956,8.5956,8.5956,8.5956,8.5956,8.5956,8.5956,8.5956,8.5956,8.5956,8.5956,8.5956,8.5956,8.5956,8.5956,8.5956,8.5956,8.5956,8.5956,8.5956,8.5956,8.5956,8.5956,8.5956,8.5956,8.5956,8.5956,8.5956,8.5956,8.5956,8.5956,8.5956,8.5956,8.5956,8.5956,8.5956,8.5956,8.5956,8.5956,8.5956,8.5956,8.5956,8.5956,8.5956,8.5956,8.5956,8.5956,8.5956,8.5956,8.5956,8.5956,8.5956,8.5956,8.5956,8.5956,8.5956,8.5956,8.5956,8.5956,8.5956,8.5956,8.5956,8.5956,8.5956,8.5956,8.5956,8.5956,8.5956,8.5956,8.5956,8.5956,8.5956,8.5956,8.5956,8.5956,8.5956,8.5956,8.5956,8.5956
8.5872,8.5872,8.5872,8.5872,8.5872,8.5872,8.5872,8.5872,8.5872,8.5872,8.5872,8.5872,8.5872,8.5872,8.5872,8.5872,8.5872,8.5872,8.5872,8.5872,8.5872,8.5872,8.5872,8.5872,8.5872,8.5872,8.5872,8.5872,8.5872,8.5872,8.5872,8.5872,8.5872,8.5872,8.5872,8.5872,8.5872,8.5872,8.5872,8.5872,8.5872,8.5872,8.5872,8.5872,8.5872,8.5872,8.5872,8.5872,8.5872,8.5872,8.5872,8.5872,8.5872,8.5872,8.5872,8.5872,8.5872,8.5872,8.5872,8.5872,8.5872,8.5872,8.5872,8.5872,8.5872,8.5872,8.5872,8.5872,8.5872,8.5872,8.5872,8.5872,8.5872,8.5872,8.5872,8.5872,8.5872,8.5872,8.5872,8.5872,8.5872,8.5872,8.5872,8.5872,8.5872,8.5872,8.5872,8.5872,8.5872,8.5872,8.5872,8.5872,8.5872,8.5872,8.5872,8.5872,8.5872,8.5872,8.5872,8.5872,8.5872,8.5872,8.5872,8.5872,8.5872,8.5872,8.5872,8.5872,8.5872,8.5872,8.5872,8.5872,8.5872,8.5872,8.5872,8.5872,8.5872,8.5872,8.5872,8.5872,8.5872,8.5872,8.5872,8.5872,8.5872,8.5872,8.5872,8.5872,8.5872,8.5872,8.5872,8.5872,8.5872,8.5872,8.5872,8.5872,8.5872,8.5872,8.5872,8.5872,8.5872,8.5872,8.5872,8.5872,8.5872,8.5872,8.5872,8.5872,8.5872,8.5872,8.5872,8.5872,8.5872,8.5872,8.5872,8.5872,8.5872,8.5872,8.5872,8.5872,8.5872,8.5872,8.5872,8.5872,8.5872,8.5872,8.5872,8.5872,8.5872,8.5872,8.5872,8.5872,8.5872,8.5872,8.5872,8.5872,8.5872,8.5872,8.5872,8.5872,8.5872,8.5872,8.5872,8.5872,8.5872,8.5872,8.5872,8.5872,8.5872,8.5872,8.5872,8.5872,8.5872,8.5872,8.5872,8.5872,8.5872,8.5872,8.5872,8.5872,8.5872,8.5872,8.5872,8.5872,8.5872,8.5872,8.5872,8.5872,8.5872,8.5872,8.5872,8.5872,8.5872,8.5872,8.5872,8.5872,8.5872,8.5872,8.5872,8.5872,8.5872,8.5872,8.5872,8.5872,8.5872,8.5872,8.5872,8.5872,8.5872,8.5872,8.5872,8.5872,8.5872,8.5872,8.5872,8.5872,8.5872,8.5872,8.5872,8.5872,8.5872,8.5872,8.5872,8.5872,8.5872,8.5872,8.5872,8.5872,8.5872,8.5872,8.5872,8.5872,8.5872,8.5872,8.5872,8.5872,8.5872,8.5872,8.5872,8.5872,8.5872,8.5872,8.5872,8.5872,8.5872,8.5872,8.5872,8.5872,8.5872,8.5872,8.5872,8.5872,8.5872,8.5872,8.5872,8.5872,8.5872,8.5872,8.5872,8.5872,8.5872,8.5872,8.5872,8.5872,8.5872,8.5872,8.5872,8.5872,8.5872,8.5872,8.5872,8.5872,8.5872,8.5872,8.5872,8.5872,8.5872,8.5872,8.5872,8.5872,8.5872,8.5872,8.5872,8.5872,8.5872,8.5872,8.5872,8.5872,8.5872,8.5872,8.5872,8.5872,8.5872,8.5872,8.5872,8.5872,8.5872,8.5872,8.5872,8.5872,8.5872,8.5872,8.5872,8.5872,8.5872,8.5872,8.5872,8.5872,8.5872,8.5872,8.5872,8.5872,8.5872,8.5872,8.5872,8.5872,8.5872,8.5872,8.5872,8.5872,8.5872,8.5872,8.5872,8.5872,8.5872,8.5872,8.5872,8.5872,8.5872,8.5872,8.5872,8.5872,8.5872,8.5872,8.5872,8.5872,8.5872,8.5872,8.5872,8.5872,8.5872,8.5872,8.5872,8.5872,8.5872,8.5872,8.5872,8.5872,8.5872,8.5872,8.5872,8.5872,8.5872,8.5872,8.5872,8.5872,8.5872,8.5872,8.5872,8.5872,8.5872,8.5872,8.5872,8.5872,8.5872,8.5872,8.5872,8.5872,8.5872,8.5872,8.5872,8.5872,8.5872,8.5872,8.5872,8.5872,8.5872,8.5872,8.5872,8.5872,8.5872,8.5872,8.5872,8.5872,8.5872,8.5872,8.5872,8.5872,8.5872,8.5872,8.5872,8.5872,8.5872,8.5872,8.5872,8.5872,8.5872,8.5872,8.5872,8.5872,8.5872,8.5872,8.5872,8.5872,8.5872,8.5872,8.5872,8.5872,8.5872,8.5872,8.5872,8.5872,8.5872,8.5872,8.5872,8.5872,8.5872,8.5872,8.5872,8.5872,8.5872,8.5872,8.5872,8.5872,8.5872,8.5872,8.5872,8.5872,8.5872,8.5872,8.5872,8.5872,8.5872,8.5872,8.5872,8.5872,8.5872,8.5872,8.5872,8.5872,8.5872,8.5872,8.5872,8.5872,8.5872,8.5872,8.5872,8.5872,8.5872,8.5872,8.5872,8.5872,8.5872,8.5872,8.5872,8.5872,8.5872,8.5872,8.5872,8.5872,8.5872,8.5872,8.5872,8.5872,8.5872,8.5872,8.5872,8.5872,8.5872,8.5872,8.5872,8.5872,8.5872,8.5872,8.5872,8.5872,8.5872,8.5872,8.5872,8.5872,8.5872,8.5872,8.5872,8.5872,8.5872,8.5872,8.5872,8.5872,8.5872,8.5872,8.5872,8.5872,8.5872,8.5872,8.5872,8.5872,8.5872,8.5872,8.5872,8.5872,8.5872,8.5872,8.5872,8.5872,8.5872,8.5872,8.5872,8.5872,8.5872,8.5872,8.5872,8.5872,8.5872,8.5872,8.5872,8.5872,8.5872,8.5872,8.5872,8.5872,8.5872,8.5872,8.5872,8.5872,8.5872,8.5872,8.5872,8.5872,8.5872,8.5872,8.5872,8.5872,8.5872,8.5872,8.5872,8.5872,8.5872,8.5872,8.5872,8.5872,8.5872,8.5872,8.5872,8.5872,8.5872,8.5872,8.5872,8.5872,8.5872,8.5872,8.5872,8.5872,8.5872,8.5872,8.5872,8.5872,8.5872,8.5872,8.5872,8.5872,8.5872,8.5872,8.5872,8.5872,8.5872,8.5872,8.5872,8.5872,8.5872,8.5872,8.5872,8.5872,8.5872,8.5872,8.5872,8.5872,8.5872,8.5872,8.5872,8.5872,8.5872,8.5872,8.5872,8.5872,8.5872,8.5872,8.5872,8.5872,8.5872,8.5872,8.5872,8.5872,8.5872,8.5872,8.5872,8.5872,8.5872,8.5872,8.5872,8.5872,8.5872,8.5872,8.5872,8.5872,8.5872,8.5872,8.5872,8.5872,8.5872,8.5872,8.5872,8.5872,8.5872,8.5872,8.5872,8.5872,8.5872,8.5872,8.5872,8.5872,8.5872,8.5872,8.5872,8.5872,8.5872,8.5872,8.5872,8.5872,8.5872,8.5872,8.5872,8.5872,8.5872,8.5872,8.5872,8.5872,8.5872,8.5872,8.5872,8.5872,8.5872,8.5872,8.5872,8.5872,8.5872,8.5872,8.5872,8.5872,8.5872,8.5872,8.5872,8.5872,8.5872,8.5872,8.5872,8.5872,8.5872,8.5872,8.5872,8.5872,8.5872,8.5872,8.5872,8.5872,8.5872,8.5872,8.5872,8.5872,8.5872,8.5872,8.5872,8.5872,8.5872,8.5872,8.5872,8.5872,8.5872,8.5872,8.5872,8.5872,8.5872,8.5872,8.5872,8.5872,8.5872,8.5872,8.5872,8.5872,8.5872,8.5872,8.5872,8.5872,8.5872,8.5872,8.5872,8.5872,8.5872,8.5872,8.5872,8.5872,8.5872,8.5872,8.5872,8.5872,8.5872,8.5872,8.5872,8.5872,8.5872,8.5872,8.5872,8.5872,8.5872,8.5872,8.5872,8.5872,8.5872,8.5872,8.5872,8.5872,8.5872,8.5872,8.5872,8.5872,8.5872,8.5872,8.5872,8.5872,8.5872,8.5872,8.5872,8.5872,8.5872,8.5872,8.5872,8.5872,8.5872,8.5872,8.5872,8.5872,8.5872,8.5872,8.5872,8.5872,8.5872,8.5872,8.5872,8.5872,8.5872,8.5872,8.5872,8.5872,8.5872,8.5872,8.5872,8.5872,8.5872,8.5872,8.5872,8.5872,8.5872,8.5872,8.5872,8.5872,8.5872,8.5872,8.5872,8.5872,8.5872,8.5872,8.5872,8.5872,8.5872,8.5872,8.5872,8.5872,8.5872,8.5872,8.5872,8.5872,8.5872,8.5872,8.5872,8.5872,8.5872,8.5872,8.5872,8.5872,8.5872,8.5872,8.5872,8.5872,8.5872,8.5872,8.5872,8.5872,8.5872,8.5872,8.5872,8.5872,8.5872,8.5872,8.5872,8.5872,8.5872,8.5872,8.5872,8.5872,8.5872,8.5872,8.5872,8.5872,8.5872,8.5872,8.5872,8.5872,8.5872,8.5872,8.5872,8.5872,8.5872,8.5872,8.5872,8.5872,8.5872,8.5872,8.5872,8.5872,8.5872,8.5872,8.5872,8.5872,8.5872,8.5872,8.5872,8.5872,8.5872,8.5872,8.5872,8.5872,8.5872,8.5872,8.5872,8.5872,8.5872,8.5872,8.5872,8.5872,8.5872,8.5872,8.5872,8.5872,8.5872,8.5872,8.5872,8.5872,8.5872,8.5872,8.5872,8.5872,8.5872,8.5872,8.5872,8.5872,8.5872,8.5872,8.5872,8.5872,8.5872,8.5872,8.5872,8.5872,8.5872,8.5872,8.5872,8.5872,8.5872,8.5872,8.5872,8.5872,8.5872,8.5872,8.5872,8.5872,8.5872,8.5872,8.5872,8.5872,8.5872,8.5872,8.5872,8.5872,8.5872,8.5872,8.5872,8.5872,8.5872,8.5872,8.5872,8.5872,8.5872,8.5872,8.5872,8.5872,8.5872,8.5872,8.5872,8.5872,8.5872,8.5872,8.5872,8.5872,8.5872,8.5872,8.5872,8.5872,8.5872,8.5872,8.5872,8.5872,8.5872,8.5872,8.5872,8.5872,8.5872,8.5872,8.5872,8.5872,8.5872,8.5872,8.5872,8.5872,8.5872,8.5872,8.5872,8.5872,8.5872,8.5872,8.5872,8.5872
8.5793,8.5793,8.5793,8.5793,8.5793,8.5793,8.5793,8.5793,8.5793,8.5793,8.5793,8.5793,8.5793,8.5793,8.5793,8.5793,8.5793,8.5793,8.5793,8.5793,8.5793,8.5793,8.5793,8.5793,8.5793,8.5793,8.5793,8.5793,8.5793,8.5793,8.5793,8.5793,8.5793,8.5793,8.5793,8.5793,8.5793,8.5793,8.5793,8.5793,8.5793,8.5793,8.5793,8.5793,8.5793,8.5793,8.5793,8.5793,8.5793,8.5793,8.5793,8.5793,8.5793,8.5793,8.5793,8.5793,8.5793,8.5793,8.5793,8.5793,8.5793,8.5793,8.5793,8.5793,8.5793,8.5793,8.5793,8.5793,8.5793,8.5793,8.5793,8.5793,8.5793,8.5793,8.5793,8.5793,8.5793,8.5793,8.5793,8.5793,8.5793,8.5793,8.5793,8.5793,8.5793,8.5793,8.5793,8.5793,8.5793,8.5793,8.5793,8.5793,8.5793,8.5793,8.5793,8.5793,8.5793,8.5793,8.5793,8.5793,8.5793,8.5793,8.5793,8.5793,8.5793,8.5793,8.5793,8.5793,8.5793,8.5793,8.5793,8.5793,8.5793,8.5793,8.5793,8.5793,8.5793,8.5793,8.5793,8.5793,8.5793,8.5793,8.5793,8.5793,8.5793,8.5793,8.5793,8.5793,8.5793,8.5793,8.5793,8.5793,8.5793,8.5793,8.5793,8.5793,8.5793,8.5793,8.5793,8.5793,8.5793,8.5793,8.5793,8.5793,8.5793,8.5793,8.5793,8.5793,8.5793,8.5793,8.5793,8.5793,8.5793,8.5793,8.5793,8.5793,8.5793,8.5793,8.5793,8.5793,8.5793,8.5793,8.5793,8.5793,8.5793,8.5793,8.5793,8.5793,8.5793,8.5793,8.5793,8.5793,8.5793,8.5793,8.5793,8.5793,8.5793,8.5793,8.5793,8.5793,8.5793,8.5793,8.5793,8.5793,8.5793,8.5793,8.5793,8.5793,8.5793,8.5793,8.5793,8.5793,8.5793,8.5793,8.5793,8.5793,8.5793,8.5793,8.5793,8.5793,8.5793,8.5793,8.5793,8.5793,8.5793,8.5793,8.5793,8.5793,8.5793,8.5793,8.5793,8.5793,8.5793,8.5793,8.5793,8.5793,8.5793,8.5793,8.5793,8.5793,8.5793,8.5793,8.5793,8.5793,8.5793,8.5793,8.5793,8.5793,8.5793,8.5793,8.5793,8.5793,8.5793,8.5793,8.5793,8.5793,8.5793,8.5793,8.5793,8.5793,8.5793,8.5793,8.5793,8.5793,8.5793,8.5793,8.5793,8.5793,8.5793,8.5793,8.5793,8.5793,8.5793,8.5793,8.5793,8.5793,8.5793,8.5793,8.5793,8.5793,8.5793,8.5793,8.5793,8.5793,8.5793,8.5793,8.5793,8.5793,8.5793,8.5793,8.5793,8.5793,8.5793,8.5793,8.5793,8.5793,8.5793,8.5793,8.5793,8.5793,8.5793,8.5793,8.5793,8.5793,8.5793,8.5793,8.5793,8.5793,8.5793,8.5793,8.5793,8.5793,8.5793,8.5793,8.5793,8.5793,8.5793,8.5793,8.5793,8.5793,8.5793,8.5793,8.5793,8.5793,8.5793,8.5793,8.5793,8.5793,8.5793,8.5793,8.5793,8.5793,8.5793,8.5793,8.5793,8.5793,8.5793,8.5793,8.5793,8.5793,8.5793,8.5793,8.5793,8.5793,8.5793,8.5793,8.5793,8.5793,8.5793,8.5793,8.5793,8.5793,8.5793,8.5793,8.5793,8.5793,8.5793,8.5793,8.5793,8.5793,8.5793,8.5793,8.5793,8.5793,8.5793,8.5793,8.5793,8.5793,8.5793,8.5793,8.5793,8.5793,8.5793,8.5793,8.5793,8.5793,8.5793,8.5793,8.5793,8.5793,8.5793,8.5793,8.5793,8.5793,8.5793,8.5793,8.5793,8.5793,8.5793,8.5793,8.5793,8.5793,8.5793,8.5793,8.5793,8.5793,8.5793,8.5793,8.5793,8.5793,8.5793,8.5793,8.5793,8.5793,8.5793,8.5793,8.5793,8.5793,8.5793,8.5793,8.5793,8.5793,8.5793,8.5793,8.5793,8.5793,8.5793,8.5793,8.5793,8.5793,8.5793,8.5793,8.5793,8.5793,8.5793,8.5793,8.5793,8.5793,8.5793,8.5793,8.5793,8.5793,8.5793,8.5793,8.5793,8.5793,8.5793,8.5793,8.5793,8.5793,8.5793,8.5793,8.5793,8.5793,8.5793,8.5793,8.5793,8.5793,8.5793,8.5793,8.5793,8.5793,8.5793,8.5793,8.5793,8.5793,8.5793,8.5793,8.5793,8.5793,8.5793,8.5793,8.5793,8.5793,8.5793,8.5793,8.5793,8.5793,8.5793,8.5793,8.5793,8.5793,8.5793,8.5793,8.5793,8.5793,8.5793,8.5793,8.5793,8.5793,8.5793,8.5793,8.5793,8.5793,8.5793,8.5793,8.5793,8.5793,8.5793,8.5793,8.5793,8.5793,8.5793,8.5793,8.5793,8.5793,8.5793,8.5793,8.5793,8.5793,8.5793,8.5793,8.5793,8.5793,8.5793,8.5793,8.5793,8.5793,8.5793,8.5793,8.5793,8.5793,8.5793,8.5793,8.5793,8.5793,8.5793,8.5793,8.5793,8.5793,8.5793,8.5793,8.5793,8.5793,8.5793,8.5793,8.5793,8.5793,8.5793,8.5793,8.5793,8.5793,8.5793,8.5793,8.5793,8.5793,8.5793,8.5793,8.5793,8.5793,8.5793,8.5793,8.5793,8.5793,8.5793,8.5793,8.5793,8.5793,8.5793,8.5793,8.5793,8.5793,8.5793,8.5793,8.5793,8.5793,8.5793,8.5793,8.5793,8.5793,8.5793,8.5793,8.5793,8.5793,8.5793,8.5793,8.5793,8.5793,8.5793,8.5793,8.5793,8.5793,8.5793,8.5793,8.5793,8.5793,8.5793,8.5793,8.5793,8.5793,8.5793,8.5793,8.5793,8.5793,8.5793,8.5793,8.5793,8.5793,8.5793,8.5793,8.5793,8.5793,8.5793,8.5793,8.5793,8.5793,8.5793,8.5793,8.5793,8.5793,8.5793,8.5793,8.5793,8.5793,8.5793,8.5793,8.5793,8.5793,8.5793,8.5793,8.5793,8.5793,8.5793,8.5793,8.5793,8.5793,8.5793,8.5793,8.5793,8.5793,8.5793,8.5793,8.5793,8.5793,8.5793,8.5793,8.5793,8.5793,8.5793,8.5793,8.5793,8.5793,8.5793,8.5793,8.5793,8.5793,8.5793,8.5793,8.5793,8.5793,8.5793,8.5793,8.5793,8.5793,8.5793,8.5793,8.5793,8.5793,8.5793,8.5793,8.5793,8.5793,8.5793,8.5793,8.5793,8.5793,8.5793,8.5793,8.5793,8.5793,8.5793,8.5793,8.5793,8.5793,8.5793,8.5793,8.5793,8.5793,8.5793,8.5793,8.5793,8.5793,8.5793,8.5793,8.5793,8.5793,8.5793,8.5793,8.5793,8.5793,8.5793,8.5793,8.5793,8.5793,8.5793,8.5793,8.5793,8.5793,8.5793,8.5793,8.5793,8.5793,8.5793,8.5793,8.5793,8.5793,8.5793,8.5793,8.5793,8.5793,8.5793,8.5793,8.5793,8.5793,8.5793,8.5793,8.5793,8.5793,8.5793,8.5793,8.5793,8.5793,8.5793,8.5793,8.5793,8.5793,8.5793,8.5793,8.5793,8.5793,8.5793,8.5793,8.5793,8.5793,8.5793,8.5793,8.5793,8.5793,8.5793,8.5793,8.5793,8.5793,8.5793,8.5793,8.5793,8.5793,8.5793,8.5793,8.5793,8.5793,8.5793,8.5793,8.5793,8.5793,8.5793,8.5793,8.5793,8.5793,8.5793,8.5793,8.5793,8.5793,8.5793,8.5793,8.5793,8.5793,8.5793,8.5793,8.5793,8.5793,8.5793,8.5793,8.5793,8.5793,8.5793,8.5793,8.5793,8.5793,8.5793,8.5793,8.5793,8.5793,8.5793,8.5793,8.5793,8.5793,8.5793,8.5793,8.5793,8.5793,8.5793,8.5793,8.5793,8.5793,8.5793,8.5793,8.5793,8.5793,8.5793,8.5793,8.5793,8.5793,8.5793,8.5793,8.5793,8.5793,8.5793,8.5793,8.5793,8.5793,8.5793,8.5793,8.5793,8.5793,8.5793,8.5793,8.5793,8.5793,8.5793,8.5793,8.5793,8.5793,8.5793,8.5793,8.5793,8.5793,8.5793,8.5793,8.5793,8.5793,8.5793,8.5793,8.5793,8.5793,8.5793,8.5793,8.5793,8.5793,8.5793,8.5793,8.5793,8.5793,8.5793,8.5793,8.5793,8.5793,8.5793,8.5793,8.5793,8.5793,8.5793,8.5793,8.5793,8.5793,8.5793,8.5793,8.5793,8.5793,8.5793,8.5793,8.5793,8.5793,8.5793,8.5793,8.5793,8.5793,8.5793,8.5793,8.5793,8.5793,8.5793,8.5793,8.5793,8.5793,8.5793,8.5793,8.5793,8.5793,8.5793,8.5793,8.5793,8.5793,8.5793,8.5793,8.5793,8.5793,8.5793,8.5793,8.5793,8.5793,8.5793,8.5793,8.5793,8.5793,8.5793,8.5793,8.5793,8.5793,8.5793,8.5793,8.5793,8.5793,8.5793,8.5793,8.5793,8.5793,8.5793,8.5793,8.5793,8.5793,8.5793,8.5793,8.5793,8.5793,8.5793,8.5793,8.5793,8.5793,8.5793,8.5793,8.5793,8.5793,8.5793,8.5793,8.5793,8.5793,8.5793,8.5793,8.5793,8.5793,8.5793,8.5793,8.5793,8.5793,8.5793,8.5793,8.5793,8.5793,8.5793,8.5793,8.5793,8.5793,8.5793,8.5793,8.5793,8.5793,8.5793,8.5793,8.5793,8.5793,8.5793,8.5793,8.5793,8.5793,8.5793,8.5793,8.5793,8.5793,8.5793,8.5793,8.5793,8.5793,8.5793,8.5793,8.5793,8.5793,8.5793,8.5793,8.5793,8.5793,8.5793,8.5793,8.5793,8.5793,8.5793,8.5793,8.5793,8.5793,8.5793,8.5793,8.5793,8.5793,8.5793,8.5793,8.5793,8.5793,8.5793,8.5793,8.5793,8.5793
8.5701,8.5701,8.5701,8.5701,8.5701,8.5701,8.5701,8.5701,8.5701,8.5701,8.5701,8.5701,8.5701,8.5701,8.5701,8.5701,8.5701,8.5701,8.5701,8.5701,8.5701,8.5701,8.5701,8.5701,8.5701,8.5701,8.5701,8.5701,8.5701,8.5701,8.5701,8.5701,8.5701,8.5701,8.5701,8.5701,8.5701,8.5701,8.5701,8.5701,8.5701,8.5701,8.5701,8.5701,8.5701,8.5701,8.5701,8.5701,8.5701,8.5701,8.5701,8.5701,8.5701,8.5701,8.5701,8.5701,8.5701,8.5701,8.5701,8.5701,8.5701,8.5701,8.5701,8.5701,8.5701,8.5701,8.5701,8.5701,8.5701,8.5701,8.5701,8.5701,8.5701,8.5701,8.5701,8.5701,8.5701,8.5701,8.5701,8.5701,8.5701,8.5701,8.5701,8.5701,8.5701,8.5701,8.5701,8.5701,8.5701,8.5701,8.5701,8.5701,8.5701,8.5701,8.5701,8.5701,8.5701,8.5701,8.5701,8.5701,8.5701,8.5701,8.5701,8.5701,8.5701,8.5701,8.5701,8.5701,8.5701,8.5701,8.5701,8.5701,8.5701,8.5701,8.5701,8.5701,8.5701,8.5701,8.5701,8.5701,8.5701,8.5701,8.5701,8.5701,8.5701,8.5701,8.5701,8.5701,8.5701,8.5701,8.5701,8.5701,8.5701,8.5701,8.5701,8.5701,8.5701,8.5701,8.5701,8.5701,8.5701,8.5701,8.5701,8.5701,8.5701,8.5701,8.5701,8.5701,8.5701,8.5701,8.5701,8.5701,8.5701,8.5701,8.5701,8.5701,8.5701,8.5701,8.5701,8.5701,8.5701,8.5701,8.5701,8.5701,8.5701,8.5701,8.5701,8.5701,8.5701,8.5701,8.5701,8.5701,8.5701,8.5701,8.5701,8.5701,8.5701,8.5701,8.5701,8.5701,8.5701,8.5701,8.5701,8.5701,8.5701,8.5701,8.5701,8.5701,8.5701,8.5701,8.5701,8.5701,8.5701,8.5701,8.5701,8.5701,8.5701,8.5701,8.5701,8.5701,8.5701,8.5701,8.5701,8.5701,8.5701,8.5701,8.5701,8.5701,8.5701,8.5701,8.5701,8.5701,8.5701,8.5701,8.5701,8.5701,8.5701,8.5701,8.5701,8.5701,8.5701,8.5701,8.5701,8.5701,8.5701,8.5701,8.5701,8.5701,8.5701,8.5701,8.5701,8.5701,8.5701,8.5701,8.5701,8.5701,8.5701,8.5701,8.5701,8.5701,8.5701,8.5701,8.5701,8.5701,8.5701,8.5701,8.5701,8.5701,8.5701,8.5701,8.5701,8.5701,8.5701,8.5701,8.5701,8.5701,8.5701,8.5701,8.5701,8.5701,8.5701,8.5701,8.5701,8.5701,8.5701,8.5701,8.5701,8.5701,8.5701,8.5701,8.5701,8.5701,8.5701,8.5701,8.5701,8.5701,8.5701,8.5701,8.5701,8.5701,8.5701,8.5701,8.5701,8.5701,8.5701,8.5701,8.5701,8.5701,8.5701,8.5701,8.5701,8.5701,8.5701,8.5701,8.5701,8.5701,8.5701,8.5701,8.5701,8.5701,8.5701,8.5701,8.5701,8.5701,8.5701,8.5701,8.5701,8.5701,8.5701,8.5701,8.5701,8.5701,8.5701,8.5701,8.5701,8.5701,8.5701,8.5701,8.5701,8.5701,8.5701,8.5701,8.5701,8.5701,8.5701,8.5701,8.5701,8.5701,8.5701,8.5701,8.5701,8.5701,8.5701,8.5701,8.5701,8.5701,8.5701,8.5701,8.5701,8.5701,8.5701,8.5701,8.5701,8.5701,8.5701,8.5701,8.5701,8.5701,8.5701,8.5701,8.5701,8.5701,8.5701,8.5701,8.5701,8.5701,8.5701,8.5701,8.5701,8.5701,8.5701,8.5701,8.5701,8.5701,8.5701,8.5701,8.5701,8.5701,8.5701,8.5701,8.5701,8.5701,8.5701,8.5701,8.5701,8.5701,8.5701,8.5701,8.5701,8.5701,8.5701,8.5701,8.5701,8.5701,8.5701,8.5701,8.5701,8.5701,8.5701,8.5701,8.5701,8.5701,8.5701,8.5701,8.5701,8.5701,8.5701,8.5701,8.5701,8.5701,8.5701,8.5701,8.5701,8.5701,8.5701,8.5701,8.5701,8.5701,8.5701,8.5701,8.5701,8.5701,8.5701,8.5701,8.5701,8.5701,8.5701,8.5701,8.5701,8.5701,8.5701,8.5701,8.5701,8.5701,8.5701,8.5701,8.5701,8.5701,8.5701,8.5701,8.5701,8.5701,8.5701,8.5701,8.5701,8.5701,8.5701,8.5701,8.5701,8.5701,8.5701,8.5701,8.5701,8.5701,8.5701,8.5701,8.5701,8.5701,8.5701,8.5701,8.5701,8.5701,8.5701,8.5701,8.5701,8.5701,8.5701,8.5701,8.5701,8.5701,8.5701,8.5701,8.5701,8.5701,8.5701,8.5701,8.5701,8.5701,8.5701,8.5701,8.5701,8.5701,8.5701,8.5701,8.5701,8.5701,8.5701,8.5701,8.5701,8.5701,8.5701,8.5701,8.5701,8.5701,8.5701,8.5701,8.5701,8.5701,8.5701,8.5701,8.5701,8.5701,8.5701,8.5701,8.5701,8.5701,8.5701,8.5701,8.5701,8.5701,8.5701,8.5701,8.5701,8.5701,8.5701,8.5701,8.5701,8.5701,8.5701,8.5701,8.5701,8.5701,8.5701,8.5701,8.5701,8.5701,8.5701,8.5701,8.5701,8.5701,8.5701,8.5701,8.5701,8.5701,8.5701,8.5701,8.5701,8.5701,8.5701,8.5701,8.5701,8.5701,8.5701,8.5701,8.5701,8.5701,8.5701,8.5701,8.5701,8.5701,8.5701,8.5701,8.5701,8.5701,8.5701,8.5701,8.5701,8.5701,8.5701,8.5701,8.5701,8.5701,8.5701,8.5701,8.5701,8.5701,8.5701,8.5701,8.5701,8.5701,8.5701,8.5701,8.5701,8.5701,8.5701,8.5701,8.5701,8.5701,8.5701,8.5701,8.5701,8.5701,8.5701,8.5701,8.5701,8.5701,8.5701,8.5701,8.5701,8.5701,8.5701,8.5701,8.5701,8.5701,8.5701,8.5701,8.5701,8.5701,8.5701,8.5701,8.5701,8.5701,8.5701,8.5701,8.5701,8.5701,8.5701,8.5701,8.5701,8.5701,8.5701,8.5701,8.5701,8.5701,8.5701,8.5701,8.5701,8.5701,8.5701,8.5701,8.5701,8.5701,8.5701,8.5701,8.5701,8.5701,8.5701,8.5701,8.5701,8.5701,8.5701,8.5701,8.5701,8.5701,8.5701,8.5701,8.5701,8.5701,8.5701,8.5701,8.5701,8.5701,8.5701,8.5701,8.5701,8.5701,8.5701,8.5701,8.5701,8.5701,8.5701,8.5701,8.5701,8.5701,8.5701,8.5701,8.5701,8.5701,8.5701,8.5701,8.5701,8.5701,8.5701,8.5701,8.5701,8.5701,8.5701,8.5701,8.5701,8.5701,8.5701,8.5701,8.5701,8.5701,8.5701,8.5701,8.5701,8.5701,8.5701,8.5701,8.5701,8.5701,8.5701,8.5701,8.5701,8.5701,8.5701,8.5701,8.5701,8.5701,8.5701,8.5701,8.5701,8.5701,8.5701,8.5701,8.5701,8.5701,8.5701,8.5701,8.5701,8.5701,8.5701,8.5701,8.5701,8.5701,8.5701,8.5701,8.5701,8.5701,8.5701,8.5701,8.5701,8.5701,8.5701,8.5701,8.5701,8.5701,8.5701,8.5701,8.5701,8.5701,8.5701,8.5701,8.5701,8.5701,8.5701,8.5701,8.5701,8.5701,8.5701,8.5701,8.5701,8.5701,8.5701,8.5701,8.5701,8.5701,8.5701,8.5701,8.5701,8.5701,8.5701,8.5701,8.5701,8.5701,8.5701,8.5701,8.5701,8.5701,8.5701,8.5701,8.5701,8.5701,8.5701,8.5701,8.5701,8.5701,8.5701,8.5701,8.5701,8.5701,8.5701,8.5701,8.5701,8.5701,8.5701,8.5701,8.5701,8.5701,8.5701,8.5701,8.5701,8.5701,8.5701,8.5701,8.5701,8.5701,8.5701,8.5701,8.5701,8.5701,8.5701,8.5701,8.5701,8.5701,8.5701,8.5701,8.5701,8.5701,8.5701,8.5701,8.5701,8.5701,8.5701,8.5701,8.5701,8.5701,8.5701,8.5701,8.5701,8.5701,8.5701,8.5701,8.5701,8.5701,8.5701,8.5701,8.5701,8.5701,8.5701,8.5701,8.5701,8.5701,8.5701,8.5701,8.5701,8.5701,8.5701,8.5701,8.5701,8.5701,8.5701,8.5701,8.5701,8.5701,8.5701,8.5701,8.5701,8.5701,8.5701,8.5701,8.5701,8.5701,8.5701,8.5701,8.5701,8.5701,8.5701,8.5701,8.5701,8.5701,8.5701,8.5701,8.5701,8.5701,8.5701,8.5701,8.5701,8.5701,8.5701,8.5701,8.5701,8.5701,8.5701,8.5701,8.5701,8.5701,8.5701,8.5701,8.5701,8.5701,8.5701,8.5701,8.5701,8.5701,8.5701,8.5701,8.5701,8.5701,8.5701,8.5701,8.5701,8.5701,8.5701,8.5701,8.5701,8.5701,8.5701,8.5701,8.5701,8.5701,8.5701,8.5701,8.5701,8.5701,8.5701,8.5701,8.5701,8.5701,8.5701,8.5701,8.5701,8.5701,8.5701,8.5701,8.5701,8.5701,8.5701,8.5701,8.5701,8.5701,8.5701,8.5701,8.5701,8.5701,8.5701,8.5701,8.5701,8.5701,8.5701,8.5701,8.5701,8.5701,8.5701,8.5701,8.5701,8.5701,8.5701,8.5701,8.5701,8.5701,8.5701,8.5701,8.5701,8.5701,8.5701,8.5701,8.5701,8.5701,8.5701,8.5701,8.5701,8.5701,8.5701,8.5701,8.5701,8.5701,8.5701,8.5701,8.5701,8.5701,8.5701,8.5701,8.5701,8.5701,8.5701,8.5701,8.5701,8.5701,8.5701,8.5701,8.5701,8.5701,8.5701,8.5701,8.5701,8.5701,8.5701,8.5701,8.5701,8.5701,8.5701,8.5701,8.5701,8.5701,8.5701,8.5701,8.5701,8.5701
8.5627,8.5627,8.5627,8.5627,8.5627,8.5627,8.5627,8.5627,8.5627,8.5627,8.5627,8.5627,8.5627,8.5627,8.5627,8.5627,8.5627,8.5627,8.5627,8.5627,8.5627,8.5627,8.5627,8.5627,8.5627,8.5627,8.5627,8.5627,8.5627,8.5627,8.5627,8.5627,8.5627,8.5627,8.5627,8.5627,8.5627,8.5627,8.5627,8.5627,8.5627,8.5627,8.5627,8.5627,8.5627,8.5627,8.5627,8.5627,8.5627,8.5627,8.5627,8.5627,8.5627,8.5627,8.5627,8.5627,8.5627,8.5627,8.5627,8.5627,8.5627,8.5627,8.5627,8.5627,8.5627,8.5627,8.5627,8.5627,8.5627,8.5627,8.5627,8.5627,8.5627,8.5627,8.5627,8.5627,8.5627,8.5627,8.5627,8.5627,8.5627,8.5627,8.5627,8.5627,8.5627,8.5627,8.5627,8.5627,8.5627,8.5627,8.5627,8.5627,8.5627,8.5627,8.5627,8.5627,8.5627,8.5627,8.5627,8.5627,8.5627,8.5627,8.5627,8.5627,8.5627,8.5627,8.5627,8.5627,8.5627,8.5627,8.5627,8.5627,8.5627,8.5627,8.5627,8.5627,8.5627,8.5627,8.5627,8.5627,8.5627,8.5627,8.5627,8.5627,8.5627,8.5627,8.5627,8.5627,8.5627,8.5627,8.5627,8.5627,8.5627,8.5627,8.5627,8.5627,8.5627,8.5627,8.5627,8.5627,8.5627,8.5627,8.5627,8.5627,8.5627,8.5627,8.5627,8.5627,8.5627,8.5627,8.5627,8.5627,8.5627,8.5627,8.5627,8.5627,8.5627,8.5627,8.5627,8.5627,8.5627,8.5627,8.5627,8.5627,8.5627,8.5627,8.5627,8.5627,8.5627,8.5627,8.5627,8.5627,8.5627,8.5627,8.5627,8.5627,8.5627,8.5627,8.5627,8.5627,8.5627,8.5627,8.5627,8.5627,8.5627,8.5627,8.5627,8.5627,8.5627,8.5627,8.5627,8.5627,8.5627,8.5627,8.5627,8.5627,8.5627,8.5627,8.5627,8.5627,8.5627,8.5627,8.5627,8.5627,8.5627,8.5627,8.5627,8.5627,8.5627,8.5627,8.5627,8.5627,8.5627,8.5627,8.5627,8.5627,8.5627,8.5627,8.5627,8.5627,8.5627,8.5627,8.5627,8.5627,8.5627,8.5627,8.5627,8.5627,8.5627,8.5627,8.5627,8.5627,8.5627,8.5627,8.5627,8.5627,8.5627,8.5627,8.5627,8.5627,8.5627,8.5627,8.5627,8.5627,8.5627,8.5627,8.5627,8.5627,8.5627,8.5627,8.5627,8.5627,8.5627,8.5627,8.5627,8.5627,8.5627,8.5627,8.5627,8.5627,8.5627,8.5627,8.5627,8.5627,8.5627,8.5627,8.5627,8.5627,8.5627,8.5627,8.5627,8.5627,8.5627,8.5627,8.5627,8.5627,8.5627,8.5627,8.5627,8.5627,8.5627,8.5627,8.5627,8.5627,8.5627,8.5627,8.5627,8.5627,8.5627,8.5627,8.5627,8.5627,8.5627,8.5627,8.5627,8.5627,8.5627,8.5627,8.5627,8.5627,8.5627,8.5627,8.5627,8.5627,8.5627,8.5627,8.5627,8.5627,8.5627,8.5627,8.5627,8.5627,8.5627,8.5627,8.5627,8.5627,8.5627,8.5627,8.5627,8.5627,8.5627,8.5627,8.5627,8.5627,8.5627,8.5627,8.5627,8.5627,8.5627,8.5627,8.5627,8.5627,8.5627,8.5627,8.5627,8.5627,8.5627,8.5627,8.5627,8.5627,8.5627,8.5627,8.5627,8.5627,8.5627,8.5627,8.5627,8.5627,8.5627,8.5627,8.5627,8.5627,8.5627,8.5627,8.5627,8.5627,8.5627,8.5627,8.5627,8.5627,8.5627,8.5627,8.5627,8.5627,8.5627,8.5627,8.5627,8.5627,8.5627,8.5627,8.5627,8.5627,8.5627,8.5627,8.5627,8.5627,8.5627,8.5627,8.5627,8.5627,8.5627,8.5627,8.5627,8.5627,8.5627,8.5627,8.5627,8.5627,8.5627,8.5627,8.5627,8.5627,8.5627,8.5627,8.5627,8.5627,8.5627,8.5627,8.5627,8.5627,8.5627,8.5627,8.5627,8.5627,8.5627,8.5627,8.5627,8.5627,8.5627,8.5627,8.5627,8.5627,8.5627,8.5627,8.5627,8.5627,8.5627,8.5627,8.5627,8.5627,8.5627,8.5627,8.5627,8.5627,8.5627,8.5627,8.5627,8.5627,8.5627,8.5627,8.5627,8.5627,8.5627,8.5627,8.5627,8.5627,8.5627,8.5627,8.5627,8.5627,8.5627,8.5627,8.5627,8.5627,8.5627,8.5627,8.5627,8.5627,8.5627,8.5627,8.5627,8.5627,8.5627,8.5627,8.5627,8.5627,8.5627,8.5627,8.5627,8.5627,8.5627,8.5627,8.5627,8.5627,8.5627,8.5627,8.5627,8.5627,8.5627,8.5627,8.5627,8.5627,8.5627,8.5627,8.5627,8.5627,8.5627,8.5627,8.5627,8.5627,8.5627,8.5627,8.5627,8.5627,8.5627,8.5627,8.5627,8.5627,8.5627,8.5627,8.5627,8.5627,8.5627,8.5627,8.5627,8.5627,8.5627,8.5627,8.5627,8.5627,8.5627,8.5627,8.5627,8.5627,8.5627,8.5627,8.5627,8.5627,8.5627,8.5627,8.5627,8.5627,8.5627,8.5627,8.5627,8.5627,8.5627,8.5627,8.5627,8.5627,8.5627,8.5627,8.5627,8.5627,8.5627,8.5627,8.5627,8.5627,8.5627,8.5627,8.5627,8.5627,8.5627,8.5627,8.5627,8.5627,8.5627,8.5627,8.5627,8.5627,8.5627,8.5627,8.5627,8.5627,8.5627,8.5627,8.5627,8.5627,8.5627,8.5627,8.5627,8.5627,8.5627,8.5627,8.5627,8.5627,8.5627,8.5627,8.5627,8.5627,8.5627,8.5627,8.5627,8.5627,8.5627,8.5627,8.5627,8.5627,8.5627,8.5627,8.5627,8.5627,8.5627,8.5627,8.5627,8.5627,8.5627,8.5627,8.5627,8.5627,8.5627,8.5627,8.5627,8.5627,8.5627,8.5627,8.5627,8.5627,8.5627,8.5627,8.5627,8.5627,8.5627,8.5627,8.5627,8.5627,8.5627,8.5627,8.5627,8.5627,8.5627,8.5627,8.5627,8.5627,8.5627,8.5627,8.5627,8.5627,8.5627,8.5627,8.5627,8.5627,8.5627,8.5627,8.5627,8.5627,8.5627,8.5627,8.5627,8.5627,8.5627,8.5627,8.5627,8.5627,8.5627,8.5627,8.5627,8.5627,8.5627,8.5627,8.5627,8.5627,8.5627,8.5627,8.5627,8.5627,8.5627,8.5627,8.5627,8.5627,8.5627,8.5627,8.5627,8.5627,8.5627,8.5627,8.5627,8.5627,8.5627,8.5627,8.5627,8.5627,8.5627,8.5627,8.5627,8.5627,8.5627,8.5627,8.5627,8.5627,8.5627,8.5627,8.5627,8.5627,8.5627,8.5627,8.5627,8.5627,8.5627,8.5627,8.5627,8.5627,8.5627,8.5627,8.5627,8.5627,8.5627,8.5627,8.5627,8.5627,8.5627,8.5627,8.5627,8.5627,8.5627,8.5627,8.5627,8.5627,8.5627,8.5627,8.5627,8.5627,8.5627,8.5627,8.5627,8.5627,8.5627,8.5627,8.5627,8.5627,8.5627,8.5627,8.5627,8.5627,8.5627,8.5627,8.5627,8.5627,8.5627,8.5627,8.5627,8.5627,8.5627,8.5627,8.5627,8.5627,8.5627,8.5627,8.5627,8.5627,8.5627,8.5627,8.5627,8.5627,8.5627,8.5627,8.5627,8.5627,8.5627,8.5627,8.5627,8.5627,8.5627,8.5627,8.5627,8.5627,8.5627,8.5627,8.5627,8.5627,8.5627,8.5627,8.5627,8.5627,8.5627,8.5627,8.5627,8.5627,8.5627,8.5627,8.5627,8.5627,8.5627,8.5627,8.5627,8.5627,8.5627,8.5627,8.5627,8.5627,8.5627,8.5627,8.5627,8.5627,8.5627,8.5627,8.5627,8.5627,8.5627,8.5627,8.5627,8.5627,8.5627,8.5627,8.5627,8.5627,8.5627,8.5627,8.5627,8.5627,8.5627,8.5627,8.5627,8.5627,8.5627,8.5627,8.5627,8.5627,8.5627,8.5627,8.5627,8.5627,8.5627,8.5627,8.5627,8.5627,8.5627,8.5627,8.5627,8.5627,8.5627,8.5627,8.5627,8.5627,8.5627,8.5627,8.5627,8.5627,8.5627,8.5627,8.5627,8.5627,8.5627,8.5627,8.5627,8.5627,8.5627,8.5627,8.5627,8.5627,8.5627,8.5627,8.5627,8.5627,8.5627,8.5627,8.5627,8.5627,8.5627,8.5627,8.5627,8.5627,8.5627,8.5627,8.5627,8.5627,8.5627,8.5627,8.5627,8.5627,8.5627,8.5627,8.5627,8.5627,8.5627,8.5627,8.5627,8.5627,8.5627,8.5627,8.5627,8.5627,8.5627,8.5627,8.5627,8.5627,8.5627,8.5627,8.5627,8.5627,8.5627,8.5627,8.5627,8.5627,8.5627,8.5627,8.5627,8.5627,8.5627,8.5627,8.5627,8.5627,8.5627,8.5627,8.5627,8.5627,8.5627,8.5627,8.5627,8.5627,8.5627,8.5627,8.5627,8.5627,8.5627,8.5627,8.5627,8.5627,8.5627,8.5627,8.5627,8.5627,8.5627,8.5627,8.5627,8.5627,8.5627,8.5627,8.5627,8.5627,8.5627,8.5627,8.5627,8.5627,8.5627,8.5627,8.5627,8.5627,8.5627,8.5627,8.5627,8.5627,8.5627,8.5627,8.5627,8.5627,8.5627,8.5627,8.5627,8.5627,8.5627,8.5627,8.5627,8.5627,8.5627,8.5627,8.5627,8.5627,8.5627,8.5627,8.5627,8.5627,8.5627,8.5627,8.5627,8.5627,8.5627,8.5627,8.5627,8.5627,8.5627,8.5627,8.5627,8.5627,8.5627,8.5627,8.5627,8.5627,8.5627,8.5627,8.5627,8.5627,8.5627,8.5627,8.5627,8.5627,8.5627,8.5627,8.5627,8.5627
8.5540,8.5540,8.5540,8.5540,8.5540,8.5540,8.5540,8.5540,8.5540,8.5540,8.5540,8.5540,8.5540,8.5540,8.5540,8.5540,8.5540,8.5540,8.5540,8.5540,8.5540,8.5540,8.5540,8.5540,8.5540,8.5540,8.5540,8.5540,8.5540,8.5540,8.5540,8.5540,8.5540,8.5540,8.5540,8.5540,8.5540,8.5540,8.5540,8.5540,8.5540,8.5540,8.5540,8.5540,8.5540,8.5540,8.5540,8.5540,8.5540,8.5540,8.5540,8.5540,8.5540,8.5540,8.5540,8.5540,8.5540,8.5540,8.5540,8.5540,8.5540,8.5540,8.5540,8.5540,8.5540,8.5540,8.5540,8.5540,8.5540,8.5540,8.5540,8.5540,8.5540,8.5540,8.5540,8.5540,8.5540,8.5540,8.5540,8.5540,8.5540,8.5540,8.5540,8.5540,8.5540,8.5540,8.5540,8.5540,8.5540,8.5540,8.5540,8.5540,8.5540,8.5540,8.5540,8.5540,8.5540,8.5540,8.5540,8.5540,8.5540,8.5540,8.5540,8.5540,8.5540,8.5540,8.5540,8.5540,8.5540,8.5540,8.5540,8.5540,8.5540,8.5540,8.5540,8.5540,8.5540,8.5540,8.5540,8.5540,8.5540,8.5540,8.5540,8.5540,8.5540,8.5540,8.5540,8.5540,8.5540,8.5540,8.5540,8.5540,8.5540,8.5540,8.5540,8.5540,8.5540,8.5540,8.5540,8.5540,8.5540,8.5540,8.5540,8.5540,8.5540,8.5540,8.5540,8.5540,8.5540,8.5540,8.5540,8.5540,8.5540,8.5540,8.5540,8.5540,8.5540,8.5540,8.5540,8.5540,8.5540,8.5540,8.5540,8.5540,8.5540,8.5540,8.5540,8.5540,8.5540,8.5540,8.5540,8.5540,8.5540,8.5540,8.5540,8.5540,8.5540,8.5540,8.5540,8.5540,8.5540,8.5540,8.5540,8.5540,8.5540,8.5540,8.5540,8.5540,8.5540,8.5540,8.5540,8.5540,8.5540,8.5540,8.5540,8.5540,8.5540,8.5540,8.5540,8.5540,8.5540,8.5540,8.5540,8.5540,8.5540,8.5540,8.5540,8.5540,8.5540,8.5540,8.5540,8.5540,8.5540,8.5540,8.5540,8.5540,8.5540,8.5540,8.5540,8.5540,8.5540,8.5540,8.5540,8.5540,8.5540,8.5540,8.5540,8.5540,8.5540,8.5540,8.5540,8.5540,8.5540,8.5540,8.5540,8.5540,8.5540,8.5540,8.5540,8.5540,8.5540,8.5540,8.5540,8.5540,8.5540,8.5540,8.5540,8.5540,8.5540,8.5540,8.5540,8.5540,8.5540,8.5540,8.5540,8.5540,8.5540,8.5540,8.5540,8.5540,8.5540,8.5540,8.5540,8.5540,8.5540,8.5540,8.5540,8.5540,8.5540,8.5540,8.5540,8.5540,8.5540,8.5540,8.5540,8.5540,8.5540,8.5540,8.5540,8.5540,8.5540,8.5540,8.5540,8.5540,8.5540,8.5540,8.5540,8.5540,8.5540,8.5540,8.5540,8.5540,8.5540,8.5540,8.5540,8.5540,8.5540,8.5540,8.5540,8.5540,8.5540,8.5540,8.5540,8.5540,8.5540,8.5540,8.5540,8.5540,8.5540,8.5540,8.5540,8.5540,8.5540,8.5540,8.5540,8.5540,8.5540,8.5540,8.5540,8.5540,8.5540,8.5540,8.5540,8.5540,8.5540,8.5540,8.5540,8.5540,8.5540,8.5540,8.5540,8.5540,8.5540,8.5540,8.5540,8.5540,8.5540,8.5540,8.5540,8.5540,8.5540,8.5540,8.5540,8.5540,8.5540,8.5540,8.5540,8.5540,8.5540,8.5540,8.5540,8.5540,8.5540,8.5540,8.5540,8.5540,8.5540,8.5540,8.5540,8.5540,8.5540,8.5540,8.5540,8.5540,8.5540,8.5540,8.5540,8.5540,8.5540,8.5540,8.5540,8.5540,8.5540,8.5540,8.5540,8.5540,8.5540,8.5540,8.5540,8.5540,8.5540,8.5540,8.5540,8.5540,8.5540,8.5540,8.5540,8.5540,8.5540,8.5540,8.5540,8.5540,8.5540,8.5540,8.5540,8.5540,8.5540,8.5540,8.5540,8.5540,8.5540,8.5540,8.5540,8.5540,8.5540,8.5540,8.5540,8.5540,8.5540,8.5540,8.5540,8.5540,8.5540,8.5540,8.5540,8.5540,8.5540,8.5540,8.5540,8.5540,8.5540,8.5540,8.5540,8.5540,8.5540,8.5540,8.5540,8.5540,8.5540,8.5540,8.5540,8.5540,8.5540,8.5540,8.5540,8.5540,8.5540,8.5540,8.5540,8.5540,8.5540,8.5540,8.5540,8.5540,8.5540,8.5540,8.5540,8.5540,8.5540,8.5540,8.5540,8.5540,8.5540,8.5540,8.5540,8.5540,8.5540,8.5540,8.5540,8.5540,8.5540,8.5540,8.5540,8.5540,8.5540,8.5540,8.5540,8.5540,8.5540,8.5540,8.5540,8.5540,8.5540,8.5540,8.5540,8.5540,8.5540,8.5540,8.5540,8.5540,8.5540,8.5540,8.5540,8.5540,8.5540,8.5540,8.5540,8.5540,8.5540,8.5540,8.5540,8.5540,8.5540,8.5540,8.5540,8.5540,8.5540,8.5540,8.5540,8.5540,8.5540,8.5540,8.5540,8.5540,8.5540,8.5540,8.5540,8.5540,8.5540,8.5540,8.5540,8.5540,8.5540,8.5540,8.5540,8.5540,8.5540,8.5540,8.5540,8.5540,8.5540,8.5540,8.5540,8.5540,8.5540,8.5540,8.5540,8.5540,8.5540,8.5540,8.5540,8.5540,8.5540,8.5540,8.5540,8.5540,8.5540,8.5540,8.5540,8.5540,8.5540,8.5540,8.5540,8.5540,8.5540,8.5540,8.5540,8.5540,8.5540,8.5540,8.5540,8.5540,8.5540,8.5540,8.5540,8.5540,8.5540,8.5540,8.5540,8.5540,8.5540,8.5540,8.5540,8.5540,8.5540,8.5540,8.5540,8.5540,8.5540,8.5540,8.5540,8.5540,8.5540,8.5540,8.5540,8.5540,8.5540,8.5540,8.5540,8.5540,8.5540,8.5540,8.5540,8.5540,8.5540,8.5540,8.5540,8.5540,8.5540,8.5540,8.5540,8.5540,8.5540,8.5540,8.5540,8.5540,8.5540,8.5540,8.5540,8.5540,8.5540,8.5540,8.5540,8.5540,8.5540,8.5540,8.5540,8.5540,8.5540,8.5540,8.5540,8.5540,8.5540,8.5540,8.5540,8.5540,8.5540,8.5540,8.5540,8.5540,8.5540,8.5540,8.5540,8.5540,8.5540,8.5540,8.5540,8.5540,8.5540,8.5540,8.5540,8.5540,8.5540,8.5540,8.5540,8.5540,8.5540,8.5540,8.5540,8.5540,8.5540,8.5540,8.5540,8.5540,8.5540,8.5540,8.5540,8.5540,8.5540,8.5540,8.5540,8.5540,8.5540,8.5540,8.5540,8.5540,8.5540,8.5540,8.5540,8.5540,8.5540,8.5540,8.5540,8.5540,8.5540,8.5540,8.5540,8.5540,8.5540,8.5540,8.5540,8.5540,8.5540,8.5540,8.5540,8.5540,8.5540,8.5540,8.5540,8.5540,8.5540,8.5540,8.5540,8.5540,8.5540,8.5540,8.5540,8.5540,8.5540,8.5540,8.5540,8.5540,8.5540,8.5540,8.5540,8.5540,8.5540,8.5540,8.5540,8.5540,8.5540,8.5540,8.5540,8.5540,8.5540,8.5540,8.5540,8.5540,8.5540,8.5540,8.5540,8.5540,8.5540,8.5540,8.5540,8.5540,8.5540,8.5540,8.5540,8.5540,8.5540,8.5540,8.5540,8.5540,8.5540,8.5540,8.5540,8.5540,8.5540,8.5540,8.5540,8.5540,8.5540,8.5540,8.5540,8.5540,8.5540,8.5540,8.5540,8.5540,8.5540,8.5540,8.5540,8.5540,8.5540,8.5540,8.5540,8.5540,8.5540,8.5540,8.5540,8.5540,8.5540,8.5540,8.5540,8.5540,8.5540,8.5540,8.5540,8.5540,8.5540,8.5540,8.5540,8.5540,8.5540,8.5540,8.5540,8.5540,8.5540,8.5540,8.5540,8.5540,8.5540,8.5540,8.5540,8.5540,8.5540,8.5540,8.5540,8.5540,8.5540,8.5540,8.5540,8.5540,8.5540,8.5540,8.5540,8.5540,8.5540,8.5540,8.5540,8.5540,8.5540,8.5540,8.5540,8.5540,8.5540,8.5540,8.5540,8.5540,8.5540,8.5540,8.5540,8.5540,8.5540,8.5540,8.5540,8.5540,8.5540,8.5540,8.5540,8.5540,8.5540,8.5540,8.5540,8.5540,8.5540,8.5540,8.5540,8.5540,8.5540,8.5540,8.5540,8.5540,8.5540,8.5540,8.5540,8.5540,8.5540,8.5540,8.5540,8.5540,8.5540,8.5540,8.5540,8.5540,8.5540,8.5540,8.5540,8.5540,8.5540,8.5540,8.5540,8.5540,8.5540,8.5540,8.5540,8.5540,8.5540,8.5540,8.5540,8.5540,8.5540,8.5540,8.5540,8.5540,8.5540,8.5540,8.5540,8.5540,8.5540,8.5540,8.5540,8.5540,8.5540,8.5540,8.5540,8.5540,8.5540,8.5540,8.5540,8.5540,8.5540,8.5540,8.5540,8.5540,8.5540,8.5540,8.5540,8.5540,8.5540,8.5540,8.5540,8.5540,8.5540,8.5540,8.5540,8.5540,8.5540,8.5540,8.5540,8.5540,8.5540,8.5540,8.5540,8.5540,8.5540,8.5540,8.5540,8.5540,8.5540,8.5540,8.5540,8.5540,8.5540,8.5540,8.5540,8.5540,8.5540,8.5540,8.5540,8.5540,8.5540,8.5540,8.5540,8.5540,8.5540,8.5540,8.5540,8.5540,8.5540,8.5540,8.5540,8.5540,8.5540,8.5540,8.5540,8.5540,8.5540,8.5540,8.5540,8.5540,8.5540,8.5540,8.5540,8.5540,8.5540,8.5540,8.5540,8.5540,8.5540,8.5540,8.5540,8.5540,8.5540,8.5540,8.5540,8.5540,8.5540,8.5540,8.5540,8.5540,8.5540,8.5540,8.5540,8.5540,8.5540,8.5540,8.5540,8.5540
8.5466,8.5466,8.5466,8.5466,8.5466,8.5466,8.5466,8.5466,8.5466,8.5466,8.5466,8.5466,8.5466,8.5466,8.5466,8.5466,8.5466,8.5466,8.5466,8.5466,8.5466,8.5466,8.5466,8.5466,8.5466,8.5466,8.5466,8.5466,8.5466,8.5466,8.5466,8.5466,8.5466,8.5466,8.5466,8.5466,8.5466,8.5466,8.5466,8.5466,8.5466,8.5466,8.5466,8.5466,8.5466,8.5466,8.5466,8.5466,8.5466,8.5466,8.5466,8.5466,8.5466,8.5466,8.5466,8.5466,8.5466,8.5466,8.5466,8.5466,8.5466,8.5466,8.5466,8.5466,8.5466,8.5466,8.5466,8.5466,8.5466,8.5466,8.5466,8.5466,8.5466,8.5466,8.5466,8.5466,8.5466,8.5466,8.5466,8.5466,8.5466,8.5466,8.5466,8.5466,8.5466,8.5466,8.5466,8.5466,8.5466,8.5466,8.5466,8.5466,8.5466,8.5466,8.5466,8.5466,8.5466,8.5466,8.5466,8.5466,8.5466,8.5466,8.5466,8.5466,8.5466,8.5466,8.5466,8.5466,8.5466,8.5466,8.5466,8.5466,8.5466,8.5466,8.5466,8.5466,8.5466,8.5466,8.5466,8.5466,8.5466,8.5466,8.5466,8.5466,8.5466,8.5466,8.5466,8.5466,8.5466,8.5466,8.5466,8.5466,8.5466,8.5466,8.5466,8.5466,8.5466,8.5466,8.5466,8.5466,8.5466,8.5466,8.5466,8.5466,8.5466,8.5466,8.5466,8.5466,8.5466,8.5466,8.5466,8.5466,8.5466,8.5466,8.5466,8.5466,8.5466,8.5466,8.5466,8.5466,8.5466,8.5466,8.5466,8.5466,8.5466,8.5466,8.5466,8.5466,8.5466,8.5466,8.5466,8.5466,8.5466,8.5466,8.5466,8.5466,8.5466,8.5466,8.5466,8.5466,8.5466,8.5466,8.5466,8.5466,8.5466,8.5466,8.5466,8.5466,8.5466,8.5466,8.5466,8.5466,8.5466,8.5466,8.5466,8.5466,8.5466,8.5466,8.5466,8.5466,8.5466,8.5466,8.5466,8.5466,8.5466,8.5466,8.5466,8.5466,8.5466,8.5466,8.5466,8.5466,8.5466,8.5466,8.5466,8.5466,8.5466,8.5466,8.5466,8.5466,8.5466,8.5466,8.5466,8.5466,8.5466,8.5466,8.5466,8.5466,8.5466,8.5466,8.5466,8.5466,8.5466,8.5466,8.5466,8.5466,8.5466,8.5466,8.5466,8.5466,8.5466,8.5466,8.5466,8.5466,8.5466,8.5466,8.5466,8.5466,8.5466,8.5466,8.5466,8.5466,8.5466,8.5466,8.5466,8.5466,8.5466,8.5466,8.5466,8.5466,8.5466,8.5466,8.5466,8.5466,8.5466,8.5466,8.5466,8.5466,8.5466,8.5466,8.5466,8.5466,8.5466,8.5466,8.5466,8.5466,8.5466,8.5466,8.5466,8.5466,8.5466,8.5466,8.5466,8.5466,8.5466,8.5466,8.5466,8.5466,8.5466,8.5466,8.5466,8.5466,8.5466,8.5466,8.5466,8.5466,8.5466,8.5466,8.5466,8.5466,8.5466,8.5466,8.5466,8.5466,8.5466,8.5466,8.5466,8.5466,8.5466,8.5466,8.5466,8.5466,8.5466,8.5466,8.5466,8.5466,8.5466,8.5466,8.5466,8.5466,8.5466,8.5466,8.5466,8.5466,8.5466,8.5466,8.5466,8.5466,8.5466,8.5466,8.5466,8.5466,8.5466,8.5466,8.5466,8.5466,8.5466,8.5466,8.5466,8.5466,8.5466,8.5466,8.5466,8.5466,8.5466,8.5466,8.5466,8.5466,8.5466,8.5466,8.5466,8.5466,8.5466,8.5466,8.5466,8.5466,8.5466,8.5466,8.5466,8.5466,8.5466,8.5466,8.5466,8.5466,8.5466,8.5466,8.5466,8.5466,8.5466,8.5466,8.5466,8.5466,8.5466,8.5466,8.5466,8.5466,8.5466,8.5466,8.5466,8.5466,8.5466,8.5466,8.5466,8.5466,8.5466,8.5466,8.5466,8.5466,8.5466,8.5466,8.5466,8.5466,8.5466,8.5466,8.5466,8.5466,8.5466,8.5466,8.5466,8.5466,8.5466,8.5466,8.5466,8.5466,8.5466,8.5466,8.5466,8.5466,8.5466,8.5466,8.5466,8.5466,8.5466,8.5466,8.5466,8.5466,8.5466,8.5466,8.5466,8.5466,8.5466,8.5466,8.5466,8.5466,8.5466,8.5466,8.5466,8.5466,8.5466,8.5466,8.5466,8.5466,8.5466,8.5466,8.5466,8.5466,8.5466,8.5466,8.5466,8.5466,8.5466,8.5466,8.5466,8.5466,8.5466,8.5466,8.5466,8.5466,8.5466,8.5466,8.5466,8.5466,8.5466,8.5466,8.5466,8.5466,8.5466,8.5466,8.5466,8.5466,8.5466,8.5466,8.5466,8.5466,8.5466,8.5466,8.5466,8.5466,8.5466,8.5466,8.5466,8.5466,8.5466,8.5466,8.5466,8.5466,8.5466,8.5466,8.5466,8.5466,8.5466,8.5466,8.5466,8.5466,8.5466,8.5466,8.5466,8.5466,8.5466,8.5466,8.5466,8.5466,8.5466,8.5466,8.5466,8.5466,8.5466,8.5466,8.5466,8.5466,8.5466,8.5466,8.5466,8.5466,8.5466,8.5466,8.5466,8.5466,8.5466,8.5466,8.5466,8.5466,8.5466,8.5466,8.5466,8.5466,8.5466,8.5466,8.5466,8.5466,8.5466,8.5466,8.5466,8.5466,8.5466,8.5466,8.5466,8.5466,8.5466,8.5466,8.5466,8.5466,8.5466,8.5466,8.5466,8.5466,8.5466,8.5466,8.5466,8.5466,8.5466,8.5466,8.5466,8.5466,8.5466,8.5466,8.5466,8.5466,8.5466,8.5466,8.5466,8.5466,8.5466,8.5466,8.5466,8.5466,8.5466,8.5466,8.5466,8.5466,8.5466,8.5466,8.5466,8.5466,8.5466,8.5466,8.5466,8.5466,8.5466,8.5466,8.5466,8.5466,8.5466,8.5466,8.5466,8.5466,8.5466,8.5466,8.5466,8.5466,8.5466,8.5466,8.5466,8.5466,8.5466,8.5466,8.5466,8.5466,8.5466,8.5466,8.5466,8.5466,8.5466,8.5466,8.5466,8.5466,8.5466,8.5466,8.5466,8.5466,8.5466,8.5466,8.5466,8.5466,8.5466,8.5466,8.5466,8.5466,8.5466,8.5466,8.5466,8.5466,8.5466,8.5466,8.5466,8.5466,8.5466,8.5466,8.5466,8.5466,8.5466,8.5466,8.5466,8.5466,8.5466,8.5466,8.5466,8.5466,8.5466,8.5466,8.5466,8.5466,8.5466,8.5466,8.5466,8.5466,8.5466,8.5466,8.5466,8.5466,8.5466,8.5466,8.5466,8.5466,8.5466,8.5466,8.5466,8.5466,8.5466,8.5466,8.5466,8.5466,8.5466,8.5466,8.5466,8.5466,8.5466,8.5466,8.5466,8.5466,8.5466,8.5466,8.5466,8.5466,8.5466,8.5466,8.5466,8.5466,8.5466,8.5466,8.5466,8.5466,8.5466,8.5466,8.5466,8.5466,8.5466,8.5466,8.5466,8.5466,8.5466,8.5466,8.5466,8.5466,8.5466,8.5466,8.5466,8.5466,8.5466,8.5466,8.5466,8.5466,8.5466,8.5466,8.5466,8.5466,8.5466,8.5466,8.5466,8.5466,8.5466,8.5466,8.5466,8.5466,8.5466,8.5466,8.5466,8.5466,8.5466,8.5466,8.5466,8.5466,8.5466,8.5466,8.5466,8.5466,8.5466,8.5466,8.5466,8.5466,8.5466,8.5466,8.5466,8.5466,8.5466,8.5466,8.5466,8.5466,8.5466,8.5466,8.5466,8.5466,8.5466,8.5466,8.5466,8.5466,8.5466,8.5466,8.5466,8.5466,8.5466,8.5466,8.5466,8.5466,8.5466,8.5466,8.5466,8.5466,8.5466,8.5466,8.5466,8.5466,8.5466,8.5466,8.5466,8.5466,8.5466,8.5466,8.5466,8.5466,8.5466,8.5466,8.5466,8.5466,8.5466,8.5466,8.5466,8.5466,8.5466,8.5466,8.5466,8.5466,8.5466,8.5466,8.5466,8.5466,8.5466,8.5466,8.5466,8.5466,8.5466,8.5466,8.5466,8.5466,8.5466,8.5466,8.5466,8.5466,8.5466,8.5466,8.5466,8.5466,8.5466,8.5466,8.5466,8.5466,8.5466,8.5466,8.5466,8.5466,8.5466,8.5466,8.5466,8.5466,8.5466,8.5466,8.5466,8.5466,8.5466,8.5466,8.5466,8.5466,8.5466,8.5466,8.5466,8.5466,8.5466,8.5466,8.5466,8.5466,8.5466,8.5466,8.5466,8.5466,8.5466,8.5466,8.5466,8.5466,8.5466,8.5466,8.5466,8.5466,8.5466,8.5466,8.5466,8.5466,8.5466,8.5466,8.5466,8.5466,8.5466,8.5466,8.5466,8.5466,8.5466,8.5466,8.5466,8.5466,8.5466,8.5466,8.5466,8.5466,8.5466,8.5466,8.5466,8.5466,8.5466,8.5466,8.5466,8.5466,8.5466,8.5466,8.5466,8.5466,8.5466,8.5466,8.5466,8.5466,8.5466,8.5466,8.5466,8.5466,8.5466,8.5466,8.5466,8.5466,8.5466,8.5466,8.5466,8.5466,8.5466,8.5466,8.5466,8.5466,8.5466,8.5466,8.5466,8.5466,8.5466,8.5466,8.5466,8.5466,8.5466,8.5466,8.5466,8.5466,8.5466,8.5466,8.5466,8.5466,8.5466,8.5466,8.5466,8.5466,8.5466,8.5466,8.5466,8.5466,8.5466,8.5466,8.5466,8.5466,8.5466,8.5466,8.5466,8.5466,8.5466,8.5466,8.5466,8.5466,8.5466,8.5466,8.5466,8.5466,8.5466,8.5466,8.5466,8.5466,8.5466,8.5466,8.5466,8.5466,8.5466,8.5466,8.5466,8.5466,8.5466,8.5466,8.5466,8.5466,8.5466,8.5466,8.5466,8.5466,8.5466,8.5466,8.5466,8.5466,8.5466,8.5466,8.5466,8.5466,8.5466,8.5466,8.5466,8.5466,8.5466,8.5466,8.5466,8.5466
8.5383,8.5383,8.5383,8.5383,8.5383,8.5383,8.5383,8.5383,8.5383,8.5383,8.5383,8.5383,8.5383,8.5383,8.5383,8.5383,8.5383,8.5383,8.5383,8.5383,8.5383,8.5383,8.5383,8.5383,8.5383,8.5383,8.5383,8.5383,8.5383,8.5383,8.5383,8.5383,8.5383,8.5383,8.5383,8.5383,8.5383,8.5383,8.5383,8.5383,8.5383,8.5383,8.5383,8.5383,8.5383,8.5383,8.5383,8.5383,8.5383,8.5383,8.5383,8.5383,8.5383,8.5383,8.5383,8.5383,8.5383,8.5383,8.5383,8.5383,8.5383,8.5383,8.5383,8.5383,8.5383,8.5383,8.5383,8.5383,8.5383,8.5383,8.5383,8.5383,8.5383,8.5383,8.5383,8.5383,8.5383,8.5383,8.5383,8.5383,8.5383,8.5383,8.5383,8.5383,8.5383,8.5383,8.5383,8.5383,8.5383,8.5383,8.5383,8.5383,8.5383,8.5383,8.5383,8.5383,8.5383,8.5383,8.5383,8.5383,8.5383,8.5383,8.5383,8.5383,8.5383,8.5383,8.5383,8.5383,8.5383,8.5383,8.5383,8.5383,8.5383,8.5383,8.5383,8.5383,8.5383,8.5383,8.5383,8.5383,8.5383,8.5383,8.5383,8.5383,8.5383,8.5383,8.5383,8.5383,8.5383,8.5383,8.5383,8.5383,8.5383,8.5383,8.5383,8.5383,8.5383,8.5383,8.5383,8.5383,8.5383,8.5383,8.5383,8.5383,8.5383,8.5383,8.5383,8.5383,8.5383,8.5383,8.5383,8.5383,8.5383,8.5383,8.5383,8.5383,8.5383,8.5383,8.5383,8.5383,8.5383,8.5383,8.5383,8.5383,8.5383,8.5383,8.5383,8.5383,8.5383,8.5383,8.5383,8.5383,8.5383,8.5383,8.5383,8.5383,8.5383,8.5383,8.5383,8.5383,8.5383,8.5383,8.5383,8.5383,8.5383,8.5383,8.5383,8.5383,8.5383,8.5383,8.5383,8.5383,8.5383,8.5383,8.5383,8.5383,8.5383,8.5383,8.5383,8.5383,8.5383,8.5383,8.5383,8.5383,8.5383,8.5383,8.5383,8.5383,8.5383,8.5383,8.5383,8.5383,8.5383,8.5383,8.5383,8.5383,8.5383,8.5383,8.5383,8.5383,8.5383,8.5383,8.5383,8.5383,8.5383,8.5383,8.5383,8.5383,8.5383,8.5383,8.5383,8.5383,8.5383,8.5383,8.5383,8.5383,8.5383,8.5383,8.5383,8.5383,8.5383,8.5383,8.5383,8.5383,8.5383,8.5383,8.5383,8.5383,8.5383,8.5383,8.5383,8.5383,8.5383,8.5383,8.5383,8.5383,8.5383,8.5383,8.5383,8.5383,8.5383,8.5383,8.5383,8.5383,8.5383,8.5383,8.5383,8.5383,8.5383,8.5383,8.5383,8.5383,8.5383,8.5383,8.5383,8.5383,8.5383,8.5383,8.5383,8.5383,8.5383,8.5383,8.5383,8.5383,8.5383,8.5383,8.5383,8.5383,8.5383,8.5383,8.5383,8.5383,8.5383,8.5383,8.5383,8.5383,8.5383,8.5383,8.5383,8.5383,8.5383,8.5383,8.5383,8.5383,8.5383,8.5383,8.5383,8.5383,8.5383,8.5383,8.5383,8.5383,8.5383,8.5383,8.5383,8.5383,8.5383,8.5383,8.5383,8.5383,8.5383,8.5383,8.5383,8.5383,8.5383,8.5383,8.5383,8.5383,8.5383,8.5383,8.5383,8.5383,8.5383,8.5383,8.5383,8.5383,8.5383,8.5383,8.5383,8.5383,8.5383,8.5383,8.5383,8.5383,8.5383,8.5383,8.5383,8.5383,8.5383,8.5383,8.5383,8.5383,8.5383,8.5383,8.5383,8.5383,8.5383,8.5383,8.5383,8.5383,8.5383,8.5383,8.5383,8.5383,8.5383,8.5383,8.5383,8.5383,8.5383,8.5383,8.5383,8.5383,8.5383,8.5383,8.5383,8.5383,8.5383,8.5383,8.5383,8.5383,8.5383,8.5383,8.5383,8.5383,8.5383,8.5383,8.5383,8.5383,8.5383,8.5383,8.5383,8.5383,8.5383,8.5383,8.5383,8.5383,8.5383,8.5383,8.5383,8.5383,8.5383,8.5383,8.5383,8.5383,8.5383,8.5383,8.5383,8.5383,8.5383,8.5383,8.5383,8.5383,8.5383,8.5383,8.5383,8.5383,8.5383,8.5383,8.5383,8.5383,8.5383,8.5383,8.5383,8.5383,8.5383,8.5383,8.5383,8.5383,8.5383,8.5383,8.5383,8.5383,8.5383,8.5383,8.5383,8.5383,8.5383,8.5383,8.5383,8.5383,8.5383,8.5383,8.5383,8.5383,8.5383,8.5383,8.5383,8.5383,8.5383,8.5383,8.5383,8.5383,8.5383,8.5383,8.5383,8.5383,8.5383,8.5383,8.5383,8.5383,8.5383,8.5383,8.5383,8.5383,8.5383,8.5383,8.5383,8.5383,8.5383,8.5383,8.5383,8.5383,8.5383,8.5383,8.5383,8.5383,8.5383,8.5383,8.5383,8.5383,8.5383,8.5383,8.5383,8.5383,8.5383,8.5383,8.5383,8.5383,8.5383,8.5383,8.5383,8.5383,8.5383,8.5383,8.5383,8.5383,8.5383,8.5383,8.5383,8.5383,8.5383,8.5383,8.5383,8.5383,8.5383,8.5383,8.5383,8.5383,8.5383,8.5383,8.5383,8.5383,8.5383,8.5383,8.5383,8.5383,8.5383,8.5383,8.5383,8.5383,8.5383,8.5383,8.5383,8.5383,8.5383,8.5383,8.5383,8.5383,8.5383,8.5383,8.5383,8.5383,8.5383,8.5383,8.5383,8.5383,8.5383,8.5383,8.5383,8.5383,8.5383,8.5383,8.5383,8.5383,8.5383,8.5383,8.5383,8.5383,8.5383,8.5383,8.5383,8.5383,8.5383,8.5383,8.5383,8.5383,8.5383,8.5383,8.5383,8.5383,8.5383,8.5383,8.5383,8.5383,8.5383,8.5383,8.5383,8.5383,8.5383,8.5383,8.5383,8.5383,8.5383,8.5383,8.5383,8.5383,8.5383,8.5383,8.5383,8.5383,8.5383,8.5383,8.5383,8.5383,8.5383,8.5383,8.5383,8.5383,8.5383,8.5383,8.5383,8.5383,8.5383,8.5383,8.5383,8.5383,8.5383,8.5383,8.5383,8.5383,8.5383,8.5383,8.5383,8.5383,8.5383,8.5383,8.5383,8.5383,8.5383,8.5383,8.5383,8.5383,8.5383,8.5383,8.5383,8.5383,8.5383,8.5383,8.5383,8.5383,8.5383,8.5383,8.5383,8.5383,8.5383,8.5383,8.5383,8.5383,8.5383,8.5383,8.5383,8.5383,8.5383,8.5383,8.5383,8.5383,8.5383,8.5383,8.5383,8.5383,8.5383,8.5383,8.5383,8.5383,8.5383,8.5383,8.5383,8.5383,8.5383,8.5383,8.5383,8.5383,8.5383,8.5383,8.5383,8.5383,8.5383,8.5383,8.5383,8.5383,8.5383,8.5383,8.5383,8.5383,8.5383,8.5383,8.5383,8.5383,8.5383,8.5383,8.5383,8.5383,8.5383,8.5383,8.5383,8.5383,8.5383,8.5383,8.5383,8.5383,8.5383,8.5383,8.5383,8.5383,8.5383,8.5383,8.5383,8.5383,8.5383,8.5383,8.5383,8.5383,8.5383,8.5383,8.5383,8.5383,8.5383,8.5383,8.5383,8.5383,8.5383,8.5383,8.5383,8.5383,8.5383,8.5383,8.5383,8.5383,8.5383,8.5383,8.5383,8.5383,8.5383,8.5383,8.5383,8.5383,8.5383,8.5383,8.5383,8.5383,8.5383,8.5383,8.5383,8.5383,8.5383,8.5383,8.5383,8.5383,8.5383,8.5383,8.5383,8.5383,8.5383,8.5383,8.5383,8.5383,8.5383,8.5383,8.5383,8.5383,8.5383,8.5383,8.5383,8.5383,8.5383,8.5383,8.5383,8.5383,8.5383,8.5383,8.5383,8.5383,8.5383,8.5383,8.5383,8.5383,8.5383,8.5383,8.5383,8.5383,8.5383,8.5383,8.5383,8.5383,8.5383,8.5383,8.5383,8.5383,8.5383,8.5383,8.5383,8.5383,8.5383,8.5383,8.5383,8.5383,8.5383,8.5383,8.5383,8.5383,8.5383,8.5383,8.5383,8.5383,8.5383,8.5383,8.5383,8.5383,8.5383,8.5383,8.5383,8.5383,8.5383,8.5383,8.5383,8.5383,8.5383,8.5383,8.5383,8.5383,8.5383,8.5383,8.5383,8.5383,8.5383,8.5383,8.5383,8.5383,8.5383,8.5383,8.5383,8.5383,8.5383,8.5383,8.5383,8.5383,8.5383,8.5383,8.5383,8.5383,8.5383,8.5383,8.5383,8.5383,8.5383,8.5383,8.5383,8.5383,8.5383,8.5383,8.5383,8.5383,8.5383,8.5383,8.5383,8.5383,8.5383,8.5383,8.5383,8.5383,8.5383,8.5383,8.5383,8.5383,8.5383,8.5383,8.5383,8.5383,8.5383,8.5383,8.5383,8.5383,8.5383,8.5383,8.5383,8.5383,8.5383,8.5383,8.5383,8.5383,8.5383,8.5383,8.5383,8.5383,8.5383,8.5383,8.5383,8.5383,8.5383,8.5383,8.5383,8.5383,8.5383,8.5383,8.5383,8.5383,8.5383,8.5383,8.5383,8.5383,8.5383,8.5383,8.5383,8.5383,8.5383,8.5383,8.5383,8.5383,8.5383,8.5383,8.5383,8.5383,8.5383,8.5383,8.5383,8.5383,8.5383,8.5383,8.5383,8.5383,8.5383,8.5383,8.5383,8.5383,8.5383,8.5383,8.5383,8.5383,8.5383,8.5383,8.5383,8.5383,8.5383,8.5383,8.5383,8.5383,8.5383,8.5383,8.5383,8.5383,8.5383,8.5383,8.5383,8.5383,8.5383,8.5383,8.5383,8.5383,8.5383,8.5383,8.5383,8.5383,8.5383,8.5383,8.5383,8.5383,8.5383,8.5383,8.5383,8.5383,8.5383,8.5383,8.5383,8.5383,8.5383,8.5383,8.5383,8.5383,8.5383,8.5383,8.5383,8.5383,8.5383,8.5383,8.5383,8.5383,8.5383,8.5383,8.5383,8.5383
8.5301,8.5301,8.5301,8.5301,8.5301,8.5301,8.5301,8.5301,8.5301,8.5301,8.5301,8.5301,8.5301,8.5301,8.5301,8.5301,8.5301,8.5301,8.5301,8.5301,8.5301,8.5301,8.5301,8.5301,8.5301,8.5301,8.5301,8.5301,8.5301,8.5301,8.5301,8.5301,8.5301,8.5301,8.5301,8.5301,8.5301,8.5301,8.5301,8.5301,8.5301,8.5301,8.5301,8.5301,8.5301,8.5301,8.5301,8.5301,8.5301,8.5301,8.5301,8.5301,8.5301,8.5301,8.5301,8.5301,8.5301,8.5301,8.5301,8.5301,8.5301,8.5301,8.5301,8.5301,8.5301,8.5301,8.5301,8.5301,8.5301,8.5301,8.5301,8.5301,8.5301,8.5301,8.5301,8.5301,8.5301,8.5301,8.5301,8.5301,8.5301,8.5301,8.5301,8.5301,8.5301,8.5301,8.5301,8.5301,8.5301,8.5301,8.5301,8.5301,8.5301,8.5301,8.5301,8.5301,8.5301,8.5301,8.5301,8.5301,8.5301,8.5301,8.5301,8.5301,8.5301,8.5301,8.5301,8.5301,8.5301,8.5301,8.5301,8.5301,8.5301,8.5301,8.5301,8.5301,8.5301,8.5301,8.5301,8.5301,8.5301,8.5301,8.5301,8.5301,8.5301,8.5301,8.5301,8.5301,8.5301,8.5301,8.5301,8.5301,8.5301,8.5301,8.5301,8.5301,8.5301,8.5301,8.5301,8.5301,8.5301,8.5301,8.5301,8.5301,8.5301,8.5301,8.5301,8.5301,8.5301,8.5301,8.5301,8.5301,8.5301,8.5301,8.5301,8.5301,8.5301,8.5301,8.5301,8.5301,8.5301,8.5301,8.5301,8.5301,8.5301,8.5301,8.5301,8.5301,8.5301,8.5301,8.5301,8.5301,8.5301,8.5301,8.5301,8.5301,8.5301,8.5301,8.5301,8.5301,8.5301,8.5301,8.5301,8.5301,8.5301,8.5301,8.5301,8.5301,8.5301,8.5301,8.5301,8.5301,8.5301,8.5301,8.5301,8.5301,8.5301,8.5301,8.5301,8.5301,8.5301,8.5301,8.5301,8.5301,8.5301,8.5301,8.5301,8.5301,8.5301,8.5301,8.5301,8.5301,8.5301,8.5301,8.5301,8.5301,8.5301,8.5301,8.5301,8.5301,8.5301,8.5301,8.5301,8.5301,8.5301,8.5301,8.5301,8.5301,8.5301,8.5301,8.5301,8.5301,8.5301,8.5301,8.5301,8.5301,8.5301,8.5301,8.5301,8.5301,8.5301,8.5301,8.5301,8.5301,8.5301,8.5301,8.5301,8.5301,8.5301,8.5301,8.5301,8.5301,8.5301,8.5301,8.5301,8.5301,8.5301,8.5301,8.5301,8.5301,8.5301,8.5301,8.5301,8.5301,8.5301,8.5301,8.5301,8.5301,8.5301,8.5301,8.5301,8.5301,8.5301,8.5301,8.5301,8.5301,8.5301,8.5301,8.5301,8.5301,8.5301,8.5301,8.5301,8.5301,8.5301,8.5301,8.5301,8.5301,8.5301,8.5301,8.5301,8.5301,8.5301,8.5301,8.5301,8.5301,8.5301,8.5301,8.5301,8.5301,8.5301,8.5301,8.5301,8.5301,8.5301,8.5301,8.5301,8.5301,8.5301,8.5301,8.5301,8.5301,8.5301,8.5301,8.5301,8.5301,8.5301,8.5301,8.5301,8.5301,8.5301,8.5301,8.5301,8.5301,8.5301,8.5301,8.5301,8.5301,8.5301,8.5301,8.5301,8.5301,8.5301,8.5301,8.5301,8.5301,8.5301,8.5301,8.5301,8.5301,8.5301,8.5301,8.5301,8.5301,8.5301,8.5301,8.5301,8.5301,8.5301,8.5301,8.5301,8.5301,8.5301,8.5301,8.5301,8.5301,8.5301,8.5301,8.5301,8.5301,8.5301,8.5301,8.5301,8.5301,8.5301,8.5301,8.5301,8.5301,8.5301,8.5301,8.5301,8.5301,8.5301,8.5301,8.5301,8.5301,8.5301,8.5301,8.5301,8.5301,8.5301,8.5301,8.5301,8.5301,8.5301,8.5301,8.5301,8.5301,8.5301,8.5301,8.5301,8.5301,8.5301,8.5301,8.5301,8.5301,8.5301,8.5301,8.5301,8.5301,8.5301,8.5301,8.5301,8.5301,8.5301,8.5301,8.5301,8.5301,8.5301,8.5301,8.5301,8.5301,8.5301,8.5301,8.5301,8.5301,8.5301,8.5301,8.5301,8.5301,8.5301,8.5301,8.5301,8.5301,8.5301,8.5301,8.5301,8.5301,8.5301,8.5301,8.5301,8.5301,8.5301,8.5301,8.5301,8.5301,8.5301,8.5301,8.5301,8.5301,8.5301,8.5301,8.5301,8.5301,8.5301,8.5301,8.5301,8.5301,8.5301,8.5301,8.5301,8.5301,8.5301,8.5301,8.5301,8.5301,8.5301,8.5301,8.5301,8.5301,8.5301,8.5301,8.5301,8.5301,8.5301,8.5301,8.5301,8.5301,8.5301,8.5301,8.5301,8.5301,8.5301,8.5301,8.5301,8.5301,8.5301,8.5301,8.5301,8.5301,8.5301,8.5301,8.5301,8.5301,8.5301,8.5301,8.5301,8.5301,8.5301,8.5301,8.5301,8.5301,8.5301,8.5301,8.5301,8.5301,8.5301,8.5301,8.5301,8.5301,8.5301,8.5301,8.5301,8.5301,8.5301,8.5301,8.5301,8.5301,8.5301,8.5301,8.5301,8.5301,8.5301,8.5301,8.5301,8.5301,8.5301,8.5301,8.5301,8.5301,8.5301,8.5301,8.5301,8.5301,8.5301,8.5301,8.5301,8.5301,8.5301,8.5301,8.5301,8.5301,8.5301,8.5301,8.5301,8.5301,8.5301,8.5301,8.5301,8.5301,8.5301,8.5301,8.5301,8.5301,8.5301,8.5301,8.5301,8.5301,8.5301,8.5301,8.5301,8.5301,8.5301,8.5301,8.5301,8.5301,8.5301,8.5301,8.5301,8.5301,8.5301,8.5301,8.5301,8.5301,8.5301,8.5301,8.5301,8.5301,8.5301,8.5301,8.5301,8.5301,8.5301,8.5301,8.5301,8.5301,8.5301,8.5301,8.5301,8.5301,8.5301,8.5301,8.5301,8.5301,8.5301,8.5301,8.5301,8.5301,8.5301,8.5301,8.5301,8.5301,8.5301,8.5301,8.5301,8.5301,8.5301,8.5301,8.5301,8.5301,8.5301,8.5301,8.5301,8.5301,8.5301,8.5301,8.5301,8.5301,8.5301,8.5301,8.5301,8.5301,8.5301,8.5301,8.5301,8.5301,8.5301,8.5301,8.5301,8.5301,8.5301,8.5301,8.5301,8.5301,8.5301,8.5301,8.5301,8.5301,8.5301,8.5301,8.5301,8.5301,8.5301,8.5301,8.5301,8.5301,8.5301,8.5301,8.5301,8.5301,8.5301,8.5301,8.5301,8.5301,8.5301,8.5301,8.5301,8.5301,8.5301,8.5301,8.5301,8.5301,8.5301,8.5301,8.5301,8.5301,8.5301,8.5301,8.5301,8.5301,8.5301,8.5301,8.5301,8.5301,8.5301,8.5301,8.5301,8.5301,8.5301,8.5301,8.5301,8.5301,8.5301,8.5301,8.5301,8.5301,8.5301,8.5301,8.5301,8.5301,8.5301,8.5301,8.5301,8.5301,8.5301,8.5301,8.5301,8.5301,8.5301,8.5301,8.5301,8.5301,8.5301,8.5301,8.5301,8.5301,8.5301,8.5301,8.5301,8.5301,8.5301,8.5301,8.5301,8.5301,8.5301,8.5301,8.5301,8.5301,8.5301,8.5301,8.5301,8.5301,8.5301,8.5301,8.5301,8.5301,8.5301,8.5301,8.5301,8.5301,8.5301,8.5301,8.5301,8.5301,8.5301,8.5301,8.5301,8.5301,8.5301,8.5301,8.5301,8.5301,8.5301,8.5301,8.5301,8.5296,8.5296,8.5296,8.5296,8.5296,8.5296,8.5296,8.5296,8.5296,8.5296,8.5296,8.5296,8.5296,8.5296,8.5296,8.5296,8.5296,8.5296,8.5296,8.5296,8.5296,8.5296,8.5296,8.5296,8.5296,8.5296,8.5296,8.5296,8.5296,8.5296,8.5296,8.5296,8.5296,8.5296,8.5296,8.5296,8.5296,8.5296,8.5296,8.5296,8.5296,8.5296,8.5296,8.5296,8.5296,8.5296,8.5296,8.5296,8.5296,8.5296,8.5296,8.5296,8.5296,8.5296,8.5296,8.5296,8.5296,8.5296,8.5296,8.5296,8.5296,8.5296,8.5296,8.5296,8.5296,8.5296,8.5296,8.5296,8.5296,8.5296,8.5296,8.5296,8.5296,8.5296,8.5296,8.5296,8.5296,8.5296,8.5296,8.5296,8.5296,8.5296,8.5296,8.5296,8.5296,8.5296,8.5296,8.5296,8.5296,8.5296,8.5296,8.5296,8.5296,8.5296,8.5296,8.5296,8.5296,8.5296,8.5296,8.5296,8.5296,8.5296,8.5296,8.5296,8.5296,8.5296,8.5296,8.5296,8.5296,8.5296,8.5296,8.5296,8.5296,8.5296,8.5296,8.5296,8.5296,8.5296,8.5296,8.5296,8.5296,8.5296,8.5296,8.5296,8.5296,8.5296,8.5296,8.5296,8.5296,8.5296,8.5296,8.5296,8.5296,8.5296,8.5296,8.5296,8.5296,8.5296,8.5296,8.5296,8.5296,8.5296,8.5296,8.5296,8.5296,8.5296,8.5296,8.5296,8.5296,8.5296,8.5296,8.5296,8.5296,8.5296,8.5296,8.5296,8.5296,8.5296,8.5296,8.5296,8.5296,8.5296,8.5296,8.5296,8.5296,8.5296,8.5296,8.5296,8.5296,8.5296,8.5296,8.5296,8.5296,8.5296,8.5296,8.5296,8.5296,8.5296,8.5296,8.5296,8.5296,8.5296,8.5296,8.5296,8.5296,8.5296,8.5296,8.5296,8.5296,8.5296,8.5296,8.5296,8.5296,8.5296,8.5296,8.5296,8.5296,8.5296,8.5296,8.5296,8.5296,8.5296,8.5296,8.5296,8.5296,8.5296,8.5296,8.5296,8.5296,8.5296,8.5296,8.5296,8.5296,8.5296,8.5296,8.5296,8.5296,8.5296,8.5296,8.5296,8.5296,8.5296,8.5296,8.5296,8.5296
8.5218,8.5218,8.5218,8.5218,8.5218,8.5218,8.5218,8.5218,8.5218,8.5218,8.5218,8.5218,8.5218,8.5218,8.5218,8.5218,8.5218,8.5218,8.5218,8.5218,8.5218,8.5218,8.5218,8.5218,8.5218,8.5218,8.5218,8.5218,8.5218,8.5218,8.5218,8.5218,8.5218,8.5218,8.5218,8.5218,8.5218,8.5218,8.5218,8.5218,8.5218,8.5218,8.5218,8.5218,8.5218,8.5218,8.5218,8.5218,8.5218,8.5218,8.5218,8.5218,8.5218,8.5218,8.5218,8.5218,8.5218,8.5218,8.5218,8.5218,8.5218,8.5218,8.5218,8.5218,8.5218,8.5218,8.5218,8.5218,8.5218,8.5218,8.5218,8.5218,8.5218,8.5218,8.5218,8.5218,8.5218,8.5218,8.5218,8.5218,8.5218,8.5218,8.5218,8.5218,8.5218,8.5218,8.5218,8.5218,8.5218,8.5218,8.5218,8.5218,8.5218,8.5218,8.5218,8.5218,8.5218,8.5218,8.5218,8.5218,8.5218,8.5218,8.5218,8.5218,8.5218,8.5218,8.5218,8.5218,8.5218,8.5218,8.5218,8.5218,8.5218,8.5218,8.5218,8.5218,8.5218,8.5218,8.5218,8.5218,8.5218,8.5218,8.5218,8.5218,8.5218,8.5218,8.5218,8.5218,8.5218,8.5218,8.5218,8.5218,8.5218,8.5218,8.5218,8.5218,8.5218,8.5218,8.5218,8.5218,8.5218,8.5218,8.5218,8.5218,8.5218,8.5218,8.5218,8.5218,8.5218,8.5218,8.5218,8.5218,8.5218,8.5218,8.5218,8.5218,8.5218,8.5218,8.5218,8.5218,8.5218,8.5218,8.5218,8.5218,8.5218,8.5218,8.5218,8.5218,8.5218,8.5218,8.5218,8.5218,8.5218,8.5218,8.5218,8.5218,8.5218,8.5218,8.5218,8.5218,8.5218,8.5218,8.5218,8.5218,8.5218,8.5218,8.5218,8.5218,8.5218,8.5218,8.5218,8.5218,8.5218,8.5218,8.5218,8.5218,8.5218,8.5218,8.5218,8.5218,8.5218,8.5218,8.5218,8.5218,8.5218,8.5218,8.5218,8.5218,8.5218,8.5218,8.5218,8.5218,8.5214,8.5214,8.5214,8.5214,8.5214,8.5214,8.5214,8.5214,8.5214,8.5214,8.5214,8.5214,8.5214,8.5214,8.5214,8.5214,8.5214,8.5214,8.5214,8.5214,8.5214,8.5214,8.5214,8.5214,8.5214,8.5214,8.5214,8.5214,8.5214,8.5214,8.5214,8.5214,8.5214,8.5214,8.5214,8.5214,8.5214,8.5214,8.5214,8.5214,8.5214,8.5214,8.5214,8.5214,8.5214,8.5214,8.5214,8.5214,8.5214,8.5214,8.5214,8.5214,8.5214,8.5214,8.5214,8.5214,8.5214,8.5214,8.5214,8.5214,8.5214,8.5214,8.5214,8.5214,8.5214,8.5214,8.5214,8.5214,8.5214,8.5214,8.5214,8.5214,8.5214,8.5214,8.5214,8.5214,8.5214,8.5214,8.5214,8.5214,8.5214,8.5214,8.5214,8.5214,8.5214,8.5214,8.5214,8.5214,8.5214,8.5214,8.5214,8.5214,8.5214,8.5214,8.5214,8.5214,8.5214,8.5214,8.5214,8.5214,8.5214,8.5214,8.5214,8.5214,8.5214,8.5214,8.5214,8.5214,8.5214,8.5214,8.5214,8.5214,8.5214,8.5214,8.5214,8.5214,8.5214,8.5214,8.5214,8.5214,8.5214,8.5214,8.5214,8.5214,8.5214,8.5214,8.5214,8.5214,8.5214,8.5214,8.5214,8.5214,8.5214,8.5214,8.5214,8.5214,8.5214,8.5214,8.5214,8.5214,8.5214,8.5214,8.5214,8.5214,8.5214,8.5214,8.5214,8.5214,8.5214,8.5214,8.5214,8.5214,8.5214,8.5214,8.5214,8.5214,8.5214,8.5214,8.5214,8.5214,8.5214,8.5214,8.5214,8.5214,8.5214,8.5214,8.5214,8.5214,8.5214,8.5214,8.5214,8.5214,8.5214,8.5214,8.5214,8.5214,8.5214,8.5214,8.5214,8.5214,8.5214,8.5214,8.5214,8.5214,8.5214,8.5214,8.5214,8.5214,8.5214,8.5214,8.5214,8.5214,8.5214,8.5214,8.5214,8.5214,8.5214,8.5214,8.5214,8.5214,8.5214,8.5214,8.5214,8.5214,8.5214,8.5214,8.5214,8.5214,8.5214,8.5214,8.5214,8.5214,8.5214,8.5214,8.5214,8.5214,8.5214,8.5214,8.5214,8.5214,8.5214,8.5214,8.5214,8.5214,8.5214,8.5214,8.5214,8.5214,8.5214,8.5214,8.5214,8.5214,8.5214,8.5214,8.5214,8.5214,8.5214,8.5214,8.5214,8.5214,8.5214,8.5214,8.5214,8.5214,8.5214,8.5214,8.5214,8.5214,8.5214,8.5214,8.5214,8.5214,8.5214,8.5214,8.5214,8.5214,8.5214,8.5214,8.5214,8.5214,8.5214,8.5214,8.5214,8.5214,8.5214,8.5214,8.5214,8.5214,8.5214,8.5214,8.5214,8.5214,8.5214,8.5214,8.5214,8.5214,8.5214,8.5214,8.5214,8.5214,8.5214,8.5214,8.5214,8.5214,8.5214,8.5214,8.5214,8.5214,8.5214,8.5214,8.5214,8.5214,8.5214,8.5214,8.5214,8.5214,8.5214,8.5214,8.5214,8.5214,8.5214,8.5214,8.5214,8.5214,8.5214,8.5214,8.5214,8.5214,8.5214,8.5214,8.5214,8.5214,8.5214,8.5214,8.5214,8.5214,8.5214,8.5214,8.5214,8.5214,8.5214,8.5214,8.5214,8.5214,8.5214,8.5214,8.5214,8.5214,8.5214,8.5214,8.5214,8.5214,8.5214,8.5214,8.5214,8.5214,8.5214,8.5214,8.5214,8.5214,8.5214,8.5214,8.5214,8.5214,8.5214,8.5214,8.5214,8.5214,8.5214,8.5214,8.5214,8.5214,8.5214,8.5214,8.5214,8.5214,8.5214,8.5214,8.5214,8.5214,8.5214,8.5214,8.5214,8.5214,8.5214,8.5214,8.5214,8.5214,8.5214,8.5214,8.5214,8.5214,8.5214,8.5214,8.5214,8.5214,8.5214,8.5214,8.5214,8.5214,8.5214,8.5214,8.5214,8.5214,8.5214,8.5214,8.5214,8.5214,8.5214,8.5214,8.5214,8.5214,8.5214,8.5214,8.5214,8.5214,8.5214,8.5214,8.5214,8.5214,8.5214,8.5214,8.5214,8.5214,8.5214,8.5214,8.5214,8.5214,8.5214,8.5214,8.5214,8.5214,8.5214,8.5214,8.5214,8.5214,8.5214,8.5214,8.5214,8.5214,8.5214,8.5214,8.5214,8.5214,8.5214,8.5214,8.5214,8.5214,8.5214,8.5214,8.5214,8.5214,8.5214,8.5214,8.5214,8.5214,8.5214,8.5214,8.5214,8.5214,8.5214,8.5214,8.5214,8.5214,8.5214,8.5214,8.5214,8.5214,8.5214,8.5214,8.5214,8.5214,8.5214,8.5214,8.5214,8.5214,8.5214,8.5214,8.5214,8.5214,8.5214,8.5214,8.5214,8.5214,8.5214,8.5214,8.5214,8.5214,8.5214,8.5214,8.5214,8.5214,8.5214,8.5214,8.5214,8.5214,8.5214,8.5214,8.5214,8.5214,8.5214,8.5214,8.5214,8.5214,8.5214,8.5214,8.5214,8.5214,8.5214,8.5214,8.5214,8.5214,8.5214,8.5214,8.5214,8.5214,8.5214,8.5214,8.5214,8.5214,8.5214,8.5214,8.5214,8.5214,8.5214,8.5214,8.5214,8.5214,8.5214,8.5214,8.5214,8.5214,8.5214,8.5214,8.5214,8.5214,8.5214,8.5214,8.5214,8.5214,8.5214,8.5214,8.5214,8.5214,8.5214,8.5214,8.5214,8.5214,8.5214,8.5214,8.5214,8.5214,8.5214,8.5214,8.5214,8.5214,8.5214,8.5214,8.5214,8.5214,8.5214,8.5214,8.5214,8.5214,8.5214,8.5214,8.5214,8.5214,8.5214,8.5214,8.5214,8.5214,8.5214,8.5214,8.5214,8.5214,8.5214,8.5214,8.5214,8.5214,8.5214,8.5214,8.5214,8.5214,8.5214,8.5214,8.5214,8.5214,8.5214,8.5214,8.5214,8.5214,8.5214,8.5214,8.5214,8.5214,8.5214,8.5214,8.5214,8.5214,8.5214,8.5214,8.5214,8.5214,8.5214,8.5214,8.5214,8.5214,8.5214,8.5214,8.5214,8.5214,8.5214,8.5214,8.5214,8.5214,8.5214,8.5214,8.5214,8.5214,8.5214,8.5214,8.5214,8.5214,8.5214,8.5214,8.5214,8.5214,8.5214,8.5214,8.5214,8.5214,8.5214,8.5214,8.5214,8.5214,8.5214,8.5214,8.5214,8.5214,8.5214,8.5214,8.5214,8.5214,8.5214,8.5214,8.5214,8.5214,8.5214,8.5214,8.5214,8.5214,8.5214,8.5214,8.5214,8.5214,8.5214,8.5214,8.5214,8.5214,8.5214,8.5214,8.5214,8.5214,8.5214,8.5214,8.5214,8.5214,8.5214,8.5214,8.5214,8.5214,8.5214,8.5214,8.5214,8.5214,8.5214,8.5214,8.5214,8.5214,8.5214,8.5214,8.5214,8.5214,8.5214,8.5214,8.5214,8.5214,8.5214,8.5214,8.5214,8.5214,8.5214,8.5214,8.5214,8.5214,8.5214,8.5214,8.5214,8.5214,8.5214,8.5214,8.5214,8.5214,8.5214,8.5214,8.5214,8.5214,8.5214,8.5214,8.5214,8.5214,8.5214,8.5214,8.5214,8.5214,8.5214,8.5214,8.5214,8.5214,8.5214,8.5214,8.5214,8.5214,8.5214,8.5214,8.5214,8.5214,8.5214,8.5214,8.5214,8.5214,8.5214,8.5214,8.5214,8.5214,8.5214,8.5214,8.5214,8.5214,8.5214,8.5214,8.5214,8.5214,8.5214,8.5214,8.5214,8.5214,8.5214,8.5214,8.5214,8.5214,8.5214,8.5214,8.5214,8.5214,8.5214,8.5214,8.5214,8.5214,8.5214,8.5214,8.5214,8.5214,8.5214,8.5214,8.5214,8.5214
8.5141,8.5141,8.5141,8.5141,8.5141,8.5141,8.5141,8.5141,8.5141,8.5141,8.5141,8.5141,8.5141,8.5141,8.5141,8.5141,8.5141,8.5141,8.5141,8.5141,8.5141,8.5141,8.5141,8.5141,8.5141,8.5141,8.5141,8.5141,8.5141,8.5141,8.5141,8.5141,8.5141,8.5141,8.5141,8.5141,8.5141,8.5141,8.5141,8.5141,8.5141,8.5141,8.5141,8.5141,8.5141,8.5141,8.5141,8.5141,8.5141,8.5141,8.5141,8.5141,8.5141,8.5141,8.5141,8.5141,8.5141,8.5141,8.5141,8.5141,8.5141,8.5141,8.5141,8.5141,8.5132,8.5132,8.5132,8.5132,8.5132,8.5132,8.5132,8.5132,8.5132,8.5132,8.5132,8.5132,8.5132,8.5132,8.5132,8.5132,8.5132,8.5132,8.5132,8.5132,8.5132,8.5132,8.5132,8.5132,8.5132,8.5132,8.5132,8.5132,8.5132,8.5132,8.5132,8.5132,8.5132,8.5132,8.5132,8.5132,8.5132,8.5132,8.5132,8.5132,8.5132,8.5132,8.5132,8.5132,8.5132,8.5132,8.5132,8.5132,8.5132,8.5132,8.5132,8.5132,8.5132,8.5132,8.5132,8.5132,8.5132,8.5132,8.5132,8.5132,8.5132,8.5132,8.5132,8.5132,8.5132,8.5132,8.5132,8.5132,8.5132,8.5132,8.5132,8.5132,8.5132,8.5132,8.5132,8.5132,8.5132,8.5132,8.5132,8.5132,8.5132,8.5132,8.5132,8.5132,8.5132,8.5132,8.5132,8.5132,8.5132,8.5132,8.5132,8.5132,8.5132,8.5132,8.5132,8.5132,8.5132,8.5132,8.5132,8.5132,8.5132,8.5132,8.5132,8.5132,8.5132,8.5132,8.5132,8.5132,8.5132,8.5132,8.5132,8.5132,8.5132,8.5132,8.5132,8.5132,8.5132,8.5132,8.5132,8.5132,8.5132,8.5132,8.5132,8.5132,8.5132,8.5132,8.5132,8.5132,8.5132,8.5132,8.5132,8.5132,8.5132,8.5132,8.5132,8.5132,8.5132,8.5132,8.5132,8.5132,8.5132,8.5132,8.5132,8.5132,8.5132,8.5132,8.5132,8.5132,8.5132,8.5132,8.5132,8.5132,8.5132,8.5132,8.5132,8.5132,8.5132,8.5132,8.5132,8.5132,8.5132,8.5132,8.5132,8.5132,8.5132,8.5132,8.5132,8.5132,8.5132,8.5132,8.5132,8.5132,8.5132,8.5132,8.5132,8.5132,8.5132,8.5132,8.5132,8.5132,8.5132,8.5132,8.5132,8.5132,8.5132,8.5132,8.5132,8.5132,8.5132,8.5132,8.5132,8.5132,8.5132,8.5132,8.5132,8.5132,8.5132,8.5132,8.5132,8.5132,8.5132,8.5132,8.5132,8.5132,8.5132,8.5132,8.5132,8.5132,8.5132,8.5132,8.5132,8.5132,8.5132,8.5132,8.5132,8.5132,8.5132,8.5132,8.5132,8.5132,8.5132,8.5132,8.5132,8.5132,8.5132,8.5132,8.5132,8.5132,8.5132,8.5132,8.5132,8.5132,8.5132,8.5132,8.5132,8.5132,8.5132,8.5132,8.5132,8.5132,8.5132,8.5132,8.5132,8.5132,8.5132,8.5132,8.5132,8.5132,8.5132,8.5132,8.5132,8.5132,8.5132,8.5132,8.5132,8.5132,8.5132,8.5132,8.5132,8.5132,8.5132,8.5132,8.5132,8.5132,8.5132,8.5132,8.5132,8.5132,8.5132,8.5132,8.5132,8.5132,8.5132,8.5132,8.5132,8.5132,8.5132,8.5132,8.5132,8.5132,8.5132,8.5132,8.5132,8.5132,8.5132,8.5132,8.5132,8.5132,8.5132,8.5132,8.5132,8.5132,8.5132,8.5132,8.5132,8.5132,8.5132,8.5132,8.5132,8.5132,8.5132,8.5132,8.5132,8.5132,8.5132,8.5132,8.5132,8.5132,8.5132,8.5132,8.5132,8.5132,8.5132,8.5132,8.5132,8.5132,8.5132,8.5132,8.5132,8.5132,8.5132,8.5132,8.5132,8.5132,8.5132,8.5132,8.5132,8.5132,8.5132,8.5132,8.5132,8.5132,8.5132,8.5132,8.5132,8.5132,8.5132,8.5132,8.5132,8.5132,8.5132,8.5132,8.5132,8.5132,8.5132,8.5132,8.5132,8.5132,8.5132,8.5132,8.5132,8.5132,8.5132,8.5132,8.5132,8.5132,8.5132,8.5132,8.5132,8.5132,8.5132,8.5132,8.5132,8.5132,8.5132,8.5132,8.5132,8.5132,8.5132,8.5132,8.5132,8.5132,8.5132,8.5132,8.5132,8.5132,8.5132,8.5132,8.5132,8.5132,8.5132,8.5132,8.5132,8.5132,8.5132,8.5132,8.5132,8.5132,8.5132,8.5132,8.5132,8.5132,8.5132,8.5132,8.5132,8.5132,8.5132,8.5132,8.5132,8.5132,8.5132,8.5132,8.5132,8.5132,8.5132,8.5132,8.5132,8.5132,8.5132,8.5132,8.5132,8.5132,8.5132,8.5132,8.5132,8.5132,8.5132,8.5132,8.5132,8.5132,8.5132,8.5132,8.5132,8.5132,8.5132,8.5132,8.5132,8.5132,8.5132,8.5132,8.5132,8.5132,8.5132,8.5132,8.5132,8.5132,8.5132,8.5132,8.5132,8.5132,8.5132,8.5132,8.5132,8.5132,8.5132,8.5132,8.5132,8.5132,8.5132,8.5132,8.5132,8.5132,8.5132,8.5132,8.5132,8.5132,8.5132,8.5132,8.5132,8.5132,8.5132,8.5132,8.5132,8.5132,8.5132,8.5132,8.5132,8.5132,8.5132,8.5132,8.5132,8.5132,8.5132,8.5132,8.5132,8.5132,8.5132,8.5132,8.5132,8.5132,8.5132,8.5132,8.5132,8.5132,8.5132,8.5132,8.5132,8.5132,8.5132,8.5132,8.5132,8.5132,8.5132,8.5132,8.5132,8.5132,8.5132,8.5132,8.5132,8.5132,8.5132,8.5132,8.5132,8.5132,8.5132,8.5132,8.5132,8.5132,8.5132,8.5132,8.5132,8.5132,8.5132,8.5132,8.5132,8.5132,8.5132,8.5132,8.5132,8.5132,8.5132,8.5132,8.5132,8.5132,8.5132,8.5132,8.5132,8.5132,8.5132,8.5132,8.5132,8.5132,8.5132,8.5132,8.5132,8.5132,8.5132,8.5132,8.5132,8.5132,8.5132,8.5132,8.5132,8.5132,8.5132,8.5132,8.5132,8.5132,8.5132,8.5132,8.5132,8.5132,8.5132,8.5132,8.5132,8.5132,8.5132,8.5132,8.5132,8.5132,8.5132,8.5132,8.5132,8.5132,8.5132,8.5132,8.5132,8.5132,8.5132,8.5132,8.5132,8.5132,8.5132,8.5132,8.5132,8.5132,8.5132,8.5132,8.5132,8.5132,8.5132,8.5132,8.5132,8.5132,8.5132,8.5132,8.5132,8.5132,8.5132,8.5132,8.5132,8.5132,8.5132,8.5132,8.5132,8.5132,8.5132,8.5132,8.5132,8.5132,8.5132,8.5132,8.5132,8.5132,8.5132,8.5132,8.5132,8.5132,8.5132,8.5132,8.5132,8.5132,8.5132,8.5132,8.5132,8.5132,8.5132,8.5132,8.5132,8.5132,8.5132,8.5132,8.5132,8.5132,8.5132,8.5132,8.5132,8.5132,8.5132,8.5132,8.5132,8.5132,8.5132,8.5132,8.5132,8.5132,8.5132,8.5132,8.5132,8.5132,8.5132,8.5132,8.5132,8.5132,8.5132,8.5132,8.5132,8.5132,8.5132,8.5132,8.5132,8.5132,8.5132,8.5132,8.5132,8.5132,8.5132,8.5132,8.5132,8.5132,8.5132,8.5132,8.5132,8.5132,8.5132,8.5132,8.5132,8.5132,8.5132,8.5132,8.5132,8.5132,8.5132,8.5132,8.5132,8.5132,8.5132,8.5132,8.5132,8.5132,8.5132,8.5132,8.5132,8.5132,8.5132,8.5132,8.5132,8.5132,8.5132,8.5132,8.5132,8.5132,8.5132,8.5132,8.5132,8.5132,8.5132,8.5132,8.5132,8.5132,8.5132,8.5132,8.5132,8.5132,8.5132,8.5132,8.5132,8.5132,8.5132,8.5132,8.5132,8.5132,8.5132,8.5132,8.5132,8.5132,8.5132,8.5132,8.5132,8.5132,8.5132,8.5132,8.5132,8.5132,8.5132,8.5132,8.5132,8.5132,8.5132,8.5132,8.5132,8.5132,8.5132,8.5132,8.5132,8.5132,8.5132,8.5132,8.5132,8.5132,8.5132,8.5132,8.5132,8.5132,8.5132,8.5132,8.5132,8.5132,8.5132,8.5132,8.5132,8.5132,8.5132,8.5132,8.5132,8.5132,8.5132,8.5132,8.5132,8.5132,8.5132,8.5132,8.5132,8.5132,8.5132,8.5132,8.5132,8.5132,8.5132,8.5132,8.5132,8.5132,8.5132,8.5132,8.5132,8.5132,8.5132,8.5132,8.5132,8.5132,8.5132,8.5132,8.5132,8.5132,8.5132,8.5132,8.5132,8.5132,8.5132,8.5132,8.5132,8.5132,8.5132,8.5132,8.5132,8.5132,8.5132,8.5132,8.5132,8.5132,8.5132,8.5132,8.5132,8.5132,8.5132,8.5132,8.5132,8.5132,8.5132,8.5132,8.5132,8.5132,8.5132,8.5132,8.5132,8.5132,8.5132,8.5132,8.5132,8.5132,8.5132,8.5132,8.5132,8.5132,8.5132,8.5132,8.5132,8.5132,8.5132,8.5132,8.5132,8.5132,8.5132,8.5132,8.5132,8.5132,8.5132,8.5132,8.5132,8.5132,8.5132,8.5132,8.5132,8.5132,8.5132,8.5132,8.5132,8.5132,8.5132,8.5132,8.5132,8.5132,8.5132,8.5132,8.5132,8.5132,8.5132,8.5132,8.5132,8.5132,8.5132,8.5132,8.5132,8.5132,8.5132,8.5132,8.5132,8.5132,8.5132,8.5132,8.5132,8.5132,8.5132,8.5132,8.5132,8.5132,8.5132,8.5132,8.5132,8.5132,8.5132,8.5132,8.5132,8.5132,8.5132,8.5132,8.5132,8.5132,8.5132,8.5132,8.5132,8.5132,8.5132,8.5132,8.5132,8.5132
8.5059,8.5059,8.5059,8.5059,8.5059,8.5059,8.5059,8.5059,8.5059,8.5059,8.5059,8.5059,8.5059,8.5059,8.5059,8.5059,8.5059,8.5059,8.5059,8.5059,8.5059,8.5059,8.5059,8.5059,8.5059,8.5059,8.5059,8.5059,8.5059,8.5059,8.5059,8.5059,8.5059,8.5059,8.5059,8.5059,8.5059,8.5059,8.5059,8.5059,8.5059,8.5059,8.5059,8.5059,8.5059,8.5059,8.5059,8.5059,8.5059,8.5059,8.5059,8.5059,8.5059,8.5059,8.5059,8.5059,8.5059,8.5059,8.5059,8.5059,8.5059,8.5059,8.5059,8.5059,8.5059,8.5059,8.5059,8.5059,8.5059,8.5059,8.5059,8.5059,8.5059,8.5059,8.5059,8.5059,8.5059,8.5059,8.5059,8.5059,8.5059,8.5059,8.5059,8.5059,8.5059,8.5059,8.5059,8.5059,8.5059,8.5059,8.5059,8.5059,8.5059,8.5059,8.5059,8.5059,8.5059,8.5059,8.5059,8.5059,8.5059,8.5059,8.5059,8.5059,8.5059,8.5059,8.5059,8.5059,8.5059,8.5059,8.5059,8.5059,8.5059,8.5059,8.5059,8.5059,8.5059,8.5059,8.5059,8.5059,8.5059,8.5059,8.5059,8.5059,8.5059,8.5059,8.5059,8.5059,8.5059,8.5059,8.5059,8.5059,8.5059,8.5059,8.5059,8.5059,8.5059,8.5059,8.5059,8.5059,8.5059,8.5059,8.5059,8.5059,8.5059,8.5059,8.5059,8.5059,8.5059,8.5059,8.5059,8.5059,8.5059,8.5059,8.5059,8.5059,8.5059,8.5059,8.5059,8.5059,8.5059,8.5059,8.5059,8.5059,8.5059,8.5059,8.5059,8.5059,8.5059,8.5059,8.5059,8.5059,8.5059,8.5059,8.5059,8.5059,8.5059,8.5059,8.5059,8.5059,8.5059,8.5059,8.5059,8.5059,8.5059,8.5059,8.5059,8.5059,8.5059,8.5059,8.5059,8.5059,8.5059,8.5059,8.5059,8.5059,8.5059,8.5059,8.5059,8.5059,8.5059,8.5059,8.5059,8.5059,8.5059,8.5059,8.5059,8.5059,8.5059,8.5059,8.5059,8.5059,8.5059,8.5059,8.5059,8.5059,8.5059,8.5050,8.5050,8.5050,8.5050,8.5050,8.5050,8.5050,8.5050,8.5050,8.5050,8.5050,8.5050,8.5050,8.5050,8.5050,8.5050,8.5050,8.5050,8.5050,8.5050,8.5050,8.5050,8.5050,8.5050,8.5050,8.5050,8.5050,8.5050,8.5050,8.5050,8.5050,8.5050,8.5050,8.5050,8.5050,8.5050,8.5050,8.5050,8.5050,8.5050,8.5050,8.5050,8.5050,8.5050,8.5050,8.5050,8.5050,8.5050,8.5050,8.5050,8.5050,8.5050,8.5050,8.5050,8.5050,8.5050,8.5050,8.5050,8.5050,8.5050,8.5050,8.5050,8.5050,8.5050,8.5050,8.5050,8.5050,8.5050,8.5050,8.5050,8.5050,8.5050,8.5050,8.5050,8.5050,8.5050,8.5050,8.5050,8.5050,8.5050,8.5050,8.5050,8.5050,8.5050,8.5050,8.5050,8.5050,8.5050,8.5050,8.5050,8.5050,8.5050,8.5050,8.5050,8.5050,8.5050,8.5050,8.5050,8.5050,8.5050,8.5050,8.5050,8.5050,8.5050,8.5050,8.5050,8.5050,8.5050,8.5050,8.5050,8.5050,8.5050,8.5050,8.5050,8.5050,8.5050,8.5050,8.5050,8.5050,8.5050,8.5050,8.5050,8.5050,8.5050,8.5050,8.5050,8.5050,8.5050,8.5050,8.5050,8.5050,8.5050,8.5050,8.5050,8.5050,8.5050,8.5050,8.5050,8.5050,8.5050,8.5050,8.5050,8.5050,8.5050,8.5050,8.5050,8.5050,8.5050,8.5050,8.5050,8.5050,8.5050,8.5050,8.5050,8.5050,8.5050,8.5050,8.5050,8.5050,8.5050,8.5050,8.5050,8.5050,8.5050,8.5050,8.5050,8.5050,8.5050,8.5050,8.5050,8.5050,8.5050,8.5050,8.5050,8.5050,8.5050,8.5050,8.5050,8.5050,8.5050,8.5050,8.5050,8.5050,8.5050,8.5050,8.5050,8.5050,8.5050,8.5050,8.5050,8.5050,8.5050,8.5050,8.5050,8.5050,8.5050,8.5050,8.5050,8.5050,8.5050,8.5050,8.5050,8.5050,8.5050,8.5050,8.5050,8.5050,8.5050,8.5050,8.5050,8.5050,8.5050,8.5050,8.5050,8.5050,8.5050,8.5050,8.5050,8.5050,8.5050,8.5050,8.5050,8.5050,8.5050,8.5050,8.5050,8.5050,8.5050,8.5050,8.5050,8.5050,8.5050,8.5050,8.5050,8.5050,8.5050,8.5050,8.5050,8.5050,8.5050,8.5050,8.5050,8.5050,8.5050,8.5050,8.5050,8.5050,8.5050,8.5050,8.5050,8.5050,8.5050,8.5050,8.5050,8.5050,8.5050,8.5050,8.5050,8.5050,8.5050,8.5050,8.5050,8.5050,8.5050,8.5050,8.5050,8.5050,8.5050,8.5050,8.5050,8.5050,8.5050,8.5050,8.5050,8.5050,8.5050,8.5050,8.5050,8.5050,8.5050,8.5050,8.5050,8.5050,8.5050,8.5050,8.5050,8.5050,8.5050,8.5050,8.5050,8.5050,8.5050,8.5050,8.5050,8.5050,8.5050,8.5050,8.5050,8.5050,8.5050,8.5050,8.5050,8.5050,8.5050,8.5050,8.5050,8.5050,8.5050,8.5050,8.5050,8.5050,8.5050,8.5050,8.5050,8.5050,8.5050,8.5050,8.5050,8.5050,8.5050,8.5050,8.5050,8.5050,8.5050,8.5050,8.5050,8.5050,8.5050,8.5050,8.5050,8.5050,8.5050,8.5050,8.5050,8.5050,8.5050,8.5050,8.5050,8.5050,8.5050,8.5050,8.5050,8.5050,8.5050,8.5050,8.5050,8.5050,8.5050,8.5050,8.5050,8.5050,8.5050,8.5050,8.5050,8.5050,8.5050,8.5050,8.5050,8.5050,8.5050,8.5050,8.5050,8.5050,8.5050,8.5050,8.5050,8.5050,8.5050,8.5050,8.5050,8.5050,8.5050,8.5050,8.5050,8.5050,8.5050,8.5050,8.5050,8.5050,8.5050,8.5050,8.5050,8.5050,8.5050,8.5050,8.5050,8.5050,8.5050,8.5050,8.5050,8.5050,8.5050,8.5050,8.5050,8.5050,8.5050,8.5050,8.5050,8.5050,8.5050,8.5050,8.5050,8.5050,8.5050,8.5050,8.5050,8.5050,8.5050,8.5050,8.5050,8.5050,8.5050,8.5050,8.5050,8.5050,8.5050,8.5050,8.5050,8.5050,8.5050,8.5050,8.5050,8.5050,8.5050,8.5050,8.5050,8.5050,8.5050,8.5050,8.5050,8.5050,8.5050,8.5050,8.5050,8.5050,8.5050,8.5050,8.5050,8.5050,8.5050,8.5050,8.5050,8.5050,8.5050,8.5050,8.5050,8.5050,8.5050,8.5050,8.5050,8.5050,8.5050,8.5050,8.5050,8.5050,8.5050,8.5050,8.5050,8.5050,8.5050,8.5050,8.5050,8.5050,8.5050,8.5050,8.5050,8.5050,8.5050,8.5050,8.5050,8.5050,8.5050,8.5050,8.5050,8.5050,8.5050,8.5050,8.5050,8.5050,8.5050,8.5050,8.5050,8.5050,8.5050,8.5050,8.5050,8.5050,8.5050,8.5050,8.5050,8.5050,8.5050,8.5050,8.5050,8.5050,8.5050,8.5050,8.5050,8.5050,8.5050,8.5050,8.5050,8.5050,8.5050,8.5050,8.5050,8.5050,8.5050,8.5050,8.5050,8.5050,8.5050,8.5050,8.5050,8.5050,8.5050,8.5050,8.5050,8.5050,8.5050,8.5050,8.5050,8.5050,8.5050,8.5050,8.5050,8.5050,8.5050,8.5050,8.5050,8.5050,8.5050,8.5050,8.5050,8.5050,8.5050,8.5050,8.5050,8.5050,8.5050,8.5050,8.5050,8.5050,8.5050,8.5050,8.5050,8.5050,8.5050,8.5050,8.5050,8.5050,8.5050,8.5050,8.5050,8.5050,8.5050,8.5050,8.5050,8.5050,8.5050,8.5050,8.5050,8.5050,8.5050,8.5050,8.5050,8.5050,8.5050,8.5050,8.5050,8.5050,8.5050,8.5050,8.5050,8.5050,8.5050,8.5050,8.5050,8.5050,8.5050,8.5050,8.5050,8.5050,8.5050,8.5050,8.5050,8.5050,8.5050,8.5050,8.5050,8.5050,8.5050,8.5050,8.5050,8.5050,8.5050,8.5050,8.5050,8.5050,8.5050,8.5050,8.5050,8.5050,8.5050,8.5050,8.5050,8.5050,8.5050,8.5050,8.5050,8.5050,8.5050,8.5050,8.5050,8.5050,8.5050,8.5050,8.5050,8.5050,8.5050,8.5050,8.5050,8.5050,8.5050,8.5050,8.5050,8.5050,8.5050,8.5050,8.5050,8.5050,8.5050,8.5050,8.5050,8.5050,8.5050,8.5050,8.5050,8.5050,8.5050,8.5050,8.5050,8.5050,8.5050,8.5050,8.5050,8.5050,8.5050,8.5050,8.5050,8.5050,8.5050,8.5050,8.5050,8.5050,8.5050,8.5050,8.5050,8.5050,8.5050,8.5050,8.5050,8.5050,8.5050,8.5050,8.5050,8.5050,8.5050,8.5050,8.5050,8.5050,8.5050,8.5050,8.5050,8.5050,8.5050,8.5050,8.5050,8.5050,8.5050,8.5050,8.5050,8.5050,8.5050,8.5050,8.5050,8.5050,8.5050,8.5050,8.5050,8.5050,8.5050,8.5050,8.5050,8.5050,8.5050,8.5050,8.5050,8.5050,8.5050,8.5050,8.5050,8.5050,8.5050,8.5050,8.5050,8.5050,8.5050,8.5050,8.5050,8.5050,8.5050,8.5050,8.5050,8.5050,8.5050,8.5050,8.5050,8.5050,8.5050,8.5050,8.5050,8.5050,8.5050,8.5050,8.5050,8.5050,8.5050,8.5050,8.5050,8.5050,8.5050,8.5050,8.5050,8.5050,8.5050,8.5050,8.5050,8.5050,8.5050,8.5050,8.5050,8.5050
8.4977,8.4977,8.4977,8.4977,8.4977,8.4977,8.4977,8.4977,8.4977,8.4977,8.4977,8.4977,8.4977,8.4977,8.4977,8.4977,8.4977,8.4977,8.4977,8.4977,8.4977,8.4977,8.4977,8.4977,8.4977,8.4977,8.4977,8.4977,8.4977,8.4977,8.4977,8.4977,8.4977,8.4977,8.4977,8.4977,8.4977,8.4977,8.4977,8.4977,8.4977,8.4977,8.4977,8.4977,8.4977,8.4977,8.4977,8.4977,8.4977,8.4977,8.4977,8.4977,8.4977,8.4977,8.4977,8.4977,8.4977,8.4977,8.4977,8.4977,8.4977,8.4977,8.4977,8.4977,8.4977,8.4977,8.4977,8.4977,8.4977,8.4977,8.4977,8.4977,8.4977,8.4977,8.4977,8.4977,8.4977,8.4977,8.4977,8.4977,8.4977,8.4977,8.4977,8.4977,8.4977,8.4977,8.4977,8.4977,8.4977,8.4977,8.4977,8.4977,8.4977,8.4977,8.4977,8.4977,8.4977,8.4977,8.4977,8.4977,8.4977,8.4977,8.4977,8.4977,8.4977,8.4977,8.4977,8.4977,8.4977,8.4977,8.4977,8.4977,8.4977,8.4977,8.4977,8.4977,8.4977,8.4977,8.4977,8.4977,8.4977,8.4977,8.4977,8.4977,8.4977,8.4977,8.4977,8.4977,8.4977,8.4977,8.4977,8.4977,8.4977,8.4977,8.4977,8.4977,8.4977,8.4977,8.4977,8.4977,8.4977,8.4977,8.4977,8.4977,8.4977,8.4977,8.4977,8.4977,8.4977,8.4977,8.4977,8.4977,8.4977,8.4977,8.4977,8.4977,8.4977,8.4977,8.4977,8.4977,8.4977,8.4977,8.4977,8.4977,8.4977,8.4977,8.4977,8.4977,8.4977,8.4977,8.4977,8.4977,8.4977,8.4977,8.4977,8.4977,8.4977,8.4977,8.4977,8.4977,8.4977,8.4977,8.4977,8.4977,8.4977,8.4977,8.4977,8.4977,8.4977,8.4977,8.4977,8.4977,8.4977,8.4977,8.4977,8.4977,8.4977,8.4977,8.4977,8.4977,8.4977,8.4977,8.4977,8.4977,8.4977,8.4977,8.4977,8.4977,8.4977,8.4977,8.4977,8.4977,8.4977,8.4977,8.4977,8.4977,8.4977,8.4977,8.4977,8.4977,8.4977,8.4977,8.4977,8.4977,8.4977,8.4977,8.4977,8.4977,8.4977,8.4977,8.4977,8.4977,8.4977,8.4977,8.4977,8.4977,8.4977,8.4977,8.4977,8.4977,8.4977,8.4977,8.4977,8.4977,8.4977,8.4977,8.4977,8.4977,8.4977,8.4977,8.4977,8.4977,8.4977,8.4977,8.4977,8.4977,8.4977,8.4977,8.4977,8.4977,8.4977,8.4977,8.4977,8.4977,8.4977,8.4977,8.4977,8.4977,8.4977,8.4977,8.4977,8.4977,8.4977,8.4977,8.4977,8.4977,8.4977,8.4977,8.4977,8.4977,8.4977,8.4977,8.4977,8.4977,8.4977,8.4977,8.4977,8.4977,8.4977,8.4977,8.4977,8.4977,8.4977,8.4977,8.4977,8.4977,8.4977,8.4977,8.4977,8.4977,8.4977,8.4977,8.4977,8.4977,8.4977,8.4977,8.4977,8.4977,8.4977,8.4977,8.4977,8.4977,8.4977,8.4977,8.4977,8.4977,8.4977,8.4977,8.4977,8.4977,8.4977,8.4977,8.4977,8.4977,8.4977,8.4977,8.4977,8.4977,8.4977,8.4977,8.4977,8.4977,8.4977,8.4977,8.4977,8.4977,8.4977,8.4977,8.4977,8.4977,8.4977,8.4977,8.4977,8.4977,8.4977,8.4977,8.4977,8.4977,8.4977,8.4977,8.4977,8.4977,8.4977,8.4977,8.4977,8.4977,8.4977,8.4977,8.4977,8.4977,8.4977,8.4977,8.4977,8.4977,8.4977,8.4977,8.4977,8.4977,8.4977,8.4977,8.4977,8.4977,8.4977,8.4977,8.4977,8.4977,8.4977,8.4977,8.4977,8.4977,8.4977,8.4977,8.4977,8.4977,8.4977,8.4977,8.4977,8.4977,8.4977,8.4977,8.4977,8.4977,8.4977,8.4977,8.4977,8.4977,8.4977,8.4977,8.4977,8.4977,8.4977,8.4977,8.4977,8.4977,8.4977,8.4977,8.4977,8.4977,8.4977,8.4977,8.4977,8.4977,8.4977,8.4977,8.4977,8.4977,8.4977,8.4977,8.4977,8.4977,8.4977,8.4977,8.4977,8.4977,8.4977,8.4977,8.4977,8.4977,8.4977,8.4977,8.4977,8.4977,8.4977,8.4977,8.4977,8.4977,8.4977,8.4977,8.4977,8.4977,8.4977,8.4977,8.4977,8.4977,8.4977,8.4977,8.4977,8.4977,8.4977,8.4977,8.4977,8.4977,8.4977,8.4977,8.4977,8.4977,8.4977,8.4977,8.4977,8.4977,8.4977,8.4977,8.4977,8.4977,8.4977,8.4977,8.4977,8.4977,8.4977,8.4977,8.4977,8.4977,8.4977,8.4977,8.4977,8.4977,8.4977,8.4977,8.4977,8.4977,8.4977,8.4977,8.4977,8.4977,8.4977,8.4977,8.4977,8.4977,8.4977,8.4977,8.4977,8.4977,8.4977,8.4977,8.4977,8.4977,8.4977,8.4977,8.4977,8.4977,8.4977,8.4977,8.4977,8.4977,8.4977,8.4977,8.4977,8.4977,8.4977,8.4977,8.4977,8.4977,8.4977,8.4977,8.4977,8.4977,8.4977,8.4977,8.4977,8.4977,8.4977,8.4977,8.4977,8.4977,8.4977,8.4977,8.4977,8.4977,8.4977,8.4977,8.4977,8.4977,8.4977,8.4977,8.4977,8.4977,8.4977,8.4977,8.4977,8.4977,8.4977,8.4977,8.4977,8.4977,8.4977,8.4977,8.4977,8.4977,8.4977,8.4977,8.4977,8.4977,8.4977,8.4977,8.4977,8.4977,8.4977,8.4977,8.4977,8.4977,8.4977,8.4977,8.4977,8.4977,8.4977,8.4977,8.4977,8.4977,8.4977,8.4977,8.4977,8.4977,8.4977,8.4977,8.4977,8.4977,8.4977,8.4977,8.4977,8.4977,8.4977,8.4977,8.4977,8.4977,8.4977,8.4977,8.4977,8.4977,8.4977,8.4977,8.4977,8.4977,8.4977,8.4977,8.4977,8.4977,8.4977,8.4977,8.4973,8.4973,8.4973,8.4973,8.4973,8.4973,8.4973,8.4973,8.4973,8.4973,8.4973,8.4973,8.4973,8.4973,8.4973,8.4973,8.4973,8.4973,8.4973,8.4973,8.4973,8.4973,8.4973,8.4973,8.4973,8.4973,8.4973,8.4973,8.4973,8.4973,8.4973,8.4973,8.4973,8.4973,8.4973,8.4973,8.4973,8.4973,8.4973,8.4973,8.4973,8.4973,8.4973,8.4973,8.4973,8.4973,8.4973,8.4973,8.4973,8.4973,8.4973,8.4973,8.4973,8.4973,8.4973,8.4973,8.4973,8.4973,8.4973,8.4973,8.4973,8.4973,8.4973,8.4973,8.4973,8.4973,8.4973,8.4973,8.4973,8.4973,8.4973,8.4973,8.4973,8.4973,8.4973,8.4973,8.4973,8.4973,8.4973,8.4973,8.4973,8.4973,8.4973,8.4973,8.4973,8.4973,8.4973,8.4973,8.4973,8.4973,8.4973,8.4973,8.4973,8.4973,8.4973,8.4973,8.4973,8.4973,8.4973,8.4973,8.4973,8.4973,8.4973,8.4973,8.4973,8.4973,8.4973,8.4973,8.4973,8.4973,8.4973,8.4973,8.4973,8.4973,8.4973,8.4973,8.4973,8.4973,8.4973,8.4973,8.4973,8.4973,8.4973,8.4973,8.4973,8.4973,8.4973,8.4973,8.4973,8.4973,8.4973,8.4973,8.4973,8.4973,8.4973,8.4973,8.4973,8.4973,8.4973,8.4973,8.4973,8.4973,8.4973,8.4973,8.4973,8.4973,8.4973,8.4973,8.4973,8.4973,8.4973,8.4973,8.4973,8.4973,8.4973,8.4973,8.4973,8.4973,8.4973,8.4973,8.4973,8.4973,8.4973,8.4973,8.4973,8.4973,8.4973,8.4973,8.4973,8.4973,8.4973,8.4973,8.4973,8.4973,8.4973,8.4973,8.4973,8.4973,8.4973,8.4973,8.4973,8.4973,8.4973,8.4973,8.4973,8.4973,8.4973,8.4973,8.4973,8.4973,8.4973,8.4973,8.4973,8.4973,8.4973,8.4973,8.4973,8.4973,8.4973,8.4973,8.4973,8.4973,8.4973,8.4973,8.4973,8.4973,8.4973,8.4973,8.4973,8.4973,8.4973,8.4973,8.4973,8.4973,8.4973,8.4973,8.4973,8.4973,8.4973,8.4973,8.4973,8.4973,8.4973,8.4973,8.4973,8.4973,8.4973,8.4973,8.4973,8.4973,8.4973,8.4973,8.4973,8.4973,8.4973,8.4973,8.4973,8.4973,8.4973,8.4973,8.4973,8.4973,8.4973,8.4973,8.4973,8.4973,8.4973,8.4973,8.4973,8.4973,8.4973,8.4973,8.4973,8.4973,8.4973,8.4973,8.4973,8.4973,8.4973,8.4973,8.4973,8.4973,8.4973,8.4973,8.4973,8.4973,8.4973,8.4973,8.4973,8.4973,8.4973,8.4973,8.4973,8.4973,8.4973,8.4973,8.4973,8.4973,8.4973,8.4973,8.4973,8.4973,8.4973,8.4973,8.4973,8.4973,8.4973,8.4973,8.4973,8.4973,8.4973,8.4973,8.4973,8.4973,8.4973,8.4973,8.4973,8.4973,8.4973,8.4973,8.4973,8.4973,8.4973,8.4973,8.4973,8.4973,8.4973,8.4973,8.4973,8.4973,8.4973,8.4973,8.4973,8.4973,8.4973,8.4973,8.4973,8.4973,8.4973,8.4973,8.4973,8.4973,8.4973,8.4973,8.4973,8.4973,8.4973,8.4973,8.4973,8.4973,8.4973,8.4973,8.4973,8.4973,8.4973,8.4973,8.4973,8.4973,8.4973,8.4973,8.4973,8.4973,8.4973,8.4973,8.4973,8.4973,8.4973,8.4973,8.4973,8.4973,8.4973,8.4973,8.4973,8.4973,8.4973,8.4973,8.4973,8.4973,8.4973,8.4973,8.4973,8.4973
8.4895,8.4895,8.4895,8.4895,8.4895,8.4895,8.4895,8.4895,8.4895,8.4895,8.4895,8.4895,8.4895,8.4895,8.4895,8.4895,8.4895,8.4895,8.4895,8.4895,8.4895,8.4895,8.4895,8.4895,8.4895,8.4895,8.4895,8.4895,8.4895,8.4895,8.4895,8.4895,8.4895,8.4895,8.4895,8.4895,8.4895,8.4895,8.4895,8.4895,8.4895,8.4895,8.4895,8.4895,8.4895,8.4895,8.4895,8.4895,8.4895,8.4895,8.4895,8.4895,8.4895,8.4895,8.4895,8.4895,8.4895,8.4895,8.4895,8.4895,8.4895,8.4895,8.4895,8.4895,8.4895,8.4895,8.4895,8.4895,8.4895,8.4895,8.4895,8.4895,8.4895,8.4895,8.4895,8.4895,8.4895,8.4895,8.4895,8.4895,8.4895,8.4895,8.4895,8.4895,8.4895,8.4895,8.4895,8.4895,8.4895,8.4895,8.4895,8.4895,8.4895,8.4895,8.4895,8.4895,8.4895,8.4895,8.4895,8.4895,8.4895,8.4895,8.4895,8.4895,8.4895,8.4895,8.4895,8.4895,8.4895,8.4895,8.4895,8.4895,8.4895,8.4895,8.4895,8.4895,8.4895,8.4895,8.4895,8.4895,8.4895,8.4895,8.4895,8.4895,8.4895,8.4895,8.4895,8.4895,8.4895,8.4895,8.4895,8.4895,8.4895,8.4895,8.4895,8.4895,8.4895,8.4895,8.4895,8.4895,8.4895,8.4895,8.4895,8.4895,8.4895,8.4895,8.4895,8.4895,8.4895,8.4895,8.4895,8.4895,8.4895,8.4895,8.4895,8.4895,8.4895,8.4895,8.4895,8.4895,8.4895,8.4895,8.4895,8.4895,8.4895,8.4895,8.4895,8.4895,8.4895,8.4895,8.4895,8.4895,8.4895,8.4895,8.4895,8.4895,8.4895,8.4895,8.4895,8.4895,8.4895,8.4895,8.4895,8.4895,8.4895,8.4895,8.4895,8.4895,8.4895,8.4895,8.4895,8.4895,8.4895,8.4895,8.4895,8.4895,8.4895,8.4895,8.4895,8.4895,8.4895,8.4895,8.4895,8.4895,8.4895,8.4895,8.4895,8.4895,8.4895,8.4895,8.4895,8.4895,8.4895,8.4895,8.4895,8.4895,8.4895,8.4895,8.4895,8.4895,8.4895,8.4895,8.4895,8.4895,8.4895,8.4895,8.4895,8.4895,8.4895,8.4895,8.4895,8.4895,8.4895,8.4895,8.4895,8.4895,8.4895,8.4895,8.4895,8.4895,8.4895,8.4895,8.4895,8.4895,8.4895,8.4895,8.4895,8.4895,8.4895,8.4895,8.4895,8.4895,8.4895,8.4895,8.4895,8.4895,8.4895,8.4895,8.4895,8.4895,8.4895,8.4895,8.4895,8.4895,8.4895,8.4895,8.4895,8.4895,8.4895,8.4895,8.4895,8.4895,8.4895,8.4895,8.4895,8.4895,8.4895,8.4895,8.4895,8.4895,8.4895,8.4895,8.4895,8.4895,8.4895,8.4895,8.4895,8.4895,8.4895,8.4895,8.4895,8.4895,8.4895,8.4895,8.4895,8.4895,8.4895,8.4895,8.4895,8.4895,8.4895,8.4895,8.4895,8.4895,8.4895,8.4895,8.4895,8.4895,8.4895,8.4895,8.4895,8.4895,8.4895,8.4895,8.4895,8.4895,8.4895,8.4895,8.4895,8.4895,8.4895,8.4895,8.4895,8.4895,8.4895,8.4895,8.4895,8.4895,8.4895,8.4895,8.4895,8.4895,8.4895,8.4895,8.4895,8.4895,8.4895,8.4895,8.4895,8.4895,8.4895,8.4895,8.4895,8.4895,8.4895,8.4895,8.4895,8.4895,8.4895,8.4895,8.4895,8.4895,8.4895,8.4895,8.4895,8.4895,8.4895,8.4895,8.4895,8.4895,8.4895,8.4895,8.4895,8.4895,8.4895,8.4895,8.4895,8.4895,8.4895,8.4895,8.4895,8.4895,8.4895,8.4895,8.4895,8.4895,8.4895,8.4895,8.4895,8.4895,8.4895,8.4895,8.4895,8.4895,8.4895,8.4895,8.4895,8.4895,8.4895,8.4895,8.4895,8.4895,8.4895,8.4895,8.4895,8.4895,8.4895,8.4895,8.4895,8.4895,8.4895,8.4895,8.4895,8.4895,8.4895,8.4895,8.4895,8.4895,8.4895,8.4895,8.4895,8.4895,8.4895,8.4895,8.4895,8.4895,8.4895,8.4895,8.4895,8.4895,8.4895,8.4895,8.4895,8.4895,8.4895,8.4895,8.4895,8.4895,8.4895,8.4895,8.4895,8.4895,8.4895,8.4895,8.4895,8.4895,8.4895,8.4895,8.4895,8.4895,8.4895,8.4895,8.4895,8.4895,8.4895,8.4895,8.4895,8.4895,8.4895,8.4895,8.4895,8.4895,8.4895,8.4895,8.4895,8.4895,8.4895,8.4895,8.4895,8.4895,8.4895,8.4895,8.4895,8.4895,8.4895,8.4895,8.4895,8.4895,8.4895,8.4895,8.4895,8.4895,8.4895,8.4895,8.4895,8.4895,8.4895,8.4895,8.4895,8.4895,8.4895,8.4895,8.4895,8.4895,8.4895,8.4895,8.4895,8.4895,8.4895,8.4895,8.4895,8.4895,8.4895,8.4895,8.4895,8.4895,8.4895,8.4895,8.4895,8.4895,8.4895,8.4895,8.4895,8.4895,8.4895,8.4895,8.4895,8.4895,8.4895,8.4895,8.4895,8.4895,8.4895,8.4895,8.4895,8.4895,8.4895,8.4895,8.4895,8.4895,8.4895,8.4895,8.4895,8.4895,8.4895,8.4895,8.4895,8.4895,8.4895,8.4895,8.4895,8.4895,8.4895,8.4895,8.4895,8.4895,8.4895,8.4895,8.4895,8.4895,8.4895,8.4895,8.4895,8.4895,8.4895,8.4895,8.4895,8.4895,8.4895,8.4895,8.4895,8.4895,8.4895,8.4895,8.4895,8.4895,8.4895,8.4895,8.4895,8.4895,8.4895,8.4895,8.4895,8.4895,8.4895,8.4895,8.4895,8.4895,8.4895,8.4895,8.4895,8.4895,8.4895,8.4895,8.4895,8.4895,8.4895,8.4895,8.4895,8.4895,8.4895,8.4895,8.4895,8.4895,8.4895,8.4895,8.4895,8.4895,8.4895,8.4895,8.4895,8.4895,8.4895,8.4895,8.4895,8.4895,8.4895,8.4895,8.4895,8.4895,8.4895,8.4895,8.4895,8.4895,8.4895,8.4895,8.4895,8.4895,8.4895,8.4895,8.4895,8.4895,8.4895,8.4895,8.4895,8.4895,8.4895,8.4895,8.4895,8.4895,8.4895,8.4895,8.4895,8.4895,8.4895,8.4895,8.4895,8.4895,8.4895,8.4895,8.4895,8.4895,8.4895,8.4895,8.4895,8.4895,8.4895,8.4895,8.4895,8.4895,8.4895,8.4895,8.4895,8.4895,8.4895,8.4895,8.4895,8.4895,8.4895,8.4895,8.4895,8.4895,8.4895,8.4895,8.4895,8.4895,8.4895,8.4895,8.4895,8.4895,8.4895,8.4895,8.4895,8.4895,8.4895,8.4895,8.4895,8.4895,8.4895,8.4895,8.4895,8.4895,8.4895,8.4895,8.4895,8.4895,8.4895,8.4895,8.4895,8.4895,8.4895,8.4895,8.4895,8.4895,8.4895,8.4895,8.4895,8.4895,8.4895,8.4895,8.4895,8.4895,8.4895,8.4895,8.4895,8.4895,8.4895,8.4895,8.4895,8.4895,8.4895,8.4895,8.4895,8.4895,8.4895,8.4895,8.4895,8.4895,8.4895,8.4895,8.4895,8.4895,8.4895,8.4895,8.4895,8.4895,8.4895,8.4895,8.4895,8.4895,8.4895,8.4895,8.4895,8.4895,8.4895,8.4895,8.4895,8.4895,8.4895,8.4895,8.4895,8.4895,8.4895,8.4895,8.4895,8.4895,8.4895,8.4895,8.4895,8.4895,8.4895,8.4895,8.4895,8.4895,8.4895,8.4895,8.4895,8.4895,8.4895,8.4895,8.4895,8.4895,8.4895,8.4895,8.4895,8.4895,8.4895,8.4895,8.4895,8.4895,8.4895,8.4895,8.4895,8.4895,8.4895,8.4895,8.4895,8.4895,8.4895,8.4895,8.4895,8.4895,8.4895,8.4895,8.4895,8.4895,8.4895,8.4895,8.4895,8.4895,8.4895,8.4895,8.4895,8.4895,8.4895,8.4895,8.4895,8.4895,8.4895,8.4895,8.4895,8.4895,8.4895,8.4895,8.4895,8.4895,8.4895,8.4895,8.4895,8.4895,8.4895,8.4895,8.4895,8.4895,8.4895,8.4895,8.4895,8.4895,8.4895,8.4895,8.4895,8.4895,8.4895,8.4895,8.4895,8.4895,8.4895,8.4895,8.4895,8.4895,8.4895,8.4895,8.4895,8.4895,8.4895,8.4895,8.4895,8.4895,8.4895,8.4895,8.4895,8.4895,8.4895,8.4895,8.4895,8.4895,8.4895,8.4895,8.4895,8.4895,8.4895,8.4895,8.4895,8.4895,8.4895,8.4895,8.4895,8.4895,8.4895,8.4895,8.4895,8.4895,8.4895,8.4895,8.4895,8.4895,8.4895,8.4895,8.4895,8.4895,8.4895,8.4895,8.4895,8.4895,8.4895,8.4895,8.4895,8.4895,8.4895,8.4895,8.4895,8.4895,8.4895,8.4895,8.4895,8.4895,8.4895,8.4895,8.4895,8.4895,8.4895,8.4895,8.4895,8.4895,8.4895,8.4895,8.4895,8.4895,8.4895,8.4895,8.4895,8.4895,8.4895,8.4895,8.4895,8.4895,8.4895,8.4895,8.4895,8.4895,8.4895,8.4895,8.4895,8.4895,8.4895,8.4895,8.4895,8.4895,8.4895,8.4895,8.4895,8.4895,8.4895,8.4895,8.4895,8.4895,8.4895,8.4895,8.4895,8.4895,8.4895,8.4895,8.4895,8.4895,8.4895,8.4895,8.4895,8.4895,8.4895,8.4895,8.4895,8.4895,8.4895,8.4895,8.4895,8.4895,8.4895,8.4895,8.4895,8.4895,8.4895,8.4895,8.4895,8.4895,8.4895,8.4895,8.4895,8.4895,8.4895,8.4895,8.4895,8.4895,8.4895,8.4895,8.4895,8.4895,8.4895,8.4895,8.4895,8.4895
8.4818,8.4818,8.4818,8.4818,8.4818,8.4818,8.4818,8.4818,8.4818,8.4818,8.4818,8.4818,8.4818,8.4818,8.4818,8.4818,8.4818,8.4818,8.4818,8.4818,8.4818,8.4818,8.4818,8.4818,8.4818,8.4818,8.4818,8.4818,8.4818,8.4818,8.4818,8.4818,8.4818,8.4818,8.4818,8.4818,8.4818,8.4818,8.4818,8.4818,8.4818,8.4818,8.4818,8.4818,8.4818,8.4818,8.4818,8.4818,8.4818,8.4818,8.4818,8.4818,8.4818,8.4818,8.4818,8.4818,8.4818,8.4818,8.4818,8.4818,8.4818,8.4818,8.4818,8.4818,8.4818,8.4818,8.4818,8.4818,8.4818,8.4818,8.4818,8.4818,8.4818,8.4818,8.4818,8.4818,8.4818,8.4818,8.4818,8.4818,8.4818,8.4818,8.4818,8.4818,8.4818,8.4818,8.4818,8.4818,8.4818,8.4818,8.4818,8.4818,8.4818,8.4818,8.4818,8.4818,8.4818,8.4818,8.4818,8.4818,8.4818,8.4818,8.4818,8.4818,8.4818,8.4818,8.4818,8.4818,8.4818,8.4818,8.4818,8.4818,8.4818,8.4818,8.4818,8.4818,8.4818,8.4818,8.4818,8.4818,8.4818,8.4818,8.4818,8.4818,8.4818,8.4818,8.4818,8.4818,8.4818,8.4818,8.4818,8.4818,8.4818,8.4818,8.4818,8.4818,8.4818,8.4818,8.4818,8.4818,8.4818,8.4818,8.4818,8.4818,8.4818,8.4818,8.4818,8.4818,8.4818,8.4818,8.4818,8.4818,8.4818,8.4818,8.4818,8.4818,8.4818,8.4818,8.4818,8.4818,8.4818,8.4818,8.4818,8.4818,8.4818,8.4818,8.4818,8.4818,8.4818,8.4818,8.4818,8.4818,8.4818,8.4818,8.4818,8.4818,8.4818,8.4818,8.4818,8.4818,8.4818,8.4818,8.4818,8.4818,8.4818,8.4818,8.4818,8.4818,8.4818,8.4818,8.4818,8.4818,8.4818,8.4818,8.4818,8.4818,8.4818,8.4818,8.4818,8.4818,8.4818,8.4818,8.4818,8.4818,8.4818,8.4818,8.4818,8.4818,8.4818,8.4818,8.4818,8.4818,8.4818,8.4818,8.4818,8.4818,8.4818,8.4818,8.4818,8.4818,8.4818,8.4818,8.4818,8.4818,8.4818,8.4818,8.4818,8.4818,8.4818,8.4818,8.4818,8.4818,8.4818,8.4818,8.4818,8.4818,8.4818,8.4818,8.4818,8.4818,8.4818,8.4818,8.4818,8.4818,8.4818,8.4818,8.4818,8.4818,8.4818,8.4818,8.4818,8.4818,8.4818,8.4818,8.4818,8.4818,8.4818,8.4818,8.4818,8.4818,8.4818,8.4818,8.4818,8.4818,8.4818,8.4818,8.4818,8.4818,8.4818,8.4818,8.4818,8.4818,8.4818,8.4818,8.4818,8.4818,8.4818,8.4818,8.4818,8.4818,8.4818,8.4818,8.4818,8.4818,8.4818,8.4818,8.4818,8.4818,8.4818,8.4818,8.4818,8.4818,8.4818,8.4818,8.4818,8.4818,8.4818,8.4818,8.4818,8.4818,8.4818,8.4818,8.4818,8.4818,8.4818,8.4818,8.4818,8.4818,8.4818,8.4818,8.4818,8.4818,8.4818,8.4818,8.4818,8.4818,8.4818,8.4818,8.4818,8.4818,8.4818,8.4818,8.4818,8.4818,8.4818,8.4818,8.4818,8.4818,8.4818,8.4818,8.4818,8.4818,8.4818,8.4818,8.4818,8.4818,8.4818,8.4818,8.4818,8.4818,8.4818,8.4818,8.4818,8.4818,8.4818,8.4818,8.4818,8.4818,8.4818,8.4818,8.4818,8.4818,8.4818,8.4818,8.4818,8.4818,8.4818,8.4818,8.4818,8.4818,8.4818,8.4818,8.4818,8.4818,8.4818,8.4818,8.4818,8.4818,8.4818,8.4818,8.4818,8.4818,8.4818,8.4818,8.4818,8.4818,8.4818,8.4818,8.4818,8.4818,8.4818,8.4818,8.4818,8.4818,8.4818,8.4818,8.4818,8.4818,8.4818,8.4818,8.4818,8.4818,8.4818,8.4818,8.4818,8.4818,8.4818,8.4818,8.4818,8.4818,8.4818,8.4818,8.4818,8.4818,8.4818,8.4818,8.4818,8.4818,8.4818,8.4818,8.4818,8.4818,8.4818,8.4818,8.4818,8.4818,8.4818,8.4818,8.4818,8.4818,8.4818,8.4818,8.4818,8.4818,8.4818,8.4818,8.4818,8.4818,8.4818,8.4818,8.4818,8.4818,8.4818,8.4818,8.4818,8.4818,8.4818,8.4818,8.4818,8.4818,8.4818,8.4818,8.4818,8.4818,8.4818,8.4818,8.4818,8.4818,8.4818,8.4818,8.4818,8.4818,8.4818,8.4818,8.4818,8.4818,8.4818,8.4818,8.4818,8.4818,8.4818,8.4818,8.4818,8.4818,8.4818,8.4818,8.4818,8.4818,8.4818,8.4818,8.4818,8.4818,8.4818,8.4818,8.4818,8.4818,8.4818,8.4818,8.4818,8.4818,8.4818,8.4818,8.4818,8.4818,8.4818,8.4818,8.4818,8.4818,8.4818,8.4818,8.4818,8.4818,8.4818,8.4818,8.4818,8.4818,8.4818,8.4818,8.4818,8.4818,8.4818,8.4818,8.4818,8.4818,8.4818,8.4818,8.4818,8.4818,8.4818,8.4818,8.4818,8.4818,8.4818,8.4818,8.4818,8.4818,8.4818,8.4818,8.4818,8.4818,8.4818,8.4818,8.4818,8.4818,8.4818,8.4818,8.4818,8.4818,8.4818,8.4818,8.4818,8.4818,8.4818,8.4818,8.4818,8.4818,8.4818,8.4818,8.4818,8.4818,8.4818,8.4818,8.4818,8.4818,8.4818,8.4818,8.4818,8.4818,8.4818,8.4818,8.4818,8.4818,8.4818,8.4818,8.4818,8.4818,8.4818,8.4818,8.4818,8.4818,8.4818,8.4818,8.4818,8.4818,8.4818,8.4818,8.4818,8.4818,8.4818,8.4818,8.4818,8.4818,8.4818,8.4818,8.4818,8.4818,8.4818,8.4818,8.4818,8.4818,8.4818,8.4818,8.4818,8.4818,8.4818,8.4818,8.4818,8.4818,8.4818,8.4818,8.4818,8.4818,8.4818,8.4818,8.4818,8.4818,8.4818,8.4818,8.4818,8.4818,8.4818,8.4818,8.4818,8.4818,8.4818,8.4818,8.4818,8.4818,8.4818,8.4818,8.4818,8.4818,8.4818,8.4818,8.4818,8.4818,8.4818,8.4818,8.4818,8.4818,8.4818,8.4818,8.4818,8.4818,8.4818,8.4818,8.4818,8.4818,8.4818,8.4818,8.4818,8.4818,8.4818,8.4818,8.4818,8.4818,8.4818,8.4818,8.4818,8.4818,8.4818,8.4818,8.4818,8.4818,8.4818,8.4818,8.4818,8.4818,8.4818,8.4818,8.4818,8.4818,8.4818,8.4818,8.4818,8.4818,8.4818,8.4818,8.4818,8.4818,8.4818,8.4818,8.4818,8.4818,8.4818,8.4818,8.4818,8.4818,8.4818,8.4818,8.4818,8.4818,8.4818,8.4818,8.4818,8.4818,8.4818,8.4818,8.4818,8.4818,8.4818,8.4818,8.4818,8.4818,8.4818,8.4818,8.4818,8.4818,8.4818,8.4818,8.4818,8.4818,8.4818,8.4818,8.4818,8.4818,8.4818,8.4818,8.4818,8.4818,8.4818,8.4818,8.4818,8.4818,8.4818,8.4818,8.4818,8.4818,8.4818,8.4818,8.4818,8.4818,8.4818,8.4818,8.4818,8.4818,8.4818,8.4818,8.4818,8.4818,8.4818,8.4818,8.4818,8.4818,8.4818,8.4818,8.4818,8.4818,8.4818,8.4818,8.4818,8.4818,8.4818,8.4818,8.4818,8.4818,8.4818,8.4818,8.4818,8.4818,8.4818,8.4818,8.4818,8.4818,8.4818,8.4818,8.4818,8.4818,8.4818,8.4818,8.4818,8.4818,8.4818,8.4818,8.4818,8.4818,8.4818,8.4818,8.4818,8.4818,8.4818,8.4818,8.4818,8.4818,8.4818,8.4818,8.4818,8.4818,8.4818,8.4818,8.4818,8.4818,8.4818,8.4818,8.4818,8.4818,8.4818,8.4818,8.4818,8.4818,8.4818,8.4818,8.4818,8.4818,8.4818,8.4818,8.4818,8.4818,8.4818,8.4818,8.4818,8.4818,8.4818,8.4818,8.4818,8.4818,8.4818,8.4818,8.4818,8.4818,8.4818,8.4818,8.4818,8.4818,8.4818,8.4818,8.4818,8.4818,8.4818,8.4818,8.4818,8.4818,8.4818,8.4818,8.4818,8.4818,8.4818,8.4818,8.4818,8.4818,8.4818,8.4818,8.4818,8.4818,8.4818,8.4818,8.4818,8.4818,8.4818,8.4818,8.4818,8.4818,8.4818,8.4818,8.4818,8.4818,8.4818,8.4818,8.4818,8.4818,8.4818,8.4818,8.4818,8.4818,8.4818,8.4818,8.4818,8.4818,8.4818,8.4818,8.4818,8.4818,8.4818,8.4818,8.4818,8.4818,8.4818,8.4818,8.4818,8.4818,8.4818,8.4818,8.4818,8.4818,8.4818,8.4818,8.4818,8.4818,8.4818,8.4818,8.4818,8.4818,8.4818,8.4818,8.4818,8.4818,8.4818,8.4818,8.4818,8.4818,8.4818,8.4818,8.4818,8.4818,8.4818,8.4818,8.4818,8.4818,8.4818,8.4818,8.4818,8.4818,8.4818,8.4818,8.4818,8.4818,8.4818,8.4818,8.4818,8.4818,8.4818,8.4818,8.4818,8.4818,8.4818,8.4818,8.4818,8.4818,8.4818,8.4818,8.4818,8.4818,8.4818,8.4818,8.4818,8.4818,8.4818,8.4818,8.4818,8.4818,8.4818,8.4818,8.4818,8.4818,8.4818,8.4818,8.4818,8.4818,8.4818,8.4818,8.4818,8.4818,8.4818,8.4818,8.4818,8.4818,8.4818,8.4818,8.4818,8.4818,8.4818,8.4818,8.4818,8.4818,8.4818,8.4818,8.4818,8.4818,8.4818,8.4818,8.4818,8.4818,8.4818,8.4818,8.4818,8.4818,8.4818,8.4818,8.4818,8.4818
8.4737,8.4737,8.4737,8.4737,8.4737,8.4737,8.4737,8.4737,8.4737,8.4737,8.4737,8.4737,8.4737,8.4737,8.4737,8.4737,8.4737,8.4737,8.4737,8.4737,8.4737,8.4737,8.4737,8.4737,8.4737,8.4737,8.4737,8.4737,8.4737,8.4737,8.4737,8.4737,8.4737,8.4737,8.4737,8.4737,8.4737,8.4737,8.4737,8.4737,8.4737,8.4737,8.4737,8.4737,8.4737,8.4737,8.4737,8.4737,8.4737,8.4737,8.4737,8.4737,8.4737,8.4737,8.4737,8.4737,8.4737,8.4737,8.4737,8.4737,8.4737,8.4737,8.4737,8.4737,8.4737,8.4737,8.4737,8.4737,8.4737,8.4737,8.4737,8.4737,8.4737,8.4737,8.4737,8.4737,8.4737,8.4737,8.4737,8.4737,8.4737,8.4737,8.4737,8.4737,8.4737,8.4737,8.4737,8.4737,8.4737,8.4737,8.4737,8.4737,8.4737,8.4737,8.4737,8.4737,8.4737,8.4737,8.4737,8.4737,8.4737,8.4737,8.4737,8.4737,8.4737,8.4737,8.4737,8.4737,8.4737,8.4737,8.4737,8.4737,8.4737,8.4737,8.4737,8.4737,8.4737,8.4737,8.4737,8.4737,8.4737,8.4737,8.4737,8.4737,8.4737,8.4737,8.4737,8.4737,8.4737,8.4737,8.4737,8.4737,8.4737,8.4737,8.4737,8.4737,8.4737,8.4737,8.4737,8.4737,8.4737,8.4737,8.4737,8.4737,8.4737,8.4737,8.4737,8.4737,8.4737,8.4737,8.4737,8.4737,8.4737,8.4737,8.4737,8.4737,8.4737,8.4737,8.4737,8.4737,8.4737,8.4737,8.4737,8.4737,8.4737,8.4737,8.4737,8.4737,8.4737,8.4737,8.4737,8.4737,8.4737,8.4737,8.4737,8.4737,8.4737,8.4737,8.4737,8.4737,8.4737,8.4737,8.4737,8.4737,8.4737,8.4737,8.4737,8.4737,8.4737,8.4737,8.4737,8.4737,8.4737,8.4737,8.4737,8.4737,8.4737,8.4737,8.4737,8.4737,8.4737,8.4737,8.4737,8.4737,8.4737,8.4737,8.4737,8.4737,8.4737,8.4737,8.4737,8.4737,8.4737,8.4737,8.4737,8.4737,8.4737,8.4737,8.4737,8.4737,8.4737,8.4737,8.4737,8.4737,8.4737,8.4737,8.4737,8.4737,8.4737,8.4737,8.4737,8.4737,8.4737,8.4737,8.4737,8.4737,8.4737,8.4737,8.4737,8.4737,8.4737,8.4737,8.4737,8.4737,8.4737,8.4737,8.4737,8.4737,8.4737,8.4737,8.4737,8.4737,8.4737,8.4737,8.4737,8.4737,8.4737,8.4737,8.4737,8.4737,8.4737,8.4737,8.4737,8.4737,8.4737,8.4737,8.4737,8.4737,8.4737,8.4737,8.4737,8.4737,8.4737,8.4737,8.4737,8.4737,8.4737,8.4737,8.4737,8.4737,8.4737,8.4737,8.4737,8.4737,8.4737,8.4737,8.4737,8.4737,8.4737,8.4737,8.4737,8.4737,8.4737,8.4737,8.4737,8.4737,8.4737,8.4737,8.4737,8.4737,8.4737,8.4737,8.4737,8.4737,8.4737,8.4737,8.4737,8.4737,8.4737,8.4737,8.4737,8.4737,8.4737,8.4737,8.4737,8.4737,8.4737,8.4737,8.4737,8.4737,8.4737,8.4737,8.4737,8.4737,8.4737,8.4737,8.4737,8.4737,8.4737,8.4737,8.4737,8.4737,8.4737,8.4737,8.4737,8.4737,8.4737,8.4737,8.4737,8.4737,8.4737,8.4737,8.4737,8.4737,8.4737,8.4737,8.4737,8.4737,8.4737,8.4737,8.4737,8.4737,8.4737,8.4737,8.4737,8.4737,8.4737,8.4737,8.4737,8.4737,8.4737,8.4737,8.4737,8.4737,8.4737,8.4737,8.4737,8.4737,8.4737,8.4737,8.4737,8.4737,8.4737,8.4737,8.4737,8.4737,8.4737,8.4737,8.4737,8.4737,8.4737,8.4737,8.4737,8.4737,8.4737,8.4737,8.4737,8.4737,8.4737,8.4737,8.4737,8.4737,8.4737,8.4737,8.4737,8.4737,8.4737,8.4737,8.4737,8.4737,8.4737,8.4737,8.4737,8.4737,8.4737,8.4737,8.4737,8.4737,8.4737,8.4737,8.4737,8.4737,8.4737,8.4737,8.4737,8.4737,8.4737,8.4737,8.4737,8.4737,8.4737,8.4737,8.4737,8.4737,8.4737,8.4737,8.4737,8.4737,8.4737,8.4737,8.4737,8.4737,8.4737,8.4737,8.4737,8.4737,8.4737,8.4737,8.4737,8.4737,8.4737,8.4737,8.4737,8.4737,8.4737,8.4737,8.4737,8.4737,8.4737,8.4737,8.4737,8.4737,8.4737,8.4737,8.4737,8.4737,8.4737,8.4737,8.4737,8.4737,8.4737,8.4737,8.4737,8.4737,8.4737,8.4737,8.4737,8.4737,8.4737,8.4737,8.4737,8.4737,8.4737,8.4737,8.4737,8.4737,8.4737,8.4737,8.4737,8.4737,8.4737,8.4737,8.4737,8.4737,8.4737,8.4737,8.4737,8.4737,8.4737,8.4737,8.4737,8.4737,8.4737,8.4737,8.4737,8.4737,8.4737,8.4737,8.4737,8.4737,8.4737,8.4737,8.4737,8.4737,8.4737,8.4737,8.4737,8.4737,8.4737,8.4737,8.4737,8.4737,8.4737,8.4737,8.4737,8.4737,8.4737,8.4737,8.4737,8.4737,8.4737,8.4737,8.4737,8.4737,8.4737,8.4737,8.4737,8.4737,8.4737,8.4737,8.4737,8.4737,8.4737,8.4737,8.4737,8.4737,8.4737,8.4737,8.4737,8.4737,8.4737,8.4737,8.4737,8.4737,8.4737,8.4737,8.4737,8.4737,8.4737,8.4737,8.4737,8.4737,8.4737,8.4737,8.4737,8.4737,8.4737,8.4737,8.4737,8.4737,8.4737,8.4737,8.4737,8.4737,8.4737,8.4737,8.4737,8.4737,8.4737,8.4737,8.4737,8.4737,8.4737,8.4737,8.4737,8.4737,8.4737,8.4737,8.4737,8.4737,8.4737,8.4737,8.4737,8.4737,8.4737,8.4737,8.4737,8.4737,8.4737,8.4737,8.4737,8.4737,8.4737,8.4737,8.4737,8.4737,8.4737,8.4737,8.4737,8.4737,8.4737,8.4737,8.4737,8.4737,8.4737,8.4737,8.4737,8.4737,8.4737,8.4737,8.4737,8.4737,8.4737,8.4737,8.4737,8.4737,8.4737,8.4737,8.4737,8.4737,8.4737,8.4737,8.4737,8.4737,8.4737,8.4737,8.4737,8.4737,8.4737,8.4737,8.4737,8.4737,8.4737,8.4737,8.4737,8.4737,8.4737,8.4737,8.4737,8.4737,8.4737,8.4737,8.4737,8.4737,8.4737,8.4737,8.4737,8.4737,8.4737,8.4737,8.4737,8.4737,8.4737,8.4737,8.4737,8.4737,8.4737,8.4737,8.4737,8.4737,8.4737,8.4737,8.4737,8.4737,8.4737,8.4737,8.4737,8.4737,8.4737,8.4737,8.4737,8.4737,8.4737,8.4737,8.4737,8.4737,8.4737,8.4737,8.4737,8.4737,8.4737,8.4737,8.4737,8.4737,8.4737,8.4737,8.4737,8.4737,8.4737,8.4737,8.4737,8.4737,8.4737,8.4737,8.4737,8.4737,8.4737,8.4737,8.4737,8.4737,8.4737,8.4737,8.4737,8.4737,8.4737,8.4737,8.4737,8.4737,8.4737,8.4737,8.4737,8.4737,8.4737,8.4737,8.4737,8.4737,8.4737,8.4737,8.4737,8.4737,8.4737,8.4737,8.4737,8.4737,8.4737,8.4737,8.4737,8.4737,8.4737,8.4737,8.4737,8.4737,8.4737,8.4737,8.4737,8.4737,8.4737,8.4737,8.4737,8.4737,8.4737,8.4737,8.4737,8.4737,8.4737,8.4737,8.4737,8.4737,8.4737,8.4737,8.4737,8.4737,8.4737,8.4737,8.4737,8.4737,8.4737,8.4737,8.4737,8.4737,8.4737,8.4737,8.4737,8.4737,8.4737,8.4737,8.4737,8.4737,8.4737,8.4737,8.4737,8.4737,8.4737,8.4737,8.4737,8.4737,8.4737,8.4737,8.4737,8.4737,8.4737,8.4737,8.4737,8.4737,8.4737,8.4737,8.4737,8.4737,8.4737,8.4737,8.4737,8.4737,8.4737,8.4737,8.4737,8.4737,8.4737,8.4737,8.4737,8.4737,8.4737,8.4737,8.4737,8.4737,8.4737,8.4737,8.4737,8.4737,8.4737,8.4737,8.4737,8.4737,8.4737,8.4737,8.4737,8.4737,8.4737,8.4737,8.4737,8.4737,8.4737,8.4737,8.4737,8.4737,8.4737,8.4737,8.4737,8.4737,8.4737,8.4737,8.4737,8.4737,8.4737,8.4737,8.4737,8.4737,8.4737,8.4737,8.4737,8.4737,8.4737,8.4737,8.4737,8.4737,8.4737,8.4737,8.4737,8.4737,8.4737,8.4737,8.4737,8.4737,8.4737,8.4737,8.4737,8.4737,8.4737,8.4737,8.4737,8.4737,8.4737,8.4737,8.4737,8.4737,8.4737,8.4737,8.4737,8.4737,8.4737,8.4737,8.4737,8.4737,8.4737,8.4737,8.4737,8.4737,8.4737,8.4737,8.4737,8.4737,8.4737,8.4737,8.4737,8.4737,8.4737,8.4737,8.4737,8.4737,8.4737,8.4737,8.4737,8.4737,8.4737,8.4737,8.4737,8.4737,8.4737,8.4737,8.4737,8.4737,8.4737,8.4737,8.4737,8.4737,8.4737,8.4737,8.4737,8.4737,8.4737,8.4737,8.4737,8.4737,8.4737,8.4737,8.4737,8.4737,8.4737,8.4737,8.4737,8.4737,8.4737,8.4737,8.4737,8.4737,8.4737,8.4737,8.4737,8.4737,8.4737,8.4737,8.4737,8.4737,8.4737,8.4737,8.4737,8.4737,8.4737,8.4737,8.4737,8.4737,8.4737,8.4737,8.4737,8.4737,8.4737,8.4737,8.4737,8.4737,8.4737,8.4737,8.4737,8.4737,8.4737,8.4737,8.4737,8.4737,8.4737,8.4737,8.4737,8.4737
8.4656,8.4656,8.4656,8.4656,8.4656,8.4656,8.4656,8.4656,8.4656,8.4656,8.4656,8.4656,8.4656,8.4656,8.4656,8.4656,8.4656,8.4656,8.4656,8.4656,8.4656,8.4656,8.4656,8.4656,8.4656,8.4656,8.4656,8.4656,8.4656,8.4656,8.4656,8.4656,8.4656,8.4656,8.4656,8.4656,8.4656,8.4656,8.4656,8.4656,8.4656,8.4656,8.4656,8.4656,8.4656,8.4656,8.4656,8.4656,8.4656,8.4656,8.4656,8.4656,8.4656,8.4656,8.4656,8.4656,8.4656,8.4656,8.4656,8.4656,8.4656,8.4656,8.4656,8.4656,8.4656,8.4656,8.4656,8.4656,8.4656,8.4656,8.4656,8.4656,8.4656,8.4656,8.4656,8.4656,8.4656,8.4656,8.4656,8.4656,8.4656,8.4656,8.4656,8.4656,8.4656,8.4656,8.4656,8.4656,8.4656,8.4656,8.4656,8.4656,8.4656,8.4656,8.4656,8.4656,8.4656,8.4656,8.4656,8.4656,8.4656,8.4656,8.4656,8.4656,8.4656,8.4656,8.4656,8.4656,8.4656,8.4656,8.4656,8.4656,8.4656,8.4656,8.4656,8.4656,8.4656,8.4656,8.4656,8.4656,8.4656,8.4656,8.4656,8.4656,8.4656,8.4656,8.4656,8.4656,8.4656,8.4656,8.4656,8.4656,8.4656,8.4656,8.4656,8.4656,8.4656,8.4656,8.4656,8.4656,8.4656,8.4656,8.4656,8.4656,8.4656,8.4656,8.4656,8.4656,8.4656,8.4656,8.4656,8.4656,8.4656,8.4656,8.4656,8.4656,8.4656,8.4656,8.4656,8.4656,8.4656,8.4656,8.4656,8.4656,8.4656,8.4656,8.4656,8.4656,8.4656,8.4656,8.4656,8.4656,8.4656,8.4656,8.4656,8.4656,8.4656,8.4656,8.4656,8.4656,8.4656,8.4656,8.4656,8.4656,8.4656,8.4656,8.4656,8.4656,8.4656,8.4656,8.4656,8.4656,8.4656,8.4656,8.4656,8.4656,8.4656,8.4656,8.4656,8.4656,8.4656,8.4656,8.4656,8.4656,8.4656,8.4656,8.4656,8.4656,8.4656,8.4656,8.4656,8.4656,8.4656,8.4656,8.4656,8.4656,8.4656,8.4656,8.4656,8.4656,8.4656,8.4656,8.4656,8.4656,8.4656,8.4656,8.4656,8.4656,8.4656,8.4656,8.4656,8.4656,8.4656,8.4656,8.4656,8.4656,8.4656,8.4656,8.4656,8.4656,8.4656,8.4656,8.4656,8.4656,8.4656,8.4656,8.4656,8.4656,8.4656,8.4656,8.4656,8.4656,8.4656,8.4656,8.4656,8.4656,8.4656,8.4656,8.4656,8.4656,8.4656,8.4656,8.4656,8.4656,8.4656,8.4656,8.4656,8.4656,8.4656,8.4656,8.4656,8.4656,8.4656,8.4656,8.4656,8.4656,8.4656,8.4656,8.4656,8.4656,8.4656,8.4656,8.4656,8.4656,8.4656,8.4656,8.4656,8.4656,8.4656,8.4656,8.4656,8.4656,8.4656,8.4656,8.4656,8.4656,8.4656,8.4656,8.4656,8.4656,8.4656,8.4656,8.4656,8.4656,8.4656,8.4656,8.4656,8.4656,8.4656,8.4656,8.4656,8.4656,8.4656,8.4656,8.4656,8.4656,8.4656,8.4656,8.4656,8.4656,8.4656,8.4656,8.4656,8.4656,8.4656,8.4656,8.4656,8.4656,8.4656,8.4656,8.4656,8.4656,8.4656,8.4656,8.4656,8.4656,8.4656,8.4656,8.4656,8.4656,8.4656,8.4656,8.4656,8.4656,8.4656,8.4656,8.4656,8.4656,8.4656,8.4656,8.4656,8.4656,8.4656,8.4656,8.4656,8.4656,8.4656,8.4656,8.4656,8.4656,8.4656,8.4656,8.4656,8.4656,8.4656,8.4656,8.4656,8.4656,8.4656,8.4656,8.4656,8.4656,8.4656,8.4656,8.4656,8.4656,8.4656,8.4656,8.4656,8.4656,8.4656,8.4656,8.4656,8.4656,8.4656,8.4656,8.4656,8.4656,8.4656,8.4656,8.4656,8.4656,8.4656,8.4656,8.4656,8.4656,8.4656,8.4656,8.4656,8.4656,8.4656,8.4656,8.4656,8.4656,8.4656,8.4656,8.4656,8.4656,8.4656,8.4656,8.4656,8.4656,8.4656,8.4656,8.4656,8.4656,8.4656,8.4656,8.4656,8.4656,8.4656,8.4656,8.4656,8.4656,8.4656,8.4656,8.4656,8.4656,8.4656,8.4656,8.4656,8.4656,8.4656,8.4656,8.4656,8.4656,8.4656,8.4656,8.4656,8.4656,8.4656,8.4656,8.4656,8.4656,8.4656,8.4656,8.4656,8.4656,8.4656,8.4656,8.4656,8.4656,8.4656,8.4656,8.4656,8.4656,8.4656,8.4656,8.4656,8.4656,8.4656,8.4656,8.4656,8.4656,8.4656,8.4656,8.4656,8.4656,8.4656,8.4656,8.4656,8.4656,8.4656,8.4656,8.4656,8.4656,8.4656,8.4656,8.4656,8.4656,8.4656,8.4656,8.4656,8.4656,8.4656,8.4656,8.4656,8.4656,8.4656,8.4656,8.4656,8.4656,8.4656,8.4656,8.4656,8.4656,8.4656,8.4656,8.4656,8.4656,8.4656,8.4656,8.4656,8.4656,8.4656,8.4656,8.4656,8.4656,8.4656,8.4656,8.4656,8.4656,8.4656,8.4656,8.4656,8.4656,8.4656,8.4656,8.4656,8.4656,8.4656,8.4656,8.4656,8.4656,8.4656,8.4656,8.4656,8.4656,8.4656,8.4656,8.4656,8.4656,8.4656,8.4656,8.4656,8.4656,8.4656,8.4656,8.4656,8.4656,8.4656,8.4656,8.4656,8.4656,8.4656,8.4656,8.4656,8.4656,8.4656,8.4656,8.4656,8.4656,8.4656,8.4656,8.4656,8.4656,8.4656,8.4656,8.4656,8.4656,8.4656,8.4656,8.4656,8.4656,8.4656,8.4656,8.4656,8.4656,8.4656,8.4656,8.4656,8.4656,8.4656,8.4656,8.4656,8.4656,8.4656,8.4656,8.4656,8.4656,8.4656,8.4656,8.4656,8.4656,8.4656,8.4656,8.4656,8.4656,8.4656,8.4656,8.4656,8.4656,8.4656,8.4656,8.4656,8.4656,8.4656,8.4656,8.4656,8.4656,8.4656,8.4656,8.4656,8.4656,8.4656,8.4656,8.4656,8.4656,8.4656,8.4656,8.4656,8.4656,8.4656,8.4656,8.4656,8.4656,8.4656,8.4656,8.4656,8.4656,8.4656,8.4656,8.4656,8.4656,8.4656,8.4656,8.4656,8.4656,8.4656,8.4656,8.4656,8.4656,8.4656,8.4656,8.4656,8.4656,8.4656,8.4656,8.4656,8.4656,8.4656,8.4656,8.4656,8.4656,8.4656,8.4656,8.4656,8.4656,8.4656,8.4656,8.4656,8.4656,8.4656,8.4656,8.4656,8.4656,8.4656,8.4656,8.4656,8.4656,8.4656,8.4656,8.4656,8.4656,8.4656,8.4656,8.4656,8.4656,8.4656,8.4656,8.4656,8.4656,8.4656,8.4656,8.4656,8.4656,8.4656,8.4656,8.4656,8.4656,8.4656,8.4656,8.4656,8.4656,8.4656,8.4656,8.4656,8.4656,8.4656,8.4656,8.4656,8.4656,8.4656,8.4656,8.4656,8.4656,8.4656,8.4656,8.4656,8.4656,8.4656,8.4656,8.4656,8.4656,8.4656,8.4656,8.4656,8.4656,8.4656,8.4656,8.4656,8.4656,8.4656,8.4656,8.4656,8.4656,8.4656,8.4656,8.4656,8.4656,8.4656,8.4656,8.4656,8.4656,8.4656,8.4656,8.4656,8.4656,8.4656,8.4656,8.4656,8.4656,8.4656,8.4656,8.4656,8.4656,8.4656,8.4656,8.4656,8.4656,8.4656,8.4656,8.4656,8.4656,8.4656,8.4656,8.4656,8.4656,8.4656,8.4656,8.4656,8.4656,8.4656,8.4656,8.4656,8.4656,8.4656,8.4656,8.4656,8.4656,8.4656,8.4656,8.4656,8.4656,8.4656,8.4656,8.4656,8.4656,8.4656,8.4656,8.4656,8.4656,8.4656,8.4656,8.4656,8.4656,8.4656,8.4656,8.4656,8.4656,8.4656,8.4656,8.4656,8.4656,8.4656,8.4656,8.4656,8.4656,8.4656,8.4656,8.4656,8.4656,8.4656,8.4656,8.4656,8.4656,8.4656,8.4656,8.4656,8.4656,8.4656,8.4656,8.4656,8.4656,8.4656,8.4656,8.4656,8.4656,8.4656,8.4656,8.4656,8.4656,8.4656,8.4656,8.4656,8.4656,8.4656,8.4656,8.4656,8.4656,8.4656,8.4656,8.4656,8.4656,8.4656,8.4656,8.4656,8.4656,8.4656,8.4656,8.4656,8.4656,8.4656,8.4656,8.4656,8.4656,8.4656,8.4656,8.4656,8.4656,8.4656,8.4656,8.4656,8.4656,8.4656,8.4656,8.4656,8.4656,8.4656,8.4656,8.4656,8.4656,8.4656,8.4656,8.4656,8.4656,8.4656,8.4656,8.4656,8.4656,8.4656,8.4656,8.4656,8.4656,8.4656,8.4656,8.4656,8.4656,8.4656,8.4656,8.4656,8.4656,8.4656,8.4656,8.4656,8.4656,8.4656,8.4656,8.4656,8.4656,8.4656,8.4656,8.4656,8.4656,8.4656,8.4656,8.4656,8.4656,8.4656,8.4656,8.4656,8.4656,8.4656,8.4656,8.4656,8.4656,8.4656,8.4656,8.4656,8.4656,8.4656,8.4656,8.4656,8.4656,8.4656,8.4656,8.4656,8.4656,8.4656,8.4656,8.4656,8.4656,8.4656,8.4656,8.4656,8.4656,8.4656,8.4656,8.4656,8.4656,8.4656,8.4656,8.4656,8.4656,8.4656,8.4656,8.4656,8.4656,8.4656,8.4656,8.4656,8.4656,8.4656,8.4656,8.4656,8.4656,8.4656,8.4656,8.4656,8.4656,8.4656,8.4656,8.4656,8.4656,8.4656,8.4656,8.4656,8.4656,8.4656,8.4656,8.4656,8.4656,8.4656,8.4656,8.4656,8.4656,8.4656,8.4656,8.4656,8.4656
8.4570,8.4570,8.4570,8.4570,8.4570,8.4570,8.4570,8.4570,8.4570,8.4570,8.4570,8.4570,8.4570,8.4570,8.4570,8.4570,8.4570,8.4570,8.4570,8.4570,8.4570,8.4570,8.4570,8.4575,8.4575,8.4575,8.4575,8.4575,8.4575,8.4575,8.4575,8.4575,8.4575,8.4575,8.4575,8.4575,8.4575,8.4575,8.4575,8.4575,8.4575,8.4575,8.4575,8.4575,8.4575,8.4575,8.4575,8.4575,8.4575,8.4575,8.4575,8.4575,8.4575,8.4575,8.4575,8.4575,8.4575,8.4575,8.4575,8.4575,8.4575,8.4575,8.4575,8.4575,8.4575,8.4575,8.4575,8.4575,8.4575,8.4575,8.4575,8.4575,8.4575,8.4575,8.4575,8.4575,8.4575,8.4575,8.4575,8.4575,8.4575,8.4575,8.4575,8.4575,8.4575,8.4575,8.4575,8.4575,8.4575,8.4575,8.4575,8.4575,8.4575,8.4575,8.4575,8.4575,8.4575,8.4575,8.4575,8.4575,8.4575,8.4575,8.4575,8.4575,8.4575,8.4575,8.4575,8.4575,8.4575,8.4575,8.4575,8.4575,8.4575,8.4575,8.4575,8.4575,8.4575,8.4575,8.4575,8.4575,8.4575,8.4575,8.4575,8.4575,8.4575,8.4575,8.4575,8.4575,8.4575,8.4575,8.4575,8.4575,8.4575,8.4575,8.4575,8.4575,8.4575,8.4575,8.4575,8.4575,8.4575,8.4575,8.4575,8.4575,8.4575,8.4575,8.4575,8.4575,8.4575,8.4575,8.4575,8.4575,8.4575,8.4575,8.4575,8.4575,8.4575,8.4575,8.4575,8.4575,8.4575,8.4575,8.4575,8.4575,8.4575,8.4575,8.4575,8.4575,8.4575,8.4575,8.4575,8.4575,8.4575,8.4575,8.4575,8.4575,8.4575,8.4575,8.4575,8.4575,8.4575,8.4575,8.4575,8.4575,8.4575,8.4575,8.4575,8.4575,8.4575,8.4575,8.4575,8.4575,8.4575,8.4575,8.4575,8.4575,8.4575,8.4575,8.4575,8.4575,8.4575,8.4575,8.4575,8.4575,8.4575,8.4575,8.4575,8.4575,8.4575,8.4575,8.4575,8.4575,8.4575,8.4575,8.4575,8.4575,8.4575,8.4575,8.4575,8.4575,8.4575,8.4575,8.4575,8.4575,8.4575,8.4575,8.4575,8.4575,8.4575,8.4575,8.4575,8.4575,8.4575,8.4575,8.4575,8.4575,8.4575,8.4575,8.4575,8.4575,8.4575,8.4575,8.4575,8.4575,8.4575,8.4575,8.4575,8.4575,8.4575,8.4575,8.4575,8.4575,8.4575,8.4575,8.4575,8.4575,8.4575,8.4575,8.4575,8.4575,8.4575,8.4575,8.4575,8.4575,8.4575,8.4575,8.4575,8.4575,8.4575,8.4575,8.4575,8.4575,8.4575,8.4575,8.4575,8.4575,8.4575,8.4575,8.4575,8.4575,8.4575,8.4575,8.4575,8.4575,8.4575,8.4575,8.4575,8.4575,8.4575,8.4575,8.4575,8.4575,8.4575,8.4575,8.4575,8.4575,8.4575,8.4575,8.4575,8.4575,8.4575,8.4575,8.4575,8.4575,8.4575,8.4575,8.4575,8.4575,8.4575,8.4575,8.4575,8.4575,8.4575,8.4575,8.4575,8.4575,8.4575,8.4575,8.4575,8.4575,8.4575,8.4575,8.4575,8.4575,8.4575,8.4575,8.4575,8.4575,8.4575,8.4575,8.4575,8.4575,8.4575,8.4575,8.4575,8.4575,8.4575,8.4575,8.4575,8.4575,8.4575,8.4575,8.4575,8.4575,8.4575,8.4575,8.4575,8.4575,8.4575,8.4575,8.4575,8.4575,8.4575,8.4575,8.4575,8.4575,8.4575,8.4575,8.4575,8.4575,8.4575,8.4575,8.4575,8.4575,8.4575,8.4575,8.4575,8.4575,8.4575,8.4575,8.4575,8.4575,8.4575,8.4575,8.4575,8.4575,8.4575,8.4575,8.4575,8.4575,8.4575,8.4575,8.4575,8.4575,8.4575,8.4575,8.4575,8.4575,8.4575,8.4575,8.4575,8.4575,8.4575,8.4575,8.4575,8.4575,8.4575,8.4575,8.4575,8.4575,8.4575,8.4575,8.4575,8.4575,8.4575,8.4575,8.4575,8.4575,8.4575,8.4575,8.4575,8.4575,8.4575,8.4575,8.4575,8.4575,8.4575,8.4575,8.4575,8.4575,8.4575,8.4575,8.4575,8.4575,8.4575,8.4575,8.4575,8.4575,8.4575,8.4575,8.4575,8.4575,8.4575,8.4575,8.4575,8.4575,8.4575,8.4575,8.4575,8.4575,8.4575,8.4575,8.4575,8.4575,8.4575,8.4575,8.4575,8.4575,8.4575,8.4575,8.4575,8.4575,8.4575,8.4575,8.4575,8.4575,8.4575,8.4575,8.4575,8.4575,8.4575,8.4575,8.4575,8.4575,8.4575,8.4575,8.4575,8.4575,8.4575,8.4575,8.4575,8.4575,8.4575,8.4575,8.4575,8.4575,8.4575,8.4575,8.4575,8.4575,8.4575,8.4575,8.4575,8.4575,8.4575,8.4575,8.4575,8.4575,8.4575,8.4575,8.4575,8.4575,8.4575,8.4575,8.4575,8.4575,8.4575,8.4575,8.4575,8.4575,8.4575,8.4575,8.4575,8.4575,8.4575,8.4575,8.4575,8.4575,8.4575,8.4575,8.4575,8.4575,8.4575,8.4575,8.4575,8.4575,8.4575,8.4575,8.4575,8.4575,8.4575,8.4575,8.4575,8.4575,8.4575,8.4575,8.4575,8.4575,8.4575,8.4575,8.4575,8.4575,8.4575,8.4575,8.4575,8.4575,8.4575,8.4575,8.4575,8.4575,8.4575,8.4575,8.4575,8.4575,8.4575,8.4575,8.4575,8.4575,8.4575,8.4575,8.4575,8.4575,8.4575,8.4575,8.4575,8.4575,8.4575,8.4575,8.4575,8.4575,8.4575,8.4575,8.4575,8.4575,8.4575,8.4575,8.4575,8.4575,8.4575,8.4575,8.4575,8.4575,8.4575,8.4575,8.4575,8.4575,8.4575,8.4575,8.4575,8.4575,8.4575,8.4575,8.4575,8.4575,8.4575,8.4575,8.4575,8.4575,8.4575,8.4575,8.4575,8.4575,8.4575,8.4575,8.4575,8.4575,8.4575,8.4575,8.4575,8.4575,8.4575,8.4575,8.4575,8.4575,8.4575,8.4575,8.4575,8.4575,8.4575,8.4575,8.4575,8.4575,8.4575,8.4575,8.4575,8.4575,8.4575,8.4575,8.4575,8.4575,8.4575,8.4575,8.4575,8.4575,8.4575,8.4575,8.4575,8.4575,8.4575,8.4575,8.4575,8.4575,8.4575,8.4575,8.4575,8.4575,8.4575,8.4575,8.4575,8.4575,8.4575,8.4575,8.4575,8.4575,8.4575,8.4575,8.4575,8.4575,8.4575,8.4575,8.4575,8.4575,8.4575,8.4575,8.4575,8.4575,8.4575,8.4575,8.4575,8.4575,8.4575,8.4575,8.4575,8.4575,8.4575,8.4575,8.4575,8.4575,8.4575,8.4575,8.4575,8.4575,8.4575,8.4575,8.4575,8.4575,8.4575,8.4575,8.4575,8.4575,8.4575,8.4575,8.4575,8.4575,8.4575,8.4575,8.4575,8.4575,8.4575,8.4575,8.4575,8.4575,8.4575,8.4575,8.4575,8.4575,8.4575,8.4575,8.4575,8.4575,8.4575,8.4575,8.4575,8.4575,8.4575,8.4575,8.4575,8.4575,8.4575,8.4575,8.4575,8.4575,8.4575,8.4575,8.4575,8.4575,8.4575,8.4575,8.4575,8.4575,8.4575,8.4575,8.4575,8.4575,8.4575,8.4575,8.4575,8.4575,8.4575,8.4575,8.4575,8.4575,8.4575,8.4575,8.4575,8.4575,8.4575,8.4575,8.4575,8.4575,8.4575,8.4575,8.4575,8.4575,8.4575,8.4575,8.4575,8.4575,8.4575,8.4575,8.4575,8.4575,8.4575,8.4575,8.4575,8.4575,8.4575,8.4575,8.4575,8.4575,8.4575,8.4575,8.4575,8.4575,8.4575,8.4575,8.4575,8.4575,8.4575,8.4575,8.4575,8.4575,8.4575,8.4575,8.4575,8.4575,8.4575,8.4575,8.4575,8.4575,8.4575,8.4575,8.4575,8.4575,8.4575,8.4575,8.4575,8.4575,8.4575,8.4575,8.4575,8.4575,8.4575,8.4575,8.4575,8.4575,8.4575,8.4575,8.4575,8.4575,8.4575,8.4575,8.4575,8.4575,8.4575,8.4575,8.4575,8.4575,8.4575,8.4575,8.4575,8.4575,8.4575,8.4575,8.4575,8.4575,8.4575,8.4575,8.4575,8.4575,8.4575,8.4575,8.4575,8.4575,8.4575,8.4575,8.4575,8.4575,8.4575,8.4575,8.4575,8.4575,8.4575,8.4575,8.4575,8.4575,8.4575,8.4575,8.4575,8.4575,8.4575,8.4575,8.4575,8.4575,8.4575,8.4575,8.4575,8.4575,8.4575,8.4575,8.4575,8.4575,8.4575,8.4575,8.4575,8.4575,8.4575,8.4575,8.4575,8.4575,8.4575,8.4575,8.4575,8.4575,8.4575,8.4575,8.4575,8.4575,8.4575,8.4575,8.4575,8.4575,8.4575,8.4575,8.4575,8.4575,8.4575,8.4575,8.4575,8.4575,8.4575,8.4575,8.4575,8.4575,8.4575,8.4575,8.4575,8.4575,8.4575,8.4575,8.4575,8.4575,8.4575,8.4575,8.4575,8.4575,8.4575,8.4575,8.4575,8.4575,8.4575,8.4575,8.4575,8.4575,8.4575,8.4575,8.4575,8.4575,8.4575,8.4575,8.4575,8.4575,8.4575,8.4575,8.4575,8.4575,8.4575,8.4575,8.4575,8.4575,8.4575,8.4575,8.4575,8.4575,8.4575,8.4575,8.4575,8.4575,8.4575,8.4575,8.4575,8.4575,8.4575,8.4575,8.4575,8.4575,8.4575,8.4575,8.4575,8.4575,8.4575,8.4575,8.4575,8.4575,8.4575,8.4575,8.4575,8.4575,8.4575,8.4575,8.4575,8.4575,8.4575,8.4575,8.4575,8.4575,8.4575,8.4575,8.4575,8.4575
8.4490,8.4490,8.4490,8.4490,8.4490,8.4490,8.4490,8.4490,8.4490,8.4490,8.4490,8.4490,8.4490,8.4490,8.4490,8.4490,8.4490,8.4490,8.4490,8.4490,8.4490,8.4490,8.4490,8.4490,8.4490,8.4490,8.4490,8.4490,8.4490,8.4490,8.4490,8.4490,8.4490,8.4490,8.4490,8.4490,8.4490,8.4490,8.4490,8.4490,8.4490,8.4490,8.4490,8.4490,8.4490,8.4490,8.4490,8.4490,8.4490,8.4490,8.4490,8.4490,8.4490,8.4490,8.4490,8.4490,8.4490,8.4490,8.4490,8.4490,8.4490,8.4490,8.4490,8.4490,8.4490,8.4490,8.4490,8.4490,8.4490,8.4490,8.4490,8.4490,8.4490,8.4490,8.4490,8.4490,8.4490,8.4490,8.4490,8.4490,8.4490,8.4490,8.4490,8.4490,8.4490,8.4490,8.4490,8.4490,8.4490,8.4490,8.4490,8.4490,8.4490,8.4490,8.4490,8.4490,8.4490,8.4490,8.4490,8.4490,8.4490,8.4490,8.4490,8.4490,8.4490,8.4490,8.4490,8.4490,8.4490,8.4490,8.4490,8.4490,8.4490,8.4490,8.4490,8.4490,8.4490,8.4490,8.4490,8.4490,8.4490,8.4490,8.4490,8.4490,8.4490,8.4490,8.4490,8.4490,8.4490,8.4490,8.4490,8.4490,8.4490,8.4490,8.4490,8.4490,8.4490,8.4490,8.4490,8.4490,8.4490,8.4490,8.4490,8.4490,8.4490,8.4490,8.4490,8.4490,8.4490,8.4490,8.4490,8.4490,8.4490,8.4490,8.4490,8.4490,8.4490,8.4490,8.4490,8.4490,8.4490,8.4490,8.4490,8.4490,8.4490,8.4490,8.4490,8.4490,8.4490,8.4490,8.4490,8.4490,8.4490,8.4490,8.4490,8.4490,8.4490,8.4490,8.4490,8.4490,8.4490,8.4490,8.4490,8.4490,8.4490,8.4490,8.4490,8.4490,8.4490,8.4490,8.4490,8.4490,8.4490,8.4490,8.4490,8.4490,8.4490,8.4490,8.4490,8.4490,8.4490,8.4494,8.4494,8.4494,8.4494,8.4494,8.4494,8.4494,8.4494,8.4494,8.4494,8.4494,8.4494,8.4494,8.4494,8.4494,8.4494,8.4494,8.4494,8.4494,8.4494,8.4494,8.4494,8.4494,8.4494,8.4494,8.4494,8.4494,8.4494,8.4494,8.4494,8.4494,8.4494,8.4494,8.4494,8.4494,8.4494,8.4494,8.4494,8.4494,8.4494,8.4494,8.4494,8.4494,8.4494,8.4494,8.4494,8.4494,8.4494,8.4494,8.4494,8.4494,8.4494,8.4494,8.4494,8.4494,8.4494,8.4494,8.4494,8.4494,8.4494,8.4494,8.4494,8.4494,8.4494,8.4494,8.4494,8.4494,8.4494,8.4494,8.4494,8.4494,8.4494,8.4494,8.4494,8.4494,8.4494,8.4494,8.4494,8.4494,8.4494,8.4494,8.4494,8.4494,8.4494,8.4494,8.4494,8.4494,8.4494,8.4494,8.4494,8.4494,8.4494,8.4494,8.4494,8.4494,8.4494,8.4494,8.4494,8.4494,8.4494,8.4494,8.4494,8.4494,8.4494,8.4494,8.4494,8.4494,8.4494,8.4494,8.4494,8.4494,8.4494,8.4494,8.4494,8.4494,8.4494,8.4494,8.4494,8.4494,8.4494,8.4494,8.4494,8.4494,8.4494,8.4494,8.4494,8.4494,8.4494,8.4494,8.4494,8.4494,8.4494,8.4494,8.4494,8.4494,8.4494,8.4494,8.4494,8.4494,8.4494,8.4494,8.4494,8.4494,8.4494,8.4494,8.4494,8.4494,8.4494,8.4494,8.4494,8.4494,8.4494,8.4494,8.4494,8.4494,8.4494,8.4494,8.4494,8.4494,8.4494,8.4494,8.4494,8.4494,8.4494,8.4494,8.4494,8.4494,8.4494,8.4494,8.4494,8.4494,8.4494,8.4494,8.4494,8.4494,8.4494,8.4494,8.4494,8.4494,8.4494,8.4494,8.4494,8.4494,8.4494,8.4494,8.4494,8.4494,8.4494,8.4494,8.4494,8.4494,8.4494,8.4494,8.4494,8.4494,8.4494,8.4494,8.4494,8.4494,8.4494,8.4494,8.4494,8.4494,8.4494,8.4494,8.4494,8.4494,8.4494,8.4494,8.4494,8.4494,8.4494,8.4494,8.4494,8.4494,8.4494,8.4494,8.4494,8.4494,8.4494,8.4494,8.4494,8.4494,8.4494,8.4494,8.4494,8.4494,8.4494,8.4494,8.4494,8.4494,8.4494,8.4494,8.4494,8.4494,8.4494,8.4494,8.4494,8.4494,8.4494,8.4494,8.4494,8.4494,8.4494,8.4494,8.4494,8.4494,8.4494,8.4494,8.4494,8.4494,8.4494,8.4494,8.4494,8.4494,8.4494,8.4494,8.4494,8.4494,8.4494,8.4494,8.4494,8.4494,8.4494,8.4494,8.4494,8.4494,8.4494,8.4494,8.4494,8.4494,8.4494,8.4494,8.4494,8.4494,8.4494,8.4494,8.4494,8.4494,8.4494,8.4494,8.4494,8.4494,8.4494,8.4494,8.4494,8.4494,8.4494,8.4494,8.4494,8.4494,8.4494,8.4494,8.4494,8.4494,8.4494,8.4494,8.4494,8.4494,8.4494,8.4494,8.4494,8.4494,8.4494,8.4494,8.4494,8.4494,8.4494,8.4494,8.4494,8.4494,8.4494,8.4494,8.4494,8.4494,8.4494,8.4494,8.4494,8.4494,8.4494,8.4494,8.4494,8.4494,8.4494,8.4494,8.4494,8.4494,8.4494,8.4494,8.4494,8.4494,8.4494,8.4494,8.4494,8.4494,8.4494,8.4494,8.4494,8.4494,8.4494,8.4494,8.4494,8.4494,8.4494,8.4494,8.4494,8.4494,8.4494,8.4494,8.4494,8.4494,8.4494,8.4494,8.4494,8.4494,8.4494,8.4494,8.4494,8.4494,8.4494,8.4494,8.4494,8.4494,8.4494,8.4494,8.4494,8.4494,8.4494,8.4494,8.4494,8.4494,8.4494,8.4494,8.4494,8.4494,8.4494,8.4494,8.4494,8.4494,8.4494,8.4494,8.4494,8.4494,8.4494,8.4494,8.4494,8.4494,8.4494,8.4494,8.4494,8.4494,8.4494,8.4494,8.4494,8.4494,8.4494,8.4494,8.4494,8.4494,8.4494,8.4494,8.4494,8.4494,8.4494,8.4494,8.4494,8.4494,8.4494,8.4494,8.4494,8.4494,8.4494,8.4494,8.4494,8.4494,8.4494,8.4494,8.4494,8.4494,8.4494,8.4494,8.4494,8.4494,8.4494,8.4494,8.4494,8.4494,8.4494,8.4494,8.4494,8.4494,8.4494,8.4494,8.4494,8.4494,8.4494,8.4494,8.4494,8.4494,8.4494,8.4494,8.4494,8.4494,8.4494,8.4494,8.4494,8.4494,8.4494,8.4494,8.4494,8.4494,8.4494,8.4494,8.4494,8.4494,8.4494,8.4494,8.4494,8.4494,8.4494,8.4494,8.4494,8.4494,8.4494,8.4494,8.4494,8.4494,8.4494,8.4494,8.4494,8.4494,8.4494,8.4494,8.4494,8.4494,8.4494,8.4494,8.4494,8.4494,8.4494,8.4494,8.4494,8.4494,8.4494,8.4494,8.4494,8.4494,8.4494,8.4494,8.4494,8.4494,8.4494,8.4494,8.4494,8.4494,8.4494,8.4494,8.4494,8.4494,8.4494,8.4494,8.4494,8.4494,8.4494,8.4494,8.4494,8.4494,8.4494,8.4494,8.4494,8.4494,8.4494,8.4494,8.4494,8.4494,8.4494,8.4494,8.4494,8.4494,8.4494,8.4494,8.4494,8.4494,8.4494,8.4494,8.4494,8.4494,8.4494,8.4494,8.4494,8.4494,8.4494,8.4494,8.4494,8.4494,8.4494,8.4494,8.4494,8.4494,8.4494,8.4494,8.4494,8.4494,8.4494,8.4494,8.4494,8.4494,8.4494,8.4494,8.4494,8.4494,8.4494,8.4494,8.4494,8.4494,8.4494,8.4494,8.4494,8.4494,8.4494,8.4494,8.4494,8.4494,8.4494,8.4494,8.4494,8.4494,8.4494,8.4494,8.4494,8.4494,8.4494,8.4494,8.4494,8.4494,8.4494,8.4494,8.4494,8.4494,8.4494,8.4494,8.4494,8.4494,8.4494,8.4494,8.4494,8.4494,8.4494,8.4494,8.4494,8.4494,8.4494,8.4494,8.4494,8.4494,8.4494,8.4494,8.4494,8.4494,8.4494,8.4494,8.4494,8.4494,8.4494,8.4494,8.4494,8.4494,8.4494,8.4494,8.4494,8.4494,8.4494,8.4494,8.4494,8.4494,8.4494,8.4494,8.4494,8.4494,8.4494,8.4494,8.4494,8.4494,8.4494,8.4494,8.4494,8.4494,8.4494,8.4494,8.4494,8.4494,8.4494,8.4494,8.4494,8.4494,8.4494,8.4494,8.4494,8.4494,8.4494,8.4494,8.4494,8.4494,8.4494,8.4494,8.4494,8.4494,8.4494,8.4494,8.4494,8.4494,8.4494,8.4494,8.4494,8.4494,8.4494,8.4494,8.4494,8.4494,8.4494,8.4494,8.4494,8.4494,8.4494,8.4494,8.4494,8.4494,8.4494,8.4494,8.4494,8.4494,8.4494,8.4494,8.4494,8.4494,8.4494,8.4494,8.4494,8.4494,8.4494,8.4494,8.4494,8.4494,8.4494,8.4494,8.4494,8.4494,8.4494,8.4494,8.4494,8.4494,8.4494,8.4494,8.4494,8.4494,8.4494,8.4494,8.4494,8.4494,8.4494,8.4494,8.4494,8.4494,8.4494,8.4494,8.4494,8.4494,8.4494,8.4494,8.4494,8.4494,8.4494,8.4494,8.4494,8.4494,8.4494,8.4494,8.4494,8.4494,8.4494,8.4494,8.4494,8.4494,8.4494,8.4494,8.4494,8.4494,8.4494,8.4494,8.4494,8.4494,8.4494,8.4494,8.4494,8.4494,8.4494,8.4494,8.4494,8.4494,8.4494,8.4494,8.4494,8.4494,8.4494,8.4494,8.4494,8.4494,8.4494,8.4494,8.4494,8.4494,8.4494,8.4494,8.4494,8.4494,8.4494,8.4494,8.4494,8.4494
8.4409,8.4409,8.4409,8.4409,8.4409,8.4409,8.4409,8.4409,8.4409,8.4409,8.4409,8.4409,8.4409,8.4409,8.4409,8.4409,8.4409,8.4409,8.4409,8.4409,8.4409,8.4409,8.4409,8.4409,8.4409,8.4409,8.4409,8.4409,8.4409,8.4409,8.4409,8.4409,8.4409,8.4409,8.4409,8.4409,8.4409,8.4409,8.4409,8.4409,8.4409,8.4409,8.4409,8.4409,8.4409,8.4409,8.4409,8.4409,8.4409,8.4409,8.4409,8.4409,8.4409,8.4409,8.4409,8.4409,8.4409,8.4409,8.4409,8.4409,8.4409,8.4409,8.4409,8.4409,8.4409,8.4409,8.4409,8.4409,8.4409,8.4409,8.4409,8.4409,8.4409,8.4409,8.4409,8.4409,8.4409,8.4409,8.4409,8.4409,8.4409,8.4409,8.4409,8.4409,8.4409,8.4417,8.4417,8.4417,8.4417,8.4417,8.4417,8.4417,8.4417,8.4417,8.4417,8.4417,8.4417,8.4417,8.4417,8.4417,8.4417,8.4417,8.4417,8.4417,8.4417,8.4417,8.4417,8.4417,8.4417,8.4417,8.4417,8.4417,8.4417,8.4417,8.4417,8.4417,8.4417,8.4417,8.4417,8.4417,8.4417,8.4417,8.4417,8.4417,8.4417,8.4417,8.4417,8.4417,8.4417,8.4417,8.4417,8.4417,8.4417,8.4417,8.4417,8.4417,8.4417,8.4417,8.4417,8.4417,8.4417,8.4417,8.4417,8.4417,8.4417,8.4417,8.4417,8.4417,8.4417,8.4417,8.4417,8.4417,8.4417,8.4417,8.4417,8.4417,8.4417,8.4417,8.4417,8.4417,8.4417,8.4417,8.4417,8.4417,8.4417,8.4417,8.4417,8.4417,8.4417,8.4417,8.4417,8.4417,8.4417,8.4417,8.4417,8.4417,8.4417,8.4417,8.4417,8.4417,8.4417,8.4417,8.4417,8.4417,8.4417,8.4417,8.4417,8.4417,8.4417,8.4417,8.4417,8.4417,8.4417,8.4417,8.4417,8.4417,8.4417,8.4417,8.4417,8.4417,8.4417,8.4417,8.4417,8.4417,8.4417,8.4417,8.4417,8.4417,8.4417,8.4417,8.4417,8.4417,8.4417,8.4417,8.4417,8.4417,8.4417,8.4417,8.4417,8.4417,8.4417,8.4417,8.4417,8.4417,8.4417,8.4417,8.4417,8.4417,8.4417,8.4417,8.4417,8.4417,8.4417,8.4417,8.4417,8.4417,8.4417,8.4417,8.4417,8.4417,8.4417,8.4417,8.4417,8.4417,8.4417,8.4417,8.4417,8.4417,8.4417,8.4417,8.4417,8.4417,8.4417,8.4417,8.4417,8.4417,8.4417,8.4417,8.4417,8.4417,8.4417,8.4417,8.4417,8.4417,8.4417,8.4417,8.4417,8.4417,8.4417,8.4417,8.4417,8.4417,8.4417,8.4417,8.4417,8.4417,8.4417,8.4417,8.4417,8.4417,8.4417,8.4417,8.4417,8.4417,8.4417,8.4417,8.4417,8.4417,8.4417,8.4417,8.4417,8.4417,8.4417,8.4417,8.4417,8.4417,8.4417,8.4417,8.4417,8.4417,8.4417,8.4417,8.4417,8.4417,8.4417,8.4417,8.4417,8.4417,8.4417,8.4417,8.4417,8.4417,8.4417,8.4417,8.4417,8.4417,8.4417,8.4417,8.4417,8.4417,8.4417,8.4417,8.4417,8.4417,8.4417,8.4417,8.4417,8.4417,8.4417,8.4417,8.4417,8.4417,8.4417,8.4417,8.4417,8.4417,8.4417,8.4417,8.4417,8.4417,8.4417,8.4417,8.4417,8.4417,8.4417,8.4417,8.4417,8.4417,8.4417,8.4417,8.4417,8.4417,8.4417,8.4417,8.4417,8.4417,8.4417,8.4417,8.4417,8.4417,8.4417,8.4417,8.4417,8.4417,8.4417,8.4417,8.4417,8.4417,8.4417,8.4417,8.4417,8.4417,8.4417,8.4417,8.4417,8.4417,8.4417,8.4417,8.4417,8.4417,8.4417,8.4417,8.4417,8.4417,8.4417,8.4417,8.4417,8.4417,8.4417,8.4417,8.4417,8.4417,8.4417,8.4417,8.4417,8.4417,8.4417,8.4417,8.4417,8.4417,8.4417,8.4417,8.4417,8.4417,8.4417,8.4417,8.4417,8.4417,8.4417,8.4417,8.4417,8.4417,8.4417,8.4417,8.4417,8.4417,8.4417,8.4417,8.4417,8.4417,8.4417,8.4417,8.4417,8.4417,8.4417,8.4417,8.4417,8.4417,8.4417,8.4417,8.4417,8.4417,8.4417,8.4417,8.4417,8.4417,8.4417,8.4417,8.4417,8.4417,8.4417,8.4417,8.4417,8.4417,8.4417,8.4417,8.4417,8.4417,8.4417,8.4417,8.4417,8.4417,8.4417,8.4417,8.4417,8.4417,8.4417,8.4417,8.4417,8.4417,8.4417,8.4417,8.4417,8.4417,8.4417,8.4417,8.4417,8.4417,8.4417,8.4417,8.4417,8.4417,8.4417,8.4417,8.4417,8.4417,8.4417,8.4417,8.4417,8.4417,8.4417,8.4417,8.4417,8.4417,8.4417,8.4417,8.4417,8.4417,8.4417,8.4417,8.4417,8.4417,8.4417,8.4417,8.4417,8.4417,8.4417,8.4417,8.4417,8.4417,8.4417,8.4417,8.4417,8.4417,8.4417,8.4417,8.4417,8.4417,8.4417,8.4417,8.4417,8.4417,8.4417,8.4417,8.4417,8.4417,8.4417,8.4417,8.4417,8.4417,8.4417,8.4417,8.4417,8.4417,8.4417,8.4417,8.4417,8.4417,8.4417,8.4417,8.4417,8.4417,8.4417,8.4417,8.4417,8.4417,8.4417,8.4417,8.4417,8.4417,8.4417,8.4417,8.4417,8.4417,8.4417,8.4417,8.4417,8.4417,8.4417,8.4417,8.4417,8.4417,8.4417,8.4417,8.4417,8.4417,8.4417,8.4417,8.4417,8.4417,8.4417,8.4417,8.4417,8.4417,8.4417,8.4417,8.4417,8.4417,8.4417,8.4417,8.4417,8.4417,8.4417,8.4417,8.4417,8.4417,8.4417,8.4417,8.4417,8.4417,8.4417,8.4417,8.4417,8.4417,8.4417,8.4417,8.4417,8.4417,8.4417,8.4417,8.4417,8.4417,8.4417,8.4417,8.4417,8.4417,8.4417,8.4417,8.4417,8.4417,8.4417,8.4417,8.4417,8.4417,8.4417,8.4417,8.4417,8.4417,8.4417,8.4417,8.4417,8.4417,8.4417,8.4417,8.4417,8.4417,8.4417,8.4417,8.4417,8.4417,8.4417,8.4417,8.4417,8.4417,8.4417,8.4417,8.4417,8.4417,8.4417,8.4417,8.4417,8.4417,8.4417,8.4417,8.4417,8.4417,8.4417,8.4417,8.4417,8.4417,8.4417,8.4417,8.4417,8.4417,8.4417,8.4417,8.4417,8.4417,8.4417,8.4417,8.4417,8.4417,8.4417,8.4417,8.4417,8.4417,8.4417,8.4417,8.4417,8.4417,8.4417,8.4417,8.4417,8.4417,8.4417,8.4417,8.4417,8.4417,8.4417,8.4417,8.4417,8.4417,8.4417,8.4417,8.4417,8.4417,8.4417,8.4417,8.4417,8.4417,8.4417,8.4417,8.4417,8.4417,8.4417,8.4417,8.4417,8.4417,8.4417,8.4417,8.4417,8.4417,8.4417,8.4417,8.4417,8.4417,8.4417,8.4417,8.4417,8.4417,8.4417,8.4417,8.4417,8.4417,8.4417,8.4417,8.4417,8.4417,8.4417,8.4417,8.4417,8.4417,8.4417,8.4417,8.4417,8.4417,8.4417,8.4417,8.4417,8.4417,8.4417,8.4417,8.4417,8.4417,8.4417,8.4417,8.4417,8.4417,8.4417,8.4417,8.4417,8.4417,8.4417,8.4417,8.4417,8.4417,8.4417,8.4417,8.4417,8.4417,8.4417,8.4417,8.4417,8.4417,8.4417,8.4417,8.4417,8.4417,8.4417,8.4417,8.4417,8.4417,8.4417,8.4417,8.4417,8.4417,8.4417,8.4417,8.4417,8.4417,8.4417,8.4417,8.4417,8.4417,8.4417,8.4417,8.4417,8.4417,8.4417,8.4417,8.4417,8.4417,8.4417,8.4417,8.4417,8.4417,8.4417,8.4417,8.4417,8.4417,8.4417,8.4417,8.4417,8.4417,8.4417,8.4417,8.4417,8.4417,8.4417,8.4417,8.4417,8.4417,8.4417,8.4417,8.4417,8.4417,8.4417,8.4417,8.4417,8.4417,8.4417,8.4417,8.4417,8.4417,8.4417,8.4417,8.4417,8.4417,8.4417,8.4417,8.4417,8.4417,8.4417,8.4417,8.4417,8.4417,8.4417,8.4417,8.4417,8.4417,8.4417,8.4417,8.4417,8.4417,8.4417,8.4417,8.4417,8.4417,8.4417,8.4417,8.4417,8.4417,8.4417,8.4417,8.4417,8.4417,8.4417,8.4417,8.4417,8.4417,8.4417,8.4417,8.4417,8.4417,8.4417,8.4417,8.4417,8.4417,8.4417,8.4417,8.4417,8.4417,8.4417,8.4417,8.4417,8.4417,8.4417,8.4417,8.4417,8.4417,8.4417,8.4417,8.4417,8.4417,8.4417,8.4417,8.4417,8.4417,8.4417,8.4417,8.4417,8.4417,8.4417,8.4417,8.4417,8.4417,8.4417,8.4417,8.4417,8.4417,8.4417,8.4417,8.4417,8.4417,8.4417,8.4417,8.4417,8.4417,8.4417,8.4417,8.4417,8.4417,8.4417,8.4417,8.4417,8.4417,8.4417,8.4417,8.4417,8.4417,8.4417,8.4417,8.4417,8.4417,8.4417,8.4417,8.4417,8.4417,8.4417,8.4417,8.4417,8.4417,8.4417,8.4417,8.4417,8.4417,8.4417,8.4417,8.4417,8.4417,8.4417,8.4417,8.4417,8.4417,8.4417,8.4417,8.4417,8.4417,8.4417,8.4417,8.4417,8.4417,8.4417,8.4417,8.4417,8.4417,8.4417,8.4417,8.4417,8.4417,8.4417,8.4417,8.4417,8.4417,8.4417,8.4417,8.4417,8.4417,8.4417,8.4417,8.4417,8.4417,8.4417,8.4417,8.4417,8.4417,8.4417,8.4417,8.4417,8.4417
8.4337,8.4337,8.4337,8.4337,8.4337,8.4337,8.4337,8.4337,8.4337,8.4337,8.4337,8.4337,8.4337,8.4337,8.4337,8.4337,8.4337,8.4337,8.4337,8.4337,8.4337,8.4337,8.4337,8.4337,8.4337,8.4337,8.4337,8.4337,8.4337,8.4337,8.4337,8.4337,8.4337,8.4337,8.4337,8.4337,8.4337,8.4337,8.4337,8.4337,8.4337,8.4337,8.4337,8.4337,8.4337,8.4337,8.4337,8.4337,8.4337,8.4337,8.4337,8.4337,8.4337,8.4337,8.4337,8.4337,8.4337,8.4337,8.4337,8.4337,8.4337,8.4337,8.4337,8.4337,8.4337,8.4337,8.4337,8.4337,8.4337,8.4337,8.4337,8.4337,8.4337,8.4337,8.4337,8.4337,8.4337,8.4337,8.4337,8.4337,8.4337,8.4337,8.4337,8.4337,8.4337,8.4337,8.4337,8.4337,8.4337,8.4337,8.4337,8.4337,8.4337,8.4337,8.4337,8.4337,8.4337,8.4337,8.4337,8.4337,8.4337,8.4337,8.4337,8.4337,8.4337,8.4337,8.4337,8.4337,8.4337,8.4337,8.4337,8.4337,8.4337,8.4337,8.4337,8.4337,8.4337,8.4337,8.4337,8.4337,8.4337,8.4337,8.4337,8.4337,8.4337,8.4337,8.4337,8.4337,8.4337,8.4337,8.4337,8.4337,8.4337,8.4337,8.4337,8.4337,8.4337,8.4337,8.4337,8.4337,8.4337,8.4337,8.4337,8.4337,8.4337,8.4337,8.4337,8.4337,8.4337,8.4337,8.4337,8.4337,8.4337,8.4337,8.4337,8.4337,8.4337,8.4337,8.4337,8.4337,8.4337,8.4337,8.4337,8.4337,8.4337,8.4337,8.4337,8.4337,8.4337,8.4337,8.4337,8.4337,8.4337,8.4337,8.4337,8.4337,8.4337,8.4337,8.4337,8.4337,8.4337,8.4337,8.4337,8.4337,8.4337,8.4337,8.4337,8.4337,8.4337,8.4337,8.4337,8.4337,8.4337,8.4337,8.4337,8.4337,8.4337,8.4337,8.4337,8.4337,8.4337,8.4337,8.4337,8.4337,8.4337,8.4337,8.4337,8.4337,8.4337,8.4337,8.4337,8.4337,8.4337,8.4337,8.4337,8.4337,8.4337,8.4337,8.4337,8.4337,8.4337,8.4337,8.4337,8.4337,8.4337,8.4337,8.4337,8.4337,8.4337,8.4337,8.4337,8.4337,8.4337,8.4337,8.4337,8.4337,8.4337,8.4337,8.4337,8.4337,8.4337,8.4337,8.4337,8.4337,8.4337,8.4337,8.4337,8.4337,8.4337,8.4337,8.4337,8.4337,8.4337,8.4337,8.4337,8.4337,8.4337,8.4337,8.4337,8.4337,8.4337,8.4337,8.4337,8.4337,8.4337,8.4337,8.4337,8.4337,8.4337,8.4337,8.4337,8.4337,8.4337,8.4337,8.4337,8.4337,8.4337,8.4337,8.4337,8.4337,8.4337,8.4337,8.4337,8.4337,8.4337,8.4337,8.4337,8.4337,8.4337,8.4337,8.4337,8.4337,8.4337,8.4337,8.4337,8.4337,8.4337,8.4337,8.4337,8.4337,8.4337,8.4337,8.4337,8.4337,8.4337,8.4337,8.4337,8.4337,8.4337,8.4337,8.4337,8.4337,8.4337,8.4337,8.4337,8.4337,8.4337,8.4337,8.4337,8.4337,8.4337,8.4337,8.4337,8.4337,8.4337,8.4337,8.4337,8.4337,8.4337,8.4337,8.4337,8.4337,8.4337,8.4337,8.4337,8.4337,8.4337,8.4337,8.4337,8.4337,8.4337,8.4337,8.4337,8.4337,8.4337,8.4337,8.4337,8.4337,8.4337,8.4337,8.4337,8.4337,8.4337,8.4337,8.4337,8.4337,8.4337,8.4337,8.4337,8.4337,8.4337,8.4337,8.4337,8.4337,8.4337,8.4337,8.4337,8.4337,8.4337,8.4337,8.4337,8.4337,8.4337,8.4337,8.4337,8.4337,8.4337,8.4337,8.4337,8.4337,8.4337,8.4337,8.4337,8.4337,8.4337,8.4337,8.4337,8.4337,8.4337,8.4337,8.4337,8.4337,8.4337,8.4337,8.4337,8.4337,8.4337,8.4337,8.4337,8.4337,8.4337,8.4337,8.4337,8.4337,8.4337,8.4337,8.4337,8.4337,8.4337,8.4337,8.4337,8.4337,8.4337,8.4337,8.4337,8.4337,8.4337,8.4337,8.4337,8.4337,8.4337,8.4337,8.4337,8.4337,8.4337,8.4337,8.4337,8.4337,8.4337,8.4337,8.4337,8.4337,8.4337,8.4337,8.4337,8.4337,8.4337,8.4337,8.4337,8.4337,8.4337,8.4337,8.4337,8.4337,8.4337,8.4337,8.4337,8.4337,8.4337,8.4337,8.4337,8.4337,8.4337,8.4337,8.4337,8.4337,8.4337,8.4337,8.4337,8.4337,8.4337,8.4337,8.4337,8.4337,8.4337,8.4337,8.4337,8.4337,8.4337,8.4337,8.4337,8.4337,8.4337,8.4337,8.4337,8.4337,8.4337,8.4337,8.4337,8.4337,8.4337,8.4337,8.4337,8.4337,8.4337,8.4337,8.4337,8.4337,8.4337,8.4337,8.4337,8.4337,8.4337,8.4337,8.4337,8.4337,8.4337,8.4337,8.4337,8.4337,8.4337,8.4337,8.4337,8.4337,8.4337,8.4337,8.4337,8.4337,8.4337,8.4337,8.4337,8.4337,8.4337,8.4337,8.4337,8.4337,8.4337,8.4337,8.4337,8.4337,8.4337,8.4337,8.4337,8.4337,8.4337,8.4337,8.4337,8.4337,8.4337,8.4337,8.4337,8.4337,8.4337,8.4337,8.4337,8.4337,8.4337,8.4337,8.4337,8.4337,8.4337,8.4337,8.4337,8.4337,8.4337,8.4337,8.4337,8.4337,8.4337,8.4337,8.4337,8.4337,8.4337,8.4337,8.4337,8.4337,8.4337,8.4337,8.4337,8.4337,8.4337,8.4337,8.4337,8.4337,8.4337,8.4337,8.4337,8.4337,8.4337,8.4337,8.4337,8.4337,8.4337,8.4337,8.4337,8.4337,8.4337,8.4337,8.4337,8.4337,8.4337,8.4337,8.4337,8.4337,8.4337,8.4337,8.4337,8.4337,8.4337,8.4337,8.4337,8.4337,8.4337,8.4337,8.4337,8.4337,8.4337,8.4337,8.4337,8.4337,8.4337,8.4337,8.4337,8.4337,8.4337,8.4337,8.4337,8.4337,8.4337,8.4337,8.4337,8.4337,8.4337,8.4337,8.4337,8.4337,8.4337,8.4337,8.4337,8.4337,8.4337,8.4337,8.4337,8.4337,8.4337,8.4337,8.4337,8.4337,8.4337,8.4337,8.4337,8.4337,8.4337,8.4337,8.4337,8.4337,8.4337,8.4337,8.4337,8.4337,8.4337,8.4337,8.4337,8.4337,8.4337,8.4337,8.4337,8.4337,8.4337,8.4337,8.4337,8.4337,8.4337,8.4337,8.4337,8.4337,8.4337,8.4337,8.4337,8.4337,8.4337,8.4337,8.4337,8.4337,8.4337,8.4337,8.4337,8.4337,8.4337,8.4337,8.4337,8.4337,8.4337,8.4337,8.4337,8.4337,8.4337,8.4337,8.4337,8.4337,8.4337,8.4337,8.4337,8.4337,8.4337,8.4337,8.4337,8.4337,8.4337,8.4337,8.4337,8.4337,8.4337,8.4337,8.4337,8.4337,8.4337,8.4337,8.4337,8.4337,8.4337,8.4337,8.4337,8.4337,8.4337,8.4337,8.4337,8.4337,8.4337,8.4337,8.4337,8.4337,8.4337,8.4337,8.4337,8.4337,8.4337,8.4337,8.4337,8.4337,8.4337,8.4337,8.4337,8.4337,8.4337,8.4337,8.4337,8.4337,8.4337,8.4337,8.4337,8.4337,8.4337,8.4337,8.4337,8.4337,8.4337,8.4337,8.4337,8.4337,8.4337,8.4337,8.4337,8.4337,8.4337,8.4337,8.4337,8.4337,8.4337,8.4337,8.4337,8.4337,8.4337,8.4337,8.4337,8.4337,8.4337,8.4337,8.4337,8.4337,8.4337,8.4337,8.4337,8.4337,8.4337,8.4337,8.4337,8.4337,8.4337,8.4337,8.4337,8.4337,8.4337,8.4337,8.4337,8.4337,8.4337,8.4337,8.4337,8.4337,8.4337,8.4337,8.4337,8.4337,8.4337,8.4337,8.4337,8.4337,8.4337,8.4337,8.4337,8.4337,8.4337,8.4337,8.4337,8.4337,8.4337,8.4337,8.4337,8.4337,8.4337,8.4337,8.4337,8.4337,8.4337,8.4337,8.4337,8.4337,8.4337,8.4337,8.4337,8.4337,8.4337,8.4337,8.4337,8.4337,8.4337,8.4337,8.4337,8.4337,8.4337,8.4337,8.4337,8.4337,8.4337,8.4337,8.4337,8.4337,8.4337,8.4337,8.4337,8.4337,8.4337,8.4337,8.4337,8.4337,8.4337,8.4337,8.4337,8.4337,8.4337,8.4337,8.4337,8.4337,8.4337,8.4337,8.4337,8.4337,8.4337,8.4337,8.4337,8.4337,8.4337,8.4337,8.4337,8.4337,8.4337,8.4337,8.4337,8.4337,8.4337,8.4337,8.4337,8.4337,8.4337,8.4337,8.4337,8.4337,8.4337,8.4337,8.4337,8.4337,8.4337,8.4337,8.4337,8.4337,8.4337,8.4337,8.4337,8.4337,8.4337,8.4337,8.4337,8.4337,8.4337,8.4337,8.4337,8.4337,8.4337,8.4337,8.4337,8.4337,8.4337,8.4337,8.4337,8.4337,8.4337,8.4337,8.4337,8.4337,8.4337,8.4337,8.4337,8.4337,8.4337,8.4337,8.4337,8.4337,8.4337,8.4337,8.4337,8.4337,8.4337,8.4337,8.4337,8.4337,8.4337,8.4337,8.4337,8.4337,8.4337,8.4337,8.4337,8.4337,8.4337,8.4337,8.4337,8.4337,8.4337,8.4337,8.4337,8.4337,8.4337,8.4337,8.4337,8.4337,8.4337,8.4337,8.4337,8.4337,8.4337,8.4337,8.4337,8.4337,8.4337,8.4337,8.4337,8.4337,8.4337,8.4337,8.4337,8.4337,8.4337,8.4337,8.4337,8.4337,8.4337,8.4337,8.4337,8.4337
8.4256,8.4256,8.4256,8.4256,8.4256,8.4256,8.4256,8.4256,8.4256,8.4256,8.4256,8.4256,8.4256,8.4256,8.4256,8.4256,8.4256,8.4256,8.4256,8.4256,8.4256,8.4256,8.4256,8.4256,8.4256,8.4256,8.4256,8.4256,8.4256,8.4256,8.4256,8.4256,8.4256,8.4256,8.4256,8.4256,8.4256,8.4256,8.4256,8.4256,8.4256,8.4256,8.4256,8.4256,8.4256,8.4256,8.4256,8.4256,8.4256,8.4256,8.4256,8.4256,8.4256,8.4256,8.4256,8.4256,8.4256,8.4256,8.4256,8.4256,8.4256,8.4256,8.4256,8.4256,8.4256,8.4256,8.4256,8.4256,8.4256,8.4256,8.4256,8.4256,8.4256,8.4256,8.4256,8.4256,8.4256,8.4256,8.4256,8.4256,8.4256,8.4256,8.4256,8.4256,8.4256,8.4256,8.4256,8.4256,8.4256,8.4256,8.4256,8.4256,8.4256,8.4256,8.4256,8.4256,8.4256,8.4256,8.4256,8.4256,8.4256,8.4256,8.4256,8.4256,8.4256,8.4256,8.4256,8.4256,8.4256,8.4256,8.4256,8.4256,8.4256,8.4256,8.4256,8.4256,8.4256,8.4256,8.4256,8.4256,8.4256,8.4256,8.4256,8.4256,8.4256,8.4256,8.4256,8.4256,8.4256,8.4256,8.4256,8.4256,8.4256,8.4256,8.4256,8.4256,8.4256,8.4256,8.4256,8.4256,8.4256,8.4256,8.4256,8.4256,8.4256,8.4256,8.4256,8.4256,8.4256,8.4256,8.4256,8.4256,8.4256,8.4256,8.4256,8.4256,8.4256,8.4256,8.4256,8.4256,8.4256,8.4256,8.4256,8.4256,8.4256,8.4256,8.4256,8.4256,8.4256,8.4256,8.4256,8.4256,8.4256,8.4256,8.4256,8.4256,8.4256,8.4256,8.4256,8.4256,8.4256,8.4256,8.4256,8.4256,8.4256,8.4256,8.4256,8.4256,8.4256,8.4256,8.4256,8.4256,8.4256,8.4256,8.4256,8.4256,8.4256,8.4256,8.4256,8.4256,8.4256,8.4256,8.4256,8.4256,8.4256,8.4256,8.4256,8.4256,8.4256,8.4256,8.4256,8.4256,8.4256,8.4256,8.4256,8.4256,8.4256,8.4256,8.4256,8.4256,8.4256,8.4256,8.4256,8.4256,8.4256,8.4256,8.4256,8.4256,8.4256,8.4256,8.4256,8.4256,8.4256,8.4256,8.4256,8.4256,8.4256,8.4256,8.4256,8.4256,8.4256,8.4256,8.4256,8.4256,8.4256,8.4256,8.4256,8.4256,8.4256,8.4256,8.4256,8.4256,8.4256,8.4256,8.4256,8.4256,8.4256,8.4256,8.4256,8.4256,8.4256,8.4256,8.4256,8.4256,8.4256,8.4256,8.4256,8.4256,8.4256,8.4256,8.4256,8.4256,8.4256,8.4256,8.4256,8.4256,8.4256,8.4256,8.4256,8.4256,8.4256,8.4256,8.4256,8.4256,8.4256,8.4256,8.4256,8.4256,8.4256,8.4256,8.4256,8.4256,8.4256,8.4256,8.4256,8.4256,8.4256,8.4256,8.4256,8.4256,8.4256,8.4256,8.4256,8.4256,8.4256,8.4256,8.4256,8.4256,8.4256,8.4256,8.4256,8.4256,8.4256,8.4256,8.4256,8.4256,8.4256,8.4256,8.4256,8.4256,8.4256,8.4256,8.4256,8.4256,8.4256,8.4256,8.4256,8.4256,8.4256,8.4256,8.4256,8.4256,8.4256,8.4256,8.4256,8.4256,8.4256,8.4256,8.4256,8.4256,8.4256,8.4256,8.4256,8.4256,8.4256,8.4256,8.4256,8.4256,8.4256,8.4256,8.4256,8.4256,8.4256,8.4256,8.4256,8.4256,8.4256,8.4256,8.4256,8.4256,8.4256,8.4256,8.4256,8.4256,8.4256,8.4256,8.4256,8.4256,8.4256,8.4256,8.4256,8.4256,8.4256,8.4256,8.4256,8.4256,8.4256,8.4256,8.4256,8.4256,8.4256,8.4256,8.4256,8.4256,8.4256,8.4256,8.4256,8.4256,8.4256,8.4256,8.4256,8.4256,8.4256,8.4256,8.4256,8.4256,8.4256,8.4256,8.4256,8.4256,8.4256,8.4256,8.4256,8.4256,8.4256,8.4256,8.4256,8.4256,8.4256,8.4256,8.4256,8.4256,8.4256,8.4256,8.4256,8.4256,8.4256,8.4256,8.4256,8.4256,8.4256,8.4256,8.4256,8.4256,8.4256,8.4256,8.4256,8.4256,8.4256,8.4256,8.4256,8.4256,8.4256,8.4256,8.4256,8.4256,8.4256,8.4256,8.4256,8.4256,8.4256,8.4256,8.4256,8.4256,8.4256,8.4256,8.4256,8.4256,8.4256,8.4256,8.4256,8.4256,8.4256,8.4256,8.4256,8.4256,8.4256,8.4256,8.4256,8.4256,8.4256,8.4256,8.4256,8.4256,8.4256,8.4256,8.4256,8.4256,8.4256,8.4256,8.4256,8.4256,8.4256,8.4256,8.4256,8.4256,8.4256,8.4256,8.4256,8.4256,8.4256,8.4256,8.4256,8.4256,8.4256,8.4256,8.4256,8.4256,8.4256,8.4256,8.4256,8.4256,8.4256,8.4256,8.4256,8.4256,8.4256,8.4256,8.4256,8.4256,8.4256,8.4256,8.4256,8.4256,8.4256,8.4256,8.4256,8.4256,8.4256,8.4256,8.4256,8.4256,8.4256,8.4256,8.4256,8.4256,8.4256,8.4256,8.4256,8.4256,8.4256,8.4256,8.4256,8.4256,8.4256,8.4256,8.4256,8.4256,8.4256,8.4256,8.4256,8.4256,8.4256,8.4256,8.4256,8.4256,8.4256,8.4256,8.4256,8.4256,8.4256,8.4256,8.4256,8.4256,8.4256,8.4256,8.4256,8.4256,8.4256,8.4256,8.4256,8.4256,8.4256,8.4256,8.4256,8.4256,8.4256,8.4256,8.4256,8.4256,8.4256,8.4256,8.4256,8.4256,8.4256,8.4256,8.4256,8.4256,8.4256,8.4256,8.4256,8.4256,8.4256,8.4256,8.4256,8.4256,8.4256,8.4256,8.4256,8.4256,8.4256,8.4256,8.4256,8.4256,8.4256,8.4256,8.4256,8.4256,8.4256,8.4256,8.4256,8.4256,8.4256,8.4256,8.4256,8.4256,8.4256,8.4256,8.4256,8.4256,8.4256,8.4256,8.4256,8.4256,8.4256,8.4256,8.4256,8.4256,8.4256,8.4256,8.4256,8.4256,8.4256,8.4256,8.4256,8.4256,8.4256,8.4256,8.4256,8.4256,8.4256,8.4256,8.4256,8.4256,8.4256,8.4256,8.4256,8.4256,8.4256,8.4256,8.4256,8.4256,8.4256,8.4256,8.4256,8.4256,8.4256,8.4256,8.4256,8.4256,8.4256,8.4256,8.4256,8.4256,8.4256,8.4256,8.4256,8.4256,8.4256,8.4256,8.4256,8.4256,8.4256,8.4256,8.4256,8.4256,8.4256,8.4256,8.4256,8.4256,8.4256,8.4256,8.4256,8.4256,8.4256,8.4256,8.4256,8.4256,8.4256,8.4256,8.4256,8.4256,8.4256,8.4256,8.4256,8.4256,8.4256,8.4256,8.4256,8.4256,8.4256,8.4256,8.4256,8.4256,8.4256,8.4256,8.4256,8.4256,8.4256,8.4256,8.4256,8.4256,8.4256,8.4256,8.4256,8.4256,8.4256,8.4256,8.4256,8.4256,8.4256,8.4256,8.4256,8.4256,8.4256,8.4256,8.4256,8.4256,8.4256,8.4256,8.4256,8.4256,8.4256,8.4256,8.4256,8.4256,8.4256,8.4256,8.4256,8.4256,8.4256,8.4256,8.4256,8.4256,8.4256,8.4256,8.4256,8.4256,8.4256,8.4256,8.4256,8.4256,8.4256,8.4256,8.4256,8.4256,8.4256,8.4256,8.4256,8.4256,8.4256,8.4256,8.4256,8.4256,8.4256,8.4256,8.4256,8.4256,8.4256,8.4256,8.4256,8.4256,8.4256,8.4256,8.4256,8.4256,8.4256,8.4256,8.4256,8.4256,8.4256,8.4256,8.4256,8.4256,8.4256,8.4256,8.4256,8.4256,8.4256,8.4256,8.4256,8.4256,8.4256,8.4256,8.4256,8.4256,8.4256,8.4256,8.4256,8.4256,8.4256,8.4256,8.4256,8.4256,8.4256,8.4256,8.4256,8.4256,8.4256,8.4256,8.4256,8.4256,8.4256,8.4256,8.4256,8.4256,8.4256,8.4256,8.4256,8.4256,8.4256,8.4256,8.4256,8.4256,8.4256,8.4256,8.4256,8.4256,8.4256,8.4256,8.4256,8.4256,8.4256,8.4256,8.4256,8.4256,8.4256,8.4256,8.4256,8.4256,8.4256,8.4256,8.4256,8.4256,8.4256,8.4256,8.4256,8.4256,8.4256,8.4256,8.4256,8.4256,8.4256,8.4256,8.4256,8.4256,8.4256,8.4256,8.4256,8.4256,8.4256,8.4256,8.4256,8.4256,8.4256,8.4256,8.4256,8.4256,8.4256,8.4256,8.4256,8.4256,8.4256,8.4256,8.4256,8.4256,8.4256,8.4256,8.4256,8.4256,8.4256,8.4256,8.4256,8.4256,8.4256,8.4256,8.4256,8.4256,8.4256,8.4256,8.4256,8.4256,8.4256,8.4256,8.4256,8.4256,8.4256,8.4256,8.4256,8.4256,8.4256,8.4256,8.4256,8.4256,8.4256,8.4256,8.4256,8.4256,8.4256,8.4256,8.4256,8.4256,8.4256,8.4256,8.4256,8.4256,8.4256,8.4256,8.4256,8.4256,8.4256,8.4256,8.4256,8.4256,8.4256,8.4256,8.4256,8.4256,8.4256,8.4256,8.4256,8.4256,8.4256,8.4256,8.4256,8.4256,8.4256,8.4256,8.4256,8.4256,8.4256,8.4256,8.4256,8.4256,8.4256,8.4256,8.4256,8.4256,8.4256,8.4256,8.4256,8.4256,8.4256,8.4256,8.4256,8.4256,8.4256,8.4256,8.4256,8.4256,8.4256,8.4256,8.4256,8.4256,8.4256,8.4256,8.4256,8.4256,8.4256,8.4256,8.4256,8.4256,8.4256,8.4256,8.4256,8.4256,8.4256,8.4256,8.4256,8.4256
8.4176,8.4176,8.4176,8.4176,8.4176,8.4176,8.4176,8.4176,8.4176,8.4176,8.4176,8.4176,8.4176,8.4176,8.4176,8.4176,8.4176,8.4176,8.4176,8.4176,8.4176,8.4176,8.4176,8.4176,8.4176,8.4176,8.4176,8.4176,8.4176,8.4176,8.4176,8.4176,8.4176,8.4176,8.4176,8.4176,8.4176,8.4176,8.4176,8.4176,8.4176,8.4176,8.4176,8.4176,8.4176,8.4176,8.4176,8.4176,8.4176,8.4176,8.4176,8.4176,8.4176,8.4176,8.4176,8.4176,8.4176,8.4176,8.4176,8.4176,8.4176,8.4176,8.4176,8.4176,8.4176,8.4176,8.4176,8.4176,8.4176,8.4176,8.4176,8.4176,8.4176,8.4176,8.4176,8.4176,8.4176,8.4176,8.4176,8.4176,8.4176,8.4176,8.4176,8.4176,8.4176,8.4176,8.4176,8.4176,8.4176,8.4176,8.4176,8.4176,8.4176,8.4176,8.4176,8.4176,8.4176,8.4176,8.4176,8.4176,8.4176,8.4176,8.4176,8.4176,8.4176,8.4176,8.4176,8.4176,8.4176,8.4176,8.4176,8.4176,8.4176,8.4176,8.4176,8.4176,8.4176,8.4176,8.4176,8.4176,8.4176,8.4176,8.4176,8.4176,8.4176,8.4176,8.4176,8.4176,8.4176,8.4176,8.4176,8.4176,8.4176,8.4176,8.4176,8.4176,8.4176,8.4176,8.4176,8.4176,8.4176,8.4176,8.4176,8.4176,8.4176,8.4176,8.4176,8.4176,8.4176,8.4176,8.4176,8.4176,8.4176,8.4176,8.4176,8.4176,8.4176,8.4176,8.4176,8.4176,8.4176,8.4176,8.4176,8.4176,8.4176,8.4176,8.4176,8.4176,8.4176,8.4176,8.4176,8.4176,8.4176,8.4176,8.4176,8.4176,8.4176,8.4176,8.4176,8.4176,8.4176,8.4176,8.4176,8.4176,8.4176,8.4176,8.4176,8.4176,8.4176,8.4176,8.4176,8.4176,8.4176,8.4176,8.4176,8.4176,8.4176,8.4176,8.4176,8.4176,8.4176,8.4176,8.4176,8.4176,8.4176,8.4176,8.4176,8.4176,8.4176,8.4176,8.4176,8.4176,8.4176,8.4176,8.4176,8.4176,8.4176,8.4176,8.4176,8.4176,8.4176,8.4176,8.4176,8.4176,8.4176,8.4176,8.4176,8.4176,8.4176,8.4176,8.4176,8.4176,8.4176,8.4176,8.4176,8.4176,8.4176,8.4176,8.4176,8.4176,8.4176,8.4176,8.4176,8.4176,8.4176,8.4176,8.4176,8.4176,8.4176,8.4176,8.4176,8.4176,8.4176,8.4176,8.4176,8.4176,8.4176,8.4176,8.4176,8.4176,8.4176,8.4176,8.4176,8.4176,8.4176,8.4176,8.4176,8.4176,8.4176,8.4176,8.4176,8.4176,8.4176,8.4176,8.4176,8.4176,8.4176,8.4176,8.4176,8.4176,8.4176,8.4176,8.4176,8.4176,8.4176,8.4176,8.4176,8.4176,8.4176,8.4176,8.4176,8.4176,8.4176,8.4176,8.4176,8.4176,8.4176,8.4176,8.4176,8.4176,8.4176,8.4176,8.4176,8.4176,8.4176,8.4176,8.4176,8.4176,8.4176,8.4176,8.4176,8.4176,8.4176,8.4176,8.4176,8.4176,8.4176,8.4176,8.4176,8.4176,8.4176,8.4176,8.4176,8.4176,8.4176,8.4176,8.4176,8.4176,8.4176,8.4176,8.4176,8.4176,8.4176,8.4176,8.4176,8.4176,8.4176,8.4176,8.4176,8.4176,8.4176,8.4176,8.4176,8.4176,8.4176,8.4176,8.4176,8.4176,8.4176,8.4176,8.4176,8.4176,8.4176,8.4176,8.4176,8.4176,8.4176,8.4176,8.4176,8.4176,8.4176,8.4176,8.4176,8.4176,8.4176,8.4176,8.4176,8.4176,8.4176,8.4176,8.4176,8.4176,8.4176,8.4176,8.4176,8.4176,8.4176,8.4176,8.4176,8.4176,8.4176,8.4176,8.4176,8.4176,8.4176,8.4176,8.4176,8.4176,8.4176,8.4176,8.4176,8.4176,8.4176,8.4176,8.4176,8.4176,8.4176,8.4176,8.4176,8.4176,8.4176,8.4176,8.4176,8.4176,8.4176,8.4176,8.4176,8.4176,8.4176,8.4176,8.4176,8.4176,8.4176,8.4176,8.4176,8.4176,8.4176,8.4176,8.4176,8.4176,8.4176,8.4176,8.4176,8.4176,8.4176,8.4176,8.4176,8.4176,8.4176,8.4176,8.4176,8.4176,8.4176,8.4176,8.4176,8.4176,8.4176,8.4176,8.4176,8.4176,8.4176,8.4176,8.4176,8.4176,8.4176,8.4176,8.4176,8.4176,8.4176,8.4176,8.4176,8.4176,8.4176,8.4176,8.4176,8.4176,8.4176,8.4176,8.4176,8.4176,8.4176,8.4176,8.4176,8.4176,8.4176,8.4176,8.4176,8.4176,8.4176,8.4176,8.4176,8.4176,8.4176,8.4176,8.4176,8.4176,8.4176,8.4176,8.4176,8.4176,8.4176,8.4176,8.4176,8.4176,8.4176,8.4176,8.4176,8.4176,8.4176,8.4176,8.4176,8.4176,8.4176,8.4176,8.4176,8.4176,8.4176,8.4176,8.4176,8.4176,8.4176,8.4176,8.4176,8.4176,8.4176,8.4176,8.4176,8.4176,8.4176,8.4176,8.4176,8.4176,8.4176,8.4176,8.4176,8.4176,8.4176,8.4176,8.4176,8.4176,8.4176,8.4176,8.4176,8.4176,8.4176,8.4176,8.4176,8.4176,8.4176,8.4172,8.4172,8.4172,8.4172,8.4172,8.4172,8.4172,8.4172,8.4172,8.4172,8.4172,8.4172,8.4172,8.4172,8.4172,8.4172,8.4172,8.4172,8.4172,8.4172,8.4172,8.4172,8.4172,8.4172,8.4172,8.4172,8.4172,8.4172,8.4172,8.4172,8.4172,8.4172,8.4172,8.4172,8.4172,8.4172,8.4172,8.4172,8.4172,8.4172,8.4172,8.4172,8.4172,8.4172,8.4172,8.4172,8.4172,8.4172,8.4172,8.4172,8.4172,8.4172,8.4172,8.4172,8.4172,8.4172,8.4172,8.4172,8.4172,8.4172,8.4172,8.4172,8.4172,8.4172,8.4172,8.4172,8.4172,8.4172,8.4172,8.4172,8.4172,8.4172,8.4172,8.4172,8.4172,8.4172,8.4172,8.4172,8.4172,8.4172,8.4172,8.4172,8.4172,8.4172,8.4172,8.4172,8.4172,8.4172,8.4172,8.4172,8.4172,8.4172,8.4172,8.4172,8.4172,8.4172,8.4172,8.4172,8.4172,8.4172,8.4172,8.4172,8.4172,8.4172,8.4172,8.4172,8.4172,8.4172,8.4172,8.4172,8.4172,8.4172,8.4172,8.4172,8.4172,8.4172,8.4172,8.4172,8.4172,8.4172,8.4172,8.4172,8.4172,8.4172,8.4172,8.4172,8.4172,8.4172,8.4172,8.4172,8.4172,8.4172,8.4172,8.4172,8.4172,8.4172,8.4172,8.4172,8.4172,8.4172,8.4172,8.4172,8.4172,8.4172,8.4172,8.4172,8.4172,8.4172,8.4172,8.4172,8.4172,8.4172,8.4172,8.4172,8.4172,8.4172,8.4172,8.4172,8.4172,8.4172,8.4172,8.4172,8.4172,8.4172,8.4172,8.4172,8.4172,8.4172,8.4172,8.4172,8.4172,8.4172,8.4172,8.4172,8.4172,8.4172,8.4172,8.4172,8.4172,8.4172,8.4172,8.4172,8.4172,8.4172,8.4172,8.4172,8.4172,8.4172,8.4172,8.4172,8.4172,8.4172,8.4172,8.4172,8.4172,8.4172,8.4172,8.4172,8.4172,8.4172,8.4172,8.4172,8.4172,8.4172,8.4172,8.4172,8.4172,8.4172,8.4172,8.4172,8.4172,8.4172,8.4172,8.4172,8.4172,8.4172,8.4172,8.4172,8.4172,8.4172,8.4172,8.4172,8.4172,8.4172,8.4172,8.4172,8.4172,8.4172,8.4172,8.4172,8.4172,8.4172,8.4172,8.4172,8.4172,8.4172,8.4172,8.4172,8.4172,8.4172,8.4172,8.4172,8.4172,8.4172,8.4172,8.4172,8.4172,8.4172,8.4172,8.4172,8.4172,8.4172,8.4172,8.4172,8.4172,8.4172,8.4172,8.4172,8.4172,8.4172,8.4172,8.4172,8.4172,8.4172,8.4172,8.4172,8.4172,8.4172,8.4172,8.4172,8.4172,8.4172,8.4172,8.4172,8.4172,8.4172,8.4172,8.4172,8.4172,8.4172,8.4172,8.4172,8.4172,8.4172,8.4172,8.4172,8.4172,8.4172,8.4172,8.4172,8.4172,8.4172,8.4172,8.4172,8.4172,8.4172,8.4172,8.4172,8.4172,8.4172,8.4172,8.4172,8.4172,8.4172,8.4172,8.4172,8.4172,8.4172,8.4172,8.4172,8.4172,8.4172,8.4172,8.4172,8.4172,8.4172,8.4172,8.4172,8.4172,8.4172,8.4172,8.4172,8.4172,8.4172,8.4172,8.4172,8.4172,8.4172,8.4172,8.4172,8.4172,8.4172,8.4172,8.4172,8.4172,8.4172,8.4172,8.4172,8.4172,8.4172,8.4172,8.4172,8.4172,8.4172,8.4172,8.4172,8.4172,8.4172,8.4172,8.4172,8.4172,8.4172,8.4172,8.4172,8.4172,8.4172,8.4172,8.4172,8.4172,8.4172,8.4172,8.4172,8.4172,8.4172,8.4172,8.4172,8.4172,8.4172,8.4172,8.4172,8.4172,8.4172,8.4172,8.4172,8.4172,8.4172,8.4172,8.4172,8.4172,8.4172,8.4172,8.4172,8.4172,8.4172,8.4172,8.4172,8.4172,8.4172,8.4172,8.4172,8.4172,8.4172,8.4172,8.4172,8.4172,8.4172,8.4172,8.4172,8.4172,8.4172,8.4172,8.4172,8.4172,8.4172,8.4172,8.4172,8.4172,8.4172,8.4172,8.4172,8.4172,8.4172,8.4172,8.4172,8.4172,8.4172,8.4172,8.4172,8.4172,8.4172,8.4172,8.4172,8.4172,8.4172,8.4172,8.4172,8.4172,8.4172,8.4172,8.4172,8.4172
8.4092,8.4092,8.4092,8.4092,8.4092,8.4092,8.4092,8.4092,8.4092,8.4092,8.4092,8.4092,8.4092,8.4092,8.4092,8.4092,8.4092,8.4092,8.4092,8.4092,8.4092,8.4092,8.4092,8.4092,8.4092,8.4092,8.4092,8.4092,8.4092,8.4092,8.4092,8.4092,8.4092,8.4092,8.4092,8.4092,8.4092,8.4092,8.4092,8.4092,8.4092,8.4092,8.4092,8.4092,8.4092,8.4092,8.4092,8.4092,8.4092,8.4092,8.4092,8.4092,8.4092,8.4092,8.4092,8.4092,8.4092,8.4092,8.4092,8.4092,8.4092,8.4092,8.4092,8.4092,8.4092,8.4092,8.4092,8.4092,8.4092,8.4092,8.4092,8.4092,8.4092,8.4092,8.4092,8.4092,8.4092,8.4092,8.4092,8.4092,8.4092,8.4092,8.4092,8.4092,8.4092,8.4092,8.4092,8.4092,8.4092,8.4092,8.4092,8.4092,8.4092,8.4092,8.4092,8.4092,8.4092,8.4092,8.4092,8.4092,8.4092,8.4092,8.4092,8.4092,8.4092,8.4092,8.4092,8.4092,8.4092,8.4092,8.4092,8.4092,8.4092,8.4092,8.4092,8.4092,8.4092,8.4092,8.4092,8.4092,8.4092,8.4092,8.4092,8.4092,8.4092,8.4092,8.4092,8.4092,8.4092,8.4092,8.4092,8.4092,8.4092,8.4092,8.4092,8.4092,8.4092,8.4092,8.4092,8.4092,8.4092,8.4092,8.4092,8.4092,8.4092,8.4092,8.4092,8.4092,8.4092,8.4092,8.4092,8.4092,8.4092,8.4092,8.4092,8.4092,8.4092,8.4092,8.4092,8.4092,8.4092,8.4092,8.4092,8.4092,8.4092,8.4092,8.4092,8.4092,8.4092,8.4092,8.4092,8.4092,8.4092,8.4092,8.4092,8.4092,8.4092,8.4092,8.4092,8.4092,8.4092,8.4092,8.4092,8.4092,8.4092,8.4092,8.4092,8.4092,8.4092,8.4092,8.4092,8.4092,8.4092,8.4092,8.4092,8.4092,8.4092,8.4092,8.4092,8.4092,8.4092,8.4092,8.4092,8.4092,8.4092,8.4092,8.4092,8.4092,8.4092,8.4092,8.4092,8.4092,8.4092,8.4092,8.4092,8.4092,8.4092,8.4092,8.4092,8.4092,8.4092,8.4092,8.4092,8.4092,8.4092,8.4092,8.4092,8.4092,8.4092,8.4092,8.4092,8.4092,8.4092,8.4092,8.4092,8.4092,8.4092,8.4092,8.4092,8.4092,8.4092,8.4092,8.4092,8.4092,8.4092,8.4092,8.4092,8.4092,8.4092,8.4092,8.4092,8.4092,8.4092,8.4092,8.4092,8.4092,8.4092,8.4092,8.4092,8.4092,8.4092,8.4092,8.4092,8.4092,8.4092,8.4092,8.4092,8.4092,8.4092,8.4092,8.4092,8.4092,8.4092,8.4092,8.4092,8.4092,8.4092,8.4092,8.4092,8.4092,8.4092,8.4092,8.4092,8.4092,8.4092,8.4092,8.4092,8.4092,8.4092,8.4092,8.4092,8.4092,8.4092,8.4092,8.4092,8.4092,8.4092,8.4092,8.4092,8.4092,8.4092,8.4092,8.4092,8.4092,8.4092,8.4092,8.4092,8.4092,8.4092,8.4092,8.4092,8.4092,8.4092,8.4092,8.4092,8.4092,8.4092,8.4092,8.4092,8.4092,8.4092,8.4092,8.4092,8.4092,8.4092,8.4092,8.4092,8.4092,8.4092,8.4092,8.4092,8.4092,8.4092,8.4092,8.4092,8.4092,8.4092,8.4092,8.4092,8.4092,8.4092,8.4092,8.4092,8.4092,8.4092,8.4092,8.4092,8.4092,8.4092,8.4092,8.4092,8.4092,8.4092,8.4092,8.4092,8.4092,8.4092,8.4092,8.4092,8.4092,8.4092,8.4092,8.4092,8.4092,8.4092,8.4092,8.4092,8.4092,8.4092,8.4092,8.4092,8.4092,8.4092,8.4092,8.4092,8.4092,8.4092,8.4092,8.4092,8.4092,8.4092,8.4092,8.4092,8.4092,8.4092,8.4092,8.4092,8.4092,8.4092,8.4092,8.4092,8.4092,8.4092,8.4092,8.4092,8.4092,8.4092,8.4092,8.4092,8.4092,8.4092,8.4092,8.4092,8.4092,8.4092,8.4092,8.4092,8.4092,8.4092,8.4092,8.4092,8.4092,8.4092,8.4092,8.4092,8.4092,8.4092,8.4092,8.4092,8.4092,8.4092,8.4092,8.4092,8.4092,8.4092,8.4092,8.4092,8.4092,8.4092,8.4092,8.4092,8.4092,8.4092,8.4092,8.4092,8.4092,8.4092,8.4092,8.4092,8.4092,8.4092,8.4092,8.4092,8.4092,8.4092,8.4092,8.4092,8.4092,8.4092,8.4092,8.4092,8.4092,8.4092,8.4092,8.4092,8.4092,8.4092,8.4092,8.4092,8.4092,8.4092,8.4092,8.4092,8.4092,8.4092,8.4092,8.4092,8.4092,8.4092,8.4092,8.4092,8.4092,8.4092,8.4092,8.4092,8.4092,8.4092,8.4092,8.4092,8.4092,8.4092,8.4092,8.4092,8.4092,8.4092,8.4092,8.4092,8.4092,8.4092,8.4092,8.4092,8.4092,8.4092,8.4092,8.4092,8.4092,8.4092,8.4092,8.4092,8.4092,8.4092,8.4092,8.4092,8.4092,8.4092,8.4092,8.4092,8.4092,8.4092,8.4092,8.4092,8.4092,8.4092,8.4092,8.4092,8.4092,8.4092,8.4092,8.4092,8.4092,8.4092,8.4092,8.4092,8.4092,8.4092,8.4092,8.4092,8.4092,8.4092,8.4092,8.4092,8.4092,8.4092,8.4092,8.4092,8.4092,8.4092,8.4092,8.4092,8.4092,8.4092,8.4092,8.4092,8.4092,8.4092,8.4092,8.4092,8.4092,8.4092,8.4092,8.4092,8.4092,8.4092,8.4092,8.4092,8.4092,8.4092,8.4092,8.4092,8.4092,8.4092,8.4092,8.4092,8.4092,8.4092,8.4092,8.4092,8.4092,8.4092,8.4092,8.4092,8.4092,8.4092,8.4092,8.4092,8.4092,8.4092,8.4092,8.4092,8.4092,8.4092,8.4092,8.4092,8.4092,8.4092,8.4092,8.4092,8.4092,8.4092,8.4092,8.4092,8.4092,8.4092,8.4092,8.4092,8.4092,8.4092,8.4092,8.4092,8.4092,8.4092,8.4092,8.4092,8.4092,8.4092,8.4092,8.4092,8.4092,8.4092,8.4092,8.4092,8.4092,8.4092,8.4092,8.4092,8.4092,8.4092,8.4092,8.4092,8.4092,8.4092,8.4092,8.4092,8.4092,8.4092,8.4092,8.4092,8.4092,8.4092,8.4092,8.4092,8.4092,8.4092,8.4092,8.4092,8.4092,8.4092,8.4092,8.4092,8.4092,8.4092,8.4092,8.4092,8.4092,8.4092,8.4092,8.4092,8.4092,8.4092,8.4092,8.4092,8.4092,8.4092,8.4092,8.4092,8.4092,8.4092,8.4092,8.4092,8.4092,8.4092,8.4092,8.4092,8.4092,8.4092,8.4092,8.4092,8.4092,8.4092,8.4092,8.4092,8.4092,8.4092,8.4092,8.4092,8.4092,8.4092,8.4092,8.4092,8.4092,8.4092,8.4092,8.4092,8.4092,8.4092,8.4092,8.4092,8.4092,8.4092,8.4092,8.4092,8.4092,8.4092,8.4092,8.4092,8.4092,8.4092,8.4092,8.4092,8.4092,8.4092,8.4092,8.4092,8.4092,8.4092,8.4092,8.4092,8.4092,8.4092,8.4092,8.4092,8.4092,8.4092,8.4092,8.4092,8.4092,8.4092,8.4092,8.4092,8.4092,8.4092,8.4092,8.4092,8.4092,8.4092,8.4092,8.4092,8.4092,8.4092,8.4092,8.4092,8.4092,8.4092,8.4092,8.4092,8.4092,8.4092,8.4092,8.4092,8.4092,8.4092,8.4092,8.4092,8.4092,8.4092,8.4092,8.4092,8.4092,8.4092,8.4092,8.4092,8.4092,8.4092,8.4092,8.4092,8.4092,8.4092,8.4092,8.4092,8.4092,8.4092,8.4092,8.4092,8.4092,8.4092,8.4092,8.4092,8.4092,8.4092,8.4092,8.4092,8.4092,8.4092,8.4092,8.4092,8.4092,8.4092,8.4092,8.4092,8.4092,8.4092,8.4092,8.4092,8.4092,8.4092,8.4092,8.4092,8.4092,8.4092,8.4092,8.4092,8.4092,8.4092,8.4092,8.4092,8.4092,8.4092,8.4092,8.4092,8.4092,8.4092,8.4092,8.4092,8.4092,8.4092,8.4092,8.4092,8.4092,8.4092,8.4092,8.4092,8.4092,8.4092,8.4092,8.4092,8.4092,8.4092,8.4092,8.4092,8.4092,8.4092,8.4092,8.4092,8.4092,8.4092,8.4092,8.4092,8.4092,8.4092,8.4092,8.4092,8.4092,8.4092,8.4092,8.4092,8.4092,8.4092,8.4092,8.4092,8.4092,8.4092,8.4092,8.4092,8.4092,8.4092,8.4092,8.4092,8.4092,8.4092,8.4092,8.4092,8.4092,8.4092,8.4092,8.4092,8.4092,8.4092,8.4092,8.4092,8.4092,8.4092,8.4092,8.4092,8.4092,8.4092,8.4092,8.4092,8.4092,8.4092,8.4092,8.4092,8.4092,8.4092,8.4092,8.4092,8.4092,8.4092,8.4092,8.4092,8.4092,8.4092,8.4092,8.4092,8.4092,8.4092,8.4092,8.4092,8.4092,8.4092,8.4092,8.4092,8.4092,8.4092,8.4092,8.4092,8.4092,8.4092,8.4092,8.4092,8.4092,8.4092,8.4092,8.4092,8.4092,8.4092,8.4092,8.4092,8.4092,8.4092,8.4092,8.4092,8.4092,8.4092,8.4092,8.4092,8.4092,8.4092,8.4092,8.4092,8.4092,8.4092,8.4092,8.4092,8.4092,8.4092,8.4092,8.4092,8.4092,8.4092,8.4092,8.4092,8.4092,8.4092,8.4092,8.4092,8.4092,8.4092,8.4092,8.4092,8.4092,8.4092,8.4092,8.4092,8.4092,8.4092,8.4092,8.4092,8.4092,8.4092,8.4092,8.4092,8.4092,8.4092,8.4092,8.4092,8.4092,8.4092,8.4092,8.4092,8.4092
8.4020,8.4020,8.4020,8.4020,8.4020,8.4020,8.4020,8.4020,8.4020,8.4020,8.4020,8.4020,8.4020,8.4020,8.4020,8.4020,8.4020,8.4020,8.4020,8.4020,8.4020,8.4020,8.4020,8.4020,8.4020,8.4020,8.4020,8.4020,8.4020,8.4020,8.4020,8.4020,8.4020,8.4020,8.4020,8.4020,8.4020,8.4020,8.4020,8.4020,8.4020,8.4020,8.4020,8.4020,8.4020,8.4020,8.4020,8.4020,8.4020,8.4020,8.4020,8.4020,8.4020,8.4020,8.4020,8.4020,8.4020,8.4020,8.4020,8.4020,8.4020,8.4020,8.4020,8.4020,8.4020,8.4020,8.4020,8.4020,8.4020,8.4020,8.4020,8.4020,8.4020,8.4020,8.4020,8.4020,8.4020,8.4020,8.4020,8.4020,8.4020,8.4020,8.4020,8.4020,8.4020,8.4020,8.4020,8.4020,8.4020,8.4020,8.4020,8.4020,8.4020,8.4020,8.4020,8.4020,8.4020,8.4020,8.4020,8.4020,8.4020,8.4020,8.4020,8.4020,8.4020,8.4020,8.4020,8.4020,8.4020,8.4020,8.4020,8.4020,8.4020,8.4020,8.4020,8.4020,8.4020,8.4020,8.4020,8.4020,8.4020,8.4020,8.4020,8.4020,8.4020,8.4020,8.4020,8.4020,8.4020,8.4020,8.4020,8.4020,8.4020,8.4020,8.4020,8.4020,8.4020,8.4020,8.4020,8.4020,8.4020,8.4020,8.4020,8.4020,8.4020,8.4020,8.4020,8.4020,8.4020,8.4020,8.4020,8.4020,8.4020,8.4020,8.4020,8.4020,8.4020,8.4020,8.4020,8.4020,8.4020,8.4020,8.4020,8.4020,8.4020,8.4020,8.4020,8.4020,8.4020,8.4020,8.4020,8.4020,8.4020,8.4020,8.4020,8.4020,8.4020,8.4020,8.4020,8.4020,8.4020,8.4020,8.4020,8.4020,8.4020,8.4020,8.4020,8.4020,8.4020,8.4020,8.4020,8.4020,8.4020,8.4020,8.4020,8.4020,8.4020,8.4020,8.4020,8.4020,8.4020,8.4020,8.4020,8.4020,8.4020,8.4020,8.4020,8.4020,8.4020,8.4020,8.4020,8.4020,8.4020,8.4020,8.4020,8.4020,8.4020,8.4020,8.4020,8.4020,8.4020,8.4020,8.4020,8.4020,8.4020,8.4020,8.4020,8.4020,8.4020,8.4020,8.4020,8.4020,8.4020,8.4020,8.4020,8.4020,8.4020,8.4020,8.4020,8.4020,8.4020,8.4020,8.4020,8.4020,8.4020,8.4020,8.4020,8.4020,8.4020,8.4020,8.4020,8.4020,8.4020,8.4020,8.4020,8.4020,8.4020,8.4020,8.4020,8.4020,8.4020,8.4020,8.4020,8.4020,8.4020,8.4020,8.4020,8.4020,8.4020,8.4020,8.4020,8.4020,8.4020,8.4020,8.4020,8.4020,8.4020,8.4020,8.4020,8.4020,8.4020,8.4020,8.4020,8.4020,8.4020,8.4020,8.4020,8.4020,8.4020,8.4020,8.4020,8.4020,8.4020,8.4020,8.4020,8.4020,8.4020,8.4020,8.4020,8.4020,8.4020,8.4020,8.4020,8.4020,8.4020,8.4020,8.4020,8.4020,8.4020,8.4020,8.4020,8.4020,8.4020,8.4020,8.4020,8.4020,8.4020,8.4020,8.4020,8.4020,8.4020,8.4020,8.4020,8.4020,8.4020,8.4020,8.4020,8.4020,8.4020,8.4020,8.4020,8.4020,8.4020,8.4020,8.4020,8.4020,8.4020,8.4020,8.4020,8.4020,8.4020,8.4020,8.4020,8.4020,8.4020,8.4020,8.4020,8.4020,8.4020,8.4020,8.4020,8.4020,8.4020,8.4020,8.4020,8.4020,8.4020,8.4020,8.4020,8.4020,8.4020,8.4020,8.4020,8.4020,8.4020,8.4020,8.4020,8.4020,8.4020,8.4020,8.4020,8.4020,8.4020,8.4020,8.4020,8.4020,8.4020,8.4020,8.4020,8.4020,8.4020,8.4020,8.4020,8.4020,8.4020,8.4020,8.4020,8.4020,8.4020,8.4020,8.4020,8.4020,8.4020,8.4020,8.4020,8.4020,8.4020,8.4020,8.4020,8.4020,8.4020,8.4020,8.4020,8.4020,8.4020,8.4020,8.4020,8.4020,8.4020,8.4020,8.4020,8.4020,8.4020,8.4020,8.4020,8.4020,8.4020,8.4020,8.4020,8.4020,8.4020,8.4020,8.4020,8.4020,8.4020,8.4020,8.4020,8.4020,8.4020,8.4020,8.4020,8.4020,8.4020,8.4020,8.4020,8.4020,8.4020,8.4020,8.4020,8.4020,8.4020,8.4020,8.4020,8.4020,8.4020,8.4020,8.4020,8.4020,8.4020,8.4020,8.4020,8.4020,8.4020,8.4020,8.4020,8.4020,8.4020,8.4020,8.4020,8.4020,8.4020,8.4020,8.4020,8.4020,8.4020,8.4020,8.4020,8.4020,8.4020,8.4020,8.4020,8.4020,8.4020,8.4020,8.4020,8.4020,8.4020,8.4020,8.4020,8.4020,8.4020,8.4020,8.4020,8.4020,8.4020,8.4020,8.4020,8.4020,8.4020,8.4020,8.4020,8.4020,8.4020,8.4020,8.4020,8.4020,8.4020,8.4020,8.4020,8.4020,8.4020,8.4020,8.4020,8.4020,8.4020,8.4020,8.4020,8.4020,8.4020,8.4020,8.4020,8.4020,8.4020,8.4020,8.4020,8.4020,8.4020,8.4020,8.4020,8.4020,8.4020,8.4020,8.4020,8.4020,8.4020,8.4020,8.4020,8.4020,8.4020,8.4020,8.4020,8.4020,8.4020,8.4020,8.4020,8.4020,8.4020,8.4020,8.4020,8.4020,8.4020,8.4020,8.4020,8.4020,8.4020,8.4020,8.4020,8.4020,8.4020,8.4020,8.4020,8.4020,8.4020,8.4020,8.4020,8.4020,8.4020,8.4020,8.4020,8.4020,8.4020,8.4020,8.4020,8.4020,8.4020,8.4020,8.4020,8.4020,8.4020,8.4020,8.4020,8.4020,8.4020,8.4020,8.4020,8.4020,8.4020,8.4020,8.4020,8.4020,8.4020,8.4020,8.4020,8.4020,8.4020,8.4020,8.4020,8.4020,8.4020,8.4020,8.4020,8.4020,8.4020,8.4020,8.4020,8.4020,8.4020,8.4020,8.4020,8.4020,8.4020,8.4020,8.4020,8.4020,8.4020,8.4020,8.4020,8.4020,8.4020,8.4020,8.4020,8.4020,8.4020,8.4020,8.4020,8.4020,8.4020,8.4020,8.4020,8.4020,8.4020,8.4020,8.4020,8.4020,8.4020,8.4020,8.4020,8.4020,8.4020,8.4020,8.4020,8.4020,8.4020,8.4020,8.4020,8.4020,8.4020,8.4020,8.4020,8.4020,8.4020,8.4020,8.4020,8.4020,8.4020,8.4020,8.4020,8.4020,8.4020,8.4020,8.4020,8.4020,8.4020,8.4020,8.4020,8.4020,8.4020,8.4020,8.4020,8.4020,8.4020,8.4020,8.4020,8.4020,8.4020,8.4020,8.4020,8.4020,8.4020,8.4020,8.4020,8.4020,8.4020,8.4020,8.4020,8.4020,8.4020,8.4020,8.4020,8.4020,8.4020,8.4020,8.4020,8.4020,8.4020,8.4020,8.4020,8.4020,8.4020,8.4020,8.4020,8.4020,8.4020,8.4020,8.4020,8.4020,8.4020,8.4020,8.4020,8.4020,8.4020,8.4020,8.4020,8.4020,8.4020,8.4020,8.4020,8.4020,8.4020,8.4020,8.4020,8.4020,8.4020,8.4020,8.4020,8.4020,8.4020,8.4020,8.4020,8.4020,8.4020,8.4020,8.4020,8.4020,8.4020,8.4020,8.4020,8.4020,8.4020,8.4020,8.4020,8.4020,8.4020,8.4020,8.4020,8.4020,8.4020,8.4020,8.4020,8.4020,8.4020,8.4020,8.4020,8.4020,8.4020,8.4020,8.4020,8.4020,8.4020,8.4020,8.4020,8.4020,8.4020,8.4020,8.4020,8.4020,8.4020,8.4020,8.4020,8.4020,8.4020,8.4020,8.4020,8.4020,8.4020,8.4020,8.4020,8.4020,8.4020,8.4020,8.4020,8.4020,8.4020,8.4020,8.4020,8.4020,8.4020,8.4020,8.4020,8.4020,8.4020,8.4020,8.4020,8.4020,8.4020,8.4020,8.4020,8.4020,8.4020,8.4020,8.4020,8.4020,8.4020,8.4020,8.4020,8.4020,8.4020,8.4020,8.4020,8.4020,8.4020,8.4020,8.4020,8.4020,8.4020,8.4020,8.4020,8.4020,8.4020,8.4020,8.4020,8.4020,8.4020,8.4020,8.4020,8.4020,8.4020,8.4020,8.4020,8.4020,8.4020,8.4020,8.4020,8.4020,8.4020,8.4020,8.4020,8.4020,8.4020,8.4020,8.4020,8.4020,8.4020,8.4020,8.4020,8.4020,8.4020,8.4020,8.4020,8.4020,8.4020,8.4020,8.4020,8.4020,8.4020,8.4020,8.4020,8.4020,8.4020,8.4020,8.4020,8.4020,8.4020,8.4020,8.4020,8.4020,8.4020,8.4020,8.4020,8.4020,8.4020,8.4020,8.4020,8.4020,8.4020,8.4020,8.4020,8.4020,8.4020,8.4020,8.4020,8.4020,8.4020,8.4020,8.4020,8.4020,8.4020,8.4020,8.4020,8.4020,8.4020,8.4020,8.4020,8.4020,8.4020,8.4020,8.4020,8.4020,8.4020,8.4020,8.4020,8.4020,8.4020,8.4020,8.4020,8.4020,8.4020,8.4020,8.4020,8.4020,8.4020,8.4020,8.4020,8.4020,8.4020,8.4020,8.4020,8.4020,8.4020,8.4020,8.4020,8.4020,8.4020,8.4020,8.4020,8.4020,8.4020,8.4020,8.4020,8.4020,8.4020,8.4020,8.4020,8.4020,8.4020,8.4020,8.4020,8.4020,8.4020,8.4020,8.4020,8.4020,8.4020,8.4020,8.4020,8.4020,8.4020,8.4020,8.4020,8.4020,8.4020,8.4020,8.4020,8.4020,8.4020,8.4020,8.4020,8.4020,8.4020,8.4020,8.4020,8.4020,8.4020,8.4020,8.4020,8.4020,8.4020,8.4020,8.4020,8.4020
8.3936,8.3936,8.3936,8.3936,8.3936,8.3936,8.3936,8.3936,8.3936,8.3936,8.3936,8.3936,8.3936,8.3936,8.3936,8.3936,8.3936,8.3936,8.3936,8.3936,8.3936,8.3936,8.3936,8.3936,8.3936,8.3936,8.3936,8.3936,8.3936,8.3936,8.3936,8.3936,8.3936,8.3936,8.3936,8.3936,8.3936,8.3936,8.3936,8.3936,8.3936,8.3936,8.3936,8.3936,8.3936,8.3936,8.3936,8.3936,8.3936,8.3936,8.3936,8.3936,8.3936,8.3936,8.3936,8.3936,8.3936,8.3936,8.3936,8.3936,8.3936,8.3936,8.3936,8.3936,8.3936,8.3936,8.3936,8.3936,8.3936,8.3936,8.3936,8.3936,8.3936,8.3936,8.3936,8.3936,8.3936,8.3936,8.3936,8.3936,8.3936,8.3936,8.3936,8.3936,8.3936,8.3936,8.3936,8.3936,8.3936,8.3936,8.3936,8.3936,8.3936,8.3936,8.3936,8.3936,8.3936,8.3936,8.3936,8.3936,8.3936,8.3936,8.3936,8.3936,8.3936,8.3936,8.3936,8.3936,8.3936,8.3936,8.3936,8.3936,8.3936,8.3936,8.3936,8.3936,8.3936,8.3936,8.3936,8.3936,8.3936,8.3936,8.3936,8.3936,8.3936,8.3936,8.3936,8.3936,8.3936,8.3936,8.3936,8.3936,8.3936,8.3936,8.3936,8.3936,8.3936,8.3936,8.3936,8.3936,8.3936,8.3936,8.3936,8.3936,8.3936,8.3936,8.3936,8.3936,8.3936,8.3936,8.3936,8.3936,8.3936,8.3936,8.3936,8.3936,8.3936,8.3936,8.3936,8.3936,8.3936,8.3936,8.3936,8.3936,8.3936,8.3936,8.3936,8.3936,8.3936,8.3936,8.3936,8.3936,8.3936,8.3936,8.3936,8.3936,8.3936,8.3936,8.3936,8.3936,8.3936,8.3936,8.3936,8.3936,8.3936,8.3936,8.3936,8.3936,8.3936,8.3936,8.3936,8.3936,8.3936,8.3936,8.3936,8.3936,8.3936,8.3936,8.3936,8.3936,8.3936,8.3936,8.3936,8.3936,8.3936,8.3936,8.3936,8.3936,8.3936,8.3936,8.3936,8.3936,8.3936,8.3936,8.3936,8.3936,8.3936,8.3936,8.3936,8.3936,8.3936,8.3936,8.3936,8.3936,8.3936,8.3936,8.3936,8.3936,8.3936,8.3936,8.3936,8.3936,8.3936,8.3936,8.3936,8.3936,8.3936,8.3936,8.3936,8.3936,8.3936,8.3936,8.3936,8.3936,8.3936,8.3936,8.3936,8.3936,8.3936,8.3936,8.3936,8.3936,8.3936,8.3936,8.3936,8.3936,8.3936,8.3936,8.3936,8.3936,8.3936,8.3936,8.3936,8.3936,8.3936,8.3936,8.3936,8.3936,8.3936,8.3936,8.3936,8.3936,8.3936,8.3936,8.3936,8.3936,8.3936,8.3936,8.3936,8.3936,8.3936,8.3936,8.3936,8.3936,8.3936,8.3936,8.3936,8.3936,8.3936,8.3936,8.3936,8.3936,8.3936,8.3936,8.3936,8.3936,8.3936,8.3936,8.3936,8.3936,8.3936,8.3936,8.3936,8.3936,8.3936,8.3936,8.3936,8.3936,8.3936,8.3936,8.3936,8.3936,8.3936,8.3936,8.3936,8.3936,8.3936,8.3936,8.3936,8.3936,8.3936,8.3936,8.3936,8.3936,8.3936,8.3936,8.3936,8.3936,8.3936,8.3936,8.3936,8.3936,8.3936,8.3936,8.3936,8.3936,8.3936,8.3936,8.3936,8.3936,8.3936,8.3936,8.3936,8.3936,8.3936,8.3936,8.3936,8.3936,8.3936,8.3936,8.3936,8.3936,8.3936,8.3936,8.3936,8.3936,8.3936,8.3936,8.3936,8.3936,8.3936,8.3936,8.3936,8.3936,8.3936,8.3936,8.3936,8.3936,8.3936,8.3936,8.3936,8.3936,8.3936,8.3936,8.3936,8.3936,8.3936,8.3936,8.3936,8.3936,8.3936,8.3936,8.3936,8.3936,8.3936,8.3936,8.3936,8.3936,8.3936,8.3936,8.3936,8.3936,8.3936,8.3936,8.3936,8.3936,8.3936,8.3936,8.3936,8.3936,8.3936,8.3936,8.3936,8.3936,8.3936,8.3936,8.3936,8.3936,8.3936,8.3936,8.3936,8.3936,8.3936,8.3936,8.3936,8.3936,8.3936,8.3936,8.3936,8.3936,8.3936,8.3936,8.3936,8.3936,8.3936,8.3936,8.3936,8.3936,8.3936,8.3936,8.3936,8.3936,8.3936,8.3936,8.3936,8.3936,8.3936,8.3936,8.3936,8.3936,8.3936,8.3936,8.3936,8.3936,8.3936,8.3936,8.3936,8.3936,8.3936,8.3936,8.3936,8.3936,8.3936,8.3936,8.3936,8.3936,8.3936,8.3936,8.3936,8.3936,8.3936,8.3936,8.3936,8.3936,8.3936,8.3936,8.3936,8.3936,8.3936,8.3936,8.3936,8.3936,8.3936,8.3936,8.3936,8.3936,8.3936,8.3936,8.3936,8.3936,8.3936,8.3936,8.3936,8.3936,8.3936,8.3936,8.3936,8.3936,8.3936,8.3936,8.3936,8.3936,8.3936,8.3936,8.3936,8.3936,8.3936,8.3936,8.3936,8.3936,8.3936,8.3936,8.3936,8.3936,8.3936,8.3936,8.3936,8.3936,8.3936,8.3936,8.3936,8.3936,8.3936,8.3936,8.3936,8.3936,8.3936,8.3936,8.3936,8.3936,8.3936,8.3936,8.3936,8.3936,8.3936,8.3936,8.3936,8.3936,8.3936,8.3936,8.3936,8.3936,8.3936,8.3936,8.3936,8.3936,8.3936,8.3936,8.3936,8.3936,8.3936,8.3936,8.3936,8.3936,8.3936,8.3936,8.3936,8.3936,8.3936,8.3936,8.3936,8.3936,8.3936,8.3936,8.3936,8.3936,8.3936,8.3936,8.3936,8.3936,8.3936,8.3936,8.3936,8.3936,8.3936,8.3936,8.3936,8.3936,8.3936,8.3936,8.3936,8.3936,8.3936,8.3936,8.3936,8.3936,8.3936,8.3936,8.3936,8.3936,8.3936,8.3936,8.3936,8.3936,8.3936,8.3936,8.3936,8.3936,8.3936,8.3936,8.3936,8.3936,8.3936,8.3936,8.3936,8.3936,8.3936,8.3936,8.3936,8.3936,8.3936,8.3936,8.3936,8.3936,8.3936,8.3936,8.3936,8.3936,8.3936,8.3936,8.3936,8.3936,8.3936,8.3936,8.3936,8.3936,8.3936,8.3936,8.3936,8.3936,8.3936,8.3936,8.3936,8.3936,8.3936,8.3936,8.3936,8.3936,8.3936,8.3936,8.3936,8.3936,8.3936,8.3936,8.3936,8.3936,8.3936,8.3936,8.3936,8.3936,8.3936,8.3936,8.3936,8.3936,8.3936,8.3936,8.3936,8.3936,8.3936,8.3936,8.3936,8.3936,8.3936,8.3936,8.3936,8.3936,8.3936,8.3936,8.3936,8.3936,8.3936,8.3936,8.3936,8.3936,8.3936,8.3936,8.3936,8.3936,8.3936,8.3936,8.3936,8.3936,8.3936,8.3936,8.3936,8.3936,8.3936,8.3936,8.3936,8.3936,8.3936,8.3936,8.3936,8.3936,8.3936,8.3936,8.3936,8.3936,8.3936,8.3936,8.3936,8.3936,8.3936,8.3936,8.3936,8.3936,8.3936,8.3936,8.3936,8.3936,8.3936,8.3936,8.3936,8.3936,8.3936,8.3936,8.3936,8.3936,8.3936,8.3936,8.3936,8.3936,8.3936,8.3936,8.3936,8.3936,8.3936,8.3936,8.3936,8.3936,8.3936,8.3936,8.3936,8.3936,8.3936,8.3936,8.3936,8.3936,8.3936,8.3936,8.3936,8.3936,8.3936,8.3936,8.3936,8.3936,8.3936,8.3936,8.3936,8.3936,8.3936,8.3936,8.3936,8.3936,8.3936,8.3936,8.3936,8.3936,8.3936,8.3936,8.3936,8.3936,8.3936,8.3936,8.3936,8.3936,8.3936,8.3936,8.3936,8.3936,8.3936,8.3936,8.3936,8.3936,8.3936,8.3936,8.3936,8.3936,8.3936,8.3936,8.3936,8.3936,8.3936,8.3936,8.3936,8.3936,8.3936,8.3936,8.3936,8.3936,8.3936,8.3936,8.3936,8.3936,8.3936,8.3936,8.3936,8.3936,8.3936,8.3936,8.3936,8.3936,8.3936,8.3936,8.3936,8.3936,8.3936,8.3936,8.3936,8.3936,8.3936,8.3936,8.3936,8.3936,8.3936,8.3936,8.3936,8.3936,8.3936,8.3936,8.3936,8.3936,8.3936,8.3936,8.3936,8.3936,8.3936,8.3936,8.3936,8.3936,8.3936,8.3936,8.3936,8.3936,8.3936,8.3936,8.3936,8.3936,8.3936,8.3936,8.3936,8.3936,8.3936,8.3936,8.3936,8.3936,8.3936,8.3936,8.3936,8.3936,8.3936,8.3936,8.3936,8.3936,8.3936,8.3936,8.3936,8.3936,8.3936,8.3936,8.3936,8.3936,8.3936,8.3936,8.3936,8.3936,8.3936,8.3936,8.3936,8.3936,8.3936,8.3936,8.3936,8.3936,8.3936,8.3936,8.3936,8.3936,8.3936,8.3936,8.3936,8.3936,8.3936,8.3936,8.3936,8.3936,8.3936,8.3936,8.3936,8.3936,8.3936,8.3936,8.3936,8.3936,8.3936,8.3936,8.3936,8.3936,8.3936,8.3936,8.3936,8.3936,8.3936,8.3936,8.3936,8.3936,8.3936,8.3936,8.3936,8.3936,8.3936,8.3936,8.3936,8.3936,8.3936,8.3936,8.3936,8.3936,8.3936,8.3936,8.3936,8.3936,8.3936,8.3936,8.3936,8.3936,8.3936,8.3936,8.3936,8.3936,8.3936,8.3936,8.3936,8.3936,8.3936,8.3936,8.3936,8.3936,8.3936,8.3936,8.3936,8.3936,8.3936,8.3936,8.3936,8.3936,8.3936,8.3936,8.3936,8.3936,8.3936,8.3936,8.3936,8.3936,8.3936,8.3936,8.3936,8.3936,8.3936,8.3936,8.3936,8.3936,8.3936,8.3936,8.3936,8.3936,8.3936,8.3936,8.3936,8.3936
8.3861,8.3861,8.3861,8.3861,8.3861,8.3861,8.3861,8.3861,8.3861,8.3861,8.3861,8.3861,8.3861,8.3861,8.3861,8.3861,8.3861,8.3861,8.3861,8.3861,8.3861,8.3861,8.3861,8.3861,8.3861,8.3861,8.3861,8.3861,8.3861,8.3861,8.3861,8.3861,8.3861,8.3861,8.3861,8.3861,8.3861,8.3861,8.3861,8.3861,8.3861,8.3861,8.3861,8.3861,8.3861,8.3861,8.3861,8.3861,8.3861,8.3861,8.3861,8.3861,8.3861,8.3861,8.3861,8.3861,8.3861,8.3861,8.3861,8.3861,8.3861,8.3861,8.3861,8.3861,8.3861,8.3861,8.3861,8.3861,8.3861,8.3861,8.3861,8.3861,8.3861,8.3861,8.3861,8.3861,8.3861,8.3861,8.3861,8.3861,8.3861,8.3861,8.3861,8.3861,8.3861,8.3861,8.3861,8.3861,8.3861,8.3861,8.3861,8.3861,8.3861,8.3861,8.3861,8.3861,8.3861,8.3861,8.3861,8.3861,8.3861,8.3861,8.3861,8.3861,8.3861,8.3861,8.3861,8.3861,8.3861,8.3861,8.3861,8.3861,8.3861,8.3861,8.3861,8.3861,8.3861,8.3861,8.3861,8.3861,8.3861,8.3861,8.3861,8.3861,8.3861,8.3861,8.3861,8.3861,8.3861,8.3861,8.3861,8.3861,8.3861,8.3861,8.3861,8.3861,8.3861,8.3861,8.3861,8.3861,8.3861,8.3861,8.3861,8.3861,8.3861,8.3861,8.3861,8.3861,8.3861,8.3861,8.3861,8.3861,8.3861,8.3861,8.3861,8.3861,8.3861,8.3861,8.3861,8.3861,8.3861,8.3861,8.3861,8.3861,8.3861,8.3861,8.3861,8.3861,8.3861,8.3861,8.3861,8.3861,8.3861,8.3861,8.3861,8.3861,8.3861,8.3861,8.3861,8.3861,8.3861,8.3861,8.3861,8.3861,8.3861,8.3861,8.3861,8.3861,8.3861,8.3861,8.3861,8.3861,8.3861,8.3861,8.3861,8.3861,8.3861,8.3861,8.3861,8.3861,8.3861,8.3861,8.3861,8.3861,8.3861,8.3861,8.3861,8.3861,8.3861,8.3861,8.3861,8.3861,8.3861,8.3861,8.3861,8.3861,8.3861,8.3861,8.3861,8.3861,8.3861,8.3861,8.3861,8.3861,8.3861,8.3861,8.3861,8.3861,8.3861,8.3861,8.3861,8.3861,8.3861,8.3861,8.3861,8.3861,8.3861,8.3861,8.3861,8.3861,8.3861,8.3861,8.3861,8.3861,8.3861,8.3861,8.3861,8.3861,8.3861,8.3861,8.3861,8.3861,8.3861,8.3861,8.3861,8.3861,8.3861,8.3861,8.3861,8.3861,8.3861,8.3861,8.3861,8.3861,8.3861,8.3861,8.3861,8.3861,8.3861,8.3861,8.3861,8.3861,8.3861,8.3861,8.3861,8.3861,8.3861,8.3861,8.3861,8.3861,8.3861,8.3861,8.3861,8.3861,8.3861,8.3861,8.3861,8.3861,8.3861,8.3861,8.3861,8.3861,8.3861,8.3861,8.3861,8.3861,8.3861,8.3861,8.3861,8.3861,8.3861,8.3861,8.3861,8.3861,8.3861,8.3861,8.3861,8.3861,8.3861,8.3861,8.3861,8.3861,8.3861,8.3861,8.3861,8.3861,8.3861,8.3861,8.3861,8.3861,8.3861,8.3861,8.3861,8.3861,8.3861,8.3861,8.3861,8.3861,8.3861,8.3861,8.3861,8.3861,8.3861,8.3861,8.3861,8.3861,8.3861,8.3861,8.3861,8.3861,8.3861,8.3861,8.3861,8.3861,8.3861,8.3861,8.3861,8.3861,8.3861,8.3861,8.3861,8.3861,8.3861,8.3861,8.3861,8.3861,8.3861,8.3861,8.3861,8.3861,8.3861,8.3861,8.3861,8.3861,8.3861,8.3861,8.3861,8.3861,8.3861,8.3861,8.3861,8.3861,8.3861,8.3861,8.3861,8.3861,8.3861,8.3861,8.3861,8.3861,8.3861,8.3861,8.3861,8.3861,8.3861,8.3861,8.3861,8.3861,8.3861,8.3861,8.3861,8.3861,8.3861,8.3861,8.3861,8.3861,8.3861,8.3861,8.3861,8.3861,8.3861,8.3861,8.3861,8.3861,8.3861,8.3861,8.3861,8.3861,8.3861,8.3861,8.3861,8.3861,8.3861,8.3861,8.3861,8.3861,8.3861,8.3861,8.3861,8.3861,8.3861,8.3861,8.3861,8.3861,8.3861,8.3861,8.3861,8.3861,8.3861,8.3861,8.3861,8.3861,8.3861,8.3861,8.3861,8.3861,8.3861,8.3861,8.3861,8.3861,8.3861,8.3861,8.3861,8.3861,8.3861,8.3861,8.3861,8.3861,8.3861,8.3861,8.3861,8.3861,8.3861,8.3861,8.3861,8.3861,8.3861,8.3861,8.3861,8.3861,8.3861,8.3861,8.3861,8.3861,8.3861,8.3861,8.3861,8.3861,8.3861,8.3861,8.3861,8.3861,8.3861,8.3861,8.3861,8.3861,8.3861,8.3861,8.3861,8.3861,8.3861,8.3861,8.3861,8.3861,8.3861,8.3861,8.3861,8.3861,8.3861,8.3861,8.3861,8.3861,8.3861,8.3861,8.3861,8.3861,8.3861,8.3861,8.3861,8.3861,8.3861,8.3861,8.3861,8.3861,8.3861,8.3861,8.3861,8.3861,8.3861,8.3861,8.3861,8.3861,8.3861,8.3861,8.3861,8.3861,8.3861,8.3861,8.3861,8.3861,8.3861,8.3861,8.3861,8.3861,8.3861,8.3861,8.3861,8.3861,8.3861,8.3861,8.3861,8.3861,8.3861,8.3861,8.3861,8.3861,8.3861,8.3861,8.3861,8.3861,8.3861,8.3861,8.3861,8.3861,8.3861,8.3861,8.3861,8.3861,8.3861,8.3861,8.3861,8.3861,8.3861,8.3861,8.3861,8.3861,8.3861,8.3861,8.3861,8.3861,8.3861,8.3861,8.3861,8.3861,8.3861,8.3861,8.3861,8.3861,8.3861,8.3861,8.3861,8.3861,8.3861,8.3861,8.3861,8.3861,8.3861,8.3861,8.3861,8.3861,8.3861,8.3861,8.3861,8.3861,8.3861,8.3861,8.3861,8.3861,8.3861,8.3861,8.3861,8.3861,8.3861,8.3861,8.3861,8.3861,8.3861,8.3861,8.3861,8.3861,8.3861,8.3861,8.3861,8.3861,8.3861,8.3861,8.3861,8.3861,8.3861,8.3861,8.3861,8.3861,8.3861,8.3861,8.3861,8.3861,8.3861,8.3861,8.3861,8.3861,8.3861,8.3861,8.3861,8.3861,8.3861,8.3861,8.3861,8.3861,8.3861,8.3861,8.3861,8.3861,8.3861,8.3861,8.3861,8.3861,8.3861,8.3861,8.3861,8.3861,8.3861,8.3861,8.3861,8.3861,8.3861,8.3861,8.3861,8.3861,8.3861,8.3861,8.3861,8.3861,8.3861,8.3861,8.3861,8.3861,8.3861,8.3861,8.3861,8.3861,8.3861,8.3861,8.3861,8.3861,8.3861,8.3861,8.3861,8.3861,8.3861,8.3861,8.3861,8.3861,8.3861,8.3861,8.3861,8.3861,8.3861,8.3861,8.3861,8.3861,8.3861,8.3861,8.3861,8.3861,8.3861,8.3861,8.3861,8.3861,8.3861,8.3861,8.3861,8.3861,8.3861,8.3861,8.3861,8.3861,8.3861,8.3861,8.3861,8.3861,8.3861,8.3861,8.3861,8.3861,8.3861,8.3861,8.3861,8.3861,8.3861,8.3861,8.3861,8.3861,8.3861,8.3861,8.3861,8.3861,8.3861,8.3861,8.3861,8.3861,8.3861,8.3861,8.3861,8.3861,8.3861,8.3861,8.3861,8.3861,8.3861,8.3861,8.3861,8.3861,8.3861,8.3861,8.3861,8.3861,8.3861,8.3861,8.3861,8.3861,8.3861,8.3861,8.3861,8.3861,8.3861,8.3861,8.3861,8.3861,8.3861,8.3861,8.3861,8.3861,8.3861,8.3861,8.3861,8.3861,8.3861,8.3861,8.3861,8.3861,8.3861,8.3861,8.3861,8.3861,8.3861,8.3861,8.3861,8.3861,8.3861,8.3861,8.3861,8.3861,8.3861,8.3861,8.3861,8.3861,8.3861,8.3861,8.3861,8.3861,8.3861,8.3861,8.3861,8.3861,8.3861,8.3861,8.3861,8.3861,8.3861,8.3861,8.3861,8.3861,8.3861,8.3861,8.3861,8.3861,8.3861,8.3861,8.3861,8.3861,8.3861,8.3861,8.3861,8.3861,8.3861,8.3861,8.3861,8.3861,8.3861,8.3861,8.3861,8.3861,8.3861,8.3861,8.3861,8.3861,8.3861,8.3861,8.3861,8.3861,8.3861,8.3861,8.3861,8.3861,8.3861,8.3861,8.3861,8.3861,8.3861,8.3861,8.3861,8.3861,8.3861,8.3861,8.3861,8.3861,8.3861,8.3861,8.3861,8.3861,8.3861,8.3861,8.3861,8.3861,8.3861,8.3861,8.3861,8.3861,8.3861,8.3861,8.3861,8.3861,8.3861,8.3861,8.3861,8.3861,8.3861,8.3861,8.3861,8.3861,8.3861,8.3861,8.3861,8.3861,8.3861,8.3861,8.3861,8.3861,8.3861,8.3861,8.3861,8.3861,8.3861,8.3861,8.3861,8.3861,8.3861,8.3861,8.3861,8.3861,8.3861,8.3861,8.3861,8.3861,8.3861,8.3861,8.3861,8.3861,8.3861,8.3861,8.3861,8.3861,8.3861,8.3861,8.3861,8.3861,8.3861,8.3861,8.3861,8.3861,8.3861,8.3861,8.3861,8.3861,8.3861,8.3861,8.3861,8.3861,8.3861,8.3861,8.3861,8.3861,8.3861,8.3861,8.3861,8.3861,8.3861,8.3861,8.3861,8.3861,8.3861,8.3861,8.3861,8.3861,8.3861,8.3861,8.3861,8.3861,8.3861,8.3861,8.3861,8.3861,8.3861,8.3861,8.3861,8.3861,8.3861,8.3861,8.3861,8.3861,8.3861,8.3861,8.3861,8.3861,8.3861,8.3861,8.3861,8.3861,8.3861,8.3861,8.3861,8.3861,8.3861,8.3861,8.3861,8.3861,8.3861,8.3861,8.3861,8.3861
8.3786,8.3786,8.3786,8.3786,8.3786,8.3786,8.3786,8.3786,8.3786,8.3786,8.3786,8.3786,8.3786,8.3786,8.3786,8.3786,8.3786,8.3786,8.3786,8.3786,8.3786,8.3786,8.3786,8.3786,8.3786,8.3786,8.3786,8.3786,8.3786,8.3786,8.3786,8.3786,8.3786,8.3786,8.3786,8.3786,8.3786,8.3786,8.3786,8.3786,8.3786,8.3786,8.3786,8.3786,8.3786,8.3786,8.3786,8.3786,8.3786,8.3786,8.3786,8.3786,8.3786,8.3786,8.3786,8.3786,8.3786,8.3786,8.3786,8.3786,8.3786,8.3786,8.3786,8.3786,8.3786,8.3786,8.3786,8.3786,8.3786,8.3786,8.3786,8.3786,8.3786,8.3786,8.3786,8.3786,8.3786,8.3786,8.3786,8.3786,8.3786,8.3786,8.3786,8.3786,8.3786,8.3786,8.3786,8.3786,8.3786,8.3786,8.3786,8.3786,8.3786,8.3786,8.3786,8.3786,8.3786,8.3786,8.3786,8.3786,8.3786,8.3786,8.3786,8.3786,8.3786,8.3786,8.3786,8.3786,8.3786,8.3786,8.3786,8.3786,8.3786,8.3786,8.3786,8.3786,8.3786,8.3786,8.3786,8.3786,8.3786,8.3786,8.3786,8.3786,8.3786,8.3786,8.3786,8.3786,8.3786,8.3786,8.3786,8.3786,8.3786,8.3786,8.3786,8.3786,8.3786,8.3786,8.3786,8.3786,8.3786,8.3786,8.3786,8.3786,8.3786,8.3786,8.3786,8.3786,8.3786,8.3786,8.3786,8.3786,8.3786,8.3786,8.3786,8.3786,8.3786,8.3786,8.3786,8.3786,8.3786,8.3786,8.3786,8.3786,8.3786,8.3786,8.3786,8.3786,8.3786,8.3786,8.3786,8.3786,8.3786,8.3786,8.3786,8.3786,8.3786,8.3786,8.3786,8.3786,8.3786,8.3786,8.3786,8.3786,8.3786,8.3786,8.3786,8.3786,8.3786,8.3786,8.3786,8.3786,8.3786,8.3786,8.3786,8.3786,8.3786,8.3786,8.3786,8.3786,8.3786,8.3786,8.3786,8.3786,8.3786,8.3786,8.3786,8.3786,8.3786,8.3786,8.3786,8.3786,8.3786,8.3786,8.3786,8.3786,8.3786,8.3786,8.3786,8.3786,8.3786,8.3786,8.3786,8.3786,8.3786,8.3786,8.3786,8.3786,8.3786,8.3786,8.3786,8.3786,8.3786,8.3786,8.3786,8.3786,8.3786,8.3786,8.3786,8.3786,8.3786,8.3786,8.3786,8.3786,8.3786,8.3786,8.3786,8.3786,8.3786,8.3786,8.3786,8.3786,8.3786,8.3786,8.3786,8.3786,8.3786,8.3786,8.3786,8.3786,8.3786,8.3786,8.3786,8.3786,8.3786,8.3786,8.3786,8.3786,8.3786,8.3786,8.3786,8.3786,8.3786,8.3786,8.3786,8.3786,8.3786,8.3786,8.3786,8.3786,8.3786,8.3786,8.3786,8.3786,8.3786,8.3786,8.3786,8.3786,8.3786,8.3786,8.3786,8.3786,8.3786,8.3786,8.3786,8.3786,8.3786,8.3786,8.3786,8.3786,8.3786,8.3786,8.3786,8.3786,8.3786,8.3786,8.3786,8.3786,8.3786,8.3786,8.3786,8.3786,8.3786,8.3786,8.3786,8.3786,8.3786,8.3786,8.3786,8.3786,8.3786,8.3786,8.3786,8.3786,8.3786,8.3786,8.3786,8.3786,8.3786,8.3786,8.3786,8.3786,8.3786,8.3786,8.3786,8.3786,8.3786,8.3786,8.3786,8.3786,8.3786,8.3786,8.3786,8.3786,8.3786,8.3786,8.3786,8.3786,8.3786,8.3786,8.3786,8.3786,8.3786,8.3786,8.3786,8.3786,8.3786,8.3786,8.3786,8.3786,8.3786,8.3786,8.3786,8.3786,8.3786,8.3786,8.3786,8.3786,8.3786,8.3786,8.3786,8.3786,8.3786,8.3786,8.3786,8.3786,8.3786,8.3786,8.3786,8.3786,8.3786,8.3786,8.3786,8.3786,8.3786,8.3786,8.3786,8.3786,8.3786,8.3786,8.3786,8.3786,8.3786,8.3786,8.3786,8.3786,8.3786,8.3786,8.3786,8.3786,8.3786,8.3786,8.3786,8.3786,8.3786,8.3786,8.3786,8.3786,8.3786,8.3786,8.3786,8.3786,8.3786,8.3786,8.3786,8.3786,8.3786,8.3786,8.3786,8.3786,8.3786,8.3786,8.3786,8.3786,8.3786,8.3786,8.3786,8.3786,8.3786,8.3786,8.3786,8.3786,8.3786,8.3786,8.3786,8.3786,8.3786,8.3786,8.3786,8.3786,8.3786,8.3786,8.3786,8.3786,8.3786,8.3786,8.3786,8.3786,8.3786,8.3786,8.3786,8.3786,8.3786,8.3786,8.3786,8.3786,8.3786,8.3786,8.3786,8.3786,8.3786,8.3786,8.3786,8.3786,8.3786,8.3786,8.3786,8.3786,8.3786,8.3786,8.3786,8.3786,8.3786,8.3786,8.3786,8.3786,8.3786,8.3786,8.3786,8.3786,8.3786,8.3786,8.3786,8.3786,8.3786,8.3786,8.3786,8.3786,8.3786,8.3786,8.3786,8.3786,8.3786,8.3786,8.3786,8.3786,8.3786,8.3786,8.3786,8.3786,8.3786,8.3786,8.3786,8.3786,8.3786,8.3786,8.3786,8.3786,8.3786,8.3786,8.3786,8.3786,8.3786,8.3786,8.3786,8.3786,8.3786,8.3786,8.3786,8.3786,8.3786,8.3786,8.3786,8.3786,8.3786,8.3786,8.3786,8.3786,8.3786,8.3786,8.3786,8.3786,8.3786,8.3786,8.3786,8.3786,8.3786,8.3786,8.3786,8.3786,8.3786,8.3786,8.3786,8.3786,8.3786,8.3786,8.3786,8.3786,8.3786,8.3786,8.3786,8.3786,8.3786,8.3786,8.3786,8.3786,8.3786,8.3786,8.3786,8.3786,8.3786,8.3786,8.3786,8.3786,8.3786,8.3786,8.3786,8.3786,8.3786,8.3786,8.3786,8.3786,8.3786,8.3786,8.3786,8.3786,8.3786,8.3786,8.3786,8.3786,8.3786,8.3786,8.3786,8.3786,8.3786,8.3786,8.3786,8.3786,8.3786,8.3786,8.3786,8.3786,8.3786,8.3786,8.3786,8.3786,8.3786,8.3786,8.3786,8.3786,8.3786,8.3786,8.3786,8.3786,8.3786,8.3786,8.3786,8.3786,8.3786,8.3786,8.3786,8.3786,8.3786,8.3786,8.3786,8.3786,8.3786,8.3786,8.3786,8.3786,8.3786,8.3786,8.3786,8.3786,8.3786,8.3786,8.3786,8.3786,8.3786,8.3786,8.3786,8.3786,8.3786,8.3786,8.3786,8.3786,8.3786,8.3786,8.3786,8.3786,8.3786,8.3786,8.3786,8.3786,8.3786,8.3786,8.3786,8.3786,8.3786,8.3786,8.3786,8.3786,8.3786,8.3786,8.3786,8.3786,8.3786,8.3786,8.3786,8.3786,8.3786,8.3786,8.3786,8.3786,8.3786,8.3786,8.3786,8.3786,8.3786,8.3786,8.3786,8.3786,8.3786,8.3786,8.3786,8.3786,8.3786,8.3786,8.3786,8.3786,8.3786,8.3786,8.3786,8.3786,8.3786,8.3786,8.3786,8.3786,8.3786,8.3786,8.3786,8.3786,8.3786,8.3786,8.3786,8.3786,8.3786,8.3786,8.3786,8.3786,8.3786,8.3786,8.3786,8.3786,8.3786,8.3786,8.3786,8.3786,8.3786,8.3786,8.3786,8.3786,8.3786,8.3786,8.3786,8.3786,8.3786,8.3786,8.3786,8.3786,8.3786,8.3786,8.3786,8.3786,8.3786,8.3786,8.3786,8.3786,8.3786,8.3786,8.3786,8.3786,8.3786,8.3786,8.3786,8.3786,8.3786,8.3786,8.3786,8.3786,8.3786,8.3786,8.3786,8.3786,8.3786,8.3786,8.3786,8.3786,8.3786,8.3786,8.3786,8.3786,8.3786,8.3786,8.3786,8.3786,8.3786,8.3786,8.3786,8.3786,8.3786,8.3786,8.3786,8.3786,8.3786,8.3786,8.3786,8.3786,8.3786,8.3786,8.3786,8.3786,8.3786,8.3786,8.3786,8.3786,8.3786,8.3786,8.3786,8.3786,8.3786,8.3786,8.3786,8.3786,8.3786,8.3786,8.3786,8.3786,8.3786,8.3786,8.3786,8.3786,8.3786,8.3786,8.3786,8.3786,8.3786,8.3786,8.3786,8.3786,8.3786,8.3786,8.3786,8.3786,8.3786,8.3786,8.3786,8.3786,8.3786,8.3786,8.3786,8.3786,8.3786,8.3786,8.3786,8.3786,8.3786,8.3786,8.3786,8.3786,8.3786,8.3786,8.3786,8.3786,8.3786,8.3786,8.3786,8.3786,8.3786,8.3786,8.3786,8.3786,8.3786,8.3786,8.3786,8.3786,8.3786,8.3786,8.3786,8.3786,8.3786,8.3786,8.3786,8.3786,8.3786,8.3786,8.3786,8.3786,8.3786,8.3786,8.3786,8.3786,8.3786,8.3786,8.3786,8.3786,8.3786,8.3786,8.3786,8.3786,8.3786,8.3786,8.3786,8.3786,8.3786,8.3786,8.3786,8.3786,8.3786,8.3786,8.3786,8.3786,8.3786,8.3786,8.3786,8.3786,8.3786,8.3786,8.3786,8.3786,8.3786,8.3786,8.3786,8.3786,8.3786,8.3786,8.3786,8.3786,8.3786,8.3786,8.3786,8.3786,8.3786,8.3786,8.3786,8.3786,8.3786,8.3786,8.3786,8.3786,8.3786,8.3786,8.3786,8.3786,8.3786,8.3786,8.3786,8.3786,8.3786,8.3786,8.3786,8.3786,8.3786,8.3786,8.3786,8.3786,8.3786,8.3786,8.3786,8.3786,8.3786,8.3786,8.3786,8.3786,8.3786,8.3786,8.3786,8.3786,8.3786,8.3786,8.3786,8.3786,8.3786,8.3786,8.3786,8.3786,8.3786,8.3786,8.3786,8.3786,8.3786,8.3786,8.3786,8.3786,8.3786,8.3786,8.3786,8.3786,8.3786,8.3786,8.3786,8.3786,8.3786,8.3786,8.3786,8.3786,8.3786,8.3786,8.3786,8.3786
8.3698,8.3698,8.3698,8.3698,8.3698,8.3698,8.3698,8.3698,8.3698,8.3698,8.3698,8.3698,8.3698,8.3698,8.3698,8.3698,8.3698,8.3698,8.3698,8.3698,8.3698,8.3698,8.3698,8.3698,8.3698,8.3698,8.3698,8.3698,8.3698,8.3698,8.3698,8.3698,8.3698,8.3698,8.3698,8.3698,8.3698,8.3698,8.3698,8.3698,8.3698,8.3698,8.3698,8.3698,8.3698,8.3698,8.3698,8.3698,8.3698,8.3698,8.3698,8.3698,8.3698,8.3698,8.3698,8.3698,8.3698,8.3698,8.3698,8.3698,8.3698,8.3698,8.3698,8.3698,8.3698,8.3698,8.3698,8.3698,8.3698,8.3698,8.3698,8.3706,8.3706,8.3706,8.3706,8.3706,8.3706,8.3706,8.3706,8.3706,8.3706,8.3706,8.3706,8.3706,8.3706,8.3706,8.3706,8.3706,8.3706,8.3706,8.3706,8.3706,8.3706,8.3706,8.3706,8.3706,8.3706,8.3706,8.3706,8.3706,8.3706,8.3706,8.3706,8.3706,8.3706,8.3706,8.3706,8.3706,8.3706,8.3706,8.3706,8.3706,8.3706,8.3706,8.3706,8.3706,8.3706,8.3706,8.3706,8.3706,8.3706,8.3706,8.3706,8.3706,8.3706,8.3706,8.3706,8.3706,8.3706,8.3706,8.3706,8.3706,8.3706,8.3706,8.3706,8.3706,8.3706,8.3706,8.3706,8.3706,8.3706,8.3706,8.3706,8.3706,8.3706,8.3706,8.3706,8.3706,8.3706,8.3706,8.3706,8.3706,8.3706,8.3706,8.3706,8.3706,8.3706,8.3706,8.3706,8.3706,8.3706,8.3706,8.3706,8.3706,8.3706,8.3706,8.3706,8.3706,8.3706,8.3706,8.3706,8.3706,8.3706,8.3706,8.3706,8.3706,8.3706,8.3706,8.3706,8.3706,8.3706,8.3706,8.3706,8.3706,8.3706,8.3706,8.3706,8.3706,8.3706,8.3706,8.3706,8.3706,8.3706,8.3706,8.3706,8.3706,8.3706,8.3706,8.3706,8.3706,8.3706,8.3706,8.3706,8.3706,8.3706,8.3706,8.3706,8.3706,8.3706,8.3706,8.3706,8.3706,8.3706,8.3706,8.3706,8.3706,8.3706,8.3706,8.3706,8.3706,8.3706,8.3706,8.3706,8.3706,8.3706,8.3706,8.3706,8.3706,8.3706,8.3706,8.3706,8.3706,8.3706,8.3706,8.3706,8.3706,8.3706,8.3706,8.3706,8.3706,8.3706,8.3706,8.3706,8.3706,8.3706,8.3706,8.3706,8.3706,8.3706,8.3706,8.3706,8.3706,8.3706,8.3706,8.3706,8.3706,8.3706,8.3706,8.3706,8.3706,8.3706,8.3706,8.3706,8.3706,8.3706,8.3706,8.3706,8.3706,8.3706,8.3706,8.3706,8.3706,8.3706,8.3706,8.3706,8.3706,8.3706,8.3706,8.3706,8.3706,8.3706,8.3706,8.3706,8.3706,8.3706,8.3706,8.3706,8.3706,8.3706,8.3706,8.3706,8.3706,8.3706,8.3706,8.3706,8.3706,8.3706,8.3706,8.3706,8.3706,8.3706,8.3706,8.3706,8.3706,8.3706,8.3706,8.3706,8.3706,8.3706,8.3706,8.3706,8.3706,8.3706,8.3706,8.3706,8.3706,8.3706,8.3706,8.3706,8.3706,8.3706,8.3706,8.3706,8.3706,8.3706,8.3706,8.3706,8.3706,8.3706,8.3706,8.3706,8.3706,8.3706,8.3706,8.3706,8.3706,8.3706,8.3706,8.3706,8.3706,8.3706,8.3706,8.3706,8.3706,8.3706,8.3706,8.3706,8.3706,8.3706,8.3706,8.3706,8.3706,8.3706,8.3706,8.3706,8.3706,8.3706,8.3706,8.3706,8.3706,8.3706,8.3706,8.3706,8.3706,8.3706,8.3706,8.3706,8.3706,8.3706,8.3706,8.3706,8.3706,8.3706,8.3706,8.3706,8.3706,8.3706,8.3706,8.3706,8.3706,8.3706,8.3706,8.3706,8.3706,8.3706,8.3706,8.3706,8.3706,8.3706,8.3706,8.3706,8.3706,8.3706,8.3706,8.3706,8.3706,8.3706,8.3706,8.3706,8.3706,8.3706,8.3706,8.3706,8.3706,8.3706,8.3706,8.3706,8.3706,8.3706,8.3706,8.3706,8.3706,8.3706,8.3706,8.3706,8.3706,8.3706,8.3706,8.3706,8.3706,8.3706,8.3706,8.3706,8.3706,8.3706,8.3706,8.3706,8.3706,8.3706,8.3706,8.3706,8.3706,8.3706,8.3706,8.3706,8.3706,8.3706,8.3706,8.3706,8.3706,8.3706,8.3706,8.3706,8.3706,8.3706,8.3706,8.3706,8.3706,8.3706,8.3706,8.3706,8.3706,8.3706,8.3706,8.3706,8.3706,8.3706,8.3706,8.3706,8.3706,8.3706,8.3706,8.3706,8.3706,8.3706,8.3706,8.3706,8.3706,8.3706,8.3706,8.3706,8.3706,8.3706,8.3706,8.3706,8.3706,8.3706,8.3706,8.3706,8.3706,8.3706,8.3706,8.3706,8.3706,8.3706,8.3706,8.3706,8.3706,8.3706,8.3706,8.3706,8.3706,8.3706,8.3706,8.3706,8.3706,8.3706,8.3706,8.3706,8.3706,8.3706,8.3706,8.3706,8.3706,8.3706,8.3706,8.3706,8.3706,8.3706,8.3706,8.3706,8.3706,8.3706,8.3706,8.3706,8.3706,8.3706,8.3706,8.3706,8.3706,8.3706,8.3706,8.3706,8.3706,8.3706,8.3706,8.3706,8.3706,8.3706,8.3706,8.3706,8.3706,8.3706,8.3706,8.3706,8.3706,8.3706,8.3706,8.3706,8.3706,8.3706,8.3706,8.3706,8.3706,8.3706,8.3706,8.3706,8.3706,8.3706,8.3706,8.3706,8.3706,8.3706,8.3706,8.3706,8.3706,8.3706,8.3706,8.3706,8.3706,8.3706,8.3706,8.3706,8.3706,8.3706,8.3706,8.3706,8.3706,8.3706,8.3706,8.3706,8.3706,8.3706,8.3706,8.3706,8.3706,8.3706,8.3706,8.3706,8.3706,8.3706,8.3706,8.3706,8.3706,8.3706,8.3706,8.3706,8.3706,8.3706,8.3706,8.3706,8.3706,8.3706,8.3706,8.3706,8.3706,8.3706,8.3706,8.3706,8.3706,8.3706,8.3706,8.3706,8.3706,8.3706,8.3706,8.3706,8.3706,8.3706,8.3706,8.3706,8.3706,8.3706,8.3706,8.3706,8.3706,8.3706,8.3706,8.3706,8.3706,8.3706,8.3706,8.3706,8.3706,8.3706,8.3706,8.3706,8.3706,8.3706,8.3706,8.3706,8.3706,8.3706,8.3706,8.3706,8.3706,8.3706,8.3706,8.3706,8.3706,8.3706,8.3706,8.3706,8.3706,8.3706,8.3706,8.3706,8.3706,8.3706,8.3706,8.3706,8.3706,8.3706,8.3706,8.3706,8.3706,8.3706,8.3706,8.3706,8.3706,8.3706,8.3706,8.3706,8.3706,8.3706,8.3706,8.3706,8.3706,8.3706,8.3706,8.3706,8.3706,8.3706,8.3706,8.3706,8.3706,8.3706,8.3706,8.3706,8.3706,8.3706,8.3706,8.3706,8.3706,8.3706,8.3706,8.3706,8.3706,8.3706,8.3706,8.3706,8.3706,8.3706,8.3706,8.3706,8.3706,8.3706,8.3706,8.3706,8.3706,8.3706,8.3706,8.3706,8.3706,8.3706,8.3706,8.3706,8.3706,8.3706,8.3706,8.3706,8.3706,8.3706,8.3706,8.3706,8.3706,8.3706,8.3706,8.3706,8.3706,8.3706,8.3706,8.3706,8.3706,8.3706,8.3706,8.3706,8.3706,8.3706,8.3706,8.3706,8.3706,8.3706,8.3706,8.3706,8.3706,8.3706,8.3706,8.3706,8.3706,8.3706,8.3706,8.3706,8.3706,8.3706,8.3706,8.3706,8.3706,8.3706,8.3706,8.3706,8.3706,8.3706,8.3706,8.3706,8.3706,8.3706,8.3706,8.3706,8.3706,8.3706,8.3706,8.3706,8.3706,8.3706,8.3706,8.3706,8.3706,8.3706,8.3706,8.3706,8.3706,8.3706,8.3706,8.3706,8.3706,8.3706,8.3706,8.3706,8.3706,8.3706,8.3706,8.3706,8.3706,8.3706,8.3706,8.3706,8.3706,8.3706,8.3706,8.3706,8.3706,8.3706,8.3706,8.3706,8.3706,8.3706,8.3706,8.3706,8.3706,8.3706,8.3706,8.3706,8.3706,8.3706,8.3706,8.3706,8.3706,8.3706,8.3706,8.3706,8.3706,8.3706,8.3706,8.3706,8.3706,8.3706,8.3706,8.3706,8.3706,8.3706,8.3706,8.3706,8.3706,8.3706,8.3706,8.3706,8.3706,8.3706,8.3706,8.3706,8.3706,8.3706,8.3706,8.3706,8.3706,8.3706,8.3706,8.3706,8.3706,8.3706,8.3706,8.3706,8.3706,8.3706,8.3706,8.3706,8.3706,8.3706,8.3706,8.3706,8.3706,8.3706,8.3706,8.3706,8.3706,8.3706,8.3706,8.3706,8.3706,8.3706,8.3706,8.3706,8.3706,8.3706,8.3706,8.3706,8.3706,8.3706,8.3706,8.3706,8.3706,8.3706,8.3706,8.3706,8.3706,8.3706,8.3706,8.3706,8.3706,8.3706,8.3706,8.3706,8.3706,8.3706,8.3706,8.3706,8.3706,8.3706,8.3706,8.3706,8.3706,8.3706,8.3706,8.3706,8.3706,8.3706,8.3706,8.3706,8.3706,8.3706,8.3706,8.3706,8.3706,8.3706,8.3706,8.3706,8.3706,8.3706,8.3706,8.3706,8.3706,8.3706,8.3706,8.3706,8.3706,8.3706,8.3706,8.3706,8.3706,8.3706,8.3706,8.3706,8.3706,8.3706,8.3706,8.3706,8.3706,8.3706,8.3706,8.3706,8.3706,8.3706,8.3706,8.3706,8.3706,8.3706,8.3706,8.3706,8.3706,8.3706,8.3706,8.3706,8.3706,8.3706,8.3706,8.3706,8.3706,8.3706,8.3706,8.3706,8.3706,8.3706,8.3706,8.3706,8.3706,8.3706,8.3706,8.3706,8.3706
8.3627,8.3627,8.3627,8.3627,8.3627,8.3627,8.3627,8.3627,8.3627,8.3627,8.3627,8.3627,8.3627,8.3627,8.3627,8.3627,8.3627,8.3627,8.3627,8.3627,8.3627,8.3627,8.3627,8.3627,8.3627,8.3627,8.3627,8.3627,8.3627,8.3627,8.3627,8.3627,8.3627,8.3627,8.3627,8.3627,8.3627,8.3627,8.3627,8.3627,8.3627,8.3627,8.3627,8.3627,8.3627,8.3627,8.3627,8.3627,8.3627,8.3627,8.3627,8.3627,8.3627,8.3627,8.3627,8.3627,8.3627,8.3627,8.3627,8.3627,8.3627,8.3627,8.3627,8.3627,8.3627,8.3627,8.3627,8.3627,8.3627,8.3627,8.3627,8.3627,8.3627,8.3627,8.3627,8.3627,8.3627,8.3627,8.3627,8.3627,8.3627,8.3627,8.3627,8.3627,8.3627,8.3627,8.3627,8.3627,8.3627,8.3627,8.3627,8.3627,8.3627,8.3627,8.3627,8.3627,8.3627,8.3627,8.3627,8.3627,8.3627,8.3627,8.3627,8.3627,8.3627,8.3627,8.3627,8.3627,8.3627,8.3627,8.3627,8.3627,8.3627,8.3627,8.3627,8.3627,8.3627,8.3627,8.3627,8.3627,8.3627,8.3627,8.3627,8.3627,8.3627,8.3627,8.3627,8.3627,8.3627,8.3627,8.3627,8.3627,8.3627,8.3627,8.3627,8.3627,8.3627,8.3627,8.3627,8.3627,8.3627,8.3627,8.3627,8.3627,8.3627,8.3627,8.3627,8.3627,8.3627,8.3627,8.3627,8.3627,8.3627,8.3627,8.3627,8.3627,8.3627,8.3627,8.3627,8.3627,8.3627,8.3627,8.3627,8.3627,8.3627,8.3627,8.3627,8.3627,8.3627,8.3627,8.3627,8.3627,8.3627,8.3627,8.3627,8.3627,8.3627,8.3627,8.3627,8.3627,8.3627,8.3627,8.3627,8.3627,8.3627,8.3627,8.3627,8.3627,8.3627,8.3627,8.3627,8.3627,8.3627,8.3627,8.3627,8.3627,8.3627,8.3627,8.3627,8.3627,8.3627,8.3627,8.3627,8.3627,8.3627,8.3627,8.3627,8.3627,8.3627,8.3627,8.3627,8.3627,8.3627,8.3627,8.3627,8.3627,8.3627,8.3627,8.3627,8.3627,8.3627,8.3627,8.3627,8.3627,8.3627,8.3627,8.3627,8.3627,8.3627,8.3627,8.3627,8.3627,8.3627,8.3627,8.3627,8.3627,8.3627,8.3627,8.3627,8.3627,8.3627,8.3627,8.3627,8.3627,8.3627,8.3627,8.3627,8.3627,8.3627,8.3627,8.3627,8.3627,8.3627,8.3627,8.3627,8.3627,8.3627,8.3627,8.3627,8.3627,8.3627,8.3627,8.3627,8.3627,8.3627,8.3627,8.3627,8.3627,8.3627,8.3627,8.3627,8.3627,8.3627,8.3627,8.3627,8.3627,8.3627,8.3627,8.3627,8.3627,8.3627,8.3627,8.3627,8.3627,8.3627,8.3627,8.3627,8.3627,8.3627,8.3627,8.3627,8.3627,8.3627,8.3627,8.3627,8.3627,8.3627,8.3627,8.3627,8.3627,8.3627,8.3627,8.3627,8.3627,8.3627,8.3627,8.3627,8.3627,8.3627,8.3627,8.3627,8.3627,8.3627,8.3627,8.3627,8.3627,8.3627,8.3627,8.3627,8.3627,8.3627,8.3627,8.3627,8.3627,8.3627,8.3627,8.3627,8.3627,8.3627,8.3627,8.3627,8.3627,8.3627,8.3627,8.3627,8.3627,8.3627,8.3627,8.3627,8.3627,8.3627,8.3627,8.3627,8.3627,8.3627,8.3627,8.3627,8.3627,8.3627,8.3627,8.3627,8.3627,8.3627,8.3627,8.3627,8.3627,8.3627,8.3627,8.3627,8.3627,8.3627,8.3627,8.3627,8.3627,8.3627,8.3627,8.3627,8.3627,8.3627,8.3627,8.3627,8.3627,8.3627,8.3627,8.3627,8.3627,8.3627,8.3627,8.3627,8.3627,8.3627,8.3627,8.3627,8.3627,8.3627,8.3627,8.3627,8.3627,8.3627,8.3627,8.3627,8.3627,8.3627,8.3627,8.3627,8.3627,8.3627,8.3627,8.3627,8.3627,8.3627,8.3627,8.3627,8.3627,8.3627,8.3627,8.3627,8.3627,8.3627,8.3627,8.3627,8.3627,8.3627,8.3627,8.3627,8.3627,8.3627,8.3627,8.3627,8.3627,8.3627,8.3627,8.3627,8.3627,8.3627,8.3627,8.3627,8.3627,8.3627,8.3627,8.3627,8.3627,8.3627,8.3627,8.3627,8.3627,8.3627,8.3627,8.3627,8.3627,8.3627,8.3627,8.3627,8.3627,8.3627,8.3627,8.3627,8.3627,8.3627,8.3627,8.3627,8.3627,8.3627,8.3627,8.3627,8.3627,8.3627,8.3627,8.3627,8.3627,8.3627,8.3627,8.3627,8.3627,8.3627,8.3627,8.3627,8.3627,8.3627,8.3627,8.3627,8.3627,8.3627,8.3627,8.3627,8.3627,8.3627,8.3627,8.3627,8.3627,8.3627,8.3627,8.3627,8.3627,8.3627,8.3627,8.3627,8.3627,8.3627,8.3627,8.3627,8.3627,8.3627,8.3627,8.3627,8.3627,8.3627,8.3627,8.3627,8.3627,8.3627,8.3627,8.3627,8.3627,8.3627,8.3627,8.3627,8.3627,8.3627,8.3627,8.3627,8.3627,8.3627,8.3627,8.3627,8.3627,8.3627,8.3627,8.3627,8.3627,8.3627,8.3627,8.3627,8.3627,8.3627,8.3627,8.3627,8.3627,8.3627,8.3627,8.3627,8.3627,8.3627,8.3627,8.3627,8.3627,8.3627,8.3627,8.3627,8.3627,8.3627,8.3627,8.3627,8.3627,8.3627,8.3627,8.3627,8.3627,8.3627,8.3627,8.3627,8.3627,8.3627,8.3627,8.3627,8.3627,8.3627,8.3627,8.3627,8.3627,8.3627,8.3627,8.3627,8.3627,8.3627,8.3627,8.3627,8.3627,8.3627,8.3627,8.3627,8.3627,8.3627,8.3627,8.3627,8.3627,8.3627,8.3627,8.3627,8.3627,8.3627,8.3627,8.3627,8.3627,8.3627,8.3627,8.3627,8.3627,8.3627,8.3627,8.3627,8.3627,8.3627,8.3627,8.3627,8.3627,8.3627,8.3627,8.3627,8.3627,8.3627,8.3627,8.3627,8.3627,8.3627,8.3627,8.3627,8.3627,8.3627,8.3627,8.3627,8.3627,8.3627,8.3627,8.3627,8.3627,8.3627,8.3627,8.3627,8.3627,8.3627,8.3627,8.3627,8.3627,8.3627,8.3627,8.3627,8.3627,8.3627,8.3627,8.3627,8.3627,8.3627,8.3627,8.3627,8.3627,8.3627,8.3627,8.3627,8.3627,8.3627,8.3627,8.3627,8.3627,8.3627,8.3627,8.3627,8.3627,8.3627,8.3627,8.3627,8.3627,8.3627,8.3627,8.3627,8.3627,8.3627,8.3627,8.3627,8.3627,8.3627,8.3627,8.3627,8.3627,8.3627,8.3627,8.3627,8.3627,8.3627,8.3627,8.3627,8.3627,8.3627,8.3627,8.3627,8.3627,8.3627,8.3627,8.3627,8.3627,8.3627,8.3627,8.3627,8.3627,8.3627,8.3627,8.3627,8.3627,8.3627,8.3627,8.3627,8.3627,8.3627,8.3627,8.3627,8.3627,8.3627,8.3627,8.3627,8.3627,8.3627,8.3627,8.3627,8.3627,8.3627,8.3627,8.3627,8.3627,8.3627,8.3627,8.3627,8.3627,8.3627,8.3627,8.3627,8.3627,8.3627,8.3627,8.3627,8.3627,8.3627,8.3627,8.3627,8.3627,8.3627,8.3627,8.3627,8.3627,8.3627,8.3627,8.3627,8.3627,8.3627,8.3627,8.3627,8.3627,8.3627,8.3627,8.3627,8.3627,8.3627,8.3627,8.3627,8.3627,8.3627,8.3627,8.3627,8.3627,8.3627,8.3627,8.3627,8.3627,8.3627,8.3627,8.3627,8.3627,8.3627,8.3627,8.3627,8.3627,8.3627,8.3627,8.3627,8.3627,8.3627,8.3627,8.3627,8.3627,8.3627,8.3627,8.3627,8.3627,8.3627,8.3627,8.3627,8.3627,8.3627,8.3627,8.3627,8.3627,8.3627,8.3627,8.3627,8.3627,8.3627,8.3627,8.3627,8.3627,8.3627,8.3627,8.3627,8.3627,8.3627,8.3627,8.3627,8.3627,8.3627,8.3627,8.3627,8.3627,8.3627,8.3627,8.3627,8.3627,8.3627,8.3627,8.3627,8.3627,8.3627,8.3627,8.3627,8.3627,8.3627,8.3627,8.3627,8.3627,8.3627,8.3627,8.3627,8.3627,8.3627,8.3627,8.3627,8.3627,8.3627,8.3627,8.3627,8.3627,8.3627,8.3627,8.3627,8.3627,8.3627,8.3627,8.3627,8.3627,8.3627,8.3627,8.3627,8.3627,8.3627,8.3627,8.3627,8.3627,8.3627,8.3627,8.3627,8.3627,8.3627,8.3627,8.3627,8.3627,8.3627,8.3627,8.3627,8.3627,8.3627,8.3627,8.3627,8.3627,8.3627,8.3627,8.3627,8.3627,8.3627,8.3627,8.3627,8.3627,8.3627,8.3627,8.3627,8.3627,8.3627,8.3627,8.3627,8.3627,8.3627,8.3627,8.3627,8.3627,8.3627,8.3627,8.3627,8.3627,8.3627,8.3627,8.3627,8.3627,8.3627,8.3627,8.3627,8.3627,8.3627,8.3627,8.3627,8.3627,8.3627,8.3627,8.3627,8.3627,8.3627,8.3627,8.3627,8.3627,8.3627,8.3627,8.3627,8.3627,8.3627,8.3627,8.3627,8.3627,8.3627,8.3627,8.3627,8.3627,8.3627,8.3627,8.3627,8.3627,8.3627,8.3627,8.3627,8.3627,8.3627,8.3627,8.3627,8.3627,8.3627,8.3627,8.3627,8.3627,8.3627,8.3627,8.3627,8.3627,8.3627,8.3627,8.3627,8.3627,8.3627,8.3627,8.3627,8.3627,8.3627,8.3627,8.3627,8.3627,8.3627,8.3627,8.3627,8.3627,8.3627,8.3627,8.3627,8.3627,8.3627,8.3627,8.3627,8.3627
8.3548,8.3548,8.3548,8.3548,8.3548,8.3548,8.3548,8.3548,8.3548,8.3548,8.3548,8.3548,8.3548,8.3548,8.3548,8.3548,8.3548,8.3548,8.3548,8.3548,8.3548,8.3548,8.3548,8.3548,8.3548,8.3548,8.3548,8.3548,8.3548,8.3548,8.3548,8.3548,8.3548,8.3548,8.3548,8.3548,8.3548,8.3548,8.3548,8.3548,8.3548,8.3548,8.3548,8.3548,8.3548,8.3548,8.3548,8.3548,8.3548,8.3548,8.3548,8.3548,8.3548,8.3548,8.3548,8.3548,8.3548,8.3548,8.3548,8.3548,8.3548,8.3548,8.3548,8.3548,8.3548,8.3548,8.3548,8.3548,8.3548,8.3548,8.3548,8.3548,8.3548,8.3548,8.3548,8.3548,8.3548,8.3548,8.3548,8.3548,8.3548,8.3548,8.3548,8.3548,8.3548,8.3548,8.3548,8.3548,8.3548,8.3548,8.3548,8.3548,8.3548,8.3548,8.3548,8.3548,8.3548,8.3548,8.3548,8.3548,8.3548,8.3548,8.3548,8.3548,8.3548,8.3548,8.3548,8.3548,8.3548,8.3548,8.3548,8.3548,8.3548,8.3548,8.3548,8.3548,8.3548,8.3548,8.3548,8.3548,8.3548,8.3548,8.3548,8.3548,8.3548,8.3548,8.3548,8.3548,8.3548,8.3548,8.3548,8.3548,8.3548,8.3548,8.3548,8.3548,8.3548,8.3548,8.3548,8.3548,8.3548,8.3548,8.3548,8.3548,8.3548,8.3548,8.3548,8.3548,8.3548,8.3548,8.3548,8.3548,8.3548,8.3548,8.3548,8.3548,8.3548,8.3548,8.3548,8.3548,8.3548,8.3548,8.3548,8.3548,8.3548,8.3548,8.3548,8.3548,8.3548,8.3548,8.3548,8.3548,8.3548,8.3548,8.3548,8.3548,8.3548,8.3548,8.3548,8.3548,8.3548,8.3548,8.3548,8.3548,8.3548,8.3548,8.3548,8.3548,8.3548,8.3548,8.3548,8.3548,8.3548,8.3548,8.3548,8.3548,8.3548,8.3548,8.3548,8.3548,8.3548,8.3548,8.3548,8.3548,8.3548,8.3548,8.3548,8.3548,8.3548,8.3548,8.3548,8.3548,8.3548,8.3548,8.3548,8.3548,8.3548,8.3548,8.3548,8.3548,8.3548,8.3548,8.3548,8.3548,8.3548,8.3548,8.3548,8.3548,8.3548,8.3548,8.3548,8.3548,8.3548,8.3548,8.3548,8.3548,8.3548,8.3548,8.3548,8.3548,8.3548,8.3548,8.3548,8.3548,8.3548,8.3548,8.3548,8.3548,8.3548,8.3548,8.3548,8.3548,8.3548,8.3548,8.3548,8.3548,8.3548,8.3548,8.3548,8.3548,8.3548,8.3548,8.3548,8.3548,8.3548,8.3548,8.3548,8.3548,8.3548,8.3548,8.3548,8.3548,8.3548,8.3548,8.3548,8.3548,8.3548,8.3548,8.3548,8.3548,8.3548,8.3548,8.3548,8.3548,8.3548,8.3548,8.3548,8.3548,8.3548,8.3548,8.3548,8.3548,8.3548,8.3548,8.3548,8.3548,8.3548,8.3548,8.3548,8.3548,8.3548,8.3548,8.3548,8.3548,8.3548,8.3548,8.3548,8.3548,8.3548,8.3548,8.3548,8.3548,8.3548,8.3548,8.3548,8.3548,8.3548,8.3548,8.3548,8.3548,8.3548,8.3548,8.3548,8.3548,8.3548,8.3548,8.3548,8.3548,8.3548,8.3548,8.3548,8.3548,8.3548,8.3548,8.3548,8.3548,8.3548,8.3548,8.3548,8.3548,8.3548,8.3548,8.3548,8.3548,8.3548,8.3548,8.3548,8.3548,8.3548,8.3548,8.3548,8.3548,8.3548,8.3548,8.3548,8.3548,8.3548,8.3548,8.3548,8.3548,8.3548,8.3548,8.3548,8.3548,8.3548,8.3548,8.3548,8.3548,8.3548,8.3548,8.3548,8.3548,8.3548,8.3548,8.3548,8.3548,8.3548,8.3548,8.3548,8.3548,8.3548,8.3548,8.3548,8.3548,8.3548,8.3548,8.3548,8.3548,8.3548,8.3548,8.3548,8.3548,8.3548,8.3548,8.3548,8.3548,8.3548,8.3548,8.3548,8.3548,8.3548,8.3548,8.3548,8.3548,8.3548,8.3548,8.3548,8.3548,8.3548,8.3548,8.3548,8.3548,8.3548,8.3548,8.3548,8.3548,8.3548,8.3548,8.3548,8.3548,8.3548,8.3548,8.3548,8.3548,8.3548,8.3548,8.3548,8.3548,8.3548,8.3548,8.3548,8.3548,8.3548,8.3548,8.3548,8.3548,8.3548,8.3548,8.3548,8.3548,8.3548,8.3548,8.3548,8.3548,8.3548,8.3548,8.3548,8.3548,8.3548,8.3548,8.3548,8.3548,8.3548,8.3548,8.3548,8.3548,8.3548,8.3548,8.3548,8.3548,8.3548,8.3548,8.3548,8.3548,8.3548,8.3548,8.3548,8.3548,8.3548,8.3548,8.3548,8.3548,8.3548,8.3548,8.3548,8.3548,8.3548,8.3548,8.3548,8.3548,8.3548,8.3548,8.3548,8.3548,8.3548,8.3548,8.3548,8.3548,8.3548,8.3548,8.3548,8.3548,8.3548,8.3548,8.3548,8.3548,8.3548,8.3548,8.3548,8.3548,8.3548,8.3548,8.3548,8.3548,8.3548,8.3548,8.3548,8.3548,8.3548,8.3548,8.3548,8.3548,8.3548,8.3548,8.3548,8.3548,8.3548,8.3548,8.3548,8.3548,8.3548,8.3548,8.3548,8.3548,8.3548,8.3548,8.3548,8.3548,8.3548,8.3548,8.3548,8.3548,8.3548,8.3548,8.3548,8.3548,8.3548,8.3548,8.3548,8.3548,8.3548,8.3548,8.3548,8.3548,8.3548,8.3548,8.3548,8.3548,8.3548,8.3548,8.3548,8.3548,8.3548,8.3548,8.3548,8.3548,8.3548,8.3548,8.3548,8.3548,8.3548,8.3548,8.3548,8.3548,8.3548,8.3548,8.3548,8.3548,8.3548,8.3548,8.3548,8.3548,8.3548,8.3548,8.3548,8.3548,8.3548,8.3548,8.3548,8.3548,8.3548,8.3548,8.3548,8.3548,8.3548,8.3548,8.3548,8.3548,8.3548,8.3548,8.3548,8.3548,8.3548,8.3548,8.3548,8.3548,8.3548,8.3548,8.3548,8.3548,8.3548,8.3548,8.3548,8.3548,8.3548,8.3548,8.3548,8.3548,8.3548,8.3548,8.3548,8.3548,8.3548,8.3548,8.3548,8.3548,8.3548,8.3548,8.3548,8.3548,8.3548,8.3548,8.3548,8.3548,8.3548,8.3548,8.3548,8.3548,8.3548,8.3548,8.3548,8.3548,8.3548,8.3548,8.3548,8.3548,8.3548,8.3548,8.3548,8.3548,8.3548,8.3548,8.3548,8.3548,8.3548,8.3548,8.3548,8.3548,8.3548,8.3548,8.3548,8.3548,8.3548,8.3548,8.3548,8.3548,8.3548,8.3548,8.3548,8.3548,8.3548,8.3548,8.3548,8.3548,8.3548,8.3548,8.3548,8.3548,8.3548,8.3548,8.3548,8.3548,8.3548,8.3548,8.3548,8.3548,8.3548,8.3548,8.3548,8.3548,8.3548,8.3548,8.3548,8.3548,8.3548,8.3548,8.3548,8.3548,8.3548,8.3548,8.3548,8.3548,8.3548,8.3548,8.3548,8.3548,8.3548,8.3548,8.3548,8.3548,8.3548,8.3548,8.3548,8.3548,8.3548,8.3548,8.3548,8.3548,8.3548,8.3548,8.3548,8.3548,8.3548,8.3548,8.3548,8.3548,8.3548,8.3548,8.3548,8.3548,8.3548,8.3548,8.3548,8.3548,8.3548,8.3548,8.3548,8.3548,8.3548,8.3548,8.3548,8.3548,8.3548,8.3548,8.3548,8.3548,8.3548,8.3548,8.3548,8.3548,8.3548,8.3548,8.3548,8.3548,8.3548,8.3548,8.3548,8.3548,8.3548,8.3548,8.3548,8.3548,8.3548,8.3548,8.3548,8.3548,8.3548,8.3548,8.3548,8.3548,8.3548,8.3548,8.3548,8.3548,8.3548,8.3548,8.3548,8.3548,8.3548,8.3548,8.3548,8.3548,8.3548,8.3548,8.3548,8.3548,8.3548,8.3548,8.3548,8.3548,8.3548,8.3548,8.3548,8.3548,8.3548,8.3548,8.3548,8.3548,8.3548,8.3548,8.3548,8.3548,8.3548,8.3548,8.3548,8.3548,8.3548,8.3548,8.3548,8.3548,8.3548,8.3548,8.3548,8.3548,8.3548,8.3548,8.3548,8.3548,8.3548,8.3548,8.3548,8.3548,8.3548,8.3548,8.3548,8.3548,8.3548,8.3548,8.3548,8.3548,8.3548,8.3548,8.3548,8.3548,8.3548,8.3548,8.3548,8.3548,8.3548,8.3548,8.3548,8.3548,8.3548,8.3548,8.3548,8.3548,8.3548,8.3548,8.3548,8.3548,8.3548,8.3548,8.3548,8.3548,8.3548,8.3548,8.3548,8.3548,8.3548,8.3548,8.3548,8.3548,8.3548,8.3548,8.3548,8.3548,8.3548,8.3548,8.3548,8.3548,8.3548,8.3548,8.3548,8.3548,8.3548,8.3548,8.3548,8.3548,8.3548,8.3548,8.3548,8.3548,8.3548,8.3548,8.3548,8.3548,8.3548,8.3548,8.3548,8.3548,8.3548,8.3548,8.3548,8.3548,8.3548,8.3548,8.3548,8.3548,8.3548,8.3548,8.3548,8.3548,8.3548,8.3548,8.3548,8.3548,8.3548,8.3548,8.3548,8.3548,8.3548,8.3548,8.3548,8.3548,8.3548,8.3548,8.3548,8.3548,8.3548,8.3548,8.3548,8.3548,8.3548,8.3548,8.3548,8.3548,8.3548,8.3548,8.3548,8.3548,8.3548,8.3548,8.3548,8.3548,8.3548,8.3548,8.3548,8.3548,8.3548,8.3548,8.3548,8.3548,8.3548,8.3548,8.3548,8.3548,8.3548,8.3548,8.3548,8.3548,8.3548,8.3548,8.3548,8.3548,8.3548,8.3548,8.3548,8.3548,8.3548,8.3548,8.3548,8.3548,8.3548,8.3548,8.3548,8.3548,8.3548,8.3548,8.3548,8.3548
8.3465,8.3465,8.3465,8.3465,8.3465,8.3465,8.3465,8.3465,8.3465,8.3465,8.3465,8.3465,8.3465,8.3465,8.3465,8.3465,8.3465,8.3465,8.3465,8.3465,8.3465,8.3465,8.3465,8.3465,8.3465,8.3465,8.3465,8.3465,8.3465,8.3465,8.3465,8.3465,8.3465,8.3465,8.3465,8.3465,8.3465,8.3465,8.3465,8.3465,8.3465,8.3465,8.3465,8.3465,8.3465,8.3465,8.3465,8.3465,8.3465,8.3465,8.3465,8.3465,8.3465,8.3465,8.3465,8.3465,8.3465,8.3465,8.3465,8.3465,8.3465,8.3465,8.3465,8.3465,8.3465,8.3465,8.3465,8.3465,8.3465,8.3465,8.3465,8.3465,8.3465,8.3465,8.3465,8.3465,8.3465,8.3465,8.3465,8.3465,8.3465,8.3465,8.3465,8.3465,8.3465,8.3465,8.3465,8.3465,8.3465,8.3465,8.3465,8.3465,8.3465,8.3465,8.3465,8.3465,8.3465,8.3465,8.3465,8.3465,8.3465,8.3465,8.3465,8.3465,8.3465,8.3465,8.3465,8.3465,8.3465,8.3465,8.3465,8.3465,8.3465,8.3465,8.3465,8.3465,8.3465,8.3465,8.3465,8.3465,8.3465,8.3465,8.3465,8.3465,8.3465,8.3465,8.3465,8.3465,8.3465,8.3465,8.3465,8.3465,8.3465,8.3465,8.3465,8.3465,8.3465,8.3465,8.3465,8.3465,8.3465,8.3465,8.3465,8.3465,8.3465,8.3465,8.3465,8.3465,8.3465,8.3465,8.3465,8.3465,8.3465,8.3465,8.3465,8.3465,8.3465,8.3465,8.3465,8.3465,8.3465,8.3465,8.3465,8.3465,8.3465,8.3465,8.3465,8.3465,8.3465,8.3465,8.3465,8.3465,8.3465,8.3465,8.3465,8.3465,8.3465,8.3465,8.3465,8.3465,8.3465,8.3465,8.3465,8.3465,8.3465,8.3465,8.3465,8.3465,8.3465,8.3465,8.3465,8.3465,8.3465,8.3465,8.3465,8.3465,8.3465,8.3465,8.3465,8.3465,8.3465,8.3465,8.3465,8.3465,8.3465,8.3465,8.3465,8.3465,8.3465,8.3465,8.3465,8.3465,8.3465,8.3465,8.3465,8.3465,8.3465,8.3465,8.3465,8.3465,8.3465,8.3465,8.3465,8.3465,8.3465,8.3465,8.3465,8.3465,8.3465,8.3465,8.3465,8.3465,8.3465,8.3465,8.3465,8.3465,8.3465,8.3465,8.3465,8.3465,8.3465,8.3465,8.3465,8.3465,8.3465,8.3465,8.3465,8.3465,8.3465,8.3465,8.3465,8.3465,8.3465,8.3465,8.3465,8.3465,8.3465,8.3465,8.3465,8.3465,8.3465,8.3465,8.3465,8.3465,8.3465,8.3465,8.3465,8.3465,8.3465,8.3465,8.3465,8.3465,8.3465,8.3465,8.3465,8.3465,8.3465,8.3465,8.3465,8.3465,8.3465,8.3465,8.3465,8.3465,8.3465,8.3465,8.3465,8.3465,8.3465,8.3465,8.3465,8.3465,8.3465,8.3465,8.3465,8.3465,8.3465,8.3465,8.3465,8.3465,8.3465,8.3465,8.3465,8.3465,8.3465,8.3465,8.3465,8.3465,8.3465,8.3465,8.3465,8.3465,8.3465,8.3465,8.3465,8.3465,8.3465,8.3465,8.3465,8.3465,8.3465,8.3465,8.3465,8.3465,8.3465,8.3465,8.3465,8.3465,8.3465,8.3465,8.3465,8.3465,8.3465,8.3465,8.3465,8.3465,8.3465,8.3465,8.3465,8.3465,8.3465,8.3465,8.3465,8.3465,8.3465,8.3465,8.3465,8.3465,8.3465,8.3465,8.3465,8.3465,8.3465,8.3465,8.3465,8.3465,8.3465,8.3465,8.3465,8.3465,8.3465,8.3465,8.3465,8.3465,8.3465,8.3465,8.3465,8.3465,8.3465,8.3465,8.3465,8.3465,8.3465,8.3465,8.3465,8.3465,8.3465,8.3465,8.3465,8.3465,8.3465,8.3465,8.3465,8.3465,8.3465,8.3465,8.3465,8.3465,8.3465,8.3465,8.3465,8.3465,8.3465,8.3465,8.3465,8.3465,8.3465,8.3465,8.3465,8.3465,8.3465,8.3465,8.3465,8.3465,8.3465,8.3465,8.3465,8.3465,8.3465,8.3465,8.3465,8.3465,8.3465,8.3465,8.3465,8.3465,8.3465,8.3465,8.3465,8.3465,8.3465,8.3465,8.3465,8.3465,8.3465,8.3465,8.3465,8.3465,8.3465,8.3465,8.3465,8.3465,8.3465,8.3465,8.3465,8.3465,8.3465,8.3465,8.3465,8.3465,8.3465,8.3465,8.3465,8.3465,8.3465,8.3465,8.3465,8.3465,8.3465,8.3465,8.3465,8.3465,8.3465,8.3465,8.3465,8.3465,8.3465,8.3465,8.3465,8.3465,8.3465,8.3465,8.3465,8.3465,8.3465,8.3465,8.3465,8.3465,8.3465,8.3465,8.3465,8.3465,8.3465,8.3465,8.3465,8.3465,8.3465,8.3465,8.3465,8.3465,8.3465,8.3465,8.3465,8.3465,8.3465,8.3465,8.3465,8.3465,8.3465,8.3465,8.3465,8.3465,8.3465,8.3465,8.3465,8.3465,8.3465,8.3465,8.3465,8.3465,8.3465,8.3465,8.3465,8.3465,8.3465,8.3465,8.3465,8.3465,8.3465,8.3465,8.3465,8.3465,8.3465,8.3465,8.3465,8.3465,8.3465,8.3465,8.3465,8.3465,8.3465,8.3465,8.3465,8.3465,8.3465,8.3465,8.3465,8.3465,8.3465,8.3465,8.3465,8.3465,8.3465,8.3465,8.3465,8.3465,8.3465,8.3465,8.3465,8.3465,8.3465,8.3465,8.3465,8.3465,8.3465,8.3465,8.3465,8.3465,8.3465,8.3465,8.3465,8.3465,8.3465,8.3465,8.3465,8.3465,8.3465,8.3465,8.3465,8.3465,8.3465,8.3465,8.3465,8.3465,8.3465,8.3465,8.3465,8.3465,8.3465,8.3465,8.3465,8.3465,8.3465,8.3465,8.3465,8.3465,8.3465,8.3465,8.3465,8.3465,8.3465,8.3465,8.3465,8.3465,8.3465,8.3465,8.3465,8.3465,8.3465,8.3465,8.3465,8.3465,8.3465,8.3465,8.3465,8.3465,8.3465,8.3465,8.3465,8.3465,8.3465,8.3465,8.3465,8.3465,8.3465,8.3465,8.3465,8.3465,8.3465,8.3465,8.3465,8.3465,8.3465,8.3465,8.3465,8.3465,8.3465,8.3465,8.3465,8.3465,8.3465,8.3465,8.3465,8.3465,8.3465,8.3465,8.3465,8.3465,8.3465,8.3465,8.3465,8.3465,8.3465,8.3465,8.3465,8.3465,8.3465,8.3465,8.3465,8.3465,8.3465,8.3465,8.3465,8.3465,8.3465,8.3465,8.3465,8.3465,8.3465,8.3465,8.3465,8.3465,8.3465,8.3465,8.3465,8.3465,8.3465,8.3465,8.3465,8.3465,8.3465,8.3465,8.3465,8.3465,8.3465,8.3465,8.3465,8.3465,8.3465,8.3465,8.3465,8.3465,8.3465,8.3465,8.3465,8.3465,8.3465,8.3465,8.3465,8.3465,8.3465,8.3465,8.3465,8.3465,8.3465,8.3465,8.3465,8.3465,8.3465,8.3465,8.3465,8.3465,8.3465,8.3465,8.3465,8.3465,8.3465,8.3465,8.3465,8.3465,8.3465,8.3465,8.3465,8.3465,8.3465,8.3465,8.3465,8.3465,8.3465,8.3465,8.3465,8.3465,8.3465,8.3465,8.3465,8.3465,8.3465,8.3465,8.3465,8.3465,8.3465,8.3465,8.3465,8.3465,8.3465,8.3465,8.3465,8.3465,8.3465,8.3465,8.3465,8.3465,8.3465,8.3465,8.3465,8.3465,8.3465,8.3465,8.3465,8.3465,8.3465,8.3465,8.3465,8.3465,8.3465,8.3465,8.3465,8.3465,8.3465,8.3465,8.3465,8.3465,8.3465,8.3465,8.3465,8.3465,8.3465,8.3465,8.3465,8.3465,8.3465,8.3465,8.3465,8.3465,8.3465,8.3465,8.3465,8.3465,8.3465,8.3465,8.3465,8.3465,8.3465,8.3465,8.3465,8.3465,8.3465,8.3465,8.3465,8.3465,8.3465,8.3465,8.3465,8.3465,8.3465,8.3465,8.3465,8.3465,8.3465,8.3465,8.3465,8.3465,8.3465,8.3465,8.3465,8.3465,8.3465,8.3465,8.3465,8.3465,8.3465,8.3465,8.3465,8.3465,8.3465,8.3465,8.3465,8.3465,8.3465,8.3465,8.3465,8.3465,8.3465,8.3465,8.3465,8.3465,8.3465,8.3465,8.3465,8.3465,8.3465,8.3465,8.3465,8.3465,8.3465,8.3465,8.3465,8.3465,8.3465,8.3465,8.3465,8.3465,8.3465,8.3465,8.3465,8.3465,8.3465,8.3465,8.3465,8.3465,8.3465,8.3465,8.3465,8.3465,8.3465,8.3465,8.3465,8.3465,8.3465,8.3465,8.3465,8.3465,8.3465,8.3465,8.3465,8.3465,8.3465,8.3465,8.3465,8.3465,8.3465,8.3465,8.3465,8.3465,8.3465,8.3465,8.3465,8.3465,8.3465,8.3465,8.3465,8.3465,8.3465,8.3465,8.3465,8.3465,8.3465,8.3465,8.3465,8.3465,8.3465,8.3465,8.3465,8.3465,8.3465,8.3465,8.3465,8.3465,8.3465,8.3465,8.3465,8.3465,8.3465,8.3465,8.3465,8.3465,8.3465,8.3465,8.3465,8.3465,8.3465,8.3465,8.3465,8.3465,8.3465,8.3465,8.3465,8.3465,8.3465,8.3465,8.3465,8.3465,8.3465,8.3465,8.3465,8.3465,8.3465,8.3465,8.3465,8.3465,8.3465,8.3465,8.3465,8.3465,8.3465,8.3465,8.3465,8.3465,8.3465,8.3465,8.3465,8.3465,8.3465,8.3465,8.3465,8.3465,8.3465,8.3465,8.3465,8.3465,8.3465,8.3465,8.3465,8.3465,8.3465,8.3465,8.3465,8.3465,8.3465,8.3465,8.3465,8.3465,8.3465,8.3465,8.3465,8.3465,8.3465,8.3465,8.3465,8.3465
8.3395,8.3395,8.3395,8.3395,8.3395,8.3395,8.3395,8.3395,8.3395,8.3395,8.3395,8.3395,8.3395,8.3395,8.3395,8.3395,8.3395,8.3395,8.3395,8.3395,8.3395,8.3395,8.3395,8.3395,8.3395,8.3395,8.3395,8.3395,8.3395,8.3395,8.3395,8.3395,8.3395,8.3395,8.3395,8.3395,8.3395,8.3395,8.3395,8.3395,8.3395,8.3395,8.3395,8.3395,8.3395,8.3395,8.3395,8.3395,8.3395,8.3395,8.3395,8.3395,8.3395,8.3395,8.3395,8.3395,8.3395,8.3395,8.3395,8.3395,8.3395,8.3395,8.3395,8.3395,8.3395,8.3395,8.3395,8.3395,8.3395,8.3395,8.3395,8.3395,8.3395,8.3395,8.3395,8.3395,8.3395,8.3395,8.3395,8.3395,8.3395,8.3395,8.3395,8.3395,8.3395,8.3395,8.3395,8.3395,8.3395,8.3395,8.3395,8.3395,8.3395,8.3395,8.3395,8.3395,8.3395,8.3395,8.3395,8.3395,8.3395,8.3395,8.3395,8.3395,8.3395,8.3395,8.3395,8.3395,8.3395,8.3395,8.3395,8.3395,8.3395,8.3395,8.3395,8.3395,8.3395,8.3395,8.3395,8.3395,8.3395,8.3395,8.3395,8.3395,8.3395,8.3395,8.3395,8.3395,8.3395,8.3395,8.3395,8.3395,8.3395,8.3395,8.3395,8.3395,8.3395,8.3395,8.3395,8.3395,8.3395,8.3395,8.3395,8.3395,8.3395,8.3395,8.3395,8.3395,8.3395,8.3395,8.3395,8.3395,8.3395,8.3395,8.3395,8.3395,8.3395,8.3395,8.3395,8.3395,8.3395,8.3395,8.3395,8.3395,8.3395,8.3395,8.3395,8.3395,8.3395,8.3395,8.3395,8.3395,8.3395,8.3395,8.3395,8.3395,8.3395,8.3395,8.3395,8.3395,8.3395,8.3395,8.3395,8.3395,8.3395,8.3395,8.3395,8.3395,8.3395,8.3395,8.3395,8.3395,8.3395,8.3395,8.3395,8.3395,8.3395,8.3395,8.3395,8.3395,8.3395,8.3395,8.3395,8.3395,8.3395,8.3395,8.3395,8.3395,8.3395,8.3395,8.3395,8.3395,8.3395,8.3395,8.3395,8.3395,8.3395,8.3395,8.3395,8.3395,8.3395,8.3395,8.3395,8.3395,8.3395,8.3395,8.3395,8.3395,8.3395,8.3395,8.3395,8.3395,8.3395,8.3395,8.3395,8.3395,8.3395,8.3395,8.3395,8.3395,8.3395,8.3395,8.3395,8.3395,8.3395,8.3395,8.3395,8.3395,8.3395,8.3395,8.3395,8.3395,8.3395,8.3395,8.3395,8.3395,8.3395,8.3395,8.3395,8.3395,8.3395,8.3395,8.3395,8.3395,8.3395,8.3395,8.3395,8.3395,8.3395,8.3395,8.3395,8.3395,8.3395,8.3395,8.3395,8.3395,8.3395,8.3395,8.3395,8.3395,8.3395,8.3395,8.3395,8.3395,8.3395,8.3395,8.3395,8.3395,8.3395,8.3395,8.3395,8.3395,8.3395,8.3395,8.3395,8.3395,8.3395,8.3395,8.3395,8.3395,8.3395,8.3395,8.3395,8.3395,8.3395,8.3395,8.3395,8.3395,8.3395,8.3395,8.3395,8.3395,8.3395,8.3395,8.3395,8.3395,8.3395,8.3395,8.3395,8.3395,8.3395,8.3395,8.3395,8.3395,8.3395,8.3395,8.3395,8.3395,8.3395,8.3395,8.3395,8.3395,8.3395,8.3395,8.3395,8.3395,8.3395,8.3395,8.3395,8.3395,8.3395,8.3395,8.3395,8.3395,8.3395,8.3395,8.3395,8.3395,8.3395,8.3395,8.3395,8.3395,8.3395,8.3395,8.3395,8.3395,8.3395,8.3395,8.3395,8.3395,8.3395,8.3395,8.3395,8.3395,8.3395,8.3395,8.3395,8.3395,8.3395,8.3395,8.3395,8.3395,8.3395,8.3395,8.3395,8.3395,8.3395,8.3395,8.3395,8.3395,8.3395,8.3395,8.3395,8.3395,8.3395,8.3395,8.3395,8.3395,8.3395,8.3395,8.3395,8.3395,8.3395,8.3395,8.3395,8.3395,8.3395,8.3395,8.3395,8.3395,8.3395,8.3395,8.3395,8.3395,8.3395,8.3395,8.3395,8.3395,8.3395,8.3395,8.3395,8.3395,8.3395,8.3395,8.3395,8.3395,8.3395,8.3395,8.3395,8.3395,8.3395,8.3395,8.3395,8.3395,8.3395,8.3395,8.3395,8.3395,8.3395,8.3395,8.3395,8.3395,8.3395,8.3395,8.3395,8.3395,8.3395,8.3395,8.3395,8.3395,8.3395,8.3395,8.3395,8.3395,8.3395,8.3395,8.3395,8.3395,8.3395,8.3395,8.3395,8.3395,8.3395,8.3395,8.3395,8.3395,8.3395,8.3395,8.3395,8.3395,8.3395,8.3395,8.3395,8.3395,8.3395,8.3395,8.3395,8.3395,8.3395,8.3395,8.3395,8.3395,8.3395,8.3395,8.3395,8.3395,8.3395,8.3395,8.3395,8.3395,8.3395,8.3395,8.3395,8.3395,8.3395,8.3395,8.3395,8.3395,8.3395,8.3395,8.3395,8.3395,8.3395,8.3395,8.3395,8.3395,8.3395,8.3395,8.3395,8.3395,8.3395,8.3395,8.3395,8.3395,8.3395,8.3395,8.3395,8.3395,8.3395,8.3395,8.3395,8.3395,8.3395,8.3395,8.3395,8.3395,8.3395,8.3395,8.3395,8.3395,8.3395,8.3395,8.3395,8.3395,8.3395,8.3395,8.3395,8.3395,8.3395,8.3395,8.3395,8.3395,8.3395,8.3395,8.3395,8.3395,8.3395,8.3395,8.3395,8.3395,8.3395,8.3395,8.3395,8.3395,8.3395,8.3395,8.3395,8.3395,8.3395,8.3395,8.3395,8.3395,8.3395,8.3395,8.3395,8.3395,8.3395,8.3395,8.3395,8.3395,8.3395,8.3395,8.3395,8.3395,8.3395,8.3395,8.3395,8.3395,8.3395,8.3395,8.3395,8.3395,8.3395,8.3395,8.3395,8.3395,8.3395,8.3395,8.3395,8.3395,8.3395,8.3395,8.3395,8.3395,8.3395,8.3395,8.3395,8.3395,8.3395,8.3395,8.3395,8.3395,8.3395,8.3395,8.3395,8.3395,8.3395,8.3395,8.3395,8.3395,8.3395,8.3395,8.3395,8.3395,8.3395,8.3395,8.3395,8.3395,8.3395,8.3395,8.3395,8.3395,8.3395,8.3395,8.3395,8.3395,8.3395,8.3395,8.3395,8.3395,8.3395,8.3395,8.3395,8.3395,8.3395,8.3395,8.3395,8.3395,8.3395,8.3395,8.3395,8.3395,8.3395,8.3395,8.3395,8.3395,8.3395,8.3395,8.3395,8.3395,8.3395,8.3395,8.3395,8.3395,8.3395,8.3395,8.3395,8.3395,8.3395,8.3395,8.3395,8.3395,8.3395,8.3395,8.3395,8.3395,8.3395,8.3395,8.3395,8.3395,8.3395,8.3395,8.3395,8.3395,8.3395,8.3395,8.3395,8.3395,8.3395,8.3395,8.3395,8.3395,8.3395,8.3395,8.3395,8.3395,8.3395,8.3395,8.3395,8.3395,8.3395,8.3395,8.3395,8.3395,8.3395,8.3395,8.3395,8.3395,8.3395,8.3395,8.3395,8.3395,8.3395,8.3395,8.3395,8.3395,8.3395,8.3395,8.3395,8.3395,8.3395,8.3395,8.3395,8.3395,8.3395,8.3395,8.3395,8.3395,8.3395,8.3395,8.3395,8.3395,8.3395,8.3395,8.3395,8.3395,8.3395,8.3395,8.3395,8.3395,8.3395,8.3395,8.3395,8.3395,8.3395,8.3395,8.3395,8.3395,8.3395,8.3395,8.3395,8.3395,8.3395,8.3395,8.3395,8.3395,8.3395,8.3395,8.3395,8.3395,8.3395,8.3395,8.3395,8.3395,8.3395,8.3395,8.3395,8.3395,8.3395,8.3395,8.3395,8.3395,8.3395,8.3395,8.3395,8.3395,8.3395,8.3395,8.3395,8.3395,8.3395,8.3395,8.3395,8.3395,8.3395,8.3395,8.3395,8.3395,8.3395,8.3395,8.3395,8.3395,8.3395,8.3395,8.3395,8.3395,8.3395,8.3395,8.3395,8.3395,8.3395,8.3395,8.3395,8.3395,8.3395,8.3395,8.3395,8.3395,8.3395,8.3395,8.3395,8.3395,8.3395,8.3395,8.3395,8.3395,8.3395,8.3395,8.3395,8.3395,8.3395,8.3395,8.3395,8.3395,8.3395,8.3395,8.3395,8.3395,8.3395,8.3395,8.3395,8.3395,8.3395,8.3395,8.3395,8.3395,8.3395,8.3395,8.3395,8.3395,8.3395,8.3395,8.3395,8.3395,8.3395,8.3395,8.3395,8.3395,8.3395,8.3395,8.3395,8.3395,8.3395,8.3395,8.3395,8.3395,8.3395,8.3395,8.3395,8.3395,8.3395,8.3395,8.3395,8.3395,8.3395,8.3395,8.3395,8.3395,8.3395,8.3395,8.3395,8.3395,8.3395,8.3395,8.3395,8.3395,8.3395,8.3395,8.3395,8.3395,8.3395,8.3395,8.3395,8.3395,8.3395,8.3395,8.3395,8.3395,8.3395,8.3395,8.3395,8.3395,8.3395,8.3395,8.3395,8.3395,8.3395,8.3395,8.3395,8.3395,8.3395,8.3395,8.3395,8.3395,8.3395,8.3395,8.3395,8.3395,8.3395,8.3395,8.3395,8.3395,8.3395,8.3395,8.3395,8.3395,8.3395,8.3395,8.3395,8.3395,8.3395,8.3395,8.3395,8.3395,8.3395,8.3395,8.3395,8.3395,8.3395,8.3395,8.3395,8.3395,8.3395,8.3395,8.3395,8.3395,8.3395,8.3395,8.3395,8.3395,8.3395,8.3395,8.3395,8.3395,8.3395,8.3395,8.3395,8.3395,8.3395,8.3395,8.3395,8.3395,8.3395,8.3395,8.3395,8.3395,8.3395,8.3395,8.3395,8.3395,8.3395,8.3395,8.3395,8.3395,8.3395,8.3395,8.3395,8.3395,8.3395,8.3395,8.3395,8.3395,8.3395,8.3395,8.3395,8.3395,8.3395,8.3395,8.3395,8.3395
8.3316,8.3316,8.3316,8.3316,8.3316,8.3316,8.3316,8.3316,8.3316,8.3316,8.3316,8.3316,8.3316,8.3316,8.3316,8.3316,8.3316,8.3316,8.3316,8.3316,8.3316,8.3316,8.3316,8.3316,8.3316,8.3316,8.3316,8.3316,8.3316,8.3316,8.3316,8.3316,8.3316,8.3316,8.3316,8.3316,8.3316,8.3316,8.3316,8.3316,8.3316,8.3316,8.3316,8.3316,8.3316,8.3316,8.3316,8.3316,8.3316,8.3316,8.3316,8.3316,8.3316,8.3316,8.3316,8.3316,8.3316,8.3316,8.3316,8.3316,8.3316,8.3316,8.3316,8.3316,8.3316,8.3316,8.3316,8.3316,8.3316,8.3316,8.3316,8.3316,8.3316,8.3316,8.3316,8.3316,8.3316,8.3316,8.3316,8.3316,8.3316,8.3316,8.3316,8.3316,8.3316,8.3316,8.3316,8.3316,8.3316,8.3316,8.3316,8.3316,8.3316,8.3316,8.3316,8.3316,8.3316,8.3316,8.3316,8.3316,8.3316,8.3316,8.3316,8.3316,8.3316,8.3316,8.3316,8.3316,8.3316,8.3316,8.3316,8.3316,8.3316,8.3316,8.3316,8.3316,8.3316,8.3316,8.3316,8.3316,8.3316,8.3316,8.3316,8.3316,8.3316,8.3316,8.3316,8.3316,8.3316,8.3316,8.3316,8.3316,8.3316,8.3316,8.3316,8.3316,8.3316,8.3316,8.3316,8.3316,8.3316,8.3316,8.3316,8.3316,8.3316,8.3316,8.3316,8.3316,8.3316,8.3316,8.3316,8.3316,8.3316,8.3316,8.3316,8.3316,8.3316,8.3316,8.3316,8.3316,8.3316,8.3316,8.3316,8.3316,8.3316,8.3316,8.3316,8.3316,8.3316,8.3316,8.3316,8.3316,8.3316,8.3316,8.3316,8.3316,8.3316,8.3316,8.3316,8.3316,8.3316,8.3316,8.3316,8.3316,8.3316,8.3316,8.3316,8.3316,8.3316,8.3316,8.3316,8.3316,8.3316,8.3316,8.3316,8.3316,8.3316,8.3316,8.3316,8.3316,8.3316,8.3316,8.3316,8.3316,8.3316,8.3316,8.3316,8.3316,8.3316,8.3316,8.3316,8.3316,8.3316,8.3316,8.3316,8.3316,8.3316,8.3316,8.3316,8.3316,8.3316,8.3316,8.3316,8.3316,8.3316,8.3316,8.3316,8.3316,8.3316,8.3316,8.3316,8.3316,8.3316,8.3316,8.3316,8.3316,8.3316,8.3316,8.3316,8.3316,8.3316,8.3316,8.3316,8.3316,8.3316,8.3316,8.3316,8.3316,8.3316,8.3316,8.3316,8.3316,8.3316,8.3316,8.3316,8.3316,8.3316,8.3316,8.3316,8.3316,8.3316,8.3316,8.3316,8.3316,8.3316,8.3316,8.3316,8.3316,8.3316,8.3316,8.3316,8.3316,8.3316,8.3316,8.3316,8.3316,8.3316,8.3316,8.3316,8.3316,8.3316,8.3316,8.3316,8.3316,8.3316,8.3316,8.3316,8.3316,8.3316,8.3316,8.3316,8.3316,8.3316,8.3316,8.3316,8.3316,8.3316,8.3316,8.3316,8.3316,8.3316,8.3316,8.3316,8.3316,8.3316,8.3316,8.3316,8.3316,8.3316,8.3316,8.3316,8.3316,8.3316,8.3316,8.3316,8.3316,8.3316,8.3316,8.3316,8.3316,8.3316,8.3316,8.3316,8.3316,8.3316,8.3316,8.3316,8.3316,8.3316,8.3316,8.3316,8.3316,8.3316,8.3316,8.3316,8.3316,8.3316,8.3316,8.3316,8.3316,8.3316,8.3316,8.3316,8.3316,8.3316,8.3316,8.3316,8.3316,8.3316,8.3316,8.3316,8.3316,8.3316,8.3316,8.3316,8.3316,8.3316,8.3316,8.3316,8.3316,8.3316,8.3316,8.3316,8.3316,8.3316,8.3316,8.3316,8.3316,8.3316,8.3316,8.3316,8.3316,8.3316,8.3316,8.3316,8.3316,8.3316,8.3316,8.3316,8.3316,8.3316,8.3316,8.3316,8.3316,8.3316,8.3316,8.3316,8.3316,8.3316,8.3316,8.3316,8.3316,8.3316,8.3316,8.3316,8.3316,8.3316,8.3316,8.3316,8.3316,8.3316,8.3316,8.3316,8.3316,8.3316,8.3316,8.3316,8.3316,8.3316,8.3316,8.3316,8.3316,8.3316,8.3316,8.3316,8.3316,8.3316,8.3316,8.3316,8.3316,8.3316,8.3316,8.3316,8.3316,8.3316,8.3316,8.3316,8.3316,8.3316,8.3316,8.3316,8.3316,8.3316,8.3316,8.3316,8.3316,8.3316,8.3316,8.3316,8.3316,8.3316,8.3316,8.3316,8.3316,8.3316,8.3316,8.3316,8.3316,8.3316,8.3316,8.3316,8.3316,8.3316,8.3316,8.3316,8.3316,8.3316,8.3316,8.3316,8.3316,8.3316,8.3316,8.3316,8.3316,8.3316,8.3316,8.3316,8.3316,8.3316,8.3316,8.3316,8.3316,8.3316,8.3316,8.3316,8.3316,8.3316,8.3316,8.3316,8.3316,8.3316,8.3316,8.3316,8.3316,8.3316,8.3316,8.3316,8.3316,8.3316,8.3316,8.3316,8.3316,8.3316,8.3316,8.3316,8.3316,8.3316,8.3316,8.3316,8.3316,8.3316,8.3316,8.3316,8.3316,8.3316,8.3316,8.3316,8.3316,8.3316,8.3316,8.3316,8.3316,8.3316,8.3316,8.3316,8.3316,8.3316,8.3316,8.3316,8.3316,8.3316,8.3316,8.3316,8.3316,8.3316,8.3316,8.3316,8.3316,8.3316,8.3316,8.3316,8.3316,8.3316,8.3316,8.3316,8.3316,8.3316,8.3316,8.3316,8.3316,8.3316,8.3316,8.3316,8.3316,8.3316,8.3316,8.3316,8.3316,8.3316,8.3316,8.3316,8.3316,8.3316,8.3316,8.3316,8.3316,8.3316,8.3316,8.3316,8.3316,8.3316,8.3316,8.3316,8.3316,8.3316,8.3316,8.3316,8.3316,8.3316,8.3316,8.3316,8.3316,8.3316,8.3316,8.3316,8.3316,8.3316,8.3316,8.3316,8.3316,8.3316,8.3316,8.3316,8.3316,8.3316,8.3316,8.3316,8.3316,8.3316,8.3316,8.3316,8.3316,8.3316,8.3316,8.3316,8.3316,8.3316,8.3316,8.3316,8.3316,8.3316,8.3316,8.3316,8.3316,8.3316,8.3316,8.3316,8.3316,8.3316,8.3316,8.3316,8.3316,8.3316,8.3316,8.3316,8.3316,8.3316,8.3316,8.3316,8.3316,8.3316,8.3316,8.3316,8.3316,8.3316,8.3316,8.3316,8.3316,8.3316,8.3316,8.3316,8.3316,8.3316,8.3316,8.3316,8.3316,8.3316,8.3316,8.3316,8.3316,8.3316,8.3316,8.3316,8.3316,8.3316,8.3316,8.3316,8.3316,8.3316,8.3316,8.3316,8.3316,8.3316,8.3316,8.3316,8.3316,8.3316,8.3316,8.3316,8.3316,8.3316,8.3316,8.3316,8.3316,8.3316,8.3316,8.3316,8.3316,8.3316,8.3316,8.3316,8.3316,8.3316,8.3316,8.3316,8.3316,8.3316,8.3316,8.3316,8.3316,8.3316,8.3316,8.3316,8.3316,8.3316,8.3316,8.3316,8.3316,8.3316,8.3316,8.3316,8.3316,8.3316,8.3316,8.3316,8.3316,8.3316,8.3316,8.3316,8.3316,8.3316,8.3316,8.3316,8.3316,8.3316,8.3316,8.3316,8.3316,8.3316,8.3316,8.3316,8.3316,8.3316,8.3316,8.3316,8.3316,8.3316,8.3316,8.3316,8.3316,8.3316,8.3316,8.3316,8.3316,8.3316,8.3316,8.3316,8.3316,8.3316,8.3316,8.3316,8.3316,8.3316,8.3316,8.3316,8.3316,8.3316,8.3316,8.3316,8.3316,8.3316,8.3316,8.3316,8.3316,8.3316,8.3316,8.3316,8.3316,8.3316,8.3316,8.3316,8.3316,8.3316,8.3316,8.3316,8.3316,8.3316,8.3316,8.3316,8.3316,8.3316,8.3316,8.3316,8.3316,8.3316,8.3316,8.3316,8.3316,8.3316,8.3316,8.3316,8.3316,8.3316,8.3316,8.3316,8.3316,8.3316,8.3316,8.3316,8.3316,8.3316,8.3316,8.3316,8.3316,8.3316,8.3316,8.3316,8.3316,8.3316,8.3316,8.3316,8.3316,8.3316,8.3316,8.3316,8.3316,8.3316,8.3316,8.3316,8.3316,8.3316,8.3316,8.3316,8.3316,8.3316,8.3316,8.3316,8.3316,8.3316,8.3316,8.3316,8.3316,8.3316,8.3316,8.3316,8.3316,8.3316,8.3316,8.3316,8.3316,8.3316,8.3316,8.3316,8.3316,8.3316,8.3316,8.3316,8.3316,8.3316,8.3316,8.3316,8.3316,8.3316,8.3316,8.3316,8.3316,8.3316,8.3316,8.3316,8.3316,8.3316,8.3316,8.3316,8.3316,8.3316,8.3316,8.3316,8.3316,8.3316,8.3316,8.3316,8.3316,8.3316,8.3316,8.3316,8.3316,8.3316,8.3316,8.3316,8.3316,8.3316,8.3316,8.3316,8.3316,8.3316,8.3316,8.3316,8.3316,8.3316,8.3316,8.3316,8.3316,8.3316,8.3316,8.3316,8.3316,8.3316,8.3316,8.3316,8.3316,8.3316,8.3316,8.3316,8.3316,8.3316,8.3316,8.3316,8.3316,8.3316,8.3316,8.3316,8.3316,8.3316,8.3316,8.3316,8.3316,8.3316,8.3316,8.3316,8.3316,8.3316,8.3316,8.3316,8.3316,8.3316,8.3316,8.3316,8.3316,8.3316,8.3316,8.3316,8.3316,8.3316,8.3316,8.3316,8.3316,8.3316,8.3316,8.3316,8.3316,8.3316,8.3316,8.3316,8.3316,8.3316,8.3316,8.3316,8.3316,8.3316,8.3316,8.3316,8.3316,8.3316,8.3316,8.3316,8.3316,8.3316,8.3316,8.3316,8.3316,8.3316,8.3316,8.3316,8.3316,8.3316,8.3316,8.3316,8.3316,8.3316,8.3316,8.3316,8.3316,8.3316,8.3316,8.3316,8.3316,8.3316,8.3316,8.3316,8.3316
8.3238,8.3238,8.3238,8.3238,8.3238,8.3238,8.3238,8.3238,8.3238,8.3238,8.3238,8.3238,8.3238,8.3238,8.3238,8.3238,8.3238,8.3238,8.3238,8.3238,8.3238,8.3238,8.3238,8.3238,8.3238,8.3238,8.3238,8.3238,8.3238,8.3238,8.3238,8.3238,8.3238,8.3238,8.3238,8.3238,8.3238,8.3238,8.3238,8.3238,8.3238,8.3238,8.3238,8.3238,8.3238,8.3238,8.3238,8.3238,8.3238,8.3238,8.3238,8.3238,8.3238,8.3238,8.3238,8.3238,8.3238,8.3238,8.3238,8.3238,8.3238,8.3238,8.3238,8.3238,8.3238,8.3238,8.3238,8.3238,8.3238,8.3238,8.3238,8.3238,8.3238,8.3238,8.3238,8.3238,8.3238,8.3238,8.3238,8.3238,8.3238,8.3238,8.3238,8.3238,8.3238,8.3238,8.3238,8.3238,8.3238,8.3238,8.3238,8.3238,8.3238,8.3238,8.3238,8.3238,8.3238,8.3238,8.3238,8.3238,8.3238,8.3238,8.3238,8.3238,8.3238,8.3238,8.3238,8.3238,8.3238,8.3238,8.3238,8.3238,8.3238,8.3238,8.3238,8.3238,8.3238,8.3238,8.3238,8.3238,8.3238,8.3238,8.3238,8.3238,8.3238,8.3238,8.3238,8.3238,8.3238,8.3238,8.3238,8.3238,8.3238,8.3238,8.3238,8.3238,8.3238,8.3238,8.3238,8.3238,8.3238,8.3238,8.3238,8.3238,8.3238,8.3238,8.3238,8.3238,8.3238,8.3238,8.3238,8.3238,8.3238,8.3238,8.3238,8.3238,8.3238,8.3238,8.3238,8.3238,8.3238,8.3238,8.3238,8.3238,8.3238,8.3238,8.3238,8.3238,8.3238,8.3238,8.3238,8.3238,8.3238,8.3238,8.3238,8.3238,8.3238,8.3238,8.3238,8.3238,8.3238,8.3238,8.3238,8.3238,8.3238,8.3238,8.3238,8.3238,8.3238,8.3238,8.3238,8.3238,8.3238,8.3238,8.3238,8.3238,8.3238,8.3238,8.3238,8.3238,8.3238,8.3238,8.3238,8.3238,8.3238,8.3238,8.3238,8.3238,8.3238,8.3238,8.3238,8.3238,8.3238,8.3238,8.3238,8.3238,8.3238,8.3238,8.3238,8.3238,8.3238,8.3238,8.3238,8.3238,8.3238,8.3238,8.3238,8.3238,8.3238,8.3238,8.3238,8.3238,8.3238,8.3238,8.3238,8.3238,8.3238,8.3238,8.3238,8.3238,8.3238,8.3238,8.3238,8.3238,8.3238,8.3238,8.3238,8.3238,8.3238,8.3238,8.3238,8.3238,8.3238,8.3238,8.3238,8.3238,8.3238,8.3238,8.3238,8.3238,8.3238,8.3238,8.3238,8.3238,8.3238,8.3238,8.3238,8.3238,8.3238,8.3238,8.3238,8.3238,8.3238,8.3238,8.3238,8.3238,8.3238,8.3238,8.3238,8.3238,8.3238,8.3238,8.3238,8.3238,8.3238,8.3238,8.3238,8.3238,8.3238,8.3238,8.3238,8.3238,8.3238,8.3238,8.3238,8.3238,8.3238,8.3238,8.3238,8.3238,8.3238,8.3238,8.3238,8.3238,8.3238,8.3238,8.3238,8.3238,8.3238,8.3238,8.3238,8.3238,8.3238,8.3238,8.3238,8.3238,8.3238,8.3238,8.3238,8.3238,8.3238,8.3238,8.3238,8.3238,8.3238,8.3238,8.3238,8.3238,8.3238,8.3238,8.3238,8.3238,8.3238,8.3238,8.3238,8.3238,8.3238,8.3238,8.3238,8.3238,8.3238,8.3238,8.3238,8.3238,8.3238,8.3238,8.3238,8.3238,8.3238,8.3238,8.3238,8.3238,8.3238,8.3238,8.3238,8.3238,8.3238,8.3238,8.3238,8.3238,8.3238,8.3238,8.3238,8.3238,8.3238,8.3238,8.3238,8.3238,8.3238,8.3238,8.3238,8.3238,8.3238,8.3238,8.3238,8.3238,8.3238,8.3238,8.3238,8.3238,8.3238,8.3238,8.3238,8.3238,8.3238,8.3238,8.3238,8.3238,8.3238,8.3238,8.3238,8.3238,8.3238,8.3238,8.3238,8.3238,8.3238,8.3238,8.3238,8.3238,8.3238,8.3238,8.3238,8.3238,8.3238,8.3238,8.3238,8.3238,8.3238,8.3238,8.3238,8.3238,8.3238,8.3238,8.3238,8.3238,8.3238,8.3238,8.3238,8.3238,8.3238,8.3238,8.3238,8.3238,8.3238,8.3238,8.3238,8.3238,8.3238,8.3238,8.3238,8.3238,8.3238,8.3238,8.3238,8.3238,8.3238,8.3238,8.3238,8.3238,8.3238,8.3238,8.3238,8.3238,8.3238,8.3238,8.3238,8.3238,8.3238,8.3238,8.3238,8.3238,8.3238,8.3238,8.3238,8.3238,8.3238,8.3238,8.3238,8.3238,8.3238,8.3238,8.3238,8.3238,8.3238,8.3238,8.3238,8.3238,8.3238,8.3238,8.3238,8.3238,8.3238,8.3238,8.3238,8.3238,8.3238,8.3238,8.3238,8.3238,8.3238,8.3238,8.3238,8.3238,8.3238,8.3238,8.3238,8.3238,8.3238,8.3238,8.3238,8.3238,8.3238,8.3238,8.3238,8.3238,8.3238,8.3238,8.3238,8.3238,8.3238,8.3238,8.3238,8.3238,8.3238,8.3238,8.3238,8.3238,8.3238,8.3238,8.3238,8.3238,8.3238,8.3238,8.3238,8.3238,8.3238,8.3238,8.3238,8.3238,8.3238,8.3238,8.3238,8.3238,8.3238,8.3238,8.3238,8.3238,8.3238,8.3238,8.3238,8.3238,8.3238,8.3238,8.3238,8.3238,8.3238,8.3238,8.3238,8.3238,8.3238,8.3238,8.3238,8.3238,8.3238,8.3238,8.3238,8.3238,8.3238,8.3238,8.3238,8.3238,8.3238,8.3238,8.3238,8.3238,8.3238,8.3238,8.3238,8.3238,8.3238,8.3238,8.3238,8.3238,8.3238,8.3238,8.3238,8.3238,8.3238,8.3238,8.3238,8.3238,8.3238,8.3238,8.3238,8.3238,8.3238,8.3238,8.3238,8.3238,8.3238,8.3238,8.3238,8.3238,8.3238,8.3238,8.3238,8.3238,8.3238,8.3238,8.3238,8.3238,8.3238,8.3238,8.3238,8.3238,8.3238,8.3238,8.3238,8.3238,8.3238,8.3238,8.3238,8.3238,8.3238,8.3238,8.3238,8.3238,8.3238,8.3238,8.3238,8.3238,8.3238,8.3238,8.3238,8.3238,8.3238,8.3238,8.3238,8.3238,8.3238,8.3238,8.3238,8.3238,8.3238,8.3238,8.3238,8.3238,8.3238,8.3238,8.3238,8.3238,8.3238,8.3238,8.3238,8.3238,8.3238,8.3238,8.3238,8.3238,8.3238,8.3238,8.3238,8.3238,8.3238,8.3238,8.3238,8.3238,8.3238,8.3238,8.3238,8.3238,8.3238,8.3238,8.3238,8.3238,8.3238,8.3238,8.3238,8.3238,8.3238,8.3238,8.3238,8.3238,8.3238,8.3238,8.3238,8.3238,8.3238,8.3238,8.3238,8.3238,8.3238,8.3238,8.3238,8.3238,8.3238,8.3238,8.3238,8.3238,8.3238,8.3238,8.3238,8.3238,8.3238,8.3238,8.3238,8.3238,8.3238,8.3238,8.3238,8.3238,8.3238,8.3238,8.3238,8.3238,8.3238,8.3238,8.3238,8.3238,8.3238,8.3238,8.3238,8.3238,8.3238,8.3238,8.3238,8.3238,8.3238,8.3238,8.3238,8.3238,8.3238,8.3238,8.3238,8.3238,8.3238,8.3238,8.3238,8.3238,8.3238,8.3238,8.3238,8.3238,8.3238,8.3238,8.3238,8.3238,8.3238,8.3238,8.3238,8.3238,8.3238,8.3238,8.3238,8.3238,8.3238,8.3238,8.3238,8.3238,8.3238,8.3238,8.3238,8.3238,8.3238,8.3238,8.3238,8.3238,8.3238,8.3238,8.3238,8.3238,8.3238,8.3238,8.3238,8.3238,8.3238,8.3238,8.3238,8.3238,8.3238,8.3238,8.3238,8.3238,8.3238,8.3238,8.3238,8.3238,8.3238,8.3238,8.3238,8.3238,8.3238,8.3238,8.3238,8.3238,8.3238,8.3238,8.3238,8.3238,8.3238,8.3238,8.3238,8.3238,8.3238,8.3238,8.3238,8.3238,8.3238,8.3238,8.3238,8.3238,8.3238,8.3238,8.3238,8.3238,8.3238,8.3238,8.3238,8.3238,8.3238,8.3238,8.3238,8.3238,8.3238,8.3238,8.3238,8.3238,8.3238,8.3238,8.3238,8.3238,8.3238,8.3238,8.3238,8.3238,8.3238,8.3238,8.3238,8.3238,8.3238,8.3238,8.3238,8.3238,8.3238,8.3238,8.3238,8.3238,8.3238,8.3238,8.3238,8.3238,8.3238,8.3238,8.3238,8.3238,8.3238,8.3238,8.3238,8.3238,8.3238,8.3238,8.3238,8.3238,8.3238,8.3238,8.3238,8.3238,8.3238,8.3238,8.3238,8.3238,8.3238,8.3238,8.3238,8.3238,8.3238,8.3238,8.3238,8.3238,8.3238,8.3233,8.3233,8.3233,8.3233,8.3233,8.3233,8.3233,8.3233,8.3233,8.3233,8.3233,8.3233,8.3233,8.3233,8.3233,8.3233,8.3233,8.3233,8.3233,8.3233,8.3233,8.3233,8.3233,8.3233,8.3233,8.3233,8.3233,8.3233,8.3233,8.3233,8.3233,8.3233,8.3233,8.3233,8.3233,8.3233,8.3233,8.3233,8.3233,8.3233,8.3233,8.3233,8.3233,8.3233,8.3233,8.3233,8.3233,8.3233,8.3233,8.3233,8.3233,8.3233,8.3233,8.3233,8.3233,8.3233,8.3233,8.3233,8.3233,8.3233,8.3233,8.3233,8.3233,8.3233,8.3233,8.3233,8.3233,8.3233,8.3233,8.3233,8.3233,8.3233,8.3233,8.3233,8.3233,8.3233,8.3233,8.3233,8.3233,8.3233,8.3233,8.3233,8.3233,8.3233,8.3233,8.3233,8.3233,8.3233,8.3233,8.3233,8.3233,8.3233,8.3233,8.3233,8.3233,8.3233,8.3233,8.3233,8.3233
8.3155,8.3155,8.3155,8.3155,8.3155,8.3155,8.3155,8.3155,8.3155,8.3155,8.3155,8.3155,8.3155,8.3155,8.3155,8.3155,8.3155,8.3155,8.3155,8.3155,8.3155,8.3155,8.3155,8.3155,8.3155,8.3155,8.3155,8.3155,8.3155,8.3155,8.3155,8.3155,8.3155,8.3155,8.3155,8.3155,8.3155,8.3155,8.3155,8.3155,8.3155,8.3155,8.3155,8.3155,8.3155,8.3155,8.3155,8.3155,8.3155,8.3155,8.3155,8.3155,8.3155,8.3155,8.3155,8.3155,8.3155,8.3155,8.3155,8.3155,8.3155,8.3155,8.3155,8.3155,8.3155,8.3155,8.3155,8.3155,8.3155,8.3155,8.3155,8.3155,8.3155,8.3155,8.3155,8.3155,8.3155,8.3155,8.3155,8.3155,8.3155,8.3155,8.3155,8.3155,8.3155,8.3155,8.3155,8.3155,8.3155,8.3155,8.3155,8.3155,8.3155,8.3155,8.3155,8.3155,8.3155,8.3155,8.3155,8.3155,8.3155,8.3155,8.3155,8.3155,8.3155,8.3155,8.3155,8.3155,8.3155,8.3155,8.3155,8.3155,8.3155,8.3155,8.3155,8.3155,8.3155,8.3155,8.3155,8.3155,8.3155,8.3155,8.3155,8.3155,8.3155,8.3155,8.3155,8.3155,8.3155,8.3155,8.3155,8.3155,8.3155,8.3155,8.3155,8.3155,8.3155,8.3155,8.3155,8.3155,8.3155,8.3155,8.3155,8.3155,8.3155,8.3155,8.3155,8.3155,8.3155,8.3155,8.3155,8.3155,8.3155,8.3155,8.3155,8.3155,8.3155,8.3155,8.3155,8.3155,8.3155,8.3155,8.3155,8.3155,8.3155,8.3155,8.3155,8.3155,8.3155,8.3155,8.3155,8.3155,8.3155,8.3155,8.3155,8.3155,8.3155,8.3155,8.3155,8.3155,8.3155,8.3155,8.3155,8.3155,8.3155,8.3155,8.3155,8.3155,8.3155,8.3155,8.3155,8.3155,8.3155,8.3155,8.3155,8.3155,8.3155,8.3155,8.3155,8.3155,8.3155,8.3155,8.3155,8.3155,8.3155,8.3155,8.3155,8.3155,8.3155,8.3155,8.3155,8.3155,8.3155,8.3155,8.3155,8.3155,8.3155,8.3155,8.3155,8.3155,8.3155,8.3155,8.3155,8.3155,8.3155,8.3155,8.3155,8.3155,8.3155,8.3155,8.3155,8.3155,8.3155,8.3155,8.3155,8.3155,8.3155,8.3155,8.3155,8.3155,8.3155,8.3155,8.3155,8.3155,8.3155,8.3155,8.3155,8.3155,8.3155,8.3155,8.3155,8.3155,8.3155,8.3155,8.3155,8.3155,8.3155,8.3155,8.3155,8.3155,8.3155,8.3155,8.3155,8.3155,8.3155,8.3155,8.3155,8.3155,8.3155,8.3155,8.3155,8.3155,8.3155,8.3155,8.3155,8.3155,8.3155,8.3155,8.3155,8.3155,8.3155,8.3155,8.3155,8.3155,8.3155,8.3155,8.3155,8.3155,8.3155,8.3155,8.3155,8.3155,8.3155,8.3155,8.3155,8.3155,8.3155,8.3155,8.3155,8.3155,8.3155,8.3155,8.3155,8.3155,8.3155,8.3155,8.3155,8.3155,8.3155,8.3155,8.3155,8.3155,8.3155,8.3155,8.3155,8.3155,8.3155,8.3155,8.3155,8.3155,8.3155,8.3155,8.3155,8.3155,8.3155,8.3155,8.3155,8.3155,8.3155,8.3155,8.3155,8.3155,8.3155,8.3155,8.3155,8.3155,8.3155,8.3155,8.3155,8.3155,8.3155,8.3155,8.3155,8.3155,8.3155,8.3155,8.3155,8.3155,8.3155,8.3155,8.3155,8.3155,8.3155,8.3155,8.3155,8.3155,8.3155,8.3155,8.3155,8.3155,8.3155,8.3155,8.3155,8.3155,8.3155,8.3155,8.3155,8.3155,8.3155,8.3155,8.3155,8.3155,8.3155,8.3155,8.3155,8.3155,8.3155,8.3155,8.3155,8.3155,8.3155,8.3155,8.3155,8.3155,8.3155,8.3155,8.3155,8.3155,8.3155,8.3155,8.3155,8.3155,8.3155,8.3155,8.3155,8.3155,8.3155,8.3155,8.3155,8.3155,8.3155,8.3155,8.3155,8.3155,8.3155,8.3155,8.3155,8.3155,8.3155,8.3155,8.3155,8.3155,8.3155,8.3155,8.3155,8.3155,8.3155,8.3155,8.3155,8.3155,8.3155,8.3155,8.3155,8.3155,8.3155,8.3155,8.3155,8.3155,8.3155,8.3155,8.3155,8.3155,8.3155,8.3155,8.3155,8.3155,8.3155,8.3155,8.3155,8.3155,8.3155,8.3155,8.3155,8.3155,8.3155,8.3155,8.3155,8.3155,8.3155,8.3155,8.3155,8.3155,8.3155,8.3155,8.3155,8.3155,8.3155,8.3155,8.3155,8.3155,8.3155,8.3155,8.3155,8.3155,8.3155,8.3155,8.3155,8.3155,8.3155,8.3155,8.3155,8.3155,8.3155,8.3155,8.3155,8.3155,8.3155,8.3155,8.3155,8.3155,8.3155,8.3155,8.3155,8.3155,8.3155,8.3155,8.3155,8.3155,8.3155,8.3155,8.3155,8.3155,8.3155,8.3155,8.3155,8.3155,8.3155,8.3155,8.3155,8.3155,8.3155,8.3155,8.3155,8.3155,8.3155,8.3155,8.3155,8.3155,8.3155,8.3155,8.3155,8.3155,8.3155,8.3155,8.3155,8.3155,8.3155,8.3155,8.3155,8.3155,8.3155,8.3155,8.3155,8.3155,8.3155,8.3155,8.3155,8.3155,8.3155,8.3155,8.3155,8.3155,8.3155,8.3155,8.3155,8.3155,8.3155,8.3155,8.3155,8.3155,8.3155,8.3155,8.3155,8.3155,8.3155,8.3155,8.3155,8.3155,8.3155,8.3155,8.3155,8.3155,8.3155,8.3155,8.3155,8.3155,8.3155,8.3155,8.3155,8.3155,8.3155,8.3155,8.3155,8.3155,8.3155,8.3155,8.3155,8.3155,8.3155,8.3155,8.3155,8.3155,8.3155,8.3155,8.3155,8.3155,8.3155,8.3155,8.3155,8.3155,8.3155,8.3155,8.3155,8.3155,8.3155,8.3155,8.3155,8.3155,8.3155,8.3155,8.3155,8.3155,8.3155,8.3155,8.3155,8.3155,8.3155,8.3155,8.3155,8.3155,8.3155,8.3155,8.3155,8.3155,8.3155,8.3155,8.3155,8.3155,8.3155,8.3155,8.3155,8.3155,8.3155,8.3155,8.3155,8.3155,8.3155,8.3155,8.3155,8.3155,8.3155,8.3155,8.3155,8.3155,8.3155,8.3155,8.3155,8.3155,8.3155,8.3155,8.3155,8.3155,8.3155,8.3155,8.3155,8.3155,8.3155,8.3155,8.3155,8.3155,8.3155,8.3155,8.3155,8.3155,8.3155,8.3155,8.3155,8.3155,8.3155,8.3155,8.3155,8.3155,8.3155,8.3155,8.3155,8.3155,8.3155,8.3155,8.3155,8.3155,8.3155,8.3155,8.3155,8.3155,8.3155,8.3155,8.3155,8.3155,8.3155,8.3155,8.3155,8.3155,8.3155,8.3155,8.3155,8.3155,8.3155,8.3155,8.3155,8.3155,8.3155,8.3155,8.3155,8.3155,8.3155,8.3155,8.3155,8.3155,8.3155,8.3155,8.3155,8.3155,8.3155,8.3155,8.3155,8.3155,8.3155,8.3155,8.3155,8.3155,8.3155,8.3155,8.3155,8.3155,8.3155,8.3155,8.3155,8.3155,8.3155,8.3155,8.3155,8.3155,8.3155,8.3155,8.3155,8.3155,8.3155,8.3155,8.3155,8.3155,8.3155,8.3155,8.3155,8.3155,8.3155,8.3155,8.3155,8.3155,8.3155,8.3155,8.3155,8.3155,8.3155,8.3155,8.3155,8.3155,8.3155,8.3155,8.3155,8.3155,8.3155,8.3155,8.3155,8.3155,8.3155,8.3155,8.3155,8.3155,8.3155,8.3155,8.3155,8.3155,8.3155,8.3155,8.3155,8.3155,8.3155,8.3155,8.3155,8.3155,8.3155,8.3155,8.3155,8.3155,8.3155,8.3155,8.3155,8.3155,8.3155,8.3155,8.3155,8.3155,8.3155,8.3155,8.3155,8.3155,8.3155,8.3155,8.3155,8.3155,8.3155,8.3155,8.3155,8.3155,8.3155,8.3155,8.3155,8.3155,8.3155,8.3155,8.3155,8.3155,8.3155,8.3155,8.3155,8.3155,8.3155,8.3155,8.3155,8.3155,8.3155,8.3155,8.3155,8.3155,8.3155,8.3155,8.3155,8.3155,8.3155,8.3155,8.3155,8.3155,8.3155,8.3155,8.3155,8.3155,8.3155,8.3155,8.3155,8.3155,8.3155,8.3155,8.3155,8.3155,8.3155,8.3155,8.3155,8.3155,8.3155,8.3155,8.3155,8.3155,8.3155,8.3155,8.3155,8.3155,8.3155,8.3155,8.3155,8.3155,8.3155,8.3155,8.3155,8.3155,8.3155,8.3155,8.3155,8.3155,8.3155,8.3155,8.3155,8.3155,8.3155,8.3155,8.3155,8.3155,8.3155,8.3155,8.3155,8.3155,8.3155,8.3155,8.3155,8.3155,8.3155,8.3155,8.3155,8.3155,8.3155,8.3155,8.3155,8.3155,8.3155,8.3155,8.3155,8.3155,8.3155,8.3155,8.3155,8.3155,8.3155,8.3155,8.3155,8.3155,8.3155,8.3155,8.3155,8.3155,8.3155,8.3155,8.3155,8.3155,8.3155,8.3155,8.3155,8.3155,8.3155,8.3155,8.3155,8.3155,8.3155,8.3155,8.3155,8.3155,8.3155,8.3155,8.3155,8.3155,8.3155,8.3155,8.3155,8.3155,8.3155,8.3155,8.3155,8.3155,8.3155,8.3155,8.3155,8.3155,8.3155,8.3155,8.3155,8.3155,8.3155,8.3155,8.3155,8.3155,8.3155,8.3155,8.3155,8.3155,8.3155,8.3155,8.3155,8.3155,8.3155,8.3155,8.3155,8.3155,8.3155,8.3155,8.3155,8.3155,8.3155,8.3155,8.3155,8.3155,8.3155,8.3155,8.3155,8.3155,8.3155,8.3155,8.3155,8.3155,8.3155,8.3155,8.3155,8.3155
8.3085,8.3085,8.3085,8.3085,8.3085,8.3085,8.3085,8.3085,8.3085,8.3085,8.3085,8.3085,8.3085,8.3085,8.3085,8.3085,8.3085,8.3085,8.3085,8.3085,8.3085,8.3085,8.3085,8.3085,8.3085,8.3085,8.3085,8.3085,8.3085,8.3085,8.3085,8.3085,8.3085,8.3085,8.3085,8.3085,8.3085,8.3085,8.3085,8.3085,8.3085,8.3085,8.3085,8.3085,8.3085,8.3085,8.3085,8.3085,8.3085,8.3085,8.3085,8.3085,8.3085,8.3085,8.3085,8.3085,8.3085,8.3085,8.3085,8.3085,8.3085,8.3085,8.3085,8.3085,8.3085,8.3085,8.3085,8.3085,8.3085,8.3085,8.3085,8.3085,8.3085,8.3085,8.3085,8.3085,8.3085,8.3085,8.3085,8.3085,8.3085,8.3085,8.3085,8.3085,8.3085,8.3085,8.3085,8.3085,8.3085,8.3085,8.3085,8.3085,8.3085,8.3085,8.3085,8.3085,8.3085,8.3085,8.3085,8.3085,8.3085,8.3085,8.3085,8.3085,8.3085,8.3085,8.3085,8.3085,8.3085,8.3085,8.3085,8.3085,8.3085,8.3085,8.3085,8.3085,8.3085,8.3085,8.3085,8.3085,8.3085,8.3085,8.3085,8.3085,8.3085,8.3085,8.3085,8.3085,8.3085,8.3085,8.3085,8.3085,8.3085,8.3085,8.3085,8.3085,8.3085,8.3085,8.3085,8.3085,8.3085,8.3085,8.3085,8.3085,8.3085,8.3085,8.3085,8.3085,8.3085,8.3085,8.3085,8.3085,8.3085,8.3085,8.3085,8.3085,8.3085,8.3085,8.3085,8.3085,8.3085,8.3085,8.3085,8.3085,8.3085,8.3085,8.3085,8.3085,8.3085,8.3085,8.3085,8.3085,8.3085,8.3085,8.3085,8.3085,8.3085,8.3085,8.3085,8.3085,8.3085,8.3085,8.3085,8.3085,8.3085,8.3085,8.3085,8.3085,8.3085,8.3085,8.3085,8.3085,8.3085,8.3085,8.3085,8.3085,8.3085,8.3085,8.3085,8.3085,8.3085,8.3085,8.3085,8.3085,8.3085,8.3085,8.3085,8.3085,8.3085,8.3085,8.3085,8.3085,8.3085,8.3085,8.3085,8.3085,8.3085,8.3085,8.3085,8.3085,8.3085,8.3085,8.3085,8.3085,8.3085,8.3085,8.3085,8.3085,8.3085,8.3085,8.3085,8.3085,8.3085,8.3085,8.3085,8.3085,8.3085,8.3085,8.3085,8.3085,8.3085,8.3085,8.3085,8.3085,8.3085,8.3085,8.3085,8.3085,8.3085,8.3085,8.3085,8.3085,8.3085,8.3085,8.3085,8.3085,8.3085,8.3085,8.3085,8.3085,8.3085,8.3085,8.3085,8.3085,8.3085,8.3085,8.3085,8.3085,8.3085,8.3085,8.3085,8.3085,8.3085,8.3085,8.3085,8.3085,8.3085,8.3085,8.3085,8.3085,8.3085,8.3085,8.3085,8.3085,8.3085,8.3085,8.3085,8.3085,8.3085,8.3085,8.3085,8.3085,8.3085,8.3085,8.3085,8.3085,8.3085,8.3085,8.3085,8.3085,8.3085,8.3085,8.3085,8.3085,8.3085,8.3085,8.3085,8.3085,8.3085,8.3085,8.3085,8.3085,8.3085,8.3085,8.3085,8.3085,8.3085,8.3085,8.3085,8.3085,8.3085,8.3085,8.3085,8.3085,8.3085,8.3085,8.3085,8.3085,8.3085,8.3085,8.3085,8.3085,8.3085,8.3085,8.3085,8.3085,8.3085,8.3085,8.3085,8.3085,8.3085,8.3085,8.3085,8.3085,8.3085,8.3085,8.3085,8.3085,8.3085,8.3085,8.3085,8.3085,8.3085,8.3085,8.3085,8.3085,8.3085,8.3085,8.3085,8.3085,8.3085,8.3085,8.3085,8.3085,8.3085,8.3085,8.3085,8.3085,8.3085,8.3085,8.3085,8.3085,8.3085,8.3085,8.3085,8.3085,8.3085,8.3085,8.3085,8.3085,8.3085,8.3085,8.3085,8.3085,8.3085,8.3085,8.3085,8.3085,8.3085,8.3085,8.3085,8.3085,8.3085,8.3085,8.3085,8.3085,8.3085,8.3085,8.3085,8.3085,8.3085,8.3085,8.3085,8.3085,8.3085,8.3085,8.3085,8.3085,8.3085,8.3085,8.3085,8.3085,8.3085,8.3085,8.3085,8.3085,8.3085,8.3085,8.3085,8.3085,8.3085,8.3085,8.3085,8.3085,8.3085,8.3085,8.3085,8.3085,8.3085,8.3085,8.3085,8.3085,8.3085,8.3085,8.3085,8.3085,8.3085,8.3085,8.3085,8.3085,8.3085,8.3085,8.3085,8.3085,8.3085,8.3085,8.3085,8.3085,8.3085,8.3085,8.3085,8.3085,8.3085,8.3085,8.3085,8.3085,8.3085,8.3085,8.3085,8.3085,8.3085,8.3085,8.3085,8.3085,8.3085,8.3085,8.3085,8.3085,8.3085,8.3085,8.3085,8.3085,8.3085,8.3085,8.3085,8.3085,8.3085,8.3085,8.3085,8.3085,8.3085,8.3085,8.3085,8.3085,8.3085,8.3085,8.3085,8.3085,8.3085,8.3085,8.3085,8.3085,8.3085,8.3085,8.3085,8.3085,8.3085,8.3085,8.3085,8.3085,8.3085,8.3085,8.3085,8.3085,8.3085,8.3085,8.3085,8.3085,8.3085,8.3085,8.3085,8.3085,8.3085,8.3085,8.3085,8.3085,8.3085,8.3085,8.3085,8.3085,8.3085,8.3085,8.3085,8.3085,8.3085,8.3085,8.3085,8.3085,8.3085,8.3085,8.3085,8.3085,8.3085,8.3085,8.3085,8.3085,8.3085,8.3085,8.3085,8.3085,8.3085,8.3085,8.3085,8.3085,8.3085,8.3085,8.3085,8.3085,8.3085,8.3085,8.3085,8.3085,8.3085,8.3085,8.3085,8.3085,8.3085,8.3085,8.3085,8.3085,8.3085,8.3085,8.3085,8.3085,8.3085,8.3085,8.3085,8.3085,8.3085,8.3085,8.3085,8.3085,8.3085,8.3085,8.3085,8.3085,8.3085,8.3085,8.3085,8.3085,8.3085,8.3085,8.3085,8.3085,8.3085,8.3085,8.3085,8.3085,8.3085,8.3085,8.3085,8.3085,8.3085,8.3085,8.3085,8.3085,8.3085,8.3085,8.3085,8.3085,8.3085,8.3085,8.3085,8.3085,8.3085,8.3085,8.3085,8.3085,8.3085,8.3085,8.3085,8.3085,8.3085,8.3085,8.3085,8.3085,8.3085,8.3085,8.3085,8.3085,8.3085,8.3085,8.3085,8.3085,8.3085,8.3085,8.3085,8.3085,8.3085,8.3085,8.3085,8.3085,8.3085,8.3085,8.3085,8.3085,8.3085,8.3085,8.3085,8.3085,8.3085,8.3085,8.3085,8.3085,8.3085,8.3085,8.3085,8.3085,8.3085,8.3085,8.3085,8.3085,8.3085,8.3085,8.3085,8.3085,8.3085,8.3085,8.3085,8.3085,8.3085,8.3085,8.3085,8.3085,8.3085,8.3085,8.3085,8.3085,8.3085,8.3085,8.3085,8.3085,8.3085,8.3085,8.3085,8.3085,8.3085,8.3085,8.3085,8.3085,8.3085,8.3085,8.3085,8.3085,8.3085,8.3085,8.3085,8.3085,8.3085,8.3085,8.3085,8.3085,8.3085,8.3085,8.3085,8.3085,8.3085,8.3085,8.3085,8.3085,8.3085,8.3085,8.3085,8.3085,8.3085,8.3085,8.3085,8.3085,8.3085,8.3085,8.3085,8.3085,8.3085,8.3085,8.3085,8.3085,8.3085,8.3085,8.3085,8.3085,8.3085,8.3085,8.3085,8.3085,8.3085,8.3085,8.3085,8.3085,8.3085,8.3085,8.3085,8.3085,8.3085,8.3085,8.3085,8.3085,8.3085,8.3085,8.3085,8.3085,8.3085,8.3085,8.3085,8.3085,8.3085,8.3085,8.3085,8.3085,8.3085,8.3085,8.3085,8.3085,8.3085,8.3085,8.3085,8.3085,8.3085,8.3085,8.3085,8.3085,8.3085,8.3085,8.3085,8.3085,8.3085,8.3085,8.3085,8.3085,8.3085,8.3085,8.3085,8.3085,8.3085,8.3085,8.3085,8.3085,8.3085,8.3085,8.3085,8.3085,8.3085,8.3085,8.3085,8.3085,8.3085,8.3085,8.3085,8.3085,8.3085,8.3085,8.3085,8.3085,8.3085,8.3085,8.3085,8.3085,8.3085,8.3085,8.3085,8.3085,8.3085,8.3085,8.3085,8.3085,8.3085,8.3085,8.3085,8.3085,8.3085,8.3085,8.3085,8.3085,8.3085,8.3085,8.3085,8.3085,8.3085,8.3085,8.3085,8.3085,8.3085,8.3085,8.3085,8.3085,8.3085,8.3085,8.3085,8.3085,8.3085,8.3085,8.3085,8.3085,8.3085,8.3085,8.3085,8.3085,8.3085,8.3085,8.3085,8.3085,8.3085,8.3085,8.3085,8.3085,8.3085,8.3085,8.3085,8.3085,8.3085,8.3085,8.3085,8.3085,8.3085,8.3085,8.3085,8.3085,8.3085,8.3085,8.3085,8.3085,8.3085,8.3085,8.3085,8.3085,8.3085,8.3085,8.3085,8.3085,8.3085,8.3085,8.3085,8.3085,8.3085,8.3085,8.3085,8.3085,8.3085,8.3085,8.3085,8.3085,8.3085,8.3085,8.3085,8.3085,8.3085,8.3085,8.3085,8.3085,8.3085,8.3085,8.3085,8.3085,8.3085,8.3085,8.3085,8.3085,8.3085,8.3085,8.3085,8.3085,8.3085,8.3085,8.3085,8.3085,8.3085,8.3085,8.3085,8.3085,8.3085,8.3085,8.3085,8.3085,8.3085,8.3085,8.3085,8.3085,8.3085,8.3085,8.3085,8.3085,8.3085,8.3085,8.3085,8.3085,8.3085,8.3085,8.3085,8.3085,8.3085,8.3085,8.3085,8.3085,8.3085,8.3085,8.3085,8.3085,8.3085,8.3085,8.3085,8.3085,8.3085,8.3085,8.3085,8.3085,8.3085,8.3085,8.3085,8.3085,8.3085,8.3085,8.3085,8.3085,8.3085,8.3085,8.3085,8.3085,8.3085,8.3085,8.3085,8.3085
8.2999,8.2999,8.2999,8.2999,8.2999,8.2999,8.2999,8.2999,8.2999,8.2999,8.2999,8.2999,8.2999,8.2999,8.2999,8.2999,8.2999,8.2999,8.2999,8.2999,8.2999,8.2999,8.2999,8.2999,8.2999,8.2999,8.2999,8.2999,8.2999,8.2999,8.2999,8.2999,8.2999,8.2999,8.2999,8.2999,8.2999,8.2999,8.2999,8.2999,8.2999,8.2999,8.2999,8.2999,8.2999,8.2999,8.2999,8.2999,8.2999,8.2999,8.2999,8.2999,8.2999,8.2999,8.2999,8.2999,8.2999,8.2999,8.2999,8.2999,8.2999,8.2999,8.2999,8.2999,8.2999,8.2999,8.2999,8.2999,8.2999,8.2999,8.2999,8.2999,8.2999,8.2999,8.2999,8.2999,8.2999,8.2999,8.2999,8.2999,8.2999,8.2999,8.2999,8.2999,8.2999,8.2999,8.2999,8.2999,8.2999,8.2999,8.2999,8.2999,8.2999,8.2999,8.2999,8.2999,8.2999,8.2999,8.2999,8.2999,8.2999,8.2999,8.2999,8.2999,8.2999,8.2999,8.2999,8.2999,8.2999,8.2999,8.2999,8.2999,8.2999,8.2999,8.2999,8.2999,8.2999,8.2999,8.2999,8.2999,8.2999,8.2999,8.2999,8.2999,8.2999,8.2999,8.2999,8.2999,8.2999,8.2999,8.2999,8.2999,8.2999,8.2999,8.2999,8.2999,8.2999,8.2999,8.2999,8.2999,8.2999,8.2999,8.2999,8.2999,8.2999,8.2999,8.2999,8.2999,8.2999,8.2999,8.2999,8.2999,8.2999,8.2999,8.2999,8.2999,8.2999,8.2999,8.2999,8.2999,8.2999,8.2999,8.2999,8.2999,8.2999,8.2999,8.2999,8.2999,8.2999,8.2999,8.2999,8.2999,8.2999,8.2999,8.2999,8.2999,8.2999,8.2999,8.2999,8.2999,8.2999,8.2999,8.2999,8.2999,8.2999,8.2999,8.2999,8.2999,8.2999,8.2999,8.2999,8.2999,8.2999,8.2999,8.2999,8.2999,8.2999,8.2999,8.2999,8.2999,8.2999,8.2999,8.2999,8.2999,8.2999,8.2999,8.2999,8.2999,8.2999,8.2999,8.2999,8.2999,8.2999,8.2999,8.2999,8.2999,8.2999,8.2999,8.2999,8.2999,8.2999,8.2999,8.2999,8.2999,8.2999,8.2999,8.2999,8.2999,8.2999,8.2999,8.2999,8.2999,8.2999,8.2999,8.2999,8.2999,8.2999,8.2999,8.2999,8.2999,8.2999,8.2999,8.2999,8.2999,8.2999,8.2999,8.2999,8.2999,8.2999,8.2999,8.2999,8.2999,8.2999,8.2999,8.2999,8.2999,8.2999,8.2999,8.2999,8.2999,8.2999,8.2999,8.2999,8.2999,8.2999,8.2999,8.2999,8.2999,8.2999,8.2999,8.2999,8.2999,8.2999,8.2999,8.2999,8.2999,8.2999,8.2999,8.2999,8.2999,8.2999,8.2999,8.2999,8.2999,8.2999,8.2999,8.2999,8.2999,8.2999,8.2999,8.2999,8.2999,8.2999,8.2999,8.2999,8.2999,8.2999,8.2999,8.2999,8.2999,8.2999,8.2999,8.2999,8.2999,8.2999,8.2999,8.2999,8.2999,8.2999,8.2999,8.2999,8.2999,8.2999,8.2999,8.2999,8.2999,8.2999,8.2999,8.2999,8.2999,8.2999,8.2999,8.2999,8.2999,8.2999,8.2999,8.2999,8.2999,8.2999,8.2999,8.2999,8.2999,8.2999,8.2999,8.2999,8.2999,8.2999,8.2999,8.2999,8.2999,8.2999,8.2999,8.2999,8.2999,8.2999,8.2999,8.2999,8.2999,8.2999,8.2999,8.2999,8.2999,8.2999,8.2999,8.2999,8.2999,8.2999,8.2999,8.2999,8.2999,8.2999,8.2999,8.2999,8.2999,8.2999,8.2999,8.2999,8.2999,8.2999,8.2999,8.2999,8.2999,8.2999,8.2999,8.2999,8.2999,8.2999,8.2999,8.2999,8.2999,8.2999,8.2999,8.2999,8.2999,8.2999,8.2999,8.2999,8.2999,8.2999,8.2999,8.2999,8.2999,8.2999,8.2999,8.2999,8.2999,8.2999,8.2999,8.2999,8.2999,8.2999,8.2999,8.2999,8.2999,8.2999,8.2999,8.2999,8.2999,8.2999,8.2999,8.2999,8.2999,8.2999,8.2999,8.2999,8.2999,8.2999,8.2999,8.2999,8.2999,8.2999,8.2999,8.2999,8.2999,8.2999,8.2999,8.2999,8.2999,8.2999,8.2999,8.2999,8.2999,8.2999,8.2999,8.2999,8.2999,8.2999,8.2999,8.2999,8.2999,8.2999,8.2999,8.2999,8.2999,8.2999,8.2999,8.2999,8.2999,8.2999,8.2999,8.2999,8.2999,8.2999,8.2999,8.2999,8.2999,8.2999,8.2999,8.2999,8.2999,8.2999,8.2999,8.2999,8.2999,8.2999,8.2999,8.2999,8.2999,8.2999,8.2999,8.2999,8.2999,8.2999,8.2999,8.2999,8.2999,8.2999,8.2999,8.2999,8.2999,8.2999,8.2999,8.2999,8.2999,8.2999,8.2999,8.2999,8.2999,8.2999,8.2999,8.2999,8.2999,8.2999,8.2999,8.2999,8.2999,8.2999,8.2999,8.2999,8.2999,8.2999,8.2999,8.2999,8.2999,8.2999,8.2999,8.2999,8.2999,8.2999,8.2999,8.2999,8.2999,8.2999,8.2999,8.2999,8.2999,8.2999,8.2999,8.2999,8.2999,8.2999,8.2999,8.2999,8.2999,8.2999,8.2999,8.2999,8.2999,8.2999,8.2999,8.2999,8.2999,8.2999,8.2999,8.2999,8.2999,8.2999,8.2999,8.2999,8.2999,8.2999,8.2999,8.2999,8.2999,8.2999,8.2999,8.2999,8.2999,8.2999,8.2999,8.2999,8.2999,8.2999,8.2999,8.2999,8.2999,8.2999,8.2999,8.2999,8.2999,8.2999,8.2999,8.2999,8.2999,8.2999,8.2999,8.2999,8.2999,8.2999,8.2999,8.2999,8.2999,8.2999,8.2999,8.2999,8.2999,8.2999,8.2999,8.2999,8.2999,8.2999,8.2999,8.2999,8.2999,8.2999,8.2999,8.2999,8.2999,8.2999,8.2999,8.2999,8.2999,8.2999,8.2999,8.2999,8.2999,8.2999,8.2999,8.2999,8.2999,8.2999,8.2999,8.2999,8.2999,8.2999,8.2999,8.2999,8.2999,8.2999,8.2999,8.2999,8.2999,8.2999,8.2999,8.2999,8.2999,8.2999,8.2999,8.2999,8.2999,8.2999,8.2999,8.2999,8.2999,8.2999,8.2999,8.2999,8.2999,8.2999,8.2999,8.2999,8.2999,8.2999,8.2999,8.2999,8.2999,8.2999,8.2999,8.2999,8.2999,8.2999,8.2999,8.2999,8.2999,8.2999,8.2999,8.2999,8.2999,8.2999,8.2999,8.2999,8.2999,8.2999,8.2999,8.2999,8.2999,8.2999,8.2999,8.2999,8.2999,8.2999,8.2999,8.2999,8.2999,8.2999,8.2999,8.2999,8.2999,8.2999,8.2999,8.2999,8.2999,8.2999,8.2999,8.2999,8.2999,8.2999,8.2999,8.2999,8.2999,8.2999,8.2999,8.2999,8.2999,8.2999,8.2999,8.2999,8.2999,8.2999,8.2999,8.2999,8.2999,8.2999,8.2999,8.2999,8.2999,8.2999,8.2999,8.2999,8.2999,8.2999,8.2999,8.2999,8.2999,8.2999,8.2999,8.2999,8.2999,8.2999,8.2999,8.2999,8.2999,8.2999,8.2999,8.2999,8.2999,8.2999,8.2999,8.2999,8.2999,8.2999,8.2999,8.2999,8.2999,8.2999,8.2999,8.2999,8.2999,8.2999,8.2999,8.2999,8.2999,8.2999,8.2999,8.2999,8.2999,8.2999,8.2999,8.2999,8.2999,8.2999,8.2999,8.2999,8.2999,8.2999,8.2999,8.2999,8.2999,8.2999,8.2999,8.2999,8.2999,8.2999,8.2999,8.2999,8.2999,8.2999,8.2999,8.2999,8.2999,8.2999,8.2999,8.2999,8.2999,8.2999,8.2999,8.2999,8.2999,8.2999,8.2999,8.2999,8.2999,8.2999,8.2999,8.2999,8.2999,8.2999,8.2999,8.2999,8.2999,8.2999,8.2999,8.2999,8.2999,8.2999,8.2999,8.2999,8.2999,8.2999,8.2999,8.2999,8.2999,8.2999,8.2999,8.2999,8.2999,8.2999,8.2999,8.2999,8.2999,8.2999,8.2999,8.2999,8.2999,8.2999,8.2999,8.2999,8.2999,8.2999,8.2999,8.2999,8.2999,8.2999,8.2999,8.2999,8.2999,8.2999,8.2999,8.2999,8.2999,8.2999,8.2999,8.2999,8.2999,8.2999,8.2999,8.2999,8.2999,8.2999,8.2999,8.2999,8.2999,8.2999,8.2999,8.2999,8.2999,8.2999,8.2999,8.2999,8.2999,8.2999,8.2999,8.2999,8.2999,8.2999,8.2999,8.2999,8.2999,8.2999,8.2999,8.2999,8.2999,8.2999,8.2999,8.2999,8.2999,8.2999,8.2999,8.2999,8.2999,8.2999,8.2999,8.2999,8.2999,8.2999,8.2999,8.2999,8.2999,8.2999,8.2999,8.2999,8.2999,8.2999,8.2999,8.2999,8.2999,8.2999,8.2999,8.2999,8.2999,8.2999,8.2999,8.2999,8.2999,8.2999,8.2999,8.2999,8.2999,8.2999,8.2999,8.2999,8.2999,8.2999,8.2999,8.2999,8.2999,8.2999,8.2999,8.2999,8.2999,8.2999,8.2999,8.2999,8.2999,8.2999,8.2999,8.2999,8.2999,8.2999,8.2999,8.2999,8.2999,8.2999,8.2999,8.2999,8.2999,8.2999,8.2999,8.2999,8.2999,8.2999,8.2999,8.2999,8.2999,8.2999,8.2999,8.2999,8.2999,8.2999,8.2999,8.2999,8.2999,8.2999,8.2999,8.2999,8.2999,8.2999,8.2999,8.2999,8.2999,8.2999,8.2999,8.2999,8.2999,8.2999,8.2999,8.2999,8.2999,8.2999,8.2999,8.2999,8.2999,8.2999,8.2999,8.2999,8.2999,8.2999,8.2999,8.2999,8.2999
8.2925,8.2925,8.2925,8.2925,8.2925,8.2925,8.2925,8.2925,8.2925,8.2925,8.2925,8.2925,8.2925,8.2925,8.2925,8.2925,8.2925,8.2925,8.2925,8.2925,8.2925,8.2925,8.2925,8.2925,8.2925,8.2925,8.2925,8.2925,8.2925,8.2925,8.2925,8.2925,8.2925,8.2925,8.2925,8.2925,8.2925,8.2925,8.2925,8.2925,8.2925,8.2925,8.2925,8.2925,8.2925,8.2925,8.2925,8.2925,8.2925,8.2925,8.2925,8.2925,8.2925,8.2925,8.2925,8.2925,8.2925,8.2925,8.2925,8.2925,8.2925,8.2925,8.2925,8.2925,8.2925,8.2925,8.2925,8.2925,8.2925,8.2925,8.2925,8.2925,8.2925,8.2925,8.2925,8.2925,8.2925,8.2925,8.2925,8.2925,8.2925,8.2925,8.2925,8.2925,8.2925,8.2925,8.2925,8.2925,8.2925,8.2925,8.2925,8.2925,8.2925,8.2925,8.2925,8.2925,8.2925,8.2925,8.2925,8.2925,8.2925,8.2925,8.2925,8.2925,8.2925,8.2925,8.2925,8.2925,8.2925,8.2925,8.2925,8.2925,8.2925,8.2925,8.2925,8.2925,8.2925,8.2925,8.2925,8.2925,8.2925,8.2925,8.2925,8.2925,8.2925,8.2925,8.2925,8.2925,8.2925,8.2925,8.2925,8.2925,8.2925,8.2925,8.2925,8.2925,8.2925,8.2925,8.2925,8.2925,8.2925,8.2925,8.2925,8.2925,8.2925,8.2925,8.2925,8.2925,8.2925,8.2925,8.2925,8.2925,8.2925,8.2925,8.2925,8.2925,8.2925,8.2925,8.2925,8.2925,8.2925,8.2925,8.2925,8.2925,8.2925,8.2925,8.2925,8.2925,8.2925,8.2925,8.2925,8.2925,8.2925,8.2925,8.2925,8.2925,8.2925,8.2925,8.2925,8.2925,8.2925,8.2925,8.2925,8.2925,8.2925,8.2925,8.2925,8.2925,8.2925,8.2925,8.2925,8.2925,8.2925,8.2925,8.2925,8.2925,8.2925,8.2925,8.2925,8.2925,8.2925,8.2925,8.2925,8.2925,8.2925,8.2925,8.2925,8.2925,8.2925,8.2925,8.2925,8.2925,8.2925,8.2925,8.2925,8.2925,8.2925,8.2925,8.2925,8.2925,8.2925,8.2925,8.2925,8.2925,8.2925,8.2925,8.2925,8.2925,8.2925,8.2925,8.2925,8.2925,8.2925,8.2925,8.2925,8.2925,8.2925,8.2925,8.2925,8.2925,8.2925,8.2925,8.2925,8.2925,8.2925,8.2925,8.2925,8.2925,8.2925,8.2925,8.2925,8.2925,8.2925,8.2925,8.2925,8.2925,8.2925,8.2925,8.2925,8.2925,8.2925,8.2925,8.2925,8.2925,8.2925,8.2925,8.2925,8.2925,8.2925,8.2925,8.2925,8.2925,8.2925,8.2925,8.2925,8.2925,8.2925,8.2925,8.2925,8.2925,8.2925,8.2925,8.2925,8.2925,8.2925,8.2925,8.2925,8.2925,8.2925,8.2925,8.2925,8.2925,8.2925,8.2925,8.2925,8.2925,8.2925,8.2925,8.2925,8.2925,8.2925,8.2925,8.2925,8.2925,8.2925,8.2925,8.2925,8.2925,8.2925,8.2925,8.2925,8.2925,8.2925,8.2925,8.2925,8.2925,8.2925,8.2925,8.2925,8.2925,8.2925,8.2925,8.2925,8.2925,8.2925,8.2925,8.2925,8.2925,8.2925,8.2925,8.2925,8.2925,8.2925,8.2925,8.2925,8.2925,8.2925,8.2925,8.2925,8.2925,8.2925,8.2925,8.2925,8.2925,8.2925,8.2925,8.2925,8.2925,8.2925,8.2925,8.2925,8.2925,8.2925,8.2925,8.2925,8.2925,8.2925,8.2925,8.2925,8.2925,8.2925,8.2925,8.2925,8.2925,8.2925,8.2925,8.2925,8.2925,8.2925,8.2925,8.2925,8.2925,8.2925,8.2925,8.2925,8.2925,8.2925,8.2925,8.2925,8.2925,8.2925,8.2925,8.2925,8.2925,8.2925,8.2925,8.2925,8.2925,8.2925,8.2925,8.2925,8.2925,8.2925,8.2925,8.2925,8.2925,8.2925,8.2925,8.2925,8.2925,8.2925,8.2925,8.2925,8.2925,8.2925,8.2925,8.2925,8.2925,8.2925,8.2925,8.2925,8.2925,8.2925,8.2925,8.2925,8.2925,8.2925,8.2925,8.2925,8.2925,8.2925,8.2925,8.2925,8.2925,8.2925,8.2925,8.2925,8.2925,8.2925,8.2925,8.2925,8.2925,8.2925,8.2925,8.2925,8.2925,8.2925,8.2925,8.2925,8.2925,8.2925,8.2925,8.2925,8.2925,8.2925,8.2925,8.2925,8.2925,8.2925,8.2925,8.2925,8.2925,8.2925,8.2925,8.2925,8.2925,8.2925,8.2925,8.2925,8.2925,8.2925,8.2925,8.2925,8.2925,8.2925,8.2925,8.2925,8.2925,8.2925,8.2925,8.2925,8.2925,8.2925,8.2925,8.2925,8.2925,8.2925,8.2925,8.2925,8.2925,8.2925,8.2925,8.2925,8.2925,8.2925,8.2925,8.2925,8.2925,8.2925,8.2925,8.2925,8.2925,8.2925,8.2925,8.2925,8.2925,8.2925,8.2925,8.2925,8.2925,8.2925,8.2925,8.2925,8.2925,8.2925,8.2925,8.2925,8.2925,8.2925,8.2925,8.2925,8.2925,8.2925,8.2925,8.2925,8.2925,8.2925,8.2925,8.2925,8.2925,8.2925,8.2925,8.2925,8.2925,8.2925,8.2925,8.2925,8.2925,8.2925,8.2925,8.2925,8.2925,8.2925,8.2925,8.2925,8.2925,8.2925,8.2925,8.2925,8.2925,8.2925,8.2925,8.2925,8.2925,8.2925,8.2925,8.2925,8.2925,8.2925,8.2925,8.2925,8.2925,8.2925,8.2925,8.2925,8.2925,8.2925,8.2925,8.2925,8.2925,8.2925,8.2925,8.2925,8.2925,8.2925,8.2925,8.2925,8.2925,8.2925,8.2925,8.2925,8.2925,8.2925,8.2925,8.2925,8.2925,8.2925,8.2925,8.2925,8.2925,8.2925,8.2925,8.2925,8.2925,8.2925,8.2925,8.2925,8.2925,8.2925,8.2925,8.2925,8.2925,8.2925,8.2925,8.2925,8.2925,8.2925,8.2925,8.2925,8.2925,8.2925,8.2925,8.2925,8.2925,8.2925,8.2925,8.2925,8.2925,8.2925,8.2925,8.2925,8.2925,8.2925,8.2925,8.2925,8.2925,8.2925,8.2925,8.2925,8.2925,8.2925,8.2925,8.2925,8.2925,8.2925,8.2925,8.2925,8.2925,8.2925,8.2925,8.2925,8.2925,8.2925,8.2925,8.2925,8.2925,8.2925,8.2925,8.2925,8.2925,8.2925,8.2925,8.2925,8.2925,8.2925,8.2925,8.2925,8.2925,8.2925,8.2925,8.2925,8.2925,8.2925,8.2925,8.2925,8.2925,8.2925,8.2925,8.2925,8.2925,8.2925,8.2925,8.2925,8.2925,8.2925,8.2925,8.2925,8.2925,8.2925,8.2925,8.2925,8.2925,8.2925,8.2925,8.2925,8.2925,8.2925,8.2925,8.2925,8.2925,8.2925,8.2925,8.2925,8.2925,8.2925,8.2925,8.2925,8.2925,8.2925,8.2925,8.2925,8.2925,8.2925,8.2925,8.2925,8.2925,8.2925,8.2925,8.2925,8.2925,8.2925,8.2925,8.2925,8.2925,8.2925,8.2925,8.2925,8.2925,8.2925,8.2925,8.2925,8.2925,8.2925,8.2925,8.2925,8.2925,8.2925,8.2925,8.2925,8.2925,8.2925,8.2925,8.2925,8.2925,8.2925,8.2925,8.2925,8.2925,8.2925,8.2925,8.2925,8.2925,8.2925,8.2925,8.2925,8.2925,8.2925,8.2925,8.2925,8.2925,8.2925,8.2925,8.2925,8.2925,8.2925,8.2925,8.2925,8.2925,8.2925,8.2925,8.2925,8.2925,8.2925,8.2925,8.2925,8.2925,8.2925,8.2925,8.2925,8.2925,8.2925,8.2925,8.2925,8.2925,8.2925,8.2925,8.2925,8.2925,8.2925,8.2925,8.2925,8.2925,8.2925,8.2925,8.2925,8.2925,8.2925,8.2925,8.2925,8.2925,8.2925,8.2925,8.2925,8.2925,8.2925,8.2925,8.2925,8.2925,8.2925,8.2925,8.2925,8.2925,8.2925,8.2925,8.2925,8.2925,8.2925,8.2925,8.2925,8.2925,8.2925,8.2925,8.2925,8.2925,8.2925,8.2925,8.2925,8.2925,8.2925,8.2925,8.2925,8.2925,8.2925,8.2925,8.2925,8.2925,8.2925,8.2925,8.2925,8.2925,8.2925,8.2925,8.2925,8.2925,8.2925,8.2925,8.2925,8.2925,8.2925,8.2925,8.2925,8.2925,8.2925,8.2925,8.2925,8.2925,8.2925,8.2925,8.2925,8.2925,8.2925,8.2925,8.2925,8.2925,8.2925,8.2925,8.2925,8.2925,8.2925,8.2925,8.2925,8.2925,8.2925,8.2925,8.2925,8.2925,8.2925,8.2925,8.2925,8.2925,8.2925,8.2925,8.2925,8.2925,8.2925,8.2925,8.2925,8.2925,8.2925,8.2925,8.2925,8.2925,8.2925,8.2925,8.2925,8.2925,8.2925,8.2925,8.2925,8.2925,8.2925,8.2925,8.2925,8.2925,8.2925,8.2925,8.2925,8.2925,8.2925,8.2925,8.2925,8.2925,8.2925,8.2925,8.2925,8.2925,8.2925,8.2925,8.2925,8.2925,8.2925,8.2925,8.2925,8.2925,8.2925,8.2925,8.2925,8.2925,8.2925,8.2925,8.2925,8.2925,8.2925,8.2925,8.2925,8.2925,8.2925,8.2925,8.2925,8.2925,8.2925,8.2925,8.2925,8.2925,8.2925,8.2925,8.2925,8.2925,8.2925,8.2925,8.2925,8.2925,8.2925,8.2925,8.2925,8.2925,8.2925,8.2925,8.2925,8.2925,8.2925,8.2925,8.2925,8.2925,8.2925,8.2925,8.2925,8.2925,8.2925,8.2925,8.2925,8.2925,8.2925,8.2925,8.2925,8.2925,8.2925,8.2925,8.2925,8.2925
8.2847,8.2847,8.2847,8.2847,8.2847,8.2847,8.2847,8.2847,8.2847,8.2847,8.2847,8.2847,8.2847,8.2847,8.2847,8.2847,8.2847,8.2847,8.2847,8.2847,8.2847,8.2847,8.2847,8.2847,8.2847,8.2847,8.2847,8.2847,8.2847,8.2847,8.2847,8.2847,8.2847,8.2847,8.2847,8.2847,8.2847,8.2847,8.2847,8.2847,8.2847,8.2847,8.2847,8.2847,8.2847,8.2847,8.2847,8.2847,8.2847,8.2847,8.2847,8.2847,8.2847,8.2847,8.2847,8.2847,8.2847,8.2847,8.2847,8.2847,8.2847,8.2847,8.2847,8.2847,8.2847,8.2847,8.2847,8.2847,8.2847,8.2847,8.2847,8.2847,8.2847,8.2847,8.2847,8.2847,8.2847,8.2847,8.2847,8.2847,8.2847,8.2847,8.2847,8.2847,8.2847,8.2847,8.2847,8.2847,8.2847,8.2847,8.2847,8.2847,8.2847,8.2847,8.2847,8.2847,8.2847,8.2847,8.2847,8.2847,8.2847,8.2847,8.2847,8.2847,8.2847,8.2847,8.2847,8.2847,8.2847,8.2847,8.2847,8.2847,8.2847,8.2847,8.2847,8.2847,8.2847,8.2847,8.2847,8.2847,8.2847,8.2847,8.2847,8.2847,8.2847,8.2847,8.2847,8.2847,8.2847,8.2847,8.2847,8.2847,8.2847,8.2847,8.2847,8.2847,8.2847,8.2847,8.2847,8.2847,8.2847,8.2847,8.2847,8.2847,8.2847,8.2847,8.2847,8.2847,8.2847,8.2847,8.2847,8.2847,8.2847,8.2847,8.2847,8.2847,8.2847,8.2847,8.2847,8.2847,8.2847,8.2847,8.2847,8.2847,8.2847,8.2847,8.2847,8.2847,8.2847,8.2847,8.2847,8.2847,8.2847,8.2847,8.2847,8.2847,8.2847,8.2847,8.2847,8.2847,8.2847,8.2847,8.2847,8.2847,8.2847,8.2847,8.2847,8.2847,8.2847,8.2847,8.2847,8.2847,8.2847,8.2847,8.2847,8.2847,8.2847,8.2847,8.2847,8.2847,8.2847,8.2847,8.2847,8.2847,8.2847,8.2847,8.2847,8.2847,8.2847,8.2847,8.2847,8.2847,8.2847,8.2847,8.2847,8.2847,8.2847,8.2847,8.2847,8.2847,8.2847,8.2847,8.2847,8.2847,8.2847,8.2847,8.2847,8.2847,8.2847,8.2847,8.2847,8.2847,8.2847,8.2847,8.2847,8.2847,8.2847,8.2847,8.2847,8.2847,8.2847,8.2847,8.2847,8.2847,8.2847,8.2847,8.2847,8.2847,8.2847,8.2847,8.2847,8.2847,8.2847,8.2847,8.2847,8.2847,8.2847,8.2847,8.2847,8.2847,8.2847,8.2847,8.2847,8.2847,8.2847,8.2847,8.2847,8.2847,8.2847,8.2847,8.2847,8.2847,8.2847,8.2847,8.2847,8.2847,8.2847,8.2847,8.2847,8.2847,8.2847,8.2847,8.2847,8.2847,8.2847,8.2847,8.2847,8.2847,8.2847,8.2847,8.2847,8.2847,8.2847,8.2847,8.2847,8.2847,8.2847,8.2847,8.2847,8.2847,8.2847,8.2847,8.2847,8.2847,8.2847,8.2847,8.2847,8.2847,8.2847,8.2847,8.2847,8.2847,8.2847,8.2847,8.2847,8.2847,8.2847,8.2847,8.2847,8.2847,8.2847,8.2847,8.2847,8.2847,8.2847,8.2847,8.2847,8.2847,8.2847,8.2847,8.2847,8.2847,8.2847,8.2847,8.2847,8.2847,8.2847,8.2847,8.2847,8.2847,8.2847,8.2847,8.2847,8.2847,8.2847,8.2847,8.2847,8.2847,8.2847,8.2847,8.2847,8.2847,8.2847,8.2847,8.2847,8.2847,8.2847,8.2847,8.2847,8.2847,8.2847,8.2847,8.2847,8.2847,8.2847,8.2847,8.2847,8.2847,8.2847,8.2847,8.2847,8.2847,8.2847,8.2847,8.2847,8.2847,8.2847,8.2847,8.2847,8.2847,8.2847,8.2847,8.2847,8.2847,8.2847,8.2847,8.2847,8.2847,8.2847,8.2847,8.2847,8.2847,8.2847,8.2847,8.2847,8.2847,8.2847,8.2847,8.2847,8.2847,8.2847,8.2847,8.2847,8.2847,8.2847,8.2847,8.2847,8.2847,8.2847,8.2847,8.2847,8.2847,8.2847,8.2847,8.2847,8.2847,8.2847,8.2847,8.2847,8.2847,8.2847,8.2847,8.2847,8.2847,8.2847,8.2847,8.2847,8.2847,8.2847,8.2847,8.2847,8.2847,8.2847,8.2847,8.2847,8.2847,8.2847,8.2847,8.2847,8.2847,8.2847,8.2847,8.2847,8.2847,8.2847,8.2847,8.2847,8.2847,8.2847,8.2847,8.2847,8.2847,8.2847,8.2847,8.2847,8.2847,8.2847,8.2847,8.2847,8.2847,8.2847,8.2847,8.2847,8.2847,8.2847,8.2847,8.2847,8.2847,8.2847,8.2847,8.2847,8.2847,8.2847,8.2847,8.2847,8.2847,8.2847,8.2847,8.2847,8.2847,8.2847,8.2847,8.2847,8.2847,8.2847,8.2847,8.2847,8.2847,8.2847,8.2847,8.2847,8.2847,8.2847,8.2847,8.2847,8.2847,8.2847,8.2847,8.2847,8.2847,8.2847,8.2847,8.2847,8.2847,8.2847,8.2847,8.2847,8.2847,8.2847,8.2847,8.2847,8.2847,8.2847,8.2847,8.2847,8.2847,8.2847,8.2847,8.2847,8.2847,8.2847,8.2847,8.2847,8.2847,8.2847,8.2847,8.2847,8.2847,8.2847,8.2847,8.2847,8.2847,8.2847,8.2847,8.2847,8.2847,8.2847,8.2847,8.2847,8.2847,8.2847,8.2847,8.2847,8.2847,8.2847,8.2847,8.2847,8.2847,8.2847,8.2847,8.2847,8.2847,8.2847,8.2847,8.2847,8.2847,8.2847,8.2847,8.2847,8.2847,8.2847,8.2847,8.2847,8.2847,8.2847,8.2847,8.2847,8.2847,8.2847,8.2847,8.2847,8.2847,8.2847,8.2847,8.2847,8.2847,8.2847,8.2847,8.2847,8.2847,8.2847,8.2847,8.2847,8.2847,8.2847,8.2847,8.2847,8.2847,8.2847,8.2847,8.2847,8.2847,8.2847,8.2847,8.2847,8.2847,8.2847,8.2847,8.2847,8.2847,8.2847,8.2847,8.2847,8.2847,8.2847,8.2847,8.2847,8.2847,8.2847,8.2847,8.2847,8.2847,8.2847,8.2847,8.2847,8.2847,8.2847,8.2847,8.2847,8.2847,8.2847,8.2847,8.2847,8.2847,8.2847,8.2847,8.2847,8.2847,8.2847,8.2847,8.2847,8.2847,8.2847,8.2847,8.2847,8.2847,8.2847,8.2847,8.2847,8.2847,8.2847,8.2847,8.2847,8.2847,8.2847,8.2847,8.2847,8.2847,8.2847,8.2847,8.2847,8.2847,8.2847,8.2847,8.2847,8.2847,8.2847,8.2847,8.2847,8.2847,8.2847,8.2847,8.2847,8.2847,8.2847,8.2847,8.2847,8.2847,8.2847,8.2847,8.2847,8.2847,8.2847,8.2847,8.2847,8.2847,8.2847,8.2847,8.2847,8.2847,8.2847,8.2847,8.2847,8.2847,8.2847,8.2847,8.2847,8.2847,8.2847,8.2847,8.2847,8.2847,8.2847,8.2847,8.2847,8.2847,8.2847,8.2847,8.2847,8.2847,8.2847,8.2847,8.2847,8.2852,8.2852,8.2852,8.2852,8.2852,8.2852,8.2852,8.2852,8.2852,8.2852,8.2852,8.2852,8.2852,8.2852,8.2852,8.2852,8.2852,8.2852,8.2852,8.2852,8.2852,8.2852,8.2852,8.2852,8.2852,8.2852,8.2852,8.2852,8.2852,8.2852,8.2852,8.2852,8.2852,8.2852,8.2852,8.2852,8.2852,8.2852,8.2852,8.2852,8.2852,8.2852,8.2852,8.2852,8.2852,8.2852,8.2852,8.2852,8.2852,8.2852,8.2852,8.2852,8.2852,8.2852,8.2852,8.2852,8.2852,8.2852,8.2852,8.2852,8.2852,8.2852,8.2852,8.2852,8.2852,8.2852,8.2852,8.2852,8.2852,8.2852,8.2852,8.2852,8.2852,8.2852,8.2852,8.2852,8.2852,8.2852,8.2852,8.2852,8.2852,8.2852,8.2852,8.2852,8.2852,8.2852,8.2852,8.2852,8.2852,8.2852,8.2852,8.2852,8.2852,8.2852,8.2852,8.2852,8.2852,8.2852,8.2852,8.2852,8.2852,8.2852,8.2852,8.2852,8.2852,8.2852,8.2852,8.2852,8.2852,8.2852,8.2852,8.2852,8.2852,8.2852,8.2852,8.2852,8.2852,8.2852,8.2852,8.2852,8.2852,8.2852,8.2852,8.2852,8.2852,8.2852,8.2852,8.2852,8.2852,8.2852,8.2852,8.2852,8.2852,8.2852,8.2852,8.2852,8.2852,8.2852,8.2852,8.2852,8.2852,8.2852,8.2852,8.2852,8.2852,8.2852,8.2852,8.2852,8.2852,8.2852,8.2852,8.2852,8.2852,8.2852,8.2852,8.2852,8.2852,8.2852,8.2852,8.2852,8.2852,8.2852,8.2852,8.2852,8.2852,8.2852,8.2852,8.2852,8.2852,8.2852,8.2852,8.2852,8.2852,8.2852,8.2852,8.2852,8.2852,8.2852,8.2852,8.2852,8.2852,8.2852,8.2852,8.2852,8.2852,8.2852,8.2852,8.2852,8.2852,8.2852,8.2852,8.2852,8.2852,8.2852,8.2852,8.2852,8.2852,8.2852,8.2852,8.2852,8.2852,8.2852,8.2852,8.2852,8.2852,8.2852,8.2852,8.2852,8.2852,8.2852,8.2852,8.2852,8.2852,8.2852,8.2852,8.2852,8.2852,8.2852,8.2852,8.2852,8.2852,8.2852,8.2852,8.2852,8.2852,8.2852,8.2852,8.2852,8.2852,8.2852,8.2852,8.2852,8.2852,8.2852,8.2852,8.2852,8.2852,8.2852,8.2852,8.2852,8.2852,8.2852,8.2852,8.2852,8.2852,8.2852,8.2852,8.2852,8.2852,8.2852,8.2852,8.2852,8.2852,8.2852,8.2852,8.2852,8.2852
8.2778,8.2778,8.2778,8.2778,8.2778,8.2778,8.2778,8.2778,8.2778,8.2778,8.2778,8.2778,8.2778,8.2778,8.2778,8.2778,8.2778,8.2778,8.2778,8.2778,8.2778,8.2778,8.2778,8.2778,8.2778,8.2778,8.2778,8.2778,8.2778,8.2778,8.2778,8.2778,8.2778,8.2778,8.2778,8.2778,8.2778,8.2778,8.2778,8.2778,8.2778,8.2778,8.2778,8.2778,8.2778,8.2778,8.2778,8.2778,8.2778,8.2778,8.2778,8.2778,8.2778,8.2778,8.2778,8.2778,8.2778,8.2778,8.2778,8.2778,8.2778,8.2778,8.2778,8.2778,8.2778,8.2778,8.2778,8.2778,8.2778,8.2778,8.2778,8.2778,8.2778,8.2778,8.2778,8.2778,8.2778,8.2778,8.2778,8.2778,8.2778,8.2778,8.2778,8.2778,8.2778,8.2778,8.2778,8.2778,8.2778,8.2778,8.2778,8.2778,8.2778,8.2778,8.2778,8.2778,8.2778,8.2778,8.2778,8.2778,8.2778,8.2778,8.2778,8.2778,8.2778,8.2778,8.2778,8.2778,8.2778,8.2778,8.2778,8.2778,8.2778,8.2778,8.2778,8.2778,8.2778,8.2778,8.2778,8.2778,8.2778,8.2778,8.2778,8.2778,8.2778,8.2778,8.2778,8.2778,8.2778,8.2778,8.2778,8.2778,8.2778,8.2778,8.2778,8.2778,8.2778,8.2778,8.2778,8.2778,8.2778,8.2778,8.2778,8.2778,8.2778,8.2778,8.2778,8.2778,8.2778,8.2778,8.2778,8.2778,8.2778,8.2778,8.2778,8.2778,8.2778,8.2778,8.2778,8.2778,8.2778,8.2778,8.2778,8.2778,8.2778,8.2778,8.2778,8.2778,8.2778,8.2778,8.2778,8.2778,8.2778,8.2778,8.2778,8.2778,8.2778,8.2778,8.2778,8.2778,8.2778,8.2778,8.2778,8.2778,8.2778,8.2778,8.2778,8.2778,8.2778,8.2778,8.2778,8.2778,8.2778,8.2778,8.2778,8.2778,8.2778,8.2778,8.2778,8.2778,8.2778,8.2778,8.2778,8.2778,8.2778,8.2778,8.2778,8.2778,8.2778,8.2778,8.2778,8.2778,8.2778,8.2778,8.2778,8.2778,8.2778,8.2778,8.2778,8.2778,8.2778,8.2778,8.2778,8.2778,8.2778,8.2778,8.2778,8.2778,8.2778,8.2778,8.2778,8.2778,8.2778,8.2778,8.2778,8.2778,8.2778,8.2778,8.2778,8.2778,8.2778,8.2778,8.2778,8.2778,8.2778,8.2778,8.2778,8.2778,8.2778,8.2778,8.2778,8.2778,8.2778,8.2778,8.2778,8.2778,8.2778,8.2778,8.2778,8.2778,8.2778,8.2778,8.2778,8.2778,8.2778,8.2778,8.2778,8.2778,8.2778,8.2778,8.2778,8.2778,8.2778,8.2778,8.2778,8.2778,8.2778,8.2778,8.2778,8.2778,8.2778,8.2778,8.2778,8.2778,8.2778,8.2778,8.2778,8.2778,8.2778,8.2778,8.2778,8.2778,8.2778,8.2778,8.2778,8.2778,8.2778,8.2778,8.2778,8.2778,8.2778,8.2778,8.2778,8.2778,8.2778,8.2778,8.2778,8.2778,8.2778,8.2778,8.2778,8.2778,8.2778,8.2778,8.2778,8.2778,8.2778,8.2778,8.2778,8.2778,8.2778,8.2778,8.2778,8.2778,8.2778,8.2778,8.2778,8.2778,8.2778,8.2778,8.2778,8.2778,8.2778,8.2778,8.2778,8.2778,8.2778,8.2778,8.2778,8.2778,8.2778,8.2778,8.2778,8.2778,8.2778,8.2778,8.2778,8.2778,8.2778,8.2778,8.2778,8.2778,8.2778,8.2778,8.2778,8.2778,8.2778,8.2778,8.2778,8.2778,8.2778,8.2778,8.2778,8.2778,8.2778,8.2778,8.2778,8.2778,8.2778,8.2778,8.2778,8.2778,8.2778,8.2778,8.2778,8.2778,8.2778,8.2778,8.2778,8.2778,8.2778,8.2778,8.2778,8.2778,8.2778,8.2778,8.2778,8.2778,8.2778,8.2778,8.2778,8.2778,8.2778,8.2778,8.2778,8.2778,8.2778,8.2778,8.2778,8.2778,8.2778,8.2778,8.2778,8.2778,8.2778,8.2778,8.2778,8.2778,8.2778,8.2778,8.2778,8.2778,8.2778,8.2778,8.2778,8.2778,8.2778,8.2778,8.2778,8.2778,8.2778,8.2778,8.2778,8.2778,8.2778,8.2778,8.2778,8.2778,8.2778,8.2778,8.2778,8.2778,8.2778,8.2778,8.2778,8.2778,8.2778,8.2778,8.2778,8.2778,8.2778,8.2778,8.2778,8.2778,8.2778,8.2778,8.2778,8.2778,8.2778,8.2778,8.2778,8.2778,8.2778,8.2778,8.2778,8.2778,8.2778,8.2778,8.2778,8.2778,8.2778,8.2778,8.2778,8.2778,8.2778,8.2778,8.2778,8.2778,8.2778,8.2778,8.2778,8.2778,8.2778,8.2778,8.2778,8.2778,8.2778,8.2778,8.2778,8.2778,8.2778,8.2778,8.2778,8.2778,8.2778,8.2778,8.2778,8.2778,8.2778,8.2778,8.2778,8.2778,8.2778,8.2778,8.2778,8.2778,8.2778,8.2778,8.2778,8.2778,8.2778,8.2778,8.2778,8.2778,8.2778,8.2778,8.2778,8.2778,8.2778,8.2778,8.2778,8.2778,8.2778,8.2778,8.2778,8.2778,8.2778,8.2778,8.2778,8.2778,8.2778,8.2778,8.2778,8.2778,8.2778,8.2778,8.2778,8.2778,8.2778,8.2778,8.2778,8.2778,8.2778,8.2778,8.2778,8.2778,8.2778,8.2778,8.2778,8.2778,8.2778,8.2778,8.2778,8.2778,8.2778,8.2778,8.2778,8.2778,8.2778,8.2778,8.2778,8.2778,8.2778,8.2778,8.2778,8.2778,8.2778,8.2778,8.2778,8.2778,8.2778,8.2778,8.2778,8.2778,8.2778,8.2778,8.2778,8.2778,8.2778,8.2778,8.2778,8.2778,8.2778,8.2778,8.2778,8.2778,8.2778,8.2778,8.2778,8.2778,8.2778,8.2778,8.2778,8.2778,8.2778,8.2778,8.2778,8.2778,8.2778,8.2778,8.2778,8.2778,8.2778,8.2778,8.2778,8.2778,8.2778,8.2778,8.2778,8.2778,8.2778,8.2778,8.2778,8.2778,8.2778,8.2778,8.2778,8.2778,8.2778,8.2778,8.2778,8.2778,8.2778,8.2778,8.2778,8.2778,8.2778,8.2778,8.2778,8.2778,8.2778,8.2778,8.2778,8.2778,8.2778,8.2778,8.2778,8.2778,8.2778,8.2778,8.2778,8.2778,8.2778,8.2778,8.2778,8.2778,8.2778,8.2778,8.2778,8.2778,8.2778,8.2778,8.2778,8.2778,8.2778,8.2778,8.2778,8.2778,8.2778,8.2778,8.2778,8.2778,8.2778,8.2778,8.2778,8.2778,8.2778,8.2778,8.2778,8.2778,8.2778,8.2778,8.2778,8.2778,8.2778,8.2778,8.2778,8.2778,8.2778,8.2778,8.2778,8.2778,8.2778,8.2778,8.2778,8.2778,8.2778,8.2778,8.2778,8.2778,8.2778,8.2778,8.2778,8.2778,8.2778,8.2778,8.2778,8.2778,8.2778,8.2778,8.2778,8.2778,8.2778,8.2778,8.2778,8.2778,8.2778,8.2778,8.2778,8.2778,8.2778,8.2778,8.2778,8.2778,8.2778,8.2778,8.2778,8.2778,8.2778,8.2778,8.2778,8.2778,8.2778,8.2778,8.2778,8.2778,8.2778,8.2778,8.2778,8.2778,8.2778,8.2778,8.2778,8.2778,8.2778,8.2778,8.2778,8.2778,8.2778,8.2778,8.2778,8.2778,8.2778,8.2778,8.2778,8.2778,8.2778,8.2778,8.2778,8.2778,8.2778,8.2778,8.2778,8.2778,8.2778,8.2778,8.2778,8.2778,8.2778,8.2778,8.2778,8.2778,8.2778,8.2778,8.2778,8.2778,8.2778,8.2778,8.2778,8.2778,8.2778,8.2778,8.2778,8.2778,8.2778,8.2778,8.2778,8.2778,8.2778,8.2778,8.2778,8.2778,8.2778,8.2778,8.2778,8.2778,8.2778,8.2778,8.2778,8.2778,8.2778,8.2778,8.2778,8.2778,8.2778,8.2778,8.2778,8.2778,8.2778,8.2778,8.2778,8.2778,8.2778,8.2778,8.2778,8.2778,8.2778,8.2778,8.2778,8.2778,8.2778,8.2778,8.2778,8.2778,8.2778,8.2778,8.2778,8.2778,8.2778,8.2778,8.2778,8.2778,8.2778,8.2778,8.2778,8.2778,8.2778,8.2778,8.2778,8.2778,8.2778,8.2778,8.2778,8.2778,8.2778,8.2778,8.2778,8.2778,8.2778,8.2778,8.2778,8.2778,8.2778,8.2778,8.2778,8.2778,8.2778,8.2778,8.2778,8.2778,8.2778,8.2778,8.2778,8.2778,8.2778,8.2778,8.2778,8.2778,8.2778,8.2778,8.2778,8.2778,8.2778,8.2778,8.2778,8.2778,8.2778,8.2778,8.2778,8.2778,8.2778,8.2778,8.2778,8.2778,8.2778,8.2778,8.2778,8.2770,8.2770,8.2770,8.2770,8.2770,8.2770,8.2770,8.2770,8.2770,8.2770,8.2770,8.2770,8.2770,8.2770,8.2770,8.2770,8.2770,8.2770,8.2770,8.2770,8.2770,8.2770,8.2770,8.2770,8.2770,8.2770,8.2770,8.2770,8.2770,8.2770,8.2770,8.2770,8.2770,8.2770,8.2770,8.2770,8.2770,8.2770,8.2770,8.2770,8.2770,8.2770,8.2770,8.2770,8.2770,8.2770,8.2770,8.2770,8.2770,8.2770,8.2770,8.2770,8.2770,8.2770,8.2770,8.2770,8.2770,8.2770,8.2770,8.2770,8.2770,8.2770,8.2770,8.2770,8.2770,8.2770,8.2770,8.2770,8.2770,8.2770,8.2770,8.2770,8.2770,8.2770,8.2770,8.2770,8.2770,8.2770,8.2770,8.2770,8.2770,8.2770,8.2770,8.2770,8.2770,8.2770,8.2770,8.2770,8.2770,8.2770,8.2770,8.2770,8.2770
8.2701,8.2701,8.2701,8.2701,8.2701,8.2701,8.2701,8.2701,8.2701,8.2701,8.2701,8.2701,8.2701,8.2701,8.2701,8.2701,8.2701,8.2701,8.2701,8.2701,8.2701,8.2701,8.2701,8.2701,8.2701,8.2701,8.2701,8.2701,8.2701,8.2701,8.2701,8.2701,8.2701,8.2701,8.2701,8.2701,8.2701,8.2701,8.2701,8.2701,8.2701,8.2701,8.2701,8.2701,8.2701,8.2701,8.2701,8.2701,8.2701,8.2701,8.2701,8.2701,8.2701,8.2701,8.2701,8.2701,8.2701,8.2701,8.2701,8.2701,8.2701,8.2701,8.2701,8.2701,8.2701,8.2701,8.2701,8.2701,8.2701,8.2701,8.2701,8.2701,8.2701,8.2701,8.2701,8.2701,8.2701,8.2701,8.2701,8.2701,8.2701,8.2701,8.2701,8.2701,8.2701,8.2701,8.2701,8.2701,8.2701,8.2701,8.2701,8.2701,8.2701,8.2701,8.2701,8.2701,8.2701,8.2701,8.2701,8.2701,8.2701,8.2701,8.2701,8.2701,8.2701,8.2701,8.2701,8.2701,8.2701,8.2701,8.2701,8.2701,8.2701,8.2701,8.2701,8.2701,8.2701,8.2701,8.2701,8.2701,8.2701,8.2701,8.2701,8.2701,8.2701,8.2701,8.2701,8.2701,8.2701,8.2701,8.2701,8.2701,8.2701,8.2701,8.2701,8.2701,8.2701,8.2701,8.2701,8.2701,8.2701,8.2701,8.2701,8.2701,8.2701,8.2701,8.2701,8.2701,8.2701,8.2701,8.2701,8.2701,8.2701,8.2701,8.2701,8.2701,8.2701,8.2701,8.2701,8.2701,8.2701,8.2701,8.2701,8.2701,8.2701,8.2701,8.2701,8.2701,8.2701,8.2701,8.2701,8.2701,8.2701,8.2701,8.2701,8.2701,8.2701,8.2701,8.2701,8.2701,8.2701,8.2701,8.2701,8.2701,8.2701,8.2701,8.2701,8.2701,8.2701,8.2701,8.2701,8.2701,8.2701,8.2701,8.2701,8.2701,8.2701,8.2701,8.2701,8.2701,8.2701,8.2701,8.2701,8.2701,8.2701,8.2701,8.2701,8.2701,8.2701,8.2701,8.2701,8.2701,8.2701,8.2701,8.2701,8.2701,8.2701,8.2701,8.2701,8.2701,8.2701,8.2701,8.2701,8.2701,8.2701,8.2701,8.2701,8.2701,8.2701,8.2701,8.2701,8.2701,8.2701,8.2701,8.2701,8.2701,8.2701,8.2701,8.2701,8.2701,8.2701,8.2701,8.2701,8.2701,8.2701,8.2701,8.2701,8.2701,8.2701,8.2701,8.2701,8.2701,8.2701,8.2701,8.2701,8.2701,8.2701,8.2701,8.2701,8.2701,8.2701,8.2701,8.2701,8.2701,8.2701,8.2701,8.2701,8.2701,8.2701,8.2701,8.2701,8.2701,8.2701,8.2701,8.2701,8.2701,8.2701,8.2701,8.2701,8.2701,8.2701,8.2701,8.2701,8.2701,8.2701,8.2701,8.2701,8.2701,8.2701,8.2701,8.2701,8.2701,8.2701,8.2701,8.2701,8.2701,8.2701,8.2701,8.2701,8.2701,8.2701,8.2701,8.2701,8.2701,8.2701,8.2701,8.2701,8.2701,8.2701,8.2701,8.2701,8.2701,8.2701,8.2701,8.2701,8.2701,8.2701,8.2701,8.2701,8.2701,8.2701,8.2701,8.2701,8.2701,8.2701,8.2701,8.2701,8.2701,8.2701,8.2701,8.2701,8.2701,8.2701,8.2701,8.2701,8.2701,8.2701,8.2701,8.2701,8.2701,8.2701,8.2701,8.2701,8.2701,8.2701,8.2701,8.2701,8.2701,8.2701,8.2701,8.2701,8.2701,8.2701,8.2701,8.2701,8.2701,8.2701,8.2701,8.2701,8.2701,8.2701,8.2701,8.2701,8.2701,8.2701,8.2701,8.2701,8.2701,8.2701,8.2701,8.2701,8.2701,8.2701,8.2701,8.2701,8.2701,8.2701,8.2701,8.2701,8.2701,8.2701,8.2701,8.2701,8.2701,8.2701,8.2701,8.2701,8.2701,8.2701,8.2701,8.2701,8.2701,8.2701,8.2701,8.2701,8.2701,8.2701,8.2701,8.2701,8.2701,8.2701,8.2701,8.2701,8.2701,8.2701,8.2701,8.2701,8.2701,8.2701,8.2701,8.2701,8.2701,8.2701,8.2701,8.2701,8.2701,8.2701,8.2701,8.2701,8.2701,8.2701,8.2701,8.2701,8.2701,8.2701,8.2701,8.2701,8.2701,8.2701,8.2701,8.2701,8.2701,8.2701,8.2701,8.2701,8.2701,8.2701,8.2701,8.2701,8.2701,8.2701,8.2701,8.2701,8.2701,8.2701,8.2701,8.2701,8.2701,8.2701,8.2701,8.2701,8.2701,8.2701,8.2701,8.2701,8.2701,8.2701,8.2701,8.2701,8.2701,8.2701,8.2701,8.2701,8.2701,8.2701,8.2701,8.2701,8.2701,8.2701,8.2701,8.2701,8.2701,8.2701,8.2701,8.2701,8.2701,8.2701,8.2701,8.2701,8.2701,8.2701,8.2701,8.2701,8.2701,8.2701,8.2701,8.2701,8.2701,8.2701,8.2701,8.2701,8.2701,8.2701,8.2701,8.2701,8.2701,8.2701,8.2701,8.2701,8.2701,8.2701,8.2701,8.2701,8.2701,8.2701,8.2701,8.2701,8.2701,8.2701,8.2701,8.2701,8.2701,8.2701,8.2701,8.2701,8.2701,8.2701,8.2701,8.2701,8.2701,8.2701,8.2701,8.2701,8.2701,8.2701,8.2701,8.2701,8.2701,8.2701,8.2701,8.2701,8.2701,8.2701,8.2701,8.2701,8.2701,8.2701,8.2701,8.2701,8.2701,8.2701,8.2701,8.2701,8.2701,8.2701,8.2701,8.2701,8.2701,8.2701,8.2701,8.2701,8.2701,8.2701,8.2701,8.2701,8.2701,8.2701,8.2701,8.2701,8.2701,8.2701,8.2701,8.2701,8.2701,8.2701,8.2701,8.2701,8.2701,8.2701,8.2701,8.2701,8.2701,8.2701,8.2701,8.2701,8.2701,8.2701,8.2701,8.2701,8.2701,8.2701,8.2701,8.2701,8.2701,8.2701,8.2701,8.2701,8.2701,8.2701,8.2701,8.2701,8.2701,8.2701,8.2701,8.2701,8.2701,8.2701,8.2701,8.2701,8.2701,8.2701,8.2701,8.2701,8.2701,8.2701,8.2701,8.2701,8.2701,8.2701,8.2701,8.2701,8.2701,8.2701,8.2701,8.2701,8.2701,8.2701,8.2701,8.2701,8.2701,8.2701,8.2701,8.2701,8.2701,8.2701,8.2701,8.2701,8.2701,8.2701,8.2701,8.2701,8.2701,8.2701,8.2701,8.2701,8.2701,8.2701,8.2701,8.2701,8.2701,8.2701,8.2701,8.2701,8.2701,8.2701,8.2701,8.2701,8.2701,8.2701,8.2701,8.2701,8.2701,8.2701,8.2701,8.2701,8.2701,8.2701,8.2701,8.2701,8.2701,8.2701,8.2701,8.2701,8.2701,8.2701,8.2701,8.2701,8.2701,8.2701,8.2701,8.2701,8.2701,8.2701,8.2701,8.2701,8.2701,8.2701,8.2701,8.2701,8.2701,8.2701,8.2701,8.2701,8.2701,8.2701,8.2701,8.2701,8.2701,8.2701,8.2701,8.2701,8.2701,8.2701,8.2701,8.2701,8.2701,8.2701,8.2701,8.2701,8.2701,8.2701,8.2701,8.2701,8.2701,8.2701,8.2701,8.2701,8.2701,8.2701,8.2701,8.2701,8.2701,8.2701,8.2701,8.2701,8.2701,8.2701,8.2701,8.2701,8.2701,8.2701,8.2701,8.2701,8.2701,8.2701,8.2701,8.2701,8.2701,8.2701,8.2701,8.2701,8.2701,8.2701,8.2701,8.2701,8.2701,8.2701,8.2701,8.2701,8.2701,8.2701,8.2701,8.2701,8.2701,8.2701,8.2701,8.2701,8.2701,8.2701,8.2701,8.2701,8.2701,8.2701,8.2701,8.2701,8.2701,8.2701,8.2701,8.2701,8.2701,8.2701,8.2701,8.2701,8.2701,8.2701,8.2701,8.2701,8.2701,8.2701,8.2701,8.2701,8.2701,8.2701,8.2701,8.2701,8.2701,8.2701,8.2701,8.2701,8.2701,8.2701,8.2701,8.2701,8.2701,8.2701,8.2701,8.2701,8.2701,8.2701,8.2701,8.2701,8.2701,8.2701,8.2701,8.2701,8.2701,8.2701,8.2701,8.2701,8.2701,8.2701,8.2701,8.2701,8.2701,8.2701,8.2701,8.2701,8.2701,8.2701,8.2701,8.2701,8.2701,8.2701,8.2701,8.2701,8.2701,8.2701,8.2701,8.2701,8.2701,8.2701,8.2701,8.2701,8.2701,8.2701,8.2701,8.2701,8.2701,8.2701,8.2701,8.2701,8.2701,8.2701,8.2701,8.2701,8.2701,8.2701,8.2701,8.2701,8.2701,8.2701,8.2701,8.2701,8.2701,8.2701,8.2701,8.2701,8.2701,8.2701,8.2701,8.2701,8.2701,8.2701,8.2701,8.2701,8.2701,8.2701,8.2701,8.2701,8.2701,8.2701,8.2701,8.2701,8.2701,8.2701,8.2701,8.2701,8.2701,8.2701,8.2701,8.2701,8.2701,8.2701,8.2701,8.2701,8.2701,8.2701,8.2701,8.2701,8.2701,8.2701,8.2701,8.2701,8.2701,8.2701,8.2701,8.2701,8.2701,8.2701,8.2701,8.2701,8.2701,8.2701,8.2701,8.2701,8.2701,8.2701,8.2701,8.2701,8.2701,8.2701,8.2701,8.2701,8.2701,8.2701,8.2701,8.2701,8.2701,8.2701,8.2701,8.2701,8.2701,8.2701,8.2701,8.2701,8.2701,8.2701,8.2701,8.2701,8.2701,8.2701,8.2701,8.2701,8.2701,8.2701,8.2701,8.2701,8.2701,8.2701,8.2701,8.2701,8.2701,8.2701,8.2701,8.2701,8.2701,8.2701,8.2701,8.2701,8.2701,8.2701,8.2701,8.2701,8.2701,8.2701,8.2701,8.2701,8.2701,8.2701,8.2701,8.2701,8.2701,8.2701,8.2701,8.2701,8.2701,8.2701,8.2701,8.2701,8.2701
8.2623,8.2623,8.2623,8.2623,8.2623,8.2623,8.2623,8.2623,8.2623,8.2623,8.2623,8.2623,8.2623,8.2623,8.2623,8.2623,8.2623,8.2623,8.2623,8.2623,8.2623,8.2623,8.2623,8.2623,8.2623,8.2623,8.2623,8.2623,8.2623,8.2623,8.2623,8.2623,8.2623,8.2623,8.2623,8.2623,8.2623,8.2623,8.2623,8.2623,8.2623,8.2623,8.2623,8.2623,8.2623,8.2623,8.2623,8.2623,8.2623,8.2623,8.2623,8.2623,8.2623,8.2623,8.2623,8.2623,8.2623,8.2623,8.2623,8.2623,8.2623,8.2623,8.2623,8.2623,8.2623,8.2623,8.2623,8.2623,8.2623,8.2623,8.2623,8.2623,8.2623,8.2623,8.2623,8.2623,8.2623,8.2623,8.2623,8.2623,8.2623,8.2623,8.2623,8.2623,8.2623,8.2623,8.2623,8.2623,8.2623,8.2623,8.2623,8.2623,8.2623,8.2623,8.2623,8.2623,8.2623,8.2623,8.2623,8.2623,8.2623,8.2623,8.2623,8.2623,8.2623,8.2623,8.2623,8.2623,8.2623,8.2623,8.2623,8.2623,8.2623,8.2623,8.2623,8.2623,8.2623,8.2623,8.2623,8.2623,8.2623,8.2623,8.2623,8.2623,8.2623,8.2623,8.2623,8.2623,8.2623,8.2623,8.2623,8.2623,8.2623,8.2623,8.2623,8.2623,8.2623,8.2623,8.2623,8.2623,8.2623,8.2623,8.2623,8.2623,8.2623,8.2623,8.2623,8.2623,8.2623,8.2623,8.2623,8.2623,8.2623,8.2623,8.2623,8.2623,8.2623,8.2623,8.2623,8.2623,8.2623,8.2623,8.2623,8.2623,8.2623,8.2623,8.2623,8.2623,8.2623,8.2623,8.2623,8.2623,8.2623,8.2623,8.2623,8.2623,8.2623,8.2623,8.2623,8.2623,8.2623,8.2623,8.2623,8.2623,8.2623,8.2623,8.2623,8.2623,8.2623,8.2623,8.2623,8.2623,8.2623,8.2623,8.2623,8.2623,8.2623,8.2623,8.2623,8.2623,8.2623,8.2623,8.2623,8.2623,8.2623,8.2623,8.2623,8.2623,8.2623,8.2623,8.2623,8.2623,8.2623,8.2623,8.2623,8.2623,8.2623,8.2623,8.2623,8.2623,8.2623,8.2623,8.2623,8.2623,8.2623,8.2623,8.2623,8.2623,8.2623,8.2623,8.2623,8.2623,8.2623,8.2623,8.2623,8.2623,8.2623,8.2623,8.2623,8.2623,8.2623,8.2623,8.2623,8.2623,8.2623,8.2623,8.2623,8.2623,8.2623,8.2623,8.2623,8.2623,8.2623,8.2623,8.2623,8.2623,8.2623,8.2623,8.2623,8.2623,8.2623,8.2623,8.2623,8.2623,8.2623,8.2623,8.2623,8.2623,8.2623,8.2623,8.2623,8.2623,8.2623,8.2623,8.2623,8.2623,8.2623,8.2623,8.2623,8.2623,8.2623,8.2623,8.2623,8.2623,8.2623,8.2623,8.2623,8.2623,8.2623,8.2623,8.2623,8.2623,8.2623,8.2623,8.2623,8.2623,8.2623,8.2623,8.2623,8.2623,8.2623,8.2623,8.2623,8.2623,8.2623,8.2623,8.2623,8.2623,8.2623,8.2623,8.2623,8.2623,8.2623,8.2623,8.2623,8.2623,8.2623,8.2623,8.2623,8.2623,8.2623,8.2623,8.2623,8.2623,8.2623,8.2623,8.2623,8.2623,8.2623,8.2623,8.2623,8.2623,8.2623,8.2623,8.2623,8.2623,8.2623,8.2623,8.2623,8.2623,8.2623,8.2623,8.2623,8.2623,8.2623,8.2623,8.2623,8.2623,8.2623,8.2623,8.2623,8.2623,8.2623,8.2623,8.2623,8.2623,8.2623,8.2623,8.2623,8.2623,8.2623,8.2623,8.2623,8.2623,8.2623,8.2623,8.2623,8.2623,8.2623,8.2623,8.2623,8.2623,8.2623,8.2623,8.2623,8.2623,8.2623,8.2623,8.2623,8.2623,8.2623,8.2623,8.2623,8.2623,8.2623,8.2623,8.2623,8.2623,8.2623,8.2623,8.2623,8.2623,8.2623,8.2623,8.2623,8.2623,8.2623,8.2623,8.2623,8.2623,8.2623,8.2623,8.2623,8.2623,8.2623,8.2623,8.2623,8.2623,8.2623,8.2623,8.2623,8.2623,8.2623,8.2623,8.2623,8.2623,8.2623,8.2623,8.2623,8.2623,8.2623,8.2623,8.2623,8.2623,8.2623,8.2623,8.2623,8.2623,8.2623,8.2623,8.2623,8.2623,8.2623,8.2623,8.2623,8.2623,8.2623,8.2623,8.2623,8.2623,8.2623,8.2623,8.2623,8.2623,8.2623,8.2623,8.2623,8.2623,8.2623,8.2623,8.2623,8.2623,8.2623,8.2623,8.2623,8.2623,8.2623,8.2623,8.2623,8.2623,8.2623,8.2623,8.2623,8.2623,8.2623,8.2623,8.2623,8.2623,8.2623,8.2623,8.2623,8.2623,8.2623,8.2623,8.2623,8.2623,8.2623,8.2623,8.2623,8.2623,8.2623,8.2623,8.2623,8.2623,8.2623,8.2623,8.2623,8.2623,8.2623,8.2623,8.2623,8.2623,8.2623,8.2623,8.2623,8.2623,8.2623,8.2623,8.2623,8.2623,8.2623,8.2623,8.2623,8.2623,8.2623,8.2623,8.2623,8.2623,8.2623,8.2623,8.2623,8.2623,8.2623,8.2623,8.2623,8.2623,8.2623,8.2623,8.2623,8.2623,8.2623,8.2623,8.2623,8.2623,8.2623,8.2623,8.2623,8.2623,8.2623,8.2623,8.2623,8.2623,8.2623,8.2623,8.2623,8.2623,8.2623,8.2623,8.2623,8.2623,8.2623,8.2623,8.2623,8.2623,8.2623,8.2623,8.2623,8.2623,8.2623,8.2623,8.2623,8.2623,8.2623,8.2623,8.2623,8.2623,8.2623,8.2623,8.2623,8.2623,8.2623,8.2623,8.2623,8.2623,8.2623,8.2623,8.2623,8.2623,8.2623,8.2623,8.2623,8.2623,8.2623,8.2623,8.2623,8.2623,8.2623,8.2623,8.2623,8.2623,8.2623,8.2623,8.2623,8.2623,8.2623,8.2623,8.2623,8.2623,8.2623,8.2623,8.2623,8.2623,8.2623,8.2623,8.2623,8.2623,8.2623,8.2623,8.2623,8.2623,8.2623,8.2623,8.2623,8.2623,8.2623,8.2623,8.2623,8.2623,8.2623,8.2623,8.2623,8.2623,8.2623,8.2623,8.2623,8.2623,8.2623,8.2623,8.2623,8.2623,8.2623,8.2623,8.2623,8.2623,8.2623,8.2623,8.2623,8.2623,8.2623,8.2623,8.2623,8.2623,8.2623,8.2623,8.2623,8.2623,8.2623,8.2623,8.2623,8.2623,8.2623,8.2623,8.2623,8.2623,8.2623,8.2623,8.2623,8.2623,8.2623,8.2623,8.2623,8.2623,8.2623,8.2623,8.2623,8.2623,8.2623,8.2623,8.2623,8.2623,8.2623,8.2623,8.2623,8.2623,8.2623,8.2623,8.2623,8.2623,8.2623,8.2623,8.2623,8.2623,8.2623,8.2623,8.2623,8.2623,8.2623,8.2623,8.2623,8.2623,8.2623,8.2623,8.2623,8.2623,8.2623,8.2623,8.2623,8.2623,8.2623,8.2623,8.2623,8.2623,8.2623,8.2623,8.2623,8.2623,8.2623,8.2623,8.2623,8.2623,8.2623,8.2623,8.2623,8.2623,8.2623,8.2623,8.2623,8.2623,8.2623,8.2623,8.2623,8.2623,8.2623,8.2623,8.2623,8.2623,8.2623,8.2623,8.2623,8.2623,8.2623,8.2623,8.2623,8.2623,8.2623,8.2623,8.2623,8.2623,8.2623,8.2623,8.2623,8.2623,8.2623,8.2623,8.2623,8.2623,8.2623,8.2623,8.2623,8.2623,8.2623,8.2623,8.2623,8.2623,8.2623,8.2623,8.2623,8.2623,8.2623,8.2623,8.2623,8.2623,8.2623,8.2623,8.2623,8.2623,8.2623,8.2623,8.2623,8.2623,8.2623,8.2623,8.2623,8.2623,8.2623,8.2623,8.2623,8.2623,8.2623,8.2623,8.2623,8.2623,8.2623,8.2623,8.2623,8.2623,8.2623,8.2623,8.2623,8.2623,8.2623,8.2623,8.2623,8.2623,8.2623,8.2623,8.2623,8.2623,8.2623,8.2623,8.2623,8.2623,8.2623,8.2623,8.2623,8.2623,8.2623,8.2623,8.2623,8.2623,8.2623,8.2623,8.2623,8.2623,8.2623,8.2623,8.2623,8.2623,8.2623,8.2623,8.2623,8.2623,8.2623,8.2623,8.2623,8.2623,8.2623,8.2623,8.2623,8.2623,8.2623,8.2623,8.2623,8.2623,8.2623,8.2623,8.2623,8.2623,8.2623,8.2623,8.2623,8.2623,8.2623,8.2623,8.2623,8.2623,8.2623,8.2623,8.2623,8.2623,8.2623,8.2623,8.2623,8.2623,8.2623,8.2623,8.2623,8.2623,8.2623,8.2623,8.2623,8.2623,8.2623,8.2623,8.2623,8.2623,8.2623,8.2623,8.2623,8.2623,8.2623,8.2623,8.2623,8.2623,8.2623,8.2623,8.2623,8.2623,8.2623,8.2623,8.2623,8.2623,8.2623,8.2623,8.2623,8.2623,8.2623,8.2623,8.2623,8.2623,8.2623,8.2623,8.2623,8.2623,8.2623,8.2623,8.2623,8.2623,8.2623,8.2623,8.2623,8.2623,8.2623,8.2623,8.2623,8.2623,8.2623,8.2623,8.2623,8.2623,8.2623,8.2623,8.2623,8.2623,8.2623,8.2623,8.2623,8.2623,8.2623,8.2623,8.2623,8.2623,8.2623,8.2623,8.2623,8.2623,8.2623,8.2623,8.2623,8.2623,8.2623,8.2623,8.2623,8.2623,8.2623,8.2623,8.2623,8.2623,8.2623,8.2623,8.2623,8.2623,8.2623,8.2623,8.2623,8.2623,8.2623,8.2623,8.2623,8.2623,8.2623,8.2623,8.2623,8.2623,8.2623,8.2623,8.2623,8.2623,8.2623,8.2623,8.2623,8.2623,8.2623,8.2623,8.2623,8.2623,8.2623,8.2623,8.2623,8.2623
8.2542,8.2542,8.2542,8.2542,8.2542,8.2542,8.2542,8.2542,8.2542,8.2542,8.2542,8.2542,8.2542,8.2542,8.2542,8.2542,8.2542,8.2542,8.2542,8.2542,8.2542,8.2542,8.2542,8.2542,8.2542,8.2542,8.2542,8.2542,8.2542,8.2542,8.2542,8.2542,8.2542,8.2542,8.2542,8.2542,8.2542,8.2542,8.2542,8.2542,8.2542,8.2542,8.2542,8.2542,8.2542,8.2542,8.2542,8.2542,8.2542,8.2542,8.2542,8.2542,8.2542,8.2542,8.2542,8.2542,8.2542,8.2542,8.2542,8.2542,8.2542,8.2542,8.2542,8.2542,8.2542,8.2542,8.2542,8.2542,8.2542,8.2542,8.2542,8.2542,8.2542,8.2542,8.2542,8.2542,8.2542,8.2542,8.2542,8.2542,8.2542,8.2542,8.2542,8.2542,8.2542,8.2542,8.2542,8.2542,8.2542,8.2542,8.2542,8.2542,8.2542,8.2542,8.2542,8.2542,8.2542,8.2542,8.2542,8.2542,8.2542,8.2542,8.2542,8.2542,8.2542,8.2542,8.2542,8.2542,8.2542,8.2542,8.2542,8.2542,8.2542,8.2542,8.2542,8.2542,8.2542,8.2542,8.2542,8.2542,8.2542,8.2542,8.2542,8.2542,8.2542,8.2542,8.2542,8.2542,8.2542,8.2542,8.2542,8.2542,8.2542,8.2542,8.2542,8.2542,8.2542,8.2542,8.2542,8.2542,8.2542,8.2542,8.2542,8.2542,8.2542,8.2542,8.2542,8.2542,8.2542,8.2542,8.2542,8.2542,8.2542,8.2542,8.2542,8.2542,8.2542,8.2542,8.2542,8.2542,8.2542,8.2542,8.2542,8.2542,8.2542,8.2542,8.2542,8.2542,8.2542,8.2542,8.2542,8.2542,8.2542,8.2542,8.2542,8.2542,8.2542,8.2542,8.2542,8.2542,8.2542,8.2542,8.2542,8.2542,8.2542,8.2542,8.2542,8.2542,8.2542,8.2542,8.2542,8.2542,8.2542,8.2542,8.2542,8.2542,8.2542,8.2542,8.2542,8.2542,8.2542,8.2542,8.2542,8.2542,8.2542,8.2542,8.2542,8.2542,8.2542,8.2542,8.2542,8.2542,8.2542,8.2542,8.2542,8.2542,8.2542,8.2542,8.2542,8.2542,8.2542,8.2542,8.2542,8.2542,8.2542,8.2542,8.2542,8.2542,8.2542,8.2542,8.2542,8.2542,8.2542,8.2542,8.2542,8.2542,8.2542,8.2542,8.2542,8.2542,8.2542,8.2542,8.2542,8.2542,8.2542,8.2542,8.2542,8.2542,8.2542,8.2542,8.2542,8.2542,8.2542,8.2542,8.2542,8.2542,8.2542,8.2542,8.2542,8.2542,8.2542,8.2542,8.2542,8.2542,8.2542,8.2542,8.2542,8.2542,8.2542,8.2542,8.2542,8.2542,8.2542,8.2542,8.2542,8.2542,8.2542,8.2542,8.2542,8.2542,8.2542,8.2542,8.2542,8.2542,8.2542,8.2542,8.2542,8.2542,8.2542,8.2542,8.2542,8.2542,8.2542,8.2542,8.2542,8.2542,8.2542,8.2542,8.2542,8.2542,8.2542,8.2542,8.2542,8.2542,8.2542,8.2542,8.2542,8.2542,8.2542,8.2542,8.2542,8.2542,8.2542,8.2542,8.2542,8.2542,8.2542,8.2542,8.2542,8.2542,8.2542,8.2542,8.2542,8.2542,8.2542,8.2542,8.2542,8.2542,8.2542,8.2542,8.2542,8.2542,8.2542,8.2542,8.2542,8.2542,8.2542,8.2542,8.2542,8.2542,8.2542,8.2542,8.2542,8.2542,8.2542,8.2542,8.2542,8.2542,8.2542,8.2542,8.2542,8.2542,8.2542,8.2542,8.2542,8.2542,8.2542,8.2542,8.2542,8.2542,8.2542,8.2542,8.2542,8.2542,8.2542,8.2542,8.2542,8.2542,8.2542,8.2542,8.2542,8.2542,8.2542,8.2542,8.2542,8.2542,8.2542,8.2542,8.2542,8.2542,8.2542,8.2542,8.2542,8.2542,8.2542,8.2542,8.2542,8.2542,8.2542,8.2542,8.2542,8.2542,8.2542,8.2542,8.2542,8.2542,8.2542,8.2542,8.2542,8.2542,8.2542,8.2542,8.2542,8.2542,8.2542,8.2542,8.2542,8.2542,8.2542,8.2542,8.2542,8.2542,8.2542,8.2542,8.2542,8.2542,8.2542,8.2542,8.2542,8.2542,8.2542,8.2542,8.2542,8.2542,8.2542,8.2542,8.2542,8.2542,8.2542,8.2542,8.2542,8.2542,8.2542,8.2542,8.2542,8.2542,8.2542,8.2542,8.2542,8.2542,8.2542,8.2542,8.2542,8.2542,8.2542,8.2542,8.2542,8.2542,8.2542,8.2542,8.2542,8.2542,8.2542,8.2542,8.2542,8.2542,8.2542,8.2542,8.2542,8.2542,8.2542,8.2542,8.2542,8.2542,8.2542,8.2542,8.2542,8.2542,8.2542,8.2542,8.2542,8.2542,8.2542,8.2542,8.2542,8.2542,8.2542,8.2542,8.2542,8.2542,8.2542,8.2542,8.2542,8.2542,8.2542,8.2542,8.2542,8.2542,8.2542,8.2542,8.2542,8.2542,8.2542,8.2542,8.2542,8.2542,8.2542,8.2542,8.2542,8.2542,8.2542,8.2542,8.2542,8.2542,8.2542,8.2542,8.2542,8.2542,8.2542,8.2542,8.2542,8.2542,8.2542,8.2542,8.2542,8.2542,8.2542,8.2542,8.2542,8.2542,8.2542,8.2542,8.2542,8.2542,8.2542,8.2542,8.2542,8.2542,8.2542,8.2542,8.2542,8.2542,8.2542,8.2542,8.2542,8.2542,8.2542,8.2542,8.2542,8.2542,8.2542,8.2542,8.2542,8.2542,8.2542,8.2542,8.2542,8.2542,8.2542,8.2542,8.2542,8.2542,8.2542,8.2542,8.2542,8.2542,8.2542,8.2542,8.2542,8.2542,8.2542,8.2542,8.2542,8.2542,8.2542,8.2542,8.2542,8.2542,8.2542,8.2542,8.2542,8.2542,8.2542,8.2542,8.2542,8.2542,8.2542,8.2542,8.2542,8.2542,8.2542,8.2542,8.2542,8.2542,8.2542,8.2542,8.2542,8.2542,8.2542,8.2542,8.2542,8.2542,8.2542,8.2542,8.2542,8.2542,8.2542,8.2542,8.2542,8.2542,8.2542,8.2542,8.2542,8.2542,8.2542,8.2542,8.2542,8.2542,8.2542,8.2542,8.2542,8.2542,8.2542,8.2542,8.2542,8.2542,8.2542,8.2542,8.2542,8.2542,8.2542,8.2542,8.2542,8.2542,8.2542,8.2542,8.2542,8.2542,8.2542,8.2542,8.2542,8.2542,8.2542,8.2542,8.2542,8.2542,8.2542,8.2542,8.2542,8.2542,8.2542,8.2542,8.2542,8.2542,8.2542,8.2542,8.2542,8.2542,8.2542,8.2542,8.2542,8.2542,8.2542,8.2542,8.2542,8.2542,8.2542,8.2542,8.2542,8.2542,8.2542,8.2542,8.2542,8.2542,8.2542,8.2542,8.2542,8.2542,8.2542,8.2542,8.2542,8.2542,8.2542,8.2542,8.2542,8.2542,8.2542,8.2542,8.2542,8.2542,8.2542,8.2542,8.2542,8.2542,8.2542,8.2542,8.2542,8.2542,8.2542,8.2542,8.2542,8.2542,8.2542,8.2542,8.2542,8.2542,8.2542,8.2542,8.2542,8.2542,8.2542,8.2542,8.2542,8.2542,8.2542,8.2542,8.2542,8.2542,8.2542,8.2542,8.2542,8.2542,8.2542,8.2542,8.2542,8.2542,8.2542,8.2542,8.2542,8.2542,8.2542,8.2542,8.2542,8.2542,8.2542,8.2542,8.2542,8.2542,8.2542,8.2542,8.2542,8.2542,8.2542,8.2542,8.2542,8.2542,8.2542,8.2542,8.2542,8.2542,8.2542,8.2542,8.2542,8.2542,8.2542,8.2542,8.2542,8.2542,8.2542,8.2542,8.2542,8.2542,8.2542,8.2542,8.2542,8.2542,8.2542,8.2542,8.2542,8.2542,8.2542,8.2542,8.2542,8.2542,8.2542,8.2542,8.2542,8.2542,8.2542,8.2542,8.2542,8.2542,8.2542,8.2542,8.2542,8.2542,8.2542,8.2542,8.2542,8.2542,8.2542,8.2542,8.2542,8.2542,8.2542,8.2542,8.2542,8.2542,8.2542,8.2542,8.2542,8.2542,8.2542,8.2542,8.2542,8.2542,8.2542,8.2542,8.2542,8.2542,8.2542,8.2542,8.2542,8.2542,8.2542,8.2542,8.2542,8.2542,8.2542,8.2542,8.2542,8.2542,8.2542,8.2542,8.2542,8.2542,8.2542,8.2542,8.2542,8.2542,8.2542,8.2542,8.2542,8.2542,8.2542,8.2542,8.2542,8.2542,8.2542,8.2542,8.2542,8.2542,8.2542,8.2542,8.2542,8.2542,8.2542,8.2542,8.2542,8.2542,8.2542,8.2542,8.2542,8.2542,8.2542,8.2542,8.2542,8.2542,8.2542,8.2542,8.2542,8.2542,8.2542,8.2542,8.2542,8.2542,8.2542,8.2542,8.2542,8.2542,8.2542,8.2542,8.2542,8.2542,8.2542,8.2542,8.2542,8.2542,8.2542,8.2542,8.2542,8.2542,8.2542,8.2542,8.2542,8.2542,8.2542,8.2542,8.2542,8.2542,8.2542,8.2542,8.2542,8.2542,8.2542,8.2542,8.2542,8.2542,8.2542,8.2542,8.2542,8.2542,8.2542,8.2542,8.2542,8.2542,8.2542,8.2542,8.2542,8.2542,8.2542,8.2542,8.2542,8.2542,8.2542,8.2542,8.2542,8.2542,8.2542,8.2542,8.2542,8.2542,8.2542,8.2542,8.2542,8.2542,8.2542,8.2542,8.2542,8.2542,8.2542,8.2542,8.2542,8.2542,8.2542,8.2542,8.2542,8.2542,8.2542,8.2542,8.2542,8.2542,8.2542,8.2542,8.2542,8.2542,8.2542,8.2542,8.2542,8.2542,8.2542,8.2542,8.2542,8.2542,8.2542,8.2542,8.2542,8.2542,8.2542,8.2542,8.2542,8.2542,8.2542,8.2542,8.2542,8.2542,8.2542,8.2542,8.2542,8.2542
8.2473,8.2473,8.2473,8.2473,8.2473,8.2473,8.2473,8.2473,8.2473,8.2473,8.2473,8.2473,8.2473,8.2473,8.2473,8.2473,8.2473,8.2473,8.2473,8.2473,8.2473,8.2473,8.2473,8.2473,8.2473,8.2473,8.2473,8.2473,8.2473,8.2473,8.2473,8.2473,8.2473,8.2473,8.2473,8.2473,8.2473,8.2473,8.2473,8.2473,8.2473,8.2473,8.2473,8.2473,8.2473,8.2473,8.2473,8.2473,8.2473,8.2473,8.2473,8.2473,8.2473,8.2473,8.2473,8.2473,8.2473,8.2473,8.2473,8.2473,8.2473,8.2473,8.2473,8.2473,8.2473,8.2473,8.2473,8.2473,8.2473,8.2473,8.2473,8.2473,8.2473,8.2473,8.2473,8.2473,8.2473,8.2473,8.2473,8.2473,8.2473,8.2473,8.2473,8.2473,8.2473,8.2473,8.2473,8.2473,8.2473,8.2473,8.2473,8.2473,8.2473,8.2473,8.2473,8.2473,8.2473,8.2473,8.2473,8.2473,8.2473,8.2473,8.2473,8.2473,8.2473,8.2473,8.2473,8.2473,8.2473,8.2473,8.2473,8.2473,8.2473,8.2473,8.2473,8.2473,8.2473,8.2473,8.2473,8.2473,8.2473,8.2473,8.2473,8.2473,8.2473,8.2473,8.2473,8.2473,8.2473,8.2473,8.2473,8.2473,8.2473,8.2473,8.2473,8.2473,8.2473,8.2473,8.2473,8.2473,8.2473,8.2473,8.2473,8.2473,8.2473,8.2473,8.2473,8.2473,8.2473,8.2473,8.2473,8.2473,8.2473,8.2473,8.2473,8.2473,8.2473,8.2473,8.2473,8.2473,8.2473,8.2473,8.2473,8.2473,8.2473,8.2473,8.2473,8.2473,8.2473,8.2473,8.2473,8.2473,8.2473,8.2473,8.2473,8.2473,8.2473,8.2473,8.2473,8.2473,8.2473,8.2473,8.2473,8.2473,8.2473,8.2473,8.2473,8.2473,8.2473,8.2473,8.2473,8.2473,8.2473,8.2473,8.2473,8.2473,8.2473,8.2473,8.2473,8.2473,8.2473,8.2473,8.2473,8.2473,8.2473,8.2473,8.2473,8.2473,8.2473,8.2473,8.2473,8.2473,8.2473,8.2473,8.2473,8.2473,8.2473,8.2473,8.2473,8.2473,8.2473,8.2473,8.2473,8.2473,8.2473,8.2473,8.2473,8.2473,8.2473,8.2473,8.2473,8.2473,8.2473,8.2473,8.2473,8.2473,8.2473,8.2473,8.2473,8.2473,8.2473,8.2473,8.2473,8.2473,8.2473,8.2473,8.2473,8.2473,8.2473,8.2473,8.2473,8.2473,8.2473,8.2473,8.2473,8.2473,8.2473,8.2473,8.2473,8.2473,8.2473,8.2473,8.2473,8.2473,8.2473,8.2473,8.2473,8.2473,8.2473,8.2473,8.2473,8.2473,8.2473,8.2473,8.2473,8.2473,8.2473,8.2473,8.2473,8.2473,8.2473,8.2473,8.2473,8.2473,8.2473,8.2473,8.2473,8.2473,8.2473,8.2473,8.2473,8.2473,8.2473,8.2473,8.2473,8.2473,8.2473,8.2473,8.2473,8.2473,8.2473,8.2473,8.2473,8.2473,8.2473,8.2473,8.2473,8.2473,8.2473,8.2473,8.2473,8.2473,8.2473,8.2473,8.2473,8.2473,8.2473,8.2473,8.2473,8.2473,8.2473,8.2473,8.2473,8.2473,8.2473,8.2473,8.2473,8.2473,8.2473,8.2473,8.2473,8.2473,8.2473,8.2473,8.2473,8.2473,8.2473,8.2473,8.2473,8.2473,8.2473,8.2473,8.2473,8.2473,8.2473,8.2473,8.2473,8.2473,8.2473,8.2473,8.2473,8.2473,8.2473,8.2473,8.2473,8.2473,8.2473,8.2473,8.2473,8.2473,8.2473,8.2473,8.2473,8.2473,8.2473,8.2473,8.2473,8.2473,8.2473,8.2473,8.2473,8.2473,8.2473,8.2473,8.2473,8.2473,8.2473,8.2473,8.2473,8.2473,8.2473,8.2473,8.2473,8.2473,8.2473,8.2473,8.2473,8.2473,8.2473,8.2473,8.2473,8.2473,8.2473,8.2473,8.2473,8.2473,8.2473,8.2473,8.2473,8.2473,8.2473,8.2473,8.2473,8.2473,8.2473,8.2473,8.2473,8.2473,8.2473,8.2473,8.2473,8.2473,8.2473,8.2473,8.2473,8.2473,8.2473,8.2473,8.2473,8.2473,8.2473,8.2473,8.2473,8.2473,8.2473,8.2473,8.2473,8.2473,8.2473,8.2473,8.2473,8.2473,8.2473,8.2473,8.2473,8.2473,8.2473,8.2473,8.2473,8.2473,8.2473,8.2473,8.2473,8.2473,8.2473,8.2473,8.2473,8.2473,8.2473,8.2473,8.2473,8.2473,8.2473,8.2473,8.2473,8.2473,8.2473,8.2473,8.2473,8.2473,8.2473,8.2473,8.2473,8.2473,8.2473,8.2473,8.2473,8.2473,8.2473,8.2473,8.2473,8.2473,8.2473,8.2473,8.2473,8.2473,8.2473,8.2473,8.2473,8.2473,8.2473,8.2473,8.2473,8.2473,8.2473,8.2473,8.2473,8.2473,8.2473,8.2473,8.2473,8.2473,8.2473,8.2473,8.2473,8.2473,8.2473,8.2473,8.2473,8.2473,8.2473,8.2473,8.2473,8.2473,8.2473,8.2473,8.2473,8.2473,8.2473,8.2473,8.2473,8.2473,8.2473,8.2473,8.2473,8.2473,8.2473,8.2473,8.2473,8.2473,8.2473,8.2473,8.2473,8.2473,8.2473,8.2473,8.2473,8.2473,8.2473,8.2473,8.2473,8.2473,8.2473,8.2473,8.2473,8.2473,8.2473,8.2473,8.2473,8.2473,8.2473,8.2473,8.2473,8.2473,8.2473,8.2473,8.2473,8.2473,8.2473,8.2473,8.2473,8.2473,8.2473,8.2473,8.2473,8.2473,8.2473,8.2473,8.2473,8.2473,8.2473,8.2473,8.2473,8.2473,8.2473,8.2473,8.2473,8.2473,8.2473,8.2473,8.2473,8.2473,8.2473,8.2473,8.2473,8.2473,8.2473,8.2473,8.2473,8.2473,8.2473,8.2473,8.2473,8.2473,8.2473,8.2473,8.2473,8.2473,8.2473,8.2473,8.2473,8.2473,8.2473,8.2473,8.2473,8.2473,8.2473,8.2473,8.2473,8.2473,8.2473,8.2473,8.2473,8.2473,8.2473,8.2473,8.2473,8.2473,8.2473,8.2473,8.2473,8.2473,8.2473,8.2473,8.2473,8.2473,8.2473,8.2473,8.2473,8.2473,8.2473,8.2473,8.2473,8.2473,8.2473,8.2473,8.2473,8.2473,8.2473,8.2473,8.2473,8.2473,8.2473,8.2473,8.2473,8.2473,8.2473,8.2473,8.2473,8.2473,8.2473,8.2473,8.2473,8.2473,8.2473,8.2473,8.2473,8.2473,8.2473,8.2473,8.2473,8.2473,8.2473,8.2473,8.2473,8.2473,8.2473,8.2473,8.2473,8.2473,8.2473,8.2473,8.2473,8.2473,8.2473,8.2473,8.2473,8.2473,8.2473,8.2473,8.2473,8.2473,8.2473,8.2473,8.2473,8.2473,8.2473,8.2473,8.2473,8.2473,8.2473,8.2473,8.2473,8.2473,8.2473,8.2473,8.2473,8.2473,8.2473,8.2473,8.2473,8.2473,8.2473,8.2473,8.2473,8.2473,8.2473,8.2473,8.2473,8.2473,8.2473,8.2473,8.2473,8.2473,8.2473,8.2473,8.2473,8.2473,8.2473,8.2473,8.2473,8.2473,8.2473,8.2473,8.2473,8.2473,8.2473,8.2473,8.2473,8.2473,8.2473,8.2473,8.2473,8.2473,8.2473,8.2473,8.2473,8.2473,8.2473,8.2473,8.2473,8.2473,8.2473,8.2473,8.2473,8.2473,8.2473,8.2473,8.2473,8.2473,8.2473,8.2473,8.2473,8.2473,8.2473,8.2473,8.2473,8.2473,8.2473,8.2473,8.2473,8.2473,8.2473,8.2473,8.2473,8.2473,8.2473,8.2473,8.2473,8.2473,8.2473,8.2473,8.2473,8.2473,8.2473,8.2473,8.2473,8.2473,8.2473,8.2473,8.2473,8.2473,8.2473,8.2473,8.2473,8.2473,8.2473,8.2473,8.2473,8.2473,8.2473,8.2473,8.2473,8.2473,8.2473,8.2473,8.2473,8.2473,8.2473,8.2473,8.2473,8.2473,8.2473,8.2473,8.2473,8.2473,8.2473,8.2473,8.2473,8.2473,8.2473,8.2473,8.2473,8.2473,8.2473,8.2473,8.2473,8.2473,8.2473,8.2473,8.2473,8.2473,8.2473,8.2473,8.2473,8.2473,8.2473,8.2473,8.2473,8.2473,8.2473,8.2473,8.2473,8.2473,8.2473,8.2473,8.2473,8.2473,8.2473,8.2473,8.2473,8.2473,8.2473,8.2473,8.2473,8.2473,8.2473,8.2473,8.2473,8.2473,8.2473,8.2473,8.2473,8.2473,8.2473,8.2473,8.2473,8.2473,8.2473,8.2473,8.2473,8.2473,8.2473,8.2473,8.2473,8.2473,8.2473,8.2473,8.2473,8.2473,8.2473,8.2473,8.2473,8.2473,8.2473,8.2473,8.2473,8.2473,8.2473,8.2473,8.2473,8.2473,8.2473,8.2473,8.2473,8.2473,8.2473,8.2473,8.2473,8.2473,8.2473,8.2473,8.2473,8.2473,8.2473,8.2473,8.2473,8.2473,8.2473,8.2473,8.2473,8.2473,8.2473,8.2473,8.2473,8.2473,8.2473,8.2473,8.2473,8.2473,8.2473,8.2473,8.2473,8.2473,8.2473,8.2473,8.2473,8.2473,8.2473,8.2473,8.2473,8.2473,8.2473,8.2473,8.2473,8.2473,8.2473,8.2473,8.2473,8.2473,8.2473,8.2473,8.2473,8.2473,8.2473,8.2473,8.2473,8.2473,8.2473,8.2473,8.2473,8.2473,8.2473,8.2473,8.2473,8.2473,8.2473,8.2473,8.2473,8.2473,8.2473,8.2473,8.2473,8.2473,8.2473,8.2473,8.2473,8.2473,8.2473,8.2473,8.2473,8.2473,8.2473,8.2473,8.2473,8.2473,8.2473,8.2473,8.2473,8.2473
8.2396,8.2396,8.2396,8.2396,8.2396,8.2396,8.2396,8.2396,8.2396,8.2396,8.2396,8.2396,8.2396,8.2396,8.2396,8.2396,8.2396,8.2396,8.2396,8.2396,8.2396,8.2396,8.2396,8.2396,8.2396,8.2396,8.2396,8.2396,8.2396,8.2396,8.2396,8.2396,8.2396,8.2396,8.2396,8.2396,8.2396,8.2396,8.2396,8.2396,8.2396,8.2396,8.2396,8.2396,8.2396,8.2396,8.2396,8.2396,8.2396,8.2396,8.2396,8.2396,8.2396,8.2396,8.2396,8.2396,8.2396,8.2396,8.2396,8.2396,8.2396,8.2396,8.2396,8.2396,8.2396,8.2396,8.2396,8.2396,8.2396,8.2396,8.2396,8.2396,8.2396,8.2396,8.2396,8.2396,8.2396,8.2396,8.2396,8.2396,8.2396,8.2396,8.2396,8.2396,8.2396,8.2396,8.2396,8.2396,8.2396,8.2396,8.2396,8.2396,8.2396,8.2396,8.2396,8.2396,8.2396,8.2396,8.2396,8.2396,8.2396,8.2396,8.2396,8.2396,8.2396,8.2396,8.2396,8.2396,8.2396,8.2396,8.2396,8.2396,8.2396,8.2396,8.2396,8.2396,8.2396,8.2396,8.2396,8.2396,8.2396,8.2396,8.2396,8.2396,8.2396,8.2396,8.2396,8.2396,8.2396,8.2396,8.2396,8.2396,8.2396,8.2396,8.2396,8.2396,8.2396,8.2396,8.2396,8.2396,8.2396,8.2396,8.2396,8.2396,8.2396,8.2396,8.2396,8.2396,8.2396,8.2396,8.2396,8.2396,8.2396,8.2396,8.2396,8.2396,8.2396,8.2396,8.2396,8.2396,8.2396,8.2396,8.2396,8.2396,8.2396,8.2396,8.2396,8.2396,8.2396,8.2396,8.2396,8.2396,8.2396,8.2396,8.2396,8.2396,8.2396,8.2396,8.2396,8.2396,8.2396,8.2396,8.2396,8.2396,8.2396,8.2396,8.2396,8.2396,8.2396,8.2396,8.2396,8.2396,8.2396,8.2396,8.2396,8.2396,8.2396,8.2396,8.2396,8.2396,8.2396,8.2396,8.2396,8.2396,8.2396,8.2396,8.2396,8.2396,8.2396,8.2396,8.2396,8.2396,8.2396,8.2396,8.2396,8.2396,8.2396,8.2396,8.2396,8.2396,8.2396,8.2396,8.2396,8.2396,8.2396,8.2396,8.2396,8.2396,8.2396,8.2396,8.2396,8.2396,8.2396,8.2396,8.2396,8.2396,8.2396,8.2396,8.2396,8.2396,8.2396,8.2396,8.2396,8.2396,8.2396,8.2396,8.2396,8.2396,8.2396,8.2396,8.2396,8.2396,8.2396,8.2396,8.2396,8.2396,8.2396,8.2396,8.2396,8.2396,8.2396,8.2396,8.2396,8.2396,8.2396,8.2396,8.2396,8.2396,8.2396,8.2396,8.2396,8.2396,8.2396,8.2396,8.2396,8.2396,8.2396,8.2396,8.2396,8.2396,8.2396,8.2396,8.2396,8.2396,8.2396,8.2396,8.2396,8.2396,8.2396,8.2396,8.2396,8.2396,8.2396,8.2396,8.2396,8.2396,8.2396,8.2396,8.2396,8.2396,8.2396,8.2396,8.2396,8.2396,8.2396,8.2396,8.2396,8.2396,8.2396,8.2396,8.2396,8.2396,8.2396,8.2396,8.2396,8.2396,8.2396,8.2396,8.2396,8.2396,8.2396,8.2396,8.2396,8.2396,8.2396,8.2396,8.2396,8.2396,8.2396,8.2396,8.2396,8.2396,8.2396,8.2396,8.2396,8.2396,8.2396,8.2396,8.2396,8.2396,8.2396,8.2396,8.2396,8.2396,8.2396,8.2396,8.2396,8.2396,8.2396,8.2396,8.2396,8.2396,8.2396,8.2396,8.2396,8.2396,8.2396,8.2396,8.2396,8.2396,8.2396,8.2396,8.2396,8.2396,8.2396,8.2396,8.2396,8.2396,8.2396,8.2396,8.2396,8.2396,8.2396,8.2396,8.2396,8.2396,8.2396,8.2396,8.2396,8.2396,8.2396,8.2396,8.2396,8.2396,8.2396,8.2396,8.2396,8.2396,8.2396,8.2396,8.2396,8.2396,8.2396,8.2396,8.2396,8.2396,8.2396,8.2396,8.2396,8.2396,8.2396,8.2396,8.2396,8.2396,8.2396,8.2396,8.2396,8.2396,8.2396,8.2396,8.2396,8.2396,8.2396,8.2396,8.2396,8.2396,8.2396,8.2396,8.2396,8.2396,8.2396,8.2396,8.2396,8.2396,8.2396,8.2396,8.2396,8.2396,8.2396,8.2396,8.2396,8.2396,8.2396,8.2396,8.2396,8.2396,8.2396,8.2396,8.2396,8.2396,8.2396,8.2396,8.2396,8.2396,8.2396,8.2396,8.2396,8.2396,8.2396,8.2396,8.2396,8.2396,8.2396,8.2396,8.2396,8.2396,8.2396,8.2396,8.2396,8.2396,8.2396,8.2396,8.2396,8.2396,8.2396,8.2396,8.2396,8.2396,8.2396,8.2396,8.2396,8.2396,8.2396,8.2396,8.2396,8.2396,8.2396,8.2396,8.2396,8.2396,8.2396,8.2396,8.2396,8.2396,8.2396,8.2396,8.2396,8.2396,8.2396,8.2396,8.2396,8.2396,8.2396,8.2396,8.2396,8.2396,8.2396,8.2396,8.2396,8.2396,8.2396,8.2396,8.2396,8.2396,8.2396,8.2396,8.2396,8.2396,8.2396,8.2396,8.2396,8.2396,8.2396,8.2396,8.2396,8.2396,8.2396,8.2396,8.2396,8.2396,8.2396,8.2396,8.2396,8.2396,8.2396,8.2396,8.2396,8.2396,8.2396,8.2396,8.2396,8.2396,8.2396,8.2396,8.2396,8.2396,8.2396,8.2396,8.2396,8.2396,8.2396,8.2396,8.2396,8.2396,8.2396,8.2396,8.2396,8.2396,8.2396,8.2396,8.2396,8.2396,8.2396,8.2396,8.2396,8.2396,8.2396,8.2396,8.2396,8.2396,8.2396,8.2396,8.2396,8.2396,8.2396,8.2396,8.2396,8.2396,8.2396,8.2396,8.2396,8.2396,8.2396,8.2396,8.2396,8.2396,8.2396,8.2396,8.2396,8.2396,8.2396,8.2396,8.2396,8.2396,8.2396,8.2396,8.2396,8.2396,8.2396,8.2396,8.2396,8.2396,8.2396,8.2396,8.2396,8.2396,8.2396,8.2396,8.2396,8.2396,8.2396,8.2396,8.2396,8.2396,8.2396,8.2396,8.2396,8.2396,8.2396,8.2396,8.2396,8.2396,8.2396,8.2396,8.2396,8.2396,8.2396,8.2396,8.2396,8.2396,8.2396,8.2396,8.2396,8.2396,8.2396,8.2396,8.2396,8.2396,8.2396,8.2396,8.2396,8.2396,8.2396,8.2396,8.2396,8.2396,8.2396,8.2396,8.2396,8.2396,8.2396,8.2396,8.2396,8.2396,8.2396,8.2396,8.2396,8.2396,8.2396,8.2396,8.2396,8.2396,8.2396,8.2396,8.2396,8.2396,8.2396,8.2396,8.2396,8.2396,8.2396,8.2396,8.2396,8.2396,8.2396,8.2396,8.2396,8.2396,8.2396,8.2396,8.2396,8.2396,8.2396,8.2396,8.2396,8.2396,8.2396,8.2396,8.2396,8.2396,8.2396,8.2396,8.2396,8.2396,8.2396,8.2396,8.2396,8.2396,8.2396,8.2396,8.2396,8.2396,8.2396,8.2396,8.2396,8.2396,8.2396,8.2396,8.2396,8.2396,8.2396,8.2396,8.2396,8.2396,8.2396,8.2396,8.2396,8.2396,8.2396,8.2396,8.2396,8.2396,8.2396,8.2396,8.2396,8.2396,8.2396,8.2396,8.2396,8.2396,8.2396,8.2396,8.2396,8.2396,8.2396,8.2396,8.2396,8.2396,8.2396,8.2396,8.2396,8.2396,8.2396,8.2396,8.2396,8.2396,8.2396,8.2396,8.2396,8.2396,8.2396,8.2396,8.2396,8.2396,8.2396,8.2396,8.2396,8.2396,8.2396,8.2396,8.2396,8.2396,8.2396,8.2396,8.2396,8.2396,8.2396,8.2396,8.2396,8.2396,8.2396,8.2396,8.2396,8.2396,8.2396,8.2396,8.2396,8.2396,8.2396,8.2396,8.2396,8.2396,8.2396,8.2396,8.2396,8.2396,8.2396,8.2396,8.2396,8.2396,8.2396,8.2396,8.2396,8.2396,8.2396,8.2396,8.2396,8.2396,8.2396,8.2396,8.2396,8.2396,8.2396,8.2396,8.2396,8.2396,8.2396,8.2396,8.2396,8.2396,8.2396,8.2396,8.2396,8.2396,8.2396,8.2396,8.2396,8.2396,8.2396,8.2396,8.2396,8.2396,8.2396,8.2396,8.2396,8.2396,8.2396,8.2396,8.2396,8.2396,8.2396,8.2396,8.2396,8.2396,8.2396,8.2396,8.2396,8.2396,8.2396,8.2396,8.2396,8.2396,8.2396,8.2396,8.2396,8.2396,8.2396,8.2396,8.2396,8.2396,8.2396,8.2396,8.2396,8.2396,8.2396,8.2396,8.2396,8.2396,8.2396,8.2396,8.2396,8.2396,8.2396,8.2396,8.2396,8.2396,8.2396,8.2396,8.2396,8.2396,8.2396,8.2396,8.2396,8.2396,8.2396,8.2396,8.2396,8.2396,8.2396,8.2396,8.2396,8.2396,8.2396,8.2396,8.2396,8.2396,8.2396,8.2396,8.2396,8.2396,8.2396,8.2396,8.2396,8.2396,8.2396,8.2396,8.2396,8.2396,8.2396,8.2396,8.2396,8.2396,8.2396,8.2396,8.2396,8.2396,8.2396,8.2396,8.2396,8.2396,8.2396,8.2396,8.2396,8.2396,8.2396,8.2396,8.2396,8.2396,8.2396,8.2396,8.2396,8.2396,8.2396,8.2396,8.2396,8.2396,8.2396,8.2396,8.2396,8.2396,8.2396,8.2396,8.2396,8.2396,8.2396,8.2396,8.2396,8.2396,8.2396,8.2396,8.2396,8.2396,8.2396,8.2396,8.2396,8.2396,8.2396,8.2396,8.2396,8.2396,8.2396,8.2396,8.2396,8.2396,8.2396,8.2396,8.2396,8.2396,8.2396,8.2396,8.2396,8.2396,8.2396,8.2396,8.2396,8.2396,8.2396,8.2396,8.2396,8.2396
8.2320,8.2320,8.2320,8.2320,8.2320,8.2320,8.2320,8.2320,8.2320,8.2320,8.2320,8.2320,8.2320,8.2320,8.2320,8.2320,8.2320,8.2320,8.2320,8.2320,8.2320,8.2320,8.2320,8.2320,8.2320,8.2320,8.2320,8.2320,8.2320,8.2320,8.2320,8.2320,8.2320,8.2320,8.2320,8.2320,8.2320,8.2320,8.2320,8.2320,8.2320,8.2320,8.2320,8.2320,8.2320,8.2320,8.2315,8.2315,8.2315,8.2315,8.2315,8.2315,8.2315,8.2315,8.2315,8.2315,8.2315,8.2315,8.2315,8.2315,8.2315,8.2315,8.2315,8.2315,8.2315,8.2315,8.2315,8.2315,8.2315,8.2315,8.2315,8.2315,8.2315,8.2315,8.2315,8.2315,8.2315,8.2315,8.2315,8.2315,8.2315,8.2315,8.2315,8.2315,8.2315,8.2315,8.2315,8.2315,8.2315,8.2315,8.2315,8.2315,8.2315,8.2315,8.2315,8.2315,8.2315,8.2315,8.2315,8.2315,8.2315,8.2315,8.2315,8.2315,8.2315,8.2315,8.2315,8.2315,8.2315,8.2315,8.2315,8.2315,8.2315,8.2315,8.2315,8.2315,8.2315,8.2315,8.2315,8.2315,8.2315,8.2315,8.2315,8.2315,8.2315,8.2315,8.2315,8.2315,8.2315,8.2315,8.2315,8.2315,8.2315,8.2315,8.2315,8.2315,8.2315,8.2315,8.2315,8.2315,8.2315,8.2315,8.2315,8.2315,8.2315,8.2315,8.2315,8.2315,8.2315,8.2315,8.2315,8.2315,8.2315,8.2315,8.2315,8.2315,8.2315,8.2315,8.2315,8.2315,8.2315,8.2315,8.2315,8.2315,8.2315,8.2315,8.2315,8.2315,8.2315,8.2315,8.2315,8.2315,8.2315,8.2315,8.2315,8.2315,8.2315,8.2315,8.2315,8.2315,8.2315,8.2315,8.2315,8.2315,8.2315,8.2315,8.2315,8.2315,8.2315,8.2315,8.2315,8.2315,8.2315,8.2315,8.2315,8.2315,8.2315,8.2315,8.2315,8.2315,8.2315,8.2315,8.2315,8.2315,8.2315,8.2315,8.2315,8.2315,8.2315,8.2315,8.2315,8.2315,8.2315,8.2315,8.2315,8.2315,8.2315,8.2315,8.2315,8.2315,8.2315,8.2315,8.2315,8.2315,8.2315,8.2315,8.2315,8.2315,8.2315,8.2315,8.2315,8.2315,8.2315,8.2315,8.2315,8.2315,8.2315,8.2315,8.2315,8.2315,8.2315,8.2315,8.2315,8.2315,8.2315,8.2315,8.2315,8.2315,8.2315,8.2315,8.2315,8.2315,8.2315,8.2315,8.2315,8.2315,8.2315,8.2315,8.2315,8.2315,8.2315,8.2315,8.2315,8.2315,8.2315,8.2315,8.2315,8.2315,8.2315,8.2315,8.2315,8.2315,8.2315,8.2315,8.2315,8.2315,8.2315,8.2315,8.2315,8.2315,8.2315,8.2315,8.2315,8.2315,8.2315,8.2315,8.2315,8.2315,8.2315,8.2315,8.2315,8.2315,8.2315,8.2315,8.2315,8.2315,8.2315,8.2315,8.2315,8.2315,8.2315,8.2315,8.2315,8.2315,8.2315,8.2315,8.2315,8.2315,8.2315,8.2315,8.2315,8.2315,8.2315,8.2315,8.2315,8.2315,8.2315,8.2315,8.2315,8.2315,8.2315,8.2315,8.2315,8.2315,8.2315,8.2315,8.2315,8.2315,8.2315,8.2315,8.2315,8.2315,8.2315,8.2315,8.2315,8.2315,8.2315,8.2315,8.2315,8.2315,8.2315,8.2315,8.2315,8.2315,8.2315,8.2315,8.2315,8.2315,8.2315,8.2315,8.2315,8.2315,8.2315,8.2315,8.2315,8.2315,8.2315,8.2315,8.2315,8.2315,8.2315,8.2315,8.2315,8.2315,8.2315,8.2315,8.2315,8.2315,8.2315,8.2315,8.2315,8.2315,8.2315,8.2315,8.2315,8.2315,8.2315,8.2315,8.2315,8.2315,8.2315,8.2315,8.2315,8.2315,8.2315,8.2315,8.2315,8.2315,8.2315,8.2315,8.2315,8.2315,8.2315,8.2315,8.2315,8.2315,8.2315,8.2315,8.2315,8.2315,8.2315,8.2315,8.2315,8.2315,8.2315,8.2315,8.2315,8.2315,8.2315,8.2315,8.2315,8.2315,8.2315,8.2315,8.2315,8.2315,8.2315,8.2315,8.2315,8.2315,8.2315,8.2315,8.2315,8.2315,8.2315,8.2315,8.2315,8.2315,8.2315,8.2315,8.2315,8.2315,8.2315,8.2315,8.2315,8.2315,8.2315,8.2315,8.2315,8.2315,8.2315,8.2315,8.2315,8.2315,8.2315,8.2315,8.2315,8.2315,8.2315,8.2315,8.2315,8.2315,8.2315,8.2315,8.2315,8.2315,8.2315,8.2315,8.2315,8.2315,8.2315,8.2315,8.2315,8.2315,8.2315,8.2315,8.2315,8.2315,8.2315,8.2315,8.2315,8.2315,8.2315,8.2315,8.2315,8.2315,8.2315,8.2315,8.2315,8.2315,8.2315,8.2315,8.2315,8.2315,8.2315,8.2315,8.2315,8.2315,8.2315,8.2315,8.2315,8.2315,8.2315,8.2315,8.2315,8.2315,8.2315,8.2315,8.2315,8.2315,8.2315,8.2315,8.2315,8.2315,8.2315,8.2315,8.2315,8.2315,8.2315,8.2315,8.2315,8.2315,8.2315,8.2315,8.2315,8.2315,8.2315,8.2315,8.2315,8.2315,8.2315,8.2315,8.2315,8.2315,8.2315,8.2315,8.2315,8.2315,8.2315,8.2315,8.2315,8.2315,8.2315,8.2315,8.2315,8.2315,8.2315,8.2315,8.2315,8.2315,8.2315,8.2315,8.2315,8.2315,8.2315,8.2315,8.2315,8.2315,8.2315,8.2315,8.2315,8.2315,8.2315,8.2315,8.2315,8.2315,8.2315,8.2315,8.2315,8.2315,8.2315,8.2315,8.2315,8.2315,8.2315,8.2315,8.2315,8.2315,8.2315,8.2315,8.2315,8.2315,8.2315,8.2315,8.2315,8.2315,8.2315,8.2315,8.2315,8.2315,8.2315,8.2315,8.2315,8.2315,8.2315,8.2315,8.2315,8.2315,8.2315,8.2315,8.2315,8.2315,8.2315,8.2315,8.2315,8.2315,8.2315,8.2315,8.2315,8.2315,8.2315,8.2315,8.2315,8.2315,8.2315,8.2315,8.2315,8.2315,8.2315,8.2315,8.2315,8.2315,8.2315,8.2315,8.2315,8.2315,8.2315,8.2315,8.2315,8.2315,8.2315,8.2315,8.2315,8.2315,8.2315,8.2315,8.2315,8.2315,8.2315,8.2315,8.2315,8.2315,8.2315,8.2315,8.2315,8.2315,8.2315,8.2315,8.2315,8.2315,8.2315,8.2315,8.2315,8.2315,8.2315,8.2315,8.2315,8.2315,8.2315,8.2315,8.2315,8.2315,8.2315,8.2315,8.2315,8.2315,8.2315,8.2315,8.2315,8.2315,8.2315,8.2315,8.2315,8.2315,8.2315,8.2315,8.2315,8.2315,8.2315,8.2315,8.2315,8.2315,8.2315,8.2315,8.2315,8.2315,8.2315,8.2315,8.2315,8.2315,8.2315,8.2315,8.2315,8.2315,8.2315,8.2315,8.2315,8.2315,8.2315,8.2315,8.2315,8.2315,8.2315,8.2315,8.2315,8.2315,8.2315,8.2315,8.2315,8.2315,8.2315,8.2315,8.2315,8.2315,8.2315,8.2315,8.2315,8.2315,8.2315,8.2315,8.2315,8.2315,8.2315,8.2315,8.2315,8.2315,8.2315,8.2315,8.2315,8.2315,8.2315,8.2315,8.2315,8.2315,8.2315,8.2315,8.2315,8.2315,8.2315,8.2315,8.2315,8.2315,8.2315,8.2315,8.2315,8.2315,8.2315,8.2315,8.2315,8.2315,8.2315,8.2315,8.2315,8.2315,8.2315,8.2315,8.2315,8.2315,8.2315,8.2315,8.2315,8.2315,8.2315,8.2315,8.2315,8.2315,8.2315,8.2315,8.2315,8.2315,8.2315,8.2315,8.2315,8.2315,8.2315,8.2315,8.2315,8.2315,8.2315,8.2315,8.2315,8.2315,8.2315,8.2315,8.2315,8.2315,8.2315,8.2315,8.2315,8.2315,8.2315,8.2315,8.2315,8.2315,8.2315,8.2315,8.2315,8.2315,8.2315,8.2315,8.2315,8.2315,8.2315,8.2315,8.2315,8.2315,8.2315,8.2315,8.2315,8.2315,8.2315,8.2315,8.2315,8.2315,8.2315,8.2315,8.2315,8.2315,8.2315,8.2315,8.2315,8.2315,8.2315,8.2315,8.2315,8.2315,8.2315,8.2315,8.2315,8.2315,8.2315,8.2315,8.2315,8.2315,8.2315,8.2315,8.2315,8.2315,8.2315,8.2315,8.2315,8.2315,8.2315,8.2315,8.2315,8.2315,8.2315,8.2315,8.2315,8.2315,8.2315,8.2315,8.2315,8.2315,8.2315,8.2315,8.2315,8.2315,8.2315,8.2315,8.2315,8.2315,8.2315,8.2315,8.2315,8.2315,8.2315,8.2315,8.2315,8.2315,8.2315,8.2315,8.2315,8.2315,8.2315,8.2315,8.2315,8.2315,8.2315,8.2315,8.2315,8.2315,8.2315,8.2315,8.2315,8.2315,8.2315,8.2315,8.2315,8.2315,8.2315,8.2315,8.2315,8.2315,8.2315,8.2315,8.2315,8.2315,8.2315,8.2315,8.2315,8.2315,8.2315,8.2315,8.2315,8.2315,8.2315,8.2315,8.2315,8.2315,8.2315,8.2315,8.2315,8.2315,8.2315,8.2315,8.2315,8.2315,8.2315,8.2315,8.2315,8.2315,8.2315,8.2315,8.2315,8.2315,8.2315,8.2315,8.2315,8.2315,8.2315,8.2315,8.2315,8.2315,8.2315,8.2315,8.2315,8.2315,8.2315,8.2315,8.2315,8.2315,8.2315,8.2315,8.2315,8.2315,8.2315,8.2315,8.2315,8.2315,8.2315,8.2315,8.2315,8.2315,8.2315,8.2315,8.2315,8.2315,8.2315,8.2315,8.2315,8.2315,8.2315,8.2315,8.2315,8.2315,8.2315,8.2315,8.2315,8.2315
8.2243,8.2243,8.2243,8.2243,8.2243,8.2243,8.2243,8.2243,8.2243,8.2243,8.2243,8.2243,8.2243,8.2243,8.2243,8.2243,8.2243,8.2243,8.2243,8.2243,8.2243,8.2243,8.2243,8.2243,8.2243,8.2243,8.2243,8.2243,8.2243,8.2243,8.2243,8.2243,8.2243,8.2243,8.2243,8.2243,8.2243,8.2243,8.2243,8.2243,8.2243,8.2243,8.2243,8.2243,8.2243,8.2243,8.2243,8.2243,8.2243,8.2243,8.2243,8.2243,8.2243,8.2243,8.2243,8.2243,8.2243,8.2243,8.2243,8.2243,8.2243,8.2243,8.2243,8.2243,8.2243,8.2243,8.2243,8.2243,8.2243,8.2243,8.2243,8.2243,8.2243,8.2243,8.2243,8.2243,8.2243,8.2243,8.2243,8.2243,8.2243,8.2243,8.2243,8.2243,8.2243,8.2243,8.2243,8.2243,8.2243,8.2243,8.2243,8.2243,8.2243,8.2243,8.2243,8.2243,8.2243,8.2243,8.2243,8.2243,8.2243,8.2243,8.2243,8.2243,8.2243,8.2243,8.2243,8.2243,8.2243,8.2243,8.2243,8.2243,8.2243,8.2243,8.2243,8.2243,8.2243,8.2243,8.2243,8.2243,8.2243,8.2243,8.2243,8.2243,8.2243,8.2243,8.2243,8.2243,8.2243,8.2243,8.2243,8.2243,8.2243,8.2243,8.2243,8.2243,8.2243,8.2243,8.2243,8.2243,8.2243,8.2243,8.2243,8.2243,8.2243,8.2243,8.2243,8.2243,8.2243,8.2243,8.2243,8.2243,8.2243,8.2243,8.2243,8.2243,8.2243,8.2243,8.2243,8.2243,8.2243,8.2243,8.2243,8.2243,8.2243,8.2243,8.2243,8.2243,8.2243,8.2243,8.2243,8.2243,8.2243,8.2243,8.2243,8.2243,8.2243,8.2243,8.2243,8.2243,8.2243,8.2243,8.2243,8.2243,8.2243,8.2243,8.2243,8.2243,8.2243,8.2243,8.2243,8.2243,8.2243,8.2243,8.2243,8.2243,8.2243,8.2243,8.2243,8.2243,8.2243,8.2243,8.2243,8.2243,8.2243,8.2243,8.2243,8.2243,8.2243,8.2243,8.2243,8.2243,8.2243,8.2243,8.2243,8.2243,8.2243,8.2243,8.2243,8.2243,8.2243,8.2243,8.2243,8.2243,8.2243,8.2243,8.2243,8.2243,8.2243,8.2243,8.2243,8.2243,8.2243,8.2243,8.2243,8.2243,8.2243,8.2243,8.2243,8.2243,8.2243,8.2243,8.2243,8.2243,8.2243,8.2243,8.2243,8.2243,8.2243,8.2243,8.2243,8.2243,8.2243,8.2243,8.2243,8.2243,8.2243,8.2243,8.2243,8.2243,8.2243,8.2243,8.2243,8.2243,8.2243,8.2243,8.2243,8.2243,8.2243,8.2243,8.2243,8.2243,8.2243,8.2243,8.2243,8.2243,8.2243,8.2243,8.2243,8.2243,8.2243,8.2243,8.2243,8.2243,8.2243,8.2243,8.2243,8.2243,8.2243,8.2243,8.2243,8.2243,8.2243,8.2243,8.2243,8.2243,8.2243,8.2243,8.2243,8.2243,8.2243,8.2243,8.2243,8.2243,8.2243,8.2243,8.2243,8.2243,8.2243,8.2243,8.2243,8.2243,8.2243,8.2243,8.2243,8.2243,8.2243,8.2243,8.2243,8.2243,8.2243,8.2243,8.2243,8.2243,8.2243,8.2243,8.2243,8.2243,8.2243,8.2243,8.2243,8.2243,8.2243,8.2243,8.2243,8.2243,8.2243,8.2243,8.2243,8.2243,8.2243,8.2243,8.2243,8.2243,8.2243,8.2243,8.2243,8.2243,8.2243,8.2243,8.2243,8.2243,8.2243,8.2243,8.2243,8.2243,8.2243,8.2243,8.2243,8.2243,8.2243,8.2243,8.2243,8.2243,8.2243,8.2243,8.2243,8.2243,8.2243,8.2243,8.2243,8.2243,8.2243,8.2243,8.2243,8.2243,8.2243,8.2243,8.2243,8.2243,8.2243,8.2243,8.2243,8.2243,8.2243,8.2243,8.2243,8.2243,8.2243,8.2243,8.2243,8.2243,8.2243,8.2243,8.2243,8.2243,8.2243,8.2243,8.2243,8.2243,8.2243,8.2243,8.2243,8.2243,8.2243,8.2243,8.2243,8.2243,8.2243,8.2243,8.2243,8.2243,8.2243,8.2243,8.2243,8.2243,8.2243,8.2243,8.2243,8.2243,8.2243,8.2243,8.2243,8.2243,8.2243,8.2243,8.2243,8.2243,8.2243,8.2243,8.2243,8.2243,8.2243,8.2243,8.2243,8.2243,8.2243,8.2243,8.2243,8.2243,8.2243,8.2243,8.2243,8.2243,8.2243,8.2243,8.2243,8.2243,8.2243,8.2243,8.2243,8.2243,8.2243,8.2243,8.2243,8.2243,8.2243,8.2243,8.2243,8.2243,8.2243,8.2243,8.2243,8.2243,8.2243,8.2243,8.2243,8.2243,8.2243,8.2243,8.2243,8.2243,8.2243,8.2243,8.2243,8.2243,8.2243,8.2243,8.2243,8.2243,8.2243,8.2243,8.2243,8.2243,8.2243,8.2243,8.2243,8.2243,8.2243,8.2243,8.2243,8.2243,8.2243,8.2243,8.2243,8.2243,8.2243,8.2243,8.2243,8.2243,8.2243,8.2243,8.2243,8.2243,8.2243,8.2243,8.2243,8.2243,8.2243,8.2243,8.2243,8.2243,8.2243,8.2243,8.2243,8.2243,8.2243,8.2243,8.2243,8.2243,8.2243,8.2243,8.2243,8.2243,8.2243,8.2243,8.2243,8.2243,8.2243,8.2243,8.2243,8.2243,8.2243,8.2243,8.2243,8.2243,8.2243,8.2243,8.2243,8.2243,8.2243,8.2243,8.2243,8.2243,8.2243,8.2243,8.2243,8.2243,8.2243,8.2243,8.2243,8.2243,8.2243,8.2243,8.2243,8.2243,8.2243,8.2243,8.2243,8.2243,8.2243,8.2243,8.2243,8.2243,8.2243,8.2243,8.2243,8.2243,8.2243,8.2243,8.2243,8.2243,8.2243,8.2243,8.2243,8.2243,8.2243,8.2243,8.2243,8.2243,8.2243,8.2243,8.2243,8.2243,8.2243,8.2243,8.2243,8.2243,8.2243,8.2243,8.2243,8.2243,8.2243,8.2243,8.2243,8.2243,8.2243,8.2243,8.2243,8.2243,8.2243,8.2243,8.2243,8.2243,8.2243,8.2243,8.2243,8.2243,8.2243,8.2243,8.2243,8.2243,8.2243,8.2243,8.2243,8.2243,8.2243,8.2243,8.2243,8.2243,8.2243,8.2243,8.2243,8.2243,8.2243,8.2243,8.2243,8.2243,8.2243,8.2243,8.2243,8.2243,8.2243,8.2243,8.2243,8.2243,8.2243,8.2243,8.2243,8.2243,8.2243,8.2243,8.2243,8.2243,8.2243,8.2243,8.2243,8.2243,8.2243,8.2243,8.2243,8.2243,8.2243,8.2243,8.2243,8.2243,8.2243,8.2243,8.2243,8.2243,8.2243,8.2243,8.2243,8.2243,8.2243,8.2243,8.2243,8.2243,8.2243,8.2243,8.2243,8.2243,8.2243,8.2243,8.2243,8.2243,8.2243,8.2243,8.2243,8.2243,8.2243,8.2243,8.2243,8.2243,8.2243,8.2243,8.2243,8.2243,8.2243,8.2243,8.2243,8.2243,8.2243,8.2243,8.2243,8.2243,8.2243,8.2243,8.2243,8.2243,8.2243,8.2243,8.2243,8.2243,8.2243,8.2243,8.2243,8.2243,8.2243,8.2243,8.2243,8.2243,8.2243,8.2243,8.2243,8.2243,8.2243,8.2243,8.2243,8.2243,8.2243,8.2243,8.2243,8.2243,8.2243,8.2243,8.2243,8.2243,8.2243,8.2243,8.2243,8.2243,8.2243,8.2243,8.2243,8.2243,8.2243,8.2243,8.2243,8.2243,8.2243,8.2243,8.2243,8.2243,8.2243,8.2243,8.2243,8.2243,8.2243,8.2243,8.2243,8.2243,8.2243,8.2243,8.2243,8.2243,8.2243,8.2243,8.2243,8.2243,8.2243,8.2243,8.2243,8.2243,8.2243,8.2243,8.2243,8.2243,8.2243,8.2243,8.2243,8.2243,8.2243,8.2243,8.2243,8.2243,8.2243,8.2243,8.2243,8.2243,8.2243,8.2243,8.2243,8.2243,8.2243,8.2243,8.2243,8.2243,8.2243,8.2243,8.2243,8.2243,8.2243,8.2243,8.2243,8.2243,8.2243,8.2243,8.2243,8.2243,8.2243,8.2243,8.2243,8.2243,8.2243,8.2243,8.2243,8.2243,8.2243,8.2243,8.2243,8.2243,8.2243,8.2243,8.2243,8.2243,8.2243,8.2243,8.2243,8.2243,8.2243,8.2243,8.2243,8.2243,8.2243,8.2243,8.2243,8.2243,8.2243,8.2243,8.2243,8.2243,8.2243,8.2243,8.2243,8.2243,8.2243,8.2243,8.2243,8.2243,8.2243,8.2243,8.2243,8.2243,8.2243,8.2243,8.2243,8.2243,8.2243,8.2243,8.2243,8.2243,8.2243,8.2243,8.2243,8.2243,8.2243,8.2243,8.2243,8.2243,8.2243,8.2243,8.2243,8.2243,8.2243,8.2243,8.2243,8.2243,8.2243,8.2243,8.2243,8.2243,8.2243,8.2243,8.2243,8.2243,8.2243,8.2243,8.2243,8.2243,8.2243,8.2243,8.2243,8.2243,8.2243,8.2243,8.2243,8.2243,8.2243,8.2243,8.2243,8.2243,8.2243,8.2243,8.2243,8.2243,8.2243,8.2243,8.2243,8.2243,8.2243,8.2243,8.2243,8.2243,8.2243,8.2243,8.2243,8.2243,8.2243,8.2243,8.2243,8.2243,8.2243,8.2243,8.2243,8.2243,8.2243,8.2243,8.2243,8.2243,8.2243,8.2243,8.2243,8.2243,8.2243,8.2243,8.2243,8.2243,8.2243,8.2243,8.2243,8.2243,8.2243,8.2243,8.2243,8.2243,8.2243,8.2243,8.2243,8.2243,8.2243,8.2243,8.2243,8.2243,8.2243,8.2243,8.2243,8.2243,8.2243,8.2243,8.2243,8.2243,8.2243,8.2243,8.2243,8.2243,8.2243,8.2243,8.2243,8.2243
8.2170,8.2170,8.2170,8.2170,8.2170,8.2170,8.2170,8.2170,8.2170,8.2170,8.2170,8.2170,8.2170,8.2170,8.2170,8.2170,8.2170,8.2170,8.2170,8.2170,8.2170,8.2170,8.2170,8.2170,8.2170,8.2170,8.2170,8.2170,8.2170,8.2170,8.2170,8.2170,8.2170,8.2170,8.2170,8.2170,8.2170,8.2170,8.2170,8.2170,8.2170,8.2170,8.2170,8.2170,8.2170,8.2170,8.2170,8.2170,8.2170,8.2170,8.2170,8.2170,8.2170,8.2170,8.2170,8.2170,8.2170,8.2170,8.2170,8.2170,8.2170,8.2170,8.2170,8.2170,8.2170,8.2170,8.2170,8.2170,8.2170,8.2170,8.2170,8.2170,8.2170,8.2170,8.2170,8.2170,8.2170,8.2170,8.2170,8.2170,8.2170,8.2170,8.2170,8.2170,8.2170,8.2170,8.2170,8.2170,8.2170,8.2170,8.2170,8.2170,8.2170,8.2170,8.2170,8.2170,8.2170,8.2170,8.2170,8.2170,8.2170,8.2170,8.2170,8.2170,8.2170,8.2170,8.2170,8.2170,8.2170,8.2170,8.2170,8.2170,8.2170,8.2170,8.2170,8.2170,8.2170,8.2170,8.2170,8.2170,8.2170,8.2170,8.2170,8.2170,8.2170,8.2170,8.2170,8.2170,8.2170,8.2170,8.2170,8.2170,8.2170,8.2170,8.2170,8.2170,8.2170,8.2170,8.2170,8.2170,8.2170,8.2170,8.2170,8.2170,8.2170,8.2170,8.2170,8.2170,8.2170,8.2170,8.2170,8.2170,8.2170,8.2170,8.2170,8.2170,8.2170,8.2170,8.2170,8.2170,8.2170,8.2170,8.2170,8.2170,8.2170,8.2170,8.2170,8.2170,8.2170,8.2170,8.2170,8.2170,8.2170,8.2170,8.2170,8.2170,8.2170,8.2170,8.2170,8.2170,8.2170,8.2170,8.2170,8.2170,8.2170,8.2170,8.2170,8.2170,8.2170,8.2170,8.2170,8.2170,8.2170,8.2170,8.2170,8.2170,8.2170,8.2170,8.2170,8.2170,8.2170,8.2170,8.2170,8.2170,8.2170,8.2170,8.2170,8.2170,8.2170,8.2170,8.2170,8.2170,8.2170,8.2170,8.2170,8.2170,8.2170,8.2170,8.2170,8.2170,8.2170,8.2170,8.2170,8.2170,8.2170,8.2170,8.2170,8.2170,8.2170,8.2170,8.2170,8.2170,8.2170,8.2170,8.2170,8.2170,8.2170,8.2170,8.2170,8.2170,8.2170,8.2170,8.2170,8.2170,8.2170,8.2170,8.2170,8.2170,8.2170,8.2170,8.2170,8.2170,8.2170,8.2170,8.2170,8.2170,8.2170,8.2170,8.2170,8.2170,8.2170,8.2170,8.2170,8.2170,8.2170,8.2170,8.2170,8.2170,8.2170,8.2170,8.2170,8.2170,8.2170,8.2170,8.2170,8.2170,8.2170,8.2170,8.2170,8.2170,8.2170,8.2170,8.2170,8.2170,8.2170,8.2170,8.2170,8.2170,8.2170,8.2170,8.2170,8.2170,8.2170,8.2170,8.2170,8.2170,8.2170,8.2170,8.2170,8.2170,8.2170,8.2170,8.2170,8.2170,8.2170,8.2170,8.2170,8.2170,8.2170,8.2170,8.2170,8.2170,8.2170,8.2170,8.2170,8.2170,8.2170,8.2170,8.2170,8.2170,8.2170,8.2170,8.2170,8.2170,8.2170,8.2170,8.2170,8.2170,8.2170,8.2170,8.2170,8.2170,8.2170,8.2170,8.2170,8.2170,8.2170,8.2170,8.2170,8.2170,8.2170,8.2170,8.2170,8.2170,8.2170,8.2170,8.2170,8.2170,8.2170,8.2170,8.2170,8.2170,8.2170,8.2170,8.2170,8.2170,8.2170,8.2170,8.2170,8.2170,8.2170,8.2170,8.2170,8.2170,8.2170,8.2170,8.2170,8.2170,8.2170,8.2170,8.2170,8.2170,8.2170,8.2170,8.2170,8.2170,8.2170,8.2170,8.2170,8.2170,8.2170,8.2170,8.2170,8.2170,8.2170,8.2170,8.2170,8.2170,8.2170,8.2170,8.2170,8.2170,8.2170,8.2170,8.2170,8.2170,8.2170,8.2170,8.2170,8.2170,8.2170,8.2170,8.2170,8.2170,8.2170,8.2170,8.2170,8.2170,8.2170,8.2170,8.2170,8.2170,8.2170,8.2170,8.2170,8.2170,8.2170,8.2170,8.2170,8.2170,8.2170,8.2170,8.2170,8.2170,8.2170,8.2170,8.2170,8.2170,8.2170,8.2170,8.2170,8.2170,8.2170,8.2170,8.2170,8.2170,8.2170,8.2170,8.2170,8.2170,8.2170,8.2170,8.2170,8.2170,8.2170,8.2170,8.2170,8.2170,8.2170,8.2170,8.2170,8.2170,8.2170,8.2170,8.2170,8.2170,8.2170,8.2170,8.2170,8.2170,8.2170,8.2170,8.2170,8.2170,8.2170,8.2170,8.2170,8.2170,8.2170,8.2170,8.2170,8.2170,8.2170,8.2170,8.2170,8.2170,8.2170,8.2170,8.2170,8.2170,8.2170,8.2170,8.2170,8.2170,8.2170,8.2170,8.2170,8.2170,8.2170,8.2170,8.2170,8.2170,8.2170,8.2170,8.2170,8.2170,8.2170,8.2170,8.2170,8.2170,8.2170,8.2170,8.2170,8.2170,8.2170,8.2170,8.2170,8.2170,8.2170,8.2170,8.2170,8.2170,8.2170,8.2170,8.2170,8.2170,8.2170,8.2170,8.2170,8.2170,8.2170,8.2170,8.2170,8.2170,8.2170,8.2170,8.2170,8.2170,8.2170,8.2170,8.2170,8.2170,8.2170,8.2170,8.2170,8.2170,8.2170,8.2170,8.2170,8.2170,8.2170,8.2170,8.2170,8.2170,8.2170,8.2170,8.2170,8.2170,8.2170,8.2170,8.2170,8.2170,8.2170,8.2170,8.2170,8.2170,8.2170,8.2170,8.2170,8.2170,8.2170,8.2170,8.2170,8.2170,8.2170,8.2170,8.2170,8.2170,8.2170,8.2170,8.2170,8.2170,8.2170,8.2170,8.2170,8.2170,8.2170,8.2170,8.2170,8.2170,8.2170,8.2170,8.2170,8.2170,8.2170,8.2170,8.2170,8.2170,8.2170,8.2170,8.2170,8.2170,8.2170,8.2170,8.2170,8.2170,8.2170,8.2170,8.2170,8.2170,8.2170,8.2170,8.2170,8.2170,8.2170,8.2170,8.2170,8.2170,8.2170,8.2170,8.2170,8.2170,8.2170,8.2170,8.2170,8.2170,8.2170,8.2170,8.2170,8.2170,8.2170,8.2170,8.2170,8.2170,8.2170,8.2170,8.2170,8.2170,8.2170,8.2170,8.2170,8.2170,8.2170,8.2170,8.2170,8.2170,8.2170,8.2170,8.2170,8.2170,8.2170,8.2170,8.2170,8.2170,8.2170,8.2170,8.2170,8.2170,8.2170,8.2170,8.2170,8.2170,8.2170,8.2170,8.2170,8.2170,8.2170,8.2170,8.2170,8.2170,8.2170,8.2170,8.2170,8.2170,8.2170,8.2170,8.2170,8.2170,8.2170,8.2170,8.2170,8.2170,8.2170,8.2170,8.2170,8.2170,8.2170,8.2170,8.2170,8.2170,8.2170,8.2170,8.2170,8.2170,8.2170,8.2170,8.2170,8.2170,8.2170,8.2170,8.2170,8.2170,8.2170,8.2170,8.2170,8.2170,8.2170,8.2170,8.2170,8.2170,8.2170,8.2170,8.2170,8.2170,8.2170,8.2170,8.2170,8.2170,8.2170,8.2170,8.2170,8.2170,8.2170,8.2170,8.2170,8.2170,8.2170,8.2170,8.2170,8.2170,8.2170,8.2170,8.2170,8.2170,8.2170,8.2170,8.2170,8.2170,8.2170,8.2170,8.2170,8.2170,8.2170,8.2170,8.2170,8.2170,8.2170,8.2170,8.2170,8.2170,8.2170,8.2170,8.2170,8.2170,8.2170,8.2170,8.2170,8.2170,8.2170,8.2170,8.2170,8.2170,8.2170,8.2170,8.2170,8.2170,8.2170,8.2170,8.2170,8.2170,8.2170,8.2170,8.2170,8.2170,8.2170,8.2170,8.2170,8.2170,8.2170,8.2170,8.2170,8.2170,8.2170,8.2170,8.2170,8.2170,8.2170,8.2170,8.2170,8.2170,8.2170,8.2170,8.2170,8.2170,8.2170,8.2170,8.2170,8.2170,8.2170,8.2170,8.2170,8.2170,8.2170,8.2170,8.2170,8.2170,8.2170,8.2170,8.2170,8.2170,8.2170,8.2170,8.2170,8.2170,8.2170,8.2170,8.2170,8.2170,8.2170,8.2170,8.2170,8.2170,8.2170,8.2170,8.2170,8.2170,8.2170,8.2170,8.2170,8.2170,8.2170,8.2170,8.2170,8.2170,8.2170,8.2170,8.2170,8.2170,8.2170,8.2170,8.2170,8.2170,8.2170,8.2170,8.2170,8.2170,8.2170,8.2170,8.2170,8.2170,8.2170,8.2170,8.2170,8.2170,8.2170,8.2170,8.2170,8.2170,8.2170,8.2170,8.2170,8.2170,8.2170,8.2170,8.2170,8.2170,8.2170,8.2170,8.2170,8.2170,8.2170,8.2170,8.2170,8.2170,8.2170,8.2170,8.2170,8.2170,8.2170,8.2170,8.2170,8.2170,8.2170,8.2170,8.2170,8.2170,8.2170,8.2170,8.2170,8.2170,8.2170,8.2170,8.2170,8.2170,8.2170,8.2170,8.2170,8.2170,8.2170,8.2170,8.2170,8.2170,8.2170,8.2170,8.2170,8.2170,8.2170,8.2170,8.2170,8.2170,8.2170,8.2170,8.2170,8.2170,8.2170,8.2170,8.2170,8.2170,8.2170,8.2170,8.2170,8.2170,8.2170,8.2170,8.2170,8.2170,8.2170,8.2170,8.2170,8.2170,8.2170,8.2170,8.2170,8.2170,8.2170,8.2170,8.2170,8.2170,8.2170,8.2170,8.2170,8.2170,8.2170,8.2170,8.2170,8.2170,8.2170,8.2170,8.2170,8.2170,8.2170,8.2170,8.2170,8.2170,8.2170,8.2170,8.2170,8.2170,8.2170,8.2170,8.2170,8.2170,8.2170,8.2170,8.2170,8.2170,8.2170,8.2170,8.2170,8.2170
8.2086,8.2086,8.2086,8.2086,8.2086,8.2086,8.2086,8.2086,8.2086,8.2086,8.2086,8.2086,8.2086,8.2086,8.2086,8.2086,8.2086,8.2086,8.2086,8.2086,8.2086,8.2086,8.2086,8.2086,8.2086,8.2086,8.2086,8.2086,8.2086,8.2086,8.2086,8.2086,8.2086,8.2086,8.2086,8.2086,8.2086,8.2086,8.2086,8.2086,8.2086,8.2086,8.2086,8.2086,8.2086,8.2086,8.2086,8.2086,8.2086,8.2086,8.2086,8.2086,8.2086,8.2086,8.2086,8.2086,8.2086,8.2086,8.2086,8.2086,8.2086,8.2086,8.2086,8.2086,8.2086,8.2086,8.2086,8.2086,8.2086,8.2086,8.2086,8.2086,8.2086,8.2086,8.2086,8.2086,8.2086,8.2086,8.2086,8.2086,8.2086,8.2086,8.2086,8.2086,8.2086,8.2086,8.2086,8.2086,8.2086,8.2086,8.2086,8.2086,8.2086,8.2086,8.2086,8.2086,8.2086,8.2086,8.2086,8.2086,8.2086,8.2086,8.2086,8.2086,8.2086,8.2086,8.2086,8.2086,8.2086,8.2086,8.2086,8.2086,8.2086,8.2086,8.2086,8.2086,8.2086,8.2086,8.2086,8.2086,8.2086,8.2086,8.2086,8.2086,8.2086,8.2086,8.2086,8.2086,8.2086,8.2086,8.2086,8.2086,8.2086,8.2086,8.2086,8.2086,8.2086,8.2086,8.2086,8.2086,8.2086,8.2086,8.2086,8.2086,8.2086,8.2086,8.2086,8.2086,8.2086,8.2086,8.2086,8.2086,8.2086,8.2086,8.2086,8.2086,8.2086,8.2086,8.2086,8.2086,8.2086,8.2086,8.2086,8.2086,8.2086,8.2086,8.2086,8.2086,8.2086,8.2086,8.2086,8.2086,8.2086,8.2086,8.2086,8.2086,8.2086,8.2086,8.2086,8.2086,8.2086,8.2086,8.2086,8.2086,8.2086,8.2086,8.2086,8.2086,8.2086,8.2086,8.2086,8.2086,8.2086,8.2086,8.2086,8.2086,8.2086,8.2086,8.2086,8.2086,8.2086,8.2086,8.2086,8.2086,8.2086,8.2086,8.2086,8.2086,8.2086,8.2086,8.2086,8.2086,8.2086,8.2086,8.2086,8.2086,8.2086,8.2086,8.2086,8.2086,8.2086,8.2086,8.2086,8.2086,8.2086,8.2086,8.2086,8.2086,8.2086,8.2086,8.2086,8.2086,8.2086,8.2086,8.2086,8.2086,8.2086,8.2086,8.2086,8.2086,8.2086,8.2086,8.2086,8.2086,8.2086,8.2086,8.2086,8.2086,8.2086,8.2086,8.2086,8.2086,8.2086,8.2086,8.2086,8.2086,8.2086,8.2086,8.2086,8.2086,8.2086,8.2086,8.2086,8.2086,8.2086,8.2086,8.2086,8.2086,8.2086,8.2086,8.2086,8.2086,8.2086,8.2086,8.2086,8.2086,8.2086,8.2086,8.2086,8.2086,8.2086,8.2086,8.2086,8.2086,8.2086,8.2086,8.2086,8.2086,8.2086,8.2086,8.2086,8.2086,8.2086,8.2086,8.2086,8.2086,8.2086,8.2086,8.2086,8.2086,8.2086,8.2086,8.2086,8.2086,8.2086,8.2086,8.2086,8.2086,8.2086,8.2086,8.2086,8.2086,8.2086,8.2086,8.2086,8.2086,8.2086,8.2086,8.2086,8.2086,8.2086,8.2086,8.2086,8.2086,8.2086,8.2086,8.2086,8.2086,8.2086,8.2086,8.2086,8.2086,8.2086,8.2086,8.2086,8.2086,8.2086,8.2086,8.2086,8.2086,8.2086,8.2086,8.2086,8.2086,8.2086,8.2086,8.2086,8.2086,8.2086,8.2086,8.2086,8.2086,8.2086,8.2086,8.2086,8.2086,8.2086,8.2086,8.2086,8.2086,8.2086,8.2086,8.2086,8.2086,8.2086,8.2086,8.2086,8.2086,8.2086,8.2086,8.2086,8.2086,8.2086,8.2086,8.2086,8.2086,8.2086,8.2086,8.2086,8.2086,8.2086,8.2086,8.2086,8.2086,8.2086,8.2086,8.2086,8.2086,8.2086,8.2086,8.2086,8.2086,8.2086,8.2086,8.2086,8.2086,8.2086,8.2086,8.2086,8.2086,8.2086,8.2086,8.2086,8.2086,8.2086,8.2086,8.2086,8.2086,8.2086,8.2086,8.2086,8.2086,8.2086,8.2086,8.2086,8.2086,8.2086,8.2086,8.2086,8.2086,8.2086,8.2086,8.2086,8.2086,8.2086,8.2086,8.2086,8.2086,8.2086,8.2086,8.2086,8.2086,8.2086,8.2086,8.2086,8.2086,8.2086,8.2086,8.2086,8.2086,8.2086,8.2086,8.2086,8.2086,8.2086,8.2086,8.2086,8.2086,8.2086,8.2086,8.2086,8.2086,8.2086,8.2086,8.2086,8.2086,8.2086,8.2086,8.2086,8.2086,8.2086,8.2086,8.2086,8.2086,8.2086,8.2086,8.2086,8.2086,8.2086,8.2086,8.2086,8.2086,8.2086,8.2086,8.2086,8.2086,8.2086,8.2086,8.2086,8.2086,8.2086,8.2086,8.2086,8.2086,8.2086,8.2086,8.2086,8.2086,8.2086,8.2086,8.2086,8.2086,8.2086,8.2086,8.2086,8.2086,8.2086,8.2086,8.2086,8.2086,8.2086,8.2086,8.2086,8.2086,8.2086,8.2086,8.2086,8.2086,8.2086,8.2086,8.2086,8.2086,8.2086,8.2086,8.2086,8.2086,8.2086,8.2086,8.2086,8.2086,8.2086,8.2086,8.2086,8.2086,8.2086,8.2086,8.2086,8.2086,8.2086,8.2086,8.2086,8.2086,8.2086,8.2086,8.2086,8.2086,8.2086,8.2086,8.2086,8.2086,8.2086,8.2086,8.2086,8.2086,8.2086,8.2086,8.2086,8.2086,8.2086,8.2086,8.2086,8.2086,8.2086,8.2086,8.2086,8.2086,8.2086,8.2086,8.2086,8.2086,8.2086,8.2086,8.2086,8.2086,8.2086,8.2086,8.2086,8.2086,8.2086,8.2086,8.2086,8.2086,8.2086,8.2086,8.2086,8.2086,8.2086,8.2086,8.2086,8.2086,8.2086,8.2086,8.2086,8.2086,8.2086,8.2086,8.2086,8.2086,8.2086,8.2086,8.2086,8.2086,8.2086,8.2086,8.2086,8.2086,8.2086,8.2086,8.2086,8.2086,8.2086,8.2086,8.2086,8.2086,8.2086,8.2086,8.2086,8.2086,8.2086,8.2086,8.2086,8.2086,8.2086,8.2086,8.2086,8.2086,8.2086,8.2086,8.2086,8.2086,8.2086,8.2086,8.2086,8.2086,8.2086,8.2086,8.2086,8.2086,8.2086,8.2086,8.2086,8.2086,8.2086,8.2086,8.2086,8.2086,8.2086,8.2086,8.2086,8.2086,8.2086,8.2086,8.2086,8.2086,8.2086,8.2086,8.2086,8.2086,8.2086,8.2086,8.2086,8.2086,8.2086,8.2086,8.2086,8.2086,8.2086,8.2086,8.2086,8.2086,8.2086,8.2086,8.2086,8.2086,8.2086,8.2086,8.2086,8.2086,8.2086,8.2086,8.2086,8.2086,8.2086,8.2086,8.2086,8.2086,8.2086,8.2086,8.2086,8.2086,8.2086,8.2086,8.2086,8.2086,8.2086,8.2086,8.2086,8.2086,8.2086,8.2086,8.2086,8.2086,8.2086,8.2086,8.2086,8.2086,8.2086,8.2086,8.2086,8.2086,8.2086,8.2086,8.2086,8.2086,8.2086,8.2086,8.2086,8.2086,8.2086,8.2086,8.2086,8.2086,8.2086,8.2086,8.2086,8.2086,8.2086,8.2086,8.2086,8.2086,8.2086,8.2086,8.2086,8.2086,8.2086,8.2086,8.2086,8.2086,8.2086,8.2086,8.2086,8.2086,8.2086,8.2086,8.2086,8.2086,8.2086,8.2086,8.2086,8.2086,8.2086,8.2086,8.2086,8.2086,8.2086,8.2086,8.2086,8.2086,8.2086,8.2086,8.2086,8.2086,8.2086,8.2086,8.2086,8.2086,8.2086,8.2086,8.2086,8.2086,8.2086,8.2086,8.2086,8.2086,8.2086,8.2086,8.2086,8.2086,8.2086,8.2086,8.2086,8.2086,8.2086,8.2086,8.2086,8.2086,8.2086,8.2086,8.2086,8.2086,8.2086,8.2086,8.2086,8.2086,8.2086,8.2086,8.2086,8.2086,8.2086,8.2086,8.2086,8.2086,8.2086,8.2086,8.2086,8.2086,8.2086,8.2086,8.2086,8.2086,8.2086,8.2086,8.2086,8.2086,8.2086,8.2086,8.2086,8.2086,8.2086,8.2086,8.2086,8.2086,8.2086,8.2086,8.2086,8.2086,8.2086,8.2086,8.2086,8.2086,8.2086,8.2086,8.2086,8.2086,8.2086,8.2086,8.2086,8.2086,8.2086,8.2086,8.2086,8.2086,8.2086,8.2086,8.2086,8.2086,8.2086,8.2086,8.2086,8.2086,8.2086,8.2086,8.2086,8.2086,8.2086,8.2086,8.2086,8.2086,8.2086,8.2086,8.2086,8.2086,8.2086,8.2086,8.2086,8.2086,8.2086,8.2086,8.2086,8.2086,8.2086,8.2086,8.2086,8.2086,8.2086,8.2086,8.2086,8.2086,8.2086,8.2086,8.2086,8.2086,8.2086,8.2086,8.2086,8.2086,8.2086,8.2086,8.2086,8.2086,8.2086,8.2086,8.2086,8.2086,8.2086,8.2086,8.2086,8.2086,8.2086,8.2086,8.2086,8.2086,8.2086,8.2086,8.2086,8.2086,8.2086,8.2086,8.2086,8.2086,8.2086,8.2086,8.2086,8.2086,8.2086,8.2086,8.2086,8.2086,8.2086,8.2086,8.2086,8.2086,8.2086,8.2086,8.2086,8.2086,8.2086,8.2086,8.2086,8.2086,8.2086,8.2086,8.2086,8.2086,8.2086,8.2086,8.2086,8.2086,8.2086,8.2086,8.2086,8.2086,8.2086,8.2086,8.2086,8.2086,8.2086,8.2086,8.2086,8.2086,8.2086,8.2086,8.2086,8.2086,8.2086,8.2086,8.2086,8.2086,8.2086,8.2086,8.2086,8.2086,8.2086,8.2086,8.2086,8.2086,8.2086,8.2086,8.2086,8.2086
8.2018,8.2018,8.2018,8.2018,8.2018,8.2018,8.2018,8.2018,8.2018,8.2018,8.2018,8.2018,8.2018,8.2018,8.2018,8.2018,8.2018,8.2018,8.2018,8.2018,8.2018,8.2018,8.2018,8.2018,8.2018,8.2018,8.2018,8.2018,8.2018,8.2018,8.2018,8.2018,8.2018,8.2018,8.2018,8.2018,8.2018,8.2018,8.2018,8.2018,8.2018,8.2018,8.2018,8.2018,8.2018,8.2018,8.2018,8.2018,8.2018,8.2018,8.2018,8.2018,8.2018,8.2018,8.2018,8.2018,8.2018,8.2018,8.2018,8.2018,8.2018,8.2018,8.2018,8.2018,8.2018,8.2018,8.2018,8.2018,8.2018,8.2018,8.2018,8.2018,8.2018,8.2018,8.2018,8.2018,8.2018,8.2018,8.2018,8.2018,8.2018,8.2018,8.2018,8.2018,8.2018,8.2018,8.2018,8.2018,8.2018,8.2018,8.2018,8.2018,8.2018,8.2018,8.2018,8.2018,8.2018,8.2018,8.2018,8.2018,8.2018,8.2018,8.2018,8.2018,8.2018,8.2018,8.2018,8.2018,8.2018,8.2018,8.2018,8.2018,8.2018,8.2018,8.2018,8.2018,8.2018,8.2018,8.2018,8.2018,8.2018,8.2018,8.2018,8.2018,8.2018,8.2018,8.2018,8.2018,8.2018,8.2018,8.2018,8.2018,8.2018,8.2018,8.2018,8.2018,8.2018,8.2018,8.2018,8.2018,8.2018,8.2018,8.2018,8.2018,8.2018,8.2018,8.2018,8.2018,8.2018,8.2018,8.2018,8.2018,8.2018,8.2018,8.2018,8.2018,8.2018,8.2018,8.2018,8.2018,8.2018,8.2018,8.2018,8.2018,8.2018,8.2018,8.2018,8.2018,8.2018,8.2018,8.2018,8.2018,8.2018,8.2018,8.2018,8.2018,8.2018,8.2018,8.2018,8.2018,8.2018,8.2018,8.2018,8.2018,8.2018,8.2018,8.2018,8.2018,8.2018,8.2018,8.2018,8.2018,8.2018,8.2018,8.2018,8.2018,8.2018,8.2018,8.2018,8.2018,8.2018,8.2018,8.2018,8.2018,8.2018,8.2018,8.2018,8.2018,8.2018,8.2018,8.2018,8.2018,8.2018,8.2018,8.2018,8.2018,8.2018,8.2018,8.2018,8.2018,8.2018,8.2018,8.2018,8.2018,8.2018,8.2018,8.2018,8.2018,8.2018,8.2018,8.2018,8.2018,8.2018,8.2018,8.2018,8.2018,8.2018,8.2018,8.2018,8.2018,8.2018,8.2018,8.2018,8.2018,8.2018,8.2018,8.2018,8.2018,8.2018,8.2018,8.2018,8.2018,8.2018,8.2018,8.2018,8.2018,8.2018,8.2018,8.2018,8.2018,8.2018,8.2018,8.2018,8.2018,8.2018,8.2018,8.2018,8.2018,8.2018,8.2018,8.2018,8.2018,8.2018,8.2018,8.2018,8.2018,8.2018,8.2018,8.2018,8.2018,8.2018,8.2018,8.2018,8.2018,8.2018,8.2018,8.2018,8.2018,8.2018,8.2018,8.2018,8.2018,8.2018,8.2018,8.2018,8.2018,8.2018,8.2018,8.2018,8.2018,8.2018,8.2018,8.2018,8.2018,8.2018,8.2018,8.2018,8.2018,8.2018,8.2018,8.2018,8.2018,8.2018,8.2018,8.2018,8.2018,8.2018,8.2018,8.2018,8.2018,8.2018,8.2018,8.2018,8.2018,8.2018,8.2018,8.2018,8.2018,8.2018,8.2018,8.2018,8.2018,8.2018,8.2018,8.2018,8.2018,8.2018,8.2018,8.2018,8.2018,8.2018,8.2018,8.2018,8.2018,8.2018,8.2018,8.2018,8.2018,8.2018,8.2018,8.2018,8.2018,8.2018,8.2018,8.2018,8.2018,8.2018,8.2018,8.2018,8.2018,8.2018,8.2018,8.2018,8.2018,8.2018,8.2018,8.2018,8.2018,8.2018,8.2018,8.2018,8.2018,8.2018,8.2018,8.2018,8.2018,8.2018,8.2018,8.2018,8.2018,8.2018,8.2018,8.2018,8.2018,8.2018,8.2018,8.2018,8.2018,8.2018,8.2018,8.2018,8.2018,8.2018,8.2018,8.2018,8.2018,8.2018,8.2018,8.2018,8.2018,8.2018,8.2018,8.2018,8.2018,8.2018,8.2018,8.2018,8.2018,8.2018,8.2018,8.2018,8.2018,8.2018,8.2018,8.2018,8.2018,8.2018,8.2018,8.2018,8.2018,8.2018,8.2018,8.2018,8.2018,8.2018,8.2018,8.2018,8.2018,8.2018,8.2018,8.2018,8.2018,8.2018,8.2018,8.2018,8.2018,8.2018,8.2018,8.2018,8.2018,8.2018,8.2018,8.2018,8.2018,8.2018,8.2018,8.2018,8.2018,8.2018,8.2018,8.2018,8.2018,8.2018,8.2018,8.2018,8.2018,8.2018,8.2018,8.2018,8.2018,8.2018,8.2018,8.2018,8.2018,8.2018,8.2018,8.2018,8.2018,8.2018,8.2018,8.2018,8.2018,8.2018,8.2018,8.2018,8.2018,8.2018,8.2018,8.2018,8.2018,8.2018,8.2018,8.2018,8.2018,8.2018,8.2018,8.2018,8.2018,8.2018,8.2018,8.2018,8.2018,8.2018,8.2018,8.2018,8.2018,8.2018,8.2018,8.2018,8.2018,8.2018,8.2018,8.2018,8.2018,8.2018,8.2018,8.2018,8.2018,8.2018,8.2018,8.2018,8.2018,8.2018,8.2018,8.2018,8.2018,8.2018,8.2018,8.2018,8.2018,8.2018,8.2018,8.2018,8.2018,8.2018,8.2018,8.2018,8.2018,8.2018,8.2018,8.2018,8.2018,8.2018,8.2018,8.2018,8.2018,8.2018,8.2018,8.2018,8.2018,8.2018,8.2018,8.2018,8.2018,8.2018,8.2018,8.2018,8.2018,8.2018,8.2018,8.2018,8.2018,8.2018,8.2018,8.2018,8.2018,8.2018,8.2018,8.2018,8.2018,8.2018,8.2018,8.2018,8.2018,8.2018,8.2018,8.2018,8.2018,8.2018,8.2018,8.2018,8.2018,8.2018,8.2018,8.2018,8.2018,8.2018,8.2018,8.2018,8.2018,8.2018,8.2018,8.2018,8.2018,8.2018,8.2018,8.2018,8.2018,8.2018,8.2018,8.2018,8.2018,8.2018,8.2018,8.2018,8.2018,8.2018,8.2018,8.2018,8.2018,8.2018,8.2018,8.2018,8.2018,8.2018,8.2018,8.2018,8.2018,8.2018,8.2018,8.2018,8.2018,8.2018,8.2018,8.2018,8.2018,8.2018,8.2018,8.2018,8.2018,8.2018,8.2018,8.2018,8.2018,8.2018,8.2018,8.2018,8.2018,8.2018,8.2018,8.2018,8.2018,8.2018,8.2018,8.2018,8.2018,8.2018,8.2018,8.2018,8.2018,8.2018,8.2018,8.2018,8.2018,8.2018,8.2018,8.2018,8.2018,8.2018,8.2018,8.2018,8.2018,8.2018,8.2018,8.2018,8.2018,8.2018,8.2018,8.2018,8.2018,8.2018,8.2018,8.2018,8.2018,8.2018,8.2018,8.2018,8.2018,8.2018,8.2018,8.2018,8.2018,8.2018,8.2018,8.2018,8.2018,8.2018,8.2018,8.2018,8.2018,8.2018,8.2018,8.2018,8.2018,8.2018,8.2018,8.2018,8.2018,8.2018,8.2018,8.2018,8.2018,8.2018,8.2018,8.2018,8.2018,8.2018,8.2018,8.2018,8.2018,8.2018,8.2018,8.2018,8.2018,8.2018,8.2018,8.2018,8.2018,8.2018,8.2018,8.2018,8.2018,8.2018,8.2018,8.2018,8.2018,8.2018,8.2018,8.2018,8.2018,8.2018,8.2018,8.2018,8.2018,8.2018,8.2018,8.2018,8.2018,8.2018,8.2018,8.2018,8.2018,8.2018,8.2018,8.2018,8.2018,8.2018,8.2018,8.2018,8.2018,8.2018,8.2018,8.2018,8.2018,8.2018,8.2018,8.2018,8.2018,8.2018,8.2018,8.2018,8.2018,8.2018,8.2018,8.2018,8.2018,8.2018,8.2018,8.2018,8.2018,8.2018,8.2018,8.2018,8.2018,8.2018,8.2018,8.2018,8.2018,8.2018,8.2018,8.2018,8.2018,8.2018,8.2018,8.2018,8.2018,8.2018,8.2018,8.2018,8.2018,8.2018,8.2018,8.2018,8.2018,8.2018,8.2018,8.2018,8.2018,8.2018,8.2018,8.2018,8.2018,8.2018,8.2018,8.2018,8.2018,8.2018,8.2018,8.2018,8.2018,8.2018,8.2018,8.2018,8.2018,8.2018,8.2018,8.2018,8.2018,8.2018,8.2018,8.2018,8.2018,8.2018,8.2018,8.2018,8.2018,8.2018,8.2018,8.2018,8.2018,8.2018,8.2018,8.2018,8.2018,8.2018,8.2018,8.2018,8.2018,8.2018,8.2018,8.2018,8.2018,8.2018,8.2018,8.2018,8.2018,8.2018,8.2018,8.2018,8.2018,8.2018,8.2018,8.2018,8.2018,8.2018,8.2018,8.2018,8.2018,8.2018,8.2018,8.2018,8.2018,8.2018,8.2018,8.2018,8.2018,8.2018,8.2018,8.2018,8.2018,8.2018,8.2018,8.2018,8.2018,8.2018,8.2018,8.2018,8.2018,8.2018,8.2018,8.2018,8.2018,8.2018,8.2018,8.2018,8.2018,8.2018,8.2018,8.2018,8.2018,8.2018,8.2018,8.2018,8.2018,8.2018,8.2018,8.2018,8.2018,8.2018,8.2018,8.2018,8.2018,8.2018,8.2018,8.2018,8.2018,8.2018,8.2018,8.2018,8.2018,8.2018,8.2018,8.2018,8.2018,8.2018,8.2018,8.2018,8.2018,8.2018,8.2018,8.2018,8.2018,8.2018,8.2018,8.2018,8.2018,8.2018,8.2018,8.2018,8.2018,8.2018,8.2018,8.2018,8.2018,8.2018,8.2018,8.2018,8.2018,8.2018,8.2018,8.2018,8.2018,8.2018,8.2018,8.2018,8.2018,8.2018,8.2018,8.2018,8.2018,8.2018,8.2018,8.2018,8.2018,8.2018,8.2018,8.2018,8.2018,8.2018,8.2018,8.2018,8.2018,8.2018,8.2018,8.2018,8.2018,8.2018,8.2018,8.2018,8.2018
8.1942,8.1942,8.1942,8.1942,8.1942,8.1942,8.1942,8.1942,8.1942,8.1942,8.1942,8.1942,8.1942,8.1942,8.1942,8.1942,8.1942,8.1942,8.1942,8.1942,8.1942,8.1942,8.1942,8.1942,8.1942,8.1942,8.1942,8.1942,8.1942,8.1942,8.1942,8.1942,8.1942,8.1942,8.1942,8.1942,8.1942,8.1942,8.1942,8.1942,8.1942,8.1942,8.1942,8.1942,8.1942,8.1942,8.1942,8.1942,8.1942,8.1942,8.1942,8.1942,8.1942,8.1942,8.1942,8.1942,8.1942,8.1942,8.1942,8.1942,8.1942,8.1942,8.1942,8.1942,8.1942,8.1942,8.1942,8.1942,8.1942,8.1942,8.1942,8.1942,8.1942,8.1942,8.1942,8.1942,8.1942,8.1942,8.1942,8.1942,8.1942,8.1942,8.1942,8.1942,8.1942,8.1942,8.1942,8.1942,8.1942,8.1942,8.1942,8.1942,8.1942,8.1942,8.1942,8.1942,8.1942,8.1942,8.1942,8.1942,8.1942,8.1942,8.1942,8.1942,8.1942,8.1942,8.1942,8.1942,8.1942,8.1942,8.1942,8.1942,8.1942,8.1942,8.1942,8.1942,8.1942,8.1942,8.1942,8.1942,8.1942,8.1942,8.1942,8.1942,8.1942,8.1942,8.1942,8.1942,8.1942,8.1942,8.1942,8.1942,8.1942,8.1942,8.1942,8.1942,8.1942,8.1942,8.1942,8.1942,8.1942,8.1942,8.1942,8.1942,8.1942,8.1942,8.1942,8.1942,8.1942,8.1942,8.1942,8.1942,8.1942,8.1942,8.1942,8.1942,8.1942,8.1942,8.1942,8.1942,8.1942,8.1942,8.1942,8.1942,8.1942,8.1942,8.1942,8.1942,8.1942,8.1942,8.1942,8.1942,8.1942,8.1942,8.1942,8.1942,8.1942,8.1942,8.1942,8.1942,8.1942,8.1942,8.1942,8.1942,8.1942,8.1942,8.1942,8.1942,8.1942,8.1942,8.1942,8.1942,8.1942,8.1942,8.1942,8.1942,8.1942,8.1942,8.1942,8.1942,8.1942,8.1942,8.1942,8.1942,8.1942,8.1942,8.1942,8.1942,8.1942,8.1942,8.1942,8.1942,8.1942,8.1942,8.1942,8.1942,8.1942,8.1942,8.1942,8.1942,8.1942,8.1942,8.1942,8.1942,8.1942,8.1942,8.1942,8.1942,8.1942,8.1942,8.1942,8.1942,8.1942,8.1942,8.1942,8.1942,8.1942,8.1942,8.1942,8.1942,8.1942,8.1942,8.1942,8.1942,8.1942,8.1942,8.1942,8.1942,8.1942,8.1942,8.1942,8.1942,8.1942,8.1942,8.1942,8.1942,8.1942,8.1942,8.1942,8.1942,8.1942,8.1942,8.1942,8.1942,8.1942,8.1942,8.1942,8.1942,8.1942,8.1942,8.1942,8.1942,8.1942,8.1942,8.1942,8.1942,8.1942,8.1942,8.1942,8.1942,8.1942,8.1942,8.1942,8.1942,8.1942,8.1942,8.1942,8.1942,8.1942,8.1942,8.1942,8.1942,8.1942,8.1942,8.1942,8.1942,8.1942,8.1942,8.1942,8.1942,8.1942,8.1942,8.1942,8.1942,8.1942,8.1942,8.1942,8.1942,8.1942,8.1942,8.1942,8.1942,8.1942,8.1942,8.1942,8.1942,8.1942,8.1942,8.1942,8.1942,8.1942,8.1942,8.1942,8.1942,8.1942,8.1942,8.1942,8.1942,8.1942,8.1942,8.1942,8.1942,8.1942,8.1942,8.1942,8.1942,8.1942,8.1942,8.1942,8.1942,8.1942,8.1942,8.1942,8.1942,8.1942,8.1942,8.1942,8.1942,8.1942,8.1942,8.1942,8.1942,8.1942,8.1942,8.1942,8.1942,8.1942,8.1942,8.1942,8.1942,8.1942,8.1942,8.1942,8.1942,8.1942,8.1942,8.1942,8.1942,8.1942,8.1942,8.1942,8.1942,8.1942,8.1942,8.1942,8.1942,8.1942,8.1942,8.1942,8.1942,8.1942,8.1942,8.1942,8.1942,8.1942,8.1942,8.1942,8.1942,8.1942,8.1942,8.1942,8.1942,8.1942,8.1942,8.1942,8.1942,8.1942,8.1942,8.1942,8.1942,8.1942,8.1942,8.1942,8.1942,8.1942,8.1942,8.1942,8.1942,8.1942,8.1942,8.1942,8.1942,8.1942,8.1942,8.1942,8.1942,8.1942,8.1942,8.1942,8.1942,8.1942,8.1942,8.1942,8.1942,8.1942,8.1942,8.1942,8.1942,8.1942,8.1942,8.1942,8.1942,8.1942,8.1942,8.1942,8.1942,8.1942,8.1942,8.1942,8.1942,8.1942,8.1942,8.1942,8.1942,8.1942,8.1942,8.1942,8.1942,8.1942,8.1942,8.1942,8.1942,8.1942,8.1942,8.1942,8.1942,8.1942,8.1942,8.1942,8.1942,8.1942,8.1942,8.1942,8.1942,8.1942,8.1942,8.1942,8.1942,8.1942,8.1942,8.1942,8.1942,8.1942,8.1942,8.1942,8.1942,8.1942,8.1942,8.1942,8.1942,8.1942,8.1942,8.1942,8.1942,8.1942,8.1942,8.1942,8.1942,8.1942,8.1942,8.1942,8.1942,8.1942,8.1942,8.1942,8.1942,8.1942,8.1942,8.1942,8.1942,8.1942,8.1942,8.1942,8.1942,8.1942,8.1942,8.1942,8.1942,8.1942,8.1942,8.1942,8.1942,8.1942,8.1942,8.1942,8.1942,8.1942,8.1942,8.1942,8.1942,8.1942,8.1942,8.1942,8.1942,8.1942,8.1942,8.1942,8.1942,8.1942,8.1942,8.1942,8.1942,8.1942,8.1942,8.1942,8.1942,8.1942,8.1942,8.1942,8.1942,8.1942,8.1942,8.1942,8.1942,8.1942,8.1942,8.1942,8.1942,8.1942,8.1942,8.1942,8.1942,8.1942,8.1942,8.1942,8.1942,8.1942,8.1942,8.1942,8.1942,8.1942,8.1942,8.1942,8.1942,8.1942,8.1942,8.1942,8.1942,8.1938,8.1938,8.1938,8.1938,8.1938,8.1938,8.1938,8.1938,8.1938,8.1938,8.1938,8.1938,8.1938,8.1938,8.1938,8.1938,8.1938,8.1938,8.1938,8.1938,8.1938,8.1938,8.1938,8.1938,8.1938,8.1938,8.1938,8.1938,8.1938,8.1938,8.1938,8.1938,8.1938,8.1938,8.1938,8.1938,8.1938,8.1938,8.1938,8.1938,8.1938,8.1938,8.1938,8.1938,8.1938,8.1938,8.1938,8.1938,8.1938,8.1938,8.1938,8.1938,8.1938,8.1938,8.1938,8.1938,8.1938,8.1938,8.1938,8.1938,8.1938,8.1938,8.1938,8.1938,8.1938,8.1938,8.1938,8.1938,8.1938,8.1938,8.1938,8.1938,8.1938,8.1938,8.1938,8.1938,8.1938,8.1938,8.1938,8.1938,8.1938,8.1938,8.1938,8.1938,8.1938,8.1938,8.1938,8.1938,8.1938,8.1938,8.1938,8.1938,8.1938,8.1938,8.1938,8.1938,8.1938,8.1938,8.1938,8.1938,8.1938,8.1938,8.1938,8.1938,8.1938,8.1938,8.1938,8.1938,8.1938,8.1938,8.1938,8.1938,8.1938,8.1938,8.1938,8.1938,8.1938,8.1938,8.1938,8.1938,8.1938,8.1938,8.1938,8.1938,8.1938,8.1938,8.1938,8.1938,8.1938,8.1938,8.1938,8.1938,8.1938,8.1938,8.1938,8.1938,8.1938,8.1938,8.1938,8.1938,8.1938,8.1938,8.1938,8.1938,8.1938,8.1938,8.1938,8.1938,8.1938,8.1938,8.1938,8.1938,8.1938,8.1938,8.1938,8.1938,8.1938,8.1938,8.1938,8.1938,8.1938,8.1938,8.1938,8.1938,8.1938,8.1938,8.1938,8.1938,8.1938,8.1938,8.1938,8.1938,8.1938,8.1938,8.1938,8.1938,8.1938,8.1938,8.1938,8.1938,8.1938,8.1938,8.1938,8.1938,8.1938,8.1938,8.1938,8.1938,8.1938,8.1938,8.1938,8.1938,8.1938,8.1938,8.1938,8.1938,8.1938,8.1938,8.1938,8.1938,8.1938,8.1938,8.1938,8.1938,8.1938,8.1938,8.1938,8.1938,8.1938,8.1938,8.1938,8.1938,8.1938,8.1938,8.1938,8.1938,8.1938,8.1938,8.1938,8.1938,8.1938,8.1938,8.1938,8.1938,8.1938,8.1938,8.1938,8.1938,8.1938,8.1938,8.1938,8.1938,8.1938,8.1938,8.1938,8.1938,8.1938,8.1938,8.1938,8.1938,8.1938,8.1938,8.1938,8.1938,8.1938,8.1938,8.1938,8.1938,8.1938,8.1938,8.1938,8.1938,8.1938,8.1938,8.1938,8.1938,8.1938,8.1938,8.1938,8.1938,8.1938,8.1938,8.1938,8.1938,8.1938,8.1938,8.1938,8.1938,8.1938,8.1938,8.1938,8.1938,8.1938,8.1938,8.1938,8.1938,8.1938,8.1938,8.1938,8.1938,8.1938,8.1938,8.1938,8.1938,8.1938,8.1938,8.1938,8.1938,8.1938,8.1938,8.1938,8.1938,8.1938,8.1938,8.1938,8.1938,8.1938,8.1938,8.1938,8.1938,8.1938,8.1938,8.1938,8.1938,8.1938,8.1938,8.1938,8.1938,8.1938,8.1938,8.1938,8.1938,8.1938,8.1938,8.1938,8.1938,8.1938,8.1938,8.1938,8.1938,8.1938,8.1938,8.1938,8.1938,8.1938,8.1938,8.1938,8.1938,8.1938,8.1938,8.1938,8.1938,8.1938,8.1938,8.1938,8.1938,8.1938,8.1938,8.1938,8.1938,8.1938,8.1938,8.1938,8.1938,8.1938,8.1938,8.1938,8.1938,8.1938,8.1938,8.1938,8.1938,8.1938,8.1938,8.1938,8.1938,8.1938,8.1938,8.1938,8.1938,8.1938,8.1938,8.1938,8.1938,8.1938,8.1938,8.1938,8.1938,8.1938,8.1938,8.1938,8.1938,8.1938,8.1938,8.1938,8.1938,8.1938,8.1938,8.1938,8.1938,8.1938,8.1938,8.1938,8.1938,8.1938,8.1938,8.1938,8.1938,8.1938,8.1938,8.1938,8.1938
8.1862,8.1862,8.1862,8.1862,8.1862,8.1862,8.1862,8.1862,8.1862,8.1862,8.1862,8.1862,8.1862,8.1862,8.1862,8.1862,8.1862,8.1862,8.1862,8.1862,8.1862,8.1862,8.1862,8.1862,8.1862,8.1862,8.1862,8.1862,8.1862,8.1862,8.1862,8.1862,8.1862,8.1862,8.1862,8.1862,8.1862,8.1862,8.1862,8.1862,8.1862,8.1862,8.1862,8.1862,8.1862,8.1862,8.1862,8.1862,8.1862,8.1862,8.1862,8.1862,8.1862,8.1862,8.1862,8.1862,8.1862,8.1862,8.1862,8.1862,8.1862,8.1862,8.1862,8.1862,8.1862,8.1862,8.1862,8.1862,8.1862,8.1862,8.1862,8.1862,8.1862,8.1862,8.1862,8.1862,8.1862,8.1862,8.1862,8.1862,8.1862,8.1862,8.1862,8.1862,8.1862,8.1862,8.1862,8.1862,8.1862,8.1862,8.1862,8.1862,8.1862,8.1862,8.1862,8.1862,8.1862,8.1862,8.1862,8.1862,8.1862,8.1862,8.1862,8.1862,8.1862,8.1862,8.1862,8.1862,8.1862,8.1862,8.1862,8.1862,8.1862,8.1862,8.1862,8.1862,8.1862,8.1862,8.1862,8.1862,8.1862,8.1862,8.1862,8.1862,8.1862,8.1862,8.1862,8.1862,8.1862,8.1862,8.1862,8.1862,8.1862,8.1862,8.1862,8.1862,8.1862,8.1862,8.1862,8.1862,8.1862,8.1862,8.1862,8.1862,8.1862,8.1862,8.1862,8.1862,8.1862,8.1862,8.1862,8.1862,8.1862,8.1862,8.1862,8.1862,8.1862,8.1862,8.1862,8.1862,8.1862,8.1862,8.1862,8.1862,8.1862,8.1862,8.1862,8.1862,8.1862,8.1862,8.1862,8.1862,8.1862,8.1862,8.1862,8.1862,8.1862,8.1862,8.1862,8.1862,8.1862,8.1862,8.1862,8.1862,8.1862,8.1862,8.1862,8.1862,8.1862,8.1862,8.1862,8.1862,8.1862,8.1862,8.1862,8.1862,8.1862,8.1862,8.1862,8.1862,8.1862,8.1862,8.1862,8.1862,8.1862,8.1862,8.1862,8.1862,8.1862,8.1862,8.1862,8.1862,8.1862,8.1862,8.1862,8.1862,8.1862,8.1862,8.1862,8.1862,8.1862,8.1862,8.1862,8.1862,8.1862,8.1862,8.1862,8.1862,8.1862,8.1862,8.1862,8.1862,8.1862,8.1862,8.1862,8.1862,8.1862,8.1862,8.1862,8.1862,8.1862,8.1862,8.1862,8.1862,8.1862,8.1862,8.1862,8.1862,8.1862,8.1862,8.1862,8.1862,8.1862,8.1862,8.1862,8.1862,8.1862,8.1862,8.1862,8.1862,8.1862,8.1862,8.1862,8.1862,8.1862,8.1862,8.1862,8.1862,8.1862,8.1862,8.1862,8.1862,8.1862,8.1862,8.1862,8.1862,8.1862,8.1862,8.1862,8.1862,8.1862,8.1862,8.1862,8.1862,8.1862,8.1862,8.1862,8.1862,8.1862,8.1862,8.1862,8.1862,8.1862,8.1862,8.1862,8.1862,8.1862,8.1862,8.1862,8.1862,8.1862,8.1862,8.1862,8.1862,8.1862,8.1862,8.1862,8.1862,8.1862,8.1862,8.1862,8.1862,8.1862,8.1862,8.1862,8.1862,8.1862,8.1862,8.1862,8.1862,8.1862,8.1862,8.1862,8.1862,8.1862,8.1862,8.1862,8.1862,8.1862,8.1862,8.1862,8.1862,8.1862,8.1862,8.1862,8.1862,8.1862,8.1862,8.1862,8.1862,8.1862,8.1862,8.1862,8.1862,8.1862,8.1862,8.1862,8.1862,8.1862,8.1862,8.1862,8.1862,8.1862,8.1862,8.1862,8.1862,8.1862,8.1862,8.1862,8.1862,8.1862,8.1862,8.1862,8.1862,8.1862,8.1862,8.1862,8.1862,8.1862,8.1862,8.1862,8.1862,8.1862,8.1862,8.1862,8.1862,8.1862,8.1862,8.1862,8.1862,8.1862,8.1862,8.1862,8.1862,8.1862,8.1862,8.1862,8.1862,8.1862,8.1862,8.1862,8.1862,8.1862,8.1862,8.1862,8.1862,8.1862,8.1862,8.1862,8.1862,8.1862,8.1862,8.1862,8.1862,8.1862,8.1862,8.1862,8.1862,8.1862,8.1862,8.1862,8.1862,8.1862,8.1862,8.1862,8.1870,8.1870,8.1870,8.1870,8.1870,8.1870,8.1870,8.1870,8.1870,8.1870,8.1870,8.1870,8.1870,8.1870,8.1870,8.1870,8.1870,8.1870,8.1870,8.1870,8.1870,8.1870,8.1870,8.1870,8.1870,8.1870,8.1870,8.1870,8.1870,8.1870,8.1870,8.1870,8.1870,8.1870,8.1870,8.1870,8.1870,8.1870,8.1870,8.1870,8.1870,8.1870,8.1870,8.1870,8.1870,8.1870,8.1870,8.1870,8.1870,8.1870,8.1870,8.1870,8.1870,8.1870,8.1870,8.1870,8.1870,8.1870,8.1870,8.1870,8.1870,8.1870,8.1870,8.1870,8.1870,8.1870,8.1870,8.1870,8.1870,8.1870,8.1870,8.1870,8.1870,8.1870,8.1870,8.1870,8.1870,8.1870,8.1870,8.1870,8.1870,8.1870,8.1870,8.1870,8.1870,8.1870,8.1870,8.1870,8.1870,8.1870,8.1870,8.1870,8.1870,8.1870,8.1870,8.1870,8.1870,8.1870,8.1870,8.1870,8.1870,8.1870,8.1870,8.1870,8.1870,8.1870,8.1870,8.1870,8.1870,8.1870,8.1870,8.1870,8.1870,8.1870,8.1870,8.1870,8.1870,8.1870,8.1870,8.1870,8.1870,8.1870,8.1870,8.1870,8.1870,8.1870,8.1870,8.1870,8.1870,8.1870,8.1870,8.1870,8.1870,8.1870,8.1870,8.1870,8.1870,8.1870,8.1870,8.1870,8.1870,8.1870,8.1870,8.1870,8.1870,8.1870,8.1870,8.1870,8.1870,8.1870,8.1870,8.1870,8.1870,8.1870,8.1870,8.1870,8.1870,8.1870,8.1870,8.1870,8.1870,8.1870,8.1870,8.1870,8.1870,8.1870,8.1870,8.1870,8.1870,8.1870,8.1870,8.1870,8.1870,8.1870,8.1870,8.1870,8.1870,8.1870,8.1870,8.1870,8.1870,8.1870,8.1870,8.1870,8.1870,8.1870,8.1870,8.1870,8.1870,8.1870,8.1870,8.1870,8.1870,8.1870,8.1870,8.1870,8.1870,8.1870,8.1870,8.1870,8.1870,8.1870,8.1870,8.1870,8.1870,8.1870,8.1870,8.1870,8.1870,8.1870,8.1870,8.1870,8.1870,8.1870,8.1870,8.1870,8.1870,8.1870,8.1870,8.1870,8.1870,8.1870,8.1870,8.1870,8.1870,8.1870,8.1870,8.1870,8.1870,8.1870,8.1870,8.1870,8.1870,8.1870,8.1870,8.1870,8.1870,8.1870,8.1870,8.1870,8.1870,8.1870,8.1870,8.1870,8.1870,8.1870,8.1870,8.1870,8.1870,8.1870,8.1870,8.1870,8.1870,8.1870,8.1870,8.1870,8.1870,8.1870,8.1870,8.1870,8.1870,8.1870,8.1870,8.1870,8.1870,8.1870,8.1870,8.1870,8.1870,8.1870,8.1870,8.1870,8.1870,8.1870,8.1870,8.1870,8.1870,8.1870,8.1870,8.1870,8.1870,8.1870,8.1870,8.1870,8.1870,8.1870,8.1870,8.1870,8.1870,8.1870,8.1870,8.1870,8.1870,8.1870,8.1870,8.1870,8.1870,8.1870,8.1870,8.1870,8.1870,8.1870,8.1870,8.1870,8.1870,8.1870,8.1870,8.1870,8.1870,8.1870,8.1870,8.1870,8.1870,8.1870,8.1870,8.1870,8.1870,8.1870,8.1870,8.1870,8.1870,8.1870,8.1870,8.1870,8.1870,8.1870,8.1870,8.1870,8.1870,8.1870,8.1870,8.1870,8.1870,8.1870,8.1870,8.1870,8.1870,8.1870,8.1870,8.1870,8.1870,8.1870,8.1870,8.1870,8.1870,8.1870,8.1870,8.1870,8.1870,8.1870,8.1870,8.1870,8.1870,8.1870,8.1870,8.1870,8.1870,8.1870,8.1870,8.1870,8.1870,8.1870,8.1870,8.1870,8.1870,8.1870,8.1870,8.1870,8.1870,8.1870,8.1870,8.1870,8.1870,8.1870,8.1870,8.1870,8.1870,8.1870,8.1870,8.1870,8.1870,8.1870,8.1870,8.1870,8.1870,8.1870,8.1870,8.1870,8.1870,8.1870,8.1870,8.1870,8.1870,8.1870,8.1870,8.1870,8.1870,8.1870,8.1870,8.1870,8.1870,8.1870,8.1870,8.1870,8.1870,8.1870,8.1870,8.1870,8.1870,8.1870,8.1870,8.1870,8.1870,8.1870,8.1870,8.1870,8.1870,8.1870,8.1870,8.1870,8.1870,8.1870,8.1870,8.1870,8.1870,8.1870,8.1870,8.1870,8.1870,8.1870,8.1870,8.1870,8.1870,8.1870,8.1870,8.1870,8.1870,8.1870,8.1870,8.1870,8.1870,8.1870,8.1870,8.1870,8.1870,8.1870,8.1870,8.1870,8.1870,8.1870,8.1870,8.1870,8.1870,8.1870,8.1870,8.1870,8.1870,8.1870,8.1870,8.1870,8.1870,8.1870,8.1870,8.1870,8.1870,8.1870,8.1870,8.1870,8.1870,8.1870,8.1870,8.1870,8.1870,8.1870,8.1870,8.1870,8.1870,8.1870,8.1870,8.1870,8.1870,8.1870,8.1870,8.1870,8.1870,8.1870,8.1870,8.1870,8.1870,8.1870,8.1870,8.1870,8.1870,8.1870,8.1870,8.1870,8.1870,8.1870,8.1870,8.1870,8.1870,8.1870,8.1870,8.1870,8.1870,8.1870,8.1870,8.1870,8.1870,8.1870,8.1870,8.1870,8.1870,8.1870,8.1870,8.1870,8.1870,8.1870,8.1870,8.1870,8.1870,8.1870,8.1870,8.1870,8.1870,8.1870,8.1870,8.1870,8.1870,8.1870,8.1870,8.1870,8.1870,8.1870,8.1870,8.1870,8.1870,8.1870,8.1870,8.1870,8.1870,8.1870,8.1870,8.1870,8.1870
8.1786,8.1786,8.1786,8.1786,8.1786,8.1786,8.1786,8.1786,8.1786,8.1786,8.1786,8.1786,8.1786,8.1786,8.1786,8.1786,8.1786,8.1786,8.1786,8.1786,8.1786,8.1786,8.1786,8.1786,8.1786,8.1786,8.1786,8.1786,8.1786,8.1786,8.1786,8.1786,8.1786,8.1786,8.1786,8.1786,8.1786,8.1786,8.1786,8.1786,8.1786,8.1786,8.1786,8.1786,8.1786,8.1786,8.1786,8.1786,8.1786,8.1786,8.1786,8.1786,8.1786,8.1786,8.1786,8.1786,8.1786,8.1786,8.1786,8.1786,8.1786,8.1786,8.1786,8.1786,8.1786,8.1786,8.1786,8.1786,8.1786,8.1786,8.1786,8.1786,8.1786,8.1786,8.1786,8.1786,8.1786,8.1786,8.1786,8.1786,8.1786,8.1786,8.1786,8.1786,8.1786,8.1786,8.1786,8.1786,8.1786,8.1786,8.1786,8.1786,8.1786,8.1786,8.1786,8.1786,8.1786,8.1786,8.1786,8.1786,8.1786,8.1786,8.1786,8.1786,8.1786,8.1786,8.1786,8.1786,8.1786,8.1786,8.1786,8.1786,8.1786,8.1786,8.1786,8.1786,8.1786,8.1786,8.1786,8.1786,8.1786,8.1786,8.1786,8.1786,8.1786,8.1786,8.1786,8.1786,8.1786,8.1786,8.1786,8.1786,8.1786,8.1786,8.1786,8.1786,8.1786,8.1786,8.1786,8.1786,8.1786,8.1786,8.1786,8.1786,8.1786,8.1786,8.1786,8.1786,8.1786,8.1786,8.1786,8.1786,8.1786,8.1786,8.1786,8.1786,8.1786,8.1786,8.1786,8.1786,8.1786,8.1786,8.1786,8.1786,8.1786,8.1786,8.1786,8.1786,8.1786,8.1786,8.1786,8.1786,8.1786,8.1786,8.1786,8.1786,8.1786,8.1786,8.1786,8.1786,8.1786,8.1786,8.1786,8.1786,8.1786,8.1786,8.1786,8.1786,8.1786,8.1786,8.1786,8.1786,8.1786,8.1786,8.1786,8.1786,8.1786,8.1786,8.1786,8.1786,8.1786,8.1786,8.1786,8.1786,8.1786,8.1786,8.1786,8.1786,8.1786,8.1786,8.1786,8.1786,8.1786,8.1786,8.1786,8.1786,8.1786,8.1786,8.1786,8.1786,8.1786,8.1786,8.1786,8.1786,8.1786,8.1786,8.1786,8.1786,8.1786,8.1786,8.1786,8.1786,8.1786,8.1786,8.1786,8.1786,8.1786,8.1786,8.1786,8.1786,8.1786,8.1786,8.1786,8.1786,8.1786,8.1786,8.1786,8.1786,8.1786,8.1786,8.1786,8.1786,8.1786,8.1786,8.1786,8.1786,8.1786,8.1786,8.1786,8.1786,8.1786,8.1786,8.1786,8.1786,8.1786,8.1786,8.1786,8.1786,8.1786,8.1786,8.1786,8.1786,8.1786,8.1786,8.1786,8.1786,8.1786,8.1786,8.1786,8.1786,8.1786,8.1786,8.1786,8.1786,8.1786,8.1786,8.1786,8.1786,8.1786,8.1786,8.1786,8.1786,8.1786,8.1786,8.1786,8.1786,8.1786,8.1786,8.1786,8.1786,8.1786,8.1786,8.1786,8.1786,8.1786,8.1786,8.1786,8.1786,8.1786,8.1786,8.1786,8.1786,8.1786,8.1786,8.1786,8.1786,8.1786,8.1786,8.1786,8.1786,8.1786,8.1786,8.1786,8.1786,8.1786,8.1786,8.1786,8.1786,8.1786,8.1786,8.1786,8.1786,8.1786,8.1786,8.1786,8.1786,8.1786,8.1786,8.1786,8.1786,8.1786,8.1786,8.1786,8.1786,8.1786,8.1786,8.1786,8.1786,8.1786,8.1786,8.1786,8.1786,8.1786,8.1786,8.1786,8.1786,8.1786,8.1786,8.1786,8.1786,8.1786,8.1786,8.1786,8.1786,8.1786,8.1786,8.1786,8.1786,8.1786,8.1786,8.1786,8.1786,8.1786,8.1786,8.1786,8.1786,8.1786,8.1786,8.1786,8.1786,8.1786,8.1786,8.1786,8.1786,8.1786,8.1786,8.1786,8.1786,8.1786,8.1786,8.1786,8.1786,8.1786,8.1786,8.1786,8.1786,8.1786,8.1786,8.1786,8.1786,8.1786,8.1786,8.1786,8.1786,8.1786,8.1786,8.1786,8.1786,8.1786,8.1786,8.1786,8.1786,8.1786,8.1786,8.1786,8.1786,8.1786,8.1786,8.1786,8.1786,8.1786,8.1786,8.1786,8.1786,8.1786,8.1786,8.1786,8.1786,8.1786,8.1786,8.1786,8.1786,8.1786,8.1786,8.1786,8.1786,8.1786,8.1786,8.1786,8.1786,8.1786,8.1786,8.1786,8.1786,8.1786,8.1786,8.1786,8.1786,8.1786,8.1786,8.1786,8.1786,8.1786,8.1786,8.1786,8.1786,8.1786,8.1786,8.1786,8.1786,8.1786,8.1786,8.1786,8.1786,8.1786,8.1786,8.1786,8.1786,8.1786,8.1786,8.1786,8.1786,8.1786,8.1786,8.1786,8.1786,8.1786,8.1786,8.1786,8.1786,8.1786,8.1786,8.1786,8.1786,8.1786,8.1786,8.1786,8.1786,8.1786,8.1786,8.1786,8.1786,8.1786,8.1786,8.1786,8.1786,8.1786,8.1786,8.1786,8.1786,8.1786,8.1786,8.1786,8.1786,8.1786,8.1786,8.1786,8.1786,8.1786,8.1786,8.1786,8.1786,8.1786,8.1786,8.1786,8.1786,8.1786,8.1786,8.1786,8.1786,8.1786,8.1786,8.1786,8.1786,8.1786,8.1786,8.1786,8.1786,8.1786,8.1786,8.1786,8.1786,8.1786,8.1786,8.1786,8.1786,8.1786,8.1786,8.1786,8.1786,8.1786,8.1786,8.1786,8.1786,8.1786,8.1786,8.1786,8.1786,8.1786,8.1786,8.1786,8.1786,8.1786,8.1786,8.1786,8.1786,8.1786,8.1786,8.1786,8.1786,8.1786,8.1786,8.1786,8.1786,8.1786,8.1786,8.1786,8.1786,8.1786,8.1786,8.1786,8.1786,8.1786,8.1786,8.1786,8.1786,8.1786,8.1786,8.1786,8.1786,8.1786,8.1786,8.1786,8.1786,8.1786,8.1786,8.1786,8.1786,8.1786,8.1786,8.1786,8.1786,8.1786,8.1786,8.1786,8.1786,8.1786,8.1786,8.1786,8.1786,8.1786,8.1786,8.1786,8.1786,8.1786,8.1786,8.1786,8.1786,8.1786,8.1786,8.1786,8.1786,8.1786,8.1786,8.1786,8.1786,8.1786,8.1786,8.1786,8.1786,8.1786,8.1786,8.1786,8.1786,8.1786,8.1786,8.1786,8.1786,8.1786,8.1786,8.1786,8.1786,8.1786,8.1786,8.1786,8.1786,8.1786,8.1786,8.1786,8.1786,8.1786,8.1786,8.1786,8.1786,8.1786,8.1786,8.1786,8.1786,8.1786,8.1786,8.1786,8.1786,8.1786,8.1786,8.1786,8.1786,8.1786,8.1786,8.1786,8.1786,8.1786,8.1786,8.1786,8.1786,8.1786,8.1786,8.1786,8.1786,8.1786,8.1786,8.1786,8.1786,8.1786,8.1786,8.1786,8.1786,8.1786,8.1786,8.1786,8.1786,8.1786,8.1786,8.1786,8.1786,8.1786,8.1786,8.1786,8.1786,8.1786,8.1786,8.1786,8.1786,8.1786,8.1786,8.1786,8.1786,8.1786,8.1786,8.1786,8.1786,8.1786,8.1786,8.1786,8.1786,8.1786,8.1786,8.1786,8.1786,8.1786,8.1786,8.1786,8.1786,8.1786,8.1786,8.1786,8.1786,8.1786,8.1786,8.1786,8.1786,8.1786,8.1786,8.1786,8.1786,8.1786,8.1786,8.1786,8.1786,8.1786,8.1786,8.1786,8.1786,8.1786,8.1786,8.1786,8.1786,8.1786,8.1786,8.1786,8.1786,8.1786,8.1786,8.1786,8.1786,8.1786,8.1786,8.1786,8.1786,8.1786,8.1786,8.1786,8.1786,8.1786,8.1786,8.1786,8.1786,8.1786,8.1786,8.1786,8.1786,8.1786,8.1786,8.1786,8.1786,8.1786,8.1786,8.1786,8.1786,8.1786,8.1786,8.1786,8.1786,8.1786,8.1786,8.1786,8.1786,8.1786,8.1786,8.1786,8.1786,8.1786,8.1786,8.1786,8.1786,8.1786,8.1786,8.1786,8.1786,8.1786,8.1786,8.1786,8.1786,8.1786,8.1786,8.1786,8.1786,8.1786,8.1786,8.1786,8.1786,8.1786,8.1786,8.1786,8.1786,8.1786,8.1786,8.1786,8.1786,8.1786,8.1786,8.1786,8.1786,8.1786,8.1786,8.1786,8.1786,8.1786,8.1786,8.1786,8.1786,8.1786,8.1786,8.1786,8.1786,8.1786,8.1786,8.1786,8.1786,8.1786,8.1786,8.1786,8.1786,8.1786,8.1786,8.1786,8.1786,8.1786,8.1786,8.1786,8.1786,8.1786,8.1786,8.1786,8.1786,8.1786,8.1786,8.1786,8.1786,8.1786,8.1786,8.1786,8.1786,8.1786,8.1786,8.1786,8.1786,8.1786,8.1786,8.1786,8.1786,8.1786,8.1786,8.1786,8.1786,8.1786,8.1786,8.1786,8.1786,8.1786,8.1786,8.1786,8.1786,8.1786,8.1786,8.1786,8.1786,8.1786,8.1786,8.1786,8.1786,8.1786,8.1786,8.1786,8.1786,8.1786,8.1786,8.1786,8.1786,8.1786,8.1786,8.1786,8.1786,8.1786,8.1786,8.1786,8.1786,8.1786,8.1786,8.1786,8.1786,8.1786,8.1786,8.1786,8.1786,8.1786,8.1786,8.1786,8.1786,8.1786,8.1786,8.1786,8.1786,8.1786,8.1786,8.1786,8.1786,8.1786,8.1786,8.1786,8.1786,8.1786,8.1786,8.1786,8.1786,8.1786,8.1786,8.1786,8.1786,8.1786,8.1786,8.1786,8.1786,8.1786,8.1794,8.1794,8.1794,8.1794,8.1794,8.1794,8.1794,8.1794,8.1794,8.1794,8.1794,8.1794,8.1794,8.1794,8.1794,8.1794,8.1794,8.1794,8.1794,8.1794,8.1794,8.1794,8.1794,8.1794,8.1794,8.1794,8.1794
8.1719,8.1719,8.1719,8.1719,8.1719,8.1719,8.1719,8.1719,8.1719,8.1719,8.1719,8.1719,8.1719,8.1719,8.1719,8.1719,8.1719,8.1719,8.1719,8.1719,8.1719,8.1719,8.1719,8.1719,8.1719,8.1719,8.1719,8.1719,8.1719,8.1719,8.1719,8.1719,8.1719,8.1719,8.1719,8.1719,8.1719,8.1719,8.1719,8.1719,8.1719,8.1719,8.1719,8.1719,8.1719,8.1719,8.1719,8.1719,8.1719,8.1719,8.1719,8.1719,8.1719,8.1719,8.1719,8.1719,8.1719,8.1719,8.1719,8.1719,8.1719,8.1719,8.1719,8.1719,8.1719,8.1719,8.1719,8.1719,8.1719,8.1719,8.1719,8.1719,8.1719,8.1719,8.1719,8.1719,8.1719,8.1719,8.1719,8.1719,8.1719,8.1719,8.1719,8.1719,8.1719,8.1719,8.1719,8.1719,8.1719,8.1719,8.1719,8.1719,8.1719,8.1719,8.1719,8.1719,8.1719,8.1719,8.1719,8.1719,8.1719,8.1719,8.1719,8.1719,8.1719,8.1719,8.1719,8.1719,8.1719,8.1719,8.1719,8.1719,8.1719,8.1719,8.1719,8.1719,8.1719,8.1719,8.1719,8.1719,8.1719,8.1719,8.1719,8.1719,8.1719,8.1719,8.1719,8.1719,8.1719,8.1719,8.1719,8.1719,8.1719,8.1719,8.1719,8.1719,8.1719,8.1719,8.1719,8.1719,8.1719,8.1719,8.1719,8.1719,8.1719,8.1719,8.1719,8.1719,8.1719,8.1719,8.1719,8.1719,8.1719,8.1719,8.1719,8.1719,8.1719,8.1719,8.1719,8.1719,8.1719,8.1719,8.1719,8.1719,8.1719,8.1719,8.1719,8.1719,8.1719,8.1719,8.1719,8.1719,8.1719,8.1719,8.1719,8.1719,8.1719,8.1719,8.1719,8.1719,8.1719,8.1719,8.1719,8.1719,8.1719,8.1719,8.1719,8.1719,8.1719,8.1719,8.1719,8.1719,8.1719,8.1719,8.1719,8.1719,8.1719,8.1719,8.1719,8.1719,8.1719,8.1719,8.1719,8.1719,8.1719,8.1719,8.1719,8.1719,8.1719,8.1719,8.1719,8.1719,8.1719,8.1719,8.1719,8.1719,8.1719,8.1719,8.1719,8.1719,8.1719,8.1719,8.1719,8.1719,8.1719,8.1719,8.1719,8.1719,8.1719,8.1719,8.1719,8.1719,8.1719,8.1719,8.1719,8.1719,8.1719,8.1719,8.1719,8.1719,8.1719,8.1719,8.1719,8.1719,8.1719,8.1719,8.1719,8.1719,8.1719,8.1719,8.1719,8.1719,8.1719,8.1719,8.1719,8.1719,8.1719,8.1719,8.1719,8.1719,8.1719,8.1719,8.1719,8.1719,8.1719,8.1719,8.1719,8.1719,8.1719,8.1719,8.1719,8.1719,8.1719,8.1719,8.1719,8.1719,8.1719,8.1719,8.1719,8.1719,8.1719,8.1719,8.1719,8.1719,8.1719,8.1719,8.1719,8.1719,8.1719,8.1719,8.1719,8.1719,8.1719,8.1719,8.1719,8.1719,8.1719,8.1719,8.1719,8.1719,8.1719,8.1719,8.1719,8.1719,8.1719,8.1719,8.1719,8.1719,8.1719,8.1719,8.1719,8.1719,8.1719,8.1719,8.1719,8.1719,8.1719,8.1719,8.1719,8.1719,8.1719,8.1719,8.1719,8.1719,8.1719,8.1719,8.1719,8.1719,8.1719,8.1719,8.1719,8.1719,8.1719,8.1719,8.1719,8.1719,8.1719,8.1719,8.1719,8.1719,8.1719,8.1719,8.1719,8.1719,8.1719,8.1719,8.1719,8.1719,8.1719,8.1719,8.1719,8.1719,8.1719,8.1719,8.1719,8.1719,8.1719,8.1719,8.1719,8.1719,8.1719,8.1719,8.1719,8.1719,8.1719,8.1719,8.1719,8.1719,8.1719,8.1719,8.1719,8.1719,8.1719,8.1719,8.1719,8.1719,8.1719,8.1719,8.1719,8.1719,8.1719,8.1719,8.1719,8.1719,8.1719,8.1719,8.1719,8.1719,8.1719,8.1719,8.1719,8.1719,8.1719,8.1719,8.1719,8.1719,8.1719,8.1719,8.1719,8.1719,8.1719,8.1719,8.1719,8.1719,8.1719,8.1719,8.1719,8.1719,8.1719,8.1719,8.1719,8.1719,8.1719,8.1719,8.1719,8.1719,8.1719,8.1719,8.1719,8.1719,8.1719,8.1719,8.1719,8.1719,8.1719,8.1719,8.1719,8.1719,8.1719,8.1719,8.1719,8.1719,8.1719,8.1719,8.1719,8.1719,8.1719,8.1719,8.1719,8.1719,8.1719,8.1719,8.1719,8.1719,8.1719,8.1719,8.1719,8.1719,8.1719,8.1719,8.1719,8.1719,8.1719,8.1719,8.1719,8.1719,8.1719,8.1719,8.1719,8.1719,8.1719,8.1719,8.1719,8.1719,8.1719,8.1719,8.1719,8.1719,8.1719,8.1719,8.1719,8.1719,8.1719,8.1719,8.1719,8.1719,8.1719,8.1719,8.1719,8.1719,8.1719,8.1719,8.1719,8.1719,8.1719,8.1719,8.1719,8.1719,8.1719,8.1719,8.1719,8.1719,8.1719,8.1719,8.1719,8.1719,8.1719,8.1719,8.1719,8.1719,8.1719,8.1719,8.1719,8.1719,8.1719,8.1719,8.1719,8.1719,8.1719,8.1719,8.1719,8.1719,8.1719,8.1719,8.1719,8.1719,8.1719,8.1719,8.1719,8.1719,8.1719,8.1719,8.1719,8.1719,8.1719,8.1719,8.1719,8.1719,8.1719,8.1719,8.1719,8.1719,8.1719,8.1719,8.1719,8.1719,8.1719,8.1719,8.1719,8.1719,8.1719,8.1719,8.1719,8.1719,8.1719,8.1719,8.1719,8.1719,8.1719,8.1719,8.1719,8.1719,8.1719,8.1719,8.1719,8.1719,8.1719,8.1719,8.1719,8.1719,8.1719,8.1719,8.1719,8.1719,8.1719,8.1719,8.1719,8.1719,8.1719,8.1719,8.1719,8.1719,8.1719,8.1719,8.1719,8.1719,8.1719,8.1719,8.1719,8.1719,8.1719,8.1719,8.1719,8.1719,8.1719,8.1719,8.1719,8.1719,8.1719,8.1719,8.1719,8.1719,8.1719,8.1719,8.1719,8.1719,8.1719,8.1719,8.1719,8.1719,8.1719,8.1719,8.1719,8.1719,8.1719,8.1719,8.1719,8.1719,8.1719,8.1719,8.1719,8.1719,8.1719,8.1719,8.1719,8.1719,8.1719,8.1719,8.1719,8.1719,8.1719,8.1719,8.1719,8.1719,8.1719,8.1719,8.1719,8.1719,8.1719,8.1719,8.1719,8.1719,8.1719,8.1719,8.1719,8.1719,8.1719,8.1719,8.1719,8.1719,8.1719,8.1719,8.1719,8.1719,8.1719,8.1719,8.1719,8.1719,8.1719,8.1719,8.1719,8.1719,8.1719,8.1719,8.1719,8.1719,8.1719,8.1719,8.1719,8.1719,8.1719,8.1719,8.1719,8.1719,8.1719,8.1719,8.1719,8.1719,8.1719,8.1719,8.1719,8.1719,8.1719,8.1719,8.1719,8.1719,8.1719,8.1719,8.1719,8.1719,8.1719,8.1719,8.1719,8.1719,8.1719,8.1719,8.1719,8.1719,8.1719,8.1719,8.1719,8.1719,8.1719,8.1719,8.1719,8.1719,8.1719,8.1719,8.1719,8.1719,8.1719,8.1719,8.1719,8.1719,8.1719,8.1719,8.1719,8.1719,8.1719,8.1719,8.1719,8.1719,8.1719,8.1719,8.1719,8.1719,8.1719,8.1719,8.1719,8.1719,8.1719,8.1719,8.1719,8.1719,8.1719,8.1719,8.1719,8.1719,8.1719,8.1719,8.1719,8.1719,8.1719,8.1719,8.1719,8.1719,8.1719,8.1719,8.1719,8.1719,8.1719,8.1719,8.1719,8.1719,8.1719,8.1719,8.1719,8.1719,8.1719,8.1719,8.1719,8.1719,8.1719,8.1719,8.1719,8.1719,8.1719,8.1719,8.1719,8.1719,8.1719,8.1719,8.1719,8.1719,8.1719,8.1719,8.1719,8.1719,8.1719,8.1719,8.1719,8.1719,8.1719,8.1719,8.1719,8.1719,8.1719,8.1719,8.1719,8.1719,8.1719,8.1719,8.1719,8.1719,8.1719,8.1719,8.1719,8.1719,8.1719,8.1719,8.1719,8.1719,8.1719,8.1719,8.1719,8.1719,8.1719,8.1719,8.1719,8.1719,8.1719,8.1719,8.1719,8.1719,8.1719,8.1719,8.1719,8.1719,8.1719,8.1719,8.1719,8.1719,8.1719,8.1719,8.1719,8.1719,8.1719,8.1719,8.1719,8.1719,8.1719,8.1719,8.1719,8.1719,8.1719,8.1719,8.1719,8.1719,8.1719,8.1719,8.1719,8.1719,8.1719,8.1719,8.1719,8.1719,8.1719,8.1719,8.1719,8.1719,8.1719,8.1719,8.1719,8.1719,8.1719,8.1719,8.1719,8.1719,8.1719,8.1719,8.1719,8.1719,8.1719,8.1719,8.1719,8.1719,8.1719,8.1719,8.1719,8.1719,8.1719,8.1719,8.1719,8.1719,8.1719,8.1719,8.1719,8.1719,8.1719,8.1719,8.1719,8.1719,8.1719,8.1719,8.1719,8.1719,8.1719,8.1719,8.1719,8.1719,8.1719,8.1719,8.1719,8.1719,8.1719,8.1719,8.1719,8.1719,8.1719,8.1719,8.1719,8.1719,8.1719,8.1719,8.1719,8.1719,8.1719,8.1719,8.1719,8.1719,8.1719,8.1719,8.1719,8.1719,8.1719,8.1719,8.1719,8.1719,8.1719,8.1719,8.1719,8.1719,8.1719,8.1719,8.1719,8.1719,8.1719,8.1719,8.1719,8.1719,8.1719,8.1719,8.1719,8.1719,8.1719,8.1719,8.1719,8.1719,8.1719,8.1719,8.1719,8.1719,8.1719,8.1719,8.1719,8.1719,8.1719,8.1719,8.1719,8.1719,8.1719,8.1719,8.1719,8.1719,8.1719,8.1719,8.1719,8.1719,8.1719,8.1719,8.1719,8.1719,8.1719,8.1719,8.1719,8.1719,8.1719,8.1719,8.1719,8.1719
8.1639,8.1639,8.1639,8.1639,8.1639,8.1639,8.1639,8.1639,8.1639,8.1639,8.1639,8.1639,8.1639,8.1639,8.1639,8.1639,8.1639,8.1639,8.1639,8.1639,8.1639,8.1639,8.1639,8.1639,8.1639,8.1639,8.1639,8.1639,8.1639,8.1639,8.1639,8.1639,8.1639,8.1639,8.1639,8.1639,8.1639,8.1639,8.1639,8.1639,8.1639,8.1639,8.1639,8.1639,8.1639,8.1639,8.1639,8.1639,8.1639,8.1639,8.1639,8.1639,8.1639,8.1639,8.1639,8.1639,8.1639,8.1639,8.1639,8.1639,8.1639,8.1639,8.1639,8.1639,8.1639,8.1639,8.1639,8.1639,8.1639,8.1639,8.1639,8.1639,8.1639,8.1639,8.1639,8.1639,8.1639,8.1639,8.1639,8.1639,8.1639,8.1639,8.1639,8.1639,8.1639,8.1639,8.1639,8.1639,8.1639,8.1639,8.1639,8.1639,8.1639,8.1639,8.1639,8.1639,8.1639,8.1639,8.1639,8.1639,8.1639,8.1639,8.1639,8.1639,8.1639,8.1639,8.1639,8.1639,8.1639,8.1639,8.1639,8.1639,8.1639,8.1639,8.1639,8.1639,8.1639,8.1639,8.1639,8.1639,8.1639,8.1639,8.1639,8.1639,8.1639,8.1639,8.1639,8.1639,8.1639,8.1639,8.1639,8.1639,8.1639,8.1639,8.1639,8.1639,8.1639,8.1639,8.1639,8.1639,8.1639,8.1639,8.1639,8.1639,8.1639,8.1639,8.1639,8.1639,8.1639,8.1639,8.1639,8.1639,8.1639,8.1639,8.1639,8.1639,8.1639,8.1639,8.1639,8.1639,8.1639,8.1639,8.1639,8.1639,8.1639,8.1639,8.1639,8.1639,8.1639,8.1639,8.1639,8.1639,8.1639,8.1639,8.1639,8.1639,8.1639,8.1639,8.1639,8.1639,8.1639,8.1639,8.1639,8.1639,8.1639,8.1639,8.1639,8.1639,8.1639,8.1639,8.1639,8.1639,8.1639,8.1639,8.1639,8.1639,8.1639,8.1639,8.1639,8.1639,8.1639,8.1639,8.1639,8.1639,8.1639,8.1639,8.1639,8.1639,8.1639,8.1639,8.1639,8.1639,8.1639,8.1639,8.1639,8.1639,8.1639,8.1639,8.1639,8.1639,8.1639,8.1639,8.1639,8.1639,8.1639,8.1639,8.1639,8.1639,8.1639,8.1639,8.1639,8.1639,8.1639,8.1639,8.1639,8.1639,8.1639,8.1639,8.1639,8.1639,8.1639,8.1639,8.1639,8.1639,8.1639,8.1639,8.1639,8.1639,8.1639,8.1639,8.1639,8.1639,8.1639,8.1639,8.1639,8.1639,8.1639,8.1639,8.1639,8.1639,8.1639,8.1639,8.1639,8.1639,8.1639,8.1639,8.1639,8.1639,8.1639,8.1639,8.1639,8.1639,8.1639,8.1643,8.1643,8.1643,8.1643,8.1643,8.1643,8.1643,8.1643,8.1643,8.1643,8.1643,8.1643,8.1643,8.1643,8.1643,8.1643,8.1643,8.1643,8.1643,8.1643,8.1643,8.1643,8.1643,8.1643,8.1643,8.1643,8.1643,8.1643,8.1643,8.1643,8.1643,8.1643,8.1643,8.1643,8.1643,8.1643,8.1643,8.1643,8.1643,8.1643,8.1643,8.1643,8.1643,8.1643,8.1643,8.1643,8.1643,8.1643,8.1643,8.1643,8.1643,8.1643,8.1643,8.1643,8.1643,8.1643,8.1643,8.1643,8.1643,8.1643,8.1643,8.1643,8.1643,8.1643,8.1643,8.1643,8.1643,8.1643,8.1643,8.1643,8.1643,8.1643,8.1643,8.1643,8.1643,8.1643,8.1643,8.1643,8.1643,8.1643,8.1643,8.1643,8.1643,8.1643,8.1643,8.1643,8.1643,8.1643,8.1643,8.1643,8.1643,8.1643,8.1643,8.1643,8.1643,8.1643,8.1643,8.1643,8.1643,8.1643,8.1643,8.1643,8.1643,8.1643,8.1643,8.1643,8.1643,8.1643,8.1643,8.1643,8.1643,8.1643,8.1643,8.1643,8.1643,8.1643,8.1643,8.1643,8.1643,8.1643,8.1643,8.1643,8.1643,8.1643,8.1643,8.1643,8.1643,8.1643,8.1643,8.1643,8.1643,8.1643,8.1643,8.1643,8.1643,8.1643,8.1643,8.1643,8.1643,8.1643,8.1643,8.1643,8.1643,8.1643,8.1643,8.1643,8.1643,8.1643,8.1643,8.1643,8.1643,8.1643,8.1643,8.1643,8.1643,8.1643,8.1643,8.1643,8.1643,8.1643,8.1643,8.1643,8.1643,8.1643,8.1643,8.1643,8.1643,8.1643,8.1643,8.1643,8.1643,8.1643,8.1643,8.1643,8.1643,8.1643,8.1643,8.1643,8.1643,8.1643,8.1643,8.1643,8.1643,8.1643,8.1643,8.1643,8.1643,8.1643,8.1643,8.1643,8.1643,8.1643,8.1643,8.1643,8.1643,8.1643,8.1643,8.1643,8.1643,8.1643,8.1643,8.1643,8.1643,8.1643,8.1643,8.1643,8.1643,8.1643,8.1643,8.1643,8.1643,8.1643,8.1643,8.1643,8.1643,8.1643,8.1643,8.1643,8.1643,8.1643,8.1643,8.1643,8.1643,8.1643,8.1643,8.1643,8.1643,8.1643,8.1643,8.1643,8.1643,8.1643,8.1643,8.1643,8.1643,8.1643,8.1643,8.1643,8.1643,8.1643,8.1643,8.1643,8.1643,8.1643,8.1643,8.1643,8.1643,8.1643,8.1643,8.1643,8.1643,8.1643,8.1643,8.1643,8.1643,8.1643,8.1643,8.1643,8.1643,8.1643,8.1643,8.1643,8.1643,8.1643,8.1643,8.1643,8.1643,8.1643,8.1643,8.1643,8.1643,8.1643,8.1643,8.1643,8.1643,8.1643,8.1643,8.1643,8.1643,8.1643,8.1643,8.1643,8.1643,8.1643,8.1643,8.1643,8.1643,8.1643,8.1643,8.1643,8.1643,8.1643,8.1643,8.1643,8.1643,8.1643,8.1643,8.1643,8.1643,8.1643,8.1643,8.1643,8.1643,8.1643,8.1643,8.1643,8.1643,8.1643,8.1643,8.1643,8.1643,8.1643,8.1643,8.1643,8.1643,8.1643,8.1643,8.1643,8.1643,8.1643,8.1643,8.1643,8.1643,8.1643,8.1643,8.1643,8.1643,8.1643,8.1643,8.1643,8.1643,8.1643,8.1643,8.1643,8.1643,8.1643,8.1643,8.1643,8.1643,8.1643,8.1643,8.1643,8.1643,8.1643,8.1643,8.1643,8.1643,8.1643,8.1643,8.1643,8.1643,8.1643,8.1643,8.1643,8.1643,8.1643,8.1643,8.1643,8.1643,8.1643,8.1643,8.1643,8.1643,8.1643,8.1643,8.1643,8.1643,8.1643,8.1643,8.1643,8.1643,8.1643,8.1643,8.1643,8.1643,8.1643,8.1643,8.1643,8.1643,8.1643,8.1643,8.1643,8.1643,8.1643,8.1643,8.1643,8.1643,8.1643,8.1643,8.1643,8.1643,8.1643,8.1643,8.1643,8.1643,8.1643,8.1643,8.1643,8.1643,8.1643,8.1643,8.1643,8.1643,8.1643,8.1643,8.1643,8.1643,8.1643,8.1643,8.1643,8.1643,8.1643,8.1643,8.1643,8.1643,8.1643,8.1643,8.1643,8.1643,8.1643,8.1643,8.1643,8.1643,8.1643,8.1643,8.1643,8.1643,8.1643,8.1643,8.1643,8.1643,8.1643,8.1643,8.1643,8.1643,8.1643,8.1643,8.1643,8.1643,8.1643,8.1643,8.1643,8.1643,8.1643,8.1643,8.1643,8.1643,8.1643,8.1643,8.1643,8.1643,8.1643,8.1643,8.1643,8.1643,8.1643,8.1643,8.1643,8.1643,8.1643,8.1643,8.1643,8.1643,8.1643,8.1643,8.1643,8.1643,8.1643,8.1643,8.1643,8.1643,8.1643,8.1643,8.1643,8.1643,8.1643,8.1643,8.1643,8.1643,8.1643,8.1643,8.1643,8.1643,8.1643,8.1643,8.1643,8.1643,8.1643,8.1643,8.1643,8.1643,8.1643,8.1643,8.1643,8.1643,8.1643,8.1643,8.1643,8.1643,8.1643,8.1643,8.1643,8.1643,8.1643,8.1643,8.1643,8.1643,8.1643,8.1643,8.1643,8.1643,8.1643,8.1643,8.1643,8.1643,8.1643,8.1643,8.1643,8.1643,8.1643,8.1643,8.1643,8.1643,8.1643,8.1643,8.1643,8.1643,8.1643,8.1643,8.1643,8.1643,8.1643,8.1643,8.1643,8.1643,8.1643,8.1643,8.1643,8.1643,8.1643,8.1643,8.1643,8.1643,8.1643,8.1643,8.1643,8.1643,8.1643,8.1643,8.1643,8.1643,8.1643,8.1643,8.1643,8.1643,8.1643,8.1643,8.1643,8.1643,8.1643,8.1643,8.1643,8.1643,8.1643,8.1643,8.1643,8.1643,8.1643,8.1643,8.1643,8.1643,8.1643,8.1643,8.1643,8.1643,8.1643,8.1643,8.1643,8.1643,8.1643,8.1643,8.1643,8.1643,8.1643,8.1643,8.1643,8.1643,8.1643,8.1643,8.1643,8.1643,8.1643,8.1643,8.1643,8.1643,8.1643,8.1643,8.1643,8.1643,8.1643,8.1643,8.1643,8.1643,8.1643,8.1643,8.1643,8.1643,8.1643,8.1643,8.1643,8.1643,8.1643,8.1643,8.1643,8.1643,8.1643,8.1643,8.1643,8.1643,8.1643,8.1643,8.1643,8.1643,8.1643,8.1643,8.1643,8.1643,8.1643,8.1643,8.1643,8.1643,8.1643,8.1643,8.1643,8.1643,8.1643,8.1643,8.1643,8.1643,8.1643,8.1643,8.1643,8.1643,8.1643,8.1643,8.1643,8.1643,8.1643,8.1643,8.1643,8.1643,8.1643,8.1643,8.1643,8.1643,8.1643,8.1643,8.1643,8.1643,8.1643,8.1643,8.1643,8.1643,8.1643,8.1643,8.1643,8.1643,8.1643,8.1643,8.1643,8.1643,8.1643,8.1643,8.1643,8.1643,8.1643,8.1643,8.1643,8.1643,8.1643,8.1643,8.1643,8.1643,8.1643,8.1643,8.1643,8.1643
8.1572,8.1572,8.1572,8.1572,8.1572,8.1572,8.1572,8.1572,8.1572,8.1572,8.1572,8.1572,8.1572,8.1572,8.1572,8.1572,8.1572,8.1572,8.1572,8.1572,8.1572,8.1572,8.1572,8.1572,8.1572,8.1572,8.1572,8.1572,8.1572,8.1572,8.1572,8.1572,8.1572,8.1572,8.1572,8.1572,8.1572,8.1572,8.1572,8.1572,8.1572,8.1572,8.1572,8.1572,8.1572,8.1572,8.1572,8.1572,8.1572,8.1572,8.1572,8.1572,8.1572,8.1572,8.1572,8.1572,8.1572,8.1572,8.1572,8.1572,8.1572,8.1572,8.1572,8.1572,8.1572,8.1572,8.1572,8.1572,8.1572,8.1572,8.1572,8.1572,8.1572,8.1572,8.1572,8.1572,8.1572,8.1572,8.1572,8.1572,8.1572,8.1572,8.1572,8.1572,8.1572,8.1572,8.1572,8.1572,8.1572,8.1572,8.1572,8.1572,8.1572,8.1572,8.1572,8.1572,8.1572,8.1572,8.1572,8.1572,8.1572,8.1572,8.1572,8.1572,8.1572,8.1572,8.1572,8.1572,8.1572,8.1572,8.1572,8.1572,8.1572,8.1572,8.1572,8.1572,8.1572,8.1572,8.1572,8.1572,8.1572,8.1572,8.1572,8.1572,8.1572,8.1572,8.1572,8.1572,8.1572,8.1572,8.1572,8.1572,8.1572,8.1572,8.1572,8.1572,8.1572,8.1572,8.1572,8.1572,8.1572,8.1572,8.1572,8.1572,8.1572,8.1572,8.1572,8.1572,8.1572,8.1572,8.1572,8.1572,8.1572,8.1572,8.1572,8.1572,8.1572,8.1572,8.1572,8.1572,8.1572,8.1572,8.1572,8.1572,8.1572,8.1572,8.1572,8.1572,8.1572,8.1572,8.1572,8.1572,8.1572,8.1572,8.1572,8.1572,8.1572,8.1572,8.1572,8.1572,8.1572,8.1572,8.1572,8.1572,8.1572,8.1572,8.1572,8.1572,8.1572,8.1572,8.1572,8.1572,8.1572,8.1572,8.1572,8.1572,8.1572,8.1572,8.1572,8.1572,8.1572,8.1572,8.1572,8.1572,8.1572,8.1572,8.1572,8.1572,8.1572,8.1572,8.1572,8.1572,8.1572,8.1572,8.1572,8.1572,8.1572,8.1572,8.1572,8.1572,8.1572,8.1572,8.1572,8.1572,8.1572,8.1572,8.1572,8.1572,8.1572,8.1572,8.1572,8.1572,8.1572,8.1572,8.1572,8.1572,8.1572,8.1572,8.1572,8.1572,8.1572,8.1572,8.1572,8.1572,8.1572,8.1572,8.1572,8.1572,8.1572,8.1572,8.1572,8.1572,8.1572,8.1572,8.1572,8.1572,8.1572,8.1572,8.1572,8.1572,8.1572,8.1572,8.1572,8.1572,8.1572,8.1572,8.1572,8.1572,8.1572,8.1572,8.1572,8.1572,8.1572,8.1572,8.1572,8.1572,8.1572,8.1572,8.1572,8.1572,8.1572,8.1572,8.1572,8.1572,8.1572,8.1572,8.1572,8.1572,8.1572,8.1572,8.1572,8.1572,8.1572,8.1572,8.1572,8.1572,8.1572,8.1572,8.1572,8.1572,8.1572,8.1572,8.1572,8.1572,8.1572,8.1572,8.1572,8.1572,8.1572,8.1572,8.1572,8.1572,8.1572,8.1572,8.1572,8.1572,8.1572,8.1572,8.1572,8.1572,8.1572,8.1572,8.1572,8.1572,8.1572,8.1572,8.1572,8.1572,8.1572,8.1572,8.1572,8.1572,8.1572,8.1572,8.1572,8.1572,8.1572,8.1572,8.1572,8.1572,8.1572,8.1572,8.1572,8.1572,8.1572,8.1572,8.1572,8.1572,8.1572,8.1572,8.1572,8.1572,8.1572,8.1572,8.1572,8.1572,8.1572,8.1572,8.1572,8.1572,8.1572,8.1572,8.1572,8.1572,8.1572,8.1572,8.1572,8.1572,8.1572,8.1572,8.1572,8.1572,8.1572,8.1572,8.1572,8.1572,8.1572,8.1572,8.1572,8.1572,8.1572,8.1572,8.1572,8.1572,8.1572,8.1572,8.1572,8.1572,8.1572,8.1572,8.1572,8.1572,8.1572,8.1572,8.1572,8.1572,8.1572,8.1572,8.1572,8.1572,8.1572,8.1572,8.1572,8.1572,8.1572,8.1572,8.1572,8.1572,8.1572,8.1572,8.1572,8.1572,8.1572,8.1572,8.1572,8.1572,8.1572,8.1572,8.1572,8.1572,8.1572,8.1572,8.1572,8.1572,8.1572,8.1572,8.1572,8.1572,8.1572,8.1572,8.1572,8.1572,8.1572,8.1572,8.1572,8.1572,8.1572,8.1572,8.1572,8.1572,8.1572,8.1572,8.1572,8.1572,8.1572,8.1572,8.1572,8.1572,8.1572,8.1572,8.1572,8.1572,8.1572,8.1572,8.1572,8.1572,8.1572,8.1572,8.1572,8.1572,8.1572,8.1572,8.1572,8.1572,8.1572,8.1572,8.1572,8.1572,8.1572,8.1572,8.1572,8.1572,8.1572,8.1572,8.1572,8.1572,8.1572,8.1572,8.1572,8.1572,8.1572,8.1572,8.1572,8.1572,8.1572,8.1572,8.1572,8.1572,8.1572,8.1572,8.1572,8.1572,8.1572,8.1572,8.1572,8.1572,8.1572,8.1572,8.1572,8.1572,8.1572,8.1572,8.1572,8.1572,8.1572,8.1572,8.1572,8.1572,8.1572,8.1572,8.1572,8.1572,8.1572,8.1572,8.1572,8.1572,8.1572,8.1572,8.1572,8.1572,8.1572,8.1572,8.1572,8.1572,8.1572,8.1572,8.1572,8.1572,8.1572,8.1572,8.1572,8.1572,8.1572,8.1572,8.1572,8.1572,8.1572,8.1572,8.1572,8.1572,8.1572,8.1572,8.1572,8.1572,8.1572,8.1572,8.1572,8.1572,8.1572,8.1572,8.1572,8.1572,8.1572,8.1572,8.1572,8.1572,8.1572,8.1572,8.1572,8.1572,8.1572,8.1572,8.1572,8.1572,8.1572,8.1572,8.1572,8.1572,8.1572,8.1572,8.1572,8.1572,8.1572,8.1572,8.1572,8.1572,8.1572,8.1572,8.1572,8.1572,8.1572,8.1572,8.1572,8.1572,8.1572,8.1572,8.1572,8.1572,8.1572,8.1572,8.1572,8.1572,8.1572,8.1572,8.1572,8.1572,8.1572,8.1572,8.1572,8.1572,8.1572,8.1572,8.1572,8.1572,8.1572,8.1572,8.1572,8.1572,8.1572,8.1572,8.1572,8.1572,8.1572,8.1572,8.1572,8.1572,8.1572,8.1572,8.1572,8.1572,8.1572,8.1572,8.1572,8.1572,8.1572,8.1572,8.1572,8.1572,8.1572,8.1572,8.1572,8.1572,8.1572,8.1572,8.1572,8.1572,8.1572,8.1572,8.1572,8.1572,8.1572,8.1572,8.1572,8.1572,8.1572,8.1572,8.1572,8.1572,8.1572,8.1572,8.1572,8.1572,8.1572,8.1572,8.1572,8.1572,8.1572,8.1572,8.1572,8.1572,8.1572,8.1572,8.1572,8.1572,8.1572,8.1572,8.1572,8.1572,8.1572,8.1572,8.1572,8.1572,8.1572,8.1572,8.1572,8.1572,8.1572,8.1572,8.1572,8.1572,8.1572,8.1572,8.1572,8.1572,8.1572,8.1572,8.1572,8.1572,8.1572,8.1572,8.1572,8.1572,8.1572,8.1572,8.1572,8.1572,8.1572,8.1572,8.1572,8.1572,8.1572,8.1572,8.1572,8.1572,8.1572,8.1572,8.1572,8.1572,8.1572,8.1572,8.1572,8.1572,8.1572,8.1572,8.1572,8.1572,8.1572,8.1572,8.1572,8.1572,8.1572,8.1572,8.1572,8.1572,8.1572,8.1572,8.1572,8.1572,8.1572,8.1572,8.1572,8.1572,8.1572,8.1572,8.1572,8.1572,8.1572,8.1572,8.1572,8.1572,8.1572,8.1572,8.1572,8.1572,8.1572,8.1572,8.1572,8.1572,8.1572,8.1572,8.1572,8.1572,8.1572,8.1572,8.1572,8.1572,8.1572,8.1572,8.1572,8.1572,8.1572,8.1572,8.1572,8.1572,8.1572,8.1572,8.1572,8.1572,8.1572,8.1572,8.1572,8.1572,8.1572,8.1572,8.1572,8.1572,8.1572,8.1572,8.1572,8.1572,8.1572,8.1572,8.1572,8.1572,8.1572,8.1572,8.1572,8.1572,8.1572,8.1572,8.1572,8.1572,8.1572,8.1572,8.1572,8.1572,8.1572,8.1572,8.1572,8.1572,8.1572,8.1572,8.1572,8.1572,8.1572,8.1572,8.1572,8.1572,8.1572,8.1572,8.1572,8.1572,8.1572,8.1572,8.1572,8.1572,8.1572,8.1572,8.1572,8.1572,8.1572,8.1572,8.1572,8.1572,8.1572,8.1572,8.1572,8.1572,8.1572,8.1572,8.1572,8.1572,8.1572,8.1572,8.1572,8.1572,8.1572,8.1572,8.1572,8.1572,8.1572,8.1572,8.1572,8.1572,8.1572,8.1572,8.1572,8.1572,8.1572,8.1572,8.1572,8.1572,8.1572,8.1572,8.1572,8.1572,8.1572,8.1572,8.1572,8.1572,8.1572,8.1572,8.1572,8.1572,8.1572,8.1572,8.1572,8.1572,8.1572,8.1572,8.1572,8.1572,8.1572,8.1572,8.1572,8.1572,8.1572,8.1572,8.1572,8.1572,8.1572,8.1572,8.1572,8.1572,8.1572,8.1572,8.1572,8.1572,8.1572,8.1572,8.1572,8.1572,8.1572,8.1572,8.1572,8.1572,8.1572,8.1572,8.1572,8.1572,8.1572,8.1572,8.1572,8.1572,8.1572,8.1572,8.1572,8.1572,8.1572,8.1572,8.1572,8.1572,8.1572,8.1572,8.1572,8.1572,8.1572,8.1572,8.1572,8.1572,8.1572,8.1572,8.1572,8.1572,8.1572,8.1572,8.1572,8.1572,8.1572,8.1572,8.1572,8.1572,8.1572,8.1572,8.1572,8.1572,8.1572,8.1572,8.1572,8.1572,8.1572,8.1572,8.1572,8.1572,8.1572,8.1572,8.1572,8.1572,8.1572,8.1572,8.1572,8.1572,8.1572,8.1572,8.1572,8.1572,8.1572,8.1572,8.1572,8.1572
8.1489,8.1489,8.1489,8.1489,8.1489,8.1489,8.1489,8.1489,8.1489,8.1489,8.1489,8.1489,8.1489,8.1489,8.1489,8.1489,8.1489,8.1489,8.1489,8.1489,8.1489,8.1489,8.1489,8.1489,8.1489,8.1489,8.1489,8.1489,8.1489,8.1489,8.1489,8.1489,8.1489,8.1489,8.1489,8.1489,8.1489,8.1489,8.1489,8.1489,8.1489,8.1489,8.1489,8.1489,8.1489,8.1489,8.1489,8.1489,8.1489,8.1489,8.1489,8.1489,8.1489,8.1489,8.1489,8.1489,8.1489,8.1489,8.1489,8.1489,8.1489,8.1489,8.1489,8.1489,8.1489,8.1489,8.1489,8.1489,8.1489,8.1489,8.1489,8.1489,8.1489,8.1489,8.1489,8.1489,8.1489,8.1489,8.1489,8.1489,8.1489,8.1489,8.1489,8.1489,8.1489,8.1489,8.1489,8.1489,8.1489,8.1489,8.1489,8.1489,8.1489,8.1489,8.1489,8.1489,8.1489,8.1489,8.1489,8.1489,8.1489,8.1489,8.1489,8.1489,8.1489,8.1489,8.1489,8.1489,8.1489,8.1489,8.1489,8.1489,8.1489,8.1489,8.1489,8.1489,8.1489,8.1489,8.1489,8.1489,8.1489,8.1489,8.1489,8.1489,8.1489,8.1489,8.1489,8.1489,8.1489,8.1489,8.1489,8.1489,8.1489,8.1489,8.1489,8.1489,8.1489,8.1489,8.1489,8.1489,8.1489,8.1489,8.1489,8.1489,8.1489,8.1489,8.1489,8.1489,8.1489,8.1489,8.1489,8.1489,8.1489,8.1489,8.1489,8.1489,8.1489,8.1489,8.1489,8.1489,8.1489,8.1489,8.1489,8.1489,8.1489,8.1489,8.1489,8.1489,8.1489,8.1489,8.1489,8.1489,8.1489,8.1489,8.1489,8.1489,8.1489,8.1489,8.1489,8.1489,8.1489,8.1489,8.1489,8.1489,8.1489,8.1489,8.1489,8.1489,8.1489,8.1489,8.1489,8.1489,8.1489,8.1489,8.1489,8.1489,8.1489,8.1489,8.1489,8.1489,8.1489,8.1489,8.1489,8.1489,8.1489,8.1489,8.1489,8.1489,8.1489,8.1489,8.1489,8.1489,8.1489,8.1489,8.1489,8.1489,8.1489,8.1489,8.1489,8.1489,8.1489,8.1489,8.1489,8.1489,8.1489,8.1489,8.1489,8.1489,8.1489,8.1489,8.1489,8.1489,8.1489,8.1489,8.1489,8.1489,8.1489,8.1489,8.1489,8.1489,8.1489,8.1489,8.1489,8.1489,8.1489,8.1489,8.1489,8.1489,8.1489,8.1489,8.1489,8.1489,8.1489,8.1489,8.1489,8.1489,8.1489,8.1489,8.1489,8.1489,8.1489,8.1489,8.1489,8.1489,8.1489,8.1489,8.1489,8.1489,8.1489,8.1489,8.1489,8.1489,8.1489,8.1489,8.1489,8.1489,8.1489,8.1489,8.1489,8.1489,8.1489,8.1489,8.1489,8.1489,8.1489,8.1489,8.1489,8.1489,8.1489,8.1489,8.1489,8.1489,8.1489,8.1489,8.1489,8.1489,8.1489,8.1489,8.1489,8.1489,8.1489,8.1489,8.1489,8.1489,8.1489,8.1489,8.1489,8.1489,8.1489,8.1489,8.1489,8.1489,8.1489,8.1489,8.1489,8.1489,8.1489,8.1489,8.1489,8.1489,8.1489,8.1489,8.1489,8.1489,8.1489,8.1489,8.1489,8.1489,8.1489,8.1489,8.1489,8.1489,8.1489,8.1489,8.1489,8.1489,8.1489,8.1489,8.1489,8.1489,8.1489,8.1489,8.1489,8.1489,8.1489,8.1489,8.1489,8.1489,8.1489,8.1489,8.1489,8.1489,8.1489,8.1489,8.1489,8.1489,8.1489,8.1489,8.1489,8.1489,8.1489,8.1489,8.1489,8.1489,8.1489,8.1489,8.1489,8.1489,8.1489,8.1489,8.1489,8.1489,8.1489,8.1489,8.1489,8.1489,8.1489,8.1489,8.1489,8.1489,8.1489,8.1489,8.1489,8.1489,8.1489,8.1489,8.1489,8.1489,8.1489,8.1489,8.1489,8.1489,8.1489,8.1489,8.1489,8.1489,8.1489,8.1489,8.1489,8.1489,8.1489,8.1489,8.1489,8.1489,8.1489,8.1489,8.1489,8.1489,8.1489,8.1489,8.1489,8.1489,8.1489,8.1489,8.1489,8.1489,8.1489,8.1489,8.1489,8.1489,8.1489,8.1489,8.1489,8.1489,8.1489,8.1489,8.1489,8.1489,8.1489,8.1489,8.1489,8.1489,8.1489,8.1489,8.1489,8.1489,8.1489,8.1489,8.1489,8.1489,8.1489,8.1489,8.1489,8.1489,8.1489,8.1489,8.1489,8.1489,8.1489,8.1489,8.1489,8.1489,8.1489,8.1489,8.1489,8.1489,8.1489,8.1489,8.1489,8.1489,8.1489,8.1489,8.1489,8.1489,8.1489,8.1489,8.1489,8.1489,8.1489,8.1489,8.1489,8.1489,8.1489,8.1489,8.1489,8.1489,8.1489,8.1489,8.1489,8.1489,8.1489,8.1489,8.1489,8.1489,8.1489,8.1489,8.1489,8.1489,8.1489,8.1489,8.1489,8.1489,8.1489,8.1489,8.1489,8.1489,8.1489,8.1489,8.1489,8.1489,8.1489,8.1489,8.1489,8.1489,8.1489,8.1489,8.1489,8.1489,8.1489,8.1489,8.1489,8.1489,8.1489,8.1489,8.1489,8.1489,8.1489,8.1489,8.1489,8.1489,8.1489,8.1489,8.1489,8.1489,8.1489,8.1489,8.1489,8.1489,8.1489,8.1489,8.1489,8.1489,8.1489,8.1489,8.1489,8.1489,8.1489,8.1489,8.1489,8.1489,8.1489,8.1489,8.1489,8.1489,8.1489,8.1489,8.1489,8.1489,8.1489,8.1489,8.1489,8.1489,8.1489,8.1489,8.1489,8.1489,8.1489,8.1489,8.1489,8.1489,8.1489,8.1489,8.1489,8.1489,8.1489,8.1489,8.1489,8.1489,8.1489,8.1489,8.1489,8.1489,8.1489,8.1489,8.1489,8.1489,8.1489,8.1489,8.1489,8.1489,8.1489,8.1489,8.1489,8.1489,8.1489,8.1489,8.1489,8.1489,8.1489,8.1489,8.1489,8.1489,8.1489,8.1489,8.1489,8.1489,8.1489,8.1489,8.1489,8.1489,8.1489,8.1489,8.1489,8.1489,8.1489,8.1489,8.1489,8.1489,8.1489,8.1489,8.1489,8.1489,8.1489,8.1489,8.1489,8.1489,8.1489,8.1489,8.1489,8.1489,8.1489,8.1489,8.1489,8.1489,8.1489,8.1489,8.1489,8.1489,8.1489,8.1489,8.1489,8.1489,8.1489,8.1489,8.1489,8.1489,8.1489,8.1489,8.1489,8.1489,8.1489,8.1489,8.1489,8.1489,8.1489,8.1489,8.1489,8.1489,8.1489,8.1489,8.1489,8.1489,8.1489,8.1489,8.1489,8.1489,8.1489,8.1489,8.1489,8.1489,8.1489,8.1489,8.1489,8.1489,8.1489,8.1489,8.1489,8.1489,8.1489,8.1489,8.1489,8.1489,8.1489,8.1489,8.1489,8.1489,8.1489,8.1489,8.1489,8.1489,8.1489,8.1489,8.1489,8.1489,8.1489,8.1489,8.1489,8.1489,8.1489,8.1489,8.1489,8.1489,8.1489,8.1489,8.1489,8.1489,8.1489,8.1489,8.1489,8.1489,8.1489,8.1489,8.1489,8.1489,8.1489,8.1489,8.1489,8.1489,8.1489,8.1489,8.1489,8.1489,8.1489,8.1489,8.1489,8.1489,8.1489,8.1489,8.1489,8.1489,8.1489,8.1489,8.1489,8.1489,8.1489,8.1489,8.1489,8.1489,8.1489,8.1489,8.1489,8.1489,8.1489,8.1489,8.1489,8.1489,8.1489,8.1489,8.1489,8.1489,8.1489,8.1489,8.1489,8.1489,8.1489,8.1489,8.1489,8.1489,8.1489,8.1489,8.1489,8.1489,8.1489,8.1489,8.1489,8.1489,8.1489,8.1489,8.1489,8.1489,8.1489,8.1489,8.1489,8.1489,8.1489,8.1489,8.1489,8.1489,8.1489,8.1489,8.1489,8.1489,8.1489,8.1489,8.1489,8.1489,8.1489,8.1489,8.1489,8.1489,8.1489,8.1489,8.1489,8.1489,8.1489,8.1489,8.1489,8.1489,8.1489,8.1489,8.1489,8.1489,8.1489,8.1489,8.1489,8.1489,8.1489,8.1489,8.1489,8.1489,8.1489,8.1489,8.1489,8.1489,8.1489,8.1489,8.1489,8.1489,8.1489,8.1489,8.1489,8.1489,8.1489,8.1489,8.1489,8.1489,8.1489,8.1489,8.1489,8.1489,8.1489,8.1489,8.1489,8.1489,8.1489,8.1489,8.1489,8.1489,8.1489,8.1489,8.1489,8.1489,8.1489,8.1489,8.1489,8.1489,8.1489,8.1489,8.1489,8.1489,8.1489,8.1489,8.1489,8.1489,8.1489,8.1489,8.1489,8.1489,8.1489,8.1489,8.1489,8.1489,8.1489,8.1489,8.1489,8.1489,8.1489,8.1489,8.1489,8.1489,8.1489,8.1489,8.1489,8.1489,8.1489,8.1489,8.1489,8.1489,8.1489,8.1489,8.1489,8.1489,8.1489,8.1489,8.1489,8.1489,8.1489,8.1489,8.1489,8.1489,8.1489,8.1489,8.1489,8.1489,8.1489,8.1489,8.1489,8.1489,8.1489,8.1489,8.1489,8.1489,8.1489,8.1489,8.1489,8.1489,8.1489,8.1489,8.1489,8.1489,8.1489,8.1489,8.1489,8.1489,8.1489,8.1489,8.1489,8.1489,8.1489,8.1489,8.1489,8.1489,8.1489,8.1489,8.1489,8.1489,8.1489,8.1489,8.1489,8.1489,8.1489,8.1489,8.1489,8.1489,8.1489,8.1489,8.1489,8.1489,8.1489,8.1489,8.1489,8.1489,8.1489,8.1489,8.1489,8.1489,8.1489,8.1489,8.1489,8.1489,8.1489,8.1489,8.1489,8.1489,8.1489,8.1489,8.1489,8.1489,8.1489,8.1489,8.1489,8.1489,8.1489,8.1489,8.1489,8.1489,8.1489,8.1489,8.1489,8.1489
8.1414,8.1414,8.1414,8.1414,8.1414,8.1414,8.1414,8.1414,8.1414,8.1414,8.1414,8.1414,8.1414,8.1414,8.1414,8.1414,8.1414,8.1414,8.1414,8.1414,8.1414,8.1414,8.1414,8.1414,8.1414,8.1414,8.1414,8.1414,8.1414,8.1414,8.1414,8.1414,8.1414,8.1414,8.1414,8.1414,8.1414,8.1414,8.1414,8.1414,8.1414,8.1414,8.1414,8.1414,8.1414,8.1414,8.1414,8.1414,8.1414,8.1414,8.1414,8.1414,8.1414,8.1414,8.1414,8.1414,8.1414,8.1414,8.1414,8.1414,8.1414,8.1414,8.1414,8.1414,8.1414,8.1414,8.1414,8.1414,8.1414,8.1414,8.1414,8.1414,8.1414,8.1414,8.1414,8.1414,8.1414,8.1414,8.1414,8.1414,8.1414,8.1414,8.1414,8.1414,8.1414,8.1414,8.1414,8.1414,8.1414,8.1414,8.1414,8.1414,8.1414,8.1414,8.1414,8.1414,8.1414,8.1414,8.1414,8.1414,8.1414,8.1414,8.1414,8.1414,8.1414,8.1414,8.1414,8.1414,8.1414,8.1414,8.1414,8.1414,8.1414,8.1414,8.1414,8.1414,8.1414,8.1414,8.1414,8.1414,8.1414,8.1414,8.1414,8.1414,8.1414,8.1414,8.1414,8.1414,8.1414,8.1414,8.1414,8.1414,8.1414,8.1414,8.1414,8.1414,8.1414,8.1414,8.1414,8.1414,8.1414,8.1414,8.1414,8.1414,8.1414,8.1414,8.1414,8.1414,8.1414,8.1414,8.1414,8.1414,8.1414,8.1414,8.1414,8.1414,8.1414,8.1414,8.1414,8.1414,8.1414,8.1414,8.1414,8.1414,8.1414,8.1414,8.1414,8.1414,8.1414,8.1414,8.1414,8.1414,8.1414,8.1414,8.1414,8.1414,8.1414,8.1414,8.1414,8.1414,8.1414,8.1414,8.1414,8.1414,8.1414,8.1414,8.1414,8.1414,8.1414,8.1414,8.1414,8.1414,8.1414,8.1414,8.1414,8.1414,8.1414,8.1414,8.1414,8.1414,8.1414,8.1414,8.1414,8.1414,8.1414,8.1414,8.1414,8.1414,8.1414,8.1414,8.1414,8.1414,8.1414,8.1414,8.1414,8.1414,8.1414,8.1414,8.1414,8.1414,8.1414,8.1414,8.1414,8.1414,8.1414,8.1414,8.1414,8.1414,8.1414,8.1414,8.1414,8.1414,8.1414,8.1414,8.1414,8.1414,8.1414,8.1414,8.1414,8.1414,8.1414,8.1414,8.1414,8.1414,8.1414,8.1414,8.1414,8.1414,8.1414,8.1414,8.1414,8.1414,8.1414,8.1414,8.1414,8.1414,8.1414,8.1414,8.1414,8.1414,8.1414,8.1414,8.1414,8.1414,8.1414,8.1414,8.1414,8.1414,8.1414,8.1414,8.1414,8.1414,8.1414,8.1414,8.1414,8.1414,8.1414,8.1414,8.1414,8.1414,8.1414,8.1414,8.1414,8.1414,8.1414,8.1414,8.1414,8.1414,8.1414,8.1414,8.1414,8.1414,8.1414,8.1414,8.1414,8.1414,8.1414,8.1414,8.1414,8.1414,8.1414,8.1414,8.1414,8.1414,8.1414,8.1414,8.1414,8.1414,8.1414,8.1414,8.1414,8.1414,8.1414,8.1414,8.1414,8.1414,8.1414,8.1414,8.1414,8.1414,8.1414,8.1414,8.1414,8.1414,8.1414,8.1414,8.1414,8.1414,8.1414,8.1414,8.1414,8.1414,8.1414,8.1414,8.1414,8.1414,8.1414,8.1414,8.1414,8.1414,8.1414,8.1414,8.1414,8.1414,8.1414,8.1414,8.1414,8.1414,8.1414,8.1414,8.1414,8.1414,8.1414,8.1414,8.1414,8.1414,8.1414,8.1414,8.1414,8.1414,8.1414,8.1414,8.1414,8.1414,8.1414,8.1414,8.1414,8.1414,8.1414,8.1414,8.1414,8.1414,8.1414,8.1414,8.1414,8.1414,8.1414,8.1414,8.1414,8.1414,8.1414,8.1414,8.1414,8.1414,8.1414,8.1414,8.1414,8.1414,8.1414,8.1414,8.1414,8.1414,8.1414,8.1414,8.1414,8.1414,8.1414,8.1414,8.1414,8.1414,8.1414,8.1414,8.1414,8.1414,8.1414,8.1414,8.1414,8.1414,8.1414,8.1414,8.1414,8.1414,8.1414,8.1414,8.1414,8.1414,8.1414,8.1414,8.1414,8.1414,8.1414,8.1414,8.1414,8.1414,8.1414,8.1414,8.1414,8.1414,8.1414,8.1414,8.1414,8.1414,8.1414,8.1414,8.1414,8.1414,8.1414,8.1414,8.1414,8.1414,8.1414,8.1414,8.1414,8.1414,8.1414,8.1414,8.1414,8.1414,8.1414,8.1414,8.1414,8.1414,8.1414,8.1414,8.1414,8.1414,8.1414,8.1414,8.1414,8.1414,8.1414,8.1414,8.1414,8.1414,8.1414,8.1414,8.1414,8.1414,8.1414,8.1414,8.1414,8.1414,8.1414,8.1414,8.1414,8.1414,8.1414,8.1414,8.1414,8.1414,8.1414,8.1414,8.1414,8.1414,8.1414,8.1414,8.1414,8.1414,8.1414,8.1414,8.1414,8.1414,8.1414,8.1414,8.1414,8.1414,8.1414,8.1414,8.1414,8.1414,8.1414,8.1414,8.1414,8.1414,8.1414,8.1414,8.1414,8.1414,8.1414,8.1414,8.1414,8.1414,8.1414,8.1414,8.1414,8.1414,8.1414,8.1414,8.1414,8.1414,8.1414,8.1414,8.1414,8.1414,8.1414,8.1414,8.1414,8.1414,8.1414,8.1414,8.1414,8.1414,8.1414,8.1414,8.1414,8.1414,8.1414,8.1414,8.1414,8.1414,8.1414,8.1414,8.1414,8.1414,8.1414,8.1414,8.1414,8.1414,8.1414,8.1414,8.1414,8.1414,8.1414,8.1414,8.1414,8.1414,8.1414,8.1414,8.1414,8.1414,8.1414,8.1414,8.1414,8.1414,8.1414,8.1414,8.1414,8.1414,8.1414,8.1414,8.1414,8.1414,8.1414,8.1414,8.1414,8.1414,8.1414,8.1414,8.1414,8.1414,8.1414,8.1414,8.1414,8.1414,8.1414,8.1414,8.1414,8.1414,8.1414,8.1414,8.1414,8.1414,8.1414,8.1414,8.1414,8.1414,8.1414,8.1414,8.1414,8.1414,8.1414,8.1414,8.1414,8.1414,8.1414,8.1414,8.1414,8.1414,8.1414,8.1414,8.1414,8.1414,8.1414,8.1414,8.1414,8.1414,8.1414,8.1414,8.1414,8.1414,8.1414,8.1414,8.1414,8.1414,8.1414,8.1414,8.1414,8.1414,8.1414,8.1414,8.1414,8.1414,8.1414,8.1414,8.1414,8.1414,8.1414,8.1414,8.1414,8.1414,8.1414,8.1414,8.1414,8.1414,8.1414,8.1414,8.1414,8.1414,8.1414,8.1414,8.1414,8.1414,8.1414,8.1414,8.1414,8.1414,8.1414,8.1414,8.1414,8.1414,8.1414,8.1414,8.1414,8.1414,8.1414,8.1414,8.1414,8.1414,8.1414,8.1414,8.1414,8.1414,8.1414,8.1414,8.1414,8.1414,8.1414,8.1414,8.1414,8.1414,8.1414,8.1414,8.1414,8.1414,8.1414,8.1414,8.1414,8.1414,8.1414,8.1414,8.1414,8.1414,8.1414,8.1414,8.1414,8.1414,8.1414,8.1414,8.1414,8.1414,8.1414,8.1414,8.1414,8.1414,8.1414,8.1414,8.1414,8.1414,8.1414,8.1414,8.1414,8.1414,8.1414,8.1414,8.1414,8.1414,8.1414,8.1414,8.1414,8.1414,8.1414,8.1414,8.1414,8.1414,8.1414,8.1414,8.1414,8.1414,8.1414,8.1414,8.1414,8.1414,8.1414,8.1414,8.1414,8.1414,8.1414,8.1414,8.1414,8.1414,8.1414,8.1414,8.1414,8.1414,8.1414,8.1414,8.1414,8.1414,8.1414,8.1414,8.1414,8.1414,8.1414,8.1414,8.1414,8.1414,8.1414,8.1414,8.1414,8.1414,8.1414,8.1414,8.1414,8.1414,8.1414,8.1414,8.1414,8.1414,8.1414,8.1414,8.1414,8.1414,8.1414,8.1414,8.1414,8.1414,8.1414,8.1414,8.1414,8.1414,8.1414,8.1414,8.1414,8.1414,8.1414,8.1414,8.1414,8.1414,8.1414,8.1414,8.1414,8.1414,8.1414,8.1414,8.1414,8.1414,8.1414,8.1414,8.1414,8.1414,8.1414,8.1414,8.1414,8.1414,8.1414,8.1414,8.1414,8.1414,8.1414,8.1414,8.1414,8.1414,8.1414,8.1414,8.1414,8.1414,8.1414,8.1414,8.1414,8.1414,8.1414,8.1414,8.1414,8.1414,8.1414,8.1414,8.1414,8.1414,8.1414,8.1414,8.1414,8.1414,8.1414,8.1414,8.1414,8.1414,8.1414,8.1414,8.1414,8.1414,8.1414,8.1414,8.1414,8.1414,8.1414,8.1414,8.1414,8.1414,8.1414,8.1414,8.1414,8.1414,8.1414,8.1414,8.1414,8.1414,8.1414,8.1414,8.1414,8.1414,8.1414,8.1414,8.1414,8.1414,8.1414,8.1414,8.1414,8.1414,8.1414,8.1414,8.1414,8.1414,8.1414,8.1414,8.1414,8.1414,8.1414,8.1414,8.1414,8.1414,8.1414,8.1414,8.1414,8.1414,8.1414,8.1414,8.1414,8.1414,8.1414,8.1414,8.1414,8.1414,8.1414,8.1414,8.1414,8.1414,8.1414,8.1414,8.1414,8.1414,8.1414,8.1414,8.1414,8.1414,8.1414,8.1414,8.1414,8.1414,8.1414,8.1414,8.1414,8.1414,8.1414,8.1414,8.1414,8.1414,8.1414,8.1414,8.1414,8.1422,8.1422,8.1422,8.1422,8.1422,8.1422,8.1422,8.1422,8.1422,8.1422,8.1422,8.1422,8.1422,8.1422,8.1422,8.1422,8.1422,8.1422,8.1422,8.1422,8.1422,8.1422,8.1422,8.1422,8.1422,8.1422,8.1422,8.1422,8.1422,8.1422,8.1422,8.1422,8.1422,8.1422,8.1422,8.1422,8.1422,8.1422,8.1422,8.1422,8.1422
8.1347,8.1347,8.1347,8.1347,8.1347,8.1347,8.1347,8.1347,8.1347,8.1347,8.1347,8.1347,8.1347,8.1347,8.1347,8.1347,8.1347,8.1347,8.1347,8.1347,8.1347,8.1347,8.1347,8.1347,8.1347,8.1347,8.1347,8.1347,8.1347,8.1347,8.1347,8.1347,8.1347,8.1347,8.1347,8.1347,8.1347,8.1347,8.1347,8.1347,8.1347,8.1347,8.1347,8.1347,8.1347,8.1347,8.1347,8.1347,8.1347,8.1347,8.1347,8.1347,8.1347,8.1347,8.1347,8.1347,8.1347,8.1347,8.1347,8.1347,8.1347,8.1347,8.1347,8.1347,8.1347,8.1347,8.1347,8.1347,8.1347,8.1347,8.1347,8.1347,8.1347,8.1347,8.1347,8.1347,8.1347,8.1347,8.1347,8.1347,8.1347,8.1347,8.1347,8.1347,8.1347,8.1347,8.1347,8.1347,8.1347,8.1347,8.1347,8.1347,8.1347,8.1347,8.1347,8.1347,8.1347,8.1347,8.1347,8.1347,8.1347,8.1347,8.1347,8.1347,8.1347,8.1347,8.1347,8.1347,8.1347,8.1347,8.1347,8.1347,8.1347,8.1347,8.1347,8.1347,8.1347,8.1347,8.1347,8.1347,8.1347,8.1347,8.1347,8.1347,8.1347,8.1347,8.1347,8.1347,8.1347,8.1347,8.1347,8.1347,8.1347,8.1347,8.1347,8.1347,8.1347,8.1347,8.1347,8.1347,8.1347,8.1347,8.1347,8.1347,8.1347,8.1347,8.1347,8.1347,8.1347,8.1347,8.1347,8.1347,8.1347,8.1347,8.1347,8.1347,8.1347,8.1347,8.1347,8.1347,8.1347,8.1347,8.1347,8.1347,8.1347,8.1347,8.1347,8.1347,8.1347,8.1347,8.1347,8.1347,8.1347,8.1347,8.1347,8.1347,8.1347,8.1347,8.1347,8.1347,8.1347,8.1347,8.1347,8.1347,8.1347,8.1347,8.1347,8.1347,8.1347,8.1347,8.1347,8.1347,8.1347,8.1347,8.1347,8.1347,8.1347,8.1347,8.1347,8.1347,8.1347,8.1347,8.1347,8.1347,8.1347,8.1347,8.1347,8.1347,8.1347,8.1347,8.1347,8.1347,8.1347,8.1347,8.1347,8.1347,8.1347,8.1347,8.1347,8.1347,8.1347,8.1347,8.1347,8.1347,8.1347,8.1347,8.1347,8.1347,8.1347,8.1347,8.1347,8.1347,8.1347,8.1347,8.1347,8.1347,8.1347,8.1347,8.1347,8.1347,8.1347,8.1347,8.1347,8.1347,8.1347,8.1347,8.1347,8.1347,8.1347,8.1347,8.1347,8.1347,8.1347,8.1347,8.1347,8.1347,8.1347,8.1347,8.1347,8.1347,8.1347,8.1347,8.1347,8.1347,8.1347,8.1347,8.1347,8.1347,8.1347,8.1347,8.1347,8.1347,8.1347,8.1347,8.1347,8.1347,8.1347,8.1347,8.1347,8.1347,8.1347,8.1347,8.1347,8.1347,8.1347,8.1347,8.1347,8.1347,8.1347,8.1347,8.1347,8.1347,8.1347,8.1347,8.1347,8.1347,8.1347,8.1347,8.1347,8.1347,8.1347,8.1347,8.1347,8.1347,8.1347,8.1347,8.1347,8.1347,8.1347,8.1347,8.1347,8.1347,8.1347,8.1347,8.1347,8.1347,8.1347,8.1347,8.1347,8.1347,8.1347,8.1347,8.1347,8.1347,8.1347,8.1347,8.1347,8.1347,8.1347,8.1347,8.1347,8.1347,8.1347,8.1347,8.1347,8.1347,8.1347,8.1347,8.1347,8.1347,8.1347,8.1347,8.1347,8.1347,8.1347,8.1347,8.1347,8.1347,8.1347,8.1347,8.1347,8.1347,8.1347,8.1347,8.1347,8.1347,8.1347,8.1347,8.1347,8.1347,8.1347,8.1347,8.1347,8.1347,8.1347,8.1347,8.1347,8.1347,8.1347,8.1347,8.1347,8.1347,8.1347,8.1347,8.1347,8.1347,8.1347,8.1347,8.1347,8.1347,8.1347,8.1347,8.1347,8.1347,8.1347,8.1347,8.1347,8.1347,8.1347,8.1347,8.1347,8.1347,8.1347,8.1347,8.1347,8.1347,8.1347,8.1347,8.1347,8.1347,8.1347,8.1347,8.1347,8.1347,8.1347,8.1347,8.1347,8.1347,8.1347,8.1347,8.1347,8.1347,8.1347,8.1347,8.1347,8.1347,8.1347,8.1347,8.1347,8.1347,8.1347,8.1347,8.1347,8.1347,8.1347,8.1347,8.1347,8.1347,8.1347,8.1347,8.1347,8.1347,8.1347,8.1347,8.1347,8.1347,8.1347,8.1347,8.1347,8.1347,8.1347,8.1347,8.1347,8.1347,8.1347,8.1347,8.1347,8.1347,8.1347,8.1347,8.1347,8.1347,8.1347,8.1347,8.1347,8.1347,8.1347,8.1347,8.1347,8.1347,8.1347,8.1347,8.1347,8.1347,8.1347,8.1347,8.1347,8.1347,8.1347,8.1347,8.1347,8.1347,8.1347,8.1347,8.1347,8.1347,8.1347,8.1347,8.1347,8.1347,8.1347,8.1347,8.1347,8.1347,8.1347,8.1347,8.1347,8.1347,8.1347,8.1347,8.1347,8.1347,8.1347,8.1347,8.1347,8.1347,8.1347,8.1347,8.1347,8.1347,8.1347,8.1347,8.1347,8.1347,8.1347,8.1347,8.1347,8.1347,8.1347,8.1347,8.1347,8.1347,8.1347,8.1347,8.1347,8.1347,8.1347,8.1347,8.1347,8.1347,8.1347,8.1347,8.1347,8.1347,8.1347,8.1347,8.1347,8.1347,8.1347,8.1347,8.1347,8.1347,8.1347,8.1347,8.1347,8.1347,8.1347,8.1347,8.1347,8.1347,8.1347,8.1347,8.1347,8.1347,8.1347,8.1347,8.1347,8.1347,8.1347,8.1347,8.1347,8.1347,8.1347,8.1347,8.1347,8.1347,8.1347,8.1347,8.1347,8.1347,8.1347,8.1347,8.1347,8.1347,8.1347,8.1347,8.1347,8.1347,8.1347,8.1347,8.1347,8.1347,8.1347,8.1347,8.1347,8.1347,8.1347,8.1347,8.1347,8.1347,8.1347,8.1347,8.1347,8.1347,8.1347,8.1347,8.1347,8.1347,8.1347,8.1347,8.1347,8.1347,8.1347,8.1347,8.1347,8.1347,8.1347,8.1347,8.1347,8.1347,8.1347,8.1347,8.1347,8.1347,8.1347,8.1347,8.1347,8.1347,8.1347,8.1347,8.1347,8.1343,8.1343,8.1343,8.1343,8.1343,8.1343,8.1343,8.1343,8.1343,8.1343,8.1343,8.1343,8.1343,8.1343,8.1343,8.1343,8.1343,8.1343,8.1343,8.1343,8.1343,8.1343,8.1343,8.1343,8.1343,8.1343,8.1343,8.1343,8.1343,8.1343,8.1343,8.1343,8.1343,8.1343,8.1343,8.1343,8.1343,8.1343,8.1343,8.1343,8.1343,8.1343,8.1343,8.1343,8.1343,8.1343,8.1343,8.1343,8.1343,8.1343,8.1343,8.1343,8.1343,8.1343,8.1343,8.1343,8.1343,8.1343,8.1343,8.1343,8.1343,8.1343,8.1343,8.1343,8.1343,8.1343,8.1343,8.1343,8.1343,8.1343,8.1343,8.1343,8.1343,8.1343,8.1343,8.1343,8.1343,8.1343,8.1343,8.1343,8.1343,8.1343,8.1343,8.1343,8.1343,8.1343,8.1343,8.1343,8.1343,8.1343,8.1343,8.1343,8.1343,8.1343,8.1343,8.1343,8.1343,8.1343,8.1343,8.1343,8.1343,8.1343,8.1343,8.1343,8.1343,8.1343,8.1343,8.1343,8.1343,8.1343,8.1343,8.1343,8.1343,8.1343,8.1343,8.1343,8.1343,8.1343,8.1343,8.1343,8.1343,8.1343,8.1343,8.1343,8.1343,8.1343,8.1343,8.1343,8.1343,8.1343,8.1343,8.1343,8.1343,8.1343,8.1343,8.1343,8.1343,8.1343,8.1343,8.1343,8.1343,8.1343,8.1343,8.1343,8.1343,8.1343,8.1343,8.1343,8.1343,8.1343,8.1343,8.1343,8.1343,8.1343,8.1343,8.1343,8.1343,8.1343,8.1343,8.1343,8.1343,8.1343,8.1343,8.1343,8.1343,8.1343,8.1343,8.1343,8.1343,8.1343,8.1343,8.1343,8.1343,8.1343,8.1343,8.1343,8.1343,8.1343,8.1343,8.1343,8.1343,8.1343,8.1343,8.1343,8.1343,8.1343,8.1343,8.1343,8.1343,8.1343,8.1343,8.1343,8.1343,8.1343,8.1343,8.1343,8.1343,8.1343,8.1343,8.1343,8.1343,8.1343,8.1343,8.1343,8.1343,8.1343,8.1343,8.1343,8.1343,8.1343,8.1343,8.1343,8.1343,8.1343,8.1343,8.1343,8.1343,8.1343,8.1343,8.1343,8.1343,8.1343,8.1343,8.1343,8.1343,8.1343,8.1343,8.1343,8.1343,8.1343,8.1343,8.1343,8.1343,8.1343,8.1343,8.1343,8.1343,8.1343,8.1343,8.1343,8.1343,8.1343,8.1343,8.1343,8.1343,8.1343,8.1343,8.1343,8.1343,8.1343,8.1343,8.1343,8.1343,8.1343,8.1343,8.1343,8.1343,8.1343,8.1343,8.1343,8.1343,8.1343,8.1343,8.1343,8.1343,8.1343,8.1343,8.1343,8.1343,8.1343,8.1343,8.1343,8.1343,8.1343,8.1343,8.1343,8.1343,8.1343,8.1343,8.1343,8.1343,8.1343,8.1343,8.1343,8.1343,8.1343,8.1343,8.1343,8.1343,8.1343,8.1343,8.1343,8.1343,8.1343,8.1343,8.1343,8.1343,8.1343,8.1343,8.1343,8.1343,8.1343,8.1343,8.1343,8.1343,8.1343,8.1343,8.1343,8.1343,8.1343,8.1343,8.1343,8.1343,8.1343,8.1343,8.1343,8.1343,8.1343,8.1343,8.1343,8.1343,8.1343,8.1343,8.1343,8.1343,8.1343,8.1343,8.1343,8.1343,8.1343,8.1343,8.1343,8.1343,8.1343,8.1343,8.1343,8.1343,8.1343,8.1343,8.1343,8.1343,8.1343,8.1343,8.1343,8.1343,8.1343,8.1343,8.1343,8.1343
8.1272,8.1272,8.1272,8.1272,8.1272,8.1272,8.1272,8.1272,8.1272,8.1272,8.1272,8.1272,8.1272,8.1272,8.1272,8.1272,8.1272,8.1272,8.1272,8.1272,8.1272,8.1272,8.1272,8.1272,8.1272,8.1272,8.1272,8.1272,8.1272,8.1272,8.1272,8.1272,8.1272,8.1272,8.1272,8.1272,8.1272,8.1272,8.1272,8.1272,8.1272,8.1272,8.1272,8.1272,8.1272,8.1272,8.1272,8.1272,8.1272,8.1272,8.1272,8.1272,8.1272,8.1272,8.1272,8.1272,8.1272,8.1272,8.1272,8.1272,8.1272,8.1272,8.1272,8.1272,8.1272,8.1272,8.1272,8.1272,8.1272,8.1272,8.1272,8.1272,8.1272,8.1272,8.1272,8.1272,8.1272,8.1272,8.1272,8.1272,8.1272,8.1272,8.1272,8.1272,8.1272,8.1272,8.1272,8.1272,8.1272,8.1272,8.1272,8.1272,8.1272,8.1272,8.1272,8.1272,8.1272,8.1272,8.1272,8.1272,8.1272,8.1272,8.1272,8.1272,8.1272,8.1272,8.1272,8.1272,8.1272,8.1272,8.1272,8.1272,8.1272,8.1272,8.1272,8.1272,8.1272,8.1272,8.1272,8.1272,8.1272,8.1272,8.1272,8.1272,8.1272,8.1272,8.1272,8.1272,8.1272,8.1272,8.1272,8.1272,8.1272,8.1272,8.1272,8.1272,8.1272,8.1272,8.1272,8.1272,8.1272,8.1272,8.1272,8.1272,8.1272,8.1272,8.1272,8.1272,8.1272,8.1272,8.1272,8.1272,8.1272,8.1272,8.1272,8.1272,8.1272,8.1272,8.1272,8.1272,8.1272,8.1272,8.1272,8.1272,8.1272,8.1272,8.1272,8.1272,8.1272,8.1272,8.1272,8.1272,8.1272,8.1272,8.1272,8.1272,8.1272,8.1272,8.1272,8.1272,8.1272,8.1272,8.1272,8.1272,8.1272,8.1272,8.1272,8.1272,8.1272,8.1272,8.1272,8.1272,8.1272,8.1272,8.1272,8.1272,8.1272,8.1272,8.1272,8.1272,8.1272,8.1272,8.1272,8.1272,8.1272,8.1272,8.1272,8.1272,8.1272,8.1272,8.1272,8.1272,8.1272,8.1272,8.1272,8.1272,8.1272,8.1272,8.1272,8.1272,8.1272,8.1272,8.1272,8.1272,8.1272,8.1272,8.1272,8.1272,8.1272,8.1272,8.1272,8.1272,8.1272,8.1272,8.1272,8.1272,8.1272,8.1272,8.1272,8.1272,8.1272,8.1272,8.1272,8.1272,8.1272,8.1272,8.1272,8.1272,8.1272,8.1272,8.1272,8.1272,8.1272,8.1272,8.1272,8.1272,8.1272,8.1272,8.1272,8.1272,8.1272,8.1272,8.1272,8.1272,8.1272,8.1272,8.1272,8.1272,8.1272,8.1272,8.1272,8.1272,8.1272,8.1272,8.1272,8.1272,8.1272,8.1272,8.1272,8.1272,8.1272,8.1272,8.1272,8.1272,8.1272,8.1272,8.1272,8.1272,8.1272,8.1272,8.1272,8.1272,8.1272,8.1272,8.1272,8.1272,8.1272,8.1272,8.1272,8.1272,8.1272,8.1272,8.1272,8.1272,8.1272,8.1272,8.1272,8.1272,8.1272,8.1272,8.1272,8.1272,8.1272,8.1272,8.1272,8.1272,8.1272,8.1272,8.1272,8.1272,8.1272,8.1272,8.1272,8.1272,8.1272,8.1272,8.1272,8.1272,8.1272,8.1272,8.1272,8.1272,8.1272,8.1272,8.1272,8.1272,8.1272,8.1272,8.1272,8.1272,8.1272,8.1272,8.1272,8.1272,8.1272,8.1272,8.1272,8.1272,8.1272,8.1272,8.1272,8.1272,8.1272,8.1272,8.1272,8.1272,8.1272,8.1272,8.1272,8.1272,8.1272,8.1272,8.1272,8.1272,8.1272,8.1272,8.1272,8.1272,8.1272,8.1272,8.1272,8.1272,8.1272,8.1272,8.1272,8.1272,8.1272,8.1272,8.1272,8.1272,8.1272,8.1272,8.1272,8.1272,8.1272,8.1272,8.1272,8.1272,8.1272,8.1272,8.1272,8.1272,8.1272,8.1272,8.1272,8.1272,8.1272,8.1272,8.1272,8.1272,8.1272,8.1272,8.1272,8.1272,8.1272,8.1272,8.1272,8.1272,8.1272,8.1272,8.1272,8.1272,8.1272,8.1272,8.1272,8.1272,8.1272,8.1272,8.1272,8.1272,8.1272,8.1272,8.1272,8.1272,8.1272,8.1272,8.1272,8.1272,8.1272,8.1272,8.1272,8.1272,8.1272,8.1272,8.1272,8.1272,8.1272,8.1272,8.1272,8.1272,8.1272,8.1272,8.1272,8.1272,8.1272,8.1272,8.1272,8.1272,8.1272,8.1272,8.1272,8.1272,8.1272,8.1272,8.1272,8.1272,8.1272,8.1272,8.1272,8.1272,8.1272,8.1272,8.1272,8.1272,8.1272,8.1272,8.1272,8.1272,8.1272,8.1272,8.1272,8.1272,8.1272,8.1272,8.1272,8.1272,8.1272,8.1272,8.1272,8.1272,8.1272,8.1272,8.1272,8.1272,8.1272,8.1272,8.1272,8.1272,8.1272,8.1272,8.1272,8.1272,8.1272,8.1272,8.1272,8.1272,8.1272,8.1272,8.1272,8.1272,8.1272,8.1272,8.1272,8.1272,8.1272,8.1272,8.1268,8.1268,8.1268,8.1268,8.1268,8.1268,8.1268,8.1268,8.1268,8.1268,8.1268,8.1268,8.1268,8.1268,8.1268,8.1268,8.1268,8.1268,8.1268,8.1268,8.1268,8.1268,8.1268,8.1268,8.1268,8.1268,8.1268,8.1268,8.1268,8.1268,8.1268,8.1268,8.1268,8.1268,8.1268,8.1268,8.1268,8.1268,8.1268,8.1268,8.1268,8.1268,8.1268,8.1268,8.1268,8.1268,8.1268,8.1268,8.1268,8.1268,8.1268,8.1268,8.1268,8.1268,8.1268,8.1268,8.1268,8.1268,8.1268,8.1268,8.1268,8.1268,8.1268,8.1268,8.1268,8.1268,8.1268,8.1268,8.1268,8.1268,8.1268,8.1268,8.1268,8.1268,8.1268,8.1268,8.1268,8.1268,8.1268,8.1268,8.1268,8.1268,8.1268,8.1268,8.1268,8.1268,8.1268,8.1268,8.1268,8.1268,8.1268,8.1268,8.1268,8.1268,8.1268,8.1268,8.1268,8.1268,8.1268,8.1268,8.1268,8.1268,8.1268,8.1268,8.1268,8.1268,8.1268,8.1268,8.1268,8.1268,8.1268,8.1268,8.1268,8.1268,8.1268,8.1268,8.1268,8.1268,8.1268,8.1268,8.1268,8.1268,8.1268,8.1268,8.1268,8.1268,8.1268,8.1268,8.1268,8.1268,8.1268,8.1268,8.1268,8.1268,8.1268,8.1268,8.1268,8.1268,8.1268,8.1268,8.1268,8.1268,8.1268,8.1268,8.1268,8.1268,8.1268,8.1268,8.1268,8.1268,8.1268,8.1268,8.1268,8.1268,8.1268,8.1268,8.1268,8.1268,8.1268,8.1268,8.1268,8.1268,8.1268,8.1268,8.1268,8.1268,8.1268,8.1268,8.1268,8.1268,8.1268,8.1268,8.1268,8.1268,8.1268,8.1268,8.1268,8.1268,8.1268,8.1268,8.1268,8.1268,8.1268,8.1268,8.1268,8.1268,8.1268,8.1268,8.1268,8.1268,8.1268,8.1268,8.1268,8.1268,8.1268,8.1268,8.1268,8.1268,8.1268,8.1268,8.1268,8.1268,8.1268,8.1268,8.1268,8.1268,8.1268,8.1268,8.1268,8.1268,8.1268,8.1268,8.1268,8.1268,8.1268,8.1268,8.1268,8.1268,8.1268,8.1268,8.1268,8.1268,8.1268,8.1268,8.1268,8.1268,8.1268,8.1268,8.1268,8.1268,8.1268,8.1268,8.1268,8.1268,8.1268,8.1268,8.1268,8.1268,8.1268,8.1268,8.1268,8.1268,8.1268,8.1268,8.1268,8.1268,8.1268,8.1268,8.1268,8.1268,8.1268,8.1268,8.1268,8.1268,8.1268,8.1268,8.1268,8.1268,8.1268,8.1268,8.1268,8.1268,8.1268,8.1268,8.1268,8.1268,8.1268,8.1268,8.1268,8.1268,8.1268,8.1268,8.1268,8.1268,8.1268,8.1268,8.1268,8.1268,8.1268,8.1268,8.1268,8.1268,8.1268,8.1268,8.1268,8.1268,8.1268,8.1268,8.1268,8.1268,8.1268,8.1268,8.1268,8.1268,8.1268,8.1268,8.1268,8.1268,8.1268,8.1268,8.1268,8.1268,8.1268,8.1268,8.1268,8.1268,8.1268,8.1268,8.1268,8.1268,8.1268,8.1268,8.1268,8.1268,8.1268,8.1268,8.1268,8.1268,8.1268,8.1268,8.1268,8.1268,8.1268,8.1268,8.1268,8.1268,8.1268,8.1268,8.1268,8.1268,8.1268,8.1268,8.1268,8.1268,8.1268,8.1268,8.1268,8.1268,8.1268,8.1268,8.1268,8.1268,8.1268,8.1268,8.1268,8.1268,8.1268,8.1268,8.1268,8.1268,8.1268,8.1268,8.1268,8.1268,8.1268,8.1268,8.1268,8.1268,8.1268,8.1268,8.1268,8.1268,8.1268,8.1268,8.1268,8.1268,8.1268,8.1268,8.1268,8.1268,8.1268,8.1268,8.1268,8.1268,8.1268,8.1268,8.1268,8.1268,8.1268,8.1268,8.1268,8.1268,8.1268,8.1268,8.1268,8.1268,8.1268,8.1268,8.1268,8.1268,8.1268,8.1268,8.1268,8.1268,8.1268,8.1268,8.1268,8.1268,8.1268,8.1268,8.1268,8.1268,8.1268,8.1268,8.1268,8.1268,8.1268,8.1268,8.1268,8.1268,8.1268,8.1268,8.1268,8.1268,8.1268,8.1268,8.1268,8.1268,8.1268,8.1268,8.1268,8.1268,8.1268,8.1268,8.1268,8.1268,8.1268,8.1268,8.1268,8.1268,8.1268,8.1268,8.1268,8.1268,8.1268,8.1268,8.1268,8.1268,8.1268,8.1268,8.1268,8.1268,8.1268,8.1268,8.1268,8.1268,8.1268,8.1268,8.1268,8.1268,8.1268,8.1268,8.1268,8.1268
8.1193,8.1193,8.1193,8.1193,8.1193,8.1193,8.1193,8.1193,8.1193,8.1193,8.1193,8.1193,8.1193,8.1193,8.1193,8.1193,8.1193,8.1193,8.1193,8.1193,8.1193,8.1193,8.1193,8.1193,8.1193,8.1193,8.1193,8.1193,8.1193,8.1193,8.1193,8.1193,8.1193,8.1193,8.1193,8.1193,8.1193,8.1193,8.1193,8.1193,8.1193,8.1193,8.1193,8.1193,8.1193,8.1193,8.1193,8.1193,8.1193,8.1193,8.1193,8.1193,8.1193,8.1193,8.1193,8.1193,8.1193,8.1193,8.1193,8.1193,8.1193,8.1193,8.1193,8.1193,8.1193,8.1193,8.1193,8.1193,8.1193,8.1193,8.1193,8.1193,8.1193,8.1193,8.1193,8.1193,8.1193,8.1193,8.1193,8.1193,8.1193,8.1193,8.1193,8.1193,8.1193,8.1193,8.1193,8.1193,8.1193,8.1193,8.1193,8.1193,8.1193,8.1193,8.1193,8.1193,8.1193,8.1193,8.1193,8.1193,8.1193,8.1193,8.1193,8.1193,8.1193,8.1193,8.1193,8.1193,8.1193,8.1193,8.1193,8.1193,8.1193,8.1193,8.1193,8.1193,8.1193,8.1193,8.1193,8.1193,8.1193,8.1193,8.1193,8.1193,8.1193,8.1193,8.1193,8.1193,8.1193,8.1193,8.1193,8.1193,8.1193,8.1193,8.1193,8.1193,8.1193,8.1193,8.1193,8.1193,8.1193,8.1193,8.1193,8.1193,8.1193,8.1193,8.1193,8.1193,8.1193,8.1193,8.1193,8.1193,8.1193,8.1193,8.1193,8.1193,8.1193,8.1193,8.1193,8.1193,8.1193,8.1193,8.1193,8.1193,8.1193,8.1193,8.1193,8.1193,8.1193,8.1193,8.1193,8.1193,8.1193,8.1193,8.1193,8.1193,8.1193,8.1193,8.1193,8.1193,8.1193,8.1193,8.1193,8.1193,8.1193,8.1193,8.1193,8.1193,8.1193,8.1193,8.1193,8.1193,8.1193,8.1193,8.1193,8.1193,8.1193,8.1193,8.1193,8.1193,8.1193,8.1193,8.1193,8.1193,8.1193,8.1193,8.1193,8.1193,8.1193,8.1193,8.1193,8.1193,8.1193,8.1193,8.1193,8.1193,8.1193,8.1193,8.1193,8.1193,8.1193,8.1193,8.1193,8.1193,8.1193,8.1193,8.1193,8.1193,8.1193,8.1193,8.1193,8.1193,8.1193,8.1193,8.1193,8.1193,8.1193,8.1193,8.1193,8.1193,8.1193,8.1193,8.1193,8.1193,8.1193,8.1193,8.1193,8.1193,8.1193,8.1193,8.1193,8.1193,8.1193,8.1193,8.1193,8.1193,8.1193,8.1193,8.1193,8.1193,8.1193,8.1193,8.1193,8.1193,8.1193,8.1193,8.1193,8.1193,8.1193,8.1193,8.1193,8.1193,8.1193,8.1193,8.1193,8.1193,8.1193,8.1193,8.1193,8.1193,8.1193,8.1193,8.1193,8.1193,8.1193,8.1193,8.1193,8.1193,8.1193,8.1193,8.1193,8.1193,8.1193,8.1193,8.1193,8.1193,8.1193,8.1193,8.1193,8.1193,8.1193,8.1193,8.1193,8.1193,8.1193,8.1193,8.1193,8.1193,8.1193,8.1193,8.1193,8.1193,8.1193,8.1193,8.1193,8.1193,8.1193,8.1193,8.1193,8.1193,8.1193,8.1193,8.1193,8.1193,8.1193,8.1193,8.1193,8.1193,8.1193,8.1193,8.1193,8.1193,8.1193,8.1193,8.1193,8.1193,8.1193,8.1193,8.1193,8.1193,8.1193,8.1193,8.1193,8.1193,8.1193,8.1193,8.1193,8.1193,8.1193,8.1193,8.1193,8.1193,8.1193,8.1193,8.1193,8.1193,8.1193,8.1193,8.1193,8.1193,8.1193,8.1193,8.1193,8.1193,8.1193,8.1193,8.1193,8.1193,8.1193,8.1193,8.1193,8.1193,8.1193,8.1193,8.1193,8.1193,8.1193,8.1193,8.1193,8.1193,8.1193,8.1193,8.1193,8.1193,8.1193,8.1193,8.1193,8.1193,8.1193,8.1193,8.1193,8.1193,8.1193,8.1193,8.1193,8.1193,8.1193,8.1193,8.1193,8.1193,8.1193,8.1193,8.1193,8.1193,8.1193,8.1193,8.1193,8.1193,8.1193,8.1193,8.1193,8.1193,8.1193,8.1193,8.1193,8.1193,8.1193,8.1193,8.1193,8.1193,8.1193,8.1193,8.1193,8.1193,8.1193,8.1193,8.1193,8.1193,8.1193,8.1193,8.1193,8.1193,8.1193,8.1193,8.1193,8.1193,8.1193,8.1193,8.1193,8.1193,8.1193,8.1193,8.1193,8.1193,8.1193,8.1193,8.1193,8.1193,8.1193,8.1193,8.1193,8.1193,8.1193,8.1193,8.1193,8.1193,8.1193,8.1193,8.1193,8.1193,8.1193,8.1193,8.1193,8.1193,8.1193,8.1193,8.1193,8.1193,8.1193,8.1193,8.1193,8.1193,8.1193,8.1193,8.1193,8.1193,8.1193,8.1193,8.1193,8.1193,8.1193,8.1193,8.1193,8.1193,8.1193,8.1193,8.1193,8.1193,8.1193,8.1193,8.1193,8.1193,8.1193,8.1193,8.1193,8.1193,8.1193,8.1193,8.1193,8.1193,8.1193,8.1193,8.1193,8.1193,8.1193,8.1193,8.1193,8.1193,8.1193,8.1193,8.1193,8.1193,8.1193,8.1193,8.1193,8.1193,8.1193,8.1193,8.1193,8.1193,8.1193,8.1193,8.1193,8.1193,8.1193,8.1193,8.1193,8.1193,8.1193,8.1193,8.1193,8.1193,8.1193,8.1193,8.1193,8.1193,8.1193,8.1193,8.1193,8.1201,8.1201,8.1201,8.1201,8.1201,8.1201,8.1201,8.1201,8.1201,8.1201,8.1201,8.1201,8.1201,8.1201,8.1201,8.1201,8.1201,8.1201,8.1201,8.1201,8.1201,8.1201,8.1201,8.1201,8.1201,8.1201,8.1201,8.1201,8.1201,8.1201,8.1201,8.1201,8.1201,8.1201,8.1201,8.1201,8.1201,8.1201,8.1201,8.1201,8.1201,8.1201,8.1201,8.1201,8.1201,8.1201,8.1201,8.1201,8.1201,8.1201,8.1201,8.1201,8.1201,8.1201,8.1201,8.1201,8.1201,8.1201,8.1201,8.1201,8.1201,8.1201,8.1201,8.1201,8.1201,8.1201,8.1201,8.1201,8.1201,8.1201,8.1201,8.1201,8.1201,8.1201,8.1201,8.1201,8.1201,8.1201,8.1201,8.1201,8.1201,8.1201,8.1201,8.1201,8.1201,8.1201,8.1201,8.1201,8.1201,8.1201,8.1201,8.1201,8.1201,8.1201,8.1201,8.1201,8.1201,8.1201,8.1201,8.1201,8.1201,8.1201,8.1201,8.1201,8.1201,8.1201,8.1201,8.1201,8.1201,8.1201,8.1201,8.1201,8.1201,8.1201,8.1201,8.1201,8.1201,8.1201,8.1201,8.1201,8.1201,8.1201,8.1201,8.1201,8.1201,8.1201,8.1201,8.1201,8.1201,8.1201,8.1201,8.1201,8.1201,8.1201,8.1201,8.1201,8.1201,8.1201,8.1201,8.1201,8.1201,8.1201,8.1201,8.1201,8.1201,8.1201,8.1201,8.1201,8.1201,8.1201,8.1201,8.1201,8.1201,8.1201,8.1201,8.1201,8.1201,8.1201,8.1201,8.1201,8.1201,8.1201,8.1201,8.1201,8.1201,8.1201,8.1201,8.1201,8.1201,8.1201,8.1201,8.1201,8.1201,8.1201,8.1201,8.1201,8.1201,8.1201,8.1201,8.1201,8.1201,8.1201,8.1201,8.1201,8.1201,8.1201,8.1201,8.1201,8.1201,8.1201,8.1201,8.1201,8.1201,8.1201,8.1201,8.1201,8.1201,8.1201,8.1201,8.1201,8.1201,8.1201,8.1201,8.1201,8.1201,8.1201,8.1201,8.1201,8.1201,8.1201,8.1201,8.1201,8.1201,8.1201,8.1201,8.1201,8.1201,8.1201,8.1201,8.1201,8.1201,8.1201,8.1201,8.1201,8.1201,8.1201,8.1201,8.1201,8.1201,8.1201,8.1201,8.1201,8.1201,8.1201,8.1201,8.1201,8.1201,8.1201,8.1201,8.1201,8.1201,8.1201,8.1201,8.1201,8.1201,8.1201,8.1201,8.1201,8.1201,8.1201,8.1201,8.1201,8.1201,8.1201,8.1201,8.1201,8.1201,8.1201,8.1201,8.1201,8.1201,8.1201,8.1201,8.1201,8.1201,8.1201,8.1201,8.1201,8.1201,8.1201,8.1201,8.1201,8.1201,8.1201,8.1201,8.1201,8.1201,8.1201,8.1201,8.1201,8.1201,8.1201,8.1201,8.1201,8.1201,8.1201,8.1201,8.1201,8.1201,8.1201,8.1201,8.1201,8.1201,8.1201,8.1201,8.1201,8.1201,8.1201,8.1201,8.1201,8.1201,8.1201,8.1201,8.1201,8.1201,8.1201,8.1201,8.1201,8.1201,8.1201,8.1201,8.1201,8.1201,8.1201,8.1201,8.1201,8.1201,8.1201,8.1201,8.1201,8.1201,8.1201,8.1201,8.1201,8.1201,8.1201,8.1201,8.1201,8.1201,8.1201,8.1201,8.1201,8.1201,8.1201,8.1201,8.1201,8.1201,8.1201,8.1201,8.1201,8.1201,8.1201,8.1201,8.1201,8.1201,8.1201,8.1201,8.1201,8.1201,8.1201,8.1201,8.1201,8.1201,8.1201,8.1201,8.1201,8.1201,8.1201,8.1201,8.1201,8.1201,8.1201,8.1201,8.1201,8.1201,8.1201,8.1201,8.1201,8.1201,8.1201,8.1201,8.1201,8.1201,8.1201,8.1201,8.1201,8.1201,8.1201,8.1201,8.1201,8.1201,8.1201,8.1201,8.1201,8.1201,8.1201,8.1201,8.1201,8.1201,8.1201,8.1201,8.1201,8.1201,8.1201,8.1201,8.1201,8.1201,8.1201,8.1201,8.1201,8.1201,8.1201,8.1201,8.1201,8.1201,8.1201,8.1201,8.1201,8.1201,8.1201,8.1201,8.1201,8.1201,8.1201,8.1201,8.1201,8.1201,8.1201,8.1201,8.1201,8.1201
8.1119,8.1119,8.1119,8.1119,8.1119,8.1119,8.1119,8.1119,8.1119,8.1119,8.1119,8.1119,8.1119,8.1119,8.1119,8.1119,8.1119,8.1119,8.1119,8.1119,8.1119,8.1119,8.1119,8.1119,8.1119,8.1119,8.1119,8.1119,8.1119,8.1119,8.1119,8.1119,8.1119,8.1119,8.1119,8.1119,8.1119,8.1119,8.1119,8.1119,8.1119,8.1119,8.1119,8.1119,8.1119,8.1119,8.1119,8.1119,8.1119,8.1119,8.1119,8.1119,8.1119,8.1119,8.1119,8.1119,8.1119,8.1119,8.1119,8.1119,8.1119,8.1119,8.1119,8.1119,8.1119,8.1119,8.1119,8.1119,8.1119,8.1119,8.1119,8.1119,8.1119,8.1119,8.1119,8.1119,8.1119,8.1119,8.1119,8.1119,8.1119,8.1119,8.1119,8.1119,8.1119,8.1119,8.1119,8.1119,8.1119,8.1119,8.1119,8.1119,8.1119,8.1119,8.1119,8.1119,8.1119,8.1119,8.1119,8.1119,8.1119,8.1119,8.1119,8.1119,8.1119,8.1119,8.1119,8.1119,8.1119,8.1119,8.1119,8.1119,8.1119,8.1119,8.1119,8.1119,8.1119,8.1119,8.1119,8.1119,8.1119,8.1119,8.1119,8.1119,8.1119,8.1119,8.1119,8.1119,8.1119,8.1119,8.1119,8.1119,8.1119,8.1119,8.1119,8.1119,8.1119,8.1119,8.1119,8.1119,8.1119,8.1119,8.1119,8.1119,8.1119,8.1119,8.1119,8.1119,8.1119,8.1119,8.1119,8.1119,8.1119,8.1119,8.1119,8.1119,8.1119,8.1119,8.1119,8.1119,8.1119,8.1119,8.1119,8.1119,8.1119,8.1119,8.1119,8.1119,8.1119,8.1119,8.1119,8.1119,8.1119,8.1119,8.1119,8.1119,8.1119,8.1119,8.1119,8.1119,8.1119,8.1119,8.1119,8.1119,8.1119,8.1119,8.1119,8.1119,8.1119,8.1119,8.1119,8.1119,8.1119,8.1119,8.1119,8.1119,8.1119,8.1119,8.1119,8.1119,8.1119,8.1119,8.1119,8.1119,8.1119,8.1119,8.1119,8.1119,8.1119,8.1119,8.1119,8.1119,8.1119,8.1119,8.1119,8.1119,8.1119,8.1119,8.1119,8.1119,8.1119,8.1119,8.1119,8.1119,8.1119,8.1119,8.1119,8.1119,8.1119,8.1119,8.1119,8.1119,8.1119,8.1119,8.1119,8.1119,8.1119,8.1119,8.1119,8.1119,8.1119,8.1119,8.1119,8.1119,8.1119,8.1119,8.1119,8.1119,8.1119,8.1119,8.1119,8.1119,8.1119,8.1119,8.1119,8.1119,8.1119,8.1119,8.1119,8.1119,8.1119,8.1119,8.1119,8.1119,8.1119,8.1119,8.1119,8.1119,8.1119,8.1119,8.1119,8.1119,8.1119,8.1119,8.1119,8.1119,8.1119,8.1119,8.1119,8.1119,8.1119,8.1119,8.1119,8.1119,8.1119,8.1119,8.1119,8.1119,8.1119,8.1119,8.1119,8.1119,8.1119,8.1119,8.1119,8.1119,8.1119,8.1119,8.1119,8.1119,8.1119,8.1119,8.1119,8.1119,8.1119,8.1119,8.1119,8.1119,8.1119,8.1119,8.1119,8.1119,8.1119,8.1119,8.1119,8.1119,8.1119,8.1119,8.1119,8.1119,8.1119,8.1119,8.1119,8.1119,8.1119,8.1119,8.1119,8.1119,8.1119,8.1119,8.1119,8.1119,8.1119,8.1119,8.1119,8.1119,8.1119,8.1119,8.1119,8.1119,8.1119,8.1119,8.1119,8.1119,8.1119,8.1119,8.1119,8.1119,8.1119,8.1119,8.1119,8.1119,8.1119,8.1119,8.1119,8.1119,8.1119,8.1119,8.1119,8.1119,8.1119,8.1119,8.1119,8.1119,8.1119,8.1119,8.1119,8.1119,8.1119,8.1119,8.1119,8.1119,8.1119,8.1119,8.1119,8.1119,8.1119,8.1119,8.1119,8.1119,8.1119,8.1119,8.1119,8.1119,8.1119,8.1119,8.1119,8.1119,8.1119,8.1119,8.1119,8.1119,8.1119,8.1119,8.1119,8.1119,8.1119,8.1119,8.1119,8.1119,8.1119,8.1119,8.1119,8.1119,8.1119,8.1119,8.1119,8.1119,8.1119,8.1119,8.1119,8.1119,8.1119,8.1119,8.1119,8.1119,8.1119,8.1119,8.1119,8.1119,8.1119,8.1119,8.1119,8.1119,8.1119,8.1119,8.1119,8.1119,8.1119,8.1119,8.1119,8.1119,8.1119,8.1119,8.1119,8.1119,8.1119,8.1119,8.1119,8.1119,8.1119,8.1119,8.1119,8.1119,8.1119,8.1119,8.1119,8.1119,8.1119,8.1119,8.1119,8.1119,8.1119,8.1119,8.1119,8.1119,8.1119,8.1119,8.1119,8.1119,8.1119,8.1119,8.1119,8.1119,8.1119,8.1119,8.1119,8.1119,8.1119,8.1119,8.1119,8.1119,8.1119,8.1119,8.1119,8.1119,8.1119,8.1119,8.1119,8.1119,8.1119,8.1119,8.1119,8.1119,8.1119,8.1119,8.1119,8.1119,8.1119,8.1119,8.1119,8.1119,8.1119,8.1119,8.1119,8.1119,8.1119,8.1119,8.1119,8.1119,8.1119,8.1119,8.1119,8.1119,8.1119,8.1119,8.1119,8.1119,8.1119,8.1119,8.1119,8.1119,8.1119,8.1119,8.1119,8.1119,8.1119,8.1119,8.1119,8.1119,8.1119,8.1119,8.1119,8.1119,8.1119,8.1119,8.1119,8.1119,8.1119,8.1119,8.1119,8.1119,8.1119,8.1119,8.1119,8.1119,8.1119,8.1119,8.1119,8.1119,8.1119,8.1119,8.1119,8.1119,8.1119,8.1119,8.1119,8.1119,8.1119,8.1119,8.1119,8.1119,8.1119,8.1119,8.1119,8.1119,8.1119,8.1119,8.1119,8.1119,8.1119,8.1119,8.1119,8.1119,8.1119,8.1119,8.1119,8.1119,8.1119,8.1119,8.1119,8.1119,8.1119,8.1119,8.1119,8.1119,8.1119,8.1119,8.1119,8.1119,8.1119,8.1119,8.1119,8.1119,8.1119,8.1119,8.1119,8.1119,8.1119,8.1119,8.1119,8.1119,8.1119,8.1119,8.1119,8.1119,8.1119,8.1119,8.1119,8.1119,8.1119,8.1119,8.1119,8.1119,8.1119,8.1119,8.1119,8.1119,8.1119,8.1119,8.1119,8.1119,8.1119,8.1119,8.1119,8.1119,8.1119,8.1119,8.1119,8.1119,8.1119,8.1119,8.1119,8.1119,8.1119,8.1119,8.1119,8.1119,8.1119,8.1119,8.1119,8.1119,8.1119,8.1119,8.1119,8.1119,8.1119,8.1119,8.1119,8.1119,8.1119,8.1119,8.1119,8.1127,8.1127,8.1127,8.1127,8.1127,8.1127,8.1127,8.1127,8.1127,8.1127,8.1127,8.1127,8.1127,8.1127,8.1127,8.1127,8.1127,8.1127,8.1127,8.1127,8.1127,8.1127,8.1127,8.1127,8.1127,8.1127,8.1127,8.1127,8.1127,8.1127,8.1127,8.1127,8.1127,8.1127,8.1127,8.1127,8.1127,8.1127,8.1127,8.1127,8.1127,8.1127,8.1127,8.1127,8.1127,8.1127,8.1127,8.1127,8.1127,8.1127,8.1127,8.1127,8.1127,8.1127,8.1127,8.1127,8.1127,8.1127,8.1127,8.1127,8.1127,8.1127,8.1127,8.1127,8.1127,8.1127,8.1127,8.1127,8.1127,8.1127,8.1127,8.1127,8.1127,8.1127,8.1127,8.1127,8.1127,8.1127,8.1127,8.1127,8.1127,8.1127,8.1127,8.1127,8.1127,8.1127,8.1127,8.1127,8.1127,8.1127,8.1127,8.1127,8.1127,8.1127,8.1127,8.1127,8.1127,8.1127,8.1127,8.1127,8.1127,8.1127,8.1127,8.1127,8.1127,8.1127,8.1127,8.1127,8.1127,8.1127,8.1127,8.1127,8.1127,8.1127,8.1127,8.1127,8.1127,8.1127,8.1127,8.1127,8.1127,8.1127,8.1127,8.1127,8.1127,8.1127,8.1127,8.1127,8.1127,8.1127,8.1127,8.1127,8.1127,8.1127,8.1127,8.1127,8.1127,8.1127,8.1127,8.1127,8.1127,8.1127,8.1127,8.1127,8.1127,8.1127,8.1127,8.1127,8.1127,8.1127,8.1127,8.1127,8.1127,8.1127,8.1127,8.1127,8.1127,8.1127,8.1127,8.1127,8.1127,8.1127,8.1127,8.1127,8.1127,8.1127,8.1127,8.1127,8.1127,8.1127,8.1127,8.1127,8.1127,8.1127,8.1127,8.1127,8.1127,8.1127,8.1127,8.1127,8.1127,8.1127,8.1127,8.1127,8.1127,8.1127,8.1127,8.1127,8.1127,8.1127,8.1127,8.1127,8.1127,8.1127,8.1127,8.1127,8.1127,8.1127,8.1127,8.1127,8.1127,8.1127,8.1127,8.1127,8.1127,8.1127,8.1127,8.1127,8.1127,8.1127,8.1127,8.1127,8.1127,8.1127,8.1127,8.1127,8.1127,8.1127,8.1127,8.1127,8.1127,8.1127,8.1127,8.1127,8.1127,8.1127,8.1127,8.1127,8.1127,8.1127,8.1127,8.1127,8.1127,8.1127,8.1127,8.1127,8.1127,8.1127,8.1127,8.1127,8.1127,8.1127,8.1127,8.1127,8.1127,8.1127,8.1127,8.1127,8.1127,8.1127,8.1127,8.1127,8.1127,8.1127,8.1127,8.1127,8.1127,8.1127,8.1127,8.1127,8.1127,8.1127,8.1127,8.1127,8.1127,8.1127,8.1127,8.1127,8.1127,8.1127,8.1127,8.1127,8.1127,8.1127,8.1127,8.1127,8.1127,8.1127,8.1127,8.1127,8.1127,8.1127,8.1127,8.1127,8.1127,8.1127,8.1127,8.1127,8.1127,8.1127,8.1127,8.1127,8.1127,8.1127,8.1127,8.1127,8.1127,8.1127,8.1127,8.1127,8.1127,8.1127,8.1127,8.1127,8.1127,8.1127,8.1127,8.1127,8.1127,8.1127,8.1127,8.1127,8.1127,8.1127,8.1127,8.1127,8.1127
8.1052,8.1052,8.1052,8.1052,8.1052,8.1052,8.1052,8.1052,8.1052,8.1052,8.1052,8.1052,8.1052,8.1052,8.1052,8.1052,8.1052,8.1052,8.1052,8.1052,8.1052,8.1052,8.1052,8.1052,8.1052,8.1052,8.1052,8.1052,8.1052,8.1052,8.1052,8.1052,8.1052,8.1052,8.1052,8.1052,8.1052,8.1052,8.1052,8.1052,8.1052,8.1052,8.1052,8.1052,8.1052,8.1052,8.1052,8.1052,8.1052,8.1052,8.1052,8.1052,8.1052,8.1052,8.1052,8.1052,8.1052,8.1052,8.1052,8.1052,8.1052,8.1052,8.1052,8.1052,8.1052,8.1052,8.1052,8.1052,8.1052,8.1052,8.1052,8.1052,8.1052,8.1052,8.1052,8.1052,8.1052,8.1052,8.1052,8.1052,8.1052,8.1052,8.1052,8.1052,8.1052,8.1052,8.1052,8.1052,8.1052,8.1052,8.1052,8.1052,8.1052,8.1052,8.1052,8.1052,8.1052,8.1052,8.1052,8.1052,8.1052,8.1052,8.1052,8.1052,8.1052,8.1052,8.1052,8.1052,8.1052,8.1052,8.1052,8.1052,8.1052,8.1052,8.1052,8.1052,8.1052,8.1052,8.1052,8.1052,8.1052,8.1052,8.1052,8.1052,8.1052,8.1052,8.1052,8.1052,8.1052,8.1052,8.1052,8.1052,8.1052,8.1052,8.1052,8.1052,8.1052,8.1052,8.1052,8.1052,8.1052,8.1052,8.1052,8.1052,8.1052,8.1052,8.1052,8.1052,8.1052,8.1052,8.1052,8.1052,8.1052,8.1052,8.1052,8.1052,8.1052,8.1052,8.1052,8.1052,8.1052,8.1052,8.1052,8.1052,8.1052,8.1052,8.1052,8.1052,8.1052,8.1052,8.1052,8.1052,8.1052,8.1052,8.1052,8.1052,8.1052,8.1052,8.1052,8.1052,8.1052,8.1052,8.1052,8.1052,8.1052,8.1052,8.1052,8.1052,8.1052,8.1052,8.1052,8.1052,8.1052,8.1052,8.1052,8.1052,8.1052,8.1052,8.1052,8.1052,8.1052,8.1052,8.1052,8.1052,8.1052,8.1052,8.1052,8.1052,8.1052,8.1052,8.1052,8.1052,8.1052,8.1052,8.1052,8.1052,8.1052,8.1052,8.1052,8.1052,8.1052,8.1052,8.1052,8.1052,8.1052,8.1052,8.1052,8.1052,8.1052,8.1052,8.1052,8.1052,8.1052,8.1052,8.1052,8.1052,8.1052,8.1052,8.1052,8.1052,8.1052,8.1052,8.1052,8.1052,8.1052,8.1052,8.1052,8.1052,8.1052,8.1052,8.1052,8.1052,8.1052,8.1052,8.1052,8.1052,8.1052,8.1052,8.1052,8.1052,8.1052,8.1052,8.1052,8.1052,8.1052,8.1052,8.1052,8.1052,8.1052,8.1052,8.1052,8.1052,8.1052,8.1052,8.1052,8.1052,8.1052,8.1052,8.1052,8.1052,8.1052,8.1052,8.1052,8.1052,8.1052,8.1052,8.1052,8.1052,8.1052,8.1052,8.1052,8.1052,8.1052,8.1052,8.1052,8.1052,8.1052,8.1052,8.1052,8.1052,8.1052,8.1052,8.1052,8.1052,8.1052,8.1052,8.1052,8.1052,8.1052,8.1052,8.1052,8.1052,8.1052,8.1052,8.1052,8.1052,8.1052,8.1052,8.1052,8.1052,8.1052,8.1052,8.1052,8.1052,8.1052,8.1052,8.1052,8.1052,8.1052,8.1052,8.1052,8.1052,8.1052,8.1052,8.1052,8.1052,8.1052,8.1052,8.1052,8.1052,8.1052,8.1052,8.1052,8.1052,8.1052,8.1052,8.1052,8.1052,8.1052,8.1052,8.1052,8.1052,8.1052,8.1052,8.1052,8.1052,8.1052,8.1052,8.1052,8.1052,8.1052,8.1052,8.1052,8.1052,8.1052,8.1052,8.1052,8.1052,8.1052,8.1052,8.1052,8.1052,8.1052,8.1052,8.1052,8.1052,8.1052,8.1052,8.1052,8.1052,8.1052,8.1052,8.1052,8.1052,8.1052,8.1052,8.1052,8.1052,8.1052,8.1052,8.1052,8.1052,8.1052,8.1052,8.1052,8.1052,8.1052,8.1052,8.1052,8.1052,8.1052,8.1052,8.1052,8.1052,8.1052,8.1052,8.1052,8.1052,8.1052,8.1052,8.1052,8.1052,8.1052,8.1052,8.1052,8.1052,8.1052,8.1052,8.1052,8.1052,8.1052,8.1052,8.1052,8.1052,8.1052,8.1052,8.1052,8.1052,8.1052,8.1052,8.1052,8.1052,8.1052,8.1052,8.1052,8.1052,8.1052,8.1052,8.1052,8.1052,8.1052,8.1052,8.1052,8.1052,8.1052,8.1052,8.1052,8.1052,8.1052,8.1052,8.1052,8.1052,8.1052,8.1052,8.1052,8.1052,8.1052,8.1052,8.1052,8.1052,8.1052,8.1052,8.1052,8.1052,8.1052,8.1052,8.1052,8.1052,8.1052,8.1052,8.1052,8.1052,8.1052,8.1052,8.1052,8.1052,8.1052,8.1052,8.1052,8.1052,8.1052,8.1052,8.1052,8.1052,8.1052,8.1052,8.1052,8.1052,8.1052,8.1052,8.1052,8.1052,8.1052,8.1052,8.1052,8.1052,8.1052,8.1052,8.1052,8.1052,8.1052,8.1052,8.1052,8.1052,8.1052,8.1052,8.1052,8.1052,8.1052,8.1052,8.1052,8.1052,8.1052,8.1052,8.1052,8.1052,8.1052,8.1052,8.1052,8.1052,8.1052,8.1052,8.1052,8.1052,8.1052,8.1052,8.1052,8.1052,8.1052,8.1052,8.1052,8.1052,8.1052,8.1052,8.1052,8.1052,8.1052,8.1052,8.1052,8.1052,8.1052,8.1052,8.1052,8.1052,8.1052,8.1052,8.1052,8.1052,8.1052,8.1052,8.1052,8.1052,8.1052,8.1052,8.1052,8.1052,8.1052,8.1052,8.1052,8.1052,8.1052,8.1052,8.1052,8.1052,8.1052,8.1052,8.1052,8.1052,8.1052,8.1052,8.1052,8.1052,8.1052,8.1052,8.1052,8.1052,8.1052,8.1052,8.1052,8.1052,8.1052,8.1052,8.1052,8.1052,8.1052,8.1052,8.1052,8.1052,8.1052,8.1052,8.1052,8.1052,8.1052,8.1052,8.1052,8.1052,8.1052,8.1052,8.1052,8.1052,8.1052,8.1052,8.1052,8.1052,8.1052,8.1052,8.1052,8.1052,8.1052,8.1052,8.1052,8.1052,8.1052,8.1052,8.1052,8.1052,8.1052,8.1052,8.1052,8.1052,8.1052,8.1052,8.1052,8.1052,8.1052,8.1052,8.1052,8.1052,8.1052,8.1052,8.1052,8.1052,8.1052,8.1052,8.1052,8.1052,8.1052,8.1052,8.1052,8.1052,8.1052,8.1052,8.1052,8.1052,8.1052,8.1052,8.1052,8.1052,8.1052,8.1052,8.1052,8.1052,8.1052,8.1052,8.1052,8.1052,8.1052,8.1052,8.1052,8.1052,8.1052,8.1052,8.1052,8.1052,8.1052,8.1052,8.1052,8.1052,8.1052,8.1052,8.1052,8.1052,8.1052,8.1052,8.1052,8.1052,8.1052,8.1052,8.1052,8.1052,8.1052,8.1052,8.1052,8.1052,8.1052,8.1052,8.1052,8.1052,8.1052,8.1052,8.1052,8.1052,8.1052,8.1052,8.1052,8.1052,8.1052,8.1052,8.1052,8.1052,8.1052,8.1052,8.1052,8.1052,8.1052,8.1052,8.1052,8.1052,8.1052,8.1052,8.1052,8.1052,8.1052,8.1052,8.1052,8.1052,8.1052,8.1052,8.1052,8.1052,8.1052,8.1052,8.1052,8.1052,8.1052,8.1052,8.1052,8.1052,8.1052,8.1052,8.1052,8.1052,8.1052,8.1052,8.1052,8.1052,8.1052,8.1052,8.1052,8.1052,8.1052,8.1052,8.1052,8.1052,8.1052,8.1052,8.1052,8.1052,8.1052,8.1052,8.1052,8.1052,8.1048,8.1048,8.1048,8.1048,8.1048,8.1048,8.1048,8.1048,8.1048,8.1048,8.1048,8.1048,8.1048,8.1048,8.1048,8.1048,8.1048,8.1048,8.1048,8.1048,8.1048,8.1048,8.1048,8.1048,8.1048,8.1048,8.1048,8.1048,8.1048,8.1048,8.1048,8.1048,8.1048,8.1048,8.1048,8.1048,8.1048,8.1048,8.1048,8.1048,8.1048,8.1048,8.1048,8.1048,8.1048,8.1048,8.1048,8.1048,8.1048,8.1048,8.1048,8.1048,8.1048,8.1048,8.1048,8.1048,8.1048,8.1048,8.1048,8.1048,8.1048,8.1048,8.1048,8.1048,8.1048,8.1048,8.1048,8.1048,8.1048,8.1048,8.1048,8.1048,8.1048,8.1048,8.1048,8.1048,8.1048,8.1048,8.1048,8.1048,8.1048,8.1048,8.1048,8.1048,8.1048,8.1048,8.1048,8.1048,8.1048,8.1048,8.1048,8.1048,8.1048,8.1048,8.1048,8.1048,8.1048,8.1048,8.1048,8.1048,8.1048,8.1048,8.1048,8.1048,8.1048,8.1048,8.1048,8.1048,8.1048,8.1048,8.1048,8.1048,8.1048,8.1048,8.1048,8.1048,8.1048,8.1048,8.1048,8.1048,8.1048,8.1048,8.1048,8.1048,8.1048,8.1048,8.1048,8.1048,8.1048,8.1048,8.1048,8.1048,8.1048,8.1048,8.1048,8.1048,8.1048,8.1048,8.1048,8.1048,8.1048,8.1048,8.1048,8.1048,8.1048,8.1048,8.1048,8.1048,8.1048,8.1048,8.1048,8.1048,8.1048,8.1048,8.1048,8.1048,8.1048,8.1048,8.1048,8.1048,8.1048,8.1048,8.1048,8.1048,8.1048,8.1048,8.1048,8.1048,8.1048,8.1048,8.1048,8.1048,8.1048,8.1048,8.1048,8.1048,8.1048,8.1048,8.1048,8.1048,8.1048,8.1048,8.1048,8.1048,8.1048,8.1048,8.1048,8.1048,8.1048,8.1048,8.1048,8.1048,8.1048,8.1048,8.1048,8.1048,8.1048,8.1048,8.1048,8.1048,8.1048,8.1048,8.1048,8.1048,8.1048,8.1048,8.1048,8.1048
8.0978,8.0978,8.0978,8.0978,8.0978,8.0978,8.0978,8.0978,8.0978,8.0978,8.0978,8.0978,8.0978,8.0978,8.0978,8.0978,8.0978,8.0978,8.0978,8.0978,8.0978,8.0978,8.0978,8.0978,8.0978,8.0978,8.0978,8.0978,8.0978,8.0978,8.0978,8.0978,8.0978,8.0978,8.0978,8.0978,8.0978,8.0978,8.0978,8.0978,8.0978,8.0978,8.0978,8.0978,8.0978,8.0978,8.0978,8.0978,8.0978,8.0978,8.0978,8.0978,8.0978,8.0978,8.0978,8.0978,8.0978,8.0978,8.0978,8.0978,8.0978,8.0978,8.0978,8.0978,8.0978,8.0978,8.0978,8.0978,8.0978,8.0978,8.0978,8.0978,8.0978,8.0978,8.0978,8.0978,8.0978,8.0978,8.0978,8.0978,8.0978,8.0978,8.0978,8.0978,8.0978,8.0978,8.0978,8.0978,8.0978,8.0978,8.0978,8.0978,8.0978,8.0978,8.0978,8.0978,8.0978,8.0978,8.0978,8.0978,8.0978,8.0978,8.0978,8.0978,8.0978,8.0978,8.0978,8.0978,8.0978,8.0978,8.0978,8.0978,8.0978,8.0978,8.0978,8.0978,8.0978,8.0978,8.0978,8.0978,8.0978,8.0978,8.0978,8.0978,8.0978,8.0978,8.0978,8.0978,8.0978,8.0978,8.0978,8.0978,8.0978,8.0978,8.0978,8.0978,8.0978,8.0978,8.0978,8.0978,8.0978,8.0978,8.0978,8.0978,8.0978,8.0978,8.0978,8.0978,8.0978,8.0978,8.0978,8.0978,8.0978,8.0978,8.0978,8.0978,8.0978,8.0978,8.0978,8.0978,8.0978,8.0978,8.0978,8.0978,8.0978,8.0978,8.0978,8.0978,8.0978,8.0978,8.0978,8.0978,8.0978,8.0978,8.0978,8.0978,8.0978,8.0978,8.0978,8.0978,8.0978,8.0978,8.0978,8.0978,8.0978,8.0978,8.0978,8.0978,8.0978,8.0978,8.0978,8.0978,8.0978,8.0978,8.0978,8.0978,8.0978,8.0978,8.0978,8.0978,8.0978,8.0978,8.0978,8.0978,8.0978,8.0978,8.0978,8.0978,8.0978,8.0978,8.0978,8.0978,8.0978,8.0978,8.0978,8.0978,8.0978,8.0978,8.0978,8.0978,8.0978,8.0978,8.0978,8.0978,8.0978,8.0978,8.0978,8.0978,8.0978,8.0978,8.0978,8.0978,8.0978,8.0978,8.0978,8.0978,8.0978,8.0978,8.0978,8.0978,8.0978,8.0978,8.0978,8.0978,8.0978,8.0978,8.0978,8.0978,8.0978,8.0978,8.0978,8.0978,8.0978,8.0978,8.0978,8.0978,8.0978,8.0978,8.0978,8.0978,8.0978,8.0978,8.0978,8.0978,8.0978,8.0978,8.0978,8.0978,8.0978,8.0978,8.0978,8.0978,8.0978,8.0978,8.0978,8.0978,8.0978,8.0978,8.0978,8.0978,8.0978,8.0978,8.0978,8.0978,8.0978,8.0978,8.0978,8.0978,8.0978,8.0978,8.0978,8.0978,8.0978,8.0978,8.0978,8.0978,8.0978,8.0978,8.0978,8.0978,8.0978,8.0978,8.0978,8.0978,8.0978,8.0978,8.0978,8.0978,8.0978,8.0978,8.0978,8.0978,8.0978,8.0978,8.0978,8.0978,8.0978,8.0978,8.0978,8.0978,8.0978,8.0978,8.0978,8.0978,8.0978,8.0978,8.0978,8.0978,8.0978,8.0978,8.0978,8.0978,8.0978,8.0978,8.0978,8.0978,8.0978,8.0978,8.0978,8.0978,8.0978,8.0978,8.0978,8.0978,8.0978,8.0978,8.0978,8.0978,8.0978,8.0978,8.0978,8.0978,8.0978,8.0978,8.0978,8.0978,8.0978,8.0978,8.0978,8.0978,8.0978,8.0978,8.0978,8.0978,8.0978,8.0978,8.0978,8.0978,8.0978,8.0978,8.0978,8.0978,8.0978,8.0978,8.0978,8.0978,8.0978,8.0978,8.0978,8.0978,8.0978,8.0978,8.0978,8.0978,8.0978,8.0978,8.0978,8.0978,8.0978,8.0978,8.0978,8.0978,8.0978,8.0978,8.0978,8.0978,8.0978,8.0978,8.0978,8.0978,8.0978,8.0978,8.0978,8.0978,8.0978,8.0978,8.0978,8.0978,8.0978,8.0978,8.0978,8.0978,8.0978,8.0978,8.0978,8.0978,8.0978,8.0978,8.0978,8.0978,8.0978,8.0978,8.0978,8.0978,8.0978,8.0978,8.0978,8.0978,8.0978,8.0978,8.0978,8.0978,8.0978,8.0978,8.0978,8.0978,8.0978,8.0978,8.0978,8.0978,8.0978,8.0978,8.0978,8.0978,8.0978,8.0978,8.0978,8.0978,8.0978,8.0978,8.0978,8.0978,8.0978,8.0978,8.0978,8.0978,8.0978,8.0978,8.0978,8.0978,8.0978,8.0978,8.0978,8.0978,8.0978,8.0978,8.0978,8.0978,8.0978,8.0978,8.0978,8.0978,8.0978,8.0978,8.0978,8.0978,8.0978,8.0978,8.0978,8.0978,8.0978,8.0978,8.0978,8.0978,8.0978,8.0978,8.0978,8.0978,8.0978,8.0978,8.0978,8.0978,8.0978,8.0978,8.0978,8.0978,8.0978,8.0978,8.0978,8.0978,8.0978,8.0978,8.0978,8.0978,8.0978,8.0978,8.0978,8.0978,8.0978,8.0978,8.0978,8.0978,8.0978,8.0978,8.0978,8.0978,8.0978,8.0978,8.0978,8.0978,8.0978,8.0978,8.0978,8.0978,8.0978,8.0978,8.0978,8.0978,8.0978,8.0978,8.0978,8.0978,8.0978,8.0978,8.0978,8.0978,8.0978,8.0978,8.0978,8.0978,8.0978,8.0978,8.0978,8.0978,8.0978,8.0978,8.0978,8.0978,8.0978,8.0978,8.0978,8.0978,8.0978,8.0978,8.0978,8.0978,8.0978,8.0978,8.0978,8.0978,8.0978,8.0978,8.0978,8.0978,8.0978,8.0978,8.0978,8.0978,8.0978,8.0978,8.0978,8.0978,8.0978,8.0978,8.0978,8.0978,8.0978,8.0978,8.0978,8.0978,8.0978,8.0978,8.0978,8.0978,8.0978,8.0978,8.0978,8.0978,8.0978,8.0978,8.0978,8.0978,8.0978,8.0978,8.0978,8.0978,8.0978,8.0978,8.0978,8.0978,8.0978,8.0978,8.0978,8.0978,8.0978,8.0978,8.0978,8.0978,8.0978,8.0978,8.0978,8.0978,8.0978,8.0978,8.0978,8.0978,8.0978,8.0978,8.0978,8.0978,8.0978,8.0978,8.0978,8.0978,8.0978,8.0978,8.0978,8.0978,8.0978,8.0978,8.0978,8.0978,8.0978,8.0978,8.0978,8.0978,8.0978,8.0978,8.0978,8.0978,8.0978,8.0978,8.0978,8.0978,8.0978,8.0978,8.0978,8.0978,8.0978,8.0978,8.0978,8.0978,8.0978,8.0978,8.0978,8.0978,8.0978,8.0978,8.0978,8.0978,8.0978,8.0978,8.0978,8.0978,8.0978,8.0978,8.0978,8.0978,8.0978,8.0978,8.0978,8.0978,8.0978,8.0978,8.0978,8.0978,8.0978,8.0978,8.0978,8.0978,8.0978,8.0978,8.0978,8.0978,8.0978,8.0978,8.0978,8.0978,8.0978,8.0978,8.0978,8.0978,8.0978,8.0978,8.0978,8.0978,8.0978,8.0978,8.0978,8.0978,8.0978,8.0978,8.0978,8.0978,8.0978,8.0978,8.0978,8.0978,8.0978,8.0978,8.0978,8.0978,8.0978,8.0978,8.0978,8.0978,8.0978,8.0978,8.0978,8.0978,8.0978,8.0978,8.0978,8.0978,8.0978,8.0978,8.0978,8.0978,8.0978,8.0978,8.0978,8.0978,8.0978,8.0978,8.0978,8.0978,8.0978,8.0978,8.0978,8.0978,8.0978,8.0978,8.0978,8.0978,8.0978,8.0978,8.0978,8.0978,8.0978,8.0978,8.0978,8.0978,8.0978,8.0978,8.0978,8.0978,8.0978,8.0978,8.0978,8.0978,8.0978,8.0978,8.0978,8.0978,8.0978,8.0978,8.0978,8.0978,8.0978,8.0978,8.0978,8.0978,8.0978,8.0978,8.0978,8.0978,8.0978,8.0978,8.0978,8.0978,8.0978,8.0978,8.0978,8.0978,8.0978,8.0978,8.0978,8.0978,8.0978,8.0978,8.0978,8.0978,8.0978,8.0978,8.0978,8.0978,8.0978,8.0978,8.0978,8.0978,8.0974,8.0974,8.0974,8.0974,8.0974,8.0974,8.0974,8.0974,8.0974,8.0974,8.0974,8.0974,8.0974,8.0974,8.0974,8.0974,8.0974,8.0974,8.0974,8.0974,8.0974,8.0974,8.0974,8.0974,8.0974,8.0974,8.0974,8.0974,8.0974,8.0974,8.0974,8.0974,8.0974,8.0974,8.0974,8.0974,8.0974,8.0974,8.0974,8.0974,8.0974,8.0974,8.0974,8.0974,8.0974,8.0974,8.0974,8.0974,8.0974,8.0974,8.0974,8.0974,8.0974,8.0974,8.0974,8.0974,8.0974,8.0974,8.0974,8.0974,8.0974,8.0974,8.0974,8.0974,8.0974,8.0974,8.0974,8.0974,8.0974,8.0974,8.0974,8.0974,8.0974,8.0974,8.0974,8.0974,8.0974,8.0974,8.0974,8.0974,8.0974,8.0974,8.0974,8.0974,8.0974,8.0974,8.0974,8.0974,8.0974,8.0974,8.0974,8.0974,8.0974,8.0974,8.0974,8.0974,8.0974,8.0974,8.0974,8.0974,8.0974,8.0974,8.0974,8.0974,8.0974,8.0974,8.0974,8.0974,8.0974,8.0974,8.0974,8.0974,8.0974,8.0974,8.0974,8.0974,8.0974,8.0974,8.0974,8.0974,8.0974,8.0974,8.0974,8.0974,8.0974,8.0974,8.0974,8.0974,8.0974,8.0974,8.0974,8.0974,8.0974,8.0974,8.0974,8.0974,8.0974,8.0974,8.0974,8.0974,8.0974,8.0974,8.0974,8.0974,8.0974,8.0974,8.0974,8.0974,8.0974,8.0974,8.0974,8.0974,8.0974,8.0974,8.0974,8.0974,8.0974,8.0974,8.0974,8.0974
8.0900,8.0900,8.0900,8.0900,8.0900,8.0900,8.0900,8.0900,8.0900,8.0900,8.0900,8.0900,8.0900,8.0900,8.0900,8.0900,8.0900,8.0900,8.0900,8.0900,8.0900,8.0900,8.0900,8.0900,8.0900,8.0900,8.0900,8.0900,8.0900,8.0900,8.0900,8.0900,8.0900,8.0900,8.0900,8.0900,8.0900,8.0900,8.0900,8.0900,8.0900,8.0900,8.0900,8.0900,8.0900,8.0900,8.0900,8.0900,8.0900,8.0900,8.0900,8.0900,8.0900,8.0900,8.0900,8.0900,8.0900,8.0900,8.0900,8.0900,8.0900,8.0900,8.0900,8.0900,8.0900,8.0900,8.0900,8.0900,8.0900,8.0900,8.0900,8.0900,8.0900,8.0900,8.0900,8.0900,8.0900,8.0900,8.0900,8.0900,8.0900,8.0900,8.0900,8.0900,8.0900,8.0900,8.0900,8.0900,8.0900,8.0900,8.0900,8.0900,8.0900,8.0900,8.0900,8.0900,8.0900,8.0900,8.0900,8.0900,8.0900,8.0900,8.0900,8.0900,8.0900,8.0900,8.0900,8.0900,8.0900,8.0900,8.0900,8.0900,8.0900,8.0900,8.0900,8.0900,8.0900,8.0900,8.0900,8.0900,8.0900,8.0900,8.0900,8.0900,8.0900,8.0900,8.0900,8.0900,8.0900,8.0900,8.0900,8.0900,8.0900,8.0900,8.0900,8.0900,8.0900,8.0900,8.0900,8.0900,8.0900,8.0900,8.0900,8.0900,8.0900,8.0900,8.0900,8.0900,8.0900,8.0900,8.0900,8.0900,8.0900,8.0900,8.0900,8.0900,8.0900,8.0900,8.0900,8.0900,8.0900,8.0900,8.0900,8.0900,8.0900,8.0900,8.0900,8.0900,8.0900,8.0900,8.0900,8.0900,8.0900,8.0900,8.0900,8.0900,8.0900,8.0900,8.0900,8.0900,8.0900,8.0900,8.0900,8.0900,8.0900,8.0900,8.0900,8.0900,8.0900,8.0900,8.0900,8.0900,8.0900,8.0900,8.0900,8.0900,8.0900,8.0900,8.0900,8.0900,8.0900,8.0900,8.0900,8.0900,8.0900,8.0900,8.0900,8.0900,8.0900,8.0900,8.0900,8.0900,8.0900,8.0900,8.0900,8.0900,8.0900,8.0900,8.0900,8.0900,8.0900,8.0900,8.0900,8.0900,8.0900,8.0900,8.0900,8.0900,8.0900,8.0900,8.0900,8.0900,8.0900,8.0900,8.0900,8.0900,8.0900,8.0900,8.0900,8.0900,8.0900,8.0900,8.0900,8.0900,8.0900,8.0900,8.0900,8.0900,8.0900,8.0900,8.0900,8.0900,8.0900,8.0900,8.0900,8.0900,8.0900,8.0900,8.0900,8.0900,8.0900,8.0900,8.0900,8.0900,8.0900,8.0900,8.0900,8.0900,8.0900,8.0900,8.0900,8.0900,8.0900,8.0900,8.0900,8.0900,8.0900,8.0900,8.0900,8.0900,8.0900,8.0900,8.0900,8.0900,8.0900,8.0900,8.0900,8.0900,8.0900,8.0900,8.0900,8.0900,8.0900,8.0900,8.0900,8.0900,8.0900,8.0900,8.0900,8.0900,8.0900,8.0900,8.0900,8.0900,8.0900,8.0900,8.0900,8.0900,8.0900,8.0900,8.0900,8.0900,8.0900,8.0900,8.0900,8.0900,8.0900,8.0900,8.0900,8.0900,8.0900,8.0900,8.0900,8.0900,8.0900,8.0900,8.0900,8.0900,8.0900,8.0900,8.0900,8.0900,8.0900,8.0900,8.0900,8.0900,8.0900,8.0900,8.0900,8.0900,8.0900,8.0900,8.0900,8.0900,8.0900,8.0900,8.0900,8.0900,8.0900,8.0900,8.0900,8.0900,8.0900,8.0900,8.0900,8.0900,8.0900,8.0900,8.0900,8.0900,8.0900,8.0900,8.0900,8.0900,8.0900,8.0900,8.0900,8.0900,8.0900,8.0900,8.0900,8.0900,8.0900,8.0900,8.0900,8.0900,8.0900,8.0900,8.0900,8.0900,8.0900,8.0900,8.0900,8.0900,8.0900,8.0900,8.0900,8.0900,8.0900,8.0900,8.0900,8.0900,8.0900,8.0900,8.0900,8.0900,8.0900,8.0900,8.0900,8.0900,8.0900,8.0900,8.0900,8.0900,8.0900,8.0900,8.0900,8.0900,8.0900,8.0900,8.0900,8.0900,8.0900,8.0900,8.0900,8.0900,8.0900,8.0900,8.0900,8.0900,8.0900,8.0900,8.0900,8.0900,8.0900,8.0900,8.0900,8.0900,8.0900,8.0900,8.0900,8.0900,8.0900,8.0900,8.0900,8.0900,8.0900,8.0900,8.0900,8.0900,8.0900,8.0900,8.0900,8.0900,8.0900,8.0900,8.0900,8.0900,8.0900,8.0900,8.0900,8.0900,8.0900,8.0900,8.0900,8.0900,8.0900,8.0900,8.0900,8.0900,8.0900,8.0900,8.0900,8.0900,8.0900,8.0900,8.0900,8.0900,8.0900,8.0900,8.0900,8.0900,8.0900,8.0900,8.0900,8.0900,8.0900,8.0900,8.0900,8.0900,8.0900,8.0900,8.0900,8.0900,8.0900,8.0900,8.0900,8.0900,8.0900,8.0900,8.0900,8.0900,8.0900,8.0900,8.0900,8.0900,8.0900,8.0900,8.0900,8.0900,8.0900,8.0900,8.0900,8.0900,8.0900,8.0900,8.0900,8.0900,8.0900,8.0900,8.0900,8.0900,8.0900,8.0900,8.0900,8.0900,8.0900,8.0900,8.0900,8.0900,8.0900,8.0900,8.0900,8.0900,8.0900,8.0900,8.0900,8.0900,8.0900,8.0900,8.0900,8.0900,8.0900,8.0900,8.0900,8.0900,8.0900,8.0900,8.0900,8.0900,8.0900,8.0900,8.0900,8.0900,8.0900,8.0900,8.0900,8.0900,8.0900,8.0900,8.0900,8.0900,8.0900,8.0900,8.0900,8.0900,8.0900,8.0900,8.0900,8.0900,8.0900,8.0900,8.0900,8.0900,8.0900,8.0900,8.0900,8.0900,8.0900,8.0900,8.0900,8.0900,8.0900,8.0900,8.0900,8.0900,8.0900,8.0900,8.0900,8.0900,8.0900,8.0900,8.0900,8.0900,8.0900,8.0900,8.0900,8.0900,8.0900,8.0900,8.0900,8.0900,8.0900,8.0900,8.0900,8.0900,8.0900,8.0900,8.0900,8.0900,8.0900,8.0900,8.0900,8.0900,8.0900,8.0900,8.0900,8.0900,8.0900,8.0900,8.0900,8.0900,8.0900,8.0900,8.0900,8.0900,8.0900,8.0900,8.0900,8.0900,8.0900,8.0900,8.0900,8.0900,8.0900,8.0900,8.0900,8.0900,8.0900,8.0900,8.0900,8.0900,8.0900,8.0900,8.0900,8.0900,8.0900,8.0900,8.0900,8.0900,8.0900,8.0900,8.0900,8.0900,8.0900,8.0900,8.0900,8.0900,8.0900,8.0900,8.0900,8.0900,8.0900,8.0900,8.0900,8.0900,8.0900,8.0900,8.0900,8.0900,8.0900,8.0900,8.0900,8.0900,8.0900,8.0900,8.0900,8.0900,8.0900,8.0900,8.0900,8.0900,8.0900,8.0900,8.0900,8.0900,8.0900,8.0900,8.0900,8.0900,8.0900,8.0900,8.0900,8.0900,8.0900,8.0900,8.0900,8.0900,8.0900,8.0900,8.0900,8.0900,8.0900,8.0900,8.0900,8.0900,8.0900,8.0900,8.0900,8.0900,8.0900,8.0900,8.0900,8.0900,8.0900,8.0900,8.0900,8.0900,8.0900,8.0900,8.0900,8.0900,8.0900,8.0900,8.0900,8.0900,8.0900,8.0900,8.0900,8.0900,8.0900,8.0908,8.0908,8.0908,8.0908,8.0908,8.0908,8.0908,8.0908,8.0908,8.0908,8.0908,8.0908,8.0908,8.0908,8.0908,8.0908,8.0908,8.0908,8.0908,8.0908,8.0908,8.0908,8.0908,8.0908,8.0908,8.0908,8.0908,8.0908,8.0908,8.0908,8.0908,8.0908,8.0908,8.0908,8.0908,8.0908,8.0908,8.0908,8.0908,8.0908,8.0908,8.0908,8.0908,8.0908,8.0908,8.0908,8.0908,8.0908,8.0908,8.0908,8.0908,8.0908,8.0908,8.0908,8.0908,8.0908,8.0908,8.0908,8.0908,8.0908,8.0908,8.0908,8.0908,8.0908,8.0908,8.0908,8.0908,8.0908,8.0908,8.0908,8.0908,8.0908,8.0908,8.0908,8.0908,8.0908,8.0908,8.0908,8.0908,8.0908,8.0908,8.0908,8.0908,8.0908,8.0908,8.0908,8.0908,8.0908,8.0908,8.0908,8.0908,8.0908,8.0908,8.0908,8.0908,8.0908,8.0908,8.0908,8.0908,8.0908,8.0908,8.0908,8.0908,8.0908,8.0908,8.0908,8.0908,8.0908,8.0908,8.0908,8.0908,8.0908,8.0908,8.0908,8.0908,8.0908,8.0908,8.0908,8.0908,8.0908,8.0908,8.0908,8.0908,8.0908,8.0908,8.0908,8.0908,8.0908,8.0908,8.0908,8.0908,8.0908,8.0908,8.0908,8.0908,8.0908,8.0908,8.0908,8.0908,8.0908,8.0908,8.0908,8.0908,8.0908,8.0908,8.0908,8.0908,8.0908,8.0908,8.0908,8.0908,8.0908,8.0908,8.0908,8.0908,8.0908,8.0908,8.0908,8.0908,8.0908,8.0908,8.0908,8.0908,8.0908,8.0908,8.0908,8.0908,8.0908,8.0908,8.0908,8.0908,8.0908,8.0908,8.0908,8.0908,8.0908,8.0908,8.0908,8.0908,8.0908,8.0908,8.0908,8.0908,8.0908,8.0908,8.0908,8.0908,8.0908,8.0908,8.0908,8.0908,8.0908,8.0908,8.0908,8.0908,8.0908,8.0908,8.0908,8.0908,8.0908,8.0908,8.0908,8.0908,8.0908,8.0908,8.0908,8.0908,8.0908,8.0908,8.0908,8.0908,8.0908,8.0908,8.0908,8.0908,8.0908,8.0908,8.0908,8.0908,8.0908,8.0908,8.0908,8.0908,8.0908,8.0908,8.0908,8.0908,8.0908,8.0908,8.0908,8.0908,8.0908,8.0908,8.0908,8.0908,8.0908,8.0908,8.0908,8.0908
8.0826,8.0826,8.0826,8.0826,8.0826,8.0826,8.0826,8.0826,8.0826,8.0826,8.0826,8.0826,8.0826,8.0826,8.0826,8.0826,8.0826,8.0826,8.0826,8.0826,8.0826,8.0826,8.0826,8.0826,8.0826,8.0826,8.0826,8.0826,8.0826,8.0826,8.0826,8.0826,8.0826,8.0826,8.0826,8.0826,8.0826,8.0826,8.0826,8.0826,8.0826,8.0826,8.0826,8.0826,8.0826,8.0826,8.0826,8.0826,8.0826,8.0826,8.0826,8.0826,8.0826,8.0826,8.0826,8.0826,8.0826,8.0826,8.0826,8.0826,8.0826,8.0826,8.0826,8.0826,8.0826,8.0826,8.0826,8.0826,8.0826,8.0826,8.0826,8.0826,8.0826,8.0826,8.0826,8.0826,8.0826,8.0826,8.0826,8.0826,8.0826,8.0826,8.0826,8.0826,8.0826,8.0826,8.0826,8.0826,8.0826,8.0826,8.0826,8.0826,8.0826,8.0826,8.0826,8.0826,8.0826,8.0826,8.0826,8.0826,8.0826,8.0826,8.0826,8.0826,8.0826,8.0826,8.0826,8.0826,8.0826,8.0826,8.0826,8.0826,8.0826,8.0826,8.0826,8.0826,8.0826,8.0826,8.0826,8.0826,8.0826,8.0826,8.0826,8.0826,8.0826,8.0826,8.0826,8.0826,8.0826,8.0826,8.0826,8.0826,8.0826,8.0826,8.0826,8.0826,8.0826,8.0826,8.0826,8.0826,8.0826,8.0826,8.0826,8.0826,8.0826,8.0826,8.0826,8.0826,8.0826,8.0826,8.0826,8.0826,8.0826,8.0826,8.0826,8.0826,8.0826,8.0826,8.0826,8.0826,8.0826,8.0826,8.0826,8.0826,8.0826,8.0826,8.0826,8.0826,8.0826,8.0826,8.0826,8.0826,8.0826,8.0826,8.0826,8.0826,8.0826,8.0826,8.0826,8.0826,8.0826,8.0826,8.0826,8.0826,8.0826,8.0826,8.0826,8.0826,8.0826,8.0826,8.0826,8.0826,8.0826,8.0826,8.0826,8.0826,8.0826,8.0826,8.0826,8.0826,8.0826,8.0826,8.0826,8.0826,8.0826,8.0826,8.0826,8.0826,8.0826,8.0826,8.0826,8.0826,8.0826,8.0826,8.0826,8.0826,8.0826,8.0826,8.0826,8.0826,8.0826,8.0826,8.0826,8.0826,8.0826,8.0826,8.0826,8.0826,8.0826,8.0826,8.0826,8.0826,8.0826,8.0826,8.0826,8.0826,8.0826,8.0826,8.0826,8.0826,8.0826,8.0826,8.0826,8.0826,8.0826,8.0826,8.0826,8.0826,8.0826,8.0826,8.0826,8.0826,8.0826,8.0826,8.0826,8.0826,8.0826,8.0826,8.0826,8.0826,8.0826,8.0826,8.0826,8.0826,8.0826,8.0826,8.0826,8.0826,8.0826,8.0826,8.0826,8.0826,8.0826,8.0826,8.0826,8.0826,8.0826,8.0826,8.0826,8.0826,8.0826,8.0826,8.0826,8.0826,8.0826,8.0826,8.0826,8.0826,8.0826,8.0826,8.0826,8.0826,8.0826,8.0826,8.0826,8.0826,8.0826,8.0826,8.0826,8.0826,8.0826,8.0826,8.0826,8.0826,8.0826,8.0826,8.0826,8.0826,8.0826,8.0826,8.0826,8.0826,8.0826,8.0826,8.0826,8.0826,8.0826,8.0826,8.0826,8.0826,8.0826,8.0826,8.0826,8.0826,8.0826,8.0826,8.0826,8.0826,8.0826,8.0826,8.0826,8.0826,8.0826,8.0826,8.0826,8.0826,8.0826,8.0826,8.0826,8.0826,8.0826,8.0826,8.0826,8.0826,8.0826,8.0826,8.0826,8.0826,8.0826,8.0826,8.0826,8.0826,8.0826,8.0826,8.0826,8.0826,8.0826,8.0826,8.0826,8.0826,8.0826,8.0826,8.0826,8.0826,8.0826,8.0826,8.0826,8.0826,8.0826,8.0826,8.0826,8.0826,8.0826,8.0826,8.0826,8.0826,8.0826,8.0826,8.0826,8.0826,8.0826,8.0826,8.0826,8.0826,8.0826,8.0826,8.0826,8.0826,8.0826,8.0826,8.0826,8.0826,8.0826,8.0826,8.0826,8.0826,8.0826,8.0826,8.0826,8.0826,8.0826,8.0826,8.0826,8.0826,8.0826,8.0826,8.0826,8.0826,8.0826,8.0826,8.0826,8.0826,8.0826,8.0826,8.0826,8.0826,8.0826,8.0826,8.0826,8.0826,8.0826,8.0826,8.0826,8.0826,8.0826,8.0826,8.0826,8.0826,8.0826,8.0826,8.0826,8.0826,8.0826,8.0826,8.0826,8.0826,8.0826,8.0826,8.0826,8.0826,8.0826,8.0826,8.0826,8.0826,8.0826,8.0826,8.0826,8.0834,8.0834,8.0834,8.0834,8.0834,8.0834,8.0834,8.0834,8.0834,8.0834,8.0834,8.0834,8.0834,8.0834,8.0834,8.0834,8.0834,8.0834,8.0834,8.0834,8.0834,8.0834,8.0834,8.0834,8.0834,8.0834,8.0834,8.0834,8.0834,8.0834,8.0834,8.0834,8.0834,8.0834,8.0834,8.0834,8.0834,8.0834,8.0834,8.0834,8.0834,8.0834,8.0834,8.0834,8.0834,8.0834,8.0834,8.0834,8.0834,8.0834,8.0834,8.0834,8.0834,8.0834,8.0834,8.0834,8.0834,8.0834,8.0834,8.0834,8.0834,8.0834,8.0834,8.0834,8.0834,8.0834,8.0834,8.0834,8.0834,8.0834,8.0834,8.0834,8.0834,8.0834,8.0834,8.0834,8.0834,8.0834,8.0834,8.0834,8.0834,8.0834,8.0834,8.0834,8.0834,8.0834,8.0834,8.0834,8.0834,8.0834,8.0834,8.0834,8.0834,8.0834,8.0834,8.0834,8.0834,8.0834,8.0834,8.0834,8.0834,8.0834,8.0834,8.0834,8.0834,8.0834,8.0834,8.0834,8.0834,8.0834,8.0834,8.0834,8.0834,8.0834,8.0834,8.0834,8.0834,8.0834,8.0834,8.0834,8.0834,8.0834,8.0834,8.0834,8.0834,8.0834,8.0834,8.0834,8.0834,8.0834,8.0834,8.0834,8.0834,8.0834,8.0834,8.0834,8.0834,8.0834,8.0834,8.0834,8.0834,8.0834,8.0834,8.0834,8.0834,8.0834,8.0834,8.0834,8.0834,8.0834,8.0834,8.0834,8.0834,8.0834,8.0834,8.0834,8.0834,8.0834,8.0834,8.0834,8.0834,8.0834,8.0834,8.0834,8.0834,8.0834,8.0834,8.0834,8.0834,8.0834,8.0834,8.0834,8.0834,8.0834,8.0834,8.0834,8.0834,8.0834,8.0834,8.0834,8.0834,8.0834,8.0834,8.0834,8.0834,8.0834,8.0834,8.0834,8.0834,8.0834,8.0834,8.0834,8.0834,8.0834,8.0834,8.0834,8.0834,8.0834,8.0834,8.0834,8.0834,8.0834,8.0834,8.0834,8.0834,8.0834,8.0834,8.0834,8.0834,8.0834,8.0834,8.0834,8.0834,8.0834,8.0834,8.0834,8.0834,8.0834,8.0834,8.0834,8.0834,8.0834,8.0834,8.0834,8.0834,8.0834,8.0834,8.0834,8.0834,8.0834,8.0834,8.0834,8.0834,8.0834,8.0834,8.0834,8.0834,8.0834,8.0834,8.0834,8.0834,8.0834,8.0834,8.0834,8.0834,8.0834,8.0834,8.0834,8.0834,8.0834,8.0834,8.0834,8.0834,8.0834,8.0834,8.0834,8.0834,8.0834,8.0834,8.0834,8.0834,8.0834,8.0834,8.0834,8.0834,8.0834,8.0834,8.0834,8.0834,8.0834,8.0834,8.0834,8.0834,8.0834,8.0834,8.0834,8.0834,8.0834,8.0834,8.0834,8.0834,8.0834,8.0834,8.0834,8.0834,8.0834,8.0834,8.0834,8.0834,8.0834,8.0834,8.0834,8.0834,8.0834,8.0834,8.0834,8.0834,8.0834,8.0834,8.0834,8.0834,8.0834,8.0834,8.0834,8.0834,8.0834,8.0834,8.0834,8.0834,8.0834,8.0834,8.0834,8.0834,8.0834,8.0834,8.0834,8.0834,8.0834,8.0834,8.0834,8.0834,8.0834,8.0834,8.0834,8.0834,8.0834,8.0834,8.0834,8.0834,8.0834,8.0834,8.0834,8.0834,8.0834,8.0834,8.0834,8.0834,8.0834,8.0834,8.0834,8.0834,8.0834,8.0834,8.0834,8.0834,8.0834,8.0834,8.0834,8.0834,8.0834,8.0834,8.0834,8.0834,8.0834,8.0834,8.0834,8.0834,8.0834,8.0834,8.0834,8.0834,8.0834,8.0834,8.0834,8.0834,8.0834,8.0834,8.0834,8.0834,8.0834,8.0834,8.0834,8.0834,8.0834,8.0834,8.0834,8.0834,8.0834,8.0834,8.0834,8.0834,8.0834,8.0834,8.0834,8.0834,8.0834,8.0834,8.0834,8.0834,8.0834,8.0834,8.0834,8.0834,8.0834,8.0834,8.0834,8.0834,8.0834,8.0834,8.0834,8.0834,8.0834,8.0834,8.0834,8.0834,8.0834,8.0834,8.0834,8.0834,8.0834,8.0834,8.0834,8.0834,8.0834,8.0834,8.0834,8.0834,8.0834,8.0834,8.0834,8.0834,8.0834,8.0834,8.0834,8.0834,8.0834,8.0834,8.0834,8.0834,8.0834,8.0834,8.0834,8.0834,8.0834,8.0834,8.0834,8.0834,8.0834,8.0834,8.0834,8.0834,8.0834,8.0834,8.0834,8.0834,8.0834,8.0834,8.0834,8.0834,8.0834,8.0834,8.0834,8.0834,8.0834,8.0834,8.0834,8.0834,8.0834,8.0834,8.0834,8.0834,8.0834,8.0834,8.0834,8.0834,8.0834,8.0834,8.0834,8.0834,8.0834,8.0834,8.0834,8.0834,8.0834,8.0834,8.0834,8.0834,8.0834,8.0834,8.0834,8.0834,8.0834,8.0834,8.0834,8.0834,8.0834,8.0834,8.0834,8.0834,8.0834,8.0834,8.0834,8.0834,8.0834,8.0834,8.0834,8.0834,8.0834,8.0834,8.0834,8.0834,8.0834,8.0834,8.0834,8.0834,8.0834,8.0834,8.0834,8.0834,8.0834,8.0834,8.0834,8.0834
8.0756,8.0756,8.0756,8.0756,8.0756,8.0756,8.0756,8.0756,8.0756,8.0756,8.0756,8.0756,8.0756,8.0756,8.0756,8.0756,8.0756,8.0756,8.0756,8.0756,8.0756,8.0756,8.0756,8.0756,8.0756,8.0756,8.0756,8.0756,8.0756,8.0756,8.0756,8.0756,8.0756,8.0756,8.0756,8.0756,8.0756,8.0756,8.0756,8.0756,8.0756,8.0756,8.0756,8.0756,8.0756,8.0756,8.0756,8.0756,8.0756,8.0756,8.0756,8.0756,8.0756,8.0756,8.0756,8.0756,8.0756,8.0756,8.0756,8.0756,8.0756,8.0756,8.0756,8.0756,8.0756,8.0756,8.0756,8.0756,8.0756,8.0756,8.0756,8.0756,8.0756,8.0756,8.0756,8.0756,8.0756,8.0756,8.0756,8.0756,8.0756,8.0756,8.0756,8.0756,8.0756,8.0756,8.0756,8.0756,8.0756,8.0756,8.0756,8.0756,8.0756,8.0756,8.0756,8.0756,8.0756,8.0756,8.0756,8.0756,8.0756,8.0756,8.0756,8.0756,8.0756,8.0756,8.0756,8.0756,8.0756,8.0756,8.0756,8.0756,8.0756,8.0756,8.0756,8.0756,8.0756,8.0756,8.0756,8.0756,8.0756,8.0756,8.0756,8.0756,8.0756,8.0756,8.0756,8.0756,8.0756,8.0756,8.0756,8.0756,8.0756,8.0756,8.0756,8.0756,8.0756,8.0756,8.0756,8.0756,8.0756,8.0756,8.0756,8.0756,8.0756,8.0756,8.0756,8.0756,8.0756,8.0756,8.0756,8.0756,8.0756,8.0756,8.0756,8.0756,8.0756,8.0756,8.0756,8.0756,8.0756,8.0756,8.0756,8.0756,8.0756,8.0756,8.0756,8.0756,8.0756,8.0756,8.0756,8.0756,8.0756,8.0756,8.0756,8.0756,8.0756,8.0756,8.0756,8.0756,8.0756,8.0756,8.0756,8.0756,8.0756,8.0756,8.0756,8.0756,8.0756,8.0756,8.0756,8.0756,8.0756,8.0756,8.0756,8.0756,8.0756,8.0756,8.0756,8.0756,8.0756,8.0756,8.0756,8.0756,8.0756,8.0756,8.0756,8.0756,8.0756,8.0756,8.0756,8.0756,8.0756,8.0756,8.0756,8.0756,8.0756,8.0756,8.0756,8.0756,8.0756,8.0756,8.0756,8.0756,8.0756,8.0756,8.0756,8.0756,8.0756,8.0756,8.0756,8.0756,8.0756,8.0756,8.0756,8.0756,8.0756,8.0756,8.0756,8.0756,8.0756,8.0756,8.0756,8.0756,8.0756,8.0756,8.0756,8.0756,8.0756,8.0756,8.0756,8.0756,8.0756,8.0756,8.0756,8.0756,8.0756,8.0756,8.0756,8.0756,8.0756,8.0756,8.0756,8.0756,8.0756,8.0756,8.0756,8.0756,8.0756,8.0756,8.0756,8.0756,8.0756,8.0756,8.0756,8.0756,8.0756,8.0756,8.0756,8.0756,8.0756,8.0756,8.0756,8.0756,8.0756,8.0756,8.0756,8.0756,8.0756,8.0756,8.0756,8.0756,8.0756,8.0756,8.0756,8.0756,8.0756,8.0756,8.0756,8.0756,8.0756,8.0756,8.0756,8.0756,8.0756,8.0756,8.0756,8.0756,8.0756,8.0756,8.0756,8.0756,8.0756,8.0756,8.0756,8.0756,8.0756,8.0756,8.0756,8.0756,8.0756,8.0756,8.0756,8.0756,8.0756,8.0756,8.0756,8.0756,8.0756,8.0756,8.0756,8.0756,8.0756,8.0756,8.0756,8.0756,8.0756,8.0756,8.0756,8.0756,8.0756,8.0756,8.0756,8.0756,8.0756,8.0756,8.0756,8.0756,8.0756,8.0756,8.0756,8.0756,8.0756,8.0756,8.0756,8.0756,8.0756,8.0756,8.0756,8.0756,8.0756,8.0756,8.0756,8.0756,8.0756,8.0756,8.0756,8.0756,8.0756,8.0756,8.0756,8.0756,8.0756,8.0756,8.0756,8.0756,8.0756,8.0756,8.0756,8.0756,8.0756,8.0756,8.0756,8.0756,8.0756,8.0756,8.0756,8.0756,8.0756,8.0756,8.0756,8.0756,8.0756,8.0756,8.0756,8.0756,8.0756,8.0756,8.0756,8.0756,8.0756,8.0756,8.0756,8.0756,8.0756,8.0756,8.0756,8.0756,8.0756,8.0756,8.0756,8.0756,8.0756,8.0756,8.0756,8.0756,8.0756,8.0756,8.0756,8.0756,8.0756,8.0756,8.0756,8.0756,8.0756,8.0756,8.0756,8.0756,8.0756,8.0756,8.0756,8.0756,8.0756,8.0756,8.0756,8.0756,8.0756,8.0756,8.0756,8.0756,8.0756,8.0756,8.0756,8.0756,8.0756,8.0756,8.0756,8.0756,8.0756,8.0756,8.0756,8.0756,8.0756,8.0756,8.0756,8.0756,8.0756,8.0756,8.0756,8.0756,8.0756,8.0756,8.0756,8.0756,8.0756,8.0756,8.0756,8.0756,8.0756,8.0756,8.0756,8.0756,8.0756,8.0756,8.0756,8.0756,8.0756,8.0756,8.0756,8.0756,8.0756,8.0756,8.0756,8.0756,8.0756,8.0756,8.0756,8.0756,8.0756,8.0756,8.0756,8.0756,8.0756,8.0756,8.0756,8.0756,8.0756,8.0756,8.0756,8.0756,8.0756,8.0756,8.0756,8.0756,8.0756,8.0756,8.0756,8.0756,8.0756,8.0756,8.0756,8.0756,8.0756,8.0756,8.0756,8.0756,8.0756,8.0756,8.0756,8.0756,8.0756,8.0756,8.0756,8.0756,8.0756,8.0756,8.0756,8.0756,8.0756,8.0756,8.0756,8.0756,8.0756,8.0756,8.0756,8.0756,8.0756,8.0756,8.0756,8.0756,8.0756,8.0756,8.0756,8.0756,8.0756,8.0756,8.0756,8.0756,8.0756,8.0756,8.0756,8.0756,8.0756,8.0756,8.0756,8.0756,8.0756,8.0756,8.0756,8.0756,8.0756,8.0756,8.0756,8.0756,8.0756,8.0756,8.0756,8.0756,8.0756,8.0756,8.0756,8.0756,8.0756,8.0756,8.0756,8.0756,8.0756,8.0756,8.0756,8.0756,8.0756,8.0756,8.0756,8.0756,8.0756,8.0756,8.0756,8.0756,8.0756,8.0756,8.0756,8.0756,8.0756,8.0756,8.0756,8.0756,8.0756,8.0756,8.0756,8.0756,8.0756,8.0756,8.0756,8.0756,8.0756,8.0756,8.0756,8.0756,8.0756,8.0756,8.0756,8.0756,8.0756,8.0756,8.0756,8.0756,8.0756,8.0756,8.0756,8.0756,8.0756,8.0756,8.0756,8.0756,8.0756,8.0756,8.0756,8.0756,8.0756,8.0756,8.0756,8.0756,8.0756,8.0756,8.0756,8.0756,8.0756,8.0756,8.0756,8.0756,8.0756,8.0756,8.0756,8.0756,8.0756,8.0756,8.0756,8.0756,8.0756,8.0756,8.0756,8.0756,8.0756,8.0756,8.0756,8.0756,8.0756,8.0756,8.0756,8.0756,8.0756,8.0756,8.0756,8.0756,8.0756,8.0756,8.0756,8.0756,8.0756,8.0756,8.0756,8.0756,8.0756,8.0756,8.0756,8.0756,8.0756,8.0756,8.0756,8.0756,8.0756,8.0756,8.0756,8.0756,8.0756,8.0756,8.0756,8.0756,8.0756,8.0756,8.0756,8.0756,8.0756,8.0756,8.0756,8.0756,8.0756,8.0756,8.0756,8.0756,8.0756,8.0756,8.0756,8.0756,8.0756,8.0756,8.0756,8.0756,8.0756,8.0756,8.0756,8.0756,8.0756,8.0756,8.0756,8.0756,8.0756,8.0756,8.0756,8.0756,8.0756,8.0756,8.0756,8.0756,8.0756,8.0756,8.0756,8.0756,8.0756,8.0756,8.0756,8.0756,8.0756,8.0756,8.0756,8.0756,8.0756,8.0756,8.0756,8.0756,8.0756,8.0756,8.0756,8.0756,8.0756,8.0756,8.0756,8.0756,8.0756,8.0756,8.0756,8.0756,8.0756,8.0756,8.0756,8.0756,8.0756,8.0756,8.0756,8.0756,8.0756,8.0756,8.0756,8.0756,8.0756,8.0756,8.0756,8.0756,8.0756,8.0756,8.0756,8.0756,8.0756,8.0756,8.0756,8.0756,8.0756,8.0756,8.0756,8.0756,8.0756,8.0756,8.0756,8.0756,8.0756,8.0756,8.0756,8.0756,8.0756,8.0756,8.0756,8.0756,8.0756,8.0756,8.0756,8.0756,8.0756,8.0756,8.0756,8.0756,8.0756,8.0756,8.0756,8.0756,8.0756,8.0756,8.0756,8.0756,8.0756,8.0756,8.0756,8.0756,8.0756,8.0756,8.0756,8.0756,8.0756,8.0756,8.0756,8.0756,8.0756,8.0756,8.0756,8.0756,8.0756,8.0756,8.0756,8.0756,8.0756,8.0756,8.0756,8.0756,8.0756,8.0756,8.0756,8.0756,8.0756,8.0756,8.0756,8.0756,8.0756,8.0756,8.0756,8.0756,8.0756,8.0756,8.0756,8.0756,8.0756,8.0756,8.0756,8.0756,8.0756,8.0756,8.0756,8.0756,8.0756,8.0756,8.0756,8.0756,8.0756,8.0756,8.0756,8.0756,8.0756,8.0756,8.0756,8.0756,8.0756,8.0756,8.0756,8.0756,8.0756,8.0756,8.0756,8.0756,8.0756,8.0756,8.0756,8.0756,8.0756,8.0756,8.0756,8.0756,8.0756,8.0756,8.0756,8.0756,8.0756,8.0756,8.0756,8.0756,8.0756,8.0756,8.0756,8.0756,8.0756,8.0756,8.0756,8.0756,8.0756,8.0756,8.0756,8.0756,8.0756,8.0756,8.0756,8.0756,8.0756,8.0756,8.0756,8.0756,8.0756,8.0756,8.0756,8.0756,8.0756,8.0756,8.0756,8.0756,8.0756,8.0756,8.0756,8.0756,8.0756,8.0756,8.0756,8.0756,8.0756,8.0756,8.0756,8.0756,8.0756,8.0756,8.0756,8.0756,8.0756,8.0756,8.0756,8.0756,8.0756,8.0756,8.0756,8.0756,8.0756,8.0756,8.0756,8.0756,8.0756,8.0756,8.0756,8.0756,8.0756,8.0756,8.0756,8.0756,8.0756,8.0756,8.0756,8.0756
8.0682,8.0682,8.0682,8.0682,8.0682,8.0682,8.0682,8.0682,8.0682,8.0682,8.0682,8.0682,8.0682,8.0682,8.0682,8.0682,8.0682,8.0682,8.0682,8.0682,8.0682,8.0682,8.0682,8.0682,8.0682,8.0682,8.0682,8.0682,8.0682,8.0682,8.0682,8.0682,8.0682,8.0682,8.0682,8.0682,8.0682,8.0682,8.0682,8.0682,8.0682,8.0682,8.0682,8.0682,8.0682,8.0682,8.0682,8.0682,8.0682,8.0682,8.0682,8.0682,8.0682,8.0682,8.0682,8.0682,8.0682,8.0682,8.0682,8.0682,8.0682,8.0682,8.0682,8.0682,8.0682,8.0682,8.0682,8.0682,8.0682,8.0682,8.0682,8.0682,8.0682,8.0682,8.0682,8.0682,8.0682,8.0682,8.0682,8.0682,8.0682,8.0682,8.0682,8.0682,8.0682,8.0682,8.0682,8.0682,8.0682,8.0682,8.0682,8.0682,8.0682,8.0682,8.0682,8.0682,8.0682,8.0682,8.0682,8.0682,8.0682,8.0682,8.0682,8.0682,8.0682,8.0682,8.0682,8.0682,8.0682,8.0682,8.0682,8.0682,8.0682,8.0682,8.0682,8.0682,8.0682,8.0682,8.0682,8.0682,8.0682,8.0682,8.0682,8.0682,8.0682,8.0682,8.0682,8.0682,8.0682,8.0682,8.0682,8.0682,8.0682,8.0682,8.0682,8.0682,8.0682,8.0682,8.0682,8.0682,8.0682,8.0682,8.0682,8.0682,8.0682,8.0682,8.0682,8.0682,8.0682,8.0682,8.0682,8.0682,8.0682,8.0682,8.0682,8.0682,8.0682,8.0682,8.0682,8.0682,8.0682,8.0682,8.0682,8.0682,8.0682,8.0682,8.0682,8.0682,8.0682,8.0682,8.0682,8.0682,8.0682,8.0682,8.0682,8.0682,8.0682,8.0682,8.0682,8.0682,8.0682,8.0682,8.0682,8.0682,8.0682,8.0682,8.0682,8.0682,8.0682,8.0682,8.0682,8.0682,8.0682,8.0682,8.0682,8.0682,8.0682,8.0682,8.0682,8.0682,8.0682,8.0682,8.0682,8.0682,8.0682,8.0682,8.0682,8.0682,8.0682,8.0682,8.0682,8.0682,8.0682,8.0682,8.0682,8.0682,8.0682,8.0682,8.0682,8.0682,8.0682,8.0682,8.0682,8.0682,8.0682,8.0682,8.0682,8.0682,8.0682,8.0682,8.0682,8.0682,8.0682,8.0682,8.0682,8.0682,8.0682,8.0682,8.0682,8.0682,8.0682,8.0682,8.0682,8.0682,8.0682,8.0682,8.0682,8.0682,8.0682,8.0682,8.0682,8.0682,8.0682,8.0682,8.0682,8.0682,8.0682,8.0682,8.0682,8.0682,8.0682,8.0682,8.0682,8.0682,8.0682,8.0682,8.0682,8.0682,8.0682,8.0682,8.0682,8.0682,8.0682,8.0682,8.0682,8.0682,8.0682,8.0682,8.0682,8.0682,8.0682,8.0682,8.0682,8.0682,8.0682,8.0682,8.0682,8.0682,8.0682,8.0682,8.0682,8.0682,8.0682,8.0682,8.0682,8.0682,8.0682,8.0682,8.0682,8.0682,8.0682,8.0682,8.0682,8.0682,8.0682,8.0682,8.0682,8.0682,8.0682,8.0682,8.0682,8.0682,8.0682,8.0682,8.0682,8.0682,8.0682,8.0682,8.0682,8.0682,8.0682,8.0682,8.0682,8.0682,8.0682,8.0682,8.0682,8.0682,8.0682,8.0682,8.0682,8.0682,8.0682,8.0682,8.0682,8.0682,8.0682,8.0682,8.0682,8.0682,8.0682,8.0682,8.0682,8.0682,8.0682,8.0682,8.0682,8.0682,8.0682,8.0682,8.0682,8.0682,8.0682,8.0682,8.0682,8.0682,8.0682,8.0682,8.0682,8.0682,8.0682,8.0682,8.0682,8.0682,8.0682,8.0682,8.0682,8.0682,8.0682,8.0682,8.0682,8.0682,8.0682,8.0682,8.0682,8.0682,8.0682,8.0682,8.0682,8.0682,8.0682,8.0682,8.0682,8.0682,8.0682,8.0682,8.0682,8.0682,8.0682,8.0682,8.0682,8.0682,8.0682,8.0682,8.0682,8.0682,8.0682,8.0682,8.0682,8.0682,8.0682,8.0682,8.0682,8.0682,8.0682,8.0682,8.0682,8.0682,8.0682,8.0682,8.0682,8.0682,8.0682,8.0682,8.0682,8.0682,8.0682,8.0682,8.0682,8.0682,8.0682,8.0682,8.0682,8.0682,8.0682,8.0682,8.0682,8.0682,8.0682,8.0682,8.0682,8.0682,8.0682,8.0682,8.0682,8.0682,8.0682,8.0682,8.0682,8.0682,8.0682,8.0682,8.0682,8.0682,8.0682,8.0682,8.0682,8.0682,8.0682,8.0682,8.0682,8.0682,8.0682,8.0682,8.0682,8.0682,8.0682,8.0682,8.0682,8.0682,8.0682,8.0682,8.0682,8.0682,8.0682,8.0682,8.0682,8.0682,8.0682,8.0682,8.0682,8.0682,8.0682,8.0682,8.0682,8.0682,8.0682,8.0682,8.0682,8.0682,8.0682,8.0682,8.0682,8.0682,8.0682,8.0682,8.0682,8.0682,8.0682,8.0682,8.0682,8.0682,8.0682,8.0682,8.0682,8.0682,8.0682,8.0682,8.0682,8.0682,8.0682,8.0682,8.0682,8.0682,8.0682,8.0682,8.0682,8.0682,8.0682,8.0682,8.0682,8.0682,8.0682,8.0682,8.0682,8.0682,8.0682,8.0682,8.0682,8.0682,8.0682,8.0682,8.0682,8.0682,8.0682,8.0682,8.0682,8.0682,8.0682,8.0682,8.0682,8.0682,8.0682,8.0682,8.0682,8.0682,8.0682,8.0682,8.0682,8.0682,8.0682,8.0682,8.0682,8.0682,8.0682,8.0682,8.0682,8.0682,8.0682,8.0682,8.0682,8.0682,8.0682,8.0682,8.0682,8.0682,8.0682,8.0682,8.0682,8.0682,8.0682,8.0682,8.0682,8.0682,8.0682,8.0682,8.0682,8.0682,8.0682,8.0682,8.0682,8.0682,8.0682,8.0682,8.0682,8.0682,8.0682,8.0682,8.0682,8.0682,8.0682,8.0682,8.0682,8.0682,8.0682,8.0682,8.0682,8.0682,8.0682,8.0682,8.0682,8.0682,8.0682,8.0682,8.0682,8.0682,8.0682,8.0682,8.0682,8.0682,8.0682,8.0682,8.0682,8.0682,8.0682,8.0682,8.0682,8.0682,8.0682,8.0682,8.0682,8.0682,8.0682,8.0682,8.0682,8.0682,8.0682,8.0682,8.0682,8.0682,8.0682,8.0682,8.0682,8.0682,8.0682,8.0682,8.0682,8.0682,8.0682,8.0682,8.0682,8.0682,8.0682,8.0682,8.0682,8.0682,8.0682,8.0682,8.0682,8.0682,8.0682,8.0682,8.0682,8.0682,8.0682,8.0682,8.0682,8.0682,8.0682,8.0682,8.0682,8.0682,8.0682,8.0682,8.0682,8.0682,8.0682,8.0682,8.0682,8.0682,8.0682,8.0682,8.0682,8.0682,8.0682,8.0682,8.0682,8.0682,8.0682,8.0682,8.0682,8.0682,8.0682,8.0682,8.0682,8.0682,8.0682,8.0682,8.0682,8.0682,8.0682,8.0682,8.0682,8.0682,8.0682,8.0682,8.0682,8.0682,8.0682,8.0682,8.0682,8.0682,8.0682,8.0682,8.0682,8.0682,8.0682,8.0682,8.0682,8.0682,8.0682,8.0682,8.0682,8.0682,8.0682,8.0682,8.0682,8.0682,8.0682,8.0682,8.0682,8.0682,8.0682,8.0682,8.0682,8.0682,8.0682,8.0682,8.0682,8.0682,8.0682,8.0682,8.0682,8.0682,8.0682,8.0682,8.0682,8.0682,8.0682,8.0682,8.0682,8.0682,8.0682,8.0682,8.0682,8.0682,8.0682,8.0682,8.0682,8.0682,8.0682,8.0682,8.0682,8.0682,8.0682,8.0682,8.0682,8.0682,8.0682,8.0682,8.0682,8.0682,8.0682,8.0682,8.0682,8.0682,8.0682,8.0682,8.0682,8.0682,8.0682,8.0682,8.0682,8.0682,8.0682,8.0682,8.0682,8.0682,8.0682,8.0682,8.0682,8.0682,8.0682,8.0682,8.0682,8.0682,8.0682,8.0682,8.0682,8.0682,8.0682,8.0682,8.0682,8.0682,8.0682,8.0682,8.0682,8.0682,8.0682,8.0682,8.0682,8.0682,8.0682,8.0682,8.0682,8.0682,8.0682,8.0682,8.0682,8.0682,8.0682,8.0682,8.0682,8.0682,8.0682,8.0682,8.0682,8.0682,8.0682,8.0682,8.0682,8.0682,8.0682,8.0682,8.0682,8.0682,8.0682,8.0682,8.0682,8.0682,8.0682,8.0682,8.0682,8.0682,8.0682,8.0682,8.0682,8.0682,8.0682,8.0682,8.0682,8.0682,8.0682,8.0682,8.0682,8.0682,8.0682,8.0682,8.0682,8.0682,8.0682,8.0682,8.0682,8.0682,8.0682,8.0682,8.0682,8.0682,8.0682,8.0682,8.0682,8.0682,8.0682,8.0682,8.0682,8.0682,8.0682,8.0682,8.0682,8.0682,8.0682,8.0682,8.0682,8.0682,8.0682,8.0682,8.0682,8.0682,8.0682,8.0682,8.0682,8.0682,8.0682,8.0682,8.0682,8.0682,8.0682,8.0682,8.0682,8.0682,8.0682,8.0682,8.0682,8.0682,8.0682,8.0682,8.0682,8.0682,8.0682,8.0682,8.0682,8.0682,8.0682,8.0682,8.0682,8.0682,8.0682,8.0682,8.0682,8.0682,8.0682,8.0682,8.0682,8.0682,8.0682,8.0682,8.0682,8.0682,8.0682,8.0682,8.0682,8.0682,8.0682,8.0682,8.0682,8.0682,8.0682,8.0682,8.0682,8.0682,8.0682,8.0682,8.0682,8.0682,8.0682,8.0682,8.0682,8.0682,8.0682,8.0682,8.0682,8.0682,8.0682,8.0682,8.0682,8.0682,8.0682,8.0682,8.0682,8.0682,8.0682,8.0682,8.0682,8.0682,8.0682,8.0682,8.0682,8.0682,8.0682,8.0682,8.0682,8.0682,8.0682,8.0682,8.0682,8.0682,8.0682,8.0682,8.0682,8.0682
8.0616,8.0616,8.0616,8.0616,8.0616,8.0616,8.0616,8.0616,8.0616,8.0616,8.0616,8.0616,8.0616,8.0616,8.0616,8.0616,8.0616,8.0616,8.0616,8.0616,8.0616,8.0616,8.0616,8.0616,8.0616,8.0616,8.0616,8.0616,8.0616,8.0616,8.0616,8.0616,8.0616,8.0616,8.0616,8.0616,8.0616,8.0616,8.0616,8.0616,8.0616,8.0616,8.0616,8.0616,8.0616,8.0616,8.0616,8.0616,8.0616,8.0616,8.0616,8.0616,8.0616,8.0616,8.0616,8.0616,8.0616,8.0616,8.0616,8.0616,8.0616,8.0616,8.0616,8.0616,8.0616,8.0616,8.0616,8.0616,8.0616,8.0616,8.0616,8.0616,8.0616,8.0616,8.0616,8.0616,8.0616,8.0616,8.0616,8.0616,8.0616,8.0616,8.0616,8.0616,8.0616,8.0616,8.0616,8.0616,8.0616,8.0616,8.0616,8.0616,8.0616,8.0616,8.0616,8.0616,8.0616,8.0616,8.0616,8.0616,8.0616,8.0616,8.0616,8.0616,8.0616,8.0616,8.0616,8.0616,8.0616,8.0616,8.0616,8.0616,8.0616,8.0616,8.0616,8.0616,8.0616,8.0616,8.0616,8.0616,8.0616,8.0616,8.0616,8.0616,8.0616,8.0616,8.0616,8.0616,8.0616,8.0616,8.0616,8.0616,8.0616,8.0616,8.0616,8.0616,8.0616,8.0616,8.0616,8.0616,8.0616,8.0616,8.0616,8.0616,8.0616,8.0616,8.0616,8.0616,8.0616,8.0616,8.0616,8.0616,8.0616,8.0616,8.0616,8.0616,8.0616,8.0616,8.0616,8.0616,8.0616,8.0616,8.0616,8.0616,8.0616,8.0616,8.0616,8.0616,8.0616,8.0616,8.0616,8.0616,8.0616,8.0616,8.0616,8.0616,8.0616,8.0616,8.0616,8.0616,8.0616,8.0616,8.0616,8.0616,8.0616,8.0616,8.0616,8.0616,8.0616,8.0616,8.0616,8.0616,8.0616,8.0616,8.0616,8.0616,8.0616,8.0616,8.0616,8.0616,8.0616,8.0616,8.0616,8.0616,8.0616,8.0616,8.0616,8.0616,8.0616,8.0616,8.0616,8.0616,8.0616,8.0616,8.0616,8.0616,8.0616,8.0616,8.0616,8.0616,8.0616,8.0616,8.0616,8.0616,8.0616,8.0616,8.0616,8.0616,8.0616,8.0616,8.0616,8.0616,8.0616,8.0616,8.0616,8.0616,8.0616,8.0616,8.0616,8.0616,8.0616,8.0616,8.0616,8.0616,8.0616,8.0616,8.0616,8.0616,8.0616,8.0616,8.0616,8.0616,8.0616,8.0616,8.0616,8.0616,8.0616,8.0616,8.0616,8.0616,8.0616,8.0616,8.0616,8.0616,8.0616,8.0616,8.0616,8.0616,8.0616,8.0616,8.0616,8.0616,8.0616,8.0616,8.0616,8.0616,8.0616,8.0616,8.0616,8.0616,8.0616,8.0616,8.0616,8.0616,8.0616,8.0616,8.0616,8.0616,8.0616,8.0616,8.0616,8.0616,8.0616,8.0616,8.0616,8.0616,8.0616,8.0616,8.0616,8.0616,8.0616,8.0616,8.0616,8.0616,8.0616,8.0616,8.0616,8.0616,8.0616,8.0616,8.0616,8.0616,8.0616,8.0616,8.0616,8.0616,8.0616,8.0616,8.0616,8.0616,8.0616,8.0616,8.0616,8.0616,8.0616,8.0616,8.0616,8.0616,8.0616,8.0616,8.0616,8.0616,8.0616,8.0616,8.0616,8.0616,8.0616,8.0616,8.0616,8.0616,8.0616,8.0616,8.0616,8.0616,8.0616,8.0616,8.0616,8.0616,8.0616,8.0616,8.0616,8.0616,8.0616,8.0616,8.0616,8.0616,8.0616,8.0616,8.0616,8.0616,8.0616,8.0616,8.0616,8.0616,8.0616,8.0616,8.0616,8.0616,8.0616,8.0616,8.0616,8.0616,8.0616,8.0616,8.0616,8.0616,8.0616,8.0616,8.0616,8.0616,8.0616,8.0616,8.0616,8.0616,8.0616,8.0616,8.0616,8.0616,8.0616,8.0616,8.0616,8.0616,8.0616,8.0616,8.0616,8.0616,8.0616,8.0616,8.0616,8.0616,8.0616,8.0616,8.0616,8.0616,8.0616,8.0616,8.0616,8.0616,8.0616,8.0616,8.0616,8.0616,8.0616,8.0616,8.0616,8.0616,8.0616,8.0616,8.0616,8.0616,8.0616,8.0616,8.0616,8.0616,8.0616,8.0616,8.0616,8.0616,8.0616,8.0616,8.0616,8.0616,8.0616,8.0616,8.0616,8.0616,8.0616,8.0616,8.0616,8.0616,8.0616,8.0616,8.0616,8.0616,8.0616,8.0616,8.0616,8.0616,8.0616,8.0616,8.0616,8.0616,8.0616,8.0616,8.0616,8.0616,8.0616,8.0616,8.0616,8.0616,8.0616,8.0616,8.0616,8.0616,8.0616,8.0616,8.0616,8.0616,8.0616,8.0616,8.0616,8.0616,8.0616,8.0616,8.0616,8.0616,8.0616,8.0616,8.0616,8.0616,8.0616,8.0616,8.0616,8.0616,8.0616,8.0616,8.0616,8.0616,8.0616,8.0616,8.0616,8.0616,8.0616,8.0616,8.0616,8.0616,8.0616,8.0616,8.0616,8.0616,8.0616,8.0616,8.0616,8.0616,8.0616,8.0616,8.0616,8.0616,8.0616,8.0616,8.0616,8.0616,8.0616,8.0616,8.0616,8.0616,8.0616,8.0616,8.0616,8.0616,8.0616,8.0616,8.0616,8.0616,8.0616,8.0616,8.0616,8.0616,8.0616,8.0616,8.0616,8.0616,8.0616,8.0616,8.0616,8.0616,8.0616,8.0616,8.0616,8.0616,8.0616,8.0616,8.0616,8.0616,8.0616,8.0616,8.0616,8.0616,8.0616,8.0616,8.0616,8.0616,8.0616,8.0616,8.0616,8.0616,8.0616,8.0616,8.0616,8.0616,8.0616,8.0616,8.0616,8.0616,8.0616,8.0616,8.0616,8.0616,8.0616,8.0616,8.0616,8.0616,8.0616,8.0616,8.0616,8.0616,8.0616,8.0616,8.0616,8.0616,8.0616,8.0616,8.0616,8.0616,8.0616,8.0616,8.0616,8.0616,8.0616,8.0616,8.0616,8.0616,8.0616,8.0616,8.0616,8.0616,8.0616,8.0616,8.0616,8.0616,8.0616,8.0616,8.0616,8.0616,8.0616,8.0616,8.0616,8.0616,8.0616,8.0616,8.0616,8.0616,8.0616,8.0616,8.0616,8.0616,8.0616,8.0616,8.0616,8.0616,8.0616,8.0616,8.0616,8.0616,8.0616,8.0616,8.0616,8.0616,8.0616,8.0616,8.0616,8.0616,8.0616,8.0616,8.0616,8.0616,8.0616,8.0616,8.0616,8.0616,8.0616,8.0616,8.0616,8.0616,8.0616,8.0616,8.0616,8.0616,8.0616,8.0616,8.0616,8.0616,8.0616,8.0616,8.0616,8.0616,8.0616,8.0616,8.0616,8.0616,8.0616,8.0616,8.0616,8.0616,8.0616,8.0616,8.0616,8.0616,8.0616,8.0616,8.0616,8.0616,8.0616,8.0616,8.0616,8.0616,8.0616,8.0616,8.0616,8.0616,8.0616,8.0616,8.0616,8.0616,8.0616,8.0616,8.0616,8.0616,8.0616,8.0616,8.0616,8.0616,8.0616,8.0616,8.0616,8.0616,8.0616,8.0616,8.0616,8.0616,8.0616,8.0616,8.0616,8.0616,8.0616,8.0616,8.0616,8.0616,8.0616,8.0616,8.0616,8.0616,8.0616,8.0616,8.0616,8.0616,8.0616,8.0616,8.0616,8.0616,8.0616,8.0616,8.0616,8.0616,8.0616,8.0616,8.0616,8.0616,8.0616,8.0616,8.0616,8.0616,8.0616,8.0616,8.0616,8.0616,8.0616,8.0616,8.0616,8.0616,8.0616,8.0616,8.0616,8.0616,8.0616,8.0616,8.0616,8.0616,8.0616,8.0616,8.0616,8.0616,8.0616,8.0616,8.0616,8.0616,8.0616,8.0616,8.0616,8.0616,8.0616,8.0616,8.0616,8.0616,8.0616,8.0616,8.0616,8.0616,8.0616,8.0616,8.0616,8.0616,8.0616,8.0616,8.0616,8.0616,8.0616,8.0616,8.0616,8.0616,8.0616,8.0616,8.0616,8.0616,8.0616,8.0616,8.0616,8.0616,8.0616,8.0616,8.0616,8.0616,8.0616,8.0616,8.0616,8.0616,8.0616,8.0616,8.0616,8.0616,8.0616,8.0616,8.0616,8.0616,8.0616,8.0616,8.0616,8.0616,8.0616,8.0616,8.0616,8.0616,8.0616,8.0616,8.0616,8.0616,8.0616,8.0616,8.0616,8.0616,8.0616,8.0616,8.0616,8.0616,8.0616,8.0616,8.0616,8.0616,8.0616,8.0616,8.0616,8.0616,8.0616,8.0616,8.0616,8.0616,8.0616,8.0616,8.0616,8.0616,8.0616,8.0616,8.0616,8.0616,8.0616,8.0616,8.0616,8.0616,8.0616,8.0616,8.0616,8.0616,8.0616,8.0616,8.0616,8.0616,8.0616,8.0616,8.0616,8.0616,8.0616,8.0616,8.0616,8.0616,8.0616,8.0616,8.0616,8.0616,8.0616,8.0616,8.0616,8.0616,8.0616,8.0616,8.0616,8.0616,8.0616,8.0616,8.0616,8.0616,8.0616,8.0616,8.0616,8.0616,8.0616,8.0616,8.0616,8.0616,8.0616,8.0616,8.0616,8.0616,8.0616,8.0616,8.0616,8.0616,8.0616,8.0616,8.0616,8.0616,8.0616,8.0616,8.0616,8.0616,8.0616,8.0616,8.0616,8.0616,8.0616,8.0616,8.0616,8.0616,8.0616,8.0616,8.0616,8.0616,8.0616,8.0616,8.0616,8.0616,8.0616,8.0616,8.0616,8.0616,8.0616,8.0616,8.0616,8.0616,8.0616,8.0616,8.0616,8.0616,8.0616,8.0616,8.0616,8.0616,8.0616,8.0616,8.0616,8.0616,8.0616,8.0616,8.0616,8.0616,8.0616,8.0616,8.0616,8.0616,8.0616,8.0616,8.0616,8.0616,8.0616,8.0616,8.0616,8.0616,8.0616,8.0616,8.0616,8.0616
8.0535,8.0535,8.0535,8.0535,8.0535,8.0535,8.0535,8.0535,8.0535,8.0535,8.0535,8.0535,8.0535,8.0535,8.0535,8.0535,8.0535,8.0535,8.0535,8.0535,8.0535,8.0535,8.0535,8.0535,8.0535,8.0535,8.0535,8.0535,8.0535,8.0535,8.0535,8.0535,8.0535,8.0535,8.0535,8.0535,8.0535,8.0535,8.0535,8.0535,8.0535,8.0535,8.0535,8.0535,8.0535,8.0535,8.0535,8.0535,8.0535,8.0535,8.0535,8.0535,8.0535,8.0535,8.0535,8.0535,8.0535,8.0535,8.0535,8.0535,8.0535,8.0535,8.0535,8.0535,8.0535,8.0535,8.0535,8.0535,8.0535,8.0535,8.0535,8.0535,8.0535,8.0535,8.0535,8.0535,8.0535,8.0535,8.0535,8.0535,8.0535,8.0535,8.0535,8.0535,8.0535,8.0535,8.0535,8.0535,8.0535,8.0535,8.0535,8.0535,8.0535,8.0535,8.0535,8.0535,8.0535,8.0535,8.0535,8.0535,8.0535,8.0535,8.0535,8.0535,8.0535,8.0535,8.0535,8.0535,8.0535,8.0535,8.0535,8.0535,8.0535,8.0535,8.0535,8.0535,8.0535,8.0535,8.0535,8.0535,8.0535,8.0535,8.0535,8.0535,8.0535,8.0535,8.0535,8.0535,8.0535,8.0535,8.0535,8.0535,8.0535,8.0535,8.0535,8.0535,8.0535,8.0535,8.0535,8.0535,8.0535,8.0535,8.0535,8.0535,8.0535,8.0535,8.0535,8.0535,8.0535,8.0535,8.0535,8.0535,8.0535,8.0535,8.0535,8.0535,8.0535,8.0535,8.0535,8.0535,8.0535,8.0535,8.0535,8.0535,8.0535,8.0535,8.0535,8.0535,8.0535,8.0535,8.0535,8.0535,8.0535,8.0535,8.0535,8.0535,8.0535,8.0535,8.0535,8.0535,8.0535,8.0535,8.0535,8.0535,8.0535,8.0535,8.0535,8.0535,8.0535,8.0535,8.0535,8.0535,8.0535,8.0535,8.0535,8.0535,8.0535,8.0535,8.0535,8.0535,8.0535,8.0535,8.0535,8.0535,8.0535,8.0535,8.0535,8.0535,8.0535,8.0535,8.0535,8.0535,8.0535,8.0535,8.0535,8.0535,8.0535,8.0535,8.0535,8.0535,8.0535,8.0535,8.0535,8.0535,8.0535,8.0535,8.0535,8.0535,8.0535,8.0535,8.0535,8.0535,8.0535,8.0535,8.0535,8.0535,8.0535,8.0535,8.0535,8.0535,8.0535,8.0535,8.0535,8.0535,8.0535,8.0535,8.0535,8.0535,8.0535,8.0535,8.0535,8.0535,8.0535,8.0535,8.0535,8.0535,8.0535,8.0535,8.0535,8.0535,8.0535,8.0535,8.0535,8.0535,8.0535,8.0535,8.0535,8.0535,8.0535,8.0535,8.0535,8.0535,8.0535,8.0535,8.0535,8.0535,8.0535,8.0535,8.0535,8.0535,8.0535,8.0535,8.0535,8.0535,8.0535,8.0535,8.0535,8.0535,8.0535,8.0535,8.0535,8.0535,8.0535,8.0535,8.0535,8.0535,8.0535,8.0535,8.0535,8.0535,8.0535,8.0535,8.0535,8.0535,8.0535,8.0535,8.0535,8.0535,8.0535,8.0535,8.0535,8.0535,8.0535,8.0535,8.0535,8.0535,8.0535,8.0535,8.0535,8.0535,8.0535,8.0535,8.0535,8.0535,8.0535,8.0535,8.0535,8.0535,8.0535,8.0535,8.0535,8.0535,8.0535,8.0535,8.0535,8.0535,8.0535,8.0535,8.0535,8.0535,8.0535,8.0535,8.0535,8.0535,8.0535,8.0535,8.0535,8.0535,8.0535,8.0535,8.0535,8.0535,8.0535,8.0535,8.0535,8.0535,8.0535,8.0535,8.0535,8.0535,8.0535,8.0535,8.0535,8.0535,8.0535,8.0535,8.0535,8.0535,8.0535,8.0535,8.0535,8.0535,8.0535,8.0535,8.0535,8.0535,8.0535,8.0535,8.0535,8.0535,8.0535,8.0535,8.0535,8.0535,8.0535,8.0535,8.0535,8.0535,8.0535,8.0535,8.0535,8.0535,8.0535,8.0535,8.0535,8.0535,8.0535,8.0535,8.0535,8.0535,8.0535,8.0535,8.0535,8.0535,8.0535,8.0535,8.0535,8.0535,8.0535,8.0535,8.0535,8.0535,8.0535,8.0535,8.0535,8.0535,8.0535,8.0535,8.0535,8.0535,8.0535,8.0535,8.0535,8.0535,8.0535,8.0535,8.0535,8.0535,8.0535,8.0535,8.0535,8.0535,8.0535,8.0535,8.0535,8.0535,8.0535,8.0535,8.0535,8.0535,8.0535,8.0535,8.0535,8.0535,8.0535,8.0535,8.0535,8.0535,8.0535,8.0535,8.0535,8.0535,8.0535,8.0535,8.0535,8.0535,8.0535,8.0535,8.0535,8.0535,8.0535,8.0535,8.0535,8.0535,8.0535,8.0535,8.0535,8.0535,8.0535,8.0535,8.0535,8.0535,8.0535,8.0535,8.0535,8.0535,8.0535,8.0535,8.0535,8.0535,8.0535,8.0535,8.0535,8.0535,8.0535,8.0535,8.0535,8.0535,8.0535,8.0535,8.0535,8.0535,8.0535,8.0535,8.0535,8.0535,8.0535,8.0535,8.0535,8.0535,8.0535,8.0535,8.0535,8.0535,8.0535,8.0535,8.0535,8.0535,8.0535,8.0535,8.0535,8.0535,8.0535,8.0535,8.0535,8.0535,8.0535,8.0535,8.0535,8.0535,8.0535,8.0535,8.0535,8.0535,8.0535,8.0535,8.0535,8.0535,8.0535,8.0535,8.0535,8.0535,8.0535,8.0535,8.0535,8.0535,8.0535,8.0535,8.0535,8.0535,8.0535,8.0535,8.0535,8.0535,8.0535,8.0535,8.0535,8.0535,8.0535,8.0535,8.0535,8.0535,8.0535,8.0535,8.0535,8.0535,8.0535,8.0535,8.0535,8.0535,8.0535,8.0535,8.0535,8.0535,8.0535,8.0535,8.0535,8.0535,8.0535,8.0535,8.0535,8.0535,8.0535,8.0535,8.0535,8.0535,8.0535,8.0535,8.0535,8.0535,8.0535,8.0535,8.0535,8.0535,8.0535,8.0535,8.0535,8.0535,8.0535,8.0535,8.0535,8.0535,8.0535,8.0535,8.0535,8.0535,8.0535,8.0535,8.0535,8.0535,8.0535,8.0535,8.0535,8.0535,8.0535,8.0535,8.0535,8.0535,8.0535,8.0535,8.0535,8.0535,8.0535,8.0535,8.0535,8.0535,8.0535,8.0535,8.0535,8.0535,8.0535,8.0535,8.0535,8.0535,8.0535,8.0535,8.0535,8.0535,8.0535,8.0535,8.0535,8.0535,8.0535,8.0535,8.0535,8.0535,8.0535,8.0535,8.0535,8.0535,8.0535,8.0535,8.0535,8.0535,8.0535,8.0535,8.0535,8.0535,8.0535,8.0535,8.0535,8.0535,8.0535,8.0535,8.0535,8.0535,8.0535,8.0535,8.0535,8.0535,8.0535,8.0535,8.0535,8.0535,8.0535,8.0535,8.0535,8.0535,8.0535,8.0535,8.0535,8.0535,8.0535,8.0535,8.0535,8.0535,8.0535,8.0535,8.0535,8.0535,8.0535,8.0535,8.0535,8.0535,8.0535,8.0535,8.0535,8.0535,8.0535,8.0535,8.0535,8.0535,8.0535,8.0535,8.0535,8.0535,8.0535,8.0535,8.0535,8.0535,8.0535,8.0535,8.0535,8.0535,8.0535,8.0535,8.0535,8.0535,8.0535,8.0535,8.0535,8.0535,8.0535,8.0535,8.0535,8.0535,8.0535,8.0535,8.0535,8.0535,8.0535,8.0535,8.0535,8.0535,8.0535,8.0535,8.0535,8.0535,8.0535,8.0535,8.0535,8.0535,8.0535,8.0535,8.0535,8.0535,8.0535,8.0535,8.0535,8.0535,8.0535,8.0535,8.0535,8.0535,8.0535,8.0535,8.0535,8.0535,8.0535,8.0535,8.0535,8.0535,8.0535,8.0535,8.0535,8.0535,8.0535,8.0535,8.0535,8.0535,8.0535,8.0535,8.0535,8.0535,8.0535,8.0535,8.0535,8.0535,8.0535,8.0535,8.0535,8.0535,8.0535,8.0535,8.0535,8.0535,8.0535,8.0535,8.0535,8.0535,8.0535,8.0535,8.0535,8.0535,8.0535,8.0535,8.0535,8.0535,8.0535,8.0535,8.0535,8.0535,8.0535,8.0535,8.0535,8.0535,8.0535,8.0535,8.0535,8.0535,8.0535,8.0535,8.0535,8.0535,8.0535,8.0535,8.0535,8.0535,8.0535,8.0535,8.0535,8.0535,8.0535,8.0535,8.0535,8.0535,8.0535,8.0535,8.0535,8.0535,8.0535,8.0535,8.0535,8.0535,8.0535,8.0535,8.0535,8.0535,8.0535,8.0535,8.0535,8.0535,8.0535,8.0535,8.0535,8.0535,8.0535,8.0535,8.0535,8.0535,8.0535,8.0535,8.0535,8.0535,8.0535,8.0535,8.0535,8.0535,8.0535,8.0535,8.0535,8.0535,8.0535,8.0535,8.0535,8.0535,8.0535,8.0535,8.0535,8.0535,8.0535,8.0535,8.0535,8.0535,8.0535,8.0535,8.0535,8.0535,8.0535,8.0535,8.0535,8.0535,8.0535,8.0535,8.0535,8.0535,8.0535,8.0535,8.0535,8.0535,8.0535,8.0535,8.0535,8.0535,8.0535,8.0535,8.0535,8.0535,8.0535,8.0535,8.0535,8.0535,8.0535,8.0535,8.0535,8.0535,8.0535,8.0535,8.0535,8.0535,8.0535,8.0535,8.0535,8.0535,8.0535,8.0535,8.0535,8.0535,8.0535,8.0535,8.0535,8.0535,8.0535,8.0535,8.0535,8.0535,8.0535,8.0535,8.0535,8.0535,8.0535,8.0535,8.0535,8.0535,8.0535,8.0535,8.0535,8.0535,8.0535,8.0535,8.0535,8.0535,8.0535,8.0535,8.0535,8.0535,8.0535,8.0535,8.0535,8.0535,8.0535,8.0535,8.0535,8.0535,8.0535,8.0535,8.0535,8.0535,8.0535,8.0535,8.0535,8.0535,8.0535,8.0535,8.0535,8.0535,8.0535,8.0535,8.0535,8.0535
8.0470,8.0470,8.0470,8.0470,8.0470,8.0470,8.0470,8.0470,8.0470,8.0470,8.0470,8.0470,8.0470,8.0470,8.0470,8.0470,8.0470,8.0470,8.0470,8.0470,8.0470,8.0470,8.0470,8.0470,8.0470,8.0470,8.0470,8.0470,8.0470,8.0470,8.0470,8.0470,8.0470,8.0470,8.0470,8.0470,8.0470,8.0470,8.0470,8.0470,8.0470,8.0470,8.0470,8.0470,8.0470,8.0470,8.0470,8.0470,8.0470,8.0470,8.0470,8.0470,8.0470,8.0470,8.0470,8.0470,8.0470,8.0470,8.0470,8.0470,8.0470,8.0470,8.0470,8.0470,8.0470,8.0470,8.0470,8.0470,8.0470,8.0470,8.0470,8.0470,8.0470,8.0470,8.0470,8.0470,8.0470,8.0470,8.0470,8.0470,8.0470,8.0470,8.0470,8.0470,8.0470,8.0470,8.0470,8.0470,8.0470,8.0470,8.0470,8.0470,8.0470,8.0470,8.0470,8.0470,8.0470,8.0470,8.0470,8.0470,8.0470,8.0470,8.0470,8.0470,8.0470,8.0470,8.0470,8.0470,8.0470,8.0470,8.0470,8.0470,8.0470,8.0470,8.0470,8.0470,8.0470,8.0470,8.0470,8.0470,8.0470,8.0470,8.0470,8.0470,8.0470,8.0470,8.0470,8.0470,8.0470,8.0470,8.0470,8.0470,8.0470,8.0470,8.0470,8.0470,8.0470,8.0470,8.0470,8.0470,8.0470,8.0470,8.0470,8.0470,8.0470,8.0470,8.0470,8.0470,8.0470,8.0470,8.0470,8.0470,8.0470,8.0470,8.0470,8.0470,8.0470,8.0470,8.0470,8.0470,8.0470,8.0470,8.0470,8.0470,8.0470,8.0470,8.0470,8.0470,8.0470,8.0470,8.0470,8.0470,8.0470,8.0470,8.0470,8.0470,8.0470,8.0470,8.0470,8.0470,8.0470,8.0470,8.0470,8.0470,8.0470,8.0470,8.0470,8.0470,8.0470,8.0470,8.0470,8.0470,8.0470,8.0470,8.0470,8.0470,8.0470,8.0470,8.0470,8.0470,8.0470,8.0470,8.0470,8.0470,8.0470,8.0470,8.0470,8.0470,8.0470,8.0470,8.0470,8.0470,8.0470,8.0470,8.0470,8.0470,8.0470,8.0470,8.0470,8.0470,8.0470,8.0470,8.0470,8.0470,8.0470,8.0470,8.0470,8.0470,8.0470,8.0470,8.0470,8.0470,8.0470,8.0470,8.0470,8.0470,8.0470,8.0470,8.0470,8.0470,8.0470,8.0470,8.0470,8.0470,8.0470,8.0470,8.0470,8.0470,8.0470,8.0470,8.0470,8.0470,8.0470,8.0470,8.0470,8.0470,8.0470,8.0470,8.0470,8.0470,8.0470,8.0470,8.0470,8.0470,8.0470,8.0470,8.0470,8.0470,8.0470,8.0470,8.0470,8.0470,8.0470,8.0470,8.0470,8.0470,8.0470,8.0470,8.0470,8.0470,8.0470,8.0470,8.0470,8.0470,8.0470,8.0470,8.0470,8.0470,8.0470,8.0470,8.0470,8.0470,8.0470,8.0470,8.0470,8.0470,8.0470,8.0470,8.0470,8.0470,8.0470,8.0470,8.0470,8.0470,8.0470,8.0470,8.0470,8.0470,8.0470,8.0470,8.0470,8.0470,8.0470,8.0470,8.0470,8.0470,8.0470,8.0470,8.0470,8.0470,8.0470,8.0470,8.0470,8.0470,8.0470,8.0470,8.0470,8.0470,8.0470,8.0470,8.0470,8.0470,8.0470,8.0470,8.0470,8.0470,8.0470,8.0470,8.0470,8.0470,8.0470,8.0470,8.0470,8.0470,8.0470,8.0470,8.0470,8.0470,8.0470,8.0470,8.0470,8.0470,8.0470,8.0470,8.0470,8.0470,8.0470,8.0470,8.0470,8.0470,8.0470,8.0470,8.0470,8.0470,8.0470,8.0470,8.0470,8.0470,8.0470,8.0470,8.0470,8.0470,8.0470,8.0470,8.0470,8.0470,8.0470,8.0470,8.0470,8.0470,8.0470,8.0470,8.0470,8.0470,8.0470,8.0470,8.0470,8.0470,8.0470,8.0470,8.0470,8.0470,8.0470,8.0470,8.0470,8.0470,8.0470,8.0470,8.0470,8.0470,8.0470,8.0470,8.0470,8.0470,8.0470,8.0470,8.0470,8.0470,8.0470,8.0470,8.0470,8.0470,8.0470,8.0470,8.0470,8.0470,8.0470,8.0470,8.0470,8.0470,8.0470,8.0470,8.0470,8.0470,8.0470,8.0470,8.0470,8.0470,8.0470,8.0470,8.0470,8.0470,8.0470,8.0470,8.0470,8.0470,8.0470,8.0470,8.0470,8.0470,8.0470,8.0470,8.0470,8.0470,8.0470,8.0470,8.0470,8.0470,8.0470,8.0470,8.0470,8.0470,8.0470,8.0470,8.0470,8.0470,8.0470,8.0470,8.0470,8.0470,8.0470,8.0470,8.0470,8.0470,8.0470,8.0470,8.0470,8.0470,8.0470,8.0470,8.0470,8.0470,8.0470,8.0470,8.0470,8.0470,8.0470,8.0470,8.0470,8.0470,8.0470,8.0470,8.0470,8.0470,8.0470,8.0470,8.0470,8.0470,8.0470,8.0470,8.0470,8.0470,8.0470,8.0470,8.0470,8.0470,8.0470,8.0470,8.0470,8.0470,8.0470,8.0470,8.0470,8.0470,8.0470,8.0470,8.0470,8.0470,8.0470,8.0470,8.0470,8.0470,8.0470,8.0470,8.0470,8.0470,8.0470,8.0470,8.0470,8.0470,8.0470,8.0470,8.0470,8.0470,8.0470,8.0470,8.0470,8.0470,8.0470,8.0470,8.0470,8.0470,8.0470,8.0470,8.0470,8.0470,8.0470,8.0470,8.0470,8.0470,8.0470,8.0470,8.0470,8.0470,8.0470,8.0470,8.0470,8.0470,8.0470,8.0470,8.0470,8.0470,8.0470,8.0470,8.0470,8.0470,8.0470,8.0470,8.0470,8.0470,8.0470,8.0470,8.0470,8.0470,8.0470,8.0470,8.0470,8.0470,8.0470,8.0470,8.0470,8.0470,8.0470,8.0470,8.0470,8.0470,8.0470,8.0470,8.0470,8.0470,8.0470,8.0470,8.0470,8.0470,8.0470,8.0470,8.0470,8.0470,8.0470,8.0470,8.0470,8.0470,8.0470,8.0470,8.0470,8.0470,8.0470,8.0470,8.0470,8.0470,8.0470,8.0470,8.0470,8.0470,8.0470,8.0470,8.0470,8.0470,8.0470,8.0470,8.0470,8.0470,8.0470,8.0470,8.0470,8.0470,8.0470,8.0470,8.0470,8.0470,8.0470,8.0470,8.0470,8.0470,8.0470,8.0470,8.0470,8.0470,8.0470,8.0470,8.0470,8.0470,8.0470,8.0470,8.0470,8.0470,8.0470,8.0470,8.0470,8.0470,8.0470,8.0470,8.0470,8.0470,8.0470,8.0470,8.0470,8.0470,8.0470,8.0470,8.0470,8.0470,8.0470,8.0470,8.0470,8.0470,8.0470,8.0470,8.0470,8.0470,8.0470,8.0470,8.0470,8.0470,8.0470,8.0470,8.0470,8.0470,8.0470,8.0470,8.0470,8.0470,8.0470,8.0470,8.0470,8.0470,8.0470,8.0470,8.0470,8.0470,8.0470,8.0470,8.0470,8.0470,8.0470,8.0470,8.0470,8.0470,8.0470,8.0470,8.0470,8.0470,8.0470,8.0470,8.0470,8.0470,8.0470,8.0470,8.0470,8.0470,8.0470,8.0470,8.0470,8.0470,8.0470,8.0470,8.0470,8.0470,8.0470,8.0470,8.0470,8.0470,8.0470,8.0470,8.0470,8.0470,8.0470,8.0470,8.0470,8.0470,8.0470,8.0470,8.0470,8.0470,8.0470,8.0470,8.0470,8.0470,8.0470,8.0470,8.0470,8.0470,8.0470,8.0470,8.0470,8.0470,8.0470,8.0470,8.0470,8.0470,8.0470,8.0470,8.0470,8.0470,8.0470,8.0470,8.0470,8.0470,8.0470,8.0470,8.0470,8.0470,8.0470,8.0470,8.0470,8.0470,8.0470,8.0470,8.0470,8.0470,8.0470,8.0470,8.0470,8.0470,8.0470,8.0470,8.0470,8.0470,8.0470,8.0470,8.0470,8.0470,8.0470,8.0470,8.0470,8.0470,8.0470,8.0470,8.0470,8.0470,8.0470,8.0470,8.0470,8.0470,8.0470,8.0470,8.0470,8.0470,8.0470,8.0470,8.0470,8.0470,8.0470,8.0470,8.0470,8.0470,8.0470,8.0470,8.0470,8.0470,8.0470,8.0470,8.0470,8.0470,8.0470,8.0470,8.0470,8.0470,8.0470,8.0470,8.0470,8.0470,8.0470,8.0470,8.0470,8.0470,8.0470,8.0470,8.0470,8.0470,8.0470,8.0470,8.0470,8.0470,8.0470,8.0470,8.0470,8.0470,8.0470,8.0470,8.0470,8.0470,8.0470,8.0470,8.0470,8.0470,8.0470,8.0470,8.0470,8.0470,8.0470,8.0470,8.0470,8.0470,8.0470,8.0470,8.0470,8.0470,8.0470,8.0470,8.0470,8.0470,8.0470,8.0470,8.0470,8.0470,8.0470,8.0470,8.0470,8.0470,8.0470,8.0470,8.0470,8.0470,8.0470,8.0470,8.0470,8.0470,8.0470,8.0470,8.0470,8.0470,8.0470,8.0470,8.0470,8.0470,8.0470,8.0470,8.0466,8.0466,8.0466,8.0466,8.0466,8.0466,8.0466,8.0466,8.0466,8.0466,8.0466,8.0466,8.0466,8.0466,8.0466,8.0466,8.0466,8.0466,8.0466,8.0466,8.0466,8.0466,8.0466,8.0466,8.0466,8.0466,8.0466,8.0466,8.0466,8.0466,8.0466,8.0466,8.0466,8.0466,8.0466,8.0466,8.0466,8.0466,8.0466,8.0466,8.0466,8.0466,8.0466,8.0466,8.0466,8.0466,8.0466,8.0466,8.0466,8.0466,8.0466,8.0466,8.0466,8.0466,8.0466,8.0466,8.0466,8.0466,8.0466,8.0466,8.0466,8.0466,8.0466,8.0466,8.0466,8.0466,8.0466,8.0466,8.0466,8.0466,8.0466,8.0466,8.0466,8.0466,8.0466,8.0466,8.0466,8.0466,8.0466,8.0466,8.0466,8.0466
8.0393,8.0393,8.0393,8.0393,8.0393,8.0393,8.0393,8.0393,8.0393,8.0393,8.0393,8.0393,8.0393,8.0393,8.0393,8.0393,8.0393,8.0393,8.0393,8.0393,8.0393,8.0393,8.0393,8.0393,8.0393,8.0393,8.0393,8.0393,8.0393,8.0393,8.0393,8.0393,8.0393,8.0393,8.0393,8.0393,8.0393,8.0393,8.0393,8.0393,8.0393,8.0393,8.0393,8.0393,8.0393,8.0393,8.0393,8.0393,8.0393,8.0393,8.0393,8.0393,8.0393,8.0393,8.0393,8.0393,8.0393,8.0393,8.0393,8.0393,8.0393,8.0393,8.0393,8.0393,8.0393,8.0393,8.0393,8.0393,8.0393,8.0393,8.0393,8.0393,8.0393,8.0393,8.0393,8.0393,8.0393,8.0393,8.0393,8.0393,8.0393,8.0393,8.0393,8.0393,8.0393,8.0393,8.0393,8.0393,8.0393,8.0393,8.0393,8.0393,8.0393,8.0393,8.0393,8.0393,8.0393,8.0393,8.0393,8.0393,8.0393,8.0393,8.0393,8.0393,8.0393,8.0393,8.0393,8.0393,8.0393,8.0393,8.0393,8.0393,8.0393,8.0393,8.0393,8.0393,8.0393,8.0393,8.0393,8.0393,8.0393,8.0393,8.0393,8.0393,8.0393,8.0393,8.0393,8.0393,8.0393,8.0393,8.0393,8.0393,8.0393,8.0393,8.0393,8.0393,8.0393,8.0393,8.0393,8.0393,8.0393,8.0393,8.0393,8.0393,8.0393,8.0393,8.0393,8.0393,8.0393,8.0393,8.0393,8.0393,8.0393,8.0393,8.0393,8.0393,8.0393,8.0393,8.0393,8.0393,8.0393,8.0393,8.0393,8.0393,8.0393,8.0393,8.0393,8.0393,8.0393,8.0393,8.0393,8.0393,8.0393,8.0393,8.0393,8.0393,8.0393,8.0393,8.0393,8.0393,8.0393,8.0393,8.0393,8.0393,8.0393,8.0393,8.0393,8.0393,8.0393,8.0393,8.0393,8.0393,8.0393,8.0393,8.0393,8.0393,8.0393,8.0393,8.0393,8.0393,8.0393,8.0393,8.0393,8.0393,8.0393,8.0393,8.0393,8.0393,8.0393,8.0393,8.0393,8.0393,8.0393,8.0393,8.0393,8.0393,8.0393,8.0393,8.0393,8.0393,8.0393,8.0393,8.0393,8.0393,8.0393,8.0393,8.0393,8.0393,8.0393,8.0393,8.0393,8.0393,8.0393,8.0393,8.0393,8.0393,8.0393,8.0393,8.0393,8.0393,8.0393,8.0393,8.0393,8.0393,8.0393,8.0393,8.0393,8.0393,8.0393,8.0393,8.0393,8.0393,8.0393,8.0393,8.0393,8.0393,8.0393,8.0393,8.0393,8.0393,8.0393,8.0393,8.0393,8.0393,8.0393,8.0393,8.0393,8.0393,8.0393,8.0393,8.0393,8.0393,8.0393,8.0393,8.0393,8.0393,8.0393,8.0393,8.0393,8.0393,8.0393,8.0393,8.0393,8.0393,8.0393,8.0393,8.0393,8.0393,8.0393,8.0393,8.0393,8.0393,8.0393,8.0393,8.0393,8.0393,8.0393,8.0393,8.0393,8.0393,8.0393,8.0393,8.0393,8.0393,8.0393,8.0393,8.0393,8.0393,8.0393,8.0393,8.0393,8.0393,8.0393,8.0393,8.0393,8.0393,8.0393,8.0393,8.0393,8.0393,8.0393,8.0393,8.0393,8.0393,8.0393,8.0393,8.0393,8.0393,8.0393,8.0393,8.0393,8.0393,8.0393,8.0393,8.0393,8.0393,8.0393,8.0393,8.0393,8.0393,8.0393,8.0393,8.0393,8.0393,8.0393,8.0393,8.0393,8.0393,8.0393,8.0393,8.0393,8.0393,8.0393,8.0393,8.0393,8.0393,8.0393,8.0393,8.0393,8.0393,8.0393,8.0393,8.0393,8.0393,8.0393,8.0393,8.0393,8.0393,8.0393,8.0393,8.0393,8.0393,8.0393,8.0393,8.0393,8.0393,8.0393,8.0393,8.0393,8.0393,8.0393,8.0393,8.0393,8.0393,8.0393,8.0393,8.0393,8.0393,8.0393,8.0393,8.0393,8.0393,8.0393,8.0393,8.0393,8.0393,8.0393,8.0393,8.0393,8.0393,8.0393,8.0393,8.0393,8.0393,8.0393,8.0393,8.0393,8.0393,8.0393,8.0393,8.0393,8.0393,8.0393,8.0393,8.0393,8.0393,8.0393,8.0393,8.0393,8.0393,8.0393,8.0393,8.0393,8.0393,8.0393,8.0393,8.0393,8.0393,8.0393,8.0393,8.0393,8.0393,8.0393,8.0393,8.0393,8.0393,8.0393,8.0393,8.0393,8.0393,8.0393,8.0393,8.0393,8.0393,8.0393,8.0393,8.0393,8.0393,8.0393,8.0393,8.0393,8.0393,8.0393,8.0393,8.0393,8.0393,8.0393,8.0393,8.0393,8.0393,8.0393,8.0393,8.0393,8.0393,8.0393,8.0393,8.0393,8.0393,8.0393,8.0393,8.0393,8.0393,8.0393,8.0393,8.0393,8.0393,8.0393,8.0393,8.0393,8.0393,8.0393,8.0393,8.0393,8.0393,8.0393,8.0393,8.0393,8.0393,8.0393,8.0393,8.0393,8.0393,8.0393,8.0393,8.0393,8.0393,8.0393,8.0393,8.0393,8.0393,8.0393,8.0393,8.0393,8.0393,8.0393,8.0393,8.0393,8.0393,8.0393,8.0393,8.0393,8.0393,8.0393,8.0393,8.0393,8.0393,8.0393,8.0393,8.0393,8.0393,8.0393,8.0393,8.0393,8.0393,8.0393,8.0393,8.0393,8.0393,8.0393,8.0393,8.0393,8.0393,8.0393,8.0393,8.0393,8.0393,8.0393,8.0393,8.0393,8.0393,8.0393,8.0393,8.0393,8.0393,8.0393,8.0393,8.0393,8.0393,8.0393,8.0393,8.0393,8.0393,8.0393,8.0393,8.0393,8.0393,8.0393,8.0393,8.0393,8.0393,8.0393,8.0393,8.0393,8.0393,8.0393,8.0393,8.0393,8.0393,8.0393,8.0393,8.0393,8.0393,8.0393,8.0393,8.0393,8.0393,8.0393,8.0393,8.0393,8.0393,8.0393,8.0393,8.0393,8.0393,8.0393,8.0393,8.0393,8.0393,8.0393,8.0393,8.0393,8.0393,8.0393,8.0393,8.0393,8.0393,8.0393,8.0393,8.0393,8.0393,8.0393,8.0393,8.0393,8.0393,8.0393,8.0393,8.0393,8.0393,8.0393,8.0393,8.0393,8.0393,8.0393,8.0393,8.0393,8.0393,8.0393,8.0393,8.0393,8.0393,8.0393,8.0393,8.0393,8.0393,8.0393,8.0393,8.0393,8.0393,8.0393,8.0393,8.0393,8.0393,8.0393,8.0393,8.0393,8.0393,8.0393,8.0393,8.0393,8.0393,8.0393,8.0393,8.0393,8.0393,8.0393,8.0393,8.0393,8.0393,8.0393,8.0393,8.0393,8.0393,8.0393,8.0393,8.0393,8.0393,8.0393,8.0393,8.0393,8.0393,8.0393,8.0393,8.0393,8.0393,8.0393,8.0393,8.0393,8.0393,8.0393,8.0393,8.0393,8.0393,8.0393,8.0393,8.0393,8.0393,8.0393,8.0393,8.0393,8.0393,8.0393,8.0393,8.0393,8.0393,8.0393,8.0393,8.0393,8.0393,8.0393,8.0393,8.0393,8.0393,8.0393,8.0393,8.0393,8.0393,8.0393,8.0393,8.0393,8.0393,8.0393,8.0393,8.0393,8.0393,8.0393,8.0393,8.0393,8.0393,8.0393,8.0393,8.0393,8.0393,8.0393,8.0393,8.0393,8.0393,8.0393,8.0393,8.0393,8.0393,8.0393,8.0393,8.0393,8.0393,8.0393,8.0393,8.0393,8.0393,8.0393,8.0393,8.0393,8.0393,8.0393,8.0393,8.0393,8.0393,8.0393,8.0393,8.0393,8.0393,8.0393,8.0393,8.0393,8.0393,8.0393,8.0393,8.0393,8.0393,8.0393,8.0393,8.0393,8.0393,8.0393,8.0393,8.0393,8.0393,8.0393,8.0393,8.0393,8.0393,8.0393,8.0393,8.0393,8.0393,8.0393,8.0393,8.0393,8.0393,8.0393,8.0393,8.0393,8.0393,8.0393,8.0393,8.0393,8.0393,8.0393,8.0393,8.0393,8.0393,8.0393,8.0393,8.0393,8.0393,8.0393,8.0393,8.0393,8.0393,8.0393,8.0393,8.0393,8.0393,8.0393,8.0393,8.0393,8.0393,8.0393,8.0393,8.0393,8.0393,8.0393,8.0393,8.0393,8.0393,8.0393,8.0393,8.0393,8.0393,8.0393,8.0393,8.0393,8.0393,8.0393,8.0393,8.0393,8.0393,8.0393,8.0393,8.0393,8.0393,8.0393,8.0393,8.0393,8.0393,8.0393,8.0393,8.0393,8.0393,8.0393,8.0393,8.0393,8.0393,8.0393,8.0393,8.0393,8.0393,8.0393,8.0393,8.0393,8.0393,8.0393,8.0393,8.0393,8.0393,8.0393,8.0393,8.0393,8.0393,8.0393,8.0393,8.0393,8.0393,8.0393,8.0393,8.0393,8.0393,8.0393,8.0393,8.0393,8.0393,8.0393,8.0393,8.0393,8.0393,8.0393,8.0393,8.0393,8.0393,8.0393,8.0393,8.0393,8.0393,8.0393,8.0393,8.0393,8.0393,8.0393,8.0393,8.0393,8.0393,8.0393,8.0393,8.0393,8.0393,8.0393,8.0393,8.0393,8.0393,8.0393,8.0393,8.0393,8.0393,8.0393,8.0393,8.0393,8.0393,8.0393,8.0393,8.0393,8.0393,8.0393,8.0393,8.0393,8.0393,8.0393,8.0393,8.0393,8.0393,8.0393,8.0393,8.0393,8.0393,8.0393,8.0393,8.0393,8.0393,8.0393,8.0393,8.0393,8.0393,8.0393,8.0393,8.0393,8.0393,8.0393,8.0393,8.0393,8.0393,8.0393,8.0393,8.0393,8.0393,8.0393,8.0393,8.0393,8.0393,8.0393,8.0393,8.0393,8.0393,8.0393,8.0393,8.0393,8.0393,8.0393,8.0393,8.0393,8.0393,8.0393,8.0393,8.0393,8.0393,8.0393,8.0393,8.0393,8.0393,8.0393,8.0393,8.0393,8.0393
8.0319,8.0319,8.0319,8.0319,8.0319,8.0319,8.0319,8.0319,8.0319,8.0319,8.0319,8.0319,8.0319,8.0319,8.0319,8.0319,8.0319,8.0319,8.0319,8.0319,8.0319,8.0319,8.0319,8.0319,8.0319,8.0319,8.0319,8.0319,8.0319,8.0319,8.0319,8.0319,8.0319,8.0319,8.0319,8.0319,8.0319,8.0319,8.0319,8.0319,8.0319,8.0319,8.0319,8.0319,8.0319,8.0319,8.0319,8.0319,8.0319,8.0319,8.0319,8.0319,8.0319,8.0319,8.0319,8.0319,8.0319,8.0319,8.0319,8.0319,8.0319,8.0319,8.0319,8.0319,8.0319,8.0319,8.0319,8.0319,8.0319,8.0319,8.0319,8.0319,8.0319,8.0319,8.0319,8.0319,8.0319,8.0319,8.0319,8.0319,8.0319,8.0319,8.0319,8.0319,8.0319,8.0319,8.0319,8.0319,8.0319,8.0319,8.0319,8.0319,8.0319,8.0319,8.0319,8.0319,8.0319,8.0319,8.0319,8.0319,8.0319,8.0319,8.0319,8.0319,8.0319,8.0319,8.0319,8.0319,8.0319,8.0319,8.0319,8.0319,8.0319,8.0319,8.0319,8.0319,8.0319,8.0319,8.0319,8.0319,8.0319,8.0319,8.0319,8.0319,8.0319,8.0319,8.0319,8.0319,8.0319,8.0319,8.0319,8.0319,8.0319,8.0319,8.0319,8.0319,8.0319,8.0319,8.0319,8.0319,8.0319,8.0319,8.0319,8.0319,8.0319,8.0319,8.0319,8.0319,8.0319,8.0319,8.0319,8.0319,8.0319,8.0319,8.0319,8.0319,8.0319,8.0319,8.0319,8.0319,8.0319,8.0319,8.0319,8.0319,8.0319,8.0319,8.0319,8.0319,8.0319,8.0319,8.0319,8.0319,8.0319,8.0319,8.0319,8.0319,8.0319,8.0319,8.0319,8.0319,8.0319,8.0319,8.0319,8.0319,8.0319,8.0319,8.0319,8.0319,8.0319,8.0319,8.0319,8.0319,8.0319,8.0319,8.0319,8.0319,8.0319,8.0319,8.0319,8.0319,8.0319,8.0319,8.0319,8.0319,8.0319,8.0319,8.0319,8.0319,8.0319,8.0319,8.0319,8.0319,8.0319,8.0319,8.0319,8.0319,8.0319,8.0319,8.0319,8.0319,8.0319,8.0319,8.0319,8.0319,8.0319,8.0319,8.0319,8.0319,8.0319,8.0319,8.0319,8.0319,8.0319,8.0319,8.0319,8.0319,8.0319,8.0319,8.0319,8.0319,8.0319,8.0319,8.0319,8.0319,8.0319,8.0319,8.0319,8.0319,8.0319,8.0319,8.0319,8.0319,8.0319,8.0319,8.0319,8.0319,8.0319,8.0319,8.0319,8.0319,8.0319,8.0319,8.0319,8.0319,8.0319,8.0319,8.0319,8.0319,8.0319,8.0319,8.0319,8.0319,8.0319,8.0319,8.0319,8.0319,8.0319,8.0319,8.0319,8.0319,8.0319,8.0319,8.0319,8.0319,8.0319,8.0319,8.0319,8.0319,8.0319,8.0319,8.0319,8.0319,8.0319,8.0319,8.0319,8.0319,8.0319,8.0319,8.0319,8.0319,8.0319,8.0319,8.0319,8.0319,8.0319,8.0319,8.0319,8.0319,8.0319,8.0319,8.0319,8.0319,8.0319,8.0319,8.0319,8.0319,8.0319,8.0319,8.0319,8.0319,8.0319,8.0319,8.0319,8.0319,8.0319,8.0319,8.0319,8.0319,8.0319,8.0319,8.0319,8.0319,8.0319,8.0319,8.0319,8.0319,8.0319,8.0319,8.0319,8.0319,8.0319,8.0319,8.0319,8.0319,8.0319,8.0319,8.0319,8.0319,8.0319,8.0319,8.0319,8.0319,8.0319,8.0319,8.0319,8.0319,8.0319,8.0319,8.0319,8.0319,8.0319,8.0319,8.0319,8.0319,8.0319,8.0319,8.0319,8.0319,8.0319,8.0319,8.0319,8.0319,8.0319,8.0319,8.0319,8.0319,8.0319,8.0319,8.0319,8.0319,8.0319,8.0319,8.0319,8.0319,8.0319,8.0319,8.0319,8.0319,8.0319,8.0319,8.0319,8.0319,8.0319,8.0319,8.0319,8.0319,8.0319,8.0319,8.0319,8.0319,8.0319,8.0319,8.0319,8.0319,8.0319,8.0319,8.0319,8.0319,8.0319,8.0319,8.0319,8.0319,8.0319,8.0319,8.0319,8.0319,8.0319,8.0319,8.0319,8.0319,8.0319,8.0319,8.0319,8.0319,8.0319,8.0319,8.0319,8.0319,8.0319,8.0319,8.0319,8.0319,8.0319,8.0319,8.0319,8.0319,8.0319,8.0319,8.0319,8.0319,8.0319,8.0319,8.0319,8.0319,8.0319,8.0319,8.0319,8.0319,8.0319,8.0319,8.0319,8.0319,8.0319,8.0319,8.0319,8.0319,8.0319,8.0319,8.0319,8.0319,8.0319,8.0319,8.0319,8.0319,8.0319,8.0319,8.0319,8.0319,8.0319,8.0319,8.0319,8.0319,8.0319,8.0319,8.0319,8.0319,8.0319,8.0319,8.0319,8.0319,8.0319,8.0319,8.0319,8.0319,8.0319,8.0319,8.0319,8.0319,8.0319,8.0319,8.0319,8.0319,8.0319,8.0319,8.0319,8.0319,8.0319,8.0319,8.0319,8.0319,8.0319,8.0319,8.0319,8.0319,8.0319,8.0319,8.0319,8.0319,8.0319,8.0319,8.0319,8.0319,8.0319,8.0319,8.0319,8.0319,8.0319,8.0319,8.0319,8.0319,8.0319,8.0319,8.0319,8.0319,8.0319,8.0319,8.0319,8.0319,8.0319,8.0319,8.0319,8.0319,8.0319,8.0319,8.0319,8.0319,8.0319,8.0319,8.0319,8.0319,8.0319,8.0319,8.0319,8.0319,8.0319,8.0319,8.0319,8.0319,8.0319,8.0319,8.0319,8.0319,8.0319,8.0319,8.0319,8.0319,8.0319,8.0319,8.0319,8.0319,8.0319,8.0319,8.0319,8.0319,8.0319,8.0319,8.0319,8.0319,8.0319,8.0319,8.0319,8.0319,8.0319,8.0319,8.0319,8.0319,8.0319,8.0319,8.0319,8.0319,8.0319,8.0319,8.0319,8.0319,8.0319,8.0319,8.0319,8.0319,8.0319,8.0319,8.0319,8.0319,8.0319,8.0319,8.0319,8.0319,8.0319,8.0319,8.0319,8.0319,8.0319,8.0319,8.0319,8.0319,8.0319,8.0319,8.0319,8.0319,8.0319,8.0319,8.0319,8.0319,8.0319,8.0319,8.0319,8.0319,8.0319,8.0319,8.0319,8.0319,8.0319,8.0319,8.0319,8.0319,8.0319,8.0319,8.0319,8.0319,8.0319,8.0319,8.0319,8.0319,8.0319,8.0319,8.0319,8.0319,8.0319,8.0319,8.0319,8.0319,8.0319,8.0319,8.0319,8.0319,8.0319,8.0319,8.0319,8.0319,8.0319,8.0319,8.0319,8.0319,8.0319,8.0319,8.0319,8.0319,8.0319,8.0319,8.0319,8.0319,8.0319,8.0319,8.0319,8.0319,8.0319,8.0319,8.0319,8.0319,8.0319,8.0319,8.0319,8.0319,8.0319,8.0319,8.0319,8.0319,8.0319,8.0319,8.0319,8.0319,8.0319,8.0319,8.0319,8.0319,8.0319,8.0319,8.0319,8.0319,8.0319,8.0319,8.0319,8.0319,8.0319,8.0319,8.0319,8.0319,8.0319,8.0319,8.0319,8.0319,8.0319,8.0319,8.0319,8.0319,8.0319,8.0319,8.0319,8.0319,8.0319,8.0319,8.0319,8.0319,8.0319,8.0319,8.0319,8.0319,8.0319,8.0319,8.0319,8.0319,8.0319,8.0319,8.0319,8.0319,8.0319,8.0319,8.0319,8.0319,8.0319,8.0319,8.0319,8.0319,8.0319,8.0319,8.0319,8.0319,8.0319,8.0319,8.0319,8.0319,8.0319,8.0319,8.0319,8.0319,8.0319,8.0319,8.0319,8.0319,8.0319,8.0319,8.0319,8.0319,8.0319,8.0319,8.0319,8.0319,8.0319,8.0319,8.0319,8.0319,8.0319,8.0319,8.0319,8.0319,8.0319,8.0319,8.0319,8.0319,8.0319,8.0319,8.0319,8.0319,8.0319,8.0319,8.0319,8.0319,8.0319,8.0319,8.0319,8.0319,8.0319,8.0319,8.0319,8.0319,8.0319,8.0319,8.0319,8.0319,8.0319,8.0319,8.0319,8.0319,8.0319,8.0319,8.0319,8.0319,8.0319,8.0319,8.0319,8.0319,8.0319,8.0319,8.0319,8.0319,8.0319,8.0319,8.0319,8.0319,8.0319,8.0319,8.0319,8.0319,8.0319,8.0319,8.0319,8.0319,8.0319,8.0319,8.0319,8.0319,8.0319,8.0319,8.0319,8.0319,8.0319,8.0319,8.0319,8.0319,8.0319,8.0319,8.0319,8.0319,8.0319,8.0319,8.0319,8.0319,8.0319,8.0319,8.0319,8.0319,8.0319,8.0319,8.0319,8.0319,8.0319,8.0319,8.0319,8.0319,8.0319,8.0319,8.0319,8.0319,8.0319,8.0319,8.0319,8.0319,8.0319,8.0319,8.0319,8.0319,8.0319,8.0319,8.0319,8.0319,8.0319,8.0319,8.0319,8.0319,8.0319,8.0319,8.0319,8.0319,8.0319,8.0319,8.0319,8.0319,8.0319,8.0319,8.0319,8.0319,8.0319,8.0319,8.0319,8.0319,8.0319,8.0319,8.0319,8.0319,8.0319,8.0319,8.0319,8.0319,8.0319,8.0319,8.0319,8.0319,8.0319,8.0319,8.0319,8.0319,8.0319,8.0319,8.0319,8.0319,8.0319,8.0319,8.0319,8.0319,8.0319,8.0319,8.0319,8.0319,8.0319,8.0319,8.0319,8.0319,8.0319,8.0319,8.0319,8.0319,8.0319,8.0319,8.0319,8.0319,8.0319,8.0319,8.0319,8.0319,8.0319,8.0319,8.0319,8.0319,8.0319,8.0319,8.0319,8.0319,8.0319,8.0319,8.0319,8.0319,8.0319,8.0319,8.0319,8.0319,8.0319,8.0319,8.0319,8.0319,8.0319,8.0319,8.0319,8.0319,8.0319,8.0319,8.0319,8.0319,8.0319,8.0319,8.0319,8.0319
8.0254,8.0254,8.0254,8.0254,8.0254,8.0254,8.0254,8.0254,8.0254,8.0254,8.0254,8.0254,8.0254,8.0254,8.0254,8.0254,8.0254,8.0254,8.0254,8.0254,8.0254,8.0254,8.0254,8.0254,8.0254,8.0254,8.0254,8.0254,8.0254,8.0254,8.0254,8.0254,8.0254,8.0254,8.0254,8.0254,8.0254,8.0254,8.0254,8.0254,8.0254,8.0254,8.0254,8.0254,8.0254,8.0254,8.0254,8.0254,8.0254,8.0254,8.0254,8.0254,8.0254,8.0254,8.0254,8.0254,8.0254,8.0254,8.0254,8.0254,8.0254,8.0254,8.0254,8.0254,8.0254,8.0254,8.0254,8.0254,8.0254,8.0254,8.0254,8.0254,8.0254,8.0254,8.0254,8.0254,8.0254,8.0254,8.0254,8.0254,8.0254,8.0254,8.0254,8.0254,8.0254,8.0254,8.0254,8.0254,8.0254,8.0254,8.0254,8.0254,8.0254,8.0254,8.0254,8.0254,8.0254,8.0254,8.0254,8.0254,8.0254,8.0254,8.0254,8.0254,8.0254,8.0254,8.0254,8.0254,8.0254,8.0254,8.0254,8.0254,8.0254,8.0254,8.0254,8.0254,8.0254,8.0254,8.0254,8.0254,8.0254,8.0254,8.0254,8.0254,8.0254,8.0254,8.0254,8.0254,8.0254,8.0254,8.0254,8.0254,8.0254,8.0254,8.0254,8.0254,8.0254,8.0254,8.0254,8.0254,8.0254,8.0254,8.0254,8.0254,8.0254,8.0254,8.0254,8.0254,8.0254,8.0254,8.0254,8.0254,8.0254,8.0254,8.0254,8.0254,8.0254,8.0254,8.0254,8.0254,8.0254,8.0254,8.0254,8.0254,8.0254,8.0254,8.0254,8.0254,8.0254,8.0254,8.0254,8.0254,8.0254,8.0254,8.0254,8.0254,8.0254,8.0254,8.0254,8.0254,8.0254,8.0254,8.0254,8.0254,8.0254,8.0254,8.0254,8.0254,8.0254,8.0254,8.0254,8.0254,8.0254,8.0254,8.0254,8.0254,8.0254,8.0254,8.0254,8.0254,8.0254,8.0254,8.0254,8.0254,8.0254,8.0254,8.0254,8.0254,8.0254,8.0254,8.0254,8.0254,8.0254,8.0254,8.0254,8.0254,8.0254,8.0254,8.0254,8.0254,8.0254,8.0254,8.0254,8.0254,8.0254,8.0254,8.0254,8.0254,8.0254,8.0254,8.0254,8.0254,8.0254,8.0254,8.0254,8.0254,8.0254,8.0254,8.0254,8.0254,8.0254,8.0254,8.0254,8.0254,8.0254,8.0254,8.0254,8.0254,8.0254,8.0254,8.0254,8.0254,8.0254,8.0254,8.0254,8.0254,8.0254,8.0254,8.0254,8.0254,8.0254,8.0254,8.0254,8.0254,8.0254,8.0254,8.0254,8.0254,8.0254,8.0254,8.0254,8.0254,8.0254,8.0254,8.0254,8.0254,8.0254,8.0254,8.0254,8.0254,8.0254,8.0254,8.0254,8.0254,8.0254,8.0254,8.0254,8.0254,8.0254,8.0254,8.0254,8.0254,8.0254,8.0254,8.0254,8.0254,8.0254,8.0254,8.0254,8.0254,8.0254,8.0254,8.0254,8.0254,8.0254,8.0254,8.0254,8.0254,8.0254,8.0254,8.0254,8.0254,8.0254,8.0254,8.0254,8.0254,8.0254,8.0254,8.0254,8.0254,8.0254,8.0254,8.0254,8.0254,8.0254,8.0254,8.0254,8.0254,8.0254,8.0254,8.0254,8.0254,8.0254,8.0254,8.0254,8.0254,8.0254,8.0254,8.0254,8.0254,8.0254,8.0254,8.0254,8.0254,8.0254,8.0254,8.0254,8.0254,8.0254,8.0254,8.0254,8.0254,8.0254,8.0254,8.0254,8.0254,8.0254,8.0254,8.0254,8.0254,8.0254,8.0254,8.0254,8.0254,8.0254,8.0254,8.0254,8.0254,8.0254,8.0254,8.0254,8.0254,8.0254,8.0254,8.0254,8.0254,8.0254,8.0254,8.0254,8.0254,8.0254,8.0254,8.0254,8.0254,8.0254,8.0254,8.0254,8.0254,8.0254,8.0254,8.0254,8.0254,8.0254,8.0254,8.0254,8.0254,8.0254,8.0254,8.0254,8.0254,8.0254,8.0254,8.0254,8.0254,8.0254,8.0254,8.0254,8.0254,8.0254,8.0254,8.0254,8.0254,8.0254,8.0254,8.0254,8.0254,8.0254,8.0254,8.0254,8.0254,8.0254,8.0254,8.0254,8.0254,8.0254,8.0254,8.0254,8.0254,8.0254,8.0254,8.0254,8.0254,8.0254,8.0254,8.0254,8.0254,8.0254,8.0254,8.0254,8.0254,8.0254,8.0254,8.0254,8.0254,8.0254,8.0254,8.0254,8.0254,8.0254,8.0254,8.0254,8.0254,8.0254,8.0254,8.0254,8.0254,8.0254,8.0254,8.0254,8.0254,8.0254,8.0254,8.0254,8.0254,8.0254,8.0254,8.0254,8.0254,8.0254,8.0254,8.0254,8.0254,8.0254,8.0254,8.0254,8.0254,8.0254,8.0254,8.0254,8.0254,8.0254,8.0254,8.0254,8.0254,8.0254,8.0254,8.0254,8.0254,8.0254,8.0254,8.0254,8.0254,8.0254,8.0254,8.0254,8.0254,8.0254,8.0254,8.0254,8.0254,8.0254,8.0254,8.0254,8.0254,8.0254,8.0254,8.0254,8.0254,8.0254,8.0254,8.0254,8.0254,8.0254,8.0254,8.0254,8.0254,8.0254,8.0254,8.0254,8.0254,8.0254,8.0254,8.0254,8.0254,8.0254,8.0254,8.0254,8.0254,8.0254,8.0254,8.0254,8.0254,8.0254,8.0254,8.0254,8.0254,8.0254,8.0254,8.0254,8.0254,8.0254,8.0254,8.0254,8.0254,8.0254,8.0254,8.0254,8.0254,8.0254,8.0254,8.0254,8.0254,8.0254,8.0254,8.0254,8.0254,8.0254,8.0254,8.0254,8.0254,8.0254,8.0254,8.0254,8.0254,8.0254,8.0254,8.0254,8.0254,8.0254,8.0254,8.0254,8.0254,8.0254,8.0254,8.0254,8.0254,8.0254,8.0254,8.0254,8.0254,8.0254,8.0254,8.0254,8.0254,8.0254,8.0254,8.0254,8.0254,8.0254,8.0254,8.0254,8.0254,8.0254,8.0254,8.0254,8.0254,8.0254,8.0254,8.0254,8.0254,8.0254,8.0254,8.0254,8.0254,8.0254,8.0254,8.0254,8.0254,8.0254,8.0254,8.0254,8.0254,8.0254,8.0254,8.0254,8.0254,8.0254,8.0254,8.0254,8.0254,8.0254,8.0254,8.0254,8.0254,8.0254,8.0254,8.0254,8.0254,8.0254,8.0254,8.0254,8.0254,8.0254,8.0254,8.0254,8.0254,8.0254,8.0254,8.0254,8.0254,8.0254,8.0254,8.0254,8.0254,8.0254,8.0254,8.0254,8.0254,8.0254,8.0254,8.0254,8.0254,8.0254,8.0254,8.0254,8.0254,8.0254,8.0254,8.0254,8.0254,8.0254,8.0254,8.0254,8.0254,8.0254,8.0254,8.0254,8.0254,8.0254,8.0254,8.0254,8.0254,8.0254,8.0254,8.0254,8.0254,8.0254,8.0254,8.0254,8.0254,8.0254,8.0254,8.0254,8.0254,8.0254,8.0254,8.0254,8.0254,8.0254,8.0254,8.0254,8.0254,8.0254,8.0254,8.0254,8.0254,8.0254,8.0254,8.0254,8.0254,8.0254,8.0254,8.0254,8.0254,8.0254,8.0254,8.0254,8.0254,8.0254,8.0254,8.0254,8.0254,8.0254,8.0254,8.0254,8.0254,8.0254,8.0254,8.0254,8.0254,8.0254,8.0254,8.0254,8.0254,8.0254,8.0254,8.0254,8.0254,8.0254,8.0254,8.0254,8.0254,8.0254,8.0254,8.0254,8.0254,8.0254,8.0254,8.0254,8.0254,8.0254,8.0254,8.0254,8.0254,8.0254,8.0254,8.0254,8.0254,8.0254,8.0254,8.0254,8.0254,8.0254,8.0254,8.0254,8.0254,8.0254,8.0254,8.0254,8.0254,8.0254,8.0254,8.0254,8.0254,8.0254,8.0254,8.0254,8.0254,8.0254,8.0254,8.0254,8.0254,8.0254,8.0254,8.0254,8.0254,8.0254,8.0254,8.0254,8.0254,8.0254,8.0254,8.0254,8.0254,8.0254,8.0254,8.0254,8.0254,8.0254,8.0254,8.0254,8.0254,8.0254,8.0254,8.0254,8.0254,8.0254,8.0254,8.0254,8.0254,8.0254,8.0254,8.0254,8.0254,8.0254,8.0254,8.0254,8.0254,8.0254,8.0254,8.0254,8.0254,8.0254,8.0254,8.0254,8.0254,8.0254,8.0254,8.0254,8.0254,8.0254,8.0254,8.0254,8.0254,8.0254,8.0254,8.0254,8.0254,8.0254,8.0254,8.0254,8.0254,8.0254,8.0254,8.0254,8.0254,8.0254,8.0254,8.0254,8.0254,8.0254,8.0254,8.0254,8.0254,8.0254,8.0254,8.0254,8.0254,8.0254,8.0254,8.0254,8.0254,8.0254,8.0254,8.0254,8.0254,8.0254,8.0254,8.0254,8.0254,8.0254,8.0254,8.0254,8.0254,8.0254,8.0254,8.0254,8.0254,8.0254,8.0254,8.0254,8.0254,8.0254,8.0254,8.0254,8.0254,8.0254,8.0254,8.0254,8.0254,8.0254,8.0254,8.0254,8.0254,8.0254,8.0254,8.0254,8.0254,8.0254,8.0254,8.0254,8.0254,8.0254,8.0254,8.0254,8.0254,8.0254,8.0254,8.0254,8.0254,8.0254,8.0254,8.0254,8.0254,8.0254,8.0254,8.0254,8.0254,8.0254,8.0254,8.0254,8.0254,8.0254,8.0254,8.0254,8.0254,8.0254,8.0254,8.0254,8.0254,8.0254,8.0254,8.0254,8.0254,8.0254,8.0254,8.0254,8.0254,8.0254,8.0254,8.0254,8.0254,8.0254,8.0254,8.0254,8.0254,8.0247,8.0247,8.0247,8.0247,8.0247,8.0247,8.0247,8.0247,8.0247,8.0247,8.0247,8.0247,8.0247,8.0247,8.0247,8.0247,8.0247,8.0247,8.0247,8.0247,8.0247,8.0247,8.0247,8.0247
8.0174,8.0174,8.0174,8.0174,8.0174,8.0174,8.0174,8.0174,8.0174,8.0174,8.0174,8.0174,8.0174,8.0174,8.0174,8.0174,8.0174,8.0174,8.0174,8.0174,8.0174,8.0174,8.0174,8.0174,8.0174,8.0174,8.0174,8.0174,8.0174,8.0174,8.0174,8.0174,8.0174,8.0174,8.0174,8.0174,8.0174,8.0174,8.0174,8.0174,8.0174,8.0174,8.0174,8.0174,8.0174,8.0174,8.0174,8.0174,8.0174,8.0174,8.0174,8.0174,8.0174,8.0174,8.0174,8.0174,8.0174,8.0174,8.0174,8.0174,8.0174,8.0174,8.0174,8.0174,8.0174,8.0174,8.0174,8.0174,8.0174,8.0174,8.0174,8.0174,8.0174,8.0174,8.0174,8.0174,8.0174,8.0174,8.0174,8.0174,8.0174,8.0174,8.0174,8.0174,8.0174,8.0174,8.0174,8.0174,8.0174,8.0174,8.0174,8.0174,8.0174,8.0174,8.0174,8.0174,8.0174,8.0174,8.0174,8.0174,8.0174,8.0174,8.0174,8.0174,8.0174,8.0174,8.0174,8.0174,8.0174,8.0174,8.0174,8.0174,8.0174,8.0174,8.0174,8.0174,8.0174,8.0174,8.0174,8.0174,8.0174,8.0174,8.0174,8.0174,8.0174,8.0174,8.0174,8.0174,8.0174,8.0174,8.0174,8.0174,8.0174,8.0174,8.0174,8.0174,8.0174,8.0174,8.0174,8.0174,8.0174,8.0174,8.0174,8.0174,8.0174,8.0174,8.0174,8.0174,8.0174,8.0174,8.0174,8.0174,8.0174,8.0174,8.0174,8.0174,8.0174,8.0174,8.0174,8.0174,8.0174,8.0174,8.0174,8.0174,8.0174,8.0174,8.0174,8.0174,8.0174,8.0174,8.0174,8.0174,8.0174,8.0174,8.0174,8.0174,8.0174,8.0174,8.0174,8.0174,8.0174,8.0174,8.0174,8.0174,8.0174,8.0174,8.0174,8.0174,8.0174,8.0174,8.0174,8.0174,8.0174,8.0174,8.0174,8.0174,8.0174,8.0174,8.0174,8.0174,8.0174,8.0174,8.0174,8.0174,8.0174,8.0174,8.0174,8.0174,8.0174,8.0174,8.0174,8.0174,8.0174,8.0174,8.0174,8.0174,8.0174,8.0174,8.0174,8.0174,8.0174,8.0174,8.0174,8.0174,8.0174,8.0174,8.0174,8.0174,8.0174,8.0174,8.0174,8.0174,8.0174,8.0174,8.0174,8.0174,8.0174,8.0174,8.0174,8.0174,8.0174,8.0174,8.0174,8.0174,8.0174,8.0174,8.0174,8.0174,8.0174,8.0174,8.0174,8.0174,8.0174,8.0174,8.0174,8.0174,8.0174,8.0174,8.0174,8.0174,8.0174,8.0174,8.0174,8.0174,8.0174,8.0174,8.0174,8.0174,8.0174,8.0174,8.0174,8.0174,8.0174,8.0174,8.0174,8.0174,8.0174,8.0174,8.0174,8.0174,8.0174,8.0174,8.0174,8.0174,8.0174,8.0174,8.0174,8.0174,8.0174,8.0174,8.0174,8.0174,8.0174,8.0174,8.0174,8.0174,8.0174,8.0174,8.0174,8.0174,8.0174,8.0174,8.0174,8.0174,8.0174,8.0174,8.0174,8.0174,8.0174,8.0174,8.0174,8.0174,8.0174,8.0174,8.0174,8.0174,8.0174,8.0174,8.0174,8.0174,8.0174,8.0174,8.0174,8.0174,8.0174,8.0174,8.0174,8.0174,8.0174,8.0174,8.0174,8.0174,8.0174,8.0174,8.0174,8.0174,8.0174,8.0174,8.0174,8.0174,8.0174,8.0174,8.0174,8.0174,8.0174,8.0174,8.0174,8.0174,8.0174,8.0174,8.0174,8.0174,8.0174,8.0174,8.0174,8.0174,8.0174,8.0174,8.0174,8.0174,8.0174,8.0174,8.0174,8.0174,8.0174,8.0174,8.0174,8.0174,8.0174,8.0174,8.0174,8.0174,8.0174,8.0174,8.0174,8.0174,8.0174,8.0174,8.0174,8.0174,8.0174,8.0174,8.0174,8.0174,8.0174,8.0174,8.0174,8.0174,8.0174,8.0174,8.0174,8.0174,8.0174,8.0174,8.0174,8.0174,8.0174,8.0174,8.0174,8.0174,8.0174,8.0174,8.0174,8.0174,8.0174,8.0174,8.0174,8.0174,8.0174,8.0174,8.0174,8.0174,8.0174,8.0174,8.0174,8.0174,8.0174,8.0174,8.0174,8.0174,8.0174,8.0174,8.0174,8.0174,8.0174,8.0174,8.0174,8.0174,8.0174,8.0174,8.0174,8.0174,8.0174,8.0174,8.0174,8.0174,8.0174,8.0174,8.0174,8.0174,8.0174,8.0174,8.0174,8.0174,8.0174,8.0174,8.0174,8.0174,8.0174,8.0174,8.0174,8.0174,8.0174,8.0174,8.0174,8.0174,8.0174,8.0174,8.0174,8.0174,8.0174,8.0174,8.0174,8.0174,8.0174,8.0174,8.0174,8.0174,8.0174,8.0174,8.0174,8.0174,8.0174,8.0174,8.0174,8.0174,8.0174,8.0174,8.0174,8.0174,8.0174,8.0174,8.0174,8.0174,8.0174,8.0174,8.0174,8.0174,8.0174,8.0174,8.0174,8.0174,8.0174,8.0174,8.0174,8.0174,8.0174,8.0174,8.0174,8.0174,8.0174,8.0174,8.0174,8.0174,8.0174,8.0174,8.0174,8.0174,8.0174,8.0174,8.0174,8.0174,8.0174,8.0174,8.0174,8.0174,8.0174,8.0174,8.0174,8.0174,8.0174,8.0174,8.0174,8.0174,8.0174,8.0174,8.0174,8.0174,8.0174,8.0174,8.0174,8.0174,8.0174,8.0174,8.0174,8.0174,8.0174,8.0174,8.0174,8.0174,8.0174,8.0174,8.0174,8.0174,8.0174,8.0174,8.0174,8.0174,8.0174,8.0174,8.0174,8.0174,8.0174,8.0174,8.0174,8.0174,8.0174,8.0174,8.0174,8.0174,8.0174,8.0174,8.0174,8.0174,8.0174,8.0174,8.0174,8.0174,8.0174,8.0174,8.0174,8.0174,8.0174,8.0174,8.0174,8.0174,8.0174,8.0174,8.0174,8.0174,8.0174,8.0174,8.0174,8.0174,8.0174,8.0174,8.0174,8.0174,8.0174,8.0174,8.0174,8.0174,8.0174,8.0174,8.0174,8.0174,8.0174,8.0174,8.0174,8.0174,8.0174,8.0174,8.0174,8.0174,8.0174,8.0174,8.0174,8.0174,8.0174,8.0174,8.0174,8.0174,8.0174,8.0174,8.0174,8.0174,8.0174,8.0174,8.0174,8.0174,8.0174,8.0174,8.0174,8.0174,8.0174,8.0174,8.0174,8.0174,8.0174,8.0174,8.0174,8.0174,8.0174,8.0174,8.0174,8.0174,8.0174,8.0174,8.0174,8.0174,8.0174,8.0174,8.0174,8.0174,8.0174,8.0174,8.0174,8.0174,8.0174,8.0174,8.0174,8.0174,8.0174,8.0174,8.0174,8.0174,8.0174,8.0174,8.0174,8.0174,8.0174,8.0174,8.0174,8.0174,8.0174,8.0174,8.0174,8.0174,8.0174,8.0174,8.0174,8.0174,8.0174,8.0174,8.0174,8.0174,8.0174,8.0174,8.0174,8.0174,8.0174,8.0174,8.0174,8.0174,8.0174,8.0174,8.0174,8.0174,8.0174,8.0174,8.0174,8.0174,8.0174,8.0174,8.0174,8.0174,8.0174,8.0174,8.0174,8.0174,8.0174,8.0174,8.0174,8.0174,8.0174,8.0174,8.0174,8.0174,8.0174,8.0174,8.0174,8.0174,8.0174,8.0174,8.0174,8.0174,8.0174,8.0174,8.0174,8.0174,8.0174,8.0174,8.0174,8.0174,8.0174,8.0174,8.0174,8.0174,8.0174,8.0174,8.0174,8.0174,8.0174,8.0174,8.0174,8.0174,8.0174,8.0174,8.0174,8.0174,8.0174,8.0174,8.0174,8.0174,8.0174,8.0174,8.0174,8.0174,8.0174,8.0174,8.0174,8.0174,8.0174,8.0174,8.0174,8.0174,8.0174,8.0174,8.0174,8.0174,8.0174,8.0174,8.0174,8.0174,8.0174,8.0174,8.0174,8.0174,8.0174,8.0174,8.0174,8.0174,8.0174,8.0174,8.0174,8.0174,8.0174,8.0174,8.0174,8.0174,8.0174,8.0174,8.0174,8.0174,8.0174,8.0174,8.0174,8.0174,8.0174,8.0174,8.0174,8.0174,8.0174,8.0174,8.0174,8.0174,8.0174,8.0174,8.0174,8.0174,8.0174,8.0174,8.0174,8.0174,8.0174,8.0174,8.0174,8.0174,8.0174,8.0174,8.0174,8.0174,8.0174,8.0174,8.0174,8.0174,8.0174,8.0174,8.0174,8.0174,8.0174,8.0174,8.0174,8.0174,8.0174,8.0174,8.0174,8.0174,8.0174,8.0174,8.0174,8.0174,8.0174,8.0174,8.0174,8.0174,8.0174,8.0174,8.0174,8.0174,8.0174,8.0174,8.0174,8.0174,8.0174,8.0174,8.0174,8.0174,8.0174,8.0174,8.0174,8.0174,8.0174,8.0174,8.0174,8.0174,8.0174,8.0174,8.0174,8.0174,8.0174,8.0174,8.0174,8.0174,8.0174,8.0174,8.0174,8.0174,8.0174,8.0174,8.0174,8.0174,8.0174,8.0174,8.0174,8.0174,8.0174,8.0174,8.0174,8.0174,8.0174,8.0174,8.0174,8.0174,8.0174,8.0174,8.0174,8.0174,8.0174,8.0174,8.0174,8.0174,8.0174,8.0174,8.0174,8.0174,8.0174,8.0174,8.0174,8.0174,8.0174,8.0174,8.0174,8.0174,8.0174,8.0174,8.0174,8.0174,8.0174,8.0174,8.0174,8.0174,8.0174,8.0174,8.0174,8.0174,8.0174,8.0174,8.0174,8.0174,8.0174,8.0174,8.0174,8.0174,8.0174,8.0174,8.0174,8.0174,8.0174,8.0174,8.0174,8.0174,8.0174,8.0174,8.0174,8.0174,8.0174,8.0174,8.0174,8.0174,8.0174,8.0174,8.0174,8.0174,8.0174,8.0174,8.0174,8.0174,8.0174,8.0174,8.0174,8.0174,8.0174,8.0174,8.0174,8.0174,8.0174,8.0174,8.0174,8.0174
8.0109,8.0109,8.0109,8.0109,8.0109,8.0109,8.0109,8.0109,8.0109,8.0109,8.0109,8.0109,8.0109,8.0109,8.0109,8.0109,8.0109,8.0109,8.0109,8.0109,8.0109,8.0109,8.0109,8.0109,8.0109,8.0109,8.0109,8.0109,8.0109,8.0109,8.0109,8.0109,8.0109,8.0109,8.0109,8.0109,8.0109,8.0109,8.0109,8.0109,8.0109,8.0109,8.0109,8.0109,8.0109,8.0109,8.0109,8.0109,8.0109,8.0109,8.0109,8.0109,8.0109,8.0109,8.0109,8.0109,8.0109,8.0109,8.0109,8.0109,8.0109,8.0109,8.0109,8.0109,8.0109,8.0109,8.0109,8.0109,8.0109,8.0109,8.0109,8.0109,8.0109,8.0109,8.0109,8.0109,8.0109,8.0109,8.0109,8.0109,8.0109,8.0109,8.0109,8.0109,8.0109,8.0109,8.0109,8.0109,8.0109,8.0109,8.0109,8.0109,8.0109,8.0109,8.0109,8.0109,8.0109,8.0109,8.0109,8.0109,8.0109,8.0109,8.0109,8.0109,8.0109,8.0109,8.0109,8.0109,8.0109,8.0109,8.0109,8.0109,8.0109,8.0109,8.0109,8.0109,8.0109,8.0109,8.0109,8.0109,8.0109,8.0109,8.0109,8.0109,8.0109,8.0109,8.0109,8.0109,8.0109,8.0109,8.0109,8.0109,8.0109,8.0109,8.0109,8.0109,8.0109,8.0109,8.0109,8.0109,8.0109,8.0109,8.0109,8.0109,8.0109,8.0109,8.0109,8.0109,8.0109,8.0109,8.0109,8.0109,8.0109,8.0109,8.0109,8.0109,8.0109,8.0109,8.0109,8.0109,8.0109,8.0109,8.0109,8.0109,8.0109,8.0109,8.0109,8.0109,8.0109,8.0109,8.0109,8.0109,8.0109,8.0109,8.0109,8.0109,8.0109,8.0109,8.0109,8.0109,8.0109,8.0109,8.0109,8.0109,8.0109,8.0109,8.0109,8.0109,8.0109,8.0109,8.0109,8.0109,8.0109,8.0109,8.0109,8.0109,8.0109,8.0109,8.0109,8.0109,8.0109,8.0109,8.0109,8.0109,8.0109,8.0109,8.0109,8.0109,8.0109,8.0109,8.0109,8.0109,8.0109,8.0109,8.0109,8.0109,8.0109,8.0109,8.0109,8.0109,8.0109,8.0109,8.0109,8.0109,8.0109,8.0109,8.0109,8.0109,8.0109,8.0109,8.0109,8.0109,8.0109,8.0109,8.0109,8.0109,8.0109,8.0109,8.0109,8.0109,8.0109,8.0109,8.0109,8.0109,8.0109,8.0109,8.0109,8.0109,8.0109,8.0109,8.0109,8.0109,8.0109,8.0109,8.0109,8.0109,8.0109,8.0109,8.0109,8.0109,8.0109,8.0109,8.0109,8.0109,8.0109,8.0109,8.0109,8.0109,8.0109,8.0109,8.0109,8.0109,8.0109,8.0109,8.0109,8.0109,8.0109,8.0109,8.0109,8.0109,8.0109,8.0109,8.0109,8.0109,8.0109,8.0109,8.0109,8.0109,8.0109,8.0109,8.0109,8.0109,8.0109,8.0109,8.0109,8.0109,8.0109,8.0109,8.0109,8.0109,8.0109,8.0109,8.0109,8.0109,8.0109,8.0109,8.0109,8.0109,8.0109,8.0109,8.0109,8.0109,8.0109,8.0109,8.0109,8.0109,8.0109,8.0109,8.0109,8.0109,8.0109,8.0109,8.0109,8.0109,8.0109,8.0109,8.0109,8.0109,8.0109,8.0109,8.0109,8.0109,8.0109,8.0109,8.0109,8.0109,8.0109,8.0109,8.0109,8.0109,8.0109,8.0109,8.0109,8.0109,8.0109,8.0109,8.0109,8.0109,8.0109,8.0109,8.0109,8.0109,8.0109,8.0109,8.0109,8.0109,8.0109,8.0109,8.0109,8.0109,8.0109,8.0109,8.0109,8.0109,8.0109,8.0109,8.0109,8.0109,8.0109,8.0109,8.0109,8.0109,8.0109,8.0109,8.0109,8.0109,8.0109,8.0109,8.0109,8.0109,8.0109,8.0109,8.0109,8.0109,8.0109,8.0109,8.0109,8.0109,8.0109,8.0109,8.0109,8.0109,8.0109,8.0109,8.0109,8.0109,8.0109,8.0109,8.0109,8.0109,8.0109,8.0109,8.0109,8.0109,8.0109,8.0109,8.0109,8.0109,8.0109,8.0109,8.0109,8.0109,8.0109,8.0109,8.0109,8.0109,8.0109,8.0109,8.0109,8.0109,8.0109,8.0109,8.0109,8.0109,8.0109,8.0109,8.0109,8.0109,8.0109,8.0109,8.0109,8.0109,8.0109,8.0109,8.0109,8.0109,8.0109,8.0109,8.0109,8.0109,8.0109,8.0109,8.0109,8.0109,8.0109,8.0109,8.0109,8.0109,8.0109,8.0109,8.0109,8.0109,8.0109,8.0109,8.0109,8.0109,8.0109,8.0109,8.0109,8.0109,8.0109,8.0109,8.0109,8.0109,8.0109,8.0109,8.0109,8.0109,8.0109,8.0109,8.0109,8.0109,8.0109,8.0109,8.0109,8.0109,8.0109,8.0109,8.0109,8.0109,8.0109,8.0109,8.0109,8.0109,8.0109,8.0109,8.0109,8.0109,8.0109,8.0109,8.0109,8.0109,8.0109,8.0109,8.0109,8.0109,8.0109,8.0109,8.0109,8.0109,8.0109,8.0109,8.0109,8.0109,8.0109,8.0109,8.0109,8.0109,8.0109,8.0109,8.0109,8.0109,8.0109,8.0109,8.0109,8.0109,8.0109,8.0109,8.0109,8.0109,8.0109,8.0109,8.0109,8.0109,8.0109,8.0109,8.0109,8.0109,8.0109,8.0109,8.0109,8.0109,8.0109,8.0109,8.0109,8.0109,8.0109,8.0109,8.0109,8.0109,8.0109,8.0109,8.0109,8.0109,8.0109,8.0109,8.0109,8.0109,8.0109,8.0109,8.0109,8.0109,8.0109,8.0109,8.0109,8.0109,8.0109,8.0109,8.0109,8.0109,8.0109,8.0109,8.0109,8.0109,8.0109,8.0109,8.0109,8.0109,8.0109,8.0109,8.0109,8.0109,8.0109,8.0109,8.0109,8.0109,8.0109,8.0109,8.0109,8.0109,8.0109,8.0109,8.0109,8.0109,8.0109,8.0109,8.0109,8.0109,8.0109,8.0109,8.0109,8.0109,8.0109,8.0109,8.0109,8.0109,8.0109,8.0109,8.0109,8.0109,8.0109,8.0109,8.0109,8.0109,8.0109,8.0109,8.0109,8.0109,8.0109,8.0109,8.0109,8.0109,8.0109,8.0109,8.0109,8.0109,8.0109,8.0109,8.0109,8.0109,8.0109,8.0109,8.0109,8.0109,8.0109,8.0109,8.0109,8.0109,8.0109,8.0109,8.0109,8.0109,8.0109,8.0109,8.0109,8.0109,8.0109,8.0109,8.0109,8.0109,8.0109,8.0109,8.0109,8.0109,8.0109,8.0109,8.0109,8.0109,8.0109,8.0109,8.0109,8.0109,8.0109,8.0109,8.0109,8.0109,8.0109,8.0109,8.0109,8.0109,8.0109,8.0109,8.0109,8.0109,8.0109,8.0109,8.0109,8.0109,8.0109,8.0109,8.0109,8.0109,8.0109,8.0109,8.0109,8.0109,8.0109,8.0109,8.0109,8.0109,8.0109,8.0109,8.0109,8.0109,8.0109,8.0109,8.0109,8.0109,8.0109,8.0109,8.0109,8.0105,8.0105,8.0105,8.0105,8.0105,8.0105,8.0105,8.0105,8.0105,8.0105,8.0105,8.0105,8.0105,8.0105,8.0105,8.0105,8.0105,8.0105,8.0105,8.0105,8.0105,8.0105,8.0105,8.0105,8.0105,8.0105,8.0105,8.0105,8.0105,8.0105,8.0105,8.0105,8.0105,8.0105,8.0105,8.0105,8.0105,8.0105,8.0105,8.0105,8.0105,8.0105,8.0105,8.0105,8.0105,8.0105,8.0105,8.0105,8.0105,8.0105,8.0105,8.0105,8.0105,8.0105,8.0105,8.0105,8.0105,8.0105,8.0105,8.0105,8.0105,8.0105,8.0105,8.0105,8.0105,8.0105,8.0105,8.0105,8.0105,8.0105,8.0105,8.0105,8.0105,8.0105,8.0105,8.0105,8.0105,8.0105,8.0105,8.0105,8.0105,8.0105,8.0105,8.0105,8.0105,8.0105,8.0105,8.0105,8.0105,8.0105,8.0105,8.0105,8.0105,8.0105,8.0105,8.0105,8.0105,8.0105,8.0105,8.0105,8.0105,8.0105,8.0105,8.0105,8.0105,8.0105,8.0105,8.0105,8.0105,8.0105,8.0105,8.0105,8.0105,8.0105,8.0105,8.0105,8.0105,8.0105,8.0105,8.0105,8.0105,8.0105,8.0105,8.0105,8.0105,8.0105,8.0105,8.0105,8.0105,8.0105,8.0105,8.0105,8.0105,8.0105,8.0105,8.0105,8.0105,8.0105,8.0105,8.0105,8.0105,8.0105,8.0105,8.0105,8.0105,8.0105,8.0105,8.0105,8.0105,8.0105,8.0105,8.0105,8.0105,8.0105,8.0105,8.0105,8.0105,8.0105,8.0105,8.0105,8.0105,8.0105,8.0105,8.0105,8.0105,8.0105,8.0105,8.0105,8.0105,8.0105,8.0105,8.0105,8.0105,8.0105,8.0105,8.0105,8.0105,8.0105,8.0105,8.0105,8.0105,8.0105,8.0105,8.0105,8.0105,8.0105,8.0105,8.0105,8.0105,8.0105,8.0105,8.0105,8.0105,8.0105,8.0105,8.0105,8.0105,8.0105,8.0105,8.0105,8.0105,8.0105,8.0105,8.0105,8.0105,8.0105,8.0105,8.0105,8.0105,8.0105,8.0105,8.0105,8.0105,8.0105,8.0105,8.0105,8.0105,8.0105,8.0105,8.0105,8.0105,8.0105,8.0105,8.0105,8.0105,8.0105,8.0105,8.0105,8.0105,8.0105,8.0105,8.0105,8.0105,8.0105,8.0105,8.0105,8.0105,8.0105,8.0105,8.0105,8.0105,8.0105,8.0105,8.0105,8.0105,8.0105,8.0105,8.0105,8.0105,8.0105,8.0105,8.0105,8.0105,8.0105,8.0105,8.0105,8.0105,8.0105,8.0105,8.0105,8.0105,8.0105,8.0105,8.0105,8.0105,8.0105,8.0105,8.0105,8.0105
8.0040,8.0040,8.0040,8.0040,8.0040,8.0040,8.0040,8.0040,8.0040,8.0040,8.0040,8.0040,8.0040,8.0040,8.0040,8.0040,8.0040,8.0040,8.0040,8.0040,8.0040,8.0040,8.0040,8.0040,8.0040,8.0040,8.0040,8.0040,8.0040,8.0040,8.0040,8.0040,8.0040,8.0040,8.0040,8.0040,8.0040,8.0040,8.0040,8.0040,8.0040,8.0040,8.0040,8.0040,8.0040,8.0040,8.0040,8.0040,8.0040,8.0040,8.0040,8.0040,8.0040,8.0040,8.0040,8.0040,8.0040,8.0040,8.0040,8.0040,8.0040,8.0040,8.0040,8.0040,8.0040,8.0040,8.0040,8.0040,8.0040,8.0040,8.0040,8.0040,8.0040,8.0040,8.0040,8.0040,8.0040,8.0040,8.0040,8.0040,8.0040,8.0040,8.0040,8.0040,8.0040,8.0040,8.0040,8.0040,8.0040,8.0040,8.0040,8.0040,8.0040,8.0040,8.0040,8.0040,8.0040,8.0040,8.0040,8.0040,8.0040,8.0040,8.0040,8.0040,8.0040,8.0040,8.0040,8.0040,8.0040,8.0040,8.0040,8.0040,8.0040,8.0040,8.0040,8.0040,8.0040,8.0040,8.0040,8.0040,8.0040,8.0040,8.0040,8.0040,8.0040,8.0040,8.0040,8.0040,8.0040,8.0040,8.0040,8.0040,8.0040,8.0040,8.0040,8.0040,8.0040,8.0040,8.0040,8.0040,8.0040,8.0040,8.0040,8.0040,8.0040,8.0040,8.0040,8.0040,8.0040,8.0040,8.0040,8.0040,8.0040,8.0040,8.0040,8.0040,8.0040,8.0040,8.0040,8.0040,8.0040,8.0040,8.0040,8.0040,8.0040,8.0040,8.0040,8.0040,8.0040,8.0040,8.0040,8.0040,8.0040,8.0040,8.0040,8.0040,8.0040,8.0040,8.0040,8.0040,8.0040,8.0040,8.0040,8.0040,8.0040,8.0040,8.0040,8.0040,8.0040,8.0040,8.0040,8.0040,8.0040,8.0040,8.0040,8.0040,8.0040,8.0040,8.0040,8.0040,8.0040,8.0040,8.0040,8.0040,8.0040,8.0040,8.0040,8.0040,8.0040,8.0040,8.0040,8.0040,8.0040,8.0040,8.0040,8.0040,8.0040,8.0040,8.0040,8.0040,8.0040,8.0040,8.0040,8.0040,8.0040,8.0040,8.0040,8.0040,8.0040,8.0040,8.0040,8.0040,8.0040,8.0040,8.0040,8.0040,8.0040,8.0040,8.0040,8.0040,8.0040,8.0040,8.0040,8.0040,8.0040,8.0040,8.0040,8.0040,8.0040,8.0040,8.0040,8.0040,8.0040,8.0040,8.0040,8.0040,8.0040,8.0040,8.0040,8.0040,8.0040,8.0040,8.0040,8.0040,8.0040,8.0040,8.0040,8.0040,8.0040,8.0040,8.0040,8.0040,8.0040,8.0040,8.0040,8.0040,8.0040,8.0040,8.0040,8.0040,8.0040,8.0040,8.0040,8.0040,8.0040,8.0040,8.0040,8.0040,8.0040,8.0040,8.0040,8.0040,8.0040,8.0040,8.0040,8.0040,8.0040,8.0040,8.0040,8.0040,8.0040,8.0040,8.0040,8.0040,8.0040,8.0040,8.0040,8.0040,8.0040,8.0040,8.0040,8.0040,8.0040,8.0040,8.0040,8.0040,8.0040,8.0040,8.0040,8.0040,8.0040,8.0040,8.0040,8.0040,8.0040,8.0040,8.0040,8.0040,8.0040,8.0040,8.0040,8.0040,8.0040,8.0040,8.0040,8.0040,8.0040,8.0040,8.0040,8.0040,8.0040,8.0040,8.0040,8.0040,8.0040,8.0040,8.0040,8.0040,8.0040,8.0040,8.0040,8.0040,8.0040,8.0040,8.0040,8.0040,8.0040,8.0040,8.0040,8.0040,8.0040,8.0040,8.0040,8.0040,8.0040,8.0040,8.0040,8.0040,8.0040,8.0040,8.0040,8.0040,8.0040,8.0040,8.0040,8.0040,8.0040,8.0040,8.0040,8.0040,8.0040,8.0040,8.0040,8.0040,8.0040,8.0040,8.0040,8.0040,8.0040,8.0040,8.0040,8.0040,8.0040,8.0040,8.0040,8.0040,8.0040,8.0040,8.0040,8.0040,8.0040,8.0040,8.0040,8.0040,8.0040,8.0040,8.0040,8.0040,8.0040,8.0040,8.0040,8.0040,8.0040,8.0040,8.0040,8.0040,8.0040,8.0040,8.0040,8.0040,8.0040,8.0040,8.0040,8.0040,8.0040,8.0040,8.0040,8.0040,8.0040,8.0040,8.0040,8.0040,8.0040,8.0040,8.0040,8.0040,8.0040,8.0040,8.0040,8.0040,8.0040,8.0040,8.0040,8.0040,8.0040,8.0040,8.0040,8.0040,8.0040,8.0040,8.0040,8.0040,8.0040,8.0040,8.0040,8.0040,8.0040,8.0040,8.0040,8.0040,8.0040,8.0040,8.0040,8.0040,8.0040,8.0040,8.0040,8.0040,8.0040,8.0040,8.0040,8.0040,8.0040,8.0040,8.0040,8.0040,8.0040,8.0040,8.0040,8.0040,8.0040,8.0040,8.0040,8.0040,8.0040,8.0040,8.0040,8.0040,8.0040,8.0040,8.0040,8.0040,8.0040,8.0040,8.0040,8.0040,8.0040,8.0040,8.0040,8.0040,8.0040,8.0040,8.0040,8.0040,8.0040,8.0040,8.0040,8.0040,8.0040,8.0040,8.0040,8.0040,8.0040,8.0040,8.0040,8.0040,8.0040,8.0040,8.0040,8.0040,8.0040,8.0040,8.0040,8.0040,8.0040,8.0040,8.0040,8.0040,8.0040,8.0040,8.0040,8.0040,8.0040,8.0040,8.0040,8.0040,8.0040,8.0040,8.0040,8.0040,8.0040,8.0040,8.0040,8.0040,8.0040,8.0040,8.0040,8.0040,8.0040,8.0040,8.0040,8.0040,8.0040,8.0040,8.0032,8.0032,8.0032,8.0032,8.0032,8.0032,8.0032,8.0032,8.0032,8.0032,8.0032,8.0032,8.0032,8.0032,8.0032,8.0032,8.0032,8.0032,8.0032,8.0032,8.0032,8.0032,8.0032,8.0032,8.0032,8.0032,8.0032,8.0032,8.0032,8.0032,8.0032,8.0032,8.0032,8.0032,8.0032,8.0032,8.0032,8.0032,8.0032,8.0032,8.0032,8.0032,8.0032,8.0032,8.0032,8.0032,8.0032,8.0032,8.0032,8.0032,8.0032,8.0032,8.0032,8.0032,8.0032,8.0032,8.0032,8.0032,8.0032,8.0032,8.0032,8.0032,8.0032,8.0032,8.0032,8.0032,8.0032,8.0032,8.0032,8.0032,8.0032,8.0032,8.0032,8.0032,8.0032,8.0032,8.0032,8.0032,8.0032,8.0032,8.0032,8.0032,8.0032,8.0032,8.0032,8.0032,8.0032,8.0032,8.0032,8.0032,8.0032,8.0032,8.0032,8.0032,8.0032,8.0032,8.0032,8.0032,8.0032,8.0032,8.0032,8.0032,8.0032,8.0032,8.0032,8.0032,8.0032,8.0032,8.0032,8.0032,8.0032,8.0032,8.0032,8.0032,8.0032,8.0032,8.0032,8.0032,8.0032,8.0032,8.0032,8.0032,8.0032,8.0032,8.0032,8.0032,8.0032,8.0032,8.0032,8.0032,8.0032,8.0032,8.0032,8.0032,8.0032,8.0032,8.0032,8.0032,8.0032,8.0032,8.0032,8.0032,8.0032,8.0032,8.0032,8.0032,8.0032,8.0032,8.0032,8.0032,8.0032,8.0032,8.0032,8.0032,8.0032,8.0032,8.0032,8.0032,8.0032,8.0032,8.0032,8.0032,8.0032,8.0032,8.0032,8.0032,8.0032,8.0032,8.0032,8.0032,8.0032,8.0032,8.0032,8.0032,8.0032,8.0032,8.0032,8.0032,8.0032,8.0032,8.0032,8.0032,8.0032,8.0032,8.0032,8.0032,8.0032,8.0032,8.0032,8.0032,8.0032,8.0032,8.0032,8.0032,8.0032,8.0032,8.0032,8.0032,8.0032,8.0032,8.0032,8.0032,8.0032,8.0032,8.0032,8.0032,8.0032,8.0032,8.0032,8.0032,8.0032,8.0032,8.0032,8.0032,8.0032,8.0032,8.0032,8.0032,8.0032,8.0032,8.0032,8.0032,8.0032,8.0032,8.0032,8.0032,8.0032,8.0032,8.0032,8.0032,8.0032,8.0032,8.0032,8.0032,8.0032,8.0032,8.0032,8.0032,8.0032,8.0032,8.0032,8.0032,8.0032,8.0032,8.0032,8.0032,8.0032,8.0032,8.0032,8.0032,8.0032,8.0032,8.0032,8.0032,8.0032,8.0032,8.0032,8.0032,8.0032,8.0032,8.0032,8.0032,8.0032,8.0032,8.0032,8.0032,8.0032,8.0032,8.0032,8.0032,8.0032,8.0032,8.0032,8.0032,8.0032,8.0032,8.0032,8.0032,8.0032,8.0032,8.0032,8.0032,8.0032,8.0032,8.0032,8.0032,8.0032,8.0032,8.0032,8.0032,8.0032,8.0032,8.0032,8.0032,8.0032,8.0032,8.0032,8.0032,8.0032,8.0032,8.0032,8.0032,8.0032,8.0032,8.0032,8.0032,8.0032,8.0032,8.0032,8.0032,8.0032,8.0032,8.0032,8.0032,8.0032,8.0032,8.0032,8.0032,8.0032,8.0032,8.0032,8.0032,8.0032,8.0032,8.0032,8.0032,8.0032,8.0032,8.0032,8.0032,8.0032,8.0032,8.0032,8.0032,8.0032,8.0032,8.0032,8.0032,8.0032,8.0032,8.0032,8.0032,8.0032,8.0032,8.0032,8.0032,8.0032,8.0032,8.0032,8.0032,8.0032,8.0032,8.0032,8.0032,8.0032,8.0032,8.0032,8.0032,8.0032,8.0032,8.0032,8.0032,8.0032,8.0032,8.0032,8.0032,8.0032,8.0032,8.0032,8.0032,8.0032,8.0032,8.0032,8.0032,8.0032,8.0032,8.0032,8.0032,8.0032,8.0032,8.0032,8.0032,8.0032,8.0032,8.0032,8.0032,8.0032,8.0032,8.0032,8.0032,8.0032,8.0032,8.0032,8.0032,8.0032,8.0032,8.0032,8.0032,8.0032,8.0032,8.0032,8.0032,8.0032,8.0032,8.0032,8.0032
7.9960,7.9960,7.9960,7.9960,7.9960,7.9960,7.9960,7.9960,7.9960,7.9960,7.9960,7.9960,7.9960,7.9960,7.9960,7.9960,7.9960,7.9960,7.9960,7.9960,7.9960,7.9960,7.9960,7.9960,7.9960,7.9960,7.9960,7.9960,7.9960,7.9960,7.9960,7.9960,7.9960,7.9960,7.9960,7.9960,7.9960,7.9960,7.9960,7.9960,7.9960,7.9960,7.9960,7.9960,7.9960,7.9960,7.9960,7.9960,7.9960,7.9960,7.9960,7.9960,7.9960,7.9960,7.9960,7.9960,7.9960,7.9960,7.9960,7.9960,7.9960,7.9960,7.9960,7.9960,7.9960,7.9960,7.9960,7.9960,7.9960,7.9960,7.9960,7.9960,7.9960,7.9960,7.9960,7.9960,7.9960,7.9960,7.9960,7.9960,7.9960,7.9960,7.9960,7.9960,7.9960,7.9960,7.9960,7.9960,7.9960,7.9960,7.9960,7.9960,7.9960,7.9960,7.9960,7.9960,7.9960,7.9960,7.9960,7.9960,7.9960,7.9960,7.9960,7.9960,7.9960,7.9960,7.9960,7.9960,7.9960,7.9960,7.9960,7.9960,7.9960,7.9960,7.9960,7.9960,7.9960,7.9960,7.9960,7.9960,7.9960,7.9960,7.9960,7.9960,7.9960,7.9960,7.9960,7.9960,7.9960,7.9960,7.9960,7.9960,7.9960,7.9960,7.9960,7.9960,7.9960,7.9960,7.9960,7.9960,7.9960,7.9960,7.9960,7.9960,7.9960,7.9960,7.9960,7.9960,7.9960,7.9960,7.9960,7.9960,7.9960,7.9960,7.9960,7.9960,7.9960,7.9960,7.9960,7.9960,7.9960,7.9960,7.9960,7.9960,7.9960,7.9960,7.9960,7.9960,7.9960,7.9960,7.9960,7.9960,7.9960,7.9960,7.9960,7.9960,7.9960,7.9960,7.9960,7.9960,7.9960,7.9960,7.9960,7.9960,7.9960,7.9960,7.9960,7.9960,7.9960,7.9960,7.9960,7.9960,7.9960,7.9960,7.9960,7.9960,7.9960,7.9960,7.9960,7.9960,7.9960,7.9960,7.9960,7.9960,7.9960,7.9960,7.9960,7.9960,7.9960,7.9960,7.9960,7.9960,7.9960,7.9960,7.9960,7.9960,7.9960,7.9960,7.9960,7.9960,7.9960,7.9960,7.9960,7.9960,7.9960,7.9960,7.9960,7.9960,7.9960,7.9960,7.9960,7.9960,7.9960,7.9960,7.9960,7.9960,7.9960,7.9960,7.9960,7.9960,7.9960,7.9960,7.9960,7.9960,7.9960,7.9960,7.9960,7.9960,7.9960,7.9960,7.9960,7.9960,7.9960,7.9960,7.9960,7.9960,7.9960,7.9960,7.9960,7.9960,7.9960,7.9960,7.9960,7.9960,7.9960,7.9960,7.9960,7.9960,7.9960,7.9960,7.9960,7.9960,7.9960,7.9960,7.9960,7.9960,7.9960,7.9960,7.9960,7.9960,7.9960,7.9960,7.9960,7.9960,7.9960,7.9960,7.9960,7.9960,7.9960,7.9960,7.9960,7.9960,7.9960,7.9960,7.9960,7.9960,7.9960,7.9960,7.9960,7.9960,7.9960,7.9960,7.9960,7.9960,7.9960,7.9960,7.9960,7.9960,7.9960,7.9960,7.9960,7.9960,7.9960,7.9960,7.9960,7.9960,7.9960,7.9960,7.9960,7.9960,7.9960,7.9960,7.9960,7.9960,7.9960,7.9960,7.9960,7.9960,7.9960,7.9960,7.9960,7.9960,7.9960,7.9960,7.9960,7.9960,7.9960,7.9960,7.9960,7.9960,7.9960,7.9960,7.9960,7.9960,7.9960,7.9960,7.9960,7.9960,7.9960,7.9960,7.9960,7.9960,7.9960,7.9960,7.9960,7.9960,7.9960,7.9960,7.9960,7.9960,7.9960,7.9960,7.9960,7.9960,7.9960,7.9960,7.9960,7.9960,7.9960,7.9960,7.9960,7.9960,7.9960,7.9960,7.9960,7.9960,7.9960,7.9960,7.9960,7.9960,7.9960,7.9960,7.9960,7.9960,7.9960,7.9960,7.9960,7.9960,7.9960,7.9960,7.9960,7.9960,7.9960,7.9960,7.9960,7.9960,7.9960,7.9960,7.9960,7.9960,7.9960,7.9960,7.9960,7.9960,7.9960,7.9960,7.9960,7.9960,7.9960,7.9960,7.9960,7.9960,7.9960,7.9960,7.9960,7.9960,7.9960,7.9960,7.9960,7.9960,7.9960,7.9960,7.9960,7.9960,7.9960,7.9960,7.9960,7.9960,7.9960,7.9960,7.9960,7.9960,7.9960,7.9960,7.9960,7.9960,7.9960,7.9960,7.9960,7.9960,7.9960,7.9960,7.9960,7.9960,7.9960,7.9960,7.9960,7.9960,7.9960,7.9960,7.9960,7.9960,7.9960,7.9960,7.9960,7.9960,7.9960,7.9960,7.9960,7.9960,7.9960,7.9960,7.9960,7.9960,7.9960,7.9960,7.9960,7.9960,7.9960,7.9960,7.9960,7.9960,7.9960,7.9960,7.9960,7.9960,7.9960,7.9960,7.9960,7.9960,7.9960,7.9960,7.9960,7.9960,7.9960,7.9960,7.9960,7.9960,7.9960,7.9960,7.9960,7.9960,7.9960,7.9960,7.9960,7.9960,7.9960,7.9960,7.9960,7.9960,7.9960,7.9960,7.9960,7.9960,7.9960,7.9960,7.9960,7.9960,7.9960,7.9960,7.9960,7.9960,7.9960,7.9960,7.9960,7.9960,7.9960,7.9960,7.9960,7.9960,7.9960,7.9960,7.9960,7.9960,7.9960,7.9960,7.9960,7.9960,7.9960,7.9960,7.9960,7.9960,7.9960,7.9960,7.9960,7.9960,7.9960,7.9960,7.9960,7.9960,7.9960,7.9960,7.9960,7.9960,7.9960,7.9960,7.9960,7.9960,7.9960,7.9960,7.9960,7.9960,7.9960,7.9960,7.9960,7.9960,7.9960,7.9960,7.9960,7.9960,7.9960,7.9960,7.9960,7.9960,7.9960,7.9960,7.9960,7.9960,7.9960,7.9960,7.9960,7.9960,7.9960,7.9960,7.9960,7.9960,7.9960,7.9960,7.9960,7.9960,7.9960,7.9960,7.9960,7.9960,7.9960,7.9960,7.9960,7.9960,7.9960,7.9960,7.9960,7.9960,7.9960,7.9960,7.9960,7.9960,7.9960,7.9960,7.9960,7.9960,7.9960,7.9960,7.9960,7.9960,7.9960,7.9960,7.9960,7.9960,7.9960,7.9960,7.9960,7.9960,7.9960,7.9960,7.9960,7.9960,7.9960,7.9960,7.9960,7.9960,7.9960,7.9960,7.9960,7.9960,7.9960,7.9960,7.9960,7.9960,7.9960,7.9960,7.9960,7.9960,7.9960,7.9960,7.9960,7.9960,7.9960,7.9960,7.9960,7.9960,7.9960,7.9960,7.9960,7.9960,7.9960,7.9960,7.9960,7.9960,7.9960,7.9960,7.9960,7.9960,7.9960,7.9960,7.9960,7.9960,7.9960,7.9960,7.9960,7.9960,7.9960,7.9960,7.9960,7.9960,7.9960,7.9960,7.9960,7.9960,7.9960,7.9960,7.9960,7.9960,7.9960,7.9960,7.9960,7.9960,7.9960,7.9960,7.9960,7.9960,7.9960,7.9960,7.9960,7.9960,7.9960,7.9960,7.9960,7.9960,7.9960,7.9960,7.9960,7.9960,7.9960,7.9960,7.9960,7.9960,7.9960,7.9960,7.9960,7.9960,7.9960,7.9960,7.9960,7.9960,7.9960,7.9960,7.9960,7.9960,7.9960,7.9960,7.9960,7.9960,7.9960,7.9960,7.9960,7.9960,7.9960,7.9960,7.9960,7.9960,7.9960,7.9960,7.9960,7.9960,7.9960,7.9960,7.9960,7.9960,7.9960,7.9960,7.9960,7.9960,7.9960,7.9960,7.9960,7.9960,7.9960,7.9960,7.9960,7.9960,7.9960,7.9960,7.9960,7.9960,7.9960,7.9960,7.9960,7.9960,7.9960,7.9960,7.9960,7.9960,7.9960,7.9960,7.9960,7.9960,7.9960,7.9960,7.9960,7.9960,7.9960,7.9960,7.9960,7.9960,7.9960,7.9960,7.9960,7.9968,7.9968,7.9968,7.9968,7.9968,7.9968,7.9968,7.9968,7.9968,7.9968,7.9968,7.9968,7.9968,7.9968,7.9968,7.9968,7.9968,7.9968,7.9968,7.9968,7.9968,7.9968,7.9968,7.9968,7.9968,7.9968,7.9968,7.9968,7.9968,7.9968,7.9968,7.9968,7.9968,7.9968,7.9968,7.9968,7.9968,7.9968,7.9968,7.9968,7.9968,7.9968,7.9968,7.9968,7.9968,7.9968,7.9968,7.9968,7.9968,7.9968,7.9968,7.9968,7.9968,7.9968,7.9968,7.9968,7.9968,7.9968,7.9968,7.9968,7.9968,7.9968,7.9968,7.9968,7.9968,7.9968,7.9968,7.9968,7.9968,7.9968,7.9968,7.9968,7.9968,7.9968,7.9968,7.9968,7.9968,7.9968,7.9968,7.9968,7.9968,7.9968,7.9968,7.9968,7.9968,7.9968,7.9968,7.9968,7.9968,7.9968,7.9968,7.9968,7.9968,7.9968,7.9968,7.9968,7.9968,7.9968,7.9968,7.9968,7.9968,7.9968,7.9968,7.9968,7.9968,7.9968,7.9968,7.9968,7.9968,7.9968,7.9968,7.9968,7.9968,7.9968,7.9968,7.9968,7.9968,7.9968,7.9968,7.9968,7.9968,7.9968,7.9968,7.9968,7.9968,7.9968,7.9968,7.9968,7.9968,7.9968,7.9968,7.9968,7.9968,7.9968,7.9968,7.9968,7.9968,7.9968,7.9968,7.9968,7.9968,7.9968,7.9968,7.9968,7.9968,7.9968,7.9968,7.9968,7.9968,7.9968,7.9968,7.9968,7.9968,7.9968,7.9968,7.9968,7.9968,7.9968,7.9968,7.9968,7.9968,7.9968,7.9968,7.9968,7.9968,7.9968,7.9968,7.9968,7.9968,7.9968,7.9968,7.9968,7.9968,7.9968,7.9968,7.9968,7.9968,7.9968,7.9968,7.9968,7.9968,7.9968,7.9968,7.9968,7.9968,7.9968,7.9968,7.9968,7.9968,7.9968,7.9968,7.9968,7.9968
7.9895,7.9895,7.9895,7.9895,7.9895,7.9895,7.9895,7.9895,7.9895,7.9895,7.9895,7.9895,7.9895,7.9895,7.9895,7.9895,7.9895,7.9895,7.9895,7.9895,7.9895,7.9895,7.9895,7.9895,7.9895,7.9895,7.9895,7.9895,7.9895,7.9895,7.9895,7.9895,7.9895,7.9895,7.9895,7.9895,7.9895,7.9895,7.9895,7.9895,7.9895,7.9895,7.9895,7.9895,7.9895,7.9895,7.9895,7.9895,7.9895,7.9895,7.9895,7.9895,7.9895,7.9895,7.9895,7.9895,7.9895,7.9895,7.9895,7.9895,7.9895,7.9895,7.9895,7.9895,7.9895,7.9895,7.9895,7.9895,7.9895,7.9895,7.9895,7.9895,7.9895,7.9895,7.9895,7.9895,7.9895,7.9895,7.9895,7.9895,7.9895,7.9895,7.9895,7.9895,7.9895,7.9895,7.9895,7.9895,7.9895,7.9895,7.9895,7.9895,7.9895,7.9895,7.9895,7.9895,7.9895,7.9895,7.9895,7.9895,7.9895,7.9895,7.9895,7.9895,7.9895,7.9895,7.9895,7.9895,7.9895,7.9895,7.9895,7.9895,7.9895,7.9895,7.9895,7.9895,7.9895,7.9895,7.9895,7.9895,7.9895,7.9895,7.9895,7.9895,7.9895,7.9895,7.9895,7.9895,7.9895,7.9895,7.9895,7.9895,7.9895,7.9895,7.9895,7.9895,7.9895,7.9895,7.9895,7.9895,7.9895,7.9895,7.9895,7.9895,7.9895,7.9895,7.9895,7.9895,7.9895,7.9895,7.9895,7.9895,7.9895,7.9895,7.9895,7.9895,7.9895,7.9895,7.9895,7.9895,7.9895,7.9895,7.9895,7.9895,7.9895,7.9895,7.9895,7.9895,7.9895,7.9895,7.9895,7.9895,7.9895,7.9895,7.9895,7.9895,7.9895,7.9895,7.9895,7.9895,7.9895,7.9895,7.9895,7.9895,7.9895,7.9895,7.9895,7.9895,7.9895,7.9895,7.9895,7.9895,7.9895,7.9895,7.9895,7.9895,7.9895,7.9895,7.9895,7.9895,7.9895,7.9895,7.9895,7.9895,7.9895,7.9895,7.9895,7.9895,7.9895,7.9895,7.9895,7.9895,7.9895,7.9895,7.9895,7.9895,7.9895,7.9895,7.9895,7.9895,7.9895,7.9895,7.9895,7.9895,7.9895,7.9895,7.9895,7.9895,7.9895,7.9895,7.9895,7.9895,7.9895,7.9895,7.9895,7.9895,7.9895,7.9895,7.9895,7.9895,7.9895,7.9895,7.9895,7.9895,7.9895,7.9895,7.9895,7.9895,7.9895,7.9895,7.9895,7.9895,7.9895,7.9895,7.9895,7.9895,7.9895,7.9895,7.9895,7.9895,7.9895,7.9895,7.9895,7.9895,7.9895,7.9895,7.9895,7.9895,7.9895,7.9895,7.9895,7.9895,7.9895,7.9895,7.9895,7.9895,7.9895,7.9895,7.9895,7.9895,7.9895,7.9895,7.9895,7.9895,7.9895,7.9895,7.9895,7.9895,7.9895,7.9895,7.9895,7.9895,7.9895,7.9895,7.9895,7.9895,7.9895,7.9895,7.9895,7.9895,7.9895,7.9895,7.9895,7.9895,7.9895,7.9895,7.9895,7.9895,7.9895,7.9895,7.9895,7.9895,7.9895,7.9895,7.9895,7.9895,7.9895,7.9895,7.9895,7.9895,7.9895,7.9895,7.9895,7.9895,7.9895,7.9895,7.9895,7.9895,7.9895,7.9895,7.9895,7.9895,7.9895,7.9895,7.9895,7.9895,7.9895,7.9895,7.9895,7.9895,7.9895,7.9895,7.9895,7.9895,7.9895,7.9895,7.9895,7.9895,7.9895,7.9895,7.9895,7.9895,7.9895,7.9895,7.9895,7.9895,7.9895,7.9895,7.9895,7.9895,7.9895,7.9895,7.9895,7.9895,7.9895,7.9895,7.9895,7.9895,7.9895,7.9895,7.9895,7.9895,7.9895,7.9895,7.9895,7.9895,7.9895,7.9895,7.9895,7.9895,7.9895,7.9895,7.9895,7.9895,7.9895,7.9895,7.9895,7.9895,7.9895,7.9895,7.9895,7.9895,7.9895,7.9895,7.9895,7.9895,7.9895,7.9895,7.9895,7.9895,7.9895,7.9895,7.9895,7.9895,7.9895,7.9895,7.9895,7.9895,7.9895,7.9895,7.9895,7.9895,7.9895,7.9895,7.9895,7.9895,7.9895,7.9895,7.9895,7.9895,7.9895,7.9895,7.9895,7.9895,7.9895,7.9895,7.9895,7.9895,7.9895,7.9895,7.9895,7.9895,7.9895,7.9895,7.9895,7.9895,7.9895,7.9895,7.9895,7.9895,7.9895,7.9895,7.9895,7.9895,7.9895,7.9895,7.9895,7.9895,7.9895,7.9895,7.9895,7.9895,7.9895,7.9895,7.9895,7.9895,7.9895,7.9895,7.9895,7.9895,7.9895,7.9895,7.9895,7.9895,7.9895,7.9895,7.9895,7.9895,7.9895,7.9895,7.9895,7.9895,7.9895,7.9895,7.9895,7.9895,7.9895,7.9895,7.9895,7.9895,7.9895,7.9895,7.9895,7.9895,7.9895,7.9895,7.9895,7.9895,7.9895,7.9895,7.9895,7.9895,7.9895,7.9895,7.9895,7.9895,7.9895,7.9895,7.9895,7.9895,7.9895,7.9895,7.9895,7.9895,7.9895,7.9895,7.9895,7.9895,7.9895,7.9895,7.9895,7.9895,7.9895,7.9895,7.9895,7.9895,7.9895,7.9895,7.9895,7.9895,7.9895,7.9895,7.9895,7.9895,7.9895,7.9895,7.9895,7.9895,7.9895,7.9895,7.9895,7.9895,7.9895,7.9895,7.9895,7.9895,7.9895,7.9895,7.9895,7.9895,7.9895,7.9895,7.9895,7.9895,7.9895,7.9895,7.9895,7.9895,7.9895,7.9895,7.9895,7.9895,7.9895,7.9895,7.9895,7.9895,7.9895,7.9895,7.9895,7.9895,7.9895,7.9895,7.9895,7.9895,7.9895,7.9895,7.9895,7.9895,7.9895,7.9895,7.9895,7.9895,7.9895,7.9895,7.9895,7.9895,7.9895,7.9895,7.9895,7.9895,7.9895,7.9895,7.9895,7.9895,7.9895,7.9895,7.9895,7.9895,7.9895,7.9895,7.9895,7.9895,7.9895,7.9895,7.9895,7.9895,7.9895,7.9895,7.9895,7.9895,7.9895,7.9895,7.9895,7.9895,7.9895,7.9895,7.9895,7.9895,7.9895,7.9895,7.9895,7.9895,7.9895,7.9895,7.9895,7.9895,7.9895,7.9895,7.9895,7.9895,7.9895,7.9895,7.9895,7.9895,7.9895,7.9895,7.9895,7.9895,7.9895,7.9895,7.9895,7.9895,7.9895,7.9895,7.9895,7.9895,7.9895,7.9895,7.9895,7.9895,7.9895,7.9895,7.9895,7.9895,7.9895,7.9895,7.9895,7.9895,7.9895,7.9895,7.9895,7.9895,7.9895,7.9895,7.9895,7.9895,7.9895,7.9895,7.9895,7.9895,7.9895,7.9895,7.9895,7.9895,7.9895,7.9895,7.9895,7.9895,7.9895,7.9895,7.9895,7.9895,7.9895,7.9895,7.9895,7.9895,7.9895,7.9895,7.9895,7.9895,7.9895,7.9895,7.9895,7.9895,7.9895,7.9895,7.9895,7.9895,7.9895,7.9895,7.9895,7.9895,7.9895,7.9895,7.9895,7.9895,7.9895,7.9895,7.9895,7.9895,7.9895,7.9895,7.9895,7.9895,7.9895,7.9895,7.9895,7.9895,7.9895,7.9895,7.9895,7.9895,7.9895,7.9895,7.9895,7.9895,7.9895,7.9895,7.9895,7.9895,7.9895,7.9895,7.9895,7.9895,7.9895,7.9895,7.9895,7.9895,7.9895,7.9895,7.9895,7.9895,7.9895,7.9895,7.9895,7.9895,7.9895,7.9895,7.9895,7.9895,7.9895,7.9895,7.9895,7.9895,7.9895,7.9895,7.9895,7.9895,7.9895,7.9895,7.9895,7.9895,7.9895,7.9895,7.9895,7.9895,7.9895,7.9895,7.9895,7.9895,7.9895,7.9895,7.9895,7.9895,7.9895,7.9895,7.9895,7.9895,7.9895,7.9895,7.9895,7.9895,7.9895,7.9895,7.9895,7.9895,7.9895,7.9895,7.9895,7.9895,7.9895,7.9895,7.9895,7.9895,7.9895,7.9895,7.9895,7.9895,7.9895,7.9895,7.9895,7.9895,7.9895,7.9895,7.9895,7.9895,7.9895,7.9895,7.9895,7.9895,7.9895,7.9895,7.9895,7.9895,7.9895,7.9895,7.9895,7.9895,7.9895,7.9895,7.9895,7.9895,7.9895,7.9895,7.9895,7.9895,7.9895,7.9895,7.9895,7.9895,7.9895,7.9895,7.9895,7.9895,7.9895,7.9895,7.9895,7.9895,7.9895,7.9895,7.9895,7.9895,7.9895,7.9895,7.9895,7.9895,7.9895,7.9895,7.9895,7.9895,7.9895,7.9895,7.9895,7.9895,7.9895,7.9895,7.9895,7.9895,7.9895,7.9895,7.9895,7.9895,7.9895,7.9895,7.9895,7.9895,7.9895,7.9895,7.9895,7.9895,7.9895,7.9895,7.9895,7.9895,7.9895,7.9895,7.9895,7.9895,7.9895,7.9895,7.9895,7.9895,7.9895,7.9895,7.9895,7.9895,7.9895,7.9895,7.9895,7.9895,7.9895,7.9895,7.9895,7.9895,7.9895,7.9895,7.9895,7.9895,7.9895,7.9895,7.9895,7.9895,7.9895,7.9895,7.9895,7.9895,7.9895,7.9895,7.9895,7.9895,7.9895,7.9895,7.9895,7.9895,7.9895,7.9895,7.9895,7.9895,7.9895,7.9895,7.9895,7.9895,7.9895,7.9895,7.9895,7.9895,7.9895,7.9895,7.9895,7.9895,7.9895,7.9895,7.9895,7.9895,7.9895,7.9895,7.9895,7.9895,7.9895,7.9895,7.9895,7.9895,7.9895,7.9895,7.9895,7.9895,7.9895,7.9895,7.9895,7.9895,7.9895,7.9895,7.9895,7.9895,7.9895,7.9895,7.9895,7.9895,7.9895,7.9895,7.9895,7.9895,7.9895,7.9895,7.9895,7.9895,7.9895,7.9895,7.9895,7.9895
7.9823,7.9823,7.9823,7.9823,7.9823,7.9823,7.9823,7.9823,7.9823,7.9823,7.9823,7.9823,7.9823,7.9823,7.9823,7.9823,7.9823,7.9823,7.9823,7.9823,7.9823,7.9823,7.9823,7.9823,7.9823,7.9823,7.9823,7.9823,7.9823,7.9823,7.9823,7.9823,7.9823,7.9823,7.9823,7.9823,7.9823,7.9823,7.9823,7.9823,7.9823,7.9823,7.9823,7.9823,7.9823,7.9823,7.9823,7.9823,7.9823,7.9823,7.9823,7.9823,7.9823,7.9823,7.9823,7.9823,7.9823,7.9823,7.9823,7.9823,7.9823,7.9823,7.9823,7.9823,7.9823,7.9823,7.9823,7.9823,7.9823,7.9823,7.9823,7.9823,7.9823,7.9823,7.9823,7.9823,7.9823,7.9823,7.9823,7.9823,7.9823,7.9823,7.9823,7.9823,7.9823,7.9823,7.9823,7.9823,7.9823,7.9823,7.9823,7.9823,7.9823,7.9823,7.9823,7.9823,7.9823,7.9823,7.9823,7.9823,7.9823,7.9823,7.9823,7.9823,7.9823,7.9823,7.9823,7.9823,7.9823,7.9823,7.9823,7.9823,7.9823,7.9823,7.9823,7.9823,7.9823,7.9823,7.9823,7.9823,7.9823,7.9823,7.9823,7.9823,7.9823,7.9823,7.9823,7.9823,7.9823,7.9823,7.9823,7.9823,7.9823,7.9823,7.9823,7.9823,7.9823,7.9823,7.9823,7.9823,7.9823,7.9823,7.9823,7.9823,7.9823,7.9823,7.9823,7.9823,7.9823,7.9823,7.9823,7.9823,7.9823,7.9823,7.9823,7.9823,7.9823,7.9823,7.9823,7.9823,7.9823,7.9823,7.9823,7.9823,7.9823,7.9823,7.9823,7.9823,7.9823,7.9823,7.9823,7.9823,7.9823,7.9823,7.9823,7.9823,7.9823,7.9823,7.9823,7.9823,7.9823,7.9823,7.9823,7.9823,7.9823,7.9823,7.9823,7.9823,7.9823,7.9823,7.9823,7.9823,7.9823,7.9823,7.9823,7.9823,7.9823,7.9823,7.9823,7.9823,7.9823,7.9823,7.9823,7.9823,7.9823,7.9823,7.9823,7.9823,7.9823,7.9823,7.9823,7.9823,7.9823,7.9823,7.9823,7.9823,7.9823,7.9823,7.9823,7.9823,7.9823,7.9823,7.9823,7.9823,7.9823,7.9823,7.9823,7.9823,7.9823,7.9823,7.9823,7.9823,7.9823,7.9823,7.9823,7.9823,7.9823,7.9823,7.9823,7.9823,7.9823,7.9823,7.9823,7.9823,7.9823,7.9823,7.9823,7.9823,7.9823,7.9823,7.9823,7.9823,7.9823,7.9823,7.9823,7.9823,7.9823,7.9823,7.9823,7.9823,7.9823,7.9823,7.9823,7.9823,7.9823,7.9823,7.9823,7.9823,7.9823,7.9823,7.9823,7.9823,7.9823,7.9823,7.9823,7.9823,7.9823,7.9823,7.9823,7.9823,7.9823,7.9823,7.9823,7.9823,7.9823,7.9823,7.9823,7.9823,7.9823,7.9823,7.9823,7.9823,7.9823,7.9823,7.9823,7.9823,7.9823,7.9823,7.9823,7.9823,7.9823,7.9823,7.9823,7.9823,7.9823,7.9823,7.9823,7.9823,7.9823,7.9823,7.9823,7.9823,7.9823,7.9823,7.9823,7.9823,7.9823,7.9823,7.9823,7.9823,7.9823,7.9823,7.9823,7.9823,7.9823,7.9823,7.9823,7.9823,7.9823,7.9823,7.9823,7.9823,7.9823,7.9823,7.9823,7.9823,7.9823,7.9823,7.9823,7.9823,7.9823,7.9823,7.9823,7.9823,7.9823,7.9823,7.9823,7.9823,7.9823,7.9823,7.9823,7.9823,7.9823,7.9823,7.9823,7.9823,7.9823,7.9823,7.9823,7.9823,7.9823,7.9823,7.9823,7.9823,7.9823,7.9823,7.9823,7.9823,7.9823,7.9823,7.9823,7.9823,7.9823,7.9823,7.9823,7.9823,7.9823,7.9823,7.9823,7.9823,7.9823,7.9823,7.9823,7.9823,7.9823,7.9823,7.9823,7.9823,7.9823,7.9823,7.9823,7.9823,7.9823,7.9823,7.9823,7.9823,7.9823,7.9823,7.9823,7.9823,7.9823,7.9823,7.9823,7.9823,7.9823,7.9823,7.9823,7.9823,7.9823,7.9823,7.9823,7.9823,7.9823,7.9823,7.9823,7.9823,7.9823,7.9823,7.9823,7.9823,7.9823,7.9823,7.9823,7.9823,7.9823,7.9823,7.9823,7.9823,7.9823,7.9823,7.9823,7.9823,7.9823,7.9823,7.9823,7.9823,7.9823,7.9823,7.9823,7.9823,7.9823,7.9823,7.9823,7.9823,7.9823,7.9823,7.9823,7.9823,7.9823,7.9823,7.9823,7.9823,7.9823,7.9823,7.9823,7.9823,7.9823,7.9823,7.9823,7.9823,7.9823,7.9823,7.9823,7.9823,7.9823,7.9823,7.9823,7.9823,7.9823,7.9823,7.9823,7.9823,7.9823,7.9823,7.9823,7.9823,7.9823,7.9823,7.9823,7.9823,7.9823,7.9823,7.9823,7.9823,7.9823,7.9823,7.9823,7.9823,7.9823,7.9823,7.9823,7.9823,7.9823,7.9823,7.9823,7.9823,7.9823,7.9823,7.9823,7.9823,7.9823,7.9823,7.9823,7.9823,7.9823,7.9823,7.9823,7.9823,7.9823,7.9823,7.9823,7.9823,7.9823,7.9823,7.9823,7.9823,7.9823,7.9823,7.9823,7.9823,7.9823,7.9823,7.9823,7.9823,7.9823,7.9823,7.9823,7.9823,7.9823,7.9823,7.9823,7.9823,7.9823,7.9823,7.9823,7.9823,7.9823,7.9823,7.9823,7.9823,7.9823,7.9823,7.9823,7.9823,7.9823,7.9823,7.9823,7.9823,7.9823,7.9823,7.9823,7.9823,7.9823,7.9823,7.9823,7.9823,7.9823,7.9823,7.9823,7.9823,7.9823,7.9823,7.9823,7.9823,7.9823,7.9823,7.9823,7.9823,7.9823,7.9823,7.9823,7.9823,7.9823,7.9823,7.9823,7.9823,7.9823,7.9823,7.9823,7.9823,7.9823,7.9823,7.9823,7.9823,7.9823,7.9823,7.9823,7.9823,7.9823,7.9823,7.9823,7.9823,7.9823,7.9823,7.9823,7.9823,7.9823,7.9823,7.9823,7.9823,7.9823,7.9823,7.9823,7.9823,7.9823,7.9823,7.9823,7.9823,7.9823,7.9823,7.9823,7.9823,7.9823,7.9823,7.9823,7.9823,7.9823,7.9823,7.9823,7.9823,7.9823,7.9823,7.9823,7.9823,7.9823,7.9823,7.9823,7.9823,7.9823,7.9823,7.9823,7.9823,7.9823,7.9823,7.9823,7.9823,7.9823,7.9823,7.9823,7.9823,7.9823,7.9823,7.9823,7.9823,7.9823,7.9823,7.9823,7.9823,7.9823,7.9823,7.9823,7.9823,7.9823,7.9823,7.9823,7.9819,7.9819,7.9819,7.9819,7.9819,7.9819,7.9819,7.9819,7.9819,7.9819,7.9819,7.9819,7.9819,7.9819,7.9819,7.9819,7.9819,7.9819,7.9819,7.9819,7.9819,7.9819,7.9819,7.9819,7.9819,7.9819,7.9819,7.9819,7.9819,7.9819,7.9819,7.9819,7.9819,7.9819,7.9819,7.9819,7.9819,7.9819,7.9819,7.9819,7.9819,7.9819,7.9819,7.9819,7.9819,7.9819,7.9819,7.9819,7.9819,7.9819,7.9819,7.9819,7.9819,7.9819,7.9819,7.9819,7.9819,7.9819,7.9819,7.9819,7.9819,7.9819,7.9819,7.9819,7.9819,7.9819,7.9819,7.9819,7.9819,7.9819,7.9819,7.9819,7.9819,7.9819,7.9819,7.9819,7.9819,7.9819,7.9819,7.9819,7.9819,7.9819,7.9819,7.9819,7.9819,7.9819,7.9819,7.9819,7.9819,7.9819,7.9819,7.9819,7.9819,7.9819,7.9819,7.9819,7.9819,7.9819,7.9819,7.9819,7.9819,7.9819,7.9819,7.9819,7.9819,7.9819,7.9819,7.9819,7.9819,7.9819,7.9819,7.9819,7.9819,7.9819,7.9819,7.9819,7.9819,7.9819,7.9819,7.9819,7.9819,7.9819,7.9819,7.9819,7.9819,7.9819,7.9819,7.9819,7.9819,7.9819,7.9819,7.9819,7.9819,7.9819,7.9819,7.9819,7.9819,7.9819,7.9819,7.9819,7.9819,7.9819,7.9819,7.9819,7.9819,7.9819,7.9819,7.9819,7.9819,7.9819,7.9819,7.9819,7.9819,7.9819,7.9819,7.9819,7.9819,7.9819,7.9819,7.9819,7.9819,7.9819,7.9819,7.9819,7.9819,7.9819,7.9819,7.9819,7.9819,7.9819,7.9819,7.9819,7.9819,7.9819,7.9819,7.9819,7.9819,7.9819,7.9819,7.9819,7.9819,7.9819,7.9819,7.9819,7.9819,7.9819,7.9819,7.9819,7.9819,7.9819,7.9819,7.9819,7.9819,7.9819,7.9819,7.9819,7.9819,7.9819,7.9819,7.9819,7.9819,7.9819,7.9819,7.9819,7.9819,7.9819,7.9819,7.9819,7.9819,7.9819,7.9819,7.9819,7.9819,7.9819,7.9819,7.9819,7.9819,7.9819,7.9819,7.9819,7.9819,7.9819,7.9819,7.9819,7.9819,7.9819,7.9819,7.9819,7.9819,7.9819,7.9819,7.9819,7.9819,7.9819,7.9819,7.9819,7.9819,7.9819,7.9819,7.9819,7.9819,7.9819,7.9819,7.9819,7.9819,7.9819,7.9819,7.9819,7.9819,7.9819,7.9819,7.9819,7.9819,7.9819,7.9819,7.9819,7.9819,7.9819,7.9819,7.9819,7.9819,7.9819,7.9819,7.9819,7.9819,7.9819,7.9819,7.9819,7.9819,7.9819,7.9819,7.9819,7.9819,7.9819,7.9819,7.9819,7.9819,7.9819,7.9819,7.9819,7.9819,7.9819,7.9819,7.9819,7.9819,7.9819,7.9819,7.9819,7.9819,7.9819,7.9819,7.9819,7.9819,7.9819,7.9819,7.9819,7.9819,7.9819,7.9819,7.9819,7.9819,7.9819,7.9819,7.9819,7.9819
7.9751,7.9751,7.9751,7.9751,7.9751,7.9751,7.9751,7.9751,7.9751,7.9751,7.9751,7.9751,7.9751,7.9751,7.9751,7.9751,7.9751,7.9751,7.9751,7.9751,7.9751,7.9751,7.9751,7.9751,7.9751,7.9751,7.9751,7.9751,7.9751,7.9751,7.9751,7.9751,7.9751,7.9751,7.9751,7.9751,7.9751,7.9751,7.9751,7.9751,7.9751,7.9751,7.9751,7.9751,7.9751,7.9751,7.9751,7.9751,7.9751,7.9751,7.9751,7.9751,7.9751,7.9751,7.9751,7.9751,7.9751,7.9751,7.9751,7.9751,7.9751,7.9751,7.9751,7.9751,7.9751,7.9751,7.9751,7.9751,7.9751,7.9751,7.9751,7.9751,7.9751,7.9751,7.9751,7.9751,7.9751,7.9751,7.9751,7.9751,7.9751,7.9751,7.9751,7.9751,7.9751,7.9751,7.9751,7.9751,7.9751,7.9751,7.9751,7.9751,7.9751,7.9751,7.9751,7.9751,7.9751,7.9751,7.9751,7.9751,7.9751,7.9751,7.9751,7.9751,7.9751,7.9751,7.9751,7.9751,7.9751,7.9751,7.9751,7.9751,7.9751,7.9751,7.9751,7.9751,7.9751,7.9751,7.9751,7.9751,7.9751,7.9751,7.9751,7.9751,7.9751,7.9751,7.9751,7.9751,7.9751,7.9751,7.9751,7.9751,7.9751,7.9751,7.9751,7.9751,7.9751,7.9751,7.9751,7.9751,7.9751,7.9751,7.9751,7.9751,7.9751,7.9751,7.9751,7.9751,7.9751,7.9751,7.9751,7.9751,7.9751,7.9751,7.9751,7.9751,7.9751,7.9751,7.9751,7.9751,7.9751,7.9751,7.9751,7.9751,7.9751,7.9751,7.9751,7.9751,7.9751,7.9751,7.9751,7.9751,7.9751,7.9751,7.9751,7.9751,7.9751,7.9751,7.9751,7.9751,7.9751,7.9751,7.9751,7.9751,7.9751,7.9751,7.9751,7.9751,7.9751,7.9751,7.9751,7.9751,7.9751,7.9751,7.9751,7.9751,7.9751,7.9751,7.9751,7.9751,7.9751,7.9747,7.9747,7.9747,7.9747,7.9747,7.9747,7.9747,7.9747,7.9747,7.9747,7.9747,7.9747,7.9747,7.9747,7.9747,7.9747,7.9747,7.9747,7.9747,7.9747,7.9747,7.9747,7.9747,7.9747,7.9747,7.9747,7.9747,7.9747,7.9747,7.9747,7.9747,7.9747,7.9747,7.9747,7.9747,7.9747,7.9747,7.9747,7.9747,7.9747,7.9747,7.9747,7.9747,7.9747,7.9747,7.9747,7.9747,7.9747,7.9747,7.9747,7.9747,7.9747,7.9747,7.9747,7.9747,7.9747,7.9747,7.9747,7.9747,7.9747,7.9747,7.9747,7.9747,7.9747,7.9747,7.9747,7.9747,7.9747,7.9747,7.9747,7.9747,7.9747,7.9747,7.9747,7.9747,7.9747,7.9747,7.9747,7.9747,7.9747,7.9747,7.9747,7.9747,7.9747,7.9747,7.9747,7.9747,7.9747,7.9747,7.9747,7.9747,7.9747,7.9747,7.9747,7.9747,7.9747,7.9747,7.9747,7.9747,7.9747,7.9747,7.9747,7.9747,7.9747,7.9747,7.9747,7.9747,7.9747,7.9747,7.9747,7.9747,7.9747,7.9747,7.9747,7.9747,7.9747,7.9747,7.9747,7.9747,7.9747,7.9747,7.9747,7.9747,7.9747,7.9747,7.9747,7.9747,7.9747,7.9747,7.9747,7.9747,7.9747,7.9747,7.9747,7.9747,7.9747,7.9747,7.9747,7.9747,7.9747,7.9747,7.9747,7.9747,7.9747,7.9747,7.9747,7.9747,7.9747,7.9747,7.9747,7.9747,7.9747,7.9747,7.9747,7.9747,7.9747,7.9747,7.9747,7.9747,7.9747,7.9747,7.9747,7.9747,7.9747,7.9747,7.9747,7.9747,7.9747,7.9747,7.9747,7.9747,7.9747,7.9747,7.9747,7.9747,7.9747,7.9747,7.9747,7.9747,7.9747,7.9747,7.9747,7.9747,7.9747,7.9747,7.9747,7.9747,7.9747,7.9747,7.9747,7.9747,7.9747,7.9747,7.9747,7.9747,7.9747,7.9747,7.9747,7.9747,7.9747,7.9747,7.9747,7.9747,7.9747,7.9747,7.9747,7.9747,7.9747,7.9747,7.9747,7.9747,7.9747,7.9747,7.9747,7.9747,7.9747,7.9747,7.9747,7.9747,7.9747,7.9747,7.9747,7.9747,7.9747,7.9747,7.9747,7.9747,7.9747,7.9747,7.9747,7.9747,7.9747,7.9747,7.9747,7.9747,7.9747,7.9747,7.9747,7.9747,7.9747,7.9747,7.9747,7.9747,7.9747,7.9747,7.9747,7.9747,7.9747,7.9747,7.9747,7.9747,7.9747,7.9747,7.9747,7.9747,7.9747,7.9747,7.9747,7.9747,7.9747,7.9747,7.9747,7.9747,7.9747,7.9747,7.9747,7.9747,7.9747,7.9747,7.9747,7.9747,7.9747,7.9747,7.9747,7.9747,7.9747,7.9747,7.9747,7.9747,7.9747,7.9747,7.9747,7.9747,7.9747,7.9747,7.9747,7.9747,7.9747,7.9747,7.9747,7.9747,7.9747,7.9747,7.9747,7.9747,7.9747,7.9747,7.9747,7.9747,7.9747,7.9747,7.9747,7.9747,7.9747,7.9747,7.9747,7.9747,7.9747,7.9747,7.9747,7.9747,7.9747,7.9747,7.9747,7.9747,7.9747,7.9747,7.9747,7.9747,7.9747,7.9747,7.9747,7.9747,7.9747,7.9747,7.9747,7.9747,7.9747,7.9747,7.9747,7.9747,7.9747,7.9747,7.9747,7.9747,7.9747,7.9747,7.9747,7.9747,7.9747,7.9747,7.9747,7.9747,7.9747,7.9747,7.9747,7.9747,7.9747,7.9747,7.9747,7.9747,7.9747,7.9747,7.9747,7.9747,7.9747,7.9747,7.9747,7.9747,7.9747,7.9747,7.9747,7.9747,7.9747,7.9747,7.9747,7.9747,7.9747,7.9747,7.9747,7.9747,7.9747,7.9747,7.9747,7.9747,7.9747,7.9747,7.9747,7.9747,7.9747,7.9747,7.9747,7.9747,7.9747,7.9747,7.9747,7.9747,7.9747,7.9747,7.9747,7.9747,7.9747,7.9747,7.9747,7.9747,7.9747,7.9747,7.9747,7.9747,7.9747,7.9747,7.9747,7.9747,7.9747,7.9747,7.9747,7.9747,7.9747,7.9747,7.9747,7.9747,7.9747,7.9747,7.9747,7.9747,7.9747,7.9747,7.9747,7.9747,7.9747,7.9747,7.9747,7.9747,7.9747,7.9747,7.9747,7.9747,7.9747,7.9747,7.9747,7.9747,7.9747,7.9747,7.9747,7.9747,7.9747,7.9747,7.9747,7.9747,7.9747,7.9747,7.9747,7.9747,7.9747,7.9747,7.9747,7.9747,7.9747,7.9747,7.9747,7.9747,7.9747,7.9747,7.9747,7.9747,7.9747,7.9747,7.9747,7.9747,7.9747,7.9747,7.9747,7.9747,7.9747,7.9747,7.9747,7.9747,7.9747,7.9747,7.9747,7.9747,7.9747,7.9747,7.9747,7.9747,7.9747,7.9747,7.9747,7.9747,7.9747,7.9747,7.9747,7.9747,7.9747,7.9747,7.9747,7.9747,7.9747,7.9747,7.9747,7.9747,7.9747,7.9747,7.9747,7.9747,7.9747,7.9747,7.9747,7.9747,7.9747,7.9747,7.9747,7.9747,7.9747,7.9747,7.9747,7.9747,7.9747,7.9747,7.9747,7.9747,7.9747,7.9747,7.9747,7.9747,7.9747,7.9747,7.9747,7.9747,7.9747,7.9747,7.9747,7.9747,7.9747,7.9747,7.9747,7.9747,7.9747,7.9747,7.9747,7.9747,7.9747,7.9747,7.9747,7.9747,7.9747,7.9747,7.9747,7.9747,7.9747,7.9747,7.9747,7.9747,7.9747,7.9747,7.9747,7.9747,7.9747,7.9747,7.9747,7.9747,7.9747,7.9747,7.9747,7.9747,7.9747,7.9747,7.9747,7.9747,7.9747,7.9747,7.9747,7.9747,7.9747,7.9747,7.9747,7.9747,7.9747,7.9747,7.9747,7.9747,7.9747,7.9747,7.9747,7.9747,7.9747,7.9747,7.9747,7.9747,7.9747,7.9747,7.9747,7.9747,7.9747,7.9747,7.9747,7.9747,7.9747,7.9747,7.9747,7.9747,7.9747,7.9747,7.9747,7.9747,7.9747,7.9747,7.9747,7.9747,7.9747,7.9747,7.9747,7.9747,7.9747,7.9747,7.9747,7.9747,7.9747,7.9747,7.9747,7.9747,7.9747,7.9747,7.9747,7.9747,7.9747,7.9747,7.9747,7.9747,7.9747,7.9747,7.9747,7.9747,7.9747,7.9747,7.9747,7.9747,7.9747,7.9747,7.9747,7.9747,7.9747,7.9747,7.9747,7.9747,7.9747,7.9747,7.9747,7.9747,7.9747,7.9747,7.9747,7.9747,7.9747,7.9747,7.9747,7.9747,7.9747,7.9747,7.9747,7.9747,7.9747,7.9747,7.9747,7.9747,7.9747,7.9747,7.9747,7.9747,7.9747,7.9747,7.9747,7.9747,7.9747,7.9747,7.9747,7.9747,7.9747,7.9747,7.9747,7.9747,7.9747,7.9747,7.9747,7.9747,7.9747,7.9747,7.9747,7.9747,7.9747,7.9747,7.9747,7.9747,7.9747,7.9747,7.9747,7.9747,7.9747,7.9747,7.9747,7.9747,7.9747,7.9747,7.9747,7.9747,7.9747,7.9747,7.9747,7.9747,7.9747,7.9747,7.9747,7.9747,7.9747,7.9747,7.9747,7.9747,7.9747,7.9747,7.9747,7.9747,7.9747,7.9747,7.9747,7.9747,7.9747,7.9747,7.9747,7.9747,7.9747,7.9747,7.9747,7.9747,7.9747,7.9747,7.9747,7.9747,7.9747,7.9747,7.9747,7.9747,7.9747,7.9747,7.9747,7.9747,7.9747,7.9747,7.9747,7.9747,7.9747,7.9747,7.9747,7.9747,7.9747,7.9747,7.9747,7.9747,7.9747,7.9747,7.9747,7.9747,7.9747,7.9747,7.9747,7.9747,7.9747,7.9747,7.9747,7.9747
7.9683,7.9683,7.9683,7.9683,7.9683,7.9683,7.9683,7.9683,7.9683,7.9683,7.9683,7.9683,7.9683,7.9683,7.9683,7.9683,7.9683,7.9683,7.9683,7.9683,7.9683,7.9683,7.9683,7.9683,7.9683,7.9683,7.9683,7.9683,7.9683,7.9683,7.9683,7.9683,7.9683,7.9683,7.9683,7.9683,7.9683,7.9683,7.9683,7.9683,7.9683,7.9683,7.9683,7.9683,7.9683,7.9683,7.9683,7.9683,7.9683,7.9683,7.9683,7.9683,7.9683,7.9683,7.9683,7.9683,7.9683,7.9683,7.9683,7.9683,7.9683,7.9683,7.9683,7.9683,7.9683,7.9683,7.9683,7.9683,7.9683,7.9683,7.9683,7.9683,7.9683,7.9683,7.9683,7.9683,7.9683,7.9683,7.9683,7.9683,7.9683,7.9683,7.9683,7.9683,7.9683,7.9683,7.9683,7.9683,7.9683,7.9683,7.9683,7.9683,7.9683,7.9683,7.9683,7.9683,7.9683,7.9683,7.9683,7.9683,7.9683,7.9683,7.9683,7.9683,7.9683,7.9683,7.9683,7.9683,7.9683,7.9683,7.9683,7.9683,7.9683,7.9683,7.9683,7.9683,7.9683,7.9683,7.9683,7.9683,7.9683,7.9683,7.9683,7.9683,7.9683,7.9683,7.9683,7.9683,7.9683,7.9683,7.9683,7.9683,7.9683,7.9683,7.9683,7.9683,7.9683,7.9683,7.9683,7.9683,7.9683,7.9683,7.9683,7.9683,7.9683,7.9683,7.9683,7.9683,7.9683,7.9683,7.9683,7.9683,7.9683,7.9683,7.9683,7.9683,7.9683,7.9683,7.9683,7.9683,7.9683,7.9683,7.9683,7.9683,7.9683,7.9683,7.9683,7.9683,7.9683,7.9683,7.9683,7.9683,7.9683,7.9683,7.9683,7.9683,7.9683,7.9683,7.9683,7.9683,7.9683,7.9683,7.9683,7.9683,7.9683,7.9683,7.9683,7.9683,7.9683,7.9683,7.9683,7.9683,7.9683,7.9683,7.9683,7.9683,7.9683,7.9683,7.9683,7.9683,7.9683,7.9683,7.9683,7.9683,7.9683,7.9683,7.9683,7.9683,7.9683,7.9683,7.9683,7.9683,7.9683,7.9683,7.9683,7.9683,7.9683,7.9683,7.9683,7.9683,7.9683,7.9683,7.9683,7.9683,7.9683,7.9683,7.9683,7.9683,7.9683,7.9683,7.9683,7.9683,7.9683,7.9683,7.9683,7.9683,7.9683,7.9683,7.9683,7.9683,7.9683,7.9683,7.9683,7.9683,7.9683,7.9683,7.9683,7.9683,7.9683,7.9683,7.9683,7.9683,7.9683,7.9683,7.9683,7.9683,7.9683,7.9683,7.9683,7.9683,7.9683,7.9683,7.9683,7.9683,7.9683,7.9683,7.9683,7.9683,7.9683,7.9683,7.9683,7.9683,7.9683,7.9683,7.9683,7.9683,7.9683,7.9683,7.9683,7.9683,7.9683,7.9683,7.9683,7.9683,7.9683,7.9683,7.9683,7.9683,7.9676,7.9676,7.9676,7.9676,7.9676,7.9676,7.9676,7.9676,7.9676,7.9676,7.9676,7.9676,7.9676,7.9676,7.9676,7.9676,7.9676,7.9676,7.9676,7.9676,7.9676,7.9676,7.9676,7.9676,7.9676,7.9676,7.9676,7.9676,7.9676,7.9676,7.9676,7.9676,7.9676,7.9676,7.9676,7.9676,7.9676,7.9676,7.9676,7.9676,7.9676,7.9676,7.9676,7.9676,7.9676,7.9676,7.9676,7.9676,7.9676,7.9676,7.9676,7.9676,7.9676,7.9676,7.9676,7.9676,7.9676,7.9676,7.9676,7.9676,7.9676,7.9676,7.9676,7.9676,7.9676,7.9676,7.9676,7.9676,7.9676,7.9676,7.9676,7.9676,7.9676,7.9676,7.9676,7.9676,7.9676,7.9676,7.9676,7.9676,7.9676,7.9676,7.9676,7.9676,7.9676,7.9676,7.9676,7.9676,7.9676,7.9676,7.9676,7.9676,7.9676,7.9676,7.9676,7.9676,7.9676,7.9676,7.9676,7.9676,7.9676,7.9676,7.9676,7.9676,7.9676,7.9676,7.9676,7.9676,7.9676,7.9676,7.9676,7.9676,7.9676,7.9676,7.9676,7.9676,7.9676,7.9676,7.9676,7.9676,7.9676,7.9676,7.9676,7.9676,7.9676,7.9676,7.9676,7.9676,7.9676,7.9676,7.9676,7.9676,7.9676,7.9676,7.9676,7.9676,7.9676,7.9676,7.9676,7.9676,7.9676,7.9676,7.9676,7.9676,7.9676,7.9676,7.9676,7.9676,7.9676,7.9676,7.9676,7.9676,7.9676,7.9676,7.9676,7.9676,7.9676,7.9676,7.9676,7.9676,7.9676,7.9676,7.9676,7.9676,7.9676,7.9676,7.9676,7.9676,7.9676,7.9676,7.9676,7.9676,7.9676,7.9676,7.9676,7.9676,7.9676,7.9676,7.9676,7.9676,7.9676,7.9676,7.9676,7.9676,7.9676,7.9676,7.9676,7.9676,7.9676,7.9676,7.9676,7.9676,7.9676,7.9676,7.9676,7.9676,7.9676,7.9676,7.9676,7.9676,7.9676,7.9676,7.9676,7.9676,7.9676,7.9676,7.9676,7.9676,7.9676,7.9676,7.9676,7.9676,7.9676,7.9676,7.9676,7.9676,7.9676,7.9676,7.9676,7.9676,7.9676,7.9676,7.9676,7.9676,7.9676,7.9676,7.9676,7.9676,7.9676,7.9676,7.9676,7.9676,7.9676,7.9676,7.9676,7.9676,7.9676,7.9676,7.9676,7.9676,7.9676,7.9676,7.9676,7.9676,7.9676,7.9676,7.9676,7.9676,7.9676,7.9676,7.9676,7.9676,7.9676,7.9676,7.9676,7.9676,7.9676,7.9676,7.9676,7.9676,7.9676,7.9676,7.9676,7.9676,7.9676,7.9676,7.9676,7.9676,7.9676,7.9676,7.9676,7.9676,7.9676,7.9676,7.9676,7.9676,7.9676,7.9676,7.9676,7.9676,7.9676,7.9676,7.9676,7.9676,7.9676,7.9676,7.9676,7.9676,7.9676,7.9676,7.9676,7.9676,7.9676,7.9676,7.9676,7.9676,7.9676,7.9676,7.9676,7.9676,7.9676,7.9676,7.9676,7.9676,7.9676,7.9676,7.9676,7.9676,7.9676,7.9676,7.9676,7.9676,7.9676,7.9676,7.9676,7.9676,7.9676,7.9676,7.9676,7.9676,7.9676,7.9676,7.9676,7.9676,7.9676,7.9676,7.9676,7.9676,7.9676,7.9676,7.9676,7.9676,7.9676,7.9676,7.9676,7.9676,7.9676,7.9676,7.9676,7.9676,7.9676,7.9676,7.9676,7.9676,7.9676,7.9676,7.9676,7.9676,7.9676,7.9676,7.9676,7.9676,7.9676,7.9676,7.9676,7.9676,7.9676,7.9676,7.9676,7.9676,7.9676,7.9676,7.9676,7.9676,7.9676,7.9676,7.9676,7.9676,7.9676,7.9676,7.9676,7.9676,7.9676,7.9676,7.9676,7.9676,7.9676,7.9676,7.9676,7.9676,7.9676,7.9676,7.9676,7.9676,7.9676,7.9676,7.9676,7.9676,7.9676,7.9676,7.9676,7.9676,7.9676,7.9676,7.9676,7.9676,7.9676,7.9676,7.9676,7.9676,7.9676,7.9676,7.9676,7.9676,7.9676,7.9676,7.9676,7.9676,7.9676,7.9676,7.9676,7.9676,7.9676,7.9676,7.9676,7.9676,7.9676,7.9676,7.9676,7.9676,7.9676,7.9676,7.9676,7.9676,7.9676,7.9676,7.9676,7.9676,7.9676,7.9676,7.9676,7.9676,7.9676,7.9676,7.9676,7.9676,7.9676,7.9676,7.9676,7.9676,7.9676,7.9676,7.9676,7.9676,7.9676,7.9676,7.9676,7.9676,7.9676,7.9676,7.9676,7.9676,7.9676,7.9676,7.9676,7.9676,7.9676,7.9676,7.9676,7.9676,7.9676,7.9676,7.9676,7.9676,7.9676,7.9676,7.9676,7.9676,7.9676,7.9676,7.9676,7.9676,7.9676,7.9676,7.9676,7.9676,7.9676,7.9676,7.9676,7.9676,7.9676,7.9676,7.9676,7.9676,7.9676,7.9676,7.9676,7.9676,7.9676,7.9676,7.9676,7.9676,7.9676,7.9676,7.9676,7.9676,7.9676,7.9676,7.9676,7.9676,7.9676,7.9676,7.9676,7.9676,7.9676,7.9676,7.9676,7.9676,7.9676,7.9676,7.9676,7.9676,7.9676,7.9676,7.9676,7.9676,7.9676,7.9676,7.9676,7.9676,7.9676,7.9676,7.9676,7.9676,7.9676,7.9676,7.9676,7.9676,7.9676,7.9676,7.9676,7.9676,7.9676,7.9676,7.9676,7.9676,7.9676,7.9676,7.9676,7.9676,7.9676,7.9676,7.9676,7.9676,7.9676,7.9676,7.9676,7.9676,7.9676,7.9676,7.9676,7.9676,7.9676,7.9676,7.9676,7.9676,7.9676,7.9676,7.9676,7.9676,7.9676,7.9676,7.9676,7.9676,7.9676,7.9676,7.9676,7.9676,7.9676,7.9676,7.9676,7.9676,7.9676,7.9676,7.9676,7.9676,7.9676,7.9676,7.9676,7.9676,7.9676,7.9676,7.9676,7.9676,7.9676,7.9676,7.9676,7.9676,7.9676,7.9676,7.9676,7.9676,7.9676,7.9676,7.9676,7.9676,7.9676,7.9676,7.9676,7.9676,7.9676,7.9676,7.9676,7.9676,7.9676,7.9676,7.9676,7.9676,7.9676,7.9676,7.9676,7.9676,7.9676,7.9676,7.9676,7.9676,7.9676,7.9676,7.9676,7.9676,7.9676,7.9676,7.9676,7.9676,7.9676,7.9676,7.9676,7.9676,7.9676,7.9676,7.9676,7.9676,7.9676,7.9676,7.9676,7.9676,7.9676,7.9676,7.9676,7.9676,7.9676,7.9676,7.9676,7.9676,7.9676,7.9676,7.9676,7.9676,7.9676,7.9676,7.9676,7.9676,7.9676,7.9676,7.9676,7.9676,7.9676,7.9676,7.9676,7.9676,7.9676,7.9676,7.9676,7.9676,7.9676,7.9676,7.9676,7.9676,7.9676,7.9676,7.9676,7.9676
7.9604,7.9604,7.9604,7.9604,7.9604,7.9604,7.9604,7.9604,7.9604,7.9604,7.9604,7.9604,7.9604,7.9604,7.9604,7.9604,7.9604,7.9604,7.9604,7.9604,7.9604,7.9604,7.9604,7.9604,7.9604,7.9604,7.9604,7.9604,7.9604,7.9604,7.9604,7.9604,7.9604,7.9604,7.9604,7.9604,7.9604,7.9604,7.9604,7.9604,7.9604,7.9604,7.9604,7.9604,7.9604,7.9604,7.9604,7.9604,7.9604,7.9604,7.9604,7.9604,7.9604,7.9604,7.9604,7.9604,7.9604,7.9604,7.9604,7.9604,7.9604,7.9604,7.9604,7.9604,7.9604,7.9604,7.9604,7.9604,7.9604,7.9604,7.9604,7.9604,7.9604,7.9604,7.9604,7.9604,7.9604,7.9604,7.9604,7.9604,7.9604,7.9604,7.9604,7.9604,7.9604,7.9604,7.9604,7.9604,7.9604,7.9604,7.9604,7.9604,7.9604,7.9604,7.9604,7.9604,7.9604,7.9604,7.9604,7.9604,7.9604,7.9604,7.9604,7.9604,7.9604,7.9604,7.9604,7.9604,7.9604,7.9604,7.9604,7.9604,7.9604,7.9604,7.9604,7.9604,7.9604,7.9604,7.9604,7.9604,7.9604,7.9604,7.9604,7.9604,7.9604,7.9604,7.9604,7.9604,7.9604,7.9604,7.9604,7.9604,7.9604,7.9604,7.9604,7.9604,7.9604,7.9604,7.9604,7.9604,7.9604,7.9604,7.9604,7.9604,7.9604,7.9604,7.9604,7.9604,7.9604,7.9604,7.9604,7.9604,7.9604,7.9604,7.9604,7.9604,7.9604,7.9604,7.9604,7.9604,7.9604,7.9604,7.9604,7.9604,7.9604,7.9604,7.9604,7.9604,7.9604,7.9604,7.9604,7.9604,7.9604,7.9604,7.9604,7.9604,7.9604,7.9604,7.9604,7.9604,7.9604,7.9604,7.9604,7.9604,7.9604,7.9604,7.9604,7.9604,7.9604,7.9604,7.9604,7.9604,7.9604,7.9604,7.9604,7.9604,7.9604,7.9604,7.9604,7.9604,7.9604,7.9604,7.9604,7.9604,7.9604,7.9604,7.9604,7.9604,7.9604,7.9604,7.9604,7.9604,7.9604,7.9604,7.9604,7.9604,7.9604,7.9604,7.9604,7.9604,7.9604,7.9604,7.9604,7.9604,7.9604,7.9604,7.9604,7.9604,7.9604,7.9604,7.9604,7.9604,7.9604,7.9604,7.9604,7.9604,7.9604,7.9604,7.9604,7.9604,7.9604,7.9604,7.9604,7.9604,7.9604,7.9604,7.9604,7.9604,7.9604,7.9604,7.9604,7.9604,7.9604,7.9604,7.9604,7.9604,7.9604,7.9604,7.9604,7.9604,7.9604,7.9604,7.9604,7.9604,7.9604,7.9604,7.9604,7.9604,7.9604,7.9604,7.9604,7.9604,7.9604,7.9604,7.9604,7.9604,7.9604,7.9604,7.9604,7.9604,7.9604,7.9604,7.9604,7.9604,7.9604,7.9604,7.9604,7.9604,7.9604,7.9604,7.9604,7.9604,7.9604,7.9604,7.9604,7.9604,7.9604,7.9604,7.9604,7.9604,7.9604,7.9604,7.9604,7.9604,7.9604,7.9604,7.9604,7.9604,7.9604,7.9604,7.9604,7.9604,7.9604,7.9604,7.9604,7.9604,7.9604,7.9604,7.9604,7.9604,7.9604,7.9604,7.9604,7.9604,7.9604,7.9604,7.9604,7.9604,7.9604,7.9604,7.9604,7.9604,7.9604,7.9604,7.9604,7.9604,7.9604,7.9604,7.9604,7.9604,7.9604,7.9604,7.9604,7.9604,7.9604,7.9604,7.9604,7.9604,7.9604,7.9604,7.9604,7.9604,7.9604,7.9604,7.9604,7.9604,7.9604,7.9604,7.9604,7.9604,7.9604,7.9604,7.9604,7.9604,7.9604,7.9604,7.9604,7.9604,7.9604,7.9604,7.9604,7.9604,7.9604,7.9604,7.9604,7.9604,7.9604,7.9604,7.9604,7.9604,7.9604,7.9604,7.9604,7.9604,7.9604,7.9604,7.9604,7.9604,7.9604,7.9604,7.9604,7.9604,7.9604,7.9604,7.9604,7.9604,7.9604,7.9604,7.9604,7.9604,7.9604,7.9604,7.9604,7.9604,7.9604,7.9604,7.9604,7.9604,7.9604,7.9604,7.9604,7.9604,7.9604,7.9604,7.9604,7.9604,7.9604,7.9604,7.9604,7.9604,7.9604,7.9604,7.9604,7.9604,7.9604,7.9604,7.9604,7.9604,7.9604,7.9604,7.9604,7.9604,7.9604,7.9604,7.9604,7.9604,7.9604,7.9604,7.9604,7.9604,7.9604,7.9604,7.9604,7.9604,7.9604,7.9604,7.9604,7.9604,7.9604,7.9604,7.9604,7.9604,7.9604,7.9604,7.9604,7.9604,7.9604,7.9604,7.9604,7.9604,7.9604,7.9604,7.9604,7.9604,7.9604,7.9604,7.9604,7.9604,7.9604,7.9604,7.9604,7.9604,7.9604,7.9604,7.9604,7.9604,7.9604,7.9604,7.9604,7.9604,7.9604,7.9604,7.9604,7.9604,7.9604,7.9604,7.9604,7.9604,7.9604,7.9604,7.9604,7.9604,7.9604,7.9604,7.9604,7.9604,7.9604,7.9604,7.9604,7.9604,7.9604,7.9604,7.9604,7.9604,7.9604,7.9604,7.9604,7.9604,7.9604,7.9604,7.9604,7.9604,7.9604,7.9604,7.9604,7.9604,7.9604,7.9604,7.9604,7.9604,7.9604,7.9604,7.9604,7.9604,7.9604,7.9604,7.9604,7.9604,7.9604,7.9604,7.9604,7.9604,7.9604,7.9604,7.9604,7.9604,7.9604,7.9604,7.9604,7.9604,7.9604,7.9604,7.9604,7.9604,7.9604,7.9604,7.9604,7.9604,7.9604,7.9604,7.9604,7.9604,7.9604,7.9604,7.9604,7.9604,7.9604,7.9604,7.9604,7.9604,7.9604,7.9604,7.9604,7.9604,7.9604,7.9604,7.9604,7.9604,7.9604,7.9604,7.9604,7.9604,7.9604,7.9604,7.9604,7.9604,7.9604,7.9604,7.9604,7.9604,7.9604,7.9604,7.9604,7.9604,7.9604,7.9604,7.9604,7.9604,7.9604,7.9604,7.9604,7.9604,7.9604,7.9604,7.9604,7.9604,7.9604,7.9604,7.9604,7.9604,7.9604,7.9604,7.9604,7.9604,7.9604,7.9604,7.9604,7.9604,7.9604,7.9604,7.9604,7.9604,7.9604,7.9604,7.9604,7.9604,7.9604,7.9604,7.9604,7.9604,7.9604,7.9604,7.9604,7.9604,7.9604,7.9604,7.9604,7.9604,7.9604,7.9604,7.9604,7.9604,7.9604,7.9604,7.9604,7.9604,7.9604,7.9604,7.9604,7.9604,7.9604,7.9604,7.9604,7.9604,7.9604,7.9604,7.9604,7.9604,7.9604,7.9604,7.9604,7.9604,7.9604,7.9604,7.9604,7.9604,7.9604,7.9604,7.9604,7.9604,7.9604,7.9604,7.9604,7.9604,7.9604,7.9604,7.9604,7.9604,7.9604,7.9604,7.9604,7.9604,7.9604,7.9604,7.9604,7.9604,7.9604,7.9604,7.9604,7.9604,7.9604,7.9604,7.9604,7.9604,7.9604,7.9604,7.9604,7.9604,7.9604,7.9604,7.9604,7.9604,7.9604,7.9604,7.9604,7.9604,7.9604,7.9604,7.9604,7.9604,7.9604,7.9604,7.9604,7.9604,7.9604,7.9604,7.9604,7.9604,7.9604,7.9604,7.9604,7.9604,7.9604,7.9604,7.9604,7.9604,7.9604,7.9604,7.9604,7.9604,7.9604,7.9604,7.9604,7.9604,7.9604,7.9604,7.9604,7.9604,7.9604,7.9604,7.9604,7.9604,7.9604,7.9604,7.9604,7.9604,7.9604,7.9604,7.9604,7.9604,7.9604,7.9604,7.9604,7.9604,7.9604,7.9604,7.9604,7.9604,7.9604,7.9604,7.9604,7.9604,7.9604,7.9604,7.9604,7.9604,7.9604,7.9604,7.9604,7.9604,7.9604,7.9604,7.9604,7.9604,7.9604,7.9604,7.9604,7.9604,7.9604,7.9604,7.9604,7.9604,7.9604,7.9604,7.9604,7.9604,7.9604,7.9604,7.9604,7.9604,7.9604,7.9604,7.9604,7.9604,7.9604,7.9604,7.9604,7.9604,7.9604,7.9604,7.9604,7.9604,7.9604,7.9604,7.9604,7.9604,7.9604,7.9604,7.9604,7.9604,7.9604,7.9604,7.9604,7.9604,7.9604,7.9604,7.9604,7.9604,7.9604,7.9604,7.9604,7.9604,7.9604,7.9604,7.9604,7.9604,7.9604,7.9604,7.9604,7.9604,7.9604,7.9604,7.9604,7.9604,7.9604,7.9604,7.9604,7.9604,7.9604,7.9604,7.9604,7.9604,7.9604,7.9604,7.9604,7.9604,7.9604,7.9604,7.9604,7.9604,7.9604,7.9604,7.9604,7.9604,7.9604,7.9604,7.9604,7.9604,7.9604,7.9604,7.9604,7.9604,7.9604,7.9604,7.9611,7.9611,7.9611,7.9611,7.9611,7.9611,7.9611,7.9611,7.9611,7.9611,7.9611,7.9611,7.9611,7.9611,7.9611,7.9611,7.9611,7.9611,7.9611,7.9611,7.9611,7.9611,7.9611,7.9611,7.9611,7.9611,7.9611,7.9611,7.9611,7.9611,7.9611,7.9611,7.9611,7.9611,7.9611,7.9611,7.9611,7.9611,7.9611,7.9611,7.9611,7.9611,7.9611,7.9611,7.9611,7.9611,7.9611,7.9611,7.9611,7.9611,7.9611,7.9611,7.9611,7.9611,7.9611,7.9611,7.9611,7.9611,7.9611,7.9611,7.9611,7.9611,7.9611,7.9611,7.9611,7.9611,7.9611,7.9611,7.9611,7.9611,7.9611,7.9611,7.9611,7.9611,7.9611,7.9611,7.9611,7.9611,7.9611,7.9611,7.9611,7.9611,7.9611,7.9611,7.9611,7.9611,7.9611,7.9611,7.9611,7.9611,7.9611,7.9611,7.9611,7.9611,7.9611,7.9611,7.9611,7.9611,7.9611,7.9611,7.9611,7.9611,7.9611,7.9611,7.9611,7.9611
7.9536,7.9536,7.9536,7.9536,7.9536,7.9536,7.9536,7.9536,7.9536,7.9536,7.9536,7.9536,7.9536,7.9536,7.9536,7.9536,7.9536,7.9536,7.9536,7.9536,7.9536,7.9536,7.9536,7.9536,7.9536,7.9536,7.9536,7.9536,7.9536,7.9536,7.9536,7.9536,7.9536,7.9536,7.9536,7.9536,7.9536,7.9536,7.9536,7.9536,7.9536,7.9536,7.9536,7.9536,7.9536,7.9536,7.9536,7.9536,7.9540,7.9540,7.9540,7.9540,7.9540,7.9540,7.9540,7.9540,7.9540,7.9540,7.9540,7.9540,7.9540,7.9540,7.9540,7.9540,7.9540,7.9540,7.9540,7.9540,7.9540,7.9540,7.9540,7.9540,7.9540,7.9540,7.9540,7.9540,7.9540,7.9540,7.9540,7.9540,7.9540,7.9540,7.9540,7.9540,7.9540,7.9540,7.9540,7.9540,7.9540,7.9540,7.9540,7.9540,7.9540,7.9540,7.9540,7.9540,7.9540,7.9540,7.9540,7.9540,7.9540,7.9540,7.9540,7.9540,7.9540,7.9540,7.9540,7.9540,7.9540,7.9540,7.9540,7.9540,7.9540,7.9540,7.9540,7.9540,7.9540,7.9540,7.9540,7.9540,7.9540,7.9540,7.9540,7.9540,7.9540,7.9540,7.9540,7.9540,7.9540,7.9540,7.9540,7.9540,7.9540,7.9540,7.9540,7.9540,7.9540,7.9540,7.9540,7.9540,7.9540,7.9540,7.9540,7.9540,7.9540,7.9540,7.9540,7.9540,7.9540,7.9540,7.9540,7.9540,7.9540,7.9540,7.9540,7.9540,7.9540,7.9540,7.9540,7.9540,7.9540,7.9540,7.9540,7.9540,7.9540,7.9540,7.9540,7.9540,7.9540,7.9540,7.9540,7.9540,7.9540,7.9540,7.9540,7.9540,7.9540,7.9540,7.9540,7.9540,7.9540,7.9540,7.9540,7.9540,7.9540,7.9540,7.9540,7.9540,7.9540,7.9540,7.9540,7.9540,7.9540,7.9540,7.9540,7.9540,7.9540,7.9540,7.9540,7.9540,7.9540,7.9540,7.9540,7.9540,7.9540,7.9540,7.9540,7.9540,7.9540,7.9540,7.9540,7.9540,7.9540,7.9540,7.9540,7.9540,7.9540,7.9540,7.9540,7.9540,7.9540,7.9540,7.9540,7.9540,7.9540,7.9540,7.9540,7.9540,7.9540,7.9540,7.9540,7.9540,7.9540,7.9540,7.9540,7.9540,7.9540,7.9540,7.9540,7.9540,7.9540,7.9540,7.9540,7.9540,7.9540,7.9540,7.9540,7.9540,7.9540,7.9540,7.9540,7.9540,7.9540,7.9540,7.9540,7.9540,7.9540,7.9540,7.9540,7.9540,7.9540,7.9540,7.9540,7.9540,7.9540,7.9540,7.9540,7.9540,7.9540,7.9540,7.9540,7.9540,7.9540,7.9540,7.9540,7.9540,7.9540,7.9540,7.9540,7.9540,7.9540,7.9540,7.9540,7.9540,7.9540,7.9540,7.9540,7.9540,7.9540,7.9540,7.9540,7.9540,7.9540,7.9540,7.9540,7.9540,7.9540,7.9540,7.9540,7.9540,7.9540,7.9540,7.9540,7.9540,7.9540,7.9540,7.9540,7.9540,7.9540,7.9540,7.9540,7.9540,7.9540,7.9540,7.9540,7.9540,7.9540,7.9540,7.9540,7.9540,7.9540,7.9540,7.9540,7.9540,7.9540,7.9540,7.9540,7.9540,7.9540,7.9540,7.9540,7.9540,7.9540,7.9540,7.9540,7.9540,7.9540,7.9540,7.9540,7.9540,7.9540,7.9540,7.9540,7.9540,7.9540,7.9540,7.9540,7.9540,7.9540,7.9540,7.9540,7.9540,7.9540,7.9540,7.9540,7.9540,7.9540,7.9540,7.9540,7.9540,7.9540,7.9540,7.9540,7.9540,7.9540,7.9540,7.9540,7.9540,7.9540,7.9540,7.9540,7.9540,7.9540,7.9540,7.9540,7.9540,7.9540,7.9540,7.9540,7.9540,7.9540,7.9540,7.9540,7.9540,7.9540,7.9540,7.9540,7.9540,7.9540,7.9540,7.9540,7.9540,7.9540,7.9540,7.9540,7.9540,7.9540,7.9540,7.9540,7.9540,7.9540,7.9540,7.9540,7.9540,7.9540,7.9540,7.9540,7.9540,7.9540,7.9540,7.9540,7.9540,7.9540,7.9540,7.9540,7.9540,7.9540,7.9540,7.9540,7.9540,7.9540,7.9540,7.9540,7.9540,7.9540,7.9540,7.9540,7.9540,7.9540,7.9540,7.9540,7.9540,7.9540,7.9540,7.9540,7.9540,7.9540,7.9540,7.9540,7.9540,7.9540,7.9540,7.9540,7.9540,7.9540,7.9540,7.9540,7.9540,7.9540,7.9540,7.9540,7.9540,7.9540,7.9540,7.9540,7.9540,7.9540,7.9540,7.9540,7.9540,7.9540,7.9540,7.9540,7.9540,7.9540,7.9540,7.9540,7.9540,7.9540,7.9540,7.9540,7.9540,7.9540,7.9540,7.9540,7.9540,7.9540,7.9540,7.9540,7.9540,7.9540,7.9540,7.9540,7.9540,7.9540,7.9540,7.9540,7.9540,7.9540,7.9540,7.9540,7.9540,7.9540,7.9540,7.9540,7.9540,7.9540,7.9540,7.9540,7.9540,7.9540,7.9540,7.9540,7.9540,7.9540,7.9540,7.9540,7.9540,7.9540,7.9540,7.9540,7.9540,7.9540,7.9540,7.9540,7.9540,7.9540,7.9540,7.9540,7.9540,7.9540,7.9540,7.9540,7.9540,7.9540,7.9540,7.9540,7.9540,7.9540,7.9540,7.9540,7.9540,7.9540,7.9540,7.9540,7.9540,7.9540,7.9540,7.9540,7.9540,7.9540,7.9540,7.9540,7.9540,7.9540,7.9540,7.9540,7.9540,7.9540,7.9540,7.9540,7.9540,7.9540,7.9540,7.9540,7.9540,7.9540,7.9540,7.9540,7.9540,7.9540,7.9540,7.9540,7.9540,7.9540,7.9540,7.9540,7.9540,7.9540,7.9540,7.9540,7.9540,7.9540,7.9540,7.9540,7.9540,7.9540,7.9540,7.9540,7.9540,7.9540,7.9540,7.9540,7.9540,7.9540,7.9540,7.9540,7.9540,7.9540,7.9540,7.9540,7.9540,7.9540,7.9540,7.9540,7.9540,7.9540,7.9540,7.9540,7.9540,7.9540,7.9540,7.9540,7.9540,7.9540,7.9540,7.9540,7.9540,7.9540,7.9540,7.9540,7.9540,7.9540,7.9540,7.9540,7.9540,7.9540,7.9540,7.9540,7.9540,7.9540,7.9540,7.9540,7.9540,7.9540,7.9540,7.9540,7.9540,7.9540,7.9540,7.9540,7.9540,7.9540,7.9540,7.9540,7.9540,7.9540,7.9540,7.9540,7.9540,7.9540,7.9540,7.9540,7.9540,7.9540,7.9540,7.9540,7.9540,7.9540,7.9540,7.9540,7.9540,7.9540,7.9540,7.9540,7.9540,7.9540,7.9540,7.9540,7.9540,7.9540,7.9540,7.9540,7.9540,7.9540,7.9540,7.9540,7.9540,7.9540,7.9540,7.9540,7.9540,7.9540,7.9540,7.9540,7.9540,7.9540,7.9540,7.9540,7.9540,7.9540,7.9540,7.9540,7.9540,7.9540,7.9540,7.9540,7.9540,7.9540,7.9540,7.9540,7.9540,7.9540,7.9540,7.9540,7.9540,7.9540,7.9540,7.9540,7.9540,7.9540,7.9540,7.9540,7.9540,7.9540,7.9540,7.9540,7.9540,7.9540,7.9540,7.9540,7.9540,7.9540,7.9540,7.9540,7.9540,7.9540,7.9540,7.9540,7.9540,7.9540,7.9540,7.9540,7.9540,7.9540,7.9540,7.9540,7.9540,7.9540,7.9540,7.9540,7.9540,7.9540,7.9540,7.9540,7.9540,7.9540,7.9540,7.9540,7.9540,7.9540,7.9540,7.9540,7.9540,7.9540,7.9540,7.9540,7.9540,7.9540,7.9540,7.9540,7.9540,7.9540,7.9540,7.9540,7.9540,7.9540,7.9540,7.9540,7.9540,7.9540,7.9540,7.9540,7.9540,7.9540,7.9540,7.9540,7.9540,7.9540,7.9540,7.9540,7.9540,7.9540,7.9540,7.9540,7.9540,7.9540,7.9540,7.9540,7.9540,7.9540,7.9540,7.9540,7.9540,7.9540,7.9540,7.9540,7.9540,7.9540,7.9540,7.9540,7.9540,7.9540,7.9540,7.9540,7.9540,7.9540,7.9540,7.9540,7.9540,7.9540,7.9540,7.9540,7.9540,7.9540,7.9540,7.9540,7.9540,7.9540,7.9540,7.9540,7.9540,7.9540,7.9540,7.9540,7.9540,7.9540,7.9540,7.9540,7.9540,7.9540,7.9540,7.9540,7.9540,7.9540,7.9540,7.9540,7.9540,7.9540,7.9540,7.9540,7.9540,7.9540,7.9540,7.9540,7.9540,7.9540,7.9540,7.9540,7.9540,7.9540,7.9540,7.9540,7.9540,7.9540,7.9540,7.9540,7.9540,7.9540,7.9540,7.9540,7.9540,7.9540,7.9540,7.9540,7.9540,7.9540,7.9540,7.9540,7.9540,7.9540,7.9540,7.9540,7.9540,7.9540,7.9540,7.9540,7.9540,7.9540,7.9540,7.9540,7.9540,7.9540,7.9540,7.9540,7.9540,7.9540,7.9540,7.9540,7.9540,7.9540,7.9540,7.9540,7.9540,7.9540,7.9540,7.9540,7.9540,7.9540,7.9540,7.9540,7.9540,7.9540,7.9540,7.9540,7.9540,7.9540,7.9540,7.9540,7.9540,7.9540,7.9540,7.9540,7.9540,7.9540,7.9540,7.9540,7.9540,7.9540,7.9540,7.9540,7.9540,7.9540,7.9540,7.9540,7.9540,7.9540,7.9540,7.9540,7.9540,7.9540,7.9540,7.9540,7.9540,7.9540,7.9540,7.9540,7.9540,7.9540,7.9540,7.9540,7.9540,7.9540,7.9540,7.9540,7.9540,7.9540,7.9540,7.9540,7.9540,7.9540,7.9540,7.9540,7.9536,7.9536,7.9536,7.9536,7.9536,7.9536,7.9536,7.9536,7.9536,7.9536,7.9536,7.9536,7.9536,7.9536,7.9536,7.9536,7.9536
7.9464,7.9464,7.9464,7.9464,7.9464,7.9464,7.9464,7.9464,7.9464,7.9464,7.9464,7.9464,7.9464,7.9464,7.9464,7.9464,7.9464,7.9464,7.9464,7.9464,7.9464,7.9464,7.9464,7.9464,7.9464,7.9464,7.9464,7.9464,7.9464,7.9464,7.9464,7.9464,7.9464,7.9464,7.9464,7.9464,7.9464,7.9464,7.9464,7.9464,7.9464,7.9464,7.9464,7.9464,7.9464,7.9464,7.9464,7.9464,7.9464,7.9464,7.9464,7.9464,7.9464,7.9464,7.9464,7.9464,7.9464,7.9464,7.9464,7.9464,7.9464,7.9464,7.9464,7.9464,7.9464,7.9464,7.9464,7.9464,7.9464,7.9464,7.9464,7.9464,7.9464,7.9464,7.9464,7.9464,7.9464,7.9464,7.9464,7.9464,7.9464,7.9464,7.9464,7.9464,7.9464,7.9464,7.9464,7.9464,7.9464,7.9464,7.9464,7.9464,7.9464,7.9464,7.9464,7.9464,7.9464,7.9464,7.9464,7.9464,7.9464,7.9464,7.9464,7.9464,7.9464,7.9464,7.9464,7.9464,7.9464,7.9464,7.9464,7.9464,7.9464,7.9464,7.9464,7.9464,7.9464,7.9464,7.9464,7.9464,7.9464,7.9464,7.9464,7.9464,7.9464,7.9464,7.9464,7.9464,7.9464,7.9464,7.9464,7.9464,7.9464,7.9464,7.9464,7.9464,7.9464,7.9464,7.9464,7.9464,7.9464,7.9464,7.9464,7.9464,7.9464,7.9464,7.9464,7.9464,7.9464,7.9464,7.9464,7.9464,7.9464,7.9464,7.9464,7.9464,7.9464,7.9464,7.9464,7.9464,7.9464,7.9464,7.9464,7.9464,7.9464,7.9464,7.9464,7.9464,7.9464,7.9464,7.9464,7.9464,7.9464,7.9464,7.9464,7.9464,7.9464,7.9464,7.9464,7.9464,7.9464,7.9464,7.9464,7.9464,7.9464,7.9464,7.9464,7.9464,7.9464,7.9464,7.9464,7.9464,7.9464,7.9464,7.9464,7.9464,7.9464,7.9464,7.9464,7.9464,7.9464,7.9464,7.9464,7.9464,7.9464,7.9464,7.9464,7.9464,7.9464,7.9464,7.9464,7.9464,7.9464,7.9464,7.9464,7.9464,7.9464,7.9464,7.9464,7.9464,7.9464,7.9464,7.9464,7.9464,7.9464,7.9464,7.9464,7.9464,7.9464,7.9464,7.9464,7.9464,7.9464,7.9464,7.9464,7.9464,7.9464,7.9464,7.9464,7.9464,7.9464,7.9464,7.9464,7.9464,7.9464,7.9464,7.9464,7.9464,7.9464,7.9464,7.9464,7.9464,7.9464,7.9464,7.9464,7.9464,7.9464,7.9464,7.9464,7.9464,7.9464,7.9464,7.9464,7.9464,7.9464,7.9464,7.9464,7.9464,7.9464,7.9464,7.9464,7.9464,7.9464,7.9464,7.9464,7.9464,7.9464,7.9464,7.9464,7.9464,7.9464,7.9464,7.9464,7.9464,7.9464,7.9464,7.9464,7.9464,7.9464,7.9464,7.9464,7.9464,7.9464,7.9464,7.9464,7.9464,7.9464,7.9464,7.9464,7.9464,7.9464,7.9464,7.9464,7.9464,7.9464,7.9464,7.9464,7.9464,7.9464,7.9464,7.9464,7.9464,7.9464,7.9464,7.9464,7.9464,7.9464,7.9464,7.9464,7.9464,7.9464,7.9464,7.9464,7.9464,7.9464,7.9464,7.9464,7.9464,7.9464,7.9464,7.9464,7.9464,7.9464,7.9464,7.9464,7.9464,7.9464,7.9464,7.9464,7.9464,7.9464,7.9464,7.9464,7.9464,7.9464,7.9464,7.9464,7.9464,7.9464,7.9464,7.9464,7.9464,7.9464,7.9464,7.9464,7.9464,7.9464,7.9464,7.9464,7.9464,7.9464,7.9464,7.9464,7.9464,7.9464,7.9464,7.9464,7.9464,7.9464,7.9464,7.9464,7.9464,7.9464,7.9464,7.9464,7.9464,7.9464,7.9464,7.9464,7.9464,7.9464,7.9464,7.9464,7.9464,7.9464,7.9464,7.9464,7.9464,7.9464,7.9464,7.9464,7.9464,7.9464,7.9464,7.9464,7.9464,7.9464,7.9464,7.9464,7.9464,7.9464,7.9464,7.9464,7.9464,7.9464,7.9464,7.9464,7.9464,7.9464,7.9464,7.9464,7.9464,7.9464,7.9464,7.9464,7.9464,7.9464,7.9464,7.9464,7.9464,7.9464,7.9464,7.9464,7.9464,7.9464,7.9464,7.9464,7.9464,7.9464,7.9464,7.9464,7.9464,7.9464,7.9464,7.9464,7.9464,7.9464,7.9464,7.9464,7.9464,7.9464,7.9464,7.9464,7.9464,7.9464,7.9464,7.9464,7.9464,7.9464,7.9464,7.9464,7.9464,7.9464,7.9464,7.9464,7.9464,7.9464,7.9464,7.9464,7.9464,7.9464,7.9464,7.9464,7.9464,7.9464,7.9464,7.9464,7.9464,7.9464,7.9464,7.9464,7.9464,7.9464,7.9464,7.9464,7.9464,7.9464,7.9464,7.9464,7.9464,7.9464,7.9464,7.9464,7.9464,7.9464,7.9464,7.9464,7.9464,7.9464,7.9464,7.9464,7.9464,7.9464,7.9464,7.9464,7.9464,7.9464,7.9464,7.9464,7.9464,7.9464,7.9464,7.9464,7.9464,7.9464,7.9464,7.9464,7.9464,7.9464,7.9464,7.9464,7.9464,7.9464,7.9464,7.9464,7.9464,7.9464,7.9464,7.9464,7.9464,7.9464,7.9464,7.9464,7.9464,7.9464,7.9464,7.9464,7.9464,7.9464,7.9464,7.9464,7.9464,7.9464,7.9464,7.9464,7.9464,7.9464,7.9464,7.9464,7.9464,7.9464,7.9464,7.9464,7.9464,7.9464,7.9464,7.9464,7.9464,7.9464,7.9464,7.9464,7.9464,7.9464,7.9464,7.9464,7.9464,7.9464,7.9464,7.9464,7.9464,7.9464,7.9464,7.9464,7.9464,7.9464,7.9464,7.9464,7.9464,7.9464,7.9464,7.9464,7.9464,7.9464,7.9464,7.9464,7.9464,7.9464,7.9464,7.9464,7.9464,7.9464,7.9464,7.9464,7.9464,7.9464,7.9464,7.9464,7.9464,7.9464,7.9464,7.9464,7.9464,7.9464,7.9464,7.9464,7.9464,7.9464,7.9464,7.9464,7.9464,7.9464,7.9464,7.9464,7.9464,7.9464,7.9464,7.9464,7.9464,7.9464,7.9464,7.9464,7.9464,7.9464,7.9464,7.9464,7.9464,7.9464,7.9464,7.9464,7.9464,7.9464,7.9464,7.9464,7.9464,7.9464,7.9464,7.9464,7.9464,7.9464,7.9464,7.9464,7.9464,7.9464,7.9464,7.9464,7.9464,7.9464,7.9464,7.9464,7.9464,7.9464,7.9464,7.9464,7.9464,7.9464,7.9464,7.9464,7.9464,7.9464,7.9464,7.9464,7.9464,7.9464,7.9464,7.9464,7.9464,7.9464,7.9464,7.9464,7.9464,7.9464,7.9464,7.9464,7.9464,7.9464,7.9464,7.9464,7.9464,7.9464,7.9464,7.9464,7.9464,7.9464,7.9464,7.9464,7.9464,7.9464,7.9464,7.9464,7.9464,7.9464,7.9464,7.9464,7.9464,7.9464,7.9464,7.9464,7.9464,7.9464,7.9464,7.9464,7.9464,7.9464,7.9464,7.9464,7.9464,7.9464,7.9464,7.9464,7.9464,7.9464,7.9464,7.9464,7.9464,7.9464,7.9464,7.9464,7.9464,7.9464,7.9464,7.9464,7.9464,7.9464,7.9464,7.9464,7.9464,7.9464,7.9464,7.9464,7.9464,7.9464,7.9464,7.9464,7.9464,7.9464,7.9464,7.9464,7.9464,7.9464,7.9464,7.9464,7.9464,7.9464,7.9464,7.9464,7.9464,7.9464,7.9464,7.9464,7.9464,7.9464,7.9464,7.9464,7.9464,7.9464,7.9464,7.9464,7.9464,7.9464,7.9464,7.9464,7.9464,7.9464,7.9464,7.9464,7.9464,7.9464,7.9464,7.9464,7.9464,7.9464,7.9464,7.9464,7.9464,7.9464,7.9464,7.9464,7.9464,7.9464,7.9464,7.9464,7.9464,7.9464,7.9464,7.9464,7.9464,7.9464,7.9464,7.9464,7.9464,7.9464,7.9464,7.9464,7.9464,7.9464,7.9464,7.9464,7.9464,7.9464,7.9464,7.9464,7.9464,7.9464,7.9464,7.9464,7.9464,7.9464,7.9464,7.9464,7.9464,7.9464,7.9464,7.9464,7.9464,7.9464,7.9464,7.9464,7.9464,7.9464,7.9464,7.9464,7.9464,7.9464,7.9464,7.9464,7.9464,7.9464,7.9464,7.9464,7.9464,7.9464,7.9464,7.9464,7.9464,7.9464,7.9464,7.9464,7.9464,7.9464,7.9464,7.9464,7.9464,7.9464,7.9464,7.9464,7.9464,7.9464,7.9464,7.9464,7.9464,7.9464,7.9464,7.9464,7.9464,7.9464,7.9464,7.9464,7.9464,7.9464,7.9464,7.9464,7.9464,7.9464,7.9464,7.9464,7.9464,7.9464,7.9464,7.9464,7.9464,7.9464,7.9464,7.9464,7.9464,7.9464,7.9464,7.9464,7.9464,7.9464,7.9464,7.9464,7.9464,7.9464,7.9464,7.9464,7.9464,7.9464,7.9464,7.9464,7.9464,7.9464,7.9464,7.9464,7.9464,7.9464,7.9464,7.9464,7.9464,7.9464,7.9464,7.9464,7.9464,7.9464,7.9464,7.9464,7.9464,7.9464,7.9464,7.9464,7.9464,7.9464,7.9464,7.9464,7.9464,7.9464,7.9464,7.9464,7.9464,7.9464,7.9464,7.9464,7.9464,7.9464,7.9464,7.9464,7.9464,7.9464,7.9464,7.9464,7.9464,7.9464,7.9464,7.9464,7.9464,7.9464,7.9464,7.9464,7.9464,7.9464,7.9464,7.9464,7.9464,7.9464,7.9464,7.9464,7.9464,7.9464,7.9464,7.9464,7.9464,7.9464,7.9464,7.9464,7.9464,7.9464,7.9464,7.9464,7.9464,7.9464,7.9464,7.9464,7.9464,7.9464,7.9464,7.9464,7.9464,7.9464,7.9464,7.9464,7.9464
7.9401,7.9401,7.9401,7.9401,7.9401,7.9401,7.9401,7.9401,7.9401,7.9401,7.9401,7.9401,7.9401,7.9401,7.9401,7.9401,7.9401,7.9401,7.9401,7.9401,7.9401,7.9401,7.9401,7.9401,7.9401,7.9401,7.9401,7.9401,7.9401,7.9401,7.9401,7.9401,7.9401,7.9401,7.9401,7.9401,7.9401,7.9401,7.9401,7.9401,7.9401,7.9401,7.9401,7.9401,7.9401,7.9401,7.9401,7.9401,7.9401,7.9401,7.9401,7.9401,7.9401,7.9401,7.9401,7.9401,7.9401,7.9401,7.9401,7.9401,7.9401,7.9401,7.9401,7.9401,7.9401,7.9401,7.9401,7.9401,7.9401,7.9401,7.9401,7.9401,7.9401,7.9401,7.9401,7.9401,7.9401,7.9401,7.9401,7.9401,7.9401,7.9401,7.9401,7.9401,7.9401,7.9401,7.9401,7.9401,7.9401,7.9401,7.9401,7.9401,7.9401,7.9401,7.9401,7.9401,7.9401,7.9401,7.9401,7.9401,7.9401,7.9401,7.9401,7.9401,7.9401,7.9401,7.9401,7.9401,7.9401,7.9401,7.9401,7.9401,7.9401,7.9401,7.9401,7.9401,7.9401,7.9401,7.9401,7.9401,7.9401,7.9401,7.9401,7.9401,7.9401,7.9401,7.9401,7.9401,7.9401,7.9401,7.9401,7.9401,7.9401,7.9401,7.9401,7.9401,7.9401,7.9401,7.9401,7.9401,7.9401,7.9401,7.9401,7.9401,7.9401,7.9401,7.9401,7.9401,7.9401,7.9401,7.9401,7.9401,7.9401,7.9401,7.9401,7.9401,7.9401,7.9401,7.9401,7.9401,7.9401,7.9401,7.9401,7.9401,7.9401,7.9401,7.9401,7.9401,7.9401,7.9401,7.9401,7.9401,7.9401,7.9401,7.9401,7.9401,7.9401,7.9401,7.9401,7.9401,7.9401,7.9401,7.9401,7.9401,7.9401,7.9401,7.9401,7.9401,7.9401,7.9401,7.9401,7.9401,7.9401,7.9401,7.9401,7.9401,7.9401,7.9401,7.9401,7.9401,7.9401,7.9401,7.9401,7.9401,7.9401,7.9401,7.9401,7.9401,7.9401,7.9401,7.9401,7.9401,7.9401,7.9401,7.9401,7.9401,7.9401,7.9401,7.9401,7.9401,7.9401,7.9401,7.9401,7.9401,7.9401,7.9401,7.9401,7.9401,7.9401,7.9401,7.9401,7.9401,7.9401,7.9401,7.9401,7.9401,7.9401,7.9401,7.9401,7.9401,7.9401,7.9401,7.9401,7.9401,7.9401,7.9401,7.9401,7.9401,7.9401,7.9401,7.9401,7.9401,7.9401,7.9401,7.9401,7.9401,7.9401,7.9401,7.9401,7.9401,7.9401,7.9401,7.9401,7.9401,7.9401,7.9401,7.9401,7.9401,7.9401,7.9401,7.9401,7.9401,7.9401,7.9401,7.9401,7.9401,7.9401,7.9401,7.9401,7.9401,7.9401,7.9401,7.9401,7.9401,7.9401,7.9401,7.9401,7.9401,7.9401,7.9401,7.9401,7.9401,7.9401,7.9401,7.9401,7.9401,7.9401,7.9401,7.9401,7.9401,7.9401,7.9401,7.9401,7.9401,7.9401,7.9401,7.9401,7.9401,7.9401,7.9401,7.9401,7.9401,7.9401,7.9401,7.9401,7.9401,7.9401,7.9401,7.9401,7.9401,7.9401,7.9401,7.9401,7.9401,7.9401,7.9401,7.9401,7.9401,7.9401,7.9401,7.9401,7.9401,7.9401,7.9401,7.9401,7.9401,7.9401,7.9401,7.9401,7.9401,7.9401,7.9401,7.9401,7.9401,7.9401,7.9401,7.9401,7.9401,7.9401,7.9401,7.9401,7.9401,7.9401,7.9401,7.9401,7.9401,7.9401,7.9401,7.9401,7.9401,7.9401,7.9401,7.9401,7.9401,7.9401,7.9401,7.9401,7.9401,7.9401,7.9401,7.9401,7.9401,7.9401,7.9401,7.9401,7.9401,7.9401,7.9401,7.9401,7.9401,7.9401,7.9401,7.9401,7.9401,7.9401,7.9401,7.9401,7.9401,7.9401,7.9401,7.9401,7.9401,7.9401,7.9401,7.9401,7.9401,7.9401,7.9401,7.9401,7.9401,7.9401,7.9401,7.9401,7.9401,7.9401,7.9401,7.9401,7.9401,7.9401,7.9401,7.9401,7.9401,7.9401,7.9401,7.9401,7.9401,7.9401,7.9401,7.9401,7.9401,7.9401,7.9401,7.9401,7.9401,7.9401,7.9401,7.9401,7.9401,7.9401,7.9401,7.9401,7.9401,7.9401,7.9401,7.9401,7.9401,7.9401,7.9401,7.9401,7.9401,7.9401,7.9401,7.9401,7.9401,7.9401,7.9401,7.9401,7.9401,7.9401,7.9401,7.9401,7.9401,7.9401,7.9401,7.9401,7.9401,7.9401,7.9401,7.9401,7.9401,7.9401,7.9401,7.9401,7.9401,7.9401,7.9401,7.9401,7.9401,7.9401,7.9401,7.9401,7.9401,7.9401,7.9401,7.9401,7.9401,7.9401,7.9401,7.9401,7.9401,7.9401,7.9401,7.9401,7.9401,7.9401,7.9401,7.9401,7.9401,7.9401,7.9401,7.9401,7.9401,7.9401,7.9401,7.9401,7.9401,7.9401,7.9401,7.9401,7.9401,7.9401,7.9401,7.9401,7.9401,7.9401,7.9401,7.9401,7.9401,7.9401,7.9401,7.9401,7.9401,7.9401,7.9401,7.9401,7.9401,7.9401,7.9401,7.9401,7.9401,7.9401,7.9401,7.9401,7.9401,7.9401,7.9401,7.9401,7.9401,7.9401,7.9401,7.9401,7.9401,7.9401,7.9401,7.9401,7.9401,7.9401,7.9401,7.9401,7.9401,7.9401,7.9401,7.9401,7.9401,7.9401,7.9401,7.9401,7.9401,7.9401,7.9401,7.9401,7.9401,7.9401,7.9401,7.9401,7.9401,7.9401,7.9401,7.9401,7.9401,7.9401,7.9401,7.9401,7.9401,7.9401,7.9401,7.9401,7.9401,7.9401,7.9401,7.9401,7.9401,7.9401,7.9401,7.9401,7.9401,7.9401,7.9401,7.9401,7.9401,7.9401,7.9401,7.9401,7.9401,7.9401,7.9401,7.9401,7.9401,7.9401,7.9401,7.9401,7.9401,7.9401,7.9401,7.9401,7.9401,7.9401,7.9401,7.9401,7.9401,7.9401,7.9401,7.9401,7.9401,7.9401,7.9401,7.9401,7.9401,7.9401,7.9401,7.9401,7.9401,7.9401,7.9401,7.9401,7.9401,7.9401,7.9401,7.9401,7.9401,7.9401,7.9401,7.9401,7.9401,7.9401,7.9401,7.9401,7.9401,7.9401,7.9401,7.9401,7.9401,7.9401,7.9401,7.9401,7.9401,7.9401,7.9401,7.9401,7.9401,7.9401,7.9401,7.9401,7.9401,7.9401,7.9401,7.9401,7.9401,7.9401,7.9401,7.9401,7.9401,7.9401,7.9401,7.9401,7.9401,7.9401,7.9401,7.9401,7.9401,7.9401,7.9401,7.9401,7.9401,7.9401,7.9401,7.9401,7.9401,7.9401,7.9401,7.9401,7.9401,7.9401,7.9401,7.9401,7.9401,7.9401,7.9401,7.9401,7.9401,7.9401,7.9401,7.9401,7.9401,7.9401,7.9401,7.9401,7.9401,7.9401,7.9401,7.9401,7.9401,7.9401,7.9401,7.9401,7.9401,7.9401,7.9401,7.9401,7.9401,7.9401,7.9401,7.9401,7.9401,7.9401,7.9401,7.9401,7.9401,7.9401,7.9401,7.9401,7.9401,7.9401,7.9401,7.9401,7.9401,7.9401,7.9401,7.9401,7.9401,7.9401,7.9401,7.9401,7.9401,7.9401,7.9401,7.9401,7.9401,7.9401,7.9401,7.9401,7.9401,7.9401,7.9401,7.9401,7.9401,7.9401,7.9401,7.9401,7.9401,7.9401,7.9401,7.9401,7.9401,7.9401,7.9401,7.9401,7.9401,7.9401,7.9401,7.9401,7.9401,7.9401,7.9401,7.9401,7.9401,7.9401,7.9401,7.9401,7.9401,7.9401,7.9401,7.9401,7.9401,7.9401,7.9401,7.9401,7.9401,7.9401,7.9401,7.9401,7.9401,7.9401,7.9401,7.9401,7.9401,7.9401,7.9401,7.9401,7.9401,7.9401,7.9401,7.9401,7.9401,7.9401,7.9401,7.9401,7.9401,7.9401,7.9401,7.9401,7.9401,7.9401,7.9401,7.9401,7.9401,7.9401,7.9401,7.9401,7.9401,7.9401,7.9401,7.9401,7.9401,7.9401,7.9401,7.9401,7.9401,7.9401,7.9401,7.9401,7.9401,7.9401,7.9401,7.9401,7.9401,7.9401,7.9401,7.9401,7.9401,7.9401,7.9401,7.9401,7.9401,7.9401,7.9401,7.9401,7.9401,7.9401,7.9401,7.9401,7.9401,7.9401,7.9401,7.9401,7.9401,7.9401,7.9401,7.9401,7.9401,7.9401,7.9401,7.9401,7.9401,7.9401,7.9401,7.9401,7.9401,7.9401,7.9401,7.9401,7.9401,7.9401,7.9401,7.9401,7.9401,7.9401,7.9401,7.9401,7.9401,7.9401,7.9401,7.9401,7.9401,7.9401,7.9401,7.9401,7.9401,7.9401,7.9401,7.9401,7.9401,7.9401,7.9401,7.9401,7.9401,7.9401,7.9401,7.9401,7.9401,7.9401,7.9401,7.9401,7.9401,7.9401,7.9401,7.9401,7.9401,7.9401,7.9401,7.9401,7.9401,7.9401,7.9401,7.9401,7.9401,7.9401,7.9401,7.9401,7.9401,7.9401,7.9401,7.9401,7.9401,7.9401,7.9401,7.9401,7.9401,7.9401,7.9401,7.9401,7.9401,7.9401,7.9401,7.9401,7.9401,7.9401,7.9401,7.9401,7.9401,7.9401,7.9401,7.9401,7.9401,7.9401,7.9401,7.9401,7.9401,7.9401,7.9401,7.9401,7.9401,7.9401,7.9401,7.9401,7.9401,7.9401,7.9401,7.9401,7.9401,7.9401,7.9401,7.9401,7.9401,7.9401,7.9401,7.9401,7.9401,7.9401,7.9401,7.9401,7.9401,7.9401,7.9401,7.9401,7.9401,7.9401,7.9401,7.9401,7.9401
7.9322,7.9322,7.9322,7.9322,7.9322,7.9322,7.9322,7.9322,7.9322,7.9322,7.9322,7.9322,7.9322,7.9322,7.9322,7.9322,7.9322,7.9322,7.9322,7.9322,7.9322,7.9322,7.9322,7.9322,7.9322,7.9322,7.9322,7.9322,7.9322,7.9322,7.9322,7.9322,7.9322,7.9322,7.9322,7.9322,7.9322,7.9322,7.9322,7.9322,7.9322,7.9322,7.9322,7.9322,7.9322,7.9322,7.9322,7.9322,7.9322,7.9322,7.9322,7.9322,7.9322,7.9322,7.9322,7.9322,7.9322,7.9322,7.9322,7.9322,7.9322,7.9322,7.9322,7.9322,7.9322,7.9322,7.9322,7.9322,7.9322,7.9322,7.9322,7.9322,7.9322,7.9322,7.9322,7.9322,7.9322,7.9322,7.9322,7.9322,7.9322,7.9322,7.9322,7.9322,7.9322,7.9322,7.9322,7.9322,7.9322,7.9322,7.9322,7.9322,7.9322,7.9322,7.9322,7.9322,7.9322,7.9322,7.9322,7.9322,7.9322,7.9322,7.9322,7.9322,7.9322,7.9322,7.9322,7.9322,7.9322,7.9322,7.9322,7.9322,7.9322,7.9322,7.9322,7.9322,7.9322,7.9322,7.9322,7.9322,7.9322,7.9322,7.9322,7.9322,7.9322,7.9322,7.9322,7.9322,7.9322,7.9322,7.9322,7.9322,7.9322,7.9322,7.9322,7.9322,7.9322,7.9322,7.9322,7.9322,7.9322,7.9322,7.9322,7.9322,7.9322,7.9322,7.9322,7.9322,7.9322,7.9322,7.9322,7.9322,7.9322,7.9322,7.9322,7.9322,7.9322,7.9322,7.9322,7.9322,7.9322,7.9322,7.9322,7.9322,7.9322,7.9322,7.9322,7.9322,7.9322,7.9322,7.9322,7.9322,7.9322,7.9322,7.9322,7.9322,7.9322,7.9322,7.9322,7.9322,7.9322,7.9322,7.9322,7.9322,7.9322,7.9322,7.9322,7.9322,7.9322,7.9322,7.9322,7.9322,7.9322,7.9322,7.9322,7.9322,7.9322,7.9322,7.9322,7.9322,7.9322,7.9322,7.9322,7.9322,7.9322,7.9322,7.9322,7.9322,7.9322,7.9322,7.9322,7.9322,7.9322,7.9322,7.9322,7.9322,7.9322,7.9322,7.9322,7.9322,7.9322,7.9322,7.9322,7.9322,7.9322,7.9322,7.9322,7.9322,7.9322,7.9322,7.9322,7.9322,7.9322,7.9322,7.9322,7.9322,7.9322,7.9322,7.9322,7.9322,7.9322,7.9322,7.9322,7.9322,7.9322,7.9322,7.9322,7.9322,7.9322,7.9322,7.9322,7.9322,7.9322,7.9322,7.9322,7.9322,7.9322,7.9322,7.9322,7.9322,7.9322,7.9322,7.9322,7.9322,7.9322,7.9322,7.9322,7.9322,7.9322,7.9322,7.9322,7.9322,7.9322,7.9322,7.9322,7.9322,7.9322,7.9322,7.9322,7.9322,7.9322,7.9322,7.9322,7.9322,7.9322,7.9322,7.9322,7.9322,7.9322,7.9322,7.9322,7.9322,7.9322,7.9322,7.9322,7.9322,7.9322,7.9322,7.9322,7.9322,7.9322,7.9322,7.9322,7.9322,7.9322,7.9322,7.9322,7.9322,7.9322,7.9322,7.9322,7.9322,7.9322,7.9322,7.9322,7.9322,7.9322,7.9322,7.9322,7.9322,7.9322,7.9322,7.9322,7.9322,7.9322,7.9322,7.9322,7.9322,7.9322,7.9322,7.9322,7.9322,7.9322,7.9322,7.9322,7.9322,7.9322,7.9322,7.9322,7.9322,7.9322,7.9322,7.9322,7.9322,7.9322,7.9322,7.9322,7.9322,7.9322,7.9322,7.9322,7.9322,7.9322,7.9322,7.9322,7.9322,7.9322,7.9322,7.9322,7.9322,7.9322,7.9322,7.9322,7.9322,7.9322,7.9322,7.9322,7.9322,7.9322,7.9322,7.9322,7.9322,7.9322,7.9322,7.9322,7.9322,7.9322,7.9322,7.9322,7.9322,7.9322,7.9322,7.9322,7.9322,7.9322,7.9322,7.9322,7.9322,7.9322,7.9322,7.9322,7.9322,7.9322,7.9322,7.9329,7.9329,7.9329,7.9329,7.9329,7.9329,7.9329,7.9329,7.9329,7.9329,7.9329,7.9329,7.9329,7.9329,7.9329,7.9329,7.9329,7.9329,7.9329,7.9329,7.9329,7.9329,7.9329,7.9329,7.9329,7.9329,7.9329,7.9329,7.9329,7.9329,7.9329,7.9329,7.9329,7.9329,7.9329,7.9329,7.9329,7.9329,7.9329,7.9329,7.9329,7.9329,7.9329,7.9329,7.9329,7.9329,7.9329,7.9329,7.9329,7.9329,7.9329,7.9329,7.9329,7.9329,7.9329,7.9329,7.9329,7.9329,7.9329,7.9329,7.9329,7.9329,7.9329,7.9329,7.9329,7.9329,7.9329,7.9329,7.9329,7.9329,7.9329,7.9329,7.9329,7.9329,7.9329,7.9329,7.9329,7.9329,7.9329,7.9329,7.9329,7.9329,7.9329,7.9329,7.9329,7.9329,7.9329,7.9329,7.9329,7.9329,7.9329,7.9329,7.9329,7.9329,7.9329,7.9329,7.9329,7.9329,7.9329,7.9329,7.9329,7.9329,7.9329,7.9329,7.9329,7.9329,7.9329,7.9329,7.9329,7.9329,7.9329,7.9329,7.9329,7.9329,7.9329,7.9329,7.9329,7.9329,7.9329,7.9329,7.9329,7.9329,7.9329,7.9329,7.9329,7.9329,7.9329,7.9329,7.9329,7.9329,7.9329,7.9329,7.9329,7.9329,7.9329,7.9329,7.9329,7.9329,7.9329,7.9329,7.9329,7.9329,7.9329,7.9329,7.9329,7.9329,7.9329,7.9329,7.9329,7.9329,7.9329,7.9329,7.9329,7.9329,7.9329,7.9329,7.9329,7.9329,7.9329,7.9329,7.9329,7.9329,7.9329,7.9329,7.9329,7.9329,7.9329,7.9329,7.9329,7.9329,7.9329,7.9329,7.9329,7.9329,7.9329,7.9329,7.9329,7.9329,7.9329,7.9329,7.9329,7.9329,7.9329,7.9329,7.9329,7.9329,7.9329,7.9329,7.9329,7.9329,7.9329,7.9329,7.9329,7.9329,7.9329,7.9329,7.9329,7.9329,7.9329,7.9329,7.9329,7.9329,7.9329,7.9329,7.9329,7.9329,7.9329,7.9329,7.9329,7.9329,7.9329,7.9329,7.9329,7.9329,7.9329,7.9329,7.9329,7.9329,7.9329,7.9329,7.9329,7.9329,7.9329,7.9329,7.9329,7.9329,7.9329,7.9329,7.9329,7.9329,7.9329,7.9329,7.9329,7.9329,7.9329,7.9329,7.9329,7.9329,7.9329,7.9329,7.9329,7.9329,7.9329,7.9329,7.9329,7.9329,7.9329,7.9329,7.9329,7.9329,7.9329,7.9329,7.9329,7.9329,7.9329,7.9329,7.9329,7.9329,7.9329,7.9329,7.9329,7.9329,7.9329,7.9329,7.9329,7.9329,7.9329,7.9329,7.9329,7.9329,7.9329,7.9329,7.9329,7.9329,7.9329,7.9329,7.9329,7.9329,7.9329,7.9329,7.9329,7.9329,7.9329,7.9329,7.9329,7.9329,7.9329,7.9329,7.9329,7.9329,7.9329,7.9329,7.9329,7.9329,7.9329,7.9329,7.9329,7.9329,7.9329,7.9329,7.9329,7.9329,7.9329,7.9329,7.9329,7.9329,7.9329,7.9329,7.9329,7.9329,7.9329,7.9329,7.9329,7.9329,7.9329,7.9329,7.9329,7.9329,7.9329,7.9329,7.9329,7.9329,7.9329,7.9329,7.9329,7.9329,7.9329,7.9329,7.9329,7.9329,7.9329,7.9329,7.9329,7.9329,7.9329,7.9329,7.9329,7.9329,7.9329,7.9329,7.9329,7.9329,7.9329,7.9329,7.9329,7.9329,7.9329,7.9329,7.9329,7.9329,7.9329,7.9329,7.9329,7.9329,7.9329,7.9329,7.9329,7.9329,7.9329,7.9329,7.9329,7.9329,7.9329,7.9329,7.9329,7.9329,7.9329,7.9329,7.9329,7.9329,7.9329,7.9329,7.9329,7.9329,7.9329,7.9329,7.9329,7.9329,7.9329,7.9329,7.9329,7.9329,7.9329,7.9329,7.9329,7.9329,7.9329,7.9329,7.9329,7.9329,7.9329,7.9329,7.9329,7.9329,7.9329,7.9329,7.9329,7.9329,7.9329,7.9329,7.9329,7.9329,7.9329,7.9329,7.9329,7.9329,7.9329,7.9329,7.9329,7.9329,7.9329,7.9329,7.9329,7.9329,7.9329,7.9329,7.9329,7.9329,7.9329,7.9329,7.9329,7.9329,7.9329,7.9329,7.9329,7.9329,7.9329,7.9329,7.9329,7.9329,7.9329,7.9329,7.9329,7.9329,7.9329,7.9329,7.9329,7.9329,7.9329,7.9329,7.9329,7.9329,7.9329,7.9329,7.9329,7.9329,7.9329,7.9329,7.9329,7.9329,7.9329,7.9329,7.9329,7.9329,7.9329,7.9329,7.9329,7.9329,7.9329,7.9329,7.9329,7.9329,7.9329,7.9329,7.9329,7.9329,7.9329,7.9329,7.9329,7.9329,7.9329,7.9329,7.9329,7.9329,7.9329,7.9329,7.9329,7.9329,7.9329,7.9329,7.9329,7.9329,7.9329,7.9329,7.9329,7.9329,7.9329,7.9329,7.9329,7.9329,7.9329,7.9329,7.9329,7.9329,7.9329,7.9329,7.9329,7.9329,7.9329,7.9329,7.9329,7.9329,7.9329,7.9329,7.9329,7.9329,7.9329,7.9329,7.9329,7.9329,7.9329,7.9329,7.9329,7.9329,7.9329,7.9329,7.9329,7.9329,7.9329,7.9329,7.9329,7.9329,7.9329,7.9329,7.9329,7.9329,7.9329,7.9329,7.9329,7.9329,7.9329,7.9329,7.9329,7.9329,7.9329,7.9329,7.9329,7.9329,7.9329,7.9329,7.9329,7.9329,7.9329,7.9329,7.9329,7.9329,7.9329,7.9329,7.9329,7.9329,7.9329,7.9329,7.9329,7.9329,7.9329,7.9329,7.9329,7.9329,7.9329,7.9329,7.9329,7.9329,7.9329,7.9329,7.9329,7.9329
7.9254,7.9254,7.9254,7.9254,7.9254,7.9254,7.9254,7.9254,7.9254,7.9254,7.9254,7.9254,7.9254,7.9254,7.9254,7.9254,7.9254,7.9254,7.9254,7.9254,7.9254,7.9254,7.9254,7.9254,7.9254,7.9254,7.9254,7.9254,7.9254,7.9254,7.9254,7.9254,7.9254,7.9254,7.9254,7.9254,7.9254,7.9254,7.9254,7.9254,7.9254,7.9254,7.9254,7.9254,7.9254,7.9254,7.9254,7.9254,7.9254,7.9254,7.9254,7.9254,7.9254,7.9254,7.9254,7.9254,7.9254,7.9254,7.9254,7.9254,7.9254,7.9254,7.9254,7.9254,7.9254,7.9254,7.9254,7.9254,7.9254,7.9254,7.9254,7.9254,7.9254,7.9254,7.9254,7.9254,7.9254,7.9254,7.9254,7.9254,7.9254,7.9254,7.9254,7.9254,7.9254,7.9254,7.9254,7.9254,7.9254,7.9254,7.9254,7.9254,7.9254,7.9254,7.9254,7.9254,7.9254,7.9254,7.9254,7.9254,7.9254,7.9254,7.9254,7.9254,7.9254,7.9254,7.9254,7.9254,7.9254,7.9254,7.9254,7.9254,7.9254,7.9254,7.9254,7.9254,7.9254,7.9254,7.9254,7.9254,7.9254,7.9254,7.9254,7.9254,7.9254,7.9254,7.9254,7.9254,7.9254,7.9254,7.9254,7.9254,7.9254,7.9254,7.9254,7.9254,7.9254,7.9254,7.9254,7.9254,7.9254,7.9254,7.9254,7.9254,7.9254,7.9254,7.9254,7.9254,7.9254,7.9254,7.9254,7.9254,7.9254,7.9254,7.9254,7.9254,7.9254,7.9254,7.9254,7.9254,7.9254,7.9254,7.9254,7.9254,7.9254,7.9254,7.9254,7.9254,7.9254,7.9254,7.9254,7.9254,7.9254,7.9254,7.9254,7.9254,7.9254,7.9254,7.9254,7.9254,7.9254,7.9254,7.9254,7.9254,7.9254,7.9254,7.9254,7.9254,7.9254,7.9254,7.9254,7.9254,7.9254,7.9254,7.9254,7.9254,7.9254,7.9254,7.9254,7.9254,7.9254,7.9254,7.9254,7.9254,7.9254,7.9254,7.9254,7.9254,7.9254,7.9254,7.9254,7.9254,7.9254,7.9254,7.9254,7.9254,7.9254,7.9254,7.9254,7.9254,7.9254,7.9254,7.9254,7.9254,7.9254,7.9254,7.9254,7.9254,7.9254,7.9254,7.9254,7.9254,7.9254,7.9254,7.9254,7.9254,7.9254,7.9254,7.9254,7.9254,7.9254,7.9254,7.9254,7.9254,7.9254,7.9254,7.9254,7.9254,7.9254,7.9254,7.9254,7.9254,7.9254,7.9254,7.9254,7.9254,7.9254,7.9254,7.9254,7.9254,7.9254,7.9254,7.9254,7.9254,7.9254,7.9254,7.9254,7.9254,7.9254,7.9254,7.9254,7.9254,7.9254,7.9254,7.9254,7.9254,7.9254,7.9254,7.9254,7.9254,7.9254,7.9254,7.9254,7.9254,7.9254,7.9254,7.9254,7.9254,7.9254,7.9254,7.9254,7.9254,7.9254,7.9254,7.9254,7.9254,7.9254,7.9254,7.9254,7.9254,7.9254,7.9254,7.9254,7.9254,7.9254,7.9254,7.9254,7.9254,7.9254,7.9254,7.9254,7.9254,7.9254,7.9254,7.9254,7.9254,7.9254,7.9254,7.9254,7.9254,7.9254,7.9254,7.9254,7.9254,7.9254,7.9254,7.9254,7.9254,7.9254,7.9254,7.9254,7.9254,7.9254,7.9254,7.9254,7.9254,7.9254,7.9254,7.9254,7.9254,7.9254,7.9254,7.9254,7.9254,7.9254,7.9254,7.9254,7.9254,7.9254,7.9254,7.9254,7.9254,7.9254,7.9254,7.9254,7.9254,7.9254,7.9254,7.9254,7.9254,7.9254,7.9254,7.9254,7.9254,7.9254,7.9254,7.9254,7.9254,7.9254,7.9254,7.9254,7.9254,7.9254,7.9254,7.9254,7.9254,7.9254,7.9254,7.9254,7.9254,7.9254,7.9254,7.9254,7.9254,7.9254,7.9254,7.9254,7.9254,7.9254,7.9254,7.9254,7.9254,7.9254,7.9254,7.9254,7.9254,7.9254,7.9254,7.9254,7.9254,7.9254,7.9254,7.9254,7.9254,7.9254,7.9254,7.9254,7.9254,7.9254,7.9254,7.9254,7.9254,7.9254,7.9254,7.9254,7.9254,7.9254,7.9254,7.9254,7.9254,7.9254,7.9254,7.9254,7.9254,7.9254,7.9254,7.9254,7.9254,7.9254,7.9254,7.9254,7.9254,7.9254,7.9254,7.9254,7.9254,7.9254,7.9254,7.9254,7.9254,7.9254,7.9254,7.9254,7.9254,7.9254,7.9254,7.9254,7.9254,7.9254,7.9254,7.9254,7.9254,7.9254,7.9254,7.9254,7.9254,7.9254,7.9254,7.9254,7.9254,7.9254,7.9254,7.9254,7.9254,7.9254,7.9254,7.9254,7.9254,7.9254,7.9254,7.9254,7.9254,7.9254,7.9254,7.9254,7.9254,7.9254,7.9254,7.9254,7.9254,7.9254,7.9254,7.9254,7.9254,7.9254,7.9254,7.9254,7.9254,7.9254,7.9254,7.9254,7.9254,7.9254,7.9254,7.9254,7.9254,7.9254,7.9254,7.9254,7.9254,7.9254,7.9254,7.9254,7.9254,7.9254,7.9254,7.9254,7.9254,7.9254,7.9254,7.9254,7.9254,7.9254,7.9254,7.9254,7.9254,7.9254,7.9254,7.9254,7.9254,7.9254,7.9254,7.9254,7.9254,7.9254,7.9254,7.9254,7.9254,7.9254,7.9254,7.9254,7.9254,7.9254,7.9254,7.9254,7.9254,7.9254,7.9254,7.9254,7.9254,7.9254,7.9254,7.9254,7.9254,7.9254,7.9254,7.9254,7.9254,7.9254,7.9254,7.9254,7.9254,7.9254,7.9254,7.9254,7.9254,7.9254,7.9254,7.9254,7.9254,7.9254,7.9254,7.9254,7.9254,7.9254,7.9254,7.9254,7.9254,7.9254,7.9254,7.9254,7.9254,7.9254,7.9254,7.9254,7.9254,7.9254,7.9254,7.9254,7.9254,7.9254,7.9254,7.9254,7.9254,7.9254,7.9254,7.9254,7.9254,7.9254,7.9254,7.9254,7.9254,7.9254,7.9254,7.9254,7.9254,7.9254,7.9254,7.9254,7.9254,7.9254,7.9254,7.9254,7.9254,7.9254,7.9254,7.9254,7.9254,7.9254,7.9254,7.9254,7.9254,7.9254,7.9254,7.9254,7.9254,7.9254,7.9254,7.9254,7.9254,7.9254,7.9254,7.9254,7.9254,7.9254,7.9254,7.9254,7.9258,7.9258,7.9258,7.9258,7.9258,7.9258,7.9258,7.9258,7.9258,7.9258,7.9258,7.9258,7.9258,7.9258,7.9258,7.9258,7.9258,7.9258,7.9258,7.9258,7.9258,7.9258,7.9258,7.9258,7.9258,7.9258,7.9258,7.9258,7.9258,7.9258,7.9258,7.9258,7.9258,7.9258,7.9258,7.9258,7.9258,7.9258,7.9258,7.9258,7.9258,7.9258,7.9258,7.9258,7.9258,7.9258,7.9258,7.9258,7.9258,7.9258,7.9258,7.9258,7.9258,7.9258,7.9258,7.9258,7.9258,7.9258,7.9258,7.9258,7.9258,7.9258,7.9258,7.9258,7.9258,7.9258,7.9258,7.9258,7.9258,7.9258,7.9258,7.9258,7.9258,7.9258,7.9258,7.9258,7.9258,7.9258,7.9258,7.9258,7.9258,7.9258,7.9258,7.9258,7.9258,7.9258,7.9258,7.9258,7.9258,7.9258,7.9258,7.9258,7.9258,7.9258,7.9258,7.9258,7.9258,7.9258,7.9258,7.9258,7.9258,7.9258,7.9258,7.9258,7.9258,7.9258,7.9258,7.9258,7.9258,7.9258,7.9258,7.9258,7.9258,7.9258,7.9258,7.9258,7.9258,7.9258,7.9258,7.9258,7.9258,7.9258,7.9258,7.9258,7.9258,7.9258,7.9258,7.9258,7.9258,7.9258,7.9258,7.9258,7.9258,7.9258,7.9258,7.9258,7.9258,7.9258,7.9258,7.9258,7.9258,7.9258,7.9258,7.9258,7.9258,7.9258,7.9258,7.9258,7.9258,7.9258,7.9258,7.9258,7.9258,7.9258,7.9258,7.9258,7.9258,7.9258,7.9258,7.9258,7.9258,7.9258,7.9258,7.9258,7.9258,7.9258,7.9258,7.9258,7.9258,7.9258,7.9258,7.9258,7.9258,7.9258,7.9258,7.9258,7.9258,7.9258,7.9258,7.9258,7.9258,7.9258,7.9258,7.9258,7.9258,7.9258,7.9258,7.9258,7.9258,7.9258,7.9258,7.9258,7.9258,7.9258,7.9258,7.9258,7.9258,7.9258,7.9258,7.9258,7.9258,7.9258,7.9258,7.9258,7.9258,7.9258,7.9258,7.9258,7.9258,7.9258,7.9258,7.9258,7.9258,7.9258,7.9258,7.9258,7.9258,7.9258,7.9258,7.9258,7.9258,7.9258,7.9258,7.9258,7.9258,7.9258,7.9258,7.9258,7.9258,7.9258,7.9258,7.9258,7.9258,7.9258,7.9258,7.9258,7.9258,7.9258,7.9258,7.9258,7.9258,7.9258,7.9258,7.9258,7.9258,7.9258,7.9258,7.9258,7.9258,7.9258,7.9258,7.9258,7.9258,7.9258,7.9258,7.9258,7.9258,7.9258,7.9258,7.9258,7.9258,7.9258,7.9258,7.9258,7.9258,7.9258,7.9258,7.9258,7.9258,7.9258,7.9258,7.9258,7.9258,7.9258,7.9258,7.9258,7.9258,7.9258,7.9258,7.9258,7.9258,7.9258,7.9258,7.9258,7.9258,7.9258,7.9258,7.9258,7.9258,7.9258,7.9258,7.9258,7.9258,7.9258,7.9258,7.9258,7.9258,7.9258,7.9258,7.9258,7.9258,7.9258,7.9258,7.9258,7.9258,7.9258,7.9258,7.9258,7.9258,7.9258,7.9258,7.9258,7.9258,7.9258,7.9258,7.9258,7.9258,7.9258,7.9258,7.9258,7.9258,7.9258,7.9258,7.9258,7.9258,7.9258,7.9258,7.9258,7.9258,7.9258,7.9258,7.9258,7.9258
7.9183,7.9183,7.9183,7.9183,7.9183,7.9183,7.9183,7.9183,7.9183,7.9183,7.9183,7.9183,7.9183,7.9183,7.9183,7.9183,7.9183,7.9183,7.9183,7.9183,7.9183,7.9183,7.9183,7.9183,7.9183,7.9183,7.9183,7.9183,7.9183,7.9183,7.9183,7.9183,7.9183,7.9183,7.9183,7.9183,7.9183,7.9183,7.9183,7.9183,7.9183,7.9183,7.9183,7.9183,7.9183,7.9183,7.9183,7.9183,7.9183,7.9183,7.9183,7.9183,7.9183,7.9183,7.9183,7.9183,7.9183,7.9183,7.9183,7.9183,7.9183,7.9183,7.9183,7.9183,7.9187,7.9187,7.9187,7.9187,7.9187,7.9187,7.9187,7.9187,7.9187,7.9187,7.9187,7.9187,7.9187,7.9187,7.9187,7.9187,7.9187,7.9187,7.9187,7.9187,7.9187,7.9187,7.9187,7.9187,7.9187,7.9187,7.9187,7.9187,7.9187,7.9187,7.9187,7.9187,7.9187,7.9187,7.9187,7.9187,7.9187,7.9187,7.9187,7.9187,7.9187,7.9187,7.9187,7.9187,7.9187,7.9187,7.9187,7.9187,7.9187,7.9187,7.9187,7.9187,7.9187,7.9187,7.9187,7.9187,7.9187,7.9187,7.9187,7.9187,7.9187,7.9187,7.9187,7.9187,7.9187,7.9187,7.9187,7.9187,7.9187,7.9187,7.9187,7.9187,7.9187,7.9187,7.9187,7.9187,7.9187,7.9187,7.9187,7.9187,7.9187,7.9187,7.9187,7.9187,7.9187,7.9187,7.9187,7.9187,7.9187,7.9187,7.9187,7.9187,7.9187,7.9187,7.9187,7.9187,7.9187,7.9187,7.9187,7.9187,7.9187,7.9187,7.9187,7.9187,7.9187,7.9187,7.9187,7.9187,7.9187,7.9187,7.9187,7.9187,7.9187,7.9187,7.9187,7.9187,7.9187,7.9187,7.9187,7.9187,7.9187,7.9187,7.9187,7.9187,7.9187,7.9187,7.9187,7.9187,7.9187,7.9187,7.9187,7.9187,7.9187,7.9187,7.9187,7.9187,7.9187,7.9187,7.9187,7.9187,7.9187,7.9187,7.9187,7.9187,7.9187,7.9187,7.9187,7.9187,7.9187,7.9187,7.9187,7.9187,7.9187,7.9187,7.9187,7.9187,7.9187,7.9187,7.9187,7.9187,7.9187,7.9187,7.9187,7.9187,7.9187,7.9187,7.9187,7.9187,7.9187,7.9187,7.9187,7.9187,7.9187,7.9187,7.9187,7.9187,7.9187,7.9187,7.9187,7.9187,7.9187,7.9187,7.9187,7.9187,7.9187,7.9187,7.9187,7.9187,7.9187,7.9187,7.9187,7.9187,7.9187,7.9187,7.9187,7.9187,7.9187,7.9187,7.9187,7.9187,7.9187,7.9187,7.9187,7.9187,7.9187,7.9187,7.9187,7.9187,7.9187,7.9187,7.9187,7.9187,7.9187,7.9187,7.9187,7.9187,7.9187,7.9187,7.9187,7.9187,7.9187,7.9187,7.9187,7.9187,7.9187,7.9187,7.9187,7.9187,7.9187,7.9187,7.9187,7.9187,7.9187,7.9187,7.9187,7.9187,7.9187,7.9187,7.9187,7.9187,7.9187,7.9187,7.9187,7.9187,7.9187,7.9187,7.9187,7.9187,7.9187,7.9187,7.9187,7.9187,7.9187,7.9187,7.9187,7.9187,7.9187,7.9187,7.9187,7.9187,7.9187,7.9187,7.9187,7.9187,7.9187,7.9187,7.9187,7.9187,7.9187,7.9187,7.9187,7.9187,7.9187,7.9187,7.9187,7.9187,7.9187,7.9187,7.9187,7.9187,7.9187,7.9187,7.9187,7.9187,7.9187,7.9187,7.9187,7.9187,7.9187,7.9187,7.9187,7.9187,7.9187,7.9187,7.9187,7.9187,7.9187,7.9187,7.9187,7.9187,7.9187,7.9187,7.9187,7.9187,7.9187,7.9187,7.9187,7.9187,7.9187,7.9187,7.9187,7.9187,7.9187,7.9187,7.9187,7.9187,7.9187,7.9187,7.9187,7.9187,7.9187,7.9187,7.9187,7.9187,7.9187,7.9187,7.9187,7.9187,7.9187,7.9187,7.9187,7.9187,7.9187,7.9187,7.9187,7.9187,7.9187,7.9187,7.9187,7.9187,7.9187,7.9187,7.9187,7.9187,7.9187,7.9187,7.9187,7.9187,7.9187,7.9187,7.9187,7.9187,7.9187,7.9187,7.9187,7.9187,7.9187,7.9187,7.9187,7.9187,7.9187,7.9187,7.9187,7.9187,7.9187,7.9187,7.9187,7.9187,7.9187,7.9187,7.9187,7.9187,7.9187,7.9187,7.9187,7.9187,7.9187,7.9187,7.9187,7.9187,7.9187,7.9187,7.9187,7.9187,7.9187,7.9187,7.9187,7.9187,7.9187,7.9187,7.9187,7.9187,7.9187,7.9187,7.9187,7.9187,7.9187,7.9187,7.9187,7.9187,7.9187,7.9187,7.9187,7.9187,7.9187,7.9187,7.9187,7.9187,7.9187,7.9187,7.9187,7.9187,7.9187,7.9187,7.9187,7.9187,7.9187,7.9187,7.9187,6.2021,6.2009,6.2101,7.9187,7.9187,7.9187,7.9187,7.9187,7.9187,7.9187,7.9187,7.9187,7.9187,7.9187,7.9187,7.9187,7.9187,7.9187,7.9187,7.9187,7.9187,7.9187,7.9187,7.9187,7.9187,7.9187,7.9187,7.9187,7.9187,7.9187,7.9187,7.9187,7.9187,7.9187,7.9187,7.9187,7.9187,7.9187,7.9187,7.9187,7.9187,7.9187,7.9187,7.9187,7.9187,7.9187,7.9187,7.9187,7.9187,7.9187,7.9187,7.9187,7.9187,7.9187,7.9187,7.9187,7.9187,7.9187,7.9187,7.9187,7.9187,7.9187,7.9187,7.9187,7.9187,7.9187,7.9187,7.9187,7.9187,7.9187,7.9187,7.9187,7.9187,7.9187,7.9187,7.9187,7.9187,7.9187,7.9187,7.9187,7.9187,7.9187,7.9187,7.9187,7.9187,7.9187,7.9187,7.9187,7.9187,7.9187,7.9187,7.9187,7.9187,7.9187,7.9187,7.9187,7.9187,7.9187,7.9187,7.9187,7.9187,7.9187,7.9187,7.9187,7.9187,7.9187,7.9187,7.9187,7.9187,7.9187,7.9187,7.9187,7.9187,7.9187,7.9187,7.9187,7.9187,7.9187,7.9187,7.9187,7.9187,7.9187,7.9187,7.9187,7.9187,7.9187,7.9187,7.9187,7.9187,7.9187,7.9187,7.9187,7.9187,7.9187,7.9187,7.9187,7.9187,7.9187,7.9187,7.9187,7.9187,7.9187,7.9187,7.9187,7.9187,7.9187,7.9187,7.9187,7.9187,7.9187,7.9187,7.9187,7.9187,7.9187,7.9187,7.9187,7.9187,7.9187,7.9187,7.9187,7.9187,7.9187,7.9187,7.9187,7.9187,7.9187,7.9187,7.9187,7.9187,7.9187,7.9187,7.9187,7.9187,7.9187,7.9187,7.9187,7.9187,7.9187,7.9187,7.9187,7.9187,7.9187,7.9187,7.9187,7.9187,7.9187,7.9187,7.9187,7.9187,7.9187,7.9187,7.9187,7.9187,7.9187,7.9187,7.9187,7.9187,7.9187,7.9187,7.9187,7.9187,7.9187,7.9187,7.9187,7.9187,7.9187,7.9187,7.9187,7.9187,7.9187,7.9187,7.9187,7.9187,7.9187,7.9187,7.9187,7.9187,7.9187,7.9187,7.9187,7.9187,7.9187,7.9187,7.9187,7.9187,7.9187,7.9187,7.9187,7.9187,7.9187,7.9187,7.9187,7.9187,7.9187,7.9187,7.9187,7.9187,7.9187,7.9187,7.9187,7.9187,7.9187,7.9187,7.9187,7.9187,7.9187,7.9187,7.9187,7.9187,7.9187,7.9187,7.9187,7.9187,7.9187,7.9187,7.9187,7.9187,7.9187,7.9187,7.9187,7.9187,7.9187,7.9187,7.9187,7.9187,7.9187,7.9187,7.9187,7.9187,7.9187,7.9187,7.9187,7.9187,7.9187,7.9187,7.9187,7.9187,7.9187,7.9187,7.9187,7.9187,7.9187,7.9187,7.9187,7.9187,7.9187,7.9187,7.9187,7.9187,7.9187,7.9187,7.9187,7.9187,7.9187,7.9187,7.9187,7.9187,7.9187,7.9187,7.9187,7.9187,7.9187,7.9187,7.9187,7.9187,7.9187,7.9187,7.9187,7.9187,7.9187,7.9187,7.9187,7.9187,7.9187,7.9187,7.9187,7.9187,7.9187,7.9187,7.9187,7.9187,7.9187,7.9187,7.9187,7.9187,7.9187,7.9187,7.9187,7.9187,7.9187,7.9187,7.9187,7.9187,7.9187,7.9187,7.9187,7.9187,7.9187,7.9187,7.9187,7.9187,7.9187,7.9187,7.9187,7.9187,7.9187,7.9187,7.9187,7.9187,7.9187,7.9187,7.9187,7.9187,7.9187,7.9187,7.9187,7.9187,7.9187,7.9187,7.9187,7.9187,7.9187,7.9187,7.9187,7.9187,7.9187,7.9187,7.9187,7.9187,7.9187,7.9187,7.9187,7.9187,7.9187,7.9187,7.9187,7.9187,7.9187,7.9187,7.9187,7.9187,7.9187,7.9187,7.9187,7.9187,7.9187,7.9187,7.9187,7.9187,7.9187,7.9187,7.9187,7.9187,7.9187,7.9187,7.9187,7.9187,7.9187,7.9187,7.9187,7.9187,7.9187,7.9187,7.9187,7.9187,7.9187,7.9187,7.9187,7.9187,7.9187,7.9187,7.9187,7.9187,7.9187,7.9187,7.9187,7.9187,7.9187,7.9187,7.9187,7.9187,7.9187,7.9187,7.9187,7.9187,7.9187,7.9187,7.9187,7.9187,7.9187,7.9187,7.9187,7.9187,7.9187,7.9187,7.9187,7.9187,7.9187,7.9187,7.9187,7.9187,7.9187,7.9187,7.9187,7.9187,7.9187,7.9187,7.9187,7.9187,7.9187,7.9187,7.9187,7.9187,7.9187,7.9187,7.9187,7.9187,7.9187,7.9187,7.9187,7.9187,7.9187,7.9187,7.9187,7.9187,7.9187,7.9187,7.9187,7.9187,7.9187,7.9187,7.9187,7.9187,7.9187,7.9187,7.9187,7.9187
7.9120,7.9120,7.9120,7.9120,7.9120,7.9120,7.9120,7.9120,7.9120,7.9120,7.9120,7.9120,7.9120,7.9120,7.9120,7.9120,7.9120,7.9120,7.9120,7.9120,7.9120,7.9120,7.9120,7.9120,7.9120,7.9120,7.9120,7.9120,7.9120,7.9120,7.9120,7.9120,7.9120,7.9120,7.9120,7.9120,7.9120,7.9120,7.9120,7.9120,7.9120,7.9120,7.9120,7.9120,7.9120,7.9120,7.9120,7.9120,7.9120,7.9120,7.9120,7.9120,7.9120,7.9120,7.9120,7.9120,7.9120,7.9120,7.9120,7.9120,7.9120,7.9120,7.9120,7.9120,7.9120,7.9120,7.9120,7.9120,7.9120,7.9120,7.9120,7.9120,7.9120,7.9120,7.9120,7.9120,7.9120,7.9120,7.9120,7.9120,7.9120,7.9120,7.9120,7.9120,7.9120,7.9120,7.9120,7.9120,7.9120,7.9120,7.9120,7.9120,7.9120,7.9120,7.9120,7.9120,7.9120,7.9120,7.9120,7.9120,7.9120,7.9120,7.9120,7.9120,7.9120,7.9120,7.9120,7.9120,7.9120,7.9120,7.9120,7.9120,7.9120,7.9120,7.9120,7.9120,7.9120,7.9120,7.9120,7.9120,7.9120,7.9120,7.9120,7.9120,7.9120,7.9120,7.9120,7.9120,7.9120,7.9120,7.9120,7.9120,7.9120,7.9120,7.9120,7.9120,7.9120,7.9120,7.9120,7.9120,7.9120,7.9120,7.9120,7.9120,7.9120,7.9120,7.9120,7.9120,7.9120,7.9120,7.9120,7.9120,7.9120,7.9120,7.9120,7.9120,7.9120,7.9120,7.9120,7.9120,7.9120,7.9120,7.9120,7.9120,7.9120,7.9120,7.9120,7.9120,7.9120,7.9120,7.9120,7.9120,7.9120,7.9120,7.9120,7.9120,7.9120,7.9120,7.9120,7.9120,7.9120,7.9120,7.9120,7.9120,7.9120,7.9120,7.9120,7.9120,7.9120,7.9120,7.9120,7.9120,7.9120,7.9120,7.9120,7.9120,7.9120,7.9120,7.9120,7.9120,7.9120,7.9120,7.9120,7.9120,7.9120,7.9120,7.9120,7.9120,7.9120,7.9120,7.9120,7.9120,7.9120,7.9120,7.9120,7.9120,7.9120,7.9120,7.9120,7.9120,7.9120,7.9120,7.9120,7.9120,7.9120,7.9120,7.9120,7.9120,7.9120,7.9120,7.9120,7.9120,7.9120,7.9120,7.9120,7.9120,7.9120,7.9120,7.9120,7.9120,7.9120,7.9120,7.9120,7.9120,7.9120,7.9120,7.9120,7.9120,7.9120,7.9120,7.9120,7.9120,7.9120,7.9120,7.9120,7.9120,7.9120,7.9120,7.9120,7.9120,7.9120,7.9120,7.9120,7.9120,7.9120,7.9120,7.9120,7.9120,7.9120,7.9120,7.9120,7.9120,7.9120,7.9120,7.9120,7.9120,7.9120,7.9120,7.9120,7.9120,7.9120,7.9120,7.9120,7.9120,7.9120,7.9120,7.9120,7.9120,7.9120,7.9120,7.9120,7.9120,7.9120,7.9120,7.9120,7.9120,7.9120,7.9120,7.9120,7.9120,7.9120,7.9120,7.9120,7.9120,7.9120,7.9120,7.9120,7.9120,7.9120,7.9120,7.9120,7.9120,7.9120,7.9120,7.9120,7.9120,7.9120,7.9120,7.9120,7.9120,7.9120,7.9120,7.9120,7.9120,7.9120,7.9120,7.9120,7.9120,7.9120,7.9120,7.9120,7.9120,7.9120,7.9120,7.9120,7.9120,7.9120,7.9120,7.9120,7.9120,7.9120,7.9120,7.9120,7.9120,7.9120,7.9120,7.9120,7.9120,7.9120,7.9120,7.9120,7.9120,7.9120,7.9120,7.9120,7.9120,7.9120,7.9120,7.9120,7.9120,7.9120,7.9120,7.9120,7.9120,7.9120,7.9120,7.9120,7.9120,7.9120,7.9120,7.9120,7.9120,7.9120,7.9120,7.9120,7.9120,7.9120,7.9120,7.9120,7.9120,7.9120,7.9120,7.9120,7.9120,7.9120,7.9120,7.9120,7.9120,7.9120,7.9120,7.9120,7.9120,7.9120,7.9120,7.9120,7.9120,7.9120,7.9120,7.9120,7.9120,7.9120,7.9120,7.9120,7.9120,7.9120,7.9120,7.9120,7.9120,7.9120,7.9120,7.9120,7.9120,7.9120,7.9120,7.9120,7.9120,7.9120,7.9120,7.9120,7.9120,7.9120,7.9120,7.9120,7.9120,7.9120,7.9120,7.9120,7.9120,7.9120,7.9120,7.9120,7.9120,7.9120,7.9120,7.9120,7.9120,7.9120,7.9120,7.9120,7.9120,7.9120,7.9120,7.9120,7.9113,7.9113,7.9113,7.9113,7.9113,7.9113,7.9113,7.9113,7.9113,7.9113,7.9113,7.9113,7.9113,7.9113,7.9113,7.9113,7.9113,7.9113,7.9113,7.9113,7.9113,7.9113,7.9113,7.9113,7.9113,7.9113,7.9113,7.9113,7.9113,7.9113,7.9113,7.9113,7.9113,7.9113,7.9113,7.9113,6.2087,6.1909,6.1836,6.1822,6.1811,6.1797,6.1786,6.1774,6.1779,6.1868,6.1957,6.2046,6.2136,6.2228,7.9113,7.9113,7.9113,7.9113,7.9113,7.9113,7.9113,7.9113,7.9113,7.9113,7.9113,7.9113,7.9113,7.9113,7.9113,7.9113,7.9113,7.9113,7.9113,7.9113,7.9113,7.9113,7.9113,7.9113,7.9113,7.9113,7.9113,7.9113,7.9113,7.9113,7.9113,7.9113,7.9113,7.9113,7.9113,7.9113,7.9113,7.9113,7.9113,7.9113,7.9113,7.9113,7.9113,7.9113,7.9113,7.9113,7.9113,7.9113,7.9113,7.9113,7.9113,7.9113,7.9113,7.9113,7.9113,7.9113,7.9113,7.9113,7.9113,7.9113,7.9113,7.9113,7.9113,7.9113,7.9113,7.9113,7.9113,7.9113,7.9113,7.9113,7.9113,7.9113,7.9113,7.9113,7.9113,7.9113,7.9113,7.9113,7.9113,7.9113,7.9113,7.9113,7.9113,7.9113,7.9113,7.9113,7.9113,7.9113,7.9113,7.9113,7.9113,7.9113,7.9113,7.9113,7.9113,7.9113,7.9113,7.9113,7.9113,7.9113,7.9113,7.9113,7.9113,7.9113,7.9113,7.9113,7.9113,7.9113,7.9113,7.9113,7.9113,7.9113,7.9113,7.9113,7.9113,7.9113,7.9113,7.9113,7.9113,7.9113,7.9113,7.9113,7.9113,7.9113,7.9113,7.9113,7.9113,7.9113,7.9113,7.9113,7.9113,7.9113,7.9113,7.9113,7.9113,7.9113,7.9113,7.9113,7.9113,7.9113,7.9113,7.9113,7.9113,7.9113,7.9113,7.9113,7.9113,7.9113,7.9113,7.9113,7.9113,7.9113,7.9113,7.9113,7.9113,7.9113,7.9113,7.9113,7.9113,7.9113,7.9113,7.9113,7.9113,7.9113,7.9113,7.9113,7.9113,7.9113,7.9113,7.9113,7.9113,7.9113,7.9113,7.9113,7.9113,7.9113,7.9113,7.9113,7.9113,7.9113,7.9113,7.9113,7.9113,7.9113,7.9113,7.9113,7.9113,7.9113,7.9113,7.9113,7.9113,7.9113,7.9113,7.9113,7.9113,7.9113,7.9113,7.9113,7.9113,7.9113,7.9113,7.9113,7.9113,7.9113,7.9113,7.9113,7.9113,7.9113,7.9113,7.9113,7.9113,7.9113,7.9113,7.9113,7.9113,7.9113,7.9113,7.9113,7.9113,7.9113,7.9113,7.9113,7.9113,7.9113,7.9113,7.9113,7.9113,7.9113,7.9113,7.9113,7.9113,7.9113,7.9113,7.9113,7.9113,7.9113,7.9113,7.9113,7.9113,7.9113,7.9113,7.9113,7.9113,7.9113,7.9113,7.9113,7.9113,7.9113,7.9113,7.9113,7.9113,7.9113,7.9113,7.9113,7.9113,7.9113,7.9113,7.9113,7.9113,7.9113,7.9113,7.9113,7.9113,7.9113,7.9113,7.9113,7.9113,7.9113,7.9113,7.9113,7.9113,7.9113,7.9113,7.9113,7.9113,7.9113,7.9113,7.9113,7.9113,7.9113,7.9113,7.9113,7.9113,7.9113,7.9113,7.9113,7.9113,7.9113,7.9113,7.9113,7.9113,7.9113,7.9113,7.9113,7.9113,7.9113,7.9113,7.9113,7.9113,7.9113,7.9113,7.9113,7.9113,7.9113,7.9113,7.9113,7.9113,7.9113,7.9113,7.9113,7.9113,7.9113,7.9113,7.9113,7.9113,7.9113,7.9113,7.9113,7.9113,7.9113,7.9113,7.9113,7.9113,7.9113,7.9113,7.9113,7.9113,7.9113,7.9113,7.9113,7.9113,7.9113,7.9113,7.9113,7.9113,7.9113,7.9113,7.9113,7.9113,7.9113,7.9113,7.9113,7.9113,7.9113,7.9113,7.9113,7.9113,7.9113,7.9113,7.9113,7.9113,7.9113,7.9113,7.9113,7.9113,7.9113,7.9113,7.9113,7.9113,7.9113,7.9113,7.9113,7.9113,7.9113,7.9113,7.9113,7.9113,7.9113,7.9113,7.9113,7.9113,7.9113,7.9113,7.9113,7.9113,7.9113,7.9113,7.9113,7.9113,7.9113,7.9113,7.9113,7.9113,7.9113,7.9113,7.9113,7.9113,7.9113,7.9113,7.9113,7.9113,7.9113,7.9113,7.9113,7.9113,7.9113,7.9113,7.9113,7.9113,7.9113,7.9113,7.9113,7.9113,7.9113,7.9113,7.9113,7.9113,7.9113,7.9113,7.9113,7.9113,7.9113,7.9113,7.9113,7.9113,7.9113,7.9113,7.9113,7.9113,7.9113,7.9113,7.9113,7.9113,7.9113,7.9113,7.9113,7.9113,7.9113,7.9113,7.9113,7.9113,7.9113,7.9113,7.9113,7.9113,7.9113,7.9113,7.9113,7.9113,7.9113,7.9113,7.9113,7.9113,7.9113,7.9113,7.9113,7.9113,7.9113,7.9113,7.9113,7.9113,7.9113,7.9113,7.9113,7.9113,7.9113,7.9113,7.9113,7.9113,7.9113,7.9113,7.9113,7.9113,7.9113,7.9113,7.9113,7.9113
7.9042,7.9042,7.9042,7.9042,7.9042,7.9042,7.9042,7.9042,7.9042,7.9042,7.9042,7.9042,7.9042,7.9042,7.9042,7.9042,7.9042,7.9042,7.9042,7.9042,7.9042,7.9042,7.9042,7.9042,7.9042,7.9042,7.9042,7.9042,7.9042,7.9042,7.9042,7.9042,7.9042,7.9042,7.9042,7.9042,7.9042,7.9042,7.9042,7.9042,7.9042,7.9042,7.9042,7.9042,7.9042,7.9042,7.9042,7.9042,7.9042,7.9042,7.9042,7.9042,7.9042,7.9042,7.9042,7.9042,7.9042,7.9042,7.9042,7.9042,7.9042,7.9042,7.9042,7.9042,7.9042,7.9042,7.9042,7.9042,7.9042,7.9042,7.9042,7.9042,7.9042,7.9042,7.9042,7.9042,7.9042,7.9042,7.9042,7.9042,7.9042,7.9042,7.9042,7.9042,7.9042,7.9042,7.9042,7.9042,7.9042,7.9042,7.9042,7.9042,7.9042,7.9042,7.9042,7.9042,7.9042,7.9042,7.9042,7.9042,7.9042,7.9042,7.9042,7.9042,7.9042,7.9042,7.9042,7.9042,7.9042,7.9042,7.9042,7.9042,7.9042,7.9042,7.9042,7.9042,7.9042,7.9042,7.9042,7.9042,7.9042,7.9042,7.9042,7.9042,7.9042,7.9042,7.9042,7.9042,7.9042,7.9042,7.9042,7.9042,7.9042,7.9042,7.9042,7.9042,7.9042,7.9042,7.9042,7.9042,7.9042,7.9042,7.9042,7.9042,7.9042,7.9042,7.9042,7.9042,7.9042,7.9042,7.9042,7.9042,7.9042,7.9042,7.9042,7.9042,7.9042,7.9042,7.9042,7.9042,7.9042,7.9042,7.9042,7.9042,7.9042,7.9042,7.9042,7.9042,7.9042,7.9042,7.9042,7.9042,7.9042,7.9042,7.9042,7.9042,7.9042,7.9042,7.9042,7.9042,7.9042,7.9042,7.9042,7.9042,7.9042,7.9042,7.9042,7.9042,7.9042,7.9042,7.9042,7.9042,7.9042,7.9042,7.9042,7.9042,7.9042,7.9042,7.9042,7.9042,7.9042,7.9042,7.9042,7.9042,7.9042,7.9042,7.9042,7.9042,7.9042,7.9042,7.9042,7.9042,7.9042,7.9042,7.9042,7.9042,7.9042,7.9042,7.9042,7.9042,7.9042,7.9042,7.9042,7.9042,7.9042,7.9042,7.9042,7.9042,7.9042,7.9042,7.9042,7.9042,7.9042,7.9042,7.9042,7.9042,7.9042,7.9042,7.9042,7.9042,7.9042,7.9042,7.9042,7.9042,7.9042,7.9042,7.9042,7.9042,7.9042,7.9042,7.9042,7.9042,7.9042,7.9042,7.9042,7.9042,7.9042,7.9042,7.9042,7.9042,7.9042,7.9042,7.9042,7.9042,7.9042,7.9042,7.9042,7.9042,7.9042,7.9042,7.9042,7.9042,7.9042,7.9042,7.9042,7.9042,7.9042,7.9042,7.9042,7.9042,7.9042,7.9042,7.9042,7.9042,7.9042,7.9042,7.9042,7.9042,7.9042,7.9042,7.9042,7.9042,7.9042,7.9042,7.9042,7.9042,7.9042,7.9042,7.9042,7.9042,7.9042,7.9042,7.9042,7.9042,7.9042,7.9042,7.9042,7.9042,7.9042,7.9042,7.9042,7.9042,7.9042,7.9042,7.9042,7.9042,7.9042,7.9042,7.9042,7.9042,7.9042,7.9042,7.9042,7.9042,7.9042,7.9042,7.9042,7.9042,7.9042,7.9042,7.9042,7.9042,7.9042,7.9042,7.9042,7.9042,7.9042,7.9042,7.9042,7.9042,7.9042,7.9042,7.9042,7.9042,7.9042,7.9042,7.9042,7.9042,7.9042,7.9042,7.9042,7.9042,7.9042,7.9042,7.9042,7.9042,7.9042,7.9042,7.9042,7.9042,7.9042,7.9042,7.9042,7.9042,7.9042,7.9042,7.9042,7.9042,7.9042,7.9042,7.9042,7.9042,7.9042,7.9042,7.9042,7.9042,7.9042,7.9042,7.9042,7.9042,7.9042,7.9042,7.9042,7.9042,7.9042,7.9042,7.9042,7.9042,7.9042,7.9042,7.9042,7.9042,7.9042,7.9042,7.9042,7.9042,7.9042,7.9042,7.9042,7.9042,7.9042,7.9042,7.9042,7.9042,7.9042,7.9042,7.9042,7.9042,7.9042,7.9042,7.9042,7.9042,7.9042,7.9042,7.9042,7.9042,7.9042,7.9042,7.9042,7.9042,7.9042,7.9042,7.9042,7.9042,7.9042,7.9042,7.9042,7.9042,7.9042,7.9042,7.9042,7.9042,7.9042,7.9042,7.9042,7.9042,7.9042,7.9042,7.9042,7.9042,7.9042,7.9042,7.9042,7.9042,7.9042,7.9042,7.9042,7.9042,7.9042,7.9042,7.9042,7.9042,7.9042,7.9042,7.9042,7.9042,7.9042,7.9042,7.9042,7.9042,7.9042,7.9042,7.9042,7.9042,7.9042,7.9042,7.9042,7.9042,7.9042,7.9042,7.9042,7.9042,7.9042,7.9042,7.9042,6.2205,6.2025,6.1845,6.1668,6.1652,6.1638,6.1627,6.1614,6.1602,6.1589,6.1577,6.1564,6.1553,6.1539,6.1528,6.1548,6.1636,6.1727,6.1811,6.1900,6.1987,6.2076,6.2163,6.2251,6.2336,7.9042,7.9042,7.9042,7.9042,7.9042,7.9042,7.9042,7.9042,7.9042,7.9042,7.9042,7.9042,7.9042,7.9042,7.9042,7.9042,7.9042,7.9042,7.9042,7.9042,7.9042,7.9042,7.9042,7.9042,7.9042,7.9042,7.9042,7.9042,7.9042,7.9042,7.9042,7.9042,7.9042,7.9042,7.9042,7.9042,7.9042,7.9042,7.9042,7.9042,7.9042,7.9042,7.9042,7.9042,7.9042,7.9042,7.9042,7.9042,7.9042,7.9042,7.9042,7.9042,7.9042,7.9042,7.9042,7.9042,7.9042,7.9042,7.9042,7.9042,7.9042,7.9042,7.9042,7.9042,7.9042,7.9042,7.9042,7.9042,7.9042,7.9042,7.9042,7.9042,7.9042,7.9042,7.9042,7.9042,7.9042,7.9042,7.9042,7.9042,7.9042,7.9042,7.9042,7.9042,7.9042,7.9042,7.9042,7.9042,7.9042,7.9042,7.9042,7.9042,7.9042,7.9042,7.9042,7.9042,7.9042,7.9042,7.9042,7.9042,7.9042,7.9042,7.9042,7.9042,7.9042,7.9042,7.9042,7.9042,7.9042,7.9042,7.9042,7.9042,7.9042,7.9042,7.9042,7.9042,7.9042,7.9042,7.9042,7.9042,7.9042,7.9042,7.9042,7.9042,7.9042,7.9042,7.9042,7.9042,7.9042,7.9042,7.9042,7.9042,7.9042,7.9042,7.9042,7.9042,7.9042,7.9042,7.9042,7.9042,7.9042,7.9042,7.9042,7.9042,7.9042,7.9042,7.9042,7.9042,7.9042,7.9042,7.9042,7.9042,7.9042,7.9042,7.9042,7.9042,7.9042,7.9042,7.9042,7.9042,7.9042,7.9042,7.9042,7.9042,7.9042,7.9042,7.9042,7.9042,7.9042,7.9042,7.9042,7.9042,7.9042,7.9042,7.9042,7.9042,7.9042,7.9042,7.9042,7.9042,7.9042,7.9042,7.9042,7.9042,7.9042,7.9042,7.9042,7.9042,7.9042,7.9042,7.9042,7.9042,7.9042,7.9042,7.9042,7.9042,7.9042,7.9042,7.9042,7.9042,7.9042,7.9042,7.9042,7.9042,7.9042,7.9042,7.9042,7.9042,7.9042,7.9042,7.9042,7.9042,7.9042,7.9042,7.9042,7.9042,7.9042,7.9042,7.9042,7.9042,7.9042,7.9042,7.9042,7.9042,7.9042,7.9042,7.9042,7.9042,7.9042,7.9042,7.9042,7.9042,7.9042,7.9042,7.9042,7.9042,7.9042,7.9042,7.9042,7.9042,7.9042,7.9042,7.9042,7.9042,7.9042,7.9042,7.9042,7.9042,7.9042,7.9042,7.9042,7.9042,7.9042,7.9042,7.9042,7.9042,7.9042,7.9042,7.9042,7.9042,7.9042,7.9042,7.9042,7.9042,7.9042,7.9042,7.9042,7.9042,7.9042,7.9042,7.9042,7.9042,7.9042,7.9042,7.9042,7.9042,7.9042,7.9042,7.9042,7.9042,7.9042,7.9042,7.9042,7.9042,7.9042,7.9042,7.9042,7.9042,7.9042,7.9042,7.9042,7.9042,7.9042,7.9042,7.9042,7.9042,7.9042,7.9042,7.9042,7.9042,7.9042,7.9042,7.9049,7.9049,7.9049,7.9049,7.9049,7.9049,7.9049,7.9049,7.9049,7.9049,7.9049,7.9049,7.9049,7.9049,7.9049,7.9049,7.9049,7.9049,7.9049,7.9049,7.9049,7.9049,7.9049,7.9049,7.9049,7.9049,7.9049,7.9049,7.9049,7.9049,7.9049,7.9049,7.9049,7.9049,7.9049,7.9049,7.9049,7.9049,7.9049,7.9049,7.9049,7.9049,7.9049,7.9049,7.9049,7.9049,7.9049,7.9049,7.9049,7.9049,7.9049,7.9049,7.9049,7.9049,7.9049,7.9049,7.9049,7.9049,7.9049,7.9049,7.9049,7.9049,7.9049,7.9049,7.9049,7.9049,7.9049,7.9049,7.9049,7.9049,7.9049,7.9049,7.9049,7.9049,7.9049,7.9049,7.9049,7.9049,7.9049,7.9049,7.9049,7.9049,7.9049,7.9049,7.9049,7.9049,7.9049,7.9049,7.9049,7.9049,7.9049,7.9049,7.9049,7.9049,7.9049,7.9049,7.9049,7.9049,7.9049,7.9049,7.9049,7.9049,7.9049,7.9049,7.9049,7.9049,7.9049,7.9049,7.9049,7.9049,7.9049,7.9049,7.9049,7.9049,7.9049,7.9049,7.9049,7.9049,7.9049,7.9049,7.9049,7.9049,7.9049,7.9049,7.9049,7.9049,7.9049,7.9049,7.9049,7.9049,7.9049,7.9049,7.9049,7.9049,7.9049,7.9049,7.9049,7.9049,7.9049,7.9049,7.9049,7.9049,7.9049,7.9049,7.9049,7.9049,7.9049,7.9049,7.9049,7.9049,7.9049,7.9049,7.9049,7.9049,7.9049,7.9049,7.9049,7.9049
7.8971,7.8971,7.8971,7.8971,7.8971,7.8971,7.8971,7.8971,7.8971,7.8971,7.8971,7.8971,7.8971,7.8971,7.8971,7.8971,7.8971,7.8971,7.8971,7.8971,7.8971,7.8971,7.8971,7.8971,7.8971,7.8971,7.8971,7.8971,7.8971,7.8971,7.8971,7.8971,7.8971,7.8971,7.8971,7.8971,7.8971,7.8971,7.8971,7.8971,7.8971,7.8971,7.8971,7.8971,7.8971,7.8971,7.8971,7.8971,7.8971,7.8971,7.8971,7.8971,7.8971,7.8971,7.8971,7.8971,7.8971,7.8971,7.8971,7.8971,7.8971,7.8971,7.8971,7.8971,7.8971,7.8971,7.8971,7.8971,7.8971,7.8971,7.8971,7.8971,7.8971,7.8971,7.8971,7.8971,7.8971,7.8971,7.8971,7.8971,7.8971,7.8971,7.8971,7.8971,7.8971,7.8971,7.8971,7.8971,7.8971,7.8971,7.8971,7.8971,7.8971,7.8971,7.8971,7.8971,7.8971,7.8971,7.8971,7.8971,7.8971,7.8971,7.8971,7.8971,7.8971,7.8971,7.8971,7.8971,7.8971,7.8971,7.8971,7.8971,7.8971,7.8971,7.8971,7.8971,7.8971,7.8971,7.8971,7.8971,7.8971,7.8971,7.8971,7.8971,7.8971,7.8971,7.8971,7.8971,7.8971,7.8971,7.8971,7.8971,7.8971,7.8971,7.8971,7.8971,7.8971,7.8971,7.8971,7.8971,7.8971,7.8971,7.8971,7.8971,7.8971,7.8971,7.8971,7.8971,7.8971,7.8971,7.8971,7.8971,7.8971,7.8971,7.8971,7.8971,7.8971,7.8971,7.8971,7.8971,7.8971,7.8971,7.8971,7.8971,7.8971,7.8971,7.8971,7.8971,7.8971,7.8971,7.8971,7.8971,7.8971,7.8971,7.8971,7.8971,7.8971,7.8971,7.8971,7.8971,7.8971,7.8971,7.8971,7.8971,7.8971,7.8971,7.8971,7.8971,7.8971,7.8971,7.8971,7.8971,7.8971,7.8971,7.8971,7.8971,7.8971,7.8971,7.8971,7.8971,7.8971,7.8971,7.8971,7.8971,7.8971,7.8971,7.8971,7.8971,7.8971,7.8971,7.8971,7.8971,7.8971,7.8971,7.8971,7.8971,7.8971,7.8971,7.8971,7.8971,7.8971,7.8971,7.8971,7.8971,7.8971,7.8971,7.8971,7.8971,7.8971,7.8971,7.8971,7.8971,7.8971,7.8971,7.8971,7.8971,7.8971,7.8971,7.8971,7.8971,7.8971,7.8971,7.8971,7.8971,7.8971,7.8971,7.8971,7.8971,7.8971,7.8971,7.8971,7.8971,7.8971,7.8971,7.8971,7.8971,7.8971,7.8971,7.8971,7.8971,7.8971,7.8971,7.8971,7.8971,7.8971,7.8971,7.8971,7.8971,7.8971,7.8971,7.8971,7.8971,7.8971,7.8971,7.8971,7.8971,7.8971,7.8971,7.8971,7.8971,7.8971,7.8971,7.8971,7.8971,7.8971,7.8971,7.8971,7.8971,7.8971,7.8971,7.8971,7.8971,7.8971,7.8971,7.8971,7.8971,7.8971,7.8971,7.8971,7.8971,7.8971,7.8971,7.8971,7.8971,7.8971,7.8971,7.8971,7.8971,7.8971,7.8971,7.8971,7.8971,7.8971,7.8971,7.8971,7.8971,7.8971,7.8971,7.8971,7.8971,7.8971,7.8971,7.8971,7.8971,7.8971,7.8971,7.8971,7.8971,7.8971,7.8971,7.8971,7.8971,7.8971,7.8971,7.8971,7.8971,7.8971,7.8971,7.8971,7.8971,7.8971,7.8971,7.8971,7.8971,7.8971,7.8971,7.8971,7.8971,7.8971,7.8971,7.8971,7.8971,7.8971,7.8971,7.8971,7.8971,7.8971,7.8971,7.8971,7.8971,7.8971,7.8971,7.8971,7.8971,7.8971,7.8971,7.8971,7.8971,7.8971,7.8971,7.8971,7.8971,7.8971,7.8971,7.8971,7.8971,7.8971,7.8971,7.8971,7.8971,7.8971,7.8971,7.8971,7.8971,7.8971,7.8971,7.8971,7.8971,7.8971,7.8971,7.8971,7.8971,7.8971,7.8971,7.8971,7.8971,7.8971,7.8971,7.8971,7.8971,7.8971,7.8971,7.8971,7.8971,7.8971,7.8971,7.8971,7.8971,7.8971,7.8971,7.8971,7.8971,7.8971,7.8971,7.8971,7.8971,7.8971,7.8971,7.8971,7.8971,7.8971,7.8971,7.8971,7.8971,7.8971,7.8971,7.8971,7.8971,7.8971,7.8971,7.8971,7.8971,7.8971,7.8971,7.8971,7.8971,7.8971,7.8971,7.8971,7.8971,7.8971,7.8971,7.8971,7.8971,7.8971,7.8971,7.8971,7.8971,7.8971,7.8971,7.8971,7.8971,7.8971,7.8971,7.8971,7.8971,7.8971,7.8971,7.8971,7.8971,7.8971,7.8971,7.8971,7.8971,7.8971,7.8971,7.8971,7.8971,7.8971,7.8971,7.8971,6.2288,6.2129,6.1961,6.1784,6.1605,6.1480,6.1467,6.1456,6.1442,6.1431,6.1418,6.1406,6.1395,6.1384,6.1373,6.1361,6.1350,6.1339,6.1321,6.1305,6.1290,6.1272,6.1299,6.1373,6.1447,6.1521,6.1593,6.1677,6.1765,6.1852,6.1941,6.2028,6.2113,6.2193,6.2274,6.2355,6.2436,6.2520,7.8971,7.8971,7.8971,7.8971,7.8971,7.8971,7.8971,7.8971,7.8971,7.8971,7.8971,7.8971,7.8971,7.8971,7.8971,7.8971,7.8971,7.8971,7.8971,7.8971,7.8971,7.8971,7.8971,7.8971,7.8971,7.8971,7.8971,7.8971,7.8971,7.8971,7.8971,7.8971,7.8971,7.8971,7.8971,7.8971,7.8971,7.8971,7.8971,7.8971,7.8971,7.8971,7.8971,7.8971,7.8971,7.8971,7.8971,7.8971,7.8971,7.8971,7.8971,7.8971,7.8971,7.8971,7.8971,7.8971,7.8971,7.8971,7.8971,7.8971,7.8971,7.8971,7.8971,7.8971,7.8971,7.8971,7.8971,7.8971,7.8971,7.8971,7.8971,7.8971,7.8971,7.8971,7.8971,7.8971,7.8971,7.8971,7.8971,7.8971,7.8971,7.8971,7.8971,7.8971,7.8971,7.8971,7.8971,7.8971,7.8971,7.8971,7.8971,7.8971,7.8971,7.8971,7.8971,7.8971,7.8971,7.8971,7.8971,7.8971,7.8971,7.8971,7.8971,7.8971,7.8971,7.8971,7.8971,7.8971,7.8971,7.8971,7.8971,7.8971,7.8971,7.8971,7.8971,7.8971,7.8971,7.8971,7.8971,7.8971,7.8971,7.8971,7.8971,7.8971,7.8971,7.8971,7.8971,7.8971,7.8971,7.8971,7.8971,7.8971,7.8971,7.8971,7.8971,7.8971,7.8971,7.8971,7.8971,7.8971,7.8971,7.8971,7.8971,7.8971,7.8971,7.8971,7.8971,7.8971,7.8971,7.8971,7.8971,7.8971,7.8971,7.8971,7.8971,7.8971,7.8971,7.8971,7.8971,7.8971,7.8971,7.8971,7.8971,7.8971,7.8971,7.8971,7.8971,7.8971,7.8971,7.8971,7.8971,7.8971,7.8971,7.8971,7.8971,7.8971,7.8971,7.8971,7.8971,7.8971,7.8971,7.8971,7.8971,7.8971,7.8971,7.8971,7.8971,7.8971,7.8971,7.8971,7.8971,7.8971,7.8971,7.8971,7.8971,7.8971,7.8971,7.8971,7.8971,7.8971,7.8971,7.8971,7.8971,7.8971,7.8971,7.8971,7.8971,7.8971,7.8971,7.8971,7.8971,7.8971,7.8971,7.8971,7.8971,7.8971,7.8971,7.8971,7.8971,7.8971,7.8971,7.8971,7.8971,7.8971,7.8971,7.8971,7.8971,7.8971,7.8971,7.8971,7.8971,7.8971,7.8971,7.8971,7.8971,7.8971,7.8971,7.8971,7.8971,7.8971,7.8971,7.8971,7.8971,7.8971,7.8971,7.8971,7.8971,7.8971,7.8971,7.8971,7.8971,7.8971,7.8971,7.8971,7.8971,7.8971,7.8971,7.8971,7.8971,7.8971,7.8971,7.8971,7.8971,7.8971,7.8971,7.8971,7.8971,7.8971,7.8971,7.8971,7.8971,7.8971,7.8971,7.8971,7.8971,7.8971,7.8971,7.8971,7.8971,7.8971,7.8971,7.8971,7.8971,7.8971,7.8971,7.8971,7.8971,7.8971,7.8971,7.8971,7.8971,7.8971,7.8971,7.8971,7.8971,7.8971,7.8971,7.8971,7.8971,7.8971,7.8971,7.8971,7.8971,7.8971,7.8971,7.8971,7.8971,7.8971,7.8971,7.8971,7.8971,7.8971,7.8971,7.8971,7.8971,7.8971,7.8971,7.8971,7.8971,7.8971,7.8971,7.8971,7.8971,7.8971,7.8971,7.8971,7.8971,7.8971,7.8971,7.8971,7.8971,7.8971,7.8971,7.8971,7.8971,7.8971,7.8971,7.8971,7.8971,7.8971,7.8971,7.8971,7.8971,7.8971,7.8971,7.8971,7.8971,7.8971,7.8971,7.8971,7.8971,7.8971,7.8971,7.8971,7.8971,7.8971,7.8971,7.8971,7.8971,7.8971,7.8971,7.8971,7.8971,7.8971,7.8971,7.8971,7.8971,7.8971,7.8971,7.8971,7.8971,7.8971,7.8971,7.8971,7.8971,7.8971,7.8971,7.8971,7.8971,7.8971,7.8971,7.8971,7.8971,7.8971,7.8971,7.8971,7.8971,7.8971,7.8971,7.8971,7.8971,7.8971,7.8971,7.8971,7.8971,7.8971,7.8971,7.8971,7.8971,7.8971,7.8971,7.8971,7.8971,7.8971,7.8971,7.8971,7.8971,7.8971,7.8971,7.8971,7.8971,7.8971,7.8971,7.8971,7.8971,7.8971,7.8971,7.8971,7.8971,7.8971,7.8971,7.8971,7.8971,7.8971,7.8971,7.8971,7.8971,7.8971,7.8971,7.8971,7.8971,7.8971,7.8971,7.8971,7.8971,7.8971,7.8971,7.8971,7.8971,7.8971,7.8971,7.8971,7.8971,7.8971,7.8971,7.8971,7.8971,7.8971,7.8971,7.8971,7.8971
7.8904,7.8904,7.8904,7.8904,7.8904,7.8904,7.8904,7.8904,7.8904,7.8904,7.8904,7.8904,7.8904,7.8904,7.8904,7.8904,7.8904,7.8904,7.8904,7.8904,7.8904,7.8904,7.8904,7.8904,7.8904,7.8904,7.8904,7.8904,7.8904,7.8904,7.8904,7.8904,7.8904,7.8904,7.8904,7.8904,7.8904,7.8904,7.8904,7.8904,7.8904,7.8904,7.8904,7.8904,7.8904,7.8904,7.8904,7.8904,7.8904,7.8904,7.8904,7.8904,7.8904,7.8904,7.8904,7.8904,7.8904,7.8904,7.8904,7.8904,7.8904,7.8904,7.8904,7.8904,7.8904,7.8904,7.8904,7.8904,7.8904,7.8904,7.8904,7.8904,7.8904,7.8904,7.8904,7.8904,7.8904,7.8904,7.8904,7.8904,7.8904,7.8904,7.8904,7.8904,7.8904,7.8904,7.8904,7.8904,7.8904,7.8904,7.8904,7.8904,7.8904,7.8904,7.8904,7.8904,7.8904,7.8904,7.8904,7.8904,7.8904,7.8904,7.8904,7.8904,7.8904,7.8904,7.8904,7.8904,7.8904,7.8904,7.8904,7.8904,7.8904,7.8904,7.8904,7.8904,7.8904,7.8904,7.8904,7.8904,7.8904,7.8904,7.8904,7.8904,7.8904,7.8904,7.8904,7.8904,7.8904,7.8904,7.8904,7.8904,7.8904,7.8904,7.8904,7.8904,7.8904,7.8904,7.8904,7.8904,7.8904,7.8904,7.8904,7.8904,7.8904,7.8904,7.8904,7.8904,7.8904,7.8904,7.8904,7.8904,7.8904,7.8904,7.8904,7.8904,7.8904,7.8904,7.8904,7.8904,7.8904,7.8904,7.8904,7.8904,7.8904,7.8904,7.8904,7.8904,7.8904,7.8904,7.8904,7.8904,7.8904,7.8904,7.8904,7.8904,7.8904,7.8904,7.8904,7.8904,7.8904,7.8904,7.8904,7.8904,7.8904,7.8904,7.8904,7.8904,7.8904,7.8904,7.8904,7.8904,7.8904,7.8904,7.8904,7.8904,7.8904,7.8904,7.8904,7.8904,7.8904,7.8904,7.8904,7.8904,7.8904,7.8904,7.8904,7.8904,7.8904,7.8904,7.8904,7.8904,7.8904,7.8904,7.8904,7.8904,7.8904,7.8904,7.8904,7.8904,7.8904,7.8904,7.8904,7.8904,7.8904,7.8904,7.8904,7.8904,7.8904,7.8904,7.8904,7.8904,7.8904,7.8904,7.8904,7.8904,7.8904,7.8904,7.8904,7.8904,7.8904,7.8904,7.8904,7.8904,7.8904,7.8904,7.8904,7.8904,7.8904,7.8904,7.8904,7.8904,7.8904,7.8904,7.8904,7.8904,7.8904,7.8904,7.8904,7.8904,7.8904,7.8904,7.8904,7.8904,7.8904,7.8904,7.8904,7.8904,7.8904,7.8904,7.8904,7.8904,7.8904,7.8904,7.8904,7.8904,7.8904,7.8904,7.8904,7.8904,7.8904,7.8904,7.8904,7.8904,7.8904,7.8904,7.8904,7.8904,7.8904,7.8904,7.8904,7.8904,7.8904,7.8904,7.8904,7.8904,7.8904,7.8904,7.8904,7.8904,7.8904,7.8904,7.8904,7.8904,7.8904,7.8904,7.8904,7.8904,7.8908,7.8908,7.8908,7.8908,7.8908,7.8908,7.8908,7.8908,7.8908,7.8908,7.8908,7.8908,7.8908,7.8908,7.8908,7.8908,7.8908,7.8908,7.8908,7.8908,7.8908,7.8908,7.8908,7.8908,7.8908,7.8908,7.8908,7.8908,7.8908,7.8908,7.8908,7.8908,7.8908,7.8908,7.8908,7.8908,7.8908,7.8908,7.8908,7.8908,7.8908,7.8908,7.8908,7.8908,7.8908,7.8908,7.8908,7.8908,7.8908,7.8908,7.8908,7.8908,7.8908,7.8908,7.8908,7.8908,7.8908,7.8908,7.8908,7.8908,7.8908,7.8908,7.8908,7.8908,7.8908,7.8908,7.8908,7.8908,7.8908,7.8908,7.8908,7.8908,7.8908,7.8908,7.8908,7.8908,7.8908,7.8908,7.8908,7.8908,7.8908,7.8908,7.8908,7.8908,7.8908,7.8908,7.8908,7.8908,7.8908,7.8908,7.8908,7.8908,7.8908,7.8908,7.8908,7.8908,7.8908,7.8908,7.8908,7.8908,7.8908,7.8908,7.8908,7.8908,7.8908,7.8908,7.8908,7.8908,7.8908,7.8908,7.8908,7.8908,7.8908,7.8908,7.8908,7.8908,7.8908,7.8908,7.8908,7.8908,7.8908,7.8908,7.8908,7.8908,7.8908,7.8908,7.8908,7.8908,7.8908,7.8908,7.8908,7.8908,7.8908,7.8908,7.8908,7.8908,7.8908,7.8908,7.8908,7.8908,7.8908,7.8908,7.8908,7.8908,7.8908,7.8908,7.8908,7.8908,7.8908,7.8908,7.8908,7.8908,7.8908,7.8908,7.8908,7.8908,7.8908,7.8908,7.8908,6.2290,6.2101,6.1945,6.1790,6.1636,6.1483,6.1341,6.1299,6.1288,6.1276,6.1265,6.1254,6.1243,6.1232,6.1218,6.1207,6.1196,6.1185,6.1174,6.1163,6.1147,6.1131,6.1114,6.1098,6.1082,6.1065,6.1049,6.1031,6.1016,6.1054,6.1127,6.1200,6.1274,6.1348,6.1422,6.1496,6.1571,6.1645,6.1720,6.1806,6.1888,6.1968,6.2048,6.2142,6.2253,6.2364,6.2475,7.8908,7.8908,7.8908,7.8908,7.8908,7.8908,7.8908,7.8908,7.8908,7.8908,7.8908,7.8908,7.8908,7.8908,7.8908,7.8908,7.8908,7.8908,7.8908,7.8908,7.8908,7.8908,7.8908,7.8908,7.8908,7.8908,7.8908,7.8908,7.8908,7.8908,7.8908,7.8908,7.8908,7.8908,7.8908,7.8908,7.8908,7.8908,7.8908,7.8908,7.8908,7.8908,7.8908,7.8908,7.8908,7.8908,7.8908,7.8908,7.8908,7.8908,7.8908,7.8908,7.8908,7.8908,7.8908,7.8908,7.8908,7.8908,7.8908,7.8908,7.8908,7.8908,7.8908,7.8908,7.8908,7.8908,7.8908,7.8908,7.8908,7.8908,7.8908,7.8908,7.8908,7.8908,7.8908,7.8908,7.8908,7.8908,7.8908,7.8908,7.8908,7.8908,7.8908,7.8908,7.8908,7.8908,7.8908,7.8908,7.8908,7.8908,7.8908,7.8908,7.8908,7.8908,7.8908,7.8908,7.8908,7.8908,7.8908,7.8908,7.8908,7.8908,7.8908,7.8908,7.8908,7.8908,7.8908,7.8908,7.8908,7.8908,7.8908,7.8908,7.8908,7.8908,7.8908,7.8908,7.8908,7.8908,7.8908,7.8908,7.8908,7.8908,7.8908,7.8908,7.8908,7.8908,7.8908,7.8908,7.8908,7.8908,7.8908,7.8908,7.8908,7.8908,7.8908,7.8908,7.8908,7.8908,7.8908,7.8908,7.8908,7.8908,7.8908,7.8908,7.8908,7.8908,7.8908,7.8908,7.8908,7.8908,7.8908,7.8908,7.8908,7.8908,7.8908,7.8908,7.8908,7.8908,7.8908,7.8908,7.8908,7.8908,7.8908,7.8908,7.8908,7.8908,7.8908,7.8908,7.8908,7.8908,7.8908,7.8908,7.8908,7.8908,7.8908,7.8908,7.8908,7.8908,7.8908,7.8908,7.8908,7.8908,7.8908,7.8908,7.8908,7.8908,7.8908,7.8908,7.8908,7.8908,7.8908,7.8908,7.8908,7.8908,7.8908,7.8908,7.8908,7.8908,7.8908,7.8908,7.8908,7.8908,7.8908,7.8908,7.8908,7.8908,7.8908,7.8908,7.8908,7.8908,7.8908,7.8908,7.8908,7.8908,7.8908,7.8908,7.8908,7.8908,7.8908,7.8908,7.8908,7.8908,7.8908,7.8908,7.8908,7.8908,7.8908,7.8908,7.8908,7.8908,7.8908,7.8908,7.8908,7.8908,7.8908,7.8908,7.8908,7.8908,7.8908,7.8908,7.8908,7.8908,7.8908,7.8908,7.8908,7.8908,7.8908,7.8908,7.8908,7.8908,7.8908,7.8908,7.8908,7.8908,7.8908,7.8908,7.8908,7.8908,7.8908,7.8908,7.8908,7.8908,7.8908,7.8908,7.8908,7.8908,7.8908,7.8908,7.8908,7.8908,7.8908,7.8908,7.8908,7.8908,7.8908,7.8908,7.8908,7.8908,7.8908,7.8908,7.8908,7.8908,7.8908,7.8908,7.8908,7.8908,7.8908,7.8908,7.8908,7.8908,7.8908,7.8908,7.8908,7.8908,7.8908,7.8908,7.8908,7.8908,7.8908,7.8908,7.8908,7.8908,7.8908,7.8908,7.8908,7.8908,7.8908,7.8908,7.8908,7.8908,7.8908,7.8908,7.8908,7.8908,7.8908,7.8908,7.8908,7.8908,7.8908,7.8908,7.8908,7.8908,7.8908,7.8908,7.8908,7.8908,7.8908,7.8908,7.8908,7.8908,7.8908,7.8908,7.8908,7.8908,7.8908,7.8908,7.8908,7.8908,7.8908,7.8908,7.8908,7.8908,7.8908,7.8908,7.8908,7.8908,7.8908,7.8908,7.8908,7.8908,7.8908,7.8908,7.8908,7.8908,7.8908,7.8908,7.8908,7.8908,7.8908,7.8908,7.8908,7.8908,7.8908,7.8908,7.8908,7.8908,7.8908,7.8908,7.8908,7.8908,7.8908,7.8908,7.8908,7.8908,7.8908,7.8908,7.8908,7.8908,7.8908,7.8908,7.8908,7.8908,7.8908,7.8908,7.8908,7.8908,7.8908,7.8908,7.8908,7.8908,7.8908,7.8908,7.8908,7.8908,7.8908,7.8908,7.8908,7.8908,7.8908,7.8908,7.8908,7.8908,7.8908,7.8908,7.8908,7.8908,7.8908,7.8908,7.8908,7.8908,7.8908,7.8908,7.8908,7.8908,7.8908,7.8908,7.8908,7.8908,7.8908,7.8908,7.8908,7.8908,7.8908,7.8908,7.8908,7.8908,7.8908,7.8908,7.8908,7.8908,7.8908,7.8908,7.8908,7.8908,7.8908,7.8908,7.8908,7.8908,7.8908,7.8908,7.8908,7.8908,7.8908,7.8908,7.8908,7.8908
7.8841,7.8841,7.8841,7.8841,7.8841,7.8841,7.8841,7.8841,7.8841,7.8841,7.8841,7.8841,7.8841,7.8841,7.8841,7.8841,7.8841,7.8841,7.8841,7.8841,7.8841,7.8841,7.8841,7.8841,7.8841,7.8841,7.8841,7.8841,7.8841,7.8841,7.8841,7.8841,7.8841,7.8841,7.8841,7.8841,7.8841,7.8841,7.8841,7.8841,7.8841,7.8841,7.8841,7.8841,7.8841,7.8841,7.8841,7.8841,7.8841,7.8841,7.8841,7.8841,7.8841,7.8841,7.8841,7.8841,7.8841,7.8841,7.8841,7.8841,7.8841,7.8841,7.8841,7.8841,7.8841,7.8841,7.8841,7.8841,7.8841,7.8841,7.8841,7.8841,7.8841,7.8841,7.8841,7.8841,7.8841,7.8841,7.8841,7.8841,7.8841,7.8841,7.8841,7.8841,7.8841,7.8841,7.8841,7.8841,7.8841,7.8841,7.8841,7.8841,7.8841,7.8841,7.8841,7.8841,7.8841,7.8841,7.8841,7.8841,7.8841,7.8841,7.8841,7.8841,7.8841,7.8841,7.8841,7.8841,7.8841,7.8841,7.8841,7.8841,7.8841,7.8841,7.8841,7.8841,7.8841,7.8841,7.8841,7.8841,7.8841,7.8841,7.8841,7.8841,7.8841,7.8841,7.8841,7.8841,7.8841,7.8841,7.8841,7.8841,7.8841,7.8841,7.8841,7.8841,7.8841,7.8841,7.8841,7.8841,7.8841,7.8841,7.8841,7.8841,7.8841,7.8841,7.8841,7.8841,7.8841,7.8841,7.8841,7.8841,7.8841,7.8841,7.8841,7.8841,7.8841,7.8841,7.8841,7.8841,7.8841,7.8841,7.8841,7.8841,7.8841,7.8841,7.8841,7.8841,7.8841,7.8841,7.8841,7.8841,7.8841,7.8841,7.8841,7.8841,7.8841,7.8841,7.8841,7.8841,7.8841,7.8841,7.8841,7.8841,7.8841,7.8841,7.8841,7.8841,7.8841,7.8841,7.8841,7.8841,7.8841,7.8841,7.8841,7.8841,7.8841,7.8841,7.8841,7.8841,7.8841,7.8841,7.8841,7.8841,7.8841,7.8841,7.8841,7.8841,7.8841,7.8841,7.8841,7.8841,7.8841,7.8841,7.8841,7.8841,7.8841,7.8841,7.8841,7.8841,7.8841,7.8841,7.8841,7.8841,7.8841,7.8841,7.8841,7.8841,7.8841,7.8841,7.8841,7.8841,7.8841,7.8834,7.8834,7.8834,7.8834,7.8834,7.8834,7.8834,7.8834,7.8834,7.8834,7.8834,7.8834,7.8834,7.8834,7.8834,7.8834,7.8834,7.8834,7.8834,7.8834,7.8834,7.8834,7.8834,7.8834,7.8834,7.8834,7.8834,7.8834,7.8834,7.8834,7.8834,7.8834,7.8834,7.8834,7.8834,7.8834,7.8834,7.8834,7.8834,7.8834,7.8834,7.8834,7.8834,7.8834,7.8834,7.8834,7.8834,7.8834,7.8834,7.8834,7.8834,7.8834,7.8834,7.8834,7.8834,7.8834,7.8834,7.8834,7.8834,7.8834,7.8834,7.8834,7.8834,7.8834,7.8834,7.8834,7.8834,7.8834,7.8834,7.8834,7.8834,7.8834,7.8834,7.8834,7.8834,7.8834,7.8834,7.8834,7.8834,7.8834,7.8834,7.8834,7.8834,7.8834,7.8834,7.8834,7.8834,7.8834,7.8834,7.8834,7.8834,7.8834,7.8834,7.8834,7.8834,7.8834,7.8834,7.8834,7.8834,7.8834,7.8834,7.8834,7.8834,7.8834,7.8834,7.8834,7.8834,7.8834,7.8834,7.8834,7.8834,7.8834,7.8834,7.8834,7.8834,7.8834,7.8834,7.8834,7.8834,7.8834,7.8834,7.8834,7.8834,7.8834,7.8834,7.8834,7.8834,7.8834,7.8834,7.8834,7.8834,7.8834,7.8834,7.8834,7.8834,7.8834,7.8834,7.8834,7.8834,7.8834,7.8834,7.8834,7.8834,7.8834,7.8834,7.8834,7.8834,7.8834,7.8834,7.8834,7.8834,7.8834,7.8834,7.8834,7.8834,7.8834,7.8834,7.8834,7.8834,7.8834,7.8834,7.8834,7.8834,7.8834,7.8834,7.8834,7.8834,7.8834,7.8834,7.8834,7.8834,7.8834,7.8834,7.8834,7.8834,7.8834,7.8834,7.8834,7.8834,7.8834,7.8834,7.8834,7.8834,7.8834,7.8834,7.8834,7.8834,7.8834,7.8834,7.8834,7.8834,7.8834,7.8834,7.8834,7.8834,7.8834,7.8834,7.8834,7.8834,7.8834,7.8834,7.8834,7.8834,7.8834,7.8834,7.8834,7.8834,7.8834,7.8834,7.8834,7.8834,7.8834,7.8834,7.8834,7.8834,7.8834,7.8834,7.8834,7.8834,7.8834,7.8834,7.8834,7.8834,7.8834,7.8834,7.8834,7.8834,7.8834,7.8834,6.2501,6.2302,6.2103,6.1918,6.1763,6.1609,6.1462,6.1339,6.1214,6.1125,6.1116,6.1105,6.1096,6.1087,6.1076,6.1067,6.1056,6.1045,6.1034,6.1020,6.1009,6.0998,6.0987,6.0974,6.0956,6.0941,6.0925,6.0907,6.0892,6.0874,6.0859,6.0843,6.0826,6.0810,6.0795,6.0777,6.0762,6.0813,6.0885,6.0958,6.1031,6.1102,6.1187,6.1288,6.1391,6.1492,6.1593,6.1697,6.1799,6.1909,6.2019,6.2129,6.2239,6.2350,7.8834,7.8834,7.8834,7.8834,7.8834,7.8834,7.8834,7.8834,7.8834,7.8834,7.8834,7.8834,7.8834,7.8834,7.8834,7.8834,7.8834,7.8834,7.8834,7.8834,7.8834,7.8834,7.8834,7.8834,7.8834,7.8834,7.8834,7.8834,7.8834,7.8834,7.8834,7.8834,7.8834,7.8834,7.8834,7.8834,7.8834,7.8834,7.8834,7.8834,7.8834,7.8834,7.8834,7.8834,7.8834,7.8834,7.8834,7.8834,7.8834,7.8834,7.8834,7.8834,7.8834,7.8834,7.8834,7.8834,7.8834,7.8834,7.8834,7.8834,7.8834,7.8834,7.8834,7.8834,7.8834,7.8834,7.8834,7.8834,7.8834,7.8834,7.8834,7.8834,7.8834,7.8834,7.8834,7.8834,7.8834,7.8834,7.8834,7.8834,7.8834,7.8834,7.8834,7.8834,7.8834,7.8834,7.8834,7.8834,7.8834,7.8834,7.8834,7.8834,7.8834,7.8834,7.8834,7.8834,7.8834,7.8834,7.8834,7.8834,7.8834,7.8834,7.8834,7.8834,7.8834,7.8834,7.8834,7.8834,7.8834,7.8834,7.8834,7.8834,7.8834,7.8834,7.8834,7.8834,7.8834,7.8834,7.8834,7.8834,7.8834,7.8834,7.8834,7.8834,7.8834,7.8834,7.8834,7.8834,7.8834,7.8834,7.8834,7.8834,7.8834,7.8834,7.8834,7.8834,7.8834,7.8834,7.8834,7.8834,7.8834,7.8834,7.8834,7.8834,7.8834,7.8834,7.8834,7.8834,7.8834,7.8834,7.8834,7.8834,7.8834,7.8834,7.8834,7.8834,7.8834,7.8834,7.8834,7.8834,7.8834,7.8834,7.8834,7.8834,7.8834,7.8834,7.8834,7.8834,7.8834,7.8834,7.8834,7.8834,7.8834,7.8834,7.8834,7.8834,7.8834,7.8834,7.8834,7.8834,7.8834,7.8834,7.8834,7.8834,7.8834,7.8834,7.8834,7.8834,7.8834,7.8834,7.8834,7.8834,7.8834,7.8834,7.8834,7.8834,7.8834,7.8834,7.8834,7.8834,7.8834,7.8834,7.8834,7.8834,7.8834,7.8834,7.8834,7.8834,7.8834,7.8834,7.8834,7.8834,7.8834,7.8834,7.8834,7.8834,7.8834,7.8834,7.8834,7.8834,7.8834,7.8834,7.8834,7.8834,7.8834,7.8834,7.8834,7.8834,7.8834,7.8834,7.8834,7.8834,7.8834,7.8834,7.8834,7.8834,7.8834,7.8834,7.8834,7.8834,7.8834,7.8834,7.8834,7.8834,7.8834,7.8834,7.8834,7.8834,7.8834,7.8834,7.8834,7.8834,7.8834,7.8834,7.8834,7.8834,7.8834,7.8834,7.8834,7.8834,7.8834,7.8834,7.8834,7.8834,7.8834,7.8834,7.8834,7.8834,7.8834,7.8834,7.8834,7.8834,7.8834,7.8834,7.8834,7.8834,7.8834,7.8834,7.8834,7.8834,7.8834,7.8834,7.8834,7.8834,7.8834,7.8834,7.8834,7.8834,7.8834,7.8834,7.8834,7.8834,7.8834,7.8834,7.8834,7.8834,7.8834,7.8834,7.8834,7.8834,7.8834,7.8834,7.8834,7.8834,7.8834,7.8834,7.8834,7.8834,7.8834,7.8834,7.8834,7.8834,7.8834,7.8834,7.8834,7.8834,7.8834,7.8834,7.8834,7.8834,7.8834,7.8834,7.8834,7.8834,7.8834,7.8834,7.8834,7.8834,7.8834,7.8834,7.8834,7.8834,7.8834,7.8834,7.8834,7.8834,7.8834,7.8834,7.8834,7.8834,7.8834,7.8834,7.8834,7.8834,7.8834,7.8834,7.8834,7.8834,7.8834,7.8834,7.8834,7.8834,7.8834,7.8834,7.8834,7.8834,7.8834,7.8834,7.8834,7.8834,7.8834,7.8834,7.8834,7.8834,7.8834,7.8834,7.8834,7.8834,7.8834,7.8834,7.8834,7.8834,7.8834,7.8834,7.8834,7.8834,7.8834,7.8834,7.8834,7.8834,7.8834,7.8834,7.8834,7.8834,7.8834,7.8834,7.8834,7.8834,7.8834,7.8834,7.8834,7.8834,7.8834,7.8834,7.8834,7.8834,7.8834,7.8834,7.8834,7.8834,7.8834,7.8834,7.8834,7.8834,7.8834,7.8834,7.8834,7.8834,7.8834,7.8834,7.8834,7.8834,7.8834,7.8834,7.8834,7.8834,7.8834,7.8834,7.8834,7.8834,7.8834,7.8834,7.8834,7.8834,7.8834,7.8834,7.8834,7.8834,7.8834,7.8834,7.8834,7.8834,7.8834,7.8834,7.8834,7.8834,7.8834,7.8834,7.8834,7.8834,7.8834,7.8834,7.8834,7.8834
7.8771,7.8771,7.8771,7.8771,7.8771,7.8771,7.8771,7.8771,7.8771,7.8771,7.8771,7.8771,7.8771,7.8771,7.8771,7.8771,7.8771,7.8771,7.8771,7.8771,7.8771,7.8771,7.8771,7.8771,7.8771,7.8771,7.8771,7.8771,7.8771,7.8771,7.8771,7.8771,7.8771,7.8771,7.8771,7.8771,7.8771,7.8771,7.8771,7.8771,7.8771,7.8771,7.8771,7.8771,7.8771,7.8771,7.8771,7.8771,7.8771,7.8771,7.8771,7.8771,7.8771,7.8771,7.8771,7.8771,7.8771,7.8771,7.8771,7.8771,7.8771,7.8771,7.8771,7.8771,7.8771,7.8771,7.8771,7.8771,7.8771,7.8771,7.8771,7.8771,7.8771,7.8771,7.8771,7.8771,7.8771,7.8771,7.8771,7.8771,7.8771,7.8771,7.8771,7.8771,7.8771,7.8771,7.8771,7.8771,7.8771,7.8771,7.8771,7.8771,7.8771,7.8771,7.8771,7.8771,7.8771,7.8771,7.8771,7.8771,7.8771,7.8771,7.8771,7.8771,7.8771,7.8771,7.8771,7.8771,7.8771,7.8771,7.8771,7.8771,7.8771,7.8771,7.8771,7.8771,7.8771,7.8771,7.8771,7.8771,7.8771,7.8771,7.8771,7.8771,7.8771,7.8771,7.8771,7.8771,7.8771,7.8771,7.8771,7.8771,7.8771,7.8771,7.8771,7.8771,7.8771,7.8771,7.8771,7.8771,7.8771,7.8771,7.8771,7.8771,7.8771,7.8771,7.8771,7.8771,7.8771,7.8771,7.8771,7.8771,7.8771,7.8771,7.8771,7.8771,7.8771,7.8771,7.8771,7.8771,7.8771,7.8771,7.8771,7.8771,7.8771,7.8771,7.8771,7.8771,7.8771,7.8771,7.8771,7.8771,7.8771,7.8771,7.8771,7.8771,7.8771,7.8771,7.8771,7.8771,7.8771,7.8771,7.8771,7.8771,7.8771,7.8771,7.8771,7.8771,7.8771,7.8771,7.8771,7.8771,7.8771,7.8771,7.8771,7.8771,7.8771,7.8771,7.8771,7.8771,7.8771,7.8771,7.8771,7.8771,7.8771,7.8771,7.8771,7.8771,7.8771,7.8771,7.8771,7.8771,7.8771,7.8771,7.8771,7.8771,7.8771,7.8771,7.8771,7.8771,7.8771,7.8771,7.8771,7.8771,7.8771,7.8771,7.8771,7.8771,7.8771,7.8771,7.8771,7.8771,7.8771,7.8771,7.8771,7.8771,7.8771,7.8771,7.8771,7.8771,7.8771,7.8771,7.8771,7.8771,7.8771,7.8771,7.8771,7.8771,7.8771,7.8771,7.8771,7.8771,7.8771,7.8771,7.8771,7.8771,7.8771,7.8771,7.8771,7.8771,7.8771,7.8771,7.8771,7.8771,7.8771,7.8771,7.8771,7.8771,7.8771,7.8771,7.8771,7.8771,7.8771,7.8771,7.8771,7.8771,7.8771,7.8771,7.8771,7.8771,7.8771,7.8771,7.8771,7.8771,7.8771,7.8771,7.8771,7.8771,7.8771,7.8771,7.8771,7.8771,7.8771,7.8771,7.8771,7.8771,7.8771,7.8771,7.8771,7.8771,7.8771,7.8771,7.8771,7.8771,7.8771,7.8771,7.8771,7.8771,7.8771,7.8771,7.8771,7.8771,7.8771,7.8771,7.8771,7.8771,7.8771,7.8771,7.8771,7.8771,7.8771,7.8771,7.8771,7.8771,7.8771,7.8771,7.8771,7.8771,7.8771,7.8771,7.8771,7.8771,7.8771,7.8771,7.8771,7.8771,7.8771,7.8771,7.8771,7.8771,7.8771,7.8771,7.8771,7.8771,7.8771,7.8771,7.8771,7.8771,7.8771,7.8771,7.8771,7.8771,7.8771,7.8771,7.8771,7.8771,7.8771,7.8771,7.8771,7.8771,7.8771,7.8771,7.8771,7.8771,7.8771,7.8771,7.8771,7.8771,7.8771,7.8771,7.8771,7.8771,7.8771,7.8771,7.8771,7.8771,7.8771,7.8771,7.8771,7.8771,7.8771,7.8771,7.8771,7.8771,7.8771,7.8771,7.8771,7.8771,7.8771,7.8771,7.8771,7.8771,7.8771,7.8771,7.8771,7.8771,7.8771,7.8771,7.8771,7.8771,7.8771,7.8771,7.8771,7.8771,7.8771,7.8771,7.8771,7.8771,7.8771,7.8771,7.8771,7.8771,7.8771,7.8771,7.8771,7.8771,7.8771,7.8771,7.8771,7.8771,7.8771,7.8771,7.8771,7.8771,7.8771,7.8771,7.8771,7.8771,7.8771,7.8771,7.8771,7.8771,7.8771,7.8771,7.8771,7.8771,7.8771,7.8771,7.8771,7.8771,7.8771,7.8771,7.8771,7.8771,7.8771,7.8771,7.8771,7.8771,7.8771,7.8771,7.8771,7.8771,7.8771,7.8771,7.8771,7.8771,7.8771,7.8771,6.2513,6.2311,6.2113,6.1916,6.1736,6.1586,6.1462,6.1337,6.1214,6.1089,6.0967,6.0943,6.0932,6.0923,6.0914,6.0903,6.0894,6.0885,6.0874,6.0865,6.0857,6.0846,6.0837,6.0824,6.0813,6.0799,6.0784,6.0769,6.0751,6.0736,6.0720,6.0703,6.0687,6.0670,6.0654,6.0639,6.0622,6.0611,6.0600,6.0589,6.0580,6.0569,6.0565,6.0598,6.0676,6.0775,6.0874,6.0976,6.1076,6.1176,6.1276,6.1379,6.1480,6.1582,6.1684,6.1786,6.1895,6.2005,6.2115,6.2225,7.8771,7.8771,7.8771,7.8771,7.8771,7.8771,7.8771,7.8771,7.8771,7.8771,7.8771,7.8771,7.8771,7.8771,7.8771,7.8771,7.8771,7.8771,7.8771,7.8771,7.8771,7.8771,7.8771,7.8771,7.8771,7.8771,7.8771,7.8771,7.8771,7.8771,7.8771,7.8771,7.8771,7.8771,7.8771,7.8771,7.8771,7.8771,7.8771,7.8771,7.8771,7.8771,7.8771,7.8771,7.8771,7.8771,7.8771,7.8771,7.8771,7.8771,7.8771,7.8771,7.8771,7.8771,7.8771,7.8771,7.8771,7.8771,7.8771,7.8771,7.8771,7.8771,7.8771,7.8771,7.8771,7.8771,7.8771,7.8771,7.8771,7.8771,7.8771,7.8771,7.8771,7.8771,7.8771,7.8771,7.8771,7.8771,7.8771,7.8771,7.8771,7.8771,7.8771,7.8771,7.8771,7.8771,7.8771,7.8771,7.8771,7.8771,7.8771,7.8771,7.8771,7.8771,7.8771,7.8771,7.8771,7.8771,7.8771,7.8771,7.8771,7.8771,7.8771,7.8771,7.8771,7.8771,7.8771,7.8771,7.8771,7.8771,7.8771,7.8771,7.8771,7.8771,7.8771,7.8771,7.8771,7.8771,7.8771,7.8771,7.8771,7.8771,7.8771,7.8771,7.8771,7.8771,7.8771,7.8771,7.8771,7.8771,7.8771,7.8771,7.8771,7.8771,7.8771,7.8771,7.8771,7.8771,7.8771,7.8771,7.8771,7.8771,7.8771,7.8771,7.8771,7.8771,7.8771,7.8771,7.8771,7.8771,7.8771,7.8771,7.8771,7.8771,7.8771,7.8771,7.8771,7.8771,7.8771,7.8771,7.8771,7.8771,7.8771,7.8771,7.8771,7.8771,7.8771,7.8771,7.8771,7.8771,7.8771,7.8771,7.8771,7.8771,7.8771,7.8771,7.8771,7.8771,7.8771,7.8771,7.8771,7.8771,7.8771,7.8771,7.8771,7.8771,7.8771,7.8771,7.8771,7.8771,7.8771,7.8771,7.8771,7.8771,7.8771,7.8771,7.8771,7.8771,7.8771,7.8771,7.8771,7.8771,7.8771,7.8771,7.8771,7.8771,7.8771,7.8771,7.8771,7.8771,7.8771,7.8771,7.8771,7.8771,7.8771,7.8771,7.8771,7.8771,7.8771,7.8771,7.8771,7.8771,7.8771,7.8771,7.8771,7.8771,7.8771,7.8771,7.8771,7.8771,7.8771,7.8771,7.8771,7.8771,7.8771,7.8771,7.8771,7.8771,7.8771,7.8771,7.8771,7.8771,7.8771,7.8771,7.8771,7.8771,7.8771,7.8771,7.8771,7.8771,7.8771,7.8771,7.8771,7.8771,7.8771,7.8771,7.8771,7.8771,7.8771,7.8771,7.8771,7.8771,7.8771,7.8771,7.8771,7.8771,7.8771,7.8771,7.8771,7.8771,7.8771,7.8771,7.8771,7.8771,7.8771,7.8771,7.8771,7.8771,7.8771,7.8764,7.8764,7.8764,7.8764,7.8764,7.8764,7.8764,7.8764,7.8764,7.8764,7.8764,7.8764,7.8764,7.8764,7.8764,7.8764,7.8764,7.8764,7.8764,7.8764,7.8764,7.8764,7.8764,7.8764,7.8764,7.8764,7.8764,7.8764,7.8764,7.8764,7.8764,7.8764,7.8764,7.8764,7.8764,7.8764,7.8764,7.8764,7.8764,7.8764,7.8764,7.8764,7.8764,7.8764,7.8764,7.8764,7.8764,7.8764,7.8764,7.8764,7.8764,7.8764,7.8764,7.8764,7.8764,7.8764,7.8764,7.8764,7.8764,7.8764,7.8764,7.8764,7.8764,7.8764,7.8764,7.8764,7.8764,7.8764,7.8764,7.8764,7.8764,7.8764,7.8764,7.8764,7.8764,7.8764,7.8764,7.8764,7.8764,7.8764,7.8764,7.8764,7.8764,7.8764,7.8764,7.8764,7.8764,7.8764,7.8764,7.8764,7.8764,7.8764,7.8764,7.8764,7.8764,7.8764,7.8764,7.8764,7.8764,7.8764,7.8764,7.8764,7.8764,7.8764,7.8764,7.8764,7.8764,7.8764,7.8764,7.8764,7.8764,7.8764,7.8764,7.8764,7.8764,7.8764,7.8764,7.8764,7.8764,7.8764,7.8764,7.8764,7.8764,7.8764,7.8764,7.8764,7.8764,7.8764,7.8764,7.8764,7.8764,7.8764,7.8764,7.8764,7.8764,7.8764,7.8764,7.8764,7.8764,7.8764,7.8764,7.8764,7.8764,7.8764,7.8764,7.8764,7.8764,7.8764,7.8764,7.8764,7.8764,7.8764,7.8764,7.8764,7.8764,7.8764,7.8764,7.8764,7.8764,7.8764,7.8764,7.8764,7.8764
7.8701,7.8701,7.8701,7.8701,7.8701,7.8701,7.8701,7.8701,7.8701,7.8701,7.8701,7.8701,7.8701,7.8701,7.8701,7.8701,7.8701,7.8701,7.8701,7.8701,7.8701,7.8701,7.8701,7.8701,7.8701,7.8701,7.8701,7.8701,7.8701,7.8701,7.8701,7.8701,7.8701,7.8701,7.8701,7.8701,7.8701,7.8701,7.8701,7.8701,7.8701,7.8701,7.8701,7.8701,7.8701,7.8701,7.8701,7.8701,7.8701,7.8701,7.8701,7.8701,7.8701,7.8701,7.8701,7.8701,7.8701,7.8701,7.8701,7.8701,7.8701,7.8701,7.8701,7.8701,7.8701,7.8701,7.8701,7.8701,7.8701,7.8701,7.8701,7.8701,7.8701,7.8701,7.8701,7.8701,7.8701,7.8701,7.8701,7.8701,7.8701,7.8701,7.8701,7.8701,7.8701,7.8701,7.8701,7.8701,7.8701,7.8701,7.8701,7.8701,7.8701,7.8701,7.8701,7.8701,7.8701,7.8701,7.8701,7.8701,7.8701,7.8701,7.8701,7.8701,7.8701,7.8701,7.8701,7.8701,7.8701,7.8701,7.8701,7.8701,7.8701,7.8701,7.8701,7.8701,7.8701,7.8701,7.8701,7.8701,7.8701,7.8701,7.8701,7.8694,7.8694,7.8694,7.8694,7.8694,7.8694,7.8694,7.8694,7.8694,7.8694,7.8694,7.8694,7.8694,7.8694,7.8694,7.8694,7.8694,7.8694,7.8694,7.8694,7.8694,7.8694,7.8694,7.8694,7.8694,7.8694,7.8694,7.8694,7.8694,7.8694,7.8694,7.8694,7.8694,7.8694,7.8694,7.8694,7.8694,7.8694,7.8694,7.8694,7.8694,7.8694,7.8694,7.8694,7.8694,7.8694,7.8694,7.8694,7.8694,7.8694,7.8694,7.8694,7.8694,7.8694,7.8694,7.8694,7.8694,7.8694,7.8694,7.8694,7.8694,7.8694,7.8694,7.8694,7.8694,7.8694,7.8694,7.8694,7.8694,7.8694,7.8694,7.8694,7.8694,7.8694,7.8694,7.8694,7.8694,7.8694,7.8694,7.8694,7.8694,7.8694,7.8694,7.8694,7.8694,7.8694,7.8694,7.8694,7.8694,7.8694,7.8694,7.8694,7.8694,7.8694,7.8694,7.8694,7.8694,7.8694,7.8694,7.8694,7.8694,7.8694,7.8694,7.8694,7.8694,7.8694,7.8694,7.8694,7.8694,7.8694,7.8694,7.8694,7.8694,7.8694,7.8694,7.8694,7.8694,7.8694,7.8694,7.8694,7.8694,7.8694,7.8694,7.8694,7.8694,7.8694,7.8694,7.8694,7.8694,7.8694,7.8694,7.8694,7.8694,7.8694,7.8694,7.8694,7.8694,7.8694,7.8694,7.8694,7.8694,7.8694,7.8694,7.8694,7.8694,7.8694,7.8694,7.8694,7.8694,7.8694,7.8694,7.8694,7.8694,7.8694,7.8694,7.8694,7.8694,7.8694,7.8694,7.8694,7.8694,7.8694,7.8694,7.8694,7.8694,7.8694,7.8694,7.8694,7.8694,7.8694,7.8694,7.8694,7.8694,7.8694,7.8694,7.8694,7.8694,7.8694,7.8694,7.8694,7.8694,7.8694,7.8694,7.8694,7.8694,7.8694,7.8694,7.8694,7.8694,7.8694,7.8694,7.8694,7.8694,7.8694,7.8694,7.8694,7.8694,7.8694,7.8694,7.8694,7.8694,7.8694,7.8694,7.8694,7.8694,7.8694,7.8694,7.8694,7.8694,7.8694,7.8694,7.8694,7.8694,7.8694,7.8694,7.8694,7.8694,7.8694,7.8694,7.8694,7.8694,7.8694,7.8694,7.8694,7.8694,7.8694,7.8694,7.8694,7.8694,7.8694,7.8694,7.8694,7.8694,7.8694,7.8694,7.8694,7.8694,7.8694,7.8694,7.8694,7.8694,7.8694,7.8694,7.8694,7.8694,7.8694,7.8694,7.8694,7.8694,7.8694,7.8694,7.8694,7.8694,7.8694,7.8694,7.8694,7.8694,7.8694,7.8694,7.8694,7.8694,7.8694,7.8694,7.8694,7.8694,7.8694,7.8694,7.8694,7.8694,7.8694,7.8694,7.8694,7.8694,7.8694,7.8694,7.8694,7.8694,7.8694,7.8694,7.8694,7.8694,7.8694,7.8694,7.8694,7.8694,7.8694,7.8694,7.8694,7.8694,7.8694,7.8694,7.8694,7.8694,7.8694,7.8694,7.8694,7.8694,7.8694,7.8694,7.8694,7.8694,7.8694,7.8694,7.8694,7.8694,7.8694,7.8694,7.8694,7.8694,7.8694,7.8694,7.8694,7.8694,7.8694,7.8694,7.8694,7.8694,7.8694,7.8694,7.8694,7.8694,7.8694,7.8694,7.8694,7.8694,7.8694,7.8694,7.8694,7.8694,7.8694,7.8694,7.8694,6.2492,6.2278,6.2069,6.1859,6.1659,6.1501,6.1343,6.1212,6.1089,6.0965,6.0843,6.0771,6.0760,6.0751,6.0742,6.0731,6.0722,6.0714,6.0703,6.0694,6.0685,6.0676,6.0665,6.0661,6.0654,6.0650,6.0643,6.0633,6.0624,6.0613,6.0602,6.0593,6.0582,6.0571,6.0560,6.0552,6.0541,6.0530,6.0521,6.0510,6.0499,6.0491,6.0480,6.0469,6.0471,6.0480,6.0491,6.0523,6.0571,6.0619,6.0670,6.0764,6.0863,6.0965,6.1065,6.1165,6.1267,6.1368,6.1469,6.1571,6.1675,6.1774,6.1881,6.1991,6.2101,7.8694,7.8694,7.8694,7.8694,7.8694,7.8694,7.8694,7.8694,7.8694,7.8694,7.8694,7.8694,7.8694,7.8694,7.8694,7.8694,7.8694,7.8694,7.8694,7.8694,7.8694,7.8694,7.8694,7.8694,7.8694,7.8694,7.8694,7.8694,7.8694,7.8694,7.8694,7.8694,7.8694,7.8694,7.8694,7.8694,7.8694,7.8694,7.8694,7.8694,7.8694,7.8694,7.8694,7.8694,7.8694,7.8694,7.8694,7.8694,7.8694,7.8694,7.8694,7.8694,7.8694,7.8694,7.8694,7.8694,7.8694,7.8694,7.8694,7.8694,7.8694,7.8694,7.8694,7.8694,7.8694,7.8694,7.8694,7.8694,7.8694,7.8694,7.8694,7.8694,7.8694,7.8694,7.8694,7.8694,7.8694,7.8694,7.8694,7.8694,7.8694,7.8694,7.8694,7.8694,7.8694,7.8694,7.8694,7.8694,7.8694,7.8694,7.8694,7.8694,7.8694,7.8694,7.8694,7.8694,7.8694,7.8694,7.8694,7.8694,7.8694,7.8694,7.8694,7.8694,7.8694,7.8694,7.8694,7.8694,7.8694,7.8694,7.8694,7.8694,7.8694,7.8694,7.8694,7.8694,7.8694,7.8694,7.8694,7.8694,7.8694,7.8694,7.8694,7.8694,7.8694,7.8694,7.8694,7.8694,7.8694,7.8694,7.8694,7.8694,7.8694,7.8694,7.8694,7.8694,7.8694,7.8694,7.8694,7.8694,7.8694,7.8694,7.8694,7.8694,7.8694,7.8694,7.8694,7.8694,7.8694,7.8694,7.8694,7.8694,7.8694,7.8694,7.8694,7.8694,7.8694,7.8694,7.8694,7.8694,7.8694,7.8694,7.8694,7.8694,7.8694,7.8694,7.8694,7.8694,7.8694,7.8694,7.8694,7.8694,7.8694,7.8694,7.8694,7.8694,7.8694,7.8694,7.8694,7.8694,7.8694,7.8694,7.8694,7.8694,7.8694,7.8694,7.8694,7.8694,7.8694,7.8694,7.8694,7.8694,7.8694,7.8694,7.8694,7.8694,7.8694,7.8694,7.8694,7.8694,7.8694,7.8694,7.8694,7.8694,7.8694,7.8694,7.8694,7.8694,7.8694,7.8694,7.8694,7.8694,7.8694,7.8694,7.8694,7.8694,7.8694,7.8694,7.8694,7.8694,7.8694,7.8694,7.8694,7.8694,7.8694,7.8694,7.8694,7.8694,7.8694,7.8694,7.8694,7.8694,7.8694,7.8694,7.8694,7.8694,7.8694,7.8694,7.8694,7.8694,7.8694,7.8694,7.8694,7.8694,7.8694,7.8694,7.8694,7.8694,7.8694,7.8694,7.8694,7.8694,7.8694,7.8694,7.8694,7.8694,7.8694,7.8694,7.8694,7.8694,7.8694,7.8694,7.8694,7.8694,7.8694,7.8694,7.8694,7.8694,7.8694,7.8694,7.8694,7.8694,7.8694,7.8694,7.8694,7.8694,7.8694,7.8694,7.8694,7.8694,7.8694,7.8694,7.8694,7.8694,7.8694,7.8694,7.8694,7.8694,7.8694,7.8694,7.8694,7.8694,7.8694,7.8694,7.8694,7.8694,7.8694,7.8694,7.8694,7.8694,7.8694,7.8694,7.8694,7.8694,7.8694,7.8694,7.8694,7.8694,7.8694,7.8694,7.8694,7.8694,7.8694,7.8694,7.8694,7.8694,7.8694,7.8694,7.8694,7.8694,7.8694,7.8694,7.8694,7.8694,7.8694,7.8694,7.8694,7.8694,7.8694,7.8694,7.8694,7.8694,7.8694,7.8694,7.8694,7.8694,7.8694,7.8694,7.8694,7.8694,7.8694,7.8694,7.8694,7.8694,7.8694,7.8694,7.8694,7.8694,7.8694,7.8694,7.8694,7.8694,7.8694,7.8694,7.8694,7.8694,7.8694,7.8694,7.8694,7.8694,7.8694,7.8694,7.8694,7.8694,7.8694,7.8694,7.8694,7.8694,7.8694,7.8694,7.8694,7.8694,7.8694,7.8694,7.8694,7.8694,7.8694,7.8694,7.8694,7.8694,7.8694,7.8694,7.8694,7.8694,7.8694,7.8694,7.8694,7.8694,7.8694,7.8694,7.8694,7.8694,7.8694,7.8694,7.8694,7.8694,7.8694,7.8694,7.8694,7.8694,7.8694,7.8694,7.8694,7.8694,7.8694,7.8694,7.8694,7.8694,7.8694,7.8694,7.8694,7.8694,7.8694,7.8694,7.8694,7.8694,7.8694,7.8694,7.8694,7.8694,7.8694,7.8694,7.8694,7.8694,7.8694,7.8694,7.8694,7.8694,7.8694,7.8694,7.8694,7.8694,7.8694,7.8694,7.8694,7.8694,7.8694,7.8694,7.8694,7.8694
7.8631,7.8631,7.8631,7.8631,7.8631,7.8631,7.8631,7.8631,7.8631,7.8631,7.8631,7.8631,7.8631,7.8631,7.8631,7.8631,7.8631,7.8631,7.8631,7.8631,7.8631,7.8631,7.8631,7.8631,7.8631,7.8631,7.8631,7.8631,7.8631,7.8631,7.8631,7.8631,7.8631,7.8631,7.8631,7.8631,7.8631,7.8631,7.8631,7.8631,7.8631,7.8631,7.8631,7.8631,7.8631,7.8631,7.8631,7.8631,7.8631,7.8631,7.8631,7.8631,7.8631,7.8631,7.8631,7.8631,7.8631,7.8631,7.8631,7.8631,7.8631,7.8631,7.8631,7.8631,7.8631,7.8631,7.8631,7.8631,7.8631,7.8631,7.8631,7.8631,7.8631,7.8631,7.8631,7.8631,7.8631,7.8631,7.8631,7.8631,7.8631,7.8631,7.8631,7.8631,7.8631,7.8631,7.8631,7.8631,7.8631,7.8631,7.8631,7.8631,7.8631,7.8631,7.8631,7.8631,7.8631,7.8631,7.8631,7.8631,7.8631,7.8631,7.8631,7.8631,7.8631,7.8631,7.8631,7.8631,7.8631,7.8631,7.8631,7.8631,7.8631,7.8631,7.8631,7.8631,7.8631,7.8631,7.8631,7.8631,7.8631,7.8631,7.8631,7.8631,7.8631,7.8631,7.8631,7.8631,7.8631,7.8631,7.8631,7.8631,7.8631,7.8631,7.8631,7.8631,7.8631,7.8631,7.8631,7.8631,7.8631,7.8631,7.8631,7.8631,7.8631,7.8631,7.8631,7.8631,7.8631,7.8631,7.8631,7.8631,7.8631,7.8631,7.8631,7.8631,7.8631,7.8631,7.8631,7.8631,7.8631,7.8631,7.8631,7.8631,7.8631,7.8631,7.8631,7.8631,7.8631,7.8631,7.8631,7.8631,7.8631,7.8631,7.8631,7.8631,7.8631,7.8631,7.8631,7.8631,7.8631,7.8631,7.8631,7.8631,7.8631,7.8631,7.8631,7.8631,7.8631,7.8631,7.8631,7.8631,7.8631,7.8631,7.8631,7.8631,7.8631,7.8631,7.8631,7.8631,7.8631,7.8631,7.8631,7.8631,7.8631,7.8631,7.8631,7.8631,7.8631,7.8631,7.8631,7.8631,7.8631,7.8631,7.8631,7.8631,7.8631,7.8631,7.8631,7.8631,7.8631,7.8631,7.8631,7.8631,7.8631,7.8631,7.8631,7.8631,7.8631,7.8631,7.8631,7.8631,7.8631,7.8631,7.8631,7.8631,7.8631,7.8631,7.8631,7.8631,7.8631,7.8631,7.8631,7.8631,7.8631,7.8631,7.8631,7.8631,7.8631,7.8631,7.8631,7.8631,7.8631,7.8631,7.8631,7.8631,7.8631,7.8631,7.8631,7.8631,7.8631,7.8631,7.8631,7.8631,7.8631,7.8631,7.8631,7.8631,7.8631,7.8631,7.8631,7.8631,7.8631,7.8631,7.8631,7.8631,7.8631,7.8631,7.8631,7.8631,7.8631,7.8631,7.8631,7.8631,7.8631,7.8631,7.8631,7.8631,7.8631,7.8631,7.8631,7.8631,7.8631,7.8631,7.8631,7.8631,7.8631,7.8631,7.8631,7.8631,7.8631,7.8631,7.8631,7.8631,7.8631,7.8631,7.8631,7.8631,7.8631,7.8631,7.8631,7.8631,7.8631,7.8631,7.8631,7.8631,7.8631,7.8631,7.8631,7.8631,7.8631,7.8631,7.8631,7.8631,7.8631,7.8631,7.8631,7.8631,7.8631,7.8631,7.8631,7.8631,7.8631,7.8631,7.8631,7.8631,7.8631,7.8631,7.8631,7.8631,7.8631,7.8631,7.8631,7.8631,7.8631,7.8631,7.8631,7.8631,7.8631,7.8631,7.8631,7.8631,7.8631,7.8631,7.8631,7.8631,7.8631,7.8631,7.8631,7.8631,7.8631,7.8631,7.8631,7.8631,7.8631,7.8631,7.8631,7.8631,7.8631,7.8631,7.8631,7.8631,7.8631,7.8631,7.8631,7.8631,7.8631,7.8631,7.8631,7.8631,7.8631,7.8631,7.8631,7.8631,7.8631,7.8631,7.8631,7.8631,7.8631,7.8631,7.8631,7.8631,7.8631,7.8631,7.8631,7.8631,7.8631,7.8631,7.8631,7.8631,7.8631,7.8631,7.8631,7.8631,7.8631,7.8631,7.8631,7.8631,7.8631,7.8631,7.8631,7.8631,7.8631,7.8631,7.8631,7.8631,7.8631,7.8631,7.8631,7.8631,7.8631,7.8631,7.8631,7.8631,7.8631,7.8631,7.8631,7.8631,7.8631,7.8631,7.8631,7.8631,7.8631,7.8631,7.8631,7.8631,7.8631,7.8631,7.8631,7.8631,7.8631,7.8631,7.8631,7.8631,7.8631,7.8631,7.8631,7.8631,7.8631,7.8631,7.8631,7.8631,7.8631,6.2464,6.2251,6.2041,6.1831,6.1634,6.1478,6.1321,6.1165,6.1011,6.0857,6.0703,6.0643,6.0626,6.0619,6.0615,6.0608,6.0604,6.0598,6.0593,6.0587,6.0582,6.0576,6.0571,6.0565,6.0560,6.0554,6.0549,6.0543,6.0532,6.0523,6.0512,6.0504,6.0493,6.0482,6.0471,6.0462,6.0451,6.0441,6.0432,6.0421,6.0410,6.0401,6.0391,6.0380,6.0369,6.0378,6.0386,6.0397,6.0406,6.0414,6.0449,6.0497,6.0545,6.0595,6.0643,6.0694,6.0753,6.0854,6.0954,6.1054,6.1156,6.1256,6.1357,6.1458,6.1559,6.1661,6.1763,6.1865,6.2557,7.8631,7.8631,7.8631,7.8631,7.8631,7.8631,7.8631,7.8631,7.8631,7.8631,7.8631,7.8631,7.8631,7.8631,7.8631,7.8631,7.8631,7.8631,7.8631,7.8631,7.8631,7.8631,7.8631,7.8631,7.8631,7.8631,7.8631,7.8631,7.8631,7.8631,7.8631,7.8631,7.8631,7.8631,7.8631,7.8631,7.8631,7.8631,7.8631,7.8631,7.8631,7.8631,7.8631,7.8631,7.8631,7.8631,7.8631,7.8631,7.8631,7.8631,7.8631,7.8631,7.8631,7.8631,7.8631,7.8631,7.8631,7.8631,7.8631,7.8631,7.8631,7.8631,7.8631,7.8631,7.8631,7.8631,7.8631,7.8631,7.8631,7.8631,7.8631,7.8631,7.8631,7.8631,7.8631,7.8631,7.8631,7.8631,7.8631,7.8631,7.8631,7.8631,7.8631,7.8631,7.8631,7.8631,7.8631,7.8631,7.8631,7.8631,7.8631,7.8631,7.8631,7.8631,7.8631,7.8631,7.8631,7.8631,7.8631,7.8631,7.8631,7.8631,7.8631,7.8631,7.8631,7.8631,7.8631,7.8631,7.8631,7.8631,7.8631,7.8631,7.8631,7.8631,7.8631,7.8631,7.8631,7.8631,7.8631,7.8631,7.8631,7.8631,7.8631,7.8631,7.8631,7.8631,7.8631,7.8631,7.8631,7.8631,7.8631,7.8631,7.8631,7.8631,7.8631,7.8631,7.8631,7.8631,7.8631,7.8631,7.8631,7.8631,7.8631,7.8631,7.8631,7.8631,7.8631,7.8631,7.8631,7.8631,7.8631,7.8631,7.8631,7.8631,7.8631,7.8631,7.8631,7.8631,7.8631,7.8631,7.8631,7.8631,7.8631,7.8631,7.8631,7.8631,7.8631,7.8631,7.8631,7.8631,7.8631,7.8631,7.8631,7.8631,7.8631,7.8631,7.8631,7.8631,7.8631,7.8631,7.8631,7.8631,7.8631,7.8631,7.8631,7.8631,7.8631,7.8631,7.8631,7.8631,7.8631,7.8631,7.8631,7.8631,7.8631,7.8631,7.8631,7.8631,7.8631,7.8631,7.8631,7.8631,7.8631,7.8631,7.8631,7.8631,7.8631,7.8631,7.8631,7.8631,7.8631,7.8631,7.8631,7.8631,7.8631,7.8631,7.8631,7.8631,7.8631,7.8631,7.8631,7.8631,7.8631,7.8631,7.8631,7.8631,7.8631,7.8631,7.8631,7.8631,7.8631,7.8631,7.8631,7.8631,7.8631,7.8631,7.8631,7.8631,7.8631,7.8631,7.8631,7.8631,7.8631,7.8631,7.8631,7.8631,7.8631,7.8631,7.8631,7.8631,7.8631,7.8631,7.8631,7.8631,7.8631,7.8631,7.8631,7.8631,7.8631,7.8631,7.8631,7.8631,7.8631,7.8631,7.8631,7.8631,7.8631,7.8631,7.8631,7.8631,7.8631,7.8631,7.8631,7.8631,7.8631,7.8631,7.8631,7.8631,7.8631,7.8631,7.8631,7.8631,7.8631,7.8631,7.8631,7.8631,7.8631,7.8631,7.8631,7.8631,7.8631,7.8631,7.8631,7.8631,7.8631,7.8631,7.8631,7.8631,7.8631,7.8631,7.8631,7.8631,7.8631,7.8631,7.8631,7.8631,7.8631,7.8631,7.8631,7.8631,7.8631,7.8631,7.8631,7.8631,7.8631,7.8631,7.8631,7.8631,7.8631,7.8631,7.8631,7.8631,7.8631,7.8631,7.8631,7.8631,7.8631,7.8631,7.8631,7.8631,7.8631,7.8631,7.8631,7.8631,7.8631,7.8631,7.8631,7.8631,7.8631,7.8631,7.8631,7.8631,7.8631,7.8631,7.8631,7.8631,7.8631,7.8631,7.8631,7.8631,7.8631,7.8631,7.8627,7.8627,7.8627,7.8627,7.8627,7.8627,7.8627,7.8627,7.8627,7.8627,7.8627,7.8627,7.8627,7.8627,7.8627,7.8627,7.8627,7.8627,7.8627,7.8627,7.8627,7.8627,7.8627,7.8627,7.8627,7.8627,7.8627,7.8627,7.8627,7.8627,7.8627,7.8627,7.8627,7.8627,7.8627,7.8627,7.8627,7.8627,7.8627,7.8627,7.8627,7.8627,7.8627,7.8627,7.8627,7.8627,7.8627,7.8627,7.8627,7.8627,7.8627,7.8627,7.8627,7.8627,7.8627,7.8627,7.8627,7.8627,7.8627,7.8627,7.8627,7.8627,7.8627,7.8627,7.8627,7.8627,7.8627,7.8627,7.8627,7.8627,7.8627,7.8627,7.8627,7.8627,7.8627,7.8627,7.8627,7.8627,7.8627,7.8627,7.8627,7.8627,7.8627,7.8627,7.8627,7.8627
7.8565,7.8565,7.8565,7.8565,7.8565,7.8565,7.8565,7.8565,7.8565,7.8565,7.8565,7.8565,7.8565,7.8565,7.8565,7.8565,7.8565,7.8565,7.8565,7.8565,7.8565,7.8565,7.8565,7.8565,7.8565,7.8565,7.8565,7.8565,7.8565,7.8565,7.8565,7.8565,7.8565,7.8565,7.8565,7.8565,7.8565,7.8565,7.8565,7.8565,7.8565,7.8565,7.8565,7.8565,7.8565,7.8565,7.8565,7.8565,7.8565,7.8565,7.8565,7.8565,7.8565,7.8565,7.8565,7.8565,7.8565,7.8565,7.8565,7.8565,7.8565,7.8565,7.8565,7.8565,7.8565,7.8565,7.8565,7.8565,7.8565,7.8565,7.8565,7.8565,7.8565,7.8565,7.8565,7.8565,7.8565,7.8565,7.8565,7.8565,7.8565,7.8565,7.8565,7.8565,7.8565,7.8565,7.8565,7.8565,7.8565,7.8565,7.8565,7.8565,7.8565,7.8565,7.8565,7.8565,7.8565,7.8565,7.8565,7.8565,7.8565,7.8565,7.8565,7.8565,7.8565,7.8565,7.8565,7.8565,7.8565,7.8565,7.8565,7.8565,7.8565,7.8565,7.8565,7.8565,7.8565,7.8565,7.8565,7.8565,7.8565,7.8565,7.8565,7.8565,7.8565,7.8565,7.8565,7.8565,7.8565,7.8565,7.8565,7.8565,7.8565,7.8565,7.8565,7.8565,7.8565,7.8565,7.8565,7.8565,7.8565,7.8565,7.8565,7.8565,7.8565,7.8565,7.8565,7.8565,7.8565,7.8565,7.8565,7.8565,7.8565,7.8565,7.8565,7.8565,7.8565,7.8565,7.8565,7.8565,7.8565,7.8565,7.8565,7.8565,7.8565,7.8565,7.8565,7.8565,7.8565,7.8565,7.8565,7.8565,7.8565,7.8565,7.8565,7.8565,7.8565,7.8565,7.8565,7.8565,7.8565,7.8565,7.8565,7.8565,7.8565,7.8565,7.8565,7.8565,7.8565,7.8565,7.8565,7.8565,7.8565,7.8565,7.8565,7.8565,7.8565,7.8565,7.8565,7.8565,7.8565,7.8565,7.8565,7.8565,7.8565,7.8565,7.8565,7.8565,7.8565,7.8565,7.8565,7.8565,7.8565,7.8565,7.8565,7.8565,7.8565,7.8565,7.8565,7.8565,7.8565,7.8565,7.8565,7.8565,7.8565,7.8565,7.8565,7.8565,7.8565,7.8565,7.8565,7.8565,7.8565,7.8565,7.8565,7.8565,7.8565,7.8565,7.8565,7.8565,7.8565,7.8565,7.8565,7.8565,7.8565,7.8565,7.8565,7.8565,7.8565,7.8565,7.8565,7.8565,7.8565,7.8565,7.8565,7.8565,7.8565,7.8565,7.8565,7.8565,7.8565,7.8565,7.8557,7.8557,7.8557,7.8557,7.8557,7.8557,7.8557,7.8557,7.8557,7.8557,7.8557,7.8557,7.8557,7.8557,7.8557,7.8557,7.8557,7.8557,7.8557,7.8557,7.8557,7.8557,7.8557,7.8557,7.8557,7.8557,7.8557,7.8557,7.8557,7.8557,7.8557,7.8557,7.8557,7.8557,7.8557,7.8557,7.8557,7.8557,7.8557,7.8557,7.8557,7.8557,7.8557,7.8557,7.8557,7.8557,7.8557,7.8557,7.8557,7.8557,7.8557,7.8557,7.8557,7.8557,7.8557,7.8557,7.8557,7.8557,7.8557,7.8557,7.8557,7.8557,7.8557,7.8557,7.8557,7.8557,7.8557,7.8557,7.8557,7.8557,7.8557,7.8557,7.8557,7.8557,7.8557,7.8557,7.8557,7.8557,7.8557,7.8557,7.8557,7.8557,7.8557,7.8557,7.8557,7.8557,7.8557,7.8557,7.8557,7.8557,7.8557,7.8557,7.8557,7.8557,7.8557,7.8557,7.8557,7.8557,7.8557,7.8557,7.8557,7.8557,7.8557,7.8557,7.8557,7.8557,7.8557,7.8557,7.8557,7.8557,7.8557,7.8557,7.8557,7.8557,7.8557,7.8557,7.8557,7.8557,7.8557,7.8557,7.8557,7.8557,7.8557,7.8557,7.8557,7.8557,7.8557,7.8557,7.8557,7.8557,7.8557,7.8557,7.8557,7.8557,7.8557,7.8557,7.8557,7.8557,7.8557,7.8557,7.8557,7.8557,7.8557,7.8557,7.8557,7.8557,7.8557,7.8557,7.8557,7.8557,7.8557,7.8557,7.8557,7.8557,7.8557,7.8557,7.8557,7.8557,7.8557,7.8557,7.8557,7.8557,7.8557,7.8557,7.8557,7.8557,7.8557,7.8557,7.8557,7.8557,7.8557,7.8557,7.8557,7.8557,7.8557,7.8557,7.8557,7.8557,7.8557,7.8557,7.8557,7.8557,7.8557,7.8557,7.8557,7.8557,7.8557,7.8557,7.8557,6.2436,6.2223,6.2014,6.1804,6.1611,6.1453,6.1299,6.1142,6.0987,6.0835,6.0718,6.0650,6.0587,6.0563,6.0539,6.0515,6.0508,6.0501,6.0497,6.0491,6.0486,6.0480,6.0475,6.0469,6.0464,6.0458,6.0454,6.0447,6.0441,6.0432,6.0421,6.0412,6.0401,6.0393,6.0382,6.0373,6.0362,6.0351,6.0343,6.0332,6.0321,6.0312,6.0302,6.0291,6.0280,6.0273,6.0284,6.0293,6.0304,6.0312,6.0321,6.0332,6.0341,6.0375,6.0423,6.0471,6.0521,6.0569,6.0619,6.0668,6.0716,6.0766,6.0843,6.0943,6.1042,6.1142,6.1243,6.1343,6.1444,6.1546,6.1647,6.1749,7.8557,7.8557,7.8557,7.8557,7.8557,7.8557,7.8557,7.8557,7.8557,7.8557,7.8557,7.8557,7.8557,7.8557,7.8557,7.8557,7.8557,7.8557,7.8557,7.8557,7.8557,7.8557,7.8557,7.8557,7.8557,7.8557,7.8557,7.8557,7.8557,7.8557,7.8557,7.8557,7.8557,7.8557,7.8557,7.8557,7.8557,7.8557,7.8557,7.8557,7.8557,7.8557,7.8557,7.8557,7.8557,7.8557,7.8557,7.8557,7.8557,7.8557,7.8557,7.8557,7.8557,7.8557,7.8557,7.8557,7.8557,7.8557,7.8557,7.8557,7.8557,7.8557,7.8557,7.8557,7.8557,7.8557,7.8557,7.8557,7.8557,7.8557,7.8557,7.8557,7.8557,7.8557,7.8557,7.8557,7.8557,7.8557,7.8557,7.8557,7.8557,7.8557,7.8557,7.8557,7.8557,7.8557,7.8557,7.8557,7.8557,7.8557,7.8557,7.8557,7.8557,7.8557,7.8557,7.8557,7.8557,7.8557,7.8557,7.8557,7.8557,7.8557,7.8557,7.8557,7.8557,7.8557,7.8557,7.8557,7.8557,7.8557,7.8557,7.8557,7.8557,7.8557,7.8557,7.8557,7.8557,7.8557,7.8557,7.8557,7.8557,7.8557,7.8557,7.8557,7.8557,7.8557,7.8557,7.8557,7.8557,7.8557,7.8557,7.8557,7.8557,7.8557,7.8557,7.8557,7.8557,7.8557,7.8557,7.8557,7.8557,7.8557,7.8557,7.8557,7.8557,7.8557,7.8557,7.8557,7.8557,7.8557,7.8557,7.8557,7.8557,7.8557,7.8557,7.8557,7.8557,7.8557,7.8557,7.8557,7.8557,7.8557,7.8557,7.8557,7.8557,7.8557,7.8557,7.8557,7.8557,7.8557,7.8557,7.8557,7.8557,7.8557,7.8557,7.8557,7.8557,7.8557,7.8557,7.8557,7.8557,7.8557,7.8557,7.8557,7.8557,7.8557,7.8557,7.8557,7.8557,7.8557,7.8557,7.8557,7.8557,7.8557,7.8557,7.8557,7.8557,7.8557,7.8557,7.8557,7.8557,7.8557,7.8557,7.8557,7.8557,7.8557,7.8557,7.8557,7.8557,7.8557,7.8557,7.8557,7.8557,7.8557,7.8557,7.8557,7.8557,7.8557,7.8557,7.8557,7.8557,7.8557,7.8557,7.8557,7.8557,7.8557,7.8557,7.8557,7.8557,7.8557,7.8557,7.8557,7.8557,7.8557,7.8557,7.8557,7.8557,7.8557,7.8557,7.8557,7.8557,7.8557,7.8557,7.8557,7.8557,7.8557,7.8557,7.8557,7.8557,7.8557,7.8557,7.8557,7.8557,7.8557,7.8557,7.8557,7.8557,7.8557,7.8557,7.8557,7.8557,7.8557,7.8557,7.8557,7.8557,7.8557,7.8557,7.8557,7.8557,7.8557,7.8557,7.8557,7.8557,7.8557,7.8557,7.8557,7.8557,7.8557,7.8557,7.8557,7.8557,7.8557,7.8557,7.8557,7.8557,7.8557,7.8557,7.8557,7.8557,7.8557,7.8557,7.8557,7.8557,7.8557,7.8557,7.8557,7.8557,7.8557,7.8557,7.8557,7.8557,7.8557,7.8557,7.8557,7.8557,7.8557,7.8557,7.8557,7.8557,7.8557,7.8557,7.8557,7.8557,7.8557,7.8557,7.8557,7.8557,7.8557,7.8557,7.8557,7.8557,7.8557,7.8557,7.8557,7.8557,7.8557,7.8557,7.8557,7.8557,7.8557,7.8557,7.8557,7.8557,7.8557,7.8557,7.8557,7.8557,7.8557,7.8557,7.8557,7.8557,7.8557,7.8557,7.8557,7.8557,7.8557,7.8557,7.8557,7.8557,7.8557,7.8557,7.8557,7.8557,7.8557,7.8557,7.8557,7.8557,7.8557,7.8557,7.8557,7.8557,7.8557,7.8557,7.8557,7.8557,7.8557,7.8557,7.8557,7.8557,7.8557,7.8557,7.8557,7.8557,7.8557,7.8557,7.8557,7.8557,7.8557,7.8557,7.8557,7.8557,7.8557,7.8557,7.8557,7.8557,7.8557,7.8557,7.8557,7.8557,7.8557,7.8557,7.8557,7.8557,7.8557,7.8557,7.8557,7.8557,7.8557,7.8557,7.8557,7.8557,7.8557,7.8557,7.8557,7.8557,7.8557,7.8557,7.8557,7.8557,7.8557,7.8557,7.8557,7.8557,7.8557,7.8557,7.8557,7.8557,7.8557,7.8557,7.8557,7.8557,7.8557,7.8557,7.8557,7.8557,7.8557,7.8557,7.8557,7.8557,7.8557,7.8557,7.8557,7.8557,7.8557,7.8557,7.8557,7.8557
7.8488,7.8488,7.8488,7.8488,7.8488,7.8488,7.8488,7.8488,7.8488,7.8488,7.8488,7.8488,7.8488,7.8488,7.8488,7.8488,7.8488,7.8488,7.8488,7.8488,7.8488,7.8488,7.8488,7.8488,7.8488,7.8488,7.8488,7.8488,7.8488,7.8488,7.8488,7.8488,7.8488,7.8488,7.8488,7.8488,7.8488,7.8488,7.8488,7.8488,7.8488,7.8488,7.8488,7.8488,7.8495,7.8495,7.8495,7.8495,7.8495,7.8495,7.8495,7.8495,7.8495,7.8495,7.8495,7.8495,7.8495,7.8495,7.8495,7.8495,7.8495,7.8495,7.8495,7.8495,7.8495,7.8495,7.8495,7.8495,7.8495,7.8495,7.8495,7.8495,7.8495,7.8495,7.8495,7.8495,7.8495,7.8495,7.8495,7.8495,7.8495,7.8495,7.8495,7.8495,7.8495,7.8495,7.8495,7.8495,7.8495,7.8495,7.8495,7.8495,7.8495,7.8495,7.8495,7.8495,7.8495,7.8495,7.8495,7.8495,7.8495,7.8495,7.8495,7.8495,7.8495,7.8495,7.8495,7.8495,7.8495,7.8495,7.8495,7.8495,7.8495,7.8495,7.8495,7.8495,7.8495,7.8495,7.8495,7.8495,7.8495,7.8495,7.8495,7.8495,7.8495,7.8495,7.8495,7.8495,7.8495,7.8495,7.8495,7.8495,7.8495,7.8495,7.8495,7.8495,7.8495,7.8495,7.8495,7.8495,7.8495,7.8495,7.8495,7.8495,7.8495,7.8495,7.8495,7.8495,7.8495,7.8495,7.8495,7.8495,7.8495,7.8495,7.8495,7.8495,7.8495,7.8495,7.8495,7.8495,7.8495,7.8495,7.8495,7.8495,7.8495,7.8495,7.8495,7.8495,7.8495,7.8495,7.8495,7.8495,7.8495,7.8495,7.8495,7.8495,7.8495,7.8495,7.8495,7.8495,7.8495,7.8495,7.8495,7.8495,7.8495,7.8495,7.8495,7.8495,7.8495,7.8495,7.8495,7.8495,7.8495,7.8495,7.8495,7.8495,7.8495,7.8495,7.8495,7.8495,7.8495,7.8495,7.8495,7.8495,7.8495,7.8495,7.8495,7.8495,7.8495,7.8495,7.8495,7.8495,7.8495,7.8495,7.8495,7.8495,7.8495,7.8495,7.8495,7.8495,7.8495,7.8495,7.8495,7.8495,7.8495,7.8495,7.8495,7.8495,7.8495,7.8495,7.8495,7.8495,7.8495,7.8495,7.8495,7.8495,7.8495,7.8495,7.8495,7.8495,7.8495,7.8495,7.8495,7.8495,7.8495,7.8495,7.8495,7.8495,7.8495,7.8495,7.8495,7.8495,7.8495,7.8495,7.8495,7.8495,7.8495,7.8495,7.8495,7.8495,7.8495,7.8495,7.8495,7.8495,7.8495,7.8495,7.8495,7.8495,7.8495,7.8495,7.8495,7.8495,7.8495,7.8495,7.8495,7.8495,7.8495,7.8495,7.8495,7.8495,7.8495,7.8495,7.8495,7.8495,7.8495,7.8495,7.8495,7.8495,7.8495,7.8495,7.8495,7.8495,7.8495,7.8495,7.8495,7.8495,7.8495,7.8495,7.8495,7.8495,7.8495,7.8495,7.8495,7.8495,7.8495,7.8495,7.8495,7.8495,7.8495,7.8495,7.8495,7.8495,7.8495,7.8495,7.8495,7.8495,7.8495,7.8495,7.8495,7.8495,7.8495,7.8495,7.8495,7.8495,7.8495,7.8495,7.8495,7.8495,7.8495,7.8495,7.8495,7.8495,7.8495,7.8495,7.8495,7.8495,7.8495,7.8495,7.8495,7.8495,7.8495,7.8495,7.8495,7.8495,7.8495,7.8495,7.8495,7.8495,7.8495,7.8495,7.8495,7.8495,7.8495,7.8495,7.8495,7.8495,7.8495,7.8495,7.8495,7.8495,7.8495,7.8495,7.8495,7.8495,7.8495,7.8495,7.8495,7.8495,7.8495,7.8495,7.8495,7.8495,7.8495,7.8495,7.8495,7.8495,7.8495,7.8495,7.8495,7.8495,7.8495,7.8495,7.8495,7.8495,7.8495,7.8495,7.8495,7.8495,7.8495,7.8495,7.8495,7.8495,7.8495,7.8495,7.8495,7.8495,7.8495,7.8495,7.8495,7.8495,7.8495,7.8495,7.8495,7.8495,7.8495,7.8495,7.8495,7.8495,7.8495,7.8495,7.8495,7.8495,7.8495,7.8495,7.8495,7.8495,7.8495,7.8495,7.8495,7.8495,7.8495,7.8495,7.8495,7.8495,7.8495,7.8495,7.8495,7.8495,7.8495,7.8495,7.8495,7.8495,7.8495,7.8495,7.8495,7.8495,7.8495,7.8495,7.8495,7.8495,7.8495,7.8495,7.8495,7.8495,7.8495,7.8495,7.8495,7.8495,7.8495,7.8495,6.2195,6.1987,6.1781,6.1589,6.1431,6.1274,6.1120,6.0965,6.0810,6.0736,6.0668,6.0600,6.0532,6.0504,6.0480,6.0456,6.0432,6.0408,6.0397,6.0391,6.0386,6.0380,6.0375,6.0369,6.0364,6.0358,6.0354,6.0347,6.0341,6.0330,6.0321,6.0312,6.0302,6.0293,6.0282,6.0273,6.0263,6.0254,6.0243,6.0232,6.0224,6.0213,6.0202,6.0191,6.0183,6.0181,6.0191,6.0200,6.0209,6.0219,6.0228,6.0237,6.0248,6.0256,6.0267,6.0302,6.0349,6.0397,6.0447,6.0495,6.0545,6.0593,6.0641,6.0692,6.0740,6.0791,6.0839,6.0932,6.1031,6.1129,6.1229,6.1330,6.1431,6.1530,6.1632,7.8495,7.8495,7.8495,7.8495,7.8495,7.8495,7.8495,7.8495,7.8495,7.8495,7.8495,7.8495,7.8495,7.8495,7.8495,7.8495,7.8495,7.8495,7.8495,7.8495,7.8495,7.8495,7.8495,7.8495,7.8495,7.8495,7.8495,7.8495,7.8495,7.8495,7.8495,7.8495,7.8495,7.8495,7.8495,7.8495,7.8495,7.8495,7.8495,7.8495,7.8495,7.8495,7.8495,7.8495,7.8495,7.8495,7.8495,7.8495,7.8495,7.8495,7.8495,7.8495,7.8495,7.8495,7.8495,7.8495,7.8495,7.8495,7.8495,7.8495,7.8495,7.8495,7.8495,7.8495,7.8495,7.8495,7.8495,7.8495,7.8495,7.8495,7.8495,7.8495,7.8495,7.8495,7.8495,7.8495,7.8495,7.8495,7.8495,7.8495,7.8495,7.8495,7.8495,7.8495,7.8495,7.8495,7.8495,7.8495,7.8495,7.8495,7.8495,7.8495,7.8495,7.8495,7.8495,7.8495,7.8495,7.8495,7.8495,7.8495,7.8495,7.8495,7.8495,7.8495,7.8495,7.8495,7.8495,7.8495,7.8495,7.8495,7.8495,7.8495,7.8495,7.8495,7.8495,7.8495,7.8495,7.8495,7.8495,7.8495,7.8495,7.8495,7.8495,7.8495,7.8495,7.8495,7.8495,7.8495,7.8495,7.8495,7.8495,7.8495,7.8495,7.8495,7.8495,7.8495,7.8495,7.8495,7.8495,7.8495,7.8495,7.8495,7.8495,7.8495,7.8495,7.8495,7.8495,7.8495,7.8495,7.8495,7.8495,7.8495,7.8495,7.8495,7.8495,7.8495,7.8495,7.8495,7.8495,7.8495,7.8495,7.8495,7.8495,7.8495,7.8495,7.8495,7.8495,7.8495,7.8495,7.8495,7.8495,7.8495,7.8495,7.8495,7.8495,7.8495,7.8495,7.8495,7.8495,7.8495,7.8495,7.8495,7.8495,7.8495,7.8495,7.8495,7.8495,7.8495,7.8495,7.8495,7.8495,7.8495,7.8495,7.8495,7.8495,7.8495,7.8495,7.8495,7.8495,7.8495,7.8495,7.8495,7.8495,7.8495,7.8495,7.8495,7.8495,7.8495,7.8495,7.8495,7.8495,7.8495,7.8495,7.8495,7.8495,7.8495,7.8495,7.8495,7.8495,7.8495,7.8495,7.8495,7.8495,7.8495,7.8495,7.8495,7.8495,7.8495,7.8495,7.8495,7.8495,7.8495,7.8495,7.8495,7.8495,7.8495,7.8495,7.8495,7.8495,7.8495,7.8495,7.8495,7.8495,7.8495,7.8495,7.8495,7.8495,7.8495,7.8495,7.8495,7.8495,7.8495,7.8495,7.8495,7.8495,7.8495,7.8495,7.8495,7.8495,7.8495,7.8495,7.8495,7.8495,7.8495,7.8495,7.8495,7.8495,7.8495,7.8495,7.8495,7.8495,7.8495,7.8495,7.8495,7.8495,7.8495,7.8495,7.8495,7.8495,7.8495,7.8495,7.8495,7.8495,7.8495,7.8495,7.8495,7.8495,7.8495,7.8495,7.8495,7.8495,7.8495,7.8495,7.8495,7.8495,7.8495,7.8495,7.8495,7.8495,7.8495,7.8495,7.8495,7.8495,7.8495,7.8495,7.8495,7.8495,7.8495,7.8495,7.8495,7.8495,7.8495,7.8495,7.8495,7.8495,7.8495,7.8495,7.8495,7.8495,7.8495,7.8495,7.8495,7.8495,7.8495,7.8495,7.8495,7.8495,7.8495,7.8495,7.8495,7.8495,7.8495,7.8495,7.8495,7.8495,7.8495,7.8495,7.8495,7.8495,7.8495,7.8495,7.8495,7.8495,7.8495,7.8495,7.8495,7.8495,7.8495,7.8495,7.8495,7.8495,7.8495,7.8495,7.8495,7.8495,7.8495,7.8495,7.8495,7.8495,7.8495,7.8495,7.8495,7.8495,7.8495,7.8495,7.8495,7.8495,7.8495,7.8495,7.8495,7.8495,7.8495,7.8495,7.8495,7.8495,7.8495,7.8495,7.8495,7.8495,7.8495,7.8495,7.8495,7.8495,7.8495,7.8495,7.8495,7.8495,7.8495,7.8495,7.8495,7.8495,7.8495,7.8495,7.8495,7.8495,7.8495,7.8495,7.8495,7.8495,7.8495,7.8495,7.8495,7.8495,7.8495,7.8495,7.8495,7.8495,7.8495,7.8495,7.8495,7.8495,7.8495,7.8495,7.8495,7.8495,7.8495,7.8495,7.8495,7.8495,7.8495,7.8495,7.8495,7.8495,7.8495,7.8495,7.8495,7.8495,7.8495,7.8495,7.8495,7.8495,7.8488,7.8488,7.8488,7.8488
7.8418,7.8418,7.8418,7.8418,7.8418,7.8418,7.8418,7.8418,7.8418,7.8418,7.8418,7.8418,7.8418,7.8418,7.8418,7.8418,7.8418,7.8418,7.8418,7.8418,7.8418,7.8418,7.8418,7.8418,7.8418,7.8418,7.8418,7.8418,7.8418,7.8418,7.8418,7.8418,7.8418,7.8418,7.8418,7.8418,7.8418,7.8418,7.8418,7.8418,7.8418,7.8418,7.8418,7.8418,7.8418,7.8418,7.8418,7.8418,7.8418,7.8418,7.8418,7.8418,7.8418,7.8418,7.8418,7.8418,7.8418,7.8418,7.8418,7.8418,7.8418,7.8418,7.8418,7.8418,7.8418,7.8418,7.8418,7.8418,7.8418,7.8418,7.8418,7.8418,7.8418,7.8418,7.8418,7.8418,7.8418,7.8418,7.8418,7.8418,7.8418,7.8418,7.8418,7.8418,7.8418,7.8418,7.8418,7.8418,7.8418,7.8418,7.8418,7.8418,7.8418,7.8418,7.8418,7.8418,7.8418,7.8418,7.8418,7.8418,7.8418,7.8418,7.8418,7.8418,7.8418,7.8418,7.8418,7.8418,7.8418,7.8418,7.8418,7.8418,7.8418,7.8418,7.8418,7.8418,7.8418,7.8418,7.8418,7.8418,7.8418,7.8418,7.8418,7.8418,7.8418,7.8418,7.8418,7.8418,7.8418,7.8418,7.8418,7.8418,7.8418,7.8418,7.8418,7.8418,7.8418,7.8418,7.8418,7.8418,7.8418,7.8418,7.8418,7.8418,7.8418,7.8418,7.8418,7.8418,7.8418,7.8418,7.8418,7.8418,7.8418,7.8418,7.8418,7.8418,7.8418,7.8418,7.8418,7.8418,7.8418,7.8425,7.8425,7.8425,7.8425,7.8425,7.8425,7.8425,7.8425,7.8425,7.8425,7.8425,7.8425,7.8425,7.8425,7.8425,7.8425,7.8425,7.8425,7.8425,7.8425,7.8425,7.8425,7.8425,7.8425,7.8425,7.8425,7.8425,7.8425,7.8425,7.8425,7.8425,7.8425,7.8425,7.8425,7.8425,7.8425,7.8425,7.8425,7.8425,7.8425,7.8425,7.8425,7.8425,7.8425,7.8425,7.8425,7.8425,7.8425,7.8425,7.8425,7.8425,7.8425,7.8425,7.8425,7.8425,7.8425,7.8425,7.8425,7.8425,7.8425,7.8425,7.8425,7.8425,7.8425,7.8425,7.8425,7.8425,7.8425,7.8425,7.8425,7.8425,7.8425,7.8425,7.8425,7.8425,7.8425,7.8425,7.8425,7.8425,7.8425,7.8425,7.8425,7.8425,7.8425,7.8425,7.8425,7.8425,7.8425,7.8425,7.8425,7.8425,7.8425,7.8425,7.8425,7.8425,7.8425,7.8425,7.8425,7.8425,7.8425,7.8425,7.8425,7.8425,7.8425,7.8425,7.8425,7.8425,7.8425,7.8425,7.8425,7.8425,7.8425,7.8425,7.8425,7.8425,7.8425,7.8425,7.8425,7.8425,7.8425,7.8425,7.8425,7.8425,7.8425,7.8425,7.8425,7.8425,7.8425,7.8425,7.8425,7.8425,7.8425,7.8425,7.8425,7.8425,7.8425,7.8425,7.8425,7.8425,7.8425,7.8425,7.8425,7.8425,7.8425,7.8425,7.8425,7.8425,7.8425,7.8425,7.8425,7.8425,7.8425,7.8425,7.8425,7.8425,7.8425,7.8425,7.8425,7.8425,7.8425,7.8425,7.8425,7.8425,7.8425,7.8425,7.8425,7.8425,7.8425,7.8425,7.8425,7.8425,7.8425,7.8425,7.8425,7.8425,7.8425,7.8425,7.8425,7.8425,7.8425,7.8425,7.8425,7.8425,7.8425,7.8425,7.8425,7.8425,7.8425,7.8425,7.8425,7.8425,7.8425,7.8425,7.8425,7.8425,7.8425,7.8425,7.8425,7.8425,7.8425,7.8425,7.8425,7.8425,7.8425,7.8425,7.8425,7.8425,7.8425,7.8425,7.8425,7.8425,7.8425,7.8425,7.8425,7.8425,7.8425,7.8425,7.8425,7.8425,7.8425,7.8425,7.8425,7.8425,7.8425,7.8425,7.8425,7.8425,7.8425,7.8425,7.8425,7.8425,7.8425,7.8425,7.8425,7.8425,7.8425,7.8425,7.8425,7.8425,7.8425,7.8425,7.8425,7.8425,7.8425,7.8425,7.8425,7.8425,7.8425,7.8425,7.8425,7.8425,7.8425,7.8425,7.8425,7.8425,7.8425,7.8425,7.8425,7.8425,7.8425,7.8425,7.8425,7.8425,7.8425,7.8425,7.8425,7.8425,7.8425,7.8425,7.8425,7.8425,7.8425,7.8425,7.8425,7.8425,7.8425,7.8425,7.8425,7.8425,7.8425,7.8425,7.8425,7.8425,7.8425,7.8425,7.8425,7.8425,6.2168,6.1959,6.1761,6.1566,6.1409,6.1252,6.1096,6.0943,6.0821,6.0753,6.0685,6.0617,6.0547,6.0480,6.0447,6.0423,6.0399,6.0375,6.0351,6.0328,6.0304,6.0286,6.0280,6.0276,6.0269,6.0265,6.0258,6.0254,6.0248,6.0239,6.0230,6.0222,6.0211,6.0202,6.0191,6.0183,6.0172,6.0163,6.0155,6.0144,6.0135,6.0125,6.0114,6.0103,6.0094,6.0084,6.0088,6.0099,6.0107,6.0116,6.0127,6.0135,6.0144,6.0155,6.0163,6.0172,6.0183,6.0191,6.0228,6.0276,6.0323,6.0373,6.0421,6.0471,6.0519,6.0567,6.0617,6.0665,6.0714,6.0762,6.0810,6.0861,6.0916,6.1016,6.1114,6.1214,6.1314,6.1415,6.1514,7.8425,7.8425,7.8425,7.8425,7.8425,7.8425,7.8425,7.8425,7.8425,7.8425,7.8425,7.8425,7.8425,7.8425,7.8425,7.8425,7.8425,7.8425,7.8425,7.8425,7.8425,7.8425,7.8425,7.8425,7.8425,7.8425,7.8425,7.8425,7.8425,7.8425,7.8425,7.8425,7.8425,7.8425,7.8425,7.8425,7.8425,7.8425,7.8425,7.8425,7.8425,7.8425,7.8425,7.8425,7.8425,7.8425,7.8425,7.8425,7.8425,7.8425,7.8425,7.8425,7.8425,7.8425,7.8425,7.8425,7.8425,7.8425,7.8425,7.8425,7.8425,7.8425,7.8425,7.8425,7.8425,7.8425,7.8425,7.8425,7.8425,7.8425,7.8425,7.8425,7.8425,7.8425,7.8425,7.8425,7.8425,7.8425,7.8425,7.8425,7.8425,7.8425,7.8425,7.8425,7.8425,7.8425,7.8425,7.8425,7.8425,7.8425,7.8425,7.8425,7.8425,7.8425,7.8425,7.8425,7.8425,7.8425,7.8425,7.8425,7.8425,7.8425,7.8425,7.8425,7.8425,7.8425,7.8425,7.8425,7.8425,7.8425,7.8425,7.8425,7.8425,7.8425,7.8425,7.8425,7.8425,7.8425,7.8425,7.8425,7.8425,7.8425,7.8425,7.8425,7.8425,7.8425,7.8425,7.8425,7.8425,7.8425,7.8425,7.8425,7.8425,7.8425,7.8425,7.8425,7.8425,7.8425,7.8425,7.8425,7.8425,7.8425,7.8425,7.8425,7.8425,7.8425,7.8425,7.8425,7.8425,7.8425,7.8425,7.8425,7.8425,7.8425,7.8425,7.8425,7.8425,7.8425,7.8425,7.8425,7.8425,7.8425,7.8425,7.8425,7.8425,7.8425,7.8425,7.8425,7.8425,7.8425,7.8425,7.8425,7.8425,7.8425,7.8425,7.8425,7.8425,7.8425,7.8425,7.8425,7.8425,7.8425,7.8425,7.8425,7.8425,7.8425,7.8425,7.8425,7.8425,7.8425,7.8425,7.8425,7.8425,7.8425,7.8425,7.8425,7.8425,7.8425,7.8425,7.8425,7.8425,7.8425,7.8425,7.8425,7.8425,7.8425,7.8425,7.8425,7.8425,7.8425,7.8425,7.8425,7.8425,7.8425,7.8425,7.8425,7.8425,7.8425,7.8425,7.8425,7.8425,7.8425,7.8425,7.8425,7.8425,7.8425,7.8425,7.8425,7.8425,7.8425,7.8425,7.8425,7.8425,7.8425,7.8425,7.8425,7.8425,7.8425,7.8425,7.8425,7.8425,7.8425,7.8425,7.8425,7.8425,7.8425,7.8425,7.8425,7.8425,7.8425,7.8425,7.8425,7.8425,7.8425,7.8425,7.8425,7.8425,7.8425,7.8425,7.8425,7.8425,7.8425,7.8425,7.8425,7.8425,7.8425,7.8425,7.8425,7.8425,7.8425,7.8425,7.8425,7.8425,7.8425,7.8425,7.8425,7.8425,7.8425,7.8425,7.8425,7.8425,7.8425,7.8425,7.8425,7.8425,7.8425,7.8425,7.8425,7.8425,7.8425,7.8425,7.8425,7.8425,7.8425,7.8425,7.8425,7.8425,7.8425,7.8425,7.8425,7.8425,7.8425,7.8425,7.8425,7.8425,7.8425,7.8425,7.8425,7.8425,7.8425,7.8425,7.8425,7.8425,7.8425,7.8425,7.8425,7.8425,7.8425,7.8425,7.8425,7.8425,7.8425,7.8425,7.8425,7.8425,7.8425,7.8425,7.8425,7.8425,7.8425,7.8425,7.8425,7.8425,7.8425,7.8425,7.8425,7.8425,7.8425,7.8425,7.8425,7.8425,7.8425,7.8425,7.8425,7.8425,7.8425,7.8425,7.8425,7.8425,7.8425,7.8425,7.8425,7.8425,7.8425,7.8425,7.8425,7.8425,7.8425,7.8425,7.8425,7.8425,7.8425,7.8425,7.8425,7.8425,7.8425,7.8425,7.8425,7.8425,7.8425,7.8425,7.8425,7.8425,7.8425,7.8425,7.8425,7.8425,7.8425,7.8425,7.8425,7.8425,7.8425,7.8425,7.8425,7.8425,7.8425,7.8425,7.8425,7.8425,7.8425,7.8425,7.8425,7.8425,7.8425,7.8425,7.8425,7.8425,7.8425,7.8425,7.8425,7.8425,7.8425,7.8425,7.8425,7.8425,7.8425,7.8425,7.8425,7.8425,7.8425,7.8425,7.8425,7.8425,7.8425,7.8425,7.8425,7.8425,7.8425,7.8425,7.8425,7.8425,7.8425,7.8425,7.8425,7.8425,7.8425,7.8425,7.8425,7.8425,7.8425,7.8425,7.8425,7.8425
7.8352,7.8352,7.8352,7.8352,7.8352,7.8352,7.8352,7.8352,7.8352,7.8352,7.8352,7.8352,7.8352,7.8352,7.8352,7.8352,7.8352,7.8352,7.8352,7.8352,7.8352,7.8352,7.8352,7.8352,7.8352,7.8352,7.8352,7.8352,7.8352,7.8352,7.8352,7.8352,7.8352,7.8352,7.8352,7.8352,7.8352,7.8352,7.8352,7.8352,7.8352,7.8352,7.8352,7.8352,7.8352,7.8352,7.8352,7.8352,7.8352,7.8352,7.8352,7.8352,7.8352,7.8352,7.8352,7.8352,7.8352,7.8352,7.8352,7.8352,7.8352,7.8352,7.8352,7.8352,7.8352,7.8352,7.8352,7.8352,7.8352,7.8352,7.8352,7.8352,7.8352,7.8352,7.8352,7.8352,7.8352,7.8352,7.8352,7.8352,7.8352,7.8352,7.8352,7.8352,7.8352,7.8352,7.8352,7.8352,7.8352,7.8352,7.8352,7.8352,7.8352,7.8352,7.8352,7.8352,7.8352,7.8352,7.8352,7.8352,7.8352,7.8352,7.8352,7.8352,7.8352,7.8352,7.8352,7.8352,7.8352,7.8352,7.8352,7.8352,7.8352,7.8352,7.8352,7.8352,7.8352,7.8352,7.8352,7.8352,7.8352,7.8352,7.8352,7.8352,7.8352,7.8352,7.8352,7.8352,7.8352,7.8352,7.8352,7.8352,7.8352,7.8352,7.8352,7.8352,7.8352,7.8352,7.8352,7.8352,7.8352,7.8352,7.8352,7.8352,7.8352,7.8352,7.8352,7.8352,7.8352,7.8352,7.8352,7.8352,7.8352,7.8352,7.8352,7.8352,7.8352,7.8352,7.8352,7.8352,7.8352,7.8352,7.8352,7.8352,7.8352,7.8352,7.8352,7.8352,7.8352,7.8352,7.8352,7.8352,7.8352,7.8352,7.8352,7.8352,7.8352,7.8352,7.8352,7.8352,7.8352,7.8352,7.8352,7.8352,7.8352,7.8352,7.8352,7.8352,7.8352,7.8352,7.8352,7.8352,7.8352,7.8352,7.8352,7.8352,7.8352,7.8352,7.8352,7.8352,7.8352,7.8352,7.8352,7.8352,7.8352,7.8352,7.8352,7.8352,7.8352,7.8352,7.8352,7.8352,7.8352,7.8352,7.8352,7.8352,7.8352,7.8352,7.8352,7.8352,7.8352,7.8352,7.8352,7.8352,7.8352,7.8352,7.8352,7.8352,7.8352,7.8352,7.8352,7.8352,7.8352,7.8352,7.8352,7.8352,7.8352,7.8352,7.8352,7.8352,7.8352,7.8352,7.8352,7.8352,7.8352,7.8352,7.8352,7.8352,7.8352,7.8352,7.8352,7.8352,7.8352,7.8352,7.8352,7.8352,7.8352,7.8352,7.8352,7.8352,7.8352,7.8352,7.8352,7.8352,7.8352,7.8352,7.8352,7.8352,7.8352,7.8352,7.8352,7.8352,7.8352,7.8352,7.8352,7.8352,7.8352,7.8352,7.8352,7.8352,7.8352,7.8352,7.8352,7.8352,7.8352,7.8352,7.8352,7.8352,7.8352,7.8352,7.8352,7.8352,7.8352,7.8352,7.8352,7.8352,7.8352,7.8352,7.8352,7.8352,7.8352,7.8352,7.8352,7.8352,7.8352,7.8352,7.8352,7.8352,7.8352,7.8352,7.8352,7.8352,7.8352,7.8352,7.8352,7.8352,7.8352,7.8352,7.8352,7.8352,7.8352,7.8352,7.8352,7.8352,7.8352,7.8352,7.8352,7.8352,7.8352,7.8352,7.8352,7.8352,7.8352,7.8352,7.8352,7.8352,7.8352,7.8352,7.8352,7.8352,7.8352,7.8352,7.8352,7.8352,7.8352,7.8352,7.8352,7.8352,7.8352,7.8352,7.8352,7.8352,7.8352,7.8352,7.8352,7.8352,7.8352,7.8352,7.8352,7.8352,7.8352,7.8352,7.8352,7.8352,7.8352,7.8352,7.8352,7.8352,7.8352,7.8352,7.8352,7.8352,7.8352,7.8352,7.8352,7.8352,7.8352,7.8352,7.8352,7.8352,7.8352,7.8352,7.8352,7.8352,7.8352,7.8352,7.8352,7.8352,7.8352,7.8352,7.8352,7.8352,7.8352,7.8352,7.8352,7.8352,7.8352,7.8352,7.8352,7.8352,7.8352,7.8352,7.8352,7.8352,7.8352,7.8352,7.8352,7.8352,7.8352,7.8352,7.8352,7.8352,7.8352,7.8352,7.8352,7.8352,7.8352,7.8352,7.8352,7.8352,7.8352,7.8352,7.8352,7.8352,7.8352,7.8352,7.8352,7.8352,7.8352,7.8352,7.8352,7.8352,7.8352,7.8352,7.8352,7.8352,7.8352,7.8352,7.8352,7.8352,7.8352,7.8352,7.8352,7.8352,7.8352,7.8352,7.8352,6.1934,6.1738,6.1544,6.1384,6.1229,6.1074,6.0918,6.0839,6.0771,6.0703,6.0633,6.0565,6.0497,6.0430,6.0391,6.0367,6.0341,6.0317,6.0293,6.0269,6.0245,6.0222,6.0198,6.0176,6.0170,6.0166,6.0159,6.0155,6.0148,6.0140,6.0131,6.0120,6.0112,6.0101,6.0092,6.0082,6.0073,6.0067,6.0054,6.0045,6.0034,6.0026,6.0017,6.0009,5.9996,5.9987,5.9996,6.0004,6.0015,6.0026,6.0032,6.0043,6.0054,6.0064,6.0071,6.0079,6.0090,6.0099,6.0107,6.0118,6.0155,6.0202,6.0250,6.0299,6.0347,6.0397,6.0445,6.0493,6.0541,6.0589,6.0637,6.0685,6.0733,6.0784,6.0832,6.0883,6.0932,6.1000,6.1098,6.1198,6.1299,6.1400,7.8352,7.8352,7.8352,7.8352,7.8352,7.8352,7.8352,7.8352,7.8352,7.8352,7.8352,7.8352,7.8352,7.8352,7.8352,7.8352,7.8352,7.8352,7.8352,7.8352,7.8352,7.8352,7.8352,7.8356,7.8356,7.8356,7.8356,7.8356,7.8356,7.8356,7.8356,7.8356,7.8356,7.8356,7.8356,7.8356,7.8356,7.8356,7.8356,7.8356,7.8356,7.8356,7.8356,7.8356,7.8356,7.8356,7.8356,7.8356,7.8356,7.8356,7.8356,7.8356,7.8356,7.8356,7.8356,7.8356,7.8356,7.8356,7.8356,7.8356,7.8356,7.8356,7.8356,7.8356,7.8356,7.8356,7.8356,7.8356,7.8356,7.8356,7.8356,7.8356,7.8356,7.8356,7.8356,7.8356,7.8356,7.8356,7.8356,7.8356,7.8356,7.8356,7.8356,7.8356,7.8356,7.8356,7.8356,7.8356,7.8356,7.8356,7.8356,7.8356,7.8356,7.8356,7.8356,7.8356,7.8356,7.8356,7.8356,7.8356,7.8356,7.8356,7.8356,7.8356,7.8356,7.8356,7.8356,7.8356,7.8356,7.8356,7.8356,7.8356,7.8356,7.8356,7.8356,7.8356,7.8356,7.8356,7.8356,7.8356,7.8356,7.8356,7.8356,7.8356,7.8356,7.8356,7.8356,7.8356,7.8356,7.8356,7.8356,7.8356,7.8356,7.8356,7.8356,7.8356,7.8356,7.8356,7.8356,7.8356,7.8356,7.8356,7.8356,7.8356,7.8356,7.8356,7.8356,7.8356,7.8356,7.8356,7.8356,7.8356,7.8356,7.8356,7.8356,7.8356,7.8356,7.8356,7.8356,7.8356,7.8356,7.8356,7.8356,7.8356,7.8356,7.8356,7.8356,7.8356,7.8356,7.8356,7.8356,7.8356,7.8356,7.8356,7.8356,7.8356,7.8356,7.8356,7.8356,7.8356,7.8356,7.8356,7.8356,7.8356,7.8356,7.8356,7.8356,7.8356,7.8356,7.8356,7.8356,7.8356,7.8356,7.8356,7.8356,7.8356,7.8356,7.8356,7.8356,7.8356,7.8356,7.8356,7.8356,7.8356,7.8356,7.8356,7.8356,7.8356,7.8356,7.8356,7.8356,7.8356,7.8356,7.8356,7.8356,7.8356,7.8356,7.8356,7.8356,7.8356,7.8356,7.8356,7.8356,7.8356,7.8356,7.8356,7.8356,7.8356,7.8356,7.8356,7.8356,7.8356,7.8356,7.8356,7.8356,7.8356,7.8356,7.8356,7.8356,7.8356,7.8356,7.8356,7.8356,7.8356,7.8356,7.8356,7.8356,7.8356,7.8356,7.8356,7.8356,7.8356,7.8356,7.8356,7.8356,7.8356,7.8356,7.8356,7.8356,7.8356,7.8356,7.8356,7.8356,7.8356,7.8356,7.8356,7.8356,7.8356,7.8356,7.8356,7.8356,7.8356,7.8356,7.8356,7.8356,7.8356,7.8356,7.8356,7.8356,7.8356,7.8356,7.8356,7.8356,7.8356,7.8356,7.8356,7.8356,7.8356,7.8356,7.8356,7.8356,7.8356,7.8356,7.8356,7.8356,7.8356,7.8356,7.8356,7.8356,7.8356,7.8356,7.8356,7.8356,7.8356,7.8356,7.8356,7.8356,7.8356,7.8356,7.8356,7.8356,7.8356,7.8356,7.8356,7.8356,7.8356,7.8356,7.8356,7.8356,7.8356,7.8356,7.8356,7.8356,7.8356,7.8356,7.8356,7.8356,7.8356,7.8356,7.8356,7.8356,7.8356,7.8356,7.8356,7.8356,7.8356,7.8356,7.8356,7.8356,7.8356,7.8356,7.8356,7.8356,7.8356,7.8356,7.8356,7.8356,7.8356,7.8356,7.8356,7.8356,7.8356,7.8356,7.8356,7.8356,7.8356,7.8356,7.8356,7.8356,7.8356,7.8356,7.8356,7.8356,7.8356,7.8356,7.8356,7.8356,7.8356,7.8356,7.8356,7.8356,7.8356,7.8356,7.8356,7.8356,7.8356,7.8356,7.8356,7.8356,7.8356,7.8356,7.8356,7.8356,7.8356,7.8356,7.8356,7.8356,7.8356,7.8356,7.8356,7.8356,7.8356,7.8356,7.8356,7.8356,7.8356,7.8356,7.8356,7.8356,7.8356,7.8356,7.8356,7.8356,7.8356,7.8356,7.8356,7.8356,7.8356,7.8356,7.8356,7.8356,7.8356,7.8356,7.8356,7.8356,7.8356,7.8356,7.8356,7.8356,7.8356,7.8356,7.8356,7.8356,7.8356,7.8356,7.8356,7.8356,7.8356,7.8356,7.8356,7.8356
7.8283,7.8283,7.8283,7.8283,7.8283,7.8283,7.8283,7.8283,7.8283,7.8283,7.8283,7.8283,7.8283,7.8283,7.8283,7.8283,7.8283,7.8283,7.8283,7.8283,7.8283,7.8283,7.8283,7.8283,7.8283,7.8283,7.8283,7.8283,7.8283,7.8283,7.8283,7.8283,7.8283,7.8283,7.8283,7.8283,7.8283,7.8283,7.8283,7.8283,7.8283,7.8283,7.8283,7.8283,7.8283,7.8283,7.8283,7.8283,7.8283,7.8283,7.8283,7.8283,7.8283,7.8283,7.8283,7.8283,7.8283,7.8283,7.8283,7.8283,7.8283,7.8283,7.8283,7.8283,7.8283,7.8283,7.8283,7.8283,7.8283,7.8283,7.8283,7.8283,7.8283,7.8283,7.8283,7.8283,7.8283,7.8283,7.8283,7.8283,7.8283,7.8283,7.8283,7.8283,7.8283,7.8283,7.8283,7.8283,7.8283,7.8283,7.8283,7.8283,7.8283,7.8283,7.8283,7.8283,7.8283,7.8283,7.8283,7.8283,7.8283,7.8283,7.8283,7.8283,7.8283,7.8283,7.8283,7.8283,7.8283,7.8283,7.8283,7.8283,7.8283,7.8283,7.8283,7.8283,7.8283,7.8283,7.8283,7.8283,7.8283,7.8283,7.8283,7.8283,7.8283,7.8283,7.8283,7.8283,7.8283,7.8283,7.8283,7.8283,7.8283,7.8283,7.8283,7.8283,7.8283,7.8283,7.8283,7.8283,7.8283,7.8283,7.8283,7.8283,7.8283,7.8283,7.8283,7.8283,7.8283,7.8283,7.8283,7.8283,7.8283,7.8283,7.8283,7.8283,7.8283,7.8283,7.8283,7.8283,7.8283,7.8283,7.8283,7.8283,7.8283,7.8283,7.8283,7.8283,7.8283,7.8283,7.8283,7.8283,7.8283,7.8283,7.8283,7.8283,7.8283,7.8283,7.8283,7.8283,7.8283,7.8283,7.8283,7.8283,7.8283,7.8283,7.8283,7.8283,7.8283,7.8283,7.8283,7.8283,7.8283,7.8283,7.8283,7.8283,7.8283,7.8283,7.8283,7.8283,7.8283,7.8283,7.8283,7.8283,7.8283,7.8283,7.8283,7.8283,7.8283,7.8283,7.8283,7.8283,7.8283,7.8283,7.8283,7.8283,7.8283,7.8283,7.8283,7.8283,7.8283,7.8283,7.8283,7.8283,7.8283,7.8283,7.8283,7.8283,7.8283,7.8283,7.8283,7.8283,7.8283,7.8283,7.8283,7.8283,7.8283,7.8283,7.8283,7.8283,7.8283,7.8283,7.8283,7.8286,7.8286,7.8286,7.8286,7.8286,7.8286,7.8286,7.8286,7.8286,7.8286,7.8286,7.8286,7.8286,7.8286,7.8286,7.8286,7.8286,7.8286,7.8286,7.8286,7.8286,7.8286,7.8286,7.8286,7.8286,7.8286,7.8286,7.8286,7.8286,7.8286,7.8286,7.8286,7.8286,7.8286,7.8286,7.8286,7.8286,7.8286,7.8286,7.8286,7.8286,7.8286,7.8286,7.8286,7.8286,7.8286,7.8286,7.8286,7.8286,7.8286,7.8286,7.8286,7.8286,7.8286,7.8286,7.8286,7.8286,7.8286,7.8286,7.8286,7.8286,7.8286,7.8286,7.8286,7.8286,7.8286,7.8286,7.8286,7.8286,7.8286,7.8286,7.8286,7.8286,7.8286,7.8286,7.8286,7.8286,7.8286,7.8286,7.8286,7.8286,7.8286,7.8286,7.8286,7.8286,7.8286,7.8286,7.8286,7.8286,7.8286,7.8286,7.8286,7.8286,7.8286,7.8286,7.8286,7.8286,7.8286,7.8286,7.8286,7.8286,7.8286,7.8286,7.8286,7.8286,7.8286,7.8286,7.8286,7.8286,7.8286,7.8286,7.8286,7.8286,7.8286,7.8286,7.8286,7.8286,7.8286,7.8286,7.8286,7.8286,7.8286,7.8286,7.8286,7.8286,7.8286,7.8286,7.8286,7.8286,7.8286,7.8286,7.8286,7.8286,7.8286,7.8286,7.8286,7.8286,7.8286,7.8286,7.8286,7.8286,7.8286,7.8286,7.8286,7.8286,7.8286,7.8286,7.8286,7.8286,7.8286,7.8286,7.8286,7.8286,7.8286,7.8286,7.8286,7.8286,7.8286,7.8286,7.8286,7.8286,7.8286,7.8286,7.8286,7.8286,7.8286,7.8286,7.8286,7.8286,7.8286,7.8286,7.8286,7.8286,7.8286,7.8286,7.8286,7.8286,7.8286,7.8286,7.8286,7.8286,7.8286,7.8286,7.8286,7.8286,7.8286,7.8286,7.8286,7.8286,7.8286,7.8286,7.8286,7.8286,7.8286,7.8286,7.8286,7.8286,7.8286,7.8286,7.8286,7.8286,7.8286,6.1911,6.1715,6.1521,6.1361,6.1205,6.1049,6.0925,6.0857,6.0788,6.0718,6.0650,6.0582,6.0515,6.0447,6.0380,6.0332,6.0308,6.0284,6.0261,6.0237,6.0213,6.0189,6.0166,6.0142,6.0118,6.0094,6.0071,6.0060,6.0054,6.0049,6.0043,6.0030,6.0021,6.0011,6.0002,5.9996,5.9983,5.9974,5.9964,5.9955,5.9944,5.9936,5.9925,5.9917,5.9908,5.9897,5.9893,5.9904,5.9912,5.9923,5.9931,5.9940,5.9951,5.9959,5.9968,5.9979,5.9987,5.9996,6.0006,6.0015,6.0026,6.0034,6.0045,6.0082,6.0129,6.0176,6.0224,6.0273,6.0321,6.0369,6.0417,6.0464,6.0512,6.0560,6.0608,6.0657,6.0707,6.0755,6.0806,6.0854,6.0905,6.0954,6.1003,6.1082,6.1183,6.1768,7.8286,7.8286,7.8286,7.8286,7.8286,7.8286,7.8286,7.8286,7.8286,7.8286,7.8286,7.8286,7.8286,7.8286,7.8286,7.8286,7.8286,7.8286,7.8286,7.8286,7.8286,7.8286,7.8286,7.8286,7.8286,7.8286,7.8286,7.8286,7.8286,7.8286,7.8286,7.8286,7.8286,7.8286,7.8286,7.8286,7.8286,7.8286,7.8286,7.8286,7.8286,7.8286,7.8286,7.8286,7.8286,7.8286,7.8286,7.8286,7.8286,7.8286,7.8286,7.8286,7.8286,7.8286,7.8286,7.8286,7.8286,7.8286,7.8286,7.8286,7.8286,7.8286,7.8286,7.8286,7.8286,7.8286,7.8286,7.8286,7.8286,7.8286,7.8286,7.8286,7.8286,7.8286,7.8286,7.8286,7.8286,7.8286,7.8286,7.8286,7.8286,7.8286,7.8286,7.8286,7.8286,7.8286,7.8286,7.8286,7.8286,7.8286,7.8286,7.8286,7.8286,7.8286,7.8286,7.8286,7.8286,7.8286,7.8286,7.8286,7.8286,7.8286,7.8286,7.8286,7.8286,7.8286,7.8286,7.8286,7.8286,7.8286,7.8286,7.8286,7.8286,7.8286,7.8286,7.8286,7.8286,7.8286,7.8286,7.8286,7.8286,7.8286,7.8286,7.8286,7.8286,7.8286,7.8286,7.8286,7.8286,7.8286,7.8286,7.8286,7.8286,7.8286,7.8286,7.8286,7.8286,7.8286,7.8286,7.8286,7.8286,7.8286,7.8286,7.8286,7.8286,7.8286,7.8286,7.8286,7.8286,7.8286,7.8286,7.8286,7.8286,7.8286,7.8286,7.8286,7.8286,7.8286,7.8286,7.8286,7.8286,7.8286,7.8286,7.8286,7.8286,7.8286,7.8286,7.8286,7.8286,7.8286,7.8286,7.8286,7.8286,7.8286,7.8286,7.8286,7.8286,7.8286,7.8286,7.8286,7.8286,7.8286,7.8286,7.8286,7.8286,7.8286,7.8286,7.8286,7.8286,7.8286,7.8286,7.8286,7.8286,7.8286,7.8286,7.8286,7.8286,7.8286,7.8286,7.8286,7.8286,7.8286,7.8286,7.8286,7.8286,7.8286,7.8286,7.8286,7.8286,7.8286,7.8286,7.8286,7.8286,7.8286,7.8286,7.8286,7.8286,7.8286,7.8286,7.8286,7.8286,7.8286,7.8286,7.8286,7.8286,7.8286,7.8286,7.8286,7.8286,7.8286,7.8286,7.8286,7.8286,7.8286,7.8286,7.8286,7.8286,7.8286,7.8286,7.8286,7.8286,7.8286,7.8286,7.8286,7.8286,7.8286,7.8286,7.8286,7.8286,7.8286,7.8286,7.8286,7.8286,7.8286,7.8286,7.8286,7.8286,7.8286,7.8286,7.8286,7.8286,7.8286,7.8286,7.8286,7.8286,7.8286,7.8286,7.8286,7.8286,7.8286,7.8286,7.8286,7.8286,7.8286,7.8286,7.8286,7.8286,7.8286,7.8286,7.8286,7.8286,7.8286,7.8286,7.8286,7.8286,7.8286,7.8286,7.8286,7.8286,7.8286,7.8286,7.8286,7.8286,7.8286,7.8286,7.8286,7.8286,7.8286,7.8286,7.8286,7.8286,7.8286,7.8286,7.8286,7.8286,7.8286,7.8286,7.8286,7.8286,7.8286,7.8286,7.8286,7.8286,7.8286,7.8286,7.8286,7.8286,7.8286,7.8286,7.8286,7.8286,7.8286,7.8286,7.8286,7.8286,7.8286,7.8286,7.8286,7.8286,7.8286,7.8286,7.8286,7.8286,7.8286,7.8286,7.8286,7.8286,7.8286,7.8286,7.8286,7.8286,7.8286,7.8286,7.8286,7.8286,7.8286,7.8286,7.8286,7.8286,7.8286,7.8286,7.8286,7.8286,7.8286,7.8286,7.8286,7.8286,7.8286,7.8286,7.8286,7.8286,7.8286,7.8286,7.8286,7.8286,7.8286,7.8286,7.8286,7.8286,7.8286,7.8286,7.8286,7.8286,7.8286,7.8286,7.8286,7.8286,7.8286,7.8286,7.8286,7.8286,7.8286,7.8286,7.8286,7.8286,7.8286,7.8286,7.8286,7.8286,7.8286,7.8286,7.8286,7.8286,7.8286,7.8286,7.8286,7.8286,7.8286,7.8286,7.8286,7.8286,7.8286,7.8286,7.8286,7.8286,7.8286,7.8286,7.8286,7.8286,7.8286,7.8286,7.8286,7.8286,7.8286,7.8286,7.8286,7.8286,7.8286,7.8286,7.8286,7.8286,7.8286,7.8286,7.8286,7.8286,7.8286,7.8286,7.8286,7.8286
7.8221,7.8221,7.8221,7.8221,7.8221,7.8221,7.8221,7.8221,7.8221,7.8221,7.8221,7.8221,7.8221,7.8221,7.8221,7.8221,7.8221,7.8221,7.8221,7.8221,7.8221,7.8221,7.8221,7.8221,7.8221,7.8221,7.8221,7.8221,7.8221,7.8221,7.8221,7.8221,7.8221,7.8221,7.8221,7.8221,7.8221,7.8221,7.8221,7.8221,7.8221,7.8221,7.8221,7.8221,7.8221,7.8221,7.8221,7.8221,7.8221,7.8221,7.8221,7.8221,7.8221,7.8221,7.8221,7.8221,7.8221,7.8221,7.8221,7.8221,7.8221,7.8221,7.8221,7.8221,7.8221,7.8221,7.8221,7.8221,7.8221,7.8221,7.8221,7.8221,7.8221,7.8221,7.8221,7.8221,7.8221,7.8221,7.8221,7.8221,7.8221,7.8221,7.8221,7.8221,7.8221,7.8221,7.8221,7.8221,7.8213,7.8213,7.8213,7.8213,7.8213,7.8213,7.8213,7.8213,7.8213,7.8213,7.8213,7.8213,7.8213,7.8213,7.8213,7.8213,7.8213,7.8213,7.8213,7.8213,7.8213,7.8213,7.8213,7.8213,7.8213,7.8213,7.8213,7.8213,7.8213,7.8213,7.8213,7.8213,7.8213,7.8213,7.8213,7.8213,7.8213,7.8213,7.8213,7.8213,7.8213,7.8213,7.8213,7.8213,7.8213,7.8213,7.8213,7.8213,7.8213,7.8213,7.8213,7.8213,7.8213,7.8213,7.8213,7.8213,7.8213,7.8213,7.8213,7.8213,7.8213,7.8213,7.8213,7.8213,7.8213,7.8213,7.8213,7.8213,7.8213,7.8213,7.8213,7.8213,7.8213,7.8213,7.8213,7.8213,7.8213,7.8213,7.8213,7.8213,7.8213,7.8213,7.8213,7.8213,7.8213,7.8213,7.8213,7.8213,7.8213,7.8213,7.8213,7.8213,7.8213,7.8213,7.8213,7.8213,7.8213,7.8213,7.8213,7.8213,7.8213,7.8213,7.8213,7.8213,7.8213,7.8213,7.8213,7.8213,7.8213,7.8213,7.8213,7.8213,7.8213,7.8213,7.8213,7.8213,7.8213,7.8213,7.8213,7.8213,7.8213,7.8213,7.8213,7.8213,7.8213,7.8213,7.8213,7.8213,7.8213,7.8213,7.8213,7.8213,7.8213,7.8213,7.8213,7.8213,7.8213,7.8213,7.8213,7.8213,7.8213,7.8213,7.8213,7.8213,7.8213,7.8213,7.8213,7.8213,7.8213,7.8213,7.8213,7.8213,7.8213,7.8213,7.8213,7.8213,7.8213,7.8213,7.8213,7.8213,7.8213,7.8213,7.8213,7.8213,7.8213,7.8213,7.8213,7.8213,7.8213,7.8213,7.8213,7.8213,7.8213,7.8213,7.8213,7.8213,7.8213,7.8213,7.8213,7.8213,7.8213,7.8213,7.8213,7.8213,7.8213,7.8213,7.8213,7.8213,7.8213,7.8213,7.8213,7.8213,7.8213,7.8213,7.8213,7.8213,7.8213,7.8213,7.8213,7.8213,7.8213,7.8213,7.8213,7.8213,7.8213,7.8213,7.8213,7.8213,7.8213,7.8213,7.8213,7.8213,7.8213,7.8213,7.8213,7.8213,7.8213,7.8213,7.8213,7.8213,7.8213,7.8213,7.8213,7.8213,7.8213,7.8213,7.8213,7.8213,7.8213,7.8213,7.8213,7.8213,7.8213,7.8213,7.8213,7.8213,7.8213,7.8213,7.8213,7.8213,7.8213,7.8213,7.8213,7.8213,7.8213,7.8213,7.8213,7.8213,7.8213,7.8213,7.8213,7.8213,7.8213,7.8213,7.8213,7.8213,7.8213,7.8213,7.8213,7.8213,7.8213,7.8213,7.8213,7.8213,7.8213,7.8213,7.8213,7.8213,7.8213,7.8213,7.8213,7.8213,7.8213,7.8213,7.8213,7.8213,7.8213,7.8213,7.8213,7.8213,7.8213,7.8213,7.8213,7.8213,7.8213,7.8213,7.8213,7.8213,7.8213,7.8213,7.8213,7.8213,7.8213,7.8213,7.8213,7.8213,7.8213,7.8213,7.8213,7.8213,7.8213,7.8213,7.8213,7.8213,7.8213,7.8213,7.8213,7.8213,7.8213,7.8213,7.8213,7.8213,7.8213,7.8213,7.8213,7.8213,7.8213,7.8213,7.8213,7.8213,7.8213,7.8213,7.8213,7.8213,7.8213,7.8213,7.8213,7.8213,7.8213,7.8213,7.8213,7.8213,7.8213,7.8213,7.8213,7.8213,7.8213,7.8213,7.8213,7.8213,7.8213,7.8213,7.8213,7.8213,7.8213,7.8213,7.8213,7.8213,7.8213,7.8213,7.8213,7.8213,7.8213,7.8213,7.8213,6.1888,6.1693,6.1498,6.1337,6.1183,6.1027,6.0943,6.0874,6.0804,6.0736,6.0668,6.0600,6.0532,6.0464,6.0397,6.0330,6.0276,6.0252,6.0228,6.0204,6.0181,6.0157,6.0133,6.0110,6.0086,6.0062,6.0039,6.0017,5.9989,5.9966,5.9951,5.9940,5.9931,5.9921,5.9912,5.9902,5.9893,5.9882,5.9874,5.9863,5.9855,5.9844,5.9833,5.9825,5.9814,5.9806,5.9795,5.9799,5.9808,5.9818,5.9827,5.9838,5.9846,5.9857,5.9865,5.9874,5.9884,5.9893,5.9904,5.9912,5.9923,5.9931,5.9940,5.9951,5.9959,5.9970,6.0009,6.0054,6.0101,6.0148,6.0196,6.0243,6.0293,6.0341,6.0388,6.0436,6.0484,6.0532,6.0580,6.0630,6.0679,6.0729,6.0777,6.0828,6.0877,6.0925,6.0976,6.1025,6.1076,6.2207,7.8213,7.8213,7.8213,7.8213,7.8213,7.8213,7.8213,7.8213,7.8213,7.8213,7.8213,7.8213,7.8213,7.8213,7.8213,7.8213,7.8213,7.8213,7.8213,7.8213,7.8213,7.8213,7.8213,7.8213,7.8213,7.8213,7.8213,7.8213,7.8213,7.8213,7.8213,7.8213,7.8213,7.8213,7.8213,7.8213,7.8213,7.8213,7.8213,7.8213,7.8213,7.8213,7.8213,7.8213,7.8213,7.8213,7.8213,7.8213,7.8213,7.8213,7.8213,7.8213,7.8213,7.8213,7.8213,7.8213,7.8213,7.8213,7.8213,7.8213,7.8213,7.8213,7.8213,7.8213,7.8213,7.8213,7.8213,7.8213,7.8213,7.8213,7.8213,7.8213,7.8213,7.8213,7.8213,7.8213,7.8213,7.8213,7.8213,7.8213,7.8213,7.8213,7.8213,7.8213,7.8213,7.8213,7.8213,7.8213,7.8213,7.8213,7.8213,7.8213,7.8213,7.8213,7.8213,7.8213,7.8213,7.8213,7.8213,7.8213,7.8213,7.8213,7.8213,7.8213,7.8213,7.8213,7.8213,7.8213,7.8213,7.8213,7.8213,7.8213,7.8213,7.8213,7.8213,7.8213,7.8213,7.8213,7.8213,7.8213,7.8213,7.8213,7.8213,7.8213,7.8213,7.8213,7.8213,7.8213,7.8213,7.8213,7.8213,7.8213,7.8213,7.8213,7.8213,7.8213,7.8213,7.8213,7.8213,7.8213,7.8213,7.8213,7.8213,7.8213,7.8213,7.8213,7.8213,7.8213,7.8213,7.8213,7.8213,7.8213,7.8213,7.8213,7.8213,7.8213,7.8213,7.8213,7.8213,7.8213,7.8213,7.8213,7.8213,7.8213,7.8213,7.8213,7.8213,7.8213,7.8213,7.8213,7.8213,7.8213,7.8213,7.8213,7.8213,7.8213,7.8213,7.8213,7.8213,7.8213,7.8213,7.8213,7.8213,7.8213,7.8213,7.8213,7.8213,7.8213,7.8213,7.8213,7.8213,7.8213,7.8213,7.8213,7.8213,7.8213,7.8213,7.8213,7.8213,7.8213,7.8213,7.8213,7.8213,7.8213,7.8213,7.8213,7.8213,7.8213,7.8213,7.8213,7.8213,7.8213,7.8213,7.8213,7.8213,7.8213,7.8213,7.8213,7.8213,7.8213,7.8213,7.8213,7.8213,7.8213,7.8213,7.8213,7.8213,7.8213,7.8213,7.8213,7.8213,7.8213,7.8213,7.8213,7.8213,7.8213,7.8213,7.8213,7.8213,7.8213,7.8213,7.8213,7.8213,7.8213,7.8213,7.8213,7.8213,7.8213,7.8213,7.8213,7.8213,7.8213,7.8213,7.8213,7.8213,7.8213,7.8213,7.8213,7.8213,7.8213,7.8213,7.8213,7.8213,7.8213,7.8213,7.8213,7.8213,7.8213,7.8213,7.8213,7.8213,7.8213,7.8213,7.8213,7.8213,7.8213,7.8213,7.8213,7.8213,7.8213,7.8213,7.8213,7.8213,7.8213,7.8213,7.8213,7.8213,7.8213,7.8213,7.8213,7.8213,7.8213,7.8213,7.8213,7.8213,7.8213,7.8213,7.8213,7.8213,7.8213,7.8213,7.8213,7.8213,7.8213,7.8213,7.8213,7.8213,7.8213,7.8213,7.8213,7.8213,7.8213,7.8213,7.8213,7.8213,7.8213,7.8213,7.8213,7.8213,7.8213,7.8213,7.8213,7.8213,7.8213,7.8213,7.8213,7.8213,7.8213,7.8213,7.8213,7.8213,7.8213,7.8213,7.8213,7.8213,7.8213,7.8213,7.8213,7.8213,7.8213,7.8213,7.8213,7.8213,7.8213,7.8213,7.8213,7.8213,7.8213,7.8213,7.8213,7.8213,7.8213,7.8213,7.8213,7.8213,7.8213,7.8213,7.8213,7.8213,7.8213,7.8213,7.8213,7.8213,7.8213,7.8213,7.8213,7.8213,7.8213,7.8213,7.8213,7.8213,7.8213,7.8213,7.8213,7.8213,7.8213,7.8213,7.8213,7.8213,7.8213,7.8213,7.8213,7.8213,7.8213,7.8213,7.8213,7.8213,7.8213,7.8213,7.8213,7.8213,7.8213,7.8213,7.8213,7.8213,7.8213,7.8213,7.8213,7.8213,7.8213,7.8213,7.8213,7.8213,7.8213,7.8213,7.8213,7.8213,7.8213,7.8213,7.8213,7.8213,7.8213,7.8213,7.8213,7.8213,7.8213,7.8213,7.8213,7.8213,7.8213,7.8213,7.8213,7.8213,7.8213,7.8213,7.8213,7.8213
7.8152,7.8152,7.8152,7.8152,7.8152,7.8152,7.8152,7.8152,7.8152,7.8152,7.8152,7.8152,7.8152,7.8152,7.8152,7.8152,7.8152,7.8152,7.8152,7.8152,7.8152,7.8152,7.8152,7.8152,7.8152,7.8144,7.8144,7.8144,7.8144,7.8144,7.8144,7.8144,7.8144,7.8144,7.8144,7.8144,7.8144,7.8144,7.8144,7.8144,7.8144,7.8144,7.8144,7.8144,7.8144,7.8144,7.8144,7.8144,7.8144,7.8144,7.8144,7.8144,7.8144,7.8144,7.8144,7.8144,7.8144,7.8144,7.8144,7.8144,7.8144,7.8144,7.8144,7.8144,7.8144,7.8144,7.8144,7.8144,7.8144,7.8144,7.8144,7.8144,7.8144,7.8144,7.8144,7.8144,7.8144,7.8144,7.8144,7.8144,7.8144,7.8144,7.8144,7.8144,7.8144,7.8144,7.8144,7.8144,7.8144,7.8144,7.8144,7.8144,7.8144,7.8144,7.8144,7.8144,7.8144,7.8144,7.8144,7.8144,7.8144,7.8144,7.8144,7.8144,7.8144,7.8144,7.8144,7.8144,7.8144,7.8144,7.8144,7.8144,7.8144,7.8144,7.8144,7.8144,7.8144,7.8144,7.8144,7.8144,7.8144,7.8144,7.8144,7.8144,7.8144,7.8144,7.8144,7.8144,7.8144,7.8144,7.8144,7.8144,7.8144,7.8144,7.8144,7.8144,7.8144,7.8144,7.8144,7.8144,7.8144,7.8144,7.8144,7.8144,7.8144,7.8144,7.8144,7.8144,7.8144,7.8144,7.8144,7.8144,7.8144,7.8144,7.8144,7.8144,7.8144,7.8144,7.8144,7.8144,7.8144,7.8144,7.8144,7.8144,7.8144,7.8144,7.8144,7.8144,7.8144,7.8144,7.8144,7.8144,7.8144,7.8144,7.8144,7.8144,7.8144,7.8144,7.8144,7.8144,7.8144,7.8144,7.8144,7.8144,7.8144,7.8144,7.8144,7.8144,7.8144,7.8144,7.8144,7.8144,7.8144,7.8144,7.8144,7.8144,7.8144,7.8144,7.8144,7.8144,7.8144,7.8144,7.8144,7.8144,7.8144,7.8144,7.8144,7.8144,7.8144,7.8144,7.8144,7.8144,7.8144,7.8144,7.8144,7.8144,7.8144,7.8144,7.8144,7.8144,7.8144,7.8144,7.8144,7.8144,7.8144,7.8144,7.8144,7.8144,7.8144,7.8144,7.8144,7.8144,7.8144,7.8144,7.8144,7.8144,7.8144,7.8144,7.8144,7.8144,7.8144,7.8144,7.8144,7.8144,7.8144,7.8144,7.8144,7.8144,7.8144,7.8144,7.8144,7.8144,7.8144,7.8144,7.8144,7.8144,7.8144,7.8144,7.8144,7.8144,7.8144,7.8144,7.8144,7.8144,7.8144,7.8144,7.8144,7.8144,7.8144,7.8144,7.8144,7.8144,7.8144,7.8144,7.8144,7.8144,7.8144,7.8144,7.8144,7.8144,7.8144,7.8144,7.8144,7.8144,7.8144,7.8144,7.8144,7.8144,7.8144,7.8144,7.8144,7.8144,7.8144,7.8144,7.8144,7.8144,7.8144,7.8144,7.8144,7.8144,7.8144,7.8144,7.8144,7.8144,7.8144,7.8144,7.8144,7.8144,7.8144,7.8144,7.8144,7.8144,7.8144,7.8144,7.8144,7.8144,7.8144,7.8144,7.8144,7.8144,7.8144,7.8144,7.8144,7.8144,7.8144,7.8144,7.8144,7.8144,7.8144,7.8144,7.8144,7.8144,7.8144,7.8144,7.8144,7.8144,7.8144,7.8144,7.8144,7.8144,7.8144,7.8144,7.8144,7.8144,7.8144,7.8144,7.8144,7.8144,7.8144,7.8144,7.8144,7.8144,7.8144,7.8144,7.8144,7.8144,7.8144,7.8144,7.8144,7.8144,7.8144,7.8144,7.8144,7.8144,7.8144,7.8144,7.8144,7.8144,7.8144,7.8144,7.8144,7.8144,7.8144,7.8144,7.8144,7.8144,7.8144,7.8144,7.8144,7.8144,7.8144,7.8144,7.8144,7.8144,7.8144,7.8144,7.8144,7.8144,7.8144,7.8144,7.8144,7.8144,7.8144,7.8144,7.8144,7.8144,7.8144,7.8144,7.8144,7.8144,7.8144,7.8144,7.8144,7.8144,7.8144,7.8144,7.8144,7.8144,7.8144,7.8144,7.8144,7.8144,7.8144,7.8144,7.8144,7.8144,7.8144,7.8144,7.8144,7.8144,7.8144,7.8144,7.8144,7.8144,7.8144,7.8144,7.8144,7.8144,7.8144,7.8144,7.8144,7.8144,7.8144,7.8144,7.8144,7.8144,7.8144,7.8144,7.8144,7.8144,7.8144,7.8144,6.1672,6.1478,6.1314,6.1158,6.1029,6.0960,6.0890,6.0821,6.0753,6.0685,6.0617,6.0549,6.0482,6.0414,6.0345,6.0278,6.0217,6.0194,6.0170,6.0146,6.0122,6.0099,6.0075,6.0054,6.0028,6.0004,5.9983,5.9959,5.9936,5.9912,5.9889,5.9859,5.9829,5.9818,5.9810,5.9799,5.9791,5.9780,5.9772,5.9761,5.9752,5.9742,5.9733,5.9723,5.9714,5.9704,5.9695,5.9704,5.9712,5.9723,5.9733,5.9744,5.9752,5.9761,5.9772,5.9780,5.9791,5.9799,5.9808,5.9818,5.9827,5.9838,5.9846,5.9855,5.9865,5.9874,5.9884,5.9893,5.9929,5.9979,6.0028,6.0075,6.0120,6.0168,6.0215,6.0265,6.0312,6.0360,6.0408,6.0456,6.0504,6.0554,6.0602,6.0652,6.0700,6.0751,6.0799,6.0848,6.0899,6.0958,6.1025,6.1187,7.8144,7.8144,7.8144,7.8144,7.8144,7.8144,7.8144,7.8144,7.8144,7.8144,7.8144,7.8144,7.8144,7.8144,7.8144,7.8144,7.8144,7.8144,7.8144,7.8144,7.8144,7.8144,7.8144,7.8144,7.8144,7.8144,7.8144,7.8144,7.8144,7.8144,7.8144,7.8144,7.8144,7.8144,7.8144,7.8144,7.8144,7.8144,7.8144,7.8144,7.8144,7.8144,7.8144,7.8144,7.8144,7.8144,7.8144,7.8144,7.8144,7.8144,7.8144,7.8144,7.8144,7.8144,7.8144,7.8144,7.8144,7.8144,7.8144,7.8144,7.8144,7.8144,7.8144,7.8144,7.8144,7.8144,7.8144,7.8144,7.8144,7.8144,7.8144,7.8144,7.8144,7.8144,7.8144,7.8144,7.8144,7.8144,7.8144,7.8144,7.8144,7.8144,7.8144,7.8144,7.8144,7.8144,7.8144,7.8144,7.8144,7.8144,7.8144,7.8144,7.8144,7.8144,7.8144,7.8144,7.8144,7.8144,7.8144,7.8144,7.8144,7.8144,7.8144,7.8144,7.8144,7.8144,7.8144,7.8144,7.8144,7.8144,7.8144,7.8144,7.8144,7.8144,7.8144,7.8144,7.8144,7.8144,7.8144,7.8144,7.8144,7.8144,7.8144,7.8144,7.8144,7.8144,7.8144,7.8144,7.8144,7.8144,7.8144,7.8144,7.8144,7.8144,7.8144,7.8144,7.8144,7.8144,7.8144,7.8144,7.8144,7.8144,7.8144,7.8144,7.8144,7.8144,7.8144,7.8144,7.8144,7.8144,7.8144,7.8144,7.8144,7.8144,7.8144,7.8144,7.8144,7.8144,7.8144,7.8144,7.8144,7.8144,7.8144,7.8144,7.8144,7.8144,7.8144,7.8144,7.8144,7.8144,7.8144,7.8144,7.8144,7.8144,7.8144,7.8144,7.8144,7.8144,7.8144,7.8144,7.8144,7.8144,7.8144,7.8144,7.8144,7.8144,7.8144,7.8144,7.8144,7.8144,7.8144,7.8144,7.8144,7.8144,7.8144,7.8144,7.8144,7.8144,7.8144,7.8144,7.8144,7.8144,7.8144,7.8144,7.8144,7.8144,7.8144,7.8144,7.8144,7.8144,7.8144,7.8144,7.8144,7.8144,7.8144,7.8144,7.8144,7.8144,7.8144,7.8144,7.8144,7.8144,7.8144,7.8144,7.8144,7.8144,7.8144,7.8144,7.8144,7.8144,7.8144,7.8144,7.8144,7.8144,7.8144,7.8144,7.8144,7.8144,7.8144,7.8144,7.8144,7.8144,7.8144,7.8144,7.8144,7.8144,7.8144,7.8144,7.8144,7.8144,7.8144,7.8144,7.8144,7.8144,7.8144,7.8144,7.8144,7.8144,7.8144,7.8144,7.8144,7.8144,7.8144,7.8144,7.8144,7.8144,7.8144,7.8144,7.8144,7.8144,7.8144,7.8144,7.8144,7.8144,7.8144,7.8144,7.8144,7.8144,7.8144,7.8144,7.8144,7.8144,7.8144,7.8144,7.8144,7.8144,7.8144,7.8144,7.8144,7.8144,7.8144,7.8144,7.8144,7.8144,7.8144,7.8144,7.8144,7.8144,7.8144,7.8144,7.8144,7.8144,7.8144,7.8144,7.8144,7.8144,7.8144,7.8144,7.8144,7.8144,7.8144,7.8144,7.8144,7.8144,7.8144,7.8144,7.8144,7.8144,7.8144,7.8144,7.8144,7.8144,7.8144,7.8144,7.8144,7.8144,7.8144,7.8144,7.8144,7.8144,7.8144,7.8144,7.8144,7.8144,7.8144,7.8144,7.8144,7.8144,7.8144,7.8144,7.8144,7.8144,7.8144,7.8144,7.8144,7.8144,7.8144,7.8144,7.8144,7.8144,7.8144,7.8144,7.8144,7.8144,7.8144,7.8144,7.8144,7.8144,7.8144,7.8144,7.8144,7.8144,7.8144,7.8144,7.8144,7.8144,7.8144,7.8144,7.8144,7.8144,7.8144,7.8144,7.8144,7.8144,7.8144,7.8144,7.8144,7.8144,7.8144,7.8144,7.8144,7.8144,7.8144,7.8144,7.8144,7.8144,7.8144,7.8144,7.8144,7.8144,7.8144,7.8144,7.8144,7.8144,7.8144,7.8144,7.8144,7.8144,7.8144,7.8144,7.8144,7.8144,7.8144,7.8144,7.8144,7.8144,7.8144,7.8144,7.8152,7.8152,7.8152,7.8152,7.8152,7.8152,7.8152,7.8152,7.8152,7.8152,7.8152,7.8152,7.8152,7.8152,7.8152,7.8152,7.8152,7.8152
7.8079,7.8079,7.8079,7.8079,7.8079,7.8079,7.8079,7.8079,7.8079,7.8079,7.8079,7.8079,7.8079,7.8079,7.8079,7.8079,7.8079,7.8079,7.8079,7.8079,7.8079,7.8079,7.8079,7.8079,7.8079,7.8079,7.8079,7.8079,7.8079,7.8079,7.8079,7.8079,7.8079,7.8079,7.8079,7.8079,7.8079,7.8079,7.8079,7.8079,7.8079,7.8079,7.8079,7.8079,7.8079,7.8079,7.8079,7.8079,7.8079,7.8079,7.8079,7.8079,7.8079,7.8079,7.8079,7.8079,7.8079,7.8079,7.8079,7.8079,7.8079,7.8079,7.8079,7.8079,7.8079,7.8079,7.8079,7.8079,7.8079,7.8079,7.8079,7.8079,7.8079,7.8079,7.8079,7.8079,7.8079,7.8079,7.8079,7.8079,7.8079,7.8079,7.8079,7.8079,7.8079,7.8079,7.8079,7.8079,7.8079,7.8079,7.8079,7.8079,7.8079,7.8079,7.8079,7.8079,7.8079,7.8079,7.8079,7.8079,7.8079,7.8079,7.8079,7.8079,7.8079,7.8079,7.8079,7.8079,7.8079,7.8079,7.8079,7.8079,7.8079,7.8079,7.8079,7.8079,7.8079,7.8079,7.8079,7.8079,7.8079,7.8079,7.8079,7.8079,7.8079,7.8079,7.8079,7.8079,7.8079,7.8079,7.8079,7.8079,7.8079,7.8079,7.8079,7.8079,7.8079,7.8079,7.8079,7.8079,7.8079,7.8079,7.8079,7.8079,7.8079,7.8079,7.8079,7.8079,7.8079,7.8079,7.8079,7.8079,7.8079,7.8079,7.8079,7.8079,7.8079,7.8079,7.8079,7.8079,7.8079,7.8079,7.8079,7.8079,7.8079,7.8079,7.8079,7.8079,7.8079,7.8079,7.8079,7.8079,7.8079,7.8079,7.8079,7.8079,7.8079,7.8079,7.8079,7.8079,7.8079,7.8079,7.8079,7.8079,7.8079,7.8079,7.8079,7.8079,7.8079,7.8079,7.8079,7.8079,7.8079,7.8079,7.8079,7.8079,7.8079,7.8079,7.8079,7.8079,7.8079,7.8079,7.8079,7.8079,7.8079,7.8079,7.8079,7.8079,7.8079,7.8079,7.8079,7.8079,7.8079,7.8079,7.8079,7.8079,7.8079,7.8079,7.8079,7.8079,7.8079,7.8079,7.8079,7.8079,7.8079,7.8079,7.8079,7.8079,7.8079,7.8079,7.8079,7.8079,7.8079,7.8079,7.8079,7.8079,7.8079,7.8079,7.8079,7.8079,7.8079,7.8079,7.8079,7.8079,7.8079,7.8079,7.8079,7.8079,7.8079,7.8079,7.8079,7.8079,7.8079,7.8079,7.8079,7.8079,7.8079,7.8079,7.8079,7.8079,7.8079,7.8079,7.8079,7.8079,7.8079,7.8079,7.8079,7.8079,7.8079,7.8079,7.8079,7.8079,7.8079,7.8079,7.8079,7.8079,7.8079,7.8079,7.8079,7.8079,7.8079,7.8079,7.8079,7.8079,7.8079,7.8079,7.8079,7.8079,7.8079,7.8079,7.8079,7.8079,7.8079,7.8079,7.8079,7.8079,7.8079,7.8079,7.8079,7.8079,7.8079,7.8079,7.8079,7.8079,7.8079,7.8079,7.8079,7.8079,7.8079,7.8079,7.8079,7.8079,7.8079,7.8079,7.8079,7.8079,7.8079,7.8079,7.8079,7.8079,7.8079,7.8079,7.8079,7.8079,7.8079,7.8079,7.8079,7.8079,7.8079,7.8079,7.8079,7.8079,7.8079,7.8079,7.8079,7.8079,7.8079,7.8079,7.8079,7.8079,7.8079,7.8079,7.8079,7.8079,7.8079,7.8079,7.8079,7.8079,7.8079,7.8079,7.8079,7.8079,7.8079,7.8079,7.8079,7.8079,7.8079,7.8079,7.8079,7.8079,7.8079,7.8079,7.8079,7.8079,7.8079,7.8079,7.8079,7.8079,7.8079,7.8079,7.8079,7.8079,7.8079,7.8079,7.8079,7.8079,7.8079,7.8079,7.8079,7.8079,7.8079,7.8079,7.8079,7.8079,7.8079,7.8079,7.8079,7.8079,7.8079,7.8079,7.8079,7.8079,7.8079,7.8079,7.8079,7.8079,7.8079,7.8079,7.8079,7.8079,7.8079,7.8079,7.8079,7.8079,7.8079,7.8079,7.8079,7.8079,7.8079,7.8079,7.8079,7.8079,7.8079,7.8079,7.8079,7.8079,7.8079,7.8079,7.8079,7.8079,7.8079,7.8079,7.8079,7.8079,7.8079,7.8079,7.8079,7.8079,7.8079,7.8079,7.8079,7.8079,7.8079,7.8079,7.8079,7.8079,7.8079,7.8079,7.8079,7.8079,6.1650,6.1456,6.1292,6.1136,6.1047,6.0976,6.0907,6.0839,6.0771,6.0703,6.0635,6.0567,6.0499,6.0430,6.0362,6.0295,6.0228,6.0161,6.0138,6.0114,6.0090,6.0067,6.0043,6.0019,5.9998,5.9974,5.9951,5.9927,5.9904,5.9880,5.9857,5.9833,5.9803,5.9774,5.9744,5.9714,5.9699,5.9689,5.9680,5.9670,5.9659,5.9651,5.9640,5.9631,5.9621,5.9612,5.9602,5.9598,5.9608,5.9617,5.9627,5.9638,5.9648,5.9657,5.9667,5.9676,5.9687,5.9695,5.9706,5.9714,5.9725,5.9733,5.9742,5.9752,5.9761,5.9772,5.9780,5.9789,5.9799,5.9808,5.9816,5.9852,5.9899,5.9949,5.9996,6.0047,6.0092,6.0140,6.0187,6.0237,6.0284,6.0332,6.0380,6.0427,6.0478,6.0525,6.0576,6.0624,6.0672,6.0736,6.0802,6.0868,6.0934,6.1000,6.1142,6.1765,7.8079,7.8079,7.8079,7.8079,7.8079,7.8079,7.8079,7.8079,7.8079,7.8079,7.8079,7.8079,7.8079,7.8079,7.8079,7.8079,7.8079,7.8079,7.8079,7.8079,7.8079,7.8079,7.8079,7.8079,7.8079,7.8079,7.8079,7.8079,7.8079,7.8079,7.8079,7.8079,7.8079,7.8079,7.8079,7.8079,7.8079,7.8079,7.8079,7.8079,7.8079,7.8079,7.8079,7.8079,7.8079,7.8079,7.8079,7.8079,7.8079,7.8079,7.8079,7.8079,7.8079,7.8079,7.8079,7.8079,7.8079,7.8079,7.8079,7.8079,7.8079,7.8079,7.8079,7.8079,7.8079,7.8079,7.8079,7.8079,7.8079,7.8079,7.8079,7.8079,7.8079,7.8079,7.8079,7.8079,7.8079,7.8079,7.8079,7.8079,7.8079,7.8079,7.8079,7.8079,7.8079,7.8079,7.8079,7.8079,7.8079,7.8079,7.8079,7.8079,7.8079,7.8079,7.8079,7.8079,7.8079,7.8079,7.8079,7.8079,7.8079,7.8079,7.8079,7.8079,7.8079,7.8079,7.8079,7.8079,7.8079,7.8079,7.8079,7.8079,7.8079,7.8079,7.8079,7.8079,7.8079,7.8079,7.8079,7.8079,7.8079,7.8079,7.8079,7.8079,7.8079,7.8079,7.8079,7.8079,7.8079,7.8079,7.8079,7.8079,7.8079,7.8079,7.8079,7.8079,7.8079,7.8079,7.8079,7.8079,7.8079,7.8079,7.8079,7.8079,7.8079,7.8079,7.8079,7.8079,7.8079,7.8079,7.8079,7.8079,7.8079,7.8079,7.8079,7.8079,7.8079,7.8079,7.8079,7.8079,7.8079,7.8079,7.8079,7.8079,7.8079,7.8079,7.8079,7.8079,7.8079,7.8079,7.8079,7.8079,7.8079,7.8079,7.8079,7.8079,7.8079,7.8079,7.8079,7.8079,7.8079,7.8079,7.8079,7.8079,7.8079,7.8079,7.8079,7.8079,7.8079,7.8079,7.8079,7.8079,7.8079,7.8079,7.8079,7.8079,7.8079,7.8079,7.8079,7.8079,7.8079,7.8079,7.8079,7.8079,7.8079,7.8079,7.8079,7.8079,7.8079,7.8079,7.8079,7.8079,7.8079,7.8079,7.8079,7.8079,7.8079,7.8079,7.8079,7.8079,7.8079,7.8079,7.8079,7.8079,7.8079,7.8079,7.8079,7.8079,7.8079,7.8079,7.8079,7.8079,7.8079,7.8079,7.8079,7.8079,7.8079,7.8079,7.8079,7.8079,7.8079,7.8079,7.8079,7.8079,7.8079,7.8079,7.8079,7.8079,7.8079,7.8079,7.8079,7.8079,7.8079,7.8079,7.8079,7.8079,7.8079,7.8079,7.8079,7.8079,7.8079,7.8079,7.8079,7.8079,7.8079,7.8079,7.8079,7.8079,7.8079,7.8079,7.8079,7.8079,7.8079,7.8079,7.8079,7.8079,7.8079,7.8079,7.8079,7.8079,7.8079,7.8079,7.8079,7.8079,7.8079,7.8079,7.8079,7.8079,7.8079,7.8079,7.8079,7.8079,7.8079,7.8079,7.8079,7.8079,7.8079,7.8079,7.8079,7.8079,7.8079,7.8079,7.8079,7.8079,7.8079,7.8079,7.8079,7.8079,7.8079,7.8079,7.8079,7.8079,7.8079,7.8079,7.8079,7.8079,7.8079,7.8079,7.8079,7.8079,7.8079,7.8079,7.8079,7.8079,7.8079,7.8079,7.8079,7.8079,7.8079,7.8079,7.8079,7.8079,7.8079,7.8079,7.8079,7.8079,7.8079,7.8079,7.8079,7.8079,7.8079,7.8079,7.8079,7.8079,7.8079,7.8079,7.8079,7.8079,7.8079,7.8079,7.8079,7.8079,7.8079,7.8079,7.8079,7.8079,7.8079,7.8079,7.8079,7.8079,7.8079,7.8079,7.8079,7.8079,7.8079,7.8079,7.8079,7.8079,7.8079,7.8079,7.8079,7.8079,7.8079,7.8079,7.8079,7.8079,7.8079,7.8079,7.8083,7.8083,7.8083,7.8083,7.8083,7.8083,7.8083,7.8083,7.8083,7.8083,7.8083,7.8083,7.8083,7.8083,7.8083,7.8083,7.8083,7.8083,7.8083,7.8083,7.8083,7.8083,7.8083,7.8083,7.8083,7.8083,7.8083,7.8083,7.8083,7.8083,7.8083,7.8083,7.8083,7.8083,7.8083,7.8083,7.8083,7.8083,7.8083,7.8083,7.8083,7.8083,7.8083,7.8083,7.8083,7.8083
7.8014,7.8014,7.8014,7.8014,7.8014,7.8014,7.8014,7.8014,7.8014,7.8014,7.8014,7.8014,7.8014,7.8014,7.8014,7.8014,7.8014,7.8014,7.8014,7.8014,7.8014,7.8014,7.8014,7.8014,7.8014,7.8014,7.8014,7.8014,7.8014,7.8014,7.8014,7.8014,7.8014,7.8014,7.8014,7.8014,7.8014,7.8014,7.8014,7.8014,7.8014,7.8014,7.8014,7.8014,7.8014,7.8014,7.8014,7.8014,7.8014,7.8014,7.8014,7.8014,7.8014,7.8014,7.8014,7.8014,7.8014,7.8014,7.8014,7.8014,7.8014,7.8014,7.8014,7.8014,7.8014,7.8014,7.8014,7.8014,7.8014,7.8014,7.8014,7.8014,7.8014,7.8014,7.8014,7.8014,7.8014,7.8014,7.8014,7.8014,7.8014,7.8014,7.8014,7.8014,7.8014,7.8014,7.8014,7.8014,7.8014,7.8014,7.8014,7.8014,7.8014,7.8014,7.8014,7.8014,7.8014,7.8014,7.8014,7.8014,7.8014,7.8014,7.8014,7.8014,7.8014,7.8014,7.8014,7.8014,7.8014,7.8014,7.8014,7.8014,7.8014,7.8014,7.8014,7.8014,7.8014,7.8014,7.8014,7.8014,7.8014,7.8014,7.8014,7.8014,7.8014,7.8014,7.8014,7.8014,7.8014,7.8014,7.8014,7.8014,7.8014,7.8014,7.8014,7.8014,7.8014,7.8014,7.8014,7.8014,7.8014,7.8014,7.8014,7.8014,7.8014,7.8014,7.8014,7.8014,7.8014,7.8014,7.8014,7.8014,7.8014,7.8014,7.8014,7.8014,7.8014,7.8014,7.8014,7.8014,7.8014,7.8014,7.8014,7.8014,7.8014,7.8014,7.8014,7.8014,7.8014,7.8014,7.8014,7.8014,7.8014,7.8014,7.8014,7.8014,7.8014,7.8014,7.8014,7.8014,7.8014,7.8014,7.8014,7.8014,7.8014,7.8014,7.8014,7.8014,7.8014,7.8014,7.8014,7.8014,7.8014,7.8014,7.8014,7.8014,7.8014,7.8014,7.8014,7.8014,7.8014,7.8014,7.8014,7.8014,7.8014,7.8014,7.8014,7.8014,7.8014,7.8014,7.8014,7.8014,7.8014,7.8014,7.8014,7.8014,7.8014,7.8014,7.8014,7.8014,7.8014,7.8014,7.8014,7.8014,7.8014,7.8014,7.8014,7.8014,7.8014,7.8014,7.8014,7.8014,7.8014,7.8014,7.8014,7.8014,7.8014,7.8014,7.8014,7.8014,7.8014,7.8014,7.8014,7.8014,7.8014,7.8014,7.8014,7.8014,7.8014,7.8014,7.8014,7.8014,7.8014,7.8014,7.8014,7.8014,7.8014,7.8014,7.8014,7.8014,7.8014,7.8014,7.8014,7.8014,7.8014,7.8014,7.8014,7.8014,7.8014,7.8014,7.8014,7.8014,7.8014,7.8014,7.8014,7.8014,7.8014,7.8014,7.8014,7.8014,7.8014,7.8014,7.8014,7.8014,7.8014,7.8014,7.8014,7.8014,7.8014,7.8014,7.8014,7.8014,7.8014,7.8014,7.8014,7.8014,7.8014,7.8014,7.8014,7.8014,7.8014,7.8014,7.8014,7.8014,7.8014,7.8014,7.8014,7.8014,7.8014,7.8014,7.8014,7.8014,7.8014,7.8014,7.8014,7.8014,7.8014,7.8014,7.8014,7.8014,7.8014,7.8014,7.8014,7.8014,7.8014,7.8014,7.8014,7.8014,7.8014,7.8014,7.8014,7.8014,7.8014,7.8014,7.8014,7.8014,7.8014,7.8014,7.8014,7.8014,7.8014,7.8014,7.8014,7.8014,7.8014,7.8014,7.8014,7.8014,7.8014,7.8014,7.8014,7.8014,7.8014,7.8014,7.8014,7.8014,7.8014,7.8014,7.8014,7.8014,7.8014,7.8014,7.8014,7.8014,7.8014,7.8014,7.8014,7.8014,7.8014,7.8014,7.8014,7.8014,7.8014,7.8014,7.8014,7.8014,7.8014,7.8014,7.8014,7.8014,7.8014,7.8014,7.8014,7.8014,7.8014,7.8014,7.8014,7.8014,7.8014,7.8014,7.8014,7.8014,7.8014,7.8014,7.8014,7.8014,7.8014,7.8014,7.8014,7.8014,7.8014,7.8014,7.8014,7.8014,7.8014,7.8014,7.8014,7.8014,7.8014,7.8014,7.8014,7.8014,7.8014,7.8014,7.8014,7.8014,7.8014,7.8014,7.8014,7.8014,7.8014,7.8014,7.8014,7.8014,7.8014,7.8014,7.8014,7.8014,7.8014,7.8014,7.8014,7.8014,7.8014,7.8014,7.8014,7.8014,7.8014,7.8014,7.8014,6.1433,6.1267,6.1134,6.1062,6.0994,6.0925,6.0857,6.0788,6.0720,6.0652,6.0584,6.0515,6.0447,6.0380,6.0312,6.0245,6.0178,6.0112,6.0082,6.0062,6.0036,6.0013,5.9989,5.9966,5.9942,5.9919,5.9895,5.9872,5.9850,5.9827,5.9803,5.9780,5.9750,5.9721,5.9691,5.9661,5.9631,5.9602,5.9579,5.9568,5.9560,5.9549,5.9541,5.9530,5.9522,5.9511,5.9500,5.9503,5.9513,5.9522,5.9532,5.9543,5.9553,5.9562,5.9572,5.9583,5.9593,5.9602,5.9610,5.9621,5.9629,5.9640,5.9648,5.9657,5.9667,5.9676,5.9687,5.9695,5.9704,5.9714,5.9723,5.9731,5.9742,5.9776,5.9823,5.9872,5.9919,5.9968,6.0015,6.0064,6.0112,6.0159,6.0209,6.0256,6.0304,6.0351,6.0401,6.0449,6.0512,6.0580,6.0646,6.0711,6.0777,6.0843,6.0910,6.0994,6.1147,6.1720,6.2578,7.8014,7.8014,7.8014,7.8014,7.8014,7.8014,7.8014,7.8014,7.8014,7.8014,7.8014,7.8014,7.8014,7.8014,7.8014,7.8014,7.8014,7.8014,7.8014,7.8014,7.8014,7.8014,7.8014,7.8014,7.8014,7.8014,7.8014,7.8014,7.8014,7.8014,7.8014,7.8014,7.8014,7.8014,7.8014,7.8014,7.8014,7.8014,7.8014,7.8014,7.8014,7.8014,7.8014,7.8014,7.8014,7.8014,7.8014,7.8014,7.8014,7.8014,7.8014,7.8014,7.8014,7.8014,7.8014,7.8014,7.8014,7.8014,7.8014,7.8014,7.8014,7.8014,7.8014,7.8014,7.8014,7.8014,7.8014,7.8014,7.8014,7.8014,7.8014,7.8014,7.8014,7.8014,7.8014,7.8014,7.8014,7.8014,7.8014,7.8014,7.8014,7.8014,7.8014,7.8014,7.8014,7.8014,7.8014,7.8014,7.8014,7.8014,7.8014,7.8014,7.8014,7.8014,7.8014,7.8014,7.8014,7.8014,7.8014,7.8014,7.8014,7.8014,7.8014,7.8014,7.8014,7.8014,7.8014,7.8014,7.8014,7.8014,7.8014,7.8014,7.8014,7.8014,7.8014,7.8014,7.8014,7.8014,7.8014,7.8014,7.8014,7.8014,7.8014,7.8014,7.8014,7.8014,7.8014,7.8014,7.8014,7.8014,7.8014,7.8014,7.8014,7.8014,7.8014,7.8014,7.8014,7.8014,7.8014,7.8014,7.8014,7.8014,7.8014,7.8014,7.8014,7.8014,7.8014,7.8014,7.8014,7.8014,7.8014,7.8014,7.8014,7.8014,7.8014,7.8014,7.8014,7.8014,7.8014,7.8014,7.8014,7.8014,7.8014,7.8014,7.8014,7.8014,7.8014,7.8014,7.8014,7.8014,7.8014,7.8014,7.8014,7.8014,7.8014,7.8014,7.8014,7.8014,7.8014,7.8014,7.8014,7.8014,7.8014,7.8014,7.8014,7.8014,7.8014,7.8014,7.8014,7.8014,7.8014,7.8014,7.8014,7.8014,7.8014,7.8014,7.8014,7.8014,7.8014,7.8014,7.8014,7.8014,7.8014,7.8014,7.8014,7.8014,7.8014,7.8014,7.8014,7.8014,7.8014,7.8014,7.8014,7.8014,7.8014,7.8014,7.8014,7.8014,7.8014,7.8014,7.8014,7.8014,7.8014,7.8014,7.8014,7.8014,7.8014,7.8014,7.8014,7.8014,7.8014,7.8014,7.8014,7.8014,7.8014,7.8014,7.8014,7.8014,7.8014,7.8014,7.8014,7.8014,7.8014,7.8014,7.8014,7.8014,7.8014,7.8014,7.8014,7.8014,7.8014,7.8014,7.8014,7.8014,7.8014,7.8014,7.8014,7.8014,7.8014,7.8014,7.8014,7.8014,7.8014,7.8014,7.8014,7.8014,7.8014,7.8014,7.8014,7.8014,7.8014,7.8014,7.8014,7.8014,7.8014,7.8014,7.8014,7.8014,7.8014,7.8014,7.8014,7.8014,7.8014,7.8014,7.8014,7.8014,7.8014,7.8014,7.8014,7.8014,7.8014,7.8014,7.8014,7.8014,7.8014,7.8014,7.8014,7.8014,7.8014,7.8014,7.8014,7.8014,7.8014,7.8014,7.8014,7.8014,7.8014,7.8014,7.8014,7.8014,7.8014,7.8014,7.8014,7.8014,7.8014,7.8014,7.8014,7.8014,7.8014,7.8014,7.8014,7.8010,7.8010,7.8010,7.8010,7.8010,7.8010,7.8010,7.8010,7.8010,7.8010,7.8010,7.8010,7.8010,7.8010,7.8010,7.8010,7.8010,7.8010,7.8010,7.8010,7.8010,7.8010,7.8010,7.8010,7.8010,7.8010,7.8010,7.8010,7.8010,7.8010,7.8010,7.8010,7.8010,7.8010,7.8010,7.8010,7.8010,7.8010,7.8010,7.8010,7.8010,7.8010,7.8010,7.8010,7.8010,7.8010,7.8010,7.8010,7.8010,7.8010,7.8010,7.8010,7.8010,7.8010,7.8010,7.8010,7.8010,7.8010,7.8010,7.8010,7.8010,7.8010,7.8010,7.8010,7.8010,7.8010,7.8010,7.8010,7.8010,7.8010,7.8010,7.8010,7.8010,7.8010,7.8010,7.8010,7.8010,7.8010,7.8010,7.8010,7.8010,7.8010,7.8010,7.8010,7.8010,7.8010,7.8010,7.8010,7.8010,7.8010,7.8010,7.8010,7.8010,7.8010,7.8010,7.8010,7.8010,7.8010,7.8010,7.8010,7.8010
7.7948,7.7948,7.7948,7.7948,7.7948,7.7948,7.7948,7.7948,7.7948,7.7948,7.7948,7.7948,7.7948,7.7948,7.7948,7.7948,7.7948,7.7948,7.7948,7.7948,7.7948,7.7948,7.7948,7.7948,7.7948,7.7948,7.7948,7.7948,7.7948,7.7948,7.7948,7.7948,7.7948,7.7948,7.7948,7.7948,7.7948,7.7948,7.7948,7.7948,7.7948,7.7948,7.7948,7.7948,7.7948,7.7948,7.7948,7.7948,7.7948,7.7948,7.7948,7.7948,7.7948,7.7948,7.7948,7.7948,7.7948,7.7948,7.7948,7.7948,7.7948,7.7948,7.7948,7.7948,7.7948,7.7948,7.7948,7.7948,7.7948,7.7948,7.7948,7.7948,7.7948,7.7948,7.7948,7.7948,7.7948,7.7948,7.7948,7.7948,7.7948,7.7948,7.7948,7.7948,7.7948,7.7948,7.7948,7.7948,7.7948,7.7948,7.7948,7.7948,7.7948,7.7948,7.7948,7.7948,7.7948,7.7948,7.7948,7.7948,7.7948,7.7948,7.7948,7.7948,7.7948,7.7948,7.7948,7.7948,7.7948,7.7948,7.7948,7.7948,7.7948,7.7948,7.7948,7.7948,7.7948,7.7948,7.7948,7.7948,7.7948,7.7948,7.7948,7.7948,7.7948,7.7948,7.7948,7.7948,7.7948,7.7948,7.7948,7.7948,7.7948,7.7948,7.7948,7.7948,7.7948,7.7948,7.7948,7.7948,7.7948,7.7948,7.7948,7.7948,7.7948,7.7948,7.7948,7.7948,7.7948,7.7948,7.7948,7.7948,7.7948,7.7948,7.7948,7.7948,7.7948,7.7948,7.7948,7.7948,7.7948,7.7948,7.7948,7.7948,7.7948,7.7948,7.7948,7.7948,7.7948,7.7948,7.7948,7.7948,7.7948,7.7948,7.7948,7.7948,7.7948,7.7948,7.7948,7.7948,7.7948,7.7948,7.7948,7.7948,7.7948,7.7948,7.7948,7.7948,7.7948,7.7948,7.7948,7.7948,7.7948,7.7948,7.7948,7.7948,7.7948,7.7948,7.7948,7.7948,7.7948,7.7948,7.7948,7.7948,7.7948,7.7948,7.7948,7.7948,7.7948,7.7948,7.7948,7.7948,7.7948,7.7948,7.7948,7.7948,7.7948,7.7948,7.7948,7.7948,7.7948,7.7948,7.7948,7.7948,7.7948,7.7948,7.7948,7.7948,7.7948,7.7948,7.7948,7.7948,7.7948,7.7948,7.7948,7.7948,7.7948,7.7948,7.7948,7.7948,7.7948,7.7948,7.7948,7.7948,7.7948,7.7948,7.7948,7.7948,7.7948,7.7948,7.7948,7.7948,7.7948,7.7948,7.7948,7.7948,7.7948,7.7948,7.7948,7.7948,7.7948,7.7948,7.7948,7.7948,7.7948,7.7948,7.7948,7.7948,7.7948,7.7948,7.7948,7.7948,7.7948,7.7948,7.7948,7.7948,7.7948,7.7948,7.7948,7.7948,7.7948,7.7948,7.7948,7.7948,7.7948,7.7948,7.7948,7.7948,7.7948,7.7948,7.7948,7.7948,7.7948,7.7948,7.7948,7.7948,7.7948,7.7948,7.7948,7.7948,7.7948,7.7948,7.7948,7.7948,7.7948,7.7948,7.7948,7.7948,7.7948,7.7948,7.7948,7.7948,7.7948,7.7948,7.7948,7.7948,7.7948,7.7948,7.7948,7.7948,7.7948,7.7948,7.7948,7.7948,7.7948,7.7948,7.7948,7.7948,7.7948,7.7948,7.7948,7.7948,7.7948,7.7948,7.7948,7.7948,7.7948,7.7948,7.7948,7.7948,7.7948,7.7948,7.7948,7.7948,7.7948,7.7948,7.7948,7.7948,7.7948,7.7948,7.7948,7.7948,7.7948,7.7948,7.7948,7.7948,7.7948,7.7948,7.7948,7.7948,7.7948,7.7948,7.7948,7.7948,7.7948,7.7948,7.7948,7.7948,7.7948,7.7948,7.7948,7.7948,7.7948,7.7948,7.7948,7.7948,7.7948,7.7948,7.7948,7.7948,7.7948,7.7948,7.7948,7.7948,7.7948,7.7948,7.7948,7.7948,7.7948,7.7948,7.7948,7.7948,7.7948,7.7948,7.7948,7.7948,7.7948,7.7948,7.7948,7.7948,7.7948,7.7948,7.7948,7.7948,7.7948,7.7948,7.7948,7.7948,7.7948,7.7948,7.7948,7.7948,7.7948,7.7948,7.7948,7.7948,7.7948,7.7948,7.7948,7.7948,7.7948,7.7948,7.7948,7.7948,7.7948,7.7948,7.7948,7.7948,7.7948,7.7948,7.7948,7.7948,7.7948,7.7948,7.7948,7.7948,7.7948,6.1411,6.1245,6.1149,6.1080,6.1011,6.0943,6.0874,6.0806,6.0738,6.0670,6.0602,6.0534,6.0467,6.0399,6.0332,6.0265,6.0198,6.0131,6.0064,6.0030,6.0004,5.9981,5.9957,5.9934,5.9912,5.9889,5.9865,5.9842,5.9818,5.9795,5.9772,5.9748,5.9725,5.9695,5.9665,5.9636,5.9606,5.9576,5.9547,5.9517,5.9488,5.9458,5.9448,5.9439,5.9429,5.9420,5.9410,5.9402,5.9408,5.9416,5.9427,5.9437,5.9448,5.9458,5.9467,5.9477,5.9488,5.9498,5.9507,5.9517,5.9528,5.9536,5.9545,5.9555,5.9564,5.9574,5.9583,5.9591,5.9602,5.9610,5.9619,5.9629,5.9638,5.9646,5.9655,5.9665,5.9697,5.9746,5.9793,5.9842,5.9891,5.9938,5.9989,6.0034,6.0084,6.0131,6.0181,6.0228,6.0293,6.0358,6.0423,6.0491,6.0556,6.0622,6.0687,6.0753,6.0819,6.0885,6.1003,6.1154,6.1675,6.2575,7.7948,7.7948,7.7948,7.7948,7.7948,7.7948,7.7948,7.7948,7.7948,7.7948,7.7948,7.7948,7.7948,7.7948,7.7948,7.7948,7.7948,7.7948,7.7948,7.7948,7.7948,7.7948,7.7948,7.7948,7.7948,7.7948,7.7948,7.7948,7.7948,7.7948,7.7948,7.7948,7.7948,7.7948,7.7948,7.7948,7.7948,7.7948,7.7948,7.7948,7.7948,7.7948,7.7948,7.7948,7.7948,7.7948,7.7948,7.7948,7.7948,7.7948,7.7948,7.7948,7.7948,7.7948,7.7948,7.7948,7.7948,7.7948,7.7948,7.7948,7.7948,7.7948,7.7948,7.7948,7.7948,7.7948,7.7948,7.7948,7.7948,7.7948,7.7948,7.7948,7.7948,7.7948,7.7948,7.7948,7.7948,7.7948,7.7948,7.7948,7.7948,7.7948,7.7948,7.7948,7.7948,7.7948,7.7948,7.7948,7.7948,7.7948,7.7948,7.7948,7.7948,7.7948,7.7948,7.7948,7.7948,7.7948,7.7948,7.7948,7.7948,7.7948,7.7948,7.7948,7.7948,7.7948,7.7948,7.7948,7.7948,7.7948,7.7948,7.7948,7.7948,7.7948,7.7948,7.7948,7.7948,7.7948,7.7948,7.7948,7.7948,7.7948,7.7948,7.7948,7.7948,7.7948,7.7948,7.7948,7.7948,7.7948,7.7948,7.7948,7.7948,7.7948,7.7948,7.7948,7.7948,7.7948,7.7948,7.7948,7.7948,7.7948,7.7948,7.7948,7.7948,7.7948,7.7948,7.7948,7.7948,7.7948,7.7948,7.7948,7.7948,7.7948,7.7948,7.7948,7.7948,7.7948,7.7948,7.7948,7.7948,7.7948,7.7948,7.7948,7.7948,7.7948,7.7948,7.7948,7.7948,7.7948,7.7948,7.7948,7.7948,7.7948,7.7948,7.7948,7.7948,7.7948,7.7948,7.7941,7.7941,7.7941,7.7941,7.7941,7.7941,7.7941,7.7941,7.7941,7.7941,7.7941,7.7941,7.7941,7.7941,7.7941,7.7941,7.7941,7.7941,7.7941,7.7941,7.7941,7.7941,7.7941,7.7941,7.7941,7.7941,7.7941,7.7941,7.7941,7.7941,7.7941,7.7941,7.7941,7.7941,7.7941,7.7941,7.7941,7.7941,7.7941,7.7941,7.7941,7.7941,7.7941,7.7941,7.7941,7.7941,7.7941,7.7941,7.7941,7.7941,7.7941,7.7941,7.7941,7.7941,7.7941,7.7941,7.7941,7.7941,7.7941,7.7941,7.7941,7.7941,7.7941,7.7941,7.7941,7.7941,7.7941,7.7941,7.7941,7.7941,7.7941,7.7941,7.7941,7.7941,7.7941,7.7941,7.7941,7.7941,7.7941,7.7941,7.7941,7.7941,7.7941,7.7941,7.7941,7.7941,7.7941,7.7941,7.7941,7.7941,7.7941,7.7941,7.7941,7.7941,7.7941,7.7941,7.7941,7.7941,7.7941,7.7941,7.7941,7.7941,7.7941,7.7941,7.7941,7.7941,7.7941,7.7941,7.7941,7.7941,7.7941,7.7941,7.7941,7.7941,7.7941,7.7941,7.7941,7.7941,7.7941,7.7941,7.7941,7.7941,7.7941,7.7941,7.7941,7.7941,7.7941,7.7941,7.7941,7.7941,7.7941,7.7941,7.7941,7.7941,7.7941,7.7941,7.7941,7.7941,7.7941,7.7941,7.7941,7.7941,7.7941,7.7941,7.7941,7.7941,7.7941,7.7941,7.7941,7.7941,7.7941,7.7941,7.7941,7.7941,7.7941,7.7941,7.7941,7.7941,7.7941,7.7941,7.7941,7.7941,7.7941,7.7941,7.7941,7.7941,7.7941,7.7941,7.7941,7.7941,7.7941,7.7941,7.7941,7.7941,7.7941,7.7941,7.7941,7.7941,7.7941,7.7941,7.7941,7.7941,7.7941,7.7941,7.7941,7.7941,7.7941,7.7941,7.7941,7.7941,7.7941,7.7941,7.7941,7.7941,7.7941,7.7941,7.7941,7.7941,7.7941,7.7941,7.7941,7.7941,7.7941,7.7941,7.7941,7.7941,7.7941,7.7941,7.7941,7.7941,7.7941,7.7941,7.7941,7.7941,7.7941,7.7941,7.7941,7.7941,7.7941,7.7941,7.7941,7.7941,7.7941,7.7941,7.7941,7.7941,7.7941,7.7941,7.7941,7.7941,7.7941,7.7941,7.7941,7.7941,7.7941,7.7941,7.7941,7.7941,7.7941,7.7941,7.7941,7.7941
7.7880,7.7880,7.7880,7.7880,7.7880,7.7880,7.7880,7.7880,7.7880,7.7880,7.7880,7.7880,7.7880,7.7880,7.7880,7.7880,7.7880,7.7880,7.7880,7.7880,7.7880,7.7880,7.7880,7.7880,7.7880,7.7880,7.7880,7.7880,7.7880,7.7880,7.7880,7.7880,7.7880,7.7880,7.7880,7.7880,7.7880,7.7880,7.7880,7.7880,7.7880,7.7880,7.7880,7.7880,7.7880,7.7880,7.7880,7.7880,7.7880,7.7880,7.7880,7.7880,7.7880,7.7880,7.7880,7.7880,7.7880,7.7880,7.7880,7.7880,7.7880,7.7880,7.7880,7.7880,7.7880,7.7880,7.7880,7.7880,7.7880,7.7880,7.7880,7.7880,7.7880,7.7880,7.7880,7.7880,7.7880,7.7880,7.7880,7.7880,7.7880,7.7880,7.7880,7.7880,7.7880,7.7880,7.7880,7.7880,7.7880,7.7880,7.7880,7.7880,7.7880,7.7880,7.7880,7.7880,7.7880,7.7880,7.7880,7.7880,7.7880,7.7880,7.7880,7.7880,7.7880,7.7880,7.7880,7.7880,7.7880,7.7880,7.7880,7.7880,7.7880,7.7880,7.7880,7.7880,7.7880,7.7880,7.7880,7.7880,7.7880,7.7880,7.7880,7.7880,7.7880,7.7880,7.7880,7.7880,7.7880,7.7880,7.7880,7.7880,7.7880,7.7880,7.7880,7.7880,7.7880,7.7880,7.7880,7.7880,7.7880,7.7880,7.7880,7.7880,7.7880,7.7880,7.7880,7.7880,7.7880,7.7880,7.7880,7.7880,7.7880,7.7880,7.7880,7.7880,7.7880,7.7880,7.7880,7.7880,7.7880,7.7880,7.7880,7.7880,7.7880,7.7880,7.7880,7.7880,7.7880,7.7880,7.7880,7.7880,7.7880,7.7880,7.7880,7.7880,7.7880,7.7880,7.7880,7.7880,7.7880,7.7880,7.7880,7.7880,7.7880,7.7880,7.7880,7.7880,7.7880,7.7880,7.7880,7.7880,7.7880,7.7880,7.7880,7.7880,7.7880,7.7880,7.7880,7.7880,7.7880,7.7880,7.7880,7.7880,7.7880,7.7880,7.7880,7.7880,7.7880,7.7880,7.7880,7.7880,7.7880,7.7880,7.7880,7.7880,7.7880,7.7880,7.7880,7.7880,7.7880,7.7880,7.7880,7.7880,7.7880,7.7880,7.7880,7.7880,7.7880,7.7880,7.7880,7.7880,7.7880,7.7880,7.7880,7.7880,7.7880,7.7880,7.7880,7.7880,7.7880,7.7880,7.7880,7.7880,7.7880,7.7880,7.7880,7.7880,7.7880,7.7880,7.7880,7.7880,7.7880,7.7880,7.7880,7.7880,7.7880,7.7880,7.7880,7.7880,7.7880,7.7880,7.7880,7.7880,7.7880,7.7880,7.7880,7.7880,7.7880,7.7880,7.7880,7.7880,7.7880,7.7880,7.7880,7.7880,7.7880,7.7880,7.7880,7.7880,7.7880,7.7880,7.7880,7.7880,7.7880,7.7880,7.7880,7.7880,7.7880,7.7880,7.7880,7.7880,7.7880,7.7880,7.7880,7.7880,7.7880,7.7880,7.7880,7.7880,7.7880,7.7880,7.7880,7.7880,7.7880,7.7880,7.7880,7.7880,7.7880,7.7880,7.7880,7.7880,7.7880,7.7880,7.7880,7.7880,7.7880,7.7880,7.7880,7.7880,7.7880,7.7880,7.7880,7.7880,7.7880,7.7880,7.7880,7.7880,7.7880,7.7880,7.7880,7.7880,7.7880,7.7880,7.7880,7.7880,7.7880,7.7880,7.7880,7.7880,7.7880,7.7880,7.7880,7.7880,7.7880,7.7880,7.7880,7.7880,7.7880,7.7880,7.7880,7.7880,7.7880,7.7880,7.7880,7.7880,7.7880,7.7880,7.7880,7.7880,7.7880,7.7880,7.7880,7.7880,7.7880,7.7880,7.7880,7.7880,7.7880,7.7880,7.7880,7.7880,7.7880,7.7880,7.7880,7.7880,7.7880,7.7880,7.7880,7.7880,7.7880,7.7880,7.7880,7.7880,7.7880,7.7880,7.7880,7.7880,7.7880,7.7880,7.7880,7.7880,7.7880,7.7880,7.7880,7.7880,7.7880,7.7880,7.7880,7.7880,7.7880,7.7880,7.7880,7.7880,7.7880,7.7880,7.7880,7.7880,7.7880,7.7880,7.7880,7.7880,7.7880,7.7880,7.7880,7.7880,7.7880,7.7880,7.7880,7.7880,7.7880,7.7880,7.7880,7.7880,7.7880,7.7880,7.7880,7.7880,7.7880,7.7880,7.7880,7.7880,7.7880,7.7880,7.7880,6.1391,6.1236,6.1167,6.1098,6.1029,6.0960,6.0892,6.0824,6.0755,6.0687,6.0619,6.0554,6.0486,6.0419,6.0351,6.0284,6.0217,6.0150,6.0084,6.0017,5.9976,5.9953,5.9927,5.9904,5.9880,5.9857,5.9833,5.9810,5.9786,5.9765,5.9742,5.9718,5.9695,5.9672,5.9642,5.9612,5.9583,5.9553,5.9524,5.9494,5.9465,5.9435,5.9406,5.9376,5.9347,5.9330,5.9320,5.9309,5.9303,5.9313,5.9322,5.9332,5.9343,5.9353,5.9364,5.9372,5.9383,5.9393,5.9404,5.9412,5.9423,5.9433,5.9444,5.9452,5.9460,5.9471,5.9479,5.9490,5.9498,5.9507,5.9517,5.9526,5.9534,5.9545,5.9553,5.9562,5.9570,5.9581,5.9589,5.9621,5.9670,5.9716,5.9765,5.9812,5.9861,5.9908,5.9957,6.0004,6.0071,6.0138,6.0204,6.0269,6.0334,6.0401,6.0467,6.0532,6.0598,6.0663,6.0729,6.0797,6.0863,6.1009,6.1160,6.1627,6.2575,7.7880,7.7880,7.7880,7.7880,7.7880,7.7880,7.7880,7.7880,7.7880,7.7880,7.7880,7.7880,7.7880,7.7880,7.7880,7.7880,7.7880,7.7880,7.7880,7.7880,7.7880,7.7880,7.7880,7.7880,7.7880,7.7880,7.7880,7.7880,7.7880,7.7880,7.7880,7.7880,7.7880,7.7880,7.7880,7.7880,7.7880,7.7880,7.7880,7.7880,7.7880,7.7880,7.7880,7.7880,7.7880,7.7880,7.7880,7.7880,7.7880,7.7880,7.7880,7.7880,7.7880,7.7880,7.7880,7.7880,7.7880,7.7880,7.7880,7.7880,7.7880,7.7880,7.7880,7.7880,7.7880,7.7880,7.7880,7.7880,7.7880,7.7880,7.7880,7.7880,7.7880,7.7880,7.7880,7.7880,7.7880,7.7880,7.7880,7.7880,7.7880,7.7880,7.7880,7.7880,7.7880,7.7880,7.7880,7.7880,7.7880,7.7880,7.7880,7.7880,7.7880,7.7880,7.7880,7.7880,7.7880,7.7880,7.7880,7.7880,7.7880,7.7880,7.7880,7.7880,7.7880,7.7880,7.7880,7.7880,7.7880,7.7880,7.7880,7.7880,7.7880,7.7880,7.7880,7.7880,7.7880,7.7880,7.7880,7.7880,7.7880,7.7880,7.7880,7.7880,7.7880,7.7880,7.7880,7.7880,7.7880,7.7880,7.7880,7.7880,7.7880,7.7880,7.7880,7.7880,7.7880,7.7880,7.7880,7.7880,7.7880,7.7880,7.7880,7.7880,7.7880,7.7880,7.7880,7.7880,7.7880,7.7880,7.7880,7.7880,7.7880,7.7880,7.7880,7.7880,7.7880,7.7880,7.7880,7.7880,7.7880,7.7880,7.7880,7.7880,7.7880,7.7880,7.7880,7.7880,7.7880,7.7880,7.7880,7.7880,7.7880,7.7880,7.7880,7.7880,7.7880,7.7880,7.7880,7.7880,7.7880,7.7880,7.7880,7.7880,7.7880,7.7880,7.7880,7.7880,7.7880,7.7880,7.7880,7.7880,7.7880,7.7880,7.7880,7.7880,7.7880,7.7880,7.7880,7.7880,7.7880,7.7880,7.7880,7.7880,7.7880,7.7880,7.7880,7.7880,7.7880,7.7880,7.7880,7.7880,7.7880,7.7880,7.7880,7.7880,7.7880,7.7880,7.7880,7.7880,7.7880,7.7880,7.7880,7.7880,7.7880,7.7880,7.7880,7.7880,7.7880,7.7880,7.7880,7.7880,7.7880,7.7880,7.7880,7.7880,7.7880,7.7880,7.7880,7.7880,7.7880,7.7880,7.7880,7.7880,7.7880,7.7880,7.7880,7.7880,7.7880,7.7880,7.7880,7.7880,7.7880,7.7880,7.7880,7.7880,7.7880,7.7880,7.7880,7.7880,7.7880,7.7880,7.7880,7.7880,7.7880,7.7880,7.7880,7.7880,7.7880,7.7880,7.7880,7.7880,7.7880,7.7880,7.7880,7.7880,7.7880,7.7880,7.7880,7.7880,7.7880,7.7880,7.7880,7.7880,7.7880,7.7880,7.7880,7.7880,7.7880,7.7880,7.7880,7.7880,7.7880,7.7880,7.7880,7.7880,7.7880,7.7880,7.7880,7.7880,7.7880,7.7880,7.7880,7.7880,7.7880,7.7880,7.7880,7.7880,7.7880,7.7880,7.7880,7.7880,7.7880,7.7880,7.7880,7.7880,7.7880,7.7880,7.7880,7.7880,7.7880,7.7880,7.7880,7.7880,7.7880,7.7880,7.7880,7.7880,7.7880,7.7880,7.7880,7.7880,7.7880,7.7880,7.7880,7.7880,7.7880,7.7880,7.7880,7.7880,7.7880,7.7880,7.7880,7.7880,7.7880,7.7880,7.7880,7.7880,7.7880,7.7880,7.7880,7.7880,7.7880,7.7880,7.7880,7.7880,7.7880,7.7880,7.7880,7.7880,7.7880,7.7880,7.7880,7.7880,7.7880,7.7880,7.7880,7.7880,7.7880,7.7880,7.7880,7.7880,7.7880,7.7880,7.7880,7.7880,7.7880,7.7880,7.7880,7.7880,7.7880,7.7880,7.7880,7.7880,7.7880,7.7880,7.7880,7.7880,7.7880,7.7880,7.7880,7.7880,7.7880,7.7880,7.7880,7.7880,7.7880,7.7880,7.7880,7.7880,7.7880,7.7880,7.7880,7.7880,7.7880,7.7880,7.7880,7.7880,7.7880,7.7880,7.7880,7.7880,7.7880,7.7880,7.7880,7.7880,7.7880,7.7880,7.7880,7.7880
7.7808,7.7808,7.7808,7.7808,7.7808,7.7808,7.7808,7.7808,7.7808,7.7808,7.7808,7.7808,7.7808,7.7808,7.7808,7.7808,7.7808,7.7808,7.7808,7.7808,7.7808,7.7808,7.7808,7.7808,7.7808,7.7808,7.7808,7.7808,7.7808,7.7808,7.7808,7.7808,7.7808,7.7808,7.7808,7.7808,7.7808,7.7808,7.7808,7.7808,7.7808,7.7808,7.7808,7.7808,7.7808,7.7808,7.7808,7.7808,7.7808,7.7808,7.7808,7.7808,7.7808,7.7808,7.7808,7.7808,7.7808,7.7808,7.7808,7.7808,7.7808,7.7808,7.7808,7.7808,7.7808,7.7808,7.7808,7.7808,7.7808,7.7808,7.7808,7.7808,7.7808,7.7808,7.7808,7.7808,7.7808,7.7808,7.7808,7.7808,7.7808,7.7808,7.7808,7.7808,7.7808,7.7808,7.7808,7.7808,7.7808,7.7808,7.7808,7.7808,7.7808,7.7808,7.7808,7.7808,7.7808,7.7808,7.7808,7.7808,7.7808,7.7808,7.7808,7.7808,7.7808,7.7808,7.7808,7.7808,7.7808,7.7808,7.7808,7.7808,7.7808,7.7808,7.7808,7.7808,7.7808,7.7808,7.7808,7.7808,7.7808,7.7808,7.7808,7.7808,7.7808,7.7808,7.7808,7.7808,7.7808,7.7808,7.7808,7.7808,7.7808,7.7808,7.7808,7.7808,7.7808,7.7808,7.7808,7.7808,7.7808,7.7808,7.7808,7.7808,7.7808,7.7808,7.7808,7.7808,7.7808,7.7808,7.7808,7.7808,7.7808,7.7808,7.7808,7.7808,7.7808,7.7808,7.7808,7.7808,7.7808,7.7808,7.7808,7.7808,7.7808,7.7808,7.7808,7.7808,7.7808,7.7808,7.7808,7.7808,7.7808,7.7808,7.7808,7.7808,7.7808,7.7808,7.7808,7.7808,7.7808,7.7808,7.7808,7.7808,7.7808,7.7808,7.7808,7.7808,7.7808,7.7808,7.7808,7.7808,7.7808,7.7808,7.7808,7.7808,7.7808,7.7808,7.7808,7.7808,7.7808,7.7808,7.7808,7.7808,7.7808,7.7808,7.7808,7.7808,7.7808,7.7808,7.7808,7.7808,7.7808,7.7808,7.7808,7.7808,7.7808,7.7808,7.7808,7.7808,7.7808,7.7808,7.7808,7.7808,7.7808,7.7808,7.7808,7.7808,7.7808,7.7808,7.7808,7.7808,7.7808,7.7808,7.7808,7.7808,7.7808,7.7808,7.7808,7.7808,7.7808,7.7808,7.7808,7.7808,7.7808,7.7808,7.7808,7.7808,7.7808,7.7808,7.7808,7.7808,7.7808,7.7808,7.7808,7.7808,7.7808,7.7808,7.7808,7.7808,7.7808,7.7808,7.7808,7.7808,7.7808,7.7808,7.7808,7.7808,7.7808,7.7808,7.7808,7.7808,7.7808,7.7808,7.7808,7.7808,7.7808,7.7808,7.7808,7.7808,7.7808,7.7808,7.7808,7.7808,7.7808,7.7808,7.7808,7.7808,7.7808,7.7808,7.7808,7.7808,7.7808,7.7808,7.7808,7.7808,7.7808,7.7808,7.7808,7.7808,7.7808,7.7808,7.7808,7.7808,7.7808,7.7808,7.7808,7.7808,7.7808,7.7808,7.7808,7.7808,7.7808,7.7808,7.7808,7.7808,7.7808,7.7808,7.7808,7.7808,7.7808,7.7808,7.7808,7.7808,7.7808,7.7808,7.7808,7.7808,7.7808,7.7808,7.7808,7.7808,7.7808,7.7808,7.7808,7.7808,7.7808,7.7808,7.7808,7.7808,7.7808,7.7808,7.7808,7.7808,7.7808,7.7808,7.7808,7.7808,7.7808,7.7808,7.7808,7.7808,7.7808,7.7808,7.7808,7.7808,7.7808,7.7808,7.7808,7.7808,7.7808,7.7808,7.7808,7.7808,7.7808,7.7808,7.7808,7.7808,7.7808,7.7808,7.7808,7.7808,7.7808,7.7808,7.7808,7.7808,7.7808,7.7808,7.7808,7.7808,7.7808,7.7808,7.7808,7.7808,7.7808,7.7808,7.7808,7.7808,7.7808,7.7808,7.7808,7.7808,7.7808,7.7808,7.7808,7.7808,7.7808,7.7808,7.7808,7.7808,7.7808,7.7808,7.7808,7.7808,7.7808,7.7808,7.7808,7.7808,7.7808,7.7808,7.7808,7.7808,7.7808,7.7808,7.7808,7.7808,7.7808,7.7808,7.7808,7.7808,7.7808,7.7808,7.7808,7.7808,7.7808,7.7808,7.7808,7.7808,7.7808,7.7808,7.7808,7.7808,7.7808,7.7808,6.1254,6.1185,6.1118,6.1049,6.0980,6.0912,6.0843,6.0775,6.0707,6.0639,6.0571,6.0504,6.0438,6.0371,6.0304,6.0237,6.0170,6.0103,6.0039,5.9970,5.9923,5.9899,5.9876,5.9850,5.9827,5.9803,5.9780,5.9757,5.9733,5.9710,5.9687,5.9663,5.9640,5.9617,5.9587,5.9557,5.9528,5.9498,5.9469,5.9439,5.9410,5.9381,5.9351,5.9322,5.9292,5.9263,5.9234,5.9211,5.9209,5.9219,5.9228,5.9238,5.9249,5.9259,5.9269,5.9278,5.9288,5.9299,5.9309,5.9318,5.9328,5.9339,5.9349,5.9360,5.9368,5.9378,5.9387,5.9395,5.9406,5.9414,5.9423,5.9433,5.9441,5.9450,5.9460,5.9469,5.9477,5.9486,5.9496,5.9505,5.9513,5.9545,5.9591,5.9640,5.9689,5.9735,5.9784,5.9846,5.9912,5.9979,6.0045,6.0112,6.0178,6.0243,6.0310,6.0375,6.0443,6.0508,6.0574,6.0639,6.0707,6.0773,6.0863,6.1016,6.1167,6.1582,6.2575,7.7808,7.7808,7.7808,7.7808,7.7808,7.7808,7.7808,7.7808,7.7808,7.7808,7.7808,7.7808,7.7808,7.7808,7.7808,7.7808,7.7808,7.7808,7.7808,7.7808,7.7808,7.7808,7.7808,7.7808,7.7808,7.7808,7.7808,7.7808,7.7808,7.7808,7.7808,7.7808,7.7808,7.7808,7.7808,7.7808,7.7808,7.7808,7.7808,7.7808,7.7808,7.7808,7.7808,7.7808,7.7808,7.7808,7.7808,7.7808,7.7808,7.7808,7.7808,7.7808,7.7808,7.7808,7.7808,7.7808,7.7808,7.7808,7.7808,7.7808,7.7808,7.7808,7.7808,7.7808,7.7808,7.7808,7.7808,7.7808,7.7808,7.7808,7.7808,7.7808,7.7808,7.7808,7.7808,7.7808,7.7808,7.7808,7.7808,7.7808,7.7808,7.7808,7.7808,7.7808,7.7808,7.7808,7.7808,7.7808,7.7808,7.7808,7.7808,7.7808,7.7808,7.7808,7.7808,7.7808,7.7808,7.7808,7.7808,7.7808,7.7808,7.7808,7.7808,7.7808,7.7808,7.7808,7.7808,7.7808,7.7808,7.7808,7.7808,7.7808,7.7808,7.7808,7.7808,7.7808,7.7808,7.7808,7.7808,7.7808,7.7808,7.7808,7.7808,7.7808,7.7808,7.7808,7.7808,7.7808,7.7808,7.7808,7.7808,7.7808,7.7808,7.7808,7.7808,7.7808,7.7808,7.7808,7.7808,7.7808,7.7808,7.7808,7.7808,7.7808,7.7808,7.7808,7.7808,7.7808,7.7808,7.7808,7.7808,7.7808,7.7808,7.7808,7.7808,7.7808,7.7808,7.7808,7.7808,7.7808,7.7808,7.7808,7.7808,7.7808,7.7808,7.7808,7.7808,7.7808,7.7808,7.7808,7.7808,7.7808,7.7808,7.7808,7.7808,7.7808,7.7808,7.7808,7.7808,7.7808,7.7808,7.7808,7.7808,7.7808,7.7808,7.7808,7.7808,7.7808,7.7808,7.7808,7.7808,7.7808,7.7808,7.7808,7.7808,7.7808,7.7808,7.7808,7.7808,7.7808,7.7808,7.7808,7.7808,7.7808,7.7808,7.7808,7.7808,7.7808,7.7808,7.7808,7.7808,7.7808,7.7808,7.7808,7.7808,7.7808,7.7808,7.7808,7.7808,7.7808,7.7808,7.7808,7.7808,7.7808,7.7808,7.7808,7.7808,7.7808,7.7808,7.7808,7.7808,7.7808,7.7808,7.7808,7.7808,7.7808,7.7808,7.7808,7.7808,7.7808,7.7808,7.7808,7.7808,7.7808,7.7808,7.7808,7.7808,7.7808,7.7808,7.7808,7.7808,7.7808,7.7808,7.7808,7.7808,7.7808,7.7808,7.7808,7.7808,7.7808,7.7808,7.7808,7.7808,7.7808,7.7808,7.7808,7.7808,7.7808,7.7808,7.7808,7.7808,7.7808,7.7808,7.7808,7.7808,7.7808,7.7808,7.7808,7.7808,7.7808,7.7808,7.7808,7.7808,7.7808,7.7808,7.7808,7.7808,7.7808,7.7808,7.7808,7.7808,7.7808,7.7808,7.7808,7.7808,7.7808,7.7808,7.7808,7.7808,7.7808,7.7808,7.7808,7.7808,7.7808,7.7808,7.7808,7.7808,7.7808,7.7808,7.7808,7.7808,7.7808,7.7808,7.7811,7.7811,7.7811,7.7811,7.7811,7.7811,7.7811,7.7811,7.7811,7.7811,7.7811,7.7811,7.7811,7.7811,7.7811,7.7811,7.7811,7.7811,7.7811,7.7811,7.7811,7.7811,7.7811,7.7811,7.7811,7.7811,7.7811,7.7811,7.7811,7.7811,7.7811,7.7811,7.7811,7.7811,7.7811,7.7811,7.7811,7.7811,7.7811,7.7811,7.7811,7.7811,7.7811,7.7811,7.7811,7.7811,7.7811,7.7811,7.7811,7.7811,7.7811,7.7811,7.7811,7.7811,7.7811,7.7811,7.7811,7.7811,7.7811,7.7811,7.7811,7.7811,7.7811,7.7811,7.7811,7.7811,7.7811,7.7811,7.7811,7.7811,7.7811,7.7811,7.7811,7.7811,7.7811,7.7811,7.7811,7.7811,7.7811,7.7811,7.7811,7.7811,7.7811,7.7811,7.7811,7.7811,7.7811,7.7811,7.7811,7.7811,7.7811,7.7811,7.7811,7.7811,7.7811,7.7811,7.7811,7.7811,7.7811,7.7811,7.7811,7.7811,7.7811,7.7811,7.7811,7.7811
7.7739,7.7739,7.7739,7.7739,7.7739,7.7739,7.7739,7.7739,7.7739,7.7739,7.7739,7.7739,7.7739,7.7739,7.7739,7.7739,7.7739,7.7739,7.7739,7.7739,7.7739,7.7739,7.7739,7.7739,7.7739,7.7739,7.7739,7.7739,7.7739,7.7739,7.7739,7.7739,7.7739,7.7739,7.7739,7.7739,7.7739,7.7739,7.7739,7.7739,7.7739,7.7739,7.7739,7.7739,7.7739,7.7739,7.7739,7.7739,7.7739,7.7739,7.7739,7.7739,7.7739,7.7739,7.7739,7.7739,7.7739,7.7739,7.7739,7.7739,7.7739,7.7739,7.7739,7.7739,7.7739,7.7739,7.7739,7.7739,7.7739,7.7739,7.7739,7.7739,7.7739,7.7739,7.7739,7.7739,7.7739,7.7739,7.7739,7.7739,7.7739,7.7739,7.7739,7.7739,7.7739,7.7739,7.7739,7.7739,7.7739,7.7739,7.7739,7.7743,7.7743,7.7743,7.7743,7.7743,7.7743,7.7743,7.7743,7.7743,7.7743,7.7743,7.7743,7.7743,7.7743,7.7743,7.7743,7.7743,7.7743,7.7743,7.7743,7.7743,7.7743,7.7743,7.7743,7.7743,7.7743,7.7743,7.7743,7.7743,7.7743,7.7743,7.7743,7.7743,7.7743,7.7743,7.7743,7.7743,7.7743,7.7743,7.7743,7.7743,7.7743,7.7743,7.7743,7.7743,7.7743,7.7743,7.7743,7.7743,7.7743,7.7743,7.7743,7.7743,7.7743,7.7743,7.7743,7.7743,7.7743,7.7743,7.7743,7.7743,7.7743,7.7743,7.7743,7.7743,7.7743,7.7743,7.7743,7.7743,7.7743,7.7743,7.7743,7.7743,7.7743,7.7743,7.7743,7.7743,7.7743,7.7743,7.7743,7.7743,7.7743,7.7743,7.7743,7.7743,7.7743,7.7743,7.7743,7.7743,7.7743,7.7743,7.7743,7.7743,7.7743,7.7743,7.7743,7.7743,7.7743,7.7743,7.7743,7.7743,7.7743,7.7743,7.7743,7.7743,7.7743,7.7743,7.7743,7.7743,7.7743,7.7743,7.7743,7.7743,7.7743,7.7743,7.7743,7.7743,7.7743,7.7743,7.7743,7.7743,7.7743,7.7743,7.7743,7.7743,7.7743,7.7743,7.7743,7.7743,7.7743,7.7743,7.7743,7.7743,7.7743,7.7743,7.7743,7.7743,7.7743,7.7743,7.7743,7.7743,7.7743,7.7743,7.7743,7.7743,7.7743,7.7743,7.7743,7.7743,7.7743,7.7743,7.7743,7.7743,7.7743,7.7743,7.7743,7.7743,7.7743,7.7743,7.7743,7.7743,7.7743,7.7743,7.7743,7.7743,7.7743,7.7743,7.7743,7.7743,7.7743,7.7743,7.7743,7.7743,7.7743,7.7743,7.7743,7.7743,7.7743,7.7743,7.7743,7.7743,7.7743,7.7743,7.7743,7.7743,7.7743,7.7743,7.7743,7.7743,7.7743,7.7743,7.7743,7.7743,7.7743,7.7743,7.7743,7.7743,7.7743,7.7743,7.7743,7.7743,7.7743,7.7743,7.7743,7.7743,7.7743,7.7743,7.7743,7.7743,7.7743,7.7743,7.7743,7.7743,7.7743,7.7743,7.7743,7.7743,7.7743,7.7743,7.7743,7.7743,7.7743,7.7743,7.7743,7.7743,7.7743,7.7743,7.7743,7.7743,7.7743,7.7743,7.7743,7.7743,7.7743,7.7743,7.7743,7.7743,7.7743,7.7743,7.7743,7.7743,7.7743,7.7743,7.7743,7.7743,7.7743,7.7743,7.7743,7.7743,7.7743,7.7743,7.7743,7.7743,7.7743,7.7743,7.7743,7.7743,7.7743,7.7743,7.7743,7.7743,7.7743,7.7743,7.7743,7.7743,7.7743,7.7743,7.7743,7.7743,7.7743,7.7743,7.7743,7.7743,7.7743,7.7743,7.7743,7.7743,7.7743,7.7743,7.7743,7.7743,7.7743,7.7743,7.7743,7.7743,7.7743,7.7743,7.7743,7.7743,7.7743,7.7743,7.7743,7.7743,7.7743,7.7743,7.7743,7.7743,7.7743,7.7743,7.7743,7.7743,7.7743,7.7743,7.7743,7.7743,7.7743,7.7743,7.7743,7.7743,7.7743,7.7743,7.7743,7.7743,7.7743,7.7743,7.7743,7.7743,7.7743,7.7743,7.7743,7.7743,7.7743,7.7743,7.7743,7.7743,7.7743,7.7743,7.7743,7.7743,7.7743,7.7743,7.7743,7.7743,7.7743,7.7743,7.7743,7.7743,7.7743,7.7743,7.7743,7.7743,7.7743,6.1254,6.1165,6.1078,6.1000,6.0932,6.0863,6.0795,6.0727,6.0659,6.0591,6.0523,6.0456,6.0388,6.0323,6.0256,6.0189,6.0122,6.0056,5.9989,5.9923,5.9870,5.9846,5.9823,5.9797,5.9774,5.9750,5.9727,5.9701,5.9680,5.9657,5.9634,5.9610,5.9587,5.9564,5.9534,5.9505,5.9475,5.9446,5.9416,5.9387,5.9357,5.9328,5.9299,5.9269,5.9240,5.9211,5.9188,5.9167,5.9148,5.9146,5.9155,5.9161,5.9169,5.9178,5.9186,5.9194,5.9201,5.9209,5.9217,5.9226,5.9234,5.9244,5.9255,5.9265,5.9274,5.9284,5.9295,5.9303,5.9311,5.9322,5.9330,5.9339,5.9349,5.9357,5.9366,5.9376,5.9385,5.9393,5.9402,5.9412,5.9420,5.9429,5.9439,5.9469,5.9515,5.9564,5.9623,5.9689,5.9755,5.9823,5.9889,5.9955,6.0021,6.0088,6.0153,6.0219,6.0284,6.0351,6.0417,6.0484,6.0549,6.0617,6.0683,6.0749,6.0870,6.1023,6.1176,6.1537,6.2573,7.7743,7.7743,7.7743,7.7743,7.7743,7.7743,7.7743,7.7743,7.7743,7.7743,7.7743,7.7743,7.7743,7.7743,7.7743,7.7743,7.7743,7.7743,7.7743,7.7743,7.7743,7.7743,7.7743,7.7743,7.7743,7.7743,7.7743,7.7743,7.7743,7.7743,7.7743,7.7743,7.7743,7.7743,7.7743,7.7743,7.7743,7.7743,7.7743,7.7743,7.7743,7.7743,7.7743,7.7743,7.7743,7.7743,7.7743,7.7743,7.7743,7.7743,7.7743,7.7743,7.7743,7.7743,7.7743,7.7743,7.7743,7.7743,7.7743,7.7743,7.7743,7.7743,7.7743,7.7743,7.7743,7.7743,7.7743,7.7743,7.7743,7.7743,7.7743,7.7743,7.7743,7.7743,7.7743,7.7743,7.7743,7.7743,7.7743,7.7743,7.7743,7.7743,7.7743,7.7743,7.7743,7.7743,7.7743,7.7743,7.7743,7.7743,7.7743,7.7743,7.7743,7.7743,7.7743,7.7743,7.7743,7.7743,7.7743,7.7743,7.7743,7.7743,7.7743,7.7743,7.7743,7.7743,7.7743,7.7743,7.7743,7.7743,7.7743,7.7743,7.7743,7.7743,7.7743,7.7743,7.7743,7.7743,7.7743,7.7743,7.7743,7.7743,7.7743,7.7743,7.7743,7.7743,7.7743,7.7743,7.7743,7.7743,7.7743,7.7743,7.7743,7.7743,7.7743,7.7743,7.7743,7.7743,7.7743,7.7743,7.7743,7.7743,7.7743,7.7743,7.7743,7.7743,7.7743,7.7743,7.7743,7.7743,7.7743,7.7743,7.7743,7.7743,7.7743,7.7743,7.7743,7.7743,7.7743,7.7743,7.7743,7.7743,7.7743,7.7743,7.7743,7.7743,7.7743,7.7743,7.7743,7.7743,7.7743,7.7743,7.7743,7.7743,7.7743,7.7743,7.7743,7.7743,7.7743,7.7743,7.7743,7.7743,7.7743,7.7743,7.7743,7.7743,7.7743,7.7743,7.7743,7.7743,7.7743,7.7743,7.7743,7.7743,7.7743,7.7743,7.7743,7.7743,7.7743,7.7743,7.7743,7.7743,7.7743,7.7743,7.7743,7.7743,7.7743,7.7743,7.7743,7.7743,7.7743,7.7743,7.7743,7.7743,7.7743,7.7743,7.7743,7.7743,7.7743,7.7743,7.7743,7.7743,7.7743,7.7743,7.7743,7.7743,7.7743,7.7743,7.7743,7.7743,7.7743,7.7743,7.7743,7.7743,7.7743,7.7743,7.7743,7.7743,7.7743,7.7743,7.7743,7.7743,7.7743,7.7743,7.7743,7.7743,7.7743,7.7743,7.7743,7.7743,7.7743,7.7743,7.7743,7.7743,7.7743,7.7743,7.7743,7.7743,7.7743,7.7743,7.7743,7.7743,7.7743,7.7743,7.7743,7.7743,7.7743,7.7743,7.7743,7.7743,7.7743,7.7743,7.7743,7.7743,7.7743,7.7743,7.7743,7.7743,7.7743,7.7743,7.7743,7.7743,7.7743,7.7743,7.7743,7.7743,7.7743,7.7743,7.7743,7.7743,7.7743,7.7743,7.7743,7.7743,7.7743,7.7743,7.7743,7.7743,7.7743,7.7743,7.7743,7.7743,7.7743,7.7743,7.7743,7.7743,7.7743,7.7743,7.7743,7.7743,7.7743,7.7743,7.7743,7.7743,7.7743,7.7743,7.7743,7.7743,7.7743,7.7743,7.7743,7.7743,7.7743,7.7743,7.7743,7.7743,7.7743,7.7743,7.7743,7.7743,7.7743,7.7743,7.7743,7.7743,7.7743,7.7743,7.7743,7.7743,7.7743,7.7743,7.7743,7.7743,7.7743,7.7743,7.7743,7.7743,7.7743,7.7743,7.7743,7.7743,7.7743,7.7743,7.7743,7.7743,7.7743,7.7743,7.7743,7.7743,7.7743,7.7743,7.7743,7.7743,7.7743,7.7743,7.7743,7.7743,7.7743,7.7743,7.7743,7.7743,7.7743,7.7743,7.7743,7.7743,7.7743,7.7743,7.7743,7.7743,7.7743,7.7743,7.7743,7.7743,7.7743,7.7743,7.7743,7.7743,7.7743,7.7743,7.7743,7.7743,7.7743,7.7743,7.7743,7.7743,7.7743,7.7743,7.7743,7.7743,7.7743,7.7743,7.7743,7.7743,7.7743,7.7743,7.7743,7.7743,7.7743,7.7743,7.7743,7.7743,7.7743,7.7743,7.7743,7.7743,7.7743,7.7743,7.7743,7.7743
7.7678,7.7678,7.7678,7.7678,7.7678,7.7678,7.7678,7.7678,7.7678,7.7678,7.7678,7.7678,7.7678,7.7678,7.7678,7.7678,7.7678,7.7678,7.7678,7.7678,7.7678,7.7678,7.7678,7.7678,7.7678,7.7678,7.7678,7.7678,7.7678,7.7678,7.7678,7.7678,7.7678,7.7678,7.7678,7.7678,7.7678,7.7678,7.7678,7.7678,7.7678,7.7678,7.7678,7.7678,7.7678,7.7678,7.7678,7.7678,7.7678,7.7678,7.7678,7.7678,7.7678,7.7678,7.7678,7.7678,7.7678,7.7678,7.7678,7.7678,7.7678,7.7678,7.7678,7.7678,7.7678,7.7678,7.7678,7.7678,7.7678,7.7678,7.7678,7.7678,7.7678,7.7678,7.7678,7.7678,7.7678,7.7678,7.7678,7.7678,7.7678,7.7678,7.7678,7.7678,7.7678,7.7678,7.7678,7.7678,7.7678,7.7678,7.7678,7.7678,7.7678,7.7678,7.7678,7.7678,7.7678,7.7678,7.7678,7.7678,7.7678,7.7678,7.7678,7.7678,7.7678,7.7678,7.7678,7.7678,7.7678,7.7678,7.7678,7.7678,7.7678,7.7678,7.7678,7.7678,7.7678,7.7678,7.7678,7.7678,7.7678,7.7678,7.7678,7.7678,7.7678,7.7678,7.7678,7.7678,7.7678,7.7678,7.7678,7.7678,7.7678,7.7678,7.7678,7.7678,7.7678,7.7678,7.7678,7.7678,7.7678,7.7678,7.7678,7.7678,7.7678,7.7678,7.7678,7.7678,7.7678,7.7678,7.7678,7.7678,7.7678,7.7678,7.7678,7.7678,7.7678,7.7678,7.7678,7.7678,7.7678,7.7678,7.7678,7.7678,7.7678,7.7678,7.7678,7.7678,7.7678,7.7678,7.7678,7.7678,7.7678,7.7678,7.7678,7.7678,7.7678,7.7678,7.7678,7.7678,7.7678,7.7678,7.7678,7.7678,7.7678,7.7678,7.7678,7.7678,7.7678,7.7678,7.7678,7.7678,7.7678,7.7678,7.7678,7.7678,7.7678,7.7678,7.7678,7.7678,7.7678,7.7678,7.7678,7.7678,7.7678,7.7678,7.7678,7.7678,7.7678,7.7678,7.7678,7.7678,7.7678,7.7678,7.7678,7.7678,7.7678,7.7678,7.7678,7.7678,7.7678,7.7678,7.7678,7.7678,7.7678,7.7678,7.7678,7.7678,7.7678,7.7678,7.7678,7.7678,7.7678,7.7678,7.7678,7.7678,7.7678,7.7678,7.7678,7.7678,7.7678,7.7678,7.7678,7.7678,7.7678,7.7678,7.7678,7.7678,7.7678,7.7678,7.7678,7.7678,7.7678,7.7678,7.7678,7.7678,7.7678,7.7678,7.7678,7.7678,7.7678,7.7678,7.7678,7.7678,7.7678,7.7678,7.7678,7.7678,7.7678,7.7678,7.7678,7.7678,7.7678,7.7678,7.7678,7.7678,7.7678,7.7678,7.7678,7.7678,7.7678,7.7678,7.7678,7.7678,7.7678,7.7678,7.7678,7.7678,7.7678,7.7678,7.7678,7.7678,7.7678,7.7678,7.7678,7.7678,7.7678,7.7678,7.7678,7.7678,7.7678,7.7678,7.7678,7.7678,7.7678,7.7678,7.7678,7.7678,7.7678,7.7678,7.7678,7.7678,7.7678,7.7678,7.7678,7.7678,7.7678,7.7678,7.7678,7.7678,7.7678,7.7678,7.7678,7.7678,7.7678,7.7678,7.7678,7.7678,7.7678,7.7678,7.7678,7.7678,7.7678,7.7678,7.7678,7.7678,7.7678,7.7678,7.7678,7.7678,7.7678,7.7678,7.7678,7.7678,7.7678,7.7678,7.7678,7.7678,7.7678,7.7678,7.7678,7.7678,7.7678,7.7678,7.7678,7.7678,7.7678,7.7678,7.7678,7.7678,7.7678,7.7678,7.7678,7.7678,7.7678,7.7678,7.7678,7.7678,7.7678,7.7678,7.7678,7.7678,7.7678,7.7678,7.7678,7.7678,7.7678,7.7678,7.7678,7.7678,7.7678,7.7678,7.7678,7.7678,7.7678,7.7678,7.7678,7.7678,7.7678,7.7678,7.7678,7.7678,7.7678,7.7678,7.7678,7.7678,7.7678,7.7678,7.7678,7.7678,7.7678,7.7678,7.7678,7.7678,7.7678,7.7678,7.7678,7.7678,7.7678,7.7678,7.7678,7.7678,7.7678,7.7678,7.7678,7.7678,7.7678,7.7678,7.7678,7.7678,7.7678,7.7678,7.7678,7.7678,7.7678,7.7678,7.7678,7.7678,7.7678,7.7678,7.7678,7.7678,6.1312,6.1174,6.1087,6.1000,6.0912,6.0826,6.0747,6.0679,6.0611,6.0543,6.0475,6.0408,6.0341,6.0273,6.0209,6.0142,6.0077,6.0011,5.9942,5.9876,5.9818,5.9793,5.9769,5.9746,5.9721,5.9697,5.9674,5.9651,5.9625,5.9602,5.9579,5.9555,5.9534,5.9509,5.9479,5.9450,5.9420,5.9391,5.9364,5.9334,5.9305,5.9276,5.9249,5.9226,5.9205,5.9182,5.9161,5.9138,5.9115,5.9107,5.9101,5.9103,5.9111,5.9119,5.9125,5.9134,5.9142,5.9150,5.9159,5.9167,5.9173,5.9182,5.9190,5.9198,5.9207,5.9213,5.9221,5.9230,5.9238,5.9246,5.9253,5.9261,5.9269,5.9278,5.9286,5.9292,5.9301,5.9309,5.9318,5.9326,5.9332,5.9341,5.9349,5.9357,5.9366,5.9402,5.9467,5.9534,5.9600,5.9665,5.9731,5.9797,5.9863,5.9929,5.9996,6.0062,6.0127,6.0194,6.0258,6.0325,6.0391,6.0458,6.0523,6.0591,6.0657,6.0727,6.0879,6.1029,6.1183,6.1492,6.2573,7.7678,7.7678,7.7678,7.7678,7.7678,7.7678,7.7678,7.7678,7.7678,7.7678,7.7678,7.7678,7.7678,7.7678,7.7678,7.7678,7.7678,7.7678,7.7678,7.7678,7.7678,7.7678,7.7678,7.7678,7.7678,7.7678,7.7678,7.7678,7.7678,7.7678,7.7678,7.7678,7.7678,7.7678,7.7678,7.7678,7.7678,7.7678,7.7678,7.7678,7.7678,7.7678,7.7678,7.7678,7.7678,7.7678,7.7678,7.7678,7.7678,7.7678,7.7678,7.7678,7.7678,7.7678,7.7678,7.7678,7.7678,7.7678,7.7678,7.7678,7.7678,7.7678,7.7678,7.7678,7.7678,7.7678,7.7678,7.7678,7.7678,7.7678,7.7678,7.7678,7.7678,7.7678,7.7678,7.7678,7.7678,7.7678,7.7678,7.7678,7.7678,7.7678,7.7678,7.7678,7.7678,7.7678,7.7678,7.7678,7.7678,7.7678,7.7678,7.7678,7.7678,7.7678,7.7678,7.7678,7.7678,7.7678,7.7678,7.7678,7.7678,7.7678,7.7678,7.7678,7.7678,7.7678,7.7678,7.7678,7.7678,7.7678,7.7678,7.7678,7.7678,7.7678,7.7678,7.7678,7.7678,7.7678,7.7678,7.7678,7.7678,7.7678,7.7678,7.7678,7.7678,7.7678,7.7678,7.7678,7.7678,7.7678,7.7678,7.7678,7.7678,7.7678,7.7678,7.7678,7.7678,7.7678,7.7678,7.7678,7.7678,7.7678,7.7678,7.7678,7.7678,7.7678,7.7678,7.7678,7.7678,7.7678,7.7678,7.7678,7.7678,7.7678,7.7678,7.7678,7.7678,7.7678,7.7678,7.7678,7.7678,7.7678,7.7678,7.7678,7.7678,7.7678,7.7678,7.7678,7.7678,7.7678,7.7678,7.7678,7.7678,7.7678,7.7678,7.7678,7.7678,7.7678,7.7678,7.7678,7.7678,7.7678,7.7678,7.7678,7.7678,7.7678,7.7678,7.7678,7.7678,7.7678,7.7678,7.7678,7.7678,7.7678,7.7678,7.7678,7.7678,7.7678,7.7678,7.7678,7.7678,7.7678,7.7678,7.7678,7.7678,7.7678,7.7678,7.7678,7.7678,7.7678,7.7678,7.7678,7.7678,7.7678,7.7678,7.7678,7.7678,7.7678,7.7678,7.7678,7.7678,7.7678,7.7678,7.7678,7.7678,7.7678,7.7678,7.7678,7.7678,7.7678,7.7678,7.7678,7.7678,7.7678,7.7678,7.7678,7.7678,7.7678,7.7678,7.7678,7.7678,7.7678,7.7678,7.7678,7.7678,7.7678,7.7678,7.7678,7.7678,7.7678,7.7678,7.7678,7.7678,7.7678,7.7678,7.7678,7.7678,7.7678,7.7678,7.7678,7.7678,7.7678,7.7678,7.7678,7.7678,7.7678,7.7678,7.7678,7.7678,7.7678,7.7678,7.7678,7.7678,7.7678,7.7678,7.7678,7.7678,7.7678,7.7678,7.7678,7.7678,7.7678,7.7678,7.7678,7.7678,7.7678,7.7678,7.7678,7.7678,7.7678,7.7678,7.7678,7.7678,7.7678,7.7678,7.7678,7.7678,7.7678,7.7678,7.7678,7.7678,7.7678,7.7678,7.7678,7.7678,7.7671,7.7671,7.7671,7.7671,7.7671,7.7671,7.7671,7.7671,7.7671,7.7671,7.7671,7.7671,7.7671,7.7671,7.7671,7.7671,7.7671,7.7671,7.7671,7.7671,7.7671,7.7671,7.7671,7.7671,7.7671,7.7671,7.7671,7.7671,7.7671,7.7671,7.7671,7.7671,7.7671,7.7671,7.7671,7.7671,7.7671,7.7671,7.7671,7.7671,7.7671,7.7671,7.7671,7.7671,7.7671,7.7671,7.7671,7.7671,7.7671,7.7671,7.7671,7.7671,7.7671,7.7671,7.7671,7.7671,7.7671,7.7671,7.7671,7.7671,7.7671,7.7671,7.7671,7.7671,7.7671,7.7671,7.7671,7.7671,7.7671,7.7671,7.7671,7.7671,7.7671,7.7671,7.7671,7.7671,7.7671,7.7671,7.7671,7.7671,7.7671,7.7671,7.7671,7.7671,7.7671,7.7671,7.7671,7.7671,7.7671,7.7671,7.7671,7.7671,7.7671,7.7671,7.7671,7.7671,7.7671,7.7671,7.7671,7.7671,7.7671,7.7671,7.7671,7.7671,7.7671,7.7671,7.7671,7.7671,7.7671,7.7671,7.7671,7.7671
7.7603,7.7603,7.7603,7.7603,7.7603,7.7603,7.7603,7.7603,7.7603,7.7603,7.7603,7.7603,7.7603,7.7603,7.7603,7.7603,7.7603,7.7603,7.7603,7.7603,7.7603,7.7603,7.7603,7.7603,7.7603,7.7603,7.7603,7.7603,7.7603,7.7603,7.7603,7.7603,7.7603,7.7603,7.7603,7.7603,7.7603,7.7603,7.7603,7.7603,7.7603,7.7603,7.7603,7.7603,7.7603,7.7603,7.7603,7.7603,7.7603,7.7603,7.7603,7.7603,7.7603,7.7603,7.7603,7.7603,7.7603,7.7603,7.7603,7.7603,7.7603,7.7603,7.7603,7.7603,7.7603,7.7603,7.7603,7.7603,7.7603,7.7603,7.7603,7.7603,7.7603,7.7603,7.7603,7.7603,7.7603,7.7603,7.7603,7.7603,7.7603,7.7603,7.7603,7.7603,7.7603,7.7603,7.7603,7.7603,7.7603,7.7603,7.7603,7.7603,7.7603,7.7603,7.7603,7.7603,7.7603,7.7603,7.7603,7.7603,7.7603,7.7603,7.7603,7.7603,7.7603,7.7603,7.7603,7.7603,7.7603,7.7603,7.7603,7.7603,7.7603,7.7603,7.7603,7.7603,7.7603,7.7603,7.7603,7.7603,7.7603,7.7603,7.7603,7.7603,7.7603,7.7603,7.7603,7.7603,7.7603,7.7603,7.7603,7.7603,7.7603,7.7603,7.7603,7.7603,7.7603,7.7603,7.7603,7.7603,7.7603,7.7603,7.7603,7.7603,7.7603,7.7603,7.7603,7.7603,7.7603,7.7603,7.7603,7.7603,7.7603,7.7603,7.7603,7.7603,7.7603,7.7603,7.7603,7.7603,7.7603,7.7603,7.7603,7.7603,7.7603,7.7603,7.7603,7.7603,7.7603,7.7603,7.7603,7.7603,7.7603,7.7603,7.7603,7.7603,7.7603,7.7603,7.7603,7.7603,7.7603,7.7603,7.7603,7.7603,7.7603,7.7603,7.7603,7.7603,7.7603,7.7603,7.7603,7.7603,7.7603,7.7603,7.7603,7.7603,7.7603,7.7603,7.7603,7.7603,7.7603,7.7603,7.7603,7.7603,7.7603,7.7603,7.7603,7.7603,7.7603,7.7603,7.7603,7.7603,7.7603,7.7603,7.7603,7.7603,7.7603,7.7603,7.7603,7.7603,7.7603,7.7603,7.7603,7.7603,7.7603,7.7603,7.7603,7.7603,7.7603,7.7603,7.7603,7.7603,7.7603,7.7603,7.7603,7.7603,7.7603,7.7603,7.7603,7.7603,7.7603,7.7603,7.7603,7.7603,7.7603,7.7603,7.7603,7.7603,7.7603,7.7603,7.7603,7.7603,7.7603,7.7603,7.7603,7.7603,7.7603,7.7603,7.7603,7.7603,7.7603,7.7603,7.7603,7.7603,7.7603,7.7603,7.7603,7.7603,7.7603,7.7603,7.7603,7.7603,7.7603,7.7603,7.7603,7.7603,7.7603,7.7603,7.7603,7.7603,7.7603,7.7603,7.7603,7.7603,7.7603,7.7603,7.7603,7.7603,7.7603,7.7603,7.7603,7.7603,7.7603,7.7603,7.7603,7.7603,7.7610,7.7610,7.7610,7.7610,7.7610,7.7610,7.7610,7.7610,7.7610,7.7610,7.7610,7.7610,7.7610,7.7610,7.7610,7.7610,7.7610,7.7610,7.7610,7.7610,7.7610,7.7610,7.7610,7.7610,7.7610,7.7610,7.7610,7.7610,7.7610,7.7610,7.7610,7.7610,7.7610,7.7610,7.7610,7.7610,7.7610,7.7610,7.7610,7.7610,7.7610,7.7610,7.7610,7.7610,7.7610,7.7610,7.7610,7.7610,7.7610,7.7610,7.7610,7.7610,7.7610,7.7610,7.7610,7.7610,7.7610,7.7610,7.7610,7.7610,7.7610,7.7610,7.7610,7.7610,7.7610,7.7610,7.7610,7.7610,7.7610,7.7610,7.7610,7.7610,7.7610,7.7610,7.7610,7.7610,7.7610,7.7610,7.7610,7.7610,7.7610,7.7610,7.7610,7.7610,7.7610,7.7610,7.7610,7.7610,7.7610,7.7610,7.7610,7.7610,7.7610,7.7610,7.7610,7.7610,7.7610,7.7610,7.7610,7.7610,7.7610,7.7610,7.7610,7.7610,7.7610,7.7610,7.7610,7.7610,7.7610,7.7610,7.7610,7.7610,7.7610,7.7610,7.7610,7.7610,7.7610,7.7610,7.7610,7.7610,7.7610,7.7610,7.7610,7.7610,7.7610,7.7610,7.7610,7.7610,7.7610,7.7610,7.7610,7.7610,7.7610,7.7610,7.7610,6.1386,6.1183,6.1096,6.1007,6.0921,6.0835,6.0749,6.0661,6.0576,6.0495,6.0427,6.0360,6.0293,6.0226,6.0159,6.0094,6.0028,5.9961,5.9895,5.9829,5.9765,5.9740,5.9716,5.9693,5.9670,5.9644,5.9621,5.9598,5.9574,5.9549,5.9526,5.9503,5.9479,5.9456,5.9427,5.9397,5.9368,5.9339,5.9309,5.9286,5.9263,5.9242,5.9219,5.9198,5.9175,5.9155,5.9132,5.9109,5.9088,5.9071,5.9065,5.9059,5.9053,5.9059,5.9067,5.9076,5.9084,5.9090,5.9098,5.9107,5.9115,5.9123,5.9132,5.9138,5.9146,5.9155,5.9163,5.9171,5.9180,5.9186,5.9194,5.9203,5.9211,5.9219,5.9226,5.9234,5.9242,5.9251,5.9259,5.9265,5.9274,5.9282,5.9290,5.9297,5.9305,5.9318,5.9339,5.9385,5.9444,5.9509,5.9574,5.9640,5.9706,5.9774,5.9840,5.9906,5.9972,6.0036,6.0103,6.0168,6.0235,6.0299,6.0367,6.0432,6.0499,6.0565,6.0633,6.0736,6.0885,6.1036,6.1189,6.1453,6.2573,7.7610,7.7610,7.7610,7.7610,7.7610,7.7610,7.7610,7.7610,7.7610,7.7610,7.7610,7.7610,7.7610,7.7610,7.7610,7.7610,7.7610,7.7610,7.7610,7.7610,7.7610,7.7610,7.7610,7.7610,7.7610,7.7610,7.7610,7.7610,7.7610,7.7610,7.7610,7.7610,7.7610,7.7610,7.7610,7.7610,7.7610,7.7610,7.7610,7.7610,7.7610,7.7610,7.7610,7.7610,7.7610,7.7610,7.7610,7.7610,7.7610,7.7610,7.7610,7.7610,7.7610,7.7610,7.7610,7.7610,7.7610,7.7610,7.7610,7.7610,7.7610,7.7610,7.7610,7.7610,7.7610,7.7610,7.7610,7.7610,7.7610,7.7610,7.7610,7.7610,7.7610,7.7610,7.7610,7.7610,7.7610,7.7610,7.7610,7.7610,7.7610,7.7610,7.7610,7.7610,7.7610,7.7610,7.7610,7.7610,7.7610,7.7610,7.7610,7.7610,7.7610,7.7610,7.7610,7.7610,7.7610,7.7610,7.7610,7.7610,7.7610,7.7610,7.7610,7.7610,7.7610,7.7610,7.7610,7.7610,7.7610,7.7610,7.7610,7.7610,7.7610,7.7610,7.7610,7.7610,7.7610,7.7610,7.7610,7.7610,7.7610,7.7610,7.7610,7.7610,7.7610,7.7610,7.7610,7.7610,7.7610,7.7610,7.7610,7.7610,7.7610,7.7610,7.7610,7.7610,7.7610,7.7610,7.7610,7.7610,7.7610,7.7610,7.7610,7.7610,7.7610,7.7610,7.7610,7.7610,7.7610,7.7610,7.7610,7.7610,7.7610,7.7610,7.7610,7.7610,7.7610,7.7610,7.7610,7.7610,7.7610,7.7610,7.7610,7.7610,7.7610,7.7610,7.7610,7.7610,7.7610,7.7610,7.7610,7.7610,7.7610,7.7610,7.7610,7.7610,7.7610,7.7610,7.7610,7.7610,7.7610,7.7610,7.7610,7.7610,7.7610,7.7610,7.7610,7.7610,7.7610,7.7610,7.7610,7.7610,7.7610,7.7610,7.7610,7.7610,7.7610,7.7610,7.7610,7.7610,7.7610,7.7610,7.7610,7.7610,7.7610,7.7610,7.7610,7.7610,7.7610,7.7610,7.7610,7.7610,7.7610,7.7610,7.7610,7.7610,7.7610,7.7610,7.7610,7.7610,7.7610,7.7610,7.7610,7.7610,7.7610,7.7610,7.7610,7.7610,7.7610,7.7610,7.7610,7.7610,7.7610,7.7610,7.7610,7.7610,7.7610,7.7610,7.7610,7.7610,7.7610,7.7610,7.7610,7.7610,7.7610,7.7610,7.7610,7.7610,7.7610,7.7610,7.7610,7.7610,7.7610,7.7610,7.7610,7.7610,7.7610,7.7610,7.7610,7.7610,7.7610,7.7610,7.7610,7.7610,7.7610,7.7610,7.7610,7.7610,7.7610,7.7610,7.7610,7.7610,7.7610,7.7610,7.7610,7.7610,7.7610,7.7610,7.7610,7.7610,7.7610,7.7610,7.7610,7.7610,7.7610,7.7610,7.7610,7.7610,7.7610,7.7610,7.7610,7.7610,7.7610,7.7610,7.7610,7.7610,7.7610,7.7610,7.7610,7.7610,7.7610,7.7610,7.7610,7.7610,7.7610,7.7610,7.7610,7.7610,7.7610,7.7610,7.7610,7.7610,7.7610,7.7610,7.7610,7.7610,7.7610,7.7610,7.7610,7.7610,7.7610,7.7610,7.7610,7.7610,7.7610,7.7610,7.7610,7.7610,7.7610,7.7610,7.7610,7.7610,7.7610,7.7610,7.7610,7.7610,7.7610,7.7610,7.7610,7.7610,7.7610,7.7610,7.7610,7.7610,7.7610,7.7610,7.7610,7.7610,7.7610,7.7610,7.7610,7.7610,7.7610,7.7610,7.7610,7.7610,7.7610,7.7610,7.7610,7.7610,7.7610,7.7610,7.7610,7.7610,7.7610,7.7610,7.7610,7.7610,7.7610,7.7610,7.7610,7.7610,7.7610,7.7610,7.7610,7.7610,7.7610,7.7610,7.7610,7.7610,7.7610,7.7610,7.7610,7.7610,7.7610,7.7610,7.7610,7.7610,7.7610,7.7610,7.7610,7.7610,7.7610,7.7610,7.7610,7.7610,7.7610,7.7610,7.7610,7.7610,7.7610,7.7610,7.7610,7.7610,7.7610,7.7610,7.7610,7.7610,7.7610,7.7610,7.7610,7.7610,7.7610,7.7610,7.7610,7.7610
7.7542,7.7542,7.7542,7.7542,7.7542,7.7542,7.7542,7.7542,7.7542,7.7542,7.7542,7.7542,7.7542,7.7542,7.7542,7.7542,7.7542,7.7542,7.7542,7.7542,7.7542,7.7542,7.7542,7.7542,7.7542,7.7542,7.7542,7.7542,7.7542,7.7542,7.7542,7.7542,7.7542,7.7542,7.7542,7.7542,7.7542,7.7542,7.7542,7.7542,7.7542,7.7542,7.7542,7.7542,7.7542,7.7542,7.7542,7.7542,7.7542,7.7542,7.7542,7.7542,7.7542,7.7542,7.7542,7.7542,7.7542,7.7542,7.7542,7.7542,7.7542,7.7542,7.7542,7.7542,7.7542,7.7542,7.7542,7.7542,7.7542,7.7542,7.7542,7.7542,7.7542,7.7542,7.7542,7.7542,7.7542,7.7542,7.7542,7.7542,7.7542,7.7542,7.7542,7.7542,7.7542,7.7542,7.7542,7.7542,7.7542,7.7542,7.7542,7.7542,7.7542,7.7542,7.7542,7.7542,7.7542,7.7542,7.7542,7.7542,7.7542,7.7542,7.7542,7.7542,7.7542,7.7542,7.7542,7.7542,7.7542,7.7542,7.7542,7.7542,7.7542,7.7542,7.7542,7.7542,7.7542,7.7542,7.7542,7.7542,7.7542,7.7542,7.7542,7.7542,7.7542,7.7542,7.7542,7.7542,7.7542,7.7542,7.7542,7.7542,7.7542,7.7542,7.7542,7.7542,7.7542,7.7542,7.7542,7.7542,7.7542,7.7542,7.7542,7.7542,7.7542,7.7542,7.7542,7.7542,7.7542,7.7542,7.7542,7.7542,7.7542,7.7542,7.7542,7.7542,7.7542,7.7542,7.7542,7.7542,7.7542,7.7542,7.7542,7.7542,7.7542,7.7542,7.7542,7.7542,7.7542,7.7542,7.7542,7.7542,7.7542,7.7542,7.7542,7.7542,7.7542,7.7542,7.7542,7.7542,7.7542,7.7542,7.7542,7.7542,7.7542,7.7542,7.7542,7.7542,7.7542,7.7542,7.7542,7.7542,7.7542,7.7542,7.7542,7.7542,7.7542,7.7542,7.7542,7.7542,7.7542,7.7542,7.7542,7.7542,7.7542,7.7542,7.7542,7.7542,7.7542,7.7542,7.7542,7.7542,7.7542,7.7542,7.7542,7.7542,7.7542,7.7542,7.7542,7.7542,7.7542,7.7542,7.7542,7.7535,7.7535,7.7535,7.7535,7.7535,7.7535,7.7535,7.7535,7.7535,7.7535,7.7535,7.7535,7.7535,7.7535,7.7535,7.7535,7.7535,7.7535,7.7535,7.7535,7.7535,7.7535,7.7535,7.7535,7.7535,7.7535,7.7535,7.7535,7.7535,7.7535,7.7535,7.7535,7.7535,7.7535,7.7535,7.7535,7.7535,7.7535,7.7535,7.7535,7.7535,7.7535,7.7535,7.7535,7.7535,7.7535,7.7535,7.7535,7.7535,7.7535,7.7535,7.7535,7.7535,7.7535,7.7535,7.7535,7.7535,7.7535,7.7535,7.7535,7.7535,7.7535,7.7535,7.7535,7.7535,7.7535,7.7535,7.7535,7.7535,7.7535,7.7535,7.7535,7.7535,7.7535,7.7535,7.7535,7.7535,7.7535,7.7535,7.7535,7.7535,7.7535,7.7535,7.7535,7.7535,7.7535,7.7535,7.7535,7.7535,7.7535,7.7535,7.7535,7.7535,7.7535,7.7535,7.7535,7.7535,7.7535,7.7535,7.7535,7.7535,7.7535,7.7535,7.7535,7.7535,7.7535,7.7535,7.7535,7.7535,7.7535,7.7535,7.7535,7.7535,7.7535,7.7535,7.7535,7.7535,7.7535,7.7535,7.7535,7.7535,7.7535,7.7535,7.7535,7.7535,7.7535,7.7535,7.7535,7.7535,7.7535,7.7535,7.7535,7.7535,7.7535,7.7535,7.7535,7.7535,7.7535,7.7535,7.7535,7.7535,7.7535,7.7535,7.7535,7.7535,7.7535,7.7535,7.7535,7.7535,7.7535,7.7535,7.7535,7.7535,7.7535,7.7535,7.7535,7.7535,7.7535,7.7535,7.7535,7.7535,7.7535,7.7535,7.7535,7.7535,7.7535,7.7535,7.7535,7.7535,7.7535,7.7535,7.7535,7.7535,7.7535,7.7535,7.7535,7.7535,7.7535,7.7535,7.7535,7.7535,7.7535,7.7535,7.7535,7.7535,7.7535,7.7535,7.7535,7.7535,7.7535,7.7535,7.7535,7.7535,7.7535,7.7535,7.7535,7.7535,7.7535,7.7535,7.7535,7.7535,7.7535,7.7535,7.7535,7.7535,7.7535,7.7535,7.7535,6.1236,6.1105,6.1016,6.0930,6.0843,6.0755,6.0670,6.0584,6.0497,6.0412,6.0328,6.0245,6.0178,6.0112,6.0049,5.9981,5.9914,5.9848,5.9782,5.9716,5.9689,5.9663,5.9640,5.9617,5.9593,5.9568,5.9545,5.9522,5.9496,5.9473,5.9450,5.9427,5.9404,5.9374,5.9345,5.9324,5.9301,5.9280,5.9257,5.9236,5.9213,5.9192,5.9169,5.9148,5.9125,5.9103,5.9082,5.9059,5.9038,5.9030,5.9024,5.9017,5.9011,5.9009,5.9015,5.9024,5.9032,5.9040,5.9049,5.9057,5.9063,5.9071,5.9080,5.9088,5.9096,5.9103,5.9111,5.9119,5.9128,5.9136,5.9144,5.9153,5.9159,5.9167,5.9175,5.9184,5.9192,5.9198,5.9207,5.9215,5.9223,5.9230,5.9238,5.9246,5.9255,5.9276,5.9297,5.9328,5.9376,5.9425,5.9486,5.9551,5.9617,5.9682,5.9748,5.9814,5.9880,5.9946,6.0013,6.0077,6.0144,6.0209,6.0276,6.0341,6.0408,6.0473,6.0541,6.0606,6.0744,6.0894,6.1045,6.1196,6.1449,6.2571,7.7535,7.7535,7.7535,7.7535,7.7535,7.7535,7.7535,7.7535,7.7535,7.7535,7.7535,7.7535,7.7535,7.7535,7.7535,7.7535,7.7535,7.7535,7.7535,7.7535,7.7535,7.7535,7.7535,7.7535,7.7535,7.7535,7.7535,7.7535,7.7535,7.7535,7.7535,7.7535,7.7535,7.7535,7.7535,7.7535,7.7535,7.7535,7.7535,7.7535,7.7535,7.7535,7.7535,7.7535,7.7535,7.7535,7.7535,7.7535,7.7535,7.7535,7.7535,7.7535,7.7535,7.7535,7.7535,7.7535,7.7535,7.7535,7.7535,7.7535,7.7535,7.7535,7.7535,7.7535,7.7535,7.7535,7.7535,7.7535,7.7535,7.7535,7.7535,7.7535,7.7535,7.7535,7.7535,7.7535,7.7535,7.7535,7.7535,7.7535,7.7535,7.7535,7.7535,7.7535,7.7535,7.7535,7.7535,7.7535,7.7535,7.7535,7.7535,7.7535,7.7535,7.7535,7.7535,7.7535,7.7535,7.7535,7.7535,7.7535,7.7535,7.7535,7.7535,7.7535,7.7535,7.7535,7.7535,7.7535,7.7535,7.7535,7.7535,7.7535,7.7535,7.7535,7.7535,7.7535,7.7535,7.7535,7.7535,7.7535,7.7535,7.7535,7.7535,7.7535,7.7535,7.7535,7.7535,7.7535,7.7535,7.7535,7.7535,7.7535,7.7535,7.7535,7.7535,7.7535,7.7535,7.7535,7.7535,7.7535,7.7535,7.7535,7.7535,7.7535,7.7535,7.7535,7.7535,7.7535,7.7535,7.7535,7.7535,7.7535,7.7535,7.7535,7.7535,7.7535,7.7535,7.7535,7.7535,7.7535,7.7535,7.7535,7.7535,7.7535,7.7535,7.7535,7.7535,7.7535,7.7535,7.7535,7.7535,7.7535,7.7535,7.7535,7.7535,7.7535,7.7535,7.7535,7.7535,7.7535,7.7535,7.7535,7.7535,7.7535,7.7535,7.7535,7.7535,7.7535,7.7535,7.7535,7.7535,7.7535,7.7535,7.7535,7.7535,7.7535,7.7535,7.7535,7.7535,7.7535,7.7535,7.7535,7.7535,7.7535,7.7535,7.7535,7.7535,7.7535,7.7535,7.7535,7.7535,7.7535,7.7535,7.7535,7.7535,7.7535,7.7535,7.7535,7.7535,7.7535,7.7535,7.7535,7.7535,7.7535,7.7535,7.7535,7.7535,7.7535,7.7535,7.7535,7.7535,7.7535,7.7535,7.7535,7.7535,7.7535,7.7535,7.7535,7.7535,7.7535,7.7535,7.7535,7.7535,7.7535,7.7535,7.7535,7.7535,7.7535,7.7535,7.7535,7.7535,7.7535,7.7535,7.7535,7.7535,7.7535,7.7535,7.7535,7.7535,7.7535,7.7535,7.7535,7.7535,7.7535,7.7535,7.7535,7.7535,7.7535,7.7535,7.7535,7.7535,7.7535,7.7535,7.7535,7.7535,7.7535,7.7535,7.7535,7.7535,7.7535,7.7535,7.7535,7.7535,7.7535,7.7535,7.7535,7.7535,7.7535,7.7535,7.7535,7.7535,7.7535,7.7535,7.7535,7.7535,7.7535,7.7535,7.7535,7.7535,7.7535,7.7535,7.7535,7.7535,7.7535,7.7535,7.7535,7.7535,7.7535,7.7535,7.7535,7.7535,7.7535,7.7535,7.7535,7.7535,7.7535,7.7535,7.7535,7.7535,7.7535,7.7535,7.7535,7.7535,7.7535,7.7535,7.7535,7.7535,7.7535,7.7535,7.7535,7.7535,7.7535,7.7535,7.7535,7.7535,7.7535,7.7535,7.7535,7.7535,7.7535,7.7535,7.7535,7.7535,7.7535,7.7535,7.7535,7.7535,7.7535,7.7535,7.7535,7.7535,7.7535,7.7535,7.7535,7.7535,7.7535,7.7535,7.7535,7.7535,7.7535,7.7535,7.7535,7.7535,7.7535,7.7535,7.7535,7.7535,7.7535,7.7535,7.7535,7.7535,7.7535,7.7535,7.7535,7.7535,7.7535,7.7535,7.7535,7.7535,7.7535,7.7535,7.7535,7.7535,7.7535,7.7535,7.7535,7.7535,7.7535,7.7535,7.7535,7.7535,7.7535,7.7535,7.7535,7.7535,7.7535,7.7535,7.7535,7.7535,7.7535,7.7535,7.7535,7.7535,7.7535,7.7535,7.7535,7.7535,7.7535,7.7535,7.7535,7.7535,7.7535,7.7535,7.7535,7.7535
7.7474,7.7474,7.7474,7.7474,7.7474,7.7474,7.7474,7.7474,7.7474,7.7474,7.7474,7.7474,7.7474,7.7474,7.7474,7.7474,7.7474,7.7474,7.7474,7.7474,7.7474,7.7474,7.7474,7.7474,7.7474,7.7474,7.7474,7.7474,7.7474,7.7474,7.7474,7.7474,7.7474,7.7474,7.7474,7.7474,7.7474,7.7474,7.7474,7.7474,7.7474,7.7474,7.7474,7.7474,7.7474,7.7474,7.7474,7.7474,7.7474,7.7474,7.7474,7.7474,7.7474,7.7474,7.7474,7.7474,7.7474,7.7474,7.7474,7.7474,7.7474,7.7474,7.7474,7.7474,7.7474,7.7474,7.7474,7.7474,7.7474,7.7474,7.7474,7.7474,7.7474,7.7474,7.7474,7.7474,7.7474,7.7474,7.7474,7.7474,7.7474,7.7474,7.7474,7.7474,7.7474,7.7474,7.7474,7.7474,7.7474,7.7474,7.7474,7.7474,7.7474,7.7474,7.7474,7.7474,7.7474,7.7474,7.7474,7.7474,7.7474,7.7474,7.7474,7.7474,7.7474,7.7474,7.7474,7.7474,7.7474,7.7474,7.7474,7.7474,7.7474,7.7474,7.7474,7.7474,7.7474,7.7474,7.7474,7.7474,7.7474,7.7474,7.7474,7.7474,7.7474,7.7474,7.7474,7.7474,7.7474,7.7474,7.7474,7.7474,7.7474,7.7474,7.7474,7.7474,7.7474,7.7474,7.7474,7.7474,7.7474,7.7474,7.7474,7.7474,7.7474,7.7474,7.7474,7.7474,7.7474,7.7474,7.7474,7.7474,7.7474,7.7474,7.7474,7.7474,7.7474,7.7474,7.7474,7.7474,7.7474,7.7474,7.7474,7.7474,7.7474,7.7474,7.7474,7.7474,7.7474,7.7474,7.7474,7.7474,7.7474,7.7474,7.7474,7.7474,7.7474,7.7474,7.7474,7.7474,7.7474,7.7474,7.7474,7.7474,7.7474,7.7474,7.7474,7.7474,7.7474,7.7474,7.7474,7.7474,7.7474,7.7474,7.7474,7.7474,7.7474,7.7474,7.7474,7.7474,7.7474,7.7474,7.7474,7.7474,7.7474,7.7474,7.7474,7.7474,7.7474,7.7474,7.7474,7.7474,7.7474,7.7474,7.7474,7.7474,7.7474,7.7474,7.7474,7.7474,7.7474,7.7474,7.7474,7.7474,7.7474,7.7474,7.7474,7.7474,7.7474,7.7474,7.7474,7.7474,7.7474,7.7474,7.7474,7.7474,7.7474,7.7474,7.7474,7.7474,7.7474,7.7474,7.7474,7.7474,7.7474,7.7474,7.7474,7.7474,7.7474,7.7474,7.7474,7.7474,7.7474,7.7474,7.7474,7.7474,7.7474,7.7474,7.7474,7.7474,7.7474,7.7474,7.7474,7.7474,7.7474,7.7474,7.7474,7.7474,7.7474,7.7474,7.7474,7.7474,7.7474,7.7474,7.7474,7.7474,7.7474,7.7474,7.7474,7.7474,7.7474,7.7474,7.7474,7.7474,7.7474,7.7474,7.7474,7.7474,7.7474,7.7474,7.7474,7.7474,7.7474,7.7474,7.7474,7.7474,7.7474,7.7474,7.7474,7.7474,7.7474,7.7474,7.7474,7.7474,7.7474,7.7474,7.7474,7.7474,7.7474,7.7474,7.7474,7.7474,7.7474,7.7474,7.7474,7.7474,7.7474,7.7474,7.7474,7.7474,7.7474,7.7474,7.7474,7.7474,7.7474,7.7474,7.7474,7.7474,7.7474,7.7474,7.7474,7.7474,7.7474,7.7474,7.7474,7.7474,7.7474,7.7474,7.7474,7.7474,7.7474,7.7474,7.7474,7.7474,7.7474,7.7474,7.7474,7.7474,7.7474,7.7474,7.7474,7.7474,7.7474,7.7474,7.7474,7.7474,7.7474,7.7474,7.7474,7.7474,7.7474,7.7474,7.7474,7.7474,7.7474,7.7474,7.7474,7.7474,7.7474,7.7474,7.7474,7.7474,7.7474,7.7474,7.7474,7.7474,7.7474,7.7474,7.7474,7.7474,7.7474,7.7474,7.7474,7.7474,7.7474,7.7474,7.7474,7.7474,7.7474,7.7474,7.7474,7.7474,7.7474,7.7474,7.7474,7.7474,7.7474,7.7474,7.7474,7.7474,7.7474,7.7474,7.7474,7.7474,7.7474,7.7474,7.7474,7.7474,7.7474,7.7474,7.7474,7.7474,7.7474,7.7474,7.7474,7.7474,7.7474,7.7474,7.7474,7.7474,7.7474,7.7474,7.7474,7.7474,7.7474,7.7474,7.7474,7.7474,7.7474,7.7474,6.1310,6.1111,6.1025,6.0938,6.0850,6.0764,6.0679,6.0593,6.0506,6.0421,6.0336,6.0250,6.0166,6.0082,6.0000,5.9934,5.9867,5.9801,5.9735,5.9670,5.9636,5.9612,5.9587,5.9564,5.9541,5.9517,5.9492,5.9469,5.9446,5.9420,5.9399,5.9381,5.9362,5.9339,5.9318,5.9295,5.9274,5.9251,5.9230,5.9207,5.9186,5.9163,5.9142,5.9119,5.9096,5.9076,5.9053,5.9032,5.9009,5.8997,5.8990,5.8982,5.8976,5.8970,5.8964,5.8966,5.8974,5.8982,5.8988,5.8997,5.9005,5.9013,5.9022,5.9028,5.9036,5.9044,5.9053,5.9061,5.9069,5.9078,5.9084,5.9092,5.9101,5.9109,5.9117,5.9123,5.9132,5.9140,5.9148,5.9157,5.9163,5.9171,5.9180,5.9188,5.9196,5.9213,5.9234,5.9255,5.9274,5.9320,5.9368,5.9416,5.9465,5.9526,5.9591,5.9657,5.9723,5.9791,5.9857,5.9921,5.9987,6.0052,6.0118,6.0183,6.0250,6.0315,6.0382,6.0447,6.0515,6.0589,6.0753,6.0903,6.1054,6.1207,6.1431,6.2571,7.7474,7.7474,7.7474,7.7474,7.7474,7.7474,7.7474,7.7474,7.7474,7.7474,7.7474,7.7474,7.7474,7.7474,7.7474,7.7474,7.7474,7.7474,7.7474,7.7474,7.7474,7.7474,7.7474,7.7474,7.7474,7.7474,7.7474,7.7474,7.7474,7.7474,7.7474,7.7474,7.7474,7.7474,7.7474,7.7474,7.7474,7.7474,7.7474,7.7474,7.7474,7.7474,7.7474,7.7474,7.7474,7.7474,7.7474,7.7474,7.7474,7.7474,7.7474,7.7474,7.7474,7.7474,7.7474,7.7474,7.7474,7.7474,7.7474,7.7474,7.7474,7.7474,7.7474,7.7474,7.7474,7.7474,7.7474,7.7474,7.7474,7.7474,7.7474,7.7474,7.7474,7.7474,7.7474,7.7474,7.7474,7.7474,7.7474,7.7474,7.7474,7.7474,7.7474,7.7474,7.7474,7.7474,7.7474,7.7474,7.7474,7.7474,7.7474,7.7474,7.7474,7.7474,7.7474,7.7474,7.7474,7.7474,7.7474,7.7474,7.7474,7.7474,7.7474,7.7474,7.7474,7.7474,7.7474,7.7474,7.7474,7.7474,7.7474,7.7474,7.7474,7.7474,7.7474,7.7474,7.7474,7.7474,7.7474,7.7474,7.7474,7.7474,7.7474,7.7474,7.7474,7.7474,7.7474,7.7474,7.7474,7.7474,7.7474,7.7474,7.7474,7.7474,7.7474,7.7474,7.7474,7.7474,7.7474,7.7474,7.7474,7.7474,7.7474,7.7474,7.7474,7.7474,7.7474,7.7474,7.7474,7.7474,7.7474,7.7474,7.7474,7.7474,7.7474,7.7474,7.7474,7.7474,7.7474,7.7474,7.7474,7.7474,7.7474,7.7474,7.7474,7.7474,7.7474,7.7474,7.7474,7.7474,7.7474,7.7474,7.7474,7.7474,7.7474,7.7474,7.7474,7.7474,7.7474,7.7474,7.7474,7.7474,7.7474,7.7474,7.7474,7.7474,7.7474,7.7474,7.7474,7.7474,7.7474,7.7474,7.7474,7.7474,7.7474,7.7474,7.7474,7.7474,7.7474,7.7474,7.7474,7.7474,7.7474,7.7474,7.7474,7.7474,7.7474,7.7474,7.7474,7.7474,7.7474,7.7474,7.7474,7.7474,7.7474,7.7474,7.7474,7.7474,7.7474,7.7474,7.7474,7.7474,7.7474,7.7474,7.7474,7.7474,7.7474,7.7474,7.7474,7.7474,7.7474,7.7474,7.7474,7.7474,7.7474,7.7474,7.7474,7.7474,7.7474,7.7474,7.7474,7.7474,7.7474,7.7474,7.7474,7.7474,7.7474,7.7474,7.7474,7.7474,7.7474,7.7474,7.7474,7.7474,7.7474,7.7474,7.7474,7.7474,7.7474,7.7474,7.7474,7.7474,7.7474,7.7474,7.7474,7.7474,7.7474,7.7474,7.7474,7.7474,7.7474,7.7474,7.7474,7.7474,7.7474,7.7474,7.7474,7.7474,7.7474,7.7474,7.7474,7.7474,7.7474,7.7474,7.7474,7.7474,7.7474,7.7474,7.7474,7.7474,7.7474,7.7474,7.7474,7.7474,7.7474,7.7474,7.7474,7.7474,7.7474,7.7474,7.7474,7.7474,7.7474,7.7474,7.7474,7.7474,7.7474,7.7474,7.7474,7.7474,7.7474,7.7474,7.7474,7.7474,7.7474,7.7474,7.7474,7.7474,7.7474,7.7474,7.7474,7.7474,7.7474,7.7474,7.7474,7.7474,7.7474,7.7474,7.7474,7.7474,7.7474,7.7474,7.7474,7.7474,7.7474,7.7474,7.7474,7.7474,7.7474,7.7474,7.7474,7.7474,7.7474,7.7474,7.7474,7.7474,7.7474,7.7474,7.7474,7.7474,7.7474,7.7474,7.7474,7.7474,7.7474,7.7474,7.7474,7.7474,7.7474,7.7474,7.7474,7.7474,7.7474,7.7474,7.7474,7.7474,7.7474,7.7474,7.7474,7.7474,7.7474,7.7474,7.7474,7.7474,7.7474,7.7474,7.7474,7.7474,7.7474,7.7474,7.7474,7.7474,7.7474,7.7474,7.7474,7.7474,7.7474,7.7474,7.7474,7.7474,7.7474,7.7474,7.7474,7.7474,7.7474,7.7474,7.7474,7.7474,7.7474,7.7474,7.7474,7.7474,7.7474,7.7474,7.7474,7.7474,7.7474,7.7474,7.7474,7.7474,7.7474,7.7474,7.7474,7.7474
7.7410,7.7410,7.7410,7.7410,7.7410,7.7410,7.7410,7.7410,7.7410,7.7410,7.7410,7.7410,7.7410,7.7410,7.7410,7.7410,7.7410,7.7410,7.7410,7.7410,7.7410,7.7410,7.7410,7.7410,7.7410,7.7410,7.7410,7.7410,7.7410,7.7410,7.7410,7.7410,7.7410,7.7410,7.7410,7.7410,7.7410,7.7410,7.7410,7.7410,7.7410,7.7410,7.7410,7.7410,7.7410,7.7410,7.7410,7.7410,7.7410,7.7410,7.7410,7.7410,7.7410,7.7410,7.7410,7.7410,7.7410,7.7410,7.7410,7.7410,7.7410,7.7410,7.7410,7.7410,7.7410,7.7410,7.7410,7.7410,7.7410,7.7410,7.7410,7.7410,7.7410,7.7410,7.7410,7.7410,7.7410,7.7410,7.7410,7.7410,7.7410,7.7410,7.7410,7.7410,7.7410,7.7410,7.7410,7.7410,7.7410,7.7410,7.7410,7.7410,7.7410,7.7410,7.7410,7.7410,7.7410,7.7410,7.7410,7.7410,7.7410,7.7410,7.7410,7.7410,7.7410,7.7410,7.7410,7.7410,7.7410,7.7410,7.7410,7.7410,7.7410,7.7410,7.7410,7.7410,7.7410,7.7410,7.7410,7.7410,7.7410,7.7410,7.7410,7.7410,7.7410,7.7410,7.7410,7.7410,7.7410,7.7410,7.7410,7.7410,7.7410,7.7410,7.7410,7.7410,7.7410,7.7410,7.7410,7.7410,7.7410,7.7410,7.7410,7.7410,7.7410,7.7410,7.7410,7.7410,7.7410,7.7410,7.7410,7.7410,7.7410,7.7410,7.7410,7.7410,7.7410,7.7410,7.7410,7.7410,7.7410,7.7410,7.7410,7.7410,7.7410,7.7410,7.7410,7.7410,7.7410,7.7410,7.7410,7.7410,7.7410,7.7410,7.7410,7.7410,7.7410,7.7410,7.7410,7.7410,7.7410,7.7410,7.7410,7.7410,7.7410,7.7410,7.7410,7.7410,7.7410,7.7410,7.7410,7.7410,7.7410,7.7410,7.7410,7.7410,7.7410,7.7410,7.7410,7.7410,7.7410,7.7410,7.7410,7.7410,7.7410,7.7410,7.7410,7.7410,7.7410,7.7410,7.7410,7.7410,7.7410,7.7410,7.7410,7.7410,7.7410,7.7410,7.7410,7.7410,7.7410,7.7410,7.7410,7.7410,7.7410,7.7410,7.7410,7.7410,7.7410,7.7410,7.7410,7.7410,7.7410,7.7410,7.7410,7.7410,7.7410,7.7410,7.7410,7.7410,7.7410,7.7410,7.7410,7.7410,7.7410,7.7410,7.7410,7.7410,7.7410,7.7410,7.7410,7.7410,7.7410,7.7410,7.7410,7.7410,7.7410,7.7410,7.7410,7.7410,7.7410,7.7410,7.7410,7.7410,7.7410,7.7410,7.7410,7.7410,7.7410,7.7410,7.7410,7.7410,7.7410,7.7410,7.7410,7.7410,7.7410,7.7410,7.7410,7.7410,7.7410,7.7410,7.7410,7.7410,7.7410,7.7410,7.7410,7.7410,7.7410,7.7410,7.7410,7.7410,7.7410,7.7410,7.7410,7.7410,7.7410,7.7410,7.7410,7.7410,7.7410,7.7410,7.7410,7.7410,7.7410,7.7410,7.7410,7.7410,7.7410,7.7410,7.7410,7.7410,7.7410,7.7410,7.7410,7.7410,7.7410,7.7410,7.7410,7.7410,7.7410,7.7410,7.7410,7.7410,7.7410,7.7410,7.7410,7.7410,7.7410,7.7410,7.7410,7.7410,7.7410,7.7410,7.7410,7.7410,7.7410,7.7410,7.7410,7.7410,7.7410,7.7410,7.7410,7.7410,7.7410,7.7410,7.7410,7.7410,7.7410,7.7410,7.7410,7.7410,7.7410,7.7410,7.7410,7.7410,7.7410,7.7402,7.7402,7.7402,7.7402,7.7402,7.7402,7.7402,7.7402,7.7402,7.7402,7.7402,7.7402,7.7402,7.7402,7.7402,7.7402,7.7402,7.7402,7.7402,7.7402,7.7402,7.7402,7.7402,7.7402,7.7402,7.7402,7.7402,7.7402,7.7402,7.7402,7.7402,7.7402,7.7402,7.7402,7.7402,7.7402,7.7402,7.7402,7.7402,7.7402,7.7402,7.7402,7.7402,7.7402,7.7402,7.7402,7.7402,7.7402,7.7402,7.7402,7.7402,7.7402,7.7402,7.7402,7.7402,7.7402,7.7402,7.7402,7.7402,7.7402,7.7402,7.7402,7.7402,7.7402,7.7402,7.7402,7.7402,7.7402,7.7402,7.7402,7.7402,7.7402,6.1384,6.1160,6.1034,6.0947,6.0859,6.0773,6.0687,6.0600,6.0515,6.0430,6.0343,6.0258,6.0174,6.0090,6.0006,5.9921,5.9838,5.9755,5.9689,5.9623,5.9583,5.9560,5.9536,5.9511,5.9488,5.9469,5.9448,5.9429,5.9410,5.9389,5.9370,5.9351,5.9330,5.9309,5.9288,5.9267,5.9244,5.9223,5.9201,5.9180,5.9157,5.9134,5.9113,5.9090,5.9069,5.9046,5.9026,5.9003,5.8982,5.8962,5.8955,5.8949,5.8943,5.8937,5.8928,5.8922,5.8916,5.8922,5.8930,5.8939,5.8947,5.8953,5.8962,5.8970,5.8978,5.8986,5.8995,5.9001,5.9009,5.9017,5.9026,5.9034,5.9042,5.9051,5.9057,5.9065,5.9073,5.9082,5.9090,5.9096,5.9105,5.9113,5.9121,5.9130,5.9136,5.9150,5.9171,5.9192,5.9213,5.9234,5.9265,5.9311,5.9360,5.9408,5.9456,5.9503,5.9568,5.9634,5.9699,5.9765,5.9831,5.9897,5.9961,6.0030,6.0092,6.0159,6.0224,6.0291,6.0356,6.0423,6.0488,6.0598,6.0762,6.0912,6.1065,6.1216,6.1402,7.7402,7.7402,7.7402,7.7402,7.7402,7.7402,7.7402,7.7402,7.7402,7.7402,7.7402,7.7402,7.7402,7.7402,7.7402,7.7402,7.7402,7.7402,7.7402,7.7402,7.7402,7.7402,7.7402,7.7402,7.7402,7.7402,7.7402,7.7402,7.7402,7.7402,7.7402,7.7402,7.7402,7.7402,7.7402,7.7402,7.7402,7.7402,7.7402,7.7402,7.7402,7.7402,7.7402,7.7402,7.7402,7.7402,7.7402,7.7402,7.7402,7.7402,7.7402,7.7402,7.7402,7.7402,7.7402,7.7402,7.7402,7.7402,7.7402,7.7402,7.7402,7.7402,7.7402,7.7402,7.7402,7.7402,7.7402,7.7402,7.7402,7.7402,7.7402,7.7402,7.7402,7.7402,7.7402,7.7402,7.7402,7.7402,7.7402,7.7402,7.7402,7.7402,7.7402,7.7402,7.7402,7.7402,7.7402,7.7402,7.7402,7.7402,7.7402,7.7402,7.7402,7.7402,7.7402,7.7402,7.7402,7.7402,7.7402,7.7402,7.7402,7.7402,7.7402,7.7402,7.7402,7.7402,7.7402,7.7402,7.7402,7.7402,7.7402,7.7402,7.7402,7.7402,7.7402,7.7402,7.7402,7.7402,7.7402,7.7402,7.7402,7.7402,7.7402,7.7402,7.7402,7.7402,7.7402,7.7402,7.7402,7.7402,7.7402,7.7402,7.7402,7.7402,7.7402,7.7402,7.7402,7.7402,7.7402,7.7402,7.7402,7.7402,7.7402,7.7402,7.7402,7.7402,7.7402,7.7402,7.7402,7.7402,7.7402,7.7402,7.7402,7.7402,7.7402,7.7402,7.7402,7.7402,7.7402,7.7402,7.7402,7.7402,7.7402,7.7402,7.7402,7.7402,7.7402,7.7402,7.7402,7.7402,7.7402,7.7402,7.7402,7.7402,7.7402,7.7402,7.7402,7.7402,7.7402,7.7402,7.7402,7.7402,7.7402,7.7402,7.7402,7.7402,7.7402,7.7402,7.7402,7.7402,7.7402,7.7402,7.7402,7.7402,7.7402,7.7402,7.7402,7.7402,7.7402,7.7402,7.7402,7.7402,7.7402,7.7402,7.7402,7.7402,7.7402,7.7402,7.7402,7.7402,7.7402,7.7402,7.7402,7.7402,7.7402,7.7402,7.7402,7.7402,7.7402,7.7402,7.7402,7.7402,7.7402,7.7402,7.7402,7.7402,7.7402,7.7402,7.7402,7.7402,7.7402,7.7402,7.7402,7.7402,7.7402,7.7402,7.7402,7.7402,7.7402,7.7402,7.7402,7.7402,7.7402,7.7402,7.7402,7.7402,7.7402,7.7402,7.7402,7.7402,7.7402,7.7402,7.7402,7.7402,7.7402,7.7402,7.7402,7.7402,7.7402,7.7402,7.7402,7.7402,7.7402,7.7402,7.7402,7.7402,7.7402,7.7402,7.7402,7.7402,7.7402,7.7402,7.7402,7.7402,7.7402,7.7402,7.7402,7.7402,7.7402,7.7402,7.7402,7.7402,7.7402,7.7402,7.7402,7.7402,7.7402,7.7402,7.7402,7.7402,7.7402,7.7402,7.7402,7.7402,7.7402,7.7402,7.7402,7.7402,7.7402,7.7402,7.7402,7.7402,7.7402,7.7402,7.7402,7.7402,7.7402,7.7402,7.7402,7.7402,7.7402,7.7402,7.7402,7.7402,7.7402,7.7402,7.7402,7.7402,7.7402,7.7402,7.7402,7.7402,7.7402,7.7402,7.7402,7.7402,7.7402,7.7402,7.7402,7.7402,7.7402,7.7402,7.7402,7.7402,7.7402,7.7402,7.7402,7.7402,7.7402,7.7402,7.7402,7.7402,7.7402,7.7402,7.7402,7.7402,7.7402,7.7402,7.7402,7.7402,7.7402,7.7402,7.7402,7.7402,7.7402,7.7402,7.7402,7.7402,7.7402,7.7402,7.7402,7.7402,7.7402,7.7402,7.7402,7.7402,7.7402,7.7402,7.7402,7.7402,7.7402,7.7402,7.7402,7.7402,7.7402,7.7402,7.7402,7.7402,7.7402,7.7402,7.7402,7.7402,7.7402,7.7402,7.7402,7.7402,7.7402,7.7402,7.7402,7.7402,7.7402,7.7402,7.7402,7.7402,7.7402,7.7402,7.7402,7.7402,7.7402,7.7402,7.7402,7.7402,7.7402,7.7402,7.7402,7.7402,7.7402,7.7402,7.7402,7.7402,7.7402,7.7402,7.7402,7.7402
7.7335,7.7335,7.7335,7.7335,7.7335,7.7335,7.7335,7.7335,7.7335,7.7335,7.7335,7.7335,7.7335,7.7335,7.7335,7.7335,7.7335,7.7335,7.7335,7.7335,7.7335,7.7335,7.7335,7.7335,7.7335,7.7335,7.7335,7.7335,7.7335,7.7335,7.7335,7.7335,7.7335,7.7335,7.7335,7.7335,7.7335,7.7335,7.7335,7.7335,7.7335,7.7335,7.7335,7.7335,7.7335,7.7335,7.7335,7.7335,7.7335,7.7335,7.7335,7.7335,7.7335,7.7335,7.7335,7.7335,7.7335,7.7335,7.7335,7.7335,7.7335,7.7335,7.7335,7.7335,7.7335,7.7335,7.7335,7.7335,7.7335,7.7335,7.7335,7.7335,7.7335,7.7335,7.7335,7.7335,7.7335,7.7335,7.7335,7.7335,7.7335,7.7335,7.7335,7.7335,7.7335,7.7335,7.7335,7.7335,7.7335,7.7335,7.7335,7.7335,7.7335,7.7335,7.7335,7.7335,7.7335,7.7335,7.7335,7.7335,7.7335,7.7335,7.7335,7.7335,7.7335,7.7335,7.7335,7.7335,7.7335,7.7335,7.7335,7.7335,7.7335,7.7335,7.7335,7.7335,7.7335,7.7335,7.7335,7.7335,7.7335,7.7335,7.7335,7.7335,7.7335,7.7335,7.7335,7.7335,7.7335,7.7335,7.7335,7.7335,7.7335,7.7335,7.7335,7.7335,7.7335,7.7335,7.7335,7.7335,7.7335,7.7335,7.7335,7.7335,7.7335,7.7335,7.7335,7.7335,7.7335,7.7335,7.7335,7.7335,7.7335,7.7335,7.7335,7.7335,7.7335,7.7335,7.7335,7.7335,7.7335,7.7335,7.7335,7.7335,7.7335,7.7335,7.7335,7.7335,7.7335,7.7335,7.7335,7.7335,7.7335,7.7335,7.7335,7.7335,7.7335,7.7335,7.7335,7.7335,7.7335,7.7335,7.7335,7.7335,7.7335,7.7335,7.7335,7.7335,7.7335,7.7335,7.7335,7.7335,7.7335,7.7335,7.7335,7.7335,7.7335,7.7335,7.7335,7.7335,7.7335,7.7335,7.7335,7.7335,7.7335,7.7335,7.7335,7.7335,7.7335,7.7335,7.7335,7.7335,7.7335,7.7335,7.7335,7.7335,7.7335,7.7335,7.7335,7.7335,7.7335,7.7335,7.7335,7.7335,7.7335,7.7335,7.7335,7.7335,7.7335,7.7335,7.7335,7.7335,7.7335,7.7335,7.7335,7.7335,7.7335,7.7335,7.7335,7.7335,7.7335,7.7335,7.7335,7.7335,7.7335,7.7335,7.7335,7.7335,7.7335,7.7335,7.7335,7.7335,7.7335,7.7335,7.7335,7.7335,7.7335,7.7335,7.7335,7.7335,7.7335,7.7335,7.7335,7.7335,7.7335,7.7335,7.7335,7.7335,7.7335,7.7335,7.7335,7.7335,7.7335,7.7335,7.7335,7.7335,7.7335,7.7335,7.7335,7.7335,7.7335,7.7335,7.7335,7.7335,7.7335,7.7335,7.7335,7.7335,7.7335,7.7335,7.7335,7.7335,7.7335,7.7335,7.7335,7.7335,7.7335,7.7335,7.7335,7.7335,7.7335,7.7335,7.7335,7.7335,7.7335,7.7335,7.7335,7.7335,7.7335,7.7335,7.7335,7.7335,7.7335,7.7335,7.7335,7.7335,7.7335,7.7335,7.7335,7.7335,7.7335,7.7335,7.7335,7.7335,7.7335,7.7335,7.7335,7.7335,7.7335,7.7335,7.7335,7.7335,7.7335,7.7335,7.7335,7.7335,7.7335,7.7335,7.7335,7.7335,7.7335,7.7335,7.7335,7.7335,7.7335,7.7335,7.7335,7.7335,7.7335,7.7335,7.7335,7.7335,7.7335,7.7335,7.7335,7.7335,7.7335,7.7335,7.7335,7.7335,7.7335,7.7335,7.7335,7.7335,7.7335,7.7335,7.7335,7.7335,7.7335,7.7335,7.7335,7.7335,7.7335,7.7335,7.7335,7.7335,7.7335,7.7335,7.7335,7.7335,7.7335,7.7335,7.7335,7.7335,7.7335,7.7335,7.7335,7.7335,7.7335,7.7335,7.7335,7.7335,7.7335,7.7335,7.7335,7.7335,7.7335,7.7335,7.7335,7.7335,7.7335,7.7335,7.7335,7.7335,7.7335,7.7335,7.7335,7.7335,7.7335,7.7335,7.7335,7.7335,7.7335,7.7335,7.7335,7.7335,7.7335,7.7335,7.7335,7.7335,7.7335,7.7335,7.7335,7.7335,7.7335,7.7335,7.7335,7.7335,6.1458,6.1234,6.1042,6.0954,6.0868,6.0782,6.0694,6.0608,6.0523,6.0438,6.0351,6.0267,6.0183,6.0097,6.0013,5.9929,5.9844,5.9761,5.9678,5.9595,5.9536,5.9517,5.9496,5.9477,5.9458,5.9437,5.9418,5.9399,5.9378,5.9360,5.9339,5.9320,5.9301,5.9280,5.9259,5.9238,5.9215,5.9194,5.9173,5.9150,5.9128,5.9107,5.9084,5.9063,5.9040,5.9020,5.8997,5.8976,5.8953,5.8933,5.8920,5.8914,5.8908,5.8902,5.8895,5.8889,5.8883,5.8875,5.8873,5.8879,5.8887,5.8895,5.8904,5.8912,5.8918,5.8926,5.8935,5.8943,5.8951,5.8959,5.8968,5.8974,5.8982,5.8990,5.8999,5.9007,5.9015,5.9024,5.9030,5.9038,5.9046,5.9055,5.9063,5.9069,5.9078,5.9090,5.9111,5.9130,5.9150,5.9171,5.9192,5.9211,5.9257,5.9303,5.9351,5.9399,5.9448,5.9494,5.9543,5.9608,5.9674,5.9742,5.9806,5.9872,5.9936,6.0004,6.0067,6.0133,6.0198,6.0265,6.0330,6.0397,6.0462,6.0606,6.0771,6.0923,6.1074,6.1225,6.1409,7.7335,7.7335,7.7335,7.7335,7.7335,7.7335,7.7335,7.7335,7.7335,7.7335,7.7335,7.7335,7.7335,7.7335,7.7335,7.7335,7.7335,7.7335,7.7335,7.7335,7.7335,7.7335,7.7335,7.7335,7.7335,7.7335,7.7335,7.7335,7.7335,7.7335,7.7335,7.7335,7.7335,7.7335,7.7335,7.7335,7.7335,7.7335,7.7335,7.7335,7.7335,7.7335,7.7335,7.7335,7.7335,7.7335,7.7335,7.7335,7.7335,7.7335,7.7335,7.7335,7.7335,7.7335,7.7335,7.7335,7.7335,7.7335,7.7335,7.7335,7.7335,7.7335,7.7335,7.7335,7.7335,7.7335,7.7335,7.7335,7.7335,7.7335,7.7335,7.7335,7.7335,7.7335,7.7335,7.7335,7.7335,7.7335,7.7335,7.7335,7.7335,7.7335,7.7335,7.7335,7.7335,7.7335,7.7335,7.7335,7.7335,7.7335,7.7335,7.7335,7.7335,7.7335,7.7335,7.7335,7.7335,7.7335,7.7335,7.7335,7.7335,7.7335,7.7335,7.7335,7.7335,7.7335,7.7335,7.7335,7.7335,7.7335,7.7335,7.7335,7.7335,7.7335,7.7335,7.7335,7.7335,7.7335,7.7335,7.7335,7.7335,7.7335,7.7335,7.7335,7.7335,7.7335,7.7335,7.7335,7.7335,7.7335,7.7335,7.7335,7.7335,7.7335,7.7335,7.7335,7.7335,7.7335,7.7335,7.7335,7.7335,7.7335,7.7335,7.7335,7.7335,7.7335,7.7335,7.7335,7.7335,7.7335,7.7335,7.7335,7.7335,7.7335,7.7335,7.7335,7.7335,7.7335,7.7335,7.7335,7.7335,7.7335,7.7335,7.7335,7.7335,7.7335,7.7335,7.7335,7.7335,7.7335,7.7335,7.7335,7.7335,7.7335,7.7335,7.7335,7.7335,7.7335,7.7335,7.7335,7.7335,7.7335,7.7335,7.7335,7.7335,7.7335,7.7335,7.7335,7.7335,7.7335,7.7335,7.7335,7.7335,7.7335,7.7335,7.7335,7.7335,7.7335,7.7335,7.7335,7.7335,7.7335,7.7335,7.7335,7.7335,7.7335,7.7335,7.7335,7.7335,7.7335,7.7335,7.7335,7.7335,7.7335,7.7335,7.7335,7.7335,7.7335,7.7335,7.7335,7.7335,7.7335,7.7335,7.7335,7.7335,7.7335,7.7335,7.7335,7.7335,7.7335,7.7335,7.7335,7.7335,7.7335,7.7335,7.7335,7.7335,7.7335,7.7335,7.7335,7.7335,7.7335,7.7335,7.7335,7.7335,7.7335,7.7335,7.7335,7.7335,7.7335,7.7335,7.7335,7.7335,7.7335,7.7335,7.7335,7.7335,7.7335,7.7335,7.7335,7.7335,7.7335,7.7335,7.7335,7.7335,7.7335,7.7335,7.7335,7.7335,7.7335,7.7335,7.7335,7.7335,7.7335,7.7335,7.7335,7.7335,7.7335,7.7335,7.7335,7.7335,7.7335,7.7335,7.7335,7.7335,7.7335,7.7335,7.7335,7.7335,7.7335,7.7335,7.7335,7.7335,7.7335,7.7335,7.7335,7.7335,7.7335,7.7335,7.7335,7.7335,7.7335,7.7335,7.7335,7.7335,7.7335,7.7335,7.7335,7.7335,7.7335,7.7335,7.7335,7.7335,7.7335,7.7335,7.7335,7.7335,7.7335,7.7335,7.7335,7.7335,7.7335,7.7335,7.7335,7.7335,7.7335,7.7335,7.7335,7.7335,7.7335,7.7335,7.7335,7.7335,7.7335,7.7335,7.7335,7.7335,7.7335,7.7335,7.7335,7.7335,7.7335,7.7335,7.7335,7.7335,7.7335,7.7335,7.7335,7.7335,7.7335,7.7335,7.7335,7.7335,7.7335,7.7335,7.7335,7.7335,7.7335,7.7335,7.7335,7.7335,7.7335,7.7335,7.7335,7.7335,7.7335,7.7335,7.7335,7.7335,7.7335,7.7335,7.7335,7.7335,7.7335,7.7335,7.7335,7.7335,7.7335,7.7335,7.7335,7.7335,7.7335,7.7335,7.7335,7.7335,7.7335,7.7335,7.7335,7.7335,7.7335,7.7335,7.7335,7.7335,7.7335,7.7335,7.7335,7.7335,7.7335,7.7335,7.7335,7.7335,7.7335,7.7335,7.7335,7.7335,7.7335,7.7335,7.7335,7.7335,7.7335,7.7335,7.7335,7.7335
7.7267,7.7267,7.7267,7.7267,7.7267,7.7267,7.7267,7.7267,7.7267,7.7267,7.7267,7.7267,7.7267,7.7267,7.7267,7.7267,7.7267,7.7267,7.7267,7.7267,7.7267,7.7267,7.7267,7.7267,7.7267,7.7267,7.7267,7.7267,7.7267,7.7267,7.7267,7.7267,7.7267,7.7267,7.7267,7.7267,7.7267,7.7267,7.7267,7.7267,7.7267,7.7267,7.7267,7.7267,7.7267,7.7267,7.7267,7.7267,7.7267,7.7267,7.7267,7.7267,7.7267,7.7267,7.7267,7.7267,7.7267,7.7267,7.7267,7.7267,7.7267,7.7267,7.7267,7.7267,7.7267,7.7267,7.7267,7.7267,7.7267,7.7267,7.7267,7.7267,7.7267,7.7267,7.7267,7.7267,7.7267,7.7267,7.7267,7.7267,7.7267,7.7267,7.7267,7.7267,7.7267,7.7267,7.7267,7.7267,7.7267,7.7267,7.7267,7.7267,7.7267,7.7267,7.7267,7.7267,7.7267,7.7267,7.7267,7.7267,7.7267,7.7267,7.7267,7.7267,7.7267,7.7267,7.7267,7.7267,7.7267,7.7267,7.7267,7.7267,7.7267,7.7267,7.7267,7.7267,7.7267,7.7267,7.7267,7.7267,7.7267,7.7267,7.7267,7.7267,7.7267,7.7267,7.7267,7.7267,7.7267,7.7267,7.7267,7.7267,7.7267,7.7267,7.7267,7.7267,7.7267,7.7267,7.7267,7.7267,7.7267,7.7267,7.7267,7.7267,7.7267,7.7267,7.7267,7.7267,7.7267,7.7267,7.7267,7.7267,7.7267,7.7267,7.7267,7.7267,7.7267,7.7267,7.7267,7.7267,7.7267,7.7267,7.7267,7.7267,7.7267,7.7267,7.7267,7.7267,7.7267,7.7267,7.7267,7.7267,7.7267,7.7267,7.7267,7.7267,7.7267,7.7267,7.7267,7.7267,7.7267,7.7267,7.7267,7.7267,7.7267,7.7267,7.7267,7.7267,7.7267,7.7267,7.7267,7.7267,7.7267,7.7267,7.7267,7.7267,7.7267,7.7267,7.7267,7.7267,7.7267,7.7267,7.7267,7.7267,7.7267,7.7267,7.7267,7.7267,7.7267,7.7267,7.7267,7.7267,7.7267,7.7267,7.7267,7.7267,7.7267,7.7267,7.7267,7.7267,7.7267,7.7267,7.7267,7.7267,7.7267,7.7267,7.7267,7.7267,7.7267,7.7267,7.7267,7.7267,7.7267,7.7267,7.7267,7.7267,7.7267,7.7267,7.7267,7.7267,7.7267,7.7267,7.7267,7.7267,7.7267,7.7267,7.7267,7.7267,7.7267,7.7267,7.7267,7.7267,7.7267,7.7267,7.7267,7.7267,7.7267,7.7267,7.7267,7.7267,7.7267,7.7267,7.7267,7.7267,7.7267,7.7267,7.7267,7.7267,7.7267,7.7267,7.7267,7.7267,7.7267,7.7267,7.7267,7.7267,7.7267,7.7267,7.7267,7.7267,7.7267,7.7267,7.7267,7.7267,7.7267,7.7267,7.7267,7.7267,7.7267,7.7267,7.7267,7.7267,7.7267,7.7267,7.7267,7.7267,7.7267,7.7267,7.7267,7.7267,7.7267,7.7267,7.7267,7.7267,7.7267,7.7267,7.7267,7.7267,7.7267,7.7267,7.7267,7.7267,7.7267,7.7267,7.7267,7.7267,7.7267,7.7267,7.7267,7.7267,7.7267,7.7267,7.7267,7.7267,7.7267,7.7267,7.7267,7.7267,7.7267,7.7267,7.7267,7.7267,7.7267,7.7267,7.7267,7.7267,7.7267,7.7267,7.7267,7.7267,7.7267,7.7267,7.7267,7.7267,7.7267,7.7267,7.7267,7.7267,7.7267,7.7267,7.7267,7.7267,7.7267,7.7267,7.7267,7.7267,7.7267,7.7267,7.7267,7.7267,7.7267,7.7267,7.7267,7.7267,7.7267,7.7267,7.7267,7.7267,7.7267,7.7267,7.7267,7.7267,7.7267,7.7267,7.7267,7.7267,7.7267,7.7267,7.7267,7.7267,7.7267,7.7267,7.7267,7.7267,7.7267,7.7267,7.7267,7.7267,7.7267,7.7267,7.7267,7.7267,7.7267,7.7267,7.7267,7.7267,7.7267,7.7267,7.7267,7.7267,7.7267,7.7267,7.7267,7.7267,7.7267,7.7267,7.7267,7.7267,7.7267,7.7267,7.7267,7.7267,7.7267,7.7267,7.7267,7.7267,7.7267,7.7267,7.7267,7.7267,7.7267,7.7267,7.7267,7.7267,7.7267,7.7267,7.7267,6.1532,6.1308,6.1085,6.0963,6.0877,6.0791,6.0703,6.0617,6.0532,6.0445,6.0360,6.0276,6.0189,6.0105,6.0024,5.9938,5.9852,5.9767,5.9678,5.9591,5.9530,5.9494,5.9467,5.9448,5.9427,5.9408,5.9387,5.9368,5.9349,5.9328,5.9309,5.9290,5.9269,5.9251,5.9230,5.9209,5.9186,5.9165,5.9144,5.9121,5.9101,5.9078,5.9057,5.9034,5.9013,5.8990,5.8970,5.8947,5.8926,5.8904,5.8887,5.8881,5.8873,5.8866,5.8860,5.8854,5.8848,5.8842,5.8835,5.8827,5.8829,5.8838,5.8844,5.8852,5.8860,5.8868,5.8877,5.8885,5.8891,5.8899,5.8908,5.8916,5.8924,5.8933,5.8941,5.8949,5.8955,5.8964,5.8972,5.8980,5.8988,5.8995,5.9003,5.9011,5.9020,5.9028,5.9049,5.9069,5.9088,5.9109,5.9130,5.9150,5.9169,5.9201,5.9249,5.9295,5.9343,5.9391,5.9439,5.9486,5.9534,5.9585,5.9651,5.9716,5.9782,5.9846,5.9912,5.9976,6.0043,6.0107,6.0174,6.0239,6.0306,6.0371,6.0449,6.0615,6.0780,6.0932,6.1082,6.1245,6.1426,7.7267,7.7267,7.7267,7.7267,7.7267,7.7267,7.7267,7.7267,7.7267,7.7267,7.7267,7.7267,7.7267,7.7267,7.7267,7.7267,7.7267,7.7267,7.7267,7.7267,7.7267,7.7267,7.7267,7.7267,7.7267,7.7267,7.7267,7.7267,7.7267,7.7267,7.7267,7.7267,7.7267,7.7267,7.7267,7.7267,7.7267,7.7267,7.7267,7.7267,7.7267,7.7267,7.7267,7.7267,7.7267,7.7267,7.7267,7.7267,7.7267,7.7267,7.7267,7.7267,7.7267,7.7267,7.7267,7.7267,7.7267,7.7267,7.7267,7.7267,7.7267,7.7267,7.7267,7.7267,7.7267,7.7267,7.7267,7.7267,7.7267,7.7267,7.7267,7.7267,7.7267,7.7267,7.7267,7.7267,7.7267,7.7267,7.7267,7.7267,7.7267,7.7267,7.7267,7.7267,7.7267,7.7267,7.7267,7.7267,7.7267,7.7267,7.7267,7.7267,7.7267,7.7267,7.7267,7.7267,7.7267,7.7267,7.7267,7.7267,7.7267,7.7267,7.7267,7.7267,7.7267,7.7267,7.7267,7.7267,7.7267,7.7267,7.7267,7.7267,7.7267,7.7267,7.7267,7.7267,7.7267,7.7267,7.7267,7.7267,7.7267,7.7267,7.7267,7.7267,7.7267,7.7267,7.7267,7.7267,7.7267,7.7267,7.7267,7.7267,7.7267,7.7267,7.7267,7.7267,7.7267,7.7267,7.7267,7.7267,7.7267,7.7267,7.7267,7.7267,7.7267,7.7267,7.7267,7.7267,7.7267,7.7267,7.7267,7.7267,7.7267,7.7267,7.7267,7.7267,7.7267,7.7267,7.7267,7.7267,7.7267,7.7267,7.7267,7.7267,7.7267,7.7267,7.7267,7.7267,7.7267,7.7267,7.7267,7.7267,7.7267,7.7267,7.7267,7.7267,7.7267,7.7267,7.7267,7.7267,7.7267,7.7267,7.7267,7.7267,7.7267,7.7267,7.7267,7.7267,7.7267,7.7267,7.7267,7.7267,7.7267,7.7267,7.7267,7.7267,7.7267,7.7267,7.7267,7.7267,7.7267,7.7267,7.7267,7.7267,7.7267,7.7267,7.7267,7.7267,7.7267,7.7267,7.7267,7.7267,7.7267,7.7267,7.7267,7.7267,7.7267,7.7267,7.7267,7.7267,7.7267,7.7267,7.7267,7.7267,7.7267,7.7267,7.7267,7.7267,7.7267,7.7267,7.7267,7.7267,7.7267,7.7267,7.7267,7.7267,7.7267,7.7274,7.7274,7.7274,7.7274,7.7274,7.7274,7.7274,7.7274,7.7274,7.7274,7.7274,7.7274,7.7274,7.7274,7.7274,7.7274,7.7274,7.7274,7.7274,7.7274,7.7274,7.7274,7.7274,7.7274,7.7274,7.7274,7.7274,7.7274,7.7274,7.7274,7.7274,7.7274,7.7274,7.7274,7.7274,7.7274,7.7274,7.7274,7.7274,7.7274,7.7274,7.7274,7.7274,7.7274,7.7274,7.7274,7.7274,7.7274,7.7274,7.7274,7.7274,7.7274,7.7274,7.7274,7.7274,7.7274,7.7274,7.7274,7.7274,7.7274,7.7274,7.7274,7.7274,7.7274,7.7274,7.7274,7.7274,7.7274,7.7274,7.7274,7.7274,7.7274,7.7274,7.7274,7.7274,7.7274,7.7274,7.7274,7.7274,7.7274,7.7274,7.7274,7.7274,7.7274,7.7274,7.7274,7.7274,7.7274,7.7274,7.7274,7.7274,7.7274,7.7274,7.7274,7.7274,7.7274,7.7274,7.7274,7.7274,7.7274,7.7274,7.7274,7.7274,7.7274,7.7274,7.7274,7.7274,7.7274,7.7274,7.7274,7.7274,7.7274,7.7274,7.7274,7.7274,7.7274,7.7274,7.7274,7.7274,7.7274,7.7274,7.7274,7.7274,7.7274,7.7274,7.7274,7.7274,7.7274,7.7274,7.7274,7.7274,7.7274,7.7274,7.7274,7.7274,7.7274,7.7274,7.7274,7.7274,7.7274,7.7274,7.7274,7.7274,7.7274,7.7274,7.7274,7.7274,7.7274,7.7274,7.7274,7.7274,7.7274,7.7274,7.7274,7.7274,7.7274,7.7274,7.7274,7.7274,7.7274,7.7274,7.7274,7.7274,7.7274,7.7274,7.7274,7.7274,7.7274,7.7274,7.7274,7.7274,7.7274,7.7274,7.7274,7.7274
7.7203,7.7203,7.7203,7.7203,7.7203,7.7203,7.7203,7.7203,7.7203,7.7203,7.7203,7.7203,7.7203,7.7203,7.7203,7.7203,7.7203,7.7203,7.7203,7.7203,7.7203,7.7203,7.7203,7.7203,7.7203,7.7203,7.7203,7.7203,7.7203,7.7203,7.7203,7.7203,7.7203,7.7203,7.7203,7.7203,7.7203,7.7203,7.7203,7.7203,7.7203,7.7203,7.7203,7.7203,7.7203,7.7203,7.7203,7.7203,7.7203,7.7203,7.7203,7.7203,7.7203,7.7203,7.7203,7.7203,7.7203,7.7203,7.7203,7.7203,7.7203,7.7203,7.7203,7.7203,7.7203,7.7203,7.7203,7.7203,7.7203,7.7203,7.7203,7.7203,7.7203,7.7203,7.7203,7.7203,7.7203,7.7203,7.7203,7.7203,7.7203,7.7203,7.7203,7.7203,7.7203,7.7203,7.7203,7.7203,7.7203,7.7203,7.7203,7.7203,7.7203,7.7203,7.7203,7.7203,7.7203,7.7203,7.7203,7.7203,7.7203,7.7203,7.7203,7.7203,7.7203,7.7203,7.7203,7.7203,7.7203,7.7203,7.7203,7.7203,7.7203,7.7203,7.7203,7.7203,7.7203,7.7203,7.7203,7.7203,7.7203,7.7203,7.7203,7.7203,7.7203,7.7203,7.7203,7.7203,7.7203,7.7203,7.7203,7.7203,7.7203,7.7203,7.7203,7.7203,7.7203,7.7203,7.7203,7.7203,7.7203,7.7203,7.7203,7.7203,7.7203,7.7203,7.7203,7.7203,7.7203,7.7203,7.7203,7.7203,7.7203,7.7203,7.7203,7.7203,7.7203,7.7203,7.7203,7.7203,7.7203,7.7203,7.7203,7.7203,7.7203,7.7203,7.7203,7.7203,7.7203,7.7203,7.7203,7.7203,7.7203,7.7203,7.7203,7.7203,7.7203,7.7203,7.7203,7.7203,7.7203,7.7203,7.7203,7.7203,7.7203,7.7203,7.7203,7.7203,7.7203,7.7203,7.7203,7.7203,7.7203,7.7203,7.7203,7.7203,7.7203,7.7203,7.7203,7.7203,7.7203,7.7203,7.7203,7.7203,7.7203,7.7203,7.7203,7.7203,7.7203,7.7203,7.7203,7.7203,7.7203,7.7203,7.7203,7.7203,7.7203,7.7203,7.7203,7.7203,7.7203,7.7203,7.7203,7.7203,7.7203,7.7203,7.7203,7.7203,7.7203,7.7203,7.7203,7.7203,7.7203,7.7203,7.7203,7.7203,7.7203,7.7203,7.7203,7.7203,7.7203,7.7203,7.7203,7.7203,7.7203,7.7203,7.7203,7.7203,7.7203,7.7203,7.7203,7.7203,7.7203,7.7203,7.7203,7.7203,7.7203,7.7203,7.7203,7.7203,7.7203,7.7203,7.7203,7.7203,7.7203,7.7203,7.7203,7.7203,7.7203,7.7203,7.7203,7.7203,7.7203,7.7203,7.7203,7.7203,7.7203,7.7203,7.7203,7.7203,7.7203,7.7203,7.7203,7.7203,7.7203,7.7203,7.7203,7.7203,7.7203,7.7203,7.7203,7.7203,7.7203,7.7203,7.7203,7.7203,7.7203,7.7203,7.7203,7.7203,7.7203,7.7203,7.7203,7.7203,7.7203,7.7203,7.7203,7.7203,7.7203,7.7203,7.7203,7.7203,7.7203,7.7203,7.7203,7.7203,7.7203,7.7203,7.7203,7.7203,7.7203,7.7203,7.7203,7.7203,7.7203,7.7203,7.7203,7.7203,7.7203,7.7203,7.7203,7.7203,7.7203,7.7203,7.7203,7.7203,7.7203,7.7203,7.7203,7.7203,7.7203,7.7203,7.7203,7.7203,7.7203,7.7203,7.7203,7.7203,7.7203,7.7203,7.7203,7.7203,7.7203,7.7203,7.7203,7.7203,7.7203,7.7203,7.7203,7.7203,7.7203,7.7203,7.7203,7.7203,7.7203,7.7203,7.7203,7.7203,7.7203,7.7203,7.7203,7.7203,7.7203,7.7203,7.7203,7.7203,7.7203,7.7203,7.7203,7.7203,7.7207,7.7207,7.7207,7.7207,7.7207,7.7207,7.7207,7.7207,7.7207,7.7207,7.7207,7.7207,7.7207,7.7207,7.7207,7.7207,7.7207,7.7207,7.7207,7.7207,7.7207,7.7207,7.7207,7.7207,7.7207,7.7207,7.7207,7.7207,7.7207,7.7207,7.7207,7.7207,7.7207,7.7207,7.7207,7.7207,7.7207,7.7207,7.7207,7.7207,7.7207,7.7207,7.7207,7.7207,7.7207,7.7207,7.7207,6.1382,6.1158,6.0972,6.0885,6.0797,6.0711,6.0626,6.0541,6.0454,6.0369,6.0284,6.0198,6.0114,6.0030,5.9942,5.9852,5.9763,5.9674,5.9600,5.9538,5.9484,5.9454,5.9425,5.9397,5.9376,5.9357,5.9339,5.9318,5.9299,5.9278,5.9259,5.9240,5.9219,5.9201,5.9180,5.9157,5.9136,5.9115,5.9092,5.9071,5.9051,5.9028,5.9007,5.8984,5.8964,5.8941,5.8920,5.8897,5.8875,5.8854,5.8846,5.8840,5.8833,5.8827,5.8819,5.8813,5.8807,5.8800,5.8794,5.8788,5.8782,5.8786,5.8794,5.8803,5.8811,5.8817,5.8825,5.8833,5.8842,5.8850,5.8858,5.8866,5.8873,5.8881,5.8889,5.8897,5.8906,5.8914,5.8922,5.8928,5.8937,5.8945,5.8953,5.8962,5.8968,5.8986,5.9007,5.9028,5.9046,5.9067,5.9088,5.9109,5.9128,5.9148,5.9192,5.9240,5.9286,5.9334,5.9383,5.9429,5.9477,5.9526,5.9574,5.9625,5.9693,5.9757,5.9823,5.9887,5.9951,6.0017,6.0082,6.0148,6.0213,6.0280,6.0345,6.0458,6.0624,6.0791,6.0941,6.1091,6.1263,6.1444,7.7207,7.7207,7.7207,7.7207,7.7207,7.7207,7.7207,7.7207,7.7207,7.7207,7.7207,7.7207,7.7207,7.7207,7.7207,7.7207,7.7207,7.7207,7.7207,7.7207,7.7207,7.7207,7.7207,7.7207,7.7207,7.7207,7.7207,7.7207,7.7207,7.7207,7.7207,7.7207,7.7207,7.7207,7.7207,7.7207,7.7207,7.7207,7.7207,7.7207,7.7207,7.7207,7.7207,7.7207,7.7207,7.7207,7.7207,7.7207,7.7207,7.7207,7.7207,7.7207,7.7207,7.7207,7.7207,7.7207,7.7207,7.7207,7.7207,7.7207,7.7207,7.7207,7.7207,7.7207,7.7207,7.7207,7.7207,7.7207,7.7207,7.7207,7.7207,7.7207,7.7207,7.7207,7.7207,7.7207,7.7207,7.7207,7.7207,7.7207,7.7207,7.7207,7.7207,7.7207,7.7207,7.7207,7.7207,7.7207,7.7207,7.7207,7.7207,7.7207,7.7207,7.7207,7.7207,7.7207,7.7207,7.7207,7.7207,7.7207,7.7207,7.7207,7.7207,7.7207,7.7207,7.7207,7.7207,7.7207,7.7207,7.7207,7.7207,7.7207,7.7207,7.7207,7.7207,7.7207,7.7207,7.7207,7.7207,7.7207,7.7207,7.7207,7.7207,7.7207,7.7207,7.7207,7.7207,7.7207,7.7207,7.7207,7.7207,7.7207,7.7207,7.7207,7.7207,7.7207,7.7207,7.7207,7.7207,7.7207,7.7207,7.7207,7.7207,7.7207,7.7207,7.7207,7.7207,7.7207,7.7207,7.7207,7.7207,7.7207,7.7207,7.7207,7.7207,7.7207,7.7207,7.7207,7.7207,7.7207,7.7207,7.7207,7.7207,7.7207,7.7207,7.7207,7.7207,7.7207,7.7207,7.7207,7.7207,7.7207,7.7207,7.7207,7.7207,7.7207,7.7207,7.7207,7.7207,7.7207,7.7207,7.7207,7.7207,7.7207,7.7207,7.7207,7.7207,7.7207,7.7207,7.7207,7.7207,7.7207,7.7207,7.7207,7.7207,7.7207,7.7207,7.7207,7.7207,7.7207,7.7207,7.7207,7.7207,7.7207,7.7207,7.7207,7.7207,7.7207,7.7207,7.7207,7.7207,7.7207,7.7207,7.7207,7.7207,7.7207,7.7207,7.7207,7.7207,7.7207,7.7207,7.7207,7.7207,7.7207,7.7207,7.7207,7.7207,7.7207,7.7207,7.7207,7.7207,7.7207,7.7207,7.7207,7.7207,7.7207,7.7207,7.7207,7.7207,7.7207,7.7207,7.7207,7.7207,7.7207,7.7207,7.7207,7.7207,7.7207,7.7207,7.7207,7.7207,7.7207,7.7207,7.7207,7.7207,7.7207,7.7207,7.7207,7.7207,7.7207,7.7207,7.7207,7.7207,7.7207,7.7207,7.7207,7.7207,7.7207,7.7207,7.7207,7.7207,7.7207,7.7207,7.7207,7.7207,7.7207,7.7207,7.7207,7.7207,7.7207,7.7207,7.7207,7.7207,7.7207,7.7207,7.7207,7.7207,7.7207,7.7207,7.7207,7.7207,7.7207,7.7207,7.7207,7.7207,7.7207,7.7207,7.7207,7.7207,7.7207,7.7207,7.7207,7.7207,7.7207,7.7207,7.7207,7.7207,7.7207,7.7207,7.7207,7.7207,7.7207,7.7207,7.7207,7.7207,7.7207,7.7207,7.7207,7.7207,7.7207,7.7207,7.7207,7.7207,7.7207,7.7207,7.7207,7.7207,7.7207,7.7207,7.7207,7.7207,7.7207,7.7207,7.7207,7.7207,7.7207,7.7207,7.7207,7.7207,7.7207,7.7207,7.7207,7.7207,7.7207,7.7207,7.7207,7.7207,7.7207,7.7207,7.7207,7.7207,7.7207,7.7207,7.7207,7.7207,7.7207,7.7207,7.7207,7.7207,7.7207,7.7207,7.7207,7.7207,7.7207,7.7207,7.7207,7.7207,7.7207,7.7207,7.7207,7.7207,7.7207,7.7207,7.7207,7.7207,7.7207,7.7207,7.7207,7.7207,7.7207,7.7207,7.7207,7.7207,7.7207,7.7207,7.7207,7.7207,7.7207,7.7207,7.7207,7.7207,7.7207,7.7207,7.7207,7.7207,7.7207,7.7207,7.7207,7.7207,7.7207,7.7207,7.7207,7.7207,7.7207,7.7207,7.7207,7.7207,7.7207,7.7207,7.7207,7.7207
7.7136,7.7136,7.7136,7.7136,7.7136,7.7136,7.7136,7.7136,7.7136,7.7136,7.7136,7.7136,7.7136,7.7136,7.7136,7.7136,7.7136,7.7136,7.7136,7.7136,7.7136,7.7136,7.7136,7.7136,7.7136,7.7136,7.7136,7.7136,7.7136,7.7136,7.7136,7.7136,7.7136,7.7136,7.7136,7.7136,7.7136,7.7136,7.7136,7.7136,7.7136,7.7136,7.7136,7.7136,7.7136,7.7136,7.7136,7.7136,7.7136,7.7136,7.7136,7.7136,7.7136,7.7136,7.7136,7.7136,7.7136,7.7136,7.7136,7.7136,7.7136,7.7136,7.7136,7.7136,7.7136,7.7136,7.7136,7.7136,7.7136,7.7136,7.7136,7.7136,7.7136,7.7136,7.7136,7.7136,7.7136,7.7136,7.7136,7.7136,7.7136,7.7136,7.7136,7.7136,7.7136,7.7136,7.7136,7.7136,7.7136,7.7136,7.7136,7.7136,7.7136,7.7136,7.7136,7.7136,7.7136,7.7136,7.7136,7.7136,7.7136,7.7136,7.7136,7.7136,7.7136,7.7136,7.7136,7.7136,7.7136,7.7136,7.7136,7.7136,7.7136,7.7136,7.7136,7.7136,7.7136,7.7136,7.7136,7.7136,7.7136,7.7136,7.7136,7.7136,7.7136,7.7136,7.7136,7.7136,7.7136,7.7136,7.7136,7.7136,7.7136,7.7136,7.7136,7.7136,7.7136,7.7136,7.7136,7.7136,7.7136,7.7136,7.7136,7.7136,7.7136,7.7136,7.7136,7.7136,7.7136,7.7136,7.7136,7.7136,7.7136,7.7136,7.7136,7.7136,7.7136,7.7136,7.7136,7.7136,7.7136,7.7136,7.7136,7.7136,7.7136,7.7136,7.7136,7.7136,7.7136,7.7136,7.7136,7.7136,7.7136,7.7136,7.7136,7.7136,7.7136,7.7136,7.7136,7.7136,7.7136,7.7136,7.7136,7.7136,7.7136,7.7136,7.7136,7.7136,7.7136,7.7136,7.7136,7.7136,7.7136,7.7136,7.7136,7.7136,7.7136,7.7136,7.7136,7.7136,7.7136,7.7136,7.7136,7.7136,7.7136,7.7136,7.7136,7.7136,7.7136,7.7136,7.7136,7.7136,7.7136,7.7136,7.7136,7.7136,7.7136,7.7136,7.7136,7.7136,7.7136,7.7136,7.7136,7.7136,7.7136,7.7136,7.7136,7.7136,7.7136,7.7136,7.7136,7.7136,7.7136,7.7136,7.7136,7.7136,7.7136,7.7136,7.7136,7.7136,7.7136,7.7136,7.7136,7.7136,7.7136,7.7136,7.7136,7.7136,7.7136,7.7136,7.7136,7.7136,7.7136,7.7136,7.7136,7.7136,7.7136,7.7136,7.7136,7.7136,7.7136,7.7136,7.7136,7.7136,7.7136,7.7136,7.7136,7.7136,7.7136,7.7136,7.7136,7.7136,7.7136,7.7136,7.7136,7.7136,7.7136,7.7136,7.7136,7.7136,7.7136,7.7136,7.7136,7.7136,7.7136,7.7136,7.7136,7.7136,7.7136,7.7136,7.7136,7.7136,7.7136,7.7136,7.7136,7.7136,7.7136,7.7136,7.7136,7.7136,7.7136,7.7136,7.7136,7.7136,7.7136,7.7136,7.7136,7.7136,7.7136,7.7136,7.7136,7.7136,7.7136,7.7136,7.7136,7.7136,7.7136,7.7136,7.7136,7.7136,7.7136,7.7136,7.7136,7.7136,7.7136,7.7136,7.7136,7.7136,7.7136,7.7136,7.7136,7.7136,7.7136,7.7136,7.7136,7.7136,7.7136,7.7136,7.7136,7.7136,7.7136,7.7136,7.7136,7.7136,7.7136,7.7136,7.7136,7.7136,7.7136,7.7136,7.7136,7.7136,7.7136,7.7136,7.7136,7.7136,7.7136,7.7136,7.7136,7.7136,7.7136,7.7136,7.7136,7.7136,7.7136,7.7136,7.7136,7.7136,7.7136,7.7136,7.7136,7.7136,7.7136,7.7136,7.7136,7.7136,7.7136,7.7136,7.7136,7.7136,7.7136,7.7136,7.7136,7.7136,7.7136,7.7136,7.7136,7.7136,7.7136,7.7136,7.7136,7.7136,7.7136,7.7136,7.7136,7.7136,7.7136,7.7136,7.7136,7.7136,7.7136,7.7136,7.7136,7.7136,7.7136,7.7136,7.7136,7.7136,7.7136,7.7136,7.7136,7.7136,7.7136,7.7136,7.7136,7.7136,7.7136,7.7136,7.7136,7.7136,7.7136,7.7136,7.7136,7.7136,7.7136,7.7136,6.1456,6.1232,6.1009,6.0894,6.0806,6.0720,6.0635,6.0547,6.0462,6.0378,6.0291,6.0207,6.0116,6.0026,5.9936,5.9848,5.9759,5.9670,5.9606,5.9545,5.9484,5.9444,5.9414,5.9383,5.9353,5.9326,5.9307,5.9288,5.9267,5.9249,5.9230,5.9209,5.9190,5.9169,5.9150,5.9130,5.9107,5.9086,5.9063,5.9042,5.9022,5.8999,5.8978,5.8957,5.8935,5.8914,5.8891,5.8868,5.8848,5.8825,5.8811,5.8805,5.8798,5.8792,5.8786,5.8780,5.8772,5.8765,5.8759,5.8753,5.8747,5.8741,5.8737,5.8743,5.8751,5.8759,5.8768,5.8776,5.8784,5.8790,5.8798,5.8807,5.8815,5.8823,5.8831,5.8840,5.8848,5.8854,5.8862,5.8871,5.8879,5.8887,5.8895,5.8902,5.8910,5.8924,5.8945,5.8966,5.8986,5.9005,5.9026,5.9046,5.9067,5.9088,5.9107,5.9136,5.9184,5.9232,5.9278,5.9326,5.9374,5.9420,5.9469,5.9517,5.9566,5.9612,5.9667,5.9731,5.9797,5.9861,5.9927,5.9991,6.0058,6.0122,6.0189,6.0254,6.0321,6.0469,6.0633,6.0799,6.0949,6.1100,6.1281,6.1465,7.7136,7.7136,7.7136,7.7136,7.7136,7.7136,7.7136,7.7136,7.7136,7.7136,7.7136,7.7136,7.7136,7.7136,7.7136,7.7136,7.7136,7.7136,7.7136,7.7136,7.7136,7.7136,7.7136,7.7136,7.7136,7.7136,7.7136,7.7136,7.7136,7.7136,7.7136,7.7136,7.7136,7.7136,7.7136,7.7136,7.7136,7.7136,7.7136,7.7136,7.7136,7.7136,7.7136,7.7136,7.7136,7.7136,7.7136,7.7136,7.7136,7.7136,7.7136,7.7136,7.7136,7.7136,7.7136,7.7136,7.7136,7.7136,7.7136,7.7136,7.7136,7.7136,7.7136,7.7136,7.7136,7.7136,7.7136,7.7136,7.7136,7.7136,7.7136,7.7136,7.7136,7.7136,7.7136,7.7136,7.7136,7.7136,7.7136,7.7136,7.7136,7.7136,7.7136,7.7136,7.7136,7.7136,7.7136,7.7136,7.7136,7.7136,7.7136,7.7136,7.7136,7.7136,7.7136,7.7136,7.7136,7.7136,7.7136,7.7136,7.7136,7.7136,7.7136,7.7136,7.7136,7.7136,7.7136,7.7136,7.7136,7.7136,7.7136,7.7136,7.7136,7.7136,7.7136,7.7136,7.7136,7.7136,7.7136,7.7136,7.7136,7.7136,7.7136,7.7136,7.7136,7.7136,7.7136,7.7136,7.7136,7.7136,7.7136,7.7136,7.7136,7.7136,7.7136,7.7136,7.7136,7.7136,7.7136,7.7136,7.7136,7.7136,7.7136,7.7136,7.7136,7.7136,7.7136,7.7136,7.7136,7.7136,7.7136,7.7136,7.7136,7.7136,7.7136,7.7136,7.7136,7.7136,7.7136,7.7136,7.7136,7.7136,7.7136,7.7136,7.7136,7.7136,7.7136,7.7136,7.7136,7.7136,7.7136,7.7136,7.7136,7.7136,7.7136,7.7136,7.7136,7.7136,7.7136,7.7136,7.7136,7.7136,7.7136,7.7136,7.7136,7.7136,7.7136,7.7136,7.7136,7.7136,7.7136,7.7136,7.7136,7.7136,7.7136,7.7136,7.7136,7.7136,7.7136,7.7136,7.7136,7.7136,7.7136,7.7136,7.7136,7.7136,7.7136,7.7136,7.7136,7.7136,7.7136,7.7136,7.7136,7.7136,7.7136,7.7136,7.7136,7.7136,7.7136,7.7136,7.7136,7.7136,7.7136,7.7136,7.7136,7.7136,7.7136,7.7136,7.7136,7.7136,7.7136,7.7136,7.7136,7.7136,7.7136,7.7136,7.7136,7.7136,7.7136,7.7136,7.7136,7.7136,7.7136,7.7136,7.7136,7.7136,7.7136,7.7136,7.7136,7.7136,7.7136,7.7136,7.7136,7.7136,7.7136,7.7136,7.7136,7.7136,7.7136,7.7136,7.7136,7.7136,7.7136,7.7136,7.7136,7.7136,7.7136,7.7136,7.7136,7.7136,7.7136,7.7136,7.7136,7.7136,7.7136,7.7136,7.7136,7.7136,7.7136,7.7136,7.7136,7.7136,7.7136,7.7136,7.7136,7.7136,7.7136,7.7136,7.7136,7.7136,7.7136,7.7136,7.7136,7.7136,7.7136,7.7136,7.7136,7.7136,7.7136,7.7136,7.7136,7.7136,7.7136,7.7136,7.7136,7.7136,7.7136,7.7136,7.7136,7.7136,7.7136,7.7136,7.7136,7.7136,7.7136,7.7136,7.7136,7.7136,7.7136,7.7136,7.7136,7.7136,7.7136,7.7136,7.7136,7.7136,7.7136,7.7136,7.7136,7.7136,7.7136,7.7136,7.7136,7.7136,7.7136,7.7136,7.7136,7.7136,7.7136,7.7136,7.7136,7.7136,7.7136,7.7136,7.7136,7.7136,7.7136,7.7136,7.7136,7.7136,7.7136,7.7136,7.7136,7.7136,7.7136,7.7136,7.7136,7.7136,7.7136,7.7136,7.7136,7.7136,7.7136,7.7136,7.7136,7.7136,7.7136,7.7136,7.7136,7.7136,7.7136,7.7136,7.7136,7.7136,7.7136,7.7136,7.7136,7.7136,7.7136,7.7136,7.7136,7.7136,7.7136,7.7136,7.7136,7.7136,7.7136,7.7136,7.7136,7.7136,7.7136,7.7136,7.7136,7.7136,7.7136,7.7136,7.7136,7.7136,7.7136,7.7136,7.7136,7.7136,7.7136,7.7136,7.7136,7.7136,7.7136,7.7136,7.7136,7.7136
7.7069,7.7069,7.7069,7.7069,7.7069,7.7069,7.7069,7.7069,7.7069,7.7069,7.7069,7.7069,7.7069,7.7069,7.7069,7.7069,7.7069,7.7069,7.7069,7.7069,7.7069,7.7069,7.7069,7.7069,7.7069,7.7069,7.7069,7.7069,7.7069,7.7069,7.7069,7.7069,7.7069,7.7069,7.7069,7.7069,7.7069,7.7069,7.7069,7.7069,7.7069,7.7069,7.7069,7.7069,7.7069,7.7069,7.7069,7.7069,7.7069,7.7069,7.7069,7.7069,7.7069,7.7069,7.7069,7.7069,7.7069,7.7069,7.7069,7.7069,7.7069,7.7069,7.7069,7.7069,7.7069,7.7069,7.7069,7.7069,7.7069,7.7069,7.7069,7.7069,7.7069,7.7069,7.7069,7.7069,7.7069,7.7069,7.7069,7.7069,7.7069,7.7069,7.7069,7.7069,7.7069,7.7069,7.7069,7.7069,7.7069,7.7069,7.7069,7.7069,7.7069,7.7069,7.7069,7.7069,7.7069,7.7069,7.7069,7.7069,7.7069,7.7069,7.7069,7.7069,7.7069,7.7069,7.7069,7.7069,7.7069,7.7069,7.7069,7.7069,7.7069,7.7069,7.7069,7.7069,7.7069,7.7069,7.7069,7.7069,7.7069,7.7069,7.7069,7.7069,7.7069,7.7069,7.7069,7.7069,7.7069,7.7069,7.7069,7.7069,7.7069,7.7069,7.7069,7.7069,7.7069,7.7069,7.7069,7.7069,7.7069,7.7069,7.7069,7.7069,7.7069,7.7069,7.7069,7.7069,7.7069,7.7069,7.7069,7.7069,7.7069,7.7069,7.7069,7.7069,7.7069,7.7069,7.7069,7.7069,7.7069,7.7069,7.7069,7.7069,7.7069,7.7069,7.7069,7.7069,7.7069,7.7069,7.7069,7.7069,7.7069,7.7069,7.7069,7.7069,7.7069,7.7069,7.7069,7.7069,7.7069,7.7069,7.7069,7.7069,7.7069,7.7069,7.7069,7.7069,7.7069,7.7069,7.7069,7.7069,7.7069,7.7069,7.7069,7.7069,7.7069,7.7069,7.7069,7.7069,7.7069,7.7069,7.7069,7.7069,7.7069,7.7069,7.7069,7.7069,7.7069,7.7069,7.7069,7.7069,7.7069,7.7069,7.7069,7.7069,7.7069,7.7069,7.7069,7.7069,7.7069,7.7069,7.7069,7.7069,7.7069,7.7069,7.7069,7.7069,7.7069,7.7069,7.7069,7.7069,7.7069,7.7069,7.7069,7.7069,7.7069,7.7069,7.7069,7.7069,7.7069,7.7069,7.7069,7.7069,7.7069,7.7069,7.7069,7.7069,7.7069,7.7069,7.7069,7.7069,7.7069,7.7069,7.7069,7.7069,7.7069,7.7069,7.7069,7.7069,7.7069,7.7069,7.7069,7.7069,7.7069,7.7069,7.7069,7.7069,7.7069,7.7069,7.7069,7.7069,7.7069,7.7069,7.7069,7.7069,7.7069,7.7069,7.7069,7.7069,7.7069,7.7069,7.7069,7.7069,7.7069,7.7069,7.7069,7.7069,7.7069,7.7069,7.7069,7.7069,7.7069,7.7069,7.7069,7.7069,7.7069,7.7069,7.7069,7.7069,7.7069,7.7069,7.7069,7.7069,7.7069,7.7069,7.7069,7.7069,7.7069,7.7069,7.7069,7.7069,7.7069,7.7069,7.7069,7.7069,7.7069,7.7069,7.7069,7.7069,7.7069,7.7069,7.7069,7.7069,7.7069,7.7069,7.7069,7.7069,7.7069,7.7069,7.7069,7.7069,7.7069,7.7069,7.7069,7.7069,7.7069,7.7069,7.7069,7.7069,7.7069,7.7069,7.7069,7.7069,7.7069,7.7069,7.7069,7.7069,7.7069,7.7069,7.7069,7.7069,7.7069,7.7069,7.7069,7.7069,7.7069,7.7069,7.7069,7.7069,7.7069,7.7069,7.7069,7.7069,7.7069,7.7069,7.7069,7.7069,7.7069,7.7069,7.7069,7.7069,7.7069,7.7069,7.7069,7.7069,7.7069,7.7069,7.7069,7.7069,7.7069,7.7069,7.7069,7.7069,7.7069,7.7069,7.7069,7.7069,7.7069,7.7069,7.7069,7.7069,7.7069,7.7069,7.7069,7.7069,7.7069,7.7069,7.7069,7.7069,7.7069,7.7069,7.7069,7.7069,7.7069,7.7069,7.7069,7.7069,7.7069,7.7069,7.7069,7.7069,7.7069,7.7069,7.7069,7.7069,7.7069,7.7069,7.7069,7.7069,7.7069,7.7069,7.7069,7.7069,7.7069,6.1532,6.1305,6.1082,6.0901,6.0815,6.0729,6.0641,6.0556,6.0471,6.0382,6.0293,6.0202,6.0112,6.0021,5.9931,5.9844,5.9755,5.9676,5.9615,5.9553,5.9492,5.9433,5.9404,5.9372,5.9343,5.9313,5.9282,5.9257,5.9238,5.9217,5.9198,5.9180,5.9159,5.9140,5.9121,5.9101,5.9078,5.9057,5.9034,5.9013,5.8993,5.8970,5.8949,5.8928,5.8906,5.8885,5.8862,5.8842,5.8819,5.8798,5.8778,5.8772,5.8763,5.8757,5.8751,5.8745,5.8739,5.8733,5.8726,5.8718,5.8712,5.8706,5.8700,5.8694,5.8694,5.8702,5.8708,5.8716,5.8724,5.8733,5.8741,5.8749,5.8757,5.8765,5.8772,5.8780,5.8788,5.8796,5.8805,5.8813,5.8821,5.8829,5.8835,5.8844,5.8852,5.8864,5.8883,5.8904,5.8924,5.8945,5.8964,5.8984,5.9005,5.9026,5.9046,5.9065,5.9086,5.9128,5.9175,5.9223,5.9269,5.9318,5.9366,5.9412,5.9460,5.9509,5.9555,5.9604,5.9653,5.9708,5.9772,5.9838,5.9902,5.9966,6.0032,6.0097,6.0163,6.0228,6.0312,6.0478,6.0643,6.0808,6.0958,6.1118,6.1301,6.1483,7.7069,7.7069,7.7069,7.7069,7.7069,7.7069,7.7069,7.7069,7.7069,7.7069,7.7069,7.7069,7.7069,7.7069,7.7069,7.7069,7.7069,7.7069,7.7069,7.7069,7.7069,7.7069,7.7069,7.7069,7.7069,7.7069,7.7069,7.7069,7.7069,7.7069,7.7069,7.7069,7.7069,7.7069,7.7069,7.7069,7.7069,7.7069,7.7069,7.7069,7.7069,7.7069,7.7069,7.7069,7.7069,7.7069,7.7069,7.7069,7.7069,7.7069,7.7069,7.7069,7.7069,7.7069,7.7069,7.7069,7.7069,7.7069,7.7069,7.7069,7.7069,7.7069,7.7069,7.7069,7.7069,7.7069,7.7069,7.7069,7.7069,7.7069,7.7069,7.7069,7.7069,7.7069,7.7069,7.7069,7.7069,7.7069,7.7069,7.7069,7.7069,7.7069,7.7069,7.7069,7.7069,7.7069,7.7069,7.7069,7.7069,7.7069,7.7069,7.7069,7.7069,7.7069,7.7069,7.7069,7.7069,7.7069,7.7069,7.7069,7.7069,7.7069,7.7069,7.7069,7.7069,7.7069,7.7069,7.7069,7.7069,7.7069,7.7069,7.7069,7.7069,7.7069,7.7069,7.7069,7.7069,7.7069,7.7069,7.7069,7.7069,7.7069,7.7069,7.7069,7.7069,7.7069,7.7069,7.7069,7.7069,7.7069,7.7069,7.7069,7.7069,7.7069,7.7069,7.7069,7.7069,7.7069,7.7069,7.7069,7.7069,7.7069,7.7069,7.7069,7.7069,7.7069,7.7069,7.7069,7.7069,7.7069,7.7069,7.7069,7.7069,7.7069,7.7069,7.7069,7.7069,7.7069,7.7069,7.7069,7.7069,7.7069,7.7069,7.7069,7.7069,7.7069,7.7069,7.7069,7.7069,7.7069,7.7069,7.7069,7.7069,7.7069,7.7069,7.7069,7.7069,7.7069,7.7069,7.7069,7.7069,7.7069,7.7069,7.7069,7.7069,7.7069,7.7069,7.7069,7.7069,7.7069,7.7069,7.7069,7.7069,7.7069,7.7069,7.7069,7.7069,7.7069,7.7069,7.7069,7.7069,7.7069,7.7069,7.7069,7.7069,7.7069,7.7069,7.7069,7.7069,7.7069,7.7069,7.7069,7.7069,7.7069,7.7069,7.7069,7.7069,7.7069,7.7069,7.7069,7.7069,7.7069,7.7069,7.7069,7.7069,7.7069,7.7069,7.7069,7.7069,7.7069,7.7069,7.7069,7.7069,7.7069,7.7069,7.7069,7.7069,7.7069,7.7069,7.7069,7.7069,7.7069,7.7069,7.7069,7.7069,7.7069,7.7069,7.7069,7.7069,7.7069,7.7069,7.7069,7.7069,7.7069,7.7069,7.7069,7.7069,7.7069,7.7069,7.7069,7.7069,7.7069,7.7069,7.7069,7.7069,7.7069,7.7069,7.7069,7.7069,7.7069,7.7069,7.7069,7.7069,7.7069,7.7069,7.7069,7.7069,7.7069,7.7069,7.7069,7.7069,7.7069,7.7069,7.7069,7.7069,7.7069,7.7076,7.7076,7.7076,7.7076,7.7076,7.7076,7.7076,7.7076,7.7076,7.7076,7.7076,7.7076,7.7076,7.7076,7.7076,7.7076,7.7076,7.7076,7.7076,7.7076,7.7076,7.7076,7.7076,7.7076,7.7076,7.7076,7.7076,7.7076,7.7076,7.7076,7.7076,7.7076,7.7076,7.7076,7.7076,7.7076,7.7076,7.7076,7.7076,7.7076,7.7076,7.7076,7.7076,7.7076,7.7076,7.7076,7.7076,7.7076,7.7076,7.7076,7.7076,7.7076,7.7076,7.7076,7.7076,7.7076,7.7076,7.7076,7.7076,7.7076,7.7076,7.7076,7.7076,7.7076,7.7076,7.7076,7.7076,7.7076,7.7076,7.7076,7.7076,7.7076,7.7076,7.7076,7.7076,7.7076,7.7076,7.7076,7.7076,7.7076,7.7076,7.7076,7.7076,7.7076,7.7076,7.7076,7.7076,7.7076,7.7076,7.7076,7.7076,7.7076,7.7076,7.7076,7.7076,7.7076,7.7076,7.7076,7.7076,7.7076,7.7076,7.7076,7.7076,7.7076,7.7076,7.7076,7.7076,7.7076,7.7076,7.7076,7.7076,7.7076,7.7076,7.7076,7.7076,7.7076,7.7076,7.7076,7.7076,7.7076,7.7076,7.7076,7.7076
7.7001,7.7001,7.7001,7.7001,7.7001,7.7001,7.7001,7.7001,7.7001,7.7001,7.7001,7.7001,7.7001,7.7001,7.7001,7.7001,7.7001,7.7001,7.7001,7.7001,7.7001,7.7001,7.7001,7.7001,7.7001,7.7001,7.7001,7.7001,7.7001,7.7001,7.7001,7.7001,7.7001,7.7001,7.7001,7.7001,7.7001,7.7001,7.7001,7.7001,7.7001,7.7001,7.7001,7.7001,7.7001,7.7001,7.7001,7.7001,7.7001,7.7001,7.7001,7.7001,7.7001,7.7001,7.7001,7.7001,7.7001,7.7001,7.7001,7.7001,7.7001,7.7001,7.7001,7.7001,7.7001,7.7001,7.7001,7.7001,7.7001,7.7001,7.7001,7.7001,7.7001,7.7001,7.7001,7.7001,7.7001,7.7001,7.7001,7.7001,7.7001,7.7001,7.7001,7.7001,7.7001,7.7001,7.7001,7.7001,7.7001,7.7001,7.7001,7.7001,7.7001,7.7001,7.7001,7.7001,7.7001,7.7001,7.7001,7.7001,7.7001,7.7001,7.7001,7.7001,7.7001,7.7001,7.7001,7.7001,7.7001,7.7001,7.7001,7.7001,7.7001,7.7001,7.7001,7.7001,7.7001,7.7001,7.7001,7.7001,7.7001,7.7001,7.7001,7.7001,7.7001,7.7001,7.7001,7.7001,7.7001,7.7001,7.7001,7.7001,7.7001,7.7001,7.7001,7.7001,7.7001,7.7001,7.7001,7.7001,7.7001,7.7001,7.7001,7.7001,7.7001,7.7001,7.7001,7.7001,7.7001,7.7001,7.7001,7.7001,7.7001,7.7001,7.7001,7.7001,7.7001,7.7001,7.7001,7.7001,7.7001,7.7001,7.7001,7.7001,7.7001,7.7001,7.7001,7.7001,7.7001,7.7001,7.7001,7.7001,7.7001,7.7001,7.7001,7.7001,7.7001,7.7001,7.7001,7.7001,7.7001,7.7001,7.7001,7.7001,7.7001,7.7001,7.7001,7.7001,7.7001,7.7001,7.7001,7.7001,7.7001,7.7001,7.7001,7.7001,7.7001,7.7001,7.7001,7.7001,7.7001,7.7001,7.7001,7.7001,7.7001,7.7001,7.7001,7.7001,7.7001,7.7001,7.7001,7.7001,7.7001,7.7001,7.7001,7.7001,7.7001,7.7001,7.7001,7.7001,7.7001,7.7001,7.7001,7.7001,7.7001,7.7001,7.7001,7.7001,7.7001,7.7001,7.7001,7.7001,7.7001,7.7001,7.7001,7.7001,7.7001,7.7001,7.7001,7.7001,7.7001,7.7001,7.7001,7.7001,7.7001,7.7001,7.7001,7.7001,7.7001,7.7001,7.7001,7.7001,7.7001,7.7001,7.7001,7.7001,7.7001,7.7001,7.7001,7.7001,7.7001,7.7001,7.7001,7.7001,7.7001,7.7001,7.7001,7.7001,7.7001,7.7001,7.7001,7.7001,7.7001,7.7001,7.7001,7.7001,7.7001,7.7001,7.7001,7.7001,7.7001,7.7001,7.7001,7.7001,7.7001,7.7001,7.7001,7.7001,7.7001,7.7001,7.7001,7.7001,7.7001,7.7001,7.7001,7.7001,7.7001,7.7001,7.7001,7.7001,7.7001,7.7001,7.7001,7.7001,7.7001,7.7001,7.7001,7.7001,7.7001,7.7001,7.7001,7.7001,7.7001,7.7001,7.7001,7.7001,7.7001,7.7001,7.7001,7.7001,7.7001,7.7001,7.7001,7.7001,7.7001,7.7001,7.7001,7.7001,7.7001,7.7001,7.7001,7.7001,7.7001,7.7001,7.7001,7.7001,7.7001,7.7001,7.7001,7.7001,7.7001,7.7001,7.7001,7.7001,7.7001,7.7001,7.7001,7.7001,7.7001,7.7001,7.7001,7.7001,7.7001,7.7001,7.7001,7.7001,7.7001,7.7001,7.7001,7.7001,7.7001,7.7001,7.7001,7.7001,7.7001,7.7001,7.7001,7.7001,7.7001,7.7001,7.7001,7.7001,7.7001,7.7001,7.7001,7.7001,7.7001,7.7001,7.7001,7.7001,7.7001,7.7001,7.7001,7.7001,7.7001,7.7001,7.7001,7.7001,7.7001,7.7001,7.7001,7.7001,7.7001,7.7001,7.7001,7.7001,7.7001,7.7001,7.7001,7.7001,7.7001,7.7001,7.7001,7.7001,7.7001,7.7001,7.7001,7.7001,7.7001,7.7001,7.7001,7.7001,7.7001,7.7001,7.7001,7.7001,7.7001,7.7001,7.7001,7.7001,7.7001,7.7001,7.7001,7.7001,6.1607,6.1379,6.1156,6.0934,6.0824,6.0738,6.0650,6.0560,6.0469,6.0378,6.0286,6.0198,6.0107,6.0017,5.9927,5.9838,5.9750,5.9684,5.9623,5.9562,5.9500,5.9439,5.9393,5.9364,5.9332,5.9303,5.9274,5.9242,5.9213,5.9188,5.9169,5.9148,5.9130,5.9109,5.9090,5.9071,5.9049,5.9028,5.9005,5.8984,5.8964,5.8941,5.8920,5.8899,5.8877,5.8856,5.8835,5.8813,5.8792,5.8770,5.8749,5.8737,5.8731,5.8724,5.8716,5.8710,5.8704,5.8698,5.8692,5.8685,5.8679,5.8673,5.8665,5.8659,5.8653,5.8646,5.8651,5.8659,5.8667,5.8675,5.8681,5.8690,5.8698,5.8706,5.8714,5.8722,5.8731,5.8739,5.8745,5.8753,5.8761,5.8770,5.8778,5.8786,5.8794,5.8803,5.8823,5.8842,5.8862,5.8883,5.8904,5.8924,5.8943,5.8964,5.8984,5.9005,5.9024,5.9044,5.9071,5.9119,5.9167,5.9215,5.9261,5.9309,5.9357,5.9404,5.9452,5.9498,5.9547,5.9593,5.9642,5.9691,5.9746,5.9812,5.9876,5.9942,6.0006,6.0075,6.0138,6.0204,6.0321,6.0486,6.0652,6.0817,6.0967,6.1138,6.1319,6.1501,7.7001,7.7001,7.7001,7.7001,7.7001,7.7001,7.7001,7.7001,7.7001,7.7001,7.7001,7.7001,7.7001,7.7001,7.7001,7.7001,7.7001,7.7001,7.7001,7.7001,7.7001,7.7001,7.7001,7.7001,7.7001,7.7001,7.7001,7.7001,7.7001,7.7001,7.7001,7.7001,7.7001,7.7001,7.7001,7.7001,7.7001,7.7001,7.7001,7.7001,7.7001,7.7001,7.7001,7.7001,7.7001,7.7001,7.7001,7.7001,7.7001,7.7001,7.7001,7.7001,7.7001,7.7001,7.7001,7.7001,7.7001,7.7001,7.7001,7.7001,7.7001,7.7001,7.7001,7.7001,7.7001,7.7001,7.7001,7.7001,7.7001,7.7001,7.7001,7.7001,7.7001,7.7001,7.7001,7.7001,7.7001,7.7001,7.7001,7.7001,7.7001,7.7001,7.7001,7.7001,7.7001,7.7001,7.7001,7.7001,7.7001,7.7001,7.7001,7.7001,7.7001,7.7001,7.7001,7.7001,7.7001,7.7001,7.7008,7.7008,7.7008,7.7008,7.7008,7.7008,7.7008,7.7008,7.7008,7.7008,7.7008,7.7008,7.7008,7.7008,7.7008,7.7008,7.7008,7.7008,7.7008,7.7008,7.7008,7.7008,7.7008,7.7008,7.7008,7.7008,7.7008,7.7008,7.7008,7.7008,7.7008,7.7008,7.7008,7.7008,7.7008,7.7008,7.7008,7.7008,7.7008,7.7008,7.7008,7.7008,7.7008,7.7008,7.7008,7.7008,7.7008,7.7008,7.7008,7.7008,7.7008,7.7008,7.7008,7.7008,7.7008,7.7008,7.7008,7.7008,7.7008,7.7008,7.7008,7.7008,7.7008,7.7008,7.7008,7.7008,7.7008,7.7008,7.7008,7.7008,7.7008,7.7008,7.7008,7.7008,7.7008,7.7008,7.7008,7.7008,7.7008,7.7008,7.7008,7.7008,7.7008,7.7008,7.7008,7.7008,7.7008,7.7008,7.7008,7.7008,7.7008,7.7008,7.7008,7.7008,7.7008,7.7008,7.7008,7.7008,7.7008,7.7008,7.7008,7.7008,7.7008,7.7008,7.7008,7.7008,7.7008,7.7008,7.7008,7.7008,7.7008,7.7008,7.7008,7.7008,7.7008,7.7008,7.7008,7.7008,7.7008,7.7008,7.7008,7.7008,7.7008,7.7008,7.7008,7.7008,7.7008,7.7008,7.7008,7.7008,7.7008,7.7008,7.7008,7.7008,7.7008,7.7008,7.7008,7.7008,7.7008,7.7008,7.7008,7.7008,7.7008,7.7008,7.7008,7.7008,7.7008,7.7008,7.7008,7.7008,7.7008,7.7008,7.7008,7.7008,7.7008,7.7008,7.7008,7.7008,7.7008,7.7008,7.7008,7.7008,7.7008,7.7008,7.7008,7.7008,7.7008,7.7008,7.7008,7.7008,7.7008,7.7008,7.7008,7.7008,7.7008,7.7008,7.7008,7.7008,7.7008,7.7008,7.7008,7.7008,7.7008,7.7008,7.7008,7.7008,7.7008,7.7008,7.7008,7.7008,7.7008,7.7008,7.7008,7.7008,7.7008,7.7008,7.7008,7.7008,7.7008,7.7008,7.7008,7.7008,7.7008,7.7008,7.7008,7.7008,7.7008,7.7008,7.7008,7.7008,7.7008,7.7008,7.7008,7.7008,7.7008,7.7008,7.7008,7.7008,7.7008,7.7008,7.7008,7.7008,7.7008,7.7008,7.7008,7.7008,7.7008,7.7008,7.7008,7.7008,7.7008,7.7008,7.7008,7.7008,7.7008,7.7008,7.7008,7.7008,7.7008,7.7008,7.7008,7.7008,7.7008,7.7008,7.7008,7.7008,7.7008,7.7008,7.7008,7.7008,7.7008,7.7008,7.7008,7.7008,7.7008,7.7008,7.7008,7.7008,7.7008,7.7008,7.7008,7.7008,7.7008,7.7008,7.7008,7.7008,7.7008,7.7008,7.7008,7.7008,7.7008,7.7008,7.7008,7.7008,7.7008,7.7008,7.7008,7.7008,7.7008,7.7008,7.7008,7.7008,7.7008,7.7008,7.7008,7.7008,7.7008,7.7008,7.7008,7.7008,7.7008,7.7008,7.7008,7.7008,7.7008,7.7008,7.7008,7.7008,7.7008,7.7008,7.7008,7.7008,7.7008,7.7008,7.7008,7.7008,7.7008,7.7008,7.7008,7.7008
7.6938,7.6938,7.6938,7.6938,7.6938,7.6938,7.6938,7.6938,7.6938,7.6938,7.6938,7.6938,7.6938,7.6938,7.6938,7.6938,7.6938,7.6938,7.6938,7.6938,7.6938,7.6938,7.6938,7.6938,7.6938,7.6938,7.6938,7.6938,7.6938,7.6938,7.6938,7.6938,7.6938,7.6938,7.6938,7.6938,7.6938,7.6938,7.6938,7.6938,7.6938,7.6938,7.6938,7.6938,7.6938,7.6938,7.6938,7.6938,7.6938,7.6938,7.6938,7.6938,7.6938,7.6938,7.6938,7.6938,7.6938,7.6938,7.6938,7.6938,7.6938,7.6938,7.6938,7.6938,7.6938,7.6938,7.6938,7.6938,7.6938,7.6938,7.6938,7.6938,7.6938,7.6938,7.6938,7.6938,7.6938,7.6938,7.6938,7.6938,7.6938,7.6938,7.6938,7.6938,7.6938,7.6938,7.6938,7.6938,7.6938,7.6938,7.6938,7.6938,7.6938,7.6938,7.6938,7.6938,7.6938,7.6938,7.6938,7.6938,7.6938,7.6938,7.6938,7.6938,7.6938,7.6938,7.6938,7.6938,7.6938,7.6938,7.6938,7.6938,7.6938,7.6938,7.6938,7.6938,7.6938,7.6938,7.6938,7.6938,7.6938,7.6938,7.6938,7.6938,7.6938,7.6938,7.6938,7.6938,7.6938,7.6938,7.6938,7.6938,7.6938,7.6938,7.6938,7.6938,7.6938,7.6938,7.6938,7.6938,7.6938,7.6938,7.6938,7.6938,7.6938,7.6938,7.6938,7.6938,7.6938,7.6938,7.6938,7.6938,7.6938,7.6938,7.6938,7.6938,7.6938,7.6938,7.6938,7.6938,7.6938,7.6938,7.6938,7.6938,7.6938,7.6938,7.6938,7.6938,7.6938,7.6938,7.6938,7.6938,7.6938,7.6938,7.6938,7.6938,7.6938,7.6938,7.6938,7.6938,7.6938,7.6938,7.6938,7.6938,7.6938,7.6938,7.6938,7.6938,7.6938,7.6938,7.6938,7.6938,7.6938,7.6938,7.6938,7.6938,7.6938,7.6938,7.6938,7.6938,7.6938,7.6938,7.6938,7.6938,7.6938,7.6938,7.6938,7.6938,7.6938,7.6938,7.6938,7.6938,7.6938,7.6938,7.6938,7.6938,7.6938,7.6938,7.6938,7.6938,7.6938,7.6938,7.6938,7.6938,7.6938,7.6938,7.6938,7.6938,7.6938,7.6938,7.6938,7.6938,7.6938,7.6938,7.6938,7.6938,7.6938,7.6938,7.6938,7.6938,7.6938,7.6938,7.6938,7.6938,7.6938,7.6938,7.6938,7.6938,7.6938,7.6938,7.6938,7.6938,7.6938,7.6938,7.6938,7.6938,7.6938,7.6938,7.6938,7.6938,7.6938,7.6938,7.6938,7.6938,7.6938,7.6938,7.6938,7.6938,7.6938,7.6938,7.6938,7.6938,7.6938,7.6938,7.6938,7.6938,7.6938,7.6938,7.6938,7.6938,7.6938,7.6938,7.6938,7.6938,7.6938,7.6938,7.6938,7.6938,7.6938,7.6938,7.6938,7.6938,7.6938,7.6938,7.6938,7.6938,7.6938,7.6938,7.6938,7.6938,7.6938,7.6938,7.6938,7.6938,7.6938,7.6938,7.6938,7.6938,7.6938,7.6938,7.6938,7.6938,7.6938,7.6938,7.6938,7.6938,7.6938,7.6938,7.6938,7.6938,7.6938,7.6938,7.6938,7.6938,7.6938,7.6938,7.6938,7.6938,7.6938,7.6938,7.6938,7.6938,7.6938,7.6938,7.6938,7.6938,7.6938,7.6938,7.6938,7.6938,7.6938,7.6938,7.6938,7.6938,7.6938,7.6938,7.6938,7.6938,7.6938,7.6938,7.6938,7.6938,7.6938,7.6938,7.6938,7.6938,7.6938,7.6938,7.6938,7.6938,7.6938,7.6938,7.6938,7.6938,7.6938,7.6938,7.6938,7.6938,7.6938,7.6938,7.6938,7.6938,7.6938,7.6938,7.6938,7.6938,7.6938,7.6938,7.6938,7.6938,7.6938,7.6938,7.6938,7.6938,7.6938,7.6938,7.6938,7.6938,7.6938,7.6938,7.6938,7.6938,7.6938,7.6938,7.6938,7.6938,7.6938,7.6938,7.6938,7.6938,7.6938,7.6938,7.6938,7.6938,7.6938,7.6938,7.6938,7.6938,7.6938,7.6938,7.6938,7.6938,7.6938,7.6938,7.6938,7.6938,7.6938,7.6938,7.6938,7.6938,7.6938,7.6938,7.6938,6.1681,6.1453,6.1229,6.1007,6.0830,6.0738,6.0648,6.0556,6.0464,6.0373,6.0282,6.0191,6.0103,6.0013,5.9923,5.9833,5.9752,5.9691,5.9629,5.9568,5.9507,5.9446,5.9387,5.9353,5.9322,5.9292,5.9263,5.9232,5.9203,5.9173,5.9142,5.9119,5.9098,5.9080,5.9061,5.9040,5.9020,5.8999,5.8978,5.8955,5.8935,5.8912,5.8891,5.8871,5.8848,5.8827,5.8807,5.8784,5.8763,5.8743,5.8720,5.8702,5.8696,5.8690,5.8683,5.8677,5.8671,5.8663,5.8657,5.8651,5.8644,5.8638,5.8632,5.8626,5.8618,5.8612,5.8606,5.8599,5.8608,5.8616,5.8624,5.8632,5.8640,5.8649,5.8657,5.8663,5.8671,5.8679,5.8687,5.8696,5.8704,5.8712,5.8720,5.8726,5.8735,5.8743,5.8761,5.8782,5.8803,5.8821,5.8842,5.8862,5.8883,5.8902,5.8922,5.8943,5.8964,5.8982,5.9003,5.9024,5.9063,5.9111,5.9159,5.9205,5.9253,5.9301,5.9347,5.9395,5.9441,5.9490,5.9536,5.9585,5.9634,5.9682,5.9729,5.9786,5.9850,5.9917,5.9981,6.0047,6.0112,6.0178,6.0330,6.0495,6.0661,6.0826,6.0976,6.1156,6.1337,6.1521,7.6938,7.6938,7.6938,7.6938,7.6938,7.6938,7.6938,7.6938,7.6938,7.6938,7.6938,7.6938,7.6938,7.6938,7.6938,7.6938,7.6938,7.6938,7.6938,7.6938,7.6938,7.6938,7.6938,7.6938,7.6938,7.6938,7.6938,7.6938,7.6938,7.6938,7.6938,7.6938,7.6938,7.6938,7.6938,7.6938,7.6938,7.6938,7.6938,7.6938,7.6938,7.6938,7.6938,7.6938,7.6938,7.6938,7.6938,7.6938,7.6938,7.6938,7.6938,7.6938,7.6938,7.6938,7.6938,7.6938,7.6938,7.6938,7.6938,7.6938,7.6938,7.6938,7.6938,7.6938,7.6938,7.6938,7.6938,7.6938,7.6938,7.6938,7.6938,7.6938,7.6938,7.6938,7.6938,7.6938,7.6938,7.6938,7.6938,7.6938,7.6938,7.6938,7.6938,7.6938,7.6938,7.6938,7.6938,7.6938,7.6938,7.6938,7.6938,7.6938,7.6938,7.6938,7.6938,7.6938,7.6938,7.6938,7.6938,7.6938,7.6938,7.6938,7.6938,7.6938,7.6938,7.6938,7.6938,7.6938,7.6938,7.6938,7.6938,7.6938,7.6938,7.6938,7.6938,7.6938,7.6938,7.6938,7.6938,7.6938,7.6938,7.6938,7.6938,7.6938,7.6938,7.6938,7.6938,7.6938,7.6938,7.6938,7.6938,7.6938,7.6938,7.6938,7.6938,7.6938,7.6938,7.6938,7.6938,7.6938,7.6938,7.6938,7.6938,7.6938,7.6938,7.6938,7.6938,7.6938,7.6938,7.6938,7.6938,7.6938,7.6938,7.6938,7.6938,7.6938,7.6938,7.6938,7.6938,7.6938,7.6938,7.6938,7.6938,7.6938,7.6938,7.6938,7.6938,7.6938,7.6938,7.6938,7.6938,7.6938,7.6938,7.6938,7.6938,7.6938,7.6938,7.6938,7.6938,7.6938,7.6938,7.6938,7.6938,7.6938,7.6938,7.6938,7.6938,7.6938,7.6938,7.6938,7.6938,7.6938,7.6938,7.6938,7.6938,7.6938,7.6938,7.6938,7.6938,7.6938,7.6938,7.6938,7.6938,7.6938,7.6938,7.6938,7.6938,7.6938,7.6938,7.6938,7.6938,7.6938,7.6938,7.6938,7.6938,7.6938,7.6938,7.6938,7.6938,7.6938,7.6938,7.6938,7.6938,7.6938,7.6938,7.6938,7.6938,7.6938,7.6938,7.6938,7.6938,7.6938,7.6938,7.6938,7.6938,7.6938,7.6938,7.6938,7.6938,7.6938,7.6938,7.6938,7.6938,7.6938,7.6938,7.6938,7.6938,7.6938,7.6938,7.6938,7.6938,7.6938,7.6938,7.6938,7.6938,7.6938,7.6938,7.6938,7.6938,7.6938,7.6938,7.6938,7.6938,7.6938,7.6938,7.6938,7.6938,7.6938,7.6938,7.6938,7.6938,7.6938,7.6938,7.6938,7.6938,7.6938,7.6938,7.6938,7.6938,7.6938,7.6938,7.6938,7.6938,7.6938,7.6938,7.6938,7.6938,7.6938,7.6938,7.6938,7.6938,7.6938,7.6938,7.6938,7.6938,7.6938,7.6938,7.6938,7.6938,7.6938,7.6938,7.6938,7.6938,7.6938,7.6938,7.6938,7.6938,7.6938,7.6938,7.6938,7.6938,7.6938,7.6938,7.6938,7.6938,7.6938,7.6938,7.6938,7.6938,7.6938,7.6938,7.6938,7.6938,7.6938,7.6938,7.6938,7.6938,7.6938,7.6938,7.6938,7.6938,7.6938,7.6938,7.6938,7.6938,7.6938,7.6938,7.6938,7.6938,7.6938,7.6938,7.6938,7.6938,7.6938,7.6938,7.6938,7.6938,7.6938,7.6938,7.6938,7.6938,7.6938,7.6938,7.6938,7.6938,7.6938,7.6938,7.6938,7.6938,7.6938,7.6938,7.6938,7.6938,7.6938,7.6938,7.6938,7.6938,7.6938,7.6938,7.6938,7.6938,7.6938,7.6938,7.6938,7.6938,7.6938,7.6938,7.6938,7.6938,7.6938,7.6938,7.6938,7.6938,7.6938,7.6938,7.6938,7.6938,7.6938,7.6938,7.6938,7.6938,7.6938,7.6938,7.6938,7.6938,7.6938,7.6938,7.6938,7.6938,7.6938,7.6938,7.6938,7.6938,7.6938,7.6938,7.6938,7.6938
7.6874,7.6874,7.6874,7.6874,7.6874,7.6874,7.6874,7.6874,7.6874,7.6874,7.6874,7.6874,7.6874,7.6874,7.6874,7.6874,7.6874,7.6874,7.6874,7.6874,7.6874,7.6874,7.6874,7.6874,7.6874,7.6874,7.6874,7.6874,7.6874,7.6874,7.6874,7.6874,7.6874,7.6874,7.6874,7.6874,7.6874,7.6874,7.6874,7.6874,7.6874,7.6874,7.6874,7.6874,7.6874,7.6874,7.6874,7.6874,7.6874,7.6874,7.6874,7.6874,7.6874,7.6874,7.6874,7.6874,7.6874,7.6874,7.6874,7.6874,7.6874,7.6874,7.6874,7.6874,7.6874,7.6874,7.6874,7.6874,7.6874,7.6874,7.6874,7.6874,7.6874,7.6874,7.6874,7.6874,7.6874,7.6874,7.6874,7.6874,7.6874,7.6874,7.6874,7.6874,7.6874,7.6874,7.6871,7.6871,7.6871,7.6871,7.6871,7.6871,7.6871,7.6871,7.6871,7.6871,7.6871,7.6871,7.6871,7.6871,7.6871,7.6871,7.6871,7.6871,7.6871,7.6871,7.6871,7.6871,7.6871,7.6871,7.6871,7.6871,7.6871,7.6871,7.6871,7.6871,7.6871,7.6871,7.6871,7.6871,7.6871,7.6871,7.6871,7.6871,7.6871,7.6871,7.6871,7.6871,7.6871,7.6871,7.6871,7.6871,7.6871,7.6871,7.6871,7.6871,7.6871,7.6871,7.6871,7.6871,7.6871,7.6871,7.6871,7.6871,7.6871,7.6871,7.6871,7.6871,7.6871,7.6871,7.6871,7.6871,7.6871,7.6871,7.6871,7.6871,7.6871,7.6871,7.6871,7.6871,7.6871,7.6871,7.6871,7.6871,7.6871,7.6871,7.6871,7.6871,7.6871,7.6871,7.6871,7.6871,7.6871,7.6871,7.6871,7.6871,7.6871,7.6871,7.6871,7.6871,7.6871,7.6871,7.6871,7.6871,7.6871,7.6871,7.6871,7.6871,7.6871,7.6871,7.6871,7.6871,7.6871,7.6871,7.6871,7.6871,7.6871,7.6871,7.6871,7.6871,7.6871,7.6871,7.6871,7.6871,7.6871,7.6871,7.6871,7.6871,7.6871,7.6871,7.6871,7.6871,7.6871,7.6871,7.6871,7.6871,7.6871,7.6871,7.6871,7.6871,7.6871,7.6871,7.6871,7.6871,7.6871,7.6871,7.6871,7.6871,7.6871,7.6871,7.6871,7.6871,7.6871,7.6871,7.6871,7.6871,7.6871,7.6871,7.6871,7.6871,7.6871,7.6871,7.6871,7.6871,7.6871,7.6871,7.6871,7.6871,7.6871,7.6871,7.6871,7.6871,7.6871,7.6871,7.6871,7.6871,7.6871,7.6871,7.6871,7.6871,7.6871,7.6871,7.6871,7.6871,7.6871,7.6871,7.6871,7.6871,7.6871,7.6871,7.6871,7.6871,7.6871,7.6871,7.6871,7.6871,7.6871,7.6871,7.6871,7.6871,7.6871,7.6871,7.6871,7.6871,7.6871,7.6871,7.6871,7.6871,7.6871,7.6871,7.6871,7.6871,7.6871,7.6871,7.6871,7.6871,7.6871,7.6871,7.6871,7.6871,7.6871,7.6871,7.6871,7.6871,7.6871,7.6871,7.6871,7.6871,7.6871,7.6871,7.6871,7.6871,7.6871,7.6871,7.6871,7.6871,7.6871,7.6871,7.6871,7.6871,7.6871,7.6871,7.6871,7.6871,7.6871,7.6871,7.6871,7.6871,7.6871,7.6871,7.6871,7.6871,7.6871,7.6871,7.6871,7.6871,7.6871,7.6871,7.6871,7.6871,7.6871,7.6871,7.6871,7.6871,7.6871,7.6871,7.6871,7.6871,7.6871,7.6871,7.6871,7.6871,7.6871,7.6871,7.6871,7.6871,7.6871,7.6871,7.6871,7.6871,7.6871,7.6871,7.6871,7.6871,7.6871,7.6871,7.6871,7.6871,7.6871,7.6871,7.6871,7.6871,7.6871,7.6871,7.6871,7.6871,7.6871,7.6871,7.6871,7.6871,7.6871,7.6871,7.6871,7.6871,7.6871,7.6871,7.6871,7.6871,7.6871,7.6871,7.6871,7.6871,7.6871,7.6871,7.6871,7.6871,7.6871,7.6871,7.6871,7.6871,7.6871,7.6871,7.6871,7.6871,7.6871,7.6871,7.6871,7.6871,7.6871,7.6871,7.6871,7.6871,7.6871,7.6871,7.6871,7.6871,7.6871,7.6871,7.6871,7.6871,7.6871,7.6871,7.6871,6.1521,6.1296,6.1074,6.0850,6.0738,6.0643,6.0552,6.0460,6.0369,6.0278,6.0187,6.0097,6.0011,5.9919,5.9829,5.9761,5.9699,5.9638,5.9576,5.9515,5.9454,5.9393,5.9343,5.9313,5.9282,5.9253,5.9221,5.9192,5.9163,5.9132,5.9103,5.9073,5.9049,5.9030,5.9011,5.8990,5.8970,5.8949,5.8926,5.8906,5.8883,5.8862,5.8842,5.8819,5.8798,5.8778,5.8755,5.8735,5.8714,5.8692,5.8671,5.8661,5.8655,5.8649,5.8642,5.8636,5.8630,5.8622,5.8616,5.8610,5.8603,5.8597,5.8591,5.8585,5.8577,5.8571,5.8565,5.8559,5.8559,5.8567,5.8573,5.8581,5.8589,5.8597,5.8606,5.8614,5.8622,5.8630,5.8638,5.8644,5.8653,5.8661,5.8669,5.8677,5.8685,5.8700,5.8720,5.8741,5.8761,5.8780,5.8800,5.8821,5.8842,5.8860,5.8881,5.8902,5.8922,5.8941,5.8962,5.8982,5.9009,5.9055,5.9103,5.9148,5.9196,5.9244,5.9290,5.9339,5.9385,5.9433,5.9479,5.9528,5.9576,5.9623,5.9672,5.9721,5.9769,5.9827,5.9891,5.9957,6.0021,6.0088,6.0176,6.0338,6.0504,6.0670,6.0835,6.0994,6.1174,6.1357,6.1539,7.6871,7.6871,7.6871,7.6871,7.6871,7.6871,7.6871,7.6871,7.6871,7.6871,7.6871,7.6871,7.6871,7.6871,7.6871,7.6871,7.6871,7.6871,7.6871,7.6871,7.6871,7.6871,7.6871,7.6871,7.6871,7.6871,7.6871,7.6871,7.6871,7.6871,7.6871,7.6871,7.6871,7.6871,7.6871,7.6871,7.6871,7.6871,7.6871,7.6871,7.6871,7.6871,7.6871,7.6871,7.6871,7.6871,7.6871,7.6871,7.6871,7.6871,7.6871,7.6871,7.6871,7.6871,7.6871,7.6871,7.6871,7.6871,7.6871,7.6871,7.6871,7.6871,7.6871,7.6871,7.6871,7.6871,7.6871,7.6871,7.6871,7.6871,7.6871,7.6871,7.6871,7.6871,7.6871,7.6871,7.6871,7.6871,7.6871,7.6871,7.6871,7.6871,7.6871,7.6871,7.6871,7.6871,7.6871,7.6871,7.6871,7.6871,7.6871,7.6871,7.6871,7.6871,7.6871,7.6871,7.6871,7.6871,7.6871,7.6871,7.6871,7.6871,7.6871,7.6871,7.6871,7.6871,7.6871,7.6871,7.6871,7.6871,7.6871,7.6871,7.6871,7.6871,7.6871,7.6871,7.6871,7.6871,7.6871,7.6871,7.6871,7.6871,7.6871,7.6871,7.6871,7.6871,7.6871,7.6871,7.6871,7.6871,7.6871,7.6871,7.6871,7.6871,7.6871,7.6871,7.6871,7.6871,7.6871,7.6871,7.6871,7.6871,7.6871,7.6871,7.6871,7.6871,7.6871,7.6871,7.6871,7.6871,7.6871,7.6871,7.6871,7.6871,7.6871,7.6871,7.6871,7.6871,7.6871,7.6871,7.6871,7.6871,7.6871,7.6871,7.6871,7.6871,7.6871,7.6871,7.6871,7.6871,7.6871,7.6871,7.6871,7.6871,7.6871,7.6871,7.6871,7.6871,7.6871,7.6871,7.6871,7.6871,7.6871,7.6871,7.6871,7.6871,7.6871,7.6871,7.6871,7.6871,7.6871,7.6871,7.6871,7.6871,7.6871,7.6871,7.6871,7.6871,7.6871,7.6871,7.6871,7.6871,7.6871,7.6871,7.6871,7.6871,7.6871,7.6871,7.6871,7.6871,7.6871,7.6871,7.6871,7.6871,7.6871,7.6871,7.6871,7.6871,7.6871,7.6871,7.6871,7.6871,7.6871,7.6871,7.6871,7.6871,7.6871,7.6871,7.6871,7.6871,7.6871,7.6871,7.6871,7.6871,7.6871,7.6871,7.6871,7.6871,7.6871,7.6871,7.6871,7.6871,7.6871,7.6871,7.6871,7.6871,7.6871,7.6871,7.6871,7.6871,7.6871,7.6871,7.6871,7.6871,7.6871,7.6871,7.6871,7.6871,7.6871,7.6871,7.6871,7.6871,7.6871,7.6871,7.6871,7.6871,7.6871,7.6871,7.6871,7.6871,7.6871,7.6871,7.6871,7.6871,7.6871,7.6871,7.6871,7.6871,7.6871,7.6871,7.6871,7.6871,7.6871,7.6871,7.6871,7.6871,7.6871,7.6871,7.6871,7.6871,7.6871,7.6871,7.6871,7.6871,7.6871,7.6871,7.6871,7.6871,7.6871,7.6871,7.6871,7.6871,7.6871,7.6871,7.6871,7.6871,7.6871,7.6871,7.6871,7.6871,7.6871,7.6871,7.6871,7.6871,7.6871,7.6871,7.6871,7.6871,7.6871,7.6871,7.6871,7.6871,7.6871,7.6871,7.6871,7.6871,7.6871,7.6871,7.6871,7.6871,7.6871,7.6871,7.6871,7.6871,7.6871,7.6871,7.6871,7.6871,7.6871,7.6871,7.6871,7.6871,7.6871,7.6871,7.6871,7.6871,7.6871,7.6871,7.6871,7.6871,7.6871,7.6871,7.6871,7.6871,7.6871,7.6871,7.6871,7.6871,7.6871,7.6871,7.6871,7.6871,7.6871,7.6871,7.6871,7.6871,7.6871,7.6871,7.6871,7.6871,7.6871,7.6871,7.6871,7.6871,7.6871,7.6871,7.6871,7.6871,7.6871,7.6871,7.6871,7.6871,7.6871,7.6871,7.6871,7.6871,7.6871,7.6871,7.6871,7.6871,7.6871,7.6871,7.6871,7.6871,7.6871,7.6871,7.6871,7.6871,7.6871,7.6871,7.6871,7.6871,7.6871,7.6871,7.6871,7.6871
7.6804,7.6804,7.6804,7.6804,7.6804,7.6804,7.6804,7.6804,7.6804,7.6804,7.6804,7.6804,7.6804,7.6804,7.6804,7.6804,7.6804,7.6804,7.6804,7.6804,7.6804,7.6804,7.6804,7.6804,7.6804,7.6804,7.6804,7.6804,7.6804,7.6804,7.6804,7.6804,7.6804,7.6804,7.6804,7.6804,7.6804,7.6804,7.6804,7.6804,7.6804,7.6804,7.6804,7.6804,7.6804,7.6804,7.6804,7.6804,7.6804,7.6804,7.6804,7.6804,7.6804,7.6804,7.6804,7.6804,7.6804,7.6804,7.6804,7.6804,7.6804,7.6804,7.6804,7.6804,7.6804,7.6804,7.6804,7.6804,7.6804,7.6804,7.6804,7.6804,7.6804,7.6804,7.6804,7.6804,7.6804,7.6804,7.6804,7.6804,7.6804,7.6804,7.6804,7.6804,7.6804,7.6804,7.6804,7.6804,7.6804,7.6804,7.6804,7.6804,7.6804,7.6804,7.6804,7.6804,7.6804,7.6804,7.6804,7.6804,7.6804,7.6804,7.6804,7.6804,7.6804,7.6804,7.6804,7.6804,7.6804,7.6804,7.6804,7.6804,7.6804,7.6804,7.6804,7.6804,7.6804,7.6804,7.6804,7.6804,7.6804,7.6804,7.6804,7.6804,7.6804,7.6804,7.6804,7.6804,7.6804,7.6804,7.6804,7.6804,7.6804,7.6804,7.6804,7.6804,7.6804,7.6804,7.6804,7.6804,7.6804,7.6804,7.6804,7.6804,7.6804,7.6804,7.6804,7.6804,7.6804,7.6804,7.6804,7.6804,7.6804,7.6804,7.6804,7.6804,7.6804,7.6804,7.6804,7.6804,7.6804,7.6804,7.6804,7.6804,7.6804,7.6804,7.6804,7.6804,7.6804,7.6804,7.6804,7.6804,7.6804,7.6804,7.6804,7.6804,7.6804,7.6804,7.6804,7.6804,7.6804,7.6804,7.6804,7.6804,7.6804,7.6804,7.6804,7.6804,7.6804,7.6804,7.6804,7.6804,7.6804,7.6804,7.6804,7.6804,7.6804,7.6804,7.6804,7.6804,7.6804,7.6804,7.6804,7.6804,7.6804,7.6804,7.6804,7.6804,7.6804,7.6804,7.6804,7.6804,7.6804,7.6804,7.6804,7.6804,7.6804,7.6804,7.6804,7.6804,7.6804,7.6804,7.6804,7.6804,7.6804,7.6804,7.6804,7.6804,7.6804,7.6804,7.6804,7.6804,7.6804,7.6804,7.6804,7.6804,7.6804,7.6804,7.6804,7.6804,7.6804,7.6804,7.6804,7.6804,7.6804,7.6804,7.6804,7.6804,7.6804,7.6804,7.6804,7.6804,7.6804,7.6804,7.6804,7.6804,7.6804,7.6804,7.6804,7.6804,7.6804,7.6804,7.6804,7.6804,7.6804,7.6804,7.6804,7.6804,7.6804,7.6804,7.6804,7.6804,7.6804,7.6804,7.6804,7.6804,7.6804,7.6804,7.6804,7.6804,7.6804,7.6804,7.6804,7.6804,7.6804,7.6804,7.6804,7.6804,7.6804,7.6804,7.6804,7.6804,7.6804,7.6804,7.6804,7.6804,7.6804,7.6804,7.6804,7.6804,7.6804,7.6804,7.6804,7.6804,7.6804,7.6804,7.6804,7.6804,7.6804,7.6804,7.6804,7.6804,7.6804,7.6804,7.6804,7.6804,7.6804,7.6804,7.6804,7.6804,7.6804,7.6804,7.6804,7.6804,7.6804,7.6804,7.6804,7.6804,7.6804,7.6804,7.6804,7.6804,7.6804,7.6804,7.6804,7.6804,7.6804,7.6804,7.6804,7.6804,7.6804,7.6804,7.6804,7.6804,7.6804,7.6804,7.6804,7.6804,7.6804,7.6804,7.6804,7.6804,7.6804,7.6804,7.6804,7.6804,7.6804,7.6804,7.6804,7.6804,7.6804,7.6804,7.6804,7.6804,7.6804,7.6804,7.6804,7.6804,7.6804,7.6804,7.6804,7.6804,7.6804,7.6804,7.6804,7.6804,7.6804,7.6804,7.6804,7.6804,7.6804,7.6804,7.6804,7.6804,7.6804,7.6804,7.6804,7.6804,7.6804,7.6804,7.6804,7.6804,7.6804,7.6804,7.6804,7.6804,7.6804,7.6804,7.6804,7.6804,7.6804,7.6804,7.6804,7.6804,7.6804,7.6804,7.6804,7.6804,7.6804,7.6804,7.6804,7.6804,7.6804,7.6804,7.6804,7.6804,7.6804,7.6804,7.6804,7.6804,7.6804,7.6804,6.1589,6.1364,6.1140,6.0918,6.0742,6.0648,6.0554,6.0460,6.0364,6.0273,6.0183,6.0092,6.0002,5.9914,5.9831,5.9769,5.9708,5.9646,5.9585,5.9524,5.9463,5.9402,5.9341,5.9303,5.9272,5.9242,5.9213,5.9182,5.9153,5.9121,5.9092,5.9063,5.9032,5.9003,5.8980,5.8962,5.8941,5.8920,5.8897,5.8877,5.8856,5.8833,5.8813,5.8790,5.8770,5.8749,5.8726,5.8706,5.8683,5.8663,5.8642,5.8626,5.8620,5.8614,5.8608,5.8601,5.8595,5.8589,5.8581,5.8575,5.8569,5.8563,5.8556,5.8550,5.8544,5.8536,5.8530,5.8524,5.8518,5.8512,5.8516,5.8524,5.8532,5.8540,5.8546,5.8554,5.8563,5.8571,5.8579,5.8587,5.8595,5.8603,5.8612,5.8618,5.8626,5.8640,5.8661,5.8681,5.8700,5.8720,5.8741,5.8761,5.8780,5.8800,5.8821,5.8842,5.8860,5.8881,5.8902,5.8922,5.8941,5.8962,5.8999,5.9046,5.9092,5.9140,5.9186,5.9234,5.9282,5.9328,5.9376,5.9423,5.9471,5.9517,5.9566,5.9615,5.9663,5.9712,5.9759,5.9808,5.9865,5.9931,5.9998,6.0062,6.0185,6.0349,6.0515,6.0679,6.0843,6.1011,6.1194,6.1375,6.1557,7.6811,7.6811,7.6811,7.6811,7.6811,7.6811,7.6811,7.6811,7.6811,7.6811,7.6811,7.6811,7.6811,7.6811,7.6811,7.6811,7.6811,7.6811,7.6811,7.6811,7.6811,7.6811,7.6811,7.6811,7.6811,7.6811,7.6811,7.6811,7.6811,7.6811,7.6811,7.6811,7.6811,7.6811,7.6811,7.6811,7.6811,7.6811,7.6811,7.6811,7.6811,7.6811,7.6811,7.6811,7.6811,7.6811,7.6811,7.6811,7.6811,7.6811,7.6811,7.6811,7.6811,7.6811,7.6811,7.6811,7.6811,7.6811,7.6811,7.6811,7.6811,7.6811,7.6811,7.6811,7.6811,7.6811,7.6811,7.6811,7.6811,7.6811,7.6811,7.6811,7.6811,7.6811,7.6811,7.6811,7.6811,7.6811,7.6811,7.6811,7.6811,7.6811,7.6811,7.6811,7.6811,7.6811,7.6811,7.6811,7.6811,7.6811,7.6811,7.6811,7.6811,7.6811,7.6811,7.6811,7.6811,7.6811,7.6811,7.6811,7.6811,7.6811,7.6811,7.6811,7.6811,7.6811,7.6811,7.6811,7.6811,7.6811,7.6811,7.6811,7.6811,7.6811,7.6811,7.6811,7.6811,7.6811,7.6811,7.6811,7.6811,7.6811,7.6811,7.6811,7.6811,7.6811,7.6811,7.6811,7.6811,7.6811,7.6811,7.6811,7.6811,7.6811,7.6811,7.6811,7.6811,7.6811,7.6811,7.6811,7.6811,7.6811,7.6811,7.6811,7.6811,7.6811,7.6811,7.6811,7.6811,7.6811,7.6811,7.6811,7.6811,7.6811,7.6811,7.6811,7.6811,7.6811,7.6811,7.6811,7.6811,7.6811,7.6811,7.6811,7.6811,7.6811,7.6811,7.6811,7.6811,7.6811,7.6811,7.6811,7.6811,7.6811,7.6811,7.6811,7.6811,7.6811,7.6811,7.6811,7.6811,7.6811,7.6811,7.6811,7.6811,7.6811,7.6811,7.6811,7.6811,7.6811,7.6811,7.6811,7.6811,7.6811,7.6811,7.6811,7.6811,7.6811,7.6811,7.6811,7.6811,7.6811,7.6811,7.6811,7.6811,7.6811,7.6811,7.6811,7.6811,7.6811,7.6811,7.6811,7.6811,7.6811,7.6811,7.6811,7.6811,7.6811,7.6811,7.6811,7.6811,7.6811,7.6811,7.6811,7.6811,7.6811,7.6811,7.6811,7.6811,7.6811,7.6811,7.6811,7.6811,7.6811,7.6811,7.6811,7.6811,7.6811,7.6811,7.6811,7.6811,7.6811,7.6811,7.6811,7.6811,7.6811,7.6811,7.6811,7.6811,7.6811,7.6811,7.6811,7.6811,7.6811,7.6811,7.6811,7.6811,7.6811,7.6811,7.6811,7.6811,7.6811,7.6811,7.6811,7.6811,7.6811,7.6811,7.6811,7.6811,7.6811,7.6811,7.6811,7.6811,7.6811,7.6811,7.6811,7.6811,7.6811,7.6811,7.6811,7.6811,7.6811,7.6811,7.6811,7.6811,7.6811,7.6811,7.6811,7.6811,7.6811,7.6811,7.6811,7.6811,7.6811,7.6811,7.6811,7.6811,7.6811,7.6811,7.6811,7.6811,7.6811,7.6811,7.6811,7.6811,7.6811,7.6811,7.6811,7.6811,7.6811,7.6811,7.6811,7.6811,7.6811,7.6811,7.6811,7.6811,7.6811,7.6811,7.6811,7.6811,7.6811,7.6811,7.6811,7.6811,7.6811,7.6811,7.6811,7.6811,7.6811,7.6811,7.6811,7.6811,7.6811,7.6811,7.6811,7.6811,7.6811,7.6811,7.6811,7.6811,7.6811,7.6811,7.6811,7.6811,7.6811,7.6811,7.6811,7.6811,7.6811,7.6811,7.6811,7.6811,7.6811,7.6811,7.6811,7.6811,7.6811,7.6811,7.6811,7.6811,7.6811,7.6811,7.6811,7.6811,7.6811,7.6811,7.6811,7.6811,7.6811,7.6811,7.6811,7.6811,7.6811,7.6811,7.6811,7.6811,7.6811,7.6811,7.6811,7.6811,7.6811,7.6811,7.6811,7.6811,7.6811,7.6811,7.6811,7.6811,7.6811,7.6811,7.6811,7.6811,7.6811,7.6811,7.6811,7.6811,7.6811,7.6811,7.6811,7.6811,7.6811,7.6811,7.6811,7.6811
7.6738,7.6738,7.6738,7.6738,7.6738,7.6738,7.6738,7.6738,7.6738,7.6738,7.6738,7.6738,7.6738,7.6738,7.6738,7.6738,7.6738,7.6738,7.6738,7.6738,7.6738,7.6738,7.6738,7.6738,7.6738,7.6738,7.6738,7.6738,7.6738,7.6738,7.6738,7.6738,7.6738,7.6738,7.6738,7.6738,7.6738,7.6738,7.6738,7.6738,7.6738,7.6738,7.6738,7.6738,7.6738,7.6738,7.6738,7.6738,7.6738,7.6738,7.6738,7.6738,7.6738,7.6738,7.6738,7.6738,7.6738,7.6738,7.6738,7.6738,7.6738,7.6738,7.6738,7.6738,7.6738,7.6738,7.6738,7.6738,7.6738,7.6738,7.6738,7.6738,7.6738,7.6738,7.6738,7.6738,7.6738,7.6738,7.6738,7.6738,7.6738,7.6738,7.6738,7.6738,7.6738,7.6738,7.6738,7.6738,7.6738,7.6738,7.6738,7.6738,7.6738,7.6738,7.6738,7.6738,7.6738,7.6738,7.6738,7.6738,7.6738,7.6738,7.6738,7.6738,7.6738,7.6738,7.6738,7.6738,7.6738,7.6738,7.6738,7.6738,7.6738,7.6738,7.6738,7.6738,7.6738,7.6738,7.6738,7.6738,7.6738,7.6738,7.6738,7.6738,7.6738,7.6738,7.6738,7.6738,7.6738,7.6738,7.6738,7.6738,7.6738,7.6738,7.6738,7.6738,7.6738,7.6738,7.6738,7.6738,7.6738,7.6738,7.6738,7.6738,7.6738,7.6738,7.6738,7.6738,7.6738,7.6738,7.6738,7.6738,7.6738,7.6738,7.6738,7.6738,7.6738,7.6738,7.6738,7.6738,7.6738,7.6738,7.6738,7.6738,7.6738,7.6738,7.6738,7.6738,7.6738,7.6738,7.6738,7.6738,7.6738,7.6738,7.6738,7.6738,7.6738,7.6738,7.6738,7.6738,7.6738,7.6738,7.6738,7.6738,7.6738,7.6738,7.6738,7.6738,7.6738,7.6738,7.6738,7.6738,7.6738,7.6738,7.6738,7.6738,7.6738,7.6738,7.6738,7.6738,7.6738,7.6738,7.6738,7.6738,7.6738,7.6738,7.6738,7.6738,7.6738,7.6738,7.6738,7.6738,7.6738,7.6738,7.6738,7.6738,7.6738,7.6738,7.6738,7.6738,7.6738,7.6738,7.6738,7.6738,7.6738,7.6738,7.6738,7.6738,7.6738,7.6738,7.6738,7.6738,7.6738,7.6738,7.6738,7.6738,7.6738,7.6738,7.6738,7.6738,7.6738,7.6738,7.6738,7.6738,7.6738,7.6738,7.6738,7.6738,7.6738,7.6738,7.6738,7.6738,7.6738,7.6738,7.6738,7.6738,7.6738,7.6738,7.6738,7.6738,7.6738,7.6738,7.6738,7.6738,7.6738,7.6738,7.6738,7.6738,7.6738,7.6738,7.6738,7.6738,7.6738,7.6738,7.6738,7.6738,7.6738,7.6738,7.6738,7.6738,7.6738,7.6738,7.6738,7.6738,7.6738,7.6738,7.6738,7.6738,7.6738,7.6738,7.6738,7.6738,7.6738,7.6738,7.6738,7.6738,7.6738,7.6738,7.6738,7.6738,7.6738,7.6738,7.6738,7.6738,7.6738,7.6738,7.6738,7.6738,7.6738,7.6738,7.6738,7.6738,7.6738,7.6738,7.6738,7.6738,7.6738,7.6738,7.6738,7.6738,7.6738,7.6738,7.6738,7.6738,7.6738,7.6738,7.6738,7.6738,7.6738,7.6738,7.6738,7.6738,7.6738,7.6738,7.6738,7.6738,7.6738,7.6738,7.6738,7.6738,7.6738,7.6738,7.6738,7.6738,7.6738,7.6738,7.6738,7.6738,7.6738,7.6738,7.6738,7.6738,7.6738,7.6738,7.6738,7.6738,7.6738,7.6738,7.6738,7.6738,7.6738,7.6738,7.6738,7.6738,7.6738,7.6738,7.6738,7.6738,7.6738,7.6738,7.6738,7.6738,7.6738,7.6738,7.6738,7.6738,7.6738,7.6738,7.6738,7.6738,7.6738,7.6738,7.6738,7.6738,7.6738,7.6738,7.6738,7.6738,7.6738,7.6738,7.6738,7.6738,7.6738,7.6738,7.6738,7.6738,7.6738,7.6738,7.6738,7.6738,7.6738,7.6738,7.6738,7.6738,7.6738,7.6738,7.6738,7.6738,7.6738,7.6738,7.6738,7.6738,7.6738,7.6738,7.6738,7.6738,7.6738,7.6738,7.6738,7.6738,7.6738,6.1659,6.1431,6.1207,6.0985,6.0758,6.0652,6.0558,6.0464,6.0369,6.0276,6.0183,6.0088,5.9998,5.9910,5.9838,5.9776,5.9714,5.9653,5.9591,5.9530,5.9469,5.9410,5.9349,5.9292,5.9263,5.9232,5.9203,5.9171,5.9142,5.9113,5.9082,5.9053,5.9024,5.8993,5.8964,5.8933,5.8912,5.8891,5.8868,5.8848,5.8825,5.8805,5.8784,5.8761,5.8741,5.8718,5.8698,5.8677,5.8655,5.8634,5.8612,5.8591,5.8585,5.8579,5.8573,5.8567,5.8561,5.8554,5.8546,5.8540,5.8534,5.8528,5.8522,5.8516,5.8510,5.8503,5.8497,5.8491,5.8485,5.8479,5.8473,5.8467,5.8473,5.8481,5.8489,5.8497,5.8506,5.8514,5.8520,5.8528,5.8536,5.8544,5.8552,5.8561,5.8569,5.8581,5.8601,5.8622,5.8640,5.8661,5.8681,5.8702,5.8720,5.8741,5.8761,5.8780,5.8800,5.8821,5.8842,5.8860,5.8881,5.8899,5.8920,5.8945,5.8990,5.9036,5.9084,5.9130,5.9178,5.9223,5.9272,5.9320,5.9366,5.9414,5.9460,5.9509,5.9557,5.9606,5.9653,5.9701,5.9750,5.9799,5.9846,5.9906,5.9972,6.0036,6.0194,6.0358,6.0523,6.0690,6.0852,6.1029,6.1212,6.1393,6.1577,7.6738,7.6738,7.6738,7.6738,7.6738,7.6738,7.6738,7.6738,7.6738,7.6738,7.6738,7.6738,7.6738,7.6738,7.6738,7.6738,7.6738,7.6738,7.6738,7.6738,7.6738,7.6738,7.6738,7.6738,7.6738,7.6738,7.6738,7.6738,7.6738,7.6738,7.6738,7.6738,7.6738,7.6738,7.6738,7.6738,7.6738,7.6738,7.6738,7.6738,7.6738,7.6738,7.6738,7.6738,7.6738,7.6738,7.6738,7.6738,7.6738,7.6738,7.6738,7.6738,7.6738,7.6738,7.6738,7.6738,7.6738,7.6738,7.6738,7.6738,7.6738,7.6738,7.6738,7.6738,7.6738,7.6738,7.6738,7.6738,7.6738,7.6738,7.6738,7.6738,7.6738,7.6738,7.6738,7.6738,7.6738,7.6738,7.6738,7.6738,7.6738,7.6738,7.6738,7.6738,7.6738,7.6738,7.6738,7.6738,7.6738,7.6738,7.6738,7.6738,7.6738,7.6738,7.6738,7.6738,7.6738,7.6738,7.6738,7.6738,7.6738,7.6738,7.6738,7.6738,7.6738,7.6738,7.6738,7.6738,7.6738,7.6738,7.6738,7.6738,7.6738,7.6738,7.6738,7.6738,7.6738,7.6738,7.6738,7.6738,7.6738,7.6738,7.6738,7.6738,7.6738,7.6738,7.6738,7.6738,7.6738,7.6738,7.6738,7.6738,7.6738,7.6738,7.6738,7.6738,7.6738,7.6738,7.6738,7.6738,7.6738,7.6738,7.6738,7.6738,7.6738,7.6738,7.6738,7.6738,7.6738,7.6738,7.6738,7.6738,7.6738,7.6738,7.6738,7.6738,7.6738,7.6738,7.6738,7.6738,7.6738,7.6738,7.6738,7.6738,7.6738,7.6738,7.6738,7.6738,7.6738,7.6738,7.6738,7.6738,7.6738,7.6738,7.6738,7.6738,7.6738,7.6738,7.6738,7.6738,7.6738,7.6738,7.6738,7.6738,7.6738,7.6738,7.6738,7.6738,7.6738,7.6738,7.6738,7.6738,7.6738,7.6738,7.6738,7.6738,7.6738,7.6738,7.6738,7.6738,7.6738,7.6738,7.6738,7.6738,7.6738,7.6738,7.6745,7.6745,7.6745,7.6745,7.6745,7.6745,7.6745,7.6745,7.6745,7.6745,7.6745,7.6745,7.6745,7.6745,7.6745,7.6745,7.6745,7.6745,7.6745,7.6745,7.6745,7.6745,7.6745,7.6745,7.6745,7.6745,7.6745,7.6745,7.6745,7.6745,7.6745,7.6745,7.6745,7.6745,7.6745,7.6745,7.6745,7.6745,7.6745,7.6745,7.6745,7.6745,7.6745,7.6745,7.6745,7.6745,7.6745,7.6745,7.6745,7.6745,7.6745,7.6745,7.6745,7.6745,7.6745,7.6745,7.6745,7.6745,7.6745,7.6745,7.6745,7.6745,7.6745,7.6745,7.6745,7.6745,7.6745,7.6745,7.6745,7.6745,7.6745,7.6745,7.6745,7.6745,7.6745,7.6745,7.6745,7.6745,7.6745,7.6745,7.6745,7.6745,7.6745,7.6745,7.6745,7.6745,7.6745,7.6745,7.6745,7.6745,7.6745,7.6745,7.6745,7.6745,7.6745,7.6745,7.6745,7.6745,7.6745,7.6745,7.6745,7.6745,7.6745,7.6745,7.6745,7.6745,7.6745,7.6745,7.6745,7.6745,7.6745,7.6745,7.6745,7.6745,7.6745,7.6745,7.6745,7.6745,7.6745,7.6745,7.6745,7.6745,7.6745,7.6745,7.6745,7.6745,7.6745,7.6745,7.6745,7.6745,7.6745,7.6745,7.6745,7.6745,7.6745,7.6745,7.6745,7.6745,7.6745,7.6745,7.6745,7.6745,7.6745,7.6745,7.6745,7.6745,7.6745,7.6745,7.6745,7.6745,7.6745,7.6745,7.6745,7.6745,7.6745,7.6745,7.6745,7.6745,7.6745,7.6745,7.6745,7.6745,7.6745,7.6745,7.6745,7.6745,7.6745,7.6745,7.6745,7.6745,7.6745,7.6745,7.6745,7.6745,7.6745,7.6745,7.6745,7.6745,7.6745,7.6745,7.6745,7.6745,7.6745,7.6745,7.6745,7.6745,7.6745,7.6745,7.6745,7.6745,7.6745,7.6745,7.6745,7.6745,7.6745,7.6745,7.6745,7.6745
7.6678,7.6678,7.6678,7.6678,7.6678,7.6678,7.6678,7.6678,7.6678,7.6678,7.6678,7.6678,7.6678,7.6678,7.6678,7.6678,7.6678,7.6678,7.6678,7.6678,7.6678,7.6678,7.6678,7.6678,7.6678,7.6678,7.6678,7.6678,7.6678,7.6678,7.6678,7.6678,7.6678,7.6678,7.6678,7.6678,7.6678,7.6678,7.6678,7.6678,7.6678,7.6678,7.6678,7.6678,7.6678,7.6678,7.6678,7.6678,7.6678,7.6678,7.6678,7.6678,7.6678,7.6678,7.6678,7.6678,7.6678,7.6678,7.6678,7.6678,7.6678,7.6678,7.6678,7.6678,7.6678,7.6678,7.6678,7.6678,7.6678,7.6678,7.6678,7.6678,7.6678,7.6678,7.6678,7.6678,7.6678,7.6678,7.6678,7.6678,7.6678,7.6678,7.6678,7.6678,7.6678,7.6678,7.6678,7.6678,7.6678,7.6678,7.6678,7.6678,7.6678,7.6678,7.6678,7.6678,7.6678,7.6678,7.6678,7.6678,7.6678,7.6678,7.6678,7.6678,7.6678,7.6678,7.6678,7.6678,7.6678,7.6678,7.6678,7.6678,7.6678,7.6678,7.6678,7.6678,7.6678,7.6678,7.6678,7.6678,7.6678,7.6678,7.6678,7.6678,7.6678,7.6678,7.6678,7.6678,7.6678,7.6678,7.6678,7.6678,7.6678,7.6678,7.6678,7.6678,7.6678,7.6678,7.6678,7.6678,7.6678,7.6678,7.6678,7.6678,7.6678,7.6678,7.6678,7.6678,7.6678,7.6678,7.6678,7.6678,7.6678,7.6678,7.6678,7.6678,7.6678,7.6678,7.6678,7.6678,7.6678,7.6678,7.6678,7.6678,7.6678,7.6678,7.6678,7.6678,7.6678,7.6678,7.6678,7.6678,7.6678,7.6678,7.6678,7.6678,7.6678,7.6678,7.6678,7.6678,7.6678,7.6678,7.6678,7.6678,7.6678,7.6678,7.6678,7.6678,7.6678,7.6678,7.6678,7.6678,7.6678,7.6678,7.6678,7.6678,7.6678,7.6678,7.6678,7.6678,7.6678,7.6678,7.6678,7.6678,7.6678,7.6678,7.6678,7.6678,7.6678,7.6678,7.6678,7.6678,7.6678,7.6678,7.6678,7.6678,7.6678,7.6678,7.6678,7.6678,7.6678,7.6678,7.6678,7.6678,7.6678,7.6678,7.6678,7.6678,7.6678,7.6678,7.6678,7.6678,7.6678,7.6678,7.6678,7.6678,7.6678,7.6678,7.6678,7.6678,7.6678,7.6678,7.6678,7.6678,7.6678,7.6678,7.6678,7.6678,7.6678,7.6678,7.6678,7.6678,7.6678,7.6678,7.6678,7.6678,7.6678,7.6678,7.6678,7.6678,7.6678,7.6678,7.6678,7.6678,7.6678,7.6678,7.6678,7.6678,7.6678,7.6678,7.6678,7.6678,7.6678,7.6678,7.6678,7.6678,7.6678,7.6678,7.6678,7.6678,7.6678,7.6678,7.6678,7.6678,7.6678,7.6678,7.6678,7.6678,7.6678,7.6678,7.6678,7.6678,7.6678,7.6678,7.6678,7.6678,7.6678,7.6678,7.6678,7.6678,7.6678,7.6678,7.6678,7.6678,7.6678,7.6678,7.6678,7.6678,7.6678,7.6678,7.6678,7.6678,7.6678,7.6678,7.6678,7.6678,7.6678,7.6678,7.6678,7.6678,7.6678,7.6678,7.6678,7.6678,7.6678,7.6678,7.6678,7.6678,7.6678,7.6678,7.6678,7.6678,7.6678,7.6678,7.6678,7.6678,7.6678,7.6678,7.6678,7.6678,7.6678,7.6678,7.6678,7.6678,7.6678,7.6678,7.6678,7.6678,7.6678,7.6678,7.6678,7.6678,7.6678,7.6678,7.6678,7.6678,7.6678,7.6678,7.6678,7.6678,7.6678,7.6678,7.6678,7.6678,7.6678,7.6678,7.6678,7.6678,7.6678,7.6678,7.6678,7.6678,7.6678,7.6678,7.6678,7.6678,7.6678,7.6678,7.6678,7.6678,7.6678,7.6678,7.6678,7.6678,7.6678,7.6678,7.6678,7.6678,7.6678,7.6678,7.6678,7.6678,7.6678,7.6678,7.6678,7.6678,7.6678,7.6678,7.6678,7.6678,7.6678,7.6678,7.6678,7.6678,7.6678,7.6678,7.6678,7.6678,7.6678,7.6678,7.6678,7.6678,7.6678,7.6678,7.6678,7.6678,7.6678,7.6678,7.6678,7.6678,6.1725,6.1498,6.1272,6.1049,6.0824,6.0657,6.0563,6.0469,6.0373,6.0280,6.0187,6.0094,6.0000,5.9910,5.9846,5.9784,5.9723,5.9661,5.9600,5.9538,5.9477,5.9416,5.9355,5.9295,5.9253,5.9221,5.9192,5.9163,5.9132,5.9103,5.9071,5.9042,5.9013,5.8982,5.8953,5.8924,5.8893,5.8862,5.8840,5.8819,5.8796,5.8776,5.8753,5.8733,5.8712,5.8690,5.8669,5.8646,5.8626,5.8606,5.8583,5.8563,5.8550,5.8544,5.8538,5.8532,5.8526,5.8520,5.8514,5.8506,5.8499,5.8493,5.8487,5.8481,5.8475,5.8469,5.8463,5.8457,5.8451,5.8444,5.8438,5.8432,5.8426,5.8424,5.8430,5.8438,5.8446,5.8455,5.8463,5.8471,5.8479,5.8487,5.8493,5.8501,5.8510,5.8522,5.8542,5.8561,5.8581,5.8601,5.8622,5.8640,5.8661,5.8681,5.8702,5.8720,5.8741,5.8761,5.8780,5.8800,5.8819,5.8840,5.8860,5.8879,5.8899,5.8937,5.8982,5.9028,5.9073,5.9121,5.9167,5.9215,5.9261,5.9309,5.9357,5.9404,5.9452,5.9500,5.9547,5.9595,5.9644,5.9693,5.9740,5.9789,5.9838,5.9887,5.9946,6.0041,6.0202,6.0367,6.0532,6.0698,6.0881,6.1067,6.1254,6.1444,6.1634,7.6678,7.6678,7.6678,7.6678,7.6678,7.6678,7.6678,7.6678,7.6678,7.6678,7.6678,7.6678,7.6678,7.6678,7.6678,7.6678,7.6678,7.6678,7.6678,7.6678,7.6678,7.6678,7.6678,7.6678,7.6678,7.6678,7.6678,7.6678,7.6678,7.6678,7.6678,7.6678,7.6678,7.6678,7.6678,7.6678,7.6678,7.6678,7.6678,7.6678,7.6678,7.6678,7.6678,7.6678,7.6678,7.6678,7.6678,7.6678,7.6678,7.6678,7.6678,7.6678,7.6678,7.6678,7.6678,7.6678,7.6678,7.6678,7.6678,7.6678,7.6678,7.6678,7.6678,7.6678,7.6678,7.6678,7.6678,7.6678,7.6678,7.6678,7.6678,7.6678,7.6678,7.6678,7.6678,7.6678,7.6678,7.6678,7.6678,7.6678,7.6678,7.6678,7.6678,7.6678,7.6678,7.6678,7.6678,7.6678,7.6678,7.6678,7.6678,7.6678,7.6678,7.6678,7.6678,7.6678,7.6678,7.6678,7.6678,7.6678,7.6678,7.6678,7.6678,7.6678,7.6678,7.6678,7.6678,7.6678,7.6678,7.6678,7.6678,7.6678,7.6678,7.6678,7.6678,7.6678,7.6678,7.6678,7.6678,7.6678,7.6678,7.6678,7.6678,7.6678,7.6678,7.6678,7.6678,7.6678,7.6678,7.6678,7.6678,7.6678,7.6678,7.6678,7.6678,7.6678,7.6678,7.6678,7.6678,7.6678,7.6678,7.6678,7.6678,7.6678,7.6678,7.6678,7.6678,7.6678,7.6678,7.6678,7.6678,7.6678,7.6678,7.6678,7.6678,7.6678,7.6678,7.6678,7.6678,7.6678,7.6678,7.6678,7.6678,7.6678,7.6678,7.6678,7.6678,7.6678,7.6678,7.6678,7.6678,7.6678,7.6678,7.6678,7.6678,7.6678,7.6678,7.6678,7.6678,7.6678,7.6678,7.6678,7.6678,7.6678,7.6678,7.6678,7.6678,7.6678,7.6678,7.6678,7.6678,7.6678,7.6678,7.6678,7.6678,7.6678,7.6678,7.6678,7.6678,7.6678,7.6678,7.6678,7.6678,7.6678,7.6678,7.6678,7.6678,7.6678,7.6678,7.6678,7.6678,7.6678,7.6678,7.6678,7.6678,7.6678,7.6678,7.6678,7.6678,7.6678,7.6678,7.6678,7.6678,7.6678,7.6678,7.6678,7.6678,7.6678,7.6678,7.6678,7.6678,7.6678,7.6678,7.6678,7.6678,7.6678,7.6678,7.6678,7.6678,7.6678,7.6678,7.6678,7.6678,7.6678,7.6678,7.6678,7.6678,7.6678,7.6678,7.6678,7.6678,7.6678,7.6678,7.6678,7.6678,7.6678,7.6678,7.6678,7.6678,7.6678,7.6678,7.6678,7.6678,7.6678,7.6678,7.6678,7.6678,7.6678,7.6678,7.6678,7.6678,7.6678,7.6678,7.6678,7.6678,7.6678,7.6678,7.6678,7.6678,7.6678,7.6678,7.6678,7.6678,7.6678,7.6678,7.6678,7.6678,7.6678,7.6678,7.6678,7.6678,7.6678,7.6678,7.6678,7.6678,7.6678,7.6678,7.6678,7.6678,7.6678,7.6678,7.6678,7.6678,7.6678,7.6678,7.6678,7.6678,7.6678,7.6678,7.6678,7.6678,7.6678,7.6678,7.6678,7.6678,7.6678,7.6678,7.6678,7.6678,7.6678,7.6678,7.6678,7.6678,7.6678,7.6678,7.6678,7.6678,7.6678,7.6678,7.6678,7.6678,7.6678,7.6678,7.6678,7.6678,7.6678,7.6678,7.6678,7.6678,7.6678,7.6678,7.6678,7.6678,7.6678,7.6678,7.6678,7.6678,7.6678,7.6678,7.6678,7.6678,7.6678,7.6678,7.6678,7.6678,7.6678,7.6678,7.6678,7.6678,7.6678,7.6678,7.6678,7.6678,7.6678,7.6678,7.6678,7.6678,7.6678,7.6678,7.6678,7.6678,7.6678,7.6678,7.6678,7.6678,7.6678,7.6678,7.6678,7.6678,7.6678,7.6678,7.6678,7.6678,7.6678,7.6678,7.6678,7.6678,7.6678,7.6678,7.6678,7.6678,7.6678,7.6678,7.6678,7.6678,7.6678,7.6678,7.6678,7.6678,7.6678,7.6678,7.6678,7.6678
7.6611,7.6611,7.6611,7.6611,7.6611,7.6611,7.6611,7.6611,7.6611,7.6611,7.6611,7.6611,7.6611,7.6611,7.6611,7.6611,7.6611,7.6611,7.6611,7.6611,7.6611,7.6611,7.6611,7.6611,7.6611,7.6611,7.6611,7.6611,7.6611,7.6611,7.6611,7.6611,7.6611,7.6611,7.6611,7.6611,7.6611,7.6611,7.6611,7.6611,7.6611,7.6611,7.6611,7.6611,7.6611,7.6611,7.6611,7.6611,7.6611,7.6611,7.6611,7.6611,7.6611,7.6611,7.6611,7.6611,7.6611,7.6611,7.6611,7.6611,7.6611,7.6611,7.6611,7.6611,7.6611,7.6611,7.6611,7.6611,7.6611,7.6611,7.6611,7.6611,7.6611,7.6611,7.6611,7.6611,7.6611,7.6611,7.6611,7.6611,7.6611,7.6611,7.6611,7.6611,7.6611,7.6611,7.6611,7.6611,7.6611,7.6611,7.6611,7.6611,7.6611,7.6611,7.6611,7.6611,7.6611,7.6611,7.6611,7.6611,7.6611,7.6611,7.6611,7.6611,7.6611,7.6611,7.6611,7.6611,7.6611,7.6611,7.6611,7.6611,7.6611,7.6611,7.6611,7.6611,7.6611,7.6611,7.6611,7.6611,7.6611,7.6611,7.6611,7.6611,7.6611,7.6611,7.6611,7.6611,7.6611,7.6611,7.6611,7.6611,7.6611,7.6611,7.6611,7.6611,7.6611,7.6611,7.6611,7.6611,7.6611,7.6611,7.6611,7.6611,7.6611,7.6611,7.6611,7.6611,7.6611,7.6611,7.6611,7.6611,7.6611,7.6611,7.6611,7.6611,7.6611,7.6611,7.6611,7.6611,7.6611,7.6611,7.6611,7.6611,7.6611,7.6611,7.6611,7.6611,7.6611,7.6611,7.6611,7.6611,7.6611,7.6611,7.6611,7.6611,7.6611,7.6611,7.6611,7.6611,7.6611,7.6611,7.6611,7.6611,7.6611,7.6611,7.6611,7.6611,7.6611,7.6611,7.6611,7.6611,7.6611,7.6611,7.6611,7.6611,7.6611,7.6611,7.6611,7.6611,7.6611,7.6611,7.6611,7.6611,7.6611,7.6611,7.6611,7.6611,7.6611,7.6611,7.6611,7.6611,7.6611,7.6611,7.6611,7.6611,7.6611,7.6611,7.6611,7.6611,7.6611,7.6611,7.6611,7.6611,7.6611,7.6611,7.6611,7.6611,7.6611,7.6611,7.6611,7.6611,7.6611,7.6611,7.6611,7.6611,7.6611,7.6611,7.6611,7.6611,7.6611,7.6611,7.6611,7.6611,7.6611,7.6611,7.6611,7.6611,7.6611,7.6611,7.6611,7.6611,7.6611,7.6611,7.6611,7.6611,7.6611,7.6611,7.6611,7.6611,7.6611,7.6611,7.6611,7.6611,7.6611,7.6611,7.6611,7.6611,7.6611,7.6611,7.6611,7.6611,7.6611,7.6611,7.6611,7.6611,7.6611,7.6611,7.6611,7.6611,7.6611,7.6611,7.6611,7.6611,7.6611,7.6611,7.6611,7.6611,7.6611,7.6611,7.6611,7.6611,7.6611,7.6611,7.6611,7.6611,7.6611,7.6611,7.6611,7.6611,7.6611,7.6611,7.6611,7.6611,7.6611,7.6611,7.6611,7.6611,7.6611,7.6611,7.6611,7.6611,7.6611,7.6611,7.6611,7.6611,7.6611,7.6611,7.6611,7.6611,7.6611,7.6611,7.6611,7.6611,7.6611,7.6611,7.6611,7.6611,7.6611,7.6611,7.6611,7.6611,7.6611,7.6611,7.6611,7.6611,7.6611,7.6611,7.6611,7.6611,7.6611,7.6611,7.6608,7.6608,7.6608,7.6608,7.6608,7.6608,7.6608,7.6608,7.6608,7.6608,7.6608,7.6608,7.6608,7.6608,7.6608,7.6608,7.6608,7.6608,7.6608,7.6608,7.6608,7.6608,7.6608,7.6608,7.6608,7.6608,7.6608,7.6608,7.6608,7.6608,7.6608,7.6608,7.6608,7.6608,7.6608,7.6608,7.6608,7.6608,7.6608,7.6608,7.6608,7.6608,7.6608,7.6608,7.6608,7.6608,7.6608,7.6608,7.6608,7.6608,7.6608,7.6608,7.6608,7.6608,7.6608,7.6608,7.6608,7.6608,7.6608,7.6608,7.6608,7.6608,7.6608,7.6608,7.6608,7.6608,7.6608,7.6608,7.6608,7.6608,7.6608,7.6608,7.6608,7.6608,7.6608,7.6608,7.6608,6.1795,6.1566,6.1339,6.1116,6.0892,6.0663,6.0567,6.0473,6.0380,6.0284,6.0191,6.0099,6.0006,5.9925,5.9861,5.9797,5.9733,5.9672,5.9608,5.9547,5.9486,5.9425,5.9364,5.9303,5.9242,5.9211,5.9182,5.9153,5.9121,5.9092,5.9063,5.9032,5.9003,5.8972,5.8943,5.8912,5.8881,5.8852,5.8819,5.8790,5.8768,5.8747,5.8724,5.8704,5.8681,5.8661,5.8640,5.8618,5.8597,5.8575,5.8554,5.8534,5.8516,5.8510,5.8503,5.8497,5.8491,5.8485,5.8479,5.8471,5.8465,5.8459,5.8453,5.8446,5.8440,5.8434,5.8428,5.8422,5.8416,5.8410,5.8404,5.8398,5.8394,5.8388,5.8379,5.8383,5.8392,5.8400,5.8408,5.8412,5.8420,5.8428,5.8436,5.8444,5.8453,5.8463,5.8481,5.8501,5.8522,5.8542,5.8561,5.8581,5.8601,5.8622,5.8640,5.8661,5.8681,5.8700,5.8720,5.8739,5.8759,5.8780,5.8798,5.8819,5.8838,5.8858,5.8885,5.8930,5.8974,5.9020,5.9065,5.9111,5.9159,5.9205,5.9253,5.9299,5.9347,5.9395,5.9441,5.9490,5.9538,5.9587,5.9634,5.9682,5.9731,5.9780,5.9829,5.9876,5.9925,6.0054,6.0235,6.0414,6.0598,6.0782,6.0972,6.1158,6.1346,6.1535,7.6608,7.6608,7.6608,7.6608,7.6608,7.6608,7.6608,7.6608,7.6608,7.6608,7.6608,7.6608,7.6608,7.6608,7.6608,7.6608,7.6608,7.6608,7.6608,7.6608,7.6608,7.6608,7.6608,7.6608,7.6608,7.6608,7.6608,7.6608,7.6608,7.6608,7.6608,7.6608,7.6608,7.6608,7.6608,7.6608,7.6608,7.6608,7.6608,7.6608,7.6608,7.6608,7.6608,7.6608,7.6608,7.6608,7.6608,7.6608,7.6608,7.6608,7.6608,7.6608,7.6608,7.6608,7.6608,7.6608,7.6608,7.6608,7.6608,7.6608,7.6608,7.6608,7.6608,7.6608,7.6608,7.6608,7.6608,7.6608,7.6608,7.6608,7.6608,7.6608,7.6608,7.6608,7.6608,7.6608,7.6608,7.6608,7.6608,7.6608,7.6608,7.6608,7.6608,7.6608,7.6608,7.6608,7.6608,7.6608,7.6608,7.6608,7.6608,7.6608,7.6608,7.6608,7.6608,7.6608,7.6608,7.6608,7.6608,7.6608,7.6608,7.6608,7.6608,7.6608,7.6608,7.6608,7.6608,7.6608,7.6608,7.6608,7.6608,7.6608,7.6608,7.6608,7.6608,7.6608,7.6608,7.6608,7.6608,7.6608,7.6608,7.6608,7.6608,7.6608,7.6608,7.6608,7.6608,7.6608,7.6608,7.6608,7.6608,7.6608,7.6608,7.6608,7.6608,7.6608,7.6608,7.6608,7.6608,7.6608,7.6608,7.6608,7.6608,7.6608,7.6608,7.6608,7.6608,7.6608,7.6608,7.6608,7.6608,7.6608,7.6608,7.6608,7.6608,7.6608,7.6608,7.6608,7.6608,7.6608,7.6608,7.6608,7.6608,7.6608,7.6608,7.6608,7.6608,7.6608,7.6608,7.6608,7.6608,7.6608,7.6608,7.6608,7.6608,7.6608,7.6608,7.6608,7.6608,7.6608,7.6608,7.6608,7.6608,7.6608,7.6608,7.6608,7.6608,7.6608,7.6608,7.6608,7.6608,7.6608,7.6608,7.6608,7.6608,7.6608,7.6608,7.6608,7.6608,7.6608,7.6608,7.6608,7.6608,7.6608,7.6608,7.6608,7.6608,7.6608,7.6608,7.6608,7.6608,7.6608,7.6608,7.6608,7.6608,7.6608,7.6608,7.6608,7.6608,7.6608,7.6608,7.6608,7.6608,7.6608,7.6608,7.6608,7.6608,7.6608,7.6608,7.6608,7.6608,7.6608,7.6608,7.6608,7.6608,7.6608,7.6608,7.6608,7.6608,7.6608,7.6608,7.6608,7.6608,7.6608,7.6608,7.6608,7.6608,7.6608,7.6608,7.6608,7.6608,7.6608,7.6608,7.6608,7.6608,7.6608,7.6608,7.6608,7.6608,7.6608,7.6608,7.6608,7.6608,7.6608,7.6608,7.6608,7.6608,7.6608,7.6608,7.6608,7.6608,7.6608,7.6608,7.6608,7.6608,7.6608,7.6608,7.6608,7.6608,7.6608,7.6608,7.6608,7.6608,7.6608,7.6608,7.6608,7.6608,7.6608,7.6608,7.6608,7.6608,7.6608,7.6608,7.6608,7.6608,7.6608,7.6608,7.6608,7.6608,7.6608,7.6608,7.6608,7.6608,7.6608,7.6608,7.6608,7.6608,7.6608,7.6608,7.6608,7.6608,7.6608,7.6608,7.6608,7.6608,7.6608,7.6608,7.6608,7.6608,7.6608,7.6608,7.6608,7.6608,7.6608,7.6608,7.6608,7.6608,7.6608,7.6608,7.6608,7.6608,7.6608,7.6608,7.6608,7.6608,7.6608,7.6608,7.6608,7.6608,7.6608,7.6608,7.6608,7.6608,7.6608,7.6608,7.6608,7.6608,7.6608,7.6608,7.6608,7.6608,7.6608,7.6608,7.6608,7.6608,7.6608,7.6608,7.6608,7.6608,7.6608,7.6608,7.6608,7.6608,7.6608,7.6608,7.6608,7.6608,7.6608,7.6608,7.6608,7.6608,7.6608,7.6608,7.6608,7.6608,7.6608,7.6608,7.6608,7.6608,7.6608,7.6608,7.6608,7.6608,7.6608,7.6608,7.6608,7.6608,7.6608,7.6608,7.6608,7.6608,7.6608,7.6608,7.6608,7.6608,7.6608,7.6608,7.6608,7.6608,7.6608,7.6608,7.6608,7.6608
7.6542,7.6542,7.6542,7.6542,7.6542,7.6542,7.6542,7.6542,7.6542,7.6542,7.6542,7.6542,7.6542,7.6542,7.6542,7.6542,7.6542,7.6542,7.6542,7.6542,7.6542,7.6542,7.6542,7.6542,7.6542,7.6542,7.6542,7.6542,7.6542,7.6542,7.6542,7.6542,7.6542,7.6542,7.6542,7.6542,7.6542,7.6542,7.6542,7.6542,7.6542,7.6542,7.6542,7.6542,7.6542,7.6542,7.6542,7.6542,7.6542,7.6542,7.6542,7.6542,7.6542,7.6542,7.6542,7.6542,7.6542,7.6542,7.6542,7.6542,7.6542,7.6542,7.6542,7.6542,7.6542,7.6542,7.6542,7.6542,7.6542,7.6542,7.6542,7.6542,7.6542,7.6542,7.6542,7.6542,7.6542,7.6542,7.6542,7.6542,7.6542,7.6542,7.6542,7.6542,7.6542,7.6542,7.6542,7.6542,7.6542,7.6542,7.6542,7.6542,7.6542,7.6542,7.6542,7.6542,7.6542,7.6542,7.6542,7.6542,7.6542,7.6542,7.6542,7.6542,7.6542,7.6542,7.6542,7.6542,7.6542,7.6542,7.6542,7.6542,7.6542,7.6542,7.6542,7.6542,7.6542,7.6542,7.6542,7.6542,7.6542,7.6542,7.6542,7.6542,7.6542,7.6542,7.6542,7.6542,7.6542,7.6542,7.6542,7.6542,7.6542,7.6542,7.6542,7.6542,7.6542,7.6542,7.6542,7.6542,7.6542,7.6542,7.6542,7.6542,7.6542,7.6542,7.6542,7.6542,7.6542,7.6542,7.6542,7.6542,7.6542,7.6542,7.6542,7.6542,7.6542,7.6542,7.6542,7.6542,7.6542,7.6542,7.6542,7.6542,7.6542,7.6542,7.6542,7.6542,7.6542,7.6542,7.6542,7.6542,7.6542,7.6542,7.6542,7.6542,7.6542,7.6542,7.6542,7.6542,7.6542,7.6542,7.6542,7.6542,7.6542,7.6542,7.6542,7.6542,7.6542,7.6542,7.6542,7.6542,7.6542,7.6542,7.6542,7.6542,7.6542,7.6542,7.6542,7.6542,7.6542,7.6542,7.6542,7.6542,7.6542,7.6542,7.6542,7.6542,7.6542,7.6542,7.6542,7.6542,7.6542,7.6542,7.6542,7.6542,7.6542,7.6542,7.6542,7.6542,7.6542,7.6542,7.6542,7.6542,7.6542,7.6542,7.6542,7.6542,7.6542,7.6542,7.6542,7.6542,7.6542,7.6542,7.6542,7.6542,7.6542,7.6542,7.6542,7.6542,7.6542,7.6542,7.6542,7.6542,7.6542,7.6542,7.6542,7.6542,7.6542,7.6542,7.6542,7.6542,7.6542,7.6542,7.6542,7.6542,7.6542,7.6542,7.6542,7.6542,7.6542,7.6542,7.6542,7.6542,7.6542,7.6542,7.6542,7.6542,7.6542,7.6542,7.6542,7.6542,7.6542,7.6542,7.6542,7.6542,7.6542,7.6542,7.6542,7.6542,7.6542,7.6542,7.6542,7.6542,7.6542,7.6542,7.6542,7.6542,7.6542,7.6542,7.6542,7.6542,7.6542,7.6542,7.6542,7.6542,7.6542,7.6542,7.6542,7.6542,7.6542,7.6542,7.6542,7.6542,7.6542,7.6542,7.6542,7.6542,7.6542,7.6542,7.6542,7.6542,7.6542,7.6542,7.6542,7.6542,7.6542,7.6542,7.6542,7.6542,7.6542,7.6542,7.6542,7.6542,7.6542,7.6542,7.6542,7.6542,7.6542,7.6542,7.6542,7.6542,7.6542,7.6542,7.6542,7.6542,7.6542,7.6542,7.6542,7.6542,7.6542,7.6542,7.6542,7.6542,7.6542,7.6542,7.6542,7.6542,7.6542,7.6542,7.6542,7.6542,7.6542,7.6542,7.6542,7.6542,7.6542,7.6542,7.6542,7.6542,7.6542,7.6542,7.6542,7.6542,7.6542,7.6542,7.6542,7.6542,7.6542,7.6542,7.6542,7.6542,7.6542,7.6542,7.6542,7.6542,7.6542,7.6542,7.6542,7.6542,7.6542,7.6542,7.6542,7.6542,7.6542,7.6542,7.6542,7.6542,7.6542,7.6542,7.6542,7.6542,7.6542,7.6542,7.6542,7.6542,7.6542,7.6542,7.6542,7.6542,7.6542,7.6542,7.6542,7.6542,7.6542,7.6542,7.6542,7.6542,7.6542,7.6542,7.6542,7.6542,7.6542,7.6542,7.6542,7.6542,7.6542,7.6542,6.1863,6.1634,6.1406,6.1183,6.0958,6.0729,6.0571,6.0478,6.0384,6.0289,6.0196,6.0103,6.0011,5.9940,5.9876,5.9812,5.9748,5.9684,5.9623,5.9560,5.9496,5.9433,5.9372,5.9311,5.9251,5.9203,5.9171,5.9142,5.9111,5.9082,5.9051,5.9022,5.8990,5.8962,5.8930,5.8899,5.8871,5.8840,5.8809,5.8778,5.8745,5.8716,5.8696,5.8675,5.8653,5.8632,5.8610,5.8589,5.8569,5.8546,5.8526,5.8503,5.8483,5.8475,5.8469,5.8463,5.8457,5.8451,5.8444,5.8438,5.8430,5.8424,5.8418,5.8412,5.8406,5.8400,5.8396,5.8390,5.8381,5.8375,5.8371,5.8363,5.8359,5.8351,5.8345,5.8341,5.8335,5.8341,5.8347,5.8355,5.8363,5.8373,5.8377,5.8385,5.8394,5.8404,5.8422,5.8442,5.8463,5.8483,5.8501,5.8522,5.8542,5.8561,5.8581,5.8601,5.8620,5.8640,5.8659,5.8679,5.8700,5.8718,5.8739,5.8757,5.8778,5.8796,5.8817,5.8838,5.8877,5.8922,5.8966,5.9011,5.9057,5.9103,5.9148,5.9196,5.9242,5.9290,5.9336,5.9385,5.9433,5.9481,5.9528,5.9576,5.9625,5.9674,5.9723,5.9769,5.9823,5.9884,5.9961,6.0138,6.0319,6.0499,6.0683,6.0874,6.1060,6.1247,6.1438,7.6549,7.6549,7.6549,7.6549,7.6549,7.6549,7.6549,7.6549,7.6549,7.6549,7.6549,7.6549,7.6549,7.6549,7.6549,7.6549,7.6549,7.6549,7.6549,7.6549,7.6549,7.6549,7.6549,7.6549,7.6549,7.6549,7.6549,7.6549,7.6549,7.6549,7.6549,7.6549,7.6549,7.6549,7.6549,7.6549,7.6549,7.6549,7.6549,7.6549,7.6549,7.6549,7.6549,7.6549,7.6549,7.6549,7.6549,7.6549,7.6549,7.6549,7.6549,7.6549,7.6549,7.6549,7.6549,7.6549,7.6549,7.6549,7.6549,7.6549,7.6549,7.6549,7.6549,7.6549,7.6549,7.6549,7.6549,7.6549,7.6549,7.6549,7.6549,7.6549,7.6549,7.6549,7.6549,7.6549,7.6549,7.6549,7.6549,7.6549,7.6549,7.6549,7.6549,7.6549,7.6549,7.6549,7.6549,7.6549,7.6549,7.6549,7.6549,7.6549,7.6549,7.6549,7.6549,7.6549,7.6549,7.6549,7.6549,7.6549,7.6549,7.6549,7.6549,7.6549,7.6549,7.6549,7.6549,7.6549,7.6549,7.6549,7.6549,7.6549,7.6549,7.6549,7.6549,7.6549,7.6549,7.6549,7.6549,7.6549,7.6549,7.6549,7.6549,7.6549,7.6549,7.6549,7.6549,7.6549,7.6549,7.6549,7.6549,7.6549,7.6549,7.6549,7.6549,7.6549,7.6549,7.6549,7.6549,7.6549,7.6549,7.6549,7.6549,7.6549,7.6549,7.6549,7.6549,7.6549,7.6549,7.6549,7.6549,7.6549,7.6549,7.6549,7.6549,7.6549,7.6549,7.6549,7.6549,7.6549,7.6549,7.6549,7.6549,7.6549,7.6549,7.6549,7.6549,7.6549,7.6549,7.6549,7.6549,7.6549,7.6549,7.6549,7.6549,7.6549,7.6549,7.6549,7.6549,7.6549,7.6549,7.6549,7.6549,7.6549,7.6549,7.6549,7.6549,7.6549,7.6549,7.6549,7.6549,7.6549,7.6549,7.6549,7.6549,7.6549,7.6549,7.6549,7.6549,7.6549,7.6549,7.6549,7.6549,7.6549,7.6549,7.6549,7.6549,7.6549,7.6549,7.6549,7.6549,7.6549,7.6549,7.6549,7.6549,7.6549,7.6549,7.6549,7.6549,7.6549,7.6549,7.6549,7.6549,7.6549,7.6549,7.6549,7.6549,7.6549,7.6549,7.6549,7.6549,7.6549,7.6549,7.6549,7.6549,7.6549,7.6549,7.6549,7.6549,7.6549,7.6549,7.6549,7.6549,7.6549,7.6549,7.6549,7.6549,7.6549,7.6549,7.6549,7.6549,7.6549,7.6549,7.6549,7.6549,7.6549,7.6549,7.6549,7.6549,7.6549,7.6549,7.6549,7.6549,7.6549,7.6549,7.6549,7.6549,7.6549,7.6549,7.6549,7.6549,7.6549,7.6549,7.6549,7.6549,7.6549,7.6549,7.6549,7.6549,7.6549,7.6549,7.6549,7.6549,7.6549,7.6549,7.6549,7.6549,7.6549,7.6549,7.6549,7.6549,7.6549,7.6549,7.6549,7.6549,7.6549,7.6549,7.6549,7.6549,7.6549,7.6549,7.6549,7.6549,7.6549,7.6549,7.6549,7.6549,7.6549,7.6549,7.6549,7.6549,7.6549,7.6549,7.6549,7.6549,7.6549,7.6549,7.6549,7.6549,7.6549,7.6549,7.6549,7.6549,7.6549,7.6549,7.6549,7.6549,7.6549,7.6549,7.6549,7.6549,7.6549,7.6549,7.6549,7.6549,7.6549,7.6549,7.6549,7.6549,7.6549,7.6549,7.6549,7.6549,7.6549,7.6549,7.6549,7.6549,7.6549,7.6549,7.6549,7.6549,7.6549,7.6549,7.6549,7.6549,7.6549,7.6549,7.6549,7.6549,7.6549,7.6549,7.6549,7.6549,7.6549,7.6549,7.6549,7.6549,7.6549,7.6549,7.6549,7.6549,7.6549,7.6549,7.6549,7.6549,7.6549,7.6549,7.6549,7.6549,7.6549,7.6549,7.6549,7.6549,7.6549,7.6549,7.6549,7.6549,7.6549,7.6549,7.6549,7.6549,7.6549,7.6549,7.6549,7.6549,7.6549,7.6549,7.6549,7.6549,7.6549,7.6549,7.6549,7.6549
7.6475,7.6475,7.6475,7.6475,7.6475,7.6475,7.6475,7.6475,7.6475,7.6475,7.6475,7.6475,7.6475,7.6475,7.6475,7.6475,7.6475,7.6475,7.6475,7.6475,7.6475,7.6475,7.6475,7.6475,7.6475,7.6475,7.6475,7.6475,7.6475,7.6475,7.6475,7.6475,7.6475,7.6475,7.6475,7.6475,7.6475,7.6475,7.6475,7.6475,7.6475,7.6475,7.6475,7.6475,7.6475,7.6475,7.6475,7.6475,7.6475,7.6475,7.6475,7.6475,7.6475,7.6475,7.6475,7.6475,7.6475,7.6475,7.6475,7.6475,7.6475,7.6475,7.6475,7.6475,7.6475,7.6475,7.6475,7.6475,7.6475,7.6475,7.6475,7.6475,7.6475,7.6475,7.6475,7.6475,7.6475,7.6475,7.6475,7.6475,7.6475,7.6475,7.6475,7.6475,7.6475,7.6475,7.6475,7.6475,7.6475,7.6475,7.6475,7.6475,7.6475,7.6475,7.6475,7.6475,7.6475,7.6475,7.6475,7.6475,7.6475,7.6475,7.6475,7.6475,7.6475,7.6475,7.6475,7.6475,7.6475,7.6475,7.6475,7.6475,7.6475,7.6475,7.6475,7.6475,7.6475,7.6475,7.6475,7.6475,7.6475,7.6475,7.6475,7.6475,7.6475,7.6475,7.6475,7.6475,7.6475,7.6475,7.6475,7.6475,7.6475,7.6475,7.6475,7.6475,7.6475,7.6475,7.6475,7.6475,7.6475,7.6475,7.6475,7.6475,7.6475,7.6475,7.6475,7.6475,7.6475,7.6475,7.6475,7.6475,7.6475,7.6475,7.6475,7.6475,7.6475,7.6475,7.6475,7.6475,7.6475,7.6475,7.6475,7.6475,7.6475,7.6475,7.6475,7.6475,7.6475,7.6475,7.6475,7.6475,7.6475,7.6475,7.6475,7.6475,7.6475,7.6475,7.6475,7.6475,7.6475,7.6475,7.6475,7.6475,7.6475,7.6475,7.6475,7.6475,7.6475,7.6475,7.6475,7.6475,7.6475,7.6475,7.6475,7.6475,7.6475,7.6475,7.6475,7.6475,7.6475,7.6475,7.6475,7.6475,7.6475,7.6475,7.6475,7.6475,7.6475,7.6475,7.6475,7.6475,7.6475,7.6475,7.6475,7.6475,7.6475,7.6475,7.6475,7.6475,7.6475,7.6475,7.6475,7.6475,7.6475,7.6475,7.6475,7.6475,7.6475,7.6475,7.6475,7.6475,7.6475,7.6475,7.6475,7.6475,7.6475,7.6475,7.6475,7.6475,7.6475,7.6475,7.6475,7.6475,7.6475,7.6475,7.6475,7.6475,7.6475,7.6475,7.6475,7.6475,7.6475,7.6475,7.6475,7.6475,7.6475,7.6475,7.6475,7.6475,7.6475,7.6475,7.6475,7.6475,7.6475,7.6475,7.6475,7.6475,7.6475,7.6475,7.6475,7.6475,7.6475,7.6475,7.6475,7.6475,7.6475,7.6475,7.6475,7.6475,7.6475,7.6475,7.6475,7.6475,7.6475,7.6475,7.6475,7.6475,7.6475,7.6475,7.6475,7.6475,7.6475,7.6475,7.6475,7.6475,7.6475,7.6475,7.6475,7.6475,7.6475,7.6475,7.6475,7.6475,7.6475,7.6475,7.6475,7.6475,7.6475,7.6475,7.6475,7.6475,7.6475,7.6475,7.6475,7.6475,7.6475,7.6475,7.6475,7.6475,7.6475,7.6475,7.6475,7.6475,7.6475,7.6475,7.6475,7.6475,7.6475,7.6475,7.6475,7.6475,7.6475,7.6475,7.6475,7.6475,7.6475,7.6475,7.6475,7.6475,7.6475,7.6475,7.6475,7.6475,7.6475,7.6475,7.6475,7.6475,7.6475,7.6475,7.6475,7.6475,7.6475,7.6475,7.6475,7.6475,7.6475,7.6475,7.6475,7.6475,7.6475,7.6475,7.6475,7.6475,7.6475,7.6475,7.6475,7.6475,7.6475,7.6475,7.6475,7.6475,7.6475,7.6475,7.6475,7.6475,7.6475,7.6475,7.6475,7.6475,7.6475,7.6475,7.6475,7.6475,7.6475,7.6475,7.6475,7.6475,7.6475,7.6475,7.6475,7.6475,7.6475,7.6475,7.6475,7.6475,7.6475,7.6475,7.6475,7.6475,7.6475,7.6475,7.6475,7.6475,7.6475,7.6475,7.6475,7.6475,7.6475,7.6475,7.6475,7.6475,7.6475,7.6475,7.6475,7.6475,7.6475,7.6475,6.1704,6.1474,6.1250,6.1027,6.0797,6.0576,6.0482,6.0388,6.0293,6.0200,6.0107,6.0019,5.9955,5.9891,5.9827,5.9763,5.9699,5.9638,5.9574,5.9511,5.9448,5.9385,5.9322,5.9259,5.9196,5.9161,5.9132,5.9101,5.9069,5.9040,5.9009,5.8980,5.8949,5.8920,5.8889,5.8858,5.8829,5.8798,5.8768,5.8735,5.8704,5.8671,5.8644,5.8624,5.8603,5.8581,5.8561,5.8538,5.8518,5.8497,5.8475,5.8455,5.8440,5.8434,5.8428,5.8422,5.8416,5.8412,5.8404,5.8396,5.8392,5.8383,5.8377,5.8373,5.8365,5.8361,5.8353,5.8347,5.8345,5.8335,5.8329,5.8323,5.8317,5.8310,5.8304,5.8298,5.8292,5.8288,5.8296,5.8304,5.8313,5.8321,5.8329,5.8339,5.8345,5.8365,5.8385,5.8406,5.8422,5.8442,5.8463,5.8483,5.8501,5.8522,5.8540,5.8561,5.8579,5.8599,5.8620,5.8638,5.8659,5.8677,5.8698,5.8716,5.8737,5.8757,5.8776,5.8796,5.8823,5.8868,5.8914,5.8959,5.9003,5.9049,5.9094,5.9140,5.9186,5.9234,5.9280,5.9328,5.9376,5.9423,5.9471,5.9519,5.9568,5.9617,5.9665,5.9727,5.9789,5.9848,5.9923,6.0041,6.0222,6.0404,6.0584,6.0773,6.0965,6.1151,6.1339,6.1539,7.6475,7.6475,7.6475,7.6475,7.6475,7.6475,7.6475,7.6475,7.6475,7.6475,7.6475,7.6475,7.6475,7.6475,7.6475,7.6475,7.6475,7.6475,7.6475,7.6475,7.6475,7.6475,7.6475,7.6475,7.6475,7.6475,7.6475,7.6475,7.6475,7.6475,7.6475,7.6475,7.6475,7.6475,7.6475,7.6475,7.6475,7.6475,7.6475,7.6475,7.6475,7.6475,7.6475,7.6475,7.6475,7.6475,7.6475,7.6475,7.6475,7.6475,7.6475,7.6475,7.6475,7.6475,7.6475,7.6475,7.6475,7.6475,7.6475,7.6475,7.6475,7.6475,7.6475,7.6475,7.6475,7.6475,7.6475,7.6475,7.6475,7.6475,7.6475,7.6475,7.6475,7.6475,7.6475,7.6475,7.6475,7.6475,7.6475,7.6475,7.6475,7.6475,7.6475,7.6475,7.6475,7.6475,7.6475,7.6475,7.6475,7.6475,7.6475,7.6475,7.6475,7.6475,7.6475,7.6475,7.6475,7.6475,7.6475,7.6475,7.6475,7.6475,7.6475,7.6475,7.6475,7.6475,7.6475,7.6475,7.6475,7.6475,7.6475,7.6475,7.6475,7.6475,7.6475,7.6475,7.6475,7.6475,7.6475,7.6475,7.6475,7.6475,7.6475,7.6475,7.6475,7.6475,7.6475,7.6475,7.6475,7.6475,7.6475,7.6475,7.6475,7.6475,7.6475,7.6475,7.6475,7.6475,7.6475,7.6475,7.6475,7.6475,7.6475,7.6475,7.6475,7.6475,7.6475,7.6475,7.6475,7.6475,7.6475,7.6475,7.6475,7.6475,7.6475,7.6475,7.6475,7.6475,7.6475,7.6475,7.6475,7.6475,7.6475,7.6475,7.6475,7.6475,7.6475,7.6475,7.6475,7.6475,7.6475,7.6475,7.6475,7.6475,7.6475,7.6475,7.6475,7.6475,7.6475,7.6475,7.6475,7.6475,7.6475,7.6475,7.6475,7.6475,7.6475,7.6475,7.6475,7.6475,7.6475,7.6475,7.6475,7.6475,7.6475,7.6475,7.6475,7.6475,7.6475,7.6475,7.6475,7.6475,7.6475,7.6475,7.6475,7.6475,7.6475,7.6475,7.6475,7.6475,7.6475,7.6475,7.6475,7.6475,7.6475,7.6475,7.6475,7.6475,7.6475,7.6475,7.6475,7.6475,7.6475,7.6475,7.6475,7.6475,7.6475,7.6475,7.6475,7.6475,7.6475,7.6475,7.6475,7.6475,7.6475,7.6475,7.6475,7.6475,7.6475,7.6475,7.6475,7.6475,7.6475,7.6475,7.6475,7.6475,7.6475,7.6475,7.6475,7.6475,7.6475,7.6475,7.6475,7.6475,7.6475,7.6475,7.6475,7.6475,7.6475,7.6475,7.6475,7.6475,7.6475,7.6475,7.6475,7.6475,7.6475,7.6475,7.6475,7.6475,7.6475,7.6475,7.6475,7.6475,7.6475,7.6475,7.6475,7.6475,7.6475,7.6475,7.6475,7.6475,7.6475,7.6475,7.6475,7.6475,7.6475,7.6475,7.6475,7.6475,7.6475,7.6475,7.6475,7.6475,7.6475,7.6475,7.6475,7.6475,7.6475,7.6475,7.6475,7.6475,7.6475,7.6475,7.6475,7.6475,7.6475,7.6475,7.6475,7.6475,7.6475,7.6475,7.6475,7.6475,7.6475,7.6475,7.6475,7.6475,7.6475,7.6475,7.6475,7.6475,7.6475,7.6475,7.6475,7.6475,7.6475,7.6475,7.6475,7.6475,7.6475,7.6475,7.6475,7.6475,7.6475,7.6475,7.6475,7.6475,7.6475,7.6475,7.6475,7.6475,7.6475,7.6475,7.6475,7.6475,7.6475,7.6475,7.6475,7.6475,7.6475,7.6475,7.6475,7.6475,7.6475,7.6475,7.6475,7.6475,7.6475,7.6475,7.6475,7.6475,7.6475,7.6475,7.6475,7.6475,7.6475,7.6475,7.6475,7.6475,7.6475,7.6475,7.6475,7.6475,7.6475,7.6475,7.6475,7.6475,7.6475,7.6475,7.6475,7.6475,7.6475,7.6475,7.6475,7.6475,7.6475,7.6475,7.6475,7.6475,7.6475,7.6475,7.6475,7.6475,7.6475,7.6475,7.6475,7.6475,7.6475,7.6475,7.6475,7.6475
7.6409,7.6409,7.6409,7.6409,7.6409,7.6409,7.6409,7.6409,7.6409,7.6409,7.6409,7.6409,7.6409,7.6409,7.6409,7.6409,7.6409,7.6409,7.6409,7.6409,7.6409,7.6409,7.6409,7.6409,7.6409,7.6409,7.6409,7.6409,7.6409,7.6409,7.6409,7.6409,7.6409,7.6409,7.6409,7.6409,7.6409,7.6409,7.6409,7.6409,7.6409,7.6409,7.6409,7.6409,7.6409,7.6409,7.6409,7.6409,7.6409,7.6409,7.6409,7.6409,7.6409,7.6409,7.6409,7.6409,7.6409,7.6409,7.6409,7.6409,7.6409,7.6409,7.6409,7.6409,7.6409,7.6409,7.6409,7.6409,7.6409,7.6409,7.6409,7.6409,7.6409,7.6409,7.6409,7.6409,7.6409,7.6409,7.6409,7.6409,7.6409,7.6409,7.6409,7.6409,7.6409,7.6409,7.6409,7.6409,7.6409,7.6409,7.6409,7.6409,7.6409,7.6409,7.6409,7.6409,7.6409,7.6409,7.6409,7.6409,7.6409,7.6409,7.6409,7.6409,7.6409,7.6409,7.6409,7.6409,7.6409,7.6409,7.6409,7.6409,7.6409,7.6409,7.6409,7.6409,7.6409,7.6409,7.6409,7.6409,7.6409,7.6409,7.6409,7.6409,7.6409,7.6409,7.6409,7.6409,7.6409,7.6409,7.6409,7.6409,7.6409,7.6409,7.6409,7.6409,7.6409,7.6409,7.6409,7.6409,7.6409,7.6409,7.6409,7.6409,7.6409,7.6409,7.6409,7.6409,7.6409,7.6409,7.6409,7.6409,7.6409,7.6409,7.6409,7.6409,7.6409,7.6409,7.6409,7.6409,7.6409,7.6409,7.6409,7.6409,7.6409,7.6409,7.6409,7.6409,7.6409,7.6409,7.6409,7.6409,7.6409,7.6409,7.6409,7.6409,7.6409,7.6409,7.6409,7.6409,7.6409,7.6409,7.6409,7.6409,7.6409,7.6409,7.6409,7.6409,7.6409,7.6409,7.6409,7.6409,7.6409,7.6409,7.6409,7.6409,7.6409,7.6409,7.6409,7.6409,7.6409,7.6409,7.6409,7.6409,7.6409,7.6409,7.6409,7.6409,7.6409,7.6409,7.6409,7.6409,7.6409,7.6409,7.6409,7.6409,7.6409,7.6409,7.6409,7.6409,7.6409,7.6409,7.6409,7.6409,7.6409,7.6409,7.6409,7.6409,7.6409,7.6409,7.6409,7.6409,7.6409,7.6409,7.6409,7.6409,7.6409,7.6409,7.6409,7.6409,7.6409,7.6409,7.6409,7.6409,7.6409,7.6409,7.6409,7.6409,7.6409,7.6409,7.6409,7.6409,7.6409,7.6409,7.6409,7.6409,7.6409,7.6409,7.6409,7.6409,7.6409,7.6409,7.6409,7.6409,7.6409,7.6409,7.6409,7.6409,7.6409,7.6409,7.6409,7.6409,7.6409,7.6409,7.6409,7.6409,7.6409,7.6409,7.6409,7.6409,7.6409,7.6409,7.6409,7.6409,7.6409,7.6409,7.6409,7.6409,7.6409,7.6409,7.6409,7.6409,7.6409,7.6409,7.6409,7.6409,7.6409,7.6409,7.6409,7.6409,7.6409,7.6409,7.6409,7.6409,7.6409,7.6409,7.6409,7.6409,7.6409,7.6409,7.6409,7.6409,7.6409,7.6409,7.6409,7.6409,7.6409,7.6409,7.6409,7.6409,7.6409,7.6409,7.6409,7.6409,7.6409,7.6409,7.6409,7.6409,7.6409,7.6409,7.6409,7.6409,7.6409,7.6409,7.6409,7.6409,7.6409,7.6409,7.6409,7.6409,7.6409,7.6409,7.6409,7.6409,7.6409,7.6409,7.6409,7.6409,7.6409,7.6409,7.6409,7.6409,7.6409,7.6409,7.6409,7.6409,7.6409,7.6409,7.6409,7.6409,7.6409,7.6409,7.6409,7.6409,7.6409,7.6409,7.6409,7.6409,7.6409,7.6409,7.6409,7.6409,7.6409,7.6409,7.6409,7.6409,7.6409,7.6409,7.6409,7.6409,7.6409,7.6409,7.6409,7.6409,7.6409,7.6409,7.6409,7.6409,7.6409,7.6409,7.6409,7.6409,7.6409,7.6409,7.6409,7.6409,7.6409,7.6409,7.6409,7.6409,7.6409,7.6409,7.6409,7.6409,7.6409,7.6409,7.6409,7.6409,7.6409,7.6409,7.6409,7.6409,7.6409,7.6409,7.6409,7.6409,7.6409,6.1770,6.1541,6.1317,6.1094,6.0863,6.0637,6.0486,6.0393,6.0299,6.0204,6.0112,6.0034,5.9970,5.9906,5.9842,5.9778,5.9714,5.9651,5.9589,5.9526,5.9463,5.9399,5.9336,5.9272,5.9205,5.9150,5.9119,5.9090,5.9059,5.9028,5.8999,5.8968,5.8939,5.8908,5.8877,5.8848,5.8817,5.8788,5.8757,5.8724,5.8694,5.8661,5.8628,5.8597,5.8573,5.8552,5.8532,5.8510,5.8489,5.8467,5.8446,5.8426,5.8410,5.8400,5.8394,5.8388,5.8381,5.8375,5.8369,5.8363,5.8357,5.8353,5.8345,5.8339,5.8333,5.8327,5.8323,5.8315,5.8308,5.8302,5.8296,5.8290,5.8284,5.8278,5.8272,5.8266,5.8260,5.8254,5.8248,5.8248,5.8256,5.8262,5.8270,5.8278,5.8286,5.8304,5.8325,5.8347,5.8363,5.8383,5.8406,5.8422,5.8442,5.8461,5.8481,5.8499,5.8520,5.8540,5.8559,5.8579,5.8597,5.8618,5.8636,5.8657,5.8677,5.8696,5.8716,5.8735,5.8755,5.8774,5.8815,5.8860,5.8906,5.8951,5.8995,5.9040,5.9086,5.9132,5.9178,5.9223,5.9272,5.9318,5.9366,5.9414,5.9463,5.9511,5.9570,5.9631,5.9693,5.9752,5.9814,5.9887,5.9979,6.0125,6.0306,6.0488,6.0670,6.0863,6.1054,6.1241,6.1431,7.6409,7.6409,7.6409,7.6409,7.6409,7.6409,7.6409,7.6409,7.6409,7.6409,7.6409,7.6409,7.6409,7.6409,7.6409,7.6409,7.6409,7.6409,7.6409,7.6409,7.6409,7.6409,7.6409,7.6409,7.6409,7.6409,7.6409,7.6409,7.6409,7.6409,7.6409,7.6409,7.6409,7.6409,7.6409,7.6409,7.6409,7.6409,7.6409,7.6409,7.6409,7.6409,7.6409,7.6409,7.6409,7.6409,7.6409,7.6409,7.6409,7.6409,7.6409,7.6409,7.6409,7.6409,7.6409,7.6409,7.6409,7.6409,7.6409,7.6409,7.6409,7.6409,7.6409,7.6409,7.6409,7.6409,7.6409,7.6409,7.6409,7.6409,7.6409,7.6409,7.6409,7.6409,7.6409,7.6409,7.6409,7.6409,7.6409,7.6409,7.6409,7.6409,7.6409,7.6409,7.6409,7.6409,7.6409,7.6409,7.6409,7.6409,7.6409,7.6409,7.6409,7.6409,7.6409,7.6409,7.6409,7.6409,7.6409,7.6409,7.6409,7.6409,7.6409,7.6409,7.6409,7.6409,7.6409,7.6409,7.6409,7.6409,7.6409,7.6409,7.6409,7.6409,7.6409,7.6409,7.6409,7.6409,7.6409,7.6409,7.6409,7.6409,7.6409,7.6409,7.6409,7.6409,7.6409,7.6409,7.6409,7.6409,7.6409,7.6409,7.6409,7.6409,7.6409,7.6409,7.6409,7.6409,7.6409,7.6409,7.6409,7.6409,7.6409,7.6409,7.6409,7.6409,7.6409,7.6409,7.6409,7.6409,7.6409,7.6409,7.6409,7.6409,7.6409,7.6409,7.6409,7.6409,7.6409,7.6409,7.6409,7.6409,7.6409,7.6409,7.6409,7.6409,7.6409,7.6409,7.6409,7.6409,7.6409,7.6409,7.6409,7.6409,7.6409,7.6409,7.6409,7.6409,7.6409,7.6409,7.6409,7.6409,7.6409,7.6409,7.6409,7.6409,7.6409,7.6409,7.6409,7.6409,7.6409,7.6409,7.6409,7.6409,7.6409,7.6409,7.6409,7.6409,7.6409,7.6409,7.6409,7.6409,7.6409,7.6409,7.6409,7.6409,7.6409,7.6409,7.6409,7.6409,7.6409,7.6409,7.6409,7.6409,7.6409,7.6409,7.6409,7.6409,7.6409,7.6409,7.6409,7.6409,7.6409,7.6409,7.6409,7.6409,7.6409,7.6409,7.6409,7.6409,7.6409,7.6409,7.6409,7.6409,7.6409,7.6409,7.6409,7.6409,7.6409,7.6409,7.6409,7.6409,7.6409,7.6409,7.6409,7.6409,7.6409,7.6409,7.6409,7.6409,7.6409,7.6409,7.6409,7.6409,7.6409,7.6409,7.6409,7.6409,7.6409,7.6409,7.6409,7.6409,7.6409,7.6409,7.6409,7.6409,7.6409,7.6409,7.6409,7.6409,7.6409,7.6409,7.6409,7.6409,7.6409,7.6409,7.6409,7.6409,7.6409,7.6409,7.6409,7.6409,7.6409,7.6409,7.6409,7.6409,7.6409,7.6409,7.6409,7.6409,7.6409,7.6409,7.6409,7.6409,7.6409,7.6409,7.6409,7.6409,7.6409,7.6409,7.6409,7.6409,7.6409,7.6409,7.6409,7.6409,7.6409,7.6409,7.6409,7.6409,7.6409,7.6409,7.6409,7.6409,7.6409,7.6409,7.6409,7.6409,7.6409,7.6409,7.6409,7.6409,7.6409,7.6409,7.6409,7.6409,7.6409,7.6409,7.6409,7.6409,7.6409,7.6409,7.6409,7.6409,7.6409,7.6409,7.6409,7.6409,7.6409,7.6409,7.6409,7.6409,7.6409,7.6409,7.6409,7.6409,7.6409,7.6409,7.6409,7.6409,7.6409,7.6409,7.6409,7.6409,7.6409,7.6409,7.6409,7.6409,7.6409,7.6409,7.6409,7.6409,7.6409,7.6409,7.6409,7.6409,7.6409,7.6409,7.6409,7.6409,7.6409,7.6409,7.6409,7.6409,7.6409,7.6409,7.6409,7.6409,7.6409,7.6409,7.6409,7.6409,7.6409,7.6409,7.6409,7.6409,7.6409,7.6409,7.6409,7.6409,7.6409,7.6409,7.6409,7.6409,7.6409,7.6409,7.6409,7.6409,7.6409,7.6409,7.6409,7.6409
7.6347,7.6347,7.6347,7.6347,7.6347,7.6347,7.6347,7.6347,7.6347,7.6347,7.6347,7.6347,7.6347,7.6347,7.6347,7.6347,7.6347,7.6347,7.6347,7.6347,7.6347,7.6347,7.6347,7.6347,7.6347,7.6347,7.6347,7.6347,7.6347,7.6347,7.6347,7.6347,7.6347,7.6347,7.6347,7.6347,7.6347,7.6347,7.6347,7.6347,7.6347,7.6347,7.6347,7.6347,7.6347,7.6347,7.6347,7.6347,7.6347,7.6347,7.6347,7.6347,7.6347,7.6347,7.6347,7.6347,7.6347,7.6347,7.6347,7.6347,7.6347,7.6347,7.6347,7.6347,7.6347,7.6347,7.6347,7.6347,7.6347,7.6347,7.6347,7.6347,7.6347,7.6347,7.6347,7.6347,7.6347,7.6347,7.6347,7.6347,7.6347,7.6347,7.6347,7.6347,7.6347,7.6347,7.6347,7.6347,7.6347,7.6347,7.6347,7.6347,7.6347,7.6347,7.6347,7.6347,7.6347,7.6347,7.6347,7.6347,7.6347,7.6347,7.6347,7.6347,7.6347,7.6347,7.6347,7.6347,7.6347,7.6347,7.6347,7.6347,7.6347,7.6347,7.6347,7.6347,7.6347,7.6347,7.6347,7.6347,7.6347,7.6347,7.6347,7.6347,7.6347,7.6347,7.6347,7.6347,7.6347,7.6347,7.6347,7.6347,7.6347,7.6347,7.6347,7.6347,7.6347,7.6347,7.6347,7.6347,7.6347,7.6347,7.6347,7.6347,7.6347,7.6347,7.6347,7.6347,7.6347,7.6347,7.6347,7.6347,7.6347,7.6347,7.6347,7.6347,7.6347,7.6347,7.6347,7.6347,7.6347,7.6347,7.6347,7.6347,7.6347,7.6347,7.6347,7.6347,7.6347,7.6347,7.6347,7.6347,7.6347,7.6347,7.6347,7.6347,7.6347,7.6347,7.6347,7.6347,7.6347,7.6347,7.6347,7.6347,7.6347,7.6347,7.6347,7.6347,7.6347,7.6347,7.6347,7.6347,7.6347,7.6347,7.6347,7.6347,7.6347,7.6347,7.6347,7.6347,7.6347,7.6347,7.6347,7.6347,7.6347,7.6347,7.6347,7.6347,7.6347,7.6347,7.6347,7.6347,7.6347,7.6347,7.6347,7.6347,7.6347,7.6347,7.6347,7.6347,7.6347,7.6347,7.6347,7.6347,7.6347,7.6347,7.6347,7.6347,7.6347,7.6347,7.6347,7.6347,7.6347,7.6347,7.6347,7.6347,7.6347,7.6347,7.6347,7.6347,7.6347,7.6347,7.6347,7.6347,7.6347,7.6347,7.6347,7.6347,7.6347,7.6347,7.6347,7.6347,7.6347,7.6347,7.6347,7.6347,7.6347,7.6347,7.6347,7.6347,7.6347,7.6347,7.6347,7.6347,7.6347,7.6347,7.6347,7.6347,7.6347,7.6347,7.6347,7.6347,7.6347,7.6347,7.6347,7.6347,7.6347,7.6347,7.6347,7.6347,7.6347,7.6347,7.6347,7.6347,7.6347,7.6347,7.6347,7.6347,7.6347,7.6347,7.6347,7.6347,7.6347,7.6347,7.6347,7.6347,7.6347,7.6347,7.6347,7.6347,7.6347,7.6347,7.6347,7.6347,7.6347,7.6347,7.6347,7.6347,7.6347,7.6347,7.6347,7.6347,7.6347,7.6347,7.6347,7.6347,7.6347,7.6347,7.6347,7.6347,7.6347,7.6347,7.6347,7.6347,7.6347,7.6347,7.6347,7.6347,7.6347,7.6347,7.6347,7.6347,7.6347,7.6347,7.6347,7.6347,7.6347,7.6347,7.6347,7.6347,7.6347,7.6347,7.6347,7.6347,7.6347,7.6347,7.6347,7.6347,7.6347,7.6347,7.6347,7.6347,7.6347,7.6347,7.6347,7.6347,7.6347,7.6347,7.6347,7.6347,7.6347,7.6347,7.6347,7.6347,7.6347,7.6347,7.6347,7.6347,7.6347,7.6347,7.6347,7.6347,7.6347,7.6347,7.6347,7.6347,7.6347,7.6347,7.6347,7.6347,7.6347,7.6347,7.6347,7.6347,7.6347,7.6347,7.6347,7.6347,7.6347,7.6347,7.6347,7.6347,7.6347,7.6347,7.6347,7.6347,7.6347,7.6347,7.6347,7.6347,7.6347,7.6347,7.6347,7.6347,7.6347,7.6347,7.6347,7.6347,7.6347,7.6347,7.6347,7.6347,7.6347,7.6347,7.6347,7.6347,6.1840,6.1611,6.1384,6.1158,6.0932,6.0703,6.0491,6.0397,6.0304,6.0209,6.0116,6.0049,5.9985,5.9921,5.9857,5.9793,5.9729,5.9665,5.9604,5.9541,5.9475,5.9410,5.9343,5.9278,5.9211,5.9146,5.9109,5.9078,5.9046,5.9017,5.8986,5.8957,5.8926,5.8895,5.8866,5.8835,5.8807,5.8776,5.8745,5.8714,5.8683,5.8651,5.8618,5.8587,5.8554,5.8524,5.8501,5.8481,5.8461,5.8438,5.8420,5.8398,5.8375,5.8365,5.8359,5.8355,5.8347,5.8341,5.8335,5.8331,5.8323,5.8317,5.8310,5.8304,5.8298,5.8292,5.8286,5.8280,5.8274,5.8268,5.8262,5.8256,5.8250,5.8244,5.8238,5.8232,5.8226,5.8220,5.8213,5.8207,5.8201,5.8205,5.8213,5.8222,5.8230,5.8246,5.8266,5.8284,5.8304,5.8325,5.8343,5.8363,5.8381,5.8402,5.8420,5.8440,5.8461,5.8479,5.8499,5.8518,5.8538,5.8556,5.8577,5.8597,5.8616,5.8636,5.8655,5.8675,5.8694,5.8714,5.8735,5.8761,5.8807,5.8852,5.8897,5.8943,5.8988,5.9032,5.9078,5.9123,5.9169,5.9215,5.9261,5.9309,5.9357,5.9416,5.9475,5.9536,5.9598,5.9657,5.9718,5.9780,5.9850,5.9942,6.0039,6.0209,6.0391,6.0574,6.0762,6.0956,6.1145,6.1332,6.1797,7.6347,7.6347,7.6347,7.6347,7.6347,7.6347,7.6347,7.6347,7.6347,7.6347,7.6347,7.6347,7.6347,7.6347,7.6347,7.6347,7.6347,7.6347,7.6347,7.6347,7.6347,7.6347,7.6347,7.6347,7.6347,7.6347,7.6347,7.6347,7.6347,7.6347,7.6347,7.6347,7.6347,7.6347,7.6347,7.6347,7.6347,7.6347,7.6347,7.6347,7.6347,7.6347,7.6347,7.6347,7.6347,7.6347,7.6347,7.6347,7.6347,7.6347,7.6347,7.6347,7.6347,7.6347,7.6347,7.6347,7.6347,7.6347,7.6347,7.6347,7.6347,7.6347,7.6347,7.6347,7.6347,7.6347,7.6347,7.6347,7.6347,7.6347,7.6347,7.6347,7.6347,7.6347,7.6347,7.6347,7.6347,7.6347,7.6347,7.6347,7.6347,7.6347,7.6347,7.6347,7.6347,7.6347,7.6347,7.6347,7.6347,7.6347,7.6347,7.6347,7.6347,7.6347,7.6347,7.6347,7.6347,7.6347,7.6347,7.6347,7.6347,7.6347,7.6347,7.6347,7.6347,7.6347,7.6347,7.6347,7.6347,7.6347,7.6347,7.6347,7.6347,7.6347,7.6347,7.6347,7.6347,7.6347,7.6347,7.6347,7.6347,7.6347,7.6347,7.6347,7.6347,7.6347,7.6347,7.6347,7.6347,7.6347,7.6347,7.6347,7.6347,7.6347,7.6347,7.6347,7.6347,7.6347,7.6347,7.6347,7.6347,7.6347,7.6347,7.6347,7.6347,7.6347,7.6347,7.6347,7.6347,7.6347,7.6347,7.6347,7.6347,7.6347,7.6347,7.6347,7.6347,7.6347,7.6347,7.6347,7.6347,7.6347,7.6347,7.6347,7.6347,7.6347,7.6347,7.6347,7.6347,7.6347,7.6347,7.6347,7.6347,7.6347,7.6347,7.6347,7.6347,7.6347,7.6347,7.6347,7.6347,7.6347,7.6347,7.6347,7.6347,7.6347,7.6347,7.6347,7.6347,7.6347,7.6347,7.6347,7.6347,7.6347,7.6347,7.6347,7.6347,7.6347,7.6347,7.6347,7.6347,7.6347,7.6347,7.6347,7.6347,7.6347,7.6347,7.6347,7.6347,7.6347,7.6347,7.6347,7.6347,7.6347,7.6347,7.6347,7.6347,7.6347,7.6347,7.6347,7.6347,7.6347,7.6347,7.6347,7.6347,7.6347,7.6347,7.6347,7.6347,7.6347,7.6347,7.6347,7.6347,7.6347,7.6347,7.6347,7.6347,7.6347,7.6347,7.6347,7.6347,7.6347,7.6347,7.6347,7.6347,7.6347,7.6347,7.6347,7.6347,7.6347,7.6347,7.6347,7.6347,7.6347,7.6347,7.6347,7.6347,7.6347,7.6347,7.6347,7.6347,7.6347,7.6347,7.6347,7.6347,7.6347,7.6347,7.6347,7.6347,7.6347,7.6347,7.6347,7.6347,7.6347,7.6347,7.6347,7.6347,7.6347,7.6347,7.6347,7.6347,7.6347,7.6347,7.6347,7.6347,7.6347,7.6347,7.6347,7.6347,7.6347,7.6347,7.6347,7.6347,7.6347,7.6347,7.6347,7.6347,7.6347,7.6347,7.6347,7.6347,7.6347,7.6347,7.6347,7.6347,7.6347,7.6347,7.6347,7.6347,7.6347,7.6347,7.6347,7.6347,7.6347,7.6347,7.6347,7.6347,7.6347,7.6347,7.6347,7.6347,7.6347,7.6347,7.6347,7.6347,7.6347,7.6347,7.6347,7.6347,7.6347,7.6347,7.6347,7.6347,7.6347,7.6347,7.6347,7.6347,7.6347,7.6347,7.6347,7.6347,7.6347,7.6347,7.6347,7.6347,7.6347,7.6347,7.6347,7.6347,7.6347,7.6347,7.6347,7.6347,7.6347,7.6347,7.6347,7.6347,7.6347,7.6347,7.6347,7.6347,7.6347,7.6347,7.6347,7.6347,7.6347,7.6347,7.6347,7.6347,7.6347,7.6347,7.6347,7.6347,7.6347,7.6347,7.6347,7.6347,7.6347,7.6347,7.6347,7.6347,7.6347,7.6347,7.6347,7.6347,7.6347,7.6347,7.6347,7.6347,7.6347,7.6347,7.6347,7.6347,7.6347,7.6347,7.6347,7.6347,7.6347,7.6347,7.6347,7.6347
7.6288,7.6288,7.6288,7.6288,7.6288,7.6288,7.6288,7.6288,7.6288,7.6288,7.6288,7.6288,7.6288,7.6288,7.6288,7.6288,7.6288,7.6288,7.6288,7.6288,7.6288,7.6288,7.6288,7.6288,7.6288,7.6288,7.6288,7.6288,7.6288,7.6288,7.6288,7.6288,7.6288,7.6288,7.6288,7.6288,7.6288,7.6288,7.6288,7.6288,7.6288,7.6288,7.6288,7.6288,7.6288,7.6288,7.6288,7.6288,7.6288,7.6288,7.6288,7.6288,7.6288,7.6288,7.6288,7.6288,7.6288,7.6288,7.6288,7.6288,7.6288,7.6288,7.6288,7.6288,7.6288,7.6288,7.6288,7.6288,7.6288,7.6288,7.6288,7.6288,7.6288,7.6288,7.6288,7.6288,7.6288,7.6288,7.6288,7.6288,7.6288,7.6288,7.6288,7.6288,7.6288,7.6288,7.6288,7.6288,7.6288,7.6288,7.6288,7.6288,7.6288,7.6288,7.6288,7.6288,7.6288,7.6288,7.6288,7.6288,7.6288,7.6288,7.6288,7.6288,7.6288,7.6288,7.6288,7.6288,7.6288,7.6288,7.6288,7.6288,7.6288,7.6288,7.6288,7.6288,7.6288,7.6288,7.6288,7.6288,7.6288,7.6288,7.6288,7.6288,7.6288,7.6288,7.6288,7.6288,7.6288,7.6288,7.6288,7.6288,7.6288,7.6288,7.6288,7.6288,7.6288,7.6288,7.6288,7.6288,7.6288,7.6288,7.6288,7.6288,7.6288,7.6288,7.6288,7.6288,7.6288,7.6288,7.6288,7.6288,7.6288,7.6288,7.6288,7.6288,7.6288,7.6288,7.6288,7.6288,7.6288,7.6288,7.6288,7.6288,7.6288,7.6288,7.6288,7.6288,7.6288,7.6288,7.6288,7.6288,7.6288,7.6288,7.6288,7.6288,7.6288,7.6288,7.6288,7.6288,7.6288,7.6288,7.6288,7.6288,7.6288,7.6288,7.6288,7.6288,7.6288,7.6288,7.6288,7.6288,7.6288,7.6288,7.6288,7.6288,7.6288,7.6288,7.6288,7.6288,7.6288,7.6288,7.6288,7.6288,7.6288,7.6288,7.6288,7.6288,7.6288,7.6288,7.6288,7.6288,7.6288,7.6288,7.6288,7.6288,7.6288,7.6288,7.6288,7.6288,7.6288,7.6288,7.6288,7.6288,7.6288,7.6288,7.6288,7.6288,7.6288,7.6288,7.6288,7.6288,7.6288,7.6288,7.6288,7.6288,7.6288,7.6288,7.6288,7.6288,7.6288,7.6288,7.6288,7.6288,7.6288,7.6288,7.6288,7.6288,7.6288,7.6288,7.6288,7.6288,7.6288,7.6288,7.6288,7.6288,7.6288,7.6288,7.6288,7.6288,7.6288,7.6288,7.6288,7.6288,7.6288,7.6288,7.6288,7.6288,7.6288,7.6288,7.6288,7.6288,7.6288,7.6288,7.6288,7.6288,7.6288,7.6288,7.6288,7.6288,7.6288,7.6288,7.6288,7.6288,7.6288,7.6288,7.6288,7.6288,7.6288,7.6288,7.6288,7.6288,7.6288,7.6288,7.6288,7.6288,7.6288,7.6288,7.6288,7.6288,7.6288,7.6288,7.6288,7.6288,7.6288,7.6288,7.6288,7.6288,7.6288,7.6288,7.6288,7.6288,7.6288,7.6288,7.6288,7.6288,7.6288,7.6288,7.6288,7.6288,7.6288,7.6288,7.6288,7.6288,7.6288,7.6288,7.6288,7.6288,7.6288,7.6288,7.6288,7.6288,7.6288,7.6288,7.6288,7.6288,7.6288,7.6288,7.6288,7.6288,7.6288,7.6288,7.6288,7.6288,7.6288,7.6288,7.6288,7.6288,7.6288,7.6288,7.6288,7.6288,7.6288,7.6288,7.6288,7.6288,7.6288,7.6288,7.6288,7.6288,7.6288,7.6288,7.6288,7.6288,7.6288,7.6288,7.6288,7.6288,7.6288,7.6288,7.6288,7.6288,7.6288,7.6288,7.6288,7.6288,7.6288,7.6288,7.6288,7.6288,7.6288,7.6288,7.6288,7.6288,7.6288,7.6288,7.6288,7.6288,7.6288,7.6288,7.6288,7.6288,7.6288,7.6288,7.6288,7.6288,7.6288,7.6288,7.6288,7.6288,7.6288,7.6288,7.6288,7.6288,7.6288,7.6288,7.6288,7.6288,7.6288,7.6288,7.6288,7.6288,7.6288,7.6288,7.6288,6.1909,6.1679,6.1451,6.1225,6.0998,6.0771,6.0543,6.0401,6.0308,6.0215,6.0129,6.0067,6.0000,5.9936,5.9872,5.9808,5.9744,5.9680,5.9617,5.9549,5.9484,5.9416,5.9349,5.9284,5.9217,5.9153,5.9096,5.9067,5.9036,5.9005,5.8976,5.8945,5.8914,5.8885,5.8854,5.8825,5.8794,5.8763,5.8735,5.8704,5.8671,5.8640,5.8608,5.8577,5.8544,5.8514,5.8481,5.8453,5.8430,5.8410,5.8390,5.8369,5.8349,5.8335,5.8325,5.8319,5.8313,5.8306,5.8300,5.8294,5.8288,5.8282,5.8276,5.8270,5.8264,5.8258,5.8252,5.8246,5.8240,5.8234,5.8228,5.8222,5.8215,5.8209,5.8203,5.8197,5.8191,5.8185,5.8179,5.8173,5.8167,5.8161,5.8155,5.8163,5.8171,5.8187,5.8205,5.8226,5.8246,5.8264,5.8284,5.8302,5.8325,5.8341,5.8361,5.8381,5.8400,5.8420,5.8438,5.8459,5.8477,5.8497,5.8518,5.8536,5.8556,5.8575,5.8595,5.8614,5.8634,5.8655,5.8673,5.8694,5.8712,5.8753,5.8798,5.8844,5.8889,5.8935,5.8980,5.9026,5.9069,5.9115,5.9161,5.9207,5.9261,5.9322,5.9381,5.9441,5.9503,5.9562,5.9623,5.9684,5.9744,5.9812,5.9906,5.9998,6.0114,6.0293,6.0475,6.0661,6.0854,6.1047,6.1234,6.1489,7.6288,7.6288,7.6288,7.6288,7.6288,7.6288,7.6288,7.6288,7.6288,7.6288,7.6288,7.6288,7.6288,7.6288,7.6288,7.6288,7.6288,7.6288,7.6288,7.6288,7.6288,7.6288,7.6288,7.6288,7.6288,7.6288,7.6288,7.6288,7.6288,7.6288,7.6288,7.6288,7.6288,7.6288,7.6288,7.6288,7.6288,7.6288,7.6288,7.6288,7.6288,7.6288,7.6288,7.6288,7.6288,7.6288,7.6288,7.6288,7.6288,7.6288,7.6288,7.6288,7.6288,7.6288,7.6288,7.6288,7.6288,7.6288,7.6288,7.6288,7.6288,7.6288,7.6288,7.6288,7.6288,7.6288,7.6288,7.6288,7.6288,7.6288,7.6288,7.6288,7.6288,7.6288,7.6288,7.6288,7.6288,7.6288,7.6288,7.6288,7.6288,7.6288,7.6288,7.6288,7.6288,7.6288,7.6288,7.6288,7.6288,7.6288,7.6288,7.6288,7.6288,7.6288,7.6288,7.6288,7.6288,7.6288,7.6288,7.6288,7.6288,7.6288,7.6288,7.6288,7.6288,7.6288,7.6288,7.6288,7.6288,7.6288,7.6288,7.6288,7.6288,7.6288,7.6288,7.6288,7.6288,7.6288,7.6288,7.6288,7.6288,7.6288,7.6288,7.6288,7.6288,7.6288,7.6288,7.6288,7.6288,7.6288,7.6288,7.6288,7.6288,7.6288,7.6288,7.6288,7.6288,7.6288,7.6288,7.6288,7.6288,7.6288,7.6288,7.6288,7.6288,7.6288,7.6288,7.6288,7.6288,7.6288,7.6288,7.6288,7.6288,7.6288,7.6288,7.6288,7.6288,7.6288,7.6288,7.6288,7.6288,7.6288,7.6288,7.6288,7.6288,7.6288,7.6288,7.6288,7.6288,7.6288,7.6288,7.6288,7.6288,7.6288,7.6288,7.6288,7.6288,7.6288,7.6288,7.6288,7.6288,7.6288,7.6288,7.6288,7.6288,7.6288,7.6288,7.6288,7.6288,7.6288,7.6288,7.6288,7.6288,7.6288,7.6288,7.6288,7.6288,7.6288,7.6288,7.6288,7.6288,7.6288,7.6288,7.6288,7.6288,7.6288,7.6288,7.6288,7.6288,7.6288,7.6288,7.6288,7.6288,7.6288,7.6288,7.6288,7.6288,7.6288,7.6288,7.6288,7.6288,7.6288,7.6288,7.6288,7.6288,7.6288,7.6288,7.6288,7.6288,7.6288,7.6288,7.6288,7.6288,7.6288,7.6288,7.6288,7.6288,7.6288,7.6288,7.6288,7.6288,7.6288,7.6288,7.6288,7.6288,7.6288,7.6288,7.6288,7.6288,7.6288,7.6288,7.6288,7.6288,7.6288,7.6288,7.6288,7.6288,7.6288,7.6288,7.6288,7.6288,7.6288,7.6288,7.6288,7.6288,7.6288,7.6288,7.6288,7.6288,7.6288,7.6288,7.6288,7.6288,7.6288,7.6288,7.6288,7.6288,7.6288,7.6288,7.6288,7.6288,7.6288,7.6288,7.6288,7.6288,7.6288,7.6288,7.6288,7.6288,7.6288,7.6288,7.6288,7.6288,7.6288,7.6288,7.6288,7.6288,7.6288,7.6288,7.6288,7.6288,7.6288,7.6288,7.6288,7.6288,7.6288,7.6288,7.6288,7.6288,7.6288,7.6288,7.6288,7.6288,7.6288,7.6288,7.6288,7.6288,7.6288,7.6288,7.6288,7.6288,7.6288,7.6288,7.6288,7.6288,7.6288,7.6288,7.6288,7.6288,7.6288,7.6288,7.6288,7.6288,7.6288,7.6288,7.6288,7.6288,7.6288,7.6288,7.6288,7.6288,7.6288,7.6288,7.6288,7.6288,7.6281,7.6281,7.6281,7.6281,7.6281,7.6281,7.6281,7.6281,7.6281,7.6281,7.6281,7.6281,7.6281,7.6281,7.6281,7.6281,7.6281,7.6281,7.6281,7.6281,7.6281,7.6281,7.6281,7.6281,7.6281,7.6281,7.6281,7.6281,7.6281,7.6281,7.6281,7.6281,7.6281,7.6281,7.6281,7.6281,7.6281,7.6281,7.6281,7.6281,7.6281,7.6281,7.6281,7.6281,7.6281,7.6281,7.6281,7.6281,7.6281,7.6281,7.6281,7.6281,7.6281,7.6281,7.6281,7.6281
7.6215,7.6215,7.6215,7.6215,7.6215,7.6215,7.6215,7.6215,7.6215,7.6215,7.6215,7.6215,7.6215,7.6215,7.6215,7.6215,7.6215,7.6215,7.6215,7.6215,7.6215,7.6215,7.6215,7.6215,7.6215,7.6215,7.6215,7.6215,7.6215,7.6215,7.6215,7.6215,7.6215,7.6215,7.6215,7.6215,7.6215,7.6215,7.6215,7.6215,7.6215,7.6215,7.6215,7.6215,7.6215,7.6215,7.6215,7.6215,7.6215,7.6215,7.6215,7.6215,7.6215,7.6215,7.6215,7.6215,7.6215,7.6215,7.6215,7.6215,7.6215,7.6215,7.6215,7.6215,7.6215,7.6215,7.6215,7.6215,7.6215,7.6215,7.6215,7.6215,7.6215,7.6215,7.6215,7.6215,7.6215,7.6215,7.6215,7.6215,7.6215,7.6215,7.6215,7.6215,7.6215,7.6215,7.6215,7.6215,7.6215,7.6215,7.6215,7.6215,7.6215,7.6215,7.6215,7.6215,7.6215,7.6215,7.6215,7.6215,7.6215,7.6215,7.6215,7.6215,7.6215,7.6215,7.6215,7.6215,7.6215,7.6215,7.6215,7.6215,7.6215,7.6215,7.6215,7.6215,7.6215,7.6215,7.6215,7.6215,7.6215,7.6215,7.6215,7.6215,7.6215,7.6215,7.6215,7.6215,7.6215,7.6215,7.6215,7.6215,7.6215,7.6215,7.6215,7.6215,7.6215,7.6215,7.6215,7.6215,7.6215,7.6215,7.6215,7.6215,7.6215,7.6215,7.6215,7.6215,7.6215,7.6215,7.6215,7.6215,7.6215,7.6215,7.6215,7.6215,7.6215,7.6215,7.6215,7.6215,7.6215,7.6215,7.6222,7.6222,7.6222,7.6222,7.6222,7.6222,7.6222,7.6222,7.6222,7.6222,7.6222,7.6222,7.6222,7.6222,7.6222,7.6222,7.6222,7.6222,7.6222,7.6222,7.6222,7.6222,7.6222,7.6222,7.6222,7.6222,7.6222,7.6222,7.6222,7.6222,7.6222,7.6222,7.6222,7.6222,7.6222,7.6222,7.6222,7.6222,7.6222,7.6222,7.6222,7.6222,7.6222,7.6222,7.6222,7.6222,7.6222,7.6222,7.6222,7.6222,7.6222,7.6222,7.6222,7.6222,7.6222,7.6222,7.6222,7.6222,7.6222,7.6222,7.6222,7.6222,7.6222,7.6222,7.6222,7.6222,7.6222,7.6222,7.6222,7.6222,7.6222,7.6222,7.6222,7.6222,7.6222,7.6222,7.6222,7.6222,7.6222,7.6222,7.6222,7.6222,7.6222,7.6222,7.6222,7.6222,7.6222,7.6222,7.6222,7.6222,7.6222,7.6222,7.6222,7.6222,7.6222,7.6222,7.6222,7.6222,7.6222,7.6222,7.6222,7.6222,7.6222,7.6222,7.6222,7.6222,7.6222,7.6222,7.6222,7.6222,7.6222,7.6222,7.6222,7.6222,7.6222,7.6222,7.6222,7.6222,7.6222,7.6222,7.6222,7.6222,7.6222,7.6222,7.6222,7.6222,7.6222,7.6222,7.6222,7.6222,7.6222,7.6222,7.6222,7.6222,7.6222,7.6222,7.6222,7.6222,7.6222,7.6222,7.6222,7.6222,7.6222,7.6222,7.6222,7.6222,7.6222,7.6222,7.6222,7.6222,7.6222,7.6222,7.6222,7.6222,7.6222,7.6222,7.6222,7.6222,7.6222,7.6222,7.6222,7.6222,7.6222,7.6222,7.6222,7.6222,7.6222,7.6222,7.6222,7.6222,7.6222,7.6222,7.6222,7.6222,7.6222,7.6222,7.6222,7.6222,7.6222,7.6222,7.6222,7.6222,7.6222,7.6222,7.6222,7.6222,7.6222,7.6222,7.6222,7.6222,7.6222,7.6222,7.6222,7.6222,7.6222,7.6222,7.6222,7.6222,7.6222,7.6222,7.6222,7.6222,7.6222,7.6222,7.6222,7.6222,7.6222,7.6222,7.6222,7.6222,7.6222,7.6222,7.6222,7.6222,7.6222,7.6222,7.6222,7.6222,7.6222,7.6222,7.6222,7.6222,7.6222,7.6222,7.6222,7.6222,7.6222,7.6222,7.6222,7.6222,7.6222,7.6222,7.6222,7.6222,7.6222,7.6222,7.6222,7.6222,7.6222,7.6222,7.6222,7.6222,7.6222,7.6222,7.6222,7.6222,7.6222,7.6222,7.6222,7.6222,7.6222,7.6222,6.1977,6.1747,6.1519,6.1292,6.1067,6.0837,6.0611,6.0406,6.0312,6.0219,6.0144,6.0079,6.0015,5.9951,5.9887,5.9823,5.9757,5.9689,5.9623,5.9555,5.9490,5.9423,5.9355,5.9290,5.9223,5.9159,5.9092,5.9055,5.9026,5.8995,5.8964,5.8933,5.8904,5.8873,5.8844,5.8813,5.8782,5.8753,5.8722,5.8694,5.8661,5.8630,5.8597,5.8567,5.8534,5.8503,5.8471,5.8440,5.8408,5.8381,5.8359,5.8339,5.8319,5.8298,5.8290,5.8284,5.8278,5.8272,5.8266,5.8260,5.8254,5.8248,5.8242,5.8236,5.8230,5.8224,5.8218,5.8211,5.8205,5.8199,5.8193,5.8187,5.8181,5.8175,5.8169,5.8163,5.8157,5.8151,5.8145,5.8139,5.8133,5.8127,5.8121,5.8115,5.8115,5.8127,5.8147,5.8167,5.8185,5.8205,5.8224,5.8244,5.8262,5.8282,5.8302,5.8321,5.8341,5.8361,5.8379,5.8398,5.8418,5.8438,5.8457,5.8477,5.8495,5.8516,5.8534,5.8554,5.8575,5.8593,5.8614,5.8632,5.8653,5.8671,5.8702,5.8745,5.8790,5.8835,5.8881,5.8926,5.8972,5.9017,5.9061,5.9115,5.9173,5.9230,5.9288,5.9347,5.9408,5.9467,5.9528,5.9589,5.9648,5.9710,5.9776,5.9867,5.9961,6.0054,6.0198,6.0378,6.0560,6.0753,6.0947,6.1138,6.1326,7.6222,7.6222,7.6222,7.6222,7.6222,7.6222,7.6222,7.6222,7.6222,7.6222,7.6222,7.6222,7.6222,7.6222,7.6222,7.6222,7.6222,7.6222,7.6222,7.6222,7.6222,7.6222,7.6222,7.6222,7.6222,7.6222,7.6222,7.6222,7.6222,7.6222,7.6222,7.6222,7.6222,7.6222,7.6222,7.6222,7.6222,7.6222,7.6222,7.6222,7.6222,7.6222,7.6222,7.6222,7.6222,7.6222,7.6222,7.6222,7.6222,7.6222,7.6222,7.6222,7.6222,7.6222,7.6222,7.6222,7.6222,7.6222,7.6222,7.6222,7.6222,7.6222,7.6222,7.6222,7.6222,7.6222,7.6222,7.6222,7.6222,7.6222,7.6222,7.6222,7.6222,7.6222,7.6222,7.6222,7.6222,7.6222,7.6222,7.6222,7.6222,7.6222,7.6222,7.6222,7.6222,7.6222,7.6222,7.6222,7.6222,7.6222,7.6222,7.6222,7.6222,7.6222,7.6222,7.6222,7.6222,7.6222,7.6222,7.6222,7.6222,7.6222,7.6222,7.6222,7.6222,7.6222,7.6222,7.6222,7.6222,7.6222,7.6222,7.6222,7.6222,7.6222,7.6222,7.6222,7.6222,7.6222,7.6222,7.6222,7.6222,7.6222,7.6222,7.6222,7.6222,7.6222,7.6222,7.6222,7.6222,7.6222,7.6222,7.6222,7.6222,7.6222,7.6222,7.6222,7.6222,7.6222,7.6222,7.6222,7.6222,7.6222,7.6222,7.6222,7.6222,7.6222,7.6222,7.6222,7.6222,7.6222,7.6222,7.6222,7.6222,7.6222,7.6222,7.6222,7.6222,7.6222,7.6222,7.6222,7.6222,7.6222,7.6222,7.6222,7.6222,7.6222,7.6222,7.6222,7.6222,7.6222,7.6222,7.6222,7.6222,7.6222,7.6222,7.6222,7.6222,7.6222,7.6222,7.6222,7.6222,7.6222,7.6222,7.6222,7.6222,7.6222,7.6222,7.6222,7.6222,7.6222,7.6222,7.6222,7.6222,7.6222,7.6222,7.6222,7.6222,7.6222,7.6222,7.6222,7.6222,7.6222,7.6222,7.6222,7.6222,7.6222,7.6222,7.6222,7.6222,7.6222,7.6222,7.6222,7.6222,7.6222,7.6222,7.6222,7.6222,7.6222,7.6222,7.6222,7.6222,7.6222,7.6222,7.6222,7.6222,7.6222,7.6222,7.6222,7.6222,7.6222,7.6222,7.6222,7.6222,7.6222,7.6222,7.6222,7.6222,7.6222,7.6222,7.6222,7.6222,7.6222,7.6222,7.6222,7.6222,7.6222,7.6222,7.6222,7.6222,7.6222,7.6222,7.6222,7.6222,7.6222,7.6222,7.6222,7.6222,7.6222,7.6222,7.6222,7.6222,7.6222,7.6222,7.6222,7.6222,7.6222,7.6222,7.6222,7.6222,7.6222,7.6222,7.6222,7.6222,7.6222,7.6222,7.6222,7.6222,7.6222,7.6222,7.6222,7.6222,7.6222,7.6222,7.6222,7.6222,7.6222,7.6222,7.6222,7.6222,7.6222,7.6222,7.6222,7.6222,7.6222,7.6222,7.6222,7.6222,7.6222,7.6222,7.6222,7.6222,7.6222,7.6222,7.6222,7.6222,7.6222,7.6222,7.6222,7.6222,7.6222,7.6222,7.6222,7.6222,7.6222,7.6222,7.6222,7.6222,7.6222,7.6222,7.6222,7.6222,7.6222,7.6222,7.6222,7.6222,7.6222,7.6222,7.6222,7.6222,7.6222,7.6222,7.6222,7.6222,7.6222,7.6222,7.6222,7.6222,7.6222,7.6222,7.6222,7.6222,7.6222,7.6222,7.6222,7.6222,7.6222,7.6222,7.6222,7.6222,7.6222,7.6222,7.6222,7.6222,7.6222,7.6222,7.6222,7.6222,7.6222,7.6222,7.6222,7.6222,7.6222,7.6222,7.6222,7.6222,7.6222,7.6222,7.6222,7.6222,7.6222,7.6222,7.6222,7.6222,7.6222,7.6222,7.6222,7.6222,7.6222,7.6222,7.6222,7.6222,7.6222,7.6222,7.6222,7.6222,7.6222,7.6222,7.6222,7.6222,7.6222,7.6222,7.6222,7.6222,7.6222,7.6222,7.6222,7.6222,7.6222,7.6222,7.6222,7.6222
7.6149,7.6149,7.6149,7.6149,7.6149,7.6149,7.6149,7.6149,7.6149,7.6149,7.6149,7.6149,7.6149,7.6149,7.6149,7.6149,7.6149,7.6149,7.6149,7.6149,7.6149,7.6149,7.6149,7.6149,7.6149,7.6149,7.6149,7.6149,7.6149,7.6149,7.6149,7.6149,7.6149,7.6149,7.6149,7.6149,7.6149,7.6149,7.6149,7.6149,7.6149,7.6149,7.6149,7.6149,7.6149,7.6149,7.6149,7.6149,7.6149,7.6149,7.6149,7.6149,7.6149,7.6149,7.6149,7.6149,7.6149,7.6149,7.6149,7.6149,7.6149,7.6149,7.6149,7.6149,7.6149,7.6149,7.6149,7.6149,7.6149,7.6149,7.6149,7.6149,7.6149,7.6149,7.6149,7.6149,7.6149,7.6149,7.6149,7.6149,7.6149,7.6149,7.6149,7.6149,7.6149,7.6149,7.6149,7.6149,7.6149,7.6149,7.6149,7.6149,7.6149,7.6149,7.6149,7.6149,7.6149,7.6149,7.6149,7.6149,7.6149,7.6149,7.6149,7.6149,7.6149,7.6149,7.6149,7.6149,7.6149,7.6149,7.6149,7.6149,7.6149,7.6149,7.6149,7.6149,7.6149,7.6149,7.6149,7.6149,7.6149,7.6149,7.6149,7.6149,7.6149,7.6149,7.6149,7.6149,7.6149,7.6149,7.6149,7.6149,7.6149,7.6149,7.6149,7.6149,7.6149,7.6149,7.6149,7.6149,7.6149,7.6149,7.6149,7.6149,7.6149,7.6149,7.6149,7.6149,7.6149,7.6149,7.6149,7.6149,7.6149,7.6149,7.6149,7.6149,7.6149,7.6149,7.6149,7.6149,7.6149,7.6149,7.6149,7.6149,7.6149,7.6149,7.6149,7.6149,7.6149,7.6149,7.6149,7.6149,7.6149,7.6149,7.6149,7.6149,7.6149,7.6149,7.6149,7.6149,7.6149,7.6149,7.6149,7.6149,7.6149,7.6149,7.6149,7.6149,7.6149,7.6149,7.6149,7.6149,7.6149,7.6149,7.6149,7.6149,7.6149,7.6149,7.6149,7.6149,7.6149,7.6149,7.6149,7.6149,7.6149,7.6149,7.6149,7.6149,7.6149,7.6149,7.6149,7.6149,7.6149,7.6149,7.6149,7.6149,7.6149,7.6149,7.6149,7.6149,7.6149,7.6149,7.6149,7.6149,7.6149,7.6149,7.6149,7.6149,7.6149,7.6149,7.6149,7.6149,7.6149,7.6149,7.6149,7.6149,7.6149,7.6149,7.6149,7.6149,7.6149,7.6149,7.6149,7.6149,7.6149,7.6149,7.6149,7.6149,7.6149,7.6149,7.6149,7.6149,7.6149,7.6149,7.6149,7.6149,7.6149,7.6149,7.6149,7.6149,7.6149,7.6149,7.6149,7.6149,7.6149,7.6149,7.6149,7.6149,7.6149,7.6149,7.6149,7.6149,7.6149,7.6149,7.6149,7.6149,7.6149,7.6149,7.6149,7.6149,7.6149,7.6149,7.6149,7.6149,7.6149,7.6149,7.6149,7.6149,7.6149,7.6149,7.6149,7.6149,7.6149,7.6149,7.6149,7.6149,7.6149,7.6149,7.6149,7.6149,7.6149,7.6149,7.6149,7.6149,7.6149,7.6149,7.6149,7.6149,7.6149,7.6149,7.6149,7.6149,7.6149,7.6149,7.6149,7.6149,7.6149,7.6149,7.6149,7.6149,7.6149,7.6149,7.6149,7.6149,7.6149,7.6149,7.6149,7.6149,7.6149,7.6149,7.6149,7.6149,7.6149,7.6149,7.6149,7.6149,7.6149,7.6149,7.6149,7.6149,7.6149,7.6149,7.6149,7.6149,7.6149,7.6149,7.6149,7.6149,7.6149,7.6149,7.6149,7.6149,7.6149,7.6149,7.6149,7.6149,7.6149,7.6149,7.6149,7.6149,7.6149,7.6149,7.6149,7.6149,7.6149,7.6149,7.6149,7.6149,7.6149,7.6149,7.6149,7.6149,7.6149,7.6149,7.6149,7.6149,7.6149,7.6149,7.6149,7.6149,7.6149,7.6149,7.6149,7.6149,7.6149,7.6149,7.6149,7.6149,7.6149,7.6149,7.6149,7.6149,7.6149,7.6149,7.6149,7.6149,7.6149,7.6149,7.6149,7.6149,7.6149,7.6149,7.6149,7.6149,7.6149,7.6149,7.6149,7.6149,7.6149,7.6149,7.6149,7.6149,7.6149,6.2046,6.1815,6.1586,6.1359,6.1134,6.0905,6.0676,6.0449,6.0317,6.0224,6.0159,6.0094,6.0032,5.9966,5.9897,5.9831,5.9763,5.9697,5.9629,5.9562,5.9496,5.9429,5.9364,5.9297,5.9230,5.9165,5.9098,5.9044,5.9013,5.8984,5.8953,5.8922,5.8891,5.8862,5.8831,5.8803,5.8772,5.8741,5.8712,5.8681,5.8651,5.8620,5.8587,5.8556,5.8524,5.8493,5.8461,5.8430,5.8398,5.8365,5.8337,5.8310,5.8288,5.8268,5.8256,5.8250,5.8244,5.8238,5.8232,5.8226,5.8220,5.8213,5.8207,5.8201,5.8195,5.8189,5.8183,5.8177,5.8171,5.8165,5.8159,5.8153,5.8147,5.8141,5.8135,5.8129,5.8123,5.8117,5.8111,5.8107,5.8103,5.8097,5.8093,5.8089,5.8085,5.8083,5.8097,5.8113,5.8131,5.8147,5.8165,5.8183,5.8203,5.8224,5.8242,5.8262,5.8280,5.8300,5.8319,5.8341,5.8361,5.8377,5.8398,5.8416,5.8436,5.8455,5.8475,5.8495,5.8514,5.8534,5.8552,5.8573,5.8591,5.8612,5.8632,5.8651,5.8694,5.8739,5.8782,5.8827,5.8873,5.8918,5.8972,5.9028,5.9084,5.9140,5.9198,5.9255,5.9313,5.9372,5.9433,5.9494,5.9553,5.9615,5.9676,5.9740,5.9831,5.9923,6.0017,6.0110,6.0282,6.0462,6.0652,6.0846,6.1040,6.1227,6.1747,7.6149,7.6149,7.6149,7.6149,7.6149,7.6149,7.6149,7.6149,7.6149,7.6149,7.6149,7.6149,7.6149,7.6149,7.6149,7.6149,7.6149,7.6149,7.6149,7.6149,7.6149,7.6149,7.6149,7.6156,7.6156,7.6156,7.6156,7.6156,7.6156,7.6156,7.6156,7.6156,7.6156,7.6156,7.6156,7.6156,7.6156,7.6156,7.6156,7.6156,7.6156,7.6156,7.6156,7.6156,7.6156,7.6156,7.6156,7.6156,7.6156,7.6156,7.6156,7.6156,7.6156,7.6156,7.6156,7.6156,7.6156,7.6156,7.6156,7.6156,7.6156,7.6156,7.6156,7.6156,7.6156,7.6156,7.6156,7.6156,7.6156,7.6156,7.6156,7.6156,7.6156,7.6156,7.6156,7.6156,7.6156,7.6156,7.6156,7.6156,7.6156,7.6156,7.6156,7.6156,7.6156,7.6156,7.6156,7.6156,7.6156,7.6156,7.6156,7.6156,7.6156,7.6156,7.6156,7.6156,7.6156,7.6156,7.6156,7.6156,7.6156,7.6156,7.6156,7.6156,7.6156,7.6156,7.6156,7.6156,7.6156,7.6156,7.6156,7.6156,7.6156,7.6156,7.6156,7.6156,7.6156,7.6156,7.6156,7.6156,7.6156,7.6156,7.6156,7.6156,7.6156,7.6156,7.6156,7.6156,7.6156,7.6156,7.6156,7.6156,7.6156,7.6156,7.6156,7.6156,7.6156,7.6156,7.6156,7.6156,7.6156,7.6156,7.6156,7.6156,7.6156,7.6156,7.6156,7.6156,7.6156,7.6156,7.6156,7.6156,7.6156,7.6156,7.6156,7.6156,7.6156,7.6156,7.6156,7.6156,7.6156,7.6156,7.6156,7.6156,7.6156,7.6156,7.6156,7.6156,7.6156,7.6156,7.6156,7.6156,7.6156,7.6156,7.6156,7.6156,7.6156,7.6156,7.6156,7.6156,7.6156,7.6156,7.6156,7.6156,7.6156,7.6156,7.6156,7.6156,7.6156,7.6156,7.6156,7.6156,7.6156,7.6156,7.6156,7.6156,7.6156,7.6156,7.6156,7.6156,7.6156,7.6156,7.6156,7.6156,7.6156,7.6156,7.6156,7.6156,7.6156,7.6156,7.6156,7.6156,7.6156,7.6156,7.6156,7.6156,7.6156,7.6156,7.6156,7.6156,7.6156,7.6156,7.6156,7.6156,7.6156,7.6156,7.6156,7.6156,7.6156,7.6156,7.6156,7.6156,7.6156,7.6156,7.6156,7.6156,7.6156,7.6156,7.6156,7.6156,7.6156,7.6156,7.6156,7.6156,7.6156,7.6156,7.6156,7.6156,7.6156,7.6156,7.6156,7.6156,7.6156,7.6156,7.6156,7.6156,7.6156,7.6156,7.6156,7.6156,7.6156,7.6156,7.6156,7.6156,7.6156,7.6156,7.6156,7.6156,7.6156,7.6156,7.6156,7.6156,7.6156,7.6156,7.6156,7.6156,7.6156,7.6156,7.6156,7.6156,7.6156,7.6156,7.6156,7.6156,7.6156,7.6156,7.6156,7.6156,7.6156,7.6156,7.6156,7.6156,7.6156,7.6156,7.6156,7.6156,7.6156,7.6156,7.6156,7.6156,7.6156,7.6156,7.6156,7.6156,7.6156,7.6156,7.6156,7.6156,7.6156,7.6156,7.6156,7.6156,7.6156,7.6156,7.6156,7.6156,7.6156,7.6156,7.6156,7.6156,7.6156,7.6156,7.6156,7.6156,7.6156,7.6156,7.6156,7.6156,7.6156,7.6156,7.6156,7.6156,7.6156,7.6156,7.6156,7.6156,7.6156,7.6156,7.6156,7.6156,7.6156,7.6156,7.6156,7.6156,7.6156,7.6156,7.6156,7.6156,7.6156,7.6156,7.6156,7.6156,7.6156,7.6156,7.6156,7.6156,7.6156,7.6156,7.6156,7.6156,7.6156,7.6156,7.6156,7.6156,7.6156,7.6156,7.6156,7.6156,7.6156,7.6156,7.6156,7.6156,7.6156,7.6156,7.6156,7.6156,7.6156,7.6156,7.6156,7.6156,7.6156,7.6156,7.6156,7.6156,7.6156,7.6156,7.6156,7.6156,7.6156,7.6156,7.6156,7.6156,7.6156,7.6156,7.6156,7.6156,7.6156,7.6156,7.6156,7.6156
7.6087,7.6087,7.6087,7.6087,7.6087,7.6087,7.6087,7.6087,7.6087,7.6087,7.6087,7.6087,7.6087,7.6087,7.6087,7.6087,7.6087,7.6087,7.6087,7.6087,7.6087,7.6087,7.6087,7.6087,7.6087,7.6087,7.6087,7.6087,7.6087,7.6087,7.6087,7.6087,7.6087,7.6087,7.6087,7.6087,7.6087,7.6087,7.6087,7.6087,7.6087,7.6087,7.6087,7.6087,7.6087,7.6087,7.6087,7.6087,7.6087,7.6087,7.6087,7.6087,7.6087,7.6087,7.6087,7.6087,7.6087,7.6087,7.6087,7.6087,7.6087,7.6087,7.6087,7.6087,7.6087,7.6087,7.6087,7.6087,7.6087,7.6087,7.6087,7.6087,7.6087,7.6087,7.6087,7.6087,7.6087,7.6087,7.6087,7.6087,7.6087,7.6087,7.6087,7.6087,7.6087,7.6087,7.6087,7.6087,7.6087,7.6087,7.6087,7.6087,7.6087,7.6087,7.6087,7.6087,7.6087,7.6087,7.6087,7.6087,7.6087,7.6087,7.6087,7.6087,7.6087,7.6087,7.6087,7.6087,7.6087,7.6087,7.6087,7.6087,7.6087,7.6087,7.6087,7.6087,7.6087,7.6087,7.6087,7.6087,7.6087,7.6087,7.6087,7.6087,7.6087,7.6087,7.6087,7.6087,7.6087,7.6087,7.6087,7.6087,7.6087,7.6087,7.6087,7.6087,7.6087,7.6087,7.6087,7.6087,7.6087,7.6087,7.6087,7.6087,7.6087,7.6087,7.6087,7.6087,7.6087,7.6087,7.6087,7.6087,7.6087,7.6087,7.6087,7.6087,7.6087,7.6087,7.6087,7.6087,7.6087,7.6087,7.6087,7.6087,7.6087,7.6087,7.6087,7.6087,7.6087,7.6087,7.6087,7.6087,7.6087,7.6087,7.6087,7.6087,7.6087,7.6087,7.6087,7.6087,7.6087,7.6087,7.6087,7.6087,7.6087,7.6087,7.6087,7.6087,7.6087,7.6087,7.6087,7.6087,7.6087,7.6087,7.6087,7.6087,7.6087,7.6087,7.6087,7.6087,7.6087,7.6087,7.6087,7.6087,7.6087,7.6087,7.6087,7.6087,7.6087,7.6087,7.6087,7.6087,7.6087,7.6087,7.6091,7.6091,7.6091,7.6091,7.6091,7.6091,7.6091,7.6091,7.6091,7.6091,7.6091,7.6091,7.6091,7.6091,7.6091,7.6091,7.6091,7.6091,7.6091,7.6091,7.6091,7.6091,7.6091,7.6091,7.6091,7.6091,7.6091,7.6091,7.6091,7.6091,7.6091,7.6091,7.6091,7.6091,7.6091,7.6091,7.6091,7.6091,7.6091,7.6091,7.6091,7.6091,7.6091,7.6091,7.6091,7.6091,7.6091,7.6091,7.6091,7.6091,7.6091,7.6091,7.6091,7.6091,7.6091,7.6091,7.6091,7.6091,7.6091,7.6091,7.6091,7.6091,7.6091,7.6091,7.6091,7.6091,7.6091,7.6091,7.6091,7.6091,7.6091,7.6091,7.6091,7.6091,7.6091,7.6091,7.6091,7.6091,7.6091,7.6091,7.6091,7.6091,7.6091,7.6091,7.6091,7.6091,7.6091,7.6091,7.6091,7.6091,7.6091,7.6091,7.6091,7.6091,7.6091,7.6091,7.6091,7.6091,7.6091,7.6091,7.6091,7.6091,7.6091,7.6091,7.6091,7.6091,7.6091,7.6091,7.6091,7.6091,7.6091,7.6091,7.6091,7.6091,7.6091,7.6091,7.6091,7.6091,7.6091,7.6091,7.6091,7.6091,7.6091,7.6091,7.6091,7.6091,7.6091,7.6091,7.6091,7.6091,7.6091,7.6091,7.6091,7.6091,7.6091,7.6091,7.6091,7.6091,7.6091,7.6091,7.6091,7.6091,7.6091,7.6091,7.6091,7.6091,7.6091,7.6091,7.6091,7.6091,7.6091,7.6091,7.6091,7.6091,7.6091,7.6091,7.6091,7.6091,7.6091,7.6091,7.6091,7.6091,7.6091,7.6091,7.6091,7.6091,7.6091,7.6091,7.6091,7.6091,7.6091,7.6091,7.6091,7.6091,7.6091,7.6091,7.6091,7.6091,7.6091,7.6091,7.6091,7.6091,7.6091,7.6091,7.6091,7.6091,7.6091,7.6091,7.6091,7.6091,7.6091,7.6091,7.6091,7.6091,7.6091,7.6091,7.6091,7.6091,7.6091,6.1918,6.1672,6.1429,6.1203,6.0972,6.0744,6.0517,6.0321,6.0239,6.0174,6.0107,6.0041,5.9972,5.9904,5.9838,5.9769,5.9704,5.9636,5.9568,5.9503,5.9435,5.9370,5.9303,5.9236,5.9171,5.9105,5.9040,5.9003,5.8972,5.8941,5.8912,5.8881,5.8850,5.8821,5.8790,5.8759,5.8731,5.8700,5.8671,5.8640,5.8610,5.8577,5.8546,5.8514,5.8483,5.8451,5.8420,5.8388,5.8355,5.8325,5.8292,5.8262,5.8240,5.8224,5.8215,5.8209,5.8203,5.8197,5.8191,5.8185,5.8179,5.8173,5.8167,5.8163,5.8157,5.8151,5.8145,5.8139,5.8135,5.8131,5.8127,5.8123,5.8119,5.8115,5.8109,5.8105,5.8101,5.8097,5.8093,5.8089,5.8085,5.8081,5.8075,5.8071,5.8067,5.8071,5.8079,5.8095,5.8111,5.8129,5.8145,5.8163,5.8181,5.8197,5.8215,5.8232,5.8250,5.8266,5.8284,5.8302,5.8319,5.8337,5.8357,5.8379,5.8396,5.8416,5.8434,5.8455,5.8473,5.8493,5.8512,5.8532,5.8552,5.8571,5.8591,5.8610,5.8640,5.8685,5.8731,5.8774,5.8827,5.8883,5.8939,5.8997,5.9053,5.9109,5.9165,5.9223,5.9280,5.9339,5.9399,5.9458,5.9519,5.9581,5.9640,5.9701,5.9795,5.9887,5.9979,6.0073,6.0185,6.0367,6.0552,6.0744,6.0938,6.1131,6.1442,7.6091,7.6091,7.6091,7.6091,7.6091,7.6091,7.6091,7.6091,7.6091,7.6091,7.6091,7.6091,7.6091,7.6091,7.6091,7.6091,7.6091,7.6091,7.6091,7.6091,7.6091,7.6091,7.6091,7.6091,7.6091,7.6091,7.6091,7.6091,7.6091,7.6091,7.6091,7.6091,7.6091,7.6091,7.6091,7.6091,7.6091,7.6091,7.6091,7.6091,7.6091,7.6091,7.6091,7.6091,7.6091,7.6091,7.6091,7.6091,7.6091,7.6091,7.6091,7.6091,7.6091,7.6091,7.6091,7.6091,7.6091,7.6091,7.6091,7.6091,7.6091,7.6091,7.6091,7.6091,7.6091,7.6091,7.6091,7.6091,7.6091,7.6091,7.6091,7.6091,7.6091,7.6091,7.6091,7.6091,7.6091,7.6091,7.6091,7.6091,7.6091,7.6091,7.6091,7.6091,7.6091,7.6091,7.6091,7.6091,7.6091,7.6091,7.6091,7.6091,7.6091,7.6091,7.6091,7.6091,7.6091,7.6091,7.6091,7.6091,7.6091,7.6091,7.6091,7.6091,7.6091,7.6091,7.6091,7.6091,7.6091,7.6091,7.6091,7.6091,7.6091,7.6091,7.6091,7.6091,7.6091,7.6091,7.6091,7.6091,7.6091,7.6091,7.6091,7.6091,7.6091,7.6091,7.6091,7.6091,7.6091,7.6091,7.6091,7.6091,7.6091,7.6091,7.6091,7.6091,7.6091,7.6091,7.6091,7.6091,7.6091,7.6091,7.6091,7.6091,7.6091,7.6091,7.6091,7.6091,7.6091,7.6091,7.6091,7.6091,7.6091,7.6091,7.6091,7.6091,7.6091,7.6091,7.6091,7.6091,7.6091,7.6091,7.6091,7.6091,7.6091,7.6091,7.6091,7.6091,7.6091,7.6091,7.6091,7.6091,7.6091,7.6091,7.6091,7.6091,7.6091,7.6091,7.6091,7.6091,7.6091,7.6091,7.6091,7.6091,7.6091,7.6091,7.6091,7.6091,7.6091,7.6091,7.6091,7.6091,7.6091,7.6091,7.6091,7.6091,7.6091,7.6091,7.6091,7.6091,7.6091,7.6091,7.6091,7.6091,7.6091,7.6091,7.6091,7.6091,7.6091,7.6091,7.6091,7.6091,7.6091,7.6091,7.6091,7.6091,7.6091,7.6091,7.6091,7.6091,7.6091,7.6091,7.6091,7.6091,7.6091,7.6091,7.6091,7.6091,7.6091,7.6091,7.6091,7.6091,7.6091,7.6091,7.6091,7.6091,7.6091,7.6091,7.6091,7.6091,7.6091,7.6091,7.6091,7.6091,7.6091,7.6091,7.6091,7.6091,7.6091,7.6091,7.6091,7.6091,7.6091,7.6091,7.6091,7.6091,7.6091,7.6091,7.6091,7.6091,7.6091,7.6091,7.6091,7.6091,7.6091,7.6091,7.6091,7.6091,7.6091,7.6091,7.6091,7.6091,7.6091,7.6091,7.6091,7.6091,7.6091,7.6091,7.6091,7.6091,7.6091,7.6091,7.6091,7.6091,7.6091,7.6091,7.6091,7.6091,7.6091,7.6091,7.6091,7.6091,7.6091,7.6091,7.6091,7.6091,7.6091,7.6091,7.6091,7.6091,7.6091,7.6091,7.6091,7.6091,7.6091,7.6091,7.6091,7.6091,7.6091,7.6091,7.6091,7.6091,7.6091,7.6091,7.6091,7.6091,7.6091,7.6091,7.6091,7.6091,7.6091,7.6091,7.6091,7.6091,7.6091,7.6091,7.6091,7.6091,7.6091,7.6091,7.6091,7.6091,7.6091,7.6091,7.6091,7.6091,7.6091,7.6091,7.6091,7.6091,7.6091,7.6091,7.6091,7.6091,7.6091,7.6091,7.6091,7.6091,7.6091,7.6091,7.6091,7.6091,7.6091,7.6091,7.6091,7.6091,7.6091,7.6091,7.6091,7.6091,7.6091,7.6091,7.6091,7.6091,7.6091,7.6091,7.6091,7.6091,7.6091,7.6091,7.6091,7.6091,7.6091,7.6091,7.6091,7.6091,7.6091,7.6091,7.6091,7.6091,7.6091,7.6091,7.6091,7.6091,7.6091,7.6091,7.6091,7.6091,7.6091,7.6091,7.6091,7.6091,7.6091,7.6091,7.6091,7.6091,7.6091,7.6091,7.6091,7.6091
7.6022,7.6022,7.6022,7.6022,7.6022,7.6022,7.6022,7.6022,7.6022,7.6022,7.6022,7.6022,7.6022,7.6022,7.6022,7.6022,7.6022,7.6022,7.6022,7.6022,7.6022,7.6022,7.6022,7.6022,7.6022,7.6022,7.6022,7.6022,7.6022,7.6022,7.6022,7.6022,7.6022,7.6022,7.6022,7.6022,7.6022,7.6022,7.6022,7.6022,7.6022,7.6022,7.6022,7.6022,7.6022,7.6022,7.6022,7.6022,7.6022,7.6022,7.6022,7.6022,7.6022,7.6022,7.6022,7.6022,7.6022,7.6022,7.6022,7.6022,7.6022,7.6022,7.6022,7.6022,7.6022,7.6022,7.6022,7.6022,7.6022,7.6022,7.6022,7.6022,7.6022,7.6022,7.6022,7.6022,7.6022,7.6022,7.6022,7.6022,7.6022,7.6022,7.6022,7.6022,7.6022,7.6022,7.6022,7.6022,7.6022,7.6022,7.6022,7.6022,7.6022,7.6022,7.6022,7.6022,7.6022,7.6022,7.6022,7.6022,7.6022,7.6022,7.6022,7.6022,7.6022,7.6022,7.6022,7.6022,7.6022,7.6022,7.6022,7.6022,7.6022,7.6022,7.6022,7.6022,7.6022,7.6022,7.6022,7.6022,7.6022,7.6022,7.6022,7.6022,7.6022,7.6022,7.6022,7.6022,7.6022,7.6022,7.6022,7.6022,7.6022,7.6022,7.6022,7.6022,7.6022,7.6022,7.6022,7.6022,7.6022,7.6022,7.6022,7.6022,7.6022,7.6022,7.6022,7.6022,7.6022,7.6022,7.6022,7.6022,7.6022,7.6022,7.6022,7.6022,7.6022,7.6022,7.6022,7.6022,7.6022,7.6022,7.6022,7.6022,7.6022,7.6022,7.6022,7.6022,7.6022,7.6022,7.6022,7.6022,7.6022,7.6022,7.6022,7.6022,7.6022,7.6022,7.6022,7.6022,7.6022,7.6022,7.6022,7.6022,7.6022,7.6022,7.6022,7.6022,7.6022,7.6022,7.6022,7.6022,7.6022,7.6022,7.6022,7.6022,7.6022,7.6022,7.6022,7.6022,7.6022,7.6022,7.6022,7.6022,7.6022,7.6022,7.6022,7.6022,7.6022,7.6022,7.6022,7.6022,7.6022,7.6022,7.6022,7.6022,7.6022,7.6022,7.6022,7.6022,7.6022,7.6022,7.6022,7.6022,7.6022,7.6022,7.6022,7.6022,7.6022,7.6022,7.6022,7.6022,7.6022,7.6022,7.6022,7.6022,7.6022,7.6022,7.6022,7.6022,7.6022,7.6022,7.6022,7.6022,7.6022,7.6022,7.6022,7.6022,7.6022,7.6022,7.6022,7.6022,7.6022,7.6022,7.6022,7.6022,7.6022,7.6022,7.6022,7.6022,7.6022,7.6022,7.6022,7.6022,7.6022,7.6022,7.6022,7.6022,7.6022,7.6022,7.6022,7.6022,7.6022,7.6022,7.6022,7.6022,7.6022,7.6022,7.6022,7.6022,7.6022,7.6022,7.6022,7.6022,7.6022,7.6022,7.6022,7.6022,7.6022,7.6022,7.6022,7.6022,7.6022,7.6022,7.6022,7.6022,7.6022,7.6022,7.6022,7.6022,7.6022,7.6022,7.6022,7.6022,7.6022,7.6022,7.6022,7.6022,7.6022,7.6022,7.6022,7.6022,7.6022,7.6022,7.6022,7.6022,7.6022,7.6022,7.6022,7.6022,7.6022,7.6022,7.6022,7.6022,7.6022,7.6022,7.6022,7.6022,7.6022,7.6022,7.6022,7.6022,7.6022,7.6022,7.6022,7.6022,7.6022,7.6022,7.6022,7.6022,7.6022,7.6022,7.6022,7.6022,7.6022,7.6022,7.6022,7.6022,7.6022,7.6022,7.6022,7.6022,7.6022,7.6022,7.6022,7.6022,7.6022,7.6022,7.6022,7.6022,7.6022,7.6022,7.6022,7.6022,7.6022,7.6022,7.6022,7.6022,7.6022,7.6022,7.6022,7.6022,7.6022,7.6022,7.6022,7.6022,7.6022,7.6022,7.6022,7.6022,7.6022,7.6022,7.6022,7.6022,7.6022,7.6022,7.6022,7.6022,7.6022,7.6022,7.6022,7.6022,7.6022,7.6022,7.6022,7.6022,7.6022,7.6022,7.6022,7.6022,7.6022,7.6022,7.6022,7.6022,7.6022,7.6022,7.6022,7.6022,7.6022,7.6022,7.6022,7.6022,7.6022,6.1829,6.1584,6.1341,6.1098,6.0850,6.0602,6.0358,6.0250,6.0183,6.0114,6.0049,5.9979,5.9912,5.9844,5.9776,5.9710,5.9642,5.9576,5.9509,5.9441,5.9376,5.9309,5.9244,5.9178,5.9111,5.9046,5.8993,5.8962,5.8930,5.8899,5.8871,5.8840,5.8809,5.8780,5.8749,5.8718,5.8690,5.8659,5.8628,5.8599,5.8567,5.8536,5.8503,5.8473,5.8440,5.8412,5.8377,5.8345,5.8315,5.8282,5.8252,5.8220,5.8189,5.8183,5.8177,5.8173,5.8169,5.8165,5.8161,5.8155,5.8151,5.8147,5.8143,5.8139,5.8135,5.8131,5.8127,5.8121,5.8117,5.8113,5.8109,5.8105,5.8101,5.8097,5.8093,5.8087,5.8083,5.8079,5.8075,5.8071,5.8067,5.8063,5.8057,5.8052,5.8050,5.8059,5.8067,5.8077,5.8093,5.8109,5.8127,5.8143,5.8161,5.8177,5.8195,5.8213,5.8230,5.8248,5.8264,5.8282,5.8298,5.8317,5.8335,5.8351,5.8369,5.8385,5.8404,5.8420,5.8438,5.8457,5.8473,5.8491,5.8512,5.8530,5.8550,5.8569,5.8589,5.8632,5.8683,5.8739,5.8796,5.8852,5.8908,5.8964,5.9022,5.9078,5.9134,5.9190,5.9249,5.9305,5.9364,5.9425,5.9486,5.9545,5.9606,5.9667,5.9757,5.9850,5.9942,6.0036,6.0129,6.0269,6.0451,6.0643,6.0837,6.1031,6.1220,6.2005,7.6022,7.6022,7.6022,7.6022,7.6022,7.6022,7.6022,7.6022,7.6022,7.6022,7.6022,7.6022,7.6022,7.6022,7.6022,7.6022,7.6022,7.6022,7.6022,7.6022,7.6022,7.6022,7.6022,7.6022,7.6022,7.6022,7.6022,7.6022,7.6022,7.6022,7.6022,7.6022,7.6022,7.6022,7.6022,7.6022,7.6022,7.6022,7.6022,7.6022,7.6022,7.6022,7.6022,7.6022,7.6022,7.6022,7.6022,7.6022,7.6022,7.6022,7.6022,7.6022,7.6022,7.6022,7.6022,7.6022,7.6022,7.6022,7.6022,7.6022,7.6022,7.6022,7.6022,7.6022,7.6022,7.6022,7.6022,7.6022,7.6022,7.6022,7.6022,7.6022,7.6022,7.6022,7.6022,7.6022,7.6022,7.6022,7.6022,7.6022,7.6022,7.6022,7.6022,7.6022,7.6022,7.6022,7.6022,7.6022,7.6022,7.6022,7.6022,7.6022,7.6022,7.6022,7.6022,7.6022,7.6022,7.6022,7.6022,7.6022,7.6022,7.6022,7.6022,7.6022,7.6022,7.6022,7.6022,7.6022,7.6022,7.6022,7.6022,7.6022,7.6022,7.6022,7.6022,7.6022,7.6022,7.6022,7.6022,7.6022,7.6022,7.6022,7.6022,7.6022,7.6022,7.6022,7.6022,7.6022,7.6022,7.6022,7.6022,7.6022,7.6022,7.6022,7.6022,7.6022,7.6022,7.6022,7.6022,7.6022,7.6022,7.6022,7.6022,7.6022,7.6022,7.6022,7.6022,7.6022,7.6022,7.6022,7.6022,7.6022,7.6022,7.6022,7.6022,7.6022,7.6022,7.6022,7.6022,7.6022,7.6022,7.6022,7.6022,7.6022,7.6022,7.6022,7.6022,7.6022,7.6022,7.6022,7.6022,7.6022,7.6022,7.6022,7.6022,7.6022,7.6022,7.6022,7.6022,7.6022,7.6022,7.6022,7.6022,7.6022,7.6022,7.6022,7.6022,7.6022,7.6022,7.6022,7.6022,7.6022,7.6022,7.6022,7.6022,7.6022,7.6022,7.6022,7.6022,7.6022,7.6022,7.6022,7.6022,7.6022,7.6022,7.6022,7.6022,7.6022,7.6022,7.6022,7.6022,7.6022,7.6022,7.6022,7.6022,7.6022,7.6022,7.6022,7.6022,7.6022,7.6022,7.6022,7.6022,7.6022,7.6022,7.6022,7.6022,7.6022,7.6022,7.6022,7.6022,7.6022,7.6022,7.6022,7.6022,7.6022,7.6022,7.6022,7.6022,7.6022,7.6022,7.6022,7.6022,7.6022,7.6022,7.6022,7.6022,7.6022,7.6022,7.6022,7.6022,7.6022,7.6022,7.6022,7.6022,7.6022,7.6022,7.6022,7.6022,7.6022,7.6022,7.6022,7.6022,7.6022,7.6022,7.6022,7.6022,7.6022,7.6022,7.6022,7.6022,7.6022,7.6022,7.6022,7.6022,7.6022,7.6022,7.6022,7.6022,7.6022,7.6022,7.6022,7.6022,7.6022,7.6022,7.6022,7.6022,7.6022,7.6022,7.6022,7.6022,7.6022,7.6022,7.6022,7.6022,7.6022,7.6022,7.6022,7.6022,7.6022,7.6022,7.6022,7.6022,7.6022,7.6022,7.6022,7.6022,7.6022,7.6022,7.6022,7.6022,7.6022,7.6022,7.6022,7.6022,7.6022,7.6022,7.6022,7.6022,7.6022,7.6022,7.6022,7.6022,7.6022,7.6022,7.6022,7.6022,7.6022,7.6022,7.6022,7.6022,7.6022,7.6022,7.6022,7.6022,7.6022,7.6022,7.6022,7.6022,7.6029,7.6029,7.6029,7.6029,7.6029,7.6029,7.6029,7.6029,7.6029,7.6029,7.6029,7.6029,7.6029,7.6029,7.6029,7.6029,7.6029,7.6029,7.6029,7.6029,7.6029,7.6029,7.6029,7.6029,7.6029,7.6029,7.6029,7.6029,7.6029,7.6029,7.6029,7.6029,7.6029,7.6029,7.6029,7.6029,7.6029,7.6029,7.6029,7.6029,7.6029,7.6029,7.6029,7.6029,7.6029,7.6029,7.6029,7.6029,7.6029,7.6029,7.6029,7.6029,7.6029,7.6029,7.6029,7.6029,7.6029,7.6029,7.6029,7.6029
7.5957,7.5957,7.5957,7.5957,7.5957,7.5957,7.5957,7.5957,7.5957,7.5957,7.5957,7.5957,7.5957,7.5957,7.5957,7.5957,7.5957,7.5957,7.5957,7.5957,7.5957,7.5957,7.5957,7.5957,7.5957,7.5957,7.5957,7.5957,7.5957,7.5957,7.5957,7.5957,7.5957,7.5957,7.5957,7.5957,7.5957,7.5957,7.5957,7.5957,7.5957,7.5957,7.5957,7.5957,7.5957,7.5957,7.5957,7.5957,7.5957,7.5957,7.5957,7.5957,7.5957,7.5957,7.5957,7.5957,7.5957,7.5957,7.5957,7.5957,7.5957,7.5957,7.5957,7.5957,7.5957,7.5957,7.5957,7.5957,7.5957,7.5957,7.5957,7.5957,7.5957,7.5957,7.5957,7.5957,7.5957,7.5957,7.5957,7.5957,7.5957,7.5957,7.5957,7.5957,7.5957,7.5957,7.5957,7.5957,7.5957,7.5957,7.5957,7.5957,7.5957,7.5957,7.5957,7.5957,7.5957,7.5957,7.5957,7.5957,7.5957,7.5957,7.5957,7.5957,7.5957,7.5957,7.5957,7.5957,7.5957,7.5957,7.5957,7.5957,7.5957,7.5957,7.5957,7.5957,7.5957,7.5957,7.5957,7.5957,7.5957,7.5957,7.5957,7.5957,7.5957,7.5957,7.5957,7.5957,7.5957,7.5957,7.5957,7.5957,7.5957,7.5957,7.5957,7.5957,7.5957,7.5957,7.5957,7.5957,7.5957,7.5957,7.5957,7.5957,7.5957,7.5957,7.5957,7.5957,7.5957,7.5957,7.5957,7.5957,7.5957,7.5957,7.5957,7.5957,7.5957,7.5957,7.5957,7.5957,7.5957,7.5957,7.5957,7.5957,7.5957,7.5957,7.5957,7.5957,7.5957,7.5957,7.5957,7.5957,7.5957,7.5957,7.5957,7.5957,7.5957,7.5957,7.5957,7.5957,7.5957,7.5957,7.5957,7.5957,7.5957,7.5957,7.5957,7.5957,7.5957,7.5957,7.5957,7.5957,7.5957,7.5957,7.5957,7.5957,7.5957,7.5957,7.5957,7.5957,7.5957,7.5957,7.5957,7.5957,7.5957,7.5957,7.5957,7.5957,7.5957,7.5957,7.5957,7.5957,7.5957,7.5957,7.5957,7.5957,7.5957,7.5957,7.5957,7.5957,7.5957,7.5957,7.5957,7.5957,7.5957,7.5957,7.5957,7.5957,7.5957,7.5957,7.5957,7.5957,7.5957,7.5957,7.5957,7.5957,7.5957,7.5957,7.5957,7.5957,7.5957,7.5957,7.5957,7.5957,7.5957,7.5957,7.5957,7.5957,7.5957,7.5957,7.5957,7.5957,7.5957,7.5957,7.5957,7.5957,7.5957,7.5957,7.5957,7.5957,7.5957,7.5957,7.5957,7.5957,7.5957,7.5957,7.5957,7.5957,7.5957,7.5957,7.5957,7.5957,7.5957,7.5957,7.5957,7.5957,7.5957,7.5957,7.5957,7.5957,7.5957,7.5957,7.5957,7.5957,7.5957,7.5957,7.5957,7.5957,7.5957,7.5957,7.5957,7.5957,7.5957,7.5957,7.5957,7.5957,7.5957,7.5957,7.5957,7.5957,7.5957,7.5957,7.5957,7.5957,7.5957,7.5957,7.5957,7.5957,7.5957,7.5957,7.5957,7.5957,7.5957,7.5957,7.5957,7.5957,7.5957,7.5957,7.5957,7.5957,7.5957,7.5957,7.5957,7.5957,7.5957,7.5957,7.5957,7.5957,7.5957,7.5957,7.5957,7.5957,7.5957,7.5957,7.5957,7.5957,7.5957,7.5957,7.5957,7.5957,7.5957,7.5957,7.5957,7.5957,7.5957,7.5957,7.5957,7.5957,7.5957,7.5957,7.5957,7.5957,7.5957,7.5957,7.5957,7.5957,7.5957,7.5957,7.5957,7.5957,7.5957,7.5957,7.5957,7.5957,7.5957,7.5957,7.5957,7.5957,7.5957,7.5957,7.5957,7.5957,7.5957,7.5957,7.5957,7.5957,7.5957,7.5957,7.5957,7.5957,7.5957,7.5957,7.5957,7.5957,7.5957,7.5957,7.5957,7.5957,7.5957,7.5957,7.5957,7.5957,7.5957,7.5957,7.5957,7.5957,7.5957,7.5957,7.5957,7.5957,7.5957,7.5957,7.5957,7.5957,7.5957,7.5957,7.5957,7.5957,7.5957,7.5957,7.5957,7.5957,6.1984,6.1738,6.1494,6.1252,6.1009,6.0762,6.0515,6.0299,6.0209,6.0127,6.0054,5.9987,5.9919,5.9850,5.9782,5.9716,5.9648,5.9583,5.9515,5.9448,5.9383,5.9316,5.9251,5.9184,5.9117,5.9053,5.8986,5.8949,5.8920,5.8889,5.8858,5.8829,5.8798,5.8768,5.8737,5.8708,5.8677,5.8646,5.8618,5.8587,5.8556,5.8526,5.8493,5.8461,5.8430,5.8398,5.8367,5.8337,5.8304,5.8272,5.8246,5.8220,5.8193,5.8173,5.8163,5.8159,5.8155,5.8151,5.8147,5.8143,5.8139,5.8133,5.8129,5.8125,5.8121,5.8117,5.8113,5.8109,5.8105,5.8099,5.8095,5.8091,5.8087,5.8083,5.8079,5.8075,5.8069,5.8065,5.8061,5.8057,5.8052,5.8048,5.8044,5.8040,5.8034,5.8038,5.8046,5.8054,5.8063,5.8075,5.8091,5.8107,5.8125,5.8141,5.8159,5.8175,5.8193,5.8211,5.8228,5.8246,5.8262,5.8280,5.8296,5.8315,5.8333,5.8349,5.8367,5.8383,5.8402,5.8418,5.8436,5.8455,5.8471,5.8489,5.8506,5.8524,5.8540,5.8559,5.8595,5.8653,5.8708,5.8763,5.8821,5.8877,5.8933,5.8988,5.9046,5.9103,5.9159,5.9217,5.9274,5.9330,5.9391,5.9450,5.9511,5.9572,5.9631,5.9721,5.9812,5.9906,5.9998,6.0090,6.0185,6.0354,6.0543,6.0736,6.0930,6.1125,6.1700,7.5957,7.5957,7.5957,7.5957,7.5957,7.5957,7.5957,7.5957,7.5957,7.5957,7.5957,7.5957,7.5957,7.5957,7.5957,7.5957,7.5957,7.5957,7.5957,7.5957,7.5957,7.5957,7.5957,7.5957,7.5957,7.5957,7.5957,7.5957,7.5957,7.5957,7.5957,7.5957,7.5957,7.5957,7.5957,7.5957,7.5957,7.5957,7.5957,7.5957,7.5957,7.5957,7.5957,7.5957,7.5957,7.5957,7.5957,7.5957,7.5957,7.5957,7.5957,7.5957,7.5957,7.5957,7.5957,7.5957,7.5957,7.5957,7.5957,7.5957,7.5957,7.5957,7.5957,7.5957,7.5957,7.5957,7.5957,7.5957,7.5957,7.5957,7.5957,7.5957,7.5957,7.5957,7.5957,7.5957,7.5957,7.5957,7.5957,7.5957,7.5957,7.5957,7.5957,7.5957,7.5957,7.5957,7.5957,7.5957,7.5957,7.5957,7.5957,7.5957,7.5957,7.5957,7.5957,7.5957,7.5957,7.5957,7.5957,7.5957,7.5957,7.5957,7.5957,7.5957,7.5957,7.5957,7.5957,7.5957,7.5957,7.5957,7.5957,7.5957,7.5957,7.5957,7.5957,7.5957,7.5957,7.5957,7.5957,7.5957,7.5957,7.5963,7.5963,7.5963,7.5963,7.5963,7.5963,7.5963,7.5963,7.5963,7.5963,7.5963,7.5963,7.5963,7.5963,7.5963,7.5963,7.5963,7.5963,7.5963,7.5963,7.5963,7.5963,7.5963,7.5963,7.5963,7.5963,7.5963,7.5963,7.5963,7.5963,7.5963,7.5963,7.5963,7.5963,7.5963,7.5963,7.5963,7.5963,7.5963,7.5963,7.5963,7.5963,7.5963,7.5963,7.5963,7.5963,7.5963,7.5963,7.5963,7.5963,7.5963,7.5963,7.5963,7.5963,7.5963,7.5963,7.5963,7.5963,7.5963,7.5963,7.5963,7.5963,7.5963,7.5963,7.5963,7.5963,7.5963,7.5963,7.5963,7.5963,7.5963,7.5963,7.5963,7.5963,7.5963,7.5963,7.5963,7.5963,7.5963,7.5963,7.5963,7.5963,7.5963,7.5963,7.5963,7.5963,7.5963,7.5963,7.5963,7.5963,7.5963,7.5963,7.5963,7.5963,7.5963,7.5963,7.5963,7.5963,7.5963,7.5963,7.5963,7.5963,7.5963,7.5963,7.5963,7.5963,7.5963,7.5963,7.5963,7.5963,7.5963,7.5963,7.5963,7.5963,7.5963,7.5963,7.5963,7.5963,7.5963,7.5963,7.5963,7.5963,7.5963,7.5963,7.5963,7.5963,7.5963,7.5963,7.5963,7.5963,7.5963,7.5963,7.5963,7.5963,7.5963,7.5963,7.5963,7.5963,7.5963,7.5963,7.5963,7.5963,7.5963,7.5963,7.5963,7.5963,7.5963,7.5963,7.5963,7.5963,7.5963,7.5963,7.5963,7.5963,7.5963,7.5963,7.5963,7.5963,7.5963,7.5963,7.5963,7.5963,7.5963,7.5963,7.5963,7.5963,7.5963,7.5963,7.5963,7.5963,7.5963,7.5963,7.5963,7.5963,7.5963,7.5963,7.5963,7.5963,7.5963,7.5963,7.5963,7.5963,7.5963,7.5963,7.5963,7.5963,7.5963,7.5963,7.5963,7.5963,7.5963,7.5963,7.5963,7.5963,7.5963,7.5963,7.5963,7.5963,7.5963,7.5963,7.5963,7.5963,7.5963,7.5963,7.5963,7.5963,7.5963,7.5963,7.5963,7.5963,7.5963,7.5963,7.5963,7.5963,7.5963,7.5963,7.5963,7.5963,7.5963,7.5963,7.5963,7.5963,7.5963,7.5963,7.5963,7.5963,7.5963,7.5963,7.5963,7.5963,7.5963,7.5963,7.5963,7.5963,7.5963,7.5963,7.5963,7.5963,7.5963,7.5963,7.5963,7.5963,7.5963,7.5963,7.5963,7.5963,7.5963,7.5963,7.5963,7.5963,7.5963,7.5963,7.5963,7.5963,7.5963,7.5963,7.5963,7.5963,7.5963,7.5963,7.5963,7.5963,7.5963,7.5963,7.5963,7.5963,7.5963,7.5963,7.5963,7.5963,7.5963,7.5963,7.5963,7.5963,7.5963,7.5963,7.5963,7.5963
7.5891,7.5891,7.5891,7.5891,7.5891,7.5891,7.5891,7.5891,7.5891,7.5891,7.5891,7.5891,7.5891,7.5891,7.5891,7.5891,7.5891,7.5891,7.5891,7.5891,7.5891,7.5891,7.5891,7.5891,7.5891,7.5891,7.5891,7.5891,7.5891,7.5891,7.5891,7.5891,7.5891,7.5891,7.5891,7.5891,7.5891,7.5891,7.5891,7.5891,7.5891,7.5891,7.5891,7.5891,7.5891,7.5891,7.5891,7.5891,7.5891,7.5891,7.5891,7.5891,7.5891,7.5891,7.5891,7.5891,7.5891,7.5891,7.5891,7.5891,7.5891,7.5891,7.5891,7.5891,7.5891,7.5891,7.5891,7.5891,7.5891,7.5891,7.5891,7.5891,7.5891,7.5891,7.5891,7.5891,7.5891,7.5891,7.5891,7.5891,7.5891,7.5891,7.5891,7.5891,7.5891,7.5891,7.5891,7.5891,7.5891,7.5891,7.5891,7.5891,7.5891,7.5891,7.5891,7.5891,7.5891,7.5891,7.5891,7.5891,7.5891,7.5891,7.5891,7.5891,7.5891,7.5891,7.5891,7.5891,7.5891,7.5891,7.5891,7.5891,7.5891,7.5891,7.5891,7.5891,7.5891,7.5891,7.5891,7.5891,7.5891,7.5891,7.5891,7.5891,7.5891,7.5891,7.5891,7.5891,7.5891,7.5891,7.5891,7.5891,7.5891,7.5891,7.5891,7.5891,7.5891,7.5891,7.5891,7.5891,7.5891,7.5891,7.5891,7.5891,7.5891,7.5891,7.5891,7.5891,7.5891,7.5891,7.5891,7.5891,7.5891,7.5891,7.5891,7.5891,7.5891,7.5891,7.5891,7.5891,7.5891,7.5891,7.5891,7.5891,7.5891,7.5891,7.5891,7.5891,7.5891,7.5891,7.5891,7.5891,7.5891,7.5891,7.5891,7.5891,7.5891,7.5891,7.5891,7.5891,7.5891,7.5891,7.5891,7.5891,7.5891,7.5891,7.5891,7.5891,7.5891,7.5891,7.5891,7.5891,7.5891,7.5891,7.5891,7.5891,7.5891,7.5891,7.5891,7.5891,7.5891,7.5891,7.5891,7.5891,7.5891,7.5891,7.5891,7.5891,7.5891,7.5891,7.5891,7.5891,7.5891,7.5891,7.5891,7.5891,7.5891,7.5891,7.5891,7.5891,7.5891,7.5891,7.5891,7.5891,7.5891,7.5891,7.5891,7.5891,7.5891,7.5891,7.5891,7.5891,7.5891,7.5891,7.5891,7.5891,7.5891,7.5891,7.5891,7.5891,7.5891,7.5891,7.5891,7.5891,7.5891,7.5891,7.5891,7.5891,7.5891,7.5891,7.5891,7.5891,7.5891,7.5891,7.5891,7.5891,7.5891,7.5891,7.5891,7.5891,7.5891,7.5891,7.5891,7.5891,7.5891,7.5891,7.5891,7.5891,7.5891,7.5891,7.5891,7.5891,7.5891,7.5891,7.5891,7.5891,7.5891,7.5891,7.5891,7.5891,7.5891,7.5891,7.5891,7.5891,7.5891,7.5891,7.5891,7.5891,7.5891,7.5891,7.5891,7.5891,7.5891,7.5891,7.5891,7.5891,7.5891,7.5891,7.5891,7.5891,7.5891,7.5891,7.5891,7.5891,7.5891,7.5891,7.5891,7.5891,7.5891,7.5891,7.5891,7.5891,7.5891,7.5891,7.5891,7.5891,7.5891,7.5891,7.5891,7.5891,7.5891,7.5891,7.5891,7.5891,7.5891,7.5891,7.5891,7.5891,7.5891,7.5891,7.5891,7.5891,7.5891,7.5891,7.5891,7.5891,7.5891,7.5891,7.5891,7.5891,7.5891,7.5891,7.5891,7.5891,7.5891,7.5891,7.5891,7.5891,7.5891,7.5891,7.5891,7.5891,7.5891,7.5891,7.5891,7.5891,7.5891,7.5891,7.5891,7.5891,7.5891,7.5891,7.5891,7.5891,7.5891,7.5891,7.5891,7.5891,7.5891,7.5891,7.5891,7.5891,7.5891,7.5891,7.5891,7.5891,7.5891,7.5891,7.5891,7.5891,7.5891,7.5891,7.5891,7.5891,7.5891,7.5891,7.5891,7.5891,7.5891,7.5891,7.5891,7.5891,7.5891,7.5891,7.5891,7.5891,7.5891,7.5891,7.5891,7.5891,7.5891,7.5891,7.5891,7.5891,7.5891,7.5891,7.5891,7.5891,7.5891,7.5891,7.5891,7.5891,6.1895,6.1650,6.1406,6.1165,6.0921,6.0672,6.0427,6.0269,6.0181,6.0099,6.0019,5.9936,5.9857,5.9791,5.9723,5.9655,5.9589,5.9522,5.9456,5.9389,5.9322,5.9257,5.9190,5.9125,5.9059,5.8993,5.8939,5.8908,5.8879,5.8848,5.8817,5.8788,5.8757,5.8726,5.8696,5.8667,5.8636,5.8606,5.8577,5.8546,5.8516,5.8483,5.8451,5.8420,5.8388,5.8357,5.8331,5.8304,5.8278,5.8252,5.8226,5.8199,5.8175,5.8161,5.8145,5.8141,5.8137,5.8133,5.8129,5.8125,5.8121,5.8115,5.8111,5.8107,5.8103,5.8099,5.8095,5.8091,5.8087,5.8081,5.8077,5.8073,5.8069,5.8065,5.8061,5.8057,5.8052,5.8046,5.8042,5.8038,5.8034,5.8030,5.8026,5.8022,5.8020,5.8026,5.8034,5.8042,5.8050,5.8057,5.8073,5.8089,5.8105,5.8123,5.8139,5.8157,5.8173,5.8191,5.8209,5.8226,5.8244,5.8260,5.8278,5.8294,5.8313,5.8331,5.8349,5.8367,5.8381,5.8400,5.8416,5.8434,5.8453,5.8469,5.8487,5.8503,5.8522,5.8542,5.8575,5.8618,5.8675,5.8733,5.8788,5.8846,5.8902,5.8957,5.9013,5.9071,5.9128,5.9184,5.9242,5.9299,5.9357,5.9416,5.9477,5.9536,5.9598,5.9684,5.9776,5.9867,5.9961,6.0054,6.0146,6.0256,6.0441,6.0633,6.0826,6.1020,6.1393,7.5898,7.5898,7.5898,7.5898,7.5898,7.5898,7.5898,7.5898,7.5898,7.5898,7.5898,7.5898,7.5898,7.5898,7.5898,7.5898,7.5898,7.5898,7.5898,7.5898,7.5898,7.5898,7.5898,7.5898,7.5898,7.5898,7.5898,7.5898,7.5898,7.5898,7.5898,7.5898,7.5898,7.5898,7.5898,7.5898,7.5898,7.5898,7.5898,7.5898,7.5898,7.5898,7.5898,7.5898,7.5898,7.5898,7.5898,7.5898,7.5898,7.5898,7.5898,7.5898,7.5898,7.5898,7.5898,7.5898,7.5898,7.5898,7.5898,7.5898,7.5898,7.5898,7.5898,7.5898,7.5898,7.5898,7.5898,7.5898,7.5898,7.5898,7.5898,7.5898,7.5898,7.5898,7.5898,7.5898,7.5898,7.5898,7.5898,7.5898,7.5898,7.5898,7.5898,7.5898,7.5898,7.5898,7.5898,7.5898,7.5898,7.5898,7.5898,7.5898,7.5898,7.5898,7.5898,7.5898,7.5898,7.5898,7.5898,7.5898,7.5898,7.5898,7.5898,7.5898,7.5898,7.5898,7.5898,7.5898,7.5898,7.5898,7.5898,7.5898,7.5898,7.5898,7.5898,7.5898,7.5898,7.5898,7.5898,7.5898,7.5898,7.5898,7.5898,7.5898,7.5898,7.5898,7.5898,7.5898,7.5898,7.5898,7.5898,7.5898,7.5898,7.5898,7.5898,7.5898,7.5898,7.5898,7.5898,7.5898,7.5898,7.5898,7.5898,7.5898,7.5898,7.5898,7.5898,7.5898,7.5898,7.5898,7.5898,7.5898,7.5898,7.5898,7.5898,7.5898,7.5898,7.5898,7.5898,7.5898,7.5898,7.5898,7.5898,7.5898,7.5898,7.5898,7.5898,7.5898,7.5898,7.5898,7.5898,7.5898,7.5898,7.5898,7.5898,7.5898,7.5898,7.5898,7.5898,7.5898,7.5898,7.5898,7.5898,7.5898,7.5898,7.5898,7.5898,7.5898,7.5898,7.5898,7.5898,7.5898,7.5898,7.5898,7.5898,7.5898,7.5898,7.5898,7.5898,7.5898,7.5898,7.5898,7.5898,7.5898,7.5898,7.5898,7.5898,7.5898,7.5898,7.5898,7.5898,7.5898,7.5898,7.5898,7.5898,7.5898,7.5898,7.5898,7.5898,7.5898,7.5898,7.5898,7.5898,7.5898,7.5898,7.5898,7.5898,7.5898,7.5898,7.5898,7.5898,7.5898,7.5898,7.5898,7.5898,7.5898,7.5898,7.5898,7.5898,7.5898,7.5898,7.5898,7.5898,7.5898,7.5898,7.5898,7.5898,7.5898,7.5898,7.5898,7.5898,7.5898,7.5898,7.5898,7.5898,7.5898,7.5898,7.5898,7.5898,7.5898,7.5898,7.5898,7.5898,7.5898,7.5898,7.5898,7.5898,7.5898,7.5898,7.5898,7.5898,7.5898,7.5898,7.5898,7.5898,7.5898,7.5898,7.5898,7.5898,7.5898,7.5898,7.5898,7.5898,7.5898,7.5898,7.5898,7.5898,7.5898,7.5898,7.5898,7.5898,7.5898,7.5898,7.5898,7.5898,7.5898,7.5898,7.5898,7.5898,7.5898,7.5898,7.5898,7.5898,7.5898,7.5898,7.5898,7.5898,7.5898,7.5898,7.5898,7.5898,7.5898,7.5898,7.5898,7.5898,7.5898,7.5898,7.5898,7.5898,7.5898,7.5898,7.5898,7.5898,7.5898,7.5898,7.5898,7.5898,7.5898,7.5898,7.5898,7.5898,7.5898,7.5898,7.5898,7.5898,7.5898,7.5898,7.5898,7.5898,7.5898,7.5898,7.5898,7.5898,7.5898,7.5898,7.5898,7.5898,7.5898,7.5898,7.5898,7.5898,7.5898,7.5898,7.5898,7.5898,7.5898,7.5898,7.5898,7.5898,7.5898,7.5898,7.5898,7.5898,7.5898,7.5898,7.5898,7.5898,7.5898,7.5898,7.5898,7.5898,7.5898,7.5898,7.5898,7.5898,7.5898,7.5898,7.5898,7.5898,7.5898,7.5898,7.5898,7.5898,7.5898,7.5898,7.5898,7.5898,7.5898,7.5898,7.5898,7.5898,7.5898,7.5898,7.5898,7.5898,7.5898,7.5898,7.5898,7.5898
7.5830,7.5830,7.5830,7.5830,7.5830,7.5830,7.5830,7.5830,7.5830,7.5830,7.5830,7.5830,7.5830,7.5830,7.5830,7.5830,7.5830,7.5830,7.5830,7.5830,7.5830,7.5830,7.5830,7.5830,7.5830,7.5830,7.5830,7.5830,7.5830,7.5830,7.5830,7.5830,7.5830,7.5830,7.5830,7.5830,7.5830,7.5830,7.5830,7.5830,7.5830,7.5830,7.5830,7.5830,7.5830,7.5830,7.5830,7.5830,7.5830,7.5830,7.5830,7.5830,7.5830,7.5830,7.5830,7.5830,7.5830,7.5830,7.5830,7.5830,7.5830,7.5830,7.5830,7.5830,7.5830,7.5830,7.5830,7.5830,7.5830,7.5830,7.5830,7.5830,7.5830,7.5830,7.5830,7.5830,7.5830,7.5830,7.5830,7.5830,7.5830,7.5830,7.5830,7.5830,7.5830,7.5830,7.5830,7.5830,7.5830,7.5830,7.5830,7.5830,7.5830,7.5830,7.5830,7.5830,7.5830,7.5830,7.5830,7.5830,7.5830,7.5830,7.5830,7.5830,7.5830,7.5830,7.5830,7.5830,7.5830,7.5830,7.5830,7.5830,7.5830,7.5830,7.5830,7.5830,7.5830,7.5830,7.5830,7.5830,7.5830,7.5830,7.5830,7.5830,7.5830,7.5830,7.5830,7.5830,7.5830,7.5830,7.5830,7.5830,7.5830,7.5830,7.5830,7.5830,7.5830,7.5830,7.5830,7.5830,7.5830,7.5830,7.5830,7.5830,7.5830,7.5830,7.5830,7.5830,7.5830,7.5830,7.5830,7.5830,7.5830,7.5830,7.5830,7.5830,7.5830,7.5830,7.5830,7.5830,7.5830,7.5830,7.5830,7.5830,7.5830,7.5830,7.5830,7.5830,7.5830,7.5830,7.5830,7.5830,7.5830,7.5830,7.5830,7.5830,7.5830,7.5830,7.5830,7.5830,7.5830,7.5830,7.5830,7.5830,7.5830,7.5830,7.5830,7.5830,7.5830,7.5830,7.5830,7.5830,7.5830,7.5830,7.5830,7.5830,7.5830,7.5830,7.5830,7.5830,7.5830,7.5830,7.5830,7.5830,7.5830,7.5830,7.5830,7.5830,7.5830,7.5830,7.5830,7.5830,7.5830,7.5830,7.5830,7.5830,7.5830,7.5830,7.5830,7.5830,7.5830,7.5830,7.5830,7.5830,7.5830,7.5830,7.5830,7.5830,7.5830,7.5830,7.5830,7.5830,7.5830,7.5830,7.5830,7.5830,7.5830,7.5830,7.5830,7.5830,7.5830,7.5830,7.5830,7.5830,7.5830,7.5830,7.5830,7.5830,7.5830,7.5830,7.5830,7.5830,7.5830,7.5830,7.5830,7.5830,7.5830,7.5830,7.5830,7.5830,7.5830,7.5830,7.5830,7.5830,7.5830,7.5830,7.5830,7.5830,7.5830,7.5830,7.5830,7.5830,7.5830,7.5830,7.5830,7.5830,7.5830,7.5830,7.5830,7.5830,7.5830,7.5830,7.5830,7.5830,7.5830,7.5830,7.5830,7.5830,7.5830,7.5830,7.5830,7.5830,7.5830,7.5830,7.5830,7.5830,7.5830,7.5830,7.5830,7.5830,7.5830,7.5830,7.5830,7.5830,7.5830,7.5830,7.5830,7.5830,7.5830,7.5830,7.5830,7.5830,7.5830,7.5830,7.5830,7.5830,7.5830,7.5830,7.5830,7.5830,7.5830,7.5830,7.5830,7.5830,7.5830,7.5830,7.5830,7.5830,7.5830,7.5830,7.5830,7.5830,7.5830,7.5830,7.5830,7.5830,7.5830,7.5830,7.5830,7.5830,7.5830,7.5830,7.5830,7.5830,7.5830,7.5830,7.5830,7.5830,7.5830,7.5830,7.5830,7.5830,7.5830,7.5830,7.5830,7.5830,7.5830,7.5830,7.5830,7.5830,7.5830,7.5830,7.5830,7.5830,7.5830,7.5830,7.5830,7.5830,7.5830,7.5830,7.5830,7.5830,7.5830,7.5830,7.5830,7.5830,7.5830,7.5830,7.5830,7.5830,7.5830,7.5830,7.5830,7.5830,7.5830,7.5830,7.5830,7.5830,7.5830,7.5830,7.5830,7.5830,7.5830,7.5830,7.5830,7.5830,7.5830,7.5830,7.5830,7.5830,7.5830,7.5830,7.5830,7.5830,7.5830,7.5830,7.5830,7.5830,7.5830,7.5830,7.5830,7.5830,6.1804,6.1559,6.1317,6.1080,6.0832,6.0584,6.0362,6.0241,6.0150,6.0069,5.9987,5.9908,5.9827,5.9746,5.9665,5.9595,5.9528,5.9463,5.9395,5.9328,5.9263,5.9196,5.9132,5.9065,5.8999,5.8935,5.8897,5.8866,5.8838,5.8807,5.8776,5.8745,5.8716,5.8685,5.8655,5.8626,5.8595,5.8565,5.8536,5.8503,5.8473,5.8442,5.8420,5.8392,5.8365,5.8341,5.8313,5.8286,5.8260,5.8234,5.8207,5.8181,5.8163,5.8147,5.8133,5.8123,5.8119,5.8115,5.8111,5.8107,5.8103,5.8099,5.8093,5.8089,5.8085,5.8081,5.8077,5.8073,5.8069,5.8065,5.8059,5.8054,5.8050,5.8046,5.8042,5.8038,5.8034,5.8030,5.8024,5.8020,5.8016,5.8012,5.8008,5.8004,5.8008,5.8014,5.8022,5.8030,5.8038,5.8044,5.8054,5.8071,5.8087,5.8103,5.8121,5.8137,5.8155,5.8171,5.8189,5.8205,5.8224,5.8242,5.8258,5.8276,5.8292,5.8310,5.8331,5.8345,5.8363,5.8379,5.8398,5.8414,5.8432,5.8448,5.8467,5.8485,5.8501,5.8530,5.8563,5.8595,5.8640,5.8698,5.8755,5.8813,5.8871,5.8926,5.8982,5.9040,5.9096,5.9153,5.9209,5.9267,5.9324,5.9383,5.9441,5.9503,5.9564,5.9646,5.9740,5.9831,5.9923,6.0017,6.0110,6.0202,6.0341,6.0532,6.0725,6.0916,6.1109,6.1938,7.5830,7.5830,7.5830,7.5830,7.5830,7.5830,7.5830,7.5830,7.5830,7.5830,7.5830,7.5830,7.5830,7.5830,7.5830,7.5830,7.5830,7.5830,7.5830,7.5830,7.5830,7.5830,7.5830,7.5830,7.5830,7.5830,7.5830,7.5830,7.5830,7.5830,7.5830,7.5830,7.5830,7.5830,7.5830,7.5830,7.5830,7.5830,7.5830,7.5830,7.5830,7.5830,7.5830,7.5830,7.5830,7.5830,7.5830,7.5830,7.5830,7.5830,7.5830,7.5830,7.5830,7.5830,7.5830,7.5830,7.5830,7.5830,7.5830,7.5830,7.5830,7.5830,7.5830,7.5830,7.5830,7.5830,7.5830,7.5830,7.5830,7.5830,7.5830,7.5830,7.5830,7.5830,7.5830,7.5830,7.5830,7.5830,7.5830,7.5830,7.5830,7.5830,7.5830,7.5830,7.5830,7.5830,7.5830,7.5830,7.5830,7.5830,7.5830,7.5830,7.5830,7.5830,7.5830,7.5830,7.5830,7.5830,7.5830,7.5830,7.5830,7.5830,7.5830,7.5830,7.5830,7.5830,7.5830,7.5830,7.5830,7.5830,7.5830,7.5830,7.5830,7.5830,7.5830,7.5830,7.5830,7.5830,7.5830,7.5830,7.5830,7.5830,7.5830,7.5830,7.5830,7.5830,7.5830,7.5830,7.5830,7.5830,7.5830,7.5830,7.5830,7.5830,7.5830,7.5830,7.5830,7.5830,7.5830,7.5830,7.5830,7.5830,7.5830,7.5830,7.5830,7.5830,7.5830,7.5830,7.5830,7.5830,7.5830,7.5830,7.5830,7.5830,7.5830,7.5830,7.5830,7.5830,7.5830,7.5830,7.5830,7.5830,7.5830,7.5830,7.5830,7.5830,7.5830,7.5830,7.5830,7.5830,7.5830,7.5830,7.5830,7.5830,7.5830,7.5830,7.5830,7.5830,7.5830,7.5830,7.5830,7.5830,7.5830,7.5830,7.5830,7.5830,7.5830,7.5830,7.5830,7.5830,7.5830,7.5830,7.5830,7.5830,7.5830,7.5830,7.5830,7.5830,7.5830,7.5830,7.5830,7.5830,7.5830,7.5830,7.5830,7.5830,7.5830,7.5830,7.5830,7.5830,7.5830,7.5830,7.5830,7.5830,7.5830,7.5830,7.5830,7.5830,7.5830,7.5830,7.5830,7.5830,7.5830,7.5830,7.5830,7.5830,7.5830,7.5830,7.5830,7.5830,7.5830,7.5830,7.5830,7.5830,7.5830,7.5830,7.5830,7.5830,7.5830,7.5830,7.5830,7.5830,7.5830,7.5830,7.5830,7.5830,7.5830,7.5830,7.5830,7.5830,7.5830,7.5830,7.5830,7.5830,7.5830,7.5830,7.5830,7.5830,7.5830,7.5830,7.5830,7.5830,7.5830,7.5830,7.5830,7.5830,7.5830,7.5830,7.5830,7.5830,7.5830,7.5830,7.5830,7.5830,7.5830,7.5830,7.5830,7.5830,7.5830,7.5830,7.5830,7.5830,7.5830,7.5830,7.5830,7.5830,7.5830,7.5830,7.5830,7.5830,7.5830,7.5830,7.5830,7.5830,7.5830,7.5830,7.5830,7.5830,7.5830,7.5830,7.5830,7.5830,7.5830,7.5830,7.5830,7.5830,7.5830,7.5830,7.5830,7.5830,7.5830,7.5830,7.5830,7.5830,7.5830,7.5830,7.5830,7.5830,7.5830,7.5830,7.5830,7.5830,7.5830,7.5830,7.5830,7.5830,7.5830,7.5830,7.5830,7.5830,7.5830,7.5830,7.5830,7.5830,7.5830,7.5830,7.5830,7.5830,7.5830,7.5830,7.5830,7.5830,7.5830,7.5830,7.5830,7.5830,7.5830,7.5830,7.5830,7.5830,7.5830,7.5830,7.5830,7.5830,7.5830,7.5830,7.5830,7.5830,7.5830,7.5830,7.5830,7.5830,7.5830,7.5830,7.5830,7.5830,7.5830,7.5830,7.5830,7.5830,7.5830,7.5830,7.5830,7.5830,7.5830,7.5830,7.5830,7.5830,7.5830,7.5830,7.5830,7.5830,7.5830,7.5830,7.5830,7.5830,7.5830,7.5830,7.5830,7.5830,7.5830,7.5830,7.5830,7.5830,7.5830,7.5830,7.5830,7.5830
7.5765,7.5765,7.5765,7.5765,7.5765,7.5765,7.5765,7.5765,7.5765,7.5765,7.5765,7.5765,7.5765,7.5765,7.5765,7.5765,7.5765,7.5765,7.5765,7.5765,7.5765,7.5765,7.5765,7.5765,7.5765,7.5765,7.5765,7.5765,7.5765,7.5765,7.5765,7.5765,7.5765,7.5765,7.5765,7.5765,7.5765,7.5765,7.5765,7.5765,7.5765,7.5765,7.5765,7.5765,7.5765,7.5765,7.5765,7.5765,7.5765,7.5765,7.5765,7.5765,7.5765,7.5765,7.5765,7.5765,7.5765,7.5765,7.5765,7.5765,7.5765,7.5765,7.5765,7.5765,7.5765,7.5765,7.5765,7.5765,7.5765,7.5765,7.5765,7.5765,7.5765,7.5765,7.5765,7.5765,7.5765,7.5765,7.5765,7.5765,7.5765,7.5765,7.5765,7.5765,7.5765,7.5765,7.5765,7.5765,7.5765,7.5765,7.5765,7.5765,7.5765,7.5765,7.5765,7.5765,7.5765,7.5765,7.5765,7.5765,7.5765,7.5765,7.5765,7.5765,7.5765,7.5765,7.5765,7.5765,7.5765,7.5765,7.5765,7.5765,7.5765,7.5765,7.5765,7.5765,7.5765,7.5765,7.5765,7.5765,7.5765,7.5765,7.5765,7.5765,7.5765,7.5765,7.5765,7.5765,7.5765,7.5765,7.5765,7.5765,7.5765,7.5765,7.5765,7.5765,7.5765,7.5765,7.5765,7.5765,7.5765,7.5765,7.5765,7.5765,7.5765,7.5765,7.5765,7.5765,7.5765,7.5765,7.5765,7.5765,7.5765,7.5765,7.5765,7.5765,7.5765,7.5765,7.5765,7.5765,7.5765,7.5765,7.5765,7.5765,7.5765,7.5765,7.5765,7.5765,7.5765,7.5765,7.5765,7.5765,7.5765,7.5765,7.5765,7.5765,7.5765,7.5765,7.5765,7.5765,7.5765,7.5765,7.5765,7.5765,7.5765,7.5765,7.5765,7.5765,7.5765,7.5765,7.5765,7.5765,7.5765,7.5765,7.5765,7.5765,7.5765,7.5765,7.5765,7.5765,7.5765,7.5765,7.5765,7.5765,7.5765,7.5765,7.5765,7.5765,7.5765,7.5765,7.5765,7.5765,7.5765,7.5765,7.5765,7.5765,7.5765,7.5765,7.5765,7.5765,7.5765,7.5765,7.5765,7.5765,7.5765,7.5765,7.5765,7.5765,7.5765,7.5765,7.5765,7.5765,7.5765,7.5765,7.5765,7.5765,7.5765,7.5765,7.5765,7.5765,7.5765,7.5765,7.5765,7.5765,7.5765,7.5765,7.5765,7.5765,7.5765,7.5765,7.5765,7.5765,7.5765,7.5765,7.5765,7.5765,7.5765,7.5765,7.5765,7.5765,7.5765,7.5765,7.5765,7.5765,7.5765,7.5765,7.5765,7.5765,7.5765,7.5765,7.5765,7.5765,7.5765,7.5765,7.5765,7.5765,7.5765,7.5765,7.5765,7.5765,7.5765,7.5765,7.5765,7.5765,7.5765,7.5765,7.5765,7.5765,7.5765,7.5765,7.5765,7.5765,7.5765,7.5765,7.5765,7.5765,7.5765,7.5765,7.5765,7.5765,7.5765,7.5765,7.5765,7.5765,7.5765,7.5765,7.5765,7.5765,7.5765,7.5765,7.5765,7.5765,7.5765,7.5765,7.5765,7.5765,7.5765,7.5765,7.5765,7.5765,7.5765,7.5765,7.5765,7.5765,7.5765,7.5765,7.5765,7.5765,7.5765,7.5765,7.5765,7.5765,7.5765,7.5765,7.5765,7.5765,7.5765,7.5765,7.5765,7.5765,7.5765,7.5765,7.5765,7.5765,7.5765,7.5765,7.5765,7.5765,7.5765,7.5765,7.5765,7.5765,7.5765,7.5765,7.5765,7.5765,7.5765,7.5765,7.5765,7.5765,7.5765,7.5765,7.5765,7.5765,7.5765,7.5765,7.5765,7.5765,7.5765,7.5765,7.5765,7.5765,7.5765,7.5765,7.5765,7.5765,7.5765,7.5765,7.5765,7.5765,7.5765,7.5765,7.5765,7.5765,7.5765,7.5765,7.5765,7.5765,7.5765,7.5765,7.5765,7.5765,7.5765,7.5765,7.5765,7.5765,7.5765,7.5765,7.5765,7.5765,7.5765,7.5765,7.5765,7.5765,7.5765,7.5765,7.5765,7.5765,7.5765,7.5765,7.5765,7.5765,6.1718,6.1471,6.1229,6.0991,6.0742,6.0497,6.0332,6.0211,6.0122,6.0041,5.9959,5.9878,5.9797,5.9716,5.9636,5.9557,5.9477,5.9402,5.9336,5.9269,5.9203,5.9138,5.9071,5.9007,5.8941,5.8887,5.8856,5.8825,5.8796,5.8765,5.8735,5.8704,5.8675,5.8644,5.8614,5.8585,5.8554,5.8528,5.8503,5.8477,5.8451,5.8424,5.8398,5.8371,5.8347,5.8319,5.8292,5.8266,5.8240,5.8215,5.8189,5.8165,5.8149,5.8135,5.8121,5.8107,5.8099,5.8095,5.8091,5.8087,5.8085,5.8081,5.8077,5.8071,5.8067,5.8063,5.8059,5.8054,5.8050,5.8046,5.8042,5.8036,5.8032,5.8028,5.8024,5.8020,5.8016,5.8012,5.8008,5.8002,5.7998,5.7994,5.7990,5.7988,5.7996,5.8002,5.8010,5.8018,5.8026,5.8032,5.8040,5.8052,5.8069,5.8085,5.8103,5.8119,5.8135,5.8153,5.8169,5.8187,5.8203,5.8222,5.8240,5.8256,5.8274,5.8290,5.8308,5.8325,5.8343,5.8361,5.8379,5.8398,5.8412,5.8430,5.8446,5.8465,5.8483,5.8516,5.8548,5.8581,5.8616,5.8663,5.8720,5.8778,5.8835,5.8893,5.8951,5.9007,5.9065,5.9121,5.9178,5.9234,5.9292,5.9349,5.9408,5.9469,5.9528,5.9610,5.9701,5.9795,5.9887,5.9979,6.0073,6.0166,6.0258,6.0432,6.0622,6.0810,6.1003,6.1593,7.5765,7.5765,7.5765,7.5765,7.5765,7.5765,7.5765,7.5765,7.5765,7.5765,7.5765,7.5765,7.5765,7.5765,7.5765,7.5765,7.5765,7.5765,7.5765,7.5765,7.5765,7.5765,7.5765,7.5765,7.5765,7.5765,7.5765,7.5765,7.5765,7.5765,7.5765,7.5765,7.5765,7.5765,7.5765,7.5765,7.5765,7.5765,7.5765,7.5765,7.5765,7.5765,7.5765,7.5765,7.5765,7.5765,7.5765,7.5765,7.5765,7.5765,7.5765,7.5765,7.5765,7.5765,7.5765,7.5765,7.5765,7.5765,7.5765,7.5765,7.5765,7.5765,7.5765,7.5765,7.5765,7.5765,7.5765,7.5765,7.5765,7.5765,7.5765,7.5765,7.5765,7.5765,7.5765,7.5765,7.5765,7.5765,7.5765,7.5765,7.5765,7.5765,7.5765,7.5765,7.5765,7.5765,7.5765,7.5765,7.5765,7.5765,7.5765,7.5765,7.5765,7.5765,7.5765,7.5765,7.5765,7.5765,7.5765,7.5765,7.5765,7.5765,7.5765,7.5765,7.5765,7.5765,7.5765,7.5765,7.5765,7.5765,7.5765,7.5765,7.5765,7.5765,7.5765,7.5765,7.5765,7.5765,7.5765,7.5765,7.5765,7.5765,7.5765,7.5765,7.5765,7.5765,7.5765,7.5765,7.5765,7.5765,7.5765,7.5765,7.5765,7.5765,7.5765,7.5765,7.5765,7.5765,7.5765,7.5765,7.5765,7.5765,7.5765,7.5765,7.5772,7.5772,7.5772,7.5772,7.5772,7.5772,7.5772,7.5772,7.5772,7.5772,7.5772,7.5772,7.5772,7.5772,7.5772,7.5772,7.5772,7.5772,7.5772,7.5772,7.5772,7.5772,7.5772,7.5772,7.5772,7.5772,7.5772,7.5772,7.5772,7.5772,7.5772,7.5772,7.5772,7.5772,7.5772,7.5772,7.5772,7.5772,7.5772,7.5772,7.5772,7.5772,7.5772,7.5772,7.5772,7.5772,7.5772,7.5772,7.5772,7.5772,7.5772,7.5772,7.5772,7.5772,7.5772,7.5772,7.5772,7.5772,7.5772,7.5772,7.5772,7.5772,7.5772,7.5772,7.5772,7.5772,7.5772,7.5772,7.5772,7.5772,7.5772,7.5772,7.5772,7.5772,7.5772,7.5772,7.5772,7.5772,7.5772,7.5772,7.5772,7.5772,7.5772,7.5772,7.5772,7.5772,7.5772,7.5772,7.5772,7.5772,7.5772,7.5772,7.5772,7.5772,7.5772,7.5772,7.5772,7.5772,7.5772,7.5772,7.5772,7.5772,7.5772,7.5772,7.5772,7.5772,7.5772,7.5772,7.5772,7.5772,7.5772,7.5772,7.5772,7.5772,7.5772,7.5772,7.5772,7.5772,7.5772,7.5772,7.5772,7.5772,7.5772,7.5772,7.5772,7.5772,7.5772,7.5772,7.5772,7.5772,7.5772,7.5772,7.5772,7.5772,7.5772,7.5772,7.5772,7.5772,7.5772,7.5772,7.5772,7.5772,7.5772,7.5772,7.5772,7.5772,7.5772,7.5772,7.5772,7.5772,7.5772,7.5772,7.5772,7.5772,7.5772,7.5772,7.5772,7.5772,7.5772,7.5772,7.5772,7.5772,7.5772,7.5772,7.5772,7.5772,7.5772,7.5772,7.5772,7.5772,7.5772,7.5772,7.5772,7.5772,7.5772,7.5772,7.5772,7.5772,7.5772,7.5772,7.5772,7.5772,7.5772,7.5772,7.5772,7.5772,7.5772,7.5772,7.5772,7.5772,7.5772,7.5772,7.5772,7.5772,7.5772,7.5772,7.5772,7.5772,7.5772,7.5772,7.5772,7.5772,7.5772,7.5772,7.5772,7.5772,7.5772,7.5772,7.5772,7.5772,7.5772,7.5772,7.5772,7.5772,7.5772,7.5772,7.5772,7.5772,7.5772,7.5772,7.5772,7.5772,7.5772,7.5772,7.5772,7.5772,7.5772,7.5772,7.5772,7.5772,7.5772,7.5772,7.5772,7.5772,7.5772,7.5772,7.5772,7.5772,7.5772,7.5772,7.5772,7.5772,7.5772,7.5772,7.5772,7.5772,7.5772,7.5772,7.5772,7.5772,7.5772,7.5772,7.5772,7.5772
7.5707,7.5707,7.5707,7.5707,7.5707,7.5707,7.5707,7.5707,7.5707,7.5707,7.5707,7.5707,7.5707,7.5707,7.5707,7.5707,7.5707,7.5707,7.5707,7.5707,7.5707,7.5707,7.5707,7.5707,7.5707,7.5707,7.5707,7.5707,7.5707,7.5707,7.5707,7.5707,7.5707,7.5707,7.5707,7.5707,7.5707,7.5707,7.5707,7.5707,7.5707,7.5707,7.5707,7.5707,7.5707,7.5707,7.5707,7.5707,7.5707,7.5707,7.5707,7.5707,7.5707,7.5707,7.5707,7.5707,7.5707,7.5707,7.5707,7.5707,7.5707,7.5707,7.5707,7.5707,7.5707,7.5707,7.5707,7.5707,7.5707,7.5707,7.5707,7.5707,7.5707,7.5707,7.5707,7.5707,7.5707,7.5707,7.5707,7.5707,7.5707,7.5707,7.5707,7.5707,7.5707,7.5707,7.5707,7.5707,7.5707,7.5707,7.5707,7.5707,7.5707,7.5707,7.5707,7.5707,7.5707,7.5707,7.5707,7.5707,7.5707,7.5707,7.5707,7.5707,7.5707,7.5707,7.5707,7.5707,7.5707,7.5707,7.5707,7.5707,7.5707,7.5707,7.5707,7.5707,7.5707,7.5700,7.5700,7.5700,7.5700,7.5700,7.5700,7.5700,7.5700,7.5700,7.5700,7.5700,7.5700,7.5700,7.5700,7.5700,7.5700,7.5700,7.5700,7.5700,7.5700,7.5700,7.5700,7.5700,7.5700,7.5700,7.5700,7.5700,7.5700,7.5700,7.5700,7.5700,7.5700,7.5700,7.5700,7.5700,7.5700,7.5700,7.5700,7.5700,7.5700,7.5700,7.5700,7.5700,7.5700,7.5700,7.5700,7.5700,7.5700,7.5700,7.5700,7.5700,7.5700,7.5700,7.5700,7.5700,7.5700,7.5700,7.5700,7.5700,7.5700,7.5700,7.5700,7.5700,7.5700,7.5700,7.5700,7.5700,7.5700,7.5700,7.5700,7.5700,7.5700,7.5700,7.5700,7.5700,7.5700,7.5700,7.5700,7.5700,7.5700,7.5700,7.5700,7.5700,7.5700,7.5700,7.5700,7.5700,7.5700,7.5700,7.5700,7.5700,7.5700,7.5700,7.5700,7.5700,7.5700,7.5700,7.5700,7.5700,7.5700,7.5700,7.5700,7.5700,7.5700,7.5700,7.5700,7.5700,7.5700,7.5700,7.5700,7.5700,7.5700,7.5700,7.5700,7.5700,7.5700,7.5700,7.5700,7.5700,7.5700,7.5700,7.5700,7.5700,7.5700,7.5700,7.5700,7.5700,7.5700,7.5700,7.5700,7.5700,7.5700,7.5700,7.5700,7.5700,7.5700,7.5700,7.5700,7.5700,7.5700,7.5700,7.5700,7.5700,7.5700,7.5700,7.5700,7.5700,7.5700,7.5700,7.5700,7.5700,7.5700,7.5700,7.5700,7.5700,7.5700,7.5700,7.5700,7.5700,7.5700,7.5700,7.5700,7.5700,7.5700,7.5700,7.5700,7.5700,7.5700,7.5700,7.5700,7.5700,7.5700,7.5700,7.5700,7.5700,7.5700,7.5700,7.5700,7.5700,7.5700,7.5700,7.5700,7.5700,7.5700,7.5700,7.5700,7.5700,7.5700,7.5700,7.5700,7.5700,7.5700,7.5700,7.5700,7.5700,7.5700,7.5700,7.5700,7.5700,7.5700,7.5700,7.5700,7.5700,7.5700,7.5700,7.5700,7.5700,7.5700,7.5700,7.5700,7.5700,7.5700,7.5700,7.5700,7.5700,7.5700,7.5700,7.5700,7.5700,7.5700,7.5700,7.5700,7.5700,7.5700,7.5700,7.5700,7.5700,7.5700,7.5700,7.5700,7.5700,7.5700,7.5700,7.5700,7.5700,7.5700,7.5700,7.5700,7.5700,7.5700,7.5700,7.5700,7.5700,7.5700,7.5700,7.5700,7.5700,7.5700,7.5700,7.5700,7.5700,7.5700,7.5700,7.5700,7.5700,7.5700,7.5700,7.5700,7.5700,7.5700,7.5700,7.5700,7.5700,7.5700,7.5700,7.5700,7.5700,7.5700,7.5700,7.5700,7.5700,7.5700,7.5700,7.5700,7.5700,7.5700,7.5700,7.5700,7.5700,7.5700,7.5700,7.5700,7.5700,7.5700,7.5700,7.5700,7.5700,7.5700,7.5700,7.5700,7.5700,7.5700,7.5700,7.5700,6.2032,6.1625,6.1382,6.1145,6.0903,6.0654,6.0425,6.0304,6.0181,6.0092,6.0011,5.9929,5.9848,5.9767,5.9689,5.9608,5.9528,5.9448,5.9368,5.9288,5.9211,5.9144,5.9078,5.9013,5.8947,5.8883,5.8846,5.8815,5.8784,5.8753,5.8724,5.8694,5.8663,5.8636,5.8610,5.8585,5.8561,5.8534,5.8510,5.8483,5.8457,5.8432,5.8406,5.8379,5.8353,5.8327,5.8300,5.8274,5.8248,5.8222,5.8195,5.8169,5.8151,5.8137,5.8123,5.8109,5.8093,5.8081,5.8077,5.8073,5.8069,5.8065,5.8061,5.8057,5.8052,5.8048,5.8044,5.8040,5.8036,5.8032,5.8028,5.8024,5.8018,5.8014,5.8010,5.8006,5.8002,5.7998,5.7994,5.7990,5.7984,5.7980,5.7976,5.7972,5.7976,5.7984,5.7990,5.7998,5.8006,5.8014,5.8020,5.8028,5.8036,5.8050,5.8067,5.8083,5.8101,5.8117,5.8133,5.8151,5.8167,5.8185,5.8201,5.8220,5.8236,5.8254,5.8272,5.8288,5.8306,5.8325,5.8341,5.8361,5.8375,5.8396,5.8410,5.8428,5.8444,5.8469,5.8501,5.8536,5.8569,5.8601,5.8634,5.8685,5.8743,5.8800,5.8858,5.8916,5.8974,5.9032,5.9090,5.9146,5.9203,5.9259,5.9318,5.9374,5.9433,5.9494,5.9574,5.9665,5.9757,5.9850,5.9942,6.0036,6.0129,6.0219,6.0328,6.0517,6.0705,6.0896,6.1254,6.2103,7.5700,7.5700,7.5700,7.5700,7.5700,7.5700,7.5700,7.5700,7.5700,7.5700,7.5700,7.5700,7.5700,7.5700,7.5700,7.5700,7.5700,7.5700,7.5700,7.5700,7.5700,7.5700,7.5700,7.5700,7.5700,7.5700,7.5700,7.5700,7.5700,7.5700,7.5700,7.5700,7.5700,7.5700,7.5700,7.5700,7.5700,7.5700,7.5700,7.5700,7.5700,7.5700,7.5700,7.5700,7.5700,7.5700,7.5700,7.5700,7.5700,7.5700,7.5700,7.5700,7.5700,7.5700,7.5700,7.5700,7.5700,7.5700,7.5700,7.5700,7.5700,7.5700,7.5700,7.5700,7.5700,7.5700,7.5700,7.5700,7.5700,7.5700,7.5700,7.5700,7.5700,7.5700,7.5700,7.5700,7.5700,7.5700,7.5700,7.5700,7.5700,7.5700,7.5700,7.5700,7.5700,7.5700,7.5700,7.5700,7.5700,7.5700,7.5700,7.5700,7.5700,7.5700,7.5700,7.5700,7.5700,7.5700,7.5700,7.5700,7.5700,7.5700,7.5700,7.5700,7.5700,7.5700,7.5700,7.5700,7.5700,7.5700,7.5700,7.5700,7.5700,7.5700,7.5700,7.5700,7.5700,7.5700,7.5700,7.5700,7.5700,7.5700,7.5700,7.5700,7.5700,7.5700,7.5700,7.5700,7.5700,7.5700,7.5700,7.5700,7.5700,7.5700,7.5700,7.5700,7.5700,7.5700,7.5700,7.5700,7.5700,7.5700,7.5700,7.5700,7.5700,7.5700,7.5700,7.5700,7.5700,7.5700,7.5700,7.5700,7.5700,7.5700,7.5700,7.5700,7.5700,7.5700,7.5700,7.5700,7.5700,7.5700,7.5700,7.5700,7.5700,7.5700,7.5700,7.5700,7.5700,7.5700,7.5700,7.5700,7.5700,7.5700,7.5700,7.5700,7.5700,7.5700,7.5700,7.5700,7.5700,7.5700,7.5700,7.5700,7.5700,7.5700,7.5700,7.5700,7.5700,7.5700,7.5700,7.5700,7.5700,7.5700,7.5700,7.5700,7.5700,7.5700,7.5700,7.5700,7.5700,7.5700,7.5700,7.5700,7.5700,7.5700,7.5700,7.5700,7.5700,7.5700,7.5700,7.5700,7.5700,7.5700,7.5700,7.5700,7.5700,7.5700,7.5700,7.5700,7.5700,7.5700,7.5700,7.5700,7.5700,7.5700,7.5700,7.5700,7.5700,7.5700,7.5700,7.5700,7.5700,7.5700,7.5700,7.5700,7.5700,7.5700,7.5700,7.5700,7.5700,7.5700,7.5700,7.5700,7.5700,7.5700,7.5700,7.5700,7.5700,7.5700,7.5700,7.5700,7.5700,7.5700,7.5700,7.5700,7.5700,7.5700,7.5700,7.5700,7.5700,7.5700,7.5700,7.5700,7.5700,7.5700,7.5700,7.5700,7.5700,7.5700,7.5700,7.5700,7.5700,7.5700,7.5700,7.5700,7.5700,7.5700,7.5700,7.5700,7.5700,7.5700,7.5700,7.5700,7.5700,7.5700,7.5700,7.5700,7.5700,7.5700,7.5700,7.5700,7.5700,7.5700,7.5700,7.5700,7.5700,7.5700,7.5700,7.5700,7.5700,7.5700,7.5700,7.5700,7.5700,7.5700,7.5700,7.5700,7.5700,7.5700,7.5700,7.5700,7.5700,7.5700,7.5700,7.5700,7.5700,7.5700,7.5700,7.5700,7.5700,7.5700,7.5700,7.5700,7.5700,7.5700,7.5700,7.5700,7.5700,7.5700,7.5700,7.5700,7.5700,7.5700,7.5700,7.5700,7.5700,7.5700,7.5700,7.5700,7.5700,7.5700,7.5700,7.5700,7.5700,7.5700,7.5700,7.5700,7.5700,7.5700,7.5700,7.5700,7.5700,7.5700,7.5700,7.5700,7.5700,7.5700,7.5700,7.5700,7.5700,7.5700,7.5700,7.5700,7.5700,7.5700,7.5700,7.5700,7.5700,7.5700,7.5700,7.5700,7.5700,7.5700,7.5700,7.5700,7.5700,7.5700,7.5700,7.5700,7.5700,7.5700,7.5700,7.5700,7.5700,7.5700,7.5700,7.5700,7.5700,7.5700,7.5700,7.5700,7.5700,7.5700,7.5700,7.5700,7.5700
7.5642,7.5642,7.5642,7.5642,7.5642,7.5642,7.5642,7.5642,7.5642,7.5642,7.5642,7.5642,7.5642,7.5642,7.5642,7.5642,7.5642,7.5642,7.5642,7.5642,7.5642,7.5642,7.5642,7.5642,7.5642,7.5642,7.5642,7.5642,7.5642,7.5642,7.5642,7.5642,7.5642,7.5642,7.5642,7.5642,7.5642,7.5642,7.5642,7.5642,7.5642,7.5642,7.5642,7.5642,7.5642,7.5642,7.5642,7.5642,7.5642,7.5642,7.5642,7.5642,7.5642,7.5642,7.5642,7.5642,7.5642,7.5642,7.5642,7.5642,7.5642,7.5642,7.5642,7.5642,7.5642,7.5642,7.5642,7.5642,7.5642,7.5642,7.5642,7.5642,7.5642,7.5642,7.5642,7.5642,7.5642,7.5642,7.5642,7.5642,7.5642,7.5642,7.5642,7.5642,7.5642,7.5642,7.5642,7.5642,7.5642,7.5642,7.5642,7.5642,7.5642,7.5642,7.5642,7.5642,7.5642,7.5642,7.5642,7.5642,7.5642,7.5642,7.5642,7.5642,7.5642,7.5642,7.5642,7.5642,7.5642,7.5642,7.5642,7.5642,7.5642,7.5642,7.5642,7.5642,7.5642,7.5642,7.5642,7.5642,7.5642,7.5642,7.5642,7.5642,7.5642,7.5642,7.5642,7.5642,7.5642,7.5642,7.5642,7.5642,7.5642,7.5642,7.5642,7.5642,7.5642,7.5642,7.5642,7.5642,7.5642,7.5642,7.5642,7.5642,7.5642,7.5642,7.5642,7.5642,7.5642,7.5642,7.5642,7.5642,7.5642,7.5642,7.5642,7.5642,7.5642,7.5642,7.5642,7.5642,7.5642,7.5642,7.5642,7.5642,7.5642,7.5642,7.5642,7.5642,7.5642,7.5642,7.5642,7.5642,7.5642,7.5642,7.5642,7.5642,7.5642,7.5642,7.5642,7.5642,7.5642,7.5642,7.5642,7.5642,7.5642,7.5642,7.5642,7.5642,7.5642,7.5642,7.5642,7.5642,7.5642,7.5642,7.5642,7.5642,7.5642,7.5642,7.5642,7.5642,7.5642,7.5642,7.5642,7.5642,7.5642,7.5642,7.5642,7.5642,7.5642,7.5642,7.5642,7.5642,7.5642,7.5642,7.5642,7.5642,7.5642,7.5642,7.5642,7.5642,7.5642,7.5642,7.5642,7.5642,7.5642,7.5642,7.5642,7.5642,7.5642,7.5642,7.5642,7.5642,7.5642,7.5642,7.5642,7.5642,7.5642,7.5642,7.5642,7.5642,7.5642,7.5642,7.5642,7.5642,7.5642,7.5642,7.5642,7.5642,7.5642,7.5642,7.5642,7.5642,7.5642,7.5642,7.5635,7.5635,7.5635,7.5635,7.5635,7.5635,7.5635,7.5635,7.5635,7.5635,7.5635,7.5635,7.5635,7.5635,7.5635,7.5635,7.5635,7.5635,7.5635,7.5635,7.5635,7.5635,7.5635,7.5635,7.5635,7.5635,7.5635,7.5635,7.5635,7.5635,7.5635,7.5635,7.5635,7.5635,7.5635,7.5635,7.5635,7.5635,7.5635,7.5635,7.5635,7.5635,7.5635,7.5635,7.5635,7.5635,7.5635,7.5635,7.5635,7.5635,7.5635,7.5635,7.5635,7.5635,7.5635,7.5635,7.5635,7.5635,7.5635,7.5635,7.5635,7.5635,7.5635,7.5635,7.5635,7.5635,7.5635,7.5635,7.5635,7.5635,7.5635,7.5635,7.5635,7.5635,7.5635,7.5635,7.5635,7.5635,7.5635,7.5635,7.5635,7.5635,7.5635,7.5635,7.5635,7.5635,7.5635,7.5635,7.5635,7.5635,7.5635,7.5635,7.5635,7.5635,7.5635,7.5635,7.5635,7.5635,7.5635,7.5635,7.5635,7.5635,7.5635,7.5635,7.5635,7.5635,7.5635,7.5635,7.5635,7.5635,7.5635,7.5635,7.5635,7.5635,7.5635,7.5635,7.5635,7.5635,7.5635,7.5635,7.5635,7.5635,7.5635,7.5635,7.5635,7.5635,7.5635,7.5635,7.5635,7.5635,7.5635,7.5635,7.5635,7.5635,7.5635,7.5635,7.5635,7.5635,7.5635,7.5635,7.5635,7.5635,7.5635,7.5635,7.5635,7.5635,7.5635,7.5635,7.5635,7.5635,7.5635,7.5635,7.5635,7.5635,7.5635,7.5635,7.5635,6.1781,6.1537,6.1294,6.1058,6.0813,6.0567,6.0395,6.0273,6.0153,6.0064,5.9985,5.9902,5.9820,5.9740,5.9659,5.9579,5.9498,5.9418,5.9341,5.9261,5.9182,5.9103,5.9024,5.8953,5.8889,5.8833,5.8805,5.8774,5.8743,5.8718,5.8694,5.8667,5.8642,5.8618,5.8591,5.8567,5.8542,5.8516,5.8491,5.8465,5.8438,5.8412,5.8385,5.8359,5.8333,5.8306,5.8280,5.8256,5.8230,5.8203,5.8177,5.8153,5.8139,5.8125,5.8111,5.8095,5.8081,5.8067,5.8059,5.8054,5.8050,5.8046,5.8042,5.8038,5.8034,5.8030,5.8026,5.8022,5.8018,5.8014,5.8010,5.8006,5.8002,5.7996,5.7992,5.7988,5.7984,5.7980,5.7976,5.7972,5.7968,5.7962,5.7958,5.7956,5.7964,5.7972,5.7978,5.7986,5.7994,5.8002,5.8008,5.8016,5.8024,5.8032,5.8048,5.8065,5.8083,5.8099,5.8115,5.8131,5.8149,5.8165,5.8183,5.8199,5.8218,5.8234,5.8252,5.8270,5.8286,5.8304,5.8321,5.8339,5.8355,5.8373,5.8392,5.8408,5.8426,5.8457,5.8489,5.8522,5.8554,5.8589,5.8622,5.8655,5.8708,5.8765,5.8823,5.8881,5.8939,5.8997,5.9055,5.9113,5.9171,5.9228,5.9286,5.9343,5.9399,5.9460,5.9536,5.9629,5.9721,5.9812,5.9906,5.9996,6.0088,6.0181,6.0273,6.0412,6.0600,6.0791,6.0983,6.1793,7.5635,7.5635,7.5635,7.5635,7.5635,7.5635,7.5635,7.5635,7.5635,7.5635,7.5635,7.5635,7.5635,7.5635,7.5635,7.5635,7.5635,7.5635,7.5635,7.5635,7.5635,7.5635,7.5635,7.5635,7.5635,7.5635,7.5635,7.5635,7.5635,7.5635,7.5635,7.5635,7.5635,7.5635,7.5635,7.5635,7.5635,7.5635,7.5635,7.5635,7.5635,7.5635,7.5635,7.5635,7.5635,7.5635,7.5635,7.5635,7.5635,7.5635,7.5635,7.5635,7.5635,7.5635,7.5635,7.5635,7.5635,7.5635,7.5635,7.5635,7.5635,7.5635,7.5635,7.5635,7.5635,7.5635,7.5635,7.5635,7.5635,7.5635,7.5635,7.5635,7.5635,7.5635,7.5635,7.5635,7.5635,7.5635,7.5635,7.5635,7.5635,7.5635,7.5635,7.5635,7.5635,7.5635,7.5635,7.5635,7.5635,7.5635,7.5635,7.5635,7.5635,7.5635,7.5635,7.5635,7.5635,7.5635,7.5635,7.5635,7.5635,7.5635,7.5635,7.5635,7.5635,7.5635,7.5635,7.5635,7.5635,7.5635,7.5635,7.5635,7.5635,7.5635,7.5635,7.5635,7.5635,7.5635,7.5635,7.5635,7.5635,7.5635,7.5635,7.5635,7.5635,7.5635,7.5635,7.5635,7.5635,7.5635,7.5635,7.5635,7.5635,7.5635,7.5635,7.5635,7.5635,7.5635,7.5635,7.5635,7.5635,7.5635,7.5635,7.5635,7.5635,7.5635,7.5635,7.5635,7.5635,7.5635,7.5635,7.5635,7.5635,7.5635,7.5635,7.5635,7.5635,7.5635,7.5635,7.5635,7.5635,7.5635,7.5635,7.5635,7.5635,7.5635,7.5635,7.5635,7.5635,7.5635,7.5635,7.5635,7.5635,7.5635,7.5635,7.5635,7.5635,7.5635,7.5635,7.5635,7.5635,7.5635,7.5635,7.5635,7.5635,7.5635,7.5635,7.5635,7.5635,7.5635,7.5635,7.5635,7.5635,7.5635,7.5635,7.5635,7.5635,7.5635,7.5635,7.5635,7.5635,7.5635,7.5635,7.5635,7.5635,7.5635,7.5635,7.5635,7.5635,7.5635,7.5635,7.5635,7.5635,7.5635,7.5635,7.5635,7.5635,7.5635,7.5635,7.5635,7.5635,7.5635,7.5635,7.5635,7.5635,7.5635,7.5635,7.5635,7.5635,7.5635,7.5635,7.5635,7.5635,7.5635,7.5635,7.5635,7.5635,7.5635,7.5635,7.5635,7.5635,7.5635,7.5635,7.5635,7.5635,7.5635,7.5635,7.5635,7.5635,7.5635,7.5635,7.5635,7.5635,7.5635,7.5635,7.5635,7.5635,7.5635,7.5635,7.5635,7.5635,7.5635,7.5635,7.5635,7.5635,7.5635,7.5635,7.5635,7.5635,7.5635,7.5635,7.5635,7.5635,7.5635,7.5635,7.5635,7.5635,7.5635,7.5635,7.5635,7.5635,7.5635,7.5635,7.5635,7.5635,7.5635,7.5635,7.5635,7.5635,7.5635,7.5635,7.5635,7.5635,7.5635,7.5635,7.5635,7.5635,7.5635,7.5635,7.5635,7.5635,7.5635,7.5635,7.5635,7.5635,7.5635,7.5635,7.5635,7.5635,7.5635,7.5635,7.5635,7.5635,7.5635,7.5635,7.5635,7.5635,7.5635,7.5635,7.5635,7.5635,7.5635,7.5635,7.5635,7.5635,7.5635,7.5635,7.5635,7.5635,7.5635,7.5635,7.5635,7.5635,7.5635,7.5635,7.5635,7.5635,7.5635,7.5635,7.5635,7.5635,7.5635,7.5635,7.5635,7.5635,7.5635,7.5635,7.5635,7.5635,7.5635,7.5635,7.5635,7.5635,7.5635,7.5635,7.5635,7.5635,7.5635,7.5635,7.5635,7.5635,7.5635,7.5635,7.5635,7.5635,7.5635,7.5635,7.5635,7.5635,7.5635,7.5635,7.5635,7.5635,7.5635,7.5635,7.5635,7.5635,7.5635,7.5635,7.5635,7.5635,7.5635,7.5635,7.5635,7.5635,7.5635,7.5635,7.5635,7.5635,7.5635,7.5635,7.5635,7.5635,7.5635,7.5635,7.5635,7.5635
7.5574,7.5574,7.5574,7.5574,7.5574,7.5574,7.5574,7.5574,7.5574,7.5574,7.5574,7.5574,7.5574,7.5574,7.5574,7.5574,7.5574,7.5574,7.5574,7.5574,7.5574,7.5574,7.5574,7.5574,7.5574,7.5574,7.5574,7.5574,7.5574,7.5574,7.5574,7.5574,7.5574,7.5574,7.5574,7.5574,7.5574,7.5574,7.5574,7.5574,7.5574,7.5574,7.5574,7.5574,7.5574,7.5574,7.5574,7.5574,7.5574,7.5574,7.5574,7.5574,7.5574,7.5574,7.5574,7.5574,7.5574,7.5574,7.5574,7.5574,7.5574,7.5574,7.5574,7.5574,7.5574,7.5574,7.5574,7.5574,7.5574,7.5574,7.5574,7.5574,7.5574,7.5574,7.5574,7.5574,7.5574,7.5574,7.5574,7.5574,7.5574,7.5574,7.5574,7.5574,7.5574,7.5574,7.5574,7.5574,7.5574,7.5574,7.5574,7.5574,7.5574,7.5574,7.5574,7.5574,7.5574,7.5574,7.5574,7.5574,7.5574,7.5574,7.5574,7.5574,7.5574,7.5577,7.5577,7.5577,7.5577,7.5577,7.5577,7.5577,7.5577,7.5577,7.5577,7.5577,7.5577,7.5577,7.5577,7.5577,7.5577,7.5577,7.5577,7.5577,7.5577,7.5577,7.5577,7.5577,7.5577,7.5577,7.5577,7.5577,7.5577,7.5577,7.5577,7.5577,7.5577,7.5577,7.5577,7.5577,7.5577,7.5577,7.5577,7.5577,7.5577,7.5577,7.5577,7.5577,7.5577,7.5577,7.5577,7.5577,7.5577,7.5577,7.5577,7.5577,7.5577,7.5577,7.5577,7.5577,7.5577,7.5577,7.5577,7.5577,7.5577,7.5577,7.5577,7.5577,7.5577,7.5577,7.5577,7.5577,7.5577,7.5577,7.5577,7.5577,7.5577,7.5577,7.5577,7.5577,7.5577,7.5577,7.5577,7.5577,7.5577,7.5577,7.5577,7.5577,7.5577,7.5577,7.5577,7.5577,7.5577,7.5577,7.5577,7.5577,7.5577,7.5577,7.5577,7.5577,7.5577,7.5577,7.5577,7.5577,7.5577,7.5577,7.5577,7.5577,7.5577,7.5577,7.5577,7.5577,7.5577,7.5577,7.5577,7.5577,7.5577,7.5577,7.5577,7.5577,7.5577,7.5577,7.5577,7.5577,7.5577,7.5577,7.5577,7.5577,7.5577,7.5577,7.5577,7.5577,7.5577,7.5577,7.5577,7.5577,7.5577,7.5577,7.5577,7.5577,7.5577,7.5577,7.5577,7.5577,7.5577,7.5577,7.5577,7.5577,7.5577,7.5577,7.5577,7.5577,7.5577,7.5577,7.5577,7.5577,7.5577,7.5577,7.5577,7.5577,7.5577,7.5577,7.5577,7.5577,7.5577,7.5577,7.5577,7.5577,7.5577,7.5577,7.5577,7.5577,7.5577,7.5577,7.5577,7.5577,7.5577,7.5577,7.5577,7.5577,7.5577,7.5577,7.5577,7.5577,7.5577,7.5577,7.5577,7.5577,7.5577,7.5577,7.5577,7.5577,7.5577,7.5577,7.5577,7.5577,7.5577,7.5577,7.5577,7.5577,7.5577,7.5577,7.5577,7.5577,7.5577,7.5577,7.5577,7.5577,7.5577,7.5577,7.5577,7.5577,7.5577,7.5577,7.5577,7.5577,7.5577,7.5577,7.5577,7.5577,7.5577,7.5577,7.5577,7.5577,7.5577,7.5577,7.5577,7.5577,7.5577,7.5577,7.5577,7.5577,7.5577,7.5577,7.5577,7.5577,7.5577,7.5577,7.5577,7.5577,7.5577,7.5577,7.5577,7.5577,7.5577,7.5577,7.5577,7.5577,7.5577,7.5577,7.5577,7.5577,7.5577,7.5577,7.5577,7.5577,7.5577,7.5577,7.5577,7.5577,7.5577,7.5577,7.5577,7.5577,7.5577,7.5577,7.5577,7.5577,7.5577,7.5577,7.5577,7.5577,7.5577,7.5577,7.5577,7.5577,7.5577,7.5577,7.5577,7.5577,7.5577,7.5577,7.5577,7.5577,7.5577,7.5577,7.5577,7.5577,7.5577,7.5577,7.5577,7.5577,7.5577,7.5577,7.5577,7.5577,7.5577,7.5577,7.5577,7.5577,7.5577,7.5577,7.5577,7.5577,7.5577,7.5577,7.5577,7.5577,7.5577,7.5577,7.5577,6.1690,6.1447,6.1207,6.0974,6.0725,6.0486,6.0364,6.0243,6.0122,6.0034,5.9953,5.9872,5.9791,5.9710,5.9629,5.9551,5.9471,5.9391,5.9311,5.9232,5.9153,5.9076,5.8997,5.8918,5.8840,5.8800,5.8776,5.8751,5.8724,5.8700,5.8675,5.8649,5.8624,5.8599,5.8573,5.8548,5.8524,5.8497,5.8471,5.8446,5.8420,5.8394,5.8367,5.8343,5.8315,5.8288,5.8262,5.8236,5.8209,5.8183,5.8157,5.8141,5.8127,5.8113,5.8097,5.8083,5.8069,5.8054,5.8038,5.8034,5.8030,5.8028,5.8024,5.8020,5.8016,5.8012,5.8008,5.8004,5.8000,5.7996,5.7992,5.7988,5.7984,5.7980,5.7974,5.7970,5.7966,5.7962,5.7958,5.7954,5.7950,5.7946,5.7940,5.7944,5.7952,5.7960,5.7966,5.7974,5.7982,5.7990,5.7996,5.8004,5.8012,5.8020,5.8030,5.8046,5.8063,5.8081,5.8097,5.8113,5.8129,5.8147,5.8163,5.8181,5.8197,5.8215,5.8232,5.8250,5.8268,5.8284,5.8302,5.8319,5.8339,5.8353,5.8371,5.8390,5.8410,5.8442,5.8475,5.8510,5.8542,5.8575,5.8608,5.8640,5.8673,5.8731,5.8788,5.8846,5.8904,5.8962,5.9020,5.9078,5.9136,5.9194,5.9253,5.9311,5.9368,5.9425,5.9500,5.9591,5.9684,5.9774,5.9865,5.9957,6.0047,6.0140,6.0235,6.0330,6.0495,6.0685,6.0877,6.1451,6.2225,7.5577,7.5577,7.5577,7.5577,7.5577,7.5577,7.5577,7.5577,7.5577,7.5577,7.5577,7.5577,7.5577,7.5577,7.5577,7.5577,7.5577,7.5577,7.5577,7.5577,7.5577,7.5577,7.5577,7.5577,7.5577,7.5577,7.5577,7.5577,7.5577,7.5577,7.5577,7.5577,7.5577,7.5577,7.5577,7.5577,7.5577,7.5577,7.5577,7.5577,7.5577,7.5577,7.5577,7.5577,7.5577,7.5577,7.5577,7.5577,7.5577,7.5577,7.5577,7.5577,7.5577,7.5577,7.5577,7.5577,7.5577,7.5577,7.5577,7.5577,7.5577,7.5577,7.5577,7.5577,7.5577,7.5577,7.5577,7.5577,7.5577,7.5577,7.5577,7.5577,7.5577,7.5577,7.5577,7.5577,7.5577,7.5577,7.5577,7.5577,7.5577,7.5577,7.5577,7.5577,7.5577,7.5577,7.5577,7.5577,7.5577,7.5577,7.5577,7.5577,7.5577,7.5577,7.5577,7.5577,7.5577,7.5577,7.5577,7.5577,7.5577,7.5577,7.5577,7.5577,7.5577,7.5577,7.5577,7.5577,7.5577,7.5577,7.5577,7.5577,7.5577,7.5577,7.5577,7.5577,7.5577,7.5577,7.5577,7.5577,7.5577,7.5577,7.5577,7.5577,7.5577,7.5577,7.5577,7.5577,7.5577,7.5577,7.5577,7.5577,7.5577,7.5577,7.5577,7.5577,7.5577,7.5577,7.5577,7.5577,7.5577,7.5577,7.5577,7.5577,7.5577,7.5577,7.5577,7.5577,7.5577,7.5577,7.5577,7.5577,7.5577,7.5577,7.5577,7.5577,7.5577,7.5577,7.5577,7.5577,7.5577,7.5577,7.5577,7.5577,7.5577,7.5577,7.5577,7.5577,7.5577,7.5577,7.5577,7.5577,7.5577,7.5577,7.5577,7.5577,7.5577,7.5577,7.5577,7.5577,7.5577,7.5577,7.5577,7.5577,7.5577,7.5577,7.5577,7.5577,7.5577,7.5577,7.5577,7.5577,7.5577,7.5577,7.5577,7.5577,7.5577,7.5577,7.5577,7.5577,7.5577,7.5577,7.5577,7.5577,7.5577,7.5577,7.5577,7.5577,7.5577,7.5577,7.5577,7.5577,7.5577,7.5577,7.5577,7.5577,7.5577,7.5577,7.5577,7.5577,7.5577,7.5577,7.5577,7.5577,7.5577,7.5577,7.5577,7.5577,7.5577,7.5577,7.5577,7.5577,7.5577,7.5577,7.5577,7.5577,7.5577,7.5577,7.5577,7.5577,7.5577,7.5577,7.5577,7.5577,7.5577,7.5577,7.5577,7.5577,7.5577,7.5577,7.5577,7.5577,7.5577,7.5577,7.5577,7.5577,7.5577,7.5577,7.5577,7.5577,7.5577,7.5577,7.5577,7.5577,7.5577,7.5577,7.5577,7.5577,7.5577,7.5577,7.5577,7.5577,7.5577,7.5577,7.5577,7.5577,7.5577,7.5577,7.5577,7.5577,7.5577,7.5577,7.5577,7.5577,7.5577,7.5577,7.5577,7.5577,7.5577,7.5577,7.5577,7.5577,7.5577,7.5577,7.5577,7.5577,7.5577,7.5577,7.5577,7.5577,7.5577,7.5577,7.5577,7.5577,7.5577,7.5577,7.5577,7.5577,7.5577,7.5577,7.5577,7.5577,7.5577,7.5577,7.5577,7.5577,7.5577,7.5577,7.5577,7.5577,7.5577,7.5577,7.5577,7.5577,7.5577,7.5577,7.5577,7.5577,7.5577,7.5577,7.5577,7.5577,7.5577,7.5577,7.5577,7.5577,7.5577,7.5577,7.5577,7.5577,7.5577,7.5577,7.5577,7.5577,7.5577,7.5577,7.5577,7.5577,7.5577,7.5577,7.5577,7.5577,7.5577,7.5577,7.5577,7.5577,7.5577,7.5577,7.5577,7.5577,7.5577,7.5577,7.5577,7.5577,7.5577,7.5577,7.5577,7.5577,7.5577,7.5577,7.5577,7.5577,7.5577,7.5577,7.5577,7.5577,7.5577,7.5577,7.5577,7.5577,7.5577,7.5577,7.5577,7.5577,7.5577,7.5577,7.5577,7.5577,7.5577,7.5577,7.5577,7.5577,7.5577,7.5577,7.5577,7.5577
7.5513,7.5513,7.5513,7.5513,7.5513,7.5513,7.5513,7.5513,7.5513,7.5513,7.5513,7.5513,7.5513,7.5513,7.5513,7.5513,7.5513,7.5513,7.5513,7.5513,7.5513,7.5513,7.5513,7.5513,7.5513,7.5513,7.5513,7.5513,7.5513,7.5513,7.5513,7.5513,7.5513,7.5513,7.5513,7.5513,7.5513,7.5513,7.5513,7.5513,7.5513,7.5513,7.5513,7.5513,7.5513,7.5513,7.5513,7.5513,7.5513,7.5513,7.5513,7.5513,7.5513,7.5513,7.5513,7.5513,7.5513,7.5513,7.5513,7.5513,7.5513,7.5513,7.5513,7.5513,7.5513,7.5513,7.5513,7.5513,7.5513,7.5513,7.5513,7.5513,7.5513,7.5513,7.5513,7.5513,7.5513,7.5513,7.5513,7.5513,7.5513,7.5513,7.5513,7.5513,7.5513,7.5513,7.5513,7.5513,7.5513,7.5513,7.5513,7.5513,7.5513,7.5513,7.5513,7.5513,7.5513,7.5513,7.5513,7.5513,7.5513,7.5513,7.5513,7.5513,7.5513,7.5513,7.5513,7.5513,7.5513,7.5513,7.5513,7.5513,7.5513,7.5513,7.5513,7.5513,7.5513,7.5513,7.5513,7.5513,7.5513,7.5513,7.5513,7.5513,7.5513,7.5513,7.5513,7.5513,7.5513,7.5513,7.5513,7.5513,7.5513,7.5513,7.5513,7.5513,7.5513,7.5513,7.5513,7.5513,7.5513,7.5513,7.5513,7.5513,7.5513,7.5513,7.5513,7.5513,7.5513,7.5513,7.5513,7.5513,7.5513,7.5513,7.5513,7.5513,7.5513,7.5513,7.5513,7.5513,7.5513,7.5513,7.5513,7.5513,7.5513,7.5513,7.5513,7.5513,7.5513,7.5513,7.5513,7.5513,7.5513,7.5513,7.5513,7.5513,7.5513,7.5513,7.5513,7.5513,7.5513,7.5513,7.5513,7.5513,7.5513,7.5513,7.5513,7.5513,7.5513,7.5513,7.5513,7.5513,7.5513,7.5513,7.5513,7.5513,7.5513,7.5513,7.5513,7.5513,7.5513,7.5513,7.5513,7.5513,7.5513,7.5513,7.5513,7.5513,7.5513,7.5513,7.5513,7.5513,7.5513,7.5513,7.5513,7.5513,7.5513,7.5513,7.5513,7.5513,7.5513,7.5513,7.5513,7.5513,7.5513,7.5513,7.5513,7.5513,7.5513,7.5513,7.5513,7.5513,7.5513,7.5513,7.5513,7.5513,7.5513,7.5513,7.5513,7.5513,7.5513,7.5513,7.5513,7.5513,7.5513,7.5513,7.5513,7.5513,7.5513,7.5513,7.5513,7.5513,7.5513,7.5513,7.5513,7.5513,7.5513,7.5513,7.5513,7.5513,7.5513,7.5513,7.5513,7.5513,7.5513,7.5513,7.5513,7.5513,7.5513,7.5513,7.5513,7.5513,7.5513,7.5513,7.5513,7.5513,7.5513,7.5513,7.5513,7.5513,7.5513,7.5513,7.5513,7.5513,7.5513,7.5513,7.5513,7.5513,7.5513,7.5513,7.5513,7.5513,7.5513,7.5513,7.5513,7.5513,7.5513,7.5513,7.5513,7.5513,7.5513,7.5513,7.5513,7.5513,7.5513,7.5513,7.5513,7.5513,7.5513,7.5513,7.5513,7.5513,7.5513,7.5513,7.5513,7.5513,7.5513,7.5513,7.5513,7.5513,7.5513,7.5513,7.5513,7.5513,7.5513,7.5513,7.5513,7.5513,7.5513,7.5513,7.5513,7.5513,7.5513,7.5513,7.5513,7.5513,7.5513,7.5513,7.5513,7.5513,7.5513,7.5513,7.5513,7.5513,7.5513,7.5513,7.5513,7.5513,7.5513,7.5513,7.5513,7.5513,7.5513,7.5513,7.5513,7.5513,7.5513,7.5513,7.5513,7.5513,7.5513,7.5513,7.5513,7.5513,7.5513,7.5513,7.5513,7.5513,7.5513,7.5513,7.5513,7.5513,7.5513,7.5513,7.5513,7.5513,7.5513,7.5513,7.5513,7.5513,7.5513,7.5513,7.5513,7.5513,7.5513,7.5513,7.5513,7.5513,7.5513,7.5513,7.5513,7.5513,7.5513,7.5513,7.5513,7.5513,7.5513,7.5513,7.5513,7.5513,7.5513,7.5513,7.5513,7.5513,7.5513,7.5513,7.5513,7.5513,7.5513,7.5513,7.5513,6.1602,6.1359,6.1122,6.0883,6.0637,6.0458,6.0336,6.0215,6.0092,6.0006,5.9925,5.9842,5.9761,5.9682,5.9602,5.9522,5.9441,5.9362,5.9282,5.9205,5.9125,5.9046,5.8968,5.8889,5.8825,5.8782,5.8757,5.8731,5.8706,5.8681,5.8655,5.8630,5.8606,5.8579,5.8554,5.8530,5.8503,5.8479,5.8453,5.8426,5.8402,5.8375,5.8347,5.8321,5.8296,5.8270,5.8244,5.8218,5.8191,5.8165,5.8143,5.8129,5.8115,5.8099,5.8085,5.8071,5.8057,5.8040,5.8026,5.8016,5.8012,5.8008,5.8004,5.8000,5.7996,5.7994,5.7990,5.7986,5.7982,5.7978,5.7974,5.7970,5.7966,5.7962,5.7958,5.7952,5.7948,5.7944,5.7940,5.7936,5.7932,5.7928,5.7924,5.7932,5.7940,5.7948,5.7954,5.7962,5.7970,5.7978,5.7984,5.7992,5.8000,5.8008,5.8014,5.8028,5.8044,5.8063,5.8079,5.8095,5.8111,5.8129,5.8145,5.8161,5.8179,5.8195,5.8213,5.8230,5.8248,5.8264,5.8282,5.8300,5.8317,5.8335,5.8351,5.8371,5.8396,5.8428,5.8463,5.8495,5.8528,5.8563,5.8595,5.8628,5.8661,5.8696,5.8753,5.8811,5.8868,5.8926,5.8984,5.9042,5.9101,5.9159,5.9217,5.9276,5.9334,5.9393,5.9465,5.9553,5.9644,5.9735,5.9825,5.9917,6.0009,6.0099,6.0194,6.0291,6.0391,6.0580,6.0771,6.0963,6.1975,7.5513,7.5513,7.5513,7.5513,7.5513,7.5513,7.5513,7.5513,7.5513,7.5513,7.5509,7.5509,7.5509,7.5509,7.5509,7.5509,7.5509,7.5509,7.5509,7.5509,7.5509,7.5509,7.5509,7.5509,7.5509,7.5509,7.5509,7.5509,7.5509,7.5509,7.5509,7.5509,7.5509,7.5509,7.5509,7.5509,7.5509,7.5509,7.5509,7.5509,7.5509,7.5509,7.5509,7.5509,7.5509,7.5509,7.5509,7.5509,7.5509,7.5509,7.5509,7.5509,7.5509,7.5509,7.5509,7.5509,7.5509,7.5509,7.5509,7.5509,7.5509,7.5509,7.5509,7.5509,7.5509,7.5509,7.5509,7.5509,7.5509,7.5509,7.5509,7.5509,7.5509,7.5509,7.5509,7.5509,7.5509,7.5509,7.5509,7.5509,7.5509,7.5509,7.5509,7.5509,7.5509,7.5509,7.5509,7.5509,7.5509,7.5509,7.5509,7.5509,7.5509,7.5509,7.5509,7.5509,7.5509,7.5509,7.5509,7.5509,7.5509,7.5509,7.5509,7.5509,7.5509,7.5509,7.5509,7.5509,7.5509,7.5509,7.5509,7.5509,7.5509,7.5509,7.5509,7.5509,7.5509,7.5509,7.5509,7.5509,7.5509,7.5509,7.5509,7.5509,7.5509,7.5509,7.5509,7.5509,7.5509,7.5509,7.5509,7.5509,7.5509,7.5509,7.5509,7.5509,7.5509,7.5509,7.5509,7.5509,7.5509,7.5509,7.5509,7.5509,7.5509,7.5509,7.5509,7.5509,7.5509,7.5509,7.5509,7.5509,7.5509,7.5509,7.5509,7.5509,7.5509,7.5509,7.5509,7.5509,7.5509,7.5509,7.5509,7.5509,7.5509,7.5509,7.5509,7.5509,7.5509,7.5509,7.5509,7.5509,7.5509,7.5509,7.5509,7.5509,7.5509,7.5509,7.5509,7.5509,7.5509,7.5509,7.5509,7.5509,7.5509,7.5509,7.5509,7.5509,7.5509,7.5509,7.5509,7.5509,7.5509,7.5509,7.5509,7.5509,7.5509,7.5509,7.5509,7.5509,7.5509,7.5509,7.5509,7.5509,7.5509,7.5509,7.5509,7.5509,7.5509,7.5509,7.5509,7.5509,7.5509,7.5509,7.5509,7.5509,7.5509,7.5509,7.5509,7.5509,7.5509,7.5509,7.5509,7.5509,7.5509,7.5509,7.5509,7.5509,7.5509,7.5509,7.5509,7.5509,7.5509,7.5509,7.5509,7.5509,7.5509,7.5509,7.5509,7.5509,7.5509,7.5509,7.5509,7.5509,7.5509,7.5509,7.5509,7.5509,7.5509,7.5509,7.5509,7.5509,7.5509,7.5509,7.5509,7.5509,7.5509,7.5509,7.5509,7.5509,7.5509,7.5509,7.5509,7.5509,7.5509,7.5509,7.5509,7.5509,7.5509,7.5509,7.5509,7.5509,7.5509,7.5509,7.5509,7.5509,7.5509,7.5509,7.5509,7.5509,7.5509,7.5509,7.5509,7.5509,7.5509,7.5509,7.5509,7.5509,7.5509,7.5509,7.5509,7.5509,7.5509,7.5509,7.5509,7.5509,7.5509,7.5509,7.5509,7.5509,7.5509,7.5509,7.5509,7.5509,7.5509,7.5509,7.5509,7.5509,7.5509,7.5509,7.5509,7.5509,7.5509,7.5509,7.5509,7.5509,7.5509,7.5509,7.5509,7.5509,7.5509,7.5509,7.5509,7.5509,7.5509,7.5509,7.5509,7.5509,7.5509,7.5509,7.5509,7.5509,7.5509,7.5509,7.5509,7.5509,7.5509,7.5509,7.5509,7.5509,7.5509,7.5509,7.5509,7.5509,7.5509,7.5509,7.5509,7.5509,7.5509,7.5509,7.5509,7.5509,7.5509,7.5509,7.5509,7.5509,7.5509,7.5509,7.5509,7.5509,7.5509,7.5509,7.5509,7.5509,7.5509,7.5509,7.5509,7.5509,7.5509,7.5509,7.5509,7.5509,7.5509,7.5509,7.5509,7.5509,7.5509,7.5509,7.5509,7.5509,7.5509,7.5509,7.5509,7.5509,7.5509,7.5509,7.5509,7.5509,7.5509,7.5509,7.5509,7.5509,7.5509,7.5509,7.5509,7.5509
7.5445,7.5445,7.5445,7.5445,7.5445,7.5445,7.5445,7.5445,7.5445,7.5445,7.5445,7.5445,7.5445,7.5445,7.5445,7.5445,7.5445,7.5445,7.5445,7.5445,7.5445,7.5445,7.5445,7.5445,7.5445,7.5445,7.5445,7.5445,7.5445,7.5445,7.5445,7.5445,7.5445,7.5445,7.5445,7.5445,7.5445,7.5445,7.5445,7.5445,7.5445,7.5445,7.5445,7.5445,7.5445,7.5445,7.5445,7.5445,7.5445,7.5445,7.5445,7.5445,7.5445,7.5445,7.5445,7.5445,7.5445,7.5445,7.5445,7.5445,7.5445,7.5445,7.5445,7.5445,7.5445,7.5445,7.5445,7.5445,7.5445,7.5445,7.5445,7.5445,7.5445,7.5445,7.5445,7.5445,7.5445,7.5445,7.5445,7.5445,7.5445,7.5445,7.5445,7.5445,7.5445,7.5445,7.5445,7.5445,7.5445,7.5445,7.5445,7.5445,7.5445,7.5445,7.5445,7.5445,7.5445,7.5445,7.5445,7.5445,7.5445,7.5445,7.5445,7.5445,7.5445,7.5445,7.5445,7.5445,7.5445,7.5445,7.5445,7.5445,7.5445,7.5445,7.5445,7.5445,7.5445,7.5445,7.5445,7.5445,7.5445,7.5445,7.5445,7.5445,7.5445,7.5445,7.5445,7.5445,7.5445,7.5445,7.5445,7.5445,7.5445,7.5445,7.5445,7.5445,7.5445,7.5445,7.5445,7.5445,7.5445,7.5445,7.5445,7.5445,7.5445,7.5445,7.5445,7.5445,7.5445,7.5445,7.5445,7.5445,7.5445,7.5445,7.5445,7.5445,7.5445,7.5445,7.5445,7.5445,7.5445,7.5445,7.5445,7.5445,7.5445,7.5445,7.5445,7.5445,7.5445,7.5445,7.5445,7.5445,7.5445,7.5445,7.5445,7.5445,7.5445,7.5445,7.5445,7.5445,7.5445,7.5445,7.5445,7.5445,7.5445,7.5445,7.5445,7.5445,7.5445,7.5445,7.5445,7.5445,7.5445,7.5445,7.5445,7.5445,7.5445,7.5445,7.5445,7.5445,7.5445,7.5445,7.5445,7.5445,7.5445,7.5445,7.5445,7.5445,7.5445,7.5445,7.5445,7.5445,7.5445,7.5445,7.5445,7.5445,7.5445,7.5445,7.5445,7.5445,7.5445,7.5445,7.5445,7.5445,7.5445,7.5445,7.5445,7.5445,7.5445,7.5445,7.5445,7.5445,7.5445,7.5445,7.5445,7.5445,7.5445,7.5445,7.5445,7.5445,7.5445,7.5445,7.5445,7.5445,7.5445,7.5445,7.5445,7.5445,7.5445,7.5445,7.5445,7.5445,7.5445,7.5445,7.5445,7.5445,7.5445,7.5445,7.5445,7.5445,7.5445,7.5445,7.5445,7.5445,7.5445,7.5445,7.5445,7.5445,7.5445,7.5445,7.5445,7.5445,7.5445,7.5445,7.5445,7.5445,7.5445,7.5445,7.5445,7.5445,7.5445,7.5445,7.5445,7.5445,7.5445,7.5445,7.5445,7.5445,7.5445,7.5445,7.5445,7.5445,7.5445,7.5445,7.5445,7.5445,7.5445,7.5445,7.5445,7.5445,7.5445,7.5445,7.5445,7.5445,7.5445,7.5445,7.5445,7.5445,7.5445,7.5445,7.5445,7.5445,7.5445,7.5445,7.5445,7.5445,7.5445,7.5445,7.5445,7.5445,7.5445,7.5445,7.5445,7.5445,7.5445,7.5445,7.5445,7.5445,7.5445,7.5445,7.5445,7.5445,7.5445,7.5445,7.5445,7.5445,7.5445,7.5445,7.5445,7.5445,7.5445,7.5445,7.5445,7.5445,7.5445,7.5445,7.5445,7.5445,7.5445,7.5445,7.5445,7.5445,7.5445,7.5445,7.5445,7.5445,7.5445,7.5445,7.5445,7.5445,7.5445,7.5445,7.5445,7.5445,7.5445,7.5445,7.5445,7.5445,7.5445,7.5445,7.5445,7.5445,7.5445,7.5445,7.5445,7.5445,7.5445,7.5445,7.5445,7.5445,7.5445,7.5445,7.5445,7.5445,7.5445,7.5445,7.5445,7.5445,7.5445,7.5445,7.5445,7.5445,7.5445,7.5445,7.5445,7.5445,7.5445,7.5445,7.5445,7.5445,7.5445,7.5445,7.5445,7.5445,7.5445,7.5445,7.5445,7.5445,7.5445,7.5445,6.2221,6.1512,6.1272,6.1036,6.0795,6.0549,6.0427,6.0306,6.0185,6.0064,5.9976,5.9895,5.9814,5.9733,5.9653,5.9572,5.9492,5.9412,5.9334,5.9255,5.9175,5.9096,5.9017,5.8939,5.8862,5.8815,5.8768,5.8739,5.8712,5.8687,5.8663,5.8636,5.8612,5.8587,5.8561,5.8536,5.8512,5.8485,5.8461,5.8434,5.8408,5.8381,5.8355,5.8329,5.8302,5.8276,5.8250,5.8224,5.8197,5.8171,5.8147,5.8131,5.8117,5.8101,5.8087,5.8073,5.8059,5.8042,5.8028,5.8014,5.8000,5.7994,5.7990,5.7986,5.7982,5.7978,5.7974,5.7970,5.7966,5.7962,5.7958,5.7956,5.7952,5.7948,5.7944,5.7940,5.7934,5.7930,5.7926,5.7922,5.7918,5.7914,5.7910,5.7912,5.7920,5.7928,5.7936,5.7942,5.7950,5.7958,5.7966,5.7972,5.7980,5.7988,5.7996,5.8002,5.8010,5.8026,5.8042,5.8061,5.8077,5.8093,5.8109,5.8127,5.8143,5.8159,5.8177,5.8193,5.8211,5.8228,5.8246,5.8262,5.8280,5.8298,5.8315,5.8333,5.8349,5.8381,5.8416,5.8448,5.8483,5.8516,5.8548,5.8581,5.8614,5.8646,5.8679,5.8718,5.8776,5.8833,5.8891,5.8949,5.9007,5.9065,5.9123,5.9182,5.9240,5.9299,5.9357,5.9425,5.9515,5.9604,5.9695,5.9786,5.9876,5.9968,6.0060,6.0153,6.0250,6.0347,6.0475,6.0665,6.0854,6.1652,7.5445,7.5445,7.5445,7.5445,7.5445,7.5445,7.5445,7.5445,7.5445,7.5445,7.5445,7.5445,7.5445,7.5445,7.5445,7.5445,7.5445,7.5445,7.5445,7.5445,7.5445,7.5445,7.5445,7.5445,7.5445,7.5445,7.5445,7.5445,7.5445,7.5445,7.5445,7.5445,7.5445,7.5445,7.5445,7.5445,7.5445,7.5445,7.5445,7.5445,7.5445,7.5445,7.5445,7.5445,7.5445,7.5445,7.5445,7.5445,7.5445,7.5445,7.5445,7.5445,7.5445,7.5445,7.5445,7.5445,7.5445,7.5445,7.5445,7.5445,7.5445,7.5445,7.5445,7.5445,7.5445,7.5445,7.5445,7.5445,7.5445,7.5445,7.5445,7.5445,7.5445,7.5445,7.5445,7.5445,7.5445,7.5445,7.5445,7.5445,7.5445,7.5445,7.5452,7.5452,7.5452,7.5452,7.5452,7.5452,7.5452,7.5452,7.5452,7.5452,7.5452,7.5452,7.5452,7.5452,7.5452,7.5452,7.5452,7.5452,7.5452,7.5452,7.5452,7.5452,7.5452,7.5452,7.5452,7.5452,7.5452,7.5452,7.5452,7.5452,7.5452,7.5452,7.5452,7.5452,7.5452,7.5452,7.5452,7.5452,7.5452,7.5452,7.5452,7.5452,7.5452,7.5452,7.5452,7.5452,7.5452,7.5452,7.5452,7.5452,7.5452,7.5452,7.5452,7.5452,7.5452,7.5452,7.5452,7.5452,7.5452,7.5452,7.5452,7.5452,7.5452,7.5452,7.5452,7.5452,7.5452,7.5452,7.5452,7.5452,7.5452,7.5452,7.5452,7.5452,7.5452,7.5452,7.5452,7.5452,7.5452,7.5452,7.5452,7.5452,7.5452,7.5452,7.5452,7.5452,7.5452,7.5452,7.5452,7.5452,7.5452,7.5452,7.5452,7.5452,7.5452,7.5452,7.5452,7.5452,7.5452,7.5452,7.5452,7.5452,7.5452,7.5452,7.5452,7.5452,7.5452,7.5452,7.5452,7.5452,7.5452,7.5452,7.5452,7.5452,7.5452,7.5452,7.5452,7.5452,7.5452,7.5452,7.5452,7.5452,7.5452,7.5452,7.5452,7.5452,7.5452,7.5452,7.5452,7.5452,7.5452,7.5452,7.5452,7.5452,7.5452,7.5452,7.5452,7.5452,7.5452,7.5452,7.5452,7.5452,7.5452,7.5452,7.5452,7.5452,7.5452,7.5452,7.5452,7.5452,7.5452,7.5452,7.5452,7.5452,7.5452,7.5452,7.5452,7.5452,7.5452,7.5452,7.5452,7.5452,7.5452,7.5452,7.5452,7.5452,7.5452,7.5452,7.5452,7.5452,7.5452,7.5452,7.5452,7.5452,7.5452,7.5452,7.5452,7.5452,7.5452,7.5452,7.5452,7.5452,7.5452,7.5452,7.5452,7.5452,7.5452,7.5452,7.5452,7.5452,7.5452,7.5452,7.5452,7.5452,7.5452,7.5452,7.5452,7.5452,7.5452,7.5452,7.5452,7.5452,7.5452,7.5452,7.5452,7.5452,7.5452,7.5452,7.5452,7.5452,7.5452,7.5452,7.5452,7.5452,7.5452,7.5452,7.5452,7.5452,7.5452,7.5452,7.5452,7.5452,7.5452,7.5452,7.5452,7.5452,7.5452,7.5452,7.5452,7.5452,7.5452,7.5452,7.5452,7.5452,7.5452,7.5452,7.5452,7.5452,7.5452,7.5452,7.5452,7.5452,7.5452,7.5452,7.5452,7.5452,7.5452,7.5452,7.5452,7.5452,7.5452,7.5452,7.5452,7.5452,7.5452,7.5452,7.5452,7.5452,7.5452,7.5452,7.5452,7.5452,7.5452,7.5452,7.5452,7.5452,7.5452,7.5452,7.5452,7.5452,7.5452,7.5452,7.5452,7.5452,7.5452,7.5452,7.5452,7.5452,7.5452,7.5452,7.5452,7.5452,7.5452,7.5452,7.5452,7.5452,7.5452,7.5452,7.5452,7.5452,7.5452,7.5452,7.5452,7.5452,7.5452,7.5452,7.5452,7.5452,7.5452,7.5452,7.5452,7.5452,7.5452,7.5452,7.5452,7.5452,7.5452,7.5452,7.5452,7.5452,7.5452,7.5452,7.5452,7.5452
7.5380,7.5380,7.5380,7.5380,7.5380,7.5380,7.5380,7.5380,7.5380,7.5380,7.5380,7.5380,7.5380,7.5380,7.5380,7.5380,7.5380,7.5380,7.5380,7.5380,7.5380,7.5380,7.5380,7.5380,7.5380,7.5380,7.5380,7.5380,7.5380,7.5380,7.5380,7.5380,7.5380,7.5380,7.5380,7.5380,7.5380,7.5380,7.5380,7.5380,7.5380,7.5380,7.5380,7.5380,7.5380,7.5380,7.5380,7.5380,7.5380,7.5380,7.5380,7.5380,7.5380,7.5380,7.5380,7.5380,7.5380,7.5380,7.5380,7.5380,7.5380,7.5380,7.5380,7.5380,7.5380,7.5380,7.5380,7.5380,7.5380,7.5380,7.5380,7.5380,7.5380,7.5380,7.5380,7.5380,7.5380,7.5380,7.5380,7.5380,7.5380,7.5380,7.5380,7.5380,7.5380,7.5380,7.5380,7.5380,7.5380,7.5380,7.5380,7.5380,7.5380,7.5380,7.5380,7.5380,7.5380,7.5380,7.5380,7.5380,7.5380,7.5380,7.5380,7.5380,7.5380,7.5380,7.5380,7.5380,7.5380,7.5380,7.5380,7.5380,7.5380,7.5380,7.5380,7.5380,7.5380,7.5380,7.5380,7.5380,7.5380,7.5380,7.5380,7.5380,7.5380,7.5380,7.5380,7.5380,7.5380,7.5380,7.5380,7.5380,7.5380,7.5380,7.5380,7.5380,7.5380,7.5380,7.5380,7.5380,7.5380,7.5380,7.5380,7.5380,7.5380,7.5380,7.5380,7.5380,7.5380,7.5380,7.5380,7.5380,7.5380,7.5380,7.5380,7.5380,7.5380,7.5380,7.5380,7.5380,7.5380,7.5380,7.5380,7.5380,7.5380,7.5380,7.5380,7.5380,7.5380,7.5380,7.5380,7.5380,7.5380,7.5380,7.5380,7.5380,7.5380,7.5380,7.5380,7.5380,7.5380,7.5380,7.5380,7.5380,7.5380,7.5380,7.5380,7.5380,7.5380,7.5380,7.5380,7.5380,7.5380,7.5380,7.5380,7.5380,7.5380,7.5380,7.5380,7.5380,7.5380,7.5380,7.5380,7.5380,7.5380,7.5380,7.5380,7.5380,7.5380,7.5380,7.5380,7.5380,7.5380,7.5380,7.5380,7.5380,7.5380,7.5380,7.5380,7.5380,7.5380,7.5380,7.5380,7.5380,7.5380,7.5380,7.5380,7.5380,7.5380,7.5380,7.5380,7.5380,7.5380,7.5380,7.5380,7.5380,7.5380,7.5380,7.5380,7.5380,7.5380,7.5380,7.5380,7.5380,7.5380,7.5380,7.5380,7.5380,7.5380,7.5380,7.5380,7.5380,7.5380,7.5380,7.5380,7.5380,7.5380,7.5380,7.5380,7.5380,7.5380,7.5380,7.5380,7.5380,7.5387,7.5387,7.5387,7.5387,7.5387,7.5387,7.5387,7.5387,7.5387,7.5387,7.5387,7.5387,7.5387,7.5387,7.5387,7.5387,7.5387,7.5387,7.5387,7.5387,7.5387,7.5387,7.5387,7.5387,7.5387,7.5387,7.5387,7.5387,7.5387,7.5387,7.5387,7.5387,7.5387,7.5387,7.5387,7.5387,7.5387,7.5387,7.5387,7.5387,7.5387,7.5387,7.5387,7.5387,7.5387,7.5387,7.5387,7.5387,7.5387,7.5387,7.5387,7.5387,7.5387,7.5387,7.5387,7.5387,7.5387,7.5387,7.5387,7.5387,7.5387,7.5387,7.5387,7.5387,7.5387,7.5387,7.5387,7.5387,7.5387,7.5387,7.5387,7.5387,7.5387,7.5387,7.5387,7.5387,7.5387,7.5387,7.5387,7.5387,7.5387,7.5387,7.5387,7.5387,7.5387,7.5387,7.5387,7.5387,7.5387,7.5387,7.5387,7.5387,7.5387,7.5387,7.5387,7.5387,7.5387,7.5387,7.5387,7.5387,7.5387,7.5387,7.5387,7.5387,7.5387,7.5387,7.5387,7.5387,7.5387,7.5387,7.5387,7.5387,7.5387,7.5387,7.5387,7.5387,7.5387,7.5387,7.5387,7.5387,7.5387,7.5387,7.5387,7.5387,7.5387,7.5387,7.5387,7.5387,7.5387,7.5387,7.5387,7.5387,7.5387,7.5387,7.5387,7.5387,7.5387,7.5387,7.5387,7.5387,7.5387,7.5387,7.5387,7.5387,7.5387,7.5387,6.1670,6.1424,6.1185,6.0952,6.0707,6.0521,6.0397,6.0276,6.0155,6.0034,5.9949,5.9867,5.9784,5.9704,5.9623,5.9545,5.9465,5.9385,5.9305,5.9226,5.9146,5.9067,5.8990,5.8912,5.8854,5.8807,5.8759,5.8720,5.8694,5.8669,5.8644,5.8618,5.8593,5.8569,5.8542,5.8518,5.8493,5.8467,5.8440,5.8416,5.8388,5.8361,5.8339,5.8310,5.8284,5.8258,5.8232,5.8205,5.8179,5.8153,5.8133,5.8119,5.8103,5.8089,5.8075,5.8061,5.8044,5.8030,5.8016,5.8002,5.7986,5.7974,5.7972,5.7968,5.7964,5.7960,5.7956,5.7952,5.7948,5.7944,5.7940,5.7936,5.7932,5.7928,5.7924,5.7922,5.7918,5.7912,5.7908,5.7904,5.7900,5.7896,5.7894,5.7900,5.7908,5.7916,5.7924,5.7930,5.7938,5.7946,5.7954,5.7960,5.7968,5.7976,5.7984,5.7990,5.7998,5.8008,5.8024,5.8042,5.8059,5.8075,5.8091,5.8109,5.8125,5.8141,5.8157,5.8173,5.8191,5.8209,5.8226,5.8244,5.8260,5.8278,5.8294,5.8313,5.8337,5.8369,5.8404,5.8436,5.8469,5.8501,5.8536,5.8569,5.8601,5.8634,5.8667,5.8700,5.8741,5.8798,5.8856,5.8914,5.8972,5.9030,5.9088,5.9146,5.9205,5.9263,5.9322,5.9387,5.9475,5.9564,5.9655,5.9746,5.9835,5.9927,6.0019,6.0112,6.0209,6.0306,6.0404,6.0558,6.0749,6.1247,6.2097,7.5387,7.5387,7.5387,7.5387,7.5387,7.5387,7.5387,7.5387,7.5387,7.5387,7.5387,7.5387,7.5387,7.5387,7.5387,7.5387,7.5387,7.5387,7.5387,7.5387,7.5387,7.5387,7.5387,7.5387,7.5387,7.5387,7.5387,7.5387,7.5387,7.5387,7.5387,7.5387,7.5387,7.5387,7.5387,7.5387,7.5387,7.5387,7.5387,7.5387,7.5387,7.5387,7.5387,7.5387,7.5387,7.5387,7.5387,7.5387,7.5387,7.5387,7.5387,7.5387,7.5387,7.5387,7.5387,7.5387,7.5387,7.5387,7.5387,7.5387,7.5387,7.5387,7.5387,7.5387,7.5387,7.5387,7.5387,7.5387,7.5387,7.5387,7.5387,7.5387,7.5387,7.5387,7.5387,7.5387,7.5387,7.5387,7.5387,7.5387,7.5387,7.5387,7.5387,7.5387,7.5387,7.5387,7.5387,7.5387,7.5387,7.5387,7.5387,7.5387,7.5387,7.5387,7.5387,7.5387,7.5387,7.5387,7.5387,7.5387,7.5387,7.5387,7.5387,7.5387,7.5387,7.5387,7.5387,7.5387,7.5387,7.5387,7.5387,7.5387,7.5387,7.5387,7.5387,7.5387,7.5387,7.5387,7.5387,7.5387,7.5387,7.5387,7.5387,7.5387,7.5387,7.5387,7.5387,7.5387,7.5387,7.5387,7.5387,7.5387,7.5387,7.5387,7.5387,7.5387,7.5387,7.5387,7.5387,7.5387,7.5387,7.5387,7.5387,7.5387,7.5387,7.5387,7.5387,7.5387,7.5387,7.5387,7.5387,7.5387,7.5387,7.5387,7.5387,7.5387,7.5387,7.5387,7.5387,7.5387,7.5387,7.5387,7.5387,7.5387,7.5387,7.5387,7.5387,7.5387,7.5387,7.5387,7.5387,7.5387,7.5387,7.5387,7.5387,7.5387,7.5387,7.5387,7.5387,7.5387,7.5387,7.5387,7.5387,7.5387,7.5387,7.5387,7.5387,7.5387,7.5387,7.5387,7.5387,7.5387,7.5387,7.5387,7.5387,7.5387,7.5387,7.5387,7.5387,7.5387,7.5387,7.5387,7.5387,7.5387,7.5387,7.5387,7.5387,7.5387,7.5387,7.5387,7.5387,7.5387,7.5387,7.5387,7.5387,7.5387,7.5387,7.5387,7.5387,7.5387,7.5387,7.5387,7.5387,7.5387,7.5387,7.5387,7.5387,7.5387,7.5387,7.5387,7.5387,7.5387,7.5387,7.5387,7.5387,7.5387,7.5387,7.5387,7.5387,7.5387,7.5387,7.5387,7.5387,7.5387,7.5387,7.5387,7.5387,7.5387,7.5387,7.5387,7.5387,7.5387,7.5387,7.5387,7.5387,7.5387,7.5387,7.5387,7.5387,7.5387,7.5387,7.5387,7.5387,7.5387,7.5387,7.5387,7.5387,7.5387,7.5387,7.5387,7.5387,7.5387,7.5387,7.5387,7.5387,7.5387,7.5387,7.5387,7.5387,7.5387,7.5387,7.5387,7.5387,7.5387,7.5387,7.5387,7.5387,7.5387,7.5387,7.5387,7.5387,7.5387,7.5387,7.5387,7.5387,7.5387,7.5387,7.5387,7.5387,7.5387,7.5387,7.5387,7.5387,7.5387,7.5387,7.5387,7.5387,7.5387,7.5387,7.5387,7.5387,7.5387,7.5387,7.5387,7.5387,7.5387,7.5387,7.5387,7.5387,7.5387,7.5387,7.5387,7.5387,7.5387,7.5387,7.5387,7.5387,7.5387,7.5387,7.5387,7.5387,7.5387,7.5387,7.5387,7.5387,7.5387,7.5387,7.5387,7.5387,7.5387,7.5387,7.5387,7.5387,7.5387,7.5387,7.5387,7.5387,7.5387,7.5387,7.5387,7.5387,7.5387,7.5387,7.5387,7.5387,7.5387,7.5387,7.5387,7.5387,7.5387,7.5387,7.5387,7.5387,7.5387,7.5387,7.5387,7.5387,7.5387,7.5387,7.5387,7.5387,7.5387,7.5387,7.5387,7.5387,7.5387,7.5387,7.5387,7.5387,7.5387,7.5387,7.5387,7.5387,7.5387,7.5387,7.5387,7.5387,7.5387,7.5387,7.5387,7.5387,7.5387,7.5387,7.5387,7.5387
7.5316,7.5316,7.5316,7.5316,7.5316,7.5316,7.5316,7.5316,7.5316,7.5316,7.5316,7.5316,7.5316,7.5316,7.5316,7.5316,7.5316,7.5316,7.5316,7.5316,7.5316,7.5316,7.5316,7.5316,7.5316,7.5316,7.5316,7.5316,7.5316,7.5316,7.5316,7.5316,7.5316,7.5316,7.5316,7.5316,7.5316,7.5316,7.5316,7.5316,7.5316,7.5316,7.5316,7.5316,7.5316,7.5316,7.5316,7.5316,7.5316,7.5316,7.5316,7.5316,7.5316,7.5316,7.5316,7.5316,7.5316,7.5316,7.5316,7.5316,7.5316,7.5316,7.5316,7.5316,7.5316,7.5316,7.5316,7.5316,7.5316,7.5316,7.5316,7.5316,7.5316,7.5316,7.5316,7.5316,7.5316,7.5316,7.5316,7.5316,7.5316,7.5316,7.5316,7.5316,7.5316,7.5316,7.5316,7.5316,7.5316,7.5316,7.5316,7.5316,7.5316,7.5316,7.5316,7.5316,7.5316,7.5316,7.5316,7.5316,7.5316,7.5316,7.5316,7.5316,7.5316,7.5316,7.5316,7.5316,7.5316,7.5316,7.5316,7.5316,7.5316,7.5316,7.5316,7.5316,7.5316,7.5316,7.5316,7.5316,7.5316,7.5316,7.5316,7.5316,7.5316,7.5316,7.5316,7.5316,7.5316,7.5316,7.5316,7.5316,7.5316,7.5316,7.5316,7.5316,7.5316,7.5316,7.5316,7.5316,7.5316,7.5316,7.5316,7.5316,7.5316,7.5316,7.5316,7.5316,7.5316,7.5316,7.5316,7.5316,7.5316,7.5316,7.5316,7.5316,7.5316,7.5316,7.5316,7.5316,7.5316,7.5316,7.5316,7.5316,7.5316,7.5316,7.5316,7.5316,7.5316,7.5316,7.5316,7.5316,7.5316,7.5316,7.5316,7.5316,7.5316,7.5316,7.5316,7.5316,7.5316,7.5316,7.5316,7.5316,7.5316,7.5316,7.5316,7.5316,7.5316,7.5316,7.5316,7.5316,7.5316,7.5316,7.5316,7.5316,7.5316,7.5316,7.5316,7.5316,7.5316,7.5316,7.5316,7.5316,7.5316,7.5316,7.5316,7.5316,7.5316,7.5316,7.5316,7.5316,7.5316,7.5316,7.5316,7.5316,7.5316,7.5316,7.5316,7.5316,7.5316,7.5316,7.5316,7.5316,7.5316,7.5316,7.5316,7.5316,7.5316,7.5316,7.5316,7.5316,7.5316,7.5316,7.5316,7.5316,7.5316,7.5316,7.5316,7.5316,7.5316,7.5316,7.5316,7.5316,7.5316,7.5316,7.5316,7.5316,7.5316,7.5316,7.5316,7.5316,7.5316,7.5316,7.5316,7.5316,7.5316,7.5316,7.5316,7.5316,7.5316,7.5316,7.5316,7.5316,7.5316,7.5316,7.5316,7.5316,7.5316,7.5316,7.5316,7.5316,7.5316,7.5316,7.5316,7.5316,7.5316,7.5316,7.5316,7.5316,7.5316,7.5316,7.5316,7.5316,7.5316,7.5316,7.5316,7.5316,7.5316,7.5316,7.5316,7.5316,7.5316,7.5316,7.5316,7.5316,7.5316,7.5316,7.5316,7.5316,7.5316,7.5316,7.5316,7.5316,7.5316,7.5316,7.5316,7.5316,7.5316,7.5316,7.5316,7.5316,7.5316,7.5316,7.5316,7.5316,7.5316,7.5316,7.5316,7.5316,7.5316,7.5316,7.5316,7.5316,7.5316,7.5316,7.5316,7.5316,7.5316,7.5316,7.5316,7.5316,7.5316,7.5316,7.5316,7.5316,7.5316,7.5316,7.5316,7.5316,7.5316,7.5316,7.5316,7.5316,7.5316,7.5316,7.5316,7.5316,7.5316,7.5316,7.5316,7.5316,7.5316,7.5316,7.5316,7.5316,7.5316,7.5316,7.5316,7.5316,7.5316,7.5316,7.5316,7.5316,7.5316,7.5316,7.5316,7.5316,7.5316,7.5316,7.5316,7.5316,7.5316,7.5316,7.5316,7.5316,7.5316,7.5316,7.5316,7.5316,7.5316,7.5316,7.5316,7.5316,7.5316,7.5316,7.5316,7.5316,7.5316,7.5316,7.5316,7.5316,7.5316,7.5316,7.5316,7.5316,7.5316,7.5316,7.5316,7.5316,7.5316,7.5316,7.5316,7.5316,7.5316,7.5316,7.5316,7.5316,7.5316,7.5316,6.1580,6.1337,6.1100,6.0865,6.0619,6.0491,6.0369,6.0248,6.0125,6.0004,5.9921,5.9838,5.9757,5.9676,5.9595,5.9515,5.9435,5.9355,5.9276,5.9198,5.9119,5.9040,5.8962,5.8891,5.8844,5.8796,5.8749,5.8702,5.8675,5.8651,5.8626,5.8599,5.8575,5.8550,5.8524,5.8499,5.8475,5.8448,5.8422,5.8398,5.8369,5.8343,5.8317,5.8290,5.8264,5.8238,5.8211,5.8187,5.8161,5.8135,5.8121,5.8105,5.8091,5.8077,5.8063,5.8046,5.8032,5.8018,5.8004,5.7988,5.7974,5.7960,5.7952,5.7948,5.7944,5.7940,5.7936,5.7934,5.7930,5.7926,5.7922,5.7918,5.7914,5.7910,5.7906,5.7902,5.7898,5.7894,5.7890,5.7886,5.7882,5.7878,5.7882,5.7888,5.7896,5.7904,5.7912,5.7918,5.7926,5.7934,5.7942,5.7948,5.7956,5.7964,5.7972,5.7978,5.7986,5.7994,5.8006,5.8022,5.8040,5.8057,5.8073,5.8089,5.8107,5.8123,5.8139,5.8155,5.8173,5.8189,5.8207,5.8224,5.8242,5.8258,5.8276,5.8292,5.8323,5.8357,5.8390,5.8422,5.8455,5.8489,5.8522,5.8554,5.8587,5.8620,5.8653,5.8685,5.8718,5.8763,5.8821,5.8879,5.8937,5.8995,5.9053,5.9111,5.9169,5.9228,5.9286,5.9349,5.9437,5.9526,5.9615,5.9706,5.9797,5.9887,5.9979,6.0071,6.0168,6.0265,6.0362,6.0460,6.0643,6.0835,6.1847,7.5316,7.5316,7.5316,7.5316,7.5316,7.5316,7.5316,7.5316,7.5316,7.5316,7.5316,7.5316,7.5316,7.5316,7.5316,7.5316,7.5316,7.5316,7.5316,7.5316,7.5316,7.5316,7.5316,7.5316,7.5316,7.5316,7.5316,7.5316,7.5316,7.5316,7.5316,7.5316,7.5316,7.5316,7.5316,7.5316,7.5316,7.5316,7.5316,7.5316,7.5316,7.5316,7.5316,7.5316,7.5316,7.5316,7.5316,7.5316,7.5316,7.5316,7.5316,7.5316,7.5316,7.5316,7.5316,7.5316,7.5316,7.5316,7.5316,7.5316,7.5316,7.5316,7.5316,7.5316,7.5316,7.5316,7.5316,7.5316,7.5316,7.5316,7.5316,7.5316,7.5316,7.5316,7.5316,7.5316,7.5316,7.5316,7.5316,7.5316,7.5316,7.5316,7.5316,7.5316,7.5316,7.5316,7.5316,7.5316,7.5316,7.5316,7.5316,7.5316,7.5316,7.5316,7.5316,7.5316,7.5316,7.5316,7.5316,7.5316,7.5316,7.5316,7.5316,7.5316,7.5316,7.5316,7.5316,7.5316,7.5316,7.5316,7.5316,7.5316,7.5316,7.5316,7.5316,7.5316,7.5316,7.5316,7.5316,7.5316,7.5316,7.5316,7.5316,7.5316,7.5316,7.5316,7.5316,7.5316,7.5316,7.5316,7.5316,7.5316,7.5316,7.5316,7.5316,7.5316,7.5316,7.5316,7.5316,7.5316,7.5316,7.5316,7.5316,7.5316,7.5316,7.5316,7.5316,7.5316,7.5316,7.5316,7.5316,7.5316,7.5316,7.5316,7.5316,7.5316,7.5316,7.5316,7.5316,7.5316,7.5316,7.5316,7.5316,7.5316,7.5316,7.5316,7.5316,7.5316,7.5316,7.5316,7.5316,7.5316,7.5316,7.5316,7.5316,7.5316,7.5316,7.5316,7.5316,7.5316,7.5316,7.5316,7.5316,7.5316,7.5316,7.5316,7.5316,7.5316,7.5316,7.5316,7.5316,7.5316,7.5316,7.5316,7.5316,7.5316,7.5316,7.5316,7.5316,7.5316,7.5316,7.5316,7.5316,7.5316,7.5316,7.5316,7.5316,7.5316,7.5316,7.5316,7.5316,7.5316,7.5316,7.5316,7.5316,7.5316,7.5316,7.5316,7.5316,7.5316,7.5316,7.5316,7.5316,7.5316,7.5316,7.5316,7.5316,7.5316,7.5316,7.5316,7.5316,7.5316,7.5316,7.5316,7.5316,7.5316,7.5316,7.5316,7.5316,7.5316,7.5316,7.5316,7.5316,7.5316,7.5316,7.5316,7.5316,7.5316,7.5316,7.5316,7.5316,7.5316,7.5316,7.5316,7.5316,7.5316,7.5316,7.5316,7.5316,7.5316,7.5316,7.5316,7.5316,7.5316,7.5316,7.5316,7.5316,7.5316,7.5316,7.5316,7.5316,7.5316,7.5316,7.5316,7.5316,7.5316,7.5316,7.5316,7.5316,7.5316,7.5316,7.5316,7.5316,7.5316,7.5316,7.5316,7.5316,7.5316,7.5316,7.5316,7.5316,7.5316,7.5316,7.5316,7.5316,7.5316,7.5316,7.5316,7.5316,7.5316,7.5316,7.5316,7.5316,7.5316,7.5316,7.5316,7.5316,7.5316,7.5316,7.5316,7.5316,7.5316,7.5316,7.5316,7.5316,7.5316,7.5316,7.5316,7.5316,7.5316,7.5316,7.5316,7.5316,7.5316,7.5316,7.5316,7.5316,7.5316,7.5316,7.5316,7.5316,7.5316,7.5316,7.5316,7.5316,7.5316,7.5316,7.5316,7.5316,7.5316,7.5316,7.5316,7.5316,7.5316,7.5316,7.5316,7.5316,7.5316,7.5316,7.5316,7.5316,7.5316,7.5316,7.5316,7.5316,7.5316,7.5316,7.5316,7.5316,7.5316,7.5316,7.5316,7.5316,7.5316,7.5316,7.5316,7.5316,7.5316,7.5316,7.5316,7.5316,7.5316,7.5316,7.5316,7.5316,7.5316,7.5316,7.5316,7.5316,7.5316,7.5316,7.5316,7.5316,7.5316,7.5316,7.5316,7.5316,7.5316,7.5316,7.5316,7.5316,7.5316,7.5316,7.5316,7.5316
7.5259,7.5259,7.5259,7.5259,7.5259,7.5259,7.5259,7.5259,7.5259,7.5259,7.5259,7.5259,7.5259,7.5259,7.5259,7.5259,7.5259,7.5259,7.5259,7.5259,7.5259,7.5259,7.5259,7.5259,7.5259,7.5259,7.5259,7.5259,7.5259,7.5259,7.5259,7.5259,7.5259,7.5259,7.5259,7.5259,7.5259,7.5259,7.5259,7.5259,7.5259,7.5259,7.5259,7.5259,7.5259,7.5259,7.5259,7.5259,7.5259,7.5259,7.5259,7.5259,7.5259,7.5259,7.5259,7.5259,7.5259,7.5259,7.5259,7.5259,7.5259,7.5259,7.5259,7.5259,7.5259,7.5259,7.5259,7.5259,7.5259,7.5259,7.5259,7.5259,7.5259,7.5259,7.5259,7.5259,7.5259,7.5259,7.5259,7.5259,7.5259,7.5259,7.5259,7.5259,7.5259,7.5259,7.5259,7.5259,7.5259,7.5259,7.5259,7.5259,7.5259,7.5259,7.5259,7.5259,7.5259,7.5259,7.5259,7.5259,7.5259,7.5259,7.5259,7.5259,7.5259,7.5259,7.5259,7.5259,7.5259,7.5259,7.5259,7.5259,7.5259,7.5259,7.5259,7.5259,7.5259,7.5259,7.5259,7.5259,7.5259,7.5259,7.5259,7.5259,7.5259,7.5259,7.5259,7.5259,7.5259,7.5259,7.5259,7.5259,7.5259,7.5259,7.5259,7.5259,7.5259,7.5259,7.5259,7.5259,7.5259,7.5259,7.5259,7.5259,7.5259,7.5259,7.5259,7.5259,7.5259,7.5259,7.5259,7.5259,7.5259,7.5259,7.5259,7.5259,7.5259,7.5259,7.5259,7.5259,7.5259,7.5259,7.5259,7.5259,7.5259,7.5259,7.5259,7.5259,7.5259,7.5259,7.5259,7.5259,7.5259,7.5259,7.5259,7.5259,7.5259,7.5259,7.5259,7.5259,7.5259,7.5259,7.5259,7.5259,7.5259,7.5259,7.5259,7.5259,7.5259,7.5259,7.5259,7.5259,7.5259,7.5259,7.5259,7.5259,7.5259,7.5259,7.5259,7.5259,7.5259,7.5259,7.5259,7.5259,7.5259,7.5259,7.5259,7.5259,7.5259,7.5259,7.5259,7.5259,7.5259,7.5259,7.5259,7.5259,7.5259,7.5259,7.5259,7.5259,7.5259,7.5259,7.5259,7.5259,7.5259,7.5259,7.5259,7.5259,7.5259,7.5259,7.5259,7.5259,7.5259,7.5259,7.5259,7.5259,7.5259,7.5259,7.5259,7.5259,7.5259,7.5259,7.5259,7.5259,7.5259,7.5259,7.5259,7.5259,7.5259,7.5259,7.5259,7.5259,7.5259,7.5259,7.5259,7.5259,7.5259,7.5259,7.5259,7.5259,7.5259,7.5259,7.5259,7.5259,7.5259,7.5259,7.5259,7.5259,7.5259,7.5259,7.5259,7.5259,7.5259,7.5259,7.5259,7.5259,7.5259,7.5259,7.5259,7.5259,7.5259,7.5259,7.5259,7.5259,7.5259,7.5259,7.5259,7.5259,7.5259,7.5259,7.5259,7.5259,7.5259,7.5259,7.5259,7.5259,7.5259,7.5259,7.5259,7.5259,7.5259,7.5259,7.5259,7.5259,7.5259,7.5259,7.5259,7.5259,7.5259,7.5259,7.5259,7.5259,7.5259,7.5259,7.5259,7.5259,7.5259,7.5259,7.5259,7.5259,7.5259,7.5259,7.5259,7.5259,7.5259,7.5259,7.5259,7.5259,7.5259,7.5259,7.5259,7.5259,7.5259,7.5259,7.5259,7.5259,7.5259,7.5259,7.5259,7.5259,7.5259,7.5259,7.5259,7.5259,7.5259,7.5259,7.5259,7.5259,7.5259,7.5259,7.5259,7.5259,7.5259,7.5259,7.5259,7.5259,7.5259,7.5259,7.5259,7.5259,7.5259,7.5259,7.5259,7.5259,7.5259,7.5259,7.5259,7.5259,7.5259,7.5259,7.5259,7.5259,7.5259,7.5259,7.5259,7.5259,7.5259,7.5259,7.5259,7.5259,7.5259,7.5259,7.5259,7.5259,7.5259,7.5259,7.5259,7.5259,7.5259,7.5259,7.5259,7.5259,7.5259,7.5259,7.5259,7.5259,7.5259,7.5259,7.5259,7.5259,7.5259,7.5259,7.5259,7.5259,7.5259,7.5259,7.5259,7.5259,7.5259,7.5259,6.1489,6.1250,6.1014,6.0777,6.0582,6.0460,6.0338,6.0217,6.0097,5.9976,5.9891,5.9810,5.9729,5.9646,5.9566,5.9486,5.9406,5.9328,5.9249,5.9169,5.9090,5.9011,5.8933,5.8883,5.8835,5.8786,5.8739,5.8692,5.8657,5.8632,5.8606,5.8581,5.8556,5.8530,5.8506,5.8481,5.8455,5.8428,5.8402,5.8379,5.8351,5.8325,5.8298,5.8272,5.8246,5.8220,5.8193,5.8167,5.8141,5.8123,5.8107,5.8093,5.8079,5.8065,5.8048,5.8034,5.8020,5.8006,5.7990,5.7976,5.7962,5.7948,5.7934,5.7930,5.7926,5.7922,5.7918,5.7914,5.7910,5.7906,5.7902,5.7900,5.7896,5.7892,5.7888,5.7884,5.7880,5.7876,5.7872,5.7868,5.7864,5.7862,5.7870,5.7876,5.7884,5.7892,5.7900,5.7906,5.7914,5.7922,5.7930,5.7936,5.7944,5.7952,5.7960,5.7966,5.7974,5.7982,5.7990,5.8004,5.8022,5.8038,5.8054,5.8071,5.8089,5.8105,5.8121,5.8137,5.8153,5.8171,5.8187,5.8205,5.8222,5.8240,5.8256,5.8276,5.8308,5.8343,5.8375,5.8412,5.8442,5.8475,5.8510,5.8542,5.8575,5.8608,5.8640,5.8673,5.8706,5.8739,5.8786,5.8844,5.8902,5.8959,5.9017,5.9076,5.9134,5.9192,5.9251,5.9311,5.9399,5.9486,5.9576,5.9665,5.9757,5.9848,5.9938,6.0030,6.0127,6.0224,6.0321,6.0419,6.0539,6.0729,6.1505,6.2216,7.5259,7.5259,7.5259,7.5259,7.5259,7.5259,7.5259,7.5259,7.5259,7.5259,7.5259,7.5259,7.5259,7.5259,7.5259,7.5259,7.5259,7.5259,7.5259,7.5259,7.5259,7.5259,7.5259,7.5259,7.5259,7.5259,7.5259,7.5259,7.5259,7.5259,7.5259,7.5259,7.5259,7.5259,7.5259,7.5259,7.5259,7.5259,7.5259,7.5259,7.5259,7.5259,7.5259,7.5259,7.5259,7.5259,7.5259,7.5259,7.5259,7.5259,7.5259,7.5259,7.5259,7.5259,7.5259,7.5259,7.5259,7.5259,7.5259,7.5259,7.5259,7.5259,7.5259,7.5259,7.5259,7.5259,7.5259,7.5259,7.5259,7.5259,7.5259,7.5259,7.5259,7.5259,7.5259,7.5259,7.5259,7.5259,7.5259,7.5259,7.5259,7.5259,7.5259,7.5259,7.5259,7.5259,7.5259,7.5259,7.5259,7.5259,7.5259,7.5259,7.5259,7.5259,7.5259,7.5259,7.5259,7.5259,7.5259,7.5259,7.5259,7.5259,7.5259,7.5259,7.5259,7.5259,7.5259,7.5259,7.5259,7.5259,7.5259,7.5259,7.5259,7.5259,7.5259,7.5259,7.5259,7.5259,7.5259,7.5259,7.5259,7.5259,7.5259,7.5259,7.5259,7.5259,7.5259,7.5259,7.5259,7.5259,7.5259,7.5259,7.5259,7.5259,7.5259,7.5259,7.5259,7.5259,7.5259,7.5259,7.5259,7.5259,7.5259,7.5259,7.5259,7.5259,7.5259,7.5259,7.5259,7.5259,7.5259,7.5259,7.5259,7.5259,7.5259,7.5259,7.5259,7.5259,7.5259,7.5259,7.5259,7.5259,7.5259,7.5259,7.5259,7.5259,7.5259,7.5259,7.5259,7.5259,7.5259,7.5259,7.5259,7.5259,7.5259,7.5259,7.5259,7.5259,7.5259,7.5259,7.5259,7.5259,7.5259,7.5259,7.5259,7.5259,7.5259,7.5259,7.5259,7.5259,7.5259,7.5259,7.5259,7.5259,7.5259,7.5259,7.5259,7.5259,7.5259,7.5259,7.5259,7.5259,7.5259,7.5259,7.5259,7.5259,7.5259,7.5259,7.5259,7.5259,7.5259,7.5259,7.5259,7.5259,7.5259,7.5259,7.5259,7.5259,7.5259,7.5259,7.5259,7.5259,7.5259,7.5259,7.5259,7.5259,7.5259,7.5259,7.5259,7.5259,7.5259,7.5259,7.5259,7.5259,7.5259,7.5259,7.5259,7.5259,7.5259,7.5259,7.5259,7.5259,7.5259,7.5259,7.5259,7.5259,7.5259,7.5259,7.5259,7.5259,7.5259,7.5259,7.5259,7.5259,7.5259,7.5259,7.5259,7.5259,7.5259,7.5259,7.5259,7.5259,7.5259,7.5259,7.5259,7.5259,7.5259,7.5259,7.5259,7.5259,7.5259,7.5259,7.5259,7.5259,7.5259,7.5259,7.5259,7.5259,7.5259,7.5259,7.5259,7.5259,7.5259,7.5259,7.5259,7.5259,7.5259,7.5259,7.5259,7.5259,7.5259,7.5259,7.5259,7.5259,7.5259,7.5259,7.5259,7.5259,7.5259,7.5259,7.5259,7.5259,7.5259,7.5259,7.5259,7.5259,7.5259,7.5259,7.5259,7.5259,7.5259,7.5259,7.5259,7.5259,7.5259,7.5259,7.5259,7.5259,7.5259,7.5259,7.5259,7.5259,7.5259,7.5259,7.5259,7.5259,7.5259,7.5259,7.5259,7.5259,7.5259,7.5259,7.5259,7.5259,7.5259,7.5259,7.5259,7.5259,7.5259,7.5259,7.5259,7.5259,7.5259,7.5259,7.5259,7.5259,7.5259,7.5259,7.5259,7.5259,7.5259,7.5259,7.5259,7.5259,7.5259,7.5259,7.5259,7.5259,7.5259,7.5259,7.5259,7.5259,7.5259,7.5259,7.5259,7.5259,7.5259,7.5259,7.5259,7.5259,7.5259,7.5259,7.5259,7.5259,7.5259,7.5259,7.5259,7.5259,7.5259,7.5259,7.5259,7.5259,7.5259,7.5259,7.5259,7.5259,7.5259,7.5259,7.5259,7.5259,7.5259,7.5259,7.5259,7.5259
7.5191,7.5191,7.5191,7.5191,7.5191,7.5191,7.5191,7.5191,7.5191,7.5191,7.5191,7.5191,7.5191,7.5191,7.5191,7.5191,7.5191,7.5191,7.5191,7.5191,7.5191,7.5191,7.5191,7.5191,7.5191,7.5191,7.5191,7.5191,7.5191,7.5191,7.5191,7.5191,7.5191,7.5191,7.5191,7.5191,7.5191,7.5191,7.5191,7.5191,7.5191,7.5191,7.5191,7.5191,7.5191,7.5191,7.5191,7.5191,7.5191,7.5191,7.5191,7.5191,7.5191,7.5191,7.5191,7.5191,7.5191,7.5191,7.5191,7.5191,7.5191,7.5191,7.5191,7.5191,7.5191,7.5191,7.5191,7.5191,7.5191,7.5191,7.5191,7.5191,7.5191,7.5191,7.5191,7.5191,7.5191,7.5191,7.5191,7.5191,7.5191,7.5191,7.5191,7.5191,7.5191,7.5191,7.5191,7.5191,7.5191,7.5191,7.5191,7.5191,7.5191,7.5191,7.5191,7.5191,7.5191,7.5191,7.5191,7.5191,7.5191,7.5191,7.5191,7.5191,7.5191,7.5191,7.5191,7.5191,7.5191,7.5191,7.5191,7.5191,7.5191,7.5191,7.5191,7.5191,7.5191,7.5191,7.5191,7.5191,7.5191,7.5191,7.5191,7.5191,7.5191,7.5191,7.5191,7.5191,7.5191,7.5191,7.5191,7.5191,7.5191,7.5191,7.5191,7.5191,7.5191,7.5191,7.5191,7.5191,7.5191,7.5191,7.5191,7.5191,7.5191,7.5191,7.5191,7.5191,7.5191,7.5191,7.5191,7.5191,7.5191,7.5191,7.5191,7.5191,7.5191,7.5191,7.5191,7.5191,7.5191,7.5191,7.5191,7.5191,7.5191,7.5191,7.5191,7.5191,7.5191,7.5191,7.5191,7.5191,7.5191,7.5191,7.5191,7.5191,7.5191,7.5191,7.5191,7.5191,7.5191,7.5191,7.5191,7.5191,7.5191,7.5191,7.5191,7.5191,7.5191,7.5191,7.5191,7.5191,7.5191,7.5191,7.5191,7.5191,7.5191,7.5191,7.5191,7.5191,7.5191,7.5191,7.5191,7.5191,7.5191,7.5191,7.5191,7.5191,7.5191,7.5191,7.5191,7.5191,7.5191,7.5191,7.5191,7.5191,7.5191,7.5191,7.5191,7.5191,7.5191,7.5191,7.5191,7.5191,7.5191,7.5191,7.5191,7.5191,7.5191,7.5191,7.5191,7.5191,7.5191,7.5191,7.5191,7.5191,7.5191,7.5191,7.5191,7.5191,7.5191,7.5191,7.5191,7.5191,7.5191,7.5191,7.5191,7.5191,7.5191,7.5191,7.5191,7.5191,7.5191,7.5191,7.5191,7.5191,7.5191,7.5191,7.5191,7.5191,7.5191,7.5191,7.5191,7.5191,7.5191,7.5191,7.5191,7.5191,7.5191,7.5191,7.5191,7.5191,7.5191,7.5191,7.5191,7.5191,7.5191,7.5191,7.5191,7.5191,7.5191,7.5191,7.5191,7.5191,7.5191,7.5191,7.5191,7.5191,7.5191,7.5191,7.5191,7.5191,7.5191,7.5191,7.5191,7.5191,7.5191,7.5191,7.5191,7.5191,7.5191,7.5191,7.5191,7.5191,7.5191,7.5191,7.5191,7.5191,7.5191,7.5191,7.5191,7.5191,7.5191,7.5191,7.5191,7.5191,7.5191,7.5191,7.5191,7.5191,7.5191,7.5191,7.5191,7.5191,7.5191,7.5191,7.5191,7.5191,7.5191,7.5191,7.5191,7.5191,7.5191,7.5191,7.5191,7.5191,7.5191,7.5191,7.5191,7.5191,7.5191,7.5191,7.5191,7.5191,7.5191,7.5191,7.5191,7.5191,7.5191,7.5191,7.5191,7.5191,7.5191,7.5191,7.5191,7.5191,7.5191,7.5191,7.5191,7.5191,7.5191,7.5191,7.5191,7.5191,7.5191,7.5191,7.5191,7.5191,7.5191,7.5191,7.5191,7.5191,7.5191,7.5191,7.5191,7.5191,7.5191,7.5191,7.5191,7.5191,7.5191,7.5191,7.5191,7.5191,7.5191,7.5191,7.5191,7.5191,7.5191,7.5191,7.5191,7.5191,7.5191,7.5191,7.5191,7.5191,7.5191,7.5191,7.5191,7.5191,7.5191,7.5191,7.5191,7.5191,7.5191,7.5191,7.5191,7.5191,7.5191,6.2410,6.1402,6.1165,6.0930,6.0690,6.0554,6.0432,6.0308,6.0187,6.0067,5.9946,5.9863,5.9780,5.9699,5.9619,5.9538,5.9458,5.9378,5.9299,5.9219,5.9140,5.9061,5.8984,5.8920,5.8873,5.8825,5.8778,5.8731,5.8683,5.8638,5.8614,5.8587,5.8563,5.8538,5.8512,5.8487,5.8463,5.8436,5.8412,5.8385,5.8357,5.8331,5.8304,5.8278,5.8252,5.8228,5.8201,5.8175,5.8149,5.8125,5.8109,5.8095,5.8081,5.8067,5.8050,5.8036,5.8022,5.8008,5.7992,5.7978,5.7964,5.7950,5.7934,5.7920,5.7912,5.7908,5.7904,5.7900,5.7896,5.7892,5.7888,5.7884,5.7880,5.7876,5.7872,5.7868,5.7864,5.7862,5.7858,5.7854,5.7851,5.7847,5.7851,5.7856,5.7864,5.7872,5.7880,5.7886,5.7894,5.7902,5.7910,5.7916,5.7924,5.7932,5.7940,5.7946,5.7954,5.7962,5.7970,5.7976,5.7986,5.8002,5.8020,5.8036,5.8052,5.8069,5.8087,5.8103,5.8119,5.8135,5.8153,5.8169,5.8185,5.8201,5.8220,5.8238,5.8262,5.8296,5.8329,5.8363,5.8396,5.8428,5.8463,5.8495,5.8528,5.8561,5.8593,5.8626,5.8659,5.8692,5.8726,5.8759,5.8809,5.8866,5.8924,5.8982,5.9040,5.9098,5.9157,5.9215,5.9274,5.9362,5.9448,5.9536,5.9627,5.9716,5.9808,5.9899,5.9989,6.0086,6.0183,6.0280,6.0378,6.0475,6.0624,6.0954,6.1968,7.5191,7.5191,7.5191,7.5191,7.5191,7.5191,7.5191,7.5191,7.5191,7.5191,7.5191,7.5191,7.5191,7.5191,7.5191,7.5191,7.5191,7.5191,7.5191,7.5191,7.5191,7.5191,7.5191,7.5191,7.5191,7.5191,7.5191,7.5191,7.5191,7.5191,7.5191,7.5191,7.5191,7.5191,7.5191,7.5191,7.5191,7.5191,7.5191,7.5191,7.5191,7.5191,7.5191,7.5191,7.5191,7.5191,7.5191,7.5191,7.5191,7.5191,7.5191,7.5191,7.5191,7.5191,7.5191,7.5191,7.5191,7.5191,7.5191,7.5191,7.5191,7.5191,7.5191,7.5191,7.5191,7.5191,7.5191,7.5191,7.5191,7.5191,7.5191,7.5191,7.5191,7.5191,7.5191,7.5191,7.5191,7.5191,7.5191,7.5191,7.5191,7.5191,7.5191,7.5191,7.5191,7.5191,7.5191,7.5191,7.5191,7.5191,7.5191,7.5191,7.5191,7.5191,7.5191,7.5191,7.5191,7.5191,7.5191,7.5191,7.5191,7.5191,7.5191,7.5198,7.5198,7.5198,7.5198,7.5198,7.5198,7.5198,7.5198,7.5198,7.5198,7.5198,7.5198,7.5198,7.5198,7.5198,7.5198,7.5198,7.5198,7.5198,7.5198,7.5198,7.5198,7.5198,7.5198,7.5198,7.5198,7.5198,7.5198,7.5198,7.5198,7.5198,7.5198,7.5198,7.5198,7.5198,7.5198,7.5198,7.5198,7.5198,7.5198,7.5198,7.5198,7.5198,7.5198,7.5198,7.5198,7.5198,7.5198,7.5198,7.5198,7.5198,7.5198,7.5198,7.5198,7.5198,7.5198,7.5198,7.5198,7.5198,7.5198,7.5198,7.5198,7.5198,7.5198,7.5198,7.5198,7.5198,7.5198,7.5198,7.5198,7.5198,7.5198,7.5198,7.5198,7.5198,7.5198,7.5198,7.5198,7.5198,7.5198,7.5198,7.5198,7.5198,7.5198,7.5198,7.5198,7.5198,7.5198,7.5198,7.5198,7.5198,7.5198,7.5198,7.5198,7.5198,7.5198,7.5198,7.5198,7.5198,7.5198,7.5198,7.5198,7.5198,7.5198,7.5198,7.5198,7.5198,7.5198,7.5198,7.5198,7.5198,7.5198,7.5198,7.5198,7.5198,7.5198,7.5198,7.5198,7.5198,7.5198,7.5198,7.5198,7.5198,7.5198,7.5198,7.5198,7.5198,7.5198,7.5198,7.5198,7.5198,7.5198,7.5198,7.5198,7.5198,7.5198,7.5198,7.5198,7.5198,7.5198,7.5198,7.5198,7.5198,7.5198,7.5198,7.5198,7.5198,7.5198,7.5198,7.5198,7.5198,7.5198,7.5198,7.5198,7.5198,7.5198,7.5198,7.5198,7.5198,7.5198,7.5198,7.5198,7.5198,7.5198,7.5198,7.5198,7.5198,7.5198,7.5198,7.5198,7.5198,7.5198,7.5198,7.5198,7.5198,7.5198,7.5198,7.5198,7.5198,7.5198,7.5198,7.5198,7.5198,7.5198,7.5198,7.5198,7.5198,7.5198,7.5198,7.5198,7.5198,7.5198,7.5198,7.5198,7.5198,7.5198,7.5198,7.5198,7.5198,7.5198,7.5198,7.5198,7.5198,7.5198,7.5198,7.5198,7.5198,7.5198,7.5198,7.5198,7.5198,7.5198,7.5198,7.5198,7.5198,7.5198,7.5198,7.5198,7.5198,7.5198,7.5198,7.5198,7.5198,7.5198,7.5198,7.5198,7.5198,7.5198,7.5198,7.5198,7.5198,7.5198,7.5198,7.5198,7.5198,7.5198,7.5198,7.5198,7.5198,7.5198,7.5198,7.5198,7.5198,7.5198,7.5198,7.5198,7.5198,7.5198,7.5198,7.5198,7.5198,7.5198,7.5198,7.5198,7.5198,7.5198,7.5198,7.5198,7.5198,7.5198,7.5198,7.5198,7.5198,7.5198,7.5198,7.5198,7.5198,7.5198,7.5198,7.5198,7.5198,7.5198,7.5198,7.5198,7.5198,7.5198,7.5198,7.5198,7.5198,7.5198,7.5198,7.5198,7.5198,7.5198,7.5198,7.5198,7.5198,7.5198,7.5198,7.5198,7.5198
7.5128,7.5128,7.5128,7.5128,7.5128,7.5128,7.5128,7.5128,7.5128,7.5128,7.5128,7.5128,7.5128,7.5128,7.5128,7.5128,7.5128,7.5128,7.5128,7.5128,7.5128,7.5128,7.5128,7.5128,7.5128,7.5128,7.5128,7.5128,7.5128,7.5128,7.5128,7.5128,7.5128,7.5128,7.5128,7.5128,7.5128,7.5128,7.5128,7.5128,7.5128,7.5128,7.5128,7.5128,7.5128,7.5128,7.5128,7.5128,7.5128,7.5128,7.5128,7.5128,7.5128,7.5128,7.5128,7.5128,7.5128,7.5128,7.5128,7.5128,7.5128,7.5128,7.5128,7.5128,7.5128,7.5128,7.5128,7.5128,7.5128,7.5128,7.5128,7.5128,7.5128,7.5128,7.5128,7.5128,7.5128,7.5128,7.5128,7.5128,7.5128,7.5128,7.5128,7.5128,7.5128,7.5128,7.5128,7.5128,7.5128,7.5128,7.5128,7.5128,7.5128,7.5128,7.5128,7.5128,7.5128,7.5128,7.5128,7.5128,7.5128,7.5128,7.5128,7.5128,7.5128,7.5128,7.5128,7.5128,7.5128,7.5128,7.5128,7.5128,7.5128,7.5128,7.5128,7.5128,7.5128,7.5128,7.5128,7.5128,7.5128,7.5128,7.5128,7.5128,7.5128,7.5128,7.5128,7.5128,7.5128,7.5128,7.5128,7.5128,7.5128,7.5128,7.5128,7.5128,7.5128,7.5128,7.5128,7.5128,7.5128,7.5128,7.5128,7.5128,7.5128,7.5128,7.5128,7.5128,7.5128,7.5128,7.5128,7.5128,7.5128,7.5128,7.5128,7.5128,7.5128,7.5128,7.5128,7.5128,7.5128,7.5128,7.5128,7.5128,7.5128,7.5128,7.5128,7.5128,7.5128,7.5128,7.5128,7.5128,7.5128,7.5128,7.5128,7.5128,7.5128,7.5128,7.5128,7.5128,7.5128,7.5128,7.5128,7.5128,7.5128,7.5128,7.5128,7.5128,7.5128,7.5128,7.5128,7.5128,7.5128,7.5128,7.5128,7.5128,7.5128,7.5128,7.5128,7.5128,7.5128,7.5128,7.5128,7.5128,7.5128,7.5128,7.5128,7.5128,7.5128,7.5128,7.5128,7.5128,7.5128,7.5128,7.5128,7.5128,7.5128,7.5128,7.5128,7.5128,7.5128,7.5128,7.5128,7.5128,7.5128,7.5128,7.5128,7.5128,7.5128,7.5128,7.5128,7.5128,7.5128,7.5128,7.5128,7.5128,7.5128,7.5128,7.5128,7.5128,7.5128,7.5128,7.5128,7.5128,7.5128,7.5128,7.5128,7.5128,7.5128,7.5128,7.5128,7.5128,7.5128,7.5128,7.5128,7.5128,7.5128,7.5128,7.5128,7.5128,7.5128,7.5128,7.5128,7.5128,7.5128,7.5128,7.5128,7.5128,7.5128,7.5128,7.5128,7.5128,7.5128,7.5128,7.5128,7.5128,7.5128,7.5128,7.5128,7.5128,7.5128,7.5128,7.5128,7.5128,7.5128,7.5128,7.5128,7.5128,7.5128,7.5128,7.5128,7.5128,7.5128,7.5128,7.5128,7.5128,7.5128,7.5128,7.5128,7.5128,7.5128,7.5128,7.5128,7.5128,7.5128,7.5128,7.5128,7.5128,7.5128,7.5128,7.5128,7.5128,7.5128,7.5128,7.5128,7.5128,7.5128,7.5128,7.5128,7.5128,7.5128,7.5128,7.5128,7.5128,7.5128,7.5128,7.5128,7.5128,7.5128,7.5128,7.5128,7.5128,7.5128,7.5128,7.5128,7.5128,7.5128,7.5128,7.5128,7.5128,7.5128,7.5128,7.5128,7.5128,7.5128,7.5128,7.5128,7.5128,7.5128,7.5128,7.5128,7.5128,7.5128,7.5128,7.5128,7.5128,7.5128,7.5128,7.5128,7.5128,7.5128,7.5128,7.5128,7.5128,7.5128,7.5128,7.5128,7.5128,7.5128,7.5128,7.5128,7.5128,7.5128,7.5128,7.5128,7.5128,7.5128,7.5128,7.5128,7.5128,7.5128,7.5128,7.5128,7.5128,7.5128,7.5128,7.5128,7.5128,7.5128,7.5128,7.5128,7.5128,7.5128,7.5128,7.5128,7.5128,7.5128,7.5128,7.5128,7.5128,7.5128,7.5128,7.5128,7.5128,7.5128,7.5128,7.5128,7.5128,7.5128,6.1555,6.1314,6.1078,6.0843,6.0646,6.0523,6.0401,6.0280,6.0159,6.0036,5.9917,5.9833,5.9752,5.9672,5.9589,5.9509,5.9429,5.9349,5.9269,5.9192,5.9113,5.9034,5.8959,5.8912,5.8864,5.8815,5.8768,5.8720,5.8673,5.8626,5.8595,5.8569,5.8544,5.8520,5.8493,5.8469,5.8442,5.8416,5.8392,5.8365,5.8339,5.8313,5.8286,5.8260,5.8234,5.8207,5.8181,5.8155,5.8129,5.8111,5.8097,5.8083,5.8069,5.8052,5.8038,5.8024,5.8010,5.7994,5.7980,5.7966,5.7952,5.7936,5.7922,5.7908,5.7894,5.7888,5.7884,5.7880,5.7878,5.7874,5.7870,5.7866,5.7862,5.7858,5.7854,5.7851,5.7847,5.7843,5.7839,5.7835,5.7831,5.7829,5.7837,5.7845,5.7851,5.7858,5.7866,5.7874,5.7882,5.7888,5.7896,5.7904,5.7912,5.7918,5.7926,5.7934,5.7942,5.7948,5.7956,5.7964,5.7972,5.7984,5.8000,5.8018,5.8034,5.8050,5.8067,5.8085,5.8101,5.8117,5.8133,5.8151,5.8167,5.8183,5.8199,5.8218,5.8250,5.8282,5.8317,5.8351,5.8381,5.8416,5.8448,5.8481,5.8516,5.8548,5.8581,5.8614,5.8646,5.8679,5.8712,5.8745,5.8778,5.8831,5.8889,5.8947,5.9005,5.9063,5.9121,5.9180,5.9238,5.9324,5.9412,5.9498,5.9587,5.9678,5.9767,5.9859,5.9951,6.0045,6.0142,6.0239,6.0336,6.0434,6.0532,6.0707,6.1706,6.2339,7.5128,7.5128,7.5128,7.5128,7.5128,7.5128,7.5128,7.5128,7.5128,7.5128,7.5128,7.5128,7.5128,7.5128,7.5128,7.5128,7.5128,7.5128,7.5128,7.5128,7.5128,7.5128,7.5128,7.5128,7.5128,7.5128,7.5128,7.5128,7.5128,7.5128,7.5128,7.5128,7.5128,7.5128,7.5128,7.5128,7.5128,7.5128,7.5128,7.5128,7.5128,7.5128,7.5128,7.5128,7.5128,7.5128,7.5128,7.5128,7.5128,7.5128,7.5128,7.5128,7.5128,7.5128,7.5128,7.5128,7.5128,7.5128,7.5128,7.5128,7.5128,7.5128,7.5128,7.5128,7.5128,7.5128,7.5128,7.5128,7.5128,7.5128,7.5128,7.5128,7.5128,7.5128,7.5128,7.5128,7.5128,7.5128,7.5128,7.5128,7.5128,7.5128,7.5128,7.5128,7.5128,7.5128,7.5128,7.5128,7.5128,7.5128,7.5128,7.5128,7.5128,7.5128,7.5128,7.5128,7.5128,7.5128,7.5128,7.5128,7.5128,7.5128,7.5128,7.5128,7.5128,7.5128,7.5128,7.5128,7.5128,7.5128,7.5128,7.5128,7.5128,7.5128,7.5128,7.5128,7.5128,7.5128,7.5128,7.5128,7.5128,7.5128,7.5128,7.5128,7.5128,7.5128,7.5128,7.5128,7.5128,7.5128,7.5128,7.5128,7.5128,7.5128,7.5128,7.5128,7.5128,7.5128,7.5128,7.5128,7.5128,7.5128,7.5128,7.5128,7.5128,7.5128,7.5128,7.5128,7.5128,7.5128,7.5128,7.5128,7.5128,7.5128,7.5128,7.5128,7.5128,7.5128,7.5128,7.5128,7.5128,7.5128,7.5128,7.5128,7.5128,7.5128,7.5128,7.5128,7.5128,7.5128,7.5128,7.5128,7.5128,7.5128,7.5128,7.5128,7.5128,7.5128,7.5128,7.5128,7.5128,7.5128,7.5128,7.5128,7.5128,7.5128,7.5128,7.5128,7.5128,7.5128,7.5128,7.5128,7.5128,7.5128,7.5128,7.5128,7.5128,7.5128,7.5128,7.5128,7.5128,7.5128,7.5128,7.5128,7.5128,7.5128,7.5128,7.5128,7.5128,7.5128,7.5128,7.5128,7.5128,7.5128,7.5128,7.5128,7.5128,7.5128,7.5128,7.5128,7.5128,7.5128,7.5128,7.5128,7.5128,7.5128,7.5128,7.5128,7.5128,7.5128,7.5128,7.5128,7.5128,7.5128,7.5128,7.5128,7.5128,7.5128,7.5128,7.5128,7.5128,7.5128,7.5128,7.5128,7.5128,7.5128,7.5128,7.5128,7.5128,7.5128,7.5128,7.5128,7.5128,7.5128,7.5128,7.5128,7.5128,7.5128,7.5128,7.5128,7.5128,7.5128,7.5128,7.5128,7.5128,7.5128,7.5128,7.5128,7.5128,7.5128,7.5128,7.5128,7.5128,7.5128,7.5128,7.5128,7.5128,7.5128,7.5128,7.5128,7.5128,7.5128,7.5128,7.5128,7.5128,7.5128,7.5128,7.5128,7.5128,7.5128,7.5128,7.5128,7.5128,7.5128,7.5128,7.5128,7.5128,7.5128,7.5128,7.5128,7.5128,7.5128,7.5128,7.5128,7.5128,7.5128,7.5128,7.5128,7.5128,7.5128,7.5128,7.5128,7.5128,7.5128,7.5128,7.5128,7.5128,7.5128,7.5128,7.5128,7.5128,7.5128,7.5128,7.5128,7.5128,7.5128,7.5128,7.5128,7.5128,7.5128,7.5128,7.5128,7.5128,7.5128,7.5128,7.5128,7.5128,7.5128,7.5128,7.5128,7.5128,7.5128,7.5128,7.5128,7.5128,7.5128,7.5128,7.5128,7.5128,7.5128,7.5128,7.5128,7.5128,7.5128,7.5128,7.5128,7.5128,7.5128,7.5128,7.5128,7.5128,7.5128,7.5128,7.5128,7.5128,7.5128,7.5128,7.5128,7.5128,7.5128,7.5128,7.5128,7.5128,7.5128,7.5128,7.5128,7.5128,7.5128,7.5128,7.5128,7.5128,7.5128,7.5128,7.5128,7.5128,7.5128,7.5128,7.5128,7.5128,7.5128,7.5128,7.5128,7.5128
7.5064,7.5064,7.5064,7.5064,7.5064,7.5064,7.5064,7.5064,7.5064,7.5064,7.5064,7.5064,7.5064,7.5064,7.5064,7.5064,7.5064,7.5064,7.5064,7.5064,7.5064,7.5064,7.5064,7.5064,7.5064,7.5064,7.5064,7.5064,7.5064,7.5064,7.5064,7.5064,7.5064,7.5064,7.5064,7.5064,7.5064,7.5064,7.5064,7.5064,7.5064,7.5064,7.5064,7.5064,7.5064,7.5064,7.5064,7.5064,7.5064,7.5064,7.5064,7.5064,7.5064,7.5064,7.5064,7.5064,7.5064,7.5064,7.5064,7.5064,7.5064,7.5064,7.5064,7.5064,7.5064,7.5064,7.5064,7.5064,7.5064,7.5064,7.5064,7.5064,7.5064,7.5064,7.5064,7.5064,7.5064,7.5064,7.5064,7.5064,7.5064,7.5064,7.5064,7.5064,7.5064,7.5064,7.5064,7.5064,7.5064,7.5064,7.5064,7.5064,7.5064,7.5064,7.5064,7.5064,7.5064,7.5064,7.5064,7.5064,7.5064,7.5064,7.5064,7.5064,7.5064,7.5064,7.5064,7.5064,7.5064,7.5064,7.5064,7.5064,7.5064,7.5064,7.5064,7.5064,7.5064,7.5064,7.5064,7.5064,7.5064,7.5064,7.5064,7.5064,7.5064,7.5064,7.5064,7.5064,7.5064,7.5064,7.5064,7.5064,7.5064,7.5064,7.5064,7.5064,7.5064,7.5064,7.5064,7.5064,7.5064,7.5064,7.5064,7.5064,7.5064,7.5064,7.5064,7.5064,7.5064,7.5064,7.5064,7.5064,7.5064,7.5064,7.5064,7.5064,7.5064,7.5064,7.5064,7.5064,7.5064,7.5064,7.5064,7.5064,7.5064,7.5064,7.5064,7.5064,7.5064,7.5064,7.5064,7.5064,7.5064,7.5064,7.5064,7.5064,7.5064,7.5064,7.5064,7.5064,7.5064,7.5064,7.5064,7.5064,7.5064,7.5064,7.5064,7.5064,7.5064,7.5064,7.5064,7.5064,7.5064,7.5064,7.5064,7.5064,7.5064,7.5064,7.5064,7.5064,7.5064,7.5064,7.5064,7.5064,7.5064,7.5064,7.5064,7.5064,7.5064,7.5064,7.5064,7.5064,7.5064,7.5064,7.5064,7.5064,7.5064,7.5064,7.5064,7.5064,7.5064,7.5064,7.5064,7.5064,7.5064,7.5064,7.5064,7.5064,7.5064,7.5064,7.5064,7.5064,7.5064,7.5064,7.5064,7.5064,7.5064,7.5064,7.5064,7.5064,7.5064,7.5064,7.5064,7.5064,7.5064,7.5064,7.5064,7.5064,7.5064,7.5064,7.5064,7.5064,7.5064,7.5064,7.5064,7.5064,7.5064,7.5064,7.5064,7.5064,7.5064,7.5064,7.5064,7.5064,7.5064,7.5064,7.5064,7.5064,7.5064,7.5064,7.5064,7.5064,7.5064,7.5064,7.5064,7.5064,7.5064,7.5064,7.5064,7.5064,7.5064,7.5064,7.5064,7.5064,7.5064,7.5064,7.5064,7.5064,7.5064,7.5064,7.5064,7.5064,7.5064,7.5064,7.5064,7.5064,7.5064,7.5064,7.5064,7.5064,7.5064,7.5064,7.5064,7.5064,7.5064,7.5064,7.5064,7.5064,7.5064,7.5064,7.5064,7.5064,7.5064,7.5064,7.5064,7.5064,7.5064,7.5064,7.5064,7.5064,7.5064,7.5064,7.5064,7.5064,7.5064,7.5064,7.5064,7.5064,7.5064,7.5064,7.5064,7.5064,7.5064,7.5064,7.5064,7.5064,7.5064,7.5064,7.5064,7.5064,7.5064,7.5064,7.5064,7.5064,7.5064,7.5064,7.5064,7.5064,7.5064,7.5064,7.5064,7.5064,7.5064,7.5064,7.5064,7.5064,7.5064,7.5064,7.5064,7.5064,7.5064,7.5064,7.5064,7.5064,7.5064,7.5064,7.5064,7.5064,7.5064,7.5064,7.5064,7.5064,7.5064,7.5064,7.5064,7.5064,7.5064,7.5064,7.5064,7.5064,7.5064,7.5064,7.5064,7.5064,7.5064,7.5064,7.5064,7.5064,7.5064,7.5064,7.5064,7.5064,7.5064,7.5064,7.5064,7.5064,7.5064,7.5064,7.5064,7.5064,7.5064,7.5064,7.5064,7.5064,7.5064,7.5064,7.5064,7.5064,7.5064,6.1467,6.1227,6.0994,6.0760,6.0615,6.0493,6.0371,6.0250,6.0129,6.0009,5.9889,5.9806,5.9723,5.9642,5.9562,5.9481,5.9399,5.9322,5.9242,5.9163,5.9084,5.9005,5.8949,5.8902,5.8854,5.8807,5.8759,5.8710,5.8663,5.8616,5.8577,5.8550,5.8526,5.8501,5.8475,5.8451,5.8424,5.8398,5.8371,5.8345,5.8319,5.8292,5.8266,5.8242,5.8215,5.8189,5.8163,5.8137,5.8113,5.8099,5.8085,5.8071,5.8054,5.8040,5.8026,5.8012,5.7996,5.7982,5.7968,5.7954,5.7938,5.7924,5.7910,5.7896,5.7882,5.7870,5.7866,5.7862,5.7858,5.7854,5.7851,5.7847,5.7843,5.7839,5.7835,5.7831,5.7827,5.7823,5.7819,5.7815,5.7811,5.7817,5.7823,5.7831,5.7839,5.7847,5.7853,5.7860,5.7868,5.7876,5.7882,5.7890,5.7898,5.7906,5.7912,5.7920,5.7928,5.7936,5.7944,5.7950,5.7958,5.7966,5.7982,5.7998,5.8016,5.8032,5.8048,5.8065,5.8083,5.8099,5.8115,5.8131,5.8149,5.8165,5.8181,5.8203,5.8236,5.8270,5.8302,5.8339,5.8369,5.8402,5.8436,5.8469,5.8501,5.8534,5.8567,5.8599,5.8632,5.8665,5.8700,5.8733,5.8765,5.8798,5.8854,5.8912,5.8970,5.9028,5.9086,5.9144,5.9203,5.9286,5.9374,5.9460,5.9549,5.9638,5.9727,5.9818,5.9910,6.0004,6.0101,6.0198,6.0295,6.0393,6.0491,6.0602,6.1238,6.2087,7.5064,7.5064,7.5064,7.5064,7.5064,7.5064,7.5064,7.5064,7.5064,7.5064,7.5064,7.5064,7.5064,7.5064,7.5064,7.5064,7.5064,7.5064,7.5064,7.5064,7.5064,7.5064,7.5064,7.5064,7.5064,7.5064,7.5064,7.5064,7.5064,7.5064,7.5064,7.5064,7.5064,7.5064,7.5064,7.5064,7.5064,7.5064,7.5064,7.5064,7.5064,7.5064,7.5064,7.5064,7.5064,7.5064,7.5064,7.5064,7.5064,7.5064,7.5064,7.5064,7.5064,7.5064,7.5064,7.5064,7.5064,7.5064,7.5064,7.5064,7.5064,7.5064,7.5064,7.5064,7.5064,7.5064,7.5064,7.5064,7.5064,7.5064,7.5064,7.5064,7.5064,7.5064,7.5064,7.5064,7.5064,7.5064,7.5064,7.5064,7.5064,7.5064,7.5064,7.5064,7.5064,7.5064,7.5064,7.5064,7.5064,7.5064,7.5064,7.5064,7.5064,7.5064,7.5064,7.5064,7.5064,7.5064,7.5064,7.5064,7.5064,7.5064,7.5064,7.5064,7.5064,7.5064,7.5064,7.5064,7.5064,7.5064,7.5064,7.5064,7.5064,7.5064,7.5064,7.5064,7.5064,7.5064,7.5064,7.5064,7.5064,7.5064,7.5064,7.5064,7.5064,7.5064,7.5064,7.5064,7.5064,7.5064,7.5064,7.5064,7.5064,7.5064,7.5064,7.5064,7.5064,7.5064,7.5064,7.5064,7.5064,7.5064,7.5064,7.5064,7.5064,7.5064,7.5064,7.5064,7.5064,7.5064,7.5064,7.5064,7.5064,7.5064,7.5064,7.5064,7.5064,7.5064,7.5064,7.5064,7.5064,7.5064,7.5064,7.5064,7.5064,7.5064,7.5064,7.5064,7.5064,7.5064,7.5064,7.5064,7.5064,7.5064,7.5064,7.5064,7.5064,7.5064,7.5064,7.5064,7.5064,7.5064,7.5064,7.5064,7.5064,7.5064,7.5064,7.5064,7.5064,7.5064,7.5064,7.5064,7.5064,7.5064,7.5064,7.5064,7.5064,7.5064,7.5064,7.5064,7.5064,7.5064,7.5064,7.5064,7.5064,7.5064,7.5064,7.5064,7.5064,7.5064,7.5064,7.5064,7.5064,7.5064,7.5064,7.5064,7.5064,7.5064,7.5064,7.5064,7.5064,7.5064,7.5064,7.5064,7.5064,7.5064,7.5064,7.5064,7.5064,7.5064,7.5064,7.5064,7.5064,7.5064,7.5064,7.5064,7.5064,7.5064,7.5064,7.5064,7.5064,7.5064,7.5064,7.5064,7.5064,7.5064,7.5064,7.5064,7.5064,7.5064,7.5064,7.5064,7.5064,7.5064,7.5064,7.5064,7.5064,7.5064,7.5064,7.5064,7.5064,7.5064,7.5064,7.5064,7.5064,7.5064,7.5064,7.5064,7.5064,7.5064,7.5064,7.5064,7.5064,7.5064,7.5064,7.5064,7.5064,7.5064,7.5064,7.5064,7.5064,7.5064,7.5064,7.5064,7.5064,7.5064,7.5064,7.5064,7.5064,7.5064,7.5064,7.5064,7.5064,7.5064,7.5064,7.5064,7.5064,7.5064,7.5064,7.5064,7.5064,7.5064,7.5064,7.5064,7.5064,7.5064,7.5064,7.5064,7.5064,7.5064,7.5064,7.5064,7.5064,7.5064,7.5064,7.5064,7.5064,7.5064,7.5064,7.5064,7.5064,7.5064,7.5064,7.5064,7.5064,7.5064,7.5064,7.5064,7.5064,7.5064,7.5064,7.5064,7.5064,7.5064,7.5064,7.5064,7.5064,7.5064,7.5064,7.5064,7.5064,7.5064,7.5064,7.5064,7.5064,7.5064,7.5064,7.5064,7.5064,7.5064,7.5064,7.5064,7.5064,7.5064,7.5064,7.5064,7.5064,7.5064,7.5064,7.5064,7.5064,7.5064,7.5064,7.5064,7.5064,7.5064,7.5064,7.5064,7.5064,7.5064,7.5064,7.5064,7.5064,7.5064,7.5064,7.5064,7.5064,7.5064,7.5064,7.5064,7.5064,7.5064,7.5064,7.5064,7.5064,7.5064,7.5064,7.5064,7.5064,7.5064,7.5064,7.5064,7.5064
7.5003,7.5003,7.5003,7.5003,7.5003,7.5003,7.5003,7.5003,7.5003,7.5003,7.5003,7.5003,7.5003,7.5003,7.5003,7.5003,7.5003,7.5003,7.5003,7.5003,7.5003,7.5003,7.5003,7.5003,7.5003,7.5003,7.5003,7.5003,7.5003,7.5003,7.5003,7.5003,7.5003,7.5003,7.5003,7.5003,7.5003,7.5003,7.5003,7.5003,7.5003,7.5003,7.5003,7.5003,7.5003,7.5003,7.5003,7.5003,7.5003,7.5003,7.5003,7.5003,7.5003,7.5003,7.5003,7.5003,7.5003,7.5003,7.5003,7.5003,7.5003,7.5003,7.5003,7.5003,7.5003,7.5003,7.5003,7.5003,7.5003,7.5003,7.5003,7.5003,7.5003,7.5003,7.5003,7.5003,7.5003,7.5003,7.5003,7.5003,7.5003,7.5003,7.5003,7.5003,7.5003,7.5003,7.5003,7.5003,7.5003,7.5003,7.5003,7.5003,7.5003,7.5003,7.5003,7.5003,7.5003,7.5003,7.5003,7.5003,7.5003,7.5003,7.5003,7.5003,7.5003,7.5003,7.5003,7.5003,7.5003,7.5003,7.5003,7.5003,7.5003,7.5003,7.5003,7.5003,7.5003,7.5003,7.5003,7.5003,7.5003,7.5003,7.5003,7.5003,7.5003,7.5003,7.5003,7.5003,7.5003,7.5003,7.5003,7.5003,7.5003,7.5003,7.5003,7.5003,7.5003,7.5003,7.5003,7.5003,7.5003,7.5003,7.5003,7.5003,7.5003,7.5003,7.5003,7.5003,7.5003,7.5003,7.5003,7.5003,7.5003,7.5003,7.5003,7.5003,7.5003,7.5003,7.5003,7.5003,7.5003,7.5003,7.5003,7.5003,7.5003,7.5003,7.5003,7.5003,7.5003,7.5003,7.5003,7.5003,7.5003,7.5003,7.5003,7.5003,7.5003,7.5003,7.5003,7.5003,7.5003,7.5003,7.5003,7.5003,7.5003,7.5003,7.5003,7.5003,7.5003,7.5003,7.5003,7.5003,7.5003,7.5003,7.5003,7.5003,7.5003,7.5003,7.5003,7.5003,7.5003,7.5003,7.5003,7.5003,7.5003,7.5003,7.5003,7.5003,7.5003,7.5003,7.5003,7.5003,7.5003,7.5003,7.5003,7.5003,7.5003,7.5003,7.5003,7.5003,7.5003,7.5003,7.5003,7.5003,7.5003,7.5003,7.5003,7.5003,7.5003,7.5003,7.5003,7.5003,7.5003,7.5003,7.5003,7.5003,7.5003,7.5003,7.5003,7.5003,7.5003,7.5003,7.5003,7.5003,7.5003,7.5003,7.5003,7.5003,7.5003,7.5003,7.5003,7.5003,7.5003,7.5003,7.5003,7.5003,7.5003,7.5003,7.5003,7.5003,7.5003,7.5003,7.5003,7.5003,7.5003,7.5003,7.5003,7.5003,7.5003,7.5003,7.5003,7.5003,7.5003,7.5003,7.5003,7.5003,7.5003,7.5003,7.5003,7.5003,7.5003,7.5003,7.5003,7.5003,7.5003,7.5003,7.5003,7.5003,7.5003,7.5003,7.5003,7.5003,7.5003,7.5003,7.5003,7.5003,7.5003,7.5003,7.5003,7.5003,7.5003,7.5003,7.5003,7.5003,7.5003,7.5003,7.5003,7.5003,7.5003,7.5003,7.5003,7.5003,7.5003,7.5003,7.5003,7.5003,7.5003,7.5003,7.5003,7.5003,7.5003,7.5003,7.5003,7.5003,7.5003,7.5003,7.5003,7.5003,7.5003,7.5003,7.5003,7.5003,7.5003,7.5003,7.5003,7.5003,7.5003,7.5003,7.5003,7.5003,7.5003,7.5003,7.5003,7.5003,7.5003,7.5003,7.5003,7.5003,7.5003,7.5003,7.5003,7.5003,7.5003,7.5003,7.5003,7.5003,7.5003,7.5003,7.5003,7.5003,7.5003,7.5003,7.5003,7.5003,7.5003,7.5003,7.5003,7.5003,7.5003,7.5003,7.5003,7.5003,7.5003,7.5003,7.5003,7.5003,7.5003,7.5003,7.5003,7.5003,7.5003,7.5003,7.5003,7.5003,7.5003,7.5003,7.5003,7.5003,7.5003,7.5003,7.5003,7.5003,7.5003,7.5003,7.5003,7.5003,7.5003,7.5003,7.5003,7.5003,7.5003,7.5003,7.5003,7.5003,7.5003,7.5003,7.5003,7.5003,7.5003,6.1379,6.1142,6.0907,6.0709,6.0587,6.0464,6.0341,6.0219,6.0099,5.9979,5.9859,5.9776,5.9695,5.9615,5.9532,5.9452,5.9372,5.9292,5.9213,5.9134,5.9055,5.8988,5.8941,5.8891,5.8844,5.8796,5.8749,5.8702,5.8655,5.8608,5.8559,5.8532,5.8508,5.8481,5.8457,5.8430,5.8406,5.8379,5.8355,5.8327,5.8300,5.8274,5.8248,5.8222,5.8195,5.8169,5.8143,5.8117,5.8101,5.8087,5.8073,5.8057,5.8042,5.8028,5.8014,5.7998,5.7984,5.7970,5.7956,5.7942,5.7926,5.7912,5.7898,5.7884,5.7870,5.7854,5.7847,5.7843,5.7839,5.7835,5.7831,5.7827,5.7823,5.7819,5.7815,5.7811,5.7809,5.7805,5.7801,5.7797,5.7795,5.7803,5.7811,5.7817,5.7825,5.7833,5.7841,5.7849,5.7854,5.7862,5.7870,5.7878,5.7884,5.7892,5.7900,5.7908,5.7914,5.7922,5.7930,5.7938,5.7944,5.7952,5.7964,5.7980,5.7996,5.8014,5.8030,5.8046,5.8063,5.8081,5.8097,5.8113,5.8129,5.8147,5.8163,5.8191,5.8224,5.8256,5.8288,5.8325,5.8355,5.8392,5.8422,5.8455,5.8489,5.8522,5.8554,5.8587,5.8620,5.8653,5.8685,5.8718,5.8751,5.8784,5.8821,5.8877,5.8935,5.8993,5.9051,5.9109,5.9167,5.9249,5.9336,5.9423,5.9511,5.9598,5.9689,5.9778,5.9870,5.9964,6.0060,6.0157,6.0254,6.0351,6.0449,6.0547,6.0687,6.1840,6.2461,7.5003,7.5003,7.5003,7.5003,7.5003,7.5003,7.5003,7.5003,7.5003,7.5003,7.5003,7.5003,7.5003,7.5003,7.5003,7.5003,7.5003,7.5003,7.5003,7.5003,7.5003,7.5003,7.5003,7.5003,7.5003,7.5003,7.5003,7.5003,7.5003,7.5003,7.5003,7.5003,7.5003,7.5003,7.5003,7.5003,7.5003,7.5003,7.5003,7.5003,7.5003,7.5003,7.5003,7.5003,7.5003,7.5003,7.5003,7.5003,7.5003,7.5003,7.5003,7.5003,7.5003,7.5003,7.5003,7.5003,7.5003,7.5003,7.5003,7.5003,7.5003,7.5003,7.5003,7.5003,7.5003,7.5003,7.5003,7.5003,7.5003,7.5003,7.5003,7.5003,7.5003,7.5003,7.5003,7.5003,7.5003,7.5003,7.5003,7.5003,7.5003,7.5003,7.5003,7.5003,7.5003,7.5003,7.5003,7.5003,7.5003,7.5003,7.5003,7.5003,7.5003,7.5003,7.5003,7.5003,7.5003,7.5003,7.5003,7.5003,7.5003,7.5003,7.5003,7.5003,7.5003,7.5003,7.5003,7.5003,7.5003,7.5003,7.5003,7.5003,7.5003,7.5003,7.5003,7.5003,7.5003,7.5003,7.5003,7.5003,7.5003,7.5003,7.5003,7.5003,7.5003,7.5003,7.5003,7.5003,7.5003,7.5003,7.5003,7.5003,7.5003,7.5003,7.5003,7.5003,7.5003,7.5003,7.5003,7.5003,7.5003,7.5003,7.5003,7.5003,7.5003,7.5003,7.5003,7.5003,7.5003,7.5003,7.5003,7.5003,7.5003,7.5003,7.5003,7.5003,7.5003,7.5003,7.5003,7.5003,7.5003,7.5003,7.5003,7.5003,7.5003,7.5003,7.5003,7.5003,7.5003,7.5003,7.5003,7.5003,7.5003,7.5003,7.5003,7.5003,7.5003,7.5003,7.5003,7.5003,7.5003,7.5003,7.5003,7.5003,7.5003,7.5003,7.5003,7.5003,7.5003,7.5003,7.5003,7.5003,7.5003,7.5003,7.5003,7.5003,7.5003,7.5003,7.5003,7.5003,7.5003,7.5003,7.5003,7.5003,7.5003,7.5003,7.5003,7.5003,7.5003,7.5003,7.5003,7.5003,7.5003,7.5003,7.5003,7.5003,7.5003,7.5003,7.5003,7.5003,7.5003,7.5003,7.5003,7.5003,7.5003,7.5003,7.5003,7.5003,7.5003,7.5003,7.5003,7.5003,7.5003,7.5003,7.5003,7.5003,7.5003,7.5003,7.5003,7.5003,7.5003,7.5003,7.5003,7.5007,7.5007,7.5007,7.5007,7.5007,7.5007,7.5007,7.5007,7.5007,7.5007,7.5007,7.5007,7.5007,7.5007,7.5007,7.5007,7.5007,7.5007,7.5007,7.5007,7.5007,7.5007,7.5007,7.5007,7.5007,7.5007,7.5007,7.5007,7.5007,7.5007,7.5007,7.5007,7.5007,7.5007,7.5007,7.5007,7.5007,7.5007,7.5007,7.5007,7.5007,7.5007,7.5007,7.5007,7.5007,7.5007,7.5007,7.5007,7.5007,7.5007,7.5007,7.5007,7.5007,7.5007,7.5007,7.5007,7.5007,7.5007,7.5007,7.5007,7.5007,7.5007,7.5007,7.5007,7.5007,7.5007,7.5007,7.5007,7.5007,7.5007,7.5007,7.5007,7.5007,7.5007,7.5007,7.5007,7.5007,7.5007,7.5007,7.5007,7.5007,7.5007,7.5007,7.5007,7.5007,7.5007,7.5007,7.5007,7.5007,7.5007,7.5007,7.5007,7.5007,7.5007,7.5007,7.5007,7.5007,7.5007,7.5007,7.5007,7.5007,7.5007,7.5007,7.5007,7.5007,7.5007,7.5007,7.5007,7.5007,7.5007,7.5007,7.5007,7.5007,7.5007,7.5007,7.5007,7.5007,7.5007,7.5007,7.5007,7.5007,7.5007,7.5007,7.5007,7.5007,7.5007,7.5007,7.5007,7.5007,7.5007,7.5007,7.5007,7.5007,7.5007,7.5007,7.5007,7.5007,7.5007,7.5007,7.5007,7.5007,7.5007,7.5007,7.5007,7.5007,7.5007,7.5007,7.5007,7.5007
7.4946,7.4946,7.4946,7.4946,7.4946,7.4946,7.4946,7.4946,7.4946,7.4946,7.4946,7.4946,7.4946,7.4946,7.4946,7.4946,7.4946,7.4946,7.4946,7.4946,7.4946,7.4946,7.4946,7.4946,7.4946,7.4946,7.4946,7.4946,7.4946,7.4946,7.4946,7.4946,7.4946,7.4946,7.4946,7.4946,7.4946,7.4946,7.4946,7.4946,7.4946,7.4946,7.4946,7.4946,7.4946,7.4946,7.4946,7.4946,7.4946,7.4946,7.4946,7.4946,7.4946,7.4946,7.4946,7.4946,7.4946,7.4946,7.4946,7.4946,7.4946,7.4946,7.4946,7.4946,7.4946,7.4946,7.4946,7.4946,7.4946,7.4946,7.4946,7.4946,7.4946,7.4946,7.4946,7.4946,7.4946,7.4946,7.4946,7.4946,7.4946,7.4946,7.4946,7.4946,7.4946,7.4946,7.4946,7.4946,7.4946,7.4946,7.4946,7.4946,7.4946,7.4946,7.4946,7.4946,7.4946,7.4946,7.4946,7.4946,7.4946,7.4946,7.4946,7.4946,7.4946,7.4946,7.4946,7.4946,7.4946,7.4946,7.4946,7.4946,7.4946,7.4946,7.4946,7.4946,7.4946,7.4946,7.4946,7.4946,7.4946,7.4946,7.4946,7.4946,7.4946,7.4946,7.4946,7.4946,7.4946,7.4946,7.4946,7.4946,7.4946,7.4946,7.4946,7.4946,7.4946,7.4946,7.4946,7.4946,7.4946,7.4946,7.4946,7.4946,7.4946,7.4946,7.4946,7.4946,7.4946,7.4946,7.4946,7.4946,7.4946,7.4946,7.4946,7.4946,7.4946,7.4946,7.4946,7.4946,7.4946,7.4946,7.4946,7.4946,7.4946,7.4946,7.4946,7.4946,7.4946,7.4946,7.4946,7.4946,7.4946,7.4946,7.4946,7.4946,7.4946,7.4946,7.4946,7.4946,7.4946,7.4946,7.4946,7.4946,7.4946,7.4946,7.4946,7.4946,7.4946,7.4946,7.4946,7.4946,7.4946,7.4946,7.4946,7.4946,7.4946,7.4946,7.4946,7.4946,7.4946,7.4946,7.4946,7.4946,7.4946,7.4946,7.4946,7.4946,7.4946,7.4946,7.4946,7.4946,7.4946,7.4946,7.4946,7.4946,7.4946,7.4946,7.4946,7.4946,7.4946,7.4946,7.4946,7.4946,7.4946,7.4946,7.4946,7.4946,7.4946,7.4946,7.4946,7.4946,7.4946,7.4946,7.4946,7.4946,7.4946,7.4946,7.4946,7.4946,7.4946,7.4946,7.4946,7.4946,7.4946,7.4946,7.4946,7.4946,7.4946,7.4946,7.4946,7.4946,7.4946,7.4946,7.4946,7.4946,7.4946,7.4946,7.4946,7.4946,7.4946,7.4946,7.4946,7.4946,7.4946,7.4946,7.4946,7.4946,7.4946,7.4946,7.4946,7.4946,7.4946,7.4946,7.4946,7.4946,7.4946,7.4946,7.4946,7.4946,7.4946,7.4946,7.4946,7.4946,7.4946,7.4946,7.4946,7.4946,7.4946,7.4946,7.4946,7.4946,7.4946,7.4946,7.4946,7.4946,7.4946,7.4946,7.4946,7.4946,7.4946,7.4946,7.4946,7.4946,7.4946,7.4946,7.4946,7.4946,7.4946,7.4946,7.4946,7.4946,7.4946,7.4946,7.4946,7.4946,7.4946,7.4946,7.4946,7.4946,7.4946,7.4946,7.4946,7.4946,7.4946,7.4946,7.4946,7.4946,7.4946,7.4946,7.4946,7.4946,7.4946,7.4946,7.4946,7.4946,7.4946,7.4946,7.4946,7.4946,7.4946,7.4946,7.4946,7.4946,7.4946,7.4946,7.4946,7.4946,7.4946,7.4946,7.4946,7.4946,7.4946,7.4946,7.4946,7.4946,7.4946,7.4946,7.4946,7.4946,7.4946,7.4946,7.4946,7.4946,7.4946,7.4946,7.4946,7.4946,7.4946,7.4946,7.4946,7.4946,7.4946,7.4946,7.4946,7.4946,7.4946,7.4946,7.4946,7.4946,7.4946,7.4946,7.4946,7.4946,7.4946,7.4946,7.4946,7.4946,7.4946,7.4946,7.4946,7.4946,7.4946,7.4946,7.4946,7.4946,7.4946,7.4946,7.4946,7.4946,7.4946,7.4946,7.4946,7.4946,7.4946,7.4946,7.4946,7.4946,6.2308,6.1292,6.1056,6.0821,6.0679,6.0556,6.0434,6.0312,6.0191,6.0073,5.9949,5.9829,5.9748,5.9667,5.9585,5.9505,5.9425,5.9343,5.9263,5.9186,5.9107,5.9028,5.8978,5.8930,5.8883,5.8835,5.8786,5.8739,5.8692,5.8644,5.8597,5.8550,5.8514,5.8489,5.8463,5.8438,5.8412,5.8385,5.8359,5.8333,5.8306,5.8282,5.8256,5.8230,5.8203,5.8177,5.8151,5.8125,5.8103,5.8089,5.8075,5.8059,5.8044,5.8030,5.8016,5.8000,5.7986,5.7972,5.7958,5.7944,5.7930,5.7916,5.7902,5.7888,5.7874,5.7858,5.7843,5.7829,5.7825,5.7821,5.7817,5.7813,5.7809,5.7805,5.7801,5.7797,5.7793,5.7789,5.7785,5.7781,5.7777,5.7783,5.7789,5.7797,5.7805,5.7813,5.7819,5.7827,5.7835,5.7843,5.7849,5.7856,5.7864,5.7872,5.7880,5.7886,5.7894,5.7902,5.7910,5.7916,5.7924,5.7932,5.7940,5.7946,5.7962,5.7978,5.7994,5.8012,5.8028,5.8044,5.8061,5.8079,5.8095,5.8111,5.8127,5.8147,5.8179,5.8211,5.8244,5.8276,5.8308,5.8343,5.8377,5.8408,5.8442,5.8475,5.8508,5.8540,5.8573,5.8606,5.8638,5.8673,5.8706,5.8739,5.8772,5.8805,5.8844,5.8902,5.8957,5.9015,5.9073,5.9132,5.9211,5.9299,5.9385,5.9473,5.9560,5.9648,5.9740,5.9829,5.9923,6.0019,6.0116,6.0213,6.0310,6.0408,6.0506,6.0604,6.1526,6.2209,7.4946,7.4946,7.4946,7.4946,7.4946,7.4946,7.4946,7.4946,7.4946,7.4946,7.4946,7.4946,7.4946,7.4946,7.4946,7.4946,7.4946,7.4946,7.4946,7.4946,7.4946,7.4946,7.4946,7.4946,7.4946,7.4946,7.4946,7.4946,7.4946,7.4946,7.4946,7.4946,7.4946,7.4946,7.4946,7.4946,7.4946,7.4946,7.4946,7.4946,7.4946,7.4946,7.4946,7.4946,7.4946,7.4946,7.4946,7.4946,7.4946,7.4946,7.4946,7.4946,7.4946,7.4946,7.4946,7.4946,7.4946,7.4946,7.4946,7.4946,7.4946,7.4946,7.4946,7.4946,7.4946,7.4946,7.4946,7.4946,7.4946,7.4946,7.4946,7.4946,7.4946,7.4946,7.4946,7.4946,7.4946,7.4946,7.4946,7.4946,7.4946,7.4946,7.4946,7.4946,7.4946,7.4946,7.4946,7.4946,7.4946,7.4946,7.4946,7.4946,7.4946,7.4946,7.4946,7.4946,7.4946,7.4946,7.4946,7.4946,7.4946,7.4946,7.4946,7.4946,7.4946,7.4946,7.4946,7.4946,7.4946,7.4946,7.4946,7.4946,7.4946,7.4946,7.4946,7.4946,7.4946,7.4946,7.4946,7.4946,7.4946,7.4946,7.4946,7.4946,7.4946,7.4946,7.4946,7.4946,7.4946,7.4946,7.4946,7.4946,7.4946,7.4946,7.4946,7.4946,7.4946,7.4946,7.4946,7.4946,7.4946,7.4946,7.4946,7.4946,7.4946,7.4946,7.4946,7.4946,7.4946,7.4946,7.4946,7.4946,7.4946,7.4946,7.4946,7.4946,7.4946,7.4946,7.4946,7.4946,7.4946,7.4946,7.4946,7.4946,7.4946,7.4946,7.4946,7.4946,7.4946,7.4946,7.4946,7.4946,7.4946,7.4946,7.4946,7.4946,7.4946,7.4946,7.4946,7.4946,7.4946,7.4946,7.4946,7.4946,7.4946,7.4946,7.4946,7.4946,7.4946,7.4946,7.4946,7.4946,7.4946,7.4946,7.4946,7.4946,7.4946,7.4946,7.4946,7.4946,7.4946,7.4946,7.4946,7.4946,7.4946,7.4946,7.4946,7.4946,7.4946,7.4946,7.4946,7.4946,7.4946,7.4946,7.4946,7.4946,7.4946,7.4946,7.4946,7.4946,7.4946,7.4946,7.4946,7.4946,7.4946,7.4946,7.4946,7.4946,7.4946,7.4946,7.4946,7.4946,7.4946,7.4946,7.4946,7.4946,7.4946,7.4946,7.4946,7.4946,7.4946,7.4946,7.4946,7.4946,7.4946,7.4946,7.4946,7.4946,7.4946,7.4946,7.4946,7.4946,7.4946,7.4946,7.4946,7.4946,7.4946,7.4946,7.4946,7.4946,7.4946,7.4946,7.4946,7.4946,7.4946,7.4946,7.4946,7.4946,7.4946,7.4946,7.4946,7.4946,7.4946,7.4946,7.4946,7.4946,7.4946,7.4946,7.4946,7.4946,7.4946,7.4946,7.4946,7.4946,7.4946,7.4946,7.4946,7.4946,7.4946,7.4946,7.4946,7.4946,7.4946,7.4946,7.4946,7.4946,7.4946,7.4946,7.4946,7.4946,7.4946,7.4946,7.4946,7.4946,7.4946,7.4946,7.4946,7.4946,7.4946,7.4946,7.4946,7.4946,7.4946,7.4946,7.4946,7.4946,7.4946,7.4946,7.4946,7.4946,7.4946,7.4946,7.4946,7.4946,7.4946,7.4946,7.4946,7.4946,7.4946,7.4946,7.4946,7.4946,7.4946,7.4946,7.4946,7.4946,7.4946,7.4946,7.4946,7.4946,7.4946,7.4946,7.4946,7.4946,7.4946,7.4946,7.4946,7.4946,7.4946,7.4946,7.4946,7.4946,7.4946,7.4946,7.4946,7.4946,7.4946,7.4946,7.4946,7.4946,7.4946,7.4946,7.4946,7.4946,7.4946,7.4946,7.4946,7.4946,7.4946,7.4946,7.4946,7.4946,7.4946,7.4946,7.4946,7.4946,7.4946,7.4946,7.4946,7.4946,7.4946,7.4946,7.4946,7.4946,7.4946,7.4946,7.4946,7.4946,7.4946,7.4946,7.4946,7.4946
7.4883,7.4883,7.4883,7.4883,7.4883,7.4883,7.4883,7.4883,7.4883,7.4883,7.4883,7.4883,7.4883,7.4883,7.4883,7.4883,7.4883,7.4883,7.4883,7.4883,7.4883,7.4883,7.4883,7.4883,7.4883,7.4883,7.4883,7.4883,7.4883,7.4883,7.4883,7.4883,7.4883,7.4883,7.4883,7.4883,7.4883,7.4883,7.4883,7.4883,7.4883,7.4883,7.4883,7.4883,7.4883,7.4883,7.4883,7.4883,7.4883,7.4883,7.4883,7.4883,7.4883,7.4883,7.4883,7.4883,7.4883,7.4883,7.4883,7.4883,7.4883,7.4883,7.4883,7.4883,7.4883,7.4883,7.4883,7.4883,7.4883,7.4883,7.4883,7.4883,7.4883,7.4883,7.4883,7.4883,7.4883,7.4883,7.4883,7.4883,7.4883,7.4883,7.4883,7.4883,7.4883,7.4883,7.4883,7.4883,7.4883,7.4883,7.4883,7.4883,7.4883,7.4883,7.4883,7.4883,7.4883,7.4883,7.4883,7.4883,7.4883,7.4883,7.4883,7.4883,7.4883,7.4883,7.4883,7.4883,7.4883,7.4883,7.4883,7.4883,7.4883,7.4883,7.4883,7.4883,7.4883,7.4883,7.4883,7.4883,7.4883,7.4883,7.4883,7.4883,7.4883,7.4883,7.4883,7.4883,7.4883,7.4883,7.4883,7.4883,7.4883,7.4883,7.4883,7.4883,7.4883,7.4883,7.4883,7.4883,7.4883,7.4883,7.4883,7.4883,7.4883,7.4883,7.4883,7.4883,7.4883,7.4883,7.4883,7.4883,7.4883,7.4883,7.4883,7.4883,7.4883,7.4883,7.4883,7.4883,7.4883,7.4883,7.4883,7.4883,7.4883,7.4883,7.4883,7.4883,7.4883,7.4883,7.4883,7.4883,7.4883,7.4883,7.4883,7.4883,7.4883,7.4883,7.4883,7.4883,7.4883,7.4883,7.4883,7.4883,7.4883,7.4883,7.4883,7.4883,7.4883,7.4883,7.4883,7.4883,7.4883,7.4883,7.4883,7.4883,7.4883,7.4883,7.4883,7.4883,7.4883,7.4883,7.4883,7.4883,7.4883,7.4883,7.4883,7.4883,7.4883,7.4883,7.4883,7.4883,7.4883,7.4883,7.4883,7.4883,7.4883,7.4883,7.4883,7.4883,7.4883,7.4883,7.4883,7.4883,7.4883,7.4883,7.4883,7.4883,7.4883,7.4883,7.4883,7.4883,7.4883,7.4883,7.4883,7.4883,7.4883,7.4883,7.4883,7.4883,7.4883,7.4883,7.4883,7.4883,7.4883,7.4883,7.4883,7.4883,7.4883,7.4883,7.4883,7.4883,7.4883,7.4883,7.4883,7.4883,7.4883,7.4883,7.4883,7.4883,7.4883,7.4883,7.4883,7.4883,7.4883,7.4883,7.4883,7.4883,7.4883,7.4883,7.4883,7.4883,7.4883,7.4883,7.4883,7.4883,7.4883,7.4883,7.4883,7.4883,7.4883,7.4883,7.4883,7.4883,7.4883,7.4883,7.4883,7.4883,7.4883,7.4883,7.4883,7.4883,7.4883,7.4883,7.4883,7.4883,7.4883,7.4883,7.4883,7.4883,7.4883,7.4883,7.4883,7.4883,7.4883,7.4883,7.4883,7.4883,7.4883,7.4883,7.4883,7.4883,7.4883,7.4883,7.4883,7.4883,7.4883,7.4883,7.4883,7.4883,7.4883,7.4883,7.4883,7.4883,7.4883,7.4883,7.4883,7.4883,7.4883,7.4883,7.4883,7.4883,7.4883,7.4883,7.4883,7.4883,7.4883,7.4883,7.4883,7.4883,7.4883,7.4883,7.4883,7.4883,7.4883,7.4883,7.4883,7.4883,7.4883,7.4883,7.4883,7.4883,7.4883,7.4883,7.4883,7.4883,7.4876,7.4876,7.4876,7.4876,7.4876,7.4876,7.4876,7.4876,7.4876,7.4876,7.4876,7.4876,7.4876,7.4876,7.4876,7.4876,7.4876,7.4876,7.4876,7.4876,7.4876,7.4876,7.4876,7.4876,7.4876,7.4876,7.4876,7.4876,7.4876,7.4876,7.4876,7.4876,7.4876,7.4876,7.4876,7.4876,7.4876,7.4876,7.4876,7.4876,7.4876,7.4876,7.4876,7.4876,7.4876,7.4876,7.4876,7.4876,7.4876,7.4876,7.4876,7.4876,6.1442,6.1205,6.0969,6.0771,6.0650,6.0528,6.0404,6.0282,6.0161,6.0041,5.9921,5.9801,5.9718,5.9638,5.9557,5.9477,5.9395,5.9316,5.9236,5.9157,5.9078,5.9017,5.8968,5.8920,5.8873,5.8825,5.8778,5.8731,5.8683,5.8634,5.8587,5.8540,5.8495,5.8471,5.8444,5.8420,5.8396,5.8367,5.8341,5.8315,5.8288,5.8262,5.8236,5.8209,5.8183,5.8157,5.8133,5.8107,5.8091,5.8077,5.8061,5.8046,5.8032,5.8018,5.8004,5.7990,5.7976,5.7962,5.7948,5.7932,5.7918,5.7904,5.7890,5.7876,5.7862,5.7847,5.7831,5.7813,5.7805,5.7801,5.7797,5.7793,5.7789,5.7785,5.7781,5.7777,5.7773,5.7769,5.7765,5.7761,5.7761,5.7769,5.7777,5.7783,5.7791,5.7799,5.7807,5.7815,5.7821,5.7829,5.7837,5.7845,5.7851,5.7858,5.7866,5.7874,5.7880,5.7888,5.7896,5.7904,5.7912,5.7918,5.7926,5.7934,5.7944,5.7960,5.7976,5.7992,5.8010,5.8026,5.8042,5.8059,5.8077,5.8093,5.8109,5.8135,5.8167,5.8197,5.8230,5.8262,5.8296,5.8329,5.8361,5.8398,5.8428,5.8463,5.8495,5.8528,5.8561,5.8593,5.8626,5.8659,5.8692,5.8724,5.8757,5.8790,5.8823,5.8866,5.8924,5.8980,5.9038,5.9096,5.9173,5.9261,5.9347,5.9435,5.9522,5.9610,5.9699,5.9791,5.9884,5.9981,6.0075,6.0172,6.0269,6.0367,6.0464,6.0571,6.1067,6.1964,6.2585,7.4876,7.4876,7.4876,7.4876,7.4876,7.4876,7.4876,7.4876,7.4876,7.4876,7.4876,7.4876,7.4876,7.4876,7.4876,7.4876,7.4876,7.4876,7.4876,7.4876,7.4876,7.4876,7.4876,7.4876,7.4876,7.4876,7.4876,7.4876,7.4876,7.4876,7.4876,7.4876,7.4876,7.4876,7.4876,7.4876,7.4876,7.4876,7.4876,7.4876,7.4876,7.4876,7.4876,7.4876,7.4876,7.4876,7.4876,7.4876,7.4876,7.4876,7.4876,7.4876,7.4876,7.4876,7.4876,7.4876,7.4876,7.4876,7.4876,7.4876,7.4876,7.4876,7.4876,7.4876,7.4876,7.4876,7.4876,7.4876,7.4876,7.4876,7.4876,7.4876,7.4876,7.4876,7.4876,7.4876,7.4876,7.4876,7.4876,7.4876,7.4876,7.4876,7.4876,7.4876,7.4876,7.4876,7.4876,7.4876,7.4876,7.4876,7.4876,7.4876,7.4876,7.4876,7.4876,7.4876,7.4876,7.4876,7.4876,7.4876,7.4876,7.4876,7.4876,7.4876,7.4876,7.4876,7.4876,7.4876,7.4876,7.4876,7.4876,7.4876,7.4876,7.4876,7.4876,7.4876,7.4876,7.4876,7.4876,7.4876,7.4876,7.4876,7.4876,7.4876,7.4876,7.4876,7.4876,7.4876,7.4876,7.4876,7.4876,7.4876,7.4876,7.4876,7.4876,7.4876,7.4876,7.4876,7.4876,7.4876,7.4876,7.4876,7.4876,7.4876,7.4876,7.4876,7.4876,7.4876,7.4876,7.4876,7.4876,7.4876,7.4876,7.4876,7.4876,7.4876,7.4876,7.4876,7.4876,7.4876,7.4876,7.4876,7.4876,7.4876,7.4876,7.4876,7.4876,7.4876,7.4876,7.4876,7.4876,7.4876,7.4876,7.4876,7.4876,7.4876,7.4876,7.4876,7.4876,7.4876,7.4876,7.4876,7.4876,7.4876,7.4876,7.4876,7.4876,7.4876,7.4876,7.4876,7.4876,7.4876,7.4876,7.4876,7.4876,7.4876,7.4876,7.4876,7.4876,7.4876,7.4876,7.4876,7.4876,7.4876,7.4876,7.4876,7.4876,7.4876,7.4876,7.4876,7.4876,7.4876,7.4876,7.4876,7.4876,7.4876,7.4876,7.4876,7.4876,7.4876,7.4876,7.4876,7.4876,7.4876,7.4876,7.4876,7.4876,7.4876,7.4876,7.4876,7.4876,7.4876,7.4876,7.4876,7.4876,7.4876,7.4876,7.4876,7.4876,7.4876,7.4876,7.4876,7.4876,7.4876,7.4876,7.4876,7.4876,7.4876,7.4876,7.4876,7.4876,7.4876,7.4876,7.4876,7.4876,7.4876,7.4876,7.4876,7.4876,7.4876,7.4876,7.4876,7.4876,7.4876,7.4876,7.4876,7.4876,7.4876,7.4876,7.4876,7.4876,7.4876,7.4876,7.4876,7.4876,7.4876,7.4876,7.4876,7.4876,7.4876,7.4876,7.4876,7.4876,7.4876,7.4876,7.4876,7.4876,7.4876,7.4876,7.4876,7.4876,7.4876,7.4876,7.4876,7.4876,7.4876,7.4876,7.4876,7.4876,7.4876,7.4876,7.4876,7.4876,7.4876,7.4876,7.4876,7.4876,7.4876,7.4876,7.4876,7.4876,7.4876,7.4876,7.4876,7.4876,7.4876,7.4876,7.4876,7.4876,7.4876,7.4876,7.4876,7.4876,7.4876,7.4876,7.4876,7.4876,7.4876,7.4876,7.4876,7.4876,7.4876,7.4876,7.4876,7.4876,7.4876,7.4876,7.4876,7.4876,7.4876,7.4876,7.4876,7.4876,7.4876,7.4876,7.4876,7.4876,7.4876,7.4876,7.4876,7.4876,7.4876,7.4876,7.4876,7.4876,7.4876,7.4876,7.4876,7.4876,7.4876,7.4876,7.4876,7.4876,7.4876,7.4876,7.4876,7.4876,7.4876,7.4876,7.4876,7.4876,7.4876,7.4876,7.4876,7.4876,7.4876,7.4876,7.4876,7.4876,7.4876,7.4876,7.4876,7.4876,7.4876,7.4876,7.4876,7.4876,7.4876,7.4876,7.4876,7.4876
7.4820,7.4820,7.4820,7.4820,7.4820,7.4820,7.4820,7.4820,7.4820,7.4820,7.4820,7.4820,7.4820,7.4820,7.4820,7.4820,7.4820,7.4820,7.4820,7.4820,7.4820,7.4820,7.4820,7.4820,7.4820,7.4820,7.4820,7.4820,7.4820,7.4820,7.4820,7.4820,7.4820,7.4820,7.4820,7.4820,7.4820,7.4820,7.4820,7.4820,7.4820,7.4820,7.4820,7.4820,7.4820,7.4820,7.4820,7.4820,7.4820,7.4820,7.4820,7.4820,7.4820,7.4820,7.4820,7.4820,7.4820,7.4820,7.4820,7.4820,7.4820,7.4820,7.4820,7.4820,7.4820,7.4820,7.4820,7.4820,7.4820,7.4820,7.4820,7.4820,7.4820,7.4820,7.4820,7.4820,7.4820,7.4820,7.4820,7.4820,7.4820,7.4820,7.4820,7.4820,7.4820,7.4820,7.4820,7.4820,7.4820,7.4820,7.4820,7.4820,7.4820,7.4820,7.4820,7.4820,7.4820,7.4820,7.4820,7.4820,7.4820,7.4820,7.4820,7.4820,7.4820,7.4820,7.4820,7.4820,7.4820,7.4820,7.4820,7.4820,7.4820,7.4820,7.4820,7.4820,7.4820,7.4820,7.4820,7.4820,7.4820,7.4820,7.4820,7.4820,7.4820,7.4820,7.4820,7.4820,7.4820,7.4820,7.4820,7.4820,7.4820,7.4820,7.4820,7.4820,7.4820,7.4820,7.4820,7.4820,7.4820,7.4820,7.4820,7.4820,7.4820,7.4820,7.4820,7.4820,7.4820,7.4820,7.4820,7.4820,7.4820,7.4820,7.4820,7.4820,7.4820,7.4820,7.4820,7.4820,7.4820,7.4820,7.4820,7.4820,7.4820,7.4820,7.4820,7.4820,7.4820,7.4820,7.4820,7.4820,7.4820,7.4820,7.4820,7.4820,7.4820,7.4820,7.4820,7.4820,7.4820,7.4820,7.4820,7.4820,7.4820,7.4820,7.4820,7.4820,7.4820,7.4820,7.4820,7.4813,7.4813,7.4813,7.4813,7.4813,7.4813,7.4813,7.4813,7.4813,7.4813,7.4813,7.4813,7.4813,7.4813,7.4813,7.4813,7.4813,7.4813,7.4813,7.4813,7.4813,7.4813,7.4813,7.4813,7.4813,7.4813,7.4813,7.4813,7.4813,7.4813,7.4813,7.4813,7.4813,7.4813,7.4813,7.4813,7.4813,7.4813,7.4813,7.4813,7.4813,7.4813,7.4813,7.4813,7.4813,7.4813,7.4813,7.4813,7.4813,7.4813,7.4813,7.4813,7.4813,7.4813,7.4813,7.4813,7.4813,7.4813,7.4813,7.4813,7.4813,7.4813,7.4813,7.4813,7.4813,7.4813,7.4813,7.4813,7.4813,7.4813,7.4813,7.4813,7.4813,7.4813,7.4813,7.4813,7.4813,7.4813,7.4813,7.4813,7.4813,7.4813,7.4813,7.4813,7.4813,7.4813,7.4813,7.4813,7.4813,7.4813,7.4813,7.4813,7.4813,7.4813,7.4813,7.4813,7.4813,7.4813,7.4813,7.4813,7.4813,7.4813,7.4813,7.4813,7.4813,7.4813,7.4813,7.4813,7.4813,7.4813,7.4813,7.4813,7.4813,7.4813,7.4813,7.4813,7.4813,7.4813,7.4813,7.4813,7.4813,7.4813,7.4813,7.4813,7.4813,7.4813,7.4813,7.4813,7.4813,7.4813,7.4813,7.4813,7.4813,7.4813,7.4813,7.4813,7.4813,7.4813,7.4813,7.4813,7.4813,7.4813,7.4813,7.4813,7.4813,7.4813,7.4813,7.4813,7.4813,7.4813,7.4813,7.4813,7.4813,7.4813,7.4813,7.4813,7.4813,7.4813,7.4813,7.4813,7.4813,7.4813,7.4813,7.4813,7.4813,7.4813,7.4813,7.4813,7.4813,7.4813,7.4813,7.4813,7.4813,7.4813,7.4813,7.4813,7.4813,7.4813,7.4813,7.4813,7.4813,7.4813,7.4813,7.4813,7.4813,7.4813,7.4813,7.4813,7.4813,7.4813,7.4813,7.4813,7.4813,7.4813,7.4813,7.4813,7.4813,7.4813,7.4813,7.4813,7.4813,7.4813,7.4813,7.4813,7.4813,7.4813,7.4813,7.4813,7.4813,7.4813,7.4813,7.4813,7.4813,7.4813,7.4813,7.4813,7.4813,6.1355,6.1118,6.0881,6.0740,6.0622,6.0497,6.0375,6.0254,6.0131,6.0013,5.9891,5.9772,5.9691,5.9610,5.9528,5.9448,5.9368,5.9288,5.9207,5.9128,5.9055,5.9007,5.8959,5.8912,5.8864,5.8815,5.8768,5.8720,5.8673,5.8626,5.8579,5.8530,5.8483,5.8453,5.8426,5.8400,5.8373,5.8347,5.8321,5.8296,5.8270,5.8244,5.8218,5.8191,5.8165,5.8139,5.8113,5.8093,5.8079,5.8065,5.8050,5.8036,5.8020,5.8006,5.7992,5.7978,5.7964,5.7950,5.7936,5.7922,5.7908,5.7894,5.7880,5.7866,5.7851,5.7835,5.7817,5.7801,5.7785,5.7781,5.7777,5.7773,5.7769,5.7765,5.7761,5.7757,5.7753,5.7751,5.7747,5.7743,5.7749,5.7755,5.7763,5.7771,5.7779,5.7785,5.7793,5.7801,5.7809,5.7815,5.7823,5.7831,5.7839,5.7847,5.7853,5.7860,5.7868,5.7876,5.7882,5.7890,5.7898,5.7906,5.7912,5.7920,5.7928,5.7942,5.7958,5.7974,5.7990,5.8008,5.8024,5.8040,5.8057,5.8075,5.8091,5.8121,5.8153,5.8185,5.8218,5.8250,5.8282,5.8317,5.8349,5.8381,5.8418,5.8448,5.8481,5.8514,5.8546,5.8579,5.8612,5.8646,5.8679,5.8712,5.8745,5.8778,5.8811,5.8844,5.8889,5.8947,5.9003,5.9061,5.9136,5.9223,5.9309,5.9397,5.9484,5.9572,5.9661,5.9750,5.9844,5.9940,6.0036,6.0133,6.0232,6.0341,6.0447,6.0554,6.0830,6.1838,6.2424,7.4813,7.4813,7.4813,7.4813,7.4813,7.4813,7.4813,7.4813,7.4813,7.4813,7.4813,7.4813,7.4813,7.4813,7.4813,7.4813,7.4813,7.4813,7.4813,7.4813,7.4813,7.4813,7.4813,7.4813,7.4813,7.4813,7.4813,7.4813,7.4813,7.4813,7.4813,7.4813,7.4813,7.4813,7.4813,7.4813,7.4813,7.4813,7.4813,7.4813,7.4813,7.4813,7.4813,7.4813,7.4813,7.4813,7.4813,7.4813,7.4813,7.4813,7.4813,7.4813,7.4813,7.4813,7.4813,7.4813,7.4813,7.4813,7.4813,7.4813,7.4813,7.4813,7.4813,7.4813,7.4813,7.4813,7.4813,7.4813,7.4813,7.4813,7.4813,7.4813,7.4813,7.4813,7.4813,7.4813,7.4813,7.4813,7.4813,7.4813,7.4813,7.4813,7.4813,7.4813,7.4813,7.4813,7.4813,7.4813,7.4813,7.4813,7.4813,7.4813,7.4813,7.4813,7.4813,7.4813,7.4813,7.4813,7.4813,7.4813,7.4813,7.4813,7.4813,7.4813,7.4813,7.4813,7.4813,7.4813,7.4813,7.4813,7.4813,7.4813,7.4813,7.4813,7.4813,7.4813,7.4813,7.4813,7.4813,7.4813,7.4813,7.4813,7.4813,7.4813,7.4813,7.4813,7.4813,7.4813,7.4813,7.4813,7.4813,7.4813,7.4813,7.4813,7.4813,7.4813,7.4813,7.4813,7.4813,7.4813,7.4813,7.4813,7.4813,7.4813,7.4813,7.4813,7.4813,7.4813,7.4813,7.4813,7.4813,7.4813,7.4813,7.4813,7.4813,7.4813,7.4813,7.4813,7.4813,7.4813,7.4813,7.4813,7.4813,7.4813,7.4813,7.4813,7.4813,7.4813,7.4813,7.4813,7.4813,7.4813,7.4813,7.4813,7.4813,7.4813,7.4813,7.4813,7.4813,7.4813,7.4813,7.4813,7.4813,7.4813,7.4813,7.4813,7.4813,7.4813,7.4813,7.4813,7.4813,7.4813,7.4813,7.4813,7.4813,7.4813,7.4813,7.4813,7.4813,7.4813,7.4813,7.4813,7.4813,7.4813,7.4813,7.4813,7.4813,7.4813,7.4813,7.4813,7.4813,7.4813,7.4813,7.4813,7.4813,7.4813,7.4813,7.4813,7.4813,7.4813,7.4813,7.4813,7.4813,7.4813,7.4813,7.4813,7.4813,7.4813,7.4813,7.4813,7.4813,7.4813,7.4813,7.4813,7.4813,7.4813,7.4813,7.4813,7.4813,7.4813,7.4813,7.4813,7.4813,7.4813,7.4813,7.4813,7.4813,7.4813,7.4813,7.4813,7.4813,7.4813,7.4813,7.4813,7.4813,7.4813,7.4813,7.4813,7.4813,7.4813,7.4813,7.4813,7.4813,7.4813,7.4813,7.4813,7.4813,7.4813,7.4813,7.4813,7.4813,7.4813,7.4813,7.4813,7.4813,7.4813,7.4813,7.4813,7.4813,7.4813,7.4813,7.4813,7.4813,7.4813,7.4813,7.4813,7.4813,7.4813,7.4813,7.4813,7.4813,7.4813,7.4813,7.4813,7.4813,7.4813,7.4813,7.4813,7.4813,7.4813,7.4813,7.4813,7.4813,7.4813,7.4813,7.4813,7.4813,7.4813,7.4813,7.4813,7.4813,7.4813,7.4813,7.4813,7.4813,7.4813,7.4813,7.4813,7.4813,7.4813,7.4813,7.4813,7.4813,7.4813,7.4813,7.4813,7.4813,7.4813,7.4813,7.4813,7.4813,7.4813,7.4813,7.4813,7.4813,7.4813,7.4813,7.4813,7.4813,7.4813,7.4813,7.4813,7.4813,7.4813,7.4813,7.4813,7.4813,7.4813,7.4813,7.4813,7.4813,7.4813,7.4813,7.4813,7.4813,7.4813,7.4813,7.4813,7.4813,7.4813,7.4813,7.4813,7.4813,7.4813,7.4813,7.4813,7.4813,7.4813,7.4813,7.4813,7.4813,7.4813,7.4813,7.4813,7.4813,7.4813,7.4813,7.4813,7.4813,7.4813,7.4813,7.4813,7.4813,7.4813,7.4813,7.4813,7.4813,7.4813,7.4813,7.4813,7.4813
7.4756,7.4756,7.4756,7.4756,7.4756,7.4756,7.4756,7.4756,7.4756,7.4756,7.4756,7.4756,7.4756,7.4756,7.4756,7.4756,7.4756,7.4756,7.4756,7.4756,7.4756,7.4756,7.4756,7.4756,7.4756,7.4756,7.4756,7.4756,7.4756,7.4756,7.4756,7.4756,7.4756,7.4756,7.4756,7.4756,7.4756,7.4756,7.4756,7.4756,7.4756,7.4756,7.4756,7.4756,7.4756,7.4756,7.4756,7.4756,7.4756,7.4756,7.4756,7.4756,7.4756,7.4756,7.4756,7.4756,7.4756,7.4756,7.4756,7.4756,7.4756,7.4756,7.4756,7.4756,7.4756,7.4756,7.4756,7.4756,7.4756,7.4756,7.4756,7.4756,7.4756,7.4756,7.4756,7.4756,7.4756,7.4756,7.4756,7.4756,7.4756,7.4756,7.4756,7.4756,7.4756,7.4756,7.4756,7.4756,7.4756,7.4756,7.4756,7.4756,7.4756,7.4756,7.4756,7.4756,7.4756,7.4756,7.4756,7.4756,7.4756,7.4756,7.4756,7.4756,7.4756,7.4756,7.4756,7.4756,7.4756,7.4756,7.4756,7.4756,7.4756,7.4756,7.4756,7.4756,7.4756,7.4756,7.4756,7.4756,7.4756,7.4756,7.4756,7.4756,7.4756,7.4756,7.4756,7.4756,7.4756,7.4756,7.4756,7.4756,7.4756,7.4756,7.4756,7.4756,7.4756,7.4756,7.4756,7.4756,7.4756,7.4756,7.4756,7.4756,7.4756,7.4756,7.4756,7.4756,7.4756,7.4756,7.4756,7.4756,7.4756,7.4756,7.4756,7.4756,7.4756,7.4756,7.4756,7.4756,7.4756,7.4756,7.4756,7.4756,7.4756,7.4756,7.4756,7.4756,7.4756,7.4756,7.4756,7.4756,7.4756,7.4756,7.4756,7.4756,7.4756,7.4756,7.4756,7.4756,7.4756,7.4756,7.4756,7.4756,7.4756,7.4756,7.4756,7.4756,7.4756,7.4756,7.4756,7.4756,7.4756,7.4756,7.4756,7.4756,7.4756,7.4756,7.4756,7.4756,7.4756,7.4756,7.4756,7.4756,7.4756,7.4756,7.4756,7.4756,7.4756,7.4756,7.4756,7.4756,7.4756,7.4756,7.4756,7.4756,7.4756,7.4756,7.4756,7.4756,7.4756,7.4756,7.4756,7.4756,7.4756,7.4756,7.4756,7.4756,7.4756,7.4756,7.4756,7.4756,7.4756,7.4756,7.4756,7.4756,7.4756,7.4756,7.4756,7.4756,7.4756,7.4756,7.4756,7.4756,7.4756,7.4756,7.4756,7.4756,7.4756,7.4756,7.4756,7.4756,7.4756,7.4756,7.4756,7.4756,7.4756,7.4756,7.4756,7.4756,7.4756,7.4756,7.4756,7.4756,7.4756,7.4756,7.4756,7.4756,7.4756,7.4756,7.4756,7.4756,7.4756,7.4756,7.4756,7.4756,7.4756,7.4756,7.4756,7.4756,7.4756,7.4756,7.4756,7.4756,7.4756,7.4756,7.4756,7.4756,7.4756,7.4756,7.4756,7.4756,7.4756,7.4756,7.4756,7.4756,7.4756,7.4756,7.4756,7.4756,7.4756,7.4756,7.4756,7.4756,7.4756,7.4756,7.4756,7.4756,7.4756,7.4756,7.4756,7.4756,7.4756,7.4756,7.4756,7.4756,7.4756,7.4756,7.4756,7.4756,7.4756,7.4756,7.4756,7.4756,7.4756,7.4756,7.4756,7.4756,7.4756,7.4756,7.4756,7.4756,7.4756,7.4756,7.4756,7.4756,7.4756,7.4756,7.4756,7.4756,7.4756,7.4756,7.4756,7.4756,7.4756,7.4756,7.4756,7.4756,7.4756,7.4756,7.4756,7.4756,7.4756,7.4756,7.4756,7.4756,7.4756,7.4756,7.4756,7.4756,7.4756,7.4756,7.4756,7.4756,7.4756,7.4756,7.4756,7.4756,7.4756,7.4756,7.4756,7.4756,7.4756,7.4756,7.4756,7.4756,7.4756,7.4756,7.4756,7.4756,7.4756,7.4756,7.4756,7.4756,7.4756,7.4756,7.4756,7.4756,7.4756,7.4756,7.4756,7.4756,7.4756,7.4756,7.4756,7.4756,7.4756,7.4756,7.4756,7.4756,7.4756,7.4756,7.4756,7.4756,7.4756,7.4756,7.4756,7.4756,6.1267,6.1029,6.0830,6.0711,6.0591,6.0469,6.0345,6.0224,6.0103,5.9985,5.9861,5.9744,5.9661,5.9581,5.9500,5.9420,5.9339,5.9259,5.9180,5.9101,5.9046,5.8997,5.8949,5.8902,5.8854,5.8807,5.8759,5.8710,5.8663,5.8616,5.8569,5.8522,5.8475,5.8432,5.8410,5.8383,5.8355,5.8331,5.8302,5.8276,5.8250,5.8224,5.8199,5.8173,5.8147,5.8121,5.8095,5.8081,5.8067,5.8052,5.8038,5.8024,5.8010,5.7996,5.7982,5.7968,5.7954,5.7938,5.7924,5.7910,5.7896,5.7882,5.7868,5.7854,5.7839,5.7821,5.7805,5.7789,5.7773,5.7763,5.7759,5.7755,5.7751,5.7747,5.7743,5.7739,5.7735,5.7731,5.7727,5.7727,5.7735,5.7743,5.7749,5.7757,5.7765,5.7773,5.7781,5.7787,5.7795,5.7803,5.7811,5.7817,5.7825,5.7833,5.7841,5.7849,5.7854,5.7862,5.7870,5.7878,5.7884,5.7892,5.7900,5.7908,5.7914,5.7922,5.7940,5.7956,5.7972,5.7988,5.8006,5.8022,5.8038,5.8054,5.8077,5.8109,5.8141,5.8173,5.8205,5.8238,5.8270,5.8302,5.8335,5.8369,5.8402,5.8434,5.8469,5.8501,5.8534,5.8567,5.8599,5.8632,5.8665,5.8698,5.8731,5.8763,5.8796,5.8829,5.8862,5.8912,5.8970,5.9026,5.9098,5.9186,5.9272,5.9360,5.9448,5.9534,5.9623,5.9710,5.9803,5.9899,6.0004,6.0110,6.0217,6.0323,6.0430,6.0539,6.0720,6.1713,6.2299,7.4756,7.4756,7.4756,7.4756,7.4756,7.4756,7.4756,7.4756,7.4756,7.4756,7.4756,7.4756,7.4756,7.4756,7.4756,7.4756,7.4756,7.4756,7.4756,7.4756,7.4756,7.4756,7.4756,7.4756,7.4756,7.4756,7.4756,7.4756,7.4756,7.4756,7.4756,7.4756,7.4756,7.4756,7.4756,7.4756,7.4756,7.4756,7.4756,7.4756,7.4756,7.4756,7.4756,7.4756,7.4756,7.4756,7.4756,7.4756,7.4756,7.4756,7.4756,7.4756,7.4756,7.4756,7.4756,7.4756,7.4756,7.4756,7.4756,7.4756,7.4756,7.4756,7.4756,7.4756,7.4756,7.4756,7.4756,7.4756,7.4756,7.4756,7.4756,7.4756,7.4756,7.4756,7.4756,7.4756,7.4756,7.4756,7.4756,7.4756,7.4756,7.4756,7.4756,7.4756,7.4756,7.4756,7.4756,7.4756,7.4756,7.4756,7.4756,7.4756,7.4756,7.4756,7.4756,7.4756,7.4756,7.4756,7.4756,7.4756,7.4756,7.4756,7.4756,7.4756,7.4756,7.4756,7.4756,7.4756,7.4756,7.4756,7.4756,7.4756,7.4756,7.4756,7.4756,7.4756,7.4756,7.4756,7.4756,7.4756,7.4756,7.4756,7.4756,7.4756,7.4756,7.4756,7.4756,7.4756,7.4756,7.4756,7.4756,7.4756,7.4756,7.4756,7.4756,7.4756,7.4756,7.4756,7.4756,7.4756,7.4756,7.4756,7.4756,7.4756,7.4756,7.4756,7.4756,7.4756,7.4756,7.4756,7.4756,7.4756,7.4756,7.4756,7.4756,7.4756,7.4756,7.4756,7.4756,7.4756,7.4756,7.4756,7.4756,7.4756,7.4756,7.4756,7.4756,7.4756,7.4756,7.4756,7.4756,7.4756,7.4756,7.4756,7.4756,7.4756,7.4756,7.4756,7.4756,7.4756,7.4756,7.4756,7.4756,7.4756,7.4756,7.4756,7.4756,7.4756,7.4756,7.4756,7.4756,7.4756,7.4756,7.4756,7.4756,7.4756,7.4756,7.4756,7.4756,7.4756,7.4756,7.4756,7.4756,7.4756,7.4756,7.4756,7.4756,7.4756,7.4756,7.4756,7.4756,7.4756,7.4756,7.4756,7.4756,7.4756,7.4756,7.4756,7.4756,7.4756,7.4756,7.4756,7.4756,7.4756,7.4756,7.4756,7.4756,7.4756,7.4756,7.4756,7.4756,7.4756,7.4756,7.4756,7.4756,7.4756,7.4756,7.4756,7.4756,7.4756,7.4756,7.4756,7.4756,7.4756,7.4756,7.4756,7.4756,7.4756,7.4756,7.4756,7.4756,7.4756,7.4756,7.4756,7.4756,7.4756,7.4756,7.4756,7.4756,7.4756,7.4756,7.4756,7.4756,7.4756,7.4756,7.4756,7.4756,7.4756,7.4756,7.4756,7.4756,7.4756,7.4756,7.4756,7.4756,7.4756,7.4756,7.4756,7.4756,7.4756,7.4756,7.4756,7.4756,7.4756,7.4756,7.4756,7.4756,7.4756,7.4756,7.4756,7.4756,7.4756,7.4756,7.4756,7.4756,7.4756,7.4756,7.4756,7.4756,7.4756,7.4756,7.4756,7.4756,7.4756,7.4756,7.4756,7.4756,7.4756,7.4756,7.4756,7.4756,7.4756,7.4756,7.4756,7.4756,7.4756,7.4756,7.4756,7.4756,7.4756,7.4756,7.4756,7.4756,7.4756,7.4756,7.4756,7.4756,7.4756,7.4756,7.4756,7.4756,7.4756,7.4756,7.4756,7.4756,7.4756,7.4756,7.4756,7.4756,7.4756,7.4756,7.4756,7.4756,7.4756,7.4756,7.4756,7.4756,7.4756,7.4756,7.4756,7.4756,7.4756,7.4756,7.4756,7.4756,7.4756,7.4756,7.4756,7.4756,7.4756,7.4756,7.4756,7.4756,7.4756,7.4756,7.4756,7.4756,7.4756,7.4756,7.4756,7.4756,7.4756,7.4756,7.4756,7.4756,7.4756,7.4756,7.4756,7.4756,7.4756,7.4756,7.4756,7.4756,7.4756,7.4756,7.4756,7.4756,7.4756,7.4756,7.4756,7.4756
7.4690,7.4690,7.4690,7.4690,7.4690,7.4690,7.4690,7.4690,7.4690,7.4690,7.4690,7.4690,7.4690,7.4690,7.4690,7.4690,7.4690,7.4690,7.4690,7.4690,7.4690,7.4690,7.4690,7.4690,7.4690,7.4690,7.4690,7.4690,7.4690,7.4690,7.4690,7.4690,7.4690,7.4690,7.4690,7.4690,7.4690,7.4690,7.4690,7.4690,7.4690,7.4690,7.4690,7.4690,7.4690,7.4690,7.4690,7.4690,7.4690,7.4690,7.4690,7.4690,7.4690,7.4690,7.4690,7.4690,7.4690,7.4690,7.4690,7.4690,7.4690,7.4690,7.4690,7.4690,7.4690,7.4690,7.4690,7.4690,7.4690,7.4690,7.4690,7.4690,7.4690,7.4690,7.4690,7.4690,7.4690,7.4690,7.4690,7.4690,7.4690,7.4690,7.4690,7.4690,7.4690,7.4690,7.4690,7.4690,7.4690,7.4690,7.4690,7.4690,7.4690,7.4690,7.4690,7.4690,7.4690,7.4690,7.4690,7.4690,7.4690,7.4690,7.4690,7.4690,7.4690,7.4690,7.4690,7.4690,7.4690,7.4690,7.4690,7.4690,7.4690,7.4690,7.4690,7.4690,7.4690,7.4690,7.4690,7.4690,7.4690,7.4690,7.4690,7.4690,7.4690,7.4690,7.4690,7.4690,7.4690,7.4690,7.4690,7.4690,7.4690,7.4690,7.4690,7.4690,7.4690,7.4690,7.4690,7.4690,7.4690,7.4690,7.4690,7.4690,7.4690,7.4690,7.4690,7.4690,7.4690,7.4690,7.4690,7.4690,7.4690,7.4690,7.4690,7.4690,7.4690,7.4690,7.4690,7.4690,7.4690,7.4690,7.4690,7.4690,7.4690,7.4690,7.4690,7.4690,7.4690,7.4690,7.4690,7.4690,7.4690,7.4690,7.4690,7.4690,7.4690,7.4690,7.4690,7.4690,7.4690,7.4690,7.4690,7.4690,7.4690,7.4690,7.4690,7.4690,7.4690,7.4690,7.4690,7.4690,7.4690,7.4690,7.4690,7.4690,7.4690,7.4690,7.4690,7.4690,7.4690,7.4690,7.4690,7.4690,7.4690,7.4690,7.4690,7.4690,7.4690,7.4690,7.4690,7.4690,7.4690,7.4690,7.4690,7.4690,7.4690,7.4690,7.4690,7.4690,7.4690,7.4690,7.4690,7.4690,7.4690,7.4690,7.4690,7.4690,7.4690,7.4690,7.4690,7.4690,7.4690,7.4690,7.4690,7.4690,7.4690,7.4690,7.4690,7.4690,7.4690,7.4690,7.4690,7.4690,7.4690,7.4690,7.4690,7.4690,7.4690,7.4690,7.4690,7.4690,7.4690,7.4690,7.4690,7.4690,7.4690,7.4690,7.4690,7.4690,7.4690,7.4690,7.4690,7.4690,7.4690,7.4690,7.4690,7.4690,7.4690,7.4690,7.4690,7.4690,7.4690,7.4690,7.4690,7.4690,7.4690,7.4690,7.4690,7.4690,7.4690,7.4690,7.4690,7.4690,7.4690,7.4690,7.4690,7.4690,7.4690,7.4690,7.4690,7.4690,7.4690,7.4690,7.4690,7.4690,7.4690,7.4690,7.4690,7.4690,7.4690,7.4690,7.4690,7.4690,7.4690,7.4690,7.4690,7.4690,7.4690,7.4690,7.4690,7.4690,7.4690,7.4690,7.4690,7.4690,7.4690,7.4690,7.4690,7.4690,7.4690,7.4690,7.4690,7.4690,7.4690,7.4690,7.4690,7.4690,7.4690,7.4690,7.4690,7.4690,7.4690,7.4690,7.4690,7.4690,7.4690,7.4690,7.4690,7.4690,7.4690,7.4690,7.4690,7.4690,7.4690,7.4690,7.4690,7.4690,7.4690,7.4690,7.4690,7.4690,7.4690,7.4690,7.4690,7.4690,7.4690,7.4690,7.4690,7.4690,7.4690,7.4690,7.4690,7.4690,7.4690,7.4690,7.4690,7.4690,7.4690,7.4690,7.4690,7.4690,7.4690,7.4690,7.4690,7.4690,7.4690,7.4690,7.4690,7.4690,7.4690,7.4690,7.4690,7.4690,7.4690,7.4690,7.4690,7.4690,7.4690,7.4690,7.4690,7.4690,7.4690,7.4690,7.4690,7.4690,7.4690,7.4690,7.4690,7.4690,7.4690,7.4690,7.4690,7.4690,7.4690,7.4690,7.4690,6.2030,6.1178,6.0943,6.0802,6.0681,6.0563,6.0438,6.0317,6.0196,6.0073,5.9953,5.9833,5.9714,5.9634,5.9553,5.9471,5.9391,5.9311,5.9232,5.9150,5.9084,5.9036,5.8986,5.8939,5.8891,5.8844,5.8796,5.8749,5.8702,5.8653,5.8606,5.8559,5.8512,5.8465,5.8418,5.8390,5.8365,5.8337,5.8310,5.8284,5.8258,5.8232,5.8205,5.8181,5.8155,5.8129,5.8103,5.8083,5.8069,5.8057,5.8042,5.8026,5.8012,5.7998,5.7984,5.7970,5.7956,5.7942,5.7928,5.7914,5.7900,5.7886,5.7872,5.7856,5.7843,5.7827,5.7809,5.7793,5.7777,5.7761,5.7745,5.7739,5.7735,5.7731,5.7727,5.7723,5.7719,5.7715,5.7711,5.7707,5.7715,5.7721,5.7729,5.7737,5.7745,5.7751,5.7759,5.7767,5.7775,5.7781,5.7789,5.7797,5.7805,5.7813,5.7819,5.7827,5.7835,5.7843,5.7849,5.7856,5.7864,5.7872,5.7880,5.7886,5.7894,5.7902,5.7910,5.7920,5.7938,5.7954,5.7970,5.7986,5.8004,5.8020,5.8036,5.8065,5.8097,5.8129,5.8161,5.8193,5.8226,5.8258,5.8290,5.8323,5.8355,5.8390,5.8422,5.8455,5.8487,5.8520,5.8552,5.8585,5.8620,5.8653,5.8685,5.8718,5.8751,5.8784,5.8817,5.8850,5.8883,5.8935,5.8993,5.9061,5.9148,5.9234,5.9322,5.9410,5.9496,5.9585,5.9678,5.9778,5.9882,5.9991,6.0094,6.0200,6.0306,6.0414,6.0521,6.0716,6.1589,6.2172,7.4690,7.4690,7.4690,7.4690,7.4690,7.4690,7.4690,7.4690,7.4690,7.4690,7.4690,7.4690,7.4690,7.4690,7.4690,7.4690,7.4690,7.4690,7.4690,7.4690,7.4690,7.4690,7.4690,7.4690,7.4690,7.4690,7.4690,7.4690,7.4690,7.4690,7.4690,7.4690,7.4690,7.4690,7.4690,7.4690,7.4690,7.4690,7.4690,7.4690,7.4690,7.4690,7.4690,7.4690,7.4690,7.4690,7.4690,7.4690,7.4690,7.4690,7.4690,7.4690,7.4690,7.4690,7.4690,7.4690,7.4690,7.4690,7.4690,7.4690,7.4690,7.4690,7.4690,7.4690,7.4690,7.4690,7.4690,7.4690,7.4690,7.4690,7.4690,7.4690,7.4690,7.4690,7.4690,7.4690,7.4690,7.4690,7.4690,7.4690,7.4690,7.4690,7.4690,7.4690,7.4690,7.4690,7.4690,7.4690,7.4690,7.4690,7.4690,7.4690,7.4690,7.4690,7.4690,7.4690,7.4690,7.4690,7.4690,7.4690,7.4690,7.4690,7.4690,7.4690,7.4690,7.4690,7.4690,7.4690,7.4690,7.4690,7.4690,7.4690,7.4690,7.4690,7.4690,7.4690,7.4690,7.4690,7.4690,7.4690,7.4690,7.4696,7.4696,7.4696,7.4696,7.4696,7.4696,7.4696,7.4696,7.4696,7.4696,7.4696,7.4696,7.4696,7.4696,7.4696,7.4696,7.4696,7.4696,7.4696,7.4696,7.4696,7.4696,7.4696,7.4696,7.4696,7.4696,7.4696,7.4696,7.4696,7.4696,7.4696,7.4696,7.4696,7.4696,7.4696,7.4696,7.4696,7.4696,7.4696,7.4696,7.4696,7.4696,7.4696,7.4696,7.4696,7.4696,7.4696,7.4696,7.4696,7.4696,7.4696,7.4696,7.4696,7.4696,7.4696,7.4696,7.4696,7.4696,7.4696,7.4696,7.4696,7.4696,7.4696,7.4696,7.4696,7.4696,7.4696,7.4696,7.4696,7.4696,7.4696,7.4696,7.4696,7.4696,7.4696,7.4696,7.4696,7.4696,7.4696,7.4696,7.4696,7.4696,7.4696,7.4696,7.4696,7.4696,7.4696,7.4696,7.4696,7.4696,7.4696,7.4696,7.4696,7.4696,7.4696,7.4696,7.4696,7.4696,7.4696,7.4696,7.4696,7.4696,7.4696,7.4696,7.4696,7.4696,7.4696,7.4696,7.4696,7.4696,7.4696,7.4696,7.4696,7.4696,7.4696,7.4696,7.4696,7.4696,7.4696,7.4696,7.4696,7.4696,7.4696,7.4696,7.4696,7.4696,7.4696,7.4696,7.4696,7.4696,7.4696,7.4696,7.4696,7.4696,7.4696,7.4696,7.4696,7.4696,7.4696,7.4696,7.4696,7.4696,7.4696,7.4696,7.4696,7.4696,7.4696,7.4696,7.4696,7.4696,7.4696,7.4696,7.4696,7.4696,7.4696,7.4696,7.4696,7.4696,7.4696,7.4696,7.4696,7.4696,7.4696,7.4696,7.4696,7.4696,7.4696,7.4696,7.4696,7.4696,7.4696,7.4696,7.4696,7.4696,7.4696,7.4696,7.4696,7.4696,7.4696,7.4696,7.4696,7.4696,7.4696,7.4696,7.4696,7.4696,7.4696,7.4696,7.4696,7.4696,7.4696,7.4696,7.4696,7.4696,7.4696,7.4696,7.4696,7.4696,7.4696,7.4696,7.4696,7.4696,7.4696,7.4696,7.4696,7.4696,7.4696,7.4696,7.4696,7.4696,7.4696,7.4696,7.4696,7.4696,7.4696,7.4696,7.4696,7.4696,7.4696,7.4696,7.4696,7.4696,7.4696,7.4696,7.4696,7.4696,7.4696,7.4696,7.4696,7.4696,7.4696,7.4696,7.4696,7.4696,7.4696,7.4696,7.4696,7.4696,7.4696,7.4696,7.4696,7.4696,7.4696,7.4696,7.4696,7.4696,7.4696,7.4696,7.4696,7.4696,7.4696,7.4696,7.4696,7.4696,7.4696,7.4696,7.4696,7.4696,7.4696,7.4696,7.4696,7.4696,7.4696,7.4696,7.4696,7.4696,7.4696,7.4696,7.4696,7.4696
7.4633,7.4633,7.4633,7.4633,7.4633,7.4633,7.4633,7.4633,7.4633,7.4633,7.4633,7.4633,7.4633,7.4633,7.4633,7.4633,7.4633,7.4633,7.4633,7.4633,7.4633,7.4633,7.4633,7.4633,7.4633,7.4633,7.4633,7.4633,7.4633,7.4633,7.4633,7.4633,7.4633,7.4633,7.4633,7.4633,7.4633,7.4633,7.4633,7.4633,7.4633,7.4633,7.4633,7.4633,7.4633,7.4633,7.4633,7.4633,7.4633,7.4633,7.4633,7.4633,7.4633,7.4633,7.4633,7.4633,7.4633,7.4633,7.4633,7.4633,7.4633,7.4633,7.4633,7.4633,7.4633,7.4633,7.4633,7.4633,7.4633,7.4633,7.4633,7.4633,7.4633,7.4633,7.4633,7.4633,7.4633,7.4633,7.4633,7.4633,7.4633,7.4633,7.4633,7.4633,7.4633,7.4633,7.4633,7.4633,7.4633,7.4633,7.4633,7.4633,7.4633,7.4633,7.4633,7.4633,7.4633,7.4633,7.4633,7.4633,7.4633,7.4633,7.4633,7.4633,7.4633,7.4633,7.4633,7.4633,7.4633,7.4633,7.4633,7.4633,7.4633,7.4633,7.4633,7.4633,7.4633,7.4633,7.4633,7.4633,7.4633,7.4633,7.4633,7.4633,7.4633,7.4633,7.4633,7.4633,7.4633,7.4633,7.4633,7.4633,7.4633,7.4633,7.4633,7.4633,7.4633,7.4633,7.4633,7.4633,7.4633,7.4633,7.4633,7.4633,7.4633,7.4633,7.4633,7.4633,7.4633,7.4633,7.4633,7.4633,7.4633,7.4633,7.4633,7.4633,7.4633,7.4633,7.4633,7.4633,7.4633,7.4633,7.4633,7.4633,7.4633,7.4633,7.4633,7.4633,7.4633,7.4633,7.4633,7.4633,7.4633,7.4633,7.4633,7.4633,7.4633,7.4633,7.4633,7.4633,7.4633,7.4633,7.4633,7.4633,7.4633,7.4633,7.4633,7.4633,7.4633,7.4633,7.4633,7.4633,7.4633,7.4633,7.4633,7.4633,7.4633,7.4633,7.4633,7.4633,7.4633,7.4633,7.4633,7.4633,7.4633,7.4633,7.4633,7.4633,7.4633,7.4633,7.4633,7.4633,7.4633,7.4633,7.4633,7.4633,7.4633,7.4633,7.4633,7.4633,7.4633,7.4633,7.4633,7.4633,7.4633,7.4633,7.4633,7.4633,7.4633,7.4633,7.4633,7.4633,7.4633,7.4633,7.4633,7.4633,7.4633,7.4633,7.4633,7.4633,7.4633,7.4633,7.4633,7.4633,7.4633,7.4633,7.4633,7.4633,7.4633,7.4633,7.4633,7.4633,7.4633,7.4633,7.4633,7.4633,7.4633,7.4633,7.4633,7.4633,7.4633,7.4633,7.4633,7.4633,7.4633,7.4633,7.4633,7.4633,7.4633,7.4633,7.4633,7.4633,7.4627,7.4627,7.4627,7.4627,7.4627,7.4627,7.4627,7.4627,7.4627,7.4627,7.4627,7.4627,7.4627,7.4627,7.4627,7.4627,7.4627,7.4627,7.4627,7.4627,7.4627,7.4627,7.4627,7.4627,7.4627,7.4627,7.4627,7.4627,7.4627,7.4627,7.4627,7.4627,7.4627,7.4627,7.4627,7.4627,7.4627,7.4627,7.4627,7.4627,7.4627,7.4627,7.4627,7.4627,7.4627,7.4627,7.4627,7.4627,7.4627,7.4627,7.4627,7.4627,7.4627,7.4627,7.4627,7.4627,7.4627,7.4627,7.4627,7.4627,7.4627,7.4627,7.4627,7.4627,7.4627,7.4627,7.4627,7.4627,7.4627,7.4627,7.4627,7.4627,7.4627,7.4627,7.4627,7.4627,7.4627,7.4627,7.4627,7.4627,7.4627,7.4627,7.4627,7.4627,7.4627,7.4627,7.4627,7.4627,7.4627,7.4627,7.4627,7.4627,7.4627,7.4627,7.4627,7.4627,7.4627,7.4627,7.4627,7.4627,7.4627,7.4627,7.4627,7.4627,7.4627,7.4627,7.4627,7.4627,7.4627,7.4627,7.4627,7.4627,7.4627,7.4627,7.4627,7.4627,7.4627,7.4627,7.4627,7.4627,7.4627,7.4627,7.4627,7.4627,7.4627,7.4627,7.4627,7.4627,7.4627,7.4627,7.4627,7.4627,7.4627,7.4627,7.4627,6.1328,6.1091,6.0892,6.0771,6.0652,6.0532,6.0410,6.0289,6.0166,6.0045,5.9923,5.9803,5.9687,5.9604,5.9524,5.9444,5.9362,5.9282,5.9201,5.9121,5.9073,5.9024,5.8976,5.8928,5.8881,5.8833,5.8786,5.8737,5.8690,5.8642,5.8595,5.8548,5.8501,5.8455,5.8408,5.8371,5.8347,5.8319,5.8292,5.8266,5.8240,5.8213,5.8187,5.8163,5.8137,5.8111,5.8085,5.8071,5.8057,5.8044,5.8030,5.8016,5.8002,5.7988,5.7974,5.7960,5.7944,5.7930,5.7916,5.7902,5.7888,5.7874,5.7860,5.7847,5.7831,5.7813,5.7797,5.7781,5.7765,5.7749,5.7733,5.7719,5.7715,5.7711,5.7707,5.7703,5.7699,5.7695,5.7694,5.7694,5.7701,5.7709,5.7715,5.7723,5.7731,5.7739,5.7747,5.7753,5.7761,5.7769,5.7777,5.7783,5.7791,5.7799,5.7807,5.7815,5.7821,5.7829,5.7837,5.7845,5.7851,5.7858,5.7866,5.7874,5.7880,5.7888,5.7896,5.7904,5.7918,5.7936,5.7952,5.7968,5.7984,5.8002,5.8020,5.8052,5.8085,5.8117,5.8149,5.8181,5.8213,5.8246,5.8278,5.8310,5.8345,5.8375,5.8408,5.8442,5.8475,5.8508,5.8540,5.8573,5.8606,5.8638,5.8671,5.8704,5.8737,5.8770,5.8803,5.8835,5.8871,5.8904,5.8957,5.9024,5.9111,5.9196,5.9284,5.9372,5.9467,5.9566,5.9665,5.9763,5.9867,5.9972,6.0077,6.0185,6.0291,6.0397,6.0506,6.0711,6.1415,6.2046,7.4627,7.4627,7.4627,7.4627,7.4627,7.4627,7.4627,7.4627,7.4627,7.4627,7.4627,7.4627,7.4627,7.4627,7.4627,7.4627,7.4627,7.4627,7.4627,7.4627,7.4627,7.4627,7.4627,7.4627,7.4627,7.4627,7.4627,7.4627,7.4627,7.4627,7.4627,7.4627,7.4627,7.4627,7.4627,7.4627,7.4627,7.4627,7.4627,7.4627,7.4627,7.4627,7.4627,7.4627,7.4627,7.4627,7.4627,7.4627,7.4627,7.4627,7.4627,7.4627,7.4627,7.4627,7.4627,7.4627,7.4627,7.4627,7.4627,7.4627,7.4627,7.4627,7.4627,7.4627,7.4627,7.4627,7.4627,7.4627,7.4627,7.4627,7.4627,7.4627,7.4627,7.4627,7.4627,7.4627,7.4627,7.4627,7.4627,7.4627,7.4627,7.4627,7.4627,7.4627,7.4627,7.4627,7.4627,7.4627,7.4627,7.4627,7.4627,7.4627,7.4627,7.4627,7.4627,7.4627,7.4627,7.4627,7.4627,7.4627,7.4627,7.4627,7.4627,7.4627,7.4627,7.4627,7.4627,7.4627,7.4627,7.4627,7.4627,7.4627,7.4627,7.4627,7.4627,7.4627,7.4627,7.4627,7.4627,7.4627,7.4627,7.4627,7.4627,7.4627,7.4627,7.4627,7.4627,7.4627,7.4627,7.4627,7.4627,7.4627,7.4627,7.4627,7.4627,7.4627,7.4627,7.4627,7.4627,7.4627,7.4627,7.4627,7.4627,7.4627,7.4627,7.4627,7.4627,7.4627,7.4627,7.4627,7.4627,7.4627,7.4627,7.4627,7.4627,7.4627,7.4627,7.4627,7.4627,7.4627,7.4627,7.4627,7.4627,7.4627,7.4627,7.4627,7.4627,7.4627,7.4627,7.4627,7.4627,7.4627,7.4627,7.4627,7.4627,7.4627,7.4627,7.4627,7.4627,7.4627,7.4627,7.4627,7.4627,7.4627,7.4627,7.4627,7.4627,7.4627,7.4627,7.4627,7.4627,7.4627,7.4627,7.4627,7.4627,7.4627,7.4627,7.4627,7.4627,7.4627,7.4627,7.4627,7.4627,7.4627,7.4627,7.4627,7.4627,7.4627,7.4627,7.4627,7.4627,7.4627,7.4627,7.4627,7.4627,7.4627,7.4627,7.4627,7.4627,7.4627,7.4627,7.4627,7.4627,7.4627,7.4627,7.4627,7.4627,7.4627,7.4627,7.4627,7.4627,7.4627,7.4627,7.4627,7.4627,7.4627,7.4627,7.4627,7.4627,7.4627,7.4627,7.4627,7.4627,7.4627,7.4627,7.4627,7.4627,7.4627,7.4627,7.4627,7.4627,7.4627,7.4627,7.4627,7.4627,7.4627,7.4627,7.4627,7.4627,7.4627,7.4627,7.4627,7.4627,7.4627,7.4627,7.4627,7.4627,7.4627,7.4627,7.4627,7.4627,7.4627,7.4627,7.4627,7.4627,7.4627,7.4627,7.4627,7.4627,7.4627,7.4627,7.4627,7.4627,7.4627,7.4627,7.4627,7.4627,7.4627,7.4627,7.4627,7.4627,7.4627,7.4627,7.4627,7.4627,7.4627,7.4627,7.4627,7.4627,7.4627,7.4627,7.4627,7.4627,7.4627,7.4627,7.4627,7.4627,7.4627,7.4627,7.4627,7.4627,7.4627,7.4627,7.4627,7.4627,7.4627,7.4627,7.4627,7.4627,7.4627,7.4627,7.4627,7.4627,7.4627,7.4627,7.4627,7.4627,7.4627,7.4627,7.4627,7.4627,7.4627,7.4627,7.4627,7.4627,7.4627,7.4627,7.4627,7.4627,7.4627,7.4627,7.4627,7.4627,7.4627,7.4627,7.4627,7.4627,7.4627,7.4627,7.4627,7.4627,7.4627,7.4627,7.4627,7.4627,7.4627,7.4627,7.4627,7.4627,7.4627,7.4627,7.4627,7.4627,7.4627,7.4627,7.4627,7.4627,7.4627,7.4627,7.4627,7.4627,7.4627,7.4627,7.4627,7.4627,7.4627,7.4627,7.4627,7.4627,7.4627,7.4627,7.4627,7.4627,7.4627,7.4627,7.4627,7.4627,7.4627,7.4627,7.4627,7.4627
7.4564,7.4564,7.4564,7.4564,7.4564,7.4564,7.4564,7.4564,7.4564,7.4564,7.4564,7.4564,7.4564,7.4564,7.4564,7.4564,7.4564,7.4564,7.4564,7.4564,7.4564,7.4564,7.4564,7.4564,7.4564,7.4564,7.4564,7.4564,7.4564,7.4564,7.4564,7.4564,7.4564,7.4564,7.4564,7.4564,7.4564,7.4564,7.4564,7.4564,7.4564,7.4564,7.4564,7.4564,7.4564,7.4564,7.4564,7.4564,7.4564,7.4564,7.4564,7.4564,7.4564,7.4564,7.4564,7.4564,7.4564,7.4564,7.4564,7.4564,7.4564,7.4564,7.4564,7.4564,7.4564,7.4564,7.4564,7.4564,7.4564,7.4564,7.4564,7.4564,7.4564,7.4564,7.4564,7.4564,7.4564,7.4564,7.4564,7.4564,7.4564,7.4564,7.4564,7.4564,7.4564,7.4564,7.4564,7.4564,7.4564,7.4564,7.4564,7.4564,7.4564,7.4564,7.4564,7.4564,7.4564,7.4564,7.4564,7.4564,7.4564,7.4564,7.4564,7.4564,7.4564,7.4564,7.4564,7.4564,7.4564,7.4564,7.4564,7.4564,7.4564,7.4564,7.4564,7.4564,7.4564,7.4564,7.4564,7.4564,7.4564,7.4564,7.4564,7.4564,7.4564,7.4564,7.4564,7.4564,7.4564,7.4564,7.4564,7.4564,7.4564,7.4564,7.4564,7.4564,7.4564,7.4564,7.4564,7.4564,7.4564,7.4564,7.4564,7.4564,7.4564,7.4564,7.4564,7.4564,7.4564,7.4564,7.4564,7.4564,7.4564,7.4564,7.4564,7.4564,7.4564,7.4564,7.4564,7.4564,7.4564,7.4564,7.4564,7.4564,7.4564,7.4564,7.4564,7.4564,7.4564,7.4564,7.4564,7.4564,7.4564,7.4564,7.4564,7.4564,7.4564,7.4564,7.4564,7.4564,7.4564,7.4564,7.4564,7.4564,7.4564,7.4564,7.4564,7.4564,7.4564,7.4564,7.4564,7.4564,7.4564,7.4564,7.4564,7.4564,7.4564,7.4564,7.4564,7.4564,7.4564,7.4564,7.4564,7.4564,7.4564,7.4564,7.4564,7.4564,7.4564,7.4564,7.4564,7.4564,7.4564,7.4564,7.4564,7.4564,7.4564,7.4564,7.4564,7.4564,7.4564,7.4564,7.4564,7.4564,7.4564,7.4564,7.4564,7.4564,7.4564,7.4564,7.4564,7.4564,7.4564,7.4564,7.4564,7.4564,7.4564,7.4564,7.4564,7.4564,7.4564,7.4564,7.4564,7.4564,7.4564,7.4564,7.4564,7.4564,7.4564,7.4564,7.4564,7.4564,7.4564,7.4564,7.4564,7.4564,7.4564,7.4564,7.4564,7.4564,7.4564,7.4564,7.4564,7.4564,7.4564,7.4564,7.4564,7.4564,7.4564,7.4564,7.4564,7.4564,7.4564,7.4564,7.4564,7.4564,7.4564,7.4564,7.4564,7.4564,7.4564,7.4564,7.4564,7.4564,7.4564,7.4564,7.4564,7.4564,7.4564,7.4564,7.4564,7.4564,7.4564,7.4564,7.4564,7.4564,7.4564,7.4564,7.4564,7.4564,7.4564,7.4564,7.4564,7.4564,7.4564,7.4564,7.4564,7.4564,7.4564,7.4564,7.4564,7.4564,7.4564,7.4564,7.4564,7.4564,7.4564,7.4564,7.4564,7.4564,7.4564,7.4564,7.4564,7.4564,7.4564,7.4564,7.4564,7.4564,7.4564,7.4564,7.4564,7.4564,7.4564,7.4564,7.4564,7.4564,7.4564,7.4564,7.4564,7.4564,7.4564,7.4564,7.4564,7.4564,7.4564,7.4564,7.4564,7.4564,7.4564,7.4564,7.4564,7.4564,7.4564,7.4564,7.4564,7.4564,7.4564,7.4564,7.4564,7.4564,7.4564,7.4564,7.4564,7.4564,7.4564,7.4564,7.4564,7.4564,7.4564,7.4564,7.4564,7.4564,7.4564,7.4564,7.4564,7.4564,7.4564,7.4564,7.4564,7.4564,7.4564,7.4564,7.4564,7.4564,7.4564,7.4564,7.4564,7.4564,7.4564,7.4564,7.4564,7.4564,7.4564,7.4564,7.4564,7.4564,7.4564,7.4564,7.4564,7.4564,7.4564,7.4564,7.4564,7.4564,7.4564,7.4564,7.4564,6.1241,6.1003,6.0863,6.0742,6.0622,6.0504,6.0380,6.0258,6.0138,6.0015,5.9895,5.9776,5.9657,5.9574,5.9494,5.9412,5.9332,5.9251,5.9171,5.9111,5.9063,5.9013,5.8966,5.8918,5.8871,5.8821,5.8774,5.8726,5.8679,5.8632,5.8585,5.8538,5.8489,5.8444,5.8398,5.8353,5.8327,5.8300,5.8274,5.8248,5.8222,5.8195,5.8171,5.8145,5.8119,5.8093,5.8073,5.8059,5.8046,5.8032,5.8018,5.8004,5.7990,5.7976,5.7962,5.7948,5.7934,5.7920,5.7906,5.7892,5.7878,5.7862,5.7849,5.7835,5.7817,5.7801,5.7785,5.7769,5.7753,5.7737,5.7721,5.7705,5.7697,5.7694,5.7690,5.7686,5.7682,5.7678,5.7674,5.7680,5.7688,5.7695,5.7703,5.7711,5.7717,5.7725,5.7733,5.7741,5.7747,5.7755,5.7763,5.7771,5.7779,5.7785,5.7793,5.7801,5.7809,5.7815,5.7823,5.7831,5.7839,5.7847,5.7853,5.7860,5.7868,5.7876,5.7882,5.7890,5.7900,5.7916,5.7934,5.7950,5.7966,5.7982,5.8008,5.8040,5.8073,5.8105,5.8137,5.8169,5.8201,5.8234,5.8264,5.8296,5.8331,5.8361,5.8396,5.8428,5.8461,5.8493,5.8526,5.8559,5.8593,5.8626,5.8659,5.8692,5.8724,5.8757,5.8790,5.8823,5.8856,5.8889,5.8922,5.8986,5.9073,5.9161,5.9259,5.9355,5.9454,5.9553,5.9651,5.9750,5.9850,5.9955,6.0062,6.0168,6.0273,6.0382,6.0493,6.0705,6.1176,6.1920,7.4564,7.4564,7.4564,7.4564,7.4564,7.4564,7.4564,7.4564,7.4564,7.4564,7.4564,7.4564,7.4564,7.4564,7.4564,7.4564,7.4564,7.4564,7.4564,7.4564,7.4564,7.4564,7.4564,7.4564,7.4564,7.4564,7.4564,7.4564,7.4564,7.4564,7.4564,7.4564,7.4564,7.4564,7.4564,7.4564,7.4564,7.4564,7.4564,7.4564,7.4564,7.4564,7.4564,7.4564,7.4564,7.4564,7.4564,7.4564,7.4564,7.4564,7.4564,7.4564,7.4564,7.4564,7.4564,7.4564,7.4564,7.4564,7.4564,7.4564,7.4564,7.4564,7.4564,7.4564,7.4564,7.4564,7.4564,7.4564,7.4564,7.4564,7.4564,7.4564,7.4564,7.4564,7.4564,7.4564,7.4564,7.4564,7.4564,7.4564,7.4564,7.4564,7.4564,7.4564,7.4564,7.4564,7.4564,7.4564,7.4564,7.4564,7.4564,7.4564,7.4564,7.4564,7.4564,7.4564,7.4564,7.4564,7.4564,7.4564,7.4564,7.4564,7.4564,7.4564,7.4564,7.4564,7.4564,7.4564,7.4564,7.4564,7.4564,7.4564,7.4564,7.4564,7.4564,7.4564,7.4564,7.4564,7.4564,7.4564,7.4564,7.4564,7.4564,7.4564,7.4564,7.4564,7.4564,7.4564,7.4564,7.4564,7.4564,7.4564,7.4564,7.4564,7.4564,7.4564,7.4564,7.4564,7.4564,7.4564,7.4564,7.4564,7.4564,7.4564,7.4564,7.4564,7.4564,7.4564,7.4564,7.4564,7.4564,7.4564,7.4564,7.4564,7.4564,7.4564,7.4564,7.4564,7.4564,7.4564,7.4564,7.4564,7.4564,7.4564,7.4564,7.4564,7.4564,7.4564,7.4564,7.4564,7.4564,7.4564,7.4564,7.4564,7.4564,7.4564,7.4564,7.4564,7.4564,7.4564,7.4564,7.4564,7.4564,7.4564,7.4564,7.4564,7.4564,7.4564,7.4564,7.4564,7.4564,7.4564,7.4564,7.4564,7.4564,7.4564,7.4564,7.4564,7.4564,7.4564,7.4564,7.4564,7.4564,7.4564,7.4564,7.4564,7.4564,7.4564,7.4564,7.4564,7.4564,7.4564,7.4564,7.4564,7.4564,7.4564,7.4564,7.4564,7.4564,7.4564,7.4564,7.4564,7.4564,7.4564,7.4564,7.4564,7.4564,7.4564,7.4564,7.4564,7.4564,7.4564,7.4564,7.4564,7.4564,7.4564,7.4564,7.4564,7.4564,7.4564,7.4564,7.4564,7.4564,7.4564,7.4564,7.4564,7.4564,7.4564,7.4564,7.4564,7.4564,7.4564,7.4564,7.4564,7.4564,7.4564,7.4564,7.4564,7.4564,7.4564,7.4564,7.4564,7.4564,7.4564,7.4564,7.4564,7.4564,7.4564,7.4564,7.4564,7.4564,7.4564,7.4564,7.4564,7.4564,7.4564,7.4564,7.4564,7.4564,7.4564,7.4564,7.4564,7.4564,7.4564,7.4564,7.4564,7.4564,7.4564,7.4564,7.4564,7.4564,7.4564,7.4564,7.4564,7.4564,7.4564,7.4564,7.4564,7.4564,7.4564,7.4564,7.4564,7.4564,7.4564,7.4564,7.4564,7.4564,7.4564,7.4564,7.4564,7.4564,7.4564,7.4564,7.4564,7.4564,7.4564,7.4564,7.4564,7.4564,7.4564,7.4564,7.4564,7.4564,7.4564,7.4564,7.4564,7.4564,7.4564,7.4564,7.4564,7.4564,7.4564,7.4564,7.4564,7.4564,7.4564,7.4564,7.4564,7.4564,7.4564,7.4564,7.4564,7.4564,7.4564,7.4564,7.4564,7.4564,7.4564,7.4564,7.4564,7.4564,7.4564,7.4564,7.4564,7.4564,7.4564,7.4564,7.4564,7.4564,7.4564,7.4564,7.4564,7.4564,7.4564,7.4564,7.4564,7.4564,7.4564,7.4564,7.4564,7.4564,7.4564,7.4564,7.4564,7.4564,7.4564,7.4564,7.4564,7.4564,7.4564,7.4564,7.4564,7.4564,7.4564,7.4564,7.4564,7.4564,7.4564,7.4564,7.4564,7.4564
7.4504,7.4504,7.4504,7.4504,7.4504,7.4504,7.4504,7.4504,7.4504,7.4504,7.4504,7.4504,7.4504,7.4504,7.4504,7.4504,7.4504,7.4504,7.4504,7.4504,7.4504,7.4504,7.4504,7.4504,7.4504,7.4504,7.4504,7.4504,7.4504,7.4504,7.4504,7.4504,7.4504,7.4504,7.4504,7.4504,7.4504,7.4504,7.4504,7.4504,7.4504,7.4504,7.4504,7.4504,7.4504,7.4504,7.4504,7.4504,7.4504,7.4504,7.4504,7.4504,7.4504,7.4504,7.4504,7.4504,7.4504,7.4504,7.4504,7.4504,7.4504,7.4504,7.4504,7.4504,7.4504,7.4504,7.4504,7.4504,7.4504,7.4504,7.4504,7.4504,7.4504,7.4504,7.4504,7.4504,7.4504,7.4504,7.4504,7.4504,7.4504,7.4504,7.4504,7.4504,7.4504,7.4504,7.4504,7.4504,7.4504,7.4504,7.4504,7.4504,7.4504,7.4504,7.4504,7.4504,7.4504,7.4504,7.4504,7.4504,7.4504,7.4504,7.4504,7.4504,7.4504,7.4504,7.4504,7.4504,7.4504,7.4504,7.4504,7.4504,7.4504,7.4504,7.4504,7.4504,7.4504,7.4504,7.4504,7.4504,7.4504,7.4504,7.4504,7.4504,7.4504,7.4504,7.4504,7.4504,7.4504,7.4504,7.4504,7.4504,7.4504,7.4504,7.4504,7.4504,7.4504,7.4504,7.4504,7.4504,7.4504,7.4504,7.4504,7.4504,7.4504,7.4504,7.4504,7.4504,7.4504,7.4504,7.4504,7.4504,7.4504,7.4504,7.4504,7.4504,7.4504,7.4504,7.4504,7.4504,7.4504,7.4504,7.4504,7.4504,7.4504,7.4504,7.4504,7.4504,7.4504,7.4504,7.4504,7.4504,7.4504,7.4504,7.4504,7.4504,7.4504,7.4504,7.4504,7.4504,7.4504,7.4504,7.4504,7.4504,7.4504,7.4504,7.4504,7.4504,7.4504,7.4504,7.4504,7.4504,7.4504,7.4504,7.4504,7.4504,7.4504,7.4504,7.4504,7.4504,7.4504,7.4504,7.4504,7.4504,7.4504,7.4504,7.4504,7.4504,7.4504,7.4504,7.4504,7.4504,7.4504,7.4504,7.4504,7.4504,7.4504,7.4504,7.4504,7.4504,7.4504,7.4504,7.4504,7.4504,7.4504,7.4504,7.4504,7.4504,7.4504,7.4504,7.4504,7.4504,7.4504,7.4504,7.4504,7.4504,7.4504,7.4504,7.4504,7.4504,7.4504,7.4504,7.4504,7.4504,7.4504,7.4504,7.4504,7.4504,7.4504,7.4504,7.4504,7.4504,7.4504,7.4504,7.4504,7.4504,7.4504,7.4504,7.4504,7.4504,7.4504,7.4504,7.4504,7.4504,7.4504,7.4504,7.4504,7.4504,7.4504,7.4504,7.4504,7.4504,7.4504,7.4504,7.4504,7.4504,7.4504,7.4504,7.4504,7.4504,7.4504,7.4504,7.4504,7.4504,7.4504,7.4504,7.4504,7.4504,7.4504,7.4504,7.4504,7.4504,7.4504,7.4504,7.4504,7.4504,7.4504,7.4504,7.4504,7.4504,7.4504,7.4504,7.4504,7.4504,7.4504,7.4504,7.4504,7.4504,7.4504,7.4504,7.4504,7.4504,7.4504,7.4504,7.4504,7.4504,7.4504,7.4504,7.4504,7.4504,7.4504,7.4504,7.4504,7.4504,7.4504,7.4504,7.4504,7.4504,7.4504,7.4504,7.4504,7.4504,7.4504,7.4504,7.4504,7.4504,7.4504,7.4504,7.4504,7.4504,7.4504,7.4504,7.4504,7.4504,7.4504,7.4504,7.4504,7.4504,7.4504,7.4504,7.4504,7.4504,7.4504,7.4504,7.4504,7.4504,7.4504,7.4504,7.4504,7.4504,7.4504,7.4504,7.4504,7.4504,7.4504,7.4504,7.4504,7.4504,7.4504,7.4504,7.4504,7.4504,7.4504,7.4504,7.4504,7.4504,7.4504,7.4504,7.4504,7.4504,7.4504,7.4504,7.4504,7.4504,7.4504,7.4504,7.4504,7.4504,7.4504,7.4504,7.4504,7.4504,7.4504,7.4504,7.4504,7.4504,7.4504,7.4504,7.4504,7.4504,7.4504,7.4504,7.4504,7.4504,7.4504,7.4504,7.4504,6.1151,6.0954,6.0832,6.0711,6.0593,6.0473,6.0351,6.0230,6.0107,5.9987,5.9867,5.9746,5.9625,5.9545,5.9463,5.9383,5.9303,5.9221,5.9148,5.9101,5.9051,5.9003,5.8955,5.8906,5.8858,5.8811,5.8763,5.8716,5.8669,5.8622,5.8573,5.8526,5.8479,5.8434,5.8392,5.8343,5.8308,5.8282,5.8256,5.8230,5.8203,5.8177,5.8153,5.8127,5.8101,5.8075,5.8061,5.8046,5.8034,5.8020,5.8006,5.7994,5.7980,5.7966,5.7950,5.7936,5.7922,5.7908,5.7894,5.7880,5.7866,5.7853,5.7839,5.7821,5.7805,5.7789,5.7773,5.7757,5.7741,5.7725,5.7709,5.7694,5.7678,5.7674,5.7670,5.7666,5.7662,5.7658,5.7660,5.7668,5.7676,5.7682,5.7690,5.7697,5.7705,5.7713,5.7719,5.7727,5.7735,5.7743,5.7749,5.7757,5.7765,5.7773,5.7781,5.7787,5.7795,5.7803,5.7811,5.7817,5.7825,5.7833,5.7841,5.7847,5.7854,5.7862,5.7870,5.7878,5.7884,5.7898,5.7914,5.7932,5.7948,5.7964,5.7996,5.8028,5.8061,5.8093,5.8125,5.8155,5.8187,5.8220,5.8252,5.8284,5.8317,5.8349,5.8381,5.8416,5.8448,5.8481,5.8514,5.8546,5.8579,5.8612,5.8644,5.8677,5.8710,5.8743,5.8776,5.8809,5.8844,5.8877,5.8910,5.8953,5.9051,5.9148,5.9244,5.9343,5.9441,5.9538,5.9638,5.9738,5.9835,5.9940,6.0045,6.0153,6.0258,6.0364,6.0486,6.0700,6.0938,6.1795,6.2406,7.4504,7.4504,7.4504,7.4504,7.4504,7.4504,7.4504,7.4504,7.4504,7.4504,7.4504,7.4504,7.4504,7.4504,7.4504,7.4504,7.4504,7.4504,7.4504,7.4504,7.4504,7.4504,7.4504,7.4504,7.4504,7.4504,7.4504,7.4504,7.4504,7.4504,7.4504,7.4504,7.4504,7.4504,7.4504,7.4504,7.4504,7.4504,7.4504,7.4504,7.4504,7.4504,7.4504,7.4504,7.4504,7.4504,7.4504,7.4504,7.4504,7.4504,7.4504,7.4504,7.4504,7.4504,7.4504,7.4504,7.4504,7.4504,7.4504,7.4504,7.4504,7.4504,7.4504,7.4504,7.4504,7.4504,7.4504,7.4504,7.4504,7.4504,7.4504,7.4504,7.4504,7.4504,7.4504,7.4504,7.4504,7.4504,7.4504,7.4504,7.4504,7.4504,7.4504,7.4504,7.4504,7.4504,7.4504,7.4504,7.4504,7.4504,7.4504,7.4504,7.4504,7.4504,7.4504,7.4504,7.4504,7.4504,7.4504,7.4504,7.4504,7.4504,7.4504,7.4504,7.4504,7.4504,7.4504,7.4504,7.4504,7.4504,7.4504,7.4504,7.4504,7.4504,7.4504,7.4504,7.4504,7.4504,7.4504,7.4504,7.4504,7.4504,7.4504,7.4504,7.4504,7.4504,7.4504,7.4504,7.4504,7.4504,7.4504,7.4504,7.4504,7.4504,7.4504,7.4504,7.4504,7.4504,7.4504,7.4504,7.4504,7.4504,7.4504,7.4504,7.4504,7.4504,7.4504,7.4504,7.4504,7.4504,7.4504,7.4504,7.4504,7.4504,7.4504,7.4504,7.4504,7.4504,7.4504,7.4504,7.4504,7.4504,7.4504,7.4504,7.4504,7.4504,7.4504,7.4504,7.4504,7.4504,7.4504,7.4504,7.4504,7.4504,7.4504,7.4504,7.4504,7.4504,7.4504,7.4504,7.4504,7.4504,7.4504,7.4504,7.4504,7.4504,7.4504,7.4504,7.4504,7.4504,7.4504,7.4504,7.4504,7.4504,7.4508,7.4508,7.4508,7.4508,7.4508,7.4508,7.4508,7.4508,7.4508,7.4508,7.4508,7.4508,7.4508,7.4508,7.4508,7.4508,7.4508,7.4508,7.4508,7.4508,7.4508,7.4508,7.4508,7.4508,7.4508,7.4508,7.4508,7.4508,7.4508,7.4508,7.4508,7.4508,7.4508,7.4508,7.4508,7.4508,7.4508,7.4508,7.4508,7.4508,7.4508,7.4508,7.4508,7.4508,7.4508,7.4508,7.4508,7.4508,7.4508,7.4508,7.4508,7.4508,7.4508,7.4508,7.4508,7.4508,7.4508,7.4508,7.4508,7.4508,7.4508,7.4508,7.4508,7.4508,7.4508,7.4508,7.4508,7.4508,7.4508,7.4508,7.4508,7.4508,7.4508,7.4508,7.4508,7.4508,7.4508,7.4508,7.4508,7.4508,7.4508,7.4508,7.4508,7.4508,7.4508,7.4508,7.4508,7.4508,7.4508,7.4508,7.4508,7.4508,7.4508,7.4508,7.4508,7.4508,7.4508,7.4508,7.4508,7.4508,7.4508,7.4508,7.4508,7.4508,7.4508,7.4508,7.4508,7.4508,7.4508,7.4508,7.4508,7.4508,7.4508,7.4508,7.4508,7.4508,7.4508,7.4508,7.4508,7.4508,7.4508,7.4508,7.4508,7.4508,7.4508,7.4508,7.4508,7.4508,7.4508,7.4508,7.4508,7.4508,7.4508,7.4508,7.4508,7.4508,7.4508,7.4508,7.4508,7.4508,7.4508,7.4508,7.4508,7.4508,7.4508,7.4508,7.4508,7.4508,7.4508,7.4508,7.4508,7.4508,7.4508,7.4508,7.4508,7.4508,7.4508,7.4508,7.4508,7.4508,7.4508,7.4508,7.4508,7.4508,7.4508,7.4508,7.4508,7.4508,7.4508,7.4508,7.4508,7.4508,7.4508,7.4508,7.4508,7.4508,7.4508,7.4508,7.4508,7.4508,7.4508,7.4508,7.4508,7.4508,7.4508,7.4508,7.4508,7.4508,7.4508,7.4508,7.4508,7.4508,7.4508,7.4508,7.4508,7.4508
7.4442,7.4442,7.4442,7.4442,7.4442,7.4442,7.4442,7.4442,7.4442,7.4442,7.4442,7.4442,7.4442,7.4442,7.4442,7.4442,7.4442,7.4442,7.4442,7.4442,7.4442,7.4442,7.4442,7.4442,7.4442,7.4442,7.4442,7.4442,7.4442,7.4442,7.4442,7.4442,7.4442,7.4442,7.4442,7.4442,7.4442,7.4442,7.4442,7.4442,7.4442,7.4442,7.4442,7.4442,7.4442,7.4442,7.4442,7.4442,7.4442,7.4442,7.4442,7.4442,7.4442,7.4442,7.4442,7.4442,7.4442,7.4442,7.4442,7.4442,7.4442,7.4442,7.4442,7.4442,7.4442,7.4442,7.4442,7.4442,7.4442,7.4442,7.4442,7.4442,7.4442,7.4442,7.4442,7.4442,7.4442,7.4442,7.4442,7.4442,7.4442,7.4442,7.4442,7.4442,7.4442,7.4442,7.4442,7.4442,7.4442,7.4442,7.4442,7.4442,7.4442,7.4442,7.4442,7.4442,7.4442,7.4442,7.4442,7.4442,7.4442,7.4442,7.4442,7.4442,7.4442,7.4442,7.4442,7.4442,7.4442,7.4442,7.4442,7.4442,7.4442,7.4442,7.4442,7.4442,7.4442,7.4442,7.4442,7.4442,7.4442,7.4442,7.4442,7.4442,7.4442,7.4442,7.4442,7.4442,7.4442,7.4442,7.4442,7.4442,7.4442,7.4442,7.4442,7.4442,7.4442,7.4442,7.4442,7.4442,7.4442,7.4442,7.4442,7.4442,7.4442,7.4442,7.4442,7.4442,7.4442,7.4442,7.4442,7.4442,7.4442,7.4442,7.4442,7.4442,7.4442,7.4442,7.4442,7.4442,7.4442,7.4442,7.4442,7.4442,7.4442,7.4442,7.4442,7.4442,7.4442,7.4442,7.4442,7.4442,7.4442,7.4442,7.4442,7.4442,7.4442,7.4442,7.4442,7.4442,7.4442,7.4442,7.4442,7.4442,7.4442,7.4442,7.4442,7.4442,7.4442,7.4442,7.4442,7.4442,7.4442,7.4442,7.4442,7.4442,7.4442,7.4442,7.4442,7.4442,7.4442,7.4442,7.4442,7.4442,7.4442,7.4442,7.4442,7.4442,7.4442,7.4442,7.4442,7.4442,7.4442,7.4442,7.4442,7.4442,7.4442,7.4442,7.4442,7.4442,7.4442,7.4442,7.4442,7.4442,7.4442,7.4442,7.4442,7.4442,7.4442,7.4442,7.4442,7.4442,7.4442,7.4442,7.4442,7.4442,7.4442,7.4442,7.4442,7.4442,7.4442,7.4442,7.4442,7.4442,7.4442,7.4442,7.4442,7.4442,7.4442,7.4442,7.4442,7.4442,7.4442,7.4442,7.4442,7.4442,7.4442,7.4442,7.4442,7.4442,7.4442,7.4442,7.4442,7.4442,7.4442,7.4442,7.4442,7.4442,7.4442,7.4442,7.4442,7.4442,7.4442,7.4442,7.4442,7.4442,7.4442,7.4442,7.4442,7.4442,7.4442,7.4442,7.4442,7.4442,7.4442,7.4442,7.4442,7.4442,7.4442,7.4442,7.4442,7.4442,7.4442,7.4442,7.4442,7.4442,7.4442,7.4442,7.4442,7.4442,7.4442,7.4442,7.4442,7.4442,7.4442,7.4442,7.4442,7.4442,7.4442,7.4442,7.4442,7.4442,7.4442,7.4442,7.4442,7.4442,7.4442,7.4442,7.4442,7.4442,7.4442,7.4442,7.4442,7.4442,7.4442,7.4442,7.4442,7.4442,7.4442,7.4442,7.4442,7.4442,7.4442,7.4442,7.4442,7.4442,7.4442,7.4442,7.4442,7.4442,7.4442,7.4442,7.4442,7.4442,7.4442,7.4442,7.4442,7.4442,7.4442,7.4442,7.4442,7.4442,7.4442,7.4442,7.4442,7.4442,7.4442,7.4442,7.4442,7.4442,7.4442,7.4442,7.4442,7.4442,7.4442,7.4442,7.4442,7.4442,7.4442,7.4442,7.4442,7.4442,7.4442,7.4442,7.4442,7.4442,7.4442,7.4442,7.4442,7.4442,7.4442,7.4442,7.4442,7.4442,7.4442,7.4442,7.4442,7.4442,7.4442,7.4442,7.4442,7.4442,7.4442,7.4442,7.4442,7.4442,7.4442,7.4442,7.4442,7.4442,7.4442,7.4442,7.4442,7.4442,7.4442,7.4442,6.1836,6.1065,6.0923,6.0804,6.0683,6.0563,6.0445,6.0321,6.0200,6.0082,5.9957,5.9838,5.9714,5.9595,5.9515,5.9433,5.9353,5.9272,5.9192,5.9138,5.9090,5.9040,5.8993,5.8943,5.8895,5.8848,5.8800,5.8753,5.8706,5.8657,5.8610,5.8563,5.8516,5.8471,5.8424,5.8379,5.8337,5.8290,5.8264,5.8238,5.8211,5.8185,5.8159,5.8135,5.8109,5.8083,5.8063,5.8048,5.8036,5.8022,5.8008,5.7994,5.7982,5.7968,5.7954,5.7940,5.7926,5.7912,5.7898,5.7884,5.7870,5.7854,5.7841,5.7827,5.7809,5.7793,5.7777,5.7761,5.7745,5.7729,5.7713,5.7697,5.7682,5.7666,5.7654,5.7650,5.7646,5.7642,5.7640,5.7646,5.7654,5.7662,5.7670,5.7678,5.7684,5.7692,5.7699,5.7707,5.7713,5.7721,5.7729,5.7737,5.7745,5.7751,5.7759,5.7767,5.7775,5.7781,5.7789,5.7797,5.7805,5.7813,5.7819,5.7827,5.7835,5.7843,5.7849,5.7856,5.7864,5.7872,5.7880,5.7896,5.7912,5.7930,5.7952,5.7984,5.8016,5.8046,5.8079,5.8111,5.8143,5.8175,5.8207,5.8240,5.8272,5.8304,5.8337,5.8369,5.8402,5.8434,5.8467,5.8499,5.8532,5.8567,5.8599,5.8632,5.8665,5.8698,5.8733,5.8768,5.8803,5.8838,5.8873,5.8908,5.8955,5.9038,5.9136,5.9232,5.9330,5.9429,5.9526,5.9625,5.9725,5.9823,5.9923,6.0030,6.0135,6.0241,6.0349,6.0482,6.0696,6.0910,6.1672,6.2276,7.4442,7.4442,7.4442,7.4442,7.4442,7.4442,7.4442,7.4442,7.4442,7.4442,7.4442,7.4442,7.4442,7.4442,7.4442,7.4442,7.4442,7.4442,7.4442,7.4442,7.4442,7.4442,7.4442,7.4442,7.4442,7.4442,7.4442,7.4442,7.4442,7.4442,7.4442,7.4442,7.4442,7.4442,7.4442,7.4442,7.4442,7.4442,7.4442,7.4442,7.4442,7.4442,7.4442,7.4442,7.4442,7.4442,7.4442,7.4442,7.4442,7.4442,7.4442,7.4442,7.4442,7.4442,7.4442,7.4442,7.4442,7.4442,7.4442,7.4442,7.4442,7.4442,7.4442,7.4442,7.4442,7.4442,7.4442,7.4442,7.4442,7.4442,7.4442,7.4442,7.4442,7.4442,7.4442,7.4442,7.4442,7.4442,7.4442,7.4442,7.4442,7.4442,7.4442,7.4442,7.4442,7.4442,7.4442,7.4442,7.4442,7.4442,7.4442,7.4442,7.4442,7.4442,7.4442,7.4442,7.4442,7.4442,7.4442,7.4442,7.4442,7.4442,7.4442,7.4442,7.4442,7.4442,7.4442,7.4442,7.4442,7.4442,7.4442,7.4442,7.4442,7.4442,7.4442,7.4442,7.4442,7.4442,7.4442,7.4442,7.4442,7.4442,7.4442,7.4442,7.4442,7.4442,7.4442,7.4442,7.4442,7.4442,7.4442,7.4442,7.4442,7.4442,7.4442,7.4442,7.4442,7.4442,7.4442,7.4442,7.4442,7.4442,7.4442,7.4442,7.4442,7.4442,7.4442,7.4442,7.4442,7.4442,7.4442,7.4442,7.4442,7.4442,7.4442,7.4442,7.4442,7.4442,7.4442,7.4442,7.4442,7.4442,7.4442,7.4442,7.4442,7.4442,7.4442,7.4442,7.4442,7.4442,7.4442,7.4442,7.4442,7.4442,7.4442,7.4442,7.4442,7.4442,7.4442,7.4442,7.4442,7.4442,7.4442,7.4442,7.4442,7.4442,7.4442,7.4442,7.4442,7.4442,7.4442,7.4442,7.4442,7.4442,7.4442,7.4442,7.4442,7.4442,7.4442,7.4442,7.4442,7.4442,7.4442,7.4442,7.4442,7.4442,7.4442,7.4442,7.4442,7.4442,7.4442,7.4442,7.4442,7.4442,7.4442,7.4442,7.4442,7.4442,7.4442,7.4442,7.4442,7.4442,7.4442,7.4442,7.4442,7.4442,7.4442,7.4442,7.4442,7.4442,7.4442,7.4442,7.4442,7.4442,7.4442,7.4442,7.4442,7.4442,7.4442,7.4442,7.4442,7.4442,7.4442,7.4442,7.4442,7.4442,7.4442,7.4442,7.4442,7.4442,7.4442,7.4442,7.4442,7.4442,7.4442,7.4442,7.4442,7.4442,7.4442,7.4442,7.4442,7.4442,7.4442,7.4442,7.4442,7.4442,7.4442,7.4442,7.4442,7.4442,7.4442,7.4442,7.4442,7.4442,7.4442,7.4442,7.4442,7.4442,7.4442,7.4442,7.4442,7.4442,7.4442,7.4442,7.4442,7.4442,7.4442,7.4442,7.4442,7.4442,7.4442,7.4442,7.4442,7.4442,7.4442,7.4442,7.4442,7.4442,7.4442,7.4442,7.4442,7.4442,7.4442,7.4442,7.4442,7.4442,7.4442,7.4442,7.4442,7.4442,7.4442,7.4442,7.4442,7.4442,7.4442,7.4442,7.4442,7.4442,7.4442,7.4442,7.4442,7.4442,7.4442,7.4442,7.4442,7.4442,7.4442,7.4442,7.4442,7.4442,7.4442,7.4442,7.4442,7.4442,7.4442,7.4442,7.4442,7.4442,7.4442,7.4442,7.4442,7.4442,7.4442,7.4442,7.4442,7.4442,7.4442,7.4442,7.4442,7.4442,7.4442,7.4442,7.4442,7.4442,7.4442,7.4442,7.4442,7.4442,7.4442,7.4442,7.4442,7.4442,7.4442,7.4442,7.4442,7.4442,7.4442,7.4442,7.4442,7.4442,7.4442,7.4442,7.4442,7.4442,7.4442,7.4442,7.4442,7.4442,7.4442,7.4442,7.4442,7.4442,7.4442,7.4442,7.4442,7.4442,7.4442,7.4442,7.4442,7.4442
7.4385,7.4385,7.4385,7.4385,7.4385,7.4385,7.4385,7.4385,7.4385,7.4385,7.4385,7.4385,7.4385,7.4385,7.4385,7.4385,7.4385,7.4385,7.4385,7.4385,7.4385,7.4385,7.4385,7.4385,7.4385,7.4385,7.4385,7.4385,7.4385,7.4385,7.4385,7.4385,7.4385,7.4385,7.4385,7.4385,7.4385,7.4385,7.4385,7.4385,7.4385,7.4385,7.4385,7.4385,7.4385,7.4385,7.4385,7.4385,7.4385,7.4385,7.4385,7.4385,7.4385,7.4385,7.4385,7.4385,7.4385,7.4385,7.4385,7.4385,7.4385,7.4385,7.4385,7.4385,7.4379,7.4379,7.4379,7.4379,7.4379,7.4379,7.4379,7.4379,7.4379,7.4379,7.4379,7.4379,7.4379,7.4379,7.4379,7.4379,7.4379,7.4379,7.4379,7.4379,7.4379,7.4379,7.4379,7.4379,7.4379,7.4379,7.4379,7.4379,7.4379,7.4379,7.4379,7.4379,7.4379,7.4379,7.4379,7.4379,7.4379,7.4379,7.4379,7.4379,7.4379,7.4379,7.4379,7.4379,7.4379,7.4379,7.4379,7.4379,7.4379,7.4379,7.4379,7.4379,7.4379,7.4379,7.4379,7.4379,7.4379,7.4379,7.4379,7.4379,7.4379,7.4379,7.4379,7.4379,7.4379,7.4379,7.4379,7.4379,7.4379,7.4379,7.4379,7.4379,7.4379,7.4379,7.4379,7.4379,7.4379,7.4379,7.4379,7.4379,7.4379,7.4379,7.4379,7.4379,7.4379,7.4379,7.4379,7.4379,7.4379,7.4379,7.4379,7.4379,7.4379,7.4379,7.4379,7.4379,7.4379,7.4379,7.4379,7.4379,7.4379,7.4379,7.4379,7.4379,7.4379,7.4379,7.4379,7.4379,7.4379,7.4379,7.4379,7.4379,7.4379,7.4379,7.4379,7.4379,7.4379,7.4379,7.4379,7.4379,7.4379,7.4379,7.4379,7.4379,7.4379,7.4379,7.4379,7.4379,7.4379,7.4379,7.4379,7.4379,7.4379,7.4379,7.4379,7.4379,7.4379,7.4379,7.4379,7.4379,7.4379,7.4379,7.4379,7.4379,7.4379,7.4379,7.4379,7.4379,7.4379,7.4379,7.4379,7.4379,7.4379,7.4379,7.4379,7.4379,7.4379,7.4379,7.4379,7.4379,7.4379,7.4379,7.4379,7.4379,7.4379,7.4379,7.4379,7.4379,7.4379,7.4379,7.4379,7.4379,7.4379,7.4379,7.4379,7.4379,7.4379,7.4379,7.4379,7.4379,7.4379,7.4379,7.4379,7.4379,7.4379,7.4379,7.4379,7.4379,7.4379,7.4379,7.4379,7.4379,7.4379,7.4379,7.4379,7.4379,7.4379,7.4379,7.4379,7.4379,7.4379,7.4379,7.4379,7.4379,7.4379,7.4379,7.4379,7.4379,7.4379,7.4379,7.4379,7.4379,7.4379,7.4379,7.4379,7.4379,7.4379,7.4379,7.4379,7.4379,7.4379,7.4379,7.4379,7.4379,7.4379,7.4379,7.4379,7.4379,7.4379,7.4379,7.4379,7.4379,7.4379,7.4379,7.4379,7.4379,7.4379,7.4379,7.4379,7.4379,7.4379,7.4379,7.4379,7.4379,7.4379,7.4379,7.4379,7.4379,7.4379,7.4379,7.4379,7.4379,7.4379,7.4379,7.4379,7.4379,7.4379,7.4379,7.4379,7.4379,7.4379,7.4379,7.4379,7.4379,7.4379,7.4379,7.4379,7.4379,7.4379,7.4379,7.4379,7.4379,7.4379,7.4379,7.4379,7.4379,7.4379,7.4379,7.4379,7.4379,7.4379,7.4379,7.4379,7.4379,7.4379,7.4379,7.4379,7.4379,7.4379,7.4379,7.4379,7.4379,7.4379,7.4379,7.4379,7.4379,7.4379,7.4379,7.4379,7.4379,7.4379,7.4379,7.4379,7.4379,7.4379,7.4379,7.4379,7.4379,7.4379,7.4379,7.4379,7.4379,7.4379,7.4379,7.4379,7.4379,7.4379,7.4379,7.4379,7.4379,7.4379,7.4379,7.4379,7.4379,7.4379,7.4379,7.4379,7.4379,7.4379,7.4379,7.4379,7.4379,7.4379,7.4379,7.4379,7.4379,7.4379,7.4379,7.4379,7.4379,7.4379,7.4379,6.1214,6.1014,6.0894,6.0773,6.0654,6.0534,6.0414,6.0293,6.0172,6.0049,5.9929,5.9806,5.9682,5.9566,5.9484,5.9404,5.9322,5.9242,5.9175,5.9128,5.9080,5.9030,5.8982,5.8933,5.8885,5.8838,5.8790,5.8741,5.8694,5.8646,5.8599,5.8552,5.8506,5.8461,5.8414,5.8369,5.8325,5.8278,5.8246,5.8220,5.8193,5.8167,5.8141,5.8117,5.8091,5.8065,5.8050,5.8036,5.8024,5.8010,5.7996,5.7984,5.7970,5.7956,5.7942,5.7928,5.7914,5.7900,5.7886,5.7872,5.7858,5.7845,5.7831,5.7813,5.7797,5.7781,5.7765,5.7749,5.7733,5.7717,5.7701,5.7686,5.7670,5.7654,5.7638,5.7632,5.7628,5.7624,5.7626,5.7634,5.7642,5.7648,5.7656,5.7664,5.7672,5.7680,5.7686,5.7694,5.7701,5.7709,5.7715,5.7723,5.7731,5.7739,5.7747,5.7753,5.7761,5.7769,5.7777,5.7783,5.7791,5.7799,5.7807,5.7813,5.7821,5.7829,5.7837,5.7845,5.7851,5.7858,5.7866,5.7878,5.7894,5.7910,5.7940,5.7970,5.8002,5.8034,5.8067,5.8099,5.8131,5.8163,5.8195,5.8228,5.8260,5.8292,5.8325,5.8357,5.8390,5.8422,5.8455,5.8487,5.8522,5.8556,5.8591,5.8626,5.8661,5.8696,5.8731,5.8765,5.8800,5.8835,5.8871,5.8906,5.8962,5.9024,5.9121,5.9219,5.9318,5.9414,5.9513,5.9612,5.9710,5.9810,5.9910,6.0013,6.0120,6.0226,6.0332,6.0478,6.0692,6.0905,6.1548,6.2149,7.4379,7.4379,7.4379,7.4379,7.4379,7.4379,7.4379,7.4379,7.4379,7.4379,7.4379,7.4379,7.4379,7.4379,7.4379,7.4379,7.4379,7.4379,7.4379,7.4379,7.4379,7.4379,7.4379,7.4379,7.4379,7.4379,7.4379,7.4379,7.4379,7.4379,7.4379,7.4379,7.4379,7.4379,7.4379,7.4379,7.4379,7.4379,7.4379,7.4379,7.4379,7.4379,7.4379,7.4379,7.4379,7.4379,7.4379,7.4379,7.4379,7.4379,7.4379,7.4379,7.4379,7.4379,7.4379,7.4379,7.4379,7.4379,7.4379,7.4379,7.4379,7.4379,7.4379,7.4379,7.4379,7.4379,7.4379,7.4379,7.4379,7.4379,7.4379,7.4379,7.4379,7.4379,7.4379,7.4379,7.4379,7.4379,7.4379,7.4379,7.4379,7.4379,7.4379,7.4379,7.4379,7.4379,7.4379,7.4379,7.4379,7.4379,7.4379,7.4379,7.4379,7.4379,7.4379,7.4379,7.4379,7.4379,7.4379,7.4379,7.4379,7.4379,7.4379,7.4379,7.4379,7.4379,7.4379,7.4379,7.4379,7.4379,7.4379,7.4379,7.4379,7.4379,7.4379,7.4379,7.4379,7.4379,7.4379,7.4379,7.4379,7.4379,7.4379,7.4379,7.4379,7.4379,7.4379,7.4379,7.4379,7.4379,7.4379,7.4379,7.4379,7.4379,7.4379,7.4379,7.4379,7.4379,7.4379,7.4379,7.4379,7.4379,7.4379,7.4379,7.4379,7.4379,7.4379,7.4379,7.4379,7.4379,7.4379,7.4379,7.4379,7.4379,7.4379,7.4379,7.4379,7.4379,7.4379,7.4379,7.4379,7.4379,7.4379,7.4379,7.4379,7.4379,7.4379,7.4379,7.4379,7.4379,7.4379,7.4379,7.4379,7.4379,7.4379,7.4379,7.4379,7.4379,7.4379,7.4379,7.4379,7.4379,7.4379,7.4379,7.4379,7.4379,7.4379,7.4379,7.4379,7.4379,7.4379,7.4379,7.4379,7.4379,7.4379,7.4379,7.4379,7.4379,7.4379,7.4379,7.4379,7.4379,7.4379,7.4379,7.4379,7.4379,7.4379,7.4379,7.4379,7.4379,7.4379,7.4379,7.4379,7.4379,7.4379,7.4379,7.4379,7.4379,7.4379,7.4379,7.4379,7.4379,7.4379,7.4379,7.4379,7.4379,7.4379,7.4379,7.4379,7.4379,7.4379,7.4379,7.4379,7.4379,7.4379,7.4379,7.4379,7.4379,7.4379,7.4379,7.4379,7.4379,7.4379,7.4379,7.4379,7.4379,7.4379,7.4379,7.4379,7.4379,7.4379,7.4379,7.4379,7.4379,7.4379,7.4379,7.4379,7.4379,7.4379,7.4379,7.4379,7.4379,7.4379,7.4379,7.4379,7.4379,7.4379,7.4379,7.4379,7.4379,7.4379,7.4379,7.4379,7.4379,7.4379,7.4379,7.4379,7.4379,7.4379,7.4379,7.4379,7.4379,7.4379,7.4379,7.4379,7.4379,7.4379,7.4379,7.4379,7.4379,7.4379,7.4379,7.4379,7.4379,7.4379,7.4379,7.4379,7.4379,7.4379,7.4379,7.4379,7.4379,7.4379,7.4379,7.4379,7.4379,7.4379,7.4379,7.4379,7.4379,7.4379,7.4379,7.4379,7.4379,7.4379,7.4379,7.4379,7.4379,7.4379,7.4379,7.4379,7.4379,7.4379,7.4379,7.4379,7.4379,7.4379,7.4379,7.4379,7.4379,7.4379,7.4379,7.4379,7.4379,7.4379,7.4379,7.4379,7.4379,7.4379,7.4379,7.4379,7.4379,7.4379,7.4379,7.4379,7.4379,7.4379,7.4379,7.4379,7.4379,7.4379,7.4379,7.4379,7.4379,7.4379,7.4379,7.4379,7.4379,7.4379,7.4379,7.4379,7.4379,7.4379,7.4379,7.4379,7.4379,7.4379,7.4379,7.4379,7.4379,7.4379,7.4379,7.4379,7.4379,7.4379,7.4379,7.4379,7.4379,7.4379,7.4379,7.4379,7.4379,7.4379,7.4379,7.4379,7.4379,7.4379,7.4379,7.4379,7.4379
7.4316,7.4316,7.4316,7.4316,7.4316,7.4316,7.4316,7.4316,7.4316,7.4316,7.4316,7.4316,7.4316,7.4316,7.4316,7.4316,7.4316,7.4316,7.4316,7.4316,7.4316,7.4316,7.4316,7.4316,7.4316,7.4316,7.4316,7.4316,7.4316,7.4316,7.4316,7.4316,7.4316,7.4316,7.4316,7.4316,7.4316,7.4316,7.4316,7.4316,7.4316,7.4316,7.4316,7.4316,7.4316,7.4316,7.4316,7.4316,7.4316,7.4316,7.4316,7.4316,7.4316,7.4316,7.4316,7.4316,7.4316,7.4316,7.4316,7.4316,7.4316,7.4316,7.4316,7.4316,7.4316,7.4316,7.4316,7.4316,7.4316,7.4316,7.4316,7.4316,7.4316,7.4316,7.4316,7.4316,7.4316,7.4316,7.4316,7.4316,7.4316,7.4316,7.4316,7.4316,7.4316,7.4316,7.4316,7.4316,7.4316,7.4316,7.4316,7.4316,7.4316,7.4316,7.4316,7.4316,7.4316,7.4316,7.4316,7.4316,7.4316,7.4316,7.4316,7.4316,7.4316,7.4316,7.4316,7.4316,7.4316,7.4316,7.4316,7.4316,7.4316,7.4316,7.4316,7.4323,7.4323,7.4323,7.4323,7.4323,7.4323,7.4323,7.4323,7.4323,7.4323,7.4323,7.4323,7.4323,7.4323,7.4323,7.4323,7.4323,7.4323,7.4323,7.4323,7.4323,7.4323,7.4323,7.4323,7.4323,7.4323,7.4323,7.4323,7.4323,7.4323,7.4323,7.4323,7.4323,7.4323,7.4323,7.4323,7.4323,7.4323,7.4323,7.4323,7.4323,7.4323,7.4323,7.4323,7.4323,7.4323,7.4323,7.4323,7.4323,7.4323,7.4323,7.4323,7.4323,7.4323,7.4323,7.4323,7.4323,7.4323,7.4323,7.4323,7.4323,7.4323,7.4323,7.4323,7.4323,7.4323,7.4323,7.4323,7.4323,7.4323,7.4323,7.4323,7.4323,7.4323,7.4323,7.4323,7.4323,7.4323,7.4323,7.4323,7.4323,7.4323,7.4323,7.4323,7.4323,7.4323,7.4323,7.4323,7.4323,7.4323,7.4323,7.4323,7.4323,7.4323,7.4323,7.4323,7.4323,7.4323,7.4323,7.4323,7.4323,7.4323,7.4323,7.4323,7.4323,7.4323,7.4323,7.4323,7.4323,7.4323,7.4323,7.4323,7.4323,7.4323,7.4323,7.4323,7.4323,7.4323,7.4323,7.4323,7.4323,7.4323,7.4323,7.4323,7.4323,7.4323,7.4323,7.4323,7.4323,7.4323,7.4323,7.4323,7.4323,7.4323,7.4323,7.4323,7.4323,7.4323,7.4323,7.4323,7.4323,7.4323,7.4323,7.4323,7.4323,7.4323,7.4323,7.4323,7.4323,7.4323,7.4323,7.4323,7.4323,7.4323,7.4323,7.4323,7.4323,7.4323,7.4323,7.4323,7.4323,7.4323,7.4323,7.4323,7.4323,7.4323,7.4323,7.4323,7.4323,7.4323,7.4323,7.4323,7.4323,7.4323,7.4323,7.4323,7.4323,7.4323,7.4323,7.4323,7.4323,7.4323,7.4323,7.4323,7.4323,7.4323,7.4323,7.4323,7.4323,7.4323,7.4323,7.4323,7.4323,7.4323,7.4323,7.4323,7.4323,7.4323,7.4323,7.4323,7.4323,7.4323,7.4323,7.4323,7.4323,7.4323,7.4323,7.4323,7.4323,7.4323,7.4323,7.4323,7.4323,7.4323,7.4323,7.4323,7.4323,7.4323,7.4323,7.4323,7.4323,7.4323,7.4323,7.4323,7.4323,7.4323,7.4323,7.4323,7.4323,7.4323,7.4323,7.4323,7.4323,7.4323,7.4323,7.4323,7.4323,7.4323,7.4323,7.4323,7.4323,7.4323,7.4323,7.4323,7.4323,7.4323,7.4323,7.4323,7.4323,7.4323,7.4323,7.4323,7.4323,7.4323,7.4323,7.4323,7.4323,7.4323,7.4323,7.4323,7.4323,7.4323,7.4323,7.4323,7.4323,7.4323,7.4323,7.4323,7.4323,7.4323,7.4323,7.4323,7.4323,7.4323,7.4323,7.4323,7.4323,7.4323,7.4323,7.4323,7.4323,7.4323,7.4323,7.4323,7.4323,7.4323,7.4323,7.4323,7.4323,7.4323,7.4323,6.1125,6.0985,6.0863,6.0744,6.0624,6.0506,6.0386,6.0265,6.0142,6.0021,5.9899,5.9776,5.9653,5.9534,5.9454,5.9372,5.9292,5.9213,5.9165,5.9117,5.9067,5.9020,5.8972,5.8922,5.8875,5.8827,5.8778,5.8731,5.8683,5.8636,5.8589,5.8542,5.8495,5.8451,5.8408,5.8361,5.8315,5.8270,5.8228,5.8201,5.8175,5.8149,5.8123,5.8099,5.8073,5.8052,5.8038,5.8024,5.8012,5.7998,5.7984,5.7972,5.7958,5.7944,5.7932,5.7918,5.7904,5.7890,5.7876,5.7860,5.7847,5.7833,5.7817,5.7801,5.7785,5.7769,5.7753,5.7737,5.7721,5.7705,5.7690,5.7674,5.7658,5.7642,5.7626,5.7612,5.7608,5.7606,5.7612,5.7620,5.7628,5.7636,5.7644,5.7650,5.7658,5.7666,5.7674,5.7680,5.7688,5.7695,5.7703,5.7711,5.7717,5.7725,5.7733,5.7741,5.7747,5.7755,5.7763,5.7771,5.7779,5.7785,5.7793,5.7801,5.7809,5.7815,5.7823,5.7831,5.7839,5.7847,5.7853,5.7860,5.7876,5.7894,5.7926,5.7958,5.7990,5.8022,5.8054,5.8087,5.8119,5.8151,5.8183,5.8215,5.8248,5.8282,5.8315,5.8349,5.8383,5.8418,5.8451,5.8485,5.8520,5.8554,5.8589,5.8624,5.8659,5.8694,5.8729,5.8763,5.8798,5.8833,5.8868,5.8912,5.8968,5.9024,5.9109,5.9207,5.9303,5.9402,5.9500,5.9600,5.9697,5.9797,5.9897,5.9998,6.0103,6.0209,6.0317,6.0473,6.0685,6.0901,6.1424,6.2023,7.4323,7.4323,7.4323,7.4323,7.4323,7.4323,7.4323,7.4323,7.4323,7.4323,7.4323,7.4323,7.4323,7.4323,7.4323,7.4323,7.4323,7.4323,7.4323,7.4323,7.4323,7.4323,7.4323,7.4323,7.4323,7.4323,7.4323,7.4323,7.4323,7.4323,7.4323,7.4323,7.4323,7.4323,7.4323,7.4323,7.4323,7.4323,7.4323,7.4323,7.4323,7.4323,7.4323,7.4323,7.4323,7.4323,7.4323,7.4323,7.4323,7.4323,7.4323,7.4323,7.4323,7.4323,7.4323,7.4323,7.4323,7.4323,7.4323,7.4323,7.4323,7.4323,7.4323,7.4323,7.4323,7.4323,7.4323,7.4323,7.4323,7.4323,7.4323,7.4323,7.4323,7.4323,7.4323,7.4323,7.4323,7.4323,7.4323,7.4323,7.4323,7.4323,7.4323,7.4323,7.4323,7.4323,7.4323,7.4323,7.4323,7.4323,7.4323,7.4323,7.4323,7.4323,7.4323,7.4323,7.4323,7.4323,7.4323,7.4323,7.4323,7.4323,7.4323,7.4323,7.4323,7.4323,7.4323,7.4323,7.4323,7.4323,7.4323,7.4323,7.4323,7.4323,7.4323,7.4323,7.4323,7.4323,7.4323,7.4323,7.4323,7.4323,7.4323,7.4323,7.4323,7.4323,7.4323,7.4323,7.4323,7.4323,7.4323,7.4323,7.4323,7.4323,7.4323,7.4323,7.4323,7.4323,7.4323,7.4323,7.4323,7.4323,7.4323,7.4323,7.4323,7.4323,7.4323,7.4323,7.4323,7.4323,7.4323,7.4323,7.4323,7.4323,7.4323,7.4323,7.4323,7.4323,7.4323,7.4323,7.4323,7.4323,7.4323,7.4323,7.4323,7.4323,7.4323,7.4323,7.4323,7.4323,7.4323,7.4323,7.4323,7.4323,7.4323,7.4323,7.4323,7.4323,7.4323,7.4323,7.4323,7.4323,7.4323,7.4323,7.4323,7.4323,7.4323,7.4323,7.4323,7.4323,7.4323,7.4323,7.4323,7.4323,7.4323,7.4323,7.4323,7.4323,7.4323,7.4323,7.4323,7.4323,7.4323,7.4323,7.4323,7.4323,7.4323,7.4323,7.4323,7.4323,7.4323,7.4323,7.4323,7.4323,7.4323,7.4323,7.4323,7.4323,7.4323,7.4323,7.4323,7.4323,7.4323,7.4323,7.4323,7.4323,7.4323,7.4323,7.4323,7.4323,7.4323,7.4323,7.4323,7.4323,7.4323,7.4323,7.4323,7.4323,7.4323,7.4323,7.4323,7.4323,7.4323,7.4323,7.4323,7.4323,7.4323,7.4323,7.4323,7.4323,7.4323,7.4323,7.4323,7.4323,7.4323,7.4323,7.4323,7.4323,7.4323,7.4323,7.4323,7.4323,7.4323,7.4323,7.4323,7.4323,7.4323,7.4323,7.4323,7.4323,7.4323,7.4323,7.4323,7.4323,7.4323,7.4323,7.4323,7.4323,7.4323,7.4323,7.4323,7.4323,7.4323,7.4323,7.4323,7.4323,7.4323,7.4323,7.4323,7.4323,7.4323,7.4323,7.4323,7.4323,7.4323,7.4323,7.4323,7.4323,7.4323,7.4323,7.4323,7.4323,7.4323,7.4323,7.4323,7.4323,7.4323,7.4323,7.4323,7.4323,7.4323,7.4323,7.4323,7.4323,7.4323,7.4323,7.4323,7.4323,7.4323,7.4323,7.4323,7.4323,7.4323,7.4323,7.4323,7.4323,7.4323,7.4323,7.4323,7.4323,7.4323,7.4323,7.4323,7.4323,7.4323,7.4323,7.4323,7.4323,7.4323,7.4323,7.4323,7.4323,7.4323,7.4323,7.4323,7.4323,7.4323,7.4323,7.4323,7.4323,7.4323,7.4323,7.4323,7.4323,7.4323,7.4323,7.4323,7.4323,7.4323,7.4323,7.4323,7.4323,7.4323,7.4323,7.4323,7.4323,7.4323,7.4323,7.4323,7.4323,7.4323,7.4323,7.4323,7.4323,7.4323,7.4323,7.4323,7.4323,7.4323,7.4323,7.4323,7.4323,7.4323,7.4323,7.4323,7.4323,7.4323,7.4323,7.4323,7.4323
7.4257,7.4257,7.4257,7.4257,7.4257,7.4257,7.4257,7.4257,7.4257,7.4257,7.4257,7.4257,7.4257,7.4257,7.4257,7.4257,7.4257,7.4257,7.4257,7.4257,7.4257,7.4257,7.4257,7.4257,7.4257,7.4257,7.4257,7.4257,7.4257,7.4257,7.4257,7.4257,7.4257,7.4257,7.4257,7.4257,7.4257,7.4257,7.4257,7.4257,7.4257,7.4257,7.4257,7.4257,7.4257,7.4257,7.4257,7.4257,7.4257,7.4257,7.4257,7.4257,7.4257,7.4257,7.4257,7.4257,7.4257,7.4257,7.4257,7.4257,7.4257,7.4257,7.4257,7.4257,7.4257,7.4257,7.4257,7.4257,7.4257,7.4257,7.4257,7.4257,7.4257,7.4257,7.4257,7.4257,7.4257,7.4257,7.4257,7.4257,7.4257,7.4257,7.4257,7.4257,7.4257,7.4257,7.4257,7.4257,7.4257,7.4257,7.4257,7.4257,7.4257,7.4257,7.4257,7.4257,7.4257,7.4257,7.4257,7.4257,7.4257,7.4257,7.4257,7.4257,7.4257,7.4257,7.4257,7.4257,7.4257,7.4257,7.4257,7.4257,7.4257,7.4257,7.4257,7.4257,7.4257,7.4257,7.4257,7.4257,7.4257,7.4257,7.4257,7.4257,7.4257,7.4257,7.4257,7.4257,7.4257,7.4257,7.4257,7.4257,7.4257,7.4257,7.4257,7.4257,7.4257,7.4257,7.4257,7.4257,7.4257,7.4257,7.4257,7.4257,7.4257,7.4257,7.4257,7.4257,7.4257,7.4257,7.4257,7.4257,7.4257,7.4257,7.4257,7.4257,7.4257,7.4257,7.4257,7.4257,7.4257,7.4257,7.4257,7.4257,7.4257,7.4257,7.4257,7.4257,7.4257,7.4257,7.4257,7.4257,7.4257,7.4257,7.4257,7.4257,7.4257,7.4257,7.4257,7.4257,7.4257,7.4257,7.4257,7.4257,7.4257,7.4257,7.4257,7.4257,7.4257,7.4257,7.4257,7.4257,7.4257,7.4257,7.4257,7.4257,7.4257,7.4257,7.4257,7.4257,7.4257,7.4257,7.4257,7.4257,7.4257,7.4257,7.4257,7.4257,7.4257,7.4257,7.4257,7.4257,7.4257,7.4257,7.4257,7.4257,7.4257,7.4257,7.4257,7.4257,7.4257,7.4257,7.4257,7.4257,7.4257,7.4257,7.4257,7.4257,7.4257,7.4257,7.4257,7.4257,7.4257,7.4257,7.4257,7.4257,7.4257,7.4257,7.4257,7.4257,7.4257,7.4257,7.4257,7.4257,7.4257,7.4257,7.4257,7.4257,7.4257,7.4257,7.4257,7.4257,7.4257,7.4257,7.4257,7.4257,7.4257,7.4257,7.4257,7.4257,7.4257,7.4257,7.4257,7.4257,7.4257,7.4257,7.4257,7.4257,7.4257,7.4257,7.4257,7.4257,7.4257,7.4257,7.4257,7.4257,7.4257,7.4257,7.4257,7.4257,7.4257,7.4257,7.4257,7.4257,7.4257,7.4257,7.4257,7.4257,7.4257,7.4257,7.4257,7.4257,7.4257,7.4257,7.4257,7.4257,7.4257,7.4257,7.4257,7.4257,7.4257,7.4257,7.4257,7.4257,7.4257,7.4257,7.4257,7.4257,7.4257,7.4257,7.4257,7.4257,7.4257,7.4257,7.4257,7.4257,7.4257,7.4257,7.4257,7.4257,7.4257,7.4257,7.4257,7.4257,7.4257,7.4257,7.4257,7.4257,7.4257,7.4257,7.4257,7.4257,7.4257,7.4257,7.4257,7.4257,7.4257,7.4257,7.4257,7.4257,7.4257,7.4257,7.4257,7.4257,7.4257,7.4257,7.4257,7.4257,7.4257,7.4257,7.4257,7.4257,7.4257,7.4257,7.4257,7.4257,7.4257,7.4257,7.4257,7.4257,7.4257,7.4257,7.4257,7.4257,7.4257,7.4257,7.4257,7.4257,7.4257,7.4257,7.4257,7.4257,7.4257,7.4257,7.4257,7.4257,7.4257,7.4257,7.4257,7.4257,7.4257,7.4257,7.4257,7.4257,7.4257,7.4257,7.4257,7.4257,7.4257,7.4257,7.4257,7.4257,7.4257,7.4257,7.4257,7.4257,7.4257,7.4257,7.4257,7.4257,7.4257,7.4257,7.4257,7.4257,7.4257,6.3050,6.1076,6.0954,6.0835,6.0714,6.0595,6.0475,6.0356,6.0235,6.0114,5.9991,5.9867,5.9744,5.9621,5.9505,5.9425,5.9343,5.9263,5.9203,5.9155,5.9107,5.9057,5.9009,5.8962,5.8912,5.8864,5.8815,5.8768,5.8720,5.8673,5.8626,5.8579,5.8532,5.8487,5.8440,5.8396,5.8351,5.8304,5.8260,5.8213,5.8183,5.8157,5.8131,5.8105,5.8081,5.8054,5.8040,5.8026,5.8014,5.8000,5.7986,5.7974,5.7960,5.7946,5.7932,5.7920,5.7906,5.7892,5.7878,5.7864,5.7851,5.7837,5.7821,5.7805,5.7789,5.7773,5.7757,5.7741,5.7725,5.7709,5.7694,5.7678,5.7662,5.7646,5.7630,5.7612,5.7597,5.7589,5.7593,5.7601,5.7608,5.7614,5.7622,5.7630,5.7638,5.7646,5.7652,5.7660,5.7668,5.7676,5.7682,5.7690,5.7697,5.7705,5.7713,5.7719,5.7727,5.7735,5.7743,5.7749,5.7757,5.7765,5.7773,5.7779,5.7787,5.7795,5.7803,5.7811,5.7817,5.7825,5.7833,5.7841,5.7847,5.7856,5.7882,5.7914,5.7946,5.7978,5.8010,5.8044,5.8079,5.8111,5.8145,5.8179,5.8213,5.8246,5.8280,5.8315,5.8349,5.8383,5.8416,5.8451,5.8483,5.8518,5.8552,5.8587,5.8622,5.8657,5.8692,5.8726,5.8761,5.8796,5.8831,5.8866,5.8918,5.8974,5.9030,5.9094,5.9192,5.9290,5.9389,5.9488,5.9585,5.9684,5.9784,5.9882,5.9983,6.0086,6.0194,6.0299,6.0467,6.0681,6.0896,6.1285,6.1897,7.4257,7.4257,7.4257,7.4257,7.4257,7.4257,7.4257,7.4257,7.4257,7.4257,7.4257,7.4257,7.4257,7.4257,7.4257,7.4257,7.4257,7.4257,7.4257,7.4257,7.4257,7.4257,7.4257,7.4257,7.4257,7.4257,7.4257,7.4257,7.4257,7.4257,7.4257,7.4257,7.4257,7.4257,7.4257,7.4257,7.4257,7.4257,7.4257,7.4257,7.4257,7.4257,7.4257,7.4257,7.4257,7.4257,7.4257,7.4257,7.4257,7.4257,7.4257,7.4257,7.4257,7.4257,7.4257,7.4257,7.4257,7.4257,7.4257,7.4257,7.4257,7.4257,7.4257,7.4257,7.4257,7.4257,7.4257,7.4257,7.4257,7.4257,7.4257,7.4257,7.4257,7.4257,7.4257,7.4257,7.4257,7.4257,7.4257,7.4257,7.4257,7.4257,7.4257,7.4257,7.4257,7.4257,7.4257,7.4257,7.4257,7.4257,7.4257,7.4257,7.4257,7.4257,7.4257,7.4257,7.4257,7.4257,7.4257,7.4257,7.4257,7.4257,7.4257,7.4257,7.4257,7.4257,7.4257,7.4257,7.4257,7.4257,7.4257,7.4257,7.4257,7.4257,7.4257,7.4257,7.4257,7.4257,7.4257,7.4257,7.4257,7.4260,7.4260,7.4260,7.4260,7.4260,7.4260,7.4260,7.4260,7.4260,7.4260,7.4260,7.4260,7.4260,7.4260,7.4260,7.4260,7.4260,7.4260,7.4260,7.4260,7.4260,7.4260,7.4260,7.4260,7.4260,7.4260,7.4260,7.4260,7.4260,7.4260,7.4260,7.4260,7.4260,7.4260,7.4260,7.4260,7.4260,7.4260,7.4260,7.4260,7.4260,7.4260,7.4260,7.4260,7.4260,7.4260,7.4260,7.4260,7.4260,7.4260,7.4260,7.4260,7.4260,7.4260,7.4260,7.4260,7.4260,7.4260,7.4260,7.4260,7.4260,7.4260,7.4260,7.4260,7.4260,7.4260,7.4260,7.4260,7.4260,7.4260,7.4260,7.4260,7.4260,7.4260,7.4260,7.4260,7.4260,7.4260,7.4260,7.4260,7.4260,7.4260,7.4260,7.4260,7.4260,7.4260,7.4260,7.4260,7.4260,7.4260,7.4260,7.4260,7.4260,7.4260,7.4260,7.4260,7.4260,7.4260,7.4260,7.4260,7.4260,7.4260,7.4260,7.4260,7.4260,7.4260,7.4260,7.4260,7.4260,7.4260,7.4260,7.4260,7.4260,7.4260,7.4260,7.4260,7.4260,7.4260,7.4260,7.4260,7.4260,7.4260,7.4260,7.4260,7.4260,7.4260,7.4260,7.4260,7.4260,7.4260,7.4260,7.4260,7.4260,7.4260,7.4260,7.4260,7.4260,7.4260,7.4260,7.4260,7.4260,7.4260,7.4260,7.4260,7.4260,7.4260,7.4260,7.4260,7.4260,7.4260,7.4260,7.4260,7.4260,7.4260,7.4260,7.4260,7.4260,7.4260,7.4260,7.4260,7.4260,7.4260,7.4260,7.4260,7.4260,7.4260,7.4260,7.4260,7.4260,7.4260,7.4260,7.4260,7.4260,7.4260,7.4260,7.4260,7.4260,7.4260,7.4260,7.4260,7.4260,7.4260,7.4260,7.4260,7.4260,7.4260,7.4260,7.4260,7.4260,7.4260,7.4260,7.4260,7.4260,7.4260,7.4260,7.4260,7.4260,7.4260,7.4260,7.4260,7.4260,7.4260,7.4260,7.4260,7.4260,7.4260,7.4260,7.4260,7.4260,7.4260,7.4260,7.4260,7.4260,7.4260,7.4260,7.4260,7.4260,7.4260,7.4260,7.4260,7.4260,7.4260,7.4260,7.4260,7.4260,7.4260,7.4260,7.4260,7.4260,7.4260,7.4260,7.4260,7.4260,7.4260,7.4260,7.4260,7.4260,7.4260,7.4260,7.4260,7.4260,7.4260,7.4260,7.4260,7.4260,7.4260,7.4260,7.4260,7.4260,7.4260,7.4260,7.4260,7.4260,7.4260,7.4260,7.4260,7.4260,7.4260,7.4260,7.4260,7.4260,7.4260,7.4260,7.4260,7.4260,7.4260,7.4260,7.4260,7.4260
7.4198,7.4198,7.4198,7.4198,7.4198,7.4198,7.4198,7.4198,7.4198,7.4198,7.4198,7.4198,7.4198,7.4198,7.4198,7.4198,7.4198,7.4198,7.4198,7.4198,7.4198,7.4198,7.4198,7.4198,7.4198,7.4198,7.4198,7.4198,7.4198,7.4198,7.4198,7.4198,7.4198,7.4198,7.4198,7.4198,7.4198,7.4198,7.4198,7.4198,7.4198,7.4198,7.4198,7.4198,7.4198,7.4198,7.4198,7.4198,7.4198,7.4198,7.4198,7.4198,7.4198,7.4198,7.4198,7.4198,7.4198,7.4198,7.4198,7.4198,7.4198,7.4198,7.4198,7.4198,7.4198,7.4198,7.4198,7.4198,7.4198,7.4198,7.4198,7.4198,7.4198,7.4198,7.4198,7.4198,7.4198,7.4198,7.4198,7.4198,7.4198,7.4198,7.4198,7.4198,7.4198,7.4198,7.4198,7.4198,7.4198,7.4198,7.4198,7.4198,7.4198,7.4198,7.4198,7.4198,7.4198,7.4198,7.4198,7.4198,7.4198,7.4198,7.4198,7.4198,7.4198,7.4198,7.4198,7.4198,7.4198,7.4198,7.4198,7.4198,7.4198,7.4198,7.4198,7.4198,7.4198,7.4198,7.4198,7.4198,7.4198,7.4198,7.4198,7.4198,7.4198,7.4198,7.4198,7.4198,7.4198,7.4198,7.4198,7.4198,7.4198,7.4198,7.4198,7.4198,7.4198,7.4198,7.4198,7.4198,7.4198,7.4198,7.4198,7.4198,7.4198,7.4198,7.4198,7.4198,7.4198,7.4198,7.4198,7.4198,7.4198,7.4198,7.4198,7.4198,7.4198,7.4198,7.4198,7.4198,7.4198,7.4198,7.4198,7.4198,7.4198,7.4198,7.4198,7.4198,7.4198,7.4198,7.4198,7.4198,7.4198,7.4198,7.4198,7.4198,7.4198,7.4198,7.4198,7.4198,7.4198,7.4198,7.4198,7.4198,7.4198,7.4198,7.4198,7.4198,7.4198,7.4198,7.4198,7.4198,7.4198,7.4198,7.4198,7.4198,7.4198,7.4198,7.4198,7.4198,7.4198,7.4198,7.4198,7.4198,7.4198,7.4198,7.4198,7.4198,7.4198,7.4198,7.4198,7.4198,7.4198,7.4198,7.4198,7.4198,7.4198,7.4198,7.4198,7.4198,7.4198,7.4198,7.4198,7.4198,7.4198,7.4198,7.4198,7.4198,7.4198,7.4198,7.4198,7.4198,7.4198,7.4198,7.4198,7.4198,7.4198,7.4198,7.4198,7.4198,7.4198,7.4198,7.4198,7.4198,7.4198,7.4198,7.4198,7.4198,7.4198,7.4198,7.4198,7.4198,7.4198,7.4198,7.4198,7.4198,7.4198,7.4198,7.4198,7.4198,7.4198,7.4198,7.4198,7.4198,7.4198,7.4198,7.4198,7.4198,7.4198,7.4198,7.4198,7.4198,7.4198,7.4198,7.4198,7.4198,7.4198,7.4198,7.4198,7.4198,7.4198,7.4198,7.4198,7.4198,7.4198,7.4198,7.4198,7.4198,7.4198,7.4198,7.4198,7.4198,7.4198,7.4198,7.4198,7.4198,7.4198,7.4198,7.4198,7.4198,7.4198,7.4198,7.4198,7.4198,7.4198,7.4198,7.4198,7.4198,7.4198,7.4198,7.4198,7.4198,7.4198,7.4198,7.4198,7.4198,7.4198,7.4198,7.4198,7.4198,7.4198,7.4198,7.4198,7.4198,7.4198,7.4198,7.4198,7.4198,7.4198,7.4198,7.4198,7.4198,7.4198,7.4198,7.4198,7.4198,7.4198,7.4198,7.4198,7.4198,7.4198,7.4198,7.4198,7.4198,7.4198,7.4198,7.4198,7.4198,7.4198,7.4198,7.4198,7.4198,7.4198,7.4198,7.4198,7.4198,7.4198,7.4198,7.4198,7.4198,7.4198,7.4198,7.4198,7.4198,7.4198,7.4198,7.4198,7.4198,7.4198,7.4198,7.4198,7.4198,7.4198,7.4198,7.4198,7.4198,7.4198,7.4198,7.4198,7.4198,7.4198,7.4198,7.4198,7.4198,7.4198,7.4198,7.4198,7.4198,7.4198,7.4198,7.4198,7.4198,7.4198,7.4198,7.4198,7.4198,7.4198,7.4198,7.4198,7.4198,7.4198,7.4198,7.4198,7.4198,7.4198,6.2062,6.1045,6.0925,6.0804,6.0685,6.0565,6.0447,6.0328,6.0207,6.0084,5.9959,5.9835,5.9712,5.9589,5.9475,5.9393,5.9313,5.9242,5.9192,5.9144,5.9096,5.9046,5.8999,5.8949,5.8902,5.8854,5.8805,5.8757,5.8710,5.8663,5.8614,5.8569,5.8522,5.8477,5.8432,5.8385,5.8343,5.8294,5.8250,5.8205,5.8165,5.8139,5.8113,5.8087,5.8063,5.8042,5.8028,5.8014,5.8002,5.7988,5.7974,5.7962,5.7948,5.7934,5.7922,5.7908,5.7894,5.7880,5.7866,5.7853,5.7839,5.7825,5.7809,5.7793,5.7777,5.7761,5.7745,5.7729,5.7713,5.7697,5.7682,5.7666,5.7650,5.7634,5.7618,5.7601,5.7585,5.7573,5.7581,5.7589,5.7597,5.7604,5.7610,5.7618,5.7626,5.7634,5.7642,5.7650,5.7656,5.7664,5.7672,5.7680,5.7688,5.7694,5.7701,5.7709,5.7717,5.7725,5.7733,5.7739,5.7747,5.7755,5.7763,5.7771,5.7777,5.7785,5.7793,5.7801,5.7809,5.7817,5.7823,5.7831,5.7839,5.7847,5.7876,5.7908,5.7942,5.7976,5.8010,5.8042,5.8077,5.8111,5.8145,5.8179,5.8211,5.8246,5.8280,5.8315,5.8349,5.8383,5.8414,5.8448,5.8483,5.8518,5.8550,5.8585,5.8620,5.8655,5.8690,5.8724,5.8759,5.8794,5.8829,5.8868,5.8924,5.8978,5.9036,5.9092,5.9180,5.9276,5.9374,5.9473,5.9572,5.9672,5.9772,5.9870,5.9970,6.0071,6.0176,6.0284,6.0462,6.0676,6.0890,6.1107,6.1772,7.4198,7.4198,7.4198,7.4198,7.4198,7.4198,7.4198,7.4198,7.4198,7.4198,7.4198,7.4198,7.4198,7.4198,7.4198,7.4198,7.4198,7.4198,7.4198,7.4198,7.4198,7.4198,7.4198,7.4198,7.4198,7.4198,7.4198,7.4198,7.4198,7.4198,7.4198,7.4198,7.4198,7.4198,7.4198,7.4198,7.4198,7.4198,7.4198,7.4198,7.4198,7.4198,7.4198,7.4198,7.4198,7.4198,7.4198,7.4198,7.4198,7.4198,7.4198,7.4198,7.4198,7.4198,7.4198,7.4198,7.4198,7.4198,7.4198,7.4198,7.4198,7.4198,7.4198,7.4198,7.4198,7.4198,7.4198,7.4198,7.4198,7.4198,7.4198,7.4198,7.4198,7.4198,7.4198,7.4198,7.4198,7.4198,7.4198,7.4198,7.4198,7.4198,7.4198,7.4198,7.4198,7.4198,7.4198,7.4198,7.4198,7.4198,7.4198,7.4198,7.4198,7.4198,7.4198,7.4198,7.4198,7.4198,7.4198,7.4198,7.4198,7.4198,7.4198,7.4198,7.4198,7.4198,7.4198,7.4198,7.4198,7.4198,7.4198,7.4198,7.4198,7.4198,7.4198,7.4198,7.4198,7.4198,7.4198,7.4198,7.4198,7.4198,7.4198,7.4198,7.4198,7.4198,7.4198,7.4198,7.4198,7.4198,7.4198,7.4198,7.4198,7.4198,7.4198,7.4198,7.4198,7.4198,7.4198,7.4198,7.4198,7.4198,7.4198,7.4198,7.4198,7.4198,7.4198,7.4198,7.4198,7.4198,7.4198,7.4198,7.4198,7.4198,7.4198,7.4198,7.4198,7.4198,7.4198,7.4198,7.4198,7.4198,7.4198,7.4198,7.4198,7.4198,7.4198,7.4198,7.4198,7.4198,7.4198,7.4198,7.4198,7.4198,7.4198,7.4198,7.4198,7.4198,7.4198,7.4198,7.4198,7.4198,7.4198,7.4198,7.4198,7.4198,7.4198,7.4195,7.4195,7.4195,7.4195,7.4195,7.4195,7.4195,7.4195,7.4195,7.4195,7.4195,7.4195,7.4195,7.4195,7.4195,7.4195,7.4195,7.4195,7.4195,7.4195,7.4195,7.4195,7.4195,7.4195,7.4195,7.4195,7.4195,7.4195,7.4195,7.4195,7.4195,7.4195,7.4195,7.4195,7.4195,7.4195,7.4195,7.4195,7.4195,7.4195,7.4195,7.4195,7.4195,7.4195,7.4195,7.4195,7.4195,7.4195,7.4195,7.4195,7.4195,7.4195,7.4195,7.4195,7.4195,7.4195,7.4195,7.4195,7.4195,7.4195,7.4195,7.4195,7.4195,7.4195,7.4195,7.4195,7.4195,7.4195,7.4195,7.4195,7.4195,7.4195,7.4195,7.4195,7.4195,7.4195,7.4195,7.4195,7.4195,7.4195,7.4195,7.4195,7.4195,7.4195,7.4195,7.4195,7.4195,7.4195,7.4195,7.4195,7.4195,7.4195,7.4195,7.4195,7.4195,7.4195,7.4195,7.4195,7.4195,7.4195,7.4195,7.4195,7.4195,7.4195,7.4195,7.4195,7.4195,7.4195,7.4195,7.4195,7.4195,7.4195,7.4195,7.4195,7.4195,7.4195,7.4195,7.4195,7.4195,7.4195,7.4195,7.4195,7.4195,7.4195,7.4195,7.4195,7.4195,7.4195,7.4195,7.4195,7.4195,7.4195,7.4195,7.4195,7.4195,7.4195,7.4195,7.4195,7.4195,7.4195,7.4195,7.4195,7.4195,7.4195,7.4195,7.4195,7.4195,7.4195,7.4195,7.4195,7.4195,7.4195,7.4195,7.4195,7.4195,7.4195,7.4195,7.4195,7.4195,7.4195,7.4195,7.4195,7.4195,7.4195,7.4195,7.4195,7.4195,7.4195,7.4195,7.4195,7.4195,7.4195,7.4195,7.4195,7.4195,7.4195,7.4195,7.4195,7.4195,7.4195,7.4195,7.4195,7.4195,7.4195,7.4195,7.4195,7.4195,7.4195,7.4195,7.4195,7.4195,7.4195,7.4195,7.4195,7.4195,7.4195,7.4195,7.4195,7.4195,7.4195,7.4195,7.4195,7.4195
7.4133,7.4133,7.4133,7.4133,7.4133,7.4133,7.4133,7.4133,7.4133,7.4133,7.4133,7.4133,7.4133,7.4133,7.4133,7.4133,7.4133,7.4133,7.4133,7.4133,7.4133,7.4133,7.4133,7.4133,7.4133,7.4133,7.4133,7.4133,7.4133,7.4133,7.4133,7.4133,7.4133,7.4133,7.4133,7.4133,7.4133,7.4133,7.4133,7.4133,7.4133,7.4133,7.4133,7.4133,7.4133,7.4133,7.4133,7.4133,7.4133,7.4133,7.4133,7.4133,7.4133,7.4133,7.4133,7.4133,7.4133,7.4133,7.4133,7.4133,7.4133,7.4133,7.4133,7.4133,7.4133,7.4133,7.4133,7.4133,7.4133,7.4133,7.4133,7.4133,7.4133,7.4133,7.4133,7.4133,7.4133,7.4133,7.4133,7.4133,7.4133,7.4133,7.4133,7.4133,7.4133,7.4133,7.4133,7.4133,7.4133,7.4133,7.4133,7.4133,7.4133,7.4133,7.4133,7.4133,7.4133,7.4133,7.4133,7.4133,7.4133,7.4133,7.4133,7.4133,7.4133,7.4133,7.4133,7.4133,7.4133,7.4133,7.4133,7.4133,7.4133,7.4133,7.4133,7.4133,7.4133,7.4133,7.4133,7.4133,7.4133,7.4133,7.4133,7.4133,7.4133,7.4133,7.4133,7.4133,7.4133,7.4133,7.4133,7.4133,7.4133,7.4133,7.4133,7.4133,7.4133,7.4133,7.4133,7.4133,7.4133,7.4133,7.4133,7.4133,7.4133,7.4133,7.4133,7.4133,7.4133,7.4133,7.4133,7.4133,7.4133,7.4133,7.4133,7.4133,7.4133,7.4133,7.4133,7.4133,7.4133,7.4133,7.4133,7.4133,7.4133,7.4133,7.4133,7.4133,7.4133,7.4133,7.4133,7.4133,7.4133,7.4133,7.4133,7.4133,7.4133,7.4133,7.4133,7.4133,7.4133,7.4133,7.4133,7.4133,7.4133,7.4133,7.4133,7.4133,7.4133,7.4133,7.4133,7.4133,7.4133,7.4133,7.4133,7.4133,7.4133,7.4133,7.4133,7.4133,7.4133,7.4133,7.4133,7.4133,7.4133,7.4133,7.4133,7.4133,7.4133,7.4133,7.4133,7.4133,7.4133,7.4133,7.4133,7.4133,7.4133,7.4133,7.4133,7.4133,7.4133,7.4133,7.4133,7.4133,7.4133,7.4133,7.4133,7.4133,7.4133,7.4133,7.4133,7.4133,7.4133,7.4133,7.4133,7.4133,7.4133,7.4133,7.4133,7.4133,7.4133,7.4133,7.4133,7.4133,7.4133,7.4133,7.4133,7.4133,7.4133,7.4133,7.4133,7.4133,7.4133,7.4133,7.4133,7.4133,7.4133,7.4133,7.4139,7.4139,7.4139,7.4139,7.4139,7.4139,7.4139,7.4139,7.4139,7.4139,7.4139,7.4139,7.4139,7.4139,7.4139,7.4139,7.4139,7.4139,7.4139,7.4139,7.4139,7.4139,7.4139,7.4139,7.4139,7.4139,7.4139,7.4139,7.4139,7.4139,7.4139,7.4139,7.4139,7.4139,7.4139,7.4139,7.4139,7.4139,7.4139,7.4139,7.4139,7.4139,7.4139,7.4139,7.4139,7.4139,7.4139,7.4139,7.4139,7.4139,7.4139,7.4139,7.4139,7.4139,7.4139,7.4139,7.4139,7.4139,7.4139,7.4139,7.4139,7.4139,7.4139,7.4139,7.4139,7.4139,7.4139,7.4139,7.4139,7.4139,7.4139,7.4139,7.4139,7.4139,7.4139,7.4139,7.4139,7.4139,7.4139,7.4139,7.4139,7.4139,7.4139,7.4139,7.4139,7.4139,7.4139,7.4139,7.4139,7.4139,7.4139,7.4139,7.4139,7.4139,7.4139,7.4139,7.4139,7.4139,7.4139,7.4139,7.4139,7.4139,7.4139,7.4139,7.4139,7.4139,7.4139,7.4139,7.4139,7.4139,7.4139,7.4139,7.4139,7.4139,7.4139,7.4139,7.4139,7.4139,7.4139,7.4139,7.4139,7.4139,7.4139,7.4139,7.4139,7.4139,7.4139,7.4139,7.4139,7.4139,7.4139,7.4139,7.4139,7.4139,7.4139,7.4139,7.4139,7.4139,7.4139,7.4139,7.4139,7.4139,7.4139,7.4139,7.4139,7.4139,7.4139,6.1824,6.1038,6.0907,6.0777,6.0654,6.0536,6.0417,6.0299,6.0176,6.0052,5.9927,5.9803,5.9680,5.9557,5.9444,5.9364,5.9282,5.9230,5.9182,5.9134,5.9084,5.9036,5.8988,5.8939,5.8891,5.8842,5.8794,5.8747,5.8698,5.8651,5.8603,5.8559,5.8514,5.8467,5.8422,5.8375,5.8331,5.8286,5.8240,5.8195,5.8151,5.8121,5.8095,5.8069,5.8044,5.8030,5.8016,5.8004,5.7990,5.7976,5.7962,5.7950,5.7936,5.7922,5.7910,5.7896,5.7882,5.7870,5.7856,5.7843,5.7829,5.7813,5.7797,5.7781,5.7765,5.7749,5.7733,5.7717,5.7701,5.7686,5.7670,5.7654,5.7640,5.7626,5.7612,5.7601,5.7587,5.7581,5.7583,5.7591,5.7599,5.7604,5.7612,5.7620,5.7628,5.7636,5.7642,5.7650,5.7658,5.7666,5.7674,5.7682,5.7688,5.7695,5.7703,5.7711,5.7719,5.7725,5.7733,5.7741,5.7749,5.7757,5.7765,5.7771,5.7779,5.7787,5.7795,5.7803,5.7811,5.7817,5.7825,5.7833,5.7841,5.7854,5.7874,5.7908,5.7942,5.7974,5.8008,5.8042,5.8077,5.8111,5.8143,5.8177,5.8211,5.8246,5.8278,5.8313,5.8347,5.8379,5.8416,5.8446,5.8481,5.8516,5.8550,5.8585,5.8620,5.8653,5.8687,5.8722,5.8757,5.8792,5.8827,5.8875,5.8930,5.8984,5.9042,5.9098,5.9165,5.9263,5.9362,5.9460,5.9560,5.9657,5.9757,5.9857,5.9957,6.0060,6.0161,6.0267,6.0458,6.0670,6.0885,6.1102,6.1647,7.4139,7.4139,7.4139,7.4139,7.4139,7.4139,7.4139,7.4139,7.4139,7.4139,7.4139,7.4139,7.4139,7.4139,7.4139,7.4139,7.4139,7.4139,7.4139,7.4139,7.4139,7.4139,7.4139,7.4139,7.4139,7.4139,7.4139,7.4139,7.4139,7.4139,7.4139,7.4139,7.4139,7.4139,7.4139,7.4139,7.4139,7.4139,7.4139,7.4139,7.4139,7.4139,7.4139,7.4139,7.4139,7.4139,7.4139,7.4139,7.4139,7.4139,7.4139,7.4139,7.4139,7.4139,7.4139,7.4139,7.4139,7.4139,7.4139,7.4139,7.4139,7.4139,7.4139,7.4139,7.4139,7.4139,7.4139,7.4139,7.4139,7.4139,7.4139,7.4139,7.4139,7.4139,7.4139,7.4139,7.4139,7.4139,7.4139,7.4139,7.4139,7.4139,7.4139,7.4139,7.4139,7.4139,7.4139,7.4139,7.4139,7.4139,7.4139,7.4139,7.4139,7.4139,7.4139,7.4139,7.4139,7.4139,7.4139,7.4139,7.4139,7.4139,7.4139,7.4139,7.4139,7.4139,7.4139,7.4139,7.4139,7.4139,7.4139,7.4139,7.4139,7.4139,7.4139,7.4139,7.4139,7.4139,7.4139,7.4139,7.4139,7.4139,7.4139,7.4139,7.4139,7.4139,7.4139,7.4139,7.4139,7.4139,7.4139,7.4139,7.4139,7.4139,7.4139,7.4139,7.4139,7.4139,7.4139,7.4139,7.4139,7.4139,7.4139,7.4139,7.4139,7.4139,7.4139,7.4139,7.4139,7.4139,7.4139,7.4139,7.4139,7.4139,7.4139,7.4139,7.4139,7.4139,7.4139,7.4139,7.4139,7.4139,7.4139,7.4139,7.4139,7.4139,7.4139,7.4139,7.4139,7.4139,7.4139,7.4139,7.4139,7.4139,7.4139,7.4139,7.4139,7.4139,7.4139,7.4139,7.4139,7.4139,7.4139,7.4139,7.4139,7.4139,7.4139,7.4139,7.4139,7.4139,7.4139,7.4139,7.4139,7.4139,7.4139,7.4139,7.4139,7.4139,7.4139,7.4139,7.4139,7.4139,7.4139,7.4139,7.4139,7.4139,7.4139,7.4139,7.4139,7.4139,7.4139,7.4139,7.4139,7.4139,7.4139,7.4139,7.4139,7.4139,7.4139,7.4139,7.4139,7.4139,7.4139,7.4139,7.4139,7.4139,7.4139,7.4139,7.4139,7.4139,7.4139,7.4139,7.4139,7.4139,7.4139,7.4139,7.4139,7.4139,7.4139,7.4139,7.4139,7.4139,7.4139,7.4139,7.4139,7.4139,7.4139,7.4139,7.4139,7.4139,7.4139,7.4139,7.4139,7.4139,7.4139,7.4139,7.4139,7.4139,7.4139,7.4139,7.4139,7.4139,7.4139,7.4139,7.4139,7.4139,7.4139,7.4139,7.4139,7.4139,7.4139,7.4139,7.4139,7.4139,7.4139,7.4139,7.4139,7.4139,7.4139,7.4139,7.4139,7.4139,7.4139,7.4139,7.4139,7.4139,7.4139,7.4139,7.4139,7.4139,7.4139,7.4139,7.4139,7.4139,7.4139,7.4139,7.4139,7.4139,7.4139,7.4139,7.4139,7.4139,7.4139,7.4139,7.4139,7.4139,7.4139,7.4139,7.4139,7.4139,7.4139,7.4139,7.4139,7.4139,7.4139,7.4139,7.4139,7.4139,7.4139,7.4139,7.4139,7.4139,7.4139,7.4139,7.4139,7.4139,7.4139,7.4139,7.4139,7.4139,7.4139,7.4139,7.4139,7.4139,7.4139,7.4139,7.4139,7.4139,7.4139,7.4139,7.4139,7.4139,7.4139,7.4139,7.4139,7.4139,7.4139,7.4139,7.4139,7.4139,7.4139,7.4139,7.4139,7.4139,7.4139,7.4139,7.4139,7.4139,7.4139,7.4139,7.4139,7.4139,7.4139,7.4139,7.4139,7.4139,7.4139,7.4139,7.4139,7.4139,7.4139,7.4139,7.4139,7.4139,7.4139,7.4139,7.4139,7.4139,7.4139,7.4139,7.4139,7.4139,7.4139,7.4139,7.4139,7.4139,7.4139,7.4139,7.4139,7.4139
7.4077,7.4077,7.4077,7.4077,7.4077,7.4077,7.4077,7.4077,7.4077,7.4077,7.4077,7.4077,7.4077,7.4077,7.4077,7.4077,7.4077,7.4077,7.4077,7.4077,7.4077,7.4077,7.4077,7.4077,7.4077,7.4077,7.4077,7.4077,7.4077,7.4077,7.4077,7.4077,7.4077,7.4077,7.4077,7.4077,7.4077,7.4077,7.4077,7.4077,7.4077,7.4077,7.4077,7.4077,7.4077,7.4077,7.4077,7.4077,7.4077,7.4077,7.4077,7.4077,7.4077,7.4077,7.4077,7.4077,7.4077,7.4077,7.4077,7.4077,7.4077,7.4077,7.4077,7.4077,7.4077,7.4077,7.4077,7.4077,7.4077,7.4077,7.4077,7.4077,7.4077,7.4077,7.4077,7.4077,7.4077,7.4077,7.4077,7.4077,7.4077,7.4077,7.4077,7.4077,7.4077,7.4077,7.4077,7.4077,7.4077,7.4077,7.4077,7.4077,7.4077,7.4077,7.4077,7.4077,7.4077,7.4077,7.4077,7.4077,7.4077,7.4077,7.4077,7.4077,7.4077,7.4077,7.4077,7.4077,7.4077,7.4077,7.4077,7.4077,7.4077,7.4077,7.4077,7.4077,7.4077,7.4077,7.4077,7.4077,7.4077,7.4077,7.4077,7.4077,7.4077,7.4077,7.4077,7.4070,7.4070,7.4070,7.4070,7.4070,7.4070,7.4070,7.4070,7.4070,7.4070,7.4070,7.4070,7.4070,7.4070,7.4070,7.4070,7.4070,7.4070,7.4070,7.4070,7.4070,7.4070,7.4070,7.4070,7.4070,7.4070,7.4070,7.4070,7.4070,7.4070,7.4070,7.4070,7.4070,7.4070,7.4070,7.4070,7.4070,7.4070,7.4070,7.4070,7.4070,7.4070,7.4070,7.4070,7.4070,7.4070,7.4070,7.4070,7.4070,7.4070,7.4070,7.4070,7.4070,7.4070,7.4070,7.4070,7.4070,7.4070,7.4070,7.4070,7.4070,7.4070,7.4070,7.4070,7.4070,7.4070,7.4070,7.4070,7.4070,7.4070,7.4070,7.4070,7.4070,7.4070,7.4070,7.4070,7.4070,7.4070,7.4070,7.4070,7.4070,7.4070,7.4070,7.4070,7.4070,7.4070,7.4070,7.4070,7.4070,7.4070,7.4070,7.4070,7.4070,7.4070,7.4070,7.4070,7.4070,7.4070,7.4070,7.4070,7.4070,7.4070,7.4070,7.4070,7.4070,7.4070,7.4070,7.4070,7.4070,7.4070,7.4070,7.4070,7.4070,7.4070,7.4070,7.4070,7.4070,7.4070,7.4070,7.4070,7.4070,7.4070,7.4070,7.4070,7.4070,7.4070,7.4070,7.4070,7.4070,7.4070,7.4070,7.4070,7.4070,7.4070,7.4070,7.4070,7.4070,7.4070,7.4070,7.4070,7.4070,7.4070,7.4070,7.4070,7.4070,7.4070,7.4070,7.4070,7.4070,7.4070,7.4070,7.4070,7.4070,7.4070,7.4070,7.4070,7.4070,7.4070,7.4070,7.4070,7.4070,7.4070,7.4070,7.4070,7.4070,7.4070,7.4070,7.4070,7.4070,7.4070,7.4070,7.4070,7.4070,7.4070,7.4070,7.4070,7.4070,7.4070,7.4070,7.4070,7.4070,7.4070,7.4070,7.4070,7.4070,7.4070,7.4070,7.4070,7.4070,7.4070,7.4070,7.4070,7.4070,7.4070,7.4070,7.4070,7.4070,7.4070,7.4070,7.4070,7.4070,7.4070,7.4070,7.4070,7.4070,7.4070,7.4070,7.4070,7.4070,7.4070,7.4070,7.4070,7.4070,7.4070,7.4070,7.4070,7.4070,7.4070,7.4070,7.4070,7.4070,7.4070,7.4070,7.4070,7.4070,7.4070,7.4070,7.4070,7.4070,7.4070,7.4070,7.4070,7.4070,7.4070,7.4070,7.4070,7.4070,7.4070,7.4070,7.4070,7.4070,7.4070,7.4070,7.4070,7.4070,7.4070,7.4070,7.4070,7.4070,7.4070,7.4070,7.4070,7.4070,7.4070,7.4070,7.4070,7.4070,7.4070,7.4070,7.4070,7.4070,7.4070,7.4070,7.4070,7.4070,7.4070,7.4070,7.4070,7.4070,7.4070,7.4070,7.4070,7.4070,7.4070,7.4070,7.4070,7.4070,7.4070,6.1589,6.1038,6.0907,6.0775,6.0646,6.0517,6.0388,6.0269,6.0146,6.0024,5.9897,5.9774,5.9651,5.9528,5.9414,5.9334,5.9269,5.9219,5.9171,5.9123,5.9073,5.9026,5.8978,5.8928,5.8881,5.8831,5.8784,5.8735,5.8687,5.8640,5.8595,5.8548,5.8503,5.8457,5.8412,5.8367,5.8321,5.8276,5.8232,5.8185,5.8141,5.8103,5.8077,5.8050,5.8032,5.8018,5.8004,5.7992,5.7978,5.7964,5.7952,5.7938,5.7924,5.7912,5.7898,5.7884,5.7870,5.7858,5.7845,5.7831,5.7817,5.7801,5.7785,5.7769,5.7753,5.7737,5.7721,5.7709,5.7695,5.7682,5.7668,5.7656,5.7642,5.7628,5.7616,5.7602,5.7593,5.7591,5.7587,5.7591,5.7599,5.7606,5.7614,5.7622,5.7630,5.7636,5.7644,5.7652,5.7660,5.7668,5.7676,5.7682,5.7690,5.7697,5.7705,5.7713,5.7719,5.7727,5.7735,5.7743,5.7751,5.7759,5.7765,5.7773,5.7781,5.7789,5.7797,5.7803,5.7811,5.7819,5.7827,5.7835,5.7843,5.7862,5.7882,5.7908,5.7940,5.7974,5.8008,5.8042,5.8075,5.8109,5.8143,5.8177,5.8209,5.8244,5.8278,5.8313,5.8345,5.8379,5.8412,5.8444,5.8479,5.8514,5.8548,5.8583,5.8618,5.8653,5.8687,5.8720,5.8755,5.8790,5.8825,5.8881,5.8937,5.8990,5.9049,5.9105,5.9161,5.9249,5.9347,5.9446,5.9545,5.9644,5.9744,5.9844,5.9944,6.0045,6.0144,6.0252,6.0454,6.0665,6.0881,6.1096,6.1523,6.2138,7.4070,7.4070,7.4070,7.4070,7.4070,7.4070,7.4070,7.4070,7.4070,7.4070,7.4070,7.4070,7.4070,7.4070,7.4070,7.4070,7.4070,7.4070,7.4070,7.4070,7.4070,7.4070,7.4070,7.4070,7.4070,7.4070,7.4070,7.4070,7.4070,7.4070,7.4070,7.4070,7.4070,7.4070,7.4070,7.4070,7.4070,7.4070,7.4070,7.4070,7.4070,7.4070,7.4070,7.4070,7.4070,7.4070,7.4070,7.4070,7.4070,7.4070,7.4070,7.4070,7.4070,7.4070,7.4070,7.4070,7.4070,7.4070,7.4070,7.4070,7.4070,7.4070,7.4070,7.4070,7.4070,7.4070,7.4070,7.4070,7.4070,7.4070,7.4070,7.4070,7.4070,7.4070,7.4070,7.4070,7.4070,7.4070,7.4070,7.4070,7.4070,7.4070,7.4070,7.4070,7.4070,7.4070,7.4070,7.4070,7.4070,7.4070,7.4070,7.4070,7.4070,7.4070,7.4070,7.4070,7.4070,7.4070,7.4070,7.4070,7.4070,7.4070,7.4070,7.4070,7.4070,7.4070,7.4070,7.4070,7.4070,7.4070,7.4070,7.4070,7.4070,7.4070,7.4070,7.4070,7.4070,7.4070,7.4070,7.4070,7.4070,7.4070,7.4070,7.4070,7.4070,7.4070,7.4070,7.4070,7.4070,7.4070,7.4070,7.4070,7.4070,7.4070,7.4070,7.4070,7.4070,7.4070,7.4070,7.4070,7.4070,7.4070,7.4070,7.4070,7.4070,7.4070,7.4070,7.4070,7.4070,7.4070,7.4070,7.4070,7.4070,7.4070,7.4070,7.4070,7.4070,7.4070,7.4070,7.4070,7.4070,7.4070,7.4070,7.4070,7.4070,7.4070,7.4070,7.4070,7.4070,7.4070,7.4070,7.4070,7.4070,7.4070,7.4070,7.4070,7.4070,7.4070,7.4070,7.4070,7.4070,7.4070,7.4070,7.4070,7.4070,7.4070,7.4070,7.4070,7.4070,7.4070,7.4070,7.4070,7.4070,7.4070,7.4070,7.4070,7.4070,7.4070,7.4070,7.4070,7.4070,7.4070,7.4070,7.4070,7.4070,7.4070,7.4070,7.4070,7.4070,7.4070,7.4070,7.4070,7.4070,7.4070,7.4070,7.4070,7.4070,7.4070,7.4070,7.4070,7.4070,7.4070,7.4070,7.4070,7.4070,7.4070,7.4070,7.4070,7.4070,7.4070,7.4070,7.4070,7.4070,7.4070,7.4070,7.4070,7.4070,7.4070,7.4070,7.4070,7.4070,7.4070,7.4070,7.4070,7.4070,7.4070,7.4070,7.4070,7.4070,7.4070,7.4070,7.4070,7.4070,7.4070,7.4070,7.4070,7.4070,7.4070,7.4070,7.4070,7.4070,7.4070,7.4070,7.4070,7.4070,7.4070,7.4070,7.4070,7.4070,7.4070,7.4070,7.4070,7.4070,7.4070,7.4070,7.4070,7.4070,7.4070,7.4070,7.4070,7.4070,7.4070,7.4070,7.4070,7.4070,7.4070,7.4070,7.4070,7.4070,7.4070,7.4070,7.4070,7.4070,7.4070,7.4070,7.4070,7.4070,7.4070,7.4070,7.4070,7.4070,7.4070,7.4070,7.4070,7.4070,7.4070,7.4070,7.4070,7.4070,7.4070,7.4070,7.4070,7.4070,7.4070,7.4070,7.4070,7.4070,7.4070,7.4070,7.4070,7.4070,7.4070,7.4070,7.4070,7.4070,7.4070,7.4070,7.4070,7.4070,7.4070,7.4070,7.4070,7.4070,7.4070,7.4070,7.4070,7.4070,7.4070,7.4070,7.4070,7.4070,7.4070,7.4070,7.4070,7.4070,7.4070,7.4070,7.4070,7.4070,7.4070,7.4070,7.4070,7.4070,7.4070,7.4070,7.4070,7.4070,7.4070,7.4070,7.4070,7.4070,7.4070,7.4070,7.4070,7.4070,7.4070,7.4070,7.4070,7.4070,7.4070,7.4070,7.4070,7.4070,7.4070,7.4070,7.4070,7.4070,7.4070,7.4070,7.4070,7.4070,7.4070,7.4070,7.4070,7.4070,7.4070,7.4070,7.4070,7.4070
7.4008,7.4008,7.4008,7.4008,7.4008,7.4008,7.4008,7.4008,7.4008,7.4008,7.4008,7.4008,7.4008,7.4008,7.4008,7.4008,7.4008,7.4008,7.4008,7.4008,7.4008,7.4008,7.4008,7.4008,7.4008,7.4008,7.4008,7.4008,7.4008,7.4008,7.4008,7.4008,7.4008,7.4008,7.4008,7.4008,7.4008,7.4008,7.4008,7.4008,7.4008,7.4008,7.4008,7.4008,7.4008,7.4008,7.4008,7.4008,7.4008,7.4008,7.4008,7.4008,7.4008,7.4008,7.4008,7.4008,7.4008,7.4008,7.4008,7.4008,7.4008,7.4008,7.4008,7.4008,7.4008,7.4008,7.4008,7.4008,7.4008,7.4008,7.4008,7.4008,7.4008,7.4008,7.4008,7.4008,7.4008,7.4008,7.4008,7.4008,7.4008,7.4008,7.4008,7.4008,7.4008,7.4008,7.4008,7.4008,7.4008,7.4008,7.4008,7.4008,7.4008,7.4008,7.4008,7.4008,7.4008,7.4008,7.4008,7.4008,7.4008,7.4008,7.4008,7.4008,7.4008,7.4008,7.4008,7.4008,7.4008,7.4008,7.4008,7.4008,7.4008,7.4008,7.4008,7.4008,7.4008,7.4008,7.4008,7.4008,7.4008,7.4008,7.4008,7.4008,7.4008,7.4008,7.4008,7.4008,7.4008,7.4008,7.4008,7.4008,7.4008,7.4008,7.4008,7.4008,7.4008,7.4008,7.4008,7.4008,7.4008,7.4008,7.4008,7.4008,7.4008,7.4008,7.4008,7.4008,7.4008,7.4008,7.4008,7.4008,7.4008,7.4008,7.4008,7.4008,7.4008,7.4008,7.4008,7.4008,7.4008,7.4008,7.4008,7.4008,7.4008,7.4008,7.4008,7.4008,7.4008,7.4008,7.4008,7.4008,7.4008,7.4008,7.4008,7.4008,7.4008,7.4008,7.4008,7.4008,7.4008,7.4008,7.4008,7.4008,7.4008,7.4008,7.4008,7.4008,7.4008,7.4008,7.4008,7.4008,7.4008,7.4008,7.4008,7.4008,7.4008,7.4008,7.4008,7.4008,7.4008,7.4008,7.4008,7.4008,7.4008,7.4008,7.4008,7.4008,7.4008,7.4008,7.4008,7.4008,7.4008,7.4008,7.4008,7.4008,7.4008,7.4008,7.4008,7.4008,7.4008,7.4008,7.4008,7.4008,7.4008,7.4008,7.4008,7.4008,7.4008,7.4008,7.4008,7.4008,7.4008,7.4008,7.4008,7.4008,7.4008,7.4008,7.4008,7.4008,7.4008,7.4008,7.4008,7.4008,7.4008,7.4008,7.4008,7.4008,7.4008,7.4008,7.4008,7.4008,7.4008,7.4008,7.4008,7.4008,7.4008,7.4008,7.4008,7.4008,7.4008,7.4008,7.4008,7.4008,7.4008,7.4008,7.4008,7.4008,7.4008,7.4008,7.4008,7.4008,7.4008,7.4008,7.4008,7.4008,7.4008,7.4008,7.4008,7.4008,7.4008,7.4008,7.4008,7.4008,7.4008,7.4008,7.4008,7.4008,7.4008,7.4008,7.4008,7.4008,7.4008,7.4008,7.4008,7.4008,7.4008,7.4008,7.4008,7.4008,7.4008,7.4008,7.4008,7.4008,7.4008,7.4008,7.4008,7.4008,7.4008,7.4008,7.4008,7.4008,7.4008,7.4015,7.4015,7.4015,7.4015,7.4015,7.4015,7.4015,7.4015,7.4015,7.4015,7.4015,7.4015,7.4015,7.4015,7.4015,7.4015,7.4015,7.4015,7.4015,7.4015,7.4015,7.4015,7.4015,7.4015,7.4015,7.4015,7.4015,7.4015,7.4015,7.4015,7.4015,7.4015,7.4015,7.4015,7.4015,7.4015,7.4015,7.4015,7.4015,7.4015,7.4015,7.4015,7.4015,7.4015,7.4015,7.4015,7.4015,7.4015,7.4015,7.4015,7.4015,7.4015,7.4015,7.4015,7.4015,7.4015,7.4015,7.4015,7.4015,7.4015,7.4015,7.4015,7.4015,7.4015,7.4015,7.4015,7.4015,7.4015,7.4015,7.4015,7.4015,7.4015,7.4015,7.4015,7.4015,7.4015,7.4015,7.4015,7.4015,7.4015,7.4015,7.4015,7.4015,7.4015,7.4015,7.4015,7.4015,7.4015,7.4015,7.4015,7.4015,7.4015,6.1355,6.1036,6.0905,6.0775,6.0646,6.0515,6.0386,6.0258,6.0122,5.9989,5.9865,5.9742,5.9619,5.9496,5.9385,5.9307,5.9259,5.9209,5.9161,5.9113,5.9063,5.9015,5.8966,5.8918,5.8871,5.8821,5.8774,5.8724,5.8677,5.8630,5.8585,5.8538,5.8493,5.8448,5.8402,5.8359,5.8313,5.8266,5.8222,5.8175,5.8131,5.8087,5.8059,5.8034,5.8020,5.8006,5.7994,5.7980,5.7966,5.7952,5.7940,5.7926,5.7912,5.7900,5.7886,5.7872,5.7860,5.7847,5.7833,5.7819,5.7805,5.7791,5.7777,5.7765,5.7751,5.7737,5.7725,5.7711,5.7697,5.7686,5.7672,5.7658,5.7646,5.7632,5.7618,5.7606,5.7601,5.7601,5.7597,5.7593,5.7601,5.7608,5.7616,5.7624,5.7630,5.7638,5.7646,5.7654,5.7662,5.7668,5.7676,5.7684,5.7692,5.7699,5.7707,5.7713,5.7721,5.7729,5.7737,5.7745,5.7751,5.7759,5.7767,5.7775,5.7783,5.7791,5.7797,5.7805,5.7813,5.7821,5.7829,5.7837,5.7851,5.7870,5.7890,5.7910,5.7940,5.7974,5.8006,5.8040,5.8075,5.8109,5.8141,5.8175,5.8209,5.8244,5.8278,5.8310,5.8347,5.8379,5.8410,5.8444,5.8477,5.8512,5.8546,5.8581,5.8616,5.8651,5.8685,5.8720,5.8755,5.8788,5.8831,5.8887,5.8941,5.8997,5.9053,5.9111,5.9167,5.9236,5.9334,5.9433,5.9532,5.9629,5.9729,5.9829,5.9929,6.0030,6.0131,6.0237,6.0447,6.0661,6.0874,6.1089,6.1397,6.2012,7.4015,7.4015,7.4015,7.4015,7.4015,7.4015,7.4015,7.4015,7.4015,7.4015,7.4015,7.4015,7.4015,7.4015,7.4015,7.4015,7.4015,7.4015,7.4015,7.4015,7.4015,7.4015,7.4015,7.4015,7.4015,7.4015,7.4015,7.4015,7.4015,7.4015,7.4015,7.4015,7.4015,7.4015,7.4015,7.4015,7.4015,7.4015,7.4015,7.4015,7.4015,7.4015,7.4015,7.4015,7.4015,7.4015,7.4015,7.4015,7.4015,7.4015,7.4015,7.4015,7.4015,7.4015,7.4015,7.4015,7.4015,7.4015,7.4015,7.4015,7.4015,7.4015,7.4015,7.4015,7.4015,7.4015,7.4015,7.4015,7.4015,7.4015,7.4015,7.4015,7.4015,7.4015,7.4015,7.4015,7.4015,7.4015,7.4015,7.4015,7.4015,7.4015,7.4015,7.4015,7.4015,7.4015,7.4015,7.4015,7.4015,7.4015,7.4015,7.4015,7.4015,7.4015,7.4015,7.4015,7.4015,7.4015,7.4015,7.4015,7.4015,7.4015,7.4015,7.4015,7.4015,7.4015,7.4015,7.4015,7.4015,7.4015,7.4015,7.4015,7.4015,7.4015,7.4015,7.4015,7.4015,7.4015,7.4015,7.4015,7.4015,7.4015,7.4015,7.4015,7.4015,7.4015,7.4015,7.4015,7.4015,7.4015,7.4015,7.4015,7.4015,7.4015,7.4015,7.4015,7.4015,7.4015,7.4015,7.4015,7.4015,7.4015,7.4015,7.4015,7.4015,7.4015,7.4015,7.4015,7.4015,7.4015,7.4015,7.4015,7.4015,7.4015,7.4015,7.4015,7.4015,7.4015,7.4015,7.4015,7.4015,7.4015,7.4015,7.4015,7.4015,7.4015,7.4015,7.4015,7.4015,7.4015,7.4015,7.4015,7.4015,7.4015,7.4015,7.4015,7.4015,7.4015,7.4015,7.4015,7.4015,7.4015,7.4015,7.4015,7.4015,7.4015,7.4015,7.4015,7.4015,7.4015,7.4015,7.4015,7.4015,7.4015,7.4015,7.4015,7.4015,7.4015,7.4015,7.4015,7.4015,7.4015,7.4015,7.4015,7.4015,7.4015,7.4015,7.4015,7.4015,7.4015,7.4015,7.4015,7.4015,7.4015,7.4015,7.4015,7.4015,7.4015,7.4015,7.4015,7.4015,7.4015,7.4015,7.4015,7.4015,7.4015,7.4015,7.4015,7.4015,7.4015,7.4015,7.4015,7.4015,7.4015,7.4015,7.4015,7.4015,7.4015,7.4015,7.4015,7.4015,7.4015,7.4015,7.4015,7.4015,7.4015,7.4015,7.4015,7.4015,7.4015,7.4015,7.4015,7.4015,7.4015,7.4015,7.4015,7.4015,7.4015,7.4015,7.4015,7.4015,7.4015,7.4015,7.4015,7.4015,7.4015,7.4015,7.4015,7.4015,7.4015,7.4015,7.4015,7.4015,7.4015,7.4015,7.4015,7.4015,7.4015,7.4015,7.4015,7.4015,7.4015,7.4015,7.4015,7.4015,7.4015,7.4015,7.4015,7.4015,7.4015,7.4015,7.4015,7.4015,7.4015,7.4015,7.4015,7.4015,7.4015,7.4015,7.4015,7.4015,7.4015,7.4015,7.4015,7.4015,7.4015,7.4015,7.4015,7.4015,7.4015,7.4015,7.4015,7.4015,7.4015,7.4015,7.4015,7.4015,7.4015,7.4015,7.4015,7.4015,7.4015,7.4015,7.4015,7.4015,7.4015,7.4015,7.4015,7.4015,7.4015,7.4015,7.4015,7.4015,7.4015,7.4015,7.4015,7.4015,7.4015,7.4015,7.4015,7.4015,7.4015,7.4015,7.4015,7.4015,7.4015,7.4015,7.4015,7.4015,7.4015,7.4015,7.4015,7.4015,7.4015,7.4015,7.4015,7.4015,7.4015,7.4015,7.4015,7.4015,7.4015,7.4015,7.4015,7.4015,7.4015,7.4015,7.4015,7.4015,7.4015,7.4015,7.4015,7.4015,7.4015,7.4015,7.4015,7.4015,7.4015,7.4015,7.4015,7.4015,7.4015,7.4015,7.4015,7.4015,7.4015,7.4015,7.4015,7.4015
7.3950,7.3950,7.3950,7.3950,7.3950,7.3950,7.3950,7.3950,7.3950,7.3950,7.3950,7.3950,7.3950,7.3950,7.3950,7.3950,7.3950,7.3950,7.3950,7.3950,7.3950,7.3950,7.3950,7.3950,7.3950,7.3950,7.3950,7.3950,7.3950,7.3950,7.3950,7.3950,7.3950,7.3950,7.3950,7.3950,7.3950,7.3950,7.3950,7.3950,7.3950,7.3950,7.3950,7.3950,7.3950,7.3950,7.3950,7.3950,7.3950,7.3950,7.3950,7.3950,7.3950,7.3950,7.3950,7.3950,7.3950,7.3950,7.3950,7.3950,7.3950,7.3950,7.3950,7.3950,7.3950,7.3950,7.3950,7.3950,7.3950,7.3950,7.3950,7.3950,7.3950,7.3950,7.3950,7.3950,7.3950,7.3950,7.3950,7.3950,7.3950,7.3950,7.3950,7.3950,7.3950,7.3950,7.3950,7.3950,7.3950,7.3950,7.3950,7.3950,7.3950,7.3950,7.3950,7.3950,7.3950,7.3950,7.3950,7.3950,7.3950,7.3950,7.3950,7.3950,7.3950,7.3950,7.3950,7.3950,7.3950,7.3950,7.3950,7.3950,7.3950,7.3950,7.3950,7.3950,7.3950,7.3950,7.3950,7.3950,7.3950,7.3950,7.3950,7.3950,7.3950,7.3950,7.3950,7.3950,7.3950,7.3950,7.3950,7.3950,7.3950,7.3950,7.3950,7.3950,7.3950,7.3950,7.3950,7.3950,7.3950,7.3950,7.3950,7.3950,7.3950,7.3950,7.3950,7.3950,7.3950,7.3950,7.3950,7.3950,7.3950,7.3950,7.3950,7.3950,7.3950,7.3950,7.3950,7.3950,7.3950,7.3950,7.3950,7.3950,7.3950,7.3950,7.3950,7.3950,7.3950,7.3950,7.3950,7.3950,7.3950,7.3950,7.3950,7.3950,7.3950,7.3950,7.3950,7.3950,7.3950,7.3950,7.3950,7.3950,7.3950,7.3950,7.3950,7.3950,7.3950,7.3950,7.3950,7.3950,7.3950,7.3950,7.3950,7.3950,7.3950,7.3950,7.3950,7.3950,7.3950,7.3950,7.3950,7.3950,7.3950,7.3950,7.3950,7.3950,7.3950,7.3950,7.3950,7.3950,7.3950,7.3950,7.3950,7.3950,7.3950,7.3950,7.3950,7.3950,7.3950,7.3950,7.3950,7.3950,7.3950,7.3950,7.3950,7.3950,7.3950,7.3950,7.3950,7.3950,7.3950,7.3950,7.3950,7.3950,7.3950,7.3950,7.3950,7.3950,7.3950,7.3950,7.3950,7.3950,7.3950,7.3950,7.3950,7.3950,7.3950,7.3950,7.3950,7.3950,7.3950,7.3950,7.3950,7.3950,7.3950,7.3950,7.3950,7.3950,7.3950,7.3950,7.3950,7.3950,7.3950,7.3950,7.3950,7.3950,7.3950,7.3950,7.3950,7.3950,7.3950,7.3950,7.3950,7.3950,7.3950,7.3950,7.3950,7.3950,7.3950,7.3950,7.3950,7.3950,7.3950,7.3950,7.3950,7.3950,7.3950,7.3950,7.3950,7.3950,7.3950,7.3950,7.3950,7.3950,7.3950,7.3950,7.3950,7.3950,7.3950,7.3950,7.3950,7.3950,7.3950,7.3950,7.3950,7.3950,7.3950,7.3950,7.3950,7.3950,7.3950,7.3950,7.3950,7.3950,7.3950,7.3950,7.3950,7.3950,7.3950,7.3950,7.3950,7.3950,7.3950,7.3950,7.3950,7.3950,7.3950,7.3950,7.3950,7.3950,7.3950,7.3950,7.3950,7.3950,7.3950,7.3950,7.3950,7.3950,7.3950,7.3950,7.3950,7.3950,7.3950,7.3950,7.3950,7.3950,7.3950,7.3950,7.3950,7.3950,7.3950,7.3950,7.3950,7.3950,7.3950,7.3950,7.3950,7.3950,7.3950,7.3950,7.3950,7.3950,7.3950,7.3950,7.3950,7.3950,7.3950,7.3950,7.3950,7.3950,7.3950,7.3950,7.3950,7.3950,7.3950,7.3950,7.3950,7.3950,7.3950,7.3950,7.3950,7.3950,7.3950,7.3950,7.3950,7.3950,7.3950,7.3950,7.3950,7.3950,7.3950,7.3950,7.3950,7.3950,7.3950,7.3950,7.3950,7.3950,7.3950,7.3950,7.3950,7.3950,7.3950,6.1296,6.1045,6.0905,6.0773,6.0643,6.0515,6.0386,6.0256,6.0125,5.9989,5.9850,5.9714,5.9587,5.9465,5.9353,5.9297,5.9249,5.9198,5.9150,5.9101,5.9053,5.9005,5.8955,5.8908,5.8858,5.8811,5.8763,5.8716,5.8669,5.8622,5.8577,5.8530,5.8485,5.8438,5.8392,5.8347,5.8302,5.8256,5.8211,5.8167,5.8121,5.8077,5.8040,5.8022,5.8008,5.7994,5.7982,5.7968,5.7954,5.7942,5.7928,5.7914,5.7902,5.7890,5.7878,5.7866,5.7854,5.7843,5.7831,5.7819,5.7807,5.7793,5.7781,5.7767,5.7753,5.7741,5.7727,5.7713,5.7701,5.7688,5.7674,5.7662,5.7648,5.7634,5.7622,5.7610,5.7610,5.7608,5.7606,5.7602,5.7602,5.7610,5.7616,5.7624,5.7632,5.7640,5.7648,5.7656,5.7662,5.7670,5.7678,5.7686,5.7694,5.7699,5.7707,5.7715,5.7723,5.7731,5.7739,5.7745,5.7753,5.7761,5.7769,5.7777,5.7785,5.7791,5.7799,5.7807,5.7815,5.7823,5.7831,5.7839,5.7858,5.7878,5.7898,5.7918,5.7938,5.7972,5.8006,5.8040,5.8075,5.8107,5.8141,5.8175,5.8209,5.8242,5.8276,5.8310,5.8343,5.8377,5.8410,5.8442,5.8477,5.8510,5.8544,5.8579,5.8614,5.8649,5.8683,5.8718,5.8753,5.8788,5.8838,5.8893,5.8947,5.9003,5.9059,5.9117,5.9173,5.9230,5.9320,5.9418,5.9517,5.9617,5.9716,5.9816,5.9917,6.0019,6.0116,6.0230,6.0441,6.0652,6.0863,6.1078,6.1283,6.1886,7.3950,7.3950,7.3950,7.3950,7.3950,7.3950,7.3950,7.3950,7.3950,7.3950,7.3950,7.3950,7.3950,7.3950,7.3950,7.3950,7.3950,7.3950,7.3950,7.3950,7.3950,7.3950,7.3950,7.3950,7.3950,7.3950,7.3950,7.3950,7.3950,7.3950,7.3950,7.3950,7.3950,7.3950,7.3950,7.3950,7.3950,7.3950,7.3950,7.3950,7.3950,7.3950,7.3950,7.3950,7.3950,7.3950,7.3950,7.3950,7.3950,7.3950,7.3950,7.3950,7.3950,7.3950,7.3950,7.3950,7.3950,7.3950,7.3950,7.3950,7.3950,7.3950,7.3950,7.3950,7.3950,7.3950,7.3950,7.3950,7.3950,7.3950,7.3950,7.3950,7.3950,7.3950,7.3950,7.3950,7.3950,7.3950,7.3950,7.3950,7.3950,7.3950,7.3950,7.3950,7.3950,7.3950,7.3950,7.3950,7.3950,7.3950,7.3950,7.3950,7.3950,7.3950,7.3950,7.3950,7.3950,7.3950,7.3950,7.3950,7.3950,7.3950,7.3950,7.3950,7.3950,7.3950,7.3950,7.3950,7.3950,7.3950,7.3950,7.3950,7.3950,7.3950,7.3950,7.3950,7.3950,7.3950,7.3950,7.3950,7.3950,7.3950,7.3950,7.3950,7.3950,7.3950,7.3950,7.3950,7.3950,7.3950,7.3950,7.3950,7.3950,7.3950,7.3950,7.3950,7.3950,7.3950,7.3950,7.3950,7.3950,7.3950,7.3950,7.3950,7.3950,7.3950,7.3950,7.3950,7.3950,7.3950,7.3950,7.3950,7.3950,7.3950,7.3950,7.3950,7.3950,7.3950,7.3950,7.3950,7.3950,7.3950,7.3950,7.3950,7.3950,7.3950,7.3950,7.3950,7.3950,7.3950,7.3950,7.3950,7.3950,7.3950,7.3950,7.3950,7.3950,7.3950,7.3950,7.3950,7.3950,7.3950,7.3950,7.3950,7.3950,7.3950,7.3950,7.3950,7.3950,7.3950,7.3950,7.3950,7.3950,7.3950,7.3953,7.3953,7.3953,7.3953,7.3953,7.3953,7.3953,7.3953,7.3953,7.3953,7.3953,7.3953,7.3953,7.3953,7.3953,7.3953,7.3953,7.3953,7.3953,7.3953,7.3953,7.3953,7.3953,7.3953,7.3953,7.3953,7.3953,7.3953,7.3953,7.3953,7.3953,7.3953,7.3953,7.3953,7.3953,7.3953,7.3953,7.3953,7.3953,7.3953,7.3953,7.3953,7.3953,7.3953,7.3953,7.3953,7.3953,7.3953,7.3953,7.3953,7.3953,7.3953,7.3953,7.3953,7.3953,7.3953,7.3953,7.3953,7.3953,7.3953,7.3953,7.3953,7.3953,7.3953,7.3953,7.3953,7.3953,7.3953,7.3953,7.3953,7.3953,7.3953,7.3953,7.3953,7.3953,7.3953,7.3953,7.3953,7.3953,7.3953,7.3953,7.3953,7.3953,7.3953,7.3953,7.3953,7.3953,7.3953,7.3953,7.3953,7.3953,7.3953,7.3953,7.3953,7.3953,7.3953,7.3953,7.3953,7.3953,7.3953,7.3953,7.3953,7.3953,7.3953,7.3953,7.3953,7.3953,7.3953,7.3953,7.3953,7.3953,7.3953,7.3953,7.3953,7.3953,7.3953,7.3953,7.3953,7.3953,7.3953,7.3953,7.3953,7.3953,7.3953,7.3953,7.3953,7.3953,7.3953,7.3953,7.3953,7.3953,7.3953,7.3953,7.3953,7.3953,7.3953,7.3953,7.3953,7.3953,7.3953,7.3953,7.3953,7.3953,7.3953,7.3953,7.3953,7.3953,7.3953,7.3953,7.3953,7.3953,7.3953,7.3953,7.3953,7.3953,7.3953,7.3953,7.3953,7.3953,7.3953,7.3953,7.3953,7.3953,7.3953,7.3953,7.3953,7.3953,7.3953,7.3953,7.3953,7.3953,7.3953,7.3953,7.3953,7.3953,7.3953,7.3953,7.3953,7.3953,7.3953,7.3953,7.3953,7.3953,7.3953,7.3953,7.3953,7.3953,7.3953,7.3953,7.3953,7.3953,7.3953,7.3953,7.3953,7.3953
7.3894,7.3894,7.3894,7.3894,7.3894,7.3894,7.3894,7.3894,7.3894,7.3894,7.3894,7.3894,7.3894,7.3894,7.3894,7.3894,7.3894,7.3894,7.3894,7.3894,7.3894,7.3894,7.3894,7.3894,7.3894,7.3894,7.3894,7.3894,7.3894,7.3894,7.3894,7.3894,7.3894,7.3894,7.3894,7.3894,7.3894,7.3894,7.3894,7.3894,7.3894,7.3894,7.3894,7.3894,7.3894,7.3894,7.3894,7.3894,7.3894,7.3894,7.3894,7.3894,7.3894,7.3894,7.3894,7.3894,7.3894,7.3894,7.3894,7.3894,7.3894,7.3894,7.3894,7.3894,7.3894,7.3894,7.3894,7.3894,7.3894,7.3894,7.3894,7.3894,7.3894,7.3894,7.3894,7.3894,7.3894,7.3894,7.3894,7.3894,7.3894,7.3894,7.3894,7.3894,7.3894,7.3894,7.3894,7.3894,7.3894,7.3894,7.3894,7.3894,7.3894,7.3894,7.3894,7.3894,7.3894,7.3894,7.3894,7.3894,7.3894,7.3894,7.3894,7.3894,7.3894,7.3894,7.3894,7.3894,7.3894,7.3894,7.3894,7.3894,7.3894,7.3894,7.3894,7.3894,7.3894,7.3894,7.3894,7.3894,7.3894,7.3894,7.3894,7.3894,7.3894,7.3894,7.3894,7.3894,7.3894,7.3894,7.3894,7.3894,7.3894,7.3894,7.3894,7.3894,7.3894,7.3894,7.3894,7.3894,7.3894,7.3894,7.3894,7.3894,7.3894,7.3894,7.3894,7.3894,7.3894,7.3894,7.3894,7.3894,7.3894,7.3894,7.3894,7.3894,7.3894,7.3894,7.3894,7.3894,7.3894,7.3894,7.3894,7.3894,7.3894,7.3894,7.3894,7.3894,7.3894,7.3894,7.3894,7.3894,7.3894,7.3894,7.3894,7.3894,7.3894,7.3894,7.3894,7.3894,7.3894,7.3894,7.3894,7.3894,7.3894,7.3894,7.3894,7.3894,7.3894,7.3894,7.3894,7.3894,7.3894,7.3894,7.3894,7.3894,7.3894,7.3894,7.3894,7.3894,7.3894,7.3894,7.3894,7.3894,7.3894,7.3894,7.3894,7.3894,7.3894,7.3894,7.3894,7.3894,7.3894,7.3894,7.3894,7.3894,7.3894,7.3894,7.3894,7.3894,7.3894,7.3894,7.3894,7.3894,7.3894,7.3894,7.3894,7.3894,7.3894,7.3894,7.3894,7.3894,7.3894,7.3894,7.3894,7.3894,7.3894,7.3894,7.3894,7.3894,7.3894,7.3894,7.3894,7.3894,7.3894,7.3894,7.3894,7.3894,7.3894,7.3894,7.3894,7.3894,7.3894,7.3894,7.3894,7.3894,7.3894,7.3894,7.3894,7.3894,7.3894,7.3894,7.3894,7.3894,7.3894,7.3894,7.3894,7.3894,7.3894,7.3894,7.3894,7.3894,7.3894,7.3894,7.3894,7.3894,7.3894,7.3894,7.3894,7.3894,7.3894,7.3894,7.3894,7.3894,7.3894,7.3894,7.3894,7.3894,7.3894,7.3894,7.3894,7.3894,7.3894,7.3894,7.3894,7.3894,7.3894,7.3894,7.3894,7.3894,7.3894,7.3894,7.3894,7.3894,7.3894,7.3894,7.3894,7.3894,7.3894,7.3894,7.3894,7.3894,7.3894,7.3894,7.3894,7.3894,7.3894,7.3894,7.3894,7.3894,7.3894,7.3894,7.3894,7.3894,7.3894,7.3894,7.3894,7.3894,7.3894,7.3894,7.3894,7.3894,7.3894,7.3894,7.3894,7.3894,7.3894,7.3894,7.3894,7.3894,7.3894,7.3894,7.3894,7.3894,7.3894,7.3894,7.3894,7.3894,7.3894,7.3894,7.3894,7.3894,7.3894,7.3894,7.3894,7.3894,7.3894,7.3894,7.3894,7.3894,7.3894,7.3894,7.3894,7.3894,7.3894,7.3894,7.3894,7.3894,7.3894,7.3894,7.3894,7.3894,7.3894,7.3894,7.3894,7.3894,7.3894,7.3894,7.3894,7.3894,7.3894,7.3894,7.3894,7.3894,7.3894,7.3894,7.3894,7.3894,7.3894,7.3894,7.3894,7.3894,7.3894,7.3894,7.3894,7.3894,7.3894,7.3894,7.3894,7.3894,7.3894,7.3894,7.3894,7.3894,7.3894,6.1321,6.1069,6.0903,6.0773,6.0643,6.0512,6.0384,6.0256,6.0127,5.9989,5.9852,5.9716,5.9581,5.9446,5.9336,5.9286,5.9238,5.9188,5.9140,5.9092,5.9042,5.8995,5.8947,5.8899,5.8852,5.8805,5.8757,5.8710,5.8663,5.8618,5.8571,5.8524,5.8477,5.8432,5.8385,5.8341,5.8294,5.8250,5.8203,5.8157,5.8113,5.8067,5.8024,5.8012,5.8000,5.7988,5.7976,5.7964,5.7952,5.7940,5.7928,5.7916,5.7904,5.7892,5.7880,5.7868,5.7856,5.7845,5.7833,5.7821,5.7809,5.7797,5.7783,5.7769,5.7757,5.7743,5.7729,5.7717,5.7703,5.7690,5.7678,5.7664,5.7650,5.7638,5.7624,5.7620,5.7618,5.7618,5.7614,5.7612,5.7608,5.7610,5.7618,5.7626,5.7634,5.7642,5.7650,5.7656,5.7664,5.7672,5.7680,5.7688,5.7694,5.7701,5.7709,5.7717,5.7725,5.7733,5.7739,5.7747,5.7755,5.7763,5.7771,5.7777,5.7785,5.7793,5.7801,5.7809,5.7817,5.7825,5.7833,5.7847,5.7866,5.7886,5.7906,5.7926,5.7946,5.7972,5.8006,5.8038,5.8073,5.8107,5.8141,5.8173,5.8207,5.8242,5.8276,5.8308,5.8343,5.8375,5.8408,5.8442,5.8475,5.8508,5.8542,5.8577,5.8612,5.8646,5.8681,5.8716,5.8751,5.8788,5.8844,5.8899,5.8953,5.9009,5.9065,5.9123,5.9180,5.9236,5.9307,5.9406,5.9503,5.9602,5.9701,5.9801,5.9902,6.0002,6.0103,6.0224,6.0430,6.0641,6.0852,6.1067,6.1270,6.1761,7.3888,7.3888,7.3888,7.3888,7.3888,7.3888,7.3888,7.3888,7.3888,7.3888,7.3888,7.3888,7.3888,7.3888,7.3888,7.3888,7.3888,7.3888,7.3888,7.3888,7.3888,7.3888,7.3888,7.3888,7.3888,7.3888,7.3888,7.3888,7.3888,7.3888,7.3888,7.3888,7.3888,7.3888,7.3888,7.3888,7.3888,7.3888,7.3888,7.3888,7.3888,7.3888,7.3888,7.3888,7.3888,7.3888,7.3888,7.3888,7.3888,7.3888,7.3888,7.3888,7.3888,7.3888,7.3888,7.3888,7.3888,7.3888,7.3888,7.3888,7.3888,7.3888,7.3888,7.3888,7.3888,7.3888,7.3888,7.3888,7.3888,7.3888,7.3888,7.3888,7.3888,7.3888,7.3888,7.3888,7.3888,7.3888,7.3888,7.3888,7.3888,7.3888,7.3888,7.3888,7.3888,7.3888,7.3888,7.3888,7.3888,7.3888,7.3888,7.3888,7.3888,7.3888,7.3888,7.3888,7.3888,7.3888,7.3888,7.3888,7.3888,7.3888,7.3888,7.3888,7.3888,7.3888,7.3888,7.3888,7.3888,7.3888,7.3888,7.3888,7.3888,7.3888,7.3888,7.3888,7.3888,7.3888,7.3888,7.3888,7.3888,7.3888,7.3888,7.3888,7.3888,7.3888,7.3888,7.3888,7.3888,7.3888,7.3888,7.3888,7.3888,7.3888,7.3888,7.3888,7.3888,7.3888,7.3888,7.3888,7.3888,7.3888,7.3888,7.3888,7.3888,7.3888,7.3888,7.3888,7.3888,7.3888,7.3888,7.3888,7.3888,7.3888,7.3888,7.3888,7.3888,7.3888,7.3888,7.3888,7.3888,7.3888,7.3888,7.3888,7.3888,7.3888,7.3888,7.3888,7.3888,7.3888,7.3888,7.3888,7.3888,7.3888,7.3888,7.3888,7.3888,7.3888,7.3888,7.3888,7.3888,7.3888,7.3888,7.3888,7.3888,7.3888,7.3888,7.3888,7.3888,7.3888,7.3888,7.3888,7.3888,7.3888,7.3888,7.3888,7.3888,7.3888,7.3888,7.3888,7.3888,7.3888,7.3888,7.3888,7.3888,7.3888,7.3888,7.3888,7.3888,7.3888,7.3888,7.3888,7.3888,7.3888,7.3888,7.3888,7.3888,7.3888,7.3888,7.3888,7.3888,7.3888,7.3888,7.3888,7.3888,7.3888,7.3888,7.3888,7.3888,7.3888,7.3888,7.3888,7.3888,7.3888,7.3888,7.3888,7.3888,7.3888,7.3888,7.3888,7.3888,7.3888,7.3888,7.3888,7.3888,7.3888,7.3888,7.3888,7.3888,7.3888,7.3888,7.3888,7.3888,7.3888,7.3888,7.3888,7.3888,7.3888,7.3888,7.3888,7.3888,7.3888,7.3888,7.3888,7.3888,7.3888,7.3888,7.3888,7.3888,7.3888,7.3888,7.3888,7.3888,7.3888,7.3888,7.3888,7.3888,7.3888,7.3888,7.3888,7.3888,7.3888,7.3888,7.3888,7.3888,7.3888,7.3888,7.3888,7.3888,7.3888,7.3888,7.3888,7.3888,7.3888,7.3888,7.3888,7.3888,7.3888,7.3888,7.3888,7.3888,7.3888,7.3888,7.3888,7.3888,7.3888,7.3888,7.3888,7.3888,7.3888,7.3888,7.3888,7.3888,7.3888,7.3888,7.3888,7.3888,7.3888,7.3888,7.3888,7.3888,7.3888,7.3888,7.3888,7.3888,7.3888,7.3888,7.3888,7.3888,7.3888,7.3888,7.3888,7.3888,7.3888,7.3888,7.3888,7.3888,7.3888,7.3888,7.3888,7.3888,7.3888,7.3888,7.3888,7.3888,7.3888,7.3888,7.3888,7.3888,7.3888,7.3888,7.3888,7.3888,7.3888,7.3888,7.3888,7.3888,7.3888,7.3888,7.3888,7.3888,7.3888,7.3888,7.3888,7.3888,7.3888,7.3888,7.3888,7.3888,7.3888,7.3888,7.3888,7.3888,7.3888,7.3888,7.3888,7.3888,7.3888,7.3888,7.3888,7.3888,7.3888,7.3888,7.3888,7.3888,7.3888,7.3888,7.3888,7.3888
7.3826,7.3826,7.3826,7.3826,7.3826,7.3826,7.3826,7.3826,7.3826,7.3826,7.3826,7.3826,7.3826,7.3826,7.3826,7.3826,7.3826,7.3826,7.3826,7.3826,7.3826,7.3826,7.3826,7.3826,7.3826,7.3826,7.3826,7.3826,7.3826,7.3826,7.3826,7.3826,7.3826,7.3826,7.3826,7.3826,7.3826,7.3826,7.3826,7.3826,7.3826,7.3826,7.3826,7.3826,7.3826,7.3826,7.3826,7.3826,7.3826,7.3826,7.3826,7.3826,7.3826,7.3826,7.3826,7.3826,7.3826,7.3826,7.3826,7.3826,7.3826,7.3826,7.3826,7.3826,7.3826,7.3826,7.3826,7.3826,7.3826,7.3826,7.3826,7.3826,7.3826,7.3826,7.3826,7.3826,7.3826,7.3826,7.3826,7.3826,7.3826,7.3826,7.3826,7.3826,7.3826,7.3826,7.3826,7.3826,7.3826,7.3826,7.3826,7.3826,7.3826,7.3826,7.3826,7.3826,7.3826,7.3826,7.3826,7.3826,7.3826,7.3826,7.3826,7.3826,7.3826,7.3826,7.3826,7.3826,7.3826,7.3826,7.3826,7.3826,7.3826,7.3826,7.3826,7.3826,7.3826,7.3826,7.3826,7.3826,7.3826,7.3826,7.3826,7.3826,7.3826,7.3826,7.3826,7.3826,7.3826,7.3826,7.3826,7.3826,7.3826,7.3826,7.3826,7.3826,7.3826,7.3826,7.3826,7.3826,7.3826,7.3826,7.3826,7.3826,7.3826,7.3826,7.3826,7.3826,7.3826,7.3826,7.3826,7.3826,7.3826,7.3826,7.3826,7.3826,7.3826,7.3826,7.3826,7.3826,7.3826,7.3826,7.3826,7.3826,7.3826,7.3826,7.3826,7.3826,7.3826,7.3826,7.3826,7.3826,7.3826,7.3826,7.3826,7.3826,7.3826,7.3826,7.3826,7.3826,7.3826,7.3826,7.3826,7.3826,7.3826,7.3826,7.3826,7.3826,7.3826,7.3826,7.3826,7.3826,7.3826,7.3826,7.3826,7.3826,7.3826,7.3826,7.3826,7.3826,7.3826,7.3826,7.3826,7.3826,7.3826,7.3826,7.3826,7.3826,7.3826,7.3826,7.3826,7.3826,7.3826,7.3826,7.3826,7.3826,7.3826,7.3826,7.3826,7.3826,7.3826,7.3826,7.3826,7.3826,7.3826,7.3826,7.3826,7.3826,7.3826,7.3826,7.3826,7.3826,7.3826,7.3826,7.3826,7.3826,7.3826,7.3826,7.3826,7.3826,7.3826,7.3826,7.3826,7.3826,7.3826,7.3826,7.3826,7.3826,7.3826,7.3826,7.3826,7.3826,7.3826,7.3826,7.3826,7.3826,7.3826,7.3826,7.3826,7.3826,7.3826,7.3826,7.3826,7.3826,7.3826,7.3826,7.3826,7.3826,7.3826,7.3826,7.3826,7.3826,7.3826,7.3826,7.3826,7.3826,7.3833,7.3833,7.3833,7.3833,7.3833,7.3833,7.3833,7.3833,7.3833,7.3833,7.3833,7.3833,7.3833,7.3833,7.3833,7.3833,7.3833,7.3833,7.3833,7.3833,7.3833,7.3833,7.3833,7.3833,7.3833,7.3833,7.3833,7.3833,7.3833,7.3833,7.3833,7.3833,7.3833,7.3833,7.3833,7.3833,7.3833,7.3833,7.3833,7.3833,7.3833,7.3833,7.3833,7.3833,7.3833,7.3833,7.3833,7.3833,7.3833,7.3833,7.3833,7.3833,7.3833,7.3833,7.3833,7.3833,7.3833,7.3833,7.3833,7.3833,7.3833,7.3833,7.3833,7.3833,7.3833,7.3833,7.3833,7.3833,7.3833,7.3833,7.3833,7.3833,7.3833,7.3833,7.3833,7.3833,7.3833,7.3833,7.3833,7.3833,7.3833,7.3833,7.3833,7.3833,7.3833,7.3833,7.3833,7.3833,7.3833,7.3833,7.3833,7.3833,7.3833,7.3833,7.3833,7.3833,7.3833,7.3833,7.3833,7.3833,7.3833,7.3833,7.3833,7.3833,7.3833,7.3833,7.3833,7.3833,7.3833,7.3833,7.3833,7.3833,7.3833,7.3833,7.3833,7.3833,7.3833,7.3833,7.3833,7.3833,7.3833,7.3833,7.3833,7.3833,7.3833,7.3833,7.3833,7.3833,7.3833,6.1346,6.1094,6.0903,6.0771,6.0641,6.0512,6.0384,6.0256,6.0129,5.9991,5.9855,5.9718,5.9583,5.9448,5.9347,5.9290,5.9242,5.9194,5.9144,5.9096,5.9046,5.8999,5.8949,5.8902,5.8854,5.8805,5.8757,5.8710,5.8661,5.8614,5.8567,5.8518,5.8471,5.8426,5.8381,5.8337,5.8290,5.8246,5.8201,5.8159,5.8115,5.8073,5.8036,5.8014,5.8002,5.7990,5.7978,5.7966,5.7954,5.7942,5.7930,5.7918,5.7908,5.7896,5.7884,5.7872,5.7860,5.7849,5.7837,5.7825,5.7813,5.7799,5.7785,5.7773,5.7759,5.7745,5.7733,5.7719,5.7705,5.7694,5.7680,5.7666,5.7654,5.7640,5.7630,5.7628,5.7628,5.7626,5.7624,5.7620,5.7616,5.7614,5.7620,5.7628,5.7636,5.7642,5.7650,5.7658,5.7666,5.7674,5.7682,5.7688,5.7695,5.7703,5.7711,5.7719,5.7725,5.7733,5.7741,5.7749,5.7757,5.7765,5.7771,5.7779,5.7787,5.7795,5.7803,5.7811,5.7819,5.7827,5.7835,5.7854,5.7874,5.7894,5.7914,5.7934,5.7954,5.7974,5.8004,5.8038,5.8073,5.8105,5.8139,5.8173,5.8207,5.8242,5.8274,5.8308,5.8341,5.8373,5.8410,5.8440,5.8473,5.8508,5.8540,5.8575,5.8610,5.8644,5.8679,5.8714,5.8749,5.8794,5.8850,5.8904,5.8959,5.9015,5.9071,5.9130,5.9186,5.9242,5.9299,5.9391,5.9490,5.9589,5.9689,5.9789,5.9889,5.9987,6.0088,6.0219,6.0419,6.0630,6.0843,6.1056,6.1256,6.1636,7.3833,7.3833,7.3833,7.3833,7.3833,7.3833,7.3833,7.3833,7.3833,7.3833,7.3833,7.3833,7.3833,7.3833,7.3833,7.3833,7.3833,7.3833,7.3833,7.3833,7.3833,7.3833,7.3833,7.3833,7.3833,7.3833,7.3833,7.3833,7.3833,7.3833,7.3833,7.3833,7.3833,7.3833,7.3833,7.3833,7.3833,7.3833,7.3833,7.3833,7.3833,7.3833,7.3833,7.3833,7.3833,7.3833,7.3833,7.3833,7.3833,7.3833,7.3833,7.3833,7.3833,7.3833,7.3833,7.3833,7.3833,7.3833,7.3833,7.3833,7.3833,7.3833,7.3833,7.3833,7.3833,7.3833,7.3833,7.3833,7.3833,7.3833,7.3833,7.3833,7.3833,7.3833,7.3833,7.3833,7.3833,7.3833,7.3833,7.3833,7.3833,7.3833,7.3833,7.3833,7.3833,7.3833,7.3833,7.3833,7.3833,7.3833,7.3833,7.3833,7.3833,7.3833,7.3833,7.3833,7.3833,7.3833,7.3833,7.3833,7.3833,7.3833,7.3833,7.3833,7.3833,7.3833,7.3833,7.3833,7.3833,7.3833,7.3833,7.3833,7.3833,7.3833,7.3833,7.3833,7.3833,7.3833,7.3833,7.3833,7.3833,7.3833,7.3833,7.3833,7.3833,7.3833,7.3833,7.3833,7.3833,7.3833,7.3833,7.3833,7.3833,7.3833,7.3833,7.3833,7.3833,7.3833,7.3833,7.3833,7.3833,7.3833,7.3833,7.3833,7.3833,7.3833,7.3833,7.3833,7.3833,7.3833,7.3833,7.3833,7.3833,7.3833,7.3833,7.3833,7.3833,7.3833,7.3833,7.3833,7.3833,7.3833,7.3833,7.3833,7.3833,7.3833,7.3833,7.3833,7.3833,7.3833,7.3833,7.3833,7.3833,7.3833,7.3833,7.3833,7.3833,7.3833,7.3833,7.3833,7.3833,7.3833,7.3833,7.3833,7.3833,7.3833,7.3833,7.3833,7.3833,7.3833,7.3833,7.3833,7.3833,7.3833,7.3833,7.3833,7.3833,7.3833,7.3833,7.3833,7.3833,7.3833,7.3833,7.3833,7.3833,7.3833,7.3833,7.3833,7.3833,7.3833,7.3833,7.3833,7.3833,7.3833,7.3833,7.3833,7.3833,7.3833,7.3833,7.3833,7.3833,7.3833,7.3833,7.3833,7.3833,7.3833,7.3833,7.3833,7.3833,7.3833,7.3833,7.3833,7.3833,7.3833,7.3833,7.3833,7.3833,7.3833,7.3833,7.3833,7.3833,7.3833,7.3833,7.3833,7.3833,7.3833,7.3833,7.3833,7.3833,7.3833,7.3833,7.3833,7.3833,7.3833,7.3833,7.3833,7.3833,7.3833,7.3833,7.3833,7.3833,7.3833,7.3833,7.3833,7.3833,7.3833,7.3833,7.3833,7.3833,7.3833,7.3833,7.3833,7.3833,7.3833,7.3833,7.3833,7.3833,7.3833,7.3833,7.3833,7.3833,7.3833,7.3833,7.3833,7.3833,7.3833,7.3833,7.3833,7.3833,7.3833,7.3833,7.3833,7.3833,7.3833,7.3833,7.3833,7.3833,7.3833,7.3833,7.3833,7.3833,7.3833,7.3833,7.3833,7.3833,7.3833,7.3833,7.3833,7.3833,7.3833,7.3833,7.3833,7.3833,7.3833,7.3833,7.3833,7.3833,7.3833,7.3833,7.3833,7.3833,7.3833,7.3833,7.3833,7.3833,7.3833,7.3833,7.3833,7.3833,7.3833,7.3833,7.3833,7.3833,7.3833,7.3833,7.3833,7.3833,7.3833,7.3833,7.3833,7.3833,7.3833,7.3833,7.3833,7.3833,7.3833,7.3833,7.3833,7.3833,7.3833,7.3833,7.3833,7.3833,7.3833,7.3833,7.3833,7.3833,7.3833,7.3833,7.3833,7.3833,7.3833,7.3833,7.3833,7.3833,7.3833,7.3833,7.3833,7.3833,7.3833,7.3833,7.3833,7.3833,7.3833,7.3833,7.3833,7.3833,7.3833,7.3833,7.3833,7.3833,7.3833,7.3833,7.3833,7.3833,7.3833,7.3833,7.3833,7.3833
7.3765,7.3765,7.3765,7.3765,7.3765,7.3765,7.3765,7.3765,7.3765,7.3765,7.3765,7.3765,7.3765,7.3765,7.3765,7.3765,7.3765,7.3765,7.3765,7.3765,7.3765,7.3765,7.3765,7.3765,7.3765,7.3765,7.3765,7.3765,7.3765,7.3765,7.3765,7.3765,7.3765,7.3765,7.3765,7.3765,7.3765,7.3765,7.3765,7.3765,7.3765,7.3765,7.3765,7.3765,7.3765,7.3765,7.3765,7.3765,7.3765,7.3765,7.3765,7.3765,7.3765,7.3765,7.3765,7.3765,7.3765,7.3765,7.3765,7.3765,7.3765,7.3765,7.3765,7.3765,7.3765,7.3765,7.3765,7.3765,7.3765,7.3765,7.3765,7.3765,7.3765,7.3765,7.3765,7.3765,7.3765,7.3765,7.3765,7.3765,7.3765,7.3765,7.3765,7.3765,7.3765,7.3765,7.3765,7.3765,7.3765,7.3765,7.3765,7.3765,7.3765,7.3765,7.3765,7.3765,7.3765,7.3765,7.3765,7.3765,7.3765,7.3765,7.3765,7.3765,7.3765,7.3765,7.3765,7.3765,7.3765,7.3765,7.3765,7.3765,7.3765,7.3765,7.3765,7.3765,7.3765,7.3765,7.3765,7.3765,7.3765,7.3765,7.3765,7.3765,7.3765,7.3765,7.3765,7.3765,7.3765,7.3765,7.3765,7.3765,7.3765,7.3765,7.3765,7.3765,7.3765,7.3765,7.3765,7.3765,7.3765,7.3765,7.3765,7.3765,7.3765,7.3765,7.3765,7.3765,7.3765,7.3765,7.3765,7.3765,7.3765,7.3765,7.3765,7.3765,7.3765,7.3765,7.3765,7.3765,7.3765,7.3765,7.3765,7.3765,7.3765,7.3765,7.3765,7.3765,7.3765,7.3765,7.3765,7.3765,7.3765,7.3765,7.3765,7.3765,7.3765,7.3765,7.3765,7.3765,7.3765,7.3765,7.3765,7.3765,7.3765,7.3765,7.3765,7.3765,7.3765,7.3765,7.3765,7.3765,7.3765,7.3765,7.3765,7.3765,7.3765,7.3765,7.3765,7.3765,7.3765,7.3765,7.3765,7.3765,7.3765,7.3765,7.3765,7.3765,7.3765,7.3765,7.3765,7.3765,7.3765,7.3765,7.3765,7.3765,7.3765,7.3765,7.3765,7.3765,7.3765,7.3765,7.3765,7.3765,7.3765,7.3765,7.3765,7.3765,7.3765,7.3765,7.3765,7.3765,7.3765,7.3765,7.3765,7.3765,7.3765,7.3765,7.3765,7.3765,7.3765,7.3765,7.3765,7.3765,7.3765,7.3765,7.3765,7.3765,7.3765,7.3765,7.3765,7.3765,7.3765,7.3765,7.3765,7.3765,7.3765,7.3765,7.3765,7.3765,7.3765,7.3765,7.3765,7.3765,7.3765,7.3765,7.3765,7.3765,7.3765,7.3765,7.3765,7.3765,7.3765,7.3765,7.3765,7.3765,7.3765,7.3765,7.3765,7.3765,7.3765,7.3765,7.3765,7.3765,7.3765,7.3765,7.3765,7.3765,7.3765,7.3765,7.3765,7.3765,7.3765,7.3765,7.3765,7.3765,7.3765,7.3765,7.3765,7.3765,7.3765,7.3765,7.3765,7.3765,7.3765,7.3765,7.3765,7.3765,7.3765,7.3765,7.3765,7.3765,7.3765,7.3765,7.3765,7.3765,7.3765,7.3765,7.3765,7.3765,7.3765,7.3765,7.3765,7.3765,7.3765,7.3765,7.3765,7.3765,7.3765,7.3765,7.3765,7.3765,7.3765,7.3765,7.3765,7.3765,7.3765,7.3765,7.3765,7.3765,7.3765,7.3765,7.3765,7.3765,7.3765,7.3765,7.3765,7.3765,7.3765,7.3765,7.3765,7.3765,7.3765,7.3765,7.3765,7.3765,7.3765,7.3765,7.3765,7.3765,7.3765,7.3765,7.3765,7.3765,7.3765,7.3765,7.3765,7.3765,7.3765,7.3765,7.3765,7.3765,7.3765,7.3765,7.3765,7.3765,7.3765,7.3765,7.3765,7.3765,7.3765,7.3765,7.3765,7.3765,7.3765,7.3765,7.3765,7.3765,7.3765,7.3765,7.3765,7.3765,7.3765,7.3765,7.3765,7.3765,7.3765,7.3765,7.3765,7.3765,7.3765,7.3765,7.3765,7.3765,7.3765,6.1370,6.1118,6.0901,6.0771,6.0641,6.0510,6.0382,6.0254,6.0129,5.9994,5.9857,5.9721,5.9585,5.9450,5.9364,5.9297,5.9246,5.9198,5.9148,5.9101,5.9053,5.9003,5.8955,5.8906,5.8858,5.8811,5.8761,5.8714,5.8667,5.8618,5.8571,5.8524,5.8475,5.8428,5.8383,5.8341,5.8296,5.8252,5.8209,5.8165,5.8121,5.8079,5.8048,5.8020,5.8006,5.7994,5.7982,5.7970,5.7958,5.7946,5.7934,5.7922,5.7910,5.7898,5.7886,5.7874,5.7862,5.7851,5.7839,5.7827,5.7815,5.7801,5.7789,5.7775,5.7761,5.7749,5.7735,5.7721,5.7709,5.7695,5.7682,5.7670,5.7656,5.7642,5.7638,5.7638,5.7636,5.7636,5.7632,5.7630,5.7626,5.7622,5.7622,5.7630,5.7636,5.7644,5.7652,5.7660,5.7668,5.7676,5.7682,5.7690,5.7697,5.7705,5.7713,5.7719,5.7727,5.7735,5.7743,5.7751,5.7759,5.7765,5.7773,5.7781,5.7789,5.7797,5.7805,5.7813,5.7821,5.7829,5.7845,5.7864,5.7884,5.7902,5.7922,5.7942,5.7962,5.7982,5.8004,5.8036,5.8071,5.8105,5.8139,5.8173,5.8205,5.8240,5.8274,5.8306,5.8341,5.8373,5.8406,5.8438,5.8473,5.8506,5.8538,5.8573,5.8608,5.8642,5.8677,5.8712,5.8747,5.8800,5.8856,5.8910,5.8966,5.9022,5.9078,5.9134,5.9192,5.9249,5.9305,5.9378,5.9475,5.9574,5.9674,5.9774,5.9874,5.9974,6.0075,6.0217,6.0408,6.0619,6.0832,6.1045,6.1245,6.1510,7.3765,7.3765,7.3765,7.3765,7.3765,7.3765,7.3765,7.3765,7.3765,7.3765,7.3765,7.3765,7.3765,7.3765,7.3765,7.3765,7.3765,7.3765,7.3765,7.3765,7.3765,7.3765,7.3765,7.3765,7.3765,7.3765,7.3765,7.3765,7.3765,7.3765,7.3765,7.3765,7.3765,7.3765,7.3765,7.3765,7.3765,7.3765,7.3765,7.3765,7.3765,7.3765,7.3765,7.3765,7.3765,7.3765,7.3765,7.3765,7.3765,7.3765,7.3765,7.3765,7.3765,7.3765,7.3765,7.3765,7.3765,7.3765,7.3765,7.3765,7.3765,7.3765,7.3765,7.3765,7.3765,7.3765,7.3765,7.3765,7.3765,7.3765,7.3765,7.3765,7.3765,7.3765,7.3765,7.3765,7.3765,7.3765,7.3765,7.3765,7.3765,7.3765,7.3765,7.3765,7.3765,7.3765,7.3765,7.3765,7.3765,7.3765,7.3765,7.3765,7.3765,7.3765,7.3765,7.3765,7.3765,7.3765,7.3765,7.3765,7.3765,7.3765,7.3765,7.3765,7.3765,7.3765,7.3765,7.3765,7.3765,7.3765,7.3765,7.3765,7.3765,7.3765,7.3765,7.3765,7.3765,7.3765,7.3765,7.3765,7.3765,7.3765,7.3765,7.3765,7.3765,7.3765,7.3765,7.3765,7.3765,7.3765,7.3765,7.3765,7.3765,7.3765,7.3765,7.3765,7.3765,7.3765,7.3765,7.3765,7.3765,7.3765,7.3765,7.3765,7.3765,7.3765,7.3765,7.3765,7.3765,7.3765,7.3765,7.3765,7.3765,7.3765,7.3765,7.3765,7.3765,7.3765,7.3765,7.3765,7.3765,7.3765,7.3765,7.3765,7.3765,7.3765,7.3765,7.3765,7.3765,7.3765,7.3765,7.3765,7.3765,7.3765,7.3765,7.3765,7.3765,7.3765,7.3765,7.3765,7.3765,7.3765,7.3765,7.3765,7.3765,7.3765,7.3765,7.3765,7.3765,7.3765,7.3765,7.3765,7.3765,7.3765,7.3765,7.3765,7.3765,7.3765,7.3765,7.3765,7.3765,7.3765,7.3765,7.3765,7.3765,7.3765,7.3765,7.3765,7.3765,7.3765,7.3765,7.3765,7.3765,7.3765,7.3765,7.3765,7.3765,7.3765,7.3765,7.3765,7.3765,7.3765,7.3765,7.3765,7.3765,7.3765,7.3765,7.3765,7.3765,7.3765,7.3765,7.3765,7.3765,7.3765,7.3765,7.3765,7.3765,7.3765,7.3765,7.3765,7.3765,7.3765,7.3765,7.3765,7.3765,7.3765,7.3765,7.3765,7.3765,7.3765,7.3765,7.3765,7.3765,7.3765,7.3765,7.3765,7.3765,7.3765,7.3765,7.3765,7.3765,7.3765,7.3765,7.3765,7.3765,7.3765,7.3765,7.3765,7.3765,7.3765,7.3765,7.3765,7.3765,7.3765,7.3765,7.3765,7.3765,7.3765,7.3765,7.3765,7.3765,7.3765,7.3765,7.3765,7.3765,7.3765,7.3765,7.3765,7.3765,7.3765,7.3765,7.3765,7.3765,7.3765,7.3765,7.3765,7.3765,7.3765,7.3765,7.3765,7.3765,7.3765,7.3765,7.3765,7.3765,7.3765,7.3765,7.3765,7.3765,7.3765,7.3765,7.3765,7.3765,7.3765,7.3765,7.3765,7.3765,7.3765,7.3765,7.3765,7.3765,7.3765,7.3765,7.3765,7.3765,7.3765,7.3765,7.3765,7.3765,7.3765,7.3765,7.3765,7.3765,7.3765,7.3765,7.3765,7.3765,7.3765,7.3765,7.3765,7.3765,7.3765,7.3765,7.3765,7.3765,7.3765,7.3765,7.3765,7.3765,7.3765,7.3765,7.3765,7.3765,7.3765,7.3765,7.3765,7.3765,7.3765,7.3765,7.3765,7.3765,7.3765,7.3765,7.3765,7.3765,7.3765,7.3765,7.3765,7.3765,7.3765,7.3765,7.3765,7.3765,7.3765,7.3765,7.3765,7.3765,7.3765,7.3765,7.3765,7.3765,7.3765,7.3765,7.3765,7.3765,7.3765,7.3765,7.3765,7.3765
7.3710,7.3710,7.3710,7.3710,7.3710,7.3710,7.3710,7.3710,7.3710,7.3710,7.3710,7.3710,7.3710,7.3710,7.3710,7.3710,7.3710,7.3710,7.3710,7.3710,7.3710,7.3710,7.3710,7.3710,7.3710,7.3710,7.3710,7.3710,7.3710,7.3710,7.3710,7.3710,7.3710,7.3710,7.3710,7.3710,7.3710,7.3710,7.3710,7.3710,7.3710,7.3710,7.3710,7.3710,7.3710,7.3710,7.3710,7.3710,7.3710,7.3710,7.3710,7.3710,7.3710,7.3710,7.3710,7.3710,7.3710,7.3710,7.3710,7.3710,7.3710,7.3710,7.3710,7.3710,7.3710,7.3710,7.3710,7.3710,7.3710,7.3710,7.3710,7.3710,7.3710,7.3710,7.3710,7.3710,7.3710,7.3710,7.3710,7.3710,7.3710,7.3710,7.3710,7.3710,7.3710,7.3710,7.3710,7.3710,7.3710,7.3710,7.3710,7.3710,7.3710,7.3710,7.3710,7.3710,7.3710,7.3710,7.3710,7.3710,7.3710,7.3710,7.3710,7.3710,7.3710,7.3710,7.3710,7.3710,7.3710,7.3710,7.3710,7.3710,7.3710,7.3710,7.3710,7.3710,7.3710,7.3710,7.3710,7.3710,7.3710,7.3710,7.3710,7.3710,7.3710,7.3710,7.3710,7.3710,7.3710,7.3710,7.3710,7.3710,7.3710,7.3710,7.3710,7.3710,7.3710,7.3710,7.3710,7.3710,7.3710,7.3710,7.3710,7.3710,7.3710,7.3710,7.3710,7.3710,7.3710,7.3710,7.3710,7.3710,7.3710,7.3710,7.3710,7.3710,7.3710,7.3710,7.3710,7.3710,7.3710,7.3710,7.3710,7.3710,7.3710,7.3710,7.3710,7.3710,7.3710,7.3710,7.3710,7.3710,7.3710,7.3710,7.3710,7.3710,7.3710,7.3710,7.3710,7.3710,7.3710,7.3710,7.3710,7.3710,7.3710,7.3710,7.3710,7.3710,7.3710,7.3710,7.3710,7.3710,7.3710,7.3710,7.3710,7.3710,7.3710,7.3710,7.3710,7.3710,7.3710,7.3710,7.3710,7.3710,7.3710,7.3710,7.3710,7.3710,7.3710,7.3710,7.3710,7.3710,7.3710,7.3710,7.3710,7.3710,7.3710,7.3710,7.3710,7.3710,7.3710,7.3710,7.3710,7.3710,7.3710,7.3706,7.3706,7.3706,7.3706,7.3706,7.3706,7.3706,7.3706,7.3706,7.3706,7.3706,7.3706,7.3706,7.3706,7.3706,7.3706,7.3706,7.3706,7.3706,7.3706,7.3706,7.3706,7.3706,7.3706,7.3706,7.3706,7.3706,7.3706,7.3706,7.3706,7.3706,7.3706,7.3706,7.3706,7.3706,7.3706,7.3706,7.3706,7.3706,7.3706,7.3706,7.3706,7.3706,7.3706,7.3706,7.3706,7.3706,7.3706,7.3706,7.3706,7.3706,7.3706,7.3706,7.3706,7.3706,7.3706,7.3706,7.3706,7.3706,7.3706,7.3706,7.3706,7.3706,7.3706,7.3706,7.3706,7.3706,7.3706,7.3706,7.3706,7.3706,7.3706,7.3706,7.3706,7.3706,7.3706,7.3706,7.3706,7.3706,7.3706,7.3706,7.3706,7.3706,7.3706,7.3706,7.3706,7.3706,7.3706,7.3706,7.3706,7.3706,7.3706,7.3706,7.3706,7.3706,7.3706,7.3706,7.3706,7.3706,7.3706,7.3706,7.3706,7.3706,7.3706,7.3706,7.3706,7.3706,7.3706,7.3706,7.3706,7.3706,7.3706,7.3706,7.3706,7.3706,7.3706,7.3706,7.3706,7.3706,7.3706,7.3706,7.3706,7.3706,7.3706,7.3706,7.3706,7.3706,7.3706,7.3706,7.3706,7.3706,7.3706,7.3706,7.3706,7.3706,7.3706,7.3706,7.3706,7.3706,7.3706,7.3706,7.3706,7.3706,7.3706,7.3706,7.3706,7.3706,7.3706,7.3706,7.3706,7.3706,7.3706,7.3706,7.3706,7.3706,7.3706,7.3706,7.3706,7.3706,7.3706,7.3706,7.3706,7.3706,7.3706,7.3706,7.3706,7.3706,7.3706,7.3706,7.3706,7.3706,7.3706,7.3706,7.3706,7.3706,7.3706,7.3706,7.3706,7.3706,7.3706,6.1395,6.1140,6.0901,6.0771,6.0639,6.0510,6.0382,6.0254,6.0127,5.9996,5.9859,5.9723,5.9587,5.9456,5.9381,5.9305,5.9251,5.9203,5.9155,5.9105,5.9057,5.9007,5.8959,5.8912,5.8862,5.8815,5.8768,5.8718,5.8671,5.8622,5.8575,5.8528,5.8479,5.8434,5.8390,5.8347,5.8302,5.8258,5.8215,5.8171,5.8127,5.8089,5.8061,5.8034,5.8008,5.7996,5.7984,5.7972,5.7960,5.7948,5.7936,5.7924,5.7912,5.7900,5.7888,5.7876,5.7864,5.7854,5.7843,5.7831,5.7817,5.7805,5.7791,5.7777,5.7765,5.7751,5.7737,5.7725,5.7711,5.7697,5.7686,5.7672,5.7658,5.7648,5.7648,5.7646,5.7646,5.7644,5.7642,5.7638,5.7636,5.7632,5.7628,5.7630,5.7638,5.7646,5.7654,5.7662,5.7668,5.7676,5.7684,5.7692,5.7699,5.7707,5.7713,5.7721,5.7729,5.7737,5.7745,5.7751,5.7759,5.7767,5.7775,5.7783,5.7791,5.7799,5.7807,5.7815,5.7823,5.7833,5.7853,5.7872,5.7892,5.7912,5.7932,5.7950,5.7970,5.7990,5.8010,5.8036,5.8071,5.8105,5.8137,5.8171,5.8205,5.8240,5.8272,5.8304,5.8339,5.8371,5.8404,5.8438,5.8471,5.8503,5.8538,5.8571,5.8606,5.8640,5.8675,5.8710,5.8751,5.8807,5.8862,5.8916,5.8972,5.9028,5.9084,5.9140,5.9198,5.9255,5.9311,5.9368,5.9463,5.9562,5.9661,5.9761,5.9859,5.9959,6.0060,6.0213,6.0397,6.0608,6.0821,6.1031,6.1232,6.1433,6.2000,7.3706,7.3706,7.3706,7.3706,7.3706,7.3706,7.3706,7.3706,7.3706,7.3706,7.3706,7.3706,7.3706,7.3706,7.3706,7.3706,7.3706,7.3706,7.3706,7.3706,7.3706,7.3706,7.3706,7.3706,7.3706,7.3706,7.3706,7.3706,7.3706,7.3706,7.3706,7.3706,7.3706,7.3706,7.3706,7.3706,7.3706,7.3706,7.3706,7.3706,7.3706,7.3706,7.3706,7.3706,7.3706,7.3706,7.3706,7.3706,7.3706,7.3706,7.3706,7.3706,7.3706,7.3706,7.3706,7.3706,7.3706,7.3706,7.3706,7.3706,7.3706,7.3706,7.3706,7.3706,7.3706,7.3706,7.3706,7.3706,7.3706,7.3706,7.3706,7.3706,7.3706,7.3706,7.3706,7.3706,7.3706,7.3706,7.3706,7.3706,7.3706,7.3706,7.3706,7.3706,7.3706,7.3706,7.3706,7.3706,7.3706,7.3706,7.3706,7.3706,7.3706,7.3706,7.3706,7.3706,7.3706,7.3706,7.3706,7.3706,7.3706,7.3706,7.3706,7.3706,7.3706,7.3706,7.3706,7.3706,7.3706,7.3706,7.3706,7.3706,7.3706,7.3706,7.3706,7.3706,7.3706,7.3706,7.3706,7.3706,7.3706,7.3706,7.3706,7.3706,7.3706,7.3706,7.3706,7.3706,7.3706,7.3706,7.3706,7.3706,7.3706,7.3706,7.3706,7.3706,7.3706,7.3706,7.3706,7.3706,7.3706,7.3706,7.3706,7.3706,7.3706,7.3706,7.3706,7.3706,7.3706,7.3706,7.3706,7.3706,7.3706,7.3706,7.3706,7.3706,7.3706,7.3706,7.3706,7.3706,7.3706,7.3706,7.3706,7.3706,7.3706,7.3706,7.3706,7.3706,7.3706,7.3706,7.3706,7.3706,7.3706,7.3706,7.3706,7.3706,7.3706,7.3706,7.3706,7.3706,7.3706,7.3706,7.3706,7.3706,7.3706,7.3706,7.3706,7.3706,7.3706,7.3706,7.3706,7.3706,7.3706,7.3706,7.3706,7.3706,7.3706,7.3706,7.3706,7.3706,7.3706,7.3706,7.3706,7.3706,7.3706,7.3706,7.3706,7.3706,7.3706,7.3706,7.3706,7.3706,7.3706,7.3706,7.3706,7.3706,7.3706,7.3706,7.3706,7.3706,7.3706,7.3706,7.3706,7.3706,7.3706,7.3706,7.3706,7.3706,7.3706,7.3706,7.3706,7.3706,7.3706,7.3706,7.3706,7.3706,7.3706,7.3706,7.3706,7.3706,7.3706,7.3706,7.3706,7.3706,7.3706,7.3706,7.3706,7.3706,7.3706,7.3706,7.3706,7.3706,7.3706,7.3706,7.3706,7.3706,7.3706,7.3706,7.3706,7.3706,7.3706,7.3706,7.3706,7.3706,7.3706,7.3706,7.3706,7.3706,7.3706,7.3706,7.3706,7.3706,7.3706,7.3706,7.3706,7.3706,7.3706,7.3706,7.3706,7.3706,7.3706,7.3706,7.3706,7.3706,7.3706,7.3706,7.3706,7.3706,7.3706,7.3706,7.3706,7.3706,7.3706,7.3706,7.3706,7.3706,7.3706,7.3706,7.3706,7.3706,7.3706,7.3706,7.3706,7.3706,7.3706,7.3706,7.3706,7.3706,7.3706,7.3706,7.3706,7.3706,7.3706,7.3706,7.3706,7.3706,7.3706,7.3706,7.3706,7.3706,7.3706,7.3706,7.3706,7.3706,7.3706,7.3706,7.3706,7.3706,7.3706,7.3706,7.3706,7.3706,7.3706,7.3706,7.3706,7.3706,7.3706,7.3706,7.3706,7.3706,7.3706,7.3706,7.3706,7.3706,7.3706,7.3706,7.3706,7.3706,7.3706,7.3706,7.3706,7.3706,7.3706,7.3706,7.3706,7.3706,7.3706,7.3706,7.3706,7.3706,7.3706,7.3706,7.3706,7.3706,7.3706,7.3706,7.3706,7.3706,7.3706,7.3706,7.3706,7.3706,7.3706,7.3706,7.3706,7.3706,7.3706,7.3706,7.3706,7.3706,7.3706,7.3706,7.3706,7.3706,7.3706,7.3706,7.3706,7.3706
7.3651,7.3651,7.3651,7.3651,7.3651,7.3651,7.3651,7.3651,7.3651,7.3651,7.3651,7.3651,7.3651,7.3651,7.3651,7.3651,7.3651,7.3651,7.3651,7.3651,7.3651,7.3651,7.3651,7.3651,7.3651,7.3651,7.3651,7.3651,7.3651,7.3651,7.3651,7.3651,7.3651,7.3651,7.3651,7.3651,7.3651,7.3651,7.3651,7.3651,7.3651,7.3651,7.3651,7.3651,7.3651,7.3651,7.3651,7.3651,7.3651,7.3651,7.3651,7.3651,7.3651,7.3651,7.3651,7.3651,7.3651,7.3651,7.3651,7.3651,7.3651,7.3651,7.3651,7.3651,7.3651,7.3651,7.3651,7.3651,7.3651,7.3651,7.3651,7.3651,7.3651,7.3651,7.3651,7.3651,7.3651,7.3651,7.3651,7.3651,7.3651,7.3651,7.3651,7.3651,7.3651,7.3651,7.3651,7.3651,7.3651,7.3651,7.3651,7.3651,7.3651,7.3651,7.3651,7.3651,7.3651,7.3651,7.3651,7.3651,7.3651,7.3651,7.3651,7.3651,7.3651,7.3651,7.3651,7.3651,7.3651,7.3651,7.3651,7.3651,7.3651,7.3651,7.3651,7.3651,7.3651,7.3651,7.3651,7.3651,7.3651,7.3651,7.3651,7.3651,7.3651,7.3651,7.3651,7.3651,7.3651,7.3651,7.3651,7.3651,7.3651,7.3651,7.3651,7.3651,7.3651,7.3651,7.3651,7.3651,7.3651,7.3651,7.3651,7.3651,7.3651,7.3651,7.3651,7.3651,7.3651,7.3651,7.3651,7.3651,7.3651,7.3651,7.3651,7.3651,7.3651,7.3651,7.3651,7.3651,7.3651,7.3651,7.3651,7.3651,7.3651,7.3651,7.3651,7.3651,7.3651,7.3651,7.3651,7.3651,7.3651,7.3651,7.3651,7.3651,7.3651,7.3651,7.3651,7.3651,7.3651,7.3651,7.3651,7.3651,7.3651,7.3651,7.3651,7.3651,7.3651,7.3651,7.3651,7.3651,7.3651,7.3651,7.3651,7.3651,7.3651,7.3651,7.3651,7.3651,7.3651,7.3651,7.3651,7.3651,7.3651,7.3651,7.3651,7.3651,7.3651,7.3651,7.3651,7.3651,7.3651,7.3651,7.3651,7.3651,7.3651,7.3651,7.3651,7.3651,7.3651,7.3651,7.3651,7.3651,7.3651,7.3651,7.3651,7.3651,7.3651,7.3651,7.3651,7.3651,7.3651,7.3651,7.3651,7.3645,7.3645,7.3645,7.3645,7.3645,7.3645,7.3645,7.3645,7.3645,7.3645,7.3645,7.3645,7.3645,7.3645,7.3645,7.3645,7.3645,7.3645,7.3645,7.3645,7.3645,7.3645,7.3645,7.3645,7.3645,7.3645,7.3645,7.3645,7.3645,7.3645,7.3645,7.3645,7.3645,7.3645,7.3645,7.3645,7.3645,7.3645,7.3645,7.3645,7.3645,7.3645,7.3645,7.3645,7.3645,7.3645,7.3645,7.3645,7.3645,7.3645,7.3645,7.3645,7.3645,7.3645,7.3645,7.3645,7.3645,7.3645,7.3645,7.3645,7.3645,7.3645,7.3645,7.3645,7.3645,7.3645,7.3645,7.3645,7.3645,7.3645,7.3645,7.3645,7.3645,7.3645,7.3645,7.3645,7.3645,7.3645,7.3645,7.3645,7.3645,7.3645,7.3645,7.3645,7.3645,7.3645,7.3645,7.3645,7.3645,7.3645,7.3645,7.3645,7.3645,7.3645,7.3645,7.3645,7.3645,7.3645,7.3645,7.3645,7.3645,7.3645,7.3645,7.3645,7.3645,7.3645,7.3645,7.3645,7.3645,7.3645,7.3645,7.3645,7.3645,7.3645,7.3645,7.3645,7.3645,7.3645,7.3645,7.3645,7.3645,7.3645,7.3645,7.3645,7.3645,7.3645,7.3645,7.3645,7.3645,7.3645,7.3645,7.3645,7.3645,7.3645,7.3645,7.3645,7.3645,7.3645,7.3645,7.3645,7.3645,7.3645,7.3645,7.3645,7.3645,7.3645,7.3645,7.3645,7.3645,7.3645,7.3645,7.3645,7.3645,7.3645,7.3645,7.3645,7.3645,7.3645,7.3645,7.3645,7.3645,7.3645,7.3645,7.3645,7.3645,7.3645,7.3645,7.3645,7.3645,7.3645,6.1420,6.1165,6.0914,6.0769,6.0639,6.0510,6.0382,6.0254,6.0127,5.9998,5.9861,5.9725,5.9589,5.9473,5.9397,5.9322,5.9257,5.9207,5.9159,5.9109,5.9061,5.9013,5.8964,5.8916,5.8866,5.8819,5.8772,5.8722,5.8675,5.8628,5.8579,5.8532,5.8485,5.8440,5.8396,5.8353,5.8308,5.8264,5.8222,5.8177,5.8133,5.8101,5.8075,5.8046,5.8020,5.7998,5.7986,5.7974,5.7962,5.7952,5.7940,5.7928,5.7916,5.7904,5.7892,5.7880,5.7868,5.7856,5.7845,5.7833,5.7821,5.7807,5.7795,5.7781,5.7767,5.7755,5.7741,5.7727,5.7715,5.7701,5.7688,5.7676,5.7662,5.7658,5.7656,5.7656,5.7654,5.7654,5.7650,5.7648,5.7644,5.7642,5.7638,5.7634,5.7640,5.7648,5.7656,5.7662,5.7670,5.7678,5.7686,5.7694,5.7701,5.7707,5.7715,5.7723,5.7731,5.7739,5.7745,5.7753,5.7761,5.7769,5.7777,5.7785,5.7793,5.7801,5.7809,5.7817,5.7825,5.7841,5.7860,5.7880,5.7900,5.7920,5.7940,5.7960,5.7980,5.7998,5.8018,5.8038,5.8069,5.8103,5.8137,5.8171,5.8203,5.8238,5.8270,5.8304,5.8337,5.8369,5.8404,5.8436,5.8469,5.8503,5.8536,5.8571,5.8603,5.8638,5.8673,5.8708,5.8757,5.8813,5.8868,5.8922,5.8978,5.9034,5.9090,5.9146,5.9205,5.9261,5.9318,5.9374,5.9448,5.9547,5.9646,5.9746,5.9846,5.9946,6.0047,6.0209,6.0388,6.0598,6.0810,6.1020,6.1218,6.1420,6.1875,7.3645,7.3645,7.3645,7.3645,7.3645,7.3645,7.3645,7.3645,7.3645,7.3645,7.3645,7.3645,7.3645,7.3645,7.3645,7.3645,7.3645,7.3645,7.3645,7.3645,7.3645,7.3645,7.3645,7.3645,7.3645,7.3645,7.3645,7.3645,7.3645,7.3645,7.3645,7.3645,7.3645,7.3645,7.3645,7.3645,7.3645,7.3645,7.3645,7.3645,7.3645,7.3645,7.3645,7.3645,7.3645,7.3645,7.3645,7.3645,7.3645,7.3645,7.3645,7.3645,7.3645,7.3645,7.3645,7.3645,7.3645,7.3645,7.3645,7.3645,7.3645,7.3645,7.3645,7.3645,7.3645,7.3645,7.3645,7.3645,7.3645,7.3645,7.3645,7.3645,7.3645,7.3645,7.3645,7.3645,7.3645,7.3645,7.3645,7.3645,7.3645,7.3645,7.3645,7.3645,7.3645,7.3645,7.3645,7.3645,7.3645,7.3645,7.3645,7.3645,7.3645,7.3645,7.3645,7.3645,7.3645,7.3645,7.3645,7.3645,7.3645,7.3645,7.3645,7.3645,7.3645,7.3645,7.3645,7.3645,7.3645,7.3645,7.3645,7.3645,7.3645,7.3645,7.3645,7.3645,7.3645,7.3645,7.3645,7.3645,7.3645,7.3645,7.3645,7.3645,7.3645,7.3645,7.3645,7.3645,7.3645,7.3645,7.3645,7.3645,7.3645,7.3645,7.3645,7.3645,7.3645,7.3645,7.3645,7.3645,7.3645,7.3645,7.3645,7.3645,7.3645,7.3645,7.3645,7.3645,7.3645,7.3645,7.3645,7.3645,7.3645,7.3645,7.3645,7.3645,7.3645,7.3645,7.3645,7.3645,7.3645,7.3645,7.3645,7.3645,7.3645,7.3645,7.3645,7.3645,7.3645,7.3645,7.3645,7.3645,7.3645,7.3645,7.3645,7.3645,7.3645,7.3645,7.3645,7.3645,7.3645,7.3645,7.3645,7.3645,7.3645,7.3645,7.3645,7.3645,7.3645,7.3645,7.3645,7.3645,7.3645,7.3645,7.3645,7.3645,7.3645,7.3645,7.3645,7.3645,7.3645,7.3645,7.3645,7.3645,7.3645,7.3645,7.3645,7.3645,7.3645,7.3645,7.3645,7.3645,7.3645,7.3645,7.3645,7.3645,7.3645,7.3645,7.3645,7.3645,7.3645,7.3645,7.3645,7.3645,7.3645,7.3645,7.3645,7.3645,7.3645,7.3645,7.3645,7.3645,7.3645,7.3645,7.3645,7.3645,7.3645,7.3645,7.3645,7.3645,7.3645,7.3645,7.3645,7.3645,7.3645,7.3645,7.3645,7.3645,7.3645,7.3645,7.3645,7.3645,7.3645,7.3645,7.3645,7.3645,7.3645,7.3645,7.3645,7.3645,7.3645,7.3645,7.3645,7.3645,7.3645,7.3645,7.3645,7.3645,7.3645,7.3645,7.3645,7.3645,7.3645,7.3645,7.3645,7.3645,7.3645,7.3645,7.3645,7.3645,7.3645,7.3645,7.3645,7.3645,7.3645,7.3645,7.3645,7.3645,7.3645,7.3645,7.3645,7.3645,7.3645,7.3645,7.3645,7.3645,7.3645,7.3645,7.3645,7.3645,7.3645,7.3645,7.3645,7.3645,7.3645,7.3645,7.3645,7.3645,7.3645,7.3645,7.3645,7.3645,7.3645,7.3645,7.3645,7.3645,7.3645,7.3645,7.3645,7.3645,7.3645,7.3645,7.3645,7.3645,7.3645,7.3645,7.3645,7.3645,7.3645,7.3645,7.3645,7.3645,7.3645,7.3645,7.3645,7.3645,7.3645,7.3645,7.3645,7.3645,7.3645,7.3645,7.3645,7.3645,7.3645,7.3645,7.3645,7.3645,7.3645,7.3645,7.3645,7.3645,7.3645,7.3645,7.3645,7.3645,7.3645,7.3645,7.3645,7.3645,7.3645,7.3645,7.3645,7.3645,7.3645,7.3645,7.3645,7.3645,7.3645,7.3645,7.3645,7.3645,7.3645,7.3645,7.3645,7.3645,7.3645,7.3645,7.3645,7.3645,7.3645,7.3645,7.3645,7.3645,7.3645,7.3645,7.3645,7.3645
7.3584,7.3584,7.3584,7.3584,7.3584,7.3584,7.3584,7.3584,7.3584,7.3584,7.3584,7.3584,7.3584,7.3584,7.3584,7.3584,7.3584,7.3584,7.3584,7.3584,7.3584,7.3584,7.3584,7.3584,7.3584,7.3584,7.3584,7.3584,7.3584,7.3584,7.3584,7.3584,7.3584,7.3584,7.3584,7.3584,7.3584,7.3584,7.3584,7.3584,7.3584,7.3584,7.3584,7.3584,7.3584,7.3584,7.3584,7.3584,7.3584,7.3584,7.3584,7.3584,7.3584,7.3584,7.3584,7.3584,7.3584,7.3584,7.3584,7.3584,7.3584,7.3584,7.3584,7.3584,7.3584,7.3584,7.3584,7.3584,7.3584,7.3584,7.3584,7.3584,7.3584,7.3584,7.3584,7.3584,7.3584,7.3584,7.3584,7.3584,7.3584,7.3584,7.3584,7.3584,7.3584,7.3584,7.3584,7.3584,7.3584,7.3584,7.3584,7.3584,7.3584,7.3584,7.3584,7.3584,7.3584,7.3584,7.3584,7.3584,7.3584,7.3584,7.3584,7.3584,7.3584,7.3584,7.3584,7.3584,7.3584,7.3584,7.3584,7.3584,7.3584,7.3584,7.3584,7.3584,7.3584,7.3584,7.3584,7.3584,7.3584,7.3584,7.3584,7.3584,7.3584,7.3584,7.3584,7.3584,7.3584,7.3584,7.3584,7.3584,7.3584,7.3584,7.3584,7.3584,7.3584,7.3584,7.3584,7.3584,7.3584,7.3584,7.3584,7.3584,7.3584,7.3584,7.3584,7.3584,7.3584,7.3584,7.3584,7.3584,7.3584,7.3584,7.3584,7.3584,7.3584,7.3584,7.3584,7.3584,7.3584,7.3584,7.3584,7.3584,7.3584,7.3584,7.3584,7.3584,7.3584,7.3584,7.3584,7.3584,7.3584,7.3584,7.3584,7.3584,7.3584,7.3584,7.3584,7.3584,7.3584,7.3584,7.3584,7.3584,7.3584,7.3584,7.3584,7.3584,7.3584,7.3584,7.3584,7.3584,7.3584,7.3584,7.3584,7.3584,7.3584,7.3584,7.3584,7.3584,7.3584,7.3584,7.3584,7.3584,7.3584,7.3584,7.3584,7.3584,7.3584,7.3584,7.3584,7.3584,7.3584,7.3584,7.3584,7.3584,7.3584,7.3584,7.3584,7.3584,7.3584,7.3584,7.3584,7.3584,7.3584,7.3584,7.3584,7.3584,7.3584,7.3584,7.3584,7.3584,7.3584,7.3584,7.3584,7.3584,7.3584,7.3584,7.3584,7.3584,7.3584,7.3584,7.3584,7.3584,7.3584,7.3584,7.3584,7.3584,7.3584,7.3584,7.3584,7.3584,7.3584,7.3584,7.3584,7.3584,7.3584,7.3584,7.3584,7.3584,7.3584,7.3584,7.3584,7.3584,7.3584,7.3584,7.3584,7.3584,7.3584,7.3584,7.3584,7.3584,7.3584,7.3584,7.3584,7.3584,7.3584,7.3584,7.3584,7.3584,7.3584,7.3584,7.3584,7.3584,7.3584,7.3584,7.3584,7.3584,7.3584,7.3584,7.3584,7.3584,7.3584,7.3584,7.3584,7.3584,7.3584,7.3584,7.3584,7.3584,7.3584,7.3584,7.3584,7.3584,7.3584,7.3584,7.3584,7.3584,7.3584,7.3584,7.3584,7.3584,7.3584,7.3584,7.3584,7.3584,7.3584,7.3584,7.3584,7.3584,7.3584,7.3584,7.3584,7.3584,7.3584,7.3584,7.3584,7.3584,7.3584,7.3584,7.3584,7.3584,7.3584,7.3584,7.3584,7.3584,7.3584,7.3584,7.3584,7.3584,7.3584,7.3584,7.3584,7.3584,7.3584,7.3584,7.3584,7.3584,7.3584,7.3584,7.3584,7.3584,7.3584,7.3584,7.3584,7.3584,7.3584,7.3584,7.3584,7.3584,7.3584,7.3584,7.3584,7.3584,7.3584,7.3584,7.3584,7.3584,7.3584,7.3584,7.3584,7.3584,7.3584,7.3584,7.3584,7.3584,7.3584,7.3584,7.3584,7.3584,7.3584,7.3584,7.3584,7.3584,7.3584,7.3584,7.3584,7.3584,7.3584,7.3584,7.3584,7.3584,7.3584,7.3584,7.3584,7.3584,7.3584,7.3584,7.3584,7.3584,7.3584,7.3584,7.3584,7.3584,7.3584,6.1444,6.1189,6.0938,6.0769,6.0637,6.0508,6.0380,6.0254,6.0127,6.0000,5.9863,5.9727,5.9591,5.9490,5.9414,5.9339,5.9265,5.9211,5.9163,5.9115,5.9065,5.9017,5.8968,5.8920,5.8873,5.8823,5.8776,5.8729,5.8679,5.8632,5.8585,5.8538,5.8493,5.8446,5.8402,5.8359,5.8315,5.8270,5.8228,5.8183,5.8141,5.8113,5.8087,5.8059,5.8032,5.8004,5.7990,5.7978,5.7966,5.7954,5.7942,5.7930,5.7918,5.7906,5.7894,5.7882,5.7870,5.7858,5.7847,5.7835,5.7823,5.7811,5.7797,5.7783,5.7771,5.7757,5.7743,5.7731,5.7717,5.7703,5.7692,5.7678,5.7668,5.7666,5.7666,5.7664,5.7664,5.7662,5.7660,5.7656,5.7654,5.7650,5.7648,5.7644,5.7642,5.7650,5.7656,5.7664,5.7672,5.7680,5.7688,5.7694,5.7701,5.7709,5.7717,5.7725,5.7733,5.7739,5.7747,5.7755,5.7763,5.7771,5.7779,5.7787,5.7795,5.7803,5.7811,5.7819,5.7829,5.7849,5.7868,5.7888,5.7908,5.7928,5.7948,5.7968,5.7988,5.8008,5.8028,5.8048,5.8069,5.8103,5.8137,5.8169,5.8203,5.8236,5.8270,5.8302,5.8335,5.8369,5.8402,5.8436,5.8469,5.8501,5.8536,5.8569,5.8601,5.8636,5.8671,5.8708,5.8763,5.8819,5.8873,5.8928,5.8984,5.9040,5.9096,5.9153,5.9209,5.9267,5.9324,5.9381,5.9437,5.9534,5.9634,5.9733,5.9831,5.9931,6.0032,6.0204,6.0384,6.0587,6.0799,6.1007,6.1205,6.1406,6.1749,7.3584,7.3584,7.3584,7.3584,7.3584,7.3584,7.3584,7.3584,7.3584,7.3584,7.3584,7.3584,7.3584,7.3584,7.3584,7.3584,7.3584,7.3584,7.3584,7.3584,7.3584,7.3584,7.3584,7.3584,7.3584,7.3584,7.3584,7.3584,7.3584,7.3584,7.3584,7.3584,7.3584,7.3584,7.3584,7.3584,7.3584,7.3584,7.3584,7.3584,7.3584,7.3584,7.3584,7.3584,7.3584,7.3584,7.3584,7.3584,7.3584,7.3584,7.3584,7.3584,7.3584,7.3584,7.3584,7.3584,7.3584,7.3584,7.3584,7.3584,7.3584,7.3584,7.3584,7.3584,7.3584,7.3584,7.3584,7.3584,7.3584,7.3584,7.3584,7.3584,7.3584,7.3584,7.3584,7.3584,7.3584,7.3584,7.3584,7.3584,7.3584,7.3584,7.3584,7.3584,7.3584,7.3584,7.3584,7.3584,7.3584,7.3584,7.3584,7.3584,7.3584,7.3584,7.3584,7.3584,7.3584,7.3584,7.3584,7.3584,7.3584,7.3584,7.3584,7.3584,7.3584,7.3584,7.3584,7.3584,7.3584,7.3584,7.3584,7.3584,7.3584,7.3584,7.3584,7.3584,7.3584,7.3584,7.3584,7.3584,7.3584,7.3584,7.3584,7.3584,7.3584,7.3584,7.3584,7.3584,7.3584,7.3584,7.3584,7.3584,7.3584,7.3584,7.3584,7.3584,7.3584,7.3584,7.3584,7.3584,7.3584,7.3584,7.3584,7.3584,7.3584,7.3584,7.3584,7.3584,7.3584,7.3584,7.3584,7.3584,7.3584,7.3584,7.3584,7.3584,7.3584,7.3584,7.3584,7.3584,7.3584,7.3584,7.3584,7.3584,7.3584,7.3584,7.3584,7.3584,7.3584,7.3584,7.3584,7.3584,7.3584,7.3584,7.3584,7.3584,7.3584,7.3584,7.3584,7.3584,7.3584,7.3584,7.3584,7.3584,7.3584,7.3584,7.3584,7.3584,7.3584,7.3584,7.3584,7.3584,7.3584,7.3584,7.3584,7.3584,7.3584,7.3584,7.3584,7.3584,7.3584,7.3584,7.3584,7.3584,7.3584,7.3584,7.3584,7.3584,7.3584,7.3584,7.3584,7.3584,7.3584,7.3584,7.3584,7.3584,7.3584,7.3584,7.3584,7.3584,7.3584,7.3584,7.3584,7.3584,7.3584,7.3584,7.3584,7.3584,7.3584,7.3584,7.3584,7.3584,7.3584,7.3584,7.3584,7.3584,7.3584,7.3584,7.3584,7.3584,7.3584,7.3584,7.3584,7.3584,7.3584,7.3584,7.3584,7.3584,7.3584,7.3584,7.3584,7.3584,7.3584,7.3584,7.3584,7.3584,7.3584,7.3584,7.3584,7.3584,7.3584,7.3584,7.3584,7.3584,7.3584,7.3584,7.3584,7.3584,7.3584,7.3584,7.3584,7.3584,7.3584,7.3584,7.3584,7.3584,7.3584,7.3584,7.3584,7.3584,7.3584,7.3584,7.3584,7.3584,7.3584,7.3584,7.3584,7.3584,7.3584,7.3584,7.3584,7.3584,7.3584,7.3584,7.3584,7.3584,7.3584,7.3584,7.3584,7.3584,7.3584,7.3584,7.3584,7.3584,7.3584,7.3584,7.3584,7.3584,7.3584,7.3584,7.3584,7.3584,7.3584,7.3584,7.3584,7.3584,7.3584,7.3584,7.3584,7.3584,7.3584,7.3584,7.3584,7.3584,7.3584,7.3584,7.3584,7.3584,7.3584,7.3584,7.3584,7.3584,7.3584,7.3584,7.3584,7.3584,7.3584,7.3584,7.3584,7.3584,7.3584,7.3584,7.3584,7.3584,7.3584,7.3584,7.3584,7.3584,7.3584,7.3584,7.3584,7.3584,7.3584,7.3584,7.3584,7.3584,7.3584,7.3584,7.3584,7.3584,7.3584,7.3584,7.3584,7.3584,7.3584,7.3584,7.3584,7.3584,7.3584,7.3584,7.3584,7.3584,7.3584,7.3584,7.3584,7.3584,7.3584,7.3584,7.3584,7.3584,7.3584,7.3584,7.3584,7.3584,7.3584,7.3584,7.3584,7.3584
7.3522,7.3522,7.3522,7.3522,7.3522,7.3522,7.3522,7.3522,7.3522,7.3522,7.3522,7.3522,7.3522,7.3522,7.3522,7.3522,7.3522,7.3522,7.3522,7.3522,7.3522,7.3522,7.3522,7.3522,7.3522,7.3522,7.3522,7.3522,7.3522,7.3522,7.3522,7.3522,7.3522,7.3522,7.3522,7.3522,7.3522,7.3522,7.3522,7.3522,7.3522,7.3522,7.3522,7.3522,7.3522,7.3522,7.3522,7.3522,7.3522,7.3522,7.3522,7.3522,7.3522,7.3522,7.3522,7.3522,7.3522,7.3522,7.3522,7.3522,7.3522,7.3522,7.3522,7.3522,7.3522,7.3522,7.3522,7.3522,7.3529,7.3529,7.3529,7.3529,7.3529,7.3529,7.3529,7.3529,7.3529,7.3529,7.3529,7.3529,7.3529,7.3529,7.3529,7.3529,7.3529,7.3529,7.3529,7.3529,7.3529,7.3529,7.3529,7.3529,7.3529,7.3529,7.3529,7.3529,7.3529,7.3529,7.3529,7.3529,7.3529,7.3529,7.3529,7.3529,7.3529,7.3529,7.3529,7.3529,7.3529,7.3529,7.3529,7.3529,7.3529,7.3529,7.3529,7.3529,7.3529,7.3529,7.3529,7.3529,7.3529,7.3529,7.3529,7.3529,7.3529,7.3529,7.3529,7.3529,7.3529,7.3529,7.3529,7.3529,7.3529,7.3529,7.3529,7.3529,7.3529,7.3529,7.3529,7.3529,7.3529,7.3529,7.3529,7.3529,7.3529,7.3529,7.3529,7.3529,7.3529,7.3529,7.3529,7.3529,7.3529,7.3529,7.3529,7.3529,7.3529,7.3529,7.3529,7.3529,7.3529,7.3529,7.3529,7.3529,7.3529,7.3529,7.3529,7.3529,7.3529,7.3529,7.3529,7.3529,7.3529,7.3529,7.3529,7.3529,7.3529,7.3529,7.3529,7.3529,7.3529,7.3529,7.3529,7.3529,7.3529,7.3529,7.3529,7.3529,7.3529,7.3529,7.3529,7.3529,7.3529,7.3529,7.3529,7.3529,7.3529,7.3529,7.3529,7.3529,7.3529,7.3529,7.3529,7.3529,7.3529,7.3529,7.3529,7.3529,7.3529,7.3529,7.3529,7.3529,7.3529,7.3529,7.3529,7.3529,7.3529,7.3529,7.3529,7.3529,7.3529,7.3529,7.3529,7.3529,7.3529,7.3529,7.3529,7.3529,7.3529,7.3529,7.3529,7.3529,7.3529,7.3529,7.3529,7.3529,7.3529,7.3529,7.3529,7.3529,7.3529,7.3529,7.3529,7.3529,7.3529,7.3529,7.3529,7.3529,7.3529,7.3529,7.3529,7.3529,7.3529,7.3529,7.3529,7.3529,7.3529,7.3529,7.3529,7.3529,7.3529,7.3529,7.3529,7.3529,7.3529,7.3529,7.3529,7.3529,7.3529,7.3529,7.3529,7.3529,7.3529,7.3529,7.3529,7.3529,7.3529,7.3529,7.3529,7.3529,7.3529,7.3529,7.3529,7.3529,7.3529,7.3529,7.3529,7.3529,7.3529,7.3529,7.3529,7.3529,7.3529,7.3529,7.3529,7.3529,7.3529,7.3529,7.3529,7.3529,7.3529,7.3529,7.3529,7.3529,7.3529,7.3529,7.3529,7.3529,7.3529,7.3529,7.3529,7.3529,7.3529,7.3529,7.3529,7.3529,7.3529,7.3529,7.3529,7.3529,7.3529,7.3529,7.3529,7.3529,7.3529,7.3529,7.3529,7.3529,7.3529,7.3529,7.3529,7.3529,7.3529,7.3529,7.3529,7.3529,7.3529,7.3529,7.3529,7.3529,7.3529,7.3529,7.3529,7.3529,7.3529,7.3529,7.3529,7.3529,7.3529,7.3529,7.3529,7.3529,7.3529,7.3529,7.3529,7.3529,7.3529,7.3529,7.3529,7.3529,7.3529,7.3529,7.3529,7.3529,7.3529,7.3529,7.3529,7.3529,7.3529,7.3529,7.3529,7.3529,7.3529,7.3529,7.3529,7.3529,7.3529,7.3529,7.3529,7.3529,7.3529,7.3529,7.3529,7.3529,7.3529,7.3529,7.3529,7.3529,7.3529,7.3529,7.3529,7.3529,7.3529,7.3529,7.3529,7.3529,7.3529,7.3529,7.3529,7.3529,7.3529,7.3529,7.3529,7.3529,7.3529,6.1469,6.1214,6.0963,6.0766,6.0637,6.0508,6.0380,6.0252,6.0125,6.0000,5.9865,5.9729,5.9593,5.9507,5.9431,5.9357,5.9282,5.9217,5.9167,5.9119,5.9069,5.9022,5.8974,5.8924,5.8877,5.8829,5.8780,5.8733,5.8683,5.8636,5.8589,5.8544,5.8499,5.8455,5.8408,5.8365,5.8321,5.8276,5.8234,5.8189,5.8153,5.8127,5.8099,5.8073,5.8044,5.8018,5.7992,5.7980,5.7968,5.7956,5.7944,5.7932,5.7920,5.7908,5.7896,5.7886,5.7874,5.7862,5.7851,5.7839,5.7827,5.7813,5.7799,5.7787,5.7773,5.7759,5.7747,5.7733,5.7719,5.7707,5.7694,5.7680,5.7676,5.7676,5.7674,5.7674,5.7672,5.7672,5.7670,5.7666,5.7662,5.7660,5.7656,5.7652,5.7650,5.7650,5.7658,5.7666,5.7674,5.7682,5.7688,5.7695,5.7703,5.7711,5.7719,5.7727,5.7733,5.7741,5.7749,5.7757,5.7765,5.7773,5.7781,5.7789,5.7797,5.7805,5.7813,5.7819,5.7837,5.7856,5.7876,5.7896,5.7916,5.7936,5.7956,5.7976,5.7996,5.8016,5.8036,5.8057,5.8077,5.8101,5.8135,5.8169,5.8203,5.8236,5.8268,5.8302,5.8337,5.8367,5.8404,5.8434,5.8467,5.8501,5.8534,5.8567,5.8601,5.8634,5.8669,5.8714,5.8770,5.8825,5.8879,5.8935,5.8990,5.9046,5.9103,5.9159,5.9215,5.9274,5.9330,5.9387,5.9444,5.9519,5.9619,5.9718,5.9818,5.9919,6.0026,6.0202,6.0382,6.0578,6.0788,6.0994,6.1194,6.1395,6.1623,7.3529,7.3529,7.3529,7.3529,7.3529,7.3529,7.3529,7.3529,7.3529,7.3529,7.3529,7.3529,7.3529,7.3529,7.3529,7.3529,7.3529,7.3529,7.3529,7.3529,7.3529,7.3529,7.3529,7.3529,7.3529,7.3529,7.3529,7.3529,7.3529,7.3529,7.3529,7.3529,7.3529,7.3529,7.3529,7.3529,7.3529,7.3529,7.3529,7.3529,7.3529,7.3529,7.3529,7.3529,7.3529,7.3529,7.3529,7.3529,7.3529,7.3529,7.3529,7.3529,7.3529,7.3529,7.3529,7.3529,7.3529,7.3529,7.3529,7.3529,7.3529,7.3529,7.3529,7.3529,7.3529,7.3529,7.3529,7.3529,7.3529,7.3529,7.3529,7.3529,7.3529,7.3529,7.3529,7.3529,7.3529,7.3529,7.3529,7.3529,7.3529,7.3529,7.3529,7.3529,7.3529,7.3529,7.3529,7.3529,7.3529,7.3529,7.3529,7.3529,7.3529,7.3529,7.3529,7.3529,7.3529,7.3529,7.3529,7.3529,7.3529,7.3529,7.3529,7.3529,7.3529,7.3529,7.3529,7.3529,7.3529,7.3529,7.3529,7.3529,7.3529,7.3529,7.3529,7.3529,7.3529,7.3529,7.3529,7.3529,7.3529,7.3529,7.3529,7.3529,7.3529,7.3529,7.3529,7.3529,7.3529,7.3529,7.3529,7.3529,7.3529,7.3529,7.3529,7.3529,7.3529,7.3529,7.3529,7.3529,7.3529,7.3529,7.3529,7.3529,7.3529,7.3529,7.3529,7.3529,7.3529,7.3529,7.3529,7.3529,7.3529,7.3529,7.3529,7.3529,7.3529,7.3529,7.3529,7.3529,7.3529,7.3529,7.3529,7.3529,7.3529,7.3529,7.3529,7.3529,7.3529,7.3529,7.3529,7.3529,7.3529,7.3529,7.3529,7.3529,7.3529,7.3529,7.3529,7.3529,7.3529,7.3529,7.3529,7.3529,7.3529,7.3529,7.3529,7.3529,7.3529,7.3529,7.3529,7.3529,7.3529,7.3529,7.3529,7.3529,7.3529,7.3529,7.3529,7.3529,7.3529,7.3529,7.3529,7.3529,7.3529,7.3529,7.3529,7.3529,7.3529,7.3529,7.3529,7.3529,7.3529,7.3529,7.3529,7.3529,7.3529,7.3529,7.3529,7.3529,7.3529,7.3529,7.3529,7.3529,7.3529,7.3529,7.3529,7.3529,7.3529,7.3529,7.3529,7.3529,7.3529,7.3529,7.3529,7.3529,7.3529,7.3529,7.3529,7.3529,7.3529,7.3529,7.3529,7.3529,7.3529,7.3529,7.3529,7.3529,7.3529,7.3529,7.3529,7.3529,7.3529,7.3529,7.3529,7.3529,7.3529,7.3529,7.3529,7.3529,7.3529,7.3529,7.3529,7.3529,7.3529,7.3529,7.3529,7.3529,7.3529,7.3529,7.3529,7.3529,7.3529,7.3529,7.3529,7.3529,7.3529,7.3529,7.3529,7.3529,7.3529,7.3529,7.3529,7.3529,7.3529,7.3529,7.3529,7.3529,7.3529,7.3529,7.3529,7.3529,7.3529,7.3529,7.3529,7.3529,7.3529,7.3529,7.3529,7.3529,7.3529,7.3529,7.3529,7.3529,7.3529,7.3529,7.3529,7.3529,7.3529,7.3529,7.3529,7.3529,7.3529,7.3529,7.3529,7.3529,7.3529,7.3529,7.3529,7.3529,7.3529,7.3529,7.3529,7.3529,7.3529,7.3529,7.3529,7.3529,7.3529,7.3529,7.3529,7.3529,7.3529,7.3529,7.3529,7.3529,7.3529,7.3529,7.3529,7.3529,7.3529,7.3529,7.3529,7.3529,7.3529,7.3529,7.3529,7.3529,7.3529,7.3529,7.3529,7.3529,7.3529,7.3529,7.3529,7.3529,7.3529,7.3529,7.3529,7.3529,7.3529,7.3529,7.3529,7.3529,7.3529,7.3529,7.3529,7.3529,7.3529,7.3529,7.3529,7.3529,7.3529,7.3529,7.3529,7.3529,7.3529,7.3529,7.3529,7.3529,7.3529,7.3529,7.3529,7.3529,7.3529,7.3529,7.3529,7.3529
7.3465,7.3465,7.3465,7.3465,7.3465,7.3465,7.3465,7.3465,7.3465,7.3465,7.3465,7.3465,7.3465,7.3465,7.3465,7.3465,7.3465,7.3465,7.3465,7.3465,7.3465,7.3465,7.3465,7.3465,7.3465,7.3465,7.3465,7.3465,7.3465,7.3465,7.3465,7.3465,7.3465,7.3465,7.3465,7.3465,7.3465,7.3465,7.3465,7.3465,7.3465,7.3465,7.3465,7.3465,7.3465,7.3465,7.3465,7.3465,7.3465,7.3465,7.3465,7.3465,7.3465,7.3465,7.3465,7.3465,7.3465,7.3465,7.3465,7.3465,7.3465,7.3465,7.3465,7.3465,7.3465,7.3465,7.3465,7.3465,7.3465,7.3465,7.3465,7.3465,7.3465,7.3465,7.3465,7.3465,7.3465,7.3465,7.3465,7.3465,7.3465,7.3465,7.3465,7.3465,7.3465,7.3465,7.3465,7.3465,7.3465,7.3465,7.3465,7.3465,7.3465,7.3465,7.3465,7.3465,7.3465,7.3465,7.3465,7.3465,7.3465,7.3465,7.3465,7.3465,7.3465,7.3465,7.3465,7.3465,7.3465,7.3465,7.3465,7.3465,7.3465,7.3465,7.3465,7.3465,7.3465,7.3465,7.3465,7.3465,7.3465,7.3465,7.3465,7.3465,7.3465,7.3465,7.3465,7.3465,7.3465,7.3465,7.3465,7.3465,7.3465,7.3465,7.3465,7.3465,7.3465,7.3465,7.3465,7.3465,7.3465,7.3465,7.3465,7.3465,7.3465,7.3465,7.3465,7.3465,7.3465,7.3465,7.3465,7.3465,7.3465,7.3465,7.3465,7.3465,7.3465,7.3465,7.3465,7.3465,7.3465,7.3465,7.3465,7.3465,7.3465,7.3465,7.3465,7.3465,7.3465,7.3465,7.3465,7.3465,7.3465,7.3465,7.3465,7.3465,7.3465,7.3465,7.3465,7.3465,7.3465,7.3465,7.3465,7.3465,7.3465,7.3465,7.3465,7.3465,7.3465,7.3465,7.3465,7.3465,7.3465,7.3465,7.3465,7.3465,7.3465,7.3465,7.3465,7.3465,7.3465,7.3465,7.3465,7.3465,7.3465,7.3465,7.3465,7.3465,7.3465,7.3465,7.3465,7.3465,7.3465,7.3465,7.3465,7.3465,7.3465,7.3465,7.3465,7.3465,7.3465,7.3465,7.3465,7.3465,7.3465,7.3465,7.3465,7.3465,7.3465,7.3465,7.3465,7.3465,7.3465,7.3465,7.3465,7.3465,7.3465,7.3465,7.3465,7.3465,7.3465,7.3465,7.3465,7.3465,7.3465,7.3465,7.3465,7.3465,7.3465,7.3465,7.3465,7.3465,7.3465,7.3465,7.3465,7.3465,7.3465,7.3465,7.3465,7.3465,7.3465,7.3465,7.3465,7.3465,7.3465,7.3465,7.3465,7.3465,7.3465,7.3465,7.3465,7.3465,7.3465,7.3465,7.3465,7.3465,7.3465,7.3465,7.3465,7.3465,7.3465,7.3465,7.3465,7.3465,7.3465,7.3465,7.3465,7.3465,7.3465,7.3465,7.3465,7.3465,7.3465,7.3465,7.3465,7.3465,7.3465,7.3465,7.3465,7.3465,7.3465,7.3465,7.3465,7.3465,7.3465,7.3465,7.3465,7.3465,7.3465,7.3465,7.3465,7.3465,7.3465,7.3465,7.3465,7.3465,7.3465,7.3465,7.3465,7.3465,7.3465,7.3465,7.3465,7.3465,7.3465,7.3465,7.3465,7.3465,7.3465,7.3465,7.3465,7.3465,7.3465,7.3465,7.3465,7.3465,7.3465,7.3465,7.3465,7.3465,7.3465,7.3465,7.3465,7.3465,7.3465,7.3465,7.3465,7.3465,7.3465,7.3465,7.3465,7.3465,7.3465,7.3465,7.3465,7.3465,7.3465,7.3465,7.3465,7.3465,7.3465,7.3465,7.3465,7.3465,7.3465,7.3465,7.3465,7.3465,7.3465,7.3465,7.3465,7.3465,7.3465,7.3465,7.3465,7.3465,7.3465,7.3465,7.3465,7.3465,7.3465,7.3465,7.3465,7.3465,7.3465,7.3465,7.3465,7.3465,7.3465,7.3465,7.3465,7.3465,7.3465,7.3465,7.3465,7.3465,7.3465,7.3465,7.3465,7.3465,7.3465,7.3465,7.3465,7.3465,7.3465,6.1494,6.1238,6.0987,6.0766,6.0635,6.0506,6.0380,6.0252,6.0125,5.9998,5.9867,5.9731,5.9598,5.9524,5.9448,5.9374,5.9299,5.9223,5.9171,5.9123,5.9076,5.9026,5.8978,5.8928,5.8881,5.8833,5.8784,5.8737,5.8690,5.8640,5.8595,5.8550,5.8506,5.8461,5.8416,5.8373,5.8327,5.8282,5.8240,5.8195,5.8167,5.8139,5.8113,5.8085,5.8057,5.8030,5.8002,5.7984,5.7972,5.7960,5.7948,5.7936,5.7924,5.7912,5.7900,5.7888,5.7876,5.7864,5.7853,5.7841,5.7829,5.7815,5.7803,5.7789,5.7775,5.7763,5.7749,5.7735,5.7723,5.7709,5.7695,5.7688,5.7686,5.7684,5.7684,5.7682,5.7682,5.7680,5.7678,5.7674,5.7672,5.7668,5.7666,5.7662,5.7658,5.7656,5.7660,5.7668,5.7676,5.7682,5.7690,5.7697,5.7705,5.7713,5.7721,5.7727,5.7735,5.7743,5.7751,5.7759,5.7767,5.7775,5.7783,5.7791,5.7799,5.7807,5.7813,5.7825,5.7845,5.7864,5.7884,5.7904,5.7924,5.7944,5.7964,5.7984,5.8004,5.8024,5.8044,5.8065,5.8085,5.8105,5.8135,5.8167,5.8201,5.8234,5.8268,5.8300,5.8333,5.8367,5.8400,5.8432,5.8467,5.8499,5.8532,5.8567,5.8599,5.8634,5.8667,5.8720,5.8776,5.8831,5.8885,5.8941,5.8997,5.9051,5.9109,5.9165,5.9221,5.9280,5.9336,5.9393,5.9450,5.9509,5.9606,5.9706,5.9803,5.9904,6.0019,6.0198,6.0378,6.0567,6.0777,6.0983,6.1180,6.1382,6.1584,7.3465,7.3465,7.3465,7.3465,7.3465,7.3465,7.3465,7.3465,7.3465,7.3465,7.3465,7.3465,7.3465,7.3465,7.3465,7.3465,7.3465,7.3465,7.3465,7.3465,7.3465,7.3465,7.3465,7.3465,7.3465,7.3465,7.3465,7.3465,7.3465,7.3465,7.3465,7.3465,7.3465,7.3465,7.3465,7.3465,7.3465,7.3465,7.3465,7.3465,7.3465,7.3465,7.3465,7.3465,7.3465,7.3465,7.3465,7.3465,7.3465,7.3465,7.3465,7.3465,7.3465,7.3465,7.3465,7.3465,7.3465,7.3465,7.3465,7.3465,7.3465,7.3465,7.3465,7.3465,7.3465,7.3465,7.3465,7.3465,7.3465,7.3465,7.3465,7.3465,7.3465,7.3465,7.3465,7.3465,7.3465,7.3465,7.3465,7.3465,7.3465,7.3465,7.3465,7.3465,7.3465,7.3465,7.3465,7.3465,7.3465,7.3465,7.3465,7.3465,7.3465,7.3465,7.3465,7.3465,7.3465,7.3465,7.3465,7.3465,7.3465,7.3465,7.3465,7.3465,7.3465,7.3465,7.3465,7.3465,7.3465,7.3465,7.3465,7.3465,7.3465,7.3465,7.3465,7.3465,7.3465,7.3465,7.3465,7.3465,7.3465,7.3465,7.3465,7.3465,7.3465,7.3465,7.3465,7.3465,7.3465,7.3465,7.3465,7.3465,7.3465,7.3465,7.3465,7.3465,7.3465,7.3465,7.3465,7.3465,7.3465,7.3465,7.3465,7.3465,7.3465,7.3465,7.3465,7.3465,7.3465,7.3465,7.3465,7.3465,7.3465,7.3465,7.3465,7.3465,7.3465,7.3465,7.3465,7.3465,7.3465,7.3465,7.3465,7.3465,7.3465,7.3465,7.3465,7.3465,7.3465,7.3465,7.3465,7.3465,7.3465,7.3465,7.3465,7.3465,7.3465,7.3465,7.3465,7.3465,7.3465,7.3465,7.3465,7.3465,7.3465,7.3465,7.3465,7.3465,7.3465,7.3465,7.3465,7.3465,7.3465,7.3465,7.3465,7.3465,7.3465,7.3465,7.3465,7.3465,7.3465,7.3465,7.3465,7.3465,7.3465,7.3465,7.3465,7.3465,7.3465,7.3465,7.3465,7.3465,7.3465,7.3465,7.3465,7.3465,7.3465,7.3465,7.3465,7.3465,7.3465,7.3465,7.3465,7.3465,7.3465,7.3465,7.3465,7.3465,7.3465,7.3465,7.3465,7.3465,7.3465,7.3465,7.3465,7.3465,7.3465,7.3465,7.3465,7.3465,7.3465,7.3465,7.3465,7.3465,7.3465,7.3465,7.3465,7.3465,7.3465,7.3465,7.3465,7.3465,7.3465,7.3465,7.3465,7.3465,7.3465,7.3465,7.3465,7.3465,7.3465,7.3465,7.3465,7.3465,7.3465,7.3465,7.3465,7.3465,7.3465,7.3465,7.3465,7.3465,7.3465,7.3465,7.3465,7.3465,7.3465,7.3465,7.3465,7.3465,7.3465,7.3465,7.3465,7.3465,7.3465,7.3465,7.3465,7.3465,7.3465,7.3465,7.3465,7.3465,7.3465,7.3465,7.3465,7.3465,7.3465,7.3465,7.3465,7.3465,7.3465,7.3465,7.3465,7.3465,7.3465,7.3465,7.3465,7.3465,7.3465,7.3465,7.3465,7.3465,7.3465,7.3465,7.3465,7.3465,7.3465,7.3465,7.3465,7.3465,7.3465,7.3465,7.3465,7.3465,7.3465,7.3465,7.3465,7.3465,7.3465,7.3465,7.3465,7.3465,7.3465,7.3465,7.3465,7.3465,7.3465,7.3465,7.3465,7.3465,7.3465,7.3465,7.3465,7.3465,7.3465,7.3465,7.3465,7.3465,7.3465,7.3465,7.3465,7.3465,7.3465,7.3465,7.3465,7.3465,7.3465,7.3465,7.3465,7.3465,7.3465,7.3465,7.3465,7.3465,7.3465,7.3465,7.3465,7.3465,7.3465,7.3465,7.3465,7.3465,7.3465,7.3465,7.3465,7.3465,7.3465,7.3465,7.3465,7.3465,7.3465,7.3465,7.3465,7.3465,7.3465,7.3465,7.3465,7.3465
7.3410,7.3410,7.3410,7.3410,7.3410,7.3410,7.3410,7.3410,7.3410,7.3410,7.3410,7.3410,7.3410,7.3410,7.3410,7.3410,7.3410,7.3410,7.3410,7.3410,7.3410,7.3410,7.3410,7.3410,7.3410,7.3410,7.3410,7.3410,7.3410,7.3410,7.3410,7.3410,7.3410,7.3410,7.3410,7.3410,7.3410,7.3410,7.3410,7.3410,7.3410,7.3410,7.3410,7.3410,7.3410,7.3410,7.3410,7.3410,7.3410,7.3410,7.3410,7.3410,7.3410,7.3410,7.3410,7.3410,7.3410,7.3410,7.3410,7.3410,7.3410,7.3410,7.3410,7.3410,7.3410,7.3410,7.3410,7.3410,7.3410,7.3410,7.3410,7.3410,7.3410,7.3410,7.3410,7.3410,7.3410,7.3410,7.3410,7.3410,7.3410,7.3410,7.3410,7.3410,7.3410,7.3410,7.3410,7.3410,7.3410,7.3410,7.3410,7.3410,7.3410,7.3410,7.3410,7.3410,7.3410,7.3410,7.3410,7.3410,7.3410,7.3410,7.3410,7.3410,7.3410,7.3410,7.3410,7.3410,7.3410,7.3410,7.3410,7.3410,7.3410,7.3410,7.3410,7.3410,7.3410,7.3410,7.3410,7.3410,7.3410,7.3410,7.3410,7.3410,7.3410,7.3410,7.3410,7.3410,7.3410,7.3410,7.3410,7.3410,7.3410,7.3410,7.3410,7.3410,7.3410,7.3410,7.3410,7.3410,7.3410,7.3410,7.3410,7.3410,7.3410,7.3410,7.3410,7.3410,7.3410,7.3410,7.3410,7.3410,7.3410,7.3410,7.3410,7.3410,7.3410,7.3410,7.3410,7.3410,7.3410,7.3410,7.3410,7.3410,7.3410,7.3410,7.3410,7.3410,7.3410,7.3410,7.3410,7.3410,7.3410,7.3410,7.3410,7.3410,7.3410,7.3410,7.3410,7.3410,7.3410,7.3410,7.3410,7.3410,7.3410,7.3410,7.3410,7.3410,7.3410,7.3410,7.3410,7.3410,7.3410,7.3410,7.3410,7.3410,7.3410,7.3410,7.3410,7.3410,7.3410,7.3410,7.3410,7.3410,7.3410,7.3410,7.3410,7.3410,7.3410,7.3410,7.3410,7.3410,7.3410,7.3410,7.3410,7.3410,7.3410,7.3410,7.3410,7.3410,7.3410,7.3410,7.3410,7.3410,7.3410,7.3410,7.3410,7.3410,7.3410,7.3410,7.3410,7.3410,7.3410,7.3410,7.3410,7.3410,7.3410,7.3410,7.3410,7.3410,7.3410,7.3410,7.3410,7.3410,7.3410,7.3410,7.3410,7.3410,7.3410,7.3410,7.3410,7.3410,7.3410,7.3410,7.3410,7.3410,7.3410,7.3410,7.3410,7.3410,7.3410,7.3410,7.3410,7.3410,7.3410,7.3410,7.3410,7.3410,7.3410,7.3410,7.3410,7.3410,7.3410,7.3410,7.3410,7.3410,7.3410,7.3410,7.3410,7.3410,7.3410,7.3410,7.3410,7.3410,7.3410,7.3410,7.3410,7.3410,7.3410,7.3410,7.3410,7.3410,7.3410,7.3410,7.3410,7.3410,7.3410,7.3410,7.3410,7.3410,7.3410,7.3410,7.3410,7.3410,7.3410,7.3410,7.3410,7.3410,7.3410,7.3410,7.3410,7.3410,7.3410,7.3410,7.3410,7.3410,7.3410,7.3410,7.3410,7.3410,7.3410,7.3410,7.3410,7.3410,7.3410,7.3410,7.3410,7.3410,7.3410,7.3410,7.3410,7.3410,7.3410,7.3410,7.3410,7.3410,7.3410,7.3410,7.3410,7.3410,7.3410,7.3410,7.3410,7.3410,7.3410,7.3410,7.3410,7.3410,7.3410,7.3410,7.3410,7.3410,7.3410,7.3410,7.3410,7.3410,7.3410,7.3410,7.3410,7.3410,7.3410,7.3410,7.3410,7.3410,7.3410,7.3410,7.3410,7.3410,7.3410,7.3410,7.3410,7.3410,7.3410,7.3410,7.3410,7.3410,7.3410,7.3410,7.3410,7.3410,7.3410,7.3410,7.3410,7.3410,7.3410,7.3410,7.3410,7.3410,7.3410,7.3410,7.3410,7.3410,7.3410,7.3410,7.3410,7.3410,7.3410,7.3410,7.3410,7.3410,7.3410,7.3410,7.3410,7.3410,7.3410,6.1519,6.1263,6.1011,6.0764,6.0635,6.0506,6.0378,6.0252,6.0125,5.9998,5.9870,5.9733,5.9617,5.9541,5.9465,5.9391,5.9316,5.9240,5.9178,5.9128,5.9080,5.9030,5.8982,5.8935,5.8885,5.8838,5.8790,5.8741,5.8694,5.8646,5.8601,5.8556,5.8512,5.8467,5.8422,5.8377,5.8333,5.8288,5.8246,5.8205,5.8179,5.8151,5.8125,5.8097,5.8071,5.8042,5.8016,5.7988,5.7974,5.7962,5.7950,5.7938,5.7926,5.7914,5.7902,5.7890,5.7878,5.7866,5.7854,5.7843,5.7831,5.7819,5.7805,5.7791,5.7779,5.7765,5.7751,5.7739,5.7725,5.7711,5.7699,5.7695,5.7694,5.7694,5.7692,5.7692,5.7690,5.7690,5.7688,5.7684,5.7680,5.7678,5.7674,5.7672,5.7668,5.7664,5.7662,5.7668,5.7676,5.7684,5.7692,5.7699,5.7707,5.7715,5.7723,5.7729,5.7737,5.7745,5.7753,5.7761,5.7769,5.7777,5.7785,5.7793,5.7801,5.7807,5.7815,5.7833,5.7853,5.7872,5.7892,5.7912,5.7932,5.7952,5.7972,5.7992,5.8012,5.8032,5.8052,5.8073,5.8093,5.8113,5.8133,5.8167,5.8199,5.8234,5.8266,5.8298,5.8333,5.8367,5.8398,5.8432,5.8465,5.8497,5.8532,5.8565,5.8597,5.8632,5.8673,5.8726,5.8782,5.8838,5.8891,5.8947,5.9003,5.9057,5.9115,5.9171,5.9228,5.9284,5.9343,5.9399,5.9456,5.9513,5.9591,5.9691,5.9791,5.9891,6.0015,6.0194,6.0373,6.0556,6.0766,6.0969,6.1167,6.1368,6.1571,7.3410,7.3410,7.3410,7.3410,7.3410,7.3410,7.3410,7.3410,7.3410,7.3410,7.3410,7.3410,7.3410,7.3410,7.3410,7.3410,7.3410,7.3410,7.3410,7.3410,7.3410,7.3410,7.3410,7.3410,7.3410,7.3410,7.3410,7.3410,7.3410,7.3410,7.3410,7.3410,7.3410,7.3410,7.3410,7.3410,7.3410,7.3410,7.3410,7.3410,7.3410,7.3410,7.3410,7.3410,7.3410,7.3410,7.3410,7.3410,7.3410,7.3410,7.3410,7.3410,7.3410,7.3410,7.3410,7.3410,7.3410,7.3410,7.3410,7.3410,7.3410,7.3410,7.3410,7.3410,7.3410,7.3410,7.3410,7.3410,7.3410,7.3410,7.3410,7.3410,7.3410,7.3410,7.3410,7.3410,7.3410,7.3410,7.3410,7.3410,7.3410,7.3410,7.3410,7.3410,7.3410,7.3410,7.3410,7.3410,7.3410,7.3410,7.3410,7.3410,7.3410,7.3410,7.3410,7.3410,7.3410,7.3410,7.3410,7.3410,7.3410,7.3410,7.3410,7.3410,7.3410,7.3410,7.3410,7.3410,7.3410,7.3410,7.3410,7.3410,7.3410,7.3410,7.3410,7.3410,7.3410,7.3410,7.3410,7.3410,7.3410,7.3410,7.3410,7.3410,7.3410,7.3410,7.3410,7.3410,7.3410,7.3410,7.3410,7.3410,7.3410,7.3410,7.3410,7.3410,7.3410,7.3410,7.3410,7.3410,7.3410,7.3410,7.3410,7.3410,7.3410,7.3410,7.3410,7.3410,7.3410,7.3410,7.3410,7.3410,7.3410,7.3410,7.3410,7.3410,7.3410,7.3410,7.3410,7.3410,7.3410,7.3410,7.3410,7.3410,7.3410,7.3410,7.3410,7.3410,7.3410,7.3410,7.3410,7.3410,7.3410,7.3410,7.3410,7.3410,7.3410,7.3410,7.3410,7.3410,7.3410,7.3410,7.3410,7.3410,7.3410,7.3410,7.3410,7.3410,7.3410,7.3410,7.3410,7.3410,7.3410,7.3410,7.3410,7.3410,7.3410,7.3410,7.3410,7.3410,7.3410,7.3410,7.3410,7.3410,7.3410,7.3410,7.3410,7.3410,7.3410,7.3410,7.3410,7.3410,7.3410,7.3410,7.3410,7.3410,7.3410,7.3410,7.3410,7.3410,7.3410,7.3410,7.3410,7.3410,7.3410,7.3410,7.3410,7.3410,7.3410,7.3410,7.3410,7.3410,7.3410,7.3410,7.3410,7.3410,7.3410,7.3410,7.3410,7.3410,7.3410,7.3410,7.3410,7.3410,7.3410,7.3410,7.3410,7.3410,7.3410,7.3410,7.3410,7.3410,7.3410,7.3410,7.3410,7.3410,7.3410,7.3410,7.3410,7.3410,7.3410,7.3410,7.3410,7.3410,7.3410,7.3410,7.3410,7.3410,7.3410,7.3410,7.3410,7.3410,7.3410,7.3410,7.3410,7.3410,7.3410,7.3410,7.3410,7.3410,7.3410,7.3410,7.3410,7.3410,7.3410,7.3410,7.3410,7.3410,7.3410,7.3410,7.3410,7.3410,7.3410,7.3410,7.3410,7.3410,7.3410,7.3410,7.3410,7.3410,7.3410,7.3410,7.3410,7.3410,7.3410,7.3410,7.3410,7.3410,7.3410,7.3410,7.3410,7.3410,7.3410,7.3410,7.3410,7.3410,7.3410,7.3410,7.3410,7.3410,7.3410,7.3410,7.3410,7.3410,7.3410,7.3410,7.3410,7.3410,7.3410,7.3410,7.3410,7.3410,7.3410,7.3410,7.3410,7.3410,7.3410,7.3410,7.3410,7.3410,7.3410,7.3410,7.3410,7.3410,7.3410,7.3410,7.3410,7.3410,7.3410,7.3410,7.3410,7.3410,7.3410,7.3410,7.3410,7.3410,7.3410,7.3410,7.3410,7.3410,7.3410,7.3410,7.3410,7.3410,7.3410,7.3410,7.3410,7.3410,7.3410,7.3410,7.3410,7.3410,7.3410,7.3410,7.3410,7.3410,7.3410,7.3410,7.3410,7.3410,7.3410,7.3410,7.3410,7.3410,7.3410,7.3410,7.3410,7.3410
7.3349,7.3349,7.3349,7.3349,7.3349,7.3349,7.3349,7.3349,7.3349,7.3349,7.3349,7.3349,7.3349,7.3349,7.3349,7.3349,7.3349,7.3349,7.3349,7.3349,7.3349,7.3349,7.3349,7.3349,7.3349,7.3349,7.3349,7.3349,7.3349,7.3349,7.3349,7.3349,7.3349,7.3349,7.3349,7.3349,7.3349,7.3349,7.3349,7.3349,7.3349,7.3349,7.3349,7.3349,7.3349,7.3349,7.3349,7.3349,7.3349,7.3349,7.3349,7.3349,7.3349,7.3349,7.3349,7.3349,7.3349,7.3349,7.3349,7.3349,7.3349,7.3349,7.3349,7.3349,7.3349,7.3349,7.3349,7.3349,7.3349,7.3349,7.3349,7.3349,7.3349,7.3349,7.3349,7.3349,7.3349,7.3349,7.3349,7.3349,7.3349,7.3349,7.3349,7.3349,7.3349,7.3349,7.3349,7.3349,7.3349,7.3349,7.3349,7.3349,7.3349,7.3349,7.3349,7.3349,7.3349,7.3349,7.3349,7.3349,7.3349,7.3349,7.3349,7.3349,7.3349,7.3349,7.3349,7.3349,7.3349,7.3349,7.3349,7.3349,7.3349,7.3349,7.3349,7.3349,7.3349,7.3349,7.3349,7.3349,7.3349,7.3349,7.3349,7.3349,7.3349,7.3349,7.3349,7.3349,7.3349,7.3349,7.3349,7.3349,7.3349,7.3349,7.3349,7.3349,7.3349,7.3349,7.3349,7.3349,7.3349,7.3349,7.3349,7.3349,7.3349,7.3349,7.3349,7.3349,7.3349,7.3349,7.3349,7.3349,7.3349,7.3349,7.3349,7.3349,7.3349,7.3349,7.3349,7.3349,7.3349,7.3349,7.3349,7.3349,7.3349,7.3349,7.3349,7.3349,7.3349,7.3349,7.3349,7.3349,7.3349,7.3349,7.3349,7.3349,7.3349,7.3349,7.3349,7.3349,7.3349,7.3349,7.3349,7.3349,7.3349,7.3349,7.3349,7.3349,7.3349,7.3349,7.3349,7.3349,7.3349,7.3349,7.3349,7.3349,7.3349,7.3349,7.3349,7.3349,7.3349,7.3349,7.3349,7.3349,7.3349,7.3349,7.3349,7.3349,7.3349,7.3349,7.3349,7.3349,7.3349,7.3349,7.3349,7.3349,7.3349,7.3349,7.3349,7.3349,7.3349,7.3349,7.3349,7.3349,7.3349,7.3349,7.3349,7.3349,7.3349,7.3349,7.3349,7.3349,7.3349,7.3349,7.3349,7.3349,7.3349,7.3349,7.3349,7.3349,7.3349,7.3349,7.3349,7.3349,7.3349,7.3349,7.3349,7.3349,7.3349,7.3349,7.3349,7.3349,7.3349,7.3349,7.3349,7.3349,7.3349,7.3349,7.3349,7.3349,7.3349,7.3349,7.3349,7.3349,7.3349,7.3349,7.3349,7.3349,7.3349,7.3349,7.3349,7.3349,7.3349,7.3349,7.3349,7.3349,7.3349,7.3349,7.3349,7.3349,7.3349,7.3349,7.3349,7.3349,7.3349,7.3349,7.3349,7.3349,7.3349,7.3349,7.3349,7.3349,7.3349,7.3349,7.3349,7.3349,7.3349,7.3349,7.3349,7.3349,7.3349,7.3349,7.3349,7.3349,7.3349,7.3349,7.3349,7.3349,7.3349,7.3349,7.3349,7.3349,7.3349,7.3349,7.3349,7.3349,7.3349,7.3349,7.3349,7.3349,7.3349,7.3349,7.3349,7.3349,7.3349,7.3349,7.3349,7.3349,7.3349,7.3349,7.3349,7.3349,7.3349,7.3349,7.3349,7.3349,7.3349,7.3349,7.3349,7.3349,7.3349,7.3349,7.3349,7.3349,7.3349,7.3349,7.3349,7.3349,7.3349,7.3349,7.3349,7.3349,7.3349,7.3349,7.3349,7.3349,7.3349,7.3349,7.3349,7.3349,7.3349,7.3349,7.3349,7.3349,7.3349,7.3349,7.3349,7.3349,7.3349,7.3349,7.3349,7.3349,7.3349,7.3349,7.3349,7.3349,7.3349,7.3349,7.3349,7.3349,7.3349,7.3349,7.3349,7.3349,7.3349,7.3349,7.3349,7.3349,7.3349,7.3349,7.3349,7.3349,7.3349,7.3349,7.3349,7.3349,7.3349,7.3349,7.3349,7.3349,7.3349,7.3349,7.3349,7.3349,7.3349,6.1541,6.1288,6.1034,6.0784,6.0635,6.0506,6.0378,6.0250,6.0125,5.9998,5.9872,5.9738,5.9634,5.9557,5.9481,5.9408,5.9332,5.9257,5.9184,5.9132,5.9084,5.9036,5.8986,5.8939,5.8891,5.8842,5.8794,5.8745,5.8698,5.8653,5.8608,5.8563,5.8518,5.8473,5.8428,5.8383,5.8339,5.8294,5.8252,5.8220,5.8191,5.8165,5.8137,5.8111,5.8083,5.8057,5.8028,5.8002,5.7976,5.7964,5.7952,5.7940,5.7930,5.7918,5.7906,5.7894,5.7882,5.7870,5.7858,5.7847,5.7835,5.7821,5.7807,5.7795,5.7781,5.7767,5.7755,5.7741,5.7727,5.7715,5.7705,5.7705,5.7703,5.7701,5.7701,5.7699,5.7699,5.7697,5.7695,5.7694,5.7690,5.7686,5.7684,5.7680,5.7678,5.7674,5.7670,5.7670,5.7678,5.7686,5.7694,5.7701,5.7709,5.7717,5.7723,5.7731,5.7739,5.7747,5.7755,5.7763,5.7771,5.7779,5.7787,5.7795,5.7801,5.7809,5.7821,5.7841,5.7860,5.7880,5.7900,5.7920,5.7940,5.7960,5.7980,5.8000,5.8020,5.8040,5.8061,5.8081,5.8101,5.8121,5.8141,5.8165,5.8199,5.8232,5.8264,5.8298,5.8331,5.8367,5.8400,5.8430,5.8465,5.8497,5.8530,5.8565,5.8597,5.8630,5.8677,5.8733,5.8788,5.8842,5.8897,5.8953,5.9007,5.9063,5.9121,5.9178,5.9234,5.9290,5.9349,5.9406,5.9463,5.9519,5.9579,5.9676,5.9776,5.9876,6.0013,6.0191,6.0371,6.0552,6.0758,6.0956,6.1156,6.1355,6.1559,7.3349,7.3349,7.3349,7.3349,7.3349,7.3349,7.3349,7.3349,7.3349,7.3349,7.3349,7.3349,7.3349,7.3349,7.3349,7.3349,7.3349,7.3349,7.3349,7.3349,7.3349,7.3349,7.3349,7.3349,7.3349,7.3349,7.3349,7.3349,7.3349,7.3349,7.3349,7.3349,7.3349,7.3349,7.3349,7.3349,7.3349,7.3349,7.3349,7.3349,7.3349,7.3349,7.3349,7.3349,7.3349,7.3349,7.3349,7.3349,7.3349,7.3349,7.3349,7.3349,7.3349,7.3349,7.3349,7.3349,7.3349,7.3349,7.3349,7.3349,7.3349,7.3349,7.3349,7.3349,7.3349,7.3349,7.3349,7.3349,7.3349,7.3349,7.3349,7.3349,7.3349,7.3349,7.3349,7.3349,7.3349,7.3349,7.3349,7.3349,7.3349,7.3349,7.3349,7.3349,7.3349,7.3349,7.3349,7.3349,7.3349,7.3349,7.3349,7.3349,7.3349,7.3349,7.3349,7.3349,7.3349,7.3349,7.3349,7.3349,7.3349,7.3349,7.3349,7.3349,7.3349,7.3349,7.3349,7.3349,7.3349,7.3349,7.3349,7.3349,7.3349,7.3349,7.3349,7.3349,7.3349,7.3349,7.3349,7.3349,7.3349,7.3349,7.3349,7.3349,7.3349,7.3349,7.3349,7.3349,7.3349,7.3349,7.3349,7.3349,7.3349,7.3349,7.3349,7.3349,7.3349,7.3349,7.3349,7.3349,7.3349,7.3349,7.3349,7.3349,7.3349,7.3349,7.3349,7.3349,7.3349,7.3349,7.3349,7.3349,7.3349,7.3349,7.3349,7.3349,7.3349,7.3349,7.3349,7.3349,7.3349,7.3349,7.3349,7.3349,7.3349,7.3349,7.3349,7.3349,7.3349,7.3349,7.3349,7.3349,7.3349,7.3349,7.3349,7.3349,7.3349,7.3349,7.3349,7.3349,7.3349,7.3349,7.3349,7.3349,7.3349,7.3349,7.3349,7.3349,7.3349,7.3349,7.3349,7.3349,7.3349,7.3349,7.3349,7.3349,7.3349,7.3349,7.3349,7.3349,7.3349,7.3349,7.3349,7.3349,7.3349,7.3349,7.3349,7.3349,7.3349,7.3349,7.3349,7.3349,7.3349,7.3349,7.3349,7.3349,7.3349,7.3349,7.3349,7.3349,7.3349,7.3349,7.3349,7.3349,7.3349,7.3349,7.3349,7.3349,7.3349,7.3349,7.3349,7.3349,7.3349,7.3349,7.3349,7.3349,7.3349,7.3349,7.3349,7.3349,7.3349,7.3349,7.3349,7.3349,7.3349,7.3349,7.3349,7.3349,7.3349,7.3349,7.3349,7.3349,7.3349,7.3349,7.3349,7.3349,7.3349,7.3349,7.3349,7.3349,7.3349,7.3349,7.3349,7.3349,7.3349,7.3349,7.3349,7.3349,7.3349,7.3349,7.3349,7.3349,7.3349,7.3349,7.3349,7.3349,7.3349,7.3349,7.3349,7.3349,7.3349,7.3349,7.3349,7.3349,7.3349,7.3349,7.3349,7.3349,7.3349,7.3349,7.3349,7.3349,7.3349,7.3349,7.3349,7.3349,7.3349,7.3349,7.3349,7.3349,7.3349,7.3349,7.3349,7.3349,7.3349,7.3349,7.3349,7.3349,7.3349,7.3349,7.3349,7.3349,7.3349,7.3349,7.3349,7.3349,7.3349,7.3349,7.3349,7.3349,7.3349,7.3349,7.3349,7.3349,7.3349,7.3349,7.3349,7.3349,7.3349,7.3349,7.3349,7.3349,7.3349,7.3349,7.3349,7.3349,7.3349,7.3349,7.3349,7.3349,7.3349,7.3349,7.3349,7.3349,7.3349,7.3349,7.3349,7.3349,7.3349,7.3349,7.3349,7.3349,7.3349,7.3349,7.3349,7.3349,7.3349,7.3349,7.3349,7.3349,7.3349,7.3349,7.3349,7.3349,7.3349,7.3349,7.3349,7.3349,7.3349,7.3349,7.3349,7.3349,7.3349,7.3349,7.3349,7.3349,7.3349,7.3349,7.3349,7.3349,7.3349,7.3349,7.3349,7.3349,7.3349,7.3349,7.3349,7.3349
7.3288,7.3288,7.3288,7.3288,7.3288,7.3288,7.3288,7.3288,7.3288,7.3288,7.3288,7.3288,7.3288,7.3288,7.3288,7.3288,7.3288,7.3288,7.3288,7.3288,7.3288,7.3288,7.3288,7.3288,7.3288,7.3288,7.3288,7.3288,7.3288,7.3288,7.3288,7.3288,7.3288,7.3288,7.3288,7.3288,7.3288,7.3288,7.3288,7.3288,7.3288,7.3288,7.3288,7.3288,7.3288,7.3288,7.3288,7.3288,7.3288,7.3288,7.3288,7.3288,7.3288,7.3288,7.3288,7.3288,7.3288,7.3288,7.3288,7.3288,7.3288,7.3288,7.3288,7.3288,7.3288,7.3288,7.3288,7.3288,7.3288,7.3288,7.3288,7.3288,7.3288,7.3288,7.3288,7.3288,7.3288,7.3288,7.3288,7.3288,7.3288,7.3288,7.3288,7.3288,7.3288,7.3288,7.3288,7.3288,7.3288,7.3288,7.3288,7.3288,7.3288,7.3288,7.3288,7.3288,7.3288,7.3288,7.3288,7.3288,7.3288,7.3288,7.3288,7.3288,7.3288,7.3288,7.3288,7.3288,7.3288,7.3288,7.3288,7.3288,7.3288,7.3288,7.3288,7.3288,7.3288,7.3288,7.3288,7.3288,7.3288,7.3288,7.3288,7.3288,7.3288,7.3288,7.3288,7.3288,7.3288,7.3288,7.3288,7.3288,7.3288,7.3288,7.3288,7.3288,7.3288,7.3288,7.3288,7.3288,7.3288,7.3288,7.3288,7.3288,7.3288,7.3288,7.3288,7.3288,7.3288,7.3288,7.3288,7.3288,7.3288,7.3288,7.3288,7.3288,7.3288,7.3288,7.3288,7.3288,7.3288,7.3288,7.3288,7.3288,7.3288,7.3288,7.3288,7.3288,7.3288,7.3288,7.3288,7.3288,7.3288,7.3288,7.3288,7.3288,7.3288,7.3288,7.3288,7.3288,7.3288,7.3288,7.3288,7.3288,7.3288,7.3288,7.3288,7.3288,7.3288,7.3288,7.3288,7.3288,7.3288,7.3288,7.3288,7.3288,7.3288,7.3288,7.3288,7.3288,7.3288,7.3288,7.3288,7.3288,7.3288,7.3288,7.3288,7.3288,7.3288,7.3288,7.3288,7.3288,7.3288,7.3288,7.3288,7.3288,7.3288,7.3288,7.3288,7.3288,7.3288,7.3288,7.3288,7.3288,7.3288,7.3288,7.3288,7.3288,7.3288,7.3288,7.3288,7.3288,7.3288,7.3288,7.3288,7.3288,7.3288,7.3288,7.3288,7.3288,7.3288,7.3288,7.3288,7.3288,7.3288,7.3288,7.3288,7.3288,7.3288,7.3288,7.3288,7.3288,7.3288,7.3288,7.3288,7.3288,7.3288,7.3288,7.3288,7.3288,7.3288,7.3288,7.3288,7.3288,7.3288,7.3288,7.3288,7.3288,7.3288,7.3288,7.3288,7.3288,7.3288,7.3288,7.3288,7.3288,7.3288,7.3288,7.3288,7.3288,7.3288,7.3288,7.3288,7.3288,7.3288,7.3288,7.3288,7.3288,7.3288,7.3288,7.3288,7.3288,7.3288,7.3288,7.3288,7.3288,7.3288,7.3288,7.3288,7.3288,7.3288,7.3288,7.3288,7.3288,7.3288,7.3288,7.3288,7.3288,7.3288,7.3288,7.3288,7.3288,7.3288,7.3288,7.3288,7.3288,7.3288,7.3288,7.3288,7.3288,7.3288,7.3288,7.3288,7.3288,7.3288,7.3288,7.3288,7.3288,7.3288,7.3288,7.3288,7.3288,7.3288,7.3288,7.3288,7.3288,7.3288,7.3288,7.3288,7.3288,7.3288,7.3288,7.3288,7.3288,7.3288,7.3288,7.3288,7.3288,7.3288,7.3288,7.3288,7.3288,7.3288,7.3288,7.3288,7.3288,7.3288,7.3288,7.3288,7.3288,7.3288,7.3288,7.3288,7.3288,7.3288,7.3288,7.3288,7.3288,7.3288,7.3288,7.3288,7.3288,7.3288,7.3288,7.3288,7.3288,7.3288,7.3288,7.3288,7.3288,7.3288,7.3288,7.3288,7.3288,7.3288,7.3288,7.3288,7.3288,7.3288,7.3288,7.3288,7.3288,7.3288,7.3288,7.3288,7.3288,7.3288,7.3288,7.3288,7.3288,7.3288,7.3288,7.3288,7.3288,7.3288,6.1564,6.1310,6.1058,6.0808,6.0633,6.0504,6.0378,6.0250,6.0122,5.9996,5.9872,5.9740,5.9651,5.9574,5.9498,5.9425,5.9349,5.9276,5.9201,5.9138,5.9088,5.9040,5.8990,5.8943,5.8895,5.8846,5.8798,5.8751,5.8706,5.8659,5.8614,5.8569,5.8524,5.8479,5.8434,5.8392,5.8347,5.8300,5.8260,5.8232,5.8205,5.8177,5.8149,5.8123,5.8095,5.8069,5.8040,5.8014,5.7986,5.7968,5.7956,5.7944,5.7932,5.7920,5.7908,5.7896,5.7884,5.7872,5.7860,5.7849,5.7837,5.7825,5.7811,5.7797,5.7783,5.7771,5.7757,5.7743,5.7731,5.7717,5.7715,5.7713,5.7713,5.7711,5.7709,5.7709,5.7707,5.7707,5.7705,5.7701,5.7699,5.7695,5.7692,5.7690,5.7686,5.7684,5.7680,5.7676,5.7680,5.7688,5.7695,5.7703,5.7711,5.7717,5.7725,5.7733,5.7741,5.7749,5.7757,5.7765,5.7773,5.7781,5.7789,5.7795,5.7803,5.7811,5.7829,5.7849,5.7868,5.7888,5.7908,5.7928,5.7948,5.7968,5.7988,5.8008,5.8028,5.8048,5.8069,5.8089,5.8109,5.8129,5.8149,5.8169,5.8197,5.8232,5.8264,5.8296,5.8331,5.8363,5.8400,5.8430,5.8463,5.8497,5.8530,5.8563,5.8597,5.8632,5.8685,5.8739,5.8794,5.8848,5.8904,5.8959,5.9013,5.9069,5.9125,5.9184,5.9240,5.9297,5.9355,5.9412,5.9469,5.9526,5.9585,5.9663,5.9763,5.9863,6.0009,6.0187,6.0367,6.0547,6.0747,6.0943,6.1142,6.1343,6.1546,6.1749,7.3288,7.3288,7.3288,7.3288,7.3288,7.3288,7.3288,7.3288,7.3288,7.3288,7.3288,7.3288,7.3288,7.3288,7.3288,7.3288,7.3288,7.3288,7.3288,7.3288,7.3288,7.3288,7.3288,7.3288,7.3288,7.3288,7.3288,7.3288,7.3288,7.3288,7.3288,7.3288,7.3288,7.3288,7.3288,7.3288,7.3288,7.3288,7.3288,7.3288,7.3288,7.3288,7.3288,7.3288,7.3288,7.3288,7.3288,7.3288,7.3288,7.3288,7.3288,7.3288,7.3288,7.3288,7.3288,7.3288,7.3288,7.3288,7.3288,7.3288,7.3288,7.3288,7.3288,7.3288,7.3288,7.3288,7.3288,7.3288,7.3288,7.3288,7.3288,7.3288,7.3288,7.3288,7.3288,7.3288,7.3288,7.3288,7.3288,7.3288,7.3288,7.3288,7.3288,7.3288,7.3288,7.3288,7.3288,7.3288,7.3288,7.3288,7.3288,7.3288,7.3288,7.3288,7.3288,7.3288,7.3288,7.3288,7.3288,7.3288,7.3288,7.3288,7.3288,7.3288,7.3288,7.3288,7.3288,7.3288,7.3288,7.3288,7.3288,7.3288,7.3288,7.3288,7.3288,7.3288,7.3288,7.3288,7.3288,7.3288,7.3288,7.3288,7.3288,7.3288,7.3288,7.3288,7.3288,7.3288,7.3288,7.3288,7.3288,7.3288,7.3288,7.3288,7.3288,7.3288,7.3288,7.3288,7.3288,7.3288,7.3288,7.3288,7.3288,7.3288,7.3288,7.3288,7.3288,7.3288,7.3288,7.3288,7.3288,7.3288,7.3288,7.3288,7.3288,7.3288,7.3288,7.3288,7.3288,7.3288,7.3288,7.3288,7.3288,7.3288,7.3288,7.3288,7.3288,7.3288,7.3288,7.3288,7.3288,7.3288,7.3288,7.3288,7.3288,7.3288,7.3288,7.3288,7.3288,7.3288,7.3288,7.3288,7.3288,7.3288,7.3288,7.3288,7.3288,7.3288,7.3288,7.3288,7.3288,7.3288,7.3288,7.3288,7.3288,7.3288,7.3288,7.3288,7.3288,7.3288,7.3288,7.3288,7.3288,7.3288,7.3288,7.3288,7.3288,7.3288,7.3288,7.3288,7.3288,7.3288,7.3288,7.3288,7.3288,7.3288,7.3288,7.3288,7.3288,7.3288,7.3288,7.3288,7.3288,7.3288,7.3288,7.3288,7.3288,7.3288,7.3288,7.3288,7.3288,7.3288,7.3288,7.3288,7.3288,7.3288,7.3288,7.3288,7.3288,7.3288,7.3288,7.3288,7.3288,7.3288,7.3288,7.3288,7.3288,7.3288,7.3288,7.3288,7.3288,7.3288,7.3288,7.3288,7.3288,7.3288,7.3288,7.3288,7.3288,7.3288,7.3288,7.3288,7.3288,7.3288,7.3288,7.3288,7.3288,7.3288,7.3288,7.3288,7.3288,7.3288,7.3288,7.3288,7.3288,7.3288,7.3288,7.3288,7.3288,7.3288,7.3288,7.3288,7.3288,7.3288,7.3288,7.3288,7.3288,7.3288,7.3288,7.3288,7.3288,7.3288,7.3288,7.3288,7.3288,7.3288,7.3288,7.3288,7.3288,7.3288,7.3288,7.3288,7.3288,7.3288,7.3288,7.3288,7.3288,7.3288,7.3288,7.3288,7.3288,7.3288,7.3288,7.3288,7.3288,7.3288,7.3288,7.3288,7.3288,7.3288,7.3288,7.3288,7.3288,7.3288,7.3288,7.3288,7.3288,7.3288,7.3288,7.3288,7.3288,7.3288,7.3288,7.3288,7.3288,7.3288,7.3288,7.3288,7.3288,7.3288,7.3288,7.3288,7.3288,7.3288,7.3288,7.3288,7.3288,7.3288,7.3288,7.3288,7.3288,7.3288,7.3288,7.3288,7.3288,7.3288,7.3288,7.3288,7.3288,7.3288,7.3288,7.3288,7.3288,7.3288,7.3288,7.3288,7.3288,7.3288,7.3288,7.3288,7.3288,7.3288,7.3288,7.3288,7.3288,7.3288,7.3288,7.3288,7.3288,7.3288,7.3288,7.3288,7.3288,7.3288,7.3288,7.3288,7.3288
7.3228,7.3228,7.3228,7.3228,7.3228,7.3228,7.3228,7.3228,7.3228,7.3228,7.3228,7.3228,7.3228,7.3228,7.3228,7.3228,7.3228,7.3228,7.3228,7.3228,7.3228,7.3228,7.3228,7.3228,7.3228,7.3228,7.3228,7.3228,7.3228,7.3228,7.3228,7.3228,7.3228,7.3228,7.3228,7.3228,7.3228,7.3228,7.3228,7.3228,7.3228,7.3228,7.3228,7.3228,7.3228,7.3228,7.3228,7.3228,7.3228,7.3228,7.3228,7.3228,7.3228,7.3228,7.3228,7.3228,7.3228,7.3228,7.3228,7.3228,7.3228,7.3228,7.3228,7.3228,7.3228,7.3228,7.3228,7.3228,7.3228,7.3228,7.3228,7.3228,7.3228,7.3228,7.3228,7.3228,7.3228,7.3228,7.3228,7.3228,7.3228,7.3228,7.3228,7.3228,7.3228,7.3228,7.3228,7.3228,7.3228,7.3228,7.3228,7.3228,7.3228,7.3228,7.3228,7.3228,7.3228,7.3228,7.3228,7.3228,7.3228,7.3228,7.3228,7.3228,7.3228,7.3228,7.3228,7.3228,7.3228,7.3228,7.3228,7.3228,7.3228,7.3228,7.3228,7.3228,7.3228,7.3228,7.3228,7.3228,7.3228,7.3228,7.3228,7.3228,7.3228,7.3228,7.3228,7.3228,7.3228,7.3228,7.3228,7.3228,7.3228,7.3228,7.3228,7.3228,7.3228,7.3228,7.3228,7.3228,7.3228,7.3228,7.3228,7.3228,7.3228,7.3228,7.3228,7.3228,7.3228,7.3228,7.3228,7.3228,7.3228,7.3228,7.3228,7.3224,7.3224,7.3224,7.3224,7.3224,7.3224,7.3224,7.3224,7.3224,7.3224,7.3224,7.3224,7.3224,7.3224,7.3224,7.3224,7.3224,7.3224,7.3224,7.3224,7.3224,7.3224,7.3224,7.3224,7.3224,7.3224,7.3224,7.3224,7.3224,7.3224,7.3224,7.3224,7.3224,7.3224,7.3224,7.3224,7.3224,7.3224,7.3224,7.3224,7.3224,7.3224,7.3224,7.3224,7.3224,7.3224,7.3224,7.3224,7.3224,7.3224,7.3224,7.3224,7.3224,7.3224,7.3224,7.3224,7.3224,7.3224,7.3224,7.3224,7.3224,7.3224,7.3224,7.3224,7.3224,7.3224,7.3224,7.3224,7.3224,7.3224,7.3224,7.3224,7.3224,7.3224,7.3224,7.3224,7.3224,7.3224,7.3224,7.3224,7.3224,7.3224,7.3224,7.3224,7.3224,7.3224,7.3224,7.3224,7.3224,7.3224,7.3224,7.3224,7.3224,7.3224,7.3224,7.3224,7.3224,7.3224,7.3224,7.3224,7.3224,7.3224,7.3224,7.3224,7.3224,7.3224,7.3224,7.3224,7.3224,7.3224,7.3224,7.3224,7.3224,7.3224,7.3224,7.3224,7.3224,7.3224,7.3224,7.3224,7.3224,7.3224,7.3224,7.3224,7.3224,7.3224,7.3224,7.3224,7.3224,7.3224,7.3224,7.3224,7.3224,7.3224,7.3224,7.3224,7.3224,7.3224,7.3224,7.3224,7.3224,7.3224,7.3224,7.3224,7.3224,7.3224,7.3224,7.3224,7.3224,7.3224,7.3224,7.3224,7.3224,7.3224,7.3224,7.3224,7.3224,7.3224,7.3224,7.3224,7.3224,7.3224,7.3224,7.3224,7.3224,7.3224,7.3224,7.3224,7.3224,7.3224,7.3224,7.3224,7.3224,7.3224,7.3224,7.3224,7.3224,7.3224,7.3224,7.3224,7.3224,7.3224,7.3224,7.3224,7.3224,7.3224,7.3224,7.3224,7.3224,7.3224,7.3224,7.3224,7.3224,7.3224,7.3224,7.3224,7.3224,7.3224,7.3224,7.3224,7.3224,7.3224,7.3224,7.3224,7.3224,7.3224,7.3224,7.3224,7.3224,7.3224,7.3224,7.3224,7.3224,7.3224,7.3224,7.3224,7.3224,7.3224,7.3224,7.3224,7.3224,7.3224,7.3224,7.3224,7.3224,7.3224,7.3224,7.3224,7.3224,7.3224,7.3224,7.3224,7.3224,7.3224,7.3224,7.3224,7.3224,7.3224,7.3224,7.3224,7.3224,7.3224,7.3224,7.3224,7.3224,7.3224,7.3224,7.3224,7.3224,7.3224,6.1582,6.1328,6.1078,6.0828,6.0633,6.0504,6.0375,6.0250,6.0122,5.9996,5.9870,5.9742,5.9667,5.9591,5.9515,5.9441,5.9366,5.9292,5.9217,5.9142,5.9092,5.9044,5.8997,5.8947,5.8899,5.8852,5.8803,5.8757,5.8712,5.8667,5.8620,5.8575,5.8530,5.8485,5.8440,5.8396,5.8351,5.8306,5.8272,5.8244,5.8218,5.8189,5.8163,5.8135,5.8109,5.8081,5.8054,5.8026,5.8000,5.7972,5.7958,5.7946,5.7934,5.7922,5.7910,5.7898,5.7886,5.7874,5.7864,5.7853,5.7841,5.7827,5.7813,5.7801,5.7787,5.7773,5.7761,5.7747,5.7733,5.7725,5.7723,5.7723,5.7721,5.7719,5.7719,5.7717,5.7717,5.7715,5.7713,5.7711,5.7707,5.7705,5.7701,5.7697,5.7695,5.7692,5.7690,5.7686,5.7684,5.7690,5.7697,5.7705,5.7711,5.7719,5.7727,5.7735,5.7743,5.7751,5.7759,5.7767,5.7775,5.7783,5.7789,5.7797,5.7805,5.7817,5.7837,5.7856,5.7876,5.7896,5.7916,5.7936,5.7956,5.7976,5.7996,5.8016,5.8036,5.8057,5.8077,5.8097,5.8117,5.8137,5.8157,5.8177,5.8197,5.8230,5.8264,5.8296,5.8329,5.8363,5.8396,5.8430,5.8463,5.8495,5.8530,5.8563,5.8595,5.8638,5.8692,5.8745,5.8800,5.8854,5.8910,5.8966,5.9020,5.9076,5.9132,5.9190,5.9246,5.9303,5.9360,5.9418,5.9475,5.9532,5.9589,5.9648,5.9748,5.9848,6.0004,6.0183,6.0362,6.0543,6.0733,6.0932,6.1129,6.1330,6.1532,6.1743,7.3224,7.3224,7.3224,7.3224,7.3224,7.3224,7.3224,7.3224,7.3224,7.3224,7.3224,7.3224,7.3224,7.3224,7.3224,7.3224,7.3224,7.3224,7.3224,7.3224,7.3224,7.3224,7.3224,7.3224,7.3224,7.3224,7.3224,7.3224,7.3224,7.3224,7.3224,7.3224,7.3224,7.3224,7.3224,7.3224,7.3224,7.3224,7.3224,7.3224,7.3224,7.3224,7.3224,7.3224,7.3224,7.3224,7.3224,7.3224,7.3224,7.3224,7.3224,7.3224,7.3224,7.3224,7.3224,7.3224,7.3224,7.3224,7.3224,7.3224,7.3224,7.3224,7.3224,7.3224,7.3224,7.3224,7.3224,7.3224,7.3224,7.3224,7.3224,7.3224,7.3224,7.3224,7.3224,7.3224,7.3224,7.3224,7.3224,7.3224,7.3224,7.3224,7.3224,7.3224,7.3224,7.3224,7.3224,7.3224,7.3224,7.3224,7.3224,7.3224,7.3224,7.3224,7.3224,7.3224,7.3224,7.3224,7.3224,7.3224,7.3224,7.3224,7.3224,7.3224,7.3224,7.3224,7.3224,7.3224,7.3224,7.3224,7.3224,7.3224,7.3224,7.3224,7.3224,7.3224,7.3224,7.3224,7.3224,7.3224,7.3224,7.3224,7.3224,7.3224,7.3224,7.3224,7.3224,7.3224,7.3224,7.3224,7.3224,7.3224,7.3224,7.3224,7.3224,7.3224,7.3224,7.3224,7.3224,7.3224,7.3224,7.3224,7.3224,7.3224,7.3224,7.3224,7.3224,7.3224,7.3224,7.3224,7.3224,7.3224,7.3224,7.3224,7.3224,7.3224,7.3224,7.3224,7.3224,7.3224,7.3224,7.3224,7.3224,7.3224,7.3224,7.3224,7.3224,7.3224,7.3224,7.3224,7.3224,7.3224,7.3224,7.3224,7.3224,7.3224,7.3224,7.3224,7.3224,7.3224,7.3224,7.3224,7.3224,7.3224,7.3224,7.3224,7.3224,7.3224,7.3224,7.3224,7.3224,7.3224,7.3224,7.3224,7.3224,7.3224,7.3224,7.3224,7.3224,7.3224,7.3224,7.3224,7.3224,7.3224,7.3224,7.3224,7.3224,7.3224,7.3224,7.3224,7.3224,7.3224,7.3224,7.3224,7.3224,7.3224,7.3224,7.3224,7.3224,7.3224,7.3224,7.3224,7.3224,7.3224,7.3224,7.3224,7.3224,7.3224,7.3224,7.3224,7.3224,7.3224,7.3224,7.3224,7.3224,7.3224,7.3224,7.3224,7.3224,7.3224,7.3224,7.3224,7.3224,7.3224,7.3224,7.3224,7.3224,7.3224,7.3224,7.3224,7.3224,7.3224,7.3224,7.3224,7.3224,7.3224,7.3224,7.3224,7.3224,7.3224,7.3224,7.3224,7.3224,7.3224,7.3224,7.3224,7.3224,7.3224,7.3224,7.3224,7.3224,7.3224,7.3224,7.3224,7.3224,7.3224,7.3224,7.3224,7.3224,7.3224,7.3224,7.3224,7.3224,7.3224,7.3224,7.3224,7.3224,7.3224,7.3224,7.3224,7.3224,7.3224,7.3224,7.3224,7.3224,7.3224,7.3224,7.3224,7.3224,7.3224,7.3224,7.3224,7.3224,7.3224,7.3224,7.3224,7.3224,7.3224,7.3224,7.3224,7.3224,7.3224,7.3224,7.3224,7.3224,7.3224,7.3224,7.3224,7.3224,7.3224,7.3224,7.3224,7.3224,7.3224,7.3224,7.3224,7.3224,7.3224,7.3224,7.3224,7.3224,7.3224,7.3224,7.3224,7.3224,7.3224,7.3224,7.3224,7.3224,7.3224,7.3224,7.3224,7.3224,7.3224,7.3224,7.3224,7.3224,7.3224,7.3224,7.3224,7.3224,7.3224,7.3224,7.3224,7.3224,7.3224,7.3224,7.3224,7.3224,7.3224,7.3224,7.3224,7.3224,7.3224,7.3224,7.3224,7.3224,7.3224,7.3224,7.3224,7.3224,7.3224,7.3224,7.3224,7.3224,7.3224,7.3224,7.3224,7.3224,7.3224,7.3224,7.3224,7.3224,7.3224,7.3224,7.3224,7.3224
7.3170,7.3170,7.3170,7.3170,7.3170,7.3170,7.3170,7.3170,7.3170,7.3170,7.3170,7.3170,7.3170,7.3170,7.3170,7.3170,7.3170,7.3170,7.3170,7.3170,7.3170,7.3170,7.3170,7.3170,7.3170,7.3170,7.3170,7.3170,7.3170,7.3170,7.3170,7.3170,7.3170,7.3170,7.3170,7.3170,7.3170,7.3170,7.3170,7.3170,7.3170,7.3170,7.3170,7.3170,7.3170,7.3170,7.3170,7.3170,7.3170,7.3170,7.3170,7.3170,7.3170,7.3170,7.3170,7.3170,7.3170,7.3170,7.3170,7.3170,7.3170,7.3170,7.3170,7.3170,7.3170,7.3170,7.3170,7.3170,7.3170,7.3170,7.3170,7.3170,7.3170,7.3170,7.3170,7.3170,7.3170,7.3170,7.3170,7.3170,7.3170,7.3170,7.3170,7.3170,7.3170,7.3170,7.3170,7.3170,7.3170,7.3170,7.3170,7.3170,7.3170,7.3170,7.3170,7.3170,7.3170,7.3170,7.3170,7.3170,7.3170,7.3170,7.3170,7.3170,7.3170,7.3170,7.3170,7.3170,7.3170,7.3170,7.3170,7.3170,7.3170,7.3170,7.3170,7.3170,7.3170,7.3170,7.3170,7.3170,7.3170,7.3170,7.3170,7.3170,7.3170,7.3170,7.3170,7.3170,7.3170,7.3170,7.3170,7.3170,7.3170,7.3170,7.3170,7.3170,7.3170,7.3170,7.3170,7.3170,7.3170,7.3170,7.3170,7.3170,7.3170,7.3170,7.3170,7.3170,7.3170,7.3170,7.3170,7.3170,7.3170,7.3170,7.3170,7.3170,7.3170,7.3170,7.3170,7.3170,7.3170,7.3170,7.3170,7.3170,7.3170,7.3170,7.3170,7.3170,7.3170,7.3170,7.3170,7.3170,7.3170,7.3170,7.3170,7.3170,7.3170,7.3170,7.3170,7.3170,7.3170,7.3170,7.3170,7.3170,7.3170,7.3170,7.3170,7.3170,7.3170,7.3170,7.3170,7.3170,7.3170,7.3170,7.3170,7.3170,7.3170,7.3170,7.3170,7.3170,7.3170,7.3170,7.3170,7.3170,7.3170,7.3170,7.3170,7.3170,7.3170,7.3170,7.3170,7.3170,7.3170,7.3170,7.3170,7.3170,7.3170,7.3170,7.3170,7.3170,7.3170,7.3170,7.3170,7.3170,7.3170,7.3170,7.3170,7.3170,7.3170,7.3170,7.3170,7.3170,7.3170,7.3170,7.3170,7.3170,7.3170,7.3170,7.3170,7.3170,7.3170,7.3170,7.3170,7.3170,7.3170,7.3170,7.3170,7.3170,7.3170,7.3170,7.3170,7.3170,7.3170,7.3170,7.3170,7.3170,7.3170,7.3170,7.3170,7.3170,7.3170,7.3170,7.3170,7.3170,7.3170,7.3170,7.3170,7.3170,7.3170,7.3170,7.3170,7.3170,7.3170,7.3170,7.3170,7.3170,7.3170,7.3170,7.3170,7.3170,7.3170,7.3170,7.3170,7.3170,7.3170,7.3170,7.3170,7.3170,7.3170,7.3170,7.3170,7.3170,7.3170,7.3170,7.3170,7.3170,7.3170,7.3170,7.3170,7.3170,7.3170,7.3170,7.3170,7.3170,7.3170,7.3170,7.3170,7.3170,7.3170,7.3170,7.3170,7.3170,7.3170,7.3170,7.3170,7.3170,7.3170,7.3170,7.3170,7.3170,7.3170,7.3170,7.3170,7.3170,7.3170,7.3170,7.3170,7.3170,7.3170,7.3170,7.3170,7.3170,7.3170,7.3170,7.3170,7.3170,7.3170,7.3170,7.3170,7.3170,7.3170,7.3170,7.3170,7.3170,7.3170,7.3170,7.3170,7.3170,7.3170,7.3170,7.3170,7.3170,7.3170,7.3170,7.3170,7.3170,7.3170,7.3170,7.3170,7.3170,7.3170,7.3170,7.3170,7.3170,7.3170,7.3170,7.3170,7.3170,7.3170,7.3170,7.3170,7.3170,7.3170,7.3170,7.3170,7.3170,7.3170,7.3170,7.3170,7.3170,7.3170,7.3170,7.3170,7.3170,7.3170,7.3170,7.3170,7.3170,7.3170,7.3170,7.3170,7.3170,7.3170,7.3170,7.3170,7.3170,7.3170,7.3170,7.3170,7.3170,7.3170,7.3170,7.3170,7.3170,6.2515,6.1600,6.1348,6.1096,6.0846,6.0633,6.0504,6.0375,6.0248,6.0122,5.9996,5.9870,5.9759,5.9684,5.9608,5.9534,5.9458,5.9383,5.9309,5.9234,5.9159,5.9098,5.9049,5.9001,5.8951,5.8904,5.8856,5.8809,5.8763,5.8718,5.8673,5.8628,5.8581,5.8536,5.8491,5.8446,5.8402,5.8359,5.8313,5.8284,5.8258,5.8230,5.8203,5.8175,5.8149,5.8121,5.8095,5.8067,5.8040,5.8012,5.7986,5.7962,5.7950,5.7938,5.7926,5.7914,5.7902,5.7890,5.7878,5.7866,5.7854,5.7843,5.7829,5.7817,5.7803,5.7789,5.7777,5.7763,5.7749,5.7737,5.7733,5.7733,5.7731,5.7731,5.7729,5.7727,5.7727,5.7725,5.7725,5.7723,5.7719,5.7717,5.7713,5.7709,5.7707,5.7703,5.7701,5.7697,5.7695,5.7692,5.7692,5.7699,5.7705,5.7713,5.7721,5.7729,5.7737,5.7745,5.7753,5.7761,5.7769,5.7777,5.7783,5.7791,5.7799,5.7807,5.7825,5.7845,5.7864,5.7884,5.7904,5.7924,5.7944,5.7964,5.7984,5.8004,5.8024,5.8044,5.8065,5.8085,5.8105,5.8125,5.8145,5.8165,5.8185,5.8203,5.8230,5.8262,5.8296,5.8329,5.8361,5.8396,5.8428,5.8463,5.8495,5.8528,5.8563,5.8595,5.8646,5.8700,5.8753,5.8807,5.8860,5.8916,5.8972,5.9026,5.9082,5.9138,5.9196,5.9253,5.9309,5.9366,5.9425,5.9481,5.9538,5.9595,5.9655,5.9735,5.9835,6.0000,6.0181,6.0360,6.0541,6.0729,6.0934,6.1140,6.1352,6.1564,7.3170,7.3170,7.3170,7.3170,7.3170,7.3170,7.3170,7.3170,7.3170,7.3170,7.3170,7.3170,7.3170,7.3170,7.3170,7.3170,7.3170,7.3170,7.3170,7.3170,7.3170,7.3170,7.3170,7.3170,7.3170,7.3170,7.3170,7.3170,7.3170,7.3170,7.3170,7.3170,7.3170,7.3170,7.3170,7.3170,7.3170,7.3170,7.3170,7.3170,7.3170,7.3170,7.3170,7.3170,7.3170,7.3170,7.3170,7.3170,7.3170,7.3170,7.3170,7.3170,7.3170,7.3170,7.3170,7.3170,7.3170,7.3170,7.3170,7.3170,7.3170,7.3170,7.3170,7.3170,7.3170,7.3170,7.3170,7.3170,7.3170,7.3170,7.3170,7.3170,7.3170,7.3170,7.3170,7.3170,7.3170,7.3170,7.3170,7.3170,7.3170,7.3170,7.3170,7.3170,7.3170,7.3170,7.3170,7.3170,7.3170,7.3170,7.3170,7.3170,7.3170,7.3170,7.3170,7.3170,7.3170,7.3170,7.3170,7.3170,7.3170,7.3170,7.3170,7.3170,7.3170,7.3170,7.3170,7.3170,7.3170,7.3170,7.3170,7.3170,7.3170,7.3170,7.3170,7.3170,7.3170,7.3170,7.3170,7.3170,7.3170,7.3170,7.3170,7.3170,7.3170,7.3170,7.3170,7.3170,7.3170,7.3170,7.3170,7.3170,7.3170,7.3170,7.3170,7.3170,7.3170,7.3170,7.3170,7.3170,7.3170,7.3170,7.3170,7.3170,7.3170,7.3170,7.3170,7.3170,7.3170,7.3170,7.3170,7.3170,7.3170,7.3170,7.3170,7.3170,7.3170,7.3170,7.3170,7.3170,7.3170,7.3170,7.3170,7.3170,7.3170,7.3170,7.3170,7.3170,7.3170,7.3170,7.3170,7.3170,7.3170,7.3170,7.3170,7.3170,7.3170,7.3170,7.3170,7.3170,7.3170,7.3170,7.3170,7.3170,7.3170,7.3170,7.3170,7.3170,7.3170,7.3170,7.3170,7.3170,7.3170,7.3170,7.3170,7.3170,7.3170,7.3170,7.3170,7.3170,7.3170,7.3170,7.3170,7.3170,7.3170,7.3170,7.3170,7.3170,7.3170,7.3170,7.3170,7.3170,7.3170,7.3170,7.3170,7.3170,7.3170,7.3170,7.3170,7.3170,7.3170,7.3170,7.3170,7.3170,7.3170,7.3170,7.3170,7.3170,7.3170,7.3170,7.3170,7.3170,7.3170,7.3170,7.3170,7.3170,7.3170,7.3170,7.3170,7.3170,7.3170,7.3170,7.3170,7.3170,7.3170,7.3170,7.3170,7.3170,7.3170,7.3170,7.3170,7.3170,7.3170,7.3170,7.3170,7.3170,7.3170,7.3170,7.3170,7.3170,7.3170,7.3170,7.3170,7.3170,7.3170,7.3170,7.3170,7.3170,7.3170,7.3170,7.3170,7.3170,7.3170,7.3170,7.3170,7.3170,7.3170,7.3170,7.3170,7.3170,7.3170,7.3170,7.3170,7.3170,7.3170,7.3170,7.3170,7.3170,7.3170,7.3170,7.3170,7.3170,7.3170,7.3170,7.3170,7.3170,7.3170,7.3170,7.3170,7.3170,7.3170,7.3170,7.3170,7.3170,7.3170,7.3170,7.3170,7.3170,7.3170,7.3170,7.3170,7.3170,7.3170,7.3170,7.3170,7.3170,7.3170,7.3170,7.3170,7.3170,7.3170,7.3170,7.3170,7.3170,7.3170,7.3170,7.3170,7.3170,7.3170,7.3170,7.3170,7.3170,7.3170,7.3170,7.3170,7.3170,7.3170,7.3170,7.3170,7.3170,7.3170,7.3170,7.3170,7.3170,7.3170,7.3170,7.3170,7.3170,7.3170,7.3170,7.3170,7.3170,7.3170,7.3170,7.3170,7.3170,7.3170,7.3170,7.3170,7.3170,7.3170,7.3170,7.3170,7.3170,7.3170,7.3170,7.3170,7.3170,7.3170,7.3170,7.3170,7.3170,7.3170,7.3170,7.3170,7.3170,7.3170,7.3170,7.3170,7.3170,7.3170,7.3170,7.3170,7.3170,7.3170,7.3170,7.3170,7.3170
7.3103,7.3103,7.3103,7.3103,7.3103,7.3103,7.3103,7.3103,7.3103,7.3103,7.3103,7.3103,7.3103,7.3103,7.3103,7.3103,7.3103,7.3103,7.3103,7.3103,7.3103,7.3103,7.3103,7.3103,7.3103,7.3103,7.3103,7.3103,7.3103,7.3103,7.3103,7.3103,7.3103,7.3103,7.3103,7.3103,7.3103,7.3103,7.3103,7.3103,7.3103,7.3103,7.3103,7.3103,7.3103,7.3103,7.3103,7.3103,7.3103,7.3103,7.3103,7.3103,7.3103,7.3103,7.3103,7.3103,7.3103,7.3103,7.3103,7.3103,7.3103,7.3103,7.3103,7.3103,7.3103,7.3103,7.3103,7.3103,7.3103,7.3103,7.3103,7.3103,7.3103,7.3103,7.3103,7.3103,7.3103,7.3103,7.3103,7.3103,7.3103,7.3103,7.3103,7.3103,7.3103,7.3103,7.3103,7.3103,7.3103,7.3103,7.3103,7.3103,7.3103,7.3103,7.3103,7.3103,7.3103,7.3103,7.3103,7.3103,7.3103,7.3103,7.3103,7.3103,7.3103,7.3103,7.3103,7.3103,7.3103,7.3103,7.3103,7.3103,7.3103,7.3103,7.3103,7.3103,7.3103,7.3103,7.3103,7.3103,7.3103,7.3103,7.3110,7.3110,7.3110,7.3110,7.3110,7.3110,7.3110,7.3110,7.3110,7.3110,7.3110,7.3110,7.3110,7.3110,7.3110,7.3110,7.3110,7.3110,7.3110,7.3110,7.3110,7.3110,7.3110,7.3110,7.3110,7.3110,7.3110,7.3110,7.3110,7.3110,7.3110,7.3110,7.3110,7.3110,7.3110,7.3110,7.3110,7.3110,7.3110,7.3110,7.3110,7.3110,7.3110,7.3110,7.3110,7.3110,7.3110,7.3110,7.3110,7.3110,7.3110,7.3110,7.3110,7.3110,7.3110,7.3110,7.3110,7.3110,7.3110,7.3110,7.3110,7.3110,7.3110,7.3110,7.3110,7.3110,7.3110,7.3110,7.3110,7.3110,7.3110,7.3110,7.3110,7.3110,7.3110,7.3110,7.3110,7.3110,7.3110,7.3110,7.3110,7.3110,7.3110,7.3110,7.3110,7.3110,7.3110,7.3110,7.3110,7.3110,7.3110,7.3110,7.3110,7.3110,7.3110,7.3110,7.3110,7.3110,7.3110,7.3110,7.3110,7.3110,7.3110,7.3110,7.3110,7.3110,7.3110,7.3110,7.3110,7.3110,7.3110,7.3110,7.3110,7.3110,7.3110,7.3110,7.3110,7.3110,7.3110,7.3110,7.3110,7.3110,7.3110,7.3110,7.3110,7.3110,7.3110,7.3110,7.3110,7.3110,7.3110,7.3110,7.3110,7.3110,7.3110,7.3110,7.3110,7.3110,7.3110,7.3110,7.3110,7.3110,7.3110,7.3110,7.3110,7.3110,7.3110,7.3110,7.3110,7.3110,7.3110,7.3110,7.3110,7.3110,7.3110,7.3110,7.3110,7.3110,7.3110,7.3110,7.3110,7.3110,7.3110,7.3110,7.3110,7.3110,7.3110,7.3110,7.3110,7.3110,7.3110,7.3110,7.3110,7.3110,7.3110,7.3110,7.3110,7.3110,7.3110,7.3110,7.3110,7.3110,7.3110,7.3110,7.3110,7.3110,7.3110,7.3110,7.3110,7.3110,7.3110,7.3110,7.3110,7.3110,7.3110,7.3110,7.3110,7.3110,7.3110,7.3110,7.3110,7.3110,7.3110,7.3110,7.3110,7.3110,7.3110,7.3110,7.3110,7.3110,7.3110,7.3110,7.3110,7.3110,7.3110,7.3110,7.3110,7.3110,7.3110,7.3110,7.3110,7.3110,7.3110,7.3110,7.3110,7.3110,7.3110,7.3110,7.3110,7.3110,7.3110,7.3110,7.3110,7.3110,7.3110,7.3110,7.3110,7.3110,7.3110,7.3110,7.3110,7.3110,7.3110,7.3110,7.3110,7.3110,7.3110,7.3110,7.3110,7.3110,7.3110,7.3110,7.3110,7.3110,7.3110,7.3110,7.3110,7.3110,7.3110,7.3110,7.3110,7.3110,7.3110,7.3110,7.3110,7.3110,7.3110,7.3110,7.3110,7.3110,7.3110,7.3110,7.3110,7.3110,7.3110,7.3110,7.3110,7.3110,7.3110,7.3110,7.3110,7.3110,6.2302,6.1620,6.1366,6.1114,6.0865,6.0630,6.0501,6.0375,6.0248,6.0120,5.9996,5.9870,5.9774,5.9699,5.9625,5.9551,5.9475,5.9399,5.9326,5.9251,5.9178,5.9103,5.9053,5.9005,5.8957,5.8908,5.8860,5.8815,5.8770,5.8724,5.8679,5.8634,5.8589,5.8542,5.8497,5.8453,5.8408,5.8363,5.8325,5.8298,5.8270,5.8242,5.8215,5.8187,5.8161,5.8133,5.8107,5.8079,5.8052,5.8024,5.7998,5.7970,5.7952,5.7940,5.7928,5.7916,5.7904,5.7892,5.7880,5.7868,5.7856,5.7845,5.7833,5.7819,5.7805,5.7793,5.7779,5.7765,5.7753,5.7743,5.7743,5.7741,5.7741,5.7739,5.7737,5.7737,5.7735,5.7735,5.7733,5.7731,5.7729,5.7725,5.7723,5.7719,5.7715,5.7713,5.7709,5.7707,5.7703,5.7701,5.7697,5.7699,5.7707,5.7715,5.7723,5.7731,5.7739,5.7747,5.7755,5.7763,5.7771,5.7779,5.7785,5.7793,5.7801,5.7813,5.7833,5.7853,5.7872,5.7892,5.7912,5.7932,5.7952,5.7972,5.7992,5.8012,5.8032,5.8052,5.8073,5.8093,5.8115,5.8135,5.8155,5.8173,5.8193,5.8213,5.8232,5.8262,5.8294,5.8329,5.8361,5.8394,5.8428,5.8461,5.8495,5.8528,5.8561,5.8601,5.8653,5.8706,5.8759,5.8813,5.8866,5.8922,5.8976,5.9032,5.9088,5.9144,5.9201,5.9259,5.9316,5.9372,5.9431,5.9488,5.9545,5.9602,5.9661,5.9721,5.9820,5.9998,6.0176,6.0358,6.0549,6.0749,6.0956,6.1171,6.1384,6.1593,7.3110,7.3110,7.3110,7.3110,7.3110,7.3110,7.3110,7.3110,7.3110,7.3110,7.3110,7.3110,7.3110,7.3110,7.3110,7.3110,7.3110,7.3110,7.3110,7.3110,7.3110,7.3110,7.3110,7.3110,7.3110,7.3110,7.3110,7.3110,7.3110,7.3110,7.3110,7.3110,7.3110,7.3110,7.3110,7.3110,7.3110,7.3110,7.3110,7.3110,7.3110,7.3110,7.3110,7.3110,7.3110,7.3110,7.3110,7.3110,7.3110,7.3110,7.3110,7.3110,7.3110,7.3110,7.3110,7.3110,7.3110,7.3110,7.3110,7.3110,7.3110,7.3110,7.3110,7.3110,7.3110,7.3110,7.3110,7.3110,7.3110,7.3110,7.3110,7.3110,7.3110,7.3110,7.3110,7.3110,7.3110,7.3110,7.3110,7.3110,7.3110,7.3110,7.3110,7.3110,7.3110,7.3110,7.3110,7.3110,7.3110,7.3110,7.3110,7.3110,7.3110,7.3110,7.3110,7.3110,7.3110,7.3110,7.3110,7.3110,7.3110,7.3110,7.3110,7.3110,7.3110,7.3110,7.3110,7.3110,7.3110,7.3110,7.3110,7.3110,7.3110,7.3110,7.3110,7.3110,7.3110,7.3110,7.3110,7.3110,7.3110,7.3110,7.3110,7.3110,7.3110,7.3110,7.3110,7.3110,7.3110,7.3110,7.3110,7.3110,7.3110,7.3110,7.3110,7.3110,7.3110,7.3110,7.3110,7.3110,7.3110,7.3110,7.3110,7.3110,7.3110,7.3110,7.3110,7.3110,7.3110,7.3110,7.3110,7.3110,7.3110,7.3110,7.3110,7.3110,7.3110,7.3110,7.3110,7.3110,7.3110,7.3110,7.3110,7.3110,7.3110,7.3110,7.3110,7.3110,7.3110,7.3110,7.3110,7.3110,7.3110,7.3110,7.3110,7.3110,7.3110,7.3110,7.3110,7.3110,7.3110,7.3110,7.3110,7.3110,7.3110,7.3110,7.3110,7.3110,7.3110,7.3110,7.3110,7.3110,7.3110,7.3110,7.3110,7.3110,7.3110,7.3110,7.3110,7.3110,7.3110,7.3110,7.3110,7.3110,7.3110,7.3110,7.3110,7.3110,7.3110,7.3110,7.3110,7.3110,7.3110,7.3110,7.3110,7.3110,7.3110,7.3110,7.3110,7.3110,7.3110,7.3110,7.3110,7.3110,7.3110,7.3110,7.3110,7.3110,7.3110,7.3110,7.3110,7.3110,7.3110,7.3110,7.3110,7.3110,7.3110,7.3110,7.3110,7.3110,7.3110,7.3110,7.3110,7.3110,7.3110,7.3110,7.3110,7.3110,7.3110,7.3110,7.3110,7.3110,7.3110,7.3110,7.3110,7.3110,7.3110,7.3110,7.3110,7.3110,7.3110,7.3110,7.3110,7.3110,7.3110,7.3110,7.3110,7.3110,7.3110,7.3110,7.3110,7.3110,7.3110,7.3110,7.3110,7.3110,7.3110,7.3110,7.3110,7.3110,7.3110,7.3110,7.3110,7.3110,7.3110,7.3110,7.3110,7.3110,7.3110,7.3110,7.3110,7.3110,7.3110,7.3110,7.3110,7.3110,7.3110,7.3110,7.3110,7.3110,7.3110,7.3110,7.3110,7.3110,7.3110,7.3110,7.3110,7.3110,7.3110,7.3110,7.3110,7.3110,7.3110,7.3110,7.3110,7.3110,7.3110,7.3110,7.3110,7.3110,7.3110,7.3110,7.3110,7.3110,7.3110,7.3110,7.3110,7.3110,7.3110,7.3110,7.3110,7.3110,7.3110,7.3110,7.3110,7.3110,7.3110,7.3110,7.3110,7.3110,7.3110,7.3110,7.3110,7.3110,7.3110,7.3110,7.3110,7.3110,7.3110,7.3110,7.3110,7.3110,7.3110,7.3110,7.3110,7.3110,7.3110,7.3110,7.3110,7.3110,7.3110,7.3110,7.3110,7.3110,7.3110,7.3110,7.3110,7.3110,7.3110,7.3110,7.3110,7.3110,7.3110,7.3110,7.3110,7.3110,7.3110,7.3110,7.3110,7.3110,7.3110,7.3110,7.3110,7.3110,7.3110,7.3110,7.3110,7.3110
7.3049,7.3049,7.3049,7.3049,7.3049,7.3049,7.3049,7.3049,7.3049,7.3049,7.3049,7.3049,7.3049,7.3049,7.3049,7.3049,7.3049,7.3049,7.3049,7.3049,7.3049,7.3049,7.3049,7.3049,7.3049,7.3049,7.3049,7.3049,7.3049,7.3049,7.3049,7.3049,7.3049,7.3049,7.3049,7.3049,7.3049,7.3049,7.3049,7.3049,7.3049,7.3049,7.3049,7.3049,7.3049,7.3049,7.3049,7.3049,7.3049,7.3049,7.3049,7.3049,7.3049,7.3049,7.3049,7.3049,7.3049,7.3049,7.3049,7.3049,7.3049,7.3049,7.3049,7.3049,7.3049,7.3049,7.3049,7.3049,7.3049,7.3049,7.3049,7.3049,7.3049,7.3049,7.3049,7.3049,7.3049,7.3049,7.3049,7.3049,7.3049,7.3049,7.3049,7.3049,7.3049,7.3049,7.3049,7.3049,7.3049,7.3049,7.3049,7.3049,7.3049,7.3049,7.3049,7.3049,7.3049,7.3049,7.3049,7.3049,7.3049,7.3049,7.3049,7.3049,7.3049,7.3049,7.3049,7.3049,7.3049,7.3049,7.3049,7.3049,7.3049,7.3049,7.3049,7.3049,7.3049,7.3049,7.3049,7.3049,7.3049,7.3049,7.3049,7.3049,7.3049,7.3049,7.3049,7.3049,7.3049,7.3049,7.3049,7.3049,7.3049,7.3049,7.3049,7.3049,7.3049,7.3049,7.3049,7.3049,7.3049,7.3049,7.3049,7.3049,7.3049,7.3049,7.3049,7.3049,7.3049,7.3049,7.3049,7.3049,7.3049,7.3049,7.3049,7.3049,7.3049,7.3049,7.3049,7.3049,7.3049,7.3049,7.3049,7.3049,7.3049,7.3049,7.3049,7.3049,7.3049,7.3049,7.3049,7.3049,7.3049,7.3049,7.3049,7.3049,7.3049,7.3049,7.3049,7.3049,7.3049,7.3049,7.3049,7.3049,7.3049,7.3049,7.3049,7.3049,7.3049,7.3049,7.3049,7.3049,7.3049,7.3049,7.3049,7.3049,7.3049,7.3049,7.3049,7.3049,7.3049,7.3049,7.3049,7.3049,7.3049,7.3049,7.3049,7.3049,7.3049,7.3049,7.3049,7.3049,7.3049,7.3049,7.3049,7.3049,7.3049,7.3049,7.3049,7.3049,7.3049,7.3049,7.3049,7.3049,7.3049,7.3049,7.3049,7.3049,7.3049,7.3049,7.3049,7.3049,7.3049,7.3049,7.3049,7.3049,7.3049,7.3049,7.3049,7.3049,7.3049,7.3049,7.3049,7.3049,7.3049,7.3049,7.3049,7.3049,7.3049,7.3049,7.3049,7.3049,7.3049,7.3049,7.3049,7.3049,7.3049,7.3049,7.3049,7.3049,7.3049,7.3049,7.3049,7.3049,7.3049,7.3049,7.3049,7.3049,7.3049,7.3049,7.3049,7.3049,7.3049,7.3049,7.3049,7.3049,7.3049,7.3049,7.3049,7.3049,7.3049,7.3049,7.3049,7.3049,7.3049,7.3049,7.3049,7.3049,7.3049,7.3049,7.3049,7.3049,7.3049,7.3049,7.3049,7.3049,7.3049,7.3049,7.3049,7.3049,7.3049,7.3049,7.3049,7.3049,7.3049,7.3049,7.3049,7.3049,7.3049,7.3049,7.3049,7.3049,7.3049,7.3049,7.3049,7.3049,7.3049,7.3049,7.3049,7.3049,7.3049,7.3049,7.3049,7.3049,7.3049,7.3049,7.3049,7.3049,7.3049,7.3049,7.3049,7.3049,7.3049,7.3049,7.3049,7.3049,7.3049,7.3049,7.3049,7.3049,7.3049,7.3049,7.3049,7.3049,7.3049,7.3049,7.3049,7.3049,7.3049,7.3049,7.3049,7.3049,7.3049,7.3049,7.3049,7.3049,7.3049,7.3049,7.3049,7.3049,7.3049,7.3049,7.3049,7.3049,7.3049,7.3049,7.3049,7.3049,7.3049,7.3049,7.3049,7.3049,7.3049,7.3049,7.3049,7.3049,7.3043,7.3043,7.3043,7.3043,7.3043,7.3043,7.3043,7.3043,7.3043,7.3043,7.3043,7.3043,7.3043,7.3043,7.3043,7.3043,7.3043,7.3043,7.3043,7.3043,7.3043,7.3043,7.3043,7.3043,7.3043,7.3043,7.3043,7.3043,6.2087,6.1645,6.1384,6.1134,6.0883,6.0648,6.0501,6.0373,6.0248,6.0120,5.9994,5.9867,5.9789,5.9716,5.9642,5.9566,5.9492,5.9416,5.9343,5.9267,5.9194,5.9119,5.9059,5.9009,5.8962,5.8914,5.8866,5.8821,5.8776,5.8731,5.8685,5.8640,5.8595,5.8550,5.8503,5.8459,5.8414,5.8369,5.8339,5.8310,5.8282,5.8256,5.8228,5.8201,5.8173,5.8147,5.8119,5.8093,5.8065,5.8038,5.8010,5.7984,5.7956,5.7942,5.7930,5.7918,5.7908,5.7896,5.7884,5.7872,5.7860,5.7849,5.7835,5.7821,5.7809,5.7795,5.7781,5.7769,5.7755,5.7753,5.7751,5.7751,5.7749,5.7749,5.7747,5.7745,5.7745,5.7743,5.7743,5.7741,5.7737,5.7735,5.7731,5.7729,5.7725,5.7721,5.7719,5.7715,5.7713,5.7709,5.7707,5.7705,5.7709,5.7717,5.7725,5.7733,5.7741,5.7749,5.7757,5.7765,5.7773,5.7779,5.7787,5.7795,5.7803,5.7821,5.7841,5.7860,5.7880,5.7900,5.7920,5.7940,5.7960,5.7980,5.8000,5.8020,5.8040,5.8061,5.8083,5.8103,5.8123,5.8143,5.8163,5.8181,5.8201,5.8222,5.8240,5.8262,5.8294,5.8331,5.8361,5.8394,5.8428,5.8461,5.8493,5.8528,5.8561,5.8608,5.8661,5.8714,5.8768,5.8819,5.8873,5.8928,5.8982,5.9038,5.9094,5.9150,5.9207,5.9265,5.9322,5.9378,5.9435,5.9494,5.9551,5.9608,5.9667,5.9725,5.9816,5.9994,6.0183,6.0371,6.0565,6.0773,6.0987,6.1203,6.1413,6.1623,7.3043,7.3043,7.3043,7.3043,7.3043,7.3043,7.3043,7.3043,7.3043,7.3043,7.3043,7.3043,7.3043,7.3043,7.3043,7.3043,7.3043,7.3043,7.3043,7.3043,7.3043,7.3043,7.3043,7.3043,7.3043,7.3043,7.3043,7.3043,7.3043,7.3043,7.3043,7.3043,7.3043,7.3043,7.3043,7.3043,7.3043,7.3043,7.3043,7.3043,7.3043,7.3043,7.3043,7.3043,7.3043,7.3043,7.3043,7.3043,7.3043,7.3043,7.3043,7.3043,7.3043,7.3043,7.3043,7.3043,7.3043,7.3043,7.3043,7.3043,7.3043,7.3043,7.3043,7.3043,7.3043,7.3043,7.3043,7.3043,7.3043,7.3043,7.3043,7.3043,7.3043,7.3043,7.3043,7.3043,7.3043,7.3043,7.3043,7.3043,7.3043,7.3043,7.3043,7.3043,7.3043,7.3043,7.3043,7.3043,7.3043,7.3043,7.3043,7.3043,7.3043,7.3043,7.3043,7.3043,7.3043,7.3043,7.3043,7.3043,7.3043,7.3043,7.3043,7.3043,7.3043,7.3043,7.3043,7.3043,7.3043,7.3043,7.3043,7.3043,7.3043,7.3043,7.3043,7.3043,7.3043,7.3043,7.3043,7.3043,7.3043,7.3043,7.3043,7.3043,7.3043,7.3043,7.3043,7.3043,7.3043,7.3043,7.3043,7.3043,7.3043,7.3043,7.3043,7.3043,7.3043,7.3043,7.3043,7.3043,7.3043,7.3043,7.3043,7.3043,7.3043,7.3043,7.3043,7.3043,7.3043,7.3043,7.3043,7.3043,7.3043,7.3043,7.3043,7.3043,7.3043,7.3043,7.3043,7.3043,7.3043,7.3043,7.3043,7.3043,7.3043,7.3043,7.3043,7.3043,7.3043,7.3043,7.3043,7.3043,7.3043,7.3043,7.3043,7.3043,7.3043,7.3043,7.3043,7.3043,7.3043,7.3043,7.3043,7.3043,7.3043,7.3043,7.3043,7.3043,7.3043,7.3043,7.3043,7.3043,7.3043,7.3043,7.3043,7.3043,7.3043,7.3043,7.3043,7.3043,7.3043,7.3043,7.3043,7.3043,7.3043,7.3043,7.3043,7.3043,7.3043,7.3043,7.3043,7.3043,7.3043,7.3043,7.3043,7.3043,7.3043,7.3043,7.3043,7.3043,7.3043,7.3043,7.3043,7.3043,7.3043,7.3043,7.3043,7.3043,7.3043,7.3043,7.3043,7.3043,7.3043,7.3043,7.3043,7.3043,7.3043,7.3043,7.3043,7.3043,7.3043,7.3043,7.3043,7.3043,7.3043,7.3043,7.3043,7.3043,7.3043,7.3043,7.3043,7.3043,7.3043,7.3043,7.3043,7.3043,7.3043,7.3043,7.3043,7.3043,7.3043,7.3043,7.3043,7.3043,7.3043,7.3043,7.3043,7.3043,7.3043,7.3043,7.3043,7.3043,7.3043,7.3043,7.3043,7.3043,7.3043,7.3043,7.3043,7.3043,7.3043,7.3043,7.3043,7.3043,7.3043,7.3043,7.3043,7.3043,7.3043,7.3043,7.3043,7.3043,7.3043,7.3043,7.3043,7.3043,7.3043,7.3043,7.3043,7.3043,7.3043,7.3043,7.3043,7.3043,7.3043,7.3043,7.3043,7.3043,7.3043,7.3043,7.3043,7.3043,7.3043,7.3043,7.3043,7.3043,7.3043,7.3043,7.3043,7.3043,7.3043,7.3043,7.3043,7.3043,7.3043,7.3043,7.3043,7.3043,7.3043,7.3043,7.3043,7.3043,7.3043,7.3043,7.3043,7.3043,7.3043,7.3043,7.3043,7.3043,7.3043,7.3043,7.3043,7.3043,7.3043,7.3043,7.3043,7.3043,7.3043,7.3043,7.3043,7.3043,7.3043,7.3043,7.3043,7.3043,7.3043,7.3043,7.3043,7.3043,7.3043,7.3043,7.3043,7.3043,7.3043,7.3043,7.3043,7.3043,7.3043,7.3043,7.3043,7.3043,7.3043,7.3043,7.3043,7.3043,7.3043,7.3043,7.3043,7.3043,7.3043,7.3043,7.3043,7.3043,7.3043,7.3043,7.3043,7.3043
7.2982,7.2982,7.2982,7.2982,7.2982,7.2982,7.2982,7.2982,7.2982,7.2982,7.2982,7.2982,7.2982,7.2982,7.2982,7.2982,7.2982,7.2982,7.2982,7.2982,7.2982,7.2982,7.2982,7.2982,7.2982,7.2982,7.2982,7.2982,7.2982,7.2982,7.2982,7.2982,7.2982,7.2982,7.2982,7.2982,7.2982,7.2982,7.2982,7.2982,7.2982,7.2982,7.2982,7.2982,7.2982,7.2982,7.2982,7.2982,7.2982,7.2982,7.2982,7.2982,7.2982,7.2982,7.2982,7.2982,7.2982,7.2982,7.2982,7.2982,7.2982,7.2982,7.2982,7.2982,7.2982,7.2982,7.2982,7.2982,7.2982,7.2982,7.2982,7.2982,7.2982,7.2989,7.2989,7.2989,7.2989,7.2989,7.2989,7.2989,7.2989,7.2989,7.2989,7.2989,7.2989,7.2989,7.2989,7.2989,7.2989,7.2989,7.2989,7.2989,7.2989,7.2989,7.2989,7.2989,7.2989,7.2989,7.2989,7.2989,7.2989,7.2989,7.2989,7.2989,7.2989,7.2989,7.2989,7.2989,7.2989,7.2989,7.2989,7.2989,7.2989,7.2989,7.2989,7.2989,7.2989,7.2989,7.2989,7.2989,7.2989,7.2989,7.2989,7.2989,7.2989,7.2989,7.2989,7.2989,7.2989,7.2989,7.2989,7.2989,7.2989,7.2989,7.2989,7.2989,7.2989,7.2989,7.2989,7.2989,7.2989,7.2989,7.2989,7.2989,7.2989,7.2989,7.2989,7.2989,7.2989,7.2989,7.2989,7.2989,7.2989,7.2989,7.2989,7.2989,7.2989,7.2989,7.2989,7.2989,7.2989,7.2989,7.2989,7.2989,7.2989,7.2989,7.2989,7.2989,7.2989,7.2989,7.2989,7.2989,7.2989,7.2989,7.2989,7.2989,7.2989,7.2989,7.2989,7.2989,7.2989,7.2989,7.2989,7.2989,7.2989,7.2989,7.2989,7.2989,7.2989,7.2989,7.2989,7.2989,7.2989,7.2989,7.2989,7.2989,7.2989,7.2989,7.2989,7.2989,7.2989,7.2989,7.2989,7.2989,7.2989,7.2989,7.2989,7.2989,7.2989,7.2989,7.2989,7.2989,7.2989,7.2989,7.2989,7.2989,7.2989,7.2989,7.2989,7.2989,7.2989,7.2989,7.2989,7.2989,7.2989,7.2989,7.2989,7.2989,7.2989,7.2989,7.2989,7.2989,7.2989,7.2989,7.2989,7.2989,7.2989,7.2989,7.2989,7.2989,7.2989,7.2989,7.2989,7.2989,7.2989,7.2989,7.2989,7.2989,7.2989,7.2989,7.2989,7.2989,7.2989,7.2989,7.2989,7.2989,7.2989,7.2989,7.2989,7.2989,7.2989,7.2989,7.2989,7.2989,7.2989,7.2989,7.2989,7.2989,7.2989,7.2989,7.2989,7.2989,7.2989,7.2989,7.2989,7.2989,7.2989,7.2989,7.2989,7.2989,7.2989,7.2989,7.2989,7.2989,7.2989,7.2989,7.2989,7.2989,7.2989,7.2989,7.2989,7.2989,7.2989,7.2989,7.2989,7.2989,7.2989,7.2989,7.2989,7.2989,7.2989,7.2989,7.2989,7.2989,7.2989,7.2989,7.2989,7.2989,7.2989,7.2989,7.2989,7.2989,7.2989,7.2989,7.2989,7.2989,7.2989,7.2989,7.2989,7.2989,7.2989,7.2989,7.2989,7.2989,7.2989,7.2989,7.2989,7.2989,7.2989,7.2989,7.2989,7.2989,7.2989,7.2989,7.2989,7.2989,7.2989,7.2989,7.2989,7.2989,7.2989,7.2989,7.2989,7.2989,7.2989,7.2989,7.2989,7.2989,7.2989,7.2989,7.2989,7.2989,7.2989,7.2989,7.2989,7.2989,7.2989,7.2989,7.2989,7.2989,7.2989,7.2989,7.2989,7.2989,7.2989,7.2989,7.2989,7.2989,7.2989,7.2989,7.2989,7.2989,7.2989,7.2989,7.2989,7.2989,7.2989,7.2989,7.2989,7.2989,7.2989,7.2989,7.2989,7.2989,7.2989,7.2989,7.2989,7.2989,7.2989,7.2989,7.2989,7.2989,7.2989,7.2989,7.2989,7.2989,7.2989,7.2989,7.2989,7.2989,7.2989,7.2989,7.2989,7.2989,6.1954,6.1668,6.1404,6.1151,6.0901,6.0668,6.0501,6.0373,6.0245,6.0118,5.9996,5.9874,5.9803,5.9731,5.9657,5.9583,5.9507,5.9433,5.9360,5.9284,5.9211,5.9136,5.9063,5.9013,5.8966,5.8920,5.8875,5.8827,5.8782,5.8737,5.8692,5.8646,5.8601,5.8556,5.8512,5.8465,5.8420,5.8377,5.8351,5.8325,5.8296,5.8268,5.8242,5.8213,5.8187,5.8159,5.8133,5.8105,5.8079,5.8050,5.8022,5.7996,5.7968,5.7946,5.7934,5.7922,5.7910,5.7898,5.7886,5.7874,5.7862,5.7851,5.7837,5.7825,5.7811,5.7797,5.7785,5.7771,5.7763,5.7761,5.7761,5.7759,5.7759,5.7757,5.7757,5.7755,5.7753,5.7753,5.7751,5.7751,5.7747,5.7743,5.7741,5.7737,5.7735,5.7731,5.7727,5.7725,5.7723,5.7719,5.7717,5.7713,5.7711,5.7719,5.7727,5.7735,5.7743,5.7751,5.7759,5.7767,5.7773,5.7781,5.7789,5.7797,5.7809,5.7829,5.7849,5.7868,5.7888,5.7908,5.7928,5.7948,5.7968,5.7988,5.8008,5.8028,5.8050,5.8071,5.8091,5.8111,5.8131,5.8151,5.8171,5.8189,5.8209,5.8230,5.8248,5.8268,5.8294,5.8329,5.8359,5.8394,5.8426,5.8461,5.8493,5.8526,5.8563,5.8616,5.8667,5.8720,5.8774,5.8827,5.8881,5.8935,5.8988,5.9044,5.9101,5.9157,5.9213,5.9272,5.9328,5.9385,5.9441,5.9500,5.9557,5.9615,5.9672,5.9731,5.9823,6.0009,6.0196,6.0386,6.0591,6.0804,6.1016,6.1232,6.1444,6.1654,7.2989,7.2989,7.2989,7.2989,7.2989,7.2989,7.2989,7.2989,7.2989,7.2989,7.2989,7.2989,7.2989,7.2989,7.2989,7.2989,7.2989,7.2989,7.2989,7.2989,7.2989,7.2989,7.2989,7.2989,7.2989,7.2989,7.2989,7.2989,7.2989,7.2989,7.2989,7.2989,7.2989,7.2989,7.2989,7.2989,7.2989,7.2989,7.2989,7.2989,7.2989,7.2989,7.2989,7.2989,7.2989,7.2989,7.2989,7.2989,7.2989,7.2989,7.2989,7.2989,7.2989,7.2989,7.2989,7.2989,7.2989,7.2989,7.2989,7.2989,7.2989,7.2989,7.2989,7.2989,7.2989,7.2989,7.2989,7.2989,7.2989,7.2989,7.2989,7.2989,7.2989,7.2989,7.2989,7.2989,7.2989,7.2989,7.2989,7.2989,7.2989,7.2989,7.2989,7.2989,7.2989,7.2989,7.2989,7.2989,7.2989,7.2989,7.2989,7.2989,7.2989,7.2989,7.2989,7.2989,7.2989,7.2989,7.2989,7.2989,7.2989,7.2989,7.2989,7.2989,7.2989,7.2989,7.2989,7.2989,7.2989,7.2989,7.2989,7.2989,7.2989,7.2989,7.2989,7.2989,7.2989,7.2989,7.2989,7.2989,7.2989,7.2989,7.2989,7.2989,7.2989,7.2989,7.2989,7.2989,7.2989,7.2989,7.2989,7.2989,7.2989,7.2989,7.2989,7.2989,7.2989,7.2989,7.2989,7.2989,7.2989,7.2989,7.2989,7.2989,7.2989,7.2989,7.2989,7.2989,7.2989,7.2989,7.2989,7.2989,7.2989,7.2989,7.2989,7.2989,7.2989,7.2989,7.2989,7.2989,7.2989,7.2989,7.2989,7.2989,7.2989,7.2989,7.2989,7.2989,7.2989,7.2989,7.2989,7.2989,7.2989,7.2989,7.2989,7.2989,7.2989,7.2989,7.2989,7.2989,7.2989,7.2989,7.2989,7.2989,7.2989,7.2989,7.2989,7.2989,7.2989,7.2989,7.2989,7.2989,7.2989,7.2989,7.2989,7.2989,7.2989,7.2989,7.2989,7.2989,7.2989,7.2989,7.2989,7.2989,7.2989,7.2989,7.2989,7.2989,7.2989,7.2989,7.2989,7.2989,7.2989,7.2989,7.2989,7.2989,7.2989,7.2989,7.2989,7.2989,7.2989,7.2989,7.2989,7.2989,7.2989,7.2989,7.2989,7.2989,7.2989,7.2989,7.2989,7.2989,7.2989,7.2989,7.2989,7.2989,7.2989,7.2989,7.2989,7.2989,7.2989,7.2989,7.2989,7.2989,7.2989,7.2989,7.2989,7.2989,7.2989,7.2989,7.2989,7.2989,7.2989,7.2989,7.2989,7.2989,7.2989,7.2989,7.2989,7.2989,7.2989,7.2989,7.2989,7.2989,7.2989,7.2989,7.2989,7.2989,7.2989,7.2989,7.2989,7.2989,7.2989,7.2989,7.2989,7.2989,7.2989,7.2989,7.2989,7.2989,7.2989,7.2989,7.2989,7.2989,7.2989,7.2989,7.2989,7.2989,7.2989,7.2989,7.2989,7.2989,7.2989,7.2989,7.2989,7.2989,7.2989,7.2989,7.2989,7.2989,7.2989,7.2989,7.2989,7.2989,7.2989,7.2989,7.2989,7.2989,7.2989,7.2989,7.2989,7.2989,7.2989,7.2989,7.2989,7.2989,7.2989,7.2989,7.2989,7.2989,7.2989,7.2989,7.2989,7.2989,7.2989,7.2989,7.2989,7.2989,7.2989,7.2989,7.2989,7.2989,7.2989,7.2989,7.2989,7.2989,7.2989,7.2989,7.2989,7.2989,7.2989,7.2989,7.2989,7.2989,7.2989,7.2989,7.2989,7.2989,7.2989,7.2989,7.2989,7.2989,7.2989,7.2989,7.2989,7.2989,7.2989,7.2989,7.2989,7.2989,7.2989,7.2989,7.2989,7.2989,7.2989,7.2989,7.2989,7.2989,7.2989,7.2989,7.2989,7.2989,7.2989,7.2989,7.2989,7.2989,7.2989,7.2989,7.2989,7.2989,7.2989,7.2989,7.2989,7.2989,7.2989,7.2989,7.2989,7.2989
7.2925,7.2925,7.2925,7.2925,7.2925,7.2925,7.2925,7.2925,7.2925,7.2925,7.2925,7.2925,7.2925,7.2925,7.2925,7.2925,7.2925,7.2925,7.2925,7.2925,7.2925,7.2925,7.2925,7.2925,7.2925,7.2925,7.2925,7.2925,7.2925,7.2925,7.2925,7.2925,7.2925,7.2925,7.2925,7.2925,7.2925,7.2925,7.2925,7.2925,7.2925,7.2925,7.2925,7.2925,7.2925,7.2925,7.2925,7.2925,7.2925,7.2925,7.2925,7.2925,7.2925,7.2925,7.2925,7.2925,7.2925,7.2925,7.2925,7.2925,7.2925,7.2925,7.2925,7.2925,7.2925,7.2925,7.2925,7.2925,7.2925,7.2925,7.2925,7.2925,7.2925,7.2925,7.2925,7.2925,7.2925,7.2925,7.2925,7.2925,7.2925,7.2925,7.2925,7.2925,7.2925,7.2925,7.2925,7.2925,7.2925,7.2925,7.2925,7.2925,7.2925,7.2925,7.2925,7.2925,7.2925,7.2925,7.2925,7.2925,7.2925,7.2925,7.2925,7.2925,7.2925,7.2925,7.2925,7.2925,7.2925,7.2925,7.2925,7.2925,7.2925,7.2925,7.2925,7.2925,7.2925,7.2925,7.2925,7.2925,7.2925,7.2925,7.2925,7.2925,7.2925,7.2925,7.2925,7.2925,7.2925,7.2925,7.2925,7.2925,7.2925,7.2925,7.2925,7.2925,7.2925,7.2925,7.2925,7.2925,7.2925,7.2925,7.2925,7.2925,7.2925,7.2925,7.2925,7.2925,7.2925,7.2925,7.2925,7.2925,7.2925,7.2925,7.2925,7.2925,7.2925,7.2925,7.2925,7.2925,7.2925,7.2925,7.2925,7.2925,7.2925,7.2925,7.2925,7.2925,7.2929,7.2929,7.2929,7.2929,7.2929,7.2929,7.2929,7.2929,7.2929,7.2929,7.2929,7.2929,7.2929,7.2929,7.2929,7.2929,7.2929,7.2929,7.2929,7.2929,7.2929,7.2929,7.2929,7.2929,7.2929,7.2929,7.2929,7.2929,7.2929,7.2929,7.2929,7.2929,7.2929,7.2929,7.2929,7.2929,7.2929,7.2929,7.2929,7.2929,7.2929,7.2929,7.2929,7.2929,7.2929,7.2929,7.2929,7.2929,7.2929,7.2929,7.2929,7.2929,7.2929,7.2929,7.2929,7.2929,7.2929,7.2929,7.2929,7.2929,7.2929,7.2929,7.2929,7.2929,7.2929,7.2929,7.2929,7.2929,7.2929,7.2929,7.2929,7.2929,7.2929,7.2929,7.2929,7.2929,7.2929,7.2929,7.2929,7.2929,7.2929,7.2929,7.2929,7.2929,7.2929,7.2929,7.2929,7.2929,7.2929,7.2929,7.2929,7.2929,7.2929,7.2929,7.2929,7.2929,7.2929,7.2929,7.2929,7.2929,7.2929,7.2929,7.2929,7.2929,7.2929,7.2929,7.2929,7.2929,7.2929,7.2929,7.2929,7.2929,7.2929,7.2929,7.2929,7.2929,7.2929,7.2929,7.2929,7.2929,7.2929,7.2929,7.2929,7.2929,7.2929,7.2929,7.2929,7.2929,7.2929,7.2929,7.2929,7.2929,7.2929,7.2929,7.2929,7.2929,7.2929,7.2929,7.2929,7.2929,7.2929,7.2929,7.2929,7.2929,7.2929,7.2929,7.2929,7.2929,7.2929,7.2929,7.2929,7.2929,7.2929,7.2929,7.2929,7.2929,7.2929,7.2929,7.2929,7.2929,7.2929,7.2929,7.2929,7.2929,7.2929,7.2929,7.2929,7.2929,7.2929,7.2929,7.2929,7.2929,7.2929,7.2929,7.2929,7.2929,7.2929,7.2929,7.2929,7.2929,7.2929,7.2929,7.2929,7.2929,7.2929,7.2929,7.2929,7.2929,7.2929,7.2929,7.2929,7.2929,7.2929,7.2929,7.2929,7.2929,7.2929,7.2929,7.2929,7.2929,7.2929,7.2929,7.2929,7.2929,7.2929,7.2929,7.2929,7.2929,7.2929,7.2929,7.2929,7.2929,7.2929,7.2929,7.2929,7.2929,7.2929,7.2929,7.2929,7.2929,7.2929,7.2929,7.2929,7.2929,7.2929,7.2929,7.2929,7.2929,7.2929,7.2929,7.2929,7.2929,7.2929,7.2929,7.2929,7.2929,6.1980,6.1693,6.1422,6.1169,6.0921,6.0687,6.0499,6.0373,6.0245,6.0118,5.9991,5.9889,5.9816,5.9746,5.9674,5.9598,5.9524,5.9450,5.9374,5.9301,5.9226,5.9153,5.9080,5.9020,5.8972,5.8926,5.8881,5.8833,5.8788,5.8743,5.8698,5.8653,5.8608,5.8563,5.8516,5.8471,5.8426,5.8392,5.8363,5.8337,5.8308,5.8280,5.8254,5.8226,5.8199,5.8171,5.8145,5.8117,5.8091,5.8063,5.8036,5.8008,5.7982,5.7954,5.7936,5.7924,5.7912,5.7900,5.7888,5.7876,5.7864,5.7853,5.7841,5.7827,5.7813,5.7801,5.7787,5.7773,5.7771,5.7771,5.7769,5.7769,5.7767,5.7767,5.7765,5.7763,5.7763,5.7761,5.7761,5.7759,5.7757,5.7753,5.7749,5.7747,5.7743,5.7741,5.7737,5.7735,5.7731,5.7729,5.7725,5.7723,5.7719,5.7721,5.7729,5.7737,5.7745,5.7753,5.7761,5.7767,5.7775,5.7783,5.7791,5.7799,5.7819,5.7837,5.7856,5.7876,5.7896,5.7916,5.7936,5.7956,5.7976,5.7996,5.8018,5.8038,5.8059,5.8079,5.8099,5.8121,5.8141,5.8159,5.8179,5.8199,5.8218,5.8238,5.8256,5.8276,5.8296,5.8327,5.8361,5.8394,5.8426,5.8459,5.8493,5.8526,5.8569,5.8622,5.8675,5.8729,5.8782,5.8833,5.8887,5.8941,5.8995,5.9051,5.9107,5.9163,5.9219,5.9276,5.9334,5.9391,5.9448,5.9507,5.9564,5.9627,5.9693,5.9757,5.9857,6.0043,6.0230,6.0417,6.0619,6.0832,6.1047,6.1263,6.1474,7.2929,7.2929,7.2929,7.2929,7.2929,7.2929,7.2929,7.2929,7.2929,7.2929,7.2929,7.2929,7.2929,7.2929,7.2929,7.2929,7.2929,7.2929,7.2929,7.2929,7.2929,7.2929,7.2929,7.2929,7.2929,7.2929,7.2929,7.2929,7.2929,7.2929,7.2929,7.2929,7.2929,7.2929,7.2929,7.2929,7.2929,7.2929,7.2929,7.2929,7.2929,7.2929,7.2929,7.2929,7.2929,7.2929,7.2929,7.2929,7.2929,7.2929,7.2929,7.2929,7.2929,7.2929,7.2929,7.2929,7.2929,7.2929,7.2929,7.2929,7.2929,7.2929,7.2929,7.2929,7.2929,7.2929,7.2929,7.2929,7.2929,7.2929,7.2929,7.2929,7.2929,7.2929,7.2929,7.2929,7.2929,7.2929,7.2929,7.2929,7.2929,7.2929,7.2929,7.2929,7.2929,7.2929,7.2929,7.2929,7.2929,7.2929,7.2929,7.2929,7.2929,7.2929,7.2929,7.2929,7.2929,7.2929,7.2929,7.2929,7.2929,7.2929,7.2929,7.2929,7.2929,7.2929,7.2929,7.2929,7.2929,7.2929,7.2929,7.2929,7.2929,7.2929,7.2929,7.2929,7.2929,7.2929,7.2929,7.2929,7.2929,7.2929,7.2929,7.2929,7.2929,7.2929,7.2929,7.2929,7.2929,7.2929,7.2929,7.2929,7.2929,7.2929,7.2929,7.2929,7.2929,7.2929,7.2929,7.2929,7.2929,7.2929,7.2929,7.2929,7.2929,7.2929,7.2929,7.2929,7.2929,7.2929,7.2929,7.2929,7.2929,7.2929,7.2929,7.2929,7.2929,7.2929,7.2929,7.2929,7.2929,7.2929,7.2929,7.2929,7.2929,7.2929,7.2929,7.2929,7.2929,7.2929,7.2929,7.2929,7.2929,7.2929,7.2929,7.2929,7.2929,7.2929,7.2929,7.2929,7.2929,7.2929,7.2929,7.2929,7.2929,7.2929,7.2929,7.2929,7.2929,7.2929,7.2929,7.2929,7.2929,7.2929,7.2929,7.2929,7.2929,7.2929,7.2929,7.2929,7.2929,7.2929,7.2929,7.2929,7.2929,7.2929,7.2929,7.2929,7.2929,7.2929,7.2929,7.2929,7.2929,7.2929,7.2929,7.2929,7.2929,7.2929,7.2929,7.2929,7.2929,7.2929,7.2929,7.2929,7.2929,7.2929,7.2929,7.2929,7.2929,7.2929,7.2929,7.2929,7.2929,7.2929,7.2929,7.2929,7.2929,7.2929,7.2929,7.2929,7.2929,7.2929,7.2929,7.2929,7.2929,7.2929,7.2929,7.2929,7.2929,7.2929,7.2929,7.2929,7.2929,7.2929,7.2929,7.2929,7.2929,7.2929,7.2929,7.2929,7.2929,7.2929,7.2929,7.2929,7.2929,7.2929,7.2929,7.2929,7.2929,7.2929,7.2929,7.2929,7.2929,7.2929,7.2929,7.2929,7.2929,7.2929,7.2929,7.2929,7.2929,7.2929,7.2929,7.2929,7.2929,7.2929,7.2929,7.2929,7.2929,7.2929,7.2929,7.2929,7.2929,7.2929,7.2929,7.2929,7.2929,7.2929,7.2929,7.2929,7.2929,7.2929,7.2929,7.2929,7.2929,7.2929,7.2929,7.2929,7.2929,7.2929,7.2929,7.2929,7.2929,7.2929,7.2929,7.2929,7.2929,7.2929,7.2929,7.2929,7.2929,7.2929,7.2929,7.2929,7.2929,7.2929,7.2929,7.2929,7.2929,7.2929,7.2929,7.2929,7.2929,7.2929,7.2929,7.2929,7.2929,7.2929,7.2929,7.2929,7.2929,7.2929,7.2929,7.2929,7.2929,7.2929,7.2929,7.2929,7.2929,7.2929,7.2929,7.2929,7.2929,7.2929,7.2929,7.2929,7.2929,7.2929,7.2929,7.2929,7.2929,7.2929,7.2929,7.2929,7.2929,7.2929,7.2929,7.2929,7.2929,7.2929,7.2929,7.2929,7.2929,7.2929,7.2929,7.2929,7.2929,7.2929,7.2929,7.2929,7.2929,7.2929,7.2929,7.2929,7.2929,7.2929,7.2929,7.2929,7.2929
7.2872,7.2872,7.2872,7.2872,7.2872,7.2872,7.2872,7.2872,7.2872,7.2872,7.2872,7.2872,7.2872,7.2872,7.2872,7.2872,7.2872,7.2872,7.2872,7.2872,7.2872,7.2872,7.2872,7.2872,7.2872,7.2872,7.2872,7.2872,7.2872,7.2872,7.2872,7.2872,7.2872,7.2872,7.2872,7.2872,7.2872,7.2872,7.2872,7.2872,7.2872,7.2872,7.2872,7.2872,7.2872,7.2872,7.2872,7.2872,7.2872,7.2872,7.2872,7.2872,7.2872,7.2872,7.2872,7.2872,7.2872,7.2872,7.2872,7.2872,7.2872,7.2872,7.2872,7.2872,7.2872,7.2872,7.2872,7.2872,7.2872,7.2872,7.2872,7.2872,7.2872,7.2872,7.2872,7.2872,7.2872,7.2872,7.2872,7.2872,7.2872,7.2872,7.2872,7.2872,7.2872,7.2872,7.2872,7.2872,7.2872,7.2872,7.2872,7.2872,7.2872,7.2872,7.2872,7.2872,7.2872,7.2872,7.2872,7.2872,7.2872,7.2872,7.2872,7.2872,7.2872,7.2872,7.2872,7.2872,7.2872,7.2872,7.2872,7.2872,7.2872,7.2872,7.2872,7.2872,7.2872,7.2872,7.2872,7.2872,7.2872,7.2872,7.2872,7.2872,7.2872,7.2872,7.2872,7.2872,7.2872,7.2872,7.2872,7.2872,7.2872,7.2872,7.2872,7.2872,7.2872,7.2872,7.2872,7.2872,7.2872,7.2872,7.2872,7.2872,7.2872,7.2872,7.2872,7.2872,7.2872,7.2872,7.2872,7.2872,7.2872,7.2872,7.2872,7.2872,7.2872,7.2872,7.2872,7.2872,7.2872,7.2872,7.2872,7.2872,7.2872,7.2872,7.2872,7.2872,7.2872,7.2872,7.2872,7.2872,7.2872,7.2872,7.2872,7.2872,7.2872,7.2872,7.2872,7.2872,7.2872,7.2872,7.2872,7.2872,7.2872,7.2872,7.2872,7.2872,7.2872,7.2872,7.2872,7.2872,7.2872,7.2872,7.2872,7.2872,7.2872,7.2872,7.2872,7.2872,7.2872,7.2872,7.2872,7.2872,7.2872,7.2872,7.2872,7.2872,7.2872,7.2872,7.2872,7.2872,7.2872,7.2872,7.2872,7.2872,7.2872,7.2872,7.2872,7.2872,7.2872,7.2872,7.2872,7.2872,7.2872,7.2872,7.2872,7.2872,7.2872,7.2872,7.2872,7.2872,7.2872,7.2872,7.2872,7.2872,7.2872,7.2872,7.2872,7.2872,7.2872,7.2872,7.2872,7.2872,7.2872,7.2872,7.2872,7.2872,7.2872,7.2872,7.2872,7.2872,7.2872,7.2872,7.2872,7.2872,7.2872,7.2872,7.2872,7.2872,7.2872,7.2872,7.2872,7.2872,7.2872,7.2872,7.2872,7.2872,7.2872,7.2872,7.2872,7.2872,7.2872,7.2872,7.2872,7.2872,7.2872,7.2872,7.2872,7.2872,7.2872,7.2872,7.2872,7.2872,7.2872,7.2872,7.2872,7.2872,7.2872,7.2872,7.2872,7.2872,7.2872,7.2872,7.2872,7.2872,7.2872,7.2872,7.2872,7.2872,7.2872,7.2872,7.2872,7.2872,7.2872,7.2872,7.2872,7.2872,7.2872,7.2872,7.2872,7.2872,7.2872,7.2872,7.2872,7.2872,7.2872,7.2872,7.2872,7.2872,7.2872,7.2872,7.2872,7.2872,7.2872,7.2872,7.2872,7.2872,7.2872,7.2872,7.2872,7.2872,7.2872,7.2872,7.2872,7.2872,7.2872,7.2872,7.2872,7.2872,7.2872,7.2872,7.2872,7.2872,7.2872,7.2872,7.2872,7.2872,7.2872,7.2872,7.2872,7.2872,7.2872,7.2872,7.2872,7.2872,7.2872,7.2872,7.2872,7.2872,7.2872,7.2872,7.2872,7.2872,7.2872,7.2872,7.2872,7.2872,7.2872,7.2872,7.2872,7.2872,7.2872,7.2872,7.2872,7.2872,7.2872,7.2872,7.2872,7.2872,7.2872,7.2872,7.2872,7.2872,7.2872,7.2872,7.2872,7.2872,7.2872,7.2872,7.2872,7.2872,7.2872,7.2872,7.2872,7.2872,7.2872,7.2872,7.2872,7.2872,7.2872,7.2872,7.2872,7.2872,6.2005,6.1718,6.1440,6.1187,6.0941,6.0707,6.0499,6.0371,6.0243,6.0118,5.9991,5.9904,5.9831,5.9761,5.9689,5.9615,5.9538,5.9465,5.9391,5.9316,5.9242,5.9169,5.9094,5.9024,5.8978,5.8933,5.8887,5.8840,5.8794,5.8749,5.8704,5.8659,5.8614,5.8567,5.8522,5.8477,5.8432,5.8406,5.8377,5.8349,5.8323,5.8294,5.8266,5.8240,5.8211,5.8185,5.8157,5.8131,5.8103,5.8077,5.8048,5.8022,5.7994,5.7968,5.7940,5.7928,5.7916,5.7904,5.7892,5.7880,5.7868,5.7856,5.7843,5.7831,5.7817,5.7803,5.7789,5.7781,5.7781,5.7779,5.7779,5.7777,5.7777,5.7775,5.7775,5.7773,5.7771,5.7771,5.7769,5.7769,5.7765,5.7763,5.7759,5.7755,5.7753,5.7749,5.7747,5.7743,5.7741,5.7737,5.7735,5.7733,5.7729,5.7727,5.7731,5.7739,5.7747,5.7755,5.7761,5.7769,5.7777,5.7785,5.7793,5.7807,5.7827,5.7847,5.7866,5.7886,5.7904,5.7924,5.7944,5.7964,5.7986,5.8006,5.8026,5.8046,5.8067,5.8089,5.8109,5.8129,5.8149,5.8167,5.8187,5.8207,5.8226,5.8246,5.8266,5.8284,5.8304,5.8325,5.8361,5.8392,5.8426,5.8459,5.8491,5.8526,5.8577,5.8630,5.8681,5.8735,5.8788,5.8842,5.8895,5.8949,5.9001,5.9057,5.9113,5.9169,5.9226,5.9282,5.9341,5.9399,5.9463,5.9526,5.9589,5.9653,5.9718,5.9791,5.9891,6.0075,6.0263,6.0451,6.0650,6.0863,6.1078,6.1294,6.1503,7.2872,7.2872,7.2872,7.2872,7.2872,7.2872,7.2872,7.2872,7.2872,7.2872,7.2872,7.2872,7.2872,7.2872,7.2872,7.2872,7.2872,7.2872,7.2872,7.2872,7.2872,7.2872,7.2872,7.2872,7.2872,7.2872,7.2872,7.2872,7.2872,7.2872,7.2872,7.2872,7.2872,7.2872,7.2872,7.2872,7.2872,7.2872,7.2872,7.2872,7.2872,7.2865,7.2865,7.2865,7.2865,7.2865,7.2865,7.2865,7.2865,7.2865,7.2865,7.2865,7.2865,7.2865,7.2865,7.2865,7.2865,7.2865,7.2865,7.2865,7.2865,7.2865,7.2865,7.2865,7.2865,7.2865,7.2865,7.2865,7.2865,7.2865,7.2865,7.2865,7.2865,7.2865,7.2865,7.2865,7.2865,7.2865,7.2865,7.2865,7.2865,7.2865,7.2865,7.2865,7.2865,7.2865,7.2865,7.2865,7.2865,7.2865,7.2865,7.2865,7.2865,7.2865,7.2865,7.2865,7.2865,7.2865,7.2865,7.2865,7.2865,7.2865,7.2865,7.2865,7.2865,7.2865,7.2865,7.2865,7.2865,7.2865,7.2865,7.2865,7.2865,7.2865,7.2865,7.2865,7.2865,7.2865,7.2865,7.2865,7.2865,7.2865,7.2865,7.2865,7.2865,7.2865,7.2865,7.2865,7.2865,7.2865,7.2865,7.2865,7.2865,7.2865,7.2865,7.2865,7.2865,7.2865,7.2865,7.2865,7.2865,7.2865,7.2865,7.2865,7.2865,7.2865,7.2865,7.2865,7.2865,7.2865,7.2865,7.2865,7.2865,7.2865,7.2865,7.2865,7.2865,7.2865,7.2865,7.2865,7.2865,7.2865,7.2865,7.2865,7.2865,7.2865,7.2865,7.2865,7.2865,7.2865,7.2865,7.2865,7.2865,7.2865,7.2865,7.2865,7.2865,7.2865,7.2865,7.2865,7.2865,7.2865,7.2865,7.2865,7.2865,7.2865,7.2865,7.2865,7.2865,7.2865,7.2865,7.2865,7.2865,7.2865,7.2865,7.2865,7.2865,7.2865,7.2865,7.2865,7.2865,7.2865,7.2865,7.2865,7.2865,7.2865,7.2865,7.2865,7.2865,7.2865,7.2865,7.2865,7.2865,7.2865,7.2865,7.2865,7.2865,7.2865,7.2865,7.2865,7.2865,7.2865,7.2865,7.2865,7.2865,7.2865,7.2865,7.2865,7.2865,7.2865,7.2865,7.2865,7.2865,7.2865,7.2865,7.2865,7.2865,7.2865,7.2865,7.2865,7.2865,7.2865,7.2865,7.2865,7.2865,7.2865,7.2865,7.2865,7.2865,7.2865,7.2865,7.2865,7.2865,7.2865,7.2865,7.2865,7.2865,7.2865,7.2865,7.2865,7.2865,7.2865,7.2865,7.2865,7.2865,7.2865,7.2865,7.2865,7.2865,7.2865,7.2865,7.2865,7.2865,7.2865,7.2865,7.2865,7.2865,7.2865,7.2865,7.2865,7.2865,7.2865,7.2865,7.2865,7.2865,7.2865,7.2865,7.2865,7.2865,7.2865,7.2865,7.2865,7.2865,7.2865,7.2865,7.2865,7.2865,7.2865,7.2865,7.2865,7.2865,7.2865,7.2865,7.2865,7.2865,7.2865,7.2865,7.2865,7.2865,7.2865,7.2865,7.2865,7.2865,7.2865,7.2865,7.2865,7.2865,7.2865,7.2865,7.2865,7.2865,7.2865,7.2865,7.2865,7.2865,7.2865,7.2865,7.2865,7.2865,7.2865,7.2865,7.2865,7.2865,7.2865,7.2865,7.2865,7.2865,7.2865,7.2865,7.2865,7.2865,7.2865,7.2865,7.2865,7.2865,7.2865,7.2865,7.2865,7.2865,7.2865,7.2865,7.2865,7.2865,7.2865,7.2865,7.2865,7.2865,7.2865,7.2865,7.2865,7.2865,7.2865,7.2865,7.2865,7.2865,7.2865,7.2865,7.2865,7.2865,7.2865,7.2865,7.2865,7.2865,7.2865,7.2865,7.2865,7.2865,7.2865,7.2865,7.2865,7.2865,7.2865,7.2865,7.2865,7.2865,7.2865,7.2865,7.2865,7.2865
7.2805,7.2805,7.2805,7.2805,7.2805,7.2805,7.2805,7.2805,7.2805,7.2805,7.2805,7.2805,7.2805,7.2805,7.2805,7.2805,7.2805,7.2805,7.2805,7.2805,7.2805,7.2805,7.2805,7.2805,7.2805,7.2805,7.2805,7.2805,7.2805,7.2805,7.2805,7.2805,7.2805,7.2805,7.2805,7.2805,7.2805,7.2805,7.2805,7.2805,7.2805,7.2805,7.2805,7.2805,7.2805,7.2805,7.2805,7.2805,7.2805,7.2805,7.2805,7.2805,7.2805,7.2805,7.2805,7.2805,7.2805,7.2805,7.2805,7.2805,7.2805,7.2805,7.2805,7.2805,7.2805,7.2805,7.2805,7.2805,7.2805,7.2805,7.2805,7.2805,7.2805,7.2805,7.2805,7.2805,7.2805,7.2805,7.2805,7.2805,7.2805,7.2805,7.2805,7.2805,7.2805,7.2805,7.2805,7.2805,7.2805,7.2805,7.2805,7.2805,7.2805,7.2805,7.2805,7.2805,7.2805,7.2805,7.2805,7.2805,7.2805,7.2805,7.2805,7.2805,7.2805,7.2805,7.2805,7.2805,7.2805,7.2805,7.2805,7.2805,7.2805,7.2805,7.2805,7.2805,7.2805,7.2805,7.2805,7.2805,7.2805,7.2805,7.2805,7.2805,7.2805,7.2805,7.2805,7.2805,7.2805,7.2805,7.2805,7.2805,7.2805,7.2805,7.2805,7.2805,7.2805,7.2805,7.2805,7.2805,7.2805,7.2805,7.2805,7.2805,7.2805,7.2805,7.2805,7.2805,7.2805,7.2805,7.2805,7.2805,7.2805,7.2805,7.2805,7.2805,7.2805,7.2805,7.2805,7.2805,7.2805,7.2805,7.2805,7.2805,7.2805,7.2805,7.2805,7.2805,7.2805,7.2805,7.2805,7.2805,7.2805,7.2805,7.2805,7.2805,7.2805,7.2805,7.2805,7.2805,7.2805,7.2805,7.2805,7.2805,7.2805,7.2805,7.2805,7.2805,7.2805,7.2805,7.2805,7.2805,7.2805,7.2805,7.2805,7.2805,7.2805,7.2805,7.2805,7.2805,7.2805,7.2805,7.2805,7.2805,7.2805,7.2805,7.2805,7.2805,7.2805,7.2805,7.2805,7.2805,7.2805,7.2805,7.2805,7.2805,7.2805,7.2805,7.2805,7.2805,7.2805,7.2805,7.2805,7.2805,7.2805,7.2805,7.2805,7.2805,7.2805,7.2805,7.2805,7.2805,7.2805,7.2805,7.2805,7.2805,7.2805,7.2805,7.2805,7.2805,7.2805,7.2805,7.2805,7.2805,7.2805,7.2805,7.2805,7.2805,7.2805,7.2805,7.2805,7.2805,7.2805,7.2805,7.2805,7.2805,7.2805,7.2805,7.2805,7.2805,7.2805,7.2805,7.2805,7.2805,7.2805,7.2805,7.2805,7.2805,7.2805,7.2805,7.2805,7.2805,7.2805,7.2805,7.2805,7.2805,7.2805,7.2805,7.2805,7.2805,7.2805,7.2805,7.2805,7.2805,7.2805,7.2805,7.2805,7.2805,7.2805,7.2805,7.2805,7.2805,7.2805,7.2805,7.2805,7.2805,7.2805,7.2805,7.2805,7.2805,7.2805,7.2805,7.2805,7.2805,7.2805,7.2805,7.2805,7.2805,7.2805,7.2805,7.2805,7.2805,7.2805,7.2805,7.2805,7.2805,7.2805,7.2805,7.2805,7.2805,7.2805,7.2805,7.2805,7.2805,7.2805,7.2805,7.2805,7.2805,7.2805,7.2805,7.2805,7.2805,7.2805,7.2805,7.2805,7.2805,7.2805,7.2805,7.2805,7.2805,7.2805,7.2805,7.2805,7.2805,7.2805,7.2805,7.2812,7.2812,7.2812,7.2812,7.2812,7.2812,7.2812,7.2812,7.2812,7.2812,7.2812,7.2812,7.2812,7.2812,7.2812,7.2812,7.2812,7.2812,7.2812,7.2812,7.2812,7.2812,7.2812,7.2812,7.2812,7.2812,7.2812,7.2812,7.2812,7.2812,7.2812,7.2812,7.2812,7.2812,7.2812,7.2812,7.2812,7.2812,7.2812,7.2812,7.2812,7.2812,7.2812,7.2812,7.2812,7.2812,7.2812,7.2812,7.2812,7.2812,7.2812,7.2812,7.2812,7.2812,7.2812,7.2812,7.2812,7.2812,6.2030,6.1743,6.1458,6.1207,6.0960,6.0727,6.0499,6.0371,6.0243,6.0116,5.9991,5.9917,5.9846,5.9774,5.9704,5.9629,5.9555,5.9481,5.9406,5.9332,5.9259,5.9184,5.9111,5.9040,5.8984,5.8939,5.8891,5.8846,5.8800,5.8755,5.8710,5.8665,5.8618,5.8573,5.8528,5.8483,5.8446,5.8418,5.8392,5.8363,5.8337,5.8308,5.8280,5.8252,5.8226,5.8197,5.8171,5.8143,5.8115,5.8089,5.8061,5.8034,5.8006,5.7980,5.7952,5.7930,5.7918,5.7906,5.7894,5.7882,5.7870,5.7858,5.7847,5.7833,5.7819,5.7807,5.7793,5.7791,5.7789,5.7789,5.7787,5.7787,5.7785,5.7785,5.7783,5.7781,5.7781,5.7779,5.7779,5.7777,5.7775,5.7771,5.7767,5.7765,5.7761,5.7759,5.7755,5.7753,5.7751,5.7747,5.7745,5.7741,5.7739,5.7735,5.7733,5.7741,5.7749,5.7755,5.7763,5.7771,5.7779,5.7787,5.7795,5.7815,5.7835,5.7854,5.7874,5.7894,5.7914,5.7934,5.7954,5.7974,5.7994,5.8014,5.8034,5.8057,5.8077,5.8097,5.8117,5.8137,5.8157,5.8175,5.8195,5.8215,5.8234,5.8254,5.8274,5.8292,5.8313,5.8333,5.8359,5.8392,5.8424,5.8459,5.8491,5.8530,5.8583,5.8636,5.8690,5.8743,5.8796,5.8848,5.8902,5.8955,5.9009,5.9063,5.9119,5.9175,5.9234,5.9299,5.9362,5.9425,5.9488,5.9551,5.9615,5.9680,5.9744,5.9833,5.9931,6.0110,6.0297,6.0486,6.0683,6.0894,6.1109,6.1326,6.1535,7.2812,7.2812,7.2812,7.2812,7.2812,7.2812,7.2812,7.2812,7.2812,7.2812,7.2812,7.2812,7.2812,7.2812,7.2812,7.2812,7.2812,7.2812,7.2812,7.2812,7.2812,7.2812,7.2812,7.2812,7.2812,7.2812,7.2812,7.2812,7.2812,7.2812,7.2812,7.2812,7.2812,7.2812,7.2812,7.2812,7.2812,7.2812,7.2812,7.2812,7.2812,7.2812,7.2812,7.2812,7.2812,7.2812,7.2812,7.2812,7.2812,7.2812,7.2812,7.2812,7.2812,7.2812,7.2812,7.2812,7.2812,7.2812,7.2812,7.2812,7.2812,7.2812,7.2812,7.2812,7.2812,7.2812,7.2812,7.2812,7.2812,7.2812,7.2812,7.2812,7.2812,7.2812,7.2812,7.2812,7.2812,7.2812,7.2812,7.2812,7.2812,7.2812,7.2812,7.2812,7.2812,7.2812,7.2812,7.2812,7.2812,7.2812,7.2812,7.2812,7.2812,7.2812,7.2812,7.2812,7.2812,7.2812,7.2812,7.2812,7.2812,7.2812,7.2812,7.2812,7.2812,7.2812,7.2812,7.2812,7.2812,7.2812,7.2812,7.2812,7.2812,7.2812,7.2812,7.2812,7.2812,7.2812,7.2812,7.2812,7.2812,7.2812,7.2812,7.2812,7.2812,7.2812,7.2812,7.2812,7.2812,7.2812,7.2812,7.2812,7.2812,7.2812,7.2812,7.2812,7.2812,7.2812,7.2812,7.2812,7.2812,7.2812,7.2812,7.2812,7.2812,7.2812,7.2812,7.2812,7.2812,7.2812,7.2812,7.2812,7.2812,7.2812,7.2812,7.2812,7.2812,7.2812,7.2812,7.2812,7.2812,7.2812,7.2812,7.2812,7.2812,7.2812,7.2812,7.2812,7.2812,7.2812,7.2812,7.2812,7.2812,7.2812,7.2812,7.2812,7.2812,7.2812,7.2812,7.2812,7.2812,7.2812,7.2812,7.2812,7.2812,7.2812,7.2812,7.2812,7.2812,7.2812,7.2812,7.2812,7.2812,7.2812,7.2812,7.2812,7.2812,7.2812,7.2812,7.2812,7.2812,7.2812,7.2812,7.2812,7.2812,7.2812,7.2812,7.2812,7.2812,7.2812,7.2812,7.2812,7.2812,7.2812,7.2812,7.2812,7.2812,7.2812,7.2812,7.2812,7.2812,7.2812,7.2812,7.2812,7.2812,7.2812,7.2812,7.2812,7.2812,7.2812,7.2812,7.2812,7.2812,7.2812,7.2812,7.2812,7.2812,7.2812,7.2812,7.2812,7.2812,7.2812,7.2812,7.2812,7.2812,7.2812,7.2812,7.2812,7.2812,7.2812,7.2812,7.2812,7.2812,7.2812,7.2812,7.2812,7.2812,7.2812,7.2812,7.2812,7.2812,7.2812,7.2812,7.2812,7.2812,7.2812,7.2812,7.2812,7.2812,7.2812,7.2812,7.2812,7.2812,7.2812,7.2812,7.2812,7.2812,7.2812,7.2812,7.2812,7.2812,7.2812,7.2812,7.2812,7.2812,7.2812,7.2812,7.2812,7.2812,7.2812,7.2812,7.2812,7.2812,7.2812,7.2812,7.2812,7.2812,7.2812,7.2812,7.2812,7.2812,7.2812,7.2812,7.2812,7.2812,7.2812,7.2812,7.2812,7.2812,7.2812,7.2812,7.2812,7.2812,7.2812,7.2812,7.2812,7.2812,7.2812,7.2812,7.2812,7.2812,7.2812,7.2812,7.2812,7.2812,7.2812,7.2812,7.2812,7.2812,7.2812,7.2812,7.2812,7.2812,7.2812,7.2812,7.2812,7.2812,7.2812,7.2812,7.2812,7.2812,7.2812,7.2812,7.2812,7.2812,7.2812,7.2812,7.2812,7.2812,7.2812,7.2812,7.2812,7.2812,7.2812,7.2812,7.2812,7.2812,7.2812,7.2812,7.2812,7.2812,7.2812,7.2812,7.2812,7.2812,7.2812,7.2812,7.2812,7.2812,7.2812,7.2812,7.2812,7.2812,7.2812,7.2812,7.2812,7.2812,7.2812,7.2812,7.2812,7.2812,7.2812,7.2812,7.2812,7.2812,7.2812,7.2812,7.2812,7.2812
7.2752,7.2752,7.2752,7.2752,7.2752,7.2752,7.2752,7.2752,7.2752,7.2752,7.2752,7.2752,7.2752,7.2752,7.2752,7.2752,7.2752,7.2752,7.2752,7.2752,7.2752,7.2752,7.2752,7.2752,7.2752,7.2752,7.2752,7.2752,7.2752,7.2752,7.2752,7.2752,7.2752,7.2752,7.2752,7.2752,7.2752,7.2752,7.2752,7.2752,7.2752,7.2752,7.2752,7.2752,7.2752,7.2752,7.2752,7.2752,7.2752,7.2752,7.2752,7.2752,7.2752,7.2752,7.2752,7.2752,7.2752,7.2752,7.2752,7.2752,7.2752,7.2752,7.2752,7.2752,7.2752,7.2752,7.2752,7.2752,7.2752,7.2752,7.2752,7.2752,7.2752,7.2752,7.2752,7.2752,7.2752,7.2752,7.2752,7.2752,7.2752,7.2752,7.2752,7.2752,7.2752,7.2752,7.2752,7.2752,7.2752,7.2752,7.2752,7.2752,7.2752,7.2752,7.2752,7.2752,7.2752,7.2752,7.2752,7.2752,7.2752,7.2752,7.2752,7.2752,7.2752,7.2752,7.2752,7.2752,7.2752,7.2752,7.2752,7.2752,7.2752,7.2752,7.2752,7.2752,7.2752,7.2752,7.2752,7.2752,7.2752,7.2752,7.2752,7.2752,7.2752,7.2752,7.2752,7.2752,7.2752,7.2752,7.2752,7.2752,7.2752,7.2752,7.2752,7.2752,7.2752,7.2752,7.2752,7.2752,7.2752,7.2752,7.2752,7.2752,7.2752,7.2752,7.2752,7.2752,7.2752,7.2752,7.2752,7.2752,7.2752,7.2752,7.2752,7.2752,7.2752,7.2752,7.2752,7.2752,7.2752,7.2752,7.2752,7.2752,7.2752,7.2752,7.2752,7.2752,7.2752,7.2752,7.2752,7.2752,7.2752,7.2752,7.2752,7.2752,7.2752,7.2752,7.2752,7.2752,7.2752,7.2752,7.2752,7.2752,7.2752,7.2752,7.2752,7.2752,7.2752,7.2752,7.2752,7.2752,7.2752,7.2752,7.2752,7.2752,7.2752,7.2752,7.2752,7.2752,7.2752,7.2752,7.2752,7.2752,7.2752,7.2752,7.2752,7.2752,7.2752,7.2752,7.2752,7.2752,7.2752,7.2752,7.2752,7.2752,7.2752,7.2752,7.2752,7.2752,7.2752,7.2752,7.2752,7.2752,7.2752,7.2752,7.2752,7.2752,7.2752,7.2752,7.2752,7.2752,7.2752,7.2752,7.2752,7.2752,7.2752,7.2752,7.2752,7.2752,7.2752,7.2752,7.2752,7.2752,7.2752,7.2752,7.2752,7.2752,7.2752,7.2752,7.2752,7.2752,7.2752,7.2752,7.2752,7.2752,7.2752,7.2752,7.2752,7.2752,7.2752,7.2752,7.2752,7.2752,7.2752,7.2752,7.2752,7.2752,7.2752,7.2752,7.2752,7.2752,7.2752,7.2752,7.2752,7.2752,7.2752,7.2752,7.2752,7.2752,7.2752,7.2752,7.2752,7.2752,7.2752,7.2752,7.2752,7.2752,7.2752,7.2752,7.2752,7.2752,7.2752,7.2752,7.2752,7.2752,7.2752,7.2752,7.2752,7.2752,7.2752,7.2752,7.2752,7.2752,7.2752,7.2752,7.2752,7.2752,7.2752,7.2752,7.2752,7.2752,7.2752,7.2752,7.2752,7.2752,7.2752,7.2752,7.2752,7.2752,7.2752,7.2752,7.2752,7.2752,7.2752,7.2752,7.2752,7.2752,7.2752,7.2752,7.2752,7.2752,7.2752,7.2752,7.2752,7.2752,7.2752,7.2752,7.2752,7.2752,7.2752,7.2752,7.2752,7.2752,7.2752,7.2752,7.2752,7.2752,7.2752,7.2752,7.2752,7.2752,7.2752,7.2752,7.2752,7.2752,7.2752,7.2752,7.2752,7.2752,7.2752,7.2752,7.2752,7.2752,7.2752,7.2752,7.2752,7.2752,7.2752,7.2752,7.2752,7.2752,7.2752,7.2752,7.2752,7.2752,7.2752,7.2752,7.2752,7.2752,7.2752,7.2752,7.2752,7.2752,7.2752,7.2752,7.2752,7.2752,7.2752,7.2752,7.2752,7.2752,7.2752,7.2752,7.2752,7.2752,7.2752,7.2752,7.2752,7.2752,7.2752,7.2752,7.2752,7.2752,6.2053,6.1765,6.1480,6.1225,6.0978,6.0747,6.0515,6.0369,6.0243,6.0116,6.0004,5.9931,5.9861,5.9789,5.9718,5.9646,5.9570,5.9496,5.9423,5.9347,5.9274,5.9201,5.9125,5.9057,5.8990,5.8943,5.8897,5.8852,5.8807,5.8761,5.8716,5.8669,5.8624,5.8579,5.8534,5.8489,5.8459,5.8432,5.8406,5.8377,5.8349,5.8321,5.8294,5.8266,5.8238,5.8209,5.8183,5.8155,5.8129,5.8101,5.8075,5.8046,5.8020,5.7992,5.7966,5.7938,5.7920,5.7908,5.7896,5.7886,5.7874,5.7862,5.7849,5.7835,5.7823,5.7809,5.7801,5.7799,5.7799,5.7797,5.7797,5.7795,5.7795,5.7793,5.7793,5.7791,5.7789,5.7789,5.7787,5.7787,5.7783,5.7781,5.7777,5.7773,5.7771,5.7769,5.7765,5.7763,5.7759,5.7757,5.7753,5.7751,5.7747,5.7745,5.7743,5.7743,5.7749,5.7757,5.7765,5.7773,5.7781,5.7789,5.7803,5.7823,5.7843,5.7862,5.7882,5.7902,5.7922,5.7942,5.7962,5.7982,5.8002,5.8024,5.8044,5.8065,5.8085,5.8105,5.8127,5.8145,5.8165,5.8185,5.8203,5.8224,5.8242,5.8262,5.8282,5.8300,5.8321,5.8341,5.8359,5.8392,5.8424,5.8457,5.8491,5.8538,5.8591,5.8644,5.8696,5.8749,5.8803,5.8856,5.8910,5.8964,5.9015,5.9073,5.9134,5.9196,5.9261,5.9324,5.9387,5.9450,5.9513,5.9576,5.9640,5.9706,5.9776,5.9874,5.9974,6.0144,6.0330,6.0519,6.0718,6.0923,6.1138,6.1355,6.1829,7.2752,7.2752,7.2752,7.2752,7.2752,7.2752,7.2752,7.2752,7.2752,7.2752,7.2752,7.2752,7.2752,7.2752,7.2752,7.2752,7.2752,7.2752,7.2752,7.2752,7.2752,7.2752,7.2752,7.2752,7.2752,7.2752,7.2752,7.2752,7.2752,7.2752,7.2752,7.2752,7.2752,7.2752,7.2752,7.2752,7.2752,7.2752,7.2752,7.2752,7.2752,7.2752,7.2752,7.2752,7.2752,7.2752,7.2752,7.2752,7.2752,7.2752,7.2752,7.2752,7.2752,7.2752,7.2752,7.2752,7.2752,7.2752,7.2752,7.2752,7.2752,7.2752,7.2752,7.2752,7.2752,7.2752,7.2752,7.2752,7.2752,7.2752,7.2752,7.2752,7.2752,7.2752,7.2752,7.2752,7.2752,7.2752,7.2752,7.2752,7.2752,7.2752,7.2752,7.2752,7.2752,7.2752,7.2752,7.2752,7.2752,7.2752,7.2752,7.2752,7.2752,7.2752,7.2752,7.2752,7.2752,7.2752,7.2752,7.2752,7.2752,7.2752,7.2752,7.2752,7.2752,7.2752,7.2752,7.2752,7.2752,7.2752,7.2752,7.2752,7.2752,7.2752,7.2752,7.2752,7.2752,7.2752,7.2752,7.2752,7.2752,7.2752,7.2752,7.2752,7.2752,7.2752,7.2752,7.2752,7.2752,7.2752,7.2752,7.2752,7.2752,7.2752,7.2752,7.2752,7.2752,7.2752,7.2752,7.2752,7.2752,7.2752,7.2752,7.2752,7.2752,7.2752,7.2752,7.2752,7.2752,7.2752,7.2752,7.2752,7.2752,7.2752,7.2752,7.2752,7.2752,7.2752,7.2752,7.2752,7.2752,7.2752,7.2752,7.2752,7.2752,7.2752,7.2752,7.2752,7.2752,7.2752,7.2752,7.2752,7.2752,7.2752,7.2752,7.2752,7.2752,7.2752,7.2752,7.2752,7.2752,7.2752,7.2752,7.2752,7.2752,7.2752,7.2752,7.2752,7.2752,7.2752,7.2752,7.2752,7.2752,7.2752,7.2752,7.2752,7.2752,7.2752,7.2752,7.2752,7.2752,7.2752,7.2752,7.2752,7.2752,7.2752,7.2752,7.2752,7.2752,7.2752,7.2752,7.2752,7.2752,7.2752,7.2752,7.2752,7.2752,7.2752,7.2752,7.2752,7.2752,7.2752,7.2752,7.2752,7.2752,7.2752,7.2752,7.2752,7.2752,7.2752,7.2752,7.2752,7.2752,7.2752,7.2752,7.2752,7.2752,7.2752,7.2752,7.2752,7.2752,7.2752,7.2752,7.2752,7.2752,7.2752,7.2752,7.2752,7.2752,7.2752,7.2752,7.2752,7.2752,7.2752,7.2752,7.2752,7.2752,7.2752,7.2752,7.2752,7.2752,7.2752,7.2752,7.2752,7.2752,7.2752,7.2752,7.2752,7.2752,7.2752,7.2752,7.2752,7.2752,7.2752,7.2752,7.2752,7.2752,7.2752,7.2752,7.2752,7.2752,7.2752,7.2752,7.2752,7.2752,7.2752,7.2752,7.2752,7.2752,7.2752,7.2752,7.2752,7.2752,7.2752,7.2752,7.2752,7.2752,7.2752,7.2752,7.2752,7.2752,7.2752,7.2752,7.2752,7.2752,7.2752,7.2752,7.2752,7.2752,7.2752,7.2752,7.2752,7.2752,7.2752,7.2752,7.2752,7.2752,7.2752,7.2752,7.2752,7.2752,7.2752,7.2752,7.2752,7.2752,7.2752,7.2752,7.2752,7.2752,7.2752,7.2752,7.2752,7.2752,7.2752,7.2752,7.2752,7.2752,7.2752,7.2752,7.2752,7.2752,7.2752,7.2752,7.2752,7.2752,7.2752,7.2752,7.2752,7.2752,7.2752,7.2752,7.2752,7.2752,7.2752,7.2752,7.2752,7.2752,7.2752,7.2752,7.2752,7.2752,7.2752,7.2752,7.2752,7.2752,7.2752,7.2752,7.2752,7.2752,7.2752,7.2752,7.2752,7.2752,7.2752,7.2752,7.2752,7.2752,7.2752,7.2752,7.2752,7.2752,7.2752,7.2752,7.2752,7.2752,7.2752,7.2752,7.2752,7.2752
7.2689,7.2689,7.2689,7.2689,7.2689,7.2689,7.2689,7.2689,7.2689,7.2689,7.2689,7.2689,7.2689,7.2689,7.2689,7.2689,7.2689,7.2689,7.2689,7.2689,7.2689,7.2689,7.2689,7.2689,7.2689,7.2689,7.2689,7.2689,7.2689,7.2689,7.2689,7.2689,7.2689,7.2689,7.2689,7.2689,7.2689,7.2689,7.2689,7.2689,7.2689,7.2689,7.2689,7.2689,7.2689,7.2689,7.2689,7.2689,7.2689,7.2689,7.2689,7.2689,7.2689,7.2689,7.2689,7.2689,7.2689,7.2689,7.2689,7.2689,7.2689,7.2689,7.2689,7.2689,7.2689,7.2689,7.2689,7.2689,7.2689,7.2689,7.2689,7.2689,7.2689,7.2689,7.2689,7.2689,7.2689,7.2689,7.2689,7.2689,7.2689,7.2689,7.2689,7.2689,7.2689,7.2689,7.2689,7.2689,7.2689,7.2689,7.2689,7.2689,7.2689,7.2689,7.2689,7.2689,7.2689,7.2689,7.2689,7.2689,7.2689,7.2689,7.2689,7.2689,7.2689,7.2689,7.2689,7.2689,7.2689,7.2689,7.2689,7.2689,7.2689,7.2689,7.2689,7.2689,7.2689,7.2689,7.2689,7.2689,7.2689,7.2689,7.2689,7.2689,7.2689,7.2689,7.2689,7.2689,7.2689,7.2689,7.2689,7.2689,7.2689,7.2689,7.2689,7.2689,7.2689,7.2689,7.2689,7.2689,7.2689,7.2689,7.2689,7.2689,7.2689,7.2689,7.2689,7.2689,7.2689,7.2689,7.2689,7.2689,7.2689,7.2689,7.2689,7.2689,7.2689,7.2689,7.2689,7.2689,7.2689,7.2689,7.2689,7.2689,7.2689,7.2689,7.2689,7.2689,7.2689,7.2689,7.2689,7.2689,7.2689,7.2689,7.2689,7.2689,7.2689,7.2689,7.2689,7.2689,7.2689,7.2689,7.2689,7.2689,7.2689,7.2689,7.2689,7.2689,7.2689,7.2689,7.2689,7.2689,7.2689,7.2689,7.2689,7.2689,7.2689,7.2689,7.2689,7.2689,7.2689,7.2689,7.2689,7.2689,7.2689,7.2689,7.2689,7.2689,7.2689,7.2689,7.2689,7.2689,7.2689,7.2689,7.2689,7.2689,7.2689,7.2689,7.2689,7.2689,7.2689,7.2689,7.2689,7.2689,7.2689,7.2689,7.2689,7.2689,7.2689,7.2689,7.2689,7.2689,7.2689,7.2689,7.2689,7.2689,7.2689,7.2689,7.2689,7.2689,7.2689,7.2689,7.2689,7.2689,7.2689,7.2689,7.2689,7.2689,7.2689,7.2689,7.2689,7.2689,7.2689,7.2689,7.2689,7.2689,7.2689,7.2689,7.2689,7.2689,7.2689,7.2689,7.2689,7.2689,7.2689,7.2689,7.2689,7.2689,7.2689,7.2689,7.2689,7.2689,7.2689,7.2689,7.2689,7.2689,7.2689,7.2689,7.2689,7.2689,7.2689,7.2689,7.2689,7.2689,7.2689,7.2689,7.2689,7.2689,7.2689,7.2689,7.2689,7.2689,7.2689,7.2689,7.2689,7.2689,7.2689,7.2689,7.2689,7.2689,7.2689,7.2689,7.2689,7.2689,7.2689,7.2689,7.2689,7.2689,7.2689,7.2689,7.2689,7.2689,7.2689,7.2689,7.2689,7.2689,7.2689,7.2689,7.2689,7.2689,7.2689,7.2689,7.2689,7.2689,7.2689,7.2689,7.2689,7.2689,7.2689,7.2689,7.2689,7.2689,7.2689,7.2689,7.2689,7.2689,7.2689,7.2689,7.2689,7.2689,7.2689,7.2689,7.2689,7.2689,7.2689,7.2689,7.2689,7.2689,7.2689,7.2689,7.2689,7.2689,7.2689,7.2689,7.2689,7.2689,7.2689,7.2689,7.2689,7.2689,7.2689,7.2689,7.2689,7.2689,7.2689,7.2689,7.2689,7.2689,7.2689,7.2689,7.2689,7.2689,7.2689,7.2689,7.2689,7.2689,7.2689,7.2689,7.2689,7.2689,7.2689,7.2689,7.2689,7.2689,7.2689,7.2689,7.2689,7.2689,7.2689,7.2689,7.2689,7.2689,7.2689,7.2689,7.2689,7.2689,7.2689,7.2689,7.2689,7.2689,7.2689,7.2689,7.2689,7.2689,6.2078,6.1790,6.1505,6.1243,6.0998,6.0766,6.0534,6.0369,6.0241,6.0116,6.0019,5.9946,5.9874,5.9803,5.9731,5.9661,5.9587,5.9513,5.9437,5.9364,5.9290,5.9215,5.9142,5.9073,5.9005,5.8949,5.8904,5.8858,5.8813,5.8768,5.8720,5.8675,5.8630,5.8585,5.8540,5.8499,5.8473,5.8444,5.8418,5.8390,5.8363,5.8337,5.8306,5.8280,5.8252,5.8224,5.8195,5.8169,5.8141,5.8115,5.8087,5.8061,5.8032,5.8006,5.7978,5.7950,5.7924,5.7912,5.7900,5.7888,5.7876,5.7864,5.7851,5.7839,5.7825,5.7811,5.7811,5.7809,5.7807,5.7807,5.7805,5.7805,5.7803,5.7803,5.7801,5.7801,5.7799,5.7797,5.7797,5.7795,5.7793,5.7789,5.7787,5.7783,5.7781,5.7777,5.7775,5.7771,5.7769,5.7765,5.7763,5.7761,5.7757,5.7755,5.7751,5.7749,5.7751,5.7759,5.7767,5.7775,5.7783,5.7791,5.7811,5.7831,5.7851,5.7870,5.7890,5.7910,5.7930,5.7950,5.7970,5.7992,5.8012,5.8032,5.8052,5.8073,5.8095,5.8115,5.8135,5.8153,5.8173,5.8193,5.8211,5.8232,5.8252,5.8270,5.8290,5.8308,5.8331,5.8351,5.8367,5.8392,5.8424,5.8457,5.8493,5.8544,5.8597,5.8651,5.8704,5.8757,5.8811,5.8862,5.8920,5.8980,5.9040,5.9101,5.9159,5.9221,5.9286,5.9349,5.9412,5.9475,5.9538,5.9602,5.9665,5.9731,5.9816,5.9917,6.0019,6.0176,6.0364,6.0554,6.0753,6.0954,6.1169,6.1384,7.2692,7.2692,7.2692,7.2692,7.2692,7.2692,7.2692,7.2692,7.2692,7.2692,7.2692,7.2692,7.2692,7.2692,7.2692,7.2692,7.2692,7.2692,7.2692,7.2692,7.2692,7.2692,7.2692,7.2692,7.2692,7.2692,7.2692,7.2692,7.2692,7.2692,7.2692,7.2692,7.2692,7.2692,7.2692,7.2692,7.2692,7.2692,7.2692,7.2692,7.2692,7.2692,7.2692,7.2692,7.2692,7.2692,7.2692,7.2692,7.2692,7.2692,7.2692,7.2692,7.2692,7.2692,7.2692,7.2692,7.2692,7.2692,7.2692,7.2692,7.2692,7.2692,7.2692,7.2692,7.2692,7.2692,7.2692,7.2692,7.2692,7.2692,7.2692,7.2692,7.2692,7.2692,7.2692,7.2692,7.2692,7.2692,7.2692,7.2692,7.2692,7.2692,7.2692,7.2692,7.2692,7.2692,7.2692,7.2692,7.2692,7.2692,7.2692,7.2692,7.2692,7.2692,7.2692,7.2692,7.2692,7.2692,7.2692,7.2692,7.2692,7.2692,7.2692,7.2692,7.2692,7.2692,7.2692,7.2692,7.2692,7.2692,7.2692,7.2692,7.2692,7.2692,7.2692,7.2692,7.2692,7.2692,7.2692,7.2692,7.2692,7.2692,7.2692,7.2692,7.2692,7.2692,7.2692,7.2692,7.2692,7.2692,7.2692,7.2692,7.2692,7.2692,7.2692,7.2692,7.2692,7.2692,7.2692,7.2692,7.2692,7.2692,7.2692,7.2692,7.2692,7.2692,7.2692,7.2692,7.2692,7.2692,7.2692,7.2692,7.2692,7.2692,7.2692,7.2692,7.2692,7.2692,7.2692,7.2692,7.2692,7.2692,7.2692,7.2692,7.2692,7.2692,7.2692,7.2692,7.2692,7.2692,7.2692,7.2692,7.2692,7.2692,7.2692,7.2692,7.2692,7.2692,7.2692,7.2692,7.2692,7.2692,7.2692,7.2692,7.2692,7.2692,7.2692,7.2692,7.2692,7.2692,7.2692,7.2692,7.2692,7.2692,7.2692,7.2692,7.2692,7.2692,7.2692,7.2692,7.2692,7.2692,7.2692,7.2692,7.2692,7.2692,7.2692,7.2692,7.2692,7.2692,7.2692,7.2692,7.2692,7.2692,7.2692,7.2692,7.2692,7.2692,7.2692,7.2692,7.2692,7.2692,7.2692,7.2692,7.2692,7.2692,7.2692,7.2692,7.2692,7.2692,7.2692,7.2692,7.2692,7.2692,7.2692,7.2692,7.2692,7.2692,7.2692,7.2692,7.2692,7.2692,7.2692,7.2692,7.2692,7.2692,7.2692,7.2692,7.2692,7.2692,7.2692,7.2692,7.2692,7.2692,7.2692,7.2692,7.2692,7.2692,7.2692,7.2692,7.2692,7.2692,7.2692,7.2692,7.2692,7.2692,7.2692,7.2692,7.2692,7.2692,7.2692,7.2692,7.2692,7.2692,7.2692,7.2692,7.2692,7.2692,7.2692,7.2692,7.2692,7.2692,7.2692,7.2692,7.2692,7.2692,7.2692,7.2692,7.2692,7.2692,7.2692,7.2692,7.2692,7.2692,7.2692,7.2692,7.2692,7.2692,7.2692,7.2692,7.2692,7.2692,7.2692,7.2692,7.2692,7.2692,7.2692,7.2692,7.2692,7.2692,7.2692,7.2692,7.2692,7.2692,7.2692,7.2692,7.2692,7.2692,7.2692,7.2692,7.2692,7.2692,7.2692,7.2692,7.2692,7.2692,7.2692,7.2692,7.2692,7.2692,7.2692,7.2692,7.2692,7.2692,7.2692,7.2692,7.2692,7.2692,7.2692,7.2692,7.2692,7.2692,7.2692,7.2692,7.2692,7.2692,7.2692,7.2692,7.2692,7.2692,7.2692,7.2692,7.2692,7.2692,7.2692,7.2692,7.2692,7.2692,7.2692,7.2692,7.2692,7.2692,7.2692,7.2692,7.2692,7.2692,7.2692,7.2692,7.2692,7.2692,7.2692,7.2692,7.2692,7.2692,7.2692,7.2692,7.2692,7.2692,7.2692,7.2692,7.2692,7.2692,7.2692,7.2692,7.2692,7.2692,7.2692,7.2692,7.2692,7.2692
7.2629,7.2629,7.2629,7.2629,7.2629,7.2629,7.2629,7.2629,7.2629,7.2629,7.2629,7.2629,7.2629,7.2629,7.2629,7.2629,7.2629,7.2629,7.2629,7.2629,7.2629,7.2629,7.2629,7.2629,7.2629,7.2629,7.2629,7.2629,7.2629,7.2629,7.2629,7.2629,7.2629,7.2629,7.2629,7.2629,7.2629,7.2629,7.2629,7.2629,7.2629,7.2629,7.2629,7.2629,7.2629,7.2629,7.2629,7.2629,7.2629,7.2629,7.2629,7.2629,7.2629,7.2629,7.2629,7.2629,7.2629,7.2629,7.2629,7.2629,7.2629,7.2629,7.2629,7.2629,7.2629,7.2629,7.2629,7.2629,7.2629,7.2629,7.2629,7.2629,7.2629,7.2629,7.2629,7.2629,7.2629,7.2629,7.2629,7.2629,7.2629,7.2629,7.2629,7.2629,7.2629,7.2629,7.2629,7.2629,7.2629,7.2629,7.2629,7.2629,7.2629,7.2629,7.2629,7.2629,7.2629,7.2629,7.2629,7.2629,7.2629,7.2629,7.2629,7.2629,7.2629,7.2629,7.2629,7.2629,7.2629,7.2629,7.2629,7.2629,7.2629,7.2629,7.2629,7.2629,7.2629,7.2629,7.2629,7.2629,7.2629,7.2629,7.2629,7.2629,7.2629,7.2629,7.2629,7.2629,7.2629,7.2629,7.2629,7.2629,7.2629,7.2629,7.2629,7.2629,7.2629,7.2629,7.2629,7.2629,7.2629,7.2629,7.2629,7.2629,7.2629,7.2629,7.2629,7.2629,7.2629,7.2629,7.2629,7.2629,7.2629,7.2629,7.2629,7.2629,7.2629,7.2629,7.2629,7.2629,7.2629,7.2629,7.2629,7.2629,7.2629,7.2629,7.2629,7.2629,7.2629,7.2629,7.2629,7.2629,7.2629,7.2629,7.2629,7.2629,7.2629,7.2629,7.2629,7.2629,7.2629,7.2629,7.2629,7.2629,7.2629,7.2629,7.2629,7.2629,7.2629,7.2629,7.2629,7.2629,7.2629,7.2629,7.2629,7.2629,7.2629,7.2629,7.2629,7.2629,7.2629,7.2629,7.2629,7.2629,7.2629,7.2629,7.2629,7.2629,7.2629,7.2629,7.2629,7.2629,7.2629,7.2629,7.2629,7.2629,7.2629,7.2629,7.2629,7.2629,7.2629,7.2629,7.2629,7.2629,7.2629,7.2629,7.2629,7.2629,7.2629,7.2629,7.2629,7.2629,7.2629,7.2629,7.2629,7.2629,7.2629,7.2629,7.2629,7.2629,7.2629,7.2629,7.2629,7.2629,7.2629,7.2629,7.2629,7.2629,7.2629,7.2629,7.2629,7.2629,7.2629,7.2629,7.2629,7.2629,7.2629,7.2629,7.2629,7.2629,7.2629,7.2629,7.2629,7.2629,7.2629,7.2629,7.2629,7.2629,7.2629,7.2629,7.2629,7.2629,7.2629,7.2629,7.2629,7.2629,7.2629,7.2629,7.2629,7.2629,7.2629,7.2629,7.2629,7.2629,7.2629,7.2629,7.2629,7.2629,7.2629,7.2629,7.2629,7.2629,7.2629,7.2629,7.2629,7.2629,7.2629,7.2629,7.2629,7.2629,7.2629,7.2629,7.2629,7.2629,7.2629,7.2629,7.2629,7.2629,7.2629,7.2629,7.2629,7.2629,7.2629,7.2629,7.2629,7.2629,7.2629,7.2629,7.2629,7.2629,7.2629,7.2629,7.2629,7.2629,7.2629,7.2629,7.2629,7.2629,7.2629,7.2629,7.2629,7.2629,7.2629,7.2629,7.2629,7.2629,7.2629,7.2629,7.2629,7.2629,7.2629,7.2629,7.2629,7.2629,7.2629,7.2629,7.2629,7.2629,7.2629,7.2629,7.2629,7.2629,7.2629,7.2629,7.2629,7.2629,7.2629,7.2629,7.2629,7.2629,7.2629,7.2629,7.2629,7.2629,7.2629,7.2629,7.2629,7.2629,7.2629,7.2629,7.2629,7.2629,7.2629,7.2629,7.2629,7.2629,7.2629,7.2629,7.2629,7.2629,7.2629,7.2629,7.2629,7.2629,7.2629,7.2629,7.2629,7.2629,7.2629,7.2629,7.2629,7.2629,7.2629,7.2629,7.2629,7.2629,7.2629,7.2629,7.2629,7.2629,7.2629,7.2629,7.2629,7.2629,6.2103,6.1815,6.1530,6.1263,6.1018,6.0786,6.0554,6.0369,6.0241,6.0114,6.0032,5.9961,5.9889,5.9818,5.9746,5.9676,5.9602,5.9528,5.9454,5.9378,5.9305,5.9232,5.9161,5.9092,5.9022,5.8955,5.8910,5.8864,5.8819,5.8772,5.8726,5.8681,5.8636,5.8591,5.8546,5.8514,5.8487,5.8459,5.8430,5.8404,5.8375,5.8349,5.8321,5.8292,5.8266,5.8238,5.8209,5.8181,5.8155,5.8127,5.8099,5.8073,5.8044,5.8018,5.7990,5.7964,5.7936,5.7914,5.7902,5.7890,5.7878,5.7866,5.7854,5.7841,5.7827,5.7821,5.7819,5.7817,5.7817,5.7815,5.7815,5.7813,5.7813,5.7811,5.7811,5.7809,5.7807,5.7807,5.7805,5.7805,5.7801,5.7799,5.7795,5.7793,5.7789,5.7787,5.7783,5.7781,5.7779,5.7775,5.7773,5.7769,5.7767,5.7763,5.7761,5.7757,5.7755,5.7761,5.7769,5.7777,5.7785,5.7799,5.7819,5.7839,5.7858,5.7878,5.7898,5.7918,5.7938,5.7960,5.7980,5.8000,5.8020,5.8040,5.8063,5.8083,5.8103,5.8123,5.8143,5.8161,5.8181,5.8201,5.8220,5.8240,5.8260,5.8278,5.8298,5.8319,5.8337,5.8359,5.8379,5.8396,5.8422,5.8457,5.8499,5.8552,5.8606,5.8659,5.8710,5.8768,5.8827,5.8887,5.8947,5.9007,5.9067,5.9125,5.9186,5.9246,5.9311,5.9374,5.9437,5.9500,5.9564,5.9627,5.9693,5.9759,5.9859,5.9959,6.0058,6.0211,6.0399,6.0589,6.0788,6.0989,6.1200,6.1415,7.2629,7.2629,7.2629,7.2629,7.2629,7.2629,7.2629,7.2629,7.2629,7.2629,7.2629,7.2629,7.2629,7.2629,7.2629,7.2629,7.2629,7.2629,7.2629,7.2629,7.2629,7.2629,7.2629,7.2629,7.2629,7.2629,7.2629,7.2629,7.2629,7.2629,7.2629,7.2629,7.2629,7.2629,7.2629,7.2629,7.2629,7.2629,7.2629,7.2629,7.2629,7.2629,7.2629,7.2629,7.2629,7.2629,7.2629,7.2629,7.2629,7.2629,7.2629,7.2629,7.2629,7.2629,7.2629,7.2629,7.2629,7.2629,7.2629,7.2629,7.2629,7.2629,7.2629,7.2629,7.2629,7.2629,7.2629,7.2629,7.2629,7.2629,7.2629,7.2629,7.2629,7.2629,7.2629,7.2629,7.2629,7.2629,7.2629,7.2629,7.2629,7.2629,7.2629,7.2629,7.2629,7.2629,7.2629,7.2629,7.2629,7.2629,7.2629,7.2629,7.2629,7.2629,7.2629,7.2629,7.2629,7.2629,7.2629,7.2629,7.2629,7.2629,7.2629,7.2629,7.2629,7.2629,7.2629,7.2629,7.2629,7.2629,7.2629,7.2629,7.2629,7.2629,7.2629,7.2629,7.2629,7.2629,7.2629,7.2629,7.2629,7.2629,7.2629,7.2629,7.2629,7.2629,7.2629,7.2629,7.2629,7.2629,7.2629,7.2629,7.2629,7.2629,7.2629,7.2629,7.2629,7.2629,7.2629,7.2629,7.2629,7.2629,7.2629,7.2629,7.2629,7.2629,7.2629,7.2629,7.2629,7.2629,7.2629,7.2629,7.2629,7.2629,7.2629,7.2629,7.2629,7.2629,7.2629,7.2629,7.2629,7.2629,7.2629,7.2629,7.2629,7.2629,7.2629,7.2629,7.2629,7.2629,7.2629,7.2629,7.2629,7.2629,7.2629,7.2629,7.2629,7.2629,7.2629,7.2629,7.2629,7.2629,7.2629,7.2629,7.2629,7.2629,7.2629,7.2629,7.2629,7.2629,7.2629,7.2629,7.2629,7.2629,7.2629,7.2629,7.2629,7.2629,7.2629,7.2629,7.2629,7.2629,7.2629,7.2629,7.2629,7.2629,7.2629,7.2629,7.2629,7.2629,7.2629,7.2629,7.2629,7.2629,7.2629,7.2629,7.2629,7.2629,7.2629,7.2629,7.2629,7.2629,7.2629,7.2629,7.2629,7.2629,7.2629,7.2629,7.2629,7.2629,7.2629,7.2629,7.2629,7.2629,7.2629,7.2629,7.2629,7.2629,7.2629,7.2629,7.2629,7.2629,7.2629,7.2629,7.2629,7.2629,7.2629,7.2629,7.2629,7.2629,7.2629,7.2629,7.2629,7.2629,7.2629,7.2629,7.2629,7.2629,7.2629,7.2629,7.2635,7.2635,7.2635,7.2635,7.2635,7.2635,7.2635,7.2635,7.2635,7.2635,7.2635,7.2635,7.2635,7.2635,7.2635,7.2635,7.2635,7.2635,7.2635,7.2635,7.2635,7.2635,7.2635,7.2635,7.2635,7.2635,7.2635,7.2635,7.2635,7.2635,7.2635,7.2635,7.2635,7.2635,7.2635,7.2635,7.2635,7.2635,7.2635,7.2635,7.2635,7.2635,7.2635,7.2635,7.2635,7.2635,7.2635,7.2635,7.2635,7.2635,7.2635,7.2635,7.2635,7.2635,7.2635,7.2635,7.2635,7.2635,7.2635,7.2635,7.2635,7.2635,7.2635,7.2635,7.2635,7.2635,7.2635,7.2635,7.2635,7.2635,7.2635,7.2635,7.2635,7.2635,7.2635,7.2635,7.2635,7.2635,7.2635,7.2635,7.2635,7.2635,7.2635,7.2635,7.2635,7.2635,7.2635,7.2635,7.2635,7.2635,7.2635,7.2635,7.2635,7.2635,7.2635,7.2635,7.2635,7.2635,7.2635,7.2635,7.2635,7.2635,7.2635,7.2635,7.2635,7.2635,7.2635,7.2635,7.2635,7.2635,7.2635,7.2635,7.2635,7.2635,7.2635,7.2635,7.2635,7.2635,7.2635,7.2635,7.2635,7.2635,7.2635,7.2635,7.2635,7.2635,7.2635,7.2635,7.2635,7.2635
7.2576,7.2576,7.2576,7.2576,7.2576,7.2576,7.2576,7.2576,7.2576,7.2576,7.2576,7.2576,7.2576,7.2576,7.2576,7.2576,7.2576,7.2576,7.2576,7.2576,7.2576,7.2576,7.2576,7.2576,7.2576,7.2576,7.2576,7.2576,7.2576,7.2576,7.2576,7.2576,7.2576,7.2576,7.2576,7.2576,7.2576,7.2576,7.2576,7.2576,7.2576,7.2576,7.2576,7.2576,7.2576,7.2576,7.2576,7.2576,7.2576,7.2576,7.2576,7.2576,7.2576,7.2576,7.2576,7.2576,7.2576,7.2576,7.2576,7.2576,7.2576,7.2576,7.2576,7.2576,7.2576,7.2576,7.2576,7.2576,7.2576,7.2576,7.2576,7.2576,7.2576,7.2576,7.2576,7.2576,7.2576,7.2576,7.2576,7.2576,7.2576,7.2576,7.2576,7.2576,7.2576,7.2576,7.2576,7.2576,7.2576,7.2576,7.2576,7.2576,7.2576,7.2576,7.2576,7.2576,7.2576,7.2576,7.2576,7.2576,7.2576,7.2576,7.2576,7.2576,7.2576,7.2576,7.2576,7.2576,7.2576,7.2576,7.2576,7.2576,7.2576,7.2576,7.2576,7.2576,7.2576,7.2576,7.2576,7.2576,7.2576,7.2576,7.2576,7.2576,7.2576,7.2576,7.2576,7.2576,7.2576,7.2576,7.2576,7.2576,7.2576,7.2576,7.2576,7.2576,7.2576,7.2576,7.2576,7.2576,7.2576,7.2576,7.2576,7.2576,7.2576,7.2576,7.2576,7.2576,7.2576,7.2576,7.2576,7.2576,7.2576,7.2576,7.2576,7.2576,7.2576,7.2576,7.2576,7.2576,7.2576,7.2576,7.2576,7.2576,7.2576,7.2576,7.2576,7.2576,7.2576,7.2576,7.2576,7.2576,7.2576,7.2576,7.2576,7.2576,7.2576,7.2576,7.2576,7.2576,7.2576,7.2576,7.2576,7.2576,7.2576,7.2576,7.2576,7.2576,7.2576,7.2576,7.2576,7.2576,7.2576,7.2576,7.2576,7.2576,7.2576,7.2576,7.2576,7.2576,7.2576,7.2576,7.2576,7.2576,7.2576,7.2576,7.2576,7.2576,7.2576,7.2576,7.2576,7.2576,7.2576,7.2576,7.2576,7.2576,7.2576,7.2576,7.2576,7.2576,7.2576,7.2576,7.2576,7.2576,7.2576,7.2576,7.2576,7.2576,7.2576,7.2576,7.2576,7.2576,7.2576,7.2576,7.2576,7.2576,7.2576,7.2576,7.2576,7.2576,7.2576,7.2576,7.2576,7.2576,7.2576,7.2576,7.2576,7.2576,7.2576,7.2576,7.2576,7.2576,7.2576,7.2576,7.2576,7.2576,7.2576,7.2576,7.2576,7.2576,7.2576,7.2576,7.2576,7.2576,7.2576,7.2576,7.2576,7.2576,7.2576,7.2576,7.2576,7.2576,7.2576,7.2576,7.2576,7.2576,7.2576,7.2576,7.2576,7.2576,7.2576,7.2576,7.2576,7.2576,7.2576,7.2576,7.2576,7.2576,7.2576,7.2576,7.2576,7.2576,7.2576,7.2576,7.2576,7.2576,7.2576,7.2576,7.2576,7.2576,7.2576,7.2576,7.2576,7.2576,7.2576,7.2576,7.2576,7.2576,7.2576,7.2576,7.2576,7.2576,7.2576,7.2576,7.2576,7.2576,7.2576,7.2576,7.2576,7.2576,7.2576,7.2576,7.2576,7.2576,7.2576,7.2576,7.2576,7.2576,7.2576,7.2576,7.2576,7.2576,7.2576,7.2576,7.2576,7.2576,7.2576,7.2576,7.2576,7.2576,7.2576,7.2576,7.2576,7.2576,7.2576,7.2576,7.2576,7.2576,7.2576,7.2576,7.2576,7.2576,7.2576,7.2576,7.2576,7.2576,7.2576,7.2576,7.2576,7.2576,7.2576,7.2576,7.2576,7.2576,7.2576,7.2576,7.2576,7.2576,7.2576,7.2576,7.2576,7.2576,7.2576,7.2576,7.2576,7.2576,7.2576,7.2576,7.2576,7.2576,7.2576,7.2576,7.2576,7.2576,7.2576,7.2576,7.2576,7.2576,7.2576,7.2576,7.2576,7.2576,7.2576,7.2576,7.2576,7.2576,7.2576,7.2576,7.2576,7.2576,7.2576,7.2576,7.2576,7.2576,6.2129,6.1840,6.1553,6.1281,6.1038,6.0804,6.0574,6.0367,6.0241,6.0118,6.0047,5.9974,5.9904,5.9831,5.9761,5.9691,5.9619,5.9545,5.9469,5.9395,5.9322,5.9246,5.9178,5.9109,5.9040,5.8972,5.8916,5.8871,5.8823,5.8778,5.8733,5.8687,5.8642,5.8597,5.8554,5.8528,5.8499,5.8473,5.8444,5.8416,5.8390,5.8361,5.8335,5.8306,5.8278,5.8250,5.8224,5.8195,5.8167,5.8141,5.8113,5.8085,5.8059,5.8030,5.8004,5.7976,5.7950,5.7922,5.7906,5.7894,5.7882,5.7870,5.7856,5.7843,5.7831,5.7829,5.7829,5.7827,5.7825,5.7825,5.7823,5.7823,5.7821,5.7821,5.7819,5.7819,5.7817,5.7815,5.7815,5.7813,5.7811,5.7807,5.7805,5.7801,5.7799,5.7797,5.7793,5.7791,5.7787,5.7785,5.7781,5.7779,5.7775,5.7773,5.7771,5.7767,5.7765,5.7763,5.7771,5.7779,5.7787,5.7807,5.7827,5.7847,5.7866,5.7886,5.7906,5.7928,5.7948,5.7968,5.7988,5.8008,5.8030,5.8050,5.8071,5.8091,5.8111,5.8131,5.8151,5.8171,5.8189,5.8209,5.8230,5.8248,5.8268,5.8286,5.8306,5.8327,5.8345,5.8367,5.8385,5.8404,5.8424,5.8455,5.8508,5.8559,5.8616,5.8675,5.8735,5.8794,5.8854,5.8914,5.8974,5.9034,5.9094,5.9153,5.9211,5.9274,5.9336,5.9399,5.9463,5.9526,5.9589,5.9653,5.9718,5.9801,5.9902,6.0000,6.0101,6.0243,6.0432,6.0622,6.0821,6.1023,6.1229,6.1444,7.2576,7.2576,7.2576,7.2576,7.2576,7.2576,7.2576,7.2576,7.2576,7.2576,7.2576,7.2576,7.2576,7.2576,7.2576,7.2576,7.2576,7.2576,7.2576,7.2576,7.2576,7.2576,7.2576,7.2576,7.2576,7.2576,7.2576,7.2576,7.2576,7.2576,7.2576,7.2576,7.2576,7.2576,7.2576,7.2576,7.2576,7.2576,7.2576,7.2576,7.2576,7.2576,7.2576,7.2576,7.2576,7.2576,7.2576,7.2576,7.2576,7.2576,7.2576,7.2576,7.2576,7.2576,7.2576,7.2576,7.2576,7.2576,7.2576,7.2576,7.2576,7.2576,7.2576,7.2576,7.2576,7.2576,7.2576,7.2576,7.2576,7.2576,7.2576,7.2576,7.2576,7.2576,7.2576,7.2576,7.2576,7.2576,7.2576,7.2576,7.2576,7.2576,7.2576,7.2576,7.2576,7.2576,7.2576,7.2576,7.2576,7.2576,7.2576,7.2576,7.2576,7.2576,7.2576,7.2576,7.2576,7.2576,7.2576,7.2576,7.2576,7.2576,7.2576,7.2576,7.2576,7.2576,7.2576,7.2576,7.2576,7.2576,7.2576,7.2576,7.2576,7.2576,7.2576,7.2576,7.2576,7.2576,7.2576,7.2576,7.2576,7.2576,7.2576,7.2576,7.2576,7.2576,7.2576,7.2576,7.2576,7.2576,7.2576,7.2576,7.2576,7.2576,7.2576,7.2576,7.2576,7.2576,7.2576,7.2576,7.2576,7.2576,7.2576,7.2576,7.2576,7.2576,7.2576,7.2576,7.2576,7.2576,7.2576,7.2576,7.2576,7.2576,7.2576,7.2576,7.2576,7.2576,7.2576,7.2576,7.2576,7.2576,7.2576,7.2576,7.2576,7.2576,7.2576,7.2576,7.2576,7.2576,7.2576,7.2576,7.2576,7.2576,7.2576,7.2576,7.2576,7.2576,7.2576,7.2576,7.2576,7.2576,7.2576,7.2576,7.2576,7.2576,7.2576,7.2576,7.2576,7.2576,7.2576,7.2576,7.2576,7.2576,7.2576,7.2576,7.2576,7.2576,7.2576,7.2576,7.2576,7.2576,7.2576,7.2576,7.2576,7.2576,7.2576,7.2576,7.2576,7.2576,7.2576,7.2576,7.2576,7.2576,7.2576,7.2576,7.2576,7.2576,7.2576,7.2576,7.2576,7.2576,7.2576,7.2576,7.2576,7.2576,7.2576,7.2576,7.2576,7.2576,7.2576,7.2576,7.2576,7.2576,7.2576,7.2576,7.2576,7.2576,7.2576,7.2576,7.2576,7.2576,7.2576,7.2576,7.2576,7.2576,7.2576,7.2576,7.2576,7.2576,7.2576,7.2576,7.2576,7.2576,7.2576,7.2576,7.2576,7.2576,7.2576,7.2576,7.2576,7.2576,7.2576,7.2576,7.2576,7.2576,7.2576,7.2576,7.2576,7.2576,7.2576,7.2576,7.2576,7.2576,7.2576,7.2576,7.2576,7.2576,7.2576,7.2576,7.2576,7.2576,7.2576,7.2576,7.2576,7.2576,7.2576,7.2576,7.2576,7.2576,7.2576,7.2576,7.2576,7.2576,7.2576,7.2576,7.2576,7.2576,7.2576,7.2576,7.2576,7.2576,7.2576,7.2576,7.2576,7.2576,7.2576,7.2576,7.2576,7.2576,7.2576,7.2576,7.2576,7.2576,7.2576,7.2576,7.2576,7.2576,7.2576,7.2576,7.2576,7.2576,7.2576,7.2576,7.2576,7.2576,7.2576,7.2576,7.2576,7.2576,7.2576,7.2576,7.2576,7.2576,7.2576,7.2576,7.2576,7.2576,7.2576,7.2576,7.2576,7.2576,7.2576,7.2576,7.2576,7.2576,7.2576,7.2576,7.2576,7.2576,7.2576,7.2576,7.2576,7.2576,7.2576,7.2576,7.2576,7.2576,7.2576,7.2576,7.2576,7.2576,7.2576,7.2576,7.2576,7.2576,7.2576,7.2576,7.2576,7.2576,7.2576,7.2576,7.2576,7.2576,7.2576,7.2576,7.2576,7.2576,7.2576,7.2576,7.2576,7.2576,7.2576,7.2576,7.2576,7.2576,7.2576,7.2576,7.2576,7.2576
7.2516,7.2516,7.2516,7.2516,7.2516,7.2516,7.2516,7.2516,7.2516,7.2516,7.2516,7.2516,7.2516,7.2516,7.2516,7.2516,7.2516,7.2516,7.2516,7.2516,7.2516,7.2516,7.2516,7.2516,7.2516,7.2516,7.2516,7.2516,7.2516,7.2516,7.2516,7.2516,7.2516,7.2516,7.2516,7.2516,7.2516,7.2516,7.2516,7.2516,7.2516,7.2516,7.2516,7.2516,7.2516,7.2516,7.2516,7.2516,7.2516,7.2516,7.2516,7.2516,7.2516,7.2516,7.2516,7.2516,7.2516,7.2516,7.2516,7.2516,7.2516,7.2516,7.2516,7.2516,7.2516,7.2516,7.2516,7.2516,7.2516,7.2516,7.2516,7.2516,7.2516,7.2516,7.2516,7.2516,7.2516,7.2516,7.2516,7.2516,7.2516,7.2516,7.2516,7.2516,7.2516,7.2516,7.2516,7.2516,7.2516,7.2516,7.2516,7.2516,7.2516,7.2516,7.2516,7.2516,7.2516,7.2516,7.2516,7.2516,7.2516,7.2516,7.2516,7.2516,7.2516,7.2516,7.2516,7.2516,7.2516,7.2516,7.2516,7.2516,7.2516,7.2516,7.2516,7.2516,7.2516,7.2516,7.2516,7.2516,7.2516,7.2516,7.2516,7.2516,7.2516,7.2516,7.2516,7.2516,7.2516,7.2516,7.2516,7.2516,7.2516,7.2516,7.2516,7.2516,7.2516,7.2516,7.2516,7.2516,7.2516,7.2516,7.2516,7.2516,7.2516,7.2516,7.2516,7.2516,7.2516,7.2516,7.2516,7.2516,7.2516,7.2516,7.2516,7.2516,7.2516,7.2516,7.2516,7.2516,7.2516,7.2516,7.2516,7.2516,7.2516,7.2516,7.2516,7.2516,7.2516,7.2516,7.2516,7.2516,7.2516,7.2516,7.2516,7.2516,7.2516,7.2516,7.2516,7.2516,7.2516,7.2516,7.2516,7.2516,7.2516,7.2516,7.2516,7.2516,7.2516,7.2516,7.2516,7.2516,7.2516,7.2516,7.2516,7.2516,7.2516,7.2516,7.2516,7.2516,7.2516,7.2516,7.2516,7.2516,7.2516,7.2516,7.2516,7.2516,7.2516,7.2516,7.2516,7.2516,7.2516,7.2516,7.2516,7.2516,7.2516,7.2516,7.2516,7.2516,7.2516,7.2516,7.2516,7.2516,7.2516,7.2516,7.2516,7.2516,7.2516,7.2516,7.2516,7.2516,7.2516,7.2516,7.2516,7.2516,7.2516,7.2516,7.2516,7.2516,7.2516,7.2516,7.2516,7.2516,7.2516,7.2516,7.2516,7.2516,7.2516,7.2516,7.2516,7.2516,7.2516,7.2516,7.2516,7.2516,7.2516,7.2516,7.2516,7.2516,7.2516,7.2516,7.2516,7.2516,7.2516,7.2516,7.2516,7.2516,7.2516,7.2516,7.2516,7.2516,7.2516,7.2516,7.2516,7.2516,7.2516,7.2516,7.2516,7.2516,7.2516,7.2516,7.2516,7.2516,7.2516,7.2516,7.2516,7.2516,7.2516,7.2516,7.2516,7.2516,7.2516,7.2516,7.2516,7.2516,7.2516,7.2516,7.2516,7.2516,7.2516,7.2516,7.2516,7.2516,7.2516,7.2516,7.2516,7.2516,7.2516,7.2516,7.2516,7.2516,7.2516,7.2516,7.2516,7.2516,7.2516,7.2516,7.2516,7.2516,7.2516,7.2516,7.2516,7.2516,7.2516,7.2516,7.2516,7.2516,7.2516,7.2516,7.2516,7.2516,7.2516,7.2516,7.2516,7.2516,7.2516,7.2516,7.2516,7.2516,7.2516,7.2516,7.2516,7.2516,7.2516,7.2516,7.2516,7.2516,7.2516,7.2516,7.2516,7.2516,7.2516,7.2516,7.2516,7.2516,7.2516,7.2516,7.2516,7.2516,7.2516,7.2516,7.2516,7.2516,7.2516,7.2516,7.2516,7.2516,7.2516,7.2516,7.2516,7.2516,7.2516,7.2516,7.2516,7.2516,7.2516,7.2516,7.2516,7.2516,7.2516,7.2516,7.2516,7.2516,7.2516,7.2516,7.2516,7.2516,7.2516,7.2516,7.2516,7.2516,7.2516,7.2516,7.2516,7.2516,7.2516,7.2516,7.2516,7.2516,7.2516,7.2516,7.2516,7.2516,6.2152,6.1863,6.1577,6.1299,6.1058,6.0824,6.0593,6.0367,6.0239,6.0133,6.0062,5.9989,5.9919,5.9846,5.9776,5.9704,5.9634,5.9560,5.9486,5.9410,5.9336,5.9263,5.9194,5.9125,5.9057,5.8988,5.8922,5.8875,5.8829,5.8784,5.8739,5.8694,5.8649,5.8601,5.8569,5.8540,5.8514,5.8485,5.8459,5.8430,5.8404,5.8377,5.8349,5.8323,5.8292,5.8264,5.8236,5.8209,5.8181,5.8153,5.8127,5.8099,5.8071,5.8042,5.8016,5.7988,5.7962,5.7934,5.7908,5.7896,5.7884,5.7872,5.7858,5.7847,5.7839,5.7839,5.7837,5.7837,5.7835,5.7833,5.7833,5.7831,5.7831,5.7829,5.7829,5.7827,5.7825,5.7825,5.7823,5.7823,5.7821,5.7817,5.7813,5.7811,5.7809,5.7805,5.7803,5.7799,5.7797,5.7793,5.7791,5.7789,5.7785,5.7783,5.7779,5.7777,5.7773,5.7771,5.7773,5.7781,5.7795,5.7815,5.7835,5.7854,5.7876,5.7896,5.7916,5.7936,5.7956,5.7976,5.7998,5.8018,5.8038,5.8059,5.8079,5.8101,5.8121,5.8139,5.8159,5.8179,5.8197,5.8218,5.8238,5.8256,5.8276,5.8296,5.8315,5.8337,5.8353,5.8375,5.8394,5.8416,5.8434,5.8467,5.8526,5.8583,5.8642,5.8702,5.8761,5.8821,5.8881,5.8941,5.9001,5.9061,5.9119,5.9180,5.9238,5.9299,5.9362,5.9425,5.9488,5.9551,5.9615,5.9680,5.9744,5.9844,5.9942,6.0043,6.0142,6.0278,6.0467,6.0657,6.0857,6.1058,6.1261,6.2198,7.2516,7.2516,7.2516,7.2516,7.2516,7.2516,7.2516,7.2516,7.2516,7.2516,7.2516,7.2516,7.2516,7.2516,7.2516,7.2516,7.2516,7.2516,7.2516,7.2516,7.2516,7.2516,7.2516,7.2516,7.2516,7.2516,7.2516,7.2516,7.2516,7.2516,7.2516,7.2516,7.2516,7.2516,7.2516,7.2516,7.2516,7.2516,7.2516,7.2516,7.2516,7.2516,7.2516,7.2516,7.2516,7.2516,7.2516,7.2516,7.2516,7.2516,7.2516,7.2516,7.2516,7.2516,7.2516,7.2516,7.2516,7.2516,7.2516,7.2516,7.2516,7.2516,7.2516,7.2516,7.2516,7.2516,7.2516,7.2516,7.2516,7.2516,7.2516,7.2516,7.2516,7.2516,7.2516,7.2516,7.2516,7.2516,7.2516,7.2516,7.2516,7.2516,7.2516,7.2516,7.2516,7.2516,7.2516,7.2516,7.2516,7.2516,7.2516,7.2516,7.2516,7.2516,7.2516,7.2516,7.2516,7.2516,7.2516,7.2516,7.2516,7.2516,7.2516,7.2516,7.2516,7.2516,7.2516,7.2516,7.2516,7.2516,7.2516,7.2516,7.2516,7.2516,7.2516,7.2516,7.2516,7.2516,7.2516,7.2516,7.2516,7.2516,7.2516,7.2516,7.2516,7.2516,7.2516,7.2516,7.2516,7.2516,7.2516,7.2516,7.2516,7.2516,7.2516,7.2516,7.2516,7.2516,7.2516,7.2516,7.2516,7.2516,7.2516,7.2516,7.2516,7.2516,7.2516,7.2516,7.2516,7.2516,7.2516,7.2516,7.2516,7.2516,7.2516,7.2516,7.2516,7.2516,7.2516,7.2516,7.2516,7.2516,7.2516,7.2516,7.2516,7.2516,7.2516,7.2516,7.2516,7.2516,7.2516,7.2516,7.2516,7.2516,7.2516,7.2516,7.2516,7.2516,7.2516,7.2516,7.2516,7.2516,7.2516,7.2516,7.2516,7.2510,7.2510,7.2510,7.2510,7.2510,7.2510,7.2510,7.2510,7.2510,7.2510,7.2510,7.2510,7.2510,7.2510,7.2510,7.2510,7.2510,7.2510,7.2510,7.2510,7.2510,7.2510,7.2510,7.2510,7.2510,7.2510,7.2510,7.2510,7.2510,7.2510,7.2510,7.2510,7.2510,7.2510,7.2510,7.2510,7.2510,7.2510,7.2510,7.2510,7.2510,7.2510,7.2510,7.2510,7.2510,7.2510,7.2510,7.2510,7.2510,7.2510,7.2510,7.2510,7.2510,7.2510,7.2510,7.2510,7.2510,7.2510,7.2510,7.2510,7.2510,7.2510,7.2510,7.2510,7.2510,7.2510,7.2510,7.2510,7.2510,7.2510,7.2510,7.2510,7.2510,7.2510,7.2510,7.2510,7.2510,7.2510,7.2510,7.2510,7.2510,7.2510,7.2510,7.2510,7.2510,7.2510,7.2510,7.2510,7.2510,7.2510,7.2510,7.2510,7.2510,7.2510,7.2510,7.2510,7.2510,7.2510,7.2510,7.2510,7.2510,7.2510,7.2510,7.2510,7.2510,7.2510,7.2510,7.2510,7.2510,7.2510,7.2510,7.2510,7.2510,7.2510,7.2510,7.2510,7.2510,7.2510,7.2510,7.2510,7.2510,7.2510,7.2510,7.2510,7.2510,7.2510,7.2510,7.2510,7.2510,7.2510,7.2510,7.2510,7.2510,7.2510,7.2510,7.2510,7.2510,7.2510,7.2510,7.2510,7.2510,7.2510,7.2510,7.2510,7.2510,7.2510,7.2510,7.2510,7.2510,7.2510,7.2510,7.2510,7.2510,7.2510,7.2510,7.2510,7.2510,7.2510,7.2510,7.2510,7.2510,7.2510,7.2510,7.2510,7.2510,7.2510,7.2510,7.2510,7.2510,7.2510,7.2510,7.2510,7.2510,7.2510,7.2510,7.2510,7.2510,7.2510,7.2510,7.2510,7.2510,7.2510,7.2510,7.2510,7.2510,7.2510,7.2510,7.2510,7.2510,7.2510,7.2510,7.2510,7.2510,7.2510,7.2510,7.2510,7.2510,7.2510,7.2510,7.2510,7.2510,7.2510,7.2510,7.2510,7.2510
7.2457,7.2457,7.2457,7.2457,7.2457,7.2457,7.2457,7.2457,7.2457,7.2457,7.2457,7.2457,7.2457,7.2457,7.2457,7.2457,7.2457,7.2457,7.2457,7.2457,7.2457,7.2457,7.2457,7.2457,7.2457,7.2457,7.2457,7.2457,7.2457,7.2457,7.2457,7.2457,7.2457,7.2457,7.2457,7.2457,7.2457,7.2457,7.2457,7.2457,7.2457,7.2457,7.2457,7.2457,7.2457,7.2457,7.2457,7.2457,7.2457,7.2457,7.2457,7.2457,7.2457,7.2457,7.2457,7.2457,7.2457,7.2457,7.2457,7.2457,7.2457,7.2457,7.2457,7.2457,7.2457,7.2457,7.2457,7.2457,7.2457,7.2457,7.2457,7.2457,7.2457,7.2457,7.2457,7.2457,7.2457,7.2457,7.2457,7.2457,7.2457,7.2457,7.2457,7.2457,7.2457,7.2457,7.2457,7.2457,7.2457,7.2457,7.2457,7.2457,7.2457,7.2457,7.2457,7.2457,7.2457,7.2457,7.2457,7.2457,7.2457,7.2457,7.2457,7.2457,7.2457,7.2457,7.2457,7.2457,7.2457,7.2457,7.2457,7.2457,7.2457,7.2457,7.2457,7.2457,7.2457,7.2457,7.2457,7.2457,7.2457,7.2457,7.2457,7.2457,7.2457,7.2457,7.2457,7.2457,7.2457,7.2457,7.2457,7.2457,7.2457,7.2457,7.2457,7.2457,7.2457,7.2457,7.2457,7.2457,7.2457,7.2457,7.2457,7.2457,7.2457,7.2457,7.2457,7.2457,7.2457,7.2457,7.2457,7.2457,7.2457,7.2457,7.2457,7.2457,7.2457,7.2457,7.2457,7.2457,7.2457,7.2457,7.2457,7.2457,7.2457,7.2457,7.2457,7.2457,7.2457,7.2457,7.2457,7.2457,7.2457,7.2457,7.2457,7.2457,7.2457,7.2457,7.2457,7.2457,7.2457,7.2457,7.2457,7.2457,7.2457,7.2457,7.2457,7.2457,7.2457,7.2457,7.2457,7.2457,7.2457,7.2457,7.2457,7.2457,7.2457,7.2457,7.2457,7.2457,7.2457,7.2457,7.2457,7.2457,7.2457,7.2457,7.2457,7.2457,7.2457,7.2457,7.2457,7.2457,7.2457,7.2457,7.2457,7.2457,7.2457,7.2457,7.2457,7.2457,7.2457,7.2457,7.2457,7.2457,7.2457,7.2457,7.2457,7.2457,7.2454,7.2454,7.2454,7.2454,7.2454,7.2454,7.2454,7.2454,7.2454,7.2454,7.2454,7.2454,7.2454,7.2454,7.2454,7.2454,7.2454,7.2454,7.2454,7.2454,7.2454,7.2454,7.2454,7.2454,7.2454,7.2454,7.2454,7.2454,7.2454,7.2454,7.2454,7.2454,7.2454,7.2454,7.2454,7.2454,7.2454,7.2454,7.2454,7.2454,7.2454,7.2454,7.2454,7.2454,7.2454,7.2454,7.2454,7.2454,7.2454,7.2454,7.2454,7.2454,7.2454,7.2454,7.2454,7.2454,7.2454,7.2454,7.2454,7.2454,7.2454,7.2454,7.2454,7.2454,7.2454,7.2454,7.2454,7.2454,7.2454,7.2454,7.2454,7.2454,7.2454,7.2454,7.2454,7.2454,7.2454,7.2454,7.2454,7.2454,7.2454,7.2454,7.2454,7.2454,7.2454,7.2454,7.2454,7.2454,7.2454,7.2454,7.2454,7.2454,7.2454,7.2454,7.2454,7.2454,7.2454,7.2454,7.2454,7.2454,7.2454,7.2454,7.2454,7.2454,7.2454,7.2454,7.2454,7.2454,7.2454,7.2454,7.2454,7.2454,7.2454,7.2454,7.2454,7.2454,7.2454,7.2454,7.2454,7.2454,7.2454,7.2454,7.2454,7.2454,7.2454,7.2454,7.2454,7.2454,7.2454,7.2454,7.2454,7.2454,7.2454,7.2454,7.2454,7.2454,7.2454,7.2454,7.2454,7.2454,7.2454,7.2454,7.2454,7.2454,7.2454,7.2454,7.2454,7.2454,7.2454,7.2454,7.2454,7.2454,7.2454,7.2454,7.2454,7.2454,7.2454,7.2454,7.2454,7.2454,7.2454,7.2454,7.2454,7.2454,7.2454,7.2454,7.2454,7.2454,7.2454,7.2454,7.2454,7.2454,7.2454,7.2454,7.2454,7.2454,6.2198,6.1891,6.1602,6.1319,6.1078,6.0843,6.0611,6.0382,6.0239,6.0148,6.0077,6.0004,5.9931,5.9861,5.9789,5.9718,5.9648,5.9576,5.9500,5.9427,5.9353,5.9282,5.9213,5.9142,5.9073,5.9005,5.8937,5.8881,5.8835,5.8790,5.8745,5.8700,5.8653,5.8610,5.8581,5.8554,5.8526,5.8499,5.8471,5.8444,5.8416,5.8392,5.8361,5.8333,5.8306,5.8278,5.8250,5.8222,5.8195,5.8167,5.8139,5.8113,5.8085,5.8057,5.8028,5.8002,5.7974,5.7948,5.7920,5.7898,5.7886,5.7874,5.7862,5.7849,5.7849,5.7847,5.7847,5.7845,5.7843,5.7843,5.7841,5.7841,5.7839,5.7839,5.7837,5.7837,5.7835,5.7833,5.7833,5.7831,5.7829,5.7827,5.7823,5.7821,5.7817,5.7815,5.7811,5.7809,5.7807,5.7803,5.7801,5.7797,5.7795,5.7791,5.7789,5.7785,5.7783,5.7781,5.7777,5.7783,5.7803,5.7823,5.7845,5.7864,5.7884,5.7904,5.7924,5.7944,5.7966,5.7986,5.8006,5.8026,5.8048,5.8069,5.8091,5.8111,5.8133,5.8153,5.8173,5.8193,5.8213,5.8234,5.8254,5.8274,5.8294,5.8315,5.8335,5.8355,5.8375,5.8396,5.8416,5.8436,5.8457,5.8495,5.8550,5.8610,5.8669,5.8729,5.8788,5.8848,5.8908,5.8968,5.9028,5.9086,5.9146,5.9205,5.9265,5.9324,5.9387,5.9450,5.9513,5.9576,5.9640,5.9706,5.9786,5.9884,5.9985,6.0084,6.0185,6.0310,6.0499,6.0692,6.0892,6.1094,6.1296,7.2454,7.2454,7.2454,7.2454,7.2454,7.2454,7.2454,7.2454,7.2454,7.2454,7.2454,7.2454,7.2454,7.2454,7.2454,7.2454,7.2454,7.2454,7.2454,7.2454,7.2454,7.2454,7.2454,7.2454,7.2454,7.2454,7.2454,7.2454,7.2454,7.2454,7.2454,7.2454,7.2454,7.2454,7.2454,7.2454,7.2454,7.2454,7.2454,7.2454,7.2454,7.2454,7.2454,7.2454,7.2454,7.2454,7.2454,7.2454,7.2454,7.2454,7.2454,7.2454,7.2454,7.2454,7.2454,7.2454,7.2454,7.2454,7.2454,7.2454,7.2454,7.2454,7.2454,7.2454,7.2454,7.2454,7.2454,7.2454,7.2454,7.2454,7.2454,7.2454,7.2454,7.2454,7.2454,7.2454,7.2454,7.2454,7.2454,7.2454,7.2454,7.2454,7.2454,7.2454,7.2454,7.2454,7.2454,7.2454,7.2454,7.2454,7.2454,7.2454,7.2454,7.2454,7.2454,7.2454,7.2454,7.2454,7.2454,7.2454,7.2454,7.2454,7.2454,7.2454,7.2454,7.2454,7.2454,7.2454,7.2454,7.2454,7.2454,7.2454,7.2454,7.2454,7.2454,7.2454,7.2454,7.2454,7.2454,7.2454,7.2454,7.2454,7.2454,7.2454,7.2454,7.2454,7.2454,7.2454,7.2454,7.2454,7.2454,7.2454,7.2454,7.2454,7.2454,7.2454,7.2454,7.2454,7.2454,7.2454,7.2454,7.2454,7.2454,7.2454,7.2454,7.2454,7.2454,7.2454,7.2454,7.2454,7.2454,7.2454,7.2454,7.2454,7.2454,7.2454,7.2454,7.2454,7.2454,7.2454,7.2454,7.2454,7.2454,7.2454,7.2454,7.2454,7.2454,7.2454,7.2454,7.2454,7.2454,7.2454,7.2454,7.2454,7.2454,7.2454,7.2454,7.2454,7.2454,7.2454,7.2454,7.2454,7.2454,7.2454,7.2454,7.2454,7.2454,7.2454,7.2454,7.2454,7.2454,7.2454,7.2454,7.2454,7.2454,7.2454,7.2454,7.2454,7.2454,7.2454,7.2454,7.2454,7.2454,7.2454,7.2454,7.2454,7.2454,7.2454,7.2454,7.2454,7.2454,7.2454,7.2454,7.2454,7.2454,7.2454,7.2454,7.2454,7.2454,7.2454,7.2454,7.2454,7.2454,7.2454,7.2454,7.2454,7.2454,7.2454,7.2454,7.2454,7.2454,7.2454,7.2454,7.2454,7.2454,7.2454,7.2454,7.2454,7.2454,7.2454,7.2454,7.2454,7.2454,7.2454,7.2454,7.2454,7.2454,7.2454,7.2454,7.2454,7.2454,7.2454,7.2454,7.2454,7.2454,7.2454,7.2454,7.2454,7.2454,7.2454,7.2454,7.2454,7.2454,7.2454,7.2454,7.2454,7.2454,7.2454,7.2454,7.2454,7.2454,7.2454,7.2454,7.2454,7.2454,7.2454,7.2454,7.2454,7.2454,7.2454,7.2454,7.2454,7.2454,7.2454,7.2454,7.2454,7.2454,7.2454,7.2454,7.2454,7.2454,7.2454,7.2454,7.2454,7.2454,7.2454,7.2454,7.2454,7.2454,7.2454,7.2454,7.2454,7.2454,7.2454,7.2454,7.2454,7.2454,7.2454,7.2454,7.2454,7.2454,7.2454,7.2454,7.2454,7.2454,7.2454,7.2454,7.2454,7.2454,7.2454,7.2454,7.2454,7.2454,7.2454,7.2454,7.2454,7.2454,7.2454,7.2454,7.2454,7.2454,7.2454,7.2454,7.2454,7.2454,7.2454,7.2454,7.2454,7.2454,7.2454,7.2454,7.2454,7.2454,7.2454,7.2454,7.2454,7.2454,7.2454,7.2454,7.2454,7.2454,7.2454,7.2454,7.2454,7.2454,7.2454,7.2454,7.2454,7.2454,7.2454,7.2454,7.2454,7.2454,7.2454,7.2454,7.2454,7.2454,7.2454,7.2454,7.2454,7.2454,7.2454,7.2454,7.2454,7.2454,7.2454,7.2454,7.2454,7.2454,7.2454,7.2454,7.2454,7.2454,7.2454,7.2454,7.2454,7.2454,7.2454,7.2454,7.2454,7.2454
7.2394,7.2394,7.2394,7.2394,7.2394,7.2394,7.2394,7.2394,7.2394,7.2394,7.2394,7.2394,7.2394,7.2394,7.2394,7.2394,7.2394,7.2394,7.2394,7.2394,7.2394,7.2394,7.2394,7.2394,7.2394,7.2394,7.2394,7.2394,7.2394,7.2394,7.2394,7.2394,7.2394,7.2394,7.2394,7.2394,7.2394,7.2394,7.2394,7.2394,7.2394,7.2394,7.2394,7.2394,7.2394,7.2394,7.2394,7.2394,7.2394,7.2394,7.2394,7.2394,7.2394,7.2394,7.2394,7.2394,7.2394,7.2394,7.2394,7.2394,7.2394,7.2394,7.2394,7.2394,7.2394,7.2394,7.2394,7.2394,7.2394,7.2394,7.2394,7.2394,7.2394,7.2394,7.2394,7.2394,7.2394,7.2394,7.2394,7.2394,7.2394,7.2394,7.2394,7.2394,7.2394,7.2394,7.2394,7.2394,7.2394,7.2394,7.2394,7.2394,7.2394,7.2394,7.2394,7.2394,7.2394,7.2394,7.2394,7.2394,7.2394,7.2394,7.2394,7.2394,7.2394,7.2394,7.2394,7.2394,7.2394,7.2394,7.2394,7.2394,7.2394,7.2394,7.2394,7.2394,7.2394,7.2394,7.2394,7.2394,7.2394,7.2394,7.2394,7.2394,7.2394,7.2394,7.2394,7.2394,7.2394,7.2394,7.2394,7.2394,7.2394,7.2394,7.2394,7.2394,7.2394,7.2394,7.2394,7.2394,7.2394,7.2394,7.2394,7.2394,7.2394,7.2394,7.2394,7.2394,7.2394,7.2394,7.2394,7.2394,7.2394,7.2394,7.2394,7.2394,7.2394,7.2394,7.2394,7.2394,7.2394,7.2394,7.2394,7.2394,7.2394,7.2394,7.2394,7.2394,7.2394,7.2394,7.2394,7.2394,7.2394,7.2394,7.2394,7.2394,7.2394,7.2394,7.2394,7.2394,7.2394,7.2394,7.2394,7.2394,7.2394,7.2394,7.2394,7.2394,7.2394,7.2394,7.2394,7.2394,7.2394,7.2394,7.2394,7.2394,7.2394,7.2394,7.2394,7.2394,7.2394,7.2394,7.2394,7.2394,7.2394,7.2394,7.2394,7.2394,7.2394,7.2394,7.2394,7.2394,7.2394,7.2394,7.2394,7.2394,7.2394,7.2394,7.2394,7.2394,7.2394,7.2394,7.2394,7.2394,7.2394,7.2394,7.2394,7.2394,7.2394,7.2394,7.2394,7.2394,7.2394,7.2394,7.2394,7.2394,7.2394,7.2394,7.2394,7.2394,7.2394,7.2394,7.2394,7.2394,7.2394,7.2394,7.2394,7.2394,7.2394,7.2394,7.2394,7.2394,7.2394,7.2394,7.2394,7.2394,7.2394,7.2394,7.2394,7.2394,7.2394,7.2394,7.2394,7.2394,7.2394,7.2394,7.2394,7.2394,7.2394,7.2394,7.2394,7.2394,7.2394,7.2394,7.2394,7.2394,7.2394,7.2394,7.2394,7.2394,7.2394,7.2394,7.2394,7.2394,7.2394,7.2394,7.2394,7.2394,7.2394,7.2394,7.2394,7.2394,7.2394,7.2394,7.2394,7.2394,7.2394,7.2394,7.2394,7.2394,7.2394,7.2394,7.2394,7.2394,7.2394,7.2394,7.2394,7.2394,7.2394,7.2394,7.2394,7.2394,7.2394,7.2394,7.2394,7.2394,7.2394,7.2394,7.2394,7.2394,7.2394,7.2394,7.2394,7.2394,7.2394,7.2394,7.2394,7.2394,7.2394,7.2394,7.2394,7.2394,7.2394,7.2394,7.2394,7.2394,7.2394,7.2394,7.2394,7.2394,7.2394,7.2394,7.2394,7.2394,7.2394,7.2394,7.2394,7.2394,7.2394,7.2394,7.2394,7.2394,7.2394,7.2394,7.2394,7.2394,7.2394,7.2394,7.2394,7.2394,7.2394,7.2394,7.2394,7.2394,7.2394,7.2394,7.2394,7.2394,7.2394,7.2394,7.2394,7.2394,7.2394,7.2394,7.2394,7.2394,7.2394,7.2394,7.2394,7.2394,7.2394,7.2394,7.2394,7.2394,7.2394,7.2394,7.2394,7.2394,7.2394,7.2394,7.2394,7.2394,7.2394,7.2394,7.2394,7.2394,7.2394,7.2394,7.2394,7.2394,7.2394,7.2394,7.2394,7.2394,7.2394,6.1954,6.1652,6.1348,6.1098,6.0863,6.0630,6.0401,6.0237,6.0161,6.0090,6.0019,5.9946,5.9876,5.9803,5.9733,5.9661,5.9591,5.9517,5.9441,5.9368,5.9299,5.9230,5.9161,5.9092,5.9024,5.8953,5.8887,5.8842,5.8796,5.8751,5.8704,5.8659,5.8624,5.8595,5.8569,5.8540,5.8512,5.8485,5.8457,5.8430,5.8402,5.8377,5.8349,5.8319,5.8292,5.8264,5.8236,5.8207,5.8181,5.8153,5.8125,5.8099,5.8071,5.8042,5.8014,5.7988,5.7960,5.7934,5.7906,5.7890,5.7878,5.7864,5.7858,5.7856,5.7856,5.7854,5.7854,5.7853,5.7851,5.7851,5.7849,5.7849,5.7847,5.7847,5.7845,5.7845,5.7843,5.7841,5.7841,5.7839,5.7835,5.7833,5.7829,5.7827,5.7823,5.7821,5.7819,5.7815,5.7813,5.7809,5.7807,5.7803,5.7801,5.7799,5.7797,5.7795,5.7793,5.7791,5.7799,5.7821,5.7841,5.7862,5.7882,5.7904,5.7924,5.7946,5.7966,5.7988,5.8008,5.8030,5.8052,5.8073,5.8095,5.8115,5.8137,5.8155,5.8175,5.8195,5.8215,5.8236,5.8256,5.8276,5.8298,5.8319,5.8339,5.8359,5.8379,5.8400,5.8420,5.8440,5.8461,5.8491,5.8528,5.8577,5.8636,5.8696,5.8755,5.8815,5.8875,5.8935,5.8995,5.9055,5.9113,5.9171,5.9232,5.9290,5.9349,5.9412,5.9475,5.9538,5.9602,5.9667,5.9731,5.9827,5.9927,6.0028,6.0127,6.0228,6.0345,6.0534,6.0727,6.0927,6.1129,6.1332,7.2394,7.2394,7.2394,7.2394,7.2394,7.2394,7.2394,7.2394,7.2394,7.2394,7.2394,7.2394,7.2394,7.2394,7.2394,7.2394,7.2394,7.2394,7.2394,7.2394,7.2394,7.2394,7.2394,7.2394,7.2394,7.2394,7.2394,7.2394,7.2394,7.2394,7.2394,7.2394,7.2394,7.2394,7.2394,7.2394,7.2394,7.2394,7.2394,7.2394,7.2394,7.2394,7.2394,7.2394,7.2394,7.2394,7.2394,7.2394,7.2394,7.2394,7.2394,7.2394,7.2394,7.2394,7.2394,7.2394,7.2394,7.2394,7.2394,7.2394,7.2394,7.2394,7.2394,7.2394,7.2394,7.2394,7.2394,7.2394,7.2394,7.2394,7.2394,7.2394,7.2394,7.2394,7.2394,7.2394,7.2394,7.2394,7.2394,7.2394,7.2394,7.2394,7.2394,7.2394,7.2394,7.2394,7.2394,7.2394,7.2394,7.2394,7.2394,7.2394,7.2394,7.2394,7.2394,7.2394,7.2394,7.2394,7.2394,7.2394,7.2394,7.2394,7.2394,7.2394,7.2394,7.2394,7.2394,7.2394,7.2394,7.2394,7.2394,7.2394,7.2394,7.2394,7.2394,7.2394,7.2394,7.2394,7.2394,7.2394,7.2394,7.2394,7.2394,7.2394,7.2394,7.2394,7.2394,7.2394,7.2394,7.2394,7.2394,7.2394,7.2394,7.2394,7.2394,7.2394,7.2394,7.2394,7.2394,7.2394,7.2394,7.2394,7.2394,7.2394,7.2394,7.2394,7.2394,7.2394,7.2394,7.2394,7.2394,7.2394,7.2394,7.2394,7.2394,7.2394,7.2394,7.2394,7.2394,7.2394,7.2394,7.2394,7.2394,7.2394,7.2394,7.2394,7.2394,7.2394,7.2394,7.2394,7.2394,7.2394,7.2394,7.2394,7.2394,7.2394,7.2394,7.2394,7.2394,7.2394,7.2394,7.2394,7.2394,7.2394,7.2394,7.2394,7.2394,7.2394,7.2394,7.2394,7.2394,7.2394,7.2394,7.2394,7.2394,7.2394,7.2394,7.2394,7.2394,7.2394,7.2394,7.2394,7.2394,7.2394,7.2394,7.2394,7.2394,7.2394,7.2394,7.2394,7.2394,7.2394,7.2394,7.2394,7.2394,7.2394,7.2394,7.2394,7.2394,7.2394,7.2394,7.2394,7.2394,7.2394,7.2394,7.2394,7.2394,7.2394,7.2394,7.2394,7.2394,7.2394,7.2394,7.2394,7.2394,7.2394,7.2394,7.2394,7.2394,7.2394,7.2394,7.2394,7.2394,7.2394,7.2394,7.2394,7.2394,7.2394,7.2394,7.2394,7.2394,7.2394,7.2394,7.2394,7.2394,7.2394,7.2394,7.2394,7.2394,7.2394,7.2394,7.2394,7.2394,7.2394,7.2394,7.2394,7.2394,7.2394,7.2394,7.2394,7.2394,7.2394,7.2394,7.2394,7.2394,7.2394,7.2394,7.2394,7.2394,7.2394,7.2394,7.2394,7.2394,7.2394,7.2394,7.2394,7.2394,7.2394,7.2394,7.2394,7.2394,7.2394,7.2394,7.2394,7.2394,7.2394,7.2394,7.2394,7.2394,7.2394,7.2394,7.2394,7.2394,7.2394,7.2394,7.2394,7.2394,7.2394,7.2394,7.2394,7.2394,7.2394,7.2394,7.2394,7.2394,7.2394,7.2394,7.2394,7.2394,7.2394,7.2394,7.2394,7.2394,7.2394,7.2394,7.2394,7.2394,7.2394,7.2394,7.2394,7.2394,7.2394,7.2394,7.2394,7.2394,7.2394,7.2394,7.2394,7.2394,7.2394,7.2394,7.2394,7.2394,7.2394,7.2394,7.2394,7.2394,7.2394,7.2394,7.2394,7.2394,7.2394,7.2394,7.2394,7.2394,7.2394,7.2394,7.2394,7.2394,7.2394,7.2394,7.2394,7.2394,7.2394,7.2394,7.2394,7.2394,7.2394,7.2394,7.2394,7.2394,7.2394,7.2394,7.2394,7.2394,7.2394,7.2394,7.2394,7.2394,7.2394,7.2394,7.2394,7.2394,7.2394,7.2394,7.2394,7.2394,7.2394,7.2394,7.2394,7.2394
7.2341,7.2341,7.2341,7.2341,7.2341,7.2341,7.2341,7.2341,7.2341,7.2341,7.2341,7.2341,7.2341,7.2341,7.2341,7.2341,7.2341,7.2341,7.2341,7.2341,7.2341,7.2341,7.2341,7.2341,7.2341,7.2341,7.2341,7.2341,7.2341,7.2341,7.2341,7.2341,7.2341,7.2341,7.2341,7.2341,7.2341,7.2341,7.2341,7.2341,7.2341,7.2341,7.2341,7.2341,7.2341,7.2341,7.2341,7.2341,7.2341,7.2341,7.2341,7.2341,7.2341,7.2341,7.2341,7.2341,7.2341,7.2341,7.2341,7.2341,7.2341,7.2341,7.2341,7.2341,7.2341,7.2341,7.2341,7.2341,7.2341,7.2341,7.2341,7.2341,7.2341,7.2341,7.2341,7.2341,7.2341,7.2341,7.2341,7.2341,7.2341,7.2341,7.2341,7.2341,7.2341,7.2341,7.2341,7.2341,7.2341,7.2341,7.2341,7.2341,7.2341,7.2341,7.2341,7.2341,7.2341,7.2341,7.2341,7.2341,7.2341,7.2341,7.2341,7.2341,7.2341,7.2341,7.2341,7.2341,7.2341,7.2341,7.2341,7.2341,7.2341,7.2341,7.2341,7.2341,7.2341,7.2341,7.2341,7.2341,7.2341,7.2341,7.2341,7.2341,7.2341,7.2341,7.2341,7.2341,7.2341,7.2341,7.2341,7.2341,7.2341,7.2341,7.2341,7.2341,7.2341,7.2341,7.2341,7.2341,7.2341,7.2341,7.2341,7.2341,7.2341,7.2341,7.2341,7.2341,7.2341,7.2341,7.2341,7.2341,7.2341,7.2341,7.2341,7.2341,7.2341,7.2341,7.2341,7.2341,7.2341,7.2341,7.2341,7.2341,7.2341,7.2341,7.2341,7.2341,7.2341,7.2341,7.2341,7.2341,7.2341,7.2341,7.2341,7.2341,7.2341,7.2341,7.2341,7.2341,7.2341,7.2341,7.2341,7.2341,7.2341,7.2341,7.2341,7.2341,7.2341,7.2341,7.2341,7.2341,7.2341,7.2341,7.2341,7.2341,7.2341,7.2341,7.2341,7.2341,7.2341,7.2341,7.2341,7.2341,7.2341,7.2341,7.2341,7.2341,7.2341,7.2341,7.2341,7.2341,7.2341,7.2341,7.2341,7.2341,7.2341,7.2341,7.2341,7.2341,7.2341,7.2341,7.2341,7.2341,7.2341,7.2341,7.2341,7.2341,7.2341,7.2341,7.2341,7.2341,7.2341,7.2341,7.2341,7.2341,7.2341,7.2341,7.2341,7.2341,7.2341,7.2341,7.2341,7.2341,7.2341,7.2341,7.2341,7.2341,7.2341,7.2341,7.2341,7.2341,7.2341,7.2341,7.2341,7.2341,7.2341,7.2341,7.2341,7.2341,7.2341,7.2341,7.2341,7.2341,7.2341,7.2341,7.2341,7.2341,7.2341,7.2341,7.2341,7.2341,7.2341,7.2341,7.2341,7.2341,7.2341,7.2341,7.2341,7.2341,7.2341,7.2341,7.2341,7.2341,7.2341,7.2341,7.2341,7.2341,7.2341,7.2341,7.2341,7.2341,7.2341,7.2341,7.2341,7.2341,7.2341,7.2341,7.2341,7.2341,7.2341,7.2341,7.2341,7.2341,7.2341,7.2341,7.2341,7.2341,7.2341,7.2341,7.2341,7.2341,7.2341,7.2341,7.2341,7.2341,7.2341,7.2341,7.2341,7.2341,7.2341,7.2341,7.2341,7.2341,7.2341,7.2341,7.2341,7.2341,7.2341,7.2341,7.2341,7.2341,7.2341,7.2341,7.2341,7.2341,7.2341,7.2341,7.2341,7.2341,7.2341,7.2341,7.2341,7.2341,7.2341,7.2341,7.2341,7.2341,7.2341,7.2341,7.2341,7.2341,7.2341,7.2341,7.2341,7.2341,7.2341,7.2341,7.2341,7.2341,7.2341,7.2341,7.2341,7.2341,7.2341,7.2341,7.2341,7.2341,7.2341,7.2341,7.2341,7.2341,7.2341,7.2341,7.2341,7.2341,7.2341,7.2341,7.2341,7.2341,7.2341,7.2341,7.2341,7.2341,7.2341,7.2341,7.2341,7.2341,7.2341,7.2341,7.2341,7.2341,7.2341,7.2341,7.2341,7.2341,7.2341,7.2341,7.2341,7.2341,7.2341,7.2341,7.2341,7.2341,7.2341,6.2021,6.1715,6.1413,6.1163,6.0907,6.0657,6.0421,6.0250,6.0176,6.0105,6.0034,5.9961,5.9889,5.9818,5.9748,5.9676,5.9606,5.9532,5.9458,5.9387,5.9316,5.9246,5.9178,5.9109,5.9040,5.8972,5.8904,5.8848,5.8803,5.8755,5.8710,5.8665,5.8636,5.8610,5.8581,5.8554,5.8526,5.8497,5.8471,5.8442,5.8418,5.8390,5.8361,5.8333,5.8304,5.8278,5.8250,5.8222,5.8193,5.8167,5.8139,5.8111,5.8083,5.8057,5.8028,5.8000,5.7974,5.7946,5.7918,5.7892,5.7880,5.7868,5.7866,5.7866,5.7864,5.7864,5.7862,5.7860,5.7860,5.7858,5.7858,5.7856,5.7856,5.7854,5.7854,5.7853,5.7851,5.7851,5.7851,5.7851,5.7849,5.7847,5.7845,5.7843,5.7841,5.7839,5.7837,5.7835,5.7833,5.7831,5.7829,5.7827,5.7825,5.7823,5.7821,5.7819,5.7817,5.7817,5.7827,5.7845,5.7866,5.7886,5.7908,5.7928,5.7950,5.7970,5.7992,5.8012,5.8034,5.8054,5.8077,5.8097,5.8119,5.8141,5.8159,5.8179,5.8199,5.8220,5.8240,5.8260,5.8280,5.8300,5.8323,5.8341,5.8361,5.8383,5.8402,5.8422,5.8444,5.8465,5.8487,5.8526,5.8563,5.8603,5.8663,5.8722,5.8782,5.8842,5.8902,5.8962,5.9022,5.9080,5.9140,5.9198,5.9257,5.9318,5.9376,5.9437,5.9500,5.9564,5.9627,5.9693,5.9769,5.9870,5.9970,6.0069,6.0170,6.0269,6.0380,6.0569,6.0762,6.0963,6.1165,6.1686,7.2341,7.2341,7.2341,7.2341,7.2341,7.2341,7.2341,7.2341,7.2341,7.2341,7.2341,7.2341,7.2341,7.2341,7.2341,7.2341,7.2341,7.2341,7.2341,7.2341,7.2341,7.2341,7.2341,7.2341,7.2341,7.2341,7.2341,7.2341,7.2341,7.2341,7.2341,7.2341,7.2341,7.2341,7.2341,7.2341,7.2341,7.2341,7.2341,7.2341,7.2341,7.2341,7.2341,7.2341,7.2341,7.2341,7.2341,7.2341,7.2341,7.2341,7.2341,7.2341,7.2341,7.2341,7.2341,7.2341,7.2341,7.2341,7.2341,7.2341,7.2341,7.2341,7.2341,7.2341,7.2341,7.2341,7.2341,7.2341,7.2341,7.2341,7.2341,7.2341,7.2341,7.2341,7.2341,7.2341,7.2341,7.2341,7.2341,7.2341,7.2341,7.2341,7.2341,7.2341,7.2341,7.2341,7.2341,7.2341,7.2341,7.2341,7.2341,7.2341,7.2341,7.2341,7.2341,7.2341,7.2341,7.2341,7.2341,7.2341,7.2341,7.2341,7.2341,7.2341,7.2341,7.2341,7.2341,7.2341,7.2341,7.2341,7.2341,7.2341,7.2341,7.2341,7.2341,7.2341,7.2341,7.2341,7.2341,7.2341,7.2341,7.2341,7.2341,7.2341,7.2341,7.2341,7.2341,7.2341,7.2341,7.2341,7.2341,7.2341,7.2341,7.2341,7.2341,7.2341,7.2341,7.2341,7.2341,7.2341,7.2341,7.2341,7.2341,7.2341,7.2341,7.2341,7.2341,7.2341,7.2341,7.2341,7.2341,7.2341,7.2341,7.2341,7.2341,7.2341,7.2341,7.2341,7.2341,7.2341,7.2341,7.2341,7.2341,7.2341,7.2341,7.2341,7.2341,7.2341,7.2341,7.2341,7.2341,7.2341,7.2341,7.2341,7.2341,7.2341,7.2341,7.2341,7.2341,7.2341,7.2341,7.2341,7.2341,7.2341,7.2341,7.2341,7.2341,7.2341,7.2341,7.2341,7.2341,7.2341,7.2341,7.2341,7.2341,7.2341,7.2341,7.2341,7.2341,7.2341,7.2341,7.2341,7.2341,7.2341,7.2341,7.2341,7.2341,7.2341,7.2341,7.2341,7.2341,7.2341,7.2341,7.2341,7.2341,7.2341,7.2341,7.2341,7.2341,7.2341,7.2341,7.2341,7.2341,7.2341,7.2341,7.2341,7.2341,7.2341,7.2341,7.2341,7.2341,7.2341,7.2341,7.2341,7.2341,7.2341,7.2341,7.2341,7.2341,7.2341,7.2341,7.2341,7.2341,7.2341,7.2341,7.2341,7.2341,7.2341,7.2341,7.2341,7.2341,7.2341,7.2341,7.2341,7.2341,7.2341,7.2341,7.2341,7.2341,7.2341,7.2341,7.2341,7.2341,7.2341,7.2341,7.2341,7.2341,7.2341,7.2341,7.2341,7.2341,7.2341,7.2341,7.2341,7.2341,7.2341,7.2341,7.2341,7.2341,7.2341,7.2341,7.2341,7.2341,7.2341,7.2341,7.2341,7.2341,7.2341,7.2341,7.2341,7.2341,7.2341,7.2341,7.2341,7.2341,7.2341,7.2341,7.2341,7.2341,7.2341,7.2341,7.2341,7.2341,7.2341,7.2341,7.2341,7.2341,7.2341,7.2341,7.2341,7.2341,7.2341,7.2341,7.2341,7.2341,7.2341,7.2341,7.2341,7.2341,7.2341,7.2341,7.2341,7.2341,7.2341,7.2341,7.2341,7.2341,7.2341,7.2341,7.2341,7.2341,7.2341,7.2341,7.2341,7.2341,7.2341,7.2341,7.2341,7.2341,7.2341,7.2341,7.2341,7.2341,7.2341,7.2341,7.2341,7.2341,7.2341,7.2341,7.2341,7.2341,7.2341,7.2341,7.2341,7.2341,7.2341,7.2341,7.2341,7.2341,7.2341,7.2341,7.2335,7.2335,7.2335,7.2335,7.2335,7.2335,7.2335,7.2335,7.2335,7.2335,7.2335,7.2335,7.2335,7.2335,7.2335,7.2335,7.2335,7.2335,7.2335,7.2335,7.2335,7.2335,7.2335,7.2335,7.2335,7.2335,7.2335,7.2335,7.2335,7.2335
7.2276,7.2276,7.2276,7.2276,7.2276,7.2276,7.2276,7.2276,7.2276,7.2276,7.2276,7.2276,7.2276,7.2276,7.2276,7.2276,7.2276,7.2276,7.2276,7.2276,7.2276,7.2276,7.2276,7.2276,7.2276,7.2276,7.2276,7.2276,7.2276,7.2276,7.2276,7.2276,7.2276,7.2276,7.2276,7.2276,7.2276,7.2276,7.2276,7.2276,7.2276,7.2276,7.2276,7.2276,7.2276,7.2276,7.2276,7.2276,7.2276,7.2276,7.2276,7.2276,7.2276,7.2276,7.2276,7.2276,7.2276,7.2276,7.2276,7.2276,7.2276,7.2276,7.2276,7.2276,7.2276,7.2276,7.2276,7.2276,7.2276,7.2276,7.2276,7.2276,7.2276,7.2276,7.2276,7.2276,7.2276,7.2276,7.2276,7.2276,7.2276,7.2276,7.2276,7.2276,7.2276,7.2276,7.2276,7.2276,7.2276,7.2276,7.2276,7.2276,7.2276,7.2276,7.2276,7.2276,7.2276,7.2276,7.2276,7.2276,7.2276,7.2276,7.2276,7.2276,7.2276,7.2276,7.2276,7.2276,7.2276,7.2276,7.2276,7.2276,7.2276,7.2276,7.2276,7.2276,7.2276,7.2276,7.2276,7.2276,7.2276,7.2276,7.2276,7.2276,7.2276,7.2276,7.2276,7.2276,7.2276,7.2276,7.2276,7.2276,7.2276,7.2276,7.2276,7.2276,7.2276,7.2276,7.2276,7.2276,7.2276,7.2276,7.2276,7.2276,7.2276,7.2276,7.2276,7.2276,7.2276,7.2276,7.2276,7.2276,7.2276,7.2276,7.2276,7.2276,7.2276,7.2276,7.2276,7.2276,7.2276,7.2276,7.2276,7.2276,7.2276,7.2276,7.2276,7.2276,7.2276,7.2276,7.2276,7.2276,7.2276,7.2276,7.2276,7.2276,7.2276,7.2276,7.2276,7.2276,7.2276,7.2276,7.2276,7.2276,7.2276,7.2276,7.2276,7.2276,7.2276,7.2276,7.2276,7.2276,7.2276,7.2276,7.2276,7.2276,7.2282,7.2282,7.2282,7.2282,7.2282,7.2282,7.2282,7.2282,7.2282,7.2282,7.2282,7.2282,7.2282,7.2282,7.2282,7.2282,7.2282,7.2282,7.2282,7.2282,7.2282,7.2282,7.2282,7.2282,7.2282,7.2282,7.2282,7.2282,7.2282,7.2282,7.2282,7.2282,7.2282,7.2282,7.2282,7.2282,7.2282,7.2282,7.2282,7.2282,7.2282,7.2282,7.2282,7.2282,7.2282,7.2282,7.2282,7.2282,7.2282,7.2282,7.2282,7.2282,7.2282,7.2282,7.2282,7.2282,7.2282,7.2282,7.2282,7.2282,7.2282,7.2282,7.2282,7.2282,7.2282,7.2282,7.2282,7.2282,7.2282,7.2282,7.2282,7.2282,7.2282,7.2282,7.2282,7.2282,7.2282,7.2282,7.2282,7.2282,7.2282,7.2282,7.2282,7.2282,7.2282,7.2282,7.2282,7.2282,7.2282,7.2282,7.2282,7.2282,7.2282,7.2282,7.2282,7.2282,7.2282,7.2282,7.2282,7.2282,7.2282,7.2282,7.2282,7.2282,7.2282,7.2282,7.2282,7.2282,7.2282,7.2282,7.2282,7.2282,7.2282,7.2282,7.2282,7.2282,7.2282,7.2282,7.2282,7.2282,7.2282,7.2282,7.2282,7.2282,7.2282,7.2282,7.2282,7.2282,7.2282,7.2282,7.2282,7.2282,7.2282,7.2282,7.2282,7.2282,7.2282,7.2282,7.2282,7.2282,7.2282,7.2282,7.2282,7.2282,7.2282,7.2282,7.2282,7.2282,7.2282,7.2282,7.2282,7.2282,7.2282,7.2282,7.2282,7.2282,7.2282,7.2282,7.2282,7.2282,7.2282,7.2282,7.2282,7.2282,7.2282,7.2282,7.2282,7.2282,7.2282,7.2282,7.2282,7.2282,7.2282,7.2282,7.2282,7.2282,7.2282,7.2282,7.2282,7.2282,7.2282,7.2282,7.2282,7.2282,7.2282,7.2282,7.2282,7.2282,7.2282,7.2282,7.2282,7.2282,7.2282,7.2282,7.2282,7.2282,7.2282,7.2282,7.2282,7.2282,7.2282,7.2282,7.2282,7.2282,7.2282,7.2282,7.2282,7.2282,7.2282,6.2087,6.1779,6.1476,6.1234,6.0983,6.0731,6.0480,6.0276,6.0198,6.0120,6.0047,5.9976,5.9904,5.9833,5.9761,5.9691,5.9619,5.9549,5.9473,5.9404,5.9334,5.9265,5.9194,5.9125,5.9057,5.8988,5.8920,5.8854,5.8807,5.8761,5.8716,5.8677,5.8651,5.8622,5.8595,5.8567,5.8540,5.8512,5.8483,5.8457,5.8428,5.8402,5.8373,5.8347,5.8319,5.8290,5.8264,5.8236,5.8207,5.8179,5.8153,5.8125,5.8097,5.8069,5.8042,5.8014,5.7986,5.7960,5.7932,5.7904,5.7884,5.7876,5.7876,5.7874,5.7874,5.7872,5.7872,5.7870,5.7870,5.7870,5.7870,5.7870,5.7870,5.7870,5.7870,5.7870,5.7870,5.7872,5.7872,5.7872,5.7870,5.7868,5.7866,5.7864,5.7862,5.7860,5.7858,5.7856,5.7854,5.7853,5.7851,5.7849,5.7847,5.7845,5.7843,5.7841,5.7839,5.7849,5.7858,5.7868,5.7890,5.7910,5.7932,5.7954,5.7974,5.7996,5.8016,5.8038,5.8059,5.8081,5.8101,5.8123,5.8143,5.8163,5.8183,5.8203,5.8224,5.8242,5.8264,5.8284,5.8304,5.8325,5.8345,5.8367,5.8385,5.8408,5.8426,5.8446,5.8467,5.8487,5.8522,5.8559,5.8597,5.8634,5.8690,5.8749,5.8809,5.8868,5.8928,5.8986,5.9046,5.9107,5.9165,5.9223,5.9284,5.9343,5.9404,5.9463,5.9526,5.9589,5.9653,5.9718,5.9812,5.9912,6.0011,6.0112,6.0211,6.0312,6.0414,6.0602,6.0795,6.0996,6.1198,7.2282,7.2282,7.2282,7.2282,7.2282,7.2282,7.2282,7.2282,7.2282,7.2282,7.2282,7.2282,7.2282,7.2282,7.2282,7.2282,7.2282,7.2282,7.2282,7.2282,7.2282,7.2282,7.2282,7.2282,7.2282,7.2282,7.2282,7.2282,7.2282,7.2282,7.2282,7.2282,7.2282,7.2282,7.2282,7.2282,7.2282,7.2282,7.2282,7.2282,7.2282,7.2282,7.2282,7.2282,7.2282,7.2282,7.2282,7.2282,7.2282,7.2282,7.2282,7.2282,7.2282,7.2282,7.2282,7.2282,7.2282,7.2282,7.2282,7.2282,7.2282,7.2282,7.2282,7.2282,7.2282,7.2282,7.2282,7.2282,7.2282,7.2282,7.2282,7.2282,7.2282,7.2282,7.2282,7.2282,7.2282,7.2282,7.2282,7.2282,7.2282,7.2282,7.2282,7.2282,7.2282,7.2282,7.2282,7.2282,7.2282,7.2282,7.2282,7.2282,7.2282,7.2282,7.2282,7.2282,7.2282,7.2282,7.2282,7.2282,7.2282,7.2282,7.2282,7.2282,7.2282,7.2282,7.2282,7.2282,7.2282,7.2282,7.2282,7.2282,7.2282,7.2282,7.2282,7.2282,7.2282,7.2282,7.2282,7.2282,7.2282,7.2282,7.2282,7.2282,7.2282,7.2282,7.2282,7.2282,7.2282,7.2282,7.2282,7.2282,7.2282,7.2282,7.2282,7.2282,7.2282,7.2282,7.2282,7.2282,7.2282,7.2282,7.2282,7.2282,7.2282,7.2282,7.2282,7.2282,7.2282,7.2282,7.2282,7.2282,7.2282,7.2282,7.2282,7.2282,7.2282,7.2282,7.2282,7.2282,7.2282,7.2282,7.2282,7.2282,7.2282,7.2282,7.2282,7.2282,7.2282,7.2282,7.2282,7.2282,7.2282,7.2282,7.2282,7.2282,7.2282,7.2282,7.2282,7.2282,7.2282,7.2282,7.2282,7.2282,7.2282,7.2282,7.2282,7.2282,7.2282,7.2282,7.2282,7.2282,7.2282,7.2282,7.2282,7.2282,7.2282,7.2282,7.2282,7.2282,7.2282,7.2282,7.2282,7.2282,7.2282,7.2282,7.2282,7.2282,7.2282,7.2282,7.2282,7.2282,7.2282,7.2282,7.2282,7.2282,7.2282,7.2282,7.2282,7.2282,7.2282,7.2282,7.2282,7.2282,7.2282,7.2282,7.2282,7.2282,7.2282,7.2282,7.2282,7.2282,7.2282,7.2282,7.2282,7.2282,7.2282,7.2282,7.2282,7.2282,7.2282,7.2282,7.2282,7.2282,7.2282,7.2282,7.2282,7.2282,7.2282,7.2282,7.2282,7.2282,7.2282,7.2282,7.2282,7.2282,7.2282,7.2282,7.2282,7.2282,7.2282,7.2282,7.2282,7.2282,7.2282,7.2282,7.2282,7.2282,7.2282,7.2282,7.2282,7.2282,7.2282,7.2282,7.2282,7.2282,7.2282,7.2282,7.2282,7.2282,7.2282,7.2282,7.2282,7.2282,7.2282,7.2282,7.2282,7.2282,7.2282,7.2282,7.2282,7.2282,7.2282,7.2282,7.2282,7.2282,7.2282,7.2282,7.2282,7.2282,7.2282,7.2282,7.2282,7.2282,7.2282,7.2282,7.2282,7.2282,7.2282,7.2282,7.2282,7.2282,7.2282,7.2282,7.2282,7.2282,7.2282,7.2282,7.2282,7.2282,7.2282,7.2282,7.2282,7.2282,7.2282,7.2282,7.2282,7.2282,7.2282,7.2282,7.2282,7.2282,7.2282,7.2282,7.2282,7.2282,7.2282,7.2282,7.2282,7.2282,7.2282,7.2282,7.2282,7.2282,7.2282,7.2282,7.2282,7.2282,7.2282,7.2282,7.2282,7.2282,7.2282,7.2282,7.2282,7.2282,7.2282,7.2282,7.2282,7.2282,7.2282,7.2282,7.2282,7.2282,7.2282,7.2282,7.2282,7.2282,7.2282,7.2282,7.2282,7.2282,7.2282,7.2282,7.2282,7.2282,7.2282,7.2282,7.2282,7.2282,7.2282,7.2282,7.2282,7.2282,7.2282,7.2282,7.2282,7.2282,7.2282,7.2282,7.2282,7.2282
7.2220,7.2220,7.2220,7.2220,7.2220,7.2220,7.2220,7.2220,7.2220,7.2220,7.2220,7.2220,7.2220,7.2220,7.2220,7.2220,7.2220,7.2220,7.2220,7.2220,7.2220,7.2220,7.2220,7.2220,7.2220,7.2220,7.2220,7.2220,7.2220,7.2220,7.2220,7.2220,7.2220,7.2220,7.2220,7.2220,7.2220,7.2220,7.2220,7.2220,7.2220,7.2220,7.2220,7.2220,7.2220,7.2220,7.2220,7.2220,7.2220,7.2220,7.2220,7.2220,7.2220,7.2220,7.2220,7.2220,7.2220,7.2220,7.2220,7.2220,7.2220,7.2220,7.2220,7.2220,7.2220,7.2220,7.2220,7.2220,7.2220,7.2220,7.2220,7.2220,7.2220,7.2220,7.2220,7.2220,7.2220,7.2220,7.2220,7.2220,7.2220,7.2220,7.2220,7.2220,7.2220,7.2220,7.2220,7.2220,7.2220,7.2220,7.2220,7.2220,7.2220,7.2220,7.2220,7.2220,7.2220,7.2220,7.2220,7.2220,7.2220,7.2220,7.2220,7.2220,7.2220,7.2220,7.2220,7.2220,7.2220,7.2220,7.2220,7.2220,7.2220,7.2220,7.2220,7.2220,7.2220,7.2220,7.2220,7.2220,7.2220,7.2220,7.2220,7.2220,7.2220,7.2220,7.2220,7.2220,7.2220,7.2220,7.2220,7.2220,7.2220,7.2220,7.2220,7.2220,7.2220,7.2220,7.2220,7.2220,7.2220,7.2220,7.2220,7.2220,7.2220,7.2220,7.2220,7.2220,7.2220,7.2220,7.2220,7.2220,7.2220,7.2220,7.2220,7.2220,7.2220,7.2220,7.2220,7.2220,7.2220,7.2220,7.2220,7.2220,7.2220,7.2220,7.2220,7.2220,7.2220,7.2220,7.2220,7.2220,7.2220,7.2220,7.2220,7.2220,7.2220,7.2220,7.2220,7.2220,7.2220,7.2220,7.2220,7.2220,7.2220,7.2220,7.2220,7.2220,7.2220,7.2220,7.2220,7.2220,7.2220,7.2220,7.2220,7.2220,7.2220,7.2220,7.2220,7.2220,7.2220,7.2220,7.2220,7.2220,7.2220,7.2220,7.2220,7.2220,7.2220,7.2220,7.2220,7.2220,7.2220,7.2220,7.2220,7.2220,7.2220,7.2220,7.2220,7.2220,7.2220,7.2220,7.2220,7.2220,7.2220,7.2220,7.2220,7.2220,7.2220,7.2220,7.2220,7.2220,7.2220,7.2220,7.2220,7.2220,7.2220,7.2220,7.2220,7.2220,7.2220,7.2220,7.2220,7.2220,7.2220,7.2220,7.2220,7.2220,7.2220,7.2220,7.2220,7.2220,7.2220,7.2220,7.2220,7.2220,7.2220,7.2220,7.2220,7.2220,7.2220,7.2220,7.2220,7.2220,7.2220,7.2220,7.2220,7.2220,7.2220,7.2220,7.2220,7.2220,7.2220,7.2220,7.2220,7.2220,7.2220,7.2220,7.2220,7.2220,7.2220,7.2220,7.2220,7.2220,7.2220,7.2220,7.2220,7.2220,7.2220,7.2220,7.2220,7.2220,7.2220,7.2220,7.2220,7.2220,7.2220,7.2220,7.2220,7.2220,7.2220,7.2220,7.2220,7.2220,7.2220,7.2220,7.2220,7.2220,7.2220,7.2220,7.2220,7.2220,7.2220,7.2220,7.2220,7.2220,7.2220,7.2220,7.2220,7.2220,7.2220,7.2220,7.2220,7.2220,7.2220,7.2220,7.2220,7.2220,7.2220,7.2220,7.2220,7.2220,7.2220,7.2220,7.2220,7.2220,7.2220,7.2220,7.2220,7.2220,7.2220,7.2220,7.2220,7.2220,7.2220,7.2220,7.2220,7.2220,7.2220,7.2220,7.2220,7.2220,7.2220,7.2220,7.2220,7.2220,7.2220,7.2220,7.2220,7.2220,7.2220,7.2220,7.2220,7.2220,7.2220,7.2220,7.2220,7.2220,7.2220,7.2220,7.2220,7.2220,7.2220,7.2220,7.2220,7.2220,7.2220,7.2220,7.2220,7.2220,7.2220,7.2220,7.2220,7.2220,7.2220,7.2220,7.2220,7.2220,7.2220,7.2220,7.2220,7.2220,7.2220,7.2220,7.2220,7.2220,7.2220,7.2220,7.2220,7.2220,7.2220,7.2220,7.2220,7.2220,7.2220,6.2152,6.1845,6.1541,6.1296,6.1058,6.0806,6.0554,6.0336,6.0239,6.0161,6.0084,6.0009,5.9931,5.9855,5.9778,5.9706,5.9634,5.9564,5.9490,5.9420,5.9351,5.9282,5.9213,5.9144,5.9076,5.9005,5.8937,5.8868,5.8813,5.8768,5.8722,5.8692,5.8663,5.8636,5.8608,5.8581,5.8552,5.8526,5.8497,5.8471,5.8442,5.8418,5.8388,5.8361,5.8333,5.8304,5.8276,5.8248,5.8222,5.8193,5.8165,5.8139,5.8111,5.8083,5.8054,5.8028,5.8000,5.7972,5.7946,5.7920,5.7894,5.7890,5.7890,5.7890,5.7890,5.7890,5.7890,5.7890,5.7890,5.7890,5.7890,5.7892,5.7892,5.7892,5.7892,5.7892,5.7892,5.7892,5.7892,5.7892,5.7892,5.7890,5.7888,5.7886,5.7884,5.7882,5.7880,5.7878,5.7876,5.7874,5.7872,5.7870,5.7868,5.7866,5.7864,5.7862,5.7868,5.7878,5.7888,5.7898,5.7914,5.7936,5.7956,5.7978,5.8000,5.8020,5.8042,5.8063,5.8085,5.8105,5.8127,5.8147,5.8167,5.8187,5.8207,5.8228,5.8246,5.8266,5.8286,5.8306,5.8327,5.8347,5.8369,5.8388,5.8410,5.8430,5.8451,5.8471,5.8491,5.8518,5.8554,5.8593,5.8630,5.8667,5.8716,5.8776,5.8835,5.8895,5.8953,5.9013,5.9073,5.9132,5.9192,5.9251,5.9309,5.9370,5.9429,5.9490,5.9551,5.9615,5.9680,5.9755,5.9855,5.9953,6.0054,6.0153,6.0254,6.0356,6.0456,6.0637,6.0830,6.1031,6.1234,7.2220,7.2220,7.2220,7.2220,7.2220,7.2220,7.2220,7.2220,7.2220,7.2220,7.2220,7.2220,7.2220,7.2220,7.2220,7.2220,7.2220,7.2220,7.2220,7.2220,7.2220,7.2220,7.2220,7.2220,7.2220,7.2220,7.2220,7.2220,7.2220,7.2220,7.2220,7.2220,7.2220,7.2220,7.2220,7.2220,7.2220,7.2220,7.2220,7.2220,7.2220,7.2220,7.2220,7.2220,7.2220,7.2220,7.2220,7.2220,7.2220,7.2220,7.2220,7.2220,7.2220,7.2220,7.2220,7.2220,7.2220,7.2220,7.2220,7.2220,7.2220,7.2220,7.2220,7.2220,7.2220,7.2220,7.2220,7.2220,7.2220,7.2220,7.2220,7.2220,7.2220,7.2220,7.2220,7.2220,7.2220,7.2220,7.2220,7.2220,7.2220,7.2220,7.2220,7.2220,7.2220,7.2220,7.2220,7.2220,7.2220,7.2220,7.2220,7.2220,7.2220,7.2220,7.2220,7.2220,7.2220,7.2220,7.2220,7.2220,7.2220,7.2220,7.2220,7.2220,7.2220,7.2220,7.2220,7.2220,7.2220,7.2220,7.2220,7.2220,7.2220,7.2220,7.2220,7.2220,7.2220,7.2220,7.2220,7.2220,7.2220,7.2220,7.2220,7.2220,7.2220,7.2220,7.2220,7.2220,7.2220,7.2220,7.2220,7.2220,7.2220,7.2220,7.2220,7.2220,7.2220,7.2220,7.2220,7.2220,7.2220,7.2220,7.2220,7.2220,7.2220,7.2220,7.2220,7.2220,7.2220,7.2220,7.2220,7.2220,7.2220,7.2220,7.2220,7.2220,7.2220,7.2220,7.2220,7.2220,7.2220,7.2220,7.2220,7.2220,7.2220,7.2220,7.2220,7.2220,7.2220,7.2220,7.2220,7.2220,7.2220,7.2220,7.2220,7.2220,7.2220,7.2220,7.2220,7.2220,7.2220,7.2220,7.2220,7.2220,7.2220,7.2220,7.2220,7.2220,7.2220,7.2220,7.2220,7.2220,7.2220,7.2220,7.2220,7.2220,7.2220,7.2220,7.2220,7.2220,7.2220,7.2220,7.2220,7.2220,7.2220,7.2220,7.2220,7.2220,7.2220,7.2220,7.2220,7.2220,7.2220,7.2220,7.2220,7.2220,7.2220,7.2220,7.2220,7.2220,7.2220,7.2220,7.2220,7.2220,7.2220,7.2220,7.2220,7.2220,7.2220,7.2220,7.2220,7.2220,7.2220,7.2220,7.2220,7.2220,7.2220,7.2220,7.2220,7.2220,7.2220,7.2220,7.2220,7.2220,7.2220,7.2220,7.2220,7.2220,7.2220,7.2220,7.2220,7.2220,7.2220,7.2220,7.2220,7.2220,7.2220,7.2220,7.2220,7.2220,7.2220,7.2220,7.2220,7.2220,7.2220,7.2220,7.2220,7.2220,7.2220,7.2220,7.2220,7.2220,7.2220,7.2220,7.2220,7.2220,7.2220,7.2220,7.2220,7.2220,7.2220,7.2220,7.2220,7.2220,7.2220,7.2220,7.2220,7.2220,7.2220,7.2220,7.2220,7.2220,7.2220,7.2220,7.2220,7.2220,7.2220,7.2220,7.2220,7.2220,7.2220,7.2220,7.2220,7.2220,7.2220,7.2220,7.2220,7.2220,7.2220,7.2220,7.2220,7.2220,7.2220,7.2220,7.2220,7.2220,7.2220,7.2220,7.2220,7.2220,7.2220,7.2220,7.2220,7.2220,7.2220,7.2220,7.2220,7.2220,7.2220,7.2220,7.2220,7.2220,7.2220,7.2220,7.2220,7.2220,7.2220,7.2220,7.2220,7.2220,7.2220,7.2220,7.2220,7.2220,7.2220,7.2220,7.2220,7.2220,7.2220,7.2220,7.2220,7.2220,7.2220,7.2220,7.2220,7.2220,7.2220,7.2220,7.2220,7.2220,7.2220,7.2220,7.2220,7.2220,7.2220,7.2220,7.2220,7.2220,7.2220,7.2220,7.2220,7.2220,7.2220,7.2220,7.2220,7.2220,7.2220,7.2220,7.2220,7.2220,7.2220,7.2220,7.2220,7.2220,7.2220,7.2220,7.2220,7.2220,7.2220,7.2220,7.2220,7.2220
7.2167,7.2167,7.2167,7.2167,7.2167,7.2167,7.2167,7.2167,7.2167,7.2167,7.2167,7.2167,7.2167,7.2167,7.2167,7.2167,7.2167,7.2167,7.2167,7.2167,7.2167,7.2167,7.2167,7.2167,7.2167,7.2167,7.2167,7.2167,7.2167,7.2167,7.2167,7.2167,7.2167,7.2167,7.2167,7.2167,7.2167,7.2167,7.2167,7.2167,7.2167,7.2167,7.2167,7.2167,7.2167,7.2167,7.2167,7.2167,7.2167,7.2167,7.2167,7.2167,7.2167,7.2167,7.2167,7.2167,7.2167,7.2167,7.2167,7.2167,7.2167,7.2167,7.2167,7.2167,7.2167,7.2167,7.2167,7.2167,7.2167,7.2167,7.2167,7.2167,7.2167,7.2167,7.2167,7.2167,7.2167,7.2167,7.2167,7.2167,7.2167,7.2167,7.2167,7.2167,7.2167,7.2167,7.2167,7.2167,7.2167,7.2167,7.2167,7.2167,7.2167,7.2167,7.2167,7.2167,7.2167,7.2167,7.2167,7.2167,7.2167,7.2167,7.2167,7.2167,7.2167,7.2167,7.2167,7.2167,7.2167,7.2167,7.2167,7.2167,7.2167,7.2167,7.2167,7.2167,7.2167,7.2167,7.2167,7.2167,7.2167,7.2167,7.2167,7.2167,7.2167,7.2167,7.2167,7.2167,7.2167,7.2167,7.2167,7.2167,7.2167,7.2167,7.2167,7.2167,7.2167,7.2167,7.2167,7.2167,7.2167,7.2167,7.2167,7.2167,7.2167,7.2167,7.2167,7.2167,7.2167,7.2167,7.2167,7.2167,7.2167,7.2167,7.2167,7.2167,7.2167,7.2167,7.2167,7.2167,7.2167,7.2167,7.2167,7.2167,7.2167,7.2167,7.2167,7.2167,7.2167,7.2167,7.2167,7.2167,7.2167,7.2167,7.2167,7.2167,7.2167,7.2167,7.2167,7.2167,7.2167,7.2167,7.2167,7.2167,7.2167,7.2167,7.2167,7.2167,7.2167,7.2167,7.2167,7.2167,7.2167,7.2167,7.2167,7.2167,7.2167,7.2167,7.2167,7.2167,7.2167,7.2167,7.2167,7.2167,7.2167,7.2167,7.2167,7.2167,7.2167,7.2167,7.2167,7.2167,7.2167,7.2167,7.2167,7.2167,7.2167,7.2167,7.2167,7.2167,7.2167,7.2167,7.2167,7.2167,7.2167,7.2167,7.2167,7.2167,7.2167,7.2167,7.2167,7.2167,7.2167,7.2167,7.2167,7.2167,7.2167,7.2167,7.2167,7.2167,7.2167,7.2167,7.2167,7.2167,7.2167,7.2167,7.2167,7.2167,7.2167,7.2167,7.2167,7.2167,7.2167,7.2167,7.2167,7.2167,7.2167,7.2167,7.2167,7.2167,7.2167,7.2167,7.2167,7.2167,7.2167,7.2167,7.2167,7.2167,7.2167,7.2167,7.2167,7.2167,7.2167,7.2167,7.2167,7.2167,7.2167,7.2167,7.2167,7.2167,7.2167,7.2167,7.2167,7.2167,7.2167,7.2167,7.2167,7.2167,7.2167,7.2167,7.2167,7.2167,7.2167,7.2167,7.2167,7.2167,7.2167,7.2167,7.2167,7.2167,7.2167,7.2167,7.2167,7.2167,7.2167,7.2167,7.2167,7.2167,7.2167,7.2167,7.2167,7.2167,7.2167,7.2167,7.2167,7.2167,7.2167,7.2167,7.2167,7.2167,7.2167,7.2167,7.2167,7.2167,7.2167,7.2167,7.2167,7.2167,7.2167,7.2167,7.2167,7.2167,7.2167,7.2167,7.2167,7.2167,7.2167,7.2167,7.2167,7.2167,7.2167,7.2167,7.2167,7.2167,7.2167,7.2167,7.2167,7.2167,7.2167,7.2167,7.2167,7.2167,7.2167,7.2167,7.2167,7.2167,7.2167,7.2167,7.2167,7.2167,7.2167,7.2167,7.2167,7.2167,7.2167,7.2167,7.2167,7.2167,7.2167,7.2167,7.2167,7.2167,7.2167,7.2167,7.2167,7.2167,7.2167,7.2167,7.2167,7.2167,7.2167,7.2167,7.2167,7.2167,7.2167,7.2167,7.2167,7.2167,7.2167,7.2167,7.2167,7.2167,7.2167,7.2167,7.2167,7.2167,7.2167,7.2167,7.2167,7.2167,7.2167,7.2167,7.2167,7.2167,7.2167,7.2167,6.1911,6.1607,6.1357,6.1134,6.0881,6.0628,6.0397,6.0289,6.0202,6.0125,6.0049,5.9972,5.9895,5.9818,5.9742,5.9665,5.9591,5.9515,5.9441,5.9368,5.9299,5.9230,5.9161,5.9092,5.9024,5.8955,5.8885,5.8819,5.8774,5.8733,5.8706,5.8677,5.8649,5.8622,5.8593,5.8567,5.8538,5.8512,5.8483,5.8457,5.8428,5.8404,5.8373,5.8345,5.8319,5.8290,5.8262,5.8236,5.8209,5.8183,5.8157,5.8131,5.8105,5.8079,5.8052,5.8026,5.8000,5.7974,5.7948,5.7926,5.7914,5.7910,5.7910,5.7912,5.7912,5.7912,5.7912,5.7912,5.7912,5.7912,5.7912,5.7912,5.7912,5.7912,5.7912,5.7912,5.7912,5.7912,5.7912,5.7912,5.7914,5.7912,5.7910,5.7908,5.7906,5.7904,5.7902,5.7900,5.7898,5.7896,5.7894,5.7892,5.7890,5.7888,5.7888,5.7898,5.7908,5.7918,5.7928,5.7940,5.7960,5.7982,5.8002,5.8024,5.8044,5.8067,5.8089,5.8109,5.8131,5.8151,5.8171,5.8191,5.8211,5.8232,5.8250,5.8270,5.8290,5.8310,5.8331,5.8351,5.8371,5.8392,5.8412,5.8432,5.8453,5.8473,5.8493,5.8514,5.8552,5.8589,5.8626,5.8665,5.8702,5.8743,5.8803,5.8860,5.8920,5.8980,5.9040,5.9101,5.9159,5.9217,5.9278,5.9336,5.9395,5.9456,5.9515,5.9576,5.9640,5.9706,5.9797,5.9895,5.9998,6.0097,6.0196,6.0297,6.0397,6.0499,6.0670,6.0865,6.1067,6.1480,7.2167,7.2167,7.2167,7.2167,7.2167,7.2167,7.2167,7.2167,7.2167,7.2167,7.2167,7.2167,7.2167,7.2167,7.2167,7.2167,7.2167,7.2167,7.2167,7.2167,7.2167,7.2167,7.2167,7.2167,7.2167,7.2167,7.2167,7.2167,7.2167,7.2167,7.2167,7.2167,7.2167,7.2167,7.2167,7.2167,7.2167,7.2167,7.2167,7.2167,7.2167,7.2167,7.2167,7.2167,7.2167,7.2167,7.2167,7.2167,7.2167,7.2167,7.2167,7.2167,7.2167,7.2167,7.2167,7.2167,7.2167,7.2167,7.2167,7.2167,7.2167,7.2167,7.2167,7.2167,7.2167,7.2167,7.2167,7.2167,7.2167,7.2167,7.2167,7.2167,7.2167,7.2167,7.2167,7.2167,7.2167,7.2167,7.2167,7.2167,7.2167,7.2167,7.2167,7.2167,7.2167,7.2167,7.2167,7.2167,7.2167,7.2167,7.2167,7.2167,7.2167,7.2167,7.2167,7.2167,7.2167,7.2167,7.2167,7.2167,7.2167,7.2167,7.2167,7.2167,7.2167,7.2167,7.2167,7.2167,7.2167,7.2167,7.2167,7.2167,7.2167,7.2167,7.2167,7.2167,7.2167,7.2167,7.2167,7.2167,7.2167,7.2167,7.2167,7.2167,7.2167,7.2167,7.2167,7.2167,7.2167,7.2167,7.2167,7.2167,7.2167,7.2167,7.2167,7.2167,7.2167,7.2167,7.2167,7.2167,7.2167,7.2167,7.2167,7.2167,7.2167,7.2167,7.2167,7.2167,7.2167,7.2167,7.2167,7.2167,7.2167,7.2167,7.2167,7.2167,7.2167,7.2167,7.2167,7.2167,7.2167,7.2167,7.2167,7.2167,7.2167,7.2167,7.2167,7.2167,7.2167,7.2167,7.2167,7.2167,7.2167,7.2167,7.2167,7.2167,7.2167,7.2167,7.2167,7.2167,7.2167,7.2167,7.2167,7.2167,7.2167,7.2167,7.2167,7.2167,7.2167,7.2167,7.2167,7.2167,7.2167,7.2167,7.2167,7.2167,7.2167,7.2167,7.2167,7.2167,7.2167,7.2167,7.2167,7.2167,7.2167,7.2167,7.2167,7.2167,7.2167,7.2167,7.2167,7.2167,7.2167,7.2167,7.2167,7.2167,7.2167,7.2167,7.2167,7.2167,7.2167,7.2167,7.2167,7.2167,7.2167,7.2167,7.2167,7.2167,7.2167,7.2167,7.2167,7.2167,7.2167,7.2167,7.2167,7.2167,7.2167,7.2167,7.2167,7.2167,7.2167,7.2167,7.2167,7.2167,7.2167,7.2167,7.2167,7.2167,7.2167,7.2167,7.2167,7.2167,7.2167,7.2167,7.2167,7.2167,7.2167,7.2167,7.2167,7.2167,7.2167,7.2167,7.2167,7.2167,7.2167,7.2167,7.2167,7.2167,7.2167,7.2167,7.2167,7.2167,7.2167,7.2167,7.2167,7.2167,7.2167,7.2167,7.2167,7.2167,7.2167,7.2167,7.2167,7.2167,7.2167,7.2167,7.2167,7.2167,7.2167,7.2167,7.2167,7.2167,7.2167,7.2167,7.2167,7.2167,7.2167,7.2167,7.2167,7.2167,7.2167,7.2167,7.2167,7.2167,7.2167,7.2167,7.2167,7.2167,7.2167,7.2167,7.2167,7.2167,7.2167,7.2167,7.2167,7.2167,7.2167,7.2167,7.2167,7.2167,7.2167,7.2167,7.2167,7.2167,7.2167,7.2167,7.2167,7.2167,7.2167,7.2167,7.2167,7.2167,7.2167,7.2167,7.2167,7.2167,7.2167,7.2167,7.2167,7.2167,7.2167,7.2167,7.2167,7.2167,7.2167,7.2167,7.2167,7.2167,7.2167,7.2167,7.2167,7.2167,7.2167,7.2167,7.2167,7.2167,7.2167,7.2167,7.2167,7.2167,7.2167,7.2167,7.2167,7.2167,7.2167,7.2167,7.2167,7.2167,7.2167,7.2167,7.2167,7.2167,7.2167,7.2167,7.2167,7.2167,7.2167,7.2167,7.2167,7.2167,7.2167,7.2167,7.2167,7.2167,7.2167,7.2167,7.2167,7.2167,7.2167,7.2167,7.2167,7.2167
7.2102,7.2102,7.2102,7.2102,7.2102,7.2102,7.2102,7.2102,7.2102,7.2102,7.2102,7.2102,7.2102,7.2102,7.2102,7.2102,7.2102,7.2102,7.2102,7.2102,7.2102,7.2102,7.2102,7.2102,7.2102,7.2102,7.2102,7.2102,7.2102,7.2102,7.2102,7.2102,7.2102,7.2102,7.2102,7.2102,7.2102,7.2102,7.2102,7.2102,7.2102,7.2102,7.2102,7.2102,7.2102,7.2102,7.2102,7.2102,7.2102,7.2102,7.2102,7.2102,7.2102,7.2102,7.2102,7.2102,7.2102,7.2102,7.2102,7.2102,7.2102,7.2102,7.2102,7.2102,7.2102,7.2102,7.2102,7.2102,7.2102,7.2102,7.2102,7.2102,7.2102,7.2102,7.2102,7.2102,7.2102,7.2102,7.2102,7.2102,7.2102,7.2102,7.2102,7.2102,7.2102,7.2102,7.2102,7.2102,7.2102,7.2102,7.2102,7.2102,7.2102,7.2102,7.2102,7.2102,7.2102,7.2102,7.2102,7.2102,7.2102,7.2102,7.2102,7.2102,7.2102,7.2102,7.2102,7.2102,7.2102,7.2102,7.2102,7.2102,7.2102,7.2102,7.2102,7.2102,7.2102,7.2102,7.2102,7.2102,7.2102,7.2102,7.2102,7.2102,7.2102,7.2102,7.2102,7.2102,7.2102,7.2102,7.2102,7.2102,7.2102,7.2102,7.2102,7.2102,7.2102,7.2102,7.2102,7.2102,7.2102,7.2102,7.2102,7.2102,7.2102,7.2102,7.2102,7.2102,7.2102,7.2102,7.2102,7.2102,7.2102,7.2102,7.2102,7.2102,7.2102,7.2102,7.2102,7.2102,7.2102,7.2102,7.2102,7.2102,7.2102,7.2102,7.2102,7.2102,7.2102,7.2102,7.2102,7.2102,7.2102,7.2102,7.2102,7.2102,7.2102,7.2102,7.2102,7.2102,7.2102,7.2102,7.2102,7.2102,7.2102,7.2102,7.2102,7.2102,7.2102,7.2102,7.2102,7.2102,7.2102,7.2102,7.2102,7.2102,7.2102,7.2102,7.2102,7.2102,7.2102,7.2102,7.2102,7.2102,7.2102,7.2102,7.2102,7.2102,7.2102,7.2102,7.2102,7.2102,7.2102,7.2102,7.2102,7.2102,7.2102,7.2102,7.2102,7.2102,7.2102,7.2102,7.2102,7.2102,7.2102,7.2102,7.2102,7.2102,7.2102,7.2102,7.2102,7.2102,7.2102,7.2102,7.2102,7.2102,7.2102,7.2102,7.2102,7.2102,7.2102,7.2102,7.2102,7.2102,7.2102,7.2102,7.2102,7.2102,7.2102,7.2102,7.2102,7.2102,7.2102,7.2102,7.2102,7.2102,7.2102,7.2102,7.2102,7.2102,7.2102,7.2102,7.2102,7.2102,7.2102,7.2102,7.2102,7.2102,7.2102,7.2102,7.2102,7.2102,7.2102,7.2102,7.2102,7.2102,7.2102,7.2102,7.2102,7.2102,7.2102,7.2102,7.2102,7.2102,7.2102,7.2102,7.2102,7.2102,7.2102,7.2102,7.2102,7.2102,7.2102,7.2102,7.2102,7.2102,7.2102,7.2102,7.2102,7.2102,7.2102,7.2102,7.2102,7.2102,7.2102,7.2102,7.2102,7.2102,7.2102,7.2102,7.2102,7.2102,7.2102,7.2102,7.2102,7.2102,7.2102,7.2102,7.2102,7.2102,7.2102,7.2102,7.2102,7.2102,7.2102,7.2102,7.2102,7.2102,7.2102,7.2102,7.2102,7.2102,7.2102,7.2102,7.2102,7.2102,7.2102,7.2102,7.2102,7.2102,7.2102,7.2102,7.2102,7.2102,7.2102,7.2102,7.2102,7.2102,7.2102,7.2102,7.2102,7.2102,7.2102,7.2102,7.2102,7.2102,7.2102,7.2102,7.2102,7.2102,7.2102,7.2102,7.2102,7.2102,7.2102,7.2102,7.2102,7.2102,7.2102,7.2102,7.2102,7.2102,7.2102,7.2102,7.2102,7.2102,7.2102,7.2102,7.2102,7.2102,7.2102,7.2102,7.2102,7.2102,7.2102,7.2102,7.2102,7.2102,7.2102,7.2102,7.2102,7.2102,7.2102,7.2102,7.2102,7.2102,7.2102,7.2102,7.2102,7.2102,7.2102,7.2102,7.2102,7.2102,7.2102,7.2102,6.1975,6.1670,6.1418,6.1196,6.0956,6.0703,6.0458,6.0349,6.0243,6.0168,6.0090,6.0013,5.9936,5.9859,5.9782,5.9706,5.9631,5.9557,5.9484,5.9408,5.9334,5.9259,5.9186,5.9111,5.9040,5.8972,5.8904,5.8835,5.8780,5.8747,5.8718,5.8692,5.8663,5.8636,5.8608,5.8579,5.8552,5.8524,5.8497,5.8473,5.8446,5.8420,5.8396,5.8369,5.8343,5.8317,5.8290,5.8264,5.8238,5.8211,5.8185,5.8159,5.8133,5.8109,5.8083,5.8057,5.8030,5.8004,5.7978,5.7958,5.7946,5.7932,5.7932,5.7932,5.7932,5.7932,5.7932,5.7932,5.7932,5.7932,5.7932,5.7932,5.7932,5.7932,5.7932,5.7934,5.7934,5.7934,5.7934,5.7934,5.7934,5.7934,5.7932,5.7930,5.7928,5.7926,5.7924,5.7922,5.7920,5.7918,5.7916,5.7914,5.7912,5.7910,5.7918,5.7928,5.7938,5.7948,5.7958,5.7968,5.7986,5.8006,5.8028,5.8048,5.8071,5.8091,5.8113,5.8135,5.8155,5.8177,5.8195,5.8215,5.8236,5.8254,5.8274,5.8294,5.8315,5.8333,5.8353,5.8375,5.8398,5.8416,5.8436,5.8457,5.8477,5.8497,5.8518,5.8548,5.8585,5.8624,5.8661,5.8698,5.8737,5.8774,5.8827,5.8887,5.8947,5.9007,5.9067,5.9125,5.9184,5.9244,5.9303,5.9364,5.9423,5.9481,5.9543,5.9602,5.9667,5.9740,5.9838,5.9938,6.0039,6.0138,6.0239,6.0338,6.0441,6.0543,6.0705,6.0901,6.1102,7.2108,7.2108,7.2108,7.2108,7.2108,7.2108,7.2108,7.2108,7.2108,7.2108,7.2108,7.2108,7.2108,7.2108,7.2108,7.2108,7.2108,7.2108,7.2108,7.2108,7.2108,7.2108,7.2108,7.2108,7.2108,7.2108,7.2108,7.2108,7.2108,7.2108,7.2108,7.2108,7.2108,7.2108,7.2108,7.2108,7.2108,7.2108,7.2108,7.2108,7.2108,7.2108,7.2108,7.2108,7.2108,7.2108,7.2108,7.2108,7.2108,7.2108,7.2108,7.2108,7.2108,7.2108,7.2108,7.2108,7.2108,7.2108,7.2108,7.2108,7.2108,7.2108,7.2108,7.2108,7.2108,7.2108,7.2108,7.2108,7.2108,7.2108,7.2108,7.2108,7.2108,7.2108,7.2108,7.2108,7.2108,7.2108,7.2108,7.2108,7.2108,7.2108,7.2108,7.2108,7.2108,7.2108,7.2108,7.2108,7.2108,7.2108,7.2108,7.2108,7.2108,7.2108,7.2108,7.2108,7.2108,7.2108,7.2108,7.2108,7.2108,7.2108,7.2108,7.2108,7.2108,7.2108,7.2108,7.2108,7.2108,7.2108,7.2108,7.2108,7.2108,7.2108,7.2108,7.2108,7.2108,7.2108,7.2108,7.2108,7.2108,7.2108,7.2108,7.2108,7.2108,7.2108,7.2108,7.2108,7.2108,7.2108,7.2108,7.2108,7.2108,7.2108,7.2108,7.2108,7.2108,7.2108,7.2108,7.2108,7.2108,7.2108,7.2108,7.2108,7.2108,7.2108,7.2108,7.2108,7.2108,7.2108,7.2108,7.2108,7.2108,7.2108,7.2108,7.2108,7.2108,7.2108,7.2108,7.2108,7.2108,7.2108,7.2108,7.2108,7.2108,7.2108,7.2108,7.2108,7.2108,7.2108,7.2108,7.2108,7.2108,7.2108,7.2108,7.2108,7.2108,7.2108,7.2108,7.2108,7.2108,7.2108,7.2108,7.2108,7.2108,7.2108,7.2108,7.2108,7.2108,7.2108,7.2108,7.2108,7.2108,7.2108,7.2108,7.2108,7.2108,7.2108,7.2108,7.2108,7.2108,7.2108,7.2108,7.2108,7.2108,7.2108,7.2108,7.2108,7.2108,7.2108,7.2108,7.2108,7.2108,7.2108,7.2108,7.2108,7.2108,7.2108,7.2108,7.2108,7.2108,7.2108,7.2108,7.2108,7.2108,7.2108,7.2108,7.2108,7.2108,7.2108,7.2108,7.2108,7.2108,7.2108,7.2108,7.2108,7.2108,7.2108,7.2108,7.2108,7.2108,7.2108,7.2108,7.2108,7.2108,7.2108,7.2108,7.2108,7.2108,7.2108,7.2108,7.2108,7.2108,7.2108,7.2108,7.2108,7.2108,7.2108,7.2108,7.2108,7.2108,7.2108,7.2108,7.2108,7.2108,7.2108,7.2108,7.2108,7.2108,7.2108,7.2108,7.2108,7.2108,7.2108,7.2108,7.2108,7.2108,7.2108,7.2108,7.2108,7.2108,7.2108,7.2108,7.2108,7.2108,7.2108,7.2108,7.2108,7.2108,7.2108,7.2108,7.2108,7.2108,7.2108,7.2108,7.2108,7.2108,7.2108,7.2108,7.2108,7.2108,7.2108,7.2108,7.2108,7.2108,7.2108,7.2108,7.2108,7.2108,7.2108,7.2108,7.2108,7.2108,7.2108,7.2108,7.2108,7.2108,7.2108,7.2108,7.2108,7.2108,7.2108,7.2108,7.2108,7.2108,7.2108,7.2108,7.2108,7.2108,7.2108,7.2108,7.2108,7.2108,7.2108,7.2108,7.2108,7.2108,7.2108,7.2108,7.2108,7.2108,7.2108,7.2108,7.2108,7.2108,7.2108,7.2108,7.2108,7.2108,7.2108,7.2108,7.2108,7.2108,7.2108,7.2108,7.2108,7.2108,7.2108,7.2108,7.2108,7.2108,7.2108,7.2108,7.2108,7.2108,7.2108,7.2108,7.2108,7.2108,7.2108,7.2108,7.2108,7.2108,7.2108,7.2108,7.2108,7.2108,7.2108,7.2108,7.2108,7.2108,7.2108,7.2108,7.2108,7.2108,7.2108,7.2108,7.2108,7.2108,7.2108,7.2108,7.2108,7.2108
7.2049,7.2049,7.2049,7.2049,7.2049,7.2049,7.2049,7.2049,7.2049,7.2049,7.2049,7.2049,7.2049,7.2049,7.2049,7.2049,7.2049,7.2049,7.2049,7.2049,7.2049,7.2049,7.2049,7.2049,7.2049,7.2049,7.2049,7.2049,7.2049,7.2049,7.2049,7.2049,7.2049,7.2049,7.2049,7.2049,7.2049,7.2049,7.2049,7.2049,7.2049,7.2049,7.2049,7.2049,7.2049,7.2049,7.2049,7.2049,7.2049,7.2049,7.2049,7.2049,7.2049,7.2049,7.2049,7.2049,7.2049,7.2049,7.2049,7.2049,7.2049,7.2049,7.2049,7.2049,7.2049,7.2049,7.2049,7.2049,7.2049,7.2049,7.2049,7.2049,7.2049,7.2049,7.2049,7.2049,7.2049,7.2049,7.2049,7.2049,7.2049,7.2049,7.2049,7.2049,7.2049,7.2049,7.2049,7.2049,7.2049,7.2049,7.2049,7.2049,7.2049,7.2049,7.2049,7.2049,7.2049,7.2049,7.2049,7.2049,7.2049,7.2049,7.2049,7.2049,7.2049,7.2049,7.2049,7.2049,7.2049,7.2049,7.2049,7.2049,7.2049,7.2049,7.2049,7.2049,7.2049,7.2049,7.2049,7.2049,7.2049,7.2049,7.2049,7.2049,7.2049,7.2049,7.2049,7.2049,7.2049,7.2049,7.2049,7.2049,7.2049,7.2049,7.2049,7.2049,7.2049,7.2049,7.2049,7.2049,7.2049,7.2049,7.2049,7.2049,7.2049,7.2049,7.2049,7.2049,7.2049,7.2049,7.2049,7.2049,7.2049,7.2049,7.2049,7.2049,7.2049,7.2049,7.2049,7.2049,7.2049,7.2049,7.2049,7.2049,7.2049,7.2049,7.2049,7.2049,7.2049,7.2049,7.2049,7.2049,7.2049,7.2049,7.2049,7.2049,7.2049,7.2049,7.2049,7.2049,7.2049,7.2049,7.2049,7.2049,7.2049,7.2049,7.2049,7.2049,7.2049,7.2049,7.2049,7.2049,7.2049,7.2049,7.2049,7.2049,7.2049,7.2049,7.2049,7.2049,7.2049,7.2049,7.2049,7.2049,7.2049,7.2049,7.2049,7.2049,7.2049,7.2049,7.2049,7.2049,7.2049,7.2049,7.2049,7.2049,7.2049,7.2049,7.2049,7.2049,7.2049,7.2049,7.2049,7.2049,7.2049,7.2049,7.2049,7.2049,7.2049,7.2049,7.2049,7.2049,7.2049,7.2049,7.2049,7.2049,7.2049,7.2049,7.2049,7.2049,7.2049,7.2049,7.2049,7.2049,7.2049,7.2049,7.2049,7.2049,7.2049,7.2049,7.2049,7.2049,7.2049,7.2049,7.2049,7.2049,7.2049,7.2049,7.2049,7.2049,7.2049,7.2049,7.2049,7.2049,7.2049,7.2049,7.2049,7.2049,7.2049,7.2049,7.2049,7.2049,7.2049,7.2049,7.2049,7.2049,7.2049,7.2049,7.2049,7.2049,7.2049,7.2049,7.2049,7.2049,7.2049,7.2049,7.2049,7.2049,7.2049,7.2049,7.2049,7.2049,7.2049,7.2049,7.2049,7.2049,7.2049,7.2049,7.2049,7.2049,7.2049,7.2049,7.2049,7.2049,7.2049,7.2049,7.2049,7.2049,7.2049,7.2049,7.2049,7.2049,7.2049,7.2049,7.2049,7.2049,7.2049,7.2049,7.2049,7.2049,7.2049,7.2049,7.2049,7.2049,7.2049,7.2049,7.2049,7.2049,7.2049,7.2049,7.2049,7.2049,7.2049,7.2049,7.2049,7.2049,7.2049,7.2049,7.2049,7.2049,7.2049,7.2049,7.2049,7.2049,7.2049,7.2049,7.2049,7.2049,7.2049,7.2049,7.2049,7.2049,7.2049,7.2049,7.2049,7.2049,7.2049,7.2049,7.2049,7.2049,7.2049,7.2049,7.2049,7.2049,7.2049,7.2049,7.2049,7.2049,7.2049,7.2049,7.2049,7.2049,7.2049,7.2049,7.2049,7.2049,7.2049,7.2049,7.2049,7.2049,7.2049,7.2049,7.2049,7.2049,7.2049,7.2049,7.2049,7.2049,7.2049,7.2049,7.2049,7.2049,7.2049,7.2049,7.2049,7.2049,7.2049,7.2049,7.2049,7.2049,7.2049,7.2049,7.2049,7.2049,7.2049,7.2049,6.2041,6.1738,6.1478,6.1256,6.1031,6.0780,6.0528,6.0410,6.0304,6.0209,6.0131,6.0054,5.9976,5.9899,5.9823,5.9746,5.9672,5.9598,5.9526,5.9450,5.9376,5.9301,5.9228,5.9153,5.9080,5.9005,5.8930,5.8858,5.8788,5.8763,5.8737,5.8710,5.8683,5.8659,5.8632,5.8606,5.8579,5.8552,5.8528,5.8501,5.8475,5.8448,5.8422,5.8398,5.8371,5.8345,5.8319,5.8294,5.8268,5.8242,5.8215,5.8189,5.8163,5.8137,5.8111,5.8085,5.8059,5.8032,5.8006,5.7990,5.7978,5.7964,5.7952,5.7952,5.7952,5.7952,5.7952,5.7952,5.7952,5.7954,5.7954,5.7954,5.7954,5.7954,5.7954,5.7954,5.7954,5.7954,5.7954,5.7954,5.7954,5.7954,5.7954,5.7952,5.7950,5.7948,5.7946,5.7944,5.7942,5.7940,5.7938,5.7936,5.7934,5.7938,5.7948,5.7958,5.7968,5.7978,5.7988,5.7998,5.8010,5.8032,5.8052,5.8075,5.8095,5.8117,5.8137,5.8159,5.8179,5.8199,5.8220,5.8240,5.8260,5.8278,5.8298,5.8319,5.8337,5.8359,5.8377,5.8398,5.8418,5.8438,5.8459,5.8479,5.8499,5.8520,5.8544,5.8581,5.8620,5.8657,5.8696,5.8733,5.8770,5.8809,5.8854,5.8914,5.8974,5.9034,5.9092,5.9153,5.9211,5.9269,5.9330,5.9389,5.9450,5.9509,5.9568,5.9629,5.9693,5.9780,5.9880,5.9981,6.0079,6.0181,6.0280,6.0382,6.0484,6.0584,6.0738,6.0936,6.1138,7.2049,7.2049,7.2049,7.2049,7.2049,7.2049,7.2049,7.2049,7.2049,7.2049,7.2049,7.2049,7.2049,7.2049,7.2049,7.2049,7.2049,7.2049,7.2049,7.2049,7.2049,7.2049,7.2049,7.2049,7.2049,7.2049,7.2049,7.2049,7.2049,7.2043,7.2043,7.2043,7.2043,7.2043,7.2043,7.2043,7.2043,7.2043,7.2043,7.2043,7.2043,7.2043,7.2043,7.2043,7.2043,7.2043,7.2043,7.2043,7.2043,7.2043,7.2043,7.2043,7.2043,7.2043,7.2043,7.2043,7.2043,7.2043,7.2043,7.2043,7.2043,7.2043,7.2043,7.2043,7.2043,7.2043,7.2043,7.2043,7.2043,7.2043,7.2043,7.2043,7.2043,7.2043,7.2043,7.2043,7.2043,7.2043,7.2043,7.2043,7.2043,7.2043,7.2043,7.2043,7.2043,7.2043,7.2043,7.2043,7.2043,7.2043,7.2043,7.2043,7.2043,7.2043,7.2043,7.2043,7.2043,7.2043,7.2043,7.2043,7.2043,7.2043,7.2043,7.2043,7.2043,7.2043,7.2043,7.2043,7.2043,7.2043,7.2043,7.2043,7.2043,7.2043,7.2043,7.2043,7.2043,7.2043,7.2043,7.2043,7.2043,7.2043,7.2043,7.2043,7.2043,7.2043,7.2043,7.2043,7.2043,7.2043,7.2043,7.2043,7.2043,7.2043,7.2043,7.2043,7.2043,7.2043,7.2043,7.2043,7.2043,7.2043,7.2043,7.2043,7.2043,7.2043,7.2043,7.2043,7.2043,7.2043,7.2043,7.2043,7.2043,7.2043,7.2043,7.2043,7.2043,7.2043,7.2043,7.2043,7.2043,7.2043,7.2043,7.2043,7.2043,7.2043,7.2043,7.2043,7.2043,7.2043,7.2043,7.2043,7.2043,7.2043,7.2043,7.2043,7.2043,7.2043,7.2043,7.2043,7.2043,7.2043,7.2043,7.2043,7.2043,7.2043,7.2043,7.2043,7.2043,7.2043,7.2043,7.2043,7.2043,7.2043,7.2043,7.2043,7.2043,7.2043,7.2043,7.2043,7.2043,7.2043,7.2043,7.2043,7.2043,7.2043,7.2043,7.2043,7.2043,7.2043,7.2043,7.2043,7.2043,7.2043,7.2043,7.2043,7.2043,7.2043,7.2043,7.2043,7.2043,7.2043,7.2043,7.2043,7.2043,7.2043,7.2043,7.2043,7.2043,7.2043,7.2043,7.2043,7.2043,7.2043,7.2043,7.2043,7.2043,7.2043,7.2043,7.2043,7.2043,7.2043,7.2043,7.2043,7.2043,7.2043,7.2043,7.2043,7.2043,7.2043,7.2043,7.2043,7.2043,7.2043,7.2043,7.2043,7.2043,7.2043,7.2043,7.2043,7.2043,7.2043,7.2043,7.2043,7.2043,7.2043,7.2043,7.2043,7.2043,7.2043,7.2043,7.2043,7.2043,7.2043,7.2043,7.2043,7.2043,7.2043,7.2043,7.2043,7.2043,7.2043,7.2043,7.2043,7.2043,7.2043,7.2043,7.2043,7.2043,7.2043,7.2043,7.2043,7.2043,7.2043,7.2043,7.2043,7.2043,7.2043,7.2043,7.2043,7.2043,7.2043,7.2043,7.2043,7.2043,7.2043,7.2043,7.2043,7.2043,7.2043,7.2043,7.2043,7.2043,7.2043,7.2043,7.2043,7.2043,7.2043,7.2043,7.2043,7.2043,7.2043,7.2043,7.2043,7.2043,7.2043,7.2043,7.2043,7.2043,7.2043,7.2043,7.2043,7.2043,7.2043,7.2043,7.2043,7.2043,7.2043,7.2043,7.2043,7.2043,7.2043,7.2043,7.2043,7.2043,7.2043,7.2043,7.2043,7.2043,7.2043,7.2043,7.2043,7.2043,7.2043,7.2043,7.2043,7.2043,7.2043,7.2043,7.2043,7.2043,7.2043,7.2043,7.2043,7.2043,7.2043,7.2043,7.2043,7.2043,7.2043,7.2043,7.2043,7.2043,7.2043,7.2043,7.2043,7.2043,7.2043,7.2043,7.2043,7.2043,7.2043,7.2043,7.2043,7.2043,7.2043,7.2043,7.2043,7.2043,7.2043,7.2043,7.2043,7.2043
7.1991,7.1991,7.1991,7.1991,7.1991,7.1991,7.1991,7.1991,7.1991,7.1991,7.1991,7.1991,7.1991,7.1991,7.1991,7.1991,7.1991,7.1991,7.1991,7.1991,7.1991,7.1991,7.1991,7.1991,7.1991,7.1991,7.1991,7.1991,7.1991,7.1991,7.1991,7.1991,7.1991,7.1991,7.1991,7.1991,7.1991,7.1991,7.1991,7.1991,7.1991,7.1991,7.1991,7.1991,7.1991,7.1991,7.1991,7.1991,7.1991,7.1991,7.1991,7.1991,7.1991,7.1991,7.1991,7.1991,7.1991,7.1991,7.1991,7.1991,7.1991,7.1991,7.1991,7.1991,7.1991,7.1991,7.1991,7.1991,7.1991,7.1991,7.1991,7.1991,7.1991,7.1991,7.1991,7.1991,7.1991,7.1991,7.1991,7.1991,7.1991,7.1991,7.1991,7.1991,7.1991,7.1991,7.1991,7.1991,7.1991,7.1991,7.1991,7.1991,7.1991,7.1991,7.1991,7.1991,7.1991,7.1991,7.1991,7.1991,7.1991,7.1991,7.1991,7.1991,7.1991,7.1991,7.1991,7.1991,7.1991,7.1991,7.1991,7.1991,7.1991,7.1991,7.1991,7.1991,7.1991,7.1991,7.1991,7.1991,7.1991,7.1991,7.1991,7.1991,7.1991,7.1991,7.1991,7.1991,7.1991,7.1991,7.1991,7.1991,7.1991,7.1991,7.1991,7.1991,7.1991,7.1991,7.1991,7.1991,7.1991,7.1991,7.1991,7.1991,7.1991,7.1991,7.1991,7.1991,7.1991,7.1991,7.1991,7.1991,7.1991,7.1991,7.1991,7.1991,7.1991,7.1991,7.1991,7.1991,7.1991,7.1991,7.1991,7.1991,7.1991,7.1991,7.1991,7.1991,7.1991,7.1991,7.1991,7.1991,7.1991,7.1991,7.1991,7.1991,7.1991,7.1991,7.1991,7.1991,7.1991,7.1991,7.1991,7.1991,7.1991,7.1991,7.1991,7.1991,7.1991,7.1991,7.1991,7.1991,7.1991,7.1991,7.1991,7.1991,7.1991,7.1991,7.1991,7.1991,7.1991,7.1991,7.1991,7.1991,7.1991,7.1991,7.1991,7.1991,7.1991,7.1991,7.1991,7.1991,7.1991,7.1991,7.1991,7.1991,7.1991,7.1991,7.1991,7.1991,7.1991,7.1991,7.1991,7.1991,7.1991,7.1991,7.1991,7.1991,7.1991,7.1991,7.1991,7.1991,7.1991,7.1991,7.1991,7.1991,7.1991,7.1991,7.1991,7.1991,7.1991,7.1991,7.1991,7.1991,7.1991,7.1991,7.1991,7.1991,7.1991,7.1991,7.1991,7.1991,7.1991,7.1991,7.1991,7.1991,7.1991,7.1991,7.1991,7.1991,7.1991,7.1991,7.1991,7.1991,7.1991,7.1991,7.1991,7.1991,7.1991,7.1991,7.1991,7.1991,7.1991,7.1991,7.1991,7.1991,7.1991,7.1991,7.1991,7.1991,7.1991,7.1991,7.1991,7.1991,7.1991,7.1991,7.1991,7.1991,7.1991,7.1991,7.1991,7.1991,7.1991,7.1991,7.1991,7.1991,7.1991,7.1991,7.1991,7.1991,7.1991,7.1991,7.1991,7.1991,7.1991,7.1991,7.1991,7.1991,7.1991,7.1991,7.1991,7.1991,7.1991,7.1991,7.1991,7.1991,7.1991,7.1991,7.1991,7.1991,7.1991,7.1991,7.1991,7.1991,7.1991,7.1991,7.1991,7.1991,7.1991,7.1991,7.1991,7.1991,7.1991,7.1991,7.1991,7.1991,7.1991,7.1991,7.1991,7.1991,7.1991,7.1991,7.1991,7.1991,7.1991,7.1991,7.1991,7.1991,7.1991,7.1991,7.1991,7.1991,7.1985,7.1985,7.1985,7.1985,7.1985,7.1985,7.1985,7.1985,7.1985,7.1985,7.1985,7.1985,7.1985,7.1985,7.1985,7.1985,7.1985,7.1985,7.1985,7.1985,7.1985,7.1985,7.1985,7.1985,7.1985,7.1985,7.1985,7.1985,7.1985,7.1985,7.1985,7.1985,7.1985,7.1985,7.1985,7.1985,7.1985,7.1985,7.1985,7.1985,7.1985,7.1985,7.1985,7.1985,7.1985,7.1985,7.1985,7.1985,7.1985,7.1985,7.1985,7.1985,7.1985,7.1985,7.1985,6.1799,6.1541,6.1319,6.1098,6.0854,6.0602,6.0471,6.0364,6.0256,6.0172,6.0094,6.0017,5.9940,5.9863,5.9789,5.9712,5.9638,5.9568,5.9494,5.9418,5.9345,5.9269,5.9194,5.9121,5.9046,5.8974,5.8899,5.8831,5.8792,5.8765,5.8739,5.8712,5.8687,5.8661,5.8634,5.8608,5.8583,5.8556,5.8530,5.8503,5.8477,5.8453,5.8426,5.8400,5.8375,5.8351,5.8323,5.8296,5.8270,5.8244,5.8218,5.8191,5.8165,5.8141,5.8115,5.8089,5.8063,5.8036,5.8024,5.8010,5.7996,5.7984,5.7974,5.7974,5.7974,5.7974,5.7974,5.7974,5.7974,5.7974,5.7974,5.7974,5.7974,5.7974,5.7974,5.7974,5.7974,5.7974,5.7976,5.7976,5.7976,5.7976,5.7976,5.7974,5.7972,5.7970,5.7968,5.7966,5.7964,5.7962,5.7960,5.7960,5.7970,5.7980,5.7990,5.8000,5.8010,5.8018,5.8028,5.8038,5.8057,5.8079,5.8099,5.8121,5.8141,5.8163,5.8183,5.8203,5.8224,5.8244,5.8264,5.8282,5.8302,5.8323,5.8345,5.8361,5.8383,5.8402,5.8422,5.8442,5.8463,5.8483,5.8503,5.8524,5.8544,5.8579,5.8616,5.8653,5.8692,5.8729,5.8768,5.8805,5.8842,5.8881,5.8941,5.9001,5.9059,5.9119,5.9178,5.9238,5.9297,5.9355,5.9416,5.9475,5.9534,5.9595,5.9655,5.9725,5.9823,5.9923,6.0021,6.0122,6.0222,6.0323,6.0425,6.0525,6.0628,6.0773,6.0969,6.1212,7.1985,7.1985,7.1985,7.1985,7.1985,7.1985,7.1985,7.1985,7.1985,7.1985,7.1985,7.1985,7.1985,7.1985,7.1985,7.1985,7.1985,7.1985,7.1985,7.1985,7.1985,7.1985,7.1985,7.1985,7.1985,7.1985,7.1985,7.1985,7.1985,7.1985,7.1985,7.1985,7.1985,7.1985,7.1985,7.1985,7.1985,7.1985,7.1985,7.1985,7.1985,7.1985,7.1985,7.1985,7.1985,7.1985,7.1985,7.1985,7.1985,7.1985,7.1985,7.1985,7.1985,7.1985,7.1985,7.1985,7.1985,7.1985,7.1985,7.1985,7.1985,7.1985,7.1985,7.1985,7.1985,7.1985,7.1985,7.1985,7.1985,7.1985,7.1985,7.1985,7.1985,7.1985,7.1985,7.1985,7.1985,7.1985,7.1985,7.1985,7.1985,7.1985,7.1985,7.1985,7.1985,7.1985,7.1985,7.1985,7.1985,7.1985,7.1985,7.1985,7.1985,7.1985,7.1985,7.1985,7.1985,7.1985,7.1985,7.1985,7.1985,7.1985,7.1985,7.1985,7.1985,7.1985,7.1985,7.1985,7.1985,7.1985,7.1985,7.1985,7.1985,7.1985,7.1985,7.1985,7.1985,7.1985,7.1985,7.1985,7.1985,7.1985,7.1985,7.1985,7.1985,7.1985,7.1985,7.1985,7.1985,7.1985,7.1985,7.1985,7.1985,7.1985,7.1985,7.1985,7.1985,7.1985,7.1985,7.1985,7.1985,7.1985,7.1985,7.1985,7.1985,7.1985,7.1985,7.1985,7.1985,7.1985,7.1985,7.1985,7.1985,7.1985,7.1985,7.1985,7.1985,7.1985,7.1985,7.1985,7.1985,7.1985,7.1985,7.1985,7.1985,7.1985,7.1985,7.1985,7.1985,7.1985,7.1985,7.1985,7.1985,7.1985,7.1985,7.1985,7.1985,7.1985,7.1985,7.1985,7.1985,7.1985,7.1985,7.1985,7.1985,7.1985,7.1985,7.1985,7.1985,7.1985,7.1985,7.1985,7.1985,7.1985,7.1985,7.1985,7.1985,7.1985,7.1985,7.1985,7.1985,7.1985,7.1985,7.1985,7.1985,7.1985,7.1985,7.1985,7.1985,7.1985,7.1985,7.1985,7.1985,7.1985,7.1985,7.1985,7.1985,7.1985,7.1985,7.1985,7.1985,7.1985,7.1985,7.1985,7.1985,7.1985,7.1985,7.1985,7.1985,7.1985,7.1985,7.1985,7.1985,7.1985,7.1985,7.1985,7.1985,7.1985,7.1985,7.1985,7.1985,7.1985,7.1985,7.1985,7.1985,7.1985,7.1985,7.1985,7.1985,7.1985,7.1985,7.1985,7.1985,7.1985,7.1985,7.1985,7.1985,7.1985,7.1985,7.1985,7.1985,7.1985,7.1985,7.1985,7.1985,7.1985,7.1985,7.1985,7.1985,7.1985,7.1985,7.1985,7.1985,7.1985,7.1985,7.1985,7.1985,7.1985,7.1985,7.1985,7.1985,7.1985,7.1985,7.1985,7.1985,7.1985,7.1985,7.1985,7.1985,7.1985,7.1985,7.1985,7.1985,7.1985,7.1985,7.1985,7.1985,7.1985,7.1985,7.1985,7.1985,7.1985,7.1985,7.1985,7.1985,7.1985,7.1985,7.1985,7.1985,7.1985,7.1985,7.1985,7.1985,7.1985,7.1985,7.1985,7.1985,7.1985,7.1985,7.1985,7.1985,7.1985,7.1985,7.1985,7.1985,7.1985,7.1985,7.1985,7.1985,7.1985,7.1985,7.1985,7.1985,7.1985,7.1985,7.1985,7.1985,7.1985,7.1985,7.1985,7.1985,7.1985,7.1985,7.1985,7.1985,7.1985,7.1985,7.1985,7.1985,7.1985,7.1985,7.1985,7.1985,7.1985,7.1985,7.1985,7.1985,7.1985,7.1985,7.1985,7.1985,7.1985,7.1985,7.1985,7.1985,7.1985,7.1985,7.1985,7.1985,7.1985,7.1985,7.1985,7.1985,7.1985,7.1985,7.1985,7.1985,7.1985,7.1985,7.1985,7.1985,7.1985,7.1985,7.1985,7.1985,7.1985,7.1985,7.1985,7.1985,7.1985,7.1985,7.1985,7.1985
7.1935,7.1935,7.1935,7.1935,7.1935,7.1935,7.1935,7.1935,7.1935,7.1935,7.1935,7.1935,7.1935,7.1935,7.1935,7.1935,7.1935,7.1935,7.1935,7.1935,7.1935,7.1935,7.1935,7.1935,7.1935,7.1935,7.1935,7.1935,7.1935,7.1935,7.1935,7.1935,7.1935,7.1935,7.1935,7.1935,7.1935,7.1935,7.1935,7.1935,7.1935,7.1935,7.1935,7.1935,7.1935,7.1935,7.1935,7.1935,7.1935,7.1935,7.1935,7.1935,7.1935,7.1935,7.1935,7.1935,7.1935,7.1935,7.1935,7.1935,7.1935,7.1935,7.1935,7.1935,7.1935,7.1935,7.1935,7.1935,7.1935,7.1935,7.1935,7.1935,7.1935,7.1935,7.1935,7.1935,7.1935,7.1935,7.1935,7.1935,7.1935,7.1935,7.1935,7.1935,7.1935,7.1935,7.1935,7.1935,7.1935,7.1935,7.1935,7.1935,7.1935,7.1935,7.1935,7.1935,7.1935,7.1935,7.1935,7.1935,7.1935,7.1935,7.1935,7.1935,7.1935,7.1935,7.1935,7.1935,7.1935,7.1935,7.1935,7.1935,7.1935,7.1935,7.1935,7.1935,7.1935,7.1935,7.1935,7.1935,7.1935,7.1935,7.1935,7.1935,7.1935,7.1935,7.1935,7.1935,7.1935,7.1935,7.1935,7.1935,7.1935,7.1935,7.1935,7.1935,7.1935,7.1935,7.1935,7.1935,7.1935,7.1935,7.1935,7.1935,7.1935,7.1935,7.1935,7.1935,7.1935,7.1935,7.1935,7.1935,7.1935,7.1935,7.1935,7.1935,7.1935,7.1935,7.1935,7.1935,7.1935,7.1935,7.1935,7.1935,7.1935,7.1935,7.1935,7.1935,7.1935,7.1935,7.1935,7.1935,7.1935,7.1935,7.1935,7.1935,7.1935,7.1935,7.1935,7.1935,7.1935,7.1935,7.1935,7.1935,7.1935,7.1935,7.1935,7.1935,7.1935,7.1935,7.1935,7.1935,7.1935,7.1935,7.1935,7.1935,7.1935,7.1935,7.1935,7.1935,7.1935,7.1935,7.1935,7.1935,7.1935,7.1935,7.1935,7.1935,7.1935,7.1935,7.1935,7.1935,7.1935,7.1935,7.1935,7.1935,7.1935,7.1935,7.1935,7.1935,7.1935,7.1935,7.1935,7.1935,7.1935,7.1935,7.1935,7.1935,7.1935,7.1935,7.1935,7.1935,7.1935,7.1935,7.1935,7.1935,7.1935,7.1935,7.1935,7.1935,7.1935,7.1935,7.1935,7.1935,7.1935,7.1935,7.1935,7.1935,7.1935,7.1935,7.1935,7.1935,7.1935,7.1935,7.1935,7.1935,7.1935,7.1935,7.1935,7.1935,7.1935,7.1935,7.1935,7.1935,7.1935,7.1935,7.1935,7.1935,7.1935,7.1935,7.1935,7.1935,7.1935,7.1935,7.1935,7.1935,7.1935,7.1935,7.1935,7.1935,7.1935,7.1935,7.1935,7.1935,7.1935,7.1935,7.1935,7.1935,7.1935,7.1935,7.1935,7.1935,7.1935,7.1935,7.1935,7.1935,7.1935,7.1935,7.1935,7.1935,7.1935,7.1935,7.1935,7.1935,7.1935,7.1935,7.1935,7.1935,7.1935,7.1935,7.1935,7.1935,7.1935,7.1935,7.1935,7.1935,7.1935,7.1935,7.1935,7.1935,7.1935,7.1935,7.1935,7.1935,7.1935,7.1935,7.1935,7.1935,7.1935,7.1935,7.1935,7.1935,7.1935,7.1935,7.1935,7.1935,7.1935,7.1935,7.1935,7.1935,7.1935,7.1935,7.1935,7.1935,7.1935,7.1935,7.1935,7.1935,7.1935,7.1935,7.1935,7.1935,7.1935,7.1935,7.1935,7.1935,7.1935,7.1935,7.1935,7.1935,7.1935,7.1935,7.1935,7.1935,7.1935,7.1935,7.1935,7.1935,7.1935,7.1935,7.1935,7.1935,7.1935,7.1935,7.1935,7.1935,7.1935,7.1935,7.1935,7.1935,7.1935,7.1935,7.1935,7.1935,7.1935,7.1935,7.1935,7.1935,7.1935,7.1935,7.1935,7.1935,7.1935,7.1935,7.1935,7.1935,7.1935,7.1935,7.1935,7.1935,7.1935,7.1935,7.1935,7.1935,7.1935,7.1935,7.1935,6.1865,6.1602,6.1379,6.1158,6.0930,6.0676,6.0534,6.0425,6.0317,6.0213,6.0135,6.0058,5.9981,5.9904,5.9829,5.9752,5.9680,5.9608,5.9536,5.9460,5.9387,5.9311,5.9238,5.9163,5.9088,5.9015,5.8941,5.8875,5.8831,5.8794,5.8768,5.8743,5.8716,5.8690,5.8663,5.8636,5.8612,5.8585,5.8559,5.8532,5.8508,5.8481,5.8455,5.8428,5.8404,5.8379,5.8351,5.8325,5.8300,5.8274,5.8248,5.8222,5.8195,5.8169,5.8143,5.8117,5.8091,5.8069,5.8057,5.8042,5.8030,5.8016,5.8002,5.7994,5.7994,5.7994,5.7994,5.7994,5.7994,5.7994,5.7994,5.7994,5.7994,5.7996,5.7996,5.7996,5.7996,5.7996,5.7996,5.7996,5.7996,5.7996,5.7996,5.7996,5.7994,5.7992,5.7990,5.7988,5.7986,5.7984,5.7982,5.7990,5.8000,5.8010,5.8020,5.8030,5.8040,5.8050,5.8061,5.8071,5.8083,5.8103,5.8125,5.8145,5.8167,5.8187,5.8207,5.8228,5.8248,5.8268,5.8286,5.8306,5.8327,5.8347,5.8365,5.8385,5.8406,5.8424,5.8444,5.8465,5.8485,5.8508,5.8528,5.8548,5.8575,5.8612,5.8651,5.8687,5.8724,5.8763,5.8800,5.8838,5.8877,5.8914,5.8968,5.9028,5.9086,5.9144,5.9205,5.9263,5.9324,5.9383,5.9441,5.9503,5.9562,5.9621,5.9682,5.9767,5.9865,5.9964,6.0064,6.0166,6.0265,6.0367,6.0467,6.0569,6.0670,6.0808,6.1005,6.2129,7.1935,7.1935,7.1935,7.1935,7.1935,7.1935,7.1935,7.1935,7.1935,7.1935,7.1935,7.1935,7.1935,7.1935,7.1935,7.1935,7.1935,7.1935,7.1935,7.1935,7.1935,7.1935,7.1935,7.1935,7.1935,7.1935,7.1935,7.1935,7.1935,7.1935,7.1935,7.1935,7.1935,7.1935,7.1935,7.1935,7.1935,7.1935,7.1935,7.1935,7.1935,7.1935,7.1935,7.1935,7.1935,7.1935,7.1935,7.1935,7.1935,7.1935,7.1935,7.1935,7.1935,7.1935,7.1935,7.1935,7.1935,7.1935,7.1935,7.1935,7.1935,7.1935,7.1935,7.1935,7.1935,7.1935,7.1935,7.1935,7.1935,7.1935,7.1935,7.1935,7.1935,7.1935,7.1935,7.1935,7.1935,7.1935,7.1935,7.1935,7.1935,7.1935,7.1935,7.1935,7.1935,7.1935,7.1935,7.1935,7.1935,7.1935,7.1935,7.1935,7.1935,7.1935,7.1935,7.1935,7.1935,7.1935,7.1935,7.1935,7.1935,7.1935,7.1935,7.1935,7.1935,7.1935,7.1935,7.1935,7.1935,7.1935,7.1935,7.1935,7.1935,7.1935,7.1935,7.1935,7.1935,7.1935,7.1935,7.1935,7.1935,7.1935,7.1935,7.1935,7.1935,7.1935,7.1935,7.1935,7.1935,7.1935,7.1935,7.1935,7.1935,7.1935,7.1935,7.1935,7.1935,7.1935,7.1935,7.1935,7.1935,7.1935,7.1935,7.1935,7.1935,7.1935,7.1935,7.1935,7.1935,7.1935,7.1935,7.1935,7.1935,7.1935,7.1935,7.1935,7.1935,7.1935,7.1935,7.1935,7.1935,7.1935,7.1935,7.1935,7.1935,7.1935,7.1935,7.1935,7.1935,7.1935,7.1935,7.1935,7.1935,7.1935,7.1935,7.1935,7.1935,7.1935,7.1935,7.1935,7.1935,7.1935,7.1935,7.1935,7.1935,7.1935,7.1935,7.1935,7.1935,7.1935,7.1935,7.1935,7.1935,7.1935,7.1935,7.1935,7.1935,7.1935,7.1935,7.1935,7.1935,7.1935,7.1935,7.1935,7.1935,7.1935,7.1935,7.1935,7.1935,7.1935,7.1935,7.1935,7.1935,7.1935,7.1935,7.1935,7.1935,7.1935,7.1935,7.1935,7.1935,7.1935,7.1935,7.1935,7.1935,7.1935,7.1935,7.1935,7.1935,7.1935,7.1935,7.1935,7.1935,7.1935,7.1935,7.1935,7.1935,7.1935,7.1935,7.1935,7.1935,7.1935,7.1935,7.1935,7.1935,7.1935,7.1935,7.1935,7.1935,7.1935,7.1935,7.1935,7.1935,7.1935,7.1935,7.1935,7.1935,7.1935,7.1935,7.1935,7.1935,7.1935,7.1935,7.1935,7.1935,7.1935,7.1935,7.1935,7.1935,7.1935,7.1935,7.1935,7.1935,7.1935,7.1935,7.1935,7.1935,7.1935,7.1935,7.1935,7.1935,7.1935,7.1935,7.1935,7.1935,7.1935,7.1935,7.1935,7.1935,7.1935,7.1935,7.1935,7.1935,7.1935,7.1935,7.1935,7.1935,7.1935,7.1935,7.1935,7.1935,7.1935,7.1935,7.1935,7.1935,7.1935,7.1935,7.1935,7.1935,7.1935,7.1935,7.1935,7.1935,7.1935,7.1935,7.1935,7.1935,7.1935,7.1935,7.1935,7.1935,7.1935,7.1935,7.1935,7.1935,7.1935,7.1935,7.1935,7.1935,7.1935,7.1935,7.1935,7.1935,7.1935,7.1935,7.1935,7.1935,7.1935,7.1935,7.1935,7.1935,7.1935,7.1935,7.1935,7.1935,7.1935,7.1935,7.1935,7.1935,7.1935,7.1935,7.1935,7.1935,7.1935,7.1935,7.1935,7.1935,7.1935,7.1935,7.1935,7.1935,7.1935,7.1935,7.1935,7.1935,7.1935,7.1935,7.1935,7.1935,7.1935,7.1935,7.1935,7.1935,7.1935,7.1935,7.1935,7.1935,7.1935,7.1935,7.1935,7.1935,7.1935,7.1935,7.1935,7.1935,7.1935,7.1935,7.1935,7.1935,7.1935,7.1935,7.1935,7.1935
7.1877,7.1877,7.1877,7.1877,7.1877,7.1877,7.1877,7.1877,7.1877,7.1877,7.1877,7.1877,7.1877,7.1877,7.1877,7.1877,7.1877,7.1877,7.1877,7.1877,7.1877,7.1877,7.1877,7.1877,7.1877,7.1877,7.1877,7.1877,7.1877,7.1877,7.1877,7.1877,7.1877,7.1877,7.1877,7.1877,7.1877,7.1877,7.1877,7.1877,7.1877,7.1877,7.1877,7.1877,7.1877,7.1877,7.1877,7.1877,7.1877,7.1877,7.1877,7.1877,7.1877,7.1877,7.1877,7.1877,7.1877,7.1877,7.1877,7.1877,7.1877,7.1877,7.1877,7.1877,7.1877,7.1877,7.1877,7.1877,7.1877,7.1877,7.1877,7.1877,7.1877,7.1877,7.1877,7.1877,7.1877,7.1877,7.1877,7.1877,7.1877,7.1877,7.1877,7.1877,7.1877,7.1877,7.1877,7.1877,7.1877,7.1877,7.1877,7.1877,7.1877,7.1877,7.1877,7.1877,7.1877,7.1877,7.1877,7.1877,7.1877,7.1877,7.1877,7.1877,7.1877,7.1877,7.1877,7.1877,7.1877,7.1877,7.1877,7.1877,7.1877,7.1877,7.1877,7.1877,7.1877,7.1877,7.1877,7.1877,7.1877,7.1877,7.1877,7.1877,7.1877,7.1877,7.1877,7.1877,7.1877,7.1877,7.1877,7.1877,7.1877,7.1877,7.1877,7.1877,7.1877,7.1877,7.1877,7.1877,7.1877,7.1877,7.1877,7.1877,7.1877,7.1877,7.1877,7.1877,7.1877,7.1877,7.1877,7.1877,7.1877,7.1877,7.1877,7.1877,7.1877,7.1877,7.1877,7.1877,7.1877,7.1877,7.1877,7.1877,7.1877,7.1877,7.1877,7.1877,7.1877,7.1877,7.1877,7.1877,7.1877,7.1877,7.1877,7.1877,7.1877,7.1877,7.1877,7.1877,7.1877,7.1877,7.1877,7.1877,7.1877,7.1877,7.1877,7.1877,7.1877,7.1877,7.1877,7.1877,7.1877,7.1877,7.1877,7.1877,7.1877,7.1877,7.1877,7.1877,7.1877,7.1877,7.1877,7.1877,7.1877,7.1877,7.1877,7.1877,7.1877,7.1877,7.1877,7.1877,7.1877,7.1877,7.1877,7.1877,7.1877,7.1877,7.1877,7.1877,7.1877,7.1877,7.1877,7.1877,7.1877,7.1877,7.1877,7.1877,7.1877,7.1877,7.1877,7.1877,7.1877,7.1877,7.1877,7.1877,7.1877,7.1877,7.1877,7.1877,7.1877,7.1877,7.1877,7.1877,7.1877,7.1877,7.1877,7.1877,7.1877,7.1877,7.1877,7.1877,7.1877,7.1877,7.1877,7.1877,7.1877,7.1877,7.1877,7.1877,7.1877,7.1877,7.1877,7.1877,7.1877,7.1877,7.1877,7.1877,7.1877,7.1877,7.1877,7.1877,7.1877,7.1877,7.1877,7.1877,7.1877,7.1877,7.1877,7.1877,7.1877,7.1877,7.1877,7.1877,7.1877,7.1877,7.1877,7.1877,7.1877,7.1877,7.1877,7.1877,7.1877,7.1877,7.1877,7.1877,7.1877,7.1877,7.1877,7.1877,7.1877,7.1877,7.1877,7.1877,7.1877,7.1877,7.1877,7.1877,7.1877,7.1877,7.1877,7.1877,7.1877,7.1877,7.1877,7.1877,7.1877,7.1877,7.1877,7.1877,7.1877,7.1877,7.1877,7.1877,7.1877,7.1877,7.1877,7.1877,7.1877,7.1877,7.1877,7.1877,7.1877,7.1877,7.1877,7.1877,7.1877,7.1877,7.1877,7.1877,7.1877,7.1877,7.1877,7.1877,7.1877,7.1877,7.1877,7.1877,7.1877,7.1877,7.1877,7.1877,7.1877,7.1877,7.1877,7.1877,7.1877,7.1877,7.1877,7.1877,7.1877,7.1877,7.1877,7.1877,7.1877,7.1877,7.1877,7.1877,7.1877,7.1877,7.1877,7.1877,7.1877,7.1877,7.1877,7.1877,7.1877,7.1877,7.1877,7.1877,7.1877,7.1877,7.1877,7.1877,7.1877,7.1877,7.1877,7.1877,7.1877,7.1877,7.1877,7.1877,7.1877,7.1877,7.1877,7.1877,7.1877,7.1877,7.1877,7.1877,7.1877,7.1877,7.1877,7.1877,7.1877,7.1877,7.1877,6.1932,6.1663,6.1440,6.1218,6.0998,6.0751,6.0595,6.0486,6.0378,6.0269,6.0176,6.0099,6.0024,5.9946,5.9870,5.9793,5.9721,5.9648,5.9579,5.9505,5.9429,5.9353,5.9280,5.9205,5.9132,5.9057,5.8984,5.8918,5.8877,5.8833,5.8798,5.8772,5.8745,5.8718,5.8692,5.8667,5.8640,5.8614,5.8587,5.8561,5.8536,5.8510,5.8483,5.8459,5.8432,5.8410,5.8381,5.8355,5.8331,5.8302,5.8276,5.8250,5.8224,5.8197,5.8173,5.8147,5.8121,5.8101,5.8089,5.8075,5.8063,5.8048,5.8036,5.8022,5.8014,5.8014,5.8014,5.8016,5.8016,5.8016,5.8016,5.8016,5.8016,5.8016,5.8016,5.8016,5.8016,5.8016,5.8016,5.8016,5.8016,5.8016,5.8018,5.8018,5.8016,5.8014,5.8012,5.8010,5.8008,5.8006,5.8010,5.8020,5.8030,5.8040,5.8050,5.8061,5.8071,5.8081,5.8091,5.8101,5.8111,5.8129,5.8149,5.8171,5.8191,5.8213,5.8232,5.8252,5.8272,5.8290,5.8310,5.8331,5.8351,5.8371,5.8392,5.8412,5.8428,5.8448,5.8469,5.8489,5.8510,5.8530,5.8550,5.8571,5.8610,5.8646,5.8683,5.8722,5.8759,5.8796,5.8835,5.8873,5.8910,5.8949,5.8995,5.9053,5.9113,5.9171,5.9230,5.9290,5.9349,5.9410,5.9469,5.9530,5.9589,5.9651,5.9716,5.9812,5.9910,6.0009,6.0107,6.0207,6.0308,6.0408,6.0510,6.0613,6.0714,6.0841,6.1040,7.1871,7.1871,7.1871,7.1871,7.1871,7.1871,7.1871,7.1871,7.1871,7.1871,7.1871,7.1871,7.1871,7.1871,7.1871,7.1871,7.1871,7.1871,7.1871,7.1871,7.1871,7.1871,7.1871,7.1871,7.1871,7.1871,7.1871,7.1871,7.1871,7.1871,7.1871,7.1871,7.1871,7.1871,7.1871,7.1871,7.1871,7.1871,7.1871,7.1871,7.1871,7.1871,7.1871,7.1871,7.1871,7.1871,7.1871,7.1871,7.1871,7.1871,7.1871,7.1871,7.1871,7.1871,7.1871,7.1871,7.1871,7.1871,7.1871,7.1871,7.1871,7.1871,7.1871,7.1871,7.1871,7.1871,7.1871,7.1871,7.1871,7.1871,7.1871,7.1871,7.1871,7.1871,7.1871,7.1871,7.1871,7.1871,7.1871,7.1871,7.1871,7.1871,7.1871,7.1871,7.1871,7.1871,7.1871,7.1871,7.1871,7.1871,7.1871,7.1871,7.1871,7.1871,7.1871,7.1871,7.1871,7.1871,7.1871,7.1871,7.1871,7.1871,7.1871,7.1871,7.1871,7.1871,7.1871,7.1871,7.1871,7.1871,7.1871,7.1871,7.1871,7.1871,7.1871,7.1871,7.1871,7.1871,7.1871,7.1871,7.1871,7.1871,7.1871,7.1871,7.1871,7.1871,7.1871,7.1871,7.1871,7.1871,7.1871,7.1871,7.1871,7.1871,7.1871,7.1871,7.1871,7.1871,7.1871,7.1871,7.1871,7.1871,7.1871,7.1871,7.1871,7.1871,7.1871,7.1871,7.1871,7.1871,7.1871,7.1871,7.1871,7.1871,7.1871,7.1871,7.1871,7.1871,7.1871,7.1871,7.1871,7.1871,7.1871,7.1871,7.1871,7.1871,7.1871,7.1871,7.1871,7.1871,7.1871,7.1871,7.1871,7.1871,7.1871,7.1871,7.1871,7.1871,7.1871,7.1871,7.1871,7.1871,7.1871,7.1871,7.1871,7.1871,7.1871,7.1871,7.1871,7.1871,7.1871,7.1871,7.1871,7.1871,7.1871,7.1871,7.1871,7.1871,7.1871,7.1871,7.1871,7.1871,7.1871,7.1871,7.1871,7.1871,7.1871,7.1871,7.1871,7.1871,7.1871,7.1871,7.1871,7.1871,7.1871,7.1871,7.1871,7.1871,7.1871,7.1871,7.1871,7.1871,7.1871,7.1871,7.1871,7.1871,7.1871,7.1871,7.1871,7.1871,7.1871,7.1871,7.1871,7.1871,7.1871,7.1871,7.1871,7.1871,7.1871,7.1871,7.1871,7.1871,7.1871,7.1871,7.1871,7.1871,7.1871,7.1871,7.1871,7.1871,7.1871,7.1871,7.1871,7.1871,7.1871,7.1871,7.1871,7.1871,7.1871,7.1871,7.1871,7.1871,7.1871,7.1871,7.1871,7.1871,7.1871,7.1871,7.1871,7.1871,7.1871,7.1871,7.1871,7.1871,7.1871,7.1871,7.1871,7.1871,7.1871,7.1871,7.1871,7.1871,7.1871,7.1871,7.1871,7.1871,7.1871,7.1871,7.1871,7.1871,7.1871,7.1871,7.1871,7.1871,7.1871,7.1871,7.1871,7.1871,7.1871,7.1871,7.1871,7.1871,7.1871,7.1871,7.1871,7.1871,7.1871,7.1871,7.1871,7.1871,7.1871,7.1871,7.1871,7.1871,7.1871,7.1871,7.1871,7.1871,7.1871,7.1871,7.1871,7.1871,7.1871,7.1871,7.1871,7.1871,7.1871,7.1871,7.1871,7.1871,7.1871,7.1871,7.1871,7.1871,7.1871,7.1871,7.1871,7.1871,7.1871,7.1871,7.1871,7.1871,7.1871,7.1871,7.1871,7.1871,7.1871,7.1871,7.1871,7.1871,7.1871,7.1871,7.1871,7.1871,7.1871,7.1871,7.1871,7.1871,7.1871,7.1871,7.1871,7.1871,7.1871,7.1871,7.1871,7.1871,7.1871,7.1871,7.1871,7.1871,7.1871,7.1871,7.1871,7.1871,7.1871,7.1871,7.1871,7.1871,7.1871,7.1871,7.1871,7.1871,7.1871,7.1871,7.1871,7.1871,7.1871,7.1871,7.1871,7.1871,7.1871,7.1871,7.1871,7.1871
7.1812,7.1812,7.1812,7.1812,7.1812,7.1812,7.1812,7.1812,7.1812,7.1812,7.1812,7.1812,7.1812,7.1812,7.1812,7.1812,7.1812,7.1812,7.1812,7.1812,7.1812,7.1812,7.1812,7.1812,7.1812,7.1812,7.1812,7.1812,7.1812,7.1812,7.1812,7.1812,7.1812,7.1812,7.1812,7.1812,7.1812,7.1812,7.1812,7.1812,7.1812,7.1812,7.1812,7.1812,7.1812,7.1812,7.1812,7.1812,7.1812,7.1812,7.1812,7.1812,7.1812,7.1812,7.1812,7.1812,7.1812,7.1812,7.1812,7.1812,7.1812,7.1812,7.1812,7.1812,7.1812,7.1812,7.1812,7.1812,7.1812,7.1812,7.1812,7.1812,7.1812,7.1812,7.1812,7.1812,7.1812,7.1812,7.1812,7.1812,7.1812,7.1812,7.1812,7.1812,7.1812,7.1812,7.1812,7.1812,7.1812,7.1812,7.1812,7.1812,7.1812,7.1812,7.1812,7.1812,7.1812,7.1812,7.1812,7.1812,7.1812,7.1812,7.1812,7.1812,7.1812,7.1812,7.1812,7.1812,7.1812,7.1812,7.1812,7.1812,7.1812,7.1812,7.1812,7.1812,7.1812,7.1812,7.1812,7.1812,7.1812,7.1812,7.1812,7.1812,7.1812,7.1812,7.1812,7.1812,7.1812,7.1812,7.1812,7.1812,7.1812,7.1812,7.1812,7.1812,7.1812,7.1812,7.1812,7.1812,7.1812,7.1812,7.1812,7.1812,7.1812,7.1812,7.1812,7.1812,7.1812,7.1812,7.1812,7.1812,7.1812,7.1812,7.1812,7.1812,7.1812,7.1812,7.1812,7.1812,7.1812,7.1812,7.1812,7.1812,7.1812,7.1812,7.1812,7.1812,7.1812,7.1812,7.1812,7.1812,7.1812,7.1812,7.1812,7.1812,7.1812,7.1812,7.1812,7.1812,7.1812,7.1812,7.1812,7.1812,7.1812,7.1812,7.1812,7.1812,7.1812,7.1812,7.1812,7.1812,7.1812,7.1812,7.1812,7.1812,7.1812,7.1812,7.1812,7.1812,7.1812,7.1812,7.1812,7.1812,7.1812,7.1812,7.1812,7.1812,7.1812,7.1812,7.1812,7.1812,7.1812,7.1812,7.1812,7.1812,7.1812,7.1812,7.1812,7.1812,7.1812,7.1812,7.1812,7.1812,7.1812,7.1812,7.1812,7.1812,7.1812,7.1812,7.1812,7.1812,7.1812,7.1812,7.1812,7.1812,7.1812,7.1812,7.1812,7.1812,7.1812,7.1812,7.1812,7.1812,7.1812,7.1812,7.1812,7.1812,7.1812,7.1812,7.1812,7.1812,7.1812,7.1812,7.1812,7.1812,7.1812,7.1812,7.1812,7.1812,7.1812,7.1812,7.1812,7.1812,7.1812,7.1812,7.1812,7.1812,7.1812,7.1812,7.1812,7.1812,7.1812,7.1812,7.1812,7.1812,7.1812,7.1812,7.1812,7.1812,7.1812,7.1812,7.1812,7.1812,7.1812,7.1812,7.1812,7.1812,7.1812,7.1812,7.1812,7.1812,7.1812,7.1812,7.1812,7.1812,7.1812,7.1812,7.1812,7.1812,7.1812,7.1812,7.1812,7.1812,7.1812,7.1812,7.1812,7.1812,7.1812,7.1812,7.1812,7.1812,7.1812,7.1812,7.1812,7.1812,7.1812,7.1812,7.1812,7.1812,7.1812,7.1812,7.1812,7.1812,7.1812,7.1812,7.1812,7.1812,7.1812,7.1812,7.1812,7.1812,7.1812,7.1812,7.1812,7.1812,7.1812,7.1812,7.1812,7.1812,7.1812,7.1812,7.1812,7.1812,7.1812,7.1812,7.1812,7.1812,7.1812,7.1812,7.1812,7.1812,7.1812,7.1812,7.1812,7.1812,7.1812,7.1812,7.1812,7.1812,7.1812,7.1812,7.1812,7.1812,7.1812,7.1812,7.1812,7.1812,7.1812,7.1812,7.1812,7.1812,7.1812,7.1812,7.1812,7.1812,7.1812,7.1812,7.1812,7.1812,7.1812,7.1812,7.1812,7.1812,7.1812,7.1812,7.1812,7.1812,7.1812,7.1812,7.1812,7.1812,7.1812,7.1812,7.1812,7.1812,7.1812,7.1812,7.1812,7.1812,7.1812,7.1812,7.1812,7.1812,7.1812,7.1812,7.1812,7.1812,6.1725,6.1501,6.1279,6.1058,6.0826,6.0657,6.0547,6.0438,6.0330,6.0224,6.0140,6.0062,5.9987,5.9910,5.9833,5.9761,5.9689,5.9619,5.9547,5.9471,5.9397,5.9322,5.9246,5.9173,5.9098,5.9026,5.8964,5.8920,5.8877,5.8833,5.8800,5.8774,5.8747,5.8722,5.8696,5.8669,5.8642,5.8616,5.8591,5.8565,5.8538,5.8512,5.8487,5.8461,5.8436,5.8410,5.8385,5.8357,5.8333,5.8306,5.8280,5.8254,5.8228,5.8201,5.8175,5.8149,5.8135,5.8121,5.8107,5.8095,5.8081,5.8069,5.8054,5.8042,5.8036,5.8036,5.8036,5.8036,5.8036,5.8036,5.8036,5.8036,5.8036,5.8036,5.8036,5.8036,5.8038,5.8038,5.8038,5.8038,5.8038,5.8038,5.8038,5.8038,5.8036,5.8034,5.8032,5.8030,5.8030,5.8040,5.8050,5.8061,5.8071,5.8081,5.8091,5.8101,5.8111,5.8121,5.8131,5.8141,5.8153,5.8173,5.8195,5.8218,5.8236,5.8256,5.8276,5.8296,5.8315,5.8335,5.8355,5.8373,5.8394,5.8414,5.8434,5.8453,5.8473,5.8493,5.8514,5.8534,5.8554,5.8575,5.8606,5.8642,5.8681,5.8718,5.8755,5.8794,5.8831,5.8868,5.8908,5.8945,5.8982,5.9022,5.9080,5.9140,5.9198,5.9259,5.9318,5.9376,5.9437,5.9496,5.9557,5.9617,5.9678,5.9761,5.9859,5.9957,6.0056,6.0153,6.0250,6.0349,6.0451,6.0554,6.0654,6.0758,6.0877,6.1076,7.1812,7.1812,7.1812,7.1812,7.1812,7.1812,7.1812,7.1812,7.1812,7.1812,7.1812,7.1812,7.1812,7.1812,7.1812,7.1812,7.1812,7.1812,7.1812,7.1812,7.1812,7.1812,7.1812,7.1812,7.1812,7.1812,7.1812,7.1812,7.1812,7.1812,7.1812,7.1812,7.1812,7.1812,7.1812,7.1812,7.1812,7.1812,7.1812,7.1812,7.1812,7.1812,7.1812,7.1812,7.1812,7.1812,7.1812,7.1812,7.1812,7.1812,7.1812,7.1812,7.1812,7.1812,7.1812,7.1812,7.1812,7.1812,7.1812,7.1812,7.1812,7.1812,7.1812,7.1812,7.1812,7.1812,7.1812,7.1812,7.1812,7.1812,7.1812,7.1812,7.1812,7.1812,7.1812,7.1812,7.1812,7.1812,7.1812,7.1812,7.1812,7.1812,7.1812,7.1812,7.1812,7.1812,7.1812,7.1812,7.1812,7.1812,7.1812,7.1812,7.1812,7.1812,7.1812,7.1812,7.1812,7.1812,7.1812,7.1812,7.1812,7.1812,7.1812,7.1812,7.1812,7.1812,7.1812,7.1812,7.1812,7.1812,7.1812,7.1812,7.1812,7.1812,7.1812,7.1812,7.1812,7.1812,7.1812,7.1812,7.1812,7.1812,7.1812,7.1812,7.1812,7.1812,7.1812,7.1812,7.1812,7.1812,7.1812,7.1812,7.1812,7.1812,7.1812,7.1812,7.1812,7.1812,7.1812,7.1812,7.1812,7.1812,7.1812,7.1812,7.1812,7.1812,7.1812,7.1812,7.1812,7.1812,7.1812,7.1812,7.1812,7.1812,7.1812,7.1812,7.1812,7.1812,7.1812,7.1812,7.1812,7.1812,7.1812,7.1812,7.1812,7.1812,7.1812,7.1812,7.1812,7.1812,7.1812,7.1812,7.1812,7.1812,7.1812,7.1812,7.1812,7.1812,7.1812,7.1812,7.1812,7.1812,7.1812,7.1812,7.1812,7.1812,7.1812,7.1812,7.1812,7.1812,7.1812,7.1812,7.1812,7.1812,7.1812,7.1812,7.1812,7.1812,7.1812,7.1812,7.1812,7.1812,7.1812,7.1812,7.1812,7.1812,7.1812,7.1812,7.1812,7.1812,7.1812,7.1812,7.1812,7.1812,7.1812,7.1812,7.1812,7.1812,7.1812,7.1812,7.1812,7.1812,7.1812,7.1812,7.1812,7.1812,7.1812,7.1812,7.1812,7.1812,7.1812,7.1812,7.1812,7.1812,7.1812,7.1812,7.1812,7.1812,7.1812,7.1812,7.1812,7.1812,7.1812,7.1812,7.1812,7.1812,7.1812,7.1812,7.1812,7.1812,7.1812,7.1812,7.1812,7.1812,7.1812,7.1812,7.1812,7.1812,7.1812,7.1812,7.1812,7.1812,7.1812,7.1812,7.1812,7.1818,7.1818,7.1818,7.1818,7.1818,7.1818,7.1818,7.1818,7.1818,7.1818,7.1818,7.1818,7.1818,7.1818,7.1818,7.1818,7.1818,7.1818,7.1818,7.1818,7.1818,7.1818,7.1818,7.1818,7.1818,7.1818,7.1818,7.1818,7.1818,7.1818,7.1818,7.1818,7.1818,7.1818,7.1818,7.1818,7.1818,7.1818,7.1818,7.1818,7.1818,7.1818,7.1818,7.1818,7.1818,7.1818,7.1818,7.1818,7.1818,7.1818,7.1818,7.1818,7.1818,7.1818,7.1818,7.1818,7.1818,7.1818,7.1818,7.1818,7.1818,7.1818,7.1818,7.1818,7.1818,7.1818,7.1818,7.1818,7.1818,7.1818,7.1818,7.1818,7.1818,7.1818,7.1818,7.1818,7.1818,7.1818,7.1818,7.1818,7.1818,7.1818,7.1818,7.1818,7.1818,7.1818,7.1818,7.1818,7.1818,7.1818,7.1818,7.1818,7.1818,7.1818,7.1818,7.1818,7.1818,7.1818,7.1818,7.1818,7.1818,7.1818,7.1818,7.1818,7.1818,7.1818,7.1818,7.1818,7.1818,7.1818,7.1818,7.1818,7.1818,7.1818,7.1818,7.1818,7.1818,7.1818,7.1818,7.1818,7.1818,7.1818,7.1818,7.1818,7.1818,7.1818,7.1818,7.1818,7.1818
7.1760,7.1760,7.1760,7.1760,7.1760,7.1760,7.1760,7.1760,7.1760,7.1760,7.1760,7.1760,7.1760,7.1760,7.1760,7.1760,7.1760,7.1760,7.1760,7.1760,7.1760,7.1760,7.1760,7.1760,7.1760,7.1760,7.1760,7.1760,7.1760,7.1760,7.1760,7.1760,7.1760,7.1760,7.1760,7.1760,7.1760,7.1760,7.1760,7.1760,7.1760,7.1760,7.1760,7.1760,7.1760,7.1760,7.1760,7.1760,7.1760,7.1760,7.1760,7.1760,7.1760,7.1760,7.1760,7.1760,7.1760,7.1760,7.1760,7.1760,7.1760,7.1760,7.1760,7.1760,7.1760,7.1760,7.1760,7.1760,7.1760,7.1760,7.1760,7.1760,7.1760,7.1760,7.1760,7.1760,7.1760,7.1760,7.1760,7.1760,7.1760,7.1760,7.1760,7.1760,7.1760,7.1760,7.1760,7.1760,7.1760,7.1760,7.1760,7.1760,7.1760,7.1760,7.1760,7.1760,7.1760,7.1760,7.1760,7.1760,7.1760,7.1760,7.1760,7.1760,7.1760,7.1760,7.1760,7.1760,7.1760,7.1760,7.1760,7.1760,7.1760,7.1760,7.1760,7.1760,7.1760,7.1760,7.1760,7.1760,7.1760,7.1760,7.1760,7.1760,7.1760,7.1760,7.1760,7.1760,7.1760,7.1760,7.1760,7.1760,7.1760,7.1760,7.1760,7.1760,7.1760,7.1760,7.1760,7.1760,7.1760,7.1760,7.1760,7.1760,7.1760,7.1760,7.1760,7.1760,7.1760,7.1760,7.1760,7.1760,7.1760,7.1760,7.1760,7.1760,7.1760,7.1760,7.1760,7.1760,7.1760,7.1760,7.1760,7.1760,7.1760,7.1760,7.1760,7.1760,7.1760,7.1760,7.1760,7.1760,7.1760,7.1760,7.1760,7.1760,7.1760,7.1760,7.1760,7.1760,7.1760,7.1760,7.1760,7.1760,7.1760,7.1760,7.1760,7.1760,7.1760,7.1760,7.1760,7.1760,7.1760,7.1760,7.1760,7.1760,7.1760,7.1760,7.1760,7.1760,7.1760,7.1760,7.1760,7.1760,7.1760,7.1760,7.1760,7.1760,7.1760,7.1760,7.1760,7.1760,7.1760,7.1760,7.1760,7.1760,7.1760,7.1760,7.1760,7.1760,7.1760,7.1760,7.1760,7.1760,7.1760,7.1760,7.1760,7.1760,7.1760,7.1760,7.1760,7.1760,7.1760,7.1760,7.1760,7.1760,7.1760,7.1760,7.1760,7.1760,7.1760,7.1760,7.1760,7.1760,7.1760,7.1760,7.1760,7.1760,7.1760,7.1760,7.1760,7.1760,7.1760,7.1760,7.1760,7.1760,7.1760,7.1760,7.1760,7.1760,7.1760,7.1760,7.1760,7.1760,7.1760,7.1760,7.1760,7.1760,7.1760,7.1760,7.1760,7.1760,7.1760,7.1760,7.1760,7.1760,7.1760,7.1760,7.1760,7.1760,7.1760,7.1760,7.1760,7.1760,7.1760,7.1760,7.1760,7.1760,7.1760,7.1760,7.1760,7.1760,7.1760,7.1760,7.1760,7.1760,7.1760,7.1760,7.1760,7.1760,7.1760,7.1760,7.1760,7.1760,7.1760,7.1760,7.1760,7.1760,7.1760,7.1760,7.1760,7.1760,7.1760,7.1760,7.1760,7.1760,7.1760,7.1760,7.1760,7.1760,7.1760,7.1760,7.1760,7.1760,7.1760,7.1760,7.1760,7.1760,7.1760,7.1760,7.1760,7.1760,7.1760,7.1760,7.1760,7.1760,7.1760,7.1760,7.1760,7.1760,7.1760,7.1760,7.1760,7.1760,7.1760,7.1760,7.1760,7.1760,7.1760,7.1760,7.1760,7.1760,7.1760,7.1760,7.1760,7.1760,7.1760,7.1760,7.1760,7.1760,7.1760,7.1760,7.1760,7.1760,7.1760,7.1760,7.1760,7.1760,7.1760,7.1760,7.1760,7.1760,7.1760,7.1760,7.1760,7.1760,7.1760,7.1760,7.1760,7.1760,7.1760,7.1760,7.1760,7.1760,7.1760,7.1760,7.1760,7.1760,7.1760,7.1760,7.1760,7.1760,7.1760,7.1760,7.1760,7.1760,7.1760,7.1760,7.1760,7.1760,7.1760,7.1760,7.1760,7.1760,7.1760,7.1760,7.1760,7.1760,6.1788,6.1564,6.1341,6.1120,6.0899,6.0718,6.0608,6.0499,6.0393,6.0284,6.0181,6.0105,6.0028,5.9951,5.9874,5.9801,5.9731,5.9659,5.9589,5.9513,5.9439,5.9364,5.9290,5.9215,5.9142,5.9067,5.9007,5.8964,5.8920,5.8877,5.8833,5.8803,5.8778,5.8751,5.8724,5.8698,5.8671,5.8646,5.8620,5.8593,5.8567,5.8542,5.8516,5.8489,5.8465,5.8438,5.8414,5.8390,5.8363,5.8337,5.8308,5.8282,5.8256,5.8230,5.8205,5.8179,5.8167,5.8153,5.8141,5.8127,5.8113,5.8101,5.8087,5.8075,5.8061,5.8057,5.8057,5.8057,5.8057,5.8057,5.8057,5.8059,5.8059,5.8059,5.8059,5.8059,5.8059,5.8059,5.8059,5.8059,5.8059,5.8059,5.8059,5.8059,5.8061,5.8059,5.8057,5.8054,5.8061,5.8071,5.8081,5.8091,5.8101,5.8111,5.8121,5.8131,5.8141,5.8151,5.8161,5.8171,5.8181,5.8199,5.8220,5.8240,5.8260,5.8280,5.8300,5.8319,5.8339,5.8361,5.8377,5.8398,5.8418,5.8438,5.8457,5.8477,5.8497,5.8516,5.8536,5.8556,5.8577,5.8601,5.8638,5.8677,5.8714,5.8751,5.8790,5.8827,5.8866,5.8904,5.8941,5.8978,5.9017,5.9055,5.9107,5.9167,5.9226,5.9286,5.9345,5.9406,5.9465,5.9524,5.9585,5.9644,5.9712,5.9808,5.9906,6.0002,6.0101,6.0198,6.0297,6.0395,6.0495,6.0595,6.0698,6.0799,6.0910,6.1938,7.1760,7.1760,7.1760,7.1760,7.1760,7.1760,7.1760,7.1760,7.1760,7.1760,7.1760,7.1760,7.1760,7.1760,7.1760,7.1760,7.1760,7.1760,7.1760,7.1760,7.1760,7.1760,7.1760,7.1760,7.1760,7.1760,7.1760,7.1760,7.1760,7.1760,7.1760,7.1760,7.1760,7.1760,7.1760,7.1760,7.1760,7.1760,7.1760,7.1760,7.1760,7.1760,7.1760,7.1760,7.1760,7.1760,7.1760,7.1760,7.1760,7.1760,7.1760,7.1760,7.1760,7.1760,7.1760,7.1760,7.1760,7.1760,7.1760,7.1760,7.1760,7.1760,7.1760,7.1760,7.1760,7.1760,7.1760,7.1760,7.1760,7.1760,7.1760,7.1760,7.1760,7.1760,7.1760,7.1754,7.1754,7.1754,7.1754,7.1754,7.1754,7.1754,7.1754,7.1754,7.1754,7.1754,7.1754,7.1754,7.1754,7.1754,7.1754,7.1754,7.1754,7.1754,7.1754,7.1754,7.1754,7.1754,7.1754,7.1754,7.1754,7.1754,7.1754,7.1754,7.1754,7.1754,7.1754,7.1754,7.1754,7.1754,7.1754,7.1754,7.1754,7.1754,7.1754,7.1754,7.1754,7.1754,7.1754,7.1754,7.1754,7.1754,7.1754,7.1754,7.1754,7.1754,7.1754,7.1754,7.1754,7.1754,7.1754,7.1754,7.1754,7.1754,7.1754,7.1754,7.1754,7.1754,7.1754,7.1754,7.1754,7.1754,7.1754,7.1754,7.1754,7.1754,7.1754,7.1754,7.1754,7.1754,7.1754,7.1754,7.1754,7.1754,7.1754,7.1754,7.1754,7.1754,7.1754,7.1754,7.1754,7.1754,7.1754,7.1754,7.1754,7.1754,7.1754,7.1754,7.1754,7.1754,7.1754,7.1754,7.1754,7.1754,7.1754,7.1754,7.1754,7.1754,7.1754,7.1754,7.1754,7.1754,7.1754,7.1754,7.1754,7.1754,7.1754,7.1754,7.1754,7.1754,7.1754,7.1754,7.1754,7.1754,7.1754,7.1754,7.1754,7.1754,7.1754,7.1754,7.1754,7.1754,7.1754,7.1754,7.1754,7.1754,7.1754,7.1754,7.1754,7.1754,7.1754,7.1754,7.1754,7.1754,7.1754,7.1754,7.1754,7.1754,7.1754,7.1754,7.1754,7.1754,7.1754,7.1754,7.1754,7.1754,7.1754,7.1754,7.1754,7.1754,7.1754,7.1754,7.1754,7.1754,7.1754,7.1754,7.1754,7.1754,7.1754,7.1754,7.1754,7.1754,7.1754,7.1754,7.1754,7.1754,7.1754,7.1754,7.1754,7.1754,7.1754,7.1754,7.1754,7.1754,7.1754,7.1754,7.1754,7.1754,7.1754,7.1754,7.1754,7.1754,7.1754,7.1754,7.1754,7.1754,7.1754,7.1754,7.1754,7.1754,7.1754,7.1754,7.1754,7.1754,7.1754,7.1754,7.1754,7.1754,7.1754,7.1754,7.1754,7.1754,7.1754,7.1754,7.1754,7.1754,7.1754,7.1754,7.1754,7.1754,7.1754,7.1754,7.1754,7.1754,7.1754,7.1754,7.1754,7.1754,7.1754,7.1754,7.1754,7.1754,7.1754,7.1754,7.1754,7.1754,7.1754,7.1754,7.1754,7.1754,7.1754,7.1754,7.1754,7.1754,7.1754,7.1754,7.1754,7.1754,7.1754,7.1754,7.1754,7.1754,7.1754,7.1754,7.1754,7.1754,7.1754,7.1754,7.1754,7.1754,7.1754,7.1754,7.1754,7.1754,7.1754,7.1754,7.1754,7.1754,7.1754,7.1754,7.1754,7.1754,7.1754,7.1754,7.1754,7.1754,7.1754,7.1754,7.1754,7.1754,7.1754,7.1754,7.1754,7.1754,7.1754,7.1754,7.1754,7.1754,7.1754,7.1754,7.1754,7.1754,7.1754,7.1754,7.1754,7.1754,7.1754,7.1754,7.1754,7.1754,7.1754,7.1754,7.1754,7.1754,7.1754,7.1754,7.1754,7.1754,7.1754,7.1754,7.1754,7.1754,7.1754,7.1754,7.1754,7.1754,7.1754,7.1754,7.1754,7.1754,7.1754,7.1754,7.1754,7.1754
7.1702,7.1702,7.1702,7.1702,7.1702,7.1702,7.1702,7.1702,7.1702,7.1702,7.1702,7.1702,7.1702,7.1702,7.1702,7.1702,7.1702,7.1702,7.1702,7.1702,7.1702,7.1702,7.1702,7.1702,7.1702,7.1702,7.1702,7.1702,7.1702,7.1702,7.1702,7.1702,7.1702,7.1702,7.1702,7.1702,7.1702,7.1702,7.1702,7.1702,7.1702,7.1702,7.1702,7.1702,7.1702,7.1702,7.1702,7.1702,7.1702,7.1702,7.1702,7.1702,7.1702,7.1702,7.1702,7.1702,7.1702,7.1702,7.1702,7.1702,7.1702,7.1702,7.1702,7.1702,7.1702,7.1702,7.1702,7.1702,7.1702,7.1702,7.1702,7.1702,7.1702,7.1702,7.1702,7.1702,7.1702,7.1702,7.1702,7.1702,7.1702,7.1702,7.1702,7.1702,7.1702,7.1702,7.1702,7.1702,7.1702,7.1702,7.1702,7.1702,7.1702,7.1702,7.1702,7.1702,7.1702,7.1702,7.1702,7.1702,7.1702,7.1702,7.1702,7.1702,7.1702,7.1702,7.1702,7.1702,7.1702,7.1702,7.1702,7.1702,7.1702,7.1702,7.1702,7.1702,7.1702,7.1702,7.1702,7.1702,7.1702,7.1702,7.1702,7.1702,7.1702,7.1702,7.1702,7.1702,7.1702,7.1702,7.1702,7.1702,7.1702,7.1702,7.1702,7.1702,7.1702,7.1702,7.1702,7.1702,7.1702,7.1702,7.1702,7.1702,7.1702,7.1702,7.1702,7.1702,7.1702,7.1702,7.1702,7.1702,7.1702,7.1702,7.1702,7.1702,7.1702,7.1702,7.1702,7.1702,7.1702,7.1702,7.1702,7.1702,7.1702,7.1702,7.1702,7.1702,7.1702,7.1702,7.1702,7.1702,7.1702,7.1702,7.1702,7.1702,7.1702,7.1702,7.1702,7.1702,7.1702,7.1702,7.1702,7.1702,7.1702,7.1702,7.1702,7.1702,7.1702,7.1702,7.1702,7.1702,7.1702,7.1702,7.1702,7.1702,7.1702,7.1702,7.1702,7.1702,7.1702,7.1702,7.1702,7.1702,7.1702,7.1702,7.1702,7.1702,7.1702,7.1702,7.1702,7.1702,7.1702,7.1702,7.1702,7.1702,7.1702,7.1702,7.1702,7.1702,7.1702,7.1702,7.1702,7.1702,7.1702,7.1702,7.1702,7.1702,7.1702,7.1702,7.1702,7.1702,7.1702,7.1702,7.1702,7.1702,7.1702,7.1702,7.1702,7.1702,7.1702,7.1702,7.1702,7.1702,7.1702,7.1702,7.1702,7.1702,7.1702,7.1702,7.1702,7.1702,7.1702,7.1702,7.1702,7.1702,7.1702,7.1702,7.1702,7.1702,7.1702,7.1702,7.1702,7.1702,7.1702,7.1702,7.1702,7.1702,7.1702,7.1702,7.1702,7.1702,7.1702,7.1702,7.1702,7.1702,7.1702,7.1702,7.1702,7.1702,7.1702,7.1702,7.1702,7.1702,7.1702,7.1702,7.1702,7.1702,7.1702,7.1702,7.1702,7.1702,7.1702,7.1702,7.1702,7.1702,7.1702,7.1702,7.1702,7.1702,7.1702,7.1702,7.1702,7.1702,7.1702,7.1702,7.1702,7.1702,7.1702,7.1702,7.1702,7.1702,7.1702,7.1702,7.1702,7.1702,7.1702,7.1702,7.1702,7.1702,7.1702,7.1702,7.1702,7.1702,7.1702,7.1702,7.1702,7.1702,7.1702,7.1702,7.1702,7.1702,7.1702,7.1702,7.1702,7.1702,7.1702,7.1702,7.1702,7.1702,7.1702,7.1702,7.1702,7.1702,7.1702,7.1702,7.1702,7.1702,7.1702,7.1702,7.1702,7.1702,7.1702,7.1702,7.1702,7.1702,7.1702,7.1702,7.1702,7.1702,7.1702,7.1702,7.1702,7.1702,7.1702,7.1702,7.1702,7.1702,7.1702,7.1702,7.1702,7.1702,7.1702,7.1702,7.1702,7.1702,7.1702,7.1702,7.1702,7.1702,7.1702,7.1702,7.1702,7.1702,7.1702,7.1702,7.1702,7.1702,7.1702,7.1702,7.1702,7.1702,7.1702,7.1702,7.1702,7.1702,7.1702,7.1702,7.1702,7.1702,7.1702,7.1702,7.1702,7.1702,7.1702,7.1702,7.1702,7.1702,6.1859,6.1629,6.1404,6.1180,6.0960,6.0780,6.0670,6.0560,6.0454,6.0345,6.0237,6.0146,6.0069,5.9991,5.9914,5.9844,5.9772,5.9699,5.9629,5.9557,5.9481,5.9406,5.9332,5.9257,5.9184,5.9109,5.9051,5.9007,5.8964,5.8920,5.8877,5.8833,5.8807,5.8780,5.8753,5.8726,5.8702,5.8675,5.8649,5.8622,5.8595,5.8571,5.8544,5.8520,5.8493,5.8467,5.8442,5.8418,5.8390,5.8365,5.8339,5.8313,5.8286,5.8260,5.8234,5.8211,5.8199,5.8185,5.8173,5.8159,5.8147,5.8133,5.8119,5.8107,5.8093,5.8081,5.8079,5.8079,5.8079,5.8079,5.8079,5.8079,5.8079,5.8079,5.8079,5.8079,5.8079,5.8079,5.8079,5.8081,5.8081,5.8081,5.8081,5.8081,5.8081,5.8081,5.8079,5.8083,5.8093,5.8101,5.8111,5.8121,5.8131,5.8141,5.8151,5.8161,5.8171,5.8181,5.8191,5.8201,5.8211,5.8224,5.8244,5.8264,5.8284,5.8304,5.8323,5.8345,5.8363,5.8383,5.8402,5.8422,5.8442,5.8461,5.8481,5.8501,5.8522,5.8540,5.8561,5.8581,5.8601,5.8636,5.8673,5.8710,5.8749,5.8786,5.8823,5.8862,5.8899,5.8937,5.8974,5.9013,5.9051,5.9088,5.9134,5.9194,5.9253,5.9313,5.9372,5.9433,5.9492,5.9553,5.9612,5.9674,5.9757,5.9855,5.9951,6.0052,6.0146,6.0245,6.0345,6.0443,6.0543,6.0641,6.0742,6.0843,6.0947,7.1702,7.1702,7.1702,7.1702,7.1702,7.1702,7.1702,7.1702,7.1702,7.1702,7.1702,7.1702,7.1702,7.1702,7.1702,7.1702,7.1702,7.1702,7.1702,7.1702,7.1702,7.1702,7.1702,7.1702,7.1702,7.1702,7.1702,7.1702,7.1702,7.1702,7.1702,7.1702,7.1702,7.1702,7.1702,7.1702,7.1702,7.1702,7.1702,7.1702,7.1702,7.1702,7.1702,7.1702,7.1702,7.1702,7.1702,7.1702,7.1702,7.1702,7.1702,7.1702,7.1702,7.1702,7.1702,7.1702,7.1702,7.1702,7.1702,7.1702,7.1702,7.1702,7.1702,7.1702,7.1702,7.1702,7.1702,7.1702,7.1702,7.1702,7.1702,7.1702,7.1702,7.1702,7.1702,7.1702,7.1702,7.1702,7.1702,7.1702,7.1702,7.1702,7.1702,7.1702,7.1702,7.1702,7.1702,7.1702,7.1702,7.1702,7.1702,7.1702,7.1702,7.1702,7.1702,7.1702,7.1702,7.1702,7.1702,7.1702,7.1702,7.1702,7.1702,7.1702,7.1702,7.1702,7.1702,7.1702,7.1702,7.1702,7.1702,7.1702,7.1702,7.1702,7.1702,7.1702,7.1702,7.1702,7.1702,7.1702,7.1702,7.1702,7.1702,7.1702,7.1702,7.1702,7.1702,7.1702,7.1702,7.1702,7.1702,7.1702,7.1702,7.1702,7.1702,7.1702,7.1702,7.1702,7.1702,7.1702,7.1702,7.1702,7.1702,7.1702,7.1702,7.1702,7.1702,7.1702,7.1702,7.1702,7.1702,7.1702,7.1702,7.1702,7.1702,7.1702,7.1702,7.1702,7.1702,7.1702,7.1702,7.1702,7.1702,7.1702,7.1702,7.1702,7.1702,7.1702,7.1702,7.1702,7.1702,7.1702,7.1702,7.1702,7.1702,7.1702,7.1702,7.1702,7.1702,7.1702,7.1702,7.1702,7.1702,7.1702,7.1702,7.1702,7.1702,7.1702,7.1702,7.1702,7.1702,7.1702,7.1702,7.1702,7.1702,7.1702,7.1702,7.1702,7.1702,7.1702,7.1702,7.1702,7.1702,7.1702,7.1702,7.1702,7.1702,7.1702,7.1702,7.1702,7.1702,7.1702,7.1702,7.1702,7.1702,7.1702,7.1702,7.1702,7.1702,7.1702,7.1702,7.1702,7.1702,7.1702,7.1702,7.1702,7.1702,7.1702,7.1702,7.1702,7.1702,7.1702,7.1702,7.1702,7.1702,7.1702,7.1702,7.1702,7.1702,7.1702,7.1702,7.1702,7.1702,7.1702,7.1702,7.1702,7.1702,7.1702,7.1702,7.1702,7.1702,7.1702,7.1702,7.1702,7.1702,7.1702,7.1702,7.1702,7.1702,7.1702,7.1702,7.1702,7.1702,7.1702,7.1702,7.1702,7.1702,7.1702,7.1702,7.1702,7.1702,7.1702,7.1702,7.1702,7.1702,7.1702,7.1702,7.1702,7.1702,7.1702,7.1702,7.1702,7.1702,7.1702,7.1702,7.1702,7.1702,7.1702,7.1702,7.1702,7.1702,7.1702,7.1702,7.1702,7.1702,7.1702,7.1702,7.1702,7.1702,7.1702,7.1702,7.1702,7.1702,7.1702,7.1702,7.1702,7.1702,7.1702,7.1702,7.1702,7.1702,7.1702,7.1702,7.1702,7.1702,7.1702,7.1702,7.1702,7.1702,7.1702,7.1702,7.1702,7.1702,7.1702,7.1702,7.1702,7.1702,7.1702,7.1702,7.1702,7.1702,7.1702,7.1702,7.1702,7.1702,7.1702,7.1702,7.1702,7.1702,7.1702,7.1702,7.1702,7.1702,7.1702,7.1702,7.1702,7.1702,7.1702,7.1702,7.1702,7.1702,7.1702,7.1702,7.1702,7.1702,7.1702,7.1702,7.1702,7.1702,7.1702,7.1702,7.1702,7.1702,7.1702,7.1702,7.1702,7.1702,7.1702,7.1702,7.1702,7.1702,7.1702,7.1702,7.1702,7.1702,7.1702,7.1702,7.1702,7.1702,7.1702,7.1702,7.1702,7.1702,7.1702,7.1702,7.1702,7.1702,7.1702,7.1702,7.1702,7.1702,7.1702,7.1702,7.1702,7.1702
7.1647,7.1647,7.1647,7.1647,7.1647,7.1647,7.1647,7.1647,7.1647,7.1647,7.1647,7.1647,7.1647,7.1647,7.1647,7.1647,7.1647,7.1647,7.1647,7.1647,7.1647,7.1647,7.1647,7.1647,7.1647,7.1647,7.1647,7.1647,7.1647,7.1647,7.1647,7.1647,7.1647,7.1647,7.1647,7.1647,7.1647,7.1647,7.1647,7.1647,7.1647,7.1647,7.1647,7.1647,7.1647,7.1647,7.1647,7.1647,7.1647,7.1647,7.1647,7.1647,7.1647,7.1647,7.1647,7.1647,7.1647,7.1647,7.1647,7.1647,7.1647,7.1647,7.1647,7.1647,7.1647,7.1647,7.1647,7.1647,7.1647,7.1647,7.1647,7.1647,7.1647,7.1647,7.1647,7.1647,7.1647,7.1647,7.1647,7.1647,7.1647,7.1647,7.1647,7.1647,7.1647,7.1647,7.1647,7.1647,7.1647,7.1647,7.1647,7.1647,7.1647,7.1647,7.1647,7.1647,7.1647,7.1647,7.1647,7.1647,7.1647,7.1647,7.1647,7.1647,7.1647,7.1647,7.1647,7.1647,7.1647,7.1647,7.1647,7.1647,7.1647,7.1647,7.1647,7.1647,7.1647,7.1647,7.1647,7.1647,7.1647,7.1647,7.1647,7.1647,7.1647,7.1647,7.1647,7.1647,7.1647,7.1647,7.1647,7.1647,7.1647,7.1647,7.1647,7.1647,7.1647,7.1647,7.1647,7.1647,7.1647,7.1647,7.1647,7.1647,7.1647,7.1647,7.1647,7.1647,7.1647,7.1647,7.1647,7.1647,7.1647,7.1647,7.1647,7.1647,7.1647,7.1647,7.1647,7.1647,7.1647,7.1647,7.1647,7.1647,7.1647,7.1647,7.1647,7.1647,7.1647,7.1647,7.1647,7.1647,7.1647,7.1647,7.1647,7.1647,7.1647,7.1647,7.1647,7.1647,7.1647,7.1647,7.1647,7.1647,7.1647,7.1647,7.1647,7.1647,7.1647,7.1647,7.1647,7.1647,7.1647,7.1647,7.1647,7.1647,7.1647,7.1647,7.1647,7.1647,7.1647,7.1647,7.1647,7.1647,7.1647,7.1647,7.1647,7.1647,7.1647,7.1647,7.1647,7.1647,7.1647,7.1647,7.1647,7.1647,7.1647,7.1647,7.1647,7.1647,7.1647,7.1647,7.1647,7.1647,7.1647,7.1647,7.1647,7.1647,7.1647,7.1647,7.1647,7.1647,7.1647,7.1647,7.1647,7.1647,7.1647,7.1647,7.1647,7.1647,7.1647,7.1647,7.1647,7.1647,7.1647,7.1647,7.1647,7.1647,7.1647,7.1647,7.1647,7.1647,7.1647,7.1647,7.1647,7.1647,7.1647,7.1647,7.1647,7.1647,7.1647,7.1647,7.1647,7.1647,7.1647,7.1647,7.1647,7.1647,7.1647,7.1647,7.1647,7.1647,7.1647,7.1647,7.1647,7.1647,7.1647,7.1647,7.1647,7.1647,7.1647,7.1647,7.1647,7.1647,7.1647,7.1647,7.1647,7.1647,7.1647,7.1647,7.1647,7.1647,7.1647,7.1647,7.1647,7.1647,7.1647,7.1647,7.1647,7.1647,7.1647,7.1647,7.1647,7.1647,7.1647,7.1647,7.1647,7.1647,7.1647,7.1647,7.1647,7.1647,7.1647,7.1647,7.1647,7.1647,7.1647,7.1647,7.1647,7.1647,7.1647,7.1647,7.1647,7.1647,7.1647,7.1647,7.1647,7.1647,7.1647,7.1647,7.1647,7.1647,7.1647,7.1647,7.1647,7.1647,7.1647,7.1647,7.1647,7.1647,7.1647,7.1647,7.1647,7.1647,7.1647,7.1647,7.1647,7.1647,7.1647,7.1647,7.1647,7.1647,7.1647,7.1647,7.1647,7.1647,7.1647,7.1647,7.1647,7.1647,7.1647,7.1647,7.1647,7.1647,7.1647,7.1647,7.1647,7.1647,7.1647,7.1647,7.1647,7.1647,7.1647,7.1647,7.1647,7.1647,7.1647,7.1647,7.1647,7.1647,7.1647,7.1647,7.1647,7.1647,7.1647,7.1647,7.1647,7.1647,7.1647,7.1647,7.1647,7.1647,7.1647,7.1647,7.1647,7.1647,7.1647,7.1647,7.1647,7.1647,7.1647,7.1647,7.1647,7.1647,7.1647,7.1647,7.1647,7.1647,7.1647,6.1713,6.1487,6.1261,6.1038,6.0846,6.0731,6.0624,6.0515,6.0406,6.0297,6.0189,6.0110,6.0032,5.9955,5.9884,5.9812,5.9742,5.9670,5.9598,5.9524,5.9450,5.9374,5.9301,5.9226,5.9150,5.9094,5.9051,5.9007,5.8964,5.8920,5.8877,5.8835,5.8809,5.8782,5.8755,5.8731,5.8704,5.8677,5.8651,5.8626,5.8599,5.8573,5.8548,5.8522,5.8497,5.8471,5.8444,5.8420,5.8394,5.8367,5.8341,5.8315,5.8288,5.8262,5.8246,5.8232,5.8218,5.8205,5.8191,5.8179,5.8165,5.8153,5.8139,5.8127,5.8113,5.8099,5.8099,5.8099,5.8099,5.8099,5.8099,5.8099,5.8099,5.8099,5.8101,5.8101,5.8101,5.8101,5.8101,5.8101,5.8101,5.8101,5.8101,5.8101,5.8101,5.8103,5.8113,5.8123,5.8133,5.8141,5.8151,5.8161,5.8171,5.8181,5.8191,5.8201,5.8211,5.8222,5.8232,5.8242,5.8252,5.8268,5.8288,5.8308,5.8329,5.8347,5.8367,5.8388,5.8406,5.8426,5.8446,5.8465,5.8485,5.8506,5.8526,5.8544,5.8565,5.8585,5.8606,5.8632,5.8669,5.8708,5.8745,5.8782,5.8819,5.8858,5.8895,5.8933,5.8970,5.9009,5.9046,5.9084,5.9123,5.9163,5.9221,5.9280,5.9341,5.9399,5.9460,5.9519,5.9581,5.9640,5.9706,5.9803,5.9899,6.0000,6.0097,6.0194,6.0293,6.0391,6.0491,6.0589,6.0690,6.0788,6.0890,6.0991,7.1647,7.1647,7.1647,7.1647,7.1647,7.1647,7.1647,7.1647,7.1647,7.1647,7.1647,7.1647,7.1647,7.1647,7.1647,7.1647,7.1647,7.1647,7.1647,7.1647,7.1647,7.1647,7.1647,7.1647,7.1647,7.1647,7.1647,7.1647,7.1647,7.1647,7.1647,7.1647,7.1647,7.1647,7.1647,7.1647,7.1647,7.1647,7.1647,7.1647,7.1647,7.1647,7.1647,7.1647,7.1647,7.1647,7.1647,7.1647,7.1647,7.1647,7.1647,7.1647,7.1647,7.1647,7.1647,7.1647,7.1647,7.1647,7.1647,7.1647,7.1647,7.1647,7.1647,7.1647,7.1647,7.1647,7.1647,7.1647,7.1647,7.1647,7.1647,7.1647,7.1647,7.1647,7.1647,7.1647,7.1647,7.1647,7.1647,7.1647,7.1647,7.1647,7.1647,7.1647,7.1647,7.1647,7.1647,7.1647,7.1647,7.1647,7.1647,7.1647,7.1647,7.1647,7.1647,7.1647,7.1647,7.1647,7.1647,7.1647,7.1647,7.1647,7.1647,7.1647,7.1647,7.1647,7.1647,7.1647,7.1647,7.1647,7.1647,7.1647,7.1647,7.1647,7.1647,7.1647,7.1647,7.1647,7.1647,7.1647,7.1647,7.1647,7.1647,7.1647,7.1647,7.1647,7.1647,7.1647,7.1647,7.1647,7.1647,7.1647,7.1647,7.1647,7.1647,7.1647,7.1647,7.1647,7.1647,7.1647,7.1647,7.1647,7.1647,7.1647,7.1647,7.1647,7.1647,7.1647,7.1647,7.1647,7.1647,7.1647,7.1647,7.1647,7.1647,7.1647,7.1647,7.1647,7.1647,7.1647,7.1647,7.1647,7.1647,7.1647,7.1647,7.1647,7.1647,7.1647,7.1647,7.1647,7.1647,7.1647,7.1647,7.1647,7.1647,7.1647,7.1647,7.1647,7.1647,7.1647,7.1647,7.1647,7.1647,7.1647,7.1647,7.1647,7.1647,7.1647,7.1647,7.1647,7.1647,7.1647,7.1647,7.1647,7.1647,7.1647,7.1647,7.1647,7.1647,7.1647,7.1647,7.1647,7.1647,7.1647,7.1647,7.1647,7.1647,7.1647,7.1647,7.1647,7.1647,7.1647,7.1647,7.1647,7.1647,7.1647,7.1647,7.1647,7.1647,7.1647,7.1647,7.1647,7.1647,7.1647,7.1647,7.1647,7.1647,7.1647,7.1647,7.1647,7.1647,7.1647,7.1647,7.1647,7.1647,7.1647,7.1647,7.1647,7.1647,7.1647,7.1647,7.1647,7.1647,7.1647,7.1647,7.1647,7.1647,7.1647,7.1647,7.1647,7.1647,7.1647,7.1647,7.1647,7.1647,7.1647,7.1647,7.1647,7.1647,7.1647,7.1647,7.1647,7.1647,7.1647,7.1647,7.1647,7.1647,7.1647,7.1647,7.1647,7.1647,7.1647,7.1647,7.1647,7.1647,7.1647,7.1647,7.1647,7.1647,7.1647,7.1647,7.1647,7.1647,7.1647,7.1647,7.1647,7.1647,7.1647,7.1647,7.1647,7.1647,7.1647,7.1647,7.1647,7.1647,7.1647,7.1647,7.1647,7.1647,7.1647,7.1647,7.1647,7.1647,7.1647,7.1647,7.1647,7.1647,7.1647,7.1647,7.1647,7.1647,7.1647,7.1647,7.1647,7.1647,7.1647,7.1647,7.1647,7.1647,7.1647,7.1647,7.1647,7.1647,7.1647,7.1647,7.1647,7.1647,7.1647,7.1647,7.1647,7.1647,7.1647,7.1647,7.1647,7.1647,7.1647,7.1647,7.1647,7.1647,7.1647,7.1647,7.1647,7.1647,7.1647,7.1647,7.1647,7.1647,7.1647,7.1647,7.1647,7.1647,7.1647,7.1647,7.1647,7.1647,7.1647,7.1647,7.1647,7.1647,7.1647,7.1647,7.1647,7.1647,7.1647,7.1647,7.1647,7.1647,7.1647,7.1647,7.1647,7.1647,7.1647,7.1647,7.1647,7.1647,7.1647,7.1647,7.1647,7.1647,7.1647,7.1647,7.1647,7.1647,7.1647,7.1647,7.1647,7.1647,7.1647,7.1647,7.1647,7.1647,7.1647,7.1647,7.1647,7.1647
7.1589,7.1589,7.1589,7.1589,7.1589,7.1589,7.1589,7.1589,7.1589,7.1589,7.1589,7.1589,7.1589,7.1589,7.1589,7.1589,7.1589,7.1589,7.1589,7.1589,7.1589,7.1589,7.1589,7.1589,7.1589,7.1589,7.1589,7.1589,7.1589,7.1589,7.1589,7.1589,7.1589,7.1589,7.1589,7.1589,7.1589,7.1589,7.1589,7.1589,7.1589,7.1589,7.1589,7.1589,7.1589,7.1589,7.1589,7.1589,7.1589,7.1589,7.1589,7.1589,7.1589,7.1589,7.1589,7.1589,7.1589,7.1589,7.1589,7.1589,7.1589,7.1589,7.1589,7.1589,7.1589,7.1589,7.1589,7.1589,7.1589,7.1589,7.1589,7.1589,7.1589,7.1589,7.1589,7.1589,7.1589,7.1589,7.1589,7.1589,7.1589,7.1589,7.1589,7.1589,7.1589,7.1589,7.1589,7.1589,7.1589,7.1589,7.1589,7.1589,7.1589,7.1589,7.1589,7.1589,7.1589,7.1589,7.1589,7.1589,7.1589,7.1589,7.1589,7.1589,7.1589,7.1589,7.1589,7.1589,7.1589,7.1589,7.1589,7.1589,7.1589,7.1589,7.1589,7.1589,7.1589,7.1589,7.1589,7.1589,7.1589,7.1589,7.1589,7.1589,7.1589,7.1589,7.1589,7.1589,7.1589,7.1589,7.1589,7.1589,7.1589,7.1589,7.1589,7.1589,7.1589,7.1589,7.1589,7.1589,7.1589,7.1589,7.1589,7.1589,7.1589,7.1589,7.1589,7.1589,7.1589,7.1589,7.1589,7.1589,7.1589,7.1589,7.1589,7.1589,7.1589,7.1589,7.1589,7.1589,7.1589,7.1589,7.1589,7.1589,7.1589,7.1589,7.1589,7.1589,7.1589,7.1589,7.1589,7.1589,7.1589,7.1589,7.1589,7.1589,7.1589,7.1589,7.1589,7.1589,7.1589,7.1589,7.1589,7.1589,7.1589,7.1589,7.1589,7.1589,7.1589,7.1589,7.1589,7.1589,7.1589,7.1589,7.1589,7.1589,7.1589,7.1589,7.1589,7.1589,7.1589,7.1589,7.1589,7.1589,7.1589,7.1589,7.1589,7.1589,7.1589,7.1589,7.1589,7.1589,7.1589,7.1589,7.1589,7.1589,7.1589,7.1589,7.1589,7.1589,7.1589,7.1589,7.1589,7.1589,7.1589,7.1589,7.1589,7.1589,7.1589,7.1589,7.1589,7.1589,7.1589,7.1589,7.1589,7.1589,7.1589,7.1589,7.1589,7.1589,7.1589,7.1589,7.1589,7.1589,7.1589,7.1589,7.1589,7.1589,7.1589,7.1589,7.1589,7.1589,7.1589,7.1589,7.1589,7.1589,7.1589,7.1589,7.1589,7.1589,7.1589,7.1589,7.1589,7.1589,7.1589,7.1589,7.1589,7.1589,7.1589,7.1589,7.1589,7.1589,7.1589,7.1589,7.1589,7.1589,7.1589,7.1589,7.1589,7.1589,7.1589,7.1589,7.1589,7.1589,7.1589,7.1589,7.1589,7.1589,7.1589,7.1589,7.1589,7.1589,7.1589,7.1589,7.1589,7.1589,7.1589,7.1589,7.1589,7.1589,7.1589,7.1589,7.1589,7.1589,7.1589,7.1589,7.1589,7.1589,7.1589,7.1589,7.1589,7.1589,7.1589,7.1589,7.1589,7.1589,7.1589,7.1589,7.1589,7.1589,7.1589,7.1589,7.1589,7.1589,7.1589,7.1589,7.1589,7.1589,7.1589,7.1589,7.1589,7.1589,7.1589,7.1589,7.1589,7.1589,7.1589,7.1589,7.1589,7.1589,7.1589,7.1589,7.1589,7.1589,7.1589,7.1589,7.1589,7.1589,7.1589,7.1589,7.1589,7.1589,7.1589,7.1589,7.1589,7.1589,7.1589,7.1589,7.1589,7.1589,7.1589,7.1589,7.1589,7.1589,7.1589,7.1589,7.1589,7.1589,7.1589,7.1589,7.1589,7.1589,7.1589,7.1589,7.1589,7.1589,7.1589,7.1589,7.1589,7.1589,7.1589,7.1589,7.1589,7.1589,7.1589,7.1589,7.1589,7.1589,7.1589,7.1589,7.1589,7.1589,7.1589,7.1589,7.1589,7.1589,7.1589,7.1589,7.1589,7.1589,7.1589,7.1589,7.1589,7.1589,7.1589,7.1589,7.1589,7.1589,7.1589,6.1799,6.1571,6.1346,6.1120,6.0914,6.0802,6.0687,6.0576,6.0467,6.0358,6.0250,6.0150,6.0075,6.0000,5.9925,5.9852,5.9782,5.9710,5.9640,5.9566,5.9492,5.9416,5.9343,5.9267,5.9194,5.9138,5.9094,5.9051,5.9007,5.8966,5.8922,5.8879,5.8838,5.8811,5.8786,5.8759,5.8733,5.8706,5.8679,5.8655,5.8628,5.8603,5.8577,5.8550,5.8526,5.8499,5.8475,5.8448,5.8422,5.8398,5.8371,5.8347,5.8321,5.8292,5.8278,5.8264,5.8252,5.8238,5.8224,5.8211,5.8197,5.8185,5.8171,5.8159,5.8145,5.8133,5.8119,5.8119,5.8119,5.8121,5.8121,5.8121,5.8121,5.8121,5.8121,5.8121,5.8121,5.8121,5.8121,5.8121,5.8121,5.8121,5.8121,5.8121,5.8121,5.8129,5.8139,5.8151,5.8159,5.8169,5.8179,5.8189,5.8199,5.8209,5.8220,5.8230,5.8240,5.8250,5.8260,5.8270,5.8280,5.8292,5.8310,5.8331,5.8351,5.8373,5.8390,5.8410,5.8430,5.8451,5.8469,5.8489,5.8510,5.8530,5.8548,5.8569,5.8589,5.8608,5.8628,5.8665,5.8704,5.8741,5.8778,5.8815,5.8854,5.8891,5.8928,5.8966,5.9005,5.9042,5.9080,5.9119,5.9157,5.9196,5.9249,5.9309,5.9368,5.9427,5.9488,5.9547,5.9608,5.9667,5.9752,5.9850,5.9946,6.0047,6.0142,6.0241,6.0338,6.0438,6.0536,6.0637,6.0738,6.0837,6.0963,6.1709,7.1589,7.1589,7.1589,7.1589,7.1589,7.1589,7.1589,7.1589,7.1589,7.1589,7.1589,7.1589,7.1589,7.1589,7.1589,7.1589,7.1589,7.1589,7.1589,7.1589,7.1589,7.1589,7.1589,7.1589,7.1589,7.1589,7.1589,7.1589,7.1589,7.1589,7.1589,7.1589,7.1589,7.1589,7.1589,7.1589,7.1589,7.1589,7.1589,7.1589,7.1589,7.1589,7.1589,7.1589,7.1589,7.1589,7.1589,7.1589,7.1589,7.1589,7.1589,7.1589,7.1589,7.1589,7.1589,7.1589,7.1589,7.1589,7.1589,7.1589,7.1589,7.1589,7.1589,7.1589,7.1589,7.1589,7.1589,7.1589,7.1589,7.1589,7.1589,7.1589,7.1589,7.1589,7.1589,7.1589,7.1589,7.1589,7.1589,7.1589,7.1589,7.1589,7.1589,7.1589,7.1589,7.1589,7.1589,7.1589,7.1589,7.1589,7.1589,7.1589,7.1589,7.1589,7.1589,7.1589,7.1589,7.1589,7.1589,7.1589,7.1589,7.1589,7.1589,7.1589,7.1589,7.1589,7.1589,7.1589,7.1589,7.1589,7.1589,7.1589,7.1589,7.1589,7.1589,7.1589,7.1589,7.1589,7.1589,7.1589,7.1589,7.1589,7.1589,7.1589,7.1589,7.1589,7.1589,7.1589,7.1589,7.1589,7.1589,7.1589,7.1589,7.1589,7.1589,7.1589,7.1589,7.1589,7.1589,7.1589,7.1589,7.1589,7.1589,7.1589,7.1589,7.1589,7.1589,7.1589,7.1589,7.1589,7.1589,7.1589,7.1589,7.1589,7.1589,7.1589,7.1589,7.1589,7.1589,7.1589,7.1589,7.1589,7.1589,7.1589,7.1589,7.1589,7.1589,7.1589,7.1589,7.1589,7.1589,7.1589,7.1589,7.1589,7.1589,7.1589,7.1589,7.1589,7.1589,7.1589,7.1589,7.1589,7.1589,7.1589,7.1589,7.1589,7.1589,7.1589,7.1589,7.1589,7.1589,7.1589,7.1589,7.1589,7.1589,7.1589,7.1589,7.1589,7.1589,7.1589,7.1589,7.1589,7.1589,7.1589,7.1589,7.1589,7.1589,7.1589,7.1589,7.1589,7.1589,7.1589,7.1589,7.1589,7.1589,7.1589,7.1589,7.1589,7.1589,7.1589,7.1589,7.1589,7.1589,7.1589,7.1589,7.1589,7.1589,7.1589,7.1589,7.1589,7.1589,7.1589,7.1589,7.1589,7.1589,7.1589,7.1589,7.1589,7.1589,7.1589,7.1589,7.1589,7.1589,7.1589,7.1589,7.1589,7.1589,7.1589,7.1589,7.1589,7.1589,7.1589,7.1589,7.1589,7.1589,7.1589,7.1589,7.1589,7.1589,7.1589,7.1589,7.1589,7.1589,7.1589,7.1589,7.1589,7.1589,7.1589,7.1589,7.1589,7.1589,7.1589,7.1589,7.1589,7.1589,7.1589,7.1589,7.1589,7.1589,7.1589,7.1589,7.1589,7.1589,7.1589,7.1589,7.1589,7.1589,7.1589,7.1589,7.1589,7.1589,7.1589,7.1589,7.1589,7.1589,7.1589,7.1589,7.1589,7.1589,7.1589,7.1589,7.1589,7.1589,7.1589,7.1589,7.1589,7.1589,7.1589,7.1589,7.1589,7.1589,7.1589,7.1589,7.1589,7.1589,7.1589,7.1589,7.1589,7.1589,7.1589,7.1589,7.1589,7.1589,7.1589,7.1589,7.1589,7.1589,7.1589,7.1589,7.1589,7.1589,7.1589,7.1589,7.1589,7.1589,7.1589,7.1589,7.1589,7.1589,7.1589,7.1589,7.1589,7.1589,7.1589,7.1589,7.1589,7.1589,7.1589,7.1589,7.1589,7.1589,7.1589,7.1589,7.1589,7.1589,7.1589,7.1589,7.1589,7.1589,7.1589,7.1589,7.1589,7.1589,7.1589,7.1589,7.1583,7.1583,7.1583,7.1583,7.1583,7.1583,7.1583,7.1583,7.1583,7.1583,7.1583,7.1583,7.1583,7.1583,7.1583,7.1583,7.1583,7.1583,7.1583,7.1583,7.1583,7.1583,7.1583,7.1583,7.1583,7.1583,7.1583,7.1583,7.1583,7.1583
7.1525,7.1525,7.1525,7.1525,7.1525,7.1525,7.1525,7.1525,7.1525,7.1525,7.1525,7.1525,7.1525,7.1525,7.1525,7.1525,7.1525,7.1525,7.1525,7.1525,7.1525,7.1525,7.1525,7.1525,7.1525,7.1525,7.1525,7.1525,7.1525,7.1525,7.1531,7.1531,7.1531,7.1531,7.1531,7.1531,7.1531,7.1531,7.1531,7.1531,7.1531,7.1531,7.1531,7.1531,7.1531,7.1531,7.1531,7.1531,7.1531,7.1531,7.1531,7.1531,7.1531,7.1531,7.1531,7.1531,7.1531,7.1531,7.1531,7.1531,7.1531,7.1531,7.1531,7.1531,7.1531,7.1531,7.1531,7.1531,7.1531,7.1531,7.1531,7.1531,7.1531,7.1531,7.1531,7.1531,7.1531,7.1531,7.1531,7.1531,7.1531,7.1531,7.1531,7.1531,7.1531,7.1531,7.1531,7.1531,7.1531,7.1531,7.1531,7.1531,7.1531,7.1531,7.1531,7.1531,7.1531,7.1531,7.1531,7.1531,7.1531,7.1531,7.1531,7.1531,7.1531,7.1531,7.1531,7.1531,7.1531,7.1531,7.1531,7.1531,7.1531,7.1531,7.1531,7.1531,7.1531,7.1531,7.1531,7.1531,7.1531,7.1531,7.1531,7.1531,7.1531,7.1531,7.1531,7.1531,7.1531,7.1531,7.1531,7.1531,7.1531,7.1531,7.1531,7.1531,7.1531,7.1531,7.1531,7.1531,7.1531,7.1531,7.1531,7.1531,7.1531,7.1531,7.1531,7.1531,7.1531,7.1531,7.1531,7.1531,7.1531,7.1531,7.1531,7.1531,7.1531,7.1531,7.1531,7.1531,7.1531,7.1531,7.1531,7.1531,7.1531,7.1531,7.1531,7.1531,7.1531,7.1531,7.1531,7.1531,7.1531,7.1531,7.1531,7.1531,7.1531,7.1531,7.1531,7.1531,7.1531,7.1531,7.1531,7.1531,7.1531,7.1531,7.1531,7.1531,7.1531,7.1531,7.1531,7.1531,7.1531,7.1531,7.1531,7.1531,7.1531,7.1531,7.1531,7.1531,7.1531,7.1531,7.1531,7.1531,7.1531,7.1531,7.1531,7.1531,7.1531,7.1531,7.1531,7.1531,7.1531,7.1531,7.1531,7.1531,7.1531,7.1531,7.1531,7.1531,7.1531,7.1531,7.1531,7.1531,7.1531,7.1531,7.1531,7.1531,7.1531,7.1531,7.1531,7.1531,7.1531,7.1531,7.1531,7.1531,7.1531,7.1531,7.1531,7.1531,7.1531,7.1531,7.1531,7.1531,7.1531,7.1531,7.1531,7.1531,7.1531,7.1531,7.1531,7.1531,7.1531,7.1531,7.1531,7.1531,7.1531,7.1531,7.1531,7.1531,7.1531,7.1531,7.1531,7.1531,7.1531,7.1531,7.1531,7.1531,7.1531,7.1531,7.1531,7.1531,7.1531,7.1531,7.1531,7.1531,7.1531,7.1531,7.1531,7.1531,7.1531,7.1531,7.1531,7.1531,7.1531,7.1531,7.1531,7.1531,7.1531,7.1531,7.1531,7.1531,7.1531,7.1531,7.1531,7.1531,7.1531,7.1531,7.1531,7.1531,7.1531,7.1531,7.1531,7.1531,7.1531,7.1531,7.1531,7.1531,7.1531,7.1531,7.1531,7.1531,7.1531,7.1531,7.1531,7.1531,7.1531,7.1531,7.1531,7.1531,7.1531,7.1531,7.1531,7.1531,7.1531,7.1531,7.1531,7.1531,7.1531,7.1531,7.1531,7.1531,7.1531,7.1531,7.1531,7.1531,7.1531,7.1531,7.1531,7.1531,7.1531,7.1531,7.1531,7.1531,7.1531,7.1531,7.1531,7.1531,7.1531,7.1531,7.1531,7.1531,7.1531,7.1531,7.1531,7.1531,7.1531,7.1531,7.1531,7.1531,7.1531,7.1531,7.1531,7.1531,7.1531,7.1531,7.1531,7.1531,7.1531,7.1531,7.1531,7.1531,7.1531,7.1531,7.1531,7.1531,7.1531,7.1531,7.1531,7.1531,7.1531,7.1531,7.1531,7.1531,7.1531,7.1531,7.1531,7.1531,7.1531,7.1531,7.1531,7.1531,7.1531,7.1531,7.1531,7.1531,7.1531,7.1531,7.1531,7.1531,7.1531,7.1531,7.1531,7.1531,7.1531,7.1531,7.1531,7.1531,7.1531,7.1531,6.1654,6.1429,6.1203,6.0983,6.0870,6.0755,6.0643,6.0532,6.0419,6.0312,6.0204,6.0114,6.0041,5.9966,5.9895,5.9823,5.9752,5.9680,5.9608,5.9534,5.9460,5.9385,5.9309,5.9236,5.9182,5.9138,5.9096,5.9053,5.9009,5.8966,5.8922,5.8879,5.8842,5.8815,5.8788,5.8761,5.8735,5.8710,5.8683,5.8657,5.8632,5.8606,5.8581,5.8554,5.8528,5.8503,5.8477,5.8453,5.8426,5.8400,5.8375,5.8347,5.8323,5.8310,5.8296,5.8284,5.8270,5.8258,5.8244,5.8230,5.8218,5.8203,5.8191,5.8177,5.8165,5.8151,5.8141,5.8141,5.8141,5.8141,5.8141,5.8141,5.8141,5.8141,5.8141,5.8141,5.8141,5.8141,5.8141,5.8141,5.8141,5.8141,5.8141,5.8143,5.8155,5.8165,5.8177,5.8187,5.8197,5.8207,5.8218,5.8228,5.8238,5.8248,5.8258,5.8268,5.8278,5.8288,5.8298,5.8308,5.8319,5.8335,5.8355,5.8373,5.8394,5.8414,5.8434,5.8453,5.8473,5.8493,5.8512,5.8532,5.8552,5.8573,5.8591,5.8612,5.8632,5.8663,5.8700,5.8737,5.8774,5.8811,5.8850,5.8887,5.8924,5.8964,5.9001,5.9038,5.9076,5.9115,5.9153,5.9192,5.9230,5.9276,5.9336,5.9395,5.9456,5.9515,5.9574,5.9636,5.9701,5.9799,5.9895,5.9994,6.0090,6.0189,6.0289,6.0386,6.0486,6.0584,6.0685,6.0799,6.0936,6.1238,7.1531,7.1531,7.1531,7.1531,7.1531,7.1531,7.1531,7.1531,7.1531,7.1531,7.1531,7.1531,7.1531,7.1531,7.1531,7.1531,7.1531,7.1531,7.1531,7.1531,7.1531,7.1531,7.1531,7.1531,7.1531,7.1531,7.1531,7.1531,7.1531,7.1531,7.1531,7.1531,7.1531,7.1531,7.1531,7.1531,7.1531,7.1531,7.1531,7.1531,7.1531,7.1531,7.1531,7.1531,7.1531,7.1531,7.1531,7.1531,7.1531,7.1531,7.1531,7.1531,7.1531,7.1531,7.1531,7.1531,7.1531,7.1531,7.1531,7.1531,7.1531,7.1531,7.1531,7.1531,7.1531,7.1531,7.1531,7.1531,7.1531,7.1531,7.1531,7.1531,7.1531,7.1531,7.1531,7.1531,7.1531,7.1531,7.1531,7.1531,7.1531,7.1531,7.1531,7.1531,7.1531,7.1531,7.1531,7.1531,7.1531,7.1531,7.1531,7.1531,7.1531,7.1531,7.1531,7.1531,7.1531,7.1531,7.1531,7.1531,7.1531,7.1531,7.1531,7.1531,7.1531,7.1531,7.1531,7.1531,7.1531,7.1531,7.1531,7.1531,7.1531,7.1531,7.1531,7.1531,7.1531,7.1531,7.1531,7.1531,7.1531,7.1531,7.1531,7.1531,7.1531,7.1531,7.1531,7.1531,7.1531,7.1531,7.1531,7.1531,7.1531,7.1531,7.1531,7.1531,7.1531,7.1531,7.1531,7.1531,7.1531,7.1531,7.1531,7.1531,7.1531,7.1531,7.1531,7.1531,7.1531,7.1531,7.1531,7.1531,7.1531,7.1531,7.1531,7.1531,7.1531,7.1531,7.1531,7.1531,7.1531,7.1531,7.1531,7.1531,7.1531,7.1531,7.1531,7.1531,7.1531,7.1531,7.1531,7.1531,7.1531,7.1531,7.1531,7.1531,7.1531,7.1531,7.1531,7.1531,7.1531,7.1531,7.1531,7.1531,7.1531,7.1531,7.1531,7.1531,7.1531,7.1531,7.1531,7.1531,7.1531,7.1531,7.1531,7.1531,7.1531,7.1531,7.1531,7.1531,7.1531,7.1531,7.1531,7.1531,7.1531,7.1531,7.1531,7.1531,7.1531,7.1531,7.1531,7.1531,7.1531,7.1531,7.1531,7.1531,7.1531,7.1531,7.1531,7.1531,7.1531,7.1531,7.1531,7.1531,7.1531,7.1531,7.1531,7.1531,7.1531,7.1531,7.1531,7.1531,7.1531,7.1531,7.1531,7.1531,7.1531,7.1531,7.1531,7.1531,7.1531,7.1531,7.1531,7.1531,7.1531,7.1531,7.1531,7.1531,7.1531,7.1531,7.1531,7.1531,7.1531,7.1531,7.1531,7.1531,7.1531,7.1531,7.1531,7.1531,7.1531,7.1531,7.1531,7.1531,7.1531,7.1531,7.1531,7.1531,7.1531,7.1531,7.1531,7.1531,7.1531,7.1531,7.1531,7.1531,7.1531,7.1531,7.1531,7.1531,7.1531,7.1531,7.1531,7.1531,7.1531,7.1531,7.1531,7.1531,7.1531,7.1531,7.1531,7.1531,7.1531,7.1531,7.1531,7.1531,7.1531,7.1531,7.1531,7.1531,7.1531,7.1531,7.1531,7.1531,7.1531,7.1531,7.1531,7.1531,7.1531,7.1531,7.1531,7.1531,7.1531,7.1531,7.1531,7.1531,7.1531,7.1531,7.1531,7.1531,7.1531,7.1531,7.1531,7.1531,7.1531,7.1531,7.1531,7.1531,7.1531,7.1531,7.1531,7.1531,7.1531,7.1531,7.1531,7.1531,7.1531,7.1531,7.1531,7.1531,7.1531,7.1531,7.1531,7.1531,7.1531,7.1531,7.1531,7.1531,7.1531,7.1531,7.1531,7.1531,7.1531,7.1531,7.1531,7.1531,7.1531,7.1531,7.1531,7.1531,7.1531,7.1531,7.1531,7.1531,7.1531,7.1531,7.1531,7.1531,7.1531,7.1531,7.1531,7.1531,7.1531,7.1531,7.1525,7.1525,7.1525,7.1525,7.1525,7.1525,7.1525,7.1525,7.1525,7.1525,7.1525,7.1525,7.1525,7.1525,7.1525,7.1525,7.1525,7.1525,7.1525,7.1525,7.1525,7.1525
7.1470,7.1470,7.1470,7.1470,7.1470,7.1470,7.1470,7.1470,7.1470,7.1470,7.1470,7.1470,7.1470,7.1470,7.1470,7.1470,7.1470,7.1470,7.1470,7.1470,7.1470,7.1470,7.1470,7.1470,7.1470,7.1470,7.1470,7.1470,7.1470,7.1470,7.1470,7.1470,7.1470,7.1470,7.1470,7.1470,7.1470,7.1470,7.1470,7.1470,7.1470,7.1470,7.1470,7.1470,7.1470,7.1470,7.1470,7.1470,7.1470,7.1470,7.1470,7.1470,7.1470,7.1470,7.1470,7.1470,7.1470,7.1470,7.1470,7.1470,7.1470,7.1470,7.1470,7.1470,7.1470,7.1470,7.1470,7.1470,7.1470,7.1470,7.1470,7.1470,7.1470,7.1470,7.1470,7.1470,7.1470,7.1470,7.1470,7.1470,7.1470,7.1470,7.1470,7.1470,7.1470,7.1470,7.1470,7.1470,7.1470,7.1470,7.1470,7.1470,7.1470,7.1470,7.1470,7.1470,7.1470,7.1470,7.1470,7.1470,7.1470,7.1470,7.1470,7.1470,7.1470,7.1470,7.1470,7.1470,7.1470,7.1470,7.1470,7.1470,7.1470,7.1470,7.1470,7.1470,7.1470,7.1470,7.1470,7.1470,7.1470,7.1470,7.1470,7.1470,7.1470,7.1470,7.1470,7.1470,7.1470,7.1470,7.1470,7.1470,7.1470,7.1470,7.1470,7.1470,7.1470,7.1470,7.1470,7.1470,7.1470,7.1470,7.1470,7.1470,7.1470,7.1470,7.1470,7.1470,7.1470,7.1470,7.1470,7.1470,7.1470,7.1470,7.1470,7.1470,7.1470,7.1470,7.1470,7.1470,7.1470,7.1470,7.1470,7.1470,7.1470,7.1470,7.1470,7.1470,7.1470,7.1470,7.1470,7.1470,7.1470,7.1470,7.1470,7.1470,7.1470,7.1470,7.1470,7.1470,7.1470,7.1470,7.1470,7.1470,7.1470,7.1470,7.1470,7.1470,7.1470,7.1470,7.1470,7.1470,7.1470,7.1470,7.1470,7.1470,7.1470,7.1470,7.1470,7.1470,7.1470,7.1470,7.1470,7.1470,7.1470,7.1470,7.1470,7.1470,7.1470,7.1470,7.1470,7.1470,7.1470,7.1470,7.1470,7.1470,7.1470,7.1470,7.1470,7.1470,7.1470,7.1470,7.1470,7.1470,7.1470,7.1470,7.1470,7.1470,7.1470,7.1470,7.1470,7.1470,7.1470,7.1470,7.1470,7.1470,7.1470,7.1470,7.1470,7.1470,7.1470,7.1470,7.1470,7.1470,7.1470,7.1470,7.1470,7.1470,7.1470,7.1470,7.1473,7.1473,7.1473,7.1473,7.1473,7.1473,7.1473,7.1473,7.1473,7.1473,7.1473,7.1473,7.1473,7.1473,7.1473,7.1473,7.1473,7.1473,7.1473,7.1473,7.1473,7.1473,7.1473,7.1473,7.1473,7.1473,7.1473,7.1473,7.1473,7.1473,7.1473,7.1473,7.1473,7.1473,7.1473,7.1473,7.1473,7.1473,7.1473,7.1473,7.1473,7.1473,7.1473,7.1473,7.1473,7.1473,7.1473,7.1473,7.1473,7.1473,7.1473,7.1473,7.1473,7.1473,7.1473,7.1473,7.1473,7.1473,7.1473,7.1473,7.1473,7.1473,7.1473,7.1473,7.1473,7.1473,7.1473,7.1473,7.1473,7.1473,7.1473,7.1473,7.1473,7.1473,7.1473,7.1473,7.1473,7.1473,7.1473,7.1473,7.1473,7.1473,7.1473,7.1473,7.1473,7.1473,7.1473,7.1473,7.1473,7.1473,7.1473,7.1473,7.1473,7.1473,7.1473,7.1473,7.1473,7.1473,7.1473,7.1473,7.1473,7.1473,7.1473,7.1473,7.1473,7.1473,7.1473,7.1473,7.1473,7.1473,7.1473,7.1473,7.1473,7.1473,7.1473,7.1473,7.1473,7.1473,7.1473,7.1473,7.1473,7.1473,7.1473,7.1473,7.1473,7.1473,7.1473,7.1473,7.1473,7.1473,7.1473,7.1473,7.1473,7.1473,7.1473,7.1473,7.1473,7.1473,7.1473,7.1473,7.1473,7.1473,7.1473,7.1473,7.1473,7.1473,7.1473,7.1473,7.1473,7.1473,7.1473,7.1473,7.1473,7.1473,7.1473,7.1473,7.1473,7.1473,7.1473,7.1473,6.1740,6.1512,6.1285,6.1062,6.0938,6.0824,6.0711,6.0600,6.0486,6.0375,6.0265,6.0157,6.0079,6.0006,5.9936,5.9863,5.9793,5.9721,5.9651,5.9576,5.9503,5.9427,5.9353,5.9278,5.9228,5.9184,5.9140,5.9096,5.9053,5.9009,5.8966,5.8922,5.8879,5.8844,5.8817,5.8790,5.8765,5.8739,5.8712,5.8687,5.8661,5.8634,5.8610,5.8583,5.8559,5.8532,5.8506,5.8481,5.8455,5.8430,5.8404,5.8379,5.8355,5.8343,5.8329,5.8317,5.8302,5.8290,5.8276,5.8264,5.8250,5.8236,5.8224,5.8209,5.8195,5.8181,5.8169,5.8161,5.8161,5.8161,5.8161,5.8161,5.8161,5.8161,5.8161,5.8161,5.8161,5.8161,5.8161,5.8161,5.8161,5.8161,5.8161,5.8169,5.8181,5.8191,5.8203,5.8215,5.8226,5.8236,5.8246,5.8256,5.8266,5.8276,5.8286,5.8296,5.8306,5.8317,5.8329,5.8339,5.8347,5.8357,5.8377,5.8400,5.8418,5.8436,5.8457,5.8477,5.8495,5.8516,5.8536,5.8556,5.8575,5.8595,5.8616,5.8636,5.8661,5.8696,5.8733,5.8770,5.8807,5.8846,5.8883,5.8920,5.8959,5.8997,5.9034,5.9071,5.9111,5.9148,5.9188,5.9226,5.9263,5.9303,5.9364,5.9423,5.9484,5.9543,5.9604,5.9663,5.9748,5.9844,5.9942,6.0043,6.0138,6.0237,6.0334,6.0434,6.0532,6.0637,6.0773,6.0907,6.1042,6.2009,7.1473,7.1473,7.1473,7.1473,7.1473,7.1473,7.1473,7.1473,7.1473,7.1473,7.1473,7.1473,7.1473,7.1473,7.1473,7.1473,7.1473,7.1473,7.1473,7.1473,7.1473,7.1473,7.1473,7.1473,7.1473,7.1473,7.1473,7.1473,7.1473,7.1473,7.1473,7.1473,7.1473,7.1473,7.1473,7.1473,7.1473,7.1473,7.1473,7.1473,7.1473,7.1473,7.1473,7.1473,7.1473,7.1473,7.1473,7.1473,7.1473,7.1473,7.1473,7.1473,7.1473,7.1473,7.1473,7.1473,7.1473,7.1473,7.1473,7.1473,7.1473,7.1473,7.1473,7.1473,7.1473,7.1473,7.1473,7.1473,7.1473,7.1473,7.1473,7.1473,7.1473,7.1473,7.1473,7.1473,7.1473,7.1473,7.1473,7.1473,7.1473,7.1473,7.1473,7.1473,7.1473,7.1473,7.1473,7.1473,7.1473,7.1473,7.1473,7.1473,7.1473,7.1473,7.1473,7.1473,7.1473,7.1473,7.1473,7.1473,7.1473,7.1473,7.1473,7.1473,7.1473,7.1473,7.1473,7.1473,7.1473,7.1473,7.1473,7.1473,7.1473,7.1473,7.1473,7.1473,7.1473,7.1473,7.1473,7.1473,7.1473,7.1473,7.1473,7.1473,7.1473,7.1473,7.1473,7.1473,7.1473,7.1473,7.1473,7.1473,7.1473,7.1473,7.1473,7.1473,7.1473,7.1473,7.1473,7.1473,7.1473,7.1473,7.1473,7.1473,7.1473,7.1473,7.1473,7.1473,7.1473,7.1473,7.1473,7.1473,7.1473,7.1473,7.1473,7.1473,7.1473,7.1473,7.1473,7.1473,7.1473,7.1473,7.1473,7.1473,7.1473,7.1473,7.1473,7.1473,7.1473,7.1473,7.1473,7.1473,7.1473,7.1473,7.1473,7.1473,7.1473,7.1473,7.1473,7.1473,7.1473,7.1473,7.1473,7.1473,7.1473,7.1473,7.1473,7.1473,7.1473,7.1473,7.1473,7.1473,7.1473,7.1473,7.1473,7.1473,7.1473,7.1473,7.1473,7.1473,7.1473,7.1473,7.1473,7.1473,7.1473,7.1473,7.1473,7.1473,7.1473,7.1473,7.1473,7.1473,7.1473,7.1473,7.1473,7.1473,7.1473,7.1473,7.1473,7.1473,7.1473,7.1473,7.1473,7.1473,7.1473,7.1473,7.1473,7.1473,7.1473,7.1473,7.1473,7.1473,7.1473,7.1473,7.1473,7.1473,7.1473,7.1473,7.1473,7.1473,7.1473,7.1473,7.1473,7.1473,7.1473,7.1473,7.1473,7.1473,7.1473,7.1473,7.1473,7.1473,7.1473,7.1473,7.1473,7.1473,7.1473,7.1473,7.1473,7.1473,7.1473,7.1473,7.1473,7.1473,7.1473,7.1473,7.1473,7.1473,7.1473,7.1473,7.1473,7.1473,7.1473,7.1473,7.1473,7.1473,7.1473,7.1473,7.1473,7.1473,7.1473,7.1473,7.1473,7.1473,7.1473,7.1473,7.1473,7.1473,7.1473,7.1473,7.1473,7.1473,7.1473,7.1473,7.1473,7.1473,7.1473,7.1473,7.1473,7.1473,7.1473,7.1473,7.1473,7.1473,7.1473,7.1473,7.1473,7.1473,7.1473,7.1473,7.1473,7.1473,7.1473,7.1473,7.1473,7.1473,7.1473,7.1473,7.1473,7.1473,7.1473,7.1473,7.1473,7.1473,7.1473,7.1473,7.1473,7.1473,7.1473,7.1473,7.1473,7.1473,7.1473,7.1473,7.1473,7.1473,7.1473,7.1473,7.1473,7.1473,7.1473,7.1473,7.1473,7.1473,7.1473,7.1473,7.1473,7.1473,7.1473,7.1473,7.1473,7.1473,7.1473,7.1473,7.1473,7.1473,7.1473,7.1473,7.1473,7.1473,7.1473,7.1473,7.1473,7.1473,7.1473,7.1473,7.1473,7.1473,7.1473,7.1473,7.1473,7.1473,7.1473,7.1473,7.1473,7.1473,7.1473,7.1473,7.1473,7.1473,7.1473,7.1473,7.1473,7.1473,7.1473,7.1473,7.1473,7.1473,7.1473,7.1473,7.1473,7.1473,7.1473,7.1473,7.1473,7.1473
7.1418,7.1418,7.1418,7.1418,7.1418,7.1418,7.1418,7.1418,7.1418,7.1418,7.1418,7.1418,7.1418,7.1418,7.1418,7.1418,7.1418,7.1418,7.1418,7.1418,7.1418,7.1418,7.1418,7.1418,7.1418,7.1418,7.1418,7.1418,7.1418,7.1418,7.1418,7.1418,7.1418,7.1418,7.1418,7.1418,7.1418,7.1418,7.1418,7.1418,7.1418,7.1418,7.1418,7.1418,7.1418,7.1418,7.1418,7.1418,7.1418,7.1418,7.1418,7.1418,7.1418,7.1418,7.1418,7.1418,7.1418,7.1418,7.1418,7.1418,7.1418,7.1418,7.1418,7.1418,7.1418,7.1418,7.1418,7.1418,7.1418,7.1418,7.1418,7.1418,7.1418,7.1418,7.1418,7.1418,7.1418,7.1418,7.1418,7.1418,7.1418,7.1418,7.1418,7.1418,7.1418,7.1418,7.1418,7.1418,7.1418,7.1418,7.1418,7.1418,7.1418,7.1418,7.1418,7.1418,7.1418,7.1418,7.1418,7.1418,7.1418,7.1418,7.1418,7.1418,7.1418,7.1418,7.1418,7.1418,7.1418,7.1418,7.1418,7.1418,7.1418,7.1418,7.1418,7.1418,7.1418,7.1418,7.1418,7.1418,7.1418,7.1418,7.1418,7.1418,7.1418,7.1418,7.1418,7.1418,7.1418,7.1418,7.1418,7.1418,7.1418,7.1418,7.1418,7.1418,7.1418,7.1418,7.1418,7.1418,7.1418,7.1418,7.1418,7.1418,7.1418,7.1418,7.1418,7.1418,7.1418,7.1418,7.1418,7.1418,7.1418,7.1418,7.1418,7.1418,7.1418,7.1418,7.1418,7.1418,7.1418,7.1418,7.1418,7.1418,7.1418,7.1418,7.1418,7.1418,7.1418,7.1418,7.1418,7.1418,7.1418,7.1418,7.1418,7.1418,7.1418,7.1418,7.1418,7.1418,7.1418,7.1418,7.1418,7.1418,7.1418,7.1418,7.1418,7.1418,7.1418,7.1418,7.1418,7.1418,7.1418,7.1418,7.1418,7.1418,7.1418,7.1418,7.1418,7.1418,7.1418,7.1418,7.1418,7.1418,7.1418,7.1418,7.1418,7.1418,7.1418,7.1418,7.1418,7.1418,7.1418,7.1418,7.1418,7.1418,7.1418,7.1418,7.1418,7.1418,7.1418,7.1418,7.1418,7.1418,7.1418,7.1418,7.1418,7.1418,7.1418,7.1418,7.1418,7.1418,7.1418,7.1418,7.1418,7.1418,7.1418,7.1418,7.1418,7.1418,7.1418,7.1418,7.1418,7.1418,7.1418,7.1418,7.1418,7.1418,7.1418,7.1418,7.1418,7.1418,7.1418,7.1418,7.1418,7.1418,7.1418,7.1418,7.1418,7.1418,7.1418,7.1418,7.1418,7.1418,7.1418,7.1418,7.1418,7.1418,7.1418,7.1418,7.1418,7.1418,7.1418,7.1418,7.1418,7.1418,7.1418,7.1418,7.1418,7.1418,7.1418,7.1418,7.1418,7.1418,7.1418,7.1418,7.1418,7.1418,7.1418,7.1418,7.1418,7.1418,7.1418,7.1418,7.1418,7.1418,7.1418,7.1418,7.1418,7.1418,7.1418,7.1418,7.1418,7.1418,7.1418,7.1418,7.1418,7.1418,7.1418,7.1418,7.1418,7.1418,7.1418,7.1418,7.1418,7.1418,7.1418,7.1418,7.1418,7.1418,7.1418,7.1418,7.1418,7.1418,7.1418,7.1418,7.1418,7.1418,7.1418,7.1418,7.1418,7.1418,7.1418,7.1418,7.1418,7.1418,7.1418,7.1418,7.1418,7.1418,7.1418,7.1418,7.1418,7.1418,7.1418,7.1418,7.1418,7.1418,7.1418,7.1418,7.1418,7.1418,7.1418,7.1418,7.1418,7.1418,7.1418,7.1418,7.1418,7.1418,7.1418,7.1418,7.1418,7.1418,7.1418,7.1418,7.1418,7.1418,7.1418,7.1418,7.1418,7.1418,7.1418,7.1418,7.1418,7.1418,7.1418,7.1418,7.1418,7.1418,7.1418,7.1418,7.1418,7.1418,7.1418,7.1418,7.1418,7.1418,7.1418,7.1418,7.1418,7.1418,7.1418,7.1418,7.1418,7.1418,7.1418,7.1418,7.1418,7.1418,7.1418,7.1418,7.1418,7.1418,7.1418,7.1418,7.1418,7.1418,7.1418,7.1418,7.1418,6.1595,6.1370,6.1145,6.1007,6.0892,6.0780,6.0668,6.0556,6.0443,6.0332,6.0222,6.0120,6.0049,5.9976,5.9906,5.9833,5.9761,5.9691,5.9619,5.9545,5.9469,5.9395,5.9320,5.9272,5.9228,5.9184,5.9140,5.9096,5.9053,5.9009,5.8966,5.8922,5.8879,5.8846,5.8819,5.8794,5.8768,5.8741,5.8716,5.8690,5.8665,5.8638,5.8612,5.8587,5.8561,5.8536,5.8510,5.8483,5.8459,5.8432,5.8406,5.8390,5.8375,5.8363,5.8349,5.8337,5.8323,5.8308,5.8294,5.8282,5.8268,5.8254,5.8240,5.8228,5.8213,5.8201,5.8189,5.8181,5.8181,5.8181,5.8181,5.8181,5.8181,5.8181,5.8181,5.8181,5.8181,5.8181,5.8181,5.8181,5.8181,5.8185,5.8197,5.8207,5.8220,5.8230,5.8242,5.8252,5.8264,5.8274,5.8284,5.8294,5.8304,5.8315,5.8325,5.8335,5.8345,5.8355,5.8365,5.8375,5.8385,5.8402,5.8420,5.8440,5.8461,5.8479,5.8499,5.8520,5.8540,5.8559,5.8579,5.8599,5.8620,5.8638,5.8659,5.8694,5.8731,5.8765,5.8803,5.8842,5.8879,5.8916,5.8955,5.8993,5.9030,5.9067,5.9107,5.9144,5.9184,5.9221,5.9259,5.9299,5.9336,5.9391,5.9450,5.9511,5.9570,5.9631,5.9697,5.9795,5.9891,5.9989,6.0086,6.0185,6.0282,6.0382,6.0480,6.0611,6.0747,6.0881,6.1016,6.1562,7.1418,7.1418,7.1418,7.1418,7.1418,7.1418,7.1418,7.1418,7.1418,7.1418,7.1418,7.1418,7.1418,7.1418,7.1418,7.1418,7.1418,7.1418,7.1418,7.1418,7.1418,7.1418,7.1418,7.1418,7.1418,7.1418,7.1418,7.1418,7.1418,7.1418,7.1418,7.1418,7.1418,7.1418,7.1418,7.1418,7.1418,7.1418,7.1418,7.1418,7.1418,7.1418,7.1418,7.1418,7.1418,7.1418,7.1418,7.1418,7.1418,7.1418,7.1418,7.1418,7.1418,7.1418,7.1418,7.1418,7.1418,7.1418,7.1418,7.1418,7.1418,7.1418,7.1418,7.1418,7.1412,7.1412,7.1412,7.1412,7.1412,7.1412,7.1412,7.1412,7.1412,7.1412,7.1412,7.1412,7.1412,7.1412,7.1412,7.1412,7.1412,7.1412,7.1412,7.1412,7.1412,7.1412,7.1412,7.1412,7.1412,7.1412,7.1412,7.1412,7.1412,7.1412,7.1412,7.1412,7.1412,7.1412,7.1412,7.1412,7.1412,7.1412,7.1412,7.1412,7.1412,7.1412,7.1412,7.1412,7.1412,7.1412,7.1412,7.1412,7.1412,7.1412,7.1412,7.1412,7.1412,7.1412,7.1412,7.1412,7.1412,7.1412,7.1412,7.1412,7.1412,7.1412,7.1412,7.1412,7.1412,7.1412,7.1412,7.1412,7.1412,7.1412,7.1412,7.1412,7.1412,7.1412,7.1412,7.1412,7.1412,7.1412,7.1412,7.1412,7.1412,7.1412,7.1412,7.1412,7.1412,7.1412,7.1412,7.1412,7.1412,7.1412,7.1412,7.1412,7.1412,7.1412,7.1412,7.1412,7.1412,7.1412,7.1412,7.1412,7.1412,7.1412,7.1412,7.1412,7.1412,7.1412,7.1412,7.1412,7.1412,7.1412,7.1412,7.1412,7.1412,7.1412,7.1412,7.1412,7.1412,7.1412,7.1412,7.1412,7.1412,7.1412,7.1412,7.1412,7.1412,7.1412,7.1412,7.1412,7.1412,7.1412,7.1412,7.1412,7.1412,7.1412,7.1412,7.1412,7.1412,7.1412,7.1412,7.1412,7.1412,7.1412,7.1412,7.1412,7.1412,7.1412,7.1412,7.1412,7.1412,7.1412,7.1412,7.1412,7.1412,7.1412,7.1412,7.1412,7.1412,7.1412,7.1412,7.1412,7.1412,7.1412,7.1412,7.1412,7.1412,7.1412,7.1412,7.1412,7.1412,7.1412,7.1412,7.1412,7.1412,7.1412,7.1412,7.1412,7.1412,7.1412,7.1412,7.1412,7.1412,7.1412,7.1412,7.1412,7.1412,7.1412,7.1412,7.1412,7.1412,7.1412,7.1412,7.1412,7.1412,7.1412,7.1412,7.1412,7.1412,7.1412,7.1412,7.1412,7.1412,7.1412,7.1412,7.1412,7.1412,7.1412,7.1412,7.1412,7.1412,7.1412,7.1412,7.1412,7.1412,7.1412,7.1412,7.1412,7.1412,7.1412,7.1412,7.1412,7.1412,7.1412,7.1412,7.1412,7.1412,7.1412,7.1412,7.1412,7.1412,7.1412,7.1412,7.1412,7.1412,7.1412,7.1412,7.1412,7.1412,7.1412,7.1412,7.1412,7.1412,7.1412,7.1412,7.1412,7.1412,7.1412,7.1412,7.1412,7.1412,7.1412,7.1412,7.1412,7.1412,7.1412,7.1412,7.1412,7.1412,7.1412,7.1412,7.1412,7.1412,7.1412,7.1412,7.1412,7.1412,7.1412,7.1412,7.1412,7.1412,7.1412,7.1412,7.1412,7.1412,7.1412,7.1412,7.1412,7.1412,7.1412,7.1412,7.1412,7.1412,7.1412,7.1412,7.1412,7.1412,7.1412,7.1412,7.1412,7.1412,7.1412,7.1412,7.1412,7.1412,7.1412,7.1412,7.1412,7.1412,7.1412,7.1412,7.1412,7.1412,7.1412,7.1412,7.1412,7.1412,7.1412,7.1412,7.1412,7.1412,7.1412,7.1412,7.1412,7.1412,7.1412,7.1412,7.1412,7.1412,7.1412,7.1412,7.1412,7.1412,7.1412,7.1412,7.1412,7.1412,7.1412,7.1412,7.1412,7.1412,7.1412,7.1412,7.1412,7.1412
7.1361,7.1361,7.1361,7.1361,7.1361,7.1361,7.1361,7.1361,7.1361,7.1361,7.1361,7.1361,7.1361,7.1361,7.1361,7.1361,7.1361,7.1361,7.1361,7.1361,7.1361,7.1361,7.1361,7.1361,7.1361,7.1361,7.1361,7.1361,7.1361,7.1361,7.1361,7.1361,7.1361,7.1361,7.1361,7.1361,7.1361,7.1361,7.1361,7.1361,7.1361,7.1361,7.1361,7.1361,7.1361,7.1361,7.1361,7.1361,7.1361,7.1361,7.1361,7.1361,7.1361,7.1361,7.1361,7.1361,7.1361,7.1361,7.1361,7.1361,7.1361,7.1361,7.1361,7.1361,7.1361,7.1361,7.1361,7.1361,7.1361,7.1361,7.1361,7.1361,7.1361,7.1361,7.1361,7.1361,7.1355,7.1355,7.1355,7.1355,7.1355,7.1355,7.1355,7.1355,7.1355,7.1355,7.1355,7.1355,7.1355,7.1355,7.1355,7.1355,7.1355,7.1355,7.1355,7.1355,7.1355,7.1355,7.1355,7.1355,7.1355,7.1355,7.1355,7.1355,7.1355,7.1355,7.1355,7.1355,7.1355,7.1355,7.1355,7.1355,7.1355,7.1355,7.1355,7.1355,7.1355,7.1355,7.1355,7.1355,7.1355,7.1355,7.1355,7.1355,7.1355,7.1355,7.1355,7.1355,7.1355,7.1355,7.1355,7.1355,7.1355,7.1355,7.1355,7.1355,7.1355,7.1355,7.1355,7.1355,7.1355,7.1355,7.1355,7.1355,7.1355,7.1355,7.1355,7.1355,7.1355,7.1355,7.1355,7.1355,7.1355,7.1355,7.1355,7.1355,7.1355,7.1355,7.1355,7.1355,7.1355,7.1355,7.1355,7.1355,7.1355,7.1355,7.1355,7.1355,7.1355,7.1355,7.1355,7.1355,7.1355,7.1355,7.1355,7.1355,7.1355,7.1355,7.1355,7.1355,7.1355,7.1355,7.1355,7.1355,7.1355,7.1355,7.1355,7.1355,7.1355,7.1355,7.1355,7.1355,7.1355,7.1355,7.1355,7.1355,7.1355,7.1355,7.1355,7.1355,7.1355,7.1355,7.1355,7.1355,7.1355,7.1355,7.1355,7.1355,7.1355,7.1355,7.1355,7.1355,7.1355,7.1355,7.1355,7.1355,7.1355,7.1355,7.1355,7.1355,7.1355,7.1355,7.1355,7.1355,7.1355,7.1355,7.1355,7.1355,7.1355,7.1355,7.1355,7.1355,7.1355,7.1355,7.1355,7.1355,7.1355,7.1355,7.1355,7.1355,7.1355,7.1355,7.1355,7.1355,7.1355,7.1355,7.1355,7.1355,7.1355,7.1355,7.1355,7.1355,7.1355,7.1355,7.1355,7.1355,7.1355,7.1355,7.1355,7.1355,7.1355,7.1355,7.1355,7.1355,7.1355,7.1355,7.1355,7.1355,7.1355,7.1355,7.1355,7.1355,7.1355,7.1355,7.1355,7.1355,7.1355,7.1355,7.1355,7.1355,7.1355,7.1355,7.1355,7.1355,7.1355,7.1355,7.1355,7.1355,7.1355,7.1355,7.1355,7.1355,7.1355,7.1355,7.1355,7.1355,7.1355,7.1355,7.1355,7.1355,7.1355,7.1355,7.1355,7.1355,7.1355,7.1355,7.1355,7.1355,7.1355,7.1355,7.1355,7.1355,7.1355,7.1355,7.1355,7.1355,7.1355,7.1355,7.1355,7.1355,7.1355,7.1355,7.1355,7.1355,7.1355,7.1355,7.1355,7.1355,7.1355,7.1355,7.1355,7.1355,7.1355,7.1355,7.1355,7.1355,7.1355,7.1355,7.1355,7.1355,7.1355,7.1355,7.1355,7.1355,7.1355,7.1355,7.1355,7.1355,7.1355,7.1355,7.1355,7.1355,7.1355,7.1355,7.1355,7.1355,7.1355,7.1355,7.1355,7.1355,7.1355,7.1355,7.1355,7.1355,7.1355,7.1355,7.1355,7.1355,7.1355,7.1355,7.1355,7.1355,7.1355,7.1355,7.1355,7.1355,7.1355,7.1355,7.1355,7.1355,7.1355,7.1355,7.1355,7.1355,7.1355,7.1355,7.1355,7.1355,7.1355,7.1355,7.1355,7.1355,7.1355,7.1355,7.1355,7.1355,7.1355,7.1355,7.1355,7.1355,7.1355,7.1355,7.1355,7.1355,7.1355,7.1355,7.1355,7.1355,7.1355,7.1355,7.1355,6.1679,6.1453,6.1227,6.1076,6.0963,6.0848,6.0736,6.0624,6.0510,6.0399,6.0286,6.0174,6.0090,6.0017,5.9946,5.9874,5.9803,5.9731,5.9659,5.9587,5.9513,5.9437,5.9362,5.9316,5.9272,5.9228,5.9184,5.9140,5.9096,5.9053,5.9009,5.8966,5.8922,5.8881,5.8850,5.8823,5.8796,5.8772,5.8745,5.8718,5.8694,5.8667,5.8642,5.8616,5.8589,5.8565,5.8538,5.8514,5.8487,5.8461,5.8436,5.8422,5.8408,5.8394,5.8381,5.8369,5.8355,5.8339,5.8329,5.8313,5.8298,5.8284,5.8272,5.8258,5.8244,5.8232,5.8220,5.8207,5.8201,5.8201,5.8201,5.8201,5.8201,5.8201,5.8201,5.8201,5.8201,5.8201,5.8201,5.8201,5.8201,5.8211,5.8224,5.8234,5.8246,5.8256,5.8268,5.8278,5.8290,5.8300,5.8313,5.8325,5.8335,5.8343,5.8353,5.8363,5.8375,5.8383,5.8396,5.8404,5.8414,5.8424,5.8444,5.8463,5.8483,5.8503,5.8524,5.8542,5.8563,5.8583,5.8603,5.8622,5.8642,5.8663,5.8692,5.8729,5.8763,5.8800,5.8838,5.8875,5.8912,5.8951,5.8988,5.9026,5.9063,5.9103,5.9140,5.9178,5.9217,5.9255,5.9295,5.9332,5.9370,5.9418,5.9477,5.9538,5.9598,5.9659,5.9744,5.9840,5.9938,6.0034,6.0133,6.0230,6.0330,6.0449,6.0584,6.0718,6.0854,6.0989,6.1200,6.2697,7.1355,7.1355,7.1355,7.1355,7.1355,7.1355,7.1355,7.1355,7.1355,7.1355,7.1355,7.1355,7.1355,7.1355,7.1355,7.1355,7.1355,7.1355,7.1355,7.1355,7.1355,7.1355,7.1355,7.1355,7.1355,7.1355,7.1355,7.1355,7.1355,7.1355,7.1355,7.1355,7.1355,7.1355,7.1355,7.1355,7.1355,7.1355,7.1355,7.1355,7.1355,7.1355,7.1355,7.1355,7.1355,7.1355,7.1355,7.1355,7.1355,7.1355,7.1355,7.1355,7.1355,7.1355,7.1355,7.1355,7.1355,7.1355,7.1355,7.1355,7.1355,7.1355,7.1355,7.1355,7.1355,7.1355,7.1355,7.1355,7.1355,7.1355,7.1355,7.1355,7.1355,7.1355,7.1355,7.1355,7.1355,7.1355,7.1355,7.1355,7.1355,7.1355,7.1355,7.1355,7.1355,7.1355,7.1355,7.1355,7.1355,7.1355,7.1355,7.1355,7.1355,7.1355,7.1355,7.1355,7.1355,7.1355,7.1355,7.1355,7.1355,7.1355,7.1355,7.1355,7.1355,7.1355,7.1355,7.1355,7.1355,7.1355,7.1355,7.1355,7.1355,7.1355,7.1355,7.1355,7.1355,7.1355,7.1355,7.1355,7.1355,7.1355,7.1355,7.1355,7.1355,7.1355,7.1355,7.1355,7.1355,7.1355,7.1355,7.1355,7.1355,7.1355,7.1355,7.1355,7.1355,7.1355,7.1355,7.1355,7.1355,7.1355,7.1355,7.1355,7.1355,7.1355,7.1355,7.1355,7.1355,7.1355,7.1355,7.1355,7.1355,7.1355,7.1355,7.1355,7.1355,7.1355,7.1355,7.1355,7.1355,7.1355,7.1355,7.1355,7.1355,7.1355,7.1355,7.1355,7.1355,7.1355,7.1355,7.1355,7.1355,7.1355,7.1355,7.1355,7.1355,7.1355,7.1355,7.1355,7.1355,7.1355,7.1355,7.1355,7.1355,7.1355,7.1355,7.1355,7.1355,7.1355,7.1355,7.1355,7.1355,7.1355,7.1355,7.1355,7.1355,7.1355,7.1355,7.1355,7.1355,7.1355,7.1355,7.1355,7.1355,7.1355,7.1355,7.1355,7.1355,7.1355,7.1355,7.1355,7.1355,7.1355,7.1355,7.1355,7.1355,7.1355,7.1355,7.1355,7.1355,7.1355,7.1355,7.1355,7.1355,7.1355,7.1355,7.1355,7.1355,7.1355,7.1355,7.1355,7.1355,7.1355,7.1355,7.1355,7.1355,7.1355,7.1355,7.1355,7.1355,7.1355,7.1355,7.1355,7.1355,7.1355,7.1355,7.1355,7.1355,7.1355,7.1355,7.1355,7.1355,7.1355,7.1355,7.1355,7.1355,7.1355,7.1355,7.1355,7.1355,7.1355,7.1355,7.1355,7.1355,7.1355,7.1355,7.1355,7.1355,7.1355,7.1355,7.1355,7.1355,7.1355,7.1355,7.1355,7.1355,7.1355,7.1355,7.1355,7.1355,7.1355,7.1355,7.1355,7.1355,7.1355,7.1355,7.1355,7.1355,7.1355,7.1355,7.1355,7.1355,7.1355,7.1355,7.1355,7.1355,7.1355,7.1355,7.1355,7.1355,7.1355,7.1355,7.1355,7.1355,7.1355,7.1355,7.1355,7.1355,7.1355,7.1355,7.1355,7.1355,7.1355,7.1355,7.1355,7.1355,7.1355,7.1355,7.1355,7.1355,7.1355,7.1355,7.1355,7.1355,7.1355,7.1355,7.1355,7.1355,7.1355,7.1355,7.1355,7.1355,7.1355,7.1355,7.1355,7.1355,7.1355,7.1355,7.1355,7.1355,7.1355,7.1355,7.1355,7.1355,7.1355,7.1355,7.1355,7.1355,7.1355,7.1355,7.1355,7.1355,7.1355,7.1355,7.1355,7.1355,7.1355,7.1355,7.1355,7.1355,7.1355,7.1355,7.1355,7.1355,7.1355,7.1355,7.1355,7.1355,7.1355,7.1355,7.1355,7.1355,7.1355,7.1355,7.1355,7.1355,7.1355,7.1355,7.1355,7.1355,7.1355,7.1355,7.1355,7.1355,7.1355,7.1355,7.1355,7.1355,7.1355,7.1355,7.1355,7.1355,7.1355,7.1355,7.1355,7.1355
7.1297,7.1297,7.1297,7.1297,7.1297,7.1297,7.1297,7.1297,7.1297,7.1297,7.1297,7.1297,7.1297,7.1297,7.1297,7.1297,7.1297,7.1297,7.1297,7.1297,7.1297,7.1297,7.1297,7.1297,7.1297,7.1297,7.1297,7.1297,7.1297,7.1297,7.1297,7.1297,7.1297,7.1297,7.1297,7.1297,7.1297,7.1297,7.1297,7.1297,7.1297,7.1297,7.1297,7.1297,7.1297,7.1297,7.1297,7.1297,7.1297,7.1297,7.1297,7.1297,7.1297,7.1297,7.1297,7.1297,7.1297,7.1297,7.1297,7.1297,7.1297,7.1297,7.1297,7.1297,7.1297,7.1297,7.1297,7.1297,7.1297,7.1297,7.1297,7.1297,7.1297,7.1297,7.1297,7.1297,7.1297,7.1297,7.1297,7.1297,7.1297,7.1297,7.1297,7.1297,7.1297,7.1297,7.1297,7.1297,7.1297,7.1297,7.1297,7.1297,7.1297,7.1297,7.1297,7.1297,7.1297,7.1297,7.1297,7.1297,7.1297,7.1297,7.1297,7.1297,7.1297,7.1297,7.1297,7.1297,7.1297,7.1297,7.1297,7.1297,7.1297,7.1297,7.1297,7.1297,7.1297,7.1297,7.1297,7.1297,7.1297,7.1297,7.1297,7.1297,7.1297,7.1297,7.1297,7.1297,7.1297,7.1297,7.1297,7.1297,7.1297,7.1297,7.1297,7.1297,7.1297,7.1297,7.1297,7.1297,7.1297,7.1297,7.1297,7.1297,7.1297,7.1297,7.1297,7.1297,7.1297,7.1297,7.1297,7.1297,7.1297,7.1297,7.1297,7.1297,7.1297,7.1297,7.1297,7.1297,7.1297,7.1297,7.1297,7.1297,7.1297,7.1297,7.1297,7.1297,7.1297,7.1297,7.1297,7.1297,7.1297,7.1297,7.1297,7.1297,7.1297,7.1297,7.1297,7.1297,7.1297,7.1297,7.1297,7.1297,7.1297,7.1297,7.1297,7.1297,7.1297,7.1297,7.1297,7.1297,7.1297,7.1297,7.1297,7.1297,7.1297,7.1297,7.1297,7.1297,7.1297,7.1297,7.1297,7.1297,7.1297,7.1297,7.1297,7.1297,7.1297,7.1297,7.1297,7.1297,7.1297,7.1297,7.1297,7.1297,7.1297,7.1297,7.1297,7.1297,7.1297,7.1297,7.1297,7.1297,7.1297,7.1297,7.1297,7.1297,7.1297,7.1297,7.1297,7.1297,7.1297,7.1297,7.1297,7.1297,7.1297,7.1297,7.1297,7.1297,7.1297,7.1297,7.1297,7.1297,7.1297,7.1297,7.1297,7.1297,7.1297,7.1297,7.1297,7.1297,7.1297,7.1297,7.1297,7.1297,7.1297,7.1297,7.1297,7.1297,7.1297,7.1297,7.1297,7.1297,7.1297,7.1297,7.1297,7.1297,7.1297,7.1297,7.1297,7.1297,7.1297,7.1297,7.1297,7.1297,7.1297,7.1297,7.1297,7.1297,7.1297,7.1297,7.1297,7.1297,7.1297,7.1297,7.1297,7.1297,7.1297,7.1297,7.1297,7.1297,7.1297,7.1297,7.1297,7.1297,7.1297,7.1297,7.1297,7.1297,7.1297,7.1297,7.1297,7.1297,7.1297,7.1297,7.1297,7.1297,7.1297,7.1297,7.1297,7.1297,7.1297,7.1297,7.1297,7.1297,7.1297,7.1297,7.1297,7.1297,7.1297,7.1297,7.1297,7.1297,7.1297,7.1297,7.1297,7.1297,7.1297,7.1297,7.1297,7.1297,7.1297,7.1297,7.1297,7.1297,7.1297,7.1297,7.1297,7.1297,7.1297,7.1297,7.1297,7.1297,7.1297,7.1297,7.1297,7.1297,7.1297,7.1297,7.1297,7.1297,7.1297,7.1297,7.1297,7.1297,7.1297,7.1297,7.1297,7.1297,7.1297,7.1297,7.1297,7.1297,7.1297,7.1297,7.1297,7.1297,7.1297,7.1297,7.1297,7.1297,7.1297,7.1297,7.1297,7.1297,7.1297,7.1297,7.1297,7.1297,7.1297,7.1297,7.1297,7.1297,7.1297,7.1297,7.1297,7.1297,7.1297,7.1297,7.1297,7.1297,7.1297,7.1297,7.1297,7.1297,7.1297,7.1297,7.1297,7.1297,7.1297,7.1297,7.1297,7.1297,7.1297,7.1297,7.1297,7.1297,7.1297,7.1297,7.1297,7.1297,6.1537,6.1312,6.1145,6.1031,6.0916,6.0804,6.0692,6.0578,6.0467,6.0354,6.0241,6.0131,6.0058,5.9987,5.9914,5.9844,5.9772,5.9701,5.9629,5.9555,5.9479,5.9406,5.9360,5.9316,5.9272,5.9228,5.9184,5.9140,5.9096,5.9055,5.9011,5.8968,5.8924,5.8881,5.8852,5.8825,5.8800,5.8774,5.8749,5.8722,5.8696,5.8671,5.8644,5.8620,5.8593,5.8567,5.8542,5.8516,5.8489,5.8467,5.8453,5.8440,5.8426,5.8412,5.8400,5.8385,5.8371,5.8357,5.8343,5.8331,5.8317,5.8302,5.8288,5.8276,5.8264,5.8252,5.8240,5.8228,5.8222,5.8222,5.8222,5.8222,5.8222,5.8222,5.8222,5.8222,5.8222,5.8222,5.8222,5.8228,5.8238,5.8250,5.8260,5.8272,5.8282,5.8294,5.8304,5.8317,5.8327,5.8339,5.8349,5.8361,5.8371,5.8381,5.8392,5.8402,5.8414,5.8422,5.8432,5.8440,5.8451,5.8467,5.8487,5.8508,5.8526,5.8546,5.8567,5.8587,5.8606,5.8626,5.8646,5.8667,5.8690,5.8724,5.8761,5.8798,5.8833,5.8871,5.8908,5.8947,5.8984,5.9022,5.9059,5.9098,5.9136,5.9173,5.9213,5.9251,5.9290,5.9328,5.9366,5.9406,5.9446,5.9507,5.9566,5.9625,5.9693,5.9789,5.9887,5.9985,6.0082,6.0181,6.0291,6.0423,6.0558,6.0692,6.0828,6.0963,6.1096,6.2131,7.1297,7.1297,7.1297,7.1297,7.1297,7.1297,7.1297,7.1297,7.1297,7.1297,7.1297,7.1297,7.1297,7.1297,7.1297,7.1297,7.1297,7.1297,7.1297,7.1297,7.1297,7.1297,7.1297,7.1297,7.1297,7.1297,7.1297,7.1297,7.1297,7.1297,7.1297,7.1297,7.1297,7.1297,7.1297,7.1297,7.1297,7.1297,7.1297,7.1297,7.1297,7.1297,7.1297,7.1297,7.1297,7.1297,7.1297,7.1297,7.1297,7.1297,7.1297,7.1297,7.1297,7.1297,7.1297,7.1297,7.1297,7.1297,7.1297,7.1297,7.1297,7.1297,7.1297,7.1297,7.1297,7.1303,7.1303,7.1303,7.1303,7.1303,7.1303,7.1303,7.1303,7.1303,7.1303,7.1303,7.1303,7.1303,7.1303,7.1303,7.1303,7.1303,7.1303,7.1303,7.1303,7.1303,7.1303,7.1303,7.1303,7.1303,7.1303,7.1303,7.1303,7.1303,7.1303,7.1303,7.1303,7.1303,7.1303,7.1303,7.1303,7.1303,7.1303,7.1303,7.1303,7.1303,7.1303,7.1303,7.1303,7.1303,7.1303,7.1303,7.1303,7.1303,7.1303,7.1303,7.1303,7.1303,7.1303,7.1303,7.1303,7.1303,7.1303,7.1303,7.1303,7.1303,7.1303,7.1303,7.1303,7.1303,7.1303,7.1303,7.1303,7.1303,7.1303,7.1303,7.1303,7.1303,7.1303,7.1303,7.1303,7.1303,7.1303,7.1303,7.1303,7.1303,7.1303,7.1303,7.1303,7.1303,7.1303,7.1303,7.1303,7.1303,7.1303,7.1303,7.1303,7.1303,7.1303,7.1303,7.1303,7.1303,7.1303,7.1303,7.1303,7.1303,7.1303,7.1303,7.1303,7.1303,7.1303,7.1303,7.1303,7.1303,7.1303,7.1303,7.1303,7.1303,7.1303,7.1303,7.1303,7.1303,7.1303,7.1303,7.1303,7.1303,7.1303,7.1303,7.1303,7.1303,7.1303,7.1303,7.1303,7.1303,7.1303,7.1303,7.1303,7.1303,7.1303,7.1303,7.1303,7.1303,7.1303,7.1303,7.1303,7.1303,7.1303,7.1303,7.1303,7.1303,7.1303,7.1303,7.1303,7.1303,7.1303,7.1303,7.1303,7.1303,7.1303,7.1303,7.1303,7.1303,7.1303,7.1303,7.1303,7.1303,7.1303,7.1303,7.1303,7.1303,7.1303,7.1303,7.1303,7.1303,7.1303,7.1303,7.1303,7.1303,7.1303,7.1303,7.1303,7.1303,7.1303,7.1303,7.1303,7.1303,7.1303,7.1303,7.1303,7.1303,7.1303,7.1303,7.1303,7.1303,7.1303,7.1303,7.1303,7.1303,7.1303,7.1303,7.1303,7.1303,7.1303,7.1303,7.1303,7.1303,7.1303,7.1303,7.1303,7.1303,7.1303,7.1303,7.1303,7.1303,7.1303,7.1303,7.1303,7.1303,7.1303,7.1303,7.1303,7.1303,7.1303,7.1303,7.1303,7.1303,7.1303,7.1303,7.1303,7.1303,7.1303,7.1303,7.1303,7.1303,7.1303,7.1303,7.1303,7.1303,7.1303,7.1303,7.1303,7.1303,7.1303,7.1303,7.1303,7.1303,7.1303,7.1303,7.1303,7.1303,7.1303,7.1303,7.1303,7.1303,7.1303,7.1303,7.1303,7.1303,7.1303,7.1303,7.1303,7.1303,7.1303,7.1303,7.1303,7.1303,7.1303,7.1303,7.1303,7.1303,7.1303,7.1303,7.1303,7.1303,7.1303,7.1303,7.1303,7.1303,7.1303,7.1303,7.1303,7.1303,7.1303,7.1303,7.1303,7.1303,7.1303,7.1303,7.1303,7.1303,7.1303,7.1303,7.1303,7.1303,7.1303,7.1303,7.1303,7.1303,7.1303,7.1303,7.1303,7.1303,7.1303,7.1303,7.1303,7.1303,7.1303,7.1303,7.1303,7.1303,7.1303,7.1303,7.1303,7.1303,7.1303,7.1303,7.1303,7.1303,7.1303,7.1303,7.1303,7.1303,7.1303,7.1303,7.1303,7.1303,7.1303,7.1303,7.1303,7.1303,7.1303,7.1303,7.1303,7.1303,7.1303,7.1303,7.1303,7.1303
7.1243,7.1243,7.1243,7.1243,7.1243,7.1243,7.1243,7.1243,7.1243,7.1243,7.1243,7.1243,7.1243,7.1243,7.1243,7.1243,7.1243,7.1243,7.1243,7.1243,7.1243,7.1243,7.1243,7.1243,7.1243,7.1243,7.1243,7.1243,7.1243,7.1243,7.1243,7.1243,7.1243,7.1243,7.1243,7.1243,7.1243,7.1243,7.1243,7.1243,7.1243,7.1243,7.1243,7.1243,7.1243,7.1243,7.1243,7.1243,7.1243,7.1243,7.1243,7.1243,7.1243,7.1243,7.1243,7.1243,7.1243,7.1243,7.1243,7.1243,7.1243,7.1243,7.1243,7.1243,7.1243,7.1243,7.1243,7.1243,7.1243,7.1243,7.1243,7.1243,7.1243,7.1243,7.1243,7.1243,7.1243,7.1243,7.1243,7.1243,7.1243,7.1243,7.1243,7.1243,7.1243,7.1243,7.1243,7.1243,7.1243,7.1243,7.1243,7.1243,7.1243,7.1243,7.1243,7.1243,7.1243,7.1243,7.1243,7.1243,7.1243,7.1243,7.1243,7.1243,7.1243,7.1243,7.1243,7.1243,7.1243,7.1243,7.1243,7.1243,7.1243,7.1243,7.1243,7.1243,7.1243,7.1243,7.1243,7.1243,7.1243,7.1243,7.1243,7.1243,7.1243,7.1243,7.1243,7.1243,7.1243,7.1243,7.1243,7.1243,7.1243,7.1243,7.1243,7.1243,7.1243,7.1243,7.1243,7.1243,7.1243,7.1243,7.1243,7.1243,7.1243,7.1243,7.1243,7.1243,7.1243,7.1243,7.1243,7.1243,7.1246,7.1246,7.1246,7.1246,7.1246,7.1246,7.1246,7.1246,7.1246,7.1246,7.1246,7.1246,7.1246,7.1246,7.1246,7.1246,7.1246,7.1246,7.1246,7.1246,7.1246,7.1246,7.1246,7.1246,7.1246,7.1246,7.1246,7.1246,7.1246,7.1246,7.1246,7.1246,7.1246,7.1246,7.1246,7.1246,7.1246,7.1246,7.1246,7.1246,7.1246,7.1246,7.1246,7.1246,7.1246,7.1246,7.1246,7.1246,7.1246,7.1246,7.1246,7.1246,7.1246,7.1246,7.1246,7.1246,7.1246,7.1246,7.1246,7.1246,7.1246,7.1246,7.1246,7.1246,7.1246,7.1246,7.1246,7.1246,7.1246,7.1246,7.1246,7.1246,7.1246,7.1246,7.1246,7.1246,7.1246,7.1246,7.1246,7.1246,7.1246,7.1246,7.1246,7.1246,7.1246,7.1246,7.1246,7.1246,7.1246,7.1246,7.1246,7.1246,7.1246,7.1246,7.1246,7.1246,7.1246,7.1246,7.1246,7.1246,7.1246,7.1246,7.1246,7.1246,7.1246,7.1246,7.1246,7.1246,7.1246,7.1246,7.1246,7.1246,7.1246,7.1246,7.1246,7.1246,7.1246,7.1246,7.1246,7.1246,7.1246,7.1246,7.1246,7.1246,7.1246,7.1246,7.1246,7.1246,7.1246,7.1246,7.1246,7.1246,7.1246,7.1246,7.1246,7.1246,7.1246,7.1246,7.1246,7.1246,7.1246,7.1246,7.1246,7.1246,7.1246,7.1246,7.1246,7.1246,7.1246,7.1246,7.1246,7.1246,7.1246,7.1246,7.1246,7.1246,7.1246,7.1246,7.1246,7.1246,7.1246,7.1246,7.1246,7.1246,7.1246,7.1246,7.1246,7.1246,7.1246,7.1246,7.1246,7.1246,7.1246,7.1246,7.1246,7.1246,7.1246,7.1246,7.1246,7.1246,7.1246,7.1246,7.1246,7.1246,7.1246,7.1246,7.1246,7.1246,7.1246,7.1246,7.1246,7.1246,7.1246,7.1246,7.1246,7.1246,7.1246,7.1246,7.1246,7.1246,7.1246,7.1246,7.1246,7.1246,7.1246,7.1246,7.1246,7.1246,7.1246,7.1246,7.1246,7.1246,7.1246,7.1246,7.1246,7.1246,7.1246,7.1246,7.1246,7.1246,7.1246,7.1246,7.1246,7.1246,7.1246,7.1246,7.1246,7.1246,7.1246,7.1246,7.1246,7.1246,7.1246,7.1246,7.1246,7.1246,7.1246,7.1246,7.1246,7.1246,7.1246,7.1246,7.1246,7.1246,7.1246,7.1246,7.1246,7.1246,7.1246,7.1246,7.1246,7.1246,7.1246,7.1246,7.1246,7.1246,7.1246,7.1246,7.1246,7.1246,6.1620,6.1395,6.1214,6.1100,6.0985,6.0872,6.0760,6.0646,6.0532,6.0419,6.0306,6.0194,6.0099,6.0028,5.9957,5.9884,5.9814,5.9742,5.9670,5.9598,5.9522,5.9448,5.9404,5.9360,5.9316,5.9272,5.9228,5.9186,5.9142,5.9098,5.9055,5.9011,5.8968,5.8924,5.8881,5.8854,5.8829,5.8803,5.8776,5.8751,5.8724,5.8698,5.8673,5.8646,5.8622,5.8595,5.8569,5.8544,5.8518,5.8497,5.8485,5.8471,5.8457,5.8442,5.8430,5.8416,5.8404,5.8392,5.8375,5.8361,5.8347,5.8335,5.8321,5.8308,5.8294,5.8282,5.8270,5.8258,5.8246,5.8242,5.8242,5.8242,5.8242,5.8242,5.8242,5.8242,5.8242,5.8242,5.8242,5.8254,5.8264,5.8276,5.8286,5.8298,5.8308,5.8321,5.8331,5.8343,5.8353,5.8365,5.8375,5.8390,5.8402,5.8410,5.8420,5.8430,5.8440,5.8448,5.8459,5.8469,5.8479,5.8491,5.8510,5.8530,5.8550,5.8571,5.8589,5.8610,5.8630,5.8651,5.8669,5.8690,5.8722,5.8759,5.8796,5.8831,5.8868,5.8906,5.8943,5.8980,5.9017,5.9055,5.9094,5.9132,5.9169,5.9209,5.9246,5.9286,5.9324,5.9362,5.9402,5.9439,5.9479,5.9534,5.9593,5.9655,5.9740,5.9835,5.9934,6.0030,6.0131,6.0263,6.0397,6.0530,6.0665,6.0799,6.0934,6.1069,6.1523,7.1246,7.1246,7.1246,7.1246,7.1246,7.1246,7.1246,7.1246,7.1246,7.1246,7.1246,7.1246,7.1246,7.1246,7.1246,7.1246,7.1246,7.1246,7.1246,7.1246,7.1246,7.1246,7.1246,7.1246,7.1246,7.1246,7.1246,7.1246,7.1246,7.1246,7.1246,7.1246,7.1246,7.1246,7.1246,7.1246,7.1246,7.1246,7.1246,7.1246,7.1246,7.1246,7.1246,7.1246,7.1246,7.1246,7.1246,7.1246,7.1246,7.1246,7.1246,7.1246,7.1246,7.1246,7.1246,7.1246,7.1246,7.1246,7.1246,7.1246,7.1246,7.1246,7.1246,7.1246,7.1246,7.1246,7.1246,7.1246,7.1246,7.1246,7.1246,7.1246,7.1246,7.1246,7.1246,7.1246,7.1246,7.1246,7.1246,7.1246,7.1246,7.1246,7.1246,7.1246,7.1246,7.1246,7.1246,7.1246,7.1246,7.1246,7.1246,7.1246,7.1246,7.1246,7.1246,7.1246,7.1246,7.1246,7.1246,7.1246,7.1246,7.1246,7.1246,7.1246,7.1246,7.1246,7.1246,7.1246,7.1246,7.1246,7.1246,7.1246,7.1246,7.1246,7.1246,7.1246,7.1246,7.1246,7.1246,7.1246,7.1246,7.1246,7.1246,7.1246,7.1246,7.1246,7.1246,7.1246,7.1246,7.1246,7.1246,7.1246,7.1246,7.1246,7.1246,7.1246,7.1246,7.1246,7.1246,7.1246,7.1246,7.1246,7.1246,7.1246,7.1246,7.1246,7.1246,7.1246,7.1246,7.1246,7.1246,7.1246,7.1246,7.1246,7.1246,7.1246,7.1246,7.1246,7.1246,7.1246,7.1246,7.1246,7.1246,7.1246,7.1246,7.1246,7.1246,7.1246,7.1246,7.1246,7.1246,7.1246,7.1246,7.1246,7.1246,7.1246,7.1246,7.1246,7.1246,7.1246,7.1246,7.1246,7.1246,7.1246,7.1246,7.1246,7.1246,7.1246,7.1246,7.1246,7.1246,7.1246,7.1246,7.1246,7.1246,7.1246,7.1246,7.1246,7.1246,7.1246,7.1246,7.1246,7.1246,7.1246,7.1246,7.1246,7.1246,7.1246,7.1246,7.1246,7.1246,7.1246,7.1246,7.1246,7.1246,7.1246,7.1246,7.1246,7.1246,7.1246,7.1246,7.1246,7.1246,7.1246,7.1246,7.1246,7.1246,7.1246,7.1246,7.1246,7.1246,7.1246,7.1246,7.1246,7.1246,7.1246,7.1246,7.1246,7.1246,7.1246,7.1246,7.1246,7.1246,7.1246,7.1246,7.1246,7.1246,7.1246,7.1246,7.1246,7.1246,7.1246,7.1246,7.1246,7.1246,7.1246,7.1246,7.1246,7.1246,7.1246,7.1246,7.1246,7.1246,7.1246,7.1246,7.1246,7.1246,7.1246,7.1246,7.1246,7.1246,7.1246,7.1246,7.1246,7.1246,7.1246,7.1246,7.1246,7.1246,7.1246,7.1246,7.1246,7.1246,7.1246,7.1246,7.1246,7.1246,7.1246,7.1246,7.1246,7.1246,7.1246,7.1246,7.1246,7.1246,7.1246,7.1246,7.1246,7.1246,7.1246,7.1246,7.1246,7.1246,7.1246,7.1246,7.1246,7.1246,7.1246,7.1246,7.1246,7.1246,7.1246,7.1246,7.1246,7.1246,7.1246,7.1246,7.1246,7.1246,7.1246,7.1246,7.1246,7.1246,7.1246,7.1246,7.1246,7.1246,7.1246,7.1246,7.1246,7.1246,7.1246,7.1246,7.1246,7.1246,7.1246,7.1246,7.1246,7.1246,7.1246,7.1246,7.1246,7.1246,7.1246,7.1246,7.1246,7.1246,7.1246,7.1246,7.1246,7.1246,7.1246,7.1246,7.1246,7.1246,7.1246,7.1246,7.1246,7.1246,7.1246,7.1246,7.1246,7.1246,7.1246,7.1246,7.1246,7.1246,7.1246,7.1246,7.1246,7.1246,7.1246,7.1246,7.1246,7.1246,7.1246,7.1246,7.1246,7.1246,7.1246,7.1246,7.1246,7.1246,7.1246,7.1246,7.1246,7.1246,7.1246,7.1246,7.1246,7.1246,7.1246,7.1246,7.1246,7.1246,7.1246,7.1246,7.1246,7.1246
7.1185,7.1185,7.1185,7.1185,7.1185,7.1185,7.1185,7.1185,7.1185,7.1185,7.1185,7.1185,7.1185,7.1185,7.1185,7.1185,7.1185,7.1185,7.1185,7.1185,7.1185,7.1185,7.1185,7.1185,7.1185,7.1185,7.1185,7.1185,7.1185,7.1185,7.1185,7.1185,7.1185,7.1185,7.1185,7.1185,7.1185,7.1185,7.1185,7.1185,7.1185,7.1185,7.1185,7.1185,7.1185,7.1185,7.1185,7.1185,7.1185,7.1185,7.1185,7.1185,7.1185,7.1185,7.1185,7.1185,7.1185,7.1185,7.1185,7.1185,7.1185,7.1185,7.1185,7.1185,7.1185,7.1185,7.1185,7.1185,7.1185,7.1185,7.1185,7.1185,7.1185,7.1185,7.1185,7.1185,7.1185,7.1185,7.1185,7.1185,7.1185,7.1185,7.1185,7.1185,7.1185,7.1185,7.1185,7.1185,7.1185,7.1185,7.1185,7.1185,7.1185,7.1185,7.1185,7.1185,7.1185,7.1185,7.1185,7.1185,7.1185,7.1185,7.1185,7.1185,7.1185,7.1185,7.1185,7.1185,7.1185,7.1185,7.1185,7.1185,7.1185,7.1185,7.1185,7.1185,7.1185,7.1185,7.1185,7.1185,7.1185,7.1185,7.1185,7.1185,7.1185,7.1185,7.1185,7.1185,7.1185,7.1185,7.1185,7.1185,7.1185,7.1185,7.1185,7.1185,7.1185,7.1185,7.1185,7.1185,7.1185,7.1185,7.1185,7.1185,7.1185,7.1185,7.1185,7.1185,7.1185,7.1185,7.1185,7.1185,7.1185,7.1185,7.1185,7.1185,7.1185,7.1185,7.1185,7.1185,7.1185,7.1185,7.1185,7.1185,7.1185,7.1185,7.1185,7.1185,7.1185,7.1185,7.1185,7.1185,7.1185,7.1185,7.1185,7.1185,7.1185,7.1185,7.1185,7.1185,7.1185,7.1185,7.1185,7.1185,7.1185,7.1185,7.1185,7.1185,7.1185,7.1185,7.1185,7.1185,7.1185,7.1185,7.1185,7.1185,7.1185,7.1185,7.1185,7.1185,7.1185,7.1185,7.1185,7.1185,7.1185,7.1185,7.1185,7.1185,7.1185,7.1185,7.1185,7.1185,7.1185,7.1185,7.1185,7.1185,7.1185,7.1185,7.1185,7.1185,7.1185,7.1185,7.1185,7.1185,7.1185,7.1185,7.1185,7.1185,7.1185,7.1185,7.1185,7.1185,7.1185,7.1185,7.1185,7.1185,7.1185,7.1185,7.1185,7.1185,7.1185,7.1185,7.1185,7.1185,7.1185,7.1185,7.1185,7.1185,7.1185,7.1185,7.1185,7.1185,7.1185,7.1185,7.1185,7.1185,7.1185,7.1185,7.1185,7.1185,7.1185,7.1185,7.1185,7.1185,7.1185,7.1185,7.1185,7.1185,7.1185,7.1185,7.1185,7.1185,7.1185,7.1185,7.1185,7.1185,7.1185,7.1185,7.1185,7.1185,7.1185,7.1185,7.1185,7.1185,7.1185,7.1185,7.1185,7.1185,7.1185,7.1185,7.1185,7.1185,7.1185,7.1185,7.1185,7.1185,7.1185,7.1185,7.1185,7.1185,7.1185,7.1185,7.1185,7.1185,7.1185,7.1185,7.1185,7.1185,7.1185,7.1185,7.1185,7.1185,7.1185,7.1185,7.1185,7.1185,7.1185,7.1185,7.1185,7.1185,7.1185,7.1185,7.1185,7.1185,7.1185,7.1185,7.1185,7.1185,7.1185,7.1185,7.1185,7.1185,7.1185,7.1185,7.1185,7.1185,7.1185,7.1185,7.1185,7.1185,7.1185,7.1185,7.1185,7.1185,7.1185,7.1185,7.1185,7.1185,7.1185,7.1185,7.1185,7.1185,7.1185,7.1185,7.1185,7.1185,7.1185,7.1185,7.1185,7.1185,7.1185,7.1185,7.1185,7.1185,7.1185,7.1185,7.1185,7.1185,7.1185,7.1185,7.1185,7.1185,7.1185,7.1185,7.1185,7.1185,7.1185,7.1185,7.1185,7.1185,7.1185,7.1185,7.1185,7.1185,7.1185,7.1185,7.1185,7.1185,7.1185,7.1185,7.1185,7.1185,7.1185,7.1185,7.1185,7.1185,7.1185,7.1185,7.1185,7.1185,7.1185,7.1185,7.1185,7.1185,7.1185,7.1185,7.1185,7.1185,7.1185,7.1185,7.1185,7.1185,7.1185,6.1478,6.1283,6.1169,6.1054,6.0941,6.0828,6.0714,6.0600,6.0486,6.0373,6.0261,6.0148,6.0067,5.9996,5.9925,5.9855,5.9782,5.9712,5.9640,5.9566,5.9492,5.9448,5.9404,5.9360,5.9318,5.9274,5.9230,5.9186,5.9142,5.9098,5.9055,5.9011,5.8968,5.8922,5.8883,5.8856,5.8831,5.8805,5.8778,5.8753,5.8726,5.8700,5.8675,5.8649,5.8622,5.8597,5.8571,5.8544,5.8528,5.8516,5.8501,5.8489,5.8475,5.8461,5.8446,5.8434,5.8420,5.8406,5.8396,5.8379,5.8367,5.8351,5.8339,5.8327,5.8315,5.8302,5.8290,5.8278,5.8266,5.8262,5.8262,5.8262,5.8262,5.8262,5.8262,5.8262,5.8262,5.8268,5.8280,5.8290,5.8302,5.8313,5.8325,5.8339,5.8347,5.8357,5.8369,5.8381,5.8392,5.8404,5.8414,5.8426,5.8436,5.8448,5.8459,5.8467,5.8477,5.8487,5.8497,5.8508,5.8518,5.8534,5.8554,5.8573,5.8593,5.8614,5.8634,5.8653,5.8673,5.8694,5.8720,5.8757,5.8792,5.8829,5.8866,5.8902,5.8939,5.8976,5.9013,5.9051,5.9090,5.9128,5.9165,5.9205,5.9242,5.9282,5.9320,5.9357,5.9397,5.9435,5.9475,5.9513,5.9562,5.9621,5.9689,5.9784,5.9882,5.9979,6.0105,6.0237,6.0371,6.0504,6.0639,6.0773,6.0907,6.1042,6.1176,7.1185,7.1185,7.1185,7.1185,7.1185,7.1185,7.1185,7.1185,7.1185,7.1185,7.1185,7.1185,7.1185,7.1185,7.1185,7.1185,7.1185,7.1185,7.1185,7.1185,7.1185,7.1185,7.1185,7.1185,7.1185,7.1185,7.1185,7.1185,7.1185,7.1185,7.1185,7.1185,7.1185,7.1185,7.1185,7.1185,7.1185,7.1185,7.1185,7.1185,7.1185,7.1185,7.1185,7.1185,7.1185,7.1185,7.1185,7.1185,7.1185,7.1185,7.1185,7.1185,7.1185,7.1185,7.1185,7.1185,7.1185,7.1185,7.1185,7.1185,7.1185,7.1185,7.1185,7.1185,7.1185,7.1185,7.1185,7.1185,7.1185,7.1185,7.1185,7.1185,7.1185,7.1185,7.1185,7.1185,7.1185,7.1185,7.1185,7.1185,7.1185,7.1185,7.1185,7.1185,7.1185,7.1185,7.1185,7.1185,7.1185,7.1185,7.1185,7.1185,7.1185,7.1185,7.1185,7.1185,7.1185,7.1185,7.1185,7.1185,7.1185,7.1185,7.1185,7.1185,7.1185,7.1185,7.1185,7.1185,7.1185,7.1185,7.1185,7.1185,7.1185,7.1185,7.1185,7.1185,7.1185,7.1185,7.1185,7.1185,7.1185,7.1185,7.1185,7.1185,7.1185,7.1185,7.1191,7.1191,7.1191,7.1191,7.1191,7.1191,7.1191,7.1191,7.1191,7.1191,7.1191,7.1191,7.1191,7.1191,7.1191,7.1191,7.1191,7.1191,7.1191,7.1191,7.1191,7.1191,7.1191,7.1191,7.1191,7.1191,7.1191,7.1191,7.1191,7.1191,7.1191,7.1191,7.1191,7.1191,7.1191,7.1191,7.1191,7.1191,7.1191,7.1191,7.1191,7.1191,7.1191,7.1191,7.1191,7.1191,7.1191,7.1191,7.1191,7.1191,7.1191,7.1191,7.1191,7.1191,7.1191,7.1191,7.1191,7.1191,7.1191,7.1191,7.1191,7.1191,7.1191,7.1191,7.1191,7.1191,7.1191,7.1191,7.1191,7.1191,7.1191,7.1191,7.1191,7.1191,7.1191,7.1191,7.1191,7.1191,7.1191,7.1191,7.1191,7.1191,7.1191,7.1191,7.1191,7.1191,7.1191,7.1191,7.1191,7.1191,7.1191,7.1191,7.1191,7.1191,7.1191,7.1191,7.1191,7.1191,7.1191,7.1191,7.1191,7.1191,7.1191,7.1191,7.1191,7.1191,7.1191,7.1191,7.1191,7.1191,7.1191,7.1191,7.1191,7.1191,7.1191,7.1191,7.1191,7.1191,7.1191,7.1191,7.1191,7.1191,7.1191,7.1191,7.1191,7.1191,7.1191,7.1191,7.1191,7.1191,7.1191,7.1191,7.1191,7.1191,7.1191,7.1191,7.1191,7.1191,7.1191,7.1191,7.1191,7.1191,7.1191,7.1191,7.1191,7.1191,7.1191,7.1191,7.1191,7.1191,7.1191,7.1191,7.1191,7.1191,7.1191,7.1191,7.1191,7.1191,7.1191,7.1191,7.1191,7.1191,7.1191,7.1191,7.1191,7.1191,7.1191,7.1191,7.1191,7.1191,7.1191,7.1191,7.1191,7.1191,7.1191,7.1191,7.1191,7.1191,7.1191,7.1191,7.1191,7.1191,7.1191,7.1191,7.1191,7.1191,7.1191,7.1191,7.1191,7.1191,7.1191,7.1191,7.1191,7.1191,7.1191,7.1191,7.1191,7.1191,7.1191,7.1191,7.1191,7.1191,7.1191,7.1191,7.1191,7.1191,7.1191,7.1191,7.1191,7.1191,7.1191,7.1191,7.1191,7.1191,7.1191,7.1191,7.1191,7.1191,7.1191,7.1191,7.1191,7.1191,7.1191,7.1191,7.1191,7.1191,7.1191,7.1191,7.1191,7.1191,7.1191,7.1191,7.1191,7.1191,7.1191,7.1191,7.1191,7.1191,7.1191,7.1191,7.1191,7.1191,7.1191,7.1191,7.1191,7.1191,7.1191,7.1191,7.1191,7.1191,7.1191,7.1191,7.1191,7.1191,7.1191,7.1191,7.1191,7.1191,7.1191,7.1191,7.1191,7.1191,7.1191,7.1191,7.1191,7.1191,7.1191,7.1191,7.1191,7.1191,7.1191,7.1191,7.1191,7.1191
7.1134,7.1134,7.1134,7.1134,7.1134,7.1134,7.1134,7.1134,7.1134,7.1134,7.1134,7.1134,7.1134,7.1134,7.1134,7.1134,7.1134,7.1134,7.1134,7.1134,7.1134,7.1134,7.1134,7.1134,7.1134,7.1134,7.1134,7.1134,7.1134,7.1134,7.1134,7.1134,7.1134,7.1134,7.1134,7.1134,7.1134,7.1134,7.1134,7.1134,7.1134,7.1134,7.1134,7.1134,7.1134,7.1134,7.1134,7.1134,7.1134,7.1134,7.1134,7.1134,7.1134,7.1134,7.1134,7.1134,7.1134,7.1134,7.1134,7.1134,7.1134,7.1134,7.1134,7.1134,7.1134,7.1134,7.1134,7.1134,7.1134,7.1134,7.1134,7.1134,7.1134,7.1134,7.1134,7.1134,7.1134,7.1134,7.1134,7.1134,7.1134,7.1134,7.1134,7.1134,7.1134,7.1134,7.1134,7.1134,7.1134,7.1134,7.1134,7.1134,7.1134,7.1134,7.1134,7.1134,7.1134,7.1134,7.1134,7.1134,7.1134,7.1128,7.1128,7.1128,7.1128,7.1128,7.1128,7.1128,7.1128,7.1128,7.1128,7.1128,7.1128,7.1128,7.1128,7.1128,7.1128,7.1128,7.1128,7.1128,7.1128,7.1128,7.1128,7.1128,7.1128,7.1128,7.1128,7.1128,7.1128,7.1128,7.1128,7.1128,7.1128,7.1128,7.1128,7.1128,7.1128,7.1128,7.1128,7.1128,7.1128,7.1128,7.1128,7.1128,7.1128,7.1128,7.1128,7.1128,7.1128,7.1128,7.1128,7.1128,7.1128,7.1128,7.1128,7.1128,7.1128,7.1128,7.1128,7.1128,7.1128,7.1128,7.1128,7.1128,7.1128,7.1128,7.1128,7.1128,7.1128,7.1128,7.1128,7.1128,7.1128,7.1128,7.1128,7.1128,7.1128,7.1128,7.1128,7.1128,7.1128,7.1128,7.1128,7.1128,7.1128,7.1128,7.1128,7.1128,7.1128,7.1128,7.1128,7.1128,7.1128,7.1128,7.1128,7.1128,7.1128,7.1128,7.1128,7.1128,7.1128,7.1128,7.1128,7.1128,7.1128,7.1128,7.1128,7.1128,7.1128,7.1128,7.1128,7.1128,7.1128,7.1128,7.1128,7.1128,7.1128,7.1128,7.1128,7.1128,7.1128,7.1128,7.1128,7.1128,7.1128,7.1128,7.1128,7.1128,7.1128,7.1128,7.1128,7.1128,7.1128,7.1128,7.1128,7.1128,7.1128,7.1128,7.1128,7.1128,7.1128,7.1128,7.1128,7.1128,7.1128,7.1128,7.1128,7.1128,7.1128,7.1128,7.1128,7.1128,7.1128,7.1128,7.1128,7.1128,7.1128,7.1128,7.1128,7.1128,7.1128,7.1128,7.1128,7.1128,7.1128,7.1128,7.1128,7.1128,7.1128,7.1128,7.1128,7.1128,7.1128,7.1128,7.1128,7.1128,7.1128,7.1128,7.1128,7.1128,7.1128,7.1128,7.1128,7.1128,7.1128,7.1128,7.1128,7.1128,7.1128,7.1128,7.1128,7.1128,7.1128,7.1128,7.1128,7.1128,7.1128,7.1128,7.1128,7.1128,7.1128,7.1128,7.1128,7.1128,7.1128,7.1128,7.1128,7.1128,7.1128,7.1128,7.1128,7.1128,7.1128,7.1128,7.1128,7.1128,7.1128,7.1128,7.1128,7.1128,7.1128,7.1128,7.1128,7.1128,7.1128,7.1128,7.1128,7.1128,7.1128,7.1128,7.1128,7.1128,7.1128,7.1128,7.1128,7.1128,7.1128,7.1128,7.1128,7.1128,7.1128,7.1128,7.1128,7.1128,7.1128,7.1128,7.1128,7.1128,7.1128,7.1128,7.1128,7.1128,7.1128,7.1128,7.1128,7.1128,7.1128,7.1128,7.1128,7.1128,7.1128,7.1128,7.1128,7.1128,7.1128,7.1128,7.1128,7.1128,7.1128,7.1128,7.1128,7.1128,7.1128,7.1128,7.1128,7.1128,7.1128,7.1128,7.1128,7.1128,7.1128,7.1128,7.1128,7.1128,7.1128,7.1128,7.1128,7.1128,7.1128,7.1128,7.1128,7.1128,7.1128,7.1128,7.1128,7.1128,7.1128,7.1128,7.1128,7.1128,7.1128,7.1128,7.1128,7.1128,7.1128,7.1128,7.1128,7.1128,7.1128,7.1128,7.1128,7.1128,7.1128,6.1562,6.1352,6.1238,6.1125,6.1009,6.0894,6.0780,6.0665,6.0552,6.0438,6.0325,6.0213,6.0107,6.0036,5.9966,5.9895,5.9823,5.9752,5.9680,5.9608,5.9536,5.9492,5.9450,5.9406,5.9362,5.9318,5.9274,5.9230,5.9186,5.9142,5.9096,5.9053,5.9009,5.8966,5.8920,5.8885,5.8858,5.8833,5.8807,5.8780,5.8755,5.8729,5.8702,5.8677,5.8651,5.8624,5.8599,5.8573,5.8561,5.8546,5.8534,5.8520,5.8506,5.8493,5.8479,5.8465,5.8451,5.8438,5.8424,5.8410,5.8396,5.8383,5.8371,5.8359,5.8347,5.8333,5.8321,5.8308,5.8296,5.8284,5.8282,5.8282,5.8282,5.8282,5.8282,5.8282,5.8284,5.8294,5.8306,5.8317,5.8329,5.8343,5.8353,5.8365,5.8373,5.8385,5.8398,5.8410,5.8418,5.8430,5.8440,5.8453,5.8463,5.8475,5.8485,5.8495,5.8506,5.8516,5.8526,5.8536,5.8546,5.8556,5.8577,5.8597,5.8618,5.8636,5.8657,5.8677,5.8698,5.8718,5.8755,5.8790,5.8827,5.8864,5.8899,5.8937,5.8974,5.9009,5.9049,5.9086,5.9123,5.9161,5.9201,5.9238,5.9278,5.9316,5.9353,5.9393,5.9431,5.9471,5.9509,5.9547,5.9589,5.9648,5.9733,5.9831,5.9946,6.0082,6.0211,6.0343,6.0478,6.0611,6.0747,6.0881,6.1016,6.1149,6.2253,7.1128,7.1128,7.1128,7.1128,7.1128,7.1128,7.1128,7.1128,7.1128,7.1128,7.1128,7.1128,7.1128,7.1128,7.1128,7.1128,7.1128,7.1128,7.1128,7.1128,7.1128,7.1128,7.1128,7.1128,7.1128,7.1128,7.1128,7.1128,7.1128,7.1128,7.1128,7.1128,7.1128,7.1128,7.1128,7.1128,7.1128,7.1128,7.1128,7.1128,7.1128,7.1128,7.1128,7.1128,7.1128,7.1128,7.1128,7.1128,7.1128,7.1128,7.1128,7.1128,7.1128,7.1128,7.1128,7.1128,7.1128,7.1128,7.1128,7.1128,7.1128,7.1128,7.1128,7.1128,7.1128,7.1128,7.1128,7.1128,7.1128,7.1128,7.1128,7.1128,7.1128,7.1128,7.1128,7.1128,7.1128,7.1128,7.1128,7.1128,7.1128,7.1128,7.1128,7.1128,7.1128,7.1128,7.1128,7.1128,7.1128,7.1128,7.1128,7.1128,7.1128,7.1128,7.1128,7.1128,7.1128,7.1128,7.1128,7.1128,7.1128,7.1128,7.1128,7.1128,7.1128,7.1128,7.1128,7.1128,7.1128,7.1128,7.1128,7.1128,7.1128,7.1128,7.1128,7.1128,7.1128,7.1128,7.1128,7.1128,7.1128,7.1128,7.1128,7.1128,7.1128,7.1128,7.1128,7.1128,7.1128,7.1128,7.1128,7.1128,7.1128,7.1128,7.1128,7.1128,7.1128,7.1128,7.1128,7.1128,7.1128,7.1128,7.1128,7.1128,7.1128,7.1128,7.1128,7.1128,7.1128,7.1128,7.1128,7.1128,7.1128,7.1128,7.1128,7.1128,7.1128,7.1128,7.1128,7.1128,7.1128,7.1128,7.1128,7.1128,7.1128,7.1128,7.1128,7.1128,7.1128,7.1128,7.1128,7.1128,7.1128,7.1128,7.1128,7.1128,7.1128,7.1128,7.1128,7.1128,7.1128,7.1128,7.1128,7.1128,7.1128,7.1128,7.1128,7.1128,7.1128,7.1128,7.1128,7.1128,7.1128,7.1128,7.1128,7.1128,7.1128,7.1128,7.1128,7.1128,7.1128,7.1128,7.1128,7.1128,7.1128,7.1128,7.1128,7.1128,7.1128,7.1128,7.1128,7.1128,7.1128,7.1128,7.1128,7.1128,7.1128,7.1128,7.1128,7.1128,7.1128,7.1128,7.1128,7.1128,7.1128,7.1128,7.1128,7.1128,7.1128,7.1128,7.1128,7.1128,7.1128,7.1128,7.1128,7.1128,7.1128,7.1128,7.1128,7.1128,7.1128,7.1128,7.1128,7.1128,7.1128,7.1128,7.1128,7.1128,7.1128,7.1128,7.1128,7.1128,7.1128,7.1128,7.1128,7.1128,7.1128,7.1128,7.1128,7.1128,7.1128,7.1128,7.1128,7.1128,7.1128,7.1128,7.1128,7.1128,7.1128,7.1128,7.1128,7.1128,7.1128,7.1128,7.1128,7.1128,7.1128,7.1128,7.1128,7.1128,7.1128,7.1128,7.1128,7.1128,7.1128,7.1128,7.1128,7.1128,7.1128,7.1128,7.1128,7.1128,7.1128,7.1128,7.1128,7.1128,7.1128,7.1128,7.1128,7.1128,7.1128,7.1128,7.1128,7.1128,7.1128,7.1128,7.1128,7.1128,7.1128,7.1128,7.1128,7.1128,7.1128,7.1128,7.1128,7.1128,7.1128,7.1128,7.1128,7.1128,7.1128,7.1128,7.1128,7.1128,7.1128,7.1128,7.1128,7.1128,7.1128,7.1128,7.1128,7.1128,7.1128,7.1128,7.1128,7.1128,7.1128,7.1128,7.1128,7.1128,7.1128,7.1128,7.1128,7.1128,7.1128,7.1128,7.1128,7.1128,7.1128,7.1128,7.1128,7.1128,7.1128,7.1128,7.1128,7.1128,7.1128,7.1128,7.1128,7.1128,7.1128,7.1128,7.1128,7.1128,7.1128,7.1128,7.1128,7.1128,7.1128,7.1128,7.1128,7.1128,7.1128,7.1128,7.1128,7.1128,7.1128,7.1128,7.1128,7.1128,7.1128,7.1128,7.1128,7.1128,7.1128,7.1128,7.1128,7.1128,7.1128,7.1128,7.1128,7.1128,7.1128,7.1128,7.1128,7.1128,7.1128,7.1128,7.1128,7.1128
7.1077,7.1077,7.1077,7.1077,7.1077,7.1077,7.1077,7.1077,7.1077,7.1077,7.1077,7.1077,7.1077,7.1077,7.1077,7.1077,7.1077,7.1077,7.1077,7.1077,7.1077,7.1077,7.1077,7.1077,7.1077,7.1077,7.1077,7.1077,7.1077,7.1077,7.1077,7.1077,7.1077,7.1077,7.1077,7.1077,7.1077,7.1077,7.1077,7.1077,7.1077,7.1077,7.1077,7.1077,7.1077,7.1077,7.1077,7.1077,7.1077,7.1077,7.1077,7.1077,7.1077,7.1077,7.1077,7.1077,7.1077,7.1077,7.1077,7.1077,7.1077,7.1077,7.1077,7.1077,7.1077,7.1077,7.1077,7.1077,7.1077,7.1077,7.1077,7.1077,7.1077,7.1077,7.1077,7.1077,7.1077,7.1077,7.1077,7.1077,7.1077,7.1077,7.1077,7.1077,7.1077,7.1077,7.1077,7.1077,7.1077,7.1077,7.1077,7.1077,7.1077,7.1077,7.1077,7.1077,7.1077,7.1077,7.1077,7.1077,7.1077,7.1077,7.1077,7.1077,7.1077,7.1077,7.1077,7.1077,7.1077,7.1077,7.1077,7.1077,7.1077,7.1077,7.1077,7.1077,7.1077,7.1077,7.1077,7.1077,7.1077,7.1077,7.1077,7.1077,7.1077,7.1077,7.1077,7.1077,7.1077,7.1077,7.1077,7.1077,7.1077,7.1077,7.1077,7.1077,7.1077,7.1077,7.1077,7.1077,7.1077,7.1077,7.1077,7.1077,7.1077,7.1077,7.1077,7.1077,7.1077,7.1077,7.1077,7.1077,7.1077,7.1077,7.1077,7.1077,7.1077,7.1077,7.1077,7.1077,7.1077,7.1077,7.1077,7.1077,7.1077,7.1077,7.1077,7.1077,7.1077,7.1077,7.1077,7.1077,7.1077,7.1077,7.1077,7.1077,7.1077,7.1077,7.1077,7.1077,7.1077,7.1077,7.1077,7.1077,7.1077,7.1077,7.1077,7.1077,7.1077,7.1077,7.1077,7.1077,7.1077,7.1077,7.1077,7.1077,7.1077,7.1077,7.1077,7.1077,7.1077,7.1077,7.1077,7.1077,7.1077,7.1077,7.1077,7.1077,7.1077,7.1077,7.1077,7.1077,7.1077,7.1077,7.1077,7.1077,7.1077,7.1077,7.1077,7.1077,7.1077,7.1077,7.1077,7.1077,7.1077,7.1077,7.1077,7.1077,7.1077,7.1077,7.1077,7.1077,7.1077,7.1077,7.1077,7.1077,7.1077,7.1077,7.1077,7.1077,7.1077,7.1077,7.1077,7.1077,7.1077,7.1077,7.1077,7.1077,7.1077,7.1077,7.1077,7.1077,7.1077,7.1077,7.1077,7.1077,7.1077,7.1077,7.1077,7.1077,7.1077,7.1077,7.1077,7.1077,7.1077,7.1077,7.1077,7.1077,7.1077,7.1077,7.1077,7.1077,7.1077,7.1077,7.1077,7.1077,7.1077,7.1077,7.1077,7.1077,7.1077,7.1077,7.1077,7.1077,7.1077,7.1077,7.1077,7.1077,7.1077,7.1077,7.1077,7.1077,7.1077,7.1077,7.1077,7.1077,7.1077,7.1077,7.1077,7.1077,7.1077,7.1077,7.1077,7.1077,7.1077,7.1077,7.1077,7.1077,7.1077,7.1077,7.1077,7.1077,7.1077,7.1077,7.1077,7.1077,7.1077,7.1077,7.1077,7.1077,7.1077,7.1077,7.1077,7.1077,7.1077,7.1077,7.1077,7.1077,7.1077,7.1077,7.1077,7.1077,7.1077,7.1077,7.1077,7.1077,7.1077,7.1077,7.1077,7.1077,7.1077,7.1077,7.1077,7.1077,7.1077,7.1077,7.1077,7.1077,7.1077,7.1077,7.1077,7.1077,7.1077,7.1077,7.1077,7.1077,7.1077,7.1077,7.1077,7.1077,7.1077,7.1077,7.1077,7.1077,7.1077,7.1077,7.1077,7.1077,7.1077,7.1077,7.1077,7.1077,7.1077,7.1077,7.1077,7.1077,7.1077,7.1077,7.1077,7.1077,7.1077,7.1077,7.1077,7.1077,7.1077,7.1077,7.1077,7.1077,7.1077,7.1077,7.1077,7.1077,7.1077,7.1077,7.1077,7.1077,7.1077,7.1077,7.1077,7.1077,7.1077,7.1077,7.1077,7.1077,7.1077,7.1077,7.1077,7.1077,7.1077,7.1077,7.1077,7.1077,7.1077,7.1077,6.1422,6.1308,6.1191,6.1076,6.0960,6.0846,6.0731,6.0617,6.0504,6.0391,6.0278,6.0166,6.0077,6.0004,5.9934,5.9863,5.9793,5.9723,5.9651,5.9583,5.9538,5.9494,5.9450,5.9406,5.9362,5.9316,5.9272,5.9228,5.9184,5.9140,5.9096,5.9053,5.9007,5.8964,5.8918,5.8887,5.8860,5.8835,5.8809,5.8782,5.8757,5.8731,5.8704,5.8679,5.8653,5.8626,5.8603,5.8591,5.8577,5.8565,5.8550,5.8538,5.8524,5.8510,5.8495,5.8483,5.8469,5.8455,5.8442,5.8428,5.8414,5.8402,5.8390,5.8379,5.8365,5.8353,5.8341,5.8329,5.8317,5.8304,5.8302,5.8302,5.8302,5.8302,5.8302,5.8310,5.8321,5.8333,5.8345,5.8355,5.8367,5.8379,5.8390,5.8400,5.8412,5.8422,5.8434,5.8444,5.8457,5.8467,5.8479,5.8489,5.8501,5.8512,5.8524,5.8534,5.8544,5.8554,5.8565,5.8575,5.8585,5.8601,5.8620,5.8640,5.8661,5.8681,5.8700,5.8720,5.8753,5.8788,5.8825,5.8862,5.8897,5.8935,5.8970,5.9007,5.9044,5.9082,5.9119,5.9157,5.9196,5.9234,5.9274,5.9311,5.9349,5.9389,5.9427,5.9467,5.9505,5.9543,5.9583,5.9621,5.9684,5.9789,5.9921,6.0052,6.0185,6.0317,6.0451,6.0584,6.0718,6.0854,6.0987,6.1122,6.1485,7.1071,7.1071,7.1071,7.1071,7.1071,7.1071,7.1071,7.1071,7.1071,7.1071,7.1071,7.1071,7.1071,7.1071,7.1071,7.1071,7.1071,7.1071,7.1071,7.1071,7.1071,7.1071,7.1071,7.1071,7.1071,7.1071,7.1071,7.1071,7.1071,7.1071,7.1071,7.1071,7.1071,7.1071,7.1071,7.1071,7.1071,7.1071,7.1071,7.1071,7.1071,7.1071,7.1071,7.1071,7.1071,7.1071,7.1071,7.1071,7.1071,7.1071,7.1071,7.1071,7.1071,7.1071,7.1071,7.1071,7.1071,7.1071,7.1071,7.1071,7.1071,7.1071,7.1071,7.1071,7.1071,7.1071,7.1071,7.1071,7.1071,7.1071,7.1071,7.1071,7.1071,7.1071,7.1071,7.1071,7.1071,7.1071,7.1071,7.1071,7.1071,7.1071,7.1071,7.1071,7.1071,7.1071,7.1071,7.1071,7.1071,7.1071,7.1071,7.1071,7.1071,7.1071,7.1071,7.1071,7.1071,7.1071,7.1071,7.1071,7.1071,7.1071,7.1071,7.1071,7.1071,7.1071,7.1071,7.1071,7.1071,7.1071,7.1071,7.1071,7.1071,7.1071,7.1071,7.1071,7.1071,7.1071,7.1071,7.1071,7.1071,7.1071,7.1071,7.1071,7.1071,7.1071,7.1071,7.1071,7.1071,7.1071,7.1071,7.1071,7.1071,7.1071,7.1071,7.1071,7.1071,7.1071,7.1071,7.1071,7.1071,7.1071,7.1071,7.1071,7.1071,7.1071,7.1071,7.1071,7.1071,7.1071,7.1071,7.1071,7.1071,7.1071,7.1071,7.1071,7.1071,7.1071,7.1071,7.1071,7.1071,7.1071,7.1071,7.1071,7.1071,7.1071,7.1071,7.1071,7.1071,7.1071,7.1071,7.1071,7.1071,7.1071,7.1071,7.1071,7.1071,7.1071,7.1071,7.1071,7.1071,7.1071,7.1071,7.1071,7.1071,7.1071,7.1071,7.1071,7.1071,7.1071,7.1071,7.1071,7.1071,7.1071,7.1071,7.1071,7.1071,7.1071,7.1071,7.1071,7.1071,7.1071,7.1071,7.1071,7.1071,7.1071,7.1071,7.1071,7.1071,7.1071,7.1071,7.1071,7.1071,7.1071,7.1071,7.1071,7.1071,7.1071,7.1071,7.1071,7.1071,7.1071,7.1071,7.1071,7.1071,7.1071,7.1071,7.1071,7.1071,7.1071,7.1071,7.1071,7.1071,7.1071,7.1071,7.1071,7.1071,7.1071,7.1071,7.1071,7.1071,7.1071,7.1071,7.1071,7.1071,7.1071,7.1071,7.1071,7.1071,7.1071,7.1071,7.1071,7.1071,7.1071,7.1071,7.1071,7.1071,7.1071,7.1071,7.1071,7.1071,7.1071,7.1071,7.1071,7.1071,7.1071,7.1071,7.1071,7.1071,7.1071,7.1071,7.1071,7.1071,7.1071,7.1071,7.1071,7.1071,7.1071,7.1071,7.1071,7.1071,7.1071,7.1071,7.1071,7.1071,7.1071,7.1071,7.1071,7.1071,7.1071,7.1071,7.1071,7.1071,7.1071,7.1071,7.1071,7.1071,7.1071,7.1071,7.1071,7.1071,7.1071,7.1071,7.1071,7.1071,7.1071,7.1071,7.1071,7.1071,7.1071,7.1071,7.1071,7.1071,7.1071,7.1071,7.1071,7.1071,7.1071,7.1071,7.1071,7.1071,7.1071,7.1071,7.1071,7.1071,7.1071,7.1071,7.1071,7.1071,7.1071,7.1071,7.1071,7.1071,7.1071,7.1071,7.1071,7.1071,7.1071,7.1071,7.1071,7.1071,7.1071,7.1071,7.1071,7.1071,7.1071,7.1071,7.1071,7.1071,7.1071,7.1071,7.1071,7.1071,7.1071,7.1071,7.1071,7.1071,7.1071,7.1071,7.1071,7.1071,7.1071,7.1071,7.1071,7.1071,7.1071,7.1071,7.1071,7.1071,7.1071,7.1071,7.1071,7.1071,7.1071,7.1071,7.1071,7.1071,7.1071,7.1071,7.1071,7.1071,7.1071,7.1071,7.1071,7.1071,7.1071,7.1071,7.1071,7.1071,7.1071,7.1071,7.1071,7.1071,7.1071,7.1071,7.1071,7.1071,7.1071,7.1071,7.1071,7.1071
7.1020,7.1020,7.1020,7.1020,7.1020,7.1020,7.1020,7.1020,7.1020,7.1020,7.1020,7.1020,7.1020,7.1020,7.1020,7.1020,7.1020,7.1020,7.1020,7.1020,7.1020,7.1020,7.1020,7.1020,7.1020,7.1020,7.1020,7.1020,7.1020,7.1020,7.1020,7.1020,7.1020,7.1020,7.1020,7.1020,7.1020,7.1020,7.1020,7.1020,7.1020,7.1020,7.1020,7.1020,7.1020,7.1020,7.1020,7.1020,7.1020,7.1020,7.1020,7.1020,7.1020,7.1020,7.1020,7.1020,7.1020,7.1020,7.1020,7.1020,7.1020,7.1020,7.1020,7.1020,7.1020,7.1020,7.1020,7.1020,7.1020,7.1020,7.1020,7.1020,7.1020,7.1020,7.1020,7.1020,7.1020,7.1020,7.1020,7.1020,7.1020,7.1020,7.1020,7.1020,7.1020,7.1020,7.1020,7.1020,7.1020,7.1020,7.1020,7.1020,7.1020,7.1020,7.1020,7.1020,7.1020,7.1020,7.1020,7.1020,7.1020,7.1020,7.1020,7.1020,7.1020,7.1020,7.1020,7.1020,7.1020,7.1020,7.1020,7.1020,7.1020,7.1020,7.1020,7.1020,7.1020,7.1020,7.1020,7.1020,7.1020,7.1020,7.1020,7.1020,7.1020,7.1020,7.1020,7.1020,7.1020,7.1020,7.1020,7.1020,7.1020,7.1020,7.1020,7.1020,7.1020,7.1020,7.1020,7.1020,7.1020,7.1020,7.1020,7.1020,7.1020,7.1020,7.1020,7.1020,7.1020,7.1020,7.1020,7.1020,7.1020,7.1020,7.1020,7.1020,7.1020,7.1020,7.1020,7.1020,7.1020,7.1020,7.1020,7.1020,7.1020,7.1020,7.1020,7.1020,7.1020,7.1020,7.1020,7.1020,7.1020,7.1020,7.1020,7.1020,7.1020,7.1020,7.1020,7.1020,7.1020,7.1020,7.1020,7.1020,7.1020,7.1020,7.1020,7.1020,7.1020,7.1020,7.1020,7.1020,7.1020,7.1020,7.1020,7.1020,7.1020,7.1020,7.1020,7.1020,7.1020,7.1020,7.1020,7.1020,7.1020,7.1020,7.1020,7.1020,7.1020,7.1020,7.1020,7.1020,7.1020,7.1020,7.1020,7.1020,7.1020,7.1020,7.1020,7.1020,7.1020,7.1020,7.1020,7.1020,7.1020,7.1020,7.1020,7.1020,7.1020,7.1020,7.1020,7.1020,7.1020,7.1020,7.1020,7.1020,7.1020,7.1020,7.1020,7.1020,7.1020,7.1020,7.1020,7.1020,7.1020,7.1020,7.1020,7.1020,7.1020,7.1020,7.1020,7.1020,7.1020,7.1020,7.1020,7.1020,7.1020,7.1020,7.1020,7.1020,7.1020,7.1020,7.1020,7.1020,7.1020,7.1020,7.1020,7.1020,7.1020,7.1020,7.1020,7.1020,7.1020,7.1020,7.1020,7.1020,7.1020,7.1020,7.1020,7.1020,7.1020,7.1020,7.1020,7.1020,7.1020,7.1020,7.1020,7.1020,7.1020,7.1020,7.1020,7.1020,7.1020,7.1020,7.1020,7.1020,7.1020,7.1020,7.1020,7.1020,7.1020,7.1020,7.1020,7.1020,7.1020,7.1020,7.1020,7.1020,7.1020,7.1020,7.1020,7.1020,7.1020,7.1020,7.1020,7.1020,7.1020,7.1020,7.1020,7.1020,7.1020,7.1020,7.1020,7.1020,7.1020,7.1020,7.1020,7.1020,7.1020,7.1020,7.1020,7.1020,7.1020,7.1020,7.1020,7.1020,7.1020,7.1020,7.1020,7.1020,7.1020,7.1020,7.1020,7.1020,7.1020,7.1020,7.1020,7.1020,7.1020,7.1020,7.1020,7.1020,7.1020,7.1020,7.1020,7.1020,7.1020,7.1020,7.1020,7.1020,7.1020,7.1020,7.1020,7.1020,7.1020,7.1020,7.1020,7.1020,7.1020,7.1020,7.1020,7.1020,7.1020,7.1020,7.1020,7.1020,7.1020,7.1020,7.1020,7.1020,7.1020,7.1020,7.1020,7.1020,7.1020,7.1020,7.1020,7.1020,7.1020,7.1020,7.1020,7.1020,7.1020,7.1020,7.1020,7.1020,7.1020,7.1020,7.1020,7.1020,7.1020,7.1020,7.1020,7.1020,7.1020,7.1020,7.1020,7.1020,7.1020,7.1020,7.1020,7.1020,7.1020,7.1020,6.1503,6.1377,6.1261,6.1145,6.1029,6.0914,6.0799,6.0685,6.0571,6.0458,6.0345,6.0232,6.0120,6.0047,5.9974,5.9904,5.9831,5.9761,5.9691,5.9627,5.9583,5.9538,5.9492,5.9448,5.9404,5.9360,5.9316,5.9272,5.9226,5.9182,5.9138,5.9094,5.9051,5.9005,5.8962,5.8916,5.8889,5.8862,5.8838,5.8811,5.8784,5.8759,5.8733,5.8706,5.8681,5.8655,5.8636,5.8622,5.8610,5.8595,5.8581,5.8569,5.8554,5.8542,5.8528,5.8514,5.8499,5.8487,5.8473,5.8459,5.8446,5.8434,5.8422,5.8410,5.8400,5.8385,5.8375,5.8359,5.8347,5.8335,5.8323,5.8323,5.8323,5.8325,5.8327,5.8337,5.8349,5.8359,5.8371,5.8381,5.8394,5.8404,5.8416,5.8426,5.8438,5.8448,5.8461,5.8471,5.8483,5.8493,5.8506,5.8516,5.8528,5.8538,5.8550,5.8561,5.8573,5.8583,5.8593,5.8603,5.8614,5.8624,5.8644,5.8665,5.8683,5.8704,5.8724,5.8749,5.8786,5.8823,5.8858,5.8895,5.8933,5.8968,5.9005,5.9042,5.9078,5.9115,5.9153,5.9192,5.9230,5.9267,5.9307,5.9345,5.9385,5.9423,5.9463,5.9500,5.9538,5.9579,5.9617,5.9661,5.9763,5.9893,6.0028,6.0157,6.0291,6.0423,6.0558,6.0692,6.0828,6.0960,6.1096,6.1229,7.1020,7.1020,7.1020,7.1020,7.1020,7.1020,7.1020,7.1020,7.1020,7.1020,7.1020,7.1020,7.1020,7.1020,7.1020,7.1020,7.1020,7.1020,7.1020,7.1020,7.1020,7.1020,7.1020,7.1020,7.1020,7.1020,7.1020,7.1020,7.1020,7.1020,7.1020,7.1020,7.1020,7.1020,7.1020,7.1020,7.1020,7.1020,7.1020,7.1020,7.1020,7.1020,7.1020,7.1020,7.1020,7.1020,7.1020,7.1020,7.1020,7.1020,7.1020,7.1020,7.1020,7.1020,7.1020,7.1020,7.1020,7.1020,7.1020,7.1020,7.1020,7.1020,7.1020,7.1020,7.1020,7.1020,7.1020,7.1020,7.1020,7.1020,7.1020,7.1020,7.1020,7.1020,7.1020,7.1020,7.1020,7.1020,7.1020,7.1020,7.1020,7.1020,7.1020,7.1020,7.1020,7.1020,7.1020,7.1020,7.1020,7.1020,7.1020,7.1020,7.1020,7.1020,7.1020,7.1020,7.1020,7.1020,7.1020,7.1020,7.1020,7.1020,7.1020,7.1020,7.1020,7.1020,7.1020,7.1020,7.1020,7.1020,7.1020,7.1020,7.1020,7.1020,7.1020,7.1020,7.1020,7.1020,7.1020,7.1020,7.1020,7.1020,7.1020,7.1020,7.1020,7.1020,7.1020,7.1020,7.1020,7.1020,7.1020,7.1020,7.1020,7.1020,7.1020,7.1020,7.1020,7.1020,7.1020,7.1020,7.1020,7.1020,7.1020,7.1020,7.1020,7.1020,7.1020,7.1020,7.1020,7.1020,7.1020,7.1020,7.1020,7.1020,7.1020,7.1020,7.1020,7.1020,7.1020,7.1020,7.1020,7.1020,7.1020,7.1020,7.1020,7.1020,7.1020,7.1020,7.1020,7.1020,7.1020,7.1020,7.1020,7.1020,7.1020,7.1020,7.1020,7.1020,7.1020,7.1020,7.1020,7.1020,7.1020,7.1020,7.1020,7.1020,7.1020,7.1020,7.1020,7.1020,7.1020,7.1020,7.1020,7.1020,7.1020,7.1020,7.1020,7.1020,7.1020,7.1020,7.1020,7.1020,7.1020,7.1020,7.1020,7.1020,7.1020,7.1020,7.1020,7.1020,7.1020,7.1020,7.1020,7.1020,7.1020,7.1020,7.1020,7.1020,7.1020,7.1020,7.1020,7.1020,7.1020,7.1020,7.1020,7.1020,7.1020,7.1020,7.1020,7.1020,7.1020,7.1020,7.1020,7.1020,7.1020,7.1020,7.1020,7.1020,7.1020,7.1020,7.1020,7.1020,7.1020,7.1020,7.1020,7.1020,7.1020,7.1020,7.1020,7.1020,7.1020,7.1020,7.1020,7.1020,7.1020,7.1020,7.1020,7.1020,7.1020,7.1020,7.1020,7.1020,7.1020,7.1020,7.1020,7.1020,7.1020,7.1020,7.1020,7.1020,7.1020,7.1020,7.1020,7.1020,7.1020,7.1020,7.1020,7.1020,7.1020,7.1020,7.1020,7.1020,7.1020,7.1020,7.1020,7.1020,7.1020,7.1020,7.1020,7.1020,7.1020,7.1020,7.1020,7.1020,7.1020,7.1020,7.1020,7.1020,7.1020,7.1020,7.1020,7.1020,7.1020,7.1020,7.1020,7.1020,7.1020,7.1020,7.1020,7.1020,7.1020,7.1020,7.1020,7.1020,7.1020,7.1020,7.1020,7.1020,7.1020,7.1020,7.1020,7.1020,7.1020,7.1020,7.1020,7.1020,7.1020,7.1020,7.1020,7.1020,7.1020,7.1020,7.1020,7.1020,7.1020,7.1020,7.1020,7.1020,7.1020,7.1020,7.1020,7.1020,7.1020,7.1020,7.1020,7.1020,7.1020,7.1020,7.1020,7.1020,7.1020,7.1020,7.1020,7.1020,7.1020,7.1020,7.1020,7.1020,7.1020,7.1020,7.1020,7.1020,7.1020,7.1020,7.1020,7.1020,7.1020,7.1020,7.1020,7.1020,7.1020,7.1020,7.1020,7.1020,7.1020,7.1020,7.1020,7.1020,7.1020,7.1020,7.1020,7.1020,7.1020,7.1020,7.1020,7.1020,7.1020,7.1020,7.1020,7.1020,7.1020,7.1020,7.1020,7.1020,7.1020,7.1020,7.1020,7.1020,7.1020,7.1020,7.1020,7.1020
7.0960,7.0960,7.0960,7.0960,7.0960,7.0960,7.0960,7.0960,7.0960,7.0960,7.0960,7.0960,7.0960,7.0960,7.0960,7.0960,7.0960,7.0960,7.0960,7.0960,7.0960,7.0960,7.0960,7.0960,7.0960,7.0960,7.0960,7.0960,7.0960,7.0960,7.0960,7.0960,7.0960,7.0960,7.0960,7.0960,7.0960,7.0960,7.0960,7.0960,7.0960,7.0960,7.0960,7.0960,7.0960,7.0960,7.0960,7.0960,7.0960,7.0960,7.0960,7.0960,7.0960,7.0960,7.0960,7.0960,7.0960,7.0960,7.0960,7.0960,7.0960,7.0960,7.0960,7.0960,7.0960,7.0960,7.0960,7.0960,7.0960,7.0960,7.0960,7.0960,7.0960,7.0960,7.0960,7.0960,7.0960,7.0960,7.0960,7.0960,7.0960,7.0960,7.0960,7.0960,7.0960,7.0960,7.0960,7.0960,7.0960,7.0960,7.0960,7.0960,7.0960,7.0960,7.0960,7.0960,7.0960,7.0960,7.0960,7.0960,7.0960,7.0960,7.0960,7.0960,7.0960,7.0960,7.0960,7.0960,7.0960,7.0960,7.0960,7.0960,7.0960,7.0960,7.0960,7.0960,7.0960,7.0960,7.0960,7.0960,7.0960,7.0960,7.0960,7.0960,7.0960,7.0960,7.0960,7.0960,7.0960,7.0960,7.0960,7.0960,7.0960,7.0960,7.0960,7.0960,7.0960,7.0960,7.0960,7.0960,7.0960,7.0960,7.0960,7.0960,7.0960,7.0960,7.0960,7.0960,7.0960,7.0960,7.0960,7.0960,7.0960,7.0960,7.0960,7.0960,7.0960,7.0960,7.0960,7.0960,7.0960,7.0960,7.0960,7.0960,7.0960,7.0960,7.0960,7.0960,7.0960,7.0960,7.0960,7.0960,7.0960,7.0960,7.0960,7.0960,7.0960,7.0960,7.0960,7.0960,7.0960,7.0960,7.0960,7.0960,7.0960,7.0960,7.0960,7.0960,7.0960,7.0960,7.0960,7.0960,7.0960,7.0960,7.0960,7.0960,7.0960,7.0960,7.0960,7.0960,7.0960,7.0960,7.0960,7.0960,7.0960,7.0960,7.0960,7.0960,7.0960,7.0960,7.0960,7.0960,7.0960,7.0960,7.0960,7.0960,7.0960,7.0960,7.0960,7.0960,7.0960,7.0960,7.0960,7.0960,7.0960,7.0960,7.0960,7.0960,7.0960,7.0960,7.0960,7.0960,7.0960,7.0960,7.0960,7.0960,7.0960,7.0960,7.0960,7.0960,7.0960,7.0960,7.0960,7.0960,7.0960,7.0960,7.0960,7.0960,7.0960,7.0960,7.0960,7.0960,7.0960,7.0960,7.0960,7.0960,7.0960,7.0960,7.0960,7.0960,7.0960,7.0960,7.0960,7.0960,7.0960,7.0960,7.0960,7.0960,7.0960,7.0960,7.0960,7.0960,7.0960,7.0960,7.0960,7.0960,7.0960,7.0960,7.0960,7.0960,7.0960,7.0960,7.0960,7.0960,7.0960,7.0960,7.0960,7.0960,7.0960,7.0960,7.0960,7.0960,7.0960,7.0960,7.0960,7.0960,7.0960,7.0960,7.0960,7.0960,7.0960,7.0960,7.0960,7.0960,7.0960,7.0960,7.0960,7.0960,7.0960,7.0960,7.0960,7.0960,7.0960,7.0960,7.0960,7.0960,7.0960,7.0960,7.0960,7.0960,7.0960,7.0960,7.0960,7.0960,7.0960,7.0960,7.0960,7.0960,7.0960,7.0960,7.0960,7.0960,7.0960,7.0960,7.0960,7.0960,7.0960,7.0960,7.0960,7.0960,7.0960,7.0960,7.0960,7.0960,7.0960,7.0960,7.0960,7.0960,7.0960,7.0960,7.0960,7.0960,7.0960,7.0960,7.0960,7.0960,7.0960,7.0960,7.0960,7.0960,7.0960,7.0960,7.0960,7.0960,7.0960,7.0960,7.0960,7.0960,7.0960,7.0960,7.0960,7.0960,7.0960,7.0960,7.0960,7.0960,7.0960,7.0960,7.0960,7.0960,7.0960,7.0960,7.0960,7.0960,7.0960,7.0960,7.0960,7.0960,7.0960,7.0960,7.0960,7.0960,7.0960,7.0960,7.0960,7.0960,7.0960,7.0960,7.0960,7.0960,7.0960,7.0960,7.0960,7.0960,7.0960,7.0960,7.0960,7.0960,7.0960,7.0960,7.0960,7.0960,7.0960,7.0960,7.0960,6.1444,6.1328,6.1212,6.1096,6.0980,6.0865,6.0751,6.0637,6.0523,6.0410,6.0297,6.0185,6.0086,6.0015,5.9942,5.9872,5.9801,5.9731,5.9670,5.9625,5.9581,5.9536,5.9492,5.9448,5.9402,5.9357,5.9313,5.9269,5.9226,5.9182,5.9138,5.9092,5.9049,5.9003,5.8959,5.8916,5.8891,5.8864,5.8840,5.8813,5.8786,5.8761,5.8735,5.8708,5.8683,5.8667,5.8653,5.8640,5.8626,5.8614,5.8599,5.8587,5.8573,5.8559,5.8546,5.8532,5.8518,5.8503,5.8491,5.8479,5.8465,5.8453,5.8440,5.8428,5.8416,5.8406,5.8392,5.8379,5.8367,5.8357,5.8343,5.8343,5.8345,5.8353,5.8363,5.8375,5.8385,5.8398,5.8408,5.8420,5.8430,5.8442,5.8453,5.8465,5.8475,5.8487,5.8497,5.8510,5.8520,5.8532,5.8544,5.8554,5.8567,5.8577,5.8589,5.8599,5.8612,5.8622,5.8632,5.8642,5.8653,5.8667,5.8687,5.8708,5.8726,5.8747,5.8784,5.8821,5.8856,5.8893,5.8930,5.8966,5.9003,5.9040,5.9076,5.9113,5.9148,5.9188,5.9226,5.9263,5.9303,5.9341,5.9381,5.9418,5.9458,5.9503,5.9549,5.9593,5.9638,5.9682,5.9761,5.9867,6.0000,6.0131,6.0265,6.0397,6.0530,6.0665,6.0799,6.0934,6.1069,6.1203,7.0966,7.0966,7.0966,7.0966,7.0966,7.0966,7.0966,7.0966,7.0966,7.0966,7.0966,7.0966,7.0966,7.0966,7.0966,7.0966,7.0966,7.0966,7.0966,7.0966,7.0966,7.0966,7.0966,7.0966,7.0966,7.0966,7.0966,7.0966,7.0966,7.0966,7.0966,7.0966,7.0966,7.0966,7.0966,7.0966,7.0966,7.0966,7.0966,7.0966,7.0966,7.0966,7.0966,7.0966,7.0966,7.0966,7.0966,7.0966,7.0966,7.0966,7.0966,7.0966,7.0966,7.0966,7.0966,7.0966,7.0966,7.0966,7.0966,7.0966,7.0966,7.0966,7.0966,7.0966,7.0966,7.0966,7.0966,7.0966,7.0966,7.0966,7.0966,7.0966,7.0966,7.0966,7.0966,7.0966,7.0966,7.0966,7.0966,7.0966,7.0966,7.0966,7.0966,7.0966,7.0966,7.0966,7.0966,7.0966,7.0966,7.0966,7.0966,7.0966,7.0966,7.0966,7.0966,7.0966,7.0966,7.0966,7.0966,7.0966,7.0966,7.0966,7.0966,7.0966,7.0966,7.0966,7.0966,7.0966,7.0966,7.0966,7.0966,7.0966,7.0966,7.0966,7.0966,7.0966,7.0966,7.0966,7.0966,7.0966,7.0966,7.0966,7.0966,7.0966,7.0966,7.0966,7.0966,7.0966,7.0966,7.0966,7.0966,7.0966,7.0966,7.0966,7.0966,7.0966,7.0966,7.0966,7.0966,7.0966,7.0966,7.0966,7.0966,7.0966,7.0966,7.0966,7.0966,7.0966,7.0966,7.0966,7.0966,7.0966,7.0966,7.0966,7.0966,7.0966,7.0966,7.0966,7.0966,7.0966,7.0966,7.0966,7.0966,7.0966,7.0966,7.0966,7.0966,7.0966,7.0966,7.0966,7.0966,7.0966,7.0966,7.0966,7.0966,7.0966,7.0966,7.0966,7.0966,7.0966,7.0966,7.0966,7.0966,7.0966,7.0966,7.0966,7.0966,7.0966,7.0966,7.0966,7.0966,7.0966,7.0966,7.0966,7.0966,7.0966,7.0966,7.0966,7.0966,7.0966,7.0966,7.0966,7.0966,7.0966,7.0966,7.0966,7.0966,7.0966,7.0966,7.0966,7.0966,7.0966,7.0966,7.0966,7.0966,7.0966,7.0966,7.0966,7.0966,7.0966,7.0966,7.0966,7.0966,7.0966,7.0966,7.0966,7.0966,7.0966,7.0966,7.0966,7.0966,7.0966,7.0966,7.0966,7.0966,7.0966,7.0966,7.0966,7.0966,7.0966,7.0966,7.0966,7.0966,7.0966,7.0966,7.0966,7.0966,7.0966,7.0966,7.0966,7.0966,7.0966,7.0966,7.0966,7.0966,7.0966,7.0966,7.0966,7.0966,7.0966,7.0966,7.0966,7.0966,7.0966,7.0966,7.0966,7.0966,7.0966,7.0966,7.0966,7.0966,7.0966,7.0966,7.0966,7.0966,7.0966,7.0966,7.0966,7.0966,7.0966,7.0966,7.0966,7.0966,7.0966,7.0966,7.0966,7.0966,7.0966,7.0966,7.0966,7.0966,7.0966,7.0966,7.0966,7.0966,7.0966,7.0966,7.0966,7.0966,7.0966,7.0966,7.0966,7.0966,7.0966,7.0966,7.0966,7.0966,7.0966,7.0966,7.0966,7.0966,7.0966,7.0966,7.0966,7.0966,7.0966,7.0966,7.0966,7.0966,7.0966,7.0966,7.0966,7.0966,7.0966,7.0966,7.0966,7.0966,7.0966,7.0966,7.0966,7.0966,7.0966,7.0966,7.0966,7.0966,7.0966,7.0966,7.0966,7.0966,7.0966,7.0966,7.0966,7.0966,7.0966,7.0966,7.0966,7.0966,7.0966,7.0966,7.0966,7.0966,7.0966,7.0966,7.0966,7.0966,7.0966,7.0966,7.0966,7.0966,7.0966,7.0966,7.0966,7.0966,7.0966,7.0966,7.0966,7.0966,7.0966,7.0966,7.0966,7.0966,7.0966,7.0966,7.0966,7.0966,7.0966,7.0966,7.0966,7.0966,7.0966,7.0966,7.0966,7.0966,7.0966,7.0966,7.0966,7.0966,7.0966,7.0966,7.0966,7.0966,7.0966,7.0966,7.0966,7.0966,7.0966,7.0966,7.0966,7.0966,7.0966,7.0966,7.0966,7.0966
7.0909,7.0909,7.0909,7.0909,7.0909,7.0909,7.0909,7.0909,7.0909,7.0909,7.0909,7.0909,7.0909,7.0909,7.0909,7.0909,7.0909,7.0909,7.0909,7.0909,7.0909,7.0909,7.0909,7.0909,7.0909,7.0909,7.0909,7.0909,7.0909,7.0909,7.0909,7.0909,7.0909,7.0909,7.0909,7.0909,7.0909,7.0909,7.0909,7.0909,7.0909,7.0909,7.0909,7.0909,7.0909,7.0909,7.0909,7.0909,7.0909,7.0909,7.0909,7.0909,7.0909,7.0909,7.0909,7.0909,7.0909,7.0909,7.0909,7.0909,7.0909,7.0909,7.0909,7.0909,7.0909,7.0909,7.0909,7.0909,7.0909,7.0909,7.0909,7.0909,7.0909,7.0909,7.0909,7.0909,7.0909,7.0909,7.0909,7.0909,7.0909,7.0909,7.0909,7.0909,7.0909,7.0909,7.0909,7.0909,7.0909,7.0909,7.0909,7.0909,7.0909,7.0909,7.0909,7.0909,7.0909,7.0909,7.0909,7.0909,7.0909,7.0909,7.0909,7.0909,7.0909,7.0909,7.0909,7.0909,7.0909,7.0909,7.0909,7.0909,7.0909,7.0909,7.0909,7.0909,7.0909,7.0909,7.0909,7.0909,7.0909,7.0909,7.0909,7.0909,7.0909,7.0909,7.0909,7.0909,7.0909,7.0909,7.0909,7.0909,7.0909,7.0909,7.0909,7.0909,7.0909,7.0909,7.0909,7.0909,7.0909,7.0909,7.0909,7.0909,7.0909,7.0909,7.0909,7.0909,7.0909,7.0909,7.0909,7.0909,7.0909,7.0909,7.0909,7.0909,7.0909,7.0909,7.0909,7.0909,7.0909,7.0909,7.0909,7.0909,7.0909,7.0909,7.0909,7.0909,7.0909,7.0909,7.0909,7.0909,7.0909,7.0909,7.0909,7.0909,7.0909,7.0909,7.0909,7.0909,7.0909,7.0909,7.0909,7.0909,7.0909,7.0909,7.0909,7.0909,7.0909,7.0909,7.0909,7.0909,7.0909,7.0909,7.0909,7.0909,7.0909,7.0903,7.0903,7.0903,7.0903,7.0903,7.0903,7.0903,7.0903,7.0903,7.0903,7.0903,7.0903,7.0903,7.0903,7.0903,7.0903,7.0903,7.0903,7.0903,7.0903,7.0903,7.0903,7.0903,7.0903,7.0903,7.0903,7.0903,7.0903,7.0903,7.0903,7.0903,7.0903,7.0903,7.0903,7.0903,7.0903,7.0903,7.0903,7.0903,7.0903,7.0903,7.0903,7.0903,7.0903,7.0903,7.0903,7.0903,7.0903,7.0903,7.0903,7.0903,7.0903,7.0903,7.0903,7.0903,7.0903,7.0903,7.0903,7.0903,7.0903,7.0903,7.0903,7.0903,7.0903,7.0903,7.0903,7.0903,7.0903,7.0903,7.0903,7.0903,7.0903,7.0903,7.0903,7.0903,7.0903,7.0903,7.0903,7.0903,7.0903,7.0903,7.0903,7.0903,7.0903,7.0903,7.0903,7.0903,7.0903,7.0903,7.0903,7.0903,7.0903,7.0903,7.0903,7.0903,7.0903,7.0903,7.0903,7.0903,7.0903,7.0903,7.0903,7.0903,7.0903,7.0903,7.0903,7.0903,7.0903,7.0903,7.0903,7.0903,7.0903,7.0903,7.0903,7.0903,7.0903,7.0903,7.0903,7.0903,7.0903,7.0903,7.0903,7.0903,7.0903,7.0903,7.0903,7.0903,7.0903,7.0903,7.0903,7.0903,7.0903,7.0903,7.0903,7.0903,7.0903,7.0903,7.0903,7.0903,7.0903,7.0903,7.0903,7.0903,7.0903,7.0903,7.0903,7.0903,7.0903,7.0903,7.0903,7.0903,7.0903,7.0903,7.0903,7.0903,7.0903,7.0903,7.0903,7.0903,7.0903,7.0903,7.0903,7.0903,7.0903,7.0903,7.0903,7.0903,7.0903,7.0903,7.0903,7.0903,7.0903,7.0903,7.0903,7.0903,7.0903,7.0903,7.0903,7.0903,7.0903,7.0903,7.0903,7.0903,7.0903,7.0903,7.0903,7.0903,7.0903,7.0903,7.0903,7.0903,7.0903,7.0903,7.0903,7.0903,7.0903,7.0903,7.0903,7.0903,7.0903,7.0903,7.0903,7.0903,7.0903,7.0903,7.0903,7.0903,7.0903,7.0903,7.0903,7.0903,7.0903,7.0903,7.0903,7.0903,7.0903,7.0903,7.0903,6.2253,6.1438,6.1281,6.1165,6.1049,6.0934,6.0819,6.0705,6.0591,6.0478,6.0364,6.0252,6.0140,6.0054,5.9983,5.9912,5.9842,5.9769,5.9714,5.9670,5.9623,5.9579,5.9534,5.9490,5.9446,5.9402,5.9357,5.9311,5.9267,5.9223,5.9180,5.9136,5.9090,5.9046,5.9001,5.8957,5.8918,5.8893,5.8866,5.8840,5.8815,5.8788,5.8761,5.8737,5.8712,5.8698,5.8685,5.8671,5.8657,5.8644,5.8630,5.8618,5.8603,5.8591,5.8577,5.8563,5.8550,5.8536,5.8522,5.8510,5.8497,5.8485,5.8473,5.8461,5.8448,5.8436,5.8422,5.8410,5.8398,5.8385,5.8373,5.8363,5.8369,5.8379,5.8390,5.8402,5.8412,5.8424,5.8434,5.8446,5.8457,5.8469,5.8479,5.8491,5.8501,5.8514,5.8526,5.8536,5.8548,5.8559,5.8571,5.8581,5.8593,5.8603,5.8616,5.8626,5.8638,5.8649,5.8661,5.8671,5.8681,5.8692,5.8710,5.8731,5.8751,5.8782,5.8817,5.8854,5.8891,5.8926,5.8964,5.9001,5.9036,5.9073,5.9111,5.9146,5.9184,5.9221,5.9259,5.9303,5.9347,5.9391,5.9435,5.9479,5.9526,5.9570,5.9615,5.9659,5.9704,5.9776,5.9870,5.9972,6.0105,6.0237,6.0371,6.0504,6.0639,6.0773,6.0907,6.1040,6.1176,6.1580,7.0903,7.0903,7.0903,7.0903,7.0903,7.0903,7.0903,7.0903,7.0903,7.0903,7.0903,7.0903,7.0903,7.0903,7.0903,7.0903,7.0903,7.0903,7.0903,7.0903,7.0903,7.0903,7.0903,7.0903,7.0903,7.0903,7.0903,7.0903,7.0903,7.0903,7.0903,7.0903,7.0903,7.0903,7.0903,7.0903,7.0903,7.0903,7.0903,7.0903,7.0903,7.0903,7.0903,7.0903,7.0903,7.0903,7.0903,7.0903,7.0903,7.0903,7.0903,7.0903,7.0903,7.0903,7.0903,7.0903,7.0903,7.0903,7.0903,7.0903,7.0903,7.0903,7.0903,7.0903,7.0903,7.0903,7.0903,7.0903,7.0903,7.0903,7.0903,7.0903,7.0903,7.0903,7.0903,7.0903,7.0903,7.0903,7.0903,7.0903,7.0903,7.0903,7.0903,7.0903,7.0903,7.0903,7.0903,7.0903,7.0903,7.0903,7.0903,7.0903,7.0903,7.0903,7.0903,7.0903,7.0903,7.0903,7.0903,7.0903,7.0903,7.0903,7.0903,7.0903,7.0903,7.0903,7.0903,7.0903,7.0903,7.0903,7.0903,7.0903,7.0903,7.0903,7.0903,7.0903,7.0903,7.0903,7.0903,7.0903,7.0903,7.0903,7.0903,7.0903,7.0903,7.0903,7.0903,7.0903,7.0903,7.0903,7.0903,7.0903,7.0903,7.0903,7.0903,7.0903,7.0903,7.0903,7.0903,7.0903,7.0903,7.0903,7.0903,7.0903,7.0903,7.0903,7.0903,7.0903,7.0903,7.0903,7.0903,7.0903,7.0903,7.0903,7.0903,7.0903,7.0903,7.0903,7.0903,7.0903,7.0903,7.0903,7.0903,7.0903,7.0903,7.0903,7.0903,7.0903,7.0903,7.0903,7.0903,7.0903,7.0903,7.0903,7.0903,7.0903,7.0903,7.0903,7.0903,7.0903,7.0903,7.0903,7.0903,7.0903,7.0903,7.0903,7.0903,7.0903,7.0903,7.0903,7.0903,7.0903,7.0903,7.0903,7.0903,7.0903,7.0903,7.0903,7.0903,7.0903,7.0903,7.0903,7.0903,7.0903,7.0903,7.0903,7.0903,7.0903,7.0903,7.0903,7.0903,7.0903,7.0903,7.0903,7.0903,7.0903,7.0903,7.0903,7.0903,7.0903,7.0903,7.0903,7.0903,7.0903,7.0903,7.0903,7.0903,7.0903,7.0903,7.0903,7.0903,7.0903,7.0903,7.0903,7.0903,7.0903,7.0903,7.0903,7.0903,7.0903,7.0903,7.0903,7.0903,7.0903,7.0903,7.0903,7.0903,7.0903,7.0903,7.0903,7.0903,7.0903,7.0903,7.0903,7.0903,7.0903,7.0903,7.0903,7.0903,7.0903,7.0903,7.0903,7.0903,7.0903,7.0903,7.0903,7.0903,7.0903,7.0903,7.0903,7.0903,7.0903,7.0903,7.0903,7.0903,7.0903,7.0903,7.0903,7.0903,7.0903,7.0903,7.0903,7.0903,7.0903,7.0903,7.0903,7.0903,7.0903,7.0903,7.0903,7.0903,7.0903,7.0903,7.0903,7.0903,7.0903,7.0903,7.0903,7.0903,7.0903,7.0903,7.0903,7.0903,7.0903,7.0903,7.0903,7.0903,7.0903,7.0903,7.0903,7.0903,7.0903,7.0903,7.0903,7.0903,7.0903,7.0903,7.0903,7.0903,7.0903,7.0903,7.0903,7.0903,7.0903,7.0903,7.0903,7.0903,7.0903,7.0903,7.0903,7.0903,7.0903,7.0903,7.0903,7.0903,7.0903,7.0903,7.0903,7.0903,7.0903,7.0903,7.0903,7.0903,7.0903,7.0903,7.0903,7.0903,7.0903,7.0903,7.0903,7.0903,7.0903,7.0903,7.0903,7.0903,7.0903,7.0903,7.0903,7.0903,7.0903,7.0903,7.0903,7.0903,7.0903,7.0903,7.0903,7.0903,7.0903,7.0903,7.0903,7.0903,7.0903,7.0903,7.0903,7.0903,7.0903,7.0903,7.0903,7.0903,7.0903,7.0903,7.0903,7.0903,7.0903,7.0903,7.0903,7.0903,7.0903,7.0903,7.0903,7.0903,7.0903,7.0903,7.0903,7.0903,7.0903,7.0903,7.0903,7.0903,7.0903,7.0903,7.0903,7.0903
7.0846,7.0846,7.0846,7.0846,7.0846,7.0846,7.0846,7.0846,7.0846,7.0846,7.0846,7.0846,7.0846,7.0846,7.0846,7.0846,7.0846,7.0846,7.0846,7.0846,7.0846,7.0846,7.0846,7.0846,7.0846,7.0846,7.0846,7.0846,7.0846,7.0846,7.0846,7.0846,7.0846,7.0846,7.0846,7.0846,7.0846,7.0846,7.0846,7.0846,7.0846,7.0846,7.0846,7.0846,7.0846,7.0846,7.0846,7.0846,7.0846,7.0846,7.0846,7.0846,7.0846,7.0846,7.0846,7.0846,7.0846,7.0846,7.0846,7.0846,7.0846,7.0846,7.0846,7.0846,7.0846,7.0846,7.0846,7.0846,7.0846,7.0846,7.0846,7.0846,7.0846,7.0846,7.0846,7.0846,7.0846,7.0846,7.0846,7.0846,7.0846,7.0846,7.0846,7.0846,7.0846,7.0846,7.0846,7.0846,7.0846,7.0846,7.0846,7.0846,7.0846,7.0846,7.0846,7.0846,7.0846,7.0846,7.0846,7.0846,7.0846,7.0846,7.0846,7.0846,7.0846,7.0846,7.0846,7.0846,7.0846,7.0846,7.0846,7.0846,7.0846,7.0846,7.0846,7.0846,7.0846,7.0846,7.0846,7.0846,7.0846,7.0846,7.0846,7.0846,7.0846,7.0846,7.0846,7.0846,7.0846,7.0846,7.0846,7.0846,7.0846,7.0846,7.0846,7.0846,7.0846,7.0846,7.0846,7.0846,7.0846,7.0846,7.0846,7.0846,7.0846,7.0846,7.0846,7.0846,7.0846,7.0846,7.0846,7.0846,7.0846,7.0846,7.0846,7.0846,7.0846,7.0846,7.0846,7.0846,7.0846,7.0846,7.0846,7.0846,7.0846,7.0846,7.0846,7.0846,7.0846,7.0846,7.0846,7.0846,7.0846,7.0846,7.0846,7.0846,7.0846,7.0846,7.0846,7.0846,7.0846,7.0846,7.0846,7.0846,7.0846,7.0846,7.0846,7.0846,7.0846,7.0846,7.0846,7.0846,7.0846,7.0846,7.0846,7.0846,7.0846,7.0846,7.0846,7.0846,7.0846,7.0846,7.0846,7.0846,7.0846,7.0846,7.0846,7.0846,7.0846,7.0846,7.0846,7.0846,7.0846,7.0846,7.0846,7.0846,7.0846,7.0846,7.0846,7.0846,7.0846,7.0846,7.0846,7.0846,7.0846,7.0846,7.0846,7.0846,7.0846,7.0846,7.0846,7.0846,7.0846,7.0846,7.0846,7.0846,7.0846,7.0846,7.0846,7.0846,7.0846,7.0846,7.0846,7.0846,7.0846,7.0846,7.0846,7.0846,7.0846,7.0846,7.0846,7.0846,7.0846,7.0846,7.0846,7.0846,7.0846,7.0846,7.0846,7.0846,7.0846,7.0846,7.0846,7.0846,7.0846,7.0846,7.0846,7.0846,7.0846,7.0846,7.0846,7.0846,7.0846,7.0846,7.0846,7.0846,7.0846,7.0846,7.0846,7.0846,7.0846,7.0846,7.0846,7.0846,7.0846,7.0846,7.0846,7.0846,7.0846,7.0846,7.0846,7.0846,7.0846,7.0846,7.0846,7.0846,7.0846,7.0846,7.0846,7.0846,7.0846,7.0846,7.0846,7.0846,7.0846,7.0846,7.0846,7.0846,7.0846,7.0846,7.0846,7.0846,7.0846,7.0846,7.0846,7.0846,7.0846,7.0846,7.0846,7.0846,7.0846,7.0846,7.0846,7.0846,7.0846,7.0846,7.0846,7.0846,7.0846,7.0846,7.0846,7.0846,7.0846,7.0846,7.0846,7.0846,7.0846,7.0846,7.0846,7.0846,7.0846,7.0846,7.0846,7.0846,7.0846,7.0846,7.0846,7.0846,7.0846,7.0846,7.0846,7.0846,7.0846,7.0846,7.0846,7.0846,7.0846,7.0846,7.0846,7.0846,7.0846,7.0846,7.0846,7.0846,7.0846,7.0846,7.0846,7.0846,7.0846,7.0846,7.0846,7.0846,7.0846,7.0846,7.0846,7.0846,7.0846,7.0846,7.0846,7.0846,7.0846,7.0846,7.0846,7.0846,7.0846,7.0846,7.0846,7.0846,7.0846,7.0846,7.0846,7.0846,7.0846,7.0846,7.0846,7.0846,7.0846,7.0846,7.0846,7.0846,7.0846,7.0846,7.0846,7.0846,7.0846,7.0846,7.0846,7.0846,7.0846,7.0846,7.0846,7.0846,7.0846,7.0846,7.0846,7.0846,6.2424,6.1440,6.1281,6.1120,6.1000,6.0885,6.0771,6.0657,6.0543,6.0430,6.0317,6.0204,6.0094,6.0024,5.9953,5.9880,5.9810,5.9757,5.9712,5.9667,5.9623,5.9579,5.9534,5.9488,5.9444,5.9399,5.9355,5.9311,5.9267,5.9221,5.9178,5.9134,5.9088,5.9044,5.8999,5.8955,5.8920,5.8895,5.8868,5.8842,5.8817,5.8790,5.8763,5.8743,5.8729,5.8716,5.8702,5.8690,5.8675,5.8663,5.8649,5.8636,5.8622,5.8608,5.8595,5.8581,5.8567,5.8554,5.8542,5.8530,5.8518,5.8503,5.8491,5.8479,5.8467,5.8455,5.8442,5.8430,5.8418,5.8410,5.8402,5.8406,5.8418,5.8424,5.8434,5.8444,5.8453,5.8463,5.8473,5.8483,5.8495,5.8508,5.8518,5.8530,5.8540,5.8552,5.8563,5.8575,5.8585,5.8597,5.8608,5.8620,5.8630,5.8642,5.8653,5.8665,5.8675,5.8687,5.8698,5.8710,5.8720,5.8735,5.8755,5.8780,5.8815,5.8852,5.8889,5.8924,5.8962,5.8999,5.9034,5.9071,5.9109,5.9150,5.9192,5.9234,5.9278,5.9324,5.9368,5.9412,5.9456,5.9500,5.9547,5.9591,5.9636,5.9680,5.9725,5.9793,5.9887,5.9981,6.0082,6.0211,6.0343,6.0478,6.0611,6.0747,6.0881,6.1014,6.1149,6.1283,7.0846,7.0846,7.0846,7.0846,7.0846,7.0846,7.0846,7.0846,7.0846,7.0846,7.0846,7.0846,7.0846,7.0846,7.0846,7.0846,7.0846,7.0846,7.0846,7.0846,7.0846,7.0846,7.0846,7.0846,7.0846,7.0846,7.0846,7.0846,7.0846,7.0846,7.0846,7.0846,7.0846,7.0846,7.0846,7.0846,7.0846,7.0846,7.0846,7.0846,7.0846,7.0846,7.0846,7.0846,7.0846,7.0852,7.0852,7.0852,7.0852,7.0852,7.0852,7.0852,7.0852,7.0852,7.0852,7.0852,7.0852,7.0852,7.0852,7.0852,7.0852,7.0852,7.0852,7.0852,7.0852,7.0852,7.0852,7.0852,7.0852,7.0852,7.0852,7.0852,7.0852,7.0852,7.0852,7.0852,7.0852,7.0852,7.0852,7.0852,7.0852,7.0852,7.0852,7.0852,7.0852,7.0852,7.0852,7.0852,7.0852,7.0852,7.0852,7.0852,7.0852,7.0852,7.0852,7.0852,7.0852,7.0852,7.0852,7.0852,7.0852,7.0852,7.0852,7.0852,7.0852,7.0852,7.0852,7.0852,7.0852,7.0852,7.0852,7.0852,7.0852,7.0852,7.0852,7.0852,7.0852,7.0852,7.0852,7.0852,7.0852,7.0852,7.0852,7.0852,7.0852,7.0852,7.0852,7.0852,7.0852,7.0852,7.0852,7.0852,7.0852,7.0852,7.0852,7.0852,7.0852,7.0852,7.0852,7.0852,7.0852,7.0852,7.0852,7.0852,7.0852,7.0852,7.0852,7.0852,7.0852,7.0852,7.0852,7.0852,7.0852,7.0852,7.0852,7.0852,7.0852,7.0852,7.0852,7.0852,7.0852,7.0852,7.0852,7.0852,7.0852,7.0852,7.0852,7.0852,7.0852,7.0852,7.0852,7.0852,7.0852,7.0852,7.0852,7.0852,7.0852,7.0852,7.0852,7.0852,7.0852,7.0852,7.0852,7.0852,7.0852,7.0852,7.0852,7.0852,7.0852,7.0852,7.0852,7.0852,7.0852,7.0852,7.0852,7.0852,7.0852,7.0852,7.0852,7.0852,7.0852,7.0852,7.0852,7.0852,7.0852,7.0852,7.0852,7.0852,7.0852,7.0852,7.0852,7.0852,7.0852,7.0852,7.0852,7.0852,7.0852,7.0852,7.0852,7.0852,7.0852,7.0852,7.0852,7.0852,7.0852,7.0852,7.0852,7.0852,7.0852,7.0852,7.0852,7.0852,7.0852,7.0852,7.0852,7.0852,7.0852,7.0852,7.0852,7.0852,7.0852,7.0852,7.0852,7.0852,7.0852,7.0852,7.0852,7.0852,7.0852,7.0852,7.0852,7.0852,7.0852,7.0852,7.0852,7.0852,7.0852,7.0852,7.0852,7.0852,7.0852,7.0852,7.0852,7.0852,7.0852,7.0852,7.0852,7.0852,7.0852,7.0852,7.0852,7.0852,7.0852,7.0852,7.0852,7.0852,7.0852,7.0852,7.0852,7.0852,7.0852,7.0852,7.0852,7.0852,7.0852,7.0852,7.0852,7.0852,7.0852,7.0852,7.0852,7.0852,7.0852,7.0852,7.0852,7.0852,7.0852,7.0852,7.0852,7.0852,7.0852,7.0852,7.0852,7.0852,7.0852,7.0852,7.0852,7.0852,7.0852,7.0852,7.0852,7.0852,7.0852,7.0852,7.0852,7.0852,7.0852,7.0852,7.0852,7.0852,7.0852,7.0852,7.0852,7.0852,7.0852,7.0852,7.0852,7.0852,7.0852,7.0852,7.0852,7.0852,7.0852,7.0852,7.0852,7.0852,7.0852,7.0852,7.0852,7.0852,7.0852,7.0852,7.0852,7.0852,7.0852,7.0852,7.0852,7.0852,7.0852,7.0852,7.0852,7.0852,7.0852,7.0852,7.0852,7.0852,7.0852,7.0852,7.0852,7.0852,7.0852,7.0852,7.0852,7.0852,7.0852,7.0852,7.0852,7.0852,7.0852,7.0852,7.0852,7.0852,7.0852,7.0852,7.0852,7.0852,7.0852,7.0852,7.0852,7.0852,7.0852,7.0852,7.0852,7.0852,7.0852,7.0852,7.0852,7.0852,7.0852,7.0852,7.0852,7.0852,7.0852,7.0852,7.0852,7.0852,7.0852,7.0852,7.0852,7.0852,7.0852,7.0852,7.0852,7.0852
7.0789,7.0789,7.0789,7.0789,7.0789,7.0789,7.0789,7.0789,7.0789,7.0789,7.0789,7.0789,7.0789,7.0789,7.0789,7.0789,7.0789,7.0789,7.0789,7.0789,7.0789,7.0789,7.0789,7.0789,7.0789,7.0789,7.0789,7.0789,7.0789,7.0789,7.0789,7.0789,7.0789,7.0789,7.0789,7.0789,7.0789,7.0789,7.0789,7.0789,7.0789,7.0789,7.0789,7.0789,7.0789,7.0789,7.0789,7.0789,7.0789,7.0789,7.0789,7.0789,7.0789,7.0789,7.0789,7.0789,7.0789,7.0789,7.0789,7.0789,7.0789,7.0789,7.0789,7.0789,7.0789,7.0789,7.0789,7.0789,7.0789,7.0789,7.0789,7.0789,7.0789,7.0789,7.0789,7.0789,7.0789,7.0789,7.0789,7.0789,7.0789,7.0789,7.0789,7.0789,7.0789,7.0789,7.0789,7.0789,7.0789,7.0789,7.0789,7.0789,7.0789,7.0789,7.0789,7.0789,7.0789,7.0789,7.0789,7.0789,7.0789,7.0789,7.0789,7.0789,7.0789,7.0789,7.0789,7.0789,7.0789,7.0789,7.0789,7.0789,7.0789,7.0789,7.0789,7.0789,7.0789,7.0789,7.0789,7.0789,7.0789,7.0789,7.0789,7.0789,7.0789,7.0789,7.0789,7.0789,7.0789,7.0789,7.0789,7.0789,7.0789,7.0789,7.0789,7.0789,7.0789,7.0789,7.0789,7.0789,7.0789,7.0789,7.0789,7.0789,7.0789,7.0789,7.0789,7.0789,7.0789,7.0789,7.0789,7.0789,7.0789,7.0789,7.0789,7.0789,7.0789,7.0789,7.0789,7.0789,7.0789,7.0789,7.0789,7.0789,7.0789,7.0789,7.0789,7.0789,7.0789,7.0789,7.0789,7.0789,7.0789,7.0789,7.0789,7.0789,7.0789,7.0789,7.0789,7.0789,7.0789,7.0789,7.0789,7.0789,7.0789,7.0789,7.0789,7.0789,7.0789,7.0789,7.0789,7.0789,7.0789,7.0789,7.0789,7.0789,7.0789,7.0789,7.0789,7.0789,7.0789,7.0789,7.0789,7.0789,7.0789,7.0789,7.0789,7.0789,7.0789,7.0789,7.0789,7.0789,7.0789,7.0789,7.0789,7.0789,7.0789,7.0789,7.0789,7.0789,7.0789,7.0789,7.0789,7.0789,7.0789,7.0789,7.0789,7.0789,7.0789,7.0789,7.0789,7.0789,7.0789,7.0789,7.0789,7.0789,7.0789,7.0789,7.0789,7.0789,7.0789,7.0789,7.0789,7.0789,7.0789,7.0789,7.0789,7.0789,7.0789,7.0789,7.0789,7.0789,7.0789,7.0789,7.0789,7.0789,7.0789,7.0789,7.0789,7.0789,7.0789,7.0789,7.0789,7.0789,7.0789,7.0789,7.0789,7.0789,7.0789,7.0789,7.0789,7.0789,7.0789,7.0789,7.0789,7.0789,7.0789,7.0789,7.0789,7.0789,7.0789,7.0789,7.0789,7.0789,7.0789,7.0789,7.0789,7.0789,7.0789,7.0789,7.0789,7.0789,7.0789,7.0789,7.0789,7.0789,7.0789,7.0789,7.0789,7.0789,7.0789,7.0789,7.0789,7.0789,7.0789,7.0789,7.0789,7.0789,7.0789,7.0789,7.0789,7.0789,7.0789,7.0789,7.0789,7.0789,7.0789,7.0789,7.0789,7.0789,7.0789,7.0789,7.0789,7.0789,7.0789,7.0789,7.0789,7.0789,7.0789,7.0789,7.0789,7.0789,7.0789,7.0789,7.0789,7.0789,7.0789,7.0789,7.0789,7.0789,7.0789,7.0789,7.0789,7.0789,7.0789,7.0789,7.0789,7.0789,7.0789,7.0789,7.0789,7.0789,7.0789,7.0789,7.0789,7.0789,7.0789,7.0789,7.0789,7.0789,7.0789,7.0789,7.0789,7.0789,7.0789,7.0789,7.0789,7.0789,7.0789,7.0789,7.0789,7.0789,7.0789,7.0789,7.0789,7.0789,7.0789,7.0789,7.0789,7.0789,7.0789,7.0789,7.0789,7.0789,7.0789,7.0789,7.0789,7.0789,7.0789,7.0789,7.0789,7.0789,7.0789,7.0789,7.0789,7.0789,7.0789,7.0789,7.0789,7.0789,7.0789,7.0789,7.0789,7.0789,7.0789,7.0789,7.0789,7.0789,7.0789,7.0789,7.0789,7.0789,7.0789,7.0789,7.0789,7.0789,7.0789,7.0789,6.1444,6.1283,6.1122,6.0963,6.0837,6.0722,6.0608,6.0495,6.0382,6.0269,6.0157,6.0062,5.9991,5.9921,5.9850,5.9799,5.9755,5.9710,5.9665,5.9621,5.9576,5.9532,5.9488,5.9444,5.9397,5.9353,5.9309,5.9265,5.9219,5.9175,5.9132,5.9086,5.9042,5.8997,5.8953,5.8922,5.8897,5.8871,5.8844,5.8819,5.8792,5.8774,5.8761,5.8747,5.8735,5.8720,5.8706,5.8694,5.8679,5.8667,5.8653,5.8640,5.8626,5.8612,5.8599,5.8585,5.8573,5.8561,5.8548,5.8536,5.8524,5.8512,5.8499,5.8489,5.8483,5.8475,5.8469,5.8461,5.8455,5.8455,5.8465,5.8475,5.8483,5.8493,5.8503,5.8512,5.8522,5.8530,5.8540,5.8550,5.8559,5.8569,5.8579,5.8587,5.8597,5.8606,5.8616,5.8626,5.8634,5.8646,5.8657,5.8669,5.8679,5.8692,5.8702,5.8714,5.8724,5.8737,5.8749,5.8759,5.8778,5.8813,5.8850,5.8885,5.8922,5.8962,5.9003,5.9044,5.9088,5.9130,5.9171,5.9213,5.9255,5.9299,5.9345,5.9389,5.9433,5.9477,5.9524,5.9568,5.9612,5.9657,5.9701,5.9748,5.9810,5.9904,6.0000,6.0090,6.0185,6.0317,6.0451,6.0584,6.0720,6.0852,6.0987,6.1122,6.1263,7.0789,7.0789,7.0789,7.0789,7.0789,7.0789,7.0789,7.0789,7.0789,7.0789,7.0789,7.0789,7.0789,7.0789,7.0789,7.0789,7.0789,7.0789,7.0789,7.0789,7.0789,7.0789,7.0789,7.0789,7.0789,7.0789,7.0789,7.0789,7.0789,7.0789,7.0789,7.0789,7.0789,7.0789,7.0789,7.0789,7.0789,7.0789,7.0789,7.0789,7.0789,7.0789,7.0789,7.0789,7.0789,7.0789,7.0789,7.0789,7.0789,7.0789,7.0789,7.0789,7.0789,7.0789,7.0789,7.0789,7.0789,7.0789,7.0789,7.0789,7.0789,7.0789,7.0789,7.0789,7.0789,7.0789,7.0789,7.0789,7.0789,7.0789,7.0789,7.0789,7.0789,7.0789,7.0789,7.0789,7.0789,7.0789,7.0789,7.0789,7.0789,7.0789,7.0789,7.0789,7.0789,7.0789,7.0789,7.0789,7.0789,7.0789,7.0789,7.0789,7.0789,7.0789,7.0789,7.0789,7.0789,7.0789,7.0789,7.0789,7.0789,7.0789,7.0789,7.0789,7.0789,7.0789,7.0789,7.0789,7.0789,7.0789,7.0789,7.0789,7.0789,7.0789,7.0789,7.0789,7.0789,7.0789,7.0789,7.0789,7.0789,7.0789,7.0789,7.0789,7.0789,7.0789,7.0789,7.0789,7.0789,7.0789,7.0789,7.0789,7.0789,7.0789,7.0789,7.0789,7.0789,7.0789,7.0789,7.0789,7.0789,7.0789,7.0789,7.0789,7.0789,7.0789,7.0789,7.0789,7.0789,7.0789,7.0789,7.0789,7.0789,7.0789,7.0789,7.0789,7.0789,7.0789,7.0789,7.0789,7.0789,7.0789,7.0789,7.0789,7.0789,7.0789,7.0789,7.0789,7.0789,7.0789,7.0789,7.0789,7.0789,7.0789,7.0789,7.0789,7.0789,7.0789,7.0789,7.0789,7.0789,7.0789,7.0789,7.0789,7.0789,7.0789,7.0789,7.0789,7.0789,7.0789,7.0789,7.0789,7.0789,7.0789,7.0789,7.0789,7.0789,7.0789,7.0789,7.0789,7.0789,7.0789,7.0789,7.0789,7.0789,7.0789,7.0789,7.0789,7.0789,7.0789,7.0789,7.0789,7.0789,7.0789,7.0789,7.0789,7.0789,7.0789,7.0789,7.0789,7.0789,7.0789,7.0789,7.0789,7.0789,7.0789,7.0789,7.0789,7.0789,7.0789,7.0789,7.0789,7.0789,7.0789,7.0789,7.0789,7.0789,7.0789,7.0789,7.0789,7.0789,7.0789,7.0789,7.0789,7.0789,7.0789,7.0789,7.0789,7.0789,7.0789,7.0789,7.0789,7.0789,7.0789,7.0789,7.0789,7.0789,7.0789,7.0789,7.0789,7.0789,7.0789,7.0789,7.0789,7.0789,7.0789,7.0789,7.0789,7.0789,7.0789,7.0789,7.0789,7.0789,7.0789,7.0789,7.0789,7.0789,7.0789,7.0789,7.0789,7.0789,7.0789,7.0789,7.0789,7.0789,7.0789,7.0789,7.0789,7.0789,7.0789,7.0789,7.0789,7.0789,7.0789,7.0789,7.0789,7.0789,7.0789,7.0789,7.0789,7.0789,7.0789,7.0789,7.0789,7.0789,7.0789,7.0789,7.0789,7.0789,7.0789,7.0789,7.0789,7.0789,7.0789,7.0789,7.0789,7.0789,7.0789,7.0789,7.0789,7.0789,7.0789,7.0789,7.0789,7.0789,7.0789,7.0789,7.0789,7.0789,7.0789,7.0789,7.0789,7.0789,7.0789,7.0789,7.0789,7.0789,7.0789,7.0789,7.0789,7.0789,7.0789,7.0789,7.0789,7.0789,7.0789,7.0789,7.0789,7.0789,7.0789,7.0789,7.0789,7.0789,7.0789,7.0789,7.0789,7.0789,7.0789,7.0789,7.0789,7.0789,7.0789,7.0789,7.0789,7.0789,7.0789,7.0789,7.0789,7.0789,7.0789,7.0789,7.0789,7.0789,7.0789,7.0789,7.0789,7.0789,7.0789,7.0789,7.0789,7.0789,7.0789,7.0789,7.0789,7.0789,7.0789,7.0789,7.0789,7.0789,7.0789,7.0789,7.0789,7.0789,7.0789,7.0789,7.0789,7.0789,7.0789,7.0789,7.0789,7.0789,7.0789,7.0789,7.0789,7.0789
7.0741,7.0741,7.0741,7.0741,7.0741,7.0741,7.0741,7.0741,7.0741,7.0741,7.0741,7.0741,7.0741,7.0741,7.0741,7.0741,7.0741,7.0741,7.0741,7.0741,7.0741,7.0741,7.0741,7.0741,7.0741,7.0741,7.0741,7.0741,7.0741,7.0741,7.0741,7.0741,7.0741,7.0741,7.0741,7.0741,7.0741,7.0741,7.0741,7.0741,7.0741,7.0741,7.0741,7.0741,7.0741,7.0741,7.0741,7.0741,7.0741,7.0741,7.0741,7.0741,7.0741,7.0741,7.0741,7.0741,7.0741,7.0741,7.0741,7.0741,7.0741,7.0741,7.0741,7.0741,7.0741,7.0741,7.0741,7.0741,7.0741,7.0741,7.0741,7.0741,7.0741,7.0741,7.0741,7.0741,7.0741,7.0741,7.0741,7.0741,7.0741,7.0741,7.0741,7.0741,7.0741,7.0741,7.0741,7.0741,7.0741,7.0741,7.0741,7.0741,7.0741,7.0741,7.0741,7.0741,7.0741,7.0741,7.0741,7.0741,7.0741,7.0741,7.0741,7.0741,7.0741,7.0741,7.0741,7.0741,7.0741,7.0741,7.0741,7.0741,7.0741,7.0741,7.0741,7.0741,7.0741,7.0741,7.0741,7.0741,7.0741,7.0741,7.0741,7.0741,7.0741,7.0741,7.0741,7.0741,7.0741,7.0741,7.0741,7.0741,7.0741,7.0741,7.0741,7.0741,7.0741,7.0741,7.0741,7.0741,7.0741,7.0741,7.0741,7.0741,7.0741,7.0741,7.0741,7.0741,7.0741,7.0741,7.0741,7.0741,7.0741,7.0741,7.0741,7.0741,7.0741,7.0741,7.0741,7.0741,7.0741,7.0741,7.0741,7.0741,7.0741,7.0741,7.0741,7.0741,7.0741,7.0741,7.0741,7.0741,7.0741,7.0741,7.0741,7.0741,7.0741,7.0741,7.0741,7.0741,7.0741,7.0741,7.0741,7.0741,7.0741,7.0741,7.0741,7.0741,7.0741,7.0741,7.0741,7.0741,7.0741,7.0741,7.0741,7.0741,7.0741,7.0741,7.0741,7.0741,7.0741,7.0741,7.0741,7.0741,7.0741,7.0741,7.0741,7.0741,7.0741,7.0741,7.0741,7.0741,7.0741,7.0741,7.0741,7.0741,7.0741,7.0741,7.0741,7.0741,7.0741,7.0741,7.0741,7.0741,7.0741,7.0741,7.0741,7.0741,7.0741,7.0741,7.0741,7.0741,7.0741,7.0741,7.0741,7.0741,7.0741,7.0741,7.0741,7.0741,7.0741,7.0741,7.0741,7.0741,7.0741,7.0741,7.0741,7.0741,7.0741,7.0741,7.0741,7.0741,7.0741,7.0741,7.0741,7.0741,7.0741,7.0741,7.0741,7.0741,7.0741,7.0741,7.0741,7.0741,7.0741,7.0741,7.0741,7.0741,7.0741,7.0741,7.0741,7.0741,7.0741,7.0741,7.0741,7.0741,7.0741,7.0741,7.0738,7.0738,7.0738,7.0738,7.0738,7.0738,7.0738,7.0738,7.0738,7.0738,7.0738,7.0738,7.0738,7.0738,7.0738,7.0738,7.0738,7.0738,7.0738,7.0738,7.0738,7.0738,7.0738,7.0738,7.0738,7.0738,7.0738,7.0738,7.0738,7.0738,7.0738,7.0738,7.0738,7.0738,7.0738,7.0738,7.0738,7.0738,7.0738,7.0738,7.0738,7.0738,7.0738,7.0738,7.0738,7.0738,7.0738,7.0738,7.0738,7.0738,7.0738,7.0738,7.0738,7.0738,7.0738,7.0738,7.0738,7.0738,7.0738,7.0738,7.0738,7.0738,7.0738,7.0738,7.0738,7.0738,7.0738,7.0738,7.0738,7.0738,7.0738,7.0738,7.0738,7.0738,7.0738,7.0738,7.0738,7.0738,7.0738,7.0738,7.0738,7.0738,7.0738,7.0738,7.0738,7.0738,7.0738,7.0738,7.0738,7.0738,7.0738,7.0738,7.0738,7.0738,7.0738,7.0738,7.0738,7.0738,7.0738,7.0738,7.0738,7.0738,7.0738,7.0738,7.0738,7.0738,7.0738,7.0738,7.0738,7.0738,7.0738,7.0738,7.0738,7.0738,7.0738,7.0738,7.0738,7.0738,7.0738,7.0738,7.0738,7.0738,7.0738,7.0738,7.0738,7.0738,7.0738,7.0738,7.0738,7.0738,7.0738,7.0738,7.0738,7.0738,7.0738,7.0738,7.0738,7.0738,7.0738,7.0738,7.0738,6.1449,6.1285,6.1127,6.0967,6.0808,6.0676,6.0563,6.0449,6.0336,6.0224,6.0112,6.0034,5.9961,5.9891,5.9844,5.9799,5.9755,5.9710,5.9663,5.9619,5.9574,5.9530,5.9486,5.9441,5.9397,5.9353,5.9307,5.9263,5.9217,5.9173,5.9130,5.9084,5.9040,5.8995,5.8951,5.8924,5.8899,5.8873,5.8846,5.8821,5.8805,5.8792,5.8778,5.8765,5.8751,5.8739,5.8724,5.8712,5.8698,5.8683,5.8671,5.8657,5.8644,5.8630,5.8618,5.8606,5.8593,5.8581,5.8569,5.8563,5.8554,5.8548,5.8540,5.8534,5.8526,5.8520,5.8512,5.8506,5.8506,5.8514,5.8524,5.8534,5.8542,5.8552,5.8561,5.8571,5.8581,5.8589,5.8599,5.8610,5.8618,5.8628,5.8638,5.8646,5.8657,5.8665,5.8675,5.8685,5.8694,5.8704,5.8714,5.8722,5.8733,5.8741,5.8751,5.8761,5.8770,5.8780,5.8790,5.8815,5.8858,5.8899,5.8941,5.8982,5.9024,5.9065,5.9109,5.9150,5.9192,5.9234,5.9276,5.9320,5.9366,5.9410,5.9454,5.9500,5.9545,5.9589,5.9634,5.9678,5.9725,5.9769,5.9827,5.9921,6.0015,6.0107,6.0202,6.0297,6.0423,6.0558,6.0692,6.0826,6.0960,6.1096,6.1245,6.2012,7.0738,7.0738,7.0738,7.0738,7.0738,7.0738,7.0738,7.0738,7.0738,7.0738,7.0738,7.0738,7.0738,7.0738,7.0738,7.0738,7.0738,7.0738,7.0738,7.0738,7.0738,7.0738,7.0738,7.0738,7.0738,7.0738,7.0738,7.0738,7.0738,7.0738,7.0738,7.0738,7.0738,7.0738,7.0738,7.0738,7.0738,7.0738,7.0738,7.0738,7.0738,7.0738,7.0738,7.0738,7.0738,7.0738,7.0738,7.0738,7.0738,7.0738,7.0738,7.0738,7.0738,7.0738,7.0738,7.0738,7.0738,7.0738,7.0738,7.0738,7.0738,7.0738,7.0738,7.0738,7.0738,7.0738,7.0738,7.0738,7.0738,7.0738,7.0738,7.0738,7.0738,7.0738,7.0738,7.0738,7.0738,7.0738,7.0738,7.0738,7.0738,7.0738,7.0738,7.0738,7.0738,7.0738,7.0738,7.0738,7.0738,7.0738,7.0738,7.0738,7.0738,7.0738,7.0738,7.0738,7.0738,7.0738,7.0738,7.0738,7.0738,7.0738,7.0738,7.0738,7.0738,7.0738,7.0738,7.0738,7.0738,7.0738,7.0738,7.0738,7.0738,7.0738,7.0738,7.0738,7.0738,7.0738,7.0738,7.0738,7.0738,7.0738,7.0738,7.0738,7.0738,7.0738,7.0738,7.0738,7.0738,7.0738,7.0738,7.0738,7.0738,7.0738,7.0738,7.0738,7.0738,7.0738,7.0738,7.0738,7.0738,7.0738,7.0738,7.0738,7.0738,7.0738,7.0738,7.0738,7.0738,7.0738,7.0738,7.0738,7.0738,7.0738,7.0738,7.0738,7.0738,7.0738,7.0738,7.0738,7.0738,7.0738,7.0738,7.0738,7.0738,7.0738,7.0738,7.0738,7.0738,7.0738,7.0738,7.0738,7.0738,7.0738,7.0738,7.0738,7.0738,7.0738,7.0738,7.0738,7.0738,7.0738,7.0738,7.0738,7.0738,7.0738,7.0738,7.0738,7.0738,7.0738,7.0738,7.0738,7.0738,7.0738,7.0738,7.0738,7.0738,7.0738,7.0738,7.0738,7.0738,7.0738,7.0738,7.0738,7.0738,7.0738,7.0738,7.0738,7.0738,7.0738,7.0738,7.0738,7.0738,7.0738,7.0738,7.0738,7.0738,7.0738,7.0738,7.0738,7.0738,7.0738,7.0738,7.0738,7.0738,7.0738,7.0738,7.0738,7.0738,7.0738,7.0738,7.0738,7.0738,7.0738,7.0738,7.0738,7.0738,7.0738,7.0738,7.0738,7.0738,7.0738,7.0738,7.0738,7.0738,7.0738,7.0738,7.0738,7.0738,7.0738,7.0738,7.0738,7.0738,7.0738,7.0738,7.0738,7.0738,7.0738,7.0738,7.0738,7.0738,7.0738,7.0738,7.0738,7.0738,7.0738,7.0738,7.0738,7.0738,7.0738,7.0738,7.0738,7.0738,7.0738,7.0738,7.0738,7.0738,7.0738,7.0738,7.0738,7.0738,7.0738,7.0738,7.0738,7.0738,7.0738,7.0738,7.0738,7.0738,7.0738,7.0738,7.0738,7.0738,7.0738,7.0738,7.0738,7.0738,7.0738,7.0738,7.0738,7.0738,7.0738,7.0738,7.0738,7.0738,7.0738,7.0738,7.0738,7.0738,7.0738,7.0738,7.0738,7.0738,7.0738,7.0738,7.0738,7.0738,7.0738,7.0738,7.0738,7.0738,7.0738,7.0738,7.0738,7.0738,7.0738,7.0738,7.0738,7.0738,7.0738,7.0738,7.0738,7.0738,7.0738,7.0738,7.0738,7.0738,7.0738,7.0738,7.0738,7.0738,7.0738,7.0738,7.0738,7.0738,7.0738,7.0738,7.0738,7.0738,7.0738,7.0738,7.0738,7.0738,7.0738,7.0738,7.0738,7.0738,7.0738,7.0738,7.0738,7.0738,7.0738,7.0738,7.0738,7.0738,7.0738,7.0738,7.0738,7.0738,7.0738,7.0738,7.0738,7.0738,7.0738,7.0738,7.0738,7.0738,7.0738,7.0738,7.0738,7.0738,7.0738,7.0738,7.0738,7.0738,7.0738,7.0738,7.0738,7.0738,7.0738,7.0738,7.0738,7.0738,7.0738,7.0738,7.0738,7.0738,7.0738,7.0738,7.0738,7.0738,7.0738,7.0738,7.0738,7.0738
7.0679,7.0679,7.0679,7.0679,7.0679,7.0679,7.0679,7.0679,7.0679,7.0679,7.0679,7.0679,7.0679,7.0679,7.0679,7.0679,7.0679,7.0679,7.0679,7.0679,7.0679,7.0679,7.0679,7.0679,7.0679,7.0679,7.0679,7.0679,7.0679,7.0679,7.0679,7.0679,7.0679,7.0679,7.0679,7.0679,7.0679,7.0679,7.0679,7.0679,7.0679,7.0679,7.0679,7.0679,7.0679,7.0679,7.0679,7.0679,7.0679,7.0679,7.0679,7.0679,7.0679,7.0679,7.0679,7.0679,7.0679,7.0679,7.0679,7.0679,7.0679,7.0679,7.0679,7.0679,7.0679,7.0679,7.0679,7.0679,7.0679,7.0679,7.0679,7.0679,7.0679,7.0679,7.0679,7.0679,7.0679,7.0679,7.0679,7.0679,7.0679,7.0679,7.0679,7.0679,7.0679,7.0679,7.0679,7.0679,7.0679,7.0679,7.0679,7.0679,7.0679,7.0679,7.0679,7.0679,7.0679,7.0679,7.0679,7.0679,7.0679,7.0679,7.0679,7.0679,7.0679,7.0679,7.0679,7.0679,7.0679,7.0679,7.0679,7.0679,7.0679,7.0679,7.0679,7.0679,7.0679,7.0679,7.0679,7.0679,7.0679,7.0679,7.0679,7.0679,7.0679,7.0679,7.0679,7.0679,7.0679,7.0679,7.0679,7.0679,7.0679,7.0679,7.0679,7.0679,7.0679,7.0679,7.0679,7.0679,7.0679,7.0679,7.0679,7.0679,7.0679,7.0679,7.0679,7.0679,7.0679,7.0679,7.0679,7.0679,7.0679,7.0679,7.0679,7.0679,7.0679,7.0679,7.0679,7.0679,7.0679,7.0679,7.0679,7.0679,7.0679,7.0679,7.0679,7.0679,7.0679,7.0679,7.0679,7.0679,7.0679,7.0679,7.0679,7.0679,7.0679,7.0679,7.0679,7.0679,7.0679,7.0679,7.0679,7.0679,7.0679,7.0679,7.0679,7.0679,7.0679,7.0679,7.0679,7.0679,7.0679,7.0679,7.0679,7.0679,7.0679,7.0679,7.0679,7.0679,7.0679,7.0679,7.0679,7.0679,7.0679,7.0679,7.0679,7.0679,7.0679,7.0679,7.0679,7.0679,7.0679,7.0679,7.0679,7.0679,7.0679,7.0679,7.0679,7.0679,7.0679,7.0679,7.0679,7.0679,7.0679,7.0679,7.0679,7.0679,7.0679,7.0679,7.0679,7.0679,7.0679,7.0679,7.0679,7.0679,7.0679,7.0679,7.0679,7.0679,7.0679,7.0679,7.0679,7.0679,7.0679,7.0679,7.0679,7.0679,7.0679,7.0679,7.0679,7.0679,7.0679,7.0679,7.0679,7.0679,7.0679,7.0679,7.0679,7.0679,7.0679,7.0679,7.0679,7.0679,7.0679,7.0679,7.0679,7.0679,7.0679,7.0679,7.0679,7.0679,7.0679,7.0679,7.0679,7.0679,7.0679,7.0679,7.0679,7.0679,7.0679,7.0679,7.0679,7.0679,7.0679,7.0679,7.0679,7.0679,7.0679,7.0679,7.0679,7.0679,7.0679,7.0679,7.0679,7.0679,7.0679,7.0679,7.0679,7.0679,7.0679,7.0679,7.0679,7.0679,7.0679,7.0679,7.0679,7.0679,7.0679,7.0679,7.0679,7.0679,7.0679,7.0679,7.0679,7.0679,7.0679,7.0679,7.0679,7.0679,7.0679,7.0679,7.0679,7.0679,7.0679,7.0679,7.0679,7.0679,7.0679,7.0679,7.0679,7.0679,7.0679,7.0679,7.0679,7.0679,7.0679,7.0679,7.0679,7.0679,7.0679,7.0679,7.0679,7.0679,7.0679,7.0679,7.0679,7.0679,7.0679,7.0679,7.0679,7.0679,7.0679,7.0679,7.0679,7.0679,7.0679,7.0679,7.0679,7.0679,7.0679,7.0679,7.0679,7.0679,7.0679,7.0679,7.0679,7.0679,7.0679,7.0679,7.0679,7.0679,7.0679,7.0679,7.0679,7.0679,7.0679,7.0679,7.0679,7.0679,7.0679,7.0679,7.0679,7.0679,7.0679,7.0679,7.0679,7.0679,7.0679,7.0679,7.0679,7.0679,7.0679,7.0679,7.0679,7.0679,7.0679,7.0679,7.0679,7.0679,7.0679,7.0679,7.0679,7.0679,7.0679,7.0679,7.0679,7.0679,7.0679,7.0679,7.0679,7.0679,7.0679,7.0679,7.0679,7.0679,7.0679,7.0679,7.0679,6.1629,6.1453,6.1290,6.1129,6.0969,6.0810,6.0652,6.0515,6.0401,6.0289,6.0176,6.0073,6.0002,5.9931,5.9887,5.9842,5.9797,5.9752,5.9708,5.9663,5.9619,5.9574,5.9530,5.9484,5.9439,5.9395,5.9351,5.9305,5.9261,5.9215,5.9171,5.9125,5.9082,5.9038,5.8993,5.8953,5.8926,5.8902,5.8875,5.8850,5.8838,5.8823,5.8811,5.8796,5.8782,5.8770,5.8755,5.8743,5.8729,5.8716,5.8702,5.8690,5.8675,5.8663,5.8651,5.8642,5.8634,5.8628,5.8620,5.8614,5.8606,5.8599,5.8593,5.8585,5.8579,5.8571,5.8565,5.8556,5.8554,5.8565,5.8573,5.8583,5.8593,5.8601,5.8612,5.8620,5.8630,5.8640,5.8649,5.8659,5.8669,5.8677,5.8687,5.8696,5.8706,5.8716,5.8724,5.8735,5.8745,5.8753,5.8763,5.8772,5.8782,5.8792,5.8800,5.8811,5.8821,5.8829,5.8852,5.8879,5.8920,5.8962,5.9003,5.9044,5.9086,5.9130,5.9171,5.9213,5.9255,5.9297,5.9341,5.9387,5.9431,5.9475,5.9522,5.9566,5.9610,5.9655,5.9699,5.9746,5.9791,5.9844,5.9936,6.0030,6.0125,6.0219,6.0312,6.0408,6.0532,6.0665,6.0799,6.0934,6.1078,6.1227,6.1379,7.0685,7.0685,7.0685,7.0685,7.0685,7.0685,7.0685,7.0685,7.0685,7.0685,7.0685,7.0685,7.0685,7.0685,7.0685,7.0685,7.0685,7.0685,7.0685,7.0685,7.0685,7.0685,7.0685,7.0685,7.0685,7.0685,7.0685,7.0685,7.0685,7.0685,7.0685,7.0685,7.0685,7.0685,7.0685,7.0685,7.0685,7.0685,7.0685,7.0685,7.0685,7.0685,7.0685,7.0685,7.0685,7.0685,7.0685,7.0685,7.0685,7.0685,7.0685,7.0685,7.0685,7.0685,7.0685,7.0685,7.0685,7.0685,7.0685,7.0685,7.0685,7.0685,7.0685,7.0685,7.0685,7.0685,7.0685,7.0685,7.0685,7.0685,7.0685,7.0685,7.0685,7.0685,7.0685,7.0685,7.0685,7.0685,7.0685,7.0685,7.0685,7.0685,7.0685,7.0685,7.0685,7.0685,7.0685,7.0685,7.0685,7.0685,7.0685,7.0685,7.0685,7.0685,7.0685,7.0685,7.0685,7.0685,7.0685,7.0685,7.0685,7.0685,7.0685,7.0685,7.0685,7.0685,7.0685,7.0685,7.0685,7.0685,7.0685,7.0685,7.0685,7.0685,7.0685,7.0685,7.0685,7.0685,7.0685,7.0685,7.0685,7.0685,7.0685,7.0685,7.0685,7.0685,7.0685,7.0685,7.0685,7.0685,7.0685,7.0685,7.0685,7.0685,7.0685,7.0685,7.0685,7.0685,7.0685,7.0685,7.0685,7.0685,7.0685,7.0685,7.0685,7.0685,7.0685,7.0685,7.0685,7.0685,7.0685,7.0685,7.0685,7.0685,7.0685,7.0685,7.0685,7.0685,7.0685,7.0685,7.0685,7.0685,7.0685,7.0685,7.0685,7.0685,7.0685,7.0685,7.0685,7.0685,7.0685,7.0685,7.0685,7.0685,7.0685,7.0685,7.0685,7.0685,7.0685,7.0685,7.0685,7.0685,7.0685,7.0685,7.0685,7.0685,7.0685,7.0685,7.0685,7.0685,7.0685,7.0685,7.0685,7.0685,7.0685,7.0685,7.0685,7.0685,7.0685,7.0685,7.0685,7.0685,7.0685,7.0685,7.0685,7.0685,7.0685,7.0685,7.0685,7.0685,7.0685,7.0685,7.0685,7.0685,7.0685,7.0685,7.0685,7.0685,7.0685,7.0685,7.0685,7.0685,7.0685,7.0685,7.0685,7.0685,7.0685,7.0685,7.0685,7.0685,7.0685,7.0685,7.0685,7.0685,7.0685,7.0685,7.0685,7.0685,7.0685,7.0685,7.0685,7.0685,7.0685,7.0685,7.0685,7.0685,7.0685,7.0685,7.0685,7.0685,7.0685,7.0685,7.0685,7.0685,7.0685,7.0685,7.0685,7.0685,7.0685,7.0685,7.0685,7.0685,7.0685,7.0685,7.0685,7.0685,7.0685,7.0685,7.0685,7.0685,7.0685,7.0685,7.0685,7.0685,7.0685,7.0685,7.0685,7.0685,7.0685,7.0685,7.0685,7.0685,7.0685,7.0685,7.0685,7.0685,7.0685,7.0685,7.0685,7.0685,7.0685,7.0685,7.0685,7.0685,7.0685,7.0685,7.0685,7.0685,7.0685,7.0685,7.0685,7.0685,7.0685,7.0685,7.0685,7.0685,7.0685,7.0685,7.0685,7.0685,7.0685,7.0685,7.0685,7.0685,7.0685,7.0685,7.0685,7.0685,7.0685,7.0685,7.0685,7.0685,7.0685,7.0685,7.0685,7.0685,7.0685,7.0685,7.0685,7.0685,7.0685,7.0685,7.0685,7.0685,7.0685,7.0685,7.0685,7.0685,7.0685,7.0685,7.0685,7.0685,7.0685,7.0685,7.0685,7.0685,7.0685,7.0685,7.0685,7.0685,7.0685,7.0685,7.0685,7.0685,7.0685,7.0685,7.0685,7.0685,7.0685,7.0685,7.0685,7.0685,7.0685,7.0685,7.0685,7.0685,7.0685,7.0685,7.0685,7.0685,7.0685,7.0685,7.0685,7.0685,7.0685,7.0685,7.0685,7.0685,7.0685,7.0685,7.0685,7.0685,7.0685,7.0685,7.0685,7.0685,7.0685,7.0685,7.0685,7.0685,7.0685,7.0685,7.0685,7.0685,7.0685,7.0685,7.0685,7.0685,7.0685,7.0685,7.0685,7.0685,7.0685,7.0685,7.0685,7.0685
7.0628,7.0628,7.0628,7.0628,7.0628,7.0628,7.0628,7.0628,7.0628,7.0628,7.0628,7.0628,7.0628,7.0628,7.0628,7.0628,7.0628,7.0628,7.0628,7.0628,7.0628,7.0628,7.0628,7.0628,7.0628,7.0628,7.0628,7.0628,7.0628,7.0628,7.0628,7.0628,7.0628,7.0628,7.0628,7.0628,7.0628,7.0628,7.0628,7.0628,7.0628,7.0628,7.0628,7.0628,7.0628,7.0628,7.0628,7.0628,7.0628,7.0628,7.0628,7.0628,7.0628,7.0628,7.0628,7.0628,7.0628,7.0628,7.0628,7.0628,7.0628,7.0628,7.0628,7.0628,7.0628,7.0628,7.0628,7.0628,7.0628,7.0628,7.0628,7.0628,7.0628,7.0628,7.0628,7.0628,7.0628,7.0628,7.0628,7.0628,7.0628,7.0628,7.0628,7.0628,7.0628,7.0628,7.0628,7.0628,7.0628,7.0628,7.0628,7.0628,7.0628,7.0628,7.0628,7.0628,7.0628,7.0628,7.0628,7.0628,7.0628,7.0628,7.0628,7.0628,7.0628,7.0628,7.0628,7.0628,7.0628,7.0628,7.0628,7.0628,7.0628,7.0628,7.0628,7.0628,7.0628,7.0628,7.0628,7.0628,7.0628,7.0628,7.0628,7.0628,7.0628,7.0628,7.0628,7.0628,7.0628,7.0628,7.0628,7.0628,7.0628,7.0628,7.0628,7.0628,7.0628,7.0628,7.0628,7.0628,7.0628,7.0628,7.0628,7.0628,7.0628,7.0628,7.0628,7.0628,7.0628,7.0628,7.0628,7.0628,7.0628,7.0628,7.0628,7.0628,7.0628,7.0628,7.0628,7.0628,7.0628,7.0628,7.0628,7.0628,7.0628,7.0628,7.0628,7.0628,7.0628,7.0628,7.0628,7.0628,7.0628,7.0628,7.0628,7.0628,7.0628,7.0628,7.0628,7.0628,7.0628,7.0628,7.0628,7.0628,7.0628,7.0628,7.0628,7.0628,7.0628,7.0628,7.0628,7.0628,7.0628,7.0628,7.0628,7.0628,7.0628,7.0628,7.0628,7.0628,7.0628,7.0628,7.0628,7.0628,7.0628,7.0628,7.0628,7.0628,7.0628,7.0628,7.0628,7.0628,7.0628,7.0628,7.0628,7.0628,7.0628,7.0628,7.0628,7.0628,7.0628,7.0628,7.0628,7.0628,7.0628,7.0628,7.0628,7.0628,7.0628,7.0628,7.0628,7.0628,7.0628,7.0628,7.0628,7.0628,7.0628,7.0628,7.0628,7.0622,7.0622,7.0622,7.0622,7.0622,7.0622,7.0622,7.0622,7.0622,7.0622,7.0622,7.0622,7.0622,7.0622,7.0622,7.0622,7.0622,7.0622,7.0622,7.0622,7.0622,7.0622,7.0622,7.0622,7.0622,7.0622,7.0622,7.0622,7.0622,7.0622,7.0622,7.0622,7.0622,7.0622,7.0622,7.0622,7.0622,7.0622,7.0622,7.0622,7.0622,7.0622,7.0622,7.0622,7.0622,7.0622,7.0622,7.0622,7.0622,7.0622,7.0622,7.0622,7.0622,7.0622,7.0622,7.0622,7.0622,7.0622,7.0622,7.0622,7.0622,7.0622,7.0622,7.0622,7.0622,7.0622,7.0622,7.0622,7.0622,7.0622,7.0622,7.0622,7.0622,7.0622,7.0622,7.0622,7.0622,7.0622,7.0622,7.0622,7.0622,7.0622,7.0622,7.0622,7.0622,7.0622,7.0622,7.0622,7.0622,7.0622,7.0622,7.0622,7.0622,7.0622,7.0622,7.0622,7.0622,7.0622,7.0622,7.0622,7.0622,7.0622,7.0622,7.0622,7.0622,7.0622,7.0622,7.0622,7.0622,7.0622,7.0622,7.0622,7.0622,7.0622,7.0622,7.0622,7.0622,7.0622,7.0622,7.0622,7.0622,7.0622,7.0622,7.0622,7.0622,7.0622,7.0622,7.0622,7.0622,7.0622,7.0622,7.0622,7.0622,7.0622,7.0622,7.0622,7.0622,7.0622,7.0622,7.0622,7.0622,7.0622,7.0622,7.0622,7.0622,7.0622,7.0622,7.0622,7.0622,7.0622,7.0622,7.0622,7.0622,7.0622,7.0622,7.0622,7.0622,7.0622,7.0622,7.0622,7.0622,7.0622,7.0622,7.0622,7.0622,7.0622,7.0622,7.0622,7.0622,7.0622,7.0622,7.0622,7.0622,7.0622,7.0622,7.0622,7.0622,7.0622,7.0622,7.0622,7.0622,6.1634,6.1458,6.1292,6.1131,6.0972,6.0815,6.0657,6.0499,6.0356,6.0243,6.0131,6.0041,5.9974,5.9929,5.9884,5.9840,5.9795,5.9750,5.9706,5.9661,5.9617,5.9572,5.9528,5.9484,5.9439,5.9393,5.9349,5.9303,5.9259,5.9213,5.9169,5.9123,5.9080,5.9036,5.8990,5.8955,5.8928,5.8904,5.8881,5.8868,5.8854,5.8842,5.8827,5.8815,5.8800,5.8788,5.8774,5.8761,5.8747,5.8733,5.8724,5.8716,5.8708,5.8702,5.8694,5.8687,5.8679,5.8673,5.8665,5.8659,5.8651,5.8644,5.8636,5.8630,5.8622,5.8616,5.8608,5.8603,5.8614,5.8624,5.8632,5.8642,5.8651,5.8661,5.8671,5.8679,5.8690,5.8700,5.8708,5.8718,5.8726,5.8737,5.8747,5.8755,5.8765,5.8776,5.8784,5.8794,5.8803,5.8813,5.8823,5.8831,5.8842,5.8852,5.8862,5.8875,5.8897,5.8918,5.8941,5.8982,5.9024,5.9065,5.9107,5.9150,5.9192,5.9234,5.9276,5.9318,5.9362,5.9406,5.9452,5.9496,5.9543,5.9587,5.9631,5.9676,5.9723,5.9767,5.9812,5.9859,5.9953,6.0049,6.0142,6.0235,6.0330,6.0425,6.0521,6.0639,6.0773,6.0914,6.1062,6.1212,6.1361,7.0622,7.0622,7.0622,7.0622,7.0622,7.0622,7.0622,7.0622,7.0622,7.0622,7.0622,7.0622,7.0622,7.0622,7.0622,7.0622,7.0622,7.0622,7.0622,7.0622,7.0622,7.0622,7.0622,7.0622,7.0622,7.0622,7.0622,7.0622,7.0622,7.0622,7.0622,7.0622,7.0622,7.0622,7.0622,7.0622,7.0622,7.0622,7.0622,7.0622,7.0622,7.0622,7.0622,7.0622,7.0622,7.0622,7.0622,7.0622,7.0622,7.0622,7.0622,7.0622,7.0622,7.0622,7.0622,7.0622,7.0622,7.0622,7.0622,7.0622,7.0622,7.0622,7.0622,7.0622,7.0622,7.0622,7.0622,7.0622,7.0622,7.0622,7.0622,7.0622,7.0622,7.0622,7.0622,7.0622,7.0622,7.0622,7.0622,7.0622,7.0622,7.0622,7.0622,7.0622,7.0622,7.0622,7.0622,7.0622,7.0622,7.0622,7.0622,7.0622,7.0622,7.0622,7.0622,7.0622,7.0622,7.0622,7.0622,7.0622,7.0622,7.0622,7.0622,7.0622,7.0622,7.0622,7.0622,7.0622,7.0622,7.0622,7.0622,7.0622,7.0622,7.0622,7.0622,7.0622,7.0622,7.0622,7.0622,7.0622,7.0622,7.0622,7.0622,7.0622,7.0622,7.0622,7.0622,7.0622,7.0622,7.0622,7.0622,7.0622,7.0622,7.0622,7.0622,7.0622,7.0622,7.0622,7.0622,7.0622,7.0622,7.0622,7.0622,7.0622,7.0622,7.0622,7.0622,7.0622,7.0622,7.0622,7.0622,7.0622,7.0622,7.0622,7.0622,7.0622,7.0622,7.0622,7.0622,7.0622,7.0622,7.0622,7.0622,7.0622,7.0622,7.0622,7.0622,7.0622,7.0622,7.0622,7.0622,7.0622,7.0622,7.0622,7.0622,7.0622,7.0622,7.0622,7.0622,7.0622,7.0622,7.0622,7.0622,7.0622,7.0622,7.0622,7.0622,7.0622,7.0622,7.0622,7.0622,7.0622,7.0622,7.0622,7.0622,7.0622,7.0622,7.0622,7.0622,7.0622,7.0622,7.0622,7.0622,7.0622,7.0622,7.0622,7.0622,7.0622,7.0622,7.0622,7.0622,7.0622,7.0622,7.0622,7.0622,7.0622,7.0622,7.0622,7.0622,7.0622,7.0622,7.0622,7.0622,7.0622,7.0622,7.0622,7.0622,7.0622,7.0622,7.0622,7.0622,7.0622,7.0622,7.0622,7.0622,7.0622,7.0622,7.0622,7.0622,7.0622,7.0622,7.0622,7.0622,7.0622,7.0622,7.0622,7.0622,7.0622,7.0622,7.0622,7.0622,7.0622,7.0622,7.0622,7.0622,7.0622,7.0622,7.0622,7.0622,7.0622,7.0622,7.0622,7.0622,7.0622,7.0622,7.0622,7.0622,7.0622,7.0622,7.0622,7.0622,7.0622,7.0622,7.0622,7.0622,7.0622,7.0622,7.0622,7.0622,7.0622,7.0622,7.0622,7.0622,7.0622,7.0622,7.0622,7.0622,7.0622,7.0622,7.0622,7.0622,7.0622,7.0622,7.0622,7.0622,7.0622,7.0622,7.0622,7.0622,7.0622,7.0622,7.0622,7.0622,7.0622,7.0622,7.0622,7.0622,7.0622,7.0622,7.0622,7.0622,7.0622,7.0622,7.0622,7.0622,7.0622,7.0622,7.0622,7.0622,7.0622,7.0622,7.0622,7.0622,7.0622,7.0622,7.0622,7.0622,7.0622,7.0622,7.0622,7.0622,7.0622,7.0622,7.0622,7.0622,7.0622,7.0622,7.0622,7.0622,7.0622,7.0622,7.0622,7.0622,7.0622,7.0622,7.0622,7.0622,7.0622,7.0622,7.0622,7.0622,7.0622,7.0622,7.0622,7.0622,7.0622,7.0622,7.0622,7.0622,7.0622,7.0622,7.0622,7.0622,7.0622,7.0622,7.0622,7.0622,7.0622,7.0622,7.0622,7.0622,7.0622,7.0622,7.0622,7.0622,7.0622,7.0622,7.0622,7.0622,7.0622,7.0622,7.0622,7.0622,7.0622,7.0622,7.0622,7.0622,7.0622,7.0622,7.0622,7.0622,7.0622,7.0622,7.0622,7.0622,7.0622,7.0622,7.0622,7.0622,7.0622,7.0622,7.0622,7.0622,7.0622,7.0622,7.0622,7.0622
7.0572,7.0572,7.0572,7.0572,7.0572,7.0572,7.0572,7.0572,7.0572,7.0572,7.0572,7.0572,7.0572,7.0572,7.0572,7.0572,7.0572,7.0572,7.0572,7.0572,7.0572,7.0572,7.0572,7.0572,7.0572,7.0572,7.0572,7.0572,7.0572,7.0572,7.0572,7.0572,7.0572,7.0572,7.0572,7.0572,7.0572,7.0572,7.0572,7.0572,7.0572,7.0572,7.0572,7.0572,7.0572,7.0572,7.0572,7.0572,7.0572,7.0572,7.0572,7.0572,7.0572,7.0572,7.0572,7.0572,7.0572,7.0572,7.0572,7.0572,7.0572,7.0572,7.0572,7.0572,7.0572,7.0572,7.0572,7.0572,7.0572,7.0572,7.0572,7.0572,7.0572,7.0572,7.0572,7.0572,7.0572,7.0572,7.0572,7.0572,7.0572,7.0572,7.0572,7.0572,7.0572,7.0572,7.0572,7.0572,7.0572,7.0572,7.0572,7.0572,7.0572,7.0572,7.0572,7.0572,7.0572,7.0572,7.0572,7.0572,7.0572,7.0572,7.0572,7.0572,7.0572,7.0572,7.0572,7.0572,7.0572,7.0572,7.0572,7.0572,7.0572,7.0572,7.0572,7.0572,7.0572,7.0572,7.0572,7.0572,7.0572,7.0572,7.0572,7.0572,7.0572,7.0572,7.0572,7.0572,7.0572,7.0572,7.0572,7.0572,7.0572,7.0572,7.0572,7.0572,7.0572,7.0572,7.0572,7.0572,7.0572,7.0572,7.0572,7.0572,7.0572,7.0572,7.0572,7.0572,7.0572,7.0572,7.0572,7.0572,7.0572,7.0572,7.0572,7.0572,7.0572,7.0572,7.0572,7.0572,7.0572,7.0572,7.0572,7.0572,7.0572,7.0572,7.0572,7.0572,7.0572,7.0572,7.0572,7.0572,7.0572,7.0572,7.0572,7.0572,7.0572,7.0572,7.0572,7.0572,7.0572,7.0572,7.0572,7.0572,7.0572,7.0572,7.0572,7.0572,7.0572,7.0572,7.0572,7.0572,7.0572,7.0572,7.0572,7.0572,7.0572,7.0572,7.0572,7.0572,7.0572,7.0572,7.0572,7.0572,7.0572,7.0572,7.0572,7.0572,7.0572,7.0572,7.0572,7.0572,7.0572,7.0572,7.0572,7.0572,7.0572,7.0572,7.0572,7.0572,7.0572,7.0572,7.0572,7.0572,7.0572,7.0572,7.0572,7.0572,7.0572,7.0572,7.0572,7.0572,7.0572,7.0572,7.0572,7.0572,7.0572,7.0572,7.0572,7.0572,7.0572,7.0572,7.0572,7.0572,7.0572,7.0572,7.0572,7.0572,7.0572,7.0572,7.0572,7.0572,7.0572,7.0572,7.0572,7.0572,7.0572,7.0572,7.0572,7.0572,7.0572,7.0572,7.0572,7.0572,7.0572,7.0572,7.0572,7.0572,7.0572,7.0572,7.0572,7.0572,7.0572,7.0572,7.0572,7.0572,7.0572,7.0572,7.0572,7.0572,7.0572,7.0572,7.0572,7.0572,7.0572,7.0572,7.0572,7.0572,7.0572,7.0572,7.0572,7.0572,7.0572,7.0572,7.0572,7.0572,7.0572,7.0572,7.0572,7.0572,7.0572,7.0572,7.0572,7.0572,7.0572,7.0572,7.0572,7.0572,7.0572,7.0572,7.0572,7.0572,7.0572,7.0572,7.0572,7.0572,7.0572,7.0572,7.0572,7.0572,7.0572,7.0572,7.0572,7.0572,7.0572,7.0572,7.0572,7.0572,7.0572,7.0572,7.0572,7.0572,7.0572,7.0572,7.0572,7.0572,7.0572,7.0572,7.0572,7.0572,7.0572,7.0572,7.0572,7.0572,7.0572,7.0572,7.0572,7.0572,7.0572,7.0572,7.0572,7.0572,7.0572,7.0572,7.0572,7.0572,7.0572,7.0572,7.0572,7.0572,7.0572,7.0572,7.0572,7.0572,7.0572,7.0572,7.0572,7.0572,7.0572,7.0572,7.0572,7.0572,7.0572,7.0572,7.0572,7.0572,7.0572,7.0572,7.0572,7.0572,7.0572,7.0572,7.0572,7.0572,7.0572,7.0572,7.0572,7.0572,7.0572,7.0572,7.0572,7.0572,7.0572,7.0572,7.0572,7.0572,7.0572,7.0572,7.0572,7.0572,7.0572,7.0572,7.0572,7.0572,7.0572,7.0572,7.0572,7.0572,7.0572,7.0572,7.0572,7.0572,7.0572,7.0572,7.0572,7.0572,7.0572,7.0572,7.0572,7.0572,7.0572,6.1638,6.1462,6.1296,6.1136,6.0976,6.0817,6.0659,6.0501,6.0345,6.0196,6.0084,6.0021,5.9974,5.9929,5.9884,5.9840,5.9795,5.9748,5.9704,5.9659,5.9615,5.9570,5.9526,5.9481,5.9437,5.9391,5.9347,5.9301,5.9257,5.9211,5.9167,5.9121,5.9078,5.9034,5.8988,5.8957,5.8930,5.8914,5.8899,5.8887,5.8873,5.8858,5.8846,5.8831,5.8819,5.8811,5.8803,5.8792,5.8784,5.8776,5.8768,5.8759,5.8751,5.8745,5.8739,5.8731,5.8724,5.8716,5.8710,5.8704,5.8696,5.8690,5.8681,5.8675,5.8667,5.8661,5.8655,5.8663,5.8673,5.8681,5.8692,5.8702,5.8710,5.8720,5.8731,5.8739,5.8749,5.8757,5.8768,5.8778,5.8786,5.8796,5.8807,5.8815,5.8825,5.8833,5.8844,5.8854,5.8864,5.8873,5.8883,5.8893,5.8904,5.8920,5.8941,5.8964,5.8986,5.9009,5.9044,5.9086,5.9130,5.9171,5.9213,5.9255,5.9297,5.9339,5.9383,5.9427,5.9473,5.9517,5.9564,5.9608,5.9653,5.9697,5.9744,5.9789,5.9833,5.9878,5.9970,6.0064,6.0157,6.0252,6.0347,6.0443,6.0536,6.0633,6.0749,6.0896,6.1045,6.1194,6.1343,7.0566,7.0566,7.0566,7.0566,7.0566,7.0566,7.0566,7.0566,7.0566,7.0566,7.0566,7.0566,7.0566,7.0566,7.0566,7.0566,7.0566,7.0566,7.0566,7.0566,7.0566,7.0566,7.0566,7.0566,7.0566,7.0566,7.0566,7.0566,7.0566,7.0566,7.0566,7.0566,7.0566,7.0566,7.0566,7.0566,7.0566,7.0566,7.0566,7.0566,7.0566,7.0566,7.0566,7.0566,7.0566,7.0566,7.0566,7.0566,7.0566,7.0566,7.0566,7.0566,7.0566,7.0566,7.0566,7.0566,7.0566,7.0566,7.0566,7.0566,7.0566,7.0566,7.0566,7.0566,7.0566,7.0566,7.0566,7.0566,7.0566,7.0566,7.0566,7.0566,7.0566,7.0566,7.0566,7.0566,7.0566,7.0566,7.0566,7.0566,7.0566,7.0566,7.0566,7.0566,7.0566,7.0566,7.0566,7.0566,7.0566,7.0566,7.0566,7.0566,7.0566,7.0566,7.0566,7.0566,7.0566,7.0566,7.0566,7.0566,7.0566,7.0566,7.0566,7.0566,7.0566,7.0566,7.0566,7.0566,7.0566,7.0566,7.0566,7.0566,7.0566,7.0566,7.0566,7.0566,7.0566,7.0566,7.0566,7.0566,7.0566,7.0566,7.0566,7.0566,7.0566,7.0566,7.0566,7.0566,7.0566,7.0566,7.0566,7.0566,7.0566,7.0566,7.0566,7.0566,7.0566,7.0566,7.0566,7.0566,7.0566,7.0566,7.0566,7.0566,7.0566,7.0566,7.0566,7.0566,7.0566,7.0566,7.0566,7.0566,7.0566,7.0566,7.0566,7.0566,7.0566,7.0566,7.0566,7.0566,7.0566,7.0566,7.0566,7.0566,7.0566,7.0566,7.0566,7.0566,7.0566,7.0566,7.0566,7.0566,7.0566,7.0566,7.0566,7.0566,7.0566,7.0566,7.0566,7.0566,7.0566,7.0566,7.0566,7.0566,7.0566,7.0566,7.0566,7.0566,7.0566,7.0566,7.0566,7.0566,7.0566,7.0566,7.0566,7.0566,7.0566,7.0566,7.0566,7.0566,7.0566,7.0566,7.0566,7.0566,7.0566,7.0566,7.0566,7.0566,7.0566,7.0566,7.0566,7.0566,7.0566,7.0566,7.0566,7.0566,7.0566,7.0566,7.0566,7.0566,7.0566,7.0566,7.0566,7.0566,7.0566,7.0566,7.0566,7.0566,7.0566,7.0566,7.0566,7.0566,7.0566,7.0566,7.0566,7.0566,7.0566,7.0566,7.0566,7.0566,7.0566,7.0566,7.0566,7.0566,7.0566,7.0566,7.0566,7.0566,7.0566,7.0566,7.0566,7.0566,7.0566,7.0566,7.0566,7.0566,7.0566,7.0566,7.0566,7.0566,7.0566,7.0566,7.0566,7.0566,7.0566,7.0566,7.0566,7.0566,7.0566,7.0566,7.0566,7.0566,7.0566,7.0566,7.0566,7.0566,7.0566,7.0566,7.0566,7.0566,7.0566,7.0566,7.0566,7.0566,7.0566,7.0566,7.0566,7.0566,7.0566,7.0566,7.0566,7.0566,7.0566,7.0566,7.0566,7.0566,7.0566,7.0566,7.0566,7.0566,7.0566,7.0566,7.0566,7.0566,7.0566,7.0566,7.0566,7.0566,7.0566,7.0566,7.0566,7.0566,7.0566,7.0566,7.0566,7.0566,7.0566,7.0566,7.0566,7.0566,7.0566,7.0566,7.0566,7.0566,7.0566,7.0566,7.0566,7.0566,7.0566,7.0566,7.0566,7.0566,7.0566,7.0566,7.0566,7.0566,7.0566,7.0566,7.0566,7.0566,7.0566,7.0566,7.0566,7.0566,7.0566,7.0566,7.0566,7.0566,7.0566,7.0566,7.0566,7.0566,7.0566,7.0566,7.0566,7.0566,7.0566,7.0566,7.0566,7.0566,7.0566,7.0566,7.0566,7.0566,7.0566,7.0566,7.0566,7.0566,7.0566,7.0566,7.0566,7.0566,7.0566,7.0566,7.0566,7.0566,7.0566,7.0566,7.0566,7.0566,7.0566,7.0566,7.0566,7.0566,7.0566,7.0566,7.0566,7.0566,7.0566,7.0566,7.0566,7.0566,7.0566,7.0566,7.0566,7.0566,7.0566,7.0566,7.0566,7.0566,7.0566,7.0566,7.0566,7.0566,7.0566,7.0566,7.0566,7.0566
7.0516,7.0516,7.0516,7.0516,7.0516,7.0516,7.0516,7.0516,7.0516,7.0516,7.0516,7.0516,7.0516,7.0516,7.0516,7.0516,7.0516,7.0516,7.0516,7.0516,7.0516,7.0516,7.0516,7.0516,7.0516,7.0516,7.0516,7.0516,7.0516,7.0516,7.0516,7.0516,7.0516,7.0516,7.0516,7.0516,7.0516,7.0516,7.0516,7.0516,7.0516,7.0516,7.0516,7.0516,7.0516,7.0516,7.0516,7.0516,7.0516,7.0516,7.0516,7.0516,7.0516,7.0516,7.0516,7.0516,7.0516,7.0516,7.0516,7.0516,7.0516,7.0516,7.0516,7.0516,7.0516,7.0516,7.0516,7.0516,7.0516,7.0516,7.0516,7.0516,7.0516,7.0516,7.0516,7.0516,7.0516,7.0516,7.0516,7.0516,7.0516,7.0516,7.0516,7.0516,7.0516,7.0516,7.0516,7.0516,7.0516,7.0516,7.0516,7.0516,7.0516,7.0516,7.0516,7.0516,7.0516,7.0516,7.0516,7.0516,7.0516,7.0516,7.0516,7.0516,7.0516,7.0516,7.0516,7.0516,7.0516,7.0516,7.0516,7.0516,7.0516,7.0516,7.0516,7.0516,7.0516,7.0516,7.0516,7.0516,7.0516,7.0516,7.0516,7.0516,7.0516,7.0516,7.0516,7.0516,7.0516,7.0516,7.0516,7.0516,7.0516,7.0516,7.0516,7.0516,7.0516,7.0516,7.0516,7.0516,7.0516,7.0516,7.0516,7.0516,7.0516,7.0516,7.0516,7.0516,7.0516,7.0516,7.0516,7.0516,7.0516,7.0516,7.0516,7.0516,7.0516,7.0516,7.0516,7.0516,7.0516,7.0516,7.0516,7.0516,7.0516,7.0516,7.0516,7.0516,7.0516,7.0516,7.0516,7.0516,7.0516,7.0516,7.0516,7.0516,7.0516,7.0516,7.0516,7.0516,7.0516,7.0516,7.0516,7.0516,7.0516,7.0516,7.0516,7.0516,7.0516,7.0516,7.0516,7.0516,7.0516,7.0516,7.0516,7.0516,7.0516,7.0516,7.0516,7.0516,7.0516,7.0516,7.0516,7.0516,7.0516,7.0516,7.0516,7.0516,7.0516,7.0516,7.0516,7.0516,7.0516,7.0516,7.0516,7.0516,7.0516,7.0516,7.0516,7.0516,7.0516,7.0516,7.0516,7.0516,7.0516,7.0516,7.0516,7.0516,7.0516,7.0516,7.0516,7.0516,7.0516,7.0516,7.0516,7.0516,7.0516,7.0516,7.0516,7.0516,7.0516,7.0516,7.0516,7.0516,7.0516,7.0516,7.0516,7.0516,7.0516,7.0516,7.0516,7.0516,7.0516,7.0516,7.0516,7.0516,7.0516,7.0516,7.0516,7.0516,7.0516,7.0516,7.0516,7.0516,7.0516,7.0516,7.0516,7.0516,7.0516,7.0516,7.0516,7.0516,7.0516,7.0516,7.0516,7.0516,7.0516,7.0516,7.0516,7.0516,7.0516,7.0516,7.0516,7.0516,7.0516,7.0516,7.0516,7.0516,7.0516,7.0516,7.0516,7.0516,7.0516,7.0516,7.0516,7.0516,7.0516,7.0516,7.0516,7.0516,7.0516,7.0516,7.0516,7.0516,7.0516,7.0516,7.0516,7.0516,7.0516,7.0516,7.0516,7.0516,7.0516,7.0516,7.0516,7.0516,7.0516,7.0516,7.0516,7.0516,7.0516,7.0516,7.0516,7.0516,7.0516,7.0516,7.0516,7.0516,7.0516,7.0516,7.0516,7.0516,7.0516,7.0516,7.0516,7.0516,7.0516,7.0516,7.0516,7.0516,7.0516,7.0516,7.0516,7.0516,7.0516,7.0516,7.0516,7.0516,7.0516,7.0516,7.0516,7.0516,7.0516,7.0516,7.0516,7.0516,7.0516,7.0516,7.0516,7.0516,7.0516,7.0516,7.0516,7.0516,7.0516,7.0516,7.0516,7.0516,7.0516,7.0516,7.0516,7.0516,7.0516,7.0516,7.0516,7.0516,7.0516,7.0516,7.0516,7.0516,7.0516,7.0516,7.0516,7.0516,7.0516,7.0516,7.0516,7.0516,7.0516,7.0516,7.0516,7.0516,7.0516,7.0516,7.0516,7.0516,7.0516,7.0516,7.0516,7.0516,7.0516,7.0516,7.0516,7.0516,7.0516,7.0516,7.0516,7.0516,7.0516,7.0516,7.0516,7.0516,7.0516,7.0516,7.0516,7.0516,7.0516,7.0516,7.0516,7.0516,7.0516,7.0516,6.1643,6.1469,6.1299,6.1138,6.0978,6.0819,6.0663,6.0506,6.0349,6.0194,6.0069,6.0021,5.9976,5.9929,5.9882,5.9838,5.9793,5.9748,5.9704,5.9659,5.9615,5.9570,5.9526,5.9479,5.9435,5.9389,5.9345,5.9299,5.9255,5.9209,5.9165,5.9119,5.9076,5.9030,5.8986,5.8959,5.8945,5.8930,5.8918,5.8906,5.8897,5.8887,5.8879,5.8871,5.8862,5.8854,5.8844,5.8835,5.8827,5.8819,5.8811,5.8803,5.8794,5.8788,5.8782,5.8776,5.8770,5.8761,5.8755,5.8747,5.8741,5.8733,5.8726,5.8718,5.8712,5.8704,5.8712,5.8722,5.8733,5.8741,5.8751,5.8761,5.8770,5.8780,5.8788,5.8798,5.8809,5.8817,5.8827,5.8838,5.8846,5.8856,5.8864,5.8875,5.8885,5.8895,5.8904,5.8914,5.8924,5.8935,5.8945,5.8964,5.8986,5.9009,5.9032,5.9053,5.9076,5.9107,5.9150,5.9192,5.9234,5.9276,5.9318,5.9360,5.9404,5.9448,5.9494,5.9538,5.9583,5.9629,5.9674,5.9721,5.9765,5.9810,5.9855,5.9899,5.9989,6.0079,6.0174,6.0269,6.0364,6.0460,6.0554,6.0652,6.0755,6.0879,6.1027,6.1178,6.1328,6.1868,7.0516,7.0516,7.0516,7.0516,7.0516,7.0516,7.0516,7.0516,7.0516,7.0516,7.0516,7.0516,7.0516,7.0516,7.0516,7.0516,7.0516,7.0516,7.0516,7.0516,7.0516,7.0516,7.0516,7.0516,7.0516,7.0516,7.0516,7.0516,7.0516,7.0516,7.0516,7.0516,7.0516,7.0516,7.0516,7.0516,7.0516,7.0516,7.0516,7.0516,7.0516,7.0516,7.0516,7.0516,7.0516,7.0516,7.0516,7.0516,7.0516,7.0516,7.0516,7.0516,7.0516,7.0516,7.0516,7.0516,7.0516,7.0516,7.0516,7.0516,7.0516,7.0516,7.0516,7.0516,7.0516,7.0516,7.0516,7.0516,7.0516,7.0516,7.0516,7.0516,7.0516,7.0516,7.0516,7.0516,7.0516,7.0516,7.0516,7.0516,7.0516,7.0516,7.0516,7.0516,7.0516,7.0516,7.0516,7.0516,7.0516,7.0516,7.0516,7.0516,7.0516,7.0516,7.0516,7.0516,7.0516,7.0516,7.0516,7.0516,7.0516,7.0516,7.0516,7.0516,7.0516,7.0516,7.0516,7.0516,7.0516,7.0516,7.0516,7.0516,7.0516,7.0516,7.0516,7.0516,7.0516,7.0516,7.0516,7.0516,7.0516,7.0516,7.0516,7.0516,7.0516,7.0516,7.0516,7.0516,7.0516,7.0516,7.0516,7.0516,7.0516,7.0516,7.0516,7.0516,7.0516,7.0516,7.0516,7.0516,7.0516,7.0516,7.0516,7.0516,7.0516,7.0516,7.0516,7.0516,7.0516,7.0516,7.0516,7.0516,7.0516,7.0516,7.0516,7.0516,7.0516,7.0516,7.0516,7.0516,7.0516,7.0516,7.0516,7.0516,7.0516,7.0516,7.0516,7.0516,7.0516,7.0516,7.0516,7.0516,7.0516,7.0516,7.0516,7.0516,7.0516,7.0516,7.0516,7.0516,7.0516,7.0516,7.0516,7.0516,7.0516,7.0516,7.0516,7.0516,7.0516,7.0516,7.0516,7.0516,7.0516,7.0516,7.0516,7.0516,7.0516,7.0516,7.0516,7.0516,7.0516,7.0516,7.0516,7.0516,7.0516,7.0516,7.0516,7.0516,7.0516,7.0516,7.0516,7.0516,7.0516,7.0516,7.0516,7.0516,7.0516,7.0516,7.0516,7.0516,7.0516,7.0516,7.0516,7.0516,7.0516,7.0516,7.0516,7.0516,7.0516,7.0516,7.0516,7.0516,7.0516,7.0516,7.0516,7.0516,7.0516,7.0516,7.0516,7.0516,7.0516,7.0516,7.0516,7.0516,7.0516,7.0516,7.0516,7.0516,7.0516,7.0516,7.0516,7.0516,7.0516,7.0516,7.0516,7.0516,7.0516,7.0516,7.0516,7.0516,7.0516,7.0516,7.0516,7.0516,7.0516,7.0516,7.0516,7.0516,7.0516,7.0516,7.0516,7.0516,7.0516,7.0516,7.0516,7.0516,7.0516,7.0516,7.0516,7.0516,7.0516,7.0516,7.0516,7.0516,7.0516,7.0516,7.0516,7.0516,7.0516,7.0516,7.0516,7.0516,7.0516,7.0516,7.0516,7.0516,7.0516,7.0516,7.0516,7.0516,7.0516,7.0516,7.0516,7.0516,7.0516,7.0516,7.0516,7.0516,7.0516,7.0516,7.0516,7.0516,7.0516,7.0516,7.0516,7.0516,7.0516,7.0516,7.0516,7.0516,7.0516,7.0516,7.0516,7.0516,7.0516,7.0516,7.0516,7.0516,7.0516,7.0516,7.0516,7.0516,7.0516,7.0516,7.0516,7.0516,7.0516,7.0516,7.0516,7.0516,7.0516,7.0516,7.0516,7.0516,7.0516,7.0516,7.0516,7.0516,7.0516,7.0516,7.0516,7.0516,7.0516,7.0516,7.0516,7.0516,7.0516,7.0516,7.0516,7.0516,7.0516,7.0516,7.0516,7.0516,7.0516,7.0516,7.0516,7.0516,7.0516,7.0516,7.0516,7.0516,7.0516,7.0516,7.0516,7.0516,7.0516,7.0516,7.0516,7.0516,7.0516,7.0516,7.0516,7.0516,7.0516,7.0516,7.0516,7.0516,7.0516,7.0516,7.0516,7.0516,7.0516,7.0516,7.0516,7.0516,7.0516,7.0516,7.0516,7.0516,7.0516,7.0516,7.0516,7.0516,7.0516,7.0516,7.0516,7.0516
7.0462,7.0462,7.0462,7.0462,7.0462,7.0462,7.0462,7.0462,7.0462,7.0462,7.0462,7.0462,7.0462,7.0462,7.0462,7.0462,7.0462,7.0462,7.0462,7.0462,7.0462,7.0462,7.0462,7.0462,7.0462,7.0462,7.0462,7.0462,7.0462,7.0462,7.0462,7.0462,7.0462,7.0462,7.0462,7.0462,7.0462,7.0462,7.0462,7.0462,7.0462,7.0462,7.0462,7.0462,7.0462,7.0462,7.0462,7.0462,7.0462,7.0462,7.0462,7.0462,7.0462,7.0462,7.0462,7.0462,7.0462,7.0462,7.0462,7.0462,7.0462,7.0462,7.0462,7.0462,7.0462,7.0462,7.0462,7.0462,7.0462,7.0462,7.0462,7.0462,7.0462,7.0462,7.0462,7.0462,7.0462,7.0462,7.0462,7.0462,7.0462,7.0462,7.0462,7.0462,7.0462,7.0462,7.0462,7.0462,7.0462,7.0462,7.0462,7.0462,7.0462,7.0462,7.0462,7.0462,7.0462,7.0462,7.0462,7.0462,7.0462,7.0462,7.0462,7.0462,7.0462,7.0462,7.0462,7.0462,7.0462,7.0462,7.0462,7.0462,7.0462,7.0462,7.0462,7.0462,7.0462,7.0462,7.0462,7.0462,7.0462,7.0462,7.0462,7.0462,7.0462,7.0462,7.0462,7.0462,7.0462,7.0462,7.0462,7.0462,7.0462,7.0462,7.0462,7.0462,7.0462,7.0462,7.0462,7.0462,7.0462,7.0462,7.0462,7.0462,7.0462,7.0462,7.0462,7.0462,7.0462,7.0462,7.0462,7.0462,7.0462,7.0462,7.0462,7.0462,7.0462,7.0462,7.0462,7.0462,7.0462,7.0462,7.0462,7.0462,7.0462,7.0462,7.0462,7.0462,7.0462,7.0462,7.0462,7.0462,7.0462,7.0462,7.0462,7.0462,7.0462,7.0462,7.0462,7.0462,7.0462,7.0462,7.0462,7.0462,7.0462,7.0462,7.0462,7.0462,7.0462,7.0462,7.0462,7.0462,7.0462,7.0462,7.0462,7.0462,7.0462,7.0462,7.0462,7.0462,7.0462,7.0462,7.0462,7.0462,7.0462,7.0462,7.0462,7.0462,7.0462,7.0462,7.0462,7.0462,7.0462,7.0462,7.0462,7.0462,7.0462,7.0462,7.0462,7.0462,7.0462,7.0462,7.0462,7.0462,7.0462,7.0462,7.0462,7.0462,7.0462,7.0462,7.0462,7.0462,7.0462,7.0462,7.0462,7.0462,7.0462,7.0462,7.0462,7.0462,7.0462,7.0462,7.0462,7.0462,7.0462,7.0462,7.0462,7.0462,7.0462,7.0462,7.0462,7.0462,7.0462,7.0462,7.0462,7.0462,7.0462,7.0462,7.0462,7.0462,7.0462,7.0462,7.0462,7.0462,7.0462,7.0462,7.0462,7.0462,7.0462,7.0462,7.0462,7.0462,7.0462,7.0462,7.0462,7.0462,7.0462,7.0462,7.0462,7.0462,7.0462,7.0462,7.0462,7.0462,7.0462,7.0462,7.0462,7.0462,7.0462,7.0462,7.0462,7.0462,7.0462,7.0462,7.0462,7.0462,7.0462,7.0462,7.0462,7.0462,7.0462,7.0462,7.0462,7.0462,7.0462,7.0462,7.0462,7.0462,7.0462,7.0462,7.0462,7.0462,7.0462,7.0462,7.0462,7.0462,7.0462,7.0462,7.0462,7.0462,7.0462,7.0462,7.0462,7.0462,7.0462,7.0462,7.0462,7.0462,7.0462,7.0462,7.0462,7.0462,7.0462,7.0462,7.0462,7.0462,7.0462,7.0462,7.0462,7.0462,7.0462,7.0462,7.0462,7.0462,7.0462,7.0462,7.0462,7.0462,7.0462,7.0462,7.0462,7.0462,7.0462,7.0462,7.0462,7.0462,7.0462,7.0462,7.0462,7.0462,7.0462,7.0462,7.0462,7.0462,7.0462,7.0462,7.0462,7.0462,7.0462,7.0462,7.0462,7.0462,7.0462,7.0462,7.0462,7.0462,7.0462,7.0462,7.0462,7.0462,7.0462,7.0462,7.0462,7.0462,7.0462,7.0462,7.0462,7.0462,7.0462,7.0462,7.0462,7.0462,7.0462,7.0462,7.0462,7.0462,7.0462,7.0462,7.0462,7.0462,7.0462,7.0462,7.0462,7.0462,7.0462,7.0462,7.0462,7.0462,7.0462,7.0462,7.0462,7.0462,7.0462,7.0462,7.0462,7.0462,7.0462,7.0462,7.0462,7.0462,7.0462,7.0462,7.0462,6.1650,6.1474,6.1303,6.1142,6.0983,6.0824,6.0665,6.0508,6.0351,6.0207,6.0101,6.0054,6.0009,5.9959,5.9912,5.9867,5.9820,5.9774,5.9727,5.9680,5.9634,5.9587,5.9541,5.9494,5.9448,5.9402,5.9355,5.9309,5.9261,5.9215,5.9169,5.9123,5.9078,5.9032,5.8993,5.8982,5.8974,5.8966,5.8957,5.8949,5.8939,5.8930,5.8922,5.8914,5.8906,5.8897,5.8887,5.8879,5.8871,5.8862,5.8854,5.8844,5.8838,5.8831,5.8825,5.8819,5.8813,5.8807,5.8800,5.8792,5.8786,5.8778,5.8772,5.8763,5.8757,5.8763,5.8772,5.8782,5.8792,5.8800,5.8811,5.8819,5.8829,5.8840,5.8848,5.8858,5.8868,5.8877,5.8887,5.8897,5.8906,5.8916,5.8926,5.8937,5.8945,5.8955,5.8966,5.8976,5.8986,5.9009,5.9032,5.9055,5.9076,5.9098,5.9121,5.9144,5.9171,5.9213,5.9255,5.9297,5.9339,5.9381,5.9425,5.9469,5.9515,5.9560,5.9604,5.9651,5.9695,5.9740,5.9786,5.9831,5.9876,5.9923,6.0002,6.0097,6.0191,6.0286,6.0382,6.0478,6.0576,6.0674,6.0777,6.0888,6.1011,6.1160,6.1310,6.1460,7.0462,7.0462,7.0462,7.0462,7.0462,7.0462,7.0462,7.0462,7.0462,7.0462,7.0462,7.0462,7.0462,7.0462,7.0462,7.0462,7.0462,7.0462,7.0462,7.0462,7.0462,7.0462,7.0462,7.0462,7.0462,7.0462,7.0462,7.0462,7.0462,7.0462,7.0462,7.0462,7.0462,7.0462,7.0462,7.0462,7.0462,7.0462,7.0462,7.0462,7.0462,7.0462,7.0462,7.0462,7.0462,7.0462,7.0462,7.0462,7.0462,7.0462,7.0462,7.0462,7.0462,7.0462,7.0462,7.0462,7.0462,7.0462,7.0462,7.0462,7.0462,7.0462,7.0462,7.0462,7.0462,7.0462,7.0462,7.0462,7.0462,7.0462,7.0462,7.0462,7.0462,7.0462,7.0462,7.0462,7.0462,7.0462,7.0462,7.0462,7.0462,7.0462,7.0462,7.0462,7.0462,7.0462,7.0462,7.0462,7.0462,7.0462,7.0462,7.0462,7.0462,7.0462,7.0462,7.0462,7.0462,7.0462,7.0462,7.0462,7.0462,7.0462,7.0462,7.0462,7.0462,7.0462,7.0462,7.0462,7.0462,7.0462,7.0462,7.0462,7.0462,7.0462,7.0462,7.0462,7.0462,7.0462,7.0462,7.0462,7.0462,7.0462,7.0462,7.0462,7.0462,7.0462,7.0462,7.0462,7.0462,7.0462,7.0462,7.0462,7.0462,7.0462,7.0462,7.0462,7.0462,7.0462,7.0462,7.0462,7.0462,7.0462,7.0462,7.0462,7.0462,7.0462,7.0462,7.0462,7.0462,7.0462,7.0462,7.0462,7.0462,7.0462,7.0462,7.0462,7.0462,7.0462,7.0462,7.0462,7.0462,7.0462,7.0462,7.0462,7.0462,7.0462,7.0462,7.0462,7.0462,7.0462,7.0462,7.0462,7.0462,7.0462,7.0462,7.0462,7.0462,7.0462,7.0462,7.0462,7.0462,7.0462,7.0462,7.0462,7.0462,7.0462,7.0462,7.0462,7.0462,7.0462,7.0462,7.0462,7.0462,7.0462,7.0462,7.0462,7.0462,7.0462,7.0462,7.0462,7.0462,7.0462,7.0462,7.0462,7.0462,7.0462,7.0462,7.0462,7.0462,7.0462,7.0462,7.0462,7.0462,7.0462,7.0462,7.0462,7.0462,7.0462,7.0462,7.0462,7.0462,7.0462,7.0462,7.0462,7.0462,7.0462,7.0462,7.0462,7.0462,7.0462,7.0462,7.0462,7.0462,7.0462,7.0462,7.0462,7.0462,7.0462,7.0462,7.0462,7.0462,7.0462,7.0462,7.0462,7.0462,7.0462,7.0462,7.0462,7.0462,7.0462,7.0462,7.0462,7.0462,7.0462,7.0462,7.0462,7.0462,7.0462,7.0462,7.0462,7.0462,7.0462,7.0462,7.0462,7.0462,7.0462,7.0462,7.0462,7.0462,7.0462,7.0462,7.0462,7.0462,7.0462,7.0462,7.0462,7.0462,7.0462,7.0462,7.0462,7.0462,7.0462,7.0462,7.0462,7.0462,7.0462,7.0462,7.0462,7.0462,7.0462,7.0462,7.0462,7.0462,7.0462,7.0462,7.0462,7.0462,7.0462,7.0462,7.0462,7.0462,7.0462,7.0462,7.0462,7.0462,7.0462,7.0462,7.0462,7.0462,7.0462,7.0462,7.0462,7.0462,7.0462,7.0462,7.0462,7.0462,7.0462,7.0462,7.0462,7.0462,7.0462,7.0462,7.0462,7.0462,7.0462,7.0462,7.0462,7.0462,7.0462,7.0462,7.0462,7.0462,7.0462,7.0462,7.0462,7.0462,7.0462,7.0462,7.0462,7.0462,7.0462,7.0462,7.0462,7.0462,7.0462,7.0462,7.0462,7.0462,7.0462,7.0462,7.0462,7.0462,7.0462,7.0462,7.0462,7.0462,7.0462,7.0462,7.0462,7.0462,7.0462,7.0462,7.0462,7.0462,7.0462,7.0462,7.0462,7.0462,7.0462,7.0462,7.0462,7.0462,7.0462,7.0462,7.0462,7.0462,7.0462,7.0462,7.0462,7.0462,7.0462,7.0462,7.0462,7.0462,7.0462,7.0462,7.0462,7.0462,7.0462,7.0462,7.0462,7.0462,7.0462,7.0462,7.0462,7.0462,7.0462,7.0462,7.0462,7.0462,7.0462,7.0462,7.0462,7.0462,7.0462,7.0462,7.0462,7.0462
7.0406,7.0406,7.0406,7.0406,7.0406,7.0406,7.0406,7.0406,7.0406,7.0406,7.0406,7.0406,7.0406,7.0406,7.0406,7.0406,7.0406,7.0406,7.0406,7.0406,7.0406,7.0406,7.0406,7.0406,7.0406,7.0406,7.0406,7.0406,7.0406,7.0406,7.0406,7.0406,7.0406,7.0406,7.0406,7.0406,7.0406,7.0406,7.0406,7.0406,7.0406,7.0406,7.0406,7.0406,7.0406,7.0406,7.0406,7.0406,7.0406,7.0406,7.0406,7.0406,7.0406,7.0406,7.0406,7.0406,7.0406,7.0406,7.0406,7.0406,7.0406,7.0406,7.0406,7.0406,7.0406,7.0406,7.0406,7.0406,7.0406,7.0406,7.0406,7.0406,7.0406,7.0406,7.0406,7.0406,7.0406,7.0406,7.0406,7.0406,7.0406,7.0406,7.0406,7.0406,7.0406,7.0406,7.0406,7.0406,7.0406,7.0406,7.0406,7.0406,7.0406,7.0406,7.0406,7.0406,7.0406,7.0406,7.0406,7.0406,7.0406,7.0406,7.0406,7.0406,7.0406,7.0406,7.0406,7.0406,7.0406,7.0406,7.0406,7.0406,7.0406,7.0406,7.0406,7.0406,7.0406,7.0406,7.0406,7.0406,7.0406,7.0406,7.0406,7.0406,7.0406,7.0406,7.0406,7.0406,7.0406,7.0406,7.0406,7.0406,7.0406,7.0406,7.0406,7.0406,7.0406,7.0406,7.0406,7.0406,7.0406,7.0406,7.0406,7.0406,7.0406,7.0406,7.0406,7.0406,7.0406,7.0406,7.0406,7.0406,7.0406,7.0406,7.0406,7.0406,7.0406,7.0406,7.0406,7.0406,7.0406,7.0406,7.0406,7.0406,7.0406,7.0406,7.0406,7.0406,7.0406,7.0406,7.0406,7.0406,7.0406,7.0406,7.0406,7.0406,7.0406,7.0406,7.0406,7.0406,7.0406,7.0406,7.0406,7.0406,7.0406,7.0406,7.0406,7.0406,7.0406,7.0406,7.0406,7.0406,7.0406,7.0406,7.0406,7.0406,7.0406,7.0406,7.0406,7.0406,7.0406,7.0406,7.0406,7.0406,7.0406,7.0406,7.0406,7.0406,7.0406,7.0406,7.0406,7.0406,7.0406,7.0406,7.0406,7.0406,7.0406,7.0406,7.0406,7.0406,7.0406,7.0406,7.0406,7.0406,7.0406,7.0406,7.0406,7.0406,7.0406,7.0406,7.0406,7.0406,7.0406,7.0406,7.0406,7.0406,7.0406,7.0406,7.0406,7.0406,7.0406,7.0406,7.0406,7.0406,7.0406,7.0406,7.0406,7.0406,7.0406,7.0406,7.0406,7.0406,7.0406,7.0406,7.0406,7.0406,7.0406,7.0406,7.0406,7.0406,7.0406,7.0406,7.0406,7.0406,7.0406,7.0406,7.0406,7.0406,7.0406,7.0406,7.0406,7.0406,7.0406,7.0406,7.0406,7.0406,7.0406,7.0406,7.0406,7.0406,7.0406,7.0406,7.0406,7.0406,7.0406,7.0406,7.0406,7.0406,7.0406,7.0406,7.0406,7.0406,7.0406,7.0406,7.0406,7.0406,7.0406,7.0406,7.0406,7.0406,7.0406,7.0406,7.0406,7.0406,7.0406,7.0406,7.0406,7.0406,7.0406,7.0406,7.0406,7.0406,7.0406,7.0406,7.0406,7.0406,7.0406,7.0406,7.0406,7.0406,7.0406,7.0406,7.0406,7.0406,7.0406,7.0406,7.0406,7.0406,7.0406,7.0406,7.0406,7.0406,7.0406,7.0406,7.0406,7.0406,7.0406,7.0406,7.0406,7.0406,7.0406,7.0406,7.0406,7.0406,7.0406,7.0406,7.0406,7.0406,7.0406,7.0406,7.0406,7.0406,7.0406,7.0406,7.0406,7.0406,7.0406,7.0406,7.0406,7.0406,7.0406,7.0406,7.0406,7.0406,7.0406,7.0406,7.0406,7.0406,7.0406,7.0406,7.0406,7.0406,7.0406,7.0406,7.0406,7.0406,7.0406,7.0406,7.0406,7.0406,7.0406,7.0406,7.0406,7.0406,7.0406,7.0406,7.0406,7.0406,7.0406,7.0406,7.0406,7.0406,7.0406,7.0406,7.0406,7.0406,7.0406,7.0406,7.0406,7.0406,7.0406,7.0406,7.0406,7.0406,7.0406,7.0406,7.0406,7.0406,7.0406,7.0406,7.0406,7.0406,7.0406,7.0406,7.0406,7.0406,7.0406,7.0406,7.0406,7.0406,7.0406,7.0406,7.0406,7.0406,6.1657,6.1478,6.1305,6.1145,6.0985,6.0826,6.0668,6.0512,6.0356,6.0250,6.0144,6.0086,6.0039,5.9991,5.9944,5.9897,5.9850,5.9803,5.9759,5.9712,5.9665,5.9619,5.9572,5.9526,5.9479,5.9433,5.9385,5.9339,5.9292,5.9246,5.9201,5.9155,5.9109,5.9065,5.9044,5.9026,5.9017,5.9009,5.9001,5.8993,5.8982,5.8974,5.8966,5.8957,5.8949,5.8939,5.8930,5.8922,5.8914,5.8906,5.8897,5.8887,5.8881,5.8875,5.8868,5.8862,5.8858,5.8852,5.8844,5.8838,5.8829,5.8823,5.8815,5.8809,5.8813,5.8823,5.8831,5.8842,5.8850,5.8860,5.8871,5.8879,5.8889,5.8899,5.8908,5.8918,5.8928,5.8939,5.8947,5.8957,5.8968,5.8978,5.8986,5.8997,5.9007,5.9017,5.9032,5.9055,5.9078,5.9098,5.9121,5.9144,5.9167,5.9188,5.9211,5.9234,5.9276,5.9318,5.9360,5.9402,5.9446,5.9490,5.9534,5.9581,5.9625,5.9672,5.9716,5.9761,5.9808,5.9852,5.9897,5.9944,6.0019,6.0114,6.0209,6.0304,6.0401,6.0499,6.0598,6.0696,6.0802,6.0910,6.1020,6.1142,6.1292,6.1442,7.0406,7.0406,7.0406,7.0406,7.0406,7.0406,7.0406,7.0406,7.0406,7.0406,7.0406,7.0406,7.0406,7.0406,7.0406,7.0406,7.0406,7.0406,7.0406,7.0406,7.0406,7.0406,7.0406,7.0406,7.0406,7.0406,7.0406,7.0406,7.0406,7.0406,7.0406,7.0406,7.0406,7.0406,7.0406,7.0406,7.0406,7.0406,7.0406,7.0406,7.0400,7.0400,7.0400,7.0400,7.0400,7.0400,7.0400,7.0400,7.0400,7.0400,7.0400,7.0400,7.0400,7.0400,7.0400,7.0400,7.0400,7.0400,7.0400,7.0400,7.0400,7.0400,7.0400,7.0400,7.0400,7.0400,7.0400,7.0400,7.0400,7.0400,7.0400,7.0400,7.0400,7.0400,7.0400,7.0400,7.0400,7.0400,7.0400,7.0400,7.0400,7.0400,7.0400,7.0400,7.0400,7.0400,7.0400,7.0400,7.0400,7.0400,7.0400,7.0400,7.0400,7.0400,7.0400,7.0400,7.0400,7.0400,7.0400,7.0400,7.0400,7.0400,7.0400,7.0400,7.0400,7.0400,7.0400,7.0400,7.0400,7.0400,7.0400,7.0400,7.0400,7.0400,7.0400,7.0400,7.0400,7.0400,7.0400,7.0400,7.0400,7.0400,7.0400,7.0400,7.0400,7.0400,7.0400,7.0400,7.0400,7.0400,7.0400,7.0400,7.0400,7.0400,7.0400,7.0400,7.0400,7.0400,7.0400,7.0400,7.0400,7.0400,7.0400,7.0400,7.0400,7.0400,7.0400,7.0400,7.0400,7.0400,7.0400,7.0400,7.0400,7.0400,7.0400,7.0400,7.0400,7.0400,7.0400,7.0400,7.0400,7.0400,7.0400,7.0400,7.0400,7.0400,7.0400,7.0400,7.0400,7.0400,7.0400,7.0400,7.0400,7.0400,7.0400,7.0400,7.0400,7.0400,7.0400,7.0400,7.0400,7.0400,7.0400,7.0400,7.0400,7.0400,7.0400,7.0400,7.0400,7.0400,7.0400,7.0400,7.0400,7.0400,7.0400,7.0400,7.0400,7.0400,7.0400,7.0400,7.0400,7.0400,7.0400,7.0400,7.0400,7.0400,7.0400,7.0400,7.0400,7.0400,7.0400,7.0400,7.0400,7.0400,7.0400,7.0400,7.0400,7.0400,7.0400,7.0400,7.0400,7.0400,7.0400,7.0400,7.0400,7.0400,7.0400,7.0400,7.0400,7.0400,7.0400,7.0400,7.0400,7.0400,7.0400,7.0400,7.0400,7.0400,7.0400,7.0400,7.0400,7.0400,7.0400,7.0400,7.0400,7.0400,7.0400,7.0400,7.0400,7.0400,7.0400,7.0400,7.0400,7.0400,7.0400,7.0400,7.0400,7.0400,7.0400,7.0400,7.0400,7.0400,7.0400,7.0400,7.0400,7.0400,7.0400,7.0400,7.0400,7.0400,7.0400,7.0400,7.0400,7.0400,7.0400,7.0400,7.0400,7.0400,7.0400,7.0400,7.0400,7.0400,7.0400,7.0400,7.0400,7.0400,7.0400,7.0400,7.0400,7.0400,7.0400,7.0400,7.0400,7.0400,7.0400,7.0400,7.0400,7.0400,7.0400,7.0400,7.0400,7.0400,7.0400,7.0400,7.0400,7.0400,7.0400,7.0400,7.0400,7.0400,7.0400,7.0400,7.0400,7.0400,7.0400,7.0400,7.0400,7.0400,7.0400,7.0400,7.0400,7.0400,7.0400,7.0400,7.0400,7.0400,7.0400,7.0400,7.0400,7.0400,7.0400,7.0400,7.0400,7.0400,7.0400,7.0400,7.0400,7.0400,7.0400,7.0400,7.0400,7.0400,7.0400,7.0400,7.0400,7.0400,7.0400,7.0400,7.0400,7.0400,7.0400,7.0400,7.0400,7.0400,7.0400,7.0400,7.0400,7.0400,7.0400,7.0400,7.0400,7.0400,7.0400,7.0400,7.0400,7.0400,7.0400,7.0400,7.0400,7.0400,7.0400,7.0400,7.0400,7.0400,7.0400,7.0400,7.0400,7.0400,7.0400,7.0400,7.0400,7.0400,7.0400,7.0400,7.0400,7.0400,7.0400,7.0400,7.0400,7.0400,7.0400,7.0400,7.0400,7.0400,7.0400,7.0400,7.0400,7.0400,7.0400,7.0400,7.0400,7.0400,7.0400,7.0400,7.0400,7.0400,7.0400,7.0400,7.0400,7.0400
7.0350,7.0350,7.0350,7.0350,7.0350,7.0350,7.0350,7.0350,7.0350,7.0350,7.0350,7.0350,7.0350,7.0350,7.0350,7.0350,7.0350,7.0350,7.0350,7.0350,7.0350,7.0350,7.0350,7.0350,7.0350,7.0350,7.0350,7.0350,7.0350,7.0350,7.0350,7.0350,7.0350,7.0350,7.0350,7.0350,7.0350,7.0350,7.0350,7.0350,7.0350,7.0350,7.0350,7.0350,7.0350,7.0350,7.0350,7.0350,7.0350,7.0350,7.0350,7.0350,7.0350,7.0350,7.0350,7.0350,7.0350,7.0350,7.0350,7.0350,7.0350,7.0350,7.0350,7.0350,7.0350,7.0350,7.0350,7.0350,7.0350,7.0350,7.0350,7.0350,7.0350,7.0350,7.0350,7.0350,7.0350,7.0350,7.0350,7.0350,7.0350,7.0350,7.0350,7.0350,7.0350,7.0350,7.0350,7.0350,7.0350,7.0350,7.0350,7.0350,7.0350,7.0350,7.0350,7.0350,7.0350,7.0350,7.0350,7.0350,7.0350,7.0350,7.0350,7.0350,7.0350,7.0350,7.0350,7.0350,7.0350,7.0350,7.0350,7.0350,7.0350,7.0350,7.0350,7.0350,7.0350,7.0350,7.0350,7.0350,7.0350,7.0350,7.0350,7.0350,7.0350,7.0350,7.0350,7.0350,7.0350,7.0350,7.0350,7.0350,7.0350,7.0350,7.0350,7.0350,7.0350,7.0350,7.0350,7.0350,7.0350,7.0350,7.0350,7.0350,7.0350,7.0350,7.0350,7.0350,7.0350,7.0350,7.0350,7.0350,7.0350,7.0350,7.0350,7.0350,7.0350,7.0350,7.0350,7.0350,7.0350,7.0350,7.0350,7.0350,7.0350,7.0350,7.0350,7.0350,7.0350,7.0350,7.0350,7.0350,7.0350,7.0350,7.0350,7.0350,7.0350,7.0350,7.0350,7.0350,7.0350,7.0350,7.0350,7.0350,7.0350,7.0350,7.0350,7.0350,7.0350,7.0350,7.0350,7.0350,7.0350,7.0350,7.0350,7.0350,7.0350,7.0350,7.0350,7.0350,7.0350,7.0350,7.0350,7.0350,7.0350,7.0350,7.0350,7.0350,7.0350,7.0350,7.0350,7.0350,7.0350,7.0350,7.0350,7.0350,7.0350,7.0350,7.0350,7.0350,7.0350,7.0350,7.0350,7.0350,7.0350,7.0350,7.0350,7.0350,7.0350,7.0350,7.0350,7.0350,7.0350,7.0350,7.0350,7.0350,7.0350,7.0350,7.0350,7.0350,7.0350,7.0350,7.0350,7.0350,7.0350,7.0350,7.0350,7.0350,7.0350,7.0350,7.0350,7.0350,7.0350,7.0350,7.0350,7.0350,7.0350,7.0350,7.0350,7.0350,7.0350,7.0350,7.0350,7.0350,7.0350,7.0350,7.0350,7.0350,7.0350,7.0350,7.0350,7.0350,7.0350,7.0350,7.0350,7.0350,7.0350,7.0350,7.0350,7.0344,7.0344,7.0344,7.0344,7.0344,7.0344,7.0344,7.0344,7.0344,7.0344,7.0344,7.0344,7.0344,7.0344,7.0344,7.0344,7.0344,7.0344,7.0344,7.0344,7.0344,7.0344,7.0344,7.0344,7.0344,7.0344,7.0344,7.0344,7.0344,7.0344,7.0344,7.0344,7.0344,7.0344,7.0344,7.0344,7.0344,7.0344,7.0344,7.0344,7.0344,7.0344,7.0344,7.0344,7.0344,7.0344,7.0344,7.0344,7.0344,7.0344,7.0344,7.0344,7.0344,7.0344,7.0344,7.0344,7.0344,7.0344,7.0344,7.0344,7.0344,7.0344,7.0344,7.0344,7.0344,7.0344,7.0344,7.0344,7.0344,7.0344,7.0344,7.0344,7.0344,7.0344,7.0344,7.0344,7.0344,7.0344,7.0344,7.0344,7.0344,7.0344,7.0344,7.0344,7.0344,7.0344,7.0344,7.0344,7.0344,7.0344,7.0344,7.0344,7.0344,7.0344,7.0344,7.0344,7.0344,7.0344,7.0344,7.0344,7.0344,7.0344,7.0344,7.0344,7.0344,7.0344,7.0344,7.0344,7.0344,7.0344,7.0344,7.0344,7.0344,7.0344,7.0344,7.0344,7.0344,7.0344,7.0344,7.0344,7.0344,7.0344,7.0344,7.0344,7.0344,7.0344,7.0344,7.0344,7.0344,7.0344,7.0344,7.0344,7.0344,7.0344,7.0344,7.0344,7.0344,7.0344,7.0344,7.0344,7.0344,7.0344,7.0344,7.0344,7.0344,7.0344,6.1659,6.1483,6.1310,6.1149,6.0989,6.0830,6.0672,6.0515,6.0399,6.0293,6.0187,6.0116,6.0071,6.0024,5.9976,5.9929,5.9882,5.9835,5.9789,5.9742,5.9695,5.9651,5.9604,5.9557,5.9509,5.9463,5.9416,5.9370,5.9324,5.9278,5.9232,5.9186,5.9140,5.9119,5.9098,5.9080,5.9061,5.9053,5.9044,5.9034,5.9026,5.9017,5.9009,5.9001,5.8993,5.8982,5.8974,5.8966,5.8957,5.8949,5.8939,5.8930,5.8924,5.8918,5.8912,5.8906,5.8902,5.8895,5.8889,5.8883,5.8875,5.8868,5.8860,5.8862,5.8873,5.8883,5.8891,5.8902,5.8910,5.8920,5.8930,5.8939,5.8949,5.8959,5.8970,5.8978,5.8988,5.8999,5.9009,5.9020,5.9028,5.9038,5.9049,5.9059,5.9078,5.9101,5.9121,5.9144,5.9167,5.9190,5.9211,5.9234,5.9257,5.9280,5.9301,5.9339,5.9381,5.9423,5.9467,5.9511,5.9555,5.9602,5.9646,5.9691,5.9738,5.9782,5.9829,5.9874,5.9919,5.9966,6.0039,6.0131,6.0228,6.0325,6.0423,6.0521,6.0619,6.0718,6.0824,6.0934,6.1042,6.1154,6.1276,6.1426,7.0344,7.0344,7.0344,7.0344,7.0344,7.0344,7.0344,7.0344,7.0344,7.0344,7.0344,7.0344,7.0344,7.0344,7.0344,7.0344,7.0344,7.0344,7.0344,7.0344,7.0344,7.0344,7.0344,7.0344,7.0344,7.0344,7.0344,7.0344,7.0344,7.0344,7.0344,7.0344,7.0344,7.0344,7.0344,7.0344,7.0344,7.0344,7.0344,7.0344,7.0344,7.0344,7.0344,7.0344,7.0344,7.0344,7.0344,7.0344,7.0344,7.0344,7.0344,7.0344,7.0344,7.0344,7.0344,7.0344,7.0344,7.0344,7.0344,7.0344,7.0344,7.0344,7.0344,7.0344,7.0344,7.0344,7.0344,7.0344,7.0344,7.0344,7.0344,7.0344,7.0344,7.0344,7.0344,7.0344,7.0344,7.0344,7.0344,7.0344,7.0344,7.0344,7.0344,7.0344,7.0344,7.0344,7.0344,7.0344,7.0344,7.0344,7.0344,7.0344,7.0344,7.0344,7.0344,7.0344,7.0344,7.0344,7.0344,7.0344,7.0344,7.0344,7.0344,7.0344,7.0344,7.0344,7.0344,7.0344,7.0344,7.0344,7.0344,7.0344,7.0344,7.0344,7.0344,7.0344,7.0344,7.0344,7.0344,7.0344,7.0344,7.0344,7.0344,7.0344,7.0344,7.0344,7.0344,7.0344,7.0344,7.0344,7.0344,7.0344,7.0344,7.0344,7.0344,7.0344,7.0344,7.0344,7.0344,7.0344,7.0344,7.0344,7.0344,7.0344,7.0344,7.0344,7.0344,7.0344,7.0344,7.0344,7.0344,7.0344,7.0344,7.0344,7.0344,7.0344,7.0344,7.0344,7.0344,7.0344,7.0344,7.0344,7.0344,7.0344,7.0344,7.0344,7.0344,7.0344,7.0344,7.0344,7.0344,7.0344,7.0344,7.0344,7.0344,7.0344,7.0344,7.0344,7.0344,7.0344,7.0344,7.0344,7.0344,7.0344,7.0344,7.0344,7.0344,7.0344,7.0344,7.0344,7.0344,7.0344,7.0344,7.0344,7.0344,7.0344,7.0344,7.0344,7.0344,7.0344,7.0344,7.0344,7.0344,7.0344,7.0344,7.0344,7.0344,7.0344,7.0344,7.0344,7.0344,7.0344,7.0344,7.0344,7.0344,7.0344,7.0344,7.0344,7.0344,7.0344,7.0344,7.0344,7.0344,7.0344,7.0344,7.0344,7.0344,7.0344,7.0344,7.0344,7.0344,7.0344,7.0344,7.0344,7.0344,7.0344,7.0344,7.0344,7.0344,7.0344,7.0344,7.0344,7.0344,7.0344,7.0344,7.0344,7.0344,7.0344,7.0344,7.0344,7.0344,7.0344,7.0344,7.0344,7.0344,7.0344,7.0344,7.0344,7.0344,7.0344,7.0344,7.0344,7.0344,7.0344,7.0344,7.0344,7.0344,7.0344,7.0344,7.0344,7.0344,7.0344,7.0344,7.0344,7.0344,7.0344,7.0344,7.0344,7.0344,7.0344,7.0344,7.0344,7.0344,7.0344,7.0344,7.0344,7.0344,7.0344,7.0344,7.0344,7.0344,7.0344,7.0344,7.0344,7.0344,7.0344,7.0344,7.0344,7.0344,7.0344,7.0344,7.0344,7.0344,7.0344,7.0344,7.0344,7.0344,7.0344,7.0344,7.0344,7.0344,7.0344,7.0344,7.0344,7.0344,7.0344,7.0344,7.0344,7.0344,7.0344,7.0344,7.0344,7.0344,7.0344,7.0344,7.0344,7.0344,7.0344,7.0344,7.0344,7.0344,7.0344,7.0344,7.0344,7.0344,7.0344,7.0344,7.0344,7.0344,7.0344,7.0344,7.0344,7.0344,7.0344,7.0344,7.0344,7.0344,7.0344,7.0344,7.0344,7.0344,7.0344,7.0344,7.0344,7.0344,7.0344,7.0344,7.0344,7.0344,7.0344,7.0344,7.0344,7.0344,7.0344,7.0344,7.0344,7.0344,7.0344,7.0344,7.0344,7.0344,7.0344,7.0344,7.0344,7.0344,7.0344,7.0344,7.0344,7.0344,7.0344,7.0344,7.0344,7.0344,7.0344,7.0344,7.0344,7.0344,7.0344,7.0344,7.0344,7.0344,7.0344,7.0344,7.0344,7.0344,7.0344,7.0344,7.0344,7.0344,7.0344,7.0344,7.0344,7.0344,7.0344,7.0344,7.0344,7.0344,7.0344,7.0344,7.0344,7.0344
7.0291,7.0291,7.0291,7.0291,7.0291,7.0291,7.0291,7.0291,7.0291,7.0291,7.0291,7.0291,7.0291,7.0291,7.0291,7.0291,7.0291,7.0291,7.0291,7.0291,7.0291,7.0291,7.0291,7.0291,7.0291,7.0291,7.0291,7.0291,7.0291,7.0291,7.0291,7.0291,7.0291,7.0291,7.0291,7.0291,7.0291,7.0291,7.0291,7.0291,7.0291,7.0291,7.0291,7.0291,7.0291,7.0291,7.0291,7.0291,7.0291,7.0291,7.0291,7.0291,7.0291,7.0291,7.0291,7.0291,7.0291,7.0291,7.0291,7.0291,7.0291,7.0291,7.0291,7.0291,7.0291,7.0291,7.0291,7.0291,7.0291,7.0291,7.0291,7.0291,7.0291,7.0291,7.0291,7.0291,7.0291,7.0291,7.0291,7.0291,7.0291,7.0291,7.0291,7.0291,7.0291,7.0291,7.0291,7.0291,7.0291,7.0291,7.0291,7.0291,7.0291,7.0291,7.0291,7.0291,7.0291,7.0291,7.0291,7.0291,7.0291,7.0291,7.0291,7.0291,7.0291,7.0291,7.0291,7.0291,7.0291,7.0291,7.0291,7.0291,7.0291,7.0291,7.0291,7.0291,7.0291,7.0291,7.0291,7.0291,7.0291,7.0291,7.0291,7.0291,7.0291,7.0291,7.0291,7.0291,7.0291,7.0291,7.0291,7.0291,7.0291,7.0291,7.0291,7.0291,7.0291,7.0291,7.0291,7.0291,7.0291,7.0291,7.0291,7.0291,7.0291,7.0291,7.0291,7.0291,7.0291,7.0291,7.0291,7.0291,7.0291,7.0291,7.0291,7.0291,7.0291,7.0291,7.0291,7.0291,7.0291,7.0291,7.0291,7.0291,7.0291,7.0291,7.0291,7.0291,7.0291,7.0291,7.0291,7.0291,7.0291,7.0291,7.0291,7.0291,7.0291,7.0291,7.0291,7.0291,7.0291,7.0291,7.0291,7.0291,7.0291,7.0291,7.0291,7.0291,7.0291,7.0291,7.0291,7.0291,7.0291,7.0291,7.0291,7.0291,7.0291,7.0291,7.0291,7.0291,7.0291,7.0291,7.0291,7.0291,7.0291,7.0291,7.0291,7.0291,7.0291,7.0291,7.0291,7.0291,7.0291,7.0291,7.0291,7.0291,7.0291,7.0291,7.0291,7.0291,7.0291,7.0291,7.0291,7.0291,7.0291,7.0291,7.0291,7.0291,7.0291,7.0291,7.0291,7.0291,7.0291,7.0291,7.0291,7.0291,7.0291,7.0291,7.0291,7.0291,7.0291,7.0291,7.0291,7.0291,7.0291,7.0291,7.0294,7.0294,7.0294,7.0294,7.0294,7.0294,7.0294,7.0294,7.0294,7.0294,7.0294,7.0294,7.0294,7.0294,7.0294,7.0294,7.0294,7.0294,7.0294,7.0294,7.0294,7.0294,7.0294,7.0294,7.0294,7.0294,7.0294,7.0294,7.0294,7.0294,7.0294,7.0294,7.0294,7.0294,7.0294,7.0294,7.0294,7.0294,7.0294,7.0294,7.0294,7.0294,7.0294,7.0294,7.0294,7.0294,7.0294,7.0294,7.0294,7.0294,7.0294,7.0294,7.0294,7.0294,7.0294,7.0294,7.0294,7.0294,7.0294,7.0294,7.0294,7.0294,7.0294,7.0294,7.0294,7.0294,7.0294,7.0294,7.0294,7.0294,7.0294,7.0294,7.0294,7.0294,7.0294,7.0294,7.0294,7.0294,7.0294,7.0294,7.0294,7.0294,7.0294,7.0294,7.0294,7.0294,7.0294,7.0294,7.0294,7.0294,7.0294,7.0294,7.0294,7.0294,7.0294,7.0294,7.0294,7.0294,7.0294,7.0294,7.0294,7.0294,7.0294,7.0294,7.0294,7.0294,7.0294,7.0294,7.0294,7.0294,7.0294,7.0294,7.0294,7.0294,7.0294,7.0294,7.0294,7.0294,7.0294,7.0294,7.0294,7.0294,7.0294,7.0294,7.0294,7.0294,7.0294,7.0294,7.0294,7.0294,7.0294,7.0294,7.0294,7.0294,7.0294,7.0294,7.0294,7.0294,7.0294,7.0294,7.0294,7.0294,7.0294,7.0294,7.0294,7.0294,7.0294,7.0294,7.0294,7.0294,7.0294,7.0294,7.0294,7.0294,7.0294,7.0294,7.0294,7.0294,7.0294,7.0294,7.0294,7.0294,7.0294,7.0294,7.0294,7.0294,7.0294,7.0294,7.0294,7.0294,7.0294,7.0294,7.0294,7.0294,7.0294,7.0294,7.0294,7.0294,7.0294,7.0294,6.1663,6.1489,6.1314,6.1151,6.0991,6.0832,6.0674,6.0549,6.0443,6.0336,6.0230,6.0148,6.0101,6.0054,6.0006,5.9961,5.9914,5.9867,5.9820,5.9774,5.9727,5.9680,5.9634,5.9587,5.9541,5.9494,5.9448,5.9402,5.9355,5.9309,5.9261,5.9215,5.9194,5.9173,5.9153,5.9134,5.9113,5.9096,5.9088,5.9078,5.9069,5.9061,5.9053,5.9044,5.9034,5.9026,5.9017,5.9009,5.9001,5.8993,5.8982,5.8974,5.8968,5.8962,5.8955,5.8951,5.8945,5.8939,5.8933,5.8926,5.8920,5.8912,5.8914,5.8922,5.8933,5.8941,5.8951,5.8962,5.8972,5.8980,5.8990,5.9001,5.9011,5.9020,5.9030,5.9040,5.9051,5.9059,5.9069,5.9080,5.9090,5.9101,5.9123,5.9146,5.9167,5.9190,5.9213,5.9234,5.9257,5.9280,5.9303,5.9324,5.9347,5.9370,5.9402,5.9444,5.9488,5.9532,5.9576,5.9623,5.9667,5.9712,5.9759,5.9803,5.9850,5.9895,5.9940,5.9987,6.0056,6.0153,6.0250,6.0347,6.0445,6.0543,6.0641,6.0740,6.0848,6.0956,6.1067,6.1176,6.1288,6.1409,7.0294,7.0294,7.0294,7.0294,7.0294,7.0294,7.0294,7.0294,7.0294,7.0294,7.0294,7.0294,7.0294,7.0294,7.0294,7.0294,7.0294,7.0294,7.0294,7.0294,7.0294,7.0294,7.0294,7.0294,7.0294,7.0294,7.0294,7.0294,7.0294,7.0294,7.0294,7.0294,7.0294,7.0294,7.0294,7.0294,7.0294,7.0294,7.0294,7.0294,7.0294,7.0294,7.0294,7.0294,7.0294,7.0294,7.0294,7.0294,7.0294,7.0294,7.0294,7.0294,7.0294,7.0294,7.0294,7.0294,7.0294,7.0294,7.0294,7.0294,7.0294,7.0294,7.0294,7.0294,7.0294,7.0294,7.0294,7.0294,7.0294,7.0294,7.0294,7.0294,7.0294,7.0294,7.0294,7.0294,7.0294,7.0294,7.0294,7.0294,7.0294,7.0294,7.0294,7.0294,7.0294,7.0294,7.0294,7.0294,7.0294,7.0294,7.0294,7.0294,7.0294,7.0294,7.0294,7.0294,7.0294,7.0294,7.0294,7.0294,7.0294,7.0294,7.0294,7.0294,7.0294,7.0294,7.0294,7.0294,7.0294,7.0294,7.0294,7.0294,7.0294,7.0294,7.0294,7.0294,7.0294,7.0294,7.0294,7.0294,7.0294,7.0294,7.0294,7.0294,7.0294,7.0294,7.0294,7.0294,7.0294,7.0294,7.0294,7.0294,7.0294,7.0294,7.0294,7.0294,7.0294,7.0294,7.0294,7.0294,7.0294,7.0294,7.0294,7.0294,7.0294,7.0294,7.0294,7.0294,7.0294,7.0294,7.0294,7.0294,7.0294,7.0294,7.0294,7.0294,7.0294,7.0294,7.0294,7.0294,7.0294,7.0294,7.0294,7.0294,7.0294,7.0294,7.0294,7.0294,7.0294,7.0294,7.0294,7.0294,7.0294,7.0294,7.0294,7.0294,7.0294,7.0294,7.0294,7.0294,7.0294,7.0294,7.0294,7.0294,7.0294,7.0294,7.0294,7.0294,7.0294,7.0294,7.0294,7.0294,7.0294,7.0294,7.0294,7.0294,7.0294,7.0294,7.0294,7.0294,7.0294,7.0294,7.0294,7.0294,7.0294,7.0294,7.0294,7.0294,7.0294,7.0294,7.0294,7.0294,7.0294,7.0294,7.0294,7.0294,7.0294,7.0294,7.0294,7.0294,7.0294,7.0294,7.0294,7.0294,7.0294,7.0294,7.0294,7.0294,7.0294,7.0294,7.0294,7.0294,7.0294,7.0294,7.0294,7.0294,7.0294,7.0294,7.0294,7.0294,7.0294,7.0294,7.0294,7.0294,7.0294,7.0294,7.0294,7.0294,7.0294,7.0294,7.0294,7.0294,7.0294,7.0294,7.0294,7.0294,7.0294,7.0294,7.0294,7.0294,7.0294,7.0294,7.0294,7.0294,7.0294,7.0294,7.0294,7.0294,7.0294,7.0294,7.0294,7.0294,7.0294,7.0294,7.0294,7.0294,7.0294,7.0294,7.0294,7.0294,7.0294,7.0294,7.0294,7.0294,7.0294,7.0294,7.0294,7.0294,7.0294,7.0294,7.0294,7.0294,7.0294,7.0294,7.0294,7.0294,7.0294,7.0294,7.0294,7.0294,7.0294,7.0294,7.0294,7.0294,7.0294,7.0294,7.0294,7.0294,7.0294,7.0294,7.0294,7.0294,7.0294,7.0294,7.0294,7.0294,7.0294,7.0294,7.0294,7.0294,7.0294,7.0294,7.0294,7.0294,7.0294,7.0294,7.0294,7.0294,7.0294,7.0294,7.0294,7.0294,7.0294,7.0294,7.0294,7.0294,7.0294,7.0294,7.0294,7.0294,7.0294,7.0294,7.0294,7.0294,7.0294,7.0294,7.0294,7.0294,7.0294,7.0294,7.0294,7.0294,7.0294,7.0294,7.0294,7.0294,7.0294,7.0294,7.0294,7.0294,7.0294,7.0294,7.0294,7.0294,7.0294,7.0294,7.0294,7.0294,7.0294,7.0294,7.0294,7.0294,7.0294,7.0294,7.0294,7.0294,7.0294,7.0294,7.0294,7.0294,7.0294,7.0294,7.0294,7.0294,7.0294,7.0294,7.0294,7.0294,7.0294,7.0294,7.0294,7.0294,7.0294,7.0294,7.0294,7.0294,7.0294,7.0294,7.0294,7.0294,7.0294,7.0294,7.0294,7.0294,7.0294,7.0294,7.0294,7.0294,7.0294,7.0294,7.0294,7.0294
7.0241,7.0241,7.0241,7.0241,7.0241,7.0241,7.0241,7.0241,7.0241,7.0241,7.0241,7.0241,7.0241,7.0241,7.0241,7.0241,7.0241,7.0241,7.0241,7.0241,7.0241,7.0241,7.0241,7.0241,7.0241,7.0241,7.0241,7.0241,7.0241,7.0241,7.0241,7.0241,7.0241,7.0241,7.0241,7.0241,7.0241,7.0241,7.0241,7.0241,7.0241,7.0241,7.0241,7.0241,7.0241,7.0241,7.0241,7.0241,7.0241,7.0241,7.0241,7.0241,7.0241,7.0241,7.0241,7.0241,7.0241,7.0241,7.0241,7.0241,7.0241,7.0241,7.0241,7.0241,7.0241,7.0241,7.0241,7.0241,7.0241,7.0241,7.0241,7.0241,7.0241,7.0241,7.0241,7.0241,7.0241,7.0241,7.0241,7.0241,7.0241,7.0241,7.0241,7.0241,7.0241,7.0241,7.0241,7.0241,7.0241,7.0241,7.0241,7.0241,7.0241,7.0241,7.0241,7.0241,7.0241,7.0241,7.0241,7.0241,7.0241,7.0241,7.0241,7.0241,7.0241,7.0241,7.0241,7.0241,7.0241,7.0241,7.0241,7.0241,7.0241,7.0241,7.0241,7.0241,7.0241,7.0241,7.0241,7.0241,7.0241,7.0241,7.0241,7.0241,7.0241,7.0241,7.0241,7.0241,7.0241,7.0241,7.0241,7.0241,7.0241,7.0241,7.0241,7.0241,7.0241,7.0241,7.0241,7.0241,7.0241,7.0241,7.0241,7.0241,7.0241,7.0241,7.0241,7.0241,7.0241,7.0241,7.0241,7.0241,7.0241,7.0241,7.0241,7.0241,7.0241,7.0241,7.0241,7.0241,7.0241,7.0241,7.0241,7.0241,7.0241,7.0241,7.0241,7.0241,7.0241,7.0241,7.0241,7.0241,7.0241,7.0241,7.0241,7.0241,7.0241,7.0241,7.0241,7.0241,7.0241,7.0241,7.0241,7.0241,7.0241,7.0241,7.0241,7.0241,7.0241,7.0241,7.0241,7.0241,7.0241,7.0241,7.0241,7.0241,7.0241,7.0241,7.0241,7.0241,7.0241,7.0241,7.0241,7.0241,7.0241,7.0241,7.0241,7.0241,7.0241,7.0241,7.0241,7.0241,7.0241,7.0241,7.0241,7.0241,7.0241,7.0241,7.0241,7.0241,7.0241,7.0241,7.0241,7.0241,7.0241,7.0241,7.0241,7.0241,7.0241,7.0241,7.0241,7.0241,7.0241,7.0241,7.0241,7.0241,7.0241,7.0241,7.0241,7.0241,7.0241,7.0241,7.0241,7.0241,7.0241,7.0241,7.0241,7.0241,7.0241,7.0241,7.0241,7.0241,7.0241,7.0241,7.0241,7.0241,7.0241,7.0241,7.0241,7.0241,7.0241,7.0241,7.0241,7.0241,7.0241,7.0241,7.0241,7.0241,7.0241,7.0241,7.0241,7.0241,7.0241,7.0241,7.0241,7.0241,7.0241,7.0241,7.0241,7.0241,7.0241,7.0241,7.0241,7.0241,7.0241,7.0241,7.0241,7.0241,7.0241,7.0241,7.0241,7.0241,7.0241,7.0241,7.0241,7.0241,7.0241,7.0241,7.0241,7.0241,7.0241,7.0241,7.0241,7.0241,7.0241,7.0241,7.0241,7.0241,7.0241,7.0241,7.0241,7.0241,7.0241,7.0241,7.0241,7.0241,7.0241,7.0241,7.0241,7.0241,7.0241,7.0241,7.0241,7.0241,7.0241,7.0241,7.0241,7.0241,7.0241,7.0241,7.0241,7.0241,7.0241,7.0241,7.0241,7.0241,7.0241,7.0241,7.0241,7.0241,7.0241,7.0241,7.0241,7.0241,7.0241,7.0241,7.0241,7.0241,7.0241,7.0241,7.0241,7.0241,7.0241,7.0241,7.0241,7.0241,7.0241,7.0241,7.0241,7.0241,7.0241,7.0241,7.0241,7.0241,7.0241,7.0241,7.0241,7.0241,7.0241,7.0241,7.0241,7.0241,7.0241,7.0241,7.0241,7.0241,7.0241,7.0241,7.0241,7.0241,7.0241,7.0241,7.0241,7.0241,7.0241,7.0241,7.0241,7.0241,7.0241,7.0241,7.0241,7.0241,7.0241,7.0241,7.0241,7.0241,7.0241,7.0241,7.0241,7.0241,7.0241,7.0241,7.0241,7.0241,7.0241,7.0241,7.0241,7.0241,7.0241,7.0241,7.0241,7.0241,7.0241,7.0241,7.0241,7.0241,7.0241,7.0241,7.0241,7.0241,7.0241,7.0241,7.0241,7.0241,7.0241,7.0241,7.0241,6.1668,6.1494,6.1319,6.1154,6.0994,6.0837,6.0700,6.0593,6.0486,6.0380,6.0273,6.0178,6.0131,6.0086,6.0039,5.9994,5.9944,5.9899,5.9852,5.9806,5.9759,5.9712,5.9665,5.9619,5.9572,5.9526,5.9479,5.9433,5.9385,5.9339,5.9292,5.9269,5.9249,5.9228,5.9209,5.9188,5.9169,5.9148,5.9130,5.9121,5.9113,5.9105,5.9096,5.9088,5.9078,5.9069,5.9061,5.9053,5.9044,5.9034,5.9026,5.9017,5.9011,5.9005,5.8999,5.8995,5.8988,5.8982,5.8976,5.8970,5.8966,5.8964,5.8972,5.8982,5.8993,5.9003,5.9013,5.9022,5.9032,5.9042,5.9053,5.9061,5.9071,5.9082,5.9092,5.9101,5.9111,5.9121,5.9132,5.9146,5.9169,5.9190,5.9213,5.9236,5.9259,5.9280,5.9303,5.9326,5.9349,5.9370,5.9393,5.9416,5.9437,5.9467,5.9509,5.9553,5.9598,5.9642,5.9689,5.9733,5.9780,5.9825,5.9870,5.9917,5.9961,6.0011,6.0073,6.0174,6.0271,6.0369,6.0467,6.0565,6.0663,6.0762,6.0870,6.0980,6.1089,6.1200,6.1310,6.1420,6.1544,7.0235,7.0235,7.0235,7.0235,7.0235,7.0235,7.0235,7.0235,7.0235,7.0235,7.0235,7.0235,7.0235,7.0235,7.0235,7.0235,7.0235,7.0235,7.0235,7.0235,7.0235,7.0235,7.0235,7.0235,7.0235,7.0235,7.0235,7.0235,7.0235,7.0235,7.0235,7.0235,7.0235,7.0235,7.0235,7.0235,7.0235,7.0235,7.0235,7.0235,7.0235,7.0235,7.0235,7.0235,7.0235,7.0235,7.0235,7.0235,7.0235,7.0235,7.0235,7.0235,7.0235,7.0235,7.0235,7.0235,7.0235,7.0235,7.0235,7.0235,7.0235,7.0235,7.0235,7.0235,7.0235,7.0235,7.0235,7.0235,7.0235,7.0235,7.0235,7.0235,7.0235,7.0235,7.0235,7.0235,7.0235,7.0235,7.0235,7.0235,7.0235,7.0235,7.0235,7.0235,7.0235,7.0235,7.0235,7.0235,7.0235,7.0235,7.0235,7.0235,7.0235,7.0235,7.0235,7.0235,7.0235,7.0235,7.0235,7.0235,7.0235,7.0235,7.0235,7.0235,7.0235,7.0235,7.0235,7.0235,7.0235,7.0235,7.0235,7.0235,7.0235,7.0235,7.0235,7.0235,7.0235,7.0235,7.0235,7.0235,7.0235,7.0235,7.0235,7.0235,7.0235,7.0235,7.0235,7.0235,7.0235,7.0235,7.0235,7.0235,7.0235,7.0235,7.0235,7.0235,7.0235,7.0235,7.0235,7.0235,7.0235,7.0235,7.0235,7.0235,7.0235,7.0235,7.0235,7.0235,7.0235,7.0235,7.0235,7.0235,7.0235,7.0235,7.0235,7.0235,7.0235,7.0235,7.0235,7.0235,7.0235,7.0235,7.0235,7.0235,7.0235,7.0235,7.0235,7.0235,7.0235,7.0235,7.0235,7.0235,7.0235,7.0235,7.0235,7.0235,7.0235,7.0235,7.0235,7.0235,7.0235,7.0235,7.0235,7.0235,7.0235,7.0235,7.0235,7.0235,7.0235,7.0235,7.0235,7.0235,7.0235,7.0235,7.0235,7.0235,7.0235,7.0235,7.0235,7.0235,7.0235,7.0235,7.0235,7.0235,7.0235,7.0235,7.0235,7.0235,7.0235,7.0235,7.0235,7.0235,7.0235,7.0235,7.0235,7.0235,7.0235,7.0235,7.0235,7.0235,7.0235,7.0235,7.0235,7.0235,7.0235,7.0235,7.0235,7.0235,7.0235,7.0235,7.0235,7.0235,7.0235,7.0235,7.0235,7.0235,7.0235,7.0235,7.0235,7.0235,7.0235,7.0235,7.0235,7.0235,7.0235,7.0235,7.0235,7.0235,7.0235,7.0235,7.0235,7.0235,7.0235,7.0235,7.0235,7.0235,7.0235,7.0235,7.0235,7.0235,7.0235,7.0235,7.0235,7.0235,7.0235,7.0235,7.0235,7.0235,7.0235,7.0235,7.0235,7.0235,7.0235,7.0235,7.0235,7.0235,7.0235,7.0235,7.0235,7.0235,7.0235,7.0235,7.0235,7.0235,7.0235,7.0235,7.0235,7.0235,7.0235,7.0235,7.0235,7.0235,7.0235,7.0235,7.0235,7.0235,7.0235,7.0235,7.0235,7.0235,7.0235,7.0235,7.0235,7.0235,7.0235,7.0235,7.0235,7.0235,7.0235,7.0235,7.0235,7.0235,7.0235,7.0235,7.0235,7.0235,7.0235,7.0235,7.0235,7.0235,7.0235,7.0235,7.0235,7.0235,7.0235,7.0235,7.0235,7.0235,7.0235,7.0235,7.0235,7.0235,7.0235,7.0235,7.0235,7.0235,7.0235,7.0235,7.0235,7.0235,7.0235,7.0235,7.0235,7.0235,7.0235,7.0235,7.0235,7.0235,7.0235,7.0235,7.0235,7.0235,7.0235,7.0235,7.0235,7.0235,7.0235,7.0235,7.0235,7.0235,7.0235,7.0235,7.0235,7.0235,7.0235,7.0235,7.0235,7.0235,7.0235,7.0235,7.0235,7.0235,7.0235,7.0235,7.0235,7.0235,7.0235,7.0235,7.0235,7.0235,7.0235,7.0235,7.0235,7.0235,7.0235,7.0235,7.0235,7.0235,7.0235,7.0235,7.0235,7.0235,7.0235,7.0235,7.0235,7.0235,7.0235,7.0235,7.0235,7.0235,7.0235,7.0235,7.0235,7.0235,7.0235,7.0235,7.0235,7.0235,7.0235,7.0235,7.0235,7.0235
7.0186,7.0186,7.0186,7.0186,7.0186,7.0186,7.0186,7.0186,7.0186,7.0186,7.0186,7.0186,7.0186,7.0186,7.0186,7.0186,7.0186,7.0186,7.0186,7.0186,7.0186,7.0186,7.0186,7.0186,7.0186,7.0186,7.0186,7.0186,7.0186,7.0186,7.0186,7.0186,7.0186,7.0186,7.0186,7.0186,7.0186,7.0186,7.0186,7.0186,7.0186,7.0186,7.0186,7.0186,7.0186,7.0186,7.0186,7.0186,7.0186,7.0186,7.0186,7.0186,7.0186,7.0186,7.0186,7.0186,7.0186,7.0186,7.0186,7.0186,7.0186,7.0186,7.0186,7.0186,7.0186,7.0186,7.0186,7.0186,7.0186,7.0186,7.0186,7.0186,7.0186,7.0186,7.0186,7.0186,7.0186,7.0186,7.0186,7.0186,7.0186,7.0186,7.0186,7.0186,7.0186,7.0186,7.0186,7.0186,7.0186,7.0186,7.0186,7.0186,7.0186,7.0186,7.0186,7.0186,7.0186,7.0186,7.0186,7.0186,7.0186,7.0186,7.0186,7.0186,7.0186,7.0186,7.0186,7.0186,7.0186,7.0186,7.0186,7.0186,7.0186,7.0186,7.0186,7.0186,7.0186,7.0186,7.0186,7.0186,7.0186,7.0186,7.0186,7.0186,7.0186,7.0186,7.0186,7.0186,7.0186,7.0186,7.0186,7.0186,7.0186,7.0186,7.0186,7.0186,7.0186,7.0186,7.0186,7.0186,7.0186,7.0186,7.0186,7.0186,7.0186,7.0186,7.0186,7.0186,7.0186,7.0186,7.0186,7.0186,7.0186,7.0186,7.0186,7.0186,7.0186,7.0186,7.0186,7.0186,7.0186,7.0186,7.0186,7.0186,7.0186,7.0186,7.0186,7.0186,7.0186,7.0186,7.0186,7.0186,7.0186,7.0186,7.0186,7.0186,7.0186,7.0186,7.0186,7.0186,7.0186,7.0186,7.0186,7.0186,7.0186,7.0186,7.0186,7.0186,7.0186,7.0186,7.0186,7.0186,7.0186,7.0186,7.0186,7.0186,7.0186,7.0186,7.0186,7.0186,7.0186,7.0186,7.0186,7.0186,7.0186,7.0186,7.0186,7.0186,7.0186,7.0186,7.0186,7.0186,7.0186,7.0186,7.0186,7.0186,7.0186,7.0186,7.0186,7.0186,7.0186,7.0186,7.0186,7.0186,7.0186,7.0186,7.0186,7.0186,7.0186,7.0186,7.0186,7.0186,7.0186,7.0186,7.0186,7.0186,7.0186,7.0186,7.0186,7.0186,7.0186,7.0186,7.0186,7.0186,7.0186,7.0186,7.0186,7.0186,7.0186,7.0186,7.0186,7.0186,7.0186,7.0186,7.0186,7.0186,7.0186,7.0186,7.0186,7.0186,7.0186,7.0186,7.0186,7.0186,7.0186,7.0186,7.0186,7.0186,7.0186,7.0186,7.0186,7.0186,7.0186,7.0186,7.0186,7.0186,7.0186,7.0186,7.0186,7.0186,7.0186,7.0186,7.0186,7.0186,7.0186,7.0186,7.0186,7.0186,7.0186,7.0186,7.0186,7.0186,7.0186,7.0186,7.0186,7.0186,7.0186,7.0186,7.0186,7.0186,7.0186,7.0186,7.0186,7.0186,7.0186,7.0186,7.0186,7.0186,7.0186,7.0186,7.0186,7.0186,7.0186,7.0186,7.0186,7.0186,7.0186,7.0186,7.0186,7.0186,7.0186,7.0186,7.0186,7.0186,7.0186,7.0186,7.0186,7.0186,7.0186,7.0186,7.0186,7.0186,7.0186,7.0186,7.0186,7.0186,7.0186,7.0186,7.0186,7.0186,7.0186,7.0186,7.0186,7.0186,7.0186,7.0186,7.0186,7.0186,7.0186,7.0186,7.0186,7.0186,7.0186,7.0186,7.0186,7.0186,7.0186,7.0186,7.0186,7.0186,7.0186,7.0186,7.0186,7.0186,7.0186,7.0186,7.0186,7.0186,7.0186,7.0186,7.0186,7.0186,7.0186,7.0186,7.0186,7.0186,7.0186,7.0186,7.0186,7.0186,7.0186,7.0186,7.0186,7.0186,7.0186,7.0186,7.0186,7.0186,7.0186,7.0186,7.0186,7.0186,7.0186,7.0186,7.0186,7.0186,7.0186,7.0186,7.0186,7.0186,7.0186,7.0186,7.0186,7.0186,7.0186,7.0186,7.0186,7.0186,7.0186,7.0186,7.0186,7.0186,7.0186,7.0186,7.0186,7.0186,7.0186,7.0186,7.0186,7.0186,7.0186,7.0186,7.0186,7.0186,7.0186,7.0186,7.0186,7.0186,6.1675,6.1498,6.1323,6.1158,6.0998,6.0852,6.0744,6.0637,6.0530,6.0423,6.0317,6.0211,6.0163,6.0116,6.0069,6.0024,5.9976,5.9929,5.9882,5.9835,5.9791,5.9744,5.9697,5.9651,5.9604,5.9557,5.9509,5.9463,5.9416,5.9370,5.9345,5.9324,5.9303,5.9282,5.9263,5.9242,5.9223,5.9203,5.9184,5.9165,5.9157,5.9148,5.9140,5.9130,5.9121,5.9113,5.9105,5.9096,5.9088,5.9078,5.9069,5.9061,5.9055,5.9049,5.9042,5.9038,5.9032,5.9026,5.9020,5.9013,5.9011,5.9022,5.9034,5.9044,5.9053,5.9063,5.9073,5.9084,5.9094,5.9103,5.9113,5.9123,5.9134,5.9142,5.9153,5.9163,5.9173,5.9192,5.9213,5.9236,5.9259,5.9282,5.9303,5.9326,5.9349,5.9372,5.9393,5.9416,5.9439,5.9463,5.9484,5.9507,5.9530,5.9574,5.9619,5.9663,5.9710,5.9755,5.9801,5.9846,5.9893,5.9938,5.9983,6.0030,6.0090,6.0194,6.0293,6.0391,6.0488,6.0587,6.0685,6.0784,6.0894,6.1003,6.1114,6.1223,6.1335,6.1444,6.1566,7.0186,7.0186,7.0186,7.0186,7.0186,7.0186,7.0186,7.0186,7.0186,7.0186,7.0186,7.0186,7.0186,7.0186,7.0186,7.0186,7.0186,7.0186,7.0186,7.0186,7.0186,7.0186,7.0186,7.0186,7.0186,7.0186,7.0186,7.0186,7.0186,7.0186,7.0186,7.0186,7.0186,7.0186,7.0186,7.0186,7.0186,7.0186,7.0186,7.0186,7.0186,7.0186,7.0186,7.0186,7.0186,7.0186,7.0186,7.0186,7.0186,7.0186,7.0186,7.0186,7.0186,7.0186,7.0186,7.0186,7.0186,7.0186,7.0186,7.0186,7.0186,7.0186,7.0186,7.0186,7.0186,7.0186,7.0186,7.0186,7.0186,7.0186,7.0186,7.0186,7.0186,7.0186,7.0186,7.0186,7.0186,7.0186,7.0186,7.0186,7.0186,7.0186,7.0186,7.0186,7.0186,7.0186,7.0186,7.0186,7.0186,7.0186,7.0186,7.0186,7.0186,7.0186,7.0186,7.0186,7.0186,7.0186,7.0186,7.0186,7.0186,7.0186,7.0186,7.0186,7.0186,7.0186,7.0186,7.0186,7.0186,7.0186,7.0186,7.0186,7.0186,7.0186,7.0186,7.0186,7.0186,7.0186,7.0186,7.0186,7.0186,7.0186,7.0186,7.0186,7.0186,7.0186,7.0186,7.0186,7.0186,7.0186,7.0186,7.0186,7.0186,7.0186,7.0186,7.0186,7.0186,7.0186,7.0186,7.0186,7.0186,7.0186,7.0186,7.0186,7.0186,7.0186,7.0186,7.0186,7.0186,7.0186,7.0186,7.0186,7.0186,7.0186,7.0186,7.0186,7.0186,7.0186,7.0186,7.0186,7.0186,7.0186,7.0186,7.0186,7.0186,7.0186,7.0186,7.0186,7.0186,7.0186,7.0186,7.0186,7.0186,7.0186,7.0186,7.0186,7.0186,7.0186,7.0186,7.0186,7.0186,7.0186,7.0186,7.0186,7.0186,7.0186,7.0186,7.0186,7.0186,7.0186,7.0186,7.0186,7.0186,7.0186,7.0186,7.0186,7.0186,7.0186,7.0186,7.0186,7.0186,7.0186,7.0180,7.0180,7.0180,7.0180,7.0180,7.0180,7.0180,7.0180,7.0180,7.0180,7.0180,7.0180,7.0180,7.0180,7.0180,7.0180,7.0180,7.0180,7.0180,7.0180,7.0180,7.0180,7.0180,7.0180,7.0180,7.0180,7.0180,7.0180,7.0180,7.0180,7.0180,7.0180,7.0180,7.0180,7.0180,7.0180,7.0180,7.0180,7.0180,7.0180,7.0180,7.0180,7.0180,7.0180,7.0180,7.0180,7.0180,7.0180,7.0180,7.0180,7.0180,7.0180,7.0180,7.0180,7.0180,7.0180,7.0180,7.0180,7.0180,7.0180,7.0180,7.0180,7.0180,7.0180,7.0180,7.0180,7.0180,7.0180,7.0180,7.0180,7.0180,7.0180,7.0180,7.0180,7.0180,7.0180,7.0180,7.0180,7.0180,7.0180,7.0180,7.0180,7.0180,7.0180,7.0180,7.0180,7.0180,7.0180,7.0180,7.0180,7.0180,7.0180,7.0180,7.0180,7.0180,7.0180,7.0180,7.0180,7.0180,7.0180,7.0180,7.0180,7.0180,7.0180,7.0180,7.0180,7.0180,7.0180,7.0180,7.0180,7.0180,7.0180,7.0180,7.0180,7.0180,7.0180,7.0180,7.0180,7.0180,7.0180,7.0180,7.0180,7.0180,7.0180,7.0180,7.0180,7.0180,7.0180,7.0180,7.0180,7.0180,7.0180,7.0180,7.0180,7.0180,7.0180,7.0180,7.0180,7.0180,7.0180,7.0180,7.0180,7.0180,7.0180,7.0180,7.0180,7.0180,7.0180,7.0180,7.0180,7.0180,7.0180,7.0180,7.0180,7.0180,7.0180,7.0180,7.0180,7.0180,7.0180,7.0180,7.0180,7.0180,7.0180,7.0180,7.0180,7.0180,7.0180,7.0180,7.0180,7.0180,7.0180,7.0180,7.0180,7.0180,7.0180,7.0180,7.0180,7.0180,7.0180,7.0180,7.0180,7.0180,7.0180,7.0180,7.0180,7.0180,7.0180,7.0180,7.0180,7.0180,7.0180,7.0180,7.0180,7.0180,7.0180,7.0180,7.0180,7.0180,7.0180,7.0180,7.0180,7.0180,7.0180,7.0180,7.0180,7.0180,7.0180,7.0180,7.0180,7.0180
7.0130,7.0130,7.0130,7.0130,7.0130,7.0130,7.0130,7.0130,7.0130,7.0130,7.0130,7.0130,7.0130,7.0130,7.0130,7.0130,7.0130,7.0130,7.0130,7.0130,7.0130,7.0130,7.0130,7.0130,7.0130,7.0130,7.0130,7.0130,7.0130,7.0130,7.0130,7.0130,7.0130,7.0130,7.0130,7.0130,7.0130,7.0130,7.0130,7.0130,7.0130,7.0130,7.0130,7.0130,7.0130,7.0130,7.0130,7.0130,7.0130,7.0130,7.0130,7.0130,7.0130,7.0130,7.0130,7.0130,7.0130,7.0130,7.0130,7.0130,7.0130,7.0130,7.0130,7.0130,7.0130,7.0130,7.0130,7.0130,7.0130,7.0130,7.0130,7.0130,7.0130,7.0130,7.0130,7.0130,7.0130,7.0130,7.0130,7.0130,7.0130,7.0130,7.0130,7.0130,7.0130,7.0130,7.0130,7.0130,7.0130,7.0130,7.0130,7.0130,7.0130,7.0130,7.0130,7.0130,7.0130,7.0130,7.0130,7.0130,7.0130,7.0130,7.0130,7.0130,7.0130,7.0130,7.0130,7.0130,7.0130,7.0130,7.0130,7.0130,7.0130,7.0130,7.0130,7.0130,7.0130,7.0130,7.0130,7.0130,7.0130,7.0130,7.0130,7.0130,7.0130,7.0130,7.0130,7.0130,7.0130,7.0130,7.0130,7.0130,7.0130,7.0130,7.0130,7.0130,7.0130,7.0130,7.0130,7.0130,7.0130,7.0130,7.0130,7.0130,7.0130,7.0130,7.0130,7.0130,7.0130,7.0130,7.0130,7.0130,7.0130,7.0130,7.0130,7.0130,7.0130,7.0130,7.0130,7.0130,7.0130,7.0130,7.0130,7.0130,7.0130,7.0130,7.0130,7.0130,7.0130,7.0130,7.0130,7.0130,7.0130,7.0130,7.0130,7.0130,7.0130,7.0130,7.0130,7.0130,7.0130,7.0130,7.0130,7.0130,7.0130,7.0130,7.0130,7.0130,7.0130,7.0130,7.0130,7.0130,7.0130,7.0130,7.0130,7.0130,7.0130,7.0130,7.0130,7.0130,7.0130,7.0130,7.0130,7.0130,7.0130,7.0130,7.0130,7.0130,7.0130,7.0130,7.0130,7.0130,7.0130,7.0130,7.0130,7.0130,7.0130,7.0130,7.0130,7.0130,7.0130,7.0130,7.0130,7.0130,7.0130,7.0130,7.0130,7.0130,7.0130,7.0130,7.0130,7.0130,7.0130,7.0130,7.0130,7.0130,7.0130,7.0130,7.0130,7.0130,7.0130,7.0130,7.0130,7.0130,7.0130,7.0130,7.0130,7.0130,7.0130,7.0130,7.0130,7.0130,7.0130,7.0130,7.0130,7.0130,7.0130,7.0130,7.0130,7.0130,7.0130,7.0130,7.0130,7.0130,7.0130,7.0130,7.0130,7.0130,7.0130,7.0130,7.0130,7.0130,7.0130,7.0130,7.0130,7.0130,7.0130,7.0130,7.0130,7.0130,7.0130,7.0130,7.0130,7.0130,7.0130,7.0130,7.0130,7.0130,7.0130,7.0130,7.0130,7.0130,7.0130,7.0130,7.0130,7.0130,7.0130,7.0130,7.0130,7.0130,7.0130,7.0130,7.0130,7.0130,7.0130,7.0130,7.0130,7.0130,7.0130,7.0130,7.0130,7.0130,7.0130,7.0130,7.0130,7.0130,7.0130,7.0130,7.0130,7.0130,7.0130,7.0130,7.0130,7.0130,7.0130,7.0130,7.0130,7.0130,7.0130,7.0130,7.0130,7.0130,7.0130,7.0130,7.0130,7.0130,7.0130,7.0130,7.0130,7.0130,7.0130,7.0130,7.0130,7.0130,7.0130,7.0130,7.0130,7.0130,7.0130,7.0130,7.0130,7.0130,7.0130,7.0130,7.0130,7.0130,7.0130,7.0130,7.0130,7.0130,7.0130,7.0130,7.0130,7.0130,7.0130,7.0130,7.0130,7.0130,7.0130,7.0130,7.0130,7.0130,7.0130,7.0130,7.0130,7.0130,7.0130,7.0130,7.0130,7.0130,7.0130,7.0130,7.0130,7.0130,7.0130,7.0130,7.0130,7.0130,7.0130,7.0130,7.0130,7.0130,7.0130,7.0130,7.0130,7.0130,7.0130,7.0130,7.0130,7.0130,7.0130,7.0130,7.0130,7.0130,7.0130,7.0130,7.0130,7.0130,7.0130,7.0130,7.0130,7.0130,7.0130,7.0130,7.0130,7.0130,7.0130,7.0130,7.0130,7.0130,7.0130,7.0130,7.0130,7.0130,7.0130,7.0130,7.0130,7.0130,7.0130,6.1679,6.1503,6.1330,6.1160,6.1005,6.0896,6.0788,6.0681,6.0574,6.0467,6.0360,6.0254,6.0194,6.0148,6.0101,6.0056,6.0009,5.9961,5.9914,5.9867,5.9820,5.9774,5.9727,5.9682,5.9634,5.9587,5.9541,5.9494,5.9448,5.9420,5.9399,5.9376,5.9357,5.9336,5.9318,5.9297,5.9278,5.9257,5.9238,5.9217,5.9201,5.9192,5.9182,5.9173,5.9165,5.9157,5.9148,5.9140,5.9130,5.9121,5.9113,5.9105,5.9098,5.9092,5.9088,5.9082,5.9076,5.9069,5.9063,5.9059,5.9069,5.9082,5.9092,5.9103,5.9113,5.9123,5.9134,5.9144,5.9155,5.9165,5.9175,5.9184,5.9194,5.9205,5.9215,5.9236,5.9259,5.9282,5.9305,5.9326,5.9349,5.9372,5.9395,5.9416,5.9439,5.9463,5.9486,5.9507,5.9530,5.9553,5.9576,5.9600,5.9640,5.9684,5.9731,5.9776,5.9823,5.9867,5.9914,5.9959,6.0004,6.0052,6.0105,6.0209,6.0312,6.0412,6.0510,6.0608,6.0707,6.0808,6.0916,6.1027,6.1136,6.1247,6.1357,6.1507,7.0130,7.0130,7.0130,7.0130,7.0130,7.0130,7.0130,7.0130,7.0130,7.0130,7.0130,7.0130,7.0130,7.0130,7.0130,7.0130,7.0130,7.0130,7.0130,7.0130,7.0130,7.0130,7.0130,7.0130,7.0130,7.0130,7.0130,7.0130,7.0130,7.0130,7.0130,7.0130,7.0130,7.0130,7.0130,7.0130,7.0130,7.0130,7.0130,7.0130,7.0130,7.0130,7.0130,7.0130,7.0130,7.0130,7.0130,7.0130,7.0130,7.0130,7.0130,7.0130,7.0130,7.0130,7.0130,7.0130,7.0130,7.0130,7.0130,7.0130,7.0130,7.0130,7.0130,7.0130,7.0130,7.0130,7.0130,7.0130,7.0130,7.0130,7.0130,7.0130,7.0130,7.0130,7.0130,7.0130,7.0130,7.0130,7.0130,7.0130,7.0130,7.0130,7.0130,7.0130,7.0130,7.0130,7.0130,7.0130,7.0130,7.0130,7.0130,7.0130,7.0130,7.0130,7.0130,7.0130,7.0130,7.0130,7.0130,7.0130,7.0130,7.0130,7.0130,7.0130,7.0130,7.0130,7.0130,7.0130,7.0130,7.0130,7.0130,7.0130,7.0130,7.0130,7.0130,7.0130,7.0130,7.0130,7.0130,7.0130,7.0130,7.0130,7.0130,7.0130,7.0130,7.0130,7.0130,7.0130,7.0130,7.0130,7.0130,7.0130,7.0130,7.0130,7.0130,7.0130,7.0130,7.0130,7.0130,7.0130,7.0130,7.0130,7.0130,7.0130,7.0130,7.0130,7.0130,7.0130,7.0130,7.0130,7.0130,7.0130,7.0130,7.0130,7.0130,7.0130,7.0130,7.0130,7.0130,7.0130,7.0130,7.0130,7.0130,7.0130,7.0130,7.0130,7.0130,7.0130,7.0130,7.0130,7.0130,7.0130,7.0130,7.0130,7.0130,7.0130,7.0130,7.0130,7.0130,7.0130,7.0130,7.0130,7.0130,7.0130,7.0130,7.0130,7.0130,7.0130,7.0130,7.0130,7.0130,7.0130,7.0130,7.0130,7.0130,7.0130,7.0130,7.0130,7.0130,7.0130,7.0130,7.0130,7.0130,7.0130,7.0130,7.0130,7.0130,7.0130,7.0130,7.0130,7.0130,7.0130,7.0130,7.0130,7.0130,7.0130,7.0130,7.0130,7.0130,7.0130,7.0130,7.0130,7.0130,7.0130,7.0130,7.0130,7.0130,7.0130,7.0130,7.0130,7.0130,7.0130,7.0130,7.0130,7.0130,7.0130,7.0130,7.0130,7.0130,7.0130,7.0130,7.0130,7.0130,7.0130,7.0130,7.0130,7.0130,7.0130,7.0130,7.0130,7.0130,7.0130,7.0130,7.0130,7.0130,7.0130,7.0130,7.0130,7.0130,7.0130,7.0130,7.0130,7.0130,7.0130,7.0130,7.0130,7.0130,7.0130,7.0130,7.0130,7.0130,7.0130,7.0130,7.0130,7.0130,7.0130,7.0130,7.0130,7.0130,7.0130,7.0130,7.0130,7.0130,7.0130,7.0130,7.0130,7.0130,7.0130,7.0130,7.0130,7.0130,7.0130,7.0130,7.0130,7.0130,7.0130,7.0130,7.0130,7.0130,7.0130,7.0130,7.0130,7.0130,7.0130,7.0130,7.0130,7.0130,7.0130,7.0130,7.0130,7.0130,7.0130,7.0130,7.0130,7.0130,7.0130,7.0130,7.0130,7.0130,7.0130,7.0130,7.0130,7.0130,7.0130,7.0130,7.0130,7.0130,7.0130,7.0130,7.0130,7.0130,7.0130,7.0130,7.0130,7.0130,7.0130,7.0130,7.0130,7.0130,7.0130,7.0130,7.0130,7.0130,7.0130,7.0130,7.0130,7.0130,7.0130,7.0130,7.0130,7.0130,7.0130,7.0130,7.0130,7.0130,7.0130,7.0130,7.0130,7.0130,7.0130,7.0130,7.0130,7.0130,7.0130,7.0130,7.0130,7.0130,7.0130,7.0130,7.0130,7.0130,7.0130,7.0130,7.0130,7.0130,7.0130,7.0130,7.0130,7.0130,7.0130,7.0130,7.0130,7.0130,7.0130,7.0130,7.0130,7.0130,7.0130,7.0130,7.0130,7.0130,7.0130,7.0130,7.0130,7.0130,7.0130,7.0130,7.0130,7.0130,7.0130,7.0130,7.0130,7.0130,7.0130,7.0130,7.0130,7.0130,7.0130,7.0130,7.0130,7.0130,7.0130,7.0130,7.0130,7.0130
7.0074,7.0074,7.0074,7.0074,7.0074,7.0074,7.0074,7.0074,7.0074,7.0074,7.0074,7.0074,7.0074,7.0074,7.0074,7.0074,7.0074,7.0074,7.0074,7.0074,7.0074,7.0074,7.0074,7.0074,7.0074,7.0074,7.0074,7.0074,7.0074,7.0074,7.0074,7.0074,7.0074,7.0074,7.0074,7.0074,7.0074,7.0074,7.0074,7.0074,7.0074,7.0074,7.0074,7.0074,7.0074,7.0074,7.0074,7.0074,7.0074,7.0074,7.0074,7.0074,7.0074,7.0074,7.0074,7.0074,7.0074,7.0074,7.0074,7.0074,7.0074,7.0074,7.0074,7.0074,7.0074,7.0074,7.0074,7.0074,7.0074,7.0074,7.0074,7.0074,7.0074,7.0074,7.0074,7.0074,7.0074,7.0074,7.0074,7.0074,7.0074,7.0074,7.0074,7.0074,7.0074,7.0074,7.0074,7.0074,7.0074,7.0074,7.0074,7.0074,7.0074,7.0074,7.0074,7.0074,7.0074,7.0074,7.0074,7.0074,7.0074,7.0074,7.0074,7.0074,7.0074,7.0074,7.0074,7.0074,7.0074,7.0074,7.0074,7.0074,7.0074,7.0074,7.0074,7.0074,7.0074,7.0074,7.0074,7.0074,7.0074,7.0074,7.0074,7.0074,7.0074,7.0074,7.0074,7.0074,7.0074,7.0074,7.0074,7.0074,7.0074,7.0074,7.0074,7.0074,7.0074,7.0074,7.0074,7.0074,7.0074,7.0074,7.0074,7.0074,7.0074,7.0074,7.0074,7.0074,7.0074,7.0074,7.0074,7.0074,7.0074,7.0074,7.0074,7.0074,7.0074,7.0074,7.0074,7.0074,7.0074,7.0074,7.0074,7.0074,7.0074,7.0074,7.0074,7.0074,7.0074,7.0074,7.0074,7.0074,7.0074,7.0074,7.0074,7.0074,7.0074,7.0074,7.0074,7.0074,7.0074,7.0074,7.0074,7.0074,7.0074,7.0074,7.0074,7.0074,7.0074,7.0074,7.0074,7.0074,7.0074,7.0074,7.0074,7.0074,7.0074,7.0074,7.0074,7.0074,7.0074,7.0074,7.0074,7.0074,7.0074,7.0074,7.0074,7.0074,7.0074,7.0074,7.0074,7.0074,7.0074,7.0074,7.0074,7.0074,7.0074,7.0074,7.0074,7.0074,7.0074,7.0074,7.0074,7.0074,7.0074,7.0074,7.0074,7.0074,7.0074,7.0074,7.0074,7.0074,7.0074,7.0074,7.0074,7.0074,7.0074,7.0074,7.0074,7.0074,7.0074,7.0074,7.0074,7.0074,7.0074,7.0074,7.0074,7.0074,7.0074,7.0074,7.0074,7.0074,7.0074,7.0074,7.0074,7.0074,7.0074,7.0074,7.0074,7.0074,7.0074,7.0074,7.0074,7.0074,7.0074,7.0074,7.0074,7.0074,7.0074,7.0074,7.0074,7.0074,7.0074,7.0074,7.0074,7.0074,7.0074,7.0074,7.0074,7.0074,7.0074,7.0074,7.0074,7.0074,7.0074,7.0074,7.0074,7.0074,7.0074,7.0074,7.0074,7.0074,7.0074,7.0074,7.0074,7.0074,7.0074,7.0074,7.0074,7.0074,7.0074,7.0074,7.0074,7.0074,7.0074,7.0074,7.0074,7.0074,7.0074,7.0074,7.0074,7.0074,7.0074,7.0074,7.0074,7.0074,7.0074,7.0074,7.0074,7.0074,7.0074,7.0074,7.0074,7.0074,7.0074,7.0074,7.0074,7.0074,7.0074,7.0074,7.0074,7.0074,7.0074,7.0074,7.0074,7.0074,7.0074,7.0074,7.0074,7.0074,7.0074,7.0074,7.0074,7.0074,7.0074,7.0074,7.0074,7.0074,7.0074,7.0074,7.0074,7.0074,7.0074,7.0074,7.0074,7.0074,7.0074,7.0074,7.0074,7.0074,7.0074,7.0074,7.0074,7.0074,7.0074,7.0074,7.0074,7.0074,7.0074,7.0074,7.0074,7.0074,7.0074,7.0074,7.0074,7.0074,7.0074,7.0074,7.0074,7.0074,7.0074,7.0074,7.0074,7.0074,7.0074,7.0074,7.0074,7.0074,7.0074,7.0074,7.0074,7.0074,7.0074,7.0074,7.0074,7.0074,7.0074,7.0074,7.0074,7.0074,7.0074,7.0074,7.0074,7.0074,7.0074,7.0074,7.0074,7.0074,7.0074,7.0074,7.0074,7.0074,7.0074,7.0074,7.0074,7.0074,7.0074,7.0074,7.0074,7.0074,7.0074,7.0074,7.0074,7.0074,7.0074,7.0074,7.0074,7.0074,7.0074,7.0074,6.1686,6.1510,6.1335,6.1165,6.1049,6.0941,6.0832,6.0725,6.0617,6.0510,6.0404,6.0297,6.0226,6.0178,6.0131,6.0086,6.0041,5.9991,5.9944,5.9899,5.9852,5.9806,5.9759,5.9712,5.9665,5.9619,5.9572,5.9526,5.9496,5.9475,5.9452,5.9433,5.9412,5.9393,5.9372,5.9353,5.9332,5.9313,5.9292,5.9274,5.9253,5.9236,5.9226,5.9217,5.9209,5.9201,5.9192,5.9182,5.9173,5.9165,5.9157,5.9148,5.9142,5.9136,5.9132,5.9125,5.9119,5.9113,5.9107,5.9117,5.9130,5.9140,5.9150,5.9161,5.9171,5.9182,5.9192,5.9203,5.9215,5.9226,5.9236,5.9246,5.9261,5.9282,5.9305,5.9328,5.9351,5.9372,5.9395,5.9418,5.9441,5.9463,5.9486,5.9509,5.9532,5.9553,5.9576,5.9600,5.9623,5.9646,5.9670,5.9706,5.9752,5.9797,5.9844,5.9889,5.9936,5.9981,6.0026,6.0075,6.0122,6.0226,6.0330,6.0434,6.0532,6.0633,6.0731,6.0830,6.0941,6.1049,6.1160,6.1270,6.1449,6.1663,7.0074,7.0074,7.0074,7.0074,7.0074,7.0074,7.0074,7.0074,7.0074,7.0074,7.0074,7.0074,7.0074,7.0074,7.0074,7.0074,7.0074,7.0074,7.0074,7.0074,7.0074,7.0074,7.0074,7.0074,7.0074,7.0074,7.0074,7.0074,7.0074,7.0074,7.0074,7.0074,7.0074,7.0074,7.0074,7.0074,7.0074,7.0074,7.0074,7.0074,7.0074,7.0074,7.0074,7.0074,7.0074,7.0074,7.0074,7.0074,7.0074,7.0074,7.0074,7.0074,7.0074,7.0074,7.0074,7.0074,7.0074,7.0074,7.0074,7.0074,7.0074,7.0074,7.0074,7.0074,7.0074,7.0074,7.0074,7.0074,7.0074,7.0074,7.0074,7.0074,7.0074,7.0074,7.0074,7.0074,7.0074,7.0074,7.0074,7.0074,7.0074,7.0074,7.0074,7.0074,7.0074,7.0074,7.0074,7.0074,7.0074,7.0074,7.0074,7.0074,7.0074,7.0074,7.0074,7.0074,7.0074,7.0074,7.0074,7.0074,7.0074,7.0074,7.0074,7.0074,7.0074,7.0074,7.0074,7.0074,7.0074,7.0074,7.0074,7.0074,7.0074,7.0074,7.0074,7.0074,7.0074,7.0074,7.0074,7.0074,7.0074,7.0074,7.0074,7.0074,7.0074,7.0074,7.0074,7.0074,7.0074,7.0074,7.0074,7.0074,7.0074,7.0074,7.0074,7.0074,7.0074,7.0074,7.0074,7.0074,7.0074,7.0074,7.0074,7.0074,7.0074,7.0074,7.0074,7.0074,7.0074,7.0074,7.0074,7.0074,7.0074,7.0074,7.0074,7.0074,7.0074,7.0074,7.0074,7.0074,7.0074,7.0074,7.0074,7.0074,7.0074,7.0074,7.0074,7.0074,7.0074,7.0074,7.0074,7.0074,7.0074,7.0074,7.0074,7.0074,7.0074,7.0074,7.0074,7.0074,7.0074,7.0074,7.0074,7.0074,7.0074,7.0074,7.0074,7.0074,7.0074,7.0074,7.0074,7.0074,7.0074,7.0074,7.0074,7.0074,7.0074,7.0074,7.0074,7.0074,7.0074,7.0074,7.0074,7.0074,7.0074,7.0074,7.0074,7.0074,7.0074,7.0074,7.0074,7.0074,7.0074,7.0074,7.0074,7.0074,7.0074,7.0074,7.0074,7.0074,7.0074,7.0074,7.0074,7.0074,7.0074,7.0074,7.0074,7.0074,7.0074,7.0074,7.0074,7.0074,7.0074,7.0074,7.0074,7.0074,7.0074,7.0074,7.0074,7.0074,7.0074,7.0074,7.0074,7.0074,7.0074,7.0074,7.0074,7.0074,7.0074,7.0074,7.0074,7.0074,7.0074,7.0074,7.0074,7.0074,7.0074,7.0074,7.0074,7.0074,7.0074,7.0074,7.0074,7.0071,7.0071,7.0071,7.0071,7.0071,7.0071,7.0071,7.0071,7.0071,7.0071,7.0071,7.0071,7.0071,7.0071,7.0071,7.0071,7.0071,7.0071,7.0071,7.0071,7.0071,7.0071,7.0071,7.0071,7.0071,7.0071,7.0071,7.0071,7.0071,7.0071,7.0071,7.0071,7.0071,7.0071,7.0071,7.0071,7.0071,7.0071,7.0071,7.0071,7.0071,7.0071,7.0071,7.0071,7.0071,7.0071,7.0071,7.0071,7.0071,7.0071,7.0071,7.0071,7.0071,7.0071,7.0071,7.0071,7.0071,7.0071,7.0071,7.0071,7.0071,7.0071,7.0071,7.0071,7.0071,7.0071,7.0071,7.0071,7.0071,7.0071,7.0071,7.0071,7.0071,7.0071,7.0071,7.0071,7.0071,7.0071,7.0071,7.0071,7.0071,7.0071,7.0071,7.0071,7.0071,7.0071,7.0071,7.0071,7.0071,7.0071,7.0071,7.0071,7.0071,7.0071,7.0071,7.0071,7.0071,7.0071,7.0071,7.0071,7.0071,7.0071,7.0071,7.0071,7.0071,7.0071,7.0071,7.0071,7.0071,7.0071,7.0071,7.0071,7.0071,7.0071,7.0071,7.0071,7.0071,7.0071,7.0071,7.0071,7.0071,7.0071,7.0071,7.0071,7.0071,7.0071,7.0071,7.0071,7.0071,7.0071,7.0071,7.0071,7.0071,7.0071,7.0071,7.0071,7.0071,7.0071,7.0071,7.0071,7.0071,7.0071,7.0071,7.0071,7.0071,7.0071,7.0071,7.0071,7.0071,7.0071,7.0071,7.0071,7.0071
7.0016,7.0016,7.0016,7.0016,7.0016,7.0016,7.0016,7.0016,7.0016,7.0016,7.0016,7.0016,7.0016,7.0016,7.0016,7.0016,7.0016,7.0016,7.0016,7.0016,7.0016,7.0016,7.0016,7.0016,7.0016,7.0016,7.0016,7.0016,7.0016,7.0016,7.0016,7.0016,7.0016,7.0016,7.0016,7.0016,7.0016,7.0016,7.0016,7.0016,7.0016,7.0016,7.0016,7.0016,7.0016,7.0016,7.0016,7.0016,7.0016,7.0016,7.0016,7.0016,7.0016,7.0016,7.0016,7.0016,7.0016,7.0016,7.0016,7.0016,7.0016,7.0016,7.0016,7.0016,7.0016,7.0016,7.0016,7.0016,7.0016,7.0016,7.0016,7.0016,7.0016,7.0016,7.0016,7.0016,7.0016,7.0016,7.0016,7.0016,7.0016,7.0016,7.0016,7.0016,7.0016,7.0016,7.0016,7.0016,7.0016,7.0016,7.0016,7.0016,7.0016,7.0016,7.0016,7.0016,7.0016,7.0016,7.0016,7.0016,7.0016,7.0016,7.0016,7.0016,7.0016,7.0016,7.0016,7.0016,7.0016,7.0016,7.0016,7.0016,7.0016,7.0016,7.0016,7.0016,7.0016,7.0016,7.0016,7.0016,7.0016,7.0016,7.0016,7.0016,7.0016,7.0016,7.0016,7.0016,7.0016,7.0016,7.0016,7.0016,7.0016,7.0016,7.0016,7.0016,7.0016,7.0016,7.0016,7.0016,7.0016,7.0016,7.0016,7.0016,7.0016,7.0016,7.0016,7.0016,7.0016,7.0016,7.0016,7.0016,7.0016,7.0016,7.0016,7.0016,7.0016,7.0016,7.0016,7.0016,7.0016,7.0016,7.0016,7.0016,7.0016,7.0016,7.0016,7.0016,7.0016,7.0016,7.0016,7.0016,7.0016,7.0016,7.0016,7.0016,7.0016,7.0016,7.0016,7.0016,7.0016,7.0016,7.0016,7.0016,7.0016,7.0016,7.0016,7.0016,7.0016,7.0016,7.0016,7.0016,7.0016,7.0016,7.0016,7.0016,7.0016,7.0016,7.0016,7.0016,7.0016,7.0016,7.0016,7.0016,7.0016,7.0016,7.0016,7.0016,7.0016,7.0016,7.0016,7.0016,7.0016,7.0016,7.0016,7.0016,7.0016,7.0016,7.0016,7.0016,7.0016,7.0016,7.0016,7.0016,7.0016,7.0016,7.0016,7.0016,7.0016,7.0016,7.0016,7.0016,7.0016,7.0016,7.0016,7.0016,7.0016,7.0016,7.0016,7.0016,7.0016,7.0016,7.0016,7.0016,7.0016,7.0016,7.0016,7.0016,7.0016,7.0016,7.0016,7.0016,7.0016,7.0016,7.0016,7.0016,7.0016,7.0016,7.0016,7.0016,7.0016,7.0016,7.0016,7.0016,7.0016,7.0016,7.0016,7.0016,7.0016,7.0016,7.0016,7.0016,7.0016,7.0016,7.0016,7.0016,7.0016,7.0016,7.0016,7.0016,7.0016,7.0016,7.0016,7.0016,7.0016,7.0016,7.0016,7.0016,7.0016,7.0016,7.0016,7.0016,7.0016,7.0016,7.0016,7.0016,7.0016,7.0016,7.0016,7.0016,7.0016,7.0016,7.0016,7.0016,7.0016,7.0016,7.0016,7.0016,7.0016,7.0016,7.0016,7.0016,7.0016,7.0016,7.0016,7.0016,7.0016,7.0016,7.0016,7.0016,7.0016,7.0016,7.0016,7.0016,7.0016,7.0016,7.0016,7.0016,7.0016,7.0016,7.0016,7.0016,7.0016,7.0016,7.0016,7.0016,7.0016,7.0016,7.0016,7.0016,7.0016,7.0016,7.0016,7.0016,7.0016,7.0016,7.0016,7.0016,7.0016,7.0016,7.0016,7.0016,7.0016,7.0016,7.0016,7.0016,7.0016,7.0016,7.0016,7.0016,7.0016,7.0016,7.0016,7.0016,7.0016,7.0016,7.0016,7.0016,7.0016,7.0016,7.0016,7.0016,7.0016,7.0016,7.0016,7.0016,7.0016,7.0016,7.0016,7.0016,7.0016,7.0016,7.0016,7.0016,7.0016,7.0016,7.0016,7.0016,7.0016,7.0016,7.0016,7.0016,7.0016,7.0016,7.0016,7.0016,7.0016,7.0016,7.0016,7.0016,7.0016,7.0016,7.0016,7.0016,7.0016,7.0016,7.0016,7.0016,7.0016,7.0016,7.0016,7.0016,7.0016,7.0016,7.0016,7.0016,7.0016,7.0016,7.0016,7.0016,7.0016,7.0016,7.0016,7.0016,7.0016,7.0016,7.0016,7.0016,7.0016,7.0016,6.1865,6.1688,6.1514,6.1339,6.1205,6.1094,6.0985,6.0877,6.0769,6.0661,6.0554,6.0447,6.0341,6.0256,6.0211,6.0163,6.0116,6.0069,6.0024,5.9976,5.9929,5.9882,5.9838,5.9791,5.9744,5.9697,5.9651,5.9604,5.9572,5.9551,5.9528,5.9507,5.9488,5.9467,5.9448,5.9427,5.9408,5.9387,5.9368,5.9347,5.9328,5.9307,5.9288,5.9269,5.9261,5.9253,5.9244,5.9236,5.9226,5.9217,5.9209,5.9201,5.9192,5.9186,5.9180,5.9175,5.9169,5.9163,5.9157,5.9165,5.9178,5.9188,5.9198,5.9209,5.9219,5.9230,5.9240,5.9251,5.9263,5.9274,5.9284,5.9305,5.9328,5.9351,5.9374,5.9395,5.9418,5.9441,5.9465,5.9486,5.9509,5.9532,5.9555,5.9576,5.9600,5.9623,5.9646,5.9670,5.9693,5.9718,5.9742,5.9774,5.9818,5.9865,5.9910,5.9957,6.0004,6.0047,6.0094,6.0140,6.0243,6.0347,6.0449,6.0554,6.0654,6.0753,6.0854,6.0963,6.1074,6.1183,6.1391,6.1607,7.0016,7.0016,7.0016,7.0016,7.0022,7.0022,7.0022,7.0022,7.0022,7.0022,7.0022,7.0022,7.0022,7.0022,7.0022,7.0022,7.0022,7.0022,7.0022,7.0022,7.0022,7.0022,7.0022,7.0022,7.0022,7.0022,7.0022,7.0022,7.0022,7.0022,7.0022,7.0022,7.0022,7.0022,7.0022,7.0022,7.0022,7.0022,7.0022,7.0022,7.0022,7.0022,7.0022,7.0022,7.0022,7.0022,7.0022,7.0022,7.0022,7.0022,7.0022,7.0022,7.0022,7.0022,7.0022,7.0022,7.0022,7.0022,7.0022,7.0022,7.0022,7.0022,7.0022,7.0022,7.0022,7.0022,7.0022,7.0022,7.0022,7.0022,7.0022,7.0022,7.0022,7.0022,7.0022,7.0022,7.0022,7.0022,7.0022,7.0022,7.0022,7.0022,7.0022,7.0022,7.0022,7.0022,7.0022,7.0022,7.0022,7.0022,7.0022,7.0022,7.0022,7.0022,7.0022,7.0022,7.0022,7.0022,7.0022,7.0022,7.0022,7.0022,7.0022,7.0022,7.0022,7.0022,7.0022,7.0022,7.0022,7.0022,7.0022,7.0022,7.0022,7.0022,7.0022,7.0022,7.0022,7.0022,7.0022,7.0022,7.0022,7.0022,7.0022,7.0022,7.0022,7.0022,7.0022,7.0022,7.0022,7.0022,7.0022,7.0022,7.0022,7.0022,7.0022,7.0022,7.0022,7.0022,7.0022,7.0022,7.0022,7.0022,7.0022,7.0022,7.0022,7.0022,7.0022,7.0022,7.0022,7.0022,7.0022,7.0022,7.0022,7.0022,7.0022,7.0022,7.0022,7.0022,7.0022,7.0022,7.0022,7.0022,7.0022,7.0022,7.0022,7.0022,7.0022,7.0022,7.0022,7.0022,7.0022,7.0022,7.0022,7.0022,7.0022,7.0022,7.0022,7.0022,7.0022,7.0022,7.0022,7.0022,7.0022,7.0022,7.0022,7.0022,7.0022,7.0022,7.0022,7.0022,7.0022,7.0022,7.0022,7.0022,7.0022,7.0022,7.0022,7.0022,7.0022,7.0022,7.0022,7.0022,7.0022,7.0022,7.0022,7.0022,7.0022,7.0022,7.0022,7.0022,7.0022,7.0022,7.0022,7.0022,7.0022,7.0022,7.0022,7.0022,7.0022,7.0022,7.0022,7.0022,7.0022,7.0022,7.0022,7.0022,7.0022,7.0022,7.0022,7.0022,7.0022,7.0022,7.0022,7.0022,7.0022,7.0022,7.0022,7.0022,7.0022,7.0022,7.0022,7.0022,7.0022,7.0022,7.0022,7.0022,7.0022,7.0022,7.0022,7.0022,7.0022,7.0022,7.0022,7.0022,7.0022,7.0022,7.0022,7.0022,7.0022,7.0022,7.0022,7.0022,7.0022,7.0022,7.0022,7.0022,7.0022,7.0022,7.0022,7.0022,7.0022,7.0022,7.0022,7.0022,7.0022,7.0022,7.0022,7.0022,7.0022,7.0022,7.0022,7.0022,7.0022,7.0022,7.0022,7.0022,7.0022,7.0022,7.0022,7.0022,7.0022,7.0022,7.0022,7.0022,7.0022,7.0022,7.0022,7.0022,7.0022,7.0022,7.0022,7.0022,7.0022,7.0022,7.0022,7.0022,7.0022,7.0022,7.0022,7.0022,7.0022,7.0022,7.0022,7.0022,7.0022,7.0022,7.0022,7.0022,7.0022,7.0022,7.0022,7.0022,7.0022,7.0022,7.0022,7.0022,7.0022,7.0022,7.0022,7.0022,7.0022,7.0022,7.0022,7.0022,7.0022,7.0022,7.0022,7.0022,7.0022,7.0022,7.0022,7.0022,7.0022,7.0022,7.0022,7.0022,7.0022,7.0022,7.0022,7.0022,7.0022,7.0022,7.0022,7.0022,7.0022,7.0022,7.0022,7.0022,7.0022,7.0022,7.0022,7.0022,7.0022,7.0022,7.0022,7.0022,7.0022,7.0022,7.0022,7.0022,7.0022,7.0022,7.0022,7.0022,7.0022,7.0022,7.0022,7.0022,7.0022,7.0022,7.0022,7.0022,7.0022,7.0022,7.0022,7.0022,7.0022,7.0022,7.0022,7.0022,7.0022,7.0022,7.0022,7.0022,7.0022,7.0022,7.0022,7.0022,7.0022,7.0022,7.0022,7.0022,7.0022,7.0022,7.0022,7.0022,7.0022,7.0022,7.0022,7.0022,7.0022,7.0022,7.0022,7.0022,7.0022,7.0022,7.0022,7.0022
6.9966,6.9966,6.9966,6.9966,6.9966,6.9966,6.9966,6.9966,6.9966,6.9966,6.9966,6.9966,6.9966,6.9966,6.9966,6.9966,6.9966,6.9966,6.9966,6.9966,6.9966,6.9966,6.9966,6.9966,6.9966,6.9966,6.9966,6.9966,6.9966,6.9966,6.9966,6.9966,6.9966,6.9966,6.9966,6.9966,6.9966,6.9966,6.9966,6.9966,6.9966,6.9966,6.9966,6.9966,6.9966,6.9966,6.9966,6.9966,6.9966,6.9966,6.9966,6.9966,6.9966,6.9966,6.9966,6.9966,6.9966,6.9966,6.9966,6.9966,6.9966,6.9966,6.9966,6.9966,6.9966,6.9966,6.9966,6.9966,6.9966,6.9966,6.9966,6.9966,6.9966,6.9966,6.9966,6.9966,6.9966,6.9966,6.9966,6.9966,6.9966,6.9966,6.9966,6.9966,6.9966,6.9966,6.9966,6.9966,6.9966,6.9966,6.9966,6.9966,6.9966,6.9966,6.9966,6.9966,6.9966,6.9966,6.9966,6.9966,6.9966,6.9966,6.9966,6.9966,6.9966,6.9966,6.9966,6.9966,6.9966,6.9966,6.9966,6.9966,6.9966,6.9966,6.9966,6.9966,6.9966,6.9966,6.9966,6.9966,6.9966,6.9966,6.9966,6.9966,6.9966,6.9966,6.9966,6.9966,6.9966,6.9966,6.9966,6.9966,6.9966,6.9966,6.9966,6.9966,6.9966,6.9966,6.9966,6.9966,6.9966,6.9966,6.9966,6.9966,6.9966,6.9966,6.9966,6.9966,6.9966,6.9966,6.9966,6.9966,6.9966,6.9966,6.9966,6.9966,6.9966,6.9966,6.9966,6.9966,6.9966,6.9966,6.9966,6.9966,6.9966,6.9966,6.9966,6.9966,6.9966,6.9966,6.9966,6.9966,6.9966,6.9966,6.9966,6.9966,6.9966,6.9966,6.9966,6.9966,6.9966,6.9966,6.9966,6.9966,6.9966,6.9966,6.9966,6.9966,6.9966,6.9966,6.9966,6.9966,6.9966,6.9966,6.9966,6.9966,6.9966,6.9966,6.9966,6.9966,6.9966,6.9966,6.9966,6.9966,6.9966,6.9966,6.9966,6.9966,6.9966,6.9966,6.9966,6.9966,6.9966,6.9966,6.9966,6.9966,6.9966,6.9966,6.9966,6.9966,6.9966,6.9966,6.9966,6.9966,6.9966,6.9966,6.9966,6.9966,6.9966,6.9966,6.9966,6.9966,6.9966,6.9966,6.9966,6.9966,6.9966,6.9966,6.9966,6.9966,6.9966,6.9966,6.9966,6.9966,6.9966,6.9966,6.9966,6.9966,6.9966,6.9966,6.9966,6.9966,6.9966,6.9966,6.9966,6.9966,6.9966,6.9966,6.9966,6.9966,6.9966,6.9966,6.9966,6.9966,6.9966,6.9966,6.9966,6.9966,6.9966,6.9966,6.9966,6.9966,6.9966,6.9966,6.9966,6.9966,6.9966,6.9966,6.9966,6.9966,6.9966,6.9966,6.9966,6.9966,6.9966,6.9966,6.9966,6.9966,6.9966,6.9966,6.9966,6.9966,6.9966,6.9966,6.9966,6.9966,6.9966,6.9966,6.9966,6.9966,6.9966,6.9966,6.9966,6.9966,6.9966,6.9966,6.9966,6.9966,6.9966,6.9966,6.9966,6.9966,6.9966,6.9966,6.9966,6.9966,6.9966,6.9966,6.9966,6.9966,6.9966,6.9966,6.9966,6.9966,6.9966,6.9966,6.9966,6.9966,6.9966,6.9966,6.9966,6.9966,6.9966,6.9966,6.9966,6.9966,6.9966,6.9966,6.9966,6.9966,6.9966,6.9966,6.9966,6.9966,6.9966,6.9966,6.9966,6.9966,6.9966,6.9966,6.9966,6.9966,6.9966,6.9966,6.9966,6.9966,6.9966,6.9966,6.9966,6.9966,6.9966,6.9966,6.9966,6.9966,6.9966,6.9966,6.9966,6.9966,6.9966,6.9966,6.9966,6.9966,6.9966,6.9966,6.9966,6.9966,6.9966,6.9966,6.9966,6.9966,6.9966,6.9966,6.9966,6.9966,6.9966,6.9966,6.9966,6.9966,6.9966,6.9966,6.9966,6.9966,6.9966,6.9966,6.9966,6.9966,6.9966,6.9966,6.9966,6.9966,6.9966,6.9966,6.9966,6.9966,6.9966,6.9966,6.9966,6.9966,6.9966,6.9966,6.9966,6.9966,6.9966,6.9966,6.9966,6.9966,6.9966,6.9966,6.9966,6.9966,6.9966,6.9966,6.9966,6.9966,6.9966,6.9966,6.9966,6.9966,6.9966,6.9966,6.9966,6.1870,6.1695,6.1519,6.1370,6.1256,6.1140,6.1029,6.0921,6.0813,6.0705,6.0598,6.0491,6.0384,6.0289,6.0241,6.0194,6.0148,6.0101,6.0054,6.0006,5.9961,5.9914,5.9867,5.9820,5.9776,5.9729,5.9682,5.9648,5.9625,5.9604,5.9583,5.9562,5.9543,5.9522,5.9503,5.9481,5.9463,5.9441,5.9423,5.9402,5.9383,5.9362,5.9343,5.9322,5.9305,5.9297,5.9288,5.9278,5.9269,5.9261,5.9253,5.9244,5.9236,5.9230,5.9223,5.9219,5.9213,5.9207,5.9213,5.9226,5.9236,5.9246,5.9257,5.9267,5.9278,5.9288,5.9299,5.9311,5.9322,5.9347,5.9372,5.9397,5.9420,5.9441,5.9465,5.9488,5.9511,5.9532,5.9555,5.9579,5.9602,5.9623,5.9646,5.9670,5.9693,5.9716,5.9740,5.9765,5.9789,5.9814,5.9840,5.9887,5.9931,5.9979,6.0024,6.0069,6.0116,6.0161,6.0258,6.0362,6.0467,6.0571,6.0676,6.0775,6.0877,6.0987,6.1120,6.1335,6.1548,6.1763,6.9966,6.9966,6.9966,6.9966,6.9966,6.9966,6.9966,6.9966,6.9966,6.9966,6.9966,6.9966,6.9966,6.9966,6.9966,6.9966,6.9966,6.9966,6.9966,6.9966,6.9966,6.9966,6.9966,6.9966,6.9966,6.9966,6.9966,6.9966,6.9966,6.9966,6.9966,6.9966,6.9966,6.9966,6.9966,6.9966,6.9966,6.9966,6.9966,6.9966,6.9966,6.9966,6.9966,6.9966,6.9966,6.9966,6.9966,6.9966,6.9966,6.9966,6.9966,6.9966,6.9966,6.9966,6.9966,6.9966,6.9966,6.9966,6.9966,6.9966,6.9966,6.9966,6.9966,6.9966,6.9966,6.9966,6.9966,6.9966,6.9966,6.9966,6.9966,6.9966,6.9966,6.9966,6.9966,6.9966,6.9966,6.9966,6.9966,6.9966,6.9966,6.9966,6.9966,6.9966,6.9966,6.9966,6.9966,6.9966,6.9966,6.9966,6.9966,6.9966,6.9966,6.9966,6.9966,6.9966,6.9966,6.9966,6.9966,6.9966,6.9966,6.9966,6.9966,6.9966,6.9966,6.9966,6.9966,6.9966,6.9966,6.9966,6.9966,6.9966,6.9966,6.9966,6.9966,6.9966,6.9966,6.9966,6.9966,6.9966,6.9966,6.9966,6.9966,6.9966,6.9966,6.9966,6.9966,6.9966,6.9966,6.9966,6.9966,6.9966,6.9966,6.9966,6.9966,6.9966,6.9966,6.9966,6.9966,6.9966,6.9966,6.9966,6.9966,6.9966,6.9966,6.9966,6.9966,6.9966,6.9966,6.9966,6.9966,6.9966,6.9966,6.9966,6.9966,6.9966,6.9966,6.9966,6.9966,6.9966,6.9966,6.9966,6.9966,6.9966,6.9966,6.9966,6.9966,6.9966,6.9966,6.9966,6.9966,6.9966,6.9966,6.9966,6.9966,6.9966,6.9966,6.9966,6.9966,6.9966,6.9966,6.9966,6.9966,6.9966,6.9966,6.9966,6.9966,6.9966,6.9966,6.9966,6.9966,6.9966,6.9966,6.9966,6.9966,6.9966,6.9966,6.9966,6.9966,6.9966,6.9966,6.9966,6.9966,6.9966,6.9966,6.9966,6.9966,6.9966,6.9966,6.9966,6.9966,6.9966,6.9966,6.9966,6.9966,6.9966,6.9966,6.9966,6.9966,6.9966,6.9966,6.9966,6.9966,6.9966,6.9966,6.9966,6.9966,6.9966,6.9966,6.9966,6.9966,6.9966,6.9966,6.9966,6.9966,6.9966,6.9966,6.9966,6.9966,6.9966,6.9966,6.9966,6.9966,6.9966,6.9966,6.9966,6.9966,6.9966,6.9966,6.9966,6.9966,6.9966,6.9966,6.9966,6.9966,6.9966,6.9966,6.9966,6.9966,6.9966,6.9966,6.9966,6.9966,6.9966,6.9966,6.9966,6.9966,6.9966,6.9966,6.9966,6.9966,6.9966,6.9966,6.9966,6.9966,6.9966,6.9966,6.9966,6.9966,6.9966,6.9966,6.9966,6.9966,6.9966,6.9966,6.9966,6.9966,6.9966,6.9966,6.9966,6.9966,6.9966,6.9966,6.9966,6.9966,6.9966,6.9966,6.9966,6.9966,6.9966,6.9966,6.9966,6.9966,6.9966,6.9966,6.9966,6.9966,6.9966,6.9966,6.9966,6.9966,6.9966,6.9966,6.9966,6.9966,6.9966,6.9966,6.9966,6.9966,6.9966,6.9966,6.9966,6.9966,6.9966,6.9966,6.9966,6.9966,6.9966,6.9966,6.9966,6.9966,6.9966,6.9966,6.9966,6.9966,6.9966,6.9966,6.9966,6.9966,6.9966,6.9966,6.9966,6.9966,6.9966,6.9966,6.9966,6.9966,6.9966,6.9966,6.9966,6.9966,6.9966,6.9966,6.9966,6.9966,6.9966,6.9966,6.9966,6.9966,6.9966,6.9966,6.9966,6.9966,6.9966,6.9966,6.9966,6.9966,6.9966,6.9966,6.9966,6.9966,6.9966,6.9966,6.9966,6.9966,6.9966,6.9966,6.9966,6.9966,6.9966,6.9966,6.9966,6.9966,6.9966,6.9966,6.9966,6.9966,6.9966,6.9966,6.9966,6.9966,6.9966,6.9966,6.9966,6.9966,6.9966,6.9966,6.9966,6.9966,6.9966,6.9966,6.9966,6.9966,6.9966,6.9966,6.9966,6.9966,6.9966,6.9966,6.9966,6.9966,6.9966,6.9966,6.9966,6.9966,6.9966,6.9966,6.9966,6.9966
6.9911,6.9911,6.9911,6.9911,6.9911,6.9911,6.9911,6.9911,6.9911,6.9911,6.9911,6.9911,6.9911,6.9911,6.9911,6.9911,6.9911,6.9911,6.9911,6.9911,6.9911,6.9911,6.9911,6.9911,6.9911,6.9911,6.9911,6.9911,6.9911,6.9911,6.9911,6.9911,6.9911,6.9911,6.9911,6.9911,6.9911,6.9911,6.9911,6.9911,6.9911,6.9911,6.9911,6.9911,6.9911,6.9911,6.9911,6.9911,6.9911,6.9911,6.9911,6.9911,6.9911,6.9911,6.9911,6.9911,6.9911,6.9911,6.9911,6.9911,6.9911,6.9911,6.9911,6.9911,6.9911,6.9911,6.9911,6.9911,6.9911,6.9911,6.9911,6.9911,6.9911,6.9911,6.9911,6.9911,6.9911,6.9911,6.9911,6.9911,6.9911,6.9911,6.9911,6.9911,6.9911,6.9911,6.9911,6.9911,6.9911,6.9911,6.9911,6.9911,6.9911,6.9911,6.9911,6.9911,6.9911,6.9911,6.9911,6.9911,6.9911,6.9911,6.9911,6.9911,6.9911,6.9911,6.9911,6.9911,6.9911,6.9911,6.9911,6.9911,6.9911,6.9911,6.9911,6.9911,6.9911,6.9911,6.9911,6.9911,6.9911,6.9911,6.9911,6.9911,6.9911,6.9911,6.9911,6.9911,6.9911,6.9911,6.9911,6.9911,6.9911,6.9911,6.9911,6.9911,6.9911,6.9911,6.9911,6.9911,6.9911,6.9911,6.9911,6.9911,6.9911,6.9911,6.9911,6.9911,6.9911,6.9911,6.9911,6.9911,6.9911,6.9911,6.9911,6.9911,6.9911,6.9911,6.9911,6.9911,6.9911,6.9911,6.9911,6.9911,6.9911,6.9911,6.9911,6.9911,6.9911,6.9911,6.9911,6.9911,6.9911,6.9911,6.9911,6.9911,6.9911,6.9911,6.9911,6.9911,6.9911,6.9911,6.9911,6.9911,6.9911,6.9911,6.9911,6.9911,6.9911,6.9911,6.9911,6.9911,6.9911,6.9911,6.9911,6.9911,6.9911,6.9911,6.9911,6.9911,6.9911,6.9911,6.9911,6.9911,6.9911,6.9911,6.9911,6.9911,6.9911,6.9911,6.9911,6.9911,6.9911,6.9911,6.9911,6.9911,6.9911,6.9911,6.9911,6.9911,6.9911,6.9911,6.9911,6.9911,6.9911,6.9911,6.9911,6.9911,6.9911,6.9911,6.9911,6.9911,6.9911,6.9911,6.9911,6.9911,6.9911,6.9911,6.9911,6.9911,6.9911,6.9911,6.9911,6.9911,6.9911,6.9911,6.9911,6.9911,6.9911,6.9911,6.9911,6.9911,6.9911,6.9911,6.9911,6.9911,6.9911,6.9911,6.9911,6.9911,6.9911,6.9911,6.9911,6.9911,6.9911,6.9911,6.9911,6.9911,6.9911,6.9911,6.9911,6.9911,6.9911,6.9911,6.9911,6.9911,6.9911,6.9911,6.9911,6.9911,6.9911,6.9911,6.9911,6.9911,6.9911,6.9911,6.9911,6.9911,6.9911,6.9911,6.9911,6.9911,6.9911,6.9911,6.9911,6.9911,6.9911,6.9911,6.9911,6.9911,6.9911,6.9911,6.9911,6.9911,6.9911,6.9911,6.9911,6.9911,6.9911,6.9911,6.9911,6.9911,6.9911,6.9911,6.9911,6.9911,6.9911,6.9911,6.9911,6.9911,6.9911,6.9911,6.9911,6.9911,6.9911,6.9911,6.9911,6.9911,6.9911,6.9911,6.9911,6.9911,6.9911,6.9911,6.9911,6.9911,6.9911,6.9911,6.9911,6.9911,6.9911,6.9911,6.9911,6.9911,6.9911,6.9911,6.9911,6.9911,6.9911,6.9911,6.9911,6.9911,6.9911,6.9911,6.9911,6.9911,6.9911,6.9911,6.9911,6.9911,6.9911,6.9911,6.9911,6.9911,6.9911,6.9911,6.9911,6.9911,6.9911,6.9911,6.9911,6.9911,6.9911,6.9911,6.9911,6.9911,6.9911,6.9911,6.9911,6.9911,6.9911,6.9911,6.9911,6.9911,6.9911,6.9911,6.9911,6.9911,6.9911,6.9911,6.9911,6.9911,6.9911,6.9911,6.9911,6.9911,6.9911,6.9911,6.9911,6.9911,6.9911,6.9911,6.9911,6.9911,6.9911,6.9911,6.9911,6.9911,6.9911,6.9911,6.9911,6.9911,6.9911,6.9911,6.9911,6.9911,6.9911,6.9911,6.9911,6.9911,6.9911,6.9911,6.9911,6.9911,6.9911,6.9911,6.9911,6.9911,6.9911,6.9911,6.9911,6.9911,6.1877,6.1700,6.1537,6.1422,6.1308,6.1191,6.1074,6.0965,6.0857,6.0749,6.0641,6.0534,6.0427,6.0323,6.0273,6.0226,6.0178,6.0131,6.0086,6.0039,5.9991,5.9944,5.9899,5.9852,5.9806,5.9759,5.9725,5.9701,5.9680,5.9659,5.9638,5.9617,5.9598,5.9576,5.9557,5.9538,5.9517,5.9498,5.9477,5.9458,5.9437,5.9418,5.9397,5.9378,5.9357,5.9341,5.9332,5.9322,5.9313,5.9305,5.9297,5.9288,5.9280,5.9274,5.9269,5.9263,5.9257,5.9261,5.9274,5.9284,5.9295,5.9305,5.9316,5.9326,5.9336,5.9349,5.9366,5.9391,5.9414,5.9439,5.9465,5.9488,5.9511,5.9534,5.9557,5.9579,5.9602,5.9625,5.9648,5.9670,5.9693,5.9716,5.9740,5.9763,5.9789,5.9812,5.9835,5.9861,5.9884,5.9910,5.9953,6.0000,6.0047,6.0090,6.0138,6.0183,6.0276,6.0380,6.0484,6.0589,6.0694,6.0797,6.0901,6.1065,6.1276,6.1489,6.1704,6.9911,6.9911,6.9911,6.9911,6.9911,6.9911,6.9911,6.9911,6.9911,6.9911,6.9911,6.9911,6.9911,6.9911,6.9911,6.9911,6.9911,6.9911,6.9911,6.9911,6.9911,6.9911,6.9911,6.9911,6.9911,6.9911,6.9911,6.9911,6.9911,6.9911,6.9911,6.9911,6.9911,6.9911,6.9911,6.9911,6.9911,6.9911,6.9911,6.9911,6.9911,6.9911,6.9911,6.9911,6.9911,6.9911,6.9911,6.9911,6.9911,6.9911,6.9911,6.9911,6.9911,6.9911,6.9911,6.9911,6.9911,6.9911,6.9911,6.9911,6.9911,6.9911,6.9911,6.9911,6.9911,6.9911,6.9911,6.9911,6.9911,6.9911,6.9911,6.9911,6.9911,6.9911,6.9911,6.9911,6.9911,6.9911,6.9911,6.9911,6.9911,6.9911,6.9911,6.9911,6.9911,6.9911,6.9911,6.9911,6.9911,6.9911,6.9911,6.9911,6.9911,6.9911,6.9911,6.9911,6.9911,6.9911,6.9911,6.9911,6.9911,6.9911,6.9911,6.9911,6.9911,6.9911,6.9911,6.9911,6.9911,6.9911,6.9911,6.9911,6.9911,6.9911,6.9911,6.9911,6.9911,6.9911,6.9911,6.9911,6.9911,6.9911,6.9911,6.9911,6.9911,6.9911,6.9911,6.9911,6.9911,6.9911,6.9911,6.9911,6.9911,6.9911,6.9911,6.9911,6.9911,6.9911,6.9911,6.9911,6.9911,6.9911,6.9911,6.9911,6.9911,6.9911,6.9911,6.9911,6.9911,6.9911,6.9911,6.9911,6.9911,6.9911,6.9911,6.9911,6.9911,6.9911,6.9911,6.9911,6.9911,6.9911,6.9911,6.9911,6.9911,6.9911,6.9911,6.9911,6.9911,6.9911,6.9911,6.9911,6.9911,6.9911,6.9911,6.9911,6.9911,6.9911,6.9911,6.9911,6.9911,6.9911,6.9911,6.9911,6.9911,6.9911,6.9911,6.9911,6.9911,6.9911,6.9911,6.9911,6.9911,6.9911,6.9905,6.9905,6.9905,6.9905,6.9905,6.9905,6.9905,6.9905,6.9905,6.9905,6.9905,6.9905,6.9905,6.9905,6.9905,6.9905,6.9905,6.9905,6.9905,6.9905,6.9905,6.9905,6.9905,6.9905,6.9905,6.9905,6.9905,6.9905,6.9905,6.9905,6.9905,6.9905,6.9905,6.9905,6.9905,6.9905,6.9905,6.9905,6.9905,6.9905,6.9905,6.9905,6.9905,6.9905,6.9905,6.9905,6.9905,6.9905,6.9905,6.9905,6.9905,6.9905,6.9905,6.9905,6.9905,6.9905,6.9905,6.9905,6.9905,6.9905,6.9905,6.9905,6.9905,6.9905,6.9905,6.9905,6.9905,6.9905,6.9905,6.9905,6.9905,6.9905,6.9905,6.9905,6.9905,6.9905,6.9905,6.9905,6.9905,6.9905,6.9905,6.9905,6.9905,6.9905,6.9905,6.9905,6.9905,6.9905,6.9905,6.9905,6.9905,6.9905,6.9905,6.9905,6.9905,6.9905,6.9905,6.9905,6.9905,6.9905,6.9905,6.9905,6.9905,6.9905,6.9905,6.9905,6.9905,6.9905,6.9905,6.9905,6.9905,6.9905,6.9905,6.9905,6.9905,6.9905,6.9905,6.9905,6.9905,6.9905,6.9905,6.9905,6.9905,6.9905,6.9905,6.9905,6.9905,6.9905,6.9905,6.9905,6.9905,6.9905,6.9905,6.9905,6.9905,6.9905,6.9905,6.9905,6.9905,6.9905,6.9905,6.9905,6.9905,6.9905,6.9905,6.9905,6.9905,6.9905,6.9905,6.9905,6.9905,6.9905,6.9905,6.9905,6.9905,6.9905,6.9905,6.9905,6.9905,6.9905,6.9905,6.9905,6.9905,6.9905,6.9905,6.9905,6.9905,6.9905,6.9905,6.9905,6.9905,6.9905,6.9905,6.9905,6.9905,6.9905,6.9905,6.9905,6.9905,6.9905,6.9905,6.9905,6.9905,6.9905,6.9905,6.9905,6.9905,6.9905,6.9905,6.9905,6.9905,6.9905,6.9905,6.9905,6.9905,6.9905,6.9905,6.9905,6.9905,6.9905,6.9905,6.9905,6.9905,6.9905,6.9905,6.9905,6.9905,6.9905,6.9905,6.9905,6.9905,6.9905,6.9905,6.9905,6.9905,6.9905,6.9905,6.9905,6.9905,6.9905,6.9905,6.9905,6.9905,6.9905,6.9905,6.9905,6.9905
6.9856,6.9856,6.9856,6.9856,6.9856,6.9856,6.9856,6.9856,6.9856,6.9856,6.9856,6.9856,6.9856,6.9856,6.9856,6.9856,6.9856,6.9856,6.9856,6.9856,6.9856,6.9856,6.9856,6.9856,6.9856,6.9856,6.9856,6.9856,6.9856,6.9856,6.9856,6.9856,6.9856,6.9856,6.9856,6.9856,6.9856,6.9856,6.9856,6.9856,6.9856,6.9856,6.9856,6.9856,6.9856,6.9856,6.9856,6.9856,6.9856,6.9856,6.9856,6.9856,6.9856,6.9856,6.9856,6.9856,6.9856,6.9856,6.9856,6.9856,6.9856,6.9856,6.9856,6.9856,6.9856,6.9856,6.9856,6.9856,6.9856,6.9856,6.9856,6.9856,6.9856,6.9856,6.9856,6.9856,6.9856,6.9856,6.9856,6.9856,6.9856,6.9856,6.9856,6.9856,6.9856,6.9856,6.9856,6.9856,6.9856,6.9856,6.9856,6.9856,6.9856,6.9856,6.9856,6.9856,6.9856,6.9856,6.9856,6.9856,6.9856,6.9856,6.9856,6.9856,6.9856,6.9856,6.9856,6.9856,6.9856,6.9856,6.9856,6.9856,6.9856,6.9856,6.9856,6.9856,6.9856,6.9856,6.9856,6.9856,6.9856,6.9856,6.9856,6.9856,6.9856,6.9856,6.9856,6.9856,6.9856,6.9856,6.9856,6.9856,6.9856,6.9856,6.9856,6.9856,6.9856,6.9856,6.9856,6.9856,6.9856,6.9856,6.9856,6.9856,6.9856,6.9856,6.9856,6.9856,6.9856,6.9856,6.9856,6.9856,6.9856,6.9856,6.9856,6.9856,6.9856,6.9856,6.9856,6.9856,6.9856,6.9856,6.9856,6.9856,6.9856,6.9856,6.9856,6.9856,6.9856,6.9856,6.9856,6.9856,6.9856,6.9856,6.9856,6.9856,6.9856,6.9856,6.9856,6.9856,6.9856,6.9856,6.9856,6.9856,6.9856,6.9856,6.9856,6.9856,6.9856,6.9856,6.9856,6.9856,6.9856,6.9856,6.9856,6.9856,6.9856,6.9856,6.9856,6.9856,6.9856,6.9856,6.9856,6.9856,6.9856,6.9856,6.9856,6.9856,6.9856,6.9856,6.9856,6.9856,6.9856,6.9856,6.9856,6.9856,6.9856,6.9856,6.9856,6.9856,6.9856,6.9856,6.9856,6.9856,6.9856,6.9856,6.9856,6.9856,6.9856,6.9856,6.9856,6.9856,6.9856,6.9856,6.9856,6.9856,6.9856,6.9856,6.9856,6.9856,6.9856,6.9856,6.9856,6.9856,6.9856,6.9856,6.9856,6.9856,6.9856,6.9856,6.9856,6.9856,6.9856,6.9856,6.9856,6.9856,6.9856,6.9856,6.9856,6.9856,6.9856,6.9856,6.9856,6.9856,6.9856,6.9856,6.9856,6.9856,6.9856,6.9856,6.9856,6.9856,6.9856,6.9856,6.9856,6.9856,6.9856,6.9856,6.9856,6.9856,6.9856,6.9856,6.9856,6.9856,6.9856,6.9856,6.9856,6.9856,6.9856,6.9856,6.9856,6.9856,6.9856,6.9856,6.9856,6.9856,6.9856,6.9856,6.9856,6.9856,6.9856,6.9856,6.9856,6.9856,6.9856,6.9856,6.9856,6.9856,6.9856,6.9856,6.9856,6.9856,6.9856,6.9856,6.9856,6.9856,6.9856,6.9856,6.9856,6.9856,6.9856,6.9856,6.9856,6.9850,6.9850,6.9850,6.9850,6.9850,6.9850,6.9850,6.9850,6.9850,6.9850,6.9850,6.9850,6.9850,6.9850,6.9850,6.9850,6.9850,6.9850,6.9850,6.9850,6.9850,6.9850,6.9850,6.9850,6.9850,6.9850,6.9850,6.9850,6.9850,6.9850,6.9850,6.9850,6.9850,6.9850,6.9850,6.9850,6.9850,6.9850,6.9850,6.9850,6.9850,6.9850,6.9850,6.9850,6.9850,6.9850,6.9850,6.9850,6.9850,6.9850,6.9850,6.9850,6.9850,6.9850,6.9850,6.9850,6.9850,6.9850,6.9850,6.9850,6.9850,6.9850,6.9850,6.9850,6.9850,6.9850,6.9850,6.9850,6.9850,6.9850,6.9850,6.9850,6.9850,6.9850,6.9850,6.9850,6.9850,6.9850,6.9850,6.9850,6.9850,6.9850,6.9850,6.9850,6.9850,6.9850,6.9850,6.9850,6.9850,6.9850,6.9850,6.9850,6.9850,6.9850,6.9850,6.9850,6.9850,6.9850,6.9850,6.9850,6.9850,6.9850,6.9850,6.9850,6.9850,6.9850,6.9850,6.9850,6.9850,6.9850,6.1881,6.1704,6.1589,6.1474,6.1359,6.1243,6.1127,6.1009,6.0901,6.0793,6.0685,6.0578,6.0471,6.0367,6.0304,6.0256,6.0211,6.0163,6.0116,6.0073,6.0024,5.9976,5.9929,5.9882,5.9838,5.9801,5.9778,5.9757,5.9735,5.9714,5.9693,5.9674,5.9653,5.9634,5.9612,5.9593,5.9572,5.9553,5.9532,5.9513,5.9492,5.9473,5.9452,5.9433,5.9412,5.9393,5.9374,5.9366,5.9357,5.9349,5.9341,5.9332,5.9324,5.9318,5.9313,5.9307,5.9311,5.9322,5.9332,5.9343,5.9353,5.9364,5.9374,5.9385,5.9408,5.9433,5.9458,5.9484,5.9507,5.9532,5.9557,5.9581,5.9602,5.9625,5.9648,5.9672,5.9693,5.9716,5.9740,5.9763,5.9786,5.9810,5.9835,5.9859,5.9884,5.9908,5.9931,5.9957,5.9981,6.0024,6.0067,6.0114,6.0159,6.0204,6.0291,6.0395,6.0499,6.0604,6.0709,6.0815,6.1007,6.1218,6.1431,6.1645,6.9850,6.9850,6.9850,6.9850,6.9850,6.9850,6.9850,6.9850,6.9850,6.9850,6.9850,6.9850,6.9850,6.9850,6.9850,6.9850,6.9850,6.9850,6.9850,6.9850,6.9850,6.9850,6.9850,6.9850,6.9850,6.9850,6.9850,6.9850,6.9850,6.9850,6.9850,6.9850,6.9850,6.9850,6.9850,6.9850,6.9850,6.9850,6.9850,6.9850,6.9850,6.9850,6.9850,6.9850,6.9850,6.9850,6.9850,6.9850,6.9850,6.9850,6.9850,6.9850,6.9850,6.9850,6.9850,6.9850,6.9850,6.9850,6.9850,6.9850,6.9850,6.9850,6.9850,6.9850,6.9850,6.9850,6.9850,6.9850,6.9850,6.9850,6.9850,6.9850,6.9850,6.9850,6.9850,6.9850,6.9850,6.9850,6.9850,6.9850,6.9850,6.9850,6.9850,6.9850,6.9850,6.9850,6.9850,6.9850,6.9850,6.9850,6.9850,6.9850,6.9850,6.9850,6.9850,6.9850,6.9850,6.9850,6.9850,6.9850,6.9850,6.9850,6.9850,6.9850,6.9850,6.9850,6.9850,6.9850,6.9850,6.9850,6.9850,6.9850,6.9850,6.9850,6.9850,6.9850,6.9850,6.9850,6.9850,6.9850,6.9850,6.9850,6.9850,6.9850,6.9850,6.9850,6.9850,6.9850,6.9850,6.9850,6.9850,6.9850,6.9850,6.9850,6.9850,6.9850,6.9850,6.9850,6.9850,6.9850,6.9850,6.9850,6.9850,6.9850,6.9850,6.9850,6.9850,6.9850,6.9850,6.9850,6.9850,6.9850,6.9850,6.9850,6.9850,6.9850,6.9850,6.9850,6.9850,6.9850,6.9850,6.9850,6.9850,6.9850,6.9850,6.9850,6.9850,6.9850,6.9850,6.9850,6.9850,6.9850,6.9850,6.9850,6.9850,6.9850,6.9850,6.9850,6.9850,6.9850,6.9850,6.9850,6.9850,6.9850,6.9850,6.9850,6.9850,6.9850,6.9850,6.9850,6.9850,6.9850,6.9850,6.9850,6.9850,6.9850,6.9850,6.9850,6.9850,6.9850,6.9850,6.9850,6.9850,6.9850,6.9850,6.9850,6.9850,6.9850,6.9850,6.9850,6.9850,6.9850,6.9850,6.9850,6.9850,6.9850,6.9850,6.9850,6.9850,6.9850,6.9850,6.9850,6.9850,6.9850,6.9850,6.9850,6.9850,6.9850,6.9850,6.9850,6.9850,6.9850,6.9850,6.9850,6.9850,6.9850,6.9850,6.9850,6.9850,6.9850,6.9850,6.9850,6.9850,6.9850,6.9850,6.9850,6.9850,6.9850,6.9850,6.9850,6.9850,6.9850,6.9850,6.9850,6.9850,6.9850,6.9850,6.9850,6.9850,6.9850,6.9850,6.9850,6.9850,6.9850,6.9850,6.9850,6.9850,6.9850,6.9850,6.9850,6.9850,6.9850,6.9850,6.9850,6.9850,6.9850,6.9850,6.9850,6.9850,6.9850,6.9850,6.9850,6.9850,6.9850,6.9850,6.9850,6.9850,6.9850,6.9850,6.9850,6.9850,6.9850,6.9850,6.9850,6.9850,6.9850,6.9850,6.9850,6.9850,6.9850,6.9850,6.9850,6.9850,6.9850,6.9850,6.9850,6.9850,6.9850,6.9850,6.9850,6.9850,6.9850,6.9850,6.9850,6.9850,6.9850,6.9850,6.9850,6.9850,6.9850,6.9850,6.9850,6.9850,6.9850,6.9850,6.9850,6.9850,6.9850,6.9850,6.9850,6.9850,6.9850,6.9850,6.9850,6.9850,6.9850,6.9850,6.9850,6.9850,6.9850,6.9850,6.9850,6.9850,6.9850,6.9850,6.9850,6.9850,6.9850,6.9850,6.9850,6.9850,6.9850,6.9850,6.9850,6.9850,6.9850,6.9850,6.9850,6.9850,6.9850,6.9850,6.9850,6.9850,6.9850,6.9850,6.9850,6.9850,6.9850,6.9850,6.9850,6.9850,6.9850,6.9850,6.9850,6.9850,6.9850,6.9850,6.9850,6.9850,6.9850,6.9850,6.9850,6.9850,6.9850,6.9850,6.9850,6.9850,6.9850,6.9850,6.9850,6.9850,6.9850,6.9850,6.9850,6.9850,6.9850,6.9850,6.9850,6.9850,6.9850,6.9850,6.9850,6.9850,6.9850,6.9850,6.9850,6.9850,6.9850,6.9850,6.9850,6.9850,6.9850,6.9850,6.9850,6.9850,6.9850,6.9850,6.9850,6.9850,6.9850,6.9850,6.9850,6.9850
6.9798,6.9798,6.9798,6.9798,6.9798,6.9798,6.9798,6.9798,6.9798,6.9798,6.9798,6.9798,6.9798,6.9798,6.9798,6.9798,6.9798,6.9798,6.9798,6.9798,6.9798,6.9798,6.9798,6.9798,6.9798,6.9798,6.9798,6.9798,6.9798,6.9798,6.9798,6.9798,6.9798,6.9798,6.9798,6.9798,6.9798,6.9798,6.9798,6.9798,6.9798,6.9798,6.9798,6.9798,6.9798,6.9798,6.9798,6.9798,6.9798,6.9798,6.9798,6.9798,6.9798,6.9798,6.9798,6.9798,6.9798,6.9798,6.9798,6.9798,6.9798,6.9798,6.9798,6.9798,6.9798,6.9798,6.9798,6.9798,6.9798,6.9798,6.9798,6.9798,6.9798,6.9798,6.9798,6.9798,6.9798,6.9798,6.9798,6.9798,6.9798,6.9798,6.9798,6.9798,6.9798,6.9798,6.9798,6.9798,6.9798,6.9798,6.9798,6.9798,6.9798,6.9798,6.9798,6.9798,6.9798,6.9798,6.9798,6.9798,6.9798,6.9798,6.9798,6.9798,6.9798,6.9798,6.9798,6.9798,6.9798,6.9798,6.9798,6.9798,6.9798,6.9798,6.9798,6.9798,6.9798,6.9798,6.9798,6.9798,6.9798,6.9798,6.9798,6.9798,6.9798,6.9798,6.9798,6.9798,6.9798,6.9798,6.9798,6.9798,6.9798,6.9798,6.9798,6.9798,6.9798,6.9798,6.9798,6.9798,6.9798,6.9798,6.9798,6.9798,6.9798,6.9798,6.9798,6.9798,6.9798,6.9798,6.9798,6.9798,6.9798,6.9798,6.9798,6.9798,6.9798,6.9798,6.9798,6.9798,6.9798,6.9798,6.9798,6.9798,6.9798,6.9798,6.9798,6.9798,6.9798,6.9798,6.9798,6.9798,6.9798,6.9798,6.9798,6.9798,6.9798,6.9798,6.9798,6.9798,6.9798,6.9798,6.9798,6.9798,6.9798,6.9798,6.9798,6.9798,6.9798,6.9798,6.9798,6.9798,6.9798,6.9798,6.9798,6.9798,6.9798,6.9798,6.9798,6.9798,6.9798,6.9798,6.9798,6.9798,6.9798,6.9798,6.9798,6.9798,6.9798,6.9798,6.9798,6.9798,6.9798,6.9798,6.9798,6.9798,6.9798,6.9798,6.9798,6.9798,6.9798,6.9798,6.9798,6.9798,6.9798,6.9798,6.9798,6.9798,6.9798,6.9798,6.9798,6.9798,6.9798,6.9798,6.9798,6.9798,6.9798,6.9798,6.9798,6.9798,6.9798,6.9798,6.9798,6.9798,6.9798,6.9798,6.9798,6.9798,6.9798,6.9798,6.9798,6.9798,6.9798,6.9798,6.9798,6.9798,6.9798,6.9798,6.9798,6.9798,6.9798,6.9798,6.9798,6.9798,6.9798,6.9798,6.9798,6.9798,6.9798,6.9798,6.9798,6.9798,6.9798,6.9798,6.9798,6.9798,6.9798,6.9798,6.9798,6.9798,6.9798,6.9798,6.9798,6.9798,6.9798,6.9798,6.9798,6.9798,6.9798,6.9798,6.9798,6.9798,6.9798,6.9798,6.9798,6.9798,6.9798,6.9798,6.9798,6.9798,6.9798,6.9798,6.9798,6.9798,6.9798,6.9798,6.9798,6.9798,6.9798,6.9798,6.9798,6.9798,6.9798,6.9798,6.9798,6.9798,6.9798,6.9798,6.9798,6.9798,6.9798,6.9798,6.9798,6.9798,6.9798,6.9798,6.9798,6.9798,6.9798,6.9798,6.9798,6.9798,6.9798,6.9798,6.9798,6.9798,6.9798,6.9798,6.9798,6.9798,6.9798,6.9798,6.9798,6.9798,6.9798,6.9798,6.9798,6.9798,6.9798,6.9798,6.9798,6.9798,6.9798,6.9798,6.9798,6.9798,6.9798,6.9798,6.9798,6.9798,6.9798,6.9798,6.9798,6.9798,6.9798,6.9798,6.9798,6.9798,6.9798,6.9798,6.9798,6.9798,6.9798,6.9798,6.9798,6.9798,6.9798,6.9798,6.9798,6.9798,6.9798,6.9798,6.9798,6.9798,6.9798,6.9798,6.9798,6.9798,6.9798,6.9798,6.9798,6.9798,6.9798,6.9798,6.9798,6.9798,6.9798,6.9798,6.9798,6.9798,6.9798,6.9798,6.9798,6.9798,6.9798,6.9798,6.9798,6.9798,6.9798,6.9798,6.9798,6.9798,6.9798,6.9798,6.9798,6.9798,6.9798,6.9798,6.9798,6.9798,6.9798,6.9798,6.9798,6.9798,6.9798,6.9798,6.9798,6.9798,6.9798,6.9798,6.9798,6.9798,6.9798,6.9798,6.1886,6.1756,6.1641,6.1526,6.1409,6.1294,6.1178,6.1060,6.0945,6.0837,6.0729,6.0622,6.0515,6.0410,6.0336,6.0289,6.0241,6.0196,6.0148,6.0101,6.0054,6.0009,5.9961,5.9914,5.9876,5.9855,5.9833,5.9812,5.9791,5.9769,5.9748,5.9729,5.9708,5.9689,5.9667,5.9648,5.9627,5.9608,5.9587,5.9568,5.9547,5.9528,5.9507,5.9488,5.9467,5.9448,5.9427,5.9410,5.9402,5.9393,5.9385,5.9374,5.9368,5.9362,5.9357,5.9360,5.9370,5.9381,5.9391,5.9402,5.9412,5.9427,5.9452,5.9477,5.9500,5.9526,5.9551,5.9574,5.9600,5.9625,5.9648,5.9672,5.9695,5.9718,5.9740,5.9763,5.9786,5.9810,5.9833,5.9857,5.9882,5.9906,5.9931,5.9955,5.9981,6.0004,6.0030,6.0054,6.0088,6.0135,6.0181,6.0226,6.0308,6.0412,6.0517,6.0622,6.0731,6.0943,6.1160,6.1373,6.1589,6.1804,6.9798,6.9798,6.9798,6.9798,6.9798,6.9798,6.9798,6.9798,6.9798,6.9798,6.9798,6.9798,6.9798,6.9798,6.9798,6.9798,6.9798,6.9798,6.9798,6.9798,6.9798,6.9798,6.9798,6.9798,6.9798,6.9798,6.9798,6.9798,6.9798,6.9798,6.9798,6.9798,6.9798,6.9798,6.9798,6.9798,6.9798,6.9798,6.9798,6.9798,6.9798,6.9798,6.9798,6.9798,6.9798,6.9798,6.9798,6.9798,6.9798,6.9798,6.9798,6.9798,6.9798,6.9798,6.9798,6.9798,6.9798,6.9798,6.9798,6.9798,6.9798,6.9798,6.9798,6.9798,6.9798,6.9798,6.9798,6.9798,6.9798,6.9798,6.9798,6.9798,6.9798,6.9798,6.9798,6.9798,6.9798,6.9798,6.9798,6.9798,6.9798,6.9798,6.9798,6.9798,6.9798,6.9798,6.9798,6.9798,6.9798,6.9798,6.9798,6.9798,6.9798,6.9798,6.9798,6.9798,6.9798,6.9798,6.9798,6.9798,6.9798,6.9798,6.9798,6.9798,6.9798,6.9798,6.9798,6.9798,6.9798,6.9798,6.9798,6.9798,6.9798,6.9798,6.9798,6.9798,6.9798,6.9798,6.9798,6.9798,6.9798,6.9798,6.9798,6.9798,6.9798,6.9798,6.9798,6.9798,6.9798,6.9798,6.9798,6.9798,6.9798,6.9798,6.9798,6.9798,6.9798,6.9798,6.9798,6.9798,6.9798,6.9798,6.9798,6.9798,6.9798,6.9798,6.9798,6.9798,6.9798,6.9798,6.9798,6.9798,6.9798,6.9798,6.9798,6.9798,6.9798,6.9798,6.9803,6.9803,6.9803,6.9803,6.9803,6.9803,6.9803,6.9803,6.9803,6.9803,6.9803,6.9803,6.9803,6.9803,6.9803,6.9803,6.9803,6.9803,6.9803,6.9803,6.9803,6.9803,6.9803,6.9803,6.9803,6.9803,6.9803,6.9803,6.9803,6.9803,6.9803,6.9803,6.9803,6.9803,6.9803,6.9803,6.9803,6.9803,6.9803,6.9803,6.9803,6.9803,6.9803,6.9803,6.9803,6.9803,6.9803,6.9803,6.9803,6.9803,6.9803,6.9803,6.9803,6.9803,6.9803,6.9803,6.9803,6.9803,6.9803,6.9803,6.9803,6.9803,6.9803,6.9803,6.9803,6.9803,6.9803,6.9803,6.9803,6.9803,6.9803,6.9803,6.9803,6.9803,6.9803,6.9803,6.9803,6.9803,6.9803,6.9803,6.9803,6.9803,6.9803,6.9803,6.9803,6.9803,6.9803,6.9803,6.9803,6.9803,6.9803,6.9803,6.9803,6.9803,6.9803,6.9803,6.9803,6.9803,6.9803,6.9803,6.9803,6.9803,6.9803,6.9803,6.9803,6.9803,6.9803,6.9803,6.9803,6.9803,6.9803,6.9803,6.9803,6.9803,6.9803,6.9803,6.9803,6.9803,6.9803,6.9803,6.9803,6.9803,6.9803,6.9803,6.9803,6.9803,6.9803,6.9803,6.9803,6.9803,6.9803,6.9803,6.9803,6.9803,6.9803,6.9803,6.9803,6.9803,6.9803,6.9803,6.9803,6.9803,6.9803,6.9803,6.9803,6.9803,6.9803,6.9803,6.9803,6.9803,6.9803,6.9803,6.9803,6.9803,6.9803,6.9803,6.9803,6.9803,6.9803,6.9803,6.9803,6.9803,6.9803,6.9803,6.9803,6.9803,6.9803,6.9803,6.9803,6.9803,6.9803,6.9803,6.9803,6.9803,6.9803,6.9803,6.9803,6.9803,6.9803,6.9803,6.9803,6.9803,6.9803,6.9803,6.9803,6.9803,6.9803,6.9803,6.9803,6.9803,6.9803,6.9803,6.9803,6.9803,6.9803,6.9803,6.9803,6.9803,6.9803,6.9803,6.9803,6.9803,6.9803,6.9803,6.9803,6.9803,6.9803,6.9803,6.9803,6.9803,6.9803,6.9803,6.9803,6.9803,6.9803,6.9803,6.9803,6.9803,6.9803,6.9803,6.9803,6.9803,6.9803,6.9803,6.9803,6.9803,6.9803,6.9803,6.9803,6.9803,6.9803,6.9803,6.9803,6.9803,6.9803,6.9803,6.9803,6.9803,6.9803,6.9803,6.9803,6.9803,6.9803,6.9803,6.9803,6.9803,6.9803,6.9803,6.9803,6.9803,6.9803,6.9803,6.9803,6.9803,6.9803,6.9803,6.9803,6.9803,6.9803,6.9803,6.9803,6.9803,6.9803,6.9803,6.9803,6.9803
6.9743,6.9743,6.9743,6.9743,6.9743,6.9743,6.9743,6.9743,6.9743,6.9743,6.9743,6.9743,6.9743,6.9743,6.9743,6.9743,6.9743,6.9743,6.9743,6.9743,6.9743,6.9743,6.9743,6.9743,6.9743,6.9743,6.9743,6.9743,6.9743,6.9743,6.9743,6.9743,6.9743,6.9743,6.9743,6.9743,6.9743,6.9743,6.9743,6.9743,6.9743,6.9743,6.9743,6.9743,6.9743,6.9743,6.9743,6.9743,6.9743,6.9743,6.9743,6.9743,6.9743,6.9743,6.9743,6.9743,6.9743,6.9743,6.9743,6.9743,6.9743,6.9743,6.9743,6.9743,6.9743,6.9743,6.9743,6.9743,6.9743,6.9743,6.9743,6.9743,6.9743,6.9743,6.9743,6.9743,6.9743,6.9743,6.9743,6.9743,6.9743,6.9743,6.9743,6.9743,6.9743,6.9743,6.9743,6.9743,6.9743,6.9743,6.9743,6.9743,6.9743,6.9743,6.9743,6.9743,6.9743,6.9743,6.9743,6.9743,6.9743,6.9743,6.9743,6.9743,6.9743,6.9743,6.9743,6.9743,6.9743,6.9743,6.9743,6.9743,6.9743,6.9743,6.9743,6.9743,6.9743,6.9743,6.9743,6.9743,6.9743,6.9743,6.9743,6.9743,6.9743,6.9743,6.9743,6.9743,6.9743,6.9743,6.9743,6.9743,6.9743,6.9743,6.9743,6.9743,6.9743,6.9743,6.9743,6.9743,6.9743,6.9743,6.9743,6.9743,6.9743,6.9743,6.9743,6.9743,6.9743,6.9743,6.9743,6.9743,6.9743,6.9743,6.9743,6.9743,6.9743,6.9743,6.9743,6.9743,6.9743,6.9743,6.9743,6.9743,6.9743,6.9743,6.9743,6.9743,6.9743,6.9743,6.9743,6.9743,6.9743,6.9743,6.9743,6.9743,6.9743,6.9743,6.9743,6.9743,6.9743,6.9743,6.9743,6.9743,6.9743,6.9743,6.9743,6.9743,6.9743,6.9743,6.9743,6.9743,6.9743,6.9743,6.9743,6.9743,6.9743,6.9743,6.9743,6.9743,6.9743,6.9743,6.9743,6.9743,6.9743,6.9743,6.9743,6.9743,6.9743,6.9743,6.9743,6.9743,6.9743,6.9743,6.9743,6.9743,6.9743,6.9743,6.9743,6.9743,6.9743,6.9743,6.9743,6.9743,6.9743,6.9743,6.9743,6.9743,6.9743,6.9743,6.9743,6.9743,6.9743,6.9743,6.9743,6.9743,6.9743,6.9743,6.9743,6.9743,6.9743,6.9743,6.9743,6.9743,6.9743,6.9743,6.9743,6.9743,6.9743,6.9743,6.9743,6.9743,6.9743,6.9743,6.9743,6.9743,6.9743,6.9743,6.9743,6.9743,6.9743,6.9743,6.9743,6.9743,6.9743,6.9743,6.9743,6.9743,6.9743,6.9743,6.9743,6.9743,6.9743,6.9743,6.9743,6.9743,6.9743,6.9743,6.9743,6.9743,6.9743,6.9743,6.9743,6.9743,6.9743,6.9743,6.9743,6.9743,6.9743,6.9743,6.9743,6.9743,6.9743,6.9743,6.9743,6.9743,6.9743,6.9743,6.9743,6.9743,6.9743,6.9743,6.9743,6.9743,6.9743,6.9743,6.9743,6.9743,6.9743,6.9743,6.9743,6.9743,6.9743,6.9743,6.9743,6.9743,6.9743,6.9743,6.9743,6.9743,6.9743,6.9743,6.9743,6.9743,6.9743,6.9743,6.9743,6.9743,6.9743,6.9743,6.9743,6.9743,6.9743,6.9743,6.9743,6.9743,6.9743,6.9743,6.9743,6.9743,6.9743,6.9743,6.9743,6.9743,6.9743,6.9743,6.9743,6.9743,6.9743,6.9743,6.9743,6.9743,6.9743,6.9743,6.9743,6.9743,6.9743,6.9743,6.9743,6.9743,6.9743,6.9743,6.9743,6.9743,6.9743,6.9743,6.9743,6.9743,6.9743,6.9743,6.9743,6.9743,6.9743,6.9743,6.9743,6.9743,6.9743,6.9743,6.9743,6.9743,6.9743,6.9743,6.9743,6.9743,6.9743,6.9743,6.9743,6.9743,6.9743,6.9743,6.9743,6.9743,6.9743,6.9743,6.9743,6.9743,6.9743,6.9743,6.9743,6.9743,6.9743,6.9743,6.9743,6.9743,6.9743,6.9743,6.9743,6.9743,6.9743,6.9743,6.9743,6.9743,6.9743,6.9743,6.9743,6.9743,6.9743,6.9743,6.9743,6.9743,6.9743,6.9743,6.9743,6.9743,6.9743,6.9743,6.9743,6.9743,6.9743,6.9743,6.9743,6.9743,6.9743,6.9743,6.9743,6.1925,6.1809,6.1693,6.1575,6.1460,6.1346,6.1229,6.1111,6.0994,6.0881,6.0773,6.0665,6.0558,6.0454,6.0367,6.0321,6.0273,6.0226,6.0178,6.0133,6.0086,6.0039,5.9994,5.9953,5.9931,5.9910,5.9889,5.9867,5.9846,5.9825,5.9803,5.9784,5.9763,5.9744,5.9723,5.9704,5.9682,5.9663,5.9642,5.9623,5.9602,5.9583,5.9564,5.9543,5.9524,5.9503,5.9484,5.9463,5.9446,5.9437,5.9429,5.9418,5.9412,5.9406,5.9408,5.9418,5.9429,5.9439,5.9450,5.9471,5.9494,5.9519,5.9545,5.9570,5.9593,5.9619,5.9644,5.9667,5.9693,5.9718,5.9742,5.9765,5.9786,5.9810,5.9833,5.9857,5.9880,5.9906,5.9929,5.9953,5.9979,6.0002,6.0030,6.0052,6.0077,6.0101,6.0127,6.0157,6.0202,6.0248,6.0325,6.0427,6.0532,6.0668,6.0877,6.1098,6.1317,6.1530,6.1745,6.9743,6.9743,6.9743,6.9743,6.9743,6.9743,6.9743,6.9743,6.9743,6.9743,6.9743,6.9743,6.9743,6.9743,6.9743,6.9743,6.9743,6.9743,6.9743,6.9743,6.9743,6.9743,6.9743,6.9743,6.9743,6.9743,6.9743,6.9743,6.9743,6.9743,6.9743,6.9743,6.9743,6.9743,6.9743,6.9743,6.9743,6.9743,6.9743,6.9743,6.9743,6.9743,6.9743,6.9743,6.9743,6.9743,6.9743,6.9743,6.9743,6.9743,6.9743,6.9743,6.9743,6.9743,6.9743,6.9743,6.9743,6.9743,6.9743,6.9743,6.9743,6.9743,6.9743,6.9743,6.9743,6.9743,6.9743,6.9743,6.9743,6.9743,6.9743,6.9743,6.9743,6.9743,6.9743,6.9743,6.9743,6.9743,6.9743,6.9743,6.9743,6.9743,6.9743,6.9743,6.9743,6.9743,6.9743,6.9743,6.9743,6.9743,6.9743,6.9743,6.9743,6.9743,6.9743,6.9743,6.9743,6.9743,6.9743,6.9743,6.9743,6.9743,6.9743,6.9743,6.9743,6.9743,6.9743,6.9743,6.9743,6.9743,6.9743,6.9743,6.9743,6.9743,6.9743,6.9743,6.9743,6.9743,6.9743,6.9743,6.9743,6.9743,6.9743,6.9743,6.9743,6.9743,6.9743,6.9743,6.9743,6.9743,6.9743,6.9743,6.9743,6.9743,6.9743,6.9743,6.9743,6.9743,6.9743,6.9743,6.9743,6.9743,6.9743,6.9743,6.9743,6.9743,6.9743,6.9743,6.9743,6.9743,6.9743,6.9743,6.9743,6.9743,6.9743,6.9743,6.9743,6.9743,6.9743,6.9743,6.9743,6.9743,6.9743,6.9743,6.9743,6.9743,6.9743,6.9743,6.9743,6.9743,6.9743,6.9743,6.9743,6.9743,6.9743,6.9743,6.9743,6.9743,6.9743,6.9743,6.9743,6.9743,6.9743,6.9743,6.9743,6.9743,6.9743,6.9743,6.9743,6.9743,6.9743,6.9743,6.9743,6.9743,6.9743,6.9743,6.9743,6.9743,6.9743,6.9743,6.9743,6.9743,6.9743,6.9743,6.9743,6.9743,6.9743,6.9743,6.9743,6.9743,6.9743,6.9743,6.9743,6.9743,6.9743,6.9743,6.9743,6.9743,6.9743,6.9743,6.9743,6.9743,6.9743,6.9743,6.9743,6.9743,6.9743,6.9743,6.9743,6.9743,6.9743,6.9743,6.9743,6.9743,6.9743,6.9743,6.9743,6.9743,6.9743,6.9743,6.9743,6.9743,6.9743,6.9743,6.9743,6.9743,6.9743,6.9743,6.9743,6.9743,6.9743,6.9743,6.9743,6.9743,6.9743,6.9743,6.9743,6.9743,6.9743,6.9743,6.9743,6.9743,6.9743,6.9743,6.9743,6.9743,6.9743,6.9743,6.9743,6.9743,6.9743,6.9743,6.9743,6.9743,6.9743,6.9743,6.9743,6.9743,6.9743,6.9743,6.9743,6.9743,6.9743,6.9743,6.9743,6.9743,6.9743,6.9743,6.9743,6.9743,6.9743,6.9743,6.9743,6.9743,6.9743,6.9743,6.9743,6.9743,6.9743,6.9743,6.9743,6.9743,6.9743,6.9743,6.9743,6.9743,6.9743,6.9743,6.9743,6.9743,6.9743,6.9743,6.9743,6.9743,6.9743,6.9743,6.9743,6.9743,6.9743,6.9743,6.9743,6.9743,6.9743,6.9743,6.9743,6.9743,6.9743,6.9743,6.9743,6.9743,6.9743,6.9743,6.9748,6.9748,6.9748,6.9748,6.9748,6.9748,6.9748,6.9748,6.9748,6.9748,6.9748,6.9748,6.9748,6.9748,6.9748,6.9748,6.9748,6.9748,6.9748,6.9748,6.9748,6.9748,6.9748,6.9748,6.9748,6.9748,6.9748,6.9748,6.9748,6.9748,6.9748,6.9748,6.9748,6.9748,6.9748,6.9748,6.9748,6.9748,6.9748,6.9748,6.9748,6.9748,6.9748,6.9748,6.9748,6.9748,6.9748,6.9748,6.9748,6.9748,6.9748,6.9748,6.9748,6.9748,6.9748,6.9748,6.9748,6.9748,6.9748,6.9748,6.9748,6.9748,6.9748,6.9748,6.9748,6.9748,6.9748,6.9748,6.9748,6.9748,6.9748,6.9748,6.9748,6.9748,6.9748,6.9748,6.9748,6.9748,6.9748,6.9748,6.9748,6.9748,6.9748,6.9748,6.9748,6.9748,6.9748,6.9748,6.9748,6.9748,6.9748,6.9748,6.9748,6.9748
6.9693,6.9693,6.9693,6.9693,6.9693,6.9693,6.9693,6.9693,6.9693,6.9693,6.9693,6.9693,6.9693,6.9693,6.9693,6.9693,6.9693,6.9693,6.9688,6.9688,6.9688,6.9688,6.9688,6.9688,6.9688,6.9688,6.9688,6.9688,6.9688,6.9688,6.9688,6.9688,6.9688,6.9688,6.9688,6.9688,6.9688,6.9688,6.9688,6.9688,6.9688,6.9688,6.9688,6.9688,6.9688,6.9688,6.9688,6.9688,6.9688,6.9688,6.9688,6.9688,6.9688,6.9688,6.9688,6.9688,6.9688,6.9688,6.9688,6.9688,6.9688,6.9688,6.9688,6.9688,6.9688,6.9688,6.9688,6.9688,6.9688,6.9688,6.9688,6.9688,6.9688,6.9688,6.9688,6.9688,6.9688,6.9688,6.9688,6.9688,6.9688,6.9688,6.9688,6.9688,6.9688,6.9688,6.9688,6.9688,6.9688,6.9688,6.9688,6.9688,6.9688,6.9688,6.9688,6.9688,6.9688,6.9688,6.9688,6.9688,6.9688,6.9688,6.9688,6.9688,6.9688,6.9688,6.9688,6.9688,6.9688,6.9688,6.9688,6.9688,6.9688,6.9688,6.9688,6.9688,6.9688,6.9688,6.9688,6.9688,6.9688,6.9688,6.9688,6.9688,6.9688,6.9688,6.9688,6.9688,6.9688,6.9688,6.9688,6.9688,6.9688,6.9688,6.9688,6.9688,6.9688,6.9688,6.9688,6.9688,6.9688,6.9688,6.9688,6.9688,6.9688,6.9688,6.9688,6.9688,6.9688,6.9688,6.9688,6.9688,6.9688,6.9688,6.9688,6.9688,6.9688,6.9688,6.9688,6.9688,6.9688,6.9688,6.9688,6.9688,6.9688,6.9688,6.9688,6.9688,6.9688,6.9688,6.9688,6.9688,6.9688,6.9688,6.9688,6.9688,6.9688,6.9688,6.9688,6.9688,6.9688,6.9688,6.9688,6.9688,6.9688,6.9688,6.9688,6.9688,6.9688,6.9688,6.9688,6.9688,6.9688,6.9688,6.9688,6.9688,6.9688,6.9688,6.9688,6.9688,6.9688,6.9688,6.9688,6.9688,6.9688,6.9688,6.9688,6.9688,6.9688,6.9688,6.9688,6.9688,6.9688,6.9688,6.9688,6.9688,6.9688,6.9688,6.9688,6.9688,6.9688,6.9688,6.9688,6.9688,6.9688,6.9688,6.9688,6.9688,6.9688,6.9688,6.9688,6.9688,6.9688,6.9688,6.9688,6.9688,6.9688,6.9688,6.9688,6.9688,6.9688,6.9688,6.9688,6.9688,6.9688,6.9688,6.9688,6.9688,6.9688,6.9688,6.9688,6.9688,6.9688,6.9688,6.9688,6.9688,6.9688,6.9688,6.9688,6.9688,6.9688,6.9688,6.9688,6.9688,6.9688,6.9688,6.9688,6.9688,6.9688,6.9688,6.9688,6.9688,6.9688,6.9688,6.9688,6.9688,6.9688,6.9688,6.9688,6.9688,6.9688,6.9688,6.9688,6.9688,6.9688,6.9688,6.9688,6.9688,6.9688,6.9688,6.9688,6.9688,6.9688,6.9688,6.9688,6.9688,6.9688,6.9688,6.9688,6.9688,6.9688,6.9688,6.9688,6.9688,6.9688,6.9688,6.9688,6.9688,6.9688,6.9688,6.9688,6.9688,6.9688,6.9688,6.9688,6.9688,6.9688,6.9688,6.9688,6.9688,6.9688,6.9688,6.9688,6.9688,6.9688,6.9688,6.9688,6.9688,6.9688,6.9688,6.9688,6.9688,6.9688,6.9688,6.9688,6.9688,6.9688,6.9688,6.9688,6.9688,6.9688,6.9688,6.9688,6.9688,6.9688,6.9688,6.9688,6.9688,6.9688,6.9688,6.9688,6.9688,6.9688,6.9688,6.9688,6.9688,6.9688,6.9688,6.9688,6.9688,6.9688,6.9688,6.9688,6.9688,6.9688,6.9688,6.9688,6.9688,6.9688,6.9688,6.9688,6.9688,6.9688,6.9688,6.9688,6.9688,6.9688,6.9688,6.9688,6.9688,6.9688,6.9688,6.9688,6.9688,6.9688,6.9688,6.9688,6.9688,6.9688,6.9688,6.9688,6.9688,6.9688,6.9688,6.9688,6.9688,6.9688,6.9688,6.9688,6.9688,6.9688,6.9688,6.9688,6.9688,6.9688,6.9688,6.9688,6.9688,6.9688,6.9688,6.9688,6.9688,6.9688,6.9688,6.9688,6.9688,6.9688,6.9688,6.9688,6.9688,6.9688,6.9688,6.9688,6.9688,6.9688,6.9688,6.9688,6.9688,6.9688,6.9688,6.9688,6.9688,6.9688,6.9688,6.9688,6.9688,6.9688,6.1925,6.1743,6.1627,6.1512,6.1397,6.1283,6.1165,6.1047,6.0930,6.0817,6.0709,6.0602,6.0497,6.0399,6.0351,6.0304,6.0258,6.0211,6.0163,6.0116,6.0071,6.0028,6.0009,5.9989,5.9966,5.9944,5.9923,5.9902,5.9880,5.9861,5.9840,5.9820,5.9799,5.9780,5.9759,5.9740,5.9718,5.9699,5.9678,5.9659,5.9638,5.9619,5.9598,5.9579,5.9557,5.9538,5.9517,5.9498,5.9481,5.9471,5.9463,5.9456,5.9456,5.9467,5.9477,5.9488,5.9513,5.9538,5.9564,5.9587,5.9612,5.9638,5.9661,5.9687,5.9712,5.9738,5.9761,5.9786,5.9812,5.9833,5.9857,5.9880,5.9904,5.9927,5.9953,5.9976,6.0004,6.0026,6.0052,6.0075,6.0099,6.0125,6.0148,6.0174,6.0198,6.0224,6.0269,6.0341,6.0445,6.0602,6.0813,6.1023,6.1254,6.1471,6.1688,6.1902,6.9688,6.9688,6.9688,6.9688,6.9688,6.9688,6.9688,6.9688,6.9688,6.9688,6.9688,6.9688,6.9688,6.9688,6.9688,6.9688,6.9688,6.9688,6.9688,6.9688,6.9688,6.9688,6.9688,6.9688,6.9688,6.9688,6.9688,6.9688,6.9688,6.9688,6.9688,6.9688,6.9688,6.9688,6.9688,6.9688,6.9688,6.9688,6.9688,6.9688,6.9688,6.9688,6.9688,6.9688,6.9688,6.9688,6.9688,6.9688,6.9688,6.9688,6.9688,6.9688,6.9688,6.9688,6.9688,6.9688,6.9688,6.9688,6.9688,6.9688,6.9688,6.9688,6.9688,6.9688,6.9688,6.9688,6.9688,6.9688,6.9688,6.9688,6.9688,6.9688,6.9688,6.9688,6.9688,6.9688,6.9688,6.9688,6.9688,6.9688,6.9688,6.9688,6.9688,6.9688,6.9688,6.9688,6.9688,6.9688,6.9688,6.9688,6.9688,6.9688,6.9688,6.9688,6.9688,6.9688,6.9688,6.9688,6.9688,6.9688,6.9688,6.9688,6.9688,6.9688,6.9688,6.9688,6.9688,6.9688,6.9688,6.9688,6.9688,6.9688,6.9688,6.9688,6.9688,6.9688,6.9688,6.9688,6.9688,6.9688,6.9688,6.9688,6.9688,6.9688,6.9688,6.9688,6.9688,6.9688,6.9688,6.9688,6.9688,6.9688,6.9688,6.9688,6.9688,6.9688,6.9688,6.9688,6.9688,6.9688,6.9688,6.9688,6.9688,6.9688,6.9688,6.9688,6.9688,6.9688,6.9688,6.9688,6.9688,6.9688,6.9688,6.9688,6.9688,6.9688,6.9688,6.9688,6.9688,6.9688,6.9688,6.9688,6.9688,6.9688,6.9688,6.9688,6.9688,6.9688,6.9688,6.9688,6.9688,6.9688,6.9688,6.9688,6.9688,6.9688,6.9688,6.9688,6.9688,6.9688,6.9688,6.9688,6.9688,6.9688,6.9688,6.9688,6.9688,6.9688,6.9688,6.9688,6.9688,6.9688,6.9688,6.9688,6.9688,6.9688,6.9688,6.9688,6.9688,6.9688,6.9688,6.9688,6.9688,6.9688,6.9688,6.9688,6.9688,6.9688,6.9688,6.9688,6.9688,6.9688,6.9688,6.9688,6.9688,6.9688,6.9688,6.9688,6.9688,6.9688,6.9688,6.9688,6.9688,6.9688,6.9688,6.9688,6.9688,6.9688,6.9688,6.9688,6.9688,6.9688,6.9688,6.9688,6.9688,6.9688,6.9688,6.9688,6.9688,6.9688,6.9688,6.9688,6.9688,6.9688,6.9688,6.9688,6.9688,6.9688,6.9688,6.9688,6.9688,6.9688,6.9688,6.9688,6.9688,6.9688,6.9688,6.9688,6.9688,6.9688,6.9688,6.9688,6.9688,6.9688,6.9688,6.9688,6.9688,6.9688,6.9688,6.9688,6.9688,6.9688,6.9688,6.9688,6.9688,6.9688,6.9688,6.9688,6.9688,6.9688,6.9688,6.9688,6.9688,6.9688,6.9688,6.9688,6.9688,6.9688,6.9688,6.9688,6.9688,6.9688,6.9688,6.9688,6.9688,6.9688,6.9688,6.9688,6.9688,6.9688,6.9688,6.9688,6.9688,6.9688,6.9688,6.9688,6.9688,6.9688,6.9688,6.9688,6.9688,6.9688,6.9688,6.9688,6.9688,6.9688,6.9688,6.9688,6.9688,6.9688,6.9688,6.9688,6.9688,6.9688,6.9688,6.9688,6.9688,6.9688,6.9688,6.9688,6.9688,6.9688,6.9688,6.9688,6.9688,6.9688,6.9688,6.9688,6.9688,6.9688,6.9688,6.9688,6.9688,6.9688,6.9688,6.9688,6.9688,6.9688,6.9688,6.9688,6.9688,6.9688,6.9688,6.9688,6.9688,6.9688,6.9688,6.9688,6.9688,6.9688,6.9688,6.9688,6.9688,6.9688,6.9688,6.9688,6.9693,6.9693,6.9693,6.9693,6.9693,6.9693,6.9693,6.9693,6.9693,6.9693,6.9693,6.9693,6.9693,6.9693,6.9693,6.9693,6.9693,6.9693,6.9693,6.9693,6.9693,6.9693,6.9693,6.9693,6.9693,6.9693,6.9693,6.9693,6.9693,6.9693,6.9693,6.9693,6.9693,6.9693,6.9693,6.9693,6.9693,6.9693,6.9693,6.9693,6.9693,6.9693,6.9693,6.9693,6.9693,6.9693,6.9693,6.9693,6.9693,6.9693,6.9693,6.9693,6.9693,6.9693,6.9693,6.9693,6.9693,6.9693,6.9693,6.9693,6.9693
6.9638,6.9638,6.9638,6.9638,6.9638,6.9638,6.9638,6.9638,6.9638,6.9638,6.9638,6.9638,6.9638,6.9638,6.9638,6.9638,6.9638,6.9638,6.9638,6.9638,6.9638,6.9638,6.9638,6.9638,6.9638,6.9638,6.9638,6.9638,6.9638,6.9638,6.9638,6.9638,6.9638,6.9638,6.9638,6.9638,6.9638,6.9638,6.9638,6.9638,6.9638,6.9638,6.9638,6.9638,6.9638,6.9638,6.9638,6.9638,6.9638,6.9638,6.9638,6.9638,6.9638,6.9638,6.9638,6.9638,6.9638,6.9638,6.9638,6.9638,6.9638,6.9638,6.9638,6.9638,6.9638,6.9638,6.9638,6.9638,6.9638,6.9638,6.9638,6.9638,6.9638,6.9638,6.9638,6.9638,6.9638,6.9638,6.9638,6.9638,6.9638,6.9638,6.9638,6.9638,6.9638,6.9638,6.9638,6.9638,6.9638,6.9638,6.9638,6.9638,6.9638,6.9638,6.9638,6.9638,6.9638,6.9638,6.9638,6.9638,6.9638,6.9638,6.9638,6.9638,6.9638,6.9638,6.9638,6.9638,6.9638,6.9638,6.9638,6.9638,6.9638,6.9638,6.9638,6.9638,6.9638,6.9638,6.9638,6.9638,6.9638,6.9638,6.9638,6.9638,6.9638,6.9638,6.9638,6.9638,6.9638,6.9638,6.9638,6.9638,6.9638,6.9638,6.9638,6.9638,6.9638,6.9638,6.9638,6.9638,6.9638,6.9638,6.9638,6.9638,6.9638,6.9638,6.9638,6.9638,6.9638,6.9638,6.9638,6.9638,6.9638,6.9638,6.9638,6.9638,6.9638,6.9638,6.9638,6.9638,6.9638,6.9638,6.9638,6.9638,6.9638,6.9638,6.9638,6.9638,6.9638,6.9638,6.9638,6.9638,6.9638,6.9638,6.9638,6.9638,6.9638,6.9638,6.9638,6.9638,6.9638,6.9638,6.9638,6.9638,6.9638,6.9638,6.9638,6.9638,6.9638,6.9638,6.9638,6.9638,6.9638,6.9638,6.9638,6.9638,6.9638,6.9638,6.9638,6.9638,6.9638,6.9638,6.9638,6.9638,6.9638,6.9638,6.9638,6.9638,6.9638,6.9638,6.9638,6.9638,6.9638,6.9638,6.9638,6.9638,6.9638,6.9638,6.9638,6.9638,6.9638,6.9638,6.9638,6.9638,6.9638,6.9638,6.9638,6.9638,6.9638,6.9638,6.9638,6.9638,6.9638,6.9638,6.9638,6.9638,6.9638,6.9638,6.9638,6.9638,6.9638,6.9638,6.9638,6.9638,6.9638,6.9638,6.9638,6.9638,6.9638,6.9638,6.9638,6.9638,6.9638,6.9638,6.9638,6.9638,6.9638,6.9638,6.9638,6.9638,6.9638,6.9638,6.9638,6.9638,6.9638,6.9638,6.9638,6.9638,6.9638,6.9638,6.9638,6.9638,6.9638,6.9638,6.9638,6.9638,6.9638,6.9638,6.9638,6.9638,6.9638,6.9638,6.9638,6.9638,6.9638,6.9638,6.9638,6.9638,6.9638,6.9638,6.9638,6.9638,6.9638,6.9638,6.9638,6.9638,6.9638,6.9638,6.9638,6.9638,6.9638,6.9638,6.9638,6.9638,6.9638,6.9638,6.9638,6.9638,6.9638,6.9638,6.9638,6.9638,6.9638,6.9638,6.9638,6.9638,6.9638,6.9638,6.9638,6.9638,6.9638,6.9638,6.9638,6.9638,6.9638,6.9638,6.9638,6.9638,6.9638,6.9638,6.9638,6.9638,6.9638,6.9638,6.9638,6.9638,6.9638,6.9638,6.9638,6.9638,6.9638,6.9638,6.9638,6.9638,6.9638,6.9638,6.9638,6.9638,6.9638,6.9638,6.9638,6.9638,6.9638,6.9638,6.9638,6.9638,6.9638,6.9638,6.9638,6.9638,6.9638,6.9638,6.9638,6.9638,6.9638,6.9638,6.9638,6.9638,6.9638,6.9638,6.9638,6.9638,6.9638,6.9638,6.9638,6.9638,6.9638,6.9638,6.9638,6.9638,6.9638,6.9638,6.9638,6.9638,6.9638,6.9638,6.9638,6.9638,6.9638,6.9638,6.9638,6.9638,6.9638,6.9638,6.9638,6.9638,6.9638,6.9638,6.9638,6.9638,6.9638,6.9638,6.9638,6.9638,6.9638,6.9638,6.9638,6.9638,6.9638,6.9638,6.9638,6.9638,6.9638,6.9638,6.9638,6.9638,6.9638,6.9638,6.9638,6.9638,6.9638,6.9638,6.9638,6.9638,6.9638,6.9638,6.9638,6.9638,6.9638,6.9638,6.9638,6.9638,6.9638,6.9638,6.9638,6.9638,6.9638,6.9638,6.9638,6.9638,6.1749,6.1564,6.1449,6.1335,6.1216,6.1098,6.0980,6.0863,6.0753,6.0646,6.0541,6.0434,6.0384,6.0336,6.0289,6.0241,6.0196,6.0148,6.0105,6.0084,6.0067,6.0043,6.0024,6.0000,5.9979,5.9957,5.9936,5.9917,5.9895,5.9876,5.9855,5.9835,5.9814,5.9795,5.9774,5.9755,5.9733,5.9714,5.9693,5.9674,5.9653,5.9634,5.9612,5.9593,5.9572,5.9553,5.9532,5.9515,5.9507,5.9505,5.9515,5.9532,5.9557,5.9581,5.9606,5.9631,5.9655,5.9680,5.9706,5.9731,5.9755,5.9780,5.9806,5.9831,5.9855,5.9880,5.9904,5.9927,5.9951,5.9976,6.0000,6.0024,6.0049,6.0073,6.0099,6.0122,6.0148,6.0172,6.0196,6.0222,6.0245,6.0271,6.0295,6.0358,6.0539,6.0747,6.0958,6.1176,6.1413,6.1627,6.1845,6.9638,6.9638,6.9638,6.9638,6.9638,6.9638,6.9638,6.9638,6.9638,6.9638,6.9638,6.9638,6.9638,6.9638,6.9638,6.9638,6.9638,6.9638,6.9638,6.9638,6.9638,6.9638,6.9638,6.9638,6.9638,6.9638,6.9638,6.9638,6.9638,6.9638,6.9638,6.9638,6.9638,6.9638,6.9638,6.9638,6.9638,6.9638,6.9638,6.9638,6.9638,6.9638,6.9638,6.9638,6.9638,6.9638,6.9638,6.9638,6.9638,6.9638,6.9638,6.9638,6.9638,6.9638,6.9638,6.9638,6.9638,6.9638,6.9638,6.9638,6.9638,6.9638,6.9638,6.9638,6.9638,6.9638,6.9638,6.9638,6.9638,6.9638,6.9638,6.9638,6.9638,6.9638,6.9638,6.9638,6.9638,6.9638,6.9638,6.9638,6.9638,6.9638,6.9638,6.9638,6.9638,6.9638,6.9638,6.9638,6.9638,6.9638,6.9638,6.9638,6.9638,6.9638,6.9638,6.9638,6.9638,6.9638,6.9638,6.9638,6.9638,6.9638,6.9638,6.9638,6.9638,6.9638,6.9638,6.9638,6.9638,6.9638,6.9638,6.9638,6.9638,6.9638,6.9638,6.9638,6.9638,6.9638,6.9638,6.9638,6.9638,6.9638,6.9638,6.9638,6.9638,6.9638,6.9638,6.9638,6.9638,6.9638,6.9638,6.9638,6.9638,6.9638,6.9638,6.9638,6.9638,6.9638,6.9638,6.9638,6.9638,6.9638,6.9638,6.9638,6.9638,6.9638,6.9638,6.9638,6.9638,6.9638,6.9638,6.9638,6.9638,6.9638,6.9638,6.9638,6.9638,6.9638,6.9638,6.9638,6.9638,6.9638,6.9638,6.9638,6.9638,6.9638,6.9638,6.9638,6.9638,6.9638,6.9638,6.9638,6.9638,6.9638,6.9638,6.9638,6.9638,6.9638,6.9638,6.9638,6.9638,6.9638,6.9638,6.9638,6.9638,6.9638,6.9638,6.9638,6.9638,6.9638,6.9638,6.9638,6.9638,6.9638,6.9638,6.9638,6.9638,6.9638,6.9638,6.9638,6.9638,6.9638,6.9638,6.9638,6.9638,6.9638,6.9638,6.9638,6.9638,6.9638,6.9638,6.9638,6.9638,6.9638,6.9638,6.9638,6.9638,6.9638,6.9638,6.9638,6.9638,6.9638,6.9638,6.9638,6.9638,6.9638,6.9638,6.9638,6.9638,6.9638,6.9638,6.9638,6.9638,6.9633,6.9633,6.9633,6.9633,6.9633,6.9633,6.9633,6.9633,6.9633,6.9633,6.9633,6.9633,6.9633,6.9633,6.9633,6.9633,6.9633,6.9633,6.9633,6.9633,6.9633,6.9633,6.9633,6.9633,6.9633,6.9633,6.9633,6.9633,6.9633,6.9633,6.9633,6.9633,6.9633,6.9633,6.9633,6.9633,6.9633,6.9633,6.9633,6.9633,6.9633,6.9633,6.9633,6.9633,6.9633,6.9633,6.9633,6.9633,6.9633,6.9633,6.9633,6.9633,6.9633,6.9633,6.9633,6.9633,6.9633,6.9633,6.9633,6.9633,6.9633,6.9633,6.9633,6.9633,6.9633,6.9633,6.9633,6.9633,6.9633,6.9633,6.9633,6.9633,6.9633,6.9633,6.9633,6.9633,6.9633,6.9633,6.9633,6.9633,6.9633,6.9633,6.9633,6.9633,6.9633,6.9633,6.9633,6.9633,6.9633,6.9633,6.9633,6.9633,6.9633,6.9633,6.9633,6.9633,6.9633,6.9633,6.9633,6.9633,6.9633,6.9633,6.9633,6.9633,6.9633,6.9633,6.9633,6.9633,6.9633,6.9633,6.9633,6.9633,6.9633,6.9633,6.9633,6.9633,6.9633,6.9633,6.9633,6.9633,6.9633,6.9633,6.9633,6.9633,6.9633,6.9633,6.9633,6.9633,6.9633,6.9633,6.9633,6.9633,6.9633,6.9633,6.9633,6.9633,6.9633,6.9633,6.9633,6.9633,6.9633,6.9633,6.9633,6.9633,6.9633,6.9633,6.9633,6.9633,6.9633,6.9633,6.9633,6.9633,6.9633,6.9633,6.9633,6.9633,6.9633,6.9633,6.9633,6.9633,6.9633,6.9633,6.9633,6.9633,6.9633,6.9633,6.9633,6.9633,6.9633,6.9633,6.9633,6.9633,6.9633,6.9633,6.9633,6.9633,6.9633,6.9633,6.9633,6.9633,6.9633,6.9633,6.9633,6.9633,6.9633,6.9633,6.9633,6.9633,6.9633,6.9633,6.9633,6.9633,6.9633,6.9633,6.9633,6.9633
6.9581,6.9581,6.9581,6.9581,6.9581,6.9581,6.9581,6.9581,6.9581,6.9581,6.9581,6.9581,6.9581,6.9581,6.9581,6.9581,6.9581,6.9581,6.9581,6.9581,6.9581,6.9581,6.9581,6.9581,6.9581,6.9581,6.9581,6.9581,6.9581,6.9581,6.9581,6.9581,6.9581,6.9581,6.9581,6.9581,6.9581,6.9581,6.9581,6.9581,6.9581,6.9581,6.9581,6.9581,6.9581,6.9581,6.9581,6.9581,6.9581,6.9581,6.9581,6.9581,6.9581,6.9581,6.9581,6.9581,6.9581,6.9581,6.9581,6.9581,6.9581,6.9581,6.9581,6.9581,6.9581,6.9581,6.9581,6.9581,6.9581,6.9581,6.9581,6.9581,6.9581,6.9581,6.9581,6.9581,6.9581,6.9581,6.9581,6.9581,6.9581,6.9581,6.9581,6.9581,6.9581,6.9581,6.9581,6.9581,6.9581,6.9581,6.9581,6.9581,6.9581,6.9581,6.9581,6.9581,6.9581,6.9581,6.9581,6.9581,6.9581,6.9581,6.9581,6.9581,6.9581,6.9581,6.9581,6.9581,6.9581,6.9581,6.9581,6.9581,6.9581,6.9581,6.9581,6.9581,6.9581,6.9581,6.9581,6.9581,6.9581,6.9581,6.9581,6.9581,6.9581,6.9581,6.9581,6.9581,6.9581,6.9581,6.9581,6.9581,6.9581,6.9581,6.9581,6.9581,6.9581,6.9581,6.9581,6.9581,6.9581,6.9581,6.9581,6.9581,6.9581,6.9581,6.9581,6.9581,6.9581,6.9581,6.9581,6.9581,6.9581,6.9581,6.9581,6.9581,6.9581,6.9581,6.9581,6.9581,6.9581,6.9581,6.9581,6.9581,6.9581,6.9581,6.9581,6.9581,6.9581,6.9581,6.9581,6.9581,6.9581,6.9581,6.9581,6.9581,6.9581,6.9581,6.9581,6.9581,6.9581,6.9581,6.9581,6.9581,6.9581,6.9581,6.9581,6.9581,6.9581,6.9581,6.9581,6.9581,6.9581,6.9581,6.9581,6.9581,6.9581,6.9581,6.9581,6.9581,6.9581,6.9581,6.9581,6.9581,6.9581,6.9581,6.9581,6.9581,6.9581,6.9581,6.9581,6.9581,6.9581,6.9581,6.9581,6.9581,6.9581,6.9581,6.9581,6.9581,6.9581,6.9581,6.9581,6.9581,6.9581,6.9581,6.9581,6.9581,6.9581,6.9581,6.9581,6.9581,6.9581,6.9581,6.9581,6.9581,6.9581,6.9581,6.9581,6.9581,6.9581,6.9581,6.9581,6.9581,6.9581,6.9581,6.9581,6.9581,6.9581,6.9581,6.9581,6.9581,6.9581,6.9581,6.9581,6.9581,6.9581,6.9581,6.9581,6.9581,6.9581,6.9581,6.9581,6.9581,6.9581,6.9581,6.9581,6.9581,6.9581,6.9581,6.9581,6.9581,6.9581,6.9581,6.9581,6.9581,6.9581,6.9581,6.9581,6.9581,6.9581,6.9581,6.9581,6.9581,6.9581,6.9581,6.9581,6.9581,6.9581,6.9581,6.9581,6.9581,6.9581,6.9581,6.9581,6.9581,6.9581,6.9581,6.9581,6.9581,6.9581,6.9581,6.9581,6.9581,6.9581,6.9581,6.9581,6.9581,6.9581,6.9581,6.9581,6.9581,6.9581,6.9581,6.9581,6.9581,6.9581,6.9581,6.9581,6.9581,6.9581,6.9581,6.9581,6.9581,6.9581,6.9581,6.9581,6.9581,6.9581,6.9581,6.9581,6.9581,6.9581,6.9581,6.9581,6.9581,6.9581,6.9581,6.9581,6.9581,6.9581,6.9581,6.9581,6.9581,6.9581,6.9581,6.9581,6.9581,6.9581,6.9581,6.9581,6.9581,6.9581,6.9581,6.9581,6.9581,6.9581,6.9581,6.9581,6.9581,6.9581,6.9581,6.9581,6.9581,6.9581,6.9581,6.9584,6.9584,6.9584,6.9584,6.9584,6.9584,6.9584,6.9584,6.9584,6.9584,6.9584,6.9584,6.9584,6.9584,6.9584,6.9584,6.9584,6.9584,6.9584,6.9584,6.9584,6.9584,6.9584,6.9584,6.9584,6.9584,6.9584,6.9584,6.9584,6.9584,6.9584,6.9584,6.9584,6.9584,6.9584,6.9584,6.9584,6.9584,6.9584,6.9584,6.9584,6.9584,6.9584,6.9584,6.9584,6.9584,6.9584,6.9584,6.9584,6.9584,6.9584,6.9584,6.9584,6.9584,6.9584,6.9584,6.9584,6.9584,6.9584,6.9584,6.9584,6.9584,6.9584,6.9584,6.9584,6.9584,6.9584,6.9584,6.9584,6.9584,6.9584,6.9584,6.9584,6.9584,6.9584,6.9584,6.1781,6.1575,6.1386,6.1267,6.1151,6.1034,6.0916,6.0799,6.0690,6.0584,6.0478,6.0414,6.0367,6.0321,6.0273,6.0226,6.0183,6.0161,6.0140,6.0118,6.0099,6.0077,6.0056,6.0034,6.0013,5.9991,5.9972,5.9951,5.9931,5.9910,5.9891,5.9870,5.9850,5.9829,5.9810,5.9789,5.9769,5.9748,5.9729,5.9708,5.9689,5.9667,5.9648,5.9627,5.9608,5.9587,5.9568,5.9553,5.9574,5.9600,5.9625,5.9648,5.9674,5.9699,5.9725,5.9748,5.9774,5.9799,5.9825,5.9848,5.9874,5.9899,5.9925,5.9949,5.9974,5.9998,6.0026,6.0049,6.0077,6.0103,6.0129,6.0157,6.0183,6.0211,6.0237,6.0265,6.0291,6.0317,6.0345,6.0378,6.0491,6.0683,6.0892,6.1105,6.1335,6.1571,6.1786,6.2003,6.9584,6.9584,6.9584,6.9584,6.9584,6.9584,6.9584,6.9584,6.9584,6.9584,6.9584,6.9584,6.9584,6.9584,6.9584,6.9584,6.9584,6.9584,6.9584,6.9584,6.9584,6.9584,6.9584,6.9584,6.9584,6.9584,6.9584,6.9584,6.9584,6.9584,6.9584,6.9584,6.9584,6.9584,6.9584,6.9584,6.9584,6.9584,6.9584,6.9584,6.9584,6.9584,6.9584,6.9584,6.9584,6.9584,6.9584,6.9584,6.9584,6.9584,6.9584,6.9584,6.9584,6.9584,6.9584,6.9584,6.9584,6.9584,6.9584,6.9584,6.9584,6.9584,6.9584,6.9584,6.9584,6.9584,6.9584,6.9584,6.9584,6.9584,6.9584,6.9584,6.9584,6.9584,6.9584,6.9584,6.9584,6.9584,6.9584,6.9584,6.9584,6.9584,6.9584,6.9584,6.9584,6.9584,6.9584,6.9584,6.9584,6.9584,6.9584,6.9584,6.9584,6.9584,6.9584,6.9584,6.9584,6.9584,6.9584,6.9584,6.9584,6.9584,6.9584,6.9584,6.9584,6.9584,6.9584,6.9584,6.9584,6.9584,6.9584,6.9584,6.9584,6.9584,6.9584,6.9584,6.9584,6.9584,6.9584,6.9584,6.9584,6.9584,6.9584,6.9584,6.9584,6.9584,6.9584,6.9584,6.9584,6.9584,6.9584,6.9584,6.9584,6.9584,6.9584,6.9584,6.9584,6.9584,6.9584,6.9584,6.9584,6.9584,6.9584,6.9584,6.9584,6.9584,6.9584,6.9584,6.9584,6.9584,6.9584,6.9584,6.9584,6.9584,6.9584,6.9584,6.9584,6.9584,6.9584,6.9584,6.9584,6.9584,6.9584,6.9584,6.9584,6.9584,6.9584,6.9584,6.9584,6.9584,6.9584,6.9584,6.9584,6.9584,6.9584,6.9584,6.9584,6.9584,6.9584,6.9584,6.9584,6.9584,6.9584,6.9584,6.9584,6.9584,6.9584,6.9584,6.9584,6.9584,6.9584,6.9584,6.9584,6.9584,6.9584,6.9584,6.9584,6.9584,6.9584,6.9584,6.9584,6.9584,6.9584,6.9584,6.9584,6.9584,6.9584,6.9584,6.9584,6.9584,6.9584,6.9584,6.9584,6.9584,6.9584,6.9584,6.9584,6.9584,6.9584,6.9584,6.9584,6.9584,6.9584,6.9584,6.9584,6.9584,6.9584,6.9584,6.9584,6.9584,6.9584,6.9584,6.9584,6.9584,6.9584,6.9584,6.9584,6.9584,6.9584,6.9584,6.9584,6.9584,6.9584,6.9584,6.9584,6.9584,6.9584,6.9584,6.9584,6.9584,6.9584,6.9584,6.9584,6.9584,6.9584,6.9584,6.9584,6.9584,6.9584,6.9584,6.9584,6.9584,6.9584,6.9584,6.9584,6.9584,6.9584,6.9584,6.9584,6.9584,6.9584,6.9584,6.9584,6.9584,6.9584,6.9584,6.9584,6.9584,6.9584,6.9584,6.9584,6.9584,6.9584,6.9584,6.9584,6.9584,6.9584,6.9584,6.9584,6.9584,6.9584,6.9584,6.9584,6.9584,6.9584,6.9584,6.9584,6.9584,6.9584,6.9584,6.9584,6.9584,6.9584,6.9584,6.9584,6.9584,6.9584,6.9584,6.9584,6.9584,6.9584,6.9584,6.9584,6.9584,6.9584,6.9584,6.9584,6.9584,6.9584,6.9584,6.9584,6.9584,6.9584,6.9584,6.9584,6.9584,6.9584,6.9584,6.9584,6.9584,6.9584,6.9584,6.9584,6.9584,6.9584,6.9584,6.9584,6.9584,6.9584,6.9584,6.9584,6.9584,6.9584,6.9584,6.9584,6.9584,6.9584,6.9584,6.9584,6.9584,6.9584,6.9584,6.9584,6.9584,6.9584,6.9584,6.9584,6.9584,6.9584,6.9584,6.9584,6.9584,6.9584,6.9584,6.9584,6.9584,6.9584,6.9584,6.9584,6.9584,6.9584,6.9584,6.9584,6.9584,6.9584,6.9584,6.9584,6.9584,6.9584,6.9584,6.9584,6.9584,6.9584,6.9584,6.9584,6.9584,6.9584,6.9584,6.9584,6.9584,6.9584,6.9584,6.9584,6.9584,6.9584,6.9584,6.9584,6.9584,6.9584,6.9584,6.9584,6.9584,6.9584,6.9584,6.9584,6.9584,6.9584,6.9584,6.9584,6.9584,6.9584,6.9584,6.9584,6.9584,6.9584,6.9584,6.9584,6.9584,6.9584,6.9584,6.9584,6.9584,6.9584,6.9584,6.9584,6.9584,6.9584,6.9584,6.9584,6.9584
6.9532,6.9532,6.9532,6.9532,6.9532,6.9532,6.9532,6.9532,6.9532,6.9532,6.9532,6.9532,6.9532,6.9532,6.9532,6.9532,6.9532,6.9532,6.9532,6.9532,6.9532,6.9532,6.9532,6.9532,6.9532,6.9532,6.9532,6.9532,6.9532,6.9532,6.9532,6.9532,6.9532,6.9532,6.9532,6.9532,6.9532,6.9532,6.9532,6.9532,6.9532,6.9532,6.9532,6.9532,6.9532,6.9532,6.9532,6.9532,6.9532,6.9532,6.9532,6.9532,6.9532,6.9532,6.9532,6.9532,6.9532,6.9532,6.9532,6.9532,6.9532,6.9532,6.9532,6.9532,6.9532,6.9532,6.9532,6.9532,6.9532,6.9532,6.9532,6.9532,6.9532,6.9532,6.9532,6.9532,6.9532,6.9532,6.9532,6.9532,6.9532,6.9532,6.9532,6.9532,6.9532,6.9532,6.9532,6.9532,6.9532,6.9532,6.9532,6.9532,6.9532,6.9532,6.9532,6.9532,6.9532,6.9532,6.9532,6.9532,6.9532,6.9532,6.9532,6.9532,6.9532,6.9532,6.9532,6.9532,6.9532,6.9532,6.9532,6.9532,6.9532,6.9532,6.9532,6.9532,6.9532,6.9532,6.9532,6.9532,6.9532,6.9532,6.9532,6.9532,6.9532,6.9532,6.9532,6.9532,6.9532,6.9532,6.9532,6.9532,6.9532,6.9532,6.9532,6.9532,6.9532,6.9532,6.9532,6.9532,6.9532,6.9532,6.9532,6.9532,6.9532,6.9532,6.9532,6.9532,6.9532,6.9532,6.9532,6.9532,6.9532,6.9532,6.9532,6.9532,6.9532,6.9532,6.9532,6.9532,6.9532,6.9532,6.9532,6.9532,6.9532,6.9532,6.9532,6.9532,6.9532,6.9532,6.9532,6.9532,6.9532,6.9532,6.9532,6.9532,6.9532,6.9532,6.9532,6.9532,6.9532,6.9532,6.9532,6.9532,6.9532,6.9532,6.9532,6.9532,6.9532,6.9532,6.9532,6.9532,6.9532,6.9532,6.9532,6.9532,6.9532,6.9532,6.9532,6.9532,6.9532,6.9532,6.9532,6.9532,6.9532,6.9532,6.9532,6.9532,6.9532,6.9532,6.9532,6.9532,6.9532,6.9532,6.9532,6.9532,6.9532,6.9532,6.9532,6.9532,6.9532,6.9532,6.9532,6.9532,6.9532,6.9532,6.9532,6.9532,6.9532,6.9532,6.9532,6.9532,6.9532,6.9532,6.9532,6.9532,6.9532,6.9532,6.9532,6.9532,6.9532,6.9532,6.9532,6.9532,6.9532,6.9532,6.9532,6.9532,6.9532,6.9532,6.9532,6.9532,6.9532,6.9532,6.9532,6.9532,6.9532,6.9532,6.9532,6.9532,6.9532,6.9532,6.9532,6.9532,6.9532,6.9532,6.9532,6.9532,6.9532,6.9532,6.9532,6.9532,6.9532,6.9532,6.9532,6.9532,6.9532,6.9532,6.9532,6.9532,6.9532,6.9532,6.9532,6.9532,6.9532,6.9532,6.9532,6.9532,6.9532,6.9532,6.9532,6.9532,6.9532,6.9532,6.9532,6.9532,6.9532,6.9532,6.9532,6.9532,6.9532,6.9532,6.9532,6.9532,6.9532,6.9532,6.9532,6.9532,6.9532,6.9532,6.9532,6.9532,6.9532,6.9532,6.9532,6.9532,6.9532,6.9532,6.9532,6.9532,6.9532,6.9532,6.9532,6.9532,6.9532,6.9532,6.9532,6.9532,6.9532,6.9532,6.9532,6.9532,6.9532,6.9532,6.9532,6.9532,6.9532,6.9532,6.9532,6.9532,6.9532,6.9532,6.9532,6.9532,6.9532,6.9532,6.9532,6.9532,6.9532,6.9532,6.9532,6.9532,6.9532,6.9532,6.9532,6.9532,6.9532,6.9532,6.9532,6.9532,6.9532,6.9532,6.9532,6.9532,6.9532,6.9532,6.9532,6.9532,6.9532,6.9532,6.9532,6.9532,6.9532,6.9532,6.9532,6.9532,6.9532,6.9532,6.9532,6.9532,6.9532,6.9532,6.9532,6.9532,6.9532,6.9532,6.9532,6.9532,6.9532,6.9532,6.9532,6.9532,6.9532,6.9532,6.9532,6.9532,6.9532,6.9532,6.9532,6.9532,6.9532,6.9532,6.9532,6.9532,6.9532,6.9532,6.9532,6.9532,6.9532,6.9532,6.9532,6.9532,6.9532,6.9532,6.9532,6.9532,6.9532,6.9532,6.9532,6.9532,6.9532,6.9532,6.9532,6.9532,6.9532,6.9532,6.9532,6.9532,6.9532,6.9532,6.9532,6.9532,6.9532,6.9532,6.9532,6.9532,6.9532,6.9532,6.9532,6.9532,6.9532,6.9532,6.9532,6.9532,6.1815,6.1609,6.1404,6.1203,6.1085,6.0967,6.0850,6.0736,6.0628,6.0521,6.0447,6.0399,6.0351,6.0304,6.0258,6.0239,6.0217,6.0196,6.0174,6.0153,6.0133,6.0112,6.0090,6.0069,6.0047,6.0028,6.0009,5.9987,5.9968,5.9946,5.9927,5.9906,5.9887,5.9865,5.9846,5.9825,5.9806,5.9784,5.9765,5.9744,5.9725,5.9714,5.9701,5.9691,5.9678,5.9667,5.9689,5.9714,5.9740,5.9763,5.9789,5.9814,5.9840,5.9863,5.9889,5.9914,5.9940,5.9966,5.9989,6.0015,6.0041,6.0071,6.0097,6.0122,6.0150,6.0176,6.0204,6.0230,6.0256,6.0284,6.0310,6.0338,6.0364,6.0393,6.0419,6.0486,6.0600,6.0714,6.0828,6.1038,6.1254,6.1492,6.1727,6.1943,6.9532,6.9532,6.9532,6.9532,6.9532,6.9532,6.9532,6.9532,6.9532,6.9532,6.9532,6.9532,6.9532,6.9532,6.9532,6.9532,6.9532,6.9532,6.9532,6.9532,6.9532,6.9532,6.9532,6.9532,6.9532,6.9532,6.9532,6.9532,6.9532,6.9532,6.9532,6.9532,6.9532,6.9532,6.9532,6.9532,6.9532,6.9532,6.9532,6.9532,6.9532,6.9532,6.9532,6.9532,6.9532,6.9532,6.9532,6.9532,6.9532,6.9532,6.9532,6.9532,6.9532,6.9532,6.9532,6.9532,6.9532,6.9532,6.9532,6.9532,6.9532,6.9532,6.9532,6.9532,6.9532,6.9532,6.9532,6.9532,6.9532,6.9532,6.9532,6.9532,6.9532,6.9532,6.9532,6.9532,6.9532,6.9532,6.9532,6.9532,6.9532,6.9532,6.9532,6.9532,6.9532,6.9532,6.9532,6.9532,6.9532,6.9532,6.9532,6.9532,6.9532,6.9532,6.9532,6.9532,6.9532,6.9532,6.9532,6.9532,6.9532,6.9532,6.9532,6.9532,6.9532,6.9532,6.9532,6.9532,6.9532,6.9532,6.9532,6.9532,6.9532,6.9532,6.9532,6.9532,6.9532,6.9532,6.9532,6.9532,6.9532,6.9532,6.9532,6.9532,6.9532,6.9532,6.9532,6.9532,6.9532,6.9532,6.9532,6.9532,6.9532,6.9532,6.9532,6.9532,6.9532,6.9532,6.9532,6.9532,6.9532,6.9532,6.9532,6.9532,6.9532,6.9532,6.9532,6.9532,6.9532,6.9532,6.9532,6.9532,6.9532,6.9532,6.9532,6.9532,6.9532,6.9532,6.9532,6.9532,6.9532,6.9532,6.9532,6.9532,6.9532,6.9532,6.9532,6.9532,6.9532,6.9532,6.9532,6.9532,6.9532,6.9532,6.9532,6.9532,6.9532,6.9532,6.9532,6.9532,6.9532,6.9532,6.9532,6.9532,6.9532,6.9532,6.9532,6.9532,6.9532,6.9532,6.9532,6.9532,6.9532,6.9532,6.9532,6.9532,6.9532,6.9532,6.9532,6.9532,6.9532,6.9532,6.9532,6.9532,6.9532,6.9532,6.9532,6.9532,6.9532,6.9532,6.9532,6.9532,6.9532,6.9532,6.9532,6.9532,6.9532,6.9532,6.9532,6.9532,6.9532,6.9532,6.9532,6.9532,6.9532,6.9532,6.9532,6.9532,6.9532,6.9532,6.9532,6.9532,6.9532,6.9532,6.9532,6.9532,6.9532,6.9532,6.9532,6.9532,6.9532,6.9532,6.9532,6.9532,6.9532,6.9532,6.9532,6.9532,6.9532,6.9532,6.9532,6.9532,6.9532,6.9532,6.9532,6.9532,6.9532,6.9532,6.9532,6.9532,6.9532,6.9532,6.9532,6.9532,6.9532,6.9532,6.9532,6.9532,6.9532,6.9532,6.9532,6.9532,6.9532,6.9532,6.9532,6.9532,6.9532,6.9532,6.9532,6.9532,6.9532,6.9532,6.9532,6.9532,6.9532,6.9532,6.9532,6.9532,6.9532,6.9532,6.9532,6.9532,6.9532,6.9532,6.9532,6.9532,6.9532,6.9532,6.9532,6.9532,6.9532,6.9532,6.9532,6.9532,6.9532,6.9532,6.9532,6.9532,6.9532,6.9532,6.9532,6.9532,6.9532,6.9532,6.9532,6.9532,6.9532,6.9532,6.9532,6.9532,6.9532,6.9532,6.9532,6.9532,6.9532,6.9532,6.9532,6.9532,6.9532,6.9532,6.9532,6.9532,6.9532,6.9532,6.9532,6.9532,6.9532,6.9532,6.9532,6.9532,6.9532,6.9532,6.9532,6.9532,6.9532,6.9532,6.9532,6.9532,6.9532,6.9532,6.9532,6.9532,6.9532,6.9532,6.9532,6.9532,6.9532,6.9532,6.9532,6.9532,6.9532,6.9532,6.9532,6.9532,6.9532,6.9532,6.9532,6.9532,6.9532,6.9532,6.9532,6.9532,6.9532,6.9532,6.9532,6.9532,6.9532,6.9532,6.9532,6.9532,6.9532,6.9532,6.9532,6.9532,6.9532,6.9532,6.9532,6.9532,6.9532,6.9532,6.9532,6.9532,6.9532,6.9532,6.9532,6.9532,6.9532,6.9532,6.9532,6.9532,6.9532,6.9532,6.9532,6.9532,6.9532,6.9532,6.9532,6.9532,6.9532,6.9532,6.9532,6.9532,6.9532,6.9532,6.9532,6.9532,6.9532,6.9532,6.9532,6.9532,6.9532,6.9532,6.9532,6.9532,6.9532,6.9532,6.9532,6.9532,6.9532,6.9532,6.9532,6.9532
6.9471,6.9471,6.9471,6.9471,6.9471,6.9471,6.9471,6.9471,6.9471,6.9471,6.9471,6.9471,6.9471,6.9471,6.9471,6.9471,6.9471,6.9471,6.9471,6.9471,6.9471,6.9471,6.9471,6.9471,6.9471,6.9471,6.9471,6.9471,6.9471,6.9471,6.9471,6.9471,6.9471,6.9471,6.9471,6.9471,6.9471,6.9471,6.9471,6.9471,6.9471,6.9471,6.9471,6.9471,6.9471,6.9471,6.9471,6.9471,6.9471,6.9471,6.9471,6.9471,6.9471,6.9471,6.9471,6.9471,6.9471,6.9471,6.9471,6.9471,6.9471,6.9471,6.9471,6.9471,6.9471,6.9471,6.9471,6.9471,6.9471,6.9471,6.9471,6.9471,6.9471,6.9471,6.9471,6.9471,6.9471,6.9471,6.9471,6.9471,6.9471,6.9471,6.9471,6.9471,6.9471,6.9471,6.9471,6.9471,6.9471,6.9471,6.9471,6.9471,6.9471,6.9471,6.9471,6.9471,6.9471,6.9471,6.9471,6.9471,6.9471,6.9471,6.9471,6.9471,6.9471,6.9471,6.9471,6.9471,6.9471,6.9471,6.9471,6.9471,6.9471,6.9471,6.9471,6.9471,6.9471,6.9471,6.9471,6.9471,6.9471,6.9471,6.9471,6.9471,6.9471,6.9471,6.9471,6.9471,6.9471,6.9471,6.9471,6.9471,6.9471,6.9471,6.9471,6.9471,6.9471,6.9471,6.9471,6.9471,6.9471,6.9471,6.9471,6.9471,6.9471,6.9471,6.9471,6.9471,6.9471,6.9471,6.9471,6.9471,6.9471,6.9471,6.9471,6.9471,6.9471,6.9471,6.9471,6.9471,6.9471,6.9471,6.9471,6.9471,6.9471,6.9471,6.9471,6.9471,6.9471,6.9471,6.9471,6.9471,6.9471,6.9471,6.9471,6.9471,6.9471,6.9471,6.9471,6.9471,6.9471,6.9471,6.9471,6.9471,6.9471,6.9471,6.9471,6.9471,6.9471,6.9471,6.9471,6.9471,6.9471,6.9471,6.9471,6.9471,6.9471,6.9471,6.9471,6.9471,6.9471,6.9471,6.9471,6.9471,6.9471,6.9471,6.9471,6.9471,6.9471,6.9471,6.9471,6.9471,6.9471,6.9471,6.9471,6.9471,6.9471,6.9471,6.9471,6.9471,6.9471,6.9471,6.9471,6.9471,6.9471,6.9471,6.9471,6.9471,6.9471,6.9471,6.9471,6.9471,6.9471,6.9471,6.9471,6.9471,6.9471,6.9471,6.9471,6.9471,6.9471,6.9471,6.9471,6.9471,6.9471,6.9471,6.9471,6.9471,6.9471,6.9471,6.9471,6.9471,6.9471,6.9471,6.9471,6.9471,6.9471,6.9471,6.9471,6.9471,6.9471,6.9471,6.9471,6.9471,6.9471,6.9471,6.9471,6.9471,6.9471,6.9471,6.9471,6.9471,6.9471,6.9471,6.9471,6.9471,6.9471,6.9471,6.9471,6.9471,6.9471,6.9471,6.9471,6.9471,6.9471,6.9471,6.9471,6.9471,6.9471,6.9471,6.9471,6.9471,6.9471,6.9471,6.9471,6.9471,6.9471,6.9471,6.9471,6.9471,6.9471,6.9471,6.9471,6.9471,6.9471,6.9471,6.9471,6.9471,6.9471,6.9471,6.9471,6.9471,6.9471,6.9471,6.9471,6.9471,6.9471,6.9471,6.9471,6.9471,6.9471,6.9471,6.9471,6.9471,6.9471,6.9471,6.9471,6.9471,6.9471,6.9471,6.9471,6.9471,6.9471,6.9471,6.9471,6.9471,6.9471,6.9471,6.9471,6.9471,6.9471,6.9471,6.9471,6.9471,6.9471,6.9471,6.9471,6.9471,6.9471,6.9471,6.9471,6.9471,6.9471,6.9471,6.9471,6.9471,6.9471,6.9471,6.9471,6.9471,6.9471,6.9471,6.9471,6.9471,6.9471,6.9471,6.9471,6.9471,6.9471,6.9471,6.9471,6.9471,6.9471,6.9471,6.9471,6.9471,6.9471,6.9471,6.9471,6.9471,6.9471,6.9471,6.9471,6.9471,6.9471,6.9471,6.9471,6.9471,6.9471,6.9471,6.9471,6.9471,6.9471,6.9471,6.9471,6.9471,6.9471,6.9471,6.9471,6.9471,6.9471,6.9471,6.9471,6.9471,6.9471,6.9471,6.9471,6.9471,6.9471,6.9471,6.9471,6.9471,6.9471,6.9471,6.9471,6.9471,6.9471,6.9471,6.9471,6.9471,6.9471,6.9471,6.9471,6.9471,6.9471,6.9471,6.9471,6.9471,6.9471,6.9471,6.9471,6.9471,6.9471,6.9471,6.9471,6.9471,6.9471,6.9471,6.9471,6.9471,6.9471,6.9471,6.9471,6.9471,6.9471,6.9471,6.2019,6.1641,6.1435,6.1214,6.1018,6.0903,6.0786,6.0672,6.0565,6.0478,6.0430,6.0384,6.0336,6.0315,6.0293,6.0273,6.0252,6.0230,6.0209,6.0187,6.0168,6.0146,6.0125,6.0105,6.0084,6.0064,6.0043,6.0024,6.0002,5.9985,5.9961,5.9942,5.9923,5.9910,5.9899,5.9887,5.9876,5.9863,5.9852,5.9840,5.9829,5.9816,5.9806,5.9793,5.9810,5.9835,5.9859,5.9884,5.9910,5.9936,5.9961,5.9985,6.0011,6.0036,6.0062,6.0088,6.0114,6.0142,6.0168,6.0196,6.0224,6.0250,6.0278,6.0304,6.0330,6.0358,6.0384,6.0412,6.0438,6.0467,6.0493,6.0595,6.0709,6.0824,6.0938,6.1054,6.1185,6.1413,6.1650,6.1884,6.2103,6.9471,6.9471,6.9471,6.9471,6.9471,6.9471,6.9471,6.9471,6.9471,6.9471,6.9471,6.9471,6.9471,6.9471,6.9471,6.9471,6.9471,6.9471,6.9471,6.9471,6.9471,6.9471,6.9471,6.9471,6.9471,6.9471,6.9471,6.9471,6.9471,6.9471,6.9471,6.9471,6.9471,6.9471,6.9471,6.9471,6.9471,6.9471,6.9471,6.9471,6.9471,6.9471,6.9471,6.9471,6.9471,6.9471,6.9471,6.9471,6.9471,6.9471,6.9471,6.9471,6.9471,6.9471,6.9471,6.9471,6.9471,6.9471,6.9471,6.9471,6.9471,6.9471,6.9471,6.9471,6.9471,6.9471,6.9471,6.9471,6.9471,6.9471,6.9471,6.9471,6.9471,6.9471,6.9471,6.9471,6.9471,6.9471,6.9471,6.9471,6.9471,6.9471,6.9471,6.9471,6.9471,6.9471,6.9471,6.9471,6.9471,6.9471,6.9471,6.9471,6.9471,6.9471,6.9471,6.9471,6.9471,6.9471,6.9471,6.9471,6.9471,6.9471,6.9471,6.9471,6.9471,6.9471,6.9471,6.9471,6.9471,6.9471,6.9471,6.9471,6.9471,6.9471,6.9471,6.9471,6.9471,6.9471,6.9471,6.9471,6.9471,6.9471,6.9471,6.9471,6.9471,6.9471,6.9471,6.9471,6.9471,6.9471,6.9471,6.9471,6.9471,6.9471,6.9471,6.9471,6.9471,6.9471,6.9471,6.9471,6.9471,6.9471,6.9471,6.9471,6.9471,6.9471,6.9471,6.9471,6.9471,6.9471,6.9471,6.9471,6.9471,6.9471,6.9471,6.9471,6.9471,6.9471,6.9471,6.9471,6.9471,6.9471,6.9471,6.9471,6.9471,6.9471,6.9471,6.9471,6.9471,6.9471,6.9471,6.9471,6.9471,6.9471,6.9471,6.9471,6.9471,6.9471,6.9471,6.9471,6.9471,6.9471,6.9471,6.9471,6.9471,6.9471,6.9471,6.9471,6.9471,6.9471,6.9471,6.9471,6.9471,6.9471,6.9471,6.9471,6.9471,6.9471,6.9471,6.9471,6.9471,6.9471,6.9471,6.9471,6.9471,6.9471,6.9471,6.9471,6.9471,6.9471,6.9471,6.9471,6.9471,6.9471,6.9471,6.9471,6.9471,6.9471,6.9471,6.9471,6.9471,6.9471,6.9471,6.9471,6.9471,6.9471,6.9471,6.9471,6.9471,6.9471,6.9471,6.9471,6.9471,6.9471,6.9471,6.9471,6.9471,6.9471,6.9471,6.9471,6.9471,6.9471,6.9471,6.9471,6.9471,6.9471,6.9471,6.9471,6.9471,6.9471,6.9471,6.9471,6.9471,6.9471,6.9471,6.9471,6.9471,6.9471,6.9471,6.9471,6.9471,6.9471,6.9471,6.9471,6.9471,6.9471,6.9471,6.9471,6.9471,6.9471,6.9471,6.9471,6.9471,6.9471,6.9471,6.9471,6.9471,6.9471,6.9471,6.9471,6.9471,6.9471,6.9471,6.9471,6.9471,6.9471,6.9471,6.9471,6.9471,6.9471,6.9471,6.9471,6.9471,6.9471,6.9471,6.9471,6.9471,6.9471,6.9471,6.9471,6.9471,6.9471,6.9471,6.9471,6.9471,6.9471,6.9471,6.9471,6.9471,6.9471,6.9471,6.9471,6.9471,6.9471,6.9471,6.9471,6.9471,6.9471,6.9471,6.9471,6.9471,6.9471,6.9471,6.9471,6.9471,6.9471,6.9471,6.9471,6.9471,6.9471,6.9471,6.9471,6.9471,6.9471,6.9471,6.9471,6.9471,6.9471,6.9471,6.9471,6.9471,6.9471,6.9471,6.9471,6.9471,6.9471,6.9471,6.9471,6.9471,6.9471,6.9471,6.9471,6.9471,6.9471,6.9471,6.9471,6.9471,6.9471,6.9471,6.9471,6.9471,6.9471,6.9471,6.9471,6.9471,6.9471,6.9471,6.9471,6.9471,6.9471,6.9471,6.9471,6.9471,6.9471,6.9471,6.9471,6.9471,6.9471,6.9471,6.9471,6.9471,6.9471,6.9471,6.9471,6.9471,6.9471,6.9471,6.9471,6.9471,6.9471,6.9471,6.9471,6.9471,6.9471,6.9471,6.9471,6.9471,6.9471,6.9471,6.9471,6.9471,6.9471,6.9471,6.9471,6.9471,6.9471,6.9471,6.9471,6.9471,6.9471,6.9471,6.9471,6.9471,6.9471,6.9471,6.9471,6.9471,6.9471,6.9471,6.9471,6.9471,6.9471,6.9471,6.9471,6.9471,6.9471,6.9471,6.9471,6.9471,6.9471,6.9471,6.9471,6.9471
6.9417,6.9417,6.9417,6.9417,6.9417,6.9417,6.9417,6.9417,6.9417,6.9417,6.9417,6.9417,6.9417,6.9417,6.9417,6.9417,6.9417,6.9417,6.9417,6.9417,6.9417,6.9417,6.9417,6.9417,6.9417,6.9417,6.9417,6.9417,6.9417,6.9417,6.9417,6.9417,6.9417,6.9417,6.9417,6.9417,6.9417,6.9417,6.9417,6.9417,6.9417,6.9417,6.9417,6.9417,6.9417,6.9417,6.9417,6.9417,6.9417,6.9417,6.9417,6.9417,6.9417,6.9417,6.9417,6.9417,6.9417,6.9417,6.9417,6.9417,6.9417,6.9417,6.9417,6.9417,6.9417,6.9417,6.9417,6.9417,6.9417,6.9417,6.9417,6.9417,6.9417,6.9417,6.9417,6.9417,6.9417,6.9417,6.9417,6.9417,6.9417,6.9417,6.9417,6.9417,6.9417,6.9417,6.9417,6.9417,6.9417,6.9417,6.9417,6.9417,6.9417,6.9417,6.9417,6.9417,6.9417,6.9417,6.9417,6.9417,6.9417,6.9417,6.9417,6.9417,6.9417,6.9417,6.9417,6.9417,6.9417,6.9417,6.9417,6.9417,6.9417,6.9417,6.9417,6.9417,6.9417,6.9417,6.9417,6.9417,6.9417,6.9417,6.9417,6.9417,6.9417,6.9417,6.9417,6.9417,6.9417,6.9417,6.9417,6.9417,6.9417,6.9417,6.9417,6.9417,6.9417,6.9417,6.9417,6.9417,6.9417,6.9417,6.9417,6.9417,6.9417,6.9417,6.9417,6.9417,6.9417,6.9417,6.9417,6.9417,6.9417,6.9417,6.9417,6.9417,6.9417,6.9417,6.9417,6.9417,6.9417,6.9417,6.9417,6.9417,6.9417,6.9417,6.9417,6.9417,6.9417,6.9417,6.9417,6.9417,6.9417,6.9417,6.9417,6.9417,6.9417,6.9417,6.9417,6.9417,6.9417,6.9417,6.9417,6.9417,6.9417,6.9417,6.9417,6.9417,6.9417,6.9417,6.9417,6.9417,6.9417,6.9417,6.9417,6.9417,6.9417,6.9417,6.9417,6.9417,6.9417,6.9417,6.9417,6.9417,6.9417,6.9417,6.9417,6.9417,6.9417,6.9417,6.9417,6.9417,6.9417,6.9417,6.9417,6.9417,6.9417,6.9417,6.9417,6.9417,6.9417,6.9417,6.9417,6.9417,6.9417,6.9417,6.9417,6.9417,6.9417,6.9417,6.9417,6.9417,6.9417,6.9417,6.9417,6.9417,6.9417,6.9417,6.9417,6.9417,6.9417,6.9417,6.9417,6.9417,6.9417,6.9417,6.9417,6.9417,6.9417,6.9417,6.9417,6.9417,6.9417,6.9417,6.9417,6.9417,6.9417,6.9417,6.9417,6.9417,6.9417,6.9417,6.9417,6.9417,6.9417,6.9417,6.9417,6.9417,6.9417,6.9417,6.9417,6.9417,6.9417,6.9417,6.9417,6.9417,6.9417,6.9417,6.9417,6.9417,6.9417,6.9417,6.9417,6.9417,6.9417,6.9417,6.9417,6.9417,6.9417,6.9417,6.9417,6.9417,6.9417,6.9417,6.9417,6.9417,6.9417,6.9417,6.9417,6.9417,6.9417,6.9417,6.9417,6.9417,6.9417,6.9417,6.9417,6.9417,6.9417,6.9417,6.9417,6.9417,6.9417,6.9417,6.9417,6.9417,6.9417,6.9417,6.9417,6.9417,6.9417,6.9417,6.9417,6.9417,6.9417,6.9417,6.9417,6.9417,6.9417,6.9417,6.9417,6.9417,6.9417,6.9417,6.9417,6.9417,6.9417,6.9417,6.9417,6.9417,6.9417,6.9417,6.9417,6.9417,6.9417,6.9417,6.9417,6.9417,6.9417,6.9417,6.9417,6.9417,6.9417,6.9417,6.9417,6.9417,6.9417,6.9417,6.9417,6.9417,6.9417,6.9417,6.9417,6.9417,6.9417,6.9417,6.9417,6.9417,6.9417,6.9417,6.9417,6.9417,6.9417,6.9417,6.9417,6.9417,6.9417,6.9417,6.9417,6.9417,6.9417,6.9417,6.9417,6.9417,6.9417,6.9417,6.9417,6.9417,6.9417,6.9417,6.9417,6.9417,6.9417,6.9417,6.9417,6.9417,6.9417,6.9417,6.9417,6.9417,6.9417,6.9417,6.9417,6.9417,6.9417,6.9417,6.9417,6.9417,6.9417,6.9417,6.9417,6.9417,6.9417,6.9417,6.9417,6.9417,6.9417,6.9417,6.9417,6.9417,6.9417,6.9417,6.9417,6.9417,6.9417,6.9417,6.9417,6.9417,6.9417,6.9417,6.9417,6.9417,6.9417,6.9417,6.9417,6.9417,6.9417,6.9417,6.9417,6.9417,6.9417,6.9417,6.9417,6.9417,6.9417,6.9417,6.9417,6.9417,6.9417,6.1672,6.1467,6.1245,6.1020,6.0837,6.0720,6.0608,6.0510,6.0462,6.0414,6.0393,6.0371,6.0349,6.0328,6.0308,6.0286,6.0265,6.0243,6.0222,6.0202,6.0181,6.0161,6.0140,6.0120,6.0107,6.0097,6.0084,6.0073,6.0060,6.0049,6.0036,6.0026,6.0013,6.0004,5.9989,5.9979,5.9966,5.9955,5.9942,5.9931,5.9919,5.9931,5.9955,5.9981,6.0006,6.0032,6.0058,6.0082,6.0107,6.0133,6.0159,6.0185,6.0213,6.0241,6.0269,6.0295,6.0323,6.0351,6.0378,6.0406,6.0432,6.0458,6.0486,6.0512,6.0541,6.0591,6.0705,6.0819,6.0934,6.1049,6.1165,6.1285,6.1409,6.1571,6.1809,6.2044,6.9417,6.9417,6.9417,6.9417,6.9417,6.9417,6.9417,6.9417,6.9417,6.9417,6.9417,6.9417,6.9417,6.9417,6.9417,6.9417,6.9417,6.9417,6.9417,6.9417,6.9417,6.9417,6.9417,6.9417,6.9417,6.9417,6.9417,6.9417,6.9417,6.9417,6.9417,6.9417,6.9417,6.9417,6.9417,6.9417,6.9417,6.9417,6.9417,6.9417,6.9417,6.9417,6.9417,6.9417,6.9417,6.9417,6.9417,6.9417,6.9417,6.9417,6.9417,6.9417,6.9417,6.9417,6.9417,6.9417,6.9417,6.9417,6.9417,6.9417,6.9417,6.9417,6.9417,6.9417,6.9417,6.9417,6.9417,6.9417,6.9417,6.9417,6.9417,6.9417,6.9417,6.9417,6.9417,6.9417,6.9417,6.9417,6.9417,6.9417,6.9417,6.9417,6.9417,6.9417,6.9417,6.9417,6.9417,6.9417,6.9417,6.9417,6.9417,6.9417,6.9417,6.9417,6.9417,6.9417,6.9417,6.9417,6.9417,6.9417,6.9417,6.9417,6.9417,6.9417,6.9417,6.9417,6.9417,6.9417,6.9417,6.9417,6.9417,6.9417,6.9417,6.9417,6.9417,6.9417,6.9417,6.9417,6.9417,6.9417,6.9417,6.9417,6.9417,6.9417,6.9417,6.9417,6.9417,6.9417,6.9417,6.9417,6.9417,6.9417,6.9417,6.9417,6.9417,6.9417,6.9417,6.9417,6.9417,6.9417,6.9417,6.9417,6.9417,6.9417,6.9417,6.9417,6.9417,6.9417,6.9417,6.9417,6.9417,6.9417,6.9417,6.9417,6.9417,6.9417,6.9417,6.9417,6.9417,6.9417,6.9417,6.9417,6.9417,6.9417,6.9417,6.9417,6.9417,6.9417,6.9417,6.9417,6.9417,6.9417,6.9417,6.9417,6.9417,6.9417,6.9417,6.9417,6.9417,6.9417,6.9417,6.9417,6.9417,6.9417,6.9417,6.9417,6.9417,6.9417,6.9417,6.9417,6.9417,6.9417,6.9417,6.9417,6.9417,6.9417,6.9417,6.9417,6.9417,6.9423,6.9423,6.9423,6.9423,6.9423,6.9423,6.9423,6.9423,6.9423,6.9423,6.9423,6.9423,6.9423,6.9423,6.9423,6.9423,6.9423,6.9423,6.9423,6.9423,6.9423,6.9423,6.9423,6.9423,6.9423,6.9423,6.9423,6.9423,6.9423,6.9423,6.9423,6.9423,6.9423,6.9423,6.9423,6.9423,6.9423,6.9423,6.9423,6.9423,6.9423,6.9423,6.9423,6.9423,6.9423,6.9423,6.9423,6.9423,6.9423,6.9423,6.9423,6.9423,6.9423,6.9423,6.9423,6.9423,6.9423,6.9423,6.9423,6.9423,6.9423,6.9423,6.9423,6.9423,6.9423,6.9423,6.9423,6.9423,6.9423,6.9423,6.9423,6.9423,6.9423,6.9423,6.9423,6.9423,6.9423,6.9423,6.9423,6.9423,6.9423,6.9423,6.9423,6.9423,6.9423,6.9423,6.9423,6.9423,6.9423,6.9423,6.9423,6.9423,6.9423,6.9423,6.9423,6.9423,6.9423,6.9423,6.9423,6.9423,6.9423,6.9423,6.9423,6.9423,6.9423,6.9423,6.9423,6.9423,6.9423,6.9423,6.9423,6.9423,6.9423,6.9423,6.9423,6.9423,6.9423,6.9423,6.9423,6.9423,6.9423,6.9423,6.9423,6.9423,6.9423,6.9423,6.9423,6.9423,6.9423,6.9423,6.9423,6.9423,6.9423,6.9423,6.9423,6.9423,6.9423,6.9423,6.9423,6.9423,6.9423,6.9423,6.9423,6.9423,6.9423,6.9423,6.9423,6.9423,6.9423,6.9423,6.9423,6.9423,6.9423,6.9423,6.9423,6.9423,6.9423,6.9423,6.9423,6.9423,6.9423,6.9423,6.9423,6.9423,6.9423,6.9423,6.9423,6.9423,6.9423,6.9423,6.9423,6.9423,6.9423,6.9423,6.9423,6.9423,6.9423,6.9423,6.9423,6.9423,6.9423,6.9423,6.9423,6.9423,6.9423,6.9423,6.9423,6.9423,6.9423,6.9423,6.9423,6.9423,6.9423,6.9423,6.9423,6.9423,6.9423,6.9423,6.9423,6.9423,6.9423,6.9423,6.9423,6.9423,6.9423,6.9423,6.9423,6.9423,6.9423,6.9423,6.9423,6.9423,6.9423,6.9423,6.9423,6.9423,6.9423,6.9423,6.9423,6.9423,6.9423,6.9423,6.9423,6.9423,6.9423,6.9423,6.9423,6.9423,6.9423,6.9423,6.9423,6.9423,6.9423,6.9423,6.9423,6.9423
6.9368,6.9368,6.9368,6.9368,6.9368,6.9368,6.9368,6.9368,6.9368,6.9368,6.9368,6.9368,6.9368,6.9368,6.9368,6.9368,6.9368,6.9368,6.9368,6.9368,6.9368,6.9368,6.9368,6.9368,6.9368,6.9368,6.9368,6.9368,6.9368,6.9368,6.9368,6.9368,6.9368,6.9368,6.9368,6.9368,6.9368,6.9368,6.9368,6.9368,6.9368,6.9368,6.9368,6.9368,6.9368,6.9368,6.9368,6.9368,6.9368,6.9368,6.9368,6.9368,6.9368,6.9368,6.9368,6.9368,6.9368,6.9368,6.9368,6.9368,6.9368,6.9368,6.9368,6.9368,6.9368,6.9368,6.9368,6.9368,6.9368,6.9368,6.9368,6.9368,6.9368,6.9368,6.9368,6.9368,6.9368,6.9368,6.9368,6.9368,6.9368,6.9368,6.9368,6.9368,6.9368,6.9368,6.9368,6.9368,6.9368,6.9368,6.9368,6.9368,6.9368,6.9368,6.9368,6.9368,6.9368,6.9368,6.9368,6.9368,6.9368,6.9368,6.9368,6.9368,6.9368,6.9368,6.9368,6.9368,6.9368,6.9368,6.9368,6.9368,6.9368,6.9368,6.9368,6.9368,6.9368,6.9368,6.9368,6.9368,6.9368,6.9368,6.9368,6.9368,6.9368,6.9368,6.9368,6.9368,6.9368,6.9368,6.9368,6.9368,6.9368,6.9368,6.9368,6.9368,6.9368,6.9368,6.9368,6.9368,6.9368,6.9368,6.9368,6.9368,6.9368,6.9368,6.9368,6.9368,6.9368,6.9368,6.9368,6.9368,6.9368,6.9368,6.9368,6.9368,6.9368,6.9368,6.9368,6.9368,6.9368,6.9368,6.9368,6.9368,6.9368,6.9368,6.9368,6.9368,6.9368,6.9368,6.9368,6.9368,6.9368,6.9368,6.9368,6.9368,6.9368,6.9368,6.9368,6.9368,6.9368,6.9368,6.9368,6.9368,6.9368,6.9368,6.9368,6.9368,6.9368,6.9368,6.9368,6.9368,6.9368,6.9368,6.9368,6.9368,6.9368,6.9368,6.9368,6.9368,6.9368,6.9368,6.9368,6.9368,6.9368,6.9368,6.9368,6.9368,6.9368,6.9368,6.9368,6.9368,6.9368,6.9368,6.9368,6.9368,6.9368,6.9368,6.9368,6.9368,6.9368,6.9368,6.9368,6.9368,6.9368,6.9368,6.9368,6.9368,6.9368,6.9368,6.9368,6.9368,6.9368,6.9368,6.9368,6.9368,6.9368,6.9368,6.9368,6.9368,6.9368,6.9368,6.9368,6.9368,6.9368,6.9368,6.9368,6.9368,6.9368,6.9368,6.9368,6.9368,6.9368,6.9368,6.9368,6.9368,6.9368,6.9368,6.9368,6.9368,6.9368,6.9368,6.9368,6.9368,6.9368,6.9368,6.9368,6.9368,6.9368,6.9368,6.9368,6.9368,6.9368,6.9368,6.9368,6.9368,6.9368,6.9368,6.9368,6.9368,6.9368,6.9368,6.9368,6.9368,6.9368,6.9368,6.9368,6.9368,6.9368,6.9368,6.9368,6.9368,6.9368,6.9368,6.9368,6.9368,6.9368,6.9368,6.9368,6.9368,6.9368,6.9368,6.9368,6.9368,6.9368,6.9368,6.9368,6.9368,6.9368,6.9368,6.9368,6.9368,6.9368,6.9368,6.9368,6.9368,6.9368,6.9368,6.9368,6.9368,6.9368,6.9368,6.9368,6.9368,6.9368,6.9368,6.9368,6.9368,6.9368,6.9368,6.9368,6.9368,6.9368,6.9368,6.9368,6.9368,6.9368,6.9368,6.9368,6.9368,6.9368,6.9368,6.9368,6.9368,6.9368,6.9368,6.9368,6.9368,6.9368,6.9368,6.9368,6.9368,6.9368,6.9368,6.9368,6.9368,6.9368,6.9368,6.9368,6.9368,6.9368,6.9368,6.9368,6.9368,6.9368,6.9368,6.9368,6.9368,6.9368,6.9368,6.9368,6.9368,6.9368,6.9368,6.9368,6.9368,6.9368,6.9368,6.9368,6.9368,6.9368,6.9368,6.9368,6.9368,6.9368,6.9368,6.9368,6.9368,6.9368,6.9368,6.9368,6.9368,6.9368,6.9368,6.9368,6.9368,6.9368,6.9368,6.9368,6.9368,6.9368,6.9368,6.9368,6.9368,6.9368,6.9368,6.9368,6.9368,6.9368,6.9368,6.9368,6.9368,6.9368,6.9368,6.9368,6.9368,6.9368,6.9368,6.9368,6.9368,6.9368,6.9368,6.9368,6.9368,6.9368,6.9368,6.9368,6.9368,6.9368,6.9368,6.9368,6.9368,6.9368,6.9368,6.9368,6.9368,6.9368,6.9368,6.9368,6.9368,6.9368,6.9368,6.9368,6.9368,6.9368,6.9368,6.9368,6.9368,6.9368,6.9368,6.9368,6.1704,6.1498,6.1276,6.1051,6.0828,6.0657,6.0545,6.0493,6.0469,6.0449,6.0427,6.0406,6.0384,6.0362,6.0343,6.0323,6.0310,6.0295,6.0284,6.0271,6.0261,6.0248,6.0237,6.0224,6.0213,6.0200,6.0189,6.0176,6.0166,6.0153,6.0142,6.0129,6.0118,6.0105,6.0094,6.0082,6.0071,6.0058,6.0049,6.0052,6.0077,6.0103,6.0129,6.0155,6.0178,6.0204,6.0230,6.0258,6.0286,6.0312,6.0341,6.0369,6.0395,6.0423,6.0451,6.0480,6.0506,6.0534,6.0560,6.0587,6.0615,6.0700,6.0815,6.0930,6.1045,6.1167,6.1290,6.1413,6.1537,6.1661,6.1786,6.1970,6.2202,6.9368,6.9368,6.9368,6.9368,6.9368,6.9368,6.9368,6.9368,6.9368,6.9368,6.9368,6.9368,6.9368,6.9368,6.9368,6.9368,6.9368,6.9368,6.9368,6.9368,6.9368,6.9368,6.9368,6.9368,6.9368,6.9368,6.9368,6.9368,6.9368,6.9368,6.9368,6.9368,6.9368,6.9368,6.9368,6.9368,6.9368,6.9368,6.9368,6.9368,6.9368,6.9368,6.9368,6.9368,6.9368,6.9368,6.9368,6.9368,6.9368,6.9368,6.9368,6.9368,6.9368,6.9368,6.9368,6.9368,6.9368,6.9368,6.9368,6.9368,6.9368,6.9368,6.9368,6.9368,6.9368,6.9368,6.9368,6.9368,6.9368,6.9368,6.9368,6.9368,6.9368,6.9368,6.9368,6.9368,6.9368,6.9368,6.9368,6.9368,6.9368,6.9368,6.9368,6.9368,6.9368,6.9368,6.9368,6.9368,6.9368,6.9368,6.9368,6.9368,6.9368,6.9368,6.9368,6.9368,6.9368,6.9368,6.9368,6.9368,6.9368,6.9368,6.9368,6.9368,6.9368,6.9368,6.9368,6.9368,6.9368,6.9368,6.9368,6.9368,6.9368,6.9368,6.9368,6.9368,6.9368,6.9368,6.9368,6.9368,6.9368,6.9368,6.9368,6.9368,6.9368,6.9368,6.9368,6.9368,6.9368,6.9368,6.9368,6.9368,6.9368,6.9368,6.9368,6.9368,6.9368,6.9368,6.9368,6.9368,6.9368,6.9368,6.9368,6.9368,6.9368,6.9368,6.9368,6.9368,6.9368,6.9368,6.9368,6.9368,6.9368,6.9368,6.9368,6.9368,6.9368,6.9368,6.9368,6.9368,6.9368,6.9368,6.9368,6.9368,6.9368,6.9368,6.9368,6.9368,6.9368,6.9368,6.9368,6.9368,6.9368,6.9368,6.9368,6.9368,6.9368,6.9368,6.9368,6.9368,6.9368,6.9368,6.9368,6.9368,6.9368,6.9368,6.9368,6.9368,6.9368,6.9368,6.9368,6.9368,6.9368,6.9368,6.9368,6.9368,6.9368,6.9368,6.9368,6.9368,6.9368,6.9368,6.9368,6.9368,6.9368,6.9368,6.9368,6.9368,6.9368,6.9368,6.9368,6.9368,6.9368,6.9368,6.9368,6.9368,6.9368,6.9368,6.9368,6.9368,6.9368,6.9368,6.9368,6.9368,6.9368,6.9368,6.9368,6.9368,6.9368,6.9368,6.9368,6.9368,6.9368,6.9368,6.9368,6.9368,6.9368,6.9368,6.9368,6.9368,6.9368,6.9368,6.9368,6.9368,6.9368,6.9368,6.9368,6.9368,6.9368,6.9368,6.9368,6.9368,6.9368,6.9368,6.9368,6.9368,6.9368,6.9368,6.9368,6.9368,6.9368,6.9368,6.9368,6.9368,6.9368,6.9368,6.9368,6.9368,6.9368,6.9368,6.9368,6.9368,6.9368,6.9368,6.9368,6.9368,6.9368,6.9368,6.9368,6.9368,6.9368,6.9368,6.9368,6.9368,6.9368,6.9368,6.9368,6.9368,6.9368,6.9368,6.9368,6.9368,6.9368,6.9368,6.9368,6.9368,6.9368,6.9368,6.9368,6.9368,6.9368,6.9368,6.9368,6.9368,6.9368,6.9368,6.9368,6.9368,6.9368,6.9368,6.9368,6.9368,6.9368,6.9368,6.9368,6.9368,6.9368,6.9368,6.9368,6.9368,6.9368,6.9368,6.9368,6.9368,6.9368,6.9368,6.9368,6.9368,6.9368,6.9368,6.9368,6.9368,6.9368,6.9368,6.9368,6.9368,6.9368,6.9368,6.9368,6.9368,6.9368,6.9368,6.9368,6.9368,6.9368,6.9368,6.9368,6.9368,6.9368,6.9368,6.9368,6.9368,6.9368,6.9368,6.9368,6.9368,6.9368,6.9368,6.9368,6.9368,6.9368,6.9368,6.9368,6.9368,6.9368,6.9368,6.9368,6.9368,6.9368,6.9368,6.9368,6.9368,6.9368,6.9368,6.9368,6.9368,6.9368,6.9368,6.9368,6.9368,6.9368,6.9368,6.9368,6.9368,6.9368,6.9368,6.9368,6.9368,6.9368,6.9368,6.9368,6.9368,6.9368,6.9368,6.9368,6.9368,6.9368,6.9368,6.9368,6.9368,6.9368,6.9368,6.9368,6.9368,6.9368,6.9368,6.9368,6.9368,6.9368,6.9368,6.9368,6.9368,6.9368,6.9368,6.9368,6.9368,6.9368,6.9368,6.9368,6.9368,6.9368,6.9368,6.9368,6.9368,6.9368,6.9368,6.9368,6.9368,6.9368,6.9368,6.9368,6.9368,6.9368,6.9368,6.9368,6.9368
6.9311,6.9311,6.9311,6.9311,6.9311,6.9311,6.9311,6.9311,6.9311,6.9311,6.9311,6.9311,6.9311,6.9311,6.9311,6.9311,6.9311,6.9311,6.9311,6.9311,6.9311,6.9311,6.9311,6.9311,6.9311,6.9311,6.9311,6.9311,6.9311,6.9311,6.9311,6.9311,6.9311,6.9311,6.9311,6.9311,6.9311,6.9311,6.9311,6.9311,6.9311,6.9311,6.9311,6.9311,6.9311,6.9311,6.9311,6.9311,6.9311,6.9311,6.9311,6.9311,6.9311,6.9311,6.9311,6.9311,6.9311,6.9311,6.9311,6.9311,6.9311,6.9311,6.9311,6.9311,6.9311,6.9311,6.9311,6.9311,6.9311,6.9311,6.9311,6.9311,6.9311,6.9311,6.9311,6.9311,6.9311,6.9311,6.9311,6.9311,6.9311,6.9311,6.9311,6.9311,6.9311,6.9311,6.9311,6.9311,6.9311,6.9311,6.9311,6.9311,6.9311,6.9311,6.9311,6.9311,6.9311,6.9311,6.9311,6.9311,6.9311,6.9311,6.9311,6.9311,6.9311,6.9311,6.9311,6.9311,6.9311,6.9311,6.9311,6.9311,6.9311,6.9311,6.9311,6.9311,6.9311,6.9311,6.9311,6.9311,6.9311,6.9311,6.9311,6.9311,6.9311,6.9311,6.9311,6.9311,6.9311,6.9311,6.9311,6.9311,6.9311,6.9311,6.9311,6.9311,6.9311,6.9311,6.9311,6.9311,6.9311,6.9311,6.9311,6.9311,6.9311,6.9311,6.9311,6.9311,6.9311,6.9311,6.9311,6.9311,6.9311,6.9311,6.9311,6.9311,6.9311,6.9311,6.9311,6.9311,6.9311,6.9311,6.9311,6.9311,6.9311,6.9311,6.9311,6.9311,6.9311,6.9311,6.9311,6.9311,6.9311,6.9311,6.9311,6.9311,6.9311,6.9311,6.9311,6.9311,6.9311,6.9311,6.9311,6.9311,6.9311,6.9311,6.9311,6.9311,6.9311,6.9311,6.9311,6.9311,6.9311,6.9311,6.9311,6.9311,6.9311,6.9311,6.9311,6.9311,6.9311,6.9311,6.9311,6.9311,6.9311,6.9311,6.9311,6.9311,6.9311,6.9311,6.9311,6.9311,6.9311,6.9311,6.9311,6.9311,6.9311,6.9311,6.9311,6.9311,6.9311,6.9311,6.9311,6.9317,6.9317,6.9317,6.9317,6.9317,6.9317,6.9317,6.9317,6.9317,6.9317,6.9317,6.9317,6.9317,6.9317,6.9317,6.9317,6.9317,6.9317,6.9317,6.9317,6.9317,6.9317,6.9317,6.9317,6.9317,6.9317,6.9317,6.9317,6.9317,6.9317,6.9317,6.9317,6.9317,6.9317,6.9317,6.9317,6.9317,6.9317,6.9317,6.9317,6.9317,6.9317,6.9317,6.9317,6.9317,6.9317,6.9317,6.9317,6.9317,6.9317,6.9317,6.9317,6.9317,6.9317,6.9317,6.9317,6.9317,6.9317,6.9317,6.9317,6.9317,6.9317,6.9317,6.9317,6.9317,6.9317,6.9317,6.9317,6.9317,6.9317,6.9317,6.9317,6.9317,6.9317,6.9317,6.9317,6.9317,6.9317,6.9317,6.9317,6.9317,6.9317,6.9317,6.9317,6.9317,6.9317,6.9317,6.9317,6.9317,6.9317,6.9317,6.9317,6.9317,6.9317,6.9317,6.9317,6.9317,6.9317,6.9317,6.9317,6.9317,6.9317,6.9317,6.9317,6.9317,6.9317,6.9317,6.9317,6.9317,6.9317,6.9317,6.9317,6.9317,6.9317,6.9317,6.9317,6.9317,6.9317,6.9317,6.9317,6.9317,6.9317,6.9317,6.9317,6.9317,6.9317,6.9317,6.9317,6.9317,6.9317,6.9317,6.9317,6.9317,6.9317,6.9317,6.9317,6.9317,6.9317,6.9317,6.9317,6.9317,6.9317,6.9317,6.9317,6.9317,6.9317,6.9317,6.9317,6.9317,6.9317,6.9317,6.9317,6.9317,6.9317,6.9317,6.9317,6.9317,6.9317,6.9317,6.9317,6.9317,6.9317,6.9317,6.9317,6.9317,6.9317,6.9317,6.9317,6.9317,6.9317,6.9317,6.9317,6.9317,6.9317,6.9317,6.9317,6.9317,6.9317,6.9317,6.9317,6.9317,6.9317,6.9317,6.9317,6.9317,6.9317,6.9317,6.9317,6.9317,6.9317,6.9317,6.9317,6.9317,6.9317,6.9317,6.9317,6.9317,6.9317,6.9317,6.9317,6.9317,6.9317,6.9317,6.9317,6.9317,6.9317,6.9317,6.9317,6.9317,6.9317,6.9317,6.9317,6.9317,6.9317,6.9317,6.9317,6.9317,6.9317,6.9317,6.9317,6.9317,6.9317,6.9317,6.9317,6.9317,6.9317,6.9317,6.9317,6.9317,6.9317,6.1870,6.1532,6.1308,6.1082,6.0859,6.0637,6.0558,6.0545,6.0530,6.0515,6.0501,6.0486,6.0471,6.0456,6.0443,6.0427,6.0412,6.0399,6.0388,6.0375,6.0364,6.0351,6.0341,6.0328,6.0317,6.0304,6.0293,6.0280,6.0269,6.0256,6.0245,6.0232,6.0222,6.0211,6.0198,6.0187,6.0174,6.0174,6.0200,6.0226,6.0252,6.0278,6.0304,6.0330,6.0358,6.0386,6.0414,6.0441,6.0469,6.0497,6.0523,6.0552,6.0580,6.0606,6.0635,6.0661,6.0696,6.0810,6.0927,6.1049,6.1171,6.1294,6.1420,6.1544,6.1666,6.1790,6.1916,6.2041,6.2168,6.9317,6.9317,6.9317,6.9317,6.9317,6.9317,6.9317,6.9317,6.9317,6.9317,6.9317,6.9317,6.9317,6.9317,6.9317,6.9317,6.9317,6.9317,6.9317,6.9317,6.9317,6.9317,6.9317,6.9317,6.9317,6.9317,6.9317,6.9317,6.9317,6.9317,6.9317,6.9317,6.9317,6.9317,6.9317,6.9317,6.9317,6.9317,6.9317,6.9317,6.9317,6.9317,6.9317,6.9317,6.9317,6.9317,6.9317,6.9317,6.9317,6.9317,6.9317,6.9317,6.9317,6.9317,6.9317,6.9317,6.9317,6.9317,6.9317,6.9317,6.9317,6.9317,6.9317,6.9317,6.9317,6.9317,6.9317,6.9317,6.9317,6.9317,6.9317,6.9317,6.9317,6.9317,6.9317,6.9317,6.9317,6.9317,6.9317,6.9317,6.9317,6.9317,6.9317,6.9317,6.9317,6.9317,6.9317,6.9317,6.9317,6.9317,6.9317,6.9317,6.9317,6.9317,6.9317,6.9317,6.9317,6.9317,6.9317,6.9317,6.9317,6.9317,6.9317,6.9317,6.9317,6.9317,6.9317,6.9317,6.9317,6.9317,6.9317,6.9317,6.9317,6.9317,6.9317,6.9317,6.9317,6.9317,6.9317,6.9317,6.9317,6.9317,6.9317,6.9317,6.9317,6.9317,6.9317,6.9317,6.9317,6.9317,6.9317,6.9317,6.9317,6.9317,6.9317,6.9317,6.9317,6.9317,6.9317,6.9317,6.9317,6.9317,6.9317,6.9317,6.9317,6.9317,6.9317,6.9317,6.9317,6.9317,6.9317,6.9317,6.9317,6.9317,6.9317,6.9317,6.9317,6.9317,6.9317,6.9317,6.9317,6.9317,6.9317,6.9317,6.9317,6.9317,6.9317,6.9317,6.9317,6.9317,6.9317,6.9317,6.9317,6.9317,6.9317,6.9317,6.9317,6.9317,6.9317,6.9317,6.9317,6.9317,6.9317,6.9317,6.9317,6.9317,6.9317,6.9317,6.9317,6.9317,6.9317,6.9317,6.9317,6.9317,6.9317,6.9317,6.9317,6.9317,6.9317,6.9317,6.9317,6.9317,6.9317,6.9317,6.9317,6.9317,6.9317,6.9317,6.9317,6.9317,6.9317,6.9317,6.9317,6.9317,6.9317,6.9317,6.9317,6.9317,6.9317,6.9317,6.9317,6.9317,6.9317,6.9317,6.9317,6.9317,6.9317,6.9317,6.9317,6.9317,6.9317,6.9317,6.9317,6.9317,6.9317,6.9317,6.9317,6.9317,6.9317,6.9317,6.9317,6.9317,6.9317,6.9317,6.9317,6.9317,6.9317,6.9317,6.9317,6.9317,6.9317,6.9317,6.9317,6.9317,6.9317,6.9317,6.9317,6.9317,6.9317,6.9317,6.9317,6.9317,6.9317,6.9317,6.9317,6.9317,6.9317,6.9317,6.9317,6.9317,6.9317,6.9317,6.9317,6.9317,6.9317,6.9317,6.9317,6.9317,6.9317,6.9317,6.9317,6.9317,6.9317,6.9317,6.9317,6.9317,6.9317,6.9317,6.9317,6.9317,6.9317,6.9317,6.9317,6.9317,6.9317,6.9317,6.9317,6.9317,6.9317,6.9317,6.9317,6.9317,6.9317,6.9317,6.9317,6.9317,6.9317,6.9317,6.9317,6.9317,6.9317,6.9317,6.9317,6.9317,6.9317,6.9317,6.9317,6.9317,6.9317,6.9317,6.9317,6.9317,6.9317,6.9317,6.9317,6.9317,6.9317,6.9317,6.9317,6.9317,6.9317,6.9317,6.9317,6.9317,6.9317,6.9317,6.9317,6.9317,6.9317,6.9317,6.9317,6.9317,6.9317,6.9317,6.9317,6.9317,6.9317,6.9317,6.9317,6.9317,6.9317,6.9317,6.9317,6.9317,6.9317,6.9317,6.9317,6.9317,6.9317,6.9317,6.9317,6.9317,6.9317,6.9317,6.9317,6.9317,6.9317,6.9317,6.9317,6.9317,6.9317,6.9317,6.9317,6.9317,6.9317,6.9317,6.9317,6.9317,6.9317,6.9317,6.9317,6.9317,6.9317,6.9317,6.9317,6.9317,6.9317,6.9317,6.9317,6.9317,6.9317,6.9317,6.9317,6.9317,6.9317,6.9317,6.9317,6.9317,6.9317,6.9317,6.9317,6.9317,6.9317,6.9317,6.9317,6.9317,6.9317,6.9317,6.9317,6.9317,6.9317,6.9317,6.9317,6.9317,6.9317,6.9317,6.9317,6.9317,6.9317,6.9317,6.9317,6.9317,6.9317,6.9317,6.9317,6.9317,6.9317,6.9317,6.9317,6.9317,6.9317,6.9317,6.9317,6.9317,6.9317,6.9317,6.9317,6.9317
6.9256,6.9256,6.9256,6.9256,6.9256,6.9256,6.9256,6.9256,6.9256,6.9256,6.9256,6.9256,6.9256,6.9256,6.9256,6.9256,6.9256,6.9256,6.9256,6.9256,6.9256,6.9256,6.9256,6.9256,6.9256,6.9256,6.9256,6.9256,6.9256,6.9256,6.9256,6.9256,6.9256,6.9256,6.9256,6.9256,6.9256,6.9256,6.9256,6.9256,6.9256,6.9256,6.9256,6.9256,6.9256,6.9256,6.9256,6.9256,6.9256,6.9256,6.9256,6.9256,6.9256,6.9256,6.9256,6.9256,6.9256,6.9256,6.9256,6.9256,6.9256,6.9256,6.9256,6.9256,6.9256,6.9256,6.9256,6.9256,6.9256,6.9256,6.9256,6.9256,6.9256,6.9256,6.9256,6.9256,6.9256,6.9256,6.9256,6.9256,6.9256,6.9256,6.9256,6.9256,6.9256,6.9256,6.9256,6.9256,6.9256,6.9256,6.9256,6.9256,6.9256,6.9256,6.9256,6.9256,6.9256,6.9256,6.9256,6.9256,6.9256,6.9256,6.9256,6.9256,6.9256,6.9256,6.9256,6.9256,6.9256,6.9256,6.9256,6.9256,6.9256,6.9256,6.9256,6.9256,6.9256,6.9256,6.9256,6.9256,6.9256,6.9256,6.9256,6.9256,6.9256,6.9256,6.9256,6.9256,6.9256,6.9256,6.9256,6.9256,6.9256,6.9256,6.9256,6.9256,6.9256,6.9256,6.9256,6.9256,6.9256,6.9256,6.9256,6.9256,6.9256,6.9256,6.9256,6.9256,6.9256,6.9256,6.9256,6.9256,6.9256,6.9256,6.9256,6.9256,6.9256,6.9256,6.9256,6.9256,6.9262,6.9262,6.9262,6.9262,6.9262,6.9262,6.9262,6.9262,6.9262,6.9262,6.9262,6.9262,6.9262,6.9262,6.9262,6.9262,6.9262,6.9262,6.9262,6.9262,6.9262,6.9262,6.9262,6.9262,6.9262,6.9262,6.9262,6.9262,6.9262,6.9262,6.9262,6.9262,6.9262,6.9262,6.9262,6.9262,6.9262,6.9262,6.9262,6.9262,6.9262,6.9262,6.9262,6.9262,6.9262,6.9262,6.9262,6.9262,6.9262,6.9262,6.9262,6.9262,6.9262,6.9262,6.9262,6.9262,6.9262,6.9262,6.9262,6.9262,6.9262,6.9262,6.9262,6.9262,6.9262,6.9262,6.9262,6.9262,6.9262,6.9262,6.9262,6.9262,6.9262,6.9262,6.9262,6.9262,6.9262,6.9262,6.9262,6.9262,6.9262,6.9262,6.9262,6.9262,6.9262,6.9262,6.9262,6.9262,6.9262,6.9262,6.9262,6.9262,6.9262,6.9262,6.9262,6.9262,6.9262,6.9262,6.9262,6.9262,6.9262,6.9262,6.9262,6.9262,6.9262,6.9262,6.9262,6.9262,6.9262,6.9262,6.9262,6.9262,6.9262,6.9262,6.9262,6.9262,6.9262,6.9262,6.9262,6.9262,6.9262,6.9262,6.9262,6.9262,6.9262,6.9262,6.9262,6.9262,6.9262,6.9262,6.9262,6.9262,6.9262,6.9262,6.9262,6.9262,6.9262,6.9262,6.9262,6.9262,6.9262,6.9262,6.9262,6.9262,6.9262,6.9262,6.9262,6.9262,6.9262,6.9262,6.9262,6.9262,6.9262,6.9262,6.9262,6.9262,6.9262,6.9262,6.9262,6.9262,6.9262,6.9262,6.9262,6.9262,6.9262,6.9262,6.9262,6.9262,6.9262,6.9262,6.9262,6.9262,6.9262,6.9262,6.9262,6.9262,6.9262,6.9262,6.9262,6.9262,6.9262,6.9262,6.9262,6.9262,6.9262,6.9262,6.9262,6.9262,6.9262,6.9262,6.9262,6.9262,6.9262,6.9262,6.9262,6.9262,6.9262,6.9262,6.9262,6.9262,6.9262,6.9262,6.9262,6.9262,6.9262,6.9262,6.9262,6.9262,6.9262,6.9262,6.9262,6.9262,6.9262,6.9262,6.9262,6.9262,6.9262,6.9262,6.9262,6.9262,6.9262,6.9262,6.9262,6.9262,6.9262,6.9262,6.9262,6.9262,6.9262,6.9262,6.9262,6.9262,6.9262,6.9262,6.9262,6.9262,6.9262,6.9262,6.9262,6.9262,6.9262,6.9262,6.9262,6.9262,6.9262,6.9262,6.9262,6.9262,6.9262,6.9262,6.9262,6.9262,6.9262,6.9262,6.9262,6.9262,6.9262,6.9262,6.9262,6.9262,6.9262,6.9262,6.9262,6.9262,6.9262,6.9262,6.9262,6.9262,6.9262,6.9262,6.9262,6.9262,6.9262,6.9262,6.9262,6.9262,6.9262,6.9262,6.9262,6.9262,6.9262,6.9262,6.9262,6.9262,6.9262,6.9262,6.9262,6.9262,6.9262,6.9262,6.9262,6.9262,6.9262,6.9262,6.9262,6.2184,6.1564,6.1339,6.1114,6.0938,6.0852,6.0769,6.0685,6.0635,6.0619,6.0604,6.0591,6.0576,6.0560,6.0545,6.0532,6.0517,6.0504,6.0493,6.0480,6.0469,6.0456,6.0445,6.0432,6.0421,6.0410,6.0397,6.0386,6.0373,6.0362,6.0349,6.0338,6.0325,6.0315,6.0302,6.0297,6.0323,6.0349,6.0375,6.0404,6.0432,6.0458,6.0486,6.0515,6.0541,6.0569,6.0598,6.0626,6.0652,6.0681,6.0709,6.0736,6.0810,6.0932,6.1054,6.1176,6.1301,6.1424,6.1548,6.1672,6.1797,6.1920,6.2046,6.9262,6.9262,6.9262,6.9262,6.9262,6.9262,6.9262,6.9262,6.9262,6.9262,6.9262,6.9262,6.9262,6.9262,6.9262,6.9262,6.9262,6.9262,6.9262,6.9262,6.9262,6.9262,6.9262,6.9262,6.9262,6.9262,6.9262,6.9262,6.9262,6.9262,6.9262,6.9262,6.9262,6.9262,6.9262,6.9262,6.9262,6.9262,6.9262,6.9262,6.9262,6.9262,6.9262,6.9262,6.9262,6.9262,6.9262,6.9262,6.9262,6.9262,6.9262,6.9262,6.9262,6.9262,6.9262,6.9262,6.9262,6.9262,6.9262,6.9262,6.9262,6.9262,6.9262,6.9262,6.9262,6.9262,6.9262,6.9262,6.9262,6.9262,6.9262,6.9262,6.9262,6.9262,6.9262,6.9262,6.9262,6.9262,6.9262,6.9262,6.9262,6.9262,6.9262,6.9262,6.9262,6.9262,6.9262,6.9262,6.9262,6.9262,6.9262,6.9262,6.9262,6.9262,6.9262,6.9262,6.9262,6.9262,6.9262,6.9262,6.9262,6.9262,6.9262,6.9262,6.9262,6.9262,6.9262,6.9262,6.9262,6.9262,6.9262,6.9262,6.9262,6.9262,6.9262,6.9262,6.9262,6.9262,6.9262,6.9262,6.9262,6.9262,6.9262,6.9262,6.9262,6.9262,6.9262,6.9262,6.9262,6.9262,6.9262,6.9262,6.9262,6.9262,6.9262,6.9262,6.9262,6.9262,6.9262,6.9262,6.9262,6.9262,6.9262,6.9262,6.9262,6.9262,6.9262,6.9262,6.9262,6.9262,6.9262,6.9262,6.9262,6.9262,6.9262,6.9262,6.9262,6.9262,6.9262,6.9262,6.9262,6.9262,6.9262,6.9262,6.9262,6.9262,6.9262,6.9262,6.9262,6.9262,6.9262,6.9262,6.9262,6.9262,6.9262,6.9262,6.9262,6.9262,6.9262,6.9262,6.9262,6.9262,6.9262,6.9262,6.9262,6.9262,6.9262,6.9262,6.9262,6.9262,6.9262,6.9262,6.9262,6.9262,6.9262,6.9262,6.9262,6.9262,6.9262,6.9262,6.9262,6.9262,6.9262,6.9262,6.9262,6.9262,6.9262,6.9262,6.9262,6.9262,6.9262,6.9262,6.9262,6.9262,6.9262,6.9262,6.9262,6.9262,6.9262,6.9262,6.9262,6.9262,6.9262,6.9262,6.9262,6.9262,6.9262,6.9262,6.9262,6.9262,6.9262,6.9262,6.9262,6.9262,6.9262,6.9262,6.9262,6.9262,6.9262,6.9262,6.9262,6.9262,6.9262,6.9262,6.9262,6.9262,6.9262,6.9262,6.9262,6.9262,6.9262,6.9262,6.9262,6.9262,6.9262,6.9262,6.9262,6.9262,6.9262,6.9262,6.9262,6.9262,6.9262,6.9262,6.9262,6.9262,6.9262,6.9262,6.9262,6.9262,6.9262,6.9262,6.9262,6.9262,6.9262,6.9262,6.9262,6.9262,6.9262,6.9262,6.9262,6.9262,6.9262,6.9262,6.9262,6.9262,6.9262,6.9262,6.9262,6.9262,6.9262,6.9262,6.9262,6.9262,6.9262,6.9262,6.9262,6.9262,6.9262,6.9262,6.9262,6.9262,6.9262,6.9262,6.9262,6.9262,6.9262,6.9262,6.9262,6.9262,6.9262,6.9262,6.9262,6.9262,6.9262,6.9262,6.9262,6.9262,6.9262,6.9262,6.9262,6.9262,6.9262,6.9262,6.9262,6.9262,6.9262,6.9262,6.9262,6.9262,6.9262,6.9262,6.9262,6.9262,6.9262,6.9262,6.9262,6.9262,6.9262,6.9262,6.9262,6.9262,6.9262,6.9262,6.9262,6.9262,6.9262,6.9262,6.9262,6.9262,6.9262,6.9262,6.9262,6.9262,6.9262,6.9262,6.9262,6.9262,6.9262,6.9262,6.9262,6.9262,6.9262,6.9262,6.9262,6.9262,6.9262,6.9262,6.9262,6.9262,6.9262,6.9262,6.9262,6.9262,6.9262,6.9262,6.9262,6.9262,6.9262,6.9262,6.9262,6.9262,6.9262,6.9262,6.9262,6.9262,6.9262,6.9262,6.9262,6.9262,6.9262,6.9262,6.9262,6.9262,6.9262,6.9262,6.9262,6.9262,6.9262,6.9262,6.9262,6.9262,6.9262,6.9262,6.9262,6.9262,6.9262,6.9262,6.9262,6.9262,6.9262,6.9262,6.9262,6.9262,6.9262,6.9262,6.9262,6.9262,6.9262,6.9262,6.9262,6.9262,6.9262,6.9262,6.9262,6.9262,6.9262,6.9262,6.9262,6.9262,6.9262,6.9262,6.9262,6.9262,6.9262,6.9262,6.9262,6.9262,6.9262,6.9262,6.9262,6.9262
6.9202,6.9202,6.9202,6.9202,6.9202,6.9202,6.9202,6.9202,6.9202,6.9202,6.9202,6.9202,6.9202,6.9202,6.9202,6.9202,6.9202,6.9202,6.9202,6.9202,6.9202,6.9202,6.9202,6.9202,6.9202,6.9202,6.9202,6.9202,6.9202,6.9202,6.9202,6.9202,6.9202,6.9202,6.9202,6.9202,6.9202,6.9202,6.9202,6.9202,6.9202,6.9202,6.9202,6.9202,6.9202,6.9202,6.9202,6.9202,6.9202,6.9202,6.9202,6.9202,6.9202,6.9202,6.9202,6.9202,6.9202,6.9202,6.9202,6.9202,6.9202,6.9202,6.9202,6.9202,6.9202,6.9202,6.9202,6.9202,6.9202,6.9202,6.9202,6.9202,6.9202,6.9202,6.9202,6.9202,6.9202,6.9202,6.9202,6.9202,6.9202,6.9202,6.9202,6.9202,6.9202,6.9202,6.9202,6.9202,6.9202,6.9202,6.9202,6.9202,6.9202,6.9202,6.9202,6.9202,6.9202,6.9202,6.9202,6.9202,6.9202,6.9202,6.9202,6.9202,6.9202,6.9202,6.9202,6.9202,6.9202,6.9202,6.9202,6.9202,6.9202,6.9202,6.9202,6.9202,6.9202,6.9202,6.9202,6.9202,6.9202,6.9202,6.9202,6.9202,6.9202,6.9202,6.9202,6.9202,6.9202,6.9202,6.9202,6.9202,6.9202,6.9202,6.9202,6.9202,6.9202,6.9202,6.9202,6.9202,6.9202,6.9202,6.9202,6.9202,6.9202,6.9202,6.9202,6.9202,6.9202,6.9202,6.9202,6.9202,6.9202,6.9202,6.9202,6.9202,6.9202,6.9202,6.9202,6.9202,6.9202,6.9202,6.9202,6.9202,6.9202,6.9202,6.9202,6.9202,6.9202,6.9202,6.9202,6.9202,6.9202,6.9202,6.9202,6.9202,6.9202,6.9202,6.9202,6.9202,6.9202,6.9202,6.9202,6.9202,6.9202,6.9202,6.9202,6.9202,6.9202,6.9202,6.9202,6.9202,6.9202,6.9202,6.9202,6.9202,6.9202,6.9202,6.9202,6.9202,6.9202,6.9202,6.9202,6.9202,6.9202,6.9202,6.9202,6.9202,6.9202,6.9202,6.9202,6.9202,6.9202,6.9202,6.9202,6.9202,6.9202,6.9202,6.9202,6.9202,6.9202,6.9202,6.9202,6.9202,6.9202,6.9202,6.9202,6.9202,6.9202,6.9202,6.9202,6.9202,6.9202,6.9202,6.9202,6.9202,6.9202,6.9202,6.9202,6.9202,6.9202,6.9202,6.9202,6.9202,6.9202,6.9202,6.9202,6.9202,6.9202,6.9202,6.9202,6.9202,6.9202,6.9202,6.9202,6.9202,6.9202,6.9202,6.9202,6.9202,6.9202,6.9202,6.9202,6.9202,6.9202,6.9202,6.9202,6.9202,6.9202,6.9202,6.9202,6.9202,6.9202,6.9202,6.9202,6.9202,6.9202,6.9202,6.9202,6.9202,6.9202,6.9202,6.9202,6.9202,6.9202,6.9202,6.9202,6.9202,6.9202,6.9202,6.9202,6.9202,6.9202,6.9202,6.9202,6.9202,6.9202,6.9202,6.9202,6.9202,6.9202,6.9202,6.9202,6.9202,6.9202,6.9202,6.9202,6.9202,6.9202,6.9202,6.9202,6.9202,6.9202,6.9202,6.9202,6.9202,6.9202,6.9202,6.9202,6.9202,6.9202,6.9202,6.9202,6.9202,6.9202,6.9202,6.9202,6.9202,6.9202,6.9202,6.9202,6.9202,6.9202,6.9202,6.9202,6.9202,6.9202,6.9202,6.9202,6.9202,6.9202,6.9202,6.9202,6.9202,6.9202,6.9202,6.9202,6.9202,6.9202,6.9202,6.9202,6.9202,6.9202,6.9202,6.9202,6.9202,6.9202,6.9202,6.9202,6.9202,6.9202,6.9202,6.9202,6.9202,6.9202,6.9202,6.9202,6.9202,6.9202,6.9202,6.9202,6.9202,6.9202,6.9202,6.9202,6.9202,6.9202,6.9202,6.9202,6.9202,6.9202,6.9202,6.9202,6.9202,6.9202,6.9202,6.9202,6.9202,6.9202,6.9202,6.9202,6.9202,6.9202,6.9202,6.9202,6.9202,6.9202,6.9202,6.9202,6.9202,6.9202,6.9202,6.9202,6.9202,6.9202,6.9202,6.9202,6.9202,6.9202,6.9202,6.9202,6.9202,6.9202,6.9202,6.9202,6.9202,6.9202,6.9202,6.9202,6.9202,6.9202,6.9202,6.9202,6.9202,6.9202,6.9202,6.9202,6.9202,6.9202,6.9202,6.9202,6.9202,6.9202,6.9202,6.9202,6.9202,6.9202,6.9202,6.9202,6.9202,6.9202,6.9202,6.9202,6.9202,6.9202,6.9202,6.9202,6.9202,6.9202,6.9202,6.9202,6.9202,6.9202,6.9202,6.9202,6.9202,6.9202,6.9202,6.1595,6.1368,6.1270,6.1183,6.1098,6.1014,6.0927,6.0843,6.0758,6.0709,6.0694,6.0679,6.0665,6.0650,6.0635,6.0622,6.0608,6.0598,6.0584,6.0574,6.0560,6.0549,6.0539,6.0525,6.0515,6.0501,6.0491,6.0478,6.0467,6.0454,6.0443,6.0432,6.0421,6.0449,6.0478,6.0506,6.0532,6.0560,6.0589,6.0617,6.0646,6.0674,6.0703,6.0731,6.0760,6.0786,6.0815,6.0934,6.1058,6.1183,6.1305,6.1429,6.1553,6.1677,6.1802,6.1927,6.9202,6.9202,6.9202,6.9202,6.9202,6.9202,6.9202,6.9202,6.9202,6.9202,6.9202,6.9202,6.9202,6.9202,6.9202,6.9202,6.9202,6.9202,6.9202,6.9202,6.9202,6.9202,6.9202,6.9202,6.9202,6.9202,6.9202,6.9202,6.9202,6.9208,6.9208,6.9208,6.9208,6.9208,6.9208,6.9208,6.9208,6.9208,6.9208,6.9208,6.9208,6.9208,6.9208,6.9208,6.9208,6.9208,6.9208,6.9208,6.9208,6.9208,6.9208,6.9208,6.9208,6.9208,6.9208,6.9208,6.9208,6.9208,6.9208,6.9208,6.9208,6.9208,6.9208,6.9208,6.9208,6.9208,6.9208,6.9208,6.9208,6.9208,6.9208,6.9208,6.9208,6.9208,6.9208,6.9208,6.9208,6.9208,6.9208,6.9208,6.9208,6.9208,6.9208,6.9208,6.9208,6.9208,6.9208,6.9208,6.9208,6.9208,6.9208,6.9208,6.9208,6.9208,6.9208,6.9208,6.9208,6.9208,6.9208,6.9208,6.9208,6.9208,6.9208,6.9208,6.9208,6.9208,6.9208,6.9208,6.9208,6.9208,6.9208,6.9208,6.9208,6.9208,6.9208,6.9208,6.9208,6.9208,6.9208,6.9208,6.9208,6.9208,6.9208,6.9208,6.9208,6.9208,6.9208,6.9208,6.9208,6.9208,6.9208,6.9208,6.9208,6.9208,6.9208,6.9208,6.9208,6.9208,6.9208,6.9208,6.9208,6.9208,6.9208,6.9208,6.9208,6.9208,6.9208,6.9208,6.9208,6.9208,6.9208,6.9208,6.9208,6.9208,6.9208,6.9208,6.9208,6.9208,6.9208,6.9208,6.9208,6.9208,6.9208,6.9208,6.9208,6.9208,6.9208,6.9208,6.9208,6.9208,6.9208,6.9208,6.9208,6.9208,6.9208,6.9208,6.9208,6.9208,6.9208,6.9208,6.9208,6.9208,6.9208,6.9208,6.9208,6.9208,6.9208,6.9208,6.9208,6.9208,6.9208,6.9208,6.9208,6.9208,6.9208,6.9208,6.9208,6.9208,6.9208,6.9208,6.9208,6.9208,6.9208,6.9208,6.9208,6.9208,6.9208,6.9208,6.9208,6.9208,6.9208,6.9208,6.9208,6.9208,6.9208,6.9208,6.9208,6.9208,6.9208,6.9208,6.9208,6.9208,6.9208,6.9208,6.9208,6.9208,6.9208,6.9208,6.9208,6.9208,6.9208,6.9208,6.9208,6.9208,6.9208,6.9208,6.9208,6.9208,6.9208,6.9208,6.9208,6.9208,6.9208,6.9208,6.9208,6.9208,6.9208,6.9208,6.9208,6.9208,6.9208,6.9208,6.9208,6.9208,6.9208,6.9208,6.9208,6.9208,6.9208,6.9208,6.9208,6.9208,6.9208,6.9208,6.9208,6.9208,6.9208,6.9208,6.9208,6.9208,6.9208,6.9208,6.9208,6.9208,6.9208,6.9208,6.9208,6.9208,6.9208,6.9208,6.9208,6.9208,6.9208,6.9208,6.9208,6.9208,6.9208,6.9208,6.9208,6.9208,6.9208,6.9208,6.9208,6.9208,6.9208,6.9208,6.9208,6.9208,6.9208,6.9208,6.9208,6.9208,6.9208,6.9208,6.9208,6.9208,6.9208,6.9208,6.9208,6.9208,6.9208,6.9208,6.9208,6.9208,6.9208,6.9208,6.9208,6.9208,6.9208,6.9208,6.9208,6.9208,6.9208,6.9208,6.9208,6.9208,6.9208,6.9208,6.9208,6.9208,6.9208,6.9208,6.9208,6.9208,6.9208,6.9208,6.9208,6.9208,6.9208,6.9208,6.9208,6.9208,6.9208,6.9208,6.9208,6.9208,6.9208,6.9208,6.9208,6.9208,6.9208,6.9208,6.9208,6.9208,6.9208,6.9208,6.9208,6.9208,6.9208,6.9208,6.9208,6.9208,6.9208,6.9208,6.9208,6.9208,6.9208,6.9208,6.9208,6.9208,6.9208,6.9208,6.9208,6.9208,6.9208,6.9208,6.9208,6.9208,6.9208,6.9208,6.9208,6.9208,6.9208,6.9208,6.9208,6.9208,6.9208,6.9208,6.9208,6.9208,6.9208,6.9208,6.9208,6.9208,6.9208,6.9208,6.9208,6.9208,6.9208,6.9208,6.9208,6.9208,6.9208,6.9208,6.9208,6.9208,6.9208,6.9208,6.9208,6.9208,6.9208,6.9208,6.9208,6.9208,6.9208,6.9208,6.9208,6.9208,6.9208,6.9208,6.9208,6.9208,6.9208,6.9208,6.9208,6.9208,6.9208,6.9208,6.9208,6.9208,6.9208,6.9208,6.9208,6.9208,6.9208,6.9208,6.9208,6.9208,6.9208,6.9208,6.9208,6.9208,6.9208,6.9208,6.9208,6.9208
6.9151,6.9151,6.9151,6.9151,6.9151,6.9151,6.9151,6.9151,6.9151,6.9151,6.9151,6.9151,6.9151,6.9151,6.9151,6.9151,6.9151,6.9151,6.9151,6.9151,6.9151,6.9151,6.9151,6.9151,6.9151,6.9151,6.9151,6.9151,6.9151,6.9151,6.9151,6.9151,6.9151,6.9151,6.9151,6.9151,6.9151,6.9151,6.9151,6.9151,6.9151,6.9151,6.9151,6.9151,6.9151,6.9151,6.9151,6.9151,6.9151,6.9151,6.9151,6.9151,6.9151,6.9151,6.9151,6.9151,6.9151,6.9151,6.9151,6.9151,6.9151,6.9151,6.9151,6.9151,6.9151,6.9151,6.9151,6.9151,6.9151,6.9151,6.9151,6.9151,6.9151,6.9151,6.9151,6.9151,6.9151,6.9151,6.9151,6.9151,6.9151,6.9151,6.9151,6.9151,6.9151,6.9151,6.9151,6.9151,6.9151,6.9151,6.9151,6.9151,6.9151,6.9151,6.9151,6.9151,6.9151,6.9151,6.9151,6.9151,6.9151,6.9151,6.9151,6.9151,6.9151,6.9151,6.9151,6.9151,6.9151,6.9151,6.9151,6.9151,6.9151,6.9151,6.9151,6.9151,6.9151,6.9151,6.9151,6.9151,6.9151,6.9151,6.9151,6.9151,6.9151,6.9151,6.9151,6.9151,6.9151,6.9151,6.9151,6.9151,6.9151,6.9151,6.9151,6.9151,6.9151,6.9151,6.9151,6.9151,6.9151,6.9151,6.9151,6.9151,6.9151,6.9151,6.9151,6.9151,6.9151,6.9151,6.9151,6.9151,6.9151,6.9151,6.9151,6.9151,6.9151,6.9151,6.9151,6.9151,6.9151,6.9151,6.9151,6.9151,6.9151,6.9151,6.9151,6.9151,6.9151,6.9151,6.9151,6.9151,6.9151,6.9151,6.9151,6.9151,6.9151,6.9151,6.9151,6.9151,6.9151,6.9151,6.9151,6.9151,6.9151,6.9151,6.9151,6.9151,6.9151,6.9151,6.9151,6.9151,6.9151,6.9151,6.9151,6.9151,6.9151,6.9151,6.9151,6.9151,6.9151,6.9151,6.9151,6.9151,6.9151,6.9151,6.9151,6.9151,6.9151,6.9151,6.9151,6.9151,6.9151,6.9151,6.9151,6.9151,6.9151,6.9151,6.9151,6.9151,6.9151,6.9151,6.9151,6.9151,6.9151,6.9151,6.9151,6.9151,6.9151,6.9151,6.9151,6.9151,6.9151,6.9151,6.9151,6.9151,6.9151,6.9151,6.9151,6.9151,6.9151,6.9151,6.9151,6.9151,6.9151,6.9151,6.9151,6.9151,6.9151,6.9151,6.9151,6.9151,6.9151,6.9151,6.9151,6.9151,6.9151,6.9151,6.9151,6.9151,6.9151,6.9151,6.9151,6.9151,6.9151,6.9151,6.9151,6.9151,6.9151,6.9151,6.9151,6.9151,6.9151,6.9151,6.9151,6.9151,6.9151,6.9151,6.9151,6.9151,6.9151,6.9151,6.9151,6.9151,6.9151,6.9151,6.9151,6.9151,6.9151,6.9151,6.9151,6.9151,6.9151,6.9151,6.9151,6.9151,6.9154,6.9154,6.9154,6.9154,6.9154,6.9154,6.9154,6.9154,6.9154,6.9154,6.9154,6.9154,6.9154,6.9154,6.9154,6.9154,6.9154,6.9154,6.9154,6.9154,6.9154,6.9154,6.9154,6.9154,6.9154,6.9154,6.9154,6.9154,6.9154,6.9154,6.9154,6.9154,6.9154,6.9154,6.9154,6.9154,6.9154,6.9154,6.9154,6.9154,6.9154,6.9154,6.9154,6.9154,6.9154,6.9154,6.9154,6.9154,6.9154,6.9154,6.9154,6.9154,6.9154,6.9154,6.9154,6.9154,6.9154,6.9154,6.9154,6.9154,6.9154,6.9154,6.9154,6.9154,6.9154,6.9154,6.9154,6.9154,6.9154,6.9154,6.9154,6.9154,6.9154,6.9154,6.9154,6.9154,6.9154,6.9154,6.9154,6.9154,6.9154,6.9154,6.9154,6.9154,6.9154,6.9154,6.9154,6.9154,6.9154,6.9154,6.9154,6.9154,6.9154,6.9154,6.9154,6.9154,6.9154,6.9154,6.9154,6.9154,6.9154,6.9154,6.9154,6.9154,6.9154,6.9154,6.9154,6.9154,6.9154,6.9154,6.9154,6.9154,6.9154,6.9154,6.9154,6.9154,6.9154,6.9154,6.9154,6.9154,6.9154,6.9154,6.9154,6.9154,6.9154,6.9154,6.9154,6.9154,6.9154,6.9154,6.9154,6.9154,6.9154,6.9154,6.9154,6.9154,6.9154,6.9154,6.9154,6.9154,6.9154,6.9154,6.9154,6.9154,6.9154,6.9154,6.9154,6.9154,6.9154,6.9154,6.9154,6.9154,6.9154,6.9154,6.9154,6.9154,6.9154,6.9154,6.9154,6.9154,6.9154,6.9154,6.9154,6.9154,6.1813,6.1634,6.1516,6.1431,6.1343,6.1258,6.1174,6.1087,6.1003,6.0916,6.0832,6.0784,6.0769,6.0755,6.0740,6.0727,6.0714,6.0703,6.0690,6.0679,6.0665,6.0654,6.0643,6.0630,6.0619,6.0606,6.0595,6.0587,6.0578,6.0569,6.0560,6.0582,6.0611,6.0639,6.0668,6.0696,6.0725,6.0753,6.0782,6.0810,6.0837,6.0865,6.0936,6.1060,6.1183,6.1308,6.1433,6.1557,6.1684,6.1806,6.9154,6.9154,6.9154,6.9154,6.9154,6.9154,6.9154,6.9154,6.9154,6.9154,6.9154,6.9154,6.9154,6.9154,6.9154,6.9154,6.9154,6.9154,6.9154,6.9154,6.9154,6.9154,6.9154,6.9154,6.9154,6.9154,6.9154,6.9154,6.9154,6.9154,6.9154,6.9154,6.9154,6.9154,6.9154,6.9154,6.9154,6.9154,6.9154,6.9154,6.9154,6.9154,6.9154,6.9154,6.9154,6.9154,6.9154,6.9154,6.9154,6.9154,6.9154,6.9154,6.9154,6.9154,6.9154,6.9154,6.9154,6.9154,6.9154,6.9154,6.9154,6.9154,6.9154,6.9154,6.9154,6.9154,6.9154,6.9154,6.9154,6.9154,6.9154,6.9154,6.9154,6.9154,6.9154,6.9154,6.9154,6.9154,6.9154,6.9154,6.9154,6.9154,6.9154,6.9154,6.9154,6.9154,6.9154,6.9154,6.9154,6.9154,6.9154,6.9154,6.9154,6.9154,6.9154,6.9154,6.9154,6.9154,6.9154,6.9154,6.9154,6.9154,6.9154,6.9154,6.9154,6.9154,6.9154,6.9154,6.9154,6.9154,6.9154,6.9154,6.9154,6.9154,6.9154,6.9154,6.9154,6.9154,6.9154,6.9154,6.9154,6.9154,6.9154,6.9154,6.9154,6.9154,6.9154,6.9154,6.9154,6.9154,6.9154,6.9154,6.9154,6.9154,6.9154,6.9154,6.9154,6.9154,6.9154,6.9154,6.9154,6.9154,6.9154,6.9154,6.9154,6.9154,6.9154,6.9154,6.9154,6.9154,6.9154,6.9154,6.9154,6.9154,6.9154,6.9154,6.9154,6.9154,6.9154,6.9154,6.9154,6.9154,6.9154,6.9154,6.9154,6.9154,6.9154,6.9154,6.9154,6.9154,6.9154,6.9154,6.9154,6.9154,6.9154,6.9154,6.9154,6.9154,6.9154,6.9154,6.9154,6.9154,6.9154,6.9154,6.9154,6.9154,6.9154,6.9154,6.9154,6.9154,6.9154,6.9154,6.9154,6.9154,6.9154,6.9154,6.9154,6.9154,6.9154,6.9154,6.9154,6.9154,6.9154,6.9154,6.9154,6.9154,6.9154,6.9154,6.9154,6.9154,6.9154,6.9154,6.9154,6.9154,6.9154,6.9154,6.9154,6.9154,6.9154,6.9154,6.9154,6.9154,6.9154,6.9154,6.9154,6.9154,6.9154,6.9154,6.9154,6.9154,6.9154,6.9154,6.9154,6.9154,6.9154,6.9154,6.9154,6.9154,6.9154,6.9154,6.9154,6.9154,6.9154,6.9154,6.9154,6.9154,6.9154,6.9154,6.9154,6.9154,6.9154,6.9154,6.9154,6.9154,6.9154,6.9154,6.9154,6.9154,6.9154,6.9154,6.9154,6.9154,6.9154,6.9154,6.9154,6.9154,6.9154,6.9154,6.9154,6.9154,6.9154,6.9154,6.9154,6.9154,6.9154,6.9154,6.9154,6.9154,6.9154,6.9154,6.9154,6.9154,6.9154,6.9154,6.9154,6.9154,6.9154,6.9154,6.9154,6.9154,6.9154,6.9154,6.9154,6.9154,6.9154,6.9154,6.9154,6.9154,6.9154,6.9154,6.9154,6.9154,6.9154,6.9154,6.9154,6.9154,6.9154,6.9154,6.9154,6.9154,6.9154,6.9154,6.9154,6.9154,6.9154,6.9154,6.9154,6.9154,6.9154,6.9154,6.9154,6.9154,6.9154,6.9154,6.9154,6.9154,6.9154,6.9154,6.9154,6.9154,6.9154,6.9154,6.9154,6.9154,6.9154,6.9154,6.9154,6.9154,6.9154,6.9154,6.9154,6.9154,6.9154,6.9154,6.9154,6.9154,6.9154,6.9154,6.9154,6.9154,6.9154,6.9154,6.9154,6.9154,6.9154,6.9154,6.9154,6.9154,6.9154,6.9154,6.9154,6.9154,6.9154,6.9154,6.9154,6.9154,6.9154,6.9154,6.9154,6.9154,6.9154,6.9154,6.9154,6.9154,6.9154,6.9154,6.9154,6.9154,6.9154,6.9154,6.9154,6.9154,6.9154,6.9154,6.9154,6.9154,6.9154,6.9154,6.9154,6.9154,6.9154,6.9154,6.9154,6.9154,6.9154,6.9154,6.9154,6.9154,6.9154,6.9154,6.9154,6.9154,6.9154,6.9154,6.9154,6.9154,6.9154,6.9154,6.9154,6.9154,6.9154,6.9154,6.9154,6.9154,6.9154,6.9154,6.9154,6.9154,6.9154,6.9154,6.9154,6.9154,6.9154,6.9154,6.9154,6.9154,6.9154,6.9154,6.9154,6.9154,6.9154,6.9154,6.9154,6.9154,6.9154,6.9154,6.9154,6.9154,6.9154,6.9154,6.9154,6.9154,6.9154,6.9154,6.9154,6.9154,6.9154,6.9154,6.9154,6.9154
6.9097,6.9097,6.9097,6.9097,6.9097,6.9097,6.9097,6.9097,6.9097,6.9097,6.9097,6.9097,6.9097,6.9097,6.9097,6.9097,6.9097,6.9097,6.9097,6.9097,6.9097,6.9097,6.9097,6.9097,6.9097,6.9097,6.9097,6.9097,6.9097,6.9097,6.9097,6.9097,6.9097,6.9097,6.9097,6.9097,6.9097,6.9097,6.9097,6.9097,6.9097,6.9097,6.9097,6.9097,6.9097,6.9097,6.9097,6.9097,6.9097,6.9097,6.9097,6.9097,6.9097,6.9097,6.9097,6.9097,6.9097,6.9097,6.9097,6.9097,6.9097,6.9097,6.9097,6.9097,6.9097,6.9097,6.9097,6.9097,6.9097,6.9097,6.9097,6.9097,6.9097,6.9097,6.9097,6.9097,6.9097,6.9097,6.9097,6.9097,6.9097,6.9097,6.9097,6.9097,6.9097,6.9097,6.9097,6.9097,6.9097,6.9097,6.9097,6.9097,6.9097,6.9097,6.9097,6.9097,6.9097,6.9097,6.9097,6.9097,6.9097,6.9097,6.9097,6.9097,6.9097,6.9097,6.9097,6.9097,6.9097,6.9097,6.9097,6.9097,6.9097,6.9097,6.9097,6.9097,6.9097,6.9097,6.9097,6.9097,6.9097,6.9097,6.9097,6.9097,6.9097,6.9097,6.9097,6.9097,6.9097,6.9097,6.9097,6.9097,6.9097,6.9097,6.9097,6.9097,6.9097,6.9097,6.9097,6.9097,6.9097,6.9097,6.9097,6.9097,6.9097,6.9097,6.9097,6.9097,6.9097,6.9097,6.9097,6.9097,6.9097,6.9097,6.9097,6.9097,6.9097,6.9097,6.9097,6.9097,6.9097,6.9097,6.9097,6.9097,6.9097,6.9097,6.9097,6.9097,6.9097,6.9097,6.9097,6.9097,6.9097,6.9097,6.9097,6.9097,6.9097,6.9097,6.9097,6.9097,6.9097,6.9097,6.9097,6.9097,6.9097,6.9097,6.9097,6.9097,6.9097,6.9097,6.9097,6.9097,6.9097,6.9097,6.9097,6.9097,6.9097,6.9097,6.9097,6.9097,6.9097,6.9097,6.9097,6.9097,6.9097,6.9097,6.9097,6.9097,6.9097,6.9097,6.9097,6.9097,6.9097,6.9097,6.9097,6.9097,6.9097,6.9097,6.9097,6.9097,6.9097,6.9097,6.9097,6.9097,6.9097,6.9097,6.9097,6.9097,6.9097,6.9097,6.9097,6.9097,6.9097,6.9097,6.9097,6.9097,6.9097,6.9097,6.9097,6.9097,6.9097,6.9097,6.9097,6.9097,6.9097,6.9097,6.9097,6.9097,6.9097,6.9097,6.9097,6.9097,6.9097,6.9097,6.9097,6.9097,6.9097,6.9097,6.9097,6.9097,6.9097,6.9097,6.9097,6.9097,6.9097,6.9097,6.9097,6.9097,6.9097,6.9097,6.9097,6.9097,6.9097,6.9097,6.9097,6.9097,6.9097,6.9097,6.9097,6.9097,6.9097,6.9097,6.9097,6.9097,6.9097,6.9097,6.9097,6.9097,6.9097,6.9097,6.9097,6.9097,6.9097,6.9097,6.9097,6.9097,6.9097,6.9097,6.9097,6.9097,6.9097,6.9097,6.9097,6.9097,6.9097,6.9097,6.9097,6.9097,6.9097,6.9097,6.9097,6.9097,6.9097,6.9097,6.9097,6.9097,6.9097,6.9097,6.9097,6.9097,6.9097,6.9097,6.9097,6.9097,6.9097,6.9097,6.9097,6.9097,6.9097,6.9097,6.9097,6.9097,6.9097,6.9097,6.9097,6.9097,6.9097,6.9097,6.9097,6.9097,6.9097,6.9097,6.9097,6.9097,6.9097,6.9097,6.9097,6.9097,6.9097,6.9097,6.9097,6.9097,6.9097,6.9097,6.9097,6.9097,6.9097,6.9097,6.9097,6.9097,6.9097,6.9097,6.9097,6.9097,6.9097,6.9097,6.9097,6.9097,6.9097,6.9097,6.9097,6.9097,6.9097,6.9097,6.9097,6.9097,6.9097,6.9097,6.9097,6.9097,6.9097,6.9097,6.9097,6.9097,6.9097,6.9097,6.9097,6.9097,6.9097,6.9097,6.9097,6.9097,6.9097,6.9097,6.9097,6.9097,6.9097,6.9097,6.9097,6.9097,6.9097,6.9097,6.9097,6.9097,6.9097,6.9097,6.9097,6.9097,6.9097,6.9103,6.9103,6.9103,6.9103,6.9103,6.9103,6.9103,6.9103,6.9103,6.9103,6.9103,6.9103,6.9103,6.9103,6.9103,6.9103,6.9103,6.9103,6.9103,6.9103,6.9103,6.9103,6.9103,6.9103,6.9103,6.9103,6.9103,6.9103,6.9103,6.9103,6.9103,6.9103,6.9103,6.9103,6.9103,6.9103,6.9103,6.9103,6.9103,6.9103,6.9103,6.9103,6.9103,6.9103,6.9103,6.9103,6.9103,6.9103,6.9103,6.9103,6.9103,6.9103,6.9103,6.2480,6.2269,6.2062,6.1863,6.1743,6.1623,6.1503,6.1384,6.1265,6.1163,6.1076,6.0991,6.0907,6.0859,6.0846,6.0832,6.0819,6.0808,6.0795,6.0784,6.0773,6.0764,6.0755,6.0747,6.0738,6.0729,6.0718,6.0709,6.0700,6.0718,6.0747,6.0775,6.0804,6.0832,6.0861,6.0888,6.0916,6.0945,6.1060,6.1185,6.1310,6.1433,6.1559,6.9103,6.9103,6.9103,6.9103,6.9103,6.9103,6.9103,6.9103,6.9103,6.9103,6.9103,6.9103,6.9103,6.9103,6.9103,6.9103,6.9103,6.9103,6.9103,6.9103,6.9103,6.9103,6.9103,6.9103,6.9103,6.9103,6.9103,6.9103,6.9103,6.9103,6.9103,6.9103,6.9103,6.9103,6.9103,6.9103,6.9103,6.9103,6.9103,6.9103,6.9103,6.9103,6.9103,6.9103,6.9103,6.9103,6.9103,6.9103,6.9103,6.9103,6.9103,6.9103,6.9103,6.9103,6.9103,6.9103,6.9103,6.9103,6.9103,6.9103,6.9103,6.9103,6.9103,6.9103,6.9103,6.9103,6.9103,6.9103,6.9103,6.9103,6.9103,6.9103,6.9103,6.9103,6.9103,6.9103,6.9103,6.9103,6.9103,6.9103,6.9103,6.9103,6.9103,6.9103,6.9103,6.9103,6.9103,6.9103,6.9103,6.9103,6.9103,6.9103,6.9103,6.9103,6.9103,6.9103,6.9103,6.9103,6.9103,6.9103,6.9103,6.9103,6.9103,6.9103,6.9103,6.9103,6.9103,6.9103,6.9103,6.9103,6.9103,6.9103,6.9103,6.9103,6.9103,6.9103,6.9103,6.9103,6.9103,6.9103,6.9103,6.9103,6.9103,6.9103,6.9103,6.9103,6.9103,6.9103,6.9103,6.9103,6.9103,6.9103,6.9103,6.9103,6.9103,6.9103,6.9103,6.9103,6.9103,6.9103,6.9103,6.9103,6.9103,6.9103,6.9103,6.9103,6.9103,6.9103,6.9103,6.9103,6.9103,6.9103,6.9103,6.9103,6.9103,6.9103,6.9103,6.9103,6.9103,6.9103,6.9103,6.9103,6.9103,6.9103,6.9103,6.9103,6.9103,6.9103,6.9103,6.9103,6.9103,6.9103,6.9103,6.9103,6.9103,6.9103,6.9103,6.9103,6.9103,6.9103,6.9103,6.9103,6.9103,6.9103,6.9103,6.9103,6.9103,6.9103,6.9103,6.9103,6.9103,6.9103,6.9103,6.9103,6.9103,6.9103,6.9103,6.9103,6.9103,6.9103,6.9103,6.9103,6.9103,6.9103,6.9103,6.9103,6.9103,6.9103,6.9103,6.9103,6.9103,6.9103,6.9103,6.9103,6.9103,6.9103,6.9103,6.9103,6.9103,6.9103,6.9103,6.9103,6.9103,6.9103,6.9103,6.9103,6.9103,6.9103,6.9103,6.9103,6.9103,6.9103,6.9103,6.9103,6.9103,6.9103,6.9103,6.9103,6.9103,6.9103,6.9103,6.9103,6.9103,6.9103,6.9103,6.9103,6.9103,6.9103,6.9103,6.9103,6.9103,6.9103,6.9103,6.9103,6.9103,6.9103,6.9103,6.9103,6.9103,6.9103,6.9103,6.9103,6.9103,6.9103,6.9103,6.9103,6.9103,6.9103,6.9103,6.9103,6.9103,6.9103,6.9103,6.9103,6.9103,6.9103,6.9103,6.9103,6.9103,6.9103,6.9103,6.9103,6.9103,6.9103,6.9103,6.9103,6.9103,6.9103,6.9103,6.9103,6.9103,6.9103,6.9103,6.9103,6.9103,6.9103,6.9103,6.9103,6.9103,6.9103,6.9103,6.9103,6.9103,6.9103,6.9103,6.9103,6.9103,6.9103,6.9103,6.9103,6.9103,6.9103,6.9103,6.9103,6.9103,6.9103,6.9103,6.9103,6.9103,6.9103,6.9103,6.9103,6.9103,6.9103,6.9103,6.9103,6.9103,6.9103,6.9103,6.9103,6.9103,6.9103,6.9103,6.9103,6.9103,6.9103,6.9103,6.9103,6.9103,6.9103,6.9103,6.9103,6.9103,6.9103,6.9103,6.9103,6.9103,6.9103,6.9103,6.9103,6.9103,6.9103,6.9103,6.9103,6.9103,6.9103,6.9103,6.9103,6.9103,6.9103,6.9103,6.9103,6.9103,6.9103,6.9103,6.9103,6.9103,6.9103,6.9103,6.9103,6.9103,6.9103,6.9103,6.9103,6.9103,6.9103,6.9103,6.9103,6.9103,6.9103,6.9103,6.9103,6.9103,6.9103,6.9103,6.9103,6.9103,6.9103,6.9103,6.9103,6.9103,6.9103,6.9103,6.9103,6.9103,6.9103,6.9103,6.9103,6.9103,6.9103,6.9103,6.9103,6.9103,6.9103,6.9103,6.9103,6.9103,6.9103,6.9103,6.9103,6.9103,6.9103,6.9103,6.9103,6.9103,6.9103,6.9103,6.9103,6.9103,6.9103,6.9103,6.9103,6.9103,6.9103,6.9103,6.9103,6.9103,6.9103,6.9103,6.9103,6.9103,6.9103,6.9103,6.9103,6.9103,6.9103,6.9103,6.9103,6.9103,6.9103,6.9103,6.9103,6.9103,6.9103,6.9103,6.9103,6.9103,6.9103,6.9103,6.9103,6.9103,6.9103,6.9103,6.9103,6.9103
6.9049,6.9049,6.9049,6.9049,6.9049,6.9049,6.9049,6.9049,6.9049,6.9049,6.9049,6.9049,6.9049,6.9049,6.9049,6.9049,6.9049,6.9049,6.9049,6.9049,6.9049,6.9049,6.9049,6.9049,6.9049,6.9049,6.9049,6.9049,6.9049,6.9049,6.9049,6.9049,6.9049,6.9049,6.9049,6.9049,6.9049,6.9049,6.9049,6.9049,6.9049,6.9049,6.9049,6.9049,6.9049,6.9049,6.9049,6.9049,6.9049,6.9049,6.9049,6.9049,6.9049,6.9049,6.9049,6.9049,6.9049,6.9049,6.9049,6.9049,6.9049,6.9049,6.9049,6.9049,6.9049,6.9049,6.9049,6.9049,6.9049,6.9049,6.9049,6.9049,6.9049,6.9049,6.9049,6.9049,6.9049,6.9049,6.9049,6.9049,6.9049,6.9049,6.9049,6.9049,6.9049,6.9049,6.9049,6.9049,6.9049,6.9049,6.9049,6.9049,6.9049,6.9049,6.9049,6.9049,6.9049,6.9049,6.9049,6.9049,6.9049,6.9049,6.9049,6.9049,6.9049,6.9049,6.9049,6.9049,6.9049,6.9049,6.9049,6.9049,6.9049,6.9049,6.9049,6.9049,6.9049,6.9049,6.9049,6.9049,6.9049,6.9049,6.9049,6.9049,6.9049,6.9049,6.9049,6.9049,6.9049,6.9049,6.9049,6.9049,6.9049,6.9049,6.9049,6.9049,6.9049,6.9049,6.9049,6.9049,6.9049,6.9049,6.9049,6.9049,6.9049,6.9049,6.9049,6.9049,6.9049,6.9049,6.9049,6.9049,6.9049,6.9049,6.9049,6.9049,6.9049,6.9049,6.9049,6.9049,6.9049,6.9049,6.9049,6.9049,6.9049,6.9049,6.9049,6.9049,6.9049,6.9049,6.9049,6.9049,6.9049,6.9049,6.9049,6.9049,6.9049,6.9049,6.9049,6.9049,6.9049,6.9049,6.9049,6.9049,6.9049,6.9049,6.9049,6.9049,6.9049,6.9049,6.9049,6.9049,6.9049,6.9049,6.9049,6.9049,6.9049,6.9049,6.9049,6.9049,6.9049,6.9049,6.9049,6.9049,6.9049,6.9049,6.9049,6.9049,6.9049,6.9049,6.9049,6.9049,6.9049,6.9049,6.9049,6.9049,6.9049,6.9049,6.9049,6.9049,6.9049,6.9049,6.9049,6.9049,6.9049,6.9049,6.9049,6.9049,6.9049,6.9049,6.9049,6.9049,6.9049,6.9049,6.9049,6.9049,6.9049,6.9049,6.9049,6.9049,6.9049,6.9049,6.9049,6.9049,6.9049,6.9049,6.9049,6.9049,6.9049,6.9049,6.9049,6.9049,6.9049,6.9049,6.9049,6.9049,6.9049,6.9049,6.9049,6.9049,6.9049,6.9049,6.9049,6.9049,6.9049,6.9049,6.9049,6.9049,6.9049,6.9049,6.9049,6.9049,6.9049,6.9049,6.9049,6.9049,6.9049,6.9049,6.9049,6.9049,6.9049,6.9049,6.9049,6.9049,6.9049,6.9049,6.9049,6.9049,6.9049,6.9049,6.9049,6.9049,6.9049,6.9049,6.9049,6.9049,6.9049,6.9049,6.9049,6.9049,6.9049,6.9049,6.9049,6.9049,6.9049,6.9049,6.9049,6.9049,6.9049,6.9049,6.9049,6.9049,6.9049,6.9049,6.9049,6.9049,6.9049,6.9049,6.9049,6.9049,6.9049,6.9049,6.9049,6.9049,6.9049,6.9049,6.9049,6.9049,6.9049,6.9049,6.9049,6.9049,6.9049,6.9049,6.9049,6.9049,6.9049,6.9049,6.9049,6.9049,6.9049,6.9049,6.9049,6.9049,6.9049,6.9049,6.9049,6.9049,6.9049,6.9049,6.9049,6.9049,6.9049,6.9049,6.9049,6.9049,6.9049,6.9049,6.9049,6.9049,6.9049,6.9049,6.9049,6.9049,6.9049,6.9049,6.9049,6.9049,6.9049,6.9049,6.9049,6.9049,6.9049,6.9049,6.9049,6.9049,6.9049,6.9049,6.9049,6.9049,6.9049,6.9049,6.9049,6.9049,6.9049,6.9049,6.9049,6.9049,6.9049,6.9049,6.9049,6.9049,6.9049,6.9049,6.9049,6.9049,6.9049,6.9049,6.9049,6.9049,6.9049,6.9049,6.9049,6.9049,6.9049,6.9049,6.9049,6.9049,6.9049,6.9049,6.9049,6.9049,6.9049,6.9049,6.9049,6.9049,6.9049,6.9049,6.9049,6.9049,6.9049,6.9049,6.9049,6.9049,6.9049,6.9049,6.9049,6.9049,6.9049,6.9049,6.9049,6.9049,6.9049,6.9049,6.9049,6.9049,6.9049,6.9049,6.9049,6.9049,6.9049,6.9049,6.9049,6.9049,6.9049,6.9049,6.9049,6.9049,6.9049,6.9049,6.9049,6.9049,6.9049,6.9049,6.9049,6.9049,6.9049,6.9049,6.9049,6.9049,6.9049,6.9049,6.9049,6.9049,6.9049,6.9049,6.9049,6.9049,6.9049,6.9049,6.1966,6.1843,6.1722,6.1598,6.1476,6.1352,6.1232,6.1111,6.0991,6.0943,6.0934,6.0925,6.0916,6.0907,6.0896,6.0888,6.0879,6.0870,6.0861,6.0852,6.0843,6.0854,6.0883,6.0912,6.0941,6.0967,6.0996,6.1060,6.1185,6.1310,6.1435,6.9049,6.9049,6.9049,6.9049,6.9049,6.9049,6.9049,6.9049,6.9049,6.9049,6.9049,6.9049,6.9049,6.9049,6.9049,6.9049,6.9049,6.9049,6.9049,6.9049,6.9049,6.9049,6.9049,6.9049,6.9049,6.9049,6.9049,6.9049,6.9049,6.9049,6.9049,6.9049,6.9049,6.9049,6.9049,6.9049,6.9049,6.9049,6.9049,6.9049,6.9049,6.9049,6.9049,6.9049,6.9049,6.9049,6.9049,6.9049,6.9049,6.9049,6.9049,6.9049,6.9049,6.9049,6.9049,6.9049,6.9049,6.9049,6.9049,6.9049,6.9049,6.9049,6.9049,6.9049,6.9049,6.9049,6.9049,6.9049,6.9049,6.9049,6.9049,6.9049,6.9049,6.9049,6.9049,6.9049,6.9049,6.9049,6.9049,6.9049,6.9049,6.9049,6.9049,6.9049,6.9049,6.9049,6.9049,6.9049,6.9049,6.9049,6.9049,6.9049,6.9049,6.9049,6.9049,6.9049,6.9049,6.9049,6.9049,6.9049,6.9049,6.9049,6.9049,6.9049,6.9049,6.9049,6.9049,6.9049,6.9049,6.9049,6.9049,6.9049,6.9049,6.9049,6.9049,6.9049,6.9049,6.9049,6.9049,6.9049,6.9049,6.9049,6.9049,6.9049,6.9049,6.9049,6.9049,6.9049,6.9049,6.9049,6.9049,6.9049,6.9049,6.9049,6.9049,6.9049,6.9049,6.9049,6.9049,6.9049,6.9049,6.9049,6.9049,6.9049,6.9049,6.9049,6.9049,6.9049,6.9049,6.9049,6.9049,6.9049,6.9049,6.9049,6.9049,6.9049,6.9049,6.9049,6.9049,6.9049,6.9049,6.9049,6.9049,6.9049,6.9049,6.9049,6.9049,6.9049,6.9049,6.9049,6.9049,6.9049,6.9049,6.9049,6.9049,6.9049,6.9049,6.9049,6.9049,6.9049,6.9049,6.9049,6.9049,6.9049,6.9049,6.9049,6.9049,6.9049,6.9049,6.9049,6.9049,6.9049,6.9049,6.9049,6.9049,6.9049,6.9049,6.9049,6.9049,6.9049,6.9049,6.9049,6.9049,6.9049,6.9049,6.9049,6.9049,6.9049,6.9049,6.9049,6.9049,6.9049,6.9049,6.9049,6.9049,6.9049,6.9049,6.9049,6.9049,6.9049,6.9049,6.9049,6.9049,6.9049,6.9049,6.9049,6.9049,6.9049,6.9049,6.9049,6.9049,6.9049,6.9049,6.9049,6.9049,6.9049,6.9049,6.9049,6.9049,6.9049,6.9049,6.9049,6.9049,6.9049,6.9049,6.9049,6.9049,6.9049,6.9049,6.9049,6.9049,6.9049,6.9049,6.9049,6.9049,6.9049,6.9049,6.9049,6.9049,6.9049,6.9049,6.9049,6.9049,6.9049,6.9049,6.9049,6.9049,6.9049,6.9049,6.9049,6.9049,6.9049,6.9049,6.9049,6.9049,6.9049,6.9049,6.9049,6.9049,6.9049,6.9049,6.9049,6.9049,6.9049,6.9049,6.9049,6.9049,6.9049,6.9049,6.9049,6.9049,6.9049,6.9049,6.9049,6.9049,6.9049,6.9049,6.9049,6.9049,6.9049,6.9049,6.9049,6.9049,6.9049,6.9049,6.9049,6.9049,6.9049,6.9049,6.9049,6.9049,6.9049,6.9049,6.9049,6.9049,6.9049,6.9049,6.9049,6.9049,6.9049,6.9049,6.9049,6.9049,6.9049,6.9049,6.9049,6.9049,6.9049,6.9049,6.9049,6.9049,6.9049,6.9049,6.9049,6.9049,6.9049,6.9049,6.9049,6.9049,6.9049,6.9049,6.9049,6.9049,6.9049,6.9049,6.9049,6.9049,6.9049,6.9049,6.9049,6.9049,6.9049,6.9049,6.9049,6.9049,6.9049,6.9049,6.9049,6.9049,6.9049,6.9049,6.9049,6.9049,6.9049,6.9049,6.9049,6.9049,6.9049,6.9049,6.9049,6.9049,6.9049,6.9049,6.9049,6.9049,6.9049,6.9049,6.9049,6.9049,6.9049,6.9049,6.9049,6.9049,6.9049,6.9049,6.9049,6.9049,6.9049,6.9049,6.9049,6.9049,6.9049,6.9049,6.9049,6.9049,6.9049,6.9049,6.9049,6.9049,6.9049,6.9049,6.9049,6.9049,6.9049,6.9049,6.9049,6.9049,6.9049,6.9049,6.9049,6.9049,6.9049,6.9049,6.9049,6.9049,6.9049,6.9049,6.9049,6.9049,6.9049,6.9049,6.9049,6.9049,6.9049,6.9049,6.9049,6.9049,6.9049,6.9049,6.9049,6.9049,6.9049,6.9049,6.9049,6.9049,6.9049,6.9049,6.9049,6.9049,6.9049,6.9049,6.9049,6.9049,6.9049,6.9049,6.9049,6.9049,6.9049,6.9049,6.9049,6.9049,6.9049,6.9049,6.9049,6.9049,6.9049,6.9049,6.9049,6.9049
6.8989,6.8989,6.8989,6.8989,6.8989,6.8989,6.8989,6.8989,6.8989,6.8989,6.8989,6.8989,6.8989,6.8989,6.8989,6.8989,6.8989,6.8989,6.8989,6.8989,6.8989,6.8989,6.8989,6.8989,6.8989,6.8989,6.8989,6.8989,6.8989,6.8989,6.8989,6.8989,6.8989,6.8989,6.8989,6.8989,6.8989,6.8989,6.8989,6.8989,6.8989,6.8989,6.8989,6.8989,6.8989,6.8989,6.8989,6.8989,6.8989,6.8989,6.8989,6.8989,6.8989,6.8989,6.8989,6.8989,6.8989,6.8989,6.8989,6.8989,6.8989,6.8989,6.8989,6.8989,6.8989,6.8989,6.8989,6.8989,6.8989,6.8989,6.8989,6.8989,6.8989,6.8989,6.8989,6.8989,6.8989,6.8989,6.8989,6.8989,6.8989,6.8989,6.8989,6.8989,6.8989,6.8989,6.8989,6.8989,6.8989,6.8989,6.8989,6.8989,6.8989,6.8989,6.8989,6.8989,6.8989,6.8989,6.8989,6.8989,6.8989,6.8989,6.8989,6.8989,6.8989,6.8989,6.8989,6.8989,6.8989,6.8989,6.8989,6.8989,6.8989,6.8989,6.8989,6.8989,6.8989,6.8989,6.8989,6.8989,6.8989,6.8989,6.8989,6.8989,6.8989,6.8989,6.8989,6.8989,6.8989,6.8989,6.8989,6.8989,6.8989,6.8989,6.8989,6.8989,6.8989,6.8989,6.8989,6.8989,6.8989,6.8989,6.8989,6.8989,6.8989,6.8989,6.8989,6.8989,6.8989,6.8989,6.8989,6.8989,6.8989,6.8989,6.8989,6.8989,6.8989,6.8989,6.8989,6.8989,6.8989,6.8989,6.8989,6.8989,6.8989,6.8989,6.8989,6.8989,6.8989,6.8989,6.8989,6.8989,6.8989,6.8989,6.8989,6.8989,6.8989,6.8989,6.8989,6.8989,6.8989,6.8989,6.8989,6.8989,6.8989,6.8989,6.8989,6.8989,6.8989,6.8989,6.8989,6.8989,6.8989,6.8989,6.8989,6.8989,6.8989,6.8989,6.8989,6.8989,6.8989,6.8989,6.8989,6.8989,6.8989,6.8989,6.8989,6.8989,6.8989,6.8989,6.8989,6.8989,6.8989,6.8989,6.8989,6.8989,6.8989,6.8989,6.8989,6.8989,6.8989,6.8989,6.8989,6.8989,6.8989,6.8989,6.8989,6.8989,6.8989,6.8989,6.8989,6.8989,6.8989,6.8989,6.8989,6.8989,6.8989,6.8989,6.8989,6.8989,6.8989,6.8989,6.8989,6.8989,6.8989,6.8989,6.8989,6.8989,6.8989,6.8989,6.8989,6.8989,6.8989,6.8989,6.8989,6.8989,6.8989,6.8989,6.8989,6.8989,6.8989,6.8989,6.8989,6.8989,6.8989,6.8989,6.8989,6.8989,6.8989,6.8989,6.8989,6.8989,6.8989,6.8989,6.8989,6.8989,6.8989,6.8989,6.8989,6.8989,6.8989,6.8989,6.8989,6.8989,6.8989,6.8989,6.8989,6.8989,6.8989,6.8989,6.8989,6.8989,6.8989,6.8989,6.8989,6.8989,6.8989,6.8989,6.8989,6.8989,6.8989,6.8989,6.8989,6.8989,6.8989,6.8989,6.8989,6.8989,6.8989,6.8989,6.8989,6.8989,6.8989,6.8989,6.8989,6.8989,6.8989,6.8989,6.8989,6.8989,6.8989,6.8989,6.8989,6.8989,6.8989,6.8989,6.8989,6.8989,6.8989,6.8989,6.8989,6.8989,6.8989,6.8989,6.8989,6.8989,6.8989,6.8989,6.8989,6.8989,6.8989,6.8989,6.8989,6.8989,6.8989,6.8989,6.8989,6.8989,6.8989,6.8989,6.8989,6.8989,6.8989,6.8989,6.8989,6.8989,6.8989,6.8989,6.8989,6.8989,6.8989,6.8989,6.8989,6.8989,6.8989,6.8989,6.8989,6.8989,6.8989,6.8989,6.8989,6.8989,6.8989,6.8989,6.8989,6.8989,6.8989,6.8989,6.8989,6.8989,6.8989,6.8989,6.8989,6.8989,6.8989,6.8989,6.8989,6.8989,6.8989,6.8989,6.8989,6.8989,6.8989,6.8989,6.8989,6.8989,6.8989,6.8989,6.8989,6.8989,6.8989,6.8989,6.8989,6.8989,6.8989,6.8989,6.8989,6.8989,6.8989,6.8989,6.8989,6.8989,6.8989,6.8989,6.8989,6.8989,6.8989,6.8989,6.8989,6.8989,6.8989,6.8989,6.8989,6.8989,6.8989,6.8989,6.8989,6.8989,6.8989,6.8989,6.8989,6.8989,6.8989,6.8989,6.8989,6.8989,6.8989,6.8989,6.8989,6.8989,6.8989,6.8989,6.8989,6.8989,6.8989,6.8989,6.8989,6.8989,6.8989,6.8989,6.8989,6.8989,6.8989,6.8989,6.8989,6.8989,6.8989,6.8989,6.8989,6.8989,6.8989,6.8989,6.8989,6.8989,6.8989,6.8989,6.8989,6.8989,6.8989,6.8989,6.8989,6.8989,6.8989,6.8989,6.8989,6.8989,6.1759,6.1636,6.1514,6.1391,6.1303,6.1236,6.1167,6.1100,6.1040,6.1031,6.1023,6.1014,6.1005,6.0994,6.0985,6.0991,6.1018,6.1047,6.1076,6.1187,6.1310,6.8989,6.8989,6.8989,6.8989,6.8989,6.8995,6.8995,6.8995,6.8995,6.8995,6.8995,6.8995,6.8995,6.8995,6.8995,6.8995,6.8995,6.8995,6.8995,6.8995,6.8995,6.8995,6.8995,6.8995,6.8995,6.8995,6.8995,6.8995,6.8995,6.8995,6.8995,6.8995,6.8995,6.8995,6.8995,6.8995,6.8995,6.8995,6.8995,6.8995,6.8995,6.8995,6.8995,6.8995,6.8995,6.8995,6.8995,6.8995,6.8995,6.8995,6.8995,6.8995,6.8995,6.8995,6.8995,6.8995,6.8995,6.8995,6.8995,6.8995,6.8995,6.8995,6.8995,6.8995,6.8995,6.8995,6.8995,6.8995,6.8995,6.8995,6.8995,6.8995,6.8995,6.8995,6.8995,6.8995,6.8995,6.8995,6.8995,6.8995,6.8995,6.8995,6.8995,6.8995,6.8995,6.8995,6.8995,6.8995,6.8995,6.8995,6.8995,6.8995,6.8995,6.8995,6.8995,6.8995,6.8995,6.8995,6.8995,6.8995,6.8995,6.8995,6.8995,6.8995,6.8995,6.8995,6.8995,6.8995,6.8995,6.8995,6.8995,6.8995,6.8995,6.8995,6.8995,6.8995,6.8995,6.8995,6.8995,6.8995,6.8995,6.8995,6.8995,6.8995,6.8995,6.8995,6.8995,6.8995,6.8995,6.8995,6.8995,6.8995,6.8995,6.8995,6.8995,6.8995,6.8995,6.8995,6.8995,6.8995,6.8995,6.8995,6.8995,6.8995,6.8995,6.8995,6.8995,6.8995,6.8995,6.8995,6.8995,6.8995,6.8995,6.8995,6.8995,6.8995,6.8995,6.8995,6.8995,6.8995,6.8995,6.8995,6.8995,6.8995,6.8995,6.8995,6.8995,6.8995,6.8995,6.8995,6.8995,6.8995,6.8995,6.8995,6.8995,6.8995,6.8995,6.8995,6.8995,6.8995,6.8995,6.8995,6.8995,6.8995,6.8995,6.8995,6.8995,6.8995,6.8995,6.8995,6.8995,6.8995,6.8995,6.8995,6.8995,6.8995,6.8995,6.8995,6.8995,6.8995,6.8995,6.8995,6.8995,6.8995,6.8995,6.8995,6.8995,6.8995,6.8995,6.8995,6.8995,6.8995,6.8995,6.8995,6.8995,6.8995,6.8995,6.8995,6.8995,6.8995,6.8995,6.8995,6.8995,6.8995,6.8995,6.8995,6.8995,6.8995,6.8995,6.8995,6.8995,6.8995,6.8995,6.8995,6.8995,6.8995,6.8995,6.8995,6.8995,6.8995,6.8995,6.8995,6.8995,6.8995,6.8995,6.8995,6.8995,6.8995,6.8995,6.8995,6.8995,6.8995,6.8995,6.8995,6.8995,6.8995,6.8995,6.8995,6.8995,6.8995,6.8995,6.8995,6.8995,6.8995,6.8995,6.8995,6.8995,6.8995,6.8995,6.8995,6.8995,6.8995,6.8995,6.8995,6.8995,6.8995,6.8995,6.8995,6.8995,6.8995,6.8995,6.8995,6.8995,6.8995,6.8995,6.8995,6.8995,6.8995,6.8995,6.8995,6.8995,6.8995,6.8995,6.8995,6.8995,6.8995,6.8995,6.8995,6.8995,6.8995,6.8995,6.8995,6.8995,6.8995,6.8995,6.8995,6.8995,6.8995,6.8995,6.8995,6.8995,6.8995,6.8995,6.8995,6.8995,6.8995,6.8995,6.8995,6.8995,6.8995,6.8995,6.8995,6.8995,6.8995,6.8995,6.8995,6.8995,6.8995,6.8995,6.8995,6.8995,6.8995,6.8995,6.8995,6.8995,6.8995,6.8995,6.8995,6.8995,6.8995,6.8995,6.8995,6.8995,6.8995,6.8995,6.8995,6.8995,6.8995,6.8995,6.8995,6.8995,6.8995,6.8995,6.8995,6.8995,6.8995,6.8995,6.8995,6.8995,6.8995,6.8995,6.8995,6.8995,6.8995,6.8995,6.8995,6.8995,6.8995,6.8995,6.8995,6.8995,6.8995,6.8995,6.8995,6.8995,6.8995,6.8995,6.8995,6.8995,6.8995,6.8995,6.8995,6.8995,6.8995,6.8995,6.8995,6.8995,6.8995,6.8995,6.8995,6.8995,6.8995,6.8995,6.8995,6.8995,6.8995,6.8995,6.8995,6.8995,6.8995,6.8995,6.8995,6.8995,6.8995,6.8995,6.8995,6.8995,6.8995,6.8995,6.8995,6.8995,6.8995,6.8995,6.8995,6.8995,6.8995,6.8995,6.8995,6.8995,6.8995,6.8995,6.8995,6.8995,6.8995,6.8995,6.8995,6.8995,6.8995,6.8995,6.8995,6.8995,6.8995,6.8995,6.8995,6.8995,6.8995,6.8995,6.8995,6.8995,6.8995,6.8995,6.8995,6.8995,6.8995,6.8995,6.8995,6.8995,6.8995,6.8995,6.8995,6.8995,6.8995,6.8995,6.8995,6.8995,6.8995,6.8995,6.8995,6.8995,6.8995,6.8995,6.8995,6.8995
6.8935,6.8935,6.8935,6.8935,6.8935,6.8935,6.8935,6.8935,6.8935,6.8935,6.8935,6.8935,6.8935,6.8935,6.8935,6.8935,6.8935,6.8935,6.8935,6.8935,6.8935,6.8935,6.8935,6.8935,6.8935,6.8935,6.8935,6.8935,6.8935,6.8935,6.8935,6.8935,6.8935,6.8935,6.8935,6.8935,6.8935,6.8935,6.8935,6.8935,6.8935,6.8935,6.8935,6.8935,6.8935,6.8935,6.8935,6.8935,6.8935,6.8935,6.8935,6.8935,6.8935,6.8935,6.8935,6.8935,6.8935,6.8935,6.8935,6.8935,6.8935,6.8935,6.8935,6.8935,6.8935,6.8935,6.8935,6.8935,6.8935,6.8935,6.8935,6.8935,6.8935,6.8935,6.8935,6.8935,6.8935,6.8935,6.8935,6.8935,6.8935,6.8935,6.8935,6.8935,6.8935,6.8935,6.8935,6.8935,6.8935,6.8935,6.8935,6.8935,6.8935,6.8935,6.8935,6.8935,6.8935,6.8935,6.8935,6.8935,6.8935,6.8935,6.8935,6.8935,6.8935,6.8935,6.8935,6.8935,6.8935,6.8935,6.8935,6.8935,6.8935,6.8935,6.8935,6.8935,6.8935,6.8935,6.8935,6.8935,6.8935,6.8935,6.8935,6.8935,6.8935,6.8935,6.8935,6.8935,6.8935,6.8935,6.8935,6.8935,6.8935,6.8935,6.8935,6.8935,6.8935,6.8935,6.8935,6.8935,6.8935,6.8935,6.8935,6.8935,6.8935,6.8935,6.8935,6.8935,6.8935,6.8935,6.8935,6.8935,6.8935,6.8935,6.8935,6.8935,6.8935,6.8935,6.8935,6.8935,6.8935,6.8935,6.8935,6.8935,6.8935,6.8935,6.8935,6.8935,6.8935,6.8935,6.8935,6.8935,6.8935,6.8935,6.8935,6.8935,6.8935,6.8935,6.8935,6.8935,6.8935,6.8935,6.8935,6.8935,6.8935,6.8935,6.8935,6.8935,6.8935,6.8935,6.8935,6.8935,6.8935,6.8935,6.8935,6.8935,6.8935,6.8935,6.8935,6.8935,6.8935,6.8935,6.8935,6.8935,6.8935,6.8935,6.8935,6.8935,6.8935,6.8935,6.8935,6.8935,6.8935,6.8935,6.8935,6.8935,6.8935,6.8935,6.8935,6.8935,6.8935,6.8935,6.8935,6.8935,6.8935,6.8935,6.8935,6.8935,6.8935,6.8935,6.8935,6.8935,6.8935,6.8935,6.8935,6.8935,6.8935,6.8935,6.8935,6.8935,6.8935,6.8935,6.8935,6.8935,6.8935,6.8935,6.8935,6.8935,6.8935,6.8935,6.8935,6.8935,6.8935,6.8935,6.8935,6.8935,6.8935,6.8935,6.8935,6.8935,6.8935,6.8935,6.8935,6.8935,6.8935,6.8935,6.8935,6.8935,6.8935,6.8935,6.8935,6.8935,6.8935,6.8935,6.8935,6.8935,6.8935,6.8935,6.8935,6.8935,6.8935,6.8935,6.8935,6.8935,6.8935,6.8935,6.8935,6.8935,6.8935,6.8935,6.8935,6.8935,6.8935,6.8935,6.8935,6.8935,6.8935,6.8935,6.8935,6.8935,6.8935,6.8935,6.8935,6.8935,6.8935,6.8935,6.8935,6.8935,6.8935,6.8935,6.8935,6.8935,6.8935,6.8935,6.8935,6.8935,6.8935,6.8935,6.8935,6.8935,6.8935,6.8935,6.8935,6.8935,6.8935,6.8935,6.8935,6.8935,6.8935,6.8935,6.8935,6.8935,6.8935,6.8935,6.8935,6.8935,6.8935,6.8935,6.8935,6.8935,6.8935,6.8935,6.8935,6.8935,6.8935,6.8935,6.8935,6.8935,6.8935,6.8935,6.8935,6.8935,6.8935,6.8935,6.8935,6.8935,6.8935,6.8935,6.8935,6.8935,6.8935,6.8935,6.8935,6.8935,6.8935,6.8935,6.8935,6.8935,6.8935,6.8935,6.8935,6.8935,6.8935,6.8935,6.8935,6.8935,6.8935,6.8935,6.8935,6.8935,6.8935,6.8935,6.8935,6.8935,6.8935,6.8935,6.8935,6.8935,6.8935,6.8935,6.8935,6.8935,6.8935,6.8935,6.8935,6.8935,6.8935,6.8935,6.8935,6.8935,6.8935,6.8935,6.8941,6.8941,6.8941,6.8941,6.8941,6.8941,6.8941,6.8941,6.8941,6.8941,6.8941,6.8941,6.8941,6.8941,6.8941,6.8941,6.8941,6.8941,6.8941,6.8941,6.8941,6.8941,6.8941,6.8941,6.8941,6.8941,6.8941,6.8941,6.8941,6.8941,6.8941,6.8941,6.8941,6.8941,6.8941,6.8941,6.8941,6.8941,6.8941,6.8941,6.8941,6.8941,6.8941,6.8941,6.8941,6.8941,6.8941,6.8941,6.8941,6.8941,6.8941,6.8941,6.8941,6.8941,6.8941,6.8941,6.8941,6.8941,6.8941,6.8941,6.8941,6.8941,6.8941,6.8941,6.8941,6.8941,6.8941,6.8941,6.8941,6.8941,6.8941,6.8941,6.8941,6.8941,6.8941,6.8941,6.8941,6.8941,6.8941,6.8941,6.8941,6.8941,6.8941,6.8941,6.1348,6.1281,6.1212,6.1145,6.1129,6.1127,6.1187,6.8941,6.8941,6.8941,6.8941,6.8941,6.8941,6.8941,6.8941,6.8941,6.8941,6.8941,6.8941,6.8941,6.8941,6.8941,6.8941,6.8941,6.8941,6.8941,6.8941,6.8941,6.8941,6.8941,6.8941,6.8941,6.8941,6.8941,6.8941,6.8941,6.8941,6.8941,6.8941,6.8941,6.8941,6.8941,6.8941,6.8941,6.8941,6.8941,6.8941,6.8941,6.8941,6.8941,6.8941,6.8941,6.8941,6.8941,6.8941,6.8941,6.8941,6.8941,6.8941,6.8941,6.8941,6.8941,6.8941,6.8941,6.8941,6.8941,6.8941,6.8941,6.8941,6.8941,6.8941,6.8941,6.8941,6.8941,6.8941,6.8941,6.8941,6.8941,6.8941,6.8941,6.8941,6.8941,6.8941,6.8941,6.8941,6.8941,6.8941,6.8941,6.8941,6.8941,6.8941,6.8941,6.8941,6.8941,6.8941,6.8941,6.8941,6.8941,6.8941,6.8941,6.8941,6.8941,6.8941,6.8941,6.8941,6.8941,6.8941,6.8941,6.8941,6.8941,6.8941,6.8941,6.8941,6.8941,6.8941,6.8941,6.8941,6.8941,6.8941,6.8941,6.8941,6.8941,6.8941,6.8941,6.8941,6.8941,6.8941,6.8941,6.8941,6.8941,6.8941,6.8941,6.8941,6.8941,6.8941,6.8941,6.8941,6.8941,6.8941,6.8941,6.8941,6.8941,6.8941,6.8941,6.8941,6.8941,6.8941,6.8941,6.8941,6.8941,6.8941,6.8941,6.8941,6.8941,6.8941,6.8941,6.8941,6.8941,6.8941,6.8941,6.8941,6.8941,6.8941,6.8941,6.8941,6.8941,6.8941,6.8941,6.8941,6.8941,6.8941,6.8941,6.8941,6.8941,6.8941,6.8941,6.8941,6.8941,6.8941,6.8941,6.8941,6.8941,6.8941,6.8941,6.8941,6.8941,6.8941,6.8941,6.8941,6.8941,6.8941,6.8941,6.8941,6.8941,6.8941,6.8941,6.8941,6.8941,6.8941,6.8941,6.8941,6.8941,6.8941,6.8941,6.8941,6.8941,6.8941,6.8941,6.8941,6.8941,6.8941,6.8941,6.8941,6.8941,6.8941,6.8941,6.8941,6.8941,6.8941,6.8941,6.8941,6.8941,6.8941,6.8941,6.8941,6.8941,6.8941,6.8941,6.8941,6.8941,6.8941,6.8941,6.8941,6.8941,6.8941,6.8941,6.8941,6.8941,6.8941,6.8941,6.8941,6.8941,6.8941,6.8941,6.8941,6.8941,6.8941,6.8941,6.8941,6.8941,6.8941,6.8941,6.8941,6.8941,6.8941,6.8941,6.8941,6.8941,6.8941,6.8941,6.8941,6.8941,6.8941,6.8941,6.8941,6.8941,6.8941,6.8941,6.8941,6.8941,6.8941,6.8941,6.8941,6.8941,6.8941,6.8941,6.8941,6.8941,6.8941,6.8941,6.8941,6.8941,6.8941,6.8941,6.8941,6.8941,6.8941,6.8941,6.8941,6.8941,6.8941,6.8941,6.8941,6.8941,6.8941,6.8941,6.8941,6.8941,6.8941,6.8941,6.8941,6.8941,6.8941,6.8941,6.8941,6.8941,6.8941,6.8941,6.8941,6.8941,6.8941,6.8941,6.8941,6.8941,6.8941,6.8941,6.8941,6.8941,6.8941,6.8941,6.8941,6.8941,6.8941,6.8941,6.8941,6.8941,6.8941,6.8941,6.8941,6.8941,6.8941,6.8941,6.8941,6.8941,6.8941,6.8941,6.8941,6.8941,6.8941,6.8941,6.8941,6.8941,6.8941,6.8941,6.8941,6.8941,6.8941,6.8941,6.8941,6.8941,6.8941,6.8941,6.8941,6.8941,6.8941,6.8941,6.8941,6.8941,6.8941,6.8941,6.8941,6.8941,6.8941,6.8941,6.8941,6.8941,6.8941,6.8941,6.8941,6.8941,6.8941,6.8941,6.8941,6.8941,6.8941,6.8941,6.8941,6.8941,6.8941,6.8941,6.8941,6.8941,6.8941,6.8941,6.8941,6.8941,6.8941,6.8941,6.8941,6.8941,6.8941,6.8941,6.8941,6.8941,6.8941,6.8941,6.8941,6.8941,6.8941,6.8941,6.8941,6.8941,6.8941,6.8941,6.8941,6.8941,6.8941,6.8941,6.8941,6.8941,6.8941,6.8941,6.8941,6.8941,6.8941,6.8941,6.8941,6.8941,6.8941,6.8941,6.8941,6.8941,6.8941,6.8941,6.8941,6.8941,6.8941,6.8941,6.8941,6.8941,6.8941,6.8941,6.8941,6.8941,6.8941,6.8941,6.8941,6.8941,6.8941,6.8941,6.8941,6.8941,6.8941,6.8941,6.8941,6.8941,6.8941,6.8941,6.8941,6.8941,6.8941,6.8941,6.8941,6.8941,6.8941,6.8941,6.8941,6.8941,6.8941,6.8941,6.8941,6.8941,6.8941,6.8941,6.8941,6.8941,6.8941,6.8941,6.8941,6.8941,6.8941,6.8941,6.8941,6.8941
6.8884,6.8884,6.8884,6.8884,6.8884,6.8884,6.8884,6.8884,6.8884,6.8884,6.8884,6.8884,6.8884,6.8884,6.8884,6.8884,6.8884,6.8884,6.8884,6.8884,6.8884,6.8884,6.8884,6.8884,6.8884,6.8884,6.8884,6.8884,6.8884,6.8884,6.8884,6.8884,6.8884,6.8884,6.8884,6.8884,6.8884,6.8884,6.8884,6.8884,6.8884,6.8884,6.8884,6.8884,6.8884,6.8884,6.8884,6.8884,6.8884,6.8884,6.8884,6.8884,6.8884,6.8884,6.8884,6.8884,6.8884,6.8884,6.8884,6.8884,6.8884,6.8884,6.8884,6.8884,6.8884,6.8884,6.8884,6.8884,6.8884,6.8884,6.8884,6.8884,6.8884,6.8884,6.8884,6.8884,6.8884,6.8884,6.8884,6.8884,6.8884,6.8884,6.8884,6.8884,6.8884,6.8884,6.8884,6.8884,6.8884,6.8884,6.8884,6.8884,6.8884,6.8884,6.8884,6.8884,6.8884,6.8884,6.8884,6.8884,6.8884,6.8884,6.8884,6.8884,6.8884,6.8884,6.8884,6.8884,6.8884,6.8884,6.8884,6.8884,6.8884,6.8884,6.8884,6.8884,6.8884,6.8884,6.8884,6.8884,6.8884,6.8884,6.8884,6.8884,6.8884,6.8884,6.8884,6.8884,6.8884,6.8884,6.8884,6.8884,6.8884,6.8884,6.8884,6.8884,6.8884,6.8884,6.8884,6.8884,6.8884,6.8884,6.8884,6.8884,6.8884,6.8884,6.8884,6.8884,6.8884,6.8884,6.8884,6.8884,6.8884,6.8884,6.8884,6.8884,6.8884,6.8884,6.8884,6.8884,6.8884,6.8884,6.8884,6.8884,6.8884,6.8884,6.8884,6.8884,6.8884,6.8884,6.8884,6.8884,6.8884,6.8884,6.8884,6.8884,6.8884,6.8884,6.8884,6.8884,6.8884,6.8884,6.8884,6.8884,6.8884,6.8884,6.8884,6.8884,6.8884,6.8884,6.8884,6.8884,6.8884,6.8884,6.8884,6.8884,6.8884,6.8884,6.8884,6.8884,6.8884,6.8884,6.8884,6.8884,6.8884,6.8884,6.8884,6.8884,6.8884,6.8884,6.8884,6.8884,6.8884,6.8884,6.8884,6.8884,6.8884,6.8884,6.8884,6.8884,6.8884,6.8884,6.8884,6.8884,6.8884,6.8884,6.8884,6.8884,6.8884,6.8884,6.8884,6.8884,6.8884,6.8884,6.8884,6.8884,6.8884,6.8884,6.8884,6.8884,6.8884,6.8884,6.8884,6.8884,6.8884,6.8884,6.8884,6.8884,6.8884,6.8884,6.8884,6.8884,6.8884,6.8884,6.8884,6.8884,6.8884,6.8884,6.8884,6.8884,6.8884,6.8884,6.8884,6.8884,6.8884,6.8884,6.8884,6.8884,6.8884,6.8884,6.8884,6.8884,6.8884,6.8884,6.8884,6.8884,6.8884,6.8884,6.8884,6.8884,6.8884,6.8884,6.8884,6.8884,6.8884,6.8884,6.8884,6.8884,6.8884,6.8884,6.8884,6.8884,6.8884,6.8884,6.8884,6.8884,6.8884,6.8884,6.8884,6.8884,6.8884,6.8884,6.8884,6.8884,6.8884,6.8884,6.8884,6.8884,6.8884,6.8884,6.8884,6.8884,6.8884,6.8884,6.8884,6.8884,6.8884,6.8884,6.8884,6.8884,6.8884,6.8884,6.8884,6.8884,6.8884,6.8884,6.8884,6.8884,6.8884,6.8884,6.8884,6.8884,6.8884,6.8884,6.8884,6.8884,6.8884,6.8884,6.8884,6.8884,6.8884,6.8884,6.8884,6.8884,6.8884,6.8884,6.8884,6.8884,6.8884,6.8884,6.8884,6.8884,6.8884,6.8884,6.8884,6.8884,6.8884,6.8884,6.8884,6.8884,6.8884,6.8884,6.8884,6.8884,6.8884,6.8884,6.8884,6.8884,6.8884,6.8884,6.8884,6.8884,6.8884,6.8884,6.8884,6.8884,6.8884,6.8884,6.8884,6.8884,6.8884,6.8884,6.8884,6.8884,6.8884,6.8884,6.8884,6.8884,6.8884,6.8884,6.8884,6.8884,6.8884,6.8884,6.8884,6.8884,6.8884,6.8884,6.8884,6.8884,6.8884,6.8884,6.8884,6.8884,6.8884,6.8884,6.8884,6.8884,6.8884,6.8884,6.8884,6.8884,6.8884,6.8884,6.8884,6.8884,6.8884,6.8884,6.8884,6.8884,6.8884,6.8884,6.8884,6.8884,6.8884,6.8884,6.8884,6.8884,6.8884,6.8884,6.8884,6.8884,6.8884,6.8884,6.8884,6.8884,6.8884,6.8884,6.8884,6.8884,6.8884,6.8884,6.8884,6.8884,6.8884,6.8884,6.8884,6.8884,6.8884,6.8884,6.8884,6.8884,6.8884,6.8884,6.8884,6.8884,6.8884,6.8884,6.8884,6.8884,6.8884,6.8884,6.8884,6.8884,6.8884,6.8884,6.8884,6.8884,6.8884,6.8884,6.8884,6.8884,6.8884,6.8884,6.8884,6.8884,6.8884,6.8884,6.8884,6.8884,6.8884,6.8884,6.8884,6.8884,6.8884,6.8884,6.8884,6.8884,6.8884,6.8884,6.8884,6.8884,6.8884,6.8884,6.8884,6.8884,6.8884,6.8890,6.8890,6.8890,6.8890,6.8890,6.8890,6.8890,6.8890,6.8890,6.8890,6.8890,6.8890,6.8890,6.8890,6.8890,6.8890,6.8890,6.8890,6.8890,6.8890,6.8890,6.8890,6.8890,6.8890,6.8890,6.8890,6.8890,6.8890,6.8890,6.8890,6.8890,6.8890,6.8890,6.8890,6.8890,6.8890,6.8890,6.8890,6.8890,6.8890,6.8890,6.8890,6.8890,6.8890,6.8890,6.8890,6.8890,6.8890,6.8890,6.8890,6.8890,6.8890,6.8890,6.8890,6.8890,6.8890,6.8890,6.8890,6.8890,6.8890,6.8890,6.8890,6.8890,6.8890,6.8890,6.8890,6.8890,6.8890,6.8890,6.8890,6.8890,6.8890,6.8890,6.8890,6.8890,6.8890,6.8890,6.8890,6.8890,6.8890,6.8890,6.8890,6.8890,6.8890,6.8890,6.8890,6.8890,6.8890,6.8890,6.8890,6.8890,6.8890,6.8890,6.8890,6.8890,6.8890,6.8890,6.8890,6.8890,6.8890,6.8890,6.8890,6.8890,6.8890,6.8890,6.8890,6.8890,6.8890,6.8890,6.8890,6.8890,6.8890,6.8890,6.8890,6.8890,6.8890,6.8890,6.8890,6.8890,6.8890,6.8890,6.8890,6.8890,6.8890,6.8890,6.8890,6.8890,6.8890,6.8890,6.8890,6.8890,6.8890,6.8890,6.8890,6.8890,6.8890,6.8890,6.8890,6.8890,6.8890,6.8890,6.8890,6.8890,6.8890,6.8890,6.8890,6.8890,6.8890,6.8890,6.8890,6.8890,6.8890,6.8890,6.8890,6.8890,6.8890,6.8890,6.8890,6.8890,6.8890,6.8890,6.8890,6.8890,6.8890,6.8890,6.8890,6.8890,6.8890,6.8890,6.8890,6.8890,6.8890,6.8890,6.8890,6.8890,6.8890,6.8890,6.8890,6.8890,6.8890,6.8890,6.8890,6.8890,6.8890,6.8890,6.8890,6.8890,6.8890,6.8890,6.8890,6.8890,6.8890,6.8890,6.8890,6.8890,6.8890,6.8890,6.8890,6.8890,6.8890,6.8890,6.8890,6.8890,6.8890,6.8890,6.8890,6.8890,6.8890,6.8890,6.8890,6.8890,6.8890,6.8890,6.8890,6.8890,6.8890,6.8890,6.8890,6.8890,6.8890,6.8890,6.8890,6.8890,6.8890,6.8890,6.8890,6.8890,6.8890,6.8890,6.8890,6.8890,6.8890,6.8890,6.8890,6.8890,6.8890,6.8890,6.8890,6.8890,6.8890,6.8890,6.8890,6.8890,6.8890,6.8890,6.8890,6.8890,6.8890,6.8890,6.8890,6.8890,6.8890,6.8890,6.8890,6.8890,6.8890,6.8890,6.8890,6.8890,6.8890,6.8890,6.8890,6.8890,6.8890,6.8890,6.8890,6.8890,6.8890,6.8890,6.8890,6.8890,6.8890,6.8890,6.8890,6.8890,6.8890,6.8890,6.8890,6.8890,6.8890,6.8890,6.8890,6.8890,6.8890,6.8890,6.8890,6.8890,6.8890,6.8890,6.8890,6.8890,6.8890,6.8890,6.8890,6.8890,6.8890,6.8890,6.8890,6.8890,6.8890,6.8890,6.8890,6.8890,6.8890,6.8890,6.8890,6.8890,6.8890,6.8890,6.8890,6.8890,6.8890,6.8890,6.8890,6.8890,6.8890,6.8890,6.8890,6.8890,6.8890,6.8890,6.8890,6.8890,6.8890,6.8890,6.8890,6.8890,6.8890,6.8890,6.8890,6.8890,6.8890,6.8890,6.8890,6.8890,6.8890,6.8890,6.8890,6.8890,6.8890,6.8890,6.8890,6.8890,6.8890,6.8890,6.8890,6.8890,6.8890,6.8890,6.8890,6.8890,6.8890,6.8890,6.8890,6.8890,6.8890,6.8890,6.8890,6.8890,6.8890,6.8890,6.8890,6.8890,6.8890,6.8890,6.8890,6.8890,6.8890,6.8890,6.8890,6.8890,6.8890,6.8890,6.8890,6.8890,6.8890,6.8890,6.8890,6.8890,6.8890,6.8890,6.8890,6.8890,6.8890,6.8890,6.8890,6.8890,6.8890,6.8890,6.8890,6.8890,6.8890,6.8890,6.8890,6.8890,6.8890,6.8890,6.8890,6.8890,6.8890,6.8890,6.8890,6.8890,6.8890,6.8890,6.8890,6.8890,6.8890,6.8890,6.8890,6.8890,6.8890,6.8890,6.8890,6.8890,6.8890,6.8890,6.8890,6.8890,6.8890,6.8890,6.8890,6.8890,6.8890,6.8890,6.8890,6.8890,6.8890,6.8890,6.8890,6.8890,6.8890,6.8890,6.8890,6.8890,6.8890,6.8890,6.8890,6.8890,6.8890,6.8890,6.8890,6.8890,6.8890,6.8890,6.8890,6.8890,6.8890,6.8890,6.8890,6.8890,6.8890,6.8890,6.8890,6.8890,6.8890,6.8890,6.8890,6.8890,6.8890,6.8890,6.8890,6.8890
6.8836,6.8836,6.8836,6.8836,6.8836,6.8836,6.8836,6.8836,6.8836,6.8836,6.8836,6.8836,6.8836,6.8836,6.8836,6.8836,6.8836,6.8836,6.8836,6.8836,6.8836,6.8836,6.8836,6.8836,6.8836,6.8836,6.8836,6.8836,6.8836,6.8836,6.8836,6.8836,6.8836,6.8836,6.8836,6.8836,6.8836,6.8836,6.8836,6.8836,6.8836,6.8836,6.8836,6.8836,6.8836,6.8836,6.8836,6.8836,6.8836,6.8836,6.8836,6.8836,6.8836,6.8836,6.8836,6.8836,6.8836,6.8836,6.8836,6.8836,6.8836,6.8836,6.8836,6.8836,6.8836,6.8836,6.8836,6.8836,6.8836,6.8836,6.8836,6.8836,6.8836,6.8836,6.8836,6.8836,6.8836,6.8836,6.8836,6.8836,6.8836,6.8836,6.8836,6.8836,6.8836,6.8836,6.8836,6.8836,6.8836,6.8836,6.8836,6.8836,6.8836,6.8836,6.8836,6.8836,6.8836,6.8836,6.8836,6.8836,6.8836,6.8836,6.8836,6.8836,6.8836,6.8836,6.8836,6.8836,6.8836,6.8836,6.8836,6.8836,6.8836,6.8836,6.8836,6.8836,6.8836,6.8836,6.8836,6.8836,6.8836,6.8836,6.8836,6.8836,6.8836,6.8836,6.8836,6.8836,6.8836,6.8836,6.8836,6.8836,6.8836,6.8836,6.8836,6.8836,6.8836,6.8836,6.8836,6.8836,6.8836,6.8836,6.8836,6.8836,6.8836,6.8836,6.8836,6.8836,6.8836,6.8836,6.8836,6.8836,6.8836,6.8836,6.8836,6.8836,6.8836,6.8836,6.8836,6.8836,6.8836,6.8836,6.8836,6.8836,6.8836,6.8836,6.8836,6.8836,6.8836,6.8836,6.8836,6.8836,6.8836,6.8836,6.8836,6.8836,6.8836,6.8836,6.8836,6.8836,6.8836,6.8836,6.8836,6.8836,6.8836,6.8836,6.8836,6.8836,6.8836,6.8836,6.8836,6.8836,6.8836,6.8836,6.8836,6.8836,6.8836,6.8836,6.8836,6.8836,6.8836,6.8836,6.8836,6.8836,6.8836,6.8836,6.8836,6.8836,6.8836,6.8836,6.8836,6.8836,6.8836,6.8836,6.8836,6.8836,6.8836,6.8836,6.8836,6.8836,6.8836,6.8836,6.8836,6.8836,6.8836,6.8836,6.8836,6.8836,6.8836,6.8836,6.8836,6.8836,6.8836,6.8836,6.8836,6.8836,6.8836,6.8836,6.8836,6.8836,6.8836,6.8836,6.8836,6.8836,6.8836,6.8836,6.8836,6.8836,6.8836,6.8836,6.8836,6.8836,6.8836,6.8836,6.8836,6.8836,6.8836,6.8836,6.8836,6.8836,6.8836,6.8836,6.8836,6.8836,6.8836,6.8836,6.8836,6.8836,6.8836,6.8836,6.8836,6.8836,6.8836,6.8836,6.8836,6.8836,6.8836,6.8836,6.8836,6.8836,6.8836,6.8836,6.8836,6.8836,6.8836,6.8836,6.8836,6.8836,6.8836,6.8836,6.8836,6.8836,6.8836,6.8836,6.8836,6.8836,6.8836,6.8836,6.8836,6.8836,6.8836,6.8836,6.8836,6.8836,6.8836,6.8836,6.8836,6.8836,6.8836,6.8836,6.8836,6.8836,6.8836,6.8836,6.8836,6.8836,6.8836,6.8836,6.8836,6.8836,6.8836,6.8836,6.8836,6.8836,6.8836,6.8836,6.8836,6.8836,6.8836,6.8836,6.8836,6.8836,6.8836,6.8836,6.8836,6.8836,6.8836,6.8836,6.8836,6.8836,6.8836,6.8836,6.8836,6.8836,6.8836,6.8836,6.8836,6.8836,6.8836,6.8836,6.8836,6.8836,6.8836,6.8836,6.8836,6.8836,6.8836,6.8836,6.8836,6.8836,6.8836,6.8836,6.8836,6.8836,6.8836,6.8836,6.8836,6.8836,6.8836,6.8836,6.8836,6.8836,6.8836,6.8836,6.8836,6.8836,6.8836,6.8836,6.8836,6.8836,6.8836,6.8836,6.8836,6.8836,6.8836,6.8836,6.8836,6.8836,6.8836,6.8836,6.8836,6.8836,6.8836,6.8836,6.8836,6.8836,6.8836,6.8836,6.8836,6.8836,6.8836,6.8836,6.8836,6.8836,6.8836,6.8836,6.8836,6.8836,6.8836,6.8836,6.8836,6.8836,6.8836,6.8836,6.8836,6.8836,6.8836,6.8836,6.8836,6.8836,6.8836,6.8836,6.8836,6.8836,6.8836,6.8836,6.8836,6.8836,6.8836,6.8836,6.8836,6.8836,6.8836,6.8836,6.8836,6.8836,6.8836,6.8836,6.8836,6.8836,6.8836,6.8836,6.8836,6.8836,6.8836,6.8836,6.8836,6.8836,6.8836,6.8836,6.8836,6.8836,6.8836,6.8836,6.8836,6.8836,6.8836,6.8836,6.8836,6.8836,6.8836,6.8836,6.8836,6.8836,6.8836,6.8836,6.8836,6.8836,6.8836,6.8836,6.8836,6.8836,6.8836,6.8836,6.8836,6.8836,6.8836,6.8836,6.8836,6.8836,6.8836,6.8836,6.8836,6.8836,6.8836,6.8836,6.8836,6.8836,6.8836,6.8836,6.8836,6.8836,6.8836,6.8836,6.8836,6.8836,6.8836,6.8836,6.8836,6.8836,6.8836,6.8836,6.8836,6.8836,6.8836,6.8836,6.8836,6.8836,6.8836,6.8836,6.8836,6.8836,6.8836,6.8836,6.8836,6.8836,6.8836,6.8836,6.8836,6.8836,6.8836,6.8836,6.8836,6.8836,6.8836,6.8836,6.8836,6.8836,6.8836,6.8836,6.8836,6.8836,6.8836,6.8836,6.8836,6.8836,6.8836,6.8836,6.8836,6.8836,6.8836,6.8836,6.8836,6.8836,6.8836,6.8836,6.8836,6.8836,6.8836,6.8836,6.8836,6.8836,6.8836,6.8836,6.8836,6.8836,6.8836,6.8836,6.8836,6.8836,6.8836,6.8836,6.8836,6.8836,6.8836,6.8836,6.8836,6.8836,6.8836,6.8836,6.8836,6.8836,6.8836,6.8836,6.8836,6.8836,6.8836,6.8836,6.8836,6.8836,6.8836,6.8836,6.8836,6.8836,6.8836,6.8836,6.8836,6.8836,6.8836,6.8836,6.8836,6.8836,6.8836,6.8836,6.8836,6.8836,6.8836,6.8836,6.8836,6.8836,6.8836,6.8836,6.8836,6.8836,6.8836,6.8836,6.8836,6.8836,6.8836,6.8836,6.8836,6.8836,6.8836,6.8836,6.8836,6.8836,6.8836,6.8836,6.8836,6.8836,6.8836,6.8836,6.8836,6.8836,6.8836,6.8836,6.8836,6.8836,6.8836,6.8836,6.8836,6.8836,6.8836,6.8836,6.8836,6.8836,6.8836,6.8836,6.8836,6.8836,6.8836,6.8836,6.8836,6.8836,6.8836,6.8836,6.8836,6.8836,6.8836,6.8836,6.8836,6.8836,6.8836,6.8836,6.8836,6.8836,6.8836,6.8836,6.8836,6.8836,6.8836,6.8836,6.8836,6.8831,6.8831,6.8831,6.8831,6.8831,6.8831,6.8831,6.8831,6.8831,6.8831,6.8831,6.8831,6.8831,6.8831,6.8831,6.8831,6.8831,6.8831,6.8831,6.8831,6.8831,6.8831,6.8831,6.8831,6.8831,6.8831,6.8831,6.8831,6.8831,6.8831,6.8831,6.8831,6.8831,6.8831,6.8831,6.8831,6.8831,6.8831,6.8831,6.8831,6.8831,6.8831,6.8831,6.8831,6.8831,6.8831,6.8831,6.8831,6.8831,6.8831,6.8831,6.8831,6.8831,6.8831,6.8831,6.8831,6.8831,6.8831,6.8831,6.8831,6.8831,6.8831,6.8831,6.8831,6.8831,6.8831,6.8831,6.8831,6.8831,6.8831,6.8831,6.8831,6.8831,6.8831,6.8831,6.8831,6.8831,6.8831,6.8831,6.8831,6.8831,6.8831,6.8831,6.8831,6.8831,6.8831,6.8831,6.8831,6.8831,6.8831,6.8831,6.8831,6.8831,6.8831,6.8831,6.8831,6.8831,6.8831,6.8831,6.8831,6.8831,6.8831,6.8831,6.8831,6.8831,6.8831,6.8831,6.8831,6.8831,6.8831,6.8831,6.8831,6.8831,6.8831,6.8831,6.8831,6.8831,6.8831,6.8831,6.8831,6.8831,6.8831,6.8831,6.8831,6.8831,6.8831,6.8831,6.8831,6.8831,6.8831,6.8831,6.8831,6.8831,6.8831,6.8831,6.8831,6.8831,6.8831,6.8831,6.8831,6.8831,6.8831,6.8831,6.8831,6.8831,6.8831,6.8831,6.8831,6.8831,6.8831,6.8831,6.8831,6.8831,6.8831,6.8831,6.8831,6.8831,6.8831,6.8831,6.8831,6.8831,6.8831,6.8831,6.8831,6.8831,6.8831,6.8831,6.8831,6.8831,6.8831,6.8831,6.8831,6.8831,6.8831,6.8831,6.8831,6.8831,6.8831,6.8831,6.8831,6.8831,6.8831,6.8831,6.8831,6.8831,6.8831,6.8831,6.8831,6.8831,6.8831,6.8831,6.8831,6.8831,6.8831,6.8831,6.8831,6.8831,6.8831,6.8831,6.8831,6.8831,6.8831,6.8831,6.8831,6.8831,6.8831,6.8831,6.8831,6.8831,6.8831,6.8831,6.8831,6.8831,6.8831,6.8831,6.8831,6.8831,6.8831,6.8831,6.8831,6.8831,6.8831,6.8831,6.8831,6.8831,6.8831,6.8831,6.8831,6.8831,6.8831,6.8831,6.8831,6.8831,6.8831,6.8831,6.8831,6.8831,6.8831,6.8831,6.8831,6.8831,6.8831,6.8831,6.8831,6.8831,6.8831,6.8831,6.8831,6.8831,6.8831,6.8831,6.8831,6.8831,6.8831,6.8831,6.8831,6.8831,6.8831,6.8831,6.8831,6.8831,6.8831,6.8831,6.8831,6.8831,6.8831,6.8831,6.8831,6.8831,6.8831,6.8831,6.8831,6.8831,6.8831,6.8831,6.8831,6.8831,6.8831,6.8831,6.8831,6.8831,6.8831,6.8831,6.8831,6.8831,6.8831,6.8831,6.8831,6.8831,6.8831,6.8831,6.8831,6.8831,6.8831,6.8831,6.8831,6.8831
6.8783,6.8783,6.8783,6.8783,6.8783,6.8783,6.8783,6.8783,6.8783,6.8783,6.8783,6.8783,6.8783,6.8783,6.8783,6.8783,6.8783,6.8783,6.8783,6.8783,6.8783,6.8783,6.8783,6.8783,6.8783,6.8783,6.8783,6.8783,6.8783,6.8783,6.8783,6.8783,6.8783,6.8783,6.8783,6.8783,6.8783,6.8783,6.8783,6.8783,6.8783,6.8783,6.8783,6.8783,6.8783,6.8783,6.8783,6.8783,6.8783,6.8783,6.8783,6.8783,6.8783,6.8783,6.8783,6.8783,6.8783,6.8783,6.8783,6.8783,6.8783,6.8783,6.8783,6.8783,6.8783,6.8783,6.8783,6.8783,6.8783,6.8783,6.8783,6.8783,6.8783,6.8783,6.8783,6.8783,6.8783,6.8783,6.8783,6.8783,6.8783,6.8783,6.8783,6.8783,6.8783,6.8783,6.8783,6.8783,6.8783,6.8783,6.8783,6.8783,6.8783,6.8783,6.8783,6.8783,6.8783,6.8783,6.8783,6.8783,6.8783,6.8783,6.8783,6.8783,6.8783,6.8783,6.8783,6.8783,6.8783,6.8783,6.8783,6.8783,6.8783,6.8783,6.8783,6.8783,6.8783,6.8783,6.8783,6.8783,6.8783,6.8783,6.8783,6.8783,6.8783,6.8783,6.8783,6.8783,6.8783,6.8783,6.8783,6.8783,6.8783,6.8783,6.8783,6.8783,6.8783,6.8783,6.8783,6.8783,6.8783,6.8783,6.8783,6.8783,6.8783,6.8783,6.8783,6.8783,6.8783,6.8783,6.8783,6.8783,6.8783,6.8783,6.8783,6.8783,6.8783,6.8783,6.8783,6.8783,6.8783,6.8783,6.8783,6.8783,6.8783,6.8783,6.8783,6.8783,6.8783,6.8783,6.8783,6.8783,6.8783,6.8783,6.8783,6.8783,6.8783,6.8783,6.8783,6.8783,6.8783,6.8783,6.8783,6.8783,6.8783,6.8783,6.8783,6.8783,6.8783,6.8783,6.8783,6.8783,6.8783,6.8783,6.8783,6.8783,6.8783,6.8783,6.8783,6.8783,6.8783,6.8783,6.8783,6.8783,6.8783,6.8783,6.8783,6.8783,6.8783,6.8783,6.8783,6.8783,6.8783,6.8783,6.8783,6.8783,6.8783,6.8783,6.8783,6.8783,6.8783,6.8783,6.8783,6.8783,6.8783,6.8783,6.8783,6.8783,6.8783,6.8783,6.8783,6.8783,6.8783,6.8783,6.8783,6.8783,6.8783,6.8783,6.8783,6.8783,6.8783,6.8783,6.8783,6.8783,6.8783,6.8783,6.8783,6.8783,6.8783,6.8783,6.8783,6.8783,6.8783,6.8783,6.8783,6.8783,6.8783,6.8783,6.8783,6.8783,6.8783,6.8783,6.8783,6.8783,6.8783,6.8783,6.8783,6.8783,6.8783,6.8783,6.8783,6.8783,6.8783,6.8783,6.8783,6.8783,6.8783,6.8783,6.8783,6.8783,6.8783,6.8783,6.8783,6.8783,6.8783,6.8783,6.8783,6.8783,6.8783,6.8783,6.8783,6.8783,6.8783,6.8783,6.8783,6.8783,6.8783,6.8783,6.8783,6.8783,6.8783,6.8783,6.8783,6.8783,6.8783,6.8783,6.8783,6.8783,6.8783,6.8783,6.8783,6.8783,6.8783,6.8783,6.8783,6.8783,6.8783,6.8783,6.8783,6.8783,6.8783,6.8783,6.8783,6.8783,6.8783,6.8783,6.8783,6.8783,6.8783,6.8783,6.8783,6.8783,6.8783,6.8783,6.8783,6.8783,6.8783,6.8783,6.8783,6.8783,6.8783,6.8783,6.8783,6.8783,6.8783,6.8783,6.8783,6.8783,6.8783,6.8783,6.8783,6.8783,6.8783,6.8783,6.8783,6.8783,6.8783,6.8783,6.8783,6.8783,6.8783,6.8783,6.8783,6.8783,6.8783,6.8783,6.8783,6.8783,6.8783,6.8783,6.8783,6.8783,6.8783,6.8783,6.8783,6.8783,6.8783,6.8783,6.8783,6.8783,6.8783,6.8783,6.8783,6.8783,6.8783,6.8783,6.8783,6.8783,6.8783,6.8783,6.8783,6.8783,6.8783,6.8783,6.8783,6.8783,6.8783,6.8783,6.8783,6.8783,6.8783,6.8783,6.8783,6.8783,6.8783,6.8783,6.8783,6.8783,6.8783,6.8783,6.8783,6.8783,6.8783,6.8783,6.8783,6.8783,6.8783,6.8783,6.8783,6.8783,6.8783,6.8783,6.8783,6.8783,6.8783,6.8783,6.8783,6.8783,6.8783,6.8783,6.8783,6.8783,6.8783,6.8783,6.8783,6.8783,6.8783,6.8783,6.8783,6.8783,6.8783,6.8783,6.8783,6.8783,6.8783,6.8783,6.8783,6.8783,6.8783,6.8783,6.8783,6.8783,6.8783,6.8783,6.8783,6.8783,6.8783,6.8783,6.8783,6.8783,6.8783,6.8783,6.8783,6.8783,6.8783,6.8783,6.8783,6.8783,6.8783,6.8783,6.8783,6.8783,6.8783,6.8783,6.8783,6.8783,6.8783,6.8783,6.8783,6.8783,6.8783,6.8783,6.8783,6.8783,6.8783,6.8783,6.8783,6.8783,6.8783,6.8783,6.8783,6.8783,6.8783,6.8783,6.8783,6.8783,6.8783,6.8783,6.8783,6.8783,6.8783,6.8783,6.8783,6.8783,6.8783,6.8783,6.8783,6.8783,6.8783,6.8783,6.8783,6.8783,6.8783,6.8783,6.8783,6.8783,6.8783,6.8783,6.8783,6.8783,6.8783,6.8783,6.8783,6.8783,6.8783,6.8783,6.8783,6.8783,6.8783,6.8783,6.8783,6.8783,6.8783,6.8783,6.8783,6.8783,6.8783,6.8783,6.8783,6.8783,6.8783,6.8783,6.8783,6.8783,6.8783,6.8783,6.8783,6.8783,6.8783,6.8783,6.8783,6.8783,6.8783,6.8783,6.8783,6.8783,6.8783,6.8783,6.8783,6.8783,6.8783,6.8783,6.8783,6.8783,6.8783,6.8783,6.8783,6.8783,6.8783,6.8783,6.8783,6.8783,6.8783,6.8783,6.8783,6.8783,6.8783,6.8783,6.8783,6.8783,6.8783,6.8783,6.8783,6.8783,6.8783,6.8783,6.8783,6.8783,6.8783,6.8783,6.8783,6.8783,6.8783,6.8783,6.8783,6.8783,6.8783,6.8783,6.8783,6.8783,6.8783,6.8783,6.8783,6.8783,6.8783,6.8783,6.8783,6.8783,6.8783,6.8783,6.8783,6.8783,6.8783,6.8783,6.8783,6.8783,6.8783,6.8783,6.8783,6.8783,6.8783,6.8783,6.8783,6.8783,6.8783,6.8783,6.8783,6.8783,6.8783,6.8783,6.8783,6.8783,6.8783,6.8783,6.8783,6.8783,6.8783,6.8783,6.8783,6.8783,6.8783,6.8783,6.8783,6.8783,6.8783,6.8783,6.8783,6.8783,6.8783,6.8783,6.8783,6.8783,6.8783,6.8783,6.8783,6.8783,6.8783,6.8783,6.8783,6.8783,6.8783,6.8783,6.8783,6.8783,6.8783,6.8783,6.8783,6.8783,6.8783,6.8783,6.8783,6.8783,6.8783,6.8783,6.8783,6.8783,6.8783,6.8783,6.8783,6.8783,6.8783,6.8783,6.8783,6.8783,6.8783,6.8783,6.8783,6.8783,6.8783,6.8783,6.8783,6.8783,6.8783,6.8783,6.8783,6.8783,6.8783,6.8783,6.8783,6.8783,6.8783,6.8783,6.8783,6.8783,6.8783,6.8783,6.8783,6.8783,6.8783,6.8783,6.8783,6.8783,6.8783,6.8783,6.8783,6.8783,6.8783,6.8783,6.8783,6.8783,6.8783,6.8783,6.8783,6.8783,6.8783,6.8783,6.8783,6.8783,6.8783,6.8783,6.8783,6.8783,6.8783,6.8783,6.8783,6.8783,6.8783,6.8783,6.8783,6.8783,6.8783,6.8783,6.8783,6.8783,6.8783,6.8783,6.8783,6.8783,6.8783,6.8783,6.8783,6.8783,6.8783,6.8783,6.8783,6.8783,6.8783,6.8783,6.8783,6.8783,6.8783,6.8783,6.8783,6.8783,6.8783,6.8783,6.8783,6.8783,6.8783,6.8783,6.8783,6.8783,6.8783,6.8783,6.8783,6.8783,6.8783,6.8783,6.8783,6.8783,6.8783,6.8783,6.8783,6.8783,6.8783,6.8783,6.8783,6.8783,6.8783,6.8783,6.8783,6.8783,6.8783,6.8783,6.8783,6.8783,6.8783,6.8783,6.8783,6.8783,6.8783,6.8783,6.8783,6.8783,6.8783,6.8783,6.8783,6.8783,6.8783,6.8783,6.8783,6.8783,6.8783,6.8783,6.8783,6.8783,6.8783,6.8783,6.8783,6.8783,6.8783,6.8783,6.8783,6.8783,6.8783,6.8783,6.8783,6.8783,6.8783,6.8783,6.8783,6.8783,6.8783,6.8783,6.8783,6.8783,6.8783,6.8783,6.8783,6.8783,6.8783,6.8783,6.8783,6.8783,6.8783,6.8783,6.8783,6.8783,6.8783,6.8783,6.8783,6.8783,6.8783,6.8783,6.8783,6.8783,6.8783,6.8783,6.8783,6.8783,6.8783,6.8783,6.8783,6.8783,6.8783,6.8783,6.8783,6.8783,6.8783,6.8783,6.8783,6.8783,6.8783,6.8783,6.8783,6.8783,6.8783,6.8783,6.8783,6.8783,6.8783,6.8783,6.8783,6.8783,6.8783,6.8783,6.8783,6.8783,6.8783,6.8783,6.8783,6.8783,6.8783,6.8783,6.8783,6.8783,6.8783,6.8783,6.8783,6.8783,6.8783,6.8783,6.8783,6.8783,6.8783,6.8783,6.8777,6.8777,6.8777,6.8777,6.8777,6.8777,6.8777,6.8777,6.8777,6.8777,6.8777,6.8777,6.8777,6.8777,6.8777,6.8777,6.8777,6.8777,6.8777,6.8777,6.8777,6.8777,6.8777,6.8777,6.8777,6.8777,6.8777,6.8777,6.8777,6.8777,6.8777,6.8777,6.8777,6.8777,6.8777,6.8777,6.8777,6.8777,6.8777,6.8777,6.8777,6.8777,6.8777,6.8777,6.8777,6.8777,6.8777,6.8777,6.8777,6.8777,6.8777,6.8777,6.8777,6.8777
6.8724,6.8724,6.8724,6.8724,6.8724,6.8724,6.8724,6.8724,6.8724,6.8724,6.8724,6.8724,6.8724,6.8724,6.8724,6.8724,6.8724,6.8724,6.8724,6.8724,6.8724,6.8724,6.8724,6.8724,6.8724,6.8724,6.8724,6.8724,6.8724,6.8724,6.8724,6.8724,6.8724,6.8724,6.8724,6.8724,6.8724,6.8724,6.8724,6.8724,6.8724,6.8724,6.8724,6.8724,6.8724,6.8724,6.8724,6.8724,6.8724,6.8724,6.8724,6.8724,6.8724,6.8724,6.8724,6.8724,6.8724,6.8724,6.8724,6.8724,6.8724,6.8724,6.8724,6.8724,6.8724,6.8724,6.8724,6.8724,6.8724,6.8724,6.8724,6.8724,6.8724,6.8724,6.8724,6.8724,6.8724,6.8724,6.8724,6.8724,6.8724,6.8724,6.8724,6.8724,6.8724,6.8724,6.8724,6.8724,6.8724,6.8724,6.8724,6.8724,6.8724,6.8724,6.8724,6.8724,6.8724,6.8724,6.8724,6.8724,6.8724,6.8724,6.8724,6.8724,6.8724,6.8724,6.8724,6.8724,6.8724,6.8724,6.8724,6.8724,6.8724,6.8724,6.8724,6.8724,6.8724,6.8724,6.8724,6.8724,6.8724,6.8724,6.8724,6.8724,6.8724,6.8724,6.8724,6.8724,6.8724,6.8724,6.8724,6.8724,6.8724,6.8724,6.8724,6.8724,6.8724,6.8724,6.8724,6.8724,6.8724,6.8724,6.8724,6.8724,6.8724,6.8724,6.8724,6.8724,6.8724,6.8724,6.8724,6.8724,6.8724,6.8724,6.8724,6.8724,6.8724,6.8724,6.8724,6.8724,6.8724,6.8724,6.8724,6.8724,6.8724,6.8724,6.8724,6.8724,6.8724,6.8724,6.8724,6.8724,6.8724,6.8724,6.8724,6.8724,6.8724,6.8724,6.8724,6.8724,6.8724,6.8724,6.8724,6.8724,6.8724,6.8724,6.8724,6.8724,6.8724,6.8724,6.8724,6.8724,6.8724,6.8724,6.8724,6.8724,6.8724,6.8724,6.8724,6.8724,6.8724,6.8724,6.8724,6.8724,6.8724,6.8724,6.8724,6.8724,6.8724,6.8724,6.8724,6.8724,6.8724,6.8724,6.8724,6.8724,6.8724,6.8724,6.8724,6.8724,6.8724,6.8724,6.8724,6.8724,6.8724,6.8724,6.8724,6.8724,6.8724,6.8724,6.8724,6.8724,6.8724,6.8724,6.8724,6.8724,6.8724,6.8724,6.8724,6.8724,6.8724,6.8724,6.8724,6.8724,6.8724,6.8724,6.8724,6.8724,6.8724,6.8724,6.8724,6.8724,6.8724,6.8724,6.8724,6.8724,6.8724,6.8724,6.8724,6.8724,6.8724,6.8724,6.8724,6.8724,6.8724,6.8724,6.8724,6.8724,6.8724,6.8724,6.8724,6.8724,6.8724,6.8724,6.8724,6.8724,6.8724,6.8724,6.8724,6.8724,6.8724,6.8724,6.8724,6.8724,6.8724,6.8724,6.8724,6.8724,6.8724,6.8724,6.8724,6.8724,6.8724,6.8724,6.8724,6.8724,6.8724,6.8724,6.8724,6.8724,6.8724,6.8724,6.8724,6.8724,6.8724,6.8724,6.8724,6.8724,6.8724,6.8724,6.8724,6.8724,6.8724,6.8724,6.8724,6.8724,6.8724,6.8724,6.8724,6.8724,6.8724,6.8724,6.8724,6.8724,6.8724,6.8724,6.8724,6.8724,6.8724,6.8724,6.8724,6.8724,6.8724,6.8724,6.8724,6.8724,6.8724,6.8724,6.8724,6.8724,6.8724,6.8724,6.8724,6.8724,6.8724,6.8724,6.8724,6.8724,6.8724,6.8724,6.8724,6.8724,6.8724,6.8724,6.8724,6.8724,6.8724,6.8724,6.8724,6.8724,6.8724,6.8724,6.8724,6.8724,6.8724,6.8724,6.8724,6.8724,6.8724,6.8724,6.8724,6.8724,6.8724,6.8724,6.8724,6.8724,6.8724,6.8724,6.8724,6.8724,6.8724,6.8724,6.8724,6.8724,6.8724,6.8724,6.8724,6.8724,6.8724,6.8724,6.8724,6.8724,6.8724,6.8724,6.8724,6.8724,6.8724,6.8724,6.8724,6.8724,6.8724,6.8724,6.8724,6.8724,6.8724,6.8724,6.8724,6.8724,6.8724,6.8724,6.8724,6.8724,6.8724,6.8724,6.8724,6.8724,6.8724,6.8724,6.8724,6.8724,6.8724,6.8724,6.8724,6.8724,6.8724,6.8724,6.8724,6.8724,6.8724,6.8724,6.8724,6.8724,6.8724,6.8724,6.8724,6.8724,6.8724,6.8724,6.8724,6.8724,6.8724,6.8724,6.8724,6.8724,6.8724,6.8724,6.8724,6.8724,6.8724,6.8724,6.8724,6.8724,6.8724,6.8724,6.8724,6.8724,6.8724,6.8724,6.8724,6.8724,6.8724,6.8724,6.8724,6.8724,6.8724,6.8724,6.8724,6.8724,6.8724,6.8724,6.8724,6.8724,6.8724,6.8724,6.8724,6.8724,6.8724,6.8724,6.8724,6.8724,6.8724,6.8724,6.8724,6.8724,6.8724,6.8724,6.8724,6.8724,6.8724,6.8724,6.8724,6.8724,6.8724,6.8724,6.8724,6.8729,6.8729,6.8729,6.8729,6.8729,6.8729,6.8729,6.8729,6.8729,6.8729,6.8729,6.8729,6.8729,6.8729,6.8729,6.8729,6.8729,6.8729,6.8729,6.8729,6.8729,6.8729,6.8729,6.8729,6.8729,6.8729,6.8729,6.8729,6.8729,6.8729,6.8729,6.8729,6.8729,6.8729,6.8729,6.8729,6.8729,6.8729,6.8729,6.8729,6.8729,6.8729,6.8729,6.8729,6.8729,6.8729,6.8729,6.8729,6.8729,6.8729,6.8729,6.8729,6.8729,6.8729,6.8729,6.8729,6.8729,6.8729,6.8729,6.8729,6.8729,6.8729,6.8729,6.8729,6.8729,6.8729,6.8729,6.8729,6.8729,6.8729,6.8729,6.8729,6.8729,6.8729,6.8729,6.8729,6.8729,6.8729,6.8729,6.8729,6.8729,6.8729,6.8729,6.8729,6.8729,6.8729,6.8729,6.8729,6.8729,6.8729,6.8729,6.8729,6.8729,6.8729,6.8729,6.8729,6.8729,6.8729,6.8729,6.8729,6.8729,6.8729,6.8729,6.8729,6.8729,6.8729,6.8729,6.8729,6.8729,6.8729,6.8729,6.8729,6.8729,6.8729,6.8729,6.8729,6.8729,6.8729,6.8729,6.8729,6.8729,6.8729,6.8729,6.8729,6.8729,6.8729,6.8729,6.8729,6.8729,6.8729,6.8729,6.8729,6.8729,6.8729,6.8729,6.8729,6.8729,6.8729,6.8729,6.8729,6.8729,6.8729,6.8729,6.8729,6.8729,6.8729,6.8729,6.8729,6.8729,6.8729,6.8729,6.8729,6.8729,6.8729,6.8729,6.8729,6.8729,6.8729,6.8729,6.8729,6.8729,6.8729,6.8729,6.8729,6.8729,6.8729,6.8729,6.8729,6.8729,6.8729,6.8729,6.8729,6.8729,6.8729,6.8729,6.8729,6.8729,6.8729,6.8729,6.8729,6.8729,6.8729,6.8729,6.8729,6.8729,6.8729,6.8729,6.8729,6.8729,6.8729,6.8729,6.8729,6.8729,6.8729,6.8729,6.8729,6.8729,6.8729,6.8729,6.8729,6.8729,6.8729,6.8729,6.8729,6.8729,6.8729,6.8729,6.8729,6.8729,6.8729,6.8729,6.8729,6.8729,6.8729,6.8729,6.8729,6.8729,6.8729,6.8729,6.8729,6.8729,6.8729,6.8729,6.8729,6.8729,6.8729,6.8729,6.8729,6.8729,6.8729,6.8729,6.8729,6.8729,6.8729,6.8729,6.8729,6.8729,6.8729,6.8729,6.8729,6.8729,6.8729,6.8729,6.8729,6.8729,6.8729,6.8729,6.8729,6.8729,6.8729,6.8729,6.8729,6.8729,6.8729,6.8729,6.8729,6.8729,6.8729,6.8729,6.8729,6.8729,6.8729,6.8729,6.8729,6.8729,6.8729,6.8729,6.8729,6.8729,6.8729,6.8729,6.8729,6.8729,6.8729,6.8729,6.8729,6.8729,6.8729,6.8729,6.8729,6.8729,6.8729,6.8729,6.8729,6.8729,6.8729,6.8729,6.8729,6.8729,6.8729,6.8729,6.8729,6.8729,6.8729,6.8729,6.8729,6.8729,6.8729,6.8729,6.8729,6.8729,6.8729,6.8729,6.8729,6.8729,6.8729,6.8729,6.8729,6.8729,6.8729,6.8729,6.8729,6.8729,6.8729,6.8729,6.8729,6.8729,6.8729,6.8729,6.8729,6.8729,6.8729,6.8729,6.8729,6.8729,6.8729,6.8729,6.8729,6.8729,6.8729,6.8729,6.8729,6.8729,6.8729,6.8729,6.8729,6.8729,6.8729,6.8729,6.8729,6.8729,6.8729,6.8729,6.8729,6.8729,6.8729,6.8729,6.8729,6.8729,6.8729,6.8729,6.8729,6.8729,6.8729,6.8729,6.8729,6.8729,6.8729,6.8729,6.8729,6.8729,6.8729,6.8729,6.8729,6.8729,6.8729,6.8729,6.8729,6.8729,6.8729,6.8729,6.8729,6.8729,6.8729,6.8729,6.8729,6.8729,6.8729,6.8729,6.8729,6.8729,6.8729,6.8729,6.8729,6.8729,6.8729,6.8729,6.8729,6.8729,6.8729,6.8729,6.8729,6.8729,6.8729,6.8729,6.8729,6.8729,6.8729,6.8729,6.8729,6.8729,6.8729,6.8729,6.8729,6.8729,6.8729,6.8729,6.8729,6.8729,6.8729,6.8729,6.8729,6.8729,6.8729,6.8729,6.8729,6.8729,6.8729,6.8729,6.8729,6.8729,6.8729,6.8729,6.8729,6.8729,6.8729,6.8729,6.8729,6.8729,6.8729,6.8729,6.8729,6.8729,6.8729,6.8729,6.8729,6.8729,6.8729,6.8729,6.8729,6.8729,6.8729,6.8729,6.8729,6.8729,6.8729,6.8729,6.8729,6.8729,6.8729,6.8729,6.8729,6.8729,6.8729,6.8729,6.8729,6.8729,6.8729,6.8729,6.8729,6.8729,6.8729,6.8729,6.8729,6.8729
6.8679,6.8679,6.8679,6.8679,6.8679,6.8679,6.8679,6.8679,6.8679,6.8679,6.8679,6.8679,6.8679,6.8679,6.8679,6.8679,6.8679,6.8679,6.8679,6.8679,6.8679,6.8679,6.8679,6.8679,6.8679,6.8679,6.8679,6.8679,6.8679,6.8679,6.8679,6.8679,6.8679,6.8679,6.8679,6.8679,6.8679,6.8679,6.8679,6.8679,6.8679,6.8679,6.8679,6.8679,6.8679,6.8679,6.8679,6.8679,6.8679,6.8679,6.8679,6.8679,6.8679,6.8679,6.8679,6.8679,6.8679,6.8679,6.8679,6.8679,6.8679,6.8679,6.8679,6.8679,6.8679,6.8679,6.8679,6.8679,6.8679,6.8679,6.8679,6.8679,6.8679,6.8679,6.8679,6.8679,6.8679,6.8679,6.8679,6.8679,6.8679,6.8679,6.8679,6.8679,6.8679,6.8679,6.8679,6.8679,6.8679,6.8679,6.8679,6.8679,6.8679,6.8679,6.8679,6.8679,6.8679,6.8679,6.8679,6.8679,6.8679,6.8679,6.8679,6.8679,6.8679,6.8679,6.8679,6.8679,6.8679,6.8679,6.8679,6.8679,6.8679,6.8679,6.8679,6.8679,6.8679,6.8679,6.8679,6.8679,6.8679,6.8679,6.8679,6.8679,6.8679,6.8679,6.8679,6.8679,6.8679,6.8679,6.8679,6.8679,6.8679,6.8679,6.8679,6.8679,6.8679,6.8679,6.8679,6.8679,6.8679,6.8679,6.8679,6.8679,6.8679,6.8679,6.8679,6.8679,6.8679,6.8679,6.8679,6.8679,6.8679,6.8679,6.8679,6.8679,6.8679,6.8679,6.8679,6.8679,6.8679,6.8679,6.8679,6.8679,6.8679,6.8679,6.8679,6.8679,6.8679,6.8679,6.8679,6.8679,6.8679,6.8679,6.8679,6.8679,6.8679,6.8679,6.8679,6.8679,6.8679,6.8679,6.8679,6.8679,6.8679,6.8679,6.8679,6.8679,6.8679,6.8679,6.8679,6.8679,6.8679,6.8679,6.8679,6.8679,6.8679,6.8679,6.8679,6.8679,6.8679,6.8679,6.8679,6.8679,6.8679,6.8679,6.8679,6.8679,6.8679,6.8679,6.8679,6.8679,6.8679,6.8679,6.8679,6.8679,6.8679,6.8679,6.8679,6.8679,6.8679,6.8679,6.8679,6.8679,6.8679,6.8679,6.8679,6.8679,6.8679,6.8679,6.8679,6.8679,6.8679,6.8679,6.8679,6.8679,6.8679,6.8679,6.8679,6.8679,6.8679,6.8679,6.8679,6.8679,6.8679,6.8679,6.8679,6.8679,6.8679,6.8679,6.8679,6.8679,6.8679,6.8679,6.8679,6.8679,6.8679,6.8679,6.8679,6.8679,6.8679,6.8679,6.8679,6.8679,6.8679,6.8679,6.8679,6.8679,6.8679,6.8679,6.8679,6.8679,6.8679,6.8679,6.8679,6.8679,6.8679,6.8679,6.8679,6.8679,6.8679,6.8679,6.8679,6.8679,6.8679,6.8679,6.8679,6.8679,6.8679,6.8679,6.8679,6.8679,6.8679,6.8679,6.8679,6.8679,6.8679,6.8679,6.8679,6.8679,6.8679,6.8679,6.8679,6.8679,6.8679,6.8679,6.8679,6.8679,6.8679,6.8679,6.8679,6.8679,6.8679,6.8679,6.8679,6.8679,6.8679,6.8679,6.8679,6.8679,6.8679,6.8679,6.8679,6.8679,6.8679,6.8679,6.8679,6.8679,6.8679,6.8679,6.8679,6.8679,6.8679,6.8679,6.8679,6.8679,6.8679,6.8679,6.8679,6.8679,6.8679,6.8679,6.8679,6.8679,6.8679,6.8679,6.8679,6.8679,6.8679,6.8679,6.8679,6.8679,6.8679,6.8679,6.8679,6.8679,6.8679,6.8679,6.8679,6.8679,6.8679,6.8679,6.8679,6.8679,6.8679,6.8679,6.8679,6.8679,6.8679,6.8679,6.8679,6.8679,6.8679,6.8679,6.8679,6.8679,6.8679,6.8679,6.8679,6.8679,6.8679,6.8679,6.8679,6.8679,6.8679,6.8679,6.8679,6.8679,6.8679,6.8679,6.8679,6.8679,6.8679,6.8679,6.8679,6.8679,6.8679,6.8679,6.8679,6.8679,6.8679,6.8679,6.8679,6.8679,6.8679,6.8679,6.8679,6.8679,6.8679,6.8679,6.8679,6.8679,6.8679,6.8679,6.8679,6.8679,6.8679,6.8679,6.8679,6.8679,6.8679,6.8679,6.8679,6.8679,6.8679,6.8679,6.8679,6.8679,6.8679,6.8679,6.8679,6.8679,6.8679,6.8679,6.8679,6.8679,6.8679,6.8679,6.8679,6.8679,6.8679,6.8679,6.8679,6.8679,6.8679,6.8679,6.8679,6.8679,6.8679,6.8679,6.8679,6.8679,6.8679,6.8679,6.8679,6.8679,6.8679,6.8679,6.8679,6.8679,6.8679,6.8679,6.8679,6.8679,6.8679,6.8679,6.8679,6.8679,6.8679,6.8679,6.8679,6.8679,6.8679,6.8679,6.8679,6.8679,6.8679,6.8679,6.8679,6.8679,6.8679,6.8679,6.8679,6.8679,6.8679,6.8679,6.8679,6.8679,6.8679,6.8679,6.8679,6.8679,6.8679,6.8679,6.8679,6.8679,6.8679,6.8679,6.8679,6.8679,6.8679,6.8679,6.8679,6.8679,6.8679,6.8679,6.8679,6.8679,6.8679,6.8679,6.8679,6.8679,6.8679,6.8679,6.8679,6.8679,6.8679,6.8679,6.8679,6.8679,6.8679,6.8679,6.8679,6.8679,6.8679,6.8679,6.8679,6.8679,6.8679,6.8679,6.8679,6.8679,6.8679,6.8679,6.8679,6.8679,6.8679,6.8679,6.8679,6.8679,6.8679,6.8679,6.8679,6.8679,6.8679,6.8679,6.8679,6.8679,6.8679,6.8679,6.8679,6.8679,6.8679,6.8679,6.8679,6.8679,6.8679,6.8679,6.8679,6.8679,6.8679,6.8679,6.8679,6.8679,6.8679,6.8679,6.8679,6.8679,6.8679,6.8679,6.8679,6.8679,6.8679,6.8679,6.8679,6.8679,6.8679,6.8679,6.8679,6.8679,6.8679,6.8679,6.8679,6.8679,6.8679,6.8679,6.8679,6.8679,6.8679,6.8679,6.8679,6.8679,6.8679,6.8679,6.8679,6.8679,6.8679,6.8679,6.8679,6.8679,6.8679,6.8679,6.8679,6.8679,6.8679,6.8679,6.8679,6.8679,6.8679,6.8679,6.8679,6.8679,6.8679,6.8679,6.8679,6.8679,6.8679,6.8679,6.8679,6.8679,6.8679,6.8679,6.8679,6.8679,6.8679,6.8679,6.8679,6.8679,6.8679,6.8679,6.8679,6.8679,6.8679,6.8679,6.8679,6.8679,6.8679,6.8679,6.8679,6.8679,6.8679,6.8679,6.8679,6.8679,6.8679,6.8679,6.8679,6.8679,6.8679,6.8679,6.8679,6.8679,6.8679,6.8679,6.8679,6.8679,6.8679,6.8679,6.8679,6.8679,6.8679,6.8679,6.8679,6.8679,6.8679,6.8679,6.8679,6.8679,6.8679,6.8679,6.8679,6.8679,6.8679,6.8679,6.8679,6.8679,6.8679,6.8679,6.8679,6.8679,6.8679,6.8679,6.8679,6.8679,6.8679,6.8679,6.8679,6.8679,6.8679,6.8679,6.8679,6.8679,6.8679,6.8679,6.8679,6.8679,6.8679,6.8679,6.8679,6.8679,6.8679,6.8679,6.8679,6.8679,6.8679,6.8679,6.8679,6.8679,6.8679,6.8679,6.8679,6.8679,6.8679,6.8679,6.8679,6.8679,6.8679,6.8679,6.8679,6.8679,6.8679,6.8679,6.8679,6.8679,6.8679,6.8679,6.8679,6.8679,6.8679,6.8679,6.8679,6.8679,6.8679,6.8679,6.8679,6.8679,6.8679,6.8679,6.8679,6.8679,6.8679,6.8679,6.8679,6.8679,6.8679,6.8679,6.8679,6.8679,6.8679,6.8679,6.8679,6.8679,6.8679,6.8679,6.8679,6.8679,6.8679,6.8679,6.8679,6.8679,6.8679,6.8679,6.8679,6.8679,6.8679,6.8679,6.8679,6.8679,6.8679,6.8679,6.8679,6.8679,6.8679,6.8679,6.8679,6.8679,6.8679,6.8679,6.8679,6.8679,6.8679,6.8679,6.8679,6.8679,6.8679,6.8679,6.8679,6.8679,6.8679,6.8679,6.8679,6.8679,6.8679,6.8679,6.8679,6.8679,6.8679,6.8679,6.8679,6.8679,6.8679,6.8679,6.8679,6.8679,6.8679,6.8679,6.8679,6.8673,6.8673,6.8673,6.8673,6.8673,6.8673,6.8673,6.8673,6.8673,6.8673,6.8673,6.8673,6.8673,6.8673,6.8673,6.8673,6.8673,6.8673,6.8673,6.8673,6.8673,6.8673,6.8673,6.8673,6.8673,6.8673,6.8673,6.8673,6.8673,6.8673,6.8673,6.8673,6.8673,6.8673,6.8673,6.8673,6.8673,6.8673,6.8673,6.8673,6.8673,6.8673,6.8673,6.8673,6.8673,6.8673,6.8673,6.8673,6.8673,6.8673,6.8673,6.8673,6.8673,6.8673,6.8673,6.8673,6.8673,6.8673,6.8673,6.8673,6.8673,6.8673,6.8673,6.8673,6.8673,6.8673,6.8673,6.8673,6.8673,6.8673,6.8673,6.8673,6.8673,6.8673,6.8673,6.8673,6.8673,6.8673,6.8673,6.8673,6.8673,6.8673,6.8673,6.8673,6.8673,6.8673,6.8673,6.8673,6.8673,6.8673,6.8673,6.8673,6.8673,6.8673,6.8673,6.8673,6.8673,6.8673,6.8673,6.8673,6.8673,6.8673,6.8673,6.8673,6.8673,6.8673,6.8673,6.8673,6.8673,6.8673,6.8673,6.8673,6.8673,6.8673,6.8673,6.8673,6.8673,6.8673,6.8673,6.8673,6.8673,6.8673,6.8673,6.8673,6.8673,6.8673,6.8673,6.8673,6.8673,6.8673,6.8673,6.8673,6.8673,6.8673,6.8673,6.8673,6.8673,6.8673,6.8673,6.8673,6.8673,6.8673,6.8673,6.8673,6.8673,6.8673,6.8673,6.8673,6.8673,6.8673,6.8673,6.8673,6.8673
6.8620,6.8620,6.8620,6.8620,6.8620,6.8620,6.8620,6.8620,6.8620,6.8620,6.8620,6.8620,6.8620,6.8620,6.8620,6.8620,6.8620,6.8620,6.8620,6.8620,6.8620,6.8620,6.8620,6.8620,6.8620,6.8620,6.8620,6.8620,6.8620,6.8620,6.8620,6.8620,6.8620,6.8620,6.8620,6.8620,6.8620,6.8620,6.8620,6.8620,6.8620,6.8620,6.8620,6.8620,6.8620,6.8620,6.8620,6.8620,6.8620,6.8620,6.8620,6.8620,6.8620,6.8620,6.8620,6.8620,6.8620,6.8620,6.8620,6.8620,6.8620,6.8620,6.8620,6.8620,6.8620,6.8620,6.8620,6.8620,6.8620,6.8620,6.8620,6.8620,6.8620,6.8620,6.8620,6.8620,6.8620,6.8620,6.8620,6.8620,6.8620,6.8620,6.8620,6.8620,6.8620,6.8620,6.8620,6.8620,6.8620,6.8620,6.8620,6.8620,6.8620,6.8620,6.8620,6.8620,6.8620,6.8620,6.8620,6.8620,6.8620,6.8620,6.8620,6.8620,6.8620,6.8620,6.8620,6.8620,6.8620,6.8620,6.8620,6.8620,6.8620,6.8620,6.8620,6.8620,6.8620,6.8620,6.8620,6.8620,6.8620,6.8620,6.8620,6.8620,6.8620,6.8620,6.8620,6.8620,6.8620,6.8620,6.8620,6.8620,6.8620,6.8620,6.8620,6.8620,6.8620,6.8620,6.8620,6.8620,6.8620,6.8620,6.8620,6.8620,6.8620,6.8620,6.8620,6.8620,6.8620,6.8620,6.8620,6.8620,6.8620,6.8620,6.8620,6.8620,6.8620,6.8620,6.8620,6.8620,6.8620,6.8620,6.8620,6.8620,6.8620,6.8620,6.8620,6.8620,6.8620,6.8620,6.8620,6.8620,6.8620,6.8620,6.8620,6.8620,6.8620,6.8620,6.8620,6.8620,6.8620,6.8620,6.8620,6.8620,6.8620,6.8620,6.8620,6.8620,6.8620,6.8620,6.8620,6.8620,6.8620,6.8620,6.8620,6.8620,6.8620,6.8620,6.8620,6.8620,6.8620,6.8620,6.8620,6.8620,6.8620,6.8620,6.8620,6.8620,6.8620,6.8620,6.8620,6.8620,6.8620,6.8620,6.8620,6.8620,6.8620,6.8620,6.8620,6.8620,6.8620,6.8620,6.8620,6.8620,6.8620,6.8620,6.8620,6.8620,6.8620,6.8620,6.8620,6.8620,6.8620,6.8620,6.8620,6.8620,6.8620,6.8620,6.8620,6.8620,6.8620,6.8620,6.8620,6.8620,6.8620,6.8620,6.8620,6.8620,6.8620,6.8620,6.8620,6.8620,6.8620,6.8620,6.8620,6.8620,6.8620,6.8620,6.8620,6.8620,6.8620,6.8620,6.8620,6.8620,6.8620,6.8620,6.8620,6.8620,6.8620,6.8620,6.8620,6.8620,6.8620,6.8620,6.8620,6.8620,6.8620,6.8620,6.8620,6.8620,6.8620,6.8620,6.8620,6.8620,6.8620,6.8620,6.8620,6.8620,6.8620,6.8620,6.8620,6.8620,6.8620,6.8620,6.8620,6.8620,6.8620,6.8620,6.8620,6.8620,6.8620,6.8620,6.8620,6.8620,6.8620,6.8620,6.8620,6.8620,6.8620,6.8620,6.8620,6.8620,6.8620,6.8620,6.8620,6.8620,6.8620,6.8620,6.8620,6.8620,6.8620,6.8620,6.8620,6.8620,6.8620,6.8620,6.8620,6.8620,6.8620,6.8620,6.8620,6.8620,6.8620,6.8620,6.8620,6.8620,6.8620,6.8620,6.8620,6.8620,6.8620,6.8620,6.8620,6.8620,6.8620,6.8620,6.8620,6.8620,6.8620,6.8620,6.8620,6.8620,6.8620,6.8620,6.8620,6.8620,6.8620,6.8620,6.8620,6.8620,6.8620,6.8620,6.8620,6.8620,6.8620,6.8620,6.8620,6.8620,6.8620,6.8620,6.8620,6.8620,6.8620,6.8620,6.8620,6.8620,6.8620,6.8620,6.8620,6.8620,6.8620,6.8625,6.8625,6.8625,6.8625,6.8625,6.8625,6.8625,6.8625,6.8625,6.8625,6.8625,6.8625,6.8625,6.8625,6.8625,6.8625,6.8625,6.8625,6.8625,6.8625,6.8625,6.8625,6.8625,6.8625,6.8625,6.8625,6.8625,6.8625,6.8625,6.8625,6.8625,6.8625,6.8625,6.8625,6.8625,6.8625,6.8625,6.8625,6.8625,6.8625,6.8625,6.8625,6.8625,6.8625,6.8625,6.8625,6.8625,6.8625,6.8625,6.8625,6.8625,6.8625,6.8625,6.8625,6.8625,6.8625,6.8625,6.8625,6.8625,6.8625,6.8625,6.8625,6.8625,6.8625,6.8625,6.8625,6.8625,6.8625,6.8625,6.8625,6.8625,6.8625,6.8625,6.8625,6.8625,6.8625,6.8625,6.8625,6.8625,6.8625,6.8625,6.8625,6.8625,6.8625,6.8625,6.8625,6.8625,6.8625,6.8625,6.8625,6.8625,6.8625,6.8625,6.8625,6.8625,6.8625,6.8625,6.8625,6.8625,6.8625,6.8625,6.8625,6.8625,6.8625,6.8625,6.8625,6.8625,6.8625,6.8625,6.8625,6.8625,6.8625,6.8625,6.8625,6.8625,6.8625,6.8625,6.8625,6.8625,6.8625,6.8625,6.8625,6.8625,6.8625,6.8625,6.8625,6.8625,6.8625,6.8625,6.8625,6.8625,6.8625,6.8625,6.8625,6.8625,6.8625,6.8625,6.8625,6.8625,6.8625,6.8625,6.8625,6.8625,6.8625,6.8625,6.8625,6.8625,6.8625,6.8625,6.8625,6.8625,6.8625,6.8625,6.8625,6.8625,6.8625,6.8625,6.8625,6.8625,6.8625,6.8625,6.8625,6.8625,6.8625,6.8625,6.8625,6.8625,6.8625,6.8625,6.8625,6.8625,6.8625,6.8625,6.8625,6.8625,6.8625,6.8625,6.8625,6.8625,6.8625,6.8625,6.8625,6.8625,6.8625,6.8625,6.8625,6.8625,6.8625,6.8625,6.8625,6.8625,6.8625,6.8625,6.8625,6.8625,6.8625,6.8625,6.8625,6.8625,6.8625,6.8625,6.8625,6.8625,6.8625,6.8625,6.8625,6.8625,6.8625,6.8625,6.8625,6.8625,6.8625,6.8625,6.8625,6.8625,6.8625,6.8625,6.8625,6.8625,6.8625,6.8625,6.8625,6.8625,6.8625,6.8625,6.8625,6.8625,6.8625,6.8625,6.8625,6.8625,6.8625,6.8625,6.8625,6.8625,6.8625,6.8625,6.8625,6.8625,6.8625,6.8625,6.8625,6.8625,6.8625,6.8625,6.8625,6.8625,6.8625,6.8625,6.8625,6.8625,6.8625,6.8625,6.8625,6.8625,6.8625,6.8625,6.8625,6.8625,6.8625,6.8625,6.8625,6.8625,6.8625,6.8625,6.8625,6.8625,6.8625,6.8625,6.8625,6.8625,6.8625,6.8625,6.8625,6.8625,6.8625,6.8625,6.8625,6.8625,6.8625,6.8625,6.8625,6.8625,6.8625,6.8625,6.8625,6.8625,6.8625,6.8625,6.8625,6.8625,6.8625,6.8625,6.8625,6.8625,6.8625,6.8625,6.8625,6.8625,6.8625,6.8625,6.8625,6.8625,6.8625,6.8625,6.8625,6.8625,6.8625,6.8625,6.8625,6.8625,6.8625,6.8625,6.8625,6.8625,6.8625,6.8625,6.8625,6.8625,6.8625,6.8625,6.8625,6.8625,6.8625,6.8625,6.8625,6.8625,6.8625,6.8625,6.8625,6.8625,6.8625,6.8625,6.8625,6.8625,6.8625,6.8625,6.8625,6.8625,6.8625,6.8625,6.8625,6.8625,6.8625,6.8625,6.8625,6.8625,6.8625,6.8625,6.8625,6.8625,6.8625,6.8625,6.8625,6.8625,6.8625,6.8625,6.8625,6.8625,6.8625,6.8625,6.8625,6.8625,6.8625,6.8625,6.8625,6.8625,6.8625,6.8625,6.8625,6.8625,6.8625,6.8625,6.8625,6.8625,6.8625,6.8625,6.8625,6.8625,6.8625,6.8625,6.8625,6.8625,6.8625,6.8625,6.8625,6.8625,6.8625,6.8625,6.8625,6.8625,6.8625,6.8625,6.8625,6.8625,6.8625,6.8625,6.8625,6.8625,6.8625,6.8625,6.8625,6.8625,6.8625,6.8625,6.8625,6.8625,6.8625,6.8625,6.8625,6.8625,6.8625,6.8625,6.8625,6.8625,6.8625,6.8625,6.8625,6.8625,6.8625,6.8625,6.8625,6.8625,6.8625,6.8625,6.8625,6.8625,6.8625,6.8625,6.8625,6.8625,6.8625,6.8625,6.8625,6.8625,6.8625,6.8625,6.8625,6.8625,6.8625,6.8625,6.8625,6.8625,6.8625,6.8625,6.8625,6.8625,6.8625,6.8625,6.8625,6.8625,6.8625,6.8625,6.8625,6.8625,6.8625,6.8625,6.8625,6.8625,6.8625,6.8625,6.8625,6.8625,6.8625,6.8625,6.8625,6.8625,6.8625,6.8625,6.8625,6.8625,6.8625,6.8625,6.8625,6.8625,6.8625,6.8625,6.8625,6.8625,6.8625,6.8625,6.8625,6.8625,6.8625,6.8625,6.8625,6.8625,6.8625,6.8625,6.8625,6.8625,6.8625,6.8625,6.8625,6.8625,6.8625,6.8625,6.8625,6.8625,6.8625,6.8625,6.8625,6.8625,6.8625,6.8625,6.8625,6.8625,6.8625,6.8625,6.8625,6.8625,6.8625,6.8625,6.8625,6.8625,6.8625,6.8625,6.8625,6.8625,6.8625,6.8625,6.8625,6.8625,6.8625,6.8625,6.8625,6.8625,6.8625,6.8625,6.8625,6.8625,6.8625,6.8625,6.8625,6.8625,6.8625,6.8625,6.8625,6.8625,6.8625,6.8625,6.8625,6.8625,6.8625,6.8625,6.8625,6.8625,6.8625,6.8625,6.8625,6.8625,6.8625,6.8625,6.8625,6.8625,6.8625,6.8625,6.8625,6.8625,6.8625,6.8625,6.8625,6.8625,6.8625,6.8625,6.8625,6.8625,6.8625,6.8625,6.8625,6.8625,6.8625,6.8625,6.8625,6.8625,6.8625,6.8625,6.8625,6.8625
6.8572,6.8572,6.8572,6.8572,6.8572,6.8572,6.8572,6.8572,6.8572,6.8572,6.8572,6.8572,6.8572,6.8572,6.8572,6.8572,6.8572,6.8572,6.8572,6.8572,6.8572,6.8572,6.8572,6.8572,6.8572,6.8572,6.8572,6.8572,6.8572,6.8572,6.8572,6.8572,6.8572,6.8572,6.8572,6.8572,6.8572,6.8572,6.8572,6.8572,6.8572,6.8572,6.8572,6.8572,6.8572,6.8572,6.8572,6.8572,6.8572,6.8572,6.8572,6.8572,6.8572,6.8572,6.8572,6.8572,6.8572,6.8572,6.8572,6.8572,6.8572,6.8572,6.8572,6.8572,6.8572,6.8572,6.8572,6.8572,6.8572,6.8572,6.8572,6.8572,6.8572,6.8572,6.8572,6.8572,6.8572,6.8572,6.8572,6.8572,6.8572,6.8572,6.8572,6.8572,6.8572,6.8572,6.8572,6.8572,6.8572,6.8572,6.8572,6.8572,6.8572,6.8572,6.8572,6.8572,6.8572,6.8572,6.8572,6.8572,6.8572,6.8572,6.8572,6.8572,6.8572,6.8572,6.8572,6.8572,6.8572,6.8572,6.8572,6.8572,6.8572,6.8572,6.8572,6.8572,6.8572,6.8572,6.8572,6.8572,6.8572,6.8572,6.8572,6.8572,6.8572,6.8572,6.8572,6.8572,6.8572,6.8572,6.8572,6.8572,6.8572,6.8572,6.8572,6.8572,6.8572,6.8572,6.8572,6.8572,6.8572,6.8572,6.8572,6.8572,6.8572,6.8572,6.8572,6.8572,6.8572,6.8572,6.8572,6.8572,6.8572,6.8572,6.8572,6.8572,6.8572,6.8572,6.8572,6.8572,6.8572,6.8572,6.8572,6.8572,6.8572,6.8572,6.8572,6.8572,6.8572,6.8572,6.8572,6.8572,6.8572,6.8572,6.8572,6.8572,6.8572,6.8572,6.8572,6.8572,6.8572,6.8572,6.8572,6.8572,6.8572,6.8572,6.8572,6.8572,6.8572,6.8572,6.8572,6.8572,6.8572,6.8572,6.8572,6.8572,6.8572,6.8572,6.8572,6.8572,6.8572,6.8572,6.8572,6.8572,6.8572,6.8572,6.8572,6.8572,6.8572,6.8572,6.8572,6.8572,6.8572,6.8572,6.8572,6.8572,6.8572,6.8572,6.8572,6.8572,6.8572,6.8572,6.8572,6.8572,6.8572,6.8572,6.8572,6.8572,6.8572,6.8572,6.8572,6.8572,6.8572,6.8572,6.8572,6.8572,6.8572,6.8572,6.8572,6.8572,6.8572,6.8572,6.8572,6.8572,6.8572,6.8572,6.8572,6.8572,6.8572,6.8572,6.8572,6.8572,6.8572,6.8572,6.8572,6.8572,6.8572,6.8572,6.8572,6.8572,6.8572,6.8572,6.8572,6.8572,6.8572,6.8572,6.8572,6.8572,6.8572,6.8572,6.8572,6.8572,6.8572,6.8572,6.8572,6.8572,6.8572,6.8572,6.8572,6.8572,6.8572,6.8572,6.8572,6.8572,6.8572,6.8572,6.8572,6.8572,6.8572,6.8572,6.8572,6.8572,6.8572,6.8572,6.8572,6.8572,6.8572,6.8572,6.8572,6.8572,6.8572,6.8572,6.8572,6.8572,6.8572,6.8572,6.8572,6.8572,6.8572,6.8572,6.8572,6.8572,6.8572,6.8572,6.8572,6.8572,6.8572,6.8572,6.8572,6.8572,6.8572,6.8572,6.8572,6.8572,6.8572,6.8572,6.8572,6.8572,6.8572,6.8572,6.8572,6.8572,6.8572,6.8572,6.8572,6.8572,6.8572,6.8572,6.8572,6.8572,6.8572,6.8572,6.8572,6.8572,6.8572,6.8572,6.8572,6.8572,6.8572,6.8572,6.8572,6.8572,6.8572,6.8572,6.8572,6.8572,6.8572,6.8572,6.8572,6.8572,6.8572,6.8572,6.8572,6.8572,6.8572,6.8572,6.8572,6.8572,6.8572,6.8572,6.8572,6.8572,6.8572,6.8572,6.8572,6.8572,6.8572,6.8572,6.8572,6.8572,6.8572,6.8572,6.8572,6.8572,6.8572,6.8572,6.8572,6.8572,6.8572,6.8572,6.8572,6.8572,6.8572,6.8572,6.8572,6.8572,6.8572,6.8572,6.8572,6.8572,6.8572,6.8572,6.8572,6.8572,6.8572,6.8572,6.8572,6.8572,6.8572,6.8572,6.8572,6.8572,6.8572,6.8572,6.8572,6.8572,6.8572,6.8572,6.8572,6.8572,6.8572,6.8572,6.8572,6.8572,6.8572,6.8572,6.8572,6.8572,6.8572,6.8572,6.8572,6.8572,6.8572,6.8572,6.8572,6.8572,6.8572,6.8572,6.8572,6.8572,6.8572,6.8572,6.8572,6.8572,6.8572,6.8572,6.8572,6.8572,6.8572,6.8572,6.8572,6.8572,6.8572,6.8572,6.8572,6.8572,6.8572,6.8572,6.8572,6.8572,6.8572,6.8572,6.8572,6.8572,6.8572,6.8572,6.8572,6.8572,6.8572,6.8572,6.8572,6.8572,6.8572,6.8572,6.8572,6.8572,6.8572,6.8572,6.8572,6.8572,6.8572,6.8572,6.8572,6.8572,6.8572,6.8572,6.8572,6.8572,6.8572,6.8572,6.8572,6.8572,6.8572,6.8572,6.8572,6.8572,6.8572,6.8572,6.8572,6.8572,6.8572,6.8572,6.8572,6.8572,6.8572,6.8572,6.8572,6.8572,6.8572,6.8572,6.8572,6.8572,6.8572,6.8572,6.8572,6.8572,6.8572,6.8572,6.8572,6.8572,6.8572,6.8572,6.8572,6.8572,6.8572,6.8572,6.8572,6.8572,6.8572,6.8572,6.8572,6.8572,6.8572,6.8572,6.8572,6.8572,6.8572,6.8572,6.8572,6.8572,6.8572,6.8572,6.8572,6.8572,6.8572,6.8572,6.8572,6.8572,6.8572,6.8572,6.8572,6.8572,6.8572,6.8572,6.8572,6.8572,6.8572,6.8572,6.8572,6.8572,6.8572,6.8572,6.8572,6.8572,6.8572,6.8572,6.8572,6.8572,6.8572,6.8572,6.8572,6.8572,6.8572,6.8572,6.8572,6.8572,6.8572,6.8572,6.8572,6.8572,6.8572,6.8572,6.8572,6.8572,6.8572,6.8572,6.8572,6.8572,6.8572,6.8572,6.8572,6.8572,6.8572,6.8572,6.8572,6.8572,6.8572,6.8572,6.8572,6.8572,6.8572,6.8572,6.8572,6.8572,6.8572,6.8572,6.8572,6.8572,6.8572,6.8572,6.8572,6.8572,6.8572,6.8572,6.8572,6.8572,6.8572,6.8572,6.8572,6.8572,6.8572,6.8572,6.8572,6.8572,6.8572,6.8572,6.8572,6.8572,6.8572,6.8572,6.8572,6.8572,6.8572,6.8572,6.8572,6.8572,6.8572,6.8572,6.8572,6.8572,6.8572,6.8572,6.8572,6.8572,6.8572,6.8572,6.8572,6.8572,6.8572,6.8572,6.8572,6.8572,6.8572,6.8572,6.8572,6.8572,6.8572,6.8572,6.8572,6.8572,6.8572,6.8572,6.8572,6.8572,6.8572,6.8572,6.8572,6.8572,6.8572,6.8572,6.8572,6.8572,6.8572,6.8572,6.8572,6.8572,6.8572,6.8572,6.8572,6.8572,6.8572,6.8567,6.8567,6.8567,6.8567,6.8567,6.8567,6.8567,6.8567,6.8567,6.8567,6.8567,6.8567,6.8567,6.8567,6.8567,6.8567,6.8567,6.8567,6.8567,6.8567,6.8567,6.8567,6.8567,6.8567,6.8567,6.8567,6.8567,6.8567,6.8567,6.8567,6.8567,6.8567,6.8567,6.8567,6.8567,6.8567,6.8567,6.8567,6.8567,6.8567,6.8567,6.8567,6.8567,6.8567,6.8567,6.8567,6.8567,6.8567,6.8567,6.8567,6.8567,6.8567,6.8567,6.8567,6.8567,6.8567,6.8567,6.8567,6.8567,6.8567,6.8567,6.8567,6.8567,6.8567,6.8567,6.8567,6.8567,6.8567,6.8567,6.8567,6.8567,6.8567,6.8567,6.8567,6.8567,6.8567,6.8567,6.8567,6.8567,6.8567,6.8567,6.8567,6.8567,6.8567,6.8567,6.8567,6.8567,6.8567,6.8567,6.8567,6.8567,6.8567,6.8567,6.8567,6.8567,6.8567,6.8567,6.8567,6.8567,6.8567,6.8567,6.8567,6.8567,6.8567,6.8567,6.8567,6.8567,6.8567,6.8567,6.8567,6.8567,6.8567,6.8567,6.8567,6.8567,6.8567,6.8567,6.8567,6.8567,6.8567,6.8567,6.8567,6.8567,6.8567,6.8567,6.8567,6.8567,6.8567,6.8567,6.8567,6.8567,6.8567,6.8567,6.8567,6.8567,6.8567,6.8567,6.8567,6.8567,6.8567,6.8567,6.8567,6.8567,6.8567,6.8567,6.8567,6.8567,6.8567,6.8567,6.8567,6.8567,6.8567,6.8567,6.8567,6.8567,6.8567,6.8567,6.8567,6.8567,6.8567,6.8567,6.8567,6.8567,6.8567,6.8567,6.8567,6.8567,6.8567,6.8567,6.8567,6.8567,6.8567,6.8567,6.8567,6.8567,6.8567,6.8567,6.8567,6.8567,6.8567,6.8567,6.8567,6.8567,6.8567,6.8567,6.8567,6.8567,6.8567,6.8567,6.8567,6.8567,6.8567,6.8567,6.8567,6.8567,6.8567,6.8567,6.8567,6.8567,6.8567,6.8567,6.8567,6.8567,6.8567,6.8567,6.8567,6.8567,6.8567,6.8567,6.8567,6.8567,6.8567,6.8567,6.8567,6.8567,6.8567,6.8567,6.8567,6.8567,6.8567,6.8567,6.8567,6.8567,6.8567,6.8567,6.8567,6.8567,6.8567,6.8567,6.8567,6.8567,6.8567,6.8567,6.8567,6.8567,6.8567,6.8567,6.8567,6.8567,6.8567,6.8567,6.8567,6.8567,6.8567,6.8567,6.8567,6.8567,6.8567,6.8567,6.8567,6.8567,6.8567,6.8567,6.8567,6.8567,6.8567,6.8567,6.8567,6.8567,6.8567,6.8567,6.8567,6.8567,6.8567,6.8567,6.8567,6.8567,6.8567,6.8567,6.8567,6.8567,6.8567,6.8567,6.8567,6.8567,6.8567,6.8567,6.8567,6.8567
6.8519,6.8519,6.8519,6.8519,6.8519,6.8519,6.8519,6.8519,6.8519,6.8519,6.8519,6.8519,6.8519,6.8519,6.8519,6.8519,6.8519,6.8519,6.8519,6.8519,6.8519,6.8519,6.8519,6.8519,6.8519,6.8519,6.8519,6.8519,6.8519,6.8519,6.8519,6.8519,6.8519,6.8519,6.8519,6.8519,6.8519,6.8519,6.8513,6.8513,6.8513,6.8513,6.8513,6.8513,6.8513,6.8513,6.8513,6.8513,6.8513,6.8513,6.8513,6.8513,6.8513,6.8513,6.8513,6.8513,6.8513,6.8513,6.8513,6.8513,6.8513,6.8513,6.8513,6.8513,6.8513,6.8513,6.8513,6.8513,6.8513,6.8513,6.8513,6.8513,6.8513,6.8513,6.8513,6.8513,6.8513,6.8513,6.8513,6.8513,6.8513,6.8513,6.8513,6.8513,6.8513,6.8513,6.8513,6.8513,6.8513,6.8513,6.8513,6.8513,6.8513,6.8513,6.8513,6.8513,6.8513,6.8513,6.8513,6.8513,6.8513,6.8513,6.8513,6.8513,6.8513,6.8513,6.8513,6.8513,6.8513,6.8513,6.8513,6.8513,6.8513,6.8513,6.8513,6.8513,6.8513,6.8513,6.8513,6.8513,6.8513,6.8513,6.8513,6.8513,6.8513,6.8513,6.8513,6.8513,6.8513,6.8513,6.8513,6.8513,6.8513,6.8513,6.8513,6.8513,6.8513,6.8513,6.8513,6.8513,6.8513,6.8513,6.8513,6.8513,6.8513,6.8513,6.8513,6.8513,6.8513,6.8513,6.8513,6.8513,6.8513,6.8513,6.8513,6.8513,6.8513,6.8513,6.8513,6.8513,6.8513,6.8513,6.8513,6.8513,6.8513,6.8513,6.8513,6.8513,6.8513,6.8513,6.8513,6.8513,6.8513,6.8513,6.8513,6.8513,6.8513,6.8513,6.8513,6.8513,6.8513,6.8513,6.8513,6.8513,6.8513,6.8513,6.8513,6.8513,6.8513,6.8513,6.8513,6.8513,6.8513,6.8513,6.8513,6.8513,6.8513,6.8513,6.8513,6.8513,6.8513,6.8513,6.8513,6.8513,6.8513,6.8513,6.8513,6.8513,6.8513,6.8513,6.8513,6.8513,6.8513,6.8513,6.8513,6.8513,6.8513,6.8513,6.8513,6.8513,6.8513,6.8513,6.8513,6.8513,6.8513,6.8513,6.8513,6.8513,6.8513,6.8513,6.8513,6.8513,6.8513,6.8513,6.8513,6.8513,6.8513,6.8513,6.8513,6.8513,6.8513,6.8513,6.8513,6.8513,6.8513,6.8513,6.8513,6.8513,6.8513,6.8513,6.8513,6.8513,6.8513,6.8513,6.8513,6.8513,6.8513,6.8513,6.8513,6.8513,6.8513,6.8513,6.8513,6.8513,6.8513,6.8513,6.8513,6.8513,6.8513,6.8513,6.8513,6.8513,6.8513,6.8513,6.8513,6.8513,6.8513,6.8513,6.8513,6.8513,6.8513,6.8513,6.8513,6.8513,6.8513,6.8513,6.8513,6.8513,6.8513,6.8513,6.8513,6.8513,6.8513,6.8513,6.8513,6.8513,6.8513,6.8513,6.8513,6.8513,6.8513,6.8513,6.8513,6.8513,6.8513,6.8513,6.8513,6.8513,6.8513,6.8513,6.8513,6.8513,6.8513,6.8513,6.8513,6.8513,6.8513,6.8513,6.8513,6.8513,6.8513,6.8513,6.8513,6.8513,6.8513,6.8513,6.8513,6.8513,6.8513,6.8513,6.8513,6.8513,6.8513,6.8513,6.8513,6.8513,6.8513,6.8513,6.8513,6.8513,6.8513,6.8513,6.8513,6.8513,6.8513,6.8513,6.8513,6.8513,6.8513,6.8513,6.8513,6.8513,6.8513,6.8513,6.8513,6.8513,6.8513,6.8513,6.8513,6.8513,6.8513,6.8513,6.8513,6.8513,6.8513,6.8513,6.8513,6.8513,6.8513,6.8513,6.8513,6.8513,6.8513,6.8513,6.8513,6.8513,6.8513,6.8513,6.8513,6.8513,6.8513,6.8513,6.8513,6.8513,6.8513,6.8513,6.8513,6.8513,6.8513,6.8513,6.8513,6.8513,6.8513,6.8513,6.8513,6.8513,6.8513,6.8513,6.8513,6.8513,6.8513,6.8513,6.8513,6.8513,6.8513,6.8513,6.8513,6.8513,6.8513,6.8513,6.8513,6.8513,6.8513,6.8513,6.8513,6.8513,6.8513,6.8513,6.8513,6.8513,6.8513,6.8513,6.8513,6.8513,6.8513,6.8513,6.8513,6.8513,6.8513,6.8513,6.8513,6.8513,6.8513,6.8513,6.8513,6.8513,6.8513,6.8513,6.8513,6.8513,6.8513,6.8513,6.8513,6.8513,6.8513,6.8513,6.8513,6.8513,6.8513,6.8513,6.8513,6.8513,6.8513,6.8513,6.8513,6.8513,6.8513,6.8513,6.8513,6.8513,6.8513,6.8513,6.8513,6.8513,6.8513,6.8513,6.8513,6.8513,6.8513,6.8513,6.8513,6.8513,6.8513,6.8513,6.8513,6.8513,6.8513,6.8513,6.8513,6.8513,6.8513,6.8513,6.8513,6.8513,6.8513,6.8513,6.8513,6.8513,6.8513,6.8513,6.8513,6.8513,6.8513,6.8513,6.8513,6.8513,6.8513,6.8513,6.8513,6.8513,6.8513,6.8513,6.8513,6.8513,6.8513,6.8513,6.8513,6.8513,6.8513,6.8513,6.8513,6.8513,6.8513,6.8513,6.8513,6.8513,6.8513,6.8513,6.8513,6.8513,6.8513,6.8513,6.8513,6.8513,6.8513,6.8513,6.8513,6.8513,6.8513,6.8513,6.8513,6.8513,6.8513,6.8513,6.8513,6.8513,6.8513,6.8513,6.8513,6.8513,6.8513,6.8513,6.8513,6.8513,6.8513,6.8513,6.8513,6.8513,6.8513,6.8513,6.8513,6.8513,6.8513,6.8513,6.8513,6.8513,6.8513,6.8513,6.8513,6.8513,6.8513,6.8513,6.8513,6.8513,6.8513,6.8513,6.8513,6.8513,6.8513,6.8513,6.8513,6.8513,6.8513,6.8513,6.8513,6.8513,6.8513,6.8513,6.8513,6.8513,6.8513,6.8513,6.8513,6.8513,6.8513,6.8513,6.8513,6.8513,6.8513,6.8513,6.8513,6.8513,6.8513,6.8513,6.8513,6.8513,6.8513,6.8513,6.8513,6.8513,6.8513,6.8513,6.8513,6.8513,6.8513,6.8513,6.8513,6.8513,6.8513,6.8513,6.8513,6.8513,6.8513,6.8513,6.8513,6.8513,6.8513,6.8513,6.8513,6.8513,6.8513,6.8513,6.8513,6.8513,6.8513,6.8513,6.8513,6.8513,6.8513,6.8513,6.8513,6.8513,6.8513,6.8513,6.8513,6.8513,6.8513,6.8513,6.8513,6.8513,6.8513,6.8513,6.8513,6.8513,6.8513,6.8513,6.8513,6.8513,6.8513,6.8513,6.8513,6.8513,6.8513,6.8513,6.8513,6.8513,6.8513,6.8513,6.8513,6.8513,6.8513,6.8513,6.8513,6.8513,6.8513,6.8513,6.8513,6.8513,6.8513,6.8513,6.8513,6.8513,6.8513,6.8513,6.8513,6.8513,6.8513,6.8513,6.8513,6.8513,6.8513,6.8513,6.8513,6.8513,6.8513,6.8513,6.8513,6.8513,6.8513,6.8513,6.8513,6.8513,6.8513,6.8513,6.8513,6.8513,6.8513,6.8513,6.8513,6.8513,6.8513,6.8513,6.8513,6.8513,6.8513,6.8513,6.8513,6.8513,6.8513,6.8513,6.8513,6.8513,6.8513,6.8513,6.8513,6.8513,6.8513,6.8513,6.8513,6.8513,6.8513,6.8513,6.8513,6.8513,6.8513,6.8513,6.8513,6.8513,6.8513,6.8513,6.8513,6.8513,6.8513,6.8513,6.8513,6.8513,6.8513,6.8513,6.8513,6.8513,6.8513,6.8513,6.8513,6.8513,6.8513,6.8513,6.8513,6.8513,6.8513,6.8513,6.8513,6.8513,6.8513,6.8513,6.8513,6.8513,6.8513,6.8513,6.8513,6.8513,6.8513,6.8513,6.8513,6.8513,6.8513,6.8513,6.8513,6.8513,6.8513,6.8513,6.8513,6.8513,6.8513,6.8513,6.8513,6.8513,6.8513,6.8513,6.8513,6.8513,6.8513,6.8513,6.8513,6.8513,6.8513,6.8513,6.8513,6.8513,6.8513,6.8513,6.8513,6.8513,6.8513,6.8513,6.8513,6.8513,6.8513,6.8513,6.8513,6.8513,6.8513,6.8513,6.8513,6.8513,6.8513,6.8513,6.8513,6.8513,6.8513,6.8513,6.8513,6.8513,6.8513,6.8513,6.8513,6.8513,6.8513,6.8513,6.8513,6.8513,6.8513,6.8513,6.8513,6.8513,6.8513,6.8513,6.8513,6.8513,6.8513,6.8513,6.8513,6.8513,6.8513,6.8513,6.8513,6.8513,6.8513,6.8513,6.8513,6.8513,6.8513,6.8513,6.8513,6.8513,6.8513,6.8513,6.8513,6.8513,6.8513,6.8513,6.8513,6.8513,6.8513,6.8513,6.8513,6.8513,6.8513,6.8513,6.8513,6.8513,6.8513,6.8513,6.8513,6.8513,6.8513,6.8513,6.8513,6.8513,6.8513,6.8513,6.8513,6.8513,6.8513,6.8513,6.8513,6.8513,6.8513,6.8513,6.8513,6.8513,6.8513,6.8513,6.8513,6.8513,6.8513,6.8513,6.8513,6.8513,6.8513,6.8513,6.8513,6.8519,6.8519,6.8519,6.8519,6.8519,6.8519,6.8519,6.8519,6.8519,6.8519,6.8519,6.8519,6.8519,6.8519,6.8519,6.8519,6.8519,6.8519,6.8519,6.8519,6.8519,6.8519,6.8519,6.8519,6.8519,6.8519,6.8519,6.8519,6.8519,6.8519,6.8519,6.8519,6.8519,6.8519,6.8519,6.8519,6.8519,6.8519,6.8519,6.8519,6.8519,6.8519,6.8519,6.8519,6.8519,6.8519,6.8519,6.8519,6.8519,6.8519,6.8519,6.8519,6.8519,6.8519,6.8519,6.8519,6.8519,6.8519,6.8519,6.8519,6.8519,6.8519,6.8519,6.8519,6.8519,6.8519,6.8519,6.8519,6.8519
6.8466,6.8466,6.8466,6.8466,6.8466,6.8466,6.8466,6.8466,6.8466,6.8466,6.8466,6.8466,6.8466,6.8466,6.8466,6.8466,6.8466,6.8466,6.8466,6.8466,6.8466,6.8466,6.8466,6.8466,6.8466,6.8466,6.8466,6.8466,6.8466,6.8466,6.8466,6.8466,6.8466,6.8466,6.8466,6.8466,6.8466,6.8466,6.8466,6.8466,6.8466,6.8466,6.8466,6.8466,6.8466,6.8466,6.8466,6.8466,6.8466,6.8466,6.8466,6.8466,6.8466,6.8466,6.8466,6.8466,6.8466,6.8466,6.8466,6.8466,6.8466,6.8466,6.8466,6.8466,6.8466,6.8466,6.8466,6.8466,6.8466,6.8466,6.8466,6.8466,6.8466,6.8466,6.8466,6.8466,6.8466,6.8466,6.8466,6.8466,6.8466,6.8466,6.8466,6.8466,6.8466,6.8466,6.8466,6.8466,6.8466,6.8466,6.8466,6.8466,6.8466,6.8466,6.8466,6.8466,6.8466,6.8466,6.8466,6.8466,6.8466,6.8466,6.8466,6.8466,6.8466,6.8466,6.8466,6.8466,6.8466,6.8466,6.8466,6.8466,6.8466,6.8466,6.8466,6.8466,6.8466,6.8466,6.8466,6.8466,6.8466,6.8466,6.8466,6.8466,6.8466,6.8466,6.8466,6.8466,6.8466,6.8466,6.8466,6.8466,6.8466,6.8466,6.8466,6.8466,6.8466,6.8466,6.8466,6.8466,6.8466,6.8466,6.8466,6.8466,6.8466,6.8466,6.8466,6.8466,6.8466,6.8466,6.8466,6.8466,6.8466,6.8466,6.8466,6.8466,6.8466,6.8466,6.8466,6.8466,6.8466,6.8466,6.8466,6.8466,6.8466,6.8466,6.8466,6.8466,6.8466,6.8466,6.8466,6.8466,6.8466,6.8466,6.8466,6.8466,6.8466,6.8466,6.8466,6.8466,6.8466,6.8466,6.8466,6.8466,6.8466,6.8466,6.8466,6.8466,6.8466,6.8466,6.8466,6.8466,6.8466,6.8466,6.8466,6.8466,6.8466,6.8466,6.8466,6.8466,6.8466,6.8466,6.8466,6.8466,6.8466,6.8466,6.8466,6.8466,6.8466,6.8466,6.8466,6.8466,6.8466,6.8466,6.8466,6.8466,6.8466,6.8466,6.8466,6.8466,6.8466,6.8466,6.8466,6.8466,6.8466,6.8466,6.8466,6.8466,6.8463,6.8463,6.8463,6.8463,6.8463,6.8463,6.8463,6.8463,6.8463,6.8463,6.8463,6.8463,6.8463,6.8463,6.8463,6.8463,6.8463,6.8463,6.8463,6.8463,6.8463,6.8463,6.8463,6.8463,6.8463,6.8463,6.8463,6.8463,6.8463,6.8463,6.8463,6.8463,6.8463,6.8463,6.8463,6.8463,6.8463,6.8463,6.8463,6.8463,6.8463,6.8463,6.8463,6.8463,6.8463,6.8463,6.8463,6.8463,6.8463,6.8463,6.8463,6.8463,6.8463,6.8463,6.8463,6.8463,6.8463,6.8463,6.8463,6.8463,6.8463,6.8463,6.8463,6.8463,6.8463,6.8463,6.8463,6.8463,6.8463,6.8463,6.8463,6.8463,6.8463,6.8463,6.8463,6.8463,6.8463,6.8463,6.8463,6.8463,6.8463,6.8463,6.8463,6.8463,6.8463,6.8463,6.8463,6.8463,6.8463,6.8463,6.8463,6.8463,6.8463,6.8463,6.8463,6.8463,6.8463,6.8463,6.8463,6.8463,6.8463,6.8463,6.8463,6.8463,6.8463,6.8463,6.8463,6.8463,6.8463,6.8463,6.8463,6.8463,6.8463,6.8463,6.8463,6.8463,6.8463,6.8463,6.8463,6.8463,6.8463,6.8463,6.8463,6.8463,6.8463,6.8463,6.8463,6.8463,6.8463,6.8463,6.8463,6.8463,6.8463,6.8463,6.8463,6.8463,6.8463,6.8463,6.8463,6.8463,6.8463,6.8463,6.8463,6.8463,6.8463,6.8463,6.8463,6.8463,6.8463,6.8463,6.8463,6.8463,6.8463,6.8463,6.8463,6.8463,6.8463,6.8463,6.8463,6.8463,6.8463,6.8463,6.8463,6.8463,6.8463,6.8463,6.8463,6.8463,6.8463,6.8463,6.8463,6.8463,6.8463,6.8463,6.8463,6.8463,6.8463,6.8463,6.8463,6.8463,6.8463,6.8463,6.8463,6.8463,6.8463,6.8463,6.8463,6.8463,6.8463,6.8463,6.8463,6.8463,6.8463,6.8463,6.8463,6.8463,6.8463,6.8463,6.8463,6.8463,6.8463,6.8463,6.8463,6.8463,6.8463,6.8463,6.8463,6.8463,6.8463,6.8463,6.8463,6.8463,6.8463,6.8463,6.8463,6.8463,6.8463,6.8463,6.8463,6.8463,6.8463,6.8463,6.8463,6.8463,6.8463,6.8463,6.8463,6.8463,6.8463,6.8463,6.8463,6.8463,6.8463,6.8463,6.8463,6.8463,6.8463,6.8463,6.8463,6.8463,6.8463,6.8463,6.8463,6.8463,6.8463,6.8463,6.8463,6.8463,6.8463,6.8463,6.8463,6.8463,6.8463,6.8463,6.8463,6.8463,6.8463,6.8463,6.8463,6.8463,6.8463,6.8463,6.8463,6.8463,6.8463,6.8463,6.8463,6.8463,6.8463,6.8463,6.8463,6.8463,6.8463,6.8463,6.8463,6.8463,6.8463,6.8463,6.8463,6.8463,6.8463,6.8463,6.8463,6.8463,6.8463,6.8463,6.8463,6.8463,6.8463,6.8463,6.8463,6.8463,6.8463,6.8463,6.8463,6.8463,6.8463,6.8463,6.8463,6.8463,6.8463,6.8463,6.8463,6.8463,6.8463,6.8463,6.8463,6.8463,6.8463,6.8463,6.8463,6.8463,6.8463,6.8463,6.8463,6.8463,6.8463,6.8463,6.8463,6.8463,6.8463,6.8463,6.8463,6.8463,6.8463,6.8463,6.8463,6.8463,6.8463,6.8463,6.8463,6.8463,6.8463,6.8463,6.8463,6.8463,6.8463,6.8463,6.8463,6.8463,6.8463,6.8463,6.8463,6.8463,6.8463,6.8463,6.8463,6.8463,6.8463,6.8463,6.8463,6.8463,6.8463,6.8463,6.8463,6.8463,6.8463,6.8463,6.8463,6.8463,6.8463,6.8463,6.8463,6.8463,6.8463,6.8463,6.8463,6.8463,6.8463,6.8463,6.8463,6.8463,6.8463,6.8463,6.8463,6.8463,6.8463,6.8463,6.8463,6.8463,6.8463,6.8463,6.8463,6.8463,6.8463,6.8463,6.8463,6.8463,6.8463,6.8463,6.8463,6.8463,6.8463,6.8463,6.8463,6.8463,6.8463,6.8463,6.8463,6.8463,6.8463,6.8463,6.8463,6.8463,6.8463,6.8463,6.8463,6.8463,6.8463,6.8463,6.8463,6.8463,6.8463,6.8463,6.8463,6.8463,6.8463,6.8463,6.8463,6.8463,6.8463,6.8463,6.8463,6.8463,6.8463,6.8463,6.8463,6.8463,6.8463,6.8463,6.8463,6.8463,6.8463,6.8463,6.8463,6.8463,6.8463,6.8463,6.8463,6.8463,6.8463,6.8463,6.8463,6.8463,6.8463,6.8463,6.8463,6.8463,6.8463,6.8463,6.8463,6.8463,6.8463,6.8463,6.8463,6.8463,6.8463,6.8463,6.8463,6.8463,6.8463,6.8463,6.8463,6.8463,6.8463,6.8463,6.8463,6.8463,6.8463,6.8463,6.8463,6.8463,6.8463,6.8463,6.8463,6.8463,6.8463,6.8463,6.8463,6.8463,6.8463,6.8463,6.8463,6.8463,6.8463,6.8463,6.8463,6.8463,6.8463,6.8463,6.8463,6.8463,6.8463,6.8463,6.8463,6.8463,6.8463,6.8463,6.8463,6.8463,6.8463,6.8463,6.8463,6.8463,6.8463,6.8463,6.8463,6.8463,6.8463,6.8463,6.8463,6.8463,6.8463,6.8463,6.8463,6.8463,6.8463,6.8463,6.8463,6.8463,6.8463,6.8463,6.8463,6.8463,6.8463,6.8463,6.8463,6.8463,6.8463,6.8463,6.8463,6.8463,6.8463,6.8463,6.8463,6.8463,6.8463,6.8463,6.8463,6.8463,6.8463,6.8463,6.8463,6.8463,6.8463,6.8463,6.8463,6.8463,6.8463,6.8463,6.8463,6.8463,6.8463,6.8463,6.8463,6.8463,6.8463,6.8463,6.8463,6.8463,6.8463,6.8463,6.8463,6.8463,6.8463,6.8463,6.8463,6.8463,6.8463,6.8463,6.8463,6.8463,6.8463,6.8463,6.8463,6.8463,6.8463,6.8463,6.8463,6.8463,6.8463,6.8463,6.8463,6.8463,6.8463,6.8463,6.8463,6.8463,6.8463,6.8463,6.8463,6.8463,6.8463,6.8463,6.8463,6.8463,6.8463,6.8463,6.8463,6.8463,6.8463,6.8463,6.8463,6.8463,6.8463,6.8463,6.8463,6.8463,6.8463,6.8463,6.8463,6.8463,6.8463,6.8463,6.8463,6.8463,6.8463,6.8463,6.8463,6.8463,6.8463,6.8463,6.8463,6.8463,6.8463,6.8463,6.8463,6.8463,6.8463,6.8463,6.8463,6.8463,6.8463,6.8463,6.8463,6.8463,6.8463,6.8463,6.8463,6.8463,6.8463,6.8463,6.8463,6.8463,6.8463,6.8463,6.8463,6.8463,6.8463,6.8463,6.8463,6.8463,6.8463,6.8463,6.8463,6.8463,6.8463,6.8463,6.8463,6.8463,6.8463,6.8463,6.8463,6.8463,6.8463,6.8463,6.8463,6.8463,6.8463,6.8463,6.8463,6.8463,6.8463,6.8463,6.8463,6.8463,6.8463,6.8463,6.8463,6.8463,6.8463,6.8463,6.8463,6.8463,6.8463,6.8463,6.8463,6.8463,6.8463,6.8463,6.8463,6.8463,6.8463,6.8463,6.8463,6.8463,6.8463,6.8463,6.8463,6.8463,6.8463,6.8463,6.8463,6.8463,6.8463,6.8463,6.8463,6.8463,6.8463,6.8463,6.8463,6.8463,6.8463,6.8463,6.8463,6.8463,6.8463,6.8463,6.8463,6.8463,6.8463,6.8463,6.8463,6.8463,6.8463,6.8463,6.8463,6.8463,6.8463,6.8463,6.8463,6.8463
6.8410,6.8410,6.8410,6.8410,6.8410,6.8410,6.8410,6.8410,6.8410,6.8410,6.8410,6.8410,6.8410,6.8410,6.8410,6.8410,6.8410,6.8410,6.8410,6.8410,6.8410,6.8410,6.8410,6.8410,6.8410,6.8410,6.8410,6.8410,6.8410,6.8410,6.8410,6.8410,6.8410,6.8410,6.8410,6.8410,6.8410,6.8410,6.8410,6.8410,6.8410,6.8410,6.8410,6.8410,6.8410,6.8410,6.8410,6.8410,6.8410,6.8410,6.8410,6.8410,6.8410,6.8410,6.8410,6.8410,6.8410,6.8410,6.8410,6.8410,6.8410,6.8410,6.8410,6.8410,6.8410,6.8410,6.8410,6.8410,6.8410,6.8410,6.8410,6.8410,6.8410,6.8410,6.8410,6.8410,6.8410,6.8410,6.8410,6.8410,6.8410,6.8410,6.8410,6.8410,6.8410,6.8410,6.8410,6.8410,6.8410,6.8410,6.8410,6.8410,6.8410,6.8410,6.8410,6.8410,6.8410,6.8410,6.8410,6.8410,6.8410,6.8410,6.8410,6.8410,6.8410,6.8410,6.8410,6.8410,6.8410,6.8410,6.8410,6.8410,6.8410,6.8410,6.8410,6.8410,6.8410,6.8410,6.8410,6.8410,6.8410,6.8410,6.8410,6.8410,6.8410,6.8410,6.8410,6.8410,6.8410,6.8410,6.8410,6.8410,6.8410,6.8410,6.8410,6.8410,6.8410,6.8410,6.8410,6.8410,6.8410,6.8410,6.8410,6.8410,6.8410,6.8410,6.8410,6.8410,6.8410,6.8410,6.8410,6.8410,6.8410,6.8410,6.8410,6.8410,6.8410,6.8410,6.8410,6.8410,6.8410,6.8410,6.8410,6.8410,6.8410,6.8410,6.8410,6.8410,6.8410,6.8410,6.8410,6.8410,6.8410,6.8410,6.8410,6.8410,6.8410,6.8410,6.8410,6.8410,6.8410,6.8410,6.8410,6.8410,6.8410,6.8410,6.8410,6.8410,6.8410,6.8410,6.8410,6.8410,6.8410,6.8410,6.8410,6.8410,6.8410,6.8410,6.8410,6.8410,6.8410,6.8410,6.8410,6.8410,6.8410,6.8410,6.8410,6.8410,6.8410,6.8410,6.8410,6.8410,6.8410,6.8410,6.8410,6.8410,6.8410,6.8410,6.8410,6.8410,6.8410,6.8410,6.8410,6.8410,6.8410,6.8410,6.8410,6.8410,6.8410,6.8410,6.8410,6.8410,6.8410,6.8410,6.8410,6.8410,6.8410,6.8410,6.8416,6.8416,6.8416,6.8416,6.8416,6.8416,6.8416,6.8416,6.8416,6.8416,6.8416,6.8416,6.8416,6.8416,6.8416,6.8416,6.8416,6.8416,6.8416,6.8416,6.8416,6.8416,6.8416,6.8416,6.8416,6.8416,6.8416,6.8416,6.8416,6.8416,6.8416,6.8416,6.8416,6.8416,6.8416,6.8416,6.8416,6.8416,6.8416,6.8416,6.8416,6.8416,6.8416,6.8416,6.8416,6.8416,6.8416,6.8416,6.8416,6.8416,6.8416,6.8416,6.8416,6.8416,6.8416,6.8416,6.8416,6.8416,6.8416,6.8416,6.8416,6.8416,6.8416,6.8416,6.8416,6.8416,6.8416,6.8416,6.8416,6.8416,6.8416,6.8416,6.8416,6.8416,6.8416,6.8416,6.8416,6.8416,6.8416,6.8416,6.8416,6.8416,6.8416,6.8416,6.8416,6.8416,6.8416,6.8416,6.8416,6.8416,6.8416,6.8416,6.8416,6.8416,6.8416,6.8416,6.8416,6.8416,6.8416,6.8416,6.8416,6.8416,6.8416,6.8416,6.8416,6.8416,6.8416,6.8416,6.8416,6.8416,6.8416,6.8416,6.8416,6.8416,6.8416,6.8416,6.8416,6.8416,6.8416,6.8416,6.8416,6.8416,6.8416,6.8416,6.8416,6.8416,6.8416,6.8416,6.8416,6.8416,6.8416,6.8416,6.8416,6.8416,6.8416,6.8416,6.8416,6.8416,6.8416,6.8416,6.8416,6.8416,6.8416,6.8416,6.8416,6.8416,6.8416,6.8416,6.8416,6.8416,6.8416,6.8416,6.8416,6.8416,6.8416,6.8416,6.8416,6.8416,6.8416,6.8416,6.8416,6.8416,6.8416,6.8416,6.8416,6.8416,6.8416,6.8416,6.8416,6.8416,6.8416,6.8416,6.8416,6.8416,6.8416,6.8416,6.8416,6.8416,6.8416,6.8416,6.8416,6.8416,6.8416,6.8416,6.8416,6.8416,6.8416,6.8416,6.8416,6.8416,6.8416,6.8416,6.8416,6.8416,6.8416,6.8416,6.8416,6.8416,6.8416,6.8416,6.8416,6.8416,6.8416,6.8416,6.8416,6.8416,6.8416,6.8416,6.8416,6.8416,6.8416,6.8416,6.8416,6.8416,6.8416,6.8416,6.8416,6.8416,6.8416,6.8416,6.8416,6.8416,6.8416,6.8416,6.8416,6.8416,6.8416,6.8416,6.8416,6.8416,6.8416,6.8416,6.8416,6.8416,6.8416,6.8416,6.8416,6.8416,6.8416,6.8416,6.8416,6.8416,6.8416,6.8416,6.8416,6.8416,6.8416,6.8416,6.8416,6.8416,6.8416,6.8416,6.8416,6.8416,6.8416,6.8416,6.8416,6.8416,6.8416,6.8416,6.8416,6.8416,6.8416,6.8416,6.8416,6.8416,6.8416,6.8416,6.8416,6.8416,6.8416,6.8416,6.8416,6.8416,6.8416,6.8416,6.8416,6.8416,6.8416,6.8416,6.8416,6.8416,6.8416,6.8416,6.8416,6.8416,6.8416,6.8416,6.8416,6.8416,6.8416,6.8416,6.8416,6.8416,6.8416,6.8416,6.8416,6.8416,6.8416,6.8416,6.8416,6.8416,6.8416,6.8416,6.8416,6.8416,6.8416,6.8416,6.8416,6.8416,6.8416,6.8416,6.8416,6.8416,6.8416,6.8416,6.8416,6.8416,6.8416,6.8416,6.8416,6.8416,6.8416,6.8416,6.8416,6.8416,6.8416,6.8416,6.8416,6.8416,6.8416,6.8416,6.8416,6.8416,6.8416,6.8416,6.8416,6.8416,6.8416,6.8416,6.8416,6.8416,6.8416,6.8416,6.8416,6.8416,6.8416,6.8416,6.8416,6.8416,6.8416,6.8416,6.8416,6.8416,6.8416,6.8416,6.8416,6.8416,6.8416,6.8416,6.8416,6.8416,6.8416,6.8416,6.8416,6.8416,6.8416,6.8416,6.8416,6.8416,6.8416,6.8416,6.8416,6.8416,6.8416,6.8416,6.8416,6.8416,6.8416,6.8416,6.8416,6.8416,6.8416,6.8416,6.8416,6.8416,6.8416,6.8416,6.8416,6.8416,6.8416,6.8416,6.8416,6.8416,6.8416,6.8416,6.8416,6.8416,6.8416,6.8416,6.8416,6.8416,6.8416,6.8416,6.8416,6.8416,6.8416,6.8416,6.8416,6.8416,6.8416,6.8416,6.8416,6.8416,6.8416,6.8416,6.8416,6.8416,6.8416,6.8416,6.8416,6.8416,6.8416,6.8416,6.8416,6.8416,6.8416,6.8416,6.8416,6.8416,6.8416,6.8416,6.8416,6.8416,6.8416,6.8416,6.8416,6.8416,6.8416,6.8416,6.8416,6.8416,6.8416,6.8416,6.8416,6.8416,6.8416,6.8416,6.8416,6.8416,6.8416,6.8416,6.8416,6.8416,6.8416,6.8416,6.8416,6.8416,6.8416,6.8416,6.8416,6.8416,6.8416,6.8416,6.8416,6.8416,6.8416,6.8416,6.8416,6.8416,6.8416,6.8416,6.8416,6.8416,6.8416,6.8416,6.8416,6.8416,6.8416,6.8416,6.8416,6.8416,6.8416,6.8416,6.8416,6.8416,6.8416,6.8416,6.8416,6.8416,6.8416,6.8416,6.8416,6.8416,6.8416,6.8416,6.8416,6.8416,6.8416,6.8416,6.8416,6.8416,6.8416,6.8416,6.8416,6.8416,6.8416,6.8416,6.8416,6.8416,6.8416,6.8416,6.8416,6.8416,6.8416,6.8416,6.8416,6.8416,6.8416,6.8416,6.8416,6.8416,6.8416,6.8416,6.8416,6.8416,6.8416,6.8416,6.8416,6.8416,6.8416,6.8416,6.8416,6.8416,6.8416,6.8416,6.8416,6.8416,6.8416,6.8416,6.8416,6.8416,6.8416,6.8416,6.8416,6.8416,6.8416,6.8416,6.8416,6.8416,6.8416,6.8416,6.8416,6.8416,6.8416,6.8416,6.8416,6.8416,6.8416,6.8416,6.8416,6.8416,6.8416,6.8416,6.8416,6.8416,6.8416,6.8416,6.8416,6.8416,6.8416,6.8416,6.8416,6.8416,6.8416,6.8416,6.8416,6.8416,6.8416,6.8416,6.8416,6.8416,6.8416,6.8416,6.8416,6.8416,6.8416,6.8416,6.8416,6.8416,6.8416,6.8416,6.8416,6.8416,6.8416,6.8416,6.8416,6.8416,6.8416,6.8416,6.8416,6.8416,6.8416,6.8416,6.8416,6.8416,6.8416,6.8416,6.8416,6.8416,6.8416,6.8416,6.8416,6.8416,6.8416,6.8416,6.8416,6.8416,6.8416,6.8416,6.8416,6.8416,6.8416,6.8416,6.8416,6.8416,6.8416,6.8416,6.8416,6.8416,6.8416,6.8416,6.8416,6.8416,6.8416,6.8416,6.8416,6.8416,6.8416,6.8416,6.8416,6.8416,6.8416,6.8416,6.8416,6.8416,6.8416,6.8416,6.8416,6.8416,6.8416,6.8416,6.8416,6.8416,6.8416,6.8416,6.8416,6.8416,6.8416,6.8416,6.8416,6.8416,6.8416,6.8416,6.8416,6.8416,6.8416,6.8416,6.8416,6.8416,6.8416,6.8416,6.8416,6.8416,6.8416,6.8416,6.8416,6.8416,6.8416,6.8416,6.8416,6.8416,6.8416,6.8416,6.8416,6.8416,6.8416,6.8416,6.8416,6.8416,6.8416,6.8416,6.8416,6.8416,6.8416,6.8416,6.8416,6.8416,6.8416,6.8416,6.8416,6.8416,6.8416,6.8416,6.8416,6.8416,6.8416,6.8416,6.8416,6.8416,6.8416,6.8416,6.8416,6.8416,6.8416,6.8416,6.8416,6.8416,6.8416,6.8416,6.8416,6.8416
6.8357,6.8357,6.8357,6.8357,6.8357,6.8357,6.8357,6.8357,6.8357,6.8357,6.8357,6.8357,6.8357,6.8357,6.8357,6.8357,6.8357,6.8357,6.8357,6.8357,6.8357,6.8357,6.8363,6.8363,6.8363,6.8363,6.8363,6.8363,6.8363,6.8363,6.8363,6.8363,6.8363,6.8363,6.8363,6.8363,6.8363,6.8363,6.8363,6.8363,6.8363,6.8363,6.8363,6.8363,6.8363,6.8363,6.8363,6.8363,6.8363,6.8363,6.8363,6.8363,6.8363,6.8363,6.8363,6.8363,6.8363,6.8363,6.8363,6.8363,6.8363,6.8363,6.8363,6.8363,6.8363,6.8363,6.8363,6.8363,6.8363,6.8363,6.8363,6.8363,6.8363,6.8363,6.8363,6.8363,6.8363,6.8363,6.8363,6.8363,6.8363,6.8363,6.8363,6.8363,6.8363,6.8363,6.8363,6.8363,6.8363,6.8363,6.8363,6.8363,6.8363,6.8363,6.8363,6.8363,6.8363,6.8363,6.8363,6.8363,6.8363,6.8363,6.8363,6.8363,6.8363,6.8363,6.8363,6.8363,6.8363,6.8363,6.8363,6.8363,6.8363,6.8363,6.8363,6.8363,6.8363,6.8363,6.8363,6.8363,6.8363,6.8363,6.8363,6.8363,6.8363,6.8363,6.8363,6.8363,6.8363,6.8363,6.8363,6.8363,6.8363,6.8363,6.8363,6.8363,6.8363,6.8363,6.8363,6.8363,6.8363,6.8363,6.8363,6.8363,6.8363,6.8363,6.8363,6.8363,6.8363,6.8363,6.8363,6.8363,6.8363,6.8363,6.8363,6.8363,6.8363,6.8363,6.8363,6.8363,6.8363,6.8363,6.8363,6.8363,6.8363,6.8363,6.8363,6.8363,6.8363,6.8363,6.8363,6.8363,6.8363,6.8363,6.8363,6.8363,6.8363,6.8363,6.8363,6.8363,6.8363,6.8363,6.8363,6.8363,6.8363,6.8363,6.8363,6.8363,6.8363,6.8363,6.8363,6.8363,6.8363,6.8363,6.8363,6.8363,6.8363,6.8363,6.8363,6.8363,6.8363,6.8363,6.8363,6.8363,6.8363,6.8363,6.8363,6.8363,6.8363,6.8363,6.8363,6.8363,6.8363,6.8363,6.8363,6.8363,6.8363,6.8363,6.8363,6.8363,6.8363,6.8363,6.8363,6.8363,6.8363,6.8363,6.8363,6.8363,6.8363,6.8363,6.8363,6.8363,6.8363,6.8363,6.8363,6.8363,6.8363,6.8363,6.8363,6.8363,6.8363,6.8363,6.8363,6.8363,6.8363,6.8363,6.8363,6.8363,6.8363,6.8363,6.8363,6.8363,6.8363,6.8363,6.8363,6.8363,6.8363,6.8363,6.8363,6.8363,6.8363,6.8363,6.8363,6.8363,6.8363,6.8363,6.8363,6.8363,6.8363,6.8363,6.8363,6.8363,6.8363,6.8363,6.8363,6.8363,6.8363,6.8363,6.8363,6.8363,6.8363,6.8363,6.8363,6.8363,6.8363,6.8363,6.8363,6.8363,6.8363,6.8363,6.8363,6.8363,6.8363,6.8363,6.8363,6.8363,6.8363,6.8363,6.8363,6.8363,6.8363,6.8363,6.8363,6.8363,6.8363,6.8363,6.8363,6.8363,6.8363,6.8363,6.8363,6.8363,6.8363,6.8363,6.8363,6.8363,6.8363,6.8363,6.8363,6.8363,6.8363,6.8363,6.8363,6.8363,6.8363,6.8363,6.8363,6.8363,6.8363,6.8363,6.8363,6.8363,6.8363,6.8363,6.8363,6.8363,6.8363,6.8363,6.8363,6.8363,6.8363,6.8363,6.8363,6.8363,6.8363,6.8363,6.8363,6.8363,6.8363,6.8363,6.8363,6.8363,6.8363,6.8363,6.8363,6.8363,6.8363,6.8363,6.8363,6.8363,6.8363,6.8363,6.8363,6.8363,6.8363,6.8363,6.8363,6.8363,6.8363,6.8363,6.8363,6.8363,6.8363,6.8363,6.8363,6.8363,6.8363,6.8363,6.8363,6.8363,6.8363,6.8363,6.8363,6.8363,6.8363,6.8363,6.8363,6.8363,6.8363,6.8363,6.8363,6.8363,6.8363,6.8363,6.8363,6.8363,6.8363,6.8363,6.8363,6.8363,6.8363,6.8363,6.8363,6.8363,6.8363,6.8363,6.8363,6.8363,6.8363,6.8363,6.8363,6.8363,6.8363,6.8363,6.8363,6.8363,6.8363,6.8363,6.8363,6.8363,6.8363,6.8363,6.8363,6.8363,6.8363,6.8363,6.8363,6.8363,6.8363,6.8363,6.8363,6.8363,6.8363,6.8363,6.8363,6.8363,6.8363,6.8363,6.8363,6.8363,6.8363,6.8363,6.8363,6.8363,6.8363,6.8363,6.8363,6.8363,6.8363,6.8363,6.8363,6.8363,6.8363,6.8363,6.8363,6.8363,6.8363,6.8363,6.8363,6.8363,6.8363,6.8363,6.8363,6.8363,6.8363,6.8363,6.8363,6.8363,6.8363,6.8363,6.8363,6.8363,6.8363,6.8363,6.8363,6.8363,6.8363,6.8363,6.8363,6.8363,6.8363,6.8363,6.8363,6.8363,6.8363,6.8363,6.8363,6.8363,6.8363,6.8363,6.8363,6.8363,6.8363,6.8363,6.8363,6.8363,6.8363,6.8363,6.8363,6.8363,6.8363,6.8363,6.8363,6.8363,6.8363,6.8363,6.8363,6.8363,6.8363,6.8363,6.8363,6.8363,6.8363,6.8363,6.8363,6.8363,6.8363,6.8363,6.8363,6.8363,6.8363,6.8363,6.8363,6.8363,6.8363,6.8363,6.8363,6.8363,6.8363,6.8363,6.8363,6.8363,6.8363,6.8363,6.8363,6.8363,6.8363,6.8363,6.8363,6.8363,6.8363,6.8363,6.8363,6.8363,6.8363,6.8363,6.8363,6.8363,6.8363,6.8363,6.8363,6.8363,6.8363,6.8363,6.8363,6.8363,6.8363,6.8363,6.8363,6.8363,6.8363,6.8363,6.8363,6.8363,6.8363,6.8363,6.8363,6.8363,6.8363,6.8363,6.8363,6.8363,6.8363,6.8363,6.8363,6.8363,6.8363,6.8363,6.8363,6.8363,6.8363,6.8363,6.8363,6.8363,6.8363,6.8363,6.8363,6.8363,6.8363,6.8363,6.8363,6.8363,6.8363,6.8363,6.8363,6.8363,6.8363,6.8363,6.8363,6.8363,6.8363,6.8363,6.8363,6.8363,6.8363,6.8363,6.8363,6.8363,6.8363,6.8363,6.8363,6.8363,6.8363,6.8363,6.8363,6.8363,6.8363,6.8363,6.8363,6.8363,6.8363,6.8363,6.8363,6.8363,6.8363,6.8363,6.8363,6.8363,6.8363,6.8363,6.8363,6.8363,6.8363,6.8363,6.8363,6.8363,6.8363,6.8363,6.8363,6.8363,6.8363,6.8363,6.8363,6.8363,6.8363,6.8363,6.8363,6.8363,6.8363,6.8363,6.8363,6.8363,6.8363,6.8363,6.8363,6.8363,6.8363,6.8363,6.8363,6.8363,6.8363,6.8363,6.8363,6.8363,6.8363,6.8363,6.8363,6.8363,6.8363,6.8363,6.8363,6.8363,6.8363,6.8363,6.8363,6.8363,6.8363,6.8363,6.8363,6.8363,6.8363,6.8363,6.8363,6.8363,6.8363,6.8363,6.8363,6.8363,6.8363,6.8363,6.8363,6.8363,6.8363,6.8363,6.8363,6.8363,6.8363,6.8363,6.8363,6.8363,6.8363,6.8363,6.8363,6.8363,6.8363,6.8363,6.8363,6.8363,6.8363,6.8363,6.8363,6.8363,6.8363,6.8363,6.8363,6.8363,6.8363,6.8363,6.8363,6.8363,6.8363,6.8363,6.8363,6.8363,6.8363,6.8363,6.8363,6.8363,6.8363,6.8363,6.8363,6.8363,6.8363,6.8363,6.8363,6.8363,6.8363,6.8363,6.8363,6.8363,6.8363,6.8363,6.8363,6.8363,6.8363,6.8363,6.8363,6.8363,6.8363,6.8363,6.8363,6.8363,6.8363,6.8363,6.8363,6.8363,6.8363,6.8363,6.8363,6.8363,6.8363,6.8363,6.8363,6.8363,6.8363,6.8363,6.8363,6.8363,6.8363,6.8363,6.8363,6.8363,6.8363,6.8363,6.8363,6.8363,6.8363,6.8363,6.8363,6.8363,6.8363,6.8363,6.8363,6.8363,6.8363,6.8363,6.8363,6.8363,6.8363,6.8363,6.8363,6.8363,6.8363,6.8363,6.8363,6.8363,6.8363,6.8363,6.8363,6.8363,6.8363,6.8363,6.8363,6.8363,6.8363,6.8363,6.8363,6.8363,6.8363,6.8363,6.8363,6.8363,6.8363,6.8363,6.8363,6.8363,6.8363,6.8363,6.8363,6.8363,6.8363,6.8363,6.8363,6.8363,6.8363,6.8363,6.8363,6.8363,6.8363,6.8363,6.8363,6.8363,6.8363,6.8363,6.8363,6.8363,6.8363,6.8363,6.8363,6.8363,6.8363,6.8363,6.8363,6.8363,6.8363,6.8363,6.8363,6.8363,6.8363,6.8363,6.8363,6.8363,6.8363,6.8363,6.8363,6.8363,6.8363,6.8363,6.8363,6.8363,6.8363,6.8363,6.8363,6.8363,6.8363,6.8363,6.8363,6.8363,6.8363,6.8363,6.8363,6.8363,6.8363,6.8363,6.8363,6.8363,6.8363,6.8363,6.8363,6.8363,6.8363,6.8363,6.8363,6.8363,6.8363,6.8363,6.8363,6.8363,6.8363,6.8363,6.8363,6.8363,6.8363,6.8363,6.8363,6.8363,6.8363,6.8363,6.8363,6.8363,6.8363,6.8363,6.8363,6.8363,6.8363,6.8363,6.8363,6.8363,6.8363,6.8363,6.8363,6.8363,6.8363,6.8363,6.8363,6.8363,6.8363,6.8363,6.8363,6.8363,6.8363,6.8363,6.8363,6.8363,6.8363,6.8363,6.8363,6.8363,6.8363,6.8363,6.8363,6.8363,6.8363,6.8363,6.8363,6.8363,6.8363,6.8363,6.8363,6.8363,6.8363,6.8363,6.8363,6.8363,6.8363,6.8363,6.8363,6.8363,6.8363,6.8363,6.8363,6.8363,6.8363,6.8363,6.8363,6.8363,6.8363,6.8363,6.8363,6.8363
6.8304,6.8304,6.8304,6.8304,6.8304,6.8304,6.8304,6.8304,6.8304,6.8304,6.8304,6.8304,6.8304,6.8304,6.8304,6.8304,6.8304,6.8304,6.8304,6.8304,6.8304,6.8304,6.8304,6.8304,6.8304,6.8304,6.8304,6.8304,6.8304,6.8304,6.8304,6.8304,6.8304,6.8304,6.8304,6.8304,6.8304,6.8304,6.8304,6.8304,6.8304,6.8304,6.8304,6.8304,6.8304,6.8304,6.8304,6.8304,6.8304,6.8304,6.8304,6.8304,6.8304,6.8304,6.8304,6.8304,6.8304,6.8304,6.8304,6.8304,6.8304,6.8304,6.8304,6.8304,6.8304,6.8304,6.8304,6.8304,6.8304,6.8304,6.8304,6.8304,6.8304,6.8304,6.8304,6.8304,6.8304,6.8304,6.8304,6.8304,6.8304,6.8304,6.8304,6.8304,6.8304,6.8304,6.8304,6.8304,6.8304,6.8304,6.8304,6.8304,6.8304,6.8304,6.8304,6.8304,6.8304,6.8304,6.8304,6.8304,6.8304,6.8304,6.8304,6.8304,6.8304,6.8304,6.8304,6.8304,6.8304,6.8304,6.8304,6.8304,6.8304,6.8304,6.8304,6.8304,6.8304,6.8304,6.8304,6.8304,6.8304,6.8304,6.8304,6.8304,6.8304,6.8304,6.8304,6.8304,6.8304,6.8304,6.8304,6.8304,6.8304,6.8304,6.8304,6.8304,6.8304,6.8304,6.8304,6.8304,6.8304,6.8304,6.8304,6.8304,6.8304,6.8304,6.8304,6.8304,6.8304,6.8304,6.8304,6.8304,6.8304,6.8304,6.8304,6.8304,6.8304,6.8304,6.8304,6.8304,6.8304,6.8304,6.8304,6.8304,6.8304,6.8304,6.8304,6.8304,6.8304,6.8304,6.8304,6.8304,6.8304,6.8304,6.8304,6.8304,6.8304,6.8304,6.8304,6.8304,6.8304,6.8304,6.8304,6.8304,6.8304,6.8304,6.8304,6.8304,6.8304,6.8304,6.8304,6.8304,6.8304,6.8304,6.8304,6.8304,6.8304,6.8304,6.8304,6.8304,6.8304,6.8304,6.8304,6.8304,6.8304,6.8304,6.8304,6.8304,6.8304,6.8304,6.8304,6.8304,6.8304,6.8304,6.8304,6.8304,6.8304,6.8304,6.8304,6.8304,6.8304,6.8304,6.8304,6.8304,6.8304,6.8304,6.8304,6.8304,6.8304,6.8304,6.8304,6.8304,6.8304,6.8304,6.8304,6.8304,6.8304,6.8304,6.8304,6.8304,6.8304,6.8304,6.8304,6.8304,6.8304,6.8304,6.8304,6.8304,6.8304,6.8304,6.8304,6.8304,6.8304,6.8304,6.8304,6.8304,6.8304,6.8304,6.8304,6.8304,6.8304,6.8304,6.8304,6.8304,6.8304,6.8304,6.8304,6.8304,6.8304,6.8304,6.8304,6.8304,6.8304,6.8304,6.8304,6.8304,6.8304,6.8304,6.8304,6.8304,6.8304,6.8304,6.8304,6.8304,6.8304,6.8304,6.8304,6.8304,6.8304,6.8304,6.8304,6.8304,6.8304,6.8304,6.8304,6.8304,6.8304,6.8304,6.8304,6.8304,6.8304,6.8304,6.8304,6.8304,6.8304,6.8304,6.8304,6.8304,6.8304,6.8304,6.8304,6.8304,6.8304,6.8304,6.8304,6.8304,6.8304,6.8304,6.8304,6.8304,6.8304,6.8304,6.8304,6.8304,6.8304,6.8304,6.8304,6.8304,6.8304,6.8304,6.8304,6.8304,6.8304,6.8304,6.8304,6.8304,6.8304,6.8304,6.8304,6.8304,6.8304,6.8304,6.8304,6.8304,6.8304,6.8304,6.8304,6.8304,6.8304,6.8304,6.8304,6.8304,6.8304,6.8304,6.8304,6.8304,6.8304,6.8304,6.8304,6.8304,6.8304,6.8304,6.8304,6.8304,6.8304,6.8304,6.8304,6.8304,6.8304,6.8304,6.8304,6.8304,6.8304,6.8304,6.8304,6.8304,6.8304,6.8304,6.8304,6.8304,6.8304,6.8304,6.8304,6.8304,6.8304,6.8304,6.8304,6.8304,6.8304,6.8304,6.8304,6.8304,6.8304,6.8304,6.8304,6.8304,6.8304,6.8304,6.8304,6.8304,6.8304,6.8304,6.8304,6.8304,6.8304,6.8304,6.8304,6.8304,6.8304,6.8304,6.8304,6.8304,6.8304,6.8304,6.8304,6.8304,6.8304,6.8304,6.8304,6.8304,6.8304,6.8304,6.8304,6.8304,6.8304,6.8304,6.8304,6.8304,6.8304,6.8304,6.8304,6.8304,6.8304,6.8304,6.8304,6.8304,6.8304,6.8304,6.8304,6.8304,6.8304,6.8304,6.8304,6.8304,6.8304,6.8304,6.8304,6.8304,6.8304,6.8304,6.8304,6.8304,6.8304,6.8304,6.8304,6.8304,6.8304,6.8304,6.8304,6.8304,6.8304,6.8304,6.8304,6.8304,6.8304,6.8304,6.8304,6.8304,6.8304,6.8304,6.8304,6.8304,6.8304,6.8304,6.8304,6.8304,6.8304,6.8304,6.8304,6.8304,6.8304,6.8304,6.8304,6.8304,6.8304,6.8304,6.8304,6.8304,6.8304,6.8304,6.8304,6.8304,6.8304,6.8304,6.8304,6.8304,6.8304,6.8304,6.8304,6.8304,6.8304,6.8304,6.8304,6.8304,6.8304,6.8304,6.8304,6.8304,6.8304,6.8304,6.8304,6.8304,6.8304,6.8304,6.8304,6.8304,6.8304,6.8304,6.8304,6.8304,6.8304,6.8304,6.8304,6.8304,6.8304,6.8304,6.8304,6.8304,6.8304,6.8304,6.8304,6.8304,6.8304,6.8304,6.8304,6.8304,6.8304,6.8304,6.8304,6.8304,6.8304,6.8304,6.8304,6.8304,6.8304,6.8304,6.8304,6.8304,6.8304,6.8304,6.8304,6.8304,6.8304,6.8304,6.8304,6.8304,6.8304,6.8304,6.8304,6.8304,6.8304,6.8304,6.8304,6.8304,6.8304,6.8304,6.8304,6.8310,6.8310,6.8310,6.8310,6.8310,6.8310,6.8310,6.8310,6.8310,6.8310,6.8310,6.8310,6.8310,6.8310,6.8310,6.8310,6.8310,6.8310,6.8310,6.8310,6.8310,6.8310,6.8310,6.8310,6.8310,6.8310,6.8310,6.8310,6.8310,6.8310,6.8310,6.8310,6.8310,6.8310,6.8310,6.8310,6.8310,6.8310,6.8310,6.8310,6.8310,6.8310,6.8310,6.8310,6.8310,6.8310,6.8310,6.8310,6.8310,6.8310,6.8310,6.8310,6.8310,6.8310,6.8310,6.8310,6.8310,6.8310,6.8310,6.8310,6.8310,6.8310,6.8310,6.8310,6.8310,6.8310,6.8310,6.8310,6.8310,6.8310,6.8310,6.8310,6.8310,6.8310,6.8310,6.8310,6.8310,6.8310,6.8310,6.8310,6.8310,6.8310,6.8310,6.8310,6.8310,6.8310,6.8310,6.8310,6.8310,6.8310,6.8310,6.8310,6.8310,6.8310,6.8310,6.8310,6.8310,6.8310,6.8310,6.8310,6.8310,6.8310,6.8310,6.8310,6.8310,6.8310,6.8310,6.8310,6.8310,6.8310,6.8310,6.8310,6.8310,6.8310,6.8310,6.8310,6.8310,6.8310,6.8310,6.8310,6.8310,6.8310,6.8310,6.8310,6.8310,6.8310,6.8310,6.8310,6.8310,6.8310,6.8310,6.8310,6.8310,6.8310,6.8310,6.8310,6.8310,6.8310,6.8310,6.8310,6.8310,6.8310,6.8310,6.8310,6.8310,6.8310,6.8310,6.8310,6.8310,6.8310,6.8310,6.8310,6.8310,6.8310,6.8310,6.8310,6.8310,6.8310,6.8310,6.8310,6.8310,6.8310,6.8310,6.8310,6.8310,6.8310,6.8310,6.8310,6.8310,6.8310,6.8310,6.8310,6.8310,6.8310,6.8310,6.8310,6.8310,6.8310,6.8310,6.8310,6.8310,6.8310,6.8310,6.8310,6.8310,6.8310,6.8310,6.8310,6.8310,6.8310,6.8310,6.8310,6.8310,6.8310,6.8310,6.8310,6.8310,6.8310,6.8310,6.8310,6.8310,6.8310,6.8310,6.8310,6.8310,6.8310,6.8310,6.8310,6.8310,6.8310,6.8310,6.8310,6.8310,6.8310,6.8310,6.8310,6.8310,6.8310,6.8310,6.8310,6.8310,6.8310,6.8310,6.8310,6.8310,6.8310,6.8310,6.8310,6.8310,6.8310,6.8310,6.8310,6.8310,6.8310,6.8310,6.8310,6.8310,6.8310,6.8310,6.8310,6.8310,6.8310,6.8310,6.8310,6.8310,6.8310,6.8310,6.8310,6.8310,6.8310,6.8310,6.8310,6.8310,6.8310,6.8310,6.8310,6.8310,6.8310,6.8310,6.8310,6.8310,6.8310,6.8310,6.8310,6.8310,6.8310,6.8310,6.8310,6.8310,6.8310,6.8310,6.8310,6.8310,6.8310,6.8310,6.8310,6.8310,6.8310,6.8310,6.8310,6.8310,6.8310,6.8310,6.8310,6.8310,6.8310,6.8310,6.8310,6.8310,6.8310,6.8310,6.8310,6.8310,6.8310,6.8310,6.8310,6.8310,6.8310,6.8310,6.8310,6.8310,6.8310,6.8310,6.8310,6.8310,6.8310,6.8310,6.8310,6.8310,6.8310,6.8310,6.8310,6.8310,6.8310,6.8310,6.8310,6.8310,6.8310,6.8310,6.8310,6.8310,6.8310,6.8310,6.8310,6.8310,6.8310,6.8310,6.8310,6.8310,6.8310,6.8310,6.8310,6.8310,6.8310,6.8310,6.8310,6.8310,6.8310,6.8310,6.8310,6.8310,6.8310,6.8310,6.8310,6.8310,6.8310,6.8310,6.8310,6.8310,6.8310,6.8310,6.8310,6.8310,6.8310,6.8310,6.8310,6.8310,6.8310,6.8310,6.8310,6.8310,6.8310,6.8310,6.8310,6.8310,6.8310,6.8310,6.8310,6.8310,6.8310,6.8310,6.8310,6.8310,6.8310,6.8310,6.8310,6.8310,6.8310,6.8310,6.8310,6.8310,6.8310,6.8310,6.8310,6.8310,6.8310,6.8310,6.8310,6.8310,6.8310,6.8310,6.8310,6.8310
6.8254,6.8254,6.8254,6.8254,6.8254,6.8254,6.8254,6.8254,6.8254,6.8254,6.8254,6.8254,6.8254,6.8254,6.8254,6.8254,6.8254,6.8254,6.8254,6.8254,6.8254,6.8254,6.8254,6.8254,6.8254,6.8254,6.8254,6.8254,6.8254,6.8254,6.8254,6.8254,6.8254,6.8254,6.8254,6.8254,6.8254,6.8254,6.8254,6.8254,6.8254,6.8254,6.8254,6.8254,6.8254,6.8254,6.8254,6.8254,6.8254,6.8254,6.8254,6.8254,6.8254,6.8254,6.8254,6.8254,6.8254,6.8254,6.8254,6.8254,6.8254,6.8254,6.8254,6.8254,6.8254,6.8254,6.8254,6.8254,6.8254,6.8254,6.8254,6.8254,6.8254,6.8254,6.8254,6.8254,6.8254,6.8254,6.8254,6.8254,6.8254,6.8254,6.8254,6.8254,6.8254,6.8254,6.8254,6.8254,6.8254,6.8254,6.8254,6.8254,6.8254,6.8254,6.8254,6.8254,6.8254,6.8254,6.8254,6.8254,6.8254,6.8254,6.8254,6.8254,6.8254,6.8254,6.8254,6.8254,6.8254,6.8254,6.8254,6.8254,6.8254,6.8254,6.8254,6.8254,6.8254,6.8254,6.8254,6.8254,6.8254,6.8254,6.8254,6.8254,6.8254,6.8254,6.8254,6.8254,6.8254,6.8254,6.8254,6.8254,6.8254,6.8254,6.8254,6.8254,6.8254,6.8254,6.8254,6.8254,6.8254,6.8254,6.8254,6.8254,6.8254,6.8254,6.8254,6.8254,6.8254,6.8254,6.8254,6.8254,6.8254,6.8254,6.8254,6.8254,6.8254,6.8254,6.8254,6.8254,6.8254,6.8254,6.8254,6.8254,6.8254,6.8254,6.8254,6.8254,6.8254,6.8254,6.8254,6.8254,6.8254,6.8254,6.8254,6.8254,6.8254,6.8254,6.8254,6.8254,6.8254,6.8254,6.8254,6.8254,6.8254,6.8254,6.8254,6.8254,6.8254,6.8254,6.8254,6.8254,6.8254,6.8254,6.8254,6.8254,6.8254,6.8254,6.8254,6.8254,6.8254,6.8254,6.8254,6.8254,6.8254,6.8254,6.8254,6.8254,6.8254,6.8254,6.8254,6.8254,6.8254,6.8254,6.8254,6.8254,6.8254,6.8254,6.8254,6.8254,6.8254,6.8254,6.8254,6.8254,6.8254,6.8254,6.8254,6.8254,6.8254,6.8254,6.8254,6.8254,6.8254,6.8254,6.8254,6.8254,6.8254,6.8254,6.8254,6.8254,6.8254,6.8254,6.8254,6.8254,6.8254,6.8254,6.8254,6.8254,6.8254,6.8254,6.8254,6.8254,6.8254,6.8254,6.8254,6.8254,6.8254,6.8254,6.8254,6.8254,6.8254,6.8254,6.8254,6.8254,6.8254,6.8254,6.8254,6.8254,6.8254,6.8254,6.8254,6.8254,6.8254,6.8254,6.8254,6.8254,6.8254,6.8254,6.8254,6.8254,6.8254,6.8254,6.8254,6.8254,6.8254,6.8254,6.8254,6.8254,6.8254,6.8254,6.8254,6.8254,6.8254,6.8254,6.8254,6.8254,6.8254,6.8254,6.8254,6.8254,6.8254,6.8254,6.8254,6.8254,6.8254,6.8254,6.8254,6.8254,6.8254,6.8254,6.8254,6.8254,6.8254,6.8254,6.8254,6.8254,6.8254,6.8254,6.8254,6.8254,6.8254,6.8254,6.8254,6.8254,6.8254,6.8254,6.8254,6.8254,6.8254,6.8254,6.8254,6.8254,6.8254,6.8254,6.8254,6.8254,6.8254,6.8254,6.8254,6.8254,6.8254,6.8254,6.8254,6.8254,6.8254,6.8254,6.8254,6.8254,6.8254,6.8254,6.8254,6.8254,6.8254,6.8254,6.8254,6.8254,6.8254,6.8254,6.8254,6.8254,6.8254,6.8254,6.8254,6.8254,6.8254,6.8254,6.8254,6.8254,6.8254,6.8254,6.8254,6.8254,6.8254,6.8254,6.8254,6.8254,6.8254,6.8254,6.8254,6.8254,6.8254,6.8254,6.8254,6.8254,6.8254,6.8254,6.8254,6.8254,6.8254,6.8254,6.8254,6.8254,6.8254,6.8254,6.8254,6.8254,6.8254,6.8254,6.8254,6.8254,6.8254,6.8254,6.8254,6.8254,6.8254,6.8254,6.8254,6.8254,6.8254,6.8254,6.8254,6.8254,6.8254,6.8254,6.8254,6.8254,6.8254,6.8254,6.8254,6.8254,6.8254,6.8254,6.8254,6.8254,6.8254,6.8254,6.8254,6.8254,6.8254,6.8254,6.8254,6.8254,6.8254,6.8254,6.8254,6.8254,6.8254,6.8254,6.8254,6.8254,6.8254,6.8254,6.8254,6.8254,6.8254,6.8254,6.8254,6.8254,6.8254,6.8254,6.8254,6.8254,6.8254,6.8254,6.8254,6.8254,6.8254,6.8254,6.8254,6.8254,6.8254,6.8254,6.8254,6.8254,6.8254,6.8254,6.8254,6.8254,6.8254,6.8254,6.8254,6.8254,6.8254,6.8254,6.8254,6.8254,6.8254,6.8254,6.8254,6.8254,6.8254,6.8254,6.8254,6.8254,6.8254,6.8254,6.8254,6.8254,6.8254,6.8254,6.8254,6.8254,6.8254,6.8254,6.8254,6.8254,6.8254,6.8254,6.8254,6.8254,6.8254,6.8254,6.8254,6.8254,6.8254,6.8254,6.8254,6.8254,6.8254,6.8254,6.8254,6.8254,6.8254,6.8254,6.8254,6.8254,6.8254,6.8254,6.8254,6.8254,6.8254,6.8254,6.8254,6.8254,6.8254,6.8254,6.8254,6.8254,6.8254,6.8254,6.8254,6.8254,6.8254,6.8254,6.8254,6.8254,6.8254,6.8254,6.8254,6.8254,6.8254,6.8254,6.8254,6.8254,6.8254,6.8254,6.8254,6.8254,6.8254,6.8254,6.8254,6.8254,6.8254,6.8254,6.8254,6.8254,6.8254,6.8254,6.8254,6.8254,6.8254,6.8254,6.8254,6.8254,6.8254,6.8254,6.8254,6.8254,6.8254,6.8254,6.8254,6.8254,6.8254,6.8254,6.8254,6.8254,6.8254,6.8254,6.8254,6.8254,6.8254,6.8254,6.8254,6.8254,6.8254,6.8254,6.8254,6.8254,6.8254,6.8254,6.8254,6.8254,6.8254,6.8254,6.8254,6.8254,6.8254,6.8254,6.8254,6.8254,6.8254,6.8254,6.8254,6.8254,6.8254,6.8254,6.8254,6.8254,6.8254,6.8254,6.8254,6.8254,6.8254,6.8254,6.8254,6.8254,6.8254,6.8254,6.8254,6.8254,6.8254,6.8254,6.8254,6.8254,6.8254,6.8254,6.8254,6.8254,6.8254,6.8254,6.8254,6.8254,6.8254,6.8254,6.8254,6.8254,6.8254,6.8254,6.8254,6.8254,6.8254,6.8254,6.8254,6.8254,6.8254,6.8254,6.8254,6.8254,6.8254,6.8254,6.8254,6.8254,6.8254,6.8254,6.8254,6.8254,6.8254,6.8254,6.8254,6.8254,6.8254,6.8254,6.8254,6.8254,6.8254,6.8254,6.8254,6.8254,6.8254,6.8254,6.8254,6.8254,6.8254,6.8254,6.8254,6.8254,6.8254,6.8254,6.8254,6.8254,6.8254,6.8254,6.8254,6.8254,6.8254,6.8254,6.8254,6.8254,6.8254,6.8254,6.8254,6.8254,6.8254,6.8254,6.8254,6.8254,6.8254,6.8254,6.8254,6.8254,6.8254,6.8254,6.8254,6.8254,6.8254,6.8254,6.8254,6.8254,6.8254,6.8254,6.8254,6.8254,6.8254,6.8254,6.8254,6.8254,6.8254,6.8254,6.8254,6.8254,6.8254,6.8254,6.8254,6.8254,6.8254,6.8254,6.8254,6.8254,6.8254,6.8254,6.8254,6.8254,6.8254,6.8254,6.8254,6.8254,6.8254,6.8254,6.8254,6.8254,6.8254,6.8254,6.8254,6.8254,6.8254,6.8254,6.8254,6.8254,6.8254,6.8254,6.8254,6.8254,6.8254,6.8254,6.8254,6.8254,6.8254,6.8254,6.8254,6.8254,6.8254,6.8254,6.8254,6.8254,6.8254,6.8254,6.8254,6.8254,6.8254,6.8254,6.8254,6.8254,6.8254,6.8254,6.8254,6.8254,6.8254,6.8254,6.8254,6.8254,6.8254,6.8254,6.8254,6.8254,6.8254,6.8254,6.8254,6.8254,6.8254,6.8254,6.8254,6.8254,6.8254,6.8254,6.8254,6.8254,6.8254,6.8254,6.8254,6.8254,6.8254,6.8254,6.8254,6.8254,6.8254,6.8254,6.8254,6.8254,6.8254,6.8254,6.8254,6.8254,6.8254,6.8254,6.8254,6.8254,6.8254,6.8254,6.8254,6.8254,6.8254,6.8254,6.8254,6.8254,6.8254,6.8254,6.8254,6.8254,6.8254,6.8254,6.8254,6.8254,6.8254,6.8254,6.8254,6.8254,6.8254,6.8254,6.8254,6.8254,6.8254,6.8254,6.8254,6.8254,6.8254,6.8254,6.8254,6.8254,6.8254,6.8254,6.8254,6.8254,6.8254,6.8254,6.8254,6.8254,6.8254,6.8254,6.8254,6.8254,6.8254,6.8254,6.8254,6.8254,6.8254,6.8254,6.8254,6.8254,6.8254,6.8254,6.8254,6.8254,6.8254,6.8254,6.8254,6.8254,6.8254,6.8254,6.8254,6.8254,6.8254,6.8254,6.8254,6.8254,6.8254,6.8254,6.8254,6.8254,6.8254,6.8254,6.8254,6.8254,6.8254,6.8254,6.8254,6.8254,6.8254,6.8254,6.8254,6.8254,6.8254,6.8254,6.8254,6.8254,6.8254,6.8254,6.8254,6.8254,6.8254,6.8254,6.8254,6.8254,6.8254,6.8254,6.8254,6.8254,6.8254,6.8254,6.8254,6.8254,6.8254,6.8254,6.8254,6.8254,6.8254,6.8254,6.8254,6.8254,6.8254,6.8254,6.8254,6.8254,6.8254,6.8254,6.8254,6.8254,6.8254,6.8254,6.8254,6.8254,6.8254,6.8254,6.8254,6.8254,6.8254,6.8254,6.8254,6.8254,6.8254,6.8254,6.8254,6.8254,6.8254,6.8254,6.8254,6.8254,6.8254,6.8254,6.8254,6.8254
6.8202,6.8202,6.8202,6.8202,6.8202,6.8202,6.8202,6.8202,6.8202,6.8202,6.8202,6.8202,6.8202,6.8202,6.8202,6.8202,6.8202,6.8202,6.8202,6.8202,6.8202,6.8202,6.8202,6.8202,6.8202,6.8202,6.8202,6.8202,6.8202,6.8202,6.8202,6.8202,6.8202,6.8202,6.8202,6.8202,6.8202,6.8202,6.8202,6.8202,6.8202,6.8202,6.8202,6.8202,6.8202,6.8202,6.8202,6.8202,6.8202,6.8202,6.8202,6.8202,6.8202,6.8202,6.8202,6.8202,6.8202,6.8202,6.8202,6.8202,6.8202,6.8202,6.8202,6.8202,6.8202,6.8202,6.8202,6.8202,6.8202,6.8202,6.8202,6.8202,6.8202,6.8202,6.8202,6.8202,6.8202,6.8202,6.8202,6.8202,6.8202,6.8202,6.8202,6.8202,6.8202,6.8202,6.8202,6.8202,6.8202,6.8202,6.8202,6.8202,6.8202,6.8202,6.8202,6.8202,6.8202,6.8202,6.8202,6.8202,6.8202,6.8202,6.8202,6.8202,6.8202,6.8202,6.8202,6.8202,6.8202,6.8202,6.8202,6.8202,6.8202,6.8202,6.8202,6.8202,6.8202,6.8202,6.8202,6.8202,6.8202,6.8202,6.8202,6.8202,6.8202,6.8202,6.8202,6.8202,6.8202,6.8202,6.8202,6.8202,6.8202,6.8202,6.8202,6.8202,6.8202,6.8202,6.8202,6.8202,6.8202,6.8202,6.8202,6.8202,6.8202,6.8202,6.8202,6.8202,6.8202,6.8202,6.8202,6.8202,6.8202,6.8202,6.8202,6.8202,6.8202,6.8202,6.8202,6.8202,6.8202,6.8202,6.8202,6.8202,6.8202,6.8202,6.8202,6.8202,6.8202,6.8202,6.8202,6.8202,6.8202,6.8202,6.8202,6.8202,6.8202,6.8202,6.8202,6.8202,6.8202,6.8202,6.8202,6.8202,6.8202,6.8202,6.8202,6.8202,6.8202,6.8202,6.8202,6.8202,6.8202,6.8202,6.8202,6.8202,6.8202,6.8202,6.8202,6.8202,6.8202,6.8202,6.8202,6.8202,6.8202,6.8202,6.8202,6.8202,6.8202,6.8202,6.8202,6.8202,6.8202,6.8202,6.8202,6.8202,6.8202,6.8202,6.8202,6.8202,6.8202,6.8202,6.8202,6.8202,6.8202,6.8202,6.8202,6.8202,6.8202,6.8202,6.8202,6.8202,6.8202,6.8202,6.8202,6.8202,6.8202,6.8202,6.8202,6.8202,6.8202,6.8202,6.8202,6.8202,6.8202,6.8202,6.8202,6.8202,6.8202,6.8202,6.8202,6.8202,6.8202,6.8202,6.8202,6.8202,6.8202,6.8202,6.8202,6.8202,6.8202,6.8202,6.8202,6.8202,6.8202,6.8202,6.8202,6.8202,6.8202,6.8202,6.8202,6.8202,6.8202,6.8202,6.8202,6.8202,6.8202,6.8202,6.8202,6.8202,6.8202,6.8202,6.8202,6.8202,6.8202,6.8202,6.8202,6.8202,6.8202,6.8202,6.8202,6.8202,6.8202,6.8202,6.8202,6.8202,6.8202,6.8202,6.8202,6.8202,6.8202,6.8202,6.8202,6.8202,6.8202,6.8202,6.8202,6.8202,6.8202,6.8202,6.8202,6.8202,6.8202,6.8202,6.8202,6.8202,6.8202,6.8202,6.8202,6.8202,6.8202,6.8202,6.8202,6.8202,6.8202,6.8202,6.8202,6.8202,6.8202,6.8202,6.8202,6.8202,6.8202,6.8202,6.8202,6.8202,6.8202,6.8202,6.8202,6.8202,6.8202,6.8202,6.8202,6.8202,6.8202,6.8202,6.8202,6.8202,6.8202,6.8202,6.8202,6.8202,6.8202,6.8202,6.8202,6.8202,6.8202,6.8202,6.8202,6.8202,6.8202,6.8202,6.8202,6.8202,6.8202,6.8202,6.8202,6.8202,6.8202,6.8202,6.8202,6.8202,6.8202,6.8202,6.8202,6.8202,6.8202,6.8202,6.8202,6.8202,6.8202,6.8202,6.8202,6.8202,6.8202,6.8202,6.8202,6.8202,6.8202,6.8202,6.8202,6.8202,6.8202,6.8202,6.8202,6.8202,6.8202,6.8202,6.8202,6.8202,6.8202,6.8202,6.8202,6.8202,6.8202,6.8202,6.8202,6.8202,6.8202,6.8202,6.8202,6.8202,6.8202,6.8202,6.8202,6.8202,6.8202,6.8202,6.8202,6.8202,6.8202,6.8202,6.8202,6.8202,6.8202,6.8202,6.8202,6.8202,6.8202,6.8202,6.8202,6.8202,6.8202,6.8202,6.8202,6.8202,6.8202,6.8202,6.8202,6.8202,6.8202,6.8202,6.8202,6.8202,6.8202,6.8202,6.8202,6.8202,6.8202,6.8202,6.8202,6.8202,6.8202,6.8202,6.8202,6.8202,6.8202,6.8202,6.8202,6.8202,6.8202,6.8202,6.8202,6.8202,6.8202,6.8202,6.8202,6.8202,6.8202,6.8202,6.8202,6.8202,6.8202,6.8202,6.8202,6.8202,6.8202,6.8202,6.8202,6.8202,6.8202,6.8202,6.8202,6.8202,6.8202,6.8202,6.8202,6.8202,6.8202,6.8202,6.8202,6.8202,6.8202,6.8202,6.8202,6.8202,6.8202,6.8202,6.8202,6.8202,6.8202,6.8202,6.8202,6.8202,6.8202,6.8202,6.8202,6.8202,6.8202,6.8202,6.8202,6.8202,6.8202,6.8202,6.8202,6.8202,6.8202,6.8202,6.8202,6.8202,6.8202,6.8202,6.8202,6.8202,6.8202,6.8202,6.8202,6.8202,6.8202,6.8202,6.8202,6.8202,6.8202,6.8202,6.8202,6.8202,6.8202,6.8202,6.8202,6.8202,6.8202,6.8202,6.8202,6.8202,6.8202,6.8202,6.8202,6.8202,6.8202,6.8202,6.8202,6.8202,6.8202,6.8202,6.8202,6.8202,6.8202,6.8202,6.8202,6.8202,6.8202,6.8202,6.8202,6.8202,6.8202,6.8202,6.8202,6.8202,6.8202,6.8202,6.8202,6.8202,6.8202,6.8202,6.8202,6.8202,6.8202,6.8202,6.8202,6.8202,6.8202,6.8202,6.8202,6.8202,6.8202,6.8202,6.8202,6.8202,6.8202,6.8202,6.8202,6.8202,6.8202,6.8202,6.8202,6.8202,6.8202,6.8202,6.8202,6.8202,6.8202,6.8202,6.8202,6.8202,6.8202,6.8202,6.8202,6.8202,6.8202,6.8202,6.8202,6.8202,6.8202,6.8202,6.8202,6.8202,6.8202,6.8202,6.8202,6.8202,6.8202,6.8202,6.8202,6.8202,6.8202,6.8202,6.8202,6.8202,6.8202,6.8202,6.8202,6.8202,6.8202,6.8202,6.8202,6.8202,6.8202,6.8202,6.8202,6.8202,6.8202,6.8202,6.8202,6.8202,6.8202,6.8202,6.8202,6.8202,6.8202,6.8202,6.8202,6.8202,6.8202,6.8202,6.8202,6.8202,6.8202,6.8202,6.8202,6.8202,6.8202,6.8202,6.8202,6.8202,6.8202,6.8202,6.8202,6.8202,6.8202,6.8202,6.8202,6.8202,6.8202,6.8202,6.8202,6.8202,6.8202,6.8202,6.8202,6.8202,6.8202,6.8202,6.8202,6.8202,6.8202,6.8202,6.8202,6.8202,6.8202,6.8202,6.8202,6.8202,6.8202,6.8202,6.8202,6.8202,6.8202,6.8202,6.8202,6.8202,6.8202,6.8202,6.8202,6.8202,6.8202,6.8202,6.8202,6.8202,6.8202,6.8202,6.8202,6.8202,6.8202,6.8202,6.8202,6.8202,6.8202,6.8202,6.8202,6.8202,6.8202,6.8202,6.8202,6.8202,6.8202,6.8202,6.8202,6.8202,6.8202,6.8202,6.8202,6.8202,6.8202,6.8202,6.8202,6.8202,6.8202,6.8202,6.8207,6.8207,6.8207,6.8207,6.8207,6.8207,6.8207,6.8207,6.8207,6.8207,6.8207,6.8207,6.8207,6.8207,6.8207,6.8207,6.8207,6.8207,6.8207,6.8207,6.8207,6.8207,6.8207,6.8207,6.8207,6.8207,6.8207,6.8207,6.8207,6.8207,6.8207,6.8207,6.8207,6.8207,6.8207,6.8207,6.8207,6.8207,6.8207,6.8207,6.8207,6.8207,6.8207,6.8207,6.8207,6.8207,6.8207,6.8207,6.8207,6.8207,6.8207,6.8207,6.8207,6.8207,6.8207,6.8207,6.8207,6.8207,6.8207,6.8207,6.8207,6.8207,6.8207,6.8207,6.8207,6.8207,6.8207,6.8207,6.8207,6.8207,6.8207,6.8207,6.8207,6.8207,6.8207,6.8207,6.8207,6.8207,6.8207,6.8207,6.8207,6.8207,6.8207,6.8207,6.8207,6.8207,6.8207,6.8207,6.8207,6.8207,6.8207,6.8207,6.8207,6.8207,6.8207,6.8207,6.8207,6.8207,6.8207,6.8207,6.8207,6.8207,6.8207,6.8207,6.8207,6.8207,6.8207,6.8207,6.8207,6.8207,6.8207,6.8207,6.8207,6.8207,6.8207,6.8207,6.8207,6.8207,6.8207,6.8207,6.8207,6.8207,6.8207,6.8207,6.8207,6.8207,6.8207,6.8207,6.8207,6.8207,6.8207,6.8207,6.8207,6.8207,6.8207,6.8207,6.8207,6.8207,6.8207,6.8207,6.8207,6.8207,6.8207,6.8207,6.8207,6.8207,6.8207,6.8207,6.8207,6.8207,6.8207,6.8207,6.8207,6.8207,6.8207,6.8207,6.8207,6.8207,6.8207,6.8207,6.8207,6.8207,6.8207,6.8207,6.8207,6.8207,6.8207,6.8207,6.8207,6.8207,6.8207,6.8207,6.8207,6.8207,6.8207,6.8207,6.8207,6.8207,6.8207,6.8207,6.8207,6.8207,6.8207,6.8207,6.8207,6.8207,6.8207,6.8207,6.8207,6.8207,6.8207,6.8207,6.8207,6.8207,6.8207,6.8207,6.8207,6.8207,6.8207,6.8207,6.8207,6.8207,6.8207,6.8207,6.8207,6.8207,6.8207,6.8207,6.8207,6.8207,6.8207,6.8207,6.8207,6.8207,6.8207,6.8207,6.8207,6.8207,6.8207,6.8207,6.8207,6.8207
6.8149,6.8149,6.8149,6.8149,6.8149,6.8149,6.8149,6.8149,6.8149,6.8149,6.8149,6.8149,6.8149,6.8149,6.8149,6.8149,6.8149,6.8149,6.8149,6.8149,6.8149,6.8149,6.8149,6.8149,6.8149,6.8149,6.8149,6.8149,6.8149,6.8149,6.8149,6.8149,6.8149,6.8149,6.8149,6.8149,6.8149,6.8149,6.8149,6.8149,6.8149,6.8149,6.8149,6.8149,6.8149,6.8149,6.8149,6.8149,6.8149,6.8149,6.8149,6.8149,6.8149,6.8149,6.8149,6.8149,6.8149,6.8149,6.8149,6.8149,6.8149,6.8149,6.8149,6.8149,6.8149,6.8149,6.8149,6.8149,6.8149,6.8149,6.8149,6.8149,6.8149,6.8149,6.8149,6.8149,6.8149,6.8149,6.8149,6.8149,6.8149,6.8149,6.8149,6.8149,6.8149,6.8149,6.8149,6.8149,6.8149,6.8149,6.8149,6.8149,6.8149,6.8149,6.8149,6.8149,6.8149,6.8149,6.8149,6.8149,6.8149,6.8149,6.8149,6.8149,6.8149,6.8149,6.8149,6.8149,6.8149,6.8149,6.8149,6.8149,6.8149,6.8149,6.8149,6.8149,6.8149,6.8149,6.8149,6.8149,6.8149,6.8149,6.8149,6.8149,6.8149,6.8149,6.8149,6.8149,6.8149,6.8149,6.8149,6.8149,6.8149,6.8149,6.8149,6.8149,6.8149,6.8149,6.8149,6.8149,6.8149,6.8149,6.8149,6.8149,6.8149,6.8149,6.8149,6.8149,6.8149,6.8149,6.8149,6.8149,6.8149,6.8149,6.8149,6.8149,6.8149,6.8149,6.8149,6.8149,6.8149,6.8149,6.8149,6.8149,6.8149,6.8149,6.8149,6.8149,6.8149,6.8149,6.8149,6.8149,6.8149,6.8149,6.8149,6.8149,6.8149,6.8149,6.8149,6.8149,6.8149,6.8149,6.8149,6.8149,6.8149,6.8149,6.8149,6.8149,6.8149,6.8149,6.8149,6.8149,6.8149,6.8149,6.8149,6.8149,6.8149,6.8149,6.8149,6.8149,6.8149,6.8149,6.8149,6.8149,6.8149,6.8149,6.8149,6.8149,6.8149,6.8149,6.8149,6.8149,6.8149,6.8149,6.8149,6.8149,6.8149,6.8149,6.8149,6.8149,6.8149,6.8149,6.8149,6.8149,6.8149,6.8149,6.8149,6.8149,6.8149,6.8149,6.8149,6.8149,6.8149,6.8149,6.8149,6.8149,6.8149,6.8149,6.8149,6.8149,6.8149,6.8149,6.8149,6.8149,6.8149,6.8149,6.8149,6.8149,6.8149,6.8149,6.8149,6.8149,6.8149,6.8149,6.8149,6.8149,6.8149,6.8149,6.8149,6.8149,6.8149,6.8149,6.8149,6.8149,6.8149,6.8149,6.8149,6.8149,6.8149,6.8149,6.8149,6.8149,6.8149,6.8149,6.8149,6.8149,6.8149,6.8149,6.8149,6.8149,6.8149,6.8149,6.8149,6.8149,6.8149,6.8149,6.8149,6.8149,6.8149,6.8149,6.8149,6.8149,6.8149,6.8149,6.8149,6.8149,6.8149,6.8149,6.8149,6.8149,6.8149,6.8149,6.8149,6.8149,6.8149,6.8149,6.8149,6.8149,6.8149,6.8149,6.8149,6.8149,6.8149,6.8149,6.8149,6.8149,6.8149,6.8149,6.8149,6.8149,6.8149,6.8149,6.8149,6.8149,6.8149,6.8149,6.8149,6.8149,6.8149,6.8149,6.8149,6.8149,6.8149,6.8149,6.8149,6.8149,6.8149,6.8149,6.8149,6.8149,6.8149,6.8149,6.8149,6.8149,6.8149,6.8149,6.8149,6.8149,6.8149,6.8149,6.8149,6.8149,6.8149,6.8149,6.8149,6.8149,6.8149,6.8149,6.8149,6.8149,6.8149,6.8149,6.8149,6.8149,6.8149,6.8149,6.8149,6.8149,6.8149,6.8149,6.8149,6.8149,6.8149,6.8149,6.8149,6.8149,6.8149,6.8149,6.8149,6.8149,6.8149,6.8149,6.8149,6.8149,6.8149,6.8149,6.8149,6.8149,6.8149,6.8149,6.8149,6.8149,6.8149,6.8149,6.8149,6.8149,6.8149,6.8149,6.8149,6.8149,6.8149,6.8149,6.8149,6.8149,6.8149,6.8149,6.8149,6.8149,6.8149,6.8149,6.8149,6.8149,6.8149,6.8149,6.8149,6.8149,6.8149,6.8149,6.8149,6.8149,6.8149,6.8149,6.8149,6.8149,6.8149,6.8149,6.8149,6.8149,6.8149,6.8149,6.8149,6.8149,6.8149,6.8149,6.8149,6.8149,6.8149,6.8149,6.8149,6.8149,6.8149,6.8149,6.8149,6.8149,6.8149,6.8149,6.8149,6.8149,6.8149,6.8149,6.8149,6.8149,6.8149,6.8149,6.8149,6.8149,6.8149,6.8155,6.8155,6.8155,6.8155,6.8155,6.8155,6.8155,6.8155,6.8155,6.8155,6.8155,6.8155,6.8155,6.8155,6.8155,6.8155,6.8155,6.8155,6.8155,6.8155,6.8155,6.8155,6.8155,6.8155,6.8155,6.8155,6.8155,6.8155,6.8155,6.8155,6.8155,6.8155,6.8155,6.8155,6.8155,6.8155,6.8155,6.8155,6.8155,6.8155,6.8155,6.8155,6.8155,6.8155,6.8155,6.8155,6.8155,6.8155,6.8155,6.8155,6.8155,6.8155,6.8155,6.8155,6.8155,6.8155,6.8155,6.8155,6.8155,6.8155,6.8155,6.8155,6.8155,6.8155,6.8155,6.8155,6.8155,6.8155,6.8155,6.8155,6.8155,6.8155,6.8155,6.8155,6.8155,6.8155,6.8155,6.8155,6.8155,6.8155,6.8155,6.8155,6.8155,6.8155,6.8155,6.8155,6.8155,6.8155,6.8155,6.8155,6.8155,6.8155,6.8155,6.8155,6.8155,6.8155,6.8155,6.8155,6.8155,6.8155,6.8155,6.8155,6.8155,6.8155,6.8155,6.8155,6.8155,6.8155,6.8155,6.8155,6.8155,6.8155,6.8155,6.8155,6.8155,6.8155,6.8155,6.8155,6.8155,6.8155,6.8155,6.8155,6.8155,6.8155,6.8155,6.8155,6.8155,6.8155,6.8155,6.8155,6.8155,6.8155,6.8155,6.8155,6.8155,6.8155,6.8155,6.8155,6.8155,6.8155,6.8155,6.8155,6.8155,6.8155,6.8155,6.8155,6.8155,6.8155,6.8155,6.8155,6.8155,6.8155,6.8155,6.8155,6.8155,6.8155,6.8155,6.8155,6.8155,6.8155,6.8155,6.8155,6.8155,6.8155,6.8155,6.8155,6.8155,6.8155,6.8155,6.8155,6.8155,6.8155,6.8155,6.8155,6.8155,6.8155,6.8155,6.8155,6.8155,6.8155,6.8155,6.8155,6.8155,6.8155,6.8155,6.8155,6.8155,6.8155,6.8155,6.8155,6.8155,6.8155,6.8155,6.8155,6.8155,6.8155,6.8155,6.8155,6.8155,6.8155,6.8155,6.8155,6.8155,6.8155,6.8155,6.8155,6.8155,6.8155,6.8155,6.8155,6.8155,6.8155,6.8155,6.8155,6.8155,6.8155,6.8155,6.8155,6.8155,6.8155,6.8155,6.8155,6.8155,6.8155,6.8155,6.8155,6.8155,6.8155,6.8155,6.8155,6.8155,6.8155,6.8155,6.8155,6.8155,6.8155,6.8155,6.8155,6.8155,6.8155,6.8155,6.8155,6.8155,6.8155,6.8155,6.8155,6.8155,6.8155,6.8155,6.8155,6.8155,6.8155,6.8155,6.8155,6.8155,6.8155,6.8155,6.8155,6.8155,6.8155,6.8155,6.8155,6.8155,6.8155,6.8155,6.8155,6.8155,6.8155,6.8155,6.8155,6.8155,6.8155,6.8155,6.8155,6.8155,6.8155,6.8155,6.8155,6.8155,6.8155,6.8155,6.8155,6.8155,6.8155,6.8155,6.8155,6.8155,6.8155,6.8155,6.8155,6.8155,6.8155,6.8155,6.8155,6.8155,6.8155,6.8155,6.8155,6.8155,6.8155,6.8155,6.8155,6.8155,6.8155,6.8155,6.8155,6.8155,6.8155,6.8155,6.8155,6.8155,6.8155,6.8155,6.8155,6.8155,6.8155,6.8155,6.8155,6.8155,6.8155,6.8155,6.8155,6.8155,6.8155,6.8155,6.8155,6.8155,6.8155,6.8155,6.8155,6.8155,6.8155,6.8155,6.8155,6.8155,6.8155,6.8155,6.8155,6.8155,6.8155,6.8155,6.8155,6.8155,6.8155,6.8155,6.8155,6.8155,6.8155,6.8155,6.8155,6.8155,6.8155,6.8155,6.8155,6.8155,6.8155,6.8155,6.8155,6.8155,6.8155,6.8155,6.8155,6.8155,6.8155,6.8155,6.8155,6.8155,6.8155,6.8155,6.8155,6.8155,6.8155,6.8155,6.8155,6.8155,6.8155,6.8155,6.8155,6.8155,6.8155,6.8155,6.8155,6.8155,6.8155,6.8155,6.8155,6.8155,6.8155,6.8155,6.8155,6.8155,6.8155,6.8155,6.8155,6.8155,6.8155,6.8155,6.8155,6.8155,6.8155,6.8155,6.8155,6.8155,6.8155,6.8155,6.8155,6.8155,6.8155,6.8155,6.8155,6.8155,6.8155,6.8155,6.8155,6.8155,6.8155,6.8155,6.8155,6.8155,6.8155,6.8155,6.8155,6.8155,6.8155,6.8155,6.8155,6.8155,6.8155,6.8155,6.8155,6.8155,6.8155,6.8155,6.8155,6.8155,6.8155,6.8155,6.8155,6.8155,6.8155,6.8155,6.8155,6.8155,6.8155,6.8155,6.8155,6.8155,6.8155,6.8155,6.8155,6.8155,6.8155,6.8155,6.8155,6.8155,6.8155,6.8155,6.8155,6.8155,6.8155,6.8155,6.8155,6.8155,6.8155,6.8155,6.8155,6.8155,6.8155,6.8155,6.8155,6.8155,6.8155,6.8155,6.8155,6.8155,6.8155,6.8155,6.8155,6.8155,6.8155,6.8155,6.8155,6.8155,6.8155,6.8155,6.8155,6.8155,6.8155,6.8155,6.8155,6.8155,6.8155,6.8155,6.8155,6.8155,6.8155,6.8155,6.8155,6.8155,6.8155,6.8155,6.8155,6.8155
6.8097,6.8097,6.8097,6.8097,6.8097,6.8097,6.8097,6.8097,6.8097,6.8097,6.8097,6.8097,6.8097,6.8097,6.8097,6.8097,6.8097,6.8097,6.8097,6.8097,6.8097,6.8097,6.8097,6.8097,6.8097,6.8097,6.8097,6.8097,6.8097,6.8097,6.8097,6.8097,6.8097,6.8097,6.8097,6.8097,6.8097,6.8097,6.8097,6.8097,6.8097,6.8097,6.8097,6.8097,6.8097,6.8097,6.8097,6.8097,6.8097,6.8097,6.8097,6.8097,6.8097,6.8097,6.8097,6.8097,6.8097,6.8097,6.8097,6.8097,6.8097,6.8097,6.8097,6.8097,6.8097,6.8097,6.8097,6.8097,6.8097,6.8097,6.8097,6.8097,6.8097,6.8097,6.8097,6.8097,6.8097,6.8097,6.8097,6.8097,6.8097,6.8097,6.8097,6.8097,6.8097,6.8097,6.8097,6.8097,6.8097,6.8097,6.8097,6.8097,6.8097,6.8097,6.8097,6.8097,6.8097,6.8097,6.8097,6.8097,6.8097,6.8097,6.8097,6.8097,6.8097,6.8097,6.8097,6.8097,6.8097,6.8097,6.8097,6.8097,6.8097,6.8097,6.8097,6.8097,6.8097,6.8097,6.8097,6.8097,6.8097,6.8097,6.8097,6.8097,6.8097,6.8097,6.8097,6.8097,6.8097,6.8097,6.8097,6.8097,6.8097,6.8097,6.8097,6.8097,6.8097,6.8097,6.8097,6.8097,6.8097,6.8097,6.8097,6.8097,6.8097,6.8097,6.8097,6.8097,6.8097,6.8097,6.8097,6.8097,6.8097,6.8097,6.8097,6.8097,6.8097,6.8097,6.8097,6.8097,6.8097,6.8097,6.8097,6.8097,6.8097,6.8097,6.8097,6.8097,6.8097,6.8097,6.8097,6.8097,6.8097,6.8097,6.8097,6.8097,6.8097,6.8097,6.8097,6.8097,6.8097,6.8097,6.8097,6.8097,6.8097,6.8097,6.8097,6.8097,6.8097,6.8097,6.8097,6.8097,6.8097,6.8097,6.8097,6.8097,6.8097,6.8097,6.8097,6.8097,6.8097,6.8097,6.8097,6.8097,6.8097,6.8097,6.8097,6.8097,6.8097,6.8097,6.8097,6.8097,6.8097,6.8097,6.8097,6.8097,6.8097,6.8097,6.8097,6.8097,6.8097,6.8097,6.8097,6.8097,6.8097,6.8097,6.8097,6.8097,6.8097,6.8097,6.8097,6.8097,6.8097,6.8097,6.8097,6.8097,6.8097,6.8097,6.8097,6.8097,6.8097,6.8097,6.8097,6.8097,6.8097,6.8097,6.8097,6.8097,6.8097,6.8097,6.8097,6.8097,6.8097,6.8097,6.8097,6.8097,6.8097,6.8097,6.8097,6.8097,6.8097,6.8097,6.8097,6.8097,6.8097,6.8097,6.8097,6.8097,6.8097,6.8097,6.8097,6.8097,6.8097,6.8097,6.8097,6.8097,6.8097,6.8097,6.8097,6.8097,6.8097,6.8097,6.8097,6.8097,6.8097,6.8097,6.8097,6.8097,6.8097,6.8097,6.8097,6.8097,6.8097,6.8097,6.8097,6.8097,6.8097,6.8097,6.8097,6.8097,6.8097,6.8097,6.8097,6.8097,6.8097,6.8097,6.8097,6.8097,6.8097,6.8097,6.8097,6.8097,6.8097,6.8097,6.8097,6.8097,6.8097,6.8097,6.8097,6.8097,6.8097,6.8097,6.8097,6.8097,6.8097,6.8097,6.8097,6.8097,6.8097,6.8097,6.8097,6.8097,6.8097,6.8097,6.8097,6.8097,6.8097,6.8097,6.8097,6.8097,6.8097,6.8097,6.8097,6.8097,6.8097,6.8097,6.8097,6.8097,6.8097,6.8097,6.8097,6.8097,6.8097,6.8097,6.8097,6.8097,6.8097,6.8097,6.8097,6.8097,6.8097,6.8097,6.8097,6.8097,6.8097,6.8097,6.8097,6.8097,6.8097,6.8097,6.8097,6.8097,6.8097,6.8097,6.8097,6.8097,6.8097,6.8097,6.8097,6.8097,6.8097,6.8097,6.8097,6.8097,6.8097,6.8097,6.8097,6.8097,6.8097,6.8097,6.8097,6.8097,6.8097,6.8097,6.8097,6.8097,6.8097,6.8097,6.8097,6.8097,6.8097,6.8097,6.8097,6.8097,6.8097,6.8097,6.8097,6.8097,6.8097,6.8097,6.8097,6.8097,6.8097,6.8097,6.8097,6.8097,6.8097,6.8097,6.8097,6.8097,6.8097,6.8097,6.8097,6.8097,6.8097,6.8097,6.8097,6.8097,6.8097,6.8097,6.8097,6.8097,6.8097,6.8097,6.8097,6.8097,6.8097,6.8097,6.8097,6.8097,6.8097,6.8097,6.8097,6.8097,6.8097,6.8097,6.8097,6.8097,6.8097,6.8097,6.8097,6.8097,6.8097,6.8097,6.8097,6.8097,6.8097,6.8097,6.8097,6.8097,6.8097,6.8097,6.8097,6.8097,6.8097,6.8097,6.8097,6.8097,6.8097,6.8097,6.8097,6.8097,6.8097,6.8097,6.8097,6.8097,6.8097,6.8097,6.8097,6.8097,6.8097,6.8097,6.8097,6.8097,6.8097,6.8097,6.8097,6.8097,6.8097,6.8097,6.8097,6.8097,6.8097,6.8097,6.8097,6.8097,6.8097,6.8097,6.8097,6.8097,6.8097,6.8097,6.8097,6.8097,6.8097,6.8097,6.8097,6.8097,6.8097,6.8097,6.8097,6.8097,6.8097,6.8097,6.8097,6.8097,6.8097,6.8097,6.8097,6.8097,6.8097,6.8097,6.8097,6.8097,6.8097,6.8097,6.8097,6.8097,6.8097,6.8097,6.8097,6.8097,6.8097,6.8097,6.8097,6.8097,6.8097,6.8097,6.8097,6.8097,6.8097,6.8097,6.8097,6.8097,6.8097,6.8097,6.8097,6.8097,6.8097,6.8097,6.8097,6.8097,6.8097,6.8097,6.8097,6.8097,6.8097,6.8097,6.8097,6.8097,6.8097,6.8097,6.8097,6.8097,6.8097,6.8097,6.8097,6.8097,6.8097,6.8097,6.8097,6.8097,6.8097,6.8097,6.8097,6.8097,6.8097,6.8097,6.8097,6.8097,6.8097,6.8097,6.8097,6.8097,6.8097,6.8097,6.8097,6.8097,6.8097,6.8097,6.8097,6.8097,6.8097,6.8097,6.8097,6.8097,6.8097,6.8097,6.8097,6.8097,6.8097,6.8097,6.8097,6.8097,6.8097,6.8102,6.8102,6.8102,6.8102,6.8102,6.8102,6.8102,6.8102,6.8102,6.8102,6.8102,6.8102,6.8102,6.8102,6.8102,6.8102,6.8102,6.8102,6.8102,6.8102,6.8102,6.8102,6.8102,6.8102,6.8102,6.8102,6.8102,6.8102,6.8102,6.8102,6.8102,6.8102,6.8102,6.8102,6.8102,6.8102,6.8102,6.8102,6.8102,6.8102,6.8102,6.8102,6.8102,6.8102,6.8102,6.8102,6.8102,6.8102,6.8102,6.8102,6.8102,6.8102,6.8102,6.8102,6.8102,6.8102,6.8102,6.8102,6.8102,6.8102,6.8102,6.8102,6.8102,6.8102,6.8102,6.8102,6.8102,6.8102,6.8102,6.8102,6.8102,6.8102,6.8102,6.8102,6.8102,6.8102,6.8102,6.8102,6.8102,6.8102,6.8102,6.8102,6.8102,6.8102,6.8102,6.8102,6.8102,6.8102,6.8102,6.8102,6.8102,6.8102,6.8102,6.8102,6.8102,6.8102,6.8102,6.8102,6.8102,6.8102,6.8102,6.8102,6.8102,6.8102,6.8102,6.8102,6.8102,6.8102,6.8102,6.8102,6.8102,6.8102,6.8102,6.8102,6.8102,6.8102,6.8102,6.8102,6.8102,6.8102,6.8102,6.8102,6.8102,6.8102,6.8102,6.8102,6.8102,6.8102,6.8102,6.8102,6.8102,6.8102,6.8102,6.8102,6.8102,6.8102,6.8102,6.8102,6.8102,6.8102,6.8102,6.8102,6.8102,6.8102,6.8102,6.8102,6.8102,6.8102,6.8102,6.8102,6.8102,6.8102,6.8102,6.8102,6.8102,6.8102,6.8102,6.8102,6.8102,6.8102,6.8102,6.8102,6.8102,6.8102,6.8102,6.8102,6.8102,6.8102,6.8102,6.8102,6.8102,6.8102,6.8102,6.8102,6.8102,6.8102,6.8102,6.8102,6.8102,6.8102,6.8102,6.8102,6.8102,6.8102,6.8102,6.8102,6.8102,6.8102,6.8102,6.8102,6.8102,6.8102,6.8102,6.8102,6.8102,6.8102,6.8102,6.8102,6.8102,6.8102,6.8102,6.8102,6.8102,6.8102,6.8102,6.8102,6.8102,6.8102,6.8102,6.8102,6.8102,6.8102,6.8102,6.8102,6.8102,6.8102,6.8102,6.8102,6.8102,6.8102,6.8102,6.8102,6.8102,6.8102,6.8102,6.8102,6.8102,6.8102,6.8102,6.8102,6.8102,6.8102,6.8102,6.8102,6.8102,6.8102,6.8102,6.8102,6.8102,6.8102,6.8102,6.8102,6.8102,6.8102,6.8102,6.8102,6.8102,6.8102,6.8102,6.8102,6.8102,6.8102,6.8102,6.8102,6.8102,6.8102,6.8102,6.8102,6.8102,6.8102,6.8102,6.8102,6.8102,6.8102,6.8102,6.8102,6.8102,6.8102,6.8102,6.8102,6.8102,6.8102,6.8102,6.8102,6.8102,6.8102,6.8102,6.8102,6.8102,6.8102,6.8102,6.8102,6.8102,6.8102,6.8102,6.8102,6.8102,6.8102,6.8102,6.8102,6.8102,6.8102,6.8102,6.8102,6.8102,6.8102,6.8102,6.8102,6.8102,6.8102,6.8102,6.8102,6.8102,6.8102,6.8102,6.8102,6.8102,6.8102,6.8102,6.8102,6.8102,6.8102,6.8102,6.8102,6.8102,6.8102,6.8102,6.8102,6.8102,6.8102,6.8102,6.8102,6.8102,6.8102,6.8102,6.8102,6.8102,6.8102,6.8102,6.8102,6.8102,6.8102,6.8102,6.8102,6.8102,6.8102,6.8102,6.8102,6.8102,6.8102,6.8102,6.8102,6.8102,6.8102,6.8102,6.8102,6.8102,6.8102,6.8102,6.8102,6.8102,6.8102,6.8102,6.8102,6.8102
6.8047,6.8047,6.8047,6.8047,6.8047,6.8047,6.8047,6.8047,6.8047,6.8047,6.8047,6.8047,6.8047,6.8047,6.8047,6.8047,6.8047,6.8047,6.8047,6.8047,6.8047,6.8047,6.8047,6.8047,6.8047,6.8047,6.8047,6.8047,6.8047,6.8047,6.8047,6.8047,6.8047,6.8047,6.8047,6.8047,6.8047,6.8047,6.8047,6.8047,6.8047,6.8047,6.8047,6.8047,6.8047,6.8047,6.8047,6.8047,6.8047,6.8047,6.8047,6.8047,6.8047,6.8047,6.8047,6.8047,6.8047,6.8047,6.8047,6.8047,6.8047,6.8047,6.8047,6.8047,6.8047,6.8047,6.8047,6.8047,6.8047,6.8047,6.8047,6.8047,6.8047,6.8047,6.8047,6.8047,6.8047,6.8047,6.8047,6.8047,6.8047,6.8047,6.8047,6.8047,6.8047,6.8047,6.8047,6.8047,6.8047,6.8047,6.8047,6.8047,6.8047,6.8047,6.8047,6.8047,6.8047,6.8047,6.8047,6.8047,6.8047,6.8047,6.8047,6.8047,6.8047,6.8047,6.8047,6.8047,6.8047,6.8047,6.8047,6.8047,6.8047,6.8047,6.8047,6.8047,6.8047,6.8047,6.8047,6.8047,6.8047,6.8047,6.8047,6.8047,6.8047,6.8047,6.8047,6.8047,6.8047,6.8047,6.8047,6.8047,6.8047,6.8047,6.8047,6.8047,6.8047,6.8047,6.8047,6.8047,6.8047,6.8047,6.8047,6.8047,6.8047,6.8047,6.8047,6.8047,6.8047,6.8047,6.8047,6.8047,6.8047,6.8047,6.8047,6.8047,6.8047,6.8047,6.8047,6.8047,6.8047,6.8047,6.8047,6.8047,6.8047,6.8047,6.8047,6.8047,6.8047,6.8047,6.8047,6.8047,6.8047,6.8047,6.8047,6.8047,6.8047,6.8047,6.8047,6.8047,6.8047,6.8047,6.8047,6.8047,6.8047,6.8047,6.8047,6.8047,6.8047,6.8047,6.8047,6.8047,6.8047,6.8047,6.8047,6.8047,6.8047,6.8047,6.8047,6.8047,6.8047,6.8047,6.8047,6.8047,6.8047,6.8047,6.8047,6.8047,6.8047,6.8047,6.8047,6.8047,6.8047,6.8047,6.8047,6.8047,6.8047,6.8047,6.8047,6.8047,6.8047,6.8047,6.8047,6.8047,6.8047,6.8047,6.8047,6.8047,6.8047,6.8047,6.8047,6.8047,6.8047,6.8047,6.8047,6.8047,6.8047,6.8047,6.8047,6.8047,6.8047,6.8047,6.8047,6.8047,6.8047,6.8047,6.8047,6.8047,6.8047,6.8047,6.8047,6.8047,6.8047,6.8047,6.8047,6.8047,6.8047,6.8047,6.8047,6.8047,6.8047,6.8047,6.8047,6.8047,6.8047,6.8047,6.8047,6.8047,6.8047,6.8047,6.8047,6.8047,6.8047,6.8047,6.8047,6.8047,6.8047,6.8047,6.8047,6.8047,6.8047,6.8047,6.8047,6.8047,6.8047,6.8047,6.8047,6.8047,6.8047,6.8047,6.8047,6.8047,6.8047,6.8047,6.8047,6.8047,6.8047,6.8047,6.8047,6.8047,6.8047,6.8047,6.8047,6.8047,6.8047,6.8047,6.8047,6.8047,6.8047,6.8047,6.8047,6.8047,6.8047,6.8047,6.8047,6.8047,6.8047,6.8047,6.8047,6.8047,6.8047,6.8047,6.8047,6.8047,6.8047,6.8047,6.8047,6.8047,6.8047,6.8047,6.8047,6.8047,6.8047,6.8047,6.8047,6.8047,6.8047,6.8047,6.8047,6.8047,6.8047,6.8047,6.8047,6.8047,6.8047,6.8047,6.8047,6.8047,6.8047,6.8047,6.8047,6.8047,6.8047,6.8047,6.8047,6.8047,6.8047,6.8047,6.8047,6.8047,6.8047,6.8047,6.8047,6.8047,6.8047,6.8047,6.8047,6.8047,6.8047,6.8047,6.8047,6.8047,6.8047,6.8047,6.8047,6.8047,6.8047,6.8047,6.8047,6.8047,6.8047,6.8047,6.8047,6.8047,6.8047,6.8047,6.8047,6.8047,6.8047,6.8047,6.8047,6.8047,6.8047,6.8047,6.8047,6.8047,6.8047,6.8047,6.8047,6.8047,6.8047,6.8047,6.8047,6.8047,6.8047,6.8047,6.8047,6.8047,6.8047,6.8047,6.8047,6.8047,6.8047,6.8047,6.8047,6.8047,6.8047,6.8047,6.8047,6.8047,6.8047,6.8047,6.8047,6.8047,6.8047,6.8047,6.8047,6.8047,6.8047,6.8047,6.8047,6.8047,6.8047,6.8047,6.8047,6.8047,6.8047,6.8047,6.8047,6.8047,6.8047,6.8047,6.8047,6.8047,6.8047,6.8047,6.8047,6.8047,6.8047,6.8047,6.8047,6.8047,6.8047,6.8047,6.8047,6.8047,6.8047,6.8047,6.8047,6.8047,6.8047,6.8047,6.8047,6.8047,6.8047,6.8047,6.8047,6.8047,6.8047,6.8047,6.8047,6.8047,6.8047,6.8047,6.8047,6.8047,6.8047,6.8047,6.8047,6.8047,6.8047,6.8047,6.8047,6.8047,6.8047,6.8047,6.8047,6.8047,6.8047,6.8047,6.8047,6.8047,6.8047,6.8047,6.8047,6.8047,6.8047,6.8047,6.8047,6.8047,6.8047,6.8047,6.8047,6.8047,6.8047,6.8047,6.8047,6.8047,6.8047,6.8047,6.8047,6.8047,6.8047,6.8047,6.8047,6.8047,6.8047,6.8047,6.8047,6.8047,6.8047,6.8047,6.8047,6.8047,6.8047,6.8047,6.8047,6.8047,6.8047,6.8047,6.8047,6.8047,6.8047,6.8047,6.8047,6.8047,6.8047,6.8047,6.8047,6.8047,6.8047,6.8047,6.8047,6.8047,6.8047,6.8047,6.8047,6.8047,6.8047,6.8047,6.8047,6.8047,6.8047,6.8047,6.8047,6.8047,6.8047,6.8047,6.8047,6.8047,6.8047,6.8047,6.8047,6.8047,6.8047,6.8047,6.8047,6.8047,6.8047,6.8047,6.8047,6.8047,6.8047,6.8047,6.8047,6.8047,6.8047,6.8047,6.8047,6.8047,6.8047,6.8047,6.8047,6.8047,6.8047,6.8047,6.8047,6.8047,6.8047,6.8047,6.8047,6.8047,6.8047,6.8047,6.8047,6.8047,6.8047,6.8047,6.8047,6.8047,6.8047,6.8047,6.8047,6.8047,6.8047,6.8047,6.8047,6.8047,6.8047,6.8047,6.8047,6.8047,6.8047,6.8047,6.8047,6.8047,6.8047,6.8047,6.8047,6.8047,6.8047,6.8047,6.8047,6.8047,6.8047,6.8047,6.8047,6.8047,6.8047,6.8047,6.8047,6.8047,6.8047,6.8047,6.8047,6.8047,6.8047,6.8047,6.8047,6.8047,6.8047,6.8047,6.8047,6.8047,6.8047,6.8047,6.8047,6.8047,6.8047,6.8047,6.8047,6.8047,6.8047,6.8047,6.8047,6.8047,6.8047,6.8047,6.8047,6.8047,6.8047,6.8047,6.8047,6.8047,6.8047,6.8047,6.8047,6.8047,6.8047,6.8047,6.8047,6.8047,6.8047,6.8047,6.8047,6.8047,6.8047,6.8047,6.8047,6.8047,6.8047,6.8047,6.8047,6.8047,6.8047,6.8047,6.8047,6.8047,6.8047,6.8047,6.8047,6.8047,6.8047,6.8047,6.8047,6.8047,6.8047,6.8047,6.8047,6.8047,6.8047,6.8047,6.8047,6.8047,6.8047,6.8047,6.8047,6.8047,6.8047,6.8047,6.8047,6.8047,6.8047,6.8047,6.8047,6.8047,6.8047,6.8047,6.8047,6.8047,6.8047,6.8047,6.8047,6.8047,6.8047,6.8047,6.8047,6.8047,6.8047,6.8047,6.8047,6.8047,6.8047,6.8047,6.8047,6.8047,6.8047,6.8047,6.8047,6.8047,6.8047,6.8047,6.8047,6.8047,6.8047,6.8047,6.8047,6.8047,6.8047,6.8047,6.8047,6.8047,6.8047,6.8047,6.8047,6.8047,6.8047,6.8047,6.8047,6.8047,6.8047,6.8047,6.8047,6.8047,6.8047,6.8047,6.8047,6.8047,6.8047,6.8047,6.8047,6.8047,6.8047,6.8047,6.8047,6.8047,6.8047,6.8047,6.8047,6.8047,6.8047,6.8047,6.8047,6.8047,6.8047,6.8047,6.8047,6.8047,6.8047,6.8047,6.8047,6.8047,6.8047,6.8047,6.8047,6.8047,6.8047,6.8047,6.8047,6.8047,6.8047,6.8047,6.8047,6.8047,6.8047,6.8047,6.8047,6.8047,6.8047,6.8047,6.8047,6.8047,6.8047,6.8047,6.8047,6.8047,6.8047,6.8047,6.8047,6.8047,6.8047,6.8047,6.8047,6.8047,6.8047,6.8047,6.8047,6.8047,6.8047,6.8047,6.8047,6.8047,6.8047,6.8047,6.8047,6.8047,6.8047,6.8047,6.8047,6.8047,6.8047,6.8047,6.8047,6.8047,6.8047,6.8047,6.8047,6.8047,6.8047,6.8047,6.8047,6.8047,6.8047,6.8047,6.8047,6.8047,6.8047,6.8047,6.8047,6.8047,6.8047,6.8047,6.8047,6.8047,6.8047,6.8047,6.8047,6.8047,6.8047,6.8047,6.8047,6.8047,6.8047,6.8047,6.8047,6.8047,6.8047,6.8047,6.8047,6.8047,6.8047,6.8047,6.8047,6.8047,6.8047,6.8047,6.8047,6.8047,6.8047,6.8047,6.8047,6.8047,6.8047,6.8047,6.8047,6.8047,6.8047,6.8047,6.8047,6.8047,6.8047,6.8047,6.8047,6.8047,6.8047,6.8047,6.8047,6.8047,6.8047,6.8047,6.8047,6.8047,6.8047,6.8047,6.8047,6.8047,6.8047,6.8047,6.8047,6.8047,6.8047,6.8047,6.8047,6.8047,6.8047,6.8047,6.8047,6.8047,6.8047,6.8047,6.8047,6.8047,6.8047,6.8047,6.8047,6.8047,6.8047,6.8047,6.8047,6.8047,6.8047,6.8047,6.8047,6.8047,6.8047,6.8047,6.8047,6.8047,6.8047,6.8047,6.8047,6.8047,6.8047,6.8047,6.8047,6.8047,6.8047,6.8047,6.8047,6.8047
6.8000,6.8000,6.8000,6.8000,6.8000,6.8000,6.8000,6.8000,6.8000,6.8000,6.8000,6.8000,6.8000,6.8000,6.8000,6.8000,6.8000,6.8000,6.8000,6.8000,6.8000,6.8000,6.8000,6.8000,6.8000,6.8000,6.8000,6.8000,6.8000,6.8000,6.8000,6.8000,6.8000,6.8000,6.8000,6.8000,6.8000,6.8000,6.8000,6.8000,6.8000,6.8000,6.8000,6.8000,6.8000,6.8000,6.8000,6.8000,6.8000,6.8000,6.8000,6.8000,6.8000,6.8000,6.8000,6.8000,6.8000,6.8000,6.8000,6.8000,6.8000,6.8000,6.8000,6.8000,6.8000,6.8000,6.8000,6.8000,6.8000,6.8000,6.8000,6.8000,6.8000,6.8000,6.8000,6.8000,6.8000,6.8000,6.8000,6.8000,6.8000,6.8000,6.8000,6.8000,6.8000,6.8000,6.8000,6.8000,6.8000,6.8000,6.8000,6.8000,6.8000,6.8000,6.8000,6.8000,6.8000,6.8000,6.8000,6.8000,6.8000,6.8000,6.8000,6.8000,6.8000,6.8000,6.8000,6.8000,6.8000,6.8000,6.8000,6.8000,6.8000,6.8000,6.8000,6.8000,6.8000,6.8000,6.8000,6.8000,6.8000,6.8000,6.8000,6.8000,6.8000,6.8000,6.8000,6.8000,6.8000,6.8000,6.8000,6.8000,6.8000,6.8000,6.8000,6.8000,6.8000,6.8000,6.8000,6.8000,6.8000,6.8000,6.8000,6.8000,6.8000,6.8000,6.8000,6.8000,6.8000,6.8000,6.8000,6.8000,6.8000,6.8000,6.8000,6.8000,6.8000,6.8000,6.8000,6.8000,6.8000,6.8000,6.8000,6.8000,6.8000,6.8000,6.8000,6.8000,6.8000,6.8000,6.8000,6.8000,6.8000,6.8000,6.8000,6.8000,6.8000,6.8000,6.8000,6.8000,6.8000,6.8000,6.8000,6.8000,6.8000,6.8000,6.8000,6.8000,6.8000,6.8000,6.8000,6.8000,6.8000,6.8000,6.8000,6.8000,6.8000,6.8000,6.8000,6.8000,6.8000,6.8000,6.8000,6.8000,6.8000,6.8000,6.8000,6.8000,6.8000,6.8000,6.8000,6.8000,6.8000,6.8000,6.8000,6.8000,6.8000,6.8000,6.8000,6.8000,6.8000,6.8000,6.8000,6.8000,6.8000,6.8000,6.8000,6.8000,6.8000,6.8000,6.8000,6.8000,6.8000,6.8000,6.8000,6.8000,6.8000,6.8000,6.8000,6.8000,6.8000,6.8000,6.8000,6.8000,6.8000,6.8000,6.8000,6.8000,6.8000,6.8000,6.8000,6.8000,6.8000,6.8000,6.8000,6.8000,6.8000,6.8000,6.8000,6.8000,6.8000,6.8000,6.8000,6.8000,6.8000,6.8000,6.8000,6.8000,6.8000,6.8000,6.8000,6.8000,6.8000,6.8000,6.8000,6.8000,6.8000,6.8000,6.8000,6.8000,6.8000,6.8000,6.8000,6.8000,6.8000,6.8000,6.8000,6.8000,6.8000,6.8000,6.8000,6.8000,6.8000,6.8000,6.8000,6.8000,6.8000,6.8000,6.8000,6.8000,6.8000,6.8000,6.8000,6.8000,6.8000,6.8000,6.8000,6.8000,6.8000,6.8000,6.8000,6.8000,6.8000,6.8000,6.8000,6.8000,6.8000,6.8000,6.8000,6.8000,6.8000,6.8000,6.8000,6.8000,6.8000,6.8000,6.8000,6.8000,6.8000,6.8000,6.8000,6.8000,6.8000,6.8000,6.8000,6.8000,6.8000,6.8000,6.8000,6.8000,6.8000,6.8000,6.8000,6.8000,6.8000,6.8000,6.8000,6.8000,6.8000,6.8000,6.8000,6.8000,6.8000,6.8000,6.8000,6.8000,6.8000,6.8000,6.8000,6.8000,6.8000,6.8000,6.8000,6.8000,6.8000,6.8000,6.8000,6.8000,6.8000,6.8000,6.8000,6.8000,6.8000,6.8000,6.8000,6.8000,6.8000,6.8000,6.8000,6.8000,6.8000,6.8000,6.8000,6.8000,6.8000,6.8000,6.8000,6.8000,6.8000,6.8000,6.8000,6.8000,6.8000,6.8000,6.8000,6.8000,6.8000,6.8000,6.8000,6.8000,6.8000,6.8000,6.8000,6.8000,6.8000,6.8000,6.8000,6.8000,6.8000,6.8000,6.8000,6.8000,6.8000,6.8000,6.8000,6.8000,6.8000,6.8000,6.8000,6.8000,6.8000,6.8000,6.8000,6.8000,6.8000,6.8000,6.8000,6.8000,6.8000,6.8000,6.8000,6.8000,6.8000,6.8000,6.8000,6.8000,6.8000,6.8000,6.8000,6.8000,6.8000,6.8000,6.8000,6.8000,6.8000,6.8000,6.8000,6.8000,6.8000,6.8000,6.8000,6.8000,6.8000,6.8000,6.8000,6.8000,6.8000,6.8000,6.8000,6.8000,6.8000,6.8000,6.8000,6.8000,6.8000,6.8000,6.8000,6.8000,6.8000,6.8000,6.8000,6.8000,6.8000,6.8000,6.8000,6.8000,6.8000,6.8000,6.8000,6.8000,6.8000,6.8000,6.8000,6.8000,6.8000,6.8000,6.8000,6.8000,6.8000,6.8000,6.8000,6.8000,6.8000,6.8000,6.8000,6.8000,6.8000,6.8000,6.8000,6.8000,6.8000,6.8000,6.8000,6.8000,6.8000,6.8000,6.8000,6.8000,6.8000,6.8000,6.8000,6.8000,6.8000,6.8000,6.8000,6.8000,6.8000,6.8000,6.8000,6.8000,6.8000,6.8000,6.8000,6.8000,6.8000,6.8000,6.8000,6.8000,6.8000,6.8000,6.8000,6.8000,6.8000,6.8000,6.8000,6.8000,6.8000,6.8000,6.8000,6.8000,6.8000,6.8000,6.8000,6.8000,6.8000,6.8000,6.8000,6.8000,6.8000,6.8000,6.8000,6.8000,6.8000,6.8000,6.8000,6.8000,6.8000,6.8000,6.8000,6.8000,6.8000,6.8000,6.8000,6.8000,6.8000,6.8000,6.8000,6.8000,6.8000,6.8000,6.8000,6.8000,6.8000,6.8000,6.8000,6.8000,6.8000,6.8000,6.8000,6.8000,6.8000,6.8000,6.8000,6.8000,6.8000,6.8000,6.8000,6.8000,6.8000,6.8000,6.8000,6.8000,6.8000,6.8000,6.8000,6.8000,6.8000,6.8000,6.8000,6.8000,6.8000,6.8000,6.8000,6.8000,6.8000,6.8000,6.8000,6.8000,6.8000,6.8000,6.8000,6.8000,6.8000,6.8000,6.8000,6.8000,6.8000,6.8000,6.8000,6.8000,6.8000,6.8000,6.8000,6.8000,6.8000,6.8000,6.8000,6.8000,6.8000,6.8000,6.8000,6.8000,6.8000,6.8000,6.8000,6.8000,6.8000,6.8000,6.8000,6.8000,6.8000,6.8000,6.8000,6.8000,6.8000,6.8000,6.8000,6.8000,6.8000,6.8000,6.8000,6.8000,6.8000,6.8000,6.8000,6.8000,6.8000,6.8000,6.8000,6.8000,6.8000,6.8000,6.8000,6.8000,6.7995,6.7995,6.7995,6.7995,6.7995,6.7995,6.7995,6.7995,6.7995,6.7995,6.7995,6.7995,6.7995,6.7995,6.7995,6.7995,6.7995,6.7995,6.7995,6.7995,6.7995,6.7995,6.7995,6.7995,6.7995,6.7995,6.7995,6.7995,6.7995,6.7995,6.7995,6.7995,6.7995,6.7995,6.7995,6.7995,6.7995,6.7995,6.7995,6.7995,6.7995,6.7995,6.7995,6.7995,6.7995,6.7995,6.7995,6.7995,6.7995,6.7995,6.7995,6.7995,6.7995,6.7995,6.7995,6.7995,6.7995,6.7995,6.7995,6.7995,6.7995,6.7995,6.7995,6.7995,6.7995,6.7995,6.7995,6.7995,6.7995,6.7995,6.7995,6.7995,6.7995,6.7995,6.7995,6.7995,6.7995,6.7995,6.7995,6.7995,6.7995,6.7995,6.7995,6.7995,6.7995,6.7995,6.7995,6.7995,6.7995,6.7995,6.7995,6.7995,6.7995,6.7995,6.7995,6.7995,6.7995,6.7995,6.7995,6.7995,6.7995,6.7995,6.7995,6.7995,6.7995,6.7995,6.7995,6.7995,6.7995,6.7995,6.7995,6.7995,6.7995,6.7995,6.7995,6.7995,6.7995,6.7995,6.7995,6.7995,6.7995,6.7995,6.7995,6.7995,6.7995,6.7995,6.7995,6.7995,6.7995,6.7995,6.7995,6.7995,6.7995,6.7995,6.7995,6.7995,6.7995,6.7995,6.7995,6.7995,6.7995,6.7995,6.7995,6.7995,6.7995,6.7995,6.7995,6.7995,6.7995,6.7995,6.7995,6.7995,6.7995,6.7995,6.7995,6.7995,6.7995,6.7995,6.7995,6.7995,6.7995,6.7995,6.7995,6.7995,6.7995,6.7995,6.7995,6.7995,6.7995,6.7995,6.7995,6.7995,6.7995,6.7995,6.7995,6.7995,6.7995,6.7995,6.7995,6.7995,6.7995,6.7995,6.7995,6.7995,6.7995,6.7995,6.7995,6.7995,6.7995,6.7995,6.7995,6.7995,6.7995,6.7995,6.7995,6.7995,6.7995,6.7995,6.7995,6.7995,6.7995,6.7995,6.7995,6.7995,6.7995,6.7995,6.7995,6.7995,6.7995,6.7995,6.7995,6.7995,6.7995,6.7995,6.7995,6.7995,6.7995,6.7995,6.7995,6.7995,6.7995,6.7995,6.7995,6.7995,6.7995,6.7995,6.7995,6.7995,6.7995,6.7995,6.7995,6.7995,6.7995,6.7995,6.7995,6.7995,6.7995,6.7995,6.7995,6.7995,6.7995,6.7995,6.7995,6.7995,6.7995,6.7995,6.7995,6.7995,6.7995,6.7995,6.7995,6.7995,6.7995,6.7995,6.7995,6.7995,6.7995,6.7995,6.7995,6.7995,6.7995,6.7995,6.7995,6.7995,6.7995,6.7995,6.7995,6.7995,6.7995,6.7995,6.7995,6.7995,6.7995,6.7995,6.7995,6.7995,6.7995,6.7995,6.7995,6.7995,6.7995,6.7995,6.7995,6.7995,6.7995,6.7995,6.7995,6.7995,6.7995,6.7995,6.7995,6.7995,6.7995,6.7995,6.7995,6.7995
6.7948,6.7948,6.7948,6.7948,6.7948,6.7948,6.7948,6.7948,6.7948,6.7948,6.7948,6.7948,6.7948,6.7948,6.7948,6.7948,6.7948,6.7948,6.7948,6.7948,6.7948,6.7948,6.7948,6.7948,6.7948,6.7948,6.7948,6.7948,6.7948,6.7948,6.7948,6.7948,6.7948,6.7948,6.7948,6.7948,6.7948,6.7948,6.7948,6.7948,6.7948,6.7948,6.7948,6.7948,6.7948,6.7948,6.7948,6.7948,6.7948,6.7948,6.7948,6.7948,6.7948,6.7948,6.7948,6.7948,6.7948,6.7948,6.7948,6.7948,6.7948,6.7948,6.7948,6.7948,6.7948,6.7948,6.7948,6.7948,6.7948,6.7948,6.7948,6.7948,6.7948,6.7948,6.7948,6.7948,6.7948,6.7948,6.7948,6.7948,6.7948,6.7948,6.7948,6.7948,6.7948,6.7948,6.7948,6.7948,6.7948,6.7948,6.7948,6.7948,6.7948,6.7948,6.7948,6.7948,6.7948,6.7948,6.7948,6.7948,6.7948,6.7948,6.7948,6.7948,6.7948,6.7948,6.7948,6.7948,6.7948,6.7948,6.7948,6.7948,6.7948,6.7948,6.7948,6.7948,6.7948,6.7948,6.7948,6.7948,6.7948,6.7948,6.7948,6.7948,6.7948,6.7948,6.7948,6.7948,6.7948,6.7948,6.7948,6.7948,6.7948,6.7948,6.7948,6.7948,6.7948,6.7948,6.7948,6.7948,6.7948,6.7948,6.7948,6.7948,6.7948,6.7948,6.7948,6.7948,6.7948,6.7948,6.7948,6.7948,6.7948,6.7948,6.7948,6.7948,6.7948,6.7948,6.7948,6.7948,6.7948,6.7948,6.7948,6.7948,6.7948,6.7948,6.7948,6.7948,6.7948,6.7948,6.7948,6.7948,6.7948,6.7948,6.7948,6.7948,6.7948,6.7948,6.7948,6.7948,6.7948,6.7948,6.7948,6.7948,6.7948,6.7948,6.7948,6.7948,6.7948,6.7948,6.7948,6.7948,6.7948,6.7948,6.7948,6.7948,6.7948,6.7948,6.7948,6.7948,6.7948,6.7948,6.7948,6.7948,6.7948,6.7948,6.7948,6.7948,6.7948,6.7948,6.7948,6.7948,6.7948,6.7948,6.7948,6.7948,6.7948,6.7948,6.7948,6.7948,6.7948,6.7948,6.7948,6.7948,6.7948,6.7948,6.7948,6.7948,6.7948,6.7948,6.7948,6.7948,6.7948,6.7948,6.7948,6.7948,6.7948,6.7948,6.7948,6.7948,6.7948,6.7948,6.7948,6.7948,6.7948,6.7948,6.7948,6.7948,6.7948,6.7948,6.7948,6.7948,6.7948,6.7948,6.7948,6.7948,6.7948,6.7948,6.7948,6.7948,6.7948,6.7948,6.7948,6.7948,6.7948,6.7948,6.7948,6.7948,6.7948,6.7948,6.7948,6.7948,6.7948,6.7948,6.7948,6.7948,6.7948,6.7948,6.7948,6.7948,6.7948,6.7948,6.7948,6.7948,6.7948,6.7948,6.7948,6.7948,6.7948,6.7948,6.7948,6.7948,6.7948,6.7948,6.7948,6.7948,6.7948,6.7948,6.7948,6.7948,6.7948,6.7948,6.7948,6.7948,6.7948,6.7948,6.7948,6.7948,6.7948,6.7948,6.7948,6.7948,6.7948,6.7948,6.7948,6.7948,6.7948,6.7948,6.7948,6.7948,6.7948,6.7948,6.7948,6.7948,6.7948,6.7948,6.7948,6.7948,6.7948,6.7948,6.7948,6.7948,6.7948,6.7948,6.7948,6.7948,6.7948,6.7948,6.7948,6.7948,6.7948,6.7948,6.7948,6.7948,6.7948,6.7948,6.7948,6.7948,6.7948,6.7948,6.7948,6.7948,6.7948,6.7948,6.7948,6.7948,6.7948,6.7948,6.7948,6.7948,6.7948,6.7948,6.7948,6.7948,6.7948,6.7948,6.7948,6.7948,6.7948,6.7948,6.7948,6.7948,6.7948,6.7948,6.7948,6.7948,6.7948,6.7948,6.7948,6.7948,6.7948,6.7948,6.7948,6.7948,6.7948,6.7948,6.7948,6.7948,6.7948,6.7948,6.7948,6.7948,6.7948,6.7948,6.7948,6.7948,6.7948,6.7948,6.7948,6.7948,6.7948,6.7948,6.7948,6.7948,6.7948,6.7948,6.7948,6.7948,6.7948,6.7948,6.7948,6.7948,6.7948,6.7948,6.7948,6.7948,6.7948,6.7948,6.7948,6.7948,6.7948,6.7948,6.7948,6.7948,6.7948,6.7948,6.7948,6.7948,6.7948,6.7948,6.7948,6.7948,6.7948,6.7948,6.7948,6.7948,6.7948,6.7948,6.7948,6.7948,6.7948,6.7948,6.7948,6.7948,6.7948,6.7948,6.7948,6.7948,6.7948,6.7948,6.7948,6.7948,6.7948,6.7948,6.7948,6.7948,6.7948,6.7948,6.7948,6.7948,6.7948,6.7948,6.7948,6.7948,6.7948,6.7948,6.7948,6.7948,6.7948,6.7948,6.7948,6.7948,6.7948,6.7948,6.7948,6.7948,6.7948,6.7948,6.7948,6.7948,6.7948,6.7948,6.7948,6.7948,6.7948,6.7948,6.7948,6.7948,6.7948,6.7948,6.7948,6.7948,6.7948,6.7948,6.7948,6.7948,6.7948,6.7948,6.7948,6.7948,6.7948,6.7948,6.7948,6.7948,6.7948,6.7948,6.7948,6.7948,6.7948,6.7948,6.7948,6.7948,6.7948,6.7948,6.7948,6.7948,6.7948,6.7948,6.7948,6.7948,6.7942,6.7942,6.7942,6.7942,6.7942,6.7942,6.7942,6.7942,6.7942,6.7942,6.7942,6.7942,6.7942,6.7942,6.7942,6.7942,6.7942,6.7942,6.7942,6.7942,6.7942,6.7942,6.7942,6.7942,6.7942,6.7942,6.7942,6.7942,6.7942,6.7942,6.7942,6.7942,6.7942,6.7942,6.7942,6.7942,6.7942,6.7942,6.7942,6.7942,6.7942,6.7942,6.7942,6.7942,6.7942,6.7942,6.7942,6.7942,6.7942,6.7942,6.7942,6.7942,6.7942,6.7942,6.7942,6.7942,6.7942,6.7942,6.7942,6.7942,6.7942,6.7942,6.7942,6.7942,6.7942,6.7942,6.7942,6.7942,6.7942,6.7942,6.7942,6.7942,6.7942,6.7942,6.7942,6.7942,6.7942,6.7942,6.7942,6.7942,6.7942,6.7942,6.7942,6.7942,6.7942,6.7942,6.7942,6.7942,6.7942,6.7942,6.7942,6.7942,6.7942,6.7942,6.7942,6.7942,6.7942,6.7942,6.7942,6.7942,6.7942,6.7942,6.7942,6.7942,6.7942,6.7942,6.7942,6.7942,6.7942,6.7942,6.7942,6.7942,6.7942,6.7942,6.7942,6.7942,6.7942,6.7942,6.7942,6.7942,6.7942,6.7942,6.7942,6.7942,6.7942,6.7942,6.7942,6.7942,6.7942,6.7942,6.7942,6.7942,6.7942,6.7942,6.7942,6.7942,6.7942,6.7942,6.7942,6.7942,6.7942,6.7942,6.7942,6.7942,6.7942,6.7942,6.7942,6.7942,6.7942,6.7942,6.7942,6.7942,6.7942,6.7942,6.7942,6.7942,6.7942,6.7942,6.7942,6.7942,6.7942,6.7942,6.7942,6.7942,6.7942,6.7942,6.7942,6.7942,6.7942,6.7942,6.7942,6.7942,6.7942,6.7942,6.7942,6.7942,6.7942,6.7942,6.7942,6.7942,6.7942,6.7942,6.7942,6.7942,6.7942,6.7942,6.7942,6.7942,6.7942,6.7942,6.7942,6.7942,6.7942,6.7942,6.7942,6.7942,6.7942,6.7942,6.7942,6.7942,6.7942,6.7942,6.7942,6.7942,6.7942,6.7942,6.7942,6.7942,6.7942,6.7942,6.7942,6.7942,6.7942,6.7942,6.7942,6.7942,6.7942,6.7942,6.7942,6.7942,6.7942,6.7942,6.7942,6.7942,6.7942,6.7942,6.7942,6.7942,6.7942,6.7942,6.7942,6.7942,6.7942,6.7942,6.7942,6.7942,6.7942,6.7942,6.7942,6.7942,6.7942,6.7942,6.7942,6.7942,6.7942,6.7942,6.7942,6.7942,6.7942,6.7942,6.7942,6.7942,6.7942,6.7942,6.7942,6.7942,6.7942,6.7942,6.7942,6.7942,6.7942,6.7942,6.7942,6.7942,6.7942,6.7942,6.7942,6.7942,6.7942,6.7942,6.7942,6.7942,6.7942,6.7942,6.7942,6.7942,6.7942,6.7942,6.7942,6.7942,6.7942,6.7942,6.7942,6.7942,6.7942,6.7942,6.7942,6.7942,6.7942,6.7942,6.7942,6.7942,6.7942,6.7942,6.7942,6.7942,6.7942,6.7942,6.7942,6.7942,6.7942,6.7942,6.7942,6.7942,6.7942,6.7942,6.7942,6.7942,6.7942,6.7942,6.7942,6.7942,6.7942,6.7942,6.7942,6.7942,6.7942,6.7942,6.7942,6.7942,6.7942,6.7942,6.7942,6.7942,6.7942,6.7942,6.7942,6.7942,6.7942,6.7942,6.7942,6.7942,6.7942,6.7942,6.7942,6.7942,6.7942,6.7942,6.7942,6.7942,6.7942,6.7942,6.7942,6.7942,6.7942,6.7942,6.7942,6.7942,6.7942,6.7942,6.7942,6.7942,6.7942,6.7942,6.7942,6.7942,6.7942,6.7942,6.7942,6.7942,6.7942,6.7942,6.7942,6.7942,6.7942,6.7942,6.7942,6.7942,6.7942,6.7942,6.7942,6.7942,6.7942,6.7942,6.7942,6.7942,6.7942,6.7942,6.7942,6.7942,6.7942,6.7942,6.7942,6.7942,6.7942,6.7942,6.7942,6.7942,6.7942,6.7942,6.7942,6.7942,6.7942,6.7942,6.7942,6.7942,6.7942,6.7942,6.7942,6.7942,6.7942,6.7942,6.7942,6.7942,6.7942,6.7942,6.7942,6.7942,6.7942,6.7942,6.7942,6.7942,6.7942,6.7942,6.7942,6.7942,6.7942,6.7942,6.7942,6.7942,6.7942,6.7942,6.7942,6.7942,6.7942,6.7942,6.7942,6.7942,6.7942,6.7942,6.7942,6.7942,6.7942,6.7942,6.7942,6.7942,6.7942,6.7942,6.7942,6.7942
6.7890,6.7890,6.7890,6.7890,6.7890,6.7890,6.7890,6.7890,6.7890,6.7890,6.7890,6.7890,6.7890,6.7890,6.7890,6.7890,6.7890,6.7890,6.7890,6.7890,6.7890,6.7890,6.7890,6.7890,6.7890,6.7890,6.7890,6.7890,6.7890,6.7890,6.7890,6.7890,6.7890,6.7890,6.7890,6.7890,6.7890,6.7890,6.7890,6.7890,6.7890,6.7890,6.7890,6.7890,6.7890,6.7890,6.7890,6.7890,6.7890,6.7890,6.7890,6.7890,6.7890,6.7890,6.7890,6.7890,6.7890,6.7890,6.7890,6.7890,6.7890,6.7890,6.7890,6.7890,6.7890,6.7890,6.7890,6.7890,6.7890,6.7890,6.7890,6.7890,6.7890,6.7890,6.7890,6.7890,6.7890,6.7890,6.7890,6.7890,6.7890,6.7890,6.7890,6.7890,6.7890,6.7890,6.7890,6.7890,6.7890,6.7890,6.7890,6.7890,6.7890,6.7890,6.7890,6.7890,6.7890,6.7890,6.7890,6.7890,6.7890,6.7890,6.7890,6.7890,6.7890,6.7890,6.7890,6.7890,6.7890,6.7890,6.7890,6.7890,6.7890,6.7890,6.7890,6.7890,6.7890,6.7890,6.7890,6.7890,6.7890,6.7890,6.7890,6.7890,6.7890,6.7890,6.7890,6.7890,6.7890,6.7890,6.7890,6.7890,6.7890,6.7890,6.7890,6.7890,6.7890,6.7890,6.7890,6.7890,6.7890,6.7890,6.7890,6.7890,6.7890,6.7890,6.7890,6.7890,6.7890,6.7890,6.7890,6.7890,6.7890,6.7890,6.7890,6.7890,6.7890,6.7890,6.7890,6.7890,6.7890,6.7890,6.7890,6.7890,6.7890,6.7890,6.7890,6.7890,6.7890,6.7890,6.7890,6.7890,6.7890,6.7890,6.7890,6.7890,6.7890,6.7890,6.7890,6.7890,6.7890,6.7890,6.7890,6.7890,6.7890,6.7890,6.7890,6.7890,6.7890,6.7890,6.7890,6.7890,6.7890,6.7890,6.7890,6.7890,6.7890,6.7890,6.7890,6.7890,6.7890,6.7890,6.7890,6.7890,6.7890,6.7890,6.7890,6.7890,6.7890,6.7890,6.7890,6.7890,6.7890,6.7890,6.7890,6.7890,6.7890,6.7890,6.7890,6.7890,6.7890,6.7890,6.7890,6.7890,6.7890,6.7890,6.7890,6.7890,6.7890,6.7890,6.7890,6.7890,6.7890,6.7890,6.7890,6.7890,6.7890,6.7890,6.7890,6.7890,6.7890,6.7890,6.7890,6.7890,6.7890,6.7890,6.7890,6.7890,6.7890,6.7890,6.7890,6.7890,6.7890,6.7890,6.7890,6.7890,6.7890,6.7890,6.7890,6.7890,6.7890,6.7890,6.7890,6.7890,6.7890,6.7890,6.7890,6.7890,6.7890,6.7890,6.7890,6.7890,6.7890,6.7890,6.7890,6.7890,6.7890,6.7890,6.7890,6.7890,6.7890,6.7890,6.7890,6.7890,6.7890,6.7890,6.7890,6.7890,6.7890,6.7890,6.7890,6.7890,6.7890,6.7890,6.7890,6.7890,6.7890,6.7890,6.7890,6.7890,6.7890,6.7890,6.7890,6.7890,6.7890,6.7890,6.7890,6.7890,6.7890,6.7890,6.7890,6.7890,6.7890,6.7890,6.7890,6.7890,6.7890,6.7890,6.7890,6.7890,6.7890,6.7890,6.7890,6.7890,6.7890,6.7890,6.7890,6.7890,6.7890,6.7890,6.7890,6.7890,6.7890,6.7890,6.7890,6.7890,6.7890,6.7890,6.7890,6.7890,6.7890,6.7890,6.7890,6.7890,6.7890,6.7890,6.7890,6.7890,6.7890,6.7890,6.7890,6.7890,6.7890,6.7890,6.7890,6.7890,6.7890,6.7890,6.7890,6.7890,6.7890,6.7890,6.7890,6.7890,6.7890,6.7890,6.7890,6.7890,6.7890,6.7890,6.7890,6.7890,6.7890,6.7890,6.7890,6.7890,6.7890,6.7890,6.7890,6.7890,6.7890,6.7890,6.7890,6.7890,6.7890,6.7890,6.7890,6.7890,6.7890,6.7890,6.7890,6.7890,6.7890,6.7890,6.7890,6.7890,6.7890,6.7890,6.7890,6.7890,6.7890,6.7890,6.7890,6.7890,6.7890,6.7890,6.7890,6.7890,6.7890,6.7890,6.7890,6.7890,6.7890,6.7890,6.7890,6.7890,6.7890,6.7890,6.7890,6.7890,6.7890,6.7890,6.7890,6.7890,6.7890,6.7890,6.7890,6.7890,6.7890,6.7890,6.7890,6.7890,6.7890,6.7890,6.7890,6.7890,6.7890,6.7890,6.7890,6.7890,6.7890,6.7890,6.7890,6.7890,6.7890,6.7890,6.7890,6.7890,6.7890,6.7890,6.7890,6.7890,6.7890,6.7890,6.7890,6.7890,6.7890,6.7890,6.7890,6.7890,6.7890,6.7890,6.7890,6.7890,6.7890,6.7890,6.7890,6.7890,6.7890,6.7890,6.7890,6.7890,6.7890,6.7890,6.7890,6.7890,6.7890,6.7890,6.7890,6.7890,6.7890,6.7890,6.7890,6.7890,6.7890,6.7890,6.7890,6.7890,6.7890,6.7890,6.7890,6.7890,6.7890,6.7890,6.7890,6.7890,6.7890,6.7890,6.7890,6.7890,6.7890,6.7890,6.7890,6.7890,6.7890,6.7890,6.7890,6.7890,6.7890,6.7890,6.7890,6.7890,6.7890,6.7890,6.7890,6.7890,6.7890,6.7890,6.7890,6.7890,6.7890,6.7890,6.7890,6.7890,6.7890,6.7890,6.7890,6.7890,6.7890,6.7890,6.7890,6.7890,6.7890,6.7890,6.7890,6.7890,6.7890,6.7890,6.7890,6.7890,6.7890,6.7890,6.7890,6.7890,6.7890,6.7890,6.7890,6.7890,6.7890,6.7890,6.7890,6.7890,6.7890,6.7890,6.7890,6.7890,6.7890,6.7890,6.7890,6.7890,6.7890,6.7890,6.7890,6.7890,6.7890,6.7890,6.7890,6.7890,6.7890,6.7890,6.7890,6.7890,6.7890,6.7890,6.7890,6.7890,6.7890,6.7890,6.7890,6.7890,6.7890,6.7890,6.7890,6.7890,6.7890,6.7890,6.7890,6.7890,6.7890,6.7890,6.7890,6.7890,6.7890,6.7890,6.7890,6.7890,6.7890,6.7890,6.7890,6.7890,6.7890,6.7890,6.7890,6.7890,6.7890,6.7890,6.7890,6.7890,6.7890,6.7890,6.7890,6.7890,6.7890,6.7890,6.7890,6.7890,6.7890,6.7890,6.7890,6.7890,6.7890,6.7890,6.7890,6.7890,6.7890,6.7890,6.7890,6.7890,6.7890,6.7890,6.7890,6.7890,6.7890,6.7890,6.7890,6.7890,6.7890,6.7890,6.7890,6.7890,6.7890,6.7890,6.7890,6.7890,6.7890,6.7890,6.7890,6.7890,6.7890,6.7890,6.7890,6.7890,6.7890,6.7890,6.7890,6.7890,6.7890,6.7890,6.7890,6.7890,6.7890,6.7890,6.7890,6.7890,6.7890,6.7890,6.7890,6.7890,6.7890,6.7890,6.7890,6.7890,6.7890,6.7890,6.7890,6.7890,6.7890,6.7890,6.7890,6.7890,6.7890,6.7890,6.7890,6.7890,6.7890,6.7890,6.7890,6.7890,6.7890,6.7890,6.7890,6.7890,6.7890,6.7890,6.7890,6.7890,6.7890,6.7890,6.7890,6.7890,6.7896,6.7896,6.7896,6.7896,6.7896,6.7896,6.7896,6.7896,6.7896,6.7896,6.7896,6.7896,6.7896,6.7896,6.7896,6.7896,6.7896,6.7896,6.7896,6.7896,6.7896,6.7896,6.7896,6.7896,6.7896,6.7896,6.7896,6.7896,6.7896,6.7896,6.7896,6.7896,6.7896,6.7896,6.7896,6.7896,6.7896,6.7896,6.7896,6.7896,6.7896,6.7896,6.7896,6.7896,6.7896,6.7896,6.7896,6.7896,6.7896,6.7896,6.7896,6.7896,6.7896,6.7896,6.7896,6.7896,6.7896,6.7896,6.7896,6.7896,6.7896,6.7896,6.7896,6.7896,6.7896,6.7896,6.7896,6.7896,6.7896,6.7896,6.7896,6.7896,6.7896,6.7896,6.7896,6.7896,6.7896,6.7896,6.7896,6.7896,6.7896,6.7896,6.7896,6.7896,6.7896,6.7896,6.7896,6.7896,6.7896,6.7896,6.7896,6.7896,6.7896,6.7896,6.7896,6.7896,6.7896,6.7896,6.7896,6.7896,6.7896,6.7896,6.7896,6.7896,6.7896,6.7896,6.7896,6.7896,6.7896,6.7896,6.7896,6.7896,6.7896,6.7896,6.7896,6.7896,6.7896,6.7896,6.7896,6.7896,6.7896,6.7896,6.7896,6.7896,6.7896,6.7896,6.7896,6.7896,6.7896,6.7896,6.7896,6.7896,6.7896,6.7896,6.7896,6.7896,6.7896,6.7896,6.7896,6.7896,6.7896,6.7896,6.7896,6.7896,6.7896,6.7896,6.7896,6.7896,6.7896,6.7896,6.7896,6.7896,6.7896,6.7896,6.7896,6.7896,6.7896,6.7896,6.7896,6.7896,6.7896,6.7896,6.7896,6.7896,6.7896,6.7896,6.7896,6.7896,6.7896,6.7896,6.7896,6.7896,6.7896,6.7896,6.7896,6.7896,6.7896,6.7896,6.7896,6.7896,6.7896,6.7896,6.7896,6.7896,6.7896,6.7896,6.7896,6.7896,6.7896,6.7896,6.7896,6.7896,6.7896,6.7896,6.7896,6.7896,6.7896,6.7896,6.7896,6.7896,6.7896,6.7896,6.7896,6.7896,6.7896,6.7896,6.7896,6.7896,6.7896,6.7896,6.7896,6.7896,6.7896,6.7896,6.7896,6.7896,6.7896,6.7896,6.7896,6.7896,6.7896,6.7896,6.7896,6.7896,6.7896,6.7896,6.7896,6.7896,6.7896,6.7896,6.7896,6.7896,6.7896,6.7896,6.7896,6.7896,6.7896,6.7896,6.7896,6.7896,6.7896,6.7896,6.7896,6.7896,6.7896,6.7896,6.7896,6.7896,6.7896,6.7896,6.7896,6.7896,6.7896,6.7896,6.7896,6.7896,6.7896,6.7896,6.7896,6.7896
6.7838,6.7838,6.7838,6.7838,6.7838,6.7838,6.7838,6.7838,6.7838,6.7838,6.7838,6.7838,6.7838,6.7838,6.7838,6.7838,6.7838,6.7838,6.7838,6.7838,6.7838,6.7838,6.7838,6.7838,6.7838,6.7838,6.7838,6.7838,6.7838,6.7838,6.7838,6.7838,6.7838,6.7838,6.7838,6.7838,6.7838,6.7838,6.7838,6.7838,6.7838,6.7838,6.7838,6.7838,6.7838,6.7838,6.7838,6.7838,6.7838,6.7838,6.7838,6.7838,6.7838,6.7838,6.7838,6.7838,6.7838,6.7838,6.7838,6.7838,6.7838,6.7838,6.7838,6.7838,6.7838,6.7838,6.7838,6.7838,6.7838,6.7838,6.7838,6.7838,6.7838,6.7838,6.7838,6.7838,6.7838,6.7838,6.7838,6.7838,6.7838,6.7838,6.7838,6.7838,6.7838,6.7838,6.7838,6.7838,6.7838,6.7838,6.7838,6.7838,6.7838,6.7838,6.7838,6.7838,6.7838,6.7838,6.7838,6.7838,6.7838,6.7838,6.7838,6.7838,6.7838,6.7838,6.7838,6.7838,6.7838,6.7838,6.7838,6.7838,6.7838,6.7838,6.7838,6.7838,6.7838,6.7838,6.7838,6.7838,6.7838,6.7838,6.7838,6.7838,6.7838,6.7838,6.7838,6.7838,6.7838,6.7838,6.7838,6.7838,6.7838,6.7838,6.7838,6.7838,6.7838,6.7838,6.7838,6.7838,6.7838,6.7838,6.7838,6.7838,6.7838,6.7838,6.7838,6.7838,6.7838,6.7838,6.7838,6.7838,6.7838,6.7838,6.7838,6.7838,6.7838,6.7838,6.7838,6.7838,6.7838,6.7838,6.7838,6.7838,6.7838,6.7838,6.7838,6.7838,6.7838,6.7838,6.7838,6.7838,6.7838,6.7838,6.7838,6.7838,6.7838,6.7838,6.7838,6.7838,6.7838,6.7838,6.7838,6.7838,6.7838,6.7838,6.7838,6.7838,6.7838,6.7838,6.7838,6.7838,6.7838,6.7838,6.7838,6.7838,6.7838,6.7838,6.7838,6.7838,6.7838,6.7838,6.7838,6.7838,6.7838,6.7838,6.7838,6.7838,6.7838,6.7838,6.7838,6.7838,6.7838,6.7838,6.7838,6.7838,6.7838,6.7838,6.7838,6.7838,6.7838,6.7838,6.7838,6.7838,6.7838,6.7838,6.7838,6.7838,6.7838,6.7838,6.7838,6.7838,6.7838,6.7838,6.7838,6.7838,6.7838,6.7838,6.7838,6.7838,6.7838,6.7838,6.7838,6.7838,6.7838,6.7838,6.7838,6.7838,6.7838,6.7838,6.7838,6.7838,6.7838,6.7838,6.7838,6.7838,6.7838,6.7838,6.7838,6.7838,6.7838,6.7838,6.7838,6.7838,6.7838,6.7838,6.7838,6.7838,6.7838,6.7838,6.7838,6.7838,6.7838,6.7838,6.7838,6.7838,6.7838,6.7838,6.7838,6.7838,6.7838,6.7838,6.7838,6.7838,6.7838,6.7838,6.7838,6.7838,6.7838,6.7838,6.7838,6.7838,6.7838,6.7838,6.7838,6.7838,6.7838,6.7838,6.7838,6.7838,6.7838,6.7838,6.7838,6.7838,6.7838,6.7838,6.7838,6.7838,6.7838,6.7838,6.7838,6.7838,6.7838,6.7838,6.7838,6.7838,6.7838,6.7838,6.7838,6.7838,6.7838,6.7838,6.7838,6.7838,6.7838,6.7838,6.7838,6.7838,6.7838,6.7838,6.7838,6.7838,6.7838,6.7838,6.7838,6.7838,6.7838,6.7838,6.7838,6.7838,6.7838,6.7838,6.7838,6.7838,6.7838,6.7838,6.7838,6.7838,6.7838,6.7838,6.7838,6.7838,6.7838,6.7838,6.7838,6.7838,6.7838,6.7838,6.7838,6.7838,6.7838,6.7838,6.7838,6.7838,6.7838,6.7838,6.7838,6.7838,6.7838,6.7838,6.7838,6.7838,6.7838,6.7838,6.7838,6.7838,6.7838,6.7838,6.7838,6.7838,6.7838,6.7838,6.7838,6.7838,6.7838,6.7838,6.7838,6.7838,6.7838,6.7838,6.7838,6.7838,6.7838,6.7838,6.7838,6.7838,6.7838,6.7838,6.7838,6.7838,6.7838,6.7838,6.7838,6.7838,6.7838,6.7838,6.7838,6.7838,6.7838,6.7838,6.7838,6.7838,6.7838,6.7838,6.7838,6.7838,6.7838,6.7838,6.7838,6.7838,6.7838,6.7838,6.7838,6.7838,6.7838,6.7838,6.7838,6.7838,6.7838,6.7838,6.7838,6.7838,6.7838,6.7838,6.7838,6.7838,6.7838,6.7838,6.7838,6.7838,6.7838,6.7838,6.7838,6.7838,6.7838,6.7838,6.7838,6.7838,6.7838,6.7838,6.7838,6.7838,6.7838,6.7838,6.7838,6.7838,6.7838,6.7838,6.7838,6.7838,6.7838,6.7838,6.7838,6.7838,6.7838,6.7838,6.7838,6.7838,6.7838,6.7838,6.7838,6.7838,6.7838,6.7838,6.7838,6.7838,6.7838,6.7838,6.7838,6.7838,6.7838,6.7838,6.7838,6.7838,6.7838,6.7838,6.7838,6.7838,6.7838,6.7838,6.7838,6.7838,6.7838,6.7838,6.7838,6.7838,6.7838,6.7838,6.7838,6.7838,6.7838,6.7838,6.7838,6.7838,6.7838,6.7838,6.7838,6.7838,6.7838,6.7838,6.7838,6.7838,6.7838,6.7838,6.7838,6.7838,6.7838,6.7838,6.7838,6.7838,6.7838,6.7838,6.7838,6.7838,6.7838,6.7838,6.7838,6.7838,6.7838,6.7838,6.7838,6.7838,6.7838,6.7838,6.7838,6.7838,6.7838,6.7838,6.7838,6.7838,6.7838,6.7838,6.7838,6.7838,6.7838,6.7838,6.7838,6.7838,6.7838,6.7838,6.7838,6.7838,6.7838,6.7838,6.7838,6.7838,6.7838,6.7838,6.7838,6.7838,6.7838,6.7838,6.7838,6.7838,6.7838,6.7838,6.7838,6.7838,6.7838,6.7838,6.7838,6.7838,6.7838,6.7838,6.7838,6.7838,6.7838,6.7838,6.7838,6.7838,6.7838,6.7838,6.7838,6.7838,6.7838,6.7838,6.7838,6.7838,6.7838,6.7838,6.7838,6.7838,6.7838,6.7838,6.7838,6.7838,6.7838,6.7838,6.7838,6.7838,6.7838,6.7838,6.7838,6.7838,6.7838,6.7838,6.7838,6.7838,6.7838,6.7838,6.7838,6.7838,6.7838,6.7838,6.7838,6.7838,6.7838,6.7838,6.7838,6.7838,6.7838,6.7838,6.7838,6.7838,6.7838,6.7838,6.7838,6.7838,6.7838,6.7838,6.7838,6.7838,6.7838,6.7838,6.7838,6.7838,6.7838,6.7838,6.7838,6.7838,6.7838,6.7838,6.7838,6.7838,6.7838,6.7838,6.7838,6.7838,6.7838,6.7838,6.7838,6.7838,6.7838,6.7838,6.7838,6.7838,6.7838,6.7838,6.7838,6.7838,6.7838,6.7838,6.7838,6.7838,6.7838,6.7838,6.7838,6.7838,6.7838,6.7838,6.7838,6.7838,6.7838,6.7838,6.7838,6.7838,6.7838,6.7838,6.7838,6.7838,6.7838,6.7838,6.7838,6.7838,6.7838,6.7838,6.7838,6.7838,6.7838,6.7838,6.7838,6.7838,6.7838,6.7838,6.7838,6.7838,6.7838,6.7838,6.7838,6.7838,6.7838,6.7838,6.7838,6.7838,6.7838,6.7838,6.7838,6.7838,6.7838,6.7838,6.7838,6.7838,6.7838,6.7838,6.7838,6.7838,6.7838,6.7838,6.7838,6.7838,6.7838,6.7838,6.7838,6.7838,6.7838,6.7838,6.7838,6.7838,6.7838,6.7838,6.7838,6.7838,6.7838,6.7838,6.7838,6.7838,6.7838,6.7838,6.7838,6.7838,6.7838,6.7838,6.7838,6.7838,6.7838,6.7838,6.7838,6.7838,6.7838,6.7838,6.7838,6.7838,6.7838,6.7838,6.7838,6.7838,6.7838,6.7838,6.7838,6.7838,6.7838,6.7838,6.7838,6.7838,6.7838,6.7838,6.7838,6.7838,6.7838,6.7838,6.7838,6.7838,6.7838,6.7838,6.7838,6.7838,6.7838,6.7838,6.7838,6.7838,6.7838,6.7838,6.7838,6.7838,6.7838,6.7838,6.7838,6.7838,6.7838,6.7838,6.7838,6.7838,6.7838,6.7838,6.7838,6.7838,6.7838,6.7838,6.7838,6.7838,6.7838,6.7838,6.7838,6.7838,6.7838,6.7838,6.7838,6.7838,6.7838,6.7838,6.7838,6.7838,6.7838,6.7838,6.7838,6.7838,6.7838,6.7838,6.7838,6.7838,6.7838,6.7838,6.7838,6.7838,6.7838,6.7838,6.7838,6.7838,6.7838,6.7838,6.7838,6.7838,6.7838,6.7838,6.7838,6.7838,6.7838,6.7838,6.7838,6.7838,6.7838,6.7838,6.7838,6.7838,6.7838,6.7838,6.7838,6.7838,6.7838,6.7838,6.7838,6.7838,6.7838,6.7838,6.7838,6.7838,6.7838,6.7838,6.7838,6.7838,6.7838,6.7838,6.7838,6.7838,6.7838,6.7838,6.7838,6.7838,6.7838,6.7838,6.7838,6.7838,6.7838,6.7838,6.7838,6.7838,6.7838,6.7838,6.7838,6.7838,6.7838,6.7838,6.7838,6.7838,6.7838,6.7838,6.7838,6.7838,6.7838,6.7838,6.7838,6.7838,6.7838,6.7838,6.7838,6.7838,6.7838,6.7838,6.7838,6.7838,6.7838,6.7838,6.7838,6.7838,6.7838,6.7838,6.7838,6.7838,6.7838,6.7838,6.7838,6.7838,6.7838,6.7838,6.7838,6.7838,6.7838,6.7838,6.7838,6.7838,6.7838,6.7838,6.7838,6.7838,6.7838,6.7838,6.7838,6.7838,6.7838,6.7838,6.7838,6.7838,6.7838,6.7838,6.7838,6.7838,6.7838,6.7838,6.7838,6.7838,6.7838,6.7838,6.7838,6.7838,6.7838,6.7838,6.7838,6.7838,6.7838,6.7838,6.7838,6.7838,6.7838,6.7838,6.7838,6.7838,6.7838,6.7838,6.7838,6.7838
6.7794,6.7794,6.7794,6.7794,6.7794,6.7794,6.7794,6.7794,6.7794,6.7794,6.7794,6.7794,6.7794,6.7794,6.7794,6.7794,6.7794,6.7794,6.7794,6.7794,6.7794,6.7794,6.7794,6.7794,6.7794,6.7794,6.7794,6.7794,6.7794,6.7794,6.7794,6.7794,6.7794,6.7794,6.7794,6.7794,6.7794,6.7794,6.7794,6.7794,6.7794,6.7794,6.7794,6.7794,6.7794,6.7794,6.7794,6.7794,6.7794,6.7794,6.7794,6.7794,6.7794,6.7794,6.7794,6.7794,6.7794,6.7794,6.7794,6.7794,6.7794,6.7794,6.7794,6.7794,6.7794,6.7794,6.7794,6.7794,6.7794,6.7794,6.7794,6.7794,6.7794,6.7794,6.7794,6.7794,6.7794,6.7794,6.7794,6.7794,6.7794,6.7794,6.7794,6.7794,6.7794,6.7794,6.7794,6.7794,6.7794,6.7794,6.7794,6.7794,6.7794,6.7794,6.7794,6.7794,6.7794,6.7794,6.7794,6.7794,6.7794,6.7794,6.7794,6.7794,6.7794,6.7794,6.7794,6.7794,6.7794,6.7794,6.7794,6.7794,6.7794,6.7794,6.7794,6.7794,6.7794,6.7794,6.7794,6.7794,6.7794,6.7794,6.7794,6.7794,6.7794,6.7794,6.7794,6.7794,6.7794,6.7794,6.7794,6.7794,6.7794,6.7794,6.7794,6.7794,6.7794,6.7794,6.7794,6.7794,6.7794,6.7794,6.7794,6.7794,6.7794,6.7794,6.7794,6.7794,6.7794,6.7794,6.7794,6.7794,6.7794,6.7794,6.7794,6.7794,6.7794,6.7794,6.7794,6.7794,6.7794,6.7794,6.7794,6.7794,6.7794,6.7794,6.7794,6.7794,6.7794,6.7794,6.7794,6.7794,6.7794,6.7794,6.7794,6.7794,6.7794,6.7794,6.7794,6.7794,6.7794,6.7794,6.7794,6.7794,6.7794,6.7794,6.7794,6.7794,6.7794,6.7794,6.7794,6.7794,6.7794,6.7794,6.7794,6.7794,6.7794,6.7794,6.7794,6.7794,6.7794,6.7794,6.7794,6.7794,6.7794,6.7794,6.7794,6.7794,6.7794,6.7794,6.7794,6.7794,6.7794,6.7794,6.7794,6.7794,6.7794,6.7794,6.7794,6.7794,6.7794,6.7794,6.7794,6.7794,6.7794,6.7794,6.7794,6.7794,6.7794,6.7794,6.7794,6.7794,6.7794,6.7794,6.7794,6.7794,6.7794,6.7794,6.7794,6.7794,6.7794,6.7794,6.7794,6.7794,6.7794,6.7794,6.7794,6.7794,6.7794,6.7794,6.7794,6.7794,6.7794,6.7794,6.7794,6.7794,6.7794,6.7794,6.7794,6.7794,6.7794,6.7794,6.7794,6.7794,6.7794,6.7794,6.7794,6.7794,6.7794,6.7794,6.7794,6.7794,6.7794,6.7794,6.7794,6.7794,6.7794,6.7794,6.7794,6.7794,6.7794,6.7794,6.7794,6.7794,6.7794,6.7794,6.7794,6.7794,6.7794,6.7794,6.7794,6.7794,6.7794,6.7794,6.7794,6.7794,6.7794,6.7794,6.7794,6.7794,6.7794,6.7794,6.7794,6.7794,6.7794,6.7794,6.7794,6.7794,6.7794,6.7794,6.7794,6.7794,6.7794,6.7794,6.7794,6.7794,6.7794,6.7794,6.7794,6.7794,6.7794,6.7794,6.7794,6.7794,6.7794,6.7794,6.7794,6.7794,6.7794,6.7794,6.7794,6.7794,6.7794,6.7794,6.7794,6.7794,6.7794,6.7794,6.7794,6.7794,6.7794,6.7794,6.7794,6.7794,6.7794,6.7794,6.7794,6.7794,6.7794,6.7794,6.7794,6.7794,6.7794,6.7794,6.7794,6.7794,6.7794,6.7794,6.7794,6.7794,6.7794,6.7794,6.7794,6.7794,6.7794,6.7794,6.7794,6.7794,6.7794,6.7794,6.7794,6.7794,6.7794,6.7794,6.7794,6.7794,6.7794,6.7794,6.7794,6.7794,6.7794,6.7794,6.7794,6.7794,6.7794,6.7794,6.7794,6.7794,6.7794,6.7794,6.7794,6.7794,6.7794,6.7794,6.7794,6.7794,6.7794,6.7794,6.7794,6.7794,6.7794,6.7794,6.7794,6.7794,6.7794,6.7794,6.7794,6.7794,6.7794,6.7794,6.7794,6.7794,6.7794,6.7794,6.7794,6.7794,6.7794,6.7794,6.7794,6.7794,6.7794,6.7794,6.7794,6.7794,6.7794,6.7794,6.7794,6.7794,6.7794,6.7794,6.7794,6.7794,6.7794,6.7794,6.7794,6.7794,6.7794,6.7794,6.7794,6.7794,6.7794,6.7794,6.7794,6.7794,6.7794,6.7794,6.7794,6.7794,6.7794,6.7794,6.7794,6.7794,6.7794,6.7794,6.7794,6.7794,6.7794,6.7794,6.7794,6.7794,6.7794,6.7794,6.7794,6.7794,6.7794,6.7794,6.7794,6.7794,6.7794,6.7794,6.7794,6.7794,6.7794,6.7794,6.7794,6.7794,6.7794,6.7794,6.7794,6.7794,6.7794,6.7794,6.7794,6.7794,6.7794,6.7794,6.7794,6.7794,6.7794,6.7794,6.7794,6.7794,6.7794,6.7794,6.7794,6.7794,6.7794,6.7794,6.7789,6.7789,6.7789,6.7789,6.7789,6.7789,6.7789,6.7789,6.7789,6.7789,6.7789,6.7789,6.7789,6.7789,6.7789,6.7789,6.7789,6.7789,6.7789,6.7789,6.7789,6.7789,6.7789,6.7789,6.7789,6.7789,6.7789,6.7789,6.7789,6.7789,6.7789,6.7789,6.7789,6.7789,6.7789,6.7789,6.7789,6.7789,6.7789,6.7789,6.7789,6.7789,6.7789,6.7789,6.7789,6.7789,6.7789,6.7789,6.7789,6.7789,6.7789,6.7789,6.7789,6.7789,6.7789,6.7789,6.7789,6.7789,6.7789,6.7789,6.7789,6.7789,6.7789,6.7789,6.7789,6.7789,6.7789,6.7789,6.7789,6.7789,6.7789,6.7789,6.7789,6.7789,6.7789,6.7789,6.7789,6.7789,6.7789,6.7789,6.7789,6.7789,6.7789,6.7789,6.7789,6.7789,6.7789,6.7789,6.7789,6.7789,6.7789,6.7789,6.7789,6.7789,6.7789,6.7789,6.7789,6.7789,6.7789,6.7789,6.7789,6.7789,6.7789,6.7789,6.7789,6.7789,6.7789,6.7789,6.7789,6.7789,6.7789,6.7789,6.7789,6.7789,6.7789,6.7789,6.7789,6.7789,6.7789,6.7789,6.7789,6.7789,6.7789,6.7789,6.7789,6.7789,6.7789,6.7789,6.7789,6.7789,6.7789,6.7789,6.7789,6.7789,6.7789,6.7789,6.7789,6.7789,6.7789,6.7789,6.7789,6.7789,6.7789,6.7789,6.7789,6.7789,6.7789,6.7789,6.7789,6.7789,6.7789,6.7789,6.7789,6.7789,6.7789,6.7789,6.7789,6.7789,6.7789,6.7789,6.7789,6.7789,6.7789,6.7789,6.7789,6.7789,6.7789,6.7789,6.7789,6.7789,6.7789,6.7789,6.7789,6.7789,6.7789,6.7789,6.7789,6.7789,6.7789,6.7789,6.7789,6.7789,6.7789,6.7789,6.7789,6.7789,6.7789,6.7789,6.7789,6.7789,6.7789,6.7789,6.7789,6.7789,6.7789,6.7789,6.7789,6.7789,6.7789,6.7789,6.7789,6.7789,6.7789,6.7789,6.7789,6.7789,6.7789,6.7789,6.7789,6.7789,6.7789,6.7789,6.7789,6.7789,6.7789,6.7789,6.7789,6.7789,6.7789,6.7789,6.7789,6.7789,6.7789,6.7789,6.7789,6.7789,6.7789,6.7789,6.7789,6.7789,6.7789,6.7789,6.7789,6.7789,6.7789,6.7789,6.7789,6.7789,6.7789,6.7789,6.7789,6.7789,6.7789,6.7789,6.7789,6.7789,6.7789,6.7789,6.7789,6.7789,6.7789,6.7789,6.7789,6.7789,6.7789,6.7789,6.7789,6.7789,6.7789,6.7789,6.7789,6.7789,6.7789,6.7789,6.7789,6.7789,6.7789,6.7789,6.7789,6.7789,6.7789,6.7789,6.7789,6.7789,6.7789,6.7789,6.7789,6.7789,6.7789,6.7789,6.7789,6.7789,6.7789,6.7789,6.7789,6.7789,6.7789,6.7789,6.7789,6.7789,6.7789,6.7789,6.7789,6.7789,6.7789,6.7789,6.7789,6.7789,6.7789,6.7789,6.7789,6.7789,6.7789,6.7789,6.7789,6.7789,6.7789,6.7789,6.7789,6.7789,6.7789,6.7789,6.7789,6.7789,6.7789,6.7789,6.7789,6.7789,6.7789,6.7789,6.7789,6.7789,6.7789,6.7789,6.7789,6.7789,6.7789,6.7789,6.7789,6.7789,6.7789,6.7789,6.7789,6.7789,6.7789,6.7789,6.7789,6.7789,6.7789,6.7789,6.7789,6.7789,6.7789,6.7789,6.7789,6.7789,6.7789,6.7789,6.7789,6.7789,6.7789,6.7789,6.7789,6.7789,6.7789,6.7789,6.7789,6.7789,6.7789,6.7789,6.7789,6.7789,6.7789,6.7789,6.7789,6.7789,6.7789,6.7789,6.7789,6.7789,6.7789,6.7789,6.7789,6.7789,6.7789,6.7789,6.7789,6.7789,6.7789,6.7789,6.7789,6.7789,6.7789,6.7789,6.7789,6.7789,6.7789,6.7789,6.7789,6.7789,6.7789,6.7789,6.7789,6.7789,6.7789,6.7789,6.7789,6.7789,6.7789,6.7789,6.7789,6.7789,6.7789,6.7789,6.7789,6.7789,6.7789,6.7789,6.7789,6.7789,6.7789,6.7789,6.7789,6.7789,6.7789,6.7789,6.7789,6.7789,6.7789,6.7789,6.7789,6.7789,6.7789,6.7789,6.7789,6.7789,6.7789,6.7789,6.7789,6.7789,6.7789,6.7789,6.7789,6.7789,6.7789,6.7789,6.7789,6.7789,6.7789,6.7789,6.7789,6.7789,6.7789,6.7789,6.7789,6.7789,6.7789,6.7789,6.7789,6.7789,6.7789,6.7789,6.7789,6.7789,6.7789,6.7789,6.7789,6.7789,6.7789,6.7789,6.7789,6.7789
6.7742,6.7742,6.7742,6.7742,6.7742,6.7742,6.7742,6.7742,6.7742,6.7742,6.7742,6.7742,6.7742,6.7742,6.7742,6.7742,6.7742,6.7742,6.7742,6.7742,6.7742,6.7742,6.7742,6.7742,6.7742,6.7742,6.7742,6.7742,6.7742,6.7742,6.7742,6.7742,6.7742,6.7742,6.7742,6.7742,6.7742,6.7742,6.7742,6.7742,6.7742,6.7742,6.7742,6.7742,6.7742,6.7742,6.7742,6.7742,6.7742,6.7742,6.7742,6.7742,6.7742,6.7742,6.7742,6.7742,6.7742,6.7742,6.7742,6.7742,6.7742,6.7742,6.7742,6.7742,6.7742,6.7742,6.7742,6.7742,6.7742,6.7742,6.7742,6.7742,6.7742,6.7742,6.7742,6.7742,6.7742,6.7742,6.7742,6.7742,6.7742,6.7742,6.7742,6.7742,6.7742,6.7742,6.7742,6.7742,6.7742,6.7742,6.7742,6.7742,6.7742,6.7742,6.7742,6.7742,6.7742,6.7742,6.7742,6.7742,6.7742,6.7742,6.7742,6.7742,6.7742,6.7742,6.7742,6.7742,6.7742,6.7742,6.7742,6.7742,6.7742,6.7742,6.7742,6.7742,6.7742,6.7742,6.7742,6.7742,6.7742,6.7742,6.7742,6.7742,6.7742,6.7742,6.7742,6.7742,6.7742,6.7742,6.7742,6.7742,6.7742,6.7742,6.7742,6.7742,6.7742,6.7742,6.7742,6.7742,6.7742,6.7742,6.7742,6.7742,6.7742,6.7742,6.7742,6.7742,6.7742,6.7742,6.7742,6.7742,6.7742,6.7742,6.7742,6.7742,6.7742,6.7742,6.7742,6.7742,6.7742,6.7742,6.7742,6.7742,6.7742,6.7742,6.7742,6.7742,6.7742,6.7742,6.7742,6.7742,6.7742,6.7742,6.7742,6.7742,6.7742,6.7742,6.7742,6.7742,6.7742,6.7742,6.7742,6.7742,6.7742,6.7742,6.7742,6.7742,6.7742,6.7742,6.7742,6.7742,6.7742,6.7742,6.7742,6.7742,6.7742,6.7742,6.7742,6.7742,6.7742,6.7742,6.7742,6.7742,6.7742,6.7742,6.7742,6.7742,6.7742,6.7742,6.7742,6.7742,6.7742,6.7742,6.7742,6.7742,6.7742,6.7742,6.7742,6.7742,6.7742,6.7742,6.7742,6.7742,6.7742,6.7742,6.7742,6.7742,6.7742,6.7742,6.7742,6.7742,6.7742,6.7742,6.7742,6.7742,6.7742,6.7742,6.7742,6.7742,6.7742,6.7742,6.7742,6.7742,6.7742,6.7742,6.7742,6.7742,6.7742,6.7742,6.7742,6.7742,6.7742,6.7742,6.7742,6.7742,6.7742,6.7742,6.7742,6.7742,6.7742,6.7742,6.7742,6.7742,6.7742,6.7742,6.7742,6.7742,6.7742,6.7742,6.7742,6.7742,6.7742,6.7742,6.7742,6.7742,6.7742,6.7742,6.7742,6.7742,6.7742,6.7742,6.7742,6.7742,6.7742,6.7742,6.7742,6.7742,6.7742,6.7742,6.7742,6.7742,6.7742,6.7742,6.7742,6.7742,6.7742,6.7742,6.7742,6.7742,6.7742,6.7742,6.7742,6.7742,6.7742,6.7742,6.7742,6.7742,6.7742,6.7742,6.7742,6.7742,6.7742,6.7742,6.7742,6.7742,6.7742,6.7742,6.7742,6.7742,6.7742,6.7742,6.7742,6.7742,6.7742,6.7742,6.7742,6.7742,6.7742,6.7742,6.7742,6.7742,6.7742,6.7742,6.7742,6.7742,6.7742,6.7742,6.7742,6.7742,6.7742,6.7742,6.7742,6.7742,6.7742,6.7742,6.7742,6.7742,6.7742,6.7742,6.7742,6.7742,6.7742,6.7742,6.7742,6.7742,6.7742,6.7742,6.7742,6.7742,6.7742,6.7742,6.7742,6.7742,6.7742,6.7742,6.7742,6.7742,6.7742,6.7742,6.7742,6.7742,6.7742,6.7742,6.7742,6.7742,6.7742,6.7742,6.7742,6.7742,6.7742,6.7742,6.7742,6.7742,6.7742,6.7742,6.7742,6.7742,6.7742,6.7742,6.7742,6.7742,6.7742,6.7742,6.7742,6.7742,6.7742,6.7742,6.7742,6.7742,6.7742,6.7742,6.7742,6.7742,6.7742,6.7742,6.7742,6.7742,6.7742,6.7742,6.7742,6.7742,6.7742,6.7742,6.7742,6.7742,6.7742,6.7742,6.7742,6.7742,6.7742,6.7742,6.7742,6.7742,6.7742,6.7742,6.7742,6.7742,6.7742,6.7742,6.7742,6.7742,6.7742,6.7742,6.7742,6.7742,6.7742,6.7742,6.7742,6.7742,6.7742,6.7742,6.7742,6.7742,6.7742,6.7742,6.7742,6.7742,6.7742,6.7742,6.7742,6.7742,6.7742,6.7742,6.7742,6.7742,6.7742,6.7742,6.7742,6.7742,6.7742,6.7742,6.7742,6.7742,6.7742,6.7742,6.7742,6.7742,6.7742,6.7742,6.7742,6.7742,6.7742,6.7742,6.7742,6.7742,6.7742,6.7742,6.7742,6.7742,6.7742,6.7742,6.7742,6.7742,6.7742,6.7742,6.7742,6.7742,6.7742,6.7742,6.7742,6.7742,6.7742,6.7742,6.7742,6.7742,6.7742,6.7742,6.7742,6.7742,6.7742,6.7742,6.7742,6.7742,6.7742,6.7742,6.7742,6.7742,6.7742,6.7742,6.7742,6.7742,6.7742,6.7742,6.7742,6.7742,6.7742,6.7742,6.7742,6.7742,6.7742,6.7742,6.7742,6.7742,6.7742,6.7742,6.7742,6.7742,6.7742,6.7742,6.7742,6.7742,6.7742,6.7742,6.7742,6.7742,6.7742,6.7742,6.7742,6.7742,6.7742,6.7742,6.7742,6.7742,6.7742,6.7742,6.7742,6.7742,6.7742,6.7742,6.7742,6.7742,6.7742,6.7742,6.7742,6.7742,6.7742,6.7742,6.7742,6.7742,6.7742,6.7742,6.7742,6.7742,6.7742,6.7742,6.7742,6.7742,6.7742,6.7742,6.7742,6.7742,6.7742,6.7742,6.7742,6.7742,6.7742,6.7742,6.7742,6.7742,6.7742,6.7742,6.7742,6.7742,6.7742,6.7742,6.7742,6.7742,6.7742,6.7742,6.7742,6.7742,6.7742,6.7742,6.7742,6.7742,6.7742,6.7742,6.7742,6.7742,6.7742,6.7742,6.7742,6.7742,6.7742,6.7742,6.7742,6.7742,6.7742,6.7742,6.7742,6.7742,6.7742,6.7742,6.7742,6.7742,6.7742,6.7742,6.7742,6.7742,6.7742,6.7742,6.7742,6.7742,6.7742,6.7742,6.7742,6.7742,6.7742,6.7742,6.7742,6.7742,6.7742,6.7742,6.7742,6.7742,6.7742,6.7742,6.7742,6.7742,6.7742,6.7742,6.7742,6.7742,6.7742,6.7742,6.7742,6.7742,6.7742,6.7742,6.7742,6.7742,6.7742,6.7742,6.7742,6.7742,6.7742,6.7742,6.7742,6.7742,6.7742,6.7742,6.7742,6.7742,6.7742,6.7742,6.7742,6.7742,6.7742,6.7742,6.7742,6.7742,6.7742,6.7742,6.7742,6.7742,6.7742,6.7742,6.7742,6.7742,6.7742,6.7742,6.7742,6.7742,6.7742,6.7742,6.7742,6.7742,6.7742,6.7742,6.7742,6.7742,6.7742,6.7742,6.7742,6.7742,6.7742,6.7742,6.7742,6.7742,6.7742,6.7742,6.7742,6.7742,6.7742,6.7742,6.7742,6.7742,6.7742,6.7742,6.7742,6.7742,6.7742,6.7742,6.7742,6.7742,6.7742,6.7742,6.7742,6.7742,6.7742,6.7742,6.7742,6.7742,6.7742,6.7742,6.7742,6.7742,6.7742,6.7742,6.7742,6.7742,6.7742,6.7742,6.7742,6.7742,6.7742,6.7742,6.7742,6.7742,6.7742,6.7742,6.7742,6.7742,6.7742,6.7742,6.7742,6.7742,6.7742,6.7742,6.7742,6.7742,6.7742,6.7742,6.7742,6.7742,6.7742,6.7742,6.7742,6.7742,6.7742,6.7742,6.7742,6.7742,6.7742,6.7742,6.7742,6.7742,6.7742,6.7742,6.7742,6.7742,6.7742,6.7742,6.7742,6.7742,6.7742,6.7742,6.7737,6.7737,6.7737,6.7737,6.7737,6.7737,6.7737,6.7737,6.7737,6.7737,6.7737,6.7737,6.7737,6.7737,6.7737,6.7737,6.7737,6.7737,6.7737,6.7737,6.7737,6.7737,6.7737,6.7737,6.7737,6.7737,6.7737,6.7737,6.7737,6.7737,6.7737,6.7737,6.7737,6.7737,6.7737,6.7737,6.7737,6.7737,6.7737,6.7737,6.7737,6.7737,6.7737,6.7737,6.7737,6.7737,6.7737,6.7737,6.7737,6.7737,6.7737,6.7737,6.7737,6.7737,6.7737,6.7737,6.7737,6.7737,6.7737,6.7737,6.7737,6.7737,6.7737,6.7737,6.7737,6.7737,6.7737,6.7737,6.7737,6.7737,6.7737,6.7737,6.7737,6.7737,6.7737,6.7737,6.7737,6.7737,6.7737,6.7737,6.7737,6.7737,6.7737,6.7737,6.7737,6.7737,6.7737,6.7737,6.7737,6.7737,6.7737,6.7737,6.7737,6.7737,6.7737,6.7737,6.7737,6.7737,6.7737,6.7737,6.7737,6.7737,6.7737,6.7737,6.7737,6.7737,6.7737,6.7737,6.7737,6.7737,6.7737,6.7737,6.7737,6.7737,6.7737,6.7737,6.7737,6.7737,6.7737,6.7737,6.7737,6.7737,6.7737,6.7737,6.7737,6.7737,6.7737,6.7737,6.7737,6.7737,6.7737,6.7737,6.7737,6.7737,6.7737,6.7737,6.7737,6.7737,6.7737,6.7737,6.7737,6.7737,6.7737,6.7737,6.7737,6.7737,6.7737,6.7737,6.7737,6.7737,6.7737,6.7737,6.7737,6.7737,6.7737,6.7737,6.7737,6.7737,6.7737,6.7737,6.7737,6.7737,6.7737,6.7737,6.7737,6.7737,6.7737,6.7737,6.7737,6.7737,6.7737,6.7737,6.7737,6.7737,6.7737,6.7737,6.7737,6.7737,6.7737,6.7737,6.7737,6.7737
6.7685,6.7685,6.7685,6.7685,6.7685,6.7685,6.7685,6.7685,6.7685,6.7685,6.7685,6.7685,6.7685,6.7685,6.7685,6.7685,6.7685,6.7685,6.7685,6.7685,6.7685,6.7685,6.7685,6.7685,6.7685,6.7685,6.7685,6.7685,6.7685,6.7685,6.7685,6.7685,6.7685,6.7685,6.7685,6.7685,6.7685,6.7685,6.7685,6.7685,6.7685,6.7685,6.7685,6.7685,6.7685,6.7685,6.7685,6.7685,6.7685,6.7685,6.7685,6.7685,6.7685,6.7685,6.7685,6.7685,6.7685,6.7685,6.7685,6.7685,6.7685,6.7685,6.7685,6.7685,6.7685,6.7685,6.7685,6.7685,6.7685,6.7685,6.7685,6.7685,6.7685,6.7685,6.7685,6.7685,6.7685,6.7685,6.7685,6.7685,6.7685,6.7685,6.7685,6.7685,6.7685,6.7685,6.7685,6.7685,6.7685,6.7685,6.7685,6.7685,6.7685,6.7685,6.7685,6.7685,6.7685,6.7685,6.7685,6.7685,6.7685,6.7685,6.7685,6.7685,6.7685,6.7685,6.7685,6.7685,6.7685,6.7685,6.7685,6.7685,6.7685,6.7685,6.7685,6.7685,6.7685,6.7685,6.7685,6.7685,6.7685,6.7685,6.7685,6.7685,6.7685,6.7685,6.7685,6.7685,6.7685,6.7685,6.7685,6.7685,6.7685,6.7685,6.7685,6.7685,6.7685,6.7685,6.7685,6.7685,6.7685,6.7685,6.7685,6.7685,6.7685,6.7685,6.7685,6.7685,6.7685,6.7685,6.7685,6.7685,6.7685,6.7685,6.7685,6.7685,6.7685,6.7685,6.7685,6.7685,6.7685,6.7685,6.7685,6.7685,6.7685,6.7685,6.7685,6.7685,6.7685,6.7685,6.7685,6.7685,6.7685,6.7685,6.7685,6.7685,6.7685,6.7685,6.7685,6.7685,6.7685,6.7685,6.7685,6.7685,6.7685,6.7685,6.7685,6.7685,6.7685,6.7685,6.7685,6.7685,6.7685,6.7685,6.7685,6.7685,6.7685,6.7685,6.7685,6.7685,6.7685,6.7685,6.7685,6.7685,6.7685,6.7685,6.7685,6.7685,6.7685,6.7685,6.7685,6.7685,6.7685,6.7685,6.7685,6.7685,6.7685,6.7685,6.7685,6.7685,6.7685,6.7685,6.7685,6.7685,6.7685,6.7685,6.7685,6.7685,6.7685,6.7685,6.7685,6.7685,6.7685,6.7685,6.7685,6.7685,6.7685,6.7685,6.7685,6.7685,6.7685,6.7685,6.7685,6.7685,6.7685,6.7685,6.7685,6.7685,6.7685,6.7685,6.7685,6.7685,6.7685,6.7685,6.7685,6.7685,6.7685,6.7685,6.7685,6.7685,6.7685,6.7685,6.7685,6.7685,6.7685,6.7685,6.7685,6.7685,6.7685,6.7685,6.7685,6.7685,6.7685,6.7685,6.7685,6.7685,6.7685,6.7685,6.7685,6.7685,6.7685,6.7685,6.7685,6.7685,6.7685,6.7685,6.7685,6.7685,6.7685,6.7685,6.7685,6.7685,6.7685,6.7685,6.7685,6.7685,6.7685,6.7685,6.7685,6.7685,6.7685,6.7685,6.7685,6.7685,6.7685,6.7685,6.7685,6.7685,6.7685,6.7685,6.7685,6.7685,6.7685,6.7685,6.7685,6.7685,6.7685,6.7685,6.7685,6.7685,6.7685,6.7685,6.7685,6.7685,6.7685,6.7685,6.7685,6.7685,6.7685,6.7685,6.7685,6.7685,6.7685,6.7685,6.7685,6.7685,6.7685,6.7685,6.7685,6.7685,6.7685,6.7685,6.7685,6.7685,6.7685,6.7685,6.7685,6.7685,6.7685,6.7685,6.7685,6.7685,6.7685,6.7685,6.7685,6.7685,6.7685,6.7685,6.7685,6.7685,6.7685,6.7685,6.7685,6.7685,6.7685,6.7685,6.7685,6.7685,6.7685,6.7685,6.7685,6.7685,6.7685,6.7685,6.7685,6.7685,6.7685,6.7685,6.7685,6.7685,6.7685,6.7685,6.7685,6.7685,6.7685,6.7685,6.7685,6.7685,6.7685,6.7685,6.7685,6.7685,6.7685,6.7685,6.7685,6.7685,6.7685,6.7685,6.7685,6.7685,6.7685,6.7685,6.7685,6.7685,6.7685,6.7685,6.7685,6.7685,6.7685,6.7685,6.7685,6.7685,6.7685,6.7685,6.7685,6.7685,6.7685,6.7685,6.7685,6.7685,6.7685,6.7685,6.7685,6.7685,6.7685,6.7685,6.7685,6.7685,6.7685,6.7685,6.7685,6.7685,6.7685,6.7685,6.7685,6.7685,6.7685,6.7685,6.7685,6.7685,6.7685,6.7685,6.7685,6.7685,6.7685,6.7685,6.7685,6.7685,6.7685,6.7685,6.7685,6.7685,6.7685,6.7685,6.7685,6.7685,6.7685,6.7685,6.7685,6.7685,6.7685,6.7685,6.7685,6.7685,6.7685,6.7685,6.7685,6.7685,6.7685,6.7685,6.7685,6.7685,6.7685,6.7685,6.7685,6.7685,6.7685,6.7685,6.7685,6.7685,6.7685,6.7685,6.7685,6.7685,6.7685,6.7685,6.7685,6.7685,6.7685,6.7685,6.7685,6.7685,6.7685,6.7685,6.7685,6.7685,6.7685,6.7685,6.7685,6.7685,6.7685,6.7685,6.7685,6.7685,6.7685,6.7685,6.7685,6.7685,6.7685,6.7685,6.7685,6.7685,6.7685,6.7685,6.7685,6.7685,6.7685,6.7685,6.7685,6.7685,6.7685,6.7685,6.7685,6.7685,6.7685,6.7685,6.7685,6.7685,6.7685,6.7685,6.7685,6.7685,6.7685,6.7685,6.7685,6.7685,6.7685,6.7685,6.7685,6.7685,6.7685,6.7685,6.7685,6.7685,6.7685,6.7685,6.7685,6.7685,6.7685,6.7685,6.7685,6.7685,6.7685,6.7685,6.7685,6.7685,6.7685,6.7685,6.7685,6.7685,6.7690,6.7690,6.7690,6.7690,6.7690,6.7690,6.7690,6.7690,6.7690,6.7690,6.7690,6.7690,6.7690,6.7690,6.7690,6.7690,6.7690,6.7690,6.7690,6.7690,6.7690,6.7690,6.7690,6.7690,6.7690,6.7690,6.7690,6.7690,6.7690,6.7690,6.7690,6.7690,6.7690,6.7690,6.7690,6.7690,6.7690,6.7690,6.7690,6.7690,6.7690,6.7690,6.7690,6.7690,6.7690,6.7690,6.7690,6.7690,6.7690,6.7690,6.7690,6.7690,6.7690,6.7690,6.7690,6.7690,6.7690,6.7690,6.7690,6.7690,6.7690,6.7690,6.7690,6.7690,6.7690,6.7690,6.7690,6.7690,6.7690,6.7690,6.7690,6.7690,6.7690,6.7690,6.7690,6.7690,6.7690,6.7690,6.7690,6.7690,6.7690,6.7690,6.7690,6.7690,6.7690,6.7690,6.7690,6.7690,6.7690,6.7690,6.7690,6.7690,6.7690,6.7690,6.7690,6.7690,6.7690,6.7690,6.7690,6.7690,6.7690,6.7690,6.7690,6.7690,6.7690,6.7690,6.7690,6.7690,6.7690,6.7690,6.7690,6.7690,6.7690,6.7690,6.7690,6.7690,6.7690,6.7690,6.7690,6.7690,6.7690,6.7690,6.7690,6.7690,6.7690,6.7690,6.7690,6.7690,6.7690,6.7690,6.7690,6.7690,6.7690,6.7690,6.7690,6.7690,6.7690,6.7690,6.7690,6.7690,6.7690,6.7690,6.7690,6.7690,6.7690,6.7690,6.7690,6.7690,6.7690,6.7690,6.7690,6.7690,6.7690,6.7690,6.7690,6.7690,6.7690,6.7690,6.7690,6.7690,6.7690,6.7690,6.7690,6.7690,6.7690,6.7690,6.7690,6.7690,6.7690,6.7690,6.7690,6.7690,6.7690,6.7690,6.7690,6.7690,6.7690,6.7690,6.7690,6.7690,6.7690,6.7690,6.7690,6.7690,6.7690,6.7690,6.7690,6.7690,6.7690,6.7690,6.7690,6.7690,6.7690,6.7690,6.7690,6.7690,6.7690,6.7690,6.7690,6.7690,6.7690,6.7690,6.7690,6.7690,6.7690,6.7690,6.7690,6.7690,6.7690,6.7690,6.7690,6.7690,6.7690,6.7690,6.7690,6.7690,6.7690,6.7690,6.7690,6.7690,6.7690,6.7690,6.7690,6.7690,6.7690,6.7690,6.7690,6.7690,6.7690,6.7690,6.7690,6.7690,6.7690,6.7690,6.7690,6.7690,6.7690,6.7690,6.7690,6.7690,6.7690,6.7690,6.7690,6.7690,6.7690,6.7690,6.7690,6.7690,6.7690,6.7690,6.7690,6.7690,6.7690,6.7690,6.7690,6.7690,6.7690,6.7690,6.7690,6.7690,6.7690,6.7690,6.7690,6.7690,6.7690,6.7690,6.7690,6.7690,6.7690,6.7690,6.7690,6.7690,6.7690,6.7690,6.7690,6.7690,6.7690,6.7690,6.7690,6.7690,6.7690,6.7690,6.7690,6.7690,6.7690,6.7690,6.7690,6.7690,6.7690,6.7690,6.7690,6.7690,6.7690,6.7690,6.7690,6.7690,6.7690,6.7690,6.7690,6.7690,6.7690,6.7690,6.7690,6.7690,6.7690,6.7690,6.7690,6.7690,6.7690,6.7690,6.7690,6.7690,6.7690,6.7690,6.7690,6.7690,6.7690,6.7690,6.7690,6.7690,6.7690,6.7690,6.7690,6.7690,6.7690,6.7690,6.7690,6.7690,6.7690,6.7690,6.7690,6.7690,6.7690,6.7690,6.7690,6.7690,6.7690,6.7690,6.7690,6.7690,6.7690,6.7690,6.7690,6.7690,6.7690,6.7690,6.7690,6.7690,6.7690,6.7690,6.7690,6.7690,6.7690,6.7690,6.7690,6.7690,6.7690,6.7690,6.7690,6.7690,6.7690,6.7690,6.7690,6.7690,6.7690,6.7690,6.7690,6.7690,6.7690,6.7690,6.7690,6.7690,6.7690,6.7690,6.7690,6.7690,6.7690,6.7690,6.7690,6.7690,6.7690,6.7690,6.7690,6.7690,6.7690,6.7690,6.7690,6.7690,6.7690,6.7690,6.7690,6.7690,6.7690,6.7690,6.7690,6.7690,6.7690,6.7690,6.7690,6.7690
6.7639,6.7639,6.7639,6.7639,6.7639,6.7639,6.7639,6.7639,6.7639,6.7639,6.7639,6.7639,6.7639,6.7639,6.7639,6.7639,6.7639,6.7639,6.7639,6.7639,6.7639,6.7639,6.7639,6.7639,6.7639,6.7639,6.7639,6.7639,6.7639,6.7639,6.7639,6.7639,6.7639,6.7639,6.7639,6.7639,6.7639,6.7639,6.7639,6.7639,6.7639,6.7639,6.7639,6.7639,6.7639,6.7639,6.7639,6.7639,6.7639,6.7639,6.7639,6.7639,6.7639,6.7639,6.7639,6.7639,6.7639,6.7639,6.7639,6.7639,6.7639,6.7639,6.7639,6.7639,6.7639,6.7639,6.7639,6.7639,6.7639,6.7639,6.7639,6.7639,6.7639,6.7639,6.7639,6.7639,6.7639,6.7639,6.7639,6.7639,6.7639,6.7639,6.7639,6.7639,6.7639,6.7639,6.7639,6.7639,6.7639,6.7639,6.7639,6.7639,6.7639,6.7639,6.7639,6.7639,6.7639,6.7639,6.7639,6.7639,6.7639,6.7639,6.7639,6.7639,6.7639,6.7639,6.7639,6.7639,6.7639,6.7639,6.7639,6.7639,6.7639,6.7639,6.7639,6.7639,6.7639,6.7639,6.7639,6.7639,6.7639,6.7639,6.7639,6.7639,6.7639,6.7639,6.7639,6.7639,6.7639,6.7639,6.7639,6.7639,6.7639,6.7639,6.7639,6.7639,6.7639,6.7639,6.7639,6.7639,6.7639,6.7639,6.7639,6.7639,6.7639,6.7639,6.7639,6.7639,6.7639,6.7639,6.7639,6.7639,6.7639,6.7639,6.7639,6.7639,6.7639,6.7639,6.7639,6.7639,6.7639,6.7639,6.7639,6.7639,6.7639,6.7639,6.7639,6.7639,6.7639,6.7639,6.7639,6.7639,6.7639,6.7639,6.7639,6.7639,6.7639,6.7639,6.7639,6.7639,6.7639,6.7639,6.7639,6.7639,6.7639,6.7639,6.7639,6.7639,6.7639,6.7639,6.7639,6.7639,6.7639,6.7639,6.7639,6.7639,6.7639,6.7639,6.7639,6.7639,6.7639,6.7639,6.7639,6.7639,6.7639,6.7639,6.7639,6.7639,6.7639,6.7639,6.7639,6.7639,6.7639,6.7639,6.7639,6.7639,6.7639,6.7639,6.7639,6.7639,6.7639,6.7639,6.7639,6.7639,6.7639,6.7639,6.7639,6.7639,6.7639,6.7639,6.7639,6.7639,6.7639,6.7639,6.7639,6.7639,6.7639,6.7639,6.7639,6.7639,6.7639,6.7639,6.7639,6.7639,6.7639,6.7639,6.7639,6.7639,6.7639,6.7639,6.7639,6.7639,6.7639,6.7639,6.7639,6.7639,6.7639,6.7639,6.7639,6.7639,6.7639,6.7639,6.7639,6.7639,6.7639,6.7639,6.7639,6.7639,6.7639,6.7639,6.7639,6.7639,6.7639,6.7639,6.7639,6.7639,6.7639,6.7639,6.7639,6.7639,6.7639,6.7639,6.7639,6.7639,6.7639,6.7639,6.7639,6.7639,6.7639,6.7639,6.7639,6.7639,6.7639,6.7639,6.7639,6.7639,6.7639,6.7639,6.7639,6.7639,6.7639,6.7639,6.7639,6.7639,6.7639,6.7639,6.7639,6.7639,6.7639,6.7639,6.7639,6.7639,6.7639,6.7639,6.7639,6.7639,6.7639,6.7639,6.7639,6.7639,6.7639,6.7639,6.7639,6.7639,6.7639,6.7639,6.7639,6.7639,6.7639,6.7639,6.7639,6.7639,6.7639,6.7639,6.7639,6.7639,6.7639,6.7639,6.7639,6.7639,6.7639,6.7639,6.7639,6.7639,6.7639,6.7639,6.7639,6.7639,6.7639,6.7639,6.7639,6.7639,6.7639,6.7639,6.7639,6.7639,6.7639,6.7639,6.7639,6.7639,6.7639,6.7639,6.7639,6.7639,6.7639,6.7639,6.7639,6.7639,6.7639,6.7639,6.7639,6.7639,6.7639,6.7639,6.7639,6.7639,6.7639,6.7639,6.7639,6.7639,6.7639,6.7639,6.7639,6.7639,6.7639,6.7639,6.7639,6.7639,6.7639,6.7639,6.7639,6.7639,6.7639,6.7639,6.7639,6.7639,6.7639,6.7639,6.7639,6.7639,6.7639,6.7639,6.7639,6.7639,6.7639,6.7639,6.7639,6.7639,6.7639,6.7639,6.7639,6.7639,6.7639,6.7639,6.7639,6.7639,6.7639,6.7639,6.7639,6.7639,6.7639,6.7639,6.7639,6.7639,6.7639,6.7639,6.7639,6.7639,6.7639,6.7639,6.7639,6.7639,6.7639,6.7639,6.7639,6.7639,6.7639,6.7639,6.7639,6.7639,6.7639,6.7639,6.7639,6.7639,6.7639,6.7639,6.7639,6.7639,6.7639,6.7639,6.7639,6.7639,6.7639,6.7639,6.7639,6.7639,6.7639,6.7639,6.7639,6.7639,6.7639,6.7639,6.7639,6.7639,6.7639,6.7639,6.7639,6.7639,6.7639,6.7639,6.7639,6.7639,6.7639,6.7639,6.7639,6.7639,6.7639,6.7639,6.7639,6.7639,6.7639,6.7639,6.7639,6.7639,6.7639,6.7639,6.7639,6.7639,6.7639,6.7639,6.7639,6.7639,6.7639,6.7639,6.7639,6.7639,6.7639,6.7639,6.7639,6.7639,6.7639,6.7639,6.7639,6.7639,6.7639,6.7639,6.7639,6.7639,6.7639,6.7639,6.7639,6.7639,6.7639,6.7639,6.7639,6.7639,6.7639,6.7639,6.7639,6.7639,6.7639,6.7639,6.7639,6.7639,6.7639,6.7639,6.7639,6.7639,6.7639,6.7639,6.7639,6.7639,6.7639,6.7639,6.7639,6.7633,6.7633,6.7633,6.7633,6.7633,6.7633,6.7633,6.7633,6.7633,6.7633,6.7633,6.7633,6.7633,6.7633,6.7633,6.7633,6.7633,6.7633,6.7633,6.7633,6.7633,6.7633,6.7633,6.7633,6.7633,6.7633,6.7633,6.7633,6.7633,6.7633,6.7633,6.7633,6.7633,6.7633,6.7633,6.7633,6.7633,6.7633,6.7633,6.7633,6.7633,6.7633,6.7633,6.7633,6.7633,6.7633,6.7633,6.7633,6.7633,6.7633,6.7633,6.7633,6.7633,6.7633,6.7633,6.7633,6.7633,6.7633,6.7633,6.7633,6.7633,6.7633,6.7633,6.7633,6.7633,6.7633,6.7633,6.7633,6.7633,6.7633,6.7633,6.7633,6.7633,6.7633,6.7633,6.7633,6.7633,6.7633,6.7633,6.7633,6.7633,6.7633,6.7633,6.7633,6.7633,6.7633,6.7633,6.7633,6.7633,6.7633,6.7633,6.7633,6.7633,6.7633,6.7633,6.7633,6.7633,6.7633,6.7633,6.7633,6.7633,6.7633,6.7633,6.7633,6.7633,6.7633,6.7633,6.7633,6.7633,6.7633,6.7633,6.7633,6.7633,6.7633,6.7633,6.7633,6.7633,6.7633,6.7633,6.7633,6.7633,6.7633,6.7633,6.7633,6.7633,6.7633,6.7633,6.7633,6.7633,6.7633,6.7633,6.7633,6.7633,6.7633,6.7633,6.7633,6.7633,6.7633,6.7633,6.7633,6.7633,6.7633,6.7633,6.7633,6.7633,6.7633,6.7633,6.7633,6.7633,6.7633,6.7633,6.7633,6.7633,6.7633,6.7633,6.7633,6.7633,6.7633,6.7633,6.7633,6.7633,6.7633,6.7633,6.7633,6.7633,6.7633,6.7633,6.7633,6.7633,6.7633,6.7633,6.7633,6.7633,6.7633,6.7633,6.7633,6.7633,6.7633,6.7633,6.7633,6.7633,6.7633,6.7633,6.7633,6.7633,6.7633,6.7633,6.7633,6.7633,6.7633,6.7633,6.7633,6.7633,6.7633,6.7633,6.7633,6.7633,6.7633,6.7633,6.7633,6.7633,6.7633,6.7633,6.7633,6.7633,6.7633,6.7633,6.7633,6.7633,6.7633,6.7633,6.7633,6.7633,6.7633,6.7633,6.7633,6.7633,6.7633,6.7633,6.7633,6.7633,6.7633,6.7633,6.7633,6.7633,6.7633,6.7633,6.7633,6.7633,6.7633,6.7633,6.7633,6.7633,6.7633,6.7633,6.7633,6.7633,6.7633,6.7633,6.7633,6.7633,6.7633,6.7633,6.7633,6.7633,6.7633,6.7633,6.7633,6.7633,6.7633,6.7633,6.7633,6.7633,6.7633,6.7633,6.7633,6.7633,6.7633,6.7633,6.7633,6.7633,6.7633,6.7633,6.7633,6.7633,6.7633,6.7633,6.7633,6.7633,6.7633,6.7633,6.7633,6.7633,6.7633,6.7633,6.7633,6.7633,6.7633,6.7633,6.7633,6.7633,6.7633,6.7633,6.7633,6.7633,6.7633,6.7633,6.7633,6.7633,6.7633,6.7633,6.7633,6.7633,6.7633,6.7633,6.7633,6.7633,6.7633,6.7633,6.7633,6.7633,6.7633,6.7633,6.7633,6.7633,6.7633,6.7633,6.7633,6.7633,6.7633,6.7633,6.7633,6.7633,6.7633,6.7633,6.7633,6.7633,6.7633,6.7633,6.7633,6.7633,6.7633,6.7633,6.7633,6.7633,6.7633,6.7633,6.7633,6.7633,6.7633,6.7633,6.7633,6.7633,6.7633,6.7633,6.7633,6.7633,6.7633,6.7633,6.7633,6.7633,6.7633,6.7633,6.7633,6.7633,6.7633,6.7633,6.7633,6.7633,6.7633,6.7633,6.7633,6.7633,6.7633,6.7633,6.7633,6.7633,6.7633,6.7633,6.7633,6.7633,6.7633,6.7633,6.7633,6.7633,6.7633,6.7633,6.7633,6.7633,6.7633,6.7633,6.7633,6.7633,6.7633,6.7633,6.7633,6.7633,6.7633,6.7633,6.7633,6.7633,6.7633,6.7633,6.7633,6.7633,6.7633,6.7633,6.7633,6.7633,6.7633,6.7633,6.7633,6.7633,6.7633,6.7633,6.7633,6.7633,6.7633,6.7633,6.7633,6.7633,6.7633,6.7633,6.7633,6.7633,6.7633,6.7633,6.7633,6.7633,6.7633,6.7633,6.7633,6.7633,6.7633,6.7633,6.7633,6.7633,6.7633,6.7633,6.7633,6.7633,6.7633,6.7633,6.7633,6.7633
6.7584,6.7584,6.7584,6.7584,6.7584,6.7584,6.7584,6.7584,6.7584,6.7584,6.7584,6.7584,6.7584,6.7584,6.7584,6.7584,6.7584,6.7584,6.7584,6.7584,6.7584,6.7584,6.7584,6.7584,6.7584,6.7584,6.7584,6.7584,6.7584,6.7584,6.7584,6.7584,6.7584,6.7584,6.7584,6.7584,6.7584,6.7584,6.7584,6.7584,6.7584,6.7584,6.7584,6.7584,6.7584,6.7584,6.7584,6.7584,6.7584,6.7584,6.7584,6.7584,6.7584,6.7584,6.7584,6.7584,6.7584,6.7584,6.7584,6.7584,6.7584,6.7584,6.7584,6.7584,6.7584,6.7584,6.7584,6.7584,6.7584,6.7584,6.7584,6.7584,6.7584,6.7584,6.7584,6.7584,6.7584,6.7584,6.7584,6.7584,6.7584,6.7584,6.7584,6.7584,6.7584,6.7584,6.7584,6.7584,6.7584,6.7584,6.7584,6.7584,6.7584,6.7584,6.7584,6.7584,6.7584,6.7584,6.7584,6.7584,6.7584,6.7584,6.7584,6.7584,6.7584,6.7584,6.7584,6.7584,6.7584,6.7584,6.7584,6.7584,6.7584,6.7584,6.7584,6.7584,6.7584,6.7584,6.7584,6.7584,6.7584,6.7584,6.7584,6.7584,6.7584,6.7584,6.7584,6.7584,6.7584,6.7584,6.7584,6.7584,6.7584,6.7584,6.7584,6.7584,6.7584,6.7584,6.7584,6.7584,6.7584,6.7584,6.7584,6.7584,6.7584,6.7584,6.7584,6.7584,6.7584,6.7584,6.7584,6.7584,6.7584,6.7584,6.7584,6.7584,6.7584,6.7584,6.7584,6.7584,6.7584,6.7584,6.7584,6.7584,6.7584,6.7584,6.7584,6.7584,6.7584,6.7584,6.7584,6.7584,6.7584,6.7584,6.7584,6.7584,6.7584,6.7584,6.7584,6.7584,6.7584,6.7584,6.7584,6.7584,6.7584,6.7584,6.7584,6.7584,6.7584,6.7584,6.7584,6.7584,6.7584,6.7584,6.7584,6.7584,6.7584,6.7584,6.7584,6.7584,6.7584,6.7584,6.7584,6.7584,6.7584,6.7584,6.7584,6.7584,6.7584,6.7584,6.7584,6.7584,6.7584,6.7584,6.7584,6.7584,6.7584,6.7584,6.7584,6.7584,6.7584,6.7584,6.7584,6.7584,6.7584,6.7584,6.7584,6.7584,6.7584,6.7584,6.7584,6.7584,6.7584,6.7584,6.7584,6.7584,6.7584,6.7584,6.7584,6.7584,6.7584,6.7584,6.7584,6.7584,6.7584,6.7584,6.7584,6.7584,6.7584,6.7584,6.7584,6.7584,6.7584,6.7584,6.7584,6.7584,6.7584,6.7584,6.7584,6.7584,6.7584,6.7584,6.7584,6.7584,6.7584,6.7584,6.7584,6.7584,6.7584,6.7584,6.7584,6.7584,6.7584,6.7584,6.7584,6.7584,6.7584,6.7584,6.7584,6.7584,6.7584,6.7584,6.7584,6.7584,6.7584,6.7584,6.7584,6.7584,6.7584,6.7584,6.7584,6.7584,6.7584,6.7584,6.7584,6.7584,6.7584,6.7584,6.7584,6.7584,6.7584,6.7584,6.7584,6.7584,6.7584,6.7584,6.7584,6.7584,6.7584,6.7584,6.7584,6.7584,6.7584,6.7584,6.7584,6.7584,6.7584,6.7584,6.7584,6.7584,6.7584,6.7584,6.7584,6.7584,6.7584,6.7584,6.7584,6.7584,6.7584,6.7584,6.7584,6.7584,6.7584,6.7584,6.7584,6.7584,6.7584,6.7584,6.7584,6.7584,6.7584,6.7584,6.7584,6.7584,6.7584,6.7584,6.7584,6.7584,6.7584,6.7584,6.7584,6.7584,6.7584,6.7584,6.7584,6.7584,6.7584,6.7584,6.7584,6.7584,6.7584,6.7584,6.7584,6.7584,6.7584,6.7584,6.7584,6.7584,6.7584,6.7584,6.7584,6.7584,6.7584,6.7584,6.7584,6.7584,6.7584,6.7584,6.7584,6.7584,6.7584,6.7584,6.7584,6.7584,6.7584,6.7584,6.7584,6.7584,6.7584,6.7584,6.7584,6.7584,6.7584,6.7584,6.7584,6.7584,6.7584,6.7584,6.7584,6.7584,6.7584,6.7584,6.7584,6.7584,6.7584,6.7584,6.7584,6.7584,6.7584,6.7584,6.7584,6.7584,6.7584,6.7584,6.7584,6.7584,6.7584,6.7584,6.7584,6.7584,6.7584,6.7584,6.7584,6.7584,6.7584,6.7584,6.7584,6.7584,6.7584,6.7584,6.7584,6.7584,6.7584,6.7584,6.7584,6.7584,6.7584,6.7584,6.7584,6.7584,6.7584,6.7584,6.7584,6.7584,6.7584,6.7584,6.7584,6.7584,6.7584,6.7584,6.7584,6.7584,6.7584,6.7584,6.7584,6.7584,6.7584,6.7584,6.7584,6.7584,6.7584,6.7584,6.7584,6.7584,6.7584,6.7584,6.7584,6.7584,6.7584,6.7584,6.7584,6.7584,6.7584,6.7584,6.7584,6.7584,6.7584,6.7584,6.7584,6.7584,6.7584,6.7584,6.7584,6.7584,6.7584,6.7584,6.7584,6.7584,6.7584,6.7584,6.7584,6.7584,6.7584,6.7584,6.7584,6.7584,6.7584,6.7584,6.7584,6.7584,6.7584,6.7584,6.7584,6.7584,6.7584,6.7584,6.7584,6.7584,6.7584,6.7584,6.7584,6.7584,6.7584,6.7584,6.7584,6.7584,6.7584,6.7584,6.7584,6.7584,6.7584,6.7584,6.7584,6.7584,6.7584,6.7584,6.7584,6.7584,6.7584,6.7584,6.7584,6.7584,6.7584,6.7584,6.7584,6.7584,6.7584,6.7584,6.7584,6.7584,6.7584,6.7584,6.7584,6.7584,6.7584,6.7584,6.7584,6.7584,6.7584,6.7584,6.7584,6.7584,6.7584,6.7584,6.7584,6.7584,6.7584,6.7584,6.7584,6.7584,6.7584,6.7584,6.7584,6.7584,6.7584,6.7584,6.7584,6.7584,6.7584,6.7584,6.7584,6.7584,6.7584,6.7584,6.7584,6.7584,6.7584,6.7584,6.7584,6.7584,6.7584,6.7584,6.7584,6.7584,6.7584,6.7584,6.7584,6.7584,6.7584,6.7584,6.7584,6.7584,6.7584,6.7584,6.7584,6.7584,6.7584,6.7584,6.7584,6.7584,6.7584,6.7584,6.7584,6.7584,6.7584,6.7584,6.7584,6.7584,6.7584,6.7584,6.7584,6.7584,6.7584,6.7584,6.7584,6.7584,6.7584,6.7584,6.7584,6.7584,6.7584,6.7584,6.7584,6.7584,6.7584,6.7584,6.7584,6.7584,6.7584,6.7584,6.7584,6.7584,6.7584,6.7584,6.7584,6.7584,6.7584,6.7584,6.7584,6.7584,6.7584,6.7584,6.7584,6.7584,6.7584,6.7584,6.7584,6.7584,6.7584,6.7584,6.7584,6.7584,6.7584,6.7584,6.7584,6.7584,6.7584,6.7584,6.7584,6.7584,6.7584,6.7584,6.7584,6.7584,6.7584,6.7584,6.7584,6.7584,6.7584,6.7584,6.7584,6.7584,6.7584,6.7584,6.7584,6.7584,6.7590,6.7590,6.7590,6.7590,6.7590,6.7590,6.7590,6.7590,6.7590,6.7590,6.7590,6.7590,6.7590,6.7590,6.7590,6.7590,6.7590,6.7590,6.7590,6.7590,6.7590,6.7590,6.7590,6.7590,6.7590,6.7590,6.7590,6.7590,6.7590,6.7590,6.7590,6.7590,6.7590,6.7590,6.7590,6.7590,6.7590,6.7590,6.7590,6.7590,6.7590,6.7590,6.7590,6.7590,6.7590,6.7590,6.7590,6.7590,6.7590,6.7590,6.7590,6.7590,6.7590,6.7590,6.7590,6.7590,6.7590,6.7590,6.7590,6.7590,6.7590,6.7590,6.7590,6.7590,6.7590,6.7590,6.7590,6.7590,6.7590,6.7590,6.7590,6.7590,6.7590,6.7590,6.7590,6.7590,6.7590,6.7590,6.7590,6.7590,6.7590,6.7590,6.7590,6.7590,6.7590,6.7590,6.7590,6.7590,6.7590,6.7590,6.7590,6.7590,6.7590,6.7590,6.7590,6.7590,6.7590,6.7590,6.7590,6.7590,6.7590,6.7590,6.7590,6.7590,6.7590,6.7590,6.7590,6.7590,6.7590,6.7590,6.7590,6.7590,6.7590,6.7590,6.7590,6.7590,6.7590,6.7590,6.7590,6.7590,6.7590,6.7590,6.7590,6.7590,6.7590,6.7590,6.7590,6.7590,6.7590,6.7590,6.7590,6.7590,6.7590,6.7590,6.7590,6.7590,6.7590,6.7590,6.7590,6.7590,6.7590,6.7590,6.7590,6.7590,6.7590,6.7590,6.7590,6.7590,6.7590,6.7590,6.7590,6.7590,6.7590,6.7590,6.7590,6.7590,6.7590,6.7590,6.7590,6.7590,6.7590,6.7590,6.7590,6.7590,6.7590,6.7590,6.7590,6.7590,6.7590,6.7590,6.7590,6.7590,6.7590,6.7590,6.7590,6.7590,6.7590,6.7590,6.7590,6.7590,6.7590,6.7590,6.7590,6.7590,6.7590,6.7590,6.7590,6.7590,6.7590,6.7590,6.7590,6.7590,6.7590,6.7590,6.7590,6.7590,6.7590,6.7590,6.7590,6.7590,6.7590,6.7590,6.7590,6.7590,6.7590,6.7590,6.7590,6.7590,6.7590,6.7590,6.7590,6.7590,6.7590,6.7590,6.7590,6.7590,6.7590,6.7590,6.7590,6.7590,6.7590,6.7590,6.7590,6.7590,6.7590,6.7590,6.7590,6.7590,6.7590,6.7590,6.7590,6.7590,6.7590,6.7590,6.7590,6.7590,6.7590,6.7590,6.7590,6.7590,6.7590,6.7590,6.7590,6.7590,6.7590,6.7590,6.7590,6.7590,6.7590,6.7590,6.7590,6.7590,6.7590,6.7590,6.7590,6.7590,6.7590,6.7590,6.7590,6.7590,6.7590,6.7590,6.7590,6.7590,6.7590,6.7590,6.7590,6.7590,6.7590,6.7590,6.7590,6.7590,6.7590,6.7590,6.7590,6.7590,6.7590,6.7590,6.7590,6.7590,6.7590,6.7590,6.7590,6.7590
6.7533,6.7533,6.7533,6.7533,6.7533,6.7533,6.7533,6.7533,6.7533,6.7533,6.7533,6.7533,6.7533,6.7533,6.7533,6.7533,6.7533,6.7533,6.7533,6.7533,6.7533,6.7533,6.7533,6.7533,6.7533,6.7533,6.7533,6.7533,6.7533,6.7533,6.7533,6.7533,6.7533,6.7533,6.7533,6.7533,6.7533,6.7533,6.7533,6.7533,6.7533,6.7533,6.7533,6.7533,6.7533,6.7533,6.7533,6.7533,6.7533,6.7533,6.7533,6.7533,6.7533,6.7533,6.7533,6.7533,6.7533,6.7533,6.7533,6.7533,6.7533,6.7533,6.7533,6.7533,6.7533,6.7533,6.7533,6.7533,6.7533,6.7533,6.7533,6.7533,6.7533,6.7533,6.7533,6.7533,6.7533,6.7533,6.7533,6.7533,6.7533,6.7533,6.7533,6.7533,6.7533,6.7533,6.7533,6.7533,6.7533,6.7533,6.7533,6.7533,6.7533,6.7533,6.7533,6.7533,6.7533,6.7533,6.7533,6.7533,6.7533,6.7533,6.7533,6.7533,6.7533,6.7533,6.7533,6.7533,6.7533,6.7533,6.7533,6.7533,6.7533,6.7533,6.7533,6.7533,6.7533,6.7533,6.7533,6.7533,6.7533,6.7533,6.7533,6.7533,6.7533,6.7533,6.7533,6.7533,6.7533,6.7533,6.7533,6.7533,6.7533,6.7533,6.7533,6.7533,6.7533,6.7533,6.7533,6.7533,6.7533,6.7533,6.7533,6.7533,6.7533,6.7533,6.7533,6.7533,6.7533,6.7533,6.7533,6.7533,6.7533,6.7533,6.7533,6.7533,6.7533,6.7533,6.7533,6.7533,6.7533,6.7533,6.7533,6.7533,6.7533,6.7533,6.7533,6.7533,6.7538,6.7538,6.7538,6.7538,6.7538,6.7538,6.7538,6.7538,6.7538,6.7538,6.7538,6.7538,6.7538,6.7538,6.7538,6.7538,6.7538,6.7538,6.7538,6.7538,6.7538,6.7538,6.7538,6.7538,6.7538,6.7538,6.7538,6.7538,6.7538,6.7538,6.7538,6.7538,6.7538,6.7538,6.7538,6.7538,6.7538,6.7538,6.7538,6.7538,6.7538,6.7538,6.7538,6.7538,6.7538,6.7538,6.7538,6.7538,6.7538,6.7538,6.7538,6.7538,6.7538,6.7538,6.7538,6.7538,6.7538,6.7538,6.7538,6.7538,6.7538,6.7538,6.7538,6.7538,6.7538,6.7538,6.7538,6.7538,6.7538,6.7538,6.7538,6.7538,6.7538,6.7538,6.7538,6.7538,6.7538,6.7538,6.7538,6.7538,6.7538,6.7538,6.7538,6.7538,6.7538,6.7538,6.7538,6.7538,6.7538,6.7538,6.7538,6.7538,6.7538,6.7538,6.7538,6.7538,6.7538,6.7538,6.7538,6.7538,6.7538,6.7538,6.7538,6.7538,6.7538,6.7538,6.7538,6.7538,6.7538,6.7538,6.7538,6.7538,6.7538,6.7538,6.7538,6.7538,6.7538,6.7538,6.7538,6.7538,6.7538,6.7538,6.7538,6.7538,6.7538,6.7538,6.7538,6.7538,6.7538,6.7538,6.7538,6.7538,6.7538,6.7538,6.7538,6.7538,6.7538,6.7538,6.7538,6.7538,6.7538,6.7538,6.7538,6.7538,6.7538,6.7538,6.7538,6.7538,6.7538,6.7538,6.7538,6.7538,6.7538,6.7538,6.7538,6.7538,6.7538,6.7538,6.7538,6.7538,6.7538,6.7538,6.7538,6.7538,6.7538,6.7538,6.7538,6.7538,6.7538,6.7538,6.7538,6.7538,6.7538,6.7538,6.7538,6.7538,6.7538,6.7538,6.7538,6.7538,6.7538,6.7538,6.7538,6.7538,6.7538,6.7538,6.7538,6.7538,6.7538,6.7538,6.7538,6.7538,6.7538,6.7538,6.7538,6.7538,6.7538,6.7538,6.7538,6.7538,6.7538,6.7538,6.7538,6.7538,6.7538,6.7538,6.7538,6.7538,6.7538,6.7538,6.7538,6.7538,6.7538,6.7538,6.7538,6.7538,6.7538,6.7538,6.7538,6.7538,6.7538,6.7538,6.7538,6.7538,6.7538,6.7538,6.7538,6.7538,6.7538,6.7538,6.7538,6.7538,6.7538,6.7538,6.7538,6.7538,6.7538,6.7538,6.7538,6.7538,6.7538,6.7538,6.7538,6.7538,6.7538,6.7538,6.7538,6.7538,6.7538,6.7538,6.7538,6.7538,6.7538,6.7538,6.7538,6.7538,6.7538,6.7538,6.7538,6.7538,6.7538,6.7538,6.7538,6.7538,6.7538,6.7538,6.7538,6.7538,6.7538,6.7538,6.7538,6.7538,6.7538,6.7538,6.7538,6.7538,6.7538,6.7538,6.7538,6.7538,6.7538,6.7538,6.7538,6.7538,6.7538,6.7538,6.7538,6.7538,6.7538,6.7538,6.7538,6.7538,6.7538,6.7538,6.7538,6.7538,6.7538,6.7538,6.7538,6.7538,6.7538,6.7538,6.7538,6.7538,6.7538,6.7538,6.7538,6.7538,6.7538,6.7538,6.7538,6.7538,6.7538,6.7538,6.7538,6.7538,6.7538,6.7538,6.7538,6.7538,6.7538,6.7538,6.7538,6.7538,6.7538,6.7538,6.7538,6.7538,6.7538,6.7538,6.7538,6.7538,6.7538,6.7538,6.7538,6.7538,6.7538,6.7538,6.7538,6.7538,6.7538,6.7538,6.7538,6.7538,6.7538,6.7538,6.7538,6.7538,6.7538,6.7538,6.7538,6.7538,6.7538,6.7538,6.7538,6.7538,6.7538,6.7538,6.7538,6.7538,6.7538,6.7538,6.7538,6.7538,6.7538,6.7538,6.7538,6.7538,6.7538,6.7538,6.7538,6.7538,6.7538,6.7538,6.7538,6.7538,6.7538,6.7538,6.7538,6.7538,6.7538,6.7538,6.7538,6.7538,6.7538,6.7538,6.7538,6.7538,6.7538,6.7538,6.7538,6.7538,6.7538,6.7538,6.7538,6.7538,6.7538,6.7538,6.7538,6.7538,6.7538,6.7538,6.7538,6.7538,6.7538,6.7538,6.7538,6.7538,6.7538,6.7538,6.7538,6.7538,6.7538,6.7538,6.7538,6.7538,6.7538,6.7538,6.7538,6.7538,6.7538,6.7538,6.7538,6.7538,6.7538,6.7538,6.7538,6.7538,6.7538,6.7538,6.7538,6.7538,6.7538,6.7538,6.7538,6.7538,6.7538,6.7538,6.7538,6.7538,6.7538,6.7538,6.7538,6.7538,6.7538,6.7538,6.7538,6.7538,6.7538,6.7538,6.7538,6.7538,6.7538,6.7538,6.7538,6.7538,6.7538,6.7538,6.7538,6.7538,6.7538,6.7538,6.7538,6.7538,6.7538,6.7538,6.7538,6.7538,6.7538,6.7538,6.7538,6.7538,6.7538,6.7538,6.7538,6.7538,6.7538,6.7538,6.7538,6.7538,6.7538,6.7538,6.7538,6.7538,6.7538,6.7538,6.7538,6.7538,6.7538,6.7538,6.7538,6.7538,6.7538,6.7538,6.7538,6.7538,6.7538,6.7538,6.7538,6.7538,6.7538,6.7538,6.7538,6.7538,6.7538,6.7538,6.7538,6.7538,6.7538,6.7538,6.7538,6.7538,6.7538,6.7538,6.7538,6.7538,6.7538,6.7538,6.7538,6.7538,6.7538,6.7538,6.7538,6.7538,6.7538,6.7538,6.7538,6.7538,6.7538,6.7538,6.7538,6.7538,6.7538,6.7538,6.7538,6.7538,6.7538,6.7538,6.7538,6.7538,6.7538,6.7538,6.7538,6.7538,6.7538,6.7538,6.7538,6.7538,6.7538,6.7538,6.7538,6.7538,6.7538,6.7538,6.7538,6.7538,6.7538,6.7538,6.7538,6.7538,6.7538,6.7538,6.7538,6.7538,6.7538,6.7538,6.7538,6.7538,6.7538,6.7538,6.7538,6.7538,6.7538,6.7538,6.7538,6.7538,6.7538,6.7538,6.7538,6.7538,6.7538,6.7538,6.7538,6.7538,6.7538,6.7538,6.7538,6.7538,6.7538,6.7538,6.7538,6.7538,6.7538,6.7538,6.7538,6.7538,6.7538,6.7538,6.7538,6.7538,6.7538,6.7538,6.7538,6.7538,6.7538,6.7538,6.7538,6.7538,6.7538,6.7538,6.7538,6.7538,6.7538,6.7538,6.7538,6.7538,6.7538,6.7538,6.7538,6.7538,6.7538,6.7538,6.7538,6.7538,6.7538,6.7538,6.7538,6.7538,6.7538,6.7538,6.7538,6.7538,6.7538,6.7538,6.7538,6.7538,6.7538,6.7538,6.7538,6.7538,6.7538,6.7538,6.7538,6.7538,6.7538,6.7538,6.7538,6.7538,6.7538,6.7538,6.7538,6.7538,6.7538,6.7538,6.7538,6.7538,6.7538,6.7538,6.7538,6.7538,6.7538,6.7538,6.7538,6.7538,6.7538,6.7538,6.7538,6.7538,6.7538,6.7538,6.7538,6.7538,6.7538,6.7538,6.7538,6.7538,6.7538,6.7538,6.7538,6.7538,6.7538,6.7538,6.7538,6.7538,6.7538,6.7538,6.7538,6.7538,6.7538,6.7538,6.7538,6.7538,6.7538,6.7538,6.7538,6.7538,6.7538,6.7538,6.7538,6.7538,6.7538,6.7538,6.7538,6.7538,6.7538,6.7538,6.7538,6.7538,6.7538,6.7538,6.7538,6.7538,6.7538,6.7538,6.7538,6.7538,6.7538,6.7538,6.7538,6.7538,6.7538,6.7538,6.7538,6.7538,6.7538,6.7538,6.7538,6.7538,6.7538,6.7538,6.7538,6.7538,6.7538,6.7538,6.7538,6.7538,6.7538,6.7538,6.7538,6.7538,6.7538,6.7538,6.7538,6.7538,6.7538,6.7538,6.7538,6.7538,6.7538,6.7538,6.7538,6.7538,6.7538,6.7538,6.7538,6.7538,6.7538,6.7538,6.7538,6.7538,6.7538,6.7538,6.7538,6.7538,6.7538,6.7538,6.7538,6.7538,6.7538,6.7538,6.7538,6.7538,6.7538,6.7538,6.7538,6.7538,6.7538,6.7538,6.7538,6.7538,6.7538,6.7538,6.7538,6.7538,6.7538,6.7538,6.7538,6.7538,6.7538,6.7533,6.7533,6.7533
6.7486,6.7486,6.7486,6.7486,6.7486,6.7486,6.7486,6.7486,6.7486,6.7486,6.7486,6.7486,6.7486,6.7486,6.7486,6.7486,6.7486,6.7486,6.7486,6.7486,6.7486,6.7486,6.7486,6.7486,6.7486,6.7486,6.7486,6.7486,6.7486,6.7486,6.7486,6.7486,6.7486,6.7486,6.7486,6.7486,6.7486,6.7486,6.7486,6.7486,6.7486,6.7486,6.7486,6.7486,6.7486,6.7486,6.7486,6.7486,6.7486,6.7486,6.7486,6.7486,6.7486,6.7486,6.7486,6.7486,6.7486,6.7486,6.7486,6.7486,6.7486,6.7486,6.7486,6.7486,6.7486,6.7486,6.7486,6.7486,6.7486,6.7486,6.7486,6.7486,6.7486,6.7486,6.7486,6.7486,6.7486,6.7486,6.7486,6.7486,6.7486,6.7486,6.7486,6.7486,6.7486,6.7486,6.7486,6.7486,6.7486,6.7486,6.7486,6.7486,6.7486,6.7486,6.7486,6.7486,6.7486,6.7486,6.7486,6.7486,6.7486,6.7486,6.7486,6.7486,6.7486,6.7486,6.7486,6.7486,6.7486,6.7486,6.7486,6.7486,6.7486,6.7486,6.7486,6.7486,6.7486,6.7486,6.7486,6.7486,6.7486,6.7486,6.7486,6.7486,6.7486,6.7486,6.7486,6.7486,6.7486,6.7486,6.7486,6.7486,6.7486,6.7486,6.7486,6.7486,6.7486,6.7486,6.7486,6.7486,6.7486,6.7486,6.7486,6.7486,6.7486,6.7486,6.7486,6.7486,6.7486,6.7486,6.7486,6.7486,6.7486,6.7486,6.7486,6.7486,6.7486,6.7486,6.7486,6.7486,6.7486,6.7486,6.7486,6.7486,6.7486,6.7486,6.7486,6.7486,6.7486,6.7486,6.7486,6.7486,6.7486,6.7486,6.7486,6.7486,6.7486,6.7486,6.7486,6.7486,6.7486,6.7486,6.7486,6.7486,6.7486,6.7486,6.7486,6.7486,6.7486,6.7486,6.7486,6.7486,6.7486,6.7486,6.7486,6.7486,6.7486,6.7486,6.7486,6.7486,6.7486,6.7486,6.7486,6.7486,6.7486,6.7486,6.7486,6.7486,6.7486,6.7486,6.7486,6.7486,6.7486,6.7486,6.7486,6.7486,6.7486,6.7486,6.7486,6.7486,6.7486,6.7486,6.7486,6.7486,6.7486,6.7486,6.7486,6.7486,6.7486,6.7486,6.7486,6.7486,6.7486,6.7486,6.7486,6.7486,6.7486,6.7486,6.7486,6.7486,6.7486,6.7486,6.7486,6.7486,6.7486,6.7486,6.7486,6.7486,6.7486,6.7486,6.7486,6.7486,6.7486,6.7486,6.7486,6.7486,6.7486,6.7486,6.7486,6.7486,6.7486,6.7486,6.7486,6.7486,6.7486,6.7486,6.7486,6.7486,6.7486,6.7486,6.7486,6.7486,6.7486,6.7486,6.7486,6.7486,6.7486,6.7486,6.7486,6.7486,6.7486,6.7486,6.7486,6.7486,6.7486,6.7486,6.7486,6.7486,6.7486,6.7486,6.7486,6.7486,6.7486,6.7486,6.7486,6.7486,6.7486,6.7486,6.7486,6.7486,6.7486,6.7486,6.7486,6.7486,6.7486,6.7486,6.7486,6.7486,6.7486,6.7486,6.7486,6.7486,6.7486,6.7486,6.7486,6.7486,6.7486,6.7486,6.7486,6.7486,6.7486,6.7486,6.7486,6.7486,6.7486,6.7486,6.7486,6.7486,6.7486,6.7486,6.7486,6.7486,6.7486,6.7486,6.7486,6.7486,6.7486,6.7486,6.7486,6.7486,6.7486,6.7486,6.7486,6.7486,6.7486,6.7486,6.7486,6.7486,6.7486,6.7486,6.7486,6.7486,6.7486,6.7486,6.7486,6.7486,6.7486,6.7486,6.7486,6.7486,6.7486,6.7486,6.7486,6.7486,6.7486,6.7486,6.7486,6.7486,6.7486,6.7486,6.7486,6.7486,6.7486,6.7486,6.7486,6.7486,6.7486,6.7486,6.7486,6.7486,6.7486,6.7486,6.7486,6.7486,6.7486,6.7486,6.7486,6.7486,6.7486,6.7486,6.7486,6.7486,6.7486,6.7486,6.7486,6.7486,6.7486,6.7486,6.7486,6.7486,6.7486,6.7486,6.7486,6.7486,6.7486,6.7486,6.7486,6.7486,6.7486,6.7486,6.7486,6.7486,6.7486,6.7486,6.7486,6.7486,6.7486,6.7486,6.7486,6.7486,6.7486,6.7486,6.7486,6.7486,6.7486,6.7486,6.7486,6.7486,6.7486,6.7486,6.7486,6.7486,6.7486,6.7486,6.7486,6.7486,6.7486,6.7486,6.7486,6.7486,6.7486,6.7486,6.7486,6.7486,6.7486,6.7486,6.7486,6.7486,6.7486,6.7486,6.7486,6.7486,6.7486,6.7486,6.7486,6.7486,6.7486,6.7486,6.7486,6.7486,6.7486,6.7486,6.7486,6.7486,6.7486,6.7486,6.7486,6.7486,6.7486,6.7486,6.7486,6.7486,6.7486,6.7486,6.7486,6.7486,6.7486,6.7486,6.7486,6.7486,6.7486,6.7486,6.7486,6.7486,6.7486,6.7486,6.7486,6.7486,6.7486,6.7486,6.7486,6.7486,6.7486,6.7486,6.7486,6.7486,6.7486,6.7486,6.7486,6.7486,6.7486,6.7486,6.7486,6.7486,6.7486,6.7486,6.7486,6.7486,6.7486,6.7486,6.7486,6.7486,6.7486,6.7486,6.7486,6.7486,6.7486,6.7486,6.7486,6.7486,6.7486,6.7486,6.7486,6.7486,6.7486,6.7486,6.7486,6.7486,6.7486,6.7486,6.7486,6.7486,6.7486,6.7486,6.7486,6.7486,6.7486,6.7486,6.7486,6.7486,6.7486,6.7486,6.7486,6.7486,6.7486,6.7486,6.7486,6.7486,6.7486,6.7486,6.7486,6.7486,6.7486,6.7486,6.7486,6.7486,6.7486,6.7486,6.7486,6.7486,6.7486,6.7486,6.7486,6.7486,6.7486,6.7486,6.7486,6.7486,6.7486,6.7486,6.7486,6.7486,6.7486,6.7486,6.7486,6.7486,6.7486,6.7486,6.7486,6.7486,6.7486,6.7486,6.7486,6.7486,6.7486,6.7486,6.7486,6.7486,6.7486,6.7486,6.7486,6.7486,6.7486,6.7486,6.7486,6.7486,6.7486,6.7486,6.7486,6.7486,6.7486,6.7486,6.7486,6.7486,6.7486,6.7486,6.7486,6.7486,6.7486,6.7486,6.7486,6.7486,6.7486,6.7486,6.7486,6.7486,6.7486,6.7486,6.7486,6.7486,6.7486,6.7486,6.7486,6.7486,6.7486,6.7486,6.7486,6.7486,6.7486,6.7486,6.7486,6.7486,6.7486,6.7481,6.7481,6.7481,6.7481,6.7481,6.7481,6.7481,6.7481,6.7481,6.7481,6.7481,6.7481,6.7481,6.7481,6.7481,6.7481,6.7481,6.7481,6.7481,6.7481,6.7481,6.7481,6.7481,6.7481,6.7481,6.7481,6.7481,6.7481,6.7481,6.7481,6.7481,6.7481,6.7481,6.7481,6.7481,6.7481,6.7481,6.7481,6.7481,6.7481,6.7481,6.7481,6.7481,6.7481,6.7481,6.7481,6.7481,6.7481,6.7481,6.7481,6.7481,6.7481,6.7481,6.7481,6.7481,6.7481,6.7481,6.7481,6.7481,6.7481,6.7481,6.7481,6.7481,6.7481,6.7481,6.7481,6.7481,6.7481,6.7481,6.7481,6.7481,6.7481,6.7481,6.7481,6.7481,6.7481,6.7481,6.7481,6.7481,6.7481,6.7481,6.7481,6.7481,6.7481,6.7481,6.7481,6.7481,6.7481,6.7481,6.7481,6.7481,6.7481,6.7481,6.7481,6.7481,6.7481,6.7481,6.7481,6.7481,6.7481,6.7481,6.7481,6.7481,6.7481,6.7481,6.7481,6.7481,6.7481,6.7481,6.7481,6.7481,6.7481,6.7481,6.7481,6.7481,6.7481,6.7481,6.7481,6.7481,6.7481,6.7481,6.7481,6.7481,6.7481,6.7481,6.7481,6.7481,6.7481,6.7481,6.7481,6.7481,6.7481,6.7481,6.7481,6.7481,6.7481,6.7481,6.7481,6.7481,6.7481,6.7481,6.7481,6.7481,6.7481,6.7481,6.7481,6.7481,6.7481,6.7481,6.7481,6.7481,6.7481,6.7481,6.7481,6.7481,6.7481,6.7481,6.7481,6.7481,6.7481,6.7481,6.7481,6.7481,6.7481,6.7481,6.7481,6.7481,6.7481,6.7481,6.7481,6.7481,6.7481,6.7481,6.7481,6.7481,6.7481,6.7481,6.7481,6.7481,6.7481,6.7481,6.7481,6.7481,6.7481,6.7481,6.7481,6.7481,6.7481,6.7481,6.7481,6.7481,6.7481,6.7481,6.7481,6.7481,6.7481,6.7481,6.7481,6.7481,6.7481,6.7481,6.7481,6.7481,6.7481,6.7481,6.7481,6.7481,6.7481,6.7481,6.7481,6.7481,6.7481,6.7481,6.7481,6.7481,6.7481,6.7481,6.7481,6.7481,6.7481,6.7481,6.7481,6.7481,6.7481,6.7481,6.7481,6.7481,6.7481,6.7481,6.7481,6.7481,6.7481,6.7481,6.7481,6.7481,6.7481,6.7481,6.7481,6.7481,6.7481,6.7481,6.7481,6.7481,6.7481,6.7481,6.7481,6.7481,6.7481,6.7481,6.7481,6.7481,6.7481,6.7481,6.7481,6.7481,6.7481,6.7481,6.7481,6.7481,6.7481,6.7481,6.7481,6.7481,6.7481,6.7481,6.7481,6.7481,6.7481,6.7481,6.7481,6.7481,6.7481,6.7481,6.7481,6.7481,6.7481,6.7481,6.7481,6.7481,6.7481,6.7481,6.7481,6.7481,6.7481,6.7481,6.7481,6.7481,6.7481,6.7481,6.7481,6.7481,6.7481,6.7481,6.7481,6.7481,6.7481,6.7481,6.7481,6.7481,6.7481,6.7481,6.7481,6.7481,6.7481,6.7481,6.7481,6.7481,6.7481,6.7481,6.7481,6.7481,6.7481,6.7481,6.7481,6.7481,6.7481,6.7481,6.7481,6.7481,6.7481,6.7481,6.7481,6.7481,6.7481,6.7481,6.7481,6.7481
6.7430,6.7430,6.7430,6.7430,6.7430,6.7430,6.7430,6.7430,6.7430,6.7430,6.7430,6.7430,6.7430,6.7430,6.7430,6.7430,6.7430,6.7430,6.7430,6.7430,6.7430,6.7430,6.7430,6.7430,6.7430,6.7430,6.7430,6.7430,6.7430,6.7430,6.7430,6.7430,6.7430,6.7430,6.7430,6.7430,6.7430,6.7430,6.7430,6.7430,6.7430,6.7430,6.7430,6.7430,6.7430,6.7430,6.7430,6.7430,6.7430,6.7430,6.7430,6.7430,6.7430,6.7430,6.7430,6.7430,6.7430,6.7430,6.7430,6.7430,6.7430,6.7430,6.7430,6.7430,6.7430,6.7430,6.7430,6.7430,6.7430,6.7430,6.7430,6.7430,6.7430,6.7430,6.7430,6.7430,6.7430,6.7430,6.7430,6.7430,6.7430,6.7430,6.7430,6.7430,6.7430,6.7430,6.7430,6.7430,6.7430,6.7430,6.7430,6.7430,6.7430,6.7430,6.7430,6.7430,6.7430,6.7430,6.7430,6.7430,6.7430,6.7430,6.7430,6.7430,6.7430,6.7430,6.7430,6.7430,6.7430,6.7430,6.7430,6.7430,6.7430,6.7430,6.7430,6.7430,6.7430,6.7430,6.7430,6.7430,6.7430,6.7430,6.7430,6.7430,6.7430,6.7430,6.7430,6.7430,6.7430,6.7430,6.7430,6.7430,6.7430,6.7430,6.7430,6.7430,6.7430,6.7430,6.7430,6.7430,6.7430,6.7430,6.7430,6.7430,6.7430,6.7430,6.7430,6.7430,6.7430,6.7430,6.7430,6.7430,6.7430,6.7430,6.7430,6.7430,6.7430,6.7430,6.7430,6.7430,6.7430,6.7430,6.7430,6.7430,6.7430,6.7430,6.7430,6.7430,6.7430,6.7430,6.7430,6.7430,6.7430,6.7430,6.7430,6.7430,6.7430,6.7430,6.7430,6.7430,6.7430,6.7430,6.7430,6.7430,6.7430,6.7430,6.7430,6.7430,6.7430,6.7430,6.7430,6.7430,6.7430,6.7430,6.7430,6.7430,6.7430,6.7430,6.7430,6.7430,6.7430,6.7430,6.7430,6.7430,6.7430,6.7430,6.7430,6.7430,6.7430,6.7430,6.7430,6.7430,6.7430,6.7430,6.7430,6.7430,6.7430,6.7430,6.7430,6.7430,6.7430,6.7430,6.7430,6.7430,6.7430,6.7430,6.7430,6.7430,6.7430,6.7430,6.7430,6.7430,6.7430,6.7430,6.7430,6.7430,6.7430,6.7430,6.7430,6.7430,6.7430,6.7430,6.7430,6.7430,6.7430,6.7430,6.7430,6.7430,6.7430,6.7430,6.7430,6.7430,6.7430,6.7430,6.7430,6.7430,6.7430,6.7430,6.7430,6.7430,6.7430,6.7430,6.7430,6.7430,6.7430,6.7430,6.7430,6.7430,6.7430,6.7430,6.7430,6.7430,6.7430,6.7430,6.7430,6.7430,6.7430,6.7430,6.7430,6.7430,6.7430,6.7430,6.7430,6.7430,6.7430,6.7430,6.7430,6.7430,6.7430,6.7430,6.7430,6.7430,6.7430,6.7430,6.7430,6.7430,6.7430,6.7430,6.7430,6.7430,6.7430,6.7430,6.7430,6.7430,6.7430,6.7430,6.7430,6.7430,6.7430,6.7430,6.7430,6.7430,6.7430,6.7430,6.7430,6.7430,6.7430,6.7430,6.7430,6.7430,6.7430,6.7430,6.7430,6.7430,6.7430,6.7430,6.7430,6.7430,6.7430,6.7430,6.7430,6.7430,6.7430,6.7430,6.7430,6.7430,6.7430,6.7430,6.7430,6.7430,6.7430,6.7430,6.7430,6.7430,6.7430,6.7430,6.7430,6.7430,6.7430,6.7430,6.7430,6.7430,6.7430,6.7430,6.7430,6.7430,6.7430,6.7430,6.7430,6.7430,6.7430,6.7430,6.7430,6.7430,6.7430,6.7430,6.7430,6.7430,6.7430,6.7430,6.7430,6.7430,6.7430,6.7430,6.7430,6.7430,6.7430,6.7430,6.7430,6.7430,6.7430,6.7430,6.7430,6.7430,6.7430,6.7430,6.7430,6.7430,6.7430,6.7430,6.7430,6.7430,6.7430,6.7430,6.7430,6.7430,6.7430,6.7430,6.7430,6.7430,6.7430,6.7430,6.7430,6.7430,6.7430,6.7430,6.7430,6.7430,6.7430,6.7430,6.7430,6.7430,6.7430,6.7430,6.7430,6.7430,6.7430,6.7430,6.7430,6.7430,6.7430,6.7430,6.7430,6.7430,6.7430,6.7430,6.7430,6.7430,6.7430,6.7430,6.7430,6.7430,6.7430,6.7430,6.7430,6.7430,6.7430,6.7430,6.7430,6.7430,6.7430,6.7430,6.7430,6.7430,6.7430,6.7430,6.7430,6.7430,6.7430,6.7430,6.7430,6.7430,6.7430,6.7430,6.7430,6.7430,6.7430,6.7430,6.7430,6.7430,6.7430,6.7430,6.7430,6.7430,6.7430,6.7430,6.7430,6.7430,6.7430,6.7430,6.7430,6.7430,6.7430,6.7430,6.7430,6.7430,6.7430,6.7430,6.7430,6.7430,6.7430,6.7430,6.7430,6.7430,6.7430,6.7430,6.7430,6.7430,6.7430,6.7430,6.7430,6.7430,6.7430,6.7430,6.7430,6.7430,6.7430,6.7430,6.7430,6.7430,6.7430,6.7430,6.7430,6.7430,6.7430,6.7430,6.7430,6.7430,6.7430,6.7430,6.7430,6.7430,6.7430,6.7430,6.7430,6.7430,6.7430,6.7430,6.7430,6.7430,6.7430,6.7430,6.7430,6.7430,6.7430,6.7430,6.7430,6.7430,6.7430,6.7430,6.7430,6.7430,6.7430,6.7430,6.7430,6.7430,6.7430,6.7430,6.7430,6.7430,6.7430,6.7430,6.7430,6.7430,6.7430,6.7430,6.7430,6.7430,6.7430,6.7430,6.7430,6.7430,6.7430,6.7430,6.7430,6.7430,6.7430,6.7430,6.7430,6.7430,6.7430,6.7430,6.7430,6.7430,6.7430,6.7430,6.7430,6.7430,6.7430,6.7430,6.7430,6.7430,6.7430,6.7430,6.7430,6.7430,6.7430,6.7430,6.7430,6.7430,6.7430,6.7430,6.7430,6.7430,6.7430,6.7430,6.7430,6.7430,6.7430,6.7430,6.7430,6.7430,6.7430,6.7430,6.7430,6.7430,6.7430,6.7430,6.7430,6.7430,6.7430,6.7430,6.7430,6.7430,6.7430,6.7430,6.7430,6.7430,6.7430,6.7430,6.7430,6.7430,6.7430,6.7430,6.7430,6.7430,6.7430,6.7430,6.7430,6.7430,6.7430,6.7430,6.7430,6.7430,6.7430,6.7430,6.7430,6.7430,6.7430,6.7430,6.7430,6.7430,6.7430,6.7430,6.7430,6.7430,6.7430,6.7430,6.7430,6.7430,6.7430,6.7430,6.7430,6.7430,6.7430,6.7430,6.7430,6.7430,6.7430,6.7430,6.7430,6.7430,6.7430,6.7430,6.7430,6.7430,6.7430,6.7430,6.7430,6.7430,6.7430,6.7430,6.7430,6.7430,6.7430,6.7430,6.7430,6.7430,6.7430,6.7430,6.7430,6.7430,6.7430,6.7430,6.7430,6.7430,6.7430,6.7430,6.7430,6.7430,6.7430,6.7430,6.7430,6.7430,6.7430,6.7430,6.7430,6.7430,6.7430,6.7430,6.7430,6.7430,6.7430,6.7430,6.7430,6.7430,6.7430,6.7430,6.7430,6.7430,6.7430,6.7430,6.7430,6.7430,6.7430,6.7430,6.7430,6.7430,6.7430,6.7430,6.7430,6.7430,6.7430,6.7430,6.7430,6.7430,6.7430,6.7430,6.7430,6.7430,6.7430,6.7430,6.7430,6.7430,6.7430,6.7430,6.7430,6.7430,6.7430,6.7430,6.7430,6.7430,6.7430,6.7430,6.7430,6.7430,6.7430,6.7430,6.7430,6.7430,6.7430,6.7430,6.7430,6.7430,6.7430,6.7430,6.7430,6.7430,6.7430,6.7430,6.7430,6.7430,6.7430,6.7430,6.7430,6.7430,6.7430,6.7430,6.7430,6.7430,6.7430,6.7430,6.7430,6.7430,6.7430,6.7430,6.7430,6.7430,6.7430,6.7430,6.7430,6.7430,6.7430,6.7430,6.7430,6.7430,6.7430,6.7430,6.7430,6.7430,6.7430,6.7430,6.7430,6.7430,6.7430,6.7430,6.7430,6.7430,6.7430,6.7430,6.7430,6.7430,6.7430,6.7430,6.7430,6.7430,6.7430,6.7430,6.7430,6.7430,6.7430,6.7430,6.7430,6.7430,6.7430,6.7430,6.7430,6.7430,6.7430,6.7430,6.7430,6.7430,6.7430,6.7430,6.7430,6.7430,6.7430,6.7430,6.7430,6.7430,6.7430,6.7430,6.7430,6.7430,6.7430,6.7430,6.7430,6.7430,6.7430,6.7430,6.7430,6.7430,6.7430,6.7430,6.7430,6.7430,6.7430,6.7430,6.7430,6.7430,6.7430,6.7430,6.7430,6.7430,6.7430,6.7430,6.7430,6.7430,6.7430,6.7430,6.7430,6.7430,6.7430,6.7430,6.7430,6.7430,6.7430,6.7430,6.7430,6.7430,6.7430,6.7430,6.7430,6.7430,6.7430,6.7430,6.7430,6.7430,6.7430,6.7430,6.7430,6.7430,6.7430,6.7430,6.7430,6.7430,6.7430,6.7430,6.7430,6.7430,6.7430,6.7430,6.7430,6.7430,6.7430,6.7430,6.7430,6.7430,6.7430,6.7430,6.7430,6.7430,6.7430,6.7430,6.7430,6.7430,6.7430,6.7430,6.7430,6.7430,6.7430,6.7430,6.7430,6.7430,6.7430,6.7430,6.7430,6.7430,6.7430,6.7430,6.7430,6.7430,6.7430,6.7430,6.7430,6.7430,6.7430,6.7430,6.7430,6.7430,6.7430,6.7430,6.7430,6.7430,6.7430,6.7430,6.7430,6.7430,6.7430,6.7430,6.7430,6.7430,6.7430,6.7430,6.7430,6.7430,6.7430,6.7430,6.7430,6.7430,6.7430,6.7430,6.7430,6.7430,6.7430,6.7430,6.7430,6.7430,6.7430,6.7430,6.7430,6.7430,6.7430,6.7430,6.7430,6.7430,6.7430,6.7430,6.7430,6.7430
6.7381,6.7381,6.7381,6.7381,6.7381,6.7381,6.7381,6.7381,6.7381,6.7381,6.7381,6.7381,6.7381,6.7381,6.7381,6.7381,6.7381,6.7381,6.7381,6.7381,6.7381,6.7381,6.7381,6.7381,6.7381,6.7381,6.7381,6.7381,6.7381,6.7381,6.7381,6.7381,6.7381,6.7381,6.7381,6.7381,6.7381,6.7381,6.7381,6.7381,6.7381,6.7381,6.7381,6.7381,6.7381,6.7381,6.7381,6.7381,6.7381,6.7381,6.7381,6.7381,6.7381,6.7381,6.7381,6.7381,6.7381,6.7381,6.7381,6.7381,6.7381,6.7381,6.7381,6.7381,6.7381,6.7381,6.7381,6.7381,6.7381,6.7381,6.7381,6.7381,6.7381,6.7381,6.7381,6.7381,6.7381,6.7381,6.7381,6.7381,6.7381,6.7381,6.7381,6.7381,6.7381,6.7381,6.7381,6.7381,6.7381,6.7381,6.7381,6.7381,6.7381,6.7381,6.7381,6.7381,6.7381,6.7381,6.7381,6.7381,6.7381,6.7381,6.7381,6.7381,6.7381,6.7381,6.7381,6.7381,6.7381,6.7381,6.7381,6.7381,6.7381,6.7381,6.7381,6.7381,6.7381,6.7381,6.7381,6.7381,6.7381,6.7381,6.7381,6.7381,6.7381,6.7381,6.7381,6.7381,6.7381,6.7381,6.7381,6.7381,6.7381,6.7381,6.7381,6.7381,6.7381,6.7381,6.7381,6.7381,6.7381,6.7381,6.7381,6.7381,6.7381,6.7381,6.7381,6.7384,6.7384,6.7384,6.7384,6.7384,6.7384,6.7384,6.7384,6.7384,6.7384,6.7384,6.7384,6.7384,6.7384,6.7384,6.7384,6.7384,6.7384,6.7384,6.7384,6.7384,6.7384,6.7384,6.7384,6.7384,6.7384,6.7384,6.7384,6.7384,6.7384,6.7384,6.7384,6.7384,6.7384,6.7384,6.7384,6.7384,6.7384,6.7384,6.7384,6.7384,6.7384,6.7384,6.7384,6.7384,6.7384,6.7384,6.7384,6.7384,6.7384,6.7384,6.7384,6.7384,6.7384,6.7384,6.7384,6.7384,6.7384,6.7384,6.7384,6.7384,6.7384,6.7384,6.7384,6.7384,6.7384,6.7384,6.7384,6.7384,6.7384,6.7384,6.7384,6.7384,6.7384,6.7384,6.7384,6.7384,6.7384,6.7384,6.7384,6.7384,6.7384,6.7384,6.7384,6.7384,6.7384,6.7384,6.7384,6.7384,6.7384,6.7384,6.7384,6.7384,6.7384,6.7384,6.7384,6.7384,6.7384,6.7384,6.7384,6.7384,6.7384,6.7384,6.7384,6.7384,6.7384,6.7384,6.7384,6.7384,6.7384,6.7384,6.7384,6.7384,6.7384,6.7384,6.7384,6.7384,6.7384,6.7384,6.7384,6.7384,6.7384,6.7384,6.7384,6.7384,6.7384,6.7384,6.7384,6.7384,6.7384,6.7384,6.7384,6.7384,6.7384,6.7384,6.7384,6.7384,6.7384,6.7384,6.7384,6.7384,6.7384,6.7384,6.7384,6.7384,6.7384,6.7384,6.7384,6.7384,6.7384,6.7384,6.7384,6.7384,6.7384,6.7384,6.7384,6.7384,6.7384,6.7384,6.7384,6.7384,6.7384,6.7384,6.7384,6.7384,6.7384,6.7384,6.7384,6.7384,6.7384,6.7384,6.7384,6.7384,6.7384,6.7384,6.7384,6.7384,6.7384,6.7384,6.7384,6.7384,6.7384,6.7384,6.7384,6.7384,6.7384,6.7384,6.7384,6.7384,6.7384,6.7384,6.7384,6.7384,6.7384,6.7384,6.7384,6.7384,6.7384,6.7384,6.7384,6.7384,6.7384,6.7384,6.7384,6.7384,6.7384,6.7384,6.7384,6.7384,6.7384,6.7384,6.7384,6.7384,6.7384,6.7384,6.7384,6.7384,6.7384,6.7384,6.7384,6.7384,6.7384,6.7384,6.7384,6.7384,6.7384,6.7384,6.7384,6.7384,6.7384,6.7384,6.7384,6.7384,6.7384,6.7384,6.7384,6.7384,6.7384,6.7384,6.7384,6.7384,6.7384,6.7384,6.7384,6.7384,6.7384,6.7384,6.7384,6.7384,6.7384,6.7384,6.7384,6.7384,6.7384,6.7384,6.7384,6.7384,6.7384,6.7384,6.7384,6.7384,6.7384,6.7384,6.7384,6.7384,6.7384,6.7384,6.7384,6.7384,6.7384,6.7384,6.7384,6.7384,6.7384,6.7384,6.7384,6.7384,6.7384,6.7384,6.7384,6.7384,6.7384,6.7384,6.7384,6.7384,6.7384,6.7384,6.7384,6.7384,6.7384,6.7384,6.7384,6.7384,6.7384,6.7384,6.7384,6.7384,6.7384,6.7384,6.7384,6.7384,6.7384,6.7384,6.7384,6.7384,6.7384,6.7384,6.7384,6.7384,6.7384,6.7384,6.7384,6.7384,6.7384,6.7384,6.7384,6.7384,6.7384,6.7384,6.7384,6.7384,6.7384,6.7384,6.7384,6.7384,6.7384,6.7384,6.7384,6.7384,6.7384,6.7384,6.7384,6.7384,6.7384,6.7384,6.7384,6.7384,6.7384,6.7384,6.7384,6.7384,6.7384,6.7384,6.7384,6.7384,6.7384,6.7384,6.7384,6.7384,6.7384,6.7384,6.7384,6.7384,6.7384,6.7384,6.7384,6.7384,6.7384,6.7384,6.7384,6.7384,6.7384,6.7384,6.7384,6.7384,6.7384,6.7384,6.7384,6.7384,6.7384,6.7384,6.7384,6.7384,6.7384,6.7384,6.7384,6.7384,6.7384,6.7384,6.7384,6.7384,6.7384,6.7384,6.7384,6.7384,6.7384,6.7384,6.7384,6.7384,6.7384,6.7384,6.7384,6.7384,6.7384,6.7384,6.7384,6.7384,6.7384,6.7384,6.7384,6.7384,6.7384,6.7384,6.7384,6.7384,6.7384,6.7384,6.7384,6.7384,6.7384,6.7384,6.7384,6.7384,6.7384,6.7384,6.7384,6.7384,6.7384,6.7384,6.7384,6.7384,6.7384,6.7384,6.7384,6.7384,6.7384,6.7384,6.7384,6.7384,6.7384,6.7384,6.7384,6.7384,6.7384,6.7384,6.7384,6.7384,6.7384,6.7384,6.7384,6.7384,6.7384,6.7384,6.7384,6.7384,6.7384,6.7384,6.7384,6.7384,6.7384,6.7384,6.7384,6.7384,6.7384,6.7384,6.7384,6.7384,6.7384,6.7384,6.7384,6.7384,6.7384,6.7384,6.7384,6.7384,6.7384,6.7384,6.7384,6.7384,6.7384,6.7384,6.7384,6.7384,6.7384,6.7384,6.7384,6.7384,6.7384,6.7384,6.7384,6.7384,6.7384,6.7384,6.7384,6.7384,6.7384,6.7384,6.7384,6.7384,6.7384,6.7384,6.7384,6.7384,6.7384,6.7384,6.7384,6.7384,6.7384,6.7384,6.7384,6.7384,6.7384,6.7384,6.7384,6.7384,6.7384,6.7384,6.7384,6.7384,6.7384,6.7384,6.7384,6.7384,6.7384,6.7384,6.7384,6.7384,6.7384,6.7384,6.7384,6.7384,6.7384,6.7384,6.7384,6.7384,6.7384,6.7384,6.7384,6.7384,6.7384,6.7384,6.7384,6.7384,6.7384,6.7384,6.7384,6.7384,6.7384,6.7384,6.7384,6.7384,6.7384,6.7384,6.7384,6.7384,6.7384,6.7384,6.7384,6.7384,6.7384,6.7384,6.7384,6.7384,6.7384,6.7384,6.7384,6.7384,6.7384,6.7384,6.7384,6.7384,6.7384,6.7384,6.7384,6.7384,6.7384,6.7384,6.7384,6.7384,6.7384,6.7384,6.7384,6.7384,6.7384,6.7384,6.7384,6.7384,6.7384,6.7384,6.7384,6.7384,6.7384,6.7384,6.7384,6.7384,6.7384,6.7384,6.7384,6.7384,6.7384,6.7384,6.7384,6.7384,6.7384,6.7384,6.7384,6.7384,6.7384,6.7384,6.7384,6.7384,6.7384,6.7384,6.7384,6.7384,6.7384,6.7384,6.7384,6.7384,6.7384,6.7384,6.7384,6.7384,6.7384,6.7384,6.7384,6.7384,6.7384,6.7384,6.7384,6.7384,6.7384,6.7384,6.7384,6.7384,6.7384,6.7384,6.7384,6.7384,6.7384,6.7384,6.7384,6.7384,6.7384,6.7384,6.7384,6.7384,6.7384,6.7384,6.7384,6.7384,6.7384,6.7384,6.7384,6.7384,6.7384,6.7384,6.7384,6.7384,6.7384,6.7384,6.7384,6.7384,6.7384,6.7384,6.7384,6.7384,6.7384,6.7384,6.7384,6.7384,6.7384,6.7384,6.7384,6.7384,6.7384,6.7384,6.7384,6.7384,6.7384,6.7384,6.7384,6.7384,6.7384,6.7384,6.7384,6.7384,6.7384,6.7384,6.7384,6.7384,6.7384,6.7384,6.7384,6.7384,6.7384,6.7384,6.7384,6.7384,6.7384,6.7384,6.7384,6.7384,6.7384,6.7384,6.7384,6.7384,6.7384,6.7384,6.7384,6.7384,6.7384,6.7384,6.7384,6.7384,6.7384,6.7384,6.7384,6.7384,6.7384,6.7384,6.7384,6.7384,6.7384,6.7384,6.7384,6.7384,6.7384,6.7384,6.7384,6.7384,6.7384,6.7384,6.7384,6.7384,6.7384,6.7384,6.7384,6.7384,6.7384,6.7384,6.7384,6.7384,6.7384,6.7384,6.7384,6.7384,6.7384,6.7384,6.7384,6.7384,6.7384,6.7384,6.7384,6.7384,6.7384,6.7384,6.7384,6.7384,6.7384,6.7384,6.7384,6.7384,6.7384,6.7384,6.7384,6.7384,6.7384,6.7384,6.7384,6.7384,6.7384,6.7384,6.7384,6.7384,6.7384,6.7384,6.7384,6.7384,6.7384,6.7384,6.7384,6.7384,6.7384,6.7384,6.7384,6.7384,6.7384,6.7384,6.7384,6.7384,6.7384,6.7384,6.7384,6.7384,6.7384,6.7384,6.7384,6.7384,6.7384,6.7384,6.7384,6.7384,6.7384,6.7384,6.7384,6.7384,6.7384,6.7384,6.7384,6.7384,6.7384,6.7384,6.7384,6.7384,6.7384,6.7384,6.7384,6.7384,6.7384,6.7384,6.7384,6.7384
6.7335,6.7335,6.7335,6.7335,6.7335,6.7335,6.7335,6.7335,6.7335,6.7335,6.7335,6.7335,6.7335,6.7335,6.7335,6.7335,6.7335,6.7335,6.7335,6.7335,6.7335,6.7335,6.7335,6.7335,6.7335,6.7335,6.7335,6.7335,6.7335,6.7335,6.7335,6.7335,6.7335,6.7335,6.7335,6.7335,6.7335,6.7335,6.7335,6.7335,6.7335,6.7335,6.7335,6.7335,6.7335,6.7335,6.7335,6.7335,6.7335,6.7335,6.7335,6.7335,6.7335,6.7335,6.7335,6.7335,6.7335,6.7335,6.7335,6.7335,6.7335,6.7335,6.7335,6.7335,6.7335,6.7335,6.7335,6.7335,6.7335,6.7335,6.7335,6.7335,6.7335,6.7335,6.7335,6.7335,6.7335,6.7335,6.7335,6.7335,6.7335,6.7335,6.7335,6.7335,6.7335,6.7335,6.7335,6.7335,6.7335,6.7335,6.7335,6.7335,6.7335,6.7335,6.7335,6.7335,6.7335,6.7335,6.7335,6.7335,6.7335,6.7335,6.7335,6.7335,6.7335,6.7335,6.7335,6.7335,6.7335,6.7335,6.7335,6.7335,6.7335,6.7335,6.7335,6.7335,6.7335,6.7335,6.7335,6.7335,6.7335,6.7335,6.7335,6.7335,6.7335,6.7335,6.7335,6.7335,6.7335,6.7335,6.7335,6.7335,6.7335,6.7335,6.7335,6.7335,6.7335,6.7335,6.7335,6.7335,6.7335,6.7335,6.7335,6.7335,6.7335,6.7335,6.7335,6.7335,6.7335,6.7335,6.7335,6.7335,6.7335,6.7335,6.7335,6.7335,6.7335,6.7335,6.7335,6.7335,6.7335,6.7335,6.7335,6.7335,6.7335,6.7335,6.7335,6.7335,6.7335,6.7335,6.7335,6.7335,6.7335,6.7335,6.7335,6.7335,6.7335,6.7335,6.7335,6.7335,6.7335,6.7335,6.7335,6.7335,6.7335,6.7335,6.7335,6.7335,6.7335,6.7335,6.7335,6.7335,6.7335,6.7335,6.7335,6.7335,6.7335,6.7335,6.7335,6.7335,6.7335,6.7335,6.7335,6.7335,6.7335,6.7335,6.7335,6.7335,6.7335,6.7335,6.7335,6.7335,6.7335,6.7335,6.7335,6.7335,6.7335,6.7335,6.7335,6.7335,6.7335,6.7335,6.7335,6.7335,6.7335,6.7335,6.7335,6.7335,6.7335,6.7335,6.7335,6.7335,6.7335,6.7335,6.7335,6.7335,6.7335,6.7335,6.7335,6.7335,6.7335,6.7335,6.7335,6.7335,6.7335,6.7335,6.7335,6.7335,6.7335,6.7335,6.7335,6.7335,6.7335,6.7335,6.7335,6.7335,6.7335,6.7335,6.7335,6.7335,6.7335,6.7335,6.7335,6.7335,6.7335,6.7335,6.7335,6.7335,6.7335,6.7335,6.7335,6.7335,6.7335,6.7335,6.7335,6.7335,6.7335,6.7335,6.7335,6.7335,6.7335,6.7335,6.7335,6.7335,6.7335,6.7335,6.7335,6.7335,6.7335,6.7335,6.7335,6.7335,6.7335,6.7335,6.7335,6.7335,6.7335,6.7335,6.7335,6.7335,6.7335,6.7335,6.7335,6.7335,6.7335,6.7335,6.7335,6.7335,6.7335,6.7335,6.7335,6.7335,6.7335,6.7335,6.7335,6.7335,6.7335,6.7335,6.7335,6.7335,6.7335,6.7335,6.7335,6.7335,6.7335,6.7335,6.7335,6.7335,6.7335,6.7335,6.7335,6.7335,6.7335,6.7335,6.7335,6.7335,6.7335,6.7335,6.7335,6.7335,6.7335,6.7335,6.7335,6.7335,6.7335,6.7335,6.7335,6.7335,6.7335,6.7335,6.7335,6.7335,6.7335,6.7335,6.7335,6.7335,6.7335,6.7335,6.7335,6.7335,6.7335,6.7335,6.7335,6.7335,6.7335,6.7335,6.7335,6.7335,6.7335,6.7335,6.7335,6.7335,6.7335,6.7335,6.7335,6.7335,6.7335,6.7335,6.7335,6.7335,6.7335,6.7335,6.7335,6.7335,6.7335,6.7335,6.7335,6.7335,6.7335,6.7335,6.7335,6.7335,6.7335,6.7335,6.7335,6.7335,6.7335,6.7335,6.7335,6.7335,6.7335,6.7335,6.7335,6.7335,6.7335,6.7335,6.7335,6.7335,6.7335,6.7335,6.7335,6.7335,6.7335,6.7335,6.7335,6.7335,6.7335,6.7335,6.7335,6.7335,6.7335,6.7335,6.7335,6.7335,6.7335,6.7335,6.7335,6.7335,6.7335,6.7335,6.7335,6.7335,6.7335,6.7335,6.7335,6.7335,6.7335,6.7335,6.7335,6.7335,6.7335,6.7335,6.7335,6.7335,6.7335,6.7335,6.7335,6.7335,6.7335,6.7335,6.7335,6.7335,6.7335,6.7335,6.7335,6.7335,6.7335,6.7335,6.7335,6.7335,6.7335,6.7335,6.7335,6.7335,6.7335,6.7335,6.7335,6.7335,6.7335,6.7335,6.7335,6.7335,6.7335,6.7335,6.7335,6.7335,6.7335,6.7335,6.7335,6.7335,6.7335,6.7335,6.7335,6.7335,6.7335,6.7335,6.7335,6.7335,6.7335,6.7335,6.7335,6.7335,6.7335,6.7335,6.7335,6.7335,6.7335,6.7335,6.7335,6.7335,6.7335,6.7335,6.7335,6.7335,6.7335,6.7335,6.7335,6.7335,6.7335,6.7335,6.7335,6.7335,6.7335,6.7335,6.7335,6.7335,6.7335,6.7335,6.7335,6.7335,6.7335,6.7335,6.7335,6.7335,6.7335,6.7335,6.7335,6.7335,6.7335,6.7335,6.7335,6.7335,6.7335,6.7335,6.7335,6.7335,6.7335,6.7335,6.7335,6.7335,6.7335,6.7335,6.7335,6.7335,6.7335,6.7335,6.7335,6.7335,6.7335,6.7335,6.7335,6.7335,6.7335,6.7335,6.7335,6.7335,6.7335,6.7335,6.7335,6.7335,6.7335,6.7335,6.7335,6.7335,6.7335,6.7335,6.7335,6.7335,6.7335,6.7335,6.7335,6.7335,6.7335,6.7335,6.7335,6.7335,6.7335,6.7335,6.7335,6.7335,6.7335,6.7335,6.7335,6.7335,6.7335,6.7335,6.7335,6.7335,6.7335,6.7335,6.7335,6.7335,6.7335,6.7335,6.7335,6.7335,6.7335,6.7335,6.7335,6.7335,6.7335,6.7335,6.7335,6.7335,6.7335,6.7335,6.7335,6.7335,6.7335,6.7335,6.7335,6.7335,6.7335,6.7335,6.7335,6.7335,6.7335,6.7335,6.7335,6.7335,6.7335,6.7335,6.7335,6.7335,6.7335,6.7335,6.7335,6.7335,6.7335,6.7335,6.7335,6.7335,6.7335,6.7335,6.7335,6.7335,6.7335,6.7335,6.7335,6.7335,6.7335,6.7335,6.7335,6.7335,6.7335,6.7335,6.7335,6.7335,6.7335,6.7335,6.7335,6.7335,6.7335,6.7335,6.7335,6.7335,6.7335,6.7335,6.7335,6.7335,6.7335,6.7335,6.7335,6.7335,6.7335,6.7335,6.7335,6.7335,6.7335,6.7335,6.7335,6.7335,6.7335,6.7335,6.7335,6.7335,6.7335,6.7335,6.7335,6.7335,6.7335,6.7335,6.7335,6.7335,6.7335,6.7335,6.7335,6.7335,6.7335,6.7335,6.7335,6.7335,6.7335,6.7335,6.7335,6.7335,6.7335,6.7335,6.7335,6.7335,6.7335,6.7335,6.7335,6.7335,6.7335,6.7335,6.7335,6.7335,6.7335,6.7335,6.7335,6.7335,6.7335,6.7335,6.7335,6.7335,6.7335,6.7335,6.7335,6.7335,6.7335,6.7335,6.7335,6.7335,6.7335,6.7335,6.7335,6.7335,6.7335,6.7335,6.7335,6.7335,6.7335,6.7335,6.7335,6.7335,6.7335,6.7335,6.7335,6.7335,6.7335,6.7335,6.7335,6.7335,6.7335,6.7335,6.7335,6.7335,6.7335,6.7335,6.7335,6.7335,6.7335,6.7335,6.7335,6.7335,6.7335,6.7335,6.7335,6.7335,6.7335,6.7335,6.7335,6.7335,6.7335,6.7335,6.7335,6.7335,6.7335,6.7335,6.7335,6.7335,6.7335,6.7335,6.7335,6.7335,6.7335,6.7335,6.7335,6.7335,6.7335,6.7335,6.7335,6.7335,6.7335,6.7335,6.7335,6.7335,6.7335,6.7335,6.7335,6.7335,6.7335,6.7335,6.7335,6.7335,6.7335,6.7335,6.7335,6.7335,6.7330,6.7330,6.7330,6.7330,6.7330,6.7330,6.7330,6.7330,6.7330,6.7330,6.7330,6.7330,6.7330,6.7330,6.7330,6.7330,6.7330,6.7330,6.7330,6.7330,6.7330,6.7330,6.7330,6.7330,6.7330,6.7330,6.7330,6.7330,6.7330,6.7330,6.7330,6.7330,6.7330,6.7330,6.7330,6.7330,6.7330,6.7330,6.7330,6.7330,6.7330,6.7330,6.7330,6.7330,6.7330,6.7330,6.7330,6.7330,6.7330,6.7330,6.7330,6.7330,6.7330,6.7330,6.7330,6.7330,6.7330,6.7330,6.7330,6.7330,6.7330,6.7330,6.7330,6.7330,6.7330,6.7330,6.7330,6.7330,6.7330,6.7330,6.7330,6.7330,6.7330,6.7330,6.7330,6.7330,6.7330,6.7330,6.7330,6.7330,6.7330,6.7330,6.7330,6.7330,6.7330,6.7330,6.7330,6.7330,6.7330,6.7330,6.7330,6.7330,6.7330,6.7330,6.7330,6.7330,6.7330,6.7330,6.7330,6.7330,6.7330,6.7330,6.7330,6.7330,6.7330,6.7330,6.7330,6.7330,6.7330,6.7330,6.7330,6.7330,6.7330,6.7330,6.7330,6.7330,6.7330,6.7330,6.7330,6.7330,6.7330,6.7330,6.7330,6.7330,6.7330,6.7330,6.7330,6.7330,6.7330,6.7330,6.7330,6.7330,6.7330,6.7330,6.7330,6.7330,6.7330,6.7330,6.7330,6.7330,6.7330,6.7330,6.7330,6.7330,6.7330,6.7330,6.7330,6.7330,6.7330,6.7330,6.7330,6.7330,6.7330,6.7330,6.7330,6.7330,6.7330,6.7330,6.7330,6.7330
6.7284,6.7284,6.7284,6.7284,6.7284,6.7284,6.7284,6.7284,6.7284,6.7284,6.7284,6.7284,6.7284,6.7284,6.7284,6.7284,6.7284,6.7284,6.7284,6.7284,6.7284,6.7284,6.7284,6.7284,6.7284,6.7284,6.7284,6.7284,6.7284,6.7284,6.7284,6.7284,6.7284,6.7284,6.7284,6.7284,6.7284,6.7284,6.7284,6.7284,6.7284,6.7284,6.7284,6.7284,6.7284,6.7284,6.7284,6.7284,6.7284,6.7284,6.7284,6.7284,6.7284,6.7284,6.7284,6.7284,6.7284,6.7284,6.7284,6.7284,6.7284,6.7284,6.7284,6.7284,6.7284,6.7284,6.7284,6.7284,6.7284,6.7284,6.7284,6.7284,6.7284,6.7284,6.7284,6.7284,6.7284,6.7284,6.7284,6.7284,6.7284,6.7284,6.7284,6.7284,6.7284,6.7284,6.7284,6.7284,6.7284,6.7284,6.7284,6.7284,6.7284,6.7284,6.7284,6.7284,6.7284,6.7284,6.7284,6.7284,6.7284,6.7284,6.7284,6.7284,6.7284,6.7284,6.7284,6.7284,6.7284,6.7284,6.7284,6.7284,6.7284,6.7284,6.7284,6.7284,6.7284,6.7284,6.7284,6.7284,6.7284,6.7284,6.7284,6.7284,6.7284,6.7284,6.7284,6.7284,6.7284,6.7284,6.7284,6.7284,6.7284,6.7284,6.7284,6.7284,6.7284,6.7284,6.7284,6.7284,6.7284,6.7284,6.7284,6.7284,6.7284,6.7284,6.7284,6.7284,6.7284,6.7284,6.7284,6.7284,6.7284,6.7284,6.7284,6.7284,6.7284,6.7284,6.7284,6.7284,6.7284,6.7284,6.7284,6.7284,6.7284,6.7284,6.7284,6.7284,6.7284,6.7284,6.7284,6.7284,6.7284,6.7284,6.7284,6.7284,6.7284,6.7284,6.7284,6.7284,6.7284,6.7284,6.7284,6.7284,6.7284,6.7284,6.7284,6.7284,6.7284,6.7284,6.7284,6.7284,6.7284,6.7284,6.7284,6.7284,6.7284,6.7284,6.7284,6.7284,6.7284,6.7284,6.7284,6.7284,6.7284,6.7284,6.7284,6.7284,6.7284,6.7284,6.7284,6.7284,6.7284,6.7284,6.7284,6.7284,6.7284,6.7284,6.7284,6.7284,6.7284,6.7284,6.7284,6.7284,6.7284,6.7284,6.7284,6.7284,6.7284,6.7284,6.7284,6.7284,6.7284,6.7284,6.7284,6.7284,6.7284,6.7284,6.7284,6.7284,6.7284,6.7284,6.7284,6.7284,6.7284,6.7284,6.7284,6.7284,6.7284,6.7284,6.7284,6.7284,6.7284,6.7284,6.7284,6.7284,6.7284,6.7284,6.7284,6.7284,6.7284,6.7284,6.7284,6.7284,6.7284,6.7284,6.7284,6.7284,6.7284,6.7284,6.7284,6.7284,6.7284,6.7284,6.7284,6.7284,6.7284,6.7284,6.7284,6.7284,6.7284,6.7284,6.7284,6.7284,6.7284,6.7284,6.7284,6.7284,6.7284,6.7284,6.7284,6.7284,6.7284,6.7284,6.7284,6.7284,6.7284,6.7284,6.7284,6.7284,6.7284,6.7284,6.7284,6.7284,6.7284,6.7284,6.7284,6.7284,6.7284,6.7284,6.7284,6.7284,6.7284,6.7284,6.7284,6.7284,6.7284,6.7284,6.7284,6.7284,6.7284,6.7284,6.7284,6.7284,6.7284,6.7284,6.7284,6.7284,6.7284,6.7284,6.7284,6.7284,6.7284,6.7284,6.7284,6.7284,6.7284,6.7284,6.7284,6.7284,6.7284,6.7284,6.7284,6.7284,6.7284,6.7284,6.7284,6.7284,6.7284,6.7284,6.7284,6.7284,6.7284,6.7284,6.7284,6.7284,6.7284,6.7284,6.7284,6.7284,6.7284,6.7284,6.7284,6.7284,6.7284,6.7284,6.7284,6.7284,6.7284,6.7284,6.7284,6.7284,6.7284,6.7284,6.7284,6.7284,6.7284,6.7284,6.7284,6.7284,6.7284,6.7284,6.7284,6.7284,6.7284,6.7284,6.7284,6.7284,6.7284,6.7284,6.7284,6.7284,6.7284,6.7284,6.7284,6.7284,6.7284,6.7284,6.7284,6.7284,6.7284,6.7284,6.7284,6.7284,6.7284,6.7284,6.7284,6.7284,6.7284,6.7284,6.7284,6.7284,6.7284,6.7284,6.7284,6.7284,6.7284,6.7284,6.7284,6.7284,6.7284,6.7284,6.7284,6.7284,6.7284,6.7284,6.7284,6.7284,6.7284,6.7284,6.7284,6.7284,6.7284,6.7284,6.7284,6.7284,6.7284,6.7284,6.7284,6.7284,6.7284,6.7284,6.7284,6.7284,6.7284,6.7284,6.7284,6.7284,6.7284,6.7284,6.7284,6.7284,6.7284,6.7284,6.7284,6.7284,6.7284,6.7284,6.7284,6.7284,6.7284,6.7284,6.7284,6.7284,6.7284,6.7284,6.7284,6.7284,6.7284,6.7284,6.7284,6.7284,6.7284,6.7284,6.7284,6.7284,6.7284,6.7284,6.7284,6.7284,6.7284,6.7284,6.7284,6.7284,6.7284,6.7284,6.7284,6.7284,6.7284,6.7284,6.7284,6.7284,6.7284,6.7284,6.7284,6.7284,6.7284,6.7284,6.7284,6.7284,6.7284,6.7284,6.7284,6.7284,6.7284,6.7284,6.7284,6.7284,6.7284,6.7284,6.7284,6.7284,6.7284,6.7284,6.7284,6.7284,6.7284,6.7284,6.7284,6.7284,6.7284,6.7284,6.7284,6.7284,6.7284,6.7284,6.7284,6.7284,6.7284,6.7284,6.7284,6.7284,6.7284,6.7284,6.7284,6.7284,6.7284,6.7284,6.7284,6.7284,6.7284,6.7284,6.7284,6.7284,6.7284,6.7284,6.7284,6.7284,6.7284,6.7284,6.7284,6.7284,6.7284,6.7284,6.7284,6.7284,6.7284,6.7284,6.7284,6.7284,6.7284,6.7284,6.7284,6.7284,6.7284,6.7284,6.7284,6.7284,6.7284,6.7284,6.7284,6.7284,6.7284,6.7284,6.7284,6.7284,6.7284,6.7284,6.7284,6.7284,6.7284,6.7284,6.7284,6.7284,6.7284,6.7284,6.7284,6.7284,6.7284,6.7284,6.7284,6.7284,6.7284,6.7284,6.7284,6.7284,6.7284,6.7284,6.7284,6.7284,6.7284,6.7284,6.7284,6.7284,6.7284,6.7284,6.7284,6.7284,6.7284,6.7284,6.7284,6.7284,6.7284,6.7284,6.7284,6.7284,6.7284,6.7284,6.7284,6.7284,6.7284,6.7284,6.7284,6.7284,6.7284,6.7284,6.7284,6.7284,6.7284,6.7284,6.7284,6.7284,6.7284,6.7284,6.7284,6.7284,6.7284,6.7284,6.7284,6.7284,6.7284,6.7284,6.7284,6.7284,6.7284,6.7284,6.7284,6.7284,6.7284,6.7284,6.7284,6.7284,6.7284,6.7284,6.7284,6.7284,6.7284,6.7284,6.7284,6.7284,6.7284,6.7284,6.7284,6.7284,6.7284,6.7284,6.7284,6.7284,6.7278,6.7278,6.7278,6.7278,6.7278,6.7278,6.7278,6.7278,6.7278,6.7278,6.7278,6.7278,6.7278,6.7278,6.7278,6.7278,6.7278,6.7278,6.7278,6.7278,6.7278,6.7278,6.7278,6.7278,6.7278,6.7278,6.7278,6.7278,6.7278,6.7278,6.7278,6.7278,6.7278,6.7278,6.7278,6.7278,6.7278,6.7278,6.7278,6.7278,6.7278,6.7278,6.7278,6.7278,6.7278,6.7278,6.7278,6.7278,6.7278,6.7278,6.7278,6.7278,6.7278,6.7278,6.7278,6.7278,6.7278,6.7278,6.7278,6.7278,6.7278,6.7278,6.7278,6.7278,6.7278,6.7278,6.7278,6.7278,6.7278,6.7278,6.7278,6.7278,6.7278,6.7278,6.7278,6.7278,6.7278,6.7278,6.7278,6.7278,6.7278,6.7278,6.7278,6.7278,6.7278,6.7278,6.7278,6.7278,6.7278,6.7278,6.7278,6.7278,6.7278,6.7278,6.7278,6.7278,6.7278,6.7278,6.7278,6.7278,6.7278,6.7278,6.7278,6.7278,6.7278,6.7278,6.7278,6.7278,6.7278,6.7278,6.7278,6.7278,6.7278,6.7278,6.7278,6.7278,6.7278,6.7278,6.7278,6.7278,6.7278,6.7278,6.7278,6.7278,6.7278,6.7278,6.7278,6.7278,6.7278,6.7278,6.7278,6.7278,6.7278,6.7278,6.7278,6.7278,6.7278,6.7278,6.7278,6.7278,6.7278,6.7278,6.7278,6.7278,6.7278,6.7278,6.7278,6.7278,6.7278,6.7278,6.7278,6.7278,6.7278,6.7278,6.7278,6.7278,6.7278,6.7278,6.7278,6.7278,6.7278,6.7278,6.7278,6.7278,6.7278,6.7278,6.7278,6.7278,6.7278,6.7278,6.7278,6.7278,6.7278,6.7278,6.7278,6.7278,6.7278,6.7278,6.7278,6.7278,6.7278,6.7278,6.7278,6.7278,6.7278,6.7278,6.7278,6.7278,6.7278,6.7278,6.7278,6.7278,6.7278,6.7278,6.7278,6.7278,6.7278,6.7278,6.7278,6.7278,6.7278,6.7278,6.7278,6.7278,6.7278,6.7278,6.7278,6.7278,6.7278,6.7278,6.7278,6.7278,6.7278,6.7278,6.7278,6.7278,6.7278,6.7278,6.7278,6.7278,6.7278,6.7278,6.7278,6.7278,6.7278,6.7278,6.7278,6.7278,6.7278,6.7278,6.7278,6.7278,6.7278,6.7278,6.7278,6.7278,6.7278,6.7278,6.7278,6.7278,6.7278,6.7278,6.7278,6.7278,6.7278,6.7278,6.7278,6.7278,6.7278,6.7278,6.7278,6.7278,6.7278,6.7278,6.7278,6.7278,6.7278,6.7278,6.7278,6.7278,6.7278,6.7278,6.7278,6.7278,6.7278,6.7278,6.7278,6.7278,6.7278,6.7278,6.7278,6.7278,6.7278,6.7278,6.7278,6.7278,6.7278,6.7278,6.7278,6.7278,6.7278,6.7278,6.7278,6.7278,6.7278,6.7278,6.7278,6.7278,6.7278,6.7278,6.7278,6.7278
6.7232,6.7232,6.7232,6.7232,6.7232,6.7232,6.7232,6.7232,6.7232,6.7232,6.7232,6.7232,6.7232,6.7232,6.7232,6.7232,6.7232,6.7232,6.7232,6.7232,6.7232,6.7232,6.7232,6.7232,6.7232,6.7232,6.7232,6.7232,6.7232,6.7232,6.7232,6.7232,6.7232,6.7232,6.7232,6.7232,6.7232,6.7232,6.7232,6.7232,6.7232,6.7232,6.7232,6.7232,6.7232,6.7232,6.7232,6.7232,6.7232,6.7232,6.7232,6.7232,6.7232,6.7232,6.7232,6.7232,6.7232,6.7232,6.7232,6.7232,6.7232,6.7232,6.7232,6.7232,6.7232,6.7232,6.7232,6.7232,6.7232,6.7232,6.7232,6.7232,6.7232,6.7232,6.7232,6.7232,6.7232,6.7232,6.7232,6.7232,6.7232,6.7232,6.7232,6.7232,6.7232,6.7232,6.7232,6.7232,6.7232,6.7232,6.7232,6.7232,6.7232,6.7232,6.7232,6.7232,6.7232,6.7232,6.7232,6.7232,6.7232,6.7232,6.7232,6.7232,6.7232,6.7232,6.7232,6.7232,6.7232,6.7232,6.7232,6.7232,6.7232,6.7232,6.7232,6.7232,6.7232,6.7232,6.7232,6.7232,6.7232,6.7232,6.7232,6.7232,6.7232,6.7232,6.7232,6.7232,6.7232,6.7232,6.7232,6.7232,6.7232,6.7232,6.7232,6.7232,6.7232,6.7232,6.7232,6.7232,6.7232,6.7232,6.7232,6.7232,6.7232,6.7232,6.7232,6.7232,6.7232,6.7232,6.7232,6.7232,6.7232,6.7232,6.7232,6.7232,6.7232,6.7232,6.7232,6.7232,6.7232,6.7232,6.7232,6.7232,6.7232,6.7232,6.7232,6.7232,6.7232,6.7232,6.7232,6.7232,6.7232,6.7232,6.7232,6.7232,6.7232,6.7232,6.7232,6.7232,6.7232,6.7232,6.7232,6.7232,6.7232,6.7232,6.7232,6.7232,6.7232,6.7232,6.7232,6.7232,6.7232,6.7232,6.7232,6.7232,6.7232,6.7232,6.7232,6.7232,6.7232,6.7232,6.7232,6.7232,6.7232,6.7232,6.7232,6.7232,6.7232,6.7232,6.7232,6.7232,6.7232,6.7232,6.7232,6.7232,6.7232,6.7232,6.7232,6.7232,6.7232,6.7232,6.7232,6.7232,6.7232,6.7232,6.7232,6.7232,6.7232,6.7232,6.7232,6.7232,6.7232,6.7232,6.7232,6.7232,6.7232,6.7232,6.7232,6.7232,6.7232,6.7232,6.7232,6.7232,6.7232,6.7232,6.7232,6.7232,6.7232,6.7232,6.7232,6.7232,6.7232,6.7232,6.7232,6.7232,6.7232,6.7232,6.7232,6.7232,6.7232,6.7232,6.7232,6.7232,6.7232,6.7232,6.7232,6.7232,6.7232,6.7232,6.7232,6.7232,6.7232,6.7232,6.7232,6.7232,6.7232,6.7232,6.7232,6.7232,6.7232,6.7232,6.7232,6.7232,6.7232,6.7232,6.7232,6.7232,6.7232,6.7232,6.7232,6.7232,6.7232,6.7232,6.7232,6.7232,6.7232,6.7232,6.7232,6.7232,6.7232,6.7232,6.7232,6.7232,6.7232,6.7232,6.7232,6.7232,6.7232,6.7232,6.7232,6.7232,6.7232,6.7232,6.7232,6.7232,6.7232,6.7232,6.7232,6.7232,6.7232,6.7232,6.7232,6.7232,6.7232,6.7232,6.7232,6.7232,6.7232,6.7232,6.7232,6.7232,6.7232,6.7232,6.7232,6.7232,6.7232,6.7232,6.7232,6.7232,6.7232,6.7232,6.7232,6.7232,6.7232,6.7232,6.7232,6.7232,6.7232,6.7232,6.7232,6.7232,6.7232,6.7232,6.7232,6.7232,6.7232,6.7232,6.7232,6.7232,6.7232,6.7232,6.7232,6.7232,6.7232,6.7232,6.7232,6.7232,6.7232,6.7232,6.7232,6.7232,6.7232,6.7232,6.7232,6.7232,6.7232,6.7232,6.7232,6.7232,6.7232,6.7232,6.7232,6.7232,6.7232,6.7232,6.7232,6.7232,6.7232,6.7232,6.7232,6.7232,6.7232,6.7232,6.7232,6.7232,6.7232,6.7232,6.7232,6.7232,6.7232,6.7232,6.7232,6.7232,6.7232,6.7232,6.7232,6.7232,6.7232,6.7232,6.7232,6.7232,6.7232,6.7232,6.7232,6.7232,6.7232,6.7232,6.7232,6.7232,6.7232,6.7232,6.7232,6.7232,6.7232,6.7232,6.7232,6.7232,6.7232,6.7232,6.7232,6.7232,6.7232,6.7232,6.7232,6.7232,6.7232,6.7232,6.7232,6.7232,6.7232,6.7232,6.7232,6.7232,6.7232,6.7232,6.7232,6.7232,6.7232,6.7232,6.7232,6.7232,6.7232,6.7232,6.7232,6.7232,6.7232,6.7232,6.7232,6.7232,6.7232,6.7232,6.7232,6.7232,6.7232,6.7232,6.7232,6.7232,6.7232,6.7232,6.7232,6.7232,6.7232,6.7232,6.7232,6.7232,6.7232,6.7232,6.7232,6.7232,6.7232,6.7232,6.7232,6.7232,6.7232,6.7232,6.7232,6.7232,6.7232,6.7232,6.7232,6.7232,6.7232,6.7232,6.7232,6.7232,6.7232,6.7232,6.7232,6.7232,6.7232,6.7232,6.7232,6.7232,6.7232,6.7232,6.7232,6.7232,6.7232,6.7232,6.7232,6.7232,6.7232,6.7232,6.7232,6.7232,6.7232,6.7232,6.7232,6.7227,6.7227,6.7227,6.7227,6.7227,6.7227,6.7227,6.7227,6.7227,6.7227,6.7227,6.7227,6.7227,6.7227,6.7227,6.7227,6.7227,6.7227,6.7227,6.7227,6.7227,6.7227,6.7227,6.7227,6.7227,6.7227,6.7227,6.7227,6.7227,6.7227,6.7227,6.7227,6.7227,6.7227,6.7227,6.7227,6.7227,6.7227,6.7227,6.7227,6.7227,6.7227,6.7227,6.7227,6.7227,6.7227,6.7227,6.7227,6.7227,6.7227,6.7227,6.7227,6.7227,6.7227,6.7227,6.7227,6.7227,6.7227,6.7227,6.7227,6.7227,6.7227,6.7227,6.7227,6.7227,6.7227,6.7227,6.7227,6.7227,6.7227,6.7227,6.7227,6.7227,6.7227,6.7227,6.7227,6.7227,6.7227,6.7227,6.7227,6.7227,6.7227,6.7227,6.7227,6.7227,6.7227,6.7227,6.7227,6.7227,6.7227,6.7227,6.7227,6.7227,6.7227,6.7227,6.7227,6.7227,6.7227,6.7227,6.7227,6.7227,6.7227,6.7227,6.7227,6.7227,6.7227,6.7227,6.7227,6.7227,6.7227,6.7227,6.7227,6.7227,6.7227,6.7227,6.7227,6.7227,6.7227,6.7227,6.7227,6.7227,6.7227,6.7227,6.7227,6.7227,6.7227,6.7227,6.7227,6.7227,6.7227,6.7227,6.7227,6.7227,6.7227,6.7227,6.7227,6.7227,6.7227,6.7227,6.7227,6.7227,6.7227,6.7227,6.7227,6.7227,6.7227,6.7227,6.7227,6.7227,6.7227,6.7227,6.7227,6.7227,6.7227,6.7227,6.7227,6.7227,6.7227,6.7227,6.7227,6.7227,6.7227,6.7227,6.7227,6.7227,6.7227,6.7227,6.7227,6.7227,6.7227,6.7227,6.7227,6.7227,6.7227,6.7227,6.7227,6.7227,6.7227,6.7227,6.7227,6.7227,6.7227,6.7227,6.7227,6.7227,6.7227,6.7227,6.7227,6.7227,6.7227,6.7227,6.7227,6.7227,6.7227,6.7227,6.7227,6.7227,6.7227,6.7227,6.7227,6.7227,6.7227,6.7227,6.7227,6.7227,6.7227,6.7227,6.7227,6.7227,6.7227,6.7227,6.7227,6.7227,6.7227,6.7227,6.7227,6.7227,6.7227,6.7227,6.7227,6.7227,6.7227,6.7227,6.7227,6.7227,6.7227,6.7227,6.7227,6.7227,6.7227,6.7227,6.7227,6.7227,6.7227,6.7227,6.7227,6.7227,6.7227,6.7227,6.7227,6.7227,6.7227,6.7227,6.7227,6.7227,6.7227,6.7227,6.7227,6.7227,6.7227,6.7227,6.7227,6.7227,6.7227,6.7227,6.7227,6.7227,6.7227,6.7227,6.7227,6.7227,6.7227,6.7227,6.7227,6.7227,6.7227,6.7227,6.7227,6.7227,6.7227,6.7227,6.7227,6.7227,6.7227,6.7227,6.7227,6.7227,6.7227,6.7227,6.7227,6.7227,6.7227,6.7227,6.7227,6.7227,6.7227,6.7227,6.7227,6.7227,6.7227,6.7227,6.7227,6.7227,6.7227,6.7227,6.7227,6.7227,6.7227,6.7227,6.7227,6.7227,6.7227,6.7227,6.7227,6.7227,6.7227,6.7227,6.7227,6.7227,6.7227,6.7227,6.7227,6.7227,6.7227,6.7227,6.7227,6.7227,6.7227,6.7227,6.7227,6.7227,6.7227,6.7227,6.7227,6.7227,6.7227,6.7227,6.7227,6.7227,6.7227,6.7227,6.7227,6.7227,6.7227,6.7227,6.7227,6.7227,6.7227,6.7227,6.7227,6.7227,6.7227,6.7227,6.7227,6.7227,6.7227,6.7227,6.7227,6.7227,6.7227,6.7227,6.7227,6.7227,6.7227,6.7227,6.7227,6.7227,6.7227,6.7227,6.7227,6.7227,6.7227,6.7227,6.7227,6.7227,6.7227,6.7227,6.7227,6.7227,6.7227,6.7227,6.7227,6.7227,6.7227,6.7227,6.7227,6.7227,6.7227,6.7227,6.7227,6.7227,6.7227,6.7227,6.7227,6.7227,6.7227,6.7227,6.7227,6.7227,6.7227,6.7227,6.7227,6.7227,6.7227,6.7227,6.7227,6.7227,6.7227,6.7227,6.7227,6.7227,6.7227,6.7227,6.7227,6.7227,6.7227,6.7227,6.7227,6.7227,6.7227,6.7227,6.7227,6.7227,6.7227,6.7227,6.7227,6.7227,6.7227,6.7227,6.7227,6.7227,6.7227,6.7227,6.7227,6.7227,6.7227,6.7227,6.7227,6.7227,6.7227,6.7227,6.7227,6.7227,6.7227,6.7227,6.7227,6.7227,6.7227,6.7227,6.7227,6.7227
6.7179,6.7179,6.7179,6.7179,6.7179,6.7179,6.7179,6.7179,6.7179,6.7179,6.7179,6.7179,6.7179,6.7179,6.7179,6.7179,6.7179,6.7179,6.7179,6.7179,6.7179,6.7179,6.7179,6.7179,6.7179,6.7179,6.7179,6.7179,6.7179,6.7179,6.7179,6.7179,6.7179,6.7179,6.7179,6.7179,6.7179,6.7179,6.7179,6.7179,6.7179,6.7179,6.7179,6.7179,6.7179,6.7179,6.7179,6.7179,6.7179,6.7179,6.7179,6.7179,6.7179,6.7179,6.7179,6.7179,6.7179,6.7179,6.7179,6.7179,6.7179,6.7179,6.7179,6.7179,6.7179,6.7179,6.7179,6.7179,6.7179,6.7179,6.7179,6.7179,6.7179,6.7179,6.7179,6.7179,6.7179,6.7179,6.7179,6.7179,6.7179,6.7179,6.7179,6.7179,6.7179,6.7179,6.7179,6.7179,6.7179,6.7179,6.7179,6.7179,6.7179,6.7179,6.7179,6.7179,6.7179,6.7179,6.7179,6.7179,6.7179,6.7179,6.7179,6.7179,6.7179,6.7179,6.7179,6.7179,6.7179,6.7179,6.7179,6.7179,6.7179,6.7179,6.7179,6.7179,6.7179,6.7179,6.7179,6.7179,6.7179,6.7179,6.7179,6.7179,6.7179,6.7179,6.7179,6.7179,6.7179,6.7179,6.7179,6.7179,6.7179,6.7179,6.7179,6.7179,6.7179,6.7179,6.7179,6.7179,6.7179,6.7179,6.7179,6.7179,6.7179,6.7179,6.7179,6.7179,6.7179,6.7179,6.7179,6.7179,6.7179,6.7179,6.7179,6.7179,6.7179,6.7179,6.7179,6.7179,6.7179,6.7179,6.7179,6.7179,6.7179,6.7179,6.7179,6.7179,6.7179,6.7179,6.7179,6.7179,6.7179,6.7179,6.7179,6.7179,6.7179,6.7179,6.7179,6.7179,6.7179,6.7179,6.7179,6.7179,6.7179,6.7179,6.7179,6.7179,6.7179,6.7179,6.7179,6.7179,6.7179,6.7179,6.7179,6.7179,6.7179,6.7179,6.7179,6.7179,6.7179,6.7179,6.7179,6.7179,6.7179,6.7179,6.7179,6.7179,6.7179,6.7179,6.7179,6.7179,6.7179,6.7179,6.7179,6.7179,6.7179,6.7179,6.7179,6.7179,6.7179,6.7179,6.7179,6.7179,6.7179,6.7179,6.7179,6.7179,6.7179,6.7179,6.7179,6.7179,6.7179,6.7179,6.7179,6.7179,6.7179,6.7179,6.7179,6.7179,6.7179,6.7179,6.7179,6.7179,6.7179,6.7179,6.7179,6.7179,6.7179,6.7179,6.7179,6.7179,6.7179,6.7179,6.7179,6.7179,6.7179,6.7179,6.7179,6.7179,6.7179,6.7179,6.7179,6.7179,6.7179,6.7179,6.7179,6.7179,6.7179,6.7179,6.7179,6.7179,6.7179,6.7179,6.7179,6.7179,6.7179,6.7179,6.7179,6.7179,6.7179,6.7179,6.7179,6.7179,6.7179,6.7179,6.7179,6.7179,6.7179,6.7179,6.7179,6.7179,6.7179,6.7179,6.7179,6.7179,6.7179,6.7179,6.7179,6.7179,6.7179,6.7179,6.7179,6.7179,6.7179,6.7179,6.7179,6.7179,6.7179,6.7179,6.7179,6.7179,6.7179,6.7179,6.7179,6.7179,6.7179,6.7179,6.7179,6.7179,6.7179,6.7179,6.7179,6.7179,6.7179,6.7179,6.7179,6.7179,6.7179,6.7179,6.7179,6.7179,6.7179,6.7179,6.7179,6.7179,6.7179,6.7179,6.7179,6.7179,6.7179,6.7179,6.7179,6.7179,6.7179,6.7179,6.7179,6.7179,6.7179,6.7179,6.7179,6.7179,6.7179,6.7179,6.7179,6.7179,6.7179,6.7179,6.7179,6.7179,6.7179,6.7179,6.7179,6.7179,6.7179,6.7179,6.7179,6.7179,6.7179,6.7179,6.7179,6.7179,6.7179,6.7179,6.7179,6.7179,6.7179,6.7179,6.7179,6.7179,6.7179,6.7179,6.7179,6.7179,6.7179,6.7179,6.7179,6.7179,6.7179,6.7179,6.7179,6.7179,6.7179,6.7179,6.7179,6.7179,6.7179,6.7179,6.7179,6.7179,6.7179,6.7179,6.7179,6.7179,6.7179,6.7179,6.7179,6.7179,6.7179,6.7179,6.7179,6.7179,6.7179,6.7179,6.7179,6.7179,6.7179,6.7179,6.7179,6.7179,6.7179,6.7179,6.7179,6.7179,6.7179,6.7179,6.7179,6.7179,6.7179,6.7179,6.7179,6.7179,6.7179,6.7179,6.7179,6.7179,6.7179,6.7179,6.7179,6.7179,6.7179,6.7179,6.7179,6.7179,6.7179,6.7179,6.7179,6.7179,6.7179,6.7179,6.7179,6.7179,6.7179,6.7179,6.7179,6.7179,6.7179,6.7179,6.7179,6.7179,6.7179,6.7179,6.7179,6.7179,6.7179,6.7179,6.7179,6.7179,6.7179,6.7179,6.7179,6.7179,6.7179,6.7179,6.7179,6.7179,6.7179,6.7179,6.7179,6.7179,6.7179,6.7179,6.7179,6.7179,6.7179,6.7179,6.7179,6.7179,6.7179,6.7179,6.7179,6.7179,6.7179,6.7179,6.7179,6.7179,6.7179,6.7179,6.7179,6.7179,6.7179,6.7179,6.7179,6.7179,6.7179,6.7179,6.7179,6.7179,6.7179,6.7179,6.7179,6.7179,6.7179,6.7179,6.7179,6.7179,6.7179,6.7179,6.7179,6.7179,6.7179,6.7179,6.7179,6.7179,6.7179,6.7179,6.7179,6.7179,6.7179,6.7179,6.7179,6.7179,6.7179,6.7179,6.7179,6.7179,6.7179,6.7179,6.7179,6.7179,6.7179,6.7179,6.7179,6.7179,6.7179,6.7179,6.7179,6.7179,6.7179,6.7179,6.7179,6.7179,6.7179,6.7179,6.7179,6.7179,6.7179,6.7179,6.7179,6.7179,6.7179,6.7179,6.7179,6.7179,6.7179,6.7179,6.7179,6.7179,6.7179,6.7179,6.7179,6.7179,6.7179,6.7179,6.7179,6.7179,6.7179,6.7179,6.7179,6.7179,6.7179,6.7179,6.7179,6.7179,6.7179,6.7179,6.7179,6.7179,6.7179,6.7179,6.7179,6.7179,6.7179,6.7179,6.7179,6.7179,6.7179,6.7179,6.7179,6.7179,6.7179,6.7179,6.7179,6.7179,6.7179,6.7179,6.7179,6.7179,6.7179,6.7179,6.7179,6.7179,6.7179,6.7179,6.7179,6.7179,6.7179,6.7179,6.7179,6.7179,6.7179,6.7179,6.7179,6.7179,6.7179,6.7179,6.7179,6.7179,6.7179,6.7179,6.7179,6.7179,6.7179,6.7179,6.7179,6.7179,6.7179,6.7179,6.7179,6.7179,6.7179,6.7179,6.7179,6.7179,6.7179,6.7179,6.7179,6.7179,6.7179,6.7179,6.7179,6.7179,6.7179,6.7179,6.7179,6.7179,6.7179,6.7179,6.7179,6.7179,6.7179,6.7179,6.7179,6.7179,6.7179,6.7179,6.7179,6.7179,6.7179,6.7179,6.7179,6.7179,6.7179,6.7179,6.7179,6.7179,6.7179,6.7179,6.7179,6.7179,6.7179,6.7179,6.7179,6.7179,6.7179,6.7179,6.7179,6.7179,6.7179,6.7179,6.7179,6.7179,6.7179,6.7179,6.7179,6.7179,6.7179,6.7179,6.7179,6.7179,6.7179,6.7179,6.7179,6.7179,6.7179,6.7179,6.7179,6.7179,6.7179,6.7179,6.7179,6.7179,6.7179,6.7179,6.7179,6.7179,6.7179,6.7179,6.7179,6.7179,6.7179,6.7179,6.7179,6.7179,6.7179,6.7179,6.7179,6.7179,6.7179,6.7179,6.7179,6.7179,6.7179,6.7179,6.7179,6.7179,6.7179,6.7179,6.7179,6.7179,6.7179,6.7179,6.7179,6.7179,6.7179,6.7179,6.7179,6.7179,6.7179,6.7179,6.7179,6.7179,6.7179,6.7179,6.7179,6.7179,6.7179,6.7179,6.7179,6.7179,6.7179,6.7179,6.7179,6.7179,6.7179,6.7179,6.7179,6.7179,6.7179,6.7179,6.7179,6.7179,6.7179,6.7179,6.7179,6.7179,6.7179,6.7179,6.7179,6.7179,6.7179,6.7179,6.7179,6.7179,6.7179,6.7179,6.7179,6.7179,6.7179,6.7179,6.7179,6.7179,6.7179,6.7179,6.7179,6.7179,6.7179,6.7179,6.7179,6.7179,6.7179,6.7179,6.7179,6.7179,6.7179,6.7179,6.7179,6.7179,6.7179,6.7179,6.7179,6.7179,6.7179,6.7179,6.7179,6.7179,6.7179,6.7179,6.7179,6.7179,6.7179,6.7179,6.7179,6.7179,6.7179,6.7179,6.7179,6.7179,6.7179,6.7179,6.7179,6.7179,6.7179,6.7179,6.7179,6.7179,6.7179,6.7179,6.7179,6.7179,6.7179,6.7179,6.7179,6.7179,6.7179,6.7179,6.7179,6.7179,6.7179,6.7179,6.7179,6.7179,6.7179,6.7179,6.7179,6.7179,6.7179,6.7179,6.7179,6.7179,6.7179,6.7179,6.7179,6.7179,6.7179,6.7179,6.7179,6.7179,6.7179,6.7179,6.7179,6.7179,6.7179,6.7179,6.7179,6.7179,6.7179,6.7179,6.7179,6.7179,6.7179,6.7179,6.7179,6.7179,6.7179,6.7179,6.7179,6.7179,6.7179,6.7179,6.7179,6.7179,6.7179,6.7179,6.7179,6.7179,6.7179,6.7179,6.7179,6.7179,6.7179,6.7179,6.7179,6.7179,6.7179,6.7179,6.7179,6.7179,6.7179,6.7179,6.7179,6.7179,6.7179,6.7179,6.7179,6.7179,6.7179,6.7179,6.7179,6.7179,6.7179,6.7179,6.7179,6.7179,6.7179,6.7179,6.7179,6.7179,6.7179,6.7179,6.7179,6.7179,6.7179,6.7179,6.7179,6.7179,6.7179,6.7179,6.7179,6.7179,6.7179,6.7179,6.7179,6.7179,6.7179,6.7179,6.7179,6.7179,6.7179,6.7179,6.7179,6.7179,6.7179,6.7179,6.7179,6.7179,6.7179,6.7179,6.7179,6.7179
6.7133,6.7133,6.7133,6.7133,6.7133,6.7133,6.7133,6.7133,6.7133,6.7133,6.7133,6.7133,6.7133,6.7133,6.7133,6.7133,6.7133,6.7133,6.7133,6.7133,6.7133,6.7133,6.7133,6.7133,6.7133,6.7133,6.7133,6.7133,6.7133,6.7133,6.7133,6.7133,6.7133,6.7133,6.7133,6.7133,6.7133,6.7133,6.7133,6.7133,6.7133,6.7133,6.7133,6.7133,6.7133,6.7133,6.7133,6.7133,6.7133,6.7133,6.7133,6.7133,6.7133,6.7133,6.7133,6.7133,6.7133,6.7133,6.7133,6.7133,6.7133,6.7133,6.7133,6.7133,6.7133,6.7133,6.7133,6.7133,6.7133,6.7133,6.7133,6.7133,6.7133,6.7133,6.7133,6.7133,6.7133,6.7133,6.7133,6.7133,6.7133,6.7133,6.7133,6.7133,6.7133,6.7133,6.7133,6.7133,6.7133,6.7133,6.7133,6.7133,6.7133,6.7133,6.7133,6.7133,6.7133,6.7133,6.7133,6.7133,6.7133,6.7133,6.7133,6.7133,6.7133,6.7133,6.7133,6.7133,6.7133,6.7133,6.7133,6.7133,6.7133,6.7133,6.7133,6.7133,6.7133,6.7133,6.7133,6.7133,6.7133,6.7133,6.7133,6.7133,6.7133,6.7133,6.7133,6.7133,6.7133,6.7133,6.7133,6.7133,6.7133,6.7133,6.7133,6.7133,6.7133,6.7133,6.7133,6.7133,6.7133,6.7133,6.7133,6.7133,6.7133,6.7133,6.7133,6.7133,6.7133,6.7133,6.7133,6.7133,6.7133,6.7133,6.7133,6.7133,6.7133,6.7133,6.7133,6.7133,6.7133,6.7133,6.7133,6.7133,6.7133,6.7133,6.7133,6.7133,6.7133,6.7133,6.7133,6.7133,6.7133,6.7133,6.7133,6.7133,6.7133,6.7133,6.7133,6.7133,6.7133,6.7133,6.7133,6.7133,6.7133,6.7133,6.7133,6.7133,6.7133,6.7133,6.7133,6.7133,6.7133,6.7133,6.7133,6.7133,6.7133,6.7133,6.7133,6.7133,6.7133,6.7133,6.7133,6.7133,6.7133,6.7133,6.7133,6.7133,6.7133,6.7133,6.7133,6.7133,6.7133,6.7133,6.7133,6.7133,6.7133,6.7133,6.7133,6.7133,6.7133,6.7133,6.7133,6.7133,6.7133,6.7133,6.7133,6.7133,6.7133,6.7133,6.7133,6.7133,6.7133,6.7133,6.7133,6.7133,6.7133,6.7133,6.7133,6.7133,6.7133,6.7133,6.7133,6.7133,6.7133,6.7133,6.7133,6.7133,6.7133,6.7133,6.7133,6.7133,6.7133,6.7133,6.7133,6.7133,6.7133,6.7133,6.7133,6.7133,6.7133,6.7133,6.7133,6.7133,6.7133,6.7133,6.7133,6.7133,6.7133,6.7133,6.7133,6.7133,6.7133,6.7133,6.7133,6.7133,6.7133,6.7133,6.7133,6.7133,6.7133,6.7133,6.7133,6.7133,6.7133,6.7133,6.7133,6.7133,6.7133,6.7133,6.7133,6.7133,6.7133,6.7133,6.7133,6.7133,6.7133,6.7133,6.7133,6.7133,6.7133,6.7133,6.7133,6.7133,6.7133,6.7133,6.7133,6.7133,6.7133,6.7133,6.7133,6.7133,6.7133,6.7133,6.7133,6.7133,6.7133,6.7133,6.7133,6.7133,6.7133,6.7133,6.7133,6.7133,6.7133,6.7133,6.7133,6.7133,6.7133,6.7133,6.7133,6.7133,6.7133,6.7133,6.7133,6.7133,6.7133,6.7133,6.7133,6.7133,6.7133,6.7133,6.7133,6.7133,6.7133,6.7133,6.7133,6.7133,6.7133,6.7133,6.7133,6.7133,6.7133,6.7133,6.7133,6.7133,6.7133,6.7133,6.7133,6.7133,6.7133,6.7133,6.7133,6.7133,6.7133,6.7133,6.7133,6.7133,6.7133,6.7133,6.7133,6.7133,6.7133,6.7133,6.7133,6.7133,6.7133,6.7133,6.7133,6.7133,6.7133,6.7133,6.7133,6.7133,6.7133,6.7133,6.7133,6.7133,6.7133,6.7133,6.7133,6.7133,6.7133,6.7133,6.7133,6.7133,6.7133,6.7133,6.7133,6.7133,6.7133,6.7133,6.7133,6.7133,6.7133,6.7133,6.7133,6.7133,6.7133,6.7133,6.7133,6.7133,6.7133,6.7133,6.7133,6.7133,6.7133,6.7133,6.7133,6.7133,6.7133,6.7133,6.7133,6.7133,6.7133,6.7133,6.7133,6.7133,6.7133,6.7133,6.7133,6.7133,6.7133,6.7133,6.7133,6.7133,6.7133,6.7133,6.7133,6.7133,6.7133,6.7133,6.7133,6.7133,6.7133,6.7133,6.7133,6.7133,6.7133,6.7133,6.7133,6.7133,6.7133,6.7133,6.7133,6.7133,6.7133,6.7133,6.7133,6.7133,6.7133,6.7133,6.7133,6.7133,6.7133,6.7133,6.7133,6.7133,6.7133,6.7133,6.7133,6.7133,6.7133,6.7133,6.7133,6.7133,6.7133,6.7133,6.7133,6.7133,6.7133,6.7133,6.7133,6.7133,6.7133,6.7133,6.7133,6.7133,6.7133,6.7133,6.7133,6.7133,6.7133,6.7133,6.7133,6.7133,6.7133,6.7133,6.7133,6.7133,6.7133,6.7133,6.7133,6.7133,6.7133,6.7133,6.7133,6.7133,6.7133,6.7133,6.7133,6.7133,6.7133,6.7133,6.7133,6.7133,6.7133,6.7133,6.7133,6.7133,6.7133,6.7133,6.7133,6.7133,6.7133,6.7133,6.7133,6.7133,6.7133,6.7133,6.7133,6.7133,6.7133,6.7133,6.7133,6.7133,6.7133,6.7133,6.7133,6.7133,6.7133,6.7133,6.7133,6.7133,6.7133,6.7133,6.7133,6.7133,6.7133,6.7133,6.7133,6.7133,6.7133,6.7133,6.7133,6.7133,6.7133,6.7133,6.7133,6.7133,6.7133,6.7133,6.7133,6.7133,6.7133,6.7133,6.7133,6.7133,6.7133,6.7133,6.7133,6.7133,6.7133,6.7133,6.7133,6.7133,6.7133,6.7133,6.7133,6.7133,6.7133,6.7133,6.7133,6.7133,6.7133,6.7133,6.7133,6.7133,6.7133,6.7133,6.7133,6.7133,6.7133,6.7133,6.7133,6.7133,6.7133,6.7133,6.7133,6.7133,6.7133,6.7133,6.7133,6.7133,6.7133,6.7133,6.7133,6.7133,6.7133,6.7133,6.7133,6.7133,6.7133,6.7133,6.7133,6.7133,6.7133,6.7133,6.7133,6.7133,6.7133,6.7133,6.7133,6.7133,6.7133,6.7133,6.7133,6.7133,6.7133,6.7133,6.7133,6.7133,6.7133,6.7133,6.7133,6.7133,6.7133,6.7133,6.7133,6.7133,6.7133,6.7133,6.7133,6.7133,6.7133,6.7133,6.7133,6.7133,6.7133,6.7133,6.7133,6.7133,6.7133,6.7133,6.7133,6.7133,6.7133,6.7133,6.7133,6.7133,6.7133,6.7133,6.7133,6.7133,6.7133,6.7133,6.7133,6.7133,6.7133,6.7133,6.7133,6.7133,6.7133,6.7133,6.7133,6.7133,6.7133,6.7133,6.7133,6.7133,6.7133,6.7133,6.7133,6.7133,6.7133,6.7133,6.7133,6.7133,6.7133,6.7133,6.7133,6.7133,6.7133,6.7133,6.7133,6.7133,6.7133,6.7133,6.7133,6.7133,6.7133,6.7133,6.7133,6.7133,6.7133,6.7133,6.7133,6.7133,6.7133,6.7133,6.7133,6.7133,6.7133,6.7133,6.7133,6.7133,6.7133,6.7133,6.7133,6.7133,6.7133,6.7133,6.7133,6.7133,6.7133,6.7133,6.7133,6.7133,6.7133,6.7133,6.7133,6.7133,6.7133,6.7133,6.7133,6.7133,6.7133,6.7133,6.7133,6.7133,6.7133,6.7133,6.7133,6.7133,6.7133,6.7133,6.7133,6.7133,6.7133,6.7133,6.7133,6.7133,6.7133,6.7133,6.7133,6.7133,6.7133,6.7133,6.7133,6.7133,6.7133,6.7133,6.7133,6.7133,6.7133,6.7133,6.7133,6.7133,6.7133,6.7133,6.7133,6.7133,6.7133,6.7133,6.7133,6.7133,6.7133,6.7133,6.7133,6.7133,6.7133,6.7133,6.7133,6.7133,6.7133,6.7133,6.7133,6.7133,6.7133,6.7133,6.7133,6.7133,6.7133,6.7133,6.7133,6.7133,6.7133,6.7133,6.7133,6.7133,6.7133,6.7133,6.7133,6.7133,6.7133,6.7133,6.7133,6.7133,6.7133,6.7133,6.7133,6.7133,6.7133,6.7133,6.7133,6.7133,6.7133,6.7133,6.7133,6.7133,6.7133,6.7133,6.7133,6.7133,6.7133,6.7133,6.7133,6.7133,6.7133,6.7133,6.7133,6.7133,6.7133,6.7133,6.7133,6.7133,6.7133,6.7133,6.7133,6.7133,6.7133,6.7133,6.7133,6.7133,6.7133,6.7133,6.7133,6.7133,6.7133,6.7133,6.7133,6.7133,6.7133,6.7133,6.7133,6.7133,6.7133,6.7133,6.7133,6.7133,6.7133,6.7133,6.7133,6.7133,6.7133,6.7133,6.7133,6.7133,6.7133,6.7133,6.7133,6.7133,6.7133,6.7133,6.7133,6.7133,6.7133,6.7133,6.7133,6.7133,6.7133,6.7133,6.7133,6.7133,6.7133,6.7133,6.7133,6.7133,6.7133,6.7133,6.7133,6.7133,6.7133,6.7133,6.7133,6.7133,6.7133,6.7133,6.7133,6.7133,6.7133,6.7133,6.7133,6.7133,6.7133,6.7133,6.7133,6.7133,6.7133,6.7133,6.7133,6.7133,6.7133,6.7133,6.7133,6.7133,6.7133,6.7133,6.7133,6.7133,6.7133,6.7133,6.7133,6.7133,6.7133,6.7133,6.7133,6.7133,6.7133,6.7133,6.7133,6.7133,6.7133,6.7133,6.7133,6.7133,6.7133,6.7133,6.7133,6.7133,6.7133,6.7133,6.7133,6.7133,6.7133,6.7133,6.7133,6.7133,6.7133,6.7133,6.7133,6.7133,6.7133,6.7133,6.7133,6.7133,6.7133,6.7133,6.7133,6.7133
6.7082,6.7082,6.7082,6.7082,6.7082,6.7082,6.7082,6.7082,6.7082,6.7082,6.7082,6.7082,6.7082,6.7082,6.7082,6.7082,6.7082,6.7082,6.7082,6.7082,6.7082,6.7082,6.7082,6.7082,6.7082,6.7082,6.7082,6.7082,6.7082,6.7082,6.7082,6.7082,6.7082,6.7082,6.7082,6.7082,6.7082,6.7082,6.7082,6.7082,6.7082,6.7082,6.7082,6.7082,6.7082,6.7082,6.7082,6.7082,6.7082,6.7082,6.7082,6.7082,6.7082,6.7082,6.7082,6.7082,6.7082,6.7082,6.7082,6.7082,6.7082,6.7082,6.7082,6.7082,6.7082,6.7082,6.7082,6.7082,6.7082,6.7082,6.7082,6.7082,6.7082,6.7082,6.7082,6.7082,6.7082,6.7082,6.7082,6.7082,6.7082,6.7082,6.7082,6.7082,6.7082,6.7082,6.7082,6.7082,6.7082,6.7082,6.7082,6.7082,6.7082,6.7082,6.7082,6.7082,6.7082,6.7082,6.7082,6.7082,6.7082,6.7082,6.7082,6.7082,6.7082,6.7082,6.7082,6.7082,6.7082,6.7082,6.7082,6.7082,6.7082,6.7082,6.7082,6.7082,6.7082,6.7082,6.7082,6.7082,6.7082,6.7082,6.7082,6.7082,6.7082,6.7082,6.7082,6.7082,6.7082,6.7082,6.7082,6.7082,6.7082,6.7082,6.7082,6.7082,6.7082,6.7082,6.7082,6.7082,6.7082,6.7082,6.7082,6.7082,6.7082,6.7082,6.7082,6.7082,6.7082,6.7082,6.7082,6.7082,6.7082,6.7082,6.7082,6.7082,6.7082,6.7082,6.7082,6.7082,6.7082,6.7082,6.7082,6.7082,6.7082,6.7082,6.7082,6.7082,6.7082,6.7082,6.7082,6.7082,6.7082,6.7082,6.7082,6.7082,6.7082,6.7082,6.7082,6.7082,6.7082,6.7082,6.7082,6.7082,6.7082,6.7082,6.7082,6.7082,6.7082,6.7082,6.7082,6.7082,6.7082,6.7082,6.7082,6.7082,6.7082,6.7082,6.7082,6.7082,6.7082,6.7082,6.7082,6.7082,6.7082,6.7082,6.7082,6.7082,6.7082,6.7082,6.7082,6.7082,6.7082,6.7082,6.7082,6.7082,6.7082,6.7082,6.7082,6.7082,6.7082,6.7082,6.7082,6.7082,6.7082,6.7082,6.7082,6.7082,6.7082,6.7082,6.7082,6.7082,6.7082,6.7082,6.7082,6.7082,6.7082,6.7082,6.7082,6.7082,6.7082,6.7082,6.7082,6.7082,6.7082,6.7082,6.7082,6.7082,6.7082,6.7082,6.7082,6.7082,6.7082,6.7082,6.7082,6.7082,6.7082,6.7082,6.7082,6.7082,6.7082,6.7082,6.7082,6.7082,6.7082,6.7082,6.7082,6.7082,6.7082,6.7082,6.7082,6.7082,6.7082,6.7082,6.7082,6.7082,6.7082,6.7082,6.7082,6.7082,6.7082,6.7082,6.7082,6.7082,6.7082,6.7082,6.7082,6.7082,6.7082,6.7082,6.7082,6.7082,6.7082,6.7082,6.7082,6.7082,6.7082,6.7082,6.7082,6.7082,6.7082,6.7082,6.7082,6.7082,6.7082,6.7082,6.7082,6.7082,6.7082,6.7082,6.7082,6.7082,6.7082,6.7082,6.7082,6.7082,6.7082,6.7082,6.7082,6.7082,6.7082,6.7082,6.7082,6.7082,6.7082,6.7082,6.7082,6.7082,6.7082,6.7082,6.7082,6.7082,6.7082,6.7082,6.7082,6.7082,6.7082,6.7082,6.7082,6.7082,6.7082,6.7082,6.7082,6.7082,6.7082,6.7082,6.7082,6.7082,6.7082,6.7082,6.7082,6.7082,6.7082,6.7082,6.7082,6.7082,6.7082,6.7082,6.7082,6.7082,6.7082,6.7082,6.7082,6.7082,6.7082,6.7082,6.7082,6.7082,6.7082,6.7082,6.7082,6.7082,6.7082,6.7082,6.7082,6.7082,6.7082,6.7082,6.7082,6.7082,6.7082,6.7082,6.7082,6.7082,6.7082,6.7082,6.7082,6.7082,6.7082,6.7082,6.7082,6.7082,6.7082,6.7082,6.7082,6.7082,6.7082,6.7082,6.7082,6.7082,6.7082,6.7082,6.7082,6.7082,6.7082,6.7082,6.7082,6.7082,6.7082,6.7082,6.7082,6.7082,6.7082,6.7082,6.7082,6.7082,6.7082,6.7082,6.7082,6.7082,6.7082,6.7082,6.7082,6.7082,6.7082,6.7082,6.7082,6.7082,6.7082,6.7082,6.7082,6.7082,6.7082,6.7082,6.7082,6.7077,6.7077,6.7077,6.7077,6.7077,6.7077,6.7077,6.7077,6.7077,6.7077,6.7077,6.7077,6.7077,6.7077,6.7077,6.7077,6.7077,6.7077,6.7077,6.7077,6.7077,6.7077,6.7077,6.7077,6.7077,6.7077,6.7077,6.7077,6.7077,6.7077,6.7077,6.7077,6.7077,6.7077,6.7077,6.7077,6.7077,6.7077,6.7077,6.7077,6.7077,6.7077,6.7077,6.7077,6.7077,6.7077,6.7077,6.7077,6.7077,6.7077,6.7077,6.7077,6.7077,6.7077,6.7077,6.7077,6.7077,6.7077,6.7077,6.7077,6.7077,6.7077,6.7077,6.7077,6.7077,6.7077,6.7077,6.7077,6.7077,6.7077,6.7077,6.7077,6.7077,6.7077,6.7077,6.7077,6.7077,6.7077,6.7077,6.7077,6.7077,6.7077,6.7077,6.7077,6.7077,6.7077,6.7077,6.7077,6.7077,6.7077,6.7077,6.7077,6.7077,6.7077,6.7077,6.7077,6.7077,6.7077,6.7077,6.7077,6.7077,6.7077,6.7077,6.7077,6.7077,6.7077,6.7077,6.7077,6.7077,6.7077,6.7077,6.7077,6.7077,6.7077,6.7077,6.7077,6.7077,6.7077,6.7077,6.7077,6.7077,6.7077,6.7077,6.7077,6.7077,6.7077,6.7077,6.7077,6.7077,6.7077,6.7077,6.7077,6.7077,6.7077,6.7077,6.7077,6.7077,6.7077,6.7077,6.7077,6.7077,6.7077,6.7077,6.7077,6.7077,6.7077,6.7077,6.7077,6.7077,6.7077,6.7077,6.7077,6.7077,6.7077,6.7077,6.7077,6.7077,6.7077,6.7077,6.7077,6.7077,6.7077,6.7077,6.7077,6.7077,6.7077,6.7077,6.7077,6.7077,6.7077,6.7077,6.7077,6.7077,6.7077,6.7077,6.7077,6.7077,6.7077,6.7077,6.7077,6.7077,6.7077,6.7077,6.7077,6.7077,6.7077,6.7077,6.7077,6.7077,6.7077,6.7077,6.7077,6.7077,6.7077,6.7077,6.7077,6.7077,6.7077,6.7077,6.7077,6.7077,6.7077,6.7077,6.7077,6.7077,6.7077,6.7077,6.7077,6.7077,6.7077,6.7077,6.7077,6.7077,6.7077,6.7077,6.7077,6.7077,6.7077,6.7077,6.7077,6.7077,6.7077,6.7077,6.7077,6.7077,6.7077,6.7077,6.7077,6.7077,6.7077,6.7077,6.7077,6.7077,6.7077,6.7077,6.7077,6.7077,6.7077,6.7077,6.7077,6.7077,6.7077,6.7077,6.7077,6.7077,6.7077,6.7077,6.7077,6.7077,6.7077,6.7077,6.7077,6.7077,6.7077,6.7077,6.7077,6.7077,6.7077,6.7077,6.7077,6.7077,6.7077,6.7077,6.7077,6.7077,6.7077,6.7077,6.7077,6.7077,6.7077,6.7077,6.7077,6.7077,6.7077,6.7077,6.7077,6.7077,6.7077,6.7077,6.7077,6.7077,6.7077,6.7077,6.7077,6.7077,6.7077,6.7077,6.7077,6.7077,6.7077,6.7077,6.7077,6.7077,6.7077,6.7077,6.7077,6.7077,6.7077,6.7077,6.7077,6.7077,6.7077,6.7077,6.7077,6.7077,6.7077,6.7077,6.7077,6.7077,6.7077,6.7077,6.7077,6.7077,6.7077,6.7077,6.7077,6.7077,6.7077,6.7077,6.7077,6.7077,6.7077,6.7077,6.7077,6.7077,6.7077,6.7077,6.7077,6.7077,6.7077,6.7077,6.7077,6.7077,6.7077,6.7077,6.7077,6.7077,6.7077,6.7077,6.7077,6.7077,6.7077,6.7077,6.7077,6.7077,6.7077,6.7077,6.7077,6.7077,6.7077,6.7077,6.7077,6.7077,6.7077,6.7077,6.7077,6.7077,6.7077,6.7077,6.7077,6.7077,6.7077,6.7077,6.7077,6.7077,6.7077,6.7077,6.7077,6.7077,6.7077,6.7077,6.7077,6.7077,6.7077,6.7077,6.7077,6.7077,6.7077,6.7077,6.7077,6.7077,6.7077,6.7077,6.7077,6.7077,6.7077,6.7077,6.7077,6.7077,6.7077,6.7077,6.7077,6.7077,6.7077,6.7077,6.7077,6.7077,6.7077,6.7077,6.7077,6.7077,6.7077,6.7077,6.7077,6.7077,6.7077,6.7077,6.7077,6.7077,6.7077,6.7077,6.7077,6.7077,6.7077,6.7077,6.7077,6.7077,6.7077,6.7077,6.7077,6.7077,6.7077,6.7077,6.7077,6.7077,6.7077,6.7077,6.7077,6.7077,6.7077,6.7077,6.7077,6.7077,6.7077,6.7077,6.7077,6.7077,6.7077,6.7077,6.7077,6.7077,6.7077,6.7077,6.7077,6.7077,6.7077,6.7077,6.7077,6.7077,6.7077,6.7077,6.7077,6.7077,6.7077,6.7077,6.7077,6.7077,6.7077,6.7077,6.7077,6.7077,6.7077,6.7077,6.7077,6.7077,6.7077,6.7077,6.7077,6.7077,6.7077,6.7077,6.7077,6.7077,6.7077,6.7077,6.7077,6.7077,6.7077,6.7077,6.7077,6.7077,6.7077,6.7077,6.7077,6.7077,6.7077,6.7077,6.7077,6.7077,6.7077,6.7077,6.7077,6.7077,6.7077,6.7077,6.7077,6.7077,6.7077,6.7077,6.7077,6.7077,6.7077,6.7077,6.7077,6.7077,6.7077,6.7077,6.7077,6.7077,6.7077,6.7077,6.7077,6.7077,6.7077,6.7077,6.7077,6.7077,6.7077,6.7077,6.7077,6.7077,6.7077,6.7077,6.7077,6.7077
6.7026,6.7026,6.7026,6.7026,6.7026,6.7026,6.7026,6.7026,6.7026,6.7026,6.7026,6.7026,6.7026,6.7026,6.7026,6.7026,6.7026,6.7026,6.7026,6.7026,6.7026,6.7026,6.7026,6.7026,6.7026,6.7026,6.7026,6.7026,6.7026,6.7026,6.7026,6.7026,6.7026,6.7026,6.7026,6.7026,6.7026,6.7026,6.7026,6.7026,6.7026,6.7026,6.7026,6.7026,6.7026,6.7026,6.7026,6.7026,6.7026,6.7026,6.7026,6.7026,6.7026,6.7026,6.7026,6.7026,6.7026,6.7026,6.7026,6.7026,6.7026,6.7026,6.7026,6.7026,6.7026,6.7026,6.7026,6.7026,6.7026,6.7026,6.7026,6.7026,6.7026,6.7026,6.7026,6.7026,6.7026,6.7026,6.7026,6.7026,6.7026,6.7026,6.7026,6.7026,6.7026,6.7026,6.7026,6.7026,6.7026,6.7026,6.7026,6.7026,6.7026,6.7026,6.7026,6.7026,6.7026,6.7026,6.7026,6.7026,6.7026,6.7026,6.7026,6.7026,6.7026,6.7026,6.7026,6.7026,6.7026,6.7026,6.7026,6.7026,6.7026,6.7026,6.7026,6.7026,6.7026,6.7026,6.7026,6.7026,6.7026,6.7026,6.7026,6.7026,6.7026,6.7026,6.7026,6.7026,6.7026,6.7026,6.7026,6.7026,6.7026,6.7026,6.7026,6.7026,6.7026,6.7026,6.7026,6.7026,6.7026,6.7026,6.7026,6.7026,6.7026,6.7026,6.7026,6.7026,6.7026,6.7026,6.7026,6.7026,6.7026,6.7026,6.7026,6.7026,6.7026,6.7026,6.7026,6.7026,6.7026,6.7026,6.7026,6.7026,6.7026,6.7026,6.7026,6.7026,6.7026,6.7026,6.7026,6.7026,6.7026,6.7026,6.7026,6.7026,6.7026,6.7026,6.7026,6.7026,6.7026,6.7026,6.7026,6.7026,6.7026,6.7026,6.7026,6.7026,6.7026,6.7026,6.7026,6.7026,6.7026,6.7026,6.7026,6.7026,6.7026,6.7026,6.7026,6.7026,6.7026,6.7026,6.7026,6.7026,6.7026,6.7026,6.7026,6.7026,6.7026,6.7026,6.7026,6.7026,6.7026,6.7026,6.7026,6.7026,6.7026,6.7026,6.7026,6.7026,6.7026,6.7026,6.7026,6.7026,6.7026,6.7026,6.7026,6.7026,6.7026,6.7026,6.7026,6.7026,6.7026,6.7026,6.7026,6.7026,6.7026,6.7026,6.7026,6.7026,6.7026,6.7026,6.7026,6.7026,6.7026,6.7026,6.7026,6.7026,6.7026,6.7026,6.7026,6.7026,6.7026,6.7026,6.7026,6.7026,6.7026,6.7026,6.7026,6.7026,6.7026,6.7026,6.7026,6.7026,6.7026,6.7026,6.7026,6.7026,6.7026,6.7026,6.7026,6.7026,6.7026,6.7026,6.7026,6.7026,6.7026,6.7026,6.7026,6.7026,6.7026,6.7026,6.7026,6.7026,6.7026,6.7026,6.7026,6.7026,6.7026,6.7026,6.7026,6.7026,6.7026,6.7026,6.7026,6.7026,6.7026,6.7026,6.7026,6.7026,6.7026,6.7026,6.7026,6.7026,6.7026,6.7026,6.7026,6.7026,6.7026,6.7026,6.7026,6.7026,6.7026,6.7026,6.7026,6.7026,6.7026,6.7026,6.7026,6.7026,6.7026,6.7026,6.7026,6.7026,6.7026,6.7026,6.7026,6.7026,6.7026,6.7026,6.7026,6.7026,6.7026,6.7026,6.7026,6.7026,6.7026,6.7026,6.7026,6.7026,6.7026,6.7026,6.7026,6.7026,6.7026,6.7026,6.7026,6.7026,6.7026,6.7026,6.7026,6.7026,6.7026,6.7026,6.7026,6.7026,6.7026,6.7026,6.7026,6.7026,6.7026,6.7026,6.7026,6.7026,6.7026,6.7026,6.7026,6.7026,6.7026,6.7026,6.7026,6.7026,6.7026,6.7026,6.7026,6.7026,6.7026,6.7026,6.7026,6.7026,6.7026,6.7026,6.7026,6.7026,6.7026,6.7026,6.7026,6.7026,6.7026,6.7026,6.7026,6.7026,6.7026,6.7026,6.7026,6.7026,6.7026,6.7026,6.7026,6.7026,6.7026,6.7026,6.7026,6.7026,6.7026,6.7026,6.7026,6.7026,6.7026,6.7026,6.7026,6.7026,6.7026,6.7026,6.7026,6.7026,6.7026,6.7026,6.7026,6.7026,6.7026,6.7026,6.7026,6.7026,6.7026,6.7026,6.7026,6.7026,6.7026,6.7026,6.7026,6.7026,6.7026,6.7026,6.7026,6.7026,6.7026,6.7026,6.7026,6.7026,6.7026,6.7026,6.7026,6.7026,6.7026,6.7026,6.7026,6.7026,6.7026,6.7026,6.7026,6.7026,6.7026,6.7026,6.7026,6.7026,6.7026,6.7026,6.7026,6.7026,6.7026,6.7026,6.7026,6.7026,6.7026,6.7026,6.7026,6.7026,6.7026,6.7026,6.7026,6.7026,6.7026,6.7026,6.7026,6.7026,6.7026,6.7026,6.7026,6.7026,6.7026,6.7026,6.7026,6.7026,6.7026,6.7026,6.7026,6.7026,6.7026,6.7026,6.7026,6.7026,6.7026,6.7026,6.7026,6.7026,6.7026,6.7026,6.7026,6.7026,6.7026,6.7026,6.7026,6.7026,6.7026,6.7026,6.7026,6.7026,6.7026,6.7026,6.7026,6.7026,6.7026,6.7026,6.7026,6.7026,6.7026,6.7026,6.7026,6.7026,6.7026,6.7026,6.7026,6.7026,6.7026,6.7026,6.7026,6.7026,6.7026,6.7026,6.7026,6.7026,6.7026,6.7026,6.7026,6.7026,6.7026,6.7026,6.7026,6.7026,6.7026,6.7026,6.7026,6.7026,6.7026,6.7026,6.7026,6.7026,6.7026,6.7026,6.7026,6.7026,6.7026,6.7026,6.7026,6.7026,6.7026,6.7026,6.7026,6.7026,6.7026,6.7026,6.7026,6.7026,6.7026,6.7026,6.7026,6.7026,6.7026,6.7026,6.7026,6.7026,6.7026,6.7026,6.7026,6.7026,6.7026,6.7026,6.7026,6.7026,6.7026,6.7026,6.7026,6.7026,6.7026,6.7026,6.7026,6.7026,6.7026,6.7026,6.7026,6.7026,6.7026,6.7026,6.7026,6.7026,6.7026,6.7026,6.7026,6.7026,6.7026,6.7026,6.7026,6.7026,6.7026,6.7026,6.7026,6.7026,6.7026,6.7026,6.7026,6.7026,6.7026,6.7026,6.7026,6.7026,6.7026,6.7026,6.7026,6.7026,6.7026,6.7026,6.7026,6.7026,6.7026,6.7026,6.7026,6.7026,6.7026,6.7026,6.7026,6.7026,6.7026,6.7026,6.7026,6.7026,6.7026,6.7026,6.7026,6.7026,6.7026,6.7026,6.7026,6.7026,6.7026,6.7026,6.7026,6.7026,6.7026,6.7026,6.7026,6.7026,6.7026,6.7026,6.7026,6.7026,6.7026,6.7026,6.7026,6.7026,6.7026,6.7026,6.7026,6.7026,6.7026,6.7026,6.7026,6.7026,6.7026,6.7026,6.7026,6.7026,6.7026,6.7026,6.7026,6.7026,6.7026,6.7026,6.7026,6.7026,6.7026,6.7026,6.7026,6.7031,6.7031,6.7031,6.7031,6.7031,6.7031,6.7031,6.7031,6.7031,6.7031,6.7031,6.7031,6.7031,6.7031,6.7031,6.7031,6.7031,6.7031,6.7031,6.7031,6.7031,6.7031,6.7031,6.7031,6.7031,6.7031,6.7031,6.7031,6.7031,6.7031,6.7031,6.7031,6.7031,6.7031,6.7031,6.7031,6.7031,6.7031,6.7031,6.7031,6.7031,6.7031,6.7031,6.7031,6.7031,6.7031,6.7031,6.7031,6.7031,6.7031,6.7031,6.7031,6.7031,6.7031,6.7031,6.7031,6.7031,6.7031,6.7031,6.7031,6.7031,6.7031,6.7031,6.7031,6.7031,6.7031,6.7031,6.7031,6.7031,6.7031,6.7031,6.7031,6.7031,6.7031,6.7031,6.7031,6.7031,6.7031,6.7031,6.7031,6.7031,6.7031,6.7031,6.7031,6.7031,6.7031,6.7031,6.7031,6.7031,6.7031,6.7031,6.7031,6.7031,6.7031,6.7031,6.7031,6.7031,6.7031,6.7031,6.7031,6.7031,6.7031,6.7031,6.7031,6.7031,6.7031,6.7031,6.7031,6.7031,6.7031,6.7031,6.7031,6.7031,6.7031,6.7031,6.7031,6.7031,6.7031,6.7031,6.7031,6.7031,6.7031,6.7031,6.7031,6.7031,6.7031,6.7031,6.7031,6.7031,6.7031,6.7031,6.7031,6.7031,6.7031,6.7031,6.7031,6.7031,6.7031,6.7031,6.7031,6.7031,6.7031,6.7031,6.7031,6.7031,6.7031,6.7031,6.7031,6.7031,6.7031,6.7031,6.7031,6.7031,6.7031,6.7031,6.7031,6.7031,6.7031,6.7031,6.7031,6.7031,6.7031,6.7031,6.7031,6.7031,6.7031,6.7031,6.7031,6.7031,6.7031,6.7031,6.7031,6.7031,6.7031,6.7031,6.7031,6.7031,6.7031,6.7031,6.7031,6.7031,6.7031,6.7031,6.7031,6.7031,6.7031,6.7031,6.7031,6.7031,6.7031,6.7031,6.7031,6.7031,6.7031,6.7031,6.7031,6.7031,6.7031,6.7031,6.7031,6.7031,6.7031,6.7031,6.7031,6.7031,6.7031,6.7031,6.7031,6.7031,6.7031,6.7031,6.7031,6.7031,6.7031,6.7031,6.7031,6.7031,6.7031,6.7031,6.7031,6.7031,6.7031,6.7031,6.7031,6.7031,6.7031,6.7031,6.7031,6.7031,6.7031,6.7031,6.7031,6.7031,6.7031,6.7031,6.7031,6.7031,6.7031,6.7031,6.7031,6.7031,6.7031,6.7031,6.7031,6.7031,6.7031,6.7031,6.7031,6.7031,6.7031,6.7031,6.7031,6.7031,6.7031,6.7031,6.7031,6.7031,6.7031,6.7031,6.7031,6.7031,6.7031,6.7031,6.7031,6.7031,6.7031,6.7031,6.7031,6.7031,6.7031,6.7031,6.7031,6.7031,6.7031,6.7031,6.7031,6.7031
6.6980,6.6980,6.6980,6.6980,6.6980,6.6980,6.6980,6.6980,6.6980,6.6980,6.6980,6.6980,6.6980,6.6980,6.6980,6.6980,6.6980,6.6980,6.6980,6.6980,6.6980,6.6980,6.6980,6.6980,6.6980,6.6980,6.6980,6.6980,6.6980,6.6980,6.6980,6.6980,6.6980,6.6980,6.6980,6.6980,6.6980,6.6980,6.6980,6.6980,6.6980,6.6980,6.6980,6.6980,6.6980,6.6980,6.6980,6.6980,6.6980,6.6980,6.6980,6.6980,6.6980,6.6980,6.6980,6.6980,6.6980,6.6980,6.6980,6.6980,6.6980,6.6980,6.6980,6.6980,6.6980,6.6980,6.6980,6.6980,6.6980,6.6980,6.6980,6.6980,6.6980,6.6980,6.6980,6.6980,6.6980,6.6980,6.6980,6.6980,6.6980,6.6980,6.6980,6.6980,6.6980,6.6980,6.6980,6.6980,6.6980,6.6980,6.6980,6.6980,6.6980,6.6980,6.6980,6.6980,6.6980,6.6980,6.6980,6.6980,6.6980,6.6980,6.6980,6.6980,6.6980,6.6980,6.6980,6.6980,6.6980,6.6980,6.6980,6.6980,6.6980,6.6980,6.6980,6.6980,6.6980,6.6980,6.6980,6.6980,6.6980,6.6980,6.6980,6.6980,6.6980,6.6980,6.6980,6.6980,6.6980,6.6980,6.6980,6.6980,6.6980,6.6980,6.6980,6.6980,6.6980,6.6980,6.6980,6.6980,6.6980,6.6980,6.6980,6.6980,6.6980,6.6980,6.6980,6.6980,6.6980,6.6980,6.6980,6.6980,6.6980,6.6980,6.6980,6.6980,6.6980,6.6980,6.6980,6.6980,6.6980,6.6980,6.6980,6.6980,6.6980,6.6980,6.6980,6.6980,6.6980,6.6980,6.6980,6.6980,6.6980,6.6980,6.6980,6.6980,6.6980,6.6980,6.6980,6.6980,6.6980,6.6980,6.6980,6.6980,6.6980,6.6980,6.6980,6.6980,6.6980,6.6980,6.6980,6.6980,6.6980,6.6980,6.6980,6.6980,6.6980,6.6980,6.6980,6.6980,6.6980,6.6980,6.6980,6.6980,6.6980,6.6980,6.6980,6.6980,6.6980,6.6980,6.6980,6.6980,6.6980,6.6980,6.6980,6.6980,6.6980,6.6980,6.6980,6.6980,6.6980,6.6980,6.6980,6.6980,6.6980,6.6980,6.6980,6.6980,6.6980,6.6980,6.6980,6.6980,6.6980,6.6980,6.6980,6.6980,6.6980,6.6980,6.6980,6.6980,6.6980,6.6980,6.6980,6.6980,6.6980,6.6980,6.6980,6.6980,6.6980,6.6980,6.6980,6.6980,6.6980,6.6980,6.6980,6.6980,6.6980,6.6980,6.6980,6.6980,6.6980,6.6980,6.6980,6.6980,6.6980,6.6980,6.6980,6.6980,6.6980,6.6980,6.6980,6.6980,6.6980,6.6980,6.6980,6.6980,6.6980,6.6980,6.6980,6.6980,6.6980,6.6980,6.6980,6.6980,6.6980,6.6980,6.6980,6.6980,6.6980,6.6980,6.6980,6.6980,6.6980,6.6980,6.6980,6.6980,6.6980,6.6980,6.6980,6.6980,6.6980,6.6980,6.6980,6.6980,6.6980,6.6980,6.6980,6.6980,6.6980,6.6980,6.6980,6.6980,6.6980,6.6980,6.6980,6.6980,6.6980,6.6980,6.6980,6.6980,6.6980,6.6980,6.6980,6.6980,6.6980,6.6980,6.6980,6.6980,6.6980,6.6980,6.6980,6.6980,6.6980,6.6980,6.6980,6.6980,6.6980,6.6980,6.6980,6.6980,6.6980,6.6980,6.6980,6.6980,6.6980,6.6980,6.6980,6.6980,6.6980,6.6980,6.6980,6.6980,6.6980,6.6980,6.6980,6.6980,6.6980,6.6980,6.6980,6.6980,6.6980,6.6980,6.6980,6.6980,6.6980,6.6980,6.6980,6.6980,6.6980,6.6980,6.6980,6.6980,6.6980,6.6980,6.6980,6.6980,6.6980,6.6980,6.6980,6.6980,6.6980,6.6980,6.6980,6.6980,6.6980,6.6980,6.6980,6.6980,6.6980,6.6980,6.6980,6.6980,6.6980,6.6980,6.6980,6.6980,6.6980,6.6980,6.6980,6.6980,6.6980,6.6980,6.6980,6.6980,6.6980,6.6980,6.6980,6.6980,6.6980,6.6980,6.6980,6.6980,6.6980,6.6980,6.6980,6.6980,6.6980,6.6980,6.6980,6.6980,6.6980,6.6980,6.6980,6.6980,6.6980,6.6980,6.6980,6.6980,6.6980,6.6980,6.6980,6.6980,6.6980,6.6980,6.6980,6.6980,6.6980,6.6980,6.6980,6.6980,6.6980,6.6980,6.6980,6.6980,6.6980,6.6980,6.6980,6.6980,6.6980,6.6980,6.6980,6.6980,6.6980,6.6980,6.6980,6.6980,6.6980,6.6980,6.6980,6.6980,6.6980,6.6980,6.6980,6.6980,6.6980,6.6980,6.6980,6.6980,6.6980,6.6980,6.6980,6.6980,6.6980,6.6980,6.6980,6.6980,6.6980,6.6980,6.6980,6.6980,6.6980,6.6980,6.6980,6.6980,6.6980,6.6980,6.6980,6.6980,6.6980,6.6980,6.6980,6.6980,6.6980,6.6980,6.6980,6.6980,6.6980,6.6980,6.6980,6.6980,6.6980,6.6980,6.6980,6.6980,6.6980,6.6980,6.6980,6.6980,6.6980,6.6980,6.6980,6.6980,6.6980,6.6980,6.6980,6.6980,6.6980,6.6980,6.6980,6.6980,6.6980,6.6980,6.6980,6.6980,6.6980,6.6980,6.6980,6.6980,6.6980,6.6980,6.6980,6.6980,6.6980,6.6980,6.6980,6.6980,6.6980,6.6980,6.6980,6.6980,6.6980,6.6980,6.6980,6.6980,6.6980,6.6980,6.6980,6.6980,6.6980,6.6980,6.6980,6.6980,6.6980,6.6980,6.6980,6.6980,6.6980,6.6980,6.6980,6.6980,6.6980,6.6980,6.6980,6.6980,6.6980,6.6980,6.6980,6.6980,6.6980,6.6980,6.6980,6.6980,6.6980,6.6980,6.6980,6.6980,6.6980,6.6980,6.6980,6.6980,6.6980,6.6980,6.6980,6.6980,6.6980,6.6980,6.6980,6.6980,6.6980,6.6980,6.6980,6.6980,6.6980,6.6980,6.6980,6.6980,6.6980,6.6980,6.6980,6.6980,6.6980,6.6980,6.6980,6.6980,6.6980,6.6980,6.6980,6.6980,6.6980,6.6980,6.6980,6.6980,6.6980,6.6980,6.6980,6.6980,6.6980,6.6980,6.6980,6.6980,6.6980,6.6980,6.6980,6.6980,6.6980,6.6980,6.6980,6.6980,6.6980,6.6980,6.6980,6.6980,6.6980,6.6980,6.6980,6.6980,6.6980,6.6980,6.6980,6.6980,6.6980,6.6980,6.6980,6.6980,6.6980,6.6980,6.6980,6.6980,6.6980,6.6980,6.6980,6.6980,6.6980,6.6980,6.6980,6.6980,6.6980,6.6980,6.6980,6.6980,6.6980,6.6980,6.6980,6.6980,6.6980,6.6980,6.6980,6.6980,6.6980,6.6980,6.6980,6.6980,6.6980,6.6980,6.6980,6.6980,6.6980,6.6980,6.6980,6.6980,6.6980,6.6980,6.6980,6.6980,6.6980,6.6980,6.6980,6.6980,6.6980,6.6980,6.6980,6.6980,6.6980,6.6980,6.6980,6.6980,6.6980,6.6980,6.6980,6.6980,6.6980,6.6980,6.6980,6.6980,6.6980,6.6980,6.6980,6.6980,6.6980,6.6980,6.6980,6.6980,6.6980,6.6980,6.6980,6.6980,6.6980,6.6980,6.6980,6.6980,6.6980,6.6980,6.6980,6.6980,6.6980,6.6980,6.6980,6.6980,6.6980,6.6980,6.6980,6.6980,6.6980,6.6980,6.6980,6.6980,6.6980,6.6980,6.6980,6.6980,6.6980,6.6980,6.6980,6.6980,6.6980,6.6980,6.6980,6.6980,6.6980,6.6980,6.6980,6.6980,6.6980,6.6980,6.6980,6.6980,6.6980,6.6980,6.6980,6.6980,6.6980,6.6980,6.6980,6.6980,6.6980,6.6980,6.6980,6.6980,6.6980,6.6980,6.6980,6.6980,6.6980,6.6980,6.6980,6.6980,6.6980,6.6980,6.6980,6.6980,6.6980,6.6980,6.6980,6.6980,6.6980,6.6975,6.6975,6.6975,6.6975,6.6975,6.6975,6.6975,6.6975,6.6975,6.6975,6.6975,6.6975,6.6975,6.6975,6.6975,6.6975,6.6975,6.6975,6.6975,6.6975,6.6975,6.6975,6.6975,6.6975,6.6975,6.6975,6.6975,6.6975,6.6975,6.6975,6.6975,6.6975,6.6975,6.6975,6.6975,6.6975,6.6975,6.6975,6.6975,6.6975,6.6975,6.6975,6.6975,6.6975,6.6975,6.6975,6.6975,6.6975,6.6975,6.6975,6.6975,6.6975,6.6975,6.6975,6.6975,6.6975,6.6975,6.6975,6.6975,6.6975,6.6975,6.6975,6.6975,6.6975,6.6975,6.6975,6.6975,6.6975,6.6975,6.6975,6.6975,6.6975,6.6975,6.6975,6.6975,6.6975,6.6975,6.6975,6.6975,6.6975,6.6975,6.6975,6.6975,6.6975,6.6975,6.6975,6.6975,6.6975,6.6975,6.6975,6.6975,6.6975,6.6975,6.6975,6.6975,6.6975,6.6975,6.6975,6.6975,6.6975,6.6975,6.6975,6.6975,6.6975,6.6975,6.6975,6.6975,6.6975,6.6975,6.6975,6.6975,6.6975,6.6975,6.6975,6.6975,6.6975,6.6975,6.6975,6.6975,6.6975,6.6975,6.6975,6.6975,6.6975,6.6975,6.6975,6.6975,6.6975,6.6975,6.6975,6.6975,6.6975,6.6975,6.6975,6.6975,6.6975,6.6975,6.6975,6.6975,6.6975,6.6975,6.6975,6.6975,6.6975,6.6975,6.6975,6.6975,6.6975,6.6975,6.6975,6.6975,6.6975,6.6975,6.6975,6.6975,6.6975,6.6975,6.6975,6.6975,6.6975,6.6975,6.6975,6.6975,6.6975,6.6975,6.6975,6.6975,6.6975,6.6975,6.6975,6.6975,6.6975,6.6975,6.6975,6.6975
6.6927,6.6927,6.6927,6.6927,6.6927,6.6927,6.6927,6.6927,6.6927,6.6927,6.6927,6.6927,6.6927,6.6927,6.6927,6.6927,6.6927,6.6927,6.6927,6.6927,6.6927,6.6927,6.6927,6.6927,6.6927,6.6927,6.6927,6.6927,6.6927,6.6927,6.6927,6.6927,6.6927,6.6927,6.6927,6.6927,6.6927,6.6927,6.6927,6.6927,6.6927,6.6927,6.6927,6.6927,6.6927,6.6927,6.6927,6.6927,6.6927,6.6927,6.6927,6.6927,6.6927,6.6927,6.6927,6.6927,6.6927,6.6927,6.6927,6.6927,6.6927,6.6927,6.6927,6.6927,6.6927,6.6927,6.6927,6.6927,6.6927,6.6927,6.6927,6.6927,6.6927,6.6927,6.6927,6.6927,6.6927,6.6927,6.6927,6.6927,6.6927,6.6927,6.6927,6.6927,6.6927,6.6927,6.6927,6.6927,6.6927,6.6927,6.6927,6.6927,6.6927,6.6927,6.6927,6.6927,6.6927,6.6927,6.6927,6.6927,6.6927,6.6927,6.6927,6.6927,6.6927,6.6927,6.6927,6.6927,6.6927,6.6927,6.6927,6.6927,6.6927,6.6927,6.6927,6.6927,6.6927,6.6927,6.6927,6.6927,6.6927,6.6927,6.6927,6.6927,6.6927,6.6927,6.6927,6.6927,6.6927,6.6927,6.6927,6.6927,6.6927,6.6927,6.6927,6.6927,6.6927,6.6927,6.6927,6.6927,6.6927,6.6927,6.6927,6.6927,6.6927,6.6927,6.6927,6.6927,6.6927,6.6927,6.6927,6.6927,6.6927,6.6927,6.6927,6.6927,6.6927,6.6927,6.6927,6.6927,6.6927,6.6927,6.6927,6.6927,6.6927,6.6927,6.6927,6.6927,6.6927,6.6927,6.6927,6.6927,6.6927,6.6927,6.6927,6.6927,6.6927,6.6927,6.6927,6.6927,6.6927,6.6927,6.6927,6.6927,6.6927,6.6927,6.6927,6.6927,6.6927,6.6927,6.6927,6.6927,6.6927,6.6927,6.6927,6.6927,6.6927,6.6927,6.6927,6.6927,6.6927,6.6927,6.6927,6.6927,6.6927,6.6927,6.6927,6.6927,6.6927,6.6927,6.6927,6.6927,6.6927,6.6927,6.6927,6.6927,6.6927,6.6927,6.6927,6.6927,6.6927,6.6927,6.6927,6.6927,6.6927,6.6927,6.6927,6.6927,6.6927,6.6927,6.6927,6.6927,6.6927,6.6927,6.6927,6.6927,6.6927,6.6927,6.6927,6.6927,6.6927,6.6927,6.6927,6.6927,6.6927,6.6927,6.6927,6.6927,6.6927,6.6927,6.6927,6.6927,6.6927,6.6927,6.6927,6.6927,6.6927,6.6927,6.6927,6.6927,6.6927,6.6927,6.6927,6.6927,6.6927,6.6927,6.6927,6.6927,6.6927,6.6927,6.6927,6.6927,6.6927,6.6927,6.6927,6.6927,6.6927,6.6927,6.6927,6.6927,6.6927,6.6927,6.6927,6.6927,6.6927,6.6927,6.6927,6.6927,6.6927,6.6927,6.6927,6.6927,6.6927,6.6927,6.6927,6.6927,6.6927,6.6927,6.6927,6.6927,6.6927,6.6927,6.6927,6.6927,6.6927,6.6927,6.6927,6.6927,6.6927,6.6927,6.6927,6.6927,6.6927,6.6927,6.6927,6.6927,6.6927,6.6927,6.6927,6.6927,6.6927,6.6927,6.6927,6.6927,6.6927,6.6927,6.6927,6.6927,6.6927,6.6927,6.6927,6.6927,6.6927,6.6927,6.6927,6.6927,6.6927,6.6927,6.6927,6.6927,6.6927,6.6927,6.6927,6.6927,6.6927,6.6927,6.6927,6.6927,6.6927,6.6927,6.6927,6.6927,6.6927,6.6927,6.6927,6.6927,6.6927,6.6927,6.6927,6.6927,6.6927,6.6927,6.6927,6.6927,6.6927,6.6927,6.6927,6.6927,6.6927,6.6927,6.6927,6.6927,6.6927,6.6927,6.6927,6.6927,6.6927,6.6927,6.6927,6.6927,6.6927,6.6927,6.6927,6.6927,6.6927,6.6927,6.6927,6.6927,6.6927,6.6927,6.6927,6.6927,6.6927,6.6927,6.6927,6.6927,6.6927,6.6927,6.6927,6.6927,6.6927,6.6927,6.6927,6.6927,6.6927,6.6927,6.6927,6.6927,6.6927,6.6927,6.6927,6.6927,6.6927,6.6927,6.6927,6.6927,6.6927,6.6927,6.6927,6.6927,6.6927,6.6927,6.6927,6.6927,6.6927,6.6927,6.6927,6.6927,6.6927,6.6927,6.6927,6.6927,6.6927,6.6927,6.6927,6.6927,6.6927,6.6927,6.6927,6.6927,6.6927,6.6927,6.6927,6.6927,6.6927,6.6927,6.6927,6.6927,6.6927,6.6927,6.6927,6.6927,6.6927,6.6927,6.6927,6.6927,6.6927,6.6927,6.6927,6.6927,6.6927,6.6927,6.6927,6.6927,6.6927,6.6927,6.6927,6.6927,6.6927,6.6927,6.6927,6.6927,6.6927,6.6927,6.6927,6.6927,6.6927,6.6927,6.6927,6.6927,6.6927,6.6927,6.6927,6.6927,6.6927,6.6927,6.6927,6.6927,6.6927,6.6927,6.6927,6.6927,6.6927,6.6927,6.6927,6.6927,6.6927,6.6927,6.6927,6.6927,6.6927,6.6927,6.6927,6.6927,6.6927,6.6927,6.6927,6.6927,6.6927,6.6927,6.6927,6.6927,6.6927,6.6927,6.6927,6.6927,6.6927,6.6927,6.6927,6.6927,6.6927,6.6927,6.6927,6.6927,6.6927,6.6927,6.6927,6.6927,6.6927,6.6927,6.6927,6.6927,6.6927,6.6927,6.6927,6.6927,6.6927,6.6927,6.6927,6.6927,6.6927,6.6927,6.6927,6.6927,6.6927,6.6927,6.6927,6.6927,6.6927,6.6927,6.6927,6.6927,6.6927,6.6927,6.6927,6.6927,6.6927,6.6927,6.6927,6.6927,6.6927,6.6927,6.6927,6.6927,6.6927,6.6927,6.6927,6.6927,6.6927,6.6927,6.6927,6.6927,6.6927,6.6927,6.6927,6.6927,6.6927,6.6927,6.6927,6.6927,6.6927,6.6927,6.6927,6.6927,6.6927,6.6927,6.6927,6.6927,6.6927,6.6927,6.6927,6.6927,6.6927,6.6927,6.6927,6.6927,6.6927,6.6927,6.6927,6.6927,6.6927,6.6927,6.6927,6.6927,6.6927,6.6927,6.6927,6.6927,6.6927,6.6927,6.6927,6.6927,6.6927,6.6927,6.6927,6.6927,6.6927,6.6927,6.6927,6.6927,6.6927,6.6927,6.6927,6.6927,6.6927,6.6927,6.6927,6.6927,6.6927,6.6927,6.6927,6.6927,6.6927,6.6927,6.6927,6.6927,6.6927,6.6927,6.6927,6.6927,6.6927,6.6927,6.6927,6.6927,6.6927,6.6927,6.6927,6.6927,6.6927,6.6927,6.6927,6.6927,6.6927,6.6927,6.6927,6.6927,6.6927,6.6927,6.6927,6.6927,6.6927,6.6927,6.6927,6.6927,6.6927,6.6927,6.6927,6.6927,6.6927,6.6927,6.6927,6.6927,6.6927,6.6927,6.6927,6.6927,6.6927,6.6927,6.6927,6.6927,6.6927,6.6927,6.6927,6.6927,6.6927,6.6927,6.6927,6.6927,6.6927,6.6927,6.6927,6.6927,6.6927,6.6927,6.6927,6.6927,6.6927,6.6927,6.6927,6.6927,6.6927,6.6927,6.6927,6.6927,6.6927,6.6927,6.6927,6.6927,6.6927,6.6927,6.6927,6.6927,6.6927,6.6927,6.6932,6.6932,6.6932,6.6932,6.6932,6.6932,6.6932,6.6932,6.6932,6.6932,6.6932,6.6932,6.6932,6.6932,6.6932,6.6932,6.6932,6.6932,6.6932,6.6932,6.6932,6.6932,6.6932,6.6932,6.6932,6.6932,6.6932,6.6932,6.6932,6.6932,6.6932,6.6932,6.6932,6.6932,6.6932,6.6932,6.6932,6.6932,6.6932,6.6932,6.6932,6.6932,6.6932,6.6932,6.6932,6.6932,6.6932,6.6932,6.6932,6.6932,6.6932,6.6932,6.6932,6.6932,6.6932,6.6932,6.6932,6.6932,6.6932,6.6932,6.6932,6.6932,6.6932,6.6932,6.6932,6.6932,6.6932,6.6932,6.6932,6.6932,6.6932,6.6932,6.6932,6.6932,6.6932,6.6932,6.6932,6.6932,6.6932,6.6932,6.6932,6.6932,6.6932,6.6932,6.6932,6.6932,6.6932,6.6932,6.6932,6.6932,6.6932,6.6932,6.6932,6.6932,6.6932,6.6932,6.6932,6.6932,6.6932,6.6932,6.6932,6.6932,6.6932,6.6932,6.6932,6.6932,6.6932,6.6932,6.6932,6.6932,6.6932,6.6932,6.6932,6.6932,6.6932,6.6932,6.6932,6.6932,6.6932,6.6932,6.6932,6.6932,6.6932,6.6932,6.6932,6.6932,6.6932,6.6932,6.6932,6.6932,6.6932,6.6932,6.6932,6.6932,6.6932,6.6932,6.6932,6.6932,6.6932,6.6932,6.6932,6.6932,6.6932,6.6932,6.6932,6.6932,6.6932,6.6932,6.6932,6.6932,6.6932,6.6932,6.6932,6.6932,6.6932,6.6932,6.6932,6.6932,6.6932,6.6932,6.6932,6.6932,6.6932,6.6932,6.6932,6.6932,6.6932,6.6932,6.6932,6.6932,6.6932,6.6932,6.6932,6.6932,6.6932,6.6932,6.6932,6.6932,6.6932,6.6932,6.6932,6.6932,6.6932,6.6932,6.6932,6.6932,6.6932,6.6932,6.6932,6.6932,6.6932,6.6932,6.6932,6.6932,6.6932,6.6932,6.6932,6.6932,6.6932,6.6932,6.6932,6.6932,6.6932,6.6932,6.6932,6.6932,6.6932,6.6932,6.6932,6.6932,6.6932,6.6932,6.6932,6.6932,6.6932,6.6932,6.6932,6.6932,6.6932,6.6932,6.6932,6.6932,6.6932,6.6932,6.6932,6.6932,6.6932,6.6932,6.6932,6.6932,6.6932,6.6932,6.6932,6.6932,6.6932,6.6932,6.6932,6.6932,6.6932,6.6932,6.6932,6.6932,6.6932,6.6932,6.6932,6.6932
6.6882,6.6882,6.6882,6.6882,6.6882,6.6882,6.6882,6.6882,6.6882,6.6882,6.6882,6.6882,6.6882,6.6882,6.6882,6.6882,6.6882,6.6882,6.6882,6.6882,6.6882,6.6882,6.6882,6.6882,6.6882,6.6882,6.6882,6.6882,6.6882,6.6882,6.6882,6.6882,6.6882,6.6882,6.6882,6.6882,6.6882,6.6882,6.6882,6.6882,6.6882,6.6882,6.6882,6.6882,6.6882,6.6882,6.6882,6.6882,6.6882,6.6882,6.6882,6.6882,6.6882,6.6882,6.6882,6.6882,6.6882,6.6882,6.6882,6.6882,6.6882,6.6882,6.6882,6.6882,6.6882,6.6882,6.6882,6.6882,6.6882,6.6882,6.6882,6.6882,6.6882,6.6882,6.6882,6.6882,6.6882,6.6882,6.6882,6.6882,6.6882,6.6882,6.6882,6.6882,6.6882,6.6882,6.6882,6.6882,6.6882,6.6882,6.6882,6.6882,6.6882,6.6882,6.6882,6.6882,6.6882,6.6882,6.6882,6.6882,6.6882,6.6882,6.6882,6.6882,6.6882,6.6882,6.6882,6.6882,6.6882,6.6882,6.6882,6.6882,6.6882,6.6882,6.6882,6.6882,6.6882,6.6882,6.6882,6.6882,6.6882,6.6882,6.6882,6.6882,6.6882,6.6882,6.6882,6.6882,6.6882,6.6882,6.6882,6.6882,6.6882,6.6882,6.6882,6.6882,6.6882,6.6882,6.6882,6.6882,6.6882,6.6882,6.6882,6.6882,6.6882,6.6882,6.6882,6.6882,6.6882,6.6882,6.6882,6.6882,6.6882,6.6882,6.6882,6.6882,6.6882,6.6882,6.6882,6.6882,6.6882,6.6882,6.6882,6.6882,6.6882,6.6882,6.6882,6.6882,6.6882,6.6882,6.6882,6.6882,6.6882,6.6882,6.6882,6.6882,6.6882,6.6882,6.6882,6.6882,6.6882,6.6882,6.6882,6.6882,6.6882,6.6882,6.6882,6.6882,6.6882,6.6882,6.6882,6.6882,6.6882,6.6882,6.6882,6.6882,6.6882,6.6882,6.6882,6.6882,6.6882,6.6882,6.6882,6.6882,6.6882,6.6882,6.6882,6.6882,6.6882,6.6882,6.6882,6.6882,6.6882,6.6882,6.6882,6.6882,6.6882,6.6882,6.6882,6.6882,6.6882,6.6882,6.6882,6.6882,6.6882,6.6882,6.6882,6.6882,6.6882,6.6882,6.6882,6.6882,6.6882,6.6882,6.6882,6.6882,6.6882,6.6882,6.6882,6.6882,6.6882,6.6882,6.6882,6.6882,6.6882,6.6882,6.6882,6.6882,6.6882,6.6882,6.6882,6.6882,6.6882,6.6882,6.6882,6.6882,6.6882,6.6882,6.6882,6.6882,6.6882,6.6882,6.6882,6.6882,6.6882,6.6882,6.6882,6.6882,6.6882,6.6882,6.6882,6.6882,6.6882,6.6882,6.6882,6.6882,6.6882,6.6882,6.6882,6.6882,6.6882,6.6882,6.6882,6.6882,6.6882,6.6882,6.6882,6.6882,6.6882,6.6882,6.6882,6.6882,6.6882,6.6882,6.6882,6.6882,6.6882,6.6882,6.6882,6.6882,6.6882,6.6882,6.6882,6.6882,6.6882,6.6882,6.6882,6.6882,6.6882,6.6882,6.6882,6.6882,6.6882,6.6882,6.6882,6.6882,6.6882,6.6882,6.6882,6.6882,6.6882,6.6882,6.6882,6.6882,6.6882,6.6882,6.6882,6.6882,6.6882,6.6882,6.6882,6.6882,6.6882,6.6882,6.6882,6.6882,6.6882,6.6882,6.6882,6.6882,6.6882,6.6882,6.6882,6.6882,6.6882,6.6882,6.6882,6.6882,6.6882,6.6882,6.6882,6.6882,6.6882,6.6882,6.6882,6.6882,6.6882,6.6882,6.6882,6.6882,6.6882,6.6882,6.6882,6.6882,6.6882,6.6882,6.6882,6.6882,6.6882,6.6882,6.6882,6.6882,6.6882,6.6882,6.6882,6.6882,6.6882,6.6882,6.6882,6.6882,6.6882,6.6882,6.6882,6.6882,6.6882,6.6882,6.6882,6.6882,6.6882,6.6882,6.6882,6.6882,6.6882,6.6882,6.6882,6.6882,6.6882,6.6882,6.6882,6.6882,6.6882,6.6882,6.6882,6.6882,6.6882,6.6882,6.6882,6.6882,6.6882,6.6882,6.6882,6.6882,6.6882,6.6882,6.6882,6.6882,6.6882,6.6882,6.6882,6.6882,6.6882,6.6882,6.6882,6.6882,6.6882,6.6882,6.6882,6.6882,6.6882,6.6882,6.6882,6.6882,6.6882,6.6882,6.6882,6.6882,6.6882,6.6882,6.6882,6.6882,6.6882,6.6882,6.6882,6.6882,6.6876,6.6876,6.6876,6.6876,6.6876,6.6876,6.6876,6.6876,6.6876,6.6876,6.6876,6.6876,6.6876,6.6876,6.6876,6.6876,6.6876,6.6876,6.6876,6.6876,6.6876,6.6876,6.6876,6.6876,6.6876,6.6876,6.6876,6.6876,6.6876,6.6876,6.6876,6.6876,6.6876,6.6876,6.6876,6.6876,6.6876,6.6876,6.6876,6.6876,6.6876,6.6876,6.6876,6.6876,6.6876,6.6876,6.6876,6.6876,6.6876,6.6876,6.6876,6.6876,6.6876,6.6876,6.6876,6.6876,6.6876,6.6876,6.6876,6.6876,6.6876,6.6876,6.6876,6.6876,6.6876,6.6876,6.6876,6.6876,6.6876,6.6876,6.6876,6.6876,6.6876,6.6876,6.6876,6.6876,6.6876,6.6876,6.6876,6.6876,6.6876,6.6876,6.6876,6.6876,6.6876,6.6876,6.6876,6.6876,6.6876,6.6876,6.6876,6.6876,6.6876,6.6876,6.6876,6.6876,6.6876,6.6876,6.6876,6.6876,6.6876,6.6876,6.6876,6.6876,6.6876,6.6876,6.6876,6.6876,6.6876,6.6876,6.6876,6.6876,6.6876,6.6876,6.6876,6.6876,6.6876,6.6876,6.6876,6.6876,6.6876,6.6876,6.6876,6.6876,6.6876,6.6876,6.6876,6.6876,6.6876,6.6876,6.6876,6.6876,6.6876,6.6876,6.6876,6.6876,6.6876,6.6876,6.6876,6.6876,6.6876,6.6876,6.6876,6.6876,6.6876,6.6876,6.6876,6.6876,6.6876,6.6876,6.6876,6.6876,6.6876,6.6876,6.6876,6.6876,6.6876,6.6876,6.6876,6.6876,6.6876,6.6876,6.6876,6.6876,6.6876,6.6876,6.6876,6.6876,6.6876,6.6876,6.6876,6.6876,6.6876,6.6876,6.6876,6.6876,6.6876,6.6876,6.6876,6.6876,6.6876,6.6876,6.6876,6.6876,6.6876,6.6876,6.6876,6.6876,6.6876,6.6876,6.6876,6.6876,6.6876,6.6876,6.6876,6.6876,6.6876,6.6876,6.6876,6.6876,6.6876,6.6876,6.6876,6.6876,6.6876,6.6876,6.6876,6.6876,6.6876,6.6876,6.6876,6.6876,6.6876,6.6876,6.6876,6.6876,6.6876,6.6876,6.6876,6.6876,6.6876,6.6876,6.6876,6.6876,6.6876,6.6876,6.6876,6.6876,6.6876,6.6876,6.6876,6.6876,6.6876,6.6876,6.6876,6.6876,6.6876,6.6876,6.6876,6.6876,6.6876,6.6876,6.6876,6.6876,6.6876,6.6876,6.6876,6.6876,6.6876,6.6876,6.6876,6.6876,6.6876,6.6876,6.6876,6.6876,6.6876,6.6876,6.6876,6.6876,6.6876,6.6876,6.6876,6.6876,6.6876,6.6876,6.6876,6.6876,6.6876,6.6876,6.6876,6.6876,6.6876,6.6876,6.6876,6.6876,6.6876,6.6876,6.6876,6.6876,6.6876,6.6876,6.6876,6.6876,6.6876,6.6876,6.6876,6.6876,6.6876,6.6876,6.6876,6.6876,6.6876,6.6876,6.6876,6.6876,6.6876,6.6876,6.6876,6.6876,6.6876,6.6876,6.6876,6.6876,6.6876,6.6876,6.6876,6.6876,6.6876,6.6876,6.6876,6.6876,6.6876,6.6876,6.6876,6.6876,6.6876,6.6876,6.6876,6.6876,6.6876,6.6876,6.6876,6.6876,6.6876,6.6876,6.6876,6.6876,6.6876,6.6876,6.6876,6.6876,6.6876,6.6876,6.6876,6.6876,6.6876,6.6876,6.6876,6.6876,6.6876,6.6876,6.6876,6.6876,6.6876,6.6876,6.6876,6.6876,6.6876,6.6876,6.6876,6.6876,6.6876,6.6876,6.6876,6.6876,6.6876,6.6876,6.6876,6.6876,6.6876,6.6876,6.6876,6.6876,6.6876,6.6876,6.6876,6.6876,6.6876,6.6876,6.6876,6.6876,6.6876,6.6876,6.6876,6.6876,6.6876,6.6876,6.6876,6.6876,6.6876,6.6876,6.6876,6.6876,6.6876,6.6876,6.6876,6.6876,6.6876,6.6876,6.6876,6.6876,6.6876,6.6876,6.6876,6.6876,6.6876,6.6876,6.6876,6.6876,6.6876,6.6876,6.6876,6.6876,6.6876,6.6876,6.6876,6.6876,6.6876,6.6876,6.6876,6.6876,6.6876,6.6876,6.6876,6.6876,6.6876,6.6876,6.6876,6.6876,6.6876,6.6876,6.6876,6.6876,6.6876,6.6876,6.6876,6.6876,6.6876,6.6876,6.6876,6.6876,6.6876,6.6876,6.6876,6.6876,6.6876,6.6876,6.6876,6.6876,6.6876,6.6876,6.6876,6.6876,6.6876,6.6876,6.6876,6.6876,6.6876,6.6876,6.6876,6.6876,6.6876,6.6876,6.6876,6.6876,6.6876,6.6876,6.6876,6.6876,6.6876,6.6876,6.6876,6.6876,6.6876,6.6876,6.6876,6.6876,6.6876,6.6876,6.6876,6.6876,6.6876,6.6876,6.6876,6.6876,6.6876,6.6876,6.6876,6.6876,6.6876,6.6876,6.6876,6.6876,6.6876,6.6876,6.6876,6.6876,6.6876,6.6876,6.6876,6.6876,6.6876,6.6876,6.6876,6.6876,6.6876,6.6876,6.6876,6.6876,6.6876,6.6876,6.6876,6.6876,6.6876,6.6876,6.6876,6.6876,6.6876,6.6876,6.6876,6.6876,6.6876,6.6876,6.6876,6.6876
6.6831,6.6831,6.6831,6.6831,6.6831,6.6831,6.6831,6.6831,6.6831,6.6831,6.6831,6.6831,6.6831,6.6831,6.6831,6.6831,6.6831,6.6831,6.6831,6.6831,6.6831,6.6831,6.6831,6.6831,6.6831,6.6831,6.6831,6.6831,6.6831,6.6831,6.6831,6.6831,6.6831,6.6831,6.6831,6.6831,6.6831,6.6831,6.6831,6.6831,6.6831,6.6831,6.6831,6.6831,6.6831,6.6831,6.6831,6.6831,6.6831,6.6831,6.6831,6.6831,6.6831,6.6831,6.6831,6.6831,6.6831,6.6831,6.6831,6.6831,6.6831,6.6831,6.6831,6.6831,6.6831,6.6831,6.6831,6.6831,6.6831,6.6831,6.6831,6.6831,6.6831,6.6831,6.6831,6.6831,6.6831,6.6831,6.6831,6.6831,6.6831,6.6831,6.6831,6.6831,6.6831,6.6831,6.6831,6.6831,6.6831,6.6831,6.6831,6.6831,6.6831,6.6831,6.6831,6.6831,6.6831,6.6831,6.6831,6.6831,6.6831,6.6831,6.6831,6.6831,6.6831,6.6831,6.6831,6.6831,6.6831,6.6831,6.6831,6.6831,6.6831,6.6831,6.6831,6.6831,6.6831,6.6831,6.6831,6.6831,6.6831,6.6831,6.6831,6.6831,6.6831,6.6831,6.6831,6.6831,6.6831,6.6831,6.6831,6.6831,6.6831,6.6831,6.6831,6.6831,6.6831,6.6831,6.6831,6.6831,6.6831,6.6831,6.6831,6.6831,6.6831,6.6831,6.6831,6.6831,6.6831,6.6831,6.6831,6.6831,6.6831,6.6831,6.6831,6.6831,6.6831,6.6831,6.6831,6.6831,6.6831,6.6831,6.6831,6.6831,6.6831,6.6831,6.6831,6.6831,6.6831,6.6831,6.6831,6.6831,6.6831,6.6831,6.6831,6.6831,6.6831,6.6831,6.6831,6.6831,6.6831,6.6831,6.6831,6.6831,6.6831,6.6831,6.6831,6.6831,6.6831,6.6831,6.6831,6.6831,6.6831,6.6831,6.6831,6.6831,6.6831,6.6831,6.6831,6.6831,6.6831,6.6831,6.6831,6.6831,6.6831,6.6831,6.6831,6.6831,6.6831,6.6831,6.6831,6.6831,6.6831,6.6831,6.6831,6.6831,6.6831,6.6831,6.6831,6.6831,6.6831,6.6831,6.6831,6.6831,6.6831,6.6831,6.6831,6.6831,6.6831,6.6831,6.6831,6.6831,6.6831,6.6831,6.6831,6.6831,6.6831,6.6831,6.6831,6.6831,6.6831,6.6831,6.6831,6.6831,6.6831,6.6831,6.6831,6.6831,6.6831,6.6831,6.6831,6.6831,6.6831,6.6831,6.6831,6.6831,6.6831,6.6831,6.6831,6.6831,6.6831,6.6831,6.6831,6.6831,6.6831,6.6831,6.6831,6.6831,6.6831,6.6831,6.6831,6.6831,6.6831,6.6831,6.6831,6.6831,6.6831,6.6831,6.6831,6.6831,6.6831,6.6831,6.6831,6.6831,6.6831,6.6831,6.6831,6.6831,6.6831,6.6831,6.6831,6.6831,6.6831,6.6831,6.6831,6.6831,6.6831,6.6831,6.6831,6.6831,6.6831,6.6831,6.6831,6.6831,6.6831,6.6831,6.6831,6.6831,6.6831,6.6831,6.6831,6.6831,6.6831,6.6831,6.6831,6.6831,6.6831,6.6831,6.6831,6.6831,6.6831,6.6831,6.6831,6.6831,6.6831,6.6831,6.6831,6.6831,6.6831,6.6831,6.6831,6.6831,6.6831,6.6831,6.6831,6.6831,6.6831,6.6831,6.6831,6.6831,6.6831,6.6831,6.6831,6.6831,6.6831,6.6831,6.6831,6.6831,6.6831,6.6831,6.6831,6.6831,6.6831,6.6831,6.6831,6.6831,6.6831,6.6831,6.6831,6.6831,6.6831,6.6831,6.6831,6.6831,6.6831,6.6831,6.6831,6.6831,6.6831,6.6831,6.6831,6.6831,6.6831,6.6831,6.6831,6.6831,6.6831,6.6831,6.6831,6.6831,6.6831,6.6831,6.6831,6.6831,6.6831,6.6831,6.6831,6.6831,6.6831,6.6831,6.6831,6.6831,6.6831,6.6831,6.6831,6.6831,6.6831,6.6831,6.6831,6.6831,6.6831,6.6831,6.6831,6.6831,6.6831,6.6831,6.6831,6.6831,6.6831,6.6831,6.6831,6.6831,6.6831,6.6831,6.6831,6.6831,6.6831,6.6831,6.6831,6.6831,6.6831,6.6831,6.6831,6.6831,6.6831,6.6831,6.6831,6.6831,6.6831,6.6831,6.6831,6.6831,6.6831,6.6831,6.6831,6.6831,6.6831,6.6831,6.6831,6.6831,6.6831,6.6831,6.6831,6.6831,6.6831,6.6831,6.6831,6.6831,6.6831,6.6831,6.6831,6.6831,6.6831,6.6831,6.6831,6.6831,6.6831,6.6831,6.6831,6.6831,6.6831,6.6831,6.6831,6.6831,6.6831,6.6831,6.6831,6.6831,6.6831,6.6831,6.6831,6.6831,6.6831,6.6831,6.6831,6.6831,6.6831,6.6831,6.6831,6.6831,6.6831,6.6831,6.6831,6.6831,6.6831,6.6831,6.6831,6.6831,6.6831,6.6831,6.6831,6.6831,6.6831,6.6831,6.6831,6.6831,6.6831,6.6831,6.6831,6.6831,6.6831,6.6831,6.6831,6.6831,6.6831,6.6831,6.6831,6.6831,6.6831,6.6831,6.6831,6.6831,6.6831,6.6831,6.6831,6.6831,6.6831,6.6831,6.6831,6.6831,6.6831,6.6831,6.6831,6.6831,6.6831,6.6831,6.6831,6.6831,6.6831,6.6831,6.6831,6.6831,6.6831,6.6831,6.6831,6.6831,6.6831,6.6831,6.6831,6.6831,6.6831,6.6831,6.6831,6.6831,6.6831,6.6831,6.6831,6.6831,6.6831,6.6831,6.6831,6.6831,6.6831,6.6831,6.6831,6.6831,6.6831,6.6831,6.6831,6.6831,6.6831,6.6831,6.6831,6.6831,6.6831,6.6831,6.6831,6.6831,6.6831,6.6831,6.6831,6.6831,6.6831,6.6831,6.6831,6.6831,6.6831,6.6831,6.6831,6.6831,6.6831,6.6831,6.6831,6.6831,6.6831,6.6831,6.6831,6.6831,6.6831,6.6831,6.6831,6.6831,6.6831,6.6831,6.6831,6.6831,6.6831,6.6831,6.6831,6.6831,6.6831,6.6831,6.6831,6.6831,6.6831,6.6831,6.6831,6.6831,6.6831,6.6831,6.6831,6.6831,6.6831,6.6831,6.6831,6.6831,6.6831,6.6831,6.6831,6.6831,6.6831,6.6831,6.6831,6.6831,6.6831,6.6831,6.6831,6.6831,6.6831,6.6831,6.6831,6.6831,6.6831,6.6831,6.6831,6.6831,6.6831,6.6831,6.6831,6.6831,6.6831,6.6831,6.6831,6.6831,6.6831,6.6831,6.6831,6.6831,6.6831,6.6831,6.6831,6.6831,6.6831,6.6831,6.6831,6.6831,6.6831,6.6831,6.6831,6.6831,6.6831,6.6831,6.6831,6.6831,6.6831,6.6831,6.6831,6.6831,6.6831,6.6831,6.6831,6.6831,6.6831,6.6831,6.6831,6.6831,6.6831,6.6831,6.6831,6.6831,6.6831,6.6831,6.6831,6.6831,6.6831,6.6831,6.6831,6.6831,6.6831,6.6831,6.6831,6.6831,6.6831,6.6831,6.6831,6.6831,6.6831,6.6831,6.6831,6.6831,6.6831,6.6831,6.6831,6.6831,6.6831,6.6831,6.6831,6.6831,6.6831,6.6831,6.6831,6.6831,6.6831,6.6831,6.6831,6.6831,6.6831,6.6831,6.6831,6.6831,6.6831,6.6831,6.6831,6.6831,6.6831,6.6831,6.6831,6.6831,6.6831,6.6831,6.6831,6.6831,6.6831,6.6831,6.6831,6.6831,6.6831,6.6831,6.6831,6.6831,6.6831,6.6831,6.6831,6.6831,6.6831,6.6831,6.6831,6.6831,6.6831,6.6831,6.6831,6.6831,6.6831,6.6831,6.6831,6.6831,6.6831,6.6831,6.6831,6.6831,6.6831,6.6831,6.6831,6.6831,6.6831,6.6831,6.6831,6.6831,6.6831,6.6831,6.6831,6.6831,6.6831,6.6831,6.6831,6.6831,6.6831,6.6831,6.6831,6.6831,6.6831,6.6831,6.6831,6.6831,6.6831,6.6831,6.6831,6.6831,6.6831,6.6831,6.6831,6.6831,6.6831,6.6831,6.6831,6.6831,6.6831,6.6831,6.6831,6.6831,6.6831,6.6831,6.6831,6.6831,6.6831,6.6831,6.6831,6.6831,6.6831,6.6831,6.6831,6.6831,6.6831,6.6831,6.6831,6.6831,6.6831,6.6831,6.6831,6.6831,6.6831,6.6831,6.6831,6.6831,6.6831,6.6831,6.6831,6.6831,6.6831,6.6831,6.6831,6.6831,6.6831,6.6831,6.6831,6.6831,6.6831,6.6831,6.6831,6.6831,6.6831,6.6831,6.6831,6.6831,6.6831,6.6831,6.6831,6.6831,6.6831,6.6831,6.6831,6.6831,6.6831,6.6831,6.6831,6.6831,6.6831,6.6831,6.6831,6.6831,6.6831,6.6831,6.6831,6.6831,6.6831,6.6831,6.6831,6.6831,6.6831,6.6831,6.6831,6.6831,6.6831,6.6831,6.6831,6.6831,6.6831,6.6831,6.6831,6.6831,6.6831,6.6831,6.6831,6.6831,6.6831,6.6831,6.6831,6.6831,6.6831,6.6831,6.6831,6.6831,6.6831,6.6831,6.6831,6.6831,6.6831,6.6831,6.6831,6.6831,6.6831,6.6831,6.6831,6.6831,6.6831,6.6831,6.6831,6.6831,6.6831,6.6831,6.6831,6.6831,6.6831,6.6831,6.6831,6.6831,6.6831,6.6831,6.6831,6.6831,6.6831,6.6831,6.6831,6.6831,6.6831,6.6831,6.6831,6.6831,6.6831,6.6831,6.6831,6.6831,6.6831,6.6831,6.6831,6.6831,6.6831,6.6831,6.6831,6.6831,6.6831,6.6831,6.6831,6.6831,6.6831,6.6831,6.6831,6.6831,6.6831,6.6831,6.6831,6.6831,6.6831,6.6831,6.6831,6.6831,6.6831,6.6831,6.6831,6.6831
6.6775,6.6775,6.6775,6.6775,6.6775,6.6775,6.6775,6.6775,6.6775,6.6775,6.6775,6.6775,6.6775,6.6775,6.6775,6.6775,6.6775,6.6775,6.6775,6.6775,6.6775,6.6775,6.6775,6.6775,6.6775,6.6775,6.6775,6.6775,6.6775,6.6775,6.6775,6.6775,6.6775,6.6775,6.6775,6.6775,6.6775,6.6775,6.6775,6.6775,6.6775,6.6775,6.6775,6.6775,6.6775,6.6775,6.6775,6.6775,6.6775,6.6775,6.6775,6.6775,6.6775,6.6775,6.6775,6.6775,6.6775,6.6775,6.6775,6.6775,6.6775,6.6775,6.6775,6.6775,6.6775,6.6775,6.6775,6.6775,6.6775,6.6775,6.6775,6.6775,6.6775,6.6775,6.6775,6.6775,6.6775,6.6775,6.6775,6.6775,6.6775,6.6775,6.6775,6.6775,6.6775,6.6775,6.6775,6.6775,6.6775,6.6775,6.6775,6.6775,6.6775,6.6775,6.6775,6.6775,6.6775,6.6775,6.6775,6.6775,6.6775,6.6775,6.6775,6.6775,6.6775,6.6775,6.6775,6.6775,6.6775,6.6775,6.6775,6.6775,6.6775,6.6775,6.6775,6.6775,6.6775,6.6775,6.6775,6.6775,6.6775,6.6775,6.6775,6.6775,6.6775,6.6775,6.6775,6.6775,6.6775,6.6775,6.6775,6.6775,6.6775,6.6775,6.6775,6.6775,6.6775,6.6775,6.6775,6.6775,6.6775,6.6775,6.6775,6.6775,6.6775,6.6775,6.6775,6.6775,6.6775,6.6775,6.6775,6.6775,6.6775,6.6775,6.6775,6.6775,6.6775,6.6775,6.6775,6.6775,6.6775,6.6775,6.6775,6.6775,6.6775,6.6775,6.6775,6.6775,6.6775,6.6775,6.6775,6.6775,6.6775,6.6775,6.6775,6.6775,6.6775,6.6775,6.6775,6.6775,6.6775,6.6775,6.6775,6.6775,6.6775,6.6775,6.6775,6.6775,6.6775,6.6775,6.6775,6.6775,6.6775,6.6775,6.6775,6.6775,6.6775,6.6775,6.6775,6.6775,6.6775,6.6775,6.6775,6.6775,6.6775,6.6775,6.6775,6.6775,6.6775,6.6775,6.6775,6.6775,6.6775,6.6775,6.6775,6.6775,6.6775,6.6775,6.6775,6.6775,6.6775,6.6775,6.6775,6.6775,6.6775,6.6775,6.6775,6.6775,6.6775,6.6775,6.6775,6.6775,6.6775,6.6775,6.6775,6.6775,6.6775,6.6775,6.6775,6.6775,6.6775,6.6775,6.6775,6.6775,6.6775,6.6775,6.6775,6.6775,6.6775,6.6775,6.6775,6.6775,6.6775,6.6775,6.6775,6.6775,6.6775,6.6775,6.6775,6.6775,6.6775,6.6775,6.6775,6.6775,6.6775,6.6775,6.6775,6.6775,6.6775,6.6775,6.6775,6.6775,6.6775,6.6775,6.6775,6.6775,6.6775,6.6775,6.6775,6.6775,6.6775,6.6775,6.6775,6.6775,6.6775,6.6775,6.6775,6.6775,6.6775,6.6775,6.6775,6.6775,6.6775,6.6775,6.6775,6.6775,6.6775,6.6775,6.6775,6.6775,6.6775,6.6775,6.6775,6.6775,6.6775,6.6775,6.6775,6.6775,6.6775,6.6775,6.6775,6.6775,6.6775,6.6775,6.6775,6.6775,6.6775,6.6775,6.6775,6.6775,6.6775,6.6775,6.6775,6.6775,6.6775,6.6775,6.6775,6.6775,6.6775,6.6775,6.6775,6.6775,6.6775,6.6775,6.6775,6.6775,6.6775,6.6775,6.6775,6.6775,6.6775,6.6775,6.6775,6.6775,6.6775,6.6775,6.6775,6.6775,6.6775,6.6775,6.6775,6.6775,6.6775,6.6775,6.6775,6.6775,6.6775,6.6775,6.6775,6.6775,6.6775,6.6775,6.6775,6.6775,6.6775,6.6775,6.6775,6.6775,6.6775,6.6775,6.6775,6.6775,6.6775,6.6775,6.6775,6.6775,6.6775,6.6775,6.6775,6.6775,6.6775,6.6775,6.6775,6.6775,6.6775,6.6775,6.6775,6.6775,6.6775,6.6775,6.6775,6.6775,6.6775,6.6775,6.6775,6.6775,6.6775,6.6775,6.6775,6.6775,6.6775,6.6775,6.6775,6.6775,6.6775,6.6775,6.6775,6.6775,6.6775,6.6775,6.6775,6.6775,6.6775,6.6775,6.6775,6.6775,6.6775,6.6775,6.6775,6.6775,6.6775,6.6775,6.6775,6.6775,6.6775,6.6775,6.6775,6.6775,6.6775,6.6775,6.6775,6.6775,6.6775,6.6775,6.6775,6.6775,6.6775,6.6775,6.6775,6.6775,6.6775,6.6775,6.6775,6.6775,6.6775,6.6775,6.6775,6.6775,6.6775,6.6775,6.6775,6.6775,6.6775,6.6775,6.6775,6.6775,6.6775,6.6775,6.6775,6.6775,6.6775,6.6775,6.6775,6.6775,6.6775,6.6775,6.6775,6.6775,6.6775,6.6775,6.6775,6.6775,6.6775,6.6775,6.6775,6.6775,6.6775,6.6775,6.6775,6.6775,6.6775,6.6775,6.6775,6.6775,6.6775,6.6775,6.6775,6.6775,6.6775,6.6775,6.6775,6.6775,6.6775,6.6775,6.6775,6.6775,6.6775,6.6775,6.6775,6.6775,6.6775,6.6775,6.6775,6.6775,6.6775,6.6775,6.6775,6.6775,6.6775,6.6775,6.6775,6.6775,6.6775,6.6775,6.6775,6.6775,6.6775,6.6775,6.6775,6.6775,6.6775,6.6775,6.6775,6.6775,6.6775,6.6775,6.6775,6.6775,6.6775,6.6775,6.6775,6.6775,6.6775,6.6775,6.6775,6.6775,6.6775,6.6775,6.6775,6.6775,6.6775,6.6775,6.6775,6.6775,6.6775,6.6775,6.6775,6.6775,6.6775,6.6775,6.6775,6.6775,6.6775,6.6775,6.6775,6.6775,6.6775,6.6775,6.6775,6.6775,6.6775,6.6775,6.6775,6.6775,6.6775,6.6775,6.6775,6.6775,6.6775,6.6775,6.6775,6.6775,6.6775,6.6775,6.6775,6.6775,6.6775,6.6775,6.6775,6.6775,6.6775,6.6775,6.6775,6.6775,6.6775,6.6775,6.6775,6.6775,6.6775,6.6775,6.6775,6.6775,6.6775,6.6775,6.6775,6.6775,6.6775,6.6775,6.6775,6.6775,6.6775,6.6775,6.6775,6.6775,6.6775,6.6775,6.6775,6.6775,6.6775,6.6775,6.6775,6.6775,6.6775,6.6775,6.6775,6.6775,6.6775,6.6775,6.6775,6.6775,6.6775,6.6775,6.6775,6.6775,6.6775,6.6775,6.6775,6.6775,6.6775,6.6775,6.6775,6.6775,6.6775,6.6775,6.6775,6.6775,6.6775,6.6775,6.6775,6.6775,6.6775,6.6775,6.6775,6.6775,6.6775,6.6775,6.6775,6.6775,6.6775,6.6775,6.6775,6.6775,6.6775,6.6775,6.6775,6.6775,6.6775,6.6775,6.6775,6.6775,6.6775,6.6775,6.6775,6.6781,6.6781,6.6781,6.6781,6.6781,6.6781,6.6781,6.6781,6.6781,6.6781,6.6781,6.6781,6.6781,6.6781,6.6781,6.6781,6.6781,6.6781,6.6781,6.6781,6.6781,6.6781,6.6781,6.6781,6.6781,6.6781,6.6781,6.6781,6.6781,6.6781,6.6781,6.6781,6.6781,6.6781,6.6781,6.6781,6.6781,6.6781,6.6781,6.6781,6.6781,6.6781,6.6781,6.6781,6.6781,6.6781,6.6781,6.6781,6.6781,6.6781,6.6781,6.6781,6.6781,6.6781,6.6781,6.6781,6.6781,6.6781,6.6781,6.6781,6.6781,6.6781,6.6781,6.6781,6.6781,6.6781,6.6781,6.6781,6.6781,6.6781,6.6781,6.6781,6.6781,6.6781,6.6781,6.6781,6.6781,6.6781,6.6781,6.6781,6.6781,6.6781,6.6781,6.6781,6.6781,6.6781,6.6781,6.6781,6.6781,6.6781,6.6781,6.6781,6.6781,6.6781,6.6781,6.6781,6.6781,6.6781,6.6781,6.6781,6.6781,6.6781,6.6781,6.6781,6.6781,6.6781,6.6781,6.6781,6.6781,6.6781,6.6781,6.6781,6.6781,6.6781,6.6781,6.6781,6.6781,6.6781,6.6781,6.6781,6.6781,6.6781,6.6781,6.6781,6.6781,6.6781,6.6781,6.6781,6.6781,6.6781,6.6781,6.6781,6.6781,6.6781,6.6781,6.6781,6.6781,6.6781,6.6781,6.6781,6.6781,6.6781,6.6781,6.6781,6.6781,6.6781,6.6781,6.6781,6.6781,6.6781,6.6781,6.6781,6.6781,6.6781,6.6781,6.6781,6.6781,6.6781,6.6781,6.6781,6.6781,6.6781,6.6781,6.6781,6.6781,6.6781,6.6781,6.6781,6.6781,6.6781,6.6781,6.6781,6.6781,6.6781,6.6781,6.6781,6.6781,6.6781,6.6781,6.6781,6.6781,6.6781,6.6781,6.6781,6.6781,6.6781,6.6781,6.6781,6.6781,6.6781,6.6781,6.6781,6.6781,6.6781,6.6781,6.6781,6.6781,6.6781,6.6781,6.6781,6.6781,6.6781,6.6781,6.6781,6.6781,6.6781,6.6781,6.6781,6.6781,6.6781,6.6781,6.6781,6.6781,6.6781,6.6781,6.6781,6.6781,6.6781,6.6781,6.6781,6.6781,6.6781,6.6781,6.6781,6.6781,6.6781,6.6781,6.6781,6.6781,6.6781,6.6781,6.6781,6.6781,6.6781,6.6781,6.6781,6.6781,6.6781,6.6781,6.6781,6.6781,6.6781,6.6781,6.6781,6.6781,6.6781,6.6781,6.6781,6.6781,6.6781,6.6781,6.6781,6.6781,6.6781,6.6781,6.6781,6.6781,6.6781,6.6781,6.6781,6.6781,6.6781,6.6781,6.6781,6.6781,6.6781,6.6781,6.6781,6.6781,6.6781,6.6781,6.6781,6.6781,6.6781,6.6781,6.6781,6.6781,6.6781,6.6781,6.6781,6.6781,6.6781,6.6781,6.6781,6.6781,6.6781,6.6781,6.6781,6.6781,6.6781,6.6781,6.6781,6.6781,6.6781,6.6781,6.6781,6.6781
6.6728,6.6728,6.6728,6.6728,6.6728,6.6728,6.6728,6.6728,6.6728,6.6728,6.6728,6.6728,6.6728,6.6728,6.6728,6.6728,6.6728,6.6728,6.6728,6.6728,6.6728,6.6728,6.6728,6.6728,6.6728,6.6728,6.6728,6.6728,6.6728,6.6728,6.6728,6.6728,6.6728,6.6728,6.6728,6.6728,6.6728,6.6728,6.6728,6.6728,6.6728,6.6728,6.6728,6.6728,6.6728,6.6728,6.6728,6.6728,6.6728,6.6728,6.6728,6.6728,6.6728,6.6728,6.6728,6.6728,6.6728,6.6728,6.6728,6.6728,6.6728,6.6728,6.6728,6.6728,6.6728,6.6728,6.6728,6.6728,6.6728,6.6728,6.6728,6.6728,6.6728,6.6728,6.6728,6.6728,6.6728,6.6728,6.6728,6.6728,6.6728,6.6728,6.6728,6.6728,6.6728,6.6728,6.6728,6.6728,6.6728,6.6728,6.6728,6.6728,6.6728,6.6728,6.6728,6.6728,6.6728,6.6728,6.6728,6.6728,6.6728,6.6728,6.6728,6.6728,6.6728,6.6728,6.6728,6.6728,6.6728,6.6728,6.6728,6.6728,6.6728,6.6728,6.6728,6.6728,6.6728,6.6728,6.6728,6.6728,6.6728,6.6728,6.6728,6.6728,6.6728,6.6728,6.6728,6.6728,6.6728,6.6728,6.6728,6.6728,6.6728,6.6728,6.6728,6.6728,6.6728,6.6728,6.6728,6.6728,6.6728,6.6728,6.6728,6.6728,6.6728,6.6728,6.6728,6.6728,6.6728,6.6728,6.6728,6.6728,6.6728,6.6728,6.6728,6.6728,6.6728,6.6728,6.6728,6.6728,6.6728,6.6728,6.6728,6.6728,6.6728,6.6728,6.6728,6.6728,6.6728,6.6728,6.6728,6.6728,6.6728,6.6728,6.6728,6.6728,6.6728,6.6728,6.6728,6.6728,6.6728,6.6728,6.6728,6.6728,6.6728,6.6728,6.6728,6.6728,6.6728,6.6728,6.6728,6.6728,6.6728,6.6728,6.6728,6.6728,6.6728,6.6728,6.6728,6.6728,6.6728,6.6728,6.6728,6.6728,6.6728,6.6728,6.6728,6.6728,6.6728,6.6728,6.6728,6.6728,6.6728,6.6728,6.6728,6.6728,6.6728,6.6728,6.6728,6.6728,6.6728,6.6728,6.6728,6.6728,6.6728,6.6728,6.6728,6.6728,6.6728,6.6728,6.6728,6.6728,6.6728,6.6728,6.6728,6.6728,6.6728,6.6728,6.6728,6.6728,6.6728,6.6728,6.6728,6.6728,6.6728,6.6728,6.6728,6.6728,6.6728,6.6728,6.6728,6.6728,6.6728,6.6728,6.6728,6.6728,6.6728,6.6728,6.6728,6.6728,6.6728,6.6728,6.6728,6.6728,6.6728,6.6728,6.6728,6.6728,6.6728,6.6728,6.6728,6.6728,6.6728,6.6728,6.6728,6.6728,6.6728,6.6728,6.6728,6.6728,6.6728,6.6728,6.6728,6.6728,6.6728,6.6728,6.6728,6.6728,6.6728,6.6728,6.6728,6.6728,6.6728,6.6728,6.6728,6.6728,6.6728,6.6728,6.6728,6.6728,6.6728,6.6728,6.6728,6.6728,6.6728,6.6728,6.6728,6.6728,6.6728,6.6728,6.6728,6.6728,6.6728,6.6728,6.6728,6.6728,6.6728,6.6728,6.6728,6.6728,6.6728,6.6728,6.6728,6.6728,6.6728,6.6728,6.6728,6.6728,6.6728,6.6728,6.6728,6.6728,6.6728,6.6728,6.6728,6.6728,6.6728,6.6728,6.6728,6.6728,6.6728,6.6728,6.6728,6.6728,6.6728,6.6728,6.6728,6.6728,6.6728,6.6728,6.6728,6.6728,6.6728,6.6728,6.6728,6.6728,6.6728,6.6728,6.6728,6.6728,6.6728,6.6728,6.6728,6.6728,6.6728,6.6728,6.6728,6.6728,6.6728,6.6728,6.6733,6.6733,6.6733,6.6733,6.6733,6.6733,6.6733,6.6733,6.6733,6.6733,6.6733,6.6733,6.6733,6.6733,6.6733,6.6733,6.6733,6.6733,6.6733,6.6733,6.6733,6.6733,6.6733,6.6733,6.6733,6.6733,6.6733,6.6733,6.6733,6.6733,6.6733,6.6733,6.6733,6.6733,6.6733,6.6733,6.6733,6.6733,6.6733,6.6733,6.6733,6.6733,6.6733,6.6733,6.6733,6.6733,6.6733,6.6733,6.6733,6.6733,6.6733,6.6733,6.6733,6.6733,6.6733,6.6733,6.6733,6.6733,6.6733,6.6733,6.6733,6.6733,6.6733,6.6733,6.6733,6.6733,6.6733,6.6733,6.6733,6.6733,6.6733,6.6733,6.6733,6.6733,6.6733,6.6733,6.6733,6.6733,6.6733,6.6733,6.6733,6.6733,6.6733,6.6733,6.6733,6.6733,6.6733,6.6733,6.6733,6.6733,6.6733,6.6733,6.6733,6.6733,6.6733,6.6733,6.6733,6.6733,6.6733,6.6733,6.6733,6.6733,6.6733,6.6733,6.6733,6.6733,6.6733,6.6733,6.6733,6.6733,6.6733,6.6733,6.6733,6.6733,6.6733,6.6733,6.6733,6.6733,6.6733,6.6733,6.6733,6.6733,6.6733,6.6733,6.6733,6.6733,6.6733,6.6733,6.6733,6.6733,6.6733,6.6733,6.6733,6.6733,6.6733,6.6733,6.6733,6.6733,6.6733,6.6733,6.6733,6.6733,6.6733,6.6733,6.6733,6.6733,6.6733,6.6733,6.6733,6.6733,6.6733,6.6733,6.6733,6.6733,6.6733,6.6733,6.6733,6.6733,6.6733,6.6733,6.6733,6.6733,6.6733,6.6733,6.6733,6.6733,6.6733,6.6733,6.6733,6.6733,6.6733,6.6733,6.6733,6.6733,6.6733,6.6733,6.6733,6.6733,6.6733,6.6733,6.6733,6.6733,6.6733,6.6733,6.6733,6.6733,6.6733,6.6733,6.6733,6.6733,6.6733,6.6733,6.6733,6.6733,6.6733,6.6733,6.6733,6.6733,6.6733,6.6733,6.6733,6.6733,6.6733,6.6733,6.6733,6.6733,6.6733,6.6733,6.6733,6.6733,6.6733,6.6733,6.6733,6.6733,6.6733,6.6733,6.6733,6.6733,6.6733,6.6733,6.6733,6.6733,6.6733,6.6733,6.6733,6.6733,6.6733,6.6733,6.6733,6.6733,6.6733,6.6733,6.6733,6.6733,6.6733,6.6733,6.6733,6.6733,6.6733,6.6733,6.6733,6.6733,6.6733,6.6733,6.6733,6.6733,6.6733,6.6733,6.6733,6.6733,6.6733,6.6733,6.6733,6.6733,6.6733,6.6733,6.6733,6.6733,6.6733,6.6733,6.6733,6.6733,6.6733,6.6733,6.6733,6.6733,6.6733,6.6733,6.6733,6.6733,6.6733,6.6733,6.6733,6.6733,6.6733,6.6733,6.6733,6.6733,6.6733,6.6733,6.6733,6.6733,6.6733,6.6733,6.6733,6.6733,6.6733,6.6733,6.6733,6.6733,6.6733,6.6733,6.6733,6.6733,6.6733,6.6733,6.6733,6.6733,6.6733,6.6733,6.6733,6.6733,6.6733,6.6733,6.6733,6.6733,6.6733,6.6733,6.6733,6.6733,6.6733,6.6733,6.6733,6.6733,6.6733,6.6733,6.6733,6.6733,6.6733,6.6733,6.6733,6.6733,6.6733,6.6733,6.6733,6.6733,6.6733,6.6733,6.6733,6.6733,6.6733,6.6733,6.6733,6.6733,6.6733,6.6733,6.6733,6.6733,6.6733,6.6733,6.6733,6.6733,6.6733,6.6733,6.6733,6.6733,6.6733,6.6733,6.6733,6.6733,6.6733,6.6733,6.6733,6.6733,6.6733,6.6733,6.6733,6.6733,6.6733,6.6733,6.6733,6.6733,6.6733,6.6733,6.6733,6.6733,6.6733,6.6733,6.6733,6.6733,6.6733,6.6733,6.6733,6.6733,6.6733,6.6733,6.6733,6.6733,6.6733,6.6733,6.6733,6.6733,6.6733,6.6733,6.6733,6.6733,6.6733,6.6733,6.6733,6.6733,6.6733,6.6733,6.6733,6.6733,6.6733,6.6733,6.6733,6.6733,6.6733,6.6733,6.6733,6.6733,6.6733,6.6733,6.6733,6.6733,6.6733,6.6733,6.6733,6.6733,6.6733,6.6733,6.6733,6.6733,6.6733,6.6733,6.6733,6.6733,6.6733,6.6733,6.6733,6.6733,6.6733,6.6733,6.6733,6.6733,6.6733,6.6733,6.6733,6.6733,6.6733,6.6733,6.6733,6.6733,6.6733,6.6733,6.6733,6.6733,6.6733,6.6733,6.6733,6.6733,6.6733,6.6733,6.6733,6.6733,6.6733,6.6733,6.6733,6.6733,6.6733,6.6733,6.6733,6.6733,6.6733,6.6733,6.6733,6.6733,6.6733,6.6733,6.6733,6.6733,6.6733,6.6733,6.6733,6.6733,6.6733,6.6733,6.6733,6.6733,6.6733,6.6733,6.6733,6.6733,6.6733,6.6733,6.6733,6.6733,6.6733,6.6733,6.6733,6.6733,6.6733,6.6733,6.6733,6.6733,6.6733,6.6733,6.6733,6.6733,6.6733,6.6733,6.6733,6.6733,6.6733,6.6733,6.6733,6.6733,6.6733,6.6733,6.6733,6.6733,6.6733,6.6733,6.6733,6.6733,6.6733,6.6733,6.6733,6.6733,6.6733,6.6733,6.6733,6.6733,6.6733,6.6733,6.6733,6.6733,6.6733,6.6733,6.6733,6.6733,6.6733,6.6733,6.6733,6.6733,6.6733,6.6733,6.6733,6.6733,6.6733,6.6733,6.6733,6.6733,6.6733,6.6733,6.6733,6.6733,6.6733,6.6733,6.6733,6.6733,6.6733,6.6733,6.6733,6.6733,6.6733,6.6733,6.6733,6.6733,6.6733,6.6733,6.6733,6.6733,6.6733,6.6733,6.6733,6.6733,6.6733,6.6733,6.6733,6.6733,6.6733,6.6733,6.6733,6.6733,6.6733,6.6733,6.6733,6.6733,6.6733,6.6733,6.6733,6.6733,6.6733,6.6733,6.6733,6.6733,6.6733,6.6733,6.6733,6.6733,6.6733,6.6733,6.6733,6.6733,6.6733,6.6733,6.6733,6.6733
6.6683,6.6683,6.6683,6.6683,6.6683,6.6683,6.6683,6.6683,6.6683,6.6683,6.6683,6.6683,6.6683,6.6683,6.6683,6.6683,6.6683,6.6683,6.6683,6.6683,6.6683,6.6683,6.6683,6.6683,6.6683,6.6683,6.6683,6.6683,6.6683,6.6683,6.6683,6.6683,6.6683,6.6683,6.6683,6.6683,6.6683,6.6683,6.6683,6.6683,6.6683,6.6683,6.6683,6.6683,6.6683,6.6683,6.6683,6.6683,6.6683,6.6683,6.6683,6.6683,6.6683,6.6683,6.6683,6.6683,6.6683,6.6683,6.6683,6.6683,6.6683,6.6683,6.6683,6.6683,6.6683,6.6683,6.6683,6.6683,6.6683,6.6683,6.6683,6.6683,6.6683,6.6683,6.6683,6.6683,6.6683,6.6683,6.6683,6.6683,6.6683,6.6683,6.6683,6.6683,6.6683,6.6683,6.6683,6.6683,6.6683,6.6683,6.6683,6.6683,6.6683,6.6683,6.6683,6.6683,6.6683,6.6683,6.6683,6.6683,6.6683,6.6683,6.6683,6.6683,6.6683,6.6683,6.6683,6.6683,6.6683,6.6683,6.6683,6.6683,6.6683,6.6683,6.6683,6.6683,6.6683,6.6683,6.6683,6.6683,6.6683,6.6683,6.6683,6.6683,6.6683,6.6683,6.6683,6.6683,6.6683,6.6683,6.6683,6.6683,6.6683,6.6683,6.6683,6.6683,6.6683,6.6683,6.6683,6.6683,6.6683,6.6683,6.6683,6.6683,6.6683,6.6683,6.6683,6.6683,6.6683,6.6683,6.6683,6.6683,6.6683,6.6683,6.6683,6.6683,6.6683,6.6683,6.6683,6.6683,6.6683,6.6683,6.6683,6.6683,6.6683,6.6683,6.6683,6.6683,6.6683,6.6683,6.6683,6.6683,6.6683,6.6683,6.6683,6.6683,6.6683,6.6683,6.6683,6.6683,6.6683,6.6683,6.6683,6.6683,6.6683,6.6683,6.6683,6.6683,6.6683,6.6683,6.6683,6.6683,6.6683,6.6683,6.6683,6.6683,6.6683,6.6683,6.6683,6.6683,6.6683,6.6683,6.6683,6.6683,6.6683,6.6683,6.6683,6.6683,6.6683,6.6683,6.6683,6.6683,6.6683,6.6683,6.6683,6.6683,6.6683,6.6683,6.6683,6.6683,6.6683,6.6683,6.6683,6.6683,6.6683,6.6683,6.6683,6.6683,6.6683,6.6683,6.6683,6.6683,6.6683,6.6683,6.6683,6.6683,6.6683,6.6683,6.6683,6.6683,6.6683,6.6683,6.6683,6.6683,6.6683,6.6683,6.6683,6.6683,6.6683,6.6683,6.6683,6.6683,6.6683,6.6683,6.6683,6.6683,6.6683,6.6683,6.6683,6.6683,6.6683,6.6683,6.6683,6.6683,6.6683,6.6683,6.6683,6.6683,6.6683,6.6683,6.6683,6.6683,6.6683,6.6683,6.6683,6.6683,6.6683,6.6683,6.6683,6.6683,6.6683,6.6683,6.6683,6.6683,6.6683,6.6683,6.6683,6.6683,6.6683,6.6683,6.6683,6.6683,6.6683,6.6683,6.6683,6.6683,6.6683,6.6683,6.6683,6.6683,6.6683,6.6683,6.6683,6.6683,6.6683,6.6683,6.6683,6.6683,6.6683,6.6683,6.6683,6.6683,6.6683,6.6683,6.6683,6.6683,6.6683,6.6683,6.6683,6.6683,6.6683,6.6683,6.6683,6.6683,6.6683,6.6683,6.6683,6.6683,6.6683,6.6683,6.6683,6.6683,6.6683,6.6683,6.6683,6.6683,6.6683,6.6683,6.6683,6.6683,6.6683,6.6683,6.6683,6.6683,6.6683,6.6683,6.6683,6.6683,6.6683,6.6683,6.6683,6.6683,6.6683,6.6683,6.6683,6.6683,6.6683,6.6683,6.6683,6.6683,6.6683,6.6683,6.6683,6.6683,6.6683,6.6683,6.6683,6.6683,6.6683,6.6683,6.6683,6.6683,6.6683,6.6683,6.6683,6.6683,6.6683,6.6683,6.6683,6.6683,6.6683,6.6683,6.6683,6.6683,6.6683,6.6683,6.6683,6.6683,6.6683,6.6683,6.6683,6.6683,6.6683,6.6683,6.6683,6.6683,6.6683,6.6683,6.6683,6.6683,6.6683,6.6683,6.6683,6.6683,6.6683,6.6683,6.6683,6.6683,6.6683,6.6683,6.6683,6.6683,6.6683,6.6683,6.6683,6.6683,6.6683,6.6683,6.6683,6.6683,6.6683,6.6683,6.6683,6.6683,6.6683,6.6683,6.6683,6.6683,6.6683,6.6683,6.6683,6.6683,6.6683,6.6683,6.6683,6.6683,6.6683,6.6683,6.6683,6.6683,6.6683,6.6683,6.6683,6.6683,6.6683,6.6683,6.6683,6.6683,6.6683,6.6683,6.6683,6.6683,6.6683,6.6683,6.6683,6.6683,6.6683,6.6683,6.6683,6.6683,6.6683,6.6683,6.6683,6.6683,6.6683,6.6683,6.6683,6.6683,6.6683,6.6683,6.6683,6.6683,6.6683,6.6683,6.6683,6.6683,6.6683,6.6683,6.6683,6.6683,6.6683,6.6683,6.6683,6.6683,6.6683,6.6683,6.6683,6.6683,6.6683,6.6683,6.6683,6.6683,6.6683,6.6683,6.6683,6.6683,6.6683,6.6683,6.6683,6.6683,6.6683,6.6683,6.6683,6.6683,6.6683,6.6683,6.6683,6.6683,6.6683,6.6683,6.6683,6.6683,6.6683,6.6683,6.6683,6.6683,6.6683,6.6683,6.6683,6.6683,6.6683,6.6683,6.6683,6.6683,6.6683,6.6683,6.6683,6.6683,6.6683,6.6683,6.6683,6.6683,6.6683,6.6683,6.6683,6.6683,6.6683,6.6683,6.6683,6.6683,6.6683,6.6683,6.6683,6.6683,6.6683,6.6683,6.6683,6.6683,6.6683,6.6683,6.6683,6.6683,6.6683,6.6683,6.6683,6.6683,6.6683,6.6683,6.6683,6.6683,6.6683,6.6683,6.6683,6.6683,6.6683,6.6683,6.6683,6.6683,6.6683,6.6683,6.6683,6.6683,6.6683,6.6683,6.6683,6.6683,6.6683,6.6683,6.6683,6.6683,6.6683,6.6683,6.6683,6.6683,6.6683,6.6683,6.6683,6.6683,6.6683,6.6683,6.6683,6.6683,6.6683,6.6683,6.6683,6.6683,6.6683,6.6683,6.6683,6.6683,6.6683,6.6683,6.6683,6.6683,6.6683,6.6683,6.6683,6.6683,6.6683,6.6683,6.6683,6.6683,6.6683,6.6683,6.6683,6.6683,6.6683,6.6683,6.6683,6.6683,6.6683,6.6683,6.6683,6.6683,6.6683,6.6683,6.6683,6.6683,6.6683,6.6683,6.6683,6.6683,6.6683,6.6683,6.6683,6.6683,6.6683,6.6683,6.6683,6.6683,6.6683,6.6683,6.6683,6.6683,6.6683,6.6683,6.6683,6.6683,6.6683,6.6683,6.6683,6.6683,6.6683,6.6683,6.6683,6.6683,6.6683,6.6683,6.6683,6.6683,6.6683,6.6683,6.6683,6.6683,6.6683,6.6683,6.6683,6.6683,6.6683,6.6683,6.6683,6.6683,6.6683,6.6683,6.6683,6.6683,6.6683,6.6683,6.6683,6.6683,6.6683,6.6683,6.6683,6.6683,6.6683,6.6683,6.6683,6.6683,6.6683,6.6683,6.6683,6.6683,6.6683,6.6683,6.6683,6.6683,6.6683,6.6683,6.6683,6.6683,6.6683,6.6683,6.6683,6.6683,6.6683,6.6683,6.6683,6.6683,6.6683,6.6683,6.6683,6.6683,6.6683,6.6683,6.6683,6.6683,6.6683,6.6683,6.6683,6.6683,6.6683,6.6683,6.6683,6.6683,6.6683,6.6683,6.6683,6.6683,6.6683,6.6683,6.6683,6.6683,6.6683,6.6683,6.6683,6.6683,6.6683,6.6683,6.6683,6.6683,6.6683,6.6683,6.6683,6.6683,6.6683,6.6683,6.6683,6.6683,6.6683,6.6683,6.6683,6.6683,6.6683,6.6683,6.6683,6.6683,6.6683,6.6683,6.6683,6.6683,6.6683,6.6683,6.6683,6.6683,6.6683,6.6683,6.6683,6.6683,6.6683,6.6683,6.6683,6.6683,6.6683,6.6683,6.6683,6.6683,6.6683,6.6683,6.6683,6.6683,6.6683,6.6683,6.6683,6.6683,6.6683,6.6683,6.6683,6.6683,6.6683,6.6683,6.6683,6.6683,6.6683,6.6683,6.6683,6.6683,6.6683,6.6683,6.6683,6.6683,6.6683,6.6683,6.6683,6.6683,6.6683,6.6683,6.6683,6.6683,6.6683,6.6683,6.6683,6.6683,6.6683,6.6683,6.6683,6.6683,6.6683,6.6683,6.6683,6.6683,6.6683,6.6683,6.6683,6.6683,6.6683,6.6683,6.6683,6.6683,6.6683,6.6683,6.6683,6.6683,6.6683,6.6683,6.6683,6.6683,6.6683,6.6683,6.6683,6.6683,6.6683,6.6683,6.6683,6.6683,6.6683,6.6683,6.6683,6.6683,6.6683,6.6683,6.6683,6.6683,6.6683,6.6683,6.6683,6.6683,6.6683,6.6683,6.6683,6.6683,6.6683,6.6683,6.6683,6.6683,6.6683,6.6683,6.6683,6.6683,6.6683,6.6683,6.6683,6.6683,6.6683,6.6683,6.6683,6.6683,6.6683,6.6683,6.6683,6.6683,6.6683,6.6683,6.6683,6.6683,6.6683,6.6683,6.6683,6.6683,6.6683,6.6683,6.6683,6.6683,6.6683,6.6683,6.6683,6.6683,6.6683,6.6683,6.6683,6.6683,6.6683,6.6683,6.6683,6.6683,6.6683,6.6683,6.6683,6.6683,6.6683,6.6683,6.6683,6.6683,6.6683,6.6683,6.6683,6.6683,6.6683,6.6683,6.6683,6.6683,6.6683,6.6683,6.6683,6.6683,6.6683,6.6683,6.6683,6.6683,6.6683,6.6683,6.6683,6.6683,6.6683,6.6683,6.6683,6.6683,6.6683,6.6683,6.6683,6.6683,6.6683,6.6683,6.6683,6.6683,6.6683,6.6683,6.6683,6.6683,6.6683,6.6683,6.6683,6.6683,6.6683,6.6683,6.6683,6.6683,6.6683,6.6683,6.6683,6.6683
6.6632,6.6632,6.6632,6.6632,6.6632,6.6632,6.6632,6.6632,6.6632,6.6632,6.6632,6.6632,6.6632,6.6632,6.6632,6.6632,6.6632,6.6632,6.6632,6.6632,6.6632,6.6632,6.6632,6.6632,6.6632,6.6632,6.6632,6.6632,6.6632,6.6632,6.6632,6.6632,6.6632,6.6632,6.6632,6.6632,6.6632,6.6632,6.6632,6.6632,6.6632,6.6632,6.6632,6.6632,6.6632,6.6632,6.6632,6.6632,6.6632,6.6632,6.6632,6.6632,6.6632,6.6632,6.6632,6.6632,6.6632,6.6632,6.6632,6.6632,6.6632,6.6632,6.6632,6.6632,6.6632,6.6632,6.6632,6.6632,6.6632,6.6632,6.6632,6.6632,6.6632,6.6632,6.6632,6.6632,6.6632,6.6632,6.6632,6.6632,6.6632,6.6632,6.6632,6.6632,6.6632,6.6632,6.6632,6.6632,6.6632,6.6632,6.6632,6.6632,6.6632,6.6632,6.6632,6.6632,6.6632,6.6632,6.6632,6.6632,6.6632,6.6632,6.6632,6.6632,6.6632,6.6632,6.6632,6.6632,6.6632,6.6632,6.6632,6.6632,6.6632,6.6632,6.6632,6.6632,6.6632,6.6632,6.6632,6.6632,6.6632,6.6632,6.6632,6.6632,6.6632,6.6632,6.6632,6.6632,6.6632,6.6632,6.6632,6.6632,6.6632,6.6632,6.6632,6.6632,6.6632,6.6632,6.6632,6.6632,6.6632,6.6632,6.6632,6.6632,6.6632,6.6632,6.6632,6.6632,6.6632,6.6632,6.6632,6.6632,6.6632,6.6632,6.6632,6.6632,6.6632,6.6632,6.6632,6.6632,6.6632,6.6632,6.6632,6.6632,6.6632,6.6632,6.6632,6.6632,6.6632,6.6632,6.6632,6.6632,6.6632,6.6632,6.6632,6.6632,6.6632,6.6632,6.6632,6.6632,6.6632,6.6632,6.6632,6.6632,6.6632,6.6632,6.6632,6.6632,6.6632,6.6632,6.6632,6.6632,6.6632,6.6632,6.6632,6.6632,6.6632,6.6632,6.6632,6.6632,6.6632,6.6632,6.6632,6.6632,6.6632,6.6632,6.6632,6.6632,6.6632,6.6632,6.6632,6.6632,6.6632,6.6632,6.6632,6.6632,6.6632,6.6632,6.6632,6.6632,6.6632,6.6632,6.6632,6.6632,6.6632,6.6632,6.6632,6.6632,6.6632,6.6632,6.6632,6.6632,6.6632,6.6632,6.6632,6.6632,6.6632,6.6632,6.6632,6.6632,6.6632,6.6632,6.6632,6.6632,6.6632,6.6632,6.6632,6.6632,6.6632,6.6632,6.6632,6.6632,6.6632,6.6632,6.6632,6.6632,6.6632,6.6632,6.6632,6.6632,6.6632,6.6632,6.6632,6.6632,6.6632,6.6632,6.6632,6.6632,6.6632,6.6632,6.6632,6.6632,6.6632,6.6632,6.6632,6.6632,6.6632,6.6632,6.6632,6.6632,6.6632,6.6632,6.6632,6.6632,6.6632,6.6632,6.6632,6.6632,6.6632,6.6632,6.6632,6.6632,6.6632,6.6632,6.6632,6.6632,6.6632,6.6632,6.6632,6.6632,6.6632,6.6632,6.6632,6.6632,6.6632,6.6632,6.6632,6.6632,6.6632,6.6632,6.6632,6.6632,6.6632,6.6632,6.6632,6.6627,6.6627,6.6627,6.6627,6.6627,6.6627,6.6627,6.6627,6.6627,6.6627,6.6627,6.6627,6.6627,6.6627,6.6627,6.6627,6.6627,6.6627,6.6627,6.6627,6.6627,6.6627,6.6627,6.6627,6.6627,6.6627,6.6627,6.6627,6.6627,6.6627,6.6627,6.6627,6.6627,6.6627,6.6627,6.6627,6.6627,6.6627,6.6627,6.6627,6.6627,6.6627,6.6627,6.6627,6.6627,6.6627,6.6627,6.6627,6.6627,6.6627,6.6627,6.6627,6.6627,6.6627,6.6627,6.6627,6.6627,6.6627,6.6627,6.6627,6.6627,6.6627,6.6627,6.6627,6.6627,6.6627,6.6627,6.6627,6.6627,6.6627,6.6627,6.6627,6.6627,6.6627,6.6627,6.6627,6.6627,6.6627,6.6627,6.6627,6.6627,6.6627,6.6627,6.6627,6.6627,6.6627,6.6627,6.6627,6.6627,6.6627,6.6627,6.6627,6.6627,6.6627,6.6627,6.6627,6.6627,6.6627,6.6627,6.6627,6.6627,6.6627,6.6627,6.6627,6.6627,6.6627,6.6627,6.6627,6.6627,6.6627,6.6627,6.6627,6.6627,6.6627,6.6627,6.6627,6.6627,6.6627,6.6627,6.6627,6.6627,6.6627,6.6627,6.6627,6.6627,6.6627,6.6627,6.6627,6.6627,6.6627,6.6627,6.6627,6.6627,6.6627,6.6627,6.6627,6.6627,6.6627,6.6627,6.6627,6.6627,6.6627,6.6627,6.6627,6.6627,6.6627,6.6627,6.6627,6.6627,6.6627,6.6627,6.6627,6.6627,6.6627,6.6627,6.6627,6.6627,6.6627,6.6627,6.6627,6.6627,6.6627,6.6627,6.6627,6.6627,6.6627,6.6627,6.6627,6.6627,6.6627,6.6627,6.6627,6.6627,6.6627,6.6627,6.6627,6.6627,6.6627,6.6627,6.6627,6.6627,6.6627,6.6627,6.6627,6.6627,6.6627,6.6627,6.6627,6.6627,6.6627,6.6627,6.6627,6.6627,6.6627,6.6627,6.6627,6.6627,6.6627,6.6627,6.6627,6.6627,6.6627,6.6627,6.6627,6.6627,6.6627,6.6627,6.6627,6.6627,6.6627,6.6627,6.6627,6.6627,6.6627,6.6627,6.6627,6.6627,6.6627,6.6627,6.6627,6.6627,6.6627,6.6627,6.6627,6.6627,6.6627,6.6627,6.6627,6.6627,6.6627,6.6627,6.6627,6.6627,6.6627,6.6627,6.6627,6.6627,6.6627,6.6627,6.6627,6.6627,6.6627,6.6627,6.6627,6.6627,6.6627,6.6627,6.6627,6.6627,6.6627,6.6627,6.6627,6.6627,6.6627,6.6627,6.6627,6.6627,6.6627,6.6627,6.6627,6.6627,6.6627,6.6627,6.6627,6.6627,6.6627,6.6627,6.6627,6.6627,6.6627,6.6627,6.6627,6.6627,6.6627,6.6627,6.6627,6.6627,6.6627,6.6627,6.6627,6.6627,6.6627,6.6627,6.6627,6.6627,6.6627,6.6627,6.6627,6.6627,6.6627,6.6627,6.6627,6.6627,6.6627,6.6627,6.6627,6.6627,6.6627,6.6627,6.6627,6.6627,6.6627,6.6627,6.6627,6.6627,6.6627,6.6627,6.6627,6.6627,6.6627,6.6627,6.6627,6.6627,6.6627,6.6627,6.6627,6.6627,6.6627,6.6627,6.6627,6.6627,6.6627,6.6627,6.6627,6.6627,6.6627,6.6627,6.6627,6.6627,6.6627,6.6627,6.6627,6.6627,6.6627,6.6627,6.6627,6.6627,6.6627,6.6627,6.6627,6.6627,6.6627,6.6627,6.6627,6.6627,6.6627,6.6627,6.6627,6.6627,6.6627,6.6627,6.6627,6.6627,6.6627,6.6627,6.6627,6.6627,6.6627,6.6627,6.6627,6.6627,6.6627,6.6627,6.6627,6.6627,6.6627,6.6627,6.6627,6.6627,6.6627,6.6627,6.6627,6.6627,6.6627,6.6627,6.6627,6.6627,6.6627,6.6627,6.6627,6.6627,6.6627,6.6627,6.6627,6.6627,6.6627,6.6627,6.6627,6.6627,6.6627,6.6627,6.6627,6.6627,6.6627,6.6627,6.6627,6.6627,6.6627,6.6627,6.6627,6.6627,6.6627,6.6627,6.6627,6.6627,6.6627,6.6627,6.6627,6.6627,6.6627,6.6627,6.6627,6.6627,6.6627,6.6627,6.6627,6.6627,6.6627,6.6627,6.6627,6.6627,6.6627,6.6627,6.6627,6.6627,6.6627,6.6627,6.6627,6.6627,6.6627,6.6627,6.6627,6.6627,6.6627,6.6627,6.6627,6.6627,6.6627,6.6627,6.6627,6.6627,6.6627,6.6627,6.6627,6.6627,6.6627,6.6627,6.6627,6.6627,6.6627,6.6627,6.6627,6.6627,6.6627,6.6627,6.6627,6.6627,6.6627,6.6627,6.6627,6.6627,6.6627,6.6627,6.6627,6.6627,6.6627,6.6627,6.6627,6.6627,6.6627,6.6627,6.6627,6.6627,6.6627,6.6627,6.6627,6.6627,6.6627,6.6627,6.6627,6.6627,6.6627,6.6627,6.6627,6.6627,6.6627,6.6627,6.6627,6.6627,6.6627,6.6627,6.6627,6.6627,6.6627,6.6627,6.6627,6.6627,6.6627,6.6627,6.6627,6.6627,6.6627,6.6627,6.6627,6.6627,6.6627,6.6627,6.6627,6.6627,6.6627,6.6627,6.6627,6.6627,6.6627,6.6627,6.6627,6.6627,6.6627,6.6627,6.6627,6.6627,6.6627,6.6627,6.6627,6.6627,6.6627,6.6627,6.6627,6.6627,6.6627,6.6627,6.6627,6.6627,6.6627,6.6627,6.6627,6.6627,6.6627,6.6627,6.6627,6.6627,6.6627,6.6627,6.6627,6.6627,6.6627,6.6627,6.6627,6.6627,6.6627,6.6627,6.6627,6.6627,6.6627,6.6627,6.6627,6.6627,6.6627,6.6627,6.6627,6.6627,6.6627,6.6627,6.6627,6.6627,6.6627,6.6627,6.6627,6.6627,6.6627,6.6627,6.6627,6.6627,6.6627,6.6627,6.6627,6.6627,6.6627,6.6627,6.6627,6.6627,6.6627,6.6627,6.6627,6.6627,6.6627,6.6627,6.6627,6.6627,6.6627,6.6627,6.6627,6.6627,6.6627,6.6627,6.6627,6.6627,6.6627,6.6627,6.6627,6.6627,6.6627,6.6627,6.6627,6.6627,6.6627,6.6627,6.6627,6.6627,6.6627,6.6627,6.6627,6.6627,6.6627,6.6627,6.6627,6.6627,6.6627,6.6627,6.6627,6.6627,6.6627,6.6627,6.6627,6.6627,6.6627,6.6627,6.6627,6.6627,6.6627,6.6627,6.6627,6.6627,6.6627,6.6627,6.6627,6.6627,6.6627,6.6627,6.6627,6.6627,6.6627,6.6627,6.6627,6.6627
6.6577,6.6577,6.6577,6.6577,6.6577,6.6577,6.6577,6.6577,6.6577,6.6577,6.6577,6.6577,6.6577,6.6577,6.6577,6.6577,6.6577,6.6577,6.6577,6.6577,6.6577,6.6577,6.6577,6.6577,6.6577,6.6577,6.6577,6.6577,6.6577,6.6577,6.6577,6.6577,6.6577,6.6577,6.6577,6.6577,6.6577,6.6577,6.6577,6.6577,6.6577,6.6577,6.6577,6.6577,6.6577,6.6577,6.6577,6.6577,6.6577,6.6577,6.6577,6.6577,6.6577,6.6577,6.6577,6.6577,6.6577,6.6577,6.6577,6.6577,6.6577,6.6577,6.6577,6.6577,6.6577,6.6577,6.6577,6.6577,6.6577,6.6577,6.6577,6.6577,6.6577,6.6577,6.6577,6.6577,6.6577,6.6577,6.6577,6.6577,6.6577,6.6577,6.6577,6.6577,6.6577,6.6577,6.6577,6.6577,6.6577,6.6577,6.6577,6.6577,6.6577,6.6577,6.6577,6.6577,6.6577,6.6577,6.6577,6.6577,6.6577,6.6577,6.6577,6.6577,6.6577,6.6577,6.6577,6.6577,6.6577,6.6577,6.6577,6.6577,6.6577,6.6577,6.6577,6.6577,6.6577,6.6577,6.6577,6.6577,6.6577,6.6577,6.6577,6.6577,6.6577,6.6577,6.6577,6.6577,6.6577,6.6577,6.6577,6.6577,6.6577,6.6577,6.6577,6.6577,6.6577,6.6577,6.6577,6.6577,6.6577,6.6577,6.6577,6.6577,6.6577,6.6577,6.6577,6.6577,6.6577,6.6577,6.6577,6.6577,6.6577,6.6577,6.6577,6.6577,6.6577,6.6577,6.6577,6.6577,6.6577,6.6577,6.6577,6.6577,6.6577,6.6577,6.6577,6.6577,6.6577,6.6577,6.6577,6.6577,6.6577,6.6577,6.6577,6.6577,6.6577,6.6577,6.6577,6.6577,6.6577,6.6577,6.6577,6.6577,6.6577,6.6577,6.6577,6.6577,6.6577,6.6577,6.6577,6.6577,6.6577,6.6577,6.6577,6.6577,6.6577,6.6577,6.6577,6.6577,6.6577,6.6577,6.6577,6.6577,6.6577,6.6577,6.6577,6.6577,6.6577,6.6577,6.6577,6.6577,6.6577,6.6577,6.6577,6.6577,6.6577,6.6577,6.6577,6.6577,6.6577,6.6577,6.6577,6.6577,6.6577,6.6577,6.6577,6.6577,6.6577,6.6577,6.6577,6.6577,6.6577,6.6577,6.6577,6.6577,6.6577,6.6577,6.6577,6.6577,6.6577,6.6577,6.6577,6.6577,6.6577,6.6577,6.6577,6.6577,6.6577,6.6577,6.6577,6.6577,6.6577,6.6577,6.6577,6.6577,6.6577,6.6577,6.6577,6.6577,6.6577,6.6577,6.6577,6.6577,6.6577,6.6577,6.6577,6.6577,6.6577,6.6577,6.6577,6.6577,6.6577,6.6577,6.6577,6.6577,6.6577,6.6577,6.6577,6.6577,6.6577,6.6577,6.6577,6.6577,6.6577,6.6577,6.6577,6.6577,6.6577,6.6577,6.6577,6.6577,6.6577,6.6577,6.6577,6.6577,6.6577,6.6577,6.6577,6.6577,6.6577,6.6577,6.6577,6.6577,6.6577,6.6577,6.6577,6.6577,6.6577,6.6577,6.6577,6.6577,6.6577,6.6577,6.6577,6.6577,6.6577,6.6577,6.6577,6.6577,6.6577,6.6577,6.6577,6.6577,6.6577,6.6577,6.6577,6.6577,6.6577,6.6577,6.6577,6.6577,6.6577,6.6577,6.6577,6.6577,6.6577,6.6577,6.6577,6.6577,6.6577,6.6577,6.6577,6.6577,6.6577,6.6577,6.6577,6.6577,6.6577,6.6577,6.6577,6.6577,6.6577,6.6577,6.6577,6.6577,6.6577,6.6577,6.6577,6.6577,6.6577,6.6577,6.6577,6.6577,6.6577,6.6577,6.6577,6.6577,6.6577,6.6577,6.6577,6.6577,6.6577,6.6577,6.6577,6.6577,6.6577,6.6577,6.6577,6.6577,6.6577,6.6577,6.6577,6.6577,6.6577,6.6577,6.6577,6.6577,6.6577,6.6577,6.6577,6.6577,6.6577,6.6577,6.6577,6.6577,6.6577,6.6577,6.6577,6.6577,6.6577,6.6577,6.6577,6.6577,6.6577,6.6577,6.6577,6.6577,6.6577,6.6577,6.6577,6.6577,6.6577,6.6577,6.6577,6.6577,6.6577,6.6577,6.6577,6.6577,6.6577,6.6577,6.6577,6.6577,6.6577,6.6577,6.6577,6.6577,6.6577,6.6577,6.6577,6.6577,6.6577,6.6577,6.6577,6.6577,6.6577,6.6577,6.6577,6.6577,6.6577,6.6577,6.6577,6.6577,6.6577,6.6577,6.6577,6.6577,6.6577,6.6577,6.6577,6.6577,6.6577,6.6577,6.6577,6.6577,6.6577,6.6577,6.6577,6.6577,6.6577,6.6577,6.6577,6.6577,6.6577,6.6577,6.6577,6.6577,6.6577,6.6577,6.6577,6.6577,6.6577,6.6577,6.6577,6.6577,6.6577,6.6577,6.6577,6.6577,6.6577,6.6577,6.6577,6.6577,6.6577,6.6577,6.6577,6.6577,6.6577,6.6577,6.6577,6.6577,6.6577,6.6577,6.6577,6.6577,6.6577,6.6577,6.6577,6.6577,6.6577,6.6577,6.6582,6.6582,6.6582,6.6582,6.6582,6.6582,6.6582,6.6582,6.6582,6.6582,6.6582,6.6582,6.6582,6.6582,6.6582,6.6582,6.6582,6.6582,6.6582,6.6582,6.6582,6.6582,6.6582,6.6582,6.6582,6.6582,6.6582,6.6582,6.6582,6.6582,6.6582,6.6582,6.6582,6.6582,6.6582,6.6582,6.6582,6.6582,6.6582,6.6582,6.6582,6.6582,6.6582,6.6582,6.6582,6.6582,6.6582,6.6582,6.6582,6.6582,6.6582,6.6582,6.6582,6.6582,6.6582,6.6582,6.6582,6.6582,6.6582,6.6582,6.6582,6.6582,6.6582,6.6582,6.6582,6.6582,6.6582,6.6582,6.6582,6.6582,6.6582,6.6582,6.6582,6.6582,6.6582,6.6582,6.6582,6.6582,6.6582,6.6582,6.6582,6.6582,6.6582,6.6582,6.6582,6.6582,6.6582,6.6582,6.6582,6.6582,6.6582,6.6582,6.6582,6.6582,6.6582,6.6582,6.6582,6.6582,6.6582,6.6582,6.6582,6.6582,6.6582,6.6582,6.6582,6.6582,6.6582,6.6582,6.6582,6.6582,6.6582,6.6582,6.6582,6.6582,6.6582,6.6582,6.6582,6.6582,6.6582,6.6582,6.6582,6.6582,6.6582,6.6582,6.6582,6.6582,6.6582,6.6582,6.6582,6.6582,6.6582,6.6582,6.6582,6.6582,6.6582,6.6582,6.6582,6.6582,6.6582,6.6582,6.6582,6.6582,6.6582,6.6582,6.6582,6.6582,6.6582,6.6582,6.6582,6.6582,6.6582,6.6582,6.6582,6.6582,6.6582,6.6582,6.6582,6.6582,6.6582,6.6582,6.6582,6.6582,6.6582,6.6582,6.6582,6.6582,6.6582,6.6582,6.6582,6.6582,6.6582,6.6582,6.6582,6.6582,6.6582,6.6582,6.6582,6.6582,6.6582,6.6582,6.6582,6.6582,6.6582,6.6582,6.6582,6.6582,6.6582,6.6582,6.6582,6.6582,6.6582,6.6582,6.6582,6.6582,6.6582,6.6582,6.6582,6.6582,6.6582,6.6582,6.6582,6.6582,6.6582,6.6582,6.6582,6.6582,6.6582,6.6582,6.6582,6.6582,6.6582,6.6582,6.6582,6.6582,6.6582,6.6582,6.6582,6.6582,6.6582,6.6582,6.6582,6.6582,6.6582,6.6582,6.6582,6.6582,6.6582,6.6582,6.6582,6.6582,6.6582,6.6582,6.6582,6.6582,6.6582,6.6582,6.6582,6.6582,6.6582,6.6582,6.6582,6.6582,6.6582,6.6582,6.6582,6.6582,6.6582,6.6582,6.6582,6.6582,6.6582,6.6582,6.6582,6.6582,6.6582,6.6582,6.6582,6.6582,6.6582,6.6582,6.6582,6.6582,6.6582,6.6582,6.6582,6.6582,6.6582,6.6582,6.6582,6.6582,6.6582,6.6582,6.6582,6.6582,6.6582,6.6582,6.6582,6.6582,6.6582,6.6582,6.6582,6.6582,6.6582,6.6582,6.6582,6.6582,6.6582,6.6582,6.6582,6.6582,6.6582,6.6582,6.6582,6.6582,6.6582,6.6582,6.6582,6.6582,6.6582,6.6582,6.6582,6.6582,6.6582,6.6582,6.6582,6.6582,6.6582,6.6582,6.6582,6.6582,6.6582,6.6582,6.6582,6.6582,6.6582,6.6582,6.6582,6.6582,6.6582,6.6582,6.6582,6.6582,6.6582,6.6582,6.6582,6.6582,6.6582,6.6582,6.6582,6.6582,6.6582,6.6582,6.6582,6.6582,6.6582,6.6582,6.6582,6.6582,6.6582,6.6582,6.6582,6.6582,6.6582,6.6582,6.6582,6.6582,6.6582,6.6582,6.6582,6.6582,6.6582,6.6582,6.6582,6.6582,6.6582,6.6582,6.6582,6.6582,6.6582,6.6582,6.6582,6.6582,6.6582,6.6582,6.6582,6.6582,6.6582,6.6582,6.6582,6.6582,6.6582,6.6582,6.6582,6.6582,6.6582,6.6582,6.6582,6.6582,6.6582,6.6582,6.6582,6.6582,6.6582,6.6582,6.6582,6.6582,6.6582,6.6582,6.6582,6.6582,6.6582,6.6582,6.6582,6.6582,6.6582,6.6582,6.6582,6.6582,6.6582,6.6582,6.6582,6.6582,6.6582,6.6582,6.6582,6.6582,6.6582,6.6582,6.6582,6.6582,6.6582,6.6582,6.6582,6.6582,6.6582,6.6582,6.6582,6.6582,6.6582,6.6582,6.6582,6.6582,6.6582,6.6582,6.6582,6.6582,6.6582,6.6582,6.6582,6.6582,6.6582,6.6582,6.6582,6.6582,6.6582,6.6582,6.6582,6.6582,6.6582,6.6582,6.6582,6.6582,6.6582,6.6582,6.6582,6.6582,6.6582,6.6582,6.6582,6.6582,6.6582,6.6582,6.6582,6.6582,6.6582,6.6582,6.6582,6.6582
6.6535,6.6535,6.6535,6.6535,6.6535,6.6535,6.6535,6.6535,6.6535,6.6535,6.6535,6.6535,6.6535,6.6535,6.6535,6.6535,6.6535,6.6535,6.6535,6.6535,6.6535,6.6535,6.6535,6.6535,6.6535,6.6535,6.6535,6.6535,6.6535,6.6535,6.6535,6.6535,6.6535,6.6535,6.6535,6.6535,6.6535,6.6535,6.6535,6.6535,6.6535,6.6535,6.6535,6.6535,6.6535,6.6535,6.6535,6.6535,6.6535,6.6535,6.6535,6.6535,6.6535,6.6535,6.6535,6.6535,6.6535,6.6535,6.6535,6.6535,6.6535,6.6535,6.6535,6.6535,6.6535,6.6535,6.6535,6.6535,6.6535,6.6535,6.6535,6.6535,6.6535,6.6535,6.6535,6.6535,6.6535,6.6535,6.6535,6.6535,6.6535,6.6535,6.6535,6.6535,6.6535,6.6535,6.6535,6.6535,6.6535,6.6535,6.6535,6.6535,6.6535,6.6535,6.6535,6.6535,6.6535,6.6535,6.6535,6.6535,6.6535,6.6535,6.6535,6.6535,6.6535,6.6535,6.6535,6.6535,6.6535,6.6535,6.6535,6.6535,6.6535,6.6535,6.6535,6.6535,6.6535,6.6535,6.6535,6.6535,6.6535,6.6535,6.6535,6.6535,6.6535,6.6535,6.6535,6.6535,6.6535,6.6535,6.6535,6.6535,6.6535,6.6535,6.6535,6.6535,6.6535,6.6535,6.6535,6.6535,6.6535,6.6535,6.6535,6.6535,6.6535,6.6535,6.6535,6.6535,6.6535,6.6535,6.6535,6.6535,6.6535,6.6535,6.6535,6.6535,6.6535,6.6535,6.6535,6.6535,6.6535,6.6535,6.6535,6.6535,6.6535,6.6535,6.6535,6.6535,6.6535,6.6535,6.6535,6.6535,6.6535,6.6535,6.6535,6.6535,6.6535,6.6535,6.6535,6.6535,6.6535,6.6535,6.6535,6.6535,6.6535,6.6535,6.6535,6.6535,6.6535,6.6535,6.6535,6.6535,6.6535,6.6535,6.6535,6.6535,6.6535,6.6535,6.6535,6.6535,6.6535,6.6535,6.6535,6.6535,6.6535,6.6535,6.6535,6.6535,6.6535,6.6535,6.6535,6.6535,6.6535,6.6535,6.6535,6.6535,6.6535,6.6535,6.6535,6.6535,6.6535,6.6535,6.6535,6.6535,6.6535,6.6535,6.6535,6.6535,6.6535,6.6535,6.6535,6.6535,6.6535,6.6535,6.6535,6.6535,6.6535,6.6535,6.6535,6.6535,6.6535,6.6535,6.6535,6.6535,6.6535,6.6535,6.6535,6.6535,6.6535,6.6535,6.6535,6.6535,6.6535,6.6535,6.6535,6.6535,6.6535,6.6535,6.6535,6.6535,6.6535,6.6535,6.6535,6.6535,6.6535,6.6535,6.6535,6.6535,6.6535,6.6535,6.6535,6.6535,6.6535,6.6535,6.6535,6.6535,6.6535,6.6535,6.6535,6.6535,6.6535,6.6535,6.6535,6.6535,6.6535,6.6535,6.6535,6.6535,6.6535,6.6535,6.6535,6.6535,6.6535,6.6535,6.6535,6.6535,6.6535,6.6535,6.6535,6.6535,6.6535,6.6535,6.6535,6.6535,6.6535,6.6535,6.6535,6.6535,6.6535,6.6535,6.6529,6.6529,6.6529,6.6529,6.6529,6.6529,6.6529,6.6529,6.6529,6.6529,6.6529,6.6529,6.6529,6.6529,6.6529,6.6529,6.6529,6.6529,6.6529,6.6529,6.6529,6.6529,6.6529,6.6529,6.6529,6.6529,6.6529,6.6529,6.6529,6.6529,6.6529,6.6529,6.6529,6.6529,6.6529,6.6529,6.6529,6.6529,6.6529,6.6529,6.6529,6.6529,6.6529,6.6529,6.6529,6.6529,6.6529,6.6529,6.6529,6.6529,6.6529,6.6529,6.6529,6.6529,6.6529,6.6529,6.6529,6.6529,6.6529,6.6529,6.6529,6.6529,6.6529,6.6529,6.6529,6.6529,6.6529,6.6529,6.6529,6.6529,6.6529,6.6529,6.6529,6.6529,6.6529,6.6529,6.6529,6.6529,6.6529,6.6529,6.6529,6.6529,6.6529,6.6529,6.6529,6.6529,6.6529,6.6529,6.6529,6.6529,6.6529,6.6529,6.6529,6.6529,6.6529,6.6529,6.6529,6.6529,6.6529,6.6529,6.6529,6.6529,6.6529,6.6529,6.6529,6.6529,6.6529,6.6529,6.6529,6.6529,6.6529,6.6529,6.6529,6.6529,6.6529,6.6529,6.6529,6.6529,6.6529,6.6529,6.6529,6.6529,6.6529,6.6529,6.6529,6.6529,6.6529,6.6529,6.6529,6.6529,6.6529,6.6529,6.6529,6.6529,6.6529,6.6529,6.6529,6.6529,6.6529,6.6529,6.6529,6.6529,6.6529,6.6529,6.6529,6.6529,6.6529,6.6529,6.6529,6.6529,6.6529,6.6529,6.6529,6.6529,6.6529,6.6529,6.6529,6.6529,6.6529,6.6529,6.6529,6.6529,6.6529,6.6529,6.6529,6.6529,6.6529,6.6529,6.6529,6.6529,6.6529,6.6529,6.6529,6.6529,6.6529,6.6529,6.6529,6.6529,6.6529,6.6529,6.6529,6.6529,6.6529,6.6529,6.6529,6.6529,6.6529,6.6529,6.6529,6.6529,6.6529,6.6529,6.6529,6.6529,6.6529,6.6529,6.6529,6.6529,6.6529,6.6529,6.6529,6.6529,6.6529,6.6529,6.6529,6.6529,6.6529,6.6529,6.6529,6.6529,6.6529,6.6529,6.6529,6.6529,6.6529,6.6529,6.6529,6.6529,6.6529,6.6529,6.6529,6.6529,6.6529,6.6529,6.6529,6.6529,6.6529,6.6529,6.6529,6.6529,6.6529,6.6529,6.6529,6.6529,6.6529,6.6529,6.6529,6.6529,6.6529,6.6529,6.6529,6.6529,6.6529,6.6529,6.6529,6.6529,6.6529,6.6529,6.6529,6.6529,6.6529,6.6529,6.6529,6.6529,6.6529,6.6529,6.6529,6.6529,6.6529,6.6529,6.6529,6.6529,6.6529,6.6529,6.6529,6.6529,6.6529,6.6529,6.6529,6.6529,6.6529,6.6529,6.6529,6.6529,6.6529,6.6529,6.6529,6.6529,6.6529,6.6529,6.6529,6.6529,6.6529,6.6529,6.6529,6.6529,6.6529,6.6529,6.6529,6.6529,6.6529,6.6529,6.6529,6.6529,6.6529,6.6529,6.6529,6.6529,6.6529,6.6529,6.6529,6.6529,6.6529,6.6529,6.6529,6.6529,6.6529,6.6529,6.6529,6.6529,6.6529,6.6529,6.6529,6.6529,6.6529,6.6529,6.6529,6.6529,6.6529,6.6529,6.6529,6.6529,6.6529,6.6529,6.6529,6.6529,6.6529,6.6529,6.6529,6.6529,6.6529,6.6529,6.6529,6.6529,6.6529,6.6529,6.6529,6.6529,6.6529,6.6529,6.6529,6.6529,6.6529,6.6529,6.6529,6.6529,6.6529,6.6529,6.6529,6.6529,6.6529,6.6529,6.6529,6.6529,6.6529,6.6529,6.6529,6.6529,6.6529,6.6529,6.6529,6.6529,6.6529,6.6529,6.6529,6.6529,6.6529,6.6529,6.6529,6.6529,6.6529,6.6529,6.6529,6.6529,6.6529,6.6529,6.6529,6.6529,6.6529,6.6529,6.6529,6.6529,6.6529,6.6529,6.6529,6.6529,6.6529,6.6529,6.6529,6.6529,6.6529,6.6529,6.6529,6.6529,6.6529,6.6529,6.6529,6.6529,6.6529,6.6529,6.6529,6.6529,6.6529,6.6529,6.6529,6.6529,6.6529,6.6529,6.6529,6.6529,6.6529,6.6529,6.6529,6.6529,6.6529,6.6529,6.6529,6.6529,6.6529,6.6529,6.6529,6.6529,6.6529,6.6529,6.6529,6.6529,6.6529,6.6529,6.6529,6.6529,6.6529,6.6529,6.6529,6.6529,6.6529,6.6529,6.6529,6.6529,6.6529,6.6529,6.6529,6.6529,6.6529,6.6529,6.6529,6.6529,6.6529,6.6529,6.6529,6.6529,6.6529,6.6529,6.6529,6.6529,6.6529,6.6529,6.6529,6.6529,6.6529,6.6529,6.6529,6.6529,6.6529,6.6529,6.6529,6.6529,6.6529,6.6529,6.6529,6.6529,6.6529,6.6529,6.6529,6.6529,6.6529,6.6529,6.6529,6.6529,6.6529,6.6529,6.6529,6.6529,6.6529,6.6529,6.6529,6.6529,6.6529,6.6529,6.6529,6.6529,6.6529,6.6529,6.6529,6.6529,6.6529,6.6529,6.6529,6.6529,6.6529,6.6529,6.6529,6.6529,6.6529,6.6529,6.6529,6.6529,6.6529,6.6529,6.6529,6.6529,6.6529,6.6529,6.6529,6.6529,6.6529,6.6529,6.6529,6.6529,6.6529,6.6529,6.6529,6.6529,6.6529,6.6529,6.6529,6.6529,6.6529,6.6529,6.6529,6.6529,6.6529,6.6529,6.6529,6.6529,6.6529,6.6529,6.6529,6.6529,6.6529,6.6529,6.6529,6.6529,6.6529,6.6529,6.6529,6.6529,6.6529,6.6529,6.6529,6.6529,6.6529,6.6529,6.6529,6.6529,6.6529,6.6529,6.6529,6.6529,6.6529,6.6529,6.6529,6.6529,6.6529,6.6529,6.6529,6.6529,6.6529,6.6529,6.6529,6.6529,6.6529,6.6529,6.6529,6.6529,6.6529,6.6529,6.6529,6.6529,6.6529,6.6529,6.6529,6.6529,6.6529,6.6529,6.6529,6.6529,6.6529,6.6529,6.6529,6.6529,6.6529,6.6529,6.6529,6.6529,6.6529,6.6529,6.6529,6.6529,6.6529,6.6529,6.6529,6.6529,6.6529,6.6529,6.6529,6.6529,6.6529,6.6529,6.6529,6.6529,6.6529,6.6529,6.6529,6.6529,6.6529,6.6529,6.6529,6.6529,6.6529,6.6529,6.6529,6.6529,6.6529,6.6529,6.6529,6.6529,6.6529,6.6529,6.6529,6.6529,6.6529,6.6529,6.6529,6.6529,6.6529,6.6529,6.6529,6.6529,6.6529,6.6529,6.6529,6.6529,6.6529,6.6529,6.6529,6.6529,6.6529,6.6529,6.6529,6.6529
6.6485,6.6485,6.6485,6.6485,6.6485,6.6485,6.6485,6.6485,6.6485,6.6485,6.6485,6.6485,6.6485,6.6485,6.6485,6.6485,6.6485,6.6485,6.6485,6.6485,6.6485,6.6485,6.6485,6.6485,6.6485,6.6485,6.6485,6.6485,6.6485,6.6485,6.6485,6.6485,6.6485,6.6485,6.6485,6.6485,6.6485,6.6485,6.6485,6.6485,6.6485,6.6485,6.6485,6.6485,6.6485,6.6485,6.6485,6.6485,6.6485,6.6485,6.6485,6.6485,6.6485,6.6485,6.6485,6.6485,6.6485,6.6485,6.6485,6.6485,6.6485,6.6485,6.6485,6.6485,6.6485,6.6485,6.6485,6.6485,6.6485,6.6485,6.6485,6.6485,6.6485,6.6485,6.6485,6.6485,6.6485,6.6485,6.6485,6.6485,6.6485,6.6485,6.6485,6.6485,6.6485,6.6485,6.6485,6.6485,6.6485,6.6485,6.6485,6.6485,6.6485,6.6485,6.6485,6.6485,6.6485,6.6485,6.6485,6.6485,6.6485,6.6485,6.6485,6.6485,6.6485,6.6485,6.6485,6.6485,6.6485,6.6485,6.6485,6.6485,6.6485,6.6485,6.6485,6.6485,6.6485,6.6485,6.6485,6.6485,6.6485,6.6485,6.6485,6.6485,6.6485,6.6485,6.6485,6.6485,6.6485,6.6485,6.6485,6.6485,6.6485,6.6485,6.6485,6.6485,6.6485,6.6485,6.6485,6.6485,6.6485,6.6485,6.6485,6.6485,6.6485,6.6485,6.6485,6.6485,6.6485,6.6485,6.6485,6.6485,6.6485,6.6485,6.6485,6.6485,6.6485,6.6485,6.6485,6.6485,6.6485,6.6485,6.6485,6.6485,6.6485,6.6485,6.6485,6.6485,6.6485,6.6485,6.6485,6.6485,6.6485,6.6485,6.6485,6.6485,6.6485,6.6485,6.6485,6.6485,6.6485,6.6485,6.6485,6.6485,6.6485,6.6485,6.6485,6.6485,6.6485,6.6485,6.6485,6.6485,6.6485,6.6485,6.6485,6.6485,6.6485,6.6485,6.6485,6.6485,6.6485,6.6485,6.6485,6.6485,6.6485,6.6485,6.6485,6.6485,6.6485,6.6485,6.6485,6.6485,6.6485,6.6485,6.6485,6.6485,6.6485,6.6485,6.6485,6.6485,6.6485,6.6485,6.6485,6.6485,6.6485,6.6485,6.6485,6.6485,6.6485,6.6485,6.6485,6.6485,6.6485,6.6485,6.6485,6.6485,6.6485,6.6485,6.6485,6.6485,6.6485,6.6485,6.6485,6.6485,6.6485,6.6485,6.6485,6.6485,6.6485,6.6485,6.6485,6.6485,6.6485,6.6485,6.6485,6.6485,6.6485,6.6485,6.6485,6.6485,6.6485,6.6485,6.6485,6.6485,6.6485,6.6485,6.6485,6.6485,6.6485,6.6485,6.6485,6.6485,6.6485,6.6485,6.6485,6.6485,6.6485,6.6485,6.6485,6.6485,6.6485,6.6485,6.6485,6.6485,6.6485,6.6485,6.6485,6.6485,6.6485,6.6485,6.6485,6.6485,6.6485,6.6485,6.6485,6.6485,6.6485,6.6485,6.6485,6.6485,6.6485,6.6485,6.6485,6.6485,6.6485,6.6485,6.6485,6.6485,6.6485,6.6485,6.6485,6.6485,6.6485,6.6485,6.6485,6.6485,6.6485,6.6485,6.6485,6.6485,6.6485,6.6485,6.6485,6.6485,6.6485,6.6485,6.6485,6.6485,6.6485,6.6485,6.6485,6.6485,6.6485,6.6485,6.6485,6.6485,6.6485,6.6485,6.6485,6.6485,6.6485,6.6485,6.6485,6.6485,6.6485,6.6485,6.6485,6.6485,6.6485,6.6485,6.6485,6.6485,6.6485,6.6485,6.6485,6.6485,6.6485,6.6485,6.6485,6.6485,6.6485,6.6485,6.6485,6.6485,6.6485,6.6485,6.6485,6.6485,6.6485,6.6485,6.6485,6.6485,6.6485,6.6485,6.6485,6.6485,6.6485,6.6485,6.6485,6.6485,6.6485,6.6485,6.6485,6.6485,6.6485,6.6485,6.6485,6.6485,6.6485,6.6485,6.6485,6.6485,6.6485,6.6485,6.6485,6.6485,6.6485,6.6485,6.6485,6.6485,6.6485,6.6485,6.6485,6.6485,6.6485,6.6485,6.6485,6.6485,6.6485,6.6485,6.6485,6.6485,6.6485,6.6485,6.6485,6.6485,6.6485,6.6485,6.6485,6.6485,6.6485,6.6485,6.6485,6.6485,6.6485,6.6485,6.6485,6.6485,6.6485,6.6485,6.6485,6.6485,6.6485,6.6485,6.6485,6.6485,6.6485,6.6485,6.6485,6.6485,6.6485,6.6485,6.6485,6.6485,6.6485,6.6485,6.6485,6.6479,6.6479,6.6479,6.6479,6.6479,6.6479,6.6479,6.6479,6.6479,6.6479,6.6479,6.6479,6.6479,6.6479,6.6479,6.6479,6.6479,6.6479,6.6479,6.6479,6.6479,6.6479,6.6479,6.6479,6.6479,6.6479,6.6479,6.6479,6.6479,6.6479,6.6479,6.6479,6.6479,6.6479,6.6479,6.6479,6.6479,6.6479,6.6479,6.6479,6.6479,6.6479,6.6479,6.6479,6.6479,6.6479,6.6479,6.6479,6.6479,6.6479,6.6479,6.6479,6.6479,6.6479,6.6479,6.6479,6.6479,6.6479,6.6479,6.6479,6.6479,6.6479,6.6479,6.6479,6.6479,6.6479,6.6479,6.6479,6.6479,6.6479,6.6479,6.6479,6.6479,6.6479,6.6479,6.6479,6.6479,6.6479,6.6479,6.6479,6.6479,6.6479,6.6479,6.6479,6.6479,6.6479,6.6479,6.6479,6.6479,6.6479,6.6479,6.6479,6.6479,6.6479,6.6479,6.6479,6.6479,6.6479,6.6479,6.6479,6.6479,6.6479,6.6479,6.6479,6.6479,6.6479,6.6479,6.6479,6.6479,6.6479,6.6479,6.6479,6.6479,6.6479,6.6479,6.6479,6.6479,6.6479,6.6479,6.6479,6.6479,6.6479,6.6479,6.6479,6.6479,6.6479,6.6479,6.6479,6.6479,6.6479,6.6479,6.6479,6.6479,6.6479,6.6479,6.6479,6.6479,6.6479,6.6479,6.6479,6.6479,6.6479,6.6479,6.6479,6.6479,6.6479,6.6479,6.6479,6.6479,6.6479,6.6479,6.6479,6.6479,6.6479,6.6479,6.6479,6.6479,6.6479,6.6479,6.6479,6.6479,6.6479,6.6479,6.6479,6.6479,6.6479,6.6479,6.6479,6.6479,6.6479,6.6479,6.6479,6.6479,6.6479,6.6479,6.6479,6.6479,6.6479,6.6479,6.6479,6.6479,6.6479,6.6479,6.6479,6.6479,6.6479,6.6479,6.6479,6.6479,6.6479,6.6479,6.6479,6.6479,6.6479,6.6479,6.6479,6.6479,6.6479,6.6479,6.6479,6.6479,6.6479,6.6479,6.6479,6.6479,6.6479,6.6479,6.6479,6.6479,6.6479,6.6479,6.6479,6.6479,6.6479,6.6479,6.6479,6.6479,6.6479,6.6479,6.6479,6.6479,6.6479,6.6479,6.6479,6.6479,6.6479,6.6479,6.6479,6.6479,6.6479,6.6479,6.6479,6.6479,6.6479,6.6479,6.6479,6.6479,6.6479,6.6479,6.6479,6.6479,6.6479,6.6479,6.6479,6.6479,6.6479,6.6479,6.6479,6.6479,6.6479,6.6479,6.6479,6.6479,6.6479,6.6479,6.6479,6.6479,6.6479,6.6479,6.6479,6.6479,6.6479,6.6479,6.6479,6.6479,6.6479,6.6479,6.6479,6.6479,6.6479,6.6479,6.6479,6.6479,6.6479,6.6479,6.6479,6.6479,6.6479,6.6479,6.6479,6.6479,6.6479,6.6479,6.6479,6.6479,6.6479,6.6479,6.6479,6.6479,6.6479,6.6479,6.6479,6.6479,6.6479,6.6479,6.6479,6.6479,6.6479,6.6479,6.6479,6.6479,6.6479,6.6479,6.6479,6.6479,6.6479,6.6479,6.6479,6.6479,6.6479,6.6479,6.6479,6.6479,6.6479,6.6479,6.6479,6.6479,6.6479,6.6479,6.6479,6.6479,6.6479,6.6479,6.6479,6.6479,6.6479,6.6479,6.6479,6.6479,6.6479,6.6479,6.6479,6.6479,6.6479,6.6479,6.6479,6.6479,6.6479,6.6479,6.6479,6.6479,6.6479,6.6479,6.6479,6.6479,6.6479,6.6479,6.6479,6.6479,6.6479,6.6479,6.6479,6.6479,6.6479,6.6479,6.6479,6.6479,6.6479,6.6479,6.6479,6.6479,6.6479,6.6479,6.6479,6.6479,6.6479,6.6479,6.6479,6.6479,6.6479,6.6479,6.6479,6.6479,6.6479,6.6479,6.6479,6.6479,6.6479,6.6479,6.6479,6.6479,6.6479,6.6479,6.6479,6.6479,6.6479,6.6479,6.6479,6.6479,6.6479,6.6479,6.6479,6.6479,6.6479,6.6479,6.6479,6.6479,6.6479,6.6479,6.6479,6.6479,6.6479,6.6479,6.6479,6.6479,6.6479,6.6479,6.6479,6.6479,6.6479,6.6479,6.6479,6.6479,6.6479,6.6479,6.6479,6.6479,6.6479,6.6479,6.6479,6.6479,6.6479,6.6479,6.6479,6.6479,6.6479,6.6479,6.6479,6.6479,6.6479,6.6479,6.6479,6.6479,6.6479,6.6479,6.6479,6.6479,6.6479,6.6479,6.6479,6.6479,6.6479,6.6479,6.6479,6.6479,6.6479,6.6479,6.6479,6.6479,6.6479,6.6479,6.6479,6.6479,6.6479,6.6479,6.6479,6.6479,6.6479,6.6479,6.6479,6.6479,6.6479,6.6479,6.6479,6.6479,6.6479,6.6479,6.6479,6.6479,6.6479,6.6479,6.6479,6.6479,6.6479,6.6479,6.6479,6.6479,6.6479,6.6479,6.6479,6.6479,6.6479,6.6479,6.6479,6.6479,6.6479,6.6479,6.6479,6.6479,6.6479,6.6479,6.6479,6.6479,6.6479,6.6479,6.6479,6.6479,6.6479,6.6479,6.6479,6.6479,6.6479,6.6479,6.6479,6.6479,6.6479,6.6479,6.6479,6.6479,6.6479,6.6479,6.6479,6.6479
6.6435,6.6435,6.6435,6.6435,6.6435,6.6435,6.6435,6.6435,6.6435,6.6435,6.6435,6.6435,6.6435,6.6435,6.6435,6.6435,6.6435,6.6435,6.6435,6.6435,6.6435,6.6435,6.6435,6.6435,6.6435,6.6435,6.6435,6.6435,6.6435,6.6435,6.6435,6.6435,6.6435,6.6435,6.6435,6.6435,6.6435,6.6435,6.6435,6.6435,6.6435,6.6435,6.6435,6.6435,6.6435,6.6435,6.6435,6.6435,6.6435,6.6435,6.6435,6.6435,6.6435,6.6435,6.6435,6.6435,6.6435,6.6435,6.6435,6.6435,6.6435,6.6435,6.6435,6.6435,6.6435,6.6435,6.6435,6.6435,6.6435,6.6435,6.6435,6.6435,6.6435,6.6435,6.6435,6.6435,6.6435,6.6435,6.6435,6.6435,6.6435,6.6435,6.6435,6.6435,6.6435,6.6435,6.6435,6.6435,6.6435,6.6435,6.6435,6.6435,6.6435,6.6429,6.6429,6.6429,6.6429,6.6429,6.6429,6.6429,6.6429,6.6429,6.6429,6.6429,6.6429,6.6429,6.6429,6.6429,6.6429,6.6429,6.6429,6.6429,6.6429,6.6429,6.6429,6.6429,6.6429,6.6429,6.6429,6.6429,6.6429,6.6429,6.6429,6.6429,6.6429,6.6429,6.6429,6.6429,6.6429,6.6429,6.6429,6.6429,6.6429,6.6429,6.6429,6.6429,6.6429,6.6429,6.6429,6.6429,6.6429,6.6429,6.6429,6.6429,6.6429,6.6429,6.6429,6.6429,6.6429,6.6429,6.6429,6.6429,6.6429,6.6429,6.6429,6.6429,6.6429,6.6429,6.6429,6.6429,6.6429,6.6429,6.6429,6.6429,6.6429,6.6429,6.6429,6.6429,6.6429,6.6429,6.6429,6.6429,6.6429,6.6429,6.6429,6.6429,6.6429,6.6429,6.6429,6.6429,6.6429,6.6429,6.6429,6.6429,6.6429,6.6429,6.6429,6.6429,6.6429,6.6429,6.6429,6.6429,6.6429,6.6429,6.6429,6.6429,6.6429,6.6429,6.6429,6.6429,6.6429,6.6429,6.6429,6.6429,6.6429,6.6429,6.6429,6.6429,6.6429,6.6429,6.6429,6.6429,6.6429,6.6429,6.6429,6.6429,6.6429,6.6429,6.6429,6.6429,6.6429,6.6429,6.6429,6.6429,6.6429,6.6429,6.6429,6.6429,6.6429,6.6429,6.6429,6.6429,6.6429,6.6429,6.6429,6.6429,6.6429,6.6429,6.6429,6.6429,6.6429,6.6429,6.6429,6.6429,6.6429,6.6429,6.6429,6.6429,6.6429,6.6429,6.6429,6.6429,6.6429,6.6429,6.6429,6.6429,6.6429,6.6429,6.6429,6.6429,6.6429,6.6429,6.6429,6.6429,6.6429,6.6429,6.6429,6.6429,6.6429,6.6429,6.6429,6.6429,6.6429,6.6429,6.6429,6.6429,6.6429,6.6429,6.6429,6.6429,6.6429,6.6429,6.6429,6.6429,6.6429,6.6429,6.6429,6.6429,6.6429,6.6429,6.6429,6.6429,6.6429,6.6429,6.6429,6.6429,6.6429,6.6429,6.6429,6.6429,6.6429,6.6429,6.6429,6.6429,6.6429,6.6429,6.6429,6.6429,6.6429,6.6429,6.6429,6.6429,6.6429,6.6429,6.6429,6.6429,6.6429,6.6429,6.6429,6.6429,6.6429,6.6429,6.6429,6.6429,6.6429,6.6429,6.6429,6.6429,6.6429,6.6429,6.6429,6.6429,6.6429,6.6429,6.6429,6.6429,6.6429,6.6429,6.6429,6.6429,6.6429,6.6429,6.6429,6.6429,6.6429,6.6429,6.6429,6.6429,6.6429,6.6429,6.6429,6.6429,6.6429,6.6429,6.6429,6.6429,6.6429,6.6429,6.6429,6.6429,6.6429,6.6429,6.6429,6.6429,6.6429,6.6429,6.6429,6.6429,6.6429,6.6429,6.6429,6.6429,6.6429,6.6429,6.6429,6.6429,6.6429,6.6429,6.6429,6.6429,6.6429,6.6429,6.6429,6.6429,6.6429,6.6429,6.6429,6.6429,6.6429,6.6429,6.6429,6.6429,6.6429,6.6429,6.6429,6.6429,6.6429,6.6429,6.6429,6.6429,6.6429,6.6429,6.6429,6.6429,6.6429,6.6429,6.6429,6.6429,6.6429,6.6429,6.6429,6.6429,6.6429,6.6429,6.6429,6.6429,6.6429,6.6429,6.6429,6.6429,6.6429,6.6429,6.6429,6.6429,6.6429,6.6429,6.6429,6.6429,6.6429,6.6429,6.6429,6.6429,6.6429,6.6429,6.6429,6.6429,6.6429,6.6429,6.6429,6.6429,6.6429,6.6429,6.6429,6.6429,6.6429,6.6429,6.6429,6.6429,6.6429,6.6429,6.6429,6.6429,6.6429,6.6429,6.6429,6.6429,6.6429,6.6429,6.6429,6.6429,6.6429,6.6429,6.6429,6.6429,6.6429,6.6429,6.6429,6.6429,6.6429,6.6429,6.6429,6.6429,6.6429,6.6429,6.6429,6.6429,6.6429,6.6429,6.6429,6.6429,6.6429,6.6429,6.6429,6.6429,6.6429,6.6429,6.6429,6.6429,6.6429,6.6429,6.6429,6.6429,6.6429,6.6429,6.6429,6.6429,6.6429,6.6429,6.6429,6.6429,6.6429,6.6429,6.6429,6.6429,6.6429,6.6429,6.6429,6.6429,6.6429,6.6429,6.6429,6.6429,6.6429,6.6429,6.6429,6.6429,6.6429,6.6429,6.6429,6.6429,6.6429,6.6429,6.6429,6.6429,6.6429,6.6429,6.6429,6.6429,6.6429,6.6429,6.6429,6.6429,6.6429,6.6429,6.6429,6.6429,6.6429,6.6429,6.6429,6.6429,6.6429,6.6429,6.6429,6.6429,6.6429,6.6429,6.6429,6.6429,6.6429,6.6429,6.6429,6.6429,6.6429,6.6429,6.6429,6.6429,6.6429,6.6429,6.6429,6.6429,6.6429,6.6429,6.6429,6.6429,6.6429,6.6429,6.6429,6.6429,6.6429,6.6429,6.6429,6.6429,6.6429,6.6429,6.6429,6.6429,6.6429,6.6429,6.6429,6.6429,6.6429,6.6429,6.6429,6.6429,6.6429,6.6429,6.6429,6.6429,6.6429,6.6429,6.6429,6.6429,6.6429,6.6429,6.6429,6.6429,6.6429,6.6429,6.6429,6.6429,6.6429,6.6429,6.6429,6.6429,6.6429,6.6429,6.6429,6.6429,6.6429,6.6429,6.6429,6.6429,6.6429,6.6429,6.6429,6.6429,6.6429,6.6429,6.6429,6.6429,6.6429,6.6429,6.6429,6.6429,6.6429,6.6429,6.6429,6.6429,6.6429,6.6429,6.6429,6.6429,6.6429,6.6429,6.6429,6.6429,6.6429,6.6429,6.6429,6.6429,6.6429,6.6429,6.6429,6.6429,6.6429,6.6429,6.6429,6.6429,6.6429,6.6429,6.6429,6.6429,6.6429,6.6429,6.6429,6.6429,6.6429,6.6429,6.6429,6.6429,6.6429,6.6429,6.6429,6.6429,6.6429,6.6429,6.6429,6.6429,6.6429,6.6429,6.6429,6.6429,6.6429,6.6429,6.6429,6.6429,6.6429,6.6429,6.6429,6.6429,6.6429,6.6429,6.6429,6.6429,6.6429,6.6429,6.6429,6.6429,6.6429,6.6429,6.6429,6.6429,6.6429,6.6429,6.6429,6.6429,6.6429,6.6429,6.6429,6.6429,6.6429,6.6429,6.6429,6.6429,6.6429,6.6429,6.6429,6.6429,6.6429,6.6429,6.6429,6.6429,6.6429,6.6429,6.6429,6.6429,6.6429,6.6429,6.6429,6.6429,6.6429,6.6429,6.6429,6.6429,6.6429,6.6429,6.6429,6.6429,6.6429,6.6429,6.6429,6.6429,6.6429,6.6429,6.6429,6.6429,6.6429,6.6429,6.6429,6.6429,6.6429,6.6429,6.6429,6.6429,6.6429,6.6429,6.6429,6.6429,6.6429,6.6429,6.6429,6.6429,6.6429,6.6429,6.6429,6.6429,6.6429,6.6429,6.6429,6.6429,6.6429,6.6429,6.6429,6.6429,6.6429,6.6429,6.6429,6.6429,6.6429,6.6429,6.6429,6.6429,6.6429,6.6429,6.6429,6.6429,6.6429,6.6429,6.6429,6.6429,6.6429,6.6429,6.6429,6.6429,6.6429,6.6429,6.6429,6.6429,6.6429,6.6429,6.6429,6.6429,6.6429,6.6429,6.6429,6.6429,6.6429,6.6429,6.6429,6.6429,6.6429,6.6429,6.6429,6.6429,6.6429,6.6429,6.6429,6.6429,6.6429,6.6429,6.6429,6.6429,6.6429,6.6429,6.6429,6.6429,6.6429,6.6429,6.6429,6.6429,6.6429,6.6429,6.6429,6.6429,6.6429,6.6429,6.6429,6.6429,6.6429,6.6429,6.6429,6.6429,6.6429,6.6429,6.6429,6.6429,6.6429,6.6429,6.6429,6.6429,6.6429,6.6429,6.6429,6.6429,6.6429,6.6429,6.6429,6.6429,6.6429,6.6429,6.6429,6.6429,6.6429,6.6429,6.6429,6.6429,6.6429,6.6429,6.6429,6.6429,6.6429,6.6429,6.6429,6.6429,6.6429,6.6429,6.6429,6.6429,6.6429,6.6429,6.6429,6.6429,6.6429,6.6429,6.6429,6.6429,6.6429,6.6429,6.6429,6.6429,6.6429,6.6429,6.6429,6.6429,6.6429,6.6429,6.6429,6.6429,6.6429,6.6435,6.6435,6.6435,6.6435,6.6435,6.6435,6.6435,6.6435,6.6435,6.6435,6.6435,6.6435,6.6435,6.6435,6.6435,6.6435,6.6435,6.6435,6.6435,6.6435,6.6435,6.6435,6.6435,6.6435,6.6435,6.6435,6.6435,6.6435,6.6435,6.6435,6.6435,6.6435,6.6435,6.6435,6.6435,6.6435,6.6435,6.6435,6.6435,6.6435,6.6435,6.6435,6.6435,6.6435,6.6435,6.6435,6.6435,6.6435,6.6435,6.6435,6.6435,6.6435,6.6435,6.6435,6.6435,6.6435,6.6435,6.6435,6.6435,6.6435,6.6435,6.6435,6.6435,6.6435,6.6435,6.6435,6.6435,6.6435,6.6435,6.6435,6.6435
6.6379,6.6379,6.6379,6.6379,6.6379,6.6379,6.6379,6.6379,6.6379,6.6379,6.6379,6.6379,6.6379,6.6379,6.6379,6.6379,6.6379,6.6379,6.6379,6.6379,6.6379,6.6379,6.6379,6.6379,6.6379,6.6379,6.6379,6.6379,6.6379,6.6379,6.6379,6.6379,6.6379,6.6379,6.6379,6.6379,6.6379,6.6379,6.6379,6.6379,6.6379,6.6379,6.6379,6.6379,6.6379,6.6379,6.6379,6.6379,6.6379,6.6379,6.6379,6.6379,6.6379,6.6379,6.6379,6.6379,6.6379,6.6379,6.6379,6.6379,6.6379,6.6379,6.6379,6.6379,6.6379,6.6379,6.6379,6.6379,6.6379,6.6379,6.6379,6.6379,6.6385,6.6385,6.6385,6.6385,6.6385,6.6385,6.6385,6.6385,6.6385,6.6385,6.6385,6.6385,6.6385,6.6385,6.6385,6.6385,6.6385,6.6385,6.6385,6.6385,6.6385,6.6385,6.6385,6.6385,6.6385,6.6385,6.6385,6.6385,6.6385,6.6385,6.6385,6.6385,6.6385,6.6385,6.6385,6.6385,6.6385,6.6385,6.6385,6.6385,6.6385,6.6385,6.6385,6.6385,6.6385,6.6385,6.6385,6.6385,6.6385,6.6385,6.6385,6.6385,6.6385,6.6385,6.6385,6.6385,6.6385,6.6385,6.6385,6.6385,6.6385,6.6385,6.6385,6.6385,6.6385,6.6385,6.6385,6.6385,6.6385,6.6385,6.6385,6.6385,6.6385,6.6385,6.6385,6.6385,6.6385,6.6385,6.6385,6.6385,6.6385,6.6385,6.6385,6.6385,6.6385,6.6385,6.6385,6.6385,6.6385,6.6385,6.6385,6.6385,6.6385,6.6385,6.6385,6.6385,6.6385,6.6385,6.6385,6.6385,6.6385,6.6385,6.6385,6.6385,6.6385,6.6385,6.6385,6.6385,6.6385,6.6385,6.6385,6.6385,6.6385,6.6385,6.6385,6.6385,6.6385,6.6385,6.6385,6.6385,6.6385,6.6385,6.6385,6.6385,6.6385,6.6385,6.6385,6.6385,6.6385,6.6385,6.6385,6.6385,6.6385,6.6385,6.6385,6.6385,6.6385,6.6385,6.6385,6.6385,6.6385,6.6385,6.6385,6.6385,6.6385,6.6385,6.6385,6.6385,6.6385,6.6385,6.6385,6.6385,6.6385,6.6385,6.6385,6.6385,6.6385,6.6385,6.6385,6.6385,6.6385,6.6385,6.6385,6.6385,6.6385,6.6385,6.6385,6.6385,6.6385,6.6385,6.6385,6.6385,6.6385,6.6385,6.6385,6.6385,6.6385,6.6385,6.6385,6.6385,6.6385,6.6385,6.6385,6.6385,6.6385,6.6385,6.6385,6.6385,6.6385,6.6385,6.6385,6.6385,6.6385,6.6385,6.6385,6.6385,6.6385,6.6385,6.6385,6.6385,6.6385,6.6385,6.6385,6.6385,6.6385,6.6385,6.6385,6.6385,6.6385,6.6385,6.6385,6.6385,6.6385,6.6385,6.6385,6.6385,6.6385,6.6385,6.6385,6.6385,6.6385,6.6385,6.6385,6.6385,6.6385,6.6385,6.6385,6.6385,6.6385,6.6385,6.6385,6.6385,6.6385,6.6385,6.6385,6.6385,6.6385,6.6385,6.6385,6.6385,6.6385,6.6385,6.6385,6.6385,6.6385,6.6385,6.6385,6.6385,6.6385,6.6385,6.6385,6.6385,6.6385,6.6385,6.6385,6.6385,6.6385,6.6385,6.6385,6.6385,6.6385,6.6385,6.6385,6.6385,6.6385,6.6385,6.6385,6.6385,6.6385,6.6385,6.6385,6.6385,6.6385,6.6385,6.6385,6.6385,6.6385,6.6385,6.6385,6.6385,6.6385,6.6385,6.6385,6.6385,6.6385,6.6385,6.6385,6.6385,6.6385,6.6385,6.6385,6.6385,6.6385,6.6385,6.6385,6.6385,6.6385,6.6385,6.6385,6.6385,6.6385,6.6385,6.6385,6.6385,6.6385,6.6385,6.6385,6.6385,6.6385,6.6385,6.6385,6.6385,6.6385,6.6385,6.6385,6.6385,6.6385,6.6385,6.6385,6.6385,6.6385,6.6385,6.6385,6.6385,6.6385,6.6385,6.6385,6.6385,6.6385,6.6385,6.6385,6.6385,6.6385,6.6385,6.6385,6.6385,6.6385,6.6385,6.6385,6.6385,6.6385,6.6385,6.6385,6.6385,6.6385,6.6385,6.6385,6.6385,6.6385,6.6385,6.6385,6.6385,6.6385,6.6385,6.6385,6.6385,6.6385,6.6385,6.6385,6.6385,6.6385,6.6385,6.6385,6.6385,6.6385,6.6385,6.6385,6.6385,6.6385,6.6385,6.6385,6.6385,6.6385,6.6385,6.6385,6.6385,6.6385,6.6385,6.6385,6.6385,6.6385,6.6385,6.6385,6.6385,6.6385,6.6385,6.6385,6.6385,6.6385,6.6385,6.6385,6.6385,6.6385,6.6385,6.6385,6.6385,6.6385,6.6385,6.6385,6.6385,6.6385,6.6385,6.6385,6.6385,6.6385,6.6385,6.6385,6.6385,6.6385,6.6385,6.6385,6.6385,6.6385,6.6385,6.6385,6.6385,6.6385,6.6385,6.6385,6.6385,6.6385,6.6385,6.6385,6.6385,6.6385,6.6385,6.6385,6.6385,6.6385,6.6385,6.6385,6.6385,6.6385,6.6385,6.6385,6.6385,6.6385,6.6385,6.6385,6.6385,6.6385,6.6385,6.6385,6.6385,6.6385,6.6385,6.6385,6.6385,6.6385,6.6385,6.6385,6.6385,6.6385,6.6385,6.6385,6.6385,6.6385,6.6385,6.6385,6.6385,6.6385,6.6385,6.6385,6.6385,6.6385,6.6385,6.6385,6.6385,6.6385,6.6385,6.6385,6.6385,6.6385,6.6385,6.6385,6.6385,6.6385,6.6385,6.6385,6.6385,6.6385,6.6385,6.6385,6.6385,6.6385,6.6385,6.6385,6.6385,6.6385,6.6385,6.6385,6.6385,6.6385,6.6385,6.6385,6.6385,6.6385,6.6385,6.6385,6.6385,6.6385,6.6385,6.6385,6.6385,6.6385,6.6385,6.6385,6.6385,6.6385,6.6385,6.6385,6.6385,6.6385,6.6385,6.6385,6.6385,6.6385,6.6385,6.6385,6.6385,6.6385,6.6385,6.6385,6.6385,6.6385,6.6385,6.6385,6.6385,6.6385,6.6385,6.6385,6.6385,6.6385,6.6385,6.6385,6.6385,6.6385,6.6385,6.6385,6.6385,6.6385,6.6385,6.6385,6.6385,6.6385,6.6385,6.6385,6.6385,6.6385,6.6385,6.6385,6.6385,6.6385,6.6385,6.6385,6.6385,6.6385,6.6385,6.6385,6.6385,6.6385,6.6385,6.6385,6.6385,6.6385,6.6385,6.6385,6.6385,6.6385,6.6385,6.6385,6.6385,6.6385,6.6385,6.6385,6.6385,6.6385,6.6385,6.6385,6.6385,6.6385,6.6385,6.6385,6.6385,6.6385,6.6385,6.6385,6.6385,6.6385,6.6385,6.6385,6.6385,6.6385,6.6385,6.6385,6.6385,6.6385,6.6385,6.6385,6.6385,6.6385,6.6385,6.6385,6.6385,6.6385,6.6385,6.6385,6.6385,6.6385,6.6385,6.6385,6.6385,6.6385,6.6385,6.6385,6.6385,6.6385,6.6385,6.6385,6.6385,6.6385,6.6385,6.6385,6.6385,6.6385,6.6385,6.6385,6.6385,6.6385,6.6385,6.6385,6.6385,6.6385,6.6385,6.6385,6.6385,6.6385,6.6385,6.6385,6.6385,6.6385,6.6385,6.6385,6.6385,6.6385,6.6385,6.6385,6.6385,6.6385,6.6385,6.6385,6.6385,6.6385,6.6385,6.6385,6.6385,6.6385,6.6385,6.6385,6.6385,6.6385,6.6385,6.6385,6.6385,6.6385,6.6385,6.6385,6.6385,6.6385,6.6385,6.6385,6.6385,6.6385,6.6385,6.6385,6.6385,6.6385,6.6385,6.6385,6.6385,6.6385,6.6385,6.6385,6.6385,6.6385,6.6385,6.6385,6.6385,6.6385,6.6385,6.6385,6.6385,6.6385,6.6385,6.6385,6.6385,6.6385,6.6385,6.6385,6.6385,6.6385,6.6385,6.6385,6.6385,6.6385,6.6385,6.6385,6.6385,6.6385,6.6385,6.6385,6.6385,6.6385,6.6385,6.6385,6.6385,6.6385,6.6385,6.6385,6.6385,6.6385,6.6385,6.6385,6.6385,6.6385,6.6385,6.6385,6.6385,6.6385,6.6385,6.6385,6.6385,6.6385,6.6385,6.6385,6.6385,6.6385,6.6385,6.6385,6.6385,6.6385,6.6385,6.6385,6.6385,6.6385,6.6385,6.6385,6.6385,6.6385,6.6385,6.6385,6.6385,6.6385,6.6385,6.6385,6.6385,6.6385,6.6385,6.6385,6.6385,6.6385,6.6385,6.6385,6.6385,6.6385,6.6385,6.6385,6.6385,6.6385,6.6385,6.6385,6.6385,6.6385,6.6385,6.6385,6.6385,6.6385,6.6385,6.6385,6.6385,6.6385,6.6385,6.6385,6.6385,6.6385,6.6385,6.6385,6.6385,6.6385,6.6385,6.6385,6.6385,6.6385,6.6385,6.6385,6.6385,6.6385,6.6385,6.6385,6.6385,6.6385,6.6385,6.6379,6.6379,6.6379,6.6379,6.6379,6.6379,6.6379,6.6379,6.6379,6.6379,6.6379,6.6379,6.6379,6.6379,6.6379,6.6379,6.6379,6.6379,6.6379,6.6379,6.6379,6.6379,6.6379,6.6379,6.6379,6.6379,6.6379,6.6379,6.6379,6.6379,6.6379,6.6379,6.6379,6.6379,6.6379,6.6379,6.6379,6.6379,6.6379,6.6379,6.6379,6.6379,6.6379,6.6379,6.6379,6.6379,6.6379,6.6379,6.6379,6.6379,6.6379,6.6379,6.6379,6.6379,6.6379,6.6379,6.6379,6.6379,6.6379,6.6379,6.6379,6.6379,6.6379,6.6379,6.6379,6.6379,6.6379,6.6379,6.6379,6.6379,6.6379,6.6379,6.6379,6.6379,6.6379,6.6379,6.6379,6.6379,6.6379,6.6379,6.6379,6.6379,6.6379,6.6379,6.6379,6.6379
6.6332,6.6332,6.6332,6.6332,6.6332,6.6332,6.6332,6.6332,6.6332,6.6332,6.6332,6.6332,6.6332,6.6332,6.6332,6.6332,6.6332,6.6332,6.6332,6.6332,6.6332,6.6332,6.6332,6.6332,6.6332,6.6332,6.6332,6.6332,6.6332,6.6332,6.6332,6.6332,6.6332,6.6332,6.6332,6.6332,6.6332,6.6332,6.6332,6.6332,6.6332,6.6332,6.6332,6.6332,6.6332,6.6332,6.6332,6.6332,6.6332,6.6332,6.6332,6.6332,6.6332,6.6332,6.6332,6.6332,6.6332,6.6332,6.6332,6.6332,6.6332,6.6332,6.6332,6.6332,6.6332,6.6332,6.6332,6.6332,6.6332,6.6332,6.6332,6.6332,6.6332,6.6332,6.6332,6.6332,6.6332,6.6332,6.6332,6.6332,6.6332,6.6332,6.6332,6.6332,6.6332,6.6332,6.6332,6.6332,6.6332,6.6332,6.6332,6.6332,6.6332,6.6332,6.6332,6.6332,6.6332,6.6332,6.6332,6.6332,6.6332,6.6332,6.6332,6.6332,6.6332,6.6332,6.6332,6.6332,6.6332,6.6332,6.6332,6.6332,6.6332,6.6332,6.6332,6.6332,6.6332,6.6332,6.6332,6.6332,6.6332,6.6332,6.6332,6.6332,6.6332,6.6332,6.6332,6.6332,6.6332,6.6332,6.6332,6.6332,6.6332,6.6332,6.6332,6.6332,6.6332,6.6332,6.6332,6.6332,6.6332,6.6332,6.6332,6.6332,6.6332,6.6332,6.6332,6.6332,6.6332,6.6332,6.6332,6.6332,6.6332,6.6332,6.6332,6.6332,6.6332,6.6332,6.6332,6.6332,6.6332,6.6332,6.6332,6.6332,6.6332,6.6332,6.6332,6.6332,6.6332,6.6332,6.6332,6.6332,6.6332,6.6332,6.6332,6.6332,6.6332,6.6332,6.6332,6.6332,6.6332,6.6332,6.6332,6.6332,6.6332,6.6332,6.6332,6.6332,6.6332,6.6332,6.6332,6.6332,6.6332,6.6332,6.6332,6.6332,6.6332,6.6332,6.6332,6.6332,6.6332,6.6332,6.6332,6.6332,6.6332,6.6332,6.6332,6.6332,6.6332,6.6332,6.6332,6.6332,6.6332,6.6332,6.6332,6.6332,6.6332,6.6332,6.6332,6.6332,6.6332,6.6332,6.6332,6.6332,6.6332,6.6332,6.6332,6.6332,6.6332,6.6332,6.6332,6.6332,6.6332,6.6332,6.6332,6.6332,6.6332,6.6332,6.6332,6.6332,6.6332,6.6332,6.6332,6.6332,6.6332,6.6332,6.6332,6.6332,6.6332,6.6332,6.6332,6.6332,6.6332,6.6332,6.6332,6.6332,6.6332,6.6332,6.6332,6.6332,6.6332,6.6332,6.6332,6.6332,6.6332,6.6332,6.6332,6.6332,6.6332,6.6332,6.6332,6.6332,6.6332,6.6332,6.6332,6.6332,6.6332,6.6332,6.6332,6.6332,6.6332,6.6332,6.6332,6.6332,6.6332,6.6332,6.6332,6.6332,6.6332,6.6332,6.6332,6.6332,6.6332,6.6332,6.6332,6.6332,6.6332,6.6332,6.6332,6.6332,6.6332,6.6332,6.6332,6.6332,6.6332,6.6332,6.6332,6.6332,6.6332,6.6332,6.6332,6.6332,6.6332,6.6332,6.6332,6.6332,6.6332,6.6332,6.6332,6.6332,6.6332,6.6332,6.6332,6.6332,6.6332,6.6332,6.6332,6.6332,6.6332,6.6332,6.6332,6.6332,6.6332,6.6332,6.6332,6.6332,6.6332,6.6332,6.6332,6.6332,6.6332,6.6332,6.6332,6.6332,6.6332,6.6332,6.6332,6.6332,6.6332,6.6332,6.6332,6.6332,6.6332,6.6332,6.6332,6.6332,6.6332,6.6332,6.6332,6.6332,6.6332,6.6332,6.6332,6.6332,6.6332,6.6332,6.6332,6.6332,6.6332,6.6332,6.6332,6.6332,6.6332,6.6332,6.6332,6.6332,6.6332,6.6332,6.6332,6.6332,6.6332,6.6332,6.6332,6.6332,6.6332,6.6332,6.6332,6.6332,6.6332,6.6332,6.6332,6.6332,6.6332,6.6332,6.6332,6.6332,6.6332,6.6332,6.6332,6.6332,6.6332,6.6332,6.6332,6.6332,6.6332,6.6332,6.6332,6.6332,6.6332,6.6332,6.6332,6.6332,6.6332,6.6332,6.6332,6.6332,6.6332,6.6332,6.6332,6.6332,6.6332,6.6332,6.6332,6.6332,6.6332,6.6332,6.6332,6.6332,6.6332,6.6332,6.6332,6.6332,6.6332,6.6332,6.6332,6.6332,6.6332,6.6332,6.6332,6.6332,6.6332,6.6332,6.6332,6.6332,6.6332,6.6332,6.6332,6.6332,6.6332,6.6332,6.6332,6.6332,6.6332,6.6332,6.6332,6.6332,6.6332,6.6332,6.6332,6.6332,6.6332,6.6332,6.6332,6.6332,6.6332,6.6332,6.6332,6.6332,6.6332,6.6332,6.6332,6.6332,6.6332,6.6332,6.6332,6.6332,6.6332,6.6332,6.6332,6.6332,6.6332,6.6332,6.6332,6.6332,6.6332,6.6332,6.6332,6.6332,6.6332,6.6332,6.6332,6.6332,6.6332,6.6332,6.6332,6.6332,6.6332,6.6332,6.6332,6.6332,6.6332,6.6332,6.6332,6.6332,6.6332,6.6332,6.6332,6.6332,6.6332,6.6332,6.6332,6.6332,6.6332,6.6332,6.6332,6.6332,6.6332,6.6332,6.6332,6.6332,6.6332,6.6332,6.6332,6.6332,6.6332,6.6332,6.6332,6.6332,6.6332,6.6332,6.6332,6.6332,6.6332,6.6332,6.6332,6.6332,6.6332,6.6332,6.6332,6.6332,6.6332,6.6332,6.6332,6.6332,6.6332,6.6332,6.6332,6.6332,6.6332,6.6332,6.6332,6.6332,6.6332,6.6332,6.6332,6.6332,6.6332,6.6332,6.6332,6.6332,6.6332,6.6332,6.6332,6.6332,6.6332,6.6332,6.6332,6.6332,6.6332,6.6332,6.6332,6.6332,6.6332,6.6332,6.6332,6.6332,6.6332,6.6332,6.6332,6.6332,6.6332,6.6332,6.6332,6.6332,6.6332,6.6332,6.6332,6.6332,6.6332,6.6332,6.6332,6.6332,6.6332,6.6332,6.6332,6.6332,6.6332,6.6332,6.6332,6.6332,6.6332,6.6332,6.6332,6.6332,6.6332,6.6332,6.6332,6.6332,6.6332,6.6332,6.6332,6.6332,6.6332,6.6332,6.6332,6.6332,6.6332,6.6332,6.6332,6.6332,6.6332,6.6332,6.6332,6.6332,6.6332,6.6332,6.6332,6.6332,6.6332,6.6332,6.6332,6.6332,6.6332,6.6332,6.6332,6.6332,6.6332,6.6332,6.6332,6.6332,6.6332,6.6332,6.6332,6.6332,6.6332,6.6332,6.6332,6.6332,6.6332,6.6332,6.6332,6.6332,6.6332,6.6332,6.6332,6.6332,6.6332,6.6332,6.6332,6.6332,6.6332,6.6332,6.6332,6.6332,6.6332,6.6332,6.6332,6.6332,6.6332,6.6332,6.6332,6.6332,6.6332,6.6332,6.6332,6.6332,6.6332,6.6332,6.6332,6.6332,6.6332,6.6332,6.6332,6.6332,6.6332,6.6332,6.6332,6.6332,6.6332,6.6332,6.6332,6.6332,6.6332,6.6332,6.6332,6.6332,6.6332,6.6332,6.6332,6.6332,6.6332,6.6332,6.6332,6.6332,6.6332,6.6332,6.6332,6.6332,6.6332,6.6332,6.6332,6.6332,6.6332,6.6332,6.6332,6.6332,6.6332,6.6332,6.6332,6.6332,6.6332,6.6332,6.6332,6.6332,6.6332,6.6332,6.6332,6.6332,6.6332,6.6332,6.6332,6.6332,6.6332,6.6332,6.6332,6.6332,6.6332,6.6332,6.6332,6.6332,6.6332,6.6332,6.6332,6.6332,6.6332,6.6332,6.6332,6.6332,6.6332,6.6332,6.6332,6.6332,6.6332,6.6332,6.6332,6.6332,6.6332,6.6332,6.6332,6.6332,6.6332,6.6332,6.6332,6.6332,6.6332,6.6332,6.6332,6.6332,6.6332,6.6332,6.6332,6.6332,6.6332,6.6332,6.6332,6.6332,6.6332,6.6332,6.6332,6.6332,6.6332,6.6332,6.6332,6.6332,6.6332,6.6332,6.6332,6.6332,6.6332,6.6332,6.6332,6.6332,6.6332,6.6332,6.6332,6.6332,6.6332,6.6332,6.6332,6.6332,6.6332,6.6332,6.6332,6.6332,6.6332,6.6332,6.6332,6.6332,6.6332,6.6332,6.6332,6.6332,6.6332,6.6332,6.6332,6.6332,6.6332,6.6332,6.6332,6.6332,6.6332,6.6332,6.6332,6.6332,6.6332,6.6332,6.6332,6.6332,6.6332,6.6332,6.6332,6.6332,6.6332,6.6332,6.6332,6.6332,6.6332,6.6332,6.6332,6.6332,6.6332,6.6332,6.6332,6.6332,6.6332,6.6332,6.6332,6.6332,6.6332,6.6332,6.6332,6.6332,6.6332,6.6332,6.6332,6.6332,6.6332,6.6332,6.6332,6.6332,6.6332,6.6332,6.6332,6.6332,6.6332,6.6332,6.6332,6.6332,6.6332,6.6332,6.6332,6.6332,6.6332,6.6332,6.6332,6.6332,6.6332,6.6332,6.6332,6.6332,6.6332,6.6332,6.6332,6.6332,6.6332,6.6332,6.6332,6.6332,6.6332,6.6332,6.6332,6.6332,6.6332,6.6332,6.6332,6.6332,6.6332,6.6332,6.6332,6.6332,6.6332,6.6332,6.6332,6.6332,6.6332,6.6332,6.6332,6.6332,6.6332,6.6332,6.6332,6.6332,6.6332,6.6332,6.6332,6.6332,6.6332,6.6332,6.6332,6.6332,6.6332,6.6332,6.6332,6.6332,6.6332,6.6332,6.6332,6.6332,6.6332,6.6332,6.6332,6.6332,6.6332,6.6332,6.6332,6.6332,6.6332,6.6332,6.6332,6.6332,6.6332,6.6332,6.6332,6.6332,6.6332,6.6332,6.6332,6.6332,6.6332,6.6332,6.6332,6.6332,6.6332,6.6332,6.6332,6.6332,6.6332,6.6332,6.6332,6.6332
6.6288,6.6288,6.6288,6.6288,6.6288,6.6288,6.6288,6.6288,6.6288,6.6288,6.6288,6.6288,6.6288,6.6288,6.6288,6.6288,6.6288,6.6288,6.6288,6.6288,6.6288,6.6288,6.6288,6.6288,6.6288,6.6288,6.6288,6.6288,6.6288,6.6288,6.6288,6.6288,6.6283,6.6283,6.6283,6.6283,6.6283,6.6283,6.6283,6.6283,6.6283,6.6283,6.6283,6.6283,6.6283,6.6283,6.6283,6.6283,6.6283,6.6283,6.6283,6.6283,6.6283,6.6283,6.6283,6.6283,6.6283,6.6283,6.6283,6.6283,6.6283,6.6283,6.6283,6.6283,6.6283,6.6283,6.6283,6.6283,6.6283,6.6283,6.6283,6.6283,6.6283,6.6283,6.6283,6.6283,6.6283,6.6283,6.6283,6.6283,6.6283,6.6283,6.6283,6.6283,6.6283,6.6283,6.6283,6.6283,6.6283,6.6283,6.6283,6.6283,6.6283,6.6283,6.6283,6.6283,6.6283,6.6283,6.6283,6.6283,6.6283,6.6283,6.6283,6.6283,6.6283,6.6283,6.6283,6.6283,6.6283,6.6283,6.6283,6.6283,6.6283,6.6283,6.6283,6.6283,6.6283,6.6283,6.6283,6.6283,6.6283,6.6283,6.6283,6.6283,6.6283,6.6283,6.6283,6.6283,6.6283,6.6283,6.6283,6.6283,6.6283,6.6283,6.6283,6.6283,6.6283,6.6283,6.6283,6.6283,6.6283,6.6283,6.6283,6.6283,6.6283,6.6283,6.6283,6.6283,6.6283,6.6283,6.6283,6.6283,6.6283,6.6283,6.6283,6.6283,6.6283,6.6283,6.6283,6.6283,6.6283,6.6283,6.6283,6.6283,6.6283,6.6283,6.6283,6.6283,6.6283,6.6283,6.6283,6.6283,6.6283,6.6283,6.6283,6.6283,6.6283,6.6283,6.6283,6.6283,6.6283,6.6283,6.6283,6.6283,6.6283,6.6283,6.6283,6.6283,6.6283,6.6283,6.6283,6.6283,6.6283,6.6283,6.6283,6.6283,6.6283,6.6283,6.6283,6.6283,6.6283,6.6283,6.6283,6.6283,6.6283,6.6283,6.6283,6.6283,6.6283,6.6283,6.6283,6.6283,6.6283,6.6283,6.6283,6.6283,6.6283,6.6283,6.6283,6.6283,6.6283,6.6283,6.6283,6.6283,6.6283,6.6283,6.6283,6.6283,6.6283,6.6283,6.6283,6.6283,6.6283,6.6283,6.6283,6.6283,6.6283,6.6283,6.6283,6.6283,6.6283,6.6283,6.6283,6.6283,6.6283,6.6283,6.6283,6.6283,6.6283,6.6283,6.6283,6.6283,6.6283,6.6283,6.6283,6.6283,6.6283,6.6283,6.6283,6.6283,6.6283,6.6283,6.6283,6.6283,6.6283,6.6283,6.6283,6.6283,6.6283,6.6283,6.6283,6.6283,6.6283,6.6283,6.6283,6.6283,6.6283,6.6283,6.6283,6.6283,6.6283,6.6283,6.6283,6.6283,6.6283,6.6283,6.6283,6.6283,6.6283,6.6283,6.6283,6.6283,6.6283,6.6283,6.6283,6.6283,6.6283,6.6283,6.6283,6.6283,6.6283,6.6283,6.6283,6.6283,6.6283,6.6283,6.6283,6.6283,6.6283,6.6283,6.6283,6.6283,6.6283,6.6283,6.6283,6.6283,6.6283,6.6283,6.6283,6.6283,6.6283,6.6283,6.6283,6.6283,6.6283,6.6283,6.6283,6.6283,6.6283,6.6283,6.6283,6.6283,6.6283,6.6283,6.6283,6.6283,6.6283,6.6283,6.6283,6.6283,6.6283,6.6283,6.6283,6.6283,6.6283,6.6283,6.6283,6.6283,6.6283,6.6283,6.6283,6.6283,6.6283,6.6283,6.6283,6.6283,6.6283,6.6283,6.6283,6.6283,6.6283,6.6283,6.6283,6.6283,6.6283,6.6283,6.6283,6.6283,6.6283,6.6283,6.6283,6.6283,6.6283,6.6283,6.6283,6.6283,6.6283,6.6283,6.6283,6.6283,6.6283,6.6283,6.6283,6.6283,6.6283,6.6283,6.6283,6.6283,6.6283,6.6283,6.6283,6.6283,6.6283,6.6283,6.6283,6.6283,6.6283,6.6283,6.6283,6.6283,6.6283,6.6283,6.6283,6.6283,6.6283,6.6283,6.6283,6.6283,6.6283,6.6283,6.6283,6.6283,6.6283,6.6283,6.6283,6.6283,6.6283,6.6283,6.6283,6.6283,6.6283,6.6283,6.6283,6.6283,6.6283,6.6283,6.6283,6.6283,6.6283,6.6283,6.6283,6.6283,6.6283,6.6283,6.6283,6.6283,6.6283,6.6283,6.6283,6.6283,6.6283,6.6283,6.6283,6.6283,6.6283,6.6283,6.6283,6.6283,6.6283,6.6283,6.6283,6.6283,6.6283,6.6283,6.6283,6.6283,6.6283,6.6283,6.6283,6.6283,6.6283,6.6283,6.6283,6.6283,6.6283,6.6283,6.6283,6.6283,6.6283,6.6283,6.6283,6.6283,6.6283,6.6283,6.6283,6.6283,6.6283,6.6283,6.6283,6.6283,6.6283,6.6283,6.6283,6.6283,6.6283,6.6283,6.6283,6.6283,6.6283,6.6283,6.6283,6.6283,6.6283,6.6283,6.6283,6.6283,6.6283,6.6283,6.6283,6.6283,6.6283,6.6283,6.6283,6.6283,6.6283,6.6283,6.6283,6.6283,6.6283,6.6283,6.6283,6.6283,6.6283,6.6283,6.6283,6.6283,6.6283,6.6283,6.6283,6.6283,6.6283,6.6283,6.6283,6.6283,6.6283,6.6283,6.6283,6.6283,6.6283,6.6283,6.6283,6.6283,6.6283,6.6283,6.6283,6.6283,6.6283,6.6283,6.6283,6.6283,6.6283,6.6283,6.6283,6.6283,6.6283,6.6283,6.6283,6.6283,6.6283,6.6283,6.6283,6.6283,6.6283,6.6283,6.6283,6.6283,6.6283,6.6283,6.6283,6.6283,6.6283,6.6283,6.6283,6.6283,6.6283,6.6283,6.6283,6.6283,6.6283,6.6283,6.6283,6.6283,6.6283,6.6283,6.6283,6.6283,6.6283,6.6283,6.6283,6.6283,6.6283,6.6283,6.6283,6.6283,6.6283,6.6283,6.6283,6.6283,6.6283,6.6283,6.6283,6.6283,6.6283,6.6283,6.6283,6.6283,6.6283,6.6283,6.6283,6.6283,6.6283,6.6283,6.6283,6.6283,6.6283,6.6283,6.6283,6.6283,6.6283,6.6283,6.6283,6.6283,6.6283,6.6283,6.6283,6.6283,6.6283,6.6283,6.6283,6.6283,6.6283,6.6283,6.6283,6.6283,6.6283,6.6283,6.6283,6.6283,6.6283,6.6283,6.6283,6.6283,6.6283,6.6283,6.6283,6.6283,6.6283,6.6283,6.6283,6.6283,6.6283,6.6283,6.6283,6.6283,6.6283,6.6283,6.6283,6.6283,6.6283,6.6283,6.6283,6.6283,6.6283,6.6283,6.6283,6.6283,6.6283,6.6283,6.6283,6.6283,6.6283,6.6283,6.6283,6.6283,6.6283,6.6283,6.6283,6.6283,6.6283,6.6283,6.6283,6.6283,6.6283,6.6283,6.6283,6.6283,6.6283,6.6283,6.6283,6.6283,6.6283,6.6283,6.6283,6.6283,6.6283,6.6283,6.6283,6.6283,6.6283,6.6283,6.6283,6.6283,6.6283,6.6283,6.6283,6.6283,6.6283,6.6283,6.6283,6.6283,6.6283,6.6283,6.6283,6.6283,6.6283,6.6283,6.6283,6.6283,6.6283,6.6283,6.6283,6.6283,6.6283,6.6283,6.6283,6.6283,6.6283,6.6283,6.6283,6.6283,6.6283,6.6283,6.6283,6.6283,6.6283,6.6283,6.6283,6.6283,6.6283,6.6283,6.6283,6.6283,6.6283,6.6283,6.6283,6.6283,6.6283,6.6283,6.6283,6.6283,6.6283,6.6283,6.6283,6.6283,6.6283,6.6283,6.6283,6.6283,6.6283,6.6283,6.6283,6.6283,6.6283,6.6283,6.6283,6.6283,6.6283,6.6283,6.6283,6.6283,6.6283,6.6283,6.6283,6.6283,6.6283,6.6283,6.6283,6.6283,6.6283,6.6283,6.6283,6.6283,6.6283,6.6283,6.6283,6.6283,6.6283,6.6283,6.6283,6.6283,6.6283,6.6283,6.6283,6.6283,6.6283,6.6283,6.6283,6.6283,6.6283,6.6283,6.6283,6.6283,6.6283,6.6283,6.6283,6.6283,6.6283,6.6283,6.6283,6.6283,6.6283,6.6283,6.6283,6.6283,6.6283,6.6283,6.6283,6.6283,6.6283,6.6283,6.6283,6.6283,6.6283,6.6283,6.6283,6.6283,6.6283,6.6283,6.6283,6.6283,6.6283,6.6283,6.6283,6.6283,6.6283,6.6283,6.6283,6.6283,6.6283,6.6283,6.6283,6.6283,6.6283,6.6283,6.6283,6.6283,6.6283,6.6283,6.6283,6.6283,6.6283,6.6283,6.6283,6.6283,6.6283,6.6283,6.6283,6.6288,6.6288,6.6288,6.6288,6.6288,6.6288,6.6288,6.6288,6.6288,6.6288,6.6288,6.6288,6.6288,6.6288,6.6288,6.6288,6.6288,6.6288,6.6288,6.6288,6.6288,6.6288,6.6288,6.6288,6.6288,6.6288,6.6288,6.6288,6.6288,6.6288,6.6288,6.6288,6.6288,6.6288,6.6288,6.6288,6.6288,6.6288,6.6288,6.6288,6.6288,6.6288,6.6288,6.6288,6.6288,6.6288,6.6288,6.6288,6.6288,6.6288,6.6288,6.6288,6.6288,6.6288,6.6288,6.6288,6.6288,6.6288,6.6288,6.6288,6.6288,6.6288,6.6288,6.6288,6.6288,6.6288,6.6288,6.6288,6.6288,6.6288,6.6288,6.6288,6.6288,6.6288,6.6288,6.6288,6.6288,6.6288,6.6288,6.6288,6.6288,6.6288,6.6288,6.6288,6.6288,6.6288,6.6288,6.6288,6.6288,6.6288,6.6288,6.6288,6.6288,6.6288,6.6288,6.6288,6.6288,6.6288,6.6288,6.6288,6.6288,6.6288,6.6288,6.6288,6.6288,6.6288,6.6288,6.6288,6.6288,6.6288,6.6288,6.6288,6.6288
6.6233,6.6233,6.6233,6.6233,6.6233,6.6233,6.6233,6.6233,6.6233,6.6233,6.6233,6.6233,6.6233,6.6233,6.6233,6.6233,6.6233,6.6233,6.6233,6.6233,6.6233,6.6233,6.6233,6.6233,6.6233,6.6233,6.6233,6.6233,6.6233,6.6233,6.6233,6.6233,6.6233,6.6233,6.6233,6.6233,6.6233,6.6233,6.6233,6.6233,6.6233,6.6233,6.6233,6.6233,6.6233,6.6233,6.6233,6.6233,6.6233,6.6233,6.6233,6.6233,6.6233,6.6233,6.6233,6.6233,6.6233,6.6233,6.6233,6.6233,6.6233,6.6233,6.6233,6.6233,6.6233,6.6233,6.6233,6.6233,6.6233,6.6233,6.6233,6.6233,6.6233,6.6233,6.6233,6.6233,6.6233,6.6233,6.6233,6.6233,6.6233,6.6233,6.6233,6.6233,6.6233,6.6233,6.6233,6.6233,6.6233,6.6233,6.6233,6.6233,6.6233,6.6233,6.6233,6.6233,6.6233,6.6233,6.6233,6.6233,6.6233,6.6233,6.6233,6.6233,6.6233,6.6233,6.6233,6.6233,6.6233,6.6233,6.6233,6.6233,6.6233,6.6233,6.6233,6.6233,6.6233,6.6233,6.6233,6.6233,6.6233,6.6233,6.6233,6.6233,6.6233,6.6233,6.6233,6.6233,6.6233,6.6233,6.6233,6.6233,6.6233,6.6233,6.6233,6.6233,6.6233,6.6233,6.6233,6.6233,6.6233,6.6233,6.6233,6.6233,6.6233,6.6233,6.6233,6.6233,6.6233,6.6233,6.6233,6.6233,6.6233,6.6233,6.6233,6.6233,6.6233,6.6233,6.6233,6.6233,6.6233,6.6233,6.6233,6.6233,6.6233,6.6233,6.6233,6.6233,6.6233,6.6233,6.6233,6.6233,6.6233,6.6233,6.6233,6.6233,6.6233,6.6233,6.6233,6.6233,6.6233,6.6233,6.6233,6.6233,6.6233,6.6233,6.6233,6.6233,6.6233,6.6233,6.6233,6.6233,6.6233,6.6233,6.6233,6.6233,6.6233,6.6233,6.6233,6.6233,6.6233,6.6233,6.6233,6.6233,6.6233,6.6233,6.6233,6.6233,6.6233,6.6233,6.6233,6.6233,6.6233,6.6233,6.6233,6.6233,6.6233,6.6233,6.6233,6.6233,6.6233,6.6233,6.6233,6.6233,6.6233,6.6233,6.6233,6.6233,6.6233,6.6233,6.6233,6.6233,6.6233,6.6233,6.6233,6.6233,6.6233,6.6233,6.6233,6.6233,6.6233,6.6233,6.6233,6.6233,6.6233,6.6233,6.6233,6.6233,6.6233,6.6233,6.6233,6.6233,6.6233,6.6233,6.6233,6.6233,6.6233,6.6233,6.6233,6.6233,6.6233,6.6233,6.6233,6.6233,6.6233,6.6233,6.6233,6.6233,6.6233,6.6233,6.6233,6.6233,6.6233,6.6233,6.6233,6.6233,6.6233,6.6233,6.6233,6.6233,6.6233,6.6233,6.6233,6.6233,6.6233,6.6233,6.6233,6.6233,6.6233,6.6233,6.6233,6.6233,6.6233,6.6233,6.6233,6.6233,6.6233,6.6233,6.6233,6.6233,6.6233,6.6233,6.6233,6.6233,6.6233,6.6233,6.6233,6.6233,6.6233,6.6233,6.6233,6.6233,6.6233,6.6233,6.6233,6.6233,6.6233,6.6233,6.6233,6.6233,6.6233,6.6233,6.6233,6.6233,6.6233,6.6233,6.6233,6.6233,6.6233,6.6233,6.6233,6.6233,6.6233,6.6233,6.6233,6.6233,6.6233,6.6233,6.6233,6.6233,6.6233,6.6233,6.6233,6.6233,6.6233,6.6233,6.6233,6.6233,6.6233,6.6233,6.6233,6.6233,6.6233,6.6233,6.6233,6.6233,6.6233,6.6233,6.6233,6.6233,6.6233,6.6233,6.6233,6.6233,6.6233,6.6233,6.6233,6.6233,6.6233,6.6233,6.6233,6.6233,6.6233,6.6233,6.6233,6.6233,6.6233,6.6233,6.6233,6.6233,6.6233,6.6233,6.6233,6.6233,6.6233,6.6233,6.6233,6.6233,6.6233,6.6233,6.6233,6.6233,6.6233,6.6233,6.6233,6.6233,6.6233,6.6233,6.6233,6.6233,6.6233,6.6233,6.6233,6.6233,6.6233,6.6233,6.6233,6.6233,6.6233,6.6233,6.6233,6.6233,6.6233,6.6233,6.6233,6.6233,6.6233,6.6233,6.6233,6.6233,6.6233,6.6233,6.6233,6.6233,6.6233,6.6233,6.6233,6.6233,6.6233,6.6233,6.6233,6.6233,6.6233,6.6233,6.6233,6.6233,6.6233,6.6233,6.6233,6.6233,6.6233,6.6233,6.6233,6.6233,6.6233,6.6233,6.6233,6.6233,6.6233,6.6233,6.6233,6.6233,6.6233,6.6233,6.6233,6.6233,6.6233,6.6233,6.6233,6.6233,6.6233,6.6233,6.6233,6.6233,6.6233,6.6233,6.6233,6.6233,6.6233,6.6233,6.6233,6.6233,6.6233,6.6233,6.6233,6.6233,6.6233,6.6233,6.6233,6.6233,6.6233,6.6233,6.6233,6.6233,6.6233,6.6233,6.6233,6.6233,6.6233,6.6233,6.6233,6.6233,6.6233,6.6233,6.6233,6.6233,6.6233,6.6233,6.6233,6.6233,6.6233,6.6233,6.6233,6.6233,6.6233,6.6233,6.6233,6.6233,6.6233,6.6233,6.6233,6.6233,6.6233,6.6233,6.6233,6.6233,6.6233,6.6233,6.6233,6.6233,6.6233,6.6233,6.6233,6.6233,6.6233,6.6233,6.6233,6.6233,6.6233,6.6233,6.6233,6.6233,6.6233,6.6233,6.6233,6.6233,6.6233,6.6233,6.6233,6.6233,6.6233,6.6233,6.6233,6.6233,6.6233,6.6233,6.6233,6.6233,6.6233,6.6233,6.6233,6.6233,6.6233,6.6233,6.6233,6.6233,6.6233,6.6233,6.6233,6.6233,6.6233,6.6233,6.6233,6.6233,6.6233,6.6233,6.6233,6.6233,6.6233,6.6233,6.6233,6.6233,6.6233,6.6233,6.6233,6.6233,6.6233,6.6233,6.6233,6.6233,6.6233,6.6233,6.6233,6.6233,6.6233,6.6233,6.6233,6.6233,6.6233,6.6233,6.6233,6.6233,6.6233,6.6233,6.6233,6.6233,6.6233,6.6233,6.6233,6.6233,6.6233,6.6233,6.6233,6.6233,6.6233,6.6233,6.6233,6.6233,6.6233,6.6233,6.6233,6.6233,6.6233,6.6233,6.6233,6.6233,6.6233,6.6233,6.6233,6.6233,6.6233,6.6233,6.6233,6.6233,6.6233,6.6233,6.6233,6.6233,6.6233,6.6233,6.6233,6.6233,6.6233,6.6233,6.6233,6.6233,6.6233,6.6233,6.6233,6.6233,6.6233,6.6233,6.6233,6.6233,6.6233,6.6233,6.6233,6.6233,6.6233,6.6233,6.6233,6.6233,6.6233,6.6233,6.6233,6.6233,6.6233,6.6233,6.6233,6.6233,6.6233,6.6233,6.6233,6.6233,6.6233,6.6233,6.6233,6.6233,6.6233,6.6233,6.6233,6.6233,6.6233,6.6233,6.6233,6.6233,6.6233,6.6233,6.6233,6.6233,6.6233,6.6233,6.6233,6.6233,6.6233,6.6233,6.6233,6.6233,6.6233,6.6233,6.6233,6.6233,6.6233,6.6233,6.6233,6.6233,6.6233,6.6233,6.6233,6.6233,6.6233,6.6233,6.6233,6.6233,6.6233,6.6233,6.6233,6.6233,6.6233,6.6233,6.6233,6.6233,6.6233,6.6233,6.6233,6.6233,6.6233,6.6233,6.6233,6.6233,6.6233,6.6233,6.6233,6.6233,6.6233,6.6233,6.6233,6.6233,6.6233,6.6233,6.6233,6.6233,6.6233,6.6233,6.6233,6.6233,6.6233,6.6233,6.6233,6.6233,6.6233,6.6233,6.6233,6.6233,6.6233,6.6233,6.6233,6.6233,6.6233,6.6233,6.6233,6.6233,6.6233,6.6233,6.6233,6.6233,6.6233,6.6233,6.6233,6.6233,6.6233,6.6233,6.6233,6.6233,6.6233,6.6233,6.6233,6.6233,6.6233,6.6233,6.6233,6.6233,6.6233,6.6233,6.6233,6.6233,6.6233,6.6233,6.6233,6.6233,6.6233,6.6233,6.6233,6.6238,6.6238,6.6238,6.6238,6.6238,6.6238,6.6238,6.6238,6.6238,6.6238,6.6238,6.6238,6.6238,6.6238,6.6238,6.6238,6.6238,6.6238,6.6238,6.6238,6.6238,6.6238,6.6238,6.6238,6.6238,6.6238,6.6238,6.6238,6.6238,6.6238,6.6238,6.6238,6.6238,6.6238,6.6238,6.6238,6.6238,6.6238,6.6238,6.6238,6.6238,6.6238,6.6238,6.6238,6.6238,6.6238,6.6238,6.6238,6.6238,6.6238,6.6238,6.6238,6.6238,6.6238,6.6238,6.6238,6.6238,6.6238,6.6238,6.6238,6.6238,6.6238,6.6238,6.6238,6.6238,6.6238,6.6238,6.6238,6.6238,6.6238,6.6238,6.6238,6.6238,6.6238,6.6238,6.6238,6.6238,6.6238,6.6238,6.6238,6.6238,6.6238,6.6238,6.6238,6.6238,6.6238,6.6238,6.6238,6.6238,6.6238,6.6238,6.6238,6.6238,6.6238,6.6238,6.6238,6.6238,6.6238,6.6238,6.6238,6.6238,6.6238,6.6238,6.6238,6.6238,6.6238,6.6238,6.6238,6.6238,6.6238,6.6238,6.6238,6.6238,6.6238,6.6238,6.6238,6.6238,6.6238,6.6238,6.6238,6.6238,6.6238,6.6238,6.6238,6.6238,6.6238,6.6238,6.6238,6.6238,6.6238,6.6238,6.6238,6.6238,6.6238,6.6238,6.6238,6.6238,6.6238,6.6238,6.6238,6.6238,6.6238,6.6238,6.6238,6.6238,6.6238,6.6238,6.6238,6.6238,6.6238,6.6238,6.6238,6.6238,6.6238,6.6238,6.6238,6.6238,6.6238,6.6238,6.6238,6.6238,6.6238,6.6238,6.6238,6.6238,6.6238,6.6238,6.6238,6.6238,6.6238,6.6238,6.6238,6.6238,6.6238,6.6238,6.6238,6.6238
6.6183,6.6183,6.6183,6.6183,6.6183,6.6183,6.6183,6.6183,6.6183,6.6183,6.6183,6.6183,6.6183,6.6183,6.6183,6.6183,6.6183,6.6183,6.6183,6.6183,6.6183,6.6183,6.6183,6.6183,6.6183,6.6183,6.6183,6.6183,6.6183,6.6183,6.6183,6.6183,6.6183,6.6183,6.6183,6.6183,6.6183,6.6183,6.6183,6.6183,6.6183,6.6183,6.6183,6.6183,6.6183,6.6183,6.6183,6.6183,6.6183,6.6183,6.6183,6.6183,6.6183,6.6183,6.6183,6.6183,6.6183,6.6183,6.6183,6.6183,6.6183,6.6183,6.6183,6.6183,6.6183,6.6183,6.6183,6.6183,6.6183,6.6183,6.6183,6.6183,6.6183,6.6183,6.6183,6.6183,6.6183,6.6183,6.6183,6.6183,6.6183,6.6183,6.6183,6.6183,6.6183,6.6183,6.6183,6.6183,6.6183,6.6183,6.6183,6.6183,6.6183,6.6183,6.6183,6.6183,6.6183,6.6183,6.6183,6.6183,6.6183,6.6183,6.6183,6.6183,6.6183,6.6183,6.6183,6.6183,6.6183,6.6183,6.6183,6.6183,6.6183,6.6183,6.6183,6.6183,6.6183,6.6188,6.6188,6.6188,6.6188,6.6188,6.6188,6.6188,6.6188,6.6188,6.6188,6.6188,6.6188,6.6188,6.6188,6.6188,6.6188,6.6188,6.6188,6.6188,6.6188,6.6188,6.6188,6.6188,6.6188,6.6188,6.6188,6.6188,6.6188,6.6188,6.6188,6.6188,6.6188,6.6188,6.6188,6.6188,6.6188,6.6188,6.6188,6.6188,6.6188,6.6188,6.6188,6.6188,6.6188,6.6188,6.6188,6.6188,6.6188,6.6188,6.6188,6.6188,6.6188,6.6188,6.6188,6.6188,6.6188,6.6188,6.6188,6.6188,6.6188,6.6188,6.6188,6.6188,6.6188,6.6188,6.6188,6.6188,6.6188,6.6188,6.6188,6.6188,6.6188,6.6188,6.6188,6.6188,6.6188,6.6188,6.6188,6.6188,6.6188,6.6188,6.6188,6.6188,6.6188,6.6188,6.6188,6.6188,6.6188,6.6188,6.6188,6.6188,6.6188,6.6188,6.6188,6.6188,6.6188,6.6188,6.6188,6.6188,6.6188,6.6188,6.6188,6.6188,6.6188,6.6188,6.6188,6.6188,6.6188,6.6188,6.6188,6.6188,6.6188,6.6188,6.6188,6.6188,6.6188,6.6188,6.6188,6.6188,6.6188,6.6188,6.6188,6.6188,6.6188,6.6188,6.6188,6.6188,6.6188,6.6188,6.6188,6.6188,6.6188,6.6188,6.6188,6.6188,6.6188,6.6188,6.6188,6.6188,6.6188,6.6188,6.6188,6.6188,6.6188,6.6188,6.6188,6.6188,6.6188,6.6188,6.6188,6.6188,6.6188,6.6188,6.6188,6.6188,6.6188,6.6188,6.6188,6.6188,6.6188,6.6188,6.6188,6.6188,6.6188,6.6188,6.6188,6.6188,6.6188,6.6188,6.6188,6.6188,6.6188,6.6188,6.6188,6.6188,6.6188,6.6188,6.6188,6.6188,6.6188,6.6188,6.6188,6.6188,6.6188,6.6188,6.6188,6.6188,6.6188,6.6188,6.6188,6.6188,6.6188,6.6188,6.6188,6.6188,6.6188,6.6188,6.6188,6.6188,6.6188,6.6188,6.6188,6.6188,6.6188,6.6188,6.6188,6.6188,6.6188,6.6188,6.6188,6.6188,6.6188,6.6188,6.6188,6.6188,6.6188,6.6188,6.6188,6.6188,6.6188,6.6188,6.6188,6.6188,6.6188,6.6188,6.6188,6.6188,6.6188,6.6188,6.6188,6.6188,6.6188,6.6188,6.6188,6.6188,6.6188,6.6188,6.6188,6.6188,6.6188,6.6188,6.6188,6.6188,6.6188,6.6188,6.6188,6.6188,6.6188,6.6188,6.6188,6.6188,6.6188,6.6188,6.6188,6.6188,6.6188,6.6188,6.6188,6.6188,6.6188,6.6188,6.6188,6.6188,6.6188,6.6188,6.6188,6.6188,6.6188,6.6188,6.6188,6.6188,6.6188,6.6188,6.6188,6.6188,6.6188,6.6188,6.6188,6.6188,6.6188,6.6188,6.6188,6.6188,6.6188,6.6188,6.6188,6.6188,6.6188,6.6188,6.6188,6.6188,6.6188,6.6188,6.6188,6.6188,6.6188,6.6188,6.6188,6.6188,6.6188,6.6188,6.6188,6.6188,6.6188,6.6188,6.6188,6.6188,6.6188,6.6188,6.6188,6.6188,6.6188,6.6188,6.6188,6.6188,6.6188,6.6188,6.6188,6.6188,6.6188,6.6188,6.6188,6.6188,6.6188,6.6188,6.6188,6.6188,6.6188,6.6188,6.6188,6.6188,6.6188,6.6188,6.6188,6.6188,6.6188,6.6188,6.6188,6.6188,6.6188,6.6188,6.6188,6.6188,6.6188,6.6188,6.6188,6.6188,6.6188,6.6188,6.6188,6.6188,6.6188,6.6188,6.6188,6.6188,6.6188,6.6188,6.6188,6.6188,6.6188,6.6188,6.6188,6.6188,6.6188,6.6188,6.6188,6.6188,6.6188,6.6188,6.6188,6.6188,6.6188,6.6188,6.6188,6.6188,6.6188,6.6188,6.6188,6.6188,6.6188,6.6188,6.6188,6.6188,6.6188,6.6188,6.6188,6.6188,6.6188,6.6188,6.6188,6.6188,6.6188,6.6188,6.6188,6.6188,6.6188,6.6188,6.6188,6.6188,6.6188,6.6188,6.6188,6.6188,6.6188,6.6188,6.6188,6.6188,6.6188,6.6188,6.6188,6.6188,6.6188,6.6188,6.6188,6.6188,6.6188,6.6188,6.6188,6.6188,6.6188,6.6188,6.6188,6.6188,6.6188,6.6188,6.6188,6.6188,6.6188,6.6188,6.6188,6.6188,6.6188,6.6188,6.6188,6.6188,6.6188,6.6188,6.6188,6.6188,6.6188,6.6188,6.6188,6.6188,6.6188,6.6188,6.6188,6.6188,6.6188,6.6188,6.6188,6.6188,6.6188,6.6188,6.6188,6.6188,6.6188,6.6188,6.6188,6.6188,6.6188,6.6188,6.6188,6.6188,6.6188,6.6188,6.6188,6.6188,6.6188,6.6188,6.6188,6.6188,6.6188,6.6188,6.6188,6.6188,6.6188,6.6188,6.6188,6.6188,6.6188,6.6188,6.6188,6.6188,6.6188,6.6188,6.6188,6.6188,6.6188,6.6188,6.6188,6.6188,6.6188,6.6188,6.6188,6.6188,6.6188,6.6188,6.6188,6.6188,6.6188,6.6188,6.6188,6.6188,6.6188,6.6188,6.6188,6.6188,6.6188,6.6188,6.6188,6.6188,6.6188,6.6188,6.6188,6.6188,6.6188,6.6188,6.6188,6.6188,6.6188,6.6188,6.6188,6.6188,6.6188,6.6188,6.6188,6.6188,6.6188,6.6188,6.6188,6.6188,6.6188,6.6188,6.6188,6.6188,6.6188,6.6188,6.6188,6.6188,6.6188,6.6188,6.6188,6.6188,6.6188,6.6188,6.6188,6.6188,6.6188,6.6188,6.6188,6.6188,6.6188,6.6188,6.6188,6.6188,6.6188,6.6188,6.6188,6.6188,6.6188,6.6188,6.6188,6.6188,6.6188,6.6188,6.6188,6.6188,6.6188,6.6188,6.6188,6.6188,6.6188,6.6188,6.6188,6.6188,6.6188,6.6188,6.6188,6.6188,6.6188,6.6188,6.6188,6.6188,6.6188,6.6188,6.6188,6.6188,6.6188,6.6188,6.6188,6.6188,6.6188,6.6188,6.6188,6.6188,6.6188,6.6188,6.6188,6.6188,6.6188,6.6188,6.6188,6.6188,6.6188,6.6188,6.6188,6.6188,6.6188,6.6188,6.6188,6.6188,6.6188,6.6188,6.6188,6.6188,6.6188,6.6188,6.6188,6.6188,6.6188,6.6188,6.6188,6.6188,6.6188,6.6188,6.6188,6.6188,6.6188,6.6188,6.6188,6.6188,6.6188,6.6188,6.6188,6.6188,6.6188,6.6188,6.6188,6.6188,6.6188,6.6188,6.6188,6.6188,6.6188,6.6188,6.6188,6.6188,6.6188,6.6188,6.6188,6.6188,6.6188,6.6188,6.6188,6.6188,6.6188,6.6188,6.6188,6.6188,6.6188,6.6188,6.6188,6.6188,6.6188,6.6188,6.6188,6.6188,6.6188,6.6188,6.6188,6.6188,6.6188,6.6188,6.6188,6.6188,6.6188,6.6188,6.6188,6.6188,6.6188,6.6188,6.6188,6.6188,6.6188,6.6188,6.6188,6.6188,6.6188,6.6188,6.6188,6.6188,6.6188,6.6188,6.6188,6.6188,6.6188,6.6188,6.6188,6.6188,6.6188,6.6188,6.6188,6.6188,6.6188,6.6188,6.6188,6.6188,6.6188,6.6188,6.6188,6.6188,6.6188,6.6188,6.6188,6.6188,6.6188,6.6188,6.6188,6.6188,6.6188,6.6188,6.6188,6.6188,6.6188,6.6188,6.6188,6.6188,6.6188,6.6188,6.6188,6.6188,6.6188,6.6188,6.6188,6.6188,6.6188,6.6188,6.6188,6.6188,6.6188,6.6188,6.6188,6.6188,6.6188,6.6188,6.6188,6.6188,6.6188,6.6188,6.6188,6.6188,6.6188,6.6188,6.6188,6.6188,6.6188,6.6188,6.6188,6.6188,6.6188,6.6188,6.6188,6.6188,6.6188,6.6188,6.6188,6.6188,6.6188,6.6188,6.6188,6.6188,6.6188,6.6188,6.6188,6.6188,6.6188,6.6188,6.6188,6.6188,6.6188,6.6188,6.6188,6.6188,6.6183,6.6183,6.6183,6.6183,6.6183,6.6183,6.6183,6.6183,6.6183,6.6183,6.6183,6.6183,6.6183,6.6183,6.6183,6.6183,6.6183,6.6183,6.6183,6.6183,6.6183,6.6183,6.6183,6.6183,6.6183,6.6183,6.6183,6.6183,6.6183,6.6183,6.6183,6.6183,6.6183,6.6183,6.6183,6.6183,6.6183,6.6183,6.6183,6.6183,6.6183,6.6183,6.6183,6.6183,6.6183,6.6183,6.6183,6.6183,6.6183,6.6183,6.6183,6.6183,6.6183,6.6183,6.6183,6.6183,6.6183,6.6183,6.6183,6.6183
6.6136,6.6136,6.6136,6.6136,6.6136,6.6136,6.6136,6.6136,6.6136,6.6136,6.6136,6.6136,6.6136,6.6136,6.6136,6.6136,6.6136,6.6136,6.6136,6.6136,6.6136,6.6136,6.6136,6.6136,6.6136,6.6136,6.6136,6.6136,6.6136,6.6136,6.6136,6.6136,6.6136,6.6136,6.6136,6.6136,6.6136,6.6136,6.6136,6.6136,6.6136,6.6136,6.6136,6.6136,6.6136,6.6136,6.6136,6.6136,6.6136,6.6136,6.6136,6.6136,6.6136,6.6136,6.6136,6.6136,6.6136,6.6136,6.6136,6.6136,6.6136,6.6136,6.6136,6.6136,6.6136,6.6136,6.6136,6.6136,6.6136,6.6136,6.6136,6.6136,6.6136,6.6136,6.6136,6.6136,6.6136,6.6136,6.6136,6.6136,6.6136,6.6136,6.6136,6.6136,6.6136,6.6136,6.6136,6.6136,6.6136,6.6136,6.6136,6.6136,6.6136,6.6136,6.6136,6.6136,6.6136,6.6136,6.6136,6.6136,6.6136,6.6136,6.6136,6.6136,6.6136,6.6136,6.6136,6.6136,6.6136,6.6136,6.6136,6.6136,6.6136,6.6136,6.6136,6.6136,6.6136,6.6136,6.6136,6.6136,6.6136,6.6136,6.6136,6.6136,6.6136,6.6136,6.6136,6.6136,6.6136,6.6136,6.6136,6.6136,6.6136,6.6136,6.6136,6.6136,6.6136,6.6136,6.6136,6.6136,6.6136,6.6136,6.6136,6.6136,6.6136,6.6136,6.6136,6.6136,6.6136,6.6136,6.6136,6.6136,6.6136,6.6136,6.6136,6.6136,6.6136,6.6136,6.6136,6.6136,6.6136,6.6136,6.6136,6.6136,6.6136,6.6136,6.6136,6.6136,6.6136,6.6136,6.6136,6.6136,6.6136,6.6136,6.6136,6.6136,6.6136,6.6136,6.6136,6.6136,6.6136,6.6136,6.6136,6.6136,6.6136,6.6136,6.6136,6.6136,6.6136,6.6136,6.6136,6.6136,6.6136,6.6136,6.6136,6.6136,6.6136,6.6136,6.6136,6.6136,6.6136,6.6136,6.6136,6.6136,6.6136,6.6136,6.6136,6.6136,6.6136,6.6136,6.6136,6.6136,6.6136,6.6136,6.6136,6.6136,6.6136,6.6136,6.6136,6.6136,6.6136,6.6136,6.6136,6.6136,6.6136,6.6136,6.6136,6.6136,6.6136,6.6136,6.6136,6.6136,6.6136,6.6136,6.6136,6.6136,6.6136,6.6136,6.6136,6.6136,6.6136,6.6136,6.6136,6.6136,6.6136,6.6136,6.6136,6.6136,6.6136,6.6136,6.6136,6.6136,6.6136,6.6136,6.6136,6.6136,6.6136,6.6136,6.6136,6.6136,6.6136,6.6136,6.6136,6.6136,6.6136,6.6136,6.6136,6.6136,6.6136,6.6136,6.6136,6.6136,6.6136,6.6136,6.6136,6.6136,6.6136,6.6136,6.6136,6.6136,6.6136,6.6136,6.6136,6.6136,6.6136,6.6136,6.6136,6.6136,6.6136,6.6136,6.6136,6.6136,6.6136,6.6136,6.6136,6.6136,6.6136,6.6136,6.6136,6.6136,6.6136,6.6136,6.6136,6.6136,6.6136,6.6136,6.6136,6.6136,6.6136,6.6136,6.6136,6.6136,6.6136,6.6136,6.6136,6.6136,6.6136,6.6136,6.6136,6.6136,6.6136,6.6136,6.6136,6.6136,6.6136,6.6136,6.6136,6.6136,6.6136,6.6136,6.6136,6.6136,6.6136,6.6136,6.6136,6.6136,6.6136,6.6136,6.6136,6.6136,6.6136,6.6136,6.6136,6.6136,6.6136,6.6136,6.6136,6.6136,6.6136,6.6136,6.6136,6.6136,6.6136,6.6136,6.6136,6.6136,6.6136,6.6136,6.6136,6.6136,6.6136,6.6136,6.6136,6.6136,6.6136,6.6136,6.6136,6.6136,6.6136,6.6136,6.6136,6.6136,6.6136,6.6136,6.6136,6.6136,6.6136,6.6136,6.6136,6.6136,6.6136,6.6136,6.6136,6.6136,6.6136,6.6136,6.6136,6.6136,6.6136,6.6136,6.6136,6.6136,6.6136,6.6136,6.6136,6.6136,6.6136,6.6136,6.6136,6.6136,6.6136,6.6136,6.6136,6.6136,6.6136,6.6136,6.6136,6.6136,6.6136,6.6136,6.6136,6.6136,6.6136,6.6136,6.6136,6.6136,6.6136,6.6136,6.6136,6.6136,6.6136,6.6136,6.6136,6.6136,6.6136,6.6136,6.6136,6.6136,6.6136,6.6136,6.6136,6.6139,6.6139,6.6139,6.6139,6.6139,6.6139,6.6139,6.6139,6.6139,6.6139,6.6139,6.6139,6.6139,6.6139,6.6139,6.6139,6.6139,6.6139,6.6139,6.6139,6.6139,6.6139,6.6139,6.6139,6.6139,6.6139,6.6139,6.6139,6.6139,6.6139,6.6139,6.6139,6.6139,6.6139,6.6139,6.6139,6.6139,6.6139,6.6139,6.6139,6.6139,6.6139,6.6139,6.6139,6.6139,6.6139,6.6139,6.6139,6.6139,6.6139,6.6139,6.6139,6.6139,6.6139,6.6139,6.6139,6.6139,6.6139,6.6139,6.6139,6.6139,6.6139,6.6139,6.6139,6.6139,6.6139,6.6139,6.6139,6.6139,6.6139,6.6139,6.6139,6.6139,6.6139,6.6139,6.6139,6.6139,6.6139,6.6139,6.6139,6.6139,6.6139,6.6139,6.6139,6.6139,6.6139,6.6139,6.6139,6.6139,6.6139,6.6139,6.6139,6.6139,6.6139,6.6139,6.6139,6.6139,6.6139,6.6139,6.6139,6.6139,6.6139,6.6139,6.6139,6.6139,6.6139,6.6139,6.6139,6.6139,6.6139,6.6139,6.6139,6.6139,6.6139,6.6139,6.6139,6.6139,6.6139,6.6139,6.6139,6.6139,6.6139,6.6139,6.6139,6.6139,6.6139,6.6139,6.6139,6.6139,6.6139,6.6139,6.6139,6.6139,6.6139,6.6139,6.6139,6.6139,6.6139,6.6139,6.6139,6.6139,6.6139,6.6139,6.6139,6.6139,6.6139,6.6139,6.6139,6.6139,6.6139,6.6139,6.6139,6.6139,6.6139,6.6139,6.6139,6.6139,6.6139,6.6139,6.6139,6.6139,6.6139,6.6139,6.6139,6.6139,6.6139,6.6139,6.6139,6.6139,6.6139,6.6139,6.6139,6.6139,6.6139,6.6139,6.6139,6.6139,6.6139,6.6139,6.6139,6.6139,6.6139,6.6139,6.6139,6.6139,6.6139,6.6139,6.6139,6.6139,6.6139,6.6139,6.6139,6.6139,6.6139,6.6139,6.6139,6.6139,6.6139,6.6139,6.6139,6.6139,6.6139,6.6139,6.6139,6.6139,6.6139,6.6139,6.6139,6.6139,6.6139,6.6139,6.6139,6.6139,6.6139,6.6139,6.6139,6.6139,6.6139,6.6139,6.6139,6.6139,6.6139,6.6139,6.6139,6.6139,6.6139,6.6139,6.6139,6.6139,6.6139,6.6139,6.6139,6.6139,6.6139,6.6139,6.6139,6.6139,6.6139,6.6139,6.6139,6.6139,6.6139,6.6139,6.6139,6.6139,6.6139,6.6139,6.6139,6.6139,6.6139,6.6139,6.6139,6.6139,6.6139,6.6139,6.6139,6.6139,6.6139,6.6139,6.6139,6.6139,6.6139,6.6139,6.6139,6.6139,6.6139,6.6139,6.6139,6.6139,6.6139,6.6139,6.6139,6.6139,6.6139,6.6139,6.6139,6.6139,6.6139,6.6139,6.6139,6.6139,6.6139,6.6139,6.6139,6.6139,6.6139,6.6139,6.6139,6.6139,6.6139,6.6139,6.6139,6.6139,6.6139,6.6139,6.6139,6.6139,6.6139,6.6139,6.6139,6.6139,6.6139,6.6139,6.6139,6.6139,6.6139,6.6139,6.6139,6.6139,6.6139,6.6139,6.6139,6.6139,6.6139,6.6139,6.6139,6.6139,6.6139,6.6139,6.6139,6.6139,6.6139,6.6139,6.6139,6.6139,6.6139,6.6139,6.6139,6.6139,6.6139,6.6139,6.6139,6.6139,6.6139,6.6139,6.6139,6.6139,6.6139,6.6139,6.6139,6.6139,6.6139,6.6139,6.6139,6.6139,6.6139,6.6139,6.6139,6.6139,6.6139,6.6139,6.6139,6.6139,6.6139,6.6139,6.6139,6.6139,6.6139,6.6139,6.6139,6.6139,6.6139,6.6139,6.6139,6.6139,6.6139,6.6139,6.6139,6.6139,6.6139,6.6139,6.6139,6.6139,6.6139,6.6139,6.6139,6.6139,6.6139,6.6139,6.6139,6.6139,6.6139,6.6139,6.6139,6.6139,6.6139,6.6139,6.6139,6.6139,6.6139,6.6139,6.6139,6.6139,6.6139,6.6139,6.6139,6.6139,6.6139,6.6139,6.6139,6.6139,6.6139,6.6139,6.6139,6.6139,6.6139,6.6139,6.6139,6.6139,6.6139,6.6139,6.6139,6.6139,6.6139,6.6139,6.6139,6.6139,6.6139,6.6139,6.6139,6.6139,6.6139,6.6139,6.6139,6.6139,6.6139,6.6139,6.6139,6.6139,6.6139,6.6139,6.6139,6.6139,6.6139,6.6139,6.6139,6.6139,6.6139,6.6139,6.6139,6.6139,6.6139,6.6139,6.6139,6.6139,6.6139,6.6139,6.6139,6.6139,6.6139,6.6139,6.6139,6.6139,6.6139,6.6139,6.6139,6.6139,6.6139,6.6139,6.6139,6.6139,6.6139,6.6139,6.6139,6.6139,6.6139,6.6139,6.6139,6.6139,6.6139,6.6139,6.6139,6.6139,6.6139,6.6139,6.6139,6.6139,6.6139,6.6139,6.6139,6.6139,6.6139,6.6139,6.6139,6.6139,6.6139,6.6139,6.6139,6.6139,6.6139,6.6139,6.6139,6.6139,6.6139,6.6139,6.6139,6.6139,6.6139,6.6139,6.6139,6.6139,6.6139,6.6139,6.6139,6.6139,6.6139,6.6139,6.6139,6.6139,6.6139,6.6139,6.6139,6.6139,6.6139,6.6139,6.6139,6.6139,6.6139,6.6139,6.6139,6.6139,6.6139,6.6139,6.6139,6.6139,6.6139,6.6139,6.6139,6.6139
6.6087,6.6087,6.6087,6.6087,6.6087,6.6087,6.6087,6.6087,6.6087,6.6087,6.6087,6.6087,6.6087,6.6087,6.6087,6.6087,6.6092,6.6092,6.6092,6.6092,6.6092,6.6092,6.6092,6.6092,6.6092,6.6092,6.6092,6.6092,6.6092,6.6092,6.6092,6.6092,6.6092,6.6092,6.6092,6.6092,6.6092,6.6092,6.6092,6.6092,6.6092,6.6092,6.6092,6.6092,6.6092,6.6092,6.6092,6.6092,6.6092,6.6092,6.6092,6.6092,6.6092,6.6092,6.6092,6.6092,6.6092,6.6092,6.6092,6.6092,6.6092,6.6092,6.6092,6.6092,6.6092,6.6092,6.6092,6.6092,6.6092,6.6092,6.6092,6.6092,6.6092,6.6092,6.6092,6.6092,6.6092,6.6092,6.6092,6.6092,6.6092,6.6092,6.6092,6.6092,6.6092,6.6092,6.6092,6.6092,6.6092,6.6092,6.6092,6.6092,6.6092,6.6092,6.6092,6.6092,6.6092,6.6092,6.6092,6.6092,6.6092,6.6092,6.6092,6.6092,6.6092,6.6092,6.6092,6.6092,6.6092,6.6092,6.6092,6.6092,6.6092,6.6092,6.6092,6.6092,6.6092,6.6092,6.6092,6.6092,6.6092,6.6092,6.6092,6.6092,6.6092,6.6092,6.6092,6.6092,6.6092,6.6092,6.6092,6.6092,6.6092,6.6092,6.6092,6.6092,6.6092,6.6092,6.6092,6.6092,6.6092,6.6092,6.6092,6.6092,6.6092,6.6092,6.6092,6.6092,6.6092,6.6092,6.6092,6.6092,6.6092,6.6092,6.6092,6.6092,6.6092,6.6092,6.6092,6.6092,6.6092,6.6092,6.6092,6.6092,6.6092,6.6092,6.6092,6.6092,6.6092,6.6092,6.6092,6.6092,6.6092,6.6092,6.6092,6.6092,6.6092,6.6092,6.6092,6.6092,6.6092,6.6092,6.6092,6.6092,6.6092,6.6092,6.6092,6.6092,6.6092,6.6092,6.6092,6.6092,6.6092,6.6092,6.6092,6.6092,6.6092,6.6092,6.6092,6.6092,6.6092,6.6092,6.6092,6.6092,6.6092,6.6092,6.6092,6.6092,6.6092,6.6092,6.6092,6.6092,6.6092,6.6092,6.6092,6.6092,6.6092,6.6092,6.6092,6.6092,6.6092,6.6092,6.6092,6.6092,6.6092,6.6092,6.6092,6.6092,6.6092,6.6092,6.6092,6.6092,6.6092,6.6092,6.6092,6.6092,6.6092,6.6092,6.6092,6.6092,6.6092,6.6092,6.6092,6.6092,6.6092,6.6092,6.6092,6.6092,6.6092,6.6092,6.6092,6.6092,6.6092,6.6092,6.6092,6.6092,6.6092,6.6092,6.6092,6.6092,6.6092,6.6092,6.6092,6.6092,6.6092,6.6092,6.6092,6.6092,6.6092,6.6092,6.6092,6.6092,6.6092,6.6092,6.6092,6.6092,6.6092,6.6092,6.6092,6.6092,6.6092,6.6092,6.6092,6.6092,6.6092,6.6092,6.6092,6.6092,6.6092,6.6092,6.6092,6.6092,6.6092,6.6092,6.6092,6.6092,6.6092,6.6092,6.6092,6.6092,6.6092,6.6092,6.6092,6.6092,6.6092,6.6092,6.6092,6.6092,6.6092,6.6092,6.6092,6.6092,6.6092,6.6092,6.6092,6.6092,6.6092,6.6092,6.6092,6.6092,6.6092,6.6092,6.6092,6.6092,6.6092,6.6092,6.6092,6.6092,6.6092,6.6092,6.6092,6.6092,6.6092,6.6092,6.6092,6.6092,6.6092,6.6092,6.6092,6.6092,6.6092,6.6092,6.6092,6.6092,6.6092,6.6092,6.6092,6.6092,6.6092,6.6092,6.6092,6.6092,6.6092,6.6092,6.6092,6.6092,6.6092,6.6092,6.6092,6.6092,6.6092,6.6092,6.6092,6.6092,6.6092,6.6092,6.6092,6.6092,6.6092,6.6092,6.6092,6.6092,6.6092,6.6092,6.6092,6.6092,6.6092,6.6092,6.6092,6.6092,6.6092,6.6092,6.6092,6.6092,6.6092,6.6092,6.6092,6.6092,6.6092,6.6092,6.6092,6.6092,6.6092,6.6092,6.6092,6.6092,6.6092,6.6092,6.6092,6.6092,6.6092,6.6092,6.6092,6.6092,6.6092,6.6092,6.6092,6.6092,6.6092,6.6092,6.6092,6.6092,6.6092,6.6092,6.6092,6.6092,6.6092,6.6092,6.6092,6.6092,6.6092,6.6092,6.6092,6.6092,6.6092,6.6092,6.6092,6.6092,6.6092,6.6092,6.6092,6.6092,6.6092,6.6092,6.6092,6.6092,6.6092,6.6092,6.6092,6.6092,6.6092,6.6092,6.6092,6.6092,6.6092,6.6092,6.6092,6.6092,6.6092,6.6092,6.6092,6.6092,6.6092,6.6092,6.6092,6.6092,6.6092,6.6092,6.6092,6.6092,6.6092,6.6092,6.6092,6.6092,6.6092,6.6092,6.6092,6.6092,6.6092,6.6092,6.6092,6.6092,6.6092,6.6092,6.6092,6.6092,6.6092,6.6092,6.6092,6.6092,6.6092,6.6092,6.6092,6.6092,6.6092,6.6092,6.6092,6.6092,6.6092,6.6092,6.6092,6.6092,6.6092,6.6092,6.6092,6.6092,6.6092,6.6092,6.6092,6.6092,6.6092,6.6092,6.6092,6.6092,6.6092,6.6092,6.6092,6.6092,6.6092,6.6092,6.6092,6.6092,6.6092,6.6092,6.6092,6.6092,6.6092,6.6092,6.6092,6.6092,6.6092,6.6092,6.6092,6.6092,6.6092,6.6092,6.6092,6.6092,6.6092,6.6092,6.6092,6.6092,6.6092,6.6092,6.6092,6.6092,6.6092,6.6092,6.6092,6.6092,6.6092,6.6092,6.6092,6.6092,6.6092,6.6092,6.6092,6.6092,6.6092,6.6092,6.6092,6.6092,6.6092,6.6092,6.6092,6.6092,6.6092,6.6092,6.6092,6.6092,6.6092,6.6092,6.6092,6.6092,6.6092,6.6092,6.6092,6.6092,6.6092,6.6092,6.6092,6.6092,6.6092,6.6092,6.6092,6.6092,6.6092,6.6092,6.6092,6.6092,6.6092,6.6092,6.6092,6.6092,6.6092,6.6092,6.6092,6.6092,6.6092,6.6092,6.6092,6.6092,6.6092,6.6092,6.6092,6.6092,6.6092,6.6092,6.6092,6.6092,6.6092,6.6092,6.6092,6.6092,6.6092,6.6092,6.6092,6.6092,6.6092,6.6092,6.6092,6.6092,6.6092,6.6092,6.6092,6.6092,6.6092,6.6092,6.6092,6.6092,6.6092,6.6092,6.6092,6.6092,6.6092,6.6092,6.6092,6.6092,6.6092,6.6092,6.6092,6.6092,6.6092,6.6092,6.6092,6.6092,6.6092,6.6092,6.6092,6.6092,6.6092,6.6092,6.6092,6.6092,6.6092,6.6092,6.6092,6.6092,6.6092,6.6092,6.6092,6.6092,6.6092,6.6092,6.6092,6.6092,6.6092,6.6092,6.6092,6.6092,6.6092,6.6092,6.6092,6.6092,6.6092,6.6092,6.6092,6.6092,6.6092,6.6092,6.6092,6.6092,6.6092,6.6092,6.6092,6.6092,6.6092,6.6092,6.6092,6.6092,6.6092,6.6092,6.6092,6.6092,6.6092,6.6092,6.6092,6.6092,6.6092,6.6092,6.6092,6.6092,6.6092,6.6092,6.6092,6.6092,6.6092,6.6092,6.6092,6.6092,6.6092,6.6092,6.6092,6.6092,6.6092,6.6092,6.6092,6.6092,6.6092,6.6092,6.6092,6.6092,6.6092,6.6092,6.6092,6.6092,6.6092,6.6092,6.6092,6.6092,6.6092,6.6092,6.6092,6.6092,6.6092,6.6092,6.6092,6.6092,6.6092,6.6092,6.6092,6.6092,6.6092,6.6092,6.6092,6.6092,6.6092,6.6092,6.6092,6.6092,6.6092,6.6092,6.6092,6.6092,6.6092,6.6092,6.6092,6.6092,6.6092,6.6092,6.6092,6.6092,6.6092,6.6092,6.6092,6.6092,6.6092,6.6092,6.6092,6.6092,6.6092,6.6092,6.6092,6.6092,6.6092,6.6092,6.6092,6.6092,6.6092,6.6092,6.6092,6.6092,6.6092,6.6092,6.6092,6.6092,6.6092,6.6092,6.6092,6.6092,6.6092,6.6092,6.6092,6.6092,6.6092,6.6092,6.6092,6.6092,6.6092,6.6092,6.6092,6.6092,6.6092,6.6092,6.6092,6.6092,6.6092,6.6092,6.6092,6.6092,6.6092,6.6092,6.6092,6.6092,6.6092,6.6092,6.6092,6.6092,6.6092,6.6092,6.6092,6.6092,6.6092,6.6092,6.6092,6.6092,6.6092,6.6092,6.6092,6.6092,6.6092,6.6092,6.6092,6.6092,6.6092,6.6092,6.6092,6.6092,6.6092,6.6092,6.6092,6.6092,6.6092,6.6092,6.6092,6.6092,6.6092,6.6092,6.6092,6.6092,6.6092,6.6092,6.6092,6.6092,6.6092,6.6092,6.6092,6.6092,6.6092,6.6092,6.6092,6.6092,6.6092,6.6092,6.6092,6.6092,6.6092,6.6092,6.6092,6.6092,6.6092,6.6092,6.6092,6.6092,6.6092,6.6092,6.6092,6.6092,6.6092,6.6092,6.6092,6.6092,6.6092,6.6092,6.6092,6.6092,6.6092,6.6092,6.6092,6.6092,6.6092,6.6092,6.6092,6.6092,6.6092,6.6092,6.6092,6.6092,6.6092,6.6092,6.6092,6.6092,6.6092,6.6092,6.6092,6.6092,6.6092,6.6092,6.6092,6.6092,6.6092,6.6092,6.6092,6.6092,6.6092,6.6092,6.6092,6.6092,6.6092,6.6092,6.6092,6.6092,6.6092,6.6092,6.6092,6.6092,6.6092,6.6092,6.6092,6.6092,6.6092,6.6092,6.6092,6.6092,6.6092,6.6092,6.6092,6.6092,6.6092,6.6092,6.6092,6.6092,6.6092,6.6092,6.6092,6.6092,6.6092,6.6092,6.6092,6.6092,6.6092,6.6092,6.6092,6.6092,6.6092,6.6092,6.6092,6.6092,6.6092,6.6092,6.6092,6.6092,6.6092,6.6092,6.6092,6.6092,6.6092,6.6092,6.6092,6.6092
6.6043,6.6043,6.6043,6.6043,6.6043,6.6043,6.6043,6.6043,6.6043,6.6043,6.6043,6.6043,6.6043,6.6043,6.6043,6.6043,6.6043,6.6043,6.6043,6.6043,6.6043,6.6043,6.6043,6.6043,6.6043,6.6043,6.6043,6.6043,6.6043,6.6043,6.6043,6.6043,6.6043,6.6043,6.6043,6.6043,6.6043,6.6043,6.6043,6.6043,6.6043,6.6043,6.6043,6.6043,6.6043,6.6043,6.6043,6.6043,6.6043,6.6043,6.6043,6.6043,6.6043,6.6043,6.6043,6.6043,6.6043,6.6043,6.6043,6.6043,6.6043,6.6043,6.6043,6.6043,6.6043,6.6043,6.6043,6.6043,6.6043,6.6043,6.6043,6.6043,6.6043,6.6043,6.6043,6.6043,6.6043,6.6043,6.6043,6.6043,6.6043,6.6043,6.6043,6.6043,6.6043,6.6043,6.6043,6.6043,6.6043,6.6043,6.6043,6.6043,6.6043,6.6043,6.6043,6.6043,6.6043,6.6043,6.6043,6.6043,6.6043,6.6043,6.6043,6.6043,6.6043,6.6043,6.6043,6.6043,6.6043,6.6043,6.6043,6.6043,6.6043,6.6043,6.6043,6.6043,6.6043,6.6043,6.6043,6.6043,6.6043,6.6043,6.6043,6.6043,6.6043,6.6043,6.6043,6.6043,6.6043,6.6043,6.6043,6.6043,6.6043,6.6043,6.6043,6.6043,6.6043,6.6043,6.6043,6.6043,6.6043,6.6043,6.6043,6.6043,6.6043,6.6043,6.6043,6.6043,6.6043,6.6043,6.6043,6.6043,6.6043,6.6043,6.6043,6.6043,6.6043,6.6043,6.6043,6.6043,6.6043,6.6043,6.6043,6.6043,6.6043,6.6043,6.6043,6.6043,6.6043,6.6043,6.6043,6.6043,6.6043,6.6043,6.6043,6.6043,6.6043,6.6043,6.6043,6.6043,6.6043,6.6043,6.6043,6.6043,6.6043,6.6043,6.6043,6.6043,6.6043,6.6043,6.6043,6.6043,6.6043,6.6043,6.6043,6.6043,6.6043,6.6043,6.6043,6.6043,6.6043,6.6043,6.6043,6.6043,6.6043,6.6043,6.6043,6.6043,6.6043,6.6043,6.6043,6.6043,6.6043,6.6043,6.6043,6.6043,6.6043,6.6043,6.6043,6.6043,6.6043,6.6043,6.6043,6.6043,6.6043,6.6043,6.6043,6.6043,6.6043,6.6043,6.6043,6.6043,6.6043,6.6043,6.6043,6.6043,6.6043,6.6043,6.6043,6.6043,6.6043,6.6043,6.6043,6.6043,6.6043,6.6043,6.6043,6.6043,6.6043,6.6043,6.6043,6.6043,6.6043,6.6043,6.6043,6.6043,6.6043,6.6043,6.6043,6.6043,6.6043,6.6043,6.6043,6.6043,6.6043,6.6043,6.6043,6.6043,6.6043,6.6043,6.6043,6.6043,6.6043,6.6043,6.6043,6.6043,6.6043,6.6043,6.6043,6.6043,6.6043,6.6043,6.6043,6.6043,6.6043,6.6043,6.6043,6.6043,6.6043,6.6043,6.6043,6.6043,6.6043,6.6043,6.6043,6.6043,6.6043,6.6043,6.6043,6.6043,6.6043,6.6043,6.6043,6.6043,6.6043,6.6043,6.6043,6.6043,6.6043,6.6043,6.6043,6.6043,6.6043,6.6043,6.6043,6.6043,6.6043,6.6043,6.6043,6.6043,6.6043,6.6043,6.6043,6.6043,6.6043,6.6043,6.6043,6.6043,6.6043,6.6043,6.6043,6.6043,6.6043,6.6043,6.6043,6.6043,6.6043,6.6043,6.6043,6.6043,6.6043,6.6043,6.6043,6.6043,6.6043,6.6043,6.6043,6.6043,6.6043,6.6043,6.6043,6.6043,6.6043,6.6043,6.6043,6.6043,6.6043,6.6043,6.6043,6.6043,6.6043,6.6043,6.6043,6.6043,6.6043,6.6043,6.6043,6.6043,6.6043,6.6043,6.6043,6.6043,6.6043,6.6043,6.6043,6.6043,6.6043,6.6043,6.6043,6.6043,6.6043,6.6043,6.6043,6.6043,6.6043,6.6043,6.6043,6.6043,6.6043,6.6043,6.6043,6.6043,6.6043,6.6043,6.6043,6.6043,6.6043,6.6043,6.6043,6.6043,6.6043,6.6043,6.6043,6.6043,6.6043,6.6043,6.6043,6.6043,6.6043,6.6043,6.6043,6.6043,6.6043,6.6043,6.6043,6.6043,6.6043,6.6043,6.6043,6.6043,6.6043,6.6043,6.6043,6.6043,6.6043,6.6043,6.6043,6.6043,6.6043,6.6043,6.6043,6.6043,6.6043,6.6043,6.6043,6.6043,6.6043,6.6043,6.6043,6.6043,6.6043,6.6043,6.6043,6.6043,6.6043,6.6043,6.6043,6.6043,6.6043,6.6043,6.6043,6.6043,6.6043,6.6043,6.6043,6.6043,6.6043,6.6043,6.6043,6.6043,6.6043,6.6043,6.6043,6.6043,6.6043,6.6043,6.6043,6.6043,6.6043,6.6043,6.6043,6.6043,6.6043,6.6043,6.6043,6.6043,6.6043,6.6043,6.6043,6.6043,6.6043,6.6043,6.6043,6.6043,6.6043,6.6043,6.6043,6.6043,6.6043,6.6043,6.6043,6.6043,6.6043,6.6043,6.6043,6.6043,6.6043,6.6043,6.6043,6.6043,6.6043,6.6043,6.6043,6.6043,6.6043,6.6043,6.6043,6.6043,6.6043,6.6043,6.6043,6.6043,6.6043,6.6043,6.6043,6.6043,6.6043,6.6043,6.6043,6.6043,6.6043,6.6043,6.6043,6.6043,6.6043,6.6043,6.6043,6.6043,6.6043,6.6043,6.6043,6.6043,6.6043,6.6043,6.6043,6.6043,6.6043,6.6043,6.6043,6.6043,6.6043,6.6043,6.6043,6.6043,6.6043,6.6043,6.6043,6.6043,6.6043,6.6043,6.6043,6.6043,6.6043,6.6043,6.6043,6.6043,6.6043,6.6043,6.6043,6.6043,6.6043,6.6043,6.6043,6.6043,6.6043,6.6043,6.6043,6.6043,6.6043,6.6043,6.6043,6.6043,6.6043,6.6043,6.6043,6.6043,6.6043,6.6043,6.6043,6.6043,6.6043,6.6043,6.6043,6.6043,6.6043,6.6043,6.6043,6.6043,6.6043,6.6043,6.6043,6.6043,6.6043,6.6043,6.6043,6.6043,6.6043,6.6043,6.6043,6.6038,6.6038,6.6038,6.6038,6.6038,6.6038,6.6038,6.6038,6.6038,6.6038,6.6038,6.6038,6.6038,6.6038,6.6038,6.6038,6.6038,6.6038,6.6038,6.6038,6.6038,6.6038,6.6038,6.6038,6.6038,6.6038,6.6038,6.6038,6.6038,6.6038,6.6038,6.6038,6.6038,6.6038,6.6038,6.6038,6.6038,6.6038,6.6038,6.6038,6.6038,6.6038,6.6038,6.6038,6.6038,6.6038,6.6038,6.6038,6.6038,6.6038,6.6038,6.6038,6.6038,6.6038,6.6038,6.6038,6.6038,6.6038,6.6038,6.6038,6.6038,6.6038,6.6038,6.6038,6.6038,6.6038,6.6038,6.6038,6.6038,6.6038,6.6038,6.6038,6.6038,6.6038,6.6038,6.6038,6.6038,6.6038,6.6038,6.6038,6.6038,6.6038,6.6038,6.6038,6.6038,6.6038,6.6038,6.6038,6.6038,6.6038,6.6038,6.6038,6.6038,6.6038,6.6038,6.6038,6.6038,6.6038,6.6038,6.6038,6.6038,6.6038,6.6038,6.6038,6.6038,6.6038,6.6038,6.6038,6.6038,6.6038,6.6038,6.6038,6.6038,6.6038,6.6038,6.6038,6.6038,6.6038,6.6038,6.6038,6.6038,6.6038,6.6038,6.6038,6.6038,6.6038,6.6038,6.6038,6.6038,6.6038,6.6038,6.6038,6.6038,6.6038,6.6038,6.6038,6.6038,6.6038,6.6038,6.6038,6.6038,6.6038,6.6038,6.6038,6.6038,6.6038,6.6038,6.6038,6.6038,6.6038,6.6038,6.6038,6.6038,6.6038,6.6038,6.6038,6.6038,6.6038,6.6038,6.6038,6.6038,6.6038,6.6038,6.6038,6.6038,6.6038,6.6038,6.6038,6.6038,6.6038,6.6038,6.6038,6.6038,6.6038,6.6038,6.6038,6.6038,6.6038,6.6038,6.6038,6.6038,6.6038,6.6038,6.6038,6.6038,6.6038,6.6038,6.6038,6.6038,6.6038,6.6038,6.6038,6.6038,6.6038,6.6038,6.6038,6.6038,6.6038,6.6038,6.6038,6.6038,6.6038,6.6038,6.6038,6.6038,6.6038,6.6038,6.6038,6.6038,6.6038,6.6038,6.6038,6.6038,6.6038,6.6038,6.6038,6.6038,6.6038,6.6038,6.6038,6.6038,6.6038,6.6038,6.6038,6.6038,6.6038,6.6038,6.6038,6.6038,6.6038,6.6038,6.6038,6.6038,6.6038,6.6038,6.6038,6.6038,6.6038,6.6038,6.6038,6.6038,6.6038,6.6038,6.6038,6.6038,6.6038,6.6038,6.6038,6.6038,6.6038,6.6038,6.6038,6.6038,6.6038,6.6038,6.6038,6.6038,6.6038,6.6038,6.6038,6.6038,6.6038,6.6038,6.6038,6.6038,6.6038,6.6038,6.6038,6.6038,6.6038,6.6038,6.6038,6.6038,6.6038,6.6038,6.6038,6.6038,6.6038,6.6038,6.6038,6.6038,6.6038,6.6038,6.6038,6.6038,6.6038,6.6038,6.6038,6.6038,6.6038,6.6038,6.6038,6.6038,6.6038,6.6038,6.6038,6.6038,6.6038,6.6038,6.6038,6.6038,6.6038,6.6038,6.6038,6.6038,6.6038,6.6038,6.6038,6.6038,6.6038,6.6038,6.6038,6.6038,6.6038,6.6038,6.6038,6.6038,6.6038,6.6038,6.6038,6.6038,6.6038,6.6038,6.6038,6.6038,6.6038,6.6038,6.6038,6.6038,6.6038,6.6038,6.6038,6.6038,6.6038,6.6038,6.6038,6.6038,6.6038,6.6038,6.6038,6.6038,6.6038,6.6038,6.6038,6.6038,6.6038,6.6038,6.6038,6.6038,6.6038,6.6038,6.6038,6.6038,6.6038,6.6038,6.6038,6.6038,6.6038,6.6038,6.6038,6.6038
6.5988,6.5988,6.5988,6.5988,6.5988,6.5988,6.5988,6.5988,6.5988,6.5988,6.5988,6.5988,6.5988,6.5988,6.5988,6.5988,6.5988,6.5988,6.5988,6.5988,6.5988,6.5988,6.5988,6.5988,6.5988,6.5988,6.5988,6.5988,6.5988,6.5988,6.5988,6.5988,6.5988,6.5988,6.5988,6.5988,6.5988,6.5988,6.5988,6.5988,6.5988,6.5988,6.5988,6.5988,6.5988,6.5988,6.5988,6.5988,6.5988,6.5988,6.5988,6.5988,6.5988,6.5988,6.5988,6.5988,6.5988,6.5988,6.5988,6.5988,6.5988,6.5988,6.5988,6.5988,6.5988,6.5988,6.5988,6.5988,6.5988,6.5988,6.5988,6.5988,6.5988,6.5988,6.5988,6.5988,6.5988,6.5988,6.5988,6.5988,6.5988,6.5988,6.5988,6.5988,6.5988,6.5988,6.5988,6.5988,6.5988,6.5988,6.5988,6.5988,6.5988,6.5988,6.5988,6.5988,6.5988,6.5988,6.5988,6.5988,6.5988,6.5988,6.5988,6.5988,6.5988,6.5988,6.5988,6.5988,6.5988,6.5988,6.5988,6.5988,6.5988,6.5988,6.5988,6.5988,6.5988,6.5988,6.5988,6.5988,6.5988,6.5988,6.5988,6.5988,6.5988,6.5988,6.5988,6.5988,6.5988,6.5988,6.5988,6.5988,6.5988,6.5988,6.5988,6.5988,6.5988,6.5988,6.5988,6.5988,6.5988,6.5988,6.5988,6.5988,6.5988,6.5988,6.5988,6.5988,6.5988,6.5988,6.5988,6.5988,6.5988,6.5988,6.5988,6.5988,6.5988,6.5988,6.5988,6.5988,6.5988,6.5988,6.5988,6.5988,6.5988,6.5988,6.5988,6.5988,6.5988,6.5988,6.5988,6.5988,6.5988,6.5988,6.5988,6.5988,6.5988,6.5988,6.5988,6.5988,6.5988,6.5988,6.5988,6.5988,6.5988,6.5988,6.5988,6.5988,6.5988,6.5988,6.5988,6.5988,6.5988,6.5988,6.5988,6.5988,6.5988,6.5988,6.5988,6.5988,6.5988,6.5988,6.5988,6.5988,6.5988,6.5988,6.5988,6.5988,6.5988,6.5988,6.5988,6.5988,6.5988,6.5988,6.5988,6.5988,6.5988,6.5988,6.5988,6.5988,6.5988,6.5988,6.5988,6.5988,6.5988,6.5988,6.5988,6.5988,6.5988,6.5988,6.5988,6.5988,6.5988,6.5988,6.5988,6.5988,6.5988,6.5988,6.5988,6.5988,6.5988,6.5988,6.5988,6.5988,6.5988,6.5988,6.5988,6.5988,6.5988,6.5988,6.5988,6.5988,6.5988,6.5988,6.5988,6.5988,6.5988,6.5988,6.5988,6.5988,6.5988,6.5988,6.5988,6.5988,6.5988,6.5988,6.5988,6.5988,6.5988,6.5988,6.5988,6.5988,6.5988,6.5988,6.5988,6.5988,6.5988,6.5988,6.5988,6.5988,6.5988,6.5988,6.5988,6.5988,6.5988,6.5988,6.5988,6.5988,6.5988,6.5988,6.5988,6.5988,6.5988,6.5988,6.5988,6.5988,6.5988,6.5988,6.5988,6.5988,6.5988,6.5988,6.5988,6.5988,6.5988,6.5988,6.5988,6.5988,6.5988,6.5988,6.5988,6.5988,6.5988,6.5988,6.5988,6.5988,6.5988,6.5988,6.5988,6.5988,6.5988,6.5988,6.5988,6.5988,6.5988,6.5988,6.5988,6.5988,6.5988,6.5988,6.5988,6.5988,6.5988,6.5988,6.5988,6.5988,6.5988,6.5988,6.5988,6.5988,6.5988,6.5988,6.5988,6.5988,6.5988,6.5988,6.5988,6.5988,6.5988,6.5988,6.5988,6.5988,6.5988,6.5988,6.5988,6.5988,6.5988,6.5988,6.5988,6.5988,6.5988,6.5988,6.5988,6.5988,6.5988,6.5988,6.5988,6.5988,6.5988,6.5988,6.5988,6.5988,6.5988,6.5988,6.5988,6.5988,6.5988,6.5988,6.5988,6.5988,6.5988,6.5988,6.5988,6.5988,6.5988,6.5988,6.5988,6.5988,6.5988,6.5988,6.5988,6.5988,6.5988,6.5988,6.5988,6.5988,6.5988,6.5988,6.5988,6.5988,6.5988,6.5988,6.5988,6.5988,6.5988,6.5988,6.5988,6.5988,6.5988,6.5988,6.5988,6.5988,6.5988,6.5988,6.5988,6.5988,6.5988,6.5988,6.5988,6.5988,6.5988,6.5988,6.5988,6.5988,6.5988,6.5988,6.5988,6.5988,6.5988,6.5988,6.5988,6.5988,6.5988,6.5988,6.5988,6.5988,6.5988,6.5988,6.5988,6.5988,6.5988,6.5988,6.5988,6.5988,6.5988,6.5988,6.5993,6.5993,6.5993,6.5993,6.5993,6.5993,6.5993,6.5993,6.5993,6.5993,6.5993,6.5993,6.5993,6.5993,6.5993,6.5993,6.5993,6.5993,6.5993,6.5993,6.5993,6.5993,6.5993,6.5993,6.5993,6.5993,6.5993,6.5993,6.5993,6.5993,6.5993,6.5993,6.5993,6.5993,6.5993,6.5993,6.5993,6.5993,6.5993,6.5993,6.5993,6.5993,6.5993,6.5993,6.5993,6.5993,6.5993,6.5993,6.5993,6.5993,6.5993,6.5993,6.5993,6.5993,6.5993,6.5993,6.5993,6.5993,6.5993,6.5993,6.5993,6.5993,6.5993,6.5993,6.5993,6.5993,6.5993,6.5993,6.5993,6.5993,6.5993,6.5993,6.5993,6.5993,6.5993,6.5993,6.5993,6.5993,6.5993,6.5993,6.5993,6.5993,6.5993,6.5993,6.5993,6.5993,6.5993,6.5993,6.5993,6.5993,6.5993,6.5993,6.5993,6.5993,6.5993,6.5993,6.5993,6.5993,6.5993,6.5993,6.5993,6.5993,6.5993,6.5993,6.5993,6.5993,6.5993,6.5993,6.5993,6.5993,6.5993,6.5993,6.5993,6.5993,6.5993,6.5993,6.5993,6.5993,6.5993,6.5993,6.5993,6.5993,6.5993,6.5993,6.5993,6.5993,6.5993,6.5993,6.5993,6.5993,6.5993,6.5993,6.5993,6.5993,6.5993,6.5993,6.5993,6.5993,6.5993,6.5993,6.5993,6.5993,6.5993,6.5993,6.5993,6.5993,6.5993,6.5993,6.5993,6.5993,6.5993,6.5993,6.5993,6.5993,6.5993,6.5993,6.5993,6.5993,6.5993,6.5993,6.5993,6.5993,6.5993,6.5993,6.5993,6.5993,6.5993,6.5993,6.5993,6.5993,6.5993,6.5993,6.5993,6.5993,6.5993,6.5993,6.5993,6.5993,6.5993,6.5993,6.5993,6.5993,6.5993,6.5993,6.5993,6.5993,6.5993,6.5993,6.5993,6.5993,6.5993,6.5993,6.5993,6.5993,6.5993,6.5993,6.5993,6.5993,6.5993,6.5993,6.5993,6.5993,6.5993,6.5993,6.5993,6.5993,6.5993,6.5993,6.5993,6.5993,6.5993,6.5993,6.5993,6.5993,6.5993,6.5993,6.5993,6.5993,6.5993,6.5993,6.5993,6.5993,6.5993,6.5993,6.5993,6.5993,6.5993,6.5993,6.5993,6.5993,6.5993,6.5993,6.5993,6.5993,6.5993,6.5993,6.5993,6.5993,6.5993,6.5993,6.5993,6.5993,6.5993,6.5993,6.5993,6.5993,6.5993,6.5993,6.5993,6.5993,6.5993,6.5993,6.5993,6.5993,6.5993,6.5993,6.5993,6.5993,6.5993,6.5993,6.5993,6.5993,6.5993,6.5993,6.5993,6.5993,6.5993,6.5993,6.5993,6.5993,6.5993,6.5993,6.5993,6.5993,6.5993,6.5993,6.5993,6.5993,6.5993,6.5993,6.5993,6.5993,6.5993,6.5993,6.5993,6.5993,6.5993,6.5993,6.5993,6.5993,6.5993,6.5993,6.5993,6.5993,6.5993,6.5993,6.5993,6.5993,6.5993,6.5993,6.5993,6.5993,6.5993,6.5993,6.5993,6.5993,6.5993,6.5993,6.5993,6.5993,6.5993,6.5993,6.5993,6.5993,6.5993,6.5993,6.5993,6.5993,6.5993,6.5993,6.5993,6.5993,6.5993,6.5993,6.5993,6.5993,6.5993,6.5993,6.5993,6.5993,6.5993,6.5993,6.5993,6.5993,6.5993,6.5993,6.5993,6.5993,6.5993,6.5993,6.5993,6.5993,6.5993,6.5993,6.5993,6.5993,6.5993,6.5993,6.5993,6.5993,6.5993,6.5993,6.5993,6.5993,6.5993,6.5993,6.5993,6.5993,6.5993,6.5993,6.5993,6.5993,6.5993,6.5993,6.5993,6.5993,6.5993,6.5993,6.5993,6.5993,6.5993,6.5993,6.5993,6.5993,6.5993,6.5993,6.5993,6.5993,6.5993,6.5993,6.5993,6.5993,6.5993,6.5993,6.5993,6.5993,6.5993,6.5993,6.5993,6.5993,6.5993,6.5993,6.5993,6.5993,6.5993,6.5993,6.5993,6.5993,6.5993,6.5993,6.5993,6.5993,6.5993,6.5993,6.5993,6.5993,6.5993,6.5993,6.5993,6.5993,6.5993,6.5993,6.5993,6.5993,6.5993,6.5993,6.5993,6.5993,6.5993,6.5993,6.5993,6.5993,6.5993,6.5993,6.5993,6.5993,6.5993,6.5993,6.5993,6.5993,6.5993,6.5993,6.5993,6.5993,6.5993,6.5993,6.5993,6.5993,6.5993,6.5993,6.5993,6.5993,6.5993,6.5993,6.5993,6.5993,6.5993,6.5993,6.5993,6.5993,6.5993,6.5993,6.5993,6.5993,6.5993,6.5993,6.5993,6.5993,6.5993,6.5993,6.5993,6.5993,6.5993,6.5993,6.5993,6.5993,6.5993,6.5993,6.5993,6.5993,6.5993,6.5993,6.5993,6.5993,6.5993,6.5993,6.5993,6.5993,6.5993,6.5993,6.5993,6.5993,6.5993,6.5993,6.5993,6.5993,6.5993,6.5993,6.5993,6.5993,6.5993,6.5993,6.5993,6.5993,6.5993,6.5993,6.5993,6.5993,6.5993,6.5993,6.5993,6.5993,6.5993,6.5993,6.5993,6.5993,6.5993,6.5993,6.5993,6.5993,6.5993,6.5993,6.5993,6.5993
6.5939,6.5939,6.5939,6.5939,6.5939,6.5939,6.5939,6.5939,6.5939,6.5939,6.5939,6.5939,6.5939,6.5939,6.5939,6.5939,6.5939,6.5939,6.5939,6.5939,6.5939,6.5939,6.5939,6.5939,6.5939,6.5939,6.5939,6.5939,6.5939,6.5939,6.5939,6.5939,6.5939,6.5939,6.5939,6.5939,6.5939,6.5939,6.5939,6.5939,6.5939,6.5939,6.5939,6.5939,6.5939,6.5939,6.5939,6.5939,6.5939,6.5939,6.5939,6.5939,6.5939,6.5939,6.5939,6.5939,6.5939,6.5939,6.5939,6.5939,6.5939,6.5939,6.5939,6.5939,6.5939,6.5939,6.5939,6.5939,6.5939,6.5939,6.5939,6.5939,6.5939,6.5939,6.5939,6.5939,6.5939,6.5939,6.5939,6.5939,6.5939,6.5939,6.5939,6.5939,6.5939,6.5939,6.5939,6.5939,6.5939,6.5939,6.5939,6.5939,6.5939,6.5939,6.5939,6.5939,6.5939,6.5939,6.5939,6.5939,6.5939,6.5939,6.5939,6.5939,6.5939,6.5939,6.5939,6.5939,6.5939,6.5939,6.5939,6.5939,6.5939,6.5939,6.5939,6.5939,6.5939,6.5939,6.5939,6.5939,6.5939,6.5939,6.5939,6.5939,6.5939,6.5939,6.5939,6.5939,6.5939,6.5939,6.5939,6.5939,6.5939,6.5939,6.5939,6.5939,6.5939,6.5939,6.5939,6.5939,6.5939,6.5939,6.5939,6.5939,6.5939,6.5939,6.5939,6.5939,6.5939,6.5939,6.5939,6.5939,6.5939,6.5939,6.5939,6.5939,6.5939,6.5939,6.5939,6.5939,6.5939,6.5939,6.5939,6.5939,6.5939,6.5939,6.5939,6.5939,6.5939,6.5939,6.5939,6.5939,6.5939,6.5939,6.5939,6.5939,6.5939,6.5939,6.5939,6.5939,6.5939,6.5939,6.5939,6.5939,6.5939,6.5939,6.5939,6.5939,6.5939,6.5939,6.5939,6.5939,6.5939,6.5939,6.5939,6.5939,6.5939,6.5939,6.5939,6.5939,6.5939,6.5939,6.5939,6.5939,6.5939,6.5939,6.5939,6.5939,6.5939,6.5939,6.5939,6.5939,6.5939,6.5939,6.5939,6.5939,6.5939,6.5939,6.5939,6.5939,6.5939,6.5939,6.5939,6.5939,6.5939,6.5939,6.5939,6.5939,6.5939,6.5939,6.5939,6.5939,6.5939,6.5939,6.5939,6.5939,6.5939,6.5939,6.5939,6.5939,6.5939,6.5939,6.5939,6.5939,6.5939,6.5939,6.5939,6.5939,6.5939,6.5939,6.5939,6.5939,6.5939,6.5939,6.5939,6.5939,6.5939,6.5939,6.5939,6.5939,6.5939,6.5939,6.5939,6.5939,6.5939,6.5939,6.5939,6.5939,6.5939,6.5939,6.5939,6.5939,6.5939,6.5939,6.5939,6.5939,6.5939,6.5939,6.5939,6.5939,6.5939,6.5939,6.5939,6.5939,6.5939,6.5939,6.5939,6.5939,6.5939,6.5939,6.5939,6.5939,6.5939,6.5939,6.5939,6.5939,6.5939,6.5939,6.5939,6.5939,6.5939,6.5939,6.5939,6.5939,6.5939,6.5939,6.5939,6.5939,6.5939,6.5939,6.5939,6.5939,6.5939,6.5939,6.5939,6.5939,6.5939,6.5939,6.5939,6.5939,6.5939,6.5939,6.5939,6.5939,6.5939,6.5939,6.5939,6.5939,6.5939,6.5939,6.5939,6.5939,6.5939,6.5939,6.5939,6.5939,6.5939,6.5939,6.5939,6.5939,6.5939,6.5939,6.5939,6.5939,6.5939,6.5939,6.5939,6.5939,6.5944,6.5944,6.5944,6.5944,6.5944,6.5944,6.5944,6.5944,6.5944,6.5944,6.5944,6.5944,6.5944,6.5944,6.5944,6.5944,6.5944,6.5944,6.5944,6.5944,6.5944,6.5944,6.5944,6.5944,6.5944,6.5944,6.5944,6.5944,6.5944,6.5944,6.5944,6.5944,6.5944,6.5944,6.5944,6.5944,6.5944,6.5944,6.5944,6.5944,6.5944,6.5944,6.5944,6.5944,6.5944,6.5944,6.5944,6.5944,6.5944,6.5944,6.5944,6.5944,6.5944,6.5944,6.5944,6.5944,6.5944,6.5944,6.5944,6.5944,6.5944,6.5944,6.5944,6.5944,6.5944,6.5944,6.5944,6.5944,6.5944,6.5944,6.5944,6.5944,6.5944,6.5944,6.5944,6.5944,6.5944,6.5944,6.5944,6.5944,6.5944,6.5944,6.5944,6.5944,6.5944,6.5944,6.5944,6.5944,6.5944,6.5944,6.5944,6.5944,6.5944,6.5944,6.5944,6.5944,6.5944,6.5944,6.5944,6.5944,6.5944,6.5944,6.5944,6.5944,6.5944,6.5944,6.5944,6.5944,6.5944,6.5944,6.5944,6.5944,6.5944,6.5944,6.5944,6.5944,6.5944,6.5944,6.5944,6.5944,6.5944,6.5944,6.5944,6.5944,6.5944,6.5944,6.5944,6.5944,6.5944,6.5944,6.5944,6.5944,6.5944,6.5944,6.5944,6.5944,6.5944,6.5944,6.5944,6.5944,6.5944,6.5944,6.5944,6.5944,6.5944,6.5944,6.5944,6.5944,6.5944,6.5944,6.5944,6.5944,6.5944,6.5944,6.5944,6.5944,6.5944,6.5944,6.5944,6.5944,6.5944,6.5944,6.5944,6.5944,6.5944,6.5944,6.5944,6.5944,6.5944,6.5944,6.5944,6.5944,6.5944,6.5944,6.5944,6.5944,6.5944,6.5944,6.5944,6.5944,6.5944,6.5944,6.5944,6.5944,6.5944,6.5944,6.5944,6.5944,6.5944,6.5944,6.5944,6.5944,6.5944,6.5944,6.5944,6.5944,6.5944,6.5944,6.5944,6.5944,6.5944,6.5944,6.5944,6.5944,6.5944,6.5944,6.5944,6.5944,6.5944,6.5944,6.5944,6.5944,6.5944,6.5944,6.5944,6.5944,6.5944,6.5944,6.5944,6.5944,6.5944,6.5944,6.5944,6.5944,6.5944,6.5944,6.5944,6.5944,6.5944,6.5944,6.5944,6.5944,6.5944,6.5944,6.5944,6.5944,6.5944,6.5944,6.5944,6.5944,6.5944,6.5944,6.5944,6.5944,6.5944,6.5944,6.5944,6.5944,6.5944,6.5944,6.5944,6.5944,6.5944,6.5944,6.5944,6.5944,6.5944,6.5944,6.5944,6.5944,6.5944,6.5944,6.5944,6.5944,6.5944,6.5944,6.5944,6.5944,6.5944,6.5944,6.5944,6.5944,6.5944,6.5944,6.5944,6.5944,6.5944,6.5944,6.5944,6.5944,6.5944,6.5944,6.5944,6.5944,6.5944,6.5944,6.5944,6.5944,6.5944,6.5944,6.5944,6.5944,6.5944,6.5944,6.5944,6.5944,6.5944,6.5944,6.5944,6.5944,6.5944,6.5944,6.5944,6.5944,6.5944,6.5944,6.5944,6.5944,6.5944,6.5944,6.5944,6.5944,6.5944,6.5944,6.5944,6.5944,6.5944,6.5944,6.5944,6.5944,6.5944,6.5944,6.5944,6.5944,6.5944,6.5944,6.5944,6.5944,6.5944,6.5944,6.5944,6.5944,6.5944,6.5944,6.5944,6.5944,6.5944,6.5944,6.5944,6.5944,6.5944,6.5944,6.5944,6.5944,6.5944,6.5944,6.5944,6.5944,6.5944,6.5944,6.5944,6.5944,6.5944,6.5944,6.5944,6.5944,6.5944,6.5944,6.5944,6.5944,6.5944,6.5944,6.5944,6.5944,6.5944,6.5944,6.5944,6.5944,6.5944,6.5944,6.5944,6.5944,6.5944,6.5944,6.5944,6.5944,6.5944,6.5944,6.5944,6.5944,6.5944,6.5944,6.5944,6.5944,6.5944,6.5944,6.5944,6.5944,6.5944,6.5944,6.5944,6.5944,6.5944,6.5944,6.5944,6.5944,6.5944,6.5944,6.5944,6.5944,6.5944,6.5944,6.5944,6.5944,6.5944,6.5944,6.5944,6.5944,6.5944,6.5944,6.5944,6.5944,6.5944,6.5944,6.5944,6.5944,6.5944,6.5944,6.5944,6.5944,6.5944,6.5944,6.5944,6.5944,6.5944,6.5944,6.5944,6.5944,6.5944,6.5944,6.5944,6.5944,6.5944,6.5944,6.5944,6.5944,6.5944,6.5944,6.5944,6.5944,6.5944,6.5944,6.5944,6.5944,6.5944,6.5944,6.5944,6.5944,6.5944,6.5944,6.5944,6.5944,6.5944,6.5944,6.5944,6.5944,6.5944,6.5944,6.5944,6.5944,6.5944,6.5944,6.5944,6.5944,6.5944,6.5944,6.5944,6.5944,6.5944,6.5944,6.5944,6.5944,6.5944,6.5944,6.5944,6.5944,6.5944,6.5944,6.5944,6.5944,6.5944,6.5944,6.5944,6.5944,6.5944,6.5944,6.5944,6.5944,6.5944,6.5944,6.5944,6.5944,6.5944,6.5944,6.5944,6.5944,6.5944,6.5944,6.5944,6.5944,6.5944,6.5944,6.5944,6.5944,6.5944,6.5944,6.5944,6.5944,6.5944,6.5944,6.5944,6.5944,6.5944,6.5944,6.5944,6.5944,6.5944,6.5944,6.5944,6.5944,6.5944,6.5944,6.5944,6.5944,6.5944,6.5944,6.5944,6.5944,6.5944,6.5944,6.5944,6.5944,6.5944,6.5944,6.5944,6.5944,6.5944,6.5944,6.5944,6.5944,6.5944,6.5944,6.5944,6.5944,6.5944,6.5944,6.5944,6.5944,6.5944,6.5944,6.5944,6.5944,6.5944,6.5944,6.5944,6.5944,6.5944,6.5944,6.5944,6.5944,6.5944,6.5944,6.5944,6.5944,6.5944,6.5944,6.5944,6.5944,6.5944,6.5944,6.5944,6.5944,6.5944,6.5944,6.5944,6.5944,6.5944,6.5944,6.5944,6.5944,6.5944,6.5944,6.5944,6.5944,6.5944,6.5944,6.5944,6.5944,6.5944,6.5944,6.5944,6.5944,6.5944,6.5944,6.5944,6.5944,6.5944,6.5944,6.5944,6.5944,6.5944,6.5944,6.5944,6.5944,6.5944,6.5944,6.5944,6.5944,6.5944,6.5944,6.5944,6.5944
6.5898,6.5898,6.5898,6.5898,6.5898,6.5898,6.5898,6.5898,6.5898,6.5898,6.5898,6.5898,6.5898,6.5898,6.5898,6.5898,6.5898,6.5898,6.5898,6.5898,6.5898,6.5898,6.5898,6.5898,6.5898,6.5898,6.5898,6.5898,6.5898,6.5898,6.5898,6.5898,6.5898,6.5898,6.5898,6.5898,6.5898,6.5898,6.5898,6.5898,6.5898,6.5898,6.5898,6.5898,6.5898,6.5898,6.5898,6.5898,6.5898,6.5898,6.5898,6.5898,6.5898,6.5898,6.5898,6.5898,6.5898,6.5898,6.5898,6.5898,6.5898,6.5898,6.5898,6.5898,6.5898,6.5898,6.5898,6.5898,6.5898,6.5898,6.5898,6.5898,6.5898,6.5898,6.5898,6.5898,6.5898,6.5898,6.5898,6.5898,6.5898,6.5898,6.5898,6.5898,6.5898,6.5898,6.5898,6.5898,6.5898,6.5898,6.5898,6.5898,6.5898,6.5898,6.5898,6.5898,6.5898,6.5898,6.5898,6.5898,6.5898,6.5898,6.5898,6.5898,6.5898,6.5898,6.5898,6.5898,6.5898,6.5898,6.5898,6.5898,6.5898,6.5898,6.5898,6.5898,6.5898,6.5898,6.5898,6.5898,6.5898,6.5898,6.5898,6.5898,6.5898,6.5898,6.5898,6.5898,6.5898,6.5898,6.5898,6.5898,6.5898,6.5898,6.5898,6.5898,6.5898,6.5898,6.5898,6.5898,6.5898,6.5898,6.5898,6.5898,6.5898,6.5898,6.5898,6.5898,6.5898,6.5898,6.5898,6.5898,6.5898,6.5898,6.5898,6.5898,6.5898,6.5898,6.5898,6.5898,6.5898,6.5898,6.5898,6.5898,6.5898,6.5898,6.5898,6.5898,6.5898,6.5898,6.5898,6.5898,6.5898,6.5898,6.5898,6.5898,6.5898,6.5898,6.5898,6.5898,6.5898,6.5898,6.5898,6.5898,6.5898,6.5898,6.5898,6.5898,6.5898,6.5898,6.5898,6.5898,6.5898,6.5898,6.5898,6.5898,6.5898,6.5898,6.5898,6.5898,6.5898,6.5898,6.5898,6.5898,6.5898,6.5898,6.5898,6.5898,6.5898,6.5898,6.5898,6.5898,6.5898,6.5898,6.5898,6.5898,6.5898,6.5898,6.5898,6.5898,6.5898,6.5898,6.5898,6.5898,6.5898,6.5898,6.5898,6.5898,6.5898,6.5898,6.5898,6.5898,6.5898,6.5898,6.5898,6.5898,6.5898,6.5898,6.5898,6.5898,6.5898,6.5898,6.5898,6.5898,6.5898,6.5898,6.5898,6.5898,6.5898,6.5898,6.5898,6.5898,6.5898,6.5898,6.5898,6.5898,6.5898,6.5898,6.5898,6.5898,6.5898,6.5898,6.5898,6.5898,6.5898,6.5898,6.5898,6.5898,6.5898,6.5898,6.5898,6.5898,6.5898,6.5898,6.5898,6.5898,6.5898,6.5898,6.5898,6.5898,6.5898,6.5898,6.5892,6.5892,6.5892,6.5892,6.5892,6.5892,6.5892,6.5892,6.5892,6.5892,6.5892,6.5892,6.5892,6.5892,6.5892,6.5892,6.5892,6.5892,6.5892,6.5892,6.5892,6.5892,6.5892,6.5892,6.5892,6.5892,6.5892,6.5892,6.5892,6.5892,6.5892,6.5892,6.5892,6.5892,6.5892,6.5892,6.5892,6.5892,6.5892,6.5892,6.5892,6.5892,6.5892,6.5892,6.5892,6.5892,6.5892,6.5892,6.5892,6.5892,6.5892,6.5892,6.5892,6.5892,6.5892,6.5892,6.5892,6.5892,6.5892,6.5892,6.5892,6.5892,6.5892,6.5892,6.5892,6.5892,6.5892,6.5892,6.5892,6.5892,6.5892,6.5892,6.5892,6.5892,6.5892,6.5892,6.5892,6.5892,6.5892,6.5892,6.5892,6.5892,6.5892,6.5892,6.5892,6.5892,6.5892,6.5892,6.5892,6.5892,6.5892,6.5892,6.5892,6.5892,6.5892,6.5892,6.5892,6.5892,6.5892,6.5892,6.5892,6.5892,6.5892,6.5892,6.5892,6.5892,6.5892,6.5892,6.5892,6.5892,6.5892,6.5892,6.5892,6.5892,6.5892,6.5892,6.5892,6.5892,6.5892,6.5892,6.5892,6.5892,6.5892,6.5892,6.5892,6.5892,6.5892,6.5892,6.5892,6.5892,6.5892,6.5892,6.5892,6.5892,6.5892,6.5892,6.5892,6.5892,6.5892,6.5892,6.5892,6.5892,6.5892,6.5892,6.5892,6.5892,6.5892,6.5892,6.5892,6.5892,6.5892,6.5892,6.5892,6.5892,6.5892,6.5892,6.5892,6.5892,6.5892,6.5892,6.5892,6.5892,6.5892,6.5892,6.5892,6.5892,6.5892,6.5892,6.5892,6.5892,6.5892,6.5892,6.5892,6.5892,6.5892,6.5892,6.5892,6.5892,6.5892,6.5892,6.5892,6.5892,6.5892,6.5892,6.5892,6.5892,6.5892,6.5892,6.5892,6.5892,6.5892,6.5892,6.5892,6.5892,6.5892,6.5892,6.5892,6.5892,6.5892,6.5892,6.5892,6.5892,6.5892,6.5892,6.5892,6.5892,6.5892,6.5892,6.5892,6.5892,6.5892,6.5892,6.5892,6.5892,6.5892,6.5892,6.5892,6.5892,6.5892,6.5892,6.5892,6.5892,6.5892,6.5892,6.5892,6.5892,6.5892,6.5892,6.5892,6.5892,6.5892,6.5892,6.5892,6.5892,6.5892,6.5892,6.5892,6.5892,6.5892,6.5892,6.5892,6.5892,6.5892,6.5892,6.5892,6.5892,6.5892,6.5892,6.5892,6.5892,6.5892,6.5892,6.5892,6.5892,6.5892,6.5892,6.5892,6.5892,6.5892,6.5892,6.5892,6.5892,6.5892,6.5892,6.5892,6.5892,6.5892,6.5892,6.5892,6.5892,6.5892,6.5892,6.5892,6.5892,6.5892,6.5892,6.5892,6.5892,6.5892,6.5892,6.5892,6.5892,6.5892,6.5892,6.5892,6.5892,6.5892,6.5892,6.5892,6.5892,6.5892,6.5892,6.5892,6.5892,6.5892,6.5892,6.5892,6.5892,6.5892,6.5892,6.5892,6.5892,6.5892,6.5892,6.5892,6.5892,6.5892,6.5892,6.5892,6.5892,6.5892,6.5892,6.5892,6.5892,6.5892,6.5892,6.5892,6.5892,6.5892,6.5892,6.5892,6.5892,6.5892,6.5892,6.5892,6.5892,6.5892,6.5892,6.5892,6.5892,6.5892,6.5892,6.5892,6.5892,6.5892,6.5892,6.5892,6.5892,6.5892,6.5892,6.5892,6.5892,6.5892,6.5892,6.5892,6.5892,6.5892,6.5892,6.5892,6.5892,6.5892,6.5892,6.5892,6.5892,6.5892,6.5892,6.5892,6.5892,6.5892,6.5892,6.5892,6.5892,6.5892,6.5892,6.5892,6.5892,6.5892,6.5892,6.5892,6.5892,6.5892,6.5892,6.5892,6.5892,6.5892,6.5892,6.5892,6.5892,6.5892,6.5892,6.5892,6.5892,6.5892,6.5892,6.5892,6.5892,6.5892,6.5892,6.5892,6.5892,6.5892,6.5892,6.5892,6.5892,6.5892,6.5892,6.5892,6.5892,6.5892,6.5892,6.5892,6.5892,6.5892,6.5892,6.5892,6.5892,6.5892,6.5892,6.5892,6.5892,6.5892,6.5892,6.5892,6.5892,6.5892,6.5892,6.5892,6.5892,6.5892,6.5892,6.5892,6.5892,6.5892,6.5892,6.5892,6.5892,6.5892,6.5892,6.5892,6.5892,6.5892,6.5892,6.5892,6.5892,6.5892,6.5892,6.5892,6.5892,6.5892,6.5892,6.5892,6.5892,6.5892,6.5892,6.5892,6.5892,6.5892,6.5892,6.5892,6.5892,6.5892,6.5892,6.5892,6.5892,6.5892,6.5892,6.5892,6.5892,6.5892,6.5892,6.5892,6.5892,6.5892,6.5892,6.5892,6.5892,6.5892,6.5892,6.5892,6.5892,6.5892,6.5892,6.5892,6.5892,6.5892,6.5892,6.5892,6.5892,6.5892,6.5892,6.5892,6.5892,6.5892,6.5892,6.5892,6.5892,6.5892,6.5892,6.5892,6.5892,6.5892,6.5892,6.5892,6.5892,6.5892,6.5892,6.5892,6.5892,6.5892,6.5892,6.5892,6.5892,6.5892,6.5892,6.5892,6.5892,6.5892,6.5892,6.5892,6.5892,6.5892,6.5892,6.5892,6.5892,6.5892,6.5892,6.5892,6.5892,6.5892,6.5892,6.5892,6.5892,6.5892,6.5892,6.5892,6.5892,6.5892,6.5892,6.5892,6.5892,6.5892,6.5892,6.5892,6.5892,6.5892,6.5892,6.5892,6.5892,6.5892,6.5892,6.5892,6.5892,6.5892,6.5892,6.5892,6.5892,6.5892,6.5892,6.5892,6.5892,6.5892,6.5892,6.5892,6.5892,6.5892,6.5892,6.5892,6.5892,6.5892,6.5892,6.5892,6.5892,6.5892,6.5892,6.5892,6.5892,6.5892,6.5892,6.5892,6.5892,6.5892,6.5892,6.5892,6.5892,6.5892,6.5892,6.5892,6.5892,6.5892,6.5892,6.5892,6.5892,6.5892,6.5892,6.5892,6.5892,6.5892,6.5892,6.5892,6.5892,6.5892,6.5892,6.5892,6.5892,6.5892,6.5892,6.5892,6.5892,6.5892,6.5892,6.5892,6.5892,6.5892,6.5892,6.5892,6.5892,6.5892,6.5892,6.5892,6.5892,6.5892,6.5892,6.5892,6.5892,6.5892,6.5892,6.5892,6.5892,6.5892,6.5892,6.5892,6.5892,6.5892,6.5892,6.5892,6.5892,6.5892,6.5892,6.5892,6.5892,6.5892,6.5892,6.5892,6.5892,6.5892,6.5892,6.5892,6.5892,6.5892,6.5892,6.5892,6.5892,6.5892,6.5892,6.5892,6.5892,6.5892,6.5892,6.5892,6.5892,6.5892,6.5892,6.5892,6.5892,6.5892,6.5892,6.5892,6.5892,6.5892,6.5892,6.5892,6.5892,6.5892,6.5892,6.5892,6.5892,6.5892,6.5892,6.5892,6.5892,6.5892,6.5892,6.5892,6.5892,6.5892,6.5892,6.5892,6.5892
6.5849,6.5849,6.5849,6.5849,6.5849,6.5849,6.5849,6.5849,6.5849,6.5849,6.5849,6.5849,6.5849,6.5849,6.5849,6.5849,6.5849,6.5849,6.5849,6.5849,6.5849,6.5849,6.5849,6.5849,6.5849,6.5849,6.5849,6.5849,6.5849,6.5849,6.5849,6.5849,6.5849,6.5849,6.5849,6.5849,6.5849,6.5849,6.5849,6.5849,6.5849,6.5849,6.5849,6.5849,6.5849,6.5849,6.5849,6.5849,6.5849,6.5849,6.5849,6.5849,6.5849,6.5849,6.5849,6.5849,6.5849,6.5849,6.5849,6.5849,6.5849,6.5849,6.5849,6.5849,6.5849,6.5849,6.5849,6.5849,6.5849,6.5849,6.5849,6.5849,6.5849,6.5849,6.5849,6.5849,6.5849,6.5849,6.5849,6.5849,6.5849,6.5849,6.5849,6.5849,6.5849,6.5849,6.5849,6.5849,6.5849,6.5849,6.5849,6.5849,6.5849,6.5849,6.5849,6.5849,6.5849,6.5849,6.5849,6.5849,6.5849,6.5849,6.5849,6.5849,6.5849,6.5849,6.5849,6.5849,6.5849,6.5849,6.5849,6.5849,6.5849,6.5849,6.5849,6.5849,6.5849,6.5849,6.5849,6.5849,6.5849,6.5849,6.5849,6.5849,6.5849,6.5849,6.5849,6.5849,6.5849,6.5849,6.5849,6.5849,6.5849,6.5849,6.5849,6.5849,6.5849,6.5849,6.5849,6.5849,6.5849,6.5849,6.5849,6.5849,6.5849,6.5849,6.5849,6.5849,6.5849,6.5849,6.5849,6.5849,6.5849,6.5849,6.5849,6.5849,6.5849,6.5849,6.5849,6.5849,6.5849,6.5849,6.5849,6.5849,6.5849,6.5849,6.5849,6.5849,6.5849,6.5849,6.5849,6.5849,6.5849,6.5849,6.5849,6.5849,6.5849,6.5849,6.5849,6.5849,6.5849,6.5849,6.5849,6.5849,6.5849,6.5849,6.5849,6.5849,6.5849,6.5849,6.5849,6.5849,6.5849,6.5849,6.5849,6.5849,6.5849,6.5849,6.5849,6.5849,6.5849,6.5849,6.5849,6.5849,6.5849,6.5849,6.5849,6.5849,6.5849,6.5849,6.5849,6.5849,6.5849,6.5849,6.5849,6.5849,6.5849,6.5849,6.5849,6.5849,6.5849,6.5849,6.5849,6.5849,6.5849,6.5849,6.5849,6.5849,6.5849,6.5849,6.5849,6.5849,6.5849,6.5849,6.5849,6.5849,6.5849,6.5849,6.5849,6.5849,6.5849,6.5849,6.5849,6.5849,6.5849,6.5849,6.5849,6.5849,6.5849,6.5849,6.5849,6.5849,6.5849,6.5849,6.5849,6.5849,6.5849,6.5849,6.5849,6.5849,6.5849,6.5849,6.5849,6.5849,6.5849,6.5849,6.5849,6.5849,6.5849,6.5849,6.5849,6.5849,6.5849,6.5849,6.5849,6.5849,6.5849,6.5849,6.5849,6.5849,6.5849,6.5849,6.5849,6.5849,6.5849,6.5849,6.5849,6.5849,6.5849,6.5849,6.5849,6.5849,6.5849,6.5849,6.5849,6.5849,6.5849,6.5849,6.5849,6.5849,6.5849,6.5849,6.5849,6.5849,6.5849,6.5849,6.5849,6.5849,6.5849,6.5849,6.5849,6.5849,6.5849,6.5849,6.5849,6.5849,6.5849,6.5849,6.5849,6.5849,6.5849,6.5849,6.5849,6.5849,6.5849,6.5849,6.5849,6.5849,6.5849,6.5849,6.5849,6.5849,6.5849,6.5849,6.5849,6.5849,6.5849,6.5849,6.5849,6.5849,6.5849,6.5849,6.5849,6.5849,6.5849,6.5849,6.5849,6.5849,6.5849,6.5849,6.5849,6.5849,6.5849,6.5849,6.5849,6.5849,6.5849,6.5849,6.5849,6.5849,6.5849,6.5849,6.5849,6.5849,6.5849,6.5849,6.5849,6.5849,6.5849,6.5849,6.5849,6.5849,6.5849,6.5849,6.5849,6.5849,6.5849,6.5849,6.5849,6.5849,6.5849,6.5849,6.5849,6.5849,6.5849,6.5849,6.5849,6.5849,6.5849,6.5849,6.5849,6.5849,6.5849,6.5849,6.5849,6.5849,6.5849,6.5849,6.5849,6.5849,6.5849,6.5849,6.5849,6.5849,6.5849,6.5849,6.5849,6.5849,6.5849,6.5849,6.5849,6.5849,6.5849,6.5849,6.5849,6.5849,6.5849,6.5849,6.5849,6.5849,6.5849,6.5849,6.5849,6.5849,6.5849,6.5849,6.5849,6.5849,6.5849,6.5849,6.5849,6.5849,6.5849,6.5849,6.5849,6.5849,6.5849,6.5849,6.5849,6.5849,6.5849,6.5849,6.5849,6.5849,6.5849,6.5849,6.5849,6.5849,6.5849,6.5849,6.5849,6.5849,6.5849,6.5849,6.5849,6.5849,6.5849,6.5849,6.5849,6.5849,6.5849,6.5849,6.5849,6.5849,6.5849,6.5849,6.5849,6.5849,6.5849,6.5849,6.5849,6.5849,6.5849,6.5849,6.5849,6.5849,6.5849,6.5849,6.5849,6.5849,6.5849,6.5849,6.5849,6.5849,6.5849,6.5849,6.5849,6.5849,6.5849,6.5849,6.5849,6.5849,6.5849,6.5849,6.5849,6.5849,6.5849,6.5849,6.5849,6.5849,6.5849,6.5849,6.5849,6.5849,6.5849,6.5849,6.5849,6.5849,6.5849,6.5849,6.5849,6.5849,6.5849,6.5849,6.5849,6.5849,6.5849,6.5849,6.5849,6.5849,6.5849,6.5849,6.5849,6.5849,6.5849,6.5849,6.5849,6.5849,6.5849,6.5849,6.5849,6.5849,6.5849,6.5849,6.5849,6.5849,6.5849,6.5849,6.5849,6.5849,6.5849,6.5849,6.5849,6.5849,6.5849,6.5849,6.5849,6.5849,6.5849,6.5849,6.5849,6.5849,6.5849,6.5849,6.5849,6.5849,6.5849,6.5849,6.5849,6.5849,6.5849,6.5849,6.5849,6.5849,6.5849,6.5849,6.5849,6.5849,6.5849,6.5849,6.5849,6.5849,6.5849,6.5849,6.5849,6.5849,6.5849,6.5849,6.5849,6.5849,6.5849,6.5849,6.5849,6.5849,6.5849,6.5849,6.5849,6.5849,6.5849,6.5849,6.5849,6.5849,6.5849,6.5849,6.5849,6.5849,6.5849,6.5849,6.5849,6.5849,6.5849,6.5849,6.5849,6.5849,6.5849,6.5849,6.5849,6.5849,6.5849,6.5849,6.5849,6.5849,6.5849,6.5849,6.5849,6.5849,6.5849,6.5849,6.5849,6.5849,6.5849,6.5849,6.5849,6.5849,6.5849,6.5849,6.5849,6.5849,6.5849,6.5849,6.5849,6.5849,6.5849,6.5849,6.5849,6.5849,6.5849,6.5849,6.5849,6.5849,6.5849,6.5849,6.5849,6.5849,6.5849,6.5849,6.5849,6.5849,6.5849,6.5849,6.5849,6.5849,6.5849,6.5849,6.5849,6.5849,6.5849,6.5849,6.5849,6.5849,6.5849,6.5849,6.5849,6.5849,6.5849,6.5849,6.5849,6.5849,6.5849,6.5849,6.5849,6.5849,6.5849,6.5849,6.5849,6.5849,6.5849,6.5849,6.5849,6.5849,6.5849,6.5849,6.5849,6.5849,6.5849,6.5849,6.5849,6.5849,6.5849,6.5849,6.5849,6.5849,6.5849,6.5849,6.5849,6.5849,6.5849,6.5849,6.5849,6.5849,6.5849,6.5849,6.5849,6.5849,6.5849,6.5849,6.5849,6.5849,6.5849,6.5849,6.5849,6.5849,6.5849,6.5849,6.5849,6.5849,6.5849,6.5849,6.5849,6.5849,6.5849,6.5849,6.5849,6.5849,6.5849,6.5849,6.5849,6.5849,6.5849,6.5849,6.5849,6.5849,6.5849,6.5849,6.5849,6.5849,6.5849,6.5849,6.5849,6.5849,6.5849,6.5849,6.5849,6.5849,6.5849,6.5849,6.5849,6.5849,6.5849,6.5849,6.5849,6.5849,6.5849,6.5849,6.5849,6.5849,6.5849,6.5849,6.5849,6.5849,6.5849,6.5849,6.5849,6.5849,6.5849,6.5849,6.5849,6.5849,6.5849,6.5849,6.5849,6.5849,6.5849,6.5849,6.5849,6.5849,6.5849,6.5849,6.5849,6.5849,6.5849,6.5849,6.5849,6.5849,6.5849,6.5849,6.5849,6.5849,6.5849,6.5849,6.5849,6.5849,6.5849,6.5849,6.5849,6.5849,6.5849,6.5849,6.5849,6.5849,6.5849,6.5849,6.5849,6.5849,6.5849,6.5849,6.5849,6.5849,6.5849,6.5849,6.5849,6.5849,6.5849,6.5849,6.5849,6.5849,6.5849,6.5849,6.5849,6.5849,6.5849,6.5849,6.5849,6.5849,6.5849,6.5849,6.5849,6.5849,6.5849,6.5849,6.5849,6.5849,6.5849,6.5849,6.5849,6.5849,6.5849,6.5849,6.5849,6.5849,6.5849,6.5849,6.5849,6.5849,6.5849,6.5849,6.5849,6.5849,6.5849,6.5849,6.5849,6.5849,6.5849,6.5849,6.5849,6.5849,6.5849,6.5849,6.5849,6.5849,6.5849,6.5849,6.5849,6.5849,6.5849,6.5849,6.5849,6.5849,6.5849,6.5849,6.5849,6.5849,6.5849,6.5849,6.5849,6.5849,6.5849,6.5849,6.5849,6.5849,6.5849,6.5849,6.5849,6.5849,6.5849,6.5849,6.5849,6.5849,6.5849,6.5849,6.5849,6.5849,6.5849,6.5849,6.5849,6.5849,6.5849,6.5849,6.5849,6.5849,6.5849,6.5849,6.5849,6.5849,6.5849,6.5849,6.5849,6.5849,6.5849,6.5849,6.5849,6.5849,6.5849,6.5849,6.5849,6.5849,6.5849,6.5849,6.5849,6.5849,6.5849,6.5849,6.5849,6.5849,6.5849,6.5849,6.5849,6.5849,6.5849,6.5849,6.5849,6.5849,6.5849,6.5849,6.5849,6.5849,6.5849,6.5849,6.5849,6.5849,6.5849,6.5849,6.5849,6.5849,6.5849,6.5849,6.5849,6.5849,6.5849,6.5849,6.5849,6.5849,6.5849,6.5849,6.5849,6.5849,6.5849,6.5849,6.5849,6.5849
6.5799,6.5799,6.5799,6.5799,6.5799,6.5799,6.5799,6.5799,6.5799,6.5799,6.5799,6.5799,6.5799,6.5799,6.5799,6.5799,6.5799,6.5799,6.5799,6.5799,6.5799,6.5799,6.5799,6.5799,6.5799,6.5799,6.5799,6.5799,6.5799,6.5799,6.5799,6.5799,6.5799,6.5799,6.5799,6.5799,6.5799,6.5799,6.5799,6.5799,6.5799,6.5799,6.5799,6.5799,6.5799,6.5799,6.5799,6.5799,6.5799,6.5799,6.5799,6.5799,6.5799,6.5799,6.5799,6.5799,6.5799,6.5799,6.5799,6.5799,6.5799,6.5799,6.5799,6.5799,6.5799,6.5799,6.5799,6.5799,6.5799,6.5799,6.5799,6.5799,6.5799,6.5799,6.5799,6.5799,6.5799,6.5799,6.5799,6.5799,6.5799,6.5799,6.5799,6.5799,6.5799,6.5799,6.5799,6.5799,6.5799,6.5799,6.5799,6.5799,6.5799,6.5799,6.5799,6.5799,6.5799,6.5799,6.5799,6.5799,6.5799,6.5799,6.5799,6.5799,6.5799,6.5799,6.5799,6.5799,6.5799,6.5799,6.5799,6.5799,6.5794,6.5794,6.5794,6.5794,6.5794,6.5794,6.5794,6.5794,6.5794,6.5794,6.5794,6.5794,6.5794,6.5794,6.5794,6.5794,6.5794,6.5794,6.5794,6.5794,6.5794,6.5794,6.5794,6.5794,6.5794,6.5794,6.5794,6.5794,6.5794,6.5794,6.5794,6.5794,6.5794,6.5794,6.5794,6.5794,6.5794,6.5794,6.5794,6.5794,6.5794,6.5794,6.5794,6.5794,6.5794,6.5794,6.5794,6.5794,6.5794,6.5794,6.5794,6.5794,6.5794,6.5794,6.5794,6.5794,6.5794,6.5794,6.5794,6.5794,6.5794,6.5794,6.5794,6.5794,6.5794,6.5794,6.5794,6.5794,6.5794,6.5794,6.5794,6.5794,6.5794,6.5794,6.5794,6.5794,6.5794,6.5794,6.5794,6.5794,6.5794,6.5794,6.5794,6.5794,6.5794,6.5794,6.5794,6.5794,6.5794,6.5794,6.5794,6.5794,6.5794,6.5794,6.5794,6.5794,6.5794,6.5794,6.5794,6.5794,6.5794,6.5794,6.5794,6.5794,6.5794,6.5794,6.5794,6.5794,6.5794,6.5794,6.5794,6.5794,6.5794,6.5794,6.5794,6.5794,6.5794,6.5794,6.5794,6.5794,6.5794,6.5794,6.5794,6.5794,6.5794,6.5794,6.5794,6.5794,6.5794,6.5794,6.5794,6.5794,6.5794,6.5794,6.5794,6.5794,6.5794,6.5794,6.5794,6.5794,6.5794,6.5794,6.5794,6.5794,6.5794,6.5794,6.5794,6.5794,6.5794,6.5794,6.5794,6.5794,6.5794,6.5794,6.5794,6.5794,6.5794,6.5794,6.5794,6.5794,6.5794,6.5794,6.5794,6.5794,6.5794,6.5794,6.5794,6.5794,6.5794,6.5794,6.5794,6.5794,6.5794,6.5794,6.5794,6.5794,6.5794,6.5794,6.5794,6.5794,6.5794,6.5794,6.5794,6.5794,6.5794,6.5794,6.5794,6.5794,6.5794,6.5794,6.5794,6.5794,6.5794,6.5794,6.5794,6.5794,6.5794,6.5794,6.5794,6.5794,6.5794,6.5794,6.5794,6.5794,6.5794,6.5794,6.5794,6.5794,6.5794,6.5794,6.5794,6.5794,6.5794,6.5794,6.5794,6.5794,6.5794,6.5794,6.5794,6.5794,6.5794,6.5794,6.5794,6.5794,6.5794,6.5794,6.5794,6.5794,6.5794,6.5794,6.5794,6.5794,6.5794,6.5794,6.5794,6.5794,6.5794,6.5794,6.5794,6.5794,6.5794,6.5794,6.5794,6.5794,6.5794,6.5794,6.5794,6.5794,6.5794,6.5794,6.5794,6.5794,6.5794,6.5794,6.5794,6.5794,6.5794,6.5794,6.5794,6.5794,6.5794,6.5794,6.5794,6.5794,6.5794,6.5794,6.5794,6.5794,6.5794,6.5794,6.5794,6.5794,6.5794,6.5794,6.5794,6.5794,6.5794,6.5794,6.5794,6.5794,6.5794,6.5794,6.5794,6.5794,6.5794,6.5794,6.5794,6.5794,6.5794,6.5794,6.5794,6.5794,6.5794,6.5794,6.5794,6.5794,6.5794,6.5794,6.5794,6.5794,6.5794,6.5794,6.5794,6.5794,6.5794,6.5794,6.5794,6.5794,6.5794,6.5794,6.5794,6.5794,6.5794,6.5794,6.5794,6.5794,6.5794,6.5794,6.5794,6.5794,6.5794,6.5794,6.5794,6.5794,6.5794,6.5794,6.5794,6.5794,6.5794,6.5794,6.5794,6.5794,6.5794,6.5794,6.5794,6.5794,6.5794,6.5794,6.5794,6.5794,6.5794,6.5794,6.5794,6.5794,6.5794,6.5794,6.5794,6.5794,6.5794,6.5794,6.5794,6.5794,6.5794,6.5794,6.5794,6.5794,6.5794,6.5794,6.5794,6.5794,6.5794,6.5794,6.5794,6.5794,6.5794,6.5794,6.5794,6.5794,6.5794,6.5794,6.5794,6.5794,6.5794,6.5794,6.5794,6.5794,6.5794,6.5794,6.5794,6.5794,6.5794,6.5794,6.5794,6.5794,6.5794,6.5794,6.5794,6.5794,6.5794,6.5794,6.5794,6.5794,6.5794,6.5794,6.5794,6.5794,6.5794,6.5794,6.5794,6.5794,6.5794,6.5794,6.5794,6.5794,6.5794,6.5794,6.5794,6.5794,6.5794,6.5794,6.5794,6.5794,6.5794,6.5794,6.5794,6.5794,6.5794,6.5794,6.5794,6.5794,6.5794,6.5794,6.5794,6.5794,6.5794,6.5794,6.5794,6.5794,6.5794,6.5794,6.5794,6.5794,6.5794,6.5794,6.5794,6.5794,6.5794,6.5794,6.5794,6.5794,6.5794,6.5794,6.5794,6.5794,6.5794,6.5794,6.5794,6.5794,6.5794,6.5794,6.5794,6.5794,6.5794,6.5794,6.5794,6.5794,6.5794,6.5794,6.5794,6.5794,6.5794,6.5794,6.5794,6.5794,6.5794,6.5794,6.5794,6.5794,6.5794,6.5794,6.5794,6.5794,6.5794,6.5794,6.5794,6.5794,6.5794,6.5794,6.5794,6.5794,6.5794,6.5794,6.5794,6.5794,6.5794,6.5794,6.5794,6.5794,6.5794,6.5794,6.5794,6.5794,6.5794,6.5794,6.5794,6.5794,6.5794,6.5794,6.5794,6.5794,6.5794,6.5794,6.5794,6.5794,6.5794,6.5794,6.5794,6.5794,6.5794,6.5794,6.5794,6.5794,6.5794,6.5794,6.5794,6.5794,6.5794,6.5794,6.5794,6.5794,6.5794,6.5794,6.5794,6.5794,6.5794,6.5794,6.5794,6.5794,6.5794,6.5794,6.5794,6.5794,6.5794,6.5794,6.5794,6.5794,6.5794,6.5794,6.5794,6.5794,6.5794,6.5794,6.5794,6.5794,6.5794,6.5794,6.5794,6.5794,6.5794,6.5794,6.5794,6.5794,6.5794,6.5794,6.5794,6.5794,6.5794,6.5794,6.5794,6.5794,6.5794,6.5794,6.5794,6.5794,6.5794,6.5794,6.5794,6.5794,6.5794,6.5794,6.5794,6.5794,6.5794,6.5794,6.5794,6.5794,6.5794,6.5794,6.5794,6.5794,6.5794,6.5794,6.5794,6.5794,6.5794,6.5794,6.5794,6.5794,6.5794,6.5794,6.5794,6.5794,6.5794,6.5794,6.5794,6.5794,6.5794,6.5794,6.5794,6.5794,6.5794,6.5794,6.5794,6.5794,6.5794,6.5794,6.5794,6.5794,6.5794,6.5794,6.5794,6.5794,6.5794,6.5794,6.5794,6.5794,6.5794,6.5794,6.5794,6.5794,6.5794,6.5794,6.5794,6.5794,6.5794,6.5794,6.5794,6.5794,6.5794,6.5794,6.5794,6.5794,6.5794,6.5794,6.5794,6.5794,6.5794,6.5794,6.5794,6.5794,6.5794,6.5794,6.5794,6.5794,6.5794,6.5794,6.5794,6.5794,6.5794,6.5794,6.5794,6.5794,6.5794,6.5794,6.5794,6.5794,6.5794,6.5794,6.5794,6.5794,6.5794,6.5794,6.5794,6.5794,6.5794,6.5794,6.5794,6.5794,6.5794,6.5794,6.5794,6.5794,6.5794,6.5794,6.5794,6.5794,6.5794,6.5794,6.5794,6.5794,6.5794,6.5794,6.5794,6.5794,6.5794,6.5794,6.5794,6.5794,6.5794,6.5794,6.5794,6.5794,6.5794,6.5794,6.5794,6.5794,6.5794,6.5794,6.5794,6.5794,6.5794,6.5794,6.5794,6.5794,6.5794,6.5794,6.5794,6.5794,6.5794,6.5794,6.5794,6.5794,6.5794,6.5794,6.5794,6.5794,6.5794,6.5794,6.5794,6.5794,6.5794,6.5794,6.5794,6.5794,6.5794,6.5794,6.5794,6.5794,6.5794,6.5794,6.5794,6.5794,6.5794,6.5794,6.5794,6.5794,6.5794,6.5794,6.5794,6.5794,6.5794,6.5794,6.5794,6.5794,6.5794,6.5794,6.5794,6.5794,6.5794,6.5794,6.5794,6.5794,6.5794,6.5794,6.5794,6.5794,6.5794,6.5794,6.5794,6.5794,6.5794,6.5794,6.5794,6.5794,6.5794,6.5794,6.5794,6.5794,6.5794,6.5794,6.5794,6.5794,6.5794,6.5794,6.5794,6.5794,6.5794,6.5794,6.5794,6.5794,6.5794,6.5794,6.5794,6.5794,6.5794,6.5794,6.5794,6.5794,6.5794,6.5794,6.5794,6.5794,6.5794,6.5794,6.5794,6.5794,6.5794,6.5794,6.5794,6.5794,6.5794,6.5794,6.5794,6.5794,6.5794,6.5794,6.5794,6.5794,6.5794,6.5794,6.5794,6.5794,6.5794,6.5794,6.5794,6.5794,6.5794,6.5794,6.5794,6.5794,6.5794,6.5794,6.5794,6.5794,6.5794,6.5794,6.5794,6.5794,6.5794,6.5794,6.5794,6.5794,6.5794,6.5794,6.5794,6.5794,6.5794,6.5794,6.5794,6.5794,6.5794,6.5794,6.5794,6.5794,6.5794,6.5794,6.5794,6.5794
6.5751,6.5751,6.5751,6.5751,6.5751,6.5751,6.5751,6.5751,6.5751,6.5751,6.5751,6.5751,6.5751,6.5751,6.5751,6.5751,6.5751,6.5751,6.5751,6.5751,6.5751,6.5751,6.5751,6.5751,6.5751,6.5751,6.5751,6.5751,6.5751,6.5751,6.5751,6.5751,6.5751,6.5751,6.5751,6.5751,6.5751,6.5751,6.5751,6.5751,6.5751,6.5751,6.5751,6.5751,6.5751,6.5751,6.5751,6.5751,6.5751,6.5751,6.5751,6.5751,6.5751,6.5751,6.5751,6.5751,6.5751,6.5751,6.5751,6.5751,6.5751,6.5751,6.5751,6.5751,6.5751,6.5751,6.5751,6.5751,6.5751,6.5751,6.5751,6.5751,6.5751,6.5751,6.5751,6.5751,6.5751,6.5751,6.5751,6.5751,6.5751,6.5751,6.5751,6.5751,6.5751,6.5751,6.5751,6.5751,6.5751,6.5751,6.5751,6.5751,6.5751,6.5751,6.5751,6.5751,6.5751,6.5751,6.5751,6.5751,6.5751,6.5751,6.5751,6.5751,6.5751,6.5751,6.5751,6.5751,6.5751,6.5751,6.5751,6.5751,6.5751,6.5751,6.5751,6.5751,6.5751,6.5751,6.5751,6.5751,6.5751,6.5751,6.5751,6.5751,6.5751,6.5751,6.5751,6.5751,6.5751,6.5751,6.5751,6.5751,6.5751,6.5751,6.5751,6.5751,6.5751,6.5751,6.5751,6.5751,6.5751,6.5751,6.5751,6.5751,6.5751,6.5751,6.5751,6.5751,6.5751,6.5751,6.5751,6.5751,6.5751,6.5751,6.5751,6.5751,6.5751,6.5751,6.5751,6.5751,6.5751,6.5751,6.5751,6.5751,6.5751,6.5751,6.5751,6.5751,6.5751,6.5751,6.5751,6.5751,6.5751,6.5751,6.5751,6.5751,6.5751,6.5751,6.5751,6.5751,6.5751,6.5751,6.5751,6.5751,6.5751,6.5751,6.5751,6.5751,6.5751,6.5751,6.5751,6.5751,6.5751,6.5751,6.5751,6.5751,6.5751,6.5751,6.5751,6.5751,6.5751,6.5751,6.5751,6.5751,6.5751,6.5751,6.5751,6.5751,6.5751,6.5751,6.5751,6.5751,6.5751,6.5751,6.5751,6.5751,6.5751,6.5751,6.5751,6.5751,6.5751,6.5751,6.5751,6.5751,6.5751,6.5751,6.5751,6.5751,6.5751,6.5751,6.5751,6.5751,6.5751,6.5751,6.5751,6.5751,6.5751,6.5751,6.5751,6.5751,6.5751,6.5751,6.5751,6.5751,6.5751,6.5751,6.5751,6.5751,6.5751,6.5751,6.5751,6.5751,6.5751,6.5751,6.5751,6.5751,6.5751,6.5751,6.5751,6.5751,6.5751,6.5751,6.5751,6.5751,6.5751,6.5751,6.5751,6.5751,6.5751,6.5751,6.5751,6.5751,6.5751,6.5751,6.5751,6.5751,6.5751,6.5751,6.5751,6.5751,6.5751,6.5751,6.5751,6.5751,6.5751,6.5751,6.5751,6.5751,6.5751,6.5751,6.5751,6.5751,6.5751,6.5751,6.5751,6.5751,6.5751,6.5751,6.5751,6.5751,6.5751,6.5751,6.5751,6.5751,6.5751,6.5751,6.5751,6.5751,6.5751,6.5751,6.5751,6.5751,6.5751,6.5751,6.5751,6.5751,6.5751,6.5751,6.5751,6.5751,6.5751,6.5751,6.5751,6.5751,6.5751,6.5751,6.5751,6.5751,6.5751,6.5751,6.5751,6.5751,6.5751,6.5751,6.5751,6.5751,6.5751,6.5751,6.5751,6.5751,6.5751,6.5751,6.5751,6.5751,6.5751,6.5751,6.5751,6.5751,6.5751,6.5751,6.5751,6.5751,6.5751,6.5751,6.5751,6.5751,6.5751,6.5751,6.5751,6.5751,6.5751,6.5751,6.5751,6.5751,6.5751,6.5751,6.5751,6.5751,6.5751,6.5751,6.5751,6.5751,6.5751,6.5751,6.5751,6.5751,6.5751,6.5751,6.5751,6.5751,6.5751,6.5751,6.5751,6.5751,6.5751,6.5751,6.5751,6.5751,6.5751,6.5751,6.5751,6.5751,6.5751,6.5751,6.5751,6.5751,6.5751,6.5751,6.5751,6.5751,6.5751,6.5751,6.5751,6.5751,6.5751,6.5751,6.5751,6.5751,6.5751,6.5751,6.5751,6.5751,6.5751,6.5751,6.5751,6.5751,6.5751,6.5751,6.5751,6.5751,6.5751,6.5751,6.5751,6.5751,6.5751,6.5751,6.5751,6.5751,6.5751,6.5751,6.5751,6.5751,6.5751,6.5751,6.5751,6.5751,6.5751,6.5751,6.5751,6.5751,6.5751,6.5751,6.5751,6.5751,6.5751,6.5751,6.5751,6.5751,6.5751,6.5751,6.5751,6.5751,6.5751,6.5751,6.5751,6.5751,6.5751,6.5751,6.5751,6.5751,6.5751,6.5751,6.5751,6.5751,6.5751,6.5751,6.5751,6.5751,6.5751,6.5751,6.5751,6.5751,6.5751,6.5751,6.5751,6.5751,6.5751,6.5751,6.5751,6.5751,6.5751,6.5751,6.5751,6.5751,6.5751,6.5751,6.5751,6.5751,6.5751,6.5751,6.5751,6.5751,6.5751,6.5751,6.5751,6.5751,6.5751,6.5751,6.5751,6.5751,6.5751,6.5751,6.5751,6.5751,6.5751,6.5751,6.5751,6.5751,6.5751,6.5751,6.5751,6.5751,6.5751,6.5751,6.5751,6.5751,6.5751,6.5751,6.5751,6.5751,6.5751,6.5751,6.5751,6.5751,6.5751,6.5751,6.5751,6.5751,6.5751,6.5751,6.5751,6.5751,6.5751,6.5751,6.5751,6.5751,6.5751,6.5751,6.5751,6.5751,6.5751,6.5751,6.5751,6.5751,6.5751,6.5751,6.5751,6.5751,6.5751,6.5751,6.5751,6.5751,6.5751,6.5751,6.5751,6.5751,6.5751,6.5751,6.5751,6.5751,6.5751,6.5751,6.5751,6.5751,6.5751,6.5751,6.5751,6.5751,6.5751,6.5751,6.5751,6.5751,6.5751,6.5751,6.5751,6.5751,6.5751,6.5751,6.5751,6.5751,6.5751,6.5751,6.5751,6.5751,6.5751,6.5751,6.5751,6.5751,6.5751,6.5751,6.5751,6.5751,6.5751,6.5751,6.5751,6.5751,6.5751,6.5751,6.5751,6.5751,6.5751,6.5751,6.5751,6.5751,6.5751,6.5751,6.5751,6.5751,6.5751,6.5751,6.5751,6.5751,6.5751,6.5751,6.5751,6.5751,6.5751,6.5751,6.5751,6.5751,6.5751,6.5751,6.5751,6.5751,6.5751,6.5751,6.5751,6.5751,6.5751,6.5751,6.5751,6.5751,6.5751,6.5751,6.5751,6.5751,6.5751,6.5751,6.5751,6.5751,6.5751,6.5751,6.5751,6.5751,6.5751,6.5751,6.5751,6.5751,6.5751,6.5751,6.5751,6.5751,6.5751,6.5751,6.5751,6.5751,6.5751,6.5751,6.5751,6.5751,6.5751,6.5751,6.5751,6.5751,6.5751,6.5751,6.5751,6.5751,6.5751,6.5751,6.5751,6.5751,6.5751,6.5751,6.5751,6.5751,6.5751,6.5751,6.5751,6.5751,6.5751,6.5751,6.5751,6.5751,6.5751,6.5751,6.5751,6.5751,6.5751,6.5751,6.5751,6.5751,6.5751,6.5751,6.5751,6.5751,6.5751,6.5751,6.5751,6.5751,6.5751,6.5751,6.5751,6.5751,6.5751,6.5751,6.5751,6.5751,6.5751,6.5751,6.5751,6.5751,6.5751,6.5751,6.5751,6.5751,6.5751,6.5751,6.5751,6.5751,6.5751,6.5751,6.5751,6.5751,6.5751,6.5751,6.5751,6.5751,6.5751,6.5751,6.5751,6.5751,6.5751,6.5751,6.5751,6.5751,6.5751,6.5751,6.5751,6.5751,6.5751,6.5751,6.5751,6.5751,6.5751,6.5751,6.5751,6.5751,6.5751,6.5751,6.5751,6.5751,6.5751,6.5751,6.5751,6.5751,6.5751,6.5751,6.5751,6.5751,6.5751,6.5751,6.5751,6.5751,6.5751,6.5751,6.5751,6.5751,6.5751,6.5751,6.5751,6.5751,6.5751,6.5751,6.5751,6.5751,6.5751,6.5751,6.5751,6.5751,6.5751,6.5751,6.5751,6.5751,6.5751,6.5751,6.5751,6.5751,6.5751,6.5751,6.5751,6.5751,6.5751,6.5751,6.5751,6.5751,6.5751,6.5751,6.5751,6.5751,6.5751,6.5751,6.5751,6.5751,6.5751,6.5751,6.5751,6.5751,6.5751,6.5751,6.5751,6.5751,6.5751,6.5751,6.5751,6.5751,6.5751,6.5751,6.5751,6.5751,6.5751,6.5751,6.5751,6.5751,6.5751,6.5751,6.5751,6.5751,6.5751,6.5751,6.5751,6.5751,6.5751,6.5751,6.5751,6.5751,6.5751,6.5751,6.5751,6.5751,6.5751,6.5751,6.5751,6.5751,6.5751,6.5751,6.5751,6.5751,6.5751,6.5751,6.5751,6.5751,6.5751,6.5751,6.5751,6.5751,6.5751,6.5751,6.5751,6.5751,6.5751,6.5751,6.5751,6.5751,6.5751,6.5751,6.5751,6.5751,6.5751,6.5751,6.5751,6.5751,6.5751,6.5751,6.5751,6.5751,6.5751,6.5751,6.5751,6.5751,6.5751,6.5751,6.5751,6.5751,6.5751,6.5751,6.5751,6.5751,6.5751,6.5751,6.5751,6.5751,6.5751,6.5751,6.5751,6.5751,6.5751,6.5751,6.5751,6.5751,6.5751,6.5751,6.5751,6.5751,6.5751,6.5751,6.5751,6.5751,6.5751,6.5751,6.5751,6.5751,6.5751,6.5751,6.5751,6.5751,6.5751,6.5751,6.5751,6.5751,6.5751,6.5751,6.5751,6.5751,6.5751,6.5751,6.5751,6.5751,6.5751,6.5751,6.5751,6.5751,6.5751,6.5751,6.5751,6.5751,6.5751,6.5751,6.5751,6.5751,6.5751,6.5751,6.5751,6.5751,6.5751,6.5751,6.5751,6.5751,6.5751,6.5751,6.5751,6.5751,6.5751,6.5751,6.5751,6.5751,6.5751,6.5751,6.5751,6.5751
6.5699,6.5699,6.5699,6.5699,6.5699,6.5699,6.5699,6.5699,6.5699,6.5699,6.5699,6.5699,6.5699,6.5699,6.5699,6.5699,6.5699,6.5699,6.5699,6.5699,6.5699,6.5699,6.5699,6.5699,6.5699,6.5699,6.5699,6.5699,6.5699,6.5699,6.5699,6.5699,6.5699,6.5699,6.5699,6.5699,6.5699,6.5699,6.5699,6.5699,6.5699,6.5699,6.5699,6.5699,6.5699,6.5699,6.5699,6.5699,6.5699,6.5699,6.5699,6.5699,6.5699,6.5699,6.5699,6.5699,6.5699,6.5699,6.5699,6.5699,6.5699,6.5699,6.5699,6.5699,6.5699,6.5699,6.5699,6.5699,6.5699,6.5699,6.5699,6.5699,6.5699,6.5699,6.5699,6.5699,6.5699,6.5699,6.5699,6.5699,6.5699,6.5699,6.5699,6.5699,6.5699,6.5699,6.5699,6.5699,6.5699,6.5699,6.5699,6.5699,6.5699,6.5699,6.5699,6.5699,6.5699,6.5699,6.5699,6.5699,6.5699,6.5699,6.5699,6.5699,6.5699,6.5699,6.5699,6.5699,6.5699,6.5699,6.5699,6.5699,6.5699,6.5699,6.5699,6.5699,6.5699,6.5699,6.5699,6.5699,6.5699,6.5699,6.5699,6.5699,6.5699,6.5699,6.5699,6.5699,6.5699,6.5699,6.5699,6.5699,6.5699,6.5699,6.5699,6.5699,6.5699,6.5699,6.5699,6.5699,6.5699,6.5699,6.5699,6.5699,6.5699,6.5699,6.5699,6.5699,6.5699,6.5699,6.5699,6.5699,6.5699,6.5699,6.5699,6.5699,6.5699,6.5699,6.5699,6.5699,6.5699,6.5699,6.5699,6.5699,6.5699,6.5699,6.5699,6.5699,6.5699,6.5699,6.5699,6.5699,6.5699,6.5699,6.5699,6.5699,6.5699,6.5699,6.5699,6.5699,6.5699,6.5699,6.5699,6.5699,6.5699,6.5699,6.5699,6.5699,6.5699,6.5699,6.5699,6.5699,6.5699,6.5699,6.5699,6.5699,6.5699,6.5699,6.5699,6.5699,6.5699,6.5699,6.5699,6.5699,6.5699,6.5699,6.5699,6.5699,6.5699,6.5699,6.5699,6.5699,6.5699,6.5699,6.5699,6.5699,6.5699,6.5699,6.5699,6.5699,6.5699,6.5699,6.5699,6.5699,6.5699,6.5699,6.5699,6.5699,6.5699,6.5699,6.5699,6.5699,6.5699,6.5699,6.5699,6.5699,6.5699,6.5699,6.5699,6.5699,6.5699,6.5699,6.5699,6.5699,6.5699,6.5699,6.5699,6.5699,6.5699,6.5699,6.5699,6.5699,6.5699,6.5699,6.5699,6.5699,6.5699,6.5699,6.5699,6.5699,6.5699,6.5699,6.5699,6.5699,6.5699,6.5699,6.5699,6.5699,6.5699,6.5699,6.5699,6.5699,6.5699,6.5699,6.5699,6.5699,6.5699,6.5699,6.5699,6.5699,6.5699,6.5699,6.5699,6.5699,6.5699,6.5699,6.5699,6.5699,6.5699,6.5699,6.5699,6.5699,6.5699,6.5699,6.5699,6.5699,6.5699,6.5699,6.5699,6.5699,6.5699,6.5699,6.5699,6.5699,6.5699,6.5699,6.5699,6.5699,6.5699,6.5699,6.5699,6.5699,6.5699,6.5699,6.5699,6.5699,6.5699,6.5699,6.5699,6.5699,6.5699,6.5699,6.5699,6.5699,6.5699,6.5699,6.5699,6.5699,6.5699,6.5699,6.5699,6.5699,6.5699,6.5699,6.5699,6.5699,6.5699,6.5699,6.5699,6.5699,6.5699,6.5699,6.5699,6.5699,6.5699,6.5699,6.5699,6.5699,6.5699,6.5699,6.5699,6.5699,6.5699,6.5699,6.5699,6.5699,6.5699,6.5699,6.5699,6.5699,6.5699,6.5699,6.5699,6.5699,6.5699,6.5699,6.5699,6.5699,6.5699,6.5699,6.5699,6.5699,6.5699,6.5699,6.5699,6.5699,6.5699,6.5699,6.5699,6.5699,6.5699,6.5699,6.5699,6.5699,6.5699,6.5699,6.5699,6.5699,6.5699,6.5699,6.5699,6.5699,6.5699,6.5699,6.5699,6.5699,6.5699,6.5699,6.5699,6.5699,6.5699,6.5699,6.5699,6.5699,6.5699,6.5699,6.5699,6.5699,6.5699,6.5699,6.5699,6.5699,6.5699,6.5699,6.5699,6.5699,6.5699,6.5699,6.5699,6.5699,6.5699,6.5699,6.5699,6.5699,6.5699,6.5699,6.5699,6.5699,6.5699,6.5699,6.5699,6.5699,6.5699,6.5699,6.5699,6.5699,6.5699,6.5699,6.5699,6.5699,6.5699,6.5699,6.5699,6.5699,6.5699,6.5699,6.5699,6.5699,6.5699,6.5699,6.5699,6.5699,6.5699,6.5699,6.5699,6.5699,6.5699,6.5699,6.5699,6.5699,6.5699,6.5699,6.5699,6.5699,6.5699,6.5699,6.5699,6.5699,6.5699,6.5699,6.5699,6.5699,6.5699,6.5699,6.5699,6.5699,6.5699,6.5699,6.5699,6.5699,6.5699,6.5699,6.5699,6.5699,6.5699,6.5699,6.5699,6.5699,6.5699,6.5699,6.5699,6.5699,6.5699,6.5699,6.5699,6.5699,6.5699,6.5699,6.5699,6.5699,6.5699,6.5699,6.5699,6.5699,6.5699,6.5699,6.5699,6.5699,6.5699,6.5699,6.5699,6.5699,6.5699,6.5699,6.5699,6.5699,6.5699,6.5699,6.5699,6.5699,6.5699,6.5699,6.5699,6.5699,6.5699,6.5699,6.5699,6.5699,6.5699,6.5699,6.5699,6.5699,6.5699,6.5699,6.5699,6.5699,6.5699,6.5699,6.5699,6.5699,6.5699,6.5699,6.5699,6.5699,6.5699,6.5699,6.5699,6.5699,6.5699,6.5699,6.5699,6.5699,6.5699,6.5699,6.5699,6.5699,6.5699,6.5699,6.5699,6.5699,6.5699,6.5699,6.5699,6.5699,6.5699,6.5699,6.5699,6.5699,6.5699,6.5699,6.5699,6.5699,6.5699,6.5699,6.5699,6.5699,6.5699,6.5699,6.5699,6.5699,6.5704,6.5704,6.5704,6.5704,6.5704,6.5704,6.5704,6.5704,6.5704,6.5704,6.5704,6.5704,6.5704,6.5704,6.5704,6.5704,6.5704,6.5704,6.5704,6.5704,6.5704,6.5704,6.5704,6.5704,6.5704,6.5704,6.5704,6.5704,6.5704,6.5704,6.5704,6.5704,6.5704,6.5704,6.5704,6.5704,6.5704,6.5704,6.5704,6.5704,6.5704,6.5704,6.5704,6.5704,6.5704,6.5704,6.5704,6.5704,6.5704,6.5704,6.5704,6.5704,6.5704,6.5704,6.5704,6.5704,6.5704,6.5704,6.5704,6.5704,6.5704,6.5704,6.5704,6.5704,6.5704,6.5704,6.5704,6.5704,6.5704,6.5704,6.5704,6.5704,6.5704,6.5704,6.5704,6.5704,6.5704,6.5704,6.5704,6.5704,6.5704,6.5704,6.5704,6.5704,6.5704,6.5704,6.5704,6.5704,6.5704,6.5704,6.5704,6.5704,6.5704,6.5704,6.5704,6.5704,6.5704,6.5704,6.5704,6.5704,6.5704,6.5704,6.5704,6.5704,6.5704,6.5704,6.5704,6.5704,6.5704,6.5704,6.5704,6.5704,6.5704,6.5704,6.5704,6.5704,6.5704,6.5704,6.5704,6.5704,6.5704,6.5704,6.5704,6.5704,6.5704,6.5704,6.5704,6.5704,6.5704,6.5704,6.5704,6.5704,6.5704,6.5704,6.5704,6.5704,6.5704,6.5704,6.5704,6.5704,6.5704,6.5704,6.5704,6.5704,6.5704,6.5704,6.5704,6.5704,6.5704,6.5704,6.5704,6.5704,6.5704,6.5704,6.5704,6.5704,6.5704,6.5704,6.5704,6.5704,6.5704,6.5704,6.5704,6.5704,6.5704,6.5704,6.5704,6.5704,6.5704,6.5704,6.5704,6.5704,6.5704,6.5704,6.5704,6.5704,6.5704,6.5704,6.5704,6.5704,6.5704,6.5704,6.5704,6.5704,6.5704,6.5704,6.5704,6.5704,6.5704,6.5704,6.5704,6.5704,6.5704,6.5704,6.5704,6.5704,6.5704,6.5704,6.5704,6.5704,6.5704,6.5704,6.5704,6.5704,6.5704,6.5704,6.5704,6.5704,6.5704,6.5704,6.5704,6.5704,6.5704,6.5704,6.5704,6.5704,6.5704,6.5704,6.5704,6.5704,6.5704,6.5704,6.5704,6.5704,6.5704,6.5704,6.5704,6.5704,6.5704,6.5704,6.5704,6.5704,6.5704,6.5704,6.5704,6.5704,6.5704,6.5704,6.5704,6.5704,6.5704,6.5704,6.5704,6.5704,6.5704,6.5704,6.5704,6.5704,6.5704,6.5704,6.5704,6.5704,6.5704,6.5704,6.5704,6.5704,6.5704,6.5704,6.5704,6.5704,6.5704,6.5704,6.5704,6.5704,6.5704,6.5704,6.5704,6.5704,6.5704,6.5704,6.5704,6.5704,6.5704,6.5704,6.5704,6.5704,6.5704,6.5704,6.5704,6.5704,6.5704,6.5704,6.5704,6.5704,6.5704,6.5704,6.5704,6.5704,6.5704,6.5704,6.5704,6.5704,6.5704,6.5704,6.5704,6.5704,6.5704,6.5704,6.5704,6.5704,6.5704,6.5704,6.5704,6.5704,6.5704,6.5704,6.5704,6.5704,6.5704,6.5704,6.5704,6.5704,6.5704,6.5704,6.5704,6.5704,6.5704,6.5704,6.5704,6.5704,6.5704,6.5704,6.5704,6.5704,6.5704,6.5704,6.5704,6.5704,6.5704,6.5704,6.5704,6.5704,6.5704,6.5704,6.5704,6.5704,6.5704,6.5704,6.5704,6.5704,6.5704,6.5704,6.5704,6.5704,6.5704,6.5704,6.5704,6.5704,6.5704,6.5704,6.5704,6.5704,6.5704,6.5704,6.5704,6.5704,6.5704,6.5704,6.5704,6.5704,6.5704,6.5704,6.5704,6.5704,6.5704,6.5704,6.5704,6.5704,6.5704,6.5704,6.5704,6.5704,6.5704,6.5704,6.5704,6.5704,6.5704,6.5704,6.5704,6.5704
6.5655,6.5655,6.5655,6.5655,6.5655,6.5655,6.5655,6.5655,6.5655,6.5655,6.5655,6.5655,6.5655,6.5655,6.5655,6.5655,6.5655,6.5655,6.5655,6.5655,6.5655,6.5655,6.5655,6.5655,6.5655,6.5655,6.5655,6.5655,6.5655,6.5655,6.5655,6.5655,6.5655,6.5655,6.5655,6.5655,6.5655,6.5655,6.5655,6.5655,6.5655,6.5655,6.5655,6.5655,6.5655,6.5655,6.5655,6.5655,6.5655,6.5655,6.5655,6.5655,6.5655,6.5655,6.5655,6.5655,6.5655,6.5655,6.5655,6.5655,6.5655,6.5655,6.5655,6.5655,6.5655,6.5655,6.5655,6.5655,6.5655,6.5655,6.5655,6.5655,6.5655,6.5655,6.5655,6.5655,6.5655,6.5655,6.5655,6.5655,6.5655,6.5655,6.5655,6.5655,6.5655,6.5655,6.5655,6.5655,6.5655,6.5655,6.5655,6.5655,6.5655,6.5655,6.5655,6.5655,6.5655,6.5655,6.5655,6.5655,6.5655,6.5655,6.5655,6.5655,6.5655,6.5655,6.5655,6.5655,6.5655,6.5655,6.5655,6.5655,6.5655,6.5655,6.5655,6.5655,6.5655,6.5655,6.5655,6.5655,6.5655,6.5655,6.5655,6.5655,6.5655,6.5655,6.5655,6.5655,6.5655,6.5655,6.5655,6.5655,6.5655,6.5655,6.5655,6.5655,6.5655,6.5655,6.5655,6.5655,6.5655,6.5655,6.5655,6.5655,6.5655,6.5655,6.5655,6.5655,6.5655,6.5655,6.5655,6.5655,6.5655,6.5655,6.5655,6.5655,6.5655,6.5655,6.5655,6.5655,6.5655,6.5655,6.5655,6.5655,6.5655,6.5655,6.5655,6.5655,6.5655,6.5655,6.5655,6.5655,6.5655,6.5655,6.5655,6.5655,6.5655,6.5655,6.5655,6.5655,6.5655,6.5655,6.5655,6.5655,6.5655,6.5655,6.5655,6.5655,6.5655,6.5655,6.5655,6.5655,6.5655,6.5655,6.5655,6.5655,6.5655,6.5655,6.5655,6.5655,6.5655,6.5655,6.5655,6.5655,6.5655,6.5655,6.5655,6.5655,6.5655,6.5655,6.5655,6.5655,6.5655,6.5655,6.5655,6.5655,6.5655,6.5655,6.5655,6.5655,6.5655,6.5655,6.5655,6.5655,6.5655,6.5655,6.5655,6.5655,6.5655,6.5655,6.5655,6.5655,6.5655,6.5655,6.5655,6.5655,6.5655,6.5655,6.5655,6.5655,6.5655,6.5655,6.5655,6.5655,6.5655,6.5655,6.5655,6.5655,6.5655,6.5655,6.5655,6.5655,6.5655,6.5655,6.5655,6.5655,6.5655,6.5655,6.5655,6.5655,6.5655,6.5655,6.5655,6.5655,6.5655,6.5655,6.5655,6.5655,6.5655,6.5655,6.5655,6.5655,6.5655,6.5655,6.5655,6.5655,6.5655,6.5655,6.5655,6.5655,6.5655,6.5655,6.5655,6.5655,6.5655,6.5655,6.5655,6.5655,6.5655,6.5655,6.5655,6.5655,6.5655,6.5655,6.5655,6.5655,6.5655,6.5655,6.5655,6.5655,6.5650,6.5650,6.5650,6.5650,6.5650,6.5650,6.5650,6.5650,6.5650,6.5650,6.5650,6.5650,6.5650,6.5650,6.5650,6.5650,6.5650,6.5650,6.5650,6.5650,6.5650,6.5650,6.5650,6.5650,6.5650,6.5650,6.5650,6.5650,6.5650,6.5650,6.5650,6.5650,6.5650,6.5650,6.5650,6.5650,6.5650,6.5650,6.5650,6.5650,6.5650,6.5650,6.5650,6.5650,6.5650,6.5650,6.5650,6.5650,6.5650,6.5650,6.5650,6.5650,6.5650,6.5650,6.5650,6.5650,6.5650,6.5650,6.5650,6.5650,6.5650,6.5650,6.5650,6.5650,6.5650,6.5650,6.5650,6.5650,6.5650,6.5650,6.5650,6.5650,6.5650,6.5650,6.5650,6.5650,6.5650,6.5650,6.5650,6.5650,6.5650,6.5650,6.5650,6.5650,6.5650,6.5650,6.5650,6.5650,6.5650,6.5650,6.5650,6.5650,6.5650,6.5650,6.5650,6.5650,6.5650,6.5650,6.5650,6.5650,6.5650,6.5650,6.5650,6.5650,6.5650,6.5650,6.5650,6.5650,6.5650,6.5650,6.5650,6.5650,6.5650,6.5650,6.5650,6.5650,6.5650,6.5650,6.5650,6.5650,6.5650,6.5650,6.5650,6.5650,6.5650,6.5650,6.5650,6.5650,6.5650,6.5650,6.5650,6.5650,6.5650,6.5650,6.5650,6.5650,6.5650,6.5650,6.5650,6.5650,6.5650,6.5650,6.5650,6.5650,6.5650,6.5650,6.5650,6.5650,6.5650,6.5650,6.5650,6.5650,6.5650,6.5650,6.5650,6.5650,6.5650,6.5650,6.5650,6.5650,6.5650,6.5650,6.5650,6.5650,6.5650,6.5650,6.5650,6.5650,6.5650,6.5650,6.5650,6.5650,6.5650,6.5650,6.5650,6.5650,6.5650,6.5650,6.5650,6.5650,6.5650,6.5650,6.5650,6.5650,6.5650,6.5650,6.5650,6.5650,6.5650,6.5650,6.5650,6.5650,6.5650,6.5650,6.5650,6.5650,6.5650,6.5650,6.5650,6.5650,6.5650,6.5650,6.5650,6.5650,6.5650,6.5650,6.5650,6.5650,6.5650,6.5650,6.5650,6.5650,6.5650,6.5650,6.5650,6.5650,6.5650,6.5650,6.5650,6.5650,6.5650,6.5650,6.5650,6.5650,6.5650,6.5650,6.5650,6.5650,6.5650,6.5650,6.5650,6.5650,6.5650,6.5650,6.5650,6.5650,6.5650,6.5650,6.5650,6.5650,6.5650,6.5650,6.5650,6.5650,6.5650,6.5650,6.5650,6.5650,6.5650,6.5650,6.5650,6.5650,6.5650,6.5650,6.5650,6.5650,6.5650,6.5650,6.5650,6.5650,6.5650,6.5650,6.5650,6.5650,6.5650,6.5650,6.5650,6.5650,6.5650,6.5650,6.5650,6.5650,6.5650,6.5650,6.5650,6.5650,6.5650,6.5650,6.5650,6.5650,6.5650,6.5650,6.5650,6.5650,6.5650,6.5650,6.5650,6.5650,6.5650,6.5650,6.5650,6.5650,6.5650,6.5650,6.5650,6.5650,6.5650,6.5650,6.5650,6.5650,6.5650,6.5650,6.5650,6.5650,6.5650,6.5650,6.5650,6.5650,6.5650,6.5650,6.5650,6.5650,6.5650,6.5650,6.5650,6.5650,6.5650,6.5650,6.5650,6.5650,6.5650,6.5650,6.5650,6.5650,6.5650,6.5650,6.5650,6.5650,6.5650,6.5650,6.5650,6.5650,6.5650,6.5650,6.5650,6.5650,6.5650,6.5650,6.5650,6.5650,6.5650,6.5650,6.5650,6.5650,6.5650,6.5650,6.5650,6.5650,6.5650,6.5650,6.5650,6.5650,6.5650,6.5650,6.5650,6.5650,6.5650,6.5650,6.5650,6.5650,6.5650,6.5650,6.5650,6.5650,6.5650,6.5650,6.5650,6.5650,6.5650,6.5650,6.5650,6.5650,6.5650,6.5650,6.5650,6.5650,6.5650,6.5650,6.5650,6.5650,6.5650,6.5650,6.5650,6.5650,6.5650,6.5650,6.5650,6.5650,6.5650,6.5650,6.5650,6.5650,6.5650,6.5650,6.5650,6.5650,6.5650,6.5650,6.5650,6.5650,6.5650,6.5650,6.5650,6.5650,6.5650,6.5650,6.5650,6.5650,6.5650,6.5650,6.5650,6.5650,6.5650,6.5650,6.5650,6.5650,6.5650,6.5650,6.5650,6.5650,6.5650,6.5650,6.5650,6.5650,6.5650,6.5650,6.5650,6.5650,6.5650,6.5650,6.5650,6.5650,6.5650,6.5650,6.5650,6.5650,6.5650,6.5650,6.5650,6.5650,6.5650,6.5650,6.5650,6.5650,6.5650,6.5650,6.5650,6.5650,6.5650,6.5650,6.5650,6.5650,6.5650,6.5650,6.5650,6.5650,6.5650,6.5650,6.5650,6.5650,6.5650,6.5650,6.5650,6.5650,6.5650,6.5650,6.5650,6.5650,6.5650,6.5650,6.5650,6.5650,6.5650,6.5650,6.5650,6.5650,6.5650,6.5650,6.5650,6.5650,6.5650,6.5650,6.5650,6.5650,6.5650,6.5650,6.5650,6.5650,6.5650,6.5650,6.5650,6.5650,6.5650,6.5650,6.5650,6.5650,6.5650,6.5650,6.5650,6.5650,6.5650,6.5650,6.5650,6.5650,6.5650,6.5650,6.5650,6.5650,6.5650,6.5650,6.5650,6.5650,6.5650,6.5650,6.5650,6.5650,6.5650,6.5650,6.5650,6.5650,6.5650,6.5650,6.5650,6.5650,6.5650,6.5650,6.5650,6.5650,6.5650,6.5650,6.5650,6.5650,6.5650,6.5650,6.5650,6.5650,6.5650,6.5650,6.5650,6.5650,6.5650,6.5650,6.5650,6.5650,6.5650,6.5650,6.5650,6.5650,6.5650,6.5650,6.5650,6.5650,6.5650,6.5650,6.5650,6.5650,6.5650,6.5650,6.5650,6.5650,6.5650,6.5650,6.5650,6.5650,6.5650,6.5650,6.5650,6.5650,6.5650,6.5650,6.5650,6.5650,6.5650,6.5650,6.5650,6.5650,6.5650,6.5650,6.5650,6.5650,6.5650,6.5650,6.5650,6.5650,6.5650,6.5650,6.5650,6.5650,6.5650,6.5650,6.5650,6.5650,6.5650,6.5650,6.5650,6.5650,6.5650,6.5650,6.5650,6.5650,6.5650,6.5650,6.5650,6.5650,6.5650,6.5650,6.5650,6.5650,6.5650,6.5650,6.5650,6.5650,6.5650,6.5650,6.5650,6.5650,6.5650,6.5650,6.5650,6.5650,6.5650,6.5650,6.5650,6.5650,6.5650,6.5650,6.5650,6.5650,6.5650,6.5650,6.5650,6.5650,6.5650,6.5650,6.5650,6.5650,6.5650,6.5650,6.5650,6.5650,6.5650,6.5650,6.5650,6.5650,6.5650,6.5650,6.5650,6.5650,6.5650,6.5650,6.5650,6.5650,6.5650,6.5650,6.5650,6.5650,6.5650,6.5650,6.5650,6.5650
6.5607,6.5607,6.5607,6.5607,6.5607,6.5607,6.5607,6.5607,6.5607,6.5607,6.5607,6.5607,6.5607,6.5607,6.5607,6.5607,6.5607,6.5607,6.5607,6.5607,6.5607,6.5607,6.5607,6.5607,6.5607,6.5607,6.5607,6.5607,6.5607,6.5607,6.5607,6.5607,6.5607,6.5607,6.5607,6.5607,6.5607,6.5607,6.5607,6.5607,6.5607,6.5607,6.5607,6.5607,6.5607,6.5607,6.5607,6.5607,6.5607,6.5607,6.5607,6.5607,6.5607,6.5607,6.5607,6.5607,6.5607,6.5607,6.5607,6.5607,6.5607,6.5607,6.5607,6.5607,6.5607,6.5607,6.5607,6.5607,6.5607,6.5607,6.5607,6.5607,6.5607,6.5607,6.5607,6.5607,6.5607,6.5607,6.5607,6.5607,6.5607,6.5607,6.5607,6.5607,6.5607,6.5607,6.5607,6.5607,6.5607,6.5607,6.5607,6.5607,6.5607,6.5607,6.5607,6.5607,6.5607,6.5607,6.5607,6.5607,6.5607,6.5607,6.5607,6.5607,6.5607,6.5607,6.5607,6.5607,6.5607,6.5607,6.5607,6.5607,6.5607,6.5607,6.5607,6.5607,6.5607,6.5607,6.5607,6.5607,6.5607,6.5607,6.5607,6.5607,6.5607,6.5607,6.5607,6.5607,6.5607,6.5607,6.5607,6.5607,6.5607,6.5607,6.5607,6.5607,6.5607,6.5607,6.5607,6.5607,6.5607,6.5607,6.5607,6.5607,6.5607,6.5607,6.5607,6.5607,6.5607,6.5607,6.5607,6.5607,6.5607,6.5607,6.5607,6.5607,6.5607,6.5607,6.5607,6.5607,6.5607,6.5607,6.5607,6.5607,6.5607,6.5607,6.5607,6.5607,6.5607,6.5607,6.5607,6.5607,6.5607,6.5607,6.5607,6.5607,6.5607,6.5607,6.5607,6.5607,6.5607,6.5607,6.5607,6.5607,6.5607,6.5607,6.5607,6.5607,6.5607,6.5607,6.5607,6.5607,6.5607,6.5607,6.5607,6.5607,6.5607,6.5607,6.5607,6.5607,6.5607,6.5607,6.5607,6.5607,6.5607,6.5607,6.5607,6.5607,6.5607,6.5607,6.5607,6.5607,6.5607,6.5607,6.5607,6.5607,6.5607,6.5607,6.5607,6.5607,6.5607,6.5607,6.5607,6.5607,6.5607,6.5607,6.5607,6.5607,6.5607,6.5607,6.5607,6.5607,6.5607,6.5607,6.5607,6.5607,6.5607,6.5607,6.5607,6.5607,6.5607,6.5607,6.5607,6.5607,6.5607,6.5607,6.5607,6.5607,6.5607,6.5607,6.5607,6.5607,6.5607,6.5607,6.5607,6.5607,6.5607,6.5607,6.5607,6.5607,6.5607,6.5607,6.5607,6.5607,6.5607,6.5607,6.5607,6.5607,6.5607,6.5607,6.5607,6.5607,6.5607,6.5607,6.5607,6.5607,6.5607,6.5607,6.5607,6.5607,6.5607,6.5607,6.5607,6.5607,6.5607,6.5607,6.5607,6.5607,6.5607,6.5607,6.5607,6.5607,6.5607,6.5607,6.5607,6.5607,6.5607,6.5607,6.5607,6.5607,6.5607,6.5607,6.5607,6.5607,6.5607,6.5607,6.5607,6.5607,6.5607,6.5607,6.5607,6.5607,6.5607,6.5607,6.5607,6.5607,6.5607,6.5607,6.5607,6.5607,6.5607,6.5607,6.5607,6.5607,6.5607,6.5607,6.5607,6.5607,6.5607,6.5607,6.5607,6.5607,6.5607,6.5607,6.5607,6.5607,6.5607,6.5607,6.5607,6.5607,6.5607,6.5607,6.5607,6.5607,6.5607,6.5607,6.5607,6.5607,6.5607,6.5607,6.5607,6.5607,6.5607,6.5607,6.5607,6.5607,6.5607,6.5607,6.5607,6.5607,6.5607,6.5607,6.5607,6.5607,6.5607,6.5607,6.5607,6.5607,6.5607,6.5607,6.5607,6.5607,6.5607,6.5607,6.5607,6.5607,6.5607,6.5607,6.5607,6.5607,6.5607,6.5607,6.5607,6.5607,6.5607,6.5607,6.5607,6.5607,6.5607,6.5607,6.5607,6.5607,6.5607,6.5607,6.5607,6.5607,6.5607,6.5607,6.5607,6.5607,6.5607,6.5607,6.5607,6.5607,6.5607,6.5607,6.5607,6.5607,6.5607,6.5607,6.5607,6.5607,6.5607,6.5607,6.5607,6.5607,6.5607,6.5607,6.5607,6.5607,6.5607,6.5607,6.5607,6.5607,6.5607,6.5607,6.5607,6.5607,6.5607,6.5607,6.5607,6.5607,6.5607,6.5607,6.5607,6.5607,6.5607,6.5607,6.5607,6.5607,6.5607,6.5607,6.5607,6.5607,6.5607,6.5607,6.5607,6.5607,6.5607,6.5607,6.5607,6.5607,6.5607,6.5607,6.5607,6.5607,6.5607,6.5607,6.5607,6.5607,6.5607,6.5607,6.5607,6.5607,6.5607,6.5607,6.5607,6.5607,6.5607,6.5607,6.5607,6.5607,6.5607,6.5607,6.5607,6.5607,6.5607,6.5607,6.5607,6.5607,6.5607,6.5607,6.5607,6.5607,6.5607,6.5607,6.5607,6.5607,6.5607,6.5607,6.5607,6.5607,6.5607,6.5607,6.5607,6.5607,6.5607,6.5607,6.5607,6.5607,6.5607,6.5607,6.5607,6.5607,6.5607,6.5607,6.5607,6.5607,6.5607,6.5607,6.5607,6.5607,6.5607,6.5607,6.5607,6.5607,6.5607,6.5607,6.5607,6.5607,6.5607,6.5607,6.5607,6.5607,6.5607,6.5607,6.5607,6.5607,6.5607,6.5607,6.5607,6.5607,6.5607,6.5607,6.5607,6.5607,6.5607,6.5607,6.5607,6.5607,6.5607,6.5607,6.5607,6.5607,6.5607,6.5607,6.5607,6.5607,6.5607,6.5607,6.5607,6.5607,6.5607,6.5607,6.5607,6.5607,6.5607,6.5607,6.5607,6.5607,6.5607,6.5607,6.5607,6.5607,6.5607,6.5607,6.5607,6.5607,6.5607,6.5607,6.5607,6.5607,6.5607,6.5607,6.5607,6.5607,6.5607,6.5607,6.5607,6.5607,6.5607,6.5607,6.5607,6.5607,6.5607,6.5607,6.5607,6.5607,6.5607,6.5607,6.5607,6.5607,6.5607,6.5607,6.5607,6.5607,6.5607,6.5607,6.5607,6.5607,6.5607,6.5607,6.5607,6.5607,6.5607,6.5607,6.5607,6.5607,6.5607,6.5607,6.5607,6.5607,6.5607,6.5607,6.5607,6.5607,6.5607,6.5607,6.5607,6.5607,6.5607,6.5607,6.5607,6.5607,6.5607,6.5607,6.5607,6.5607,6.5607,6.5607,6.5607,6.5607,6.5607,6.5607,6.5607,6.5607,6.5607,6.5607,6.5607,6.5607,6.5607,6.5607,6.5607,6.5607,6.5607,6.5607,6.5607,6.5607,6.5607,6.5607,6.5607,6.5602,6.5602,6.5602,6.5602,6.5602,6.5602,6.5602,6.5602,6.5602,6.5602,6.5602,6.5602,6.5602,6.5602,6.5602,6.5602,6.5602,6.5602,6.5602,6.5602,6.5602,6.5602,6.5602,6.5602,6.5602,6.5602,6.5602,6.5602,6.5602,6.5602,6.5602,6.5602,6.5602,6.5602,6.5602,6.5602,6.5602,6.5602,6.5602,6.5602,6.5602,6.5602,6.5602,6.5602,6.5602,6.5602,6.5602,6.5602,6.5602,6.5602,6.5602,6.5602,6.5602,6.5602,6.5602,6.5602,6.5602,6.5602,6.5602,6.5602,6.5602,6.5602,6.5602,6.5602,6.5602,6.5602,6.5602,6.5602,6.5602,6.5602,6.5602,6.5602,6.5602,6.5602,6.5602,6.5602,6.5602,6.5602,6.5602,6.5602,6.5602,6.5602,6.5602,6.5602,6.5602,6.5602,6.5602,6.5602,6.5602,6.5602,6.5602,6.5602,6.5602,6.5602,6.5602,6.5602,6.5602,6.5602,6.5602,6.5602,6.5602,6.5602,6.5602,6.5602,6.5602,6.5602,6.5602,6.5602,6.5602,6.5602,6.5602,6.5602,6.5602,6.5602,6.5602,6.5602,6.5602,6.5602,6.5602,6.5602,6.5602,6.5602,6.5602,6.5602,6.5602,6.5602,6.5602,6.5602,6.5602,6.5602,6.5602,6.5602,6.5602,6.5602,6.5602,6.5602,6.5602,6.5602,6.5602,6.5602,6.5602,6.5602,6.5602,6.5602,6.5602,6.5602,6.5602,6.5602,6.5602,6.5602,6.5602,6.5602,6.5602,6.5602,6.5602,6.5602,6.5602,6.5602,6.5602,6.5602,6.5602,6.5602,6.5602,6.5602,6.5602,6.5602,6.5602,6.5602,6.5602,6.5602,6.5602,6.5602,6.5602,6.5602,6.5602,6.5602,6.5602,6.5602,6.5602,6.5602,6.5602,6.5602,6.5602,6.5602,6.5602,6.5602,6.5602,6.5602,6.5602,6.5602,6.5602,6.5602,6.5602,6.5602,6.5602,6.5602,6.5602,6.5602,6.5602,6.5602,6.5602,6.5602,6.5602,6.5602,6.5602,6.5602,6.5602,6.5602,6.5602,6.5602,6.5602,6.5602,6.5602,6.5602,6.5602,6.5602,6.5602,6.5602,6.5602,6.5602,6.5602,6.5602,6.5602,6.5602,6.5602,6.5602,6.5602,6.5602,6.5602,6.5602,6.5602,6.5602,6.5602,6.5602,6.5602,6.5602,6.5602,6.5602,6.5602,6.5602,6.5602,6.5602,6.5602,6.5602,6.5602,6.5602,6.5602,6.5602,6.5602,6.5602,6.5602,6.5602,6.5602,6.5602,6.5602,6.5602,6.5602,6.5602,6.5602,6.5602,6.5602,6.5602,6.5602,6.5602,6.5602,6.5602,6.5602,6.5602,6.5602,6.5602,6.5602,6.5602,6.5602,6.5602,6.5602,6.5602,6.5602,6.5602,6.5602,6.5602,6.5602,6.5602,6.5602,6.5602,6.5602,6.5602,6.5602,6.5602,6.5602,6.5602,6.5602,6.5602,6.5602,6.5602,6.5602,6.5602,6.5602,6.5602,6.5602,6.5602,6.5602,6.5602,6.5602,6.5602,6.5602,6.5602,6.5602,6.5602,6.5602
6.5558,6.5558,6.5558,6.5558,6.5558,6.5558,6.5558,6.5558,6.5558,6.5558,6.5558,6.5558,6.5558,6.5558,6.5558,6.5558,6.5558,6.5558,6.5558,6.5558,6.5558,6.5558,6.5558,6.5558,6.5558,6.5558,6.5558,6.5558,6.5558,6.5558,6.5558,6.5558,6.5558,6.5558,6.5558,6.5558,6.5558,6.5558,6.5558,6.5558,6.5558,6.5558,6.5558,6.5558,6.5558,6.5558,6.5558,6.5558,6.5558,6.5558,6.5558,6.5558,6.5558,6.5558,6.5558,6.5558,6.5558,6.5558,6.5558,6.5558,6.5558,6.5558,6.5558,6.5558,6.5558,6.5558,6.5558,6.5558,6.5558,6.5558,6.5558,6.5558,6.5558,6.5558,6.5558,6.5558,6.5558,6.5558,6.5553,6.5553,6.5553,6.5553,6.5553,6.5553,6.5553,6.5553,6.5553,6.5553,6.5553,6.5553,6.5553,6.5553,6.5553,6.5553,6.5553,6.5553,6.5553,6.5553,6.5553,6.5553,6.5553,6.5553,6.5553,6.5553,6.5553,6.5553,6.5553,6.5553,6.5553,6.5553,6.5553,6.5553,6.5553,6.5553,6.5553,6.5553,6.5553,6.5553,6.5553,6.5553,6.5553,6.5553,6.5553,6.5553,6.5553,6.5553,6.5553,6.5553,6.5553,6.5553,6.5553,6.5553,6.5553,6.5553,6.5553,6.5553,6.5553,6.5553,6.5553,6.5553,6.5553,6.5553,6.5553,6.5553,6.5553,6.5553,6.5553,6.5553,6.5553,6.5553,6.5553,6.5553,6.5553,6.5553,6.5553,6.5553,6.5553,6.5553,6.5553,6.5553,6.5553,6.5553,6.5553,6.5553,6.5553,6.5553,6.5553,6.5553,6.5553,6.5553,6.5553,6.5553,6.5553,6.5553,6.5553,6.5553,6.5553,6.5553,6.5553,6.5553,6.5553,6.5553,6.5553,6.5553,6.5553,6.5553,6.5553,6.5553,6.5553,6.5553,6.5553,6.5553,6.5553,6.5553,6.5553,6.5553,6.5553,6.5553,6.5553,6.5553,6.5553,6.5553,6.5553,6.5553,6.5553,6.5553,6.5553,6.5553,6.5553,6.5553,6.5553,6.5553,6.5553,6.5553,6.5553,6.5553,6.5553,6.5553,6.5553,6.5553,6.5553,6.5553,6.5553,6.5553,6.5553,6.5553,6.5553,6.5553,6.5553,6.5553,6.5553,6.5553,6.5553,6.5553,6.5553,6.5553,6.5553,6.5553,6.5553,6.5553,6.5553,6.5553,6.5553,6.5553,6.5553,6.5553,6.5553,6.5553,6.5553,6.5553,6.5553,6.5553,6.5553,6.5553,6.5553,6.5553,6.5553,6.5553,6.5553,6.5553,6.5553,6.5553,6.5553,6.5553,6.5553,6.5553,6.5553,6.5553,6.5553,6.5553,6.5553,6.5553,6.5553,6.5553,6.5553,6.5553,6.5553,6.5553,6.5553,6.5553,6.5553,6.5553,6.5553,6.5553,6.5553,6.5553,6.5553,6.5553,6.5553,6.5553,6.5553,6.5553,6.5553,6.5553,6.5553,6.5553,6.5553,6.5553,6.5553,6.5553,6.5553,6.5553,6.5553,6.5553,6.5553,6.5553,6.5553,6.5553,6.5553,6.5553,6.5553,6.5553,6.5553,6.5553,6.5553,6.5553,6.5553,6.5553,6.5553,6.5553,6.5553,6.5553,6.5553,6.5553,6.5553,6.5553,6.5553,6.5553,6.5553,6.5553,6.5553,6.5553,6.5553,6.5553,6.5553,6.5553,6.5553,6.5553,6.5553,6.5553,6.5553,6.5553,6.5553,6.5553,6.5553,6.5553,6.5553,6.5553,6.5553,6.5553,6.5553,6.5553,6.5553,6.5553,6.5553,6.5553,6.5553,6.5553,6.5553,6.5553,6.5553,6.5553,6.5553,6.5553,6.5553,6.5553,6.5553,6.5553,6.5553,6.5553,6.5553,6.5553,6.5553,6.5553,6.5553,6.5553,6.5553,6.5553,6.5553,6.5553,6.5553,6.5553,6.5553,6.5553,6.5553,6.5553,6.5553,6.5553,6.5553,6.5553,6.5553,6.5553,6.5553,6.5553,6.5553,6.5553,6.5553,6.5553,6.5553,6.5553,6.5553,6.5553,6.5553,6.5553,6.5553,6.5553,6.5553,6.5553,6.5553,6.5553,6.5553,6.5553,6.5553,6.5553,6.5553,6.5553,6.5553,6.5553,6.5553,6.5553,6.5553,6.5553,6.5553,6.5553,6.5553,6.5553,6.5553,6.5553,6.5553,6.5553,6.5553,6.5553,6.5553,6.5553,6.5553,6.5553,6.5553,6.5553,6.5553,6.5553,6.5553,6.5553,6.5553,6.5553,6.5553,6.5553,6.5553,6.5553,6.5553,6.5553,6.5553,6.5553,6.5553,6.5553,6.5553,6.5553,6.5553,6.5553,6.5553,6.5553,6.5553,6.5553,6.5553,6.5553,6.5553,6.5553,6.5553,6.5553,6.5553,6.5553,6.5553,6.5553,6.5553,6.5553,6.5553,6.5553,6.5553,6.5553,6.5553,6.5553,6.5553,6.5553,6.5553,6.5553,6.5553,6.5553,6.5553,6.5553,6.5553,6.5553,6.5553,6.5553,6.5553,6.5553,6.5553,6.5553,6.5553,6.5553,6.5553,6.5553,6.5553,6.5553,6.5553,6.5553,6.5553,6.5553,6.5553,6.5553,6.5553,6.5553,6.5553,6.5553,6.5553,6.5553,6.5553,6.5553,6.5553,6.5553,6.5553,6.5553,6.5553,6.5553,6.5553,6.5553,6.5553,6.5553,6.5553,6.5553,6.5553,6.5553,6.5553,6.5553,6.5553,6.5553,6.5553,6.5553,6.5553,6.5553,6.5553,6.5553,6.5553,6.5553,6.5553,6.5553,6.5553,6.5553,6.5553,6.5553,6.5553,6.5553,6.5553,6.5553,6.5553,6.5553,6.5553,6.5553,6.5553,6.5553,6.5553,6.5553,6.5553,6.5553,6.5553,6.5553,6.5553,6.5553,6.5553,6.5553,6.5553,6.5553,6.5553,6.5553,6.5553,6.5553,6.5553,6.5553,6.5553,6.5553,6.5553,6.5553,6.5553,6.5553,6.5553,6.5553,6.5553,6.5553,6.5553,6.5553,6.5553,6.5553,6.5553,6.5553,6.5553,6.5553,6.5553,6.5553,6.5553,6.5553,6.5553,6.5553,6.5553,6.5553,6.5553,6.5553,6.5553,6.5553,6.5553,6.5553,6.5553,6.5553,6.5553,6.5553,6.5553,6.5553,6.5553,6.5553,6.5553,6.5553,6.5553,6.5553,6.5553,6.5553,6.5553,6.5553,6.5553,6.5553,6.5553,6.5553,6.5553,6.5553,6.5553,6.5553,6.5553,6.5553,6.5553,6.5553,6.5553,6.5553,6.5553,6.5553,6.5553,6.5553,6.5553,6.5553,6.5553,6.5553,6.5553,6.5553,6.5553,6.5553,6.5553,6.5553,6.5553,6.5553,6.5553,6.5553,6.5553,6.5553,6.5553,6.5553,6.5553,6.5553,6.5553,6.5553,6.5553,6.5553,6.5553,6.5553,6.5553,6.5553,6.5553,6.5553,6.5553,6.5553,6.5553,6.5553,6.5553,6.5553,6.5553,6.5553,6.5553,6.5553,6.5553,6.5553,6.5553,6.5553,6.5553,6.5553,6.5553,6.5553,6.5553,6.5553,6.5553,6.5553,6.5553,6.5553,6.5553,6.5553,6.5553,6.5553,6.5553,6.5553,6.5553,6.5553,6.5553,6.5553,6.5553,6.5553,6.5553,6.5553,6.5553,6.5553,6.5553,6.5553,6.5553,6.5553,6.5553,6.5553,6.5553,6.5553,6.5553,6.5553,6.5553,6.5553,6.5553,6.5553,6.5553,6.5553,6.5553,6.5553,6.5553,6.5553,6.5553,6.5553,6.5553,6.5553,6.5553,6.5553,6.5553,6.5553,6.5553,6.5553,6.5553,6.5553,6.5553,6.5553,6.5553,6.5553,6.5553,6.5553,6.5553,6.5553,6.5553,6.5553,6.5553,6.5553,6.5553,6.5553,6.5553,6.5553,6.5553,6.5553,6.5553,6.5553,6.5553,6.5553,6.5553,6.5553,6.5553,6.5553,6.5553,6.5553,6.5553,6.5553,6.5553,6.5553,6.5553,6.5553,6.5553,6.5553,6.5553,6.5553,6.5553,6.5553,6.5553,6.5553,6.5553,6.5553,6.5553,6.5553,6.5553,6.5553,6.5553,6.5553,6.5553,6.5553,6.5553,6.5553,6.5553,6.5553,6.5553,6.5553,6.5553,6.5553,6.5553,6.5553,6.5553,6.5553,6.5553,6.5553,6.5553,6.5553,6.5553,6.5553,6.5553,6.5553,6.5553,6.5553,6.5553,6.5553,6.5553,6.5553,6.5553,6.5553,6.5553,6.5553,6.5553,6.5553,6.5553,6.5553,6.5553,6.5553,6.5553,6.5553,6.5553,6.5553,6.5553,6.5553,6.5553,6.5553,6.5553,6.5553,6.5553,6.5553,6.5553,6.5553,6.5553,6.5553,6.5553,6.5553,6.5553,6.5553,6.5553,6.5553,6.5553,6.5553,6.5553,6.5553,6.5553,6.5553,6.5553,6.5553,6.5553,6.5553,6.5553,6.5553,6.5553,6.5553,6.5553,6.5553,6.5553,6.5553,6.5553,6.5553,6.5553,6.5553,6.5553,6.5553,6.5553,6.5553,6.5553,6.5553,6.5553,6.5553,6.5553,6.5553,6.5553,6.5553,6.5553,6.5553,6.5553,6.5553,6.5553,6.5553,6.5553,6.5553,6.5553,6.5553,6.5553,6.5553,6.5553,6.5553,6.5553,6.5553,6.5553,6.5553,6.5553,6.5553,6.5553,6.5553,6.5553,6.5553,6.5553,6.5553,6.5553,6.5553,6.5553,6.5553,6.5553,6.5553,6.5553,6.5553,6.5553,6.5553,6.5553,6.5553,6.5553,6.5553,6.5553,6.5553,6.5553,6.5553,6.5553,6.5553,6.5553,6.5553,6.5553,6.5553,6.5553,6.5553,6.5553,6.5553,6.5553,6.5553,6.5553,6.5553,6.5553,6.5553,6.5553,6.5553,6.5553,6.5553,6.5553,6.5553,6.5553,6.5553,6.5553,6.5553,6.5553,6.5553
6.5507,6.5507,6.5507,6.5507,6.5507,6.5507,6.5507,6.5507,6.5507,6.5507,6.5507,6.5507,6.5507,6.5507,6.5507,6.5507,6.5507,6.5507,6.5507,6.5507,6.5507,6.5507,6.5507,6.5507,6.5507,6.5507,6.5507,6.5507,6.5507,6.5507,6.5507,6.5507,6.5507,6.5507,6.5507,6.5507,6.5507,6.5507,6.5507,6.5507,6.5507,6.5507,6.5507,6.5507,6.5507,6.5507,6.5507,6.5507,6.5507,6.5507,6.5507,6.5507,6.5507,6.5507,6.5507,6.5507,6.5507,6.5507,6.5507,6.5507,6.5507,6.5507,6.5507,6.5507,6.5507,6.5507,6.5507,6.5507,6.5507,6.5507,6.5507,6.5507,6.5507,6.5507,6.5507,6.5507,6.5507,6.5507,6.5507,6.5507,6.5507,6.5507,6.5507,6.5507,6.5507,6.5507,6.5507,6.5507,6.5507,6.5507,6.5507,6.5507,6.5507,6.5507,6.5507,6.5507,6.5507,6.5507,6.5507,6.5507,6.5507,6.5507,6.5507,6.5507,6.5507,6.5507,6.5507,6.5507,6.5507,6.5507,6.5507,6.5507,6.5507,6.5507,6.5507,6.5507,6.5507,6.5507,6.5507,6.5507,6.5507,6.5507,6.5507,6.5507,6.5507,6.5507,6.5507,6.5507,6.5507,6.5507,6.5507,6.5507,6.5507,6.5507,6.5507,6.5507,6.5507,6.5507,6.5507,6.5507,6.5507,6.5507,6.5507,6.5507,6.5507,6.5507,6.5507,6.5507,6.5507,6.5507,6.5512,6.5512,6.5512,6.5512,6.5512,6.5512,6.5512,6.5512,6.5512,6.5512,6.5512,6.5512,6.5512,6.5512,6.5512,6.5512,6.5512,6.5512,6.5512,6.5512,6.5512,6.5512,6.5512,6.5512,6.5512,6.5512,6.5512,6.5512,6.5512,6.5512,6.5512,6.5512,6.5512,6.5512,6.5512,6.5512,6.5512,6.5512,6.5512,6.5512,6.5512,6.5512,6.5512,6.5512,6.5512,6.5512,6.5512,6.5512,6.5512,6.5512,6.5512,6.5512,6.5512,6.5512,6.5512,6.5512,6.5512,6.5512,6.5512,6.5512,6.5512,6.5512,6.5512,6.5512,6.5512,6.5512,6.5512,6.5512,6.5512,6.5512,6.5512,6.5512,6.5512,6.5512,6.5512,6.5512,6.5512,6.5512,6.5512,6.5512,6.5512,6.5512,6.5512,6.5512,6.5512,6.5512,6.5512,6.5512,6.5512,6.5512,6.5512,6.5512,6.5512,6.5512,6.5512,6.5512,6.5512,6.5512,6.5512,6.5512,6.5512,6.5512,6.5512,6.5512,6.5512,6.5512,6.5512,6.5512,6.5512,6.5512,6.5512,6.5512,6.5512,6.5512,6.5512,6.5512,6.5512,6.5512,6.5512,6.5512,6.5512,6.5512,6.5512,6.5512,6.5512,6.5512,6.5512,6.5512,6.5512,6.5512,6.5512,6.5512,6.5512,6.5512,6.5512,6.5512,6.5512,6.5512,6.5512,6.5512,6.5512,6.5512,6.5512,6.5512,6.5512,6.5512,6.5512,6.5512,6.5512,6.5512,6.5512,6.5512,6.5512,6.5512,6.5512,6.5512,6.5512,6.5512,6.5512,6.5512,6.5512,6.5512,6.5512,6.5512,6.5512,6.5512,6.5512,6.5512,6.5512,6.5512,6.5512,6.5512,6.5512,6.5512,6.5512,6.5512,6.5512,6.5512,6.5512,6.5512,6.5512,6.5512,6.5512,6.5512,6.5512,6.5512,6.5512,6.5512,6.5512,6.5512,6.5512,6.5512,6.5512,6.5512,6.5512,6.5512,6.5512,6.5512,6.5512,6.5512,6.5512,6.5512,6.5512,6.5512,6.5512,6.5512,6.5512,6.5512,6.5512,6.5512,6.5512,6.5512,6.5512,6.5512,6.5512,6.5512,6.5512,6.5512,6.5512,6.5512,6.5512,6.5512,6.5512,6.5512,6.5512,6.5512,6.5512,6.5512,6.5512,6.5512,6.5512,6.5512,6.5512,6.5512,6.5512,6.5512,6.5512,6.5512,6.5512,6.5512,6.5512,6.5512,6.5512,6.5512,6.5512,6.5512,6.5512,6.5512,6.5512,6.5512,6.5512,6.5512,6.5512,6.5512,6.5512,6.5512,6.5512,6.5512,6.5512,6.5512,6.5512,6.5512,6.5512,6.5512,6.5512,6.5512,6.5512,6.5512,6.5512,6.5512,6.5512,6.5512,6.5512,6.5512,6.5512,6.5512,6.5512,6.5512,6.5512,6.5512,6.5512,6.5512,6.5512,6.5512,6.5512,6.5512,6.5512,6.5512,6.5512,6.5512,6.5512,6.5512,6.5512,6.5512,6.5512,6.5512,6.5512,6.5512,6.5512,6.5512,6.5512,6.5512,6.5512,6.5512,6.5512,6.5512,6.5512,6.5512,6.5512,6.5512,6.5512,6.5512,6.5512,6.5512,6.5512,6.5512,6.5512,6.5512,6.5512,6.5512,6.5512,6.5512,6.5512,6.5512,6.5512,6.5512,6.5512,6.5512,6.5512,6.5512,6.5512,6.5512,6.5512,6.5512,6.5512,6.5512,6.5512,6.5512,6.5512,6.5512,6.5512,6.5512,6.5512,6.5512,6.5512,6.5512,6.5512,6.5512,6.5512,6.5512,6.5512,6.5512,6.5512,6.5512,6.5512,6.5512,6.5512,6.5512,6.5512,6.5512,6.5512,6.5512,6.5512,6.5512,6.5512,6.5512,6.5512,6.5512,6.5512,6.5512,6.5512,6.5512,6.5512,6.5512,6.5512,6.5512,6.5512,6.5512,6.5512,6.5512,6.5512,6.5512,6.5512,6.5512,6.5512,6.5512,6.5512,6.5512,6.5512,6.5512,6.5512,6.5512,6.5512,6.5512,6.5512,6.5512,6.5512,6.5512,6.5512,6.5512,6.5512,6.5512,6.5512,6.5512,6.5512,6.5512,6.5512,6.5512,6.5512,6.5512,6.5512,6.5512,6.5512,6.5512,6.5512,6.5512,6.5512,6.5512,6.5512,6.5512,6.5512,6.5512,6.5512,6.5512,6.5512,6.5512,6.5512,6.5512,6.5512,6.5512,6.5512,6.5512,6.5512,6.5512,6.5512,6.5512,6.5512,6.5512,6.5512,6.5512,6.5512,6.5512,6.5512,6.5512,6.5512,6.5512,6.5512,6.5512,6.5512,6.5512,6.5512,6.5512,6.5512,6.5512,6.5512,6.5512,6.5512,6.5512,6.5512,6.5512,6.5512,6.5512,6.5512,6.5512,6.5512,6.5512,6.5512,6.5512,6.5512,6.5512,6.5512,6.5512,6.5512,6.5512,6.5512,6.5512,6.5512,6.5512,6.5512,6.5512,6.5512,6.5512,6.5512,6.5512,6.5512,6.5512,6.5512,6.5512,6.5512,6.5512,6.5512,6.5512,6.5512,6.5512,6.5512,6.5512,6.5512,6.5512,6.5512,6.5512,6.5512,6.5512,6.5512,6.5512,6.5512,6.5512,6.5512,6.5512,6.5512,6.5512,6.5512,6.5512,6.5512,6.5512,6.5512,6.5512,6.5512,6.5512,6.5512,6.5512,6.5512,6.5512,6.5512,6.5512,6.5512,6.5512,6.5512,6.5512,6.5512,6.5512,6.5512,6.5512,6.5512,6.5512,6.5512,6.5512,6.5512,6.5512,6.5512,6.5512,6.5512,6.5512,6.5512,6.5512,6.5512,6.5512,6.5512,6.5512,6.5512,6.5512,6.5512,6.5512,6.5512,6.5512,6.5512,6.5512,6.5512,6.5512,6.5512,6.5512,6.5512,6.5512,6.5512,6.5512,6.5512,6.5512,6.5512,6.5512,6.5512,6.5512,6.5512,6.5512,6.5512,6.5512,6.5512,6.5512,6.5512,6.5512,6.5512,6.5512,6.5512,6.5512,6.5512,6.5512,6.5512,6.5512,6.5512,6.5512,6.5512,6.5512,6.5512,6.5512,6.5512,6.5512,6.5512,6.5512,6.5512,6.5512,6.5512,6.5512,6.5512,6.5512,6.5512,6.5512,6.5512,6.5512,6.5512,6.5512,6.5512,6.5512,6.5512,6.5512,6.5512,6.5512,6.5512,6.5512,6.5512,6.5512,6.5512,6.5512,6.5512,6.5512,6.5512,6.5512,6.5512,6.5512,6.5512,6.5512,6.5512,6.5512,6.5512,6.5512,6.5512,6.5512,6.5512,6.5512,6.5512,6.5512,6.5512,6.5512,6.5512,6.5512,6.5512,6.5512,6.5512,6.5512,6.5512,6.5512,6.5512,6.5512,6.5512,6.5512,6.5512,6.5512,6.5512,6.5512,6.5512,6.5512,6.5512,6.5512,6.5512,6.5512,6.5512,6.5512,6.5512,6.5512,6.5512,6.5512,6.5512,6.5512,6.5512,6.5512,6.5512,6.5512,6.5512,6.5512,6.5512,6.5512,6.5512,6.5512,6.5512,6.5512,6.5512,6.5512,6.5512,6.5512,6.5512,6.5512,6.5512,6.5512,6.5512,6.5512,6.5512,6.5512,6.5512,6.5512,6.5512,6.5512,6.5512,6.5512,6.5512,6.5512,6.5512,6.5512,6.5512,6.5512,6.5512,6.5512,6.5512,6.5512,6.5512,6.5512,6.5512,6.5512,6.5512,6.5512,6.5512,6.5512,6.5512,6.5512,6.5512,6.5512,6.5512,6.5512,6.5512,6.5512,6.5512,6.5512,6.5512,6.5512,6.5512,6.5512,6.5512,6.5512,6.5512,6.5512,6.5512,6.5512,6.5512,6.5512,6.5512,6.5512,6.5512,6.5512,6.5512,6.5512,6.5512,6.5512,6.5512,6.5512,6.5512,6.5512,6.5512,6.5512,6.5512,6.5512,6.5512,6.5512,6.5507,6.5507,6.5507,6.5507,6.5507,6.5507,6.5507,6.5507,6.5507,6.5507,6.5507,6.5507,6.5507,6.5507,6.5507,6.5507,6.5507,6.5507,6.5507,6.5507,6.5507,6.5507,6.5507,6.5507,6.5507,6.5507,6.5507,6.5507,6.5507,6.5507,6.5507,6.5507,6.5507,6.5507,6.5507,6.5507,6.5507,6.5507,6.5507,6.5507,6.5507,6.5507,6.5507,6.5507,6.5507,6.5507,6.5507,6.5507,6.5507,6.5507,6.5507,6.5507
6.5463,6.5463,6.5463,6.5463,6.5463,6.5463,6.5463,6.5463,6.5463,6.5463,6.5463,6.5463,6.5463,6.5463,6.5463,6.5463,6.5463,6.5463,6.5463,6.5463,6.5463,6.5463,6.5463,6.5463,6.5463,6.5463,6.5463,6.5463,6.5463,6.5463,6.5463,6.5463,6.5463,6.5463,6.5463,6.5463,6.5463,6.5463,6.5463,6.5463,6.5463,6.5463,6.5463,6.5463,6.5463,6.5463,6.5463,6.5463,6.5463,6.5463,6.5463,6.5463,6.5463,6.5463,6.5463,6.5463,6.5463,6.5463,6.5463,6.5463,6.5463,6.5463,6.5463,6.5463,6.5463,6.5463,6.5463,6.5463,6.5463,6.5463,6.5463,6.5463,6.5463,6.5463,6.5463,6.5463,6.5463,6.5463,6.5463,6.5463,6.5463,6.5463,6.5463,6.5463,6.5463,6.5463,6.5463,6.5463,6.5463,6.5463,6.5463,6.5463,6.5463,6.5463,6.5463,6.5463,6.5463,6.5463,6.5463,6.5463,6.5463,6.5463,6.5463,6.5463,6.5463,6.5463,6.5463,6.5463,6.5463,6.5463,6.5463,6.5463,6.5463,6.5463,6.5463,6.5463,6.5463,6.5463,6.5463,6.5463,6.5463,6.5463,6.5463,6.5463,6.5463,6.5463,6.5463,6.5463,6.5463,6.5463,6.5463,6.5463,6.5463,6.5463,6.5463,6.5463,6.5463,6.5463,6.5463,6.5463,6.5463,6.5463,6.5463,6.5463,6.5463,6.5463,6.5463,6.5463,6.5463,6.5463,6.5463,6.5463,6.5463,6.5463,6.5463,6.5463,6.5463,6.5463,6.5463,6.5463,6.5463,6.5463,6.5463,6.5463,6.5463,6.5463,6.5463,6.5463,6.5463,6.5463,6.5463,6.5463,6.5463,6.5463,6.5463,6.5463,6.5463,6.5463,6.5463,6.5463,6.5463,6.5463,6.5463,6.5463,6.5463,6.5463,6.5463,6.5463,6.5463,6.5463,6.5463,6.5463,6.5463,6.5463,6.5463,6.5463,6.5463,6.5463,6.5463,6.5463,6.5463,6.5463,6.5463,6.5463,6.5463,6.5463,6.5463,6.5463,6.5463,6.5463,6.5463,6.5463,6.5463,6.5463,6.5463,6.5463,6.5463,6.5463,6.5463,6.5463,6.5463,6.5463,6.5463,6.5463,6.5463,6.5463,6.5463,6.5463,6.5463,6.5463,6.5463,6.5463,6.5463,6.5463,6.5463,6.5463,6.5463,6.5463,6.5463,6.5463,6.5463,6.5463,6.5463,6.5463,6.5463,6.5463,6.5463,6.5463,6.5463,6.5463,6.5463,6.5463,6.5463,6.5463,6.5463,6.5463,6.5463,6.5463,6.5463,6.5463,6.5463,6.5463,6.5463,6.5463,6.5463,6.5463,6.5463,6.5463,6.5463,6.5463,6.5463,6.5463,6.5463,6.5463,6.5463,6.5463,6.5463,6.5463,6.5463,6.5463,6.5463,6.5463,6.5463,6.5463,6.5463,6.5463,6.5463,6.5463,6.5463,6.5463,6.5463,6.5463,6.5463,6.5463,6.5463,6.5463,6.5463,6.5463,6.5463,6.5463,6.5463,6.5463,6.5463,6.5463,6.5463,6.5463,6.5463,6.5463,6.5463,6.5463,6.5463,6.5463,6.5463,6.5463,6.5463,6.5463,6.5463,6.5463,6.5463,6.5463,6.5463,6.5463,6.5463,6.5463,6.5463,6.5463,6.5463,6.5463,6.5463,6.5463,6.5463,6.5463,6.5463,6.5463,6.5463,6.5463,6.5463,6.5463,6.5463,6.5463,6.5463,6.5463,6.5463,6.5463,6.5463,6.5463,6.5463,6.5463,6.5463,6.5463,6.5463,6.5463,6.5463,6.5463,6.5463,6.5463,6.5463,6.5463,6.5463,6.5463,6.5463,6.5463,6.5463,6.5463,6.5463,6.5463,6.5463,6.5463,6.5463,6.5463,6.5463,6.5463,6.5463,6.5463,6.5463,6.5463,6.5463,6.5463,6.5463,6.5463,6.5463,6.5463,6.5463,6.5463,6.5463,6.5463,6.5463,6.5463,6.5463,6.5463,6.5463,6.5463,6.5463,6.5463,6.5463,6.5463,6.5463,6.5463,6.5463,6.5463,6.5463,6.5463,6.5463,6.5463,6.5463,6.5463,6.5463,6.5463,6.5463,6.5463,6.5463,6.5463,6.5463,6.5463,6.5463,6.5463,6.5463,6.5463,6.5463,6.5463,6.5463,6.5463,6.5463,6.5463,6.5463,6.5463,6.5463,6.5463,6.5463,6.5463,6.5463,6.5463,6.5463,6.5463,6.5463,6.5463,6.5463,6.5463,6.5463,6.5463,6.5463,6.5463,6.5463,6.5463,6.5463,6.5463,6.5463,6.5463,6.5463,6.5463,6.5463,6.5463,6.5463,6.5463,6.5463,6.5463,6.5463,6.5463,6.5463,6.5463,6.5463,6.5463,6.5463,6.5463,6.5463,6.5463,6.5463,6.5463,6.5463,6.5463,6.5463,6.5463,6.5463,6.5463,6.5463,6.5463,6.5463,6.5463,6.5463,6.5463,6.5463,6.5463,6.5463,6.5463,6.5463,6.5463,6.5463,6.5463,6.5463,6.5463,6.5463,6.5463,6.5463,6.5463,6.5463,6.5463,6.5463,6.5463,6.5463,6.5463,6.5463,6.5463,6.5463,6.5463,6.5463,6.5463,6.5463,6.5463,6.5463,6.5463,6.5463,6.5463,6.5463,6.5463,6.5463,6.5463,6.5463,6.5463,6.5463,6.5463,6.5463,6.5463,6.5463,6.5463,6.5463,6.5463,6.5463,6.5463,6.5463,6.5463,6.5463,6.5463,6.5463,6.5463,6.5463,6.5463,6.5463,6.5463,6.5463,6.5463,6.5463,6.5463,6.5463,6.5463,6.5463,6.5463,6.5463,6.5463,6.5463,6.5463,6.5463,6.5463,6.5463,6.5463,6.5463,6.5463,6.5463,6.5463,6.5463,6.5463,6.5463,6.5463,6.5463,6.5463,6.5463,6.5463,6.5463,6.5463,6.5463,6.5463,6.5463,6.5463,6.5463,6.5463,6.5463,6.5463,6.5463,6.5463,6.5463,6.5463,6.5463,6.5463,6.5463,6.5463,6.5463,6.5463,6.5463,6.5463,6.5463,6.5463,6.5463,6.5463,6.5463,6.5463,6.5463,6.5463,6.5463,6.5463,6.5463,6.5463,6.5463,6.5463,6.5463,6.5463,6.5463,6.5463,6.5463,6.5463,6.5463,6.5463,6.5463,6.5463,6.5463,6.5463,6.5463,6.5463,6.5463,6.5463,6.5463,6.5463,6.5463,6.5463,6.5463,6.5463,6.5463,6.5463,6.5463,6.5463,6.5463,6.5463,6.5463,6.5463,6.5463,6.5463,6.5463,6.5463,6.5463,6.5463,6.5463,6.5463,6.5463,6.5463,6.5463,6.5463,6.5463,6.5463,6.5463,6.5463,6.5463,6.5463,6.5463,6.5463,6.5463,6.5463,6.5463,6.5463,6.5463,6.5463,6.5463,6.5463,6.5463,6.5463,6.5463,6.5463,6.5463,6.5463,6.5463,6.5463,6.5463,6.5463,6.5463,6.5463,6.5463,6.5463,6.5463,6.5463,6.5463,6.5463,6.5463,6.5463,6.5463,6.5463,6.5463,6.5463,6.5463,6.5463,6.5463,6.5463,6.5463,6.5463,6.5463,6.5463,6.5463,6.5463,6.5463,6.5463,6.5463,6.5463,6.5463,6.5463,6.5463,6.5463,6.5463,6.5463,6.5463,6.5463,6.5463,6.5463,6.5463,6.5463,6.5463,6.5463,6.5463,6.5463,6.5463,6.5463,6.5463,6.5463,6.5463,6.5463,6.5463,6.5463,6.5463,6.5463,6.5463,6.5463,6.5463,6.5463,6.5463,6.5463,6.5463,6.5463,6.5463,6.5463,6.5463,6.5463,6.5463,6.5463,6.5463,6.5463,6.5463,6.5463,6.5463,6.5463,6.5463,6.5463,6.5463,6.5463,6.5463,6.5463,6.5463,6.5463,6.5463,6.5463,6.5463,6.5463,6.5463,6.5463,6.5463,6.5463,6.5463,6.5463,6.5463,6.5463,6.5458,6.5458,6.5458,6.5458,6.5458,6.5458,6.5458,6.5458,6.5458,6.5458,6.5458,6.5458,6.5458,6.5458,6.5458,6.5458,6.5458,6.5458,6.5458,6.5458,6.5458,6.5458,6.5458,6.5458,6.5458,6.5458,6.5458,6.5458,6.5458,6.5458,6.5458,6.5458,6.5458,6.5458,6.5458,6.5458,6.5458,6.5458,6.5458,6.5458,6.5458,6.5458,6.5458,6.5458,6.5458,6.5458,6.5458,6.5458,6.5458,6.5458,6.5458,6.5458,6.5458,6.5458,6.5458,6.5458,6.5458,6.5458,6.5458,6.5458,6.5458,6.5458,6.5458,6.5458,6.5458,6.5458,6.5458,6.5458,6.5458,6.5458,6.5458,6.5458,6.5458,6.5458,6.5458,6.5458,6.5458,6.5458,6.5458,6.5458,6.5458,6.5458,6.5458,6.5458,6.5458,6.5458,6.5458,6.5458,6.5458,6.5458,6.5458,6.5458,6.5458,6.5458,6.5458,6.5458,6.5458,6.5458,6.5458,6.5458,6.5458,6.5458,6.5458,6.5458,6.5458,6.5458,6.5458,6.5458,6.5458,6.5458,6.5458,6.5458,6.5458,6.5458,6.5458,6.5458,6.5458,6.5458,6.5458,6.5458,6.5458,6.5458,6.5458,6.5458,6.5458,6.5458,6.5458,6.5458,6.5458,6.5458,6.5458,6.5458,6.5458,6.5458,6.5458,6.5458,6.5458,6.5458,6.5458,6.5458,6.5458,6.5458,6.5458,6.5458,6.5458,6.5458,6.5458,6.5458,6.5458,6.5458,6.5458,6.5458,6.5458,6.5458,6.5458,6.5458,6.5458,6.5458,6.5458,6.5458,6.5458,6.5458,6.5458,6.5458,6.5458,6.5458,6.5458,6.5458,6.5458,6.5458,6.5458,6.5458,6.5458,6.5458,6.5458,6.5458,6.5458,6.5458,6.5458,6.5458,6.5458,6.5458,6.5458,6.5458,6.5458,6.5458,6.5458,6.5458,6.5458,6.5458,6.5458,6.5458,6.5458,6.5458,6.5458,6.5458
6.5410,6.5410,6.5410,6.5410,6.5410,6.5410,6.5410,6.5410,6.5410,6.5410,6.5410,6.5410,6.5410,6.5410,6.5410,6.5410,6.5410,6.5410,6.5410,6.5410,6.5410,6.5410,6.5410,6.5410,6.5410,6.5410,6.5410,6.5410,6.5410,6.5410,6.5410,6.5410,6.5410,6.5410,6.5410,6.5410,6.5410,6.5410,6.5410,6.5410,6.5410,6.5410,6.5410,6.5410,6.5410,6.5410,6.5410,6.5410,6.5410,6.5410,6.5410,6.5410,6.5410,6.5410,6.5410,6.5410,6.5410,6.5410,6.5410,6.5410,6.5410,6.5410,6.5410,6.5410,6.5410,6.5410,6.5410,6.5410,6.5410,6.5410,6.5410,6.5410,6.5410,6.5410,6.5410,6.5410,6.5410,6.5410,6.5410,6.5410,6.5410,6.5410,6.5410,6.5410,6.5410,6.5410,6.5410,6.5410,6.5410,6.5410,6.5410,6.5410,6.5410,6.5410,6.5410,6.5410,6.5410,6.5410,6.5410,6.5410,6.5410,6.5410,6.5410,6.5410,6.5410,6.5410,6.5410,6.5410,6.5410,6.5410,6.5410,6.5410,6.5410,6.5410,6.5410,6.5410,6.5410,6.5410,6.5410,6.5410,6.5410,6.5410,6.5410,6.5410,6.5410,6.5410,6.5410,6.5410,6.5410,6.5410,6.5410,6.5410,6.5410,6.5410,6.5410,6.5410,6.5410,6.5410,6.5410,6.5410,6.5410,6.5410,6.5410,6.5410,6.5410,6.5410,6.5410,6.5410,6.5410,6.5410,6.5410,6.5410,6.5410,6.5410,6.5410,6.5410,6.5410,6.5410,6.5410,6.5410,6.5410,6.5410,6.5410,6.5410,6.5410,6.5410,6.5410,6.5410,6.5410,6.5410,6.5410,6.5410,6.5410,6.5410,6.5410,6.5410,6.5410,6.5410,6.5410,6.5410,6.5410,6.5410,6.5410,6.5410,6.5410,6.5410,6.5410,6.5410,6.5410,6.5410,6.5410,6.5410,6.5410,6.5410,6.5410,6.5410,6.5410,6.5410,6.5410,6.5410,6.5410,6.5410,6.5410,6.5410,6.5410,6.5410,6.5410,6.5410,6.5410,6.5410,6.5410,6.5410,6.5410,6.5410,6.5410,6.5410,6.5410,6.5410,6.5410,6.5410,6.5410,6.5410,6.5410,6.5410,6.5410,6.5410,6.5410,6.5410,6.5410,6.5410,6.5410,6.5410,6.5410,6.5410,6.5410,6.5410,6.5410,6.5410,6.5410,6.5410,6.5410,6.5410,6.5410,6.5410,6.5410,6.5410,6.5410,6.5410,6.5410,6.5410,6.5410,6.5410,6.5410,6.5410,6.5410,6.5410,6.5410,6.5410,6.5410,6.5410,6.5410,6.5410,6.5410,6.5410,6.5410,6.5410,6.5410,6.5410,6.5410,6.5410,6.5410,6.5410,6.5410,6.5410,6.5410,6.5410,6.5410,6.5410,6.5410,6.5410,6.5410,6.5410,6.5410,6.5410,6.5410,6.5410,6.5410,6.5410,6.5410,6.5410,6.5410,6.5410,6.5410,6.5410,6.5410,6.5410,6.5410,6.5410,6.5410,6.5410,6.5410,6.5410,6.5410,6.5410,6.5410,6.5410,6.5410,6.5410,6.5410,6.5410,6.5410,6.5410,6.5410,6.5410,6.5410,6.5410,6.5410,6.5410,6.5410,6.5410,6.5410,6.5410,6.5410,6.5410,6.5410,6.5410,6.5410,6.5410,6.5410,6.5410,6.5410,6.5410,6.5410,6.5410,6.5410,6.5410,6.5410,6.5410,6.5410,6.5410,6.5410,6.5410,6.5410,6.5410,6.5410,6.5410,6.5410,6.5410,6.5410,6.5410,6.5410,6.5410,6.5410,6.5410,6.5410,6.5410,6.5410,6.5410,6.5410,6.5410,6.5410,6.5410,6.5410,6.5410,6.5410,6.5410,6.5410,6.5410,6.5410,6.5410,6.5410,6.5410,6.5410,6.5410,6.5410,6.5410,6.5410,6.5410,6.5410,6.5410,6.5410,6.5410,6.5410,6.5410,6.5410,6.5410,6.5410,6.5410,6.5410,6.5410,6.5410,6.5410,6.5410,6.5410,6.5410,6.5410,6.5410,6.5410,6.5410,6.5410,6.5410,6.5410,6.5410,6.5410,6.5415,6.5415,6.5415,6.5415,6.5415,6.5415,6.5415,6.5415,6.5415,6.5415,6.5415,6.5415,6.5415,6.5415,6.5415,6.5415,6.5415,6.5415,6.5415,6.5415,6.5415,6.5415,6.5415,6.5415,6.5415,6.5415,6.5415,6.5415,6.5415,6.5415,6.5415,6.5415,6.5415,6.5415,6.5415,6.5415,6.5415,6.5415,6.5415,6.5415,6.5415,6.5415,6.5415,6.5415,6.5415,6.5415,6.5415,6.5415,6.5415,6.5415,6.5415,6.5415,6.5415,6.5415,6.5415,6.5415,6.5415,6.5415,6.5415,6.5415,6.5415,6.5415,6.5415,6.5415,6.5415,6.5415,6.5415,6.5415,6.5415,6.5415,6.5415,6.5415,6.5415,6.5415,6.5415,6.5415,6.5415,6.5415,6.5415,6.5415,6.5415,6.5415,6.5415,6.5415,6.5415,6.5415,6.5415,6.5415,6.5415,6.5415,6.5415,6.5415,6.5415,6.5415,6.5415,6.5415,6.5415,6.5415,6.5415,6.5415,6.5415,6.5415,6.5415,6.5415,6.5415,6.5415,6.5415,6.5415,6.5415,6.5415,6.5415,6.5415,6.5415,6.5415,6.5415,6.5415,6.5415,6.5415,6.5415,6.5415,6.5415,6.5415,6.5415,6.5415,6.5415,6.5415,6.5415,6.5415,6.5415,6.5415,6.5415,6.5415,6.5415,6.5415,6.5415,6.5415,6.5415,6.5415,6.5415,6.5415,6.5415,6.5415,6.5415,6.5415,6.5415,6.5415,6.5415,6.5415,6.5415,6.5415,6.5415,6.5415,6.5415,6.5415,6.5415,6.5415,6.5415,6.5415,6.5415,6.5415,6.5415,6.5415,6.5415,6.5415,6.5415,6.5415,6.5415,6.5415,6.5415,6.5415,6.5415,6.5415,6.5415,6.5415,6.5415,6.5415,6.5415,6.5415,6.5415,6.5415,6.5415,6.5415,6.5415,6.5415,6.5415,6.5415,6.5415,6.5415,6.5415,6.5415,6.5415,6.5415,6.5415,6.5415,6.5415,6.5415,6.5415,6.5415,6.5415,6.5415,6.5415,6.5415,6.5415,6.5415,6.5415,6.5415,6.5415,6.5415,6.5415,6.5415,6.5415,6.5415,6.5415,6.5415,6.5415,6.5415,6.5415,6.5415,6.5415,6.5415,6.5415,6.5415,6.5415,6.5415,6.5415,6.5415,6.5415,6.5415,6.5415,6.5415,6.5415,6.5415,6.5415,6.5415,6.5415,6.5415,6.5415,6.5415,6.5415,6.5415,6.5415,6.5415,6.5415,6.5415,6.5415,6.5415,6.5415,6.5415,6.5415,6.5415,6.5415,6.5415,6.5415,6.5415,6.5415,6.5415,6.5415,6.5415,6.5415,6.5415,6.5415,6.5415,6.5415,6.5415,6.5415,6.5415,6.5415,6.5415,6.5415,6.5415,6.5415,6.5415,6.5415,6.5415,6.5415,6.5415,6.5415,6.5415,6.5415,6.5415,6.5415,6.5415,6.5415,6.5415,6.5415,6.5415,6.5415,6.5415,6.5415,6.5415,6.5415,6.5415,6.5415,6.5415,6.5415,6.5415,6.5415,6.5415,6.5415,6.5415,6.5415,6.5415,6.5415,6.5415,6.5415,6.5415,6.5415,6.5415,6.5415,6.5415,6.5415,6.5415,6.5415,6.5415,6.5415,6.5415,6.5415,6.5415,6.5415,6.5415,6.5415,6.5415,6.5415,6.5415,6.5415,6.5415,6.5415,6.5415,6.5415,6.5415,6.5415,6.5415,6.5415,6.5415,6.5415,6.5415,6.5415,6.5415,6.5415,6.5415,6.5415,6.5415,6.5415,6.5415,6.5415,6.5415,6.5415,6.5415,6.5415,6.5415,6.5415,6.5415,6.5415,6.5415,6.5415,6.5415,6.5415,6.5415,6.5415,6.5415,6.5415,6.5415,6.5415,6.5415,6.5415,6.5415,6.5415,6.5415,6.5415,6.5415,6.5415,6.5415,6.5415,6.5415,6.5415,6.5415,6.5415,6.5415,6.5415,6.5415,6.5415,6.5415,6.5415,6.5415,6.5415,6.5415,6.5415,6.5415,6.5415,6.5415,6.5415,6.5415,6.5415,6.5415,6.5415,6.5415,6.5415,6.5415,6.5415,6.5415,6.5415,6.5415,6.5415,6.5415,6.5415,6.5415,6.5415,6.5415,6.5415,6.5415,6.5415,6.5415,6.5415,6.5415,6.5415,6.5415,6.5415,6.5415,6.5415,6.5415,6.5415,6.5415,6.5415,6.5415,6.5415,6.5415,6.5415,6.5415,6.5415,6.5415,6.5415,6.5415,6.5415,6.5415,6.5415,6.5415,6.5415,6.5415,6.5415,6.5415,6.5415,6.5415,6.5415,6.5415,6.5415,6.5415,6.5415,6.5415,6.5415,6.5415,6.5415,6.5415,6.5415,6.5415,6.5415,6.5415,6.5415,6.5415,6.5415,6.5415,6.5415,6.5415,6.5415,6.5415,6.5415,6.5415,6.5415,6.5415,6.5415,6.5415,6.5415,6.5415,6.5415,6.5415,6.5415,6.5415,6.5415,6.5415,6.5415,6.5415,6.5415,6.5415,6.5415,6.5415,6.5415,6.5415,6.5415,6.5415,6.5415,6.5415,6.5415,6.5415,6.5415,6.5415,6.5415,6.5415,6.5415,6.5415,6.5415,6.5415,6.5415,6.5415,6.5415,6.5415,6.5415,6.5415,6.5415,6.5415,6.5415,6.5415,6.5415,6.5415,6.5415,6.5415,6.5415,6.5415,6.5415,6.5415,6.5415,6.5415,6.5415,6.5415,6.5415,6.5415,6.5415,6.5415,6.5415,6.5415,6.5415,6.5415,6.5415,6.5415,6.5415,6.5415,6.5415,6.5415,6.5415,6.5415,6.5415,6.5415,6.5415,6.5415,6.5415,6.5415,6.5415,6.5415,6.5415,6.5415,6.5415,6.5415,6.5415,6.5415,6.5415,6.5415,6.5415,6.5415
6.5367,6.5367,6.5367,6.5367,6.5367,6.5367,6.5367,6.5367,6.5367,6.5367,6.5367,6.5367,6.5367,6.5367,6.5367,6.5367,6.5367,6.5367,6.5367,6.5367,6.5367,6.5367,6.5367,6.5367,6.5367,6.5367,6.5367,6.5367,6.5367,6.5367,6.5367,6.5367,6.5367,6.5367,6.5367,6.5367,6.5367,6.5367,6.5367,6.5367,6.5367,6.5367,6.5367,6.5367,6.5367,6.5367,6.5367,6.5367,6.5367,6.5367,6.5367,6.5367,6.5367,6.5367,6.5367,6.5367,6.5367,6.5367,6.5367,6.5367,6.5367,6.5367,6.5367,6.5367,6.5367,6.5367,6.5367,6.5367,6.5367,6.5367,6.5367,6.5367,6.5367,6.5367,6.5367,6.5367,6.5367,6.5367,6.5367,6.5367,6.5367,6.5367,6.5367,6.5367,6.5367,6.5367,6.5367,6.5367,6.5367,6.5367,6.5367,6.5367,6.5367,6.5367,6.5367,6.5367,6.5367,6.5367,6.5367,6.5367,6.5367,6.5367,6.5367,6.5367,6.5367,6.5367,6.5367,6.5367,6.5367,6.5367,6.5367,6.5367,6.5367,6.5367,6.5367,6.5367,6.5367,6.5367,6.5367,6.5367,6.5367,6.5367,6.5367,6.5367,6.5367,6.5367,6.5367,6.5367,6.5367,6.5367,6.5367,6.5367,6.5367,6.5367,6.5367,6.5367,6.5367,6.5367,6.5367,6.5367,6.5367,6.5367,6.5367,6.5367,6.5367,6.5367,6.5367,6.5367,6.5367,6.5367,6.5367,6.5367,6.5367,6.5367,6.5367,6.5367,6.5367,6.5367,6.5367,6.5367,6.5367,6.5367,6.5367,6.5367,6.5367,6.5367,6.5367,6.5367,6.5367,6.5367,6.5367,6.5367,6.5367,6.5367,6.5367,6.5367,6.5367,6.5367,6.5367,6.5367,6.5367,6.5367,6.5367,6.5367,6.5367,6.5367,6.5367,6.5367,6.5367,6.5367,6.5367,6.5367,6.5367,6.5367,6.5367,6.5367,6.5367,6.5367,6.5367,6.5367,6.5367,6.5367,6.5367,6.5367,6.5367,6.5367,6.5367,6.5367,6.5367,6.5367,6.5367,6.5367,6.5367,6.5367,6.5367,6.5367,6.5367,6.5367,6.5367,6.5367,6.5367,6.5367,6.5367,6.5367,6.5367,6.5367,6.5367,6.5367,6.5367,6.5367,6.5367,6.5367,6.5367,6.5367,6.5367,6.5367,6.5367,6.5367,6.5367,6.5367,6.5367,6.5367,6.5367,6.5367,6.5367,6.5367,6.5367,6.5367,6.5367,6.5367,6.5367,6.5367,6.5367,6.5367,6.5367,6.5367,6.5367,6.5367,6.5367,6.5367,6.5367,6.5367,6.5367,6.5367,6.5367,6.5367,6.5367,6.5367,6.5367,6.5367,6.5367,6.5367,6.5367,6.5367,6.5367,6.5367,6.5367,6.5367,6.5367,6.5367,6.5367,6.5367,6.5367,6.5367,6.5367,6.5367,6.5367,6.5367,6.5367,6.5367,6.5367,6.5367,6.5367,6.5367,6.5367,6.5367,6.5367,6.5367,6.5367,6.5367,6.5367,6.5367,6.5367,6.5367,6.5367,6.5367,6.5367,6.5367,6.5367,6.5367,6.5367,6.5367,6.5367,6.5367,6.5367,6.5367,6.5367,6.5367,6.5367,6.5367,6.5367,6.5367,6.5367,6.5367,6.5367,6.5367,6.5367,6.5367,6.5367,6.5367,6.5367,6.5367,6.5367,6.5367,6.5367,6.5367,6.5367,6.5367,6.5367,6.5367,6.5367,6.5367,6.5367,6.5367,6.5367,6.5367,6.5367,6.5367,6.5367,6.5367,6.5367,6.5367,6.5367,6.5367,6.5367,6.5367,6.5367,6.5367,6.5367,6.5367,6.5367,6.5367,6.5367,6.5367,6.5367,6.5367,6.5367,6.5367,6.5367,6.5367,6.5367,6.5367,6.5367,6.5367,6.5367,6.5367,6.5367,6.5367,6.5367,6.5367,6.5367,6.5367,6.5367,6.5367,6.5367,6.5367,6.5367,6.5367,6.5367,6.5367,6.5367,6.5367,6.5367,6.5367,6.5367,6.5367,6.5367,6.5367,6.5367,6.5367,6.5367,6.5367,6.5367,6.5367,6.5367,6.5367,6.5367,6.5367,6.5367,6.5367,6.5367,6.5367,6.5367,6.5367,6.5367,6.5367,6.5367,6.5367,6.5367,6.5367,6.5367,6.5367,6.5367,6.5367,6.5367,6.5367,6.5367,6.5367,6.5367,6.5367,6.5367,6.5367,6.5367,6.5367,6.5367,6.5367,6.5367,6.5367,6.5367,6.5367,6.5367,6.5367,6.5367,6.5367,6.5367,6.5367,6.5367,6.5367,6.5367,6.5367,6.5367,6.5367,6.5367,6.5367,6.5367,6.5367,6.5367,6.5367,6.5367,6.5367,6.5367,6.5367,6.5367,6.5367,6.5367,6.5367,6.5367,6.5367,6.5367,6.5367,6.5367,6.5367,6.5367,6.5367,6.5367,6.5367,6.5367,6.5367,6.5367,6.5367,6.5367,6.5367,6.5367,6.5367,6.5367,6.5367,6.5367,6.5367,6.5367,6.5367,6.5367,6.5367,6.5367,6.5367,6.5367,6.5367,6.5367,6.5367,6.5367,6.5367,6.5367,6.5367,6.5367,6.5367,6.5367,6.5367,6.5367,6.5367,6.5367,6.5367,6.5367,6.5367,6.5367,6.5367,6.5367,6.5367,6.5367,6.5367,6.5367,6.5367,6.5367,6.5367,6.5367,6.5367,6.5367,6.5367,6.5367,6.5367,6.5367,6.5367,6.5367,6.5367,6.5367,6.5367,6.5367,6.5367,6.5367,6.5367,6.5367,6.5367,6.5367,6.5367,6.5367,6.5367,6.5367,6.5367,6.5367,6.5367,6.5367,6.5367,6.5367,6.5367,6.5367,6.5367,6.5367,6.5367,6.5367,6.5362,6.5362,6.5362,6.5362,6.5362,6.5362,6.5362,6.5362,6.5362,6.5362,6.5362,6.5362,6.5362,6.5362,6.5362,6.5362,6.5362,6.5362,6.5362,6.5362,6.5362,6.5362,6.5362,6.5362,6.5362,6.5362,6.5362,6.5362,6.5362,6.5362,6.5362,6.5362,6.5362,6.5362,6.5362,6.5362,6.5362,6.5362,6.5362,6.5362,6.5362,6.5362,6.5362,6.5362,6.5362,6.5362,6.5362,6.5362,6.5362,6.5362,6.5362,6.5362,6.5362,6.5362,6.5362,6.5362,6.5362,6.5362,6.5362,6.5362,6.5362,6.5362,6.5362,6.5362,6.5362,6.5362,6.5362,6.5362,6.5362,6.5362,6.5362,6.5362,6.5362,6.5362,6.5362,6.5362,6.5362,6.5362,6.5362,6.5362,6.5362,6.5362,6.5362,6.5362,6.5362,6.5362,6.5362,6.5362,6.5362,6.5362,6.5362,6.5362,6.5362,6.5362,6.5362,6.5362,6.5362,6.5362,6.5362,6.5362,6.5362,6.5362,6.5362,6.5362,6.5362,6.5362,6.5362,6.5362,6.5362,6.5362,6.5362,6.5362,6.5362,6.5362,6.5362,6.5362,6.5362,6.5362,6.5362,6.5362,6.5362,6.5362,6.5362,6.5362,6.5362,6.5362,6.5362,6.5362,6.5362,6.5362,6.5362,6.5362,6.5362,6.5362,6.5362,6.5362,6.5362,6.5362,6.5362,6.5362,6.5362,6.5362,6.5362,6.5362,6.5362,6.5362,6.5362,6.5362,6.5362,6.5362,6.5362,6.5362,6.5362,6.5362,6.5362,6.5362,6.5362,6.5362,6.5362,6.5362,6.5362,6.5362,6.5362,6.5362,6.5362,6.5362,6.5362,6.5362,6.5362,6.5362,6.5362,6.5362,6.5362,6.5362,6.5362,6.5362,6.5362,6.5362,6.5362,6.5362,6.5362,6.5362,6.5362,6.5362,6.5362,6.5362,6.5362,6.5362,6.5362,6.5362,6.5362,6.5362,6.5362,6.5362,6.5362,6.5362,6.5362,6.5362,6.5362,6.5362,6.5362,6.5362,6.5362,6.5362,6.5362,6.5362,6.5362,6.5362,6.5362,6.5362,6.5362,6.5362,6.5362,6.5362,6.5362,6.5362,6.5362,6.5362,6.5362,6.5362,6.5362,6.5362,6.5362,6.5362,6.5362,6.5362,6.5362,6.5362,6.5362,6.5362,6.5362,6.5362,6.5362,6.5362,6.5362,6.5362,6.5362,6.5362,6.5362,6.5362,6.5362,6.5362,6.5362,6.5362,6.5362,6.5362,6.5362,6.5362,6.5362,6.5362,6.5362,6.5362,6.5362,6.5362,6.5362,6.5362,6.5362,6.5362,6.5362,6.5362,6.5362,6.5362,6.5362,6.5362,6.5362,6.5362,6.5362,6.5362,6.5362,6.5362,6.5362,6.5362,6.5362,6.5362,6.5362,6.5362,6.5362,6.5362,6.5362,6.5362,6.5362,6.5362,6.5362,6.5362,6.5362,6.5362,6.5362,6.5362,6.5362,6.5362,6.5362,6.5362,6.5362,6.5362,6.5362,6.5362,6.5362,6.5362,6.5362,6.5362,6.5362,6.5362,6.5362,6.5362,6.5362,6.5362,6.5362,6.5362,6.5362,6.5362,6.5362,6.5362,6.5362,6.5362,6.5362,6.5362,6.5362,6.5362,6.5362,6.5362,6.5362,6.5362,6.5362,6.5362,6.5362,6.5362,6.5362,6.5362,6.5362,6.5362,6.5362,6.5362,6.5362,6.5362,6.5362,6.5362,6.5362,6.5362,6.5362,6.5362,6.5362,6.5362,6.5362,6.5362,6.5362,6.5362,6.5362,6.5362,6.5362,6.5362,6.5362,6.5362,6.5362,6.5362,6.5362,6.5362,6.5362,6.5362,6.5362,6.5362,6.5362,6.5362,6.5362,6.5362,6.5362,6.5362,6.5362,6.5362,6.5362,6.5362,6.5362,6.5362,6.5362,6.5362,6.5362,6.5362,6.5362,6.5362,6.5362,6.5362,6.5362,6.5362,6.5362,6.5362,6.5362,6.5362,6.5362,6.5362,6.5362,6.5362,6.5362,6.5362,6.5362,6.5362,6.5362,6.5362,6.5362,6.5362,6.5362,6.5362,6.5362,6.5362,6.5362
6.5316,6.5316,6.5316,6.5316,6.5316,6.5316,6.5316,6.5316,6.5316,6.5316,6.5316,6.5316,6.5316,6.5316,6.5316,6.5316,6.5316,6.5316,6.5316,6.5316,6.5316,6.5316,6.5316,6.5316,6.5316,6.5316,6.5316,6.5316,6.5316,6.5316,6.5316,6.5316,6.5316,6.5316,6.5316,6.5316,6.5316,6.5316,6.5316,6.5316,6.5316,6.5316,6.5316,6.5316,6.5316,6.5316,6.5316,6.5316,6.5316,6.5316,6.5316,6.5316,6.5316,6.5316,6.5316,6.5316,6.5316,6.5316,6.5316,6.5316,6.5316,6.5316,6.5316,6.5316,6.5316,6.5316,6.5316,6.5316,6.5316,6.5316,6.5316,6.5316,6.5316,6.5316,6.5316,6.5316,6.5316,6.5316,6.5316,6.5316,6.5316,6.5316,6.5316,6.5316,6.5316,6.5316,6.5316,6.5316,6.5316,6.5316,6.5316,6.5316,6.5316,6.5316,6.5316,6.5316,6.5316,6.5316,6.5316,6.5316,6.5316,6.5316,6.5316,6.5316,6.5316,6.5316,6.5316,6.5316,6.5316,6.5316,6.5316,6.5316,6.5316,6.5316,6.5316,6.5316,6.5316,6.5316,6.5316,6.5316,6.5316,6.5316,6.5316,6.5316,6.5316,6.5316,6.5316,6.5316,6.5316,6.5316,6.5316,6.5316,6.5316,6.5316,6.5316,6.5316,6.5316,6.5316,6.5316,6.5316,6.5316,6.5316,6.5316,6.5316,6.5316,6.5316,6.5316,6.5316,6.5316,6.5316,6.5316,6.5316,6.5316,6.5316,6.5316,6.5316,6.5316,6.5316,6.5316,6.5316,6.5316,6.5316,6.5316,6.5316,6.5316,6.5316,6.5316,6.5316,6.5316,6.5316,6.5316,6.5316,6.5316,6.5316,6.5316,6.5316,6.5316,6.5316,6.5316,6.5316,6.5316,6.5316,6.5316,6.5316,6.5316,6.5316,6.5316,6.5316,6.5316,6.5316,6.5316,6.5316,6.5316,6.5316,6.5316,6.5316,6.5316,6.5316,6.5316,6.5316,6.5316,6.5316,6.5316,6.5316,6.5316,6.5316,6.5316,6.5316,6.5316,6.5316,6.5316,6.5316,6.5316,6.5316,6.5316,6.5316,6.5316,6.5316,6.5316,6.5316,6.5316,6.5316,6.5316,6.5316,6.5316,6.5316,6.5316,6.5316,6.5316,6.5316,6.5316,6.5316,6.5316,6.5316,6.5316,6.5316,6.5316,6.5316,6.5316,6.5316,6.5316,6.5316,6.5316,6.5316,6.5316,6.5316,6.5316,6.5316,6.5316,6.5316,6.5316,6.5316,6.5316,6.5316,6.5316,6.5316,6.5316,6.5316,6.5316,6.5316,6.5316,6.5316,6.5316,6.5316,6.5316,6.5316,6.5316,6.5316,6.5316,6.5316,6.5316,6.5316,6.5316,6.5316,6.5316,6.5316,6.5316,6.5316,6.5316,6.5316,6.5316,6.5316,6.5316,6.5316,6.5316,6.5316,6.5316,6.5316,6.5316,6.5316,6.5316,6.5316,6.5316,6.5316,6.5316,6.5316,6.5316,6.5316,6.5316,6.5316,6.5316,6.5316,6.5316,6.5316,6.5316,6.5316,6.5316,6.5316,6.5316,6.5316,6.5316,6.5316,6.5316,6.5316,6.5316,6.5316,6.5316,6.5316,6.5316,6.5316,6.5316,6.5316,6.5316,6.5316,6.5316,6.5316,6.5316,6.5316,6.5316,6.5316,6.5316,6.5316,6.5316,6.5316,6.5316,6.5316,6.5316,6.5316,6.5316,6.5316,6.5316,6.5316,6.5316,6.5316,6.5316,6.5316,6.5316,6.5316,6.5316,6.5316,6.5316,6.5316,6.5316,6.5316,6.5316,6.5316,6.5316,6.5316,6.5316,6.5316,6.5316,6.5316,6.5316,6.5316,6.5316,6.5316,6.5316,6.5316,6.5316,6.5316,6.5316,6.5316,6.5316,6.5316,6.5316,6.5316,6.5316,6.5316,6.5316,6.5316,6.5316,6.5316,6.5316,6.5316,6.5316,6.5316,6.5316,6.5316,6.5316,6.5316,6.5316,6.5316,6.5316,6.5316,6.5316,6.5316,6.5316,6.5316,6.5316,6.5316,6.5316,6.5316,6.5316,6.5316,6.5316,6.5316,6.5316,6.5316,6.5316,6.5316,6.5316,6.5316,6.5316,6.5316,6.5316,6.5316,6.5316,6.5316,6.5316,6.5316,6.5316,6.5316,6.5316,6.5316,6.5316,6.5316,6.5316,6.5316,6.5316,6.5316,6.5316,6.5316,6.5316,6.5316,6.5316,6.5316,6.5316,6.5316,6.5316,6.5316,6.5316,6.5316,6.5316,6.5316,6.5316,6.5316,6.5316,6.5318,6.5318,6.5318,6.5318,6.5318,6.5318,6.5318,6.5318,6.5318,6.5318,6.5318,6.5318,6.5318,6.5318,6.5318,6.5318,6.5318,6.5318,6.5318,6.5318,6.5318,6.5318,6.5318,6.5318,6.5318,6.5318,6.5318,6.5318,6.5318,6.5318,6.5318,6.5318,6.5318,6.5318,6.5318,6.5318,6.5318,6.5318,6.5318,6.5318,6.5318,6.5318,6.5318,6.5318,6.5318,6.5318,6.5318,6.5318,6.5318,6.5318,6.5318,6.5318,6.5318,6.5318,6.5318,6.5318,6.5318,6.5318,6.5318,6.5318,6.5318,6.5318,6.5318,6.5318,6.5318,6.5318,6.5318,6.5318,6.5318,6.5318,6.5318,6.5318,6.5318,6.5318,6.5318,6.5318,6.5318,6.5318,6.5318,6.5318,6.5318,6.5318,6.5318,6.5318,6.5318,6.5318,6.5318,6.5318,6.5318,6.5318,6.5318,6.5318,6.5318,6.5318,6.5318,6.5318,6.5318,6.5318,6.5318,6.5318,6.5318,6.5318,6.5318,6.5318,6.5318,6.5318,6.5318,6.5318,6.5318,6.5318,6.5318,6.5318,6.5318,6.5318,6.5318,6.5318,6.5318,6.5318,6.5318,6.5318,6.5318,6.5318,6.5318,6.5318,6.5318,6.5318,6.5318,6.5318,6.5318,6.5318,6.5318,6.5318,6.5318,6.5318,6.5318,6.5318,6.5318,6.5318,6.5318,6.5318,6.5318,6.5318,6.5318,6.5318,6.5318,6.5318,6.5318,6.5318,6.5318,6.5318,6.5318,6.5318,6.5318,6.5318,6.5318,6.5318,6.5318,6.5318,6.5318,6.5318,6.5318,6.5318,6.5318,6.5318,6.5318,6.5318,6.5318,6.5318,6.5318,6.5318,6.5318,6.5318,6.5318,6.5318,6.5318,6.5318,6.5318,6.5318,6.5318,6.5318,6.5318,6.5318,6.5318,6.5318,6.5318,6.5318,6.5318,6.5318,6.5318,6.5318,6.5318,6.5318,6.5318,6.5318,6.5318,6.5318,6.5318,6.5318,6.5318,6.5318,6.5318,6.5318,6.5318,6.5318,6.5318,6.5318,6.5318,6.5318,6.5318,6.5318,6.5318,6.5318,6.5318,6.5318,6.5318,6.5318,6.5318,6.5318,6.5318,6.5318,6.5318,6.5318,6.5318,6.5318,6.5318,6.5318,6.5318,6.5318,6.5318,6.5318,6.5318,6.5318,6.5318,6.5318,6.5318,6.5318,6.5318,6.5318,6.5318,6.5318,6.5318,6.5318,6.5318,6.5318,6.5318,6.5318,6.5318,6.5318,6.5318,6.5318,6.5318,6.5318,6.5318,6.5318,6.5318,6.5318,6.5318,6.5318,6.5318,6.5318,6.5318,6.5318,6.5318,6.5318,6.5318,6.5318,6.5318,6.5318,6.5318,6.5318,6.5318,6.5318,6.5318,6.5318,6.5318,6.5318,6.5318,6.5318,6.5318,6.5318,6.5318,6.5318,6.5318,6.5318,6.5318,6.5318,6.5318,6.5318,6.5318,6.5318,6.5318,6.5318,6.5318,6.5318,6.5318,6.5318,6.5318,6.5318,6.5318,6.5318,6.5318,6.5318,6.5318,6.5318,6.5318,6.5318,6.5318,6.5318,6.5318,6.5318,6.5318,6.5318,6.5318,6.5318,6.5318,6.5318,6.5318,6.5318,6.5318,6.5318,6.5318,6.5318,6.5318,6.5318,6.5318,6.5318,6.5318,6.5318,6.5318,6.5318,6.5318,6.5318,6.5318,6.5318,6.5318,6.5318,6.5318,6.5318,6.5318,6.5318,6.5318,6.5318,6.5318,6.5318,6.5318,6.5318,6.5318,6.5318,6.5318,6.5318,6.5318,6.5318,6.5318,6.5318,6.5318,6.5318,6.5318,6.5318,6.5318,6.5318,6.5318,6.5318,6.5318,6.5318,6.5318,6.5318,6.5318,6.5318,6.5318,6.5318,6.5318,6.5318,6.5318,6.5318,6.5318,6.5318,6.5318,6.5318,6.5318,6.5318,6.5318,6.5318,6.5318,6.5318,6.5318,6.5318,6.5318,6.5318,6.5318,6.5318,6.5318,6.5318,6.5318,6.5318,6.5318,6.5318,6.5318,6.5318,6.5318,6.5318,6.5318,6.5318,6.5318,6.5318,6.5318,6.5318,6.5318,6.5318,6.5318,6.5318,6.5318,6.5318,6.5318,6.5318,6.5318,6.5318,6.5318,6.5318,6.5318,6.5318,6.5318,6.5318,6.5318,6.5318,6.5318,6.5318,6.5318,6.5318,6.5318,6.5318,6.5318,6.5318,6.5318,6.5318,6.5318,6.5318,6.5318,6.5318,6.5318,6.5318,6.5318,6.5318,6.5318,6.5318,6.5318,6.5318,6.5318,6.5318,6.5318,6.5318,6.5318,6.5318,6.5318,6.5318,6.5318,6.5318,6.5318,6.5318,6.5318,6.5318,6.5318,6.5318,6.5318,6.5318,6.5318,6.5318,6.5318,6.5318,6.5318,6.5318,6.5318,6.5318,6.5318,6.5318,6.5318,6.5318,6.5318,6.5318,6.5318,6.5318,6.5318,6.5318,6.5318,6.5318,6.5318,6.5318,6.5318,6.5318,6.5318,6.5318,6.5318,6.5318,6.5318,6.5318,6.5318,6.5318,6.5318,6.5318,6.5318,6.5318,6.5318,6.5318,6.5318,6.5318,6.5318,6.5318,6.5318,6.5318,6.5318,6.5318,6.5318,6.5318,6.5318
6.5273,6.5273,6.5273,6.5273,6.5273,6.5273,6.5273,6.5273,6.5273,6.5273,6.5273,6.5273,6.5273,6.5273,6.5273,6.5273,6.5273,6.5273,6.5273,6.5273,6.5273,6.5273,6.5273,6.5273,6.5273,6.5273,6.5273,6.5273,6.5273,6.5273,6.5273,6.5273,6.5273,6.5273,6.5273,6.5273,6.5273,6.5273,6.5273,6.5273,6.5273,6.5273,6.5273,6.5273,6.5273,6.5273,6.5273,6.5273,6.5273,6.5273,6.5273,6.5273,6.5273,6.5273,6.5273,6.5273,6.5273,6.5273,6.5273,6.5273,6.5273,6.5273,6.5273,6.5273,6.5273,6.5273,6.5273,6.5273,6.5273,6.5273,6.5273,6.5273,6.5273,6.5273,6.5273,6.5273,6.5273,6.5273,6.5273,6.5273,6.5273,6.5273,6.5273,6.5273,6.5273,6.5273,6.5273,6.5273,6.5273,6.5273,6.5273,6.5273,6.5273,6.5273,6.5273,6.5273,6.5273,6.5273,6.5273,6.5273,6.5273,6.5273,6.5273,6.5273,6.5273,6.5273,6.5273,6.5273,6.5273,6.5273,6.5273,6.5273,6.5273,6.5273,6.5273,6.5273,6.5273,6.5273,6.5273,6.5273,6.5273,6.5273,6.5273,6.5273,6.5273,6.5273,6.5273,6.5273,6.5273,6.5273,6.5273,6.5273,6.5273,6.5273,6.5273,6.5273,6.5273,6.5273,6.5273,6.5273,6.5273,6.5273,6.5273,6.5273,6.5273,6.5273,6.5273,6.5273,6.5273,6.5273,6.5273,6.5273,6.5273,6.5273,6.5273,6.5273,6.5273,6.5273,6.5273,6.5273,6.5273,6.5273,6.5273,6.5273,6.5273,6.5273,6.5273,6.5273,6.5273,6.5273,6.5273,6.5273,6.5273,6.5273,6.5273,6.5273,6.5273,6.5273,6.5273,6.5273,6.5273,6.5273,6.5273,6.5273,6.5273,6.5273,6.5273,6.5273,6.5273,6.5273,6.5273,6.5273,6.5273,6.5273,6.5273,6.5273,6.5273,6.5273,6.5273,6.5273,6.5273,6.5273,6.5273,6.5273,6.5273,6.5273,6.5273,6.5273,6.5273,6.5273,6.5273,6.5273,6.5273,6.5273,6.5273,6.5273,6.5273,6.5273,6.5273,6.5273,6.5273,6.5273,6.5273,6.5273,6.5273,6.5273,6.5273,6.5273,6.5273,6.5273,6.5273,6.5273,6.5273,6.5273,6.5273,6.5273,6.5273,6.5273,6.5273,6.5273,6.5273,6.5273,6.5273,6.5273,6.5273,6.5273,6.5273,6.5273,6.5273,6.5273,6.5273,6.5273,6.5273,6.5273,6.5273,6.5273,6.5273,6.5273,6.5273,6.5273,6.5273,6.5273,6.5273,6.5273,6.5273,6.5273,6.5273,6.5273,6.5273,6.5273,6.5273,6.5273,6.5273,6.5273,6.5273,6.5273,6.5273,6.5273,6.5273,6.5273,6.5273,6.5273,6.5273,6.5273,6.5273,6.5273,6.5273,6.5273,6.5273,6.5273,6.5273,6.5273,6.5273,6.5273,6.5273,6.5273,6.5273,6.5273,6.5273,6.5273,6.5273,6.5273,6.5273,6.5273,6.5273,6.5273,6.5273,6.5273,6.5273,6.5273,6.5273,6.5273,6.5273,6.5273,6.5273,6.5273,6.5273,6.5273,6.5273,6.5273,6.5273,6.5273,6.5273,6.5273,6.5273,6.5273,6.5273,6.5273,6.5273,6.5273,6.5273,6.5273,6.5273,6.5273,6.5273,6.5273,6.5273,6.5273,6.5273,6.5273,6.5273,6.5273,6.5273,6.5273,6.5273,6.5273,6.5273,6.5273,6.5273,6.5273,6.5273,6.5273,6.5273,6.5273,6.5273,6.5273,6.5273,6.5273,6.5273,6.5273,6.5273,6.5273,6.5273,6.5273,6.5273,6.5273,6.5273,6.5273,6.5273,6.5273,6.5273,6.5273,6.5273,6.5273,6.5273,6.5273,6.5273,6.5273,6.5273,6.5273,6.5273,6.5273,6.5273,6.5273,6.5273,6.5273,6.5273,6.5273,6.5273,6.5273,6.5273,6.5273,6.5273,6.5273,6.5273,6.5273,6.5273,6.5273,6.5273,6.5273,6.5273,6.5273,6.5273,6.5273,6.5273,6.5273,6.5273,6.5273,6.5273,6.5273,6.5273,6.5273,6.5273,6.5273,6.5273,6.5273,6.5273,6.5273,6.5273,6.5273,6.5273,6.5273,6.5273,6.5273,6.5273,6.5273,6.5273,6.5273,6.5273,6.5273,6.5273,6.5273,6.5273,6.5273,6.5273,6.5273,6.5273,6.5273,6.5273,6.5273,6.5273,6.5273,6.5273,6.5273,6.5273,6.5273,6.5273,6.5273,6.5273,6.5273,6.5273,6.5273,6.5273,6.5273,6.5273,6.5273,6.5273,6.5273,6.5273,6.5273,6.5273,6.5273,6.5273,6.5273,6.5273,6.5273,6.5273,6.5273,6.5273,6.5273,6.5273,6.5273,6.5273,6.5273,6.5273,6.5273,6.5273,6.5273,6.5273,6.5273,6.5273,6.5273,6.5273,6.5273,6.5273,6.5273,6.5273,6.5273,6.5273,6.5273,6.5273,6.5273,6.5273,6.5273,6.5273,6.5273,6.5273,6.5273,6.5273,6.5273,6.5273,6.5273,6.5273,6.5273,6.5273,6.5273,6.5273,6.5273,6.5273,6.5273,6.5273,6.5273,6.5273,6.5273,6.5273,6.5273,6.5273,6.5273,6.5273,6.5273,6.5273,6.5273,6.5273,6.5273,6.5273,6.5273,6.5273,6.5273,6.5273,6.5273,6.5273,6.5273,6.5273,6.5273,6.5273,6.5273,6.5273,6.5273,6.5273,6.5273,6.5273,6.5273,6.5273,6.5273,6.5273,6.5273,6.5273,6.5273,6.5273,6.5273,6.5273,6.5273,6.5273,6.5273,6.5273,6.5273,6.5273,6.5273,6.5273,6.5273,6.5273,6.5273,6.5273,6.5273,6.5273,6.5273,6.5273,6.5273,6.5273,6.5273,6.5273,6.5273,6.5273,6.5273,6.5273,6.5273,6.5273,6.5273,6.5273,6.5273,6.5273,6.5273,6.5273,6.5273,6.5273,6.5273,6.5273,6.5273,6.5273,6.5273,6.5273,6.5273,6.5273,6.5273,6.5273,6.5273,6.5273,6.5273,6.5273,6.5273,6.5273,6.5273,6.5273,6.5273,6.5273,6.5273,6.5273,6.5273,6.5273,6.5273,6.5273,6.5273,6.5273,6.5273,6.5273,6.5273,6.5273,6.5273,6.5273,6.5273,6.5273,6.5273,6.5273,6.5273,6.5273,6.5273,6.5273,6.5273,6.5273,6.5273,6.5273,6.5273,6.5273,6.5273,6.5273,6.5273,6.5273,6.5273,6.5273,6.5273,6.5273,6.5273,6.5273,6.5273,6.5273,6.5273,6.5273,6.5273,6.5273,6.5273,6.5273,6.5273,6.5273,6.5273,6.5273,6.5273,6.5273,6.5273,6.5273,6.5273,6.5273,6.5273,6.5273,6.5273,6.5273,6.5273,6.5273,6.5273,6.5273,6.5273,6.5273,6.5273,6.5273,6.5273,6.5273,6.5273,6.5273,6.5273,6.5273,6.5273,6.5273,6.5273,6.5273,6.5273,6.5273,6.5273,6.5273,6.5273,6.5273,6.5273,6.5273,6.5273,6.5273,6.5273,6.5273,6.5273,6.5273,6.5273,6.5273,6.5273,6.5273,6.5273,6.5273,6.5273,6.5273,6.5273,6.5273,6.5273,6.5273,6.5273,6.5273,6.5273,6.5273,6.5273,6.5273,6.5273,6.5273,6.5273,6.5273,6.5273,6.5273,6.5273,6.5273,6.5273,6.5273,6.5273,6.5273,6.5273,6.5273,6.5273,6.5273,6.5273,6.5273,6.5273,6.5273,6.5273,6.5273,6.5273,6.5273,6.5273,6.5273,6.5273,6.5273,6.5273,6.5273,6.5273,6.5273,6.5273,6.5273,6.5273,6.5273,6.5273,6.5273,6.5273,6.5273,6.5273,6.5273,6.5273,6.5273,6.5273,6.5273,6.5273,6.5273,6.5273,6.5273,6.5273,6.5273,6.5273,6.5273,6.5273,6.5273,6.5273,6.5273,6.5273,6.5273,6.5273,6.5273,6.5273,6.5273,6.5273,6.5273,6.5273,6.5273,6.5273,6.5273,6.5273,6.5273,6.5273,6.5273,6.5273,6.5273,6.5273,6.5273,6.5273,6.5273,6.5273,6.5273,6.5273,6.5273,6.5273,6.5273,6.5273,6.5273,6.5268,6.5268,6.5268,6.5268,6.5268,6.5268,6.5268,6.5268,6.5268,6.5268,6.5268,6.5268,6.5268,6.5268,6.5268,6.5268,6.5268,6.5268,6.5268,6.5268,6.5268,6.5268,6.5268,6.5268,6.5268,6.5268,6.5268,6.5268,6.5268,6.5268,6.5268,6.5268,6.5268,6.5268,6.5268,6.5268,6.5268,6.5268,6.5268,6.5268,6.5268,6.5268,6.5268,6.5268,6.5268,6.5268,6.5268,6.5268,6.5268,6.5268,6.5268,6.5268,6.5268,6.5268,6.5268,6.5268,6.5268,6.5268,6.5268,6.5268,6.5268,6.5268,6.5268,6.5268,6.5268,6.5268,6.5268,6.5268,6.5268,6.5268,6.5268,6.5268,6.5268,6.5268,6.5268,6.5268,6.5268,6.5268,6.5268,6.5268,6.5268,6.5268,6.5268,6.5268,6.5268,6.5268,6.5268,6.5268,6.5268,6.5268,6.5268,6.5268,6.5268,6.5268,6.5268,6.5268,6.5268,6.5268,6.5268,6.5268,6.5268,6.5268,6.5268,6.5268,6.5268,6.5268,6.5268,6.5268,6.5268,6.5268,6.5268,6.5268,6.5268,6.5268,6.5268,6.5268,6.5268,6.5268,6.5268,6.5268,6.5268,6.5268,6.5268,6.5268,6.5268,6.5268,6.5268,6.5268,6.5268,6.5268,6.5268,6.5268,6.5268,6.5268,6.5268,6.5268,6.5268,6.5268,6.5268,6.5268,6.5268,6.5268,6.5268,6.5268,6.5268,6.5268,6.5268,6.5268,6.5268,6.5268,6.5268,6.5268,6.5268,6.5268,6.5268,6.5268,6.5268
6.5219,6.5219,6.5219,6.5219,6.5219,6.5219,6.5219,6.5219,6.5219,6.5219,6.5219,6.5219,6.5219,6.5219,6.5219,6.5219,6.5219,6.5219,6.5219,6.5219,6.5219,6.5219,6.5219,6.5219,6.5219,6.5219,6.5219,6.5219,6.5219,6.5219,6.5219,6.5219,6.5219,6.5219,6.5219,6.5219,6.5219,6.5219,6.5219,6.5219,6.5219,6.5219,6.5219,6.5219,6.5219,6.5219,6.5219,6.5219,6.5219,6.5219,6.5219,6.5219,6.5219,6.5219,6.5219,6.5219,6.5219,6.5219,6.5219,6.5219,6.5219,6.5219,6.5219,6.5219,6.5219,6.5219,6.5219,6.5219,6.5219,6.5219,6.5219,6.5219,6.5219,6.5219,6.5219,6.5219,6.5219,6.5219,6.5219,6.5219,6.5219,6.5219,6.5219,6.5219,6.5219,6.5219,6.5219,6.5219,6.5219,6.5219,6.5219,6.5219,6.5219,6.5219,6.5219,6.5219,6.5219,6.5219,6.5219,6.5219,6.5219,6.5219,6.5219,6.5219,6.5219,6.5219,6.5219,6.5219,6.5219,6.5219,6.5219,6.5219,6.5219,6.5219,6.5219,6.5219,6.5219,6.5219,6.5219,6.5219,6.5219,6.5219,6.5219,6.5219,6.5219,6.5219,6.5219,6.5219,6.5219,6.5219,6.5219,6.5219,6.5219,6.5219,6.5219,6.5219,6.5219,6.5219,6.5219,6.5219,6.5219,6.5219,6.5219,6.5219,6.5219,6.5219,6.5219,6.5219,6.5219,6.5219,6.5219,6.5219,6.5219,6.5219,6.5219,6.5219,6.5219,6.5219,6.5219,6.5219,6.5219,6.5219,6.5219,6.5219,6.5219,6.5219,6.5219,6.5219,6.5219,6.5219,6.5219,6.5219,6.5219,6.5219,6.5219,6.5219,6.5219,6.5219,6.5219,6.5219,6.5219,6.5219,6.5219,6.5219,6.5219,6.5219,6.5219,6.5219,6.5219,6.5219,6.5219,6.5219,6.5219,6.5219,6.5219,6.5219,6.5219,6.5219,6.5219,6.5219,6.5219,6.5219,6.5219,6.5219,6.5219,6.5219,6.5219,6.5219,6.5219,6.5219,6.5219,6.5219,6.5219,6.5219,6.5219,6.5219,6.5219,6.5219,6.5219,6.5219,6.5219,6.5219,6.5219,6.5219,6.5219,6.5219,6.5219,6.5219,6.5219,6.5219,6.5219,6.5219,6.5219,6.5219,6.5219,6.5219,6.5219,6.5219,6.5219,6.5219,6.5219,6.5219,6.5219,6.5219,6.5219,6.5219,6.5219,6.5219,6.5219,6.5219,6.5219,6.5219,6.5219,6.5219,6.5219,6.5219,6.5219,6.5219,6.5219,6.5219,6.5219,6.5219,6.5219,6.5219,6.5219,6.5219,6.5219,6.5219,6.5219,6.5219,6.5219,6.5219,6.5219,6.5219,6.5219,6.5219,6.5219,6.5219,6.5219,6.5219,6.5219,6.5219,6.5219,6.5219,6.5219,6.5219,6.5219,6.5219,6.5219,6.5219,6.5219,6.5219,6.5219,6.5219,6.5219,6.5219,6.5219,6.5219,6.5219,6.5219,6.5219,6.5219,6.5219,6.5219,6.5219,6.5219,6.5219,6.5219,6.5219,6.5219,6.5219,6.5219,6.5219,6.5219,6.5219,6.5219,6.5219,6.5219,6.5219,6.5219,6.5219,6.5219,6.5219,6.5219,6.5219,6.5219,6.5219,6.5219,6.5219,6.5219,6.5219,6.5219,6.5219,6.5219,6.5219,6.5219,6.5219,6.5219,6.5219,6.5219,6.5219,6.5219,6.5219,6.5219,6.5219,6.5219,6.5219,6.5219,6.5219,6.5219,6.5219,6.5219,6.5219,6.5219,6.5219,6.5219,6.5219,6.5219,6.5219,6.5219,6.5219,6.5219,6.5219,6.5219,6.5219,6.5219,6.5219,6.5219,6.5219,6.5219,6.5219,6.5219,6.5219,6.5219,6.5219,6.5219,6.5219,6.5219,6.5219,6.5219,6.5219,6.5219,6.5219,6.5219,6.5219,6.5219,6.5219,6.5219,6.5219,6.5219,6.5219,6.5219,6.5219,6.5219,6.5219,6.5219,6.5219,6.5219,6.5219,6.5219,6.5219,6.5219,6.5219,6.5219,6.5219,6.5219,6.5219,6.5219,6.5219,6.5219,6.5219,6.5219,6.5219,6.5219,6.5219,6.5219,6.5219,6.5219,6.5219,6.5219,6.5219,6.5219,6.5219,6.5219,6.5219,6.5219,6.5219,6.5219,6.5219,6.5219,6.5219,6.5219,6.5219,6.5219,6.5219,6.5219,6.5219,6.5219,6.5219,6.5219,6.5219,6.5219,6.5219,6.5219,6.5219,6.5219,6.5219,6.5219,6.5219,6.5219,6.5219,6.5219,6.5219,6.5219,6.5219,6.5219,6.5219,6.5219,6.5219,6.5219,6.5219,6.5219,6.5219,6.5219,6.5219,6.5219,6.5219,6.5219,6.5219,6.5219,6.5219,6.5219,6.5219,6.5219,6.5219,6.5219,6.5219,6.5219,6.5219,6.5219,6.5219,6.5219,6.5219,6.5219,6.5219,6.5219,6.5219,6.5219,6.5219,6.5219,6.5219,6.5219,6.5219,6.5219,6.5219,6.5219,6.5219,6.5219,6.5219,6.5219,6.5219,6.5219,6.5219,6.5219,6.5219,6.5219,6.5219,6.5219,6.5219,6.5219,6.5219,6.5219,6.5219,6.5219,6.5219,6.5219,6.5219,6.5219,6.5219,6.5219,6.5219,6.5219,6.5219,6.5219,6.5219,6.5219,6.5219,6.5219,6.5219,6.5219,6.5219,6.5219,6.5219,6.5219,6.5219,6.5219,6.5219,6.5219,6.5219,6.5219,6.5219,6.5219,6.5219,6.5219,6.5219,6.5219,6.5219,6.5219,6.5219,6.5219,6.5219,6.5219,6.5219,6.5219,6.5219,6.5219,6.5219,6.5219,6.5219,6.5219,6.5219,6.5219,6.5219,6.5219,6.5219,6.5219,6.5219,6.5219,6.5219,6.5219,6.5219,6.5219,6.5219,6.5219,6.5219,6.5219,6.5219,6.5219,6.5219,6.5219,6.5219,6.5219,6.5219,6.5219,6.5219,6.5219,6.5219,6.5219,6.5219,6.5219,6.5219,6.5219,6.5219,6.5219,6.5219,6.5219,6.5219,6.5219,6.5219,6.5219,6.5219,6.5219,6.5219,6.5219,6.5219,6.5219,6.5219,6.5219,6.5219,6.5219,6.5219,6.5219,6.5219,6.5219,6.5219,6.5219,6.5219,6.5219,6.5219,6.5219,6.5219,6.5219,6.5219,6.5219,6.5219,6.5219,6.5219,6.5219,6.5219,6.5219,6.5219,6.5219,6.5219,6.5219,6.5219,6.5219,6.5219,6.5219,6.5219,6.5219,6.5219,6.5219,6.5219,6.5219,6.5219,6.5219,6.5219,6.5219,6.5219,6.5219,6.5219,6.5219,6.5219,6.5219,6.5219,6.5219,6.5219,6.5219,6.5219,6.5219,6.5219,6.5219,6.5219,6.5219,6.5219,6.5219,6.5219,6.5219,6.5219,6.5219,6.5219,6.5219,6.5219,6.5219,6.5219,6.5219,6.5219,6.5219,6.5219,6.5219,6.5219,6.5219,6.5219,6.5219,6.5219,6.5219,6.5219,6.5219,6.5219,6.5219,6.5219,6.5219,6.5219,6.5219,6.5219,6.5219,6.5219,6.5219,6.5219,6.5219,6.5219,6.5219,6.5219,6.5219,6.5219,6.5219,6.5219,6.5219,6.5219,6.5219,6.5219,6.5219,6.5219,6.5219,6.5219,6.5219,6.5219,6.5219,6.5219,6.5219,6.5219,6.5219,6.5219,6.5219,6.5219,6.5219,6.5219,6.5219,6.5219,6.5219,6.5219,6.5219,6.5219,6.5219,6.5219,6.5219,6.5219,6.5219,6.5219,6.5219,6.5219,6.5219,6.5219,6.5219,6.5219,6.5219,6.5219,6.5219,6.5219,6.5219,6.5219,6.5219,6.5219,6.5219,6.5219,6.5219,6.5219,6.5219,6.5219,6.5219,6.5219,6.5219,6.5219,6.5219,6.5219,6.5219,6.5219,6.5219,6.5219,6.5219,6.5219,6.5219,6.5219,6.5219,6.5219,6.5219,6.5219,6.5219,6.5219,6.5219,6.5219,6.5219,6.5219,6.5219,6.5219,6.5219,6.5219,6.5219,6.5219,6.5219,6.5219,6.5219,6.5219,6.5219,6.5219,6.5219,6.5219,6.5219,6.5219,6.5219,6.5219,6.5219,6.5219,6.5219,6.5219,6.5219,6.5219,6.5219,6.5219,6.5219,6.5219,6.5219,6.5219,6.5219,6.5219,6.5219,6.5219,6.5219,6.5219,6.5219,6.5219,6.5219,6.5219,6.5219,6.5219,6.5219,6.5219,6.5219,6.5219,6.5219,6.5219,6.5219,6.5219,6.5219,6.5219,6.5219,6.5219,6.5219,6.5219,6.5219,6.5219,6.5219,6.5219,6.5219,6.5219,6.5219,6.5219,6.5224,6.5224,6.5224,6.5224,6.5224,6.5224,6.5224,6.5224,6.5224,6.5224,6.5224,6.5224,6.5224,6.5224,6.5224,6.5224,6.5224,6.5224,6.5224,6.5224,6.5224,6.5224,6.5224,6.5224,6.5224,6.5224,6.5224,6.5224,6.5224,6.5224,6.5224,6.5224,6.5224,6.5224,6.5224,6.5224,6.5224,6.5224,6.5224,6.5224,6.5224,6.5224,6.5224,6.5224,6.5224,6.5224,6.5224,6.5224,6.5224,6.5224,6.5224,6.5224,6.5224,6.5224,6.5224,6.5224,6.5224,6.5224,6.5224,6.5224,6.5224,6.5224,6.5224,6.5224,6.5224,6.5224,6.5224,6.5224,6.5224,6.5224,6.5224,6.5224,6.5224,6.5224,6.5224,6.5224,6.5224,6.5224,6.5224,6.5224,6.5224,6.5224,6.5224,6.5224,6.5224,6.5224,6.5224,6.5224,6.5224,6.5224,6.5224,6.5224,6.5224,6.5224,6.5224,6.5224,6.5224,6.5224,6.5224,6.5224,6.5224,6.5224,6.5224,6.5224,6.5224,6.5224,6.5224,6.5224,6.5224,6.5224,6.5224,6.5224,6.5224
6.5176,6.5176,6.5176,6.5176,6.5176,6.5176,6.5176,6.5176,6.5176,6.5176,6.5176,6.5176,6.5176,6.5176,6.5176,6.5176,6.5176,6.5176,6.5176,6.5176,6.5176,6.5176,6.5176,6.5176,6.5176,6.5176,6.5176,6.5176,6.5176,6.5176,6.5176,6.5176,6.5176,6.5176,6.5176,6.5176,6.5176,6.5176,6.5176,6.5176,6.5176,6.5176,6.5176,6.5176,6.5176,6.5176,6.5176,6.5176,6.5176,6.5176,6.5176,6.5176,6.5176,6.5176,6.5176,6.5176,6.5176,6.5176,6.5176,6.5176,6.5176,6.5176,6.5176,6.5176,6.5176,6.5176,6.5176,6.5176,6.5176,6.5176,6.5176,6.5176,6.5176,6.5176,6.5176,6.5176,6.5176,6.5176,6.5176,6.5176,6.5176,6.5176,6.5176,6.5176,6.5176,6.5176,6.5176,6.5176,6.5176,6.5176,6.5176,6.5176,6.5176,6.5176,6.5176,6.5176,6.5176,6.5176,6.5176,6.5176,6.5176,6.5176,6.5176,6.5176,6.5176,6.5176,6.5176,6.5176,6.5176,6.5176,6.5176,6.5176,6.5176,6.5176,6.5176,6.5176,6.5176,6.5176,6.5176,6.5176,6.5176,6.5176,6.5176,6.5176,6.5176,6.5176,6.5176,6.5176,6.5176,6.5176,6.5176,6.5176,6.5176,6.5176,6.5176,6.5176,6.5176,6.5176,6.5176,6.5176,6.5176,6.5176,6.5176,6.5176,6.5176,6.5176,6.5176,6.5176,6.5176,6.5176,6.5176,6.5176,6.5176,6.5176,6.5176,6.5176,6.5176,6.5176,6.5176,6.5176,6.5176,6.5176,6.5176,6.5176,6.5176,6.5176,6.5176,6.5176,6.5176,6.5176,6.5176,6.5176,6.5176,6.5176,6.5176,6.5176,6.5176,6.5176,6.5176,6.5176,6.5176,6.5176,6.5176,6.5176,6.5176,6.5176,6.5176,6.5176,6.5176,6.5176,6.5176,6.5176,6.5176,6.5176,6.5176,6.5176,6.5176,6.5176,6.5176,6.5176,6.5176,6.5176,6.5176,6.5176,6.5176,6.5176,6.5176,6.5176,6.5176,6.5176,6.5176,6.5176,6.5176,6.5176,6.5176,6.5176,6.5176,6.5176,6.5176,6.5176,6.5176,6.5176,6.5176,6.5176,6.5176,6.5176,6.5176,6.5176,6.5176,6.5176,6.5176,6.5176,6.5176,6.5176,6.5176,6.5176,6.5176,6.5176,6.5176,6.5176,6.5176,6.5176,6.5176,6.5176,6.5176,6.5176,6.5176,6.5176,6.5176,6.5176,6.5176,6.5176,6.5176,6.5176,6.5176,6.5176,6.5176,6.5176,6.5176,6.5176,6.5176,6.5176,6.5176,6.5176,6.5176,6.5176,6.5176,6.5176,6.5176,6.5176,6.5176,6.5176,6.5176,6.5176,6.5176,6.5176,6.5176,6.5176,6.5176,6.5176,6.5176,6.5176,6.5176,6.5176,6.5176,6.5176,6.5176,6.5176,6.5176,6.5176,6.5176,6.5176,6.5176,6.5176,6.5176,6.5176,6.5176,6.5176,6.5176,6.5176,6.5176,6.5176,6.5176,6.5176,6.5176,6.5176,6.5176,6.5176,6.5176,6.5176,6.5176,6.5176,6.5176,6.5176,6.5176,6.5176,6.5176,6.5176,6.5176,6.5176,6.5176,6.5176,6.5176,6.5176,6.5176,6.5176,6.5176,6.5176,6.5176,6.5176,6.5176,6.5176,6.5176,6.5176,6.5176,6.5176,6.5176,6.5176,6.5176,6.5176,6.5176,6.5176,6.5176,6.5176,6.5176,6.5176,6.5176,6.5176,6.5176,6.5176,6.5176,6.5176,6.5176,6.5176,6.5176,6.5176,6.5176,6.5176,6.5176,6.5176,6.5176,6.5176,6.5176,6.5176,6.5176,6.5176,6.5176,6.5176,6.5176,6.5176,6.5176,6.5176,6.5176,6.5176,6.5176,6.5176,6.5176,6.5176,6.5176,6.5176,6.5176,6.5176,6.5176,6.5176,6.5176,6.5176,6.5176,6.5176,6.5176,6.5176,6.5176,6.5176,6.5176,6.5176,6.5176,6.5176,6.5176,6.5176,6.5176,6.5176,6.5176,6.5176,6.5176,6.5176,6.5176,6.5176,6.5176,6.5176,6.5176,6.5176,6.5176,6.5176,6.5176,6.5176,6.5176,6.5176,6.5176,6.5176,6.5176,6.5176,6.5176,6.5176,6.5176,6.5176,6.5176,6.5176,6.5176,6.5176,6.5176,6.5176,6.5176,6.5176,6.5176,6.5176,6.5176,6.5176,6.5176,6.5176,6.5176,6.5176,6.5176,6.5176,6.5176,6.5176,6.5176,6.5176,6.5176,6.5176,6.5176,6.5176,6.5176,6.5176,6.5176,6.5176,6.5176,6.5176,6.5176,6.5176,6.5176,6.5176,6.5176,6.5176,6.5176,6.5176,6.5176,6.5176,6.5176,6.5176,6.5176,6.5176,6.5176,6.5176,6.5176,6.5176,6.5176,6.5176,6.5176,6.5176,6.5176,6.5176,6.5176,6.5176,6.5176,6.5176,6.5176,6.5176,6.5176,6.5176,6.5176,6.5176,6.5176,6.5176,6.5176,6.5176,6.5176,6.5176,6.5176,6.5176,6.5176,6.5176,6.5176,6.5176,6.5176,6.5176,6.5176,6.5176,6.5176,6.5176,6.5176,6.5176,6.5176,6.5176,6.5176,6.5176,6.5176,6.5176,6.5176,6.5176,6.5176,6.5176,6.5176,6.5176,6.5176,6.5176,6.5176,6.5176,6.5176,6.5176,6.5176,6.5176,6.5176,6.5176,6.5176,6.5176,6.5176,6.5176,6.5176,6.5176,6.5176,6.5176,6.5176,6.5176,6.5176,6.5176,6.5176,6.5176,6.5176,6.5176,6.5176,6.5176,6.5176,6.5176,6.5176,6.5176,6.5176,6.5176,6.5176,6.5176,6.5176,6.5176,6.5176,6.5176,6.5176,6.5176,6.5176,6.5176,6.5176,6.5176,6.5176,6.5176,6.5176,6.5176,6.5176,6.5176,6.5176,6.5176,6.5176,6.5176,6.5176,6.5176,6.5176,6.5176,6.5176,6.5176,6.5176,6.5176,6.5176,6.5176,6.5176,6.5176,6.5176,6.5176,6.5176,6.5176,6.5176,6.5176,6.5176,6.5176,6.5176,6.5176,6.5176,6.5176,6.5176,6.5176,6.5176,6.5176,6.5176,6.5176,6.5176,6.5176,6.5176,6.5176,6.5176,6.5176,6.5176,6.5176,6.5176,6.5176,6.5176,6.5176,6.5176,6.5176,6.5176,6.5176,6.5176,6.5176,6.5176,6.5176,6.5176,6.5176,6.5176,6.5176,6.5176,6.5176,6.5176,6.5176,6.5176,6.5176,6.5176,6.5176,6.5176,6.5176,6.5176,6.5176,6.5176,6.5176,6.5176,6.5176,6.5176,6.5176,6.5176,6.5176,6.5176,6.5176,6.5176,6.5176,6.5176,6.5176,6.5176,6.5176,6.5176,6.5176,6.5176,6.5176,6.5176,6.5176,6.5176,6.5176,6.5176,6.5176,6.5176,6.5176,6.5176,6.5176,6.5176,6.5176,6.5176,6.5176,6.5176,6.5176,6.5176,6.5176,6.5176,6.5176,6.5176,6.5176,6.5176,6.5176,6.5176,6.5176,6.5176,6.5176,6.5176,6.5176,6.5176,6.5176,6.5176,6.5176,6.5176,6.5176,6.5176,6.5176,6.5176,6.5176,6.5176,6.5176,6.5176,6.5176,6.5176,6.5176,6.5176,6.5176,6.5176,6.5176,6.5176,6.5176,6.5176,6.5176,6.5176,6.5176,6.5176,6.5176,6.5176,6.5176,6.5176,6.5176,6.5176,6.5176,6.5176,6.5176,6.5176,6.5176,6.5176,6.5176,6.5176,6.5176,6.5176,6.5176,6.5176,6.5176,6.5176,6.5176,6.5176,6.5176,6.5176,6.5176,6.5176,6.5176,6.5176,6.5176,6.5176,6.5176,6.5176,6.5176,6.5176,6.5176,6.5176,6.5176,6.5176,6.5176,6.5176,6.5176,6.5176,6.5176,6.5176,6.5176,6.5176,6.5176,6.5176,6.5176,6.5176,6.5176,6.5176,6.5176,6.5176,6.5176,6.5176,6.5176,6.5176,6.5176,6.5176,6.5176,6.5176,6.5176,6.5176,6.5176,6.5176,6.5176,6.5176,6.5176,6.5176,6.5176,6.5176,6.5176,6.5176,6.5176,6.5176,6.5176,6.5176,6.5176,6.5176,6.5176,6.5176,6.5176,6.5176,6.5176,6.5176,6.5176,6.5176,6.5176,6.5176,6.5176,6.5176,6.5176,6.5176,6.5176,6.5176,6.5176,6.5176,6.5176,6.5176,6.5176,6.5176,6.5176,6.5176,6.5176,6.5176,6.5176,6.5176,6.5176,6.5176,6.5176,6.5176,6.5176,6.5176,6.5176,6.5176,6.5176,6.5176,6.5176,6.5176,6.5176,6.5176,6.5176,6.5176,6.5176,6.5176,6.5176,6.5176,6.5176,6.5176,6.5176,6.5176,6.5176,6.5176,6.5176,6.5176,6.5176,6.5176,6.5176,6.5176,6.5176,6.5176,6.5176,6.5176,6.5176,6.5176,6.5176,6.5176,6.5176,6.5176,6.5176,6.5176,6.5176,6.5176,6.5176,6.5176,6.5176,6.5176,6.5176,6.5176,6.5176,6.5176,6.5176,6.5176,6.5176,6.5176,6.5176,6.5176,6.5176,6.5176,6.5176,6.5176,6.5176,6.5176,6.5176,6.5176,6.5176,6.5176,6.5176,6.5176,6.5176,6.5176,6.5176,6.5176,6.5176,6.5176,6.5176,6.5176,6.5176,6.5176,6.5176,6.5176,6.5176,6.5176,6.5176,6.5176,6.5176,6.5176,6.5176,6.5176,6.5176,6.5176,6.5176,6.5176,6.5176,6.5176,6.5176,6.5176,6.5176,6.5176,6.5176,6.5176,6.5176,6.5176,6.5176,6.5176,6.5176,6.5176,6.5176,6.5176,6.5176,6.5176,6.5176,6.5176,6.5176,6.5176,6.5176,6.5176,6.5176,6.5176,6.5176,6.5176,6.5176,6.5176,6.5176,6.5176,6.5176,6.5176,6.5176
6.5123,6.5123,6.5123,6.5123,6.5123,6.5123,6.5123,6.5123,6.5123,6.5123,6.5123,6.5123,6.5123,6.5123,6.5123,6.5123,6.5123,6.5123,6.5123,6.5123,6.5123,6.5123,6.5123,6.5123,6.5123,6.5123,6.5123,6.5123,6.5123,6.5123,6.5123,6.5123,6.5123,6.5123,6.5123,6.5123,6.5123,6.5123,6.5123,6.5123,6.5123,6.5123,6.5123,6.5123,6.5123,6.5123,6.5123,6.5123,6.5123,6.5123,6.5123,6.5123,6.5123,6.5123,6.5123,6.5123,6.5123,6.5123,6.5123,6.5123,6.5123,6.5123,6.5123,6.5123,6.5123,6.5123,6.5123,6.5123,6.5123,6.5123,6.5123,6.5123,6.5123,6.5123,6.5123,6.5123,6.5123,6.5123,6.5123,6.5123,6.5123,6.5123,6.5123,6.5123,6.5123,6.5123,6.5123,6.5123,6.5123,6.5123,6.5123,6.5123,6.5123,6.5123,6.5123,6.5123,6.5123,6.5123,6.5123,6.5123,6.5123,6.5123,6.5123,6.5123,6.5123,6.5123,6.5123,6.5123,6.5123,6.5123,6.5123,6.5123,6.5123,6.5123,6.5123,6.5123,6.5123,6.5123,6.5123,6.5123,6.5123,6.5123,6.5123,6.5123,6.5123,6.5123,6.5123,6.5123,6.5123,6.5123,6.5123,6.5123,6.5123,6.5123,6.5123,6.5123,6.5123,6.5123,6.5123,6.5123,6.5123,6.5123,6.5123,6.5123,6.5123,6.5123,6.5123,6.5123,6.5123,6.5123,6.5123,6.5123,6.5123,6.5123,6.5123,6.5123,6.5123,6.5123,6.5123,6.5123,6.5123,6.5123,6.5123,6.5123,6.5123,6.5123,6.5123,6.5123,6.5123,6.5123,6.5123,6.5123,6.5123,6.5123,6.5123,6.5123,6.5123,6.5123,6.5123,6.5123,6.5123,6.5123,6.5123,6.5123,6.5123,6.5123,6.5123,6.5123,6.5123,6.5123,6.5123,6.5123,6.5123,6.5123,6.5123,6.5123,6.5123,6.5123,6.5123,6.5123,6.5123,6.5123,6.5123,6.5123,6.5123,6.5123,6.5123,6.5123,6.5123,6.5123,6.5123,6.5123,6.5123,6.5123,6.5123,6.5123,6.5123,6.5123,6.5123,6.5123,6.5123,6.5123,6.5123,6.5123,6.5123,6.5123,6.5123,6.5123,6.5123,6.5123,6.5123,6.5123,6.5123,6.5123,6.5123,6.5123,6.5123,6.5123,6.5123,6.5123,6.5123,6.5123,6.5123,6.5123,6.5123,6.5123,6.5123,6.5123,6.5123,6.5123,6.5123,6.5123,6.5123,6.5123,6.5123,6.5123,6.5123,6.5123,6.5123,6.5123,6.5123,6.5123,6.5123,6.5123,6.5123,6.5123,6.5123,6.5123,6.5123,6.5123,6.5123,6.5123,6.5123,6.5123,6.5123,6.5123,6.5123,6.5123,6.5123,6.5123,6.5123,6.5123,6.5123,6.5123,6.5123,6.5123,6.5123,6.5123,6.5123,6.5123,6.5123,6.5123,6.5123,6.5123,6.5123,6.5123,6.5123,6.5123,6.5123,6.5123,6.5123,6.5123,6.5123,6.5123,6.5123,6.5123,6.5123,6.5123,6.5123,6.5123,6.5123,6.5123,6.5123,6.5123,6.5123,6.5123,6.5123,6.5123,6.5123,6.5123,6.5123,6.5123,6.5123,6.5123,6.5123,6.5123,6.5123,6.5123,6.5123,6.5123,6.5123,6.5123,6.5123,6.5123,6.5123,6.5123,6.5123,6.5123,6.5123,6.5123,6.5123,6.5123,6.5123,6.5123,6.5123,6.5123,6.5123,6.5123,6.5123,6.5123,6.5123,6.5123,6.5123,6.5123,6.5123,6.5123,6.5123,6.5123,6.5123,6.5123,6.5123,6.5123,6.5123,6.5123,6.5123,6.5123,6.5123,6.5123,6.5123,6.5123,6.5123,6.5123,6.5123,6.5123,6.5123,6.5123,6.5123,6.5123,6.5123,6.5123,6.5123,6.5123,6.5123,6.5123,6.5123,6.5123,6.5123,6.5123,6.5123,6.5123,6.5123,6.5123,6.5123,6.5123,6.5123,6.5123,6.5123,6.5123,6.5123,6.5123,6.5123,6.5123,6.5123,6.5123,6.5123,6.5123,6.5123,6.5123,6.5123,6.5123,6.5123,6.5123,6.5123,6.5123,6.5123,6.5123,6.5123,6.5123,6.5123,6.5123,6.5123,6.5123,6.5123,6.5123,6.5123,6.5123,6.5123,6.5123,6.5123,6.5123,6.5123,6.5123,6.5123,6.5123,6.5123,6.5123,6.5123,6.5123,6.5123,6.5123,6.5123,6.5123,6.5123,6.5123,6.5123,6.5123,6.5123,6.5123,6.5123,6.5123,6.5123,6.5123,6.5123,6.5123,6.5123,6.5123,6.5123,6.5123,6.5123,6.5123,6.5123,6.5123,6.5123,6.5123,6.5123,6.5123,6.5123,6.5123,6.5123,6.5123,6.5123,6.5123,6.5123,6.5123,6.5123,6.5123,6.5123,6.5123,6.5123,6.5123,6.5123,6.5123,6.5123,6.5123,6.5123,6.5123,6.5123,6.5123,6.5123,6.5123,6.5123,6.5123,6.5123,6.5123,6.5123,6.5123,6.5123,6.5123,6.5123,6.5123,6.5123,6.5123,6.5123,6.5123,6.5123,6.5123,6.5123,6.5123,6.5123,6.5123,6.5123,6.5123,6.5123,6.5123,6.5123,6.5123,6.5123,6.5123,6.5123,6.5123,6.5123,6.5123,6.5123,6.5123,6.5123,6.5123,6.5123,6.5123,6.5123,6.5123,6.5123,6.5123,6.5123,6.5123,6.5123,6.5123,6.5123,6.5123,6.5123,6.5123,6.5123,6.5123,6.5123,6.5123,6.5123,6.5123,6.5123,6.5123,6.5123,6.5123,6.5123,6.5123,6.5123,6.5123,6.5123,6.5123,6.5123,6.5123,6.5123,6.5123,6.5123,6.5123,6.5123,6.5123,6.5123,6.5123,6.5123,6.5123,6.5123,6.5123,6.5123,6.5123,6.5123,6.5123,6.5123,6.5123,6.5123,6.5123,6.5123,6.5123,6.5123,6.5123,6.5123,6.5123,6.5123,6.5123,6.5123,6.5123,6.5123,6.5123,6.5123,6.5123,6.5123,6.5123,6.5123,6.5123,6.5123,6.5123,6.5123,6.5123,6.5123,6.5123,6.5123,6.5123,6.5123,6.5123,6.5123,6.5123,6.5123,6.5123,6.5123,6.5123,6.5123,6.5123,6.5123,6.5123,6.5123,6.5123,6.5123,6.5123,6.5123,6.5123,6.5123,6.5123,6.5123,6.5123,6.5123,6.5123,6.5123,6.5123,6.5123,6.5123,6.5123,6.5123,6.5123,6.5123,6.5123,6.5123,6.5123,6.5123,6.5123,6.5123,6.5123,6.5123,6.5123,6.5123,6.5123,6.5123,6.5123,6.5123,6.5123,6.5123,6.5123,6.5123,6.5123,6.5123,6.5128,6.5128,6.5128,6.5128,6.5128,6.5128,6.5128,6.5128,6.5128,6.5128,6.5128,6.5128,6.5128,6.5128,6.5128,6.5128,6.5128,6.5128,6.5128,6.5128,6.5128,6.5128,6.5128,6.5128,6.5128,6.5128,6.5128,6.5128,6.5128,6.5128,6.5128,6.5128,6.5128,6.5128,6.5128,6.5128,6.5128,6.5128,6.5128,6.5128,6.5128,6.5128,6.5128,6.5128,6.5128,6.5128,6.5128,6.5128,6.5128,6.5128,6.5128,6.5128,6.5128,6.5128,6.5128,6.5128,6.5128,6.5128,6.5128,6.5128,6.5128,6.5128,6.5128,6.5128,6.5128,6.5128,6.5128,6.5128,6.5128,6.5128,6.5128,6.5128,6.5128,6.5128,6.5128,6.5128,6.5128,6.5128,6.5128,6.5128,6.5128,6.5128,6.5128,6.5128,6.5128,6.5128,6.5128,6.5128,6.5128,6.5128,6.5128,6.5128,6.5128,6.5128,6.5128,6.5128,6.5128,6.5128,6.5128,6.5128,6.5128,6.5128,6.5128,6.5128,6.5128,6.5128,6.5128,6.5128,6.5128,6.5128,6.5128,6.5128,6.5128,6.5128,6.5128,6.5128,6.5128,6.5128,6.5128,6.5128,6.5128,6.5128,6.5128,6.5128,6.5128,6.5128,6.5128,6.5128,6.5128,6.5128,6.5128,6.5128,6.5128,6.5128,6.5128,6.5128,6.5128,6.5128,6.5128,6.5128,6.5128,6.5128,6.5128,6.5128,6.5128,6.5128,6.5128,6.5128,6.5128,6.5128,6.5128,6.5128,6.5128,6.5128,6.5128,6.5128,6.5128,6.5128,6.5128,6.5128,6.5128,6.5128,6.5128,6.5128,6.5128,6.5128,6.5128,6.5128,6.5128,6.5128,6.5128,6.5128,6.5128,6.5128,6.5128,6.5128,6.5128,6.5128,6.5128,6.5128,6.5128,6.5128,6.5128,6.5128,6.5128,6.5128,6.5128,6.5128,6.5128,6.5128,6.5128,6.5128,6.5128,6.5128,6.5128,6.5128,6.5128,6.5128,6.5128,6.5128,6.5128,6.5128,6.5128,6.5128,6.5128,6.5128,6.5128,6.5128,6.5128,6.5128,6.5128,6.5128,6.5128,6.5128,6.5128,6.5128,6.5128,6.5128,6.5128,6.5128,6.5128,6.5128,6.5128,6.5128,6.5128,6.5128,6.5128,6.5128,6.5128,6.5128,6.5128,6.5128,6.5128,6.5128,6.5128,6.5128,6.5128,6.5128,6.5128,6.5128,6.5128,6.5128,6.5128,6.5128,6.5128,6.5128,6.5128,6.5128,6.5128,6.5128,6.5128,6.5128,6.5128,6.5128,6.5128,6.5128,6.5128,6.5128,6.5128,6.5128,6.5128,6.5128,6.5128,6.5128,6.5128,6.5128,6.5128,6.5128,6.5128,6.5128,6.5128,6.5128,6.5128,6.5128,6.5128,6.5128,6.5128,6.5128,6.5128,6.5128,6.5128,6.5128,6.5128,6.5128,6.5128,6.5128,6.5128,6.5128,6.5128,6.5128,6.5128,6.5128,6.5128,6.5128,6.5128,6.5128,6.5128,6.5128,6.5128,6.5128,6.5128,6.5128,6.5128,6.5128
6.5083,6.5083,6.5083,6.5083,6.5083,6.5083,6.5083,6.5083,6.5083,6.5083,6.5083,6.5083,6.5083,6.5083,6.5083,6.5083,6.5083,6.5083,6.5083,6.5083,6.5083,6.5083,6.5083,6.5083,6.5083,6.5083,6.5083,6.5083,6.5083,6.5083,6.5083,6.5083,6.5083,6.5083,6.5083,6.5083,6.5083,6.5083,6.5083,6.5083,6.5083,6.5083,6.5083,6.5083,6.5083,6.5083,6.5083,6.5083,6.5083,6.5083,6.5083,6.5083,6.5083,6.5083,6.5083,6.5083,6.5083,6.5083,6.5083,6.5083,6.5083,6.5083,6.5083,6.5083,6.5083,6.5083,6.5083,6.5083,6.5083,6.5083,6.5083,6.5083,6.5083,6.5083,6.5083,6.5083,6.5083,6.5083,6.5083,6.5083,6.5083,6.5083,6.5083,6.5083,6.5083,6.5083,6.5083,6.5083,6.5083,6.5083,6.5083,6.5083,6.5083,6.5083,6.5083,6.5083,6.5083,6.5083,6.5083,6.5083,6.5083,6.5083,6.5083,6.5083,6.5083,6.5083,6.5083,6.5083,6.5083,6.5083,6.5083,6.5083,6.5083,6.5083,6.5083,6.5083,6.5083,6.5083,6.5083,6.5083,6.5083,6.5083,6.5083,6.5083,6.5083,6.5083,6.5083,6.5083,6.5083,6.5083,6.5083,6.5083,6.5083,6.5083,6.5083,6.5083,6.5083,6.5083,6.5083,6.5083,6.5083,6.5083,6.5083,6.5083,6.5083,6.5083,6.5083,6.5083,6.5083,6.5083,6.5083,6.5083,6.5083,6.5083,6.5083,6.5083,6.5083,6.5083,6.5083,6.5083,6.5083,6.5083,6.5083,6.5083,6.5083,6.5083,6.5083,6.5083,6.5083,6.5083,6.5083,6.5083,6.5083,6.5083,6.5083,6.5083,6.5083,6.5083,6.5083,6.5083,6.5083,6.5083,6.5083,6.5083,6.5083,6.5083,6.5083,6.5083,6.5083,6.5083,6.5083,6.5083,6.5083,6.5083,6.5083,6.5083,6.5083,6.5083,6.5083,6.5083,6.5083,6.5083,6.5083,6.5083,6.5083,6.5083,6.5083,6.5083,6.5083,6.5083,6.5083,6.5083,6.5083,6.5083,6.5083,6.5083,6.5083,6.5083,6.5083,6.5083,6.5083,6.5083,6.5083,6.5083,6.5083,6.5083,6.5083,6.5083,6.5083,6.5083,6.5083,6.5083,6.5083,6.5083,6.5083,6.5083,6.5083,6.5083,6.5083,6.5083,6.5083,6.5083,6.5083,6.5083,6.5083,6.5083,6.5083,6.5083,6.5083,6.5083,6.5083,6.5083,6.5083,6.5083,6.5083,6.5083,6.5083,6.5083,6.5083,6.5083,6.5083,6.5083,6.5083,6.5083,6.5083,6.5083,6.5083,6.5083,6.5083,6.5083,6.5083,6.5083,6.5083,6.5083,6.5083,6.5083,6.5083,6.5083,6.5083,6.5083,6.5083,6.5083,6.5083,6.5083,6.5083,6.5083,6.5083,6.5083,6.5083,6.5083,6.5083,6.5083,6.5083,6.5083,6.5083,6.5083,6.5083,6.5083,6.5083,6.5083,6.5083,6.5083,6.5083,6.5083,6.5083,6.5083,6.5083,6.5083,6.5083,6.5083,6.5083,6.5083,6.5083,6.5083,6.5083,6.5083,6.5083,6.5083,6.5083,6.5083,6.5083,6.5083,6.5083,6.5083,6.5083,6.5083,6.5083,6.5083,6.5083,6.5083,6.5083,6.5083,6.5083,6.5083,6.5083,6.5083,6.5083,6.5083,6.5083,6.5083,6.5083,6.5083,6.5083,6.5083,6.5083,6.5083,6.5083,6.5083,6.5083,6.5083,6.5083,6.5083,6.5083,6.5083,6.5083,6.5083,6.5083,6.5083,6.5083,6.5083,6.5083,6.5083,6.5083,6.5083,6.5083,6.5083,6.5083,6.5083,6.5083,6.5083,6.5083,6.5083,6.5083,6.5078,6.5078,6.5078,6.5078,6.5078,6.5078,6.5078,6.5078,6.5078,6.5078,6.5078,6.5078,6.5078,6.5078,6.5078,6.5078,6.5078,6.5078,6.5078,6.5078,6.5078,6.5078,6.5078,6.5078,6.5078,6.5078,6.5078,6.5078,6.5078,6.5078,6.5078,6.5078,6.5078,6.5078,6.5078,6.5078,6.5078,6.5078,6.5078,6.5078,6.5078,6.5078,6.5078,6.5078,6.5078,6.5078,6.5078,6.5078,6.5078,6.5078,6.5078,6.5078,6.5078,6.5078,6.5078,6.5078,6.5078,6.5078,6.5078,6.5078,6.5078,6.5078,6.5078,6.5078,6.5078,6.5078,6.5078,6.5078,6.5078,6.5078,6.5078,6.5078,6.5078,6.5078,6.5078,6.5078,6.5078,6.5078,6.5078,6.5078,6.5078,6.5078,6.5078,6.5078,6.5078,6.5078,6.5078,6.5078,6.5078,6.5078,6.5078,6.5078,6.5078,6.5078,6.5078,6.5078,6.5078,6.5078,6.5078,6.5078,6.5078,6.5078,6.5078,6.5078,6.5078,6.5078,6.5078,6.5078,6.5078,6.5078,6.5078,6.5078,6.5078,6.5078,6.5078,6.5078,6.5078,6.5078,6.5078,6.5078,6.5078,6.5078,6.5078,6.5078,6.5078,6.5078,6.5078,6.5078,6.5078,6.5078,6.5078,6.5078,6.5078,6.5078,6.5078,6.5078,6.5078,6.5078,6.5078,6.5078,6.5078,6.5078,6.5078,6.5078,6.5078,6.5078,6.5078,6.5078,6.5078,6.5078,6.5078,6.5078,6.5078,6.5078,6.5078,6.5078,6.5078,6.5078,6.5078,6.5078,6.5078,6.5078,6.5078,6.5078,6.5078,6.5078,6.5078,6.5078,6.5078,6.5078,6.5078,6.5078,6.5078,6.5078,6.5078,6.5078,6.5078,6.5078,6.5078,6.5078,6.5078,6.5078,6.5078,6.5078,6.5078,6.5078,6.5078,6.5078,6.5078,6.5078,6.5078,6.5078,6.5078,6.5078,6.5078,6.5078,6.5078,6.5078,6.5078,6.5078,6.5078,6.5078,6.5078,6.5078,6.5078,6.5078,6.5078,6.5078,6.5078,6.5078,6.5078,6.5078,6.5078,6.5078,6.5078,6.5078,6.5078,6.5078,6.5078,6.5078,6.5078,6.5078,6.5078,6.5078,6.5078,6.5078,6.5078,6.5078,6.5078,6.5078,6.5078,6.5078,6.5078,6.5078,6.5078,6.5078,6.5078,6.5078,6.5078,6.5078,6.5078,6.5078,6.5078,6.5078,6.5078,6.5078,6.5078,6.5078,6.5078,6.5078,6.5078,6.5078,6.5078,6.5078,6.5078,6.5078,6.5078,6.5078,6.5078,6.5078,6.5078,6.5078,6.5078,6.5078,6.5078,6.5078,6.5078,6.5078,6.5078,6.5078,6.5078,6.5078,6.5078,6.5078,6.5078,6.5078,6.5078,6.5078,6.5078,6.5078,6.5078,6.5078,6.5078,6.5078,6.5078,6.5078,6.5078,6.5078,6.5078,6.5078,6.5078,6.5078,6.5078,6.5078,6.5078,6.5078,6.5078,6.5078,6.5078,6.5078,6.5078,6.5078,6.5078,6.5078,6.5078,6.5078,6.5078,6.5078,6.5078,6.5078,6.5078,6.5078,6.5078,6.5078,6.5078,6.5078,6.5078,6.5078,6.5078,6.5078,6.5078,6.5078,6.5078,6.5078,6.5078,6.5078,6.5078,6.5078,6.5078,6.5078,6.5078,6.5078,6.5078,6.5078,6.5078,6.5078,6.5078,6.5078,6.5078,6.5078,6.5078,6.5078,6.5078,6.5078,6.5078,6.5078,6.5078,6.5078,6.5078,6.5078,6.5078,6.5078,6.5078,6.5078,6.5078,6.5078,6.5078,6.5078,6.5078,6.5078,6.5078,6.5078,6.5078,6.5078,6.5078,6.5078,6.5078,6.5078,6.5078,6.5078,6.5078,6.5078,6.5078,6.5078,6.5078,6.5078,6.5078,6.5078,6.5078,6.5078,6.5078,6.5078,6.5078,6.5078,6.5078,6.5078,6.5078,6.5078,6.5078,6.5078,6.5078,6.5078,6.5078,6.5078,6.5078,6.5078,6.5078,6.5078,6.5078,6.5078,6.5078,6.5078,6.5078,6.5078,6.5078,6.5078,6.5078,6.5078,6.5078,6.5078,6.5078,6.5078,6.5078,6.5078,6.5078,6.5078,6.5078,6.5078,6.5078,6.5078,6.5078,6.5078,6.5078,6.5078,6.5078,6.5078,6.5078,6.5078,6.5078,6.5078,6.5078,6.5078,6.5078,6.5078,6.5078,6.5078,6.5078,6.5078,6.5078,6.5078,6.5078,6.5078,6.5078,6.5078,6.5078,6.5078,6.5078,6.5078,6.5078,6.5078,6.5078,6.5078,6.5078,6.5078,6.5078,6.5078,6.5078,6.5078,6.5078,6.5078,6.5078,6.5078,6.5078,6.5078,6.5078,6.5078,6.5078,6.5078,6.5078,6.5078,6.5078,6.5078,6.5078,6.5078,6.5078,6.5078,6.5078,6.5078,6.5078,6.5078,6.5078,6.5078,6.5078,6.5078,6.5078,6.5078,6.5078,6.5078,6.5078,6.5078,6.5078,6.5078,6.5078,6.5078,6.5078,6.5078,6.5078,6.5078,6.5078,6.5078,6.5078,6.5078,6.5078,6.5078,6.5078,6.5078,6.5078,6.5078,6.5078,6.5078,6.5078,6.5078,6.5078,6.5078,6.5078,6.5078,6.5078,6.5078,6.5078,6.5078,6.5078,6.5078,6.5078,6.5078,6.5078,6.5078,6.5078,6.5078,6.5078,6.5078,6.5078,6.5078,6.5078,6.5078,6.5078,6.5078,6.5078,6.5078,6.5078,6.5078,6.5078,6.5078,6.5078,6.5078,6.5078,6.5078,6.5078,6.5078,6.5078,6.5078,6.5078,6.5078,6.5078,6.5078,6.5078,6.5078,6.5078,6.5078,6.5078,6.5078,6.5078,6.5078,6.5078,6.5078,6.5078,6.5078,6.5078,6.5078,6.5078,6.5078,6.5078,6.5078,6.5078,6.5078,6.5078,6.5078,6.5078,6.5078,6.5078,6.5078,6.5078,6.5078,6.5078,6.5078,6.5078,6.5078,6.5078
6.5035,6.5035,6.5035,6.5035,6.5035,6.5035,6.5035,6.5035,6.5035,6.5035,6.5035,6.5035,6.5035,6.5035,6.5035,6.5035,6.5035,6.5035,6.5035,6.5035,6.5035,6.5035,6.5035,6.5035,6.5035,6.5035,6.5035,6.5035,6.5035,6.5035,6.5035,6.5035,6.5035,6.5035,6.5035,6.5035,6.5035,6.5035,6.5035,6.5035,6.5035,6.5035,6.5035,6.5035,6.5035,6.5035,6.5035,6.5035,6.5035,6.5035,6.5035,6.5035,6.5035,6.5035,6.5035,6.5035,6.5035,6.5035,6.5035,6.5035,6.5035,6.5035,6.5035,6.5035,6.5035,6.5035,6.5035,6.5035,6.5035,6.5035,6.5035,6.5035,6.5035,6.5035,6.5035,6.5035,6.5035,6.5035,6.5035,6.5035,6.5035,6.5035,6.5035,6.5035,6.5035,6.5035,6.5035,6.5035,6.5035,6.5035,6.5035,6.5035,6.5035,6.5035,6.5035,6.5035,6.5035,6.5035,6.5035,6.5035,6.5035,6.5035,6.5035,6.5035,6.5035,6.5035,6.5035,6.5035,6.5035,6.5035,6.5035,6.5035,6.5035,6.5035,6.5035,6.5035,6.5035,6.5035,6.5035,6.5035,6.5035,6.5035,6.5035,6.5035,6.5035,6.5035,6.5035,6.5035,6.5035,6.5035,6.5035,6.5035,6.5035,6.5035,6.5035,6.5035,6.5035,6.5035,6.5035,6.5035,6.5035,6.5035,6.5035,6.5035,6.5035,6.5035,6.5035,6.5035,6.5035,6.5035,6.5035,6.5035,6.5035,6.5035,6.5035,6.5035,6.5035,6.5035,6.5035,6.5035,6.5035,6.5035,6.5035,6.5035,6.5035,6.5035,6.5035,6.5035,6.5035,6.5035,6.5035,6.5035,6.5035,6.5035,6.5035,6.5035,6.5035,6.5035,6.5035,6.5035,6.5035,6.5035,6.5035,6.5035,6.5035,6.5035,6.5035,6.5035,6.5035,6.5035,6.5035,6.5035,6.5035,6.5035,6.5035,6.5035,6.5035,6.5035,6.5035,6.5035,6.5035,6.5035,6.5035,6.5035,6.5035,6.5035,6.5035,6.5035,6.5035,6.5035,6.5035,6.5035,6.5035,6.5035,6.5035,6.5035,6.5035,6.5035,6.5035,6.5035,6.5035,6.5035,6.5035,6.5035,6.5035,6.5035,6.5035,6.5035,6.5035,6.5035,6.5035,6.5035,6.5035,6.5035,6.5035,6.5035,6.5035,6.5035,6.5035,6.5035,6.5035,6.5035,6.5035,6.5035,6.5035,6.5035,6.5035,6.5035,6.5035,6.5035,6.5035,6.5035,6.5035,6.5035,6.5035,6.5035,6.5035,6.5035,6.5035,6.5035,6.5035,6.5035,6.5035,6.5035,6.5035,6.5035,6.5035,6.5035,6.5035,6.5035,6.5035,6.5035,6.5035,6.5035,6.5035,6.5035,6.5035,6.5035,6.5035,6.5035,6.5035,6.5035,6.5035,6.5035,6.5035,6.5035,6.5035,6.5035,6.5035,6.5035,6.5035,6.5035,6.5035,6.5035,6.5035,6.5035,6.5035,6.5035,6.5035,6.5035,6.5035,6.5035,6.5035,6.5035,6.5035,6.5035,6.5035,6.5035,6.5035,6.5035,6.5035,6.5035,6.5035,6.5035,6.5035,6.5035,6.5035,6.5035,6.5035,6.5035,6.5035,6.5035,6.5035,6.5035,6.5035,6.5035,6.5035,6.5035,6.5035,6.5035,6.5035,6.5035,6.5035,6.5035,6.5035,6.5035,6.5035,6.5035,6.5035,6.5035,6.5035,6.5035,6.5035,6.5035,6.5035,6.5035,6.5035,6.5035,6.5035,6.5035,6.5035,6.5035,6.5035,6.5035,6.5035,6.5035,6.5035,6.5035,6.5035,6.5035,6.5035,6.5035,6.5035,6.5035,6.5035,6.5035,6.5035,6.5035,6.5035,6.5035,6.5035,6.5035,6.5035,6.5035,6.5035,6.5035,6.5035,6.5035,6.5035,6.5035,6.5035,6.5035,6.5035,6.5035,6.5035,6.5035,6.5035,6.5035,6.5035,6.5035,6.5035,6.5035,6.5035,6.5035,6.5035,6.5035,6.5035,6.5035,6.5035,6.5035,6.5035,6.5035,6.5035,6.5035,6.5035,6.5035,6.5035,6.5035,6.5035,6.5035,6.5035,6.5035,6.5035,6.5035,6.5035,6.5035,6.5035,6.5035,6.5035,6.5035,6.5035,6.5035,6.5035,6.5035,6.5035,6.5035,6.5035,6.5035,6.5035,6.5035,6.5035,6.5035,6.5035,6.5035,6.5035,6.5035,6.5035,6.5035,6.5035,6.5035,6.5035,6.5035,6.5035,6.5035,6.5035,6.5035,6.5035,6.5035,6.5035,6.5035,6.5035,6.5035,6.5035,6.5035,6.5035,6.5035,6.5035,6.5035,6.5035,6.5035,6.5035,6.5035,6.5035,6.5035,6.5035,6.5035,6.5035,6.5035,6.5035,6.5035,6.5035,6.5035,6.5035,6.5035,6.5035,6.5035,6.5035,6.5035,6.5035,6.5035,6.5035,6.5035,6.5035,6.5035,6.5035,6.5035,6.5035,6.5035,6.5035,6.5035,6.5035,6.5035,6.5035,6.5035,6.5035,6.5035,6.5035,6.5035,6.5035,6.5035,6.5035,6.5035,6.5035,6.5035,6.5035,6.5035,6.5035,6.5035,6.5035,6.5035,6.5035,6.5035,6.5035,6.5035,6.5035,6.5035,6.5035,6.5035,6.5035,6.5035,6.5035,6.5035,6.5035,6.5035,6.5035,6.5035,6.5035,6.5035,6.5035,6.5035,6.5035,6.5035,6.5035,6.5035,6.5035,6.5035,6.5035,6.5035,6.5035,6.5035,6.5035,6.5035,6.5035,6.5035,6.5035,6.5035,6.5035,6.5035,6.5035,6.5035,6.5035,6.5035,6.5035,6.5035,6.5035,6.5035,6.5035,6.5035,6.5035,6.5035,6.5035,6.5035,6.5035,6.5035,6.5035,6.5035,6.5035,6.5035,6.5035,6.5035,6.5035,6.5035,6.5035,6.5035,6.5035,6.5035,6.5035,6.5035,6.5035,6.5035,6.5035,6.5035,6.5035,6.5035,6.5035,6.5035,6.5035,6.5035,6.5035,6.5035,6.5035,6.5035,6.5035,6.5035,6.5035,6.5035,6.5035,6.5035,6.5035,6.5035,6.5035,6.5035,6.5035,6.5035,6.5035,6.5035,6.5035,6.5035,6.5035,6.5035,6.5035,6.5035,6.5035,6.5035,6.5035,6.5035,6.5035,6.5035,6.5035,6.5035,6.5035,6.5035,6.5035,6.5035,6.5035,6.5035,6.5035,6.5035,6.5035,6.5035,6.5035,6.5035,6.5035,6.5035,6.5035,6.5035,6.5035,6.5035,6.5035,6.5035,6.5035,6.5035,6.5035,6.5035,6.5035,6.5035,6.5035,6.5035,6.5035,6.5035,6.5035,6.5035,6.5035,6.5035,6.5035,6.5035,6.5035,6.5035,6.5035,6.5035,6.5035,6.5035,6.5035,6.5035,6.5035,6.5035,6.5035,6.5035,6.5035,6.5035,6.5035,6.5035,6.5035,6.5035,6.5035,6.5035,6.5035,6.5035,6.5035,6.5035,6.5035,6.5035,6.5035,6.5035,6.5035,6.5035,6.5035,6.5035,6.5035,6.5035,6.5035,6.5035,6.5035,6.5035,6.5035,6.5035,6.5035,6.5035,6.5035,6.5035,6.5035,6.5035,6.5035,6.5035,6.5035,6.5035,6.5035,6.5035,6.5035,6.5035,6.5035,6.5035,6.5035,6.5035,6.5035,6.5035,6.5035,6.5035,6.5035,6.5035,6.5035,6.5035,6.5035,6.5035,6.5035,6.5035,6.5035,6.5035,6.5035,6.5035,6.5035,6.5035,6.5035,6.5035,6.5035,6.5035,6.5035,6.5035,6.5035,6.5035,6.5035,6.5035,6.5035,6.5035,6.5035,6.5035,6.5035,6.5035,6.5035,6.5035,6.5035,6.5035,6.5035,6.5035,6.5035,6.5035,6.5035,6.5035,6.5035,6.5035,6.5035,6.5035,6.5035,6.5035,6.5035,6.5035,6.5035,6.5035,6.5035,6.5035,6.5035,6.5035,6.5035,6.5035,6.5035,6.5035,6.5035,6.5035,6.5035,6.5035,6.5035,6.5035,6.5035,6.5035,6.5035,6.5035,6.5035,6.5035,6.5035,6.5035,6.5035,6.5035,6.5035,6.5035,6.5035,6.5035,6.5035,6.5035,6.5035,6.5035,6.5035,6.5035,6.5035,6.5035,6.5035,6.5035,6.5035,6.5035,6.5035,6.5035,6.5035,6.5035,6.5035,6.5035,6.5035,6.5035,6.5035,6.5035,6.5035,6.5035,6.5035,6.5035,6.5035,6.5035,6.5035,6.5035,6.5035,6.5035,6.5035,6.5035,6.5035,6.5035,6.5035,6.5035,6.5035,6.5035,6.5035,6.5035,6.5035,6.5035,6.5035,6.5035,6.5035,6.5035,6.5035,6.5035,6.5035,6.5035,6.5035,6.5035,6.5035,6.5035,6.5035,6.5035,6.5035,6.5035,6.5035,6.5035,6.5035,6.5035,6.5035,6.5035,6.5035,6.5035,6.5035,6.5035,6.5035,6.5035,6.5035,6.5035,6.5035,6.5035,6.5035,6.5035,6.5035,6.5035,6.5035,6.5035,6.5035,6.5035,6.5035,6.5035,6.5035,6.5035,6.5035,6.5035,6.5035,6.5035,6.5035,6.5035,6.5035,6.5035,6.5035,6.5035,6.5035,6.5035,6.5035,6.5035,6.5035,6.5035,6.5035,6.5035,6.5035,6.5035,6.5035,6.5035,6.5035,6.5035,6.5035,6.5035,6.5035,6.5035,6.5035,6.5035,6.5035,6.5035,6.5035,6.5035,6.5035,6.5035,6.5035,6.5035,6.5035,6.5035,6.5035,6.5035,6.5035,6.5035,6.5035,6.5035,6.5035,6.5035,6.5035,6.5035,6.5035,6.5035,6.5035,6.5035,6.5035,6.5035,6.5035,6.5035,6.5035,6.5035,6.5035,6.5035,6.5035,6.5035,6.5035,6.5035,6.5035,6.5035,6.5035,6.5035,6.5035,6.5035,6.5035,6.5035,6.5035,6.5035
6.4987,6.4987,6.4987,6.4987,6.4987,6.4987,6.4987,6.4987,6.4987,6.4987,6.4987,6.4987,6.4987,6.4987,6.4987,6.4987,6.4987,6.4987,6.4987,6.4987,6.4987,6.4987,6.4987,6.4987,6.4987,6.4987,6.4987,6.4987,6.4987,6.4987,6.4987,6.4987,6.4987,6.4987,6.4987,6.4987,6.4987,6.4982,6.4982,6.4982,6.4982,6.4982,6.4982,6.4982,6.4982,6.4982,6.4982,6.4982,6.4982,6.4982,6.4982,6.4982,6.4982,6.4982,6.4982,6.4982,6.4982,6.4982,6.4982,6.4982,6.4982,6.4982,6.4982,6.4982,6.4982,6.4982,6.4982,6.4982,6.4982,6.4982,6.4982,6.4982,6.4982,6.4982,6.4982,6.4982,6.4982,6.4982,6.4982,6.4982,6.4982,6.4982,6.4982,6.4982,6.4982,6.4982,6.4982,6.4982,6.4982,6.4982,6.4982,6.4982,6.4982,6.4982,6.4982,6.4982,6.4982,6.4982,6.4982,6.4982,6.4982,6.4982,6.4982,6.4982,6.4982,6.4982,6.4982,6.4982,6.4982,6.4982,6.4982,6.4982,6.4982,6.4982,6.4982,6.4982,6.4982,6.4982,6.4982,6.4982,6.4982,6.4982,6.4982,6.4982,6.4982,6.4982,6.4982,6.4982,6.4982,6.4982,6.4982,6.4982,6.4982,6.4982,6.4982,6.4982,6.4982,6.4982,6.4982,6.4982,6.4982,6.4982,6.4982,6.4982,6.4982,6.4982,6.4982,6.4982,6.4982,6.4982,6.4982,6.4982,6.4982,6.4982,6.4982,6.4982,6.4982,6.4982,6.4982,6.4982,6.4982,6.4982,6.4982,6.4982,6.4982,6.4982,6.4982,6.4982,6.4982,6.4982,6.4982,6.4982,6.4982,6.4982,6.4982,6.4982,6.4982,6.4982,6.4982,6.4982,6.4982,6.4982,6.4982,6.4982,6.4982,6.4982,6.4982,6.4982,6.4982,6.4982,6.4982,6.4982,6.4982,6.4982,6.4982,6.4982,6.4982,6.4982,6.4982,6.4982,6.4982,6.4982,6.4982,6.4982,6.4982,6.4982,6.4982,6.4982,6.4982,6.4982,6.4982,6.4982,6.4982,6.4982,6.4982,6.4982,6.4982,6.4982,6.4982,6.4982,6.4982,6.4982,6.4982,6.4982,6.4982,6.4982,6.4982,6.4982,6.4982,6.4982,6.4982,6.4982,6.4982,6.4982,6.4982,6.4982,6.4982,6.4982,6.4982,6.4982,6.4982,6.4982,6.4982,6.4982,6.4982,6.4982,6.4982,6.4982,6.4982,6.4982,6.4982,6.4982,6.4982,6.4982,6.4982,6.4982,6.4982,6.4982,6.4982,6.4982,6.4982,6.4982,6.4982,6.4982,6.4982,6.4982,6.4982,6.4982,6.4982,6.4982,6.4982,6.4982,6.4982,6.4982,6.4982,6.4982,6.4982,6.4982,6.4982,6.4982,6.4982,6.4982,6.4982,6.4982,6.4982,6.4982,6.4982,6.4982,6.4982,6.4982,6.4982,6.4982,6.4982,6.4982,6.4982,6.4982,6.4982,6.4982,6.4982,6.4982,6.4982,6.4982,6.4982,6.4982,6.4982,6.4982,6.4982,6.4982,6.4982,6.4982,6.4982,6.4982,6.4982,6.4982,6.4982,6.4982,6.4982,6.4982,6.4982,6.4982,6.4982,6.4982,6.4982,6.4982,6.4982,6.4982,6.4982,6.4982,6.4982,6.4982,6.4982,6.4982,6.4982,6.4982,6.4982,6.4982,6.4982,6.4982,6.4982,6.4982,6.4982,6.4982,6.4982,6.4982,6.4982,6.4982,6.4982,6.4982,6.4982,6.4982,6.4982,6.4982,6.4982,6.4982,6.4982,6.4982,6.4982,6.4982,6.4982,6.4982,6.4982,6.4982,6.4982,6.4982,6.4982,6.4982,6.4982,6.4982,6.4982,6.4982,6.4982,6.4982,6.4982,6.4982,6.4982,6.4982,6.4982,6.4982,6.4982,6.4982,6.4982,6.4982,6.4982,6.4982,6.4982,6.4982,6.4982,6.4982,6.4982,6.4982,6.4982,6.4982,6.4982,6.4982,6.4982,6.4982,6.4982,6.4982,6.4982,6.4982,6.4982,6.4982,6.4982,6.4982,6.4982,6.4982,6.4982,6.4982,6.4982,6.4982,6.4982,6.4982,6.4982,6.4982,6.4982,6.4982,6.4982,6.4982,6.4982,6.4982,6.4982,6.4982,6.4982,6.4982,6.4982,6.4982,6.4982,6.4982,6.4982,6.4982,6.4982,6.4982,6.4982,6.4982,6.4982,6.4982,6.4982,6.4982,6.4982,6.4982,6.4982,6.4982,6.4982,6.4982,6.4982,6.4982,6.4982,6.4982,6.4982,6.4982,6.4982,6.4982,6.4982,6.4982,6.4982,6.4982,6.4982,6.4982,6.4982,6.4982,6.4982,6.4982,6.4982,6.4982,6.4982,6.4982,6.4982,6.4982,6.4982,6.4982,6.4982,6.4982,6.4982,6.4982,6.4982,6.4982,6.4982,6.4982,6.4982,6.4982,6.4982,6.4982,6.4982,6.4982,6.4982,6.4982,6.4982,6.4982,6.4982,6.4982,6.4982,6.4982,6.4982,6.4982,6.4982,6.4982,6.4982,6.4982,6.4982,6.4982,6.4982,6.4982,6.4982,6.4982,6.4982,6.4982,6.4982,6.4982,6.4982,6.4982,6.4982,6.4982,6.4982,6.4982,6.4982,6.4982,6.4982,6.4982,6.4982,6.4982,6.4982,6.4982,6.4982,6.4982,6.4982,6.4982,6.4982,6.4982,6.4982,6.4982,6.4982,6.4982,6.4982,6.4982,6.4982,6.4982,6.4982,6.4982,6.4982,6.4982,6.4982,6.4982,6.4982,6.4982,6.4982,6.4982,6.4982,6.4982,6.4982,6.4982,6.4982,6.4982,6.4982,6.4982,6.4982,6.4982,6.4982,6.4982,6.4982,6.4982,6.4982,6.4982,6.4982,6.4982,6.4982,6.4982,6.4982,6.4982,6.4982,6.4982,6.4982,6.4982,6.4982,6.4982,6.4982,6.4982,6.4982,6.4982,6.4982,6.4982,6.4982,6.4982,6.4982,6.4982,6.4982,6.4982,6.4982,6.4982,6.4982,6.4982,6.4982,6.4982,6.4982,6.4982,6.4982,6.4982,6.4982,6.4982,6.4982,6.4982,6.4982,6.4982,6.4982,6.4982,6.4982,6.4982,6.4982,6.4982,6.4982,6.4982,6.4982,6.4982,6.4982,6.4982,6.4982,6.4982,6.4982,6.4982,6.4982,6.4982,6.4982,6.4982,6.4982,6.4982,6.4982,6.4982,6.4982,6.4982,6.4982,6.4982,6.4982,6.4982,6.4982,6.4982,6.4982,6.4982,6.4982,6.4982,6.4982,6.4982,6.4982,6.4982,6.4982,6.4982,6.4982,6.4982,6.4982,6.4982,6.4982,6.4982,6.4982,6.4982,6.4982,6.4982,6.4982,6.4982,6.4982,6.4982,6.4982,6.4982,6.4982,6.4982,6.4982,6.4982,6.4982,6.4982,6.4982,6.4982,6.4982,6.4982,6.4982,6.4982,6.4982,6.4982,6.4982,6.4982,6.4982,6.4982,6.4982,6.4982,6.4982,6.4982,6.4982,6.4982,6.4982,6.4982,6.4982,6.4982,6.4982,6.4982,6.4982,6.4982,6.4982,6.4982,6.4982,6.4982,6.4982,6.4982,6.4982,6.4982,6.4982,6.4982,6.4982,6.4982,6.4982,6.4982,6.4982,6.4982,6.4982,6.4982,6.4982,6.4982,6.4982,6.4982,6.4982,6.4982,6.4982,6.4982,6.4982,6.4982,6.4982,6.4982,6.4982,6.4982,6.4982,6.4982,6.4982,6.4982,6.4982,6.4982,6.4982,6.4982,6.4982,6.4982,6.4982,6.4982,6.4982,6.4982,6.4982,6.4982,6.4982,6.4982,6.4982,6.4982,6.4982,6.4982,6.4982,6.4982,6.4982,6.4982,6.4982,6.4982,6.4982,6.4982,6.4982,6.4982,6.4982,6.4982,6.4982,6.4982,6.4982,6.4982,6.4982,6.4982,6.4982,6.4982,6.4982,6.4982,6.4982,6.4982,6.4982,6.4982,6.4982,6.4982,6.4982,6.4982,6.4982,6.4982,6.4982,6.4982,6.4982,6.4982,6.4982,6.4982,6.4982,6.4982,6.4982,6.4982,6.4982,6.4982,6.4982,6.4982,6.4982,6.4982,6.4982,6.4982,6.4982,6.4982,6.4982,6.4982,6.4982,6.4982,6.4982,6.4982,6.4982,6.4982,6.4982,6.4982,6.4982,6.4982,6.4982,6.4982,6.4982,6.4982,6.4982,6.4982,6.4982,6.4982,6.4982,6.4982,6.4982,6.4982,6.4982,6.4982,6.4982,6.4987,6.4987,6.4987,6.4987,6.4987,6.4987,6.4987,6.4987,6.4987,6.4987,6.4987,6.4987,6.4987,6.4987,6.4987,6.4987,6.4987,6.4987,6.4987,6.4987,6.4987,6.4987,6.4987,6.4987,6.4987,6.4987,6.4987,6.4987,6.4987,6.4987,6.4987,6.4987,6.4987,6.4987,6.4987,6.4987,6.4987,6.4987,6.4987,6.4987,6.4987,6.4987,6.4987,6.4987,6.4987,6.4987,6.4987,6.4987,6.4987,6.4987,6.4987,6.4987,6.4987,6.4987,6.4987,6.4987,6.4987,6.4987,6.4987,6.4987,6.4987,6.4987,6.4987,6.4987,6.4987,6.4987,6.4987,6.4987,6.4987,6.4987,6.4987,6.4987,6.4987,6.4987,6.4987,6.4987,6.4987,6.4987,6.4987,6.4987,6.4987,6.4987,6.4987,6.4987,6.4987,6.4987,6.4987,6.4987,6.4987,6.4987,6.4987,6.4987,6.4987,6.4987,6.4987,6.4987,6.4987,6.4987,6.4987,6.4987,6.4987,6.4987,6.4987,6.4987,6.4987,6.4987,6.4987,6.4987,6.4987,6.4987,6.4987,6.4987,6.4987,6.4987,6.4987,6.4987,6.4987,6.4987,6.4987,6.4987,6.4987,6.4987,6.4987,6.4987,6.4987,6.4987,6.4987,6.4987,6.4987,6.4987,6.4987,6.4987,6.4987,6.4987,6.4987
6.4934,6.4934,6.4934,6.4934,6.4934,6.4934,6.4934,6.4934,6.4934,6.4934,6.4934,6.4934,6.4934,6.4934,6.4934,6.4934,6.4934,6.4934,6.4934,6.4934,6.4934,6.4934,6.4934,6.4934,6.4934,6.4934,6.4934,6.4934,6.4934,6.4934,6.4934,6.4934,6.4934,6.4934,6.4934,6.4934,6.4934,6.4934,6.4934,6.4934,6.4934,6.4934,6.4934,6.4934,6.4934,6.4934,6.4934,6.4934,6.4934,6.4934,6.4934,6.4934,6.4934,6.4934,6.4934,6.4934,6.4934,6.4934,6.4934,6.4934,6.4934,6.4934,6.4934,6.4934,6.4934,6.4934,6.4934,6.4934,6.4934,6.4934,6.4934,6.4934,6.4934,6.4934,6.4934,6.4934,6.4934,6.4934,6.4934,6.4934,6.4934,6.4934,6.4934,6.4934,6.4934,6.4934,6.4934,6.4934,6.4934,6.4934,6.4934,6.4934,6.4934,6.4934,6.4934,6.4934,6.4934,6.4934,6.4934,6.4934,6.4934,6.4934,6.4934,6.4934,6.4934,6.4934,6.4934,6.4934,6.4934,6.4934,6.4934,6.4934,6.4934,6.4934,6.4934,6.4934,6.4934,6.4934,6.4934,6.4934,6.4934,6.4934,6.4934,6.4934,6.4934,6.4934,6.4934,6.4934,6.4934,6.4934,6.4934,6.4934,6.4934,6.4934,6.4934,6.4934,6.4934,6.4934,6.4934,6.4934,6.4934,6.4934,6.4934,6.4934,6.4934,6.4934,6.4934,6.4934,6.4934,6.4934,6.4934,6.4934,6.4934,6.4934,6.4934,6.4934,6.4934,6.4934,6.4934,6.4934,6.4934,6.4934,6.4934,6.4934,6.4934,6.4934,6.4934,6.4934,6.4934,6.4934,6.4934,6.4934,6.4934,6.4934,6.4934,6.4934,6.4934,6.4934,6.4934,6.4934,6.4934,6.4934,6.4934,6.4934,6.4934,6.4934,6.4934,6.4934,6.4934,6.4934,6.4934,6.4934,6.4934,6.4934,6.4934,6.4934,6.4934,6.4934,6.4934,6.4934,6.4934,6.4934,6.4934,6.4934,6.4934,6.4934,6.4934,6.4934,6.4934,6.4934,6.4934,6.4934,6.4934,6.4934,6.4934,6.4934,6.4934,6.4934,6.4934,6.4934,6.4934,6.4934,6.4934,6.4934,6.4934,6.4934,6.4934,6.4934,6.4934,6.4934,6.4934,6.4934,6.4934,6.4934,6.4934,6.4934,6.4934,6.4934,6.4934,6.4934,6.4934,6.4934,6.4934,6.4934,6.4934,6.4934,6.4934,6.4934,6.4934,6.4934,6.4934,6.4934,6.4934,6.4934,6.4934,6.4934,6.4934,6.4934,6.4934,6.4934,6.4934,6.4934,6.4934,6.4934,6.4934,6.4934,6.4934,6.4934,6.4934,6.4934,6.4934,6.4934,6.4934,6.4934,6.4934,6.4934,6.4934,6.4934,6.4934,6.4934,6.4934,6.4934,6.4934,6.4934,6.4934,6.4934,6.4934,6.4934,6.4934,6.4934,6.4934,6.4934,6.4934,6.4934,6.4934,6.4934,6.4934,6.4934,6.4934,6.4934,6.4934,6.4934,6.4934,6.4934,6.4934,6.4934,6.4934,6.4934,6.4934,6.4934,6.4934,6.4934,6.4934,6.4934,6.4934,6.4934,6.4934,6.4934,6.4934,6.4934,6.4934,6.4934,6.4934,6.4934,6.4934,6.4934,6.4934,6.4934,6.4934,6.4934,6.4934,6.4934,6.4934,6.4934,6.4934,6.4934,6.4934,6.4934,6.4934,6.4934,6.4934,6.4934,6.4934,6.4934,6.4934,6.4934,6.4934,6.4934,6.4934,6.4934,6.4934,6.4934,6.4934,6.4934,6.4934,6.4934,6.4934,6.4934,6.4934,6.4934,6.4934,6.4934,6.4934,6.4934,6.4934,6.4934,6.4934,6.4934,6.4934,6.4934,6.4934,6.4934,6.4934,6.4934,6.4934,6.4934,6.4934,6.4934,6.4934,6.4934,6.4934,6.4934,6.4934,6.4934,6.4934,6.4934,6.4934,6.4934,6.4934,6.4934,6.4934,6.4934,6.4934,6.4934,6.4934,6.4934,6.4934,6.4934,6.4934,6.4934,6.4934,6.4934,6.4934,6.4934,6.4934,6.4934,6.4934,6.4934,6.4934,6.4934,6.4934,6.4934,6.4934,6.4934,6.4934,6.4934,6.4934,6.4934,6.4934,6.4934,6.4934,6.4934,6.4934,6.4934,6.4934,6.4934,6.4934,6.4934,6.4934,6.4934,6.4934,6.4934,6.4934,6.4934,6.4934,6.4934,6.4934,6.4934,6.4934,6.4934,6.4934,6.4934,6.4934,6.4934,6.4934,6.4934,6.4934,6.4934,6.4934,6.4934,6.4934,6.4934,6.4934,6.4934,6.4934,6.4934,6.4934,6.4934,6.4934,6.4934,6.4934,6.4934,6.4934,6.4934,6.4934,6.4934,6.4934,6.4934,6.4934,6.4934,6.4934,6.4934,6.4934,6.4934,6.4934,6.4934,6.4934,6.4934,6.4934,6.4934,6.4934,6.4934,6.4934,6.4934,6.4934,6.4934,6.4934,6.4934,6.4934,6.4934,6.4934,6.4934,6.4934,6.4934,6.4934,6.4934,6.4934,6.4934,6.4934,6.4934,6.4934,6.4934,6.4934,6.4934,6.4934,6.4934,6.4934,6.4934,6.4934,6.4934,6.4934,6.4934,6.4934,6.4934,6.4934,6.4934,6.4934,6.4934,6.4934,6.4934,6.4934,6.4934,6.4934,6.4934,6.4934,6.4934,6.4934,6.4934,6.4934,6.4934,6.4934,6.4934,6.4934,6.4934,6.4934,6.4934,6.4934,6.4934,6.4934,6.4934,6.4934,6.4934,6.4934,6.4934,6.4934,6.4934,6.4934,6.4934,6.4934,6.4934,6.4934,6.4934,6.4934,6.4934,6.4934,6.4934,6.4934,6.4934,6.4934,6.4934,6.4934,6.4934,6.4934,6.4934,6.4934,6.4934,6.4934,6.4934,6.4934,6.4934,6.4934,6.4934,6.4934,6.4934,6.4934,6.4934,6.4934,6.4934,6.4934,6.4934,6.4934,6.4934,6.4934,6.4934,6.4934,6.4934,6.4934,6.4934,6.4934,6.4934,6.4934,6.4934,6.4934,6.4934,6.4934,6.4934,6.4934,6.4934,6.4934,6.4934,6.4934,6.4934,6.4934,6.4934,6.4934,6.4934,6.4934,6.4934,6.4934,6.4934,6.4934,6.4934,6.4934,6.4934,6.4934,6.4934,6.4934,6.4934,6.4934,6.4934,6.4934,6.4934,6.4934,6.4934,6.4934,6.4934,6.4934,6.4934,6.4934,6.4934,6.4934,6.4934,6.4934,6.4934,6.4934,6.4934,6.4934,6.4934,6.4934,6.4934,6.4934,6.4934,6.4934,6.4934,6.4934,6.4934,6.4934,6.4934,6.4934,6.4934,6.4934,6.4934,6.4934,6.4934,6.4934,6.4934,6.4934,6.4934,6.4934,6.4934,6.4934,6.4934,6.4934,6.4934,6.4934,6.4934,6.4934,6.4934,6.4934,6.4934,6.4934,6.4934,6.4934,6.4934,6.4934,6.4934,6.4934,6.4934,6.4934,6.4934,6.4934,6.4934,6.4934,6.4934,6.4934,6.4934,6.4934,6.4934,6.4934,6.4934,6.4934,6.4934,6.4934,6.4934,6.4934,6.4934,6.4934,6.4934,6.4934,6.4934,6.4934,6.4934,6.4934,6.4934,6.4934,6.4934,6.4934,6.4934,6.4934,6.4934,6.4934,6.4934,6.4934,6.4934,6.4934,6.4934,6.4934,6.4934,6.4934,6.4934,6.4934,6.4934,6.4934,6.4934,6.4934,6.4934,6.4934,6.4934,6.4934,6.4934,6.4934,6.4934,6.4934,6.4934,6.4934,6.4934,6.4934,6.4934,6.4934,6.4934,6.4934,6.4934,6.4934,6.4934,6.4934,6.4934,6.4934,6.4934,6.4934,6.4934,6.4934,6.4934,6.4934,6.4934,6.4934,6.4934,6.4939,6.4939,6.4939,6.4939,6.4939,6.4939,6.4939,6.4939,6.4939,6.4939,6.4939,6.4939,6.4939,6.4939,6.4939,6.4939,6.4939,6.4939,6.4939,6.4939,6.4939,6.4939,6.4939,6.4939,6.4939,6.4939,6.4939,6.4939,6.4939,6.4939,6.4939,6.4939,6.4939,6.4939,6.4939,6.4939,6.4939,6.4939,6.4939,6.4939,6.4939,6.4939,6.4939,6.4939,6.4939,6.4939,6.4939,6.4939,6.4939,6.4939,6.4939,6.4939,6.4939,6.4939,6.4939,6.4939,6.4939,6.4939,6.4939,6.4939,6.4939,6.4939,6.4939,6.4939,6.4939,6.4939,6.4939,6.4939,6.4939,6.4939,6.4939,6.4939,6.4939,6.4939,6.4939,6.4939,6.4939,6.4939,6.4939,6.4939,6.4939,6.4939,6.4939,6.4939,6.4939,6.4939,6.4939,6.4939,6.4939,6.4939,6.4939,6.4939,6.4939,6.4939,6.4939,6.4939,6.4939,6.4939,6.4939,6.4939,6.4939,6.4939,6.4939,6.4939,6.4939,6.4939,6.4939,6.4939,6.4939,6.4939,6.4939,6.4939,6.4939,6.4939,6.4939,6.4939,6.4939,6.4939,6.4939,6.4939,6.4939,6.4939,6.4939,6.4939,6.4939,6.4939,6.4939,6.4939,6.4939,6.4939,6.4939,6.4939,6.4939,6.4939,6.4939,6.4939,6.4939,6.4939,6.4939,6.4939,6.4939,6.4939,6.4939,6.4939,6.4939,6.4939,6.4939,6.4939,6.4939,6.4939,6.4939,6.4939,6.4939,6.4939,6.4939,6.4939,6.4939,6.4939,6.4939,6.4939,6.4939,6.4939,6.4939,6.4939,6.4939,6.4939,6.4939,6.4939,6.4939,6.4939,6.4939,6.4939,6.4939,6.4939,6.4939,6.4939,6.4939,6.4939,6.4939,6.4939,6.4939,6.4939,6.4939,6.4939,6.4939,6.4939,6.4939,6.4939,6.4939,6.4939,6.4939,6.4939,6.4939,6.4939,6.4939,6.4939,6.4939,6.4939,6.4939,6.4939,6.4939,6.4939,6.4939,6.4939
6.4894,6.4894,6.4894,6.4894,6.4894,6.4894,6.4894,6.4894,6.4894,6.4894,6.4894,6.4894,6.4894,6.4894,6.4894,6.4894,6.4894,6.4894,6.4894,6.4894,6.4894,6.4894,6.4894,6.4894,6.4894,6.4894,6.4894,6.4894,6.4894,6.4894,6.4894,6.4894,6.4894,6.4894,6.4894,6.4894,6.4894,6.4894,6.4894,6.4894,6.4894,6.4894,6.4894,6.4894,6.4894,6.4894,6.4894,6.4894,6.4894,6.4894,6.4894,6.4894,6.4894,6.4894,6.4894,6.4894,6.4894,6.4894,6.4894,6.4894,6.4894,6.4894,6.4894,6.4894,6.4894,6.4894,6.4894,6.4894,6.4894,6.4894,6.4894,6.4894,6.4894,6.4894,6.4894,6.4894,6.4894,6.4894,6.4894,6.4894,6.4894,6.4894,6.4894,6.4894,6.4894,6.4894,6.4894,6.4894,6.4894,6.4894,6.4894,6.4894,6.4894,6.4894,6.4894,6.4894,6.4894,6.4894,6.4894,6.4894,6.4894,6.4894,6.4894,6.4894,6.4894,6.4894,6.4894,6.4894,6.4894,6.4894,6.4894,6.4894,6.4894,6.4894,6.4894,6.4894,6.4894,6.4894,6.4894,6.4894,6.4894,6.4894,6.4894,6.4894,6.4894,6.4894,6.4894,6.4894,6.4894,6.4894,6.4894,6.4894,6.4894,6.4894,6.4894,6.4894,6.4894,6.4894,6.4894,6.4894,6.4894,6.4894,6.4894,6.4894,6.4894,6.4894,6.4894,6.4894,6.4894,6.4894,6.4894,6.4894,6.4894,6.4894,6.4894,6.4894,6.4894,6.4894,6.4894,6.4894,6.4894,6.4894,6.4894,6.4894,6.4894,6.4894,6.4894,6.4894,6.4894,6.4894,6.4894,6.4894,6.4894,6.4894,6.4894,6.4894,6.4894,6.4894,6.4894,6.4894,6.4894,6.4894,6.4894,6.4894,6.4894,6.4894,6.4894,6.4894,6.4894,6.4894,6.4894,6.4894,6.4894,6.4894,6.4894,6.4894,6.4894,6.4894,6.4894,6.4894,6.4894,6.4894,6.4894,6.4894,6.4889,6.4889,6.4889,6.4889,6.4889,6.4889,6.4889,6.4889,6.4889,6.4889,6.4889,6.4889,6.4889,6.4889,6.4889,6.4889,6.4889,6.4889,6.4889,6.4889,6.4889,6.4889,6.4889,6.4889,6.4889,6.4889,6.4889,6.4889,6.4889,6.4889,6.4889,6.4889,6.4889,6.4889,6.4889,6.4889,6.4889,6.4889,6.4889,6.4889,6.4889,6.4889,6.4889,6.4889,6.4889,6.4889,6.4889,6.4889,6.4889,6.4889,6.4889,6.4889,6.4889,6.4889,6.4889,6.4889,6.4889,6.4889,6.4889,6.4889,6.4889,6.4889,6.4889,6.4889,6.4889,6.4889,6.4889,6.4889,6.4889,6.4889,6.4889,6.4889,6.4889,6.4889,6.4889,6.4889,6.4889,6.4889,6.4889,6.4889,6.4889,6.4889,6.4889,6.4889,6.4889,6.4889,6.4889,6.4889,6.4889,6.4889,6.4889,6.4889,6.4889,6.4889,6.4889,6.4889,6.4889,6.4889,6.4889,6.4889,6.4889,6.4889,6.4889,6.4889,6.4889,6.4889,6.4889,6.4889,6.4889,6.4889,6.4889,6.4889,6.4889,6.4889,6.4889,6.4889,6.4889,6.4889,6.4889,6.4889,6.4889,6.4889,6.4889,6.4889,6.4889,6.4889,6.4889,6.4889,6.4889,6.4889,6.4889,6.4889,6.4889,6.4889,6.4889,6.4889,6.4889,6.4889,6.4889,6.4889,6.4889,6.4889,6.4889,6.4889,6.4889,6.4889,6.4889,6.4889,6.4889,6.4889,6.4889,6.4889,6.4889,6.4889,6.4889,6.4889,6.4889,6.4889,6.4889,6.4889,6.4889,6.4889,6.4889,6.4889,6.4889,6.4889,6.4889,6.4889,6.4889,6.4889,6.4889,6.4889,6.4889,6.4889,6.4889,6.4889,6.4889,6.4889,6.4889,6.4889,6.4889,6.4889,6.4889,6.4889,6.4889,6.4889,6.4889,6.4889,6.4889,6.4889,6.4889,6.4889,6.4889,6.4889,6.4889,6.4889,6.4889,6.4889,6.4889,6.4889,6.4889,6.4889,6.4889,6.4889,6.4889,6.4889,6.4889,6.4889,6.4889,6.4889,6.4889,6.4889,6.4889,6.4889,6.4889,6.4889,6.4889,6.4889,6.4889,6.4889,6.4889,6.4889,6.4889,6.4889,6.4889,6.4889,6.4889,6.4889,6.4889,6.4889,6.4889,6.4889,6.4889,6.4889,6.4889,6.4889,6.4889,6.4889,6.4889,6.4889,6.4889,6.4889,6.4889,6.4889,6.4889,6.4889,6.4889,6.4889,6.4889,6.4889,6.4889,6.4889,6.4889,6.4889,6.4889,6.4889,6.4889,6.4889,6.4889,6.4889,6.4889,6.4889,6.4889,6.4889,6.4889,6.4889,6.4889,6.4889,6.4889,6.4889,6.4889,6.4889,6.4889,6.4889,6.4889,6.4889,6.4889,6.4889,6.4889,6.4889,6.4889,6.4889,6.4889,6.4889,6.4889,6.4889,6.4889,6.4889,6.4889,6.4889,6.4889,6.4889,6.4889,6.4889,6.4889,6.4889,6.4889,6.4889,6.4889,6.4889,6.4889,6.4889,6.4889,6.4889,6.4889,6.4889,6.4889,6.4889,6.4889,6.4889,6.4889,6.4889,6.4889,6.4889,6.4889,6.4889,6.4889,6.4889,6.4889,6.4889,6.4889,6.4889,6.4889,6.4889,6.4889,6.4889,6.4889,6.4889,6.4889,6.4889,6.4889,6.4889,6.4889,6.4889,6.4889,6.4889,6.4889,6.4889,6.4889,6.4889,6.4889,6.4889,6.4889,6.4889,6.4889,6.4889,6.4889,6.4889,6.4889,6.4889,6.4889,6.4889,6.4889,6.4889,6.4889,6.4889,6.4889,6.4889,6.4889,6.4889,6.4889,6.4889,6.4889,6.4889,6.4889,6.4889,6.4889,6.4889,6.4889,6.4889,6.4889,6.4889,6.4889,6.4889,6.4889,6.4889,6.4889,6.4889,6.4889,6.4889,6.4889,6.4889,6.4889,6.4889,6.4889,6.4889,6.4889,6.4889,6.4889,6.4889,6.4889,6.4889,6.4889,6.4889,6.4889,6.4889,6.4889,6.4889,6.4889,6.4889,6.4889,6.4889,6.4889,6.4889,6.4889,6.4889,6.4889,6.4889,6.4889,6.4889,6.4889,6.4889,6.4889,6.4889,6.4889,6.4889,6.4889,6.4889,6.4889,6.4889,6.4889,6.4889,6.4889,6.4889,6.4889,6.4889,6.4889,6.4889,6.4889,6.4889,6.4889,6.4889,6.4889,6.4889,6.4889,6.4889,6.4889,6.4889,6.4889,6.4889,6.4889,6.4889,6.4889,6.4889,6.4889,6.4889,6.4889,6.4889,6.4889,6.4889,6.4889,6.4889,6.4889,6.4889,6.4889,6.4889,6.4889,6.4889,6.4889,6.4889,6.4889,6.4889,6.4889,6.4889,6.4889,6.4889,6.4889,6.4889,6.4889,6.4889,6.4889,6.4889,6.4889,6.4889,6.4889,6.4889,6.4889,6.4889,6.4889,6.4889,6.4889,6.4889,6.4889,6.4889,6.4889,6.4889,6.4889,6.4889,6.4889,6.4889,6.4889,6.4889,6.4889,6.4889,6.4889,6.4889,6.4889,6.4889,6.4889,6.4889,6.4889,6.4889,6.4889,6.4889,6.4889,6.4889,6.4889,6.4889,6.4889,6.4889,6.4889,6.4889,6.4889,6.4889,6.4889,6.4889,6.4889,6.4889,6.4889,6.4889,6.4889,6.4889,6.4889,6.4889,6.4889,6.4889,6.4889,6.4889,6.4889,6.4889,6.4889,6.4889,6.4889,6.4889,6.4889,6.4889,6.4889,6.4889,6.4889,6.4889,6.4889,6.4889,6.4889,6.4889,6.4889,6.4889,6.4889,6.4889,6.4889,6.4889,6.4889,6.4889,6.4889,6.4889,6.4889,6.4889,6.4889,6.4889,6.4889,6.4889,6.4889,6.4889,6.4889,6.4889,6.4889,6.4889,6.4889,6.4889,6.4889,6.4889,6.4889,6.4889,6.4889,6.4889,6.4889,6.4889,6.4889,6.4889,6.4889,6.4889,6.4889,6.4889,6.4889,6.4889,6.4889,6.4889,6.4889,6.4889,6.4889,6.4889,6.4889,6.4889,6.4889,6.4889,6.4889,6.4889,6.4889,6.4889,6.4889,6.4889,6.4889,6.4889,6.4889,6.4889,6.4889,6.4889,6.4889,6.4889,6.4889,6.4889,6.4889,6.4889,6.4889,6.4889,6.4889,6.4889,6.4889,6.4889,6.4889,6.4889,6.4889,6.4889,6.4889,6.4889,6.4889,6.4889,6.4889,6.4889,6.4889,6.4889,6.4889,6.4889,6.4889,6.4889,6.4889,6.4889,6.4889,6.4889,6.4889,6.4889,6.4889,6.4889,6.4889,6.4889,6.4889,6.4889,6.4889,6.4889,6.4889,6.4889,6.4889,6.4889,6.4889,6.4889,6.4889,6.4889,6.4889,6.4889,6.4889,6.4889,6.4889,6.4889,6.4889,6.4889,6.4889,6.4889,6.4889,6.4889,6.4889,6.4889,6.4889,6.4889,6.4889,6.4889,6.4889,6.4889,6.4889,6.4889,6.4889,6.4889,6.4889,6.4889,6.4889,6.4889,6.4889,6.4889,6.4889,6.4889,6.4889,6.4889,6.4889,6.4889,6.4889,6.4889,6.4889,6.4889,6.4889,6.4889,6.4889,6.4889,6.4889,6.4889,6.4889,6.4889,6.4889,6.4889,6.4889,6.4889,6.4889,6.4889,6.4889,6.4889,6.4889,6.4889,6.4889,6.4889,6.4889,6.4889,6.4889,6.4889,6.4889,6.4889,6.4889,6.4889,6.4889,6.4889,6.4889,6.4889,6.4889,6.4889,6.4889,6.4889,6.4889,6.4889,6.4889,6.4889,6.4889,6.4889,6.4889,6.4889,6.4889,6.4889,6.4889,6.4889,6.4889,6.4889,6.4889,6.4889,6.4889,6.4889,6.4889,6.4889,6.4889,6.4889,6.4889,6.4889
6.4847,6.4847,6.4847,6.4847,6.4847,6.4847,6.4847,6.4847,6.4847,6.4847,6.4847,6.4847,6.4847,6.4847,6.4847,6.4847,6.4847,6.4847,6.4847,6.4847,6.4847,6.4847,6.4847,6.4847,6.4847,6.4847,6.4847,6.4847,6.4847,6.4847,6.4847,6.4847,6.4847,6.4847,6.4847,6.4847,6.4847,6.4847,6.4847,6.4847,6.4847,6.4847,6.4847,6.4847,6.4847,6.4847,6.4847,6.4847,6.4847,6.4847,6.4847,6.4847,6.4847,6.4847,6.4847,6.4847,6.4847,6.4847,6.4847,6.4847,6.4847,6.4847,6.4847,6.4847,6.4847,6.4847,6.4847,6.4847,6.4847,6.4847,6.4847,6.4847,6.4847,6.4847,6.4847,6.4847,6.4847,6.4847,6.4847,6.4847,6.4847,6.4847,6.4847,6.4847,6.4847,6.4847,6.4847,6.4847,6.4847,6.4847,6.4847,6.4847,6.4847,6.4847,6.4847,6.4847,6.4847,6.4847,6.4847,6.4847,6.4847,6.4847,6.4847,6.4847,6.4847,6.4847,6.4847,6.4847,6.4847,6.4847,6.4847,6.4847,6.4847,6.4847,6.4847,6.4847,6.4847,6.4847,6.4847,6.4847,6.4847,6.4847,6.4847,6.4847,6.4847,6.4847,6.4847,6.4847,6.4847,6.4847,6.4847,6.4847,6.4847,6.4847,6.4847,6.4847,6.4847,6.4847,6.4847,6.4847,6.4847,6.4847,6.4847,6.4847,6.4847,6.4847,6.4847,6.4847,6.4847,6.4847,6.4847,6.4847,6.4847,6.4847,6.4847,6.4847,6.4847,6.4847,6.4847,6.4847,6.4847,6.4847,6.4847,6.4847,6.4847,6.4847,6.4847,6.4847,6.4847,6.4847,6.4847,6.4847,6.4847,6.4847,6.4847,6.4847,6.4847,6.4847,6.4847,6.4847,6.4847,6.4847,6.4847,6.4847,6.4847,6.4847,6.4847,6.4847,6.4847,6.4847,6.4847,6.4847,6.4847,6.4847,6.4847,6.4847,6.4847,6.4847,6.4847,6.4847,6.4847,6.4847,6.4847,6.4847,6.4847,6.4847,6.4847,6.4847,6.4847,6.4847,6.4847,6.4847,6.4847,6.4847,6.4847,6.4847,6.4847,6.4847,6.4847,6.4847,6.4847,6.4847,6.4847,6.4847,6.4847,6.4847,6.4847,6.4847,6.4847,6.4847,6.4847,6.4847,6.4847,6.4847,6.4847,6.4847,6.4847,6.4847,6.4847,6.4847,6.4847,6.4847,6.4847,6.4847,6.4847,6.4847,6.4847,6.4847,6.4847,6.4847,6.4847,6.4847,6.4847,6.4847,6.4847,6.4847,6.4847,6.4847,6.4847,6.4847,6.4847,6.4847,6.4847,6.4847,6.4847,6.4847,6.4847,6.4847,6.4847,6.4847,6.4847,6.4847,6.4847,6.4847,6.4847,6.4847,6.4847,6.4847,6.4847,6.4847,6.4847,6.4847,6.4847,6.4847,6.4847,6.4847,6.4847,6.4847,6.4847,6.4847,6.4847,6.4847,6.4847,6.4847,6.4847,6.4847,6.4847,6.4847,6.4847,6.4847,6.4847,6.4847,6.4847,6.4847,6.4847,6.4847,6.4847,6.4847,6.4847,6.4847,6.4847,6.4847,6.4847,6.4847,6.4847,6.4847,6.4847,6.4847,6.4847,6.4847,6.4847,6.4847,6.4847,6.4847,6.4847,6.4847,6.4847,6.4847,6.4847,6.4847,6.4847,6.4847,6.4847,6.4847,6.4847,6.4847,6.4847,6.4847,6.4847,6.4847,6.4847,6.4847,6.4847,6.4847,6.4847,6.4847,6.4847,6.4847,6.4847,6.4847,6.4847,6.4847,6.4847,6.4847,6.4847,6.4847,6.4847,6.4847,6.4847,6.4847,6.4847,6.4847,6.4847,6.4847,6.4847,6.4847,6.4847,6.4847,6.4847,6.4847,6.4847,6.4847,6.4847,6.4847,6.4847,6.4847,6.4847,6.4847,6.4847,6.4847,6.4847,6.4847,6.4847,6.4847,6.4847,6.4847,6.4847,6.4847,6.4847,6.4847,6.4847,6.4847,6.4847,6.4847,6.4847,6.4847,6.4847,6.4847,6.4847,6.4847,6.4847,6.4847,6.4847,6.4847,6.4847,6.4847,6.4847,6.4847,6.4847,6.4847,6.4847,6.4847,6.4847,6.4847,6.4847,6.4847,6.4847,6.4847,6.4847,6.4847,6.4847,6.4847,6.4847,6.4847,6.4847,6.4847,6.4847,6.4847,6.4847,6.4847,6.4847,6.4847,6.4847,6.4847,6.4847,6.4847,6.4847,6.4847,6.4847,6.4847,6.4847,6.4847,6.4847,6.4847,6.4847,6.4847,6.4847,6.4847,6.4847,6.4847,6.4847,6.4847,6.4847,6.4847,6.4847,6.4847,6.4847,6.4847,6.4847,6.4847,6.4847,6.4847,6.4847,6.4847,6.4847,6.4847,6.4847,6.4847,6.4847,6.4847,6.4847,6.4847,6.4847,6.4847,6.4847,6.4847,6.4847,6.4847,6.4847,6.4847,6.4847,6.4847,6.4847,6.4847,6.4847,6.4847,6.4847,6.4847,6.4847,6.4847,6.4847,6.4847,6.4847,6.4847,6.4847,6.4847,6.4847,6.4847,6.4847,6.4847,6.4847,6.4847,6.4847,6.4847,6.4847,6.4847,6.4847,6.4847,6.4847,6.4847,6.4847,6.4847,6.4847,6.4847,6.4847,6.4847,6.4847,6.4847,6.4847,6.4847,6.4847,6.4847,6.4847,6.4847,6.4847,6.4847,6.4847,6.4847,6.4847,6.4847,6.4847,6.4847,6.4847,6.4847,6.4847,6.4847,6.4847,6.4847,6.4847,6.4847,6.4847,6.4847,6.4847,6.4847,6.4847,6.4847,6.4847,6.4847,6.4847,6.4847,6.4847,6.4847,6.4847,6.4847,6.4847,6.4847,6.4847,6.4847,6.4847,6.4847,6.4847,6.4847,6.4847,6.4847,6.4847,6.4847,6.4847,6.4847,6.4847,6.4847,6.4847,6.4847,6.4847,6.4847,6.4847,6.4847,6.4847,6.4847,6.4847,6.4847,6.4847,6.4847,6.4847,6.4847,6.4847,6.4847,6.4847,6.4847,6.4847,6.4847,6.4847,6.4847,6.4847,6.4847,6.4847,6.4847,6.4847,6.4847,6.4847,6.4847,6.4847,6.4847,6.4847,6.4847,6.4847,6.4847,6.4847,6.4847,6.4847,6.4847,6.4847,6.4847,6.4847,6.4847,6.4847,6.4847,6.4847,6.4847,6.4847,6.4847,6.4847,6.4847,6.4847,6.4847,6.4847,6.4847,6.4847,6.4847,6.4847,6.4847,6.4847,6.4847,6.4847,6.4847,6.4847,6.4847,6.4847,6.4847,6.4847,6.4847,6.4847,6.4847,6.4847,6.4847,6.4847,6.4847,6.4847,6.4847,6.4847,6.4847,6.4847,6.4847,6.4847,6.4847,6.4847,6.4847,6.4847,6.4847,6.4847,6.4847,6.4847,6.4847,6.4847,6.4847,6.4847,6.4847,6.4847,6.4847,6.4847,6.4847,6.4847,6.4847,6.4847,6.4847,6.4847,6.4847,6.4847,6.4847,6.4847,6.4847,6.4847,6.4847,6.4847,6.4847,6.4847,6.4847,6.4847,6.4847,6.4847,6.4847,6.4847,6.4847,6.4847,6.4847,6.4847,6.4847,6.4847,6.4847,6.4847,6.4847,6.4847,6.4847,6.4847,6.4847,6.4847,6.4847,6.4847,6.4847,6.4847,6.4847,6.4847,6.4847,6.4847,6.4847,6.4847,6.4847,6.4847,6.4847,6.4847,6.4847,6.4847,6.4847,6.4847,6.4847,6.4847,6.4847,6.4847,6.4847,6.4847,6.4847,6.4847,6.4847,6.4847,6.4847,6.4847,6.4847,6.4847,6.4847,6.4847,6.4847,6.4847,6.4847,6.4847,6.4847,6.4847,6.4847,6.4847,6.4847,6.4847,6.4847,6.4847,6.4847,6.4847,6.4847,6.4847,6.4847,6.4847,6.4847,6.4847,6.4847,6.4847,6.4847,6.4847,6.4847,6.4847,6.4847,6.4847,6.4847,6.4847,6.4847,6.4847,6.4847,6.4847,6.4847,6.4847,6.4847,6.4847,6.4847,6.4847,6.4847,6.4847,6.4847,6.4847,6.4847,6.4847,6.4847,6.4847,6.4847,6.4847,6.4847,6.4847,6.4847,6.4847,6.4847,6.4847,6.4847,6.4847,6.4847,6.4847,6.4847,6.4847,6.4847,6.4847,6.4847,6.4847,6.4847,6.4847,6.4847,6.4847,6.4847,6.4847,6.4847,6.4847,6.4847,6.4847,6.4847,6.4847,6.4847,6.4847,6.4847,6.4847,6.4847,6.4847,6.4847,6.4847,6.4847,6.4847,6.4847,6.4847,6.4847,6.4847,6.4847,6.4847,6.4847,6.4847,6.4847,6.4847,6.4847,6.4847,6.4847,6.4847,6.4847,6.4847,6.4847,6.4847,6.4847,6.4847,6.4847,6.4847,6.4847,6.4847,6.4847,6.4847,6.4847,6.4847,6.4847,6.4847,6.4847,6.4847,6.4847,6.4847,6.4847,6.4847,6.4847,6.4847,6.4847,6.4847,6.4847,6.4847,6.4847,6.4847,6.4847,6.4847,6.4847,6.4847,6.4847,6.4847,6.4847,6.4847,6.4847,6.4847,6.4847,6.4847,6.4847,6.4847,6.4847,6.4847,6.4847,6.4847,6.4847,6.4847,6.4847,6.4847,6.4847,6.4847,6.4847,6.4847,6.4847,6.4847,6.4847,6.4847,6.4847,6.4847,6.4847,6.4847,6.4847,6.4847,6.4847,6.4847,6.4847,6.4847,6.4847,6.4847,6.4847,6.4847,6.4847,6.4847,6.4847,6.4847,6.4847,6.4847,6.4847,6.4847,6.4847,6.4847,6.4847,6.4847,6.4847,6.4847,6.4847,6.4847,6.4847,6.4847,6.4847,6.4847,6.4847,6.4847,6.4847,6.4847,6.4847,6.4847,6.4847,6.4847,6.4847,6.4847,6.4847,6.4847,6.4847,6.4847,6.4847,6.4847,6.4847,6.4847,6.4847,6.4847,6.4847,6.4847,6.4847,6.4847,6.4847
6.4799,6.4799,6.4799,6.4799,6.4799,6.4799,6.4799,6.4799,6.4799,6.4799,6.4799,6.4799,6.4799,6.4799,6.4799,6.4799,6.4799,6.4799,6.4799,6.4799,6.4799,6.4799,6.4799,6.4799,6.4799,6.4799,6.4799,6.4799,6.4799,6.4799,6.4799,6.4799,6.4799,6.4799,6.4799,6.4799,6.4799,6.4799,6.4799,6.4799,6.4799,6.4799,6.4799,6.4799,6.4799,6.4799,6.4799,6.4799,6.4799,6.4799,6.4799,6.4799,6.4799,6.4799,6.4799,6.4799,6.4799,6.4799,6.4799,6.4799,6.4799,6.4799,6.4799,6.4799,6.4799,6.4799,6.4799,6.4799,6.4799,6.4799,6.4799,6.4799,6.4799,6.4799,6.4799,6.4799,6.4799,6.4799,6.4799,6.4799,6.4799,6.4799,6.4799,6.4799,6.4799,6.4799,6.4799,6.4799,6.4799,6.4799,6.4799,6.4799,6.4799,6.4799,6.4799,6.4799,6.4799,6.4799,6.4799,6.4799,6.4799,6.4799,6.4799,6.4799,6.4799,6.4799,6.4799,6.4799,6.4799,6.4799,6.4799,6.4799,6.4799,6.4799,6.4799,6.4799,6.4799,6.4799,6.4799,6.4799,6.4799,6.4799,6.4799,6.4799,6.4799,6.4799,6.4799,6.4799,6.4799,6.4799,6.4799,6.4799,6.4799,6.4799,6.4799,6.4799,6.4799,6.4799,6.4799,6.4799,6.4799,6.4799,6.4799,6.4799,6.4799,6.4799,6.4799,6.4799,6.4799,6.4799,6.4799,6.4799,6.4799,6.4799,6.4799,6.4799,6.4799,6.4799,6.4799,6.4799,6.4799,6.4799,6.4799,6.4799,6.4799,6.4799,6.4799,6.4799,6.4799,6.4799,6.4799,6.4799,6.4799,6.4799,6.4799,6.4799,6.4799,6.4799,6.4799,6.4799,6.4799,6.4799,6.4799,6.4799,6.4799,6.4799,6.4799,6.4799,6.4799,6.4799,6.4799,6.4799,6.4799,6.4799,6.4799,6.4799,6.4799,6.4799,6.4799,6.4799,6.4799,6.4799,6.4799,6.4799,6.4799,6.4799,6.4799,6.4799,6.4799,6.4799,6.4799,6.4799,6.4799,6.4799,6.4799,6.4799,6.4799,6.4799,6.4799,6.4799,6.4799,6.4799,6.4799,6.4799,6.4799,6.4799,6.4799,6.4799,6.4799,6.4799,6.4799,6.4799,6.4799,6.4799,6.4799,6.4799,6.4799,6.4799,6.4799,6.4799,6.4799,6.4799,6.4799,6.4799,6.4799,6.4799,6.4799,6.4799,6.4799,6.4799,6.4799,6.4799,6.4799,6.4799,6.4799,6.4799,6.4799,6.4799,6.4799,6.4799,6.4799,6.4799,6.4799,6.4799,6.4799,6.4799,6.4799,6.4799,6.4799,6.4799,6.4799,6.4799,6.4799,6.4799,6.4799,6.4799,6.4799,6.4799,6.4799,6.4799,6.4799,6.4799,6.4799,6.4799,6.4799,6.4799,6.4799,6.4799,6.4799,6.4799,6.4799,6.4799,6.4799,6.4799,6.4799,6.4799,6.4799,6.4799,6.4799,6.4799,6.4799,6.4799,6.4799,6.4799,6.4799,6.4799,6.4799,6.4799,6.4799,6.4799,6.4799,6.4799,6.4799,6.4799,6.4799,6.4799,6.4799,6.4799,6.4799,6.4799,6.4799,6.4799,6.4799,6.4799,6.4799,6.4799,6.4799,6.4799,6.4799,6.4799,6.4799,6.4799,6.4799,6.4799,6.4799,6.4799,6.4799,6.4799,6.4799,6.4799,6.4799,6.4799,6.4799,6.4799,6.4799,6.4799,6.4799,6.4799,6.4799,6.4799,6.4799,6.4799,6.4799,6.4799,6.4799,6.4799,6.4799,6.4799,6.4799,6.4799,6.4799,6.4799,6.4799,6.4799,6.4799,6.4799,6.4799,6.4799,6.4799,6.4799,6.4799,6.4799,6.4799,6.4799,6.4799,6.4799,6.4799,6.4799,6.4799,6.4799,6.4799,6.4799,6.4799,6.4799,6.4799,6.4799,6.4799,6.4799,6.4799,6.4799,6.4799,6.4799,6.4799,6.4799,6.4799,6.4799,6.4799,6.4799,6.4799,6.4799,6.4799,6.4799,6.4799,6.4799,6.4799,6.4799,6.4799,6.4799,6.4799,6.4799,6.4799,6.4799,6.4799,6.4799,6.4799,6.4799,6.4799,6.4799,6.4799,6.4799,6.4799,6.4799,6.4799,6.4799,6.4799,6.4799,6.4799,6.4799,6.4799,6.4799,6.4799,6.4799,6.4799,6.4799,6.4799,6.4799,6.4799,6.4799,6.4799,6.4799,6.4799,6.4799,6.4799,6.4799,6.4799,6.4799,6.4799,6.4799,6.4799,6.4799,6.4799,6.4799,6.4799,6.4799,6.4799,6.4799,6.4799,6.4799,6.4799,6.4799,6.4799,6.4799,6.4799,6.4799,6.4799,6.4799,6.4799,6.4799,6.4799,6.4799,6.4799,6.4799,6.4799,6.4799,6.4799,6.4799,6.4799,6.4799,6.4799,6.4799,6.4799,6.4799,6.4799,6.4799,6.4799,6.4799,6.4799,6.4799,6.4799,6.4799,6.4799,6.4799,6.4799,6.4799,6.4799,6.4799,6.4799,6.4799,6.4799,6.4799,6.4799,6.4799,6.4799,6.4799,6.4799,6.4799,6.4799,6.4799,6.4799,6.4799,6.4799,6.4799,6.4799,6.4799,6.4799,6.4799,6.4799,6.4799,6.4799,6.4799,6.4799,6.4799,6.4799,6.4799,6.4799,6.4799,6.4799,6.4799,6.4799,6.4799,6.4799,6.4799,6.4799,6.4799,6.4799,6.4799,6.4799,6.4799,6.4799,6.4799,6.4799,6.4799,6.4799,6.4799,6.4799,6.4799,6.4799,6.4799,6.4799,6.4799,6.4799,6.4799,6.4799,6.4799,6.4799,6.4799,6.4799,6.4799,6.4799,6.4799,6.4799,6.4799,6.4799,6.4799,6.4799,6.4799,6.4799,6.4799,6.4799,6.4799,6.4799,6.4799,6.4799,6.4799,6.4799,6.4799,6.4799,6.4799,6.4799,6.4799,6.4799,6.4799,6.4799,6.4799,6.4799,6.4799,6.4799,6.4799,6.4799,6.4799,6.4799,6.4799,6.4799,6.4799,6.4799,6.4799,6.4799,6.4799,6.4799,6.4799,6.4799,6.4799,6.4799,6.4799,6.4799,6.4799,6.4799,6.4799,6.4799,6.4799,6.4799,6.4799,6.4799,6.4799,6.4799,6.4799,6.4799,6.4799,6.4799,6.4799,6.4799,6.4799,6.4799,6.4799,6.4799,6.4799,6.4799,6.4799,6.4799,6.4799,6.4799,6.4799,6.4799,6.4799,6.4799,6.4799,6.4799,6.4799,6.4799,6.4799,6.4799,6.4799,6.4799,6.4799,6.4799,6.4799,6.4799,6.4799,6.4799,6.4799,6.4799,6.4799,6.4799,6.4799,6.4799,6.4799,6.4799,6.4799,6.4799,6.4799,6.4799,6.4799,6.4799,6.4799,6.4799,6.4799,6.4799,6.4799,6.4799,6.4799,6.4799,6.4799,6.4799,6.4799,6.4799,6.4799,6.4799,6.4799,6.4799,6.4799,6.4799,6.4799,6.4799,6.4799,6.4799,6.4799,6.4799,6.4799,6.4799,6.4799,6.4799,6.4799,6.4799,6.4799,6.4799,6.4799,6.4799,6.4799,6.4799,6.4799,6.4799,6.4799,6.4799,6.4799,6.4799,6.4799,6.4799,6.4799,6.4799,6.4799,6.4799,6.4799,6.4799,6.4799,6.4799,6.4799,6.4799,6.4799,6.4799,6.4799,6.4799,6.4799,6.4799,6.4799,6.4799,6.4799,6.4799,6.4799,6.4799,6.4799,6.4799,6.4799,6.4799,6.4799,6.4799,6.4799,6.4799,6.4799,6.4799,6.4799,6.4799,6.4799,6.4799,6.4799,6.4799,6.4799,6.4799,6.4799,6.4799,6.4799,6.4799,6.4799,6.4799,6.4799,6.4799,6.4799,6.4799,6.4799,6.4799,6.4799,6.4799,6.4799,6.4799,6.4799,6.4799,6.4799,6.4799,6.4799,6.4799,6.4799,6.4799,6.4799,6.4799,6.4799,6.4799,6.4799,6.4799,6.4799,6.4799,6.4799,6.4799,6.4799,6.4799,6.4799,6.4799,6.4799,6.4799,6.4799,6.4799,6.4799,6.4799,6.4799,6.4799,6.4799,6.4799,6.4799,6.4799,6.4799,6.4799,6.4799,6.4799,6.4799,6.4799,6.4799,6.4799,6.4799,6.4799,6.4799,6.4799,6.4799,6.4799,6.4799,6.4799,6.4799,6.4799,6.4799,6.4799,6.4799,6.4799,6.4799,6.4799,6.4799,6.4799,6.4799,6.4799,6.4799,6.4799,6.4799,6.4799,6.4799,6.4799,6.4799,6.4799,6.4799,6.4799,6.4799,6.4799,6.4799,6.4799,6.4799,6.4799,6.4799,6.4799,6.4799,6.4799,6.4799,6.4799,6.4799,6.4799,6.4799,6.4799,6.4799,6.4799,6.4799,6.4799,6.4799,6.4799,6.4799,6.4799,6.4799,6.4799,6.4799,6.4799,6.4799,6.4799,6.4799,6.4799,6.4799,6.4799,6.4799,6.4799,6.4799,6.4799,6.4799,6.4799,6.4799,6.4799,6.4799,6.4799,6.4799,6.4799,6.4799,6.4799,6.4799,6.4799,6.4799,6.4799,6.4799,6.4799,6.4799,6.4799,6.4799,6.4799,6.4799,6.4799,6.4799,6.4799,6.4799,6.4799,6.4799,6.4799,6.4799,6.4799,6.4799,6.4799,6.4799,6.4799,6.4799,6.4799,6.4799,6.4799,6.4799,6.4799,6.4799,6.4799,6.4799,6.4799,6.4799,6.4799,6.4799,6.4799,6.4799,6.4799,6.4799,6.4799,6.4799,6.4799,6.4799,6.4799,6.4799,6.4799,6.4799,6.4799,6.4799,6.4799,6.4799,6.4799,6.4799,6.4799,6.4799,6.4799,6.4799,6.4799,6.4799,6.4799,6.4799,6.4799,6.4799,6.4799,6.4799,6.4799,6.4799,6.4799,6.4799,6.4799,6.4799,6.4799,6.4799,6.4799,6.4799
6.4747,6.4747,6.4747,6.4747,6.4747,6.4747,6.4747,6.4747,6.4747,6.4747,6.4747,6.4747,6.4747,6.4747,6.4747,6.4747,6.4747,6.4747,6.4747,6.4747,6.4747,6.4747,6.4747,6.4747,6.4747,6.4747,6.4747,6.4747,6.4747,6.4747,6.4747,6.4747,6.4747,6.4747,6.4747,6.4747,6.4747,6.4747,6.4747,6.4747,6.4747,6.4747,6.4747,6.4747,6.4747,6.4747,6.4747,6.4747,6.4747,6.4747,6.4747,6.4747,6.4747,6.4747,6.4747,6.4747,6.4747,6.4747,6.4747,6.4747,6.4747,6.4747,6.4747,6.4747,6.4747,6.4747,6.4747,6.4747,6.4747,6.4747,6.4747,6.4747,6.4747,6.4747,6.4747,6.4747,6.4747,6.4747,6.4747,6.4747,6.4747,6.4747,6.4747,6.4747,6.4747,6.4747,6.4747,6.4747,6.4747,6.4747,6.4747,6.4747,6.4747,6.4747,6.4747,6.4747,6.4747,6.4747,6.4747,6.4747,6.4747,6.4747,6.4747,6.4747,6.4747,6.4747,6.4747,6.4747,6.4747,6.4747,6.4747,6.4747,6.4747,6.4747,6.4747,6.4747,6.4747,6.4747,6.4747,6.4747,6.4747,6.4747,6.4747,6.4747,6.4747,6.4747,6.4747,6.4747,6.4747,6.4747,6.4747,6.4747,6.4747,6.4747,6.4747,6.4747,6.4747,6.4747,6.4747,6.4747,6.4747,6.4747,6.4747,6.4747,6.4747,6.4747,6.4747,6.4747,6.4747,6.4747,6.4747,6.4747,6.4747,6.4747,6.4747,6.4747,6.4747,6.4747,6.4747,6.4747,6.4747,6.4747,6.4747,6.4747,6.4747,6.4747,6.4747,6.4747,6.4747,6.4747,6.4747,6.4747,6.4747,6.4747,6.4747,6.4747,6.4747,6.4747,6.4747,6.4747,6.4747,6.4747,6.4747,6.4747,6.4747,6.4747,6.4747,6.4747,6.4747,6.4747,6.4747,6.4747,6.4747,6.4747,6.4747,6.4747,6.4747,6.4747,6.4747,6.4747,6.4747,6.4747,6.4747,6.4747,6.4747,6.4747,6.4747,6.4747,6.4747,6.4747,6.4747,6.4747,6.4747,6.4747,6.4747,6.4747,6.4747,6.4747,6.4747,6.4747,6.4747,6.4747,6.4747,6.4747,6.4747,6.4747,6.4747,6.4747,6.4747,6.4747,6.4747,6.4747,6.4747,6.4747,6.4747,6.4747,6.4747,6.4747,6.4747,6.4747,6.4747,6.4747,6.4747,6.4747,6.4747,6.4747,6.4747,6.4747,6.4747,6.4747,6.4747,6.4747,6.4747,6.4747,6.4747,6.4747,6.4747,6.4747,6.4747,6.4747,6.4747,6.4747,6.4747,6.4747,6.4747,6.4747,6.4747,6.4747,6.4747,6.4747,6.4747,6.4747,6.4747,6.4747,6.4747,6.4747,6.4747,6.4747,6.4747,6.4747,6.4747,6.4747,6.4747,6.4747,6.4747,6.4747,6.4747,6.4747,6.4747,6.4747,6.4747,6.4747,6.4747,6.4747,6.4747,6.4747,6.4747,6.4747,6.4747,6.4747,6.4747,6.4747,6.4747,6.4747,6.4747,6.4747,6.4747,6.4747,6.4747,6.4747,6.4747,6.4747,6.4747,6.4747,6.4747,6.4747,6.4747,6.4747,6.4747,6.4747,6.4747,6.4747,6.4747,6.4747,6.4747,6.4747,6.4747,6.4747,6.4747,6.4747,6.4747,6.4747,6.4747,6.4747,6.4747,6.4747,6.4747,6.4747,6.4747,6.4747,6.4747,6.4747,6.4747,6.4747,6.4747,6.4747,6.4747,6.4747,6.4747,6.4747,6.4747,6.4747,6.4747,6.4747,6.4747,6.4747,6.4747,6.4747,6.4747,6.4747,6.4747,6.4747,6.4747,6.4747,6.4747,6.4747,6.4747,6.4747,6.4747,6.4747,6.4747,6.4747,6.4747,6.4747,6.4747,6.4747,6.4747,6.4747,6.4747,6.4747,6.4747,6.4747,6.4747,6.4747,6.4747,6.4747,6.4747,6.4747,6.4747,6.4747,6.4747,6.4747,6.4747,6.4747,6.4747,6.4747,6.4747,6.4747,6.4747,6.4747,6.4747,6.4747,6.4747,6.4747,6.4747,6.4747,6.4747,6.4747,6.4747,6.4747,6.4747,6.4747,6.4747,6.4747,6.4747,6.4747,6.4747,6.4747,6.4747,6.4747,6.4747,6.4747,6.4747,6.4747,6.4747,6.4747,6.4747,6.4747,6.4747,6.4747,6.4747,6.4747,6.4747,6.4747,6.4747,6.4747,6.4747,6.4747,6.4747,6.4747,6.4747,6.4747,6.4747,6.4747,6.4747,6.4747,6.4747,6.4747,6.4747,6.4747,6.4747,6.4747,6.4747,6.4747,6.4747,6.4747,6.4747,6.4747,6.4747,6.4747,6.4747,6.4747,6.4747,6.4747,6.4747,6.4747,6.4747,6.4747,6.4747,6.4747,6.4747,6.4747,6.4747,6.4747,6.4747,6.4747,6.4747,6.4747,6.4747,6.4747,6.4747,6.4747,6.4747,6.4747,6.4747,6.4747,6.4747,6.4747,6.4747,6.4747,6.4747,6.4747,6.4747,6.4747,6.4747,6.4747,6.4747,6.4747,6.4747,6.4747,6.4747,6.4747,6.4747,6.4747,6.4747,6.4747,6.4747,6.4747,6.4747,6.4747,6.4747,6.4747,6.4747,6.4747,6.4747,6.4747,6.4747,6.4747,6.4747,6.4747,6.4747,6.4747,6.4747,6.4747,6.4747,6.4747,6.4747,6.4747,6.4747,6.4747,6.4747,6.4747,6.4747,6.4747,6.4747,6.4747,6.4747,6.4747,6.4747,6.4747,6.4747,6.4747,6.4747,6.4747,6.4747,6.4747,6.4747,6.4747,6.4747,6.4747,6.4747,6.4747,6.4747,6.4747,6.4747,6.4747,6.4747,6.4747,6.4747,6.4747,6.4747,6.4747,6.4747,6.4747,6.4747,6.4747,6.4747,6.4747,6.4747,6.4747,6.4747,6.4747,6.4747,6.4747,6.4747,6.4747,6.4747,6.4747,6.4747,6.4747,6.4747,6.4747,6.4747,6.4747,6.4747,6.4747,6.4747,6.4747,6.4747,6.4747,6.4747,6.4747,6.4747,6.4747,6.4747,6.4747,6.4747,6.4747,6.4747,6.4747,6.4747,6.4747,6.4747,6.4747,6.4747,6.4747,6.4747,6.4747,6.4747,6.4747,6.4747,6.4747,6.4747,6.4747,6.4747,6.4747,6.4747,6.4747,6.4747,6.4747,6.4747,6.4747,6.4747,6.4747,6.4747,6.4747,6.4747,6.4747,6.4747,6.4747,6.4747,6.4747,6.4747,6.4747,6.4747,6.4747,6.4747,6.4747,6.4747,6.4747,6.4747,6.4747,6.4747,6.4747,6.4747,6.4747,6.4747,6.4747,6.4747,6.4747,6.4747,6.4747,6.4747,6.4747,6.4747,6.4747,6.4747,6.4747,6.4747,6.4747,6.4747,6.4747,6.4747,6.4747,6.4747,6.4747,6.4747,6.4747,6.4747,6.4747,6.4747,6.4747,6.4747,6.4747,6.4747,6.4747,6.4747,6.4747,6.4747,6.4747,6.4747,6.4747,6.4747,6.4747,6.4747,6.4747,6.4747,6.4747,6.4747,6.4747,6.4747,6.4747,6.4747,6.4747,6.4747,6.4747,6.4747,6.4747,6.4747,6.4747,6.4747,6.4747,6.4747,6.4747,6.4747,6.4747,6.4747,6.4747,6.4747,6.4747,6.4747,6.4747,6.4747,6.4747,6.4747,6.4747,6.4747,6.4747,6.4747,6.4747,6.4747,6.4747,6.4747,6.4747,6.4747,6.4747,6.4747,6.4747,6.4747,6.4747,6.4747,6.4747,6.4747,6.4747,6.4747,6.4747,6.4752,6.4752,6.4752,6.4752,6.4752,6.4752,6.4752,6.4752,6.4752,6.4752,6.4752,6.4752,6.4752,6.4752,6.4752,6.4752,6.4752,6.4752,6.4752,6.4752,6.4752,6.4752,6.4752,6.4752,6.4752,6.4752,6.4752,6.4752,6.4752,6.4752,6.4752,6.4752,6.4752,6.4752,6.4752,6.4752,6.4752,6.4752,6.4752,6.4752,6.4752,6.4752,6.4752,6.4752,6.4752,6.4752,6.4752,6.4752,6.4752,6.4752,6.4752,6.4752,6.4752,6.4752,6.4752,6.4752,6.4752,6.4752,6.4752,6.4752,6.4752,6.4752,6.4752,6.4752,6.4752,6.4752,6.4752,6.4752,6.4752,6.4752,6.4752,6.4752,6.4752,6.4752,6.4752,6.4752,6.4752,6.4752,6.4752,6.4752,6.4752,6.4752,6.4752,6.4752,6.4752,6.4752,6.4752,6.4752,6.4752,6.4752,6.4752,6.4752,6.4752,6.4752,6.4752,6.4752,6.4752,6.4752,6.4752,6.4752,6.4752,6.4752,6.4752,6.4752,6.4752,6.4752,6.4752,6.4752,6.4752,6.4752,6.4752,6.4752,6.4752,6.4752,6.4752,6.4752,6.4752,6.4752,6.4752,6.4752,6.4752,6.4752,6.4752,6.4752,6.4752,6.4752,6.4752,6.4752,6.4752,6.4752,6.4752,6.4752,6.4752,6.4752,6.4752,6.4752,6.4752,6.4752,6.4752,6.4752,6.4752,6.4752,6.4752,6.4752,6.4752,6.4752,6.4752,6.4752,6.4752,6.4752,6.4752,6.4752,6.4752,6.4752,6.4752,6.4752,6.4752,6.4752,6.4752,6.4752,6.4752,6.4752,6.4752,6.4752,6.4752,6.4752,6.4752,6.4752,6.4752,6.4752,6.4752,6.4752,6.4752,6.4752,6.4752,6.4752,6.4752,6.4752,6.4752,6.4752,6.4752,6.4752,6.4752,6.4752,6.4752,6.4752,6.4752,6.4752,6.4752,6.4752,6.4752,6.4752,6.4752,6.4752,6.4752,6.4752,6.4752,6.4752,6.4752,6.4752,6.4752,6.4752,6.4752,6.4752,6.4752,6.4752,6.4752,6.4752,6.4752,6.4752,6.4752,6.4752,6.4752,6.4752,6.4752,6.4752,6.4752,6.4752,6.4752,6.4752,6.4752,6.4752,6.4752,6.4752
6.4702,6.4702,6.4702,6.4702,6.4702,6.4702,6.4702,6.4702,6.4702,6.4702,6.4702,6.4702,6.4702,6.4702,6.4702,6.4702,6.4702,6.4702,6.4702,6.4702,6.4702,6.4702,6.4702,6.4702,6.4702,6.4702,6.4702,6.4702,6.4702,6.4702,6.4702,6.4702,6.4702,6.4702,6.4702,6.4702,6.4702,6.4702,6.4702,6.4702,6.4702,6.4702,6.4702,6.4702,6.4702,6.4702,6.4702,6.4702,6.4702,6.4702,6.4702,6.4702,6.4702,6.4702,6.4702,6.4702,6.4702,6.4702,6.4702,6.4702,6.4702,6.4702,6.4702,6.4702,6.4702,6.4702,6.4702,6.4702,6.4702,6.4702,6.4702,6.4702,6.4702,6.4702,6.4702,6.4702,6.4702,6.4702,6.4702,6.4702,6.4702,6.4702,6.4702,6.4702,6.4702,6.4702,6.4702,6.4702,6.4702,6.4702,6.4702,6.4702,6.4702,6.4702,6.4702,6.4702,6.4702,6.4702,6.4702,6.4702,6.4702,6.4702,6.4702,6.4702,6.4702,6.4702,6.4702,6.4702,6.4702,6.4702,6.4702,6.4702,6.4702,6.4702,6.4702,6.4702,6.4702,6.4702,6.4702,6.4702,6.4702,6.4702,6.4702,6.4702,6.4702,6.4702,6.4702,6.4702,6.4702,6.4702,6.4702,6.4702,6.4702,6.4702,6.4702,6.4702,6.4702,6.4702,6.4702,6.4702,6.4702,6.4702,6.4702,6.4702,6.4702,6.4702,6.4702,6.4702,6.4702,6.4702,6.4702,6.4702,6.4702,6.4702,6.4702,6.4702,6.4702,6.4702,6.4702,6.4702,6.4702,6.4702,6.4702,6.4702,6.4702,6.4702,6.4702,6.4702,6.4702,6.4702,6.4702,6.4702,6.4702,6.4702,6.4702,6.4702,6.4702,6.4702,6.4702,6.4702,6.4702,6.4702,6.4702,6.4702,6.4702,6.4702,6.4702,6.4702,6.4702,6.4702,6.4702,6.4702,6.4702,6.4702,6.4702,6.4702,6.4702,6.4702,6.4702,6.4702,6.4702,6.4702,6.4702,6.4702,6.4702,6.4702,6.4702,6.4702,6.4702,6.4702,6.4702,6.4702,6.4702,6.4702,6.4702,6.4702,6.4702,6.4702,6.4702,6.4702,6.4702,6.4702,6.4702,6.4702,6.4702,6.4702,6.4702,6.4702,6.4702,6.4702,6.4702,6.4702,6.4702,6.4702,6.4702,6.4702,6.4702,6.4702,6.4702,6.4702,6.4702,6.4702,6.4702,6.4702,6.4702,6.4702,6.4702,6.4702,6.4702,6.4702,6.4702,6.4702,6.4702,6.4702,6.4702,6.4702,6.4702,6.4702,6.4702,6.4702,6.4702,6.4702,6.4702,6.4702,6.4702,6.4702,6.4702,6.4702,6.4702,6.4702,6.4702,6.4702,6.4702,6.4702,6.4702,6.4702,6.4702,6.4702,6.4702,6.4702,6.4702,6.4702,6.4702,6.4702,6.4702,6.4702,6.4702,6.4702,6.4702,6.4702,6.4702,6.4702,6.4702,6.4702,6.4702,6.4707,6.4707,6.4707,6.4707,6.4707,6.4707,6.4707,6.4707,6.4707,6.4707,6.4707,6.4707,6.4707,6.4707,6.4707,6.4707,6.4707,6.4707,6.4707,6.4707,6.4707,6.4707,6.4707,6.4707,6.4707,6.4707,6.4707,6.4707,6.4707,6.4707,6.4707,6.4707,6.4707,6.4707,6.4707,6.4707,6.4707,6.4707,6.4707,6.4707,6.4707,6.4707,6.4707,6.4707,6.4707,6.4707,6.4707,6.4707,6.4707,6.4707,6.4707,6.4707,6.4707,6.4707,6.4707,6.4707,6.4707,6.4707,6.4707,6.4707,6.4707,6.4707,6.4707,6.4707,6.4707,6.4707,6.4707,6.4707,6.4707,6.4707,6.4707,6.4707,6.4707,6.4707,6.4707,6.4707,6.4707,6.4707,6.4707,6.4707,6.4707,6.4707,6.4707,6.4707,6.4707,6.4707,6.4707,6.4707,6.4707,6.4707,6.4707,6.4707,6.4707,6.4707,6.4707,6.4707,6.4707,6.4707,6.4707,6.4707,6.4707,6.4707,6.4707,6.4707,6.4707,6.4707,6.4707,6.4707,6.4707,6.4707,6.4707,6.4707,6.4707,6.4707,6.4707,6.4707,6.4707,6.4707,6.4707,6.4707,6.4707,6.4707,6.4707,6.4707,6.4707,6.4707,6.4707,6.4707,6.4707,6.4707,6.4707,6.4707,6.4707,6.4707,6.4707,6.4707,6.4707,6.4707,6.4707,6.4707,6.4707,6.4707,6.4707,6.4707,6.4707,6.4707,6.4707,6.4707,6.4707,6.4707,6.4707,6.4707,6.4707,6.4707,6.4707,6.4707,6.4707,6.4707,6.4707,6.4707,6.4707,6.4707,6.4707,6.4707,6.4707,6.4707,6.4707,6.4707,6.4707,6.4707,6.4707,6.4707,6.4707,6.4707,6.4707,6.4707,6.4707,6.4707,6.4707,6.4707,6.4707,6.4707,6.4707,6.4707,6.4707,6.4707,6.4707,6.4707,6.4707,6.4707,6.4707,6.4707,6.4707,6.4707,6.4707,6.4707,6.4707,6.4707,6.4707,6.4707,6.4707,6.4707,6.4707,6.4707,6.4707,6.4707,6.4707,6.4707,6.4707,6.4707,6.4707,6.4707,6.4707,6.4707,6.4707,6.4707,6.4707,6.4707,6.4707,6.4707,6.4707,6.4707,6.4707,6.4707,6.4707,6.4707,6.4707,6.4707,6.4707,6.4707,6.4707,6.4707,6.4707,6.4707,6.4707,6.4707,6.4707,6.4707,6.4707,6.4707,6.4707,6.4707,6.4707,6.4707,6.4707,6.4707,6.4707,6.4707,6.4707,6.4707,6.4707,6.4707,6.4707,6.4707,6.4707,6.4707,6.4707,6.4707,6.4707,6.4707,6.4707,6.4707,6.4707,6.4707,6.4707,6.4707,6.4707,6.4707,6.4707,6.4707,6.4707,6.4707,6.4707,6.4707,6.4707,6.4707,6.4707,6.4707,6.4707,6.4707,6.4707,6.4707,6.4707,6.4707,6.4707,6.4707,6.4707,6.4707,6.4707,6.4707,6.4707,6.4707,6.4707,6.4707,6.4707,6.4707,6.4707,6.4707,6.4707,6.4707,6.4707,6.4707,6.4707,6.4707,6.4707,6.4707,6.4707,6.4707,6.4707,6.4707,6.4707,6.4707,6.4707,6.4707,6.4707,6.4707,6.4707,6.4707,6.4707,6.4707,6.4707,6.4707,6.4707,6.4707,6.4707,6.4707,6.4707,6.4707,6.4707,6.4707,6.4707,6.4707,6.4707,6.4707,6.4707,6.4707,6.4707,6.4707,6.4707,6.4707,6.4707,6.4707,6.4707,6.4707,6.4707,6.4707,6.4707,6.4707,6.4707,6.4707,6.4707,6.4707,6.4707,6.4707,6.4707,6.4707,6.4707,6.4707,6.4707,6.4707,6.4707,6.4707,6.4707,6.4707,6.4707,6.4707,6.4707,6.4707,6.4707,6.4707,6.4707,6.4707,6.4707,6.4707,6.4707,6.4707,6.4707,6.4707,6.4707,6.4707,6.4707,6.4707,6.4707,6.4707,6.4707,6.4707,6.4707,6.4707,6.4707,6.4707,6.4707,6.4707,6.4707,6.4707,6.4707,6.4707,6.4707,6.4707,6.4707,6.4707,6.4707,6.4707,6.4707,6.4707,6.4707,6.4707,6.4707,6.4707,6.4707,6.4707,6.4707,6.4707,6.4707,6.4707,6.4707,6.4707,6.4707,6.4707,6.4707,6.4707,6.4707,6.4707,6.4707,6.4707,6.4707,6.4707,6.4707,6.4707,6.4707,6.4707,6.4707,6.4707,6.4707,6.4707,6.4707,6.4707,6.4707,6.4707,6.4707,6.4707,6.4707,6.4707,6.4707,6.4707,6.4707,6.4707,6.4707,6.4707,6.4707,6.4707,6.4707,6.4707,6.4707,6.4707,6.4707,6.4707,6.4707,6.4707,6.4707,6.4707,6.4707,6.4707,6.4707,6.4707,6.4707,6.4707,6.4707,6.4707,6.4707,6.4707,6.4707,6.4707,6.4707,6.4707,6.4707,6.4707,6.4707,6.4707,6.4707,6.4707,6.4707,6.4707,6.4707,6.4707,6.4707,6.4707,6.4707,6.4707,6.4707,6.4707,6.4707,6.4707,6.4707,6.4707,6.4707,6.4707,6.4707,6.4707,6.4707,6.4707,6.4707,6.4707,6.4707,6.4707,6.4707,6.4707,6.4707,6.4707,6.4707,6.4707,6.4707,6.4707,6.4707,6.4707,6.4707,6.4707,6.4707,6.4707,6.4707,6.4707,6.4707,6.4707,6.4707,6.4707,6.4707,6.4707,6.4707,6.4707,6.4707,6.4707,6.4707,6.4707,6.4707,6.4707,6.4707,6.4707,6.4707,6.4707,6.4707,6.4707,6.4707,6.4707,6.4707,6.4707,6.4707,6.4707,6.4707,6.4707,6.4707,6.4707,6.4707,6.4707,6.4707,6.4707,6.4707,6.4707,6.4707,6.4707,6.4707,6.4707,6.4707,6.4707,6.4707,6.4707,6.4707,6.4707,6.4707,6.4707,6.4707,6.4707,6.4707,6.4707,6.4707,6.4707,6.4707,6.4707,6.4707,6.4707,6.4707,6.4707,6.4707,6.4707,6.4707,6.4707,6.4707,6.4707,6.4707,6.4707,6.4707,6.4707,6.4707,6.4707,6.4707,6.4707,6.4707,6.4707,6.4707,6.4707,6.4707,6.4707,6.4707,6.4707,6.4707,6.4707,6.4707,6.4707,6.4707,6.4707,6.4707,6.4707,6.4707,6.4707,6.4707,6.4707,6.4707,6.4707,6.4707,6.4707,6.4707,6.4707,6.4707,6.4707,6.4707,6.4707,6.4707,6.4707,6.4707,6.4707,6.4707,6.4707,6.4707,6.4707,6.4707,6.4707,6.4707,6.4707,6.4707,6.4707,6.4707,6.4707,6.4707,6.4707,6.4707,6.4707,6.4707,6.4707,6.4707,6.4707,6.4707,6.4707,6.4707,6.4707,6.4707,6.4707,6.4707,6.4707,6.4707,6.4707,6.4707,6.4707,6.4707,6.4707,6.4707,6.4707,6.4707
6.4659,6.4659,6.4659,6.4659,6.4659,6.4659,6.4659,6.4659,6.4659,6.4659,6.4659,6.4659,6.4659,6.4659,6.4659,6.4659,6.4659,6.4659,6.4659,6.4659,6.4659,6.4659,6.4659,6.4659,6.4659,6.4659,6.4659,6.4659,6.4659,6.4659,6.4659,6.4659,6.4659,6.4659,6.4659,6.4659,6.4659,6.4659,6.4659,6.4659,6.4659,6.4659,6.4659,6.4659,6.4659,6.4659,6.4659,6.4659,6.4659,6.4659,6.4659,6.4659,6.4659,6.4659,6.4659,6.4659,6.4659,6.4659,6.4659,6.4659,6.4659,6.4659,6.4659,6.4659,6.4659,6.4659,6.4659,6.4659,6.4659,6.4659,6.4659,6.4659,6.4659,6.4659,6.4659,6.4659,6.4659,6.4659,6.4659,6.4659,6.4659,6.4659,6.4659,6.4659,6.4659,6.4659,6.4659,6.4659,6.4659,6.4659,6.4659,6.4659,6.4659,6.4659,6.4659,6.4659,6.4659,6.4659,6.4659,6.4659,6.4659,6.4659,6.4659,6.4659,6.4659,6.4659,6.4659,6.4659,6.4659,6.4659,6.4659,6.4659,6.4659,6.4659,6.4659,6.4659,6.4659,6.4659,6.4659,6.4659,6.4659,6.4659,6.4659,6.4659,6.4659,6.4659,6.4659,6.4659,6.4659,6.4659,6.4659,6.4659,6.4659,6.4659,6.4659,6.4659,6.4659,6.4659,6.4659,6.4659,6.4659,6.4659,6.4659,6.4659,6.4659,6.4659,6.4659,6.4659,6.4659,6.4659,6.4659,6.4659,6.4659,6.4659,6.4659,6.4659,6.4659,6.4659,6.4659,6.4659,6.4659,6.4659,6.4659,6.4659,6.4659,6.4659,6.4659,6.4659,6.4659,6.4659,6.4659,6.4659,6.4659,6.4659,6.4659,6.4659,6.4659,6.4659,6.4659,6.4659,6.4659,6.4659,6.4659,6.4659,6.4659,6.4659,6.4659,6.4659,6.4659,6.4659,6.4659,6.4659,6.4659,6.4659,6.4659,6.4659,6.4659,6.4659,6.4659,6.4659,6.4659,6.4659,6.4659,6.4659,6.4659,6.4659,6.4659,6.4659,6.4659,6.4659,6.4659,6.4659,6.4659,6.4659,6.4659,6.4659,6.4659,6.4659,6.4659,6.4659,6.4659,6.4659,6.4659,6.4659,6.4659,6.4659,6.4659,6.4659,6.4659,6.4659,6.4659,6.4659,6.4659,6.4659,6.4659,6.4659,6.4659,6.4659,6.4659,6.4659,6.4659,6.4659,6.4659,6.4659,6.4659,6.4659,6.4659,6.4659,6.4659,6.4659,6.4659,6.4659,6.4659,6.4659,6.4659,6.4659,6.4659,6.4659,6.4659,6.4659,6.4659,6.4659,6.4659,6.4659,6.4659,6.4659,6.4659,6.4659,6.4659,6.4659,6.4659,6.4659,6.4659,6.4659,6.4659,6.4659,6.4659,6.4659,6.4659,6.4659,6.4659,6.4659,6.4659,6.4659,6.4659,6.4659,6.4659,6.4659,6.4659,6.4659,6.4659,6.4659,6.4659,6.4659,6.4659,6.4659,6.4659,6.4659,6.4659,6.4659,6.4659,6.4659,6.4659,6.4659,6.4659,6.4659,6.4659,6.4659,6.4659,6.4659,6.4659,6.4659,6.4659,6.4659,6.4659,6.4659,6.4659,6.4659,6.4659,6.4659,6.4659,6.4659,6.4659,6.4659,6.4659,6.4659,6.4659,6.4659,6.4659,6.4659,6.4659,6.4659,6.4659,6.4659,6.4659,6.4659,6.4659,6.4659,6.4659,6.4659,6.4659,6.4659,6.4659,6.4659,6.4659,6.4659,6.4659,6.4659,6.4659,6.4659,6.4659,6.4659,6.4659,6.4659,6.4659,6.4659,6.4659,6.4659,6.4659,6.4659,6.4659,6.4659,6.4659,6.4659,6.4659,6.4659,6.4659,6.4659,6.4659,6.4659,6.4659,6.4659,6.4659,6.4659,6.4659,6.4659,6.4659,6.4659,6.4659,6.4659,6.4659,6.4659,6.4659,6.4659,6.4659,6.4659,6.4659,6.4659,6.4659,6.4659,6.4659,6.4659,6.4659,6.4659,6.4659,6.4659,6.4659,6.4659,6.4659,6.4659,6.4659,6.4659,6.4659,6.4659,6.4659,6.4659,6.4659,6.4659,6.4659,6.4659,6.4659,6.4659,6.4659,6.4659,6.4659,6.4659,6.4659,6.4659,6.4659,6.4659,6.4659,6.4659,6.4659,6.4659,6.4659,6.4659,6.4659,6.4659,6.4659,6.4659,6.4659,6.4659,6.4659,6.4659,6.4659,6.4659,6.4659,6.4659,6.4659,6.4659,6.4659,6.4659,6.4659,6.4659,6.4659,6.4659,6.4659,6.4659,6.4659,6.4659,6.4659,6.4659,6.4659,6.4659,6.4659,6.4659,6.4659,6.4659,6.4659,6.4659,6.4659,6.4659,6.4659,6.4659,6.4659,6.4659,6.4659,6.4659,6.4659,6.4659,6.4659,6.4659,6.4659,6.4659,6.4659,6.4659,6.4659,6.4659,6.4659,6.4659,6.4659,6.4659,6.4659,6.4659,6.4659,6.4659,6.4659,6.4659,6.4659,6.4659,6.4659,6.4659,6.4659,6.4659,6.4659,6.4659,6.4659,6.4659,6.4659,6.4659,6.4659,6.4659,6.4659,6.4659,6.4659,6.4659,6.4659,6.4659,6.4659,6.4659,6.4659,6.4659,6.4659,6.4659,6.4659,6.4659,6.4659,6.4659,6.4659,6.4659,6.4659,6.4659,6.4659,6.4659,6.4659,6.4659,6.4659,6.4659,6.4659,6.4659,6.4659,6.4659,6.4659,6.4659,6.4659,6.4659,6.4659,6.4659,6.4659,6.4659,6.4659,6.4659,6.4659,6.4659,6.4659,6.4659,6.4659,6.4659,6.4659,6.4659,6.4659,6.4659,6.4659,6.4659,6.4659,6.4659,6.4659,6.4659,6.4659,6.4659,6.4659,6.4659,6.4659,6.4659,6.4659,6.4659,6.4659,6.4659,6.4659,6.4659,6.4659,6.4659,6.4659,6.4659,6.4659,6.4659,6.4659,6.4659,6.4659,6.4659,6.4659,6.4659,6.4659,6.4659,6.4659,6.4659,6.4659,6.4659,6.4659,6.4659,6.4659,6.4659,6.4659,6.4659,6.4659,6.4659,6.4659,6.4659,6.4659,6.4659,6.4659,6.4659,6.4659,6.4659,6.4659,6.4659,6.4659,6.4659,6.4659,6.4659,6.4659,6.4659,6.4659,6.4659,6.4659,6.4659,6.4659,6.4659,6.4659,6.4659,6.4659,6.4659,6.4659,6.4659,6.4659,6.4659,6.4659,6.4659,6.4659,6.4659,6.4659,6.4659,6.4659,6.4659,6.4659,6.4659,6.4659,6.4659,6.4659,6.4659,6.4659,6.4659,6.4659,6.4659,6.4659,6.4659,6.4659,6.4659,6.4659,6.4659,6.4659,6.4659,6.4659,6.4659,6.4659,6.4659,6.4659,6.4659,6.4659,6.4659,6.4659,6.4659,6.4659,6.4659,6.4659,6.4659,6.4659,6.4659,6.4659,6.4659,6.4659,6.4659,6.4659,6.4659,6.4659,6.4659,6.4659,6.4659,6.4659,6.4659,6.4659,6.4659,6.4659,6.4659,6.4659,6.4659,6.4659,6.4659,6.4659,6.4659,6.4659,6.4659,6.4659,6.4659,6.4659,6.4659,6.4659,6.4659,6.4659,6.4659,6.4659,6.4659,6.4659,6.4659,6.4659,6.4659,6.4659,6.4659,6.4659,6.4659,6.4659,6.4659,6.4659,6.4659,6.4659,6.4659,6.4659,6.4659,6.4659,6.4659,6.4659,6.4659,6.4659,6.4659,6.4659,6.4659,6.4659,6.4659,6.4659,6.4659,6.4659,6.4659,6.4659,6.4659,6.4659,6.4659,6.4659,6.4659,6.4659,6.4659,6.4659,6.4659,6.4659,6.4659,6.4659,6.4659,6.4659,6.4659,6.4659,6.4659,6.4659,6.4659,6.4659,6.4659,6.4659,6.4659,6.4659,6.4659,6.4659,6.4659,6.4659,6.4659,6.4659,6.4659,6.4659,6.4659,6.4659,6.4659,6.4659,6.4659,6.4659,6.4659,6.4659,6.4659,6.4659,6.4659,6.4659,6.4654,6.4654,6.4654,6.4654,6.4654,6.4654,6.4654,6.4654,6.4654,6.4654,6.4654,6.4654,6.4654,6.4654,6.4654,6.4654,6.4654,6.4654,6.4654,6.4654,6.4654,6.4654,6.4654,6.4654,6.4654,6.4654,6.4654,6.4654,6.4654,6.4654,6.4654,6.4654,6.4654,6.4654,6.4654,6.4654,6.4654,6.4654,6.4654,6.4654,6.4654,6.4654,6.4654,6.4654,6.4654,6.4654,6.4654,6.4654,6.4654,6.4654,6.4654,6.4654,6.4654,6.4654,6.4654,6.4654,6.4654,6.4654,6.4654,6.4654,6.4654,6.4654,6.4654,6.4654,6.4654,6.4654,6.4654,6.4654,6.4654,6.4654,6.4654,6.4654,6.4654,6.4654,6.4654,6.4654,6.4654,6.4654,6.4654,6.4654,6.4654,6.4654,6.4654,6.4654,6.4654,6.4654,6.4654,6.4654,6.4654,6.4654,6.4654,6.4654,6.4654,6.4654,6.4654,6.4654,6.4654,6.4654,6.4654,6.4654,6.4654,6.4654,6.4654,6.4654,6.4654,6.4654,6.4654,6.4654,6.4654,6.4654,6.4654,6.4654,6.4654,6.4654,6.4654,6.4654,6.4654,6.4654,6.4654,6.4654,6.4654,6.4654,6.4654,6.4654,6.4654,6.4654,6.4654,6.4654,6.4654,6.4654,6.4654,6.4654,6.4654,6.4654,6.4654,6.4654,6.4654,6.4654,6.4654,6.4654,6.4654,6.4654,6.4654,6.4654,6.4654,6.4654,6.4654,6.4654,6.4654,6.4654,6.4654,6.4654,6.4654,6.4654,6.4654,6.4654,6.4654,6.4654,6.4654,6.4654,6.4654,6.4654,6.4654,6.4654,6.4654,6.4654,6.4654,6.4654,6.4654,6.4654,6.4654,6.4654,6.4654,6.4654,6.4654,6.4654,6.4654,6.4654,6.4654,6.4654,6.4654,6.4654,6.4654
6.4607,6.4607,6.4607,6.4607,6.4607,6.4607,6.4607,6.4607,6.4607,6.4607,6.4607,6.4607,6.4607,6.4607,6.4607,6.4607,6.4607,6.4607,6.4607,6.4607,6.4607,6.4607,6.4607,6.4607,6.4607,6.4607,6.4607,6.4607,6.4607,6.4607,6.4607,6.4607,6.4607,6.4607,6.4607,6.4607,6.4607,6.4607,6.4607,6.4607,6.4607,6.4607,6.4607,6.4607,6.4607,6.4607,6.4607,6.4607,6.4607,6.4607,6.4607,6.4607,6.4607,6.4607,6.4607,6.4607,6.4607,6.4607,6.4607,6.4607,6.4607,6.4607,6.4607,6.4607,6.4607,6.4607,6.4607,6.4607,6.4607,6.4607,6.4607,6.4607,6.4607,6.4607,6.4607,6.4607,6.4607,6.4607,6.4607,6.4607,6.4607,6.4607,6.4607,6.4607,6.4607,6.4607,6.4607,6.4607,6.4607,6.4607,6.4607,6.4607,6.4607,6.4607,6.4607,6.4607,6.4607,6.4607,6.4607,6.4607,6.4607,6.4607,6.4607,6.4607,6.4607,6.4607,6.4607,6.4607,6.4607,6.4607,6.4607,6.4607,6.4607,6.4607,6.4607,6.4607,6.4607,6.4607,6.4607,6.4607,6.4607,6.4607,6.4607,6.4607,6.4607,6.4607,6.4607,6.4607,6.4607,6.4607,6.4607,6.4607,6.4607,6.4607,6.4607,6.4607,6.4607,6.4607,6.4607,6.4607,6.4607,6.4607,6.4607,6.4607,6.4607,6.4607,6.4607,6.4607,6.4607,6.4607,6.4607,6.4607,6.4607,6.4607,6.4607,6.4607,6.4607,6.4607,6.4607,6.4607,6.4607,6.4607,6.4607,6.4607,6.4607,6.4607,6.4607,6.4607,6.4607,6.4607,6.4607,6.4607,6.4607,6.4607,6.4607,6.4607,6.4607,6.4607,6.4607,6.4607,6.4607,6.4607,6.4607,6.4607,6.4607,6.4607,6.4607,6.4607,6.4607,6.4607,6.4607,6.4607,6.4607,6.4607,6.4607,6.4607,6.4607,6.4607,6.4607,6.4607,6.4607,6.4607,6.4607,6.4607,6.4607,6.4607,6.4607,6.4607,6.4607,6.4607,6.4607,6.4607,6.4607,6.4607,6.4607,6.4607,6.4607,6.4607,6.4607,6.4607,6.4607,6.4607,6.4607,6.4607,6.4607,6.4607,6.4607,6.4607,6.4607,6.4607,6.4607,6.4607,6.4607,6.4607,6.4607,6.4607,6.4607,6.4607,6.4607,6.4607,6.4607,6.4607,6.4607,6.4607,6.4607,6.4607,6.4607,6.4607,6.4607,6.4607,6.4607,6.4607,6.4607,6.4607,6.4607,6.4607,6.4607,6.4607,6.4607,6.4607,6.4607,6.4607,6.4607,6.4607,6.4607,6.4607,6.4607,6.4607,6.4607,6.4607,6.4607,6.4607,6.4607,6.4607,6.4607,6.4607,6.4607,6.4607,6.4607,6.4607,6.4607,6.4607,6.4607,6.4607,6.4607,6.4607,6.4607,6.4607,6.4607,6.4607,6.4607,6.4607,6.4607,6.4607,6.4607,6.4607,6.4607,6.4607,6.4607,6.4607,6.4607,6.4607,6.4607,6.4607,6.4607,6.4607,6.4607,6.4607,6.4607,6.4607,6.4607,6.4607,6.4607,6.4607,6.4607,6.4607,6.4607,6.4607,6.4607,6.4607,6.4607,6.4607,6.4607,6.4607,6.4607,6.4607,6.4607,6.4607,6.4607,6.4607,6.4607,6.4607,6.4607,6.4607,6.4607,6.4607,6.4607,6.4607,6.4607,6.4607,6.4607,6.4607,6.4607,6.4607,6.4607,6.4607,6.4607,6.4607,6.4607,6.4607,6.4607,6.4607,6.4607,6.4607,6.4607,6.4607,6.4607,6.4607,6.4607,6.4607,6.4607,6.4607,6.4607,6.4607,6.4607,6.4607,6.4607,6.4607,6.4607,6.4607,6.4607,6.4607,6.4607,6.4607,6.4607,6.4607,6.4607,6.4607,6.4607,6.4607,6.4607,6.4607,6.4607,6.4607,6.4607,6.4607,6.4607,6.4607,6.4607,6.4607,6.4607,6.4607,6.4607,6.4607,6.4607,6.4607,6.4607,6.4607,6.4607,6.4607,6.4607,6.4607,6.4607,6.4607,6.4607,6.4607,6.4607,6.4607,6.4607,6.4607,6.4607,6.4607,6.4607,6.4607,6.4607,6.4607,6.4607,6.4607,6.4607,6.4607,6.4607,6.4607,6.4607,6.4607,6.4607,6.4607,6.4607,6.4607,6.4607,6.4607,6.4607,6.4607,6.4607,6.4607,6.4607,6.4607,6.4607,6.4607,6.4607,6.4607,6.4607,6.4607,6.4607,6.4607,6.4607,6.4607,6.4607,6.4607,6.4607,6.4607,6.4607,6.4607,6.4607,6.4607,6.4607,6.4607,6.4607,6.4607,6.4607,6.4607,6.4607,6.4607,6.4607,6.4607,6.4607,6.4607,6.4607,6.4607,6.4607,6.4607,6.4607,6.4607,6.4607,6.4607,6.4607,6.4607,6.4607,6.4607,6.4607,6.4607,6.4607,6.4607,6.4607,6.4607,6.4607,6.4607,6.4607,6.4607,6.4607,6.4607,6.4607,6.4607,6.4607,6.4607,6.4607,6.4607,6.4607,6.4607,6.4607,6.4607,6.4607,6.4607,6.4607,6.4607,6.4607,6.4607,6.4607,6.4607,6.4607,6.4607,6.4607,6.4607,6.4607,6.4607,6.4607,6.4607,6.4607,6.4607,6.4607,6.4607,6.4607,6.4607,6.4607,6.4607,6.4607,6.4607,6.4607,6.4607,6.4607,6.4607,6.4607,6.4607,6.4607,6.4607,6.4607,6.4607,6.4607,6.4607,6.4607,6.4607,6.4607,6.4607,6.4607,6.4607,6.4607,6.4607,6.4607,6.4607,6.4607,6.4607,6.4607,6.4607,6.4607,6.4607,6.4607,6.4607,6.4607,6.4607,6.4607,6.4607,6.4607,6.4607,6.4607,6.4607,6.4607,6.4607,6.4607,6.4607,6.4607,6.4607,6.4607,6.4607,6.4607,6.4607,6.4607,6.4607,6.4607,6.4607,6.4607,6.4607,6.4607,6.4607,6.4607,6.4607,6.4607,6.4607,6.4607,6.4607,6.4607,6.4607,6.4607,6.4607,6.4607,6.4607,6.4607,6.4607,6.4607,6.4607,6.4607,6.4607,6.4607,6.4607,6.4607,6.4607,6.4607,6.4607,6.4607,6.4607,6.4607,6.4607,6.4607,6.4607,6.4607,6.4607,6.4607,6.4607,6.4607,6.4607,6.4607,6.4607,6.4607,6.4607,6.4607,6.4607,6.4607,6.4607,6.4607,6.4607,6.4607,6.4607,6.4607,6.4607,6.4607,6.4612,6.4612,6.4612,6.4612,6.4612,6.4612,6.4612,6.4612,6.4612,6.4612,6.4612,6.4612,6.4612,6.4612,6.4612,6.4612,6.4612,6.4612,6.4612,6.4612,6.4612,6.4612,6.4612,6.4612,6.4612,6.4612,6.4612,6.4612,6.4612,6.4612,6.4612,6.4612,6.4612,6.4612,6.4612,6.4612,6.4612,6.4612,6.4612,6.4612,6.4612,6.4612,6.4612,6.4612,6.4612,6.4612,6.4612,6.4612,6.4612,6.4612,6.4612,6.4612,6.4612,6.4612,6.4612,6.4612,6.4612,6.4612,6.4612,6.4612,6.4612,6.4612,6.4612,6.4612,6.4612,6.4612,6.4612,6.4612,6.4612,6.4612,6.4612,6.4612,6.4612,6.4612,6.4612,6.4612,6.4612,6.4612,6.4612,6.4612,6.4612,6.4612,6.4612,6.4612,6.4612,6.4612,6.4612,6.4612,6.4612,6.4612,6.4612,6.4612,6.4612,6.4612,6.4612,6.4612,6.4612,6.4612,6.4612,6.4612,6.4612,6.4612,6.4612,6.4612,6.4612,6.4612,6.4612,6.4612,6.4612,6.4612,6.4612,6.4612,6.4612,6.4612,6.4612,6.4612,6.4612,6.4612,6.4612,6.4612,6.4612,6.4612,6.4612,6.4612,6.4612,6.4612,6.4612,6.4612,6.4612,6.4612,6.4612,6.4612,6.4612,6.4612,6.4612,6.4612,6.4612,6.4612,6.4612,6.4612,6.4612,6.4612,6.4612,6.4612,6.4612,6.4612,6.4612,6.4612,6.4612,6.4612,6.4612,6.4612,6.4612,6.4612,6.4612,6.4612,6.4612,6.4612,6.4612,6.4612,6.4612,6.4612,6.4612,6.4612,6.4612,6.4612,6.4612,6.4612,6.4612,6.4612,6.4612,6.4612,6.4612,6.4612,6.4612,6.4612,6.4612,6.4612,6.4612,6.4612,6.4612,6.4612,6.4612,6.4612,6.4612,6.4612,6.4612,6.4612,6.4612,6.4612,6.4612,6.4612,6.4612,6.4612,6.4612,6.4612,6.4612,6.4612,6.4612,6.4612,6.4612,6.4612,6.4612,6.4612,6.4612,6.4612,6.4612,6.4612,6.4612,6.4612,6.4612,6.4612,6.4612,6.4612,6.4612,6.4612,6.4612,6.4612,6.4612,6.4612,6.4612,6.4612,6.4612,6.4612,6.4612,6.4612,6.4612,6.4612,6.4612,6.4612,6.4612,6.4612,6.4612,6.4612,6.4612,6.4612,6.4612,6.4612,6.4612,6.4612,6.4612,6.4612,6.4612,6.4612,6.4612,6.4612,6.4612,6.4612,6.4612,6.4612,6.4612,6.4612,6.4612,6.4612,6.4612,6.4612,6.4612,6.4612,6.4612,6.4612,6.4612,6.4612,6.4612,6.4612,6.4612,6.4612,6.4612,6.4612,6.4612,6.4612,6.4612,6.4612,6.4612,6.4612,6.4612,6.4612,6.4612,6.4612,6.4612,6.4612,6.4612,6.4612,6.4612,6.4612,6.4612,6.4612,6.4612,6.4612,6.4612,6.4612,6.4612,6.4612,6.4612,6.4612,6.4612,6.4612,6.4612,6.4612,6.4612,6.4612,6.4612,6.4612,6.4612,6.4612,6.4612,6.4612,6.4612,6.4612,6.4612,6.4612,6.4612,6.4612,6.4612,6.4612,6.4612,6.4612,6.4612,6.4612,6.4612,6.4612,6.4612,6.4612,6.4612,6.4612,6.4612,6.4612,6.4612
6.4565,6.4565,6.4565,6.4565,6.4565,6.4565,6.4565,6.4565,6.4565,6.4565,6.4565,6.4565,6.4565,6.4565,6.4565,6.4565,6.4565,6.4565,6.4565,6.4565,6.4565,6.4565,6.4565,6.4565,6.4565,6.4565,6.4565,6.4565,6.4565,6.4565,6.4565,6.4565,6.4565,6.4565,6.4565,6.4565,6.4565,6.4565,6.4565,6.4565,6.4565,6.4565,6.4565,6.4565,6.4565,6.4565,6.4565,6.4565,6.4565,6.4565,6.4565,6.4565,6.4565,6.4565,6.4565,6.4565,6.4565,6.4565,6.4565,6.4565,6.4565,6.4565,6.4565,6.4565,6.4565,6.4565,6.4565,6.4565,6.4565,6.4565,6.4565,6.4565,6.4565,6.4565,6.4565,6.4565,6.4565,6.4565,6.4565,6.4565,6.4565,6.4565,6.4565,6.4565,6.4565,6.4565,6.4565,6.4565,6.4565,6.4565,6.4565,6.4565,6.4565,6.4565,6.4565,6.4565,6.4565,6.4565,6.4565,6.4565,6.4565,6.4565,6.4565,6.4565,6.4565,6.4565,6.4565,6.4565,6.4565,6.4565,6.4565,6.4565,6.4565,6.4565,6.4565,6.4565,6.4565,6.4565,6.4565,6.4565,6.4565,6.4565,6.4565,6.4565,6.4565,6.4565,6.4565,6.4565,6.4565,6.4565,6.4565,6.4565,6.4565,6.4565,6.4565,6.4565,6.4565,6.4565,6.4565,6.4565,6.4565,6.4565,6.4565,6.4565,6.4565,6.4565,6.4565,6.4565,6.4565,6.4565,6.4565,6.4565,6.4565,6.4565,6.4565,6.4565,6.4565,6.4565,6.4565,6.4565,6.4565,6.4565,6.4565,6.4565,6.4565,6.4565,6.4565,6.4565,6.4565,6.4565,6.4565,6.4565,6.4565,6.4565,6.4565,6.4565,6.4565,6.4565,6.4565,6.4565,6.4565,6.4565,6.4565,6.4565,6.4565,6.4565,6.4565,6.4565,6.4565,6.4565,6.4565,6.4565,6.4565,6.4565,6.4565,6.4565,6.4565,6.4565,6.4565,6.4565,6.4565,6.4565,6.4565,6.4565,6.4565,6.4565,6.4565,6.4565,6.4565,6.4565,6.4565,6.4565,6.4565,6.4565,6.4565,6.4565,6.4565,6.4565,6.4565,6.4565,6.4565,6.4565,6.4565,6.4565,6.4565,6.4565,6.4565,6.4565,6.4565,6.4565,6.4565,6.4565,6.4565,6.4565,6.4565,6.4565,6.4565,6.4565,6.4565,6.4565,6.4565,6.4565,6.4565,6.4565,6.4565,6.4565,6.4565,6.4565,6.4565,6.4565,6.4565,6.4565,6.4565,6.4565,6.4565,6.4565,6.4565,6.4565,6.4565,6.4565,6.4565,6.4565,6.4565,6.4565,6.4565,6.4565,6.4565,6.4565,6.4565,6.4565,6.4565,6.4565,6.4565,6.4565,6.4565,6.4565,6.4565,6.4565,6.4565,6.4565,6.4565,6.4565,6.4565,6.4565,6.4565,6.4565,6.4565,6.4565,6.4565,6.4565,6.4565,6.4565,6.4565,6.4565,6.4565,6.4565,6.4565,6.4565,6.4565,6.4565,6.4565,6.4565,6.4565,6.4565,6.4565,6.4565,6.4565,6.4565,6.4565,6.4565,6.4565,6.4565,6.4565,6.4565,6.4565,6.4565,6.4565,6.4565,6.4565,6.4565,6.4565,6.4565,6.4565,6.4565,6.4565,6.4565,6.4565,6.4565,6.4565,6.4565,6.4565,6.4565,6.4565,6.4565,6.4565,6.4565,6.4565,6.4565,6.4565,6.4565,6.4565,6.4565,6.4565,6.4565,6.4565,6.4565,6.4565,6.4565,6.4565,6.4565,6.4565,6.4565,6.4565,6.4565,6.4565,6.4565,6.4565,6.4565,6.4565,6.4565,6.4565,6.4565,6.4565,6.4565,6.4565,6.4565,6.4565,6.4565,6.4565,6.4565,6.4565,6.4565,6.4565,6.4565,6.4565,6.4565,6.4565,6.4565,6.4565,6.4565,6.4565,6.4565,6.4565,6.4565,6.4565,6.4565,6.4565,6.4565,6.4565,6.4565,6.4565,6.4565,6.4565,6.4565,6.4565,6.4565,6.4565,6.4565,6.4565,6.4565,6.4565,6.4565,6.4565,6.4565,6.4565,6.4565,6.4565,6.4565,6.4565,6.4565,6.4565,6.4565,6.4565,6.4565,6.4565,6.4565,6.4565,6.4565,6.4565,6.4565,6.4565,6.4565,6.4565,6.4565,6.4565,6.4565,6.4565,6.4565,6.4565,6.4565,6.4565,6.4565,6.4565,6.4565,6.4565,6.4565,6.4565,6.4565,6.4565,6.4565,6.4565,6.4565,6.4565,6.4565,6.4565,6.4565,6.4565,6.4565,6.4565,6.4565,6.4565,6.4565,6.4565,6.4565,6.4565,6.4565,6.4565,6.4565,6.4565,6.4565,6.4565,6.4565,6.4565,6.4565,6.4565,6.4565,6.4565,6.4565,6.4565,6.4565,6.4565,6.4565,6.4565,6.4565,6.4565,6.4565,6.4565,6.4565,6.4565,6.4565,6.4565,6.4565,6.4565,6.4565,6.4565,6.4565,6.4565,6.4565,6.4565,6.4565,6.4565,6.4565,6.4565,6.4565,6.4565,6.4565,6.4565,6.4565,6.4565,6.4565,6.4565,6.4565,6.4565,6.4565,6.4565,6.4565,6.4565,6.4565,6.4565,6.4565,6.4565,6.4565,6.4565,6.4565,6.4565,6.4565,6.4565,6.4565,6.4565,6.4565,6.4565,6.4565,6.4565,6.4565,6.4565,6.4565,6.4565,6.4565,6.4565,6.4565,6.4565,6.4565,6.4565,6.4565,6.4565,6.4565,6.4565,6.4565,6.4565,6.4565,6.4565,6.4565,6.4565,6.4565,6.4565,6.4565,6.4565,6.4565,6.4565,6.4565,6.4565,6.4565,6.4565,6.4565,6.4565,6.4565,6.4565,6.4565,6.4565,6.4565,6.4565,6.4565,6.4565,6.4565,6.4565,6.4565,6.4565,6.4565,6.4565,6.4565,6.4565,6.4565,6.4565,6.4565,6.4565,6.4565,6.4565,6.4565,6.4565,6.4565,6.4565,6.4565,6.4565,6.4565,6.4565,6.4565,6.4565,6.4565,6.4565,6.4565,6.4565,6.4565,6.4565,6.4565,6.4565,6.4565,6.4565,6.4565,6.4565,6.4565,6.4565,6.4565,6.4560,6.4560,6.4560,6.4560,6.4560,6.4560,6.4560,6.4560,6.4560,6.4560,6.4560,6.4560,6.4560,6.4560,6.4560,6.4560,6.4560,6.4560,6.4560,6.4560,6.4560,6.4560,6.4560,6.4560,6.4560,6.4560,6.4560,6.4560,6.4560,6.4560,6.4560,6.4560,6.4560,6.4560,6.4560,6.4560,6.4560,6.4560,6.4560,6.4560,6.4560,6.4560,6.4560,6.4560,6.4560,6.4560,6.4560,6.4560,6.4560,6.4560,6.4560,6.4560,6.4560,6.4560,6.4560,6.4560,6.4560,6.4560,6.4560,6.4560,6.4560,6.4560,6.4560,6.4560,6.4560,6.4560,6.4560,6.4560,6.4560,6.4560,6.4560,6.4560,6.4560,6.4560,6.4560,6.4560,6.4560,6.4560,6.4560,6.4560,6.4560,6.4560,6.4560,6.4560,6.4560,6.4560,6.4560,6.4560,6.4560,6.4560,6.4560,6.4560,6.4560,6.4560,6.4560,6.4560,6.4560,6.4560,6.4560,6.4560,6.4560,6.4560,6.4560,6.4560,6.4560,6.4560,6.4560,6.4560,6.4560,6.4560,6.4560,6.4560,6.4560,6.4560,6.4560,6.4560,6.4560,6.4560,6.4560,6.4560,6.4560,6.4560,6.4560,6.4560,6.4560,6.4560,6.4560,6.4560,6.4560,6.4560,6.4560,6.4560,6.4560,6.4560,6.4560,6.4560,6.4560,6.4560,6.4560,6.4560,6.4560,6.4560,6.4560,6.4560,6.4560,6.4560,6.4560,6.4560,6.4560,6.4560,6.4560,6.4560,6.4560,6.4560,6.4560,6.4560,6.4560,6.4560,6.4560,6.4560,6.4560,6.4560,6.4560,6.4560,6.4560,6.4560,6.4560,6.4560,6.4560,6.4560,6.4560,6.4560,6.4560,6.4560,6.4560,6.4560,6.4560,6.4560,6.4560,6.4560,6.4560,6.4560,6.4560,6.4560,6.4560,6.4560,6.4560,6.4560,6.4560,6.4560,6.4560,6.4560,6.4560,6.4560,6.4560,6.4560,6.4560,6.4560,6.4560,6.4560,6.4560,6.4560,6.4560,6.4560,6.4560,6.4560,6.4560,6.4560,6.4560,6.4560,6.4560,6.4560,6.4560,6.4560,6.4560,6.4560,6.4560,6.4560,6.4560,6.4560,6.4560,6.4560,6.4560,6.4560,6.4560,6.4560,6.4560,6.4560,6.4560,6.4560,6.4560,6.4560,6.4560,6.4560,6.4560,6.4560,6.4560,6.4560,6.4560,6.4560,6.4560,6.4560,6.4560,6.4560,6.4560,6.4560,6.4560,6.4560,6.4560,6.4560,6.4560,6.4560,6.4560,6.4560,6.4560,6.4560,6.4560,6.4560,6.4560,6.4560,6.4560,6.4560,6.4560,6.4560,6.4560,6.4560,6.4560,6.4560,6.4560,6.4560,6.4560,6.4560,6.4560,6.4560,6.4560,6.4560,6.4560,6.4560,6.4560,6.4560,6.4560,6.4560,6.4560,6.4560,6.4560,6.4560,6.4560,6.4560,6.4560,6.4560,6.4560,6.4560,6.4560,6.4560,6.4560,6.4560,6.4560,6.4560,6.4560,6.4560,6.4560,6.4560,6.4560,6.4560,6.4560,6.4560,6.4560,6.4560,6.4560,6.4560,6.4560,6.4560,6.4560,6.4560,6.4560,6.4560,6.4560,6.4560,6.4560,6.4560,6.4560,6.4560,6.4560,6.4560,6.4560,6.4560,6.4560,6.4560,6.4560,6.4560,6.4560,6.4560,6.4560,6.4560,6.4560,6.4560,6.4560,6.4560,6.4560,6.4560,6.4560,6.4560,6.4560,6.4560,6.4560,6.4560,6.4560,6.4560,6.4560,6.4560,6.4560,6.4560,6.4560,6.4560,6.4560,6.4560,6.4560,6.4560
6.4520,6.4520,6.4520,6.4520,6.4520,6.4520,6.4520,6.4520,6.4520,6.4520,6.4520,6.4520,6.4520,6.4520,6.4520,6.4520,6.4520,6.4520,6.4520,6.4520,6.4520,6.4520,6.4520,6.4520,6.4520,6.4520,6.4520,6.4520,6.4520,6.4520,6.4520,6.4520,6.4520,6.4520,6.4520,6.4520,6.4520,6.4520,6.4520,6.4520,6.4520,6.4520,6.4520,6.4520,6.4520,6.4520,6.4520,6.4520,6.4520,6.4520,6.4520,6.4520,6.4520,6.4520,6.4520,6.4520,6.4520,6.4520,6.4520,6.4520,6.4520,6.4520,6.4520,6.4520,6.4520,6.4520,6.4520,6.4520,6.4520,6.4520,6.4520,6.4520,6.4520,6.4520,6.4520,6.4520,6.4520,6.4520,6.4520,6.4520,6.4520,6.4520,6.4520,6.4520,6.4520,6.4520,6.4520,6.4520,6.4520,6.4520,6.4520,6.4520,6.4520,6.4520,6.4520,6.4520,6.4520,6.4520,6.4520,6.4520,6.4520,6.4520,6.4520,6.4520,6.4520,6.4520,6.4520,6.4520,6.4520,6.4520,6.4520,6.4520,6.4520,6.4520,6.4520,6.4520,6.4520,6.4520,6.4520,6.4520,6.4520,6.4520,6.4520,6.4520,6.4520,6.4520,6.4520,6.4520,6.4520,6.4520,6.4520,6.4520,6.4520,6.4520,6.4520,6.4520,6.4520,6.4520,6.4520,6.4520,6.4520,6.4520,6.4520,6.4520,6.4520,6.4520,6.4520,6.4520,6.4520,6.4520,6.4520,6.4520,6.4520,6.4520,6.4520,6.4520,6.4520,6.4520,6.4520,6.4520,6.4520,6.4520,6.4520,6.4520,6.4520,6.4520,6.4520,6.4520,6.4520,6.4520,6.4520,6.4520,6.4520,6.4520,6.4520,6.4520,6.4520,6.4520,6.4520,6.4520,6.4520,6.4520,6.4520,6.4520,6.4520,6.4520,6.4520,6.4520,6.4520,6.4520,6.4520,6.4520,6.4520,6.4520,6.4520,6.4520,6.4520,6.4520,6.4520,6.4520,6.4520,6.4520,6.4520,6.4520,6.4520,6.4520,6.4520,6.4520,6.4520,6.4520,6.4520,6.4520,6.4520,6.4520,6.4520,6.4520,6.4520,6.4520,6.4520,6.4520,6.4520,6.4520,6.4520,6.4520,6.4520,6.4520,6.4520,6.4520,6.4520,6.4520,6.4520,6.4520,6.4520,6.4520,6.4520,6.4520,6.4520,6.4520,6.4520,6.4520,6.4520,6.4520,6.4520,6.4520,6.4520,6.4520,6.4520,6.4520,6.4520,6.4520,6.4520,6.4520,6.4520,6.4520,6.4520,6.4520,6.4520,6.4520,6.4520,6.4520,6.4520,6.4520,6.4520,6.4520,6.4520,6.4520,6.4520,6.4520,6.4520,6.4520,6.4520,6.4520,6.4520,6.4520,6.4520,6.4520,6.4520,6.4520,6.4520,6.4520,6.4520,6.4520,6.4520,6.4520,6.4520,6.4520,6.4520,6.4520,6.4520,6.4520,6.4520,6.4520,6.4520,6.4520,6.4520,6.4520,6.4520,6.4520,6.4520,6.4520,6.4520,6.4520,6.4520,6.4520,6.4520,6.4520,6.4520,6.4520,6.4520,6.4520,6.4520,6.4520,6.4520,6.4520,6.4520,6.4520,6.4520,6.4520,6.4520,6.4520,6.4520,6.4520,6.4520,6.4520,6.4520,6.4520,6.4520,6.4520,6.4520,6.4520,6.4520,6.4520,6.4520,6.4520,6.4520,6.4520,6.4520,6.4520,6.4520,6.4520,6.4520,6.4520,6.4520,6.4520,6.4520,6.4520,6.4520,6.4520,6.4520,6.4520,6.4520,6.4520,6.4520,6.4520,6.4520,6.4520,6.4520,6.4520,6.4520,6.4520,6.4520,6.4520,6.4520,6.4520,6.4520,6.4520,6.4520,6.4520,6.4520,6.4520,6.4520,6.4520,6.4520,6.4520,6.4520,6.4520,6.4520,6.4520,6.4520,6.4520,6.4520,6.4520,6.4520,6.4520,6.4520,6.4520,6.4520,6.4520,6.4520,6.4520,6.4520,6.4520,6.4520,6.4520,6.4520,6.4520,6.4520,6.4520,6.4520,6.4520,6.4520,6.4520,6.4520,6.4520,6.4520,6.4520,6.4520,6.4520,6.4520,6.4520,6.4520,6.4520,6.4520,6.4520,6.4520,6.4520,6.4520,6.4520,6.4520,6.4520,6.4520,6.4520,6.4520,6.4520,6.4520,6.4520,6.4520,6.4520,6.4520,6.4520,6.4520,6.4520,6.4520,6.4520,6.4520,6.4520,6.4520,6.4520,6.4520,6.4520,6.4520,6.4520,6.4520,6.4520,6.4520,6.4520,6.4520,6.4520,6.4520,6.4520,6.4520,6.4520,6.4520,6.4520,6.4520,6.4520,6.4520,6.4520,6.4520,6.4520,6.4520,6.4520,6.4520,6.4520,6.4520,6.4520,6.4520,6.4520,6.4520,6.4520,6.4520,6.4520,6.4520,6.4520,6.4520,6.4520,6.4520,6.4520,6.4520,6.4520,6.4520,6.4520,6.4520,6.4520,6.4520,6.4520,6.4520,6.4520,6.4520,6.4520,6.4520,6.4520,6.4520,6.4520,6.4520,6.4520,6.4520,6.4520,6.4520,6.4520,6.4520,6.4520,6.4520,6.4520,6.4520,6.4520,6.4520,6.4520,6.4520,6.4520,6.4520,6.4520,6.4520,6.4520,6.4520,6.4520,6.4520,6.4520,6.4520,6.4520,6.4520,6.4520,6.4520,6.4520,6.4520,6.4520,6.4520,6.4520,6.4520,6.4520,6.4520,6.4520,6.4520,6.4520,6.4520,6.4520,6.4520,6.4520,6.4520,6.4520,6.4520,6.4520,6.4520,6.4520,6.4520,6.4520,6.4520,6.4520,6.4520,6.4520,6.4520,6.4520,6.4520,6.4520,6.4520,6.4520,6.4520,6.4520,6.4520,6.4520,6.4520,6.4520,6.4520,6.4520,6.4520,6.4520,6.4520,6.4520,6.4520,6.4520,6.4520,6.4520,6.4520,6.4520,6.4520,6.4520,6.4520,6.4520,6.4520,6.4520,6.4520,6.4520,6.4520,6.4520,6.4520,6.4520,6.4520,6.4520,6.4520,6.4520,6.4520,6.4520,6.4520,6.4520,6.4520,6.4520,6.4520,6.4520,6.4520,6.4520,6.4520,6.4520,6.4520,6.4520,6.4520,6.4520,6.4520,6.4520,6.4520,6.4520,6.4520,6.4520,6.4520,6.4520,6.4520,6.4520,6.4520,6.4520,6.4520,6.4520,6.4520,6.4520,6.4520,6.4520,6.4520,6.4520,6.4520,6.4520,6.4520,6.4520,6.4520,6.4520,6.4520,6.4520,6.4520,6.4520,6.4520,6.4520,6.4520,6.4520,6.4520,6.4520,6.4520,6.4520,6.4520,6.4520,6.4520,6.4520,6.4520,6.4520,6.4520,6.4520,6.4520,6.4520,6.4520,6.4520,6.4520,6.4520,6.4520,6.4520,6.4515,6.4515,6.4515,6.4515,6.4515,6.4515,6.4515,6.4515,6.4515,6.4515,6.4515,6.4515,6.4515,6.4515,6.4515,6.4515,6.4515,6.4515,6.4515,6.4515,6.4515,6.4515,6.4515,6.4515,6.4515,6.4515,6.4515,6.4515,6.4515,6.4515,6.4515,6.4515,6.4515,6.4515,6.4515,6.4515,6.4515,6.4515,6.4515,6.4515,6.4515,6.4515,6.4515,6.4515,6.4515,6.4515,6.4515,6.4515,6.4515,6.4515,6.4515,6.4515,6.4515,6.4515,6.4515,6.4515,6.4515,6.4515,6.4515,6.4515,6.4515,6.4515,6.4515,6.4515,6.4515,6.4515,6.4515,6.4515,6.4515,6.4515,6.4515,6.4515,6.4515,6.4515,6.4515,6.4515,6.4515,6.4515,6.4515,6.4515,6.4515,6.4515,6.4515,6.4515,6.4515,6.4515,6.4515,6.4515,6.4515,6.4515,6.4515,6.4515,6.4515,6.4515,6.4515,6.4515,6.4515,6.4515,6.4515,6.4515,6.4515,6.4515,6.4515,6.4515,6.4515,6.4515,6.4515,6.4515,6.4515,6.4515,6.4515,6.4515,6.4515,6.4515,6.4515,6.4515,6.4515,6.4515,6.4515,6.4515,6.4515,6.4515,6.4515,6.4515,6.4515,6.4515,6.4515,6.4515,6.4515,6.4515,6.4515,6.4515,6.4515,6.4515,6.4515,6.4515,6.4515,6.4515,6.4515,6.4515,6.4515,6.4515,6.4515,6.4515,6.4515,6.4515,6.4515,6.4515,6.4515,6.4515,6.4515,6.4515,6.4515,6.4515,6.4515,6.4515,6.4515,6.4515,6.4515,6.4515,6.4515,6.4515,6.4515,6.4515,6.4515,6.4515,6.4515,6.4515,6.4515,6.4515,6.4515,6.4515,6.4515,6.4515,6.4515,6.4515,6.4515,6.4515,6.4515,6.4515,6.4515,6.4515,6.4515,6.4515,6.4515,6.4515,6.4515,6.4515,6.4515,6.4515,6.4515,6.4515,6.4515,6.4515,6.4515,6.4515,6.4515,6.4515,6.4515,6.4515,6.4515,6.4515,6.4515,6.4515,6.4515,6.4515,6.4515,6.4515,6.4515,6.4515,6.4515,6.4515,6.4515,6.4515,6.4515,6.4515,6.4515,6.4515,6.4515,6.4515,6.4515,6.4515,6.4515,6.4515,6.4515,6.4515,6.4515,6.4515,6.4515,6.4515,6.4515,6.4515,6.4515,6.4515,6.4515,6.4515,6.4515,6.4515,6.4515,6.4515,6.4515,6.4515,6.4515,6.4515,6.4515,6.4515,6.4515,6.4515,6.4515,6.4515,6.4515,6.4515,6.4515,6.4515,6.4515,6.4515,6.4515,6.4515,6.4515,6.4515,6.4515,6.4515,6.4515,6.4515,6.4515,6.4515,6.4515,6.4515,6.4515,6.4515,6.4515,6.4515,6.4515,6.4515,6.4515,6.4515,6.4515,6.4515,6.4515,6.4515,6.4515,6.4515,6.4515,6.4515,6.4515,6.4515,6.4515,6.4515,6.4515,6.4515,6.4515,6.4515,6.4515,6.4515,6.4515,6.4515,6.4515,6.4515,6.4515,6.4515
6.4473,6.4473,6.4473,6.4473,6.4473,6.4473,6.4473,6.4473,6.4473,6.4473,6.4473,6.4473,6.4473,6.4473,6.4473,6.4473,6.4473,6.4473,6.4473,6.4473,6.4473,6.4473,6.4473,6.4473,6.4473,6.4473,6.4473,6.4473,6.4473,6.4473,6.4473,6.4473,6.4473,6.4473,6.4473,6.4473,6.4473,6.4473,6.4473,6.4473,6.4473,6.4473,6.4473,6.4473,6.4473,6.4473,6.4473,6.4473,6.4473,6.4473,6.4473,6.4473,6.4473,6.4473,6.4473,6.4473,6.4473,6.4473,6.4473,6.4473,6.4473,6.4473,6.4473,6.4473,6.4473,6.4473,6.4473,6.4473,6.4473,6.4473,6.4473,6.4473,6.4473,6.4473,6.4473,6.4473,6.4473,6.4473,6.4473,6.4473,6.4473,6.4473,6.4473,6.4473,6.4473,6.4473,6.4473,6.4473,6.4473,6.4473,6.4473,6.4473,6.4473,6.4473,6.4473,6.4473,6.4473,6.4473,6.4473,6.4473,6.4473,6.4473,6.4473,6.4473,6.4473,6.4473,6.4473,6.4473,6.4473,6.4473,6.4473,6.4473,6.4473,6.4473,6.4473,6.4473,6.4473,6.4473,6.4473,6.4473,6.4473,6.4473,6.4473,6.4473,6.4473,6.4473,6.4473,6.4473,6.4473,6.4473,6.4473,6.4473,6.4473,6.4473,6.4473,6.4473,6.4473,6.4473,6.4473,6.4473,6.4473,6.4473,6.4473,6.4473,6.4473,6.4473,6.4473,6.4473,6.4473,6.4473,6.4473,6.4473,6.4473,6.4473,6.4473,6.4473,6.4473,6.4473,6.4473,6.4473,6.4473,6.4473,6.4473,6.4473,6.4473,6.4473,6.4473,6.4473,6.4473,6.4473,6.4473,6.4473,6.4473,6.4473,6.4473,6.4473,6.4473,6.4473,6.4473,6.4473,6.4473,6.4473,6.4473,6.4473,6.4473,6.4473,6.4473,6.4473,6.4473,6.4473,6.4473,6.4473,6.4473,6.4473,6.4473,6.4473,6.4473,6.4473,6.4473,6.4473,6.4473,6.4473,6.4473,6.4473,6.4473,6.4473,6.4473,6.4473,6.4473,6.4473,6.4473,6.4473,6.4473,6.4473,6.4473,6.4473,6.4473,6.4473,6.4473,6.4473,6.4473,6.4473,6.4473,6.4473,6.4473,6.4473,6.4473,6.4473,6.4473,6.4473,6.4473,6.4473,6.4473,6.4473,6.4473,6.4473,6.4473,6.4473,6.4473,6.4473,6.4473,6.4473,6.4473,6.4473,6.4473,6.4473,6.4473,6.4473,6.4473,6.4473,6.4473,6.4473,6.4473,6.4473,6.4473,6.4473,6.4473,6.4473,6.4473,6.4473,6.4473,6.4473,6.4473,6.4473,6.4473,6.4473,6.4473,6.4473,6.4473,6.4473,6.4473,6.4473,6.4473,6.4473,6.4473,6.4473,6.4473,6.4473,6.4473,6.4473,6.4473,6.4473,6.4473,6.4473,6.4473,6.4473,6.4473,6.4473,6.4473,6.4473,6.4473,6.4473,6.4473,6.4473,6.4473,6.4473,6.4473,6.4473,6.4473,6.4473,6.4473,6.4473,6.4473,6.4473,6.4473,6.4473,6.4473,6.4473,6.4473,6.4473,6.4473,6.4473,6.4473,6.4473,6.4473,6.4473,6.4473,6.4473,6.4473,6.4473,6.4473,6.4473,6.4473,6.4473,6.4473,6.4473,6.4473,6.4473,6.4473,6.4473,6.4473,6.4473,6.4473,6.4473,6.4473,6.4473,6.4473,6.4473,6.4473,6.4473,6.4473,6.4473,6.4473,6.4473,6.4473,6.4473,6.4473,6.4473,6.4473,6.4473,6.4473,6.4473,6.4473,6.4473,6.4473,6.4473,6.4473,6.4473,6.4473,6.4473,6.4473,6.4473,6.4473,6.4473,6.4473,6.4473,6.4473,6.4473,6.4473,6.4473,6.4473,6.4473,6.4473,6.4473,6.4473,6.4473,6.4473,6.4473,6.4473,6.4473,6.4473,6.4473,6.4473,6.4473,6.4473,6.4473,6.4473,6.4473,6.4473,6.4473,6.4473,6.4473,6.4473,6.4473,6.4473,6.4473,6.4473,6.4473,6.4473,6.4473,6.4473,6.4473,6.4473,6.4473,6.4473,6.4473,6.4473,6.4473,6.4473,6.4473,6.4473,6.4473,6.4473,6.4473,6.4473,6.4473,6.4473,6.4473,6.4473,6.4473,6.4473,6.4473,6.4473,6.4473,6.4473,6.4473,6.4473,6.4473,6.4473,6.4473,6.4473,6.4473,6.4473,6.4473,6.4473,6.4473,6.4473,6.4473,6.4473,6.4473,6.4473,6.4473,6.4473,6.4473,6.4473,6.4473,6.4473,6.4473,6.4473,6.4473,6.4473,6.4473,6.4473,6.4473,6.4473,6.4473,6.4473,6.4473,6.4473,6.4473,6.4473,6.4473,6.4473,6.4473,6.4473,6.4473,6.4473,6.4473,6.4473,6.4473,6.4473,6.4473,6.4473,6.4473,6.4473,6.4473,6.4473,6.4473,6.4473,6.4473,6.4473,6.4473,6.4473,6.4473,6.4473,6.4473,6.4473,6.4473,6.4473,6.4473,6.4473,6.4473,6.4473,6.4473,6.4473,6.4473,6.4473,6.4473,6.4473,6.4473,6.4473,6.4473,6.4473,6.4473,6.4473,6.4473,6.4473,6.4473,6.4473,6.4473,6.4473,6.4473,6.4473,6.4473,6.4473,6.4473,6.4473,6.4473,6.4473,6.4473,6.4473,6.4473,6.4473,6.4473,6.4473,6.4473,6.4473,6.4473,6.4473,6.4473,6.4473,6.4473,6.4473,6.4473,6.4473,6.4473,6.4473,6.4473,6.4473,6.4473,6.4473,6.4473,6.4473,6.4473,6.4473,6.4473,6.4473,6.4473,6.4473,6.4473,6.4473,6.4473,6.4473,6.4473,6.4473,6.4473,6.4473,6.4473,6.4473,6.4473,6.4473,6.4473,6.4473,6.4473,6.4473,6.4473,6.4473,6.4473,6.4473,6.4473,6.4473,6.4473,6.4473,6.4473,6.4473,6.4473,6.4473,6.4473,6.4473,6.4473,6.4473,6.4473,6.4473,6.4473,6.4473,6.4473,6.4473,6.4473,6.4473,6.4473,6.4473,6.4473,6.4473,6.4473,6.4473,6.4473,6.4473,6.4473,6.4473,6.4473,6.4473,6.4473,6.4473,6.4473,6.4473,6.4473,6.4473,6.4473,6.4473,6.4473,6.4473,6.4473,6.4473,6.4473,6.4473,6.4473,6.4473,6.4473,6.4473,6.4473,6.4473,6.4473,6.4473,6.4473,6.4473,6.4473,6.4473,6.4473,6.4473,6.4473,6.4473,6.4473,6.4473,6.4473,6.4473,6.4473,6.4473,6.4473,6.4473,6.4473,6.4473,6.4473,6.4473,6.4473,6.4473,6.4473,6.4473,6.4473,6.4473,6.4473,6.4473,6.4473,6.4473,6.4473,6.4473,6.4473,6.4473,6.4473,6.4473,6.4473,6.4473,6.4473,6.4473,6.4473,6.4473,6.4473,6.4473,6.4473,6.4473,6.4473,6.4473,6.4473,6.4473,6.4473,6.4473,6.4473,6.4473,6.4473,6.4473,6.4473,6.4473,6.4473,6.4473,6.4473,6.4473,6.4473,6.4473,6.4473,6.4473,6.4473,6.4473,6.4473,6.4473,6.4473,6.4473,6.4473,6.4473,6.4473,6.4473,6.4473,6.4473,6.4473,6.4473,6.4473,6.4473,6.4473,6.4473,6.4473,6.4473,6.4473,6.4473,6.4473,6.4473,6.4473,6.4473,6.4473,6.4473,6.4473,6.4473,6.4473,6.4473,6.4473,6.4473,6.4473,6.4473,6.4473,6.4473,6.4473,6.4473,6.4473,6.4473,6.4473,6.4473,6.4473,6.4473,6.4473,6.4473,6.4473,6.4473,6.4473,6.4473,6.4473,6.4473,6.4473,6.4473,6.4473,6.4473,6.4473,6.4473,6.4473,6.4473,6.4473,6.4473,6.4473,6.4473,6.4473,6.4473,6.4473,6.4473,6.4473,6.4473,6.4473,6.4473,6.4473,6.4473,6.4473,6.4473,6.4473,6.4473,6.4473,6.4473,6.4473,6.4473,6.4473,6.4473,6.4473,6.4473,6.4473,6.4473,6.4473,6.4473,6.4473,6.4473,6.4473,6.4473,6.4473,6.4468,6.4468,6.4468,6.4468,6.4468,6.4468,6.4468,6.4468,6.4468,6.4468,6.4468,6.4468,6.4468,6.4468,6.4468,6.4468,6.4468,6.4468,6.4468,6.4468,6.4468,6.4468,6.4468,6.4468,6.4468,6.4468,6.4468,6.4468,6.4468,6.4468,6.4468,6.4468,6.4468,6.4468,6.4468,6.4468,6.4468,6.4468,6.4468,6.4468,6.4468,6.4468,6.4468,6.4468,6.4468,6.4468,6.4468,6.4468,6.4468,6.4468,6.4468,6.4468,6.4468,6.4468,6.4468,6.4468,6.4468,6.4468,6.4468,6.4468,6.4468,6.4468,6.4468,6.4468,6.4468,6.4468,6.4468,6.4468,6.4468,6.4468,6.4468,6.4468,6.4468,6.4468,6.4468,6.4468,6.4468,6.4468,6.4468,6.4468,6.4468,6.4468,6.4468,6.4468,6.4468,6.4468,6.4468,6.4468,6.4468,6.4468,6.4468,6.4468,6.4468,6.4468,6.4468,6.4468,6.4468,6.4468,6.4468,6.4468,6.4468,6.4468,6.4468,6.4468,6.4468,6.4468,6.4468,6.4468,6.4468,6.4468,6.4468,6.4468,6.4468,6.4468,6.4468,6.4468,6.4468,6.4468,6.4468,6.4468,6.4468,6.4468,6.4468,6.4468,6.4468,6.4468,6.4468,6.4468,6.4468,6.4468,6.4468,6.4468,6.4468,6.4468,6.4468,6.4468,6.4468,6.4468,6.4468,6.4468,6.4468,6.4468,6.4468,6.4468,6.4468,6.4468,6.4468,6.4468,6.4468,6.4468,6.4468,6.4468,6.4468,6.4468,6.4468,6.4468,6.4468,6.4468,6.4468,6.4468,6.4468,6.4468,6.4468,6.4468,6.4468,6.4468,6.4468,6.4468,6.4468,6.4468,6.4468,6.4468,6.4468,6.4468
6.4426,6.4426,6.4426,6.4426,6.4426,6.4426,6.4426,6.4426,6.4426,6.4426,6.4426,6.4426,6.4426,6.4426,6.4426,6.4426,6.4426,6.4426,6.4426,6.4426,6.4426,6.4426,6.4426,6.4426,6.4426,6.4426,6.4426,6.4426,6.4426,6.4426,6.4426,6.4426,6.4426,6.4426,6.4426,6.4426,6.4426,6.4426,6.4426,6.4426,6.4426,6.4426,6.4426,6.4426,6.4426,6.4426,6.4426,6.4426,6.4426,6.4426,6.4426,6.4426,6.4426,6.4426,6.4426,6.4426,6.4426,6.4426,6.4426,6.4426,6.4426,6.4426,6.4426,6.4426,6.4426,6.4426,6.4426,6.4426,6.4426,6.4426,6.4426,6.4426,6.4426,6.4426,6.4426,6.4426,6.4426,6.4426,6.4426,6.4426,6.4426,6.4426,6.4426,6.4426,6.4426,6.4426,6.4426,6.4426,6.4426,6.4426,6.4426,6.4426,6.4426,6.4426,6.4426,6.4426,6.4426,6.4426,6.4426,6.4426,6.4426,6.4426,6.4426,6.4426,6.4426,6.4426,6.4426,6.4426,6.4426,6.4426,6.4426,6.4426,6.4426,6.4426,6.4426,6.4426,6.4426,6.4426,6.4426,6.4426,6.4426,6.4426,6.4426,6.4426,6.4426,6.4426,6.4426,6.4426,6.4426,6.4426,6.4426,6.4426,6.4426,6.4426,6.4426,6.4426,6.4426,6.4426,6.4426,6.4426,6.4426,6.4426,6.4426,6.4426,6.4426,6.4426,6.4426,6.4426,6.4426,6.4426,6.4426,6.4426,6.4426,6.4426,6.4426,6.4426,6.4426,6.4426,6.4426,6.4426,6.4426,6.4426,6.4426,6.4426,6.4426,6.4426,6.4426,6.4426,6.4426,6.4426,6.4426,6.4426,6.4426,6.4426,6.4426,6.4426,6.4426,6.4426,6.4426,6.4426,6.4426,6.4426,6.4426,6.4426,6.4426,6.4426,6.4426,6.4426,6.4421,6.4421,6.4421,6.4421,6.4421,6.4421,6.4421,6.4421,6.4421,6.4421,6.4421,6.4421,6.4421,6.4421,6.4421,6.4421,6.4421,6.4421,6.4421,6.4421,6.4421,6.4421,6.4421,6.4421,6.4421,6.4421,6.4421,6.4421,6.4421,6.4421,6.4421,6.4421,6.4421,6.4421,6.4421,6.4421,6.4421,6.4421,6.4421,6.4421,6.4421,6.4421,6.4421,6.4421,6.4421,6.4421,6.4421,6.4421,6.4421,6.4421,6.4421,6.4421,6.4421,6.4421,6.4421,6.4421,6.4421,6.4421,6.4421,6.4421,6.4421,6.4421,6.4421,6.4421,6.4421,6.4421,6.4421,6.4421,6.4421,6.4421,6.4421,6.4421,6.4421,6.4421,6.4421,6.4421,6.4421,6.4421,6.4421,6.4421,6.4421,6.4421,6.4421,6.4421,6.4421,6.4421,6.4421,6.4421,6.4421,6.4421,6.4421,6.4421,6.4421,6.4421,6.4421,6.4421,6.4421,6.4421,6.4421,6.4421,6.4421,6.4421,6.4421,6.4421,6.4421,6.4421,6.4421,6.4421,6.4421,6.4421,6.4421,6.4421,6.4421,6.4421,6.4421,6.4421,6.4421,6.4421,6.4421,6.4421,6.4421,6.4421,6.4421,6.4421,6.4421,6.4421,6.4421,6.4421,6.4421,6.4421,6.4421,6.4421,6.4421,6.4421,6.4421,6.4421,6.4421,6.4421,6.4421,6.4421,6.4421,6.4421,6.4421,6.4421,6.4421,6.4421,6.4421,6.4421,6.4421,6.4421,6.4421,6.4421,6.4421,6.4421,6.4421,6.4421,6.4421,6.4421,6.4421,6.4421,6.4421,6.4421,6.4421,6.4421,6.4421,6.4421,6.4421,6.4421,6.4421,6.4421,6.4421,6.4421,6.4421,6.4421,6.4421,6.4421,6.4421,6.4421,6.4421,6.4421,6.4421,6.4421,6.4421,6.4421,6.4421,6.4421,6.4421,6.4421,6.4421,6.4421,6.4421,6.4421,6.4421,6.4421,6.4421,6.4421,6.4421,6.4421,6.4421,6.4421,6.4421,6.4421,6.4421,6.4421,6.4421,6.4421,6.4421,6.4421,6.4421,6.4421,6.4421,6.4421,6.4421,6.4421,6.4421,6.4421,6.4421,6.4421,6.4421,6.4421,6.4421,6.4421,6.4421,6.4421,6.4421,6.4421,6.4421,6.4421,6.4421,6.4421,6.4421,6.4421,6.4421,6.4421,6.4421,6.4421,6.4421,6.4421,6.4421,6.4421,6.4421,6.4421,6.4421,6.4421,6.4421,6.4421,6.4421,6.4421,6.4421,6.4421,6.4421,6.4421,6.4421,6.4421,6.4421,6.4421,6.4421,6.4421,6.4421,6.4421,6.4421,6.4421,6.4421,6.4421,6.4421,6.4421,6.4421,6.4421,6.4421,6.4421,6.4421,6.4421,6.4421,6.4421,6.4421,6.4421,6.4421,6.4421,6.4421,6.4421,6.4421,6.4421,6.4421,6.4421,6.4421,6.4421,6.4421,6.4421,6.4421,6.4421,6.4421,6.4421,6.4421,6.4421,6.4421,6.4421,6.4421,6.4421,6.4421,6.4421,6.4421,6.4421,6.4421,6.4421,6.4421,6.4421,6.4421,6.4421,6.4421,6.4421,6.4421,6.4421,6.4421,6.4421,6.4421,6.4421,6.4421,6.4421,6.4421,6.4421,6.4421,6.4421,6.4421,6.4421,6.4421,6.4421,6.4421,6.4421,6.4421,6.4421,6.4421,6.4421,6.4421,6.4421,6.4421,6.4421,6.4421,6.4421,6.4421,6.4421,6.4421,6.4421,6.4421,6.4421,6.4421,6.4421,6.4421,6.4421,6.4421,6.4421,6.4421,6.4421,6.4421,6.4421,6.4421,6.4421,6.4421,6.4421,6.4421,6.4421,6.4421,6.4421,6.4421,6.4421,6.4421,6.4421,6.4421,6.4421,6.4421,6.4421,6.4421,6.4421,6.4421,6.4421,6.4421,6.4421,6.4421,6.4421,6.4421,6.4421,6.4421,6.4421,6.4421,6.4421,6.4421,6.4421,6.4421,6.4421,6.4421,6.4421,6.4421,6.4421,6.4421,6.4421,6.4421,6.4421,6.4421,6.4421,6.4421,6.4421,6.4421,6.4421,6.4421,6.4421,6.4421,6.4421,6.4421,6.4421,6.4421,6.4421,6.4421,6.4421,6.4421,6.4421,6.4421,6.4421,6.4421,6.4421,6.4421,6.4421,6.4421,6.4421,6.4421,6.4421,6.4421,6.4421,6.4421,6.4421,6.4421,6.4421,6.4421,6.4421,6.4421,6.4421,6.4421,6.4421,6.4421,6.4421,6.4421,6.4421,6.4421,6.4421,6.4421,6.4421,6.4421,6.4421,6.4421,6.4421,6.4421,6.4421,6.4421,6.4421,6.4421,6.4421,6.4421,6.4421,6.4421,6.4421,6.4421,6.4421,6.4421,6.4421,6.4421,6.4421,6.4421,6.4421,6.4421,6.4421,6.4421,6.4421,6.4421,6.4421,6.4421,6.4421,6.4421,6.4421,6.4421,6.4421,6.4421,6.4421,6.4421,6.4421,6.4421,6.4421,6.4421,6.4421,6.4421,6.4421,6.4421,6.4421,6.4421,6.4421,6.4421,6.4421,6.4421,6.4421,6.4421,6.4421,6.4421,6.4421,6.4421,6.4421,6.4421,6.4421,6.4421,6.4421,6.4421,6.4421,6.4421,6.4421,6.4421,6.4421,6.4421,6.4421,6.4421,6.4421,6.4421,6.4421,6.4421,6.4421,6.4421,6.4421,6.4421,6.4421,6.4421,6.4421,6.4421,6.4421,6.4421,6.4421,6.4421,6.4421,6.4421,6.4421,6.4421,6.4421,6.4421,6.4421,6.4421,6.4421,6.4421,6.4421,6.4421,6.4421,6.4421,6.4421,6.4421,6.4421,6.4421,6.4421,6.4421,6.4421,6.4421,6.4421,6.4421,6.4421,6.4421,6.4421,6.4421,6.4421,6.4421,6.4421,6.4421,6.4421,6.4421,6.4421,6.4421,6.4421,6.4421,6.4421,6.4421,6.4421,6.4421,6.4421,6.4421,6.4421,6.4421,6.4421,6.4421,6.4421,6.4421,6.4421,6.4421,6.4421,6.4421,6.4421,6.4421,6.4421,6.4421,6.4421,6.4421,6.4421,6.4421,6.4421,6.4421,6.4421,6.4421,6.4421,6.4421,6.4421,6.4421,6.4421,6.4421,6.4421,6.4421,6.4421,6.4421,6.4421,6.4421,6.4421,6.4421,6.4421,6.4421,6.4421,6.4421,6.4421,6.4421,6.4421,6.4421,6.4421,6.4421,6.4421,6.4421,6.4421,6.4421,6.4421,6.4421,6.4421,6.4421,6.4421,6.4421,6.4421,6.4421,6.4421,6.4421,6.4421,6.4421,6.4421,6.4421,6.4421,6.4421,6.4421,6.4421,6.4421,6.4421,6.4421,6.4421,6.4421,6.4421,6.4421,6.4421,6.4421,6.4421,6.4421,6.4421,6.4421,6.4421,6.4421,6.4421,6.4421,6.4421,6.4421,6.4421,6.4421,6.4421,6.4421,6.4421,6.4421,6.4421,6.4421,6.4421,6.4421,6.4421,6.4421,6.4421,6.4421,6.4421,6.4421,6.4421,6.4421,6.4421,6.4421,6.4421,6.4421,6.4421,6.4421,6.4421,6.4421,6.4421,6.4421,6.4421,6.4421,6.4421,6.4421,6.4421,6.4421,6.4421,6.4421,6.4421,6.4421,6.4421,6.4421,6.4421,6.4421,6.4421,6.4421,6.4421,6.4421,6.4421,6.4421,6.4421,6.4421,6.4421,6.4421,6.4421,6.4421,6.4421,6.4421,6.4421,6.4421,6.4421,6.4421,6.4421,6.4421,6.4421,6.4421,6.4421,6.4421,6.4421,6.4421,6.4421,6.4421,6.4421,6.4421,6.4421,6.4421,6.4421,6.4421,6.4421,6.4421,6.4421,6.4421,6.4421,6.4421,6.4421,6.4421,6.4421,6.4421,6.4421,6.4421,6.4421,6.4421,6.4421,6.4421,6.4421,6.4421,6.4421,6.4421,6.4421,6.4421,6.4421,6.4421,6.4421,6.4421,6.4421,6.4421,6.4421,6.4421,6.4426,6.4426,6.4426,6.4426
6.4374,6.4374,6.4374,6.4374,6.4374,6.4374,6.4374,6.4374,6.4374,6.4374,6.4374,6.4374,6.4374,6.4374,6.4374,6.4374,6.4374,6.4374,6.4374,6.4374,6.4374,6.4374,6.4374,6.4374,6.4374,6.4374,6.4374,6.4374,6.4374,6.4374,6.4374,6.4374,6.4374,6.4374,6.4374,6.4374,6.4374,6.4374,6.4374,6.4374,6.4374,6.4374,6.4374,6.4374,6.4374,6.4374,6.4374,6.4374,6.4374,6.4374,6.4374,6.4374,6.4374,6.4374,6.4374,6.4374,6.4374,6.4374,6.4374,6.4374,6.4374,6.4374,6.4374,6.4374,6.4374,6.4374,6.4374,6.4374,6.4374,6.4374,6.4374,6.4374,6.4374,6.4374,6.4374,6.4374,6.4374,6.4374,6.4374,6.4374,6.4374,6.4374,6.4374,6.4374,6.4374,6.4374,6.4374,6.4374,6.4374,6.4374,6.4374,6.4374,6.4374,6.4374,6.4374,6.4374,6.4374,6.4374,6.4374,6.4374,6.4374,6.4374,6.4374,6.4374,6.4374,6.4374,6.4374,6.4374,6.4374,6.4374,6.4374,6.4374,6.4374,6.4374,6.4374,6.4374,6.4374,6.4374,6.4374,6.4374,6.4374,6.4374,6.4374,6.4374,6.4374,6.4374,6.4374,6.4374,6.4374,6.4374,6.4374,6.4374,6.4374,6.4374,6.4374,6.4374,6.4374,6.4374,6.4374,6.4374,6.4374,6.4374,6.4374,6.4374,6.4374,6.4374,6.4374,6.4374,6.4374,6.4374,6.4374,6.4374,6.4374,6.4374,6.4374,6.4374,6.4374,6.4374,6.4374,6.4374,6.4374,6.4374,6.4374,6.4374,6.4374,6.4374,6.4374,6.4374,6.4374,6.4374,6.4374,6.4374,6.4374,6.4374,6.4374,6.4374,6.4374,6.4374,6.4374,6.4374,6.4374,6.4374,6.4374,6.4374,6.4374,6.4374,6.4374,6.4374,6.4374,6.4374,6.4374,6.4374,6.4374,6.4374,6.4374,6.4374,6.4374,6.4374,6.4374,6.4374,6.4374,6.4374,6.4374,6.4374,6.4374,6.4374,6.4374,6.4374,6.4374,6.4374,6.4374,6.4374,6.4374,6.4374,6.4374,6.4374,6.4374,6.4374,6.4374,6.4374,6.4374,6.4374,6.4374,6.4374,6.4374,6.4374,6.4374,6.4374,6.4374,6.4374,6.4374,6.4374,6.4374,6.4374,6.4374,6.4374,6.4374,6.4374,6.4374,6.4374,6.4374,6.4374,6.4374,6.4374,6.4374,6.4374,6.4374,6.4374,6.4374,6.4374,6.4374,6.4374,6.4374,6.4374,6.4374,6.4374,6.4374,6.4374,6.4374,6.4374,6.4374,6.4374,6.4374,6.4374,6.4374,6.4374,6.4374,6.4374,6.4374,6.4374,6.4374,6.4374,6.4374,6.4374,6.4374,6.4374,6.4374,6.4374,6.4374,6.4374,6.4374,6.4374,6.4374,6.4374,6.4374,6.4374,6.4374,6.4374,6.4374,6.4374,6.4374,6.4374,6.4374,6.4374,6.4374,6.4374,6.4374,6.4374,6.4374,6.4374,6.4374,6.4374,6.4374,6.4374,6.4374,6.4374,6.4374,6.4374,6.4374,6.4374,6.4374,6.4374,6.4374,6.4374,6.4374,6.4374,6.4374,6.4374,6.4374,6.4374,6.4374,6.4374,6.4374,6.4374,6.4374,6.4374,6.4374,6.4374,6.4374,6.4374,6.4374,6.4374,6.4374,6.4374,6.4374,6.4374,6.4374,6.4374,6.4374,6.4374,6.4374,6.4374,6.4374,6.4374,6.4374,6.4374,6.4374,6.4374,6.4374,6.4374,6.4374,6.4374,6.4374,6.4374,6.4374,6.4374,6.4374,6.4374,6.4374,6.4374,6.4374,6.4374,6.4374,6.4374,6.4374,6.4374,6.4374,6.4374,6.4374,6.4374,6.4374,6.4374,6.4374,6.4374,6.4374,6.4374,6.4374,6.4374,6.4379,6.4379,6.4379,6.4379,6.4379,6.4379,6.4379,6.4379,6.4379,6.4379,6.4379,6.4379,6.4379,6.4379,6.4379,6.4379,6.4379,6.4379,6.4379,6.4379,6.4379,6.4379,6.4379,6.4379,6.4379,6.4379,6.4379,6.4379,6.4379,6.4379,6.4379,6.4379,6.4379,6.4379,6.4379,6.4379,6.4379,6.4379,6.4379,6.4379,6.4379,6.4379,6.4379,6.4379,6.4379,6.4379,6.4379,6.4379,6.4379,6.4379,6.4379,6.4379,6.4379,6.4379,6.4379,6.4379,6.4379,6.4379,6.4379,6.4379,6.4379,6.4379,6.4379,6.4379,6.4379,6.4379,6.4379,6.4379,6.4379,6.4379,6.4379,6.4379,6.4379,6.4379,6.4379,6.4379,6.4379,6.4379,6.4379,6.4379,6.4379,6.4379,6.4379,6.4379,6.4379,6.4379,6.4379,6.4379,6.4379,6.4379,6.4379,6.4379,6.4379,6.4379,6.4379,6.4379,6.4379,6.4379,6.4379,6.4379,6.4379,6.4379,6.4379,6.4379,6.4379,6.4379,6.4379,6.4379,6.4379,6.4379,6.4379,6.4379,6.4379,6.4379,6.4379,6.4379,6.4379,6.4379,6.4379,6.4379,6.4379,6.4379,6.4379,6.4379,6.4379,6.4379,6.4379,6.4379,6.4379,6.4379,6.4379,6.4379,6.4379,6.4379,6.4379,6.4379,6.4379,6.4379,6.4379,6.4379,6.4379,6.4379,6.4379,6.4379,6.4379,6.4379,6.4379,6.4379,6.4379,6.4379,6.4379,6.4379,6.4379,6.4379,6.4379,6.4379,6.4379,6.4379,6.4379,6.4379,6.4379,6.4379,6.4379,6.4379,6.4379,6.4379,6.4379,6.4379,6.4379,6.4379,6.4379,6.4379,6.4379,6.4379,6.4379,6.4379,6.4379,6.4379,6.4379,6.4379,6.4379,6.4379,6.4379,6.4379,6.4379,6.4379,6.4379,6.4379,6.4379,6.4379,6.4379,6.4379,6.4379,6.4379,6.4379,6.4379,6.4379,6.4379,6.4379,6.4379,6.4379,6.4379,6.4379,6.4379,6.4379,6.4379,6.4379,6.4379,6.4379,6.4379,6.4379,6.4379,6.4379,6.4379,6.4379,6.4379,6.4379,6.4379,6.4379,6.4379,6.4379,6.4379,6.4379,6.4379,6.4379,6.4379,6.4379,6.4379,6.4379,6.4379,6.4379,6.4379,6.4379,6.4379,6.4379,6.4379,6.4379,6.4379,6.4379,6.4379,6.4379,6.4379,6.4379,6.4379,6.4379,6.4379,6.4379,6.4379,6.4379,6.4379,6.4379,6.4379,6.4379,6.4379,6.4379,6.4379,6.4379,6.4379,6.4379,6.4379,6.4379,6.4379,6.4379,6.4379,6.4379,6.4379,6.4379,6.4379,6.4379,6.4379,6.4379,6.4379,6.4379,6.4379,6.4379,6.4379,6.4379,6.4379,6.4379,6.4379,6.4379,6.4379,6.4379,6.4379,6.4379,6.4379,6.4379,6.4379,6.4379,6.4379,6.4379,6.4379,6.4379,6.4379,6.4379,6.4379,6.4379,6.4379,6.4379,6.4379,6.4379,6.4379,6.4379,6.4379,6.4379,6.4379,6.4379,6.4379,6.4379,6.4379,6.4379,6.4379,6.4379,6.4379,6.4379,6.4379,6.4379,6.4379,6.4379,6.4379,6.4379,6.4379,6.4379,6.4379,6.4379,6.4379,6.4379,6.4379,6.4379,6.4379,6.4379,6.4379,6.4379,6.4379,6.4379,6.4379,6.4379,6.4379,6.4379,6.4379,6.4379,6.4379,6.4379,6.4379,6.4379,6.4379,6.4379,6.4379,6.4379,6.4379,6.4379,6.4379,6.4379,6.4379,6.4379,6.4379,6.4379,6.4379,6.4379,6.4379,6.4379,6.4379,6.4379,6.4379,6.4379,6.4379,6.4379,6.4379,6.4379,6.4379,6.4379,6.4379,6.4379,6.4379,6.4379,6.4379,6.4379,6.4379,6.4379,6.4379,6.4379,6.4379,6.4379,6.4379,6.4379,6.4379,6.4379,6.4379,6.4379,6.4379,6.4379,6.4379,6.4379,6.4379,6.4379,6.4379,6.4379,6.4379,6.4379,6.4379,6.4379,6.4379,6.4379,6.4379,6.4379,6.4379,6.4379,6.4379,6.4379,6.4379,6.4379,6.4379,6.4379,6.4379,6.4379,6.4379,6.4379,6.4379,6.4379,6.4379,6.4379,6.4379,6.4379,6.4379,6.4379,6.4379,6.4379,6.4379,6.4379,6.4379,6.4379,6.4379,6.4379,6.4379,6.4379,6.4379,6.4379,6.4379,6.4379,6.4379,6.4379,6.4379,6.4379,6.4379,6.4379,6.4379,6.4379,6.4379,6.4379,6.4379,6.4379,6.4379,6.4379,6.4379,6.4379,6.4379,6.4379,6.4379,6.4379,6.4379,6.4379,6.4379,6.4379,6.4379,6.4379,6.4379,6.4379,6.4379,6.4379,6.4379,6.4379,6.4379,6.4379,6.4379,6.4379,6.4379,6.4379,6.4379,6.4379,6.4379,6.4379,6.4379,6.4379,6.4379,6.4379,6.4379,6.4379,6.4379,6.4379,6.4379,6.4379,6.4379,6.4379,6.4379,6.4379,6.4379,6.4379,6.4379,6.4379,6.4379,6.4379,6.4379,6.4379,6.4379,6.4379,6.4379,6.4379,6.4379,6.4379,6.4379,6.4379,6.4379,6.4379,6.4379,6.4379,6.4379,6.4379,6.4379,6.4379,6.4379,6.4379,6.4379,6.4379,6.4379,6.4379,6.4379,6.4379,6.4379,6.4379,6.4379,6.4379,6.4379,6.4379,6.4379,6.4379,6.4379,6.4379,6.4379,6.4379,6.4379,6.4379,6.4379,6.4379,6.4379,6.4379,6.4379,6.4379,6.4379,6.4379,6.4379,6.4379,6.4379,6.4379,6.4379,6.4379,6.4379,6.4379,6.4379,6.4379,6.4379,6.4379,6.4379,6.4379,6.4379,6.4379,6.4379,6.4379,6.4379,6.4379,6.4379,6.4379,6.4379,6.4379,6.4379,6.4379,6.4379,6.4379,6.4379,6.4379,6.4379,6.4379,6.4379
6.4328,6.4328,6.4328,6.4328,6.4328,6.4328,6.4328,6.4328,6.4328,6.4328,6.4328,6.4328,6.4328,6.4328,6.4328,6.4328,6.4328,6.4328,6.4328,6.4328,6.4328,6.4328,6.4328,6.4328,6.4328,6.4328,6.4328,6.4328,6.4328,6.4328,6.4328,6.4328,6.4328,6.4328,6.4328,6.4328,6.4328,6.4328,6.4328,6.4328,6.4328,6.4328,6.4328,6.4328,6.4328,6.4328,6.4328,6.4328,6.4328,6.4328,6.4328,6.4328,6.4328,6.4328,6.4328,6.4328,6.4328,6.4328,6.4328,6.4328,6.4328,6.4328,6.4328,6.4328,6.4328,6.4328,6.4328,6.4328,6.4328,6.4328,6.4328,6.4328,6.4328,6.4328,6.4328,6.4328,6.4328,6.4328,6.4328,6.4328,6.4328,6.4328,6.4328,6.4328,6.4328,6.4328,6.4328,6.4328,6.4328,6.4328,6.4328,6.4328,6.4328,6.4328,6.4328,6.4328,6.4328,6.4328,6.4328,6.4328,6.4328,6.4328,6.4328,6.4328,6.4328,6.4328,6.4328,6.4328,6.4328,6.4328,6.4328,6.4328,6.4328,6.4328,6.4328,6.4328,6.4328,6.4328,6.4328,6.4328,6.4328,6.4328,6.4328,6.4328,6.4328,6.4328,6.4328,6.4328,6.4328,6.4328,6.4328,6.4328,6.4328,6.4328,6.4328,6.4328,6.4328,6.4328,6.4328,6.4328,6.4328,6.4328,6.4328,6.4328,6.4328,6.4328,6.4328,6.4328,6.4328,6.4328,6.4328,6.4328,6.4328,6.4328,6.4328,6.4328,6.4328,6.4328,6.4328,6.4328,6.4328,6.4328,6.4328,6.4328,6.4328,6.4328,6.4328,6.4328,6.4328,6.4328,6.4328,6.4328,6.4328,6.4328,6.4328,6.4328,6.4328,6.4328,6.4328,6.4328,6.4328,6.4328,6.4328,6.4328,6.4328,6.4328,6.4328,6.4328,6.4328,6.4328,6.4328,6.4328,6.4328,6.4328,6.4328,6.4328,6.4328,6.4328,6.4328,6.4328,6.4328,6.4328,6.4328,6.4328,6.4328,6.4328,6.4328,6.4328,6.4328,6.4328,6.4328,6.4328,6.4328,6.4328,6.4328,6.4328,6.4328,6.4328,6.4328,6.4328,6.4328,6.4328,6.4328,6.4328,6.4328,6.4328,6.4328,6.4328,6.4328,6.4328,6.4328,6.4328,6.4328,6.4328,6.4328,6.4328,6.4328,6.4328,6.4328,6.4328,6.4328,6.4328,6.4328,6.4328,6.4328,6.4328,6.4328,6.4328,6.4328,6.4328,6.4328,6.4328,6.4328,6.4328,6.4328,6.4328,6.4328,6.4328,6.4328,6.4328,6.4328,6.4328,6.4328,6.4328,6.4328,6.4328,6.4328,6.4328,6.4328,6.4328,6.4328,6.4328,6.4328,6.4328,6.4328,6.4328,6.4328,6.4328,6.4328,6.4328,6.4328,6.4328,6.4328,6.4328,6.4328,6.4328,6.4328,6.4328,6.4328,6.4328,6.4328,6.4328,6.4328,6.4328,6.4328,6.4328,6.4328,6.4328,6.4328,6.4328,6.4328,6.4328,6.4328,6.4328,6.4328,6.4328,6.4328,6.4328,6.4328,6.4328,6.4328,6.4328,6.4328,6.4328,6.4328,6.4328,6.4328,6.4328,6.4328,6.4328,6.4328,6.4328,6.4328,6.4328,6.4328,6.4328,6.4328,6.4328,6.4328,6.4328,6.4328,6.4328,6.4328,6.4328,6.4328,6.4328,6.4328,6.4328,6.4328,6.4328,6.4328,6.4328,6.4328,6.4328,6.4328,6.4328,6.4328,6.4328,6.4328,6.4328,6.4328,6.4328,6.4328,6.4328,6.4328,6.4328,6.4328,6.4328,6.4328,6.4328,6.4328,6.4328,6.4328,6.4328,6.4328,6.4328,6.4328,6.4328,6.4328,6.4328,6.4328,6.4328,6.4328,6.4328,6.4328,6.4328,6.4328,6.4328,6.4328,6.4328,6.4328,6.4328,6.4328,6.4328,6.4328,6.4328,6.4328,6.4328,6.4328,6.4328,6.4328,6.4328,6.4328,6.4328,6.4328,6.4328,6.4328,6.4328,6.4328,6.4328,6.4328,6.4328,6.4328,6.4328,6.4328,6.4328,6.4328,6.4328,6.4328,6.4328,6.4328,6.4328,6.4328,6.4328,6.4328,6.4328,6.4328,6.4328,6.4328,6.4328,6.4328,6.4328,6.4328,6.4328,6.4328,6.4328,6.4328,6.4328,6.4328,6.4328,6.4328,6.4328,6.4328,6.4328,6.4328,6.4328,6.4328,6.4328,6.4328,6.4328,6.4328,6.4328,6.4328,6.4328,6.4328,6.4328,6.4328,6.4328,6.4328,6.4328,6.4328,6.4328,6.4328,6.4328,6.4328,6.4328,6.4328,6.4328,6.4328,6.4328,6.4328,6.4328,6.4328,6.4328,6.4328,6.4328,6.4328,6.4328,6.4328,6.4328,6.4328,6.4328,6.4328,6.4328,6.4328,6.4328,6.4328,6.4328,6.4328,6.4328,6.4328,6.4328,6.4328,6.4328,6.4328,6.4328,6.4328,6.4328,6.4328,6.4328,6.4328,6.4328,6.4328,6.4328,6.4328,6.4328,6.4328,6.4328,6.4328,6.4328,6.4328,6.4328,6.4328,6.4328,6.4328,6.4328,6.4328,6.4328,6.4328,6.4328,6.4328,6.4328,6.4328,6.4328,6.4328,6.4328,6.4328,6.4328,6.4328,6.4328,6.4328,6.4328,6.4328,6.4328,6.4328,6.4328,6.4328,6.4328,6.4328,6.4328,6.4328,6.4328,6.4328,6.4328,6.4328,6.4328,6.4328,6.4328,6.4328,6.4328,6.4328,6.4328,6.4328,6.4328,6.4328,6.4328,6.4328,6.4328,6.4328,6.4328,6.4328,6.4328,6.4328,6.4328,6.4328,6.4328,6.4328,6.4328,6.4328,6.4328,6.4328,6.4328,6.4328,6.4328,6.4328,6.4333,6.4333,6.4333,6.4333,6.4333,6.4333,6.4333,6.4333,6.4333,6.4333,6.4333,6.4333,6.4333,6.4333,6.4333,6.4333,6.4333,6.4333,6.4333,6.4333,6.4333,6.4333,6.4333,6.4333,6.4333,6.4333,6.4333,6.4333,6.4333,6.4333,6.4333,6.4333,6.4333,6.4333,6.4333,6.4333,6.4333,6.4333,6.4333,6.4333,6.4333,6.4333,6.4333,6.4333,6.4333,6.4333,6.4333,6.4333,6.4333,6.4333,6.4333,6.4333,6.4333,6.4333,6.4333,6.4333,6.4333,6.4333,6.4333,6.4333,6.4333,6.4333,6.4333,6.4333,6.4333,6.4333,6.4333,6.4333,6.4333,6.4333,6.4333,6.4333,6.4333,6.4333,6.4333,6.4333,6.4333,6.4333,6.4333,6.4333,6.4333,6.4333,6.4333,6.4333,6.4333,6.4333,6.4333,6.4333,6.4333,6.4333,6.4333,6.4333,6.4333,6.4333,6.4333,6.4333,6.4333,6.4333,6.4333,6.4333,6.4333,6.4333,6.4333,6.4333,6.4333,6.4333,6.4333,6.4333,6.4333,6.4333,6.4333,6.4333,6.4333,6.4333,6.4333,6.4333,6.4333,6.4333,6.4333,6.4333,6.4333,6.4333,6.4333,6.4333,6.4333,6.4333,6.4333,6.4333,6.4333,6.4333,6.4333,6.4333,6.4333,6.4333,6.4333,6.4333,6.4333,6.4333,6.4333,6.4333,6.4333,6.4333,6.4333,6.4333,6.4333,6.4333,6.4333,6.4333,6.4333,6.4333,6.4333,6.4333,6.4333,6.4333,6.4333,6.4333,6.4333,6.4333,6.4333,6.4333,6.4333,6.4333,6.4333,6.4333,6.4333,6.4333,6.4333,6.4333,6.4333,6.4333,6.4333,6.4333,6.4333,6.4333,6.4333,6.4333,6.4333,6.4333,6.4333,6.4333,6.4333,6.4333,6.4333,6.4333,6.4333,6.4333,6.4333,6.4333,6.4333,6.4333,6.4333,6.4333,6.4333,6.4333,6.4333,6.4333,6.4333,6.4333,6.4333,6.4333,6.4333,6.4333,6.4333,6.4333,6.4333,6.4333,6.4333,6.4333,6.4333,6.4333,6.4333,6.4333,6.4333,6.4333,6.4333,6.4333,6.4333,6.4333,6.4333,6.4333,6.4333,6.4333,6.4333,6.4333,6.4333,6.4333,6.4333,6.4333,6.4333,6.4333,6.4333,6.4333,6.4333,6.4333,6.4333,6.4333,6.4333,6.4333,6.4333,6.4333,6.4333,6.4333,6.4333,6.4333,6.4333,6.4333,6.4333,6.4333,6.4333,6.4333,6.4333,6.4333,6.4333,6.4333,6.4333,6.4333,6.4333,6.4333,6.4333,6.4333,6.4333,6.4333,6.4333,6.4333,6.4333,6.4333,6.4333,6.4333,6.4333,6.4333,6.4333,6.4333,6.4333,6.4333,6.4333,6.4333,6.4333,6.4333,6.4333,6.4333,6.4333,6.4333,6.4333,6.4333,6.4333,6.4333,6.4333,6.4333,6.4333,6.4333,6.4333,6.4333,6.4333,6.4333,6.4333,6.4333,6.4333,6.4333,6.4333,6.4333,6.4333,6.4333,6.4333,6.4333,6.4333,6.4333,6.4333,6.4333,6.4333,6.4333,6.4333,6.4333,6.4333,6.4333,6.4333,6.4333,6.4333,6.4333,6.4333,6.4333,6.4333,6.4333,6.4333,6.4333,6.4333,6.4333,6.4333,6.4333,6.4333,6.4333,6.4333,6.4333,6.4333,6.4333,6.4333,6.4333,6.4333,6.4333,6.4333,6.4333,6.4333,6.4333,6.4333,6.4333,6.4333,6.4333,6.4333,6.4333,6.4333,6.4333,6.4333,6.4333,6.4333,6.4333,6.4333,6.4333,6.4333,6.4333,6.4333,6.4333,6.4333,6.4333,6.4333,6.4333,6.4333,6.4333,6.4333,6.4333,6.4333,6.4333,6.4333,6.4333,6.4333,6.4333,6.4333,6.4333,6.4333,6.4333,6.4333,6.4333,6.4333,6.4333,6.4333,6.4333,6.4333,6.4333,6.4333,6.4333,6.4333,6.4333,6.4333,6.4333,6.4333,6.4333,6.4333
6.4283,6.4283,6.4283,6.4283,6.4283,6.4283,6.4283,6.4283,6.4283,6.4283,6.4283,6.4283,6.4283,6.4283,6.4283,6.4283,6.4283,6.4283,6.4283,6.4283,6.4283,6.4283,6.4283,6.4283,6.4283,6.4283,6.4283,6.4283,6.4283,6.4283,6.4283,6.4283,6.4283,6.4283,6.4283,6.4283,6.4283,6.4283,6.4283,6.4283,6.4283,6.4283,6.4283,6.4283,6.4283,6.4283,6.4283,6.4283,6.4283,6.4283,6.4283,6.4283,6.4283,6.4283,6.4283,6.4283,6.4283,6.4283,6.4283,6.4283,6.4283,6.4283,6.4283,6.4283,6.4283,6.4283,6.4283,6.4283,6.4283,6.4283,6.4283,6.4283,6.4283,6.4283,6.4283,6.4283,6.4283,6.4283,6.4283,6.4283,6.4283,6.4283,6.4283,6.4283,6.4283,6.4283,6.4283,6.4283,6.4283,6.4283,6.4283,6.4283,6.4283,6.4283,6.4283,6.4283,6.4283,6.4283,6.4283,6.4283,6.4283,6.4283,6.4283,6.4283,6.4283,6.4283,6.4283,6.4283,6.4283,6.4283,6.4283,6.4283,6.4283,6.4283,6.4283,6.4283,6.4283,6.4283,6.4283,6.4283,6.4283,6.4283,6.4283,6.4283,6.4283,6.4283,6.4283,6.4283,6.4283,6.4283,6.4283,6.4283,6.4283,6.4283,6.4283,6.4283,6.4283,6.4283,6.4283,6.4283,6.4283,6.4283,6.4283,6.4283,6.4283,6.4283,6.4283,6.4283,6.4283,6.4283,6.4283,6.4283,6.4283,6.4283,6.4283,6.4283,6.4283,6.4283,6.4283,6.4283,6.4283,6.4283,6.4283,6.4283,6.4283,6.4283,6.4283,6.4283,6.4283,6.4283,6.4283,6.4283,6.4283,6.4283,6.4283,6.4283,6.4283,6.4283,6.4283,6.4283,6.4283,6.4283,6.4283,6.4283,6.4283,6.4283,6.4283,6.4283,6.4283,6.4283,6.4283,6.4283,6.4283,6.4283,6.4283,6.4283,6.4283,6.4283,6.4283,6.4283,6.4283,6.4283,6.4283,6.4283,6.4283,6.4283,6.4283,6.4283,6.4283,6.4283,6.4283,6.4283,6.4283,6.4283,6.4283,6.4283,6.4283,6.4283,6.4283,6.4283,6.4283,6.4283,6.4283,6.4283,6.4283,6.4283,6.4283,6.4283,6.4283,6.4283,6.4283,6.4283,6.4283,6.4283,6.4283,6.4283,6.4283,6.4283,6.4283,6.4283,6.4283,6.4283,6.4283,6.4283,6.4283,6.4283,6.4283,6.4283,6.4283,6.4283,6.4283,6.4283,6.4283,6.4283,6.4283,6.4283,6.4283,6.4283,6.4283,6.4283,6.4283,6.4283,6.4283,6.4283,6.4283,6.4283,6.4283,6.4283,6.4283,6.4283,6.4283,6.4283,6.4283,6.4283,6.4283,6.4283,6.4283,6.4283,6.4283,6.4283,6.4283,6.4283,6.4283,6.4283,6.4283,6.4283,6.4283,6.4283,6.4283,6.4283,6.4283,6.4283,6.4283,6.4283,6.4283,6.4283,6.4283,6.4283,6.4283,6.4283,6.4283,6.4283,6.4283,6.4283,6.4283,6.4283,6.4283,6.4283,6.4283,6.4283,6.4283,6.4283,6.4283,6.4283,6.4283,6.4283,6.4283,6.4283,6.4283,6.4283,6.4283,6.4283,6.4283,6.4283,6.4283,6.4283,6.4283,6.4283,6.4283,6.4283,6.4283,6.4283,6.4283,6.4283,6.4283,6.4283,6.4283,6.4283,6.4283,6.4283,6.4283,6.4283,6.4283,6.4283,6.4283,6.4283,6.4283,6.4283,6.4283,6.4283,6.4283,6.4283,6.4283,6.4283,6.4283,6.4283,6.4283,6.4283,6.4283,6.4283,6.4283,6.4283,6.4283,6.4283,6.4283,6.4283,6.4283,6.4283,6.4283,6.4283,6.4283,6.4283,6.4283,6.4283,6.4283,6.4283,6.4283,6.4283,6.4283,6.4283,6.4283,6.4283,6.4283,6.4283,6.4283,6.4283,6.4283,6.4283,6.4283,6.4283,6.4283,6.4283,6.4283,6.4283,6.4283,6.4283,6.4283,6.4283,6.4283,6.4283,6.4283,6.4283,6.4283,6.4283,6.4283,6.4283,6.4283,6.4283,6.4283,6.4283,6.4283,6.4283,6.4283,6.4283,6.4283,6.4283,6.4283,6.4283,6.4283,6.4283,6.4283,6.4283,6.4283,6.4283,6.4283,6.4283,6.4283,6.4283,6.4283,6.4283,6.4283,6.4283,6.4283,6.4283,6.4283,6.4283,6.4283,6.4283,6.4283,6.4283,6.4283,6.4283,6.4283,6.4283,6.4283,6.4283,6.4283,6.4283,6.4283,6.4283,6.4283,6.4283,6.4283,6.4283,6.4283,6.4283,6.4283,6.4283,6.4283,6.4283,6.4283,6.4283,6.4283,6.4283,6.4283,6.4283,6.4283,6.4283,6.4283,6.4283,6.4283,6.4283,6.4283,6.4283,6.4283,6.4283,6.4283,6.4283,6.4283,6.4283,6.4283,6.4283,6.4283,6.4283,6.4283,6.4283,6.4283,6.4283,6.4283,6.4283,6.4283,6.4283,6.4283,6.4283,6.4283,6.4283,6.4283,6.4283,6.4283,6.4283,6.4283,6.4283,6.4283,6.4283,6.4283,6.4283,6.4283,6.4283,6.4283,6.4283,6.4283,6.4283,6.4283,6.4283,6.4283,6.4283,6.4283,6.4283,6.4283,6.4283,6.4283,6.4283,6.4283,6.4283,6.4283,6.4283,6.4283,6.4283,6.4283,6.4283,6.4283,6.4283,6.4283,6.4283,6.4283,6.4283,6.4283,6.4283,6.4283,6.4283,6.4283,6.4283,6.4283,6.4283,6.4283,6.4283,6.4283,6.4283,6.4283,6.4283,6.4283,6.4283,6.4283,6.4283,6.4283,6.4283,6.4283,6.4283,6.4283,6.4283,6.4283,6.4283,6.4283,6.4283,6.4283,6.4283,6.4283,6.4283,6.4283,6.4283,6.4283,6.4283,6.4283,6.4283,6.4283,6.4283,6.4283,6.4283,6.4283,6.4283,6.4283,6.4283,6.4283,6.4283,6.4283,6.4283,6.4283,6.4283,6.4283,6.4283,6.4283,6.4283,6.4283,6.4283,6.4283,6.4283,6.4283,6.4283,6.4283,6.4283,6.4283,6.4283,6.4283,6.4283,6.4283,6.4283,6.4283,6.4283,6.4283,6.4283,6.4283,6.4283,6.4283,6.4283,6.4283,6.4283,6.4283,6.4283,6.4283,6.4283,6.4283,6.4283,6.4283,6.4283,6.4283,6.4283,6.4283,6.4283,6.4283,6.4283,6.4283,6.4283,6.4283,6.4283,6.4283,6.4283,6.4283,6.4283,6.4283,6.4283,6.4283,6.4283,6.4283,6.4283,6.4283,6.4283,6.4283,6.4283,6.4283,6.4283,6.4283,6.4283,6.4283,6.4283,6.4283,6.4283,6.4283,6.4283,6.4283,6.4283,6.4283,6.4283,6.4283,6.4283,6.4283,6.4283,6.4283,6.4283,6.4283,6.4283,6.4283,6.4283,6.4283,6.4283,6.4283,6.4283,6.4283,6.4283,6.4283,6.4283,6.4283,6.4283,6.4283,6.4283,6.4283,6.4283,6.4283,6.4283,6.4283,6.4283,6.4283,6.4283,6.4283,6.4283,6.4283,6.4283,6.4283,6.4283,6.4283,6.4283,6.4283,6.4283,6.4283,6.4283,6.4283,6.4283,6.4283,6.4283,6.4283,6.4283,6.4283,6.4283,6.4283,6.4283,6.4283,6.4283,6.4283,6.4283,6.4283,6.4283,6.4283,6.4283,6.4283,6.4283,6.4283,6.4283,6.4283,6.4288,6.4288,6.4288,6.4288,6.4288,6.4288,6.4288,6.4288,6.4288,6.4288,6.4288,6.4288,6.4288,6.4288,6.4288,6.4288,6.4288,6.4288,6.4288,6.4288,6.4288,6.4288,6.4288,6.4288,6.4288,6.4288,6.4288,6.4288,6.4288,6.4288,6.4288,6.4288,6.4288,6.4288,6.4288,6.4288,6.4288,6.4288,6.4288,6.4288,6.4288,6.4288,6.4288,6.4288,6.4288,6.4288,6.4288,6.4288,6.4288,6.4288,6.4288,6.4288,6.4288,6.4288,6.4288,6.4288,6.4288,6.4288,6.4288,6.4288,6.4288,6.4288,6.4288,6.4288,6.4288,6.4288,6.4288,6.4288,6.4288,6.4288,6.4288,6.4288,6.4288,6.4288,6.4288,6.4288,6.4288,6.4288,6.4288,6.4288,6.4288,6.4288,6.4288,6.4288,6.4288,6.4288,6.4288,6.4288,6.4288,6.4288,6.4288,6.4288,6.4288,6.4288,6.4288,6.4288,6.4288,6.4288,6.4288,6.4288,6.4288,6.4288,6.4288,6.4288,6.4288,6.4288,6.4288,6.4288,6.4288,6.4288,6.4288,6.4288,6.4288,6.4288,6.4288,6.4288,6.4288,6.4288,6.4288,6.4288,6.4288,6.4288,6.4288,6.4288,6.4288,6.4288,6.4288,6.4288,6.4288,6.4288,6.4288,6.4288,6.4288,6.4288,6.4288,6.4288,6.4288,6.4288,6.4288,6.4288,6.4288,6.4288,6.4288,6.4288,6.4288,6.4288,6.4288,6.4288,6.4288,6.4288,6.4288,6.4288,6.4288,6.4288,6.4288,6.4288,6.4288,6.4288,6.4288,6.4288,6.4288,6.4288,6.4288,6.4288,6.4288,6.4288,6.4288,6.4288,6.4288,6.4288,6.4288,6.4288,6.4288,6.4288,6.4288,6.4288,6.4288,6.4288,6.4288,6.4288,6.4288,6.4288,6.4288,6.4288,6.4288,6.4288,6.4288,6.4288,6.4288,6.4288,6.4288,6.4288,6.4288,6.4288,6.4288,6.4288,6.4288,6.4288,6.4288,6.4288,6.4288,6.4288,6.4288,6.4288,6.4288,6.4288,6.4288,6.4288,6.4288,6.4288,6.4288,6.4288,6.4288,6.4288,6.4288,6.4288,6.4288,6.4288,6.4288,6.4288,6.4288,6.4288,6.4288,6.4288,6.4288,6.4288,6.4288,6.4288,6.4288,6.4288,6.4288,6.4288,6.4288
6.4241,6.4241,6.4241,6.4241,6.4241,6.4241,6.4241,6.4241,6.4241,6.4241,6.4241,6.4241,6.4241,6.4241,6.4241,6.4241,6.4241,6.4241,6.4241,6.4241,6.4241,6.4241,6.4241,6.4241,6.4241,6.4241,6.4241,6.4241,6.4241,6.4241,6.4241,6.4241,6.4241,6.4241,6.4241,6.4241,6.4241,6.4241,6.4241,6.4241,6.4241,6.4241,6.4241,6.4241,6.4241,6.4241,6.4241,6.4241,6.4241,6.4241,6.4241,6.4241,6.4241,6.4241,6.4241,6.4241,6.4241,6.4241,6.4241,6.4241,6.4241,6.4241,6.4241,6.4241,6.4241,6.4241,6.4241,6.4241,6.4241,6.4241,6.4241,6.4241,6.4241,6.4241,6.4241,6.4241,6.4241,6.4241,6.4241,6.4241,6.4241,6.4241,6.4241,6.4241,6.4241,6.4241,6.4241,6.4241,6.4241,6.4241,6.4241,6.4241,6.4241,6.4241,6.4241,6.4241,6.4241,6.4241,6.4241,6.4241,6.4241,6.4241,6.4241,6.4241,6.4241,6.4241,6.4241,6.4241,6.4241,6.4241,6.4241,6.4241,6.4241,6.4241,6.4241,6.4241,6.4241,6.4241,6.4241,6.4241,6.4241,6.4241,6.4241,6.4241,6.4241,6.4241,6.4241,6.4241,6.4241,6.4241,6.4241,6.4241,6.4241,6.4241,6.4241,6.4241,6.4241,6.4241,6.4241,6.4241,6.4241,6.4241,6.4241,6.4241,6.4241,6.4241,6.4241,6.4241,6.4241,6.4241,6.4241,6.4241,6.4241,6.4241,6.4241,6.4241,6.4241,6.4241,6.4241,6.4241,6.4241,6.4241,6.4241,6.4241,6.4241,6.4241,6.4241,6.4241,6.4241,6.4241,6.4241,6.4241,6.4241,6.4241,6.4241,6.4241,6.4241,6.4241,6.4241,6.4241,6.4241,6.4241,6.4241,6.4241,6.4241,6.4241,6.4241,6.4241,6.4241,6.4241,6.4241,6.4241,6.4241,6.4241,6.4241,6.4241,6.4241,6.4241,6.4241,6.4241,6.4241,6.4241,6.4241,6.4241,6.4241,6.4241,6.4241,6.4241,6.4241,6.4241,6.4241,6.4241,6.4241,6.4241,6.4241,6.4241,6.4241,6.4241,6.4241,6.4241,6.4241,6.4241,6.4241,6.4241,6.4241,6.4241,6.4241,6.4241,6.4241,6.4241,6.4241,6.4241,6.4241,6.4241,6.4241,6.4241,6.4241,6.4241,6.4241,6.4241,6.4241,6.4241,6.4241,6.4241,6.4241,6.4241,6.4241,6.4241,6.4241,6.4241,6.4241,6.4241,6.4241,6.4241,6.4241,6.4241,6.4241,6.4241,6.4241,6.4241,6.4241,6.4241,6.4241,6.4241,6.4241,6.4241,6.4241,6.4241,6.4241,6.4241,6.4241,6.4241,6.4241,6.4241,6.4241,6.4241,6.4241,6.4241,6.4241,6.4241,6.4241,6.4241,6.4241,6.4241,6.4241,6.4241,6.4241,6.4241,6.4241,6.4241,6.4241,6.4241,6.4241,6.4241,6.4241,6.4241,6.4241,6.4241,6.4241,6.4241,6.4241,6.4241,6.4241,6.4241,6.4241,6.4241,6.4241,6.4241,6.4241,6.4241,6.4241,6.4241,6.4241,6.4241,6.4241,6.4241,6.4241,6.4241,6.4241,6.4241,6.4241,6.4241,6.4241,6.4241,6.4241,6.4241,6.4241,6.4241,6.4241,6.4241,6.4241,6.4241,6.4241,6.4241,6.4241,6.4241,6.4241,6.4241,6.4241,6.4241,6.4241,6.4241,6.4241,6.4241,6.4241,6.4241,6.4241,6.4241,6.4241,6.4241,6.4241,6.4241,6.4241,6.4241,6.4241,6.4241,6.4241,6.4241,6.4241,6.4241,6.4241,6.4241,6.4241,6.4241,6.4241,6.4241,6.4241,6.4241,6.4241,6.4241,6.4241,6.4241,6.4241,6.4241,6.4241,6.4241,6.4241,6.4241,6.4241,6.4241,6.4241,6.4241,6.4241,6.4241,6.4241,6.4241,6.4241,6.4241,6.4241,6.4241,6.4241,6.4241,6.4241,6.4241,6.4241,6.4241,6.4241,6.4241,6.4241,6.4241,6.4241,6.4241,6.4241,6.4241,6.4241,6.4241,6.4241,6.4241,6.4241,6.4241,6.4241,6.4241,6.4241,6.4241,6.4241,6.4241,6.4241,6.4241,6.4241,6.4241,6.4241,6.4241,6.4241,6.4241,6.4241,6.4241,6.4241,6.4241,6.4241,6.4241,6.4241,6.4241,6.4241,6.4241,6.4241,6.4241,6.4241,6.4241,6.4241,6.4241,6.4241,6.4241,6.4241,6.4241,6.4241,6.4241,6.4241,6.4241,6.4241,6.4241,6.4241,6.4241,6.4241,6.4241,6.4241,6.4241,6.4241,6.4241,6.4241,6.4241,6.4241,6.4241,6.4241,6.4241,6.4241,6.4241,6.4241,6.4241,6.4241,6.4241,6.4241,6.4241,6.4241,6.4241,6.4241,6.4241,6.4241,6.4241,6.4241,6.4241,6.4241,6.4241,6.4241,6.4241,6.4241,6.4241,6.4241,6.4241,6.4241,6.4241,6.4241,6.4241,6.4241,6.4241,6.4241,6.4241,6.4241,6.4241,6.4241,6.4241,6.4241,6.4241,6.4241,6.4241,6.4241,6.4241,6.4241,6.4241,6.4241,6.4241,6.4241,6.4241,6.4241,6.4241,6.4241,6.4241,6.4241,6.4241,6.4241,6.4241,6.4241,6.4241,6.4241,6.4241,6.4241,6.4241,6.4241,6.4241,6.4241,6.4241,6.4241,6.4241,6.4241,6.4241,6.4241,6.4241,6.4241,6.4241,6.4241,6.4241,6.4241,6.4241,6.4241,6.4241,6.4241,6.4241,6.4241,6.4241,6.4241,6.4241,6.4241,6.4241,6.4241,6.4241,6.4241,6.4241,6.4241,6.4241,6.4241,6.4241,6.4241,6.4241,6.4241,6.4241,6.4241,6.4241,6.4241,6.4241,6.4241,6.4241,6.4241,6.4241,6.4241,6.4241,6.4241,6.4241,6.4241,6.4241,6.4241,6.4241,6.4241,6.4241,6.4241,6.4241,6.4241,6.4241,6.4241,6.4241,6.4241,6.4241,6.4241,6.4241,6.4241,6.4241,6.4241,6.4241,6.4241,6.4241,6.4241,6.4241,6.4241,6.4241,6.4241,6.4241,6.4241,6.4241,6.4241,6.4241,6.4241,6.4241,6.4241,6.4241,6.4241,6.4241,6.4241,6.4241,6.4241,6.4241,6.4241,6.4241,6.4241,6.4241,6.4241,6.4241,6.4241,6.4241,6.4241,6.4241,6.4241,6.4241,6.4241,6.4241,6.4241,6.4241,6.4241,6.4241,6.4241,6.4241,6.4241,6.4241,6.4241,6.4241,6.4241,6.4241,6.4241,6.4241,6.4241,6.4241,6.4241,6.4241,6.4241,6.4241,6.4241,6.4241,6.4241,6.4241,6.4241,6.4241,6.4241,6.4241,6.4241,6.4241,6.4241,6.4241,6.4241,6.4241,6.4241,6.4241,6.4241,6.4241,6.4241,6.4241,6.4241,6.4241,6.4241,6.4241,6.4241,6.4241,6.4241,6.4241,6.4241,6.4241,6.4241,6.4241,6.4241,6.4241,6.4241,6.4241,6.4241,6.4241,6.4241,6.4241,6.4241,6.4241,6.4241,6.4241,6.4241,6.4241,6.4241,6.4241,6.4241,6.4241,6.4241,6.4241,6.4241,6.4241,6.4241,6.4241,6.4241,6.4241,6.4241,6.4241,6.4241,6.4241,6.4241,6.4241,6.4241,6.4241,6.4241,6.4241,6.4241,6.4241,6.4241,6.4241,6.4241,6.4241,6.4241,6.4241,6.4241,6.4241,6.4241,6.4241,6.4241,6.4241,6.4241,6.4241,6.4241,6.4241,6.4241,6.4241,6.4241,6.4241,6.4241,6.4241,6.4241,6.4241,6.4241,6.4241,6.4241,6.4241,6.4241,6.4241,6.4241,6.4241,6.4241,6.4241,6.4241,6.4241,6.4241,6.4241,6.4241,6.4241,6.4241,6.4241,6.4241,6.4241,6.4241,6.4241,6.4241,6.4241,6.4241,6.4241,6.4241,6.4241,6.4241,6.4241,6.4241,6.4241,6.4241,6.4241,6.4241,6.4241,6.4241,6.4241,6.4241,6.4241,6.4241,6.4241,6.4241,6.4241,6.4241,6.4241,6.4241,6.4241,6.4241,6.4241,6.4241,6.4241,6.4241,6.4241,6.4241,6.4241,6.4241,6.4241,6.4241,6.4241,6.4241,6.4241,6.4241,6.4241,6.4241,6.4241,6.4241,6.4241,6.4241,6.4241,6.4241,6.4241,6.4241,6.4241,6.4241,6.4241,6.4241,6.4241,6.4241,6.4241,6.4241,6.4241,6.4241,6.4241,6.4241,6.4241,6.4241,6.4241,6.4241,6.4241,6.4241,6.4241,6.4241,6.4237,6.4237,6.4237,6.4237,6.4237,6.4237,6.4237,6.4237,6.4237,6.4237,6.4237,6.4237,6.4237,6.4237,6.4237,6.4237,6.4237,6.4237,6.4237,6.4237,6.4237,6.4237,6.4237,6.4237,6.4237,6.4237,6.4237,6.4237,6.4237,6.4237,6.4237,6.4237,6.4237,6.4237,6.4237,6.4237,6.4237,6.4237,6.4237,6.4237,6.4237,6.4237,6.4237,6.4237,6.4237,6.4237,6.4237,6.4237,6.4237,6.4237,6.4237,6.4237,6.4237,6.4237,6.4237,6.4237,6.4237,6.4237,6.4237,6.4237,6.4237,6.4237,6.4237,6.4237,6.4237,6.4237,6.4237,6.4237,6.4237,6.4237,6.4237,6.4237,6.4237,6.4237,6.4237,6.4237,6.4237,6.4237,6.4237,6.4237,6.4237,6.4237,6.4237,6.4237,6.4237,6.4237,6.4237,6.4237,6.4237,6.4237,6.4237,6.4237,6.4237,6.4237,6.4237,6.4237,6.4237,6.4237,6.4237,6.4237,6.4237,6.4237,6.4237,6.4237,6.4237,6.4237,6.4237,6.4237,6.4237,6.4237,6.4237,6.4237,6.4237,6.4237,6.4237,6.4237,6.4237,6.4237,6.4237,6.4237,6.4237
6.4195,6.4195,6.4195,6.4195,6.4195,6.4195,6.4195,6.4195,6.4195,6.4195,6.4195,6.4195,6.4195,6.4195,6.4195,6.4195,6.4195,6.4195,6.4195,6.4195,6.4195,6.4195,6.4195,6.4195,6.4195,6.4195,6.4195,6.4195,6.4195,6.4195,6.4195,6.4195,6.4195,6.4195,6.4195,6.4195,6.4195,6.4195,6.4195,6.4195,6.4195,6.4195,6.4195,6.4195,6.4195,6.4195,6.4195,6.4195,6.4195,6.4195,6.4195,6.4195,6.4195,6.4195,6.4195,6.4195,6.4195,6.4195,6.4195,6.4195,6.4195,6.4195,6.4195,6.4195,6.4195,6.4195,6.4195,6.4195,6.4195,6.4195,6.4195,6.4195,6.4195,6.4195,6.4195,6.4195,6.4195,6.4195,6.4195,6.4195,6.4195,6.4195,6.4195,6.4195,6.4195,6.4195,6.4195,6.4195,6.4195,6.4195,6.4195,6.4195,6.4195,6.4195,6.4195,6.4195,6.4195,6.4195,6.4195,6.4195,6.4195,6.4195,6.4195,6.4195,6.4195,6.4195,6.4195,6.4190,6.4190,6.4190,6.4190,6.4190,6.4190,6.4190,6.4190,6.4190,6.4190,6.4190,6.4190,6.4190,6.4190,6.4190,6.4190,6.4190,6.4190,6.4190,6.4190,6.4190,6.4190,6.4190,6.4190,6.4190,6.4190,6.4190,6.4190,6.4190,6.4190,6.4190,6.4190,6.4190,6.4190,6.4190,6.4190,6.4190,6.4190,6.4190,6.4190,6.4190,6.4190,6.4190,6.4190,6.4190,6.4190,6.4190,6.4190,6.4190,6.4190,6.4190,6.4190,6.4190,6.4190,6.4190,6.4190,6.4190,6.4190,6.4190,6.4190,6.4190,6.4190,6.4190,6.4190,6.4190,6.4190,6.4190,6.4190,6.4190,6.4190,6.4190,6.4190,6.4190,6.4190,6.4190,6.4190,6.4190,6.4190,6.4190,6.4190,6.4190,6.4190,6.4190,6.4190,6.4190,6.4190,6.4190,6.4190,6.4190,6.4190,6.4190,6.4190,6.4190,6.4190,6.4190,6.4190,6.4190,6.4190,6.4190,6.4190,6.4190,6.4190,6.4190,6.4190,6.4190,6.4190,6.4190,6.4190,6.4190,6.4190,6.4190,6.4190,6.4190,6.4190,6.4190,6.4190,6.4190,6.4190,6.4190,6.4190,6.4190,6.4190,6.4190,6.4190,6.4190,6.4190,6.4190,6.4190,6.4190,6.4190,6.4190,6.4190,6.4190,6.4190,6.4190,6.4190,6.4190,6.4190,6.4190,6.4190,6.4190,6.4190,6.4190,6.4190,6.4190,6.4190,6.4190,6.4190,6.4190,6.4190,6.4190,6.4190,6.4190,6.4190,6.4190,6.4190,6.4190,6.4190,6.4190,6.4190,6.4190,6.4190,6.4190,6.4190,6.4190,6.4190,6.4190,6.4190,6.4190,6.4190,6.4190,6.4190,6.4190,6.4190,6.4190,6.4190,6.4190,6.4190,6.4190,6.4190,6.4190,6.4190,6.4190,6.4190,6.4190,6.4190,6.4190,6.4190,6.4190,6.4190,6.4190,6.4190,6.4190,6.4190,6.4190,6.4190,6.4190,6.4190,6.4190,6.4190,6.4190,6.4190,6.4190,6.4190,6.4190,6.4190,6.4190,6.4190,6.4190,6.4190,6.4190,6.4190,6.4190,6.4190,6.4190,6.4190,6.4190,6.4190,6.4190,6.4190,6.4190,6.4190,6.4190,6.4190,6.4190,6.4190,6.4190,6.4190,6.4190,6.4190,6.4190,6.4190,6.4190,6.4190,6.4190,6.4190,6.4190,6.4190,6.4190,6.4190,6.4190,6.4190,6.4190,6.4190,6.4190,6.4190,6.4190,6.4190,6.4190,6.4190,6.4190,6.4190,6.4190,6.4190,6.4190,6.4190,6.4190,6.4190,6.4190,6.4190,6.4190,6.4190,6.4190,6.4190,6.4190,6.4190,6.4190,6.4190,6.4190,6.4190,6.4190,6.4190,6.4190,6.4190,6.4190,6.4190,6.4190,6.4190,6.4190,6.4190,6.4190,6.4190,6.4190,6.4190,6.4190,6.4190,6.4190,6.4190,6.4190,6.4190,6.4190,6.4190,6.4190,6.4190,6.4190,6.4190,6.4190,6.4190,6.4190,6.4190,6.4190,6.4190,6.4190,6.4190,6.4190,6.4190,6.4190,6.4190,6.4190,6.4190,6.4190,6.4190,6.4190,6.4190,6.4190,6.4190,6.4190,6.4190,6.4190,6.4190,6.4190,6.4190,6.4190,6.4190,6.4190,6.4190,6.4190,6.4190,6.4190,6.4190,6.4190,6.4190,6.4190,6.4190,6.4190,6.4190,6.4190,6.4190,6.4190,6.4190,6.4190,6.4190,6.4190,6.4190,6.4190,6.4190,6.4190,6.4190,6.4190,6.4190,6.4190,6.4190,6.4190,6.4190,6.4190,6.4190,6.4190,6.4190,6.4190,6.4190,6.4190,6.4190,6.4190,6.4190,6.4190,6.4190,6.4190,6.4190,6.4190,6.4190,6.4190,6.4190,6.4190,6.4190,6.4190,6.4190,6.4190,6.4190,6.4190,6.4190,6.4190,6.4190,6.4190,6.4190,6.4190,6.4190,6.4190,6.4190,6.4190,6.4190,6.4190,6.4190,6.4190,6.4190,6.4190,6.4190,6.4190,6.4190,6.4190,6.4190,6.4190,6.4190,6.4190,6.4190,6.4190,6.4190,6.4190,6.4190,6.4190,6.4190,6.4190,6.4190,6.4190,6.4190,6.4190,6.4190,6.4190,6.4190,6.4190,6.4190,6.4190,6.4190,6.4190,6.4190,6.4190,6.4190,6.4190,6.4190,6.4190,6.4190,6.4190,6.4190,6.4190,6.4190,6.4190,6.4190,6.4190,6.4190,6.4190,6.4190,6.4190,6.4190,6.4190,6.4190,6.4190,6.4190,6.4190,6.4190,6.4190,6.4190,6.4190,6.4190,6.4190,6.4190,6.4190,6.4190,6.4190,6.4190,6.4190,6.4190,6.4190,6.4190,6.4190,6.4190,6.4190,6.4190,6.4190,6.4190,6.4190,6.4190,6.4190,6.4190,6.4190,6.4190,6.4190,6.4190,6.4190,6.4190,6.4190,6.4190,6.4190,6.4190,6.4190,6.4190,6.4190,6.4190,6.4190,6.4190,6.4190,6.4190,6.4190,6.4190,6.4190,6.4190,6.4190,6.4190,6.4190,6.4190,6.4190,6.4190,6.4190,6.4190,6.4190,6.4190,6.4190,6.4190,6.4190,6.4190,6.4190,6.4190,6.4190,6.4190,6.4190,6.4190,6.4190,6.4190,6.4190,6.4190,6.4190,6.4190,6.4190,6.4190,6.4190,6.4190,6.4190,6.4190,6.4190,6.4190,6.4190,6.4190,6.4190,6.4190,6.4190,6.4190,6.4190,6.4190,6.4190,6.4190,6.4190,6.4190,6.4190,6.4190,6.4190,6.4190,6.4190,6.4190,6.4190,6.4190,6.4190,6.4190,6.4190,6.4190,6.4190,6.4190,6.4190,6.4190,6.4190,6.4190,6.4190,6.4190,6.4190,6.4190,6.4190,6.4190,6.4190,6.4190,6.4190,6.4190,6.4190,6.4190,6.4190,6.4190,6.4190,6.4190,6.4190,6.4190,6.4190,6.4190,6.4190,6.4190,6.4190,6.4190,6.4190,6.4190,6.4190,6.4190,6.4190,6.4190,6.4190,6.4190,6.4190,6.4190,6.4190,6.4190,6.4190,6.4190,6.4190,6.4190,6.4190,6.4190,6.4190,6.4190,6.4190,6.4190,6.4190,6.4190,6.4190,6.4190,6.4190,6.4190,6.4190,6.4190,6.4190,6.4190,6.4190,6.4190,6.4190,6.4190,6.4190,6.4190,6.4190,6.4190,6.4190,6.4190,6.4190,6.4190,6.4190,6.4190,6.4190,6.4190,6.4190,6.4190,6.4190,6.4190,6.4190,6.4190,6.4190,6.4190,6.4190,6.4190,6.4190,6.4190,6.4190,6.4190,6.4190,6.4190,6.4190,6.4190,6.4190,6.4190,6.4190,6.4190,6.4190,6.4190,6.4190,6.4190,6.4190,6.4190,6.4190,6.4190,6.4190,6.4190,6.4190,6.4190,6.4190,6.4190,6.4190,6.4190,6.4190,6.4190,6.4190,6.4190,6.4190,6.4190,6.4190,6.4190,6.4190,6.4190,6.4190,6.4190,6.4190,6.4190,6.4190,6.4190,6.4190,6.4190,6.4190,6.4190,6.4190,6.4190,6.4190,6.4190,6.4190,6.4190,6.4190,6.4190,6.4190,6.4190,6.4190,6.4190,6.4190,6.4190,6.4190,6.4190,6.4190,6.4190,6.4190,6.4190,6.4190,6.4190,6.4190,6.4190,6.4190,6.4190,6.4190,6.4190,6.4190,6.4190,6.4190,6.4190,6.4190,6.4190,6.4190,6.4190,6.4190,6.4190,6.4190,6.4190,6.4190,6.4190,6.4190,6.4190,6.4190,6.4190,6.4190,6.4190,6.4190,6.4190,6.4190,6.4190,6.4190,6.4190,6.4190,6.4190,6.4190,6.4190,6.4190,6.4190,6.4190,6.4190,6.4190,6.4190,6.4190,6.4190,6.4190,6.4190,6.4190,6.4190,6.4190,6.4190,6.4190,6.4190,6.4190,6.4190,6.4190,6.4190,6.4190,6.4190,6.4190,6.4190,6.4190,6.4190,6.4195,6.4195,6.4195,6.4195,6.4195,6.4195,6.4195,6.4195,6.4195,6.4195,6.4195,6.4195,6.4195,6.4195,6.4195,6.4195,6.4195,6.4195,6.4195,6.4195,6.4195,6.4195,6.4195,6.4195,6.4195,6.4195,6.4195,6.4195,6.4195,6.4195,6.4195,6.4195,6.4195,6.4195,6.4195,6.4195,6.4195,6.4195,6.4195,6.4195,6.4195,6.4195,6.4195,6.4195,6.4195,6.4195,6.4195,6.4195,6.4195,6.4195,6.4195,6.4195,6.4195,6.4195,6.4195,6.4195,6.4195,6.4195,6.4195,6.4195,6.4195,6.4195,6.4195,6.4195,6.4195,6.4195,6.4195,6.4195,6.4195,6.4195,6.4195,6.4195,6.4195,6.4195,6.4195,6.4195,6.4195,6.4195,6.4195,6.4195,6.4195
6.4143,6.4143,6.4143,6.4143,6.4143,6.4143,6.4143,6.4143,6.4143,6.4143,6.4143,6.4143,6.4143,6.4143,6.4143,6.4143,6.4143,6.4143,6.4143,6.4143,6.4143,6.4143,6.4143,6.4143,6.4143,6.4143,6.4143,6.4143,6.4143,6.4143,6.4143,6.4143,6.4143,6.4143,6.4143,6.4143,6.4143,6.4143,6.4143,6.4143,6.4143,6.4143,6.4143,6.4143,6.4143,6.4143,6.4143,6.4143,6.4143,6.4143,6.4143,6.4143,6.4143,6.4143,6.4143,6.4143,6.4143,6.4143,6.4143,6.4143,6.4143,6.4143,6.4143,6.4143,6.4143,6.4143,6.4143,6.4143,6.4143,6.4143,6.4143,6.4143,6.4143,6.4143,6.4143,6.4143,6.4143,6.4143,6.4143,6.4143,6.4143,6.4143,6.4143,6.4143,6.4143,6.4143,6.4143,6.4143,6.4143,6.4143,6.4143,6.4143,6.4143,6.4143,6.4143,6.4143,6.4143,6.4143,6.4143,6.4143,6.4143,6.4143,6.4143,6.4143,6.4143,6.4143,6.4143,6.4143,6.4143,6.4143,6.4143,6.4143,6.4143,6.4143,6.4143,6.4143,6.4143,6.4143,6.4143,6.4143,6.4143,6.4143,6.4143,6.4143,6.4143,6.4143,6.4143,6.4143,6.4143,6.4143,6.4143,6.4143,6.4143,6.4143,6.4143,6.4143,6.4143,6.4143,6.4143,6.4143,6.4143,6.4143,6.4143,6.4143,6.4143,6.4143,6.4143,6.4143,6.4143,6.4143,6.4143,6.4143,6.4143,6.4143,6.4143,6.4143,6.4143,6.4143,6.4143,6.4143,6.4143,6.4143,6.4143,6.4143,6.4143,6.4143,6.4143,6.4143,6.4143,6.4143,6.4143,6.4143,6.4143,6.4143,6.4143,6.4143,6.4143,6.4143,6.4143,6.4143,6.4143,6.4143,6.4143,6.4143,6.4143,6.4143,6.4143,6.4143,6.4143,6.4143,6.4143,6.4143,6.4143,6.4143,6.4143,6.4143,6.4143,6.4143,6.4143,6.4143,6.4143,6.4143,6.4143,6.4143,6.4143,6.4143,6.4143,6.4143,6.4143,6.4143,6.4143,6.4143,6.4143,6.4143,6.4143,6.4143,6.4143,6.4143,6.4143,6.4143,6.4143,6.4143,6.4143,6.4143,6.4143,6.4143,6.4143,6.4143,6.4143,6.4143,6.4143,6.4143,6.4143,6.4143,6.4143,6.4143,6.4143,6.4143,6.4143,6.4143,6.4143,6.4143,6.4143,6.4143,6.4143,6.4143,6.4143,6.4143,6.4143,6.4143,6.4143,6.4143,6.4143,6.4143,6.4143,6.4143,6.4143,6.4143,6.4143,6.4143,6.4143,6.4143,6.4143,6.4143,6.4143,6.4143,6.4143,6.4143,6.4143,6.4143,6.4143,6.4143,6.4143,6.4143,6.4143,6.4143,6.4143,6.4143,6.4143,6.4143,6.4143,6.4143,6.4143,6.4143,6.4143,6.4143,6.4143,6.4143,6.4143,6.4143,6.4143,6.4143,6.4143,6.4143,6.4143,6.4143,6.4143,6.4143,6.4143,6.4143,6.4143,6.4143,6.4143,6.4143,6.4143,6.4143,6.4143,6.4143,6.4143,6.4143,6.4143,6.4143,6.4143,6.4143,6.4143,6.4143,6.4143,6.4143,6.4143,6.4143,6.4143,6.4143,6.4143,6.4143,6.4143,6.4143,6.4143,6.4143,6.4143,6.4143,6.4143,6.4143,6.4143,6.4143,6.4143,6.4143,6.4143,6.4143,6.4143,6.4143,6.4143,6.4143,6.4143,6.4143,6.4143,6.4143,6.4143,6.4143,6.4143,6.4143,6.4143,6.4143,6.4143,6.4143,6.4143,6.4143,6.4143,6.4143,6.4143,6.4143,6.4143,6.4143,6.4143,6.4143,6.4143,6.4143,6.4143,6.4143,6.4143,6.4143,6.4143,6.4143,6.4143,6.4143,6.4143,6.4143,6.4143,6.4143,6.4143,6.4143,6.4143,6.4143,6.4143,6.4143,6.4143,6.4143,6.4143,6.4143,6.4143,6.4143,6.4143,6.4143,6.4143,6.4143,6.4143,6.4143,6.4143,6.4143,6.4143,6.4143,6.4143,6.4143,6.4143,6.4143,6.4143,6.4143,6.4143,6.4143,6.4143,6.4143,6.4143,6.4143,6.4143,6.4143,6.4143,6.4143,6.4143,6.4143,6.4143,6.4143,6.4143,6.4143,6.4143,6.4143,6.4143,6.4143,6.4143,6.4143,6.4143,6.4143,6.4143,6.4143,6.4143,6.4143,6.4143,6.4143,6.4143,6.4143,6.4143,6.4143,6.4143,6.4143,6.4143,6.4143,6.4143,6.4143,6.4143,6.4143,6.4143,6.4143,6.4143,6.4143,6.4143,6.4143,6.4143,6.4143,6.4143,6.4143,6.4143,6.4143,6.4143,6.4143,6.4143,6.4143,6.4143,6.4143,6.4143,6.4143,6.4143,6.4143,6.4143,6.4143,6.4143,6.4143,6.4143,6.4143,6.4143,6.4143,6.4143,6.4143,6.4143,6.4143,6.4143,6.4143,6.4143,6.4143,6.4143,6.4143,6.4143,6.4143,6.4143,6.4143,6.4143,6.4143,6.4143,6.4143,6.4143,6.4143,6.4143,6.4143,6.4143,6.4143,6.4143,6.4143,6.4143,6.4143,6.4143,6.4143,6.4143,6.4143,6.4143,6.4143,6.4143,6.4143,6.4143,6.4143,6.4143,6.4143,6.4143,6.4143,6.4143,6.4143,6.4143,6.4143,6.4143,6.4143,6.4143,6.4143,6.4143,6.4143,6.4143,6.4143,6.4143,6.4143,6.4143,6.4143,6.4143,6.4143,6.4143,6.4143,6.4143,6.4143,6.4143,6.4143,6.4143,6.4143,6.4143,6.4143,6.4143,6.4143,6.4143,6.4143,6.4143,6.4143,6.4143,6.4143,6.4143,6.4143,6.4143,6.4143,6.4143,6.4143,6.4143,6.4143,6.4143,6.4143,6.4143,6.4143,6.4143,6.4143,6.4143,6.4143,6.4143,6.4143,6.4143,6.4143,6.4143,6.4143,6.4143,6.4143,6.4143,6.4143,6.4143,6.4143,6.4143,6.4143,6.4143,6.4143,6.4143,6.4143,6.4143,6.4143,6.4143,6.4143,6.4143,6.4143,6.4143,6.4143,6.4143,6.4143,6.4143,6.4143,6.4143,6.4143,6.4143,6.4143,6.4143,6.4143,6.4143,6.4143,6.4143,6.4143,6.4143,6.4143,6.4143,6.4143,6.4143,6.4143,6.4143,6.4143,6.4143,6.4143,6.4143,6.4143,6.4143,6.4143,6.4143,6.4143,6.4143,6.4143,6.4143,6.4143,6.4143,6.4143,6.4143,6.4143,6.4143,6.4143,6.4143,6.4143,6.4143,6.4143,6.4143,6.4143,6.4143,6.4143,6.4143,6.4143,6.4143,6.4143,6.4143,6.4143,6.4143,6.4143,6.4143,6.4143,6.4143,6.4143,6.4143,6.4143,6.4143,6.4143,6.4143,6.4143,6.4143,6.4143,6.4143,6.4143,6.4143,6.4143,6.4143,6.4143,6.4143,6.4143,6.4143,6.4143,6.4143,6.4143,6.4143,6.4143,6.4143,6.4143,6.4143,6.4143,6.4143,6.4143,6.4143,6.4143,6.4143,6.4143,6.4143,6.4143,6.4143,6.4143,6.4143,6.4143,6.4143,6.4143,6.4143,6.4143,6.4143,6.4143,6.4143,6.4143,6.4143,6.4143,6.4143,6.4143,6.4143,6.4143,6.4143,6.4143,6.4143,6.4143,6.4143,6.4143,6.4143,6.4143,6.4143,6.4143,6.4143,6.4143,6.4143,6.4143,6.4143,6.4143,6.4143,6.4143,6.4143,6.4143,6.4143,6.4143,6.4143,6.4143,6.4143,6.4143,6.4143,6.4143,6.4143,6.4143,6.4143,6.4143,6.4143,6.4143,6.4143,6.4143,6.4143,6.4143,6.4143,6.4143,6.4143,6.4143,6.4143,6.4143,6.4143,6.4143,6.4143,6.4143,6.4143,6.4143,6.4143,6.4143,6.4143,6.4143,6.4143,6.4143,6.4143,6.4143,6.4143,6.4143,6.4143,6.4143,6.4143,6.4143,6.4143,6.4143,6.4143,6.4143,6.4143,6.4143,6.4143,6.4143,6.4143,6.4143,6.4143,6.4143,6.4143,6.4143,6.4143,6.4143,6.4143,6.4143,6.4143,6.4143,6.4143,6.4143,6.4143,6.4143,6.4143,6.4143,6.4143,6.4143,6.4143,6.4143,6.4143,6.4143,6.4143,6.4143,6.4143,6.4143,6.4143,6.4143,6.4143,6.4143,6.4143,6.4143,6.4143,6.4143,6.4143,6.4143,6.4143,6.4143,6.4143,6.4148,6.4148,6.4148,6.4148,6.4148,6.4148,6.4148,6.4148,6.4148,6.4148,6.4148,6.4148,6.4148,6.4148,6.4148,6.4148,6.4148,6.4148,6.4148,6.4148,6.4148,6.4148,6.4148,6.4148,6.4148,6.4148,6.4148,6.4148,6.4148,6.4148,6.4148,6.4148,6.4148,6.4148,6.4148,6.4148,6.4148,6.4148,6.4148,6.4148,6.4148,6.4148,6.4148,6.4148,6.4148,6.4148,6.4148,6.4148,6.4148,6.4148,6.4148,6.4148,6.4148,6.4148,6.4148,6.4148,6.4148,6.4148,6.4148,6.4148,6.4148,6.4148,6.4148,6.4148,6.4148,6.4148,6.4148,6.4148,6.4148,6.4148,6.4148,6.4148,6.4148,6.4148,6.4148,6.4148,6.4148,6.4148,6.4148,6.4148,6.4148,6.4148,6.4148,6.4148,6.4148,6.4148,6.4148,6.4148,6.4148,6.4148,6.4148,6.4148,6.4148,6.4148,6.4148,6.4148,6.4148,6.4148,6.4148,6.4148,6.4148,6.4148,6.4148,6.4148,6.4148,6.4148,6.4148,6.4148,6.4148,6.4148,6.4148,6.4148,6.4148,6.4148,6.4148,6.4148,6.4148,6.4148,6.4148,6.4148,6.4148,6.4148,6.4148,6.4148,6.4148,6.4148,6.4148,6.4148,6.4148,6.4148,6.4148,6.4148,6.4148,6.4148,6.4148,6.4148,6.4148
6.4099,6.4099,6.4099,6.4099,6.4099,6.4099,6.4099,6.4099,6.4099,6.4099,6.4099,6.4099,6.4099,6.4099,6.4099,6.4099,6.4099,6.4099,6.4099,6.4099,6.4099,6.4099,6.4099,6.4099,6.4099,6.4099,6.4099,6.4099,6.4099,6.4099,6.4099,6.4099,6.4099,6.4099,6.4099,6.4099,6.4099,6.4099,6.4099,6.4099,6.4099,6.4099,6.4099,6.4099,6.4099,6.4099,6.4099,6.4099,6.4099,6.4099,6.4099,6.4099,6.4099,6.4099,6.4099,6.4099,6.4099,6.4099,6.4099,6.4099,6.4099,6.4099,6.4099,6.4099,6.4099,6.4099,6.4099,6.4099,6.4099,6.4099,6.4099,6.4099,6.4099,6.4099,6.4099,6.4099,6.4099,6.4099,6.4099,6.4099,6.4099,6.4099,6.4099,6.4099,6.4099,6.4099,6.4099,6.4099,6.4099,6.4099,6.4099,6.4099,6.4099,6.4099,6.4099,6.4099,6.4099,6.4099,6.4099,6.4099,6.4099,6.4099,6.4099,6.4099,6.4099,6.4099,6.4099,6.4099,6.4099,6.4099,6.4099,6.4099,6.4099,6.4099,6.4099,6.4099,6.4099,6.4099,6.4099,6.4099,6.4099,6.4099,6.4099,6.4099,6.4099,6.4099,6.4099,6.4099,6.4099,6.4099,6.4099,6.4099,6.4099,6.4099,6.4099,6.4099,6.4099,6.4099,6.4099,6.4099,6.4099,6.4099,6.4099,6.4099,6.4099,6.4099,6.4099,6.4099,6.4099,6.4099,6.4099,6.4099,6.4099,6.4099,6.4099,6.4099,6.4099,6.4099,6.4099,6.4099,6.4099,6.4099,6.4099,6.4099,6.4099,6.4099,6.4099,6.4099,6.4099,6.4099,6.4099,6.4099,6.4099,6.4099,6.4099,6.4099,6.4099,6.4099,6.4099,6.4099,6.4099,6.4099,6.4099,6.4099,6.4099,6.4099,6.4099,6.4099,6.4099,6.4099,6.4099,6.4099,6.4099,6.4099,6.4099,6.4099,6.4099,6.4099,6.4099,6.4099,6.4099,6.4099,6.4099,6.4099,6.4099,6.4099,6.4099,6.4099,6.4099,6.4099,6.4099,6.4099,6.4099,6.4099,6.4099,6.4099,6.4099,6.4099,6.4099,6.4099,6.4099,6.4099,6.4099,6.4099,6.4099,6.4099,6.4099,6.4099,6.4099,6.4099,6.4099,6.4099,6.4099,6.4099,6.4099,6.4099,6.4099,6.4099,6.4099,6.4099,6.4099,6.4099,6.4099,6.4099,6.4099,6.4099,6.4099,6.4099,6.4099,6.4099,6.4099,6.4099,6.4099,6.4099,6.4099,6.4099,6.4099,6.4099,6.4099,6.4099,6.4099,6.4099,6.4099,6.4099,6.4099,6.4099,6.4099,6.4099,6.4099,6.4099,6.4099,6.4099,6.4099,6.4099,6.4099,6.4099,6.4099,6.4099,6.4099,6.4099,6.4099,6.4099,6.4099,6.4099,6.4099,6.4099,6.4099,6.4099,6.4099,6.4099,6.4099,6.4099,6.4099,6.4099,6.4099,6.4099,6.4099,6.4099,6.4099,6.4099,6.4099,6.4099,6.4099,6.4099,6.4099,6.4099,6.4099,6.4099,6.4099,6.4099,6.4099,6.4099,6.4099,6.4099,6.4099,6.4099,6.4099,6.4099,6.4099,6.4099,6.4099,6.4099,6.4099,6.4099,6.4099,6.4099,6.4099,6.4099,6.4099,6.4099,6.4099,6.4099,6.4099,6.4099,6.4099,6.4099,6.4099,6.4099,6.4099,6.4099,6.4099,6.4099,6.4099,6.4099,6.4099,6.4099,6.4099,6.4099,6.4099,6.4099,6.4099,6.4099,6.4099,6.4099,6.4099,6.4099,6.4099,6.4099,6.4099,6.4099,6.4099,6.4099,6.4099,6.4099,6.4099,6.4099,6.4099,6.4099,6.4099,6.4099,6.4099,6.4099,6.4099,6.4099,6.4099,6.4099,6.4099,6.4099,6.4099,6.4099,6.4099,6.4099,6.4099,6.4099,6.4099,6.4099,6.4099,6.4099,6.4099,6.4099,6.4099,6.4099,6.4099,6.4099,6.4099,6.4099,6.4099,6.4099,6.4099,6.4099,6.4099,6.4099,6.4099,6.4099,6.4099,6.4099,6.4099,6.4099,6.4099,6.4099,6.4099,6.4099,6.4099,6.4099,6.4099,6.4099,6.4099,6.4099,6.4099,6.4099,6.4099,6.4099,6.4099,6.4099,6.4099,6.4099,6.4099,6.4099,6.4099,6.4099,6.4099,6.4099,6.4099,6.4099,6.4099,6.4099,6.4099,6.4099,6.4099,6.4099,6.4099,6.4099,6.4099,6.4099,6.4099,6.4099,6.4099,6.4099,6.4099,6.4099,6.4099,6.4099,6.4099,6.4099,6.4099,6.4099,6.4099,6.4099,6.4099,6.4099,6.4099,6.4099,6.4099,6.4099,6.4099,6.4099,6.4099,6.4099,6.4099,6.4099,6.4099,6.4099,6.4099,6.4099,6.4099,6.4099,6.4099,6.4099,6.4099,6.4099,6.4099,6.4099,6.4099,6.4099,6.4099,6.4099,6.4099,6.4099,6.4099,6.4099,6.4099,6.4099,6.4099,6.4099,6.4099,6.4099,6.4099,6.4099,6.4099,6.4099,6.4099,6.4099,6.4099,6.4099,6.4099,6.4099,6.4099,6.4099,6.4099,6.4099,6.4099,6.4099,6.4099,6.4099,6.4099,6.4099,6.4099,6.4099,6.4099,6.4099,6.4099,6.4099,6.4099,6.4099,6.4099,6.4099,6.4099,6.4099,6.4099,6.4099,6.4099,6.4099,6.4099,6.4099,6.4099,6.4099,6.4099,6.4099,6.4099,6.4099,6.4099,6.4099,6.4099,6.4099,6.4099,6.4099,6.4099,6.4099,6.4099,6.4099,6.4099,6.4099,6.4099,6.4099,6.4099,6.4099,6.4099,6.4099,6.4099,6.4099,6.4099,6.4099,6.4099,6.4099,6.4099,6.4099,6.4099,6.4099,6.4099,6.4099,6.4099,6.4099,6.4099,6.4099,6.4099,6.4099,6.4099,6.4099,6.4099,6.4099,6.4099,6.4099,6.4099,6.4099,6.4099,6.4099,6.4099,6.4099,6.4099,6.4099,6.4099,6.4099,6.4099,6.4099,6.4099,6.4099,6.4099,6.4099,6.4099,6.4099,6.4099,6.4099,6.4099,6.4099,6.4099,6.4099,6.4099,6.4099,6.4099,6.4099,6.4099,6.4099,6.4099,6.4099,6.4099,6.4099,6.4099,6.4099,6.4099,6.4099,6.4099,6.4099,6.4099,6.4099,6.4099,6.4099,6.4099,6.4099,6.4099,6.4099,6.4099,6.4099,6.4099,6.4099,6.4099,6.4099,6.4099,6.4099,6.4099,6.4099,6.4099,6.4099,6.4099,6.4099,6.4099,6.4099,6.4099,6.4099,6.4099,6.4104,6.4104,6.4104,6.4104,6.4104,6.4104,6.4104,6.4104,6.4104,6.4104,6.4104,6.4104,6.4104,6.4104,6.4104,6.4104,6.4104,6.4104,6.4104,6.4104,6.4104,6.4104,6.4104,6.4104,6.4104,6.4104,6.4104,6.4104,6.4104,6.4104,6.4104,6.4104,6.4104,6.4104,6.4104,6.4104,6.4104,6.4104,6.4104,6.4104,6.4104,6.4104,6.4104,6.4104,6.4104,6.4104,6.4104,6.4104,6.4104,6.4104,6.4104,6.4104,6.4104,6.4104,6.4104,6.4104,6.4104,6.4104,6.4104,6.4104,6.4104,6.4104,6.4104,6.4104,6.4104,6.4104,6.4104,6.4104,6.4104,6.4104,6.4104,6.4104,6.4104,6.4104,6.4104,6.4104,6.4104,6.4104,6.4104,6.4104,6.4104,6.4104,6.4104,6.4104,6.4104,6.4104,6.4104,6.4104,6.4104,6.4104,6.4104,6.4104,6.4104,6.4104,6.4104,6.4104,6.4104,6.4104,6.4104,6.4104,6.4104,6.4104,6.4104,6.4104,6.4104,6.4104,6.4104,6.4104,6.4104,6.4104,6.4104,6.4104,6.4104,6.4104,6.4104,6.4104,6.4104,6.4104,6.4104,6.4104,6.4104,6.4104,6.4104,6.4104,6.4104,6.4104,6.4104,6.4104,6.4104,6.4104,6.4104,6.4104,6.4104,6.4104,6.4104,6.4104,6.4104,6.4104,6.4104,6.4104,6.4104,6.4104,6.4104,6.4104,6.4104,6.4104,6.4104,6.4104,6.4104,6.4104,6.4104,6.4104,6.4104,6.4104,6.4104,6.4104,6.4104,6.4104,6.4104,6.4104,6.4104,6.4104,6.4104,6.4104,6.4104,6.4104,6.4104,6.4104,6.4104,6.4104,6.4104,6.4104,6.4104,6.4104,6.4104,6.4104,6.4104,6.4104,6.4104,6.4104,6.4104,6.4104,6.4104,6.4104,6.4104,6.4104,6.4104,6.4104,6.4104,6.4104,6.4104,6.4104,6.4104,6.4104,6.4104,6.4104,6.4104,6.4104,6.4104,6.4104,6.4104,6.4104,6.4104,6.4104,6.4104,6.4104,6.4104,6.4104,6.4104,6.4104,6.4104,6.4104,6.4104,6.4104,6.4104,6.4104,6.4104,6.4104,6.4104,6.4104,6.4104,6.4104,6.4104,6.4104,6.4104,6.4104,6.4104,6.4104,6.4104,6.4104,6.4104,6.4104,6.4104,6.4104,6.4104,6.4104,6.4104,6.4104,6.4104,6.4104,6.4104,6.4104,6.4104,6.4104,6.4104,6.4104,6.4104,6.4104,6.4104,6.4104,6.4104,6.4104,6.4104,6.4104,6.4104,6.4104,6.4104,6.4104,6.4104,6.4104,6.4104,6.4104,6.4104,6.4104,6.4104,6.4104,6.4104,6.4104,6.4104,6.4104,6.4104,6.4104,6.4104,6.4104,6.4104,6.4104,6.4104,6.4104,6.4104,6.4104,6.4104,6.4104,6.4104,6.4104,6.4104,6.4104,6.4104,6.4104,6.4104,6.4104,6.4104,6.4104,6.4104,6.4104,6.4104,6.4104,6.4104,6.4104,6.4104,6.4104,6.4104,6.4104,6.4104,6.4104,6.4104,6.4104,6.4104,6.4104,6.4104,6.4104,6.4104
6.4055,6.4055,6.4055,6.4055,6.4055,6.4055,6.4055,6.4055,6.4055,6.4055,6.4055,6.4055,6.4055,6.4055,6.4055,6.4055,6.4055,6.4055,6.4055,6.4055,6.4055,6.4055,6.4055,6.4055,6.4055,6.4055,6.4055,6.4055,6.4055,6.4055,6.4055,6.4055,6.4055,6.4055,6.4055,6.4055,6.4055,6.4055,6.4055,6.4055,6.4055,6.4055,6.4055,6.4055,6.4055,6.4055,6.4055,6.4055,6.4055,6.4055,6.4055,6.4055,6.4055,6.4055,6.4055,6.4055,6.4055,6.4055,6.4055,6.4055,6.4055,6.4055,6.4055,6.4055,6.4055,6.4055,6.4055,6.4055,6.4055,6.4055,6.4055,6.4055,6.4055,6.4055,6.4055,6.4055,6.4055,6.4055,6.4055,6.4055,6.4055,6.4055,6.4055,6.4055,6.4055,6.4055,6.4055,6.4055,6.4055,6.4055,6.4055,6.4055,6.4055,6.4055,6.4055,6.4055,6.4055,6.4055,6.4055,6.4055,6.4055,6.4055,6.4055,6.4055,6.4055,6.4055,6.4055,6.4055,6.4055,6.4055,6.4055,6.4055,6.4055,6.4055,6.4055,6.4055,6.4055,6.4055,6.4055,6.4055,6.4055,6.4055,6.4055,6.4055,6.4055,6.4055,6.4055,6.4055,6.4055,6.4055,6.4055,6.4055,6.4055,6.4055,6.4055,6.4055,6.4055,6.4055,6.4055,6.4055,6.4055,6.4055,6.4055,6.4055,6.4055,6.4055,6.4055,6.4055,6.4055,6.4055,6.4055,6.4055,6.4055,6.4055,6.4055,6.4055,6.4055,6.4055,6.4055,6.4055,6.4055,6.4055,6.4055,6.4055,6.4055,6.4055,6.4055,6.4055,6.4055,6.4055,6.4055,6.4055,6.4055,6.4055,6.4055,6.4055,6.4055,6.4055,6.4055,6.4055,6.4055,6.4055,6.4055,6.4055,6.4055,6.4055,6.4055,6.4055,6.4055,6.4055,6.4055,6.4055,6.4055,6.4055,6.4055,6.4055,6.4055,6.4055,6.4055,6.4055,6.4055,6.4055,6.4055,6.4055,6.4055,6.4055,6.4055,6.4055,6.4055,6.4055,6.4055,6.4055,6.4055,6.4055,6.4055,6.4055,6.4055,6.4055,6.4055,6.4055,6.4055,6.4055,6.4055,6.4055,6.4055,6.4055,6.4055,6.4055,6.4055,6.4055,6.4055,6.4055,6.4055,6.4055,6.4055,6.4055,6.4055,6.4055,6.4055,6.4055,6.4055,6.4055,6.4055,6.4055,6.4055,6.4055,6.4055,6.4055,6.4055,6.4055,6.4055,6.4055,6.4055,6.4055,6.4055,6.4055,6.4055,6.4055,6.4055,6.4055,6.4055,6.4055,6.4055,6.4055,6.4055,6.4055,6.4055,6.4055,6.4055,6.4055,6.4055,6.4055,6.4055,6.4055,6.4055,6.4055,6.4055,6.4055,6.4055,6.4055,6.4055,6.4055,6.4055,6.4055,6.4055,6.4055,6.4055,6.4055,6.4055,6.4055,6.4055,6.4055,6.4055,6.4055,6.4055,6.4055,6.4055,6.4055,6.4055,6.4055,6.4055,6.4055,6.4055,6.4055,6.4055,6.4055,6.4055,6.4055,6.4055,6.4055,6.4055,6.4055,6.4055,6.4055,6.4055,6.4055,6.4055,6.4055,6.4055,6.4055,6.4055,6.4055,6.4055,6.4055,6.4055,6.4055,6.4055,6.4055,6.4055,6.4055,6.4055,6.4055,6.4053,6.4053,6.4053,6.4053,6.4053,6.4053,6.4053,6.4053,6.4053,6.4053,6.4053,6.4053,6.4053,6.4053,6.4053,6.4053,6.4053,6.4053,6.4053,6.4053,6.4053,6.4053,6.4053,6.4053,6.4053,6.4053,6.4053,6.4053,6.4053,6.4053,6.4053,6.4053,6.4053,6.4053,6.4053,6.4053,6.4053,6.4053,6.4053,6.4053,6.4053,6.4053,6.4053,6.4053,6.4053,6.4053,6.4053,6.4053,6.4053,6.4053,6.4053,6.4053,6.4053,6.4053,6.4053,6.4053,6.4053,6.4053,6.4053,6.4053,6.4053,6.4053,6.4053,6.4053,6.4053,6.4053,6.4053,6.4053,6.4053,6.4053,6.4053,6.4053,6.4053,6.4053,6.4053,6.4053,6.4053,6.4053,6.4053,6.4053,6.4053,6.4053,6.4053,6.4053,6.4053,6.4053,6.4053,6.4053,6.4053,6.4053,6.4053,6.4053,6.4053,6.4053,6.4053,6.4053,6.4053,6.4053,6.4053,6.4053,6.4053,6.4053,6.4053,6.4053,6.4053,6.4053,6.4053,6.4053,6.4053,6.4053,6.4053,6.4053,6.4053,6.4053,6.4053,6.4053,6.4053,6.4053,6.4053,6.4053,6.4053,6.4053,6.4053,6.4053,6.4053,6.4053,6.4053,6.4053,6.4053,6.4053,6.4053,6.4053,6.4053,6.4053,6.4053,6.4053,6.4053,6.4053,6.4053,6.4053,6.4053,6.4053,6.4053,6.4053,6.4053,6.4053,6.4053,6.4053,6.4053,6.4053,6.4053,6.4053,6.4053,6.4053,6.4053,6.4053,6.4053,6.4053,6.4053,6.4053,6.4053,6.4053,6.4053,6.4053,6.4053,6.4053,6.4053,6.4053,6.4053,6.4053,6.4053,6.4053,6.4053,6.4053,6.4053,6.4053,6.4053,6.4053,6.4053,6.4053,6.4053,6.4053,6.4053,6.4053,6.4053,6.4053,6.4053,6.4053,6.4053,6.4053,6.4053,6.4053,6.4053,6.4053,6.4053,6.4053,6.4053,6.4053,6.4053,6.4053,6.4053,6.4053,6.4053,6.4053,6.4053,6.4053,6.4053,6.4053,6.4053,6.4053,6.4053,6.4053,6.4053,6.4053,6.4053,6.4053,6.4053,6.4053,6.4053,6.4053,6.4053,6.4053,6.4053,6.4053,6.4053,6.4053,6.4053,6.4053,6.4053,6.4053,6.4053,6.4053,6.4053,6.4053,6.4053,6.4053,6.4053,6.4053,6.4053,6.4053,6.4053,6.4053,6.4053,6.4053,6.4053,6.4053,6.4053,6.4053,6.4053,6.4053,6.4053,6.4053,6.4053,6.4053,6.4053,6.4053,6.4053,6.4053,6.4053,6.4053,6.4053,6.4053,6.4053,6.4053,6.4053,6.4053,6.4053,6.4053,6.4053,6.4053,6.4053,6.4053,6.4053,6.4053,6.4053,6.4053,6.4053,6.4053,6.4053,6.4053,6.4053,6.4053,6.4053,6.4053,6.4053,6.4053,6.4053,6.4053,6.4053,6.4053,6.4053,6.4053,6.4053,6.4053,6.4053,6.4053,6.4053,6.4053,6.4053,6.4053,6.4053,6.4053,6.4053,6.4053,6.4053,6.4053,6.4053,6.4053,6.4053,6.4053,6.4053,6.4053,6.4053,6.4053,6.4053,6.4053,6.4053,6.4053,6.4053,6.4053,6.4053,6.4053,6.4053,6.4053,6.4053,6.4053,6.4053,6.4053,6.4053,6.4053,6.4053,6.4053,6.4053,6.4053,6.4053,6.4053,6.4053,6.4053,6.4053,6.4053,6.4053,6.4053,6.4053,6.4053,6.4053,6.4053,6.4053,6.4053,6.4053,6.4053,6.4053,6.4053,6.4053,6.4053,6.4053,6.4053,6.4053,6.4053,6.4053,6.4053,6.4053,6.4053,6.4053,6.4053,6.4053,6.4053,6.4053,6.4053,6.4053,6.4053,6.4053,6.4053,6.4053,6.4053,6.4053,6.4053,6.4053,6.4053,6.4053,6.4053,6.4053,6.4053,6.4053,6.4053,6.4053,6.4053,6.4053,6.4053,6.4053,6.4053,6.4053,6.4053,6.4053,6.4053,6.4053,6.4053,6.4053,6.4053,6.4053,6.4053,6.4053,6.4053,6.4053,6.4053,6.4053,6.4053,6.4053,6.4053,6.4053,6.4053,6.4053,6.4053,6.4053,6.4053,6.4053,6.4053,6.4053,6.4053,6.4053,6.4053,6.4053,6.4053,6.4053,6.4053,6.4053,6.4053,6.4053,6.4053,6.4053,6.4053,6.4053,6.4053,6.4053,6.4053,6.4053,6.4053,6.4053,6.4053,6.4053,6.4053,6.4053,6.4053,6.4053,6.4053,6.4053,6.4053,6.4053,6.4053,6.4053,6.4053,6.4053,6.4053,6.4053,6.4053,6.4053,6.4053,6.4053,6.4053,6.4053,6.4053,6.4053,6.4053,6.4053,6.4053,6.4053,6.4053,6.4053,6.4053,6.4053,6.4053,6.4053,6.4053,6.4053,6.4053,6.4053,6.4053,6.4053,6.4053,6.4053,6.4053,6.4053,6.4053,6.4053,6.4053,6.4053,6.4053,6.4053,6.4053,6.4053,6.4053,6.4053,6.4053,6.4053,6.4053,6.4053,6.4053,6.4053,6.4053,6.4053,6.4053,6.4053,6.4053,6.4053,6.4053,6.4053,6.4053,6.4053,6.4053,6.4053,6.4053,6.4053,6.4053,6.4053,6.4053,6.4053,6.4053,6.4053,6.4053,6.4053,6.4053,6.4053,6.4053,6.4053,6.4053,6.4053,6.4053,6.4053,6.4053,6.4053,6.4053,6.4053,6.4053,6.4053,6.4053,6.4053,6.4053,6.4053,6.4053,6.4053,6.4053,6.4053,6.4053,6.4053,6.4053,6.4053,6.4053,6.4053,6.4053,6.4053,6.4053,6.4053,6.4053,6.4053,6.4053,6.4053,6.4053,6.4053,6.4053,6.4053,6.4053,6.4053,6.4053,6.4053,6.4053,6.4053,6.4053,6.4053,6.4053,6.4053,6.4053,6.4053,6.4053,6.4053,6.4053,6.4053,6.4053,6.4053,6.4053,6.4053,6.4053,6.4053,6.4053,6.4053,6.4053,6.4053,6.4053,6.4053,6.4053,6.4053,6.4053,6.4053,6.4053,6.4053,6.4053,6.4053,6.4053,6.4053,6.4053,6.4053,6.4053,6.4053,6.4053,6.4053,6.4053,6.4053,6.4053,6.4053,6.4053,6.4053,6.4053,6.4053,6.4053,6.4053,6.4053,6.4053,6.4053,6.4053,6.4053,6.4053,6.4053,6.4053,6.4053,6.4053,6.4053,6.4053,6.4053,6.4053,6.4053
6.4011,6.4011,6.4011,6.4011,6.4011,6.4011,6.4011,6.4011,6.4011,6.4011,6.4011,6.4011,6.4011,6.4011,6.4011,6.4011,6.4011,6.4011,6.4011,6.4011,6.4011,6.4011,6.4011,6.4011,6.4011,6.4011,6.4011,6.4011,6.4011,6.4011,6.4011,6.4011,6.4011,6.4011,6.4011,6.4011,6.4011,6.4011,6.4011,6.4011,6.4011,6.4011,6.4011,6.4011,6.4011,6.4011,6.4011,6.4011,6.4011,6.4011,6.4011,6.4011,6.4011,6.4011,6.4011,6.4011,6.4011,6.4011,6.4011,6.4011,6.4011,6.4011,6.4011,6.4011,6.4011,6.4011,6.4011,6.4011,6.4011,6.4011,6.4011,6.4011,6.4011,6.4011,6.4011,6.4011,6.4011,6.4011,6.4011,6.4011,6.4011,6.4011,6.4011,6.4011,6.4011,6.4011,6.4011,6.4011,6.4011,6.4011,6.4011,6.4011,6.4011,6.4011,6.4011,6.4011,6.4011,6.4011,6.4011,6.4011,6.4011,6.4011,6.4011,6.4011,6.4011,6.4011,6.4011,6.4011,6.4011,6.4011,6.4011,6.4011,6.4011,6.4011,6.4011,6.4011,6.4011,6.4011,6.4011,6.4011,6.4011,6.4011,6.4011,6.4011,6.4011,6.4011,6.4011,6.4011,6.4011,6.4011,6.4011,6.4011,6.4011,6.4011,6.4011,6.4011,6.4011,6.4011,6.4011,6.4011,6.4011,6.4011,6.4011,6.4011,6.4011,6.4011,6.4011,6.4011,6.4011,6.4011,6.4011,6.4011,6.4011,6.4011,6.4011,6.4011,6.4011,6.4011,6.4011,6.4011,6.4011,6.4011,6.4011,6.4011,6.4011,6.4011,6.4011,6.4011,6.4011,6.4011,6.4011,6.4011,6.4011,6.4011,6.4011,6.4011,6.4011,6.4011,6.4011,6.4011,6.4011,6.4011,6.4011,6.4011,6.4011,6.4011,6.4011,6.4011,6.4011,6.4011,6.4011,6.4011,6.4011,6.4011,6.4011,6.4011,6.4011,6.4011,6.4011,6.4011,6.4011,6.4011,6.4011,6.4011,6.4011,6.4011,6.4011,6.4011,6.4011,6.4011,6.4011,6.4011,6.4011,6.4011,6.4011,6.4011,6.4011,6.4011,6.4011,6.4011,6.4011,6.4011,6.4011,6.4011,6.4011,6.4011,6.4011,6.4011,6.4011,6.4011,6.4011,6.4011,6.4011,6.4011,6.4011,6.4011,6.4011,6.4011,6.4011,6.4011,6.4011,6.4011,6.4011,6.4011,6.4011,6.4011,6.4011,6.4011,6.4011,6.4011,6.4011,6.4011,6.4011,6.4011,6.4011,6.4011,6.4011,6.4011,6.4011,6.4011,6.4011,6.4011,6.4011,6.4011,6.4011,6.4011,6.4011,6.4011,6.4011,6.4011,6.4011,6.4011,6.4011,6.4011,6.4011,6.4011,6.4011,6.4011,6.4011,6.4011,6.4011,6.4011,6.4011,6.4011,6.4011,6.4011,6.4011,6.4011,6.4011,6.4011,6.4011,6.4011,6.4011,6.4011,6.4011,6.4011,6.4011,6.4011,6.4011,6.4011,6.4011,6.4011,6.4011,6.4011,6.4011,6.4011,6.4011,6.4011,6.4011,6.4011,6.4011,6.4011,6.4011,6.4011,6.4011,6.4011,6.4011,6.4011,6.4011,6.4011,6.4011,6.4011,6.4011,6.4011,6.4011,6.4011,6.4011,6.4011,6.4011,6.4011,6.4011,6.4011,6.4011,6.4011,6.4011,6.4011,6.4011,6.4011,6.4011,6.4011,6.4011,6.4011,6.4011,6.4011,6.4011,6.4011,6.4011,6.4011,6.4011,6.4011,6.4011,6.4011,6.4011,6.4011,6.4011,6.4011,6.4011,6.4011,6.4011,6.4011,6.4011,6.4011,6.4011,6.4011,6.4011,6.4011,6.4011,6.4011,6.4011,6.4011,6.4011,6.4011,6.4011,6.4011,6.4011,6.4011,6.4011,6.4011,6.4011,6.4011,6.4011,6.4011,6.4011,6.4011,6.4011,6.4011,6.4011,6.4011,6.4011,6.4011,6.4011,6.4011,6.4011,6.4011,6.4011,6.4011,6.4011,6.4011,6.4011,6.4011,6.4011,6.4011,6.4011,6.4011,6.4011,6.4011,6.4011,6.4011,6.4011,6.4011,6.4011,6.4011,6.4011,6.4011,6.4011,6.4011,6.4011,6.4011,6.4011,6.4011,6.4011,6.4011,6.4011,6.4011,6.4011,6.4011,6.4011,6.4011,6.4011,6.4011,6.4011,6.4011,6.4011,6.4011,6.4011,6.4011,6.4011,6.4011,6.4011,6.4011,6.4011,6.4011,6.4011,6.4011,6.4011,6.4011,6.4011,6.4011,6.4011,6.4011,6.4011,6.4011,6.4011,6.4011,6.4011,6.4011,6.4011,6.4011,6.4011,6.4011,6.4011,6.4011,6.4011,6.4011,6.4011,6.4011,6.4011,6.4011,6.4011,6.4011,6.4011,6.4011,6.4011,6.4011,6.4011,6.4011,6.4011,6.4011,6.4011,6.4011,6.4011,6.4011,6.4011,6.4011,6.4011,6.4011,6.4011,6.4011,6.4011,6.4011,6.4011,6.4011,6.4011,6.4011,6.4011,6.4011,6.4011,6.4011,6.4011,6.4011,6.4011,6.4011,6.4011,6.4011,6.4011,6.4011,6.4011,6.4011,6.4011,6.4011,6.4011,6.4011,6.4011,6.4011,6.4011,6.4011,6.4011,6.4011,6.4011,6.4011,6.4011,6.4011,6.4011,6.4011,6.4011,6.4011,6.4011,6.4011,6.4011,6.4011,6.4011,6.4011,6.4011,6.4011,6.4011,6.4011,6.4011,6.4011,6.4011,6.4011,6.4011,6.4011,6.4011,6.4011,6.4011,6.4011,6.4011,6.4011,6.4011,6.4011,6.4011,6.4011,6.4011,6.4011,6.4011,6.4011,6.4011,6.4011,6.4011,6.4011,6.4011,6.4011,6.4011,6.4011,6.4011,6.4011,6.4011,6.4011,6.4011,6.4011,6.4011,6.4011,6.4011,6.4011,6.4011,6.4011,6.4011,6.4011,6.4011,6.4011,6.4011,6.4011,6.4011,6.4011,6.4011,6.4011,6.4011,6.4011,6.4011,6.4011,6.4011,6.4011,6.4011,6.4011,6.4011,6.4011,6.4011,6.4011,6.4011,6.4011,6.4011,6.4011,6.4011,6.4011,6.4011,6.4011,6.4011,6.4011,6.4011,6.4011,6.4011,6.4011,6.4011,6.4011,6.4011,6.4011,6.4011,6.4011,6.4011,6.4011,6.4011,6.4011,6.4011,6.4011,6.4009,6.4009,6.4009,6.4009,6.4009,6.4009,6.4009,6.4009,6.4009,6.4009,6.4009,6.4009,6.4009,6.4009,6.4009,6.4009,6.4009,6.4009,6.4009,6.4009,6.4009,6.4009,6.4009,6.4009,6.4009,6.4009,6.4009,6.4009,6.4009,6.4009,6.4009,6.4009,6.4009,6.4009,6.4009,6.4009,6.4009,6.4009,6.4009,6.4009,6.4009,6.4009,6.4009,6.4009,6.4009,6.4009,6.4009,6.4009,6.4009,6.4009,6.4009,6.4009,6.4009,6.4009,6.4009,6.4009,6.4009,6.4009,6.4009,6.4009,6.4009,6.4009,6.4009,6.4009,6.4009,6.4009,6.4009,6.4009,6.4009,6.4009,6.4009,6.4009,6.4009,6.4009,6.4009,6.4009,6.4009,6.4009,6.4009,6.4009,6.4009,6.4009,6.4009,6.4009,6.4009,6.4009,6.4009,6.4009,6.4009,6.4009,6.4009,6.4009,6.4009,6.4009,6.4009,6.4009,6.4009,6.4009,6.4009,6.4009,6.4009,6.4009,6.4009,6.4009,6.4009,6.4009,6.4009,6.4009,6.4009,6.4009,6.4009,6.4009,6.4009,6.4009,6.4009,6.4009,6.4009,6.4009,6.4009,6.4009,6.4009,6.4009,6.4009,6.4009,6.4009,6.4009,6.4009,6.4009,6.4009,6.4009,6.4009,6.4009,6.4009,6.4009,6.4009,6.4009,6.4009,6.4009,6.4009,6.4009,6.4009,6.4009,6.4009,6.4009,6.4009,6.4009,6.4009,6.4009,6.4009,6.4009,6.4009,6.4009,6.4009,6.4009,6.4009,6.4009,6.4009,6.4009,6.4009,6.4009,6.4009,6.4009,6.4009,6.4009,6.4009,6.4009,6.4009,6.4009,6.4009,6.4009,6.4009,6.4009,6.4009,6.4009,6.4009,6.4009,6.4009,6.4009,6.4009,6.4009,6.4009,6.4009,6.4009,6.4009,6.4009,6.4009,6.4009,6.4009,6.4009,6.4009,6.4009,6.4009,6.4009,6.4009,6.4009,6.4009,6.4009,6.4009,6.4009,6.4009,6.4009,6.4009,6.4009,6.4009,6.4009,6.4009,6.4009,6.4009,6.4009,6.4009,6.4009,6.4009,6.4009,6.4009,6.4009,6.4009,6.4009,6.4009,6.4009,6.4009,6.4009,6.4009,6.4009,6.4009,6.4009,6.4009,6.4009,6.4009,6.4009,6.4009,6.4009,6.4009,6.4009,6.4009,6.4009,6.4009,6.4009,6.4009,6.4009,6.4009,6.4009,6.4009,6.4009,6.4009,6.4009,6.4009,6.4009,6.4009,6.4009,6.4009,6.4009,6.4009,6.4009,6.4009,6.4009,6.4009,6.4009,6.4009,6.4009,6.4009,6.4009,6.4009,6.4009,6.4009,6.4009,6.4009,6.4009,6.4009,6.4009,6.4009,6.4009,6.4009,6.4009,6.4009,6.4009,6.4009,6.4009,6.4009,6.4009,6.4009,6.4009,6.4009,6.4009,6.4009,6.4009,6.4009,6.4009,6.4009,6.4009,6.4009,6.4009,6.4009,6.4009,6.4009,6.4009,6.4009,6.4009,6.4009,6.4009,6.4009,6.4009,6.4009,6.4009,6.4009,6.4009,6.4009,6.4009,6.4009,6.4009,6.4009,6.4009,6.4009,6.4009,6.4009,6.4009,6.4009,6.4009,6.4009,6.4009,6.4009,6.4009,6.4009,6.4009,6.4009,6.4009,6.4009,6.4009,6.4009,6.4009,6.4009,6.4009,6.4009,6.4009,6.4009,6.4009,6.4009
6.3963,6.3963,6.3963,6.3963,6.3963,6.3963,6.3963,6.3963,6.3963,6.3963,6.3963,6.3963,6.3963,6.3963,6.3963,6.3963,6.3963,6.3963,6.3963,6.3963,6.3963,6.3963,6.3963,6.3963,6.3963,6.3963,6.3963,6.3963,6.3963,6.3963,6.3963,6.3963,6.3963,6.3963,6.3963,6.3963,6.3963,6.3963,6.3963,6.3963,6.3963,6.3963,6.3963,6.3963,6.3963,6.3963,6.3963,6.3963,6.3963,6.3963,6.3963,6.3963,6.3963,6.3963,6.3963,6.3963,6.3963,6.3963,6.3963,6.3963,6.3963,6.3963,6.3963,6.3963,6.3963,6.3963,6.3963,6.3963,6.3963,6.3963,6.3963,6.3963,6.3963,6.3963,6.3963,6.3963,6.3963,6.3963,6.3963,6.3963,6.3963,6.3963,6.3963,6.3963,6.3963,6.3963,6.3963,6.3963,6.3963,6.3963,6.3963,6.3963,6.3963,6.3963,6.3963,6.3963,6.3963,6.3963,6.3963,6.3963,6.3963,6.3963,6.3963,6.3963,6.3963,6.3963,6.3963,6.3963,6.3963,6.3963,6.3963,6.3963,6.3963,6.3963,6.3963,6.3963,6.3963,6.3963,6.3963,6.3963,6.3963,6.3963,6.3963,6.3963,6.3963,6.3963,6.3963,6.3963,6.3963,6.3963,6.3963,6.3963,6.3963,6.3963,6.3963,6.3963,6.3963,6.3963,6.3963,6.3963,6.3963,6.3963,6.3963,6.3963,6.3963,6.3963,6.3963,6.3963,6.3963,6.3963,6.3963,6.3963,6.3963,6.3963,6.3963,6.3963,6.3963,6.3963,6.3963,6.3963,6.3963,6.3963,6.3963,6.3963,6.3963,6.3963,6.3963,6.3963,6.3963,6.3963,6.3963,6.3963,6.3963,6.3963,6.3963,6.3963,6.3963,6.3963,6.3963,6.3963,6.3963,6.3963,6.3963,6.3963,6.3963,6.3963,6.3963,6.3963,6.3963,6.3963,6.3963,6.3963,6.3963,6.3963,6.3963,6.3963,6.3963,6.3963,6.3963,6.3963,6.3963,6.3963,6.3963,6.3963,6.3963,6.3963,6.3963,6.3963,6.3963,6.3963,6.3963,6.3963,6.3963,6.3963,6.3963,6.3963,6.3963,6.3963,6.3963,6.3963,6.3963,6.3963,6.3963,6.3963,6.3963,6.3963,6.3963,6.3963,6.3963,6.3963,6.3963,6.3963,6.3963,6.3963,6.3963,6.3963,6.3963,6.3963,6.3963,6.3963,6.3963,6.3963,6.3963,6.3963,6.3963,6.3963,6.3963,6.3963,6.3963,6.3963,6.3963,6.3963,6.3963,6.3963,6.3963,6.3963,6.3963,6.3963,6.3963,6.3963,6.3963,6.3963,6.3963,6.3963,6.3963,6.3963,6.3963,6.3963,6.3963,6.3963,6.3963,6.3963,6.3963,6.3963,6.3963,6.3963,6.3963,6.3963,6.3963,6.3963,6.3963,6.3963,6.3963,6.3963,6.3963,6.3963,6.3963,6.3963,6.3963,6.3963,6.3963,6.3963,6.3963,6.3963,6.3963,6.3963,6.3963,6.3963,6.3963,6.3963,6.3963,6.3963,6.3963,6.3963,6.3963,6.3963,6.3963,6.3963,6.3963,6.3963,6.3963,6.3963,6.3963,6.3963,6.3963,6.3963,6.3963,6.3963,6.3963,6.3963,6.3963,6.3963,6.3963,6.3963,6.3963,6.3963,6.3963,6.3963,6.3963,6.3963,6.3963,6.3963,6.3963,6.3963,6.3963,6.3963,6.3963,6.3963,6.3963,6.3963,6.3963,6.3963,6.3963,6.3963,6.3963,6.3963,6.3963,6.3963,6.3963,6.3963,6.3963,6.3963,6.3963,6.3963,6.3963,6.3963,6.3963,6.3963,6.3963,6.3963,6.3963,6.3963,6.3963,6.3963,6.3963,6.3963,6.3963,6.3963,6.3963,6.3963,6.3963,6.3963,6.3963,6.3963,6.3963,6.3963,6.3963,6.3963,6.3963,6.3963,6.3963,6.3963,6.3963,6.3963,6.3963,6.3963,6.3963,6.3963,6.3963,6.3963,6.3963,6.3963,6.3963,6.3963,6.3963,6.3963,6.3963,6.3963,6.3963,6.3963,6.3963,6.3963,6.3963,6.3963,6.3963,6.3963,6.3963,6.3963,6.3963,6.3963,6.3963,6.3963,6.3963,6.3963,6.3963,6.3963,6.3963,6.3963,6.3963,6.3963,6.3963,6.3963,6.3963,6.3963,6.3963,6.3963,6.3963,6.3963,6.3963,6.3963,6.3963,6.3963,6.3963,6.3963,6.3963,6.3963,6.3963,6.3963,6.3963,6.3963,6.3963,6.3963,6.3963,6.3963,6.3963,6.3963,6.3963,6.3963,6.3963,6.3963,6.3963,6.3963,6.3963,6.3963,6.3963,6.3963,6.3963,6.3963,6.3963,6.3963,6.3963,6.3963,6.3963,6.3963,6.3963,6.3963,6.3963,6.3963,6.3963,6.3963,6.3963,6.3963,6.3963,6.3963,6.3963,6.3963,6.3963,6.3963,6.3963,6.3963,6.3963,6.3963,6.3963,6.3963,6.3963,6.3963,6.3963,6.3963,6.3963,6.3963,6.3963,6.3963,6.3963,6.3963,6.3963,6.3963,6.3963,6.3963,6.3963,6.3963,6.3963,6.3963,6.3963,6.3963,6.3963,6.3963,6.3963,6.3963,6.3963,6.3963,6.3963,6.3963,6.3963,6.3963,6.3963,6.3963,6.3963,6.3963,6.3963,6.3963,6.3963,6.3963,6.3963,6.3963,6.3963,6.3963,6.3963,6.3963,6.3963,6.3963,6.3963,6.3963,6.3963,6.3963,6.3963,6.3963,6.3963,6.3963,6.3963,6.3963,6.3963,6.3963,6.3963,6.3963,6.3963,6.3963,6.3963,6.3963,6.3963,6.3963,6.3963,6.3963,6.3963,6.3963,6.3963,6.3963,6.3963,6.3963,6.3963,6.3963,6.3963,6.3963,6.3963,6.3963,6.3963,6.3963,6.3963,6.3963,6.3963,6.3963,6.3963,6.3963,6.3963,6.3963,6.3963,6.3963,6.3963,6.3963,6.3963,6.3963,6.3963,6.3963,6.3963,6.3963,6.3963,6.3963,6.3963,6.3963,6.3963,6.3963,6.3963,6.3963,6.3963,6.3963,6.3963,6.3963,6.3963,6.3963,6.3963,6.3963,6.3963,6.3963,6.3963,6.3963,6.3963,6.3963,6.3963,6.3963,6.3963,6.3963,6.3963,6.3963,6.3963,6.3963,6.3963,6.3963,6.3963,6.3963,6.3963,6.3963,6.3963,6.3963,6.3963,6.3963,6.3963,6.3963,6.3963,6.3963,6.3963,6.3963,6.3963,6.3963,6.3963,6.3963,6.3963,6.3963,6.3963,6.3963,6.3963,6.3963,6.3963,6.3963,6.3963,6.3963,6.3963,6.3963,6.3963,6.3963,6.3963,6.3963,6.3963,6.3963,6.3963,6.3963,6.3963,6.3963,6.3963,6.3963,6.3963,6.3963,6.3963,6.3963,6.3963,6.3963,6.3963,6.3963,6.3963,6.3963,6.3963,6.3963,6.3963,6.3963,6.3963,6.3963,6.3963,6.3963,6.3963,6.3963,6.3963,6.3963,6.3963,6.3963,6.3963,6.3963,6.3963,6.3963,6.3963,6.3963,6.3963,6.3963,6.3963,6.3963,6.3963,6.3963,6.3963,6.3963,6.3963,6.3963,6.3963,6.3963,6.3963,6.3963,6.3963,6.3963,6.3963,6.3963,6.3963,6.3963,6.3963,6.3963,6.3963,6.3963,6.3963,6.3963,6.3963,6.3963,6.3963,6.3963,6.3963,6.3963,6.3963,6.3963,6.3963,6.3963,6.3963,6.3963,6.3963,6.3963,6.3963,6.3963,6.3963,6.3963,6.3963,6.3963,6.3963,6.3963,6.3963,6.3963,6.3963,6.3963,6.3963,6.3963,6.3963,6.3963,6.3963,6.3963,6.3963,6.3963,6.3963,6.3963,6.3963,6.3963,6.3963,6.3963,6.3963,6.3963,6.3963,6.3963,6.3963,6.3963,6.3963,6.3963,6.3963,6.3963,6.3963,6.3963,6.3963,6.3963,6.3963,6.3963,6.3963,6.3963,6.3963,6.3963,6.3963,6.3963,6.3963,6.3963,6.3963,6.3963,6.3963,6.3963,6.3963,6.3963,6.3963,6.3963,6.3963,6.3963,6.3963,6.3963,6.3963,6.3963,6.3963,6.3963,6.3963,6.3963,6.3963,6.3963,6.3963,6.3963,6.3963,6.3963,6.3963,6.3963,6.3963,6.3963,6.3963,6.3963,6.3963,6.3963,6.3963,6.3963,6.3963,6.3963,6.3963,6.3963,6.3963,6.3963,6.3963,6.3963,6.3963,6.3963,6.3963,6.3963,6.3963,6.3963,6.3963,6.3963,6.3963,6.3963,6.3963,6.3963,6.3963,6.3963,6.3963,6.3963,6.3963,6.3963,6.3963,6.3963,6.3963,6.3963,6.3963,6.3963,6.3963,6.3963,6.3963,6.3963,6.3963,6.3963,6.3963,6.3963,6.3963,6.3963,6.3963,6.3963,6.3963,6.3963,6.3963,6.3963,6.3963,6.3963,6.3963,6.3963,6.3963,6.3963,6.3963,6.3963,6.3963,6.3963,6.3963,6.3963,6.3963,6.3963,6.3963,6.3963,6.3963,6.3963,6.3963,6.3963,6.3963,6.3963,6.3963,6.3963,6.3963,6.3963,6.3963,6.3963,6.3963,6.3963,6.3963,6.3963,6.3963,6.3963,6.3963,6.3963,6.3963,6.3963,6.3963,6.3963,6.3963,6.3963,6.3963,6.3963,6.3963,6.3963,6.3963,6.3963,6.3963,6.3963,6.3963,6.3963,6.3963,6.3963,6.3963,6.3963,6.3963,6.3963,6.3963,6.3963,6.3963,6.3963,6.3963,6.3963,6.3963,6.3963,6.3963,6.3963,6.3963,6.3963,6.3963,6.3963,6.3963,6.3963,6.3963,6.3963,6.3963,6.3963,6.3963,6.3963,6.3963,6.3963,6.3963,6.3963,6.3963,6.3963,6.3963,6.3963,6.3963,6.3963,6.3963,6.3963,6.3963,6.3963,6.3963,6.3963,6.3963,6.3963,6.3963,6.3963
6.3919,6.3919,6.3919,6.3919,6.3919,6.3919,6.3919,6.3919,6.3919,6.3919,6.3919,6.3919,6.3919,6.3919,6.3919,6.3919,6.3919,6.3919,6.3919,6.3919,6.3919,6.3919,6.3919,6.3919,6.3919,6.3919,6.3919,6.3919,6.3919,6.3919,6.3919,6.3919,6.3919,6.3919,6.3919,6.3919,6.3919,6.3919,6.3919,6.3919,6.3919,6.3919,6.3919,6.3919,6.3919,6.3919,6.3919,6.3919,6.3919,6.3919,6.3919,6.3919,6.3919,6.3919,6.3919,6.3919,6.3919,6.3919,6.3919,6.3919,6.3919,6.3919,6.3919,6.3919,6.3919,6.3919,6.3919,6.3919,6.3919,6.3919,6.3919,6.3919,6.3919,6.3919,6.3919,6.3919,6.3919,6.3919,6.3919,6.3919,6.3919,6.3919,6.3919,6.3919,6.3919,6.3919,6.3919,6.3919,6.3919,6.3919,6.3919,6.3919,6.3919,6.3919,6.3919,6.3919,6.3919,6.3919,6.3919,6.3919,6.3919,6.3919,6.3919,6.3919,6.3919,6.3919,6.3919,6.3919,6.3919,6.3919,6.3919,6.3919,6.3919,6.3919,6.3919,6.3919,6.3919,6.3919,6.3919,6.3919,6.3919,6.3919,6.3919,6.3919,6.3919,6.3919,6.3919,6.3919,6.3919,6.3919,6.3919,6.3919,6.3919,6.3919,6.3919,6.3919,6.3919,6.3919,6.3919,6.3919,6.3919,6.3919,6.3919,6.3919,6.3919,6.3919,6.3919,6.3919,6.3919,6.3919,6.3919,6.3919,6.3919,6.3919,6.3919,6.3919,6.3919,6.3919,6.3919,6.3919,6.3919,6.3919,6.3919,6.3919,6.3919,6.3919,6.3919,6.3919,6.3919,6.3919,6.3919,6.3919,6.3919,6.3919,6.3919,6.3919,6.3919,6.3919,6.3919,6.3919,6.3919,6.3919,6.3919,6.3919,6.3919,6.3919,6.3919,6.3919,6.3919,6.3919,6.3919,6.3919,6.3919,6.3919,6.3919,6.3919,6.3919,6.3919,6.3919,6.3919,6.3919,6.3919,6.3919,6.3919,6.3919,6.3919,6.3919,6.3919,6.3919,6.3919,6.3919,6.3919,6.3919,6.3919,6.3919,6.3919,6.3919,6.3919,6.3919,6.3919,6.3919,6.3919,6.3919,6.3919,6.3919,6.3919,6.3919,6.3919,6.3919,6.3919,6.3919,6.3919,6.3919,6.3919,6.3919,6.3919,6.3919,6.3919,6.3919,6.3919,6.3919,6.3919,6.3919,6.3919,6.3919,6.3919,6.3919,6.3919,6.3919,6.3919,6.3919,6.3919,6.3919,6.3919,6.3919,6.3919,6.3919,6.3919,6.3919,6.3919,6.3919,6.3919,6.3919,6.3919,6.3919,6.3919,6.3919,6.3919,6.3919,6.3919,6.3919,6.3919,6.3919,6.3919,6.3919,6.3919,6.3919,6.3919,6.3919,6.3919,6.3919,6.3919,6.3919,6.3919,6.3919,6.3919,6.3919,6.3919,6.3919,6.3919,6.3919,6.3919,6.3919,6.3919,6.3919,6.3919,6.3919,6.3919,6.3919,6.3919,6.3919,6.3919,6.3919,6.3919,6.3919,6.3919,6.3919,6.3919,6.3919,6.3919,6.3919,6.3919,6.3919,6.3919,6.3919,6.3919,6.3919,6.3919,6.3919,6.3919,6.3919,6.3919,6.3919,6.3919,6.3919,6.3919,6.3919,6.3919,6.3919,6.3919,6.3919,6.3919,6.3919,6.3919,6.3919,6.3919,6.3919,6.3919,6.3919,6.3919,6.3919,6.3919,6.3919,6.3919,6.3919,6.3919,6.3919,6.3919,6.3919,6.3919,6.3919,6.3919,6.3919,6.3919,6.3919,6.3919,6.3919,6.3919,6.3919,6.3919,6.3919,6.3919,6.3919,6.3919,6.3919,6.3919,6.3919,6.3919,6.3919,6.3919,6.3919,6.3919,6.3919,6.3919,6.3919,6.3919,6.3919,6.3919,6.3919,6.3919,6.3919,6.3919,6.3919,6.3919,6.3919,6.3919,6.3919,6.3919,6.3919,6.3919,6.3919,6.3919,6.3919,6.3919,6.3919,6.3919,6.3919,6.3919,6.3919,6.3919,6.3919,6.3919,6.3919,6.3919,6.3919,6.3919,6.3919,6.3919,6.3919,6.3919,6.3919,6.3919,6.3919,6.3919,6.3919,6.3919,6.3919,6.3919,6.3919,6.3919,6.3919,6.3919,6.3919,6.3919,6.3919,6.3919,6.3919,6.3919,6.3919,6.3919,6.3919,6.3919,6.3919,6.3919,6.3919,6.3919,6.3919,6.3919,6.3919,6.3919,6.3919,6.3919,6.3919,6.3919,6.3919,6.3919,6.3919,6.3919,6.3919,6.3919,6.3919,6.3919,6.3919,6.3919,6.3919,6.3919,6.3919,6.3919,6.3919,6.3919,6.3919,6.3919,6.3919,6.3919,6.3919,6.3919,6.3919,6.3919,6.3919,6.3919,6.3919,6.3919,6.3919,6.3919,6.3919,6.3919,6.3919,6.3919,6.3919,6.3919,6.3919,6.3919,6.3919,6.3919,6.3919,6.3919,6.3919,6.3919,6.3919,6.3919,6.3919,6.3919,6.3919,6.3919,6.3919,6.3919,6.3919,6.3919,6.3919,6.3919,6.3919,6.3919,6.3919,6.3919,6.3919,6.3919,6.3919,6.3919,6.3919,6.3919,6.3919,6.3919,6.3919,6.3919,6.3919,6.3919,6.3919,6.3919,6.3919,6.3919,6.3919,6.3919,6.3919,6.3919,6.3919,6.3919,6.3919,6.3919,6.3919,6.3919,6.3919,6.3919,6.3919,6.3919,6.3919,6.3919,6.3919,6.3919,6.3919,6.3919,6.3919,6.3919,6.3919,6.3919,6.3919,6.3919,6.3919,6.3919,6.3919,6.3919,6.3919,6.3919,6.3919,6.3919,6.3919,6.3919,6.3919,6.3919,6.3919,6.3919,6.3919,6.3919,6.3919,6.3919,6.3919,6.3919,6.3919,6.3919,6.3919,6.3919,6.3919,6.3919,6.3919,6.3919,6.3919,6.3919,6.3919,6.3919,6.3919,6.3919,6.3919,6.3919,6.3919,6.3919,6.3919,6.3919,6.3919,6.3919,6.3919,6.3919,6.3919,6.3919,6.3919,6.3919,6.3919,6.3919,6.3919,6.3919,6.3919,6.3919,6.3919,6.3919,6.3919,6.3919,6.3919,6.3919,6.3919,6.3919,6.3919,6.3919,6.3919,6.3919,6.3919,6.3919,6.3919,6.3919,6.3919,6.3919,6.3919,6.3919,6.3919,6.3919,6.3919,6.3919,6.3919,6.3919,6.3919,6.3919,6.3919,6.3919,6.3919,6.3919,6.3919,6.3919,6.3919,6.3919,6.3919,6.3919,6.3919,6.3919,6.3919,6.3919,6.3919,6.3919,6.3919,6.3919,6.3919,6.3919,6.3919,6.3919,6.3919,6.3919,6.3919,6.3919,6.3919,6.3919,6.3919,6.3919,6.3919,6.3919,6.3919,6.3919,6.3919,6.3919,6.3919,6.3919,6.3919,6.3919,6.3919,6.3919,6.3919,6.3919,6.3919,6.3919,6.3919,6.3919,6.3919,6.3919,6.3919,6.3919,6.3919,6.3919,6.3919,6.3919,6.3919,6.3919,6.3919,6.3919,6.3919,6.3919,6.3919,6.3919,6.3919,6.3919,6.3919,6.3919,6.3919,6.3919,6.3919,6.3919,6.3919,6.3919,6.3919,6.3919,6.3919,6.3919,6.3919,6.3919,6.3919,6.3919,6.3919,6.3919,6.3919,6.3919,6.3919,6.3919,6.3919,6.3919,6.3919,6.3919,6.3919,6.3919,6.3919,6.3919,6.3919,6.3919,6.3919,6.3919,6.3919,6.3919,6.3919,6.3919,6.3919,6.3919,6.3919,6.3919,6.3919,6.3919,6.3919,6.3919,6.3919,6.3919,6.3919,6.3919,6.3919,6.3919,6.3919,6.3919,6.3919,6.3919,6.3919,6.3919,6.3919,6.3919,6.3919,6.3919,6.3919,6.3919,6.3919,6.3919,6.3919,6.3919,6.3919,6.3919,6.3919,6.3919,6.3919,6.3919,6.3919,6.3919,6.3919,6.3919,6.3919,6.3919,6.3919,6.3919,6.3919,6.3919,6.3919,6.3919,6.3919,6.3919,6.3919,6.3919,6.3919,6.3919,6.3919,6.3919,6.3919,6.3919,6.3919,6.3919,6.3919,6.3919,6.3919,6.3919,6.3919,6.3919,6.3919,6.3919,6.3919,6.3919,6.3919,6.3919,6.3919,6.3919,6.3919,6.3919,6.3919,6.3919,6.3919,6.3919,6.3919,6.3919,6.3919,6.3919,6.3919,6.3919,6.3919,6.3919,6.3919,6.3919,6.3919,6.3919,6.3919,6.3919,6.3919,6.3919,6.3919,6.3919,6.3919,6.3919,6.3919,6.3919,6.3919,6.3919,6.3919,6.3919,6.3919,6.3919,6.3919,6.3919,6.3919,6.3919,6.3919,6.3919,6.3919,6.3919,6.3919,6.3919,6.3919,6.3919,6.3919,6.3919,6.3919,6.3919,6.3919,6.3919,6.3919,6.3919,6.3919,6.3919,6.3919,6.3919,6.3919,6.3919,6.3919,6.3919,6.3919,6.3919,6.3919,6.3919,6.3919,6.3919,6.3919,6.3919,6.3919,6.3919,6.3919,6.3919,6.3919,6.3919,6.3919,6.3919,6.3919,6.3919,6.3919,6.3919,6.3919,6.3919,6.3919,6.3919,6.3919,6.3919,6.3919,6.3919,6.3919,6.3919,6.3919,6.3919,6.3919,6.3919,6.3919,6.3919,6.3919,6.3919,6.3919,6.3919,6.3919,6.3919,6.3919,6.3919,6.3919,6.3919,6.3919,6.3919,6.3919,6.3919,6.3919,6.3919,6.3919,6.3919,6.3919,6.3919,6.3919,6.3919,6.3919,6.3919,6.3919,6.3919,6.3919,6.3919,6.3919,6.3919,6.3919,6.3919,6.3919,6.3919,6.3919,6.3919,6.3919,6.3919,6.3919,6.3919,6.3919,6.3919,6.3919,6.3919,6.3919,6.3919,6.3919,6.3919,6.3919,6.3919,6.3919,6.3919,6.3919,6.3919,6.3919,6.3919
6.3873,6.3873,6.3873,6.3873,6.3873,6.3873,6.3873,6.3873,6.3873,6.3873,6.3873,6.3873,6.3873,6.3873,6.3873,6.3873,6.3873,6.3873,6.3873,6.3873,6.3873,6.3873,6.3873,6.3873,6.3873,6.3873,6.3873,6.3873,6.3873,6.3873,6.3873,6.3873,6.3873,6.3873,6.3873,6.3873,6.3873,6.3873,6.3873,6.3873,6.3873,6.3873,6.3873,6.3873,6.3873,6.3873,6.3873,6.3873,6.3873,6.3873,6.3873,6.3873,6.3873,6.3873,6.3873,6.3873,6.3873,6.3873,6.3873,6.3873,6.3873,6.3873,6.3873,6.3873,6.3873,6.3873,6.3873,6.3873,6.3873,6.3873,6.3873,6.3873,6.3873,6.3873,6.3873,6.3873,6.3873,6.3873,6.3873,6.3873,6.3873,6.3873,6.3873,6.3873,6.3873,6.3873,6.3873,6.3873,6.3873,6.3873,6.3873,6.3873,6.3873,6.3873,6.3873,6.3873,6.3873,6.3873,6.3873,6.3873,6.3873,6.3873,6.3873,6.3873,6.3873,6.3873,6.3873,6.3873,6.3873,6.3873,6.3873,6.3873,6.3873,6.3873,6.3873,6.3873,6.3873,6.3873,6.3873,6.3873,6.3873,6.3873,6.3873,6.3873,6.3873,6.3873,6.3873,6.3873,6.3873,6.3873,6.3873,6.3873,6.3873,6.3873,6.3873,6.3873,6.3873,6.3873,6.3873,6.3873,6.3873,6.3873,6.3873,6.3873,6.3873,6.3873,6.3873,6.3873,6.3873,6.3873,6.3873,6.3873,6.3873,6.3873,6.3873,6.3873,6.3873,6.3873,6.3873,6.3873,6.3873,6.3873,6.3873,6.3873,6.3873,6.3873,6.3873,6.3873,6.3873,6.3873,6.3873,6.3873,6.3873,6.3873,6.3873,6.3873,6.3873,6.3873,6.3873,6.3873,6.3873,6.3873,6.3873,6.3873,6.3873,6.3873,6.3873,6.3873,6.3873,6.3873,6.3873,6.3873,6.3873,6.3873,6.3873,6.3873,6.3873,6.3873,6.3873,6.3873,6.3873,6.3873,6.3873,6.3873,6.3873,6.3873,6.3873,6.3873,6.3873,6.3873,6.3873,6.3873,6.3873,6.3873,6.3873,6.3873,6.3873,6.3873,6.3873,6.3873,6.3873,6.3873,6.3873,6.3873,6.3873,6.3873,6.3873,6.3873,6.3873,6.3873,6.3873,6.3873,6.3873,6.3873,6.3873,6.3873,6.3873,6.3873,6.3873,6.3873,6.3873,6.3873,6.3873,6.3873,6.3873,6.3873,6.3873,6.3873,6.3873,6.3873,6.3873,6.3873,6.3873,6.3873,6.3873,6.3873,6.3873,6.3873,6.3873,6.3873,6.3873,6.3873,6.3873,6.3873,6.3873,6.3873,6.3873,6.3873,6.3873,6.3873,6.3873,6.3873,6.3873,6.3873,6.3873,6.3873,6.3873,6.3873,6.3873,6.3873,6.3873,6.3873,6.3873,6.3873,6.3873,6.3873,6.3873,6.3873,6.3873,6.3873,6.3873,6.3873,6.3873,6.3873,6.3873,6.3873,6.3873,6.3873,6.3873,6.3873,6.3873,6.3873,6.3873,6.3873,6.3873,6.3873,6.3873,6.3873,6.3873,6.3873,6.3873,6.3873,6.3873,6.3873,6.3873,6.3873,6.3873,6.3873,6.3873,6.3873,6.3873,6.3873,6.3873,6.3873,6.3873,6.3873,6.3873,6.3873,6.3873,6.3873,6.3873,6.3873,6.3873,6.3873,6.3873,6.3873,6.3873,6.3873,6.3873,6.3873,6.3873,6.3873,6.3873,6.3873,6.3873,6.3873,6.3873,6.3873,6.3873,6.3873,6.3873,6.3873,6.3873,6.3873,6.3873,6.3873,6.3873,6.3873,6.3873,6.3873,6.3873,6.3873,6.3873,6.3873,6.3873,6.3873,6.3873,6.3873,6.3873,6.3873,6.3873,6.3873,6.3873,6.3873,6.3873,6.3873,6.3873,6.3873,6.3873,6.3873,6.3873,6.3873,6.3873,6.3873,6.3873,6.3873,6.3873,6.3873,6.3873,6.3873,6.3873,6.3873,6.3873,6.3873,6.3873,6.3873,6.3873,6.3873,6.3873,6.3873,6.3873,6.3873,6.3873,6.3873,6.3873,6.3873,6.3873,6.3873,6.3873,6.3873,6.3873,6.3873,6.3873,6.3873,6.3873,6.3873,6.3873,6.3873,6.3873,6.3873,6.3873,6.3873,6.3873,6.3873,6.3873,6.3873,6.3873,6.3873,6.3873,6.3873,6.3873,6.3873,6.3873,6.3873,6.3873,6.3873,6.3873,6.3873,6.3873,6.3873,6.3873,6.3873,6.3873,6.3873,6.3873,6.3873,6.3873,6.3873,6.3873,6.3873,6.3873,6.3873,6.3873,6.3873,6.3873,6.3873,6.3873,6.3873,6.3873,6.3873,6.3873,6.3873,6.3873,6.3873,6.3873,6.3873,6.3873,6.3873,6.3873,6.3873,6.3873,6.3873,6.3873,6.3873,6.3873,6.3873,6.3873,6.3873,6.3873,6.3873,6.3873,6.3873,6.3873,6.3873,6.3873,6.3873,6.3873,6.3873,6.3873,6.3873,6.3873,6.3873,6.3873,6.3873,6.3873,6.3873,6.3873,6.3873,6.3873,6.3873,6.3873,6.3873,6.3873,6.3873,6.3873,6.3873,6.3873,6.3873,6.3873,6.3873,6.3873,6.3873,6.3873,6.3873,6.3873,6.3873,6.3873,6.3873,6.3873,6.3873,6.3873,6.3873,6.3873,6.3873,6.3873,6.3873,6.3873,6.3873,6.3873,6.3873,6.3873,6.3873,6.3873,6.3873,6.3873,6.3873,6.3873,6.3873,6.3873,6.3873,6.3873,6.3873,6.3873,6.3873,6.3873,6.3873,6.3873,6.3873,6.3873,6.3873,6.3873,6.3873,6.3873,6.3873,6.3873,6.3873,6.3873,6.3873,6.3873,6.3873,6.3873,6.3873,6.3873,6.3873,6.3873,6.3873,6.3873,6.3873,6.3873,6.3873,6.3873,6.3873,6.3873,6.3873,6.3873,6.3873,6.3873,6.3873,6.3873,6.3873,6.3873,6.3873,6.3873,6.3873,6.3873,6.3873,6.3873,6.3873,6.3873,6.3873,6.3873,6.3873,6.3873,6.3873,6.3873,6.3873,6.3873,6.3873,6.3873,6.3873,6.3873,6.3873,6.3873,6.3873,6.3873,6.3873,6.3873,6.3873,6.3873,6.3873,6.3873,6.3873,6.3873,6.3873,6.3873,6.3873,6.3873,6.3873,6.3873,6.3873,6.3873,6.3873,6.3873,6.3873,6.3873,6.3873,6.3873,6.3873,6.3873,6.3873,6.3873,6.3873,6.3873,6.3873,6.3873,6.3873,6.3873,6.3873,6.3873,6.3873,6.3873,6.3873,6.3873,6.3873,6.3873,6.3873,6.3873,6.3873,6.3873,6.3873,6.3873,6.3873,6.3873,6.3873,6.3873,6.3873,6.3873,6.3873,6.3873,6.3873,6.3873,6.3873,6.3873,6.3873,6.3873,6.3873,6.3873,6.3873,6.3873,6.3873,6.3873,6.3873,6.3873,6.3873,6.3873,6.3873,6.3873,6.3873,6.3873,6.3873,6.3873,6.3873,6.3873,6.3873,6.3873,6.3873,6.3873,6.3873,6.3873,6.3873,6.3873,6.3873,6.3873,6.3873,6.3873,6.3873,6.3873,6.3873,6.3873,6.3873,6.3873,6.3873,6.3873,6.3873,6.3873,6.3873,6.3873,6.3873,6.3873,6.3873,6.3873,6.3873,6.3873,6.3873,6.3873,6.3873,6.3873,6.3873,6.3873,6.3873,6.3873,6.3873,6.3873,6.3873,6.3873,6.3873,6.3873,6.3873,6.3873,6.3873,6.3873,6.3873,6.3873,6.3873,6.3873,6.3873,6.3873,6.3873,6.3873,6.3873,6.3873,6.3873,6.3873,6.3873,6.3873,6.3873,6.3873,6.3873,6.3873,6.3873,6.3873,6.3873,6.3873,6.3873,6.3873,6.3873,6.3873,6.3873,6.3873,6.3873,6.3873,6.3873,6.3873,6.3873,6.3873,6.3873,6.3873,6.3873,6.3873,6.3873,6.3873,6.3873,6.3873,6.3873,6.3873,6.3873,6.3873,6.3873,6.3873,6.3873,6.3873,6.3873,6.3873,6.3873,6.3873,6.3873,6.3873,6.3873,6.3873,6.3873,6.3873,6.3873,6.3873,6.3873,6.3873,6.3873,6.3873,6.3873,6.3873,6.3873,6.3873,6.3873,6.3873,6.3873,6.3873,6.3873,6.3873,6.3873,6.3873,6.3873,6.3873,6.3873,6.3873,6.3873,6.3873,6.3873,6.3873,6.3873,6.3873,6.3873,6.3873,6.3873,6.3873,6.3873,6.3873,6.3873,6.3873,6.3873,6.3873,6.3873,6.3873,6.3873,6.3873,6.3873,6.3873,6.3873,6.3873,6.3873,6.3873,6.3873,6.3873,6.3873,6.3873,6.3873,6.3873,6.3873,6.3873,6.3873,6.3873,6.3873,6.3873,6.3873,6.3873,6.3873,6.3873,6.3873,6.3873,6.3873,6.3873,6.3873,6.3873,6.3873,6.3873,6.3873,6.3873,6.3873,6.3873,6.3873,6.3873,6.3873,6.3873,6.3873,6.3873,6.3873,6.3873,6.3873,6.3873,6.3873,6.3873,6.3873,6.3873,6.3873,6.3873,6.3873,6.3873,6.3873,6.3873,6.3873,6.3873,6.3873,6.3873,6.3873,6.3873,6.3873,6.3873,6.3873,6.3873,6.3873,6.3873,6.3873,6.3873,6.3873,6.3873,6.3873,6.3873,6.3873,6.3873,6.3873,6.3873,6.3873,6.3873,6.3873,6.3873,6.3873,6.3873,6.3873,6.3873,6.3873,6.3873,6.3873,6.3873,6.3873,6.3873,6.3873,6.3873,6.3873,6.3873,6.3873,6.3873,6.3873,6.3873,6.3873,6.3873,6.3873,6.3873,6.3873,6.3873,6.3873,6.3873,6.3873,6.3873,6.3873,6.3873,6.3873,6.3873,6.3873,6.3873,6.3873,6.3873,6.3873,6.3873,6.3873,6.3873,6.3873,6.3873,6.3873,6.3873,6.3873,6.3873,6.3873
6.3826,6.3826,6.3826,6.3826,6.3826,6.3826,6.3826,6.3826,6.3826,6.3826,6.3826,6.3826,6.3826,6.3826,6.3826,6.3826,6.3826,6.3826,6.3826,6.3826,6.3826,6.3826,6.3826,6.3826,6.3826,6.3826,6.3826,6.3826,6.3826,6.3826,6.3826,6.3826,6.3826,6.3826,6.3826,6.3826,6.3826,6.3826,6.3826,6.3826,6.3826,6.3826,6.3826,6.3826,6.3826,6.3826,6.3826,6.3826,6.3826,6.3826,6.3826,6.3826,6.3826,6.3826,6.3826,6.3826,6.3826,6.3826,6.3826,6.3826,6.3826,6.3826,6.3826,6.3826,6.3826,6.3826,6.3826,6.3826,6.3826,6.3826,6.3826,6.3826,6.3826,6.3826,6.3826,6.3826,6.3826,6.3826,6.3826,6.3826,6.3826,6.3826,6.3826,6.3826,6.3826,6.3826,6.3826,6.3826,6.3826,6.3826,6.3826,6.3826,6.3826,6.3826,6.3826,6.3826,6.3826,6.3826,6.3826,6.3826,6.3826,6.3826,6.3826,6.3826,6.3826,6.3826,6.3826,6.3826,6.3826,6.3826,6.3826,6.3826,6.3826,6.3826,6.3826,6.3826,6.3826,6.3826,6.3826,6.3826,6.3826,6.3826,6.3826,6.3826,6.3826,6.3826,6.3826,6.3826,6.3826,6.3826,6.3826,6.3826,6.3826,6.3826,6.3826,6.3826,6.3826,6.3826,6.3826,6.3826,6.3826,6.3826,6.3826,6.3826,6.3826,6.3826,6.3826,6.3826,6.3826,6.3826,6.3826,6.3826,6.3826,6.3826,6.3826,6.3826,6.3826,6.3826,6.3826,6.3826,6.3826,6.3826,6.3826,6.3826,6.3826,6.3826,6.3826,6.3826,6.3826,6.3826,6.3826,6.3826,6.3826,6.3826,6.3826,6.3826,6.3826,6.3826,6.3826,6.3826,6.3826,6.3826,6.3826,6.3826,6.3826,6.3826,6.3826,6.3826,6.3826,6.3826,6.3826,6.3826,6.3826,6.3826,6.3826,6.3826,6.3826,6.3826,6.3826,6.3826,6.3826,6.3826,6.3826,6.3826,6.3826,6.3826,6.3826,6.3826,6.3826,6.3826,6.3826,6.3826,6.3826,6.3826,6.3826,6.3826,6.3826,6.3826,6.3826,6.3826,6.3826,6.3826,6.3826,6.3826,6.3826,6.3826,6.3826,6.3826,6.3826,6.3826,6.3826,6.3826,6.3826,6.3826,6.3826,6.3826,6.3826,6.3826,6.3826,6.3826,6.3826,6.3826,6.3826,6.3826,6.3826,6.3826,6.3826,6.3826,6.3826,6.3826,6.3826,6.3826,6.3826,6.3826,6.3826,6.3826,6.3826,6.3826,6.3826,6.3826,6.3826,6.3826,6.3826,6.3826,6.3826,6.3826,6.3826,6.3826,6.3826,6.3826,6.3826,6.3826,6.3826,6.3826,6.3826,6.3826,6.3826,6.3826,6.3826,6.3826,6.3826,6.3826,6.3826,6.3826,6.3826,6.3826,6.3826,6.3826,6.3826,6.3826,6.3826,6.3826,6.3826,6.3826,6.3826,6.3826,6.3826,6.3826,6.3826,6.3826,6.3826,6.3826,6.3826,6.3826,6.3826,6.3826,6.3826,6.3826,6.3826,6.3826,6.3826,6.3826,6.3826,6.3826,6.3826,6.3826,6.3826,6.3826,6.3826,6.3826,6.3826,6.3826,6.3826,6.3826,6.3826,6.3826,6.3826,6.3826,6.3826,6.3826,6.3826,6.3826,6.3826,6.3826,6.3826,6.3826,6.3826,6.3826,6.3826,6.3826,6.3826,6.3826,6.3826,6.3826,6.3826,6.3826,6.3826,6.3826,6.3826,6.3826,6.3826,6.3826,6.3826,6.3826,6.3826,6.3826,6.3826,6.3826,6.3826,6.3826,6.3826,6.3826,6.3826,6.3826,6.3826,6.3826,6.3826,6.3826,6.3826,6.3826,6.3826,6.3826,6.3826,6.3826,6.3826,6.3826,6.3826,6.3826,6.3826,6.3826,6.3826,6.3826,6.3826,6.3826,6.3826,6.3826,6.3826,6.3826,6.3826,6.3826,6.3826,6.3826,6.3826,6.3826,6.3826,6.3826,6.3826,6.3826,6.3826,6.3826,6.3826,6.3826,6.3826,6.3826,6.3826,6.3826,6.3826,6.3826,6.3826,6.3826,6.3826,6.3826,6.3826,6.3826,6.3826,6.3826,6.3826,6.3826,6.3826,6.3826,6.3826,6.3826,6.3826,6.3826,6.3826,6.3826,6.3826,6.3826,6.3826,6.3826,6.3826,6.3826,6.3826,6.3826,6.3826,6.3826,6.3826,6.3826,6.3826,6.3826,6.3826,6.3826,6.3826,6.3826,6.3826,6.3826,6.3826,6.3826,6.3826,6.3826,6.3826,6.3826,6.3826,6.3826,6.3826,6.3826,6.3826,6.3826,6.3826,6.3826,6.3826,6.3826,6.3826,6.3826,6.3826,6.3826,6.3826,6.3826,6.3826,6.3826,6.3826,6.3826,6.3826,6.3826,6.3826,6.3826,6.3826,6.3826,6.3826,6.3826,6.3826,6.3826,6.3826,6.3826,6.3826,6.3826,6.3826,6.3826,6.3826,6.3826,6.3826,6.3826,6.3826,6.3826,6.3826,6.3826,6.3826,6.3826,6.3826,6.3826,6.3826,6.3826,6.3826,6.3826,6.3826,6.3826,6.3826,6.3826,6.3826,6.3826,6.3826,6.3826,6.3826,6.3826,6.3826,6.3826,6.3826,6.3826,6.3826,6.3826,6.3826,6.3826,6.3826,6.3826,6.3826,6.3826,6.3826,6.3826,6.3826,6.3826,6.3826,6.3826,6.3826,6.3826,6.3826,6.3826,6.3826,6.3826,6.3826,6.3826,6.3826,6.3826,6.3826,6.3826,6.3826,6.3826,6.3826,6.3826,6.3826,6.3826,6.3826,6.3826,6.3826,6.3826,6.3826,6.3826,6.3826,6.3826,6.3826,6.3826,6.3826,6.3826,6.3826,6.3826,6.3826,6.3826,6.3826,6.3826,6.3826,6.3826,6.3826,6.3826,6.3826,6.3826,6.3826,6.3826,6.3826,6.3826,6.3826,6.3826,6.3826,6.3826,6.3826,6.3826,6.3826,6.3826,6.3826,6.3826,6.3826,6.3826,6.3826,6.3826,6.3826,6.3826,6.3826,6.3826,6.3826,6.3826,6.3826,6.3826,6.3826,6.3826,6.3826,6.3826,6.3826,6.3826,6.3826,6.3826,6.3826,6.3826,6.3826,6.3826,6.3826,6.3826,6.3826,6.3826,6.3826,6.3826,6.3826,6.3826,6.3826,6.3826,6.3826,6.3826,6.3826,6.3826,6.3826,6.3826,6.3826,6.3826,6.3826,6.3826,6.3826,6.3826,6.3826,6.3826,6.3826,6.3826,6.3826,6.3826,6.3826,6.3826,6.3826,6.3826,6.3826,6.3826,6.3826,6.3826,6.3826,6.3826,6.3826,6.3826,6.3826,6.3826,6.3826,6.3826,6.3826,6.3826,6.3826,6.3826,6.3826,6.3826,6.3826,6.3826,6.3826,6.3826,6.3826,6.3826,6.3826,6.3826,6.3826,6.3826,6.3826,6.3826,6.3826,6.3826,6.3826,6.3826,6.3826,6.3826,6.3826,6.3826,6.3826,6.3826,6.3826,6.3826,6.3826,6.3826,6.3826,6.3826,6.3826,6.3826,6.3826,6.3826,6.3826,6.3826,6.3826,6.3826,6.3826,6.3826,6.3826,6.3826,6.3826,6.3826,6.3826,6.3826,6.3826,6.3826,6.3826,6.3826,6.3826,6.3826,6.3826,6.3826,6.3826,6.3826,6.3826,6.3826,6.3826,6.3826,6.3826,6.3826,6.3826,6.3826,6.3826,6.3826,6.3826,6.3826,6.3826,6.3826,6.3826,6.3826,6.3826,6.3826,6.3826,6.3826,6.3826,6.3826,6.3826,6.3826,6.3826,6.3826,6.3826,6.3826,6.3826,6.3826,6.3826,6.3826,6.3826,6.3826,6.3826,6.3826,6.3826,6.3826,6.3826,6.3826,6.3826,6.3826,6.3826,6.3826,6.3826,6.3826,6.3826,6.3826,6.3826,6.3826,6.3826,6.3826,6.3826,6.3826,6.3826,6.3826,6.3826,6.3826,6.3826,6.3826,6.3826,6.3826,6.3826,6.3826,6.3826,6.3826,6.3826,6.3826,6.3826,6.3826,6.3826,6.3826,6.3826,6.3826,6.3826,6.3826,6.3826,6.3826,6.3826,6.3826,6.3826,6.3826,6.3826,6.3826,6.3826,6.3826,6.3826,6.3826,6.3826,6.3826,6.3826,6.3826,6.3826,6.3826,6.3826,6.3826,6.3826,6.3826,6.3826,6.3826,6.3826,6.3826,6.3826,6.3826,6.3826,6.3826,6.3826,6.3826,6.3826,6.3826,6.3826,6.3826,6.3826,6.3826,6.3826,6.3826,6.3826,6.3826,6.3826,6.3826,6.3826,6.3826,6.3826,6.3826,6.3826,6.3826,6.3826,6.3826,6.3826,6.3826,6.3826,6.3826,6.3826,6.3826,6.3826,6.3826,6.3826,6.3826,6.3826,6.3826,6.3826,6.3826,6.3826,6.3826,6.3826,6.3826,6.3826,6.3826,6.3826,6.3826,6.3826,6.3826,6.3826,6.3826,6.3826,6.3826,6.3826,6.3826,6.3826,6.3826,6.3826,6.3826,6.3826,6.3826,6.3826,6.3826,6.3826,6.3826,6.3826,6.3826,6.3826,6.3826,6.3826,6.3826,6.3826,6.3826,6.3826,6.3826,6.3826,6.3826,6.3826,6.3826,6.3826,6.3826,6.3826,6.3826,6.3826,6.3826,6.3826,6.3826,6.3826,6.3826,6.3826,6.3826,6.3826,6.3826,6.3826,6.3826,6.3826,6.3826,6.3826,6.3826,6.3826,6.3826,6.3826,6.3826,6.3826,6.3826,6.3826,6.3826,6.3826,6.3826,6.3826,6.3826,6.3826,6.3826,6.3826,6.3826,6.3826,6.3826,6.3826,6.3826,6.3826,6.3826,6.3826,6.3826,6.3826,6.3826,6.3826,6.3826,6.3826,6.3826,6.3826,6.3826,6.3826,6.3826,6.3826,6.3826,6.3826,6.3826,6.3826,6.3826,6.3826,6.3826
6.3780,6.3780,6.3780,6.3780,6.3780,6.3780,6.3780,6.3780,6.3780,6.3780,6.3780,6.3780,6.3780,6.3780,6.3780,6.3780,6.3780,6.3780,6.3780,6.3780,6.3780,6.3780,6.3780,6.3780,6.3780,6.3780,6.3780,6.3780,6.3780,6.3780,6.3780,6.3780,6.3780,6.3780,6.3780,6.3780,6.3780,6.3780,6.3780,6.3780,6.3780,6.3780,6.3780,6.3780,6.3780,6.3780,6.3780,6.3780,6.3780,6.3780,6.3780,6.3780,6.3780,6.3780,6.3780,6.3780,6.3780,6.3780,6.3780,6.3780,6.3780,6.3780,6.3780,6.3780,6.3780,6.3780,6.3780,6.3780,6.3780,6.3780,6.3780,6.3780,6.3780,6.3780,6.3780,6.3780,6.3780,6.3780,6.3780,6.3780,6.3780,6.3780,6.3780,6.3780,6.3780,6.3780,6.3780,6.3780,6.3780,6.3780,6.3780,6.3780,6.3780,6.3780,6.3780,6.3780,6.3780,6.3780,6.3780,6.3780,6.3780,6.3780,6.3780,6.3780,6.3780,6.3780,6.3780,6.3780,6.3780,6.3780,6.3780,6.3780,6.3780,6.3780,6.3780,6.3780,6.3780,6.3780,6.3780,6.3780,6.3780,6.3780,6.3780,6.3780,6.3780,6.3780,6.3780,6.3780,6.3780,6.3780,6.3780,6.3780,6.3780,6.3780,6.3780,6.3780,6.3780,6.3780,6.3780,6.3780,6.3780,6.3780,6.3780,6.3780,6.3780,6.3780,6.3780,6.3780,6.3780,6.3780,6.3780,6.3780,6.3780,6.3780,6.3780,6.3780,6.3780,6.3780,6.3780,6.3780,6.3780,6.3780,6.3780,6.3780,6.3780,6.3780,6.3780,6.3780,6.3780,6.3780,6.3780,6.3780,6.3780,6.3780,6.3780,6.3780,6.3780,6.3780,6.3780,6.3780,6.3780,6.3780,6.3780,6.3780,6.3780,6.3780,6.3780,6.3780,6.3780,6.3780,6.3780,6.3780,6.3780,6.3780,6.3780,6.3780,6.3780,6.3780,6.3780,6.3780,6.3780,6.3780,6.3780,6.3780,6.3780,6.3780,6.3780,6.3780,6.3780,6.3780,6.3780,6.3780,6.3780,6.3780,6.3780,6.3780,6.3780,6.3780,6.3780,6.3780,6.3780,6.3780,6.3780,6.3780,6.3780,6.3780,6.3780,6.3780,6.3780,6.3780,6.3780,6.3780,6.3780,6.3780,6.3780,6.3780,6.3780,6.3780,6.3780,6.3780,6.3780,6.3780,6.3780,6.3780,6.3780,6.3780,6.3780,6.3780,6.3780,6.3780,6.3780,6.3780,6.3780,6.3780,6.3780,6.3780,6.3780,6.3780,6.3780,6.3780,6.3780,6.3780,6.3780,6.3780,6.3780,6.3780,6.3780,6.3780,6.3780,6.3780,6.3780,6.3780,6.3780,6.3780,6.3780,6.3780,6.3780,6.3780,6.3780,6.3780,6.3780,6.3780,6.3780,6.3780,6.3780,6.3780,6.3780,6.3780,6.3780,6.3780,6.3780,6.3780,6.3780,6.3780,6.3780,6.3780,6.3780,6.3780,6.3780,6.3780,6.3780,6.3780,6.3780,6.3780,6.3780,6.3780,6.3780,6.3780,6.3780,6.3780,6.3780,6.3780,6.3780,6.3780,6.3780,6.3780,6.3780,6.3780,6.3780,6.3780,6.3780,6.3780,6.3780,6.3780,6.3780,6.3780,6.3780,6.3780,6.3780,6.3780,6.3780,6.3780,6.3780,6.3780,6.3780,6.3780,6.3780,6.3780,6.3780,6.3780,6.3780,6.3780,6.3780,6.3780,6.3780,6.3780,6.3780,6.3780,6.3780,6.3780,6.3780,6.3780,6.3780,6.3780,6.3780,6.3780,6.3780,6.3780,6.3780,6.3780,6.3780,6.3780,6.3780,6.3780,6.3780,6.3780,6.3780,6.3780,6.3780,6.3780,6.3780,6.3780,6.3780,6.3780,6.3780,6.3780,6.3780,6.3780,6.3780,6.3780,6.3780,6.3780,6.3780,6.3780,6.3780,6.3780,6.3780,6.3780,6.3780,6.3780,6.3780,6.3780,6.3780,6.3780,6.3780,6.3780,6.3780,6.3780,6.3780,6.3780,6.3780,6.3780,6.3780,6.3780,6.3780,6.3780,6.3780,6.3780,6.3780,6.3780,6.3780,6.3780,6.3780,6.3780,6.3780,6.3780,6.3780,6.3780,6.3780,6.3780,6.3780,6.3780,6.3780,6.3780,6.3780,6.3780,6.3780,6.3780,6.3780,6.3780,6.3780,6.3780,6.3780,6.3780,6.3780,6.3780,6.3780,6.3780,6.3780,6.3780,6.3780,6.3780,6.3780,6.3780,6.3780,6.3780,6.3780,6.3780,6.3780,6.3780,6.3780,6.3780,6.3780,6.3780,6.3780,6.3780,6.3780,6.3780,6.3780,6.3780,6.3780,6.3780,6.3780,6.3780,6.3780,6.3780,6.3780,6.3780,6.3780,6.3780,6.3780,6.3780,6.3780,6.3780,6.3780,6.3780,6.3780,6.3780,6.3780,6.3780,6.3780,6.3780,6.3780,6.3780,6.3780,6.3780,6.3780,6.3780,6.3780,6.3780,6.3780,6.3780,6.3780,6.3780,6.3780,6.3780,6.3780,6.3780,6.3780,6.3780,6.3780,6.3780,6.3780,6.3780,6.3780,6.3780,6.3780,6.3780,6.3780,6.3780,6.3780,6.3780,6.3780,6.3780,6.3780,6.3780,6.3780,6.3780,6.3780,6.3780,6.3780,6.3780,6.3780,6.3780,6.3780,6.3780,6.3780,6.3780,6.3780,6.3780,6.3780,6.3780,6.3780,6.3780,6.3780,6.3780,6.3780,6.3780,6.3780,6.3780,6.3780,6.3780,6.3780,6.3780,6.3780,6.3780,6.3780,6.3780,6.3780,6.3780,6.3780,6.3780,6.3780,6.3780,6.3780,6.3780,6.3780,6.3780,6.3780,6.3780,6.3780,6.3780,6.3780,6.3780,6.3780,6.3780,6.3780,6.3780,6.3780,6.3780,6.3780,6.3780,6.3780,6.3780,6.3780,6.3780,6.3780,6.3780,6.3780,6.3780,6.3780,6.3780,6.3780,6.3780,6.3780,6.3780,6.3780,6.3780,6.3780,6.3780,6.3780,6.3780,6.3780,6.3780,6.3780,6.3780,6.3780,6.3780,6.3780,6.3780,6.3780,6.3780,6.3780,6.3780,6.3780,6.3780,6.3780,6.3780,6.3780,6.3780,6.3780,6.3780,6.3780,6.3780,6.3780,6.3780,6.3780,6.3780,6.3780,6.3780,6.3780,6.3780,6.3780,6.3780,6.3780,6.3780,6.3780,6.3780,6.3780,6.3780,6.3780,6.3780,6.3780,6.3780,6.3780,6.3780,6.3780,6.3780,6.3780,6.3780,6.3780,6.3780,6.3780,6.3780,6.3780,6.3780,6.3780,6.3780,6.3780,6.3780,6.3780,6.3780,6.3780,6.3780,6.3780,6.3780,6.3780,6.3780,6.3780,6.3780,6.3780,6.3780,6.3780,6.3780,6.3780,6.3780,6.3780,6.3780,6.3780,6.3780,6.3780,6.3780,6.3780,6.3780,6.3780,6.3780,6.3780,6.3780,6.3780,6.3780,6.3780,6.3780,6.3780,6.3780,6.3780,6.3780,6.3780,6.3780,6.3780,6.3780,6.3780,6.3780,6.3780,6.3780,6.3780,6.3780,6.3780,6.3780,6.3780,6.3780,6.3780,6.3780,6.3780,6.3780,6.3780,6.3780,6.3780,6.3780,6.3780,6.3780,6.3780,6.3780,6.3780,6.3780,6.3780,6.3780,6.3780,6.3780,6.3780,6.3780,6.3780,6.3780,6.3780,6.3780,6.3780,6.3780,6.3780,6.3780,6.3780,6.3780,6.3780,6.3780,6.3780,6.3780,6.3780,6.3780,6.3780,6.3780,6.3780,6.3780,6.3780,6.3780,6.3780,6.3780,6.3780,6.3780,6.3780,6.3780,6.3780,6.3780,6.3780,6.3780,6.3780,6.3780,6.3780,6.3780,6.3780,6.3780,6.3780,6.3780,6.3780,6.3780,6.3780,6.3780,6.3780,6.3780,6.3780,6.3780,6.3780,6.3780,6.3780,6.3780,6.3780,6.3780,6.3780,6.3780,6.3780,6.3780,6.3780,6.3780,6.3780,6.3780,6.3780,6.3780,6.3780,6.3780,6.3780,6.3780,6.3780,6.3780,6.3780,6.3780,6.3780,6.3780,6.3780,6.3780,6.3780,6.3780,6.3780,6.3780,6.3780,6.3780,6.3780,6.3780,6.3780,6.3780,6.3780,6.3780,6.3780,6.3780,6.3780,6.3780,6.3780,6.3780,6.3780,6.3780,6.3780,6.3780,6.3780,6.3780,6.3780,6.3780,6.3780,6.3780,6.3780,6.3780,6.3780,6.3780,6.3780,6.3780,6.3780,6.3780,6.3780,6.3780,6.3780,6.3780,6.3780,6.3780,6.3780,6.3780,6.3780,6.3780,6.3780,6.3780,6.3780,6.3780,6.3780,6.3780,6.3780,6.3780,6.3780,6.3780,6.3780,6.3780,6.3780,6.3780,6.3780,6.3780,6.3780,6.3780,6.3780,6.3780,6.3780,6.3780,6.3780,6.3780,6.3780,6.3780,6.3780,6.3780,6.3780,6.3780,6.3780,6.3780,6.3780,6.3780,6.3780,6.3780,6.3780,6.3780,6.3780,6.3780,6.3780,6.3780,6.3780,6.3780,6.3780,6.3780,6.3780,6.3780,6.3780,6.3780,6.3780,6.3780,6.3780,6.3780,6.3780,6.3780,6.3780,6.3780,6.3780,6.3780,6.3780,6.3780,6.3780,6.3780,6.3780,6.3780,6.3780,6.3780,6.3780,6.3780,6.3780,6.3780,6.3780,6.3780,6.3780,6.3780,6.3780,6.3780,6.3780,6.3780,6.3780,6.3780,6.3780,6.3780,6.3780,6.3780,6.3780,6.3780,6.3780,6.3780,6.3780,6.3780,6.3780,6.3780,6.3780,6.3780,6.3780,6.3780,6.3780,6.3780,6.3780,6.3780,6.3780,6.3780,6.3780,6.3780,6.3780,6.3780,6.3780,6.3780,6.3780,6.3780,6.3780,6.3780,6.3780,6.3780,6.3780,6.3780
6.3737,6.3737,6.3737,6.3737,6.3737,6.3737,6.3737,6.3737,6.3737,6.3737,6.3737,6.3737,6.3737,6.3737,6.3737,6.3737,6.3737,6.3737,6.3737,6.3737,6.3737,6.3737,6.3737,6.3737,6.3737,6.3737,6.3737,6.3737,6.3737,6.3737,6.3737,6.3737,6.3737,6.3737,6.3737,6.3737,6.3737,6.3737,6.3737,6.3737,6.3737,6.3737,6.3737,6.3737,6.3737,6.3737,6.3737,6.3737,6.3737,6.3737,6.3737,6.3737,6.3737,6.3737,6.3737,6.3737,6.3737,6.3737,6.3737,6.3737,6.3737,6.3737,6.3737,6.3737,6.3737,6.3737,6.3737,6.3737,6.3737,6.3737,6.3737,6.3737,6.3737,6.3737,6.3737,6.3737,6.3737,6.3737,6.3737,6.3737,6.3737,6.3737,6.3737,6.3737,6.3737,6.3737,6.3737,6.3737,6.3737,6.3737,6.3737,6.3737,6.3737,6.3737,6.3737,6.3737,6.3737,6.3737,6.3737,6.3737,6.3737,6.3737,6.3737,6.3737,6.3737,6.3737,6.3737,6.3737,6.3737,6.3737,6.3737,6.3737,6.3737,6.3737,6.3737,6.3737,6.3737,6.3737,6.3737,6.3737,6.3737,6.3737,6.3737,6.3737,6.3737,6.3737,6.3737,6.3737,6.3737,6.3737,6.3737,6.3737,6.3737,6.3737,6.3737,6.3737,6.3737,6.3737,6.3737,6.3737,6.3737,6.3737,6.3737,6.3737,6.3737,6.3737,6.3737,6.3737,6.3737,6.3737,6.3737,6.3737,6.3737,6.3737,6.3737,6.3737,6.3737,6.3737,6.3737,6.3737,6.3737,6.3737,6.3737,6.3737,6.3737,6.3737,6.3737,6.3737,6.3737,6.3737,6.3737,6.3737,6.3737,6.3737,6.3737,6.3737,6.3737,6.3737,6.3737,6.3737,6.3737,6.3737,6.3737,6.3737,6.3737,6.3737,6.3737,6.3737,6.3737,6.3737,6.3737,6.3737,6.3737,6.3737,6.3737,6.3737,6.3737,6.3737,6.3737,6.3737,6.3737,6.3737,6.3737,6.3737,6.3737,6.3737,6.3737,6.3737,6.3737,6.3737,6.3737,6.3737,6.3737,6.3737,6.3737,6.3737,6.3737,6.3737,6.3737,6.3737,6.3737,6.3737,6.3737,6.3737,6.3737,6.3737,6.3737,6.3737,6.3737,6.3737,6.3737,6.3737,6.3737,6.3737,6.3737,6.3737,6.3737,6.3737,6.3737,6.3737,6.3737,6.3737,6.3737,6.3737,6.3737,6.3737,6.3737,6.3737,6.3737,6.3737,6.3737,6.3737,6.3737,6.3737,6.3737,6.3737,6.3737,6.3737,6.3737,6.3737,6.3737,6.3737,6.3737,6.3737,6.3737,6.3737,6.3737,6.3737,6.3737,6.3737,6.3737,6.3737,6.3737,6.3737,6.3737,6.3737,6.3737,6.3737,6.3737,6.3737,6.3737,6.3737,6.3737,6.3737,6.3737,6.3737,6.3737,6.3737,6.3737,6.3737,6.3737,6.3737,6.3737,6.3737,6.3737,6.3737,6.3737,6.3737,6.3737,6.3737,6.3737,6.3737,6.3737,6.3737,6.3737,6.3737,6.3737,6.3737,6.3737,6.3737,6.3737,6.3737,6.3737,6.3737,6.3737,6.3737,6.3737,6.3737,6.3737,6.3737,6.3737,6.3737,6.3737,6.3737,6.3737,6.3737,6.3737,6.3737,6.3737,6.3737,6.3737,6.3737,6.3737,6.3737,6.3737,6.3737,6.3737,6.3737,6.3737,6.3737,6.3737,6.3737,6.3737,6.3737,6.3737,6.3737,6.3737,6.3737,6.3737,6.3737,6.3737,6.3737,6.3737,6.3737,6.3737,6.3737,6.3737,6.3737,6.3737,6.3737,6.3737,6.3737,6.3737,6.3737,6.3737,6.3737,6.3737,6.3737,6.3737,6.3737,6.3737,6.3737,6.3737,6.3737,6.3737,6.3737,6.3737,6.3737,6.3737,6.3737,6.3737,6.3737,6.3737,6.3737,6.3737,6.3737,6.3737,6.3737,6.3737,6.3737,6.3737,6.3737,6.3737,6.3737,6.3737,6.3737,6.3737,6.3737,6.3737,6.3737,6.3737,6.3737,6.3737,6.3737,6.3737,6.3737,6.3737,6.3737,6.3737,6.3737,6.3737,6.3737,6.3737,6.3737,6.3737,6.3737,6.3737,6.3737,6.3737,6.3737,6.3737,6.3737,6.3737,6.3737,6.3737,6.3737,6.3737,6.3737,6.3737,6.3737,6.3737,6.3737,6.3737,6.3737,6.3737,6.3737,6.3737,6.3737,6.3737,6.3737,6.3737,6.3737,6.3737,6.3737,6.3737,6.3737,6.3737,6.3737,6.3737,6.3737,6.3737,6.3737,6.3737,6.3737,6.3737,6.3737,6.3737,6.3737,6.3737,6.3737,6.3737,6.3737,6.3737,6.3737,6.3737,6.3737,6.3737,6.3737,6.3737,6.3737,6.3737,6.3737,6.3737,6.3737,6.3737,6.3737,6.3737,6.3737,6.3737,6.3737,6.3737,6.3737,6.3737,6.3737,6.3737,6.3737,6.3737,6.3737,6.3737,6.3737,6.3737,6.3737,6.3737,6.3737,6.3737,6.3737,6.3737,6.3737,6.3737,6.3737,6.3737,6.3737,6.3737,6.3737,6.3737,6.3737,6.3737,6.3737,6.3737,6.3737,6.3737,6.3737,6.3737,6.3737,6.3737,6.3737,6.3737,6.3737,6.3737,6.3737,6.3737,6.3737,6.3737,6.3737,6.3737,6.3737,6.3737,6.3737,6.3737,6.3737,6.3737,6.3737,6.3737,6.3737,6.3737,6.3737,6.3737,6.3737,6.3737,6.3737,6.3737,6.3737,6.3737,6.3737,6.3737,6.3737,6.3737,6.3737,6.3737,6.3737,6.3737,6.3737,6.3737,6.3737,6.3737,6.3737,6.3737,6.3737,6.3737,6.3737,6.3737,6.3737,6.3737,6.3737,6.3737,6.3737,6.3737,6.3737,6.3737,6.3737,6.3737,6.3737,6.3737,6.3737,6.3737,6.3737,6.3737,6.3737,6.3737,6.3737,6.3737,6.3737,6.3737,6.3737,6.3737,6.3737,6.3737,6.3737,6.3737,6.3737,6.3737,6.3737,6.3737,6.3737,6.3737,6.3737,6.3737,6.3737,6.3737,6.3737,6.3737,6.3737,6.3737,6.3737,6.3737,6.3737,6.3737,6.3737,6.3737,6.3737,6.3737,6.3737,6.3737,6.3737,6.3737,6.3737,6.3737,6.3737,6.3737,6.3737,6.3737,6.3737,6.3737,6.3737,6.3737,6.3737,6.3737,6.3737,6.3737,6.3737,6.3737,6.3737,6.3737,6.3737,6.3737,6.3737,6.3737,6.3737,6.3737,6.3737,6.3737,6.3737,6.3737,6.3737,6.3737,6.3737,6.3737,6.3737,6.3737,6.3737,6.3737,6.3737,6.3737,6.3737,6.3737,6.3737,6.3737,6.3737,6.3737,6.3737,6.3737,6.3737,6.3737,6.3737,6.3737,6.3737,6.3737,6.3737,6.3737,6.3737,6.3737,6.3737,6.3737,6.3737,6.3737,6.3737,6.3737,6.3737,6.3737,6.3737,6.3737,6.3737,6.3737,6.3737,6.3737,6.3737,6.3737,6.3737,6.3737,6.3737,6.3737,6.3737,6.3737,6.3737,6.3737,6.3737,6.3737,6.3737,6.3737,6.3737,6.3737,6.3737,6.3737,6.3737,6.3737,6.3737,6.3737,6.3737,6.3737,6.3737,6.3737,6.3737,6.3737,6.3737,6.3737,6.3737,6.3737,6.3737,6.3737,6.3737,6.3737,6.3737,6.3737,6.3737,6.3737,6.3737,6.3737,6.3737,6.3737,6.3737,6.3737,6.3737,6.3737,6.3737,6.3737,6.3737,6.3737,6.3737,6.3737,6.3737,6.3737,6.3737,6.3737,6.3737,6.3737,6.3737,6.3737,6.3737,6.3737,6.3737,6.3737,6.3737,6.3737,6.3737,6.3737,6.3737,6.3737,6.3737,6.3737,6.3737,6.3737,6.3737,6.3737,6.3737,6.3737,6.3737,6.3737,6.3737,6.3737,6.3737,6.3737,6.3737,6.3737,6.3737,6.3737,6.3737,6.3737,6.3737,6.3737,6.3737,6.3737,6.3737,6.3737,6.3737,6.3737,6.3737,6.3737,6.3737,6.3737,6.3737,6.3737,6.3737,6.3737,6.3737,6.3737,6.3737,6.3737,6.3737,6.3737,6.3737,6.3737,6.3737,6.3737,6.3737,6.3737,6.3737,6.3737,6.3737,6.3737,6.3737,6.3737,6.3737,6.3737,6.3737,6.3737,6.3737,6.3737,6.3737,6.3737,6.3737,6.3737,6.3737,6.3737,6.3737,6.3737,6.3737,6.3737,6.3737,6.3737,6.3737,6.3737,6.3737,6.3737,6.3737,6.3737,6.3737,6.3737,6.3737,6.3737,6.3737,6.3737,6.3737,6.3737,6.3737,6.3737,6.3737,6.3737,6.3737,6.3737,6.3737,6.3737,6.3737,6.3737,6.3737,6.3737,6.3737,6.3737,6.3737,6.3737,6.3737,6.3737,6.3737,6.3737,6.3737,6.3737,6.3737,6.3737,6.3737,6.3737,6.3737,6.3737,6.3737,6.3737,6.3737,6.3737,6.3737,6.3737,6.3737,6.3737,6.3737,6.3737,6.3737,6.3737,6.3737,6.3737,6.3737,6.3737,6.3737,6.3737,6.3737,6.3737,6.3737,6.3737,6.3737,6.3737,6.3737,6.3737,6.3737,6.3737,6.3737,6.3737,6.3737,6.3737,6.3737,6.3737,6.3737,6.3737,6.3737,6.3737,6.3737,6.3737,6.3737,6.3737,6.3737,6.3737,6.3737,6.3737,6.3737,6.3737,6.3737,6.3737,6.3737,6.3737,6.3737,6.3737,6.3737,6.3737,6.3737,6.3737,6.3737,6.3737,6.3737,6.3737,6.3737,6.3737,6.3737,6.3737,6.3737,6.3737,6.3737,6.3737,6.3737,6.3737,6.3737,6.3737,6.3737,6.3737,6.3737,6.3737,6.3737,6.3737,6.3737,6.3737,6.3737,6.3737,6.3737,6.3737,6.3737,6.3737,6.3737
6.3691,6.3691,6.3691,6.3691,6.3691,6.3691,6.3691,6.3691,6.3691,6.3691,6.3691,6.3691,6.3691,6.3691,6.3691,6.3691,6.3691,6.3691,6.3691,6.3691,6.3691,6.3691,6.3691,6.3691,6.3691,6.3691,6.3691,6.3691,6.3691,6.3691,6.3691,6.3691,6.3691,6.3691,6.3691,6.3691,6.3691,6.3691,6.3691,6.3691,6.3691,6.3691,6.3691,6.3691,6.3691,6.3691,6.3691,6.3691,6.3691,6.3691,6.3691,6.3691,6.3691,6.3691,6.3691,6.3691,6.3691,6.3691,6.3691,6.3691,6.3691,6.3691,6.3691,6.3691,6.3691,6.3691,6.3691,6.3691,6.3691,6.3691,6.3691,6.3691,6.3691,6.3691,6.3691,6.3691,6.3691,6.3691,6.3691,6.3691,6.3691,6.3691,6.3691,6.3691,6.3691,6.3691,6.3691,6.3691,6.3691,6.3691,6.3691,6.3691,6.3691,6.3691,6.3691,6.3691,6.3691,6.3691,6.3691,6.3691,6.3691,6.3691,6.3691,6.3691,6.3691,6.3691,6.3691,6.3691,6.3691,6.3691,6.3691,6.3691,6.3691,6.3691,6.3691,6.3691,6.3691,6.3691,6.3691,6.3691,6.3691,6.3691,6.3691,6.3691,6.3691,6.3691,6.3691,6.3691,6.3691,6.3691,6.3691,6.3691,6.3691,6.3691,6.3691,6.3691,6.3691,6.3691,6.3691,6.3691,6.3691,6.3691,6.3691,6.3691,6.3691,6.3691,6.3691,6.3691,6.3691,6.3691,6.3691,6.3691,6.3691,6.3691,6.3691,6.3691,6.3691,6.3691,6.3691,6.3691,6.3691,6.3691,6.3691,6.3691,6.3691,6.3691,6.3691,6.3691,6.3691,6.3691,6.3691,6.3691,6.3691,6.3691,6.3691,6.3691,6.3691,6.3691,6.3691,6.3691,6.3691,6.3691,6.3691,6.3691,6.3691,6.3691,6.3691,6.3691,6.3691,6.3691,6.3691,6.3691,6.3691,6.3691,6.3691,6.3691,6.3691,6.3691,6.3691,6.3691,6.3691,6.3691,6.3691,6.3691,6.3691,6.3691,6.3691,6.3691,6.3691,6.3691,6.3691,6.3691,6.3691,6.3691,6.3691,6.3691,6.3691,6.3691,6.3691,6.3691,6.3691,6.3691,6.3691,6.3691,6.3691,6.3691,6.3691,6.3691,6.3691,6.3691,6.3691,6.3691,6.3691,6.3691,6.3691,6.3691,6.3691,6.3691,6.3691,6.3691,6.3691,6.3691,6.3691,6.3691,6.3691,6.3691,6.3691,6.3691,6.3691,6.3691,6.3691,6.3691,6.3691,6.3691,6.3691,6.3691,6.3691,6.3691,6.3691,6.3691,6.3691,6.3691,6.3691,6.3691,6.3691,6.3691,6.3691,6.3691,6.3691,6.3691,6.3691,6.3691,6.3691,6.3691,6.3691,6.3691,6.3691,6.3691,6.3691,6.3691,6.3691,6.3691,6.3691,6.3691,6.3691,6.3691,6.3691,6.3691,6.3691,6.3691,6.3691,6.3691,6.3691,6.3691,6.3691,6.3691,6.3691,6.3691,6.3691,6.3691,6.3691,6.3691,6.3691,6.3691,6.3691,6.3691,6.3691,6.3691,6.3691,6.3691,6.3691,6.3691,6.3691,6.3691,6.3691,6.3691,6.3691,6.3691,6.3691,6.3691,6.3691,6.3691,6.3691,6.3691,6.3691,6.3691,6.3691,6.3691,6.3691,6.3691,6.3691,6.3691,6.3691,6.3691,6.3691,6.3691,6.3691,6.3691,6.3691,6.3691,6.3691,6.3691,6.3691,6.3691,6.3691,6.3691,6.3691,6.3691,6.3691,6.3691,6.3691,6.3691,6.3691,6.3691,6.3691,6.3691,6.3691,6.3691,6.3691,6.3691,6.3691,6.3691,6.3691,6.3691,6.3691,6.3691,6.3691,6.3691,6.3691,6.3691,6.3691,6.3691,6.3691,6.3691,6.3691,6.3691,6.3691,6.3691,6.3691,6.3691,6.3691,6.3691,6.3691,6.3691,6.3691,6.3691,6.3691,6.3691,6.3691,6.3691,6.3691,6.3691,6.3691,6.3691,6.3691,6.3691,6.3691,6.3691,6.3691,6.3691,6.3691,6.3691,6.3691,6.3691,6.3691,6.3691,6.3691,6.3691,6.3691,6.3691,6.3691,6.3691,6.3691,6.3691,6.3691,6.3691,6.3691,6.3691,6.3691,6.3691,6.3691,6.3691,6.3691,6.3691,6.3691,6.3691,6.3691,6.3691,6.3691,6.3691,6.3691,6.3691,6.3691,6.3691,6.3691,6.3691,6.3691,6.3691,6.3691,6.3691,6.3691,6.3691,6.3691,6.3691,6.3691,6.3691,6.3691,6.3691,6.3691,6.3691,6.3691,6.3691,6.3691,6.3691,6.3691,6.3691,6.3691,6.3691,6.3691,6.3691,6.3691,6.3691,6.3691,6.3691,6.3691,6.3691,6.3691,6.3691,6.3691,6.3691,6.3691,6.3691,6.3691,6.3691,6.3691,6.3691,6.3691,6.3691,6.3691,6.3691,6.3691,6.3691,6.3691,6.3691,6.3691,6.3691,6.3691,6.3691,6.3691,6.3691,6.3691,6.3691,6.3691,6.3691,6.3691,6.3691,6.3691,6.3691,6.3691,6.3691,6.3691,6.3691,6.3691,6.3691,6.3691,6.3691,6.3691,6.3691,6.3691,6.3691,6.3691,6.3691,6.3691,6.3691,6.3691,6.3691,6.3691,6.3691,6.3691,6.3691,6.3691,6.3691,6.3691,6.3691,6.3691,6.3691,6.3691,6.3691,6.3691,6.3691,6.3691,6.3691,6.3691,6.3691,6.3691,6.3691,6.3691,6.3691,6.3691,6.3691,6.3691,6.3691,6.3691,6.3691,6.3691,6.3691,6.3691,6.3691,6.3691,6.3691,6.3691,6.3691,6.3691,6.3691,6.3691,6.3691,6.3691,6.3691,6.3691,6.3691,6.3691,6.3691,6.3691,6.3691,6.3691,6.3691,6.3691,6.3691,6.3691,6.3691,6.3691,6.3691,6.3691,6.3691,6.3691,6.3691,6.3691,6.3691,6.3691,6.3691,6.3691,6.3691,6.3691,6.3691,6.3691,6.3691,6.3691,6.3691,6.3691,6.3691,6.3691,6.3691,6.3691,6.3691,6.3691,6.3691,6.3691,6.3691,6.3691,6.3691,6.3691,6.3691,6.3691,6.3691,6.3691,6.3691,6.3691,6.3691,6.3691,6.3691,6.3691,6.3691,6.3691,6.3691,6.3691,6.3691,6.3691,6.3691,6.3691,6.3691,6.3691,6.3691,6.3691,6.3691,6.3691,6.3691,6.3691,6.3691,6.3691,6.3691,6.3691,6.3691,6.3691,6.3691,6.3691,6.3691,6.3691,6.3691,6.3691,6.3691,6.3691,6.3691,6.3691,6.3691,6.3691,6.3691,6.3691,6.3691,6.3691,6.3691,6.3691,6.3691,6.3691,6.3691,6.3691,6.3691,6.3691,6.3691,6.3691,6.3691,6.3691,6.3691,6.3691,6.3691,6.3691,6.3691,6.3691,6.3691,6.3691,6.3691,6.3691,6.3691,6.3691,6.3691,6.3691,6.3691,6.3691,6.3691,6.3691,6.3691,6.3691,6.3691,6.3691,6.3691,6.3691,6.3691,6.3691,6.3691,6.3691,6.3691,6.3691,6.3691,6.3691,6.3691,6.3691,6.3691,6.3691,6.3691,6.3691,6.3691,6.3691,6.3691,6.3691,6.3691,6.3691,6.3691,6.3691,6.3691,6.3691,6.3691,6.3691,6.3691,6.3691,6.3691,6.3691,6.3691,6.3691,6.3691,6.3691,6.3691,6.3691,6.3691,6.3691,6.3691,6.3691,6.3691,6.3691,6.3691,6.3691,6.3691,6.3691,6.3691,6.3691,6.3691,6.3691,6.3691,6.3691,6.3691,6.3691,6.3691,6.3691,6.3691,6.3691,6.3691,6.3691,6.3691,6.3691,6.3691,6.3691,6.3691,6.3691,6.3691,6.3691,6.3691,6.3691,6.3691,6.3691,6.3691,6.3691,6.3691,6.3691,6.3691,6.3691,6.3691,6.3691,6.3691,6.3691,6.3691,6.3691,6.3691,6.3691,6.3691,6.3691,6.3691,6.3691,6.3691,6.3691,6.3691,6.3691,6.3691,6.3691,6.3691,6.3691,6.3691,6.3691,6.3691,6.3691,6.3691,6.3691,6.3691,6.3691,6.3691,6.3691,6.3691,6.3691,6.3691,6.3691,6.3691,6.3691,6.3691,6.3691,6.3691,6.3691,6.3691,6.3691,6.3691,6.3691,6.3691,6.3691,6.3691,6.3691,6.3691,6.3691,6.3691,6.3691,6.3691,6.3691,6.3691,6.3691,6.3691,6.3691,6.3691,6.3691,6.3691,6.3691,6.3691,6.3691,6.3691,6.3691,6.3691,6.3691,6.3691,6.3691,6.3691,6.3691,6.3691,6.3691,6.3691,6.3691,6.3691,6.3691,6.3691,6.3691,6.3691,6.3691,6.3691,6.3691,6.3691,6.3691,6.3691,6.3691,6.3691,6.3691,6.3691,6.3691,6.3691,6.3691,6.3691,6.3691,6.3691,6.3691,6.3691,6.3691,6.3691,6.3691,6.3691,6.3691,6.3691,6.3691,6.3691,6.3691,6.3691,6.3691,6.3691,6.3691,6.3691,6.3691,6.3691,6.3691,6.3691,6.3691,6.3691,6.3691,6.3691,6.3691,6.3691,6.3691,6.3691,6.3691,6.3691,6.3691,6.3691,6.3691,6.3691,6.3691,6.3691,6.3691,6.3691,6.3691,6.3691,6.3691,6.3691,6.3691,6.3691,6.3691,6.3691,6.3691,6.3691,6.3691,6.3691,6.3691,6.3691,6.3691,6.3691,6.3691,6.3691,6.3691,6.3691,6.3691,6.3691,6.3691,6.3691,6.3691,6.3691,6.3691,6.3691,6.3691,6.3691,6.3691,6.3691,6.3691,6.3691,6.3691,6.3691,6.3691,6.3691,6.3691,6.3691,6.3691,6.3691,6.3691,6.3691,6.3691,6.3691,6.3691,6.3691,6.3691,6.3691,6.3691,6.3691,6.3691,6.3691,6.3691,6.3691,6.3691,6.3691,6.3691,6.3691,6.3691,6.3691
6.3645,6.3645,6.3645,6.3645,6.3645,6.3645,6.3645,6.3645,6.3645,6.3645,6.3645,6.3645,6.3645,6.3645,6.3645,6.3645,6.3645,6.3645,6.3645,6.3645,6.3645,6.3645,6.3645,6.3645,6.3645,6.3645,6.3645,6.3645,6.3645,6.3645,6.3645,6.3645,6.3645,6.3645,6.3645,6.3645,6.3645,6.3645,6.3645,6.3645,6.3645,6.3645,6.3645,6.3645,6.3645,6.3645,6.3645,6.3645,6.3645,6.3645,6.3645,6.3645,6.3645,6.3645,6.3645,6.3645,6.3645,6.3645,6.3645,6.3645,6.3645,6.3645,6.3645,6.3645,6.3645,6.3645,6.3645,6.3645,6.3645,6.3645,6.3645,6.3645,6.3645,6.3645,6.3645,6.3645,6.3645,6.3645,6.3645,6.3645,6.3645,6.3645,6.3645,6.3645,6.3645,6.3645,6.3645,6.3645,6.3645,6.3645,6.3645,6.3645,6.3645,6.3645,6.3645,6.3645,6.3645,6.3645,6.3645,6.3645,6.3645,6.3645,6.3645,6.3645,6.3645,6.3645,6.3645,6.3645,6.3645,6.3645,6.3645,6.3645,6.3645,6.3645,6.3645,6.3645,6.3645,6.3645,6.3645,6.3645,6.3645,6.3645,6.3645,6.3645,6.3645,6.3645,6.3645,6.3645,6.3645,6.3645,6.3645,6.3645,6.3645,6.3645,6.3645,6.3645,6.3645,6.3645,6.3645,6.3645,6.3645,6.3645,6.3645,6.3645,6.3645,6.3645,6.3645,6.3645,6.3645,6.3645,6.3645,6.3645,6.3645,6.3645,6.3645,6.3645,6.3645,6.3645,6.3645,6.3645,6.3645,6.3645,6.3645,6.3645,6.3645,6.3645,6.3645,6.3645,6.3645,6.3645,6.3645,6.3645,6.3645,6.3645,6.3645,6.3645,6.3645,6.3645,6.3645,6.3645,6.3645,6.3645,6.3645,6.3645,6.3645,6.3645,6.3645,6.3645,6.3645,6.3645,6.3645,6.3645,6.3645,6.3645,6.3645,6.3645,6.3645,6.3645,6.3645,6.3645,6.3645,6.3645,6.3645,6.3645,6.3645,6.3645,6.3645,6.3645,6.3645,6.3645,6.3645,6.3645,6.3645,6.3645,6.3645,6.3645,6.3645,6.3645,6.3645,6.3645,6.3645,6.3645,6.3645,6.3645,6.3645,6.3645,6.3645,6.3645,6.3645,6.3645,6.3645,6.3645,6.3645,6.3645,6.3645,6.3645,6.3645,6.3645,6.3645,6.3645,6.3645,6.3645,6.3645,6.3645,6.3645,6.3645,6.3645,6.3645,6.3645,6.3645,6.3645,6.3645,6.3645,6.3645,6.3645,6.3645,6.3645,6.3645,6.3645,6.3645,6.3645,6.3645,6.3645,6.3645,6.3645,6.3645,6.3645,6.3645,6.3645,6.3645,6.3645,6.3645,6.3645,6.3645,6.3645,6.3645,6.3645,6.3645,6.3645,6.3645,6.3645,6.3645,6.3645,6.3645,6.3645,6.3645,6.3645,6.3645,6.3645,6.3645,6.3645,6.3645,6.3645,6.3645,6.3645,6.3645,6.3645,6.3645,6.3645,6.3645,6.3645,6.3645,6.3645,6.3645,6.3645,6.3645,6.3645,6.3645,6.3645,6.3645,6.3645,6.3645,6.3645,6.3645,6.3645,6.3645,6.3645,6.3645,6.3645,6.3645,6.3645,6.3645,6.3645,6.3645,6.3645,6.3645,6.3645,6.3645,6.3645,6.3645,6.3645,6.3645,6.3645,6.3645,6.3645,6.3645,6.3645,6.3645,6.3645,6.3645,6.3645,6.3645,6.3645,6.3645,6.3645,6.3645,6.3645,6.3645,6.3645,6.3645,6.3645,6.3645,6.3645,6.3645,6.3645,6.3645,6.3645,6.3645,6.3645,6.3645,6.3645,6.3645,6.3645,6.3645,6.3645,6.3645,6.3645,6.3645,6.3645,6.3645,6.3645,6.3645,6.3645,6.3645,6.3645,6.3645,6.3645,6.3645,6.3645,6.3645,6.3645,6.3645,6.3645,6.3645,6.3645,6.3645,6.3645,6.3645,6.3645,6.3645,6.3645,6.3645,6.3645,6.3645,6.3645,6.3645,6.3645,6.3645,6.3645,6.3645,6.3645,6.3645,6.3645,6.3645,6.3645,6.3645,6.3645,6.3645,6.3645,6.3645,6.3645,6.3645,6.3645,6.3645,6.3645,6.3645,6.3645,6.3645,6.3645,6.3645,6.3645,6.3645,6.3645,6.3645,6.3645,6.3645,6.3645,6.3645,6.3645,6.3645,6.3645,6.3645,6.3645,6.3645,6.3645,6.3645,6.3645,6.3645,6.3645,6.3645,6.3645,6.3645,6.3645,6.3645,6.3645,6.3645,6.3645,6.3645,6.3645,6.3645,6.3645,6.3645,6.3645,6.3645,6.3645,6.3645,6.3645,6.3645,6.3645,6.3645,6.3645,6.3645,6.3645,6.3645,6.3645,6.3645,6.3645,6.3645,6.3645,6.3645,6.3645,6.3645,6.3645,6.3645,6.3645,6.3645,6.3645,6.3645,6.3645,6.3645,6.3645,6.3645,6.3645,6.3645,6.3645,6.3645,6.3645,6.3645,6.3645,6.3645,6.3645,6.3645,6.3645,6.3645,6.3645,6.3645,6.3645,6.3645,6.3645,6.3645,6.3645,6.3645,6.3645,6.3645,6.3645,6.3645,6.3645,6.3645,6.3645,6.3645,6.3645,6.3645,6.3645,6.3645,6.3645,6.3645,6.3645,6.3645,6.3645,6.3645,6.3645,6.3645,6.3645,6.3645,6.3645,6.3645,6.3645,6.3645,6.3645,6.3645,6.3645,6.3645,6.3645,6.3645,6.3645,6.3645,6.3645,6.3645,6.3645,6.3645,6.3645,6.3645,6.3645,6.3645,6.3645,6.3645,6.3645,6.3645,6.3645,6.3645,6.3645,6.3645,6.3645,6.3645,6.3645,6.3645,6.3645,6.3645,6.3645,6.3645,6.3645,6.3645,6.3645,6.3645,6.3645,6.3645,6.3645,6.3645,6.3645,6.3645,6.3645,6.3645,6.3645,6.3645,6.3645,6.3645,6.3645,6.3645,6.3645,6.3645,6.3645,6.3645,6.3645,6.3645,6.3645,6.3645,6.3645,6.3645,6.3645,6.3645,6.3645,6.3645,6.3645,6.3645,6.3645,6.3645,6.3645,6.3645,6.3645,6.3645,6.3645,6.3645,6.3645,6.3645,6.3645,6.3645,6.3645,6.3645,6.3645,6.3645,6.3645,6.3645,6.3645,6.3645,6.3645,6.3645,6.3645,6.3645,6.3645,6.3645,6.3645,6.3645,6.3645,6.3645,6.3645,6.3645,6.3645,6.3645,6.3645,6.3645,6.3645,6.3645,6.3645,6.3645,6.3645,6.3645,6.3645,6.3645,6.3645,6.3645,6.3645,6.3645,6.3645,6.3645,6.3645,6.3645,6.3645,6.3645,6.3645,6.3645,6.3645,6.3645,6.3645,6.3645,6.3645,6.3645,6.3645,6.3645,6.3645,6.3645,6.3645,6.3645,6.3645,6.3645,6.3645,6.3645,6.3645,6.3645,6.3645,6.3645,6.3645,6.3645,6.3645,6.3645,6.3645,6.3645,6.3645,6.3645,6.3645,6.3645,6.3645,6.3645,6.3645,6.3645,6.3645,6.3645,6.3645,6.3645,6.3645,6.3645,6.3645,6.3645,6.3645,6.3645,6.3645,6.3645,6.3645,6.3645,6.3645,6.3645,6.3645,6.3645,6.3645,6.3645,6.3645,6.3645,6.3645,6.3645,6.3645,6.3645,6.3645,6.3645,6.3645,6.3645,6.3645,6.3645,6.3645,6.3645,6.3645,6.3645,6.3645,6.3645,6.3645,6.3645,6.3645,6.3645,6.3645,6.3645,6.3645,6.3645,6.3645,6.3645,6.3645,6.3645,6.3645,6.3645,6.3645,6.3645,6.3645,6.3645,6.3645,6.3645,6.3645,6.3645,6.3645,6.3645,6.3645,6.3645,6.3645,6.3645,6.3645,6.3645,6.3645,6.3645,6.3645,6.3645,6.3645,6.3645,6.3645,6.3645,6.3645,6.3645,6.3645,6.3645,6.3645,6.3645,6.3645,6.3645,6.3645,6.3645,6.3645,6.3645,6.3645,6.3645,6.3645,6.3645,6.3645,6.3645,6.3645,6.3645,6.3645,6.3645,6.3645,6.3645,6.3645,6.3645,6.3645,6.3645,6.3645,6.3645,6.3645,6.3645,6.3645,6.3645,6.3645,6.3645,6.3645,6.3645,6.3645,6.3645,6.3645,6.3645,6.3645,6.3645,6.3645,6.3645,6.3645,6.3645,6.3645,6.3645,6.3645,6.3645,6.3645,6.3645,6.3645,6.3645,6.3645,6.3645,6.3645,6.3645,6.3645,6.3645,6.3645,6.3645,6.3645,6.3645,6.3645,6.3645,6.3645,6.3645,6.3645,6.3645,6.3645,6.3645,6.3645,6.3645,6.3645,6.3645,6.3645,6.3645,6.3645,6.3645,6.3645,6.3645,6.3645,6.3645,6.3645,6.3645,6.3645,6.3645,6.3645,6.3645,6.3645,6.3645,6.3645,6.3645,6.3645,6.3645,6.3645,6.3645,6.3645,6.3645,6.3645,6.3645,6.3645,6.3645,6.3645,6.3645,6.3645,6.3645,6.3645,6.3645,6.3645,6.3645,6.3645,6.3645,6.3645,6.3645,6.3645,6.3645,6.3645,6.3645,6.3645,6.3645,6.3645,6.3645,6.3645,6.3645,6.3645,6.3645,6.3645,6.3645,6.3645,6.3645,6.3645,6.3645,6.3645,6.3645,6.3645,6.3645,6.3645,6.3645,6.3645,6.3645,6.3645,6.3645,6.3645,6.3645,6.3645,6.3645,6.3645,6.3645,6.3645,6.3645,6.3645,6.3645,6.3645,6.3645,6.3645,6.3645,6.3645,6.3645,6.3645,6.3645,6.3645,6.3645,6.3645,6.3645,6.3645,6.3645,6.3645,6.3645,6.3645,6.3645,6.3645,6.3645,6.3645,6.3645,6.3645,6.3645,6.3645,6.3645,6.3645,6.3645,6.3645,6.3645,6.3645,6.3645,6.3645,6.3645,6.3645,6.3645,6.3645,6.3645,6.3645,6.3645,6.3645,6.3645,6.3645,6.3645
6.3599,6.3599,6.3599,6.3599,6.3599,6.3599,6.3599,6.3599,6.3599,6.3599,6.3599,6.3599,6.3599,6.3599,6.3599,6.3599,6.3599,6.3599,6.3599,6.3599,6.3599,6.3599,6.3599,6.3599,6.3599,6.3599,6.3599,6.3599,6.3599,6.3599,6.3599,6.3599,6.3599,6.3599,6.3599,6.3599,6.3599,6.3599,6.3599,6.3599,6.3599,6.3599,6.3599,6.3599,6.3599,6.3599,6.3599,6.3599,6.3599,6.3599,6.3599,6.3599,6.3599,6.3599,6.3599,6.3599,6.3599,6.3599,6.3599,6.3599,6.3599,6.3599,6.3599,6.3599,6.3599,6.3599,6.3599,6.3599,6.3599,6.3599,6.3599,6.3599,6.3599,6.3599,6.3599,6.3599,6.3599,6.3599,6.3599,6.3599,6.3599,6.3599,6.3599,6.3599,6.3599,6.3599,6.3599,6.3599,6.3599,6.3599,6.3599,6.3599,6.3599,6.3599,6.3599,6.3599,6.3599,6.3599,6.3599,6.3599,6.3599,6.3599,6.3599,6.3599,6.3599,6.3599,6.3599,6.3599,6.3599,6.3599,6.3599,6.3599,6.3599,6.3599,6.3599,6.3599,6.3599,6.3599,6.3599,6.3599,6.3599,6.3599,6.3599,6.3599,6.3599,6.3599,6.3599,6.3599,6.3599,6.3599,6.3599,6.3599,6.3599,6.3599,6.3599,6.3599,6.3599,6.3599,6.3599,6.3599,6.3599,6.3599,6.3599,6.3599,6.3599,6.3599,6.3599,6.3599,6.3599,6.3599,6.3599,6.3599,6.3599,6.3599,6.3599,6.3599,6.3599,6.3599,6.3599,6.3599,6.3599,6.3599,6.3599,6.3599,6.3599,6.3599,6.3599,6.3599,6.3599,6.3599,6.3599,6.3599,6.3599,6.3599,6.3599,6.3599,6.3599,6.3599,6.3599,6.3599,6.3599,6.3599,6.3599,6.3599,6.3599,6.3599,6.3599,6.3599,6.3599,6.3599,6.3599,6.3599,6.3599,6.3599,6.3599,6.3599,6.3599,6.3599,6.3599,6.3599,6.3599,6.3599,6.3599,6.3599,6.3599,6.3599,6.3599,6.3599,6.3599,6.3599,6.3599,6.3599,6.3599,6.3599,6.3599,6.3599,6.3599,6.3599,6.3599,6.3599,6.3599,6.3599,6.3599,6.3599,6.3599,6.3599,6.3599,6.3599,6.3599,6.3599,6.3599,6.3599,6.3599,6.3599,6.3599,6.3599,6.3599,6.3599,6.3599,6.3599,6.3599,6.3599,6.3599,6.3599,6.3599,6.3599,6.3599,6.3599,6.3599,6.3599,6.3599,6.3599,6.3599,6.3599,6.3599,6.3599,6.3599,6.3599,6.3599,6.3599,6.3599,6.3599,6.3599,6.3599,6.3599,6.3599,6.3599,6.3599,6.3599,6.3599,6.3599,6.3599,6.3599,6.3599,6.3599,6.3599,6.3599,6.3599,6.3599,6.3599,6.3599,6.3599,6.3599,6.3599,6.3599,6.3599,6.3599,6.3599,6.3599,6.3599,6.3599,6.3599,6.3599,6.3599,6.3599,6.3599,6.3599,6.3599,6.3599,6.3599,6.3599,6.3599,6.3599,6.3599,6.3599,6.3599,6.3599,6.3599,6.3599,6.3599,6.3599,6.3599,6.3599,6.3599,6.3599,6.3599,6.3599,6.3599,6.3599,6.3599,6.3599,6.3599,6.3599,6.3599,6.3599,6.3599,6.3599,6.3599,6.3599,6.3599,6.3599,6.3599,6.3599,6.3599,6.3599,6.3599,6.3599,6.3599,6.3599,6.3599,6.3599,6.3599,6.3599,6.3599,6.3599,6.3599,6.3599,6.3599,6.3599,6.3599,6.3599,6.3599,6.3599,6.3599,6.3599,6.3599,6.3599,6.3599,6.3599,6.3599,6.3599,6.3599,6.3599,6.3599,6.3599,6.3599,6.3599,6.3599,6.3599,6.3599,6.3599,6.3599,6.3599,6.3599,6.3599,6.3599,6.3599,6.3599,6.3599,6.3599,6.3599,6.3599,6.3599,6.3599,6.3599,6.3599,6.3599,6.3599,6.3599,6.3599,6.3599,6.3599,6.3599,6.3599,6.3599,6.3599,6.3599,6.3599,6.3599,6.3599,6.3599,6.3599,6.3599,6.3599,6.3599,6.3599,6.3599,6.3599,6.3599,6.3599,6.3599,6.3599,6.3599,6.3599,6.3599,6.3599,6.3599,6.3599,6.3599,6.3599,6.3599,6.3599,6.3599,6.3599,6.3599,6.3599,6.3599,6.3599,6.3599,6.3599,6.3599,6.3599,6.3599,6.3599,6.3599,6.3599,6.3599,6.3599,6.3599,6.3599,6.3599,6.3599,6.3599,6.3599,6.3599,6.3599,6.3599,6.3599,6.3599,6.3599,6.3599,6.3599,6.3599,6.3599,6.3599,6.3599,6.3599,6.3599,6.3599,6.3599,6.3599,6.3599,6.3599,6.3599,6.3599,6.3599,6.3599,6.3599,6.3599,6.3599,6.3599,6.3599,6.3599,6.3599,6.3599,6.3599,6.3599,6.3599,6.3599,6.3599,6.3599,6.3599,6.3599,6.3599,6.3599,6.3599,6.3599,6.3599,6.3599,6.3599,6.3599,6.3599,6.3599,6.3599,6.3599,6.3599,6.3599,6.3599,6.3599,6.3599,6.3599,6.3599,6.3599,6.3599,6.3599,6.3599,6.3599,6.3599,6.3599,6.3599,6.3599,6.3599,6.3599,6.3599,6.3599,6.3599,6.3599,6.3599,6.3599,6.3599,6.3599,6.3599,6.3599,6.3599,6.3599,6.3599,6.3599,6.3599,6.3599,6.3599,6.3599,6.3599,6.3599,6.3599,6.3599,6.3599,6.3599,6.3599,6.3599,6.3599,6.3599,6.3599,6.3599,6.3599,6.3599,6.3599,6.3599,6.3599,6.3599,6.3599,6.3599,6.3599,6.3599,6.3599,6.3599,6.3599,6.3599,6.3599,6.3599,6.3599,6.3599,6.3599,6.3599,6.3599,6.3599,6.3599,6.3599,6.3599,6.3599,6.3599,6.3599,6.3599,6.3599,6.3599,6.3599,6.3599,6.3599,6.3599,6.3599,6.3599,6.3599,6.3599,6.3599,6.3599,6.3599,6.3599,6.3599,6.3599,6.3599,6.3599,6.3599,6.3599,6.3599,6.3599,6.3599,6.3599,6.3599,6.3599,6.3599,6.3599,6.3599,6.3599,6.3599,6.3599,6.3599,6.3599,6.3599,6.3599,6.3599,6.3599,6.3599,6.3599,6.3599,6.3599,6.3599,6.3599,6.3599,6.3599,6.3599,6.3599,6.3599,6.3599,6.3599,6.3599,6.3599,6.3599,6.3599,6.3599,6.3599,6.3599,6.3599,6.3599,6.3599,6.3599,6.3599,6.3599,6.3599,6.3599,6.3599,6.3599,6.3599,6.3599,6.3599,6.3599,6.3599,6.3599,6.3599,6.3599,6.3599,6.3599,6.3599,6.3599,6.3599,6.3599,6.3599,6.3599,6.3599,6.3599,6.3599,6.3599,6.3599,6.3599,6.3599,6.3599,6.3599,6.3599,6.3599,6.3599,6.3599,6.3599,6.3599,6.3599,6.3599,6.3599,6.3599,6.3599,6.3599,6.3599,6.3599,6.3599,6.3599,6.3599,6.3599,6.3599,6.3599,6.3599,6.3599,6.3599,6.3599,6.3599,6.3599,6.3599,6.3599,6.3599,6.3599,6.3599,6.3599,6.3599,6.3599,6.3599,6.3599,6.3599,6.3599,6.3599,6.3599,6.3599,6.3599,6.3599,6.3599,6.3599,6.3599,6.3599,6.3599,6.3599,6.3599,6.3599,6.3599,6.3599,6.3599,6.3599,6.3599,6.3599,6.3599,6.3599,6.3599,6.3599,6.3599,6.3599,6.3599,6.3599,6.3599,6.3599,6.3599,6.3599,6.3599,6.3599,6.3599,6.3599,6.3599,6.3599,6.3599,6.3599,6.3599,6.3599,6.3599,6.3599,6.3599,6.3599,6.3599,6.3599,6.3599,6.3599,6.3599,6.3599,6.3599,6.3599,6.3599,6.3599,6.3599,6.3599,6.3599,6.3599,6.3599,6.3599,6.3599,6.3599,6.3599,6.3599,6.3599,6.3599,6.3599,6.3599,6.3599,6.3599,6.3599,6.3599,6.3599,6.3599,6.3599,6.3599,6.3599,6.3599,6.3599,6.3599,6.3599,6.3599,6.3599,6.3599,6.3599,6.3599,6.3599,6.3599,6.3599,6.3599,6.3599,6.3599,6.3599,6.3599,6.3599,6.3599,6.3599,6.3599,6.3599,6.3599,6.3599,6.3599,6.3599,6.3599,6.3599,6.3599,6.3599,6.3599,6.3599,6.3599,6.3599,6.3599,6.3599,6.3599,6.3599,6.3599,6.3599,6.3599,6.3599,6.3599,6.3599,6.3599,6.3599,6.3599,6.3599,6.3599,6.3599,6.3599,6.3599,6.3599,6.3599,6.3599,6.3599,6.3599,6.3599,6.3599,6.3599,6.3599,6.3599,6.3599,6.3599,6.3599,6.3599,6.3599,6.3599,6.3599,6.3599,6.3599,6.3599,6.3599,6.3599,6.3599,6.3599,6.3599,6.3599,6.3599,6.3599,6.3599,6.3599,6.3599,6.3599,6.3599,6.3599,6.3599,6.3599,6.3599,6.3599,6.3599,6.3599,6.3599,6.3599,6.3599,6.3599,6.3599,6.3599,6.3599,6.3599,6.3599,6.3599,6.3599,6.3599,6.3599,6.3599,6.3599,6.3599,6.3599,6.3599,6.3599,6.3599,6.3599,6.3599,6.3599,6.3599,6.3599,6.3599,6.3599,6.3599,6.3599,6.3599,6.3599,6.3599,6.3599,6.3599,6.3599,6.3599,6.3599,6.3599,6.3599,6.3599,6.3599,6.3599,6.3599,6.3599,6.3599,6.3599,6.3599,6.3599,6.3599,6.3599,6.3599,6.3599,6.3599,6.3599,6.3599,6.3599,6.3599,6.3599,6.3599,6.3599,6.3599,6.3599,6.3599,6.3599,6.3599,6.3599,6.3599,6.3599,6.3599,6.3599,6.3599,6.3599,6.3599,6.3599,6.3599,6.3599,6.3599,6.3599,6.3599,6.3599,6.3599,6.3599,6.3599,6.3599,6.3599,6.3599,6.3599
6.3556,6.3556,6.3556,6.3556,6.3556,6.3556,6.3556,6.3556,6.3556,6.3556,6.3556,6.3556,6.3556,6.3556,6.3556,6.3556,6.3556,6.3556,6.3556,6.3556,6.3556,6.3556,6.3556,6.3556,6.3556,6.3556,6.3556,6.3556,6.3556,6.3556,6.3556,6.3556,6.3556,6.3556,6.3556,6.3556,6.3556,6.3556,6.3556,6.3556,6.3556,6.3556,6.3556,6.3556,6.3556,6.3556,6.3556,6.3556,6.3556,6.3556,6.3556,6.3556,6.3556,6.3556,6.3556,6.3556,6.3556,6.3556,6.3556,6.3556,6.3556,6.3556,6.3556,6.3556,6.3556,6.3556,6.3556,6.3556,6.3556,6.3556,6.3556,6.3556,6.3556,6.3556,6.3556,6.3556,6.3556,6.3556,6.3556,6.3556,6.3556,6.3556,6.3556,6.3556,6.3556,6.3556,6.3556,6.3556,6.3556,6.3556,6.3556,6.3556,6.3556,6.3556,6.3556,6.3556,6.3556,6.3556,6.3556,6.3556,6.3556,6.3556,6.3556,6.3556,6.3556,6.3556,6.3556,6.3556,6.3556,6.3556,6.3556,6.3556,6.3556,6.3556,6.3556,6.3556,6.3556,6.3556,6.3556,6.3556,6.3556,6.3556,6.3556,6.3556,6.3556,6.3556,6.3556,6.3556,6.3556,6.3556,6.3556,6.3556,6.3556,6.3556,6.3556,6.3556,6.3556,6.3556,6.3556,6.3556,6.3556,6.3556,6.3556,6.3556,6.3556,6.3556,6.3556,6.3556,6.3556,6.3556,6.3556,6.3556,6.3556,6.3556,6.3556,6.3556,6.3556,6.3556,6.3556,6.3556,6.3556,6.3556,6.3556,6.3556,6.3556,6.3556,6.3556,6.3556,6.3556,6.3556,6.3556,6.3556,6.3556,6.3556,6.3556,6.3556,6.3556,6.3556,6.3556,6.3556,6.3556,6.3556,6.3556,6.3556,6.3556,6.3556,6.3556,6.3556,6.3556,6.3556,6.3556,6.3556,6.3556,6.3556,6.3556,6.3556,6.3556,6.3556,6.3556,6.3556,6.3556,6.3556,6.3556,6.3556,6.3556,6.3556,6.3556,6.3556,6.3556,6.3556,6.3556,6.3556,6.3556,6.3556,6.3556,6.3556,6.3556,6.3556,6.3556,6.3556,6.3556,6.3556,6.3556,6.3556,6.3556,6.3556,6.3556,6.3556,6.3556,6.3556,6.3556,6.3556,6.3556,6.3556,6.3556,6.3556,6.3556,6.3556,6.3556,6.3556,6.3556,6.3556,6.3556,6.3556,6.3556,6.3556,6.3556,6.3556,6.3556,6.3556,6.3556,6.3556,6.3556,6.3556,6.3556,6.3556,6.3556,6.3556,6.3556,6.3556,6.3556,6.3556,6.3556,6.3556,6.3556,6.3556,6.3556,6.3556,6.3556,6.3556,6.3556,6.3556,6.3556,6.3556,6.3556,6.3556,6.3556,6.3556,6.3556,6.3556,6.3556,6.3556,6.3556,6.3556,6.3556,6.3556,6.3556,6.3556,6.3556,6.3556,6.3556,6.3556,6.3556,6.3556,6.3556,6.3556,6.3556,6.3556,6.3556,6.3556,6.3556,6.3556,6.3556,6.3556,6.3556,6.3556,6.3556,6.3556,6.3556,6.3556,6.3556,6.3556,6.3556,6.3556,6.3556,6.3556,6.3556,6.3556,6.3556,6.3556,6.3556,6.3556,6.3556,6.3556,6.3556,6.3556,6.3556,6.3556,6.3556,6.3556,6.3556,6.3556,6.3556,6.3556,6.3556,6.3556,6.3556,6.3556,6.3556,6.3556,6.3556,6.3556,6.3556,6.3556,6.3556,6.3556,6.3556,6.3556,6.3556,6.3556,6.3556,6.3556,6.3556,6.3556,6.3556,6.3556,6.3556,6.3556,6.3556,6.3556,6.3556,6.3556,6.3556,6.3556,6.3556,6.3556,6.3556,6.3556,6.3556,6.3556,6.3556,6.3556,6.3556,6.3556,6.3556,6.3556,6.3556,6.3556,6.3556,6.3556,6.3556,6.3556,6.3556,6.3556,6.3556,6.3556,6.3556,6.3556,6.3556,6.3556,6.3556,6.3556,6.3556,6.3556,6.3556,6.3556,6.3556,6.3556,6.3556,6.3556,6.3556,6.3556,6.3556,6.3556,6.3556,6.3556,6.3556,6.3556,6.3556,6.3556,6.3556,6.3556,6.3556,6.3556,6.3556,6.3556,6.3556,6.3556,6.3556,6.3556,6.3556,6.3556,6.3556,6.3556,6.3556,6.3556,6.3556,6.3556,6.3556,6.3556,6.3556,6.3556,6.3556,6.3556,6.3556,6.3556,6.3556,6.3556,6.3556,6.3556,6.3556,6.3556,6.3556,6.3556,6.3556,6.3556,6.3556,6.3556,6.3556,6.3556,6.3556,6.3556,6.3556,6.3556,6.3556,6.3556,6.3556,6.3556,6.3556,6.3556,6.3556,6.3556,6.3556,6.3556,6.3556,6.3556,6.3556,6.3556,6.3556,6.3556,6.3556,6.3556,6.3556,6.3556,6.3556,6.3556,6.3556,6.3556,6.3556,6.3556,6.3556,6.3556,6.3556,6.3556,6.3556,6.3556,6.3556,6.3556,6.3556,6.3556,6.3556,6.3556,6.3556,6.3556,6.3556,6.3556,6.3556,6.3556,6.3556,6.3556,6.3556,6.3556,6.3556,6.3556,6.3556,6.3556,6.3556,6.3556,6.3556,6.3556,6.3556,6.3556,6.3556,6.3556,6.3556,6.3556,6.3556,6.3556,6.3556,6.3556,6.3556,6.3556,6.3556,6.3556,6.3556,6.3556,6.3556,6.3556,6.3556,6.3556,6.3556,6.3556,6.3556,6.3556,6.3556,6.3556,6.3556,6.3556,6.3556,6.3556,6.3556,6.3556,6.3556,6.3556,6.3556,6.3556,6.3556,6.3556,6.3556,6.3556,6.3556,6.3556,6.3556,6.3556,6.3556,6.3556,6.3556,6.3556,6.3556,6.3556,6.3556,6.3556,6.3556,6.3556,6.3556,6.3556,6.3556,6.3556,6.3556,6.3556,6.3556,6.3556,6.3556,6.3556,6.3556,6.3556,6.3556,6.3556,6.3556,6.3556,6.3556,6.3556,6.3556,6.3556,6.3556,6.3556,6.3556,6.3556,6.3556,6.3556,6.3556,6.3556,6.3556,6.3556,6.3556,6.3556,6.3556,6.3556,6.3556,6.3556,6.3556,6.3556,6.3556,6.3556,6.3556,6.3556,6.3556,6.3556,6.3556,6.3556,6.3556,6.3556,6.3556,6.3556,6.3556,6.3556,6.3556,6.3556,6.3556,6.3556,6.3556,6.3556,6.3556,6.3556,6.3556,6.3556,6.3556,6.3556,6.3556,6.3556,6.3556,6.3556,6.3556,6.3556,6.3556,6.3556,6.3556,6.3556,6.3556,6.3556,6.3556,6.3556,6.3556,6.3556,6.3556,6.3556,6.3556,6.3556,6.3556,6.3556,6.3556,6.3556,6.3556,6.3556,6.3556,6.3556,6.3556,6.3556,6.3556,6.3556,6.3556,6.3556,6.3556,6.3556,6.3556,6.3556,6.3556,6.3556,6.3556,6.3556,6.3556,6.3556,6.3556,6.3556,6.3556,6.3556,6.3556,6.3556,6.3556,6.3556,6.3556,6.3556,6.3556,6.3556,6.3556,6.3556,6.3556,6.3556,6.3556,6.3556,6.3556,6.3556,6.3556,6.3556,6.3556,6.3556,6.3556,6.3556,6.3556,6.3556,6.3556,6.3556,6.3556,6.3556,6.3556,6.3556,6.3556,6.3556,6.3556,6.3556,6.3556,6.3556,6.3556,6.3556,6.3556,6.3556,6.3556,6.3556,6.3556,6.3556,6.3556,6.3556,6.3556,6.3556,6.3556,6.3556,6.3556,6.3556,6.3556,6.3556,6.3556,6.3556,6.3556,6.3556,6.3556,6.3556,6.3556,6.3556,6.3556,6.3556,6.3556,6.3556,6.3556,6.3556,6.3556,6.3556,6.3556,6.3556,6.3556,6.3556,6.3556,6.3556,6.3556,6.3556,6.3556,6.3556,6.3556,6.3556,6.3556,6.3556,6.3556,6.3556,6.3556,6.3556,6.3556,6.3556,6.3556,6.3556,6.3556,6.3556,6.3556,6.3556,6.3556,6.3556,6.3556,6.3556,6.3556,6.3556,6.3556,6.3556,6.3556,6.3556,6.3556,6.3556,6.3556,6.3556,6.3556,6.3556,6.3556,6.3556,6.3556,6.3556,6.3556,6.3556,6.3556,6.3556,6.3556,6.3556,6.3556,6.3556,6.3556,6.3556,6.3556,6.3556,6.3556,6.3556,6.3556,6.3556,6.3556,6.3556,6.3556,6.3556,6.3556,6.3556,6.3556,6.3556,6.3556,6.3556,6.3556,6.3556,6.3556,6.3556,6.3556,6.3556,6.3556,6.3556,6.3556,6.3556,6.3556,6.3556,6.3556,6.3556,6.3556,6.3556,6.3556,6.3556,6.3556,6.3556,6.3556,6.3556,6.3556,6.3556,6.3556,6.3556,6.3556,6.3556,6.3556,6.3556,6.3556,6.3556,6.3556,6.3556,6.3556,6.3556,6.3556,6.3556,6.3556,6.3556,6.3556,6.3556,6.3556,6.3556,6.3556,6.3556,6.3556,6.3556,6.3556,6.3556,6.3556,6.3556,6.3556,6.3556,6.3556,6.3556,6.3556,6.3556,6.3556,6.3556,6.3556,6.3556,6.3556,6.3556,6.3556,6.3556,6.3556,6.3556,6.3556,6.3556,6.3556,6.3556,6.3556,6.3556,6.3556,6.3556,6.3556,6.3556,6.3556,6.3556,6.3556,6.3556,6.3556,6.3556,6.3556,6.3556,6.3556,6.3556,6.3556,6.3556,6.3556,6.3556,6.3556,6.3556,6.3556,6.3556,6.3556,6.3556,6.3556,6.3556,6.3556,6.3556,6.3556,6.3556,6.3556,6.3556,6.3556,6.3556,6.3556,6.3556,6.3556,6.3556,6.3556,6.3556,6.3556,6.3556,6.3556,6.3556,6.3556,6.3556,6.3556,6.3556,6.3556,6.3556,6.3556,6.3556,6.3556,6.3556,6.3556,6.3556,6.3556,6.3556,6.3556,6.3556,6.3556,6.3556,6.3556,6.3556,6.3556,6.3556,6.3556,6.3556
6.3510,6.3510,6.3510,6.3510,6.3510,6.3510,6.3510,6.3510,6.3510,6.3510,6.3510,6.3510,6.3510,6.3510,6.3510,6.3510,6.3510,6.3510,6.3510,6.3510,6.3510,6.3510,6.3510,6.3510,6.3510,6.3510,6.3510,6.3510,6.3510,6.3510,6.3510,6.3510,6.3510,6.3510,6.3510,6.3510,6.3510,6.3510,6.3510,6.3510,6.3510,6.3510,6.3510,6.3510,6.3510,6.3510,6.3510,6.3510,6.3510,6.3510,6.3510,6.3510,6.3510,6.3510,6.3510,6.3510,6.3510,6.3510,6.3510,6.3510,6.3510,6.3510,6.3510,6.3510,6.3510,6.3510,6.3510,6.3510,6.3510,6.3510,6.3510,6.3510,6.3510,6.3510,6.3510,6.3510,6.3510,6.3510,6.3510,6.3510,6.3510,6.3510,6.3510,6.3510,6.3510,6.3510,6.3510,6.3510,6.3510,6.3510,6.3510,6.3510,6.3510,6.3510,6.3510,6.3510,6.3510,6.3510,6.3510,6.3510,6.3510,6.3510,6.3510,6.3510,6.3510,6.3510,6.3510,6.3510,6.3510,6.3510,6.3510,6.3510,6.3510,6.3510,6.3510,6.3510,6.3510,6.3510,6.3510,6.3510,6.3510,6.3510,6.3510,6.3510,6.3510,6.3510,6.3510,6.3510,6.3510,6.3510,6.3510,6.3510,6.3510,6.3510,6.3510,6.3510,6.3510,6.3510,6.3510,6.3510,6.3510,6.3510,6.3510,6.3510,6.3510,6.3510,6.3510,6.3510,6.3510,6.3510,6.3510,6.3510,6.3510,6.3510,6.3510,6.3510,6.3510,6.3510,6.3510,6.3510,6.3510,6.3510,6.3510,6.3510,6.3510,6.3510,6.3510,6.3510,6.3510,6.3510,6.3510,6.3510,6.3510,6.3510,6.3510,6.3510,6.3510,6.3510,6.3510,6.3510,6.3510,6.3510,6.3510,6.3510,6.3510,6.3510,6.3510,6.3510,6.3510,6.3510,6.3510,6.3510,6.3510,6.3510,6.3510,6.3510,6.3510,6.3510,6.3510,6.3510,6.3510,6.3510,6.3510,6.3510,6.3510,6.3510,6.3510,6.3510,6.3510,6.3510,6.3510,6.3510,6.3510,6.3510,6.3510,6.3510,6.3510,6.3510,6.3510,6.3510,6.3510,6.3510,6.3510,6.3510,6.3510,6.3510,6.3510,6.3510,6.3510,6.3510,6.3510,6.3510,6.3510,6.3510,6.3510,6.3510,6.3510,6.3510,6.3510,6.3510,6.3510,6.3510,6.3510,6.3510,6.3510,6.3510,6.3510,6.3510,6.3510,6.3510,6.3510,6.3510,6.3510,6.3510,6.3510,6.3510,6.3510,6.3510,6.3510,6.3510,6.3510,6.3510,6.3510,6.3510,6.3510,6.3510,6.3510,6.3510,6.3510,6.3510,6.3510,6.3510,6.3510,6.3510,6.3510,6.3510,6.3510,6.3510,6.3510,6.3510,6.3510,6.3510,6.3510,6.3510,6.3510,6.3510,6.3510,6.3510,6.3510,6.3510,6.3510,6.3510,6.3510,6.3510,6.3510,6.3510,6.3510,6.3510,6.3510,6.3510,6.3510,6.3510,6.3510,6.3510,6.3510,6.3510,6.3510,6.3510,6.3510,6.3510,6.3510,6.3510,6.3510,6.3510,6.3510,6.3510,6.3510,6.3510,6.3510,6.3510,6.3510,6.3510,6.3510,6.3510,6.3510,6.3510,6.3510,6.3510,6.3510,6.3510,6.3510,6.3510,6.3510,6.3510,6.3510,6.3510,6.3510,6.3510,6.3510,6.3510,6.3510,6.3510,6.3510,6.3510,6.3510,6.3510,6.3510,6.3510,6.3510,6.3510,6.3510,6.3510,6.3510,6.3510,6.3510,6.3510,6.3510,6.3510,6.3510,6.3510,6.3510,6.3510,6.3510,6.3510,6.3510,6.3510,6.3510,6.3510,6.3510,6.3510,6.3510,6.3510,6.3510,6.3510,6.3510,6.3510,6.3510,6.3510,6.3510,6.3510,6.3510,6.3510,6.3510,6.3510,6.3510,6.3510,6.3510,6.3510,6.3510,6.3510,6.3510,6.3510,6.3510,6.3510,6.3510,6.3510,6.3510,6.3510,6.3510,6.3510,6.3510,6.3510,6.3510,6.3510,6.3510,6.3510,6.3510,6.3510,6.3510,6.3510,6.3510,6.3510,6.3510,6.3510,6.3510,6.3510,6.3510,6.3510,6.3510,6.3510,6.3510,6.3510,6.3510,6.3510,6.3510,6.3510,6.3510,6.3510,6.3510,6.3510,6.3510,6.3510,6.3510,6.3510,6.3510,6.3510,6.3510,6.3510,6.3510,6.3510,6.3510,6.3510,6.3510,6.3510,6.3510,6.3510,6.3510,6.3510,6.3510,6.3510,6.3510,6.3510,6.3510,6.3510,6.3510,6.3510,6.3510,6.3510,6.3510,6.3510,6.3510,6.3510,6.3510,6.3510,6.3510,6.3510,6.3510,6.3510,6.3510,6.3510,6.3510,6.3510,6.3510,6.3510,6.3510,6.3510,6.3510,6.3510,6.3510,6.3510,6.3510,6.3510,6.3510,6.3510,6.3510,6.3510,6.3510,6.3510,6.3510,6.3510,6.3510,6.3510,6.3510,6.3510,6.3510,6.3510,6.3510,6.3510,6.3510,6.3510,6.3510,6.3510,6.3510,6.3510,6.3510,6.3510,6.3510,6.3510,6.3510,6.3510,6.3510,6.3510,6.3510,6.3510,6.3510,6.3510,6.3510,6.3510,6.3510,6.3510,6.3510,6.3510,6.3510,6.3510,6.3510,6.3510,6.3510,6.3510,6.3510,6.3510,6.3510,6.3510,6.3510,6.3510,6.3510,6.3510,6.3510,6.3510,6.3510,6.3510,6.3510,6.3510,6.3510,6.3510,6.3510,6.3510,6.3510,6.3510,6.3510,6.3510,6.3510,6.3510,6.3510,6.3510,6.3510,6.3510,6.3510,6.3510,6.3510,6.3510,6.3510,6.3510,6.3510,6.3510,6.3510,6.3510,6.3510,6.3510,6.3510,6.3510,6.3510,6.3510,6.3510,6.3510,6.3510,6.3510,6.3510,6.3510,6.3510,6.3510,6.3510,6.3510,6.3510,6.3510,6.3510,6.3510,6.3510,6.3510,6.3510,6.3510,6.3510,6.3510,6.3510,6.3510,6.3510,6.3510,6.3510,6.3510,6.3510,6.3510,6.3510,6.3510,6.3510,6.3510,6.3510,6.3510,6.3510,6.3510,6.3510,6.3510,6.3510,6.3510,6.3510,6.3510,6.3510,6.3510,6.3510,6.3510,6.3510,6.3510,6.3510,6.3510,6.3510,6.3510,6.3510,6.3510,6.3510,6.3510,6.3510,6.3510,6.3510,6.3510,6.3510,6.3510,6.3510,6.3510,6.3510,6.3510,6.3510,6.3510,6.3510,6.3510,6.3510,6.3510,6.3510,6.3510,6.3510,6.3510,6.3510,6.3510,6.3510,6.3510,6.3510,6.3510,6.3510,6.3510,6.3510,6.3510,6.3510,6.3510,6.3510,6.3510,6.3510,6.3510,6.3510,6.3510,6.3510,6.3510,6.3510,6.3510,6.3510,6.3510,6.3510,6.3510,6.3510,6.3510,6.3510,6.3510,6.3510,6.3510,6.3510,6.3510,6.3510,6.3510,6.3510,6.3510,6.3510,6.3510,6.3510,6.3510,6.3510,6.3510,6.3510,6.3510,6.3510,6.3510,6.3510,6.3510,6.3510,6.3510,6.3510,6.3510,6.3510,6.3510,6.3510,6.3510,6.3510,6.3510,6.3510,6.3510,6.3510,6.3510,6.3510,6.3510,6.3510,6.3510,6.3510,6.3510,6.3510,6.3510,6.3510,6.3510,6.3510,6.3510,6.3510,6.3510,6.3510,6.3510,6.3510,6.3510,6.3510,6.3510,6.3510,6.3510,6.3510,6.3510,6.3510,6.3510,6.3510,6.3510,6.3510,6.3510,6.3510,6.3510,6.3510,6.3510,6.3510,6.3510,6.3510,6.3510,6.3510,6.3510,6.3510,6.3510,6.3510,6.3510,6.3510,6.3510,6.3510,6.3510,6.3510,6.3510,6.3510,6.3510,6.3510,6.3510,6.3510,6.3510,6.3510,6.3510,6.3510,6.3510,6.3510,6.3510,6.3510,6.3510,6.3510,6.3510,6.3510,6.3510,6.3510,6.3510,6.3510,6.3510,6.3510,6.3510,6.3510,6.3510,6.3510,6.3510,6.3510,6.3510,6.3510,6.3510,6.3510,6.3510,6.3510,6.3510,6.3510,6.3510,6.3510,6.3510,6.3510,6.3510,6.3510,6.3510,6.3510,6.3510,6.3510,6.3510,6.3510,6.3510,6.3510,6.3510,6.3510,6.3510,6.3510,6.3510,6.3510,6.3510,6.3510,6.3510,6.3510,6.3510,6.3510,6.3510,6.3510,6.3510,6.3510,6.3510,6.3510,6.3510,6.3510,6.3510,6.3510,6.3510,6.3510,6.3510,6.3510,6.3510,6.3510,6.3510,6.3510,6.3510,6.3510,6.3510,6.3510,6.3510,6.3510,6.3510,6.3510,6.3510,6.3510,6.3510,6.3510,6.3510,6.3510,6.3510,6.3510,6.3510,6.3510,6.3510,6.3510,6.3510,6.3510,6.3510,6.3510,6.3510,6.3510,6.3510,6.3510,6.3510,6.3510,6.3510,6.3510,6.3510,6.3510,6.3510,6.3510,6.3510,6.3510,6.3510,6.3510,6.3510,6.3510,6.3510,6.3510,6.3510,6.3510,6.3510,6.3510,6.3510,6.3510,6.3510,6.3510,6.3510,6.3510,6.3510,6.3510,6.3510,6.3510,6.3510,6.3510,6.3510,6.3510,6.3510,6.3510,6.3510,6.3510,6.3510,6.3510,6.3510,6.3510,6.3510,6.3510,6.3510,6.3510,6.3510,6.3510,6.3510,6.3510,6.3510,6.3510,6.3510,6.3510,6.3510,6.3510,6.3510,6.3510,6.3510,6.3510,6.3510,6.3510,6.3510,6.3510,6.3510,6.3510,6.3510,6.3510,6.3510,6.3510,6.3510,6.3510,6.3510,6.3510,6.3510,6.3510,6.3510,6.3510,6.3510,6.3510,6.3510,6.3510,6.3510,6.3510,6.3510,6.3510,6.3510,6.3510,6.3510
6.3465,6.3465,6.3465,6.3465,6.3465,6.3465,6.3465,6.3465,6.3465,6.3465,6.3465,6.3465,6.3465,6.3465,6.3465,6.3465,6.3465,6.3465,6.3465,6.3465,6.3465,6.3465,6.3465,6.3465,6.3465,6.3465,6.3465,6.3465,6.3465,6.3465,6.3465,6.3465,6.3465,6.3465,6.3465,6.3465,6.3465,6.3465,6.3465,6.3465,6.3465,6.3465,6.3465,6.3465,6.3465,6.3465,6.3465,6.3465,6.3465,6.3465,6.3465,6.3465,6.3465,6.3465,6.3465,6.3465,6.3465,6.3465,6.3465,6.3465,6.3465,6.3465,6.3465,6.3465,6.3465,6.3465,6.3465,6.3465,6.3465,6.3465,6.3465,6.3465,6.3465,6.3465,6.3465,6.3465,6.3465,6.3465,6.3465,6.3465,6.3465,6.3465,6.3465,6.3465,6.3465,6.3465,6.3465,6.3465,6.3465,6.3465,6.3465,6.3465,6.3465,6.3465,6.3465,6.3465,6.3465,6.3465,6.3465,6.3465,6.3465,6.3465,6.3465,6.3465,6.3465,6.3465,6.3465,6.3465,6.3465,6.3465,6.3465,6.3465,6.3465,6.3465,6.3465,6.3465,6.3465,6.3465,6.3465,6.3465,6.3465,6.3465,6.3465,6.3465,6.3465,6.3465,6.3465,6.3465,6.3465,6.3465,6.3465,6.3465,6.3465,6.3465,6.3465,6.3465,6.3465,6.3465,6.3465,6.3465,6.3465,6.3465,6.3465,6.3465,6.3465,6.3465,6.3465,6.3465,6.3465,6.3465,6.3465,6.3465,6.3465,6.3465,6.3465,6.3465,6.3465,6.3465,6.3465,6.3465,6.3465,6.3465,6.3465,6.3465,6.3465,6.3465,6.3465,6.3465,6.3465,6.3465,6.3465,6.3465,6.3465,6.3465,6.3465,6.3465,6.3465,6.3465,6.3465,6.3465,6.3465,6.3465,6.3465,6.3465,6.3465,6.3465,6.3465,6.3465,6.3465,6.3465,6.3465,6.3465,6.3465,6.3465,6.3465,6.3465,6.3465,6.3465,6.3465,6.3465,6.3465,6.3465,6.3465,6.3465,6.3465,6.3465,6.3465,6.3465,6.3465,6.3465,6.3465,6.3465,6.3465,6.3465,6.3465,6.3465,6.3465,6.3465,6.3465,6.3465,6.3465,6.3465,6.3465,6.3465,6.3465,6.3465,6.3465,6.3465,6.3465,6.3465,6.3465,6.3465,6.3465,6.3465,6.3465,6.3465,6.3465,6.3465,6.3465,6.3465,6.3465,6.3465,6.3465,6.3465,6.3465,6.3465,6.3465,6.3465,6.3465,6.3465,6.3465,6.3465,6.3465,6.3465,6.3465,6.3465,6.3465,6.3465,6.3465,6.3465,6.3465,6.3465,6.3465,6.3465,6.3465,6.3465,6.3465,6.3465,6.3465,6.3465,6.3465,6.3465,6.3465,6.3465,6.3465,6.3465,6.3465,6.3465,6.3465,6.3465,6.3465,6.3465,6.3465,6.3465,6.3465,6.3465,6.3465,6.3465,6.3465,6.3465,6.3465,6.3465,6.3465,6.3465,6.3465,6.3465,6.3465,6.3465,6.3465,6.3465,6.3465,6.3465,6.3465,6.3465,6.3465,6.3465,6.3465,6.3465,6.3465,6.3465,6.3465,6.3465,6.3465,6.3465,6.3465,6.3465,6.3465,6.3465,6.3465,6.3465,6.3465,6.3465,6.3465,6.3465,6.3465,6.3465,6.3465,6.3465,6.3465,6.3465,6.3465,6.3465,6.3465,6.3465,6.3465,6.3465,6.3465,6.3465,6.3465,6.3465,6.3465,6.3465,6.3465,6.3465,6.3465,6.3465,6.3465,6.3465,6.3465,6.3465,6.3465,6.3465,6.3465,6.3465,6.3465,6.3465,6.3465,6.3465,6.3465,6.3465,6.3465,6.3465,6.3465,6.3465,6.3465,6.3465,6.3465,6.3465,6.3465,6.3465,6.3465,6.3465,6.3465,6.3465,6.3465,6.3465,6.3465,6.3465,6.3465,6.3465,6.3465,6.3465,6.3465,6.3465,6.3465,6.3465,6.3465,6.3465,6.3465,6.3465,6.3465,6.3465,6.3465,6.3465,6.3465,6.3465,6.3465,6.3465,6.3465,6.3465,6.3465,6.3465,6.3465,6.3465,6.3465,6.3465,6.3465,6.3465,6.3465,6.3465,6.3465,6.3465,6.3465,6.3465,6.3465,6.3465,6.3465,6.3465,6.3465,6.3465,6.3465,6.3465,6.3465,6.3465,6.3465,6.3465,6.3465,6.3465,6.3465,6.3465,6.3465,6.3465,6.3465,6.3465,6.3465,6.3465,6.3465,6.3465,6.3465,6.3465,6.3465,6.3465,6.3465,6.3465,6.3465,6.3465,6.3465,6.3465,6.3465,6.3465,6.3465,6.3465,6.3465,6.3465,6.3465,6.3465,6.3465,6.3465,6.3465,6.3465,6.3465,6.3465,6.3465,6.3465,6.3465,6.3465,6.3465,6.3465,6.3465,6.3465,6.3465,6.3465,6.3465,6.3465,6.3465,6.3465,6.3465,6.3465,6.3465,6.3465,6.3465,6.3465,6.3465,6.3465,6.3465,6.3465,6.3465,6.3465,6.3465,6.3465,6.3465,6.3465,6.3465,6.3465,6.3465,6.3465,6.3465,6.3465,6.3465,6.3465,6.3465,6.3465,6.3465,6.3465,6.3465,6.3465,6.3465,6.3465,6.3465,6.3465,6.3465,6.3465,6.3465,6.3465,6.3465,6.3465,6.3465,6.3465,6.3465,6.3465,6.3465,6.3465,6.3465,6.3465,6.3465,6.3465,6.3465,6.3465,6.3465,6.3465,6.3465,6.3465,6.3465,6.3465,6.3465,6.3465,6.3465,6.3465,6.3465,6.3465,6.3465,6.3465,6.3465,6.3465,6.3465,6.3465,6.3465,6.3465,6.3465,6.3465,6.3465,6.3465,6.3465,6.3465,6.3465,6.3465,6.3465,6.3465,6.3465,6.3465,6.3465,6.3465,6.3465,6.3465,6.3465,6.3465,6.3465,6.3465,6.3465,6.3465,6.3465,6.3465,6.3465,6.3465,6.3465,6.3465,6.3465,6.3465,6.3465,6.3465,6.3465,6.3465,6.3465,6.3465,6.3465,6.3465,6.3465,6.3465,6.3465,6.3465,6.3465,6.3465,6.3465,6.3465,6.3465,6.3465,6.3465,6.3465,6.3465,6.3465,6.3465,6.3465,6.3465,6.3465,6.3465,6.3465,6.3465,6.3465,6.3465,6.3465,6.3465,6.3465,6.3465,6.3465,6.3465,6.3465,6.3465,6.3465,6.3465,6.3465,6.3465,6.3465,6.3465,6.3465,6.3465,6.3465,6.3465,6.3465,6.3465,6.3465,6.3465,6.3465,6.3465,6.3465,6.3465,6.3465,6.3465,6.3465,6.3465,6.3465,6.3465,6.3465,6.3465,6.3465,6.3465,6.3465,6.3465,6.3465,6.3465,6.3465,6.3465,6.3465,6.3465,6.3465,6.3465,6.3465,6.3465,6.3465,6.3465,6.3465,6.3465,6.3465,6.3465,6.3465,6.3465,6.3465,6.3465,6.3465,6.3465,6.3465,6.3465,6.3465,6.3465,6.3465,6.3465,6.3465,6.3465,6.3465,6.3465,6.3465,6.3465,6.3465,6.3465,6.3465,6.3465,6.3465,6.3465,6.3465,6.3465,6.3465,6.3465,6.3465,6.3465,6.3465,6.3465,6.3465,6.3465,6.3465,6.3465,6.3465,6.3465,6.3465,6.3465,6.3465,6.3465,6.3465,6.3465,6.3465,6.3465,6.3465,6.3465,6.3465,6.3465,6.3465,6.3465,6.3465,6.3465,6.3465,6.3465,6.3465,6.3465,6.3465,6.3465,6.3465,6.3465,6.3465,6.3465,6.3465,6.3465,6.3465,6.3465,6.3465,6.3465,6.3465,6.3465,6.3465,6.3465,6.3465,6.3465,6.3465,6.3465,6.3465,6.3465,6.3465,6.3465,6.3465,6.3465,6.3465,6.3465,6.3465,6.3465,6.3465,6.3465,6.3465,6.3465,6.3465,6.3465,6.3465,6.3465,6.3465,6.3465,6.3465,6.3465,6.3465,6.3465,6.3465,6.3465,6.3465,6.3465,6.3465,6.3465,6.3465,6.3465,6.3465,6.3465,6.3465,6.3465,6.3465,6.3465,6.3465,6.3465,6.3465,6.3465,6.3465,6.3465,6.3465,6.3465,6.3465,6.3465,6.3465,6.3465,6.3465,6.3465,6.3465,6.3465,6.3465,6.3465,6.3465,6.3465,6.3465,6.3465,6.3465,6.3465,6.3465,6.3465,6.3465,6.3465,6.3465,6.3465,6.3465,6.3465,6.3465,6.3465,6.3465,6.3465,6.3465,6.3465,6.3465,6.3465,6.3465,6.3465,6.3465,6.3465,6.3465,6.3465,6.3465,6.3465,6.3465,6.3465,6.3465,6.3465,6.3465,6.3465,6.3465,6.3465,6.3465,6.3465,6.3465,6.3465,6.3465,6.3465,6.3465,6.3465,6.3465,6.3465,6.3465,6.3465,6.3465,6.3465,6.3465,6.3465,6.3465,6.3465,6.3465,6.3465,6.3465,6.3465,6.3465,6.3465,6.3465,6.3465,6.3465,6.3465,6.3465,6.3465,6.3465,6.3465,6.3465,6.3465,6.3465,6.3465,6.3465,6.3465,6.3465,6.3465,6.3465,6.3465,6.3465,6.3465,6.3465,6.3465,6.3465,6.3465,6.3465,6.3465,6.3465,6.3465,6.3465,6.3465,6.3465,6.3465,6.3465,6.3465,6.3465,6.3465,6.3465,6.3465,6.3465,6.3465,6.3465,6.3465,6.3465,6.3465,6.3465,6.3465,6.3465,6.3465,6.3465,6.3465,6.3465,6.3465,6.3465,6.3465,6.3465,6.3465,6.3465,6.3465,6.3465,6.3465,6.3465,6.3465,6.3465,6.3465,6.3465,6.3465,6.3465,6.3465,6.3465,6.3465,6.3465,6.3465,6.3465,6.3465,6.3465,6.3465,6.3465,6.3465,6.3465,6.3465,6.3465,6.3465,6.3465,6.3465,6.3465,6.3465,6.3465,6.3465,6.3465,6.3465,6.3465,6.3465,6.3465,6.3465,6.3465,6.3465,6.3465,6.3465,6.3465,6.3465,6.3465
6.3419,6.3419,6.3419,6.3419,6.3419,6.3419,6.3419,6.3419,6.3419,6.3419,6.3419,6.3419,6.3419,6.3419,6.3419,6.3419,6.3419,6.3419,6.3419,6.3419,6.3419,6.3419,6.3419,6.3419,6.3419,6.3419,6.3419,6.3419,6.3419,6.3419,6.3419,6.3419,6.3419,6.3419,6.3419,6.3419,6.3419,6.3419,6.3419,6.3419,6.3419,6.3419,6.3419,6.3419,6.3419,6.3419,6.3419,6.3419,6.3419,6.3419,6.3419,6.3419,6.3419,6.3419,6.3419,6.3419,6.3419,6.3419,6.3419,6.3419,6.3419,6.3419,6.3419,6.3419,6.3419,6.3419,6.3419,6.3419,6.3419,6.3419,6.3419,6.3419,6.3419,6.3419,6.3419,6.3419,6.3419,6.3419,6.3419,6.3419,6.3419,6.3419,6.3419,6.3419,6.3419,6.3419,6.3419,6.3419,6.3419,6.3419,6.3419,6.3419,6.3419,6.3419,6.3419,6.3419,6.3419,6.3419,6.3419,6.3419,6.3419,6.3419,6.3419,6.3419,6.3419,6.3419,6.3419,6.3419,6.3419,6.3419,6.3419,6.3419,6.3419,6.3419,6.3419,6.3419,6.3419,6.3419,6.3419,6.3419,6.3419,6.3419,6.3419,6.3419,6.3419,6.3419,6.3419,6.3419,6.3419,6.3419,6.3419,6.3419,6.3419,6.3419,6.3419,6.3419,6.3419,6.3419,6.3419,6.3419,6.3419,6.3419,6.3419,6.3419,6.3419,6.3419,6.3419,6.3419,6.3419,6.3419,6.3419,6.3419,6.3419,6.3419,6.3419,6.3419,6.3419,6.3419,6.3419,6.3419,6.3419,6.3419,6.3419,6.3419,6.3419,6.3419,6.3419,6.3419,6.3419,6.3419,6.3419,6.3419,6.3419,6.3419,6.3419,6.3419,6.3419,6.3419,6.3419,6.3419,6.3419,6.3419,6.3419,6.3419,6.3419,6.3419,6.3419,6.3419,6.3419,6.3419,6.3419,6.3419,6.3419,6.3419,6.3419,6.3419,6.3419,6.3419,6.3419,6.3419,6.3419,6.3419,6.3419,6.3419,6.3419,6.3419,6.3419,6.3419,6.3419,6.3419,6.3419,6.3419,6.3419,6.3419,6.3419,6.3419,6.3419,6.3419,6.3419,6.3419,6.3419,6.3419,6.3419,6.3419,6.3419,6.3419,6.3419,6.3419,6.3419,6.3419,6.3419,6.3419,6.3419,6.3419,6.3419,6.3419,6.3419,6.3419,6.3419,6.3419,6.3419,6.3419,6.3419,6.3419,6.3419,6.3419,6.3419,6.3419,6.3419,6.3419,6.3419,6.3419,6.3419,6.3419,6.3419,6.3419,6.3419,6.3419,6.3419,6.3419,6.3419,6.3419,6.3419,6.3419,6.3419,6.3419,6.3419,6.3419,6.3419,6.3419,6.3419,6.3419,6.3419,6.3419,6.3419,6.3419,6.3419,6.3419,6.3419,6.3419,6.3419,6.3419,6.3419,6.3419,6.3419,6.3419,6.3419,6.3419,6.3419,6.3419,6.3419,6.3419,6.3419,6.3419,6.3419,6.3419,6.3419,6.3419,6.3419,6.3419,6.3419,6.3419,6.3419,6.3419,6.3419,6.3419,6.3419,6.3419,6.3419,6.3419,6.3419,6.3419,6.3419,6.3419,6.3419,6.3419,6.3419,6.3419,6.3419,6.3419,6.3419,6.3419,6.3419,6.3419,6.3419,6.3419,6.3419,6.3419,6.3419,6.3419,6.3419,6.3419,6.3419,6.3419,6.3419,6.3419,6.3419,6.3419,6.3419,6.3419,6.3419,6.3419,6.3419,6.3419,6.3419,6.3419,6.3419,6.3419,6.3419,6.3419,6.3419,6.3419,6.3419,6.3419,6.3419,6.3419,6.3419,6.3419,6.3419,6.3419,6.3419,6.3419,6.3419,6.3419,6.3419,6.3419,6.3419,6.3419,6.3419,6.3419,6.3419,6.3419,6.3419,6.3419,6.3419,6.3419,6.3419,6.3419,6.3419,6.3419,6.3419,6.3419,6.3419,6.3419,6.3419,6.3419,6.3419,6.3419,6.3419,6.3419,6.3419,6.3419,6.3419,6.3419,6.3419,6.3419,6.3419,6.3419,6.3419,6.3419,6.3419,6.3419,6.3419,6.3419,6.3419,6.3419,6.3419,6.3419,6.3419,6.3419,6.3419,6.3419,6.3419,6.3419,6.3419,6.3419,6.3419,6.3419,6.3419,6.3419,6.3419,6.3419,6.3419,6.3419,6.3419,6.3419,6.3419,6.3419,6.3419,6.3419,6.3419,6.3419,6.3419,6.3419,6.3419,6.3419,6.3419,6.3419,6.3419,6.3419,6.3419,6.3419,6.3419,6.3419,6.3419,6.3419,6.3419,6.3419,6.3419,6.3419,6.3419,6.3419,6.3419,6.3419,6.3419,6.3419,6.3419,6.3419,6.3419,6.3419,6.3419,6.3419,6.3419,6.3419,6.3419,6.3419,6.3419,6.3419,6.3419,6.3419,6.3419,6.3419,6.3419,6.3419,6.3419,6.3419,6.3419,6.3419,6.3419,6.3419,6.3419,6.3419,6.3419,6.3419,6.3419,6.3419,6.3419,6.3419,6.3419,6.3419,6.3419,6.3419,6.3419,6.3419,6.3419,6.3419,6.3419,6.3419,6.3419,6.3419,6.3419,6.3419,6.3419,6.3419,6.3419,6.3419,6.3419,6.3419,6.3419,6.3419,6.3419,6.3419,6.3419,6.3419,6.3419,6.3419,6.3419,6.3419,6.3419,6.3419,6.3419,6.3419,6.3419,6.3419,6.3419,6.3419,6.3419,6.3419,6.3419,6.3419,6.3419,6.3419,6.3419,6.3419,6.3419,6.3419,6.3419,6.3419,6.3419,6.3419,6.3419,6.3419,6.3419,6.3419,6.3419,6.3419,6.3419,6.3419,6.3419,6.3419,6.3419,6.3419,6.3419,6.3419,6.3419,6.3419,6.3419,6.3419,6.3419,6.3419,6.3419,6.3419,6.3419,6.3419,6.3419,6.3419,6.3419,6.3419,6.3419,6.3419,6.3419,6.3419,6.3419,6.3419,6.3419,6.3419,6.3419,6.3419,6.3419,6.3419,6.3419,6.3419,6.3419,6.3419,6.3419,6.3419,6.3419,6.3419,6.3419,6.3419,6.3419,6.3419,6.3419,6.3419,6.3419,6.3419,6.3419,6.3419,6.3419,6.3419,6.3419,6.3419,6.3419,6.3419,6.3419,6.3419,6.3419,6.3419,6.3419,6.3419,6.3419,6.3419,6.3419,6.3419,6.3419,6.3419,6.3419,6.3419,6.3419,6.3419,6.3419,6.3419,6.3419,6.3419,6.3419,6.3419,6.3419,6.3419,6.3419,6.3419,6.3419,6.3419,6.3419,6.3419,6.3419,6.3419,6.3419,6.3419,6.3419,6.3419,6.3419,6.3419,6.3419,6.3419,6.3419,6.3419,6.3419,6.3419,6.3419,6.3419,6.3419,6.3419,6.3419,6.3419,6.3419,6.3419,6.3419,6.3419,6.3419,6.3419,6.3419,6.3419,6.3419,6.3419,6.3419,6.3419,6.3419,6.3419,6.3419,6.3419,6.3419,6.3419,6.3419,6.3419,6.3419,6.3419,6.3419,6.3419,6.3419,6.3419,6.3419,6.3419,6.3419,6.3419,6.3419,6.3419,6.3419,6.3419,6.3419,6.3419,6.3419,6.3419,6.3419,6.3419,6.3419,6.3419,6.3419,6.3419,6.3419,6.3419,6.3419,6.3419,6.3419,6.3419,6.3419,6.3419,6.3419,6.3419,6.3419,6.3419,6.3419,6.3419,6.3419,6.3419,6.3419,6.3419,6.3419,6.3419,6.3419,6.3419,6.3419,6.3419,6.3419,6.3419,6.3419,6.3419,6.3419,6.3419,6.3419,6.3419,6.3419,6.3419,6.3419,6.3419,6.3419,6.3419,6.3419,6.3419,6.3419,6.3419,6.3419,6.3419,6.3419,6.3419,6.3419,6.3419,6.3419,6.3419,6.3419,6.3419,6.3419,6.3419,6.3419,6.3419,6.3419,6.3419,6.3419,6.3419,6.3419,6.3419,6.3419,6.3419,6.3419,6.3419,6.3419,6.3419,6.3419,6.3419,6.3419,6.3419,6.3419,6.3419,6.3419,6.3419,6.3419,6.3419,6.3419,6.3419,6.3419,6.3419,6.3419,6.3419,6.3419,6.3419,6.3419,6.3419,6.3419,6.3419,6.3419,6.3419,6.3419,6.3419,6.3419,6.3419,6.3419,6.3419,6.3419,6.3419,6.3419,6.3419,6.3419,6.3419,6.3419,6.3419,6.3419,6.3419,6.3419,6.3419,6.3419,6.3419,6.3419,6.3419,6.3419,6.3419,6.3419,6.3419,6.3419,6.3419,6.3419,6.3419,6.3419,6.3419,6.3419,6.3419,6.3419,6.3419,6.3419,6.3419,6.3419,6.3419,6.3419,6.3419,6.3419,6.3419,6.3419,6.3419,6.3419,6.3419,6.3419,6.3419,6.3419,6.3419,6.3419,6.3419,6.3419,6.3419,6.3419,6.3419,6.3419,6.3419,6.3419,6.3419,6.3419,6.3419,6.3419,6.3419,6.3419,6.3419,6.3419,6.3419,6.3419,6.3419,6.3419,6.3419,6.3419,6.3419,6.3419,6.3419,6.3419,6.3419,6.3419,6.3419,6.3419,6.3419,6.3419,6.3419,6.3419,6.3419,6.3419,6.3419,6.3419,6.3419,6.3419,6.3419,6.3419,6.3419,6.3419,6.3419,6.3419,6.3419,6.3419,6.3419,6.3419,6.3419,6.3419,6.3419,6.3419,6.3419,6.3419,6.3419,6.3419,6.3419,6.3419,6.3419,6.3419,6.3419,6.3419,6.3419,6.3419,6.3419,6.3419,6.3419,6.3419,6.3419,6.3419,6.3419,6.3419,6.3419,6.3419,6.3419,6.3419,6.3419,6.3419,6.3419,6.3419,6.3419,6.3419,6.3419,6.3419,6.3419,6.3419,6.3419,6.3419,6.3419,6.3419,6.3419,6.3419,6.3419,6.3419,6.3419,6.3419,6.3419,6.3419,6.3419,6.3419,6.3419,6.3419,6.3419,6.3419,6.3419,6.3419,6.3419,6.3419,6.3419,6.3419,6.3419,6.3419,6.3419,6.3419,6.3419
6.3376,6.3376,6.3376,6.3376,6.3376,6.3376,6.3376,6.3376,6.3376,6.3376,6.3376,6.3376,6.3376,6.3376,6.3376,6.3376,6.3376,6.3376,6.3376,6.3376,6.3376,6.3376,6.3376,6.3376,6.3376,6.3376,6.3376,6.3376,6.3376,6.3376,6.3376,6.3376,6.3376,6.3376,6.3376,6.3376,6.3376,6.3376,6.3376,6.3376,6.3376,6.3376,6.3376,6.3376,6.3376,6.3376,6.3376,6.3376,6.3376,6.3376,6.3376,6.3376,6.3376,6.3376,6.3376,6.3376,6.3376,6.3376,6.3376,6.3376,6.3376,6.3376,6.3376,6.3376,6.3376,6.3376,6.3376,6.3376,6.3376,6.3376,6.3376,6.3376,6.3376,6.3376,6.3376,6.3376,6.3376,6.3376,6.3376,6.3376,6.3376,6.3376,6.3376,6.3376,6.3376,6.3376,6.3376,6.3376,6.3376,6.3376,6.3376,6.3376,6.3376,6.3376,6.3376,6.3376,6.3376,6.3376,6.3376,6.3376,6.3376,6.3376,6.3376,6.3376,6.3376,6.3376,6.3376,6.3376,6.3376,6.3376,6.3376,6.3376,6.3376,6.3376,6.3376,6.3376,6.3376,6.3376,6.3376,6.3376,6.3376,6.3376,6.3376,6.3376,6.3376,6.3376,6.3376,6.3376,6.3376,6.3376,6.3376,6.3376,6.3376,6.3376,6.3376,6.3376,6.3376,6.3376,6.3376,6.3376,6.3376,6.3376,6.3376,6.3376,6.3376,6.3376,6.3376,6.3376,6.3376,6.3376,6.3376,6.3376,6.3376,6.3376,6.3376,6.3376,6.3376,6.3376,6.3376,6.3376,6.3376,6.3376,6.3376,6.3376,6.3376,6.3376,6.3376,6.3376,6.3376,6.3376,6.3376,6.3376,6.3376,6.3376,6.3376,6.3376,6.3376,6.3376,6.3376,6.3376,6.3376,6.3376,6.3376,6.3376,6.3376,6.3376,6.3376,6.3376,6.3376,6.3376,6.3376,6.3376,6.3376,6.3376,6.3376,6.3376,6.3376,6.3376,6.3376,6.3376,6.3376,6.3376,6.3376,6.3376,6.3376,6.3376,6.3376,6.3376,6.3376,6.3376,6.3376,6.3376,6.3376,6.3376,6.3376,6.3376,6.3376,6.3376,6.3376,6.3376,6.3376,6.3376,6.3376,6.3376,6.3376,6.3376,6.3376,6.3376,6.3376,6.3376,6.3376,6.3376,6.3376,6.3376,6.3376,6.3376,6.3376,6.3376,6.3376,6.3376,6.3376,6.3374,6.3374,6.3374,6.3374,6.3374,6.3374,6.3374,6.3374,6.3374,6.3374,6.3374,6.3374,6.3374,6.3374,6.3374,6.3374,6.3374,6.3374,6.3374,6.3374,6.3374,6.3374,6.3374,6.3374,6.3374,6.3374,6.3374,6.3374,6.3374,6.3374,6.3374,6.3374,6.3374,6.3374,6.3374,6.3374,6.3374,6.3374,6.3374,6.3374,6.3374,6.3374,6.3374,6.3374,6.3374,6.3374,6.3374,6.3374,6.3374,6.3374,6.3374,6.3374,6.3374,6.3374,6.3374,6.3374,6.3374,6.3374,6.3374,6.3374,6.3374,6.3374,6.3374,6.3374,6.3374,6.3374,6.3374,6.3374,6.3374,6.3374,6.3374,6.3374,6.3374,6.3374,6.3374,6.3374,6.3374,6.3374,6.3374,6.3374,6.3374,6.3374,6.3374,6.3374,6.3374,6.3374,6.3374,6.3374,6.3374,6.3374,6.3374,6.3374,6.3374,6.3374,6.3374,6.3374,6.3374,6.3374,6.3374,6.3374,6.3374,6.3374,6.3374,6.3374,6.3374,6.3374,6.3374,6.3374,6.3374,6.3374,6.3374,6.3374,6.3374,6.3374,6.3374,6.3374,6.3374,6.3374,6.3374,6.3374,6.3374,6.3374,6.3374,6.3374,6.3374,6.3374,6.3374,6.3374,6.3374,6.3374,6.3374,6.3374,6.3374,6.3374,6.3374,6.3374,6.3374,6.3374,6.3374,6.3374,6.3374,6.3374,6.3374,6.3374,6.3374,6.3374,6.3374,6.3374,6.3374,6.3374,6.3374,6.3374,6.3374,6.3374,6.3374,6.3374,6.3374,6.3374,6.3374,6.3374,6.3374,6.3374,6.3374,6.3374,6.3374,6.3374,6.3374,6.3374,6.3374,6.3374,6.3374,6.3374,6.3374,6.3374,6.3374,6.3374,6.3374,6.3374,6.3374,6.3374,6.3374,6.3374,6.3374,6.3374,6.3374,6.3374,6.3374,6.3374,6.3374,6.3374,6.3374,6.3374,6.3374,6.3374,6.3374,6.3374,6.3374,6.3374,6.3374,6.3374,6.3374,6.3374,6.3374,6.3374,6.3374,6.3374,6.3374,6.3374,6.3374,6.3374,6.3374,6.3374,6.3374,6.3374,6.3374,6.3374,6.3374,6.3374,6.3374,6.3374,6.3374,6.3374,6.3374,6.3374,6.3374,6.3374,6.3374,6.3374,6.3374,6.3374,6.3374,6.3374,6.3374,6.3374,6.3374,6.3374,6.3374,6.3374,6.3374,6.3374,6.3374,6.3374,6.3374,6.3374,6.3374,6.3374,6.3374,6.3374,6.3374,6.3374,6.3374,6.3374,6.3374,6.3374,6.3374,6.3374,6.3374,6.3374,6.3374,6.3374,6.3374,6.3374,6.3374,6.3374,6.3374,6.3374,6.3374,6.3374,6.3374,6.3374,6.3374,6.3374,6.3374,6.3374,6.3374,6.3374,6.3374,6.3374,6.3374,6.3374,6.3374,6.3374,6.3374,6.3374,6.3374,6.3374,6.3374,6.3374,6.3374,6.3374,6.3374,6.3374,6.3374,6.3374,6.3374,6.3374,6.3374,6.3374,6.3374,6.3374,6.3374,6.3374,6.3374,6.3374,6.3374,6.3374,6.3374,6.3374,6.3374,6.3374,6.3374,6.3374,6.3374,6.3374,6.3374,6.3374,6.3374,6.3374,6.3374,6.3374,6.3374,6.3374,6.3374,6.3374,6.3374,6.3374,6.3374,6.3374,6.3374,6.3374,6.3374,6.3374,6.3374,6.3374,6.3374,6.3374,6.3374,6.3374,6.3374,6.3374,6.3374,6.3374,6.3374,6.3374,6.3374,6.3374,6.3374,6.3374,6.3374,6.3374,6.3374,6.3374,6.3374,6.3374,6.3374,6.3374,6.3374,6.3374,6.3374,6.3374,6.3374,6.3374,6.3374,6.3374,6.3374,6.3374,6.3374,6.3374,6.3374,6.3374,6.3374,6.3374,6.3374,6.3374,6.3374,6.3374,6.3374,6.3374,6.3374,6.3374,6.3374,6.3374,6.3374,6.3374,6.3374,6.3374,6.3374,6.3374,6.3374,6.3374,6.3374,6.3374,6.3374,6.3374,6.3374,6.3374,6.3374,6.3374,6.3374,6.3374,6.3374,6.3374,6.3374,6.3374,6.3374,6.3374,6.3374,6.3374,6.3374,6.3374,6.3374,6.3374,6.3374,6.3374,6.3374,6.3374,6.3374,6.3374,6.3374,6.3374,6.3374,6.3374,6.3374,6.3374,6.3374,6.3374,6.3374,6.3374,6.3374,6.3374,6.3374,6.3374,6.3374,6.3374,6.3374,6.3374,6.3374,6.3374,6.3374,6.3374,6.3374,6.3374,6.3374,6.3374,6.3374,6.3374,6.3374,6.3374,6.3374,6.3374,6.3374,6.3374,6.3374,6.3374,6.3374,6.3374,6.3374,6.3374,6.3374,6.3374,6.3374,6.3374,6.3374,6.3374,6.3374,6.3374,6.3374,6.3374,6.3374,6.3374,6.3374,6.3374,6.3374,6.3374,6.3374,6.3374,6.3374,6.3374,6.3374,6.3374,6.3374,6.3374,6.3374,6.3374,6.3374,6.3374,6.3374,6.3374,6.3374,6.3374,6.3374,6.3374,6.3374,6.3374,6.3374,6.3374,6.3374,6.3374,6.3374,6.3374,6.3374,6.3374,6.3374,6.3374,6.3374,6.3374,6.3374,6.3374,6.3374,6.3374,6.3374,6.3374,6.3374,6.3374,6.3374,6.3374,6.3374,6.3374,6.3374,6.3374,6.3374,6.3374,6.3374,6.3374,6.3374,6.3374,6.3374,6.3374,6.3374,6.3374,6.3374,6.3374,6.3374,6.3374,6.3374,6.3374,6.3374,6.3374,6.3374,6.3374,6.3374,6.3374,6.3374,6.3374,6.3374,6.3374,6.3374,6.3374,6.3374,6.3374,6.3374,6.3374,6.3374,6.3374,6.3374,6.3374,6.3374,6.3374,6.3374,6.3374,6.3374,6.3374,6.3374,6.3374,6.3374,6.3374,6.3374,6.3374,6.3374,6.3374,6.3374,6.3374,6.3374,6.3374,6.3374,6.3374,6.3374,6.3374,6.3374,6.3374,6.3374,6.3374,6.3374,6.3374,6.3374,6.3374,6.3374,6.3374,6.3374,6.3374,6.3374,6.3374,6.3374,6.3374,6.3374,6.3374,6.3374,6.3374,6.3374,6.3374,6.3374,6.3374,6.3374,6.3374,6.3374,6.3374,6.3374,6.3374,6.3374,6.3374,6.3374,6.3374,6.3374,6.3374,6.3374,6.3374,6.3374,6.3374,6.3374,6.3374,6.3374,6.3374,6.3374,6.3374,6.3374,6.3374,6.3374,6.3374,6.3374,6.3374,6.3374,6.3374,6.3374,6.3374,6.3374,6.3374,6.3374,6.3374,6.3374,6.3374,6.3374,6.3374,6.3374,6.3374,6.3374,6.3374,6.3374,6.3374,6.3374,6.3374,6.3374,6.3374,6.3374,6.3374,6.3374,6.3374,6.3374,6.3374,6.3374,6.3374,6.3374,6.3374,6.3374,6.3374,6.3374,6.3374,6.3374,6.3374,6.3374,6.3374,6.3374,6.3374,6.3374,6.3374,6.3374,6.3374,6.3374,6.3374,6.3374,6.3374,6.3374,6.3374,6.3374,6.3374,6.3374,6.3374,6.3374,6.3374,6.3374,6.3374,6.3374,6.3374,6.3374,6.3374,6.3374,6.3374,6.3374,6.3374,6.3374,6.3374,6.3374,6.3374,6.3374,6.3374,6.3374,6.3374,6.3374,6.3374,6.3374,6.3374,6.3374,6.3374,6.3374,6.3374,6.3374,6.3374,6.3374,6.3374,6.3374
6.3331,6.3331,6.3331,6.3331,6.3331,6.3331,6.3331,6.3331,6.3331,6.3331,6.3331,6.3331,6.3331,6.3331,6.3331,6.3331,6.3331,6.3331,6.3331,6.3331,6.3331,6.3331,6.3331,6.3331,6.3331,6.3331,6.3331,6.3331,6.3331,6.3331,6.3331,6.3331,6.3331,6.3331,6.3331,6.3331,6.3331,6.3331,6.3331,6.3331,6.3331,6.3331,6.3331,6.3331,6.3331,6.3331,6.3331,6.3331,6.3331,6.3331,6.3331,6.3331,6.3331,6.3331,6.3331,6.3331,6.3331,6.3331,6.3331,6.3331,6.3331,6.3331,6.3331,6.3331,6.3331,6.3331,6.3331,6.3331,6.3331,6.3331,6.3331,6.3331,6.3331,6.3331,6.3331,6.3331,6.3331,6.3331,6.3331,6.3331,6.3331,6.3331,6.3331,6.3331,6.3331,6.3331,6.3331,6.3331,6.3331,6.3331,6.3331,6.3331,6.3331,6.3331,6.3331,6.3331,6.3331,6.3331,6.3331,6.3331,6.3331,6.3331,6.3331,6.3331,6.3331,6.3331,6.3331,6.3331,6.3331,6.3331,6.3331,6.3331,6.3331,6.3331,6.3331,6.3331,6.3331,6.3331,6.3331,6.3331,6.3331,6.3331,6.3331,6.3331,6.3331,6.3331,6.3331,6.3331,6.3331,6.3331,6.3331,6.3331,6.3331,6.3331,6.3331,6.3331,6.3331,6.3331,6.3331,6.3331,6.3331,6.3331,6.3331,6.3331,6.3331,6.3331,6.3331,6.3331,6.3331,6.3331,6.3331,6.3331,6.3331,6.3331,6.3331,6.3331,6.3331,6.3331,6.3331,6.3331,6.3331,6.3331,6.3331,6.3331,6.3331,6.3331,6.3331,6.3331,6.3331,6.3331,6.3331,6.3331,6.3331,6.3331,6.3331,6.3331,6.3331,6.3331,6.3331,6.3331,6.3331,6.3331,6.3331,6.3331,6.3331,6.3331,6.3331,6.3331,6.3331,6.3331,6.3331,6.3331,6.3331,6.3331,6.3331,6.3331,6.3331,6.3331,6.3331,6.3331,6.3331,6.3331,6.3331,6.3331,6.3331,6.3331,6.3331,6.3331,6.3331,6.3331,6.3331,6.3331,6.3331,6.3331,6.3331,6.3331,6.3331,6.3331,6.3331,6.3331,6.3331,6.3331,6.3331,6.3331,6.3331,6.3331,6.3331,6.3331,6.3331,6.3331,6.3331,6.3331,6.3331,6.3331,6.3331,6.3331,6.3331,6.3331,6.3331,6.3331,6.3331,6.3331,6.3331,6.3331,6.3331,6.3331,6.3331,6.3331,6.3331,6.3331,6.3331,6.3331,6.3331,6.3331,6.3331,6.3331,6.3331,6.3331,6.3331,6.3331,6.3331,6.3331,6.3331,6.3331,6.3331,6.3331,6.3331,6.3331,6.3331,6.3331,6.3331,6.3331,6.3331,6.3331,6.3331,6.3331,6.3331,6.3331,6.3331,6.3331,6.3331,6.3331,6.3331,6.3331,6.3331,6.3331,6.3331,6.3331,6.3331,6.3331,6.3331,6.3331,6.3331,6.3331,6.3331,6.3331,6.3331,6.3331,6.3331,6.3331,6.3331,6.3331,6.3331,6.3331,6.3331,6.3331,6.3331,6.3331,6.3331,6.3331,6.3331,6.3331,6.3331,6.3331,6.3331,6.3331,6.3331,6.3331,6.3331,6.3331,6.3331,6.3331,6.3331,6.3331,6.3331,6.3331,6.3331,6.3331,6.3331,6.3331,6.3331,6.3331,6.3331,6.3331,6.3331,6.3331,6.3331,6.3331,6.3331,6.3331,6.3331,6.3331,6.3331,6.3331,6.3331,6.3331,6.3331,6.3331,6.3331,6.3331,6.3331,6.3331,6.3331,6.3331,6.3331,6.3331,6.3331,6.3331,6.3331,6.3331,6.3331,6.3331,6.3331,6.3331,6.3331,6.3331,6.3331,6.3331,6.3331,6.3331,6.3331,6.3331,6.3331,6.3331,6.3331,6.3331,6.3331,6.3331,6.3331,6.3331,6.3331,6.3331,6.3331,6.3331,6.3331,6.3331,6.3331,6.3331,6.3331,6.3331,6.3331,6.3331,6.3331,6.3331,6.3331,6.3331,6.3331,6.3331,6.3331,6.3331,6.3331,6.3331,6.3331,6.3331,6.3331,6.3331,6.3331,6.3331,6.3331,6.3331,6.3331,6.3331,6.3331,6.3331,6.3331,6.3331,6.3331,6.3331,6.3331,6.3331,6.3331,6.3331,6.3331,6.3331,6.3331,6.3331,6.3331,6.3331,6.3331,6.3331,6.3331,6.3331,6.3331,6.3331,6.3331,6.3331,6.3331,6.3331,6.3331,6.3331,6.3331,6.3331,6.3331,6.3331,6.3331,6.3331,6.3331,6.3331,6.3331,6.3331,6.3331,6.3331,6.3331,6.3331,6.3331,6.3331,6.3331,6.3331,6.3331,6.3331,6.3331,6.3331,6.3331,6.3331,6.3331,6.3331,6.3331,6.3331,6.3331,6.3331,6.3331,6.3331,6.3331,6.3331,6.3331,6.3331,6.3331,6.3331,6.3331,6.3331,6.3331,6.3331,6.3331,6.3331,6.3331,6.3331,6.3331,6.3331,6.3331,6.3331,6.3331,6.3331,6.3331,6.3331,6.3331,6.3331,6.3331,6.3331,6.3331,6.3331,6.3331,6.3331,6.3331,6.3331,6.3331,6.3331,6.3331,6.3331,6.3331,6.3331,6.3331,6.3331,6.3331,6.3331,6.3331,6.3331,6.3331,6.3331,6.3331,6.3331,6.3331,6.3331,6.3331,6.3331,6.3331,6.3331,6.3331,6.3331,6.3331,6.3331,6.3331,6.3331,6.3331,6.3331,6.3331,6.3331,6.3331,6.3331,6.3331,6.3331,6.3331,6.3331,6.3331,6.3331,6.3331,6.3331,6.3331,6.3331,6.3331,6.3331,6.3331,6.3331,6.3331,6.3331,6.3331,6.3331,6.3331,6.3331,6.3331,6.3331,6.3331,6.3331,6.3331,6.3331,6.3331,6.3331,6.3331,6.3331,6.3331,6.3331,6.3331,6.3331,6.3331,6.3331,6.3331,6.3331,6.3331,6.3331,6.3331,6.3331,6.3331,6.3331,6.3331,6.3331,6.3331,6.3331,6.3331,6.3331,6.3331,6.3331,6.3331,6.3331,6.3331,6.3331,6.3331,6.3331,6.3331,6.3331,6.3331,6.3331,6.3331,6.3331,6.3331,6.3331,6.3331,6.3331,6.3331,6.3331,6.3331,6.3331,6.3331,6.3331,6.3331,6.3331,6.3331,6.3331,6.3331,6.3331,6.3331,6.3331,6.3331,6.3331,6.3331,6.3331,6.3331,6.3331,6.3331,6.3331,6.3331,6.3331,6.3331,6.3331,6.3331,6.3331,6.3331,6.3331,6.3331,6.3331,6.3331,6.3331,6.3331,6.3331,6.3331,6.3331,6.3331,6.3331,6.3331,6.3331,6.3331,6.3331,6.3331,6.3331,6.3331,6.3331,6.3331,6.3331,6.3331,6.3331,6.3331,6.3331,6.3331,6.3331,6.3331,6.3331,6.3331,6.3331,6.3331,6.3331,6.3331,6.3331,6.3331,6.3331,6.3331,6.3331,6.3331,6.3331,6.3331,6.3331,6.3331,6.3331,6.3331,6.3331,6.3331,6.3331,6.3331,6.3331,6.3331,6.3331,6.3331,6.3331,6.3331,6.3331,6.3331,6.3331,6.3331,6.3331,6.3331,6.3331,6.3331,6.3331,6.3331,6.3331,6.3331,6.3331,6.3331,6.3331,6.3331,6.3331,6.3331,6.3331,6.3331,6.3331,6.3331,6.3331,6.3331,6.3331,6.3331,6.3331,6.3331,6.3331,6.3331,6.3331,6.3331,6.3331,6.3331,6.3331,6.3331,6.3331,6.3331,6.3331,6.3331,6.3331,6.3331,6.3331,6.3331,6.3331,6.3331,6.3331,6.3331,6.3331,6.3331,6.3331,6.3331,6.3331,6.3331,6.3331,6.3331,6.3331,6.3331,6.3331,6.3331,6.3331,6.3331,6.3331,6.3331,6.3331,6.3331,6.3331,6.3331,6.3331,6.3331,6.3331,6.3331,6.3331,6.3331,6.3331,6.3331,6.3331,6.3331,6.3331,6.3331,6.3331,6.3331,6.3331,6.3331,6.3331,6.3333,6.3333,6.3333,6.3333,6.3333,6.3333,6.3333,6.3333,6.3333,6.3333,6.3333,6.3333,6.3333,6.3333,6.3333,6.3333,6.3333,6.3333,6.3333,6.3333,6.3333,6.3333,6.3333,6.3333,6.3333,6.3333,6.3333,6.3333,6.3333,6.3333,6.3333,6.3333,6.3333,6.3333,6.3333,6.3333,6.3333,6.3333,6.3333,6.3333,6.3333,6.3333,6.3333,6.3333,6.3333,6.3333,6.3333,6.3333,6.3333,6.3333,6.3333,6.3333,6.3333,6.3333,6.3333,6.3333,6.3333,6.3333,6.3333,6.3333,6.3333,6.3333,6.3333,6.3333,6.3333,6.3333,6.3333,6.3333,6.3333,6.3333,6.3333,6.3333,6.3333,6.3333,6.3333,6.3333,6.3333,6.3333,6.3333,6.3333,6.3333,6.3333,6.3333,6.3333,6.3333,6.3333,6.3333,6.3333,6.3333,6.3333,6.3333,6.3333,6.3333,6.3333,6.3333,6.3333,6.3333,6.3333,6.3333,6.3333,6.3333,6.3333,6.3333,6.3333,6.3333,6.3333,6.3333,6.3333,6.3333,6.3333,6.3333,6.3333,6.3333,6.3333,6.3333,6.3333,6.3333,6.3333,6.3333,6.3333,6.3333,6.3333,6.3333,6.3333,6.3333,6.3333,6.3333,6.3333,6.3333,6.3333,6.3333,6.3333,6.3333,6.3333,6.3333,6.3333,6.3333,6.3333,6.3333,6.3333,6.3333,6.3333,6.3333,6.3333,6.3333,6.3333,6.3333,6.3333,6.3333,6.3333,6.3333,6.3333,6.3333,6.3333,6.3333,6.3333,6.3333,6.3333,6.3333,6.3333,6.3333,6.3333,6.3333,6.3333,6.3333,6.3333,6.3333,6.3333,6.3333,6.3333,6.3333,6.3333,6.3333,6.3333,6.3333,6.3333,6.3333,6.3333,6.3333,6.3333,6.3333,6.3333,6.3333,6.3333
6.3285,6.3285,6.3285,6.3285,6.3285,6.3285,6.3285,6.3285,6.3285,6.3285,6.3285,6.3285,6.3285,6.3285,6.3285,6.3285,6.3285,6.3285,6.3285,6.3285,6.3285,6.3285,6.3285,6.3285,6.3285,6.3285,6.3285,6.3285,6.3285,6.3285,6.3285,6.3285,6.3285,6.3285,6.3285,6.3285,6.3285,6.3285,6.3285,6.3285,6.3285,6.3285,6.3285,6.3285,6.3285,6.3285,6.3285,6.3285,6.3285,6.3285,6.3285,6.3285,6.3285,6.3285,6.3285,6.3285,6.3285,6.3285,6.3285,6.3285,6.3285,6.3285,6.3285,6.3285,6.3285,6.3285,6.3285,6.3285,6.3285,6.3285,6.3285,6.3285,6.3285,6.3285,6.3285,6.3285,6.3285,6.3285,6.3285,6.3285,6.3285,6.3285,6.3285,6.3285,6.3285,6.3285,6.3285,6.3285,6.3285,6.3285,6.3285,6.3285,6.3285,6.3285,6.3285,6.3285,6.3285,6.3285,6.3285,6.3285,6.3285,6.3285,6.3285,6.3285,6.3285,6.3285,6.3285,6.3285,6.3285,6.3285,6.3285,6.3285,6.3285,6.3285,6.3285,6.3285,6.3285,6.3285,6.3285,6.3285,6.3285,6.3285,6.3285,6.3285,6.3285,6.3285,6.3285,6.3285,6.3285,6.3285,6.3285,6.3285,6.3285,6.3285,6.3285,6.3285,6.3285,6.3285,6.3285,6.3285,6.3285,6.3285,6.3285,6.3285,6.3285,6.3285,6.3285,6.3285,6.3285,6.3285,6.3285,6.3285,6.3285,6.3285,6.3285,6.3285,6.3285,6.3285,6.3285,6.3285,6.3285,6.3285,6.3285,6.3285,6.3285,6.3285,6.3285,6.3285,6.3285,6.3285,6.3285,6.3285,6.3285,6.3285,6.3285,6.3285,6.3285,6.3285,6.3285,6.3285,6.3285,6.3285,6.3285,6.3285,6.3285,6.3285,6.3285,6.3285,6.3285,6.3285,6.3285,6.3285,6.3285,6.3285,6.3285,6.3285,6.3285,6.3285,6.3285,6.3285,6.3285,6.3285,6.3285,6.3285,6.3285,6.3285,6.3285,6.3285,6.3285,6.3285,6.3285,6.3285,6.3285,6.3285,6.3285,6.3285,6.3285,6.3285,6.3285,6.3285,6.3285,6.3285,6.3285,6.3285,6.3285,6.3285,6.3285,6.3285,6.3285,6.3285,6.3285,6.3285,6.3285,6.3285,6.3285,6.3285,6.3285,6.3285,6.3285,6.3285,6.3285,6.3285,6.3285,6.3285,6.3285,6.3285,6.3285,6.3285,6.3285,6.3285,6.3285,6.3285,6.3285,6.3285,6.3285,6.3285,6.3285,6.3285,6.3285,6.3285,6.3285,6.3285,6.3285,6.3285,6.3285,6.3285,6.3285,6.3285,6.3285,6.3285,6.3285,6.3285,6.3285,6.3285,6.3285,6.3285,6.3285,6.3285,6.3285,6.3285,6.3285,6.3285,6.3285,6.3285,6.3285,6.3285,6.3285,6.3285,6.3285,6.3285,6.3285,6.3285,6.3285,6.3285,6.3285,6.3285,6.3285,6.3285,6.3285,6.3285,6.3285,6.3285,6.3285,6.3285,6.3285,6.3285,6.3285,6.3285,6.3285,6.3285,6.3285,6.3285,6.3285,6.3285,6.3285,6.3285,6.3285,6.3285,6.3285,6.3285,6.3285,6.3285,6.3285,6.3285,6.3285,6.3285,6.3285,6.3285,6.3285,6.3285,6.3285,6.3285,6.3285,6.3285,6.3285,6.3285,6.3285,6.3285,6.3285,6.3285,6.3285,6.3285,6.3285,6.3285,6.3285,6.3285,6.3285,6.3285,6.3285,6.3285,6.3285,6.3285,6.3285,6.3285,6.3285,6.3285,6.3285,6.3285,6.3285,6.3285,6.3285,6.3285,6.3285,6.3285,6.3285,6.3285,6.3285,6.3285,6.3285,6.3285,6.3285,6.3285,6.3285,6.3285,6.3285,6.3285,6.3285,6.3285,6.3285,6.3285,6.3285,6.3285,6.3285,6.3285,6.3285,6.3285,6.3285,6.3285,6.3285,6.3285,6.3285,6.3285,6.3285,6.3285,6.3285,6.3285,6.3285,6.3285,6.3285,6.3285,6.3285,6.3285,6.3285,6.3285,6.3285,6.3285,6.3285,6.3285,6.3285,6.3285,6.3285,6.3285,6.3285,6.3285,6.3285,6.3285,6.3285,6.3285,6.3285,6.3285,6.3285,6.3285,6.3285,6.3285,6.3285,6.3285,6.3285,6.3285,6.3285,6.3285,6.3285,6.3285,6.3285,6.3285,6.3285,6.3285,6.3285,6.3285,6.3285,6.3285,6.3285,6.3285,6.3285,6.3285,6.3285,6.3285,6.3285,6.3285,6.3285,6.3285,6.3285,6.3285,6.3285,6.3285,6.3285,6.3285,6.3285,6.3285,6.3285,6.3285,6.3285,6.3285,6.3285,6.3285,6.3285,6.3285,6.3285,6.3285,6.3285,6.3285,6.3285,6.3285,6.3285,6.3285,6.3285,6.3285,6.3285,6.3285,6.3285,6.3285,6.3285,6.3285,6.3285,6.3285,6.3285,6.3285,6.3285,6.3285,6.3285,6.3285,6.3285,6.3285,6.3285,6.3285,6.3285,6.3285,6.3285,6.3285,6.3285,6.3285,6.3285,6.3285,6.3285,6.3285,6.3285,6.3285,6.3285,6.3285,6.3285,6.3285,6.3285,6.3285,6.3285,6.3285,6.3285,6.3285,6.3285,6.3285,6.3285,6.3285,6.3285,6.3285,6.3285,6.3285,6.3285,6.3285,6.3285,6.3285,6.3285,6.3285,6.3285,6.3285,6.3285,6.3285,6.3285,6.3285,6.3285,6.3285,6.3285,6.3285,6.3285,6.3285,6.3285,6.3285,6.3285,6.3285,6.3285,6.3285,6.3285,6.3285,6.3285,6.3285,6.3285,6.3285,6.3285,6.3285,6.3285,6.3285,6.3285,6.3285,6.3285,6.3285,6.3285,6.3285,6.3285,6.3285,6.3285,6.3285,6.3285,6.3285,6.3285,6.3285,6.3285,6.3285,6.3285,6.3285,6.3285,6.3285,6.3285,6.3285,6.3285,6.3285,6.3285,6.3285,6.3285,6.3285,6.3285,6.3285,6.3285,6.3285,6.3285,6.3285,6.3285,6.3285,6.3285,6.3285,6.3285,6.3285,6.3285,6.3285,6.3285,6.3285,6.3285,6.3285,6.3285,6.3285,6.3285,6.3285,6.3285,6.3285,6.3285,6.3285,6.3285,6.3285,6.3285,6.3285,6.3285,6.3285,6.3285,6.3285,6.3285,6.3285,6.3285,6.3285,6.3285,6.3285,6.3285,6.3285,6.3285,6.3285,6.3285,6.3285,6.3285,6.3285,6.3285,6.3285,6.3285,6.3285,6.3285,6.3285,6.3285,6.3285,6.3285,6.3285,6.3285,6.3285,6.3285,6.3285,6.3285,6.3285,6.3285,6.3285,6.3285,6.3285,6.3285,6.3285,6.3285,6.3285,6.3285,6.3285,6.3285,6.3285,6.3285,6.3285,6.3285,6.3285,6.3285,6.3285,6.3285,6.3285,6.3285,6.3285,6.3285,6.3285,6.3285,6.3285,6.3285,6.3285,6.3285,6.3285,6.3285,6.3285,6.3285,6.3285,6.3285,6.3285,6.3285,6.3285,6.3285,6.3285,6.3285,6.3285,6.3285,6.3285,6.3285,6.3285,6.3285,6.3285,6.3285,6.3285,6.3285,6.3285,6.3285,6.3285,6.3285,6.3285,6.3285,6.3285,6.3285,6.3285,6.3285,6.3285,6.3285,6.3285,6.3285,6.3285,6.3285,6.3285,6.3285,6.3285,6.3285,6.3285,6.3285,6.3285,6.3285,6.3285,6.3285,6.3285,6.3285,6.3285,6.3285,6.3285,6.3285,6.3285,6.3285,6.3285,6.3285,6.3285,6.3285,6.3285,6.3285,6.3285,6.3285,6.3285,6.3285,6.3285,6.3285,6.3285,6.3285,6.3285,6.3285,6.3285,6.3285,6.3285,6.3285,6.3285,6.3285,6.3285,6.3285,6.3285,6.3285,6.3285,6.3285,6.3285,6.3285,6.3285,6.3285,6.3285,6.3285,6.3285,6.3285,6.3285,6.3285,6.3285,6.3285,6.3285,6.3285,6.3285,6.3285,6.3285,6.3285,6.3285,6.3285,6.3285,6.3285,6.3285,6.3285,6.3285,6.3285,6.3285,6.3285,6.3285,6.3285,6.3285,6.3285,6.3285,6.3285,6.3285,6.3285,6.3285,6.3285,6.3285,6.3285,6.3285,6.3285,6.3285,6.3285,6.3285,6.3285,6.3285,6.3285,6.3285,6.3285,6.3285,6.3285,6.3285,6.3285,6.3285,6.3285,6.3285,6.3285,6.3285,6.3285,6.3285,6.3285,6.3285,6.3285,6.3285,6.3285,6.3285,6.3285,6.3285,6.3285,6.3285,6.3285,6.3285,6.3285,6.3285,6.3285,6.3285,6.3285,6.3285,6.3285,6.3285,6.3285,6.3285,6.3285,6.3285,6.3285,6.3285,6.3285,6.3285,6.3285,6.3285,6.3285,6.3285,6.3285,6.3285,6.3285,6.3285,6.3285,6.3285,6.3285,6.3285,6.3285,6.3285,6.3285,6.3285,6.3285,6.3285,6.3285,6.3285,6.3285,6.3285,6.3285,6.3285,6.3285,6.3285,6.3285,6.3285,6.3285,6.3285,6.3285,6.3285,6.3285,6.3285,6.3285,6.3285,6.3285,6.3285,6.3285,6.3285,6.3285,6.3285,6.3285,6.3285,6.3285,6.3285,6.3285,6.3285,6.3285,6.3285,6.3285,6.3285,6.3285,6.3285,6.3285,6.3285,6.3285,6.3285,6.3285,6.3285,6.3285,6.3285,6.3285,6.3285,6.3285,6.3285,6.3285,6.3285,6.3285,6.3285,6.3285,6.3285,6.3285,6.3285,6.3285,6.3285,6.3285,6.3285,6.3285,6.3285,6.3285,6.3285,6.3285,6.3285,6.3285,6.3285,6.3285,6.3285,6.3285,6.3285,6.3285,6.3285,6.3285,6.3285,6.3285,6.3285,6.3285,6.3285,6.3285,6.3285,6.3285,6.3285,6.3285,6.3285,6.3285,6.3285,6.3285,6.3285
6.3240,6.3240,6.3240,6.3240,6.3240,6.3240,6.3240,6.3240,6.3240,6.3240,6.3240,6.3240,6.3240,6.3240,6.3240,6.3240,6.3240,6.3240,6.3240,6.3240,6.3240,6.3240,6.3240,6.3240,6.3240,6.3240,6.3240,6.3240,6.3240,6.3240,6.3240,6.3240,6.3240,6.3240,6.3240,6.3240,6.3240,6.3240,6.3240,6.3240,6.3240,6.3240,6.3240,6.3240,6.3240,6.3240,6.3240,6.3240,6.3240,6.3240,6.3240,6.3240,6.3240,6.3240,6.3240,6.3240,6.3240,6.3240,6.3240,6.3240,6.3240,6.3240,6.3240,6.3240,6.3240,6.3240,6.3240,6.3240,6.3240,6.3240,6.3240,6.3240,6.3240,6.3240,6.3240,6.3240,6.3240,6.3240,6.3240,6.3240,6.3240,6.3240,6.3240,6.3240,6.3240,6.3240,6.3240,6.3240,6.3240,6.3240,6.3240,6.3240,6.3240,6.3240,6.3240,6.3240,6.3240,6.3240,6.3240,6.3240,6.3240,6.3240,6.3240,6.3240,6.3240,6.3240,6.3240,6.3240,6.3240,6.3240,6.3240,6.3240,6.3240,6.3240,6.3240,6.3240,6.3240,6.3240,6.3240,6.3240,6.3240,6.3240,6.3240,6.3240,6.3240,6.3240,6.3240,6.3240,6.3240,6.3240,6.3240,6.3240,6.3240,6.3240,6.3240,6.3240,6.3240,6.3240,6.3240,6.3240,6.3240,6.3240,6.3240,6.3240,6.3240,6.3240,6.3240,6.3240,6.3240,6.3240,6.3240,6.3240,6.3240,6.3240,6.3240,6.3240,6.3240,6.3240,6.3240,6.3240,6.3240,6.3240,6.3240,6.3240,6.3240,6.3240,6.3240,6.3240,6.3240,6.3240,6.3240,6.3240,6.3240,6.3240,6.3240,6.3240,6.3240,6.3240,6.3240,6.3240,6.3240,6.3240,6.3240,6.3240,6.3240,6.3240,6.3240,6.3240,6.3240,6.3240,6.3240,6.3240,6.3240,6.3240,6.3240,6.3240,6.3240,6.3240,6.3240,6.3240,6.3240,6.3240,6.3240,6.3240,6.3240,6.3240,6.3240,6.3240,6.3240,6.3240,6.3240,6.3240,6.3240,6.3240,6.3240,6.3240,6.3240,6.3240,6.3240,6.3240,6.3240,6.3240,6.3240,6.3240,6.3240,6.3240,6.3240,6.3240,6.3240,6.3240,6.3240,6.3240,6.3240,6.3240,6.3240,6.3240,6.3240,6.3240,6.3240,6.3240,6.3240,6.3240,6.3240,6.3240,6.3240,6.3240,6.3240,6.3240,6.3240,6.3240,6.3240,6.3240,6.3240,6.3240,6.3240,6.3240,6.3240,6.3240,6.3240,6.3240,6.3240,6.3240,6.3240,6.3240,6.3240,6.3240,6.3240,6.3240,6.3240,6.3240,6.3240,6.3240,6.3240,6.3240,6.3240,6.3240,6.3240,6.3240,6.3240,6.3240,6.3240,6.3240,6.3240,6.3240,6.3240,6.3240,6.3240,6.3240,6.3240,6.3240,6.3240,6.3240,6.3240,6.3240,6.3240,6.3240,6.3240,6.3240,6.3240,6.3240,6.3240,6.3240,6.3240,6.3240,6.3240,6.3240,6.3240,6.3240,6.3240,6.3240,6.3240,6.3240,6.3240,6.3240,6.3240,6.3240,6.3240,6.3240,6.3240,6.3240,6.3240,6.3240,6.3240,6.3240,6.3240,6.3240,6.3240,6.3240,6.3240,6.3240,6.3240,6.3240,6.3240,6.3240,6.3240,6.3240,6.3240,6.3240,6.3240,6.3240,6.3240,6.3240,6.3240,6.3240,6.3240,6.3240,6.3240,6.3240,6.3240,6.3240,6.3240,6.3240,6.3240,6.3240,6.3240,6.3240,6.3240,6.3240,6.3240,6.3240,6.3240,6.3240,6.3240,6.3240,6.3240,6.3240,6.3240,6.3240,6.3240,6.3240,6.3240,6.3240,6.3240,6.3240,6.3240,6.3240,6.3240,6.3240,6.3240,6.3240,6.3240,6.3240,6.3240,6.3240,6.3240,6.3240,6.3240,6.3240,6.3240,6.3240,6.3240,6.3240,6.3240,6.3240,6.3240,6.3240,6.3240,6.3240,6.3240,6.3240,6.3240,6.3240,6.3240,6.3240,6.3240,6.3240,6.3240,6.3240,6.3240,6.3240,6.3240,6.3240,6.3240,6.3240,6.3240,6.3240,6.3240,6.3240,6.3240,6.3240,6.3240,6.3240,6.3240,6.3240,6.3240,6.3240,6.3240,6.3240,6.3240,6.3240,6.3240,6.3240,6.3240,6.3240,6.3240,6.3240,6.3240,6.3240,6.3240,6.3240,6.3240,6.3240,6.3240,6.3240,6.3240,6.3240,6.3240,6.3240,6.3240,6.3240,6.3240,6.3240,6.3240,6.3240,6.3240,6.3240,6.3240,6.3240,6.3240,6.3240,6.3240,6.3240,6.3240,6.3240,6.3240,6.3240,6.3240,6.3240,6.3240,6.3240,6.3240,6.3240,6.3240,6.3240,6.3240,6.3240,6.3240,6.3240,6.3240,6.3240,6.3240,6.3240,6.3240,6.3240,6.3240,6.3240,6.3240,6.3240,6.3240,6.3240,6.3240,6.3240,6.3240,6.3240,6.3240,6.3240,6.3240,6.3240,6.3240,6.3240,6.3240,6.3240,6.3240,6.3240,6.3240,6.3240,6.3240,6.3240,6.3240,6.3240,6.3240,6.3240,6.3240,6.3240,6.3240,6.3240,6.3240,6.3240,6.3240,6.3240,6.3240,6.3240,6.3240,6.3240,6.3240,6.3240,6.3240,6.3240,6.3240,6.3240,6.3240,6.3240,6.3240,6.3240,6.3240,6.3240,6.3240,6.3240,6.3240,6.3240,6.3240,6.3240,6.3240,6.3240,6.3240,6.3240,6.3240,6.3240,6.3240,6.3240,6.3240,6.3240,6.3240,6.3240,6.3240,6.3240,6.3240,6.3240,6.3240,6.3240,6.3240,6.3240,6.3240,6.3240,6.3240,6.3240,6.3240,6.3240,6.3240,6.3240,6.3240,6.3240,6.3240,6.3240,6.3240,6.3240,6.3240,6.3240,6.3240,6.3240,6.3240,6.3240,6.3240,6.3240,6.3240,6.3240,6.3240,6.3240,6.3240,6.3240,6.3240,6.3240,6.3240,6.3240,6.3240,6.3240,6.3240,6.3240,6.3240,6.3240,6.3240,6.3240,6.3240,6.3240,6.3240,6.3240,6.3240,6.3240,6.3240,6.3240,6.3240,6.3240,6.3240,6.3240,6.3240,6.3240,6.3240,6.3240,6.3240,6.3240,6.3240,6.3240,6.3240,6.3240,6.3240,6.3240,6.3240,6.3240,6.3240,6.3240,6.3240,6.3240,6.3240,6.3240,6.3240,6.3240,6.3240,6.3240,6.3240,6.3240,6.3240,6.3240,6.3240,6.3240,6.3240,6.3240,6.3240,6.3240,6.3240,6.3240,6.3240,6.3240,6.3240,6.3240,6.3240,6.3240,6.3240,6.3240,6.3240,6.3240,6.3240,6.3240,6.3240,6.3240,6.3240,6.3240,6.3240,6.3240,6.3240,6.3240,6.3240,6.3240,6.3240,6.3240,6.3240,6.3240,6.3240,6.3240,6.3240,6.3240,6.3240,6.3240,6.3240,6.3240,6.3240,6.3240,6.3240,6.3240,6.3240,6.3240,6.3240,6.3240,6.3240,6.3240,6.3240,6.3240,6.3240,6.3240,6.3240,6.3240,6.3240,6.3240,6.3240,6.3240,6.3240,6.3240,6.3240,6.3240,6.3240,6.3240,6.3240,6.3240,6.3240,6.3240,6.3240,6.3240,6.3240,6.3240,6.3240,6.3240,6.3240,6.3240,6.3240,6.3240,6.3240,6.3240,6.3240,6.3240,6.3240,6.3240,6.3240,6.3240,6.3240,6.3240,6.3240,6.3240,6.3240,6.3240,6.3240,6.3240,6.3240,6.3240,6.3240,6.3240,6.3240,6.3240,6.3240,6.3240,6.3240,6.3240,6.3240,6.3240,6.3240,6.3240,6.3240,6.3240,6.3240,6.3240,6.3240,6.3240,6.3240,6.3240,6.3240,6.3240,6.3240,6.3240,6.3240,6.3240,6.3240,6.3240,6.3240,6.3240,6.3240,6.3240,6.3240,6.3240,6.3240,6.3240,6.3240,6.3240,6.3240,6.3240,6.3240,6.3240,6.3240,6.3240,6.3240,6.3240,6.3240,6.3240,6.3240,6.3240,6.3240,6.3240,6.3240,6.3240,6.3240,6.3240,6.3240,6.3240,6.3240,6.3240,6.3240,6.3240,6.3240,6.3240,6.3240,6.3240,6.3240,6.3240,6.3240,6.3240,6.3240,6.3240,6.3240,6.3240,6.3240,6.3240,6.3240,6.3240,6.3240,6.3240,6.3240,6.3240,6.3240,6.3240,6.3240,6.3240,6.3240,6.3240,6.3240,6.3240,6.3240,6.3240,6.3240,6.3240,6.3240,6.3240,6.3240,6.3240,6.3240,6.3240,6.3240,6.3240,6.3240,6.3240,6.3240,6.3240,6.3240,6.3240,6.3240,6.3240,6.3240,6.3240,6.3240,6.3240,6.3240,6.3240,6.3240,6.3240,6.3240,6.3240,6.3240,6.3240,6.3240,6.3240,6.3240,6.3240,6.3240,6.3240,6.3240,6.3240,6.3240,6.3240,6.3240,6.3240,6.3240,6.3240,6.3240,6.3240,6.3240,6.3240,6.3240,6.3240,6.3240,6.3240,6.3240,6.3240,6.3240,6.3240,6.3240,6.3240,6.3240,6.3240,6.3240,6.3240,6.3240,6.3240,6.3240,6.3240,6.3240,6.3240,6.3240,6.3240,6.3240,6.3240,6.3240,6.3240,6.3240,6.3240,6.3240,6.3240,6.3240,6.3240,6.3240,6.3240,6.3240,6.3240,6.3240,6.3240,6.3240,6.3240,6.3240,6.3240,6.3240,6.3240,6.3240,6.3240,6.3240,6.3240,6.3240,6.3240,6.3240,6.3240,6.3240,6.3240,6.3240,6.3240,6.3240,6.3240,6.3240,6.3240,6.3240,6.3240,6.3240,6.3240,6.3240,6.3240,6.3240,6.3240,6.3240,6.3240,6.3240,6.3240,6.3240,6.3240,6.3240,6.3240,6.3240,6.3240
6.3195,6.3195,6.3195,6.3195,6.3195,6.3195,6.3195,6.3195,6.3195,6.3195,6.3195,6.3195,6.3195,6.3195,6.3195,6.3195,6.3195,6.3195,6.3195,6.3195,6.3195,6.3195,6.3195,6.3195,6.3195,6.3195,6.3195,6.3195,6.3195,6.3195,6.3195,6.3195,6.3195,6.3195,6.3195,6.3195,6.3195,6.3195,6.3195,6.3195,6.3195,6.3195,6.3195,6.3195,6.3195,6.3195,6.3195,6.3195,6.3195,6.3195,6.3195,6.3195,6.3195,6.3195,6.3195,6.3195,6.3195,6.3195,6.3195,6.3195,6.3195,6.3195,6.3195,6.3195,6.3195,6.3195,6.3195,6.3195,6.3195,6.3195,6.3195,6.3195,6.3195,6.3195,6.3195,6.3195,6.3195,6.3195,6.3195,6.3195,6.3195,6.3195,6.3195,6.3195,6.3195,6.3195,6.3195,6.3195,6.3195,6.3195,6.3195,6.3195,6.3195,6.3195,6.3195,6.3195,6.3195,6.3195,6.3195,6.3195,6.3195,6.3195,6.3195,6.3195,6.3195,6.3195,6.3195,6.3195,6.3195,6.3195,6.3195,6.3195,6.3195,6.3195,6.3195,6.3195,6.3195,6.3195,6.3195,6.3195,6.3195,6.3195,6.3195,6.3195,6.3195,6.3195,6.3195,6.3195,6.3195,6.3195,6.3195,6.3195,6.3195,6.3195,6.3195,6.3195,6.3195,6.3195,6.3195,6.3195,6.3195,6.3195,6.3195,6.3195,6.3195,6.3195,6.3195,6.3195,6.3195,6.3195,6.3195,6.3195,6.3195,6.3195,6.3195,6.3195,6.3195,6.3195,6.3195,6.3195,6.3195,6.3195,6.3195,6.3195,6.3195,6.3195,6.3195,6.3195,6.3195,6.3195,6.3195,6.3195,6.3195,6.3195,6.3195,6.3195,6.3195,6.3195,6.3195,6.3195,6.3195,6.3195,6.3195,6.3195,6.3195,6.3195,6.3195,6.3195,6.3195,6.3195,6.3195,6.3195,6.3195,6.3195,6.3195,6.3195,6.3195,6.3195,6.3195,6.3195,6.3195,6.3195,6.3195,6.3195,6.3195,6.3195,6.3195,6.3195,6.3195,6.3195,6.3195,6.3195,6.3195,6.3195,6.3195,6.3195,6.3195,6.3195,6.3195,6.3195,6.3195,6.3195,6.3195,6.3195,6.3195,6.3195,6.3195,6.3195,6.3195,6.3195,6.3195,6.3195,6.3195,6.3195,6.3195,6.3195,6.3195,6.3195,6.3195,6.3195,6.3195,6.3195,6.3195,6.3195,6.3195,6.3195,6.3195,6.3195,6.3195,6.3195,6.3195,6.3195,6.3195,6.3195,6.3195,6.3195,6.3195,6.3195,6.3195,6.3195,6.3195,6.3195,6.3195,6.3195,6.3195,6.3195,6.3195,6.3195,6.3195,6.3195,6.3195,6.3195,6.3195,6.3195,6.3195,6.3195,6.3195,6.3195,6.3195,6.3195,6.3195,6.3195,6.3195,6.3195,6.3195,6.3195,6.3195,6.3195,6.3195,6.3195,6.3195,6.3195,6.3195,6.3195,6.3195,6.3195,6.3195,6.3195,6.3195,6.3195,6.3195,6.3195,6.3195,6.3195,6.3195,6.3195,6.3195,6.3195,6.3195,6.3195,6.3195,6.3195,6.3195,6.3195,6.3195,6.3195,6.3195,6.3195,6.3195,6.3195,6.3195,6.3195,6.3195,6.3195,6.3195,6.3195,6.3195,6.3195,6.3195,6.3195,6.3195,6.3195,6.3195,6.3195,6.3195,6.3195,6.3195,6.3195,6.3195,6.3195,6.3195,6.3195,6.3195,6.3195,6.3195,6.3195,6.3195,6.3195,6.3195,6.3195,6.3195,6.3195,6.3195,6.3195,6.3195,6.3195,6.3195,6.3195,6.3195,6.3195,6.3195,6.3195,6.3195,6.3195,6.3195,6.3195,6.3195,6.3195,6.3195,6.3195,6.3195,6.3195,6.3195,6.3195,6.3195,6.3195,6.3195,6.3195,6.3195,6.3195,6.3195,6.3195,6.3195,6.3195,6.3195,6.3195,6.3195,6.3195,6.3195,6.3195,6.3195,6.3195,6.3195,6.3195,6.3195,6.3195,6.3195,6.3195,6.3195,6.3195,6.3195,6.3195,6.3195,6.3195,6.3195,6.3195,6.3195,6.3195,6.3195,6.3195,6.3195,6.3195,6.3195,6.3195,6.3195,6.3195,6.3195,6.3195,6.3195,6.3195,6.3195,6.3195,6.3195,6.3195,6.3195,6.3195,6.3195,6.3195,6.3195,6.3195,6.3195,6.3195,6.3195,6.3195,6.3195,6.3195,6.3195,6.3195,6.3195,6.3195,6.3195,6.3195,6.3195,6.3195,6.3195,6.3195,6.3195,6.3195,6.3195,6.3195,6.3195,6.3195,6.3195,6.3195,6.3195,6.3195,6.3195,6.3195,6.3195,6.3195,6.3195,6.3195,6.3195,6.3195,6.3195,6.3195,6.3195,6.3195,6.3195,6.3195,6.3195,6.3195,6.3195,6.3195,6.3195,6.3195,6.3195,6.3195,6.3195,6.3195,6.3195,6.3195,6.3195,6.3195,6.3195,6.3195,6.3195,6.3195,6.3195,6.3195,6.3195,6.3195,6.3195,6.3195,6.3195,6.3195,6.3195,6.3195,6.3195,6.3195,6.3195,6.3195,6.3195,6.3195,6.3195,6.3195,6.3195,6.3195,6.3195,6.3195,6.3195,6.3195,6.3195,6.3195,6.3195,6.3195,6.3195,6.3195,6.3195,6.3195,6.3195,6.3195,6.3195,6.3195,6.3195,6.3195,6.3195,6.3195,6.3195,6.3195,6.3195,6.3195,6.3195,6.3195,6.3195,6.3195,6.3195,6.3195,6.3195,6.3195,6.3195,6.3195,6.3195,6.3195,6.3195,6.3195,6.3195,6.3195,6.3195,6.3195,6.3195,6.3195,6.3195,6.3195,6.3195,6.3195,6.3195,6.3195,6.3195,6.3195,6.3195,6.3195,6.3195,6.3195,6.3195,6.3195,6.3195,6.3195,6.3195,6.3195,6.3195,6.3195,6.3195,6.3195,6.3195,6.3195,6.3195,6.3195,6.3195,6.3195,6.3195,6.3195,6.3195,6.3195,6.3195,6.3195,6.3195,6.3195,6.3195,6.3195,6.3195,6.3195,6.3195,6.3195,6.3195,6.3195,6.3195,6.3195,6.3195,6.3195,6.3195,6.3195,6.3195,6.3195,6.3195,6.3195,6.3195,6.3195,6.3195,6.3195,6.3195,6.3195,6.3195,6.3195,6.3195,6.3195,6.3195,6.3195,6.3195,6.3195,6.3195,6.3195,6.3195,6.3195,6.3195,6.3195,6.3195,6.3195,6.3195,6.3195,6.3195,6.3195,6.3195,6.3195,6.3195,6.3195,6.3195,6.3195,6.3195,6.3195,6.3195,6.3195,6.3195,6.3195,6.3195,6.3195,6.3195,6.3195,6.3195,6.3195,6.3195,6.3195,6.3195,6.3195,6.3195,6.3195,6.3195,6.3195,6.3195,6.3195,6.3195,6.3195,6.3195,6.3195,6.3195,6.3195,6.3195,6.3195,6.3195,6.3195,6.3195,6.3195,6.3195,6.3195,6.3195,6.3195,6.3195,6.3195,6.3195,6.3195,6.3195,6.3195,6.3195,6.3195,6.3195,6.3195,6.3195,6.3195,6.3195,6.3195,6.3195,6.3195,6.3195,6.3195,6.3195,6.3195,6.3195,6.3195,6.3195,6.3195,6.3195,6.3195,6.3195,6.3195,6.3195,6.3195,6.3195,6.3195,6.3195,6.3195,6.3195,6.3195,6.3195,6.3195,6.3195,6.3195,6.3195,6.3195,6.3195,6.3195,6.3195,6.3195,6.3195,6.3195,6.3195,6.3195,6.3195,6.3195,6.3195,6.3195,6.3195,6.3195,6.3195,6.3195,6.3195,6.3195,6.3195,6.3195,6.3195,6.3195,6.3195,6.3195,6.3195,6.3195,6.3195,6.3195,6.3195,6.3195,6.3195,6.3195,6.3195,6.3195,6.3195,6.3195,6.3195,6.3195,6.3195,6.3195,6.3195,6.3195,6.3195,6.3195,6.3195,6.3195,6.3195,6.3195,6.3195,6.3195,6.3195,6.3195,6.3195,6.3195,6.3195,6.3195,6.3195,6.3195,6.3195,6.3195,6.3195,6.3195,6.3195,6.3195,6.3195,6.3195,6.3195,6.3195,6.3195,6.3195,6.3195,6.3195,6.3195,6.3195,6.3195,6.3195,6.3195,6.3195,6.3195,6.3195,6.3195,6.3195,6.3195,6.3195,6.3195,6.3195,6.3195,6.3195,6.3195,6.3195,6.3195,6.3195,6.3195,6.3195,6.3195,6.3195,6.3195,6.3195,6.3195,6.3195,6.3195,6.3195,6.3195,6.3195,6.3195,6.3195,6.3195,6.3195,6.3195,6.3195,6.3195,6.3195,6.3195,6.3195,6.3195,6.3195,6.3195,6.3195,6.3195,6.3195,6.3195,6.3195,6.3195,6.3195,6.3195,6.3195,6.3195,6.3195,6.3195,6.3195,6.3195,6.3195,6.3195,6.3195,6.3195,6.3195,6.3195,6.3195,6.3195,6.3195,6.3195,6.3195,6.3195,6.3195,6.3195,6.3195,6.3195,6.3195,6.3195,6.3195,6.3195,6.3195,6.3195,6.3195,6.3195,6.3195,6.3195,6.3195,6.3195,6.3195,6.3195,6.3195,6.3195,6.3195,6.3195,6.3195,6.3195,6.3195,6.3195,6.3195,6.3195,6.3195,6.3195,6.3195,6.3195,6.3195,6.3195,6.3195,6.3195,6.3195,6.3195,6.3195,6.3195,6.3195,6.3195,6.3195,6.3195,6.3195,6.3195,6.3195,6.3195,6.3195,6.3195,6.3195,6.3195,6.3195,6.3195,6.3195,6.3195,6.3195,6.3195,6.3195,6.3195,6.3195,6.3195,6.3195,6.3195,6.3195,6.3195,6.3195,6.3195,6.3195,6.3195,6.3195,6.3195,6.3195,6.3195,6.3195,6.3195,6.3195,6.3195,6.3195,6.3195,6.3195,6.3195,6.3195,6.3195,6.3195,6.3195,6.3195,6.3195,6.3195,6.3195,6.3195,6.3195,6.3195,6.3195,6.3195,6.3195,6.3195,6.3195,6.3195
6.3152,6.3152,6.3152,6.3152,6.3152,6.3152,6.3152,6.3152,6.3152,6.3152,6.3152,6.3152,6.3152,6.3152,6.3152,6.3152,6.3152,6.3152,6.3152,6.3152,6.3152,6.3152,6.3152,6.3152,6.3152,6.3152,6.3152,6.3152,6.3152,6.3152,6.3152,6.3152,6.3152,6.3152,6.3152,6.3152,6.3152,6.3152,6.3152,6.3152,6.3152,6.3152,6.3152,6.3152,6.3152,6.3152,6.3152,6.3152,6.3152,6.3152,6.3152,6.3152,6.3152,6.3152,6.3152,6.3152,6.3152,6.3152,6.3152,6.3152,6.3152,6.3152,6.3152,6.3152,6.3152,6.3152,6.3152,6.3152,6.3152,6.3152,6.3152,6.3152,6.3152,6.3152,6.3152,6.3152,6.3152,6.3152,6.3152,6.3152,6.3152,6.3152,6.3152,6.3152,6.3152,6.3152,6.3152,6.3152,6.3152,6.3152,6.3152,6.3152,6.3152,6.3152,6.3152,6.3152,6.3152,6.3152,6.3152,6.3152,6.3152,6.3152,6.3152,6.3152,6.3152,6.3152,6.3152,6.3152,6.3152,6.3152,6.3152,6.3152,6.3152,6.3152,6.3152,6.3152,6.3152,6.3152,6.3152,6.3152,6.3152,6.3152,6.3152,6.3152,6.3152,6.3152,6.3152,6.3152,6.3152,6.3152,6.3152,6.3152,6.3152,6.3152,6.3152,6.3152,6.3152,6.3152,6.3152,6.3152,6.3152,6.3152,6.3152,6.3152,6.3152,6.3152,6.3152,6.3152,6.3152,6.3152,6.3152,6.3152,6.3152,6.3152,6.3152,6.3152,6.3152,6.3152,6.3152,6.3152,6.3152,6.3152,6.3152,6.3152,6.3152,6.3152,6.3152,6.3152,6.3152,6.3152,6.3152,6.3152,6.3152,6.3152,6.3152,6.3152,6.3152,6.3152,6.3152,6.3152,6.3152,6.3152,6.3152,6.3152,6.3152,6.3152,6.3152,6.3152,6.3152,6.3152,6.3152,6.3152,6.3152,6.3152,6.3152,6.3152,6.3152,6.3152,6.3152,6.3152,6.3152,6.3152,6.3152,6.3152,6.3152,6.3152,6.3152,6.3152,6.3152,6.3152,6.3152,6.3152,6.3152,6.3152,6.3152,6.3152,6.3152,6.3152,6.3152,6.3152,6.3152,6.3152,6.3152,6.3152,6.3152,6.3152,6.3152,6.3152,6.3152,6.3152,6.3152,6.3152,6.3152,6.3152,6.3152,6.3152,6.3152,6.3152,6.3152,6.3152,6.3152,6.3152,6.3152,6.3152,6.3152,6.3152,6.3152,6.3152,6.3152,6.3152,6.3152,6.3152,6.3152,6.3152,6.3152,6.3152,6.3152,6.3152,6.3152,6.3152,6.3152,6.3152,6.3152,6.3152,6.3152,6.3152,6.3152,6.3152,6.3152,6.3152,6.3152,6.3152,6.3152,6.3152,6.3152,6.3152,6.3152,6.3152,6.3152,6.3152,6.3152,6.3152,6.3152,6.3152,6.3152,6.3152,6.3152,6.3152,6.3152,6.3152,6.3152,6.3152,6.3152,6.3152,6.3152,6.3152,6.3152,6.3152,6.3152,6.3152,6.3152,6.3152,6.3152,6.3152,6.3152,6.3152,6.3152,6.3152,6.3152,6.3152,6.3152,6.3152,6.3152,6.3152,6.3152,6.3152,6.3152,6.3152,6.3152,6.3152,6.3152,6.3152,6.3152,6.3152,6.3152,6.3152,6.3152,6.3152,6.3152,6.3152,6.3152,6.3152,6.3152,6.3152,6.3152,6.3152,6.3152,6.3152,6.3152,6.3152,6.3152,6.3152,6.3152,6.3152,6.3152,6.3152,6.3152,6.3152,6.3152,6.3152,6.3152,6.3152,6.3152,6.3152,6.3152,6.3152,6.3152,6.3152,6.3152,6.3152,6.3152,6.3152,6.3152,6.3152,6.3152,6.3152,6.3152,6.3152,6.3152,6.3152,6.3152,6.3152,6.3152,6.3152,6.3152,6.3152,6.3152,6.3152,6.3152,6.3152,6.3152,6.3152,6.3152,6.3152,6.3152,6.3152,6.3152,6.3152,6.3152,6.3152,6.3152,6.3152,6.3152,6.3152,6.3152,6.3152,6.3152,6.3152,6.3152,6.3152,6.3152,6.3152,6.3152,6.3152,6.3152,6.3152,6.3152,6.3152,6.3152,6.3152,6.3152,6.3152,6.3152,6.3152,6.3152,6.3152,6.3152,6.3152,6.3152,6.3152,6.3152,6.3152,6.3152,6.3152,6.3152,6.3152,6.3152,6.3152,6.3152,6.3152,6.3152,6.3152,6.3152,6.3152,6.3152,6.3152,6.3152,6.3152,6.3152,6.3152,6.3152,6.3152,6.3152,6.3152,6.3152,6.3152,6.3152,6.3152,6.3152,6.3152,6.3152,6.3152,6.3152,6.3152,6.3152,6.3152,6.3152,6.3152,6.3152,6.3152,6.3152,6.3152,6.3152,6.3152,6.3152,6.3152,6.3152,6.3152,6.3152,6.3152,6.3152,6.3152,6.3152,6.3152,6.3152,6.3152,6.3152,6.3152,6.3152,6.3152,6.3152,6.3152,6.3152,6.3152,6.3152,6.3152,6.3152,6.3152,6.3152,6.3152,6.3152,6.3152,6.3152,6.3152,6.3152,6.3152,6.3152,6.3152,6.3152,6.3152,6.3152,6.3152,6.3152,6.3152,6.3152,6.3152,6.3152,6.3152,6.3152,6.3152,6.3152,6.3152,6.3152,6.3152,6.3152,6.3152,6.3152,6.3152,6.3152,6.3152,6.3152,6.3152,6.3152,6.3152,6.3152,6.3152,6.3152,6.3152,6.3152,6.3152,6.3152,6.3152,6.3152,6.3152,6.3152,6.3152,6.3152,6.3152,6.3152,6.3152,6.3152,6.3152,6.3152,6.3152,6.3152,6.3152,6.3152,6.3152,6.3152,6.3152,6.3152,6.3152,6.3152,6.3152,6.3152,6.3152,6.3152,6.3152,6.3152,6.3152,6.3152,6.3152,6.3152,6.3152,6.3152,6.3152,6.3152,6.3152,6.3152,6.3152,6.3152,6.3152,6.3152,6.3152,6.3152,6.3152,6.3152,6.3152,6.3152,6.3152,6.3152,6.3152,6.3152,6.3152,6.3152,6.3152,6.3152,6.3152,6.3152,6.3152,6.3152,6.3152,6.3152,6.3152,6.3152,6.3152,6.3152,6.3152,6.3152,6.3152,6.3152,6.3152,6.3152,6.3152,6.3152,6.3152,6.3152,6.3152,6.3152,6.3152,6.3152,6.3152,6.3152,6.3152,6.3152,6.3152,6.3152,6.3152,6.3152,6.3152,6.3152,6.3152,6.3152,6.3152,6.3152,6.3152,6.3152,6.3152,6.3152,6.3152,6.3152,6.3152,6.3152,6.3152,6.3152,6.3152,6.3152,6.3152,6.3152,6.3152,6.3152,6.3152,6.3152,6.3152,6.3152,6.3152,6.3152,6.3152,6.3152,6.3152,6.3152,6.3152,6.3152,6.3152,6.3152,6.3152,6.3152,6.3152,6.3152,6.3152,6.3152,6.3152,6.3152,6.3152,6.3152,6.3152,6.3152,6.3152,6.3152,6.3152,6.3152,6.3152,6.3152,6.3152,6.3152,6.3152,6.3152,6.3152,6.3152,6.3152,6.3152,6.3152,6.3152,6.3152,6.3152,6.3152,6.3152,6.3152,6.3152,6.3152,6.3152,6.3152,6.3152,6.3152,6.3152,6.3152,6.3152,6.3152,6.3152,6.3152,6.3152,6.3152,6.3152,6.3152,6.3152,6.3152,6.3152,6.3152,6.3152,6.3152,6.3152,6.3152,6.3152,6.3152,6.3152,6.3152,6.3152,6.3152,6.3152,6.3152,6.3152,6.3152,6.3152,6.3152,6.3152,6.3152,6.3152,6.3152,6.3152,6.3152,6.3152,6.3152,6.3152,6.3152,6.3152,6.3152,6.3152,6.3152,6.3152,6.3152,6.3152,6.3152,6.3152,6.3152,6.3152,6.3152,6.3152,6.3152,6.3152,6.3152,6.3152,6.3152,6.3152,6.3152,6.3152,6.3152,6.3152,6.3152,6.3152,6.3152,6.3152,6.3152,6.3152,6.3152,6.3152,6.3152,6.3152,6.3152,6.3152,6.3152,6.3152,6.3152,6.3152,6.3152,6.3152,6.3152,6.3152,6.3152,6.3152,6.3152,6.3152,6.3152,6.3152,6.3152,6.3152,6.3152,6.3152,6.3152,6.3152,6.3152,6.3152,6.3152,6.3152,6.3152,6.3152,6.3152,6.3152,6.3152,6.3152,6.3152,6.3152,6.3152,6.3152,6.3152,6.3152,6.3152,6.3152,6.3152,6.3152,6.3152,6.3152,6.3152,6.3152,6.3152,6.3152,6.3152,6.3152,6.3152,6.3152,6.3152,6.3152,6.3152,6.3152,6.3152,6.3152,6.3152,6.3152,6.3152,6.3152,6.3152,6.3152,6.3152,6.3152,6.3152,6.3152,6.3152,6.3152,6.3152,6.3152,6.3152,6.3152,6.3152,6.3152,6.3152,6.3152,6.3152,6.3152,6.3152,6.3152,6.3152,6.3152,6.3152,6.3152,6.3152,6.3152,6.3152,6.3152,6.3152,6.3152,6.3152,6.3152,6.3152,6.3152,6.3152,6.3152,6.3152,6.3152,6.3152,6.3152,6.3152,6.3152,6.3152,6.3152,6.3152,6.3152,6.3152,6.3152,6.3152,6.3152,6.3152,6.3152,6.3152,6.3152,6.3152,6.3152,6.3152,6.3152,6.3152,6.3152,6.3152,6.3152,6.3152,6.3152,6.3152,6.3152,6.3152,6.3152,6.3152,6.3152,6.3152,6.3152,6.3152,6.3152,6.3152,6.3152,6.3152,6.3152,6.3152,6.3152,6.3152,6.3152,6.3152,6.3152,6.3152,6.3152,6.3152,6.3152,6.3152,6.3152,6.3152,6.3152,6.3152,6.3152,6.3152,6.3152,6.3152,6.3152,6.3152,6.3152,6.3152,6.3152,6.3152,6.3152,6.3152,6.3152,6.3152,6.3152,6.3152,6.3152,6.3152,6.3152,6.3152,6.3152,6.3152,6.3152,6.3152,6.3152,6.3152,6.3152,6.3152,6.3152,6.3152,6.3152,6.3152,6.3152,6.3152,6.3152,6.3152,6.3152,6.3152
6.3107,6.3107,6.3107,6.3107,6.3107,6.3107,6.3107,6.3107,6.3107,6.3107,6.3107,6.3107,6.3107,6.3107,6.3107,6.3107,6.3107,6.3107,6.3107,6.3107,6.3107,6.3107,6.3107,6.3107,6.3107,6.3107,6.3107,6.3107,6.3107,6.3107,6.3107,6.3107,6.3107,6.3107,6.3107,6.3107,6.3107,6.3107,6.3107,6.3107,6.3107,6.3107,6.3107,6.3107,6.3107,6.3107,6.3107,6.3107,6.3107,6.3107,6.3107,6.3107,6.3107,6.3107,6.3107,6.3107,6.3107,6.3107,6.3107,6.3107,6.3107,6.3107,6.3107,6.3107,6.3107,6.3107,6.3107,6.3107,6.3107,6.3107,6.3107,6.3107,6.3107,6.3107,6.3107,6.3107,6.3107,6.3107,6.3107,6.3107,6.3107,6.3107,6.3107,6.3107,6.3107,6.3107,6.3107,6.3107,6.3107,6.3107,6.3107,6.3107,6.3107,6.3107,6.3107,6.3107,6.3107,6.3107,6.3107,6.3107,6.3107,6.3107,6.3107,6.3107,6.3107,6.3107,6.3107,6.3107,6.3107,6.3107,6.3107,6.3107,6.3107,6.3107,6.3107,6.3107,6.3107,6.3107,6.3107,6.3107,6.3107,6.3107,6.3107,6.3107,6.3107,6.3107,6.3107,6.3107,6.3107,6.3107,6.3107,6.3107,6.3107,6.3107,6.3107,6.3107,6.3107,6.3107,6.3107,6.3107,6.3107,6.3107,6.3107,6.3107,6.3107,6.3107,6.3107,6.3107,6.3107,6.3107,6.3107,6.3107,6.3107,6.3107,6.3107,6.3107,6.3107,6.3107,6.3107,6.3107,6.3107,6.3107,6.3107,6.3107,6.3107,6.3107,6.3107,6.3107,6.3107,6.3107,6.3107,6.3107,6.3107,6.3107,6.3107,6.3107,6.3107,6.3107,6.3107,6.3107,6.3107,6.3107,6.3107,6.3107,6.3107,6.3107,6.3107,6.3107,6.3107,6.3107,6.3107,6.3107,6.3107,6.3107,6.3107,6.3107,6.3107,6.3107,6.3107,6.3107,6.3107,6.3107,6.3107,6.3107,6.3107,6.3107,6.3107,6.3107,6.3107,6.3107,6.3107,6.3107,6.3107,6.3107,6.3107,6.3107,6.3107,6.3107,6.3107,6.3107,6.3107,6.3107,6.3107,6.3107,6.3107,6.3107,6.3107,6.3107,6.3107,6.3107,6.3107,6.3107,6.3107,6.3107,6.3107,6.3107,6.3107,6.3107,6.3107,6.3107,6.3107,6.3107,6.3107,6.3107,6.3107,6.3107,6.3107,6.3107,6.3107,6.3107,6.3107,6.3107,6.3107,6.3107,6.3107,6.3107,6.3107,6.3107,6.3107,6.3107,6.3107,6.3107,6.3107,6.3107,6.3107,6.3107,6.3107,6.3107,6.3107,6.3107,6.3107,6.3107,6.3107,6.3107,6.3107,6.3107,6.3107,6.3107,6.3107,6.3107,6.3107,6.3107,6.3107,6.3107,6.3107,6.3107,6.3107,6.3107,6.3107,6.3107,6.3107,6.3107,6.3107,6.3107,6.3107,6.3107,6.3107,6.3107,6.3107,6.3107,6.3107,6.3107,6.3107,6.3107,6.3107,6.3107,6.3107,6.3107,6.3107,6.3107,6.3107,6.3107,6.3107,6.3107,6.3107,6.3107,6.3107,6.3107,6.3107,6.3107,6.3107,6.3107,6.3107,6.3107,6.3107,6.3107,6.3107,6.3107,6.3107,6.3107,6.3107,6.3107,6.3107,6.3107,6.3107,6.3107,6.3107,6.3107,6.3107,6.3107,6.3107,6.3107,6.3107,6.3107,6.3107,6.3107,6.3107,6.3107,6.3107,6.3107,6.3107,6.3107,6.3107,6.3107,6.3107,6.3107,6.3107,6.3107,6.3107,6.3107,6.3107,6.3107,6.3107,6.3107,6.3107,6.3107,6.3107,6.3107,6.3107,6.3107,6.3107,6.3107,6.3107,6.3107,6.3107,6.3107,6.3107,6.3107,6.3107,6.3107,6.3107,6.3107,6.3107,6.3107,6.3107,6.3107,6.3107,6.3107,6.3107,6.3107,6.3107,6.3107,6.3107,6.3107,6.3107,6.3107,6.3107,6.3107,6.3107,6.3107,6.3107,6.3107,6.3107,6.3107,6.3107,6.3107,6.3107,6.3107,6.3107,6.3107,6.3107,6.3107,6.3107,6.3107,6.3107,6.3107,6.3107,6.3107,6.3107,6.3107,6.3107,6.3107,6.3107,6.3107,6.3107,6.3107,6.3107,6.3107,6.3107,6.3107,6.3107,6.3107,6.3107,6.3107,6.3107,6.3107,6.3107,6.3107,6.3107,6.3107,6.3107,6.3107,6.3107,6.3107,6.3107,6.3107,6.3107,6.3107,6.3107,6.3107,6.3107,6.3107,6.3107,6.3107,6.3107,6.3107,6.3107,6.3107,6.3107,6.3107,6.3107,6.3107,6.3107,6.3107,6.3107,6.3107,6.3107,6.3107,6.3107,6.3107,6.3107,6.3107,6.3107,6.3107,6.3107,6.3107,6.3107,6.3107,6.3107,6.3107,6.3107,6.3107,6.3107,6.3107,6.3107,6.3107,6.3107,6.3107,6.3107,6.3107,6.3107,6.3107,6.3107,6.3107,6.3107,6.3107,6.3107,6.3107,6.3107,6.3107,6.3107,6.3107,6.3107,6.3107,6.3107,6.3107,6.3107,6.3107,6.3107,6.3107,6.3107,6.3107,6.3107,6.3107,6.3107,6.3107,6.3107,6.3107,6.3107,6.3107,6.3107,6.3107,6.3107,6.3107,6.3107,6.3107,6.3107,6.3107,6.3107,6.3107,6.3107,6.3107,6.3107,6.3107,6.3107,6.3107,6.3107,6.3107,6.3107,6.3107,6.3107,6.3107,6.3107,6.3107,6.3107,6.3107,6.3107,6.3107,6.3107,6.3107,6.3107,6.3107,6.3107,6.3107,6.3107,6.3107,6.3107,6.3107,6.3107,6.3107,6.3107,6.3107,6.3107,6.3107,6.3107,6.3107,6.3107,6.3107,6.3107,6.3107,6.3107,6.3107,6.3107,6.3107,6.3107,6.3107,6.3107,6.3107,6.3107,6.3107,6.3107,6.3107,6.3107,6.3107,6.3107,6.3107,6.3107,6.3107,6.3107,6.3107,6.3107,6.3107,6.3107,6.3107,6.3107,6.3107,6.3107,6.3107,6.3107,6.3107,6.3107,6.3107,6.3107,6.3107,6.3107,6.3107,6.3107,6.3107,6.3107,6.3107,6.3107,6.3107,6.3107,6.3107,6.3107,6.3107,6.3107,6.3107,6.3107,6.3107,6.3107,6.3107,6.3107,6.3107,6.3107,6.3107,6.3107,6.3107,6.3107,6.3107,6.3107,6.3107,6.3107,6.3107,6.3107,6.3107,6.3107,6.3107,6.3107,6.3107,6.3107,6.3107,6.3107,6.3107,6.3107,6.3107,6.3107,6.3107,6.3107,6.3107,6.3107,6.3107,6.3107,6.3107,6.3107,6.3107,6.3107,6.3107,6.3107,6.3107,6.3107,6.3107,6.3107,6.3107,6.3107,6.3107,6.3107,6.3107,6.3107,6.3107,6.3107,6.3107,6.3107,6.3107,6.3107,6.3107,6.3107,6.3107,6.3107,6.3107,6.3107,6.3107,6.3107,6.3107,6.3107,6.3107,6.3107,6.3107,6.3107,6.3107,6.3107,6.3107,6.3107,6.3107,6.3107,6.3107,6.3107,6.3107,6.3107,6.3107,6.3107,6.3107,6.3107,6.3107,6.3107,6.3107,6.3107,6.3107,6.3107,6.3107,6.3107,6.3107,6.3107,6.3107,6.3107,6.3107,6.3107,6.3107,6.3107,6.3107,6.3107,6.3107,6.3107,6.3107,6.3107,6.3107,6.3107,6.3107,6.3107,6.3107,6.3107,6.3107,6.3107,6.3107,6.3107,6.3107,6.3107,6.3107,6.3107,6.3107,6.3107,6.3107,6.3107,6.3107,6.3107,6.3107,6.3107,6.3107,6.3107,6.3107,6.3107,6.3107,6.3107,6.3107,6.3107,6.3107,6.3107,6.3107,6.3107,6.3107,6.3107,6.3107,6.3107,6.3107,6.3107,6.3107,6.3107,6.3107,6.3107,6.3107,6.3107,6.3107,6.3107,6.3107,6.3107,6.3107,6.3107,6.3107,6.3107,6.3107,6.3107,6.3107,6.3107,6.3107,6.3107,6.3107,6.3107,6.3107,6.3107,6.3107,6.3107,6.3107,6.3107,6.3107,6.3107,6.3107,6.3107,6.3107,6.3107,6.3107,6.3107,6.3107,6.3107,6.3107,6.3107,6.3107,6.3107,6.3107,6.3107,6.3107,6.3107,6.3107,6.3107,6.3107,6.3107,6.3107,6.3107,6.3107,6.3107,6.3107,6.3107,6.3107,6.3107,6.3107,6.3107,6.3107,6.3107,6.3107,6.3107,6.3107,6.3107,6.3107,6.3107,6.3107,6.3107,6.3107,6.3107,6.3107,6.3107,6.3107,6.3107,6.3107,6.3107,6.3107,6.3107,6.3107,6.3107,6.3107,6.3107,6.3107,6.3107,6.3107,6.3107,6.3107,6.3107,6.3107,6.3107,6.3107,6.3107,6.3107,6.3107,6.3107,6.3107,6.3107,6.3107,6.3107,6.3107,6.3107,6.3107,6.3107,6.3107,6.3107,6.3107,6.3107,6.3107,6.3107,6.3107,6.3107,6.3107,6.3107,6.3107,6.3107,6.3107,6.3107,6.3107,6.3107,6.3107,6.3107,6.3107,6.3107,6.3107,6.3107,6.3107,6.3107,6.3107,6.3107,6.3107,6.3107,6.3107,6.3107,6.3107,6.3107,6.3107,6.3107,6.3107,6.3107,6.3107,6.3107,6.3107,6.3107,6.3107,6.3107,6.3107,6.3107,6.3107,6.3107,6.3107,6.3107,6.3107,6.3107,6.3107,6.3107,6.3107,6.3107,6.3107,6.3107,6.3107,6.3107,6.3107,6.3107,6.3107,6.3107,6.3107,6.3107,6.3107,6.3107,6.3107,6.3107,6.3107,6.3107,6.3107,6.3107,6.3107,6.3107,6.3107,6.3107,6.3107,6.3107,6.3107,6.3107,6.3107,6.3107,6.3107,6.3107,6.3107,6.3107,6.3107,6.3107,6.3107,6.3107
6.3062,6.3062,6.3062,6.3062,6.3062,6.3062,6.3062,6.3062,6.3062,6.3062,6.3062,6.3062,6.3062,6.3062,6.3062,6.3062,6.3062,6.3062,6.3062,6.3062,6.3062,6.3062,6.3062,6.3062,6.3062,6.3062,6.3062,6.3062,6.3062,6.3062,6.3062,6.3062,6.3062,6.3062,6.3062,6.3062,6.3062,6.3062,6.3062,6.3062,6.3062,6.3062,6.3062,6.3062,6.3062,6.3062,6.3062,6.3062,6.3062,6.3062,6.3062,6.3062,6.3062,6.3062,6.3062,6.3062,6.3062,6.3062,6.3062,6.3062,6.3062,6.3062,6.3062,6.3062,6.3062,6.3062,6.3062,6.3062,6.3062,6.3062,6.3062,6.3062,6.3062,6.3062,6.3062,6.3062,6.3062,6.3062,6.3062,6.3062,6.3062,6.3062,6.3062,6.3062,6.3062,6.3062,6.3062,6.3062,6.3062,6.3062,6.3062,6.3062,6.3062,6.3062,6.3062,6.3062,6.3062,6.3062,6.3062,6.3062,6.3062,6.3062,6.3062,6.3062,6.3062,6.3062,6.3062,6.3062,6.3062,6.3062,6.3062,6.3062,6.3062,6.3062,6.3062,6.3062,6.3062,6.3062,6.3062,6.3062,6.3062,6.3062,6.3062,6.3062,6.3062,6.3062,6.3062,6.3062,6.3062,6.3062,6.3062,6.3062,6.3062,6.3062,6.3062,6.3062,6.3062,6.3062,6.3062,6.3062,6.3062,6.3062,6.3062,6.3062,6.3062,6.3062,6.3062,6.3062,6.3062,6.3062,6.3062,6.3062,6.3062,6.3062,6.3062,6.3062,6.3062,6.3062,6.3062,6.3062,6.3062,6.3062,6.3062,6.3062,6.3062,6.3062,6.3062,6.3062,6.3062,6.3062,6.3062,6.3062,6.3062,6.3062,6.3062,6.3062,6.3062,6.3062,6.3062,6.3062,6.3062,6.3062,6.3062,6.3062,6.3062,6.3062,6.3062,6.3062,6.3062,6.3062,6.3062,6.3062,6.3062,6.3062,6.3062,6.3062,6.3062,6.3062,6.3062,6.3062,6.3062,6.3062,6.3062,6.3062,6.3062,6.3062,6.3062,6.3062,6.3062,6.3062,6.3062,6.3062,6.3062,6.3062,6.3062,6.3062,6.3062,6.3062,6.3062,6.3062,6.3062,6.3062,6.3062,6.3062,6.3062,6.3062,6.3062,6.3062,6.3062,6.3062,6.3062,6.3062,6.3062,6.3062,6.3062,6.3062,6.3062,6.3062,6.3062,6.3062,6.3062,6.3062,6.3062,6.3062,6.3062,6.3062,6.3062,6.3062,6.3062,6.3062,6.3062,6.3062,6.3062,6.3062,6.3062,6.3062,6.3062,6.3062,6.3062,6.3062,6.3062,6.3062,6.3062,6.3062,6.3062,6.3062,6.3062,6.3062,6.3062,6.3062,6.3062,6.3062,6.3062,6.3062,6.3062,6.3062,6.3062,6.3062,6.3062,6.3062,6.3062,6.3062,6.3062,6.3062,6.3062,6.3062,6.3062,6.3062,6.3062,6.3062,6.3062,6.3062,6.3062,6.3062,6.3062,6.3062,6.3062,6.3062,6.3062,6.3062,6.3062,6.3062,6.3062,6.3062,6.3062,6.3062,6.3062,6.3062,6.3062,6.3062,6.3062,6.3062,6.3062,6.3062,6.3062,6.3062,6.3062,6.3062,6.3062,6.3062,6.3062,6.3062,6.3062,6.3062,6.3062,6.3062,6.3062,6.3062,6.3062,6.3062,6.3062,6.3062,6.3062,6.3062,6.3062,6.3062,6.3062,6.3062,6.3062,6.3062,6.3062,6.3062,6.3062,6.3062,6.3062,6.3062,6.3062,6.3062,6.3062,6.3062,6.3062,6.3062,6.3062,6.3062,6.3062,6.3062,6.3062,6.3062,6.3062,6.3062,6.3062,6.3062,6.3062,6.3062,6.3062,6.3062,6.3062,6.3062,6.3062,6.3062,6.3062,6.3062,6.3062,6.3062,6.3062,6.3062,6.3062,6.3062,6.3062,6.3062,6.3062,6.3062,6.3062,6.3062,6.3062,6.3062,6.3062,6.3062,6.3062,6.3062,6.3062,6.3062,6.3062,6.3062,6.3062,6.3062,6.3062,6.3062,6.3062,6.3062,6.3062,6.3062,6.3062,6.3062,6.3062,6.3062,6.3062,6.3062,6.3062,6.3062,6.3062,6.3062,6.3062,6.3062,6.3062,6.3062,6.3062,6.3062,6.3062,6.3062,6.3062,6.3062,6.3062,6.3062,6.3062,6.3062,6.3062,6.3062,6.3062,6.3062,6.3062,6.3062,6.3062,6.3062,6.3062,6.3062,6.3062,6.3062,6.3062,6.3062,6.3062,6.3062,6.3062,6.3062,6.3062,6.3062,6.3062,6.3062,6.3062,6.3062,6.3062,6.3062,6.3062,6.3062,6.3062,6.3062,6.3062,6.3062,6.3062,6.3062,6.3062,6.3062,6.3062,6.3062,6.3062,6.3062,6.3062,6.3062,6.3062,6.3062,6.3062,6.3062,6.3062,6.3062,6.3062,6.3062,6.3062,6.3062,6.3062,6.3062,6.3062,6.3062,6.3062,6.3062,6.3062,6.3062,6.3062,6.3062,6.3062,6.3062,6.3062,6.3062,6.3062,6.3062,6.3062,6.3062,6.3062,6.3062,6.3062,6.3062,6.3062,6.3062,6.3062,6.3062,6.3062,6.3062,6.3062,6.3062,6.3062,6.3062,6.3062,6.3062,6.3062,6.3062,6.3062,6.3062,6.3062,6.3062,6.3062,6.3062,6.3062,6.3062,6.3062,6.3062,6.3062,6.3062,6.3062,6.3062,6.3062,6.3062,6.3062,6.3062,6.3062,6.3062,6.3062,6.3062,6.3062,6.3062,6.3062,6.3062,6.3062,6.3062,6.3062,6.3062,6.3062,6.3062,6.3062,6.3062,6.3062,6.3062,6.3062,6.3062,6.3062,6.3062,6.3062,6.3062,6.3062,6.3062,6.3062,6.3062,6.3062,6.3062,6.3062,6.3062,6.3062,6.3062,6.3062,6.3062,6.3062,6.3062,6.3062,6.3062,6.3062,6.3062,6.3062,6.3062,6.3062,6.3062,6.3062,6.3062,6.3062,6.3062,6.3062,6.3062,6.3062,6.3062,6.3062,6.3062,6.3062,6.3062,6.3062,6.3062,6.3062,6.3062,6.3062,6.3062,6.3062,6.3062,6.3062,6.3062,6.3062,6.3062,6.3062,6.3062,6.3062,6.3062,6.3062,6.3062,6.3062,6.3062,6.3062,6.3062,6.3062,6.3062,6.3062,6.3062,6.3062,6.3062,6.3062,6.3062,6.3062,6.3062,6.3062,6.3062,6.3062,6.3062,6.3062,6.3062,6.3062,6.3062,6.3062,6.3062,6.3062,6.3062,6.3062,6.3062,6.3062,6.3062,6.3062,6.3062,6.3062,6.3062,6.3062,6.3062,6.3062,6.3062,6.3062,6.3062,6.3062,6.3062,6.3062,6.3062,6.3062,6.3062,6.3062,6.3062,6.3062,6.3062,6.3062,6.3062,6.3062,6.3062,6.3062,6.3062,6.3062,6.3062,6.3062,6.3062,6.3062,6.3062,6.3062,6.3062,6.3062,6.3062,6.3062,6.3062,6.3062,6.3062,6.3062,6.3062,6.3062,6.3062,6.3062,6.3062,6.3062,6.3062,6.3062,6.3062,6.3062,6.3062,6.3062,6.3062,6.3062,6.3062,6.3062,6.3062,6.3062,6.3062,6.3062,6.3062,6.3062,6.3062,6.3062,6.3062,6.3062,6.3062,6.3062,6.3062,6.3062,6.3062,6.3062,6.3062,6.3062,6.3062,6.3062,6.3062,6.3062,6.3062,6.3062,6.3062,6.3062,6.3062,6.3062,6.3062,6.3062,6.3062,6.3062,6.3062,6.3062,6.3062,6.3062,6.3062,6.3062,6.3062,6.3062,6.3062,6.3062,6.3062,6.3062,6.3062,6.3062,6.3062,6.3062,6.3062,6.3062,6.3062,6.3062,6.3062,6.3062,6.3062,6.3062,6.3062,6.3062,6.3062,6.3062,6.3062,6.3062,6.3062,6.3062,6.3062,6.3062,6.3062,6.3062,6.3062,6.3062,6.3062,6.3062,6.3062,6.3062,6.3062,6.3062,6.3062,6.3062,6.3062,6.3062,6.3062,6.3062,6.3062,6.3062,6.3062,6.3062,6.3062,6.3062,6.3062,6.3062,6.3062,6.3062,6.3062,6.3062,6.3062,6.3062,6.3062,6.3062,6.3062,6.3062,6.3062,6.3062,6.3062,6.3062,6.3062,6.3062,6.3062,6.3062,6.3062,6.3062,6.3062,6.3062,6.3062,6.3062,6.3062,6.3062,6.3062,6.3062,6.3062,6.3062,6.3062,6.3062,6.3062,6.3062,6.3062,6.3062,6.3062,6.3062,6.3062,6.3062,6.3062,6.3062,6.3062,6.3062,6.3062,6.3062,6.3062,6.3062,6.3062,6.3062,6.3062,6.3062,6.3062,6.3062,6.3062,6.3062,6.3062,6.3062,6.3062,6.3062,6.3062,6.3062,6.3062,6.3062,6.3062,6.3062,6.3062,6.3062,6.3062,6.3062,6.3062,6.3062,6.3062,6.3062,6.3062,6.3062,6.3062,6.3062,6.3062,6.3062,6.3062,6.3062,6.3062,6.3062,6.3062,6.3062,6.3062,6.3062,6.3062,6.3062,6.3062,6.3062,6.3062,6.3062,6.3062,6.3062,6.3062,6.3062,6.3062,6.3062,6.3062,6.3062,6.3062,6.3062,6.3062,6.3062,6.3062,6.3062,6.3062,6.3062,6.3062,6.3062,6.3062,6.3062,6.3062,6.3062,6.3062,6.3062,6.3062,6.3062,6.3062,6.3062,6.3062,6.3062,6.3062,6.3062,6.3062,6.3062,6.3062,6.3062,6.3062,6.3062,6.3062,6.3062,6.3062,6.3062,6.3062,6.3062,6.3062,6.3062,6.3062,6.3062,6.3062,6.3062,6.3062,6.3062,6.3062,6.3062,6.3062,6.3062,6.3062,6.3062,6.3062,6.3062,6.3062,6.3062,6.3062,6.3062,6.3062,6.3062,6.3062,6.3062,6.3062,6.3062,6.3062,6.3062,6.3062,6.3062,6.3062,6.3062,6.3062,6.3062,6.3062,6.3062,6.3062
6.3017,6.3017,6.3017,6.3017,6.3017,6.3017,6.3017,6.3017,6.3017,6.3017,6.3017,6.3017,6.3017,6.3017,6.3017,6.3017,6.3017,6.3017,6.3017,6.3017,6.3017,6.3017,6.3017,6.3017,6.3017,6.3017,6.3017,6.3017,6.3017,6.3017,6.3017,6.3017,6.3017,6.3017,6.3017,6.3017,6.3017,6.3017,6.3017,6.3017,6.3017,6.3017,6.3017,6.3017,6.3017,6.3017,6.3017,6.3017,6.3017,6.3017,6.3017,6.3017,6.3017,6.3017,6.3017,6.3017,6.3017,6.3017,6.3017,6.3017,6.3017,6.3017,6.3017,6.3017,6.3017,6.3017,6.3017,6.3017,6.3017,6.3017,6.3017,6.3017,6.3017,6.3017,6.3017,6.3017,6.3017,6.3017,6.3017,6.3017,6.3017,6.3017,6.3017,6.3017,6.3017,6.3017,6.3017,6.3017,6.3017,6.3017,6.3017,6.3017,6.3017,6.3017,6.3017,6.3017,6.3017,6.3017,6.3017,6.3017,6.3017,6.3017,6.3017,6.3017,6.3017,6.3017,6.3017,6.3017,6.3017,6.3017,6.3017,6.3017,6.3017,6.3017,6.3017,6.3017,6.3017,6.3017,6.3017,6.3017,6.3017,6.3017,6.3017,6.3017,6.3017,6.3017,6.3017,6.3017,6.3017,6.3017,6.3017,6.3017,6.3017,6.3017,6.3017,6.3017,6.3017,6.3017,6.3017,6.3017,6.3017,6.3017,6.3017,6.3017,6.3017,6.3017,6.3017,6.3017,6.3017,6.3017,6.3017,6.3017,6.3017,6.3017,6.3017,6.3017,6.3017,6.3017,6.3017,6.3017,6.3017,6.3017,6.3017,6.3017,6.3017,6.3017,6.3017,6.3017,6.3017,6.3017,6.3017,6.3017,6.3017,6.3017,6.3017,6.3017,6.3017,6.3017,6.3017,6.3017,6.3017,6.3017,6.3017,6.3017,6.3017,6.3017,6.3017,6.3017,6.3017,6.3017,6.3017,6.3017,6.3017,6.3017,6.3017,6.3017,6.3017,6.3017,6.3017,6.3017,6.3017,6.3017,6.3017,6.3017,6.3017,6.3017,6.3017,6.3017,6.3017,6.3017,6.3017,6.3017,6.3017,6.3017,6.3017,6.3017,6.3017,6.3017,6.3017,6.3017,6.3017,6.3017,6.3017,6.3017,6.3017,6.3017,6.3017,6.3017,6.3017,6.3017,6.3017,6.3017,6.3017,6.3017,6.3017,6.3017,6.3017,6.3017,6.3017,6.3017,6.3017,6.3017,6.3017,6.3017,6.3017,6.3017,6.3017,6.3017,6.3017,6.3017,6.3017,6.3017,6.3017,6.3017,6.3017,6.3017,6.3017,6.3017,6.3017,6.3017,6.3017,6.3017,6.3017,6.3017,6.3017,6.3017,6.3017,6.3017,6.3017,6.3017,6.3017,6.3017,6.3017,6.3017,6.3017,6.3017,6.3017,6.3017,6.3017,6.3017,6.3017,6.3017,6.3017,6.3017,6.3017,6.3017,6.3017,6.3017,6.3017,6.3017,6.3017,6.3017,6.3017,6.3017,6.3017,6.3017,6.3017,6.3017,6.3017,6.3017,6.3017,6.3017,6.3017,6.3017,6.3017,6.3017,6.3017,6.3017,6.3017,6.3017,6.3017,6.3017,6.3017,6.3017,6.3017,6.3017,6.3017,6.3017,6.3017,6.3017,6.3017,6.3017,6.3017,6.3017,6.3017,6.3017,6.3017,6.3017,6.3017,6.3017,6.3017,6.3017,6.3017,6.3017,6.3017,6.3017,6.3017,6.3017,6.3017,6.3017,6.3017,6.3017,6.3017,6.3017,6.3017,6.3017,6.3017,6.3017,6.3017,6.3017,6.3017,6.3017,6.3017,6.3017,6.3017,6.3017,6.3017,6.3017,6.3017,6.3017,6.3017,6.3017,6.3017,6.3017,6.3017,6.3017,6.3017,6.3017,6.3017,6.3017,6.3017,6.3017,6.3017,6.3017,6.3017,6.3017,6.3017,6.3017,6.3017,6.3017,6.3017,6.3017,6.3017,6.3017,6.3017,6.3017,6.3017,6.3017,6.3017,6.3017,6.3017,6.3017,6.3017,6.3017,6.3017,6.3017,6.3017,6.3017,6.3017,6.3017,6.3017,6.3017,6.3017,6.3017,6.3017,6.3017,6.3017,6.3017,6.3017,6.3017,6.3017,6.3017,6.3017,6.3017,6.3017,6.3017,6.3017,6.3017,6.3017,6.3017,6.3017,6.3017,6.3017,6.3017,6.3017,6.3017,6.3017,6.3017,6.3017,6.3017,6.3017,6.3017,6.3017,6.3017,6.3017,6.3017,6.3017,6.3017,6.3017,6.3017,6.3017,6.3017,6.3017,6.3017,6.3017,6.3017,6.3017,6.3017,6.3017,6.3017,6.3017,6.3017,6.3017,6.3017,6.3017,6.3017,6.3017,6.3017,6.3017,6.3017,6.3017,6.3017,6.3017,6.3017,6.3017,6.3017,6.3017,6.3017,6.3017,6.3017,6.3017,6.3017,6.3017,6.3017,6.3017,6.3017,6.3017,6.3017,6.3017,6.3017,6.3017,6.3017,6.3017,6.3017,6.3017,6.3017,6.3017,6.3017,6.3017,6.3017,6.3017,6.3017,6.3017,6.3017,6.3017,6.3017,6.3017,6.3017,6.3017,6.3017,6.3017,6.3017,6.3017,6.3017,6.3017,6.3017,6.3017,6.3017,6.3017,6.3017,6.3017,6.3017,6.3017,6.3017,6.3017,6.3017,6.3017,6.3017,6.3017,6.3017,6.3017,6.3017,6.3017,6.3017,6.3017,6.3017,6.3017,6.3017,6.3017,6.3017,6.3017,6.3017,6.3017,6.3017,6.3017,6.3017,6.3017,6.3017,6.3017,6.3017,6.3017,6.3017,6.3017,6.3017,6.3017,6.3017,6.3017,6.3017,6.3017,6.3017,6.3017,6.3017,6.3017,6.3017,6.3017,6.3017,6.3017,6.3017,6.3017,6.3017,6.3017,6.3017,6.3017,6.3017,6.3017,6.3017,6.3017,6.3017,6.3017,6.3017,6.3017,6.3017,6.3017,6.3017,6.3017,6.3017,6.3017,6.3017,6.3017,6.3017,6.3017,6.3017,6.3017,6.3017,6.3017,6.3017,6.3017,6.3017,6.3017,6.3017,6.3017,6.3017,6.3017,6.3017,6.3017,6.3017,6.3017,6.3017,6.3017,6.3017,6.3017,6.3017,6.3017,6.3017,6.3017,6.3017,6.3017,6.3017,6.3017,6.3017,6.3017,6.3017,6.3017,6.3017,6.3017,6.3017,6.3017,6.3017,6.3017,6.3017,6.3017,6.3017,6.3017,6.3017,6.3017,6.3017,6.3017,6.3017,6.3017,6.3017,6.3017,6.3017,6.3017,6.3017,6.3017,6.3017,6.3017,6.3017,6.3017,6.3017,6.3017,6.3017,6.3017,6.3017,6.3017,6.3017,6.3017,6.3017,6.3017,6.3017,6.3017,6.3017,6.3017,6.3017,6.3017,6.3017,6.3017,6.3017,6.3017,6.3017,6.3017,6.3017,6.3017,6.3017,6.3017,6.3017,6.3017,6.3017,6.3017,6.3017,6.3017,6.3017,6.3017,6.3017,6.3017,6.3017,6.3017,6.3017,6.3017,6.3017,6.3017,6.3017,6.3017,6.3017,6.3017,6.3017,6.3017,6.3017,6.3017,6.3017,6.3017,6.3017,6.3017,6.3017,6.3017,6.3017,6.3017,6.3017,6.3017,6.3017,6.3017,6.3017,6.3017,6.3017,6.3017,6.3017,6.3017,6.3017,6.3017,6.3017,6.3017,6.3017,6.3017,6.3017,6.3017,6.3017,6.3017,6.3017,6.3017,6.3017,6.3017,6.3017,6.3017,6.3017,6.3017,6.3017,6.3017,6.3017,6.3017,6.3017,6.3017,6.3017,6.3017,6.3017,6.3017,6.3017,6.3017,6.3017,6.3017,6.3017,6.3017,6.3017,6.3017,6.3017,6.3017,6.3017,6.3017,6.3017,6.3017,6.3017,6.3017,6.3017,6.3017,6.3017,6.3017,6.3017,6.3017,6.3017,6.3017,6.3017,6.3017,6.3017,6.3017,6.3017,6.3017,6.3017,6.3017,6.3017,6.3017,6.3017,6.3017,6.3017,6.3017,6.3017,6.3017,6.3017,6.3017,6.3017,6.3017,6.3017,6.3017,6.3017,6.3017,6.3017,6.3017,6.3017,6.3017,6.3017,6.3017,6.3017,6.3017,6.3017,6.3017,6.3017,6.3017,6.3017,6.3017,6.3017,6.3017,6.3017,6.3017,6.3017,6.3017,6.3017,6.3017,6.3017,6.3017,6.3017,6.3017,6.3017,6.3017,6.3017,6.3017,6.3017,6.3017,6.3017,6.3017,6.3017,6.3017,6.3017,6.3017,6.3017,6.3017,6.3017,6.3017,6.3017,6.3017,6.3017,6.3017,6.3017,6.3017,6.3017,6.3017,6.3017,6.3017,6.3017,6.3017,6.3017,6.3017,6.3017,6.3017,6.3017,6.3017,6.3017,6.3017,6.3017,6.3017,6.3017,6.3017,6.3017,6.3017,6.3017,6.3017,6.3017,6.3017,6.3017,6.3017,6.3017,6.3017,6.3017,6.3017,6.3017,6.3017,6.3017,6.3017,6.3017,6.3017,6.3017,6.3017,6.3017,6.3017,6.3017,6.3017,6.3017,6.3017,6.3017,6.3017,6.3017,6.3017,6.3017,6.3017,6.3017,6.3017,6.3017,6.3017,6.3017,6.3017,6.3017,6.3017,6.3017,6.3017,6.3017,6.3017,6.3017,6.3017,6.3017,6.3017,6.3017,6.3017,6.3017,6.3017,6.3017,6.3017,6.3017,6.3017,6.3017,6.3017,6.3017,6.3017,6.3017,6.3017,6.3017,6.3017,6.3017,6.3017,6.3017,6.3017,6.3017,6.3017,6.3017,6.3017,6.3017,6.3017,6.3017,6.3017,6.3017,6.3017,6.3017,6.3017,6.3017,6.3017,6.3017,6.3017,6.3017,6.3017,6.3017,6.3017,6.3017,6.3017,6.3017,6.3017,6.3017,6.3017,6.3017,6.3017,6.3017,6.3017,6.3017,6.3017,6.3017,6.3017,6.3017,6.3017,6.3017,6.3017,6.3017,6.3017,6.3017,6.3017,6.3017
6.2974,6.2974,6.2974,6.2974,6.2974,6.2974,6.2974,6.2974,6.2974,6.2974,6.2974,6.2974,6.2974,6.2974,6.2974,6.2974,6.2974,6.2974,6.2974,6.2974,6.2974,6.2974,6.2974,6.2974,6.2974,6.2974,6.2974,6.2974,6.2974,6.2974,6.2974,6.2974,6.2974,6.2974,6.2974,6.2974,6.2974,6.2974,6.2974,6.2974,6.2974,6.2974,6.2974,6.2974,6.2974,6.2974,6.2974,6.2974,6.2974,6.2974,6.2974,6.2974,6.2974,6.2974,6.2974,6.2974,6.2974,6.2974,6.2974,6.2974,6.2974,6.2974,6.2974,6.2974,6.2974,6.2974,6.2974,6.2974,6.2974,6.2974,6.2974,6.2974,6.2974,6.2974,6.2974,6.2974,6.2974,6.2974,6.2974,6.2974,6.2974,6.2974,6.2974,6.2974,6.2974,6.2974,6.2974,6.2974,6.2974,6.2974,6.2974,6.2974,6.2974,6.2974,6.2974,6.2974,6.2974,6.2974,6.2974,6.2974,6.2974,6.2974,6.2974,6.2974,6.2974,6.2974,6.2974,6.2974,6.2974,6.2974,6.2974,6.2974,6.2974,6.2974,6.2974,6.2974,6.2974,6.2974,6.2974,6.2974,6.2974,6.2974,6.2974,6.2974,6.2974,6.2974,6.2974,6.2974,6.2974,6.2974,6.2974,6.2974,6.2974,6.2974,6.2974,6.2974,6.2974,6.2974,6.2974,6.2974,6.2974,6.2974,6.2974,6.2974,6.2974,6.2974,6.2974,6.2974,6.2974,6.2974,6.2974,6.2974,6.2974,6.2974,6.2974,6.2974,6.2974,6.2974,6.2974,6.2974,6.2974,6.2974,6.2974,6.2974,6.2974,6.2974,6.2974,6.2974,6.2974,6.2974,6.2974,6.2974,6.2974,6.2974,6.2974,6.2974,6.2974,6.2974,6.2974,6.2974,6.2974,6.2974,6.2974,6.2974,6.2974,6.2974,6.2974,6.2974,6.2974,6.2974,6.2974,6.2974,6.2974,6.2974,6.2974,6.2974,6.2974,6.2974,6.2974,6.2974,6.2974,6.2974,6.2974,6.2974,6.2974,6.2974,6.2974,6.2974,6.2974,6.2974,6.2974,6.2974,6.2974,6.2974,6.2974,6.2974,6.2974,6.2974,6.2974,6.2974,6.2974,6.2974,6.2974,6.2974,6.2974,6.2974,6.2974,6.2974,6.2974,6.2974,6.2974,6.2974,6.2974,6.2974,6.2974,6.2974,6.2974,6.2974,6.2974,6.2974,6.2974,6.2974,6.2974,6.2974,6.2974,6.2974,6.2974,6.2974,6.2974,6.2974,6.2974,6.2974,6.2974,6.2974,6.2974,6.2974,6.2974,6.2974,6.2974,6.2974,6.2974,6.2974,6.2974,6.2974,6.2974,6.2974,6.2974,6.2974,6.2974,6.2974,6.2974,6.2974,6.2974,6.2974,6.2974,6.2974,6.2974,6.2974,6.2974,6.2974,6.2974,6.2974,6.2974,6.2974,6.2974,6.2974,6.2974,6.2974,6.2974,6.2974,6.2974,6.2974,6.2974,6.2974,6.2974,6.2974,6.2974,6.2974,6.2974,6.2974,6.2974,6.2974,6.2974,6.2974,6.2974,6.2974,6.2974,6.2974,6.2974,6.2974,6.2974,6.2974,6.2974,6.2974,6.2974,6.2974,6.2974,6.2974,6.2974,6.2974,6.2974,6.2974,6.2974,6.2974,6.2974,6.2974,6.2974,6.2974,6.2974,6.2974,6.2974,6.2974,6.2974,6.2974,6.2974,6.2974,6.2974,6.2974,6.2974,6.2974,6.2974,6.2974,6.2974,6.2974,6.2974,6.2974,6.2974,6.2974,6.2974,6.2974,6.2974,6.2974,6.2974,6.2974,6.2974,6.2974,6.2974,6.2974,6.2974,6.2974,6.2974,6.2974,6.2974,6.2974,6.2974,6.2974,6.2974,6.2974,6.2974,6.2974,6.2974,6.2974,6.2974,6.2974,6.2974,6.2974,6.2974,6.2974,6.2974,6.2974,6.2974,6.2974,6.2974,6.2974,6.2974,6.2974,6.2974,6.2974,6.2974,6.2974,6.2974,6.2974,6.2974,6.2974,6.2974,6.2974,6.2974,6.2974,6.2974,6.2974,6.2974,6.2974,6.2974,6.2974,6.2974,6.2974,6.2974,6.2974,6.2974,6.2974,6.2974,6.2974,6.2974,6.2974,6.2974,6.2974,6.2974,6.2974,6.2974,6.2974,6.2974,6.2974,6.2974,6.2974,6.2974,6.2974,6.2974,6.2974,6.2974,6.2974,6.2974,6.2974,6.2974,6.2974,6.2974,6.2974,6.2974,6.2974,6.2974,6.2974,6.2974,6.2974,6.2974,6.2974,6.2974,6.2974,6.2974,6.2974,6.2974,6.2974,6.2974,6.2974,6.2974,6.2974,6.2974,6.2974,6.2974,6.2974,6.2974,6.2974,6.2974,6.2974,6.2974,6.2974,6.2974,6.2974,6.2974,6.2974,6.2974,6.2974,6.2974,6.2974,6.2974,6.2974,6.2974,6.2974,6.2974,6.2974,6.2974,6.2974,6.2974,6.2974,6.2974,6.2974,6.2974,6.2974,6.2974,6.2974,6.2974,6.2974,6.2974,6.2974,6.2974,6.2974,6.2974,6.2974,6.2974,6.2974,6.2974,6.2974,6.2974,6.2974,6.2974,6.2974,6.2974,6.2974,6.2974,6.2974,6.2974,6.2974,6.2974,6.2974,6.2974,6.2974,6.2974,6.2974,6.2974,6.2974,6.2974,6.2974,6.2974,6.2974,6.2974,6.2974,6.2974,6.2974,6.2974,6.2974,6.2974,6.2974,6.2974,6.2974,6.2974,6.2974,6.2974,6.2974,6.2974,6.2974,6.2974,6.2974,6.2974,6.2974,6.2974,6.2974,6.2974,6.2974,6.2974,6.2974,6.2974,6.2974,6.2974,6.2974,6.2974,6.2974,6.2974,6.2974,6.2974,6.2974,6.2974,6.2974,6.2974,6.2974,6.2974,6.2974,6.2974,6.2974,6.2974,6.2974,6.2974,6.2974,6.2974,6.2974,6.2974,6.2974,6.2974,6.2974,6.2974,6.2974,6.2974,6.2974,6.2974,6.2974,6.2974,6.2974,6.2974,6.2974,6.2974,6.2974,6.2974,6.2974,6.2974,6.2974,6.2974,6.2974,6.2974,6.2974,6.2974,6.2974,6.2974,6.2974,6.2974,6.2974,6.2974,6.2974,6.2974,6.2974,6.2974,6.2974,6.2974,6.2974,6.2974,6.2974,6.2974,6.2974,6.2974,6.2974,6.2974,6.2974,6.2974,6.2974,6.2974,6.2974,6.2974,6.2974,6.2974,6.2974,6.2974,6.2974,6.2974,6.2974,6.2974,6.2974,6.2974,6.2974,6.2974,6.2974,6.2974,6.2974,6.2974,6.2974,6.2974,6.2974,6.2974,6.2974,6.2974,6.2974,6.2974,6.2974,6.2974,6.2974,6.2974,6.2974,6.2974,6.2974,6.2974,6.2974,6.2974,6.2974,6.2974,6.2974,6.2974,6.2974,6.2974,6.2974,6.2974,6.2974,6.2974,6.2974,6.2974,6.2974,6.2974,6.2974,6.2974,6.2974,6.2974,6.2974,6.2974,6.2974,6.2974,6.2974,6.2974,6.2974,6.2974,6.2974,6.2974,6.2974,6.2974,6.2974,6.2974,6.2974,6.2974,6.2974,6.2974,6.2974,6.2974,6.2974,6.2974,6.2974,6.2974,6.2974,6.2974,6.2974,6.2974,6.2974,6.2974,6.2974,6.2974,6.2974,6.2974,6.2974,6.2974,6.2974,6.2974,6.2974,6.2974,6.2974,6.2974,6.2974,6.2974,6.2974,6.2974,6.2974,6.2974,6.2974,6.2974,6.2974,6.2974,6.2974,6.2974,6.2974,6.2974,6.2974,6.2974,6.2974,6.2974,6.2974,6.2974,6.2974,6.2974,6.2974,6.2974,6.2974,6.2974,6.2974,6.2974,6.2974,6.2974,6.2974,6.2974,6.2974,6.2974,6.2974,6.2974,6.2974,6.2974,6.2974,6.2974,6.2974,6.2974,6.2974,6.2974,6.2974,6.2974,6.2974,6.2974,6.2974,6.2974,6.2974,6.2974,6.2974,6.2974,6.2974,6.2974,6.2974,6.2974,6.2974,6.2974,6.2974,6.2974,6.2974,6.2974,6.2974,6.2974,6.2974,6.2974,6.2974,6.2974,6.2974,6.2974,6.2974,6.2974,6.2974,6.2974,6.2974,6.2974,6.2974,6.2974,6.2974,6.2974,6.2974,6.2974,6.2974,6.2974,6.2974,6.2974,6.2974,6.2974,6.2974,6.2974,6.2974,6.2974,6.2974,6.2974,6.2974,6.2974,6.2974,6.2974,6.2974,6.2974,6.2974,6.2974,6.2974,6.2974,6.2974,6.2974,6.2974,6.2974,6.2974,6.2974,6.2974,6.2974,6.2974,6.2974,6.2974,6.2974,6.2974,6.2974,6.2974,6.2974,6.2974,6.2974,6.2974,6.2974,6.2974,6.2974,6.2974,6.2974,6.2974,6.2974,6.2974,6.2974,6.2974,6.2974,6.2974,6.2974,6.2974,6.2974,6.2974,6.2974,6.2974,6.2974,6.2974,6.2974,6.2974,6.2974,6.2974,6.2974,6.2974,6.2974,6.2974,6.2974,6.2974,6.2974,6.2974,6.2974,6.2974,6.2974,6.2974,6.2974,6.2974,6.2974,6.2974,6.2974,6.2974,6.2974,6.2974,6.2974,6.2974,6.2974,6.2974,6.2974,6.2974,6.2974,6.2974,6.2974,6.2974,6.2974,6.2974,6.2974,6.2974,6.2974,6.2974,6.2974,6.2974,6.2974,6.2974,6.2974,6.2974,6.2974,6.2974,6.2974,6.2974,6.2974,6.2974,6.2974,6.2974,6.2974,6.2974,6.2974,6.2974,6.2974,6.2974,6.2974,6.2974,6.2974,6.2974,6.2974,6.2974,6.2974,6.2974,6.2974,6.2974,6.2974,6.2974,6.2974,6.2974,6.2974,6.2974,6.2974,6.2974,6.2974,6.2974,6.2974,6.2974,6.2974,6.2974,6.2974,6.2974,6.2974,6.2974,6.2974,6.2974,6.2974,6.2974,6.2974,6.2974,6.2974,6.2974,6.2974,6.2974
6.2930,6.2930,6.2930,6.2930,6.2930,6.2930,6.2930,6.2930,6.2930,6.2930,6.2930,6.2930,6.2930,6.2930,6.2930,6.2930,6.2930,6.2930,6.2930,6.2930,6.2930,6.2930,6.2930,6.2930,6.2930,6.2930,6.2930,6.2930,6.2930,6.2930,6.2930,6.2930,6.2930,6.2930,6.2930,6.2930,6.2930,6.2930,6.2930,6.2930,6.2930,6.2930,6.2930,6.2930,6.2930,6.2930,6.2930,6.2930,6.2930,6.2930,6.2930,6.2930,6.2930,6.2930,6.2930,6.2930,6.2930,6.2930,6.2930,6.2930,6.2930,6.2930,6.2930,6.2930,6.2930,6.2930,6.2930,6.2930,6.2930,6.2930,6.2930,6.2930,6.2930,6.2930,6.2930,6.2930,6.2930,6.2930,6.2930,6.2930,6.2930,6.2930,6.2930,6.2930,6.2930,6.2930,6.2930,6.2930,6.2930,6.2930,6.2930,6.2930,6.2930,6.2930,6.2930,6.2930,6.2930,6.2930,6.2930,6.2930,6.2930,6.2930,6.2930,6.2930,6.2930,6.2930,6.2930,6.2930,6.2930,6.2930,6.2930,6.2930,6.2930,6.2930,6.2930,6.2930,6.2930,6.2930,6.2930,6.2930,6.2930,6.2930,6.2930,6.2930,6.2930,6.2930,6.2930,6.2930,6.2930,6.2930,6.2930,6.2930,6.2930,6.2930,6.2930,6.2930,6.2930,6.2930,6.2930,6.2930,6.2930,6.2930,6.2930,6.2930,6.2930,6.2930,6.2930,6.2930,6.2930,6.2930,6.2930,6.2930,6.2930,6.2930,6.2930,6.2930,6.2930,6.2930,6.2930,6.2930,6.2930,6.2930,6.2930,6.2930,6.2930,6.2930,6.2930,6.2930,6.2930,6.2930,6.2930,6.2930,6.2930,6.2930,6.2930,6.2930,6.2930,6.2930,6.2930,6.2930,6.2930,6.2930,6.2930,6.2930,6.2930,6.2930,6.2930,6.2930,6.2930,6.2930,6.2930,6.2930,6.2930,6.2930,6.2930,6.2930,6.2930,6.2930,6.2930,6.2930,6.2930,6.2930,6.2930,6.2930,6.2930,6.2930,6.2930,6.2930,6.2930,6.2930,6.2930,6.2930,6.2930,6.2930,6.2930,6.2930,6.2930,6.2930,6.2930,6.2930,6.2930,6.2930,6.2930,6.2930,6.2930,6.2930,6.2930,6.2930,6.2930,6.2930,6.2930,6.2930,6.2930,6.2930,6.2930,6.2930,6.2930,6.2930,6.2930,6.2930,6.2930,6.2930,6.2930,6.2930,6.2930,6.2930,6.2930,6.2930,6.2930,6.2930,6.2930,6.2930,6.2930,6.2930,6.2930,6.2930,6.2930,6.2930,6.2930,6.2930,6.2930,6.2930,6.2930,6.2930,6.2930,6.2930,6.2930,6.2930,6.2930,6.2930,6.2930,6.2930,6.2930,6.2930,6.2930,6.2930,6.2930,6.2930,6.2930,6.2930,6.2930,6.2930,6.2930,6.2930,6.2930,6.2930,6.2930,6.2930,6.2930,6.2930,6.2930,6.2930,6.2930,6.2930,6.2930,6.2930,6.2930,6.2930,6.2930,6.2930,6.2930,6.2930,6.2930,6.2930,6.2930,6.2930,6.2930,6.2930,6.2930,6.2930,6.2930,6.2930,6.2930,6.2930,6.2930,6.2930,6.2930,6.2930,6.2930,6.2930,6.2930,6.2930,6.2930,6.2930,6.2930,6.2930,6.2930,6.2930,6.2930,6.2930,6.2930,6.2930,6.2930,6.2930,6.2930,6.2930,6.2930,6.2930,6.2930,6.2930,6.2930,6.2930,6.2930,6.2930,6.2930,6.2930,6.2930,6.2930,6.2930,6.2930,6.2930,6.2930,6.2930,6.2930,6.2930,6.2930,6.2930,6.2930,6.2930,6.2930,6.2930,6.2930,6.2930,6.2930,6.2930,6.2930,6.2930,6.2930,6.2930,6.2930,6.2930,6.2930,6.2930,6.2930,6.2930,6.2930,6.2930,6.2930,6.2930,6.2930,6.2930,6.2930,6.2930,6.2930,6.2930,6.2930,6.2930,6.2930,6.2930,6.2930,6.2930,6.2930,6.2930,6.2930,6.2930,6.2930,6.2930,6.2930,6.2930,6.2930,6.2930,6.2930,6.2930,6.2930,6.2930,6.2930,6.2930,6.2930,6.2930,6.2930,6.2930,6.2930,6.2930,6.2930,6.2930,6.2930,6.2930,6.2930,6.2930,6.2930,6.2930,6.2930,6.2930,6.2930,6.2930,6.2930,6.2930,6.2930,6.2930,6.2930,6.2930,6.2930,6.2930,6.2930,6.2930,6.2930,6.2930,6.2930,6.2930,6.2930,6.2930,6.2930,6.2930,6.2930,6.2930,6.2930,6.2930,6.2930,6.2930,6.2930,6.2930,6.2930,6.2930,6.2930,6.2930,6.2930,6.2930,6.2930,6.2930,6.2930,6.2930,6.2930,6.2930,6.2930,6.2930,6.2930,6.2930,6.2930,6.2930,6.2930,6.2930,6.2930,6.2930,6.2930,6.2930,6.2930,6.2930,6.2930,6.2930,6.2930,6.2930,6.2930,6.2930,6.2930,6.2930,6.2930,6.2930,6.2930,6.2930,6.2930,6.2930,6.2930,6.2930,6.2930,6.2930,6.2930,6.2930,6.2930,6.2930,6.2930,6.2930,6.2930,6.2930,6.2930,6.2930,6.2930,6.2930,6.2930,6.2930,6.2930,6.2930,6.2930,6.2930,6.2930,6.2930,6.2930,6.2930,6.2930,6.2930,6.2930,6.2930,6.2930,6.2930,6.2930,6.2930,6.2930,6.2930,6.2930,6.2930,6.2930,6.2930,6.2930,6.2930,6.2930,6.2930,6.2930,6.2930,6.2930,6.2930,6.2930,6.2930,6.2930,6.2930,6.2930,6.2930,6.2930,6.2930,6.2930,6.2930,6.2930,6.2930,6.2930,6.2930,6.2930,6.2930,6.2930,6.2930,6.2930,6.2930,6.2930,6.2930,6.2930,6.2930,6.2930,6.2930,6.2930,6.2930,6.2930,6.2930,6.2930,6.2930,6.2930,6.2930,6.2930,6.2930,6.2930,6.2930,6.2930,6.2930,6.2930,6.2930,6.2930,6.2930,6.2930,6.2930,6.2930,6.2930,6.2930,6.2930,6.2930,6.2930,6.2930,6.2930,6.2930,6.2930,6.2930,6.2930,6.2930,6.2930,6.2930,6.2930,6.2930,6.2930,6.2930,6.2930,6.2930,6.2930,6.2930,6.2930,6.2930,6.2930,6.2930,6.2930,6.2930,6.2930,6.2930,6.2930,6.2930,6.2930,6.2930,6.2930,6.2930,6.2930,6.2930,6.2930,6.2930,6.2930,6.2930,6.2930,6.2930,6.2930,6.2930,6.2930,6.2930,6.2930,6.2930,6.2930,6.2930,6.2930,6.2930,6.2930,6.2930,6.2930,6.2930,6.2930,6.2930,6.2930,6.2930,6.2930,6.2930,6.2930,6.2930,6.2930,6.2930,6.2930,6.2930,6.2930,6.2930,6.2930,6.2930,6.2930,6.2930,6.2930,6.2930,6.2930,6.2930,6.2930,6.2930,6.2930,6.2930,6.2930,6.2930,6.2930,6.2930,6.2930,6.2930,6.2930,6.2930,6.2930,6.2930,6.2930,6.2930,6.2930,6.2930,6.2930,6.2930,6.2930,6.2930,6.2930,6.2930,6.2930,6.2930,6.2930,6.2930,6.2930,6.2930,6.2930,6.2930,6.2930,6.2930,6.2930,6.2930,6.2930,6.2930,6.2930,6.2930,6.2930,6.2930,6.2930,6.2930,6.2930,6.2930,6.2930,6.2930,6.2930,6.2930,6.2930,6.2930,6.2930,6.2930,6.2930,6.2930,6.2930,6.2930,6.2930,6.2930,6.2930,6.2930,6.2930,6.2930,6.2930,6.2930,6.2930,6.2930,6.2930,6.2930,6.2930,6.2930,6.2930,6.2930,6.2930,6.2930,6.2930,6.2930,6.2930,6.2930,6.2930,6.2930,6.2930,6.2930,6.2930,6.2930,6.2930,6.2930,6.2930,6.2930,6.2930,6.2930,6.2930,6.2930,6.2930,6.2930,6.2930,6.2930,6.2930,6.2930,6.2930,6.2930,6.2930,6.2930,6.2930,6.2930,6.2930,6.2930,6.2930,6.2930,6.2930,6.2930,6.2930,6.2930,6.2930,6.2930,6.2930,6.2930,6.2930,6.2930,6.2930,6.2930,6.2930,6.2930,6.2930,6.2930,6.2930,6.2930,6.2930,6.2930,6.2930,6.2930,6.2930,6.2930,6.2930,6.2930,6.2930,6.2930,6.2930,6.2930,6.2930,6.2930,6.2930,6.2930,6.2930,6.2930,6.2930,6.2930,6.2930,6.2930,6.2930,6.2930,6.2930,6.2930,6.2930,6.2930,6.2930,6.2930,6.2930,6.2930,6.2930,6.2930,6.2930,6.2930,6.2930,6.2930,6.2930,6.2930,6.2930,6.2930,6.2930,6.2930,6.2930,6.2930,6.2930,6.2930,6.2930,6.2930,6.2930,6.2930,6.2930,6.2930,6.2930,6.2930,6.2930,6.2930,6.2930,6.2930,6.2930,6.2930,6.2930,6.2930,6.2930,6.2930,6.2930,6.2930,6.2930,6.2930,6.2930,6.2930,6.2930,6.2930,6.2930,6.2930,6.2930,6.2930,6.2930,6.2930,6.2930,6.2930,6.2930,6.2930,6.2930,6.2930,6.2930,6.2930,6.2930,6.2930,6.2930,6.2930,6.2930,6.2930,6.2930,6.2930,6.2930,6.2930,6.2930,6.2930,6.2930,6.2930,6.2930,6.2930,6.2930,6.2930,6.2930,6.2930,6.2930,6.2930,6.2930,6.2930,6.2930,6.2930,6.2930,6.2930,6.2930,6.2930,6.2930,6.2930,6.2930,6.2930,6.2930,6.2930,6.2930,6.2930,6.2930,6.2930,6.2930,6.2930,6.2930,6.2930,6.2930,6.2930,6.2930,6.2930,6.2930,6.2930,6.2930,6.2930,6.2930,6.2930,6.2930,6.2930,6.2930,6.2930,6.2930,6.2930,6.2930,6.2930,6.2930,6.2930,6.2930,6.2930,6.2930,6.2930,6.2930,6.2930,6.2930,6.2930,6.2930,6.2930,6.2930,6.2930,6.2930,6.2930
6.2885,6.2885,6.2885,6.2885,6.2885,6.2885,6.2885,6.2885,6.2885,6.2885,6.2885,6.2885,6.2885,6.2885,6.2885,6.2885,6.2885,6.2885,6.2885,6.2885,6.2885,6.2885,6.2885,6.2885,6.2885,6.2885,6.2885,6.2885,6.2885,6.2885,6.2885,6.2885,6.2885,6.2885,6.2885,6.2885,6.2885,6.2885,6.2885,6.2885,6.2885,6.2885,6.2885,6.2885,6.2885,6.2885,6.2885,6.2885,6.2885,6.2885,6.2885,6.2885,6.2885,6.2885,6.2885,6.2885,6.2885,6.2885,6.2885,6.2885,6.2885,6.2885,6.2885,6.2885,6.2885,6.2885,6.2885,6.2885,6.2885,6.2885,6.2885,6.2885,6.2885,6.2885,6.2885,6.2885,6.2885,6.2885,6.2885,6.2885,6.2885,6.2885,6.2885,6.2885,6.2885,6.2885,6.2885,6.2885,6.2885,6.2885,6.2885,6.2885,6.2885,6.2885,6.2885,6.2885,6.2885,6.2885,6.2885,6.2885,6.2885,6.2885,6.2885,6.2885,6.2885,6.2885,6.2885,6.2885,6.2885,6.2885,6.2885,6.2885,6.2885,6.2885,6.2885,6.2885,6.2885,6.2885,6.2885,6.2885,6.2885,6.2885,6.2885,6.2885,6.2885,6.2885,6.2885,6.2885,6.2885,6.2885,6.2885,6.2885,6.2885,6.2885,6.2885,6.2885,6.2885,6.2885,6.2885,6.2885,6.2885,6.2885,6.2885,6.2885,6.2885,6.2885,6.2885,6.2885,6.2885,6.2885,6.2885,6.2885,6.2885,6.2885,6.2885,6.2885,6.2885,6.2885,6.2885,6.2885,6.2885,6.2885,6.2885,6.2885,6.2885,6.2885,6.2885,6.2885,6.2885,6.2885,6.2885,6.2885,6.2885,6.2885,6.2885,6.2885,6.2885,6.2885,6.2885,6.2885,6.2885,6.2885,6.2885,6.2885,6.2885,6.2885,6.2885,6.2885,6.2885,6.2885,6.2885,6.2885,6.2885,6.2885,6.2885,6.2885,6.2885,6.2885,6.2885,6.2885,6.2885,6.2885,6.2885,6.2885,6.2885,6.2885,6.2885,6.2885,6.2885,6.2885,6.2885,6.2885,6.2885,6.2885,6.2885,6.2885,6.2885,6.2885,6.2885,6.2885,6.2885,6.2885,6.2885,6.2885,6.2885,6.2885,6.2885,6.2885,6.2885,6.2885,6.2885,6.2885,6.2885,6.2885,6.2885,6.2885,6.2885,6.2885,6.2885,6.2885,6.2885,6.2885,6.2885,6.2885,6.2885,6.2885,6.2885,6.2885,6.2885,6.2885,6.2885,6.2885,6.2885,6.2885,6.2885,6.2885,6.2885,6.2885,6.2885,6.2885,6.2885,6.2885,6.2885,6.2885,6.2885,6.2885,6.2885,6.2885,6.2885,6.2885,6.2885,6.2885,6.2885,6.2885,6.2885,6.2885,6.2885,6.2885,6.2885,6.2885,6.2885,6.2885,6.2885,6.2885,6.2885,6.2885,6.2885,6.2885,6.2885,6.2885,6.2885,6.2885,6.2885,6.2885,6.2885,6.2885,6.2885,6.2885,6.2885,6.2885,6.2885,6.2885,6.2885,6.2885,6.2885,6.2885,6.2885,6.2885,6.2885,6.2885,6.2885,6.2885,6.2885,6.2885,6.2885,6.2885,6.2885,6.2885,6.2885,6.2885,6.2885,6.2885,6.2885,6.2885,6.2885,6.2885,6.2885,6.2885,6.2885,6.2885,6.2885,6.2885,6.2885,6.2885,6.2885,6.2885,6.2885,6.2885,6.2885,6.2885,6.2885,6.2885,6.2885,6.2885,6.2885,6.2885,6.2885,6.2885,6.2885,6.2885,6.2885,6.2885,6.2885,6.2885,6.2885,6.2885,6.2885,6.2885,6.2885,6.2885,6.2885,6.2885,6.2885,6.2885,6.2885,6.2885,6.2885,6.2885,6.2885,6.2885,6.2885,6.2885,6.2885,6.2885,6.2885,6.2885,6.2885,6.2885,6.2885,6.2885,6.2885,6.2885,6.2885,6.2885,6.2885,6.2885,6.2885,6.2885,6.2885,6.2885,6.2885,6.2885,6.2885,6.2885,6.2885,6.2885,6.2885,6.2885,6.2885,6.2885,6.2885,6.2885,6.2885,6.2885,6.2885,6.2885,6.2885,6.2885,6.2885,6.2885,6.2885,6.2885,6.2885,6.2885,6.2885,6.2885,6.2885,6.2885,6.2885,6.2885,6.2885,6.2885,6.2885,6.2885,6.2885,6.2885,6.2885,6.2885,6.2885,6.2885,6.2885,6.2885,6.2885,6.2885,6.2885,6.2885,6.2885,6.2885,6.2885,6.2885,6.2885,6.2885,6.2885,6.2885,6.2885,6.2885,6.2885,6.2885,6.2885,6.2885,6.2885,6.2885,6.2885,6.2885,6.2885,6.2885,6.2885,6.2885,6.2885,6.2885,6.2885,6.2885,6.2885,6.2885,6.2885,6.2885,6.2885,6.2885,6.2885,6.2885,6.2885,6.2885,6.2885,6.2885,6.2885,6.2885,6.2885,6.2885,6.2885,6.2885,6.2885,6.2885,6.2885,6.2885,6.2885,6.2885,6.2885,6.2885,6.2885,6.2885,6.2885,6.2885,6.2885,6.2885,6.2885,6.2885,6.2885,6.2885,6.2885,6.2885,6.2885,6.2885,6.2885,6.2885,6.2885,6.2885,6.2885,6.2885,6.2885,6.2885,6.2885,6.2885,6.2885,6.2885,6.2885,6.2885,6.2885,6.2885,6.2885,6.2885,6.2885,6.2885,6.2885,6.2885,6.2885,6.2885,6.2885,6.2885,6.2885,6.2885,6.2885,6.2885,6.2885,6.2885,6.2885,6.2885,6.2885,6.2885,6.2885,6.2885,6.2885,6.2885,6.2885,6.2885,6.2885,6.2885,6.2885,6.2885,6.2885,6.2885,6.2885,6.2885,6.2885,6.2885,6.2885,6.2885,6.2885,6.2885,6.2885,6.2885,6.2885,6.2885,6.2885,6.2885,6.2885,6.2885,6.2885,6.2885,6.2885,6.2885,6.2885,6.2885,6.2885,6.2885,6.2885,6.2885,6.2885,6.2885,6.2885,6.2885,6.2885,6.2885,6.2885,6.2885,6.2885,6.2885,6.2885,6.2885,6.2885,6.2885,6.2885,6.2885,6.2885,6.2885,6.2885,6.2885,6.2885,6.2885,6.2885,6.2885,6.2885,6.2885,6.2885,6.2885,6.2885,6.2885,6.2885,6.2885,6.2885,6.2885,6.2885,6.2885,6.2885,6.2885,6.2885,6.2885,6.2885,6.2885,6.2885,6.2885,6.2885,6.2885,6.2885,6.2885,6.2885,6.2885,6.2885,6.2885,6.2885,6.2885,6.2885,6.2885,6.2885,6.2885,6.2885,6.2885,6.2885,6.2885,6.2885,6.2885,6.2885,6.2885,6.2885,6.2885,6.2885,6.2885,6.2885,6.2885,6.2885,6.2885,6.2885,6.2885,6.2885,6.2885,6.2885,6.2885,6.2885,6.2885,6.2885,6.2885,6.2885,6.2885,6.2885,6.2885,6.2885,6.2885,6.2885,6.2885,6.2885,6.2885,6.2885,6.2885,6.2885,6.2885,6.2885,6.2885,6.2885,6.2885,6.2885,6.2885,6.2885,6.2885,6.2885,6.2885,6.2885,6.2885,6.2885,6.2885,6.2885,6.2885,6.2885,6.2885,6.2885,6.2885,6.2885,6.2885,6.2885,6.2885,6.2885,6.2885,6.2885,6.2885,6.2885,6.2885,6.2885,6.2885,6.2885,6.2885,6.2885,6.2885,6.2885,6.2885,6.2885,6.2885,6.2885,6.2885,6.2885,6.2885,6.2885,6.2885,6.2885,6.2885,6.2885,6.2885,6.2885,6.2885,6.2885,6.2885,6.2885,6.2885,6.2885,6.2885,6.2885,6.2885,6.2885,6.2885,6.2885,6.2885,6.2885,6.2885,6.2885,6.2885,6.2885,6.2885,6.2885,6.2885,6.2885,6.2885,6.2885,6.2885,6.2885,6.2885,6.2885,6.2885,6.2885,6.2885,6.2885,6.2885,6.2885,6.2885,6.2885,6.2885,6.2885,6.2885,6.2885,6.2885,6.2885,6.2885,6.2885,6.2885,6.2885,6.2885,6.2885,6.2885,6.2885,6.2885,6.2885,6.2885,6.2885,6.2885,6.2885,6.2885,6.2885,6.2885,6.2885,6.2885,6.2885,6.2885,6.2885,6.2885,6.2885,6.2885,6.2885,6.2885,6.2885,6.2885,6.2885,6.2885,6.2885,6.2885,6.2885,6.2885,6.2885,6.2885,6.2885,6.2885,6.2885,6.2885,6.2885,6.2885,6.2885,6.2885,6.2885,6.2885,6.2885,6.2885,6.2885,6.2885,6.2885,6.2885,6.2885,6.2885,6.2885,6.2885,6.2885,6.2885,6.2885,6.2885,6.2885,6.2885,6.2885,6.2885,6.2885,6.2885,6.2885,6.2885,6.2885,6.2885,6.2885,6.2885,6.2885,6.2885,6.2885,6.2885,6.2885,6.2885,6.2885,6.2885,6.2885,6.2885,6.2885,6.2885,6.2885,6.2885,6.2885,6.2885,6.2885,6.2885,6.2885,6.2885,6.2885,6.2885,6.2885,6.2885,6.2885,6.2885,6.2885,6.2885,6.2885,6.2885,6.2885,6.2885,6.2885,6.2885,6.2885,6.2885,6.2885,6.2885,6.2885,6.2885,6.2885,6.2885,6.2885,6.2885,6.2885,6.2885,6.2885,6.2885,6.2885,6.2885,6.2885,6.2885,6.2885,6.2885,6.2885,6.2885,6.2885,6.2885,6.2885,6.2885,6.2885,6.2885,6.2885,6.2885,6.2885,6.2885,6.2885,6.2885,6.2885,6.2885,6.2885,6.2885,6.2885,6.2885,6.2885,6.2885,6.2885,6.2885,6.2885,6.2885,6.2885,6.2885,6.2885,6.2885,6.2885,6.2885,6.2885,6.2885,6.2885,6.2885,6.2885,6.2885,6.2885,6.2885,6.2885,6.2885,6.2885,6.2885,6.2885,6.2885,6.2885,6.2885,6.2885,6.2885,6.2885,6.2885,6.2885,6.2885,6.2885,6.2885,6.2885,6.2885,6.2885,6.2885,6.2885,6.2885,6.2885,6.2885,6.2885,6.2885
6.2840,6.2840,6.2840,6.2840,6.2840,6.2840,6.2840,6.2840,6.2840,6.2840,6.2840,6.2840,6.2840,6.2840,6.2840,6.2840,6.2840,6.2840,6.2840,6.2840,6.2840,6.2840,6.2840,6.2840,6.2840,6.2840,6.2840,6.2840,6.2840,6.2840,6.2840,6.2840,6.2840,6.2840,6.2840,6.2840,6.2840,6.2840,6.2840,6.2840,6.2840,6.2840,6.2840,6.2840,6.2840,6.2840,6.2840,6.2840,6.2840,6.2840,6.2840,6.2840,6.2840,6.2840,6.2840,6.2840,6.2840,6.2840,6.2840,6.2840,6.2840,6.2840,6.2840,6.2840,6.2840,6.2840,6.2840,6.2840,6.2840,6.2840,6.2840,6.2840,6.2840,6.2840,6.2840,6.2840,6.2840,6.2840,6.2840,6.2840,6.2840,6.2840,6.2840,6.2840,6.2840,6.2840,6.2840,6.2840,6.2840,6.2840,6.2840,6.2840,6.2840,6.2840,6.2840,6.2840,6.2840,6.2840,6.2840,6.2840,6.2840,6.2840,6.2840,6.2840,6.2840,6.2840,6.2840,6.2840,6.2840,6.2840,6.2840,6.2840,6.2840,6.2840,6.2840,6.2840,6.2840,6.2840,6.2840,6.2840,6.2840,6.2840,6.2840,6.2840,6.2840,6.2840,6.2840,6.2840,6.2840,6.2840,6.2840,6.2840,6.2840,6.2840,6.2840,6.2840,6.2840,6.2840,6.2840,6.2840,6.2840,6.2840,6.2840,6.2840,6.2840,6.2840,6.2840,6.2840,6.2840,6.2840,6.2840,6.2840,6.2840,6.2840,6.2840,6.2840,6.2840,6.2840,6.2840,6.2840,6.2840,6.2840,6.2840,6.2840,6.2840,6.2840,6.2840,6.2840,6.2840,6.2840,6.2840,6.2840,6.2840,6.2840,6.2840,6.2840,6.2840,6.2840,6.2840,6.2840,6.2840,6.2840,6.2840,6.2840,6.2840,6.2840,6.2840,6.2840,6.2840,6.2840,6.2840,6.2840,6.2840,6.2840,6.2840,6.2840,6.2840,6.2840,6.2840,6.2840,6.2840,6.2840,6.2840,6.2840,6.2840,6.2840,6.2840,6.2840,6.2840,6.2840,6.2840,6.2840,6.2840,6.2840,6.2840,6.2840,6.2840,6.2840,6.2840,6.2840,6.2840,6.2840,6.2840,6.2840,6.2840,6.2840,6.2840,6.2840,6.2840,6.2840,6.2840,6.2840,6.2840,6.2840,6.2840,6.2840,6.2840,6.2840,6.2840,6.2840,6.2840,6.2840,6.2840,6.2840,6.2840,6.2840,6.2840,6.2840,6.2840,6.2840,6.2840,6.2840,6.2840,6.2840,6.2840,6.2840,6.2840,6.2840,6.2840,6.2840,6.2840,6.2840,6.2840,6.2840,6.2840,6.2840,6.2840,6.2840,6.2840,6.2840,6.2840,6.2840,6.2840,6.2840,6.2840,6.2840,6.2840,6.2840,6.2840,6.2840,6.2840,6.2840,6.2840,6.2840,6.2840,6.2840,6.2840,6.2840,6.2840,6.2840,6.2840,6.2840,6.2840,6.2840,6.2840,6.2840,6.2840,6.2840,6.2840,6.2840,6.2840,6.2840,6.2840,6.2840,6.2840,6.2840,6.2840,6.2840,6.2840,6.2840,6.2840,6.2840,6.2840,6.2840,6.2840,6.2840,6.2840,6.2840,6.2840,6.2840,6.2840,6.2840,6.2840,6.2840,6.2840,6.2840,6.2840,6.2840,6.2840,6.2840,6.2840,6.2840,6.2840,6.2840,6.2840,6.2840,6.2840,6.2840,6.2840,6.2840,6.2840,6.2840,6.2840,6.2840,6.2840,6.2840,6.2840,6.2840,6.2840,6.2840,6.2840,6.2840,6.2840,6.2840,6.2840,6.2840,6.2840,6.2840,6.2840,6.2840,6.2840,6.2840,6.2840,6.2840,6.2840,6.2840,6.2840,6.2840,6.2840,6.2840,6.2840,6.2840,6.2840,6.2840,6.2840,6.2840,6.2840,6.2840,6.2840,6.2840,6.2840,6.2840,6.2840,6.2840,6.2840,6.2840,6.2840,6.2840,6.2840,6.2840,6.2840,6.2840,6.2840,6.2840,6.2840,6.2840,6.2840,6.2840,6.2840,6.2840,6.2840,6.2840,6.2840,6.2840,6.2840,6.2840,6.2840,6.2840,6.2840,6.2840,6.2840,6.2840,6.2840,6.2840,6.2840,6.2840,6.2840,6.2840,6.2840,6.2840,6.2840,6.2840,6.2840,6.2840,6.2840,6.2840,6.2840,6.2840,6.2840,6.2840,6.2840,6.2840,6.2840,6.2840,6.2840,6.2840,6.2840,6.2840,6.2840,6.2840,6.2840,6.2840,6.2840,6.2840,6.2840,6.2840,6.2840,6.2840,6.2840,6.2840,6.2840,6.2840,6.2840,6.2840,6.2840,6.2840,6.2840,6.2840,6.2840,6.2840,6.2840,6.2840,6.2840,6.2840,6.2840,6.2840,6.2840,6.2840,6.2840,6.2840,6.2840,6.2840,6.2840,6.2840,6.2840,6.2840,6.2840,6.2840,6.2840,6.2840,6.2840,6.2840,6.2840,6.2840,6.2840,6.2840,6.2840,6.2840,6.2840,6.2840,6.2840,6.2840,6.2840,6.2840,6.2840,6.2840,6.2840,6.2840,6.2840,6.2840,6.2840,6.2840,6.2840,6.2840,6.2840,6.2840,6.2840,6.2840,6.2840,6.2840,6.2840,6.2840,6.2840,6.2840,6.2840,6.2840,6.2840,6.2840,6.2840,6.2840,6.2840,6.2840,6.2840,6.2840,6.2840,6.2840,6.2840,6.2840,6.2840,6.2840,6.2840,6.2840,6.2840,6.2840,6.2840,6.2840,6.2840,6.2840,6.2840,6.2840,6.2840,6.2840,6.2840,6.2840,6.2840,6.2840,6.2840,6.2840,6.2840,6.2840,6.2840,6.2840,6.2840,6.2840,6.2840,6.2840,6.2840,6.2840,6.2840,6.2840,6.2840,6.2840,6.2840,6.2840,6.2840,6.2840,6.2840,6.2840,6.2840,6.2840,6.2840,6.2840,6.2840,6.2840,6.2840,6.2840,6.2840,6.2840,6.2840,6.2840,6.2840,6.2840,6.2840,6.2840,6.2840,6.2840,6.2840,6.2840,6.2840,6.2840,6.2840,6.2840,6.2840,6.2840,6.2840,6.2840,6.2840,6.2840,6.2840,6.2840,6.2840,6.2840,6.2840,6.2840,6.2840,6.2840,6.2840,6.2840,6.2840,6.2840,6.2840,6.2840,6.2840,6.2840,6.2840,6.2840,6.2840,6.2840,6.2840,6.2840,6.2840,6.2840,6.2840,6.2840,6.2840,6.2840,6.2840,6.2840,6.2840,6.2840,6.2840,6.2840,6.2840,6.2840,6.2840,6.2840,6.2840,6.2840,6.2840,6.2840,6.2840,6.2840,6.2840,6.2840,6.2840,6.2840,6.2840,6.2840,6.2840,6.2840,6.2840,6.2840,6.2840,6.2840,6.2840,6.2840,6.2840,6.2840,6.2840,6.2840,6.2840,6.2840,6.2840,6.2840,6.2840,6.2840,6.2840,6.2840,6.2840,6.2840,6.2840,6.2840,6.2840,6.2840,6.2840,6.2840,6.2840,6.2840,6.2840,6.2840,6.2840,6.2840,6.2840,6.2840,6.2840,6.2840,6.2840,6.2840,6.2840,6.2840,6.2840,6.2840,6.2840,6.2840,6.2840,6.2840,6.2840,6.2840,6.2840,6.2840,6.2840,6.2840,6.2840,6.2840,6.2840,6.2840,6.2840,6.2840,6.2840,6.2840,6.2840,6.2840,6.2840,6.2840,6.2840,6.2840,6.2840,6.2840,6.2840,6.2840,6.2840,6.2840,6.2840,6.2840,6.2840,6.2840,6.2840,6.2840,6.2840,6.2840,6.2840,6.2840,6.2840,6.2840,6.2840,6.2840,6.2840,6.2840,6.2840,6.2840,6.2840,6.2840,6.2840,6.2840,6.2840,6.2840,6.2840,6.2840,6.2840,6.2840,6.2840,6.2840,6.2840,6.2840,6.2840,6.2840,6.2840,6.2840,6.2840,6.2840,6.2840,6.2840,6.2840,6.2840,6.2840,6.2840,6.2840,6.2840,6.2840,6.2840,6.2840,6.2840,6.2840,6.2840,6.2840,6.2840,6.2840,6.2840,6.2840,6.2840,6.2840,6.2840,6.2840,6.2840,6.2840,6.2840,6.2840,6.2840,6.2840,6.2840,6.2840,6.2840,6.2840,6.2840,6.2840,6.2840,6.2840,6.2840,6.2840,6.2840,6.2840,6.2840,6.2840,6.2840,6.2840,6.2840,6.2840,6.2840,6.2840,6.2840,6.2840,6.2840,6.2840,6.2840,6.2840,6.2840,6.2840,6.2840,6.2840,6.2840,6.2840,6.2840,6.2840,6.2840,6.2840,6.2840,6.2840,6.2840,6.2840,6.2840,6.2840,6.2840,6.2840,6.2840,6.2840,6.2840,6.2840,6.2840,6.2840,6.2840,6.2840,6.2840,6.2840,6.2840,6.2840,6.2840,6.2840,6.2840,6.2840,6.2840,6.2840,6.2840,6.2840,6.2840,6.2840,6.2840,6.2840,6.2840,6.2840,6.2840,6.2840,6.2840,6.2840,6.2840,6.2840,6.2840,6.2840,6.2840,6.2840,6.2840,6.2840,6.2840,6.2840,6.2840,6.2840,6.2840,6.2840,6.2840,6.2840,6.2840,6.2840,6.2840,6.2840,6.2840,6.2840,6.2840,6.2840,6.2840,6.2840,6.2840,6.2840,6.2840,6.2840,6.2840,6.2840,6.2840,6.2840,6.2840,6.2840,6.2840,6.2840,6.2840,6.2840,6.2840,6.2840,6.2840,6.2840,6.2840,6.2840,6.2840,6.2840,6.2840,6.2840,6.2840,6.2840,6.2840,6.2840,6.2840,6.2840,6.2840,6.2840,6.2840,6.2840,6.2840,6.2840,6.2840,6.2840,6.2840,6.2840,6.2840,6.2840,6.2840,6.2840,6.2840,6.2840,6.2840,6.2840,6.2840,6.2840,6.2840,6.2840,6.2840,6.2840,6.2840,6.2840,6.2840,6.2840,6.2840,6.2840,6.2840,6.2840,6.2840,6.2840,6.2840,6.2840,6.2840,6.2840,6.2840,6.2840,6.2840
6.2798,6.2798,6.2798,6.2798,6.2798,6.2798,6.2798,6.2798,6.2798,6.2798,6.2798,6.2798,6.2798,6.2798,6.2798,6.2798,6.2798,6.2798,6.2798,6.2798,6.2798,6.2798,6.2798,6.2798,6.2798,6.2798,6.2798,6.2798,6.2798,6.2798,6.2798,6.2798,6.2798,6.2798,6.2798,6.2798,6.2798,6.2798,6.2798,6.2798,6.2798,6.2798,6.2798,6.2798,6.2798,6.2798,6.2798,6.2798,6.2798,6.2798,6.2798,6.2798,6.2798,6.2798,6.2798,6.2798,6.2798,6.2798,6.2798,6.2798,6.2798,6.2798,6.2798,6.2798,6.2798,6.2798,6.2798,6.2798,6.2798,6.2798,6.2798,6.2798,6.2798,6.2798,6.2798,6.2798,6.2798,6.2798,6.2798,6.2798,6.2798,6.2798,6.2798,6.2798,6.2798,6.2798,6.2798,6.2798,6.2798,6.2798,6.2798,6.2798,6.2798,6.2798,6.2798,6.2798,6.2798,6.2798,6.2798,6.2798,6.2798,6.2798,6.2798,6.2798,6.2798,6.2798,6.2798,6.2798,6.2798,6.2798,6.2798,6.2798,6.2798,6.2798,6.2798,6.2798,6.2798,6.2798,6.2798,6.2798,6.2798,6.2798,6.2798,6.2798,6.2798,6.2798,6.2798,6.2798,6.2798,6.2798,6.2798,6.2798,6.2798,6.2798,6.2798,6.2798,6.2798,6.2798,6.2798,6.2798,6.2798,6.2798,6.2798,6.2798,6.2798,6.2798,6.2798,6.2798,6.2798,6.2798,6.2798,6.2798,6.2798,6.2798,6.2798,6.2798,6.2798,6.2798,6.2798,6.2798,6.2798,6.2798,6.2798,6.2798,6.2798,6.2798,6.2798,6.2798,6.2798,6.2798,6.2798,6.2798,6.2798,6.2798,6.2798,6.2798,6.2798,6.2798,6.2798,6.2798,6.2798,6.2798,6.2798,6.2798,6.2798,6.2798,6.2798,6.2798,6.2798,6.2798,6.2798,6.2798,6.2798,6.2798,6.2798,6.2798,6.2798,6.2798,6.2798,6.2798,6.2798,6.2798,6.2798,6.2798,6.2798,6.2798,6.2798,6.2798,6.2798,6.2798,6.2798,6.2798,6.2798,6.2798,6.2798,6.2798,6.2798,6.2798,6.2798,6.2798,6.2798,6.2798,6.2798,6.2798,6.2798,6.2798,6.2798,6.2798,6.2798,6.2798,6.2798,6.2798,6.2798,6.2798,6.2798,6.2798,6.2798,6.2798,6.2798,6.2798,6.2798,6.2798,6.2798,6.2798,6.2798,6.2798,6.2798,6.2798,6.2798,6.2798,6.2798,6.2798,6.2798,6.2798,6.2798,6.2798,6.2798,6.2798,6.2798,6.2798,6.2798,6.2798,6.2798,6.2798,6.2798,6.2798,6.2798,6.2798,6.2798,6.2798,6.2798,6.2798,6.2798,6.2798,6.2798,6.2798,6.2798,6.2798,6.2798,6.2798,6.2798,6.2798,6.2798,6.2798,6.2798,6.2798,6.2798,6.2798,6.2798,6.2798,6.2798,6.2798,6.2798,6.2798,6.2798,6.2798,6.2798,6.2798,6.2798,6.2798,6.2798,6.2798,6.2798,6.2798,6.2798,6.2798,6.2798,6.2798,6.2798,6.2798,6.2798,6.2798,6.2798,6.2798,6.2798,6.2798,6.2798,6.2798,6.2798,6.2798,6.2798,6.2798,6.2798,6.2798,6.2798,6.2798,6.2798,6.2798,6.2798,6.2798,6.2798,6.2798,6.2798,6.2798,6.2798,6.2798,6.2798,6.2798,6.2798,6.2798,6.2798,6.2798,6.2798,6.2798,6.2798,6.2798,6.2798,6.2798,6.2798,6.2798,6.2798,6.2798,6.2798,6.2798,6.2798,6.2798,6.2798,6.2798,6.2798,6.2798,6.2798,6.2798,6.2798,6.2798,6.2798,6.2798,6.2798,6.2798,6.2798,6.2798,6.2798,6.2798,6.2798,6.2798,6.2798,6.2798,6.2798,6.2798,6.2798,6.2798,6.2798,6.2798,6.2798,6.2798,6.2798,6.2798,6.2798,6.2798,6.2798,6.2798,6.2798,6.2798,6.2798,6.2798,6.2798,6.2798,6.2798,6.2798,6.2798,6.2798,6.2798,6.2798,6.2798,6.2798,6.2798,6.2798,6.2798,6.2798,6.2798,6.2798,6.2798,6.2798,6.2798,6.2798,6.2798,6.2798,6.2798,6.2798,6.2798,6.2798,6.2798,6.2798,6.2798,6.2798,6.2798,6.2798,6.2798,6.2798,6.2798,6.2798,6.2798,6.2798,6.2798,6.2798,6.2798,6.2798,6.2798,6.2798,6.2798,6.2798,6.2798,6.2798,6.2798,6.2798,6.2798,6.2798,6.2798,6.2798,6.2798,6.2798,6.2798,6.2798,6.2798,6.2798,6.2798,6.2798,6.2798,6.2798,6.2798,6.2798,6.2798,6.2798,6.2798,6.2798,6.2798,6.2798,6.2798,6.2798,6.2798,6.2798,6.2798,6.2798,6.2798,6.2798,6.2798,6.2798,6.2798,6.2798,6.2798,6.2798,6.2798,6.2798,6.2798,6.2798,6.2798,6.2798,6.2798,6.2798,6.2798,6.2798,6.2798,6.2798,6.2798,6.2798,6.2798,6.2798,6.2798,6.2798,6.2798,6.2798,6.2798,6.2798,6.2798,6.2798,6.2798,6.2798,6.2798,6.2798,6.2798,6.2798,6.2798,6.2798,6.2798,6.2798,6.2798,6.2798,6.2798,6.2798,6.2798,6.2798,6.2798,6.2798,6.2798,6.2798,6.2798,6.2798,6.2798,6.2798,6.2798,6.2798,6.2798,6.2798,6.2798,6.2798,6.2798,6.2798,6.2798,6.2798,6.2798,6.2798,6.2798,6.2798,6.2798,6.2798,6.2798,6.2798,6.2798,6.2798,6.2798,6.2798,6.2798,6.2798,6.2798,6.2798,6.2798,6.2798,6.2798,6.2798,6.2798,6.2798,6.2798,6.2798,6.2798,6.2798,6.2798,6.2798,6.2798,6.2798,6.2798,6.2798,6.2798,6.2798,6.2798,6.2798,6.2798,6.2798,6.2798,6.2798,6.2798,6.2798,6.2798,6.2798,6.2798,6.2798,6.2798,6.2798,6.2798,6.2798,6.2798,6.2798,6.2798,6.2798,6.2798,6.2798,6.2798,6.2798,6.2798,6.2798,6.2798,6.2798,6.2798,6.2798,6.2798,6.2798,6.2798,6.2798,6.2798,6.2798,6.2798,6.2798,6.2798,6.2798,6.2798,6.2798,6.2798,6.2798,6.2798,6.2798,6.2798,6.2798,6.2798,6.2798,6.2798,6.2798,6.2798,6.2798,6.2798,6.2798,6.2798,6.2798,6.2798,6.2798,6.2798,6.2798,6.2798,6.2798,6.2798,6.2798,6.2798,6.2798,6.2798,6.2798,6.2798,6.2798,6.2798,6.2798,6.2798,6.2798,6.2798,6.2798,6.2798,6.2798,6.2798,6.2798,6.2798,6.2798,6.2798,6.2798,6.2798,6.2798,6.2798,6.2798,6.2798,6.2798,6.2798,6.2798,6.2798,6.2798,6.2798,6.2798,6.2798,6.2798,6.2798,6.2798,6.2798,6.2798,6.2798,6.2798,6.2798,6.2798,6.2798,6.2798,6.2798,6.2798,6.2798,6.2798,6.2798,6.2798,6.2798,6.2798,6.2798,6.2798,6.2798,6.2798,6.2798,6.2798,6.2798,6.2798,6.2798,6.2798,6.2798,6.2798,6.2798,6.2798,6.2798,6.2798,6.2798,6.2798,6.2798,6.2798,6.2798,6.2798,6.2798,6.2798,6.2798,6.2798,6.2798,6.2798,6.2798,6.2798,6.2798,6.2798,6.2798,6.2798,6.2798,6.2798,6.2798,6.2798,6.2798,6.2798,6.2798,6.2798,6.2798,6.2798,6.2798,6.2798,6.2798,6.2798,6.2798,6.2798,6.2798,6.2798,6.2798,6.2798,6.2798,6.2798,6.2798,6.2798,6.2798,6.2798,6.2798,6.2798,6.2798,6.2798,6.2798,6.2798,6.2798,6.2798,6.2798,6.2798,6.2798,6.2798,6.2798,6.2798,6.2798,6.2798,6.2798,6.2798,6.2798,6.2798,6.2798,6.2798,6.2798,6.2798,6.2798,6.2798,6.2798,6.2798,6.2798,6.2798,6.2798,6.2798,6.2798,6.2798,6.2798,6.2798,6.2798,6.2798,6.2798,6.2798,6.2798,6.2798,6.2798,6.2798,6.2798,6.2798,6.2798,6.2798,6.2798,6.2798,6.2798,6.2798,6.2798,6.2798,6.2798,6.2798,6.2798,6.2798,6.2798,6.2798,6.2798,6.2798,6.2798,6.2798,6.2798,6.2798,6.2798,6.2798,6.2798,6.2798,6.2798,6.2798,6.2798,6.2798,6.2798,6.2798,6.2798,6.2798,6.2798,6.2798,6.2798,6.2798,6.2798,6.2798,6.2798,6.2798,6.2798,6.2798,6.2798,6.2798,6.2798,6.2798,6.2798,6.2798,6.2798,6.2798,6.2798,6.2798,6.2798,6.2798,6.2798,6.2798,6.2798,6.2798,6.2798,6.2798,6.2798,6.2798,6.2798,6.2798,6.2798,6.2798,6.2798,6.2798,6.2798,6.2798,6.2798,6.2798,6.2798,6.2798,6.2798,6.2798,6.2798,6.2798,6.2798,6.2798,6.2798,6.2798,6.2798,6.2798,6.2798,6.2798,6.2798,6.2798,6.2798,6.2798,6.2798,6.2798,6.2798,6.2798,6.2798,6.2798,6.2798,6.2798,6.2798,6.2798,6.2798,6.2798,6.2798,6.2798,6.2798,6.2798,6.2798,6.2798,6.2798,6.2798,6.2798,6.2798,6.2798,6.2798,6.2798,6.2798,6.2798,6.2798,6.2798,6.2798,6.2798,6.2798,6.2798,6.2798,6.2798,6.2798,6.2798,6.2798,6.2798,6.2798,6.2798,6.2798,6.2798,6.2798,6.2798,6.2798,6.2798,6.2798,6.2798,6.2798,6.2798,6.2798,6.2798,6.2798,6.2798,6.2798,6.2798,6.2798,6.2798,6.2798,6.2798,6.2798,6.2798,6.2798,6.2798,6.2798,6.2798,6.2798,6.2798,6.2798,6.2798,6.2798,6.2798,6.2798
6.2753,6.2753,6.2753,6.2753,6.2753,6.2753,6.2753,6.2753,6.2753,6.2753,6.2753,6.2753,6.2753,6.2753,6.2753,6.2753,6.2753,6.2753,6.2753,6.2753,6.2753,6.2753,6.2753,6.2753,6.2753,6.2753,6.2753,6.2753,6.2753,6.2753,6.2753,6.2753,6.2753,6.2753,6.2753,6.2753,6.2753,6.2753,6.2753,6.2753,6.2753,6.2753,6.2753,6.2753,6.2753,6.2753,6.2753,6.2753,6.2753,6.2753,6.2753,6.2753,6.2753,6.2753,6.2753,6.2753,6.2753,6.2753,6.2753,6.2753,6.2753,6.2753,6.2753,6.2753,6.2753,6.2753,6.2753,6.2753,6.2753,6.2753,6.2753,6.2753,6.2753,6.2753,6.2753,6.2753,6.2753,6.2753,6.2753,6.2753,6.2753,6.2753,6.2753,6.2753,6.2753,6.2753,6.2753,6.2753,6.2753,6.2753,6.2753,6.2753,6.2753,6.2753,6.2753,6.2753,6.2753,6.2753,6.2753,6.2753,6.2753,6.2753,6.2753,6.2753,6.2753,6.2753,6.2753,6.2753,6.2753,6.2753,6.2753,6.2753,6.2753,6.2753,6.2753,6.2753,6.2753,6.2753,6.2753,6.2753,6.2753,6.2753,6.2753,6.2753,6.2753,6.2753,6.2753,6.2753,6.2753,6.2753,6.2753,6.2753,6.2753,6.2753,6.2753,6.2753,6.2753,6.2753,6.2753,6.2753,6.2753,6.2753,6.2753,6.2753,6.2753,6.2753,6.2753,6.2753,6.2753,6.2753,6.2753,6.2753,6.2753,6.2753,6.2753,6.2753,6.2753,6.2753,6.2753,6.2753,6.2753,6.2753,6.2753,6.2753,6.2753,6.2753,6.2753,6.2753,6.2753,6.2753,6.2753,6.2753,6.2753,6.2753,6.2753,6.2753,6.2753,6.2753,6.2753,6.2753,6.2753,6.2753,6.2753,6.2753,6.2753,6.2753,6.2753,6.2753,6.2753,6.2753,6.2753,6.2753,6.2753,6.2753,6.2753,6.2753,6.2753,6.2753,6.2753,6.2753,6.2753,6.2753,6.2753,6.2753,6.2753,6.2753,6.2753,6.2753,6.2753,6.2753,6.2753,6.2753,6.2753,6.2753,6.2753,6.2753,6.2753,6.2753,6.2753,6.2753,6.2753,6.2753,6.2753,6.2753,6.2753,6.2753,6.2753,6.2753,6.2753,6.2753,6.2753,6.2753,6.2753,6.2753,6.2753,6.2753,6.2753,6.2753,6.2753,6.2753,6.2753,6.2753,6.2753,6.2753,6.2753,6.2753,6.2753,6.2753,6.2753,6.2753,6.2753,6.2753,6.2753,6.2753,6.2753,6.2753,6.2753,6.2753,6.2753,6.2753,6.2753,6.2753,6.2753,6.2753,6.2753,6.2753,6.2753,6.2753,6.2753,6.2753,6.2753,6.2753,6.2753,6.2753,6.2753,6.2753,6.2753,6.2753,6.2753,6.2753,6.2753,6.2753,6.2753,6.2753,6.2753,6.2753,6.2753,6.2753,6.2753,6.2753,6.2753,6.2753,6.2753,6.2753,6.2753,6.2753,6.2753,6.2753,6.2753,6.2753,6.2753,6.2753,6.2753,6.2753,6.2753,6.2753,6.2753,6.2753,6.2753,6.2753,6.2753,6.2753,6.2753,6.2753,6.2753,6.2753,6.2753,6.2753,6.2753,6.2753,6.2753,6.2753,6.2753,6.2753,6.2753,6.2753,6.2753,6.2753,6.2753,6.2753,6.2753,6.2753,6.2753,6.2753,6.2753,6.2753,6.2753,6.2753,6.2753,6.2753,6.2753,6.2753,6.2753,6.2753,6.2753,6.2753,6.2753,6.2753,6.2753,6.2753,6.2753,6.2753,6.2753,6.2753,6.2753,6.2753,6.2753,6.2753,6.2753,6.2753,6.2753,6.2753,6.2753,6.2753,6.2753,6.2753,6.2753,6.2753,6.2753,6.2753,6.2753,6.2753,6.2753,6.2753,6.2753,6.2753,6.2753,6.2753,6.2753,6.2753,6.2753,6.2753,6.2753,6.2753,6.2753,6.2753,6.2753,6.2753,6.2753,6.2753,6.2753,6.2753,6.2753,6.2753,6.2753,6.2753,6.2753,6.2753,6.2753,6.2753,6.2753,6.2753,6.2753,6.2753,6.2753,6.2753,6.2753,6.2753,6.2753,6.2753,6.2753,6.2753,6.2753,6.2753,6.2753,6.2753,6.2753,6.2753,6.2753,6.2753,6.2753,6.2753,6.2753,6.2753,6.2753,6.2753,6.2753,6.2753,6.2753,6.2753,6.2753,6.2753,6.2753,6.2753,6.2753,6.2753,6.2753,6.2753,6.2753,6.2753,6.2753,6.2753,6.2753,6.2753,6.2753,6.2753,6.2753,6.2753,6.2753,6.2753,6.2753,6.2753,6.2753,6.2753,6.2753,6.2753,6.2753,6.2753,6.2753,6.2753,6.2753,6.2753,6.2753,6.2753,6.2753,6.2753,6.2753,6.2753,6.2753,6.2753,6.2753,6.2753,6.2753,6.2753,6.2753,6.2753,6.2753,6.2753,6.2753,6.2753,6.2753,6.2753,6.2753,6.2753,6.2753,6.2753,6.2753,6.2753,6.2753,6.2753,6.2753,6.2753,6.2753,6.2753,6.2753,6.2753,6.2753,6.2753,6.2753,6.2753,6.2753,6.2753,6.2753,6.2753,6.2753,6.2753,6.2753,6.2753,6.2753,6.2753,6.2753,6.2753,6.2753,6.2753,6.2753,6.2753,6.2753,6.2753,6.2753,6.2753,6.2753,6.2753,6.2753,6.2753,6.2753,6.2753,6.2753,6.2753,6.2753,6.2753,6.2753,6.2753,6.2753,6.2753,6.2753,6.2753,6.2753,6.2753,6.2753,6.2753,6.2753,6.2753,6.2753,6.2753,6.2753,6.2753,6.2753,6.2753,6.2753,6.2753,6.2753,6.2753,6.2753,6.2753,6.2753,6.2753,6.2753,6.2753,6.2753,6.2753,6.2753,6.2753,6.2753,6.2753,6.2753,6.2753,6.2753,6.2753,6.2753,6.2753,6.2753,6.2753,6.2753,6.2753,6.2753,6.2753,6.2753,6.2753,6.2753,6.2753,6.2753,6.2753,6.2753,6.2753,6.2753,6.2753,6.2753,6.2753,6.2753,6.2753,6.2753,6.2753,6.2753,6.2753,6.2753,6.2753,6.2753,6.2753,6.2753,6.2753,6.2753,6.2753,6.2753,6.2753,6.2753,6.2753,6.2753,6.2753,6.2753,6.2753,6.2753,6.2753,6.2753,6.2753,6.2753,6.2753,6.2753,6.2753,6.2753,6.2753,6.2753,6.2753,6.2753,6.2753,6.2753,6.2753,6.2753,6.2753,6.2753,6.2753,6.2753,6.2753,6.2753,6.2753,6.2753,6.2753,6.2753,6.2753,6.2753,6.2753,6.2753,6.2753,6.2753,6.2753,6.2753,6.2753,6.2753,6.2753,6.2753,6.2753,6.2753,6.2753,6.2753,6.2753,6.2753,6.2753,6.2753,6.2753,6.2753,6.2753,6.2753,6.2753,6.2753,6.2753,6.2753,6.2753,6.2753,6.2753,6.2753,6.2753,6.2753,6.2753,6.2753,6.2753,6.2753,6.2753,6.2753,6.2753,6.2753,6.2753,6.2753,6.2753,6.2753,6.2753,6.2753,6.2753,6.2753,6.2753,6.2753,6.2753,6.2753,6.2753,6.2753,6.2753,6.2753,6.2753,6.2753,6.2753,6.2753,6.2753,6.2753,6.2753,6.2753,6.2753,6.2753,6.2753,6.2753,6.2753,6.2753,6.2753,6.2753,6.2753,6.2753,6.2753,6.2753,6.2753,6.2753,6.2753,6.2753,6.2753,6.2753,6.2753,6.2753,6.2753,6.2753,6.2753,6.2753,6.2753,6.2753,6.2753,6.2753,6.2753,6.2753,6.2753,6.2753,6.2753,6.2753,6.2753,6.2753,6.2753,6.2753,6.2753,6.2753,6.2753,6.2753,6.2753,6.2753,6.2753,6.2753,6.2753,6.2753,6.2753,6.2753,6.2753,6.2753,6.2753,6.2753,6.2753,6.2753,6.2753,6.2753,6.2753,6.2753,6.2753,6.2753,6.2753,6.2753,6.2753,6.2753,6.2753,6.2753,6.2753,6.2753,6.2753,6.2753,6.2753,6.2753,6.2753,6.2753,6.2753,6.2753,6.2753,6.2753,6.2753,6.2753,6.2753,6.2753,6.2753,6.2753,6.2753,6.2753,6.2753,6.2753,6.2753,6.2753,6.2753,6.2753,6.2753,6.2753,6.2753,6.2753,6.2753,6.2753,6.2753,6.2753,6.2753,6.2753,6.2753,6.2753,6.2753,6.2753,6.2753,6.2753,6.2753,6.2753,6.2753,6.2753,6.2753,6.2753,6.2753,6.2753,6.2753,6.2753,6.2753,6.2753,6.2753,6.2753,6.2753,6.2753,6.2753,6.2753,6.2753,6.2753,6.2753,6.2753,6.2753,6.2753,6.2753,6.2753,6.2753,6.2753,6.2753,6.2753,6.2753,6.2753,6.2753,6.2753,6.2753,6.2753,6.2753,6.2753,6.2753,6.2753,6.2753,6.2753,6.2753,6.2753,6.2753,6.2753,6.2753,6.2753,6.2753,6.2753,6.2753,6.2753,6.2753,6.2753,6.2753,6.2753,6.2753,6.2753,6.2753,6.2753,6.2753,6.2753,6.2753,6.2753,6.2753,6.2753,6.2753,6.2753,6.2753,6.2753,6.2753,6.2753,6.2753,6.2753,6.2753,6.2753,6.2753,6.2753,6.2753,6.2753,6.2753,6.2753,6.2753,6.2753,6.2753,6.2753,6.2753,6.2753,6.2753,6.2753,6.2753,6.2753,6.2753,6.2753,6.2753,6.2753,6.2753,6.2753,6.2753,6.2753,6.2753,6.2753,6.2753,6.2753,6.2753,6.2753,6.2753,6.2753,6.2753,6.2753,6.2753,6.2753,6.2753,6.2753,6.2753,6.2753,6.2753,6.2753,6.2753,6.2753,6.2753,6.2753,6.2753,6.2753,6.2753,6.2753,6.2753,6.2753,6.2753,6.2753,6.2753,6.2753,6.2753,6.2753,6.2753,6.2753,6.2753,6.2753,6.2753,6.2753,6.2753,6.2753,6.2753,6.2753,6.2753,6.2753,6.2753
6.2709,6.2709,6.2709,6.2709,6.2709,6.2709,6.2709,6.2709,6.2709,6.2709,6.2709,6.2709,6.2709,6.2709,6.2709,6.2709,6.2709,6.2709,6.2709,6.2709,6.2709,6.2709,6.2709,6.2709,6.2709,6.2709,6.2709,6.2709,6.2709,6.2709,6.2709,6.2709,6.2709,6.2709,6.2709,6.2709,6.2709,6.2709,6.2709,6.2709,6.2709,6.2709,6.2709,6.2709,6.2709,6.2709,6.2709,6.2709,6.2709,6.2709,6.2709,6.2709,6.2709,6.2709,6.2709,6.2709,6.2709,6.2709,6.2709,6.2709,6.2709,6.2709,6.2709,6.2709,6.2709,6.2709,6.2709,6.2709,6.2709,6.2709,6.2709,6.2709,6.2709,6.2709,6.2709,6.2709,6.2709,6.2709,6.2709,6.2709,6.2709,6.2709,6.2709,6.2709,6.2709,6.2709,6.2709,6.2709,6.2709,6.2709,6.2709,6.2709,6.2709,6.2709,6.2709,6.2709,6.2709,6.2709,6.2709,6.2709,6.2709,6.2709,6.2709,6.2709,6.2709,6.2709,6.2709,6.2709,6.2709,6.2709,6.2709,6.2709,6.2709,6.2709,6.2709,6.2709,6.2709,6.2709,6.2709,6.2709,6.2709,6.2709,6.2709,6.2709,6.2709,6.2709,6.2709,6.2709,6.2709,6.2709,6.2709,6.2709,6.2709,6.2709,6.2709,6.2709,6.2709,6.2709,6.2709,6.2709,6.2709,6.2709,6.2709,6.2709,6.2709,6.2709,6.2709,6.2709,6.2709,6.2709,6.2709,6.2709,6.2709,6.2709,6.2709,6.2709,6.2709,6.2709,6.2709,6.2709,6.2709,6.2709,6.2709,6.2709,6.2709,6.2709,6.2709,6.2709,6.2709,6.2709,6.2709,6.2709,6.2709,6.2709,6.2709,6.2709,6.2709,6.2709,6.2709,6.2709,6.2709,6.2709,6.2709,6.2709,6.2709,6.2709,6.2709,6.2709,6.2709,6.2709,6.2709,6.2709,6.2709,6.2709,6.2709,6.2709,6.2709,6.2709,6.2709,6.2709,6.2709,6.2709,6.2709,6.2709,6.2709,6.2709,6.2709,6.2709,6.2709,6.2709,6.2709,6.2709,6.2709,6.2709,6.2709,6.2709,6.2709,6.2709,6.2709,6.2709,6.2709,6.2709,6.2709,6.2709,6.2709,6.2709,6.2709,6.2709,6.2709,6.2709,6.2709,6.2709,6.2709,6.2709,6.2709,6.2709,6.2709,6.2709,6.2709,6.2709,6.2709,6.2709,6.2709,6.2709,6.2709,6.2709,6.2709,6.2709,6.2709,6.2709,6.2709,6.2709,6.2709,6.2709,6.2709,6.2709,6.2709,6.2709,6.2709,6.2709,6.2709,6.2709,6.2709,6.2709,6.2709,6.2709,6.2709,6.2709,6.2709,6.2709,6.2709,6.2709,6.2709,6.2709,6.2709,6.2709,6.2709,6.2709,6.2709,6.2709,6.2709,6.2709,6.2709,6.2709,6.2709,6.2709,6.2709,6.2709,6.2709,6.2709,6.2709,6.2709,6.2709,6.2709,6.2709,6.2709,6.2709,6.2709,6.2709,6.2709,6.2709,6.2709,6.2709,6.2709,6.2709,6.2709,6.2709,6.2709,6.2709,6.2709,6.2709,6.2709,6.2709,6.2709,6.2709,6.2709,6.2709,6.2709,6.2709,6.2709,6.2709,6.2709,6.2709,6.2709,6.2709,6.2709,6.2709,6.2709,6.2709,6.2709,6.2709,6.2709,6.2709,6.2709,6.2709,6.2709,6.2709,6.2709,6.2709,6.2709,6.2709,6.2709,6.2709,6.2709,6.2709,6.2709,6.2709,6.2709,6.2709,6.2709,6.2709,6.2709,6.2709,6.2709,6.2709,6.2709,6.2709,6.2709,6.2709,6.2709,6.2709,6.2709,6.2709,6.2709,6.2709,6.2709,6.2709,6.2709,6.2709,6.2709,6.2709,6.2709,6.2709,6.2709,6.2709,6.2709,6.2709,6.2709,6.2709,6.2709,6.2709,6.2709,6.2709,6.2709,6.2709,6.2709,6.2709,6.2709,6.2709,6.2709,6.2709,6.2709,6.2709,6.2709,6.2709,6.2709,6.2709,6.2709,6.2709,6.2709,6.2709,6.2709,6.2709,6.2709,6.2709,6.2709,6.2709,6.2709,6.2709,6.2709,6.2709,6.2709,6.2709,6.2709,6.2709,6.2709,6.2709,6.2709,6.2709,6.2709,6.2709,6.2709,6.2709,6.2709,6.2709,6.2709,6.2709,6.2709,6.2709,6.2709,6.2709,6.2709,6.2709,6.2709,6.2709,6.2709,6.2709,6.2709,6.2709,6.2709,6.2709,6.2709,6.2709,6.2709,6.2709,6.2709,6.2709,6.2709,6.2709,6.2709,6.2709,6.2709,6.2709,6.2709,6.2709,6.2709,6.2709,6.2709,6.2709,6.2709,6.2709,6.2709,6.2709,6.2709,6.2709,6.2709,6.2709,6.2709,6.2709,6.2709,6.2709,6.2709,6.2709,6.2709,6.2709,6.2709,6.2709,6.2709,6.2709,6.2709,6.2709,6.2709,6.2709,6.2709,6.2709,6.2709,6.2709,6.2709,6.2709,6.2709,6.2709,6.2709,6.2709,6.2709,6.2709,6.2709,6.2709,6.2709,6.2709,6.2709,6.2709,6.2709,6.2709,6.2709,6.2709,6.2709,6.2709,6.2709,6.2709,6.2709,6.2709,6.2709,6.2709,6.2709,6.2709,6.2709,6.2709,6.2709,6.2709,6.2709,6.2709,6.2709,6.2709,6.2709,6.2709,6.2709,6.2709,6.2709,6.2709,6.2709,6.2709,6.2709,6.2709,6.2709,6.2709,6.2709,6.2709,6.2709,6.2709,6.2709,6.2709,6.2709,6.2709,6.2709,6.2709,6.2709,6.2709,6.2709,6.2709,6.2709,6.2709,6.2709,6.2709,6.2709,6.2709,6.2709,6.2709,6.2709,6.2709,6.2709,6.2709,6.2709,6.2709,6.2709,6.2709,6.2709,6.2709,6.2709,6.2709,6.2709,6.2709,6.2709,6.2709,6.2709,6.2709,6.2709,6.2709,6.2709,6.2709,6.2709,6.2709,6.2709,6.2709,6.2709,6.2709,6.2709,6.2709,6.2709,6.2709,6.2709,6.2709,6.2709,6.2709,6.2709,6.2709,6.2709,6.2709,6.2709,6.2709,6.2709,6.2709,6.2709,6.2709,6.2709,6.2709,6.2709,6.2709,6.2709,6.2709,6.2709,6.2709,6.2709,6.2709,6.2709,6.2709,6.2709,6.2709,6.2709,6.2709,6.2709,6.2709,6.2709,6.2709,6.2709,6.2709,6.2709,6.2709,6.2709,6.2709,6.2709,6.2709,6.2709,6.2709,6.2709,6.2709,6.2709,6.2709,6.2709,6.2709,6.2709,6.2709,6.2709,6.2709,6.2709,6.2709,6.2709,6.2709,6.2709,6.2709,6.2709,6.2709,6.2709,6.2709,6.2709,6.2709,6.2709,6.2709,6.2709,6.2709,6.2709,6.2709,6.2709,6.2709,6.2709,6.2709,6.2709,6.2709,6.2709,6.2709,6.2709,6.2709,6.2709,6.2709,6.2709,6.2709,6.2709,6.2709,6.2709,6.2709,6.2709,6.2709,6.2709,6.2709,6.2709,6.2709,6.2709,6.2709,6.2709,6.2709,6.2709,6.2709,6.2709,6.2709,6.2709,6.2709,6.2709,6.2709,6.2709,6.2709,6.2709,6.2709,6.2709,6.2709,6.2709,6.2709,6.2709,6.2709,6.2709,6.2709,6.2709,6.2709,6.2709,6.2709,6.2709,6.2709,6.2709,6.2709,6.2709,6.2709,6.2709,6.2709,6.2709,6.2709,6.2709,6.2709,6.2709,6.2709,6.2709,6.2709,6.2709,6.2709,6.2709,6.2709,6.2709,6.2709,6.2709,6.2709,6.2709,6.2709,6.2709,6.2709,6.2709,6.2709,6.2709,6.2709,6.2709,6.2709,6.2709,6.2709,6.2709,6.2709,6.2709,6.2709,6.2709,6.2709,6.2709,6.2709,6.2709,6.2709,6.2709,6.2709,6.2709,6.2709,6.2709,6.2709,6.2709,6.2709,6.2709,6.2709,6.2709,6.2709,6.2709,6.2709,6.2709,6.2709,6.2709,6.2709,6.2709,6.2709,6.2709,6.2709,6.2709,6.2709,6.2709,6.2709,6.2709,6.2709,6.2709,6.2709,6.2709,6.2709,6.2709,6.2709,6.2709,6.2709,6.2709,6.2709,6.2709,6.2709,6.2709,6.2709,6.2709,6.2709,6.2709,6.2709,6.2709,6.2709,6.2709,6.2709,6.2709,6.2709,6.2709,6.2709,6.2709,6.2709,6.2709,6.2709,6.2709,6.2709,6.2709,6.2709,6.2709,6.2709,6.2709,6.2709,6.2709,6.2709,6.2709,6.2709,6.2709,6.2709,6.2709,6.2709,6.2709,6.2709,6.2709,6.2709,6.2709,6.2709,6.2709,6.2709,6.2709,6.2709,6.2709,6.2709,6.2709,6.2709,6.2709,6.2709,6.2709,6.2709,6.2709,6.2709,6.2709,6.2709,6.2709,6.2709,6.2709,6.2709,6.2709,6.2709,6.2709,6.2709,6.2709,6.2709,6.2709,6.2709,6.2709,6.2709,6.2709,6.2709,6.2709,6.2709,6.2709,6.2709,6.2709,6.2709,6.2709,6.2709,6.2709,6.2709,6.2709,6.2709,6.2709,6.2709,6.2709,6.2709,6.2709,6.2709,6.2709,6.2709,6.2709,6.2709,6.2709,6.2709,6.2709,6.2709,6.2709,6.2709,6.2709,6.2709,6.2709,6.2709,6.2709,6.2709,6.2709,6.2709,6.2709,6.2709,6.2709,6.2709,6.2709,6.2709,6.2709,6.2709,6.2709,6.2709,6.2709,6.2709,6.2709,6.2709,6.2709,6.2709,6.2709,6.2709,6.2709,6.2709,6.2709,6.2709,6.2709,6.2709,6.2709,6.2709,6.2709,6.2709,6.2709,6.2709,6.2709,6.2709,6.2709,6.2709,6.2709,6.2709,6.2709,6.2709,6.2709,6.2709,6.2709,6.2709,6.2709,6.2709,6.2709,6.2709,6.2709,6.2709,6.2709,6.2709,6.2709,6.2709,6.2709
6.2664,6.2664,6.2664,6.2664,6.2664,6.2664,6.2664,6.2664,6.2664,6.2664,6.2664,6.2664,6.2664,6.2664,6.2664,6.2664,6.2664,6.2664,6.2664,6.2664,6.2664,6.2664,6.2664,6.2664,6.2664,6.2664,6.2664,6.2664,6.2664,6.2664,6.2664,6.2664,6.2664,6.2664,6.2664,6.2664,6.2664,6.2664,6.2664,6.2664,6.2664,6.2664,6.2664,6.2664,6.2664,6.2664,6.2664,6.2664,6.2664,6.2664,6.2664,6.2664,6.2664,6.2664,6.2664,6.2664,6.2664,6.2664,6.2664,6.2664,6.2664,6.2664,6.2664,6.2664,6.2664,6.2664,6.2664,6.2664,6.2664,6.2664,6.2664,6.2664,6.2664,6.2664,6.2664,6.2664,6.2664,6.2664,6.2664,6.2664,6.2664,6.2664,6.2664,6.2664,6.2664,6.2664,6.2664,6.2664,6.2664,6.2664,6.2664,6.2664,6.2664,6.2664,6.2664,6.2664,6.2664,6.2664,6.2664,6.2664,6.2664,6.2664,6.2664,6.2664,6.2664,6.2664,6.2664,6.2664,6.2664,6.2664,6.2664,6.2664,6.2664,6.2664,6.2664,6.2664,6.2664,6.2664,6.2664,6.2664,6.2664,6.2664,6.2664,6.2664,6.2664,6.2664,6.2664,6.2664,6.2664,6.2664,6.2664,6.2664,6.2664,6.2664,6.2664,6.2664,6.2664,6.2664,6.2664,6.2664,6.2664,6.2664,6.2664,6.2664,6.2664,6.2664,6.2664,6.2664,6.2664,6.2664,6.2664,6.2664,6.2664,6.2664,6.2664,6.2664,6.2664,6.2664,6.2664,6.2664,6.2664,6.2664,6.2664,6.2664,6.2664,6.2664,6.2664,6.2664,6.2664,6.2664,6.2664,6.2664,6.2664,6.2664,6.2664,6.2664,6.2664,6.2664,6.2664,6.2664,6.2664,6.2664,6.2664,6.2664,6.2664,6.2664,6.2664,6.2664,6.2664,6.2664,6.2664,6.2664,6.2664,6.2664,6.2664,6.2664,6.2664,6.2664,6.2664,6.2664,6.2664,6.2664,6.2664,6.2664,6.2664,6.2664,6.2664,6.2664,6.2664,6.2664,6.2664,6.2664,6.2664,6.2664,6.2664,6.2664,6.2664,6.2664,6.2664,6.2664,6.2664,6.2664,6.2664,6.2664,6.2664,6.2664,6.2664,6.2664,6.2664,6.2664,6.2664,6.2664,6.2664,6.2664,6.2664,6.2664,6.2664,6.2664,6.2664,6.2664,6.2664,6.2664,6.2664,6.2664,6.2664,6.2664,6.2664,6.2664,6.2664,6.2664,6.2664,6.2664,6.2664,6.2664,6.2664,6.2664,6.2664,6.2664,6.2664,6.2664,6.2664,6.2664,6.2664,6.2664,6.2664,6.2664,6.2664,6.2664,6.2664,6.2664,6.2664,6.2664,6.2664,6.2664,6.2664,6.2664,6.2664,6.2664,6.2664,6.2664,6.2664,6.2664,6.2664,6.2664,6.2664,6.2664,6.2664,6.2664,6.2664,6.2664,6.2664,6.2664,6.2664,6.2664,6.2664,6.2664,6.2664,6.2664,6.2664,6.2664,6.2664,6.2664,6.2664,6.2664,6.2664,6.2664,6.2664,6.2664,6.2664,6.2664,6.2664,6.2664,6.2664,6.2664,6.2664,6.2664,6.2664,6.2664,6.2664,6.2664,6.2664,6.2664,6.2664,6.2664,6.2664,6.2664,6.2664,6.2664,6.2664,6.2664,6.2664,6.2664,6.2664,6.2664,6.2664,6.2664,6.2664,6.2664,6.2664,6.2664,6.2664,6.2664,6.2664,6.2664,6.2664,6.2664,6.2664,6.2664,6.2664,6.2664,6.2664,6.2664,6.2664,6.2664,6.2664,6.2664,6.2664,6.2664,6.2664,6.2664,6.2664,6.2664,6.2664,6.2664,6.2664,6.2664,6.2664,6.2664,6.2664,6.2664,6.2664,6.2664,6.2664,6.2664,6.2664,6.2664,6.2664,6.2664,6.2664,6.2664,6.2664,6.2664,6.2664,6.2664,6.2664,6.2664,6.2664,6.2664,6.2664,6.2664,6.2664,6.2664,6.2664,6.2664,6.2664,6.2664,6.2664,6.2664,6.2664,6.2664,6.2664,6.2664,6.2664,6.2664,6.2664,6.2664,6.2664,6.2664,6.2664,6.2664,6.2664,6.2664,6.2664,6.2664,6.2664,6.2664,6.2664,6.2664,6.2664,6.2664,6.2664,6.2664,6.2664,6.2664,6.2664,6.2664,6.2664,6.2664,6.2664,6.2664,6.2664,6.2664,6.2664,6.2664,6.2664,6.2664,6.2664,6.2664,6.2664,6.2664,6.2664,6.2664,6.2664,6.2664,6.2664,6.2664,6.2664,6.2664,6.2664,6.2664,6.2664,6.2664,6.2664,6.2664,6.2664,6.2664,6.2664,6.2664,6.2664,6.2664,6.2664,6.2664,6.2664,6.2664,6.2664,6.2664,6.2664,6.2664,6.2664,6.2664,6.2664,6.2664,6.2664,6.2664,6.2664,6.2664,6.2664,6.2664,6.2664,6.2664,6.2664,6.2664,6.2664,6.2664,6.2664,6.2664,6.2664,6.2664,6.2664,6.2664,6.2664,6.2664,6.2664,6.2664,6.2664,6.2664,6.2664,6.2664,6.2664,6.2664,6.2664,6.2664,6.2664,6.2664,6.2664,6.2664,6.2664,6.2664,6.2664,6.2664,6.2664,6.2664,6.2664,6.2664,6.2664,6.2664,6.2664,6.2664,6.2664,6.2664,6.2664,6.2664,6.2664,6.2664,6.2664,6.2664,6.2664,6.2664,6.2664,6.2664,6.2664,6.2664,6.2664,6.2664,6.2664,6.2664,6.2664,6.2664,6.2664,6.2664,6.2664,6.2664,6.2664,6.2664,6.2664,6.2664,6.2664,6.2664,6.2664,6.2664,6.2664,6.2664,6.2664,6.2664,6.2664,6.2664,6.2664,6.2664,6.2664,6.2664,6.2664,6.2664,6.2664,6.2664,6.2664,6.2664,6.2664,6.2664,6.2664,6.2664,6.2664,6.2664,6.2664,6.2664,6.2664,6.2664,6.2664,6.2664,6.2664,6.2664,6.2664,6.2664,6.2664,6.2664,6.2664,6.2664,6.2664,6.2664,6.2664,6.2664,6.2664,6.2664,6.2664,6.2664,6.2664,6.2664,6.2664,6.2664,6.2664,6.2664,6.2664,6.2664,6.2664,6.2664,6.2664,6.2664,6.2664,6.2664,6.2664,6.2664,6.2664,6.2664,6.2664,6.2664,6.2664,6.2664,6.2664,6.2664,6.2664,6.2664,6.2664,6.2664,6.2664,6.2664,6.2664,6.2664,6.2664,6.2664,6.2664,6.2664,6.2664,6.2664,6.2664,6.2664,6.2664,6.2664,6.2664,6.2664,6.2664,6.2664,6.2664,6.2664,6.2664,6.2664,6.2664,6.2664,6.2664,6.2664,6.2664,6.2664,6.2664,6.2664,6.2664,6.2664,6.2664,6.2664,6.2664,6.2664,6.2664,6.2664,6.2664,6.2664,6.2664,6.2664,6.2664,6.2664,6.2664,6.2664,6.2664,6.2664,6.2664,6.2664,6.2664,6.2664,6.2664,6.2664,6.2664,6.2664,6.2664,6.2664,6.2664,6.2664,6.2664,6.2664,6.2664,6.2664,6.2664,6.2664,6.2664,6.2664,6.2664,6.2664,6.2664,6.2664,6.2664,6.2664,6.2664,6.2664,6.2664,6.2664,6.2664,6.2664,6.2664,6.2664,6.2664,6.2664,6.2664,6.2664,6.2664,6.2664,6.2664,6.2664,6.2664,6.2664,6.2664,6.2664,6.2664,6.2664,6.2664,6.2664,6.2664,6.2664,6.2664,6.2664,6.2664,6.2664,6.2664,6.2664,6.2664,6.2664,6.2664,6.2664,6.2664,6.2664,6.2664,6.2664,6.2664,6.2664,6.2664,6.2664,6.2664,6.2664,6.2664,6.2664,6.2664,6.2664,6.2664,6.2664,6.2664,6.2664,6.2664,6.2664,6.2664,6.2664,6.2664,6.2664,6.2664,6.2664,6.2664,6.2664,6.2664,6.2664,6.2664,6.2664,6.2664,6.2664,6.2664,6.2664,6.2664,6.2664,6.2664,6.2664,6.2664,6.2664,6.2664,6.2664,6.2664,6.2664,6.2664,6.2664,6.2664,6.2664,6.2664,6.2664,6.2664,6.2664,6.2664,6.2664,6.2664,6.2664,6.2664,6.2664,6.2664,6.2664,6.2664,6.2664,6.2664,6.2664,6.2664,6.2664,6.2664,6.2664,6.2664,6.2664,6.2664,6.2664,6.2664,6.2664,6.2664,6.2664,6.2664,6.2664,6.2664,6.2664,6.2664,6.2664,6.2664,6.2664,6.2664,6.2664,6.2664,6.2664,6.2664,6.2664,6.2664,6.2664,6.2664,6.2664,6.2664,6.2664,6.2664,6.2664,6.2664,6.2664,6.2664,6.2664,6.2664,6.2664,6.2664,6.2664,6.2664,6.2664,6.2664,6.2664,6.2664,6.2664,6.2664,6.2664,6.2664,6.2664,6.2664,6.2664,6.2664,6.2664,6.2664,6.2664,6.2664,6.2664,6.2664,6.2664,6.2664,6.2664,6.2664,6.2664,6.2664,6.2664,6.2664,6.2664,6.2664,6.2664,6.2664,6.2664,6.2664,6.2664,6.2664,6.2664,6.2664,6.2664,6.2664,6.2664,6.2664,6.2664,6.2664,6.2664,6.2664,6.2664,6.2664,6.2664,6.2664,6.2664,6.2664,6.2664,6.2664,6.2664,6.2664,6.2664,6.2664,6.2664,6.2664,6.2664,6.2664,6.2664,6.2664,6.2664,6.2664,6.2664,6.2664,6.2664,6.2664,6.2664,6.2664,6.2664,6.2664,6.2664,6.2664,6.2664,6.2664,6.2664,6.2664,6.2664,6.2664,6.2664,6.2664,6.2664,6.2664,6.2664,6.2664,6.2664,6.2664,6.2664,6.2664,6.2664,6.2664,6.2664,6.2664,6.2664,6.2664,6.2664,6.2664,6.2664,6.2664,6.2664,6.2664,6.2664,6.2664,6.2664,6.2664,6.2664,6.2664,6.2664,6.2664,6.2664,6.2664,6.2664,6.2664,6.2664,6.2664,6.2664,6.2664,6.2664
6.2620,6.2620,6.2620,6.2620,6.2620,6.2620,6.2620,6.2620,6.2620,6.2620,6.2620,6.2620,6.2620,6.2620,6.2620,6.2620,6.2620,6.2620,6.2620,6.2620,6.2620,6.2620,6.2620,6.2620,6.2620,6.2620,6.2620,6.2620,6.2620,6.2620,6.2620,6.2620,6.2620,6.2620,6.2620,6.2620,6.2620,6.2620,6.2620,6.2620,6.2620,6.2620,6.2620,6.2620,6.2620,6.2620,6.2620,6.2620,6.2620,6.2620,6.2620,6.2620,6.2620,6.2620,6.2620,6.2620,6.2620,6.2620,6.2620,6.2620,6.2620,6.2620,6.2620,6.2620,6.2620,6.2620,6.2620,6.2620,6.2620,6.2620,6.2620,6.2620,6.2620,6.2620,6.2620,6.2620,6.2620,6.2620,6.2620,6.2620,6.2620,6.2620,6.2620,6.2620,6.2620,6.2620,6.2620,6.2620,6.2620,6.2620,6.2620,6.2620,6.2620,6.2620,6.2620,6.2620,6.2620,6.2620,6.2620,6.2620,6.2620,6.2620,6.2620,6.2620,6.2620,6.2620,6.2620,6.2620,6.2620,6.2620,6.2620,6.2620,6.2620,6.2620,6.2620,6.2620,6.2620,6.2620,6.2620,6.2620,6.2620,6.2620,6.2620,6.2620,6.2620,6.2620,6.2620,6.2620,6.2620,6.2620,6.2620,6.2620,6.2620,6.2620,6.2620,6.2620,6.2620,6.2620,6.2620,6.2620,6.2620,6.2620,6.2620,6.2620,6.2620,6.2620,6.2620,6.2620,6.2620,6.2620,6.2620,6.2620,6.2620,6.2620,6.2620,6.2620,6.2620,6.2620,6.2620,6.2620,6.2620,6.2620,6.2620,6.2620,6.2620,6.2620,6.2620,6.2620,6.2620,6.2620,6.2620,6.2620,6.2620,6.2620,6.2620,6.2620,6.2620,6.2620,6.2620,6.2620,6.2620,6.2620,6.2620,6.2620,6.2620,6.2620,6.2620,6.2620,6.2620,6.2620,6.2620,6.2620,6.2620,6.2620,6.2620,6.2620,6.2620,6.2620,6.2620,6.2620,6.2620,6.2620,6.2620,6.2620,6.2620,6.2620,6.2620,6.2620,6.2620,6.2620,6.2620,6.2620,6.2620,6.2620,6.2620,6.2620,6.2620,6.2620,6.2620,6.2620,6.2620,6.2620,6.2620,6.2620,6.2620,6.2620,6.2620,6.2620,6.2620,6.2620,6.2620,6.2620,6.2620,6.2620,6.2620,6.2620,6.2620,6.2620,6.2620,6.2620,6.2620,6.2620,6.2620,6.2620,6.2620,6.2620,6.2620,6.2620,6.2620,6.2620,6.2620,6.2620,6.2620,6.2620,6.2620,6.2620,6.2620,6.2620,6.2620,6.2620,6.2620,6.2620,6.2620,6.2620,6.2620,6.2620,6.2620,6.2620,6.2620,6.2620,6.2620,6.2620,6.2620,6.2620,6.2620,6.2620,6.2620,6.2620,6.2620,6.2620,6.2620,6.2620,6.2620,6.2620,6.2620,6.2620,6.2620,6.2620,6.2620,6.2620,6.2620,6.2620,6.2620,6.2620,6.2620,6.2620,6.2620,6.2620,6.2620,6.2620,6.2620,6.2620,6.2620,6.2620,6.2620,6.2620,6.2620,6.2620,6.2620,6.2620,6.2620,6.2620,6.2620,6.2620,6.2620,6.2620,6.2620,6.2620,6.2620,6.2620,6.2620,6.2620,6.2620,6.2620,6.2620,6.2620,6.2620,6.2620,6.2620,6.2620,6.2620,6.2620,6.2620,6.2620,6.2620,6.2620,6.2620,6.2620,6.2620,6.2620,6.2620,6.2620,6.2620,6.2620,6.2620,6.2620,6.2620,6.2620,6.2620,6.2620,6.2620,6.2620,6.2620,6.2620,6.2620,6.2620,6.2620,6.2620,6.2620,6.2620,6.2620,6.2620,6.2620,6.2620,6.2620,6.2620,6.2620,6.2620,6.2620,6.2620,6.2620,6.2620,6.2620,6.2620,6.2620,6.2620,6.2620,6.2620,6.2620,6.2620,6.2620,6.2620,6.2620,6.2620,6.2620,6.2620,6.2620,6.2620,6.2620,6.2620,6.2620,6.2620,6.2620,6.2620,6.2620,6.2620,6.2620,6.2620,6.2620,6.2620,6.2620,6.2620,6.2620,6.2620,6.2620,6.2620,6.2620,6.2620,6.2620,6.2620,6.2620,6.2620,6.2620,6.2620,6.2620,6.2620,6.2620,6.2620,6.2620,6.2620,6.2620,6.2620,6.2620,6.2620,6.2620,6.2620,6.2620,6.2620,6.2620,6.2620,6.2620,6.2620,6.2620,6.2620,6.2620,6.2620,6.2620,6.2620,6.2620,6.2620,6.2620,6.2620,6.2620,6.2620,6.2620,6.2620,6.2620,6.2620,6.2620,6.2620,6.2620,6.2620,6.2620,6.2620,6.2620,6.2620,6.2620,6.2620,6.2620,6.2620,6.2620,6.2620,6.2620,6.2620,6.2620,6.2620,6.2620,6.2620,6.2620,6.2620,6.2620,6.2620,6.2620,6.2620,6.2620,6.2620,6.2620,6.2620,6.2620,6.2620,6.2620,6.2620,6.2620,6.2620,6.2620,6.2620,6.2620,6.2620,6.2620,6.2620,6.2620,6.2620,6.2620,6.2620,6.2620,6.2620,6.2620,6.2620,6.2620,6.2620,6.2620,6.2620,6.2620,6.2620,6.2620,6.2620,6.2620,6.2620,6.2620,6.2620,6.2620,6.2620,6.2620,6.2620,6.2620,6.2620,6.2620,6.2620,6.2620,6.2620,6.2620,6.2620,6.2620,6.2620,6.2620,6.2620,6.2620,6.2620,6.2620,6.2620,6.2620,6.2620,6.2620,6.2620,6.2620,6.2620,6.2620,6.2620,6.2620,6.2620,6.2620,6.2620,6.2620,6.2620,6.2620,6.2620,6.2620,6.2620,6.2620,6.2620,6.2620,6.2620,6.2620,6.2620,6.2620,6.2620,6.2620,6.2620,6.2620,6.2620,6.2620,6.2620,6.2620,6.2620,6.2620,6.2620,6.2620,6.2620,6.2620,6.2620,6.2620,6.2620,6.2620,6.2620,6.2620,6.2620,6.2620,6.2620,6.2620,6.2620,6.2620,6.2620,6.2620,6.2620,6.2620,6.2620,6.2620,6.2620,6.2620,6.2620,6.2620,6.2620,6.2620,6.2620,6.2620,6.2620,6.2620,6.2620,6.2620,6.2620,6.2620,6.2620,6.2620,6.2620,6.2620,6.2620,6.2620,6.2620,6.2620,6.2620,6.2620,6.2620,6.2620,6.2620,6.2620,6.2620,6.2620,6.2620,6.2620,6.2620,6.2620,6.2620,6.2620,6.2620,6.2620,6.2620,6.2620,6.2620,6.2620,6.2620,6.2620,6.2620,6.2620,6.2620,6.2620,6.2620,6.2620,6.2620,6.2620,6.2620,6.2620,6.2620,6.2620,6.2620,6.2620,6.2620,6.2620,6.2620,6.2620,6.2620,6.2620,6.2620,6.2620,6.2620,6.2620,6.2620,6.2620,6.2620,6.2620,6.2620,6.2620,6.2620,6.2620,6.2620,6.2620,6.2620,6.2620,6.2620,6.2620,6.2620,6.2620,6.2620,6.2620,6.2620,6.2620,6.2620,6.2620,6.2620,6.2620,6.2620,6.2620,6.2620,6.2620,6.2620,6.2620,6.2620,6.2620,6.2620,6.2620,6.2620,6.2620,6.2620,6.2620,6.2620,6.2620,6.2620,6.2620,6.2620,6.2620,6.2620,6.2620,6.2620,6.2620,6.2620,6.2620,6.2620,6.2620,6.2620,6.2620,6.2620,6.2620,6.2620,6.2620,6.2620,6.2620,6.2620,6.2620,6.2620,6.2620,6.2620,6.2620,6.2620,6.2620,6.2620,6.2620,6.2620,6.2620,6.2620,6.2620,6.2620,6.2620,6.2620,6.2620,6.2620,6.2620,6.2620,6.2620,6.2620,6.2620,6.2620,6.2620,6.2620,6.2620,6.2620,6.2620,6.2620,6.2620,6.2620,6.2620,6.2620,6.2620,6.2620,6.2620,6.2620,6.2620,6.2620,6.2620,6.2620,6.2620,6.2620,6.2620,6.2620,6.2620,6.2620,6.2620,6.2620,6.2620,6.2620,6.2620,6.2620,6.2620,6.2620,6.2620,6.2620,6.2620,6.2620,6.2620,6.2620,6.2620,6.2620,6.2620,6.2620,6.2620,6.2620,6.2620,6.2620,6.2620,6.2620,6.2620,6.2620,6.2620,6.2620,6.2620,6.2620,6.2620,6.2620,6.2620,6.2620,6.2620,6.2620,6.2620,6.2620,6.2620,6.2620,6.2620,6.2620,6.2620,6.2620,6.2620,6.2620,6.2620,6.2620,6.2620,6.2620,6.2620,6.2620,6.2620,6.2620,6.2620,6.2620,6.2620,6.2620,6.2620,6.2620,6.2620,6.2620,6.2620,6.2620,6.2620,6.2620,6.2620,6.2620,6.2620,6.2620,6.2620,6.2620,6.2620,6.2620,6.2620,6.2620,6.2620,6.2620,6.2620,6.2620,6.2620,6.2620,6.2620,6.2620,6.2620,6.2620,6.2620,6.2620,6.2620,6.2620,6.2620,6.2620,6.2620,6.2620,6.2620,6.2620,6.2620,6.2620,6.2620,6.2620,6.2620,6.2620,6.2620,6.2620,6.2620,6.2620,6.2620,6.2620,6.2620,6.2620,6.2620,6.2620,6.2620,6.2620,6.2620,6.2620,6.2620,6.2620,6.2620,6.2620,6.2620,6.2620,6.2620,6.2620,6.2620,6.2620,6.2620,6.2620,6.2620,6.2620,6.2620,6.2620,6.2620,6.2620,6.2620,6.2620,6.2620,6.2620,6.2620,6.2620,6.2620,6.2620,6.2620,6.2620,6.2620,6.2620,6.2620,6.2620,6.2620,6.2620,6.2620,6.2620,6.2620,6.2620,6.2620,6.2620,6.2620,6.2620,6.2620,6.2620,6.2620,6.2620,6.2620,6.2620,6.2620,6.2620,6.2620,6.2620,6.2620,6.2620,6.2620,6.2620,6.2620,6.2620,6.2620,6.2620,6.2620,6.2620,6.2620,6.2620,6.2620,6.2620,6.2620,6.2620,6.2620,6.2620,6.2620,6.2620,6.2620,6.2620,6.2620,6.2620,6.2620,6.2620,6.2620,6.2620
6.2578,6.2578,6.2578,6.2578,6.2578,6.2578,6.2578,6.2578,6.2578,6.2578,6.2578,6.2578,6.2578,6.2578,6.2578,6.2578,6.2578,6.2578,6.2578,6.2578,6.2578,6.2578,6.2578,6.2578,6.2578,6.2578,6.2578,6.2578,6.2578,6.2578,6.2578,6.2578,6.2578,6.2578,6.2578,6.2578,6.2578,6.2578,6.2578,6.2578,6.2578,6.2578,6.2578,6.2578,6.2578,6.2578,6.2578,6.2578,6.2578,6.2578,6.2578,6.2578,6.2578,6.2578,6.2578,6.2578,6.2578,6.2578,6.2578,6.2578,6.2578,6.2578,6.2578,6.2578,6.2578,6.2578,6.2578,6.2578,6.2578,6.2578,6.2578,6.2578,6.2578,6.2578,6.2578,6.2578,6.2578,6.2578,6.2578,6.2578,6.2578,6.2578,6.2578,6.2578,6.2578,6.2578,6.2578,6.2578,6.2578,6.2578,6.2578,6.2578,6.2578,6.2578,6.2578,6.2578,6.2578,6.2578,6.2578,6.2578,6.2578,6.2578,6.2578,6.2578,6.2578,6.2578,6.2578,6.2578,6.2578,6.2578,6.2578,6.2578,6.2578,6.2578,6.2578,6.2578,6.2578,6.2578,6.2578,6.2578,6.2578,6.2578,6.2578,6.2578,6.2578,6.2578,6.2578,6.2578,6.2578,6.2578,6.2578,6.2578,6.2578,6.2578,6.2578,6.2578,6.2578,6.2578,6.2578,6.2578,6.2578,6.2578,6.2578,6.2578,6.2578,6.2578,6.2578,6.2578,6.2578,6.2578,6.2578,6.2578,6.2578,6.2578,6.2578,6.2578,6.2578,6.2578,6.2578,6.2578,6.2578,6.2578,6.2578,6.2578,6.2578,6.2578,6.2578,6.2578,6.2578,6.2578,6.2578,6.2578,6.2578,6.2578,6.2578,6.2578,6.2578,6.2578,6.2578,6.2578,6.2578,6.2578,6.2578,6.2578,6.2578,6.2578,6.2578,6.2578,6.2578,6.2578,6.2578,6.2578,6.2578,6.2578,6.2578,6.2578,6.2578,6.2578,6.2578,6.2578,6.2578,6.2578,6.2578,6.2578,6.2578,6.2578,6.2578,6.2578,6.2578,6.2578,6.2578,6.2578,6.2578,6.2578,6.2578,6.2578,6.2578,6.2578,6.2578,6.2578,6.2578,6.2578,6.2578,6.2578,6.2578,6.2578,6.2578,6.2578,6.2578,6.2578,6.2578,6.2578,6.2578,6.2578,6.2578,6.2578,6.2578,6.2578,6.2578,6.2578,6.2578,6.2578,6.2578,6.2578,6.2578,6.2578,6.2578,6.2578,6.2578,6.2578,6.2578,6.2578,6.2578,6.2578,6.2578,6.2578,6.2578,6.2578,6.2578,6.2578,6.2578,6.2578,6.2578,6.2578,6.2578,6.2578,6.2578,6.2578,6.2578,6.2578,6.2578,6.2578,6.2578,6.2578,6.2578,6.2578,6.2578,6.2578,6.2578,6.2578,6.2578,6.2578,6.2578,6.2578,6.2578,6.2578,6.2578,6.2578,6.2578,6.2578,6.2578,6.2578,6.2578,6.2578,6.2578,6.2578,6.2578,6.2578,6.2578,6.2578,6.2578,6.2578,6.2578,6.2578,6.2578,6.2578,6.2578,6.2578,6.2578,6.2578,6.2578,6.2578,6.2578,6.2578,6.2578,6.2578,6.2578,6.2578,6.2578,6.2578,6.2578,6.2578,6.2578,6.2578,6.2578,6.2578,6.2578,6.2578,6.2578,6.2578,6.2578,6.2578,6.2578,6.2578,6.2578,6.2578,6.2578,6.2578,6.2578,6.2578,6.2578,6.2578,6.2578,6.2578,6.2578,6.2578,6.2578,6.2578,6.2578,6.2578,6.2578,6.2578,6.2578,6.2578,6.2578,6.2578,6.2578,6.2578,6.2578,6.2578,6.2578,6.2578,6.2578,6.2578,6.2578,6.2578,6.2578,6.2578,6.2578,6.2578,6.2578,6.2578,6.2578,6.2578,6.2578,6.2578,6.2578,6.2578,6.2578,6.2578,6.2578,6.2578,6.2578,6.2578,6.2578,6.2578,6.2578,6.2578,6.2578,6.2578,6.2578,6.2578,6.2578,6.2578,6.2578,6.2578,6.2578,6.2578,6.2578,6.2578,6.2578,6.2578,6.2578,6.2578,6.2578,6.2578,6.2578,6.2578,6.2578,6.2578,6.2578,6.2578,6.2578,6.2578,6.2578,6.2578,6.2578,6.2578,6.2578,6.2578,6.2578,6.2578,6.2578,6.2578,6.2578,6.2578,6.2578,6.2578,6.2578,6.2578,6.2578,6.2578,6.2578,6.2578,6.2578,6.2578,6.2578,6.2578,6.2578,6.2578,6.2578,6.2578,6.2578,6.2578,6.2578,6.2578,6.2578,6.2578,6.2578,6.2578,6.2578,6.2578,6.2578,6.2578,6.2578,6.2578,6.2578,6.2578,6.2578,6.2578,6.2578,6.2578,6.2578,6.2578,6.2578,6.2578,6.2578,6.2578,6.2578,6.2578,6.2578,6.2578,6.2578,6.2578,6.2578,6.2578,6.2578,6.2578,6.2578,6.2578,6.2578,6.2578,6.2578,6.2578,6.2578,6.2578,6.2578,6.2578,6.2578,6.2578,6.2578,6.2578,6.2578,6.2578,6.2578,6.2578,6.2578,6.2578,6.2578,6.2578,6.2578,6.2578,6.2578,6.2578,6.2578,6.2578,6.2578,6.2578,6.2578,6.2578,6.2578,6.2578,6.2578,6.2578,6.2578,6.2578,6.2578,6.2578,6.2578,6.2578,6.2578,6.2578,6.2578,6.2578,6.2578,6.2578,6.2578,6.2578,6.2578,6.2578,6.2578,6.2578,6.2578,6.2578,6.2578,6.2578,6.2578,6.2578,6.2578,6.2578,6.2578,6.2578,6.2578,6.2578,6.2578,6.2578,6.2578,6.2578,6.2578,6.2578,6.2578,6.2578,6.2578,6.2578,6.2578,6.2578,6.2578,6.2578,6.2578,6.2578,6.2578,6.2578,6.2578,6.2578,6.2578,6.2578,6.2578,6.2578,6.2578,6.2578,6.2578,6.2578,6.2578,6.2578,6.2578,6.2578,6.2578,6.2578,6.2578,6.2578,6.2578,6.2578,6.2578,6.2578,6.2578,6.2578,6.2578,6.2578,6.2578,6.2578,6.2578,6.2578,6.2578,6.2578,6.2578,6.2578,6.2578,6.2578,6.2578,6.2578,6.2578,6.2578,6.2578,6.2578,6.2578,6.2578,6.2578,6.2578,6.2578,6.2578,6.2578,6.2578,6.2578,6.2578,6.2578,6.2578,6.2578,6.2578,6.2578,6.2578,6.2578,6.2578,6.2578,6.2578,6.2578,6.2578,6.2578,6.2578,6.2578,6.2578,6.2578,6.2578,6.2578,6.2578,6.2578,6.2578,6.2578,6.2578,6.2578,6.2578,6.2578,6.2578,6.2578,6.2578,6.2578,6.2578,6.2578,6.2578,6.2578,6.2578,6.2578,6.2578,6.2578,6.2578,6.2578,6.2578,6.2578,6.2578,6.2578,6.2578,6.2578,6.2578,6.2578,6.2578,6.2578,6.2578,6.2578,6.2578,6.2578,6.2578,6.2578,6.2578,6.2578,6.2578,6.2578,6.2578,6.2578,6.2578,6.2578,6.2578,6.2578,6.2578,6.2578,6.2578,6.2578,6.2578,6.2578,6.2578,6.2578,6.2578,6.2578,6.2578,6.2578,6.2578,6.2578,6.2578,6.2578,6.2578,6.2578,6.2578,6.2578,6.2578,6.2578,6.2578,6.2578,6.2578,6.2578,6.2578,6.2578,6.2578,6.2578,6.2578,6.2578,6.2578,6.2578,6.2578,6.2578,6.2578,6.2578,6.2578,6.2578,6.2578,6.2578,6.2578,6.2578,6.2578,6.2578,6.2578,6.2578,6.2578,6.2578,6.2578,6.2578,6.2578,6.2578,6.2578,6.2578,6.2578,6.2578,6.2578,6.2578,6.2578,6.2578,6.2578,6.2578,6.2578,6.2578,6.2578,6.2578,6.2578,6.2578,6.2578,6.2578,6.2578,6.2578,6.2578,6.2578,6.2578,6.2578,6.2578,6.2578,6.2578,6.2578,6.2578,6.2578,6.2578,6.2578,6.2578,6.2578,6.2578,6.2578,6.2578,6.2578,6.2578,6.2578,6.2578,6.2578,6.2578,6.2578,6.2578,6.2578,6.2578,6.2578,6.2578,6.2578,6.2578,6.2578,6.2578,6.2578,6.2578,6.2578,6.2578,6.2578,6.2578,6.2578,6.2578,6.2578,6.2578,6.2578,6.2578,6.2578,6.2578,6.2578,6.2578,6.2578,6.2578,6.2578,6.2578,6.2578,6.2578,6.2578,6.2578,6.2578,6.2578,6.2578,6.2578,6.2578,6.2578,6.2578,6.2578,6.2578,6.2578,6.2578,6.2578,6.2578,6.2578,6.2578,6.2578,6.2578,6.2578,6.2578,6.2578,6.2578,6.2578,6.2578,6.2578,6.2578,6.2578,6.2578,6.2578,6.2578,6.2578,6.2578,6.2578,6.2578,6.2578,6.2578,6.2578,6.2578,6.2578,6.2578,6.2578,6.2578,6.2578,6.2578,6.2578,6.2578,6.2578,6.2578,6.2578,6.2578,6.2578,6.2578,6.2578,6.2578,6.2578,6.2578,6.2578,6.2578,6.2578,6.2578,6.2578,6.2578,6.2578,6.2578,6.2578,6.2578,6.2578,6.2578,6.2578,6.2578,6.2578,6.2578,6.2578,6.2578,6.2578,6.2578,6.2578,6.2578,6.2578,6.2578,6.2578,6.2578,6.2578,6.2578,6.2578,6.2578,6.2578,6.2578,6.2578,6.2578,6.2578,6.2578,6.2578,6.2578,6.2578,6.2578,6.2578,6.2578,6.2578,6.2578,6.2578,6.2578,6.2578,6.2578,6.2578,6.2578,6.2578,6.2578,6.2578,6.2578,6.2578,6.2578,6.2578,6.2578,6.2578,6.2578,6.2578,6.2578,6.2578,6.2578,6.2578,6.2578,6.2578,6.2578,6.2578,6.2578,6.2578,6.2578,6.2578,6.2578,6.2578,6.2578,6.2578,6.2578,6.2578,6.2578,6.2578,6.2578,6.2578,6.2578,6.2578,6.2578,6.2578,6.2578,6.2578,6.2578,6.2578,6.2578,6.2578
6.2534,6.2534,6.2534,6.2534,6.2534,6.2534,6.2534,6.2534,6.2534,6.2534,6.2534,6.2534,6.2534,6.2534,6.2534,6.2534,6.2534,6.2534,6.2534,6.2534,6.2534,6.2534,6.2534,6.2534,6.2534,6.2534,6.2534,6.2534,6.2534,6.2534,6.2534,6.2534,6.2534,6.2534,6.2534,6.2534,6.2534,6.2534,6.2534,6.2534,6.2534,6.2534,6.2534,6.2534,6.2534,6.2534,6.2534,6.2534,6.2534,6.2534,6.2534,6.2534,6.2534,6.2534,6.2534,6.2534,6.2534,6.2534,6.2534,6.2534,6.2534,6.2534,6.2534,6.2534,6.2534,6.2534,6.2534,6.2534,6.2534,6.2534,6.2534,6.2534,6.2534,6.2534,6.2534,6.2534,6.2534,6.2534,6.2534,6.2534,6.2534,6.2534,6.2534,6.2534,6.2534,6.2534,6.2534,6.2534,6.2534,6.2534,6.2534,6.2534,6.2534,6.2534,6.2534,6.2534,6.2534,6.2534,6.2534,6.2534,6.2534,6.2534,6.2534,6.2534,6.2534,6.2534,6.2534,6.2534,6.2534,6.2534,6.2534,6.2534,6.2534,6.2534,6.2534,6.2534,6.2534,6.2534,6.2534,6.2534,6.2534,6.2534,6.2534,6.2534,6.2534,6.2534,6.2534,6.2534,6.2534,6.2534,6.2534,6.2534,6.2534,6.2534,6.2534,6.2534,6.2534,6.2534,6.2534,6.2534,6.2534,6.2534,6.2534,6.2534,6.2534,6.2534,6.2534,6.2534,6.2534,6.2534,6.2534,6.2534,6.2534,6.2534,6.2534,6.2534,6.2534,6.2534,6.2534,6.2534,6.2534,6.2534,6.2534,6.2534,6.2534,6.2534,6.2534,6.2534,6.2534,6.2534,6.2534,6.2534,6.2534,6.2534,6.2534,6.2534,6.2534,6.2534,6.2534,6.2534,6.2534,6.2534,6.2534,6.2534,6.2534,6.2534,6.2534,6.2534,6.2534,6.2534,6.2534,6.2534,6.2534,6.2534,6.2534,6.2534,6.2534,6.2534,6.2534,6.2534,6.2534,6.2534,6.2534,6.2534,6.2534,6.2534,6.2534,6.2534,6.2534,6.2534,6.2534,6.2534,6.2534,6.2534,6.2534,6.2534,6.2534,6.2534,6.2534,6.2534,6.2534,6.2534,6.2534,6.2534,6.2534,6.2534,6.2534,6.2534,6.2534,6.2534,6.2534,6.2534,6.2534,6.2534,6.2534,6.2534,6.2534,6.2534,6.2534,6.2534,6.2534,6.2534,6.2534,6.2534,6.2534,6.2534,6.2534,6.2534,6.2534,6.2534,6.2534,6.2534,6.2534,6.2534,6.2534,6.2534,6.2534,6.2534,6.2534,6.2534,6.2534,6.2534,6.2534,6.2534,6.2534,6.2534,6.2534,6.2534,6.2534,6.2534,6.2534,6.2534,6.2534,6.2534,6.2534,6.2534,6.2534,6.2534,6.2534,6.2534,6.2534,6.2534,6.2534,6.2534,6.2534,6.2534,6.2534,6.2534,6.2534,6.2534,6.2534,6.2534,6.2534,6.2534,6.2534,6.2534,6.2534,6.2534,6.2534,6.2534,6.2534,6.2534,6.2534,6.2534,6.2534,6.2534,6.2534,6.2534,6.2534,6.2534,6.2534,6.2534,6.2534,6.2534,6.2534,6.2534,6.2534,6.2534,6.2534,6.2534,6.2534,6.2534,6.2534,6.2534,6.2534,6.2534,6.2534,6.2534,6.2534,6.2534,6.2534,6.2534,6.2534,6.2534,6.2534,6.2534,6.2534,6.2534,6.2534,6.2534,6.2534,6.2534,6.2534,6.2534,6.2534,6.2534,6.2534,6.2534,6.2534,6.2534,6.2534,6.2534,6.2534,6.2534,6.2534,6.2534,6.2534,6.2534,6.2534,6.2534,6.2534,6.2534,6.2534,6.2534,6.2534,6.2534,6.2534,6.2534,6.2534,6.2534,6.2534,6.2534,6.2534,6.2534,6.2534,6.2534,6.2534,6.2534,6.2534,6.2534,6.2534,6.2534,6.2534,6.2534,6.2534,6.2534,6.2534,6.2534,6.2534,6.2534,6.2534,6.2534,6.2534,6.2534,6.2534,6.2534,6.2534,6.2534,6.2534,6.2534,6.2534,6.2534,6.2534,6.2534,6.2534,6.2534,6.2534,6.2534,6.2534,6.2534,6.2534,6.2534,6.2534,6.2534,6.2534,6.2534,6.2534,6.2534,6.2534,6.2534,6.2534,6.2534,6.2534,6.2534,6.2534,6.2534,6.2534,6.2534,6.2534,6.2534,6.2534,6.2534,6.2534,6.2534,6.2534,6.2534,6.2534,6.2534,6.2534,6.2534,6.2534,6.2534,6.2534,6.2534,6.2534,6.2534,6.2534,6.2534,6.2534,6.2534,6.2534,6.2534,6.2534,6.2534,6.2534,6.2534,6.2534,6.2534,6.2534,6.2534,6.2534,6.2534,6.2534,6.2534,6.2534,6.2534,6.2534,6.2534,6.2534,6.2534,6.2534,6.2534,6.2534,6.2534,6.2534,6.2534,6.2534,6.2534,6.2534,6.2534,6.2534,6.2534,6.2534,6.2534,6.2534,6.2534,6.2534,6.2534,6.2534,6.2534,6.2534,6.2534,6.2534,6.2534,6.2534,6.2534,6.2534,6.2534,6.2534,6.2534,6.2534,6.2534,6.2534,6.2534,6.2534,6.2534,6.2534,6.2534,6.2534,6.2534,6.2534,6.2534,6.2534,6.2534,6.2534,6.2534,6.2534,6.2534,6.2534,6.2534,6.2534,6.2534,6.2534,6.2534,6.2534,6.2534,6.2534,6.2534,6.2534,6.2534,6.2534,6.2534,6.2534,6.2534,6.2534,6.2534,6.2534,6.2534,6.2534,6.2534,6.2534,6.2534,6.2534,6.2534,6.2534,6.2534,6.2534,6.2534,6.2534,6.2534,6.2534,6.2534,6.2534,6.2534,6.2534,6.2534,6.2534,6.2534,6.2534,6.2534,6.2534,6.2534,6.2534,6.2534,6.2534,6.2534,6.2534,6.2534,6.2534,6.2534,6.2534,6.2534,6.2534,6.2534,6.2534,6.2534,6.2534,6.2534,6.2534,6.2534,6.2534,6.2534,6.2534,6.2534,6.2534,6.2534,6.2534,6.2534,6.2534,6.2534,6.2534,6.2534,6.2534,6.2534,6.2534,6.2534,6.2534,6.2534,6.2534,6.2534,6.2534,6.2534,6.2534,6.2534,6.2534,6.2534,6.2534,6.2534,6.2534,6.2534,6.2534,6.2534,6.2534,6.2534,6.2534,6.2534,6.2534,6.2534,6.2534,6.2534,6.2534,6.2534,6.2534,6.2534,6.2534,6.2534,6.2534,6.2534,6.2534,6.2534,6.2534,6.2534,6.2534,6.2534,6.2534,6.2534,6.2534,6.2534,6.2534,6.2534,6.2534,6.2534,6.2534,6.2534,6.2534,6.2534,6.2534,6.2534,6.2534,6.2534,6.2534,6.2534,6.2534,6.2534,6.2534,6.2534,6.2534,6.2534,6.2534,6.2534,6.2534,6.2534,6.2534,6.2534,6.2534,6.2534,6.2534,6.2534,6.2534,6.2534,6.2534,6.2534,6.2534,6.2534,6.2534,6.2534,6.2534,6.2534,6.2534,6.2534,6.2534,6.2534,6.2534,6.2534,6.2534,6.2534,6.2534,6.2534,6.2534,6.2534,6.2534,6.2534,6.2534,6.2534,6.2534,6.2534,6.2534,6.2534,6.2534,6.2534,6.2534,6.2534,6.2534,6.2534,6.2534,6.2534,6.2534,6.2534,6.2534,6.2534,6.2534,6.2534,6.2534,6.2534,6.2534,6.2534,6.2534,6.2534,6.2534,6.2534,6.2534,6.2534,6.2534,6.2534,6.2534,6.2534,6.2534,6.2534,6.2534,6.2534,6.2534,6.2534,6.2534,6.2534,6.2534,6.2534,6.2534,6.2534,6.2534,6.2534,6.2534,6.2534,6.2534,6.2534,6.2534,6.2534,6.2534,6.2534,6.2534,6.2534,6.2534,6.2534,6.2534,6.2534,6.2534,6.2534,6.2534,6.2534,6.2534,6.2534,6.2534,6.2534,6.2534,6.2534,6.2534,6.2534,6.2534,6.2534,6.2534,6.2534,6.2534,6.2534,6.2534,6.2534,6.2534,6.2534,6.2534,6.2534,6.2534,6.2534,6.2534,6.2534,6.2534,6.2534,6.2534,6.2534,6.2534,6.2534,6.2534,6.2534,6.2534,6.2534,6.2534,6.2534,6.2534,6.2534,6.2534,6.2534,6.2534,6.2534,6.2534,6.2534,6.2534,6.2534,6.2534,6.2534,6.2534,6.2534,6.2534,6.2534,6.2534,6.2534,6.2534,6.2534,6.2534,6.2534,6.2534,6.2534,6.2534,6.2534,6.2534,6.2534,6.2534,6.2534,6.2534,6.2534,6.2534,6.2534,6.2534,6.2534,6.2534,6.2534,6.2534,6.2534,6.2534,6.2534,6.2534,6.2534,6.2534,6.2534,6.2534,6.2534,6.2534,6.2534,6.2534,6.2534,6.2534,6.2534,6.2534,6.2534,6.2534,6.2534,6.2534,6.2534,6.2534,6.2534,6.2534,6.2534,6.2534,6.2534,6.2534,6.2534,6.2534,6.2534,6.2534,6.2534,6.2534,6.2534,6.2534,6.2534,6.2534,6.2534,6.2534,6.2534,6.2534,6.2534,6.2534,6.2534,6.2534,6.2534,6.2534,6.2534,6.2534,6.2534,6.2534,6.2534,6.2534,6.2534,6.2534,6.2534,6.2534,6.2534,6.2534,6.2534,6.2534,6.2534,6.2534,6.2534,6.2534,6.2534,6.2534,6.2534,6.2534,6.2534,6.2534,6.2534,6.2534,6.2534,6.2534,6.2534,6.2534,6.2534,6.2534,6.2534,6.2534,6.2534,6.2534,6.2534,6.2534,6.2534,6.2534,6.2534,6.2534,6.2534,6.2534,6.2534,6.2534,6.2534,6.2534,6.2534,6.2534,6.2534,6.2534,6.2534,6.2534,6.2534,6.2534,6.2534,6.2534,6.2534,6.2534,6.2534,6.2534,6.2534,6.2534,6.2534,6.2534,6.2534,6.2534,6.2534,6.2534,6.2534,6.2534,6.2534,6.2534,6.2534,6.2534,6.2534,6.2534,6.2534
6.2489,6.2489,6.2489,6.2489,6.2489,6.2489,6.2489,6.2489,6.2489,6.2489,6.2489,6.2489,6.2489,6.2489,6.2489,6.2489,6.2489,6.2489,6.2489,6.2489,6.2489,6.2489,6.2489,6.2489,6.2489,6.2489,6.2489,6.2489,6.2489,6.2489,6.2489,6.2489,6.2489,6.2489,6.2489,6.2489,6.2489,6.2489,6.2489,6.2489,6.2489,6.2489,6.2489,6.2489,6.2489,6.2489,6.2489,6.2489,6.2489,6.2489,6.2489,6.2489,6.2489,6.2489,6.2489,6.2489,6.2489,6.2489,6.2489,6.2489,6.2489,6.2489,6.2489,6.2489,6.2489,6.2489,6.2489,6.2489,6.2489,6.2489,6.2489,6.2489,6.2489,6.2489,6.2489,6.2489,6.2489,6.2489,6.2489,6.2489,6.2489,6.2489,6.2489,6.2489,6.2489,6.2489,6.2489,6.2489,6.2489,6.2489,6.2489,6.2489,6.2489,6.2489,6.2489,6.2489,6.2489,6.2489,6.2489,6.2489,6.2489,6.2489,6.2489,6.2489,6.2489,6.2489,6.2489,6.2489,6.2489,6.2489,6.2489,6.2489,6.2489,6.2489,6.2489,6.2489,6.2489,6.2489,6.2489,6.2489,6.2489,6.2489,6.2489,6.2489,6.2489,6.2489,6.2489,6.2489,6.2489,6.2489,6.2489,6.2489,6.2489,6.2489,6.2489,6.2489,6.2489,6.2489,6.2489,6.2489,6.2489,6.2489,6.2489,6.2489,6.2489,6.2489,6.2489,6.2489,6.2489,6.2489,6.2489,6.2489,6.2489,6.2489,6.2489,6.2489,6.2489,6.2489,6.2489,6.2489,6.2489,6.2489,6.2489,6.2489,6.2489,6.2489,6.2489,6.2489,6.2489,6.2489,6.2489,6.2489,6.2489,6.2489,6.2489,6.2489,6.2489,6.2489,6.2489,6.2489,6.2489,6.2489,6.2489,6.2489,6.2489,6.2489,6.2489,6.2489,6.2489,6.2489,6.2489,6.2489,6.2489,6.2489,6.2489,6.2489,6.2489,6.2489,6.2489,6.2489,6.2489,6.2489,6.2489,6.2489,6.2489,6.2489,6.2489,6.2489,6.2489,6.2489,6.2489,6.2489,6.2489,6.2489,6.2489,6.2489,6.2489,6.2489,6.2489,6.2489,6.2489,6.2489,6.2489,6.2489,6.2489,6.2489,6.2489,6.2489,6.2489,6.2489,6.2489,6.2489,6.2489,6.2489,6.2489,6.2489,6.2489,6.2489,6.2489,6.2489,6.2489,6.2489,6.2489,6.2489,6.2489,6.2489,6.2489,6.2489,6.2489,6.2489,6.2489,6.2489,6.2489,6.2489,6.2489,6.2489,6.2489,6.2489,6.2489,6.2489,6.2489,6.2489,6.2489,6.2489,6.2489,6.2489,6.2489,6.2489,6.2489,6.2489,6.2489,6.2489,6.2489,6.2489,6.2489,6.2489,6.2489,6.2489,6.2489,6.2489,6.2489,6.2489,6.2489,6.2489,6.2489,6.2489,6.2489,6.2489,6.2489,6.2489,6.2489,6.2489,6.2489,6.2489,6.2489,6.2489,6.2489,6.2489,6.2489,6.2489,6.2489,6.2489,6.2489,6.2489,6.2489,6.2489,6.2489,6.2489,6.2489,6.2489,6.2489,6.2489,6.2489,6.2489,6.2489,6.2489,6.2489,6.2489,6.2489,6.2489,6.2489,6.2489,6.2489,6.2489,6.2489,6.2489,6.2489,6.2489,6.2489,6.2489,6.2489,6.2489,6.2489,6.2489,6.2489,6.2489,6.2489,6.2489,6.2489,6.2489,6.2489,6.2489,6.2489,6.2489,6.2489,6.2489,6.2489,6.2489,6.2489,6.2489,6.2489,6.2489,6.2489,6.2489,6.2489,6.2489,6.2489,6.2489,6.2489,6.2489,6.2489,6.2489,6.2489,6.2489,6.2489,6.2489,6.2489,6.2489,6.2489,6.2489,6.2489,6.2489,6.2489,6.2489,6.2489,6.2489,6.2489,6.2489,6.2489,6.2489,6.2489,6.2489,6.2489,6.2489,6.2489,6.2489,6.2489,6.2489,6.2489,6.2489,6.2489,6.2489,6.2489,6.2489,6.2489,6.2489,6.2489,6.2489,6.2489,6.2489,6.2489,6.2489,6.2489,6.2489,6.2489,6.2489,6.2489,6.2489,6.2489,6.2489,6.2489,6.2489,6.2489,6.2489,6.2489,6.2489,6.2489,6.2489,6.2489,6.2489,6.2489,6.2489,6.2489,6.2489,6.2489,6.2489,6.2489,6.2489,6.2489,6.2489,6.2489,6.2489,6.2489,6.2489,6.2489,6.2489,6.2489,6.2489,6.2489,6.2489,6.2489,6.2489,6.2489,6.2489,6.2489,6.2489,6.2489,6.2489,6.2489,6.2489,6.2489,6.2489,6.2489,6.2489,6.2489,6.2489,6.2489,6.2489,6.2489,6.2489,6.2489,6.2489,6.2489,6.2489,6.2489,6.2489,6.2489,6.2489,6.2489,6.2489,6.2489,6.2489,6.2489,6.2489,6.2489,6.2489,6.2489,6.2489,6.2489,6.2489,6.2489,6.2489,6.2489,6.2489,6.2489,6.2489,6.2489,6.2489,6.2489,6.2489,6.2489,6.2489,6.2489,6.2489,6.2489,6.2489,6.2489,6.2489,6.2489,6.2489,6.2489,6.2489,6.2489,6.2489,6.2489,6.2489,6.2489,6.2489,6.2489,6.2489,6.2489,6.2489,6.2489,6.2489,6.2489,6.2489,6.2489,6.2489,6.2489,6.2489,6.2489,6.2489,6.2489,6.2489,6.2489,6.2489,6.2489,6.2489,6.2489,6.2489,6.2489,6.2489,6.2489,6.2489,6.2489,6.2489,6.2489,6.2489,6.2489,6.2489,6.2489,6.2489,6.2489,6.2489,6.2489,6.2489,6.2489,6.2489,6.2489,6.2489,6.2489,6.2489,6.2489,6.2489,6.2489,6.2489,6.2489,6.2489,6.2489,6.2489,6.2489,6.2489,6.2489,6.2489,6.2489,6.2489,6.2489,6.2489,6.2489,6.2489,6.2489,6.2489,6.2489,6.2489,6.2489,6.2489,6.2489,6.2489,6.2489,6.2489,6.2489,6.2489,6.2489,6.2489,6.2489,6.2489,6.2489,6.2489,6.2489,6.2489,6.2489,6.2489,6.2489,6.2489,6.2489,6.2489,6.2489,6.2489,6.2489,6.2489,6.2489,6.2489,6.2489,6.2489,6.2489,6.2489,6.2489,6.2489,6.2489,6.2489,6.2489,6.2489,6.2489,6.2489,6.2489,6.2489,6.2489,6.2489,6.2489,6.2489,6.2489,6.2489,6.2489,6.2489,6.2489,6.2489,6.2489,6.2489,6.2489,6.2489,6.2489,6.2489,6.2489,6.2489,6.2489,6.2489,6.2489,6.2489,6.2489,6.2489,6.2489,6.2489,6.2489,6.2489,6.2489,6.2489,6.2489,6.2489,6.2489,6.2489,6.2489,6.2489,6.2489,6.2489,6.2489,6.2489,6.2489,6.2489,6.2489,6.2489,6.2489,6.2489,6.2489,6.2489,6.2489,6.2489,6.2489,6.2489,6.2489,6.2489,6.2489,6.2489,6.2489,6.2489,6.2489,6.2489,6.2489,6.2489,6.2489,6.2489,6.2489,6.2489,6.2489,6.2489,6.2489,6.2489,6.2489,6.2489,6.2489,6.2489,6.2489,6.2489,6.2489,6.2489,6.2489,6.2489,6.2489,6.2489,6.2489,6.2489,6.2489,6.2489,6.2489,6.2489,6.2489,6.2489,6.2489,6.2489,6.2489,6.2489,6.2489,6.2489,6.2489,6.2489,6.2489,6.2489,6.2489,6.2489,6.2489,6.2489,6.2489,6.2489,6.2489,6.2489,6.2489,6.2489,6.2489,6.2489,6.2489,6.2489,6.2489,6.2489,6.2489,6.2489,6.2489,6.2489,6.2489,6.2489,6.2489,6.2489,6.2489,6.2489,6.2489,6.2489,6.2489,6.2489,6.2489,6.2489,6.2489,6.2489,6.2489,6.2489,6.2489,6.2489,6.2489,6.2489,6.2489,6.2489,6.2489,6.2489,6.2489,6.2489,6.2489,6.2489,6.2489,6.2489,6.2489,6.2489,6.2489,6.2489,6.2489,6.2489,6.2489,6.2489,6.2489,6.2489,6.2489,6.2489,6.2489,6.2489,6.2489,6.2489,6.2489,6.2489,6.2489,6.2489,6.2489,6.2489,6.2489,6.2489,6.2489,6.2489,6.2489,6.2489,6.2489,6.2489,6.2489,6.2489,6.2489,6.2489,6.2489,6.2489,6.2489,6.2489,6.2489,6.2489,6.2489,6.2489,6.2489,6.2489,6.2489,6.2489,6.2489,6.2489,6.2489,6.2489,6.2489,6.2489,6.2489,6.2489,6.2489,6.2489,6.2489,6.2489,6.2489,6.2489,6.2489,6.2489,6.2489,6.2489,6.2489,6.2489,6.2489,6.2489,6.2489,6.2489,6.2489,6.2489,6.2489,6.2489,6.2489,6.2489,6.2489,6.2489,6.2489,6.2489,6.2489,6.2489,6.2489,6.2489,6.2489,6.2489,6.2489,6.2489,6.2489,6.2489,6.2489,6.2489,6.2489,6.2489,6.2489,6.2489,6.2489,6.2489,6.2489,6.2489,6.2489,6.2489,6.2489,6.2489,6.2489,6.2489,6.2489,6.2489,6.2489,6.2489,6.2489,6.2489,6.2489,6.2489,6.2489,6.2489,6.2489,6.2489,6.2489,6.2489,6.2489,6.2489,6.2489,6.2489,6.2489,6.2489,6.2489,6.2489,6.2489,6.2489,6.2489,6.2489,6.2489,6.2489,6.2489,6.2489,6.2489,6.2489,6.2489,6.2489,6.2489,6.2489,6.2489,6.2489,6.2489,6.2489,6.2489,6.2489,6.2489,6.2489,6.2489,6.2489,6.2489,6.2489,6.2489,6.2489,6.2489,6.2489,6.2489,6.2489,6.2489,6.2489,6.2489,6.2489,6.2489,6.2489,6.2489,6.2489,6.2489,6.2489,6.2489,6.2489,6.2489,6.2489,6.2489,6.2489,6.2489,6.2489,6.2489,6.2489,6.2489,6.2489,6.2489,6.2489,6.2489,6.2489,6.2489,6.2489,6.2489,6.2489,6.2489,6.2489,6.2489,6.2489
6.2445,6.2445,6.2445,6.2445,6.2445,6.2445,6.2445,6.2445,6.2445,6.2445,6.2445,6.2445,6.2445,6.2445,6.2445,6.2445,6.2445,6.2445,6.2445,6.2445,6.2445,6.2445,6.2445,6.2445,6.2445,6.2445,6.2445,6.2445,6.2445,6.2445,6.2445,6.2445,6.2445,6.2445,6.2445,6.2445,6.2445,6.2445,6.2445,6.2445,6.2445,6.2445,6.2445,6.2445,6.2445,6.2445,6.2445,6.2445,6.2445,6.2445,6.2445,6.2445,6.2445,6.2445,6.2445,6.2445,6.2445,6.2445,6.2445,6.2445,6.2445,6.2445,6.2445,6.2445,6.2445,6.2445,6.2445,6.2445,6.2445,6.2445,6.2445,6.2445,6.2445,6.2445,6.2445,6.2445,6.2445,6.2445,6.2445,6.2445,6.2445,6.2445,6.2445,6.2445,6.2445,6.2445,6.2445,6.2445,6.2445,6.2445,6.2445,6.2445,6.2445,6.2445,6.2445,6.2445,6.2445,6.2445,6.2445,6.2445,6.2445,6.2445,6.2445,6.2445,6.2445,6.2445,6.2445,6.2445,6.2445,6.2445,6.2445,6.2445,6.2445,6.2445,6.2445,6.2445,6.2445,6.2445,6.2445,6.2445,6.2445,6.2445,6.2445,6.2445,6.2445,6.2445,6.2445,6.2445,6.2445,6.2445,6.2445,6.2445,6.2445,6.2445,6.2445,6.2445,6.2445,6.2445,6.2445,6.2445,6.2445,6.2445,6.2445,6.2445,6.2445,6.2445,6.2445,6.2445,6.2445,6.2445,6.2445,6.2445,6.2445,6.2445,6.2445,6.2445,6.2445,6.2445,6.2445,6.2445,6.2445,6.2445,6.2445,6.2445,6.2445,6.2445,6.2445,6.2445,6.2445,6.2445,6.2445,6.2445,6.2445,6.2445,6.2445,6.2445,6.2445,6.2445,6.2445,6.2445,6.2445,6.2445,6.2445,6.2445,6.2445,6.2445,6.2445,6.2445,6.2445,6.2445,6.2445,6.2445,6.2445,6.2445,6.2445,6.2445,6.2445,6.2445,6.2445,6.2445,6.2445,6.2445,6.2445,6.2445,6.2445,6.2445,6.2445,6.2445,6.2445,6.2445,6.2445,6.2445,6.2445,6.2445,6.2445,6.2445,6.2445,6.2445,6.2445,6.2445,6.2445,6.2445,6.2445,6.2445,6.2445,6.2445,6.2445,6.2445,6.2445,6.2445,6.2445,6.2445,6.2445,6.2445,6.2445,6.2445,6.2445,6.2445,6.2445,6.2445,6.2445,6.2445,6.2445,6.2445,6.2445,6.2445,6.2445,6.2445,6.2445,6.2445,6.2445,6.2445,6.2445,6.2445,6.2445,6.2445,6.2445,6.2445,6.2445,6.2445,6.2445,6.2445,6.2445,6.2445,6.2445,6.2445,6.2445,6.2445,6.2445,6.2445,6.2445,6.2445,6.2445,6.2445,6.2445,6.2445,6.2445,6.2445,6.2445,6.2445,6.2445,6.2445,6.2445,6.2445,6.2445,6.2445,6.2445,6.2445,6.2445,6.2445,6.2445,6.2445,6.2445,6.2445,6.2445,6.2445,6.2445,6.2445,6.2445,6.2445,6.2445,6.2445,6.2445,6.2445,6.2445,6.2445,6.2445,6.2445,6.2445,6.2445,6.2445,6.2445,6.2445,6.2445,6.2445,6.2445,6.2445,6.2445,6.2445,6.2445,6.2445,6.2445,6.2445,6.2445,6.2445,6.2445,6.2445,6.2445,6.2445,6.2445,6.2445,6.2445,6.2445,6.2445,6.2445,6.2445,6.2445,6.2445,6.2445,6.2445,6.2445,6.2445,6.2445,6.2445,6.2445,6.2445,6.2445,6.2445,6.2445,6.2445,6.2445,6.2445,6.2445,6.2445,6.2445,6.2445,6.2445,6.2445,6.2445,6.2445,6.2445,6.2445,6.2445,6.2445,6.2445,6.2445,6.2445,6.2445,6.2445,6.2445,6.2445,6.2445,6.2445,6.2445,6.2445,6.2445,6.2445,6.2445,6.2445,6.2445,6.2445,6.2445,6.2445,6.2445,6.2445,6.2445,6.2445,6.2445,6.2445,6.2445,6.2445,6.2445,6.2445,6.2445,6.2445,6.2445,6.2445,6.2445,6.2445,6.2445,6.2445,6.2445,6.2445,6.2445,6.2445,6.2445,6.2445,6.2445,6.2445,6.2445,6.2445,6.2445,6.2445,6.2445,6.2445,6.2445,6.2445,6.2445,6.2445,6.2445,6.2445,6.2445,6.2445,6.2445,6.2445,6.2445,6.2445,6.2445,6.2445,6.2445,6.2445,6.2445,6.2445,6.2445,6.2445,6.2445,6.2445,6.2445,6.2445,6.2445,6.2445,6.2445,6.2445,6.2445,6.2445,6.2445,6.2445,6.2445,6.2445,6.2445,6.2445,6.2445,6.2445,6.2445,6.2445,6.2445,6.2445,6.2445,6.2445,6.2445,6.2445,6.2445,6.2445,6.2445,6.2445,6.2445,6.2445,6.2445,6.2445,6.2445,6.2445,6.2445,6.2445,6.2445,6.2445,6.2445,6.2445,6.2445,6.2445,6.2445,6.2445,6.2445,6.2445,6.2445,6.2445,6.2445,6.2445,6.2445,6.2445,6.2445,6.2445,6.2445,6.2445,6.2445,6.2445,6.2445,6.2445,6.2445,6.2445,6.2445,6.2445,6.2445,6.2445,6.2445,6.2445,6.2445,6.2445,6.2445,6.2445,6.2445,6.2445,6.2445,6.2445,6.2445,6.2445,6.2445,6.2445,6.2445,6.2445,6.2445,6.2445,6.2445,6.2445,6.2445,6.2445,6.2445,6.2445,6.2445,6.2445,6.2445,6.2445,6.2445,6.2445,6.2445,6.2445,6.2445,6.2445,6.2445,6.2445,6.2445,6.2445,6.2445,6.2445,6.2445,6.2445,6.2445,6.2445,6.2445,6.2445,6.2445,6.2445,6.2445,6.2445,6.2445,6.2445,6.2445,6.2445,6.2445,6.2445,6.2445,6.2445,6.2445,6.2445,6.2445,6.2445,6.2445,6.2445,6.2445,6.2445,6.2445,6.2445,6.2445,6.2445,6.2445,6.2445,6.2445,6.2445,6.2445,6.2445,6.2445,6.2445,6.2445,6.2445,6.2445,6.2445,6.2445,6.2445,6.2445,6.2445,6.2445,6.2445,6.2445,6.2445,6.2445,6.2445,6.2445,6.2445,6.2445,6.2445,6.2445,6.2445,6.2445,6.2445,6.2445,6.2445,6.2445,6.2445,6.2445,6.2445,6.2445,6.2445,6.2445,6.2445,6.2445,6.2445,6.2445,6.2445,6.2445,6.2445,6.2445,6.2445,6.2445,6.2445,6.2445,6.2445,6.2445,6.2445,6.2445,6.2445,6.2445,6.2445,6.2445,6.2445,6.2445,6.2445,6.2445,6.2445,6.2445,6.2445,6.2445,6.2445,6.2445,6.2445,6.2445,6.2445,6.2445,6.2445,6.2445,6.2445,6.2445,6.2445,6.2445,6.2445,6.2445,6.2445,6.2445,6.2445,6.2445,6.2445,6.2445,6.2445,6.2445,6.2445,6.2445,6.2445,6.2445,6.2445,6.2445,6.2445,6.2445,6.2445,6.2445,6.2445,6.2445,6.2445,6.2445,6.2445,6.2445,6.2445,6.2445,6.2445,6.2445,6.2445,6.2445,6.2445,6.2445,6.2445,6.2445,6.2445,6.2445,6.2445,6.2445,6.2445,6.2445,6.2445,6.2445,6.2445,6.2445,6.2445,6.2445,6.2445,6.2445,6.2445,6.2445,6.2445,6.2445,6.2445,6.2445,6.2445,6.2445,6.2445,6.2445,6.2445,6.2445,6.2445,6.2445,6.2445,6.2445,6.2445,6.2445,6.2445,6.2445,6.2445,6.2445,6.2445,6.2445,6.2445,6.2445,6.2445,6.2445,6.2445,6.2445,6.2445,6.2445,6.2445,6.2445,6.2445,6.2445,6.2445,6.2445,6.2445,6.2445,6.2445,6.2445,6.2445,6.2445,6.2445,6.2445,6.2445,6.2445,6.2445,6.2445,6.2445,6.2445,6.2445,6.2445,6.2445,6.2445,6.2445,6.2445,6.2445,6.2445,6.2445,6.2445,6.2445,6.2445,6.2445,6.2445,6.2445,6.2445,6.2445,6.2445,6.2445,6.2445,6.2445,6.2445,6.2445,6.2445,6.2445,6.2445,6.2445,6.2445,6.2445,6.2445,6.2445,6.2445,6.2445,6.2445,6.2445,6.2445,6.2445,6.2445,6.2445,6.2445,6.2445,6.2445,6.2445,6.2445,6.2445,6.2445,6.2445,6.2445,6.2445,6.2445,6.2445,6.2445,6.2445,6.2445,6.2445,6.2445,6.2445,6.2445,6.2445,6.2445,6.2445,6.2445,6.2445,6.2445,6.2445,6.2445,6.2445,6.2445,6.2445,6.2445,6.2445,6.2445,6.2445,6.2445,6.2445,6.2445,6.2445,6.2445,6.2445,6.2445,6.2445,6.2445,6.2445,6.2445,6.2445,6.2445,6.2445,6.2445,6.2445,6.2445,6.2445,6.2445,6.2445,6.2445,6.2445,6.2445,6.2445,6.2445,6.2445,6.2445,6.2445,6.2445,6.2445,6.2445,6.2445,6.2445,6.2445,6.2445,6.2445,6.2445,6.2445,6.2445,6.2445,6.2445,6.2445,6.2445,6.2445,6.2445,6.2445,6.2445,6.2445,6.2445,6.2445,6.2445,6.2445,6.2445,6.2445,6.2445,6.2445,6.2445,6.2445,6.2445,6.2445,6.2445,6.2445,6.2445,6.2445,6.2445,6.2445,6.2445,6.2445,6.2445,6.2445,6.2445,6.2445,6.2445,6.2445,6.2445,6.2445,6.2445,6.2445,6.2445,6.2445,6.2445,6.2445,6.2445,6.2445,6.2445,6.2445,6.2445,6.2445,6.2445,6.2445,6.2445,6.2445,6.2445,6.2445,6.2445,6.2445,6.2445,6.2445,6.2445,6.2445,6.2445,6.2445,6.2445,6.2445,6.2445,6.2445,6.2445,6.2445,6.2445,6.2445,6.2445,6.2445,6.2445,6.2445,6.2445,6.2445,6.2445,6.2445,6.2445,6.2445,6.2445,6.2445,6.2445,6.2445,6.2445,6.2445,6.2445,6.2445,6.2445,6.2445,6.2445,6.2445,6.2445
6.2403,6.2403,6.2403,6.2403,6.2403,6.2403,6.2403,6.2403,6.2403,6.2403,6.2403,6.2403,6.2403,6.2403,6.2403,6.2403,6.2403,6.2403,6.2403,6.2403,6.2403,6.2403,6.2403,6.2403,6.2403,6.2403,6.2403,6.2403,6.2403,6.2403,6.2403,6.2403,6.2403,6.2403,6.2403,6.2403,6.2403,6.2403,6.2403,6.2403,6.2403,6.2403,6.2403,6.2403,6.2403,6.2403,6.2403,6.2403,6.2403,6.2403,6.2403,6.2403,6.2403,6.2403,6.2403,6.2403,6.2403,6.2403,6.2403,6.2403,6.2403,6.2403,6.2403,6.2403,6.2403,6.2403,6.2403,6.2403,6.2403,6.2403,6.2403,6.2403,6.2403,6.2403,6.2403,6.2403,6.2403,6.2403,6.2403,6.2403,6.2403,6.2403,6.2403,6.2403,6.2403,6.2403,6.2403,6.2403,6.2403,6.2403,6.2403,6.2403,6.2403,6.2403,6.2403,6.2403,6.2403,6.2403,6.2403,6.2403,6.2403,6.2403,6.2403,6.2403,6.2403,6.2403,6.2403,6.2403,6.2403,6.2403,6.2403,6.2403,6.2403,6.2403,6.2403,6.2403,6.2403,6.2403,6.2403,6.2403,6.2403,6.2403,6.2403,6.2403,6.2403,6.2403,6.2403,6.2403,6.2403,6.2403,6.2403,6.2403,6.2403,6.2403,6.2403,6.2403,6.2403,6.2403,6.2403,6.2403,6.2403,6.2403,6.2403,6.2403,6.2403,6.2403,6.2403,6.2403,6.2403,6.2403,6.2403,6.2403,6.2403,6.2403,6.2403,6.2403,6.2403,6.2403,6.2403,6.2403,6.2403,6.2403,6.2403,6.2403,6.2403,6.2403,6.2403,6.2403,6.2403,6.2403,6.2403,6.2403,6.2403,6.2403,6.2403,6.2403,6.2403,6.2403,6.2403,6.2403,6.2403,6.2403,6.2403,6.2403,6.2403,6.2403,6.2403,6.2403,6.2403,6.2403,6.2403,6.2403,6.2403,6.2403,6.2403,6.2403,6.2403,6.2403,6.2403,6.2403,6.2403,6.2403,6.2403,6.2403,6.2403,6.2403,6.2403,6.2403,6.2403,6.2403,6.2403,6.2403,6.2403,6.2403,6.2403,6.2403,6.2403,6.2403,6.2403,6.2403,6.2403,6.2403,6.2403,6.2403,6.2403,6.2403,6.2403,6.2403,6.2403,6.2403,6.2403,6.2403,6.2403,6.2403,6.2403,6.2403,6.2403,6.2403,6.2403,6.2403,6.2403,6.2403,6.2403,6.2403,6.2403,6.2403,6.2403,6.2403,6.2403,6.2403,6.2403,6.2403,6.2403,6.2403,6.2403,6.2403,6.2403,6.2403,6.2403,6.2403,6.2403,6.2403,6.2403,6.2403,6.2403,6.2403,6.2403,6.2403,6.2403,6.2403,6.2403,6.2403,6.2403,6.2403,6.2403,6.2403,6.2403,6.2403,6.2403,6.2403,6.2403,6.2403,6.2403,6.2403,6.2403,6.2403,6.2403,6.2403,6.2403,6.2403,6.2403,6.2403,6.2403,6.2403,6.2403,6.2403,6.2403,6.2403,6.2403,6.2403,6.2403,6.2403,6.2403,6.2403,6.2403,6.2403,6.2403,6.2403,6.2403,6.2403,6.2403,6.2403,6.2403,6.2403,6.2403,6.2403,6.2403,6.2403,6.2403,6.2403,6.2403,6.2403,6.2403,6.2403,6.2403,6.2403,6.2403,6.2403,6.2403,6.2403,6.2403,6.2403,6.2403,6.2403,6.2403,6.2403,6.2403,6.2403,6.2403,6.2403,6.2403,6.2403,6.2403,6.2403,6.2403,6.2403,6.2403,6.2403,6.2403,6.2403,6.2403,6.2403,6.2403,6.2403,6.2403,6.2403,6.2403,6.2403,6.2403,6.2403,6.2403,6.2403,6.2403,6.2403,6.2403,6.2403,6.2403,6.2403,6.2403,6.2403,6.2403,6.2403,6.2403,6.2403,6.2403,6.2403,6.2403,6.2403,6.2403,6.2403,6.2403,6.2403,6.2403,6.2403,6.2403,6.2403,6.2403,6.2403,6.2403,6.2403,6.2403,6.2403,6.2403,6.2403,6.2403,6.2403,6.2403,6.2403,6.2403,6.2403,6.2403,6.2403,6.2403,6.2403,6.2403,6.2403,6.2403,6.2403,6.2403,6.2403,6.2403,6.2403,6.2403,6.2403,6.2403,6.2403,6.2403,6.2403,6.2403,6.2403,6.2403,6.2403,6.2403,6.2403,6.2403,6.2403,6.2403,6.2403,6.2403,6.2403,6.2403,6.2403,6.2403,6.2403,6.2403,6.2403,6.2403,6.2403,6.2403,6.2403,6.2403,6.2403,6.2403,6.2403,6.2403,6.2403,6.2403,6.2403,6.2403,6.2403,6.2403,6.2403,6.2403,6.2403,6.2403,6.2403,6.2403,6.2403,6.2403,6.2403,6.2403,6.2403,6.2403,6.2403,6.2403,6.2403,6.2403,6.2403,6.2403,6.2403,6.2403,6.2403,6.2403,6.2403,6.2403,6.2403,6.2403,6.2403,6.2403,6.2403,6.2403,6.2403,6.2403,6.2403,6.2403,6.2403,6.2403,6.2403,6.2403,6.2403,6.2403,6.2403,6.2403,6.2403,6.2403,6.2403,6.2403,6.2403,6.2403,6.2403,6.2403,6.2403,6.2403,6.2403,6.2403,6.2403,6.2403,6.2403,6.2403,6.2403,6.2403,6.2403,6.2403,6.2403,6.2403,6.2403,6.2403,6.2403,6.2403,6.2403,6.2403,6.2403,6.2403,6.2403,6.2403,6.2403,6.2403,6.2403,6.2403,6.2403,6.2403,6.2403,6.2403,6.2403,6.2403,6.2403,6.2403,6.2403,6.2403,6.2403,6.2403,6.2403,6.2403,6.2403,6.2403,6.2403,6.2403,6.2403,6.2403,6.2403,6.2403,6.2403,6.2403,6.2403,6.2403,6.2403,6.2403,6.2403,6.2403,6.2403,6.2403,6.2403,6.2403,6.2403,6.2403,6.2403,6.2403,6.2403,6.2403,6.2403,6.2403,6.2403,6.2403,6.2403,6.2403,6.2403,6.2403,6.2403,6.2403,6.2403,6.2403,6.2403,6.2403,6.2403,6.2403,6.2403,6.2403,6.2403,6.2403,6.2403,6.2403,6.2403,6.2403,6.2403,6.2403,6.2403,6.2403,6.2403,6.2403,6.2403,6.2403,6.2403,6.2403,6.2403,6.2403,6.2403,6.2403,6.2403,6.2403,6.2403,6.2403,6.2403,6.2403,6.2403,6.2403,6.2403,6.2403,6.2403,6.2403,6.2403,6.2403,6.2403,6.2403,6.2403,6.2403,6.2403,6.2403,6.2403,6.2403,6.2403,6.2403,6.2403,6.2403,6.2403,6.2403,6.2403,6.2403,6.2403,6.2403,6.2403,6.2403,6.2403,6.2403,6.2403,6.2403,6.2403,6.2403,6.2403,6.2403,6.2403,6.2403,6.2403,6.2403,6.2403,6.2403,6.2403,6.2403,6.2403,6.2403,6.2403,6.2403,6.2403,6.2403,6.2403,6.2403,6.2403,6.2403,6.2403,6.2403,6.2403,6.2403,6.2403,6.2403,6.2403,6.2403,6.2403,6.2403,6.2403,6.2403,6.2403,6.2403,6.2403,6.2403,6.2403,6.2403,6.2403,6.2403,6.2403,6.2403,6.2403,6.2403,6.2403,6.2403,6.2403,6.2403,6.2403,6.2403,6.2403,6.2403,6.2403,6.2403,6.2403,6.2403,6.2403,6.2403,6.2403,6.2403,6.2403,6.2403,6.2403,6.2403,6.2403,6.2403,6.2403,6.2403,6.2403,6.2403,6.2403,6.2403,6.2403,6.2403,6.2403,6.2403,6.2403,6.2403,6.2403,6.2403,6.2403,6.2403,6.2403,6.2403,6.2403,6.2403,6.2403,6.2403,6.2403,6.2403,6.2403,6.2403,6.2403,6.2403,6.2403,6.2403,6.2403,6.2403,6.2403,6.2403,6.2403,6.2403,6.2403,6.2403,6.2403,6.2403,6.2403,6.2403,6.2403,6.2403,6.2403,6.2403,6.2403,6.2403,6.2403,6.2403,6.2403,6.2403,6.2403,6.2403,6.2403,6.2403,6.2403,6.2403,6.2403,6.2403,6.2403,6.2403,6.2403,6.2403,6.2403,6.2403,6.2403,6.2403,6.2403,6.2403,6.2403,6.2403,6.2403,6.2403,6.2403,6.2403,6.2403,6.2403,6.2403,6.2403,6.2403,6.2403,6.2403,6.2403,6.2403,6.2403,6.2403,6.2403,6.2403,6.2403,6.2403,6.2403,6.2403,6.2403,6.2403,6.2403,6.2403,6.2403,6.2403,6.2403,6.2403,6.2403,6.2403,6.2403,6.2403,6.2403,6.2403,6.2403,6.2403,6.2403,6.2403,6.2403,6.2403,6.2403,6.2403,6.2403,6.2403,6.2403,6.2403,6.2403,6.2403,6.2403,6.2403,6.2403,6.2403,6.2403,6.2403,6.2403,6.2403,6.2403,6.2403,6.2403,6.2403,6.2403,6.2403,6.2403,6.2403,6.2403,6.2403,6.2403,6.2403,6.2403,6.2403,6.2403,6.2403,6.2403,6.2403,6.2403,6.2403,6.2403,6.2403,6.2403,6.2403,6.2403,6.2403,6.2403,6.2403,6.2403,6.2403,6.2403,6.2403,6.2403,6.2403,6.2403,6.2403,6.2403,6.2403,6.2403,6.2403,6.2403,6.2403,6.2403,6.2403,6.2403,6.2403,6.2403,6.2403,6.2403,6.2403,6.2403,6.2403,6.2403,6.2403,6.2403,6.2403,6.2403,6.2403,6.2403,6.2403,6.2403,6.2403,6.2403,6.2403,6.2403,6.2403,6.2403,6.2403,6.2403,6.2403,6.2403,6.2403,6.2403,6.2403,6.2403,6.2403,6.2403,6.2403,6.2403,6.2403,6.2403,6.2403,6.2403,6.2403,6.2403,6.2403,6.2403,6.2403,6.2403,6.2403,6.2403,6.2403,6.2403,6.2403,6.2403,6.2403,6.2403,6.2403,6.2403,6.2403,6.2403,6.2403,6.2403,6.2403,6.2403,6.2403,6.2403,6.2403,6.2403,6.2403,6.2403,6.2403,6.2403,6.2403,6.2403,6.2403,6.2403,6.2403
6.2359,6.2359,6.2359,6.2359,6.2359,6.2359,6.2359,6.2359,6.2359,6.2359,6.2359,6.2359,6.2359,6.2359,6.2359,6.2359,6.2359,6.2359,6.2359,6.2359,6.2359,6.2359,6.2359,6.2359,6.2359,6.2359,6.2359,6.2359,6.2359,6.2359,6.2359,6.2359,6.2359,6.2359,6.2359,6.2359,6.2359,6.2359,6.2359,6.2359,6.2359,6.2359,6.2359,6.2359,6.2359,6.2359,6.2359,6.2359,6.2359,6.2359,6.2359,6.2359,6.2359,6.2359,6.2359,6.2359,6.2359,6.2359,6.2359,6.2359,6.2359,6.2359,6.2359,6.2359,6.2359,6.2359,6.2359,6.2359,6.2359,6.2359,6.2359,6.2359,6.2359,6.2359,6.2359,6.2359,6.2359,6.2359,6.2359,6.2359,6.2359,6.2359,6.2359,6.2359,6.2359,6.2359,6.2359,6.2359,6.2359,6.2359,6.2359,6.2359,6.2359,6.2359,6.2359,6.2359,6.2359,6.2359,6.2359,6.2359,6.2359,6.2359,6.2359,6.2359,6.2359,6.2359,6.2359,6.2359,6.2359,6.2359,6.2359,6.2359,6.2359,6.2359,6.2359,6.2359,6.2359,6.2359,6.2359,6.2359,6.2359,6.2359,6.2359,6.2359,6.2359,6.2359,6.2359,6.2359,6.2359,6.2359,6.2359,6.2359,6.2359,6.2359,6.2359,6.2359,6.2359,6.2359,6.2359,6.2359,6.2359,6.2359,6.2359,6.2359,6.2359,6.2359,6.2359,6.2359,6.2359,6.2359,6.2359,6.2359,6.2359,6.2359,6.2359,6.2359,6.2359,6.2359,6.2359,6.2359,6.2359,6.2359,6.2359,6.2359,6.2359,6.2359,6.2359,6.2359,6.2359,6.2359,6.2359,6.2359,6.2359,6.2359,6.2359,6.2359,6.2359,6.2359,6.2359,6.2359,6.2359,6.2359,6.2359,6.2359,6.2359,6.2359,6.2359,6.2359,6.2359,6.2359,6.2359,6.2359,6.2359,6.2359,6.2359,6.2359,6.2359,6.2359,6.2359,6.2359,6.2359,6.2359,6.2359,6.2359,6.2359,6.2359,6.2359,6.2359,6.2359,6.2359,6.2359,6.2359,6.2359,6.2359,6.2359,6.2359,6.2359,6.2359,6.2359,6.2359,6.2359,6.2359,6.2359,6.2359,6.2359,6.2359,6.2359,6.2359,6.2359,6.2359,6.2359,6.2359,6.2359,6.2359,6.2359,6.2359,6.2359,6.2359,6.2359,6.2359,6.2359,6.2359,6.2359,6.2359,6.2359,6.2359,6.2359,6.2359,6.2359,6.2359,6.2359,6.2359,6.2359,6.2359,6.2359,6.2359,6.2359,6.2359,6.2359,6.2359,6.2359,6.2359,6.2359,6.2359,6.2359,6.2359,6.2359,6.2359,6.2359,6.2359,6.2359,6.2359,6.2359,6.2359,6.2359,6.2359,6.2359,6.2359,6.2359,6.2359,6.2359,6.2359,6.2359,6.2359,6.2359,6.2359,6.2359,6.2359,6.2359,6.2359,6.2359,6.2359,6.2359,6.2359,6.2359,6.2359,6.2359,6.2359,6.2359,6.2359,6.2359,6.2359,6.2359,6.2359,6.2359,6.2359,6.2359,6.2359,6.2359,6.2359,6.2359,6.2359,6.2359,6.2359,6.2359,6.2359,6.2359,6.2359,6.2359,6.2359,6.2359,6.2359,6.2359,6.2359,6.2359,6.2359,6.2359,6.2359,6.2359,6.2359,6.2359,6.2359,6.2359,6.2359,6.2359,6.2359,6.2359,6.2359,6.2359,6.2359,6.2359,6.2359,6.2359,6.2359,6.2359,6.2359,6.2359,6.2359,6.2359,6.2359,6.2359,6.2359,6.2359,6.2359,6.2359,6.2359,6.2359,6.2359,6.2359,6.2359,6.2359,6.2359,6.2359,6.2359,6.2359,6.2359,6.2359,6.2359,6.2359,6.2359,6.2359,6.2359,6.2359,6.2359,6.2359,6.2359,6.2359,6.2359,6.2359,6.2359,6.2359,6.2359,6.2359,6.2359,6.2359,6.2359,6.2359,6.2359,6.2359,6.2359,6.2359,6.2359,6.2359,6.2359,6.2359,6.2359,6.2359,6.2359,6.2359,6.2359,6.2359,6.2359,6.2359,6.2359,6.2359,6.2359,6.2359,6.2359,6.2359,6.2359,6.2359,6.2359,6.2359,6.2359,6.2359,6.2359,6.2359,6.2359,6.2359,6.2359,6.2359,6.2359,6.2359,6.2359,6.2359,6.2359,6.2359,6.2359,6.2359,6.2359,6.2359,6.2359,6.2359,6.2359,6.2359,6.2359,6.2359,6.2359,6.2359,6.2359,6.2359,6.2359,6.2359,6.2359,6.2359,6.2359,6.2359,6.2359,6.2359,6.2359,6.2359,6.2359,6.2359,6.2359,6.2359,6.2359,6.2359,6.2359,6.2359,6.2359,6.2359,6.2359,6.2359,6.2359,6.2359,6.2359,6.2359,6.2359,6.2359,6.2359,6.2359,6.2359,6.2359,6.2359,6.2359,6.2359,6.2359,6.2359,6.2359,6.2359,6.2359,6.2359,6.2359,6.2359,6.2359,6.2359,6.2359,6.2359,6.2359,6.2359,6.2359,6.2359,6.2359,6.2359,6.2359,6.2359,6.2359,6.2359,6.2359,6.2359,6.2359,6.2359,6.2359,6.2359,6.2359,6.2359,6.2359,6.2359,6.2359,6.2359,6.2359,6.2359,6.2359,6.2359,6.2359,6.2359,6.2359,6.2359,6.2359,6.2359,6.2359,6.2359,6.2359,6.2359,6.2359,6.2359,6.2359,6.2359,6.2359,6.2359,6.2359,6.2359,6.2359,6.2359,6.2359,6.2359,6.2359,6.2359,6.2359,6.2359,6.2359,6.2359,6.2359,6.2359,6.2359,6.2359,6.2359,6.2359,6.2359,6.2359,6.2359,6.2359,6.2359,6.2359,6.2359,6.2359,6.2359,6.2359,6.2359,6.2359,6.2359,6.2359,6.2359,6.2359,6.2359,6.2359,6.2359,6.2359,6.2359,6.2359,6.2359,6.2359,6.2359,6.2359,6.2359,6.2359,6.2359,6.2359,6.2359,6.2359,6.2359,6.2359,6.2359,6.2359,6.2359,6.2359,6.2359,6.2359,6.2359,6.2359,6.2359,6.2359,6.2359,6.2359,6.2359,6.2359,6.2359,6.2359,6.2359,6.2359,6.2359,6.2359,6.2359,6.2359,6.2359,6.2359,6.2359,6.2359,6.2359,6.2359,6.2359,6.2359,6.2359,6.2359,6.2359,6.2359,6.2359,6.2359,6.2359,6.2359,6.2359,6.2359,6.2359,6.2359,6.2359,6.2359,6.2359,6.2359,6.2359,6.2359,6.2359,6.2359,6.2359,6.2359,6.2359,6.2359,6.2359,6.2359,6.2359,6.2359,6.2359,6.2359,6.2359,6.2359,6.2359,6.2359,6.2359,6.2359,6.2359,6.2359,6.2359,6.2359,6.2359,6.2359,6.2359,6.2359,6.2359,6.2359,6.2359,6.2359,6.2359,6.2359,6.2359,6.2359,6.2359,6.2359,6.2359,6.2359,6.2359,6.2359,6.2359,6.2359,6.2359,6.2359,6.2359,6.2359,6.2359,6.2359,6.2359,6.2359,6.2359,6.2359,6.2359,6.2359,6.2359,6.2359,6.2359,6.2359,6.2359,6.2359,6.2359,6.2359,6.2359,6.2359,6.2359,6.2359,6.2359,6.2359,6.2359,6.2359,6.2359,6.2359,6.2359,6.2359,6.2359,6.2359,6.2359,6.2359,6.2359,6.2359,6.2359,6.2359,6.2359,6.2359,6.2359,6.2359,6.2359,6.2359,6.2359,6.2359,6.2359,6.2359,6.2359,6.2359,6.2359,6.2359,6.2359,6.2359,6.2359,6.2359,6.2359,6.2359,6.2359,6.2359,6.2359,6.2359,6.2359,6.2359,6.2359,6.2359,6.2359,6.2359,6.2359,6.2359,6.2359,6.2359,6.2359,6.2359,6.2359,6.2359,6.2359,6.2359,6.2359,6.2359,6.2359,6.2359,6.2359,6.2359,6.2359,6.2359,6.2359,6.2359,6.2359,6.2359,6.2359,6.2359,6.2359,6.2359,6.2359,6.2359,6.2359,6.2359,6.2359,6.2359,6.2359,6.2359,6.2359,6.2359,6.2359,6.2359,6.2359,6.2359,6.2359,6.2359,6.2359,6.2359,6.2359,6.2359,6.2359,6.2359,6.2359,6.2359,6.2359,6.2359,6.2359,6.2359,6.2359,6.2359,6.2359,6.2359,6.2359,6.2359,6.2359,6.2359,6.2359,6.2359,6.2359,6.2359,6.2359,6.2359,6.2359,6.2359,6.2359,6.2359,6.2359,6.2359,6.2359,6.2359,6.2359,6.2359,6.2359,6.2359,6.2359,6.2359,6.2359,6.2359,6.2359,6.2359,6.2359,6.2359,6.2359,6.2359,6.2359,6.2359,6.2359,6.2359,6.2359,6.2359,6.2359,6.2359,6.2359,6.2359,6.2359,6.2359,6.2359,6.2359,6.2359,6.2359,6.2359,6.2359,6.2359,6.2359,6.2359,6.2359,6.2359,6.2359,6.2359,6.2359,6.2359,6.2359,6.2359,6.2359,6.2359,6.2359,6.2359,6.2359,6.2359,6.2359,6.2359,6.2359,6.2359,6.2359,6.2359,6.2359,6.2359,6.2359,6.2359,6.2359,6.2359,6.2359,6.2359,6.2359,6.2359,6.2359,6.2359,6.2359,6.2359,6.2359,6.2359,6.2359,6.2359,6.2359,6.2359,6.2359,6.2359,6.2359,6.2359,6.2359,6.2359,6.2359,6.2359,6.2359,6.2359,6.2359,6.2359,6.2359,6.2359,6.2359,6.2359,6.2359,6.2359,6.2359,6.2359,6.2359,6.2359,6.2359,6.2359,6.2359,6.2359,6.2359,6.2359,6.2359,6.2359,6.2359,6.2359,6.2359,6.2359,6.2359,6.2359,6.2359,6.2359,6.2359,6.2359,6.2359,6.2359,6.2359,6.2359,6.2359,6.2359,6.2359,6.2359,6.2359,6.2359,6.2359,6.2359,6.2359,6.2359,6.2359,6.2359,6.2359,6.2359,6.2359,6.2359,6.2359,6.2359,6.2359,6.2359,6.2359,6.2359,6.2359
6.2315,6.2315,6.2315,6.2315,6.2315,6.2315,6.2315,6.2315,6.2315,6.2315,6.2315,6.2315,6.2315,6.2315,6.2315,6.2315,6.2315,6.2315,6.2315,6.2315,6.2315,6.2315,6.2315,6.2315,6.2315,6.2315,6.2315,6.2315,6.2315,6.2315,6.2315,6.2315,6.2315,6.2315,6.2315,6.2315,6.2315,6.2315,6.2315,6.2315,6.2315,6.2315,6.2315,6.2315,6.2315,6.2315,6.2315,6.2315,6.2315,6.2315,6.2315,6.2315,6.2315,6.2315,6.2315,6.2315,6.2315,6.2315,6.2315,6.2315,6.2315,6.2315,6.2315,6.2315,6.2315,6.2315,6.2315,6.2315,6.2315,6.2315,6.2315,6.2315,6.2315,6.2315,6.2315,6.2315,6.2315,6.2315,6.2315,6.2315,6.2315,6.2315,6.2315,6.2315,6.2315,6.2315,6.2315,6.2315,6.2315,6.2315,6.2315,6.2315,6.2315,6.2315,6.2315,6.2315,6.2315,6.2315,6.2315,6.2315,6.2315,6.2315,6.2315,6.2315,6.2315,6.2315,6.2315,6.2315,6.2315,6.2315,6.2315,6.2315,6.2315,6.2315,6.2315,6.2315,6.2315,6.2315,6.2315,6.2315,6.2315,6.2315,6.2315,6.2315,6.2315,6.2315,6.2315,6.2315,6.2315,6.2315,6.2315,6.2315,6.2315,6.2315,6.2315,6.2315,6.2315,6.2315,6.2315,6.2315,6.2315,6.2315,6.2315,6.2315,6.2315,6.2315,6.2315,6.2315,6.2315,6.2315,6.2315,6.2315,6.2315,6.2315,6.2315,6.2315,6.2315,6.2315,6.2315,6.2315,6.2315,6.2315,6.2315,6.2315,6.2315,6.2315,6.2315,6.2315,6.2315,6.2315,6.2315,6.2315,6.2315,6.2315,6.2315,6.2315,6.2315,6.2315,6.2315,6.2315,6.2315,6.2315,6.2315,6.2315,6.2315,6.2315,6.2315,6.2315,6.2315,6.2315,6.2315,6.2315,6.2315,6.2315,6.2315,6.2315,6.2315,6.2315,6.2315,6.2315,6.2315,6.2315,6.2315,6.2315,6.2315,6.2315,6.2315,6.2315,6.2315,6.2315,6.2315,6.2315,6.2315,6.2315,6.2315,6.2315,6.2315,6.2315,6.2315,6.2315,6.2315,6.2315,6.2315,6.2315,6.2315,6.2315,6.2315,6.2315,6.2315,6.2315,6.2315,6.2315,6.2315,6.2315,6.2315,6.2315,6.2315,6.2315,6.2315,6.2315,6.2315,6.2315,6.2315,6.2315,6.2315,6.2315,6.2315,6.2315,6.2315,6.2315,6.2315,6.2315,6.2315,6.2315,6.2315,6.2315,6.2315,6.2315,6.2315,6.2315,6.2315,6.2315,6.2315,6.2315,6.2315,6.2315,6.2315,6.2315,6.2315,6.2315,6.2315,6.2315,6.2315,6.2315,6.2315,6.2315,6.2315,6.2315,6.2315,6.2315,6.2315,6.2315,6.2315,6.2315,6.2315,6.2315,6.2315,6.2315,6.2315,6.2315,6.2315,6.2315,6.2315,6.2315,6.2315,6.2315,6.2315,6.2315,6.2315,6.2315,6.2315,6.2315,6.2315,6.2315,6.2315,6.2315,6.2315,6.2315,6.2315,6.2315,6.2315,6.2315,6.2315,6.2315,6.2315,6.2315,6.2315,6.2315,6.2315,6.2315,6.2315,6.2315,6.2315,6.2315,6.2315,6.2315,6.2315,6.2315,6.2315,6.2315,6.2315,6.2315,6.2315,6.2315,6.2315,6.2315,6.2315,6.2315,6.2315,6.2315,6.2315,6.2315,6.2315,6.2315,6.2315,6.2315,6.2315,6.2315,6.2315,6.2315,6.2315,6.2315,6.2315,6.2315,6.2315,6.2315,6.2315,6.2315,6.2315,6.2315,6.2315,6.2315,6.2315,6.2315,6.2315,6.2315,6.2315,6.2315,6.2315,6.2315,6.2315,6.2315,6.2315,6.2315,6.2315,6.2315,6.2315,6.2315,6.2315,6.2315,6.2315,6.2315,6.2315,6.2315,6.2315,6.2315,6.2315,6.2315,6.2315,6.2315,6.2315,6.2315,6.2315,6.2315,6.2315,6.2315,6.2315,6.2315,6.2315,6.2315,6.2315,6.2315,6.2315,6.2315,6.2315,6.2315,6.2315,6.2315,6.2315,6.2315,6.2315,6.2315,6.2315,6.2315,6.2315,6.2315,6.2315,6.2315,6.2315,6.2315,6.2315,6.2315,6.2315,6.2315,6.2315,6.2315,6.2315,6.2315,6.2315,6.2315,6.2315,6.2315,6.2315,6.2315,6.2315,6.2315,6.2315,6.2315,6.2315,6.2315,6.2315,6.2315,6.2315,6.2315,6.2315,6.2315,6.2315,6.2315,6.2315,6.2315,6.2315,6.2315,6.2315,6.2315,6.2315,6.2315,6.2315,6.2315,6.2315,6.2315,6.2315,6.2315,6.2315,6.2315,6.2315,6.2315,6.2315,6.2315,6.2315,6.2315,6.2315,6.2315,6.2315,6.2315,6.2315,6.2315,6.2315,6.2315,6.2315,6.2315,6.2315,6.2315,6.2315,6.2315,6.2315,6.2315,6.2315,6.2315,6.2315,6.2315,6.2315,6.2315,6.2315,6.2315,6.2315,6.2315,6.2315,6.2315,6.2315,6.2315,6.2315,6.2315,6.2315,6.2315,6.2315,6.2315,6.2315,6.2315,6.2315,6.2315,6.2315,6.2315,6.2315,6.2315,6.2315,6.2315,6.2315,6.2315,6.2315,6.2315,6.2315,6.2315,6.2315,6.2315,6.2315,6.2315,6.2315,6.2315,6.2315,6.2315,6.2315,6.2315,6.2315,6.2315,6.2315,6.2315,6.2315,6.2315,6.2315,6.2315,6.2315,6.2315,6.2315,6.2315,6.2315,6.2315,6.2315,6.2315,6.2315,6.2315,6.2315,6.2315,6.2315,6.2315,6.2315,6.2315,6.2315,6.2315,6.2315,6.2315,6.2315,6.2315,6.2315,6.2315,6.2315,6.2315,6.2315,6.2315,6.2315,6.2315,6.2315,6.2315,6.2315,6.2315,6.2315,6.2315,6.2315,6.2315,6.2315,6.2315,6.2315,6.2315,6.2315,6.2315,6.2315,6.2315,6.2315,6.2315,6.2315,6.2315,6.2315,6.2315,6.2315,6.2315,6.2315,6.2315,6.2315,6.2315,6.2315,6.2315,6.2315,6.2315,6.2315,6.2315,6.2315,6.2315,6.2315,6.2315,6.2315,6.2315,6.2315,6.2315,6.2315,6.2315,6.2315,6.2315,6.2315,6.2315,6.2315,6.2315,6.2315,6.2315,6.2315,6.2315,6.2315,6.2315,6.2315,6.2315,6.2315,6.2315,6.2315,6.2315,6.2315,6.2315,6.2315,6.2315,6.2315,6.2315,6.2315,6.2315,6.2315,6.2315,6.2315,6.2315,6.2315,6.2315,6.2315,6.2315,6.2315,6.2315,6.2315,6.2315,6.2315,6.2315,6.2315,6.2315,6.2315,6.2315,6.2315,6.2315,6.2315,6.2315,6.2315,6.2315,6.2315,6.2315,6.2315,6.2315,6.2315,6.2315,6.2315,6.2315,6.2315,6.2315,6.2315,6.2315,6.2315,6.2315,6.2315,6.2315,6.2315,6.2315,6.2315,6.2315,6.2315,6.2315,6.2315,6.2315,6.2315,6.2315,6.2315,6.2315,6.2315,6.2315,6.2315,6.2315,6.2315,6.2315,6.2315,6.2315,6.2315,6.2315,6.2315,6.2315,6.2315,6.2315,6.2315,6.2315,6.2315,6.2315,6.2315,6.2315,6.2315,6.2315,6.2315,6.2315,6.2315,6.2315,6.2315,6.2315,6.2315,6.2315,6.2315,6.2315,6.2315,6.2315,6.2315,6.2315,6.2315,6.2315,6.2315,6.2315,6.2315,6.2315,6.2315,6.2315,6.2315,6.2315,6.2315,6.2315,6.2315,6.2315,6.2315,6.2315,6.2315,6.2315,6.2315,6.2315,6.2315,6.2315,6.2315,6.2315,6.2315,6.2315,6.2315,6.2315,6.2315,6.2315,6.2315,6.2315,6.2315,6.2315,6.2315,6.2315,6.2315,6.2315,6.2315,6.2315,6.2315,6.2315,6.2315,6.2315,6.2315,6.2315,6.2315,6.2315,6.2315,6.2315,6.2315,6.2315,6.2315,6.2315,6.2315,6.2315,6.2315,6.2315,6.2315,6.2315,6.2315,6.2315,6.2315,6.2315,6.2315,6.2315,6.2315,6.2315,6.2315,6.2315,6.2315,6.2315,6.2315,6.2315,6.2315,6.2315,6.2315,6.2315,6.2315,6.2315,6.2315,6.2315,6.2315,6.2315,6.2315,6.2315,6.2315,6.2315,6.2315,6.2315,6.2315,6.2315,6.2315,6.2315,6.2315,6.2315,6.2315,6.2315,6.2315,6.2315,6.2315,6.2315,6.2315,6.2315,6.2315,6.2315,6.2315,6.2315,6.2315,6.2315,6.2315,6.2315,6.2315,6.2315,6.2315,6.2315,6.2315,6.2315,6.2315,6.2315,6.2315,6.2315,6.2315,6.2315,6.2315,6.2315,6.2315,6.2315,6.2315,6.2315,6.2315,6.2315,6.2315,6.2315,6.2315,6.2315,6.2315,6.2315,6.2315,6.2315,6.2315,6.2315,6.2315,6.2315,6.2315,6.2315,6.2315,6.2315,6.2315,6.2315,6.2315,6.2315,6.2315,6.2315,6.2315,6.2315,6.2315,6.2315,6.2315,6.2315,6.2315,6.2315,6.2315,6.2315,6.2315,6.2315,6.2315,6.2315,6.2315,6.2315,6.2315,6.2315,6.2315,6.2315,6.2315,6.2315,6.2315,6.2315,6.2315,6.2315,6.2315,6.2315,6.2315,6.2315,6.2315,6.2315,6.2315,6.2315,6.2315,6.2315,6.2315,6.2315,6.2315,6.2315,6.2315,6.2315,6.2315,6.2315,6.2315,6.2315,6.2315,6.2315,6.2315,6.2315,6.2315,6.2315,6.2315,6.2315,6.2315,6.2315,6.2315,6.2315,6.2315,6.2315,6.2315,6.2315,6.2315,6.2315,6.2315,6.2315,6.2315,6.2315,6.2315,6.2315,6.2315,6.2315,6.2315,6.2315,6.2315,6.2315,6.2315,6.2315
6.2272,6.2272,6.2272,6.2272,6.2272,6.2272,6.2272,6.2272,6.2272,6.2272,6.2272,6.2272,6.2272,6.2272,6.2272,6.2272,6.2272,6.2272,6.2272,6.2272,6.2272,6.2272,6.2272,6.2272,6.2272,6.2272,6.2272,6.2272,6.2272,6.2272,6.2272,6.2272,6.2272,6.2272,6.2272,6.2272,6.2272,6.2272,6.2272,6.2272,6.2272,6.2272,6.2272,6.2272,6.2272,6.2272,6.2272,6.2272,6.2272,6.2272,6.2272,6.2272,6.2272,6.2272,6.2272,6.2272,6.2272,6.2272,6.2272,6.2272,6.2272,6.2272,6.2272,6.2272,6.2272,6.2272,6.2272,6.2272,6.2272,6.2272,6.2272,6.2272,6.2272,6.2272,6.2272,6.2272,6.2272,6.2272,6.2272,6.2272,6.2272,6.2272,6.2272,6.2272,6.2272,6.2272,6.2272,6.2272,6.2272,6.2272,6.2272,6.2272,6.2272,6.2272,6.2272,6.2272,6.2272,6.2272,6.2272,6.2272,6.2272,6.2272,6.2272,6.2272,6.2272,6.2272,6.2272,6.2272,6.2272,6.2272,6.2272,6.2272,6.2272,6.2272,6.2272,6.2272,6.2272,6.2272,6.2272,6.2272,6.2272,6.2272,6.2272,6.2272,6.2272,6.2272,6.2272,6.2272,6.2272,6.2272,6.2272,6.2272,6.2272,6.2272,6.2272,6.2272,6.2272,6.2272,6.2272,6.2272,6.2272,6.2272,6.2272,6.2272,6.2272,6.2272,6.2272,6.2272,6.2272,6.2272,6.2272,6.2272,6.2272,6.2272,6.2272,6.2272,6.2272,6.2272,6.2272,6.2272,6.2272,6.2272,6.2272,6.2272,6.2272,6.2272,6.2272,6.2272,6.2272,6.2272,6.2272,6.2272,6.2272,6.2272,6.2272,6.2272,6.2272,6.2272,6.2272,6.2272,6.2272,6.2272,6.2272,6.2272,6.2272,6.2272,6.2272,6.2272,6.2272,6.2272,6.2272,6.2272,6.2272,6.2272,6.2272,6.2272,6.2272,6.2272,6.2272,6.2272,6.2272,6.2272,6.2272,6.2272,6.2272,6.2272,6.2272,6.2272,6.2272,6.2272,6.2272,6.2272,6.2272,6.2272,6.2272,6.2272,6.2272,6.2272,6.2272,6.2272,6.2272,6.2272,6.2272,6.2272,6.2272,6.2272,6.2272,6.2272,6.2272,6.2272,6.2272,6.2272,6.2272,6.2272,6.2272,6.2272,6.2272,6.2272,6.2272,6.2272,6.2272,6.2272,6.2272,6.2272,6.2272,6.2272,6.2272,6.2272,6.2272,6.2272,6.2272,6.2272,6.2272,6.2272,6.2272,6.2272,6.2272,6.2272,6.2272,6.2272,6.2272,6.2272,6.2272,6.2272,6.2272,6.2272,6.2272,6.2272,6.2272,6.2272,6.2272,6.2272,6.2272,6.2272,6.2272,6.2272,6.2272,6.2272,6.2272,6.2272,6.2272,6.2272,6.2272,6.2272,6.2272,6.2272,6.2272,6.2272,6.2272,6.2272,6.2272,6.2272,6.2272,6.2272,6.2272,6.2272,6.2272,6.2272,6.2272,6.2272,6.2272,6.2272,6.2272,6.2272,6.2272,6.2272,6.2272,6.2272,6.2272,6.2272,6.2272,6.2272,6.2272,6.2272,6.2272,6.2272,6.2272,6.2272,6.2272,6.2272,6.2272,6.2272,6.2272,6.2272,6.2272,6.2272,6.2272,6.2272,6.2272,6.2272,6.2272,6.2272,6.2272,6.2272,6.2272,6.2272,6.2272,6.2272,6.2272,6.2272,6.2272,6.2272,6.2272,6.2272,6.2272,6.2272,6.2272,6.2272,6.2272,6.2272,6.2272,6.2272,6.2272,6.2272,6.2272,6.2272,6.2272,6.2272,6.2272,6.2272,6.2272,6.2272,6.2272,6.2272,6.2272,6.2272,6.2272,6.2272,6.2272,6.2272,6.2272,6.2272,6.2272,6.2272,6.2272,6.2272,6.2272,6.2272,6.2272,6.2272,6.2272,6.2272,6.2272,6.2272,6.2272,6.2272,6.2272,6.2272,6.2272,6.2272,6.2272,6.2272,6.2272,6.2272,6.2272,6.2272,6.2272,6.2272,6.2272,6.2272,6.2272,6.2272,6.2272,6.2272,6.2272,6.2272,6.2272,6.2272,6.2272,6.2272,6.2272,6.2272,6.2272,6.2272,6.2272,6.2272,6.2272,6.2272,6.2272,6.2272,6.2272,6.2272,6.2272,6.2272,6.2272,6.2272,6.2272,6.2272,6.2272,6.2272,6.2272,6.2272,6.2272,6.2272,6.2272,6.2272,6.2272,6.2272,6.2272,6.2272,6.2272,6.2272,6.2272,6.2272,6.2272,6.2272,6.2272,6.2272,6.2272,6.2272,6.2272,6.2272,6.2272,6.2272,6.2272,6.2272,6.2272,6.2272,6.2272,6.2272,6.2272,6.2272,6.2272,6.2272,6.2272,6.2272,6.2272,6.2272,6.2272,6.2272,6.2272,6.2272,6.2272,6.2272,6.2272,6.2272,6.2272,6.2272,6.2272,6.2272,6.2272,6.2272,6.2272,6.2272,6.2272,6.2272,6.2272,6.2272,6.2272,6.2272,6.2272,6.2272,6.2272,6.2272,6.2272,6.2272,6.2272,6.2272,6.2272,6.2272,6.2272,6.2272,6.2272,6.2272,6.2272,6.2272,6.2272,6.2272,6.2272,6.2272,6.2272,6.2272,6.2272,6.2272,6.2272,6.2272,6.2272,6.2272,6.2272,6.2272,6.2272,6.2272,6.2272,6.2272,6.2272,6.2272,6.2272,6.2272,6.2272,6.2272,6.2272,6.2272,6.2272,6.2272,6.2272,6.2272,6.2272,6.2272,6.2272,6.2272,6.2272,6.2272,6.2272,6.2272,6.2272,6.2272,6.2272,6.2272,6.2272,6.2272,6.2272,6.2272,6.2272,6.2272,6.2272,6.2272,6.2272,6.2272,6.2272,6.2272,6.2272,6.2272,6.2272,6.2272,6.2272,6.2272,6.2272,6.2272,6.2272,6.2272,6.2272,6.2272,6.2272,6.2272,6.2272,6.2272,6.2272,6.2272,6.2272,6.2272,6.2272,6.2272,6.2272,6.2272,6.2272,6.2272,6.2272,6.2272,6.2272,6.2272,6.2272,6.2272,6.2272,6.2272,6.2272,6.2272,6.2272,6.2272,6.2272,6.2272,6.2272,6.2272,6.2272,6.2272,6.2272,6.2272,6.2272,6.2272,6.2272,6.2272,6.2272,6.2272,6.2272,6.2272,6.2272,6.2272,6.2272,6.2272,6.2272,6.2272,6.2272,6.2272,6.2272,6.2272,6.2272,6.2272,6.2272,6.2272,6.2272,6.2272,6.2272,6.2272,6.2272,6.2272,6.2272,6.2272,6.2272,6.2272,6.2272,6.2272,6.2272,6.2272,6.2272,6.2272,6.2272,6.2272,6.2272,6.2272,6.2272,6.2272,6.2272,6.2272,6.2272,6.2272,6.2272,6.2272,6.2272,6.2272,6.2272,6.2272,6.2272,6.2272,6.2272,6.2272,6.2272,6.2272,6.2272,6.2272,6.2272,6.2272,6.2272,6.2272,6.2272,6.2272,6.2272,6.2272,6.2272,6.2272,6.2272,6.2272,6.2272,6.2272,6.2272,6.2272,6.2272,6.2272,6.2272,6.2272,6.2272,6.2272,6.2272,6.2272,6.2272,6.2272,6.2272,6.2272,6.2272,6.2272,6.2272,6.2272,6.2272,6.2272,6.2272,6.2272,6.2272,6.2272,6.2272,6.2272,6.2272,6.2272,6.2272,6.2272,6.2272,6.2272,6.2272,6.2272,6.2272,6.2272,6.2272,6.2272,6.2272,6.2272,6.2272,6.2272,6.2272,6.2272,6.2272,6.2272,6.2272,6.2272,6.2272,6.2272,6.2272,6.2272,6.2272,6.2272,6.2272,6.2272,6.2272,6.2272,6.2272,6.2272,6.2272,6.2272,6.2272,6.2272,6.2272,6.2272,6.2272,6.2272,6.2272,6.2272,6.2272,6.2272,6.2272,6.2272,6.2272,6.2272,6.2272,6.2272,6.2272,6.2272,6.2272,6.2272,6.2272,6.2272,6.2272,6.2272,6.2272,6.2272,6.2272,6.2272,6.2272,6.2272,6.2272,6.2272,6.2272,6.2272,6.2272,6.2272,6.2272,6.2272,6.2272,6.2272,6.2272,6.2272,6.2272,6.2272,6.2272,6.2272,6.2272,6.2272,6.2272,6.2272,6.2272,6.2272,6.2272,6.2272,6.2272,6.2272,6.2272,6.2272,6.2272,6.2272,6.2272,6.2272,6.2272,6.2272,6.2272,6.2272,6.2272,6.2272,6.2272,6.2272,6.2272,6.2272,6.2272,6.2272,6.2272,6.2272,6.2272,6.2272,6.2272,6.2272,6.2272,6.2272,6.2272,6.2272,6.2272,6.2272,6.2272,6.2272,6.2272,6.2272,6.2272,6.2272,6.2272,6.2272,6.2272,6.2272,6.2272,6.2272,6.2272,6.2272,6.2272,6.2272,6.2272,6.2272,6.2272,6.2272,6.2272,6.2272,6.2272,6.2272,6.2272,6.2272,6.2272,6.2272,6.2272,6.2272,6.2272,6.2272,6.2272,6.2272,6.2272,6.2272,6.2272,6.2272,6.2272,6.2272,6.2272,6.2272,6.2272,6.2272,6.2272,6.2272,6.2272,6.2272,6.2272,6.2272,6.2272,6.2272,6.2272,6.2272,6.2272,6.2272,6.2272,6.2272,6.2272,6.2272,6.2272,6.2272,6.2272,6.2272,6.2272,6.2272,6.2272,6.2272,6.2272,6.2272,6.2272,6.2272,6.2272,6.2272,6.2272,6.2272,6.2272,6.2272,6.2272,6.2272,6.2272,6.2272,6.2272,6.2272,6.2272,6.2272,6.2272,6.2272,6.2272,6.2272,6.2272,6.2272,6.2272,6.2272,6.2272,6.2272,6.2272,6.2272,6.2272,6.2272,6.2272,6.2272,6.2272,6.2272,6.2272,6.2272,6.2272,6.2272,6.2272,6.2272,6.2272,6.2272,6.2272,6.2272,6.2272,6.2272,6.2272,6.2272,6.2272,6.2272,6.2272,6.2272,6.2272,6.2272,6.2272,6.2272,6.2272,6.2272,6.2272,6.2272
6.2230,6.2230,6.2230,6.2230,6.2230,6.2230,6.2230,6.2230,6.2230,6.2230,6.2230,6.2230,6.2230,6.2230,6.2230,6.2230,6.2230,6.2230,6.2230,6.2230,6.2230,6.2230,6.2230,6.2230,6.2230,6.2230,6.2230,6.2230,6.2230,6.2230,6.2230,6.2230,6.2230,6.2230,6.2230,6.2230,6.2230,6.2230,6.2230,6.2230,6.2230,6.2230,6.2230,6.2230,6.2230,6.2230,6.2230,6.2230,6.2230,6.2230,6.2230,6.2230,6.2230,6.2230,6.2230,6.2230,6.2230,6.2230,6.2230,6.2230,6.2230,6.2230,6.2230,6.2230,6.2230,6.2230,6.2230,6.2230,6.2230,6.2230,6.2230,6.2230,6.2230,6.2230,6.2230,6.2230,6.2230,6.2230,6.2230,6.2230,6.2230,6.2230,6.2230,6.2230,6.2230,6.2230,6.2230,6.2230,6.2230,6.2230,6.2230,6.2230,6.2230,6.2230,6.2230,6.2230,6.2230,6.2230,6.2230,6.2230,6.2230,6.2230,6.2230,6.2230,6.2230,6.2230,6.2230,6.2230,6.2230,6.2230,6.2230,6.2230,6.2230,6.2230,6.2230,6.2230,6.2230,6.2230,6.2230,6.2230,6.2230,6.2230,6.2230,6.2230,6.2230,6.2230,6.2230,6.2230,6.2230,6.2230,6.2230,6.2230,6.2230,6.2230,6.2230,6.2230,6.2230,6.2230,6.2230,6.2230,6.2230,6.2230,6.2230,6.2230,6.2230,6.2230,6.2230,6.2230,6.2230,6.2230,6.2230,6.2230,6.2230,6.2230,6.2230,6.2230,6.2230,6.2230,6.2230,6.2230,6.2230,6.2230,6.2230,6.2230,6.2230,6.2230,6.2230,6.2230,6.2230,6.2230,6.2230,6.2230,6.2230,6.2230,6.2230,6.2230,6.2230,6.2230,6.2230,6.2230,6.2230,6.2230,6.2230,6.2230,6.2230,6.2230,6.2230,6.2230,6.2230,6.2230,6.2230,6.2230,6.2230,6.2230,6.2230,6.2230,6.2230,6.2230,6.2230,6.2230,6.2230,6.2230,6.2230,6.2230,6.2230,6.2230,6.2230,6.2230,6.2230,6.2230,6.2230,6.2230,6.2230,6.2230,6.2230,6.2230,6.2230,6.2230,6.2230,6.2230,6.2230,6.2230,6.2230,6.2230,6.2230,6.2230,6.2230,6.2230,6.2230,6.2230,6.2230,6.2230,6.2230,6.2230,6.2230,6.2230,6.2230,6.2230,6.2230,6.2230,6.2230,6.2230,6.2230,6.2230,6.2230,6.2230,6.2230,6.2230,6.2230,6.2230,6.2230,6.2230,6.2230,6.2230,6.2230,6.2230,6.2230,6.2230,6.2230,6.2230,6.2230,6.2230,6.2230,6.2230,6.2230,6.2230,6.2230,6.2230,6.2230,6.2230,6.2230,6.2230,6.2230,6.2230,6.2230,6.2230,6.2230,6.2230,6.2230,6.2230,6.2230,6.2230,6.2230,6.2230,6.2230,6.2230,6.2230,6.2230,6.2230,6.2230,6.2230,6.2230,6.2230,6.2230,6.2230,6.2230,6.2230,6.2230,6.2230,6.2230,6.2230,6.2230,6.2230,6.2230,6.2230,6.2230,6.2230,6.2230,6.2230,6.2230,6.2230,6.2230,6.2230,6.2230,6.2230,6.2230,6.2230,6.2230,6.2230,6.2230,6.2230,6.2230,6.2230,6.2230,6.2230,6.2230,6.2230,6.2230,6.2230,6.2230,6.2230,6.2230,6.2230,6.2230,6.2230,6.2230,6.2230,6.2230,6.2230,6.2230,6.2230,6.2230,6.2230,6.2230,6.2230,6.2230,6.2230,6.2230,6.2230,6.2230,6.2230,6.2230,6.2230,6.2230,6.2230,6.2230,6.2230,6.2230,6.2230,6.2230,6.2230,6.2230,6.2230,6.2230,6.2230,6.2230,6.2230,6.2230,6.2230,6.2230,6.2230,6.2230,6.2230,6.2230,6.2230,6.2230,6.2230,6.2230,6.2230,6.2230,6.2230,6.2230,6.2230,6.2230,6.2230,6.2230,6.2230,6.2230,6.2230,6.2230,6.2230,6.2230,6.2230,6.2230,6.2230,6.2230,6.2230,6.2230,6.2230,6.2230,6.2230,6.2230,6.2230,6.2230,6.2230,6.2230,6.2230,6.2230,6.2230,6.2230,6.2230,6.2230,6.2230,6.2230,6.2230,6.2230,6.2230,6.2230,6.2230,6.2230,6.2230,6.2230,6.2230,6.2230,6.2230,6.2230,6.2230,6.2230,6.2230,6.2230,6.2230,6.2230,6.2230,6.2230,6.2230,6.2230,6.2230,6.2230,6.2230,6.2230,6.2230,6.2230,6.2230,6.2230,6.2230,6.2230,6.2230,6.2230,6.2230,6.2230,6.2230,6.2230,6.2230,6.2230,6.2230,6.2230,6.2230,6.2230,6.2230,6.2230,6.2230,6.2230,6.2230,6.2230,6.2230,6.2230,6.2230,6.2230,6.2230,6.2230,6.2230,6.2230,6.2230,6.2230,6.2230,6.2230,6.2230,6.2230,6.2230,6.2230,6.2230,6.2230,6.2230,6.2230,6.2230,6.2230,6.2230,6.2230,6.2230,6.2230,6.2230,6.2230,6.2230,6.2230,6.2230,6.2230,6.2230,6.2230,6.2230,6.2230,6.2230,6.2230,6.2230,6.2230,6.2230,6.2230,6.2230,6.2230,6.2230,6.2230,6.2230,6.2230,6.2230,6.2230,6.2230,6.2230,6.2230,6.2230,6.2230,6.2230,6.2230,6.2230,6.2230,6.2230,6.2230,6.2230,6.2230,6.2230,6.2230,6.2230,6.2230,6.2230,6.2230,6.2230,6.2230,6.2230,6.2230,6.2230,6.2230,6.2230,6.2230,6.2230,6.2230,6.2230,6.2230,6.2230,6.2230,6.2230,6.2230,6.2230,6.2230,6.2230,6.2230,6.2230,6.2230,6.2230,6.2230,6.2230,6.2230,6.2230,6.2230,6.2230,6.2230,6.2230,6.2230,6.2230,6.2230,6.2230,6.2230,6.2230,6.2230,6.2230,6.2230,6.2230,6.2230,6.2230,6.2230,6.2230,6.2230,6.2230,6.2230,6.2230,6.2230,6.2230,6.2230,6.2230,6.2230,6.2230,6.2230,6.2230,6.2230,6.2230,6.2230,6.2230,6.2230,6.2230,6.2230,6.2230,6.2230,6.2230,6.2230,6.2230,6.2230,6.2230,6.2230,6.2230,6.2230,6.2230,6.2230,6.2230,6.2230,6.2230,6.2230,6.2230,6.2230,6.2230,6.2230,6.2230,6.2230,6.2230,6.2230,6.2230,6.2230,6.2230,6.2230,6.2230,6.2230,6.2230,6.2230,6.2230,6.2230,6.2230,6.2230,6.2230,6.2230,6.2230,6.2230,6.2230,6.2230,6.2230,6.2230,6.2230,6.2230,6.2230,6.2230,6.2230,6.2230,6.2230,6.2230,6.2230,6.2230,6.2230,6.2230,6.2230,6.2230,6.2230,6.2230,6.2230,6.2230,6.2230,6.2230,6.2230,6.2230,6.2230,6.2230,6.2230,6.2230,6.2230,6.2230,6.2230,6.2230,6.2230,6.2230,6.2230,6.2230,6.2230,6.2230,6.2230,6.2230,6.2230,6.2230,6.2230,6.2230,6.2230,6.2230,6.2230,6.2230,6.2230,6.2230,6.2230,6.2230,6.2230,6.2230,6.2230,6.2230,6.2230,6.2230,6.2230,6.2230,6.2230,6.2230,6.2230,6.2230,6.2230,6.2230,6.2230,6.2230,6.2230,6.2230,6.2230,6.2230,6.2230,6.2230,6.2230,6.2230,6.2230,6.2230,6.2230,6.2230,6.2230,6.2230,6.2230,6.2230,6.2230,6.2230,6.2230,6.2230,6.2230,6.2230,6.2230,6.2230,6.2230,6.2230,6.2230,6.2230,6.2230,6.2230,6.2230,6.2230,6.2230,6.2230,6.2230,6.2230,6.2230,6.2230,6.2230,6.2230,6.2230,6.2230,6.2230,6.2230,6.2230,6.2230,6.2230,6.2230,6.2230,6.2230,6.2230,6.2230,6.2230,6.2230,6.2230,6.2230,6.2230,6.2230,6.2230,6.2230,6.2230,6.2230,6.2230,6.2230,6.2230,6.2230,6.2230,6.2230,6.2230,6.2230,6.2230,6.2230,6.2230,6.2230,6.2230,6.2230,6.2230,6.2230,6.2230,6.2230,6.2230,6.2230,6.2230,6.2230,6.2230,6.2230,6.2230,6.2230,6.2230,6.2230,6.2230,6.2230,6.2230,6.2230,6.2230,6.2230,6.2230,6.2230,6.2230,6.2230,6.2230,6.2230,6.2230,6.2230,6.2230,6.2230,6.2230,6.2230,6.2230,6.2230,6.2230,6.2230,6.2230,6.2230,6.2230,6.2230,6.2230,6.2230,6.2230,6.2230,6.2230,6.2230,6.2230,6.2230,6.2230,6.2230,6.2230,6.2230,6.2230,6.2230,6.2230,6.2230,6.2230,6.2230,6.2230,6.2230,6.2230,6.2230,6.2230,6.2230,6.2230,6.2230,6.2230,6.2230,6.2230,6.2230,6.2230,6.2230,6.2230,6.2230,6.2230,6.2230,6.2230,6.2230,6.2230,6.2230,6.2230,6.2230,6.2230,6.2230,6.2230,6.2230,6.2230,6.2230,6.2230,6.2230,6.2230,6.2230,6.2230,6.2230,6.2230,6.2230,6.2230,6.2230,6.2230,6.2230,6.2230,6.2230,6.2230,6.2230,6.2230,6.2230,6.2230,6.2230,6.2230,6.2230,6.2230,6.2230,6.2230,6.2230,6.2230,6.2230,6.2230,6.2230,6.2230,6.2230,6.2230,6.2230,6.2230,6.2230,6.2230,6.2230,6.2230,6.2230,6.2230,6.2230,6.2230,6.2230,6.2230,6.2230,6.2230,6.2230,6.2230,6.2230,6.2230,6.2230,6.2230,6.2230,6.2230,6.2230,6.2230,6.2230,6.2230,6.2230,6.2230,6.2230,6.2230,6.2230,6.2230,6.2230,6.2230,6.2230,6.2230,6.2230,6.2230,6.2230,6.2230,6.2230,6.2230,6.2230,6.2230,6.2230,6.2230,6.2230,6.2230,6.2230,6.2230,6.2230,6.2230,6.2230,6.2230,6.2230,6.2230
6.2186,6.2186,6.2186,6.2186,6.2186,6.2186,6.2186,6.2186,6.2186,6.2186,6.2186,6.2186,6.2186,6.2186,6.2186,6.2186,6.2186,6.2186,6.2186,6.2186,6.2186,6.2186,6.2186,6.2186,6.2186,6.2186,6.2186,6.2186,6.2186,6.2186,6.2186,6.2186,6.2186,6.2186,6.2186,6.2186,6.2186,6.2186,6.2186,6.2186,6.2186,6.2186,6.2186,6.2186,6.2186,6.2186,6.2186,6.2186,6.2186,6.2186,6.2186,6.2186,6.2186,6.2186,6.2186,6.2186,6.2186,6.2186,6.2186,6.2186,6.2186,6.2186,6.2186,6.2186,6.2186,6.2186,6.2186,6.2186,6.2186,6.2186,6.2186,6.2186,6.2186,6.2186,6.2186,6.2186,6.2186,6.2186,6.2186,6.2186,6.2186,6.2186,6.2186,6.2186,6.2186,6.2186,6.2186,6.2186,6.2186,6.2186,6.2186,6.2186,6.2186,6.2186,6.2186,6.2186,6.2186,6.2186,6.2186,6.2186,6.2186,6.2186,6.2186,6.2186,6.2186,6.2186,6.2186,6.2186,6.2186,6.2186,6.2186,6.2186,6.2186,6.2186,6.2186,6.2186,6.2186,6.2186,6.2186,6.2186,6.2186,6.2186,6.2186,6.2186,6.2186,6.2186,6.2186,6.2186,6.2186,6.2186,6.2186,6.2186,6.2186,6.2186,6.2186,6.2186,6.2186,6.2186,6.2186,6.2186,6.2186,6.2186,6.2186,6.2186,6.2186,6.2186,6.2186,6.2186,6.2186,6.2186,6.2186,6.2186,6.2186,6.2186,6.2186,6.2186,6.2186,6.2186,6.2186,6.2186,6.2186,6.2186,6.2186,6.2186,6.2186,6.2186,6.2186,6.2186,6.2186,6.2186,6.2186,6.2186,6.2186,6.2186,6.2186,6.2186,6.2186,6.2186,6.2186,6.2186,6.2186,6.2186,6.2186,6.2186,6.2186,6.2186,6.2186,6.2186,6.2186,6.2186,6.2186,6.2186,6.2186,6.2186,6.2186,6.2186,6.2186,6.2186,6.2186,6.2186,6.2186,6.2186,6.2186,6.2186,6.2186,6.2186,6.2186,6.2186,6.2186,6.2186,6.2186,6.2186,6.2186,6.2186,6.2186,6.2186,6.2186,6.2186,6.2186,6.2186,6.2186,6.2186,6.2186,6.2186,6.2186,6.2186,6.2186,6.2186,6.2186,6.2186,6.2186,6.2186,6.2186,6.2186,6.2186,6.2186,6.2186,6.2186,6.2186,6.2186,6.2186,6.2186,6.2186,6.2186,6.2186,6.2186,6.2186,6.2186,6.2186,6.2186,6.2186,6.2186,6.2186,6.2186,6.2186,6.2186,6.2186,6.2186,6.2186,6.2186,6.2186,6.2186,6.2186,6.2186,6.2186,6.2186,6.2186,6.2186,6.2186,6.2186,6.2186,6.2186,6.2186,6.2186,6.2186,6.2186,6.2186,6.2186,6.2186,6.2186,6.2186,6.2186,6.2186,6.2186,6.2186,6.2186,6.2186,6.2186,6.2186,6.2186,6.2186,6.2186,6.2186,6.2186,6.2186,6.2186,6.2186,6.2186,6.2186,6.2186,6.2186,6.2186,6.2186,6.2186,6.2186,6.2186,6.2186,6.2186,6.2186,6.2186,6.2186,6.2186,6.2186,6.2186,6.2186,6.2186,6.2186,6.2186,6.2186,6.2186,6.2186,6.2186,6.2186,6.2186,6.2186,6.2186,6.2186,6.2186,6.2186,6.2186,6.2186,6.2186,6.2186,6.2186,6.2186,6.2186,6.2186,6.2186,6.2186,6.2186,6.2186,6.2186,6.2186,6.2186,6.2186,6.2186,6.2186,6.2186,6.2186,6.2186,6.2186,6.2186,6.2186,6.2186,6.2186,6.2186,6.2186,6.2186,6.2186,6.2186,6.2186,6.2186,6.2186,6.2186,6.2186,6.2186,6.2186,6.2186,6.2186,6.2186,6.2186,6.2186,6.2186,6.2186,6.2186,6.2186,6.2186,6.2186,6.2186,6.2186,6.2186,6.2186,6.2186,6.2186,6.2186,6.2186,6.2186,6.2186,6.2186,6.2186,6.2186,6.2186,6.2186,6.2186,6.2186,6.2186,6.2186,6.2186,6.2186,6.2186,6.2186,6.2186,6.2186,6.2186,6.2186,6.2186,6.2186,6.2186,6.2186,6.2186,6.2186,6.2186,6.2186,6.2186,6.2186,6.2186,6.2186,6.2186,6.2186,6.2186,6.2186,6.2186,6.2186,6.2186,6.2186,6.2186,6.2186,6.2186,6.2186,6.2186,6.2186,6.2186,6.2186,6.2186,6.2186,6.2186,6.2186,6.2186,6.2186,6.2186,6.2186,6.2186,6.2186,6.2186,6.2186,6.2186,6.2186,6.2186,6.2186,6.2186,6.2186,6.2186,6.2186,6.2186,6.2186,6.2186,6.2186,6.2186,6.2186,6.2186,6.2186,6.2186,6.2186,6.2186,6.2186,6.2186,6.2186,6.2186,6.2186,6.2186,6.2186,6.2186,6.2186,6.2186,6.2186,6.2186,6.2186,6.2186,6.2186,6.2186,6.2186,6.2186,6.2186,6.2186,6.2186,6.2186,6.2186,6.2186,6.2186,6.2186,6.2186,6.2186,6.2186,6.2186,6.2186,6.2186,6.2186,6.2186,6.2186,6.2186,6.2186,6.2186,6.2186,6.2186,6.2186,6.2186,6.2186,6.2186,6.2186,6.2186,6.2186,6.2186,6.2186,6.2186,6.2186,6.2186,6.2186,6.2186,6.2186,6.2186,6.2186,6.2186,6.2186,6.2186,6.2186,6.2186,6.2186,6.2186,6.2186,6.2186,6.2186,6.2186,6.2186,6.2186,6.2186,6.2186,6.2186,6.2186,6.2186,6.2186,6.2186,6.2186,6.2186,6.2186,6.2186,6.2186,6.2186,6.2186,6.2186,6.2186,6.2186,6.2186,6.2186,6.2186,6.2186,6.2186,6.2186,6.2186,6.2186,6.2186,6.2186,6.2186,6.2186,6.2186,6.2186,6.2186,6.2186,6.2186,6.2186,6.2186,6.2186,6.2186,6.2186,6.2186,6.2186,6.2186,6.2186,6.2186,6.2186,6.2186,6.2186,6.2186,6.2186,6.2186,6.2186,6.2186,6.2186,6.2186,6.2186,6.2186,6.2186,6.2186,6.2186,6.2186,6.2186,6.2186,6.2186,6.2186,6.2186,6.2186,6.2186,6.2186,6.2186,6.2186,6.2186,6.2186,6.2186,6.2186,6.2186,6.2186,6.2186,6.2186,6.2186,6.2186,6.2186,6.2186,6.2186,6.2186,6.2186,6.2186,6.2186,6.2186,6.2186,6.2186,6.2186,6.2186,6.2186,6.2186,6.2186,6.2186,6.2186,6.2186,6.2186,6.2186,6.2186,6.2186,6.2186,6.2186,6.2186,6.2186,6.2186,6.2186,6.2186,6.2186,6.2186,6.2186,6.2186,6.2186,6.2186,6.2186,6.2186,6.2186,6.2186,6.2186,6.2186,6.2186,6.2186,6.2186,6.2186,6.2186,6.2186,6.2186,6.2186,6.2186,6.2186,6.2186,6.2186,6.2186,6.2186,6.2186,6.2186,6.2186,6.2186,6.2186,6.2186,6.2186,6.2186,6.2186,6.2186,6.2186,6.2186,6.2186,6.2186,6.2186,6.2186,6.2186,6.2186,6.2186,6.2186,6.2186,6.2186,6.2186,6.2186,6.2186,6.2186,6.2186,6.2186,6.2186,6.2186,6.2186,6.2186,6.2186,6.2186,6.2186,6.2186,6.2186,6.2186,6.2186,6.2186,6.2186,6.2186,6.2186,6.2186,6.2186,6.2186,6.2186,6.2186,6.2186,6.2186,6.2186,6.2186,6.2186,6.2186,6.2186,6.2186,6.2186,6.2186,6.2186,6.2186,6.2186,6.2186,6.2186,6.2186,6.2186,6.2186,6.2186,6.2186,6.2186,6.2186,6.2186,6.2186,6.2186,6.2186,6.2186,6.2186,6.2186,6.2186,6.2186,6.2186,6.2186,6.2186,6.2186,6.2186,6.2186,6.2186,6.2186,6.2186,6.2186,6.2186,6.2186,6.2186,6.2186,6.2186,6.2186,6.2186,6.2186,6.2186,6.2186,6.2186,6.2186,6.2186,6.2186,6.2186,6.2186,6.2186,6.2186,6.2186,6.2186,6.2186,6.2186,6.2186,6.2186,6.2186,6.2186,6.2186,6.2186,6.2186,6.2186,6.2186,6.2186,6.2186,6.2186,6.2186,6.2186,6.2186,6.2186,6.2186,6.2186,6.2186,6.2186,6.2186,6.2186,6.2186,6.2186,6.2186,6.2186,6.2186,6.2186,6.2186,6.2186,6.2186,6.2186,6.2186,6.2186,6.2186,6.2186,6.2186,6.2186,6.2186,6.2186,6.2186,6.2186,6.2186,6.2186,6.2186,6.2186,6.2186,6.2186,6.2186,6.2186,6.2186,6.2186,6.2186,6.2186,6.2186,6.2186,6.2186,6.2186,6.2186,6.2186,6.2186,6.2186,6.2186,6.2186,6.2186,6.2186,6.2186,6.2186,6.2186,6.2186,6.2186,6.2186,6.2186,6.2186,6.2186,6.2186,6.2186,6.2186,6.2186,6.2186,6.2186,6.2186,6.2186,6.2186,6.2186,6.2186,6.2186,6.2186,6.2186,6.2186,6.2186,6.2186,6.2186,6.2186,6.2186,6.2186,6.2186,6.2186,6.2186,6.2186,6.2186,6.2186,6.2186,6.2186,6.2186,6.2186,6.2186,6.2186,6.2186,6.2186,6.2186,6.2186,6.2186,6.2186,6.2186,6.2186,6.2186,6.2186,6.2186,6.2186,6.2186,6.2186,6.2186,6.2186,6.2186,6.2186,6.2186,6.2186,6.2186,6.2186,6.2186,6.2186,6.2186,6.2186,6.2186,6.2186,6.2186,6.2186,6.2186,6.2186,6.2186,6.2186,6.2186,6.2186,6.2186,6.2186,6.2186,6.2186,6.2186,6.2186,6.2186,6.2186,6.2186,6.2186,6.2186,6.2186,6.2186,6.2186,6.2186,6.2186,6.2186,6.2186,6.2186,6.2186,6.2186,6.2186,6.2186,6.2186,6.2186,6.2186,6.2186,6.2186,6.2186,6.2186,6.2186,6.2186,6.2186,6.2186,6.2186,6.2186
6.2142,6.2142,6.2142,6.2142,6.2142,6.2142,6.2142,6.2142,6.2142,6.2142,6.2142,6.2142,6.2142,6.2142,6.2142,6.2142,6.2142,6.2142,6.2142,6.2142,6.2142,6.2142,6.2142,6.2142,6.2142,6.2142,6.2142,6.2142,6.2142,6.2142,6.2142,6.2142,6.2142,6.2142,6.2142,6.2142,6.2142,6.2142,6.2142,6.2142,6.2142,6.2142,6.2142,6.2142,6.2142,6.2142,6.2142,6.2142,6.2142,6.2142,6.2142,6.2142,6.2142,6.2142,6.2142,6.2142,6.2142,6.2142,6.2142,6.2142,6.2142,6.2142,6.2142,6.2142,6.2142,6.2142,6.2142,6.2142,6.2142,6.2142,6.2142,6.2142,6.2142,6.2142,6.2142,6.2142,6.2142,6.2142,6.2142,6.2142,6.2142,6.2142,6.2142,6.2142,6.2142,6.2142,6.2142,6.2142,6.2142,6.2142,6.2142,6.2142,6.2142,6.2142,6.2142,6.2142,6.2142,6.2142,6.2142,6.2142,6.2142,6.2142,6.2142,6.2142,6.2142,6.2142,6.2142,6.2142,6.2142,6.2142,6.2142,6.2142,6.2142,6.2142,6.2142,6.2142,6.2142,6.2142,6.2142,6.2142,6.2142,6.2142,6.2142,6.2142,6.2142,6.2142,6.2142,6.2142,6.2142,6.2142,6.2142,6.2142,6.2142,6.2142,6.2142,6.2142,6.2142,6.2142,6.2142,6.2142,6.2142,6.2142,6.2142,6.2142,6.2142,6.2142,6.2142,6.2142,6.2142,6.2142,6.2142,6.2142,6.2142,6.2142,6.2142,6.2142,6.2142,6.2142,6.2142,6.2142,6.2142,6.2142,6.2142,6.2142,6.2142,6.2142,6.2142,6.2142,6.2142,6.2142,6.2142,6.2142,6.2142,6.2142,6.2142,6.2142,6.2142,6.2142,6.2142,6.2142,6.2142,6.2142,6.2142,6.2142,6.2142,6.2142,6.2142,6.2142,6.2142,6.2142,6.2142,6.2142,6.2142,6.2142,6.2142,6.2142,6.2142,6.2142,6.2142,6.2142,6.2142,6.2142,6.2142,6.2142,6.2142,6.2142,6.2142,6.2142,6.2142,6.2142,6.2142,6.2142,6.2142,6.2142,6.2142,6.2142,6.2142,6.2142,6.2142,6.2142,6.2142,6.2142,6.2142,6.2142,6.2142,6.2142,6.2142,6.2142,6.2142,6.2142,6.2142,6.2142,6.2142,6.2142,6.2142,6.2142,6.2142,6.2142,6.2142,6.2142,6.2142,6.2142,6.2142,6.2142,6.2142,6.2142,6.2142,6.2142,6.2142,6.2142,6.2142,6.2142,6.2142,6.2142,6.2142,6.2142,6.2142,6.2142,6.2142,6.2142,6.2142,6.2142,6.2142,6.2142,6.2142,6.2142,6.2142,6.2142,6.2142,6.2142,6.2142,6.2142,6.2142,6.2142,6.2142,6.2142,6.2142,6.2142,6.2142,6.2142,6.2142,6.2142,6.2142,6.2142,6.2142,6.2142,6.2142,6.2142,6.2142,6.2142,6.2142,6.2142,6.2142,6.2142,6.2142,6.2142,6.2142,6.2142,6.2142,6.2142,6.2142,6.2142,6.2142,6.2142,6.2142,6.2142,6.2142,6.2142,6.2142,6.2142,6.2142,6.2142,6.2142,6.2142,6.2142,6.2142,6.2142,6.2142,6.2142,6.2142,6.2142,6.2142,6.2142,6.2142,6.2142,6.2142,6.2142,6.2142,6.2142,6.2142,6.2142,6.2142,6.2142,6.2142,6.2142,6.2142,6.2142,6.2142,6.2142,6.2142,6.2142,6.2142,6.2142,6.2142,6.2142,6.2142,6.2142,6.2142,6.2142,6.2142,6.2142,6.2142,6.2142,6.2142,6.2142,6.2142,6.2142,6.2142,6.2142,6.2142,6.2142,6.2142,6.2142,6.2142,6.2142,6.2142,6.2142,6.2142,6.2142,6.2142,6.2142,6.2142,6.2142,6.2142,6.2142,6.2142,6.2142,6.2142,6.2142,6.2142,6.2142,6.2142,6.2142,6.2142,6.2142,6.2142,6.2142,6.2142,6.2142,6.2142,6.2142,6.2142,6.2142,6.2142,6.2142,6.2142,6.2142,6.2142,6.2142,6.2142,6.2142,6.2142,6.2142,6.2142,6.2142,6.2142,6.2142,6.2142,6.2142,6.2142,6.2142,6.2142,6.2142,6.2142,6.2142,6.2142,6.2142,6.2142,6.2142,6.2142,6.2142,6.2142,6.2142,6.2142,6.2142,6.2142,6.2142,6.2142,6.2142,6.2142,6.2142,6.2142,6.2142,6.2142,6.2142,6.2142,6.2142,6.2142,6.2142,6.2142,6.2142,6.2142,6.2142,6.2142,6.2142,6.2142,6.2142,6.2142,6.2142,6.2142,6.2142,6.2142,6.2142,6.2142,6.2142,6.2142,6.2142,6.2142,6.2142,6.2142,6.2142,6.2142,6.2142,6.2142,6.2142,6.2142,6.2142,6.2142,6.2142,6.2142,6.2142,6.2142,6.2142,6.2142,6.2142,6.2142,6.2142,6.2142,6.2142,6.2142,6.2142,6.2142,6.2142,6.2142,6.2142,6.2142,6.2142,6.2142,6.2142,6.2142,6.2142,6.2142,6.2142,6.2142,6.2142,6.2142,6.2142,6.2142,6.2142,6.2142,6.2142,6.2142,6.2142,6.2142,6.2142,6.2142,6.2142,6.2142,6.2142,6.2142,6.2142,6.2142,6.2142,6.2142,6.2142,6.2142,6.2142,6.2142,6.2142,6.2142,6.2142,6.2142,6.2142,6.2142,6.2142,6.2142,6.2142,6.2142,6.2142,6.2142,6.2142,6.2142,6.2142,6.2142,6.2142,6.2142,6.2142,6.2142,6.2142,6.2142,6.2142,6.2142,6.2142,6.2142,6.2142,6.2142,6.2142,6.2142,6.2142,6.2142,6.2142,6.2142,6.2142,6.2142,6.2142,6.2142,6.2142,6.2142,6.2142,6.2142,6.2142,6.2142,6.2142,6.2142,6.2142,6.2142,6.2142,6.2142,6.2142,6.2142,6.2142,6.2142,6.2142,6.2142,6.2142,6.2142,6.2142,6.2142,6.2142,6.2142,6.2142,6.2142,6.2142,6.2142,6.2142,6.2142,6.2142,6.2142,6.2142,6.2142,6.2142,6.2142,6.2142,6.2142,6.2142,6.2142,6.2142,6.2142,6.2142,6.2142,6.2142,6.2142,6.2142,6.2142,6.2142,6.2142,6.2142,6.2142,6.2142,6.2142,6.2142,6.2142,6.2142,6.2142,6.2142,6.2142,6.2142,6.2142,6.2142,6.2142,6.2142,6.2142,6.2142,6.2142,6.2142,6.2142,6.2142,6.2142,6.2142,6.2142,6.2142,6.2142,6.2142,6.2142,6.2142,6.2142,6.2142,6.2142,6.2142,6.2142,6.2142,6.2142,6.2142,6.2142,6.2142,6.2142,6.2142,6.2142,6.2142,6.2142,6.2142,6.2142,6.2142,6.2142,6.2142,6.2142,6.2142,6.2142,6.2142,6.2142,6.2142,6.2142,6.2142,6.2142,6.2142,6.2142,6.2142,6.2142,6.2142,6.2142,6.2142,6.2142,6.2142,6.2142,6.2142,6.2142,6.2142,6.2142,6.2142,6.2142,6.2142,6.2142,6.2142,6.2142,6.2142,6.2142,6.2142,6.2142,6.2142,6.2142,6.2142,6.2142,6.2142,6.2142,6.2142,6.2142,6.2142,6.2142,6.2142,6.2142,6.2142,6.2142,6.2142,6.2142,6.2142,6.2142,6.2142,6.2142,6.2142,6.2142,6.2142,6.2142,6.2142,6.2142,6.2142,6.2142,6.2142,6.2142,6.2142,6.2142,6.2142,6.2142,6.2142,6.2142,6.2142,6.2142,6.2142,6.2142,6.2142,6.2142,6.2142,6.2142,6.2142,6.2142,6.2142,6.2142,6.2142,6.2142,6.2142,6.2142,6.2142,6.2142,6.2142,6.2142,6.2142,6.2142,6.2142,6.2142,6.2142,6.2142,6.2142,6.2142,6.2142,6.2142,6.2142,6.2142,6.2142,6.2142,6.2142,6.2142,6.2142,6.2142,6.2142,6.2142,6.2142,6.2142,6.2142,6.2142,6.2142,6.2142,6.2142,6.2142,6.2142,6.2142,6.2142,6.2142,6.2142,6.2142,6.2142,6.2142,6.2142,6.2142,6.2142,6.2142,6.2142,6.2142,6.2142,6.2142,6.2142,6.2142,6.2142,6.2142,6.2142,6.2142,6.2142,6.2142,6.2142,6.2142,6.2142,6.2142,6.2142,6.2142,6.2142,6.2142,6.2142,6.2142,6.2142,6.2142,6.2142,6.2142,6.2142,6.2142,6.2142,6.2142,6.2142,6.2142,6.2142,6.2142,6.2142,6.2142,6.2142,6.2142,6.2142,6.2142,6.2142,6.2142,6.2142,6.2142,6.2142,6.2142,6.2142,6.2142,6.2142,6.2142,6.2142,6.2142,6.2142,6.2142,6.2142,6.2142,6.2142,6.2142,6.2142,6.2142,6.2142,6.2142,6.2142,6.2142,6.2142,6.2142,6.2142,6.2142,6.2142,6.2142,6.2142,6.2142,6.2142,6.2142,6.2142,6.2142,6.2142,6.2142,6.2142,6.2142,6.2142,6.2142,6.2142,6.2142,6.2142,6.2142,6.2142,6.2142,6.2142,6.2142,6.2142,6.2142,6.2142,6.2142,6.2142,6.2142,6.2142,6.2142,6.2142,6.2142,6.2142,6.2142,6.2142,6.2142,6.2142,6.2142,6.2142,6.2142,6.2142,6.2142,6.2142,6.2142,6.2142,6.2142,6.2142,6.2142,6.2142,6.2142,6.2142,6.2142,6.2142,6.2142,6.2142,6.2142,6.2142,6.2142,6.2142,6.2142,6.2142,6.2142,6.2142,6.2142,6.2142,6.2142,6.2142,6.2142,6.2142,6.2142,6.2142,6.2142,6.2142,6.2142,6.2142,6.2142,6.2142,6.2142,6.2142,6.2142,6.2142,6.2142,6.2142,6.2142,6.2142,6.2142,6.2142,6.2142,6.2142,6.2142,6.2142,6.2142,6.2142,6.2142,6.2142,6.2142,6.2142,6.2142,6.2142,6.2142,6.2142,6.2142,6.2142,6.2142,6.2142,6.2142,6.2142,6.2142
6.2099,6.2099,6.2099,6.2099,6.2099,6.2099,6.2099,6.2099,6.2099,6.2099,6.2099,6.2099,6.2099,6.2099,6.2099,6.2099,6.2099,6.2099,6.2099,6.2099,6.2099,6.2099,6.2099,6.2099,6.2099,6.2099,6.2099,6.2099,6.2099,6.2099,6.2099,6.2099,6.2099,6.2099,6.2099,6.2099,6.2099,6.2099,6.2099,6.2099,6.2099,6.2099,6.2099,6.2099,6.2099,6.2099,6.2099,6.2099,6.2099,6.2099,6.2099,6.2099,6.2099,6.2099,6.2099,6.2099,6.2099,6.2099,6.2099,6.2099,6.2099,6.2099,6.2099,6.2099,6.2099,6.2099,6.2099,6.2099,6.2099,6.2099,6.2099,6.2099,6.2099,6.2099,6.2099,6.2099,6.2099,6.2099,6.2099,6.2099,6.2099,6.2099,6.2099,6.2099,6.2099,6.2099,6.2099,6.2099,6.2099,6.2099,6.2099,6.2099,6.2099,6.2099,6.2099,6.2099,6.2099,6.2099,6.2099,6.2099,6.2099,6.2099,6.2099,6.2099,6.2099,6.2099,6.2099,6.2099,6.2099,6.2099,6.2099,6.2099,6.2099,6.2099,6.2099,6.2099,6.2099,6.2099,6.2099,6.2099,6.2099,6.2099,6.2099,6.2099,6.2099,6.2099,6.2099,6.2099,6.2099,6.2099,6.2099,6.2099,6.2099,6.2099,6.2099,6.2099,6.2099,6.2099,6.2099,6.2099,6.2099,6.2099,6.2099,6.2099,6.2099,6.2099,6.2099,6.2099,6.2099,6.2099,6.2099,6.2099,6.2099,6.2099,6.2099,6.2099,6.2099,6.2099,6.2099,6.2099,6.2099,6.2099,6.2099,6.2099,6.2099,6.2099,6.2099,6.2099,6.2099,6.2099,6.2099,6.2099,6.2099,6.2099,6.2099,6.2099,6.2099,6.2099,6.2099,6.2099,6.2099,6.2099,6.2099,6.2099,6.2099,6.2099,6.2099,6.2099,6.2099,6.2099,6.2099,6.2099,6.2099,6.2099,6.2099,6.2099,6.2099,6.2099,6.2099,6.2099,6.2099,6.2099,6.2099,6.2099,6.2099,6.2099,6.2099,6.2099,6.2099,6.2099,6.2099,6.2099,6.2099,6.2099,6.2099,6.2099,6.2099,6.2099,6.2099,6.2099,6.2099,6.2099,6.2099,6.2099,6.2099,6.2099,6.2099,6.2099,6.2099,6.2099,6.2099,6.2099,6.2099,6.2099,6.2099,6.2099,6.2099,6.2099,6.2099,6.2099,6.2099,6.2099,6.2099,6.2099,6.2099,6.2099,6.2099,6.2099,6.2099,6.2099,6.2099,6.2099,6.2099,6.2099,6.2099,6.2099,6.2099,6.2099,6.2099,6.2099,6.2099,6.2099,6.2099,6.2099,6.2099,6.2099,6.2099,6.2099,6.2099,6.2099,6.2099,6.2099,6.2099,6.2099,6.2099,6.2099,6.2099,6.2099,6.2099,6.2099,6.2099,6.2099,6.2099,6.2099,6.2099,6.2099,6.2099,6.2099,6.2099,6.2099,6.2099,6.2099,6.2099,6.2099,6.2099,6.2099,6.2099,6.2099,6.2099,6.2099,6.2099,6.2099,6.2099,6.2099,6.2099,6.2099,6.2099,6.2099,6.2099,6.2099,6.2099,6.2099,6.2099,6.2099,6.2099,6.2099,6.2099,6.2099,6.2099,6.2099,6.2099,6.2099,6.2099,6.2099,6.2099,6.2099,6.2099,6.2099,6.2099,6.2099,6.2099,6.2099,6.2099,6.2099,6.2099,6.2099,6.2099,6.2099,6.2099,6.2099,6.2099,6.2099,6.2099,6.2099,6.2099,6.2099,6.2099,6.2099,6.2099,6.2099,6.2099,6.2099,6.2099,6.2099,6.2099,6.2099,6.2099,6.2099,6.2099,6.2099,6.2099,6.2099,6.2099,6.2099,6.2099,6.2099,6.2099,6.2099,6.2099,6.2099,6.2099,6.2099,6.2099,6.2099,6.2099,6.2099,6.2099,6.2099,6.2099,6.2099,6.2099,6.2099,6.2099,6.2099,6.2099,6.2099,6.2099,6.2099,6.2099,6.2099,6.2099,6.2099,6.2099,6.2099,6.2099,6.2099,6.2099,6.2099,6.2099,6.2099,6.2099,6.2099,6.2099,6.2099,6.2099,6.2099,6.2099,6.2099,6.2099,6.2099,6.2099,6.2099,6.2099,6.2099,6.2099,6.2099,6.2099,6.2099,6.2099,6.2099,6.2099,6.2099,6.2099,6.2099,6.2099,6.2099,6.2099,6.2099,6.2099,6.2099,6.2099,6.2099,6.2099,6.2099,6.2099,6.2099,6.2099,6.2099,6.2099,6.2099,6.2099,6.2099,6.2099,6.2099,6.2099,6.2099,6.2099,6.2099,6.2099,6.2099,6.2099,6.2099,6.2099,6.2099,6.2099,6.2099,6.2099,6.2099,6.2099,6.2099,6.2099,6.2099,6.2099,6.2099,6.2099,6.2099,6.2099,6.2099,6.2099,6.2099,6.2099,6.2099,6.2099,6.2099,6.2099,6.2099,6.2099,6.2099,6.2099,6.2099,6.2099,6.2099,6.2099,6.2099,6.2099,6.2099,6.2099,6.2099,6.2099,6.2099,6.2099,6.2099,6.2099,6.2099,6.2099,6.2099,6.2099,6.2099,6.2099,6.2099,6.2099,6.2099,6.2099,6.2099,6.2099,6.2099,6.2099,6.2099,6.2099,6.2099,6.2099,6.2099,6.2099,6.2099,6.2099,6.2099,6.2099,6.2099,6.2099,6.2099,6.2099,6.2099,6.2099,6.2099,6.2099,6.2099,6.2099,6.2099,6.2099,6.2099,6.2099,6.2099,6.2099,6.2099,6.2099,6.2099,6.2099,6.2099,6.2099,6.2099,6.2099,6.2099,6.2099,6.2099,6.2099,6.2099,6.2099,6.2099,6.2099,6.2099,6.2099,6.2099,6.2099,6.2099,6.2099,6.2099,6.2099,6.2099,6.2099,6.2099,6.2099,6.2099,6.2099,6.2099,6.2099,6.2099,6.2099,6.2099,6.2099,6.2099,6.2099,6.2099,6.2099,6.2099,6.2099,6.2099,6.2099,6.2099,6.2099,6.2099,6.2099,6.2099,6.2099,6.2099,6.2099,6.2099,6.2099,6.2099,6.2099,6.2099,6.2099,6.2099,6.2099,6.2099,6.2099,6.2099,6.2099,6.2099,6.2099,6.2099,6.2099,6.2099,6.2099,6.2099,6.2099,6.2099,6.2099,6.2099,6.2099,6.2099,6.2099,6.2099,6.2099,6.2099,6.2099,6.2099,6.2099,6.2099,6.2099,6.2099,6.2099,6.2099,6.2099,6.2099,6.2099,6.2099,6.2099,6.2099,6.2099,6.2099,6.2099,6.2099,6.2099,6.2099,6.2099,6.2099,6.2099,6.2099,6.2099,6.2099,6.2099,6.2099,6.2099,6.2099,6.2099,6.2099,6.2099,6.2099,6.2099,6.2099,6.2099,6.2099,6.2099,6.2099,6.2099,6.2099,6.2099,6.2099,6.2099,6.2099,6.2099,6.2099,6.2099,6.2099,6.2099,6.2099,6.2099,6.2099,6.2099,6.2099,6.2099,6.2099,6.2099,6.2099,6.2099,6.2099,6.2099,6.2099,6.2099,6.2099,6.2099,6.2099,6.2099,6.2099,6.2099,6.2099,6.2099,6.2099,6.2099,6.2099,6.2099,6.2099,6.2099,6.2099,6.2099,6.2099,6.2099,6.2099,6.2099,6.2099,6.2099,6.2099,6.2099,6.2099,6.2099,6.2099,6.2099,6.2099,6.2099,6.2099,6.2099,6.2099,6.2099,6.2099,6.2099,6.2099,6.2099,6.2099,6.2099,6.2099,6.2099,6.2099,6.2099,6.2099,6.2099,6.2099,6.2099,6.2099,6.2099,6.2099,6.2099,6.2099,6.2099,6.2099,6.2099,6.2099,6.2099,6.2099,6.2099,6.2099,6.2099,6.2099,6.2099,6.2099,6.2099,6.2099,6.2099,6.2099,6.2099,6.2099,6.2099,6.2099,6.2099,6.2099,6.2099,6.2099,6.2099,6.2099,6.2099,6.2099,6.2099,6.2099,6.2099,6.2099,6.2099,6.2099,6.2099,6.2099,6.2099,6.2099,6.2099,6.2099,6.2099,6.2099,6.2099,6.2099,6.2099,6.2099,6.2099,6.2099,6.2099,6.2099,6.2099,6.2099,6.2099,6.2099,6.2099,6.2099,6.2099,6.2099,6.2099,6.2099,6.2099,6.2099,6.2099,6.2099,6.2099,6.2099,6.2099,6.2099,6.2099,6.2099,6.2099,6.2099,6.2099,6.2099,6.2099,6.2099,6.2099,6.2099,6.2099,6.2099,6.2099,6.2099,6.2099,6.2099,6.2099,6.2099,6.2099,6.2099,6.2099,6.2099,6.2099,6.2099,6.2099,6.2099,6.2099,6.2099,6.2099,6.2099,6.2099,6.2099,6.2099,6.2099,6.2099,6.2099,6.2099,6.2099,6.2099,6.2099,6.2099,6.2099,6.2099,6.2099,6.2099,6.2099,6.2099,6.2099,6.2099,6.2099,6.2099,6.2099,6.2099,6.2099,6.2099,6.2099,6.2099,6.2099,6.2099,6.2099,6.2099,6.2099,6.2099,6.2099,6.2099,6.2099,6.2099,6.2099,6.2099,6.2099,6.2099,6.2099,6.2099,6.2099,6.2099,6.2099,6.2099,6.2099,6.2099,6.2099,6.2099,6.2099,6.2099,6.2099,6.2099,6.2099,6.2099,6.2099,6.2099,6.2099,6.2099,6.2099,6.2099,6.2099,6.2099,6.2099,6.2099,6.2099,6.2099,6.2099,6.2099,6.2099,6.2099,6.2099,6.2099,6.2099,6.2099,6.2099,6.2099,6.2099,6.2099,6.2099,6.2099,6.2099,6.2099,6.2099,6.2099,6.2099,6.2099,6.2099,6.2099,6.2099,6.2099,6.2099,6.2099,6.2099,6.2099,6.2099,6.2099,6.2099,6.2099,6.2099,6.2099,6.2099,6.2099,6.2099,6.2099,6.2099,6.2099,6.2099,6.2099,6.2099,6.2099,6.2099,6.2099,6.2099,6.2099,6.2099,6.2099,6.2099,6.2099,6.2099,6.2099,6.2099,6.2099,6.2099,6.2099,6.2099,6.2099,6.2099
6.2058,6.2058,6.2058,6.2058,6.2058,6.2058,6.2058,6.2058,6.2058,6.2058,6.2058,6.2058,6.2058,6.2058,6.2058,6.2058,6.2058,6.2058,6.2058,6.2058,6.2058,6.2058,6.2058,6.2058,6.2058,6.2058,6.2058,6.2058,6.2058,6.2058,6.2058,6.2058,6.2058,6.2058,6.2058,6.2058,6.2058,6.2058,6.2058,6.2058,6.2058,6.2058,6.2058,6.2058,6.2058,6.2058,6.2058,6.2058,6.2058,6.2058,6.2058,6.2058,6.2058,6.2058,6.2058,6.2058,6.2058,6.2058,6.2058,6.2058,6.2058,6.2058,6.2058,6.2058,6.2058,6.2058,6.2058,6.2058,6.2058,6.2058,6.2058,6.2058,6.2058,6.2058,6.2058,6.2058,6.2058,6.2058,6.2058,6.2058,6.2058,6.2058,6.2058,6.2058,6.2058,6.2058,6.2058,6.2058,6.2058,6.2058,6.2058,6.2058,6.2058,6.2058,6.2058,6.2058,6.2058,6.2058,6.2058,6.2058,6.2058,6.2058,6.2058,6.2058,6.2058,6.2058,6.2058,6.2058,6.2058,6.2058,6.2058,6.2058,6.2058,6.2058,6.2058,6.2058,6.2058,6.2058,6.2058,6.2058,6.2058,6.2058,6.2058,6.2058,6.2058,6.2058,6.2058,6.2058,6.2058,6.2058,6.2058,6.2058,6.2058,6.2058,6.2058,6.2058,6.2058,6.2058,6.2058,6.2058,6.2058,6.2058,6.2058,6.2058,6.2058,6.2058,6.2058,6.2058,6.2058,6.2058,6.2058,6.2058,6.2058,6.2058,6.2058,6.2058,6.2058,6.2058,6.2058,6.2058,6.2058,6.2058,6.2058,6.2058,6.2058,6.2058,6.2058,6.2058,6.2058,6.2058,6.2058,6.2058,6.2058,6.2058,6.2058,6.2058,6.2058,6.2058,6.2058,6.2058,6.2058,6.2058,6.2058,6.2058,6.2058,6.2058,6.2058,6.2058,6.2058,6.2058,6.2058,6.2058,6.2058,6.2058,6.2058,6.2058,6.2058,6.2058,6.2058,6.2058,6.2058,6.2058,6.2058,6.2058,6.2058,6.2058,6.2058,6.2058,6.2058,6.2058,6.2058,6.2058,6.2058,6.2058,6.2058,6.2058,6.2058,6.2058,6.2058,6.2058,6.2058,6.2058,6.2058,6.2058,6.2058,6.2058,6.2058,6.2058,6.2058,6.2058,6.2058,6.2058,6.2058,6.2058,6.2058,6.2058,6.2058,6.2058,6.2058,6.2058,6.2058,6.2058,6.2058,6.2058,6.2058,6.2058,6.2058,6.2058,6.2058,6.2058,6.2058,6.2058,6.2058,6.2058,6.2058,6.2058,6.2058,6.2058,6.2058,6.2058,6.2058,6.2058,6.2058,6.2058,6.2058,6.2058,6.2058,6.2058,6.2058,6.2058,6.2058,6.2058,6.2058,6.2058,6.2058,6.2058,6.2058,6.2058,6.2058,6.2058,6.2058,6.2058,6.2058,6.2058,6.2058,6.2058,6.2058,6.2058,6.2058,6.2058,6.2058,6.2058,6.2058,6.2058,6.2058,6.2058,6.2058,6.2058,6.2058,6.2058,6.2058,6.2058,6.2058,6.2058,6.2058,6.2058,6.2058,6.2058,6.2058,6.2058,6.2058,6.2058,6.2058,6.2058,6.2058,6.2058,6.2058,6.2058,6.2058,6.2058,6.2058,6.2058,6.2058,6.2058,6.2058,6.2058,6.2058,6.2058,6.2058,6.2058,6.2058,6.2058,6.2058,6.2058,6.2058,6.2058,6.2058,6.2058,6.2058,6.2058,6.2058,6.2058,6.2058,6.2058,6.2058,6.2058,6.2058,6.2058,6.2058,6.2058,6.2058,6.2058,6.2058,6.2058,6.2058,6.2058,6.2058,6.2058,6.2058,6.2058,6.2058,6.2058,6.2058,6.2058,6.2058,6.2058,6.2058,6.2058,6.2058,6.2058,6.2058,6.2058,6.2058,6.2058,6.2058,6.2058,6.2058,6.2058,6.2058,6.2058,6.2058,6.2058,6.2058,6.2058,6.2058,6.2058,6.2058,6.2058,6.2058,6.2058,6.2058,6.2058,6.2058,6.2058,6.2058,6.2058,6.2058,6.2058,6.2058,6.2058,6.2058,6.2058,6.2058,6.2058,6.2058,6.2058,6.2058,6.2058,6.2058,6.2058,6.2058,6.2058,6.2058,6.2058,6.2058,6.2058,6.2058,6.2058,6.2058,6.2058,6.2058,6.2058,6.2058,6.2058,6.2058,6.2058,6.2058,6.2058,6.2058,6.2058,6.2058,6.2058,6.2058,6.2058,6.2058,6.2058,6.2058,6.2058,6.2058,6.2058,6.2058,6.2058,6.2058,6.2058,6.2058,6.2058,6.2058,6.2058,6.2058,6.2058,6.2058,6.2058,6.2058,6.2058,6.2058,6.2058,6.2058,6.2058,6.2058,6.2058,6.2058,6.2058,6.2058,6.2058,6.2058,6.2058,6.2058,6.2058,6.2058,6.2058,6.2058,6.2058,6.2058,6.2058,6.2058,6.2058,6.2058,6.2058,6.2058,6.2058,6.2058,6.2058,6.2058,6.2058,6.2058,6.2058,6.2058,6.2058,6.2058,6.2058,6.2058,6.2058,6.2058,6.2058,6.2058,6.2058,6.2058,6.2058,6.2058,6.2058,6.2058,6.2058,6.2058,6.2058,6.2058,6.2058,6.2058,6.2058,6.2058,6.2058,6.2058,6.2058,6.2058,6.2058,6.2058,6.2058,6.2058,6.2058,6.2058,6.2058,6.2058,6.2058,6.2058,6.2058,6.2058,6.2058,6.2058,6.2058,6.2058,6.2058,6.2058,6.2058,6.2058,6.2058,6.2058,6.2058,6.2058,6.2058,6.2058,6.2058,6.2058,6.2058,6.2058,6.2058,6.2058,6.2058,6.2058,6.2058,6.2058,6.2058,6.2058,6.2058,6.2058,6.2058,6.2058,6.2058,6.2058,6.2058,6.2058,6.2058,6.2058,6.2058,6.2058,6.2058,6.2058,6.2058,6.2058,6.2058,6.2058,6.2058,6.2058,6.2058,6.2058,6.2058,6.2058,6.2058,6.2058,6.2058,6.2058,6.2058,6.2058,6.2058,6.2058,6.2058,6.2058,6.2058,6.2058,6.2058,6.2058,6.2058,6.2058,6.2058,6.2058,6.2058,6.2058,6.2058,6.2058,6.2058,6.2058,6.2058,6.2058,6.2058,6.2058,6.2058,6.2058,6.2058,6.2058,6.2058,6.2058,6.2058,6.2058,6.2058,6.2058,6.2058,6.2058,6.2058,6.2058,6.2058,6.2058,6.2058,6.2058,6.2058,6.2058,6.2058,6.2058,6.2058,6.2058,6.2058,6.2058,6.2058,6.2058,6.2058,6.2058,6.2058,6.2058,6.2058,6.2058,6.2058,6.2058,6.2058,6.2058,6.2058,6.2058,6.2058,6.2058,6.2058,6.2058,6.2058,6.2058,6.2058,6.2058,6.2058,6.2058,6.2058,6.2058,6.2058,6.2058,6.2058,6.2058,6.2058,6.2058,6.2058,6.2058,6.2058,6.2058,6.2058,6.2058,6.2058,6.2058,6.2058,6.2058,6.2058,6.2058,6.2058,6.2058,6.2058,6.2058,6.2058,6.2058,6.2058,6.2058,6.2058,6.2058,6.2058,6.2058,6.2058,6.2058,6.2058,6.2058,6.2058,6.2058,6.2058,6.2058,6.2058,6.2058,6.2058,6.2058,6.2058,6.2058,6.2058,6.2058,6.2058,6.2058,6.2058,6.2058,6.2058,6.2058,6.2058,6.2058,6.2058,6.2058,6.2058,6.2058,6.2058,6.2058,6.2058,6.2058,6.2058,6.2058,6.2058,6.2058,6.2058,6.2058,6.2058,6.2058,6.2058,6.2058,6.2058,6.2058,6.2058,6.2058,6.2058,6.2058,6.2058,6.2058,6.2058,6.2058,6.2058,6.2058,6.2058,6.2058,6.2058,6.2058,6.2058,6.2058,6.2058,6.2058,6.2058,6.2058,6.2058,6.2058,6.2058,6.2058,6.2058,6.2058,6.2058,6.2058,6.2058,6.2058,6.2058,6.2058,6.2058,6.2058,6.2058,6.2058,6.2058,6.2058,6.2058,6.2058,6.2058,6.2058,6.2058,6.2058,6.2058,6.2058,6.2058,6.2058,6.2058,6.2058,6.2058,6.2058,6.2058,6.2058,6.2058,6.2058,6.2058,6.2058,6.2058,6.2058,6.2058,6.2058,6.2058,6.2058,6.2058,6.2058,6.2058,6.2058,6.2058,6.2058,6.2058,6.2058,6.2058,6.2058,6.2058,6.2058,6.2058,6.2058,6.2058,6.2058,6.2058,6.2058,6.2058,6.2058,6.2058,6.2058,6.2058,6.2058,6.2058,6.2058,6.2058,6.2058,6.2058,6.2058,6.2058,6.2058,6.2058,6.2058,6.2058,6.2058,6.2058,6.2058,6.2058,6.2058,6.2058,6.2058,6.2058,6.2058,6.2058,6.2058,6.2058,6.2058,6.2058,6.2058,6.2058,6.2058,6.2058,6.2058,6.2058,6.2058,6.2058,6.2058,6.2058,6.2058,6.2058,6.2058,6.2058,6.2058,6.2058,6.2058,6.2058,6.2058,6.2058,6.2058,6.2058,6.2058,6.2058,6.2058,6.2058,6.2058,6.2058,6.2058,6.2058,6.2058,6.2058,6.2058,6.2058,6.2058,6.2058,6.2058,6.2058,6.2058,6.2058,6.2058,6.2058,6.2058,6.2058,6.2058,6.2058,6.2058,6.2058,6.2058,6.2058,6.2058,6.2058,6.2058,6.2058,6.2058,6.2058,6.2058,6.2058,6.2058,6.2058,6.2058,6.2058,6.2058,6.2058,6.2058,6.2058,6.2058,6.2058,6.2058,6.2058,6.2058,6.2058,6.2058,6.2058,6.2058,6.2058,6.2058,6.2058,6.2058,6.2058,6.2058,6.2058,6.2058,6.2058,6.2058,6.2058,6.2058,6.2058,6.2058,6.2058,6.2058,6.2058,6.2058,6.2058,6.2058,6.2058,6.2058,6.2058,6.2058,6.2058,6.2058,6.2058,6.2058,6.2058,6.2058,6.2058,6.2058,6.2058,6.2058,6.2058,6.2058,6.2058,6.2058,6.2058,6.2058,6.2058,6.2058,6.2058
6.2014,6.2014,6.2014,6.2014,6.2014,6.2014,6.2014,6.2014,6.2014,6.2014,6.2014,6.2014,6.2014,6.2014,6.2014,6.2014,6.2014,6.2014,6.2014,6.2014,6.2014,6.2014,6.2014,6.2014,6.2014,6.2014,6.2014,6.2014,6.2014,6.2014,6.2014,6.2014,6.2014,6.2014,6.2014,6.2014,6.2014,6.2014,6.2014,6.2014,6.2014,6.2014,6.2014,6.2014,6.2014,6.2014,6.2014,6.2014,6.2014,6.2014,6.2014,6.2014,6.2014,6.2014,6.2014,6.2014,6.2014,6.2014,6.2014,6.2014,6.2014,6.2014,6.2014,6.2014,6.2014,6.2014,6.2014,6.2014,6.2014,6.2014,6.2014,6.2014,6.2014,6.2014,6.2014,6.2014,6.2014,6.2014,6.2014,6.2014,6.2014,6.2014,6.2014,6.2014,6.2014,6.2014,6.2014,6.2014,6.2014,6.2014,6.2014,6.2014,6.2014,6.2014,6.2014,6.2014,6.2014,6.2014,6.2014,6.2014,6.2014,6.2014,6.2014,6.2014,6.2014,6.2014,6.2014,6.2014,6.2014,6.2014,6.2014,6.2014,6.2014,6.2014,6.2014,6.2014,6.2014,6.2014,6.2014,6.2014,6.2014,6.2014,6.2014,6.2014,6.2014,6.2014,6.2014,6.2014,6.2014,6.2014,6.2014,6.2014,6.2014,6.2014,6.2014,6.2014,6.2014,6.2014,6.2014,6.2014,6.2014,6.2014,6.2014,6.2014,6.2014,6.2014,6.2014,6.2014,6.2014,6.2014,6.2014,6.2014,6.2014,6.2014,6.2014,6.2014,6.2014,6.2014,6.2014,6.2014,6.2014,6.2014,6.2014,6.2014,6.2014,6.2014,6.2014,6.2014,6.2014,6.2014,6.2014,6.2014,6.2014,6.2014,6.2014,6.2014,6.2014,6.2014,6.2014,6.2014,6.2014,6.2014,6.2014,6.2014,6.2014,6.2014,6.2014,6.2014,6.2014,6.2014,6.2014,6.2014,6.2014,6.2014,6.2014,6.2014,6.2014,6.2014,6.2014,6.2014,6.2014,6.2014,6.2014,6.2014,6.2014,6.2014,6.2014,6.2014,6.2014,6.2014,6.2014,6.2014,6.2014,6.2014,6.2014,6.2014,6.2014,6.2014,6.2014,6.2014,6.2014,6.2014,6.2014,6.2014,6.2014,6.2014,6.2014,6.2014,6.2014,6.2014,6.2014,6.2014,6.2014,6.2014,6.2014,6.2014,6.2014,6.2014,6.2014,6.2014,6.2014,6.2014,6.2014,6.2014,6.2014,6.2014,6.2014,6.2014,6.2014,6.2014,6.2014,6.2014,6.2014,6.2014,6.2014,6.2014,6.2014,6.2014,6.2014,6.2014,6.2014,6.2014,6.2014,6.2014,6.2014,6.2014,6.2014,6.2014,6.2014,6.2014,6.2014,6.2014,6.2014,6.2014,6.2014,6.2014,6.2014,6.2014,6.2014,6.2014,6.2014,6.2014,6.2014,6.2014,6.2014,6.2014,6.2014,6.2014,6.2014,6.2014,6.2014,6.2014,6.2014,6.2014,6.2014,6.2014,6.2014,6.2014,6.2014,6.2014,6.2014,6.2014,6.2014,6.2014,6.2014,6.2014,6.2014,6.2014,6.2014,6.2014,6.2014,6.2014,6.2014,6.2014,6.2014,6.2014,6.2014,6.2014,6.2014,6.2014,6.2014,6.2014,6.2014,6.2014,6.2014,6.2014,6.2014,6.2014,6.2014,6.2014,6.2014,6.2014,6.2014,6.2014,6.2014,6.2014,6.2014,6.2014,6.2014,6.2014,6.2014,6.2014,6.2014,6.2014,6.2014,6.2014,6.2014,6.2014,6.2014,6.2014,6.2014,6.2014,6.2014,6.2014,6.2014,6.2014,6.2014,6.2014,6.2014,6.2014,6.2014,6.2014,6.2014,6.2014,6.2014,6.2014,6.2014,6.2014,6.2014,6.2014,6.2014,6.2014,6.2014,6.2014,6.2014,6.2014,6.2014,6.2014,6.2014,6.2014,6.2014,6.2014,6.2014,6.2014,6.2014,6.2014,6.2014,6.2014,6.2014,6.2014,6.2014,6.2014,6.2014,6.2014,6.2014,6.2014,6.2014,6.2014,6.2014,6.2014,6.2014,6.2014,6.2014,6.2014,6.2014,6.2014,6.2014,6.2014,6.2014,6.2014,6.2014,6.2014,6.2014,6.2014,6.2014,6.2014,6.2014,6.2014,6.2014,6.2014,6.2014,6.2014,6.2014,6.2014,6.2014,6.2014,6.2014,6.2014,6.2014,6.2014,6.2014,6.2014,6.2014,6.2014,6.2014,6.2014,6.2014,6.2014,6.2014,6.2014,6.2014,6.2014,6.2014,6.2014,6.2014,6.2014,6.2014,6.2014,6.2014,6.2014,6.2014,6.2014,6.2014,6.2014,6.2014,6.2014,6.2014,6.2014,6.2014,6.2014,6.2014,6.2014,6.2014,6.2014,6.2014,6.2014,6.2014,6.2014,6.2014,6.2014,6.2014,6.2014,6.2014,6.2014,6.2014,6.2014,6.2014,6.2014,6.2014,6.2014,6.2014,6.2014,6.2014,6.2014,6.2014,6.2014,6.2014,6.2014,6.2014,6.2014,6.2014,6.2014,6.2014,6.2014,6.2014,6.2014,6.2014,6.2014,6.2014,6.2014,6.2014,6.2014,6.2014,6.2014,6.2014,6.2014,6.2014,6.2014,6.2014,6.2014,6.2014,6.2014,6.2014,6.2014,6.2014,6.2014,6.2014,6.2014,6.2014,6.2014,6.2014,6.2014,6.2014,6.2014,6.2014,6.2014,6.2014,6.2014,6.2014,6.2014,6.2014,6.2014,6.2014,6.2014,6.2014,6.2014,6.2014,6.2014,6.2014,6.2014,6.2014,6.2014,6.2014,6.2014,6.2014,6.2014,6.2014,6.2014,6.2014,6.2014,6.2014,6.2014,6.2014,6.2014,6.2014,6.2014,6.2014,6.2014,6.2014,6.2014,6.2014,6.2014,6.2014,6.2014,6.2014,6.2014,6.2014,6.2014,6.2014,6.2014,6.2014,6.2014,6.2014,6.2014,6.2014,6.2014,6.2014,6.2014,6.2014,6.2014,6.2014,6.2014,6.2014,6.2014,6.2014,6.2014,6.2014,6.2014,6.2014,6.2014,6.2014,6.2014,6.2014,6.2014,6.2014,6.2014,6.2014,6.2014,6.2014,6.2014,6.2014,6.2014,6.2014,6.2014,6.2014,6.2014,6.2014,6.2014,6.2014,6.2014,6.2014,6.2014,6.2014,6.2014,6.2014,6.2014,6.2014,6.2014,6.2014,6.2014,6.2014,6.2014,6.2014,6.2014,6.2014,6.2014,6.2014,6.2014,6.2014,6.2014,6.2014,6.2014,6.2014,6.2014,6.2014,6.2014,6.2014,6.2014,6.2014,6.2014,6.2014,6.2014,6.2014,6.2014,6.2014,6.2014,6.2014,6.2014,6.2014,6.2014,6.2014,6.2014,6.2014,6.2014,6.2014,6.2014,6.2014,6.2014,6.2014,6.2014,6.2014,6.2014,6.2014,6.2014,6.2014,6.2014,6.2014,6.2014,6.2014,6.2014,6.2014,6.2014,6.2014,6.2014,6.2014,6.2014,6.2014,6.2014,6.2014,6.2014,6.2014,6.2014,6.2014,6.2014,6.2014,6.2014,6.2014,6.2014,6.2014,6.2014,6.2014,6.2014,6.2014,6.2014,6.2014,6.2014,6.2014,6.2014,6.2014,6.2014,6.2014,6.2014,6.2014,6.2014,6.2014,6.2014,6.2014,6.2014,6.2014,6.2014,6.2014,6.2014,6.2014,6.2014,6.2014,6.2014,6.2014,6.2014,6.2014,6.2014,6.2014,6.2014,6.2014,6.2014,6.2014,6.2014,6.2014,6.2014,6.2014,6.2014,6.2014,6.2014,6.2014,6.2014,6.2014,6.2014,6.2014,6.2014,6.2014,6.2014,6.2014,6.2014,6.2014,6.2014,6.2014,6.2014,6.2014,6.2014,6.2014,6.2014,6.2014,6.2014,6.2014,6.2014,6.2014,6.2014,6.2014,6.2014,6.2014,6.2014,6.2014,6.2014,6.2014,6.2014,6.2014,6.2014,6.2014,6.2014,6.2014,6.2014,6.2014,6.2014,6.2014,6.2014,6.2014,6.2014,6.2014,6.2014,6.2014,6.2014,6.2014,6.2014,6.2014,6.2014,6.2014,6.2014,6.2014,6.2014,6.2014,6.2014,6.2014,6.2014,6.2014,6.2014,6.2014,6.2014,6.2014,6.2014,6.2014,6.2014,6.2014,6.2014,6.2014,6.2014,6.2014,6.2014,6.2014,6.2014,6.2014,6.2014,6.2014,6.2014,6.2014,6.2014,6.2014,6.2014,6.2014,6.2014,6.2014,6.2014,6.2014,6.2014,6.2014,6.2014,6.2014,6.2014,6.2014,6.2014,6.2014,6.2014,6.2014,6.2014,6.2014,6.2014,6.2014,6.2014,6.2014,6.2014,6.2014,6.2014,6.2014,6.2014,6.2014,6.2014,6.2014,6.2014,6.2014,6.2014,6.2014,6.2014,6.2014,6.2014,6.2014,6.2014,6.2014,6.2014,6.2014,6.2014,6.2014,6.2014,6.2014,6.2014,6.2014,6.2014,6.2014,6.2014,6.2014,6.2014,6.2014,6.2014,6.2014,6.2014,6.2014,6.2014,6.2014,6.2014,6.2014,6.2014,6.2014,6.2014,6.2014,6.2014,6.2014,6.2014,6.2014,6.2014,6.2014,6.2014,6.2014,6.2014,6.2014,6.2014,6.2014,6.2014,6.2014,6.2014,6.2014,6.2014,6.2014,6.2014,6.2014,6.2014,6.2014,6.2014,6.2014,6.2014,6.2014,6.2014,6.2014,6.2014,6.2014,6.2014,6.2014,6.2014,6.2014,6.2014,6.2014,6.2014,6.2014,6.2014,6.2014,6.2014,6.2014,6.2014,6.2014,6.2014,6.2014,6.2014,6.2014,6.2014,6.2014,6.2014,6.2014,6.2014,6.2014,6.2014,6.2014,6.2014,6.2014,6.2014,6.2014,6.2014,6.2014,6.2014,6.2014,6.2014,6.2014,6.2014,6.2014,6.2014,6.2014,6.2014,6.2014,6.2014,6.2014,6.2014,6.2014,6.2014,6.2014,6.2014
6.1970,6.1970,6.1970,6.1970,6.1970,6.1970,6.1970,6.1970,6.1970,6.1970,6.1970,6.1970,6.1970,6.1970,6.1970,6.1970,6.1970,6.1970,6.1970,6.1970,6.1970,6.1970,6.1970,6.1970,6.1970,6.1970,6.1970,6.1970,6.1970,6.1970,6.1970,6.1970,6.1970,6.1970,6.1970,6.1970,6.1970,6.1970,6.1970,6.1970,6.1970,6.1970,6.1970,6.1970,6.1970,6.1970,6.1970,6.1970,6.1970,6.1970,6.1970,6.1970,6.1970,6.1970,6.1970,6.1970,6.1970,6.1970,6.1970,6.1970,6.1970,6.1970,6.1970,6.1970,6.1970,6.1970,6.1970,6.1970,6.1970,6.1970,6.1970,6.1970,6.1970,6.1970,6.1970,6.1970,6.1970,6.1970,6.1970,6.1970,6.1970,6.1970,6.1970,6.1970,6.1970,6.1970,6.1970,6.1970,6.1970,6.1970,6.1970,6.1970,6.1970,6.1970,6.1970,6.1970,6.1970,6.1970,6.1970,6.1970,6.1970,6.1970,6.1970,6.1970,6.1970,6.1970,6.1970,6.1970,6.1970,6.1970,6.1970,6.1970,6.1970,6.1970,6.1970,6.1970,6.1970,6.1970,6.1970,6.1970,6.1970,6.1970,6.1970,6.1970,6.1970,6.1970,6.1970,6.1970,6.1970,6.1970,6.1970,6.1970,6.1970,6.1970,6.1970,6.1970,6.1970,6.1970,6.1970,6.1970,6.1970,6.1970,6.1970,6.1970,6.1970,6.1970,6.1970,6.1970,6.1970,6.1970,6.1970,6.1970,6.1970,6.1970,6.1970,6.1970,6.1970,6.1970,6.1970,6.1970,6.1970,6.1970,6.1970,6.1970,6.1970,6.1970,6.1970,6.1970,6.1970,6.1970,6.1970,6.1970,6.1970,6.1970,6.1970,6.1970,6.1970,6.1970,6.1970,6.1970,6.1970,6.1970,6.1970,6.1970,6.1970,6.1970,6.1970,6.1970,6.1970,6.1970,6.1970,6.1970,6.1970,6.1970,6.1970,6.1970,6.1970,6.1970,6.1970,6.1970,6.1970,6.1970,6.1970,6.1970,6.1970,6.1970,6.1970,6.1970,6.1970,6.1970,6.1970,6.1970,6.1970,6.1970,6.1970,6.1970,6.1970,6.1970,6.1970,6.1970,6.1970,6.1970,6.1970,6.1970,6.1970,6.1970,6.1970,6.1970,6.1970,6.1970,6.1970,6.1970,6.1970,6.1970,6.1970,6.1970,6.1970,6.1970,6.1970,6.1970,6.1970,6.1970,6.1970,6.1970,6.1970,6.1970,6.1970,6.1970,6.1970,6.1970,6.1970,6.1970,6.1970,6.1970,6.1970,6.1970,6.1970,6.1970,6.1970,6.1970,6.1970,6.1970,6.1970,6.1970,6.1970,6.1970,6.1970,6.1970,6.1970,6.1970,6.1970,6.1970,6.1970,6.1970,6.1970,6.1970,6.1970,6.1970,6.1970,6.1970,6.1970,6.1970,6.1970,6.1970,6.1970,6.1970,6.1970,6.1970,6.1970,6.1970,6.1970,6.1970,6.1970,6.1970,6.1970,6.1970,6.1970,6.1970,6.1970,6.1970,6.1970,6.1970,6.1970,6.1970,6.1970,6.1970,6.1970,6.1970,6.1970,6.1970,6.1970,6.1970,6.1970,6.1970,6.1970,6.1970,6.1970,6.1970,6.1970,6.1970,6.1970,6.1970,6.1970,6.1970,6.1970,6.1970,6.1970,6.1970,6.1970,6.1970,6.1970,6.1970,6.1970,6.1970,6.1970,6.1970,6.1970,6.1970,6.1970,6.1970,6.1970,6.1970,6.1970,6.1970,6.1970,6.1970,6.1970,6.1970,6.1970,6.1970,6.1970,6.1970,6.1970,6.1970,6.1970,6.1970,6.1970,6.1970,6.1970,6.1970,6.1970,6.1970,6.1970,6.1970,6.1970,6.1970,6.1970,6.1970,6.1970,6.1970,6.1970,6.1970,6.1970,6.1970,6.1970,6.1970,6.1970,6.1970,6.1970,6.1970,6.1970,6.1970,6.1970,6.1970,6.1970,6.1970,6.1970,6.1970,6.1970,6.1970,6.1970,6.1970,6.1970,6.1970,6.1970,6.1970,6.1970,6.1970,6.1970,6.1970,6.1970,6.1970,6.1970,6.1970,6.1970,6.1970,6.1970,6.1970,6.1970,6.1970,6.1970,6.1970,6.1970,6.1970,6.1970,6.1970,6.1970,6.1970,6.1970,6.1970,6.1970,6.1970,6.1970,6.1970,6.1970,6.1970,6.1970,6.1970,6.1970,6.1970,6.1970,6.1970,6.1970,6.1970,6.1970,6.1970,6.1970,6.1970,6.1970,6.1970,6.1970,6.1970,6.1970,6.1970,6.1970,6.1970,6.1970,6.1970,6.1970,6.1970,6.1970,6.1970,6.1970,6.1970,6.1970,6.1970,6.1970,6.1970,6.1970,6.1970,6.1970,6.1970,6.1970,6.1970,6.1970,6.1970,6.1970,6.1970,6.1970,6.1970,6.1970,6.1970,6.1970,6.1970,6.1970,6.1970,6.1970,6.1970,6.1970,6.1970,6.1970,6.1970,6.1970,6.1970,6.1970,6.1970,6.1970,6.1970,6.1970,6.1970,6.1970,6.1970,6.1970,6.1970,6.1970,6.1970,6.1970,6.1970,6.1970,6.1970,6.1970,6.1970,6.1970,6.1970,6.1970,6.1970,6.1970,6.1970,6.1970,6.1970,6.1970,6.1970,6.1970,6.1970,6.1970,6.1970,6.1970,6.1970,6.1970,6.1970,6.1970,6.1970,6.1970,6.1970,6.1970,6.1970,6.1970,6.1970,6.1970,6.1970,6.1970,6.1970,6.1970,6.1970,6.1970,6.1970,6.1970,6.1970,6.1970,6.1970,6.1970,6.1970,6.1970,6.1970,6.1970,6.1970,6.1970,6.1970,6.1970,6.1970,6.1970,6.1970,6.1970,6.1970,6.1970,6.1970,6.1970,6.1970,6.1970,6.1970,6.1970,6.1970,6.1970,6.1970,6.1970,6.1970,6.1970,6.1970,6.1970,6.1970,6.1970,6.1970,6.1970,6.1970,6.1970,6.1970,6.1970,6.1970,6.1970,6.1970,6.1970,6.1970,6.1970,6.1970,6.1970,6.1970,6.1970,6.1970,6.1970,6.1970,6.1970,6.1970,6.1970,6.1970,6.1970,6.1970,6.1970,6.1970,6.1970,6.1970,6.1970,6.1970,6.1970,6.1970,6.1970,6.1970,6.1970,6.1970,6.1970,6.1970,6.1970,6.1970,6.1970,6.1970,6.1970,6.1970,6.1970,6.1970,6.1970,6.1970,6.1970,6.1970,6.1970,6.1970,6.1970,6.1970,6.1970,6.1970,6.1970,6.1970,6.1970,6.1970,6.1970,6.1970,6.1970,6.1970,6.1970,6.1970,6.1970,6.1970,6.1970,6.1970,6.1970,6.1970,6.1970,6.1970,6.1970,6.1970,6.1970,6.1970,6.1970,6.1970,6.1970,6.1970,6.1970,6.1970,6.1970,6.1970,6.1970,6.1970,6.1970,6.1970,6.1970,6.1970,6.1970,6.1970,6.1970,6.1970,6.1970,6.1970,6.1970,6.1970,6.1970,6.1970,6.1970,6.1970,6.1970,6.1970,6.1970,6.1970,6.1970,6.1970,6.1970,6.1970,6.1970,6.1970,6.1970,6.1970,6.1970,6.1970,6.1970,6.1970,6.1970,6.1970,6.1970,6.1970,6.1970,6.1970,6.1970,6.1970,6.1970,6.1970,6.1970,6.1970,6.1970,6.1970,6.1970,6.1970,6.1970,6.1970,6.1970,6.1970,6.1970,6.1970,6.1970,6.1970,6.1970,6.1970,6.1970,6.1970,6.1970,6.1970,6.1970,6.1970,6.1970,6.1970,6.1970,6.1970,6.1970,6.1970,6.1970,6.1970,6.1970,6.1970,6.1970,6.1970,6.1970,6.1970,6.1970,6.1970,6.1970,6.1970,6.1970,6.1970,6.1970,6.1970,6.1970,6.1970,6.1970,6.1970,6.1970,6.1970,6.1970,6.1970,6.1970,6.1970,6.1970,6.1970,6.1970,6.1970,6.1970,6.1970,6.1970,6.1970,6.1970,6.1970,6.1970,6.1970,6.1970,6.1970,6.1970,6.1970,6.1970,6.1970,6.1970,6.1970,6.1970,6.1970,6.1970,6.1970,6.1970,6.1970,6.1970,6.1970,6.1970,6.1970,6.1970,6.1970,6.1970,6.1970,6.1970,6.1970,6.1970,6.1970,6.1970,6.1970,6.1970,6.1970,6.1970,6.1970,6.1970,6.1970,6.1970,6.1970,6.1970,6.1970,6.1970,6.1970,6.1970,6.1970,6.1970,6.1970,6.1970,6.1970,6.1970,6.1970,6.1970,6.1970,6.1970,6.1970,6.1970,6.1970,6.1970,6.1970,6.1970,6.1970,6.1970,6.1970,6.1970,6.1970,6.1970,6.1970,6.1970,6.1970,6.1970,6.1970,6.1970,6.1970,6.1970,6.1970,6.1970,6.1970,6.1970,6.1970,6.1970,6.1970,6.1970,6.1970,6.1970,6.1970,6.1970,6.1970,6.1970,6.1970,6.1970,6.1970,6.1970,6.1970,6.1970,6.1970,6.1970,6.1970,6.1970,6.1970,6.1970,6.1970,6.1970,6.1970,6.1970,6.1970,6.1970,6.1970,6.1970,6.1970,6.1970,6.1970,6.1970,6.1970,6.1970,6.1970,6.1970,6.1970,6.1970,6.1970,6.1970,6.1970,6.1970,6.1970,6.1970,6.1970,6.1970,6.1970,6.1970,6.1970,6.1970,6.1970,6.1970,6.1970,6.1970,6.1970,6.1970,6.1970,6.1970,6.1970,6.1970,6.1970,6.1970,6.1970,6.1970,6.1970,6.1970,6.1970,6.1970,6.1970,6.1970,6.1970,6.1970,6.1970,6.1970,6.1970,6.1970,6.1970,6.1970,6.1970,6.1970,6.1970,6.1970,6.1970,6.1970,6.1970,6.1970,6.1970,6.1970,6.1970,6.1970,6.1970,6.1970,6.1970,6.1970,6.1970,6.1970,6.1970,6.1970,6.1970,6.1970,6.1970,6.1970,6.1970,6.1970,6.1970,6.1970,6.1970,6.1970,6.1970,6.1970,6.1970,6.1970,6.1970,6.1970,6.1970
6.1927,6.1927,6.1927,6.1927,6.1927,6.1927,6.1927,6.1927,6.1927,6.1927,6.1927,6.1927,6.1927,6.1927,6.1927,6.1927,6.1927,6.1927,6.1927,6.1927,6.1927,6.1927,6.1927,6.1927,6.1927,6.1927,6.1927,6.1927,6.1927,6.1927,6.1927,6.1927,6.1927,6.1927,6.1927,6.1927,6.1927,6.1927,6.1927,6.1927,6.1927,6.1927,6.1927,6.1927,6.1927,6.1927,6.1927,6.1927,6.1927,6.1927,6.1927,6.1927,6.1927,6.1927,6.1927,6.1927,6.1927,6.1927,6.1927,6.1927,6.1927,6.1927,6.1927,6.1927,6.1927,6.1927,6.1927,6.1927,6.1927,6.1927,6.1927,6.1927,6.1927,6.1927,6.1927,6.1927,6.1927,6.1927,6.1927,6.1927,6.1927,6.1927,6.1927,6.1927,6.1927,6.1927,6.1927,6.1927,6.1927,6.1927,6.1927,6.1927,6.1927,6.1927,6.1927,6.1927,6.1927,6.1927,6.1927,6.1927,6.1927,6.1927,6.1927,6.1927,6.1927,6.1927,6.1927,6.1927,6.1927,6.1927,6.1927,6.1927,6.1927,6.1927,6.1927,6.1927,6.1927,6.1927,6.1927,6.1927,6.1927,6.1927,6.1927,6.1927,6.1927,6.1927,6.1927,6.1927,6.1927,6.1927,6.1927,6.1927,6.1927,6.1927,6.1927,6.1927,6.1927,6.1927,6.1927,6.1927,6.1927,6.1927,6.1927,6.1927,6.1927,6.1927,6.1927,6.1927,6.1927,6.1927,6.1927,6.1927,6.1927,6.1927,6.1927,6.1927,6.1927,6.1927,6.1927,6.1927,6.1927,6.1927,6.1927,6.1927,6.1927,6.1927,6.1927,6.1927,6.1927,6.1927,6.1927,6.1927,6.1927,6.1927,6.1927,6.1927,6.1927,6.1927,6.1927,6.1927,6.1927,6.1927,6.1927,6.1927,6.1927,6.1927,6.1927,6.1927,6.1927,6.1927,6.1927,6.1927,6.1927,6.1927,6.1927,6.1927,6.1927,6.1927,6.1927,6.1927,6.1927,6.1927,6.1927,6.1927,6.1927,6.1927,6.1927,6.1927,6.1927,6.1927,6.1927,6.1927,6.1927,6.1927,6.1927,6.1927,6.1927,6.1927,6.1927,6.1927,6.1927,6.1927,6.1927,6.1927,6.1927,6.1927,6.1927,6.1927,6.1927,6.1927,6.1927,6.1927,6.1927,6.1927,6.1927,6.1927,6.1927,6.1927,6.1927,6.1927,6.1927,6.1927,6.1927,6.1927,6.1927,6.1927,6.1927,6.1927,6.1927,6.1927,6.1927,6.1927,6.1927,6.1927,6.1927,6.1927,6.1927,6.1927,6.1927,6.1927,6.1927,6.1927,6.1927,6.1927,6.1927,6.1927,6.1927,6.1927,6.1927,6.1927,6.1927,6.1927,6.1927,6.1927,6.1927,6.1927,6.1927,6.1927,6.1927,6.1927,6.1927,6.1927,6.1927,6.1927,6.1927,6.1927,6.1927,6.1927,6.1927,6.1927,6.1927,6.1927,6.1927,6.1927,6.1927,6.1927,6.1927,6.1927,6.1927,6.1927,6.1927,6.1927,6.1927,6.1927,6.1927,6.1927,6.1927,6.1927,6.1927,6.1927,6.1927,6.1927,6.1927,6.1927,6.1927,6.1927,6.1927,6.1927,6.1927,6.1927,6.1927,6.1927,6.1927,6.1927,6.1927,6.1927,6.1927,6.1927,6.1927,6.1927,6.1927,6.1927,6.1927,6.1927,6.1927,6.1927,6.1927,6.1927,6.1927,6.1927,6.1927,6.1927,6.1927,6.1927,6.1927,6.1927,6.1927,6.1927,6.1927,6.1927,6.1927,6.1927,6.1927,6.1927,6.1927,6.1927,6.1927,6.1927,6.1927,6.1927,6.1927,6.1927,6.1927,6.1927,6.1927,6.1927,6.1927,6.1927,6.1927,6.1927,6.1927,6.1927,6.1927,6.1927,6.1927,6.1927,6.1927,6.1927,6.1927,6.1927,6.1927,6.1927,6.1927,6.1927,6.1927,6.1927,6.1927,6.1927,6.1927,6.1927,6.1927,6.1927,6.1927,6.1927,6.1927,6.1927,6.1927,6.1927,6.1927,6.1927,6.1927,6.1927,6.1927,6.1927,6.1927,6.1927,6.1927,6.1927,6.1927,6.1927,6.1927,6.1927,6.1927,6.1927,6.1927,6.1927,6.1927,6.1927,6.1927,6.1927,6.1927,6.1927,6.1927,6.1927,6.1927,6.1927,6.1927,6.1927,6.1927,6.1927,6.1927,6.1927,6.1927,6.1927,6.1927,6.1927,6.1927,6.1927,6.1927,6.1927,6.1927,6.1927,6.1927,6.1927,6.1927,6.1927,6.1927,6.1927,6.1927,6.1927,6.1927,6.1927,6.1927,6.1927,6.1927,6.1927,6.1927,6.1927,6.1927,6.1927,6.1927,6.1927,6.1927,6.1927,6.1927,6.1927,6.1927,6.1927,6.1927,6.1927,6.1927,6.1927,6.1927,6.1927,6.1927,6.1927,6.1927,6.1927,6.1927,6.1927,6.1927,6.1927,6.1927,6.1927,6.1927,6.1927,6.1927,6.1927,6.1927,6.1927,6.1927,6.1927,6.1927,6.1927,6.1927,6.1927,6.1927,6.1927,6.1927,6.1927,6.1927,6.1927,6.1927,6.1927,6.1927,6.1927,6.1927,6.1927,6.1927,6.1927,6.1927,6.1927,6.1927,6.1927,6.1927,6.1927,6.1927,6.1927,6.1927,6.1927,6.1927,6.1927,6.1927,6.1927,6.1927,6.1927,6.1927,6.1927,6.1927,6.1927,6.1927,6.1927,6.1927,6.1927,6.1927,6.1927,6.1927,6.1927,6.1927,6.1927,6.1927,6.1927,6.1927,6.1927,6.1927,6.1927,6.1927,6.1927,6.1927,6.1927,6.1927,6.1927,6.1927,6.1927,6.1927,6.1927,6.1927,6.1927,6.1927,6.1927,6.1927,6.1927,6.1927,6.1927,6.1927,6.1927,6.1927,6.1927,6.1927,6.1927,6.1927,6.1927,6.1927,6.1927,6.1927,6.1927,6.1927,6.1927,6.1927,6.1927,6.1927,6.1927,6.1927,6.1927,6.1927,6.1927,6.1927,6.1927,6.1927,6.1927,6.1927,6.1927,6.1927,6.1927,6.1927,6.1927,6.1927,6.1927,6.1927,6.1927,6.1927,6.1927,6.1927,6.1927,6.1927,6.1927,6.1927,6.1927,6.1927,6.1927,6.1927,6.1927,6.1927,6.1927,6.1927,6.1927,6.1927,6.1927,6.1927,6.1927,6.1927,6.1927,6.1927,6.1927,6.1927,6.1927,6.1927,6.1927,6.1927,6.1927,6.1927,6.1927,6.1927,6.1927,6.1927,6.1927,6.1927,6.1927,6.1927,6.1927,6.1927,6.1927,6.1927,6.1927,6.1927,6.1927,6.1927,6.1927,6.1927,6.1927,6.1927,6.1927,6.1927,6.1927,6.1927,6.1927,6.1927,6.1927,6.1927,6.1927,6.1927,6.1927,6.1927,6.1927,6.1927,6.1927,6.1927,6.1927,6.1927,6.1927,6.1927,6.1927,6.1927,6.1927,6.1927,6.1927,6.1927,6.1927,6.1927,6.1927,6.1927,6.1927,6.1927,6.1927,6.1927,6.1927,6.1927,6.1927,6.1927,6.1927,6.1927,6.1927,6.1927,6.1927,6.1927,6.1927,6.1927,6.1927,6.1927,6.1927,6.1927,6.1927,6.1927,6.1927,6.1927,6.1927,6.1927,6.1927,6.1927,6.1927,6.1927,6.1927,6.1927,6.1927,6.1927,6.1927,6.1927,6.1927,6.1927,6.1927,6.1927,6.1927,6.1927,6.1927,6.1927,6.1927,6.1927,6.1927,6.1927,6.1927,6.1927,6.1927,6.1927,6.1927,6.1927,6.1927,6.1927,6.1927,6.1927,6.1927,6.1927,6.1927,6.1927,6.1927,6.1927,6.1927,6.1927,6.1927,6.1927,6.1927,6.1927,6.1927,6.1927,6.1927,6.1927,6.1927,6.1927,6.1927,6.1927,6.1927,6.1927,6.1927,6.1927,6.1927,6.1927,6.1927,6.1927,6.1927,6.1927,6.1927,6.1927,6.1927,6.1927,6.1927,6.1927,6.1927,6.1927,6.1927,6.1927,6.1927,6.1927,6.1927,6.1927,6.1927,6.1927,6.1927,6.1927,6.1927,6.1927,6.1927,6.1927,6.1927,6.1927,6.1927,6.1927,6.1927,6.1927,6.1927,6.1927,6.1927,6.1927,6.1927,6.1927,6.1927,6.1927,6.1927,6.1927,6.1927,6.1927,6.1927,6.1927,6.1927,6.1927,6.1927,6.1927,6.1927,6.1927,6.1927,6.1927,6.1927,6.1927,6.1927,6.1927,6.1927,6.1927,6.1927,6.1927,6.1927,6.1927,6.1927,6.1927,6.1927,6.1927,6.1927,6.1927,6.1927,6.1927,6.1927,6.1927,6.1927,6.1927,6.1927,6.1927,6.1927,6.1927,6.1927,6.1927,6.1927,6.1927,6.1927,6.1927,6.1927,6.1927,6.1927,6.1927,6.1927,6.1927,6.1927,6.1927,6.1927,6.1927,6.1927,6.1927,6.1927,6.1927,6.1927,6.1927,6.1927,6.1927,6.1927,6.1927,6.1927,6.1927,6.1927,6.1927,6.1927,6.1927,6.1927,6.1927,6.1927,6.1927,6.1927,6.1927,6.1927,6.1927,6.1927,6.1927,6.1927,6.1927,6.1927,6.1927,6.1927,6.1927,6.1927,6.1927,6.1927,6.1927,6.1927,6.1927,6.1927,6.1927,6.1927,6.1927,6.1927,6.1927,6.1927,6.1927,6.1927,6.1927,6.1927,6.1927,6.1927,6.1927,6.1927,6.1927,6.1927,6.1927,6.1927,6.1927,6.1927,6.1927,6.1927,6.1927,6.1927,6.1927,6.1927,6.1927,6.1927,6.1927,6.1927,6.1927,6.1927,6.1927,6.1927,6.1927,6.1927,6.1927,6.1927,6.1927,6.1927,6.1927,6.1927,6.1927,6.1927,6.1927,6.1927,6.1927,6.1927,6.1927,6.1927,6.1927,6.1927,6.1927,6.1927,6.1927,6.1927,6.1927,6.1927,6.1927,6.1927
6.1886,6.1886,6.1886,6.1886,6.1886,6.1886,6.1886,6.1886,6.1886,6.1886,6.1886,6.1886,6.1886,6.1886,6.1886,6.1886,6.1886,6.1886,6.1886,6.1886,6.1886,6.1886,6.1886,6.1886,6.1886,6.1886,6.1886,6.1886,6.1886,6.1886,6.1886,6.1886,6.1886,6.1886,6.1886,6.1886,6.1886,6.1886,6.1886,6.1886,6.1886,6.1886,6.1886,6.1886,6.1886,6.1886,6.1886,6.1886,6.1886,6.1886,6.1886,6.1886,6.1886,6.1886,6.1886,6.1886,6.1886,6.1886,6.1886,6.1886,6.1886,6.1886,6.1886,6.1886,6.1886,6.1886,6.1886,6.1886,6.1886,6.1886,6.1886,6.1886,6.1886,6.1886,6.1886,6.1886,6.1886,6.1886,6.1886,6.1886,6.1886,6.1886,6.1886,6.1886,6.1886,6.1886,6.1886,6.1886,6.1886,6.1886,6.1886,6.1886,6.1886,6.1886,6.1886,6.1886,6.1886,6.1886,6.1886,6.1886,6.1886,6.1886,6.1886,6.1886,6.1886,6.1886,6.1886,6.1886,6.1886,6.1886,6.1886,6.1886,6.1886,6.1886,6.1886,6.1886,6.1886,6.1886,6.1886,6.1886,6.1886,6.1886,6.1886,6.1886,6.1886,6.1886,6.1886,6.1886,6.1886,6.1886,6.1886,6.1886,6.1886,6.1886,6.1886,6.1886,6.1886,6.1886,6.1886,6.1886,6.1886,6.1886,6.1886,6.1886,6.1886,6.1886,6.1886,6.1886,6.1886,6.1886,6.1886,6.1886,6.1886,6.1886,6.1886,6.1886,6.1886,6.1886,6.1886,6.1886,6.1886,6.1886,6.1886,6.1886,6.1886,6.1886,6.1886,6.1886,6.1886,6.1886,6.1886,6.1886,6.1886,6.1886,6.1886,6.1886,6.1886,6.1886,6.1886,6.1886,6.1886,6.1886,6.1886,6.1886,6.1886,6.1886,6.1886,6.1886,6.1886,6.1886,6.1886,6.1886,6.1886,6.1886,6.1886,6.1886,6.1886,6.1886,6.1886,6.1886,6.1886,6.1886,6.1886,6.1886,6.1886,6.1886,6.1886,6.1886,6.1886,6.1886,6.1886,6.1886,6.1886,6.1886,6.1886,6.1886,6.1886,6.1886,6.1886,6.1886,6.1886,6.1886,6.1886,6.1886,6.1886,6.1886,6.1886,6.1886,6.1886,6.1886,6.1886,6.1886,6.1886,6.1886,6.1886,6.1886,6.1886,6.1886,6.1886,6.1886,6.1886,6.1886,6.1886,6.1886,6.1886,6.1886,6.1886,6.1886,6.1886,6.1886,6.1886,6.1886,6.1886,6.1886,6.1886,6.1886,6.1886,6.1886,6.1886,6.1886,6.1886,6.1886,6.1886,6.1886,6.1886,6.1886,6.1886,6.1886,6.1886,6.1886,6.1886,6.1886,6.1886,6.1886,6.1886,6.1886,6.1886,6.1886,6.1886,6.1886,6.1886,6.1886,6.1886,6.1886,6.1886,6.1886,6.1886,6.1886,6.1886,6.1886,6.1886,6.1886,6.1886,6.1886,6.1886,6.1886,6.1886,6.1886,6.1886,6.1886,6.1886,6.1886,6.1886,6.1886,6.1886,6.1886,6.1886,6.1886,6.1886,6.1886,6.1886,6.1886,6.1886,6.1886,6.1886,6.1886,6.1886,6.1886,6.1886,6.1886,6.1886,6.1886,6.1886,6.1886,6.1886,6.1886,6.1886,6.1886,6.1886,6.1886,6.1886,6.1886,6.1886,6.1886,6.1886,6.1886,6.1886,6.1886,6.1886,6.1886,6.1886,6.1886,6.1886,6.1886,6.1886,6.1886,6.1886,6.1886,6.1886,6.1886,6.1886,6.1886,6.1886,6.1886,6.1886,6.1886,6.1886,6.1886,6.1886,6.1886,6.1886,6.1886,6.1886,6.1886,6.1886,6.1886,6.1886,6.1886,6.1886,6.1886,6.1886,6.1886,6.1886,6.1886,6.1886,6.1886,6.1886,6.1886,6.1886,6.1886,6.1886,6.1886,6.1886,6.1886,6.1886,6.1886,6.1886,6.1886,6.1886,6.1886,6.1886,6.1886,6.1886,6.1886,6.1886,6.1886,6.1886,6.1886,6.1886,6.1886,6.1886,6.1886,6.1886,6.1886,6.1886,6.1886,6.1886,6.1886,6.1886,6.1886,6.1886,6.1886,6.1886,6.1886,6.1886,6.1886,6.1886,6.1886,6.1886,6.1886,6.1886,6.1886,6.1886,6.1886,6.1886,6.1886,6.1886,6.1886,6.1886,6.1886,6.1886,6.1886,6.1886,6.1886,6.1886,6.1886,6.1886,6.1886,6.1886,6.1886,6.1886,6.1886,6.1886,6.1886,6.1886,6.1886,6.1886,6.1886,6.1886,6.1886,6.1886,6.1886,6.1886,6.1886,6.1886,6.1886,6.1886,6.1886,6.1886,6.1886,6.1886,6.1886,6.1886,6.1886,6.1886,6.1886,6.1886,6.1886,6.1886,6.1886,6.1886,6.1886,6.1886,6.1886,6.1886,6.1886,6.1886,6.1886,6.1886,6.1886,6.1886,6.1886,6.1886,6.1886,6.1886,6.1886,6.1886,6.1886,6.1886,6.1886,6.1886,6.1886,6.1886,6.1886,6.1886,6.1886,6.1886,6.1886,6.1886,6.1886,6.1886,6.1886,6.1886,6.1886,6.1886,6.1886,6.1886,6.1886,6.1886,6.1886,6.1886,6.1886,6.1886,6.1886,6.1886,6.1886,6.1886,6.1886,6.1886,6.1886,6.1886,6.1886,6.1886,6.1886,6.1886,6.1886,6.1886,6.1886,6.1886,6.1886,6.1886,6.1886,6.1886,6.1886,6.1886,6.1886,6.1886,6.1886,6.1886,6.1886,6.1886,6.1886,6.1886,6.1886,6.1886,6.1886,6.1886,6.1886,6.1886,6.1886,6.1886,6.1886,6.1886,6.1886,6.1886,6.1886,6.1886,6.1886,6.1886,6.1886,6.1886,6.1886,6.1886,6.1886,6.1886,6.1886,6.1886,6.1886,6.1886,6.1886,6.1886,6.1886,6.1886,6.1886,6.1886,6.1886,6.1886,6.1886,6.1886,6.1886,6.1886,6.1886,6.1886,6.1886,6.1886,6.1886,6.1886,6.1886,6.1886,6.1886,6.1886,6.1886,6.1886,6.1886,6.1886,6.1886,6.1886,6.1886,6.1886,6.1886,6.1886,6.1886,6.1886,6.1886,6.1886,6.1886,6.1886,6.1886,6.1886,6.1886,6.1886,6.1886,6.1886,6.1886,6.1886,6.1886,6.1886,6.1886,6.1886,6.1886,6.1886,6.1886,6.1886,6.1886,6.1886,6.1886,6.1886,6.1886,6.1886,6.1886,6.1886,6.1886,6.1886,6.1886,6.1886,6.1886,6.1886,6.1886,6.1886,6.1886,6.1886,6.1886,6.1886,6.1886,6.1886,6.1886,6.1886,6.1886,6.1886,6.1886,6.1886,6.1886,6.1886,6.1886,6.1886,6.1886,6.1886,6.1886,6.1886,6.1886,6.1886,6.1886,6.1886,6.1886,6.1886,6.1886,6.1886,6.1886,6.1886,6.1886,6.1886,6.1886,6.1886,6.1886,6.1886,6.1886,6.1886,6.1886,6.1886,6.1886,6.1886,6.1886,6.1886,6.1886,6.1886,6.1886,6.1886,6.1886,6.1886,6.1886,6.1886,6.1886,6.1886,6.1886,6.1886,6.1886,6.1886,6.1886,6.1886,6.1886,6.1886,6.1886,6.1886,6.1886,6.1886,6.1886,6.1886,6.1886,6.1886,6.1886,6.1886,6.1886,6.1886,6.1886,6.1886,6.1886,6.1886,6.1886,6.1886,6.1886,6.1886,6.1886,6.1886,6.1886,6.1886,6.1886,6.1886,6.1886,6.1886,6.1886,6.1886,6.1886,6.1886,6.1886,6.1886,6.1886,6.1886,6.1886,6.1886,6.1886,6.1886,6.1886,6.1886,6.1886,6.1886,6.1886,6.1886,6.1886,6.1886,6.1886,6.1886,6.1886,6.1886,6.1886,6.1886,6.1886,6.1886,6.1886,6.1886,6.1886,6.1886,6.1886,6.1886,6.1886,6.1886,6.1886,6.1886,6.1886,6.1886,6.1886,6.1886,6.1886,6.1886,6.1886,6.1886,6.1886,6.1886,6.1886,6.1886,6.1886,6.1886,6.1886,6.1886,6.1886,6.1886,6.1886,6.1886,6.1886,6.1886,6.1886,6.1886,6.1886,6.1886,6.1886,6.1886,6.1886,6.1886,6.1886,6.1886,6.1886,6.1886,6.1886,6.1886,6.1886,6.1886,6.1886,6.1886,6.1886,6.1886,6.1886,6.1886,6.1886,6.1886,6.1886,6.1886,6.1886,6.1886,6.1886,6.1886,6.1886,6.1886,6.1886,6.1886,6.1886,6.1886,6.1886,6.1886,6.1886,6.1886,6.1886,6.1886,6.1886,6.1886,6.1886,6.1886,6.1886,6.1886,6.1886,6.1886,6.1886,6.1886,6.1886,6.1886,6.1886,6.1886,6.1886,6.1886,6.1886,6.1886,6.1886,6.1886,6.1886,6.1886,6.1886,6.1886,6.1886,6.1886,6.1886,6.1886,6.1886,6.1886,6.1886,6.1886,6.1886,6.1886,6.1886,6.1886,6.1886,6.1886,6.1886,6.1886,6.1886,6.1886,6.1886,6.1886,6.1886,6.1886,6.1886,6.1886,6.1886,6.1886,6.1886,6.1886,6.1886,6.1886,6.1886,6.1886,6.1886,6.1886,6.1886,6.1886,6.1886,6.1886,6.1886,6.1886,6.1886,6.1886,6.1886,6.1886,6.1886,6.1886,6.1886,6.1886,6.1886,6.1886,6.1886,6.1886,6.1886,6.1886,6.1886,6.1886,6.1886,6.1886,6.1886,6.1886,6.1886,6.1886,6.1886,6.1886,6.1886,6.1886,6.1886,6.1886,6.1886,6.1886,6.1886,6.1886,6.1886,6.1886,6.1886,6.1886,6.1886,6.1886,6.1886,6.1886,6.1886,6.1886,6.1886,6.1886,6.1886,6.1886,6.1886,6.1886,6.1886,6.1886,6.1886,6.1886,6.1886,6.1886,6.1886,6.1886,6.1886,6.1886,6.1886,6.1886,6.1886,6.1886,6.1886,6.1886,6.1886
6.1843,6.1843,6.1843,6.1843,6.1843,6.1843,6.1843,6.1843,6.1843,6.1843,6.1843,6.1843,6.1843,6.1843,6.1843,6.1843,6.1843,6.1843,6.1843,6.1843,6.1843,6.1843,6.1843,6.1843,6.1843,6.1843,6.1843,6.1843,6.1843,6.1843,6.1843,6.1843,6.1843,6.1843,6.1843,6.1843,6.1843,6.1843,6.1843,6.1843,6.1843,6.1843,6.1843,6.1843,6.1843,6.1843,6.1843,6.1843,6.1843,6.1843,6.1843,6.1843,6.1843,6.1843,6.1843,6.1843,6.1843,6.1843,6.1843,6.1843,6.1843,6.1843,6.1843,6.1843,6.1843,6.1843,6.1843,6.1843,6.1843,6.1843,6.1843,6.1843,6.1843,6.1843,6.1843,6.1843,6.1843,6.1843,6.1843,6.1843,6.1843,6.1843,6.1843,6.1843,6.1843,6.1843,6.1843,6.1843,6.1843,6.1843,6.1843,6.1843,6.1843,6.1843,6.1843,6.1843,6.1843,6.1843,6.1843,6.1843,6.1843,6.1843,6.1843,6.1843,6.1843,6.1843,6.1843,6.1843,6.1843,6.1843,6.1843,6.1843,6.1843,6.1843,6.1843,6.1843,6.1843,6.1843,6.1843,6.1843,6.1843,6.1843,6.1843,6.1843,6.1843,6.1843,6.1843,6.1843,6.1843,6.1843,6.1843,6.1843,6.1843,6.1843,6.1843,6.1843,6.1843,6.1843,6.1843,6.1843,6.1843,6.1843,6.1843,6.1843,6.1843,6.1843,6.1843,6.1843,6.1843,6.1843,6.1843,6.1843,6.1843,6.1843,6.1843,6.1843,6.1843,6.1843,6.1843,6.1843,6.1843,6.1843,6.1843,6.1843,6.1843,6.1843,6.1843,6.1843,6.1843,6.1843,6.1843,6.1843,6.1843,6.1843,6.1843,6.1843,6.1843,6.1843,6.1843,6.1843,6.1843,6.1843,6.1843,6.1843,6.1843,6.1843,6.1843,6.1843,6.1843,6.1843,6.1843,6.1843,6.1843,6.1843,6.1843,6.1843,6.1843,6.1843,6.1843,6.1843,6.1843,6.1843,6.1843,6.1843,6.1843,6.1843,6.1843,6.1843,6.1843,6.1843,6.1843,6.1843,6.1843,6.1843,6.1843,6.1843,6.1843,6.1843,6.1843,6.1843,6.1843,6.1843,6.1843,6.1843,6.1843,6.1843,6.1843,6.1843,6.1843,6.1843,6.1843,6.1843,6.1843,6.1843,6.1843,6.1843,6.1843,6.1843,6.1843,6.1843,6.1843,6.1843,6.1843,6.1843,6.1843,6.1843,6.1843,6.1843,6.1843,6.1843,6.1843,6.1843,6.1843,6.1843,6.1843,6.1843,6.1843,6.1843,6.1843,6.1843,6.1843,6.1843,6.1843,6.1843,6.1843,6.1843,6.1843,6.1843,6.1843,6.1843,6.1843,6.1843,6.1843,6.1843,6.1843,6.1843,6.1843,6.1843,6.1843,6.1843,6.1843,6.1843,6.1843,6.1843,6.1843,6.1843,6.1843,6.1843,6.1843,6.1843,6.1843,6.1843,6.1843,6.1843,6.1843,6.1843,6.1843,6.1843,6.1843,6.1843,6.1843,6.1843,6.1843,6.1843,6.1843,6.1843,6.1843,6.1843,6.1843,6.1843,6.1843,6.1843,6.1843,6.1843,6.1843,6.1843,6.1843,6.1843,6.1843,6.1843,6.1843,6.1843,6.1843,6.1843,6.1843,6.1843,6.1843,6.1843,6.1843,6.1843,6.1843,6.1843,6.1843,6.1843,6.1843,6.1843,6.1843,6.1843,6.1843,6.1843,6.1843,6.1843,6.1843,6.1843,6.1843,6.1843,6.1843,6.1843,6.1843,6.1843,6.1843,6.1843,6.1843,6.1843,6.1843,6.1843,6.1843,6.1843,6.1843,6.1843,6.1843,6.1843,6.1843,6.1843,6.1843,6.1843,6.1843,6.1843,6.1843,6.1843,6.1843,6.1843,6.1843,6.1843,6.1843,6.1843,6.1843,6.1843,6.1843,6.1843,6.1843,6.1843,6.1843,6.1843,6.1843,6.1843,6.1843,6.1843,6.1843,6.1843,6.1843,6.1843,6.1843,6.1843,6.1843,6.1843,6.1843,6.1843,6.1843,6.1843,6.1843,6.1843,6.1843,6.1843,6.1843,6.1843,6.1843,6.1843,6.1843,6.1843,6.1843,6.1843,6.1843,6.1843,6.1843,6.1843,6.1843,6.1843,6.1843,6.1843,6.1843,6.1843,6.1843,6.1843,6.1843,6.1843,6.1843,6.1843,6.1843,6.1843,6.1843,6.1843,6.1843,6.1843,6.1843,6.1843,6.1843,6.1843,6.1843,6.1843,6.1843,6.1843,6.1843,6.1843,6.1843,6.1843,6.1843,6.1843,6.1843,6.1843,6.1843,6.1843,6.1843,6.1843,6.1843,6.1843,6.1843,6.1843,6.1843,6.1843,6.1843,6.1843,6.1843,6.1843,6.1843,6.1843,6.1843,6.1843,6.1843,6.1843,6.1843,6.1843,6.1843,6.1843,6.1843,6.1843,6.1843,6.1843,6.1843,6.1843,6.1843,6.1843,6.1843,6.1843,6.1843,6.1843,6.1843,6.1843,6.1843,6.1843,6.1843,6.1843,6.1843,6.1843,6.1843,6.1843,6.1843,6.1843,6.1843,6.1843,6.1843,6.1843,6.1843,6.1843,6.1843,6.1843,6.1843,6.1843,6.1843,6.1843,6.1843,6.1843,6.1843,6.1843,6.1843,6.1843,6.1843,6.1843,6.1843,6.1843,6.1843,6.1843,6.1843,6.1843,6.1843,6.1843,6.1843,6.1843,6.1843,6.1843,6.1843,6.1843,6.1843,6.1843,6.1843,6.1843,6.1843,6.1843,6.1843,6.1843,6.1843,6.1843,6.1843,6.1843,6.1843,6.1843,6.1843,6.1843,6.1843,6.1843,6.1843,6.1843,6.1843,6.1843,6.1843,6.1843,6.1843,6.1843,6.1843,6.1843,6.1843,6.1843,6.1843,6.1843,6.1843,6.1843,6.1843,6.1843,6.1843,6.1843,6.1843,6.1843,6.1843,6.1843,6.1843,6.1843,6.1843,6.1843,6.1843,6.1843,6.1843,6.1843,6.1843,6.1843,6.1843,6.1843,6.1843,6.1843,6.1843,6.1843,6.1843,6.1843,6.1843,6.1843,6.1843,6.1843,6.1843,6.1843,6.1843,6.1843,6.1843,6.1843,6.1843,6.1843,6.1843,6.1843,6.1843,6.1843,6.1843,6.1843,6.1843,6.1843,6.1843,6.1843,6.1843,6.1843,6.1843,6.1843,6.1843,6.1843,6.1843,6.1843,6.1843,6.1843,6.1843,6.1843,6.1843,6.1843,6.1843,6.1843,6.1843,6.1843,6.1843,6.1843,6.1843,6.1843,6.1843,6.1843,6.1843,6.1843,6.1843,6.1843,6.1843,6.1843,6.1843,6.1843,6.1843,6.1843,6.1843,6.1843,6.1843,6.1843,6.1843,6.1843,6.1843,6.1843,6.1843,6.1843,6.1843,6.1843,6.1843,6.1843,6.1843,6.1843,6.1843,6.1843,6.1843,6.1843,6.1843,6.1843,6.1843,6.1843,6.1843,6.1843,6.1843,6.1843,6.1843,6.1843,6.1843,6.1843,6.1843,6.1843,6.1843,6.1843,6.1843,6.1843,6.1843,6.1843,6.1843,6.1843,6.1843,6.1843,6.1843,6.1843,6.1843,6.1843,6.1843,6.1843,6.1843,6.1843,6.1843,6.1843,6.1843,6.1843,6.1843,6.1843,6.1843,6.1843,6.1843,6.1843,6.1843,6.1843,6.1843,6.1843,6.1843,6.1843,6.1843,6.1843,6.1843,6.1843,6.1843,6.1843,6.1843,6.1843,6.1843,6.1843,6.1843,6.1843,6.1843,6.1843,6.1843,6.1843,6.1843,6.1843,6.1843,6.1843,6.1843,6.1843,6.1843,6.1843,6.1843,6.1843,6.1843,6.1843,6.1843,6.1843,6.1843,6.1843,6.1843,6.1843,6.1843,6.1843,6.1843,6.1843,6.1843,6.1843,6.1843,6.1843,6.1843,6.1843,6.1843,6.1843,6.1843,6.1843,6.1843,6.1843,6.1843,6.1843,6.1843,6.1843,6.1843,6.1843,6.1843,6.1843,6.1843,6.1843,6.1843,6.1843,6.1843,6.1843,6.1843,6.1843,6.1843,6.1843,6.1843,6.1843,6.1843,6.1843,6.1843,6.1843,6.1843,6.1843,6.1843,6.1843,6.1843,6.1843,6.1843,6.1843,6.1843,6.1843,6.1843,6.1843,6.1843,6.1843,6.1843,6.1843,6.1843,6.1843,6.1843,6.1843,6.1843,6.1843,6.1843,6.1843,6.1843,6.1843,6.1843,6.1843,6.1843,6.1843,6.1843,6.1843,6.1843,6.1843,6.1843,6.1843,6.1843,6.1843,6.1843,6.1843,6.1843,6.1843,6.1843,6.1843,6.1843,6.1843,6.1843,6.1843,6.1843,6.1843,6.1843,6.1843,6.1843,6.1843,6.1843,6.1843,6.1843,6.1843,6.1843,6.1843,6.1843,6.1843,6.1843,6.1843,6.1843,6.1843,6.1843,6.1843,6.1843,6.1843,6.1843,6.1843,6.1843,6.1843,6.1843,6.1843,6.1843,6.1843,6.1843,6.1843,6.1843,6.1843,6.1843,6.1843,6.1843,6.1843,6.1843,6.1843,6.1843,6.1843,6.1843,6.1843,6.1843,6.1843,6.1843,6.1843,6.1843,6.1843,6.1843,6.1843,6.1843,6.1843,6.1843,6.1843,6.1843,6.1843,6.1843,6.1843,6.1843,6.1843,6.1843,6.1843,6.1843,6.1843,6.1843,6.1843,6.1843,6.1843,6.1843,6.1843,6.1843,6.1843,6.1843,6.1843,6.1843,6.1843,6.1843,6.1843,6.1843,6.1843,6.1843,6.1843,6.1843,6.1843,6.1843,6.1843,6.1843,6.1843,6.1843,6.1843,6.1843,6.1843,6.1843,6.1843,6.1843,6.1843,6.1843,6.1843,6.1843,6.1843,6.1843,6.1843,6.1843,6.1843,6.1843,6.1843,6.1843,6.1843,6.1843,6.1843,6.1843,6.1843,6.1843,6.1843,6.1843,6.1843,6.1843,6.1843,6.1843,6.1843
6.1799,6.1799,6.1799,6.1799,6.1799,6.1799,6.1799,6.1799,6.1799,6.1799,6.1799,6.1799,6.1799,6.1799,6.1799,6.1799,6.1799,6.1799,6.1799,6.1799,6.1799,6.1799,6.1799,6.1799,6.1799,6.1799,6.1799,6.1799,6.1799,6.1799,6.1799,6.1799,6.1799,6.1799,6.1799,6.1799,6.1799,6.1799,6.1799,6.1799,6.1799,6.1799,6.1799,6.1799,6.1799,6.1799,6.1799,6.1799,6.1799,6.1799,6.1799,6.1799,6.1799,6.1799,6.1799,6.1799,6.1799,6.1799,6.1799,6.1799,6.1799,6.1799,6.1799,6.1799,6.1799,6.1799,6.1799,6.1799,6.1799,6.1799,6.1799,6.1799,6.1799,6.1799,6.1799,6.1799,6.1799,6.1799,6.1799,6.1799,6.1799,6.1799,6.1799,6.1799,6.1799,6.1799,6.1799,6.1799,6.1799,6.1799,6.1799,6.1799,6.1799,6.1799,6.1799,6.1799,6.1799,6.1799,6.1799,6.1799,6.1799,6.1799,6.1799,6.1799,6.1799,6.1799,6.1799,6.1799,6.1799,6.1799,6.1799,6.1799,6.1799,6.1799,6.1799,6.1799,6.1799,6.1799,6.1799,6.1799,6.1799,6.1799,6.1799,6.1799,6.1799,6.1799,6.1799,6.1799,6.1799,6.1799,6.1799,6.1799,6.1799,6.1799,6.1799,6.1799,6.1799,6.1799,6.1799,6.1799,6.1799,6.1799,6.1799,6.1799,6.1799,6.1799,6.1799,6.1799,6.1799,6.1799,6.1799,6.1799,6.1799,6.1799,6.1799,6.1799,6.1799,6.1799,6.1799,6.1799,6.1799,6.1799,6.1799,6.1799,6.1799,6.1799,6.1799,6.1799,6.1799,6.1799,6.1799,6.1799,6.1799,6.1799,6.1799,6.1799,6.1799,6.1799,6.1799,6.1799,6.1799,6.1799,6.1799,6.1799,6.1799,6.1799,6.1799,6.1799,6.1799,6.1799,6.1799,6.1799,6.1799,6.1799,6.1799,6.1799,6.1799,6.1799,6.1799,6.1799,6.1799,6.1799,6.1799,6.1799,6.1799,6.1799,6.1799,6.1799,6.1799,6.1799,6.1799,6.1799,6.1799,6.1799,6.1799,6.1799,6.1799,6.1799,6.1799,6.1799,6.1799,6.1799,6.1799,6.1799,6.1799,6.1799,6.1799,6.1799,6.1799,6.1799,6.1799,6.1799,6.1799,6.1799,6.1799,6.1799,6.1799,6.1799,6.1799,6.1799,6.1799,6.1799,6.1799,6.1799,6.1799,6.1799,6.1799,6.1799,6.1799,6.1799,6.1799,6.1799,6.1799,6.1799,6.1799,6.1799,6.1799,6.1799,6.1799,6.1799,6.1799,6.1799,6.1799,6.1799,6.1799,6.1799,6.1799,6.1799,6.1799,6.1799,6.1799,6.1799,6.1799,6.1799,6.1799,6.1799,6.1799,6.1799,6.1799,6.1799,6.1799,6.1799,6.1799,6.1799,6.1799,6.1799,6.1799,6.1799,6.1799,6.1799,6.1799,6.1799,6.1799,6.1799,6.1799,6.1799,6.1799,6.1799,6.1799,6.1799,6.1799,6.1799,6.1799,6.1799,6.1799,6.1799,6.1799,6.1799,6.1799,6.1799,6.1799,6.1799,6.1799,6.1799,6.1799,6.1799,6.1799,6.1799,6.1799,6.1799,6.1799,6.1799,6.1799,6.1799,6.1799,6.1799,6.1799,6.1799,6.1799,6.1799,6.1799,6.1799,6.1799,6.1799,6.1799,6.1799,6.1799,6.1799,6.1799,6.1799,6.1799,6.1799,6.1799,6.1799,6.1799,6.1799,6.1799,6.1799,6.1799,6.1799,6.1799,6.1799,6.1799,6.1799,6.1799,6.1799,6.1799,6.1799,6.1799,6.1799,6.1799,6.1799,6.1799,6.1799,6.1799,6.1799,6.1799,6.1799,6.1799,6.1799,6.1799,6.1799,6.1799,6.1799,6.1799,6.1799,6.1799,6.1799,6.1799,6.1799,6.1799,6.1799,6.1799,6.1799,6.1799,6.1799,6.1799,6.1799,6.1799,6.1799,6.1799,6.1799,6.1799,6.1799,6.1799,6.1799,6.1799,6.1799,6.1799,6.1799,6.1799,6.1799,6.1799,6.1799,6.1799,6.1799,6.1799,6.1799,6.1799,6.1799,6.1799,6.1799,6.1799,6.1799,6.1799,6.1799,6.1799,6.1799,6.1799,6.1799,6.1799,6.1799,6.1799,6.1799,6.1799,6.1799,6.1799,6.1799,6.1799,6.1799,6.1799,6.1799,6.1799,6.1799,6.1799,6.1799,6.1799,6.1799,6.1799,6.1799,6.1799,6.1799,6.1799,6.1799,6.1799,6.1799,6.1799,6.1799,6.1799,6.1799,6.1799,6.1799,6.1799,6.1799,6.1799,6.1799,6.1799,6.1799,6.1799,6.1799,6.1799,6.1799,6.1799,6.1799,6.1799,6.1799,6.1799,6.1799,6.1799,6.1799,6.1799,6.1799,6.1799,6.1799,6.1799,6.1799,6.1799,6.1799,6.1799,6.1799,6.1799,6.1799,6.1799,6.1799,6.1799,6.1799,6.1799,6.1799,6.1799,6.1799,6.1799,6.1799,6.1799,6.1799,6.1799,6.1799,6.1799,6.1799,6.1799,6.1799,6.1799,6.1799,6.1799,6.1799,6.1799,6.1799,6.1799,6.1799,6.1799,6.1799,6.1799,6.1799,6.1799,6.1799,6.1799,6.1799,6.1799,6.1799,6.1799,6.1799,6.1799,6.1799,6.1799,6.1799,6.1799,6.1799,6.1799,6.1799,6.1799,6.1799,6.1799,6.1799,6.1799,6.1799,6.1799,6.1799,6.1799,6.1799,6.1799,6.1799,6.1799,6.1799,6.1799,6.1799,6.1799,6.1799,6.1799,6.1799,6.1799,6.1799,6.1799,6.1799,6.1799,6.1799,6.1799,6.1799,6.1799,6.1799,6.1799,6.1799,6.1799,6.1799,6.1799,6.1799,6.1799,6.1799,6.1799,6.1799,6.1799,6.1799,6.1799,6.1799,6.1799,6.1799,6.1799,6.1799,6.1799,6.1799,6.1799,6.1799,6.1799,6.1799,6.1799,6.1799,6.1799,6.1799,6.1799,6.1799,6.1799,6.1799,6.1799,6.1799,6.1799,6.1799,6.1799,6.1799,6.1799,6.1799,6.1799,6.1799,6.1799,6.1799,6.1799,6.1799,6.1799,6.1799,6.1799,6.1799,6.1799,6.1799,6.1799,6.1799,6.1799,6.1799,6.1799,6.1799,6.1799,6.1799,6.1799,6.1799,6.1799,6.1799,6.1799,6.1799,6.1799,6.1799,6.1799,6.1799,6.1799,6.1799,6.1799,6.1799,6.1799,6.1799,6.1799,6.1799,6.1799,6.1799,6.1799,6.1799,6.1799,6.1799,6.1799,6.1799,6.1799,6.1799,6.1799,6.1799,6.1799,6.1799,6.1799,6.1799,6.1799,6.1799,6.1799,6.1799,6.1799,6.1799,6.1799,6.1799,6.1799,6.1799,6.1799,6.1799,6.1799,6.1799,6.1799,6.1799,6.1799,6.1799,6.1799,6.1799,6.1799,6.1799,6.1799,6.1799,6.1799,6.1799,6.1799,6.1799,6.1799,6.1799,6.1799,6.1799,6.1799,6.1799,6.1799,6.1799,6.1799,6.1799,6.1799,6.1799,6.1799,6.1799,6.1799,6.1799,6.1799,6.1799,6.1799,6.1799,6.1799,6.1799,6.1799,6.1799,6.1799,6.1799,6.1799,6.1799,6.1799,6.1799,6.1799,6.1799,6.1799,6.1799,6.1799,6.1799,6.1799,6.1799,6.1799,6.1799,6.1799,6.1799,6.1799,6.1799,6.1799,6.1799,6.1799,6.1799,6.1799,6.1799,6.1799,6.1799,6.1799,6.1799,6.1799,6.1799,6.1799,6.1799,6.1799,6.1799,6.1799,6.1799,6.1799,6.1799,6.1799,6.1799,6.1799,6.1799,6.1799,6.1799,6.1799,6.1799,6.1799,6.1799,6.1799,6.1799,6.1799,6.1799,6.1799,6.1799,6.1799,6.1799,6.1799,6.1799,6.1799,6.1799,6.1799,6.1799,6.1799,6.1799,6.1799,6.1799,6.1799,6.1799,6.1799,6.1799,6.1799,6.1799,6.1799,6.1799,6.1799,6.1799,6.1799,6.1799,6.1799,6.1799,6.1799,6.1799,6.1799,6.1799,6.1799,6.1799,6.1799,6.1799,6.1799,6.1799,6.1799,6.1799,6.1799,6.1799,6.1799,6.1799,6.1799,6.1799,6.1799,6.1799,6.1799,6.1799,6.1799,6.1799,6.1799,6.1799,6.1799,6.1799,6.1799,6.1799,6.1799,6.1799,6.1799,6.1799,6.1799,6.1799,6.1799,6.1799,6.1799,6.1799,6.1799,6.1799,6.1799,6.1799,6.1799,6.1799,6.1799,6.1799,6.1799,6.1799,6.1799,6.1799,6.1799,6.1799,6.1799,6.1799,6.1799,6.1799,6.1799,6.1799,6.1799,6.1799,6.1799,6.1799,6.1799,6.1799,6.1799,6.1799,6.1799,6.1799,6.1799,6.1799,6.1799,6.1799,6.1799,6.1799,6.1799,6.1799,6.1799,6.1799,6.1799,6.1799,6.1799,6.1799,6.1799,6.1799,6.1799,6.1799,6.1799,6.1799,6.1799,6.1799,6.1799,6.1799,6.1799,6.1799,6.1799,6.1799,6.1799,6.1799,6.1799,6.1799,6.1799,6.1799,6.1799,6.1799,6.1799,6.1799,6.1799,6.1799,6.1799,6.1799,6.1799,6.1799,6.1799,6.1799,6.1799,6.1799,6.1799,6.1799,6.1799,6.1799,6.1799,6.1799,6.1799,6.1799,6.1799,6.1799,6.1799,6.1799,6.1799,6.1799,6.1799,6.1799,6.1799,6.1799,6.1799,6.1799,6.1799,6.1799,6.1799,6.1799,6.1799,6.1799,6.1799,6.1799,6.1799,6.1799,6.1799,6.1799,6.1799,6.1799,6.1799,6.1799,6.1799,6.1799,6.1799,6.1799,6.1799,6.1799,6.1799,6.1799,6.1799,6.1799,6.1799,6.1799,6.1799,6.1799,6.1799,6.1799,6.1799,6.1799,6.1799,6.1799
6.1756,6.1756,6.1756,6.1756,6.1756,6.1756,6.1756,6.1756,6.1756,6.1756,6.1756,6.1756,6.1756,6.1756,6.1756,6.1756,6.1756,6.1756,6.1756,6.1756,6.1756,6.1756,6.1756,6.1756,6.1756,6.1756,6.1756,6.1756,6.1756,6.1756,6.1756,6.1756,6.1756,6.1756,6.1756,6.1756,6.1756,6.1756,6.1756,6.1756,6.1756,6.1756,6.1756,6.1756,6.1756,6.1756,6.1756,6.1756,6.1756,6.1756,6.1756,6.1756,6.1756,6.1756,6.1756,6.1756,6.1756,6.1756,6.1756,6.1756,6.1756,6.1756,6.1756,6.1756,6.1756,6.1756,6.1756,6.1756,6.1756,6.1756,6.1756,6.1756,6.1756,6.1756,6.1756,6.1756,6.1756,6.1756,6.1756,6.1756,6.1756,6.1756,6.1756,6.1756,6.1756,6.1756,6.1756,6.1756,6.1756,6.1756,6.1756,6.1756,6.1756,6.1756,6.1756,6.1756,6.1756,6.1756,6.1756,6.1756,6.1756,6.1756,6.1756,6.1756,6.1756,6.1756,6.1756,6.1756,6.1756,6.1756,6.1756,6.1756,6.1756,6.1756,6.1756,6.1756,6.1756,6.1756,6.1756,6.1756,6.1756,6.1756,6.1756,6.1756,6.1756,6.1756,6.1756,6.1756,6.1756,6.1756,6.1756,6.1756,6.1756,6.1756,6.1756,6.1756,6.1756,6.1756,6.1756,6.1756,6.1756,6.1756,6.1756,6.1756,6.1756,6.1756,6.1756,6.1756,6.1756,6.1756,6.1756,6.1756,6.1756,6.1756,6.1756,6.1756,6.1756,6.1756,6.1756,6.1756,6.1756,6.1756,6.1756,6.1756,6.1756,6.1756,6.1756,6.1756,6.1756,6.1756,6.1756,6.1756,6.1756,6.1756,6.1756,6.1756,6.1756,6.1756,6.1756,6.1756,6.1756,6.1756,6.1756,6.1756,6.1756,6.1756,6.1756,6.1756,6.1756,6.1756,6.1756,6.1756,6.1756,6.1756,6.1756,6.1756,6.1756,6.1756,6.1756,6.1756,6.1756,6.1756,6.1756,6.1756,6.1756,6.1756,6.1756,6.1756,6.1756,6.1756,6.1756,6.1756,6.1756,6.1756,6.1756,6.1756,6.1756,6.1756,6.1756,6.1756,6.1756,6.1756,6.1756,6.1756,6.1756,6.1756,6.1756,6.1756,6.1756,6.1756,6.1756,6.1756,6.1756,6.1756,6.1756,6.1756,6.1756,6.1756,6.1756,6.1756,6.1756,6.1756,6.1756,6.1756,6.1756,6.1756,6.1756,6.1756,6.1756,6.1756,6.1756,6.1756,6.1756,6.1756,6.1756,6.1756,6.1756,6.1756,6.1756,6.1756,6.1756,6.1756,6.1756,6.1756,6.1756,6.1756,6.1756,6.1756,6.1756,6.1756,6.1756,6.1756,6.1756,6.1756,6.1756,6.1756,6.1756,6.1756,6.1756,6.1756,6.1756,6.1756,6.1756,6.1756,6.1756,6.1756,6.1756,6.1756,6.1756,6.1756,6.1756,6.1756,6.1756,6.1756,6.1756,6.1756,6.1756,6.1756,6.1756,6.1756,6.1756,6.1756,6.1756,6.1756,6.1756,6.1756,6.1756,6.1756,6.1756,6.1756,6.1756,6.1756,6.1756,6.1756,6.1756,6.1756,6.1756,6.1756,6.1756,6.1756,6.1756,6.1756,6.1756,6.1756,6.1756,6.1756,6.1756,6.1756,6.1756,6.1756,6.1756,6.1756,6.1756,6.1756,6.1756,6.1756,6.1756,6.1756,6.1756,6.1756,6.1756,6.1756,6.1756,6.1756,6.1756,6.1756,6.1756,6.1756,6.1756,6.1756,6.1756,6.1756,6.1756,6.1756,6.1756,6.1756,6.1756,6.1756,6.1756,6.1756,6.1756,6.1756,6.1756,6.1756,6.1756,6.1756,6.1756,6.1756,6.1756,6.1756,6.1756,6.1756,6.1756,6.1756,6.1756,6.1756,6.1756,6.1756,6.1756,6.1756,6.1756,6.1756,6.1756,6.1756,6.1756,6.1756,6.1756,6.1756,6.1756,6.1756,6.1756,6.1756,6.1756,6.1756,6.1756,6.1756,6.1756,6.1756,6.1756,6.1756,6.1756,6.1756,6.1756,6.1756,6.1756,6.1756,6.1756,6.1756,6.1756,6.1756,6.1756,6.1756,6.1756,6.1756,6.1756,6.1756,6.1756,6.1756,6.1756,6.1756,6.1756,6.1756,6.1756,6.1756,6.1756,6.1756,6.1756,6.1756,6.1756,6.1756,6.1756,6.1756,6.1756,6.1756,6.1756,6.1756,6.1756,6.1756,6.1756,6.1756,6.1756,6.1756,6.1756,6.1756,6.1756,6.1756,6.1756,6.1756,6.1756,6.1756,6.1756,6.1756,6.1756,6.1756,6.1756,6.1756,6.1756,6.1756,6.1756,6.1756,6.1756,6.1756,6.1756,6.1756,6.1756,6.1756,6.1756,6.1756,6.1756,6.1756,6.1756,6.1756,6.1756,6.1756,6.1756,6.1756,6.1756,6.1756,6.1756,6.1756,6.1756,6.1756,6.1756,6.1756,6.1756,6.1756,6.1756,6.1756,6.1756,6.1756,6.1756,6.1756,6.1756,6.1756,6.1756,6.1756,6.1756,6.1756,6.1756,6.1756,6.1756,6.1756,6.1756,6.1756,6.1756,6.1756,6.1756,6.1756,6.1756,6.1756,6.1756,6.1756,6.1756,6.1756,6.1756,6.1756,6.1756,6.1756,6.1756,6.1756,6.1756,6.1756,6.1756,6.1756,6.1756,6.1756,6.1756,6.1756,6.1756,6.1756,6.1756,6.1756,6.1756,6.1756,6.1756,6.1756,6.1756,6.1756,6.1756,6.1756,6.1756,6.1756,6.1756,6.1756,6.1756,6.1756,6.1756,6.1756,6.1756,6.1756,6.1756,6.1756,6.1756,6.1756,6.1756,6.1756,6.1756,6.1756,6.1756,6.1756,6.1756,6.1756,6.1756,6.1756,6.1756,6.1756,6.1756,6.1756,6.1756,6.1756,6.1756,6.1756,6.1756,6.1756,6.1756,6.1756,6.1756,6.1756,6.1756,6.1756,6.1756,6.1756,6.1756,6.1756,6.1756,6.1756,6.1756,6.1756,6.1756,6.1756,6.1756,6.1756,6.1756,6.1756,6.1756,6.1756,6.1756,6.1756,6.1756,6.1756,6.1756,6.1756,6.1756,6.1756,6.1756,6.1756,6.1756,6.1756,6.1756,6.1756,6.1756,6.1756,6.1756,6.1756,6.1756,6.1756,6.1756,6.1756,6.1756,6.1756,6.1756,6.1756,6.1756,6.1756,6.1756,6.1756,6.1756,6.1756,6.1756,6.1756,6.1756,6.1756,6.1756,6.1756,6.1756,6.1756,6.1756,6.1756,6.1756,6.1756,6.1756,6.1756,6.1756,6.1756,6.1756,6.1756,6.1756,6.1756,6.1756,6.1756,6.1756,6.1756,6.1756,6.1756,6.1756,6.1756,6.1756,6.1756,6.1756,6.1756,6.1756,6.1756,6.1756,6.1756,6.1756,6.1756,6.1756,6.1756,6.1756,6.1756,6.1756,6.1756,6.1756,6.1756,6.1756,6.1756,6.1756,6.1756,6.1756,6.1756,6.1756,6.1756,6.1756,6.1756,6.1756,6.1756,6.1756,6.1756,6.1756,6.1756,6.1756,6.1756,6.1756,6.1756,6.1756,6.1756,6.1756,6.1756,6.1756,6.1756,6.1756,6.1756,6.1756,6.1756,6.1756,6.1756,6.1756,6.1756,6.1756,6.1756,6.1756,6.1756,6.1756,6.1756,6.1756,6.1756,6.1756,6.1756,6.1756,6.1756,6.1756,6.1756,6.1756,6.1756,6.1756,6.1756,6.1756,6.1756,6.1756,6.1756,6.1756,6.1756,6.1756,6.1756,6.1756,6.1756,6.1756,6.1756,6.1756,6.1756,6.1756,6.1756,6.1756,6.1756,6.1756,6.1756,6.1756,6.1756,6.1756,6.1756,6.1756,6.1756,6.1756,6.1756,6.1756,6.1756,6.1756,6.1756,6.1756,6.1756,6.1756,6.1756,6.1756,6.1756,6.1756,6.1756,6.1756,6.1756,6.1756,6.1756,6.1756,6.1756,6.1756,6.1756,6.1756,6.1756,6.1756,6.1756,6.1756,6.1756,6.1756,6.1756,6.1756,6.1756,6.1756,6.1756,6.1756,6.1756,6.1756,6.1756,6.1756,6.1756,6.1756,6.1756,6.1756,6.1756,6.1756,6.1756,6.1756,6.1756,6.1756,6.1756,6.1756,6.1756,6.1756,6.1756,6.1756,6.1756,6.1756,6.1756,6.1756,6.1756,6.1756,6.1756,6.1756,6.1756,6.1756,6.1756,6.1756,6.1756,6.1756,6.1756,6.1756,6.1756,6.1756,6.1756,6.1756,6.1756,6.1756,6.1756,6.1756,6.1756,6.1756,6.1756,6.1756,6.1756,6.1756,6.1756,6.1756,6.1756,6.1756,6.1756,6.1756,6.1756,6.1756,6.1756,6.1756,6.1756,6.1756,6.1756,6.1756,6.1756,6.1756,6.1756,6.1756,6.1756,6.1756,6.1756,6.1756,6.1756,6.1756,6.1756,6.1756,6.1756,6.1756,6.1756,6.1756,6.1756,6.1756,6.1756,6.1756,6.1756,6.1756,6.1756,6.1756,6.1756,6.1756,6.1756,6.1756,6.1756,6.1756,6.1756,6.1756,6.1756,6.1756,6.1756,6.1756,6.1756,6.1756,6.1756,6.1756,6.1756,6.1756,6.1756,6.1756,6.1756,6.1756,6.1756,6.1756,6.1756,6.1756,6.1756,6.1756,6.1756,6.1756,6.1756,6.1756,6.1756,6.1756,6.1756,6.1756,6.1756,6.1756,6.1756,6.1756,6.1756,6.1756,6.1756,6.1756,6.1756,6.1756,6.1756,6.1756,6.1756,6.1756,6.1756,6.1756,6.1756,6.1756,6.1756,6.1756,6.1756,6.1756,6.1756,6.1756,6.1756,6.1756,6.1756,6.1756,6.1756,6.1756,6.1756,6.1756,6.1756,6.1756,6.1756,6.1756,6.1756,6.1756,6.1756,6.1756,6.1756,6.1756,6.1756,6.1756,6.1756,6.1756,6.1756,6.1756,6.1756
6.1713,6.1713,6.1713,6.1713,6.1713,6.1713,6.1713,6.1713,6.1713,6.1713,6.1713,6.1713,6.1713,6.1713,6.1713,6.1713,6.1713,6.1713,6.1713,6.1713,6.1713,6.1713,6.1713,6.1713,6.1713,6.1713,6.1713,6.1713,6.1713,6.1713,6.1713,6.1713,6.1713,6.1713,6.1713,6.1713,6.1713,6.1713,6.1713,6.1713,6.1713,6.1713,6.1713,6.1713,6.1713,6.1713,6.1713,6.1713,6.1713,6.1713,6.1713,6.1713,6.1713,6.1713,6.1713,6.1713,6.1713,6.1713,6.1713,6.1713,6.1713,6.1713,6.1713,6.1713,6.1713,6.1713,6.1713,6.1713,6.1713,6.1713,6.1713,6.1713,6.1713,6.1713,6.1713,6.1713,6.1713,6.1713,6.1713,6.1713,6.1713,6.1713,6.1713,6.1713,6.1713,6.1713,6.1713,6.1713,6.1713,6.1713,6.1713,6.1713,6.1713,6.1713,6.1713,6.1713,6.1713,6.1713,6.1713,6.1713,6.1713,6.1713,6.1713,6.1713,6.1713,6.1713,6.1713,6.1713,6.1713,6.1713,6.1713,6.1713,6.1713,6.1713,6.1713,6.1713,6.1713,6.1713,6.1713,6.1713,6.1713,6.1713,6.1713,6.1713,6.1713,6.1713,6.1713,6.1713,6.1713,6.1713,6.1713,6.1713,6.1713,6.1713,6.1713,6.1713,6.1713,6.1713,6.1713,6.1713,6.1713,6.1713,6.1713,6.1713,6.1713,6.1713,6.1713,6.1713,6.1713,6.1713,6.1713,6.1713,6.1713,6.1713,6.1713,6.1713,6.1713,6.1713,6.1713,6.1713,6.1713,6.1713,6.1713,6.1713,6.1713,6.1713,6.1713,6.1713,6.1713,6.1713,6.1713,6.1713,6.1713,6.1713,6.1713,6.1713,6.1713,6.1713,6.1713,6.1713,6.1713,6.1713,6.1713,6.1713,6.1713,6.1713,6.1713,6.1713,6.1713,6.1713,6.1713,6.1713,6.1713,6.1713,6.1713,6.1713,6.1713,6.1713,6.1713,6.1713,6.1713,6.1713,6.1713,6.1713,6.1713,6.1713,6.1713,6.1713,6.1713,6.1713,6.1713,6.1713,6.1713,6.1713,6.1713,6.1713,6.1713,6.1713,6.1713,6.1713,6.1713,6.1713,6.1713,6.1713,6.1713,6.1713,6.1713,6.1713,6.1713,6.1713,6.1713,6.1713,6.1713,6.1713,6.1713,6.1713,6.1713,6.1713,6.1713,6.1713,6.1713,6.1713,6.1713,6.1713,6.1713,6.1713,6.1713,6.1713,6.1713,6.1713,6.1713,6.1713,6.1713,6.1713,6.1713,6.1713,6.1713,6.1713,6.1713,6.1713,6.1713,6.1713,6.1713,6.1713,6.1713,6.1713,6.1713,6.1713,6.1713,6.1713,6.1713,6.1713,6.1713,6.1713,6.1713,6.1713,6.1713,6.1713,6.1713,6.1713,6.1713,6.1713,6.1713,6.1713,6.1713,6.1713,6.1713,6.1713,6.1713,6.1713,6.1713,6.1713,6.1713,6.1713,6.1713,6.1713,6.1713,6.1713,6.1713,6.1713,6.1713,6.1713,6.1713,6.1713,6.1713,6.1713,6.1713,6.1713,6.1713,6.1713,6.1713,6.1713,6.1713,6.1713,6.1713,6.1713,6.1713,6.1713,6.1713,6.1713,6.1713,6.1713,6.1713,6.1713,6.1713,6.1713,6.1713,6.1713,6.1713,6.1713,6.1713,6.1713,6.1713,6.1713,6.1713,6.1713,6.1713,6.1718,6.1718,6.1718,6.1718,6.1718,6.1718,6.1718,6.1718,6.1718,6.1718,6.1718,6.1718,6.1718,6.1718,6.1718,6.1718,6.1718,6.1718,6.1718,6.1718,6.1718,6.1718,6.1718,6.1718,6.1718,6.1718,6.1718,6.1718,6.1718,6.1718,6.1718,6.1718,6.1718,6.1718,6.1718,6.1718,6.1718,6.1718,6.1718,6.1718,6.1718,6.1718,6.1718,6.1718,6.1718,6.1718,6.1718,6.1718,6.1718,6.1718,6.1718,6.1718,6.1718,6.1718,6.1718,6.1718,6.1718,6.1718,6.1718,6.1718,6.1718,6.1718,6.1718,6.1718,6.1718,6.1718,6.1718,6.1718,6.1718,6.1718,6.1718,6.1718,6.1718,6.1718,6.1718,6.1718,6.1718,6.1718,6.1718,6.1718,6.1718,6.1718,6.1718,6.1718,6.1718,6.1718,6.1718,6.1718,6.1718,6.1718,6.1718,6.1718,6.1718,6.1718,6.1718,6.1718,6.1718,6.1718,6.1718,6.1718,6.1718,6.1718,6.1718,6.1718,6.1718,6.1718,6.1718,6.1718,6.1718,6.1718,6.1718,6.1718,6.1718,6.1718,6.1718,6.1718,6.1718,6.1718,6.1718,6.1718,6.1718,6.1718,6.1718,6.1718,6.1718,6.1718,6.1718,6.1718,6.1718,6.1718,6.1718,6.1718,6.1718,6.1718,6.1718,6.1718,6.1718,6.1718,6.1718,6.1718,6.1718,6.1718,6.1718,6.1718,6.1718,6.1718,6.1718,6.1718,6.1718,6.1718,6.1718,6.1718,6.1718,6.1718,6.1718,6.1718,6.1718,6.1718,6.1718,6.1718,6.1718,6.1718,6.1718,6.1718,6.1718,6.1718,6.1718,6.1718,6.1718,6.1718,6.1718,6.1718,6.1718,6.1718,6.1718,6.1718,6.1718,6.1718,6.1718,6.1718,6.1718,6.1718,6.1718,6.1718,6.1718,6.1718,6.1718,6.1718,6.1718,6.1718,6.1718,6.1718,6.1718,6.1718,6.1718,6.1718,6.1718,6.1718,6.1718,6.1718,6.1718,6.1718,6.1718,6.1718,6.1718,6.1718,6.1718,6.1718,6.1718,6.1718,6.1718,6.1718,6.1718,6.1718,6.1718,6.1718,6.1718,6.1718,6.1718,6.1718,6.1718,6.1718,6.1718,6.1718,6.1718,6.1718,6.1718,6.1718,6.1718,6.1718,6.1718,6.1718,6.1718,6.1718,6.1718,6.1718,6.1718,6.1718,6.1718,6.1718,6.1718,6.1718,6.1718,6.1718,6.1718,6.1718,6.1718,6.1718,6.1718,6.1718,6.1718,6.1718,6.1718,6.1718,6.1718,6.1718,6.1718,6.1718,6.1718,6.1718,6.1718,6.1718,6.1718,6.1718,6.1718,6.1718,6.1718,6.1718,6.1718,6.1718,6.1718,6.1718,6.1718,6.1718,6.1718,6.1718,6.1718,6.1718,6.1718,6.1718,6.1718,6.1718,6.1718,6.1718,6.1718,6.1718,6.1718,6.1718,6.1718,6.1718,6.1718,6.1718,6.1718,6.1718,6.1718,6.1718,6.1718,6.1718,6.1718,6.1718,6.1718,6.1718,6.1718,6.1718,6.1718,6.1718,6.1718,6.1718,6.1718,6.1718,6.1718,6.1718,6.1718,6.1718,6.1718,6.1718,6.1718,6.1718,6.1718,6.1718,6.1718,6.1718,6.1718,6.1718,6.1718,6.1718,6.1718,6.1718,6.1718,6.1718,6.1718,6.1718,6.1718,6.1718,6.1718,6.1718,6.1718,6.1718,6.1718,6.1718,6.1718,6.1718,6.1718,6.1718,6.1718,6.1718,6.1718,6.1718,6.1718,6.1718,6.1718,6.1718,6.1718,6.1718,6.1718,6.1718,6.1718,6.1718,6.1718,6.1718,6.1718,6.1718,6.1718,6.1718,6.1718,6.1718,6.1718,6.1718,6.1718,6.1718,6.1718,6.1718,6.1718,6.1718,6.1718,6.1718,6.1718,6.1718,6.1718,6.1718,6.1718,6.1718,6.1718,6.1718,6.1718,6.1718,6.1718,6.1718,6.1718,6.1718,6.1718,6.1718,6.1718,6.1718,6.1718,6.1718,6.1718,6.1718,6.1718,6.1718,6.1718,6.1718,6.1718,6.1718,6.1718,6.1718,6.1718,6.1718,6.1718,6.1718,6.1718,6.1718,6.1718,6.1718,6.1718,6.1718,6.1718,6.1718,6.1718,6.1718,6.1718,6.1718,6.1718,6.1718,6.1718,6.1718,6.1718,6.1718,6.1718,6.1718,6.1718,6.1718,6.1718,6.1718,6.1718,6.1718,6.1718,6.1718,6.1718,6.1718,6.1718,6.1718,6.1718,6.1718,6.1718,6.1718,6.1718,6.1718,6.1718,6.1718,6.1718,6.1718,6.1718,6.1718,6.1718,6.1718,6.1718,6.1718,6.1718,6.1718,6.1718,6.1718,6.1718,6.1718,6.1718,6.1718,6.1718,6.1718,6.1718,6.1718,6.1718,6.1718,6.1718,6.1718,6.1718,6.1718,6.1718,6.1718,6.1718,6.1718,6.1718,6.1718,6.1718,6.1718,6.1718,6.1718,6.1718,6.1718,6.1718,6.1718,6.1718,6.1718,6.1718,6.1718,6.1718,6.1718,6.1718,6.1718,6.1718,6.1718,6.1718,6.1718,6.1718,6.1718,6.1718,6.1718,6.1718,6.1718,6.1718,6.1718,6.1718,6.1718,6.1718,6.1718,6.1718,6.1718,6.1718,6.1718,6.1718,6.1718,6.1718,6.1718,6.1718,6.1718,6.1718,6.1718,6.1718,6.1718,6.1718,6.1718,6.1718,6.1718,6.1718,6.1718,6.1718,6.1718,6.1718,6.1718,6.1718,6.1718,6.1718,6.1718,6.1718,6.1718,6.1718,6.1718,6.1718,6.1718,6.1718,6.1718,6.1718,6.1718,6.1718,6.1718,6.1718,6.1718,6.1718,6.1718,6.1718,6.1718,6.1718,6.1718,6.1718,6.1718,6.1718,6.1718,6.1718,6.1718,6.1718,6.1718,6.1718,6.1718,6.1718,6.1718,6.1718,6.1718,6.1718,6.1718,6.1718,6.1718,6.1718,6.1718,6.1718,6.1718,6.1718,6.1718,6.1718,6.1718,6.1718,6.1718,6.1718,6.1718,6.1718,6.1718,6.1718,6.1718,6.1718,6.1718,6.1718,6.1718,6.1718,6.1718,6.1718,6.1718,6.1718,6.1718,6.1718,6.1718,6.1718,6.1718,6.1718,6.1718,6.1718,6.1718,6.1718,6.1718,6.1718,6.1718,6.1718,6.1718,6.1718,6.1718,6.1718
6.1672,6.1672,6.1672,6.1672,6.1672,6.1672,6.1672,6.1672,6.1672,6.1672,6.1672,6.1672,6.1672,6.1672,6.1672,6.1672,6.1672,6.1672,6.1672,6.1672,6.1672,6.1672,6.1672,6.1672,6.1672,6.1672,6.1672,6.1672,6.1672,6.1672,6.1672,6.1672,6.1672,6.1672,6.1672,6.1672,6.1672,6.1672,6.1672,6.1672,6.1672,6.1672,6.1672,6.1672,6.1672,6.1672,6.1672,6.1672,6.1672,6.1672,6.1672,6.1672,6.1672,6.1672,6.1672,6.1672,6.1672,6.1672,6.1672,6.1672,6.1672,6.1672,6.1672,6.1672,6.1672,6.1672,6.1672,6.1672,6.1672,6.1672,6.1672,6.1672,6.1672,6.1672,6.1672,6.1672,6.1672,6.1672,6.1672,6.1672,6.1672,6.1672,6.1672,6.1672,6.1672,6.1672,6.1672,6.1672,6.1672,6.1672,6.1672,6.1672,6.1672,6.1672,6.1672,6.1672,6.1672,6.1672,6.1672,6.1672,6.1672,6.1672,6.1672,6.1672,6.1672,6.1672,6.1672,6.1672,6.1672,6.1672,6.1672,6.1672,6.1672,6.1672,6.1672,6.1672,6.1672,6.1672,6.1672,6.1672,6.1672,6.1672,6.1672,6.1672,6.1672,6.1672,6.1672,6.1672,6.1672,6.1672,6.1672,6.1672,6.1672,6.1672,6.1672,6.1672,6.1672,6.1672,6.1672,6.1672,6.1672,6.1672,6.1672,6.1672,6.1672,6.1672,6.1672,6.1672,6.1672,6.1672,6.1672,6.1672,6.1672,6.1672,6.1672,6.1672,6.1672,6.1672,6.1672,6.1672,6.1672,6.1672,6.1672,6.1672,6.1672,6.1672,6.1672,6.1672,6.1672,6.1672,6.1672,6.1672,6.1672,6.1672,6.1672,6.1672,6.1672,6.1672,6.1672,6.1672,6.1672,6.1672,6.1672,6.1672,6.1672,6.1672,6.1672,6.1672,6.1672,6.1672,6.1672,6.1672,6.1672,6.1672,6.1672,6.1672,6.1672,6.1672,6.1672,6.1672,6.1672,6.1672,6.1672,6.1672,6.1672,6.1672,6.1672,6.1672,6.1672,6.1672,6.1672,6.1672,6.1672,6.1672,6.1672,6.1672,6.1672,6.1672,6.1672,6.1672,6.1672,6.1672,6.1672,6.1672,6.1672,6.1672,6.1672,6.1672,6.1672,6.1672,6.1672,6.1672,6.1672,6.1672,6.1672,6.1672,6.1672,6.1672,6.1672,6.1672,6.1672,6.1672,6.1672,6.1672,6.1672,6.1672,6.1672,6.1672,6.1672,6.1672,6.1672,6.1672,6.1672,6.1672,6.1672,6.1672,6.1672,6.1672,6.1672,6.1672,6.1672,6.1672,6.1672,6.1672,6.1672,6.1672,6.1672,6.1672,6.1672,6.1672,6.1672,6.1672,6.1672,6.1672,6.1672,6.1672,6.1672,6.1672,6.1672,6.1672,6.1672,6.1672,6.1672,6.1672,6.1672,6.1672,6.1672,6.1672,6.1672,6.1672,6.1672,6.1672,6.1672,6.1672,6.1672,6.1672,6.1672,6.1672,6.1672,6.1672,6.1672,6.1672,6.1672,6.1672,6.1672,6.1672,6.1672,6.1672,6.1672,6.1672,6.1672,6.1672,6.1672,6.1672,6.1672,6.1672,6.1672,6.1672,6.1672,6.1672,6.1672,6.1672,6.1672,6.1672,6.1672,6.1672,6.1672,6.1672,6.1672,6.1672,6.1672,6.1672,6.1672,6.1672,6.1672,6.1672,6.1672,6.1672,6.1672,6.1672,6.1672,6.1672,6.1672,6.1672,6.1672,6.1672,6.1672,6.1672,6.1672,6.1672,6.1672,6.1672,6.1672,6.1672,6.1672,6.1672,6.1672,6.1672,6.1672,6.1672,6.1672,6.1672,6.1672,6.1672,6.1672,6.1672,6.1672,6.1672,6.1672,6.1672,6.1672,6.1672,6.1672,6.1672,6.1672,6.1672,6.1672,6.1672,6.1672,6.1672,6.1672,6.1672,6.1672,6.1672,6.1672,6.1672,6.1672,6.1672,6.1672,6.1672,6.1672,6.1672,6.1672,6.1672,6.1672,6.1672,6.1672,6.1672,6.1672,6.1672,6.1672,6.1672,6.1672,6.1672,6.1672,6.1672,6.1672,6.1672,6.1672,6.1672,6.1672,6.1672,6.1672,6.1672,6.1672,6.1672,6.1672,6.1672,6.1672,6.1672,6.1672,6.1672,6.1672,6.1672,6.1672,6.1672,6.1672,6.1672,6.1672,6.1672,6.1672,6.1672,6.1672,6.1672,6.1672,6.1672,6.1672,6.1672,6.1672,6.1672,6.1672,6.1672,6.1672,6.1672,6.1672,6.1672,6.1672,6.1672,6.1672,6.1672,6.1672,6.1672,6.1672,6.1672,6.1672,6.1672,6.1672,6.1672,6.1672,6.1672,6.1672,6.1672,6.1672,6.1672,6.1672,6.1672,6.1672,6.1672,6.1672,6.1672,6.1672,6.1672,6.1672,6.1672,6.1672,6.1672,6.1672,6.1672,6.1672,6.1672,6.1672,6.1672,6.1672,6.1672,6.1672,6.1672,6.1672,6.1672,6.1672,6.1672,6.1672,6.1672,6.1672,6.1672,6.1672,6.1672,6.1672,6.1672,6.1672,6.1672,6.1672,6.1672,6.1672,6.1672,6.1672,6.1672,6.1672,6.1672,6.1672,6.1672,6.1672,6.1672,6.1672,6.1672,6.1672,6.1672,6.1672,6.1672,6.1672,6.1672,6.1672,6.1672,6.1672,6.1672,6.1672,6.1672,6.1672,6.1672,6.1672,6.1672,6.1672,6.1672,6.1672,6.1672,6.1672,6.1672,6.1672,6.1672,6.1672,6.1672,6.1672,6.1672,6.1672,6.1672,6.1672,6.1672,6.1672,6.1672,6.1672,6.1672,6.1672,6.1672,6.1672,6.1672,6.1672,6.1672,6.1672,6.1672,6.1672,6.1672,6.1672,6.1672,6.1672,6.1672,6.1672,6.1672,6.1672,6.1672,6.1672,6.1672,6.1672,6.1672,6.1672,6.1672,6.1672,6.1672,6.1672,6.1672,6.1672,6.1672,6.1672,6.1672,6.1672,6.1672,6.1672,6.1672,6.1672,6.1672,6.1672,6.1672,6.1672,6.1672,6.1672,6.1672,6.1672,6.1672,6.1672,6.1672,6.1672,6.1672,6.1672,6.1672,6.1672,6.1672,6.1672,6.1672,6.1672,6.1672,6.1672,6.1672,6.1672,6.1672,6.1672,6.1672,6.1672,6.1672,6.1672,6.1672,6.1672,6.1672,6.1672,6.1672,6.1672,6.1672,6.1672,6.1672,6.1672,6.1672,6.1672,6.1672,6.1672,6.1672,6.1672,6.1672,6.1672,6.1672,6.1672,6.1672,6.1672,6.1672,6.1672,6.1672,6.1672,6.1672,6.1672,6.1672,6.1672,6.1672,6.1672,6.1672,6.1672,6.1672,6.1672,6.1672,6.1672,6.1672,6.1672,6.1672,6.1672,6.1672,6.1672,6.1672,6.1672,6.1672,6.1672,6.1672,6.1672,6.1672,6.1672,6.1672,6.1672,6.1672,6.1672,6.1672,6.1672,6.1672,6.1672,6.1672,6.1672,6.1672,6.1672,6.1672,6.1672,6.1672,6.1672,6.1672,6.1672,6.1672,6.1672,6.1672,6.1672,6.1672,6.1672,6.1672,6.1672,6.1672,6.1672,6.1672,6.1672,6.1672,6.1672,6.1672,6.1672,6.1672,6.1672,6.1672,6.1672,6.1672,6.1672,6.1672,6.1672,6.1672,6.1672,6.1672,6.1672,6.1672,6.1672,6.1672,6.1672,6.1672,6.1672,6.1672,6.1672,6.1672,6.1672,6.1672,6.1672,6.1672,6.1672,6.1672,6.1672,6.1672,6.1672,6.1672,6.1672,6.1672,6.1672,6.1672,6.1672,6.1672,6.1672,6.1672,6.1672,6.1672,6.1672,6.1672,6.1672,6.1672,6.1672,6.1672,6.1672,6.1672,6.1672,6.1672,6.1672,6.1672,6.1672,6.1672,6.1672,6.1672,6.1672,6.1672,6.1672,6.1672,6.1672,6.1672,6.1672,6.1672,6.1672,6.1672,6.1672,6.1672,6.1672,6.1672,6.1672,6.1672,6.1672,6.1672,6.1672,6.1672,6.1672,6.1672,6.1672,6.1672,6.1672,6.1672,6.1672,6.1672,6.1672,6.1672,6.1672,6.1672,6.1672,6.1672,6.1672,6.1672,6.1672,6.1672,6.1672,6.1672,6.1672,6.1672,6.1672,6.1672,6.1672,6.1672,6.1672,6.1672,6.1672,6.1672,6.1672,6.1672,6.1672,6.1672,6.1672,6.1672,6.1672,6.1672,6.1672,6.1672,6.1672,6.1672,6.1672,6.1672,6.1672,6.1672,6.1672,6.1672,6.1672,6.1672,6.1672,6.1672,6.1672,6.1672,6.1672,6.1672,6.1672,6.1672,6.1672,6.1672,6.1672,6.1672,6.1672,6.1672,6.1672,6.1672,6.1672,6.1672,6.1672,6.1672,6.1672,6.1672,6.1672,6.1672,6.1672,6.1672,6.1672,6.1672,6.1672,6.1672,6.1672,6.1672,6.1672,6.1672,6.1672,6.1672,6.1672,6.1672,6.1672,6.1672,6.1672,6.1672,6.1672,6.1672,6.1672,6.1672,6.1672,6.1672,6.1672,6.1672,6.1672,6.1672,6.1672,6.1672,6.1672,6.1672,6.1672,6.1672,6.1672,6.1672,6.1672,6.1672,6.1672,6.1672,6.1672,6.1672,6.1672,6.1672,6.1672,6.1672,6.1672,6.1672,6.1672,6.1672,6.1672,6.1672,6.1672,6.1672,6.1672,6.1672,6.1672,6.1672,6.1672,6.1672,6.1672,6.1672,6.1672,6.1672,6.1672,6.1672,6.1672,6.1672,6.1672,6.1672,6.1672,6.1672,6.1672,6.1672,6.1672,6.1672,6.1672,6.1672,6.1672,6.1672,6.1672,6.1672,6.1672,6.1672,6.1672,6.1672,6.1672,6.1672,6.1672,6.1672,6.1672,6.1672,6.1672,6.1672,6.1672,6.1672,6.1672,6.1672,6.1672,6.1672,6.1672,6.1672,6.1672,6.1672,6.1672,6.1672
6.1629,6.1629,6.1629,6.1629,6.1629,6.1629,6.1629,6.1629,6.1629,6.1629,6.1629,6.1629,6.1629,6.1629,6.1629,6.1629,6.1629,6.1629,6.1629,6.1629,6.1629,6.1629,6.1629,6.1629,6.1629,6.1629,6.1629,6.1629,6.1629,6.1629,6.1629,6.1629,6.1629,6.1629,6.1629,6.1629,6.1629,6.1629,6.1629,6.1629,6.1629,6.1629,6.1629,6.1629,6.1629,6.1629,6.1629,6.1629,6.1629,6.1629,6.1629,6.1629,6.1629,6.1629,6.1629,6.1629,6.1629,6.1629,6.1629,6.1629,6.1629,6.1629,6.1629,6.1629,6.1629,6.1629,6.1629,6.1629,6.1629,6.1629,6.1629,6.1629,6.1629,6.1629,6.1629,6.1629,6.1629,6.1629,6.1629,6.1629,6.1629,6.1629,6.1629,6.1629,6.1629,6.1629,6.1629,6.1629,6.1629,6.1629,6.1629,6.1629,6.1629,6.1629,6.1629,6.1629,6.1629,6.1629,6.1629,6.1629,6.1629,6.1629,6.1629,6.1629,6.1629,6.1629,6.1629,6.1629,6.1629,6.1629,6.1629,6.1629,6.1629,6.1629,6.1629,6.1629,6.1629,6.1629,6.1629,6.1629,6.1629,6.1629,6.1629,6.1629,6.1629,6.1629,6.1629,6.1629,6.1629,6.1629,6.1629,6.1629,6.1629,6.1629,6.1629,6.1629,6.1629,6.1629,6.1629,6.1629,6.1629,6.1629,6.1629,6.1629,6.1629,6.1629,6.1629,6.1629,6.1629,6.1629,6.1629,6.1629,6.1629,6.1629,6.1629,6.1629,6.1629,6.1629,6.1629,6.1629,6.1629,6.1629,6.1629,6.1629,6.1629,6.1629,6.1629,6.1629,6.1629,6.1629,6.1629,6.1629,6.1629,6.1629,6.1629,6.1629,6.1629,6.1629,6.1629,6.1629,6.1629,6.1629,6.1629,6.1629,6.1629,6.1629,6.1629,6.1629,6.1629,6.1629,6.1629,6.1629,6.1629,6.1629,6.1629,6.1629,6.1629,6.1629,6.1629,6.1629,6.1629,6.1629,6.1629,6.1629,6.1629,6.1629,6.1629,6.1629,6.1629,6.1629,6.1629,6.1629,6.1629,6.1629,6.1629,6.1629,6.1629,6.1629,6.1629,6.1629,6.1629,6.1629,6.1629,6.1629,6.1629,6.1629,6.1629,6.1629,6.1629,6.1629,6.1629,6.1629,6.1629,6.1629,6.1629,6.1629,6.1629,6.1629,6.1629,6.1629,6.1629,6.1629,6.1629,6.1629,6.1629,6.1629,6.1629,6.1629,6.1629,6.1629,6.1629,6.1629,6.1629,6.1629,6.1629,6.1629,6.1629,6.1629,6.1629,6.1629,6.1629,6.1629,6.1629,6.1629,6.1629,6.1629,6.1629,6.1629,6.1629,6.1629,6.1629,6.1629,6.1629,6.1629,6.1629,6.1629,6.1629,6.1629,6.1629,6.1629,6.1629,6.1629,6.1629,6.1629,6.1629,6.1629,6.1629,6.1629,6.1629,6.1629,6.1629,6.1629,6.1629,6.1629,6.1629,6.1629,6.1629,6.1629,6.1629,6.1629,6.1629,6.1629,6.1629,6.1629,6.1629,6.1629,6.1629,6.1629,6.1629,6.1629,6.1629,6.1629,6.1629,6.1629,6.1629,6.1629,6.1629,6.1629,6.1629,6.1629,6.1629,6.1629,6.1629,6.1629,6.1629,6.1629,6.1629,6.1629,6.1629,6.1629,6.1629,6.1629,6.1629,6.1629,6.1629,6.1629,6.1629,6.1629,6.1629,6.1629,6.1629,6.1629,6.1629,6.1629,6.1629,6.1629,6.1629,6.1629,6.1629,6.1629,6.1629,6.1629,6.1629,6.1629,6.1629,6.1629,6.1629,6.1629,6.1629,6.1629,6.1629,6.1629,6.1629,6.1629,6.1629,6.1629,6.1629,6.1629,6.1629,6.1629,6.1629,6.1629,6.1629,6.1629,6.1629,6.1629,6.1629,6.1629,6.1629,6.1629,6.1629,6.1629,6.1629,6.1629,6.1629,6.1629,6.1629,6.1629,6.1629,6.1629,6.1629,6.1629,6.1629,6.1629,6.1629,6.1629,6.1629,6.1629,6.1629,6.1629,6.1629,6.1629,6.1629,6.1629,6.1629,6.1629,6.1629,6.1629,6.1629,6.1629,6.1629,6.1629,6.1629,6.1629,6.1629,6.1629,6.1629,6.1629,6.1629,6.1629,6.1629,6.1629,6.1629,6.1629,6.1629,6.1629,6.1629,6.1629,6.1629,6.1629,6.1629,6.1629,6.1629,6.1629,6.1629,6.1629,6.1629,6.1629,6.1629,6.1629,6.1629,6.1629,6.1629,6.1629,6.1629,6.1629,6.1629,6.1629,6.1629,6.1629,6.1629,6.1629,6.1629,6.1629,6.1629,6.1629,6.1629,6.1629,6.1629,6.1629,6.1629,6.1629,6.1629,6.1629,6.1629,6.1629,6.1629,6.1629,6.1629,6.1629,6.1629,6.1629,6.1629,6.1629,6.1629,6.1629,6.1629,6.1629,6.1629,6.1629,6.1629,6.1629,6.1629,6.1629,6.1629,6.1629,6.1629,6.1629,6.1629,6.1629,6.1629,6.1629,6.1629,6.1629,6.1629,6.1629,6.1629,6.1629,6.1629,6.1629,6.1629,6.1629,6.1629,6.1629,6.1629,6.1629,6.1629,6.1629,6.1629,6.1629,6.1629,6.1629,6.1629,6.1629,6.1629,6.1629,6.1629,6.1629,6.1629,6.1629,6.1629,6.1629,6.1629,6.1629,6.1629,6.1629,6.1629,6.1629,6.1629,6.1629,6.1629,6.1629,6.1629,6.1629,6.1629,6.1629,6.1629,6.1629,6.1629,6.1629,6.1629,6.1629,6.1629,6.1629,6.1629,6.1629,6.1629,6.1629,6.1629,6.1629,6.1629,6.1629,6.1629,6.1629,6.1629,6.1629,6.1629,6.1629,6.1629,6.1629,6.1629,6.1629,6.1629,6.1629,6.1629,6.1629,6.1629,6.1629,6.1629,6.1629,6.1629,6.1629,6.1629,6.1629,6.1629,6.1629,6.1629,6.1629,6.1629,6.1629,6.1629,6.1629,6.1629,6.1629,6.1629,6.1629,6.1629,6.1629,6.1629,6.1629,6.1629,6.1629,6.1629,6.1629,6.1629,6.1629,6.1629,6.1629,6.1629,6.1629,6.1629,6.1629,6.1629,6.1629,6.1629,6.1629,6.1629,6.1629,6.1629,6.1629,6.1629,6.1629,6.1629,6.1629,6.1629,6.1629,6.1629,6.1629,6.1629,6.1629,6.1629,6.1629,6.1629,6.1629,6.1629,6.1629,6.1629,6.1629,6.1629,6.1629,6.1629,6.1629,6.1629,6.1629,6.1629,6.1629,6.1629,6.1629,6.1629,6.1629,6.1629,6.1629,6.1629,6.1629,6.1629,6.1629,6.1629,6.1629,6.1629,6.1629,6.1629,6.1629,6.1629,6.1629,6.1629,6.1629,6.1629,6.1629,6.1629,6.1629,6.1629,6.1629,6.1629,6.1629,6.1629,6.1629,6.1629,6.1629,6.1629,6.1629,6.1629,6.1629,6.1629,6.1629,6.1629,6.1629,6.1629,6.1629,6.1629,6.1629,6.1629,6.1629,6.1629,6.1629,6.1629,6.1629,6.1629,6.1629,6.1629,6.1629,6.1629,6.1629,6.1629,6.1629,6.1629,6.1629,6.1629,6.1629,6.1629,6.1629,6.1629,6.1629,6.1629,6.1629,6.1629,6.1629,6.1629,6.1629,6.1629,6.1629,6.1629,6.1629,6.1629,6.1629,6.1629,6.1629,6.1629,6.1629,6.1629,6.1629,6.1629,6.1629,6.1629,6.1629,6.1629,6.1629,6.1629,6.1629,6.1629,6.1629,6.1629,6.1629,6.1629,6.1629,6.1629,6.1629,6.1629,6.1629,6.1629,6.1629,6.1629,6.1629,6.1629,6.1629,6.1629,6.1629,6.1629,6.1629,6.1629,6.1629,6.1629,6.1629,6.1629,6.1629,6.1629,6.1629,6.1629,6.1629,6.1629,6.1629,6.1629,6.1629,6.1629,6.1629,6.1629,6.1629,6.1629,6.1629,6.1629,6.1629,6.1629,6.1629,6.1629,6.1629,6.1629,6.1629,6.1629,6.1629,6.1629,6.1629,6.1629,6.1629,6.1629,6.1629,6.1629,6.1629,6.1629,6.1629,6.1629,6.1629,6.1629,6.1629,6.1629,6.1629,6.1629,6.1629,6.1629,6.1629,6.1629,6.1629,6.1629,6.1629,6.1629,6.1629,6.1629,6.1629,6.1629,6.1629,6.1629,6.1629,6.1629,6.1629,6.1629,6.1629,6.1629,6.1629,6.1629,6.1629,6.1629,6.1629,6.1629,6.1629,6.1629,6.1629,6.1629,6.1629,6.1629,6.1629,6.1629,6.1629,6.1629,6.1629,6.1629,6.1629,6.1629,6.1629,6.1629,6.1629,6.1629,6.1629,6.1629,6.1629,6.1629,6.1629,6.1629,6.1629,6.1629,6.1629,6.1629,6.1629,6.1629,6.1629,6.1629,6.1629,6.1629,6.1629,6.1629,6.1629,6.1629,6.1629,6.1629,6.1629,6.1629,6.1629,6.1629,6.1629,6.1629,6.1629,6.1629,6.1629,6.1629,6.1629,6.1629,6.1629,6.1629,6.1629,6.1629,6.1629,6.1629,6.1629,6.1629,6.1629,6.1629,6.1629,6.1629,6.1629,6.1629,6.1629,6.1629,6.1629,6.1629,6.1629,6.1629,6.1629,6.1629,6.1629,6.1629,6.1629,6.1629,6.1629,6.1629,6.1629,6.1629,6.1629,6.1629,6.1629,6.1629,6.1629,6.1629,6.1629,6.1629,6.1629,6.1629,6.1629,6.1629,6.1629,6.1629,6.1629,6.1629,6.1629,6.1629,6.1629,6.1629,6.1629,6.1629,6.1629,6.1629,6.1629,6.1629,6.1629,6.1629,6.1629,6.1629,6.1629,6.1629,6.1629,6.1629,6.1629,6.1629,6.1629,6.1629,6.1629,6.1629,6.1629,6.1629,6.1629,6.1629,6.1629,6.1629,6.1629,6.1629,6.1629,6.1629,6.1629,6.1629,6.1629,6.1629,6.1629,6.1629,6.1629
6.1586,6.1586,6.1586,6.1586,6.1586,6.1586,6.1586,6.1586,6.1586,6.1586,6.1586,6.1586,6.1586,6.1586,6.1586,6.1586,6.1586,6.1586,6.1586,6.1586,6.1586,6.1586,6.1586,6.1586,6.1586,6.1586,6.1586,6.1586,6.1586,6.1586,6.1586,6.1586,6.1586,6.1586,6.1586,6.1586,6.1586,6.1586,6.1586,6.1586,6.1586,6.1586,6.1586,6.1586,6.1586,6.1586,6.1586,6.1586,6.1586,6.1586,6.1586,6.1586,6.1586,6.1586,6.1586,6.1586,6.1586,6.1586,6.1586,6.1586,6.1586,6.1586,6.1586,6.1586,6.1586,6.1586,6.1586,6.1586,6.1586,6.1586,6.1586,6.1586,6.1586,6.1586,6.1586,6.1586,6.1586,6.1586,6.1586,6.1586,6.1586,6.1586,6.1586,6.1586,6.1586,6.1586,6.1586,6.1586,6.1586,6.1586,6.1586,6.1586,6.1586,6.1586,6.1586,6.1586,6.1586,6.1586,6.1586,6.1586,6.1586,6.1586,6.1586,6.1586,6.1586,6.1586,6.1586,6.1586,6.1586,6.1586,6.1586,6.1586,6.1586,6.1586,6.1586,6.1586,6.1586,6.1586,6.1586,6.1586,6.1586,6.1586,6.1586,6.1586,6.1586,6.1586,6.1586,6.1586,6.1586,6.1586,6.1586,6.1586,6.1586,6.1586,6.1586,6.1586,6.1586,6.1586,6.1586,6.1586,6.1586,6.1586,6.1586,6.1586,6.1586,6.1586,6.1586,6.1586,6.1586,6.1586,6.1586,6.1586,6.1586,6.1586,6.1586,6.1586,6.1586,6.1586,6.1586,6.1586,6.1586,6.1586,6.1586,6.1586,6.1586,6.1586,6.1586,6.1586,6.1586,6.1586,6.1586,6.1586,6.1586,6.1586,6.1586,6.1586,6.1586,6.1586,6.1586,6.1586,6.1586,6.1586,6.1586,6.1586,6.1586,6.1586,6.1586,6.1586,6.1586,6.1586,6.1586,6.1586,6.1586,6.1586,6.1586,6.1586,6.1586,6.1586,6.1586,6.1586,6.1586,6.1586,6.1586,6.1586,6.1586,6.1586,6.1586,6.1586,6.1586,6.1586,6.1586,6.1586,6.1586,6.1586,6.1586,6.1586,6.1586,6.1586,6.1586,6.1586,6.1586,6.1586,6.1586,6.1586,6.1586,6.1586,6.1586,6.1586,6.1586,6.1586,6.1586,6.1586,6.1586,6.1586,6.1586,6.1586,6.1586,6.1586,6.1586,6.1586,6.1586,6.1586,6.1586,6.1586,6.1586,6.1586,6.1586,6.1586,6.1586,6.1586,6.1586,6.1586,6.1586,6.1586,6.1586,6.1586,6.1586,6.1586,6.1586,6.1586,6.1586,6.1586,6.1586,6.1586,6.1586,6.1586,6.1586,6.1586,6.1586,6.1586,6.1586,6.1586,6.1586,6.1586,6.1586,6.1586,6.1586,6.1586,6.1586,6.1586,6.1586,6.1586,6.1586,6.1586,6.1586,6.1586,6.1586,6.1586,6.1586,6.1586,6.1586,6.1586,6.1586,6.1586,6.1586,6.1586,6.1586,6.1586,6.1586,6.1586,6.1586,6.1586,6.1586,6.1586,6.1586,6.1586,6.1586,6.1586,6.1586,6.1586,6.1586,6.1586,6.1586,6.1586,6.1586,6.1586,6.1586,6.1586,6.1586,6.1586,6.1586,6.1586,6.1586,6.1586,6.1586,6.1586,6.1586,6.1586,6.1586,6.1586,6.1586,6.1586,6.1586,6.1586,6.1586,6.1586,6.1586,6.1586,6.1586,6.1586,6.1586,6.1586,6.1586,6.1586,6.1586,6.1586,6.1586,6.1586,6.1586,6.1586,6.1586,6.1586,6.1586,6.1586,6.1586,6.1586,6.1586,6.1586,6.1586,6.1586,6.1586,6.1586,6.1586,6.1586,6.1586,6.1586,6.1586,6.1586,6.1586,6.1586,6.1586,6.1586,6.1586,6.1586,6.1586,6.1586,6.1586,6.1586,6.1586,6.1586,6.1586,6.1586,6.1586,6.1586,6.1586,6.1586,6.1586,6.1586,6.1586,6.1586,6.1586,6.1586,6.1586,6.1586,6.1586,6.1586,6.1586,6.1586,6.1586,6.1586,6.1586,6.1586,6.1586,6.1586,6.1586,6.1586,6.1586,6.1586,6.1586,6.1586,6.1586,6.1586,6.1586,6.1586,6.1586,6.1586,6.1586,6.1586,6.1586,6.1586,6.1586,6.1586,6.1586,6.1586,6.1586,6.1586,6.1586,6.1586,6.1586,6.1586,6.1586,6.1586,6.1586,6.1586,6.1586,6.1586,6.1586,6.1586,6.1586,6.1586,6.1586,6.1586,6.1586,6.1586,6.1586,6.1586,6.1586,6.1586,6.1586,6.1586,6.1586,6.1586,6.1586,6.1586,6.1586,6.1586,6.1586,6.1586,6.1586,6.1586,6.1586,6.1586,6.1586,6.1586,6.1586,6.1586,6.1586,6.1586,6.1586,6.1586,6.1586,6.1586,6.1586,6.1586,6.1586,6.1586,6.1586,6.1586,6.1586,6.1586,6.1586,6.1586,6.1586,6.1586,6.1586,6.1586,6.1586,6.1586,6.1586,6.1586,6.1586,6.1586,6.1586,6.1586,6.1586,6.1586,6.1586,6.1586,6.1586,6.1586,6.1586,6.1586,6.1586,6.1586,6.1586,6.1586,6.1586,6.1586,6.1586,6.1586,6.1586,6.1586,6.1586,6.1586,6.1586,6.1586,6.1586,6.1586,6.1586,6.1586,6.1586,6.1586,6.1586,6.1586,6.1586,6.1586,6.1586,6.1586,6.1586,6.1586,6.1586,6.1586,6.1586,6.1586,6.1586,6.1586,6.1586,6.1586,6.1586,6.1586,6.1586,6.1586,6.1586,6.1586,6.1586,6.1586,6.1586,6.1586,6.1586,6.1586,6.1586,6.1586,6.1586,6.1586,6.1586,6.1586,6.1586,6.1586,6.1586,6.1586,6.1586,6.1586,6.1586,6.1586,6.1586,6.1586,6.1586,6.1586,6.1586,6.1586,6.1586,6.1586,6.1586,6.1586,6.1586,6.1586,6.1586,6.1586,6.1586,6.1586,6.1586,6.1586,6.1586,6.1586,6.1586,6.1586,6.1586,6.1586,6.1586,6.1586,6.1586,6.1586,6.1586,6.1586,6.1586,6.1586,6.1586,6.1586,6.1586,6.1586,6.1586,6.1586,6.1586,6.1586,6.1586,6.1586,6.1586,6.1586,6.1586,6.1586,6.1586,6.1586,6.1586,6.1586,6.1586,6.1586,6.1586,6.1586,6.1586,6.1586,6.1586,6.1586,6.1586,6.1586,6.1586,6.1586,6.1586,6.1586,6.1586,6.1586,6.1586,6.1586,6.1586,6.1586,6.1586,6.1586,6.1586,6.1586,6.1586,6.1586,6.1586,6.1586,6.1586,6.1586,6.1586,6.1586,6.1586,6.1586,6.1586,6.1586,6.1586,6.1586,6.1586,6.1586,6.1586,6.1586,6.1586,6.1586,6.1586,6.1586,6.1586,6.1586,6.1586,6.1586,6.1586,6.1586,6.1586,6.1586,6.1586,6.1586,6.1586,6.1586,6.1586,6.1586,6.1586,6.1586,6.1586,6.1586,6.1586,6.1586,6.1586,6.1586,6.1586,6.1586,6.1586,6.1586,6.1586,6.1586,6.1586,6.1586,6.1586,6.1586,6.1586,6.1586,6.1586,6.1586,6.1586,6.1586,6.1586,6.1586,6.1586,6.1586,6.1586,6.1586,6.1586,6.1586,6.1586,6.1586,6.1586,6.1586,6.1586,6.1586,6.1586,6.1586,6.1586,6.1586,6.1586,6.1586,6.1586,6.1586,6.1586,6.1586,6.1586,6.1586,6.1586,6.1586,6.1586,6.1586,6.1586,6.1586,6.1586,6.1586,6.1586,6.1586,6.1586,6.1586,6.1586,6.1586,6.1586,6.1586,6.1586,6.1586,6.1586,6.1586,6.1586,6.1586,6.1586,6.1586,6.1586,6.1586,6.1586,6.1586,6.1586,6.1586,6.1586,6.1586,6.1586,6.1586,6.1586,6.1586,6.1586,6.1586,6.1586,6.1586,6.1586,6.1586,6.1586,6.1586,6.1586,6.1586,6.1586,6.1586,6.1586,6.1586,6.1586,6.1586,6.1586,6.1586,6.1586,6.1586,6.1586,6.1586,6.1586,6.1586,6.1586,6.1586,6.1586,6.1586,6.1586,6.1586,6.1586,6.1586,6.1586,6.1586,6.1586,6.1586,6.1586,6.1586,6.1586,6.1586,6.1586,6.1586,6.1586,6.1586,6.1586,6.1586,6.1586,6.1586,6.1586,6.1586,6.1586,6.1586,6.1586,6.1586,6.1586,6.1586,6.1586,6.1586,6.1586,6.1586,6.1586,6.1586,6.1586,6.1586,6.1586,6.1586,6.1586,6.1586,6.1586,6.1586,6.1586,6.1586,6.1586,6.1586,6.1586,6.1586,6.1586,6.1586,6.1586,6.1586,6.1586,6.1586,6.1586,6.1586,6.1586,6.1586,6.1586,6.1586,6.1586,6.1586,6.1586,6.1586,6.1586,6.1586,6.1586,6.1586,6.1586,6.1586,6.1586,6.1586,6.1586,6.1586,6.1586,6.1586,6.1586,6.1586,6.1586,6.1586,6.1586,6.1586,6.1586,6.1586,6.1586,6.1586,6.1586,6.1586,6.1586,6.1586,6.1586,6.1586,6.1586,6.1586,6.1586,6.1586,6.1586,6.1586,6.1586,6.1586,6.1586,6.1586,6.1586,6.1586,6.1586,6.1586,6.1586,6.1586,6.1586,6.1586,6.1586,6.1586,6.1586,6.1586,6.1586,6.1586,6.1586,6.1586,6.1586,6.1586,6.1586,6.1586,6.1586,6.1586,6.1586,6.1586,6.1586,6.1586,6.1586,6.1586,6.1586,6.1586,6.1586,6.1586,6.1586,6.1586,6.1586,6.1586,6.1586,6.1586,6.1586,6.1586,6.1586,6.1586,6.1586,6.1586,6.1586,6.1586,6.1586,6.1586,6.1586,6.1586,6.1586,6.1586,6.1586,6.1586,6.1586,6.1586,6.1586,6.1586,6.1586,6.1586,6.1586,6.1586,6.1586,6.1586,6.1586,6.1586,6.1586,6.1586,6.1586,6.1586
6.1544,6.1544,6.1544,6.1544,6.1544,6.1544,6.1544,6.1544,6.1544,6.1544,6.1544,6.1544,6.1544,6.1544,6.1544,6.1544,6.1544,6.1544,6.1544,6.1544,6.1544,6.1544,6.1544,6.1544,6.1544,6.1544,6.1544,6.1544,6.1544,6.1544,6.1544,6.1544,6.1544,6.1544,6.1544,6.1544,6.1544,6.1544,6.1544,6.1544,6.1544,6.1544,6.1544,6.1544,6.1544,6.1544,6.1544,6.1544,6.1544,6.1544,6.1544,6.1544,6.1544,6.1544,6.1544,6.1544,6.1544,6.1544,6.1544,6.1544,6.1544,6.1544,6.1544,6.1544,6.1544,6.1544,6.1544,6.1544,6.1544,6.1544,6.1544,6.1544,6.1544,6.1544,6.1544,6.1544,6.1544,6.1544,6.1544,6.1544,6.1544,6.1544,6.1544,6.1544,6.1544,6.1544,6.1544,6.1544,6.1544,6.1544,6.1544,6.1544,6.1544,6.1544,6.1544,6.1544,6.1544,6.1544,6.1544,6.1544,6.1544,6.1544,6.1544,6.1544,6.1544,6.1544,6.1544,6.1544,6.1544,6.1544,6.1544,6.1544,6.1544,6.1544,6.1544,6.1544,6.1544,6.1544,6.1544,6.1544,6.1544,6.1544,6.1544,6.1544,6.1544,6.1544,6.1544,6.1544,6.1544,6.1544,6.1544,6.1544,6.1544,6.1544,6.1544,6.1544,6.1544,6.1544,6.1544,6.1544,6.1544,6.1544,6.1544,6.1544,6.1544,6.1544,6.1544,6.1544,6.1544,6.1544,6.1544,6.1544,6.1544,6.1544,6.1544,6.1544,6.1544,6.1544,6.1544,6.1544,6.1544,6.1544,6.1544,6.1544,6.1544,6.1544,6.1544,6.1544,6.1544,6.1544,6.1544,6.1544,6.1544,6.1544,6.1544,6.1544,6.1544,6.1544,6.1544,6.1544,6.1544,6.1544,6.1544,6.1544,6.1544,6.1544,6.1544,6.1544,6.1544,6.1544,6.1544,6.1544,6.1544,6.1544,6.1544,6.1544,6.1544,6.1544,6.1544,6.1544,6.1544,6.1544,6.1544,6.1544,6.1544,6.1544,6.1544,6.1544,6.1544,6.1544,6.1544,6.1544,6.1544,6.1544,6.1544,6.1544,6.1544,6.1544,6.1544,6.1544,6.1544,6.1544,6.1544,6.1544,6.1544,6.1544,6.1544,6.1544,6.1544,6.1544,6.1544,6.1544,6.1544,6.1544,6.1544,6.1544,6.1544,6.1544,6.1544,6.1544,6.1544,6.1544,6.1544,6.1544,6.1544,6.1544,6.1544,6.1544,6.1544,6.1544,6.1544,6.1544,6.1544,6.1544,6.1544,6.1544,6.1544,6.1544,6.1544,6.1544,6.1544,6.1544,6.1544,6.1544,6.1544,6.1544,6.1544,6.1544,6.1544,6.1544,6.1544,6.1544,6.1544,6.1544,6.1544,6.1544,6.1544,6.1544,6.1544,6.1544,6.1544,6.1544,6.1544,6.1544,6.1544,6.1544,6.1544,6.1544,6.1544,6.1544,6.1544,6.1544,6.1544,6.1544,6.1544,6.1544,6.1544,6.1544,6.1544,6.1544,6.1544,6.1544,6.1544,6.1544,6.1544,6.1544,6.1544,6.1544,6.1544,6.1544,6.1544,6.1544,6.1544,6.1544,6.1544,6.1544,6.1544,6.1544,6.1544,6.1544,6.1544,6.1544,6.1544,6.1544,6.1544,6.1544,6.1544,6.1544,6.1544,6.1544,6.1544,6.1544,6.1544,6.1544,6.1544,6.1544,6.1544,6.1544,6.1544,6.1544,6.1544,6.1544,6.1544,6.1544,6.1544,6.1544,6.1544,6.1544,6.1544,6.1544,6.1544,6.1544,6.1544,6.1544,6.1544,6.1544,6.1544,6.1544,6.1544,6.1544,6.1544,6.1544,6.1544,6.1544,6.1544,6.1544,6.1544,6.1544,6.1544,6.1544,6.1544,6.1544,6.1544,6.1544,6.1544,6.1544,6.1544,6.1544,6.1544,6.1544,6.1544,6.1544,6.1544,6.1544,6.1544,6.1544,6.1544,6.1544,6.1544,6.1544,6.1544,6.1544,6.1544,6.1544,6.1544,6.1544,6.1544,6.1544,6.1544,6.1544,6.1544,6.1544,6.1544,6.1544,6.1544,6.1544,6.1544,6.1544,6.1544,6.1544,6.1544,6.1544,6.1544,6.1544,6.1544,6.1544,6.1544,6.1544,6.1544,6.1544,6.1544,6.1544,6.1544,6.1544,6.1544,6.1544,6.1544,6.1544,6.1544,6.1544,6.1544,6.1544,6.1544,6.1544,6.1544,6.1544,6.1544,6.1544,6.1544,6.1544,6.1544,6.1544,6.1544,6.1544,6.1544,6.1544,6.1544,6.1544,6.1544,6.1544,6.1544,6.1544,6.1544,6.1544,6.1544,6.1544,6.1544,6.1544,6.1544,6.1544,6.1544,6.1544,6.1544,6.1544,6.1544,6.1544,6.1544,6.1544,6.1544,6.1544,6.1544,6.1544,6.1544,6.1544,6.1544,6.1544,6.1544,6.1544,6.1544,6.1544,6.1544,6.1544,6.1544,6.1544,6.1544,6.1544,6.1544,6.1544,6.1544,6.1544,6.1544,6.1544,6.1544,6.1544,6.1544,6.1544,6.1544,6.1544,6.1544,6.1544,6.1544,6.1544,6.1544,6.1544,6.1544,6.1544,6.1544,6.1544,6.1544,6.1544,6.1544,6.1544,6.1544,6.1544,6.1544,6.1544,6.1544,6.1544,6.1544,6.1544,6.1544,6.1544,6.1544,6.1544,6.1544,6.1544,6.1544,6.1544,6.1544,6.1544,6.1544,6.1544,6.1544,6.1544,6.1544,6.1544,6.1544,6.1544,6.1544,6.1544,6.1544,6.1544,6.1544,6.1544,6.1544,6.1544,6.1544,6.1544,6.1544,6.1544,6.1544,6.1544,6.1544,6.1544,6.1544,6.1544,6.1544,6.1544,6.1544,6.1544,6.1544,6.1544,6.1544,6.1544,6.1544,6.1544,6.1544,6.1544,6.1544,6.1544,6.1544,6.1544,6.1544,6.1544,6.1544,6.1544,6.1544,6.1544,6.1544,6.1544,6.1544,6.1544,6.1544,6.1544,6.1544,6.1544,6.1544,6.1544,6.1544,6.1544,6.1544,6.1544,6.1544,6.1544,6.1544,6.1544,6.1544,6.1544,6.1544,6.1544,6.1544,6.1544,6.1544,6.1544,6.1544,6.1544,6.1544,6.1544,6.1544,6.1544,6.1544,6.1544,6.1544,6.1544,6.1544,6.1544,6.1544,6.1544,6.1544,6.1544,6.1544,6.1544,6.1544,6.1544,6.1544,6.1544,6.1544,6.1544,6.1544,6.1544,6.1544,6.1544,6.1544,6.1544,6.1544,6.1544,6.1544,6.1544,6.1544,6.1544,6.1544,6.1544,6.1544,6.1544,6.1544,6.1544,6.1544,6.1544,6.1544,6.1544,6.1544,6.1544,6.1544,6.1544,6.1544,6.1544,6.1544,6.1544,6.1544,6.1544,6.1544,6.1544,6.1544,6.1544,6.1544,6.1544,6.1544,6.1544,6.1544,6.1544,6.1544,6.1544,6.1544,6.1544,6.1544,6.1544,6.1544,6.1544,6.1544,6.1544,6.1544,6.1544,6.1544,6.1544,6.1544,6.1544,6.1544,6.1544,6.1544,6.1544,6.1544,6.1544,6.1544,6.1544,6.1544,6.1544,6.1544,6.1544,6.1544,6.1544,6.1544,6.1544,6.1544,6.1544,6.1544,6.1544,6.1544,6.1544,6.1544,6.1544,6.1544,6.1544,6.1544,6.1544,6.1544,6.1544,6.1544,6.1544,6.1544,6.1544,6.1544,6.1544,6.1544,6.1544,6.1544,6.1544,6.1544,6.1544,6.1544,6.1544,6.1544,6.1544,6.1544,6.1544,6.1544,6.1544,6.1544,6.1544,6.1544,6.1544,6.1544,6.1544,6.1544,6.1544,6.1544,6.1544,6.1544,6.1544,6.1544,6.1544,6.1544,6.1544,6.1544,6.1544,6.1544,6.1544,6.1544,6.1544,6.1544,6.1544,6.1544,6.1544,6.1544,6.1544,6.1544,6.1544,6.1544,6.1544,6.1544,6.1544,6.1544,6.1544,6.1544,6.1544,6.1544,6.1544,6.1544,6.1544,6.1544,6.1544,6.1544,6.1544,6.1544,6.1544,6.1544,6.1544,6.1544,6.1544,6.1544,6.1544,6.1544,6.1544,6.1544,6.1544,6.1544,6.1544,6.1544,6.1544,6.1544,6.1544,6.1544,6.1544,6.1544,6.1544,6.1544,6.1544,6.1544,6.1544,6.1544,6.1544,6.1544,6.1544,6.1544,6.1544,6.1544,6.1544,6.1544,6.1544,6.1544,6.1544,6.1544,6.1544,6.1544,6.1544,6.1544,6.1544,6.1544,6.1544,6.1544,6.1544,6.1544,6.1544,6.1544,6.1544,6.1544,6.1544,6.1544,6.1544,6.1544,6.1544,6.1544,6.1544,6.1544,6.1544,6.1544,6.1544,6.1544,6.1544,6.1544,6.1544,6.1544,6.1544,6.1544,6.1544,6.1544,6.1544,6.1544,6.1544,6.1544,6.1544,6.1544,6.1544,6.1544,6.1544,6.1544,6.1544,6.1544,6.1544,6.1544,6.1544,6.1544,6.1544,6.1544,6.1544,6.1544,6.1544,6.1544,6.1544,6.1544,6.1544,6.1544,6.1544,6.1544,6.1544,6.1544,6.1544,6.1544,6.1544,6.1544,6.1544,6.1544,6.1544,6.1544,6.1544,6.1544,6.1544,6.1544,6.1544,6.1544,6.1544,6.1544,6.1544,6.1544,6.1544,6.1544,6.1544,6.1544,6.1544,6.1544,6.1544,6.1544,6.1544,6.1544,6.1544,6.1544,6.1544,6.1544,6.1544,6.1544,6.1544,6.1544,6.1544,6.1544,6.1544,6.1544,6.1544,6.1544,6.1544,6.1544,6.1544,6.1544,6.1544,6.1544,6.1544,6.1544,6.1544,6.1544,6.1544,6.1544,6.1544,6.1544,6.1544,6.1544,6.1544,6.1544,6.1544,6.1544,6.1544,6.1544,6.1544,6.1544,6.1544,6.1544,6.1544,6.1544,6.1544,6.1544,6.1544,6.1544,6.1544
6.1503,6.1503,6.1503,6.1503,6.1503,6.1503,6.1503,6.1503,6.1503,6.1503,6.1503,6.1503,6.1503,6.1503,6.1503,6.1503,6.1503,6.1503,6.1503,6.1503,6.1503,6.1503,6.1503,6.1503,6.1503,6.1503,6.1503,6.1503,6.1503,6.1503,6.1503,6.1503,6.1503,6.1503,6.1503,6.1503,6.1503,6.1503,6.1503,6.1503,6.1503,6.1503,6.1503,6.1503,6.1503,6.1503,6.1503,6.1503,6.1503,6.1503,6.1503,6.1503,6.1503,6.1503,6.1503,6.1503,6.1503,6.1503,6.1503,6.1503,6.1503,6.1503,6.1503,6.1503,6.1503,6.1503,6.1503,6.1503,6.1503,6.1503,6.1503,6.1503,6.1503,6.1503,6.1503,6.1503,6.1503,6.1503,6.1503,6.1503,6.1503,6.1503,6.1503,6.1503,6.1503,6.1503,6.1503,6.1503,6.1503,6.1503,6.1503,6.1503,6.1503,6.1503,6.1503,6.1503,6.1503,6.1503,6.1503,6.1503,6.1503,6.1503,6.1503,6.1503,6.1503,6.1503,6.1503,6.1503,6.1503,6.1503,6.1503,6.1503,6.1503,6.1503,6.1503,6.1503,6.1503,6.1503,6.1503,6.1503,6.1503,6.1503,6.1503,6.1503,6.1503,6.1503,6.1503,6.1503,6.1503,6.1503,6.1503,6.1503,6.1503,6.1503,6.1503,6.1503,6.1503,6.1503,6.1503,6.1503,6.1503,6.1503,6.1503,6.1503,6.1503,6.1503,6.1503,6.1503,6.1503,6.1503,6.1503,6.1503,6.1503,6.1503,6.1503,6.1503,6.1503,6.1503,6.1503,6.1503,6.1503,6.1503,6.1503,6.1503,6.1503,6.1503,6.1503,6.1503,6.1503,6.1503,6.1503,6.1503,6.1503,6.1503,6.1503,6.1503,6.1503,6.1503,6.1503,6.1503,6.1503,6.1503,6.1503,6.1503,6.1503,6.1503,6.1503,6.1503,6.1503,6.1503,6.1503,6.1503,6.1503,6.1503,6.1503,6.1503,6.1503,6.1503,6.1503,6.1503,6.1503,6.1503,6.1503,6.1503,6.1503,6.1503,6.1503,6.1503,6.1503,6.1503,6.1503,6.1503,6.1503,6.1503,6.1503,6.1503,6.1503,6.1503,6.1503,6.1503,6.1503,6.1503,6.1503,6.1503,6.1503,6.1503,6.1503,6.1503,6.1503,6.1503,6.1503,6.1503,6.1503,6.1503,6.1503,6.1503,6.1503,6.1503,6.1503,6.1503,6.1503,6.1503,6.1503,6.1503,6.1503,6.1503,6.1503,6.1503,6.1503,6.1503,6.1503,6.1503,6.1503,6.1503,6.1503,6.1503,6.1503,6.1503,6.1503,6.1503,6.1503,6.1503,6.1503,6.1503,6.1503,6.1503,6.1503,6.1503,6.1503,6.1503,6.1503,6.1503,6.1503,6.1503,6.1503,6.1503,6.1503,6.1503,6.1503,6.1503,6.1503,6.1503,6.1503,6.1503,6.1503,6.1503,6.1503,6.1503,6.1503,6.1503,6.1503,6.1503,6.1503,6.1503,6.1503,6.1503,6.1503,6.1503,6.1503,6.1503,6.1503,6.1503,6.1503,6.1503,6.1503,6.1503,6.1503,6.1503,6.1503,6.1503,6.1503,6.1503,6.1503,6.1503,6.1503,6.1503,6.1503,6.1503,6.1503,6.1503,6.1503,6.1503,6.1503,6.1503,6.1503,6.1503,6.1503,6.1503,6.1503,6.1503,6.1503,6.1503,6.1503,6.1503,6.1503,6.1503,6.1503,6.1503,6.1503,6.1503,6.1503,6.1503,6.1503,6.1503,6.1503,6.1503,6.1503,6.1503,6.1503,6.1503,6.1503,6.1503,6.1503,6.1503,6.1503,6.1503,6.1503,6.1503,6.1503,6.1503,6.1503,6.1503,6.1503,6.1503,6.1503,6.1503,6.1503,6.1503,6.1503,6.1503,6.1503,6.1503,6.1503,6.1503,6.1503,6.1503,6.1503,6.1503,6.1503,6.1503,6.1503,6.1503,6.1503,6.1503,6.1503,6.1503,6.1503,6.1503,6.1503,6.1503,6.1503,6.1503,6.1503,6.1503,6.1503,6.1503,6.1503,6.1503,6.1503,6.1503,6.1503,6.1503,6.1503,6.1503,6.1503,6.1503,6.1503,6.1503,6.1503,6.1503,6.1503,6.1503,6.1503,6.1503,6.1503,6.1503,6.1503,6.1503,6.1503,6.1503,6.1503,6.1503,6.1503,6.1503,6.1503,6.1503,6.1503,6.1503,6.1503,6.1503,6.1503,6.1503,6.1503,6.1503,6.1503,6.1503,6.1503,6.1503,6.1503,6.1503,6.1503,6.1503,6.1503,6.1503,6.1503,6.1503,6.1503,6.1503,6.1503,6.1503,6.1503,6.1503,6.1503,6.1503,6.1503,6.1503,6.1503,6.1503,6.1503,6.1503,6.1503,6.1503,6.1503,6.1503,6.1503,6.1503,6.1503,6.1503,6.1503,6.1503,6.1503,6.1503,6.1503,6.1503,6.1503,6.1503,6.1503,6.1503,6.1503,6.1503,6.1503,6.1503,6.1503,6.1503,6.1503,6.1503,6.1503,6.1503,6.1503,6.1503,6.1503,6.1503,6.1503,6.1503,6.1503,6.1503,6.1503,6.1503,6.1503,6.1503,6.1503,6.1503,6.1503,6.1503,6.1503,6.1503,6.1503,6.1503,6.1503,6.1503,6.1503,6.1503,6.1503,6.1503,6.1503,6.1503,6.1503,6.1503,6.1503,6.1503,6.1503,6.1503,6.1503,6.1503,6.1503,6.1503,6.1503,6.1503,6.1503,6.1503,6.1503,6.1503,6.1503,6.1503,6.1503,6.1503,6.1503,6.1503,6.1503,6.1503,6.1503,6.1503,6.1503,6.1503,6.1503,6.1503,6.1503,6.1503,6.1503,6.1503,6.1503,6.1503,6.1503,6.1503,6.1503,6.1503,6.1503,6.1503,6.1503,6.1503,6.1503,6.1503,6.1503,6.1503,6.1503,6.1503,6.1503,6.1503,6.1503,6.1503,6.1503,6.1503,6.1503,6.1503,6.1503,6.1503,6.1503,6.1503,6.1503,6.1503,6.1503,6.1503,6.1503,6.1503,6.1503,6.1503,6.1503,6.1503,6.1503,6.1503,6.1503,6.1503,6.1503,6.1503,6.1503,6.1503,6.1503,6.1503,6.1503,6.1503,6.1503,6.1503,6.1503,6.1503,6.1503,6.1503,6.1503,6.1503,6.1503,6.1503,6.1503,6.1503,6.1503,6.1503,6.1503,6.1503,6.1503,6.1503,6.1503,6.1503,6.1503,6.1503,6.1503,6.1503,6.1503,6.1503,6.1503,6.1503,6.1503,6.1503,6.1503,6.1503,6.1503,6.1503,6.1503,6.1503,6.1503,6.1503,6.1503,6.1503,6.1503,6.1503,6.1503,6.1503,6.1503,6.1503,6.1503,6.1503,6.1503,6.1503,6.1503,6.1503,6.1503,6.1503,6.1503,6.1503,6.1503,6.1503,6.1503,6.1503,6.1503,6.1503,6.1503,6.1503,6.1503,6.1503,6.1503,6.1503,6.1503,6.1503,6.1503,6.1503,6.1503,6.1503,6.1503,6.1503,6.1503,6.1503,6.1503,6.1503,6.1503,6.1503,6.1503,6.1503,6.1503,6.1503,6.1503,6.1503,6.1503,6.1503,6.1503,6.1503,6.1503,6.1503,6.1503,6.1503,6.1503,6.1503,6.1503,6.1503,6.1503,6.1503,6.1503,6.1503,6.1503,6.1503,6.1503,6.1503,6.1503,6.1503,6.1503,6.1503,6.1503,6.1503,6.1503,6.1503,6.1503,6.1503,6.1503,6.1503,6.1503,6.1503,6.1503,6.1503,6.1503,6.1503,6.1503,6.1503,6.1503,6.1503,6.1503,6.1503,6.1503,6.1503,6.1503,6.1503,6.1503,6.1503,6.1503,6.1503,6.1503,6.1503,6.1503,6.1503,6.1503,6.1503,6.1503,6.1503,6.1503,6.1503,6.1503,6.1503,6.1503,6.1503,6.1503,6.1503,6.1503,6.1503,6.1503,6.1503,6.1503,6.1503,6.1503,6.1503,6.1503,6.1503,6.1503,6.1503,6.1503,6.1503,6.1503,6.1503,6.1503,6.1503,6.1503,6.1503,6.1503,6.1503,6.1503,6.1503,6.1503,6.1503,6.1503,6.1503,6.1503,6.1503,6.1503,6.1503,6.1503,6.1503,6.1503,6.1503,6.1503,6.1503,6.1503,6.1503,6.1503,6.1503,6.1503,6.1503,6.1503,6.1503,6.1503,6.1503,6.1503,6.1503,6.1503,6.1503,6.1503,6.1503,6.1503,6.1503,6.1503,6.1503,6.1503,6.1503,6.1503,6.1503,6.1503,6.1503,6.1503,6.1503,6.1503,6.1503,6.1503,6.1503,6.1503,6.1503,6.1503,6.1503,6.1503,6.1503,6.1503,6.1503,6.1503,6.1503,6.1503,6.1503,6.1503,6.1503,6.1503,6.1503,6.1503,6.1503,6.1503,6.1503,6.1503,6.1503,6.1503,6.1503,6.1503,6.1503,6.1503,6.1503,6.1503,6.1503,6.1503,6.1503,6.1503,6.1503,6.1503,6.1503,6.1503,6.1503,6.1503,6.1503,6.1503,6.1503,6.1503,6.1503,6.1503,6.1503,6.1503,6.1503,6.1503,6.1503,6.1503,6.1503,6.1503,6.1503,6.1503,6.1503,6.1503,6.1503,6.1503,6.1503,6.1503,6.1503,6.1503,6.1503,6.1503,6.1503,6.1503,6.1503,6.1503,6.1503,6.1503,6.1503,6.1503,6.1503,6.1503,6.1503,6.1503,6.1503,6.1503,6.1503,6.1503,6.1503,6.1503,6.1503,6.1503,6.1503,6.1503,6.1503,6.1503,6.1503,6.1503,6.1503,6.1503,6.1503,6.1503,6.1503,6.1503,6.1503,6.1503,6.1503,6.1503,6.1503,6.1503,6.1503,6.1503,6.1503,6.1503,6.1503,6.1503,6.1503,6.1503,6.1503,6.1503,6.1503,6.1503,6.1503,6.1503,6.1503,6.1503,6.1503,6.1503,6.1503,6.1503,6.1503,6.1503,6.1503,6.1503,6.1503,6.1503,6.1503,6.1503,6.1503,6.1503,6.1503
6.1460,6.1460,6.1460,6.1460,6.1460,6.1460,6.1460,6.1460,6.1460,6.1460,6.1460,6.1460,6.1460,6.1460,6.1460,6.1460,6.1460,6.1460,6.1460,6.1460,6.1460,6.1460,6.1460,6.1460,6.1460,6.1460,6.1460,6.1460,6.1460,6.1460,6.1460,6.1460,6.1460,6.1460,6.1460,6.1460,6.1460,6.1460,6.1460,6.1460,6.1460,6.1460,6.1460,6.1460,6.1460,6.1460,6.1460,6.1460,6.1460,6.1460,6.1460,6.1460,6.1460,6.1460,6.1460,6.1460,6.1460,6.1460,6.1460,6.1460,6.1460,6.1460,6.1460,6.1460,6.1460,6.1460,6.1460,6.1460,6.1460,6.1460,6.1460,6.1460,6.1460,6.1460,6.1460,6.1460,6.1460,6.1460,6.1460,6.1460,6.1460,6.1460,6.1460,6.1460,6.1460,6.1460,6.1460,6.1460,6.1460,6.1460,6.1460,6.1460,6.1460,6.1460,6.1460,6.1460,6.1460,6.1460,6.1460,6.1460,6.1460,6.1460,6.1460,6.1460,6.1460,6.1460,6.1460,6.1460,6.1460,6.1460,6.1460,6.1460,6.1460,6.1460,6.1460,6.1460,6.1460,6.1460,6.1460,6.1460,6.1460,6.1460,6.1460,6.1460,6.1460,6.1460,6.1460,6.1460,6.1460,6.1460,6.1460,6.1460,6.1460,6.1460,6.1460,6.1460,6.1460,6.1460,6.1460,6.1460,6.1460,6.1460,6.1460,6.1460,6.1460,6.1460,6.1460,6.1460,6.1460,6.1460,6.1460,6.1460,6.1460,6.1460,6.1460,6.1460,6.1460,6.1460,6.1460,6.1460,6.1460,6.1460,6.1460,6.1460,6.1460,6.1460,6.1460,6.1460,6.1460,6.1460,6.1460,6.1460,6.1460,6.1460,6.1460,6.1460,6.1460,6.1460,6.1460,6.1460,6.1460,6.1460,6.1460,6.1460,6.1460,6.1460,6.1460,6.1460,6.1460,6.1460,6.1460,6.1460,6.1460,6.1460,6.1460,6.1460,6.1460,6.1460,6.1460,6.1460,6.1460,6.1460,6.1460,6.1460,6.1460,6.1460,6.1460,6.1460,6.1460,6.1460,6.1460,6.1460,6.1460,6.1460,6.1460,6.1460,6.1460,6.1460,6.1460,6.1460,6.1460,6.1460,6.1460,6.1460,6.1460,6.1460,6.1460,6.1460,6.1460,6.1460,6.1460,6.1460,6.1460,6.1460,6.1460,6.1460,6.1460,6.1460,6.1460,6.1460,6.1460,6.1460,6.1460,6.1460,6.1460,6.1460,6.1460,6.1460,6.1460,6.1460,6.1460,6.1460,6.1460,6.1460,6.1460,6.1460,6.1460,6.1460,6.1460,6.1460,6.1460,6.1460,6.1460,6.1460,6.1460,6.1460,6.1460,6.1460,6.1460,6.1460,6.1460,6.1460,6.1460,6.1460,6.1460,6.1460,6.1460,6.1460,6.1460,6.1460,6.1460,6.1460,6.1460,6.1460,6.1460,6.1460,6.1460,6.1460,6.1460,6.1460,6.1460,6.1460,6.1460,6.1460,6.1460,6.1460,6.1460,6.1460,6.1460,6.1460,6.1460,6.1460,6.1460,6.1460,6.1460,6.1460,6.1460,6.1460,6.1460,6.1460,6.1460,6.1460,6.1460,6.1460,6.1460,6.1460,6.1460,6.1460,6.1460,6.1460,6.1460,6.1460,6.1460,6.1460,6.1460,6.1460,6.1460,6.1460,6.1460,6.1460,6.1460,6.1460,6.1460,6.1460,6.1460,6.1460,6.1460,6.1460,6.1460,6.1460,6.1460,6.1460,6.1460,6.1460,6.1460,6.1460,6.1460,6.1460,6.1460,6.1460,6.1460,6.1460,6.1460,6.1460,6.1460,6.1460,6.1460,6.1460,6.1460,6.1460,6.1460,6.1460,6.1460,6.1460,6.1460,6.1460,6.1460,6.1460,6.1460,6.1460,6.1460,6.1460,6.1460,6.1460,6.1460,6.1460,6.1460,6.1460,6.1460,6.1460,6.1460,6.1460,6.1460,6.1460,6.1460,6.1460,6.1460,6.1460,6.1460,6.1460,6.1460,6.1460,6.1460,6.1460,6.1460,6.1460,6.1460,6.1460,6.1460,6.1460,6.1460,6.1460,6.1460,6.1460,6.1460,6.1460,6.1460,6.1460,6.1460,6.1460,6.1460,6.1460,6.1460,6.1460,6.1460,6.1460,6.1460,6.1460,6.1460,6.1460,6.1460,6.1460,6.1460,6.1460,6.1460,6.1460,6.1460,6.1460,6.1460,6.1460,6.1460,6.1460,6.1460,6.1460,6.1460,6.1460,6.1460,6.1460,6.1460,6.1460,6.1460,6.1460,6.1460,6.1460,6.1460,6.1460,6.1460,6.1460,6.1460,6.1460,6.1460,6.1460,6.1460,6.1460,6.1460,6.1460,6.1460,6.1460,6.1460,6.1460,6.1460,6.1460,6.1460,6.1460,6.1460,6.1460,6.1460,6.1460,6.1460,6.1460,6.1460,6.1460,6.1460,6.1460,6.1460,6.1460,6.1460,6.1460,6.1460,6.1460,6.1460,6.1460,6.1460,6.1460,6.1460,6.1460,6.1460,6.1460,6.1460,6.1460,6.1460,6.1460,6.1460,6.1460,6.1460,6.1460,6.1460,6.1460,6.1460,6.1460,6.1460,6.1460,6.1460,6.1460,6.1460,6.1460,6.1460,6.1460,6.1460,6.1460,6.1460,6.1460,6.1460,6.1460,6.1460,6.1460,6.1460,6.1460,6.1460,6.1460,6.1460,6.1460,6.1460,6.1460,6.1460,6.1460,6.1460,6.1460,6.1460,6.1460,6.1460,6.1460,6.1460,6.1460,6.1460,6.1460,6.1460,6.1460,6.1460,6.1460,6.1460,6.1460,6.1460,6.1460,6.1460,6.1460,6.1460,6.1460,6.1460,6.1460,6.1460,6.1460,6.1460,6.1460,6.1460,6.1460,6.1460,6.1460,6.1460,6.1460,6.1460,6.1460,6.1460,6.1460,6.1460,6.1460,6.1460,6.1460,6.1460,6.1460,6.1460,6.1460,6.1460,6.1460,6.1460,6.1460,6.1460,6.1460,6.1460,6.1460,6.1460,6.1460,6.1460,6.1460,6.1460,6.1460,6.1460,6.1460,6.1460,6.1460,6.1460,6.1460,6.1460,6.1460,6.1460,6.1460,6.1460,6.1460,6.1460,6.1460,6.1460,6.1460,6.1460,6.1460,6.1460,6.1460,6.1460,6.1460,6.1460,6.1460,6.1460,6.1460,6.1460,6.1460,6.1460,6.1460,6.1460,6.1460,6.1460,6.1460,6.1460,6.1460,6.1460,6.1460,6.1460,6.1460,6.1460,6.1460,6.1460,6.1460,6.1460,6.1460,6.1460,6.1460,6.1460,6.1460,6.1460,6.1460,6.1460,6.1460,6.1460,6.1460,6.1460,6.1460,6.1460,6.1460,6.1460,6.1460,6.1460,6.1460,6.1460,6.1460,6.1460,6.1460,6.1460,6.1460,6.1460,6.1460,6.1460,6.1460,6.1460,6.1460,6.1460,6.1460,6.1460,6.1460,6.1460,6.1460,6.1460,6.1460,6.1460,6.1460,6.1460,6.1460,6.1460,6.1460,6.1460,6.1460,6.1460,6.1460,6.1460,6.1460,6.1460,6.1460,6.1460,6.1460,6.1460,6.1460,6.1460,6.1460,6.1460,6.1460,6.1460,6.1460,6.1460,6.1460,6.1460,6.1460,6.1460,6.1460,6.1460,6.1460,6.1460,6.1460,6.1460,6.1460,6.1460,6.1460,6.1460,6.1460,6.1460,6.1460,6.1460,6.1460,6.1460,6.1460,6.1460,6.1460,6.1460,6.1460,6.1460,6.1460,6.1460,6.1460,6.1460,6.1460,6.1460,6.1460,6.1460,6.1460,6.1460,6.1460,6.1460,6.1460,6.1460,6.1460,6.1460,6.1460,6.1460,6.1460,6.1460,6.1460,6.1460,6.1460,6.1460,6.1460,6.1460,6.1460,6.1460,6.1460,6.1460,6.1460,6.1460,6.1460,6.1460,6.1460,6.1460,6.1460,6.1460,6.1460,6.1460,6.1460,6.1460,6.1460,6.1460,6.1460,6.1460,6.1460,6.1460,6.1460,6.1460,6.1460,6.1460,6.1460,6.1460,6.1460,6.1460,6.1460,6.1460,6.1460,6.1460,6.1460,6.1460,6.1460,6.1460,6.1460,6.1460,6.1460,6.1460,6.1460,6.1460,6.1460,6.1460,6.1460,6.1460,6.1460,6.1460,6.1460,6.1460,6.1460,6.1460,6.1460,6.1460,6.1460,6.1460,6.1460,6.1460,6.1460,6.1460,6.1460,6.1460,6.1460,6.1460,6.1460,6.1460,6.1460,6.1460,6.1460,6.1460,6.1460,6.1460,6.1460,6.1460,6.1460,6.1460,6.1460,6.1460,6.1460,6.1460,6.1460,6.1460,6.1460,6.1460,6.1460,6.1460,6.1460,6.1460,6.1460,6.1460,6.1460,6.1460,6.1460,6.1460,6.1460,6.1460,6.1460,6.1460,6.1460,6.1460,6.1460,6.1460,6.1460,6.1460,6.1460,6.1460,6.1460,6.1460,6.1460,6.1460,6.1460,6.1460,6.1460,6.1460,6.1460,6.1460,6.1460,6.1460,6.1460,6.1460,6.1460,6.1460,6.1460,6.1460,6.1460,6.1460,6.1460,6.1460,6.1460,6.1460,6.1460,6.1460,6.1460,6.1460,6.1460,6.1460,6.1460,6.1460,6.1460,6.1460,6.1460,6.1460,6.1460,6.1460,6.1460,6.1460,6.1460,6.1460,6.1460,6.1460,6.1460,6.1460,6.1460,6.1460,6.1460,6.1460,6.1460,6.1460,6.1460,6.1460,6.1460,6.1460,6.1460,6.1460,6.1460,6.1460,6.1460,6.1460,6.1460,6.1460,6.1460,6.1460,6.1460,6.1460,6.1460,6.1460,6.1460,6.1460,6.1460,6.1460,6.1460,6.1460,6.1460,6.1460,6.1460,6.1460,6.1460,6.1460,6.1460,6.1460,6.1460,6.1460,6.1460,6.1460,6.1460,6.1460,6.1460,6.1460,6.1460,6.1460,6.1460,6.1460,6.1460,6.1460,6.1460,6.1460,6.1460,6.1460,6.1460,6.1460,6.1460
6.1418,6.1418,6.1418,6.1418,6.1418,6.1418,6.1418,6.1418,6.1418,6.1418,6.1418,6.1418,6.1418,6.1418,6.1418,6.1418,6.1418,6.1418,6.1418,6.1418,6.1418,6.1418,6.1418,6.1418,6.1418,6.1418,6.1418,6.1418,6.1418,6.1418,6.1418,6.1418,6.1418,6.1418,6.1418,6.1418,6.1418,6.1418,6.1418,6.1418,6.1418,6.1418,6.1418,6.1418,6.1418,6.1418,6.1418,6.1418,6.1418,6.1418,6.1418,6.1418,6.1418,6.1418,6.1418,6.1418,6.1418,6.1418,6.1418,6.1418,6.1418,6.1418,6.1418,6.1418,6.1418,6.1418,6.1418,6.1418,6.1418,6.1418,6.1418,6.1418,6.1418,6.1418,6.1418,6.1418,6.1418,6.1418,6.1418,6.1418,6.1418,6.1418,6.1418,6.1418,6.1418,6.1418,6.1418,6.1418,6.1418,6.1418,6.1418,6.1418,6.1418,6.1418,6.1418,6.1418,6.1418,6.1418,6.1418,6.1418,6.1418,6.1418,6.1418,6.1418,6.1418,6.1418,6.1418,6.1418,6.1418,6.1418,6.1418,6.1418,6.1418,6.1418,6.1418,6.1418,6.1418,6.1418,6.1418,6.1418,6.1418,6.1418,6.1418,6.1418,6.1418,6.1418,6.1418,6.1418,6.1418,6.1418,6.1418,6.1418,6.1418,6.1418,6.1418,6.1418,6.1418,6.1418,6.1418,6.1418,6.1418,6.1418,6.1418,6.1418,6.1418,6.1418,6.1418,6.1418,6.1418,6.1418,6.1418,6.1418,6.1418,6.1418,6.1418,6.1418,6.1418,6.1418,6.1418,6.1418,6.1418,6.1418,6.1418,6.1418,6.1418,6.1418,6.1418,6.1418,6.1418,6.1418,6.1418,6.1418,6.1418,6.1418,6.1418,6.1418,6.1418,6.1418,6.1418,6.1418,6.1418,6.1418,6.1418,6.1418,6.1418,6.1418,6.1418,6.1418,6.1418,6.1418,6.1418,6.1418,6.1418,6.1418,6.1418,6.1418,6.1418,6.1418,6.1418,6.1418,6.1418,6.1418,6.1418,6.1418,6.1418,6.1418,6.1418,6.1418,6.1418,6.1418,6.1418,6.1418,6.1418,6.1418,6.1418,6.1418,6.1418,6.1418,6.1418,6.1418,6.1418,6.1418,6.1418,6.1418,6.1418,6.1418,6.1418,6.1418,6.1418,6.1418,6.1418,6.1418,6.1418,6.1418,6.1418,6.1418,6.1418,6.1418,6.1418,6.1418,6.1418,6.1418,6.1418,6.1418,6.1418,6.1418,6.1418,6.1418,6.1418,6.1418,6.1418,6.1418,6.1418,6.1418,6.1418,6.1418,6.1418,6.1418,6.1418,6.1418,6.1418,6.1418,6.1418,6.1418,6.1418,6.1418,6.1418,6.1418,6.1418,6.1418,6.1418,6.1418,6.1418,6.1418,6.1418,6.1418,6.1418,6.1418,6.1418,6.1418,6.1418,6.1418,6.1418,6.1418,6.1418,6.1418,6.1418,6.1418,6.1418,6.1418,6.1418,6.1418,6.1418,6.1418,6.1418,6.1418,6.1418,6.1418,6.1418,6.1418,6.1418,6.1418,6.1418,6.1418,6.1418,6.1418,6.1418,6.1418,6.1418,6.1418,6.1418,6.1418,6.1418,6.1418,6.1418,6.1418,6.1418,6.1418,6.1418,6.1418,6.1418,6.1418,6.1418,6.1418,6.1418,6.1418,6.1418,6.1418,6.1418,6.1418,6.1418,6.1418,6.1418,6.1418,6.1418,6.1418,6.1418,6.1418,6.1418,6.1418,6.1418,6.1418,6.1418,6.1418,6.1418,6.1418,6.1418,6.1418,6.1418,6.1418,6.1418,6.1418,6.1418,6.1418,6.1418,6.1418,6.1418,6.1418,6.1418,6.1418,6.1418,6.1418,6.1418,6.1418,6.1418,6.1418,6.1418,6.1418,6.1418,6.1418,6.1418,6.1418,6.1418,6.1418,6.1418,6.1418,6.1418,6.1418,6.1418,6.1418,6.1418,6.1418,6.1418,6.1418,6.1418,6.1418,6.1418,6.1418,6.1418,6.1418,6.1418,6.1418,6.1418,6.1418,6.1418,6.1418,6.1418,6.1418,6.1418,6.1418,6.1418,6.1418,6.1418,6.1418,6.1418,6.1418,6.1418,6.1418,6.1418,6.1418,6.1418,6.1418,6.1418,6.1418,6.1418,6.1418,6.1418,6.1418,6.1418,6.1418,6.1418,6.1418,6.1418,6.1418,6.1418,6.1418,6.1418,6.1418,6.1418,6.1418,6.1418,6.1418,6.1418,6.1418,6.1418,6.1418,6.1418,6.1418,6.1418,6.1418,6.1418,6.1418,6.1418,6.1418,6.1418,6.1418,6.1418,6.1418,6.1418,6.1418,6.1418,6.1418,6.1418,6.1418,6.1418,6.1418,6.1418,6.1418,6.1418,6.1418,6.1418,6.1418,6.1418,6.1418,6.1418,6.1418,6.1418,6.1418,6.1418,6.1418,6.1418,6.1418,6.1418,6.1418,6.1418,6.1418,6.1418,6.1418,6.1418,6.1418,6.1418,6.1418,6.1418,6.1418,6.1418,6.1418,6.1418,6.1418,6.1418,6.1418,6.1418,6.1418,6.1418,6.1418,6.1418,6.1418,6.1418,6.1418,6.1418,6.1418,6.1418,6.1418,6.1418,6.1418,6.1418,6.1418,6.1418,6.1418,6.1418,6.1418,6.1418,6.1418,6.1418,6.1418,6.1418,6.1418,6.1418,6.1418,6.1418,6.1418,6.1418,6.1418,6.1418,6.1418,6.1418,6.1418,6.1418,6.1418,6.1418,6.1418,6.1418,6.1418,6.1418,6.1418,6.1418,6.1418,6.1418,6.1418,6.1418,6.1418,6.1418,6.1418,6.1418,6.1418,6.1418,6.1418,6.1418,6.1418,6.1418,6.1418,6.1418,6.1418,6.1418,6.1418,6.1418,6.1418,6.1418,6.1418,6.1418,6.1418,6.1418,6.1418,6.1418,6.1418,6.1418,6.1418,6.1418,6.1418,6.1418,6.1418,6.1418,6.1418,6.1418,6.1418,6.1418,6.1418,6.1418,6.1418,6.1418,6.1418,6.1418,6.1418,6.1418,6.1418,6.1418,6.1418,6.1418,6.1418,6.1418,6.1418,6.1418,6.1418,6.1418,6.1418,6.1418,6.1418,6.1418,6.1418,6.1418,6.1418,6.1418,6.1418,6.1418,6.1418,6.1418,6.1418,6.1418,6.1418,6.1418,6.1418,6.1418,6.1418,6.1418,6.1418,6.1418,6.1418,6.1418,6.1418,6.1418,6.1418,6.1418,6.1418,6.1418,6.1418,6.1418,6.1418,6.1418,6.1418,6.1418,6.1418,6.1418,6.1418,6.1418,6.1418,6.1418,6.1418,6.1418,6.1418,6.1418,6.1418,6.1418,6.1418,6.1418,6.1418,6.1418,6.1418,6.1418,6.1418,6.1418,6.1418,6.1418,6.1418,6.1418,6.1418,6.1418,6.1418,6.1418,6.1418,6.1418,6.1418,6.1418,6.1418,6.1418,6.1418,6.1418,6.1418,6.1418,6.1418,6.1418,6.1418,6.1418,6.1418,6.1418,6.1418,6.1418,6.1418,6.1418,6.1418,6.1418,6.1418,6.1418,6.1418,6.1418,6.1418,6.1418,6.1418,6.1418,6.1418,6.1418,6.1418,6.1418,6.1418,6.1418,6.1418,6.1418,6.1418,6.1418,6.1418,6.1418,6.1418,6.1418,6.1418,6.1418,6.1418,6.1418,6.1418,6.1418,6.1418,6.1418,6.1418,6.1418,6.1418,6.1418,6.1418,6.1418,6.1418,6.1418,6.1418,6.1418,6.1418,6.1418,6.1418,6.1418,6.1418,6.1418,6.1418,6.1418,6.1418,6.1418,6.1418,6.1418,6.1418,6.1418,6.1418,6.1418,6.1418,6.1418,6.1418,6.1418,6.1418,6.1418,6.1418,6.1418,6.1418,6.1418,6.1418,6.1418,6.1418,6.1418,6.1418,6.1418,6.1418,6.1418,6.1418,6.1418,6.1418,6.1418,6.1418,6.1418,6.1418,6.1418,6.1418,6.1418,6.1418,6.1418,6.1418,6.1418,6.1418,6.1418,6.1418,6.1418,6.1418,6.1418,6.1418,6.1418,6.1418,6.1418,6.1418,6.1418,6.1418,6.1418,6.1418,6.1418,6.1418,6.1418,6.1418,6.1418,6.1418,6.1418,6.1418,6.1418,6.1418,6.1418,6.1418,6.1418,6.1418,6.1418,6.1418,6.1418,6.1418,6.1418,6.1418,6.1418,6.1418,6.1418,6.1418,6.1418,6.1418,6.1418,6.1418,6.1418,6.1418,6.1418,6.1418,6.1418,6.1418,6.1418,6.1418,6.1418,6.1418,6.1418,6.1418,6.1418,6.1418,6.1418,6.1418,6.1418,6.1418,6.1418,6.1418,6.1418,6.1418,6.1418,6.1418,6.1418,6.1418,6.1418,6.1418,6.1418,6.1418,6.1418,6.1418,6.1418,6.1418,6.1418,6.1418,6.1418,6.1418,6.1418,6.1418,6.1418,6.1418,6.1418,6.1418,6.1418,6.1418,6.1418,6.1418,6.1418,6.1418,6.1418,6.1418,6.1418,6.1418,6.1418,6.1418,6.1418,6.1418,6.1418,6.1418,6.1418,6.1418,6.1418,6.1418,6.1418,6.1418,6.1418,6.1418,6.1418,6.1418,6.1418,6.1418,6.1418,6.1418,6.1418,6.1418,6.1418,6.1418,6.1418,6.1418,6.1418,6.1418,6.1418,6.1418,6.1418,6.1418,6.1418,6.1418,6.1418,6.1418,6.1418,6.1418,6.1418,6.1418,6.1418,6.1418,6.1418,6.1418,6.1418,6.1418,6.1418,6.1418,6.1418,6.1418,6.1418,6.1418,6.1418,6.1418,6.1418,6.1418,6.1418,6.1418,6.1418,6.1418,6.1418,6.1418,6.1418,6.1418,6.1418,6.1418,6.1418,6.1418,6.1418,6.1418,6.1418,6.1418,6.1418,6.1418,6.1418,6.1418,6.1418,6.1418,6.1418,6.1418,6.1418,6.1418,6.1418,6.1418,6.1418,6.1418,6.1418,6.1418,6.1418,6.1418,6.1418,6.1418,6.1418,6.1418,6.1418,6.1418
6.1375,6.1375,6.1375,6.1375,6.1375,6.1375,6.1375,6.1375,6.1375,6.1375,6.1375,6.1375,6.1375,6.1375,6.1375,6.1375,6.1375,6.1375,6.1375,6.1375,6.1375,6.1375,6.1375,6.1375,6.1375,6.1375,6.1375,6.1375,6.1375,6.1375,6.1375,6.1375,6.1375,6.1375,6.1375,6.1375,6.1375,6.1375,6.1375,6.1375,6.1375,6.1375,6.1375,6.1375,6.1375,6.1375,6.1375,6.1375,6.1375,6.1375,6.1375,6.1375,6.1375,6.1375,6.1375,6.1375,6.1375,6.1375,6.1375,6.1375,6.1375,6.1375,6.1375,6.1375,6.1375,6.1375,6.1375,6.1375,6.1375,6.1375,6.1375,6.1375,6.1375,6.1375,6.1375,6.1375,6.1375,6.1375,6.1375,6.1375,6.1375,6.1375,6.1375,6.1375,6.1375,6.1375,6.1375,6.1375,6.1375,6.1375,6.1375,6.1375,6.1375,6.1375,6.1375,6.1375,6.1375,6.1375,6.1375,6.1375,6.1375,6.1375,6.1375,6.1375,6.1375,6.1375,6.1375,6.1375,6.1375,6.1375,6.1375,6.1375,6.1375,6.1375,6.1375,6.1375,6.1375,6.1375,6.1375,6.1375,6.1375,6.1375,6.1375,6.1375,6.1375,6.1375,6.1375,6.1375,6.1375,6.1375,6.1375,6.1375,6.1375,6.1375,6.1375,6.1375,6.1375,6.1375,6.1375,6.1375,6.1375,6.1375,6.1375,6.1375,6.1375,6.1375,6.1375,6.1375,6.1375,6.1375,6.1375,6.1375,6.1375,6.1375,6.1375,6.1375,6.1375,6.1375,6.1375,6.1375,6.1375,6.1375,6.1375,6.1375,6.1375,6.1375,6.1375,6.1375,6.1375,6.1375,6.1375,6.1375,6.1375,6.1375,6.1375,6.1375,6.1375,6.1375,6.1375,6.1375,6.1375,6.1375,6.1375,6.1375,6.1375,6.1375,6.1375,6.1375,6.1375,6.1375,6.1375,6.1375,6.1375,6.1375,6.1375,6.1375,6.1375,6.1375,6.1375,6.1375,6.1375,6.1375,6.1375,6.1375,6.1375,6.1375,6.1375,6.1375,6.1375,6.1375,6.1375,6.1375,6.1375,6.1375,6.1375,6.1375,6.1375,6.1375,6.1375,6.1375,6.1375,6.1375,6.1375,6.1375,6.1375,6.1375,6.1375,6.1375,6.1375,6.1375,6.1375,6.1375,6.1375,6.1375,6.1375,6.1375,6.1375,6.1375,6.1375,6.1375,6.1375,6.1375,6.1375,6.1375,6.1375,6.1375,6.1375,6.1375,6.1375,6.1375,6.1375,6.1375,6.1375,6.1375,6.1375,6.1375,6.1375,6.1375,6.1375,6.1375,6.1375,6.1375,6.1375,6.1375,6.1375,6.1375,6.1375,6.1375,6.1375,6.1375,6.1375,6.1375,6.1375,6.1375,6.1375,6.1375,6.1375,6.1375,6.1375,6.1375,6.1375,6.1375,6.1375,6.1375,6.1375,6.1375,6.1375,6.1375,6.1375,6.1375,6.1375,6.1375,6.1375,6.1375,6.1375,6.1375,6.1375,6.1375,6.1375,6.1375,6.1375,6.1375,6.1375,6.1375,6.1375,6.1375,6.1375,6.1375,6.1375,6.1375,6.1375,6.1375,6.1375,6.1375,6.1375,6.1375,6.1375,6.1375,6.1375,6.1375,6.1375,6.1375,6.1375,6.1375,6.1375,6.1375,6.1375,6.1375,6.1375,6.1375,6.1375,6.1375,6.1375,6.1375,6.1375,6.1375,6.1375,6.1375,6.1375,6.1375,6.1375,6.1375,6.1375,6.1375,6.1375,6.1375,6.1375,6.1375,6.1375,6.1375,6.1375,6.1375,6.1375,6.1375,6.1375,6.1375,6.1375,6.1375,6.1375,6.1375,6.1375,6.1375,6.1375,6.1375,6.1375,6.1375,6.1375,6.1375,6.1375,6.1375,6.1375,6.1375,6.1375,6.1375,6.1375,6.1375,6.1375,6.1375,6.1375,6.1375,6.1375,6.1375,6.1375,6.1375,6.1375,6.1375,6.1375,6.1375,6.1375,6.1375,6.1375,6.1375,6.1375,6.1375,6.1375,6.1375,6.1375,6.1375,6.1375,6.1375,6.1375,6.1375,6.1375,6.1375,6.1375,6.1375,6.1375,6.1375,6.1375,6.1375,6.1375,6.1375,6.1375,6.1375,6.1375,6.1375,6.1375,6.1375,6.1375,6.1375,6.1375,6.1375,6.1375,6.1375,6.1375,6.1375,6.1375,6.1375,6.1375,6.1375,6.1375,6.1375,6.1375,6.1375,6.1375,6.1375,6.1375,6.1375,6.1375,6.1375,6.1375,6.1375,6.1375,6.1375,6.1375,6.1375,6.1375,6.1375,6.1375,6.1375,6.1375,6.1375,6.1375,6.1375,6.1375,6.1375,6.1375,6.1375,6.1375,6.1375,6.1375,6.1375,6.1375,6.1375,6.1375,6.1375,6.1375,6.1375,6.1375,6.1375,6.1375,6.1375,6.1375,6.1375,6.1375,6.1375,6.1375,6.1375,6.1375,6.1375,6.1375,6.1375,6.1375,6.1375,6.1375,6.1375,6.1375,6.1375,6.1375,6.1375,6.1375,6.1375,6.1375,6.1375,6.1375,6.1375,6.1375,6.1375,6.1375,6.1375,6.1375,6.1375,6.1375,6.1375,6.1375,6.1375,6.1375,6.1375,6.1375,6.1375,6.1375,6.1375,6.1375,6.1375,6.1375,6.1375,6.1375,6.1375,6.1375,6.1375,6.1375,6.1375,6.1375,6.1375,6.1375,6.1375,6.1375,6.1375,6.1375,6.1375,6.1375,6.1375,6.1375,6.1375,6.1375,6.1375,6.1375,6.1375,6.1375,6.1375,6.1375,6.1375,6.1375,6.1375,6.1375,6.1375,6.1375,6.1375,6.1375,6.1375,6.1375,6.1375,6.1375,6.1375,6.1375,6.1375,6.1375,6.1375,6.1375,6.1375,6.1375,6.1375,6.1375,6.1375,6.1375,6.1375,6.1375,6.1375,6.1375,6.1375,6.1375,6.1375,6.1375,6.1375,6.1375,6.1375,6.1375,6.1375,6.1375,6.1375,6.1375,6.1375,6.1375,6.1375,6.1375,6.1375,6.1375,6.1375,6.1375,6.1375,6.1375,6.1375,6.1375,6.1375,6.1375,6.1375,6.1375,6.1375,6.1375,6.1375,6.1375,6.1375,6.1375,6.1375,6.1375,6.1375,6.1375,6.1375,6.1375,6.1375,6.1375,6.1375,6.1375,6.1375,6.1375,6.1375,6.1375,6.1375,6.1375,6.1375,6.1375,6.1375,6.1375,6.1375,6.1375,6.1375,6.1375,6.1375,6.1375,6.1375,6.1375,6.1375,6.1375,6.1375,6.1375,6.1375,6.1375,6.1375,6.1375,6.1375,6.1375,6.1375,6.1375,6.1375,6.1375,6.1375,6.1375,6.1375,6.1375,6.1375,6.1375,6.1375,6.1375,6.1375,6.1375,6.1375,6.1375,6.1375,6.1375,6.1375,6.1375,6.1375,6.1375,6.1375,6.1375,6.1375,6.1375,6.1375,6.1375,6.1375,6.1375,6.1375,6.1375,6.1375,6.1375,6.1375,6.1375,6.1375,6.1375,6.1375,6.1375,6.1375,6.1375,6.1375,6.1375,6.1375,6.1375,6.1375,6.1375,6.1375,6.1375,6.1375,6.1375,6.1375,6.1375,6.1375,6.1375,6.1375,6.1375,6.1375,6.1375,6.1375,6.1375,6.1375,6.1375,6.1375,6.1375,6.1375,6.1375,6.1375,6.1375,6.1375,6.1375,6.1375,6.1375,6.1375,6.1375,6.1375,6.1375,6.1375,6.1375,6.1375,6.1375,6.1375,6.1375,6.1375,6.1375,6.1375,6.1375,6.1375,6.1375,6.1375,6.1375,6.1375,6.1375,6.1375,6.1375,6.1375,6.1375,6.1375,6.1375,6.1375,6.1375,6.1375,6.1375,6.1375,6.1375,6.1375,6.1375,6.1375,6.1375,6.1375,6.1375,6.1375,6.1375,6.1375,6.1375,6.1375,6.1375,6.1375,6.1375,6.1375,6.1375,6.1375,6.1375,6.1375,6.1375,6.1375,6.1375,6.1375,6.1375,6.1375,6.1375,6.1375,6.1375,6.1375,6.1375,6.1375,6.1375,6.1375,6.1375,6.1375,6.1375,6.1375,6.1375,6.1375,6.1375,6.1375,6.1375,6.1375,6.1375,6.1375,6.1375,6.1375,6.1375,6.1375,6.1375,6.1375,6.1375,6.1375,6.1375,6.1375,6.1375,6.1375,6.1375,6.1375,6.1375,6.1375,6.1375,6.1375,6.1375,6.1375,6.1375,6.1375,6.1375,6.1375,6.1375,6.1375,6.1375,6.1375,6.1375,6.1375,6.1375,6.1375,6.1375,6.1375,6.1375,6.1375,6.1375,6.1375,6.1375,6.1375,6.1375,6.1375,6.1375,6.1375,6.1375,6.1375,6.1375,6.1375,6.1375,6.1375,6.1375,6.1375,6.1375,6.1375,6.1375,6.1375,6.1375,6.1375,6.1375,6.1375,6.1375,6.1375,6.1375,6.1375,6.1375,6.1375,6.1375,6.1375,6.1375,6.1375,6.1375,6.1375,6.1375,6.1375,6.1375,6.1375,6.1375,6.1375,6.1375,6.1375,6.1375,6.1375,6.1375,6.1375,6.1375,6.1375,6.1375,6.1375,6.1375,6.1375,6.1375,6.1375,6.1375,6.1375,6.1375,6.1375,6.1375,6.1375,6.1375,6.1375,6.1375,6.1375,6.1375,6.1375,6.1375,6.1375,6.1375,6.1375,6.1375,6.1375,6.1375,6.1375,6.1375,6.1375,6.1375,6.1375,6.1375,6.1375,6.1375,6.1375,6.1375,6.1375,6.1375,6.1375,6.1375,6.1375,6.1375,6.1375,6.1375,6.1375,6.1375,6.1375,6.1375,6.1375,6.1375,6.1375,6.1375,6.1375,6.1375,6.1375,6.1375,6.1375,6.1375,6.1375,6.1375,6.1375,6.1375,6.1375,6.1375,6.1375,6.1375,6.1375,6.1375,6.1375,6.1375,6.1375,6.1375,6.1375,6.1375,6.1375,6.1375,6.1375,6.1375,6.1375,6.1375,6.1375,6.1375,6.1375
6.1335,6.1335,6.1335,6.1335,6.1335,6.1335,6.1335,6.1335,6.1335,6.1335,6.1335,6.1335,6.1335,6.1335,6.1335,6.1335,6.1335,6.1335,6.1335,6.1335,6.1335,6.1335,6.1335,6.1335,6.1335,6.1335,6.1335,6.1335,6.1335,6.1335,6.1335,6.1335,6.1335,6.1335,6.1335,6.1335,6.1335,6.1335,6.1335,6.1335,6.1335,6.1335,6.1335,6.1335,6.1335,6.1335,6.1335,6.1335,6.1335,6.1335,6.1335,6.1335,6.1335,6.1335,6.1335,6.1335,6.1335,6.1335,6.1335,6.1335,6.1335,6.1335,6.1335,6.1335,6.1335,6.1335,6.1335,6.1335,6.1335,6.1335,6.1335,6.1335,6.1335,6.1335,6.1335,6.1335,6.1335,6.1335,6.1335,6.1335,6.1335,6.1335,6.1335,6.1335,6.1335,6.1335,6.1335,6.1335,6.1335,6.1335,6.1335,6.1335,6.1335,6.1335,6.1335,6.1335,6.1335,6.1335,6.1335,6.1335,6.1335,6.1335,6.1335,6.1335,6.1335,6.1335,6.1335,6.1335,6.1335,6.1335,6.1335,6.1335,6.1335,6.1335,6.1335,6.1335,6.1335,6.1335,6.1335,6.1335,6.1335,6.1335,6.1335,6.1335,6.1335,6.1335,6.1335,6.1335,6.1335,6.1335,6.1335,6.1335,6.1335,6.1335,6.1335,6.1335,6.1335,6.1335,6.1335,6.1335,6.1335,6.1335,6.1335,6.1335,6.1335,6.1335,6.1335,6.1335,6.1335,6.1335,6.1335,6.1335,6.1335,6.1335,6.1335,6.1335,6.1335,6.1335,6.1335,6.1335,6.1335,6.1335,6.1335,6.1335,6.1335,6.1335,6.1335,6.1335,6.1335,6.1335,6.1335,6.1335,6.1335,6.1335,6.1335,6.1335,6.1335,6.1335,6.1335,6.1335,6.1335,6.1335,6.1335,6.1335,6.1335,6.1335,6.1335,6.1335,6.1335,6.1335,6.1335,6.1335,6.1335,6.1335,6.1335,6.1335,6.1335,6.1335,6.1335,6.1335,6.1335,6.1335,6.1335,6.1335,6.1335,6.1335,6.1335,6.1335,6.1335,6.1335,6.1335,6.1335,6.1335,6.1335,6.1335,6.1335,6.1335,6.1335,6.1335,6.1335,6.1335,6.1335,6.1335,6.1335,6.1335,6.1335,6.1335,6.1335,6.1335,6.1335,6.1335,6.1335,6.1335,6.1335,6.1335,6.1335,6.1335,6.1335,6.1335,6.1335,6.1335,6.1335,6.1335,6.1335,6.1335,6.1335,6.1335,6.1335,6.1335,6.1335,6.1335,6.1335,6.1335,6.1335,6.1335,6.1335,6.1335,6.1335,6.1335,6.1335,6.1335,6.1335,6.1335,6.1335,6.1335,6.1335,6.1335,6.1335,6.1335,6.1335,6.1335,6.1335,6.1335,6.1335,6.1335,6.1335,6.1335,6.1335,6.1335,6.1335,6.1335,6.1335,6.1335,6.1335,6.1335,6.1335,6.1335,6.1335,6.1335,6.1335,6.1335,6.1335,6.1335,6.1335,6.1335,6.1335,6.1335,6.1335,6.1335,6.1335,6.1335,6.1335,6.1335,6.1335,6.1335,6.1335,6.1335,6.1335,6.1335,6.1335,6.1335,6.1335,6.1335,6.1335,6.1335,6.1335,6.1335,6.1335,6.1335,6.1335,6.1335,6.1335,6.1335,6.1335,6.1335,6.1335,6.1335,6.1335,6.1335,6.1335,6.1335,6.1335,6.1335,6.1335,6.1335,6.1335,6.1335,6.1335,6.1335,6.1335,6.1335,6.1335,6.1335,6.1335,6.1335,6.1335,6.1335,6.1335,6.1335,6.1335,6.1335,6.1335,6.1335,6.1335,6.1335,6.1335,6.1335,6.1335,6.1335,6.1335,6.1335,6.1335,6.1335,6.1335,6.1335,6.1335,6.1335,6.1335,6.1335,6.1335,6.1335,6.1335,6.1335,6.1335,6.1335,6.1335,6.1335,6.1335,6.1335,6.1335,6.1335,6.1335,6.1335,6.1335,6.1335,6.1335,6.1335,6.1335,6.1335,6.1335,6.1335,6.1335,6.1335,6.1335,6.1335,6.1335,6.1335,6.1335,6.1335,6.1335,6.1335,6.1335,6.1335,6.1335,6.1335,6.1335,6.1335,6.1335,6.1335,6.1335,6.1335,6.1335,6.1335,6.1335,6.1335,6.1335,6.1335,6.1335,6.1335,6.1335,6.1335,6.1335,6.1335,6.1335,6.1335,6.1335,6.1335,6.1335,6.1335,6.1335,6.1335,6.1335,6.1335,6.1335,6.1335,6.1335,6.1335,6.1335,6.1335,6.1335,6.1335,6.1335,6.1335,6.1335,6.1335,6.1335,6.1335,6.1335,6.1335,6.1335,6.1335,6.1335,6.1335,6.1335,6.1335,6.1335,6.1335,6.1335,6.1335,6.1335,6.1335,6.1335,6.1335,6.1335,6.1335,6.1335,6.1335,6.1335,6.1335,6.1335,6.1335,6.1335,6.1335,6.1335,6.1335,6.1335,6.1335,6.1335,6.1335,6.1335,6.1335,6.1335,6.1335,6.1335,6.1335,6.1335,6.1335,6.1335,6.1335,6.1335,6.1335,6.1335,6.1335,6.1335,6.1335,6.1335,6.1335,6.1335,6.1335,6.1335,6.1335,6.1335,6.1335,6.1335,6.1335,6.1335,6.1335,6.1335,6.1335,6.1335,6.1335,6.1335,6.1335,6.1335,6.1335,6.1335,6.1335,6.1335,6.1335,6.1335,6.1335,6.1335,6.1335,6.1335,6.1335,6.1335,6.1335,6.1335,6.1335,6.1335,6.1335,6.1335,6.1335,6.1335,6.1335,6.1335,6.1335,6.1335,6.1335,6.1335,6.1335,6.1335,6.1335,6.1335,6.1335,6.1335,6.1335,6.1335,6.1335,6.1335,6.1335,6.1335,6.1335,6.1335,6.1335,6.1335,6.1335,6.1335,6.1335,6.1335,6.1335,6.1335,6.1335,6.1335,6.1335,6.1335,6.1335,6.1335,6.1335,6.1335,6.1335,6.1335,6.1335,6.1335,6.1335,6.1335,6.1335,6.1335,6.1335,6.1335,6.1335,6.1335,6.1335,6.1335,6.1335,6.1335,6.1335,6.1335,6.1335,6.1335,6.1335,6.1335,6.1335,6.1335,6.1335,6.1335,6.1335,6.1335,6.1335,6.1335,6.1335,6.1335,6.1335,6.1335,6.1335,6.1335,6.1335,6.1335,6.1335,6.1335,6.1335,6.1335,6.1335,6.1335,6.1335,6.1335,6.1335,6.1335,6.1335,6.1335,6.1335,6.1335,6.1335,6.1335,6.1335,6.1335,6.1335,6.1335,6.1335,6.1335,6.1335,6.1335,6.1335,6.1335,6.1335,6.1335,6.1335,6.1335,6.1335,6.1335,6.1335,6.1335,6.1335,6.1335,6.1335,6.1335,6.1335,6.1335,6.1335,6.1335,6.1335,6.1335,6.1335,6.1335,6.1335,6.1335,6.1335,6.1335,6.1335,6.1335,6.1335,6.1335,6.1335,6.1335,6.1335,6.1335,6.1335,6.1335,6.1335,6.1335,6.1335,6.1335,6.1335,6.1335,6.1335,6.1335,6.1335,6.1335,6.1335,6.1335,6.1335,6.1335,6.1335,6.1335,6.1335,6.1335,6.1335,6.1335,6.1335,6.1335,6.1335,6.1335,6.1335,6.1335,6.1335,6.1335,6.1335,6.1335,6.1335,6.1335,6.1335,6.1335,6.1335,6.1335,6.1335,6.1335,6.1335,6.1335,6.1335,6.1335,6.1335,6.1335,6.1335,6.1335,6.1335,6.1335,6.1335,6.1335,6.1335,6.1335,6.1335,6.1335,6.1335,6.1335,6.1335,6.1335,6.1335,6.1335,6.1335,6.1335,6.1335,6.1335,6.1335,6.1335,6.1335,6.1335,6.1335,6.1335,6.1335,6.1335,6.1335,6.1335,6.1335,6.1335,6.1335,6.1335,6.1335,6.1335,6.1335,6.1335,6.1335,6.1335,6.1335,6.1335,6.1335,6.1335,6.1335,6.1335,6.1335,6.1335,6.1335,6.1335,6.1335,6.1335,6.1335,6.1335,6.1335,6.1335,6.1335,6.1335,6.1335,6.1335,6.1335,6.1335,6.1335,6.1335,6.1335,6.1335,6.1335,6.1335,6.1335,6.1335,6.1335,6.1335,6.1335,6.1335,6.1335,6.1335,6.1335,6.1335,6.1335,6.1335,6.1335,6.1335,6.1335,6.1335,6.1335,6.1335,6.1335,6.1335,6.1335,6.1335,6.1335,6.1335,6.1335,6.1335,6.1335,6.1335,6.1335,6.1335,6.1335,6.1335,6.1335,6.1335,6.1335,6.1335,6.1335,6.1335,6.1335,6.1335,6.1335,6.1335,6.1335,6.1335,6.1335,6.1335,6.1335,6.1335,6.1335,6.1335,6.1335,6.1335,6.1335,6.1335,6.1335,6.1335,6.1335,6.1335,6.1335,6.1335,6.1335,6.1335,6.1335,6.1335,6.1335,6.1335,6.1335,6.1335,6.1335,6.1335,6.1335,6.1335,6.1335,6.1335,6.1335,6.1335,6.1335,6.1335,6.1335,6.1335,6.1335,6.1335,6.1335,6.1335,6.1335,6.1335,6.1335,6.1335,6.1335,6.1335,6.1335,6.1335,6.1335,6.1335,6.1335,6.1335,6.1335,6.1335,6.1335,6.1335,6.1335,6.1335,6.1335,6.1335,6.1335,6.1335,6.1335,6.1335,6.1335,6.1335,6.1335,6.1335,6.1335,6.1335,6.1335,6.1335,6.1335,6.1335,6.1335,6.1335,6.1335,6.1335,6.1335,6.1335,6.1335,6.1335,6.1335,6.1335,6.1335,6.1335,6.1335,6.1335,6.1335,6.1335,6.1335,6.1335,6.1335,6.1335,6.1335,6.1335,6.1335,6.1335,6.1335,6.1335,6.1335,6.1335,6.1335,6.1335,6.1335,6.1335,6.1335,6.1335,6.1335,6.1335,6.1335,6.1335,6.1335,6.1335,6.1335,6.1335,6.1335,6.1335,6.1335,6.1335,6.1335,6.1335,6.1335,6.1335,6.1335,6.1335,6.1335,6.1335,6.1335,6.1335,6.1335,6.1335,6.1335,6.1335,6.1335,6.1335
6.1292,6.1292,6.1292,6.1292,6.1292,6.1292,6.1292,6.1292,6.1292,6.1292,6.1292,6.1292,6.1292,6.1292,6.1292,6.1292,6.1292,6.1292,6.1292,6.1292,6.1292,6.1292,6.1292,6.1292,6.1292,6.1292,6.1292,6.1292,6.1292,6.1292,6.1292,6.1292,6.1292,6.1292,6.1292,6.1292,6.1292,6.1292,6.1292,6.1292,6.1292,6.1292,6.1292,6.1292,6.1292,6.1292,6.1292,6.1292,6.1292,6.1292,6.1292,6.1292,6.1292,6.1292,6.1292,6.1292,6.1292,6.1292,6.1292,6.1292,6.1292,6.1292,6.1292,6.1292,6.1292,6.1292,6.1292,6.1292,6.1292,6.1292,6.1292,6.1292,6.1292,6.1292,6.1292,6.1292,6.1292,6.1292,6.1292,6.1292,6.1292,6.1292,6.1292,6.1292,6.1292,6.1292,6.1292,6.1292,6.1292,6.1292,6.1292,6.1292,6.1292,6.1292,6.1292,6.1292,6.1292,6.1292,6.1292,6.1292,6.1292,6.1292,6.1292,6.1292,6.1292,6.1292,6.1292,6.1292,6.1292,6.1292,6.1292,6.1292,6.1292,6.1292,6.1292,6.1292,6.1292,6.1292,6.1292,6.1292,6.1292,6.1292,6.1292,6.1292,6.1292,6.1292,6.1292,6.1292,6.1292,6.1292,6.1292,6.1292,6.1292,6.1292,6.1292,6.1292,6.1292,6.1292,6.1292,6.1292,6.1292,6.1292,6.1292,6.1292,6.1292,6.1292,6.1292,6.1292,6.1292,6.1292,6.1292,6.1292,6.1292,6.1292,6.1292,6.1292,6.1292,6.1292,6.1292,6.1292,6.1292,6.1292,6.1292,6.1292,6.1292,6.1292,6.1292,6.1292,6.1292,6.1292,6.1292,6.1292,6.1292,6.1292,6.1292,6.1292,6.1292,6.1292,6.1292,6.1292,6.1292,6.1292,6.1292,6.1292,6.1292,6.1292,6.1292,6.1292,6.1292,6.1292,6.1292,6.1292,6.1292,6.1292,6.1292,6.1292,6.1292,6.1292,6.1292,6.1292,6.1292,6.1292,6.1292,6.1292,6.1292,6.1292,6.1292,6.1292,6.1292,6.1292,6.1292,6.1292,6.1292,6.1292,6.1292,6.1292,6.1292,6.1292,6.1292,6.1292,6.1292,6.1292,6.1292,6.1292,6.1292,6.1292,6.1292,6.1292,6.1292,6.1292,6.1292,6.1292,6.1292,6.1292,6.1292,6.1292,6.1292,6.1292,6.1292,6.1292,6.1292,6.1292,6.1292,6.1292,6.1292,6.1292,6.1292,6.1292,6.1292,6.1292,6.1292,6.1292,6.1292,6.1292,6.1292,6.1292,6.1292,6.1292,6.1292,6.1292,6.1292,6.1292,6.1292,6.1292,6.1292,6.1292,6.1292,6.1292,6.1292,6.1292,6.1292,6.1292,6.1292,6.1292,6.1292,6.1292,6.1292,6.1292,6.1292,6.1292,6.1292,6.1292,6.1292,6.1292,6.1292,6.1292,6.1292,6.1292,6.1292,6.1292,6.1292,6.1292,6.1292,6.1292,6.1292,6.1292,6.1292,6.1292,6.1292,6.1292,6.1292,6.1292,6.1292,6.1292,6.1292,6.1292,6.1292,6.1292,6.1292,6.1292,6.1292,6.1292,6.1292,6.1292,6.1292,6.1292,6.1292,6.1292,6.1292,6.1292,6.1292,6.1292,6.1292,6.1292,6.1292,6.1292,6.1292,6.1292,6.1292,6.1292,6.1292,6.1292,6.1292,6.1292,6.1292,6.1292,6.1292,6.1292,6.1292,6.1292,6.1292,6.1292,6.1292,6.1292,6.1292,6.1292,6.1292,6.1292,6.1292,6.1292,6.1292,6.1292,6.1292,6.1292,6.1292,6.1292,6.1292,6.1292,6.1292,6.1292,6.1292,6.1292,6.1292,6.1292,6.1292,6.1292,6.1292,6.1292,6.1292,6.1292,6.1292,6.1292,6.1292,6.1292,6.1292,6.1292,6.1292,6.1292,6.1292,6.1292,6.1292,6.1292,6.1292,6.1292,6.1292,6.1292,6.1292,6.1292,6.1292,6.1292,6.1292,6.1292,6.1292,6.1292,6.1292,6.1292,6.1292,6.1292,6.1292,6.1292,6.1292,6.1292,6.1292,6.1292,6.1292,6.1292,6.1292,6.1292,6.1292,6.1292,6.1292,6.1292,6.1292,6.1292,6.1292,6.1292,6.1292,6.1292,6.1292,6.1292,6.1292,6.1292,6.1292,6.1292,6.1292,6.1292,6.1292,6.1292,6.1292,6.1292,6.1292,6.1292,6.1292,6.1292,6.1292,6.1292,6.1292,6.1292,6.1292,6.1292,6.1292,6.1292,6.1292,6.1292,6.1292,6.1292,6.1292,6.1292,6.1292,6.1292,6.1292,6.1292,6.1292,6.1292,6.1292,6.1292,6.1292,6.1292,6.1292,6.1292,6.1292,6.1292,6.1292,6.1292,6.1292,6.1292,6.1292,6.1292,6.1292,6.1292,6.1292,6.1292,6.1292,6.1292,6.1292,6.1292,6.1292,6.1292,6.1292,6.1292,6.1292,6.1292,6.1292,6.1292,6.1292,6.1292,6.1292,6.1292,6.1292,6.1292,6.1292,6.1292,6.1292,6.1292,6.1292,6.1292,6.1292,6.1292,6.1292,6.1292,6.1292,6.1292,6.1292,6.1292,6.1292,6.1292,6.1292,6.1292,6.1292,6.1292,6.1292,6.1292,6.1292,6.1292,6.1292,6.1292,6.1292,6.1292,6.1292,6.1292,6.1292,6.1292,6.1292,6.1292,6.1292,6.1292,6.1292,6.1292,6.1292,6.1292,6.1292,6.1292,6.1292,6.1292,6.1292,6.1292,6.1292,6.1292,6.1292,6.1292,6.1292,6.1292,6.1292,6.1292,6.1292,6.1292,6.1292,6.1292,6.1292,6.1292,6.1292,6.1292,6.1292,6.1292,6.1292,6.1292,6.1292,6.1292,6.1292,6.1292,6.1292,6.1292,6.1292,6.1292,6.1292,6.1292,6.1292,6.1292,6.1292,6.1292,6.1292,6.1292,6.1292,6.1292,6.1292,6.1292,6.1292,6.1292,6.1292,6.1292,6.1292,6.1292,6.1292,6.1292,6.1292,6.1292,6.1292,6.1292,6.1292,6.1292,6.1292,6.1292,6.1292,6.1292,6.1292,6.1292,6.1292,6.1292,6.1292,6.1292,6.1292,6.1292,6.1292,6.1292,6.1292,6.1292,6.1292,6.1292,6.1292,6.1292,6.1292,6.1292,6.1292,6.1292,6.1292,6.1292,6.1292,6.1292,6.1292,6.1292,6.1292,6.1292,6.1292,6.1292,6.1292,6.1292,6.1292,6.1292,6.1292,6.1292,6.1292,6.1292,6.1292,6.1292,6.1292,6.1292,6.1292,6.1292,6.1292,6.1292,6.1292,6.1292,6.1292,6.1292,6.1292,6.1292,6.1292,6.1292,6.1292,6.1292,6.1292,6.1292,6.1292,6.1292,6.1292,6.1292,6.1292,6.1292,6.1292,6.1292,6.1292,6.1292,6.1292,6.1292,6.1292,6.1292,6.1292,6.1292,6.1292,6.1292,6.1292,6.1292,6.1292,6.1292,6.1292,6.1292,6.1292,6.1292,6.1292,6.1292,6.1292,6.1292,6.1292,6.1292,6.1292,6.1292,6.1292,6.1292,6.1292,6.1292,6.1292,6.1292,6.1292,6.1292,6.1292,6.1292,6.1292,6.1292,6.1292,6.1292,6.1292,6.1292,6.1292,6.1292,6.1292,6.1292,6.1292,6.1292,6.1292,6.1292,6.1292,6.1292,6.1292,6.1292,6.1292,6.1292,6.1292,6.1292,6.1292,6.1292,6.1292,6.1292,6.1292,6.1292,6.1292,6.1292,6.1292,6.1292,6.1292,6.1292,6.1292,6.1292,6.1292,6.1292,6.1292,6.1292,6.1292,6.1292,6.1292,6.1292,6.1292,6.1292,6.1292,6.1292,6.1292,6.1292,6.1292,6.1292,6.1292,6.1292,6.1292,6.1292,6.1292,6.1292,6.1292,6.1292,6.1292,6.1292,6.1292,6.1292,6.1292,6.1292,6.1292,6.1292,6.1292,6.1292,6.1292,6.1292,6.1292,6.1292,6.1292,6.1292,6.1292,6.1292,6.1292,6.1292,6.1292,6.1292,6.1292,6.1292,6.1292,6.1292,6.1292,6.1292,6.1292,6.1292,6.1292,6.1292,6.1292,6.1292,6.1292,6.1292,6.1292,6.1292,6.1292,6.1292,6.1292,6.1292,6.1292,6.1292,6.1292,6.1292,6.1292,6.1292,6.1292,6.1292,6.1292,6.1292,6.1292,6.1292,6.1292,6.1292,6.1292,6.1292,6.1292,6.1292,6.1292,6.1292,6.1292,6.1292,6.1292,6.1292,6.1292,6.1292,6.1292,6.1292,6.1292,6.1292,6.1292,6.1292,6.1292,6.1292,6.1292,6.1292,6.1292,6.1292,6.1292,6.1292,6.1292,6.1292,6.1292,6.1292,6.1292,6.1292,6.1292,6.1292,6.1292,6.1292,6.1292,6.1292,6.1292,6.1292,6.1292,6.1292,6.1292,6.1292,6.1292,6.1292,6.1292,6.1292,6.1292,6.1292,6.1292,6.1292,6.1292,6.1292,6.1292,6.1292,6.1292,6.1292,6.1292,6.1292,6.1292,6.1292,6.1292,6.1292,6.1292,6.1292,6.1292,6.1292,6.1292,6.1292,6.1292,6.1292,6.1292,6.1292,6.1292,6.1292,6.1292,6.1292,6.1292,6.1292,6.1292,6.1292,6.1292,6.1292,6.1292,6.1292,6.1292,6.1292,6.1292,6.1292,6.1292,6.1292,6.1292,6.1292,6.1292,6.1292,6.1292,6.1292,6.1292,6.1292,6.1292,6.1292,6.1292,6.1292,6.1292,6.1292,6.1292,6.1292,6.1292,6.1292,6.1292,6.1292,6.1292,6.1292,6.1292,6.1292,6.1292,6.1292,6.1292,6.1292,6.1292,6.1292,6.1292,6.1292,6.1292,6.1292,6.1292,6.1292,6.1292,6.1292,6.1292,6.1292,6.1292,6.1292,6.1292,6.1292,6.1292,6.1292,6.1292,6.1292,6.1292,6.1292,6.1292,6.1292,6.1292,6.1292,6.1292,6.1292
6.1250,6.1250,6.1250,6.1250,6.1250,6.1250,6.1250,6.1250,6.1250,6.1250,6.1250,6.1250,6.1250,6.1250,6.1250,6.1250,6.1250,6.1250,6.1250,6.1250,6.1250,6.1250,6.1250,6.1250,6.1250,6.1250,6.1250,6.1250,6.1250,6.1250,6.1250,6.1250,6.1250,6.1250,6.1250,6.1250,6.1250,6.1250,6.1250,6.1250,6.1250,6.1250,6.1250,6.1250,6.1250,6.1250,6.1250,6.1250,6.1250,6.1250,6.1250,6.1250,6.1250,6.1250,6.1250,6.1250,6.1250,6.1250,6.1250,6.1250,6.1250,6.1250,6.1250,6.1250,6.1250,6.1250,6.1250,6.1250,6.1250,6.1250,6.1250,6.1250,6.1250,6.1250,6.1250,6.1250,6.1250,6.1250,6.1250,6.1250,6.1250,6.1250,6.1250,6.1250,6.1250,6.1250,6.1250,6.1250,6.1250,6.1250,6.1250,6.1250,6.1250,6.1250,6.1250,6.1250,6.1250,6.1250,6.1250,6.1250,6.1250,6.1250,6.1250,6.1250,6.1250,6.1250,6.1250,6.1250,6.1250,6.1250,6.1250,6.1250,6.1250,6.1250,6.1250,6.1250,6.1250,6.1250,6.1250,6.1250,6.1250,6.1250,6.1250,6.1250,6.1250,6.1250,6.1250,6.1250,6.1250,6.1250,6.1250,6.1250,6.1250,6.1250,6.1250,6.1250,6.1250,6.1250,6.1250,6.1250,6.1250,6.1250,6.1250,6.1250,6.1250,6.1250,6.1250,6.1250,6.1250,6.1250,6.1250,6.1250,6.1250,6.1250,6.1250,6.1250,6.1250,6.1250,6.1250,6.1250,6.1250,6.1250,6.1250,6.1250,6.1250,6.1250,6.1250,6.1250,6.1250,6.1250,6.1250,6.1250,6.1250,6.1250,6.1250,6.1250,6.1250,6.1250,6.1250,6.1250,6.1250,6.1250,6.1250,6.1250,6.1250,6.1250,6.1250,6.1250,6.1250,6.1250,6.1250,6.1250,6.1250,6.1250,6.1250,6.1250,6.1250,6.1250,6.1250,6.1250,6.1250,6.1250,6.1250,6.1250,6.1250,6.1250,6.1250,6.1250,6.1250,6.1250,6.1250,6.1250,6.1250,6.1250,6.1250,6.1250,6.1250,6.1250,6.1250,6.1250,6.1250,6.1250,6.1250,6.1250,6.1250,6.1250,6.1250,6.1250,6.1250,6.1250,6.1250,6.1250,6.1250,6.1250,6.1250,6.1250,6.1250,6.1250,6.1250,6.1250,6.1250,6.1250,6.1250,6.1250,6.1250,6.1250,6.1250,6.1250,6.1250,6.1250,6.1250,6.1250,6.1250,6.1250,6.1250,6.1250,6.1250,6.1250,6.1250,6.1250,6.1250,6.1250,6.1250,6.1250,6.1250,6.1250,6.1250,6.1250,6.1250,6.1250,6.1250,6.1250,6.1250,6.1250,6.1250,6.1250,6.1250,6.1250,6.1250,6.1250,6.1250,6.1250,6.1250,6.1250,6.1250,6.1250,6.1250,6.1250,6.1250,6.1250,6.1250,6.1250,6.1250,6.1250,6.1250,6.1250,6.1250,6.1250,6.1250,6.1250,6.1250,6.1250,6.1250,6.1250,6.1250,6.1250,6.1250,6.1250,6.1250,6.1250,6.1250,6.1250,6.1250,6.1250,6.1250,6.1250,6.1250,6.1250,6.1250,6.1250,6.1250,6.1250,6.1250,6.1250,6.1250,6.1250,6.1250,6.1250,6.1250,6.1250,6.1250,6.1250,6.1250,6.1250,6.1250,6.1250,6.1250,6.1250,6.1250,6.1250,6.1250,6.1250,6.1250,6.1250,6.1250,6.1250,6.1250,6.1250,6.1250,6.1250,6.1250,6.1250,6.1250,6.1250,6.1250,6.1250,6.1250,6.1250,6.1250,6.1250,6.1250,6.1250,6.1250,6.1250,6.1250,6.1250,6.1250,6.1250,6.1250,6.1250,6.1250,6.1250,6.1250,6.1250,6.1250,6.1250,6.1250,6.1250,6.1250,6.1250,6.1250,6.1250,6.1250,6.1250,6.1250,6.1250,6.1250,6.1250,6.1250,6.1250,6.1250,6.1250,6.1250,6.1250,6.1250,6.1250,6.1250,6.1250,6.1250,6.1250,6.1250,6.1250,6.1250,6.1250,6.1250,6.1250,6.1250,6.1250,6.1250,6.1250,6.1250,6.1250,6.1250,6.1250,6.1250,6.1250,6.1250,6.1250,6.1250,6.1250,6.1250,6.1250,6.1250,6.1250,6.1250,6.1250,6.1250,6.1250,6.1250,6.1250,6.1250,6.1250,6.1250,6.1250,6.1250,6.1250,6.1250,6.1250,6.1250,6.1250,6.1250,6.1250,6.1250,6.1250,6.1250,6.1250,6.1250,6.1250,6.1250,6.1250,6.1250,6.1250,6.1250,6.1250,6.1250,6.1250,6.1250,6.1250,6.1250,6.1250,6.1250,6.1250,6.1250,6.1250,6.1250,6.1250,6.1250,6.1250,6.1250,6.1250,6.1250,6.1250,6.1250,6.1250,6.1250,6.1250,6.1250,6.1250,6.1250,6.1250,6.1250,6.1250,6.1250,6.1250,6.1250,6.1250,6.1250,6.1250,6.1250,6.1250,6.1250,6.1250,6.1250,6.1250,6.1250,6.1250,6.1250,6.1250,6.1250,6.1250,6.1250,6.1250,6.1250,6.1250,6.1250,6.1250,6.1250,6.1250,6.1250,6.1250,6.1250,6.1250,6.1250,6.1250,6.1250,6.1250,6.1250,6.1250,6.1250,6.1250,6.1250,6.1250,6.1250,6.1250,6.1250,6.1250,6.1250,6.1250,6.1250,6.1250,6.1250,6.1250,6.1250,6.1250,6.1250,6.1250,6.1250,6.1250,6.1250,6.1250,6.1250,6.1250,6.1250,6.1250,6.1250,6.1250,6.1250,6.1250,6.1250,6.1250,6.1250,6.1250,6.1250,6.1250,6.1250,6.1250,6.1250,6.1250,6.1250,6.1250,6.1250,6.1250,6.1250,6.1250,6.1250,6.1250,6.1250,6.1250,6.1250,6.1250,6.1250,6.1250,6.1250,6.1250,6.1250,6.1250,6.1250,6.1250,6.1250,6.1250,6.1250,6.1250,6.1250,6.1250,6.1250,6.1250,6.1250,6.1250,6.1250,6.1250,6.1250,6.1250,6.1250,6.1250,6.1250,6.1250,6.1250,6.1250,6.1250,6.1250,6.1250,6.1250,6.1250,6.1250,6.1250,6.1250,6.1250,6.1250,6.1250,6.1250,6.1250,6.1250,6.1250,6.1250,6.1250,6.1250,6.1250,6.1250,6.1250,6.1250,6.1250,6.1250,6.1250,6.1250,6.1250,6.1250,6.1250,6.1250,6.1250,6.1250,6.1250,6.1250,6.1250,6.1250,6.1250,6.1250,6.1250,6.1250,6.1250,6.1250,6.1250,6.1250,6.1250,6.1250,6.1250,6.1250,6.1250,6.1250,6.1250,6.1250,6.1250,6.1250,6.1250,6.1250,6.1250,6.1250,6.1250,6.1250,6.1250,6.1250,6.1250,6.1250,6.1250,6.1250,6.1250,6.1250,6.1250,6.1250,6.1250,6.1250,6.1250,6.1250,6.1250,6.1250,6.1250,6.1250,6.1250,6.1250,6.1250,6.1250,6.1250,6.1250,6.1250,6.1250,6.1250,6.1250,6.1250,6.1250,6.1250,6.1250,6.1250,6.1250,6.1250,6.1250,6.1250,6.1250,6.1250,6.1250,6.1250,6.1250,6.1250,6.1250,6.1250,6.1250,6.1250,6.1250,6.1250,6.1250,6.1250,6.1250,6.1250,6.1250,6.1250,6.1250,6.1250,6.1250,6.1250,6.1250,6.1250,6.1250,6.1250,6.1250,6.1250,6.1250,6.1250,6.1250,6.1250,6.1250,6.1250,6.1250,6.1250,6.1250,6.1250,6.1250,6.1250,6.1250,6.1250,6.1250,6.1250,6.1250,6.1250,6.1250,6.1250,6.1250,6.1250,6.1250,6.1250,6.1250,6.1250,6.1250,6.1250,6.1250,6.1250,6.1250,6.1250,6.1250,6.1250,6.1250,6.1250,6.1250,6.1250,6.1250,6.1250,6.1250,6.1250,6.1250,6.1250,6.1250,6.1250,6.1250,6.1250,6.1250,6.1250,6.1250,6.1250,6.1250,6.1250,6.1250,6.1250,6.1250,6.1250,6.1250,6.1250,6.1250,6.1250,6.1250,6.1250,6.1250,6.1250,6.1250,6.1250,6.1250,6.1250,6.1250,6.1250,6.1250,6.1250,6.1250,6.1250,6.1250,6.1250,6.1250,6.1250,6.1250,6.1250,6.1250,6.1250,6.1250,6.1250,6.1250,6.1250,6.1250,6.1250,6.1250,6.1250,6.1250,6.1250,6.1250,6.1250,6.1250,6.1250,6.1250,6.1250,6.1250,6.1250,6.1250,6.1250,6.1250,6.1250,6.1250,6.1250,6.1250,6.1250,6.1250,6.1250,6.1250,6.1250,6.1250,6.1250,6.1250,6.1250,6.1250,6.1250,6.1250,6.1250,6.1250,6.1250,6.1250,6.1250,6.1250,6.1250,6.1250,6.1250,6.1250,6.1250,6.1250,6.1250,6.1250,6.1250,6.1250,6.1250,6.1250,6.1250,6.1250,6.1250,6.1250,6.1250,6.1250,6.1250,6.1250,6.1250,6.1250,6.1250,6.1250,6.1250,6.1250,6.1250,6.1250,6.1250,6.1250,6.1250,6.1250,6.1250,6.1250,6.1250,6.1250,6.1250,6.1250,6.1250,6.1250,6.1250,6.1250,6.1250,6.1250,6.1250,6.1250,6.1250,6.1250,6.1250,6.1250,6.1250,6.1250,6.1250,6.1250,6.1250,6.1250,6.1250,6.1250,6.1250,6.1250,6.1250,6.1250,6.1250,6.1250,6.1250,6.1250,6.1250,6.1250,6.1250,6.1250,6.1250,6.1250,6.1250,6.1250,6.1250,6.1250,6.1250,6.1250,6.1250,6.1250,6.1250,6.1250,6.1250,6.1250,6.1250,6.1250,6.1250,6.1250,6.1250,6.1250,6.1250,6.1250,6.1250,6.1250,6.1250,6.1250,6.1250,6.1250,6.1250,6.1250,6.1250,6.1250,6.1250,6.1250,6.1250,6.1250,6.1250,6.1250,6.1250,6.1250
6.1207,6.1207,6.1207,6.1207,6.1207,6.1207,6.1207,6.1207,6.1207,6.1207,6.1207,6.1207,6.1207,6.1207,6.1207,6.1207,6.1207,6.1207,6.1207,6.1207,6.1207,6.1207,6.1207,6.1207,6.1207,6.1207,6.1207,6.1207,6.1207,6.1207,6.1207,6.1207,6.1207,6.1207,6.1207,6.1207,6.1207,6.1207,6.1207,6.1207,6.1207,6.1207,6.1207,6.1207,6.1207,6.1207,6.1207,6.1207,6.1207,6.1207,6.1207,6.1207,6.1207,6.1207,6.1207,6.1207,6.1207,6.1207,6.1207,6.1207,6.1207,6.1207,6.1207,6.1207,6.1207,6.1207,6.1207,6.1207,6.1207,6.1207,6.1207,6.1207,6.1207,6.1207,6.1207,6.1207,6.1207,6.1207,6.1207,6.1207,6.1207,6.1207,6.1207,6.1207,6.1207,6.1207,6.1207,6.1207,6.1207,6.1207,6.1207,6.1207,6.1207,6.1207,6.1207,6.1207,6.1207,6.1207,6.1207,6.1207,6.1207,6.1207,6.1207,6.1207,6.1207,6.1207,6.1207,6.1207,6.1207,6.1207,6.1207,6.1207,6.1207,6.1207,6.1207,6.1207,6.1207,6.1207,6.1207,6.1207,6.1207,6.1207,6.1207,6.1207,6.1207,6.1207,6.1207,6.1207,6.1207,6.1207,6.1207,6.1207,6.1207,6.1207,6.1207,6.1207,6.1207,6.1207,6.1207,6.1207,6.1207,6.1207,6.1207,6.1207,6.1207,6.1207,6.1207,6.1207,6.1207,6.1207,6.1207,6.1207,6.1207,6.1207,6.1207,6.1207,6.1207,6.1207,6.1207,6.1207,6.1207,6.1207,6.1207,6.1207,6.1207,6.1207,6.1207,6.1207,6.1207,6.1207,6.1207,6.1207,6.1207,6.1207,6.1207,6.1207,6.1207,6.1207,6.1207,6.1207,6.1207,6.1207,6.1207,6.1207,6.1207,6.1207,6.1207,6.1207,6.1207,6.1207,6.1207,6.1207,6.1207,6.1207,6.1207,6.1207,6.1207,6.1207,6.1207,6.1207,6.1207,6.1207,6.1207,6.1207,6.1207,6.1207,6.1207,6.1207,6.1207,6.1207,6.1207,6.1207,6.1207,6.1207,6.1207,6.1207,6.1207,6.1207,6.1207,6.1207,6.1207,6.1207,6.1207,6.1207,6.1207,6.1207,6.1207,6.1207,6.1207,6.1207,6.1207,6.1207,6.1207,6.1207,6.1207,6.1207,6.1207,6.1207,6.1207,6.1207,6.1207,6.1207,6.1207,6.1207,6.1207,6.1207,6.1207,6.1207,6.1207,6.1207,6.1207,6.1207,6.1207,6.1207,6.1207,6.1207,6.1207,6.1207,6.1207,6.1207,6.1207,6.1207,6.1207,6.1207,6.1207,6.1207,6.1207,6.1207,6.1207,6.1207,6.1207,6.1207,6.1207,6.1207,6.1207,6.1207,6.1207,6.1207,6.1207,6.1207,6.1207,6.1207,6.1207,6.1207,6.1207,6.1207,6.1207,6.1207,6.1207,6.1207,6.1207,6.1207,6.1207,6.1207,6.1207,6.1207,6.1207,6.1207,6.1207,6.1207,6.1207,6.1207,6.1207,6.1207,6.1207,6.1207,6.1207,6.1207,6.1207,6.1207,6.1207,6.1207,6.1207,6.1207,6.1207,6.1207,6.1207,6.1207,6.1207,6.1207,6.1207,6.1207,6.1207,6.1207,6.1207,6.1207,6.1207,6.1207,6.1207,6.1207,6.1207,6.1207,6.1207,6.1207,6.1207,6.1207,6.1207,6.1207,6.1207,6.1207,6.1207,6.1207,6.1207,6.1207,6.1207,6.1207,6.1207,6.1207,6.1207,6.1207,6.1207,6.1207,6.1207,6.1207,6.1207,6.1207,6.1207,6.1207,6.1207,6.1207,6.1207,6.1207,6.1207,6.1207,6.1207,6.1207,6.1207,6.1207,6.1207,6.1207,6.1207,6.1207,6.1207,6.1207,6.1207,6.1207,6.1207,6.1207,6.1207,6.1207,6.1207,6.1207,6.1207,6.1207,6.1207,6.1207,6.1207,6.1207,6.1207,6.1207,6.1207,6.1207,6.1207,6.1207,6.1207,6.1207,6.1207,6.1207,6.1207,6.1207,6.1207,6.1207,6.1207,6.1207,6.1207,6.1207,6.1207,6.1207,6.1207,6.1207,6.1207,6.1207,6.1207,6.1207,6.1207,6.1207,6.1207,6.1207,6.1207,6.1207,6.1207,6.1207,6.1207,6.1207,6.1207,6.1207,6.1207,6.1207,6.1207,6.1207,6.1207,6.1207,6.1207,6.1207,6.1207,6.1207,6.1207,6.1207,6.1207,6.1207,6.1207,6.1207,6.1207,6.1207,6.1207,6.1207,6.1207,6.1207,6.1207,6.1207,6.1207,6.1207,6.1207,6.1207,6.1207,6.1207,6.1207,6.1207,6.1207,6.1207,6.1207,6.1207,6.1207,6.1207,6.1207,6.1207,6.1207,6.1207,6.1207,6.1207,6.1207,6.1207,6.1207,6.1207,6.1207,6.1207,6.1207,6.1207,6.1207,6.1207,6.1207,6.1207,6.1207,6.1207,6.1207,6.1207,6.1207,6.1207,6.1207,6.1207,6.1207,6.1207,6.1207,6.1207,6.1207,6.1207,6.1207,6.1207,6.1207,6.1207,6.1207,6.1207,6.1207,6.1207,6.1207,6.1207,6.1207,6.1207,6.1207,6.1207,6.1207,6.1207,6.1207,6.1207,6.1207,6.1207,6.1207,6.1207,6.1207,6.1207,6.1207,6.1207,6.1207,6.1207,6.1207,6.1207,6.1207,6.1207,6.1207,6.1207,6.1207,6.1207,6.1207,6.1207,6.1207,6.1207,6.1207,6.1207,6.1207,6.1207,6.1207,6.1207,6.1207,6.1207,6.1207,6.1207,6.1207,6.1207,6.1207,6.1207,6.1207,6.1207,6.1207,6.1207,6.1207,6.1207,6.1207,6.1207,6.1207,6.1207,6.1207,6.1207,6.1207,6.1207,6.1207,6.1207,6.1207,6.1207,6.1207,6.1207,6.1207,6.1207,6.1207,6.1207,6.1207,6.1207,6.1207,6.1207,6.1207,6.1207,6.1207,6.1207,6.1207,6.1207,6.1207,6.1207,6.1207,6.1207,6.1207,6.1207,6.1207,6.1207,6.1207,6.1207,6.1207,6.1207,6.1207,6.1207,6.1207,6.1207,6.1207,6.1207,6.1207,6.1207,6.1207,6.1207,6.1207,6.1207,6.1207,6.1207,6.1207,6.1207,6.1207,6.1207,6.1207,6.1207,6.1207,6.1207,6.1207,6.1207,6.1207,6.1207,6.1207,6.1207,6.1207,6.1207,6.1207,6.1207,6.1207,6.1207,6.1207,6.1207,6.1207,6.1207,6.1207,6.1207,6.1207,6.1207,6.1207,6.1207,6.1207,6.1207,6.1207,6.1207,6.1207,6.1207,6.1207,6.1207,6.1207,6.1207,6.1207,6.1207,6.1207,6.1207,6.1207,6.1207,6.1207,6.1207,6.1207,6.1207,6.1207,6.1207,6.1207,6.1207,6.1207,6.1207,6.1207,6.1207,6.1207,6.1207,6.1207,6.1207,6.1207,6.1207,6.1207,6.1207,6.1207,6.1207,6.1207,6.1207,6.1207,6.1207,6.1207,6.1207,6.1207,6.1207,6.1207,6.1207,6.1207,6.1207,6.1207,6.1207,6.1207,6.1207,6.1207,6.1207,6.1207,6.1207,6.1207,6.1207,6.1207,6.1207,6.1207,6.1207,6.1207,6.1207,6.1207,6.1207,6.1207,6.1207,6.1207,6.1207,6.1207,6.1207,6.1207,6.1207,6.1207,6.1207,6.1207,6.1207,6.1207,6.1207,6.1207,6.1207,6.1207,6.1207,6.1207,6.1207,6.1207,6.1207,6.1207,6.1207,6.1207,6.1207,6.1207,6.1207,6.1207,6.1207,6.1207,6.1207,6.1207,6.1207,6.1207,6.1207,6.1207,6.1207,6.1207,6.1207,6.1207,6.1207,6.1207,6.1207,6.1207,6.1207,6.1207,6.1207,6.1207,6.1207,6.1207,6.1207,6.1207,6.1207,6.1207,6.1207,6.1207,6.1207,6.1207,6.1207,6.1207,6.1207,6.1207,6.1207,6.1207,6.1207,6.1207,6.1207,6.1207,6.1207,6.1207,6.1207,6.1207,6.1207,6.1207,6.1207,6.1207,6.1207,6.1207,6.1207,6.1207,6.1207,6.1207,6.1207,6.1207,6.1207,6.1207,6.1207,6.1207,6.1207,6.1207,6.1207,6.1207,6.1207,6.1207,6.1207,6.1207,6.1207,6.1207,6.1207,6.1207,6.1207,6.1207,6.1207,6.1207,6.1207,6.1207,6.1207,6.1207,6.1207,6.1207,6.1207,6.1207,6.1207,6.1207,6.1207,6.1207,6.1207,6.1207,6.1207,6.1207,6.1207,6.1207,6.1207,6.1207,6.1207,6.1207,6.1207,6.1207,6.1207,6.1207,6.1207,6.1207,6.1207,6.1207,6.1207,6.1207,6.1207,6.1207,6.1207,6.1207,6.1207,6.1207,6.1207,6.1207,6.1207,6.1207,6.1207,6.1207,6.1207,6.1207,6.1207,6.1207,6.1207,6.1207,6.1207,6.1207,6.1207,6.1207,6.1207,6.1207,6.1207,6.1207,6.1207,6.1207,6.1207,6.1207,6.1207,6.1207,6.1207,6.1207,6.1207,6.1207,6.1207,6.1207,6.1207,6.1207,6.1207,6.1207,6.1207,6.1207,6.1207,6.1207,6.1207,6.1207,6.1207,6.1207,6.1207,6.1207,6.1207,6.1207,6.1207,6.1207,6.1207,6.1207,6.1207,6.1207,6.1207,6.1207,6.1207,6.1207,6.1207,6.1207,6.1207,6.1207,6.1207,6.1207,6.1207,6.1207,6.1207,6.1207,6.1207,6.1207,6.1207,6.1207,6.1207,6.1207,6.1207,6.1207,6.1207,6.1207,6.1207,6.1207,6.1207,6.1207,6.1207,6.1207,6.1207,6.1207,6.1207,6.1207,6.1207,6.1207,6.1207,6.1207,6.1207,6.1207,6.1207,6.1207,6.1207,6.1207,6.1207,6.1207,6.1207,6.1207,6.1207,6.1207,6.1207,6.1207,6.1207,6.1207,6.1207
6.1167,6.1167,6.1167,6.1167,6.1167,6.1167,6.1167,6.1167,6.1167,6.1167,6.1167,6.1167,6.1167,6.1167,6.1167,6.1167,6.1167,6.1167,6.1167,6.1167,6.1167,6.1167,6.1167,6.1167,6.1167,6.1167,6.1167,6.1167,6.1167,6.1167,6.1167,6.1167,6.1167,6.1167,6.1167,6.1167,6.1167,6.1167,6.1167,6.1167,6.1167,6.1167,6.1167,6.1167,6.1167,6.1167,6.1167,6.1167,6.1167,6.1167,6.1167,6.1167,6.1167,6.1167,6.1167,6.1167,6.1167,6.1167,6.1167,6.1167,6.1167,6.1167,6.1167,6.1167,6.1167,6.1167,6.1167,6.1167,6.1167,6.1167,6.1167,6.1167,6.1167,6.1167,6.1167,6.1167,6.1167,6.1167,6.1167,6.1167,6.1167,6.1167,6.1167,6.1167,6.1167,6.1167,6.1167,6.1167,6.1167,6.1167,6.1167,6.1167,6.1167,6.1167,6.1167,6.1167,6.1167,6.1167,6.1167,6.1167,6.1167,6.1167,6.1167,6.1167,6.1167,6.1167,6.1167,6.1167,6.1167,6.1167,6.1167,6.1167,6.1167,6.1167,6.1167,6.1167,6.1167,6.1167,6.1167,6.1167,6.1167,6.1167,6.1167,6.1167,6.1167,6.1167,6.1167,6.1167,6.1167,6.1167,6.1167,6.1167,6.1167,6.1167,6.1167,6.1167,6.1167,6.1167,6.1167,6.1167,6.1167,6.1167,6.1167,6.1167,6.1167,6.1167,6.1167,6.1167,6.1167,6.1167,6.1167,6.1167,6.1167,6.1167,6.1167,6.1167,6.1167,6.1167,6.1167,6.1167,6.1167,6.1167,6.1167,6.1167,6.1167,6.1167,6.1167,6.1167,6.1167,6.1167,6.1167,6.1167,6.1167,6.1167,6.1167,6.1167,6.1167,6.1167,6.1167,6.1167,6.1167,6.1167,6.1167,6.1167,6.1167,6.1167,6.1167,6.1167,6.1167,6.1167,6.1167,6.1167,6.1167,6.1167,6.1167,6.1167,6.1167,6.1167,6.1167,6.1167,6.1167,6.1167,6.1167,6.1167,6.1167,6.1167,6.1167,6.1167,6.1167,6.1167,6.1167,6.1167,6.1167,6.1167,6.1167,6.1167,6.1167,6.1167,6.1167,6.1167,6.1167,6.1167,6.1167,6.1167,6.1167,6.1167,6.1167,6.1167,6.1167,6.1167,6.1167,6.1167,6.1167,6.1167,6.1167,6.1167,6.1167,6.1167,6.1167,6.1167,6.1167,6.1167,6.1167,6.1167,6.1167,6.1167,6.1167,6.1167,6.1167,6.1167,6.1167,6.1167,6.1167,6.1167,6.1167,6.1167,6.1167,6.1167,6.1167,6.1167,6.1167,6.1167,6.1167,6.1167,6.1167,6.1167,6.1167,6.1167,6.1167,6.1167,6.1167,6.1167,6.1167,6.1167,6.1167,6.1167,6.1167,6.1167,6.1167,6.1167,6.1167,6.1167,6.1167,6.1167,6.1167,6.1167,6.1167,6.1167,6.1167,6.1167,6.1167,6.1167,6.1167,6.1167,6.1167,6.1167,6.1167,6.1167,6.1167,6.1167,6.1167,6.1167,6.1167,6.1167,6.1167,6.1167,6.1167,6.1167,6.1167,6.1167,6.1167,6.1167,6.1167,6.1167,6.1167,6.1167,6.1167,6.1167,6.1167,6.1167,6.1167,6.1167,6.1167,6.1167,6.1167,6.1167,6.1167,6.1167,6.1167,6.1167,6.1167,6.1167,6.1167,6.1167,6.1167,6.1167,6.1167,6.1167,6.1167,6.1167,6.1167,6.1167,6.1167,6.1167,6.1167,6.1167,6.1167,6.1167,6.1167,6.1167,6.1167,6.1167,6.1167,6.1167,6.1167,6.1167,6.1167,6.1167,6.1167,6.1167,6.1167,6.1167,6.1167,6.1167,6.1167,6.1167,6.1167,6.1167,6.1167,6.1167,6.1167,6.1167,6.1167,6.1167,6.1167,6.1167,6.1167,6.1167,6.1167,6.1167,6.1167,6.1167,6.1167,6.1167,6.1167,6.1167,6.1167,6.1167,6.1167,6.1167,6.1167,6.1167,6.1167,6.1167,6.1167,6.1167,6.1167,6.1167,6.1167,6.1167,6.1167,6.1167,6.1167,6.1167,6.1167,6.1167,6.1167,6.1167,6.1167,6.1167,6.1167,6.1167,6.1167,6.1167,6.1167,6.1167,6.1167,6.1167,6.1167,6.1167,6.1167,6.1167,6.1167,6.1167,6.1167,6.1167,6.1167,6.1167,6.1167,6.1167,6.1167,6.1167,6.1167,6.1167,6.1167,6.1167,6.1167,6.1167,6.1167,6.1167,6.1167,6.1167,6.1167,6.1167,6.1167,6.1167,6.1167,6.1167,6.1167,6.1167,6.1167,6.1167,6.1167,6.1167,6.1167,6.1167,6.1167,6.1167,6.1167,6.1167,6.1167,6.1167,6.1167,6.1167,6.1167,6.1167,6.1167,6.1167,6.1167,6.1167,6.1167,6.1167,6.1167,6.1167,6.1167,6.1167,6.1167,6.1167,6.1167,6.1167,6.1167,6.1167,6.1167,6.1167,6.1167,6.1167,6.1167,6.1167,6.1167,6.1167,6.1167,6.1167,6.1167,6.1167,6.1167,6.1167,6.1167,6.1167,6.1167,6.1167,6.1167,6.1167,6.1167,6.1167,6.1167,6.1167,6.1167,6.1167,6.1167,6.1167,6.1167,6.1167,6.1167,6.1167,6.1167,6.1167,6.1167,6.1167,6.1167,6.1167,6.1167,6.1167,6.1167,6.1167,6.1167,6.1167,6.1167,6.1167,6.1167,6.1167,6.1167,6.1167,6.1167,6.1167,6.1167,6.1167,6.1167,6.1167,6.1167,6.1167,6.1167,6.1167,6.1167,6.1167,6.1167,6.1167,6.1167,6.1167,6.1167,6.1167,6.1167,6.1167,6.1167,6.1167,6.1167,6.1167,6.1167,6.1167,6.1167,6.1167,6.1167,6.1167,6.1167,6.1167,6.1167,6.1167,6.1167,6.1167,6.1167,6.1167,6.1167,6.1167,6.1167,6.1167,6.1167,6.1167,6.1167,6.1167,6.1167,6.1167,6.1167,6.1167,6.1167,6.1167,6.1167,6.1167,6.1167,6.1167,6.1167,6.1167,6.1167,6.1167,6.1167,6.1167,6.1167,6.1167,6.1167,6.1167,6.1167,6.1167,6.1167,6.1167,6.1167,6.1167,6.1167,6.1167,6.1167,6.1167,6.1167,6.1167,6.1167,6.1167,6.1167,6.1167,6.1167,6.1167,6.1167,6.1167,6.1167,6.1167,6.1167,6.1167,6.1167,6.1167,6.1167,6.1167,6.1167,6.1167,6.1167,6.1167,6.1167,6.1167,6.1167,6.1167,6.1167,6.1167,6.1167,6.1167,6.1167,6.1167,6.1167,6.1167,6.1167,6.1167,6.1167,6.1167,6.1167,6.1167,6.1167,6.1167,6.1167,6.1167,6.1167,6.1167,6.1167,6.1167,6.1167,6.1167,6.1167,6.1167,6.1167,6.1167,6.1167,6.1167,6.1167,6.1167,6.1167,6.1167,6.1167,6.1167,6.1167,6.1167,6.1167,6.1167,6.1167,6.1167,6.1167,6.1167,6.1167,6.1167,6.1167,6.1167,6.1167,6.1167,6.1167,6.1167,6.1167,6.1167,6.1167,6.1167,6.1167,6.1167,6.1167,6.1167,6.1167,6.1167,6.1167,6.1167,6.1167,6.1167,6.1167,6.1167,6.1167,6.1167,6.1167,6.1167,6.1167,6.1167,6.1167,6.1167,6.1167,6.1167,6.1167,6.1167,6.1167,6.1167,6.1167,6.1167,6.1167,6.1167,6.1167,6.1167,6.1167,6.1167,6.1167,6.1167,6.1167,6.1167,6.1167,6.1167,6.1167,6.1167,6.1167,6.1167,6.1167,6.1167,6.1167,6.1167,6.1167,6.1167,6.1167,6.1167,6.1167,6.1167,6.1167,6.1167,6.1167,6.1167,6.1167,6.1167,6.1167,6.1167,6.1167,6.1167,6.1167,6.1167,6.1167,6.1167,6.1167,6.1167,6.1167,6.1167,6.1167,6.1167,6.1167,6.1167,6.1167,6.1167,6.1167,6.1167,6.1167,6.1167,6.1167,6.1167,6.1167,6.1167,6.1167,6.1167,6.1167,6.1167,6.1167,6.1167,6.1167,6.1167,6.1167,6.1167,6.1167,6.1167,6.1167,6.1167,6.1167,6.1167,6.1167,6.1167,6.1167,6.1167,6.1167,6.1167,6.1167,6.1167,6.1167,6.1167,6.1167,6.1167,6.1167,6.1167,6.1167,6.1167,6.1167,6.1167,6.1167,6.1167,6.1167,6.1167,6.1167,6.1167,6.1167,6.1167,6.1167,6.1167,6.1167,6.1167,6.1167,6.1167,6.1167,6.1167,6.1167,6.1167,6.1167,6.1167,6.1167,6.1167,6.1167,6.1167,6.1167,6.1167,6.1167,6.1167,6.1167,6.1167,6.1167,6.1167,6.1167,6.1167,6.1167,6.1167,6.1167,6.1167,6.1167,6.1167,6.1167,6.1167,6.1167,6.1167,6.1167,6.1167,6.1167,6.1167,6.1167,6.1167,6.1167,6.1167,6.1167,6.1167,6.1167,6.1167,6.1167,6.1167,6.1167,6.1167,6.1167,6.1167,6.1167,6.1167,6.1167,6.1167,6.1167,6.1167,6.1167,6.1167,6.1167,6.1167,6.1167,6.1167,6.1167,6.1167,6.1167,6.1167,6.1167,6.1167,6.1167,6.1167,6.1167,6.1167,6.1167,6.1167,6.1167,6.1167,6.1167,6.1167,6.1167,6.1167,6.1167,6.1167,6.1167,6.1167,6.1167,6.1167,6.1167,6.1167,6.1167,6.1167,6.1167,6.1167,6.1167,6.1167,6.1167,6.1167,6.1167,6.1167,6.1167,6.1167,6.1167,6.1167,6.1167,6.1167,6.1167,6.1167,6.1167,6.1167,6.1167,6.1167,6.1167,6.1167,6.1167,6.1167,6.1167,6.1167,6.1167,6.1167,6.1167,6.1167,6.1167,6.1167,6.1167,6.1167,6.1167,6.1167,6.1167,6.1167,6.1167,6.1167,6.1167,6.1167,6.1167,6.1167,6.1167,6.1167,6.1167,6.1167
6.1125,6.1125,6.1125,6.1125,6.1125,6.1125,6.1125,6.1125,6.1125,6.1125,6.1125,6.1125,6.1125,6.1125,6.1125,6.1125,6.1125,6.1125,6.1125,6.1125,6.1125,6.1125,6.1125,6.1125,6.1125,6.1125,6.1125,6.1125,6.1125,6.1125,6.1125,6.1125,6.1125,6.1125,6.1125,6.1125,6.1125,6.1125,6.1125,6.1125,6.1125,6.1125,6.1125,6.1125,6.1125,6.1125,6.1125,6.1125,6.1125,6.1125,6.1125,6.1125,6.1125,6.1125,6.1125,6.1125,6.1125,6.1125,6.1125,6.1125,6.1125,6.1125,6.1125,6.1125,6.1125,6.1125,6.1125,6.1125,6.1125,6.1125,6.1125,6.1125,6.1125,6.1125,6.1125,6.1125,6.1125,6.1125,6.1125,6.1125,6.1125,6.1125,6.1125,6.1125,6.1125,6.1125,6.1125,6.1125,6.1125,6.1125,6.1125,6.1125,6.1125,6.1125,6.1125,6.1125,6.1125,6.1125,6.1125,6.1125,6.1125,6.1125,6.1125,6.1125,6.1125,6.1125,6.1125,6.1125,6.1125,6.1125,6.1125,6.1125,6.1125,6.1125,6.1125,6.1125,6.1125,6.1125,6.1125,6.1125,6.1125,6.1125,6.1125,6.1125,6.1125,6.1125,6.1125,6.1125,6.1125,6.1125,6.1125,6.1125,6.1125,6.1125,6.1125,6.1125,6.1125,6.1125,6.1125,6.1125,6.1125,6.1125,6.1125,6.1125,6.1125,6.1125,6.1125,6.1125,6.1125,6.1125,6.1125,6.1125,6.1125,6.1125,6.1125,6.1125,6.1125,6.1125,6.1125,6.1125,6.1125,6.1125,6.1125,6.1125,6.1125,6.1125,6.1125,6.1125,6.1125,6.1125,6.1125,6.1125,6.1125,6.1125,6.1125,6.1125,6.1125,6.1125,6.1125,6.1125,6.1125,6.1125,6.1125,6.1125,6.1125,6.1125,6.1125,6.1125,6.1125,6.1125,6.1125,6.1125,6.1125,6.1125,6.1125,6.1125,6.1125,6.1125,6.1125,6.1125,6.1125,6.1125,6.1125,6.1125,6.1125,6.1125,6.1125,6.1125,6.1125,6.1125,6.1125,6.1125,6.1125,6.1125,6.1125,6.1125,6.1125,6.1125,6.1125,6.1125,6.1125,6.1125,6.1125,6.1125,6.1125,6.1125,6.1125,6.1125,6.1125,6.1125,6.1125,6.1125,6.1125,6.1125,6.1125,6.1125,6.1125,6.1125,6.1125,6.1125,6.1125,6.1125,6.1125,6.1125,6.1125,6.1125,6.1125,6.1125,6.1125,6.1125,6.1125,6.1125,6.1125,6.1125,6.1125,6.1125,6.1125,6.1125,6.1125,6.1125,6.1125,6.1125,6.1125,6.1125,6.1125,6.1125,6.1125,6.1125,6.1125,6.1125,6.1125,6.1125,6.1125,6.1125,6.1125,6.1125,6.1125,6.1125,6.1125,6.1125,6.1125,6.1125,6.1125,6.1125,6.1125,6.1125,6.1125,6.1125,6.1125,6.1125,6.1125,6.1125,6.1125,6.1125,6.1125,6.1125,6.1125,6.1125,6.1125,6.1125,6.1125,6.1125,6.1125,6.1125,6.1125,6.1125,6.1125,6.1125,6.1125,6.1125,6.1125,6.1125,6.1125,6.1125,6.1125,6.1125,6.1125,6.1125,6.1125,6.1125,6.1125,6.1125,6.1125,6.1125,6.1125,6.1125,6.1125,6.1125,6.1125,6.1125,6.1125,6.1125,6.1125,6.1125,6.1125,6.1125,6.1125,6.1125,6.1125,6.1125,6.1125,6.1125,6.1125,6.1125,6.1125,6.1125,6.1125,6.1125,6.1125,6.1125,6.1125,6.1125,6.1125,6.1125,6.1125,6.1125,6.1125,6.1125,6.1125,6.1125,6.1125,6.1125,6.1125,6.1125,6.1125,6.1125,6.1125,6.1125,6.1125,6.1125,6.1125,6.1125,6.1125,6.1125,6.1125,6.1125,6.1125,6.1125,6.1125,6.1125,6.1125,6.1125,6.1125,6.1125,6.1125,6.1125,6.1125,6.1125,6.1125,6.1125,6.1125,6.1125,6.1125,6.1125,6.1125,6.1125,6.1125,6.1125,6.1125,6.1125,6.1125,6.1125,6.1125,6.1125,6.1125,6.1125,6.1125,6.1125,6.1125,6.1125,6.1125,6.1125,6.1125,6.1125,6.1125,6.1125,6.1125,6.1125,6.1125,6.1125,6.1125,6.1125,6.1125,6.1125,6.1125,6.1125,6.1125,6.1125,6.1125,6.1125,6.1125,6.1125,6.1125,6.1125,6.1125,6.1125,6.1125,6.1125,6.1125,6.1125,6.1125,6.1125,6.1125,6.1125,6.1125,6.1125,6.1125,6.1125,6.1125,6.1125,6.1125,6.1125,6.1125,6.1125,6.1125,6.1125,6.1125,6.1125,6.1125,6.1125,6.1125,6.1125,6.1125,6.1125,6.1125,6.1125,6.1125,6.1125,6.1125,6.1125,6.1125,6.1125,6.1125,6.1125,6.1125,6.1125,6.1125,6.1125,6.1125,6.1125,6.1125,6.1125,6.1125,6.1125,6.1125,6.1125,6.1125,6.1125,6.1125,6.1125,6.1125,6.1125,6.1125,6.1125,6.1125,6.1125,6.1125,6.1125,6.1125,6.1125,6.1125,6.1125,6.1125,6.1125,6.1125,6.1125,6.1125,6.1125,6.1125,6.1125,6.1125,6.1125,6.1125,6.1125,6.1125,6.1125,6.1125,6.1125,6.1125,6.1125,6.1125,6.1125,6.1125,6.1125,6.1125,6.1125,6.1125,6.1125,6.1125,6.1125,6.1125,6.1125,6.1125,6.1125,6.1125,6.1125,6.1125,6.1125,6.1125,6.1125,6.1125,6.1125,6.1125,6.1125,6.1125,6.1125,6.1125,6.1125,6.1125,6.1125,6.1125,6.1125,6.1125,6.1125,6.1125,6.1125,6.1125,6.1125,6.1125,6.1125,6.1125,6.1125,6.1125,6.1125,6.1125,6.1125,6.1125,6.1125,6.1125,6.1125,6.1125,6.1125,6.1125,6.1125,6.1125,6.1125,6.1125,6.1125,6.1125,6.1125,6.1125,6.1125,6.1125,6.1125,6.1125,6.1125,6.1125,6.1125,6.1125,6.1125,6.1125,6.1125,6.1125,6.1125,6.1125,6.1125,6.1125,6.1125,6.1125,6.1125,6.1125,6.1125,6.1125,6.1125,6.1125,6.1125,6.1125,6.1125,6.1125,6.1125,6.1125,6.1125,6.1125,6.1125,6.1125,6.1125,6.1125,6.1125,6.1125,6.1125,6.1125,6.1125,6.1125,6.1125,6.1125,6.1125,6.1125,6.1125,6.1125,6.1125,6.1125,6.1125,6.1125,6.1125,6.1125,6.1125,6.1125,6.1125,6.1125,6.1125,6.1125,6.1125,6.1125,6.1125,6.1125,6.1125,6.1125,6.1125,6.1125,6.1125,6.1125,6.1125,6.1125,6.1125,6.1125,6.1125,6.1125,6.1125,6.1125,6.1125,6.1125,6.1125,6.1125,6.1125,6.1125,6.1125,6.1125,6.1125,6.1125,6.1125,6.1125,6.1125,6.1125,6.1125,6.1125,6.1125,6.1125,6.1125,6.1125,6.1125,6.1125,6.1125,6.1125,6.1125,6.1125,6.1125,6.1125,6.1125,6.1125,6.1125,6.1125,6.1125,6.1125,6.1125,6.1125,6.1125,6.1125,6.1125,6.1125,6.1125,6.1125,6.1125,6.1125,6.1125,6.1125,6.1125,6.1125,6.1125,6.1125,6.1125,6.1125,6.1125,6.1125,6.1125,6.1125,6.1125,6.1125,6.1125,6.1125,6.1125,6.1125,6.1125,6.1125,6.1125,6.1125,6.1125,6.1125,6.1125,6.1125,6.1125,6.1125,6.1125,6.1125,6.1125,6.1125,6.1125,6.1125,6.1125,6.1125,6.1125,6.1125,6.1125,6.1125,6.1125,6.1125,6.1125,6.1125,6.1125,6.1125,6.1125,6.1125,6.1125,6.1125,6.1125,6.1125,6.1125,6.1125,6.1125,6.1125,6.1125,6.1125,6.1125,6.1125,6.1125,6.1125,6.1125,6.1125,6.1125,6.1125,6.1125,6.1125,6.1125,6.1125,6.1125,6.1125,6.1125,6.1125,6.1125,6.1125,6.1125,6.1125,6.1125,6.1125,6.1125,6.1125,6.1125,6.1125,6.1125,6.1125,6.1125,6.1125,6.1125,6.1125,6.1125,6.1125,6.1125,6.1125,6.1125,6.1125,6.1125,6.1125,6.1125,6.1125,6.1125,6.1125,6.1125,6.1125,6.1125,6.1125,6.1125,6.1125,6.1125,6.1125,6.1125,6.1125,6.1125,6.1125,6.1125,6.1125,6.1125,6.1125,6.1125,6.1125,6.1125,6.1125,6.1125,6.1125,6.1125,6.1125,6.1125,6.1125,6.1125,6.1125,6.1125,6.1125,6.1125,6.1125,6.1125,6.1125,6.1125,6.1125,6.1125,6.1125,6.1125,6.1125,6.1125,6.1125,6.1125,6.1125,6.1125,6.1125,6.1125,6.1125,6.1125,6.1125,6.1125,6.1125,6.1125,6.1125,6.1125,6.1125,6.1125,6.1125,6.1125,6.1125,6.1125,6.1125,6.1125,6.1125,6.1125,6.1125,6.1125,6.1125,6.1125,6.1125,6.1125,6.1125,6.1125,6.1125,6.1125,6.1125,6.1125,6.1125,6.1125,6.1125,6.1125,6.1125,6.1125,6.1125,6.1125,6.1125,6.1125,6.1125,6.1125,6.1125,6.1125,6.1125,6.1125,6.1125,6.1125,6.1125,6.1125,6.1125,6.1125,6.1125,6.1125,6.1125,6.1125,6.1125,6.1125,6.1125,6.1125,6.1125,6.1125,6.1125,6.1125,6.1125,6.1125,6.1125,6.1125,6.1125,6.1125,6.1125,6.1125,6.1125,6.1125,6.1125,6.1125,6.1125,6.1125,6.1125,6.1125,6.1125,6.1125,6.1125,6.1125,6.1125,6.1125,6.1125,6.1125,6.1125,6.1125,6.1125,6.1125,6.1125,6.1125,6.1125,6.1125,6.1125,6.1125,6.1125,6.1125,6.1125,6.1125,6.1125,6.1125,6.1125,6.1125,6.1125,6.1125
6.1082,6.1082,6.1082,6.1082,6.1082,6.1082,6.1082,6.1082,6.1082,6.1082,6.1082,6.1082,6.1082,6.1082,6.1082,6.1082,6.1082,6.1082,6.1082,6.1082,6.1082,6.1082,6.1082,6.1082,6.1082,6.1082,6.1082,6.1082,6.1082,6.1082,6.1082,6.1082,6.1082,6.1082,6.1082,6.1082,6.1082,6.1082,6.1082,6.1082,6.1082,6.1082,6.1082,6.1082,6.1082,6.1082,6.1082,6.1082,6.1082,6.1082,6.1082,6.1082,6.1082,6.1082,6.1082,6.1082,6.1082,6.1082,6.1082,6.1082,6.1082,6.1082,6.1082,6.1082,6.1082,6.1082,6.1082,6.1082,6.1082,6.1082,6.1082,6.1082,6.1082,6.1082,6.1082,6.1082,6.1082,6.1082,6.1082,6.1082,6.1082,6.1082,6.1082,6.1082,6.1082,6.1082,6.1082,6.1082,6.1082,6.1082,6.1082,6.1082,6.1082,6.1082,6.1082,6.1082,6.1082,6.1082,6.1082,6.1082,6.1082,6.1082,6.1082,6.1082,6.1082,6.1082,6.1082,6.1082,6.1082,6.1082,6.1082,6.1082,6.1082,6.1082,6.1082,6.1082,6.1082,6.1082,6.1082,6.1082,6.1082,6.1082,6.1082,6.1082,6.1082,6.1082,6.1082,6.1082,6.1082,6.1082,6.1082,6.1082,6.1082,6.1082,6.1082,6.1082,6.1082,6.1082,6.1082,6.1082,6.1082,6.1082,6.1082,6.1082,6.1082,6.1082,6.1082,6.1082,6.1082,6.1082,6.1082,6.1082,6.1082,6.1082,6.1082,6.1082,6.1082,6.1082,6.1082,6.1082,6.1082,6.1082,6.1082,6.1082,6.1082,6.1082,6.1082,6.1082,6.1082,6.1082,6.1082,6.1082,6.1082,6.1082,6.1082,6.1082,6.1082,6.1082,6.1082,6.1082,6.1082,6.1082,6.1082,6.1082,6.1082,6.1082,6.1082,6.1082,6.1082,6.1082,6.1082,6.1082,6.1082,6.1082,6.1082,6.1082,6.1082,6.1082,6.1082,6.1082,6.1082,6.1082,6.1082,6.1082,6.1082,6.1082,6.1082,6.1082,6.1082,6.1082,6.1082,6.1082,6.1082,6.1082,6.1082,6.1082,6.1082,6.1082,6.1082,6.1082,6.1082,6.1082,6.1082,6.1082,6.1082,6.1082,6.1082,6.1082,6.1082,6.1082,6.1082,6.1082,6.1082,6.1082,6.1082,6.1082,6.1082,6.1082,6.1082,6.1082,6.1082,6.1082,6.1082,6.1082,6.1082,6.1082,6.1082,6.1082,6.1082,6.1082,6.1082,6.1082,6.1082,6.1082,6.1082,6.1082,6.1082,6.1082,6.1082,6.1082,6.1082,6.1082,6.1082,6.1082,6.1082,6.1082,6.1082,6.1082,6.1082,6.1082,6.1082,6.1082,6.1082,6.1082,6.1082,6.1082,6.1082,6.1082,6.1082,6.1082,6.1082,6.1082,6.1082,6.1082,6.1082,6.1082,6.1082,6.1082,6.1082,6.1082,6.1082,6.1082,6.1082,6.1082,6.1082,6.1082,6.1082,6.1082,6.1082,6.1082,6.1082,6.1082,6.1082,6.1082,6.1082,6.1082,6.1082,6.1082,6.1082,6.1082,6.1082,6.1082,6.1082,6.1082,6.1082,6.1082,6.1082,6.1082,6.1082,6.1082,6.1082,6.1082,6.1082,6.1082,6.1082,6.1082,6.1082,6.1082,6.1082,6.1082,6.1082,6.1082,6.1082,6.1082,6.1082,6.1082,6.1082,6.1082,6.1082,6.1082,6.1082,6.1082,6.1082,6.1082,6.1082,6.1082,6.1082,6.1082,6.1082,6.1082,6.1082,6.1082,6.1082,6.1082,6.1082,6.1082,6.1082,6.1082,6.1082,6.1082,6.1082,6.1082,6.1082,6.1082,6.1082,6.1082,6.1082,6.1082,6.1082,6.1082,6.1082,6.1082,6.1082,6.1082,6.1082,6.1082,6.1082,6.1082,6.1082,6.1082,6.1082,6.1082,6.1082,6.1082,6.1082,6.1082,6.1082,6.1082,6.1082,6.1082,6.1082,6.1082,6.1082,6.1082,6.1082,6.1082,6.1082,6.1082,6.1082,6.1082,6.1082,6.1082,6.1082,6.1082,6.1082,6.1082,6.1082,6.1082,6.1082,6.1082,6.1082,6.1082,6.1082,6.1082,6.1082,6.1082,6.1082,6.1082,6.1082,6.1082,6.1082,6.1082,6.1082,6.1082,6.1082,6.1082,6.1082,6.1082,6.1082,6.1082,6.1082,6.1082,6.1082,6.1082,6.1082,6.1082,6.1082,6.1082,6.1082,6.1082,6.1082,6.1082,6.1082,6.1082,6.1082,6.1082,6.1082,6.1082,6.1082,6.1082,6.1082,6.1082,6.1082,6.1082,6.1082,6.1082,6.1082,6.1082,6.1082,6.1082,6.1082,6.1082,6.1082,6.1082,6.1082,6.1082,6.1082,6.1082,6.1082,6.1082,6.1082,6.1082,6.1082,6.1082,6.1082,6.1082,6.1082,6.1082,6.1082,6.1082,6.1082,6.1082,6.1082,6.1082,6.1082,6.1082,6.1082,6.1082,6.1082,6.1082,6.1082,6.1082,6.1082,6.1082,6.1082,6.1082,6.1082,6.1082,6.1082,6.1082,6.1082,6.1082,6.1082,6.1082,6.1082,6.1082,6.1082,6.1082,6.1082,6.1082,6.1082,6.1082,6.1082,6.1082,6.1082,6.1082,6.1082,6.1082,6.1082,6.1082,6.1082,6.1082,6.1082,6.1082,6.1082,6.1082,6.1082,6.1082,6.1082,6.1082,6.1082,6.1082,6.1082,6.1082,6.1082,6.1082,6.1082,6.1082,6.1082,6.1082,6.1082,6.1082,6.1082,6.1082,6.1082,6.1082,6.1082,6.1082,6.1082,6.1082,6.1082,6.1082,6.1082,6.1082,6.1082,6.1082,6.1082,6.1082,6.1082,6.1082,6.1082,6.1082,6.1082,6.1082,6.1082,6.1082,6.1082,6.1082,6.1082,6.1082,6.1082,6.1082,6.1082,6.1082,6.1082,6.1082,6.1082,6.1082,6.1082,6.1082,6.1082,6.1082,6.1082,6.1082,6.1082,6.1082,6.1082,6.1082,6.1082,6.1082,6.1082,6.1082,6.1082,6.1082,6.1082,6.1082,6.1082,6.1082,6.1082,6.1082,6.1082,6.1082,6.1082,6.1082,6.1082,6.1082,6.1082,6.1082,6.1082,6.1082,6.1082,6.1082,6.1082,6.1082,6.1082,6.1082,6.1082,6.1082,6.1082,6.1082,6.1082,6.1082,6.1082,6.1082,6.1082,6.1082,6.1082,6.1082,6.1082,6.1082,6.1082,6.1082,6.1082,6.1082,6.1082,6.1082,6.1082,6.1082,6.1082,6.1082,6.1082,6.1082,6.1082,6.1082,6.1082,6.1082,6.1082,6.1082,6.1082,6.1082,6.1082,6.1082,6.1082,6.1082,6.1082,6.1082,6.1082,6.1082,6.1082,6.1082,6.1082,6.1082,6.1082,6.1082,6.1082,6.1082,6.1082,6.1082,6.1082,6.1082,6.1082,6.1082,6.1082,6.1082,6.1082,6.1082,6.1082,6.1082,6.1082,6.1082,6.1082,6.1082,6.1082,6.1082,6.1082,6.1082,6.1082,6.1082,6.1082,6.1082,6.1082,6.1082,6.1082,6.1082,6.1082,6.1082,6.1082,6.1082,6.1082,6.1082,6.1082,6.1082,6.1082,6.1082,6.1082,6.1082,6.1082,6.1082,6.1082,6.1082,6.1082,6.1082,6.1082,6.1082,6.1082,6.1082,6.1082,6.1082,6.1082,6.1082,6.1082,6.1082,6.1082,6.1082,6.1082,6.1082,6.1082,6.1082,6.1082,6.1082,6.1082,6.1082,6.1082,6.1082,6.1082,6.1082,6.1082,6.1082,6.1082,6.1082,6.1082,6.1082,6.1082,6.1082,6.1082,6.1082,6.1082,6.1082,6.1082,6.1082,6.1082,6.1082,6.1082,6.1082,6.1082,6.1082,6.1082,6.1082,6.1082,6.1082,6.1082,6.1082,6.1082,6.1082,6.1082,6.1082,6.1082,6.1082,6.1082,6.1082,6.1082,6.1082,6.1082,6.1082,6.1082,6.1082,6.1082,6.1082,6.1082,6.1082,6.1082,6.1082,6.1082,6.1082,6.1082,6.1082,6.1082,6.1082,6.1082,6.1082,6.1082,6.1082,6.1082,6.1082,6.1082,6.1082,6.1082,6.1082,6.1082,6.1082,6.1082,6.1082,6.1082,6.1082,6.1082,6.1082,6.1082,6.1082,6.1082,6.1082,6.1082,6.1082,6.1082,6.1082,6.1082,6.1082,6.1082,6.1082,6.1082,6.1082,6.1082,6.1082,6.1082,6.1082,6.1082,6.1082,6.1082,6.1082,6.1082,6.1082,6.1082,6.1082,6.1082,6.1082,6.1082,6.1082,6.1082,6.1082,6.1082,6.1082,6.1082,6.1082,6.1082,6.1082,6.1082,6.1082,6.1082,6.1082,6.1082,6.1082,6.1082,6.1082,6.1082,6.1082,6.1082,6.1082,6.1082,6.1082,6.1082,6.1082,6.1082,6.1082,6.1082,6.1082,6.1082,6.1082,6.1082,6.1082,6.1082,6.1082,6.1082,6.1082,6.1082,6.1082,6.1082,6.1082,6.1082,6.1082,6.1082,6.1082,6.1082,6.1082,6.1082,6.1082,6.1082,6.1082,6.1082,6.1082,6.1082,6.1082,6.1082,6.1082,6.1082,6.1082,6.1082,6.1082,6.1082,6.1082,6.1082,6.1082,6.1082,6.1082,6.1082,6.1082,6.1082,6.1082,6.1082,6.1082,6.1082,6.1082,6.1082,6.1082,6.1082,6.1082,6.1082,6.1082,6.1082,6.1082,6.1082,6.1082,6.1082,6.1082,6.1082,6.1082,6.1082,6.1082,6.1082,6.1082,6.1082,6.1082,6.1082,6.1082,6.1082,6.1082,6.1082,6.1082,6.1082,6.1082,6.1082,6.1082,6.1082,6.1082,6.1082,6.1082,6.1082,6.1082,6.1082,6.1082,6.1082,6.1082,6.1082,6.1082,6.1082,6.1082,6.1082,6.1082,6.1082,6.1082,6.1082,6.1082
6.1040,6.1040,6.1040,6.1040,6.1040,6.1040,6.1040,6.1040,6.1040,6.1040,6.1040,6.1040,6.1040,6.1040,6.1040,6.1040,6.1040,6.1040,6.1040,6.1040,6.1040,6.1040,6.1040,6.1040,6.1040,6.1040,6.1040,6.1040,6.1040,6.1040,6.1040,6.1040,6.1040,6.1040,6.1040,6.1040,6.1040,6.1040,6.1040,6.1040,6.1040,6.1040,6.1040,6.1040,6.1040,6.1040,6.1040,6.1040,6.1040,6.1040,6.1040,6.1040,6.1040,6.1040,6.1040,6.1040,6.1040,6.1040,6.1040,6.1040,6.1040,6.1040,6.1040,6.1040,6.1040,6.1040,6.1040,6.1040,6.1040,6.1040,6.1040,6.1040,6.1040,6.1040,6.1040,6.1040,6.1040,6.1040,6.1040,6.1040,6.1040,6.1040,6.1040,6.1040,6.1040,6.1040,6.1040,6.1040,6.1040,6.1040,6.1040,6.1040,6.1040,6.1040,6.1040,6.1040,6.1040,6.1040,6.1040,6.1040,6.1040,6.1040,6.1040,6.1040,6.1040,6.1040,6.1040,6.1040,6.1040,6.1040,6.1040,6.1040,6.1040,6.1040,6.1040,6.1040,6.1040,6.1040,6.1040,6.1040,6.1040,6.1040,6.1040,6.1040,6.1040,6.1040,6.1040,6.1040,6.1040,6.1040,6.1040,6.1040,6.1040,6.1040,6.1040,6.1040,6.1040,6.1040,6.1040,6.1040,6.1040,6.1040,6.1040,6.1040,6.1040,6.1040,6.1040,6.1040,6.1040,6.1040,6.1040,6.1040,6.1040,6.1040,6.1040,6.1040,6.1040,6.1040,6.1040,6.1040,6.1040,6.1040,6.1040,6.1040,6.1040,6.1040,6.1040,6.1040,6.1040,6.1040,6.1040,6.1040,6.1040,6.1040,6.1040,6.1040,6.1040,6.1040,6.1040,6.1040,6.1040,6.1040,6.1040,6.1040,6.1040,6.1040,6.1040,6.1040,6.1040,6.1040,6.1040,6.1040,6.1040,6.1040,6.1040,6.1040,6.1040,6.1040,6.1040,6.1040,6.1040,6.1040,6.1040,6.1040,6.1040,6.1040,6.1040,6.1040,6.1040,6.1040,6.1040,6.1040,6.1040,6.1040,6.1040,6.1040,6.1040,6.1040,6.1040,6.1040,6.1040,6.1040,6.1040,6.1040,6.1040,6.1040,6.1040,6.1040,6.1040,6.1040,6.1040,6.1040,6.1040,6.1040,6.1040,6.1040,6.1040,6.1040,6.1040,6.1040,6.1040,6.1040,6.1040,6.1040,6.1040,6.1040,6.1040,6.1040,6.1040,6.1040,6.1040,6.1040,6.1040,6.1040,6.1040,6.1040,6.1040,6.1040,6.1040,6.1040,6.1040,6.1040,6.1040,6.1040,6.1040,6.1040,6.1040,6.1040,6.1040,6.1040,6.1040,6.1040,6.1040,6.1040,6.1040,6.1040,6.1040,6.1040,6.1040,6.1040,6.1040,6.1040,6.1040,6.1040,6.1040,6.1040,6.1040,6.1040,6.1040,6.1040,6.1040,6.1040,6.1040,6.1040,6.1040,6.1040,6.1040,6.1040,6.1040,6.1040,6.1040,6.1040,6.1040,6.1040,6.1040,6.1040,6.1040,6.1040,6.1040,6.1040,6.1040,6.1040,6.1040,6.1040,6.1040,6.1040,6.1040,6.1040,6.1040,6.1040,6.1040,6.1040,6.1040,6.1040,6.1040,6.1040,6.1040,6.1040,6.1040,6.1040,6.1040,6.1040,6.1040,6.1040,6.1040,6.1040,6.1040,6.1040,6.1040,6.1040,6.1040,6.1040,6.1040,6.1040,6.1040,6.1040,6.1040,6.1040,6.1040,6.1040,6.1040,6.1040,6.1040,6.1040,6.1040,6.1040,6.1040,6.1040,6.1040,6.1040,6.1040,6.1040,6.1040,6.1040,6.1040,6.1040,6.1040,6.1040,6.1040,6.1040,6.1040,6.1040,6.1040,6.1040,6.1040,6.1040,6.1040,6.1040,6.1040,6.1040,6.1040,6.1040,6.1040,6.1040,6.1040,6.1040,6.1040,6.1040,6.1040,6.1040,6.1040,6.1040,6.1040,6.1040,6.1040,6.1040,6.1040,6.1040,6.1040,6.1040,6.1040,6.1040,6.1040,6.1040,6.1040,6.1040,6.1040,6.1040,6.1040,6.1040,6.1040,6.1040,6.1040,6.1040,6.1040,6.1040,6.1040,6.1040,6.1040,6.1040,6.1040,6.1040,6.1040,6.1040,6.1040,6.1040,6.1040,6.1040,6.1040,6.1040,6.1040,6.1040,6.1040,6.1040,6.1040,6.1040,6.1040,6.1040,6.1040,6.1040,6.1040,6.1040,6.1040,6.1040,6.1040,6.1040,6.1040,6.1040,6.1040,6.1040,6.1040,6.1040,6.1040,6.1040,6.1040,6.1040,6.1040,6.1040,6.1040,6.1040,6.1040,6.1040,6.1040,6.1040,6.1040,6.1040,6.1040,6.1040,6.1040,6.1040,6.1040,6.1040,6.1040,6.1040,6.1040,6.1040,6.1040,6.1040,6.1040,6.1040,6.1040,6.1040,6.1040,6.1040,6.1040,6.1040,6.1040,6.1040,6.1040,6.1040,6.1040,6.1040,6.1040,6.1040,6.1040,6.1040,6.1040,6.1040,6.1040,6.1040,6.1040,6.1040,6.1040,6.1040,6.1040,6.1040,6.1040,6.1040,6.1040,6.1040,6.1040,6.1040,6.1040,6.1040,6.1040,6.1040,6.1040,6.1040,6.1040,6.1040,6.1040,6.1040,6.1040,6.1040,6.1040,6.1040,6.1040,6.1040,6.1040,6.1040,6.1040,6.1040,6.1040,6.1040,6.1040,6.1040,6.1040,6.1040,6.1040,6.1040,6.1040,6.1040,6.1040,6.1040,6.1040,6.1040,6.1040,6.1040,6.1040,6.1040,6.1040,6.1040,6.1040,6.1040,6.1040,6.1040,6.1040,6.1040,6.1040,6.1040,6.1040,6.1040,6.1040,6.1040,6.1040,6.1040,6.1040,6.1040,6.1040,6.1040,6.1040,6.1040,6.1040,6.1040,6.1040,6.1040,6.1040,6.1040,6.1040,6.1040,6.1040,6.1040,6.1040,6.1040,6.1040,6.1040,6.1040,6.1040,6.1040,6.1040,6.1040,6.1040,6.1040,6.1040,6.1040,6.1040,6.1040,6.1040,6.1040,6.1040,6.1040,6.1040,6.1040,6.1040,6.1040,6.1040,6.1040,6.1040,6.1040,6.1040,6.1040,6.1040,6.1040,6.1040,6.1040,6.1040,6.1040,6.1040,6.1040,6.1040,6.1040,6.1040,6.1040,6.1040,6.1040,6.1040,6.1040,6.1040,6.1040,6.1040,6.1040,6.1040,6.1040,6.1040,6.1040,6.1040,6.1040,6.1040,6.1040,6.1040,6.1040,6.1040,6.1040,6.1040,6.1040,6.1040,6.1040,6.1040,6.1040,6.1040,6.1040,6.1040,6.1040,6.1040,6.1040,6.1040,6.1040,6.1040,6.1040,6.1040,6.1040,6.1040,6.1040,6.1040,6.1040,6.1040,6.1040,6.1040,6.1040,6.1040,6.1040,6.1040,6.1040,6.1040,6.1040,6.1040,6.1040,6.1040,6.1040,6.1040,6.1040,6.1040,6.1040,6.1040,6.1040,6.1040,6.1040,6.1040,6.1040,6.1040,6.1040,6.1040,6.1040,6.1040,6.1040,6.1040,6.1040,6.1040,6.1040,6.1040,6.1040,6.1040,6.1040,6.1040,6.1040,6.1040,6.1040,6.1040,6.1040,6.1040,6.1040,6.1040,6.1040,6.1040,6.1040,6.1040,6.1040,6.1040,6.1040,6.1040,6.1040,6.1040,6.1040,6.1040,6.1040,6.1040,6.1040,6.1040,6.1040,6.1040,6.1040,6.1040,6.1040,6.1040,6.1040,6.1040,6.1040,6.1040,6.1040,6.1040,6.1040,6.1040,6.1040,6.1040,6.1040,6.1040,6.1040,6.1040,6.1040,6.1040,6.1040,6.1040,6.1040,6.1040,6.1040,6.1040,6.1040,6.1040,6.1040,6.1040,6.1040,6.1040,6.1040,6.1040,6.1040,6.1040,6.1040,6.1040,6.1040,6.1040,6.1040,6.1040,6.1040,6.1040,6.1040,6.1040,6.1040,6.1040,6.1040,6.1040,6.1040,6.1040,6.1040,6.1040,6.1040,6.1040,6.1040,6.1040,6.1040,6.1040,6.1040,6.1040,6.1040,6.1040,6.1040,6.1040,6.1040,6.1040,6.1040,6.1040,6.1040,6.1040,6.1040,6.1040,6.1040,6.1040,6.1040,6.1040,6.1040,6.1040,6.1040,6.1040,6.1040,6.1040,6.1040,6.1040,6.1040,6.1040,6.1040,6.1040,6.1040,6.1040,6.1040,6.1040,6.1040,6.1040,6.1040,6.1040,6.1040,6.1040,6.1040,6.1040,6.1040,6.1040,6.1040,6.1040,6.1040,6.1040,6.1040,6.1040,6.1040,6.1040,6.1040,6.1040,6.1040,6.1040,6.1040,6.1040,6.1040,6.1040,6.1040,6.1040,6.1040,6.1040,6.1040,6.1040,6.1040,6.1040,6.1040,6.1040,6.1040,6.1040,6.1040,6.1040,6.1040,6.1040,6.1040,6.1040,6.1040,6.1040,6.1040,6.1040,6.1040,6.1040,6.1040,6.1040,6.1040,6.1040,6.1040,6.1040,6.1040,6.1040,6.1040,6.1040,6.1040,6.1040,6.1040,6.1040,6.1040,6.1040,6.1040,6.1040,6.1040,6.1040,6.1040,6.1040,6.1040,6.1040,6.1040,6.1040,6.1040,6.1040,6.1040,6.1040,6.1040,6.1040,6.1040,6.1040,6.1040,6.1040,6.1040,6.1040,6.1040,6.1040,6.1040,6.1040,6.1040,6.1040,6.1040,6.1040,6.1040,6.1040,6.1040,6.1040,6.1040,6.1040,6.1040,6.1040,6.1040,6.1040,6.1040,6.1040,6.1040,6.1040,6.1040,6.1040,6.1040,6.1040,6.1040,6.1040,6.1040,6.1040,6.1040,6.1040,6.1040,6.1040,6.1040,6.1040,6.1040,6.1040,6.1040,6.1040,6.1040,6.1040,6.1040,6.1040,6.1040,6.1040,6.1040,6.1040
6.1000,6.1000,6.1000,6.1000,6.1000,6.1000,6.1000,6.1000,6.1000,6.1000,6.1000,6.1000,6.1000,6.1000,6.1000,6.1000,6.1000,6.1000,6.1000,6.1000,6.1000,6.1000,6.1000,6.1000,6.1000,6.1000,6.1000,6.1000,6.1000,6.1000,6.1000,6.1000,6.1000,6.1000,6.1000,6.1000,6.1000,6.1000,6.1000,6.1000,6.1000,6.1000,6.1000,6.1000,6.1000,6.1000,6.1000,6.1000,6.1000,6.1000,6.1000,6.1000,6.1000,6.1000,6.1000,6.1000,6.1000,6.1000,6.1000,6.1000,6.1000,6.1000,6.1000,6.1000,6.1000,6.1000,6.1000,6.1000,6.1000,6.1000,6.1000,6.1000,6.1000,6.1000,6.1000,6.1000,6.1000,6.1000,6.1000,6.1000,6.1000,6.1000,6.1000,6.1000,6.1000,6.1000,6.1000,6.1000,6.1000,6.1000,6.1000,6.1000,6.1000,6.1000,6.1000,6.1000,6.1000,6.1000,6.1000,6.1000,6.1000,6.1000,6.1000,6.1000,6.1000,6.1000,6.1000,6.1000,6.1000,6.1000,6.1000,6.1000,6.1000,6.1000,6.1000,6.1000,6.1000,6.1000,6.1000,6.1000,6.1000,6.1000,6.1000,6.1000,6.1000,6.1000,6.1000,6.1000,6.1000,6.1000,6.1000,6.1000,6.1000,6.1000,6.1000,6.1000,6.1000,6.1000,6.1000,6.1000,6.1000,6.1000,6.1000,6.1000,6.1000,6.1000,6.1000,6.1000,6.1000,6.1000,6.1000,6.1000,6.1000,6.1000,6.1000,6.1000,6.1000,6.1000,6.1000,6.1000,6.1000,6.1000,6.1000,6.1000,6.1000,6.1000,6.1000,6.1000,6.1000,6.1000,6.1000,6.1000,6.1000,6.1000,6.1000,6.1000,6.1000,6.1000,6.1000,6.1000,6.1000,6.1000,6.1000,6.1000,6.1000,6.1000,6.1000,6.1000,6.1000,6.1000,6.1000,6.1000,6.1000,6.1000,6.1000,6.1000,6.1000,6.1000,6.1000,6.1000,6.1000,6.1000,6.1000,6.1000,6.1000,6.1000,6.1000,6.1000,6.1000,6.1000,6.1000,6.1000,6.1000,6.1000,6.1000,6.1000,6.1000,6.1000,6.1000,6.1000,6.1000,6.1000,6.1000,6.1000,6.1000,6.1000,6.1000,6.1000,6.1000,6.1000,6.1000,6.1000,6.1000,6.1000,6.1000,6.1000,6.1000,6.1000,6.1000,6.1000,6.1000,6.1000,6.1000,6.1000,6.1000,6.1000,6.1000,6.1000,6.1000,6.1000,6.1000,6.1000,6.1000,6.1000,6.1000,6.1000,6.1000,6.1000,6.1000,6.1000,6.1000,6.1000,6.1000,6.1000,6.1000,6.1000,6.1000,6.1000,6.1000,6.1000,6.1000,6.1000,6.1000,6.1000,6.1000,6.1000,6.1000,6.1000,6.1000,6.1000,6.1000,6.1000,6.1000,6.1000,6.1000,6.1000,6.1000,6.1000,6.1000,6.1000,6.1000,6.1000,6.1000,6.1000,6.1000,6.1000,6.1000,6.1000,6.1000,6.1000,6.1000,6.1000,6.1000,6.1000,6.1000,6.1000,6.1000,6.1000,6.1000,6.1000,6.1000,6.1000,6.1000,6.1000,6.1000,6.1000,6.1000,6.1000,6.1000,6.1000,6.1000,6.1000,6.1000,6.1000,6.1000,6.1000,6.1000,6.1000,6.1000,6.1000,6.1000,6.1000,6.1000,6.1000,6.1000,6.1000,6.1000,6.1000,6.1000,6.1000,6.1000,6.1000,6.1000,6.1000,6.1000,6.1000,6.1000,6.1000,6.1000,6.1000,6.1000,6.1000,6.1000,6.1000,6.1000,6.1000,6.1000,6.1000,6.1000,6.1000,6.1000,6.1000,6.1000,6.1000,6.1000,6.1000,6.1000,6.1000,6.1000,6.1000,6.1000,6.1000,6.1000,6.1000,6.1000,6.1000,6.1000,6.1000,6.1000,6.1000,6.1000,6.1000,6.1000,6.1000,6.1000,6.1000,6.1000,6.1000,6.1000,6.1000,6.1000,6.1000,6.1000,6.1000,6.1000,6.1000,6.1000,6.1000,6.1000,6.1000,6.1000,6.1000,6.1000,6.1000,6.1000,6.1000,6.1000,6.1000,6.1000,6.1000,6.1000,6.1000,6.1000,6.1000,6.1000,6.1000,6.1000,6.1000,6.1000,6.1000,6.1000,6.1000,6.1000,6.1000,6.1000,6.1000,6.1000,6.1000,6.1000,6.1000,6.1000,6.1000,6.1000,6.1000,6.1000,6.1000,6.1000,6.1000,6.1000,6.1000,6.1000,6.1000,6.1000,6.1000,6.1000,6.1000,6.1000,6.1000,6.1000,6.1000,6.1000,6.1000,6.1000,6.1000,6.1000,6.1000,6.1000,6.1000,6.1000,6.1000,6.1000,6.1000,6.1000,6.1000,6.1000,6.1000,6.1000,6.1000,6.1000,6.1000,6.1000,6.1000,6.1000,6.1000,6.1000,6.1000,6.1000,6.1000,6.1000,6.1000,6.1000,6.1000,6.1000,6.1000,6.1000,6.1000,6.1000,6.1000,6.1000,6.1000,6.1000,6.1000,6.1000,6.1000,6.1000,6.1000,6.1000,6.1000,6.1000,6.1000,6.1000,6.1000,6.1000,6.1000,6.1000,6.1000,6.1000,6.1000,6.1000,6.1000,6.1000,6.1000,6.1000,6.1000,6.1000,6.1000,6.1000,6.1000,6.1000,6.1000,6.1000,6.1000,6.1000,6.1000,6.1000,6.1000,6.1000,6.1000,6.1000,6.1000,6.1000,6.1000,6.1000,6.1000,6.1000,6.1000,6.1000,6.1000,6.1000,6.1000,6.1000,6.1000,6.1000,6.1000,6.1000,6.1000,6.1000,6.1000,6.1000,6.1000,6.1000,6.1000,6.1000,6.1000,6.1000,6.1000,6.1000,6.1000,6.1000,6.1000,6.1000,6.1000,6.1000,6.1000,6.1000,6.1000,6.1000,6.1000,6.1000,6.1000,6.1000,6.1000,6.1000,6.1000,6.1000,6.1000,6.1000,6.1000,6.1000,6.1000,6.1000,6.1000,6.1000,6.1000,6.1000,6.1000,6.1000,6.1000,6.1000,6.1000,6.1000,6.1000,6.1000,6.1000,6.1000,6.1000,6.1000,6.1000,6.1000,6.1000,6.1000,6.1000,6.1000,6.1000,6.1000,6.1000,6.1000,6.1000,6.1000,6.1000,6.1000,6.1000,6.1000,6.1000,6.1000,6.1000,6.1000,6.1000,6.1000,6.1000,6.1000,6.1000,6.1000,6.1000,6.1000,6.1000,6.1000,6.1000,6.1000,6.1000,6.1000,6.1000,6.1000,6.1000,6.1000,6.1000,6.1000,6.1000,6.1000,6.1000,6.1000,6.1000,6.1000,6.1000,6.1000,6.1000,6.1000,6.1000,6.1000,6.1000,6.1000,6.1000,6.1000,6.1000,6.1000,6.1000,6.1000,6.1000,6.1000,6.1000,6.1000,6.1000,6.1000,6.1000,6.1000,6.1000,6.1000,6.1000,6.1000,6.1000,6.1000,6.1000,6.1000,6.1000,6.1000,6.1000,6.1000,6.1000,6.1000,6.1000,6.1000,6.1000,6.1000,6.1000,6.1000,6.1000,6.1000,6.1000,6.1000,6.1000,6.1000,6.1000,6.1000,6.1000,6.1000,6.1000,6.1000,6.1000,6.1000,6.1000,6.1000,6.1000,6.1000,6.1000,6.1000,6.1000,6.1000,6.1000,6.1000,6.1000,6.1000,6.1000,6.1000,6.1000,6.1000,6.1000,6.1000,6.1000,6.1000,6.1000,6.1000,6.1000,6.1000,6.1000,6.1000,6.1000,6.1000,6.1000,6.1000,6.1000,6.1000,6.1000,6.1000,6.1000,6.1000,6.1000,6.1000,6.1000,6.1000,6.1000,6.1000,6.1000,6.1000,6.1000,6.1000,6.1000,6.1000,6.1000,6.1000,6.1000,6.1000,6.1000,6.1000,6.1000,6.1000,6.1000,6.1000,6.1000,6.1000,6.1000,6.1000,6.1000,6.1000,6.1000,6.1000,6.1000,6.1000,6.1000,6.1000,6.1000,6.1000,6.1000,6.1000,6.1000,6.1000,6.1000,6.1000,6.1000,6.1000,6.1000,6.1000,6.1000,6.1000,6.1000,6.1000,6.1000,6.1000,6.1000,6.1000,6.1000,6.1000,6.1000,6.1000,6.1000,6.1000,6.1000,6.1000,6.1000,6.1000,6.1000,6.1000,6.1000,6.1000,6.1000,6.1000,6.1000,6.1000,6.1000,6.1000,6.1000,6.1000,6.1000,6.1000,6.1000,6.1000,6.1000,6.1000,6.1000,6.1000,6.1000,6.1000,6.1000,6.1000,6.1000,6.1000,6.1000,6.1000,6.1000,6.1000,6.1000,6.1000,6.1000,6.1000,6.1000,6.1000,6.1000,6.1000,6.1000,6.1000,6.1000,6.1000,6.1000,6.1000,6.1000,6.1000,6.1000,6.1000,6.1000,6.1000,6.1000,6.1000,6.1000,6.1000,6.1000,6.1000,6.1000,6.1000,6.1000,6.1000,6.1000,6.1000,6.1000,6.1000,6.1000,6.1000,6.1000,6.1000,6.1000,6.1000,6.1000,6.1000,6.1000,6.1000,6.1000,6.1000,6.1000,6.1000,6.1000,6.1000,6.1000,6.1000,6.1000,6.1000,6.1000,6.1000,6.1000,6.1000,6.1000,6.1000,6.1000,6.1000,6.1000,6.1000,6.1000,6.1000,6.1000,6.1000,6.1000,6.1000,6.1000,6.1000,6.1000,6.1000,6.1000,6.1000,6.1000,6.1000,6.1000,6.1000,6.1000,6.1000,6.1000,6.1000,6.1000,6.1000,6.1000,6.1000,6.1000,6.1000,6.1000,6.1000,6.1000,6.1000,6.1000,6.1000,6.1000,6.1000,6.1000,6.1000,6.1000,6.1000,6.1000,6.1000,6.1000,6.1000,6.1000,6.1000,6.1000,6.1000,6.1000,6.1000,6.1000,6.1000,6.1000,6.1000,6.1000,6.1000,6.1000,6.1000,6.1000,6.1000,6.1000,6.1000,6.1000,6.1000,6.1000,6.1000,6.1000,6.0998,6.0998
6.0958,6.0958,6.0958,6.0958,6.0958,6.0958,6.0958,6.0958,6.0958,6.0958,6.0958,6.0958,6.0958,6.0958,6.0958,6.0958,6.0958,6.0958,6.0958,6.0958,6.0958,6.0958,6.0958,6.0958,6.0958,6.0958,6.0958,6.0958,6.0958,6.0958,6.0958,6.0958,6.0958,6.0958,6.0958,6.0958,6.0958,6.0958,6.0958,6.0958,6.0958,6.0958,6.0958,6.0958,6.0958,6.0958,6.0958,6.0958,6.0958,6.0958,6.0958,6.0958,6.0958,6.0958,6.0958,6.0958,6.0958,6.0958,6.0958,6.0958,6.0958,6.0958,6.0958,6.0958,6.0958,6.0958,6.0958,6.0958,6.0958,6.0958,6.0958,6.0958,6.0958,6.0958,6.0958,6.0958,6.0958,6.0958,6.0958,6.0958,6.0958,6.0958,6.0958,6.0958,6.0958,6.0958,6.0958,6.0958,6.0958,6.0958,6.0958,6.0958,6.0958,6.0958,6.0958,6.0958,6.0958,6.0958,6.0958,6.0958,6.0958,6.0958,6.0958,6.0958,6.0958,6.0958,6.0958,6.0958,6.0958,6.0958,6.0958,6.0958,6.0958,6.0958,6.0958,6.0958,6.0958,6.0958,6.0958,6.0958,6.0958,6.0958,6.0958,6.0958,6.0958,6.0958,6.0958,6.0958,6.0958,6.0958,6.0958,6.0958,6.0958,6.0958,6.0958,6.0958,6.0958,6.0958,6.0958,6.0958,6.0958,6.0958,6.0958,6.0958,6.0958,6.0958,6.0958,6.0958,6.0958,6.0958,6.0958,6.0958,6.0958,6.0958,6.0958,6.0958,6.0958,6.0958,6.0958,6.0958,6.0958,6.0958,6.0958,6.0958,6.0958,6.0958,6.0958,6.0958,6.0958,6.0958,6.0958,6.0958,6.0958,6.0958,6.0958,6.0958,6.0958,6.0958,6.0958,6.0958,6.0958,6.0958,6.0958,6.0958,6.0958,6.0958,6.0958,6.0958,6.0958,6.0958,6.0958,6.0958,6.0958,6.0958,6.0958,6.0958,6.0958,6.0958,6.0958,6.0958,6.0958,6.0958,6.0958,6.0958,6.0958,6.0958,6.0958,6.0958,6.0958,6.0958,6.0958,6.0958,6.0958,6.0958,6.0958,6.0958,6.0958,6.0958,6.0958,6.0958,6.0958,6.0958,6.0958,6.0958,6.0958,6.0958,6.0958,6.0958,6.0958,6.0958,6.0958,6.0958,6.0958,6.0958,6.0958,6.0958,6.0958,6.0958,6.0958,6.0958,6.0958,6.0958,6.0958,6.0958,6.0958,6.0958,6.0958,6.0958,6.0958,6.0958,6.0958,6.0958,6.0958,6.0958,6.0958,6.0958,6.0958,6.0958,6.0958,6.0958,6.0958,6.0958,6.0958,6.0958,6.0958,6.0958,6.0958,6.0958,6.0958,6.0958,6.0958,6.0958,6.0958,6.0958,6.0958,6.0958,6.0958,6.0958,6.0958,6.0958,6.0958,6.0958,6.0958,6.0958,6.0958,6.0958,6.0958,6.0958,6.0958,6.0958,6.0958,6.0958,6.0958,6.0958,6.0958,6.0958,6.0958,6.0958,6.0958,6.0958,6.0958,6.0958,6.0958,6.0958,6.0958,6.0958,6.0958,6.0958,6.0958,6.0958,6.0958,6.0958,6.0958,6.0958,6.0958,6.0958,6.0958,6.0958,6.0958,6.0958,6.0958,6.0958,6.0958,6.0958,6.0958,6.0958,6.0958,6.0958,6.0958,6.0958,6.0958,6.0958,6.0958,6.0958,6.0958,6.0958,6.0958,6.0958,6.0958,6.0958,6.0958,6.0958,6.0958,6.0958,6.0958,6.0958,6.0958,6.0958,6.0958,6.0958,6.0958,6.0958,6.0958,6.0958,6.0958,6.0958,6.0958,6.0958,6.0958,6.0958,6.0958,6.0958,6.0958,6.0958,6.0958,6.0958,6.0958,6.0958,6.0958,6.0958,6.0958,6.0958,6.0958,6.0958,6.0958,6.0958,6.0958,6.0958,6.0958,6.0958,6.0958,6.0958,6.0958,6.0958,6.0958,6.0958,6.0958,6.0958,6.0958,6.0958,6.0958,6.0958,6.0958,6.0958,6.0958,6.0958,6.0958,6.0958,6.0958,6.0958,6.0958,6.0958,6.0958,6.0958,6.0958,6.0958,6.0958,6.0958,6.0958,6.0958,6.0958,6.0958,6.0958,6.0958,6.0958,6.0958,6.0958,6.0958,6.0958,6.0958,6.0958,6.0958,6.0958,6.0958,6.0958,6.0958,6.0958,6.0958,6.0958,6.0958,6.0958,6.0958,6.0958,6.0958,6.0958,6.0958,6.0958,6.0958,6.0958,6.0958,6.0958,6.0958,6.0958,6.0958,6.0958,6.0958,6.0958,6.0958,6.0958,6.0958,6.0958,6.0958,6.0958,6.0958,6.0958,6.0958,6.0958,6.0958,6.0958,6.0958,6.0958,6.0958,6.0958,6.0958,6.0958,6.0958,6.0958,6.0958,6.0958,6.0958,6.0958,6.0958,6.0958,6.0958,6.0958,6.0958,6.0958,6.0958,6.0958,6.0958,6.0958,6.0958,6.0958,6.0958,6.0958,6.0958,6.0958,6.0958,6.0958,6.0958,6.0958,6.0958,6.0958,6.0958,6.0958,6.0958,6.0958,6.0958,6.0958,6.0958,6.0958,6.0958,6.0958,6.0958,6.0958,6.0958,6.0958,6.0958,6.0958,6.0958,6.0958,6.0958,6.0958,6.0958,6.0958,6.0958,6.0958,6.0958,6.0958,6.0958,6.0958,6.0958,6.0958,6.0958,6.0958,6.0958,6.0958,6.0958,6.0958,6.0958,6.0958,6.0958,6.0958,6.0958,6.0958,6.0958,6.0958,6.0958,6.0958,6.0958,6.0958,6.0958,6.0958,6.0958,6.0958,6.0958,6.0958,6.0958,6.0958,6.0958,6.0958,6.0958,6.0958,6.0958,6.0958,6.0958,6.0958,6.0958,6.0958,6.0958,6.0958,6.0958,6.0958,6.0958,6.0958,6.0958,6.0958,6.0958,6.0958,6.0958,6.0958,6.0958,6.0958,6.0958,6.0958,6.0958,6.0958,6.0958,6.0958,6.0958,6.0958,6.0958,6.0958,6.0958,6.0958,6.0958,6.0958,6.0958,6.0958,6.0958,6.0958,6.0958,6.0958,6.0958,6.0958,6.0958,6.0958,6.0958,6.0958,6.0958,6.0958,6.0958,6.0958,6.0958,6.0958,6.0958,6.0958,6.0958,6.0958,6.0958,6.0958,6.0958,6.0958,6.0958,6.0958,6.0958,6.0958,6.0958,6.0958,6.0958,6.0958,6.0958,6.0958,6.0958,6.0958,6.0958,6.0958,6.0958,6.0958,6.0958,6.0958,6.0958,6.0958,6.0958,6.0958,6.0958,6.0958,6.0958,6.0958,6.0958,6.0958,6.0958,6.0958,6.0958,6.0958,6.0958,6.0958,6.0958,6.0958,6.0958,6.0958,6.0958,6.0958,6.0958,6.0958,6.0958,6.0958,6.0958,6.0958,6.0958,6.0958,6.0958,6.0958,6.0958,6.0958,6.0958,6.0958,6.0958,6.0958,6.0958,6.0958,6.0958,6.0958,6.0958,6.0958,6.0958,6.0958,6.0958,6.0958,6.0958,6.0958,6.0958,6.0958,6.0958,6.0958,6.0958,6.0958,6.0958,6.0958,6.0958,6.0958,6.0958,6.0958,6.0958,6.0958,6.0958,6.0958,6.0958,6.0958,6.0958,6.0958,6.0958,6.0958,6.0958,6.0958,6.0958,6.0958,6.0958,6.0958,6.0958,6.0958,6.0958,6.0958,6.0958,6.0958,6.0958,6.0958,6.0958,6.0958,6.0958,6.0958,6.0958,6.0958,6.0958,6.0958,6.0958,6.0958,6.0958,6.0958,6.0958,6.0958,6.0958,6.0958,6.0958,6.0958,6.0958,6.0958,6.0958,6.0958,6.0958,6.0958,6.0958,6.0958,6.0958,6.0958,6.0958,6.0958,6.0958,6.0958,6.0958,6.0958,6.0958,6.0958,6.0958,6.0958,6.0958,6.0958,6.0958,6.0958,6.0958,6.0958,6.0958,6.0958,6.0958,6.0958,6.0958,6.0958,6.0958,6.0958,6.0958,6.0958,6.0958,6.0958,6.0958,6.0958,6.0958,6.0958,6.0958,6.0958,6.0958,6.0958,6.0958,6.0958,6.0958,6.0958,6.0958,6.0958,6.0958,6.0958,6.0958,6.0958,6.0958,6.0958,6.0958,6.0958,6.0958,6.0958,6.0958,6.0958,6.0958,6.0958,6.0958,6.0958,6.0958,6.0958,6.0958,6.0958,6.0958,6.0958,6.0958,6.0958,6.0958,6.0958,6.0958,6.0958,6.0958,6.0958,6.0958,6.0958,6.0958,6.0958,6.0958,6.0958,6.0958,6.0958,6.0958,6.0958,6.0958,6.0958,6.0958,6.0958,6.0958,6.0958,6.0958,6.0958,6.0958,6.0958,6.0958,6.0958,6.0958,6.0958,6.0958,6.0958,6.0958,6.0958,6.0958,6.0958,6.0958,6.0958,6.0958,6.0958,6.0958,6.0958,6.0958,6.0958,6.0958,6.0958,6.0958,6.0958,6.0958,6.0958,6.0958,6.0958,6.0958,6.0958,6.0958,6.0958,6.0958,6.0958,6.0958,6.0958,6.0958,6.0958,6.0958,6.0958,6.0958,6.0958,6.0958,6.0958,6.0958,6.0958,6.0958,6.0958,6.0958,6.0958,6.0958,6.0958,6.0958,6.0958,6.0958,6.0958,6.0958,6.0958,6.0958,6.0958,6.0958,6.0958,6.0958,6.0958,6.0958,6.0958,6.0958,6.0958,6.0958,6.0958,6.0958,6.0958,6.0958,6.0958,6.0958,6.0958,6.0958,6.0958,6.0958,6.0958,6.0958,6.0958,6.0958,6.0958,6.0958,6.0958,6.0958,6.0958,6.0958,6.0958,6.0958,6.0958,6.0958,6.0958,6.0958,6.0958,6.0958,6.0958,6.0958,6.0958,6.0958,6.0958,6.0958,6.0958,6.0958,6.0958,6.0958,6.0958,6.0958,6.0958,6.0958,6.0958,6.0958,6.0958,6.0958,6.0958,6.0958,6.0958,6.0958,6.0958,6.0958,6.0958,6.0958,6.0958,6.0958
6.0916,6.0916,6.0916,6.0916,6.0916,6.0916,6.0916,6.0916,6.0916,6.0916,6.0916,6.0916,6.0916,6.0916,6.0916,6.0916,6.0916,6.0916,6.0916,6.0916,6.0916,6.0916,6.0916,6.0916,6.0916,6.0916,6.0916,6.0916,6.0916,6.0916,6.0916,6.0916,6.0916,6.0916,6.0916,6.0916,6.0916,6.0916,6.0916,6.0916,6.0916,6.0916,6.0916,6.0916,6.0916,6.0916,6.0916,6.0916,6.0916,6.0916,6.0916,6.0916,6.0916,6.0916,6.0916,6.0916,6.0916,6.0916,6.0916,6.0916,6.0916,6.0916,6.0916,6.0916,6.0916,6.0916,6.0916,6.0916,6.0916,6.0916,6.0916,6.0916,6.0916,6.0916,6.0916,6.0916,6.0916,6.0916,6.0916,6.0916,6.0916,6.0916,6.0916,6.0916,6.0916,6.0916,6.0916,6.0916,6.0916,6.0916,6.0916,6.0916,6.0916,6.0916,6.0916,6.0916,6.0916,6.0916,6.0916,6.0916,6.0916,6.0916,6.0916,6.0916,6.0916,6.0916,6.0916,6.0916,6.0916,6.0916,6.0916,6.0916,6.0916,6.0916,6.0916,6.0916,6.0916,6.0916,6.0916,6.0916,6.0916,6.0916,6.0916,6.0916,6.0916,6.0916,6.0916,6.0916,6.0916,6.0916,6.0916,6.0916,6.0916,6.0916,6.0916,6.0916,6.0916,6.0916,6.0916,6.0916,6.0916,6.0916,6.0916,6.0916,6.0916,6.0916,6.0916,6.0916,6.0916,6.0916,6.0916,6.0916,6.0916,6.0916,6.0916,6.0916,6.0916,6.0916,6.0916,6.0916,6.0916,6.0916,6.0916,6.0916,6.0916,6.0916,6.0916,6.0916,6.0916,6.0916,6.0916,6.0916,6.0916,6.0916,6.0916,6.0916,6.0916,6.0916,6.0916,6.0916,6.0916,6.0916,6.0916,6.0916,6.0916,6.0916,6.0916,6.0916,6.0916,6.0916,6.0916,6.0916,6.0916,6.0916,6.0916,6.0916,6.0916,6.0916,6.0916,6.0916,6.0916,6.0916,6.0916,6.0916,6.0916,6.0916,6.0916,6.0916,6.0916,6.0916,6.0916,6.0916,6.0916,6.0916,6.0916,6.0916,6.0916,6.0916,6.0916,6.0916,6.0916,6.0916,6.0916,6.0916,6.0916,6.0916,6.0916,6.0916,6.0916,6.0916,6.0916,6.0916,6.0916,6.0916,6.0916,6.0916,6.0916,6.0916,6.0916,6.0916,6.0916,6.0916,6.0916,6.0916,6.0916,6.0916,6.0916,6.0916,6.0916,6.0916,6.0916,6.0916,6.0916,6.0916,6.0916,6.0916,6.0916,6.0916,6.0916,6.0916,6.0916,6.0916,6.0916,6.0916,6.0916,6.0916,6.0916,6.0916,6.0916,6.0916,6.0916,6.0916,6.0916,6.0916,6.0916,6.0916,6.0916,6.0916,6.0916,6.0916,6.0916,6.0916,6.0916,6.0916,6.0916,6.0916,6.0916,6.0916,6.0916,6.0916,6.0916,6.0916,6.0916,6.0916,6.0916,6.0916,6.0916,6.0916,6.0916,6.0916,6.0916,6.0916,6.0916,6.0916,6.0916,6.0916,6.0916,6.0916,6.0916,6.0916,6.0916,6.0916,6.0916,6.0916,6.0916,6.0916,6.0916,6.0916,6.0916,6.0916,6.0916,6.0916,6.0916,6.0916,6.0916,6.0916,6.0916,6.0916,6.0916,6.0916,6.0916,6.0916,6.0916,6.0916,6.0916,6.0916,6.0916,6.0916,6.0916,6.0916,6.0916,6.0916,6.0916,6.0916,6.0916,6.0916,6.0916,6.0916,6.0916,6.0916,6.0916,6.0916,6.0916,6.0916,6.0916,6.0916,6.0916,6.0916,6.0916,6.0916,6.0916,6.0916,6.0916,6.0916,6.0916,6.0916,6.0916,6.0916,6.0916,6.0916,6.0916,6.0916,6.0916,6.0916,6.0916,6.0916,6.0916,6.0916,6.0916,6.0916,6.0916,6.0916,6.0916,6.0916,6.0916,6.0916,6.0916,6.0916,6.0916,6.0916,6.0916,6.0916,6.0916,6.0916,6.0916,6.0916,6.0916,6.0916,6.0916,6.0916,6.0916,6.0916,6.0916,6.0916,6.0916,6.0916,6.0916,6.0916,6.0916,6.0916,6.0916,6.0916,6.0916,6.0916,6.0916,6.0916,6.0916,6.0916,6.0916,6.0916,6.0916,6.0916,6.0916,6.0916,6.0916,6.0916,6.0916,6.0916,6.0916,6.0916,6.0916,6.0916,6.0916,6.0916,6.0916,6.0916,6.0916,6.0916,6.0916,6.0916,6.0916,6.0916,6.0916,6.0916,6.0916,6.0916,6.0916,6.0916,6.0916,6.0916,6.0916,6.0916,6.0916,6.0916,6.0916,6.0916,6.0916,6.0916,6.0916,6.0916,6.0916,6.0916,6.0916,6.0916,6.0916,6.0916,6.0916,6.0916,6.0916,6.0916,6.0916,6.0916,6.0916,6.0916,6.0916,6.0916,6.0916,6.0916,6.0916,6.0916,6.0916,6.0916,6.0916,6.0916,6.0916,6.0916,6.0916,6.0916,6.0916,6.0916,6.0916,6.0916,6.0916,6.0916,6.0916,6.0916,6.0916,6.0916,6.0916,6.0916,6.0916,6.0916,6.0916,6.0916,6.0916,6.0916,6.0916,6.0916,6.0916,6.0916,6.0916,6.0916,6.0916,6.0916,6.0916,6.0916,6.0916,6.0916,6.0916,6.0916,6.0916,6.0916,6.0916,6.0916,6.0916,6.0916,6.0916,6.0916,6.0916,6.0916,6.0916,6.0916,6.0916,6.0916,6.0916,6.0916,6.0916,6.0916,6.0916,6.0916,6.0916,6.0916,6.0916,6.0916,6.0916,6.0916,6.0916,6.0916,6.0916,6.0916,6.0916,6.0916,6.0916,6.0916,6.0916,6.0916,6.0916,6.0916,6.0916,6.0916,6.0916,6.0916,6.0916,6.0916,6.0916,6.0916,6.0916,6.0916,6.0916,6.0916,6.0916,6.0916,6.0916,6.0916,6.0916,6.0916,6.0916,6.0916,6.0916,6.0916,6.0916,6.0916,6.0916,6.0916,6.0916,6.0916,6.0916,6.0916,6.0916,6.0916,6.0916,6.0916,6.0916,6.0916,6.0916,6.0916,6.0916,6.0916,6.0916,6.0916,6.0916,6.0916,6.0916,6.0916,6.0916,6.0916,6.0916,6.0916,6.0916,6.0916,6.0916,6.0916,6.0916,6.0916,6.0916,6.0916,6.0916,6.0916,6.0916,6.0916,6.0916,6.0916,6.0916,6.0916,6.0916,6.0916,6.0916,6.0916,6.0916,6.0916,6.0916,6.0916,6.0916,6.0916,6.0916,6.0916,6.0916,6.0916,6.0916,6.0916,6.0916,6.0916,6.0916,6.0916,6.0916,6.0916,6.0916,6.0916,6.0916,6.0916,6.0916,6.0916,6.0916,6.0916,6.0916,6.0916,6.0916,6.0916,6.0916,6.0916,6.0916,6.0916,6.0916,6.0916,6.0916,6.0916,6.0916,6.0916,6.0916,6.0916,6.0916,6.0916,6.0916,6.0916,6.0916,6.0916,6.0916,6.0916,6.0916,6.0916,6.0916,6.0916,6.0916,6.0916,6.0916,6.0916,6.0916,6.0916,6.0916,6.0916,6.0916,6.0916,6.0916,6.0916,6.0916,6.0916,6.0916,6.0916,6.0916,6.0916,6.0916,6.0916,6.0916,6.0916,6.0916,6.0916,6.0916,6.0916,6.0916,6.0916,6.0916,6.0916,6.0916,6.0916,6.0916,6.0916,6.0916,6.0916,6.0916,6.0916,6.0916,6.0916,6.0916,6.0916,6.0916,6.0916,6.0916,6.0916,6.0916,6.0916,6.0916,6.0916,6.0916,6.0916,6.0916,6.0916,6.0916,6.0916,6.0916,6.0916,6.0916,6.0916,6.0916,6.0916,6.0916,6.0916,6.0916,6.0916,6.0916,6.0916,6.0916,6.0916,6.0916,6.0916,6.0916,6.0916,6.0916,6.0916,6.0916,6.0916,6.0916,6.0916,6.0916,6.0916,6.0916,6.0916,6.0916,6.0916,6.0916,6.0916,6.0916,6.0916,6.0916,6.0916,6.0916,6.0916,6.0916,6.0916,6.0916,6.0916,6.0916,6.0916,6.0916,6.0916,6.0916,6.0916,6.0916,6.0916,6.0916,6.0916,6.0916,6.0916,6.0916,6.0916,6.0916,6.0916,6.0916,6.0916,6.0916,6.0916,6.0916,6.0916,6.0916,6.0916,6.0916,6.0916,6.0916,6.0916,6.0916,6.0916,6.0916,6.0916,6.0916,6.0916,6.0916,6.0916,6.0916,6.0916,6.0916,6.0916,6.0916,6.0916,6.0916,6.0916,6.0916,6.0916,6.0916,6.0916,6.0916,6.0916,6.0916,6.0916,6.0916,6.0916,6.0916,6.0916,6.0916,6.0916,6.0916,6.0916,6.0916,6.0916,6.0916,6.0916,6.0916,6.0916,6.0916,6.0916,6.0916,6.0916,6.0916,6.0916,6.0916,6.0916,6.0916,6.0916,6.0916,6.0916,6.0916,6.0916,6.0916,6.0916,6.0916,6.0916,6.0916,6.0916,6.0916,6.0916,6.0916,6.0916,6.0916,6.0916,6.0916,6.0916,6.0916,6.0916,6.0916,6.0916,6.0916,6.0916,6.0916,6.0916,6.0916,6.0916,6.0916,6.0916,6.0916,6.0916,6.0916,6.0916,6.0916,6.0916,6.0916,6.0916,6.0916,6.0916,6.0916,6.0916,6.0916,6.0916,6.0916,6.0916,6.0916,6.0916,6.0916,6.0916,6.0916,6.0916,6.0916,6.0916,6.0916,6.0916,6.0916,6.0916,6.0916,6.0916,6.0916,6.0916,6.0916,6.0916,6.0916,6.0916,6.0916,6.0916,6.0916,6.0916,6.0916,6.0916,6.0916,6.0916,6.0916,6.0916,6.0916,6.0916,6.0916,6.0916,6.0916,6.0916,6.0916,6.0916,6.0916,6.0916,6.0916,6.0916,6.0916,6.0916,6.0916,6.0916,6.0916,6.0916,6.0916,6.0916,6.0916,6.0916,6.0916,6.0916,6.0916,6.0916,6.0916,6.0916
6.0874,6.0874,6.0874,6.0874,6.0874,6.0874,6.0874,6.0874,6.0874,6.0874,6.0874,6.0874,6.0874,6.0874,6.0874,6.0874,6.0874,6.0874,6.0874,6.0874,6.0874,6.0874,6.0874,6.0874,6.0874,6.0874,6.0874,6.0874,6.0874,6.0874,6.0874,6.0874,6.0874,6.0874,6.0874,6.0874,6.0874,6.0874,6.0874,6.0874,6.0874,6.0874,6.0874,6.0874,6.0874,6.0874,6.0874,6.0874,6.0874,6.0874,6.0874,6.0874,6.0874,6.0874,6.0874,6.0874,6.0874,6.0874,6.0874,6.0874,6.0874,6.0874,6.0874,6.0874,6.0874,6.0874,6.0874,6.0874,6.0874,6.0874,6.0874,6.0874,6.0874,6.0874,6.0874,6.0874,6.0874,6.0874,6.0874,6.0874,6.0874,6.0874,6.0874,6.0874,6.0874,6.0874,6.0874,6.0874,6.0874,6.0874,6.0874,6.0874,6.0874,6.0874,6.0874,6.0874,6.0874,6.0874,6.0874,6.0874,6.0874,6.0874,6.0874,6.0874,6.0874,6.0874,6.0874,6.0874,6.0874,6.0874,6.0874,6.0874,6.0874,6.0874,6.0874,6.0874,6.0874,6.0874,6.0874,6.0874,6.0874,6.0874,6.0874,6.0874,6.0874,6.0874,6.0874,6.0874,6.0874,6.0874,6.0874,6.0874,6.0874,6.0874,6.0874,6.0874,6.0874,6.0874,6.0874,6.0874,6.0874,6.0874,6.0874,6.0874,6.0874,6.0874,6.0874,6.0874,6.0874,6.0874,6.0874,6.0874,6.0874,6.0874,6.0874,6.0874,6.0874,6.0874,6.0874,6.0874,6.0874,6.0874,6.0874,6.0874,6.0874,6.0874,6.0874,6.0874,6.0874,6.0874,6.0874,6.0874,6.0874,6.0874,6.0874,6.0874,6.0874,6.0874,6.0874,6.0874,6.0874,6.0874,6.0874,6.0874,6.0874,6.0874,6.0874,6.0874,6.0874,6.0874,6.0874,6.0874,6.0874,6.0874,6.0874,6.0874,6.0874,6.0874,6.0874,6.0874,6.0874,6.0874,6.0874,6.0874,6.0874,6.0874,6.0874,6.0874,6.0874,6.0874,6.0874,6.0874,6.0874,6.0874,6.0874,6.0874,6.0874,6.0874,6.0874,6.0874,6.0874,6.0874,6.0874,6.0874,6.0874,6.0874,6.0874,6.0874,6.0874,6.0874,6.0874,6.0874,6.0874,6.0874,6.0874,6.0874,6.0874,6.0874,6.0874,6.0874,6.0874,6.0874,6.0874,6.0874,6.0874,6.0874,6.0874,6.0874,6.0874,6.0874,6.0874,6.0874,6.0874,6.0874,6.0874,6.0874,6.0874,6.0874,6.0874,6.0874,6.0874,6.0874,6.0874,6.0874,6.0874,6.0874,6.0874,6.0874,6.0874,6.0874,6.0874,6.0874,6.0874,6.0874,6.0874,6.0874,6.0874,6.0874,6.0874,6.0874,6.0874,6.0874,6.0874,6.0874,6.0874,6.0874,6.0874,6.0874,6.0874,6.0874,6.0874,6.0874,6.0874,6.0874,6.0874,6.0874,6.0874,6.0874,6.0874,6.0874,6.0874,6.0874,6.0874,6.0874,6.0874,6.0874,6.0874,6.0874,6.0874,6.0874,6.0874,6.0874,6.0874,6.0874,6.0874,6.0874,6.0874,6.0874,6.0874,6.0874,6.0874,6.0874,6.0874,6.0874,6.0874,6.0874,6.0874,6.0874,6.0874,6.0874,6.0874,6.0874,6.0874,6.0874,6.0874,6.0874,6.0874,6.0874,6.0874,6.0874,6.0874,6.0874,6.0874,6.0874,6.0874,6.0874,6.0874,6.0874,6.0874,6.0874,6.0874,6.0874,6.0874,6.0874,6.0874,6.0874,6.0874,6.0874,6.0874,6.0874,6.0874,6.0874,6.0874,6.0874,6.0874,6.0874,6.0874,6.0874,6.0874,6.0874,6.0874,6.0874,6.0874,6.0874,6.0874,6.0874,6.0874,6.0874,6.0874,6.0874,6.0874,6.0874,6.0874,6.0874,6.0874,6.0874,6.0874,6.0874,6.0874,6.0874,6.0874,6.0874,6.0874,6.0874,6.0874,6.0874,6.0874,6.0874,6.0874,6.0874,6.0874,6.0874,6.0874,6.0874,6.0874,6.0874,6.0874,6.0874,6.0874,6.0874,6.0874,6.0874,6.0874,6.0874,6.0874,6.0874,6.0874,6.0874,6.0874,6.0874,6.0874,6.0874,6.0874,6.0874,6.0874,6.0874,6.0874,6.0874,6.0874,6.0874,6.0874,6.0874,6.0874,6.0874,6.0874,6.0874,6.0874,6.0874,6.0874,6.0874,6.0874,6.0874,6.0874,6.0874,6.0874,6.0874,6.0874,6.0874,6.0874,6.0874,6.0874,6.0874,6.0874,6.0874,6.0874,6.0874,6.0874,6.0874,6.0874,6.0874,6.0874,6.0874,6.0874,6.0874,6.0874,6.0874,6.0874,6.0874,6.0874,6.0874,6.0874,6.0874,6.0874,6.0874,6.0874,6.0874,6.0874,6.0874,6.0874,6.0874,6.0874,6.0874,6.0874,6.0874,6.0874,6.0874,6.0874,6.0874,6.0874,6.0874,6.0874,6.0874,6.0874,6.0874,6.0874,6.0874,6.0874,6.0874,6.0874,6.0874,6.0874,6.0874,6.0874,6.0874,6.0874,6.0874,6.0874,6.0874,6.0874,6.0874,6.0874,6.0874,6.0874,6.0874,6.0874,6.0874,6.0874,6.0874,6.0874,6.0874,6.0874,6.0874,6.0874,6.0874,6.0874,6.0874,6.0874,6.0874,6.0874,6.0874,6.0874,6.0874,6.0874,6.0874,6.0874,6.0874,6.0874,6.0874,6.0874,6.0874,6.0874,6.0874,6.0874,6.0874,6.0874,6.0874,6.0874,6.0874,6.0874,6.0874,6.0874,6.0874,6.0874,6.0874,6.0874,6.0874,6.0874,6.0874,6.0874,6.0874,6.0874,6.0874,6.0874,6.0874,6.0874,6.0874,6.0874,6.0874,6.0874,6.0874,6.0874,6.0874,6.0874,6.0874,6.0874,6.0874,6.0874,6.0874,6.0874,6.0874,6.0874,6.0874,6.0874,6.0874,6.0874,6.0874,6.0874,6.0874,6.0874,6.0874,6.0874,6.0874,6.0874,6.0874,6.0874,6.0874,6.0874,6.0874,6.0874,6.0874,6.0874,6.0874,6.0874,6.0874,6.0874,6.0874,6.0874,6.0874,6.0874,6.0874,6.0874,6.0874,6.0874,6.0874,6.0874,6.0874,6.0874,6.0874,6.0874,6.0874,6.0874,6.0874,6.0874,6.0874,6.0874,6.0874,6.0874,6.0874,6.0874,6.0874,6.0874,6.0874,6.0874,6.0874,6.0874,6.0874,6.0874,6.0874,6.0874,6.0874,6.0874,6.0874,6.0874,6.0874,6.0874,6.0874,6.0874,6.0874,6.0874,6.0874,6.0874,6.0874,6.0874,6.0874,6.0874,6.0874,6.0874,6.0874,6.0874,6.0874,6.0874,6.0874,6.0874,6.0874,6.0874,6.0874,6.0874,6.0874,6.0874,6.0874,6.0874,6.0874,6.0874,6.0874,6.0874,6.0874,6.0874,6.0874,6.0874,6.0874,6.0874,6.0874,6.0874,6.0874,6.0874,6.0874,6.0874,6.0874,6.0874,6.0874,6.0874,6.0874,6.0874,6.0874,6.0874,6.0874,6.0874,6.0874,6.0874,6.0874,6.0874,6.0874,6.0874,6.0874,6.0874,6.0874,6.0874,6.0874,6.0874,6.0874,6.0874,6.0874,6.0874,6.0874,6.0874,6.0874,6.0874,6.0874,6.0874,6.0874,6.0874,6.0874,6.0874,6.0874,6.0874,6.0874,6.0874,6.0874,6.0874,6.0874,6.0874,6.0874,6.0874,6.0874,6.0874,6.0874,6.0874,6.0874,6.0874,6.0874,6.0874,6.0874,6.0874,6.0874,6.0874,6.0874,6.0874,6.0874,6.0874,6.0874,6.0874,6.0874,6.0874,6.0874,6.0874,6.0874,6.0874,6.0874,6.0874,6.0874,6.0874,6.0874,6.0874,6.0874,6.0874,6.0874,6.0874,6.0874,6.0874,6.0874,6.0874,6.0874,6.0874,6.0874,6.0874,6.0874,6.0874,6.0874,6.0874,6.0874,6.0874,6.0874,6.0874,6.0874,6.0874,6.0874,6.0874,6.0874,6.0874,6.0874,6.0874,6.0874,6.0874,6.0874,6.0874,6.0874,6.0874,6.0874,6.0874,6.0874,6.0874,6.0874,6.0874,6.0874,6.0874,6.0874,6.0874,6.0874,6.0874,6.0874,6.0874,6.0874,6.0874,6.0874,6.0874,6.0874,6.0874,6.0874,6.0874,6.0874,6.0874,6.0874,6.0874,6.0874,6.0874,6.0874,6.0874,6.0874,6.0874,6.0874,6.0874,6.0874,6.0874,6.0874,6.0874,6.0874,6.0874,6.0874,6.0874,6.0874,6.0874,6.0874,6.0874,6.0874,6.0874,6.0874,6.0874,6.0874,6.0874,6.0874,6.0874,6.0874,6.0874,6.0874,6.0874,6.0874,6.0874,6.0874,6.0874,6.0874,6.0874,6.0874,6.0874,6.0874,6.0874,6.0874,6.0874,6.0874,6.0874,6.0874,6.0874,6.0874,6.0874,6.0874,6.0874,6.0874,6.0874,6.0874,6.0874,6.0874,6.0874,6.0874,6.0874,6.0874,6.0874,6.0874,6.0874,6.0874,6.0874,6.0874,6.0874,6.0874,6.0874,6.0874,6.0874,6.0874,6.0874,6.0874,6.0874,6.0874,6.0874,6.0874,6.0874,6.0874,6.0874,6.0874,6.0874,6.0874,6.0874,6.0874,6.0874,6.0874,6.0874,6.0874,6.0874,6.0874,6.0874,6.0874,6.0874,6.0874,6.0874,6.0874,6.0874,6.0874,6.0874,6.0874,6.0874,6.0874,6.0874,6.0874,6.0874,6.0874,6.0874,6.0874,6.0874,6.0874,6.0874,6.0874,6.0874,6.0874,6.0874,6.0874,6.0874,6.0874,6.0874,6.0874,6.0874,6.0874,6.0874,6.0874,6.0874,6.0874,6.0874,6.0874,6.0874,6.0874,6.0874,6.0874,6.0874,6.0874
6.0832,6.0832,6.0832,6.0832,6.0832,6.0832,6.0832,6.0832,6.0832,6.0832,6.0832,6.0832,6.0832,6.0832,6.0832,6.0832,6.0832,6.0832,6.0832,6.0832,6.0832,6.0832,6.0832,6.0832,6.0832,6.0832,6.0832,6.0832,6.0832,6.0832,6.0832,6.0832,6.0832,6.0832,6.0832,6.0832,6.0832,6.0832,6.0832,6.0832,6.0832,6.0832,6.0832,6.0832,6.0832,6.0832,6.0832,6.0832,6.0832,6.0832,6.0832,6.0832,6.0832,6.0832,6.0832,6.0832,6.0832,6.0832,6.0832,6.0832,6.0832,6.0832,6.0832,6.0832,6.0832,6.0832,6.0832,6.0832,6.0832,6.0832,6.0832,6.0832,6.0832,6.0832,6.0832,6.0832,6.0832,6.0832,6.0832,6.0832,6.0832,6.0832,6.0832,6.0832,6.0832,6.0832,6.0832,6.0832,6.0832,6.0832,6.0832,6.0832,6.0832,6.0832,6.0832,6.0832,6.0832,6.0832,6.0832,6.0832,6.0832,6.0832,6.0832,6.0832,6.0832,6.0832,6.0832,6.0832,6.0832,6.0832,6.0832,6.0832,6.0832,6.0832,6.0832,6.0832,6.0832,6.0832,6.0832,6.0832,6.0832,6.0832,6.0832,6.0832,6.0832,6.0832,6.0832,6.0832,6.0832,6.0832,6.0832,6.0832,6.0832,6.0832,6.0832,6.0832,6.0832,6.0832,6.0832,6.0832,6.0832,6.0832,6.0832,6.0832,6.0832,6.0832,6.0832,6.0832,6.0832,6.0832,6.0832,6.0832,6.0832,6.0832,6.0832,6.0832,6.0832,6.0832,6.0832,6.0832,6.0832,6.0832,6.0832,6.0832,6.0832,6.0832,6.0832,6.0832,6.0832,6.0832,6.0832,6.0832,6.0832,6.0832,6.0832,6.0832,6.0832,6.0832,6.0832,6.0832,6.0832,6.0832,6.0832,6.0832,6.0832,6.0832,6.0832,6.0832,6.0832,6.0832,6.0832,6.0832,6.0832,6.0832,6.0832,6.0832,6.0832,6.0832,6.0832,6.0832,6.0832,6.0832,6.0832,6.0832,6.0832,6.0832,6.0832,6.0832,6.0832,6.0832,6.0832,6.0832,6.0832,6.0832,6.0832,6.0832,6.0832,6.0832,6.0832,6.0832,6.0832,6.0832,6.0832,6.0832,6.0832,6.0832,6.0832,6.0832,6.0832,6.0832,6.0832,6.0832,6.0832,6.0832,6.0832,6.0832,6.0832,6.0832,6.0832,6.0832,6.0832,6.0832,6.0832,6.0832,6.0832,6.0832,6.0832,6.0832,6.0832,6.0832,6.0832,6.0832,6.0832,6.0832,6.0832,6.0832,6.0832,6.0832,6.0832,6.0832,6.0832,6.0832,6.0832,6.0832,6.0832,6.0832,6.0832,6.0832,6.0832,6.0832,6.0832,6.0832,6.0832,6.0832,6.0832,6.0832,6.0832,6.0832,6.0832,6.0832,6.0832,6.0832,6.0832,6.0832,6.0832,6.0832,6.0832,6.0832,6.0832,6.0832,6.0832,6.0832,6.0832,6.0832,6.0832,6.0832,6.0832,6.0832,6.0832,6.0832,6.0832,6.0832,6.0832,6.0832,6.0832,6.0832,6.0832,6.0832,6.0832,6.0832,6.0832,6.0832,6.0832,6.0832,6.0832,6.0832,6.0832,6.0832,6.0832,6.0832,6.0832,6.0832,6.0832,6.0832,6.0832,6.0832,6.0832,6.0832,6.0832,6.0832,6.0832,6.0832,6.0832,6.0832,6.0832,6.0832,6.0832,6.0832,6.0832,6.0832,6.0832,6.0832,6.0832,6.0832,6.0832,6.0832,6.0832,6.0832,6.0832,6.0832,6.0832,6.0832,6.0832,6.0832,6.0832,6.0832,6.0832,6.0832,6.0832,6.0832,6.0832,6.0832,6.0832,6.0832,6.0832,6.0832,6.0832,6.0832,6.0832,6.0832,6.0832,6.0832,6.0832,6.0832,6.0832,6.0832,6.0832,6.0832,6.0832,6.0832,6.0832,6.0832,6.0832,6.0832,6.0832,6.0832,6.0832,6.0832,6.0832,6.0832,6.0832,6.0832,6.0832,6.0832,6.0832,6.0832,6.0832,6.0832,6.0832,6.0832,6.0832,6.0832,6.0832,6.0832,6.0832,6.0832,6.0832,6.0832,6.0832,6.0832,6.0832,6.0832,6.0832,6.0832,6.0832,6.0832,6.0832,6.0832,6.0832,6.0832,6.0832,6.0832,6.0832,6.0832,6.0832,6.0832,6.0832,6.0832,6.0832,6.0832,6.0832,6.0832,6.0832,6.0832,6.0832,6.0832,6.0832,6.0832,6.0832,6.0832,6.0832,6.0832,6.0832,6.0832,6.0832,6.0832,6.0832,6.0832,6.0832,6.0832,6.0832,6.0832,6.0832,6.0832,6.0832,6.0832,6.0832,6.0832,6.0832,6.0832,6.0832,6.0832,6.0832,6.0832,6.0832,6.0832,6.0832,6.0832,6.0832,6.0832,6.0832,6.0832,6.0832,6.0832,6.0832,6.0832,6.0832,6.0832,6.0832,6.0832,6.0832,6.0832,6.0832,6.0832,6.0832,6.0832,6.0832,6.0832,6.0832,6.0832,6.0832,6.0832,6.0832,6.0832,6.0832,6.0832,6.0832,6.0832,6.0832,6.0832,6.0832,6.0832,6.0832,6.0832,6.0832,6.0832,6.0832,6.0832,6.0832,6.0832,6.0832,6.0832,6.0832,6.0832,6.0832,6.0832,6.0832,6.0832,6.0832,6.0832,6.0832,6.0832,6.0832,6.0832,6.0832,6.0832,6.0832,6.0832,6.0832,6.0832,6.0832,6.0832,6.0832,6.0832,6.0832,6.0832,6.0832,6.0832,6.0832,6.0832,6.0832,6.0832,6.0832,6.0832,6.0832,6.0832,6.0832,6.0832,6.0832,6.0832,6.0832,6.0832,6.0832,6.0832,6.0832,6.0832,6.0832,6.0832,6.0832,6.0832,6.0832,6.0832,6.0832,6.0832,6.0832,6.0832,6.0832,6.0832,6.0832,6.0832,6.0832,6.0832,6.0832,6.0832,6.0832,6.0832,6.0832,6.0832,6.0832,6.0832,6.0832,6.0832,6.0832,6.0832,6.0832,6.0832,6.0832,6.0832,6.0832,6.0832,6.0832,6.0832,6.0832,6.0832,6.0832,6.0832,6.0832,6.0832,6.0832,6.0832,6.0832,6.0832,6.0832,6.0832,6.0832,6.0832,6.0832,6.0832,6.0832,6.0832,6.0832,6.0832,6.0832,6.0832,6.0832,6.0832,6.0832,6.0832,6.0832,6.0832,6.0832,6.0832,6.0832,6.0832,6.0832,6.0832,6.0832,6.0832,6.0832,6.0832,6.0832,6.0832,6.0832,6.0832,6.0832,6.0832,6.0832,6.0832,6.0832,6.0832,6.0832,6.0832,6.0832,6.0832,6.0832,6.0832,6.0832,6.0832,6.0832,6.0832,6.0832,6.0832,6.0832,6.0832,6.0832,6.0832,6.0832,6.0832,6.0832,6.0832,6.0832,6.0832,6.0832,6.0832,6.0832,6.0832,6.0832,6.0832,6.0832,6.0832,6.0832,6.0832,6.0832,6.0832,6.0832,6.0832,6.0832,6.0832,6.0832,6.0832,6.0832,6.0832,6.0832,6.0832,6.0832,6.0832,6.0832,6.0832,6.0832,6.0832,6.0832,6.0832,6.0832,6.0832,6.0832,6.0832,6.0832,6.0832,6.0832,6.0832,6.0832,6.0832,6.0832,6.0832,6.0832,6.0832,6.0832,6.0832,6.0832,6.0832,6.0832,6.0832,6.0832,6.0832,6.0832,6.0832,6.0832,6.0832,6.0832,6.0832,6.0832,6.0832,6.0832,6.0832,6.0832,6.0832,6.0832,6.0832,6.0832,6.0832,6.0832,6.0832,6.0832,6.0832,6.0832,6.0832,6.0832,6.0832,6.0832,6.0832,6.0832,6.0832,6.0832,6.0832,6.0832,6.0832,6.0832,6.0832,6.0832,6.0832,6.0832,6.0832,6.0832,6.0832,6.0832,6.0832,6.0832,6.0832,6.0832,6.0832,6.0832,6.0832,6.0832,6.0832,6.0832,6.0832,6.0832,6.0832,6.0832,6.0832,6.0832,6.0832,6.0832,6.0832,6.0832,6.0832,6.0832,6.0832,6.0832,6.0832,6.0832,6.0832,6.0832,6.0832,6.0832,6.0832,6.0832,6.0832,6.0832,6.0832,6.0832,6.0832,6.0832,6.0832,6.0832,6.0832,6.0832,6.0832,6.0832,6.0832,6.0832,6.0832,6.0832,6.0832,6.0832,6.0832,6.0832,6.0832,6.0832,6.0832,6.0832,6.0832,6.0832,6.0832,6.0832,6.0832,6.0832,6.0832,6.0832,6.0832,6.0832,6.0832,6.0832,6.0832,6.0832,6.0832,6.0832,6.0832,6.0832,6.0832,6.0832,6.0832,6.0832,6.0832,6.0832,6.0832,6.0832,6.0832,6.0832,6.0832,6.0832,6.0832,6.0832,6.0832,6.0832,6.0832,6.0832,6.0832,6.0832,6.0832,6.0832,6.0832,6.0832,6.0832,6.0832,6.0832,6.0832,6.0832,6.0832,6.0832,6.0832,6.0832,6.0832,6.0832,6.0832,6.0832,6.0832,6.0832,6.0832,6.0832,6.0832,6.0832,6.0832,6.0832,6.0832,6.0832,6.0832,6.0832,6.0832,6.0832,6.0832,6.0832,6.0832,6.0832,6.0832,6.0832,6.0832,6.0832,6.0832,6.0832,6.0832,6.0832,6.0832,6.0832,6.0832,6.0832,6.0832,6.0832,6.0832,6.0832,6.0832,6.0832,6.0832,6.0832,6.0832,6.0832,6.0832,6.0832,6.0832,6.0832,6.0832,6.0832,6.0832,6.0832,6.0832,6.0832,6.0832,6.0832,6.0832,6.0832,6.0832,6.0832,6.0832,6.0832,6.0832,6.0832,6.0832,6.0832,6.0832,6.0832,6.0832,6.0832,6.0832,6.0832,6.0832,6.0832,6.0832,6.0832,6.0832,6.0832,6.0832,6.0832,6.0832,6.0832,6.0832,6.0832,6.0832,6.0832,6.0832,6.0832,6.0832,6.0832,6.0832,6.0832,6.0832,6.0832,6.0832,6.0832,6.0832,6.0832
6.0793,6.0793,6.0793,6.0793,6.0793,6.0793,6.0793,6.0793,6.0793,6.0793,6.0793,6.0793,6.0793,6.0793,6.0793,6.0793,6.0793,6.0793,6.0793,6.0793,6.0793,6.0793,6.0793,6.0793,6.0793,6.0793,6.0793,6.0793,6.0793,6.0793,6.0793,6.0793,6.0793,6.0793,6.0793,6.0793,6.0793,6.0793,6.0793,6.0793,6.0793,6.0793,6.0793,6.0793,6.0793,6.0793,6.0793,6.0793,6.0793,6.0793,6.0793,6.0793,6.0793,6.0793,6.0793,6.0793,6.0793,6.0793,6.0793,6.0793,6.0793,6.0793,6.0793,6.0793,6.0793,6.0793,6.0793,6.0793,6.0793,6.0793,6.0793,6.0793,6.0793,6.0793,6.0793,6.0793,6.0793,6.0793,6.0793,6.0793,6.0793,6.0793,6.0793,6.0793,6.0793,6.0793,6.0793,6.0793,6.0793,6.0793,6.0793,6.0793,6.0793,6.0793,6.0793,6.0793,6.0793,6.0793,6.0793,6.0793,6.0793,6.0793,6.0793,6.0793,6.0793,6.0793,6.0793,6.0793,6.0793,6.0793,6.0793,6.0793,6.0793,6.0793,6.0793,6.0793,6.0793,6.0793,6.0793,6.0793,6.0793,6.0793,6.0793,6.0793,6.0793,6.0793,6.0793,6.0793,6.0793,6.0793,6.0793,6.0793,6.0793,6.0793,6.0793,6.0793,6.0793,6.0793,6.0793,6.0793,6.0793,6.0793,6.0793,6.0793,6.0793,6.0793,6.0793,6.0793,6.0793,6.0793,6.0793,6.0793,6.0793,6.0793,6.0793,6.0793,6.0793,6.0793,6.0793,6.0793,6.0793,6.0793,6.0793,6.0793,6.0793,6.0793,6.0793,6.0793,6.0793,6.0793,6.0793,6.0793,6.0793,6.0793,6.0793,6.0793,6.0793,6.0793,6.0793,6.0793,6.0793,6.0793,6.0793,6.0793,6.0793,6.0793,6.0793,6.0793,6.0793,6.0793,6.0793,6.0793,6.0793,6.0793,6.0793,6.0793,6.0793,6.0793,6.0793,6.0793,6.0793,6.0793,6.0793,6.0793,6.0793,6.0793,6.0793,6.0793,6.0793,6.0793,6.0793,6.0793,6.0793,6.0793,6.0793,6.0793,6.0793,6.0793,6.0793,6.0793,6.0793,6.0793,6.0793,6.0793,6.0793,6.0793,6.0793,6.0793,6.0793,6.0793,6.0793,6.0793,6.0793,6.0793,6.0793,6.0793,6.0793,6.0793,6.0793,6.0793,6.0793,6.0793,6.0793,6.0793,6.0793,6.0793,6.0793,6.0793,6.0793,6.0793,6.0793,6.0793,6.0793,6.0793,6.0793,6.0793,6.0793,6.0793,6.0793,6.0793,6.0793,6.0793,6.0793,6.0793,6.0793,6.0793,6.0793,6.0793,6.0793,6.0793,6.0793,6.0793,6.0793,6.0793,6.0793,6.0793,6.0793,6.0793,6.0793,6.0793,6.0793,6.0793,6.0793,6.0793,6.0793,6.0793,6.0793,6.0793,6.0793,6.0793,6.0793,6.0793,6.0793,6.0793,6.0793,6.0793,6.0793,6.0793,6.0793,6.0793,6.0793,6.0793,6.0793,6.0793,6.0793,6.0793,6.0793,6.0793,6.0793,6.0793,6.0793,6.0793,6.0793,6.0793,6.0793,6.0793,6.0793,6.0793,6.0793,6.0793,6.0793,6.0793,6.0793,6.0793,6.0793,6.0793,6.0793,6.0793,6.0793,6.0793,6.0793,6.0793,6.0793,6.0793,6.0793,6.0793,6.0793,6.0793,6.0793,6.0793,6.0793,6.0793,6.0793,6.0793,6.0793,6.0793,6.0793,6.0793,6.0793,6.0793,6.0793,6.0793,6.0793,6.0793,6.0793,6.0793,6.0793,6.0793,6.0793,6.0793,6.0793,6.0793,6.0793,6.0793,6.0793,6.0793,6.0793,6.0793,6.0793,6.0793,6.0793,6.0793,6.0793,6.0793,6.0793,6.0793,6.0793,6.0793,6.0793,6.0793,6.0793,6.0793,6.0793,6.0793,6.0793,6.0793,6.0793,6.0793,6.0793,6.0793,6.0793,6.0793,6.0793,6.0793,6.0793,6.0793,6.0793,6.0793,6.0793,6.0793,6.0793,6.0793,6.0793,6.0793,6.0793,6.0793,6.0793,6.0793,6.0793,6.0793,6.0793,6.0793,6.0793,6.0793,6.0793,6.0793,6.0793,6.0793,6.0793,6.0793,6.0793,6.0793,6.0793,6.0793,6.0793,6.0793,6.0793,6.0793,6.0793,6.0793,6.0793,6.0793,6.0793,6.0793,6.0793,6.0793,6.0793,6.0793,6.0793,6.0793,6.0793,6.0793,6.0793,6.0793,6.0793,6.0793,6.0793,6.0793,6.0793,6.0793,6.0793,6.0793,6.0793,6.0793,6.0793,6.0793,6.0793,6.0793,6.0793,6.0793,6.0793,6.0793,6.0793,6.0793,6.0793,6.0793,6.0793,6.0793,6.0793,6.0793,6.0793,6.0793,6.0793,6.0793,6.0793,6.0793,6.0793,6.0793,6.0793,6.0793,6.0793,6.0793,6.0793,6.0793,6.0793,6.0793,6.0793,6.0793,6.0793,6.0793,6.0793,6.0793,6.0793,6.0793,6.0793,6.0793,6.0793,6.0793,6.0793,6.0793,6.0793,6.0793,6.0793,6.0793,6.0793,6.0793,6.0793,6.0793,6.0793,6.0793,6.0793,6.0793,6.0793,6.0793,6.0793,6.0793,6.0793,6.0793,6.0793,6.0793,6.0793,6.0793,6.0793,6.0793,6.0793,6.0793,6.0793,6.0793,6.0793,6.0793,6.0793,6.0793,6.0793,6.0793,6.0793,6.0793,6.0793,6.0793,6.0793,6.0793,6.0793,6.0793,6.0793,6.0793,6.0793,6.0793,6.0793,6.0793,6.0793,6.0793,6.0793,6.0793,6.0793,6.0793,6.0793,6.0793,6.0793,6.0793,6.0793,6.0793,6.0793,6.0793,6.0793,6.0793,6.0793,6.0793,6.0793,6.0793,6.0793,6.0793,6.0793,6.0793,6.0793,6.0793,6.0793,6.0793,6.0793,6.0793,6.0793,6.0793,6.0793,6.0793,6.0793,6.0793,6.0793,6.0793,6.0793,6.0793,6.0793,6.0793,6.0793,6.0793,6.0793,6.0793,6.0793,6.0793,6.0793,6.0793,6.0793,6.0793,6.0793,6.0793,6.0793,6.0793,6.0793,6.0793,6.0793,6.0793,6.0793,6.0793,6.0793,6.0793,6.0793,6.0793,6.0793,6.0793,6.0793,6.0793,6.0793,6.0793,6.0793,6.0793,6.0793,6.0793,6.0793,6.0793,6.0793,6.0793,6.0793,6.0793,6.0793,6.0793,6.0793,6.0793,6.0793,6.0793,6.0793,6.0793,6.0793,6.0793,6.0793,6.0793,6.0793,6.0793,6.0793,6.0793,6.0793,6.0793,6.0793,6.0793,6.0793,6.0793,6.0793,6.0793,6.0793,6.0793,6.0793,6.0793,6.0793,6.0793,6.0793,6.0793,6.0793,6.0793,6.0793,6.0793,6.0793,6.0793,6.0793,6.0793,6.0793,6.0793,6.0793,6.0793,6.0793,6.0793,6.0793,6.0793,6.0793,6.0793,6.0793,6.0793,6.0793,6.0793,6.0793,6.0793,6.0793,6.0793,6.0793,6.0793,6.0793,6.0793,6.0793,6.0793,6.0793,6.0793,6.0793,6.0793,6.0793,6.0793,6.0793,6.0793,6.0793,6.0793,6.0793,6.0793,6.0793,6.0793,6.0793,6.0793,6.0793,6.0793,6.0793,6.0793,6.0793,6.0793,6.0793,6.0793,6.0793,6.0793,6.0793,6.0793,6.0793,6.0793,6.0793,6.0793,6.0793,6.0793,6.0793,6.0793,6.0793,6.0793,6.0793,6.0793,6.0793,6.0793,6.0793,6.0793,6.0793,6.0793,6.0793,6.0793,6.0793,6.0793,6.0793,6.0793,6.0793,6.0793,6.0793,6.0793,6.0793,6.0793,6.0793,6.0793,6.0793,6.0793,6.0793,6.0793,6.0793,6.0793,6.0793,6.0793,6.0793,6.0793,6.0793,6.0793,6.0793,6.0793,6.0793,6.0793,6.0793,6.0793,6.0793,6.0793,6.0793,6.0793,6.0793,6.0793,6.0793,6.0793,6.0793,6.0793,6.0793,6.0793,6.0793,6.0793,6.0793,6.0793,6.0793,6.0793,6.0793,6.0793,6.0793,6.0793,6.0793,6.0793,6.0793,6.0793,6.0793,6.0793,6.0793,6.0793,6.0793,6.0793,6.0793,6.0793,6.0793,6.0793,6.0793,6.0793,6.0793,6.0793,6.0793,6.0793,6.0793,6.0793,6.0793,6.0793,6.0793,6.0793,6.0793,6.0793,6.0793,6.0793,6.0793,6.0793,6.0793,6.0793,6.0793,6.0793,6.0793,6.0793,6.0793,6.0793,6.0793,6.0793,6.0793,6.0793,6.0793,6.0793,6.0793,6.0793,6.0793,6.0793,6.0793,6.0793,6.0793,6.0793,6.0793,6.0793,6.0793,6.0793,6.0793,6.0793,6.0793,6.0793,6.0793,6.0793,6.0793,6.0793,6.0793,6.0793,6.0793,6.0793,6.0793,6.0793,6.0793,6.0793,6.0793,6.0793,6.0793,6.0793,6.0793,6.0793,6.0793,6.0793,6.0793,6.0793,6.0793,6.0793,6.0793,6.0793,6.0793,6.0793,6.0793,6.0793,6.0793,6.0793,6.0793,6.0793,6.0793,6.0793,6.0793,6.0793,6.0793,6.0793,6.0793,6.0793,6.0793,6.0793,6.0793,6.0793,6.0793,6.0793,6.0793,6.0793,6.0793,6.0793,6.0793,6.0793,6.0793,6.0793,6.0793,6.0793,6.0793,6.0793,6.0793,6.0793,6.0793,6.0793,6.0793,6.0793,6.0793,6.0793,6.0793,6.0793,6.0793,6.0793,6.0793,6.0793,6.0793,6.0793,6.0793,6.0793,6.0793,6.0793,6.0793,6.0793,6.0793,6.0793,6.0793,6.0793,6.0793,6.0793,6.0793,6.0793,6.0793,6.0793,6.0793,6.0793,6.0793,6.0793,6.0793,6.0793,6.0793,6.0793,6.0793,6.0793,6.0793,6.0793
6.0751,6.0751,6.0751,6.0751,6.0751,6.0751,6.0751,6.0751,6.0751,6.0751,6.0751,6.0751,6.0751,6.0751,6.0751,6.0751,6.0751,6.0751,6.0751,6.0751,6.0751,6.0751,6.0751,6.0751,6.0751,6.0751,6.0751,6.0751,6.0751,6.0751,6.0751,6.0751,6.0751,6.0751,6.0751,6.0751,6.0751,6.0751,6.0751,6.0751,6.0751,6.0751,6.0751,6.0751,6.0751,6.0751,6.0751,6.0751,6.0751,6.0751,6.0751,6.0751,6.0751,6.0751,6.0751,6.0751,6.0751,6.0751,6.0751,6.0751,6.0751,6.0751,6.0751,6.0751,6.0751,6.0751,6.0751,6.0751,6.0751,6.0751,6.0751,6.0751,6.0751,6.0751,6.0751,6.0751,6.0751,6.0751,6.0751,6.0751,6.0751,6.0751,6.0751,6.0751,6.0751,6.0751,6.0751,6.0751,6.0751,6.0751,6.0751,6.0751,6.0751,6.0751,6.0751,6.0751,6.0751,6.0751,6.0751,6.0751,6.0751,6.0751,6.0751,6.0751,6.0751,6.0751,6.0751,6.0751,6.0751,6.0751,6.0751,6.0751,6.0751,6.0751,6.0751,6.0751,6.0751,6.0751,6.0751,6.0751,6.0751,6.0751,6.0751,6.0751,6.0751,6.0751,6.0751,6.0751,6.0751,6.0751,6.0751,6.0751,6.0751,6.0751,6.0751,6.0751,6.0751,6.0751,6.0751,6.0751,6.0751,6.0751,6.0751,6.0751,6.0751,6.0751,6.0751,6.0751,6.0751,6.0751,6.0751,6.0751,6.0751,6.0751,6.0751,6.0751,6.0751,6.0751,6.0751,6.0751,6.0751,6.0751,6.0751,6.0751,6.0751,6.0751,6.0751,6.0751,6.0751,6.0751,6.0751,6.0751,6.0751,6.0751,6.0751,6.0751,6.0751,6.0751,6.0751,6.0751,6.0751,6.0751,6.0751,6.0751,6.0751,6.0751,6.0751,6.0751,6.0751,6.0751,6.0751,6.0751,6.0751,6.0751,6.0751,6.0751,6.0751,6.0751,6.0751,6.0751,6.0751,6.0751,6.0751,6.0751,6.0751,6.0751,6.0751,6.0751,6.0751,6.0751,6.0751,6.0751,6.0751,6.0751,6.0751,6.0751,6.0751,6.0751,6.0751,6.0751,6.0751,6.0751,6.0751,6.0751,6.0751,6.0751,6.0751,6.0751,6.0751,6.0751,6.0751,6.0751,6.0751,6.0751,6.0751,6.0751,6.0751,6.0751,6.0751,6.0751,6.0751,6.0751,6.0751,6.0751,6.0751,6.0751,6.0751,6.0751,6.0751,6.0751,6.0751,6.0751,6.0751,6.0751,6.0751,6.0751,6.0751,6.0751,6.0751,6.0751,6.0751,6.0751,6.0751,6.0751,6.0751,6.0751,6.0751,6.0751,6.0751,6.0751,6.0751,6.0751,6.0751,6.0751,6.0751,6.0751,6.0751,6.0751,6.0751,6.0751,6.0751,6.0751,6.0751,6.0751,6.0751,6.0751,6.0751,6.0751,6.0751,6.0751,6.0751,6.0751,6.0751,6.0751,6.0751,6.0751,6.0751,6.0751,6.0751,6.0751,6.0751,6.0751,6.0751,6.0751,6.0751,6.0751,6.0751,6.0751,6.0751,6.0751,6.0751,6.0751,6.0751,6.0751,6.0751,6.0751,6.0751,6.0751,6.0751,6.0751,6.0751,6.0751,6.0751,6.0751,6.0751,6.0751,6.0751,6.0751,6.0751,6.0751,6.0751,6.0751,6.0751,6.0751,6.0751,6.0751,6.0751,6.0751,6.0751,6.0751,6.0751,6.0751,6.0751,6.0751,6.0751,6.0751,6.0751,6.0751,6.0751,6.0751,6.0751,6.0751,6.0751,6.0751,6.0751,6.0751,6.0751,6.0751,6.0751,6.0751,6.0751,6.0751,6.0751,6.0751,6.0751,6.0751,6.0751,6.0751,6.0751,6.0751,6.0751,6.0751,6.0751,6.0751,6.0751,6.0751,6.0751,6.0751,6.0751,6.0751,6.0751,6.0751,6.0751,6.0751,6.0751,6.0751,6.0751,6.0751,6.0751,6.0751,6.0751,6.0751,6.0751,6.0751,6.0751,6.0751,6.0751,6.0751,6.0751,6.0751,6.0751,6.0751,6.0751,6.0751,6.0751,6.0751,6.0751,6.0751,6.0751,6.0751,6.0751,6.0751,6.0751,6.0751,6.0751,6.0751,6.0751,6.0751,6.0751,6.0751,6.0751,6.0751,6.0751,6.0751,6.0751,6.0751,6.0751,6.0751,6.0751,6.0751,6.0751,6.0751,6.0751,6.0751,6.0751,6.0751,6.0751,6.0751,6.0751,6.0751,6.0751,6.0751,6.0751,6.0751,6.0751,6.0751,6.0751,6.0751,6.0751,6.0751,6.0751,6.0751,6.0751,6.0751,6.0751,6.0751,6.0751,6.0751,6.0751,6.0751,6.0751,6.0751,6.0751,6.0751,6.0751,6.0751,6.0751,6.0751,6.0751,6.0751,6.0751,6.0751,6.0751,6.0751,6.0751,6.0751,6.0751,6.0751,6.0751,6.0751,6.0751,6.0751,6.0751,6.0751,6.0751,6.0751,6.0751,6.0751,6.0751,6.0751,6.0751,6.0751,6.0751,6.0751,6.0751,6.0751,6.0751,6.0751,6.0751,6.0751,6.0751,6.0751,6.0751,6.0751,6.0751,6.0751,6.0751,6.0751,6.0751,6.0751,6.0751,6.0751,6.0751,6.0751,6.0751,6.0751,6.0751,6.0751,6.0751,6.0751,6.0751,6.0751,6.0751,6.0751,6.0751,6.0751,6.0751,6.0751,6.0751,6.0751,6.0751,6.0751,6.0751,6.0751,6.0751,6.0751,6.0751,6.0751,6.0751,6.0751,6.0751,6.0751,6.0751,6.0751,6.0751,6.0751,6.0751,6.0751,6.0751,6.0751,6.0751,6.0751,6.0751,6.0751,6.0751,6.0751,6.0751,6.0751,6.0751,6.0751,6.0751,6.0751,6.0751,6.0751,6.0751,6.0751,6.0751,6.0751,6.0751,6.0751,6.0751,6.0751,6.0751,6.0751,6.0751,6.0751,6.0751,6.0751,6.0751,6.0751,6.0751,6.0751,6.0751,6.0751,6.0751,6.0751,6.0751,6.0751,6.0751,6.0751,6.0751,6.0751,6.0751,6.0751,6.0751,6.0751,6.0751,6.0751,6.0751,6.0751,6.0751,6.0751,6.0751,6.0751,6.0751,6.0751,6.0751,6.0751,6.0751,6.0751,6.0751,6.0751,6.0751,6.0751,6.0751,6.0751,6.0751,6.0751,6.0751,6.0751,6.0751,6.0751,6.0751,6.0751,6.0751,6.0751,6.0751,6.0751,6.0751,6.0751,6.0751,6.0751,6.0751,6.0751,6.0751,6.0751,6.0751,6.0751,6.0751,6.0751,6.0751,6.0751,6.0751,6.0751,6.0751,6.0751,6.0751,6.0751,6.0751,6.0751,6.0751,6.0751,6.0751,6.0751,6.0751,6.0751,6.0751,6.0751,6.0751,6.0751,6.0751,6.0751,6.0751,6.0751,6.0751,6.0751,6.0751,6.0751,6.0751,6.0751,6.0751,6.0751,6.0751,6.0751,6.0751,6.0751,6.0751,6.0751,6.0751,6.0751,6.0751,6.0751,6.0751,6.0751,6.0751,6.0751,6.0751,6.0751,6.0751,6.0751,6.0751,6.0751,6.0751,6.0751,6.0751,6.0751,6.0751,6.0751,6.0751,6.0751,6.0751,6.0751,6.0751,6.0751,6.0751,6.0751,6.0751,6.0751,6.0751,6.0751,6.0751,6.0751,6.0751,6.0751,6.0751,6.0751,6.0751,6.0751,6.0751,6.0751,6.0751,6.0751,6.0751,6.0751,6.0751,6.0751,6.0751,6.0751,6.0751,6.0751,6.0751,6.0751,6.0751,6.0751,6.0751,6.0751,6.0751,6.0751,6.0751,6.0751,6.0751,6.0751,6.0751,6.0751,6.0751,6.0751,6.0751,6.0751,6.0751,6.0751,6.0751,6.0751,6.0751,6.0751,6.0751,6.0751,6.0751,6.0751,6.0751,6.0751,6.0751,6.0751,6.0751,6.0751,6.0751,6.0751,6.0751,6.0751,6.0751,6.0751,6.0751,6.0751,6.0751,6.0751,6.0751,6.0751,6.0751,6.0751,6.0751,6.0751,6.0751,6.0751,6.0751,6.0751,6.0751,6.0751,6.0751,6.0751,6.0751,6.0751,6.0751,6.0751,6.0751,6.0751,6.0751,6.0751,6.0751,6.0751,6.0751,6.0751,6.0751,6.0751,6.0751,6.0751,6.0751,6.0751,6.0751,6.0751,6.0751,6.0751,6.0751,6.0751,6.0751,6.0751,6.0751,6.0751,6.0751,6.0751,6.0751,6.0751,6.0751,6.0751,6.0751,6.0751,6.0751,6.0751,6.0751,6.0751,6.0751,6.0751,6.0751,6.0751,6.0751,6.0751,6.0751,6.0751,6.0751,6.0751,6.0751,6.0751,6.0751,6.0751,6.0751,6.0751,6.0751,6.0751,6.0751,6.0751,6.0751,6.0751,6.0751,6.0751,6.0751,6.0751,6.0751,6.0751,6.0751,6.0751,6.0751,6.0751,6.0751,6.0751,6.0751,6.0751,6.0751,6.0751,6.0751,6.0751,6.0751,6.0751,6.0751,6.0751,6.0751,6.0751,6.0751,6.0751,6.0751,6.0751,6.0751,6.0751,6.0751,6.0751,6.0751,6.0751,6.0751,6.0751,6.0751,6.0751,6.0751,6.0751,6.0751,6.0751,6.0751,6.0751,6.0751,6.0751,6.0751,6.0751,6.0751,6.0751,6.0751,6.0751,6.0751,6.0751,6.0751,6.0751,6.0751,6.0751,6.0751,6.0751,6.0751,6.0751,6.0751,6.0751,6.0751,6.0751,6.0751,6.0751,6.0751,6.0751,6.0751,6.0751,6.0751,6.0751,6.0751,6.0751,6.0751,6.0751,6.0751,6.0751,6.0751,6.0751,6.0751,6.0751,6.0751,6.0751,6.0751,6.0751,6.0751,6.0751,6.0751,6.0751,6.0751,6.0751,6.0751,6.0751,6.0751,6.0751,6.0751,6.0751,6.0751,6.0751,6.0751,6.0751,6.0751,6.0751,6.0751,6.0751,6.0751,6.0751
6.0709,6.0709,6.0709,6.0709,6.0709,6.0709,6.0709,6.0709,6.0709,6.0709,6.0709,6.0709,6.0709,6.0709,6.0709,6.0709,6.0709,6.0709,6.0709,6.0709,6.0709,6.0709,6.0709,6.0709,6.0709,6.0709,6.0709,6.0709,6.0709,6.0709,6.0709,6.0709,6.0709,6.0709,6.0709,6.0709,6.0709,6.0709,6.0709,6.0709,6.0709,6.0709,6.0709,6.0709,6.0709,6.0709,6.0709,6.0709,6.0709,6.0709,6.0709,6.0709,6.0709,6.0709,6.0709,6.0709,6.0709,6.0709,6.0709,6.0709,6.0709,6.0709,6.0709,6.0709,6.0709,6.0709,6.0709,6.0709,6.0709,6.0709,6.0709,6.0709,6.0709,6.0709,6.0709,6.0709,6.0709,6.0709,6.0709,6.0709,6.0709,6.0709,6.0709,6.0709,6.0709,6.0709,6.0709,6.0709,6.0709,6.0709,6.0709,6.0709,6.0709,6.0709,6.0709,6.0709,6.0709,6.0709,6.0709,6.0709,6.0709,6.0709,6.0709,6.0709,6.0709,6.0709,6.0709,6.0709,6.0709,6.0709,6.0709,6.0709,6.0709,6.0709,6.0709,6.0709,6.0709,6.0709,6.0709,6.0709,6.0709,6.0709,6.0709,6.0709,6.0709,6.0709,6.0709,6.0709,6.0709,6.0709,6.0709,6.0709,6.0709,6.0709,6.0709,6.0709,6.0709,6.0709,6.0709,6.0709,6.0709,6.0709,6.0709,6.0709,6.0709,6.0709,6.0709,6.0709,6.0709,6.0709,6.0709,6.0709,6.0709,6.0709,6.0709,6.0709,6.0709,6.0709,6.0709,6.0709,6.0709,6.0709,6.0709,6.0709,6.0709,6.0709,6.0709,6.0709,6.0709,6.0709,6.0709,6.0709,6.0709,6.0709,6.0709,6.0709,6.0709,6.0709,6.0709,6.0709,6.0709,6.0709,6.0709,6.0709,6.0709,6.0709,6.0709,6.0709,6.0709,6.0709,6.0709,6.0709,6.0709,6.0709,6.0709,6.0709,6.0709,6.0709,6.0709,6.0709,6.0709,6.0709,6.0709,6.0709,6.0709,6.0709,6.0709,6.0709,6.0709,6.0709,6.0709,6.0709,6.0709,6.0709,6.0709,6.0709,6.0709,6.0709,6.0709,6.0709,6.0709,6.0709,6.0709,6.0709,6.0709,6.0709,6.0709,6.0709,6.0709,6.0709,6.0709,6.0709,6.0709,6.0709,6.0709,6.0709,6.0709,6.0709,6.0709,6.0709,6.0709,6.0709,6.0709,6.0709,6.0709,6.0709,6.0709,6.0709,6.0709,6.0709,6.0709,6.0709,6.0709,6.0709,6.0709,6.0709,6.0709,6.0709,6.0709,6.0709,6.0709,6.0709,6.0709,6.0709,6.0709,6.0709,6.0709,6.0709,6.0709,6.0709,6.0709,6.0709,6.0709,6.0709,6.0709,6.0709,6.0709,6.0709,6.0709,6.0709,6.0709,6.0709,6.0709,6.0709,6.0709,6.0709,6.0709,6.0709,6.0709,6.0709,6.0709,6.0709,6.0709,6.0709,6.0709,6.0709,6.0709,6.0709,6.0709,6.0709,6.0709,6.0709,6.0709,6.0709,6.0709,6.0709,6.0709,6.0709,6.0709,6.0709,6.0709,6.0709,6.0709,6.0709,6.0709,6.0709,6.0709,6.0709,6.0709,6.0709,6.0709,6.0709,6.0709,6.0709,6.0709,6.0709,6.0709,6.0709,6.0709,6.0709,6.0709,6.0709,6.0709,6.0709,6.0709,6.0709,6.0709,6.0709,6.0709,6.0709,6.0709,6.0709,6.0709,6.0709,6.0709,6.0709,6.0709,6.0709,6.0709,6.0709,6.0709,6.0709,6.0709,6.0709,6.0709,6.0709,6.0709,6.0709,6.0709,6.0709,6.0709,6.0709,6.0709,6.0709,6.0709,6.0709,6.0709,6.0709,6.0709,6.0709,6.0709,6.0709,6.0709,6.0709,6.0709,6.0709,6.0709,6.0709,6.0709,6.0709,6.0709,6.0709,6.0709,6.0709,6.0709,6.0709,6.0709,6.0709,6.0709,6.0709,6.0709,6.0709,6.0709,6.0709,6.0709,6.0709,6.0709,6.0709,6.0709,6.0709,6.0709,6.0709,6.0709,6.0709,6.0709,6.0709,6.0709,6.0709,6.0709,6.0709,6.0709,6.0709,6.0709,6.0709,6.0709,6.0709,6.0709,6.0709,6.0709,6.0709,6.0709,6.0709,6.0709,6.0709,6.0709,6.0709,6.0709,6.0709,6.0709,6.0709,6.0709,6.0709,6.0709,6.0709,6.0709,6.0709,6.0709,6.0709,6.0709,6.0709,6.0709,6.0709,6.0709,6.0709,6.0709,6.0709,6.0709,6.0709,6.0709,6.0709,6.0709,6.0709,6.0709,6.0709,6.0709,6.0709,6.0709,6.0709,6.0709,6.0709,6.0709,6.0709,6.0709,6.0709,6.0709,6.0709,6.0709,6.0709,6.0709,6.0709,6.0709,6.0709,6.0709,6.0709,6.0709,6.0709,6.0709,6.0709,6.0709,6.0709,6.0709,6.0709,6.0709,6.0709,6.0709,6.0709,6.0709,6.0709,6.0709,6.0709,6.0709,6.0709,6.0709,6.0709,6.0709,6.0709,6.0709,6.0709,6.0709,6.0709,6.0709,6.0709,6.0709,6.0709,6.0709,6.0709,6.0709,6.0709,6.0709,6.0709,6.0709,6.0709,6.0709,6.0709,6.0709,6.0709,6.0709,6.0709,6.0709,6.0709,6.0709,6.0709,6.0709,6.0709,6.0709,6.0709,6.0709,6.0709,6.0709,6.0709,6.0709,6.0709,6.0709,6.0709,6.0709,6.0709,6.0709,6.0709,6.0709,6.0709,6.0709,6.0709,6.0709,6.0709,6.0709,6.0709,6.0709,6.0709,6.0709,6.0709,6.0709,6.0709,6.0709,6.0709,6.0709,6.0709,6.0709,6.0709,6.0709,6.0709,6.0709,6.0709,6.0709,6.0709,6.0709,6.0709,6.0709,6.0709,6.0709,6.0709,6.0709,6.0709,6.0709,6.0709,6.0709,6.0709,6.0709,6.0709,6.0709,6.0709,6.0709,6.0709,6.0709,6.0709,6.0709,6.0709,6.0709,6.0709,6.0709,6.0709,6.0709,6.0709,6.0709,6.0709,6.0709,6.0709,6.0709,6.0709,6.0709,6.0709,6.0709,6.0709,6.0709,6.0709,6.0709,6.0709,6.0709,6.0709,6.0709,6.0709,6.0709,6.0709,6.0709,6.0709,6.0709,6.0709,6.0709,6.0709,6.0709,6.0709,6.0709,6.0709,6.0709,6.0709,6.0709,6.0709,6.0709,6.0709,6.0709,6.0709,6.0709,6.0709,6.0709,6.0709,6.0709,6.0709,6.0709,6.0709,6.0709,6.0709,6.0709,6.0709,6.0709,6.0709,6.0709,6.0709,6.0709,6.0709,6.0709,6.0709,6.0709,6.0709,6.0709,6.0709,6.0709,6.0709,6.0709,6.0709,6.0709,6.0709,6.0709,6.0709,6.0709,6.0709,6.0709,6.0709,6.0709,6.0709,6.0709,6.0709,6.0709,6.0709,6.0709,6.0709,6.0709,6.0709,6.0709,6.0709,6.0709,6.0709,6.0709,6.0709,6.0709,6.0709,6.0709,6.0709,6.0709,6.0709,6.0709,6.0709,6.0709,6.0709,6.0709,6.0709,6.0709,6.0709,6.0709,6.0709,6.0709,6.0709,6.0709,6.0709,6.0709,6.0709,6.0709,6.0709,6.0709,6.0709,6.0709,6.0709,6.0709,6.0709,6.0709,6.0709,6.0709,6.0709,6.0709,6.0709,6.0709,6.0709,6.0709,6.0709,6.0709,6.0709,6.0709,6.0709,6.0709,6.0709,6.0709,6.0709,6.0709,6.0709,6.0709,6.0709,6.0709,6.0709,6.0709,6.0709,6.0709,6.0709,6.0709,6.0709,6.0709,6.0709,6.0709,6.0709,6.0709,6.0709,6.0709,6.0709,6.0709,6.0709,6.0709,6.0709,6.0709,6.0709,6.0709,6.0709,6.0709,6.0709,6.0709,6.0709,6.0709,6.0709,6.0709,6.0709,6.0709,6.0709,6.0709,6.0709,6.0709,6.0709,6.0709,6.0709,6.0709,6.0709,6.0709,6.0709,6.0709,6.0709,6.0709,6.0709,6.0709,6.0709,6.0709,6.0709,6.0709,6.0709,6.0709,6.0709,6.0709,6.0709,6.0709,6.0709,6.0709,6.0709,6.0709,6.0709,6.0709,6.0709,6.0709,6.0709,6.0709,6.0709,6.0709,6.0709,6.0709,6.0709,6.0709,6.0709,6.0709,6.0709,6.0709,6.0709,6.0709,6.0709,6.0709,6.0709,6.0709,6.0709,6.0709,6.0709,6.0709,6.0709,6.0709,6.0709,6.0709,6.0709,6.0709,6.0709,6.0709,6.0709,6.0709,6.0709,6.0709,6.0709,6.0709,6.0709,6.0709,6.0709,6.0709,6.0709,6.0709,6.0709,6.0709,6.0709,6.0709,6.0709,6.0709,6.0709,6.0709,6.0709,6.0709,6.0709,6.0709,6.0709,6.0709,6.0709,6.0709,6.0709,6.0709,6.0709,6.0709,6.0709,6.0709,6.0709,6.0709,6.0709,6.0709,6.0709,6.0709,6.0709,6.0709,6.0709,6.0709,6.0709,6.0709,6.0709,6.0709,6.0709,6.0709,6.0709,6.0709,6.0709,6.0709,6.0709,6.0709,6.0709,6.0709,6.0709,6.0709,6.0709,6.0709,6.0709,6.0709,6.0709,6.0709,6.0709,6.0709,6.0709,6.0709,6.0709,6.0709,6.0709,6.0709,6.0709,6.0709,6.0709,6.0709,6.0709,6.0709,6.0709,6.0709,6.0709,6.0709,6.0709,6.0709,6.0709,6.0709,6.0709,6.0709,6.0709,6.0709,6.0709,6.0709,6.0709,6.0709,6.0709,6.0709,6.0709,6.0709,6.0709,6.0709,6.0709,6.0709,6.0709,6.0709,6.0709,6.0709,6.0709,6.0709,6.0709,6.0709,6.0709,6.0709,6.0709,6.0709,6.0709,6.0709,6.0709,6.0709,6.0709,6.0709,6.0709,6.0709,6.0709,6.0709,6.0709,6.0709,6.0709
6.0668,6.0668,6.0668,6.0668,6.0668,6.0668,6.0668,6.0668,6.0668,6.0668,6.0668,6.0668,6.0668,6.0668,6.0668,6.0668,6.0668,6.0668,6.0668,6.0668,6.0668,6.0668,6.0668,6.0668,6.0668,6.0668,6.0668,6.0668,6.0668,6.0668,6.0668,6.0668,6.0668,6.0668,6.0668,6.0668,6.0668,6.0668,6.0668,6.0668,6.0668,6.0668,6.0668,6.0668,6.0668,6.0668,6.0668,6.0668,6.0668,6.0668,6.0668,6.0668,6.0668,6.0668,6.0668,6.0668,6.0668,6.0668,6.0668,6.0668,6.0668,6.0668,6.0668,6.0668,6.0668,6.0668,6.0668,6.0668,6.0668,6.0668,6.0668,6.0668,6.0668,6.0668,6.0668,6.0668,6.0668,6.0668,6.0668,6.0668,6.0668,6.0668,6.0668,6.0668,6.0668,6.0668,6.0668,6.0668,6.0668,6.0668,6.0668,6.0668,6.0668,6.0668,6.0668,6.0668,6.0668,6.0668,6.0668,6.0668,6.0668,6.0668,6.0668,6.0668,6.0668,6.0668,6.0668,6.0668,6.0668,6.0668,6.0668,6.0668,6.0668,6.0668,6.0668,6.0668,6.0668,6.0668,6.0668,6.0668,6.0668,6.0668,6.0668,6.0668,6.0668,6.0668,6.0668,6.0668,6.0668,6.0668,6.0668,6.0668,6.0668,6.0668,6.0668,6.0668,6.0668,6.0668,6.0668,6.0668,6.0668,6.0668,6.0668,6.0668,6.0668,6.0668,6.0668,6.0668,6.0668,6.0668,6.0668,6.0668,6.0668,6.0668,6.0668,6.0668,6.0668,6.0668,6.0668,6.0668,6.0668,6.0668,6.0668,6.0668,6.0668,6.0668,6.0668,6.0668,6.0668,6.0668,6.0668,6.0668,6.0668,6.0668,6.0668,6.0668,6.0668,6.0668,6.0668,6.0668,6.0668,6.0668,6.0668,6.0668,6.0668,6.0668,6.0668,6.0668,6.0668,6.0668,6.0668,6.0668,6.0668,6.0668,6.0668,6.0668,6.0668,6.0668,6.0668,6.0668,6.0668,6.0668,6.0668,6.0668,6.0668,6.0668,6.0668,6.0668,6.0668,6.0668,6.0668,6.0668,6.0668,6.0668,6.0668,6.0668,6.0668,6.0668,6.0668,6.0668,6.0668,6.0668,6.0668,6.0668,6.0668,6.0668,6.0668,6.0668,6.0668,6.0668,6.0668,6.0668,6.0668,6.0668,6.0668,6.0668,6.0668,6.0668,6.0668,6.0668,6.0668,6.0668,6.0668,6.0668,6.0668,6.0668,6.0668,6.0668,6.0668,6.0668,6.0668,6.0668,6.0668,6.0668,6.0668,6.0668,6.0668,6.0668,6.0668,6.0668,6.0668,6.0668,6.0668,6.0668,6.0668,6.0668,6.0668,6.0668,6.0668,6.0668,6.0668,6.0668,6.0668,6.0668,6.0668,6.0668,6.0668,6.0668,6.0668,6.0668,6.0668,6.0668,6.0668,6.0668,6.0668,6.0668,6.0668,6.0668,6.0668,6.0668,6.0668,6.0668,6.0668,6.0668,6.0668,6.0668,6.0668,6.0668,6.0668,6.0668,6.0668,6.0668,6.0668,6.0668,6.0668,6.0668,6.0668,6.0668,6.0668,6.0668,6.0668,6.0668,6.0668,6.0668,6.0668,6.0668,6.0668,6.0668,6.0668,6.0668,6.0668,6.0668,6.0668,6.0668,6.0668,6.0668,6.0668,6.0668,6.0668,6.0668,6.0668,6.0668,6.0668,6.0668,6.0668,6.0668,6.0668,6.0668,6.0668,6.0668,6.0668,6.0668,6.0668,6.0668,6.0668,6.0668,6.0668,6.0668,6.0668,6.0668,6.0668,6.0668,6.0668,6.0668,6.0668,6.0668,6.0668,6.0668,6.0668,6.0668,6.0668,6.0668,6.0668,6.0668,6.0668,6.0668,6.0668,6.0668,6.0668,6.0668,6.0668,6.0668,6.0668,6.0668,6.0668,6.0668,6.0668,6.0668,6.0668,6.0668,6.0668,6.0668,6.0668,6.0668,6.0668,6.0668,6.0668,6.0668,6.0668,6.0668,6.0668,6.0668,6.0668,6.0668,6.0668,6.0668,6.0668,6.0668,6.0668,6.0668,6.0668,6.0668,6.0668,6.0668,6.0668,6.0668,6.0668,6.0668,6.0668,6.0668,6.0668,6.0668,6.0668,6.0668,6.0668,6.0668,6.0668,6.0668,6.0668,6.0668,6.0668,6.0668,6.0668,6.0668,6.0668,6.0668,6.0668,6.0668,6.0668,6.0668,6.0668,6.0668,6.0668,6.0668,6.0668,6.0668,6.0668,6.0668,6.0668,6.0668,6.0668,6.0668,6.0668,6.0668,6.0668,6.0668,6.0668,6.0668,6.0668,6.0668,6.0668,6.0668,6.0668,6.0668,6.0668,6.0668,6.0668,6.0668,6.0668,6.0668,6.0668,6.0668,6.0668,6.0668,6.0668,6.0668,6.0668,6.0668,6.0668,6.0668,6.0668,6.0668,6.0668,6.0668,6.0668,6.0668,6.0668,6.0668,6.0668,6.0668,6.0668,6.0668,6.0668,6.0668,6.0668,6.0668,6.0668,6.0668,6.0668,6.0668,6.0668,6.0668,6.0668,6.0668,6.0668,6.0668,6.0668,6.0668,6.0668,6.0668,6.0668,6.0668,6.0668,6.0668,6.0668,6.0668,6.0668,6.0668,6.0668,6.0668,6.0668,6.0668,6.0668,6.0668,6.0668,6.0668,6.0668,6.0668,6.0668,6.0668,6.0668,6.0668,6.0668,6.0668,6.0668,6.0668,6.0668,6.0668,6.0668,6.0668,6.0668,6.0668,6.0668,6.0668,6.0668,6.0668,6.0668,6.0668,6.0668,6.0668,6.0668,6.0668,6.0668,6.0668,6.0668,6.0668,6.0668,6.0668,6.0668,6.0668,6.0668,6.0668,6.0668,6.0668,6.0668,6.0668,6.0668,6.0668,6.0668,6.0668,6.0668,6.0668,6.0668,6.0668,6.0668,6.0668,6.0668,6.0668,6.0668,6.0668,6.0668,6.0668,6.0668,6.0668,6.0668,6.0668,6.0668,6.0668,6.0668,6.0668,6.0668,6.0668,6.0668,6.0668,6.0668,6.0668,6.0668,6.0668,6.0668,6.0668,6.0668,6.0668,6.0668,6.0668,6.0668,6.0668,6.0668,6.0668,6.0668,6.0668,6.0668,6.0668,6.0668,6.0668,6.0668,6.0668,6.0668,6.0668,6.0668,6.0668,6.0668,6.0668,6.0668,6.0668,6.0668,6.0668,6.0668,6.0668,6.0668,6.0668,6.0668,6.0668,6.0668,6.0668,6.0668,6.0668,6.0668,6.0668,6.0668,6.0668,6.0668,6.0668,6.0668,6.0668,6.0668,6.0668,6.0668,6.0668,6.0668,6.0668,6.0668,6.0668,6.0668,6.0668,6.0668,6.0668,6.0668,6.0668,6.0668,6.0668,6.0668,6.0668,6.0668,6.0668,6.0668,6.0668,6.0668,6.0668,6.0668,6.0668,6.0668,6.0668,6.0668,6.0668,6.0668,6.0668,6.0668,6.0668,6.0668,6.0668,6.0668,6.0668,6.0668,6.0668,6.0668,6.0668,6.0668,6.0668,6.0668,6.0668,6.0668,6.0668,6.0668,6.0668,6.0668,6.0668,6.0668,6.0668,6.0668,6.0668,6.0668,6.0668,6.0668,6.0668,6.0668,6.0668,6.0668,6.0668,6.0668,6.0668,6.0668,6.0668,6.0668,6.0668,6.0668,6.0668,6.0668,6.0668,6.0668,6.0668,6.0668,6.0668,6.0668,6.0668,6.0668,6.0668,6.0668,6.0668,6.0668,6.0668,6.0668,6.0668,6.0668,6.0668,6.0668,6.0668,6.0668,6.0668,6.0668,6.0668,6.0668,6.0668,6.0668,6.0668,6.0668,6.0668,6.0668,6.0668,6.0668,6.0668,6.0668,6.0668,6.0668,6.0668,6.0668,6.0668,6.0668,6.0668,6.0668,6.0668,6.0668,6.0668,6.0668,6.0668,6.0668,6.0668,6.0668,6.0668,6.0668,6.0668,6.0668,6.0668,6.0668,6.0668,6.0668,6.0668,6.0668,6.0668,6.0668,6.0668,6.0668,6.0668,6.0668,6.0668,6.0668,6.0668,6.0668,6.0668,6.0668,6.0668,6.0668,6.0668,6.0668,6.0668,6.0668,6.0668,6.0668,6.0668,6.0668,6.0668,6.0668,6.0668,6.0668,6.0668,6.0668,6.0668,6.0668,6.0668,6.0668,6.0668,6.0668,6.0668,6.0668,6.0668,6.0668,6.0668,6.0668,6.0668,6.0668,6.0668,6.0668,6.0668,6.0668,6.0668,6.0668,6.0668,6.0668,6.0668,6.0668,6.0668,6.0668,6.0668,6.0668,6.0668,6.0668,6.0668,6.0668,6.0668,6.0668,6.0668,6.0668,6.0668,6.0668,6.0668,6.0668,6.0668,6.0668,6.0668,6.0668,6.0668,6.0668,6.0668,6.0668,6.0668,6.0668,6.0668,6.0668,6.0668,6.0668,6.0668,6.0668,6.0668,6.0668,6.0668,6.0668,6.0668,6.0668,6.0668,6.0668,6.0668,6.0668,6.0668,6.0668,6.0668,6.0668,6.0668,6.0668,6.0668,6.0668,6.0668,6.0668,6.0668,6.0668,6.0668,6.0668,6.0668,6.0668,6.0668,6.0668,6.0668,6.0668,6.0668,6.0668,6.0668,6.0668,6.0668,6.0668,6.0668,6.0668,6.0668,6.0668,6.0668,6.0668,6.0668,6.0668,6.0668,6.0668,6.0668,6.0668,6.0668,6.0668,6.0668,6.0668,6.0668,6.0668,6.0668,6.0668,6.0668,6.0668,6.0668,6.0668,6.0668,6.0668,6.0668,6.0668,6.0668,6.0668,6.0668,6.0668,6.0668,6.0668,6.0668,6.0668,6.0668,6.0668,6.0668,6.0668,6.0668,6.0668,6.0668,6.0668,6.0668,6.0668,6.0668,6.0668,6.0668,6.0668,6.0668,6.0668,6.0668,6.0668,6.0668,6.0668,6.0668,6.0668,6.0668,6.0668,6.0668,6.0668,6.0668,6.0668,6.0668,6.0668,6.0668,6.0668,6.0668,6.0668,6.0668,6.0668,6.0668
6.0628,6.0628,6.0628,6.0628,6.0628,6.0628,6.0628,6.0628,6.0628,6.0628,6.0628,6.0628,6.0628,6.0628,6.0628,6.0628,6.0628,6.0628,6.0628,6.0628,6.0628,6.0628,6.0628,6.0628,6.0628,6.0628,6.0628,6.0628,6.0628,6.0628,6.0628,6.0628,6.0628,6.0628,6.0628,6.0628,6.0628,6.0628,6.0628,6.0628,6.0628,6.0628,6.0628,6.0628,6.0628,6.0628,6.0628,6.0628,6.0628,6.0628,6.0628,6.0628,6.0628,6.0628,6.0628,6.0628,6.0628,6.0628,6.0628,6.0628,6.0628,6.0628,6.0628,6.0628,6.0628,6.0628,6.0628,6.0628,6.0628,6.0628,6.0628,6.0628,6.0628,6.0628,6.0628,6.0628,6.0628,6.0628,6.0628,6.0628,6.0628,6.0628,6.0628,6.0628,6.0628,6.0628,6.0628,6.0628,6.0628,6.0628,6.0628,6.0628,6.0628,6.0628,6.0628,6.0628,6.0628,6.0628,6.0628,6.0628,6.0628,6.0628,6.0628,6.0628,6.0628,6.0628,6.0628,6.0628,6.0628,6.0628,6.0628,6.0628,6.0628,6.0628,6.0628,6.0628,6.0628,6.0628,6.0628,6.0628,6.0628,6.0628,6.0628,6.0628,6.0628,6.0628,6.0628,6.0628,6.0628,6.0628,6.0628,6.0628,6.0628,6.0628,6.0628,6.0628,6.0628,6.0628,6.0628,6.0628,6.0628,6.0628,6.0628,6.0628,6.0628,6.0628,6.0628,6.0628,6.0628,6.0628,6.0628,6.0628,6.0628,6.0628,6.0628,6.0628,6.0628,6.0628,6.0628,6.0628,6.0628,6.0628,6.0628,6.0628,6.0628,6.0628,6.0628,6.0628,6.0628,6.0628,6.0628,6.0628,6.0628,6.0628,6.0628,6.0628,6.0628,6.0628,6.0628,6.0628,6.0628,6.0628,6.0628,6.0628,6.0628,6.0628,6.0628,6.0628,6.0628,6.0628,6.0628,6.0628,6.0628,6.0628,6.0628,6.0628,6.0628,6.0628,6.0628,6.0628,6.0628,6.0628,6.0628,6.0628,6.0628,6.0628,6.0628,6.0628,6.0628,6.0628,6.0628,6.0628,6.0628,6.0628,6.0628,6.0628,6.0628,6.0628,6.0628,6.0628,6.0628,6.0628,6.0628,6.0628,6.0628,6.0628,6.0628,6.0628,6.0628,6.0628,6.0628,6.0628,6.0628,6.0628,6.0628,6.0628,6.0628,6.0628,6.0628,6.0628,6.0628,6.0628,6.0628,6.0628,6.0628,6.0628,6.0628,6.0628,6.0628,6.0628,6.0628,6.0628,6.0628,6.0628,6.0628,6.0628,6.0628,6.0628,6.0628,6.0628,6.0628,6.0628,6.0628,6.0628,6.0628,6.0628,6.0628,6.0628,6.0628,6.0628,6.0628,6.0628,6.0628,6.0628,6.0628,6.0628,6.0628,6.0628,6.0628,6.0628,6.0628,6.0628,6.0628,6.0628,6.0628,6.0628,6.0628,6.0628,6.0628,6.0628,6.0628,6.0628,6.0628,6.0628,6.0628,6.0628,6.0628,6.0628,6.0628,6.0628,6.0628,6.0628,6.0628,6.0628,6.0628,6.0628,6.0628,6.0628,6.0628,6.0628,6.0628,6.0628,6.0628,6.0628,6.0628,6.0628,6.0628,6.0628,6.0628,6.0628,6.0628,6.0628,6.0628,6.0628,6.0628,6.0628,6.0628,6.0628,6.0628,6.0628,6.0628,6.0628,6.0628,6.0628,6.0628,6.0628,6.0628,6.0628,6.0628,6.0628,6.0628,6.0628,6.0628,6.0628,6.0628,6.0628,6.0628,6.0628,6.0628,6.0628,6.0628,6.0628,6.0628,6.0628,6.0628,6.0628,6.0628,6.0628,6.0628,6.0628,6.0628,6.0628,6.0628,6.0628,6.0628,6.0628,6.0628,6.0628,6.0628,6.0628,6.0628,6.0628,6.0628,6.0628,6.0628,6.0628,6.0628,6.0628,6.0628,6.0628,6.0628,6.0628,6.0628,6.0628,6.0628,6.0628,6.0628,6.0628,6.0628,6.0628,6.0628,6.0628,6.0628,6.0628,6.0628,6.0628,6.0628,6.0628,6.0628,6.0628,6.0628,6.0628,6.0628,6.0628,6.0628,6.0628,6.0628,6.0628,6.0628,6.0628,6.0628,6.0628,6.0628,6.0628,6.0628,6.0628,6.0628,6.0628,6.0628,6.0628,6.0628,6.0628,6.0628,6.0628,6.0628,6.0628,6.0628,6.0628,6.0628,6.0628,6.0628,6.0628,6.0628,6.0628,6.0628,6.0628,6.0628,6.0628,6.0628,6.0628,6.0628,6.0628,6.0628,6.0628,6.0628,6.0628,6.0628,6.0628,6.0628,6.0628,6.0628,6.0628,6.0628,6.0628,6.0628,6.0628,6.0628,6.0628,6.0628,6.0628,6.0628,6.0628,6.0628,6.0628,6.0628,6.0628,6.0628,6.0628,6.0628,6.0628,6.0628,6.0628,6.0628,6.0628,6.0628,6.0628,6.0628,6.0628,6.0628,6.0628,6.0628,6.0628,6.0628,6.0628,6.0628,6.0628,6.0628,6.0628,6.0628,6.0628,6.0628,6.0628,6.0628,6.0628,6.0628,6.0628,6.0628,6.0628,6.0628,6.0628,6.0628,6.0628,6.0628,6.0628,6.0628,6.0628,6.0628,6.0628,6.0628,6.0628,6.0628,6.0628,6.0628,6.0628,6.0628,6.0628,6.0628,6.0628,6.0628,6.0628,6.0628,6.0628,6.0628,6.0628,6.0628,6.0628,6.0628,6.0628,6.0628,6.0628,6.0628,6.0628,6.0628,6.0628,6.0628,6.0628,6.0628,6.0628,6.0628,6.0628,6.0628,6.0628,6.0628,6.0628,6.0628,6.0628,6.0628,6.0628,6.0628,6.0628,6.0628,6.0628,6.0628,6.0628,6.0628,6.0628,6.0628,6.0628,6.0628,6.0628,6.0628,6.0628,6.0628,6.0628,6.0628,6.0628,6.0628,6.0628,6.0628,6.0628,6.0628,6.0628,6.0628,6.0628,6.0628,6.0628,6.0628,6.0628,6.0628,6.0628,6.0628,6.0628,6.0628,6.0628,6.0628,6.0628,6.0628,6.0628,6.0628,6.0628,6.0628,6.0628,6.0628,6.0628,6.0628,6.0628,6.0628,6.0628,6.0628,6.0628,6.0628,6.0628,6.0628,6.0628,6.0628,6.0628,6.0628,6.0628,6.0628,6.0628,6.0628,6.0628,6.0628,6.0628,6.0628,6.0628,6.0628,6.0628,6.0628,6.0628,6.0628,6.0628,6.0628,6.0628,6.0628,6.0628,6.0628,6.0628,6.0628,6.0628,6.0628,6.0628,6.0628,6.0628,6.0628,6.0628,6.0628,6.0628,6.0628,6.0628,6.0628,6.0628,6.0628,6.0628,6.0628,6.0628,6.0628,6.0628,6.0628,6.0628,6.0628,6.0628,6.0628,6.0628,6.0628,6.0628,6.0628,6.0628,6.0628,6.0628,6.0628,6.0628,6.0628,6.0628,6.0628,6.0628,6.0628,6.0628,6.0628,6.0628,6.0628,6.0628,6.0628,6.0628,6.0628,6.0628,6.0628,6.0628,6.0628,6.0628,6.0628,6.0628,6.0628,6.0628,6.0628,6.0628,6.0628,6.0628,6.0628,6.0628,6.0628,6.0628,6.0628,6.0628,6.0628,6.0628,6.0628,6.0628,6.0628,6.0628,6.0628,6.0628,6.0628,6.0628,6.0628,6.0628,6.0628,6.0628,6.0628,6.0628,6.0628,6.0628,6.0628,6.0628,6.0628,6.0628,6.0628,6.0628,6.0628,6.0628,6.0628,6.0628,6.0628,6.0628,6.0628,6.0628,6.0628,6.0628,6.0628,6.0628,6.0628,6.0628,6.0628,6.0628,6.0628,6.0628,6.0628,6.0628,6.0628,6.0628,6.0628,6.0628,6.0628,6.0628,6.0628,6.0628,6.0628,6.0628,6.0628,6.0628,6.0628,6.0628,6.0628,6.0628,6.0628,6.0628,6.0628,6.0628,6.0628,6.0628,6.0628,6.0628,6.0628,6.0628,6.0628,6.0628,6.0628,6.0628,6.0628,6.0628,6.0628,6.0628,6.0628,6.0628,6.0628,6.0628,6.0628,6.0628,6.0628,6.0628,6.0628,6.0628,6.0628,6.0628,6.0628,6.0628,6.0628,6.0628,6.0628,6.0628,6.0628,6.0628,6.0628,6.0628,6.0628,6.0628,6.0628,6.0628,6.0628,6.0628,6.0628,6.0628,6.0628,6.0628,6.0628,6.0628,6.0628,6.0628,6.0628,6.0628,6.0628,6.0628,6.0628,6.0628,6.0628,6.0628,6.0628,6.0628,6.0628,6.0628,6.0628,6.0628,6.0628,6.0628,6.0628,6.0628,6.0628,6.0628,6.0628,6.0628,6.0628,6.0628,6.0628,6.0628,6.0628,6.0628,6.0628,6.0628,6.0628,6.0628,6.0628,6.0628,6.0628,6.0628,6.0628,6.0628,6.0628,6.0628,6.0628,6.0628,6.0628,6.0628,6.0628,6.0628,6.0628,6.0628,6.0628,6.0628,6.0628,6.0628,6.0628,6.0628,6.0628,6.0628,6.0628,6.0628,6.0628,6.0628,6.0628,6.0628,6.0628,6.0628,6.0628,6.0628,6.0628,6.0628,6.0628,6.0628,6.0628,6.0628,6.0628,6.0628,6.0628,6.0628,6.0628,6.0628,6.0628,6.0628,6.0628,6.0628,6.0628,6.0628,6.0628,6.0628,6.0628,6.0628,6.0628,6.0628,6.0628,6.0628,6.0628,6.0628,6.0628,6.0628,6.0628,6.0628,6.0628,6.0628,6.0628,6.0628,6.0628,6.0628,6.0628,6.0628,6.0628,6.0628,6.0628,6.0628,6.0628,6.0628,6.0628,6.0628,6.0628,6.0628,6.0628,6.0628,6.0628,6.0628,6.0628,6.0628,6.0628,6.0628,6.0628,6.0628,6.0628,6.0628,6.0628,6.0628,6.0628,6.0628,6.0628,6.0628,6.0628,6.0628,6.0628,6.0628,6.0628,6.0628,6.0628,6.0628,6.0628,6.0628,6.0628,6.0628,6.0628,6.0628,6.0628,6.0628,6.0628,6.0628
6.0587,6.0587,6.0587,6.0587,6.0587,6.0587,6.0587,6.0587,6.0587,6.0587,6.0587,6.0587,6.0587,6.0587,6.0587,6.0587,6.0587,6.0587,6.0587,6.0587,6.0587,6.0587,6.0587,6.0587,6.0587,6.0587,6.0587,6.0587,6.0587,6.0587,6.0587,6.0587,6.0587,6.0587,6.0587,6.0587,6.0587,6.0587,6.0587,6.0587,6.0587,6.0587,6.0587,6.0587,6.0587,6.0587,6.0587,6.0587,6.0587,6.0587,6.0587,6.0587,6.0587,6.0587,6.0587,6.0587,6.0587,6.0587,6.0587,6.0587,6.0587,6.0587,6.0587,6.0587,6.0587,6.0587,6.0587,6.0587,6.0587,6.0587,6.0587,6.0587,6.0587,6.0587,6.0587,6.0587,6.0587,6.0587,6.0587,6.0587,6.0587,6.0587,6.0587,6.0587,6.0587,6.0587,6.0587,6.0587,6.0587,6.0587,6.0587,6.0587,6.0587,6.0587,6.0587,6.0587,6.0587,6.0587,6.0587,6.0587,6.0587,6.0587,6.0587,6.0587,6.0587,6.0587,6.0587,6.0587,6.0587,6.0587,6.0587,6.0587,6.0587,6.0587,6.0587,6.0587,6.0587,6.0587,6.0587,6.0587,6.0587,6.0587,6.0587,6.0587,6.0587,6.0587,6.0587,6.0587,6.0587,6.0587,6.0587,6.0587,6.0587,6.0587,6.0587,6.0587,6.0587,6.0587,6.0587,6.0587,6.0587,6.0587,6.0587,6.0587,6.0587,6.0587,6.0587,6.0587,6.0587,6.0587,6.0587,6.0587,6.0587,6.0587,6.0587,6.0587,6.0587,6.0587,6.0587,6.0587,6.0587,6.0587,6.0587,6.0587,6.0587,6.0587,6.0587,6.0587,6.0587,6.0587,6.0587,6.0587,6.0587,6.0587,6.0587,6.0587,6.0587,6.0587,6.0587,6.0587,6.0587,6.0587,6.0587,6.0587,6.0587,6.0587,6.0587,6.0587,6.0587,6.0587,6.0587,6.0587,6.0587,6.0587,6.0587,6.0587,6.0587,6.0587,6.0587,6.0587,6.0587,6.0587,6.0587,6.0587,6.0587,6.0587,6.0587,6.0587,6.0587,6.0587,6.0587,6.0587,6.0587,6.0587,6.0587,6.0587,6.0587,6.0587,6.0587,6.0587,6.0587,6.0587,6.0587,6.0587,6.0587,6.0587,6.0587,6.0587,6.0587,6.0587,6.0587,6.0587,6.0587,6.0587,6.0587,6.0587,6.0587,6.0587,6.0587,6.0587,6.0587,6.0587,6.0587,6.0587,6.0587,6.0587,6.0587,6.0587,6.0587,6.0587,6.0587,6.0587,6.0587,6.0587,6.0587,6.0587,6.0587,6.0587,6.0587,6.0587,6.0587,6.0587,6.0587,6.0587,6.0587,6.0587,6.0587,6.0587,6.0587,6.0587,6.0587,6.0587,6.0587,6.0587,6.0587,6.0587,6.0587,6.0587,6.0587,6.0587,6.0587,6.0587,6.0587,6.0587,6.0587,6.0587,6.0587,6.0587,6.0587,6.0587,6.0587,6.0587,6.0587,6.0587,6.0587,6.0587,6.0587,6.0587,6.0587,6.0587,6.0587,6.0587,6.0587,6.0587,6.0587,6.0587,6.0587,6.0587,6.0587,6.0587,6.0587,6.0587,6.0587,6.0587,6.0587,6.0587,6.0587,6.0587,6.0587,6.0587,6.0587,6.0587,6.0587,6.0587,6.0587,6.0587,6.0587,6.0587,6.0587,6.0587,6.0587,6.0587,6.0587,6.0587,6.0587,6.0587,6.0587,6.0587,6.0587,6.0587,6.0587,6.0587,6.0587,6.0587,6.0587,6.0587,6.0587,6.0587,6.0587,6.0587,6.0587,6.0587,6.0587,6.0587,6.0587,6.0587,6.0587,6.0587,6.0587,6.0587,6.0587,6.0587,6.0587,6.0587,6.0587,6.0587,6.0587,6.0587,6.0587,6.0587,6.0587,6.0587,6.0587,6.0587,6.0587,6.0587,6.0587,6.0587,6.0587,6.0587,6.0587,6.0587,6.0587,6.0587,6.0587,6.0587,6.0587,6.0587,6.0587,6.0587,6.0587,6.0587,6.0587,6.0587,6.0587,6.0587,6.0587,6.0587,6.0587,6.0587,6.0587,6.0587,6.0587,6.0587,6.0587,6.0587,6.0587,6.0587,6.0587,6.0587,6.0587,6.0587,6.0587,6.0587,6.0587,6.0587,6.0587,6.0587,6.0587,6.0587,6.0587,6.0587,6.0587,6.0587,6.0587,6.0587,6.0587,6.0587,6.0587,6.0587,6.0587,6.0587,6.0587,6.0587,6.0587,6.0587,6.0587,6.0587,6.0587,6.0587,6.0587,6.0587,6.0587,6.0587,6.0587,6.0587,6.0587,6.0587,6.0587,6.0587,6.0587,6.0587,6.0587,6.0587,6.0587,6.0587,6.0587,6.0587,6.0587,6.0587,6.0587,6.0587,6.0587,6.0587,6.0587,6.0587,6.0587,6.0587,6.0587,6.0587,6.0587,6.0587,6.0587,6.0587,6.0587,6.0587,6.0587,6.0587,6.0587,6.0587,6.0587,6.0587,6.0587,6.0587,6.0587,6.0587,6.0587,6.0587,6.0587,6.0587,6.0587,6.0587,6.0587,6.0587,6.0587,6.0587,6.0587,6.0587,6.0587,6.0587,6.0587,6.0587,6.0587,6.0587,6.0587,6.0587,6.0587,6.0587,6.0587,6.0587,6.0587,6.0587,6.0587,6.0587,6.0587,6.0587,6.0587,6.0587,6.0587,6.0587,6.0587,6.0587,6.0587,6.0587,6.0587,6.0587,6.0587,6.0587,6.0587,6.0587,6.0587,6.0587,6.0587,6.0587,6.0587,6.0587,6.0587,6.0587,6.0587,6.0587,6.0587,6.0587,6.0587,6.0587,6.0587,6.0587,6.0587,6.0587,6.0587,6.0587,6.0587,6.0587,6.0587,6.0587,6.0587,6.0587,6.0587,6.0587,6.0587,6.0587,6.0587,6.0587,6.0587,6.0587,6.0587,6.0587,6.0587,6.0587,6.0587,6.0587,6.0587,6.0587,6.0587,6.0587,6.0587,6.0587,6.0587,6.0587,6.0587,6.0587,6.0587,6.0587,6.0587,6.0587,6.0587,6.0587,6.0587,6.0587,6.0587,6.0587,6.0587,6.0587,6.0587,6.0587,6.0587,6.0587,6.0587,6.0587,6.0587,6.0587,6.0587,6.0587,6.0587,6.0587,6.0587,6.0587,6.0587,6.0587,6.0587,6.0587,6.0587,6.0587,6.0587,6.0587,6.0587,6.0587,6.0587,6.0587,6.0587,6.0587,6.0587,6.0587,6.0587,6.0587,6.0587,6.0587,6.0587,6.0587,6.0587,6.0587,6.0587,6.0587,6.0587,6.0587,6.0587,6.0587,6.0587,6.0587,6.0587,6.0587,6.0587,6.0587,6.0587,6.0587,6.0587,6.0587,6.0587,6.0587,6.0587,6.0587,6.0587,6.0587,6.0587,6.0587,6.0587,6.0587,6.0587,6.0587,6.0587,6.0587,6.0587,6.0587,6.0587,6.0587,6.0587,6.0587,6.0587,6.0587,6.0587,6.0587,6.0587,6.0587,6.0587,6.0587,6.0587,6.0587,6.0587,6.0587,6.0587,6.0587,6.0587,6.0587,6.0587,6.0587,6.0587,6.0587,6.0587,6.0587,6.0587,6.0587,6.0587,6.0587,6.0587,6.0587,6.0587,6.0587,6.0587,6.0587,6.0587,6.0587,6.0587,6.0587,6.0587,6.0587,6.0587,6.0587,6.0587,6.0587,6.0587,6.0587,6.0587,6.0587,6.0587,6.0587,6.0587,6.0587,6.0587,6.0587,6.0587,6.0587,6.0587,6.0587,6.0587,6.0587,6.0587,6.0587,6.0587,6.0587,6.0587,6.0587,6.0587,6.0587,6.0587,6.0587,6.0587,6.0587,6.0587,6.0587,6.0587,6.0587,6.0587,6.0587,6.0587,6.0587,6.0587,6.0587,6.0587,6.0587,6.0587,6.0587,6.0587,6.0587,6.0587,6.0587,6.0587,6.0587,6.0587,6.0587,6.0587,6.0587,6.0587,6.0587,6.0587,6.0587,6.0587,6.0587,6.0587,6.0587,6.0587,6.0587,6.0587,6.0587,6.0587,6.0587,6.0587,6.0587,6.0587,6.0587,6.0587,6.0587,6.0587,6.0587,6.0587,6.0587,6.0587,6.0587,6.0587,6.0587,6.0587,6.0587,6.0587,6.0587,6.0587,6.0587,6.0587,6.0587,6.0587,6.0587,6.0587,6.0587,6.0587,6.0587,6.0587,6.0587,6.0587,6.0587,6.0587,6.0587,6.0587,6.0587,6.0587,6.0587,6.0587,6.0587,6.0587,6.0587,6.0587,6.0587,6.0587,6.0587,6.0587,6.0587,6.0587,6.0587,6.0587,6.0587,6.0587,6.0587,6.0587,6.0587,6.0587,6.0587,6.0587,6.0587,6.0587,6.0587,6.0587,6.0587,6.0587,6.0587,6.0587,6.0587,6.0587,6.0587,6.0587,6.0587,6.0587,6.0587,6.0587,6.0587,6.0587,6.0587,6.0587,6.0587,6.0587,6.0587,6.0587,6.0587,6.0587,6.0587,6.0587,6.0587,6.0587,6.0587,6.0587,6.0587,6.0587,6.0587,6.0587,6.0587,6.0587,6.0587,6.0587,6.0587,6.0587,6.0587,6.0587,6.0587,6.0587,6.0587,6.0587,6.0587,6.0587,6.0587,6.0587,6.0587,6.0587,6.0587,6.0587,6.0587,6.0587,6.0587,6.0587,6.0587,6.0587,6.0587,6.0587,6.0587,6.0587,6.0587,6.0587,6.0587,6.0587,6.0587,6.0587,6.0587,6.0587,6.0587,6.0587,6.0587,6.0587,6.0587,6.0587,6.0587,6.0587,6.0587,6.0587,6.0587,6.0587,6.0587,6.0587,6.0587,6.0587,6.0587,6.0587,6.0587,6.0587,6.0587,6.0587,6.0587,6.0587,6.0587,6.0587,6.0587,6.0587,6.0587,6.0587,6.0587,6.0587,6.0587,6.0587,6.0587,6.0587,6.0587,6.0587,6.0587,6.0587,6.0587,6.0587,6.0587,6.0587,6.0587,6.0587,6.0587,6.0587,6.0587,6.0587,6.0587,6.0587,6.0587
6.0545,6.0545,6.0545,6.0545,6.0545,6.0545,6.0545,6.0545,6.0545,6.0545,6.0545,6.0545,6.0545,6.0545,6.0545,6.0545,6.0545,6.0545,6.0545,6.0545,6.0545,6.0545,6.0545,6.0545,6.0545,6.0545,6.0545,6.0545,6.0545,6.0545,6.0545,6.0545,6.0545,6.0545,6.0545,6.0545,6.0545,6.0545,6.0545,6.0545,6.0545,6.0545,6.0545,6.0545,6.0545,6.0545,6.0545,6.0545,6.0545,6.0545,6.0545,6.0545,6.0545,6.0545,6.0545,6.0545,6.0545,6.0545,6.0545,6.0545,6.0545,6.0545,6.0545,6.0545,6.0545,6.0545,6.0545,6.0545,6.0545,6.0545,6.0545,6.0545,6.0545,6.0545,6.0545,6.0545,6.0545,6.0545,6.0545,6.0545,6.0545,6.0545,6.0545,6.0545,6.0545,6.0545,6.0545,6.0545,6.0545,6.0545,6.0545,6.0545,6.0545,6.0545,6.0545,6.0545,6.0545,6.0545,6.0545,6.0545,6.0545,6.0545,6.0545,6.0545,6.0545,6.0545,6.0545,6.0545,6.0545,6.0545,6.0545,6.0545,6.0545,6.0545,6.0545,6.0545,6.0545,6.0545,6.0545,6.0545,6.0545,6.0545,6.0545,6.0545,6.0545,6.0545,6.0545,6.0545,6.0545,6.0545,6.0545,6.0545,6.0545,6.0545,6.0545,6.0545,6.0545,6.0545,6.0545,6.0545,6.0545,6.0545,6.0545,6.0545,6.0545,6.0545,6.0545,6.0545,6.0545,6.0545,6.0545,6.0545,6.0545,6.0545,6.0545,6.0545,6.0545,6.0545,6.0545,6.0545,6.0545,6.0545,6.0545,6.0545,6.0545,6.0545,6.0545,6.0545,6.0545,6.0545,6.0545,6.0545,6.0545,6.0545,6.0545,6.0545,6.0545,6.0545,6.0545,6.0545,6.0545,6.0545,6.0545,6.0545,6.0545,6.0545,6.0545,6.0545,6.0545,6.0545,6.0545,6.0545,6.0545,6.0545,6.0545,6.0545,6.0545,6.0545,6.0545,6.0545,6.0545,6.0545,6.0545,6.0545,6.0545,6.0545,6.0545,6.0545,6.0545,6.0545,6.0545,6.0545,6.0545,6.0545,6.0545,6.0545,6.0545,6.0545,6.0545,6.0545,6.0545,6.0545,6.0545,6.0545,6.0545,6.0545,6.0545,6.0545,6.0545,6.0545,6.0545,6.0545,6.0545,6.0545,6.0545,6.0545,6.0545,6.0545,6.0545,6.0545,6.0545,6.0545,6.0545,6.0545,6.0545,6.0545,6.0545,6.0545,6.0545,6.0545,6.0545,6.0545,6.0545,6.0545,6.0545,6.0545,6.0545,6.0545,6.0545,6.0545,6.0545,6.0545,6.0545,6.0545,6.0545,6.0545,6.0545,6.0545,6.0545,6.0545,6.0545,6.0545,6.0545,6.0545,6.0545,6.0545,6.0545,6.0545,6.0545,6.0545,6.0545,6.0545,6.0545,6.0545,6.0545,6.0545,6.0545,6.0545,6.0545,6.0545,6.0545,6.0545,6.0545,6.0545,6.0545,6.0545,6.0545,6.0545,6.0545,6.0545,6.0545,6.0545,6.0545,6.0545,6.0545,6.0545,6.0545,6.0545,6.0545,6.0545,6.0545,6.0545,6.0545,6.0545,6.0545,6.0545,6.0545,6.0545,6.0545,6.0545,6.0545,6.0545,6.0545,6.0545,6.0545,6.0545,6.0545,6.0545,6.0545,6.0545,6.0545,6.0545,6.0545,6.0545,6.0545,6.0545,6.0545,6.0545,6.0545,6.0545,6.0545,6.0545,6.0545,6.0545,6.0545,6.0545,6.0545,6.0545,6.0545,6.0545,6.0545,6.0545,6.0545,6.0545,6.0545,6.0545,6.0545,6.0545,6.0545,6.0545,6.0545,6.0545,6.0545,6.0545,6.0545,6.0545,6.0545,6.0545,6.0545,6.0545,6.0545,6.0545,6.0545,6.0545,6.0545,6.0545,6.0545,6.0545,6.0545,6.0545,6.0545,6.0545,6.0545,6.0545,6.0545,6.0545,6.0545,6.0545,6.0545,6.0545,6.0545,6.0545,6.0545,6.0545,6.0545,6.0545,6.0545,6.0545,6.0545,6.0545,6.0545,6.0545,6.0545,6.0545,6.0545,6.0545,6.0545,6.0545,6.0545,6.0545,6.0545,6.0545,6.0545,6.0545,6.0545,6.0545,6.0545,6.0545,6.0545,6.0545,6.0545,6.0545,6.0545,6.0545,6.0545,6.0545,6.0545,6.0545,6.0545,6.0545,6.0545,6.0545,6.0545,6.0545,6.0545,6.0545,6.0545,6.0545,6.0545,6.0545,6.0545,6.0545,6.0545,6.0545,6.0545,6.0545,6.0545,6.0545,6.0545,6.0545,6.0545,6.0545,6.0545,6.0545,6.0545,6.0545,6.0545,6.0545,6.0545,6.0545,6.0545,6.0545,6.0545,6.0545,6.0545,6.0545,6.0545,6.0545,6.0545,6.0545,6.0545,6.0545,6.0545,6.0545,6.0545,6.0545,6.0545,6.0545,6.0545,6.0545,6.0545,6.0545,6.0545,6.0545,6.0545,6.0545,6.0545,6.0545,6.0545,6.0545,6.0545,6.0545,6.0545,6.0545,6.0545,6.0545,6.0545,6.0545,6.0545,6.0545,6.0545,6.0545,6.0545,6.0545,6.0545,6.0545,6.0545,6.0545,6.0545,6.0545,6.0545,6.0545,6.0545,6.0545,6.0545,6.0545,6.0545,6.0545,6.0545,6.0545,6.0545,6.0545,6.0545,6.0545,6.0545,6.0545,6.0545,6.0545,6.0545,6.0545,6.0545,6.0545,6.0545,6.0545,6.0545,6.0545,6.0545,6.0545,6.0545,6.0545,6.0545,6.0545,6.0545,6.0545,6.0545,6.0545,6.0545,6.0545,6.0545,6.0545,6.0545,6.0545,6.0545,6.0545,6.0545,6.0545,6.0545,6.0545,6.0545,6.0545,6.0545,6.0545,6.0545,6.0545,6.0545,6.0545,6.0545,6.0545,6.0545,6.0545,6.0545,6.0545,6.0545,6.0545,6.0545,6.0545,6.0545,6.0545,6.0545,6.0545,6.0545,6.0545,6.0545,6.0545,6.0545,6.0545,6.0545,6.0545,6.0545,6.0545,6.0545,6.0545,6.0545,6.0545,6.0545,6.0545,6.0545,6.0545,6.0545,6.0545,6.0545,6.0545,6.0545,6.0545,6.0545,6.0545,6.0545,6.0545,6.0545,6.0545,6.0545,6.0545,6.0545,6.0545,6.0545,6.0545,6.0545,6.0545,6.0545,6.0545,6.0545,6.0545,6.0545,6.0545,6.0545,6.0545,6.0545,6.0545,6.0545,6.0545,6.0545,6.0545,6.0545,6.0545,6.0545,6.0545,6.0545,6.0545,6.0545,6.0545,6.0545,6.0545,6.0545,6.0545,6.0545,6.0545,6.0545,6.0545,6.0545,6.0545,6.0545,6.0545,6.0545,6.0545,6.0545,6.0545,6.0545,6.0545,6.0545,6.0545,6.0545,6.0545,6.0545,6.0545,6.0545,6.0545,6.0545,6.0545,6.0545,6.0545,6.0545,6.0545,6.0545,6.0545,6.0545,6.0545,6.0545,6.0545,6.0545,6.0545,6.0545,6.0545,6.0545,6.0545,6.0545,6.0545,6.0545,6.0545,6.0545,6.0545,6.0545,6.0545,6.0545,6.0545,6.0545,6.0545,6.0545,6.0545,6.0545,6.0545,6.0545,6.0545,6.0545,6.0545,6.0545,6.0545,6.0545,6.0545,6.0545,6.0545,6.0545,6.0545,6.0545,6.0545,6.0545,6.0545,6.0545,6.0545,6.0545,6.0545,6.0545,6.0545,6.0545,6.0545,6.0545,6.0545,6.0545,6.0545,6.0545,6.0545,6.0545,6.0545,6.0545,6.0545,6.0545,6.0545,6.0545,6.0545,6.0545,6.0545,6.0545,6.0545,6.0545,6.0545,6.0545,6.0545,6.0545,6.0545,6.0545,6.0545,6.0545,6.0545,6.0545,6.0545,6.0545,6.0545,6.0545,6.0545,6.0545,6.0545,6.0545,6.0545,6.0545,6.0545,6.0545,6.0545,6.0545,6.0545,6.0545,6.0545,6.0545,6.0545,6.0545,6.0545,6.0545,6.0545,6.0545,6.0545,6.0545,6.0545,6.0545,6.0545,6.0545,6.0545,6.0545,6.0545,6.0545,6.0545,6.0545,6.0545,6.0545,6.0545,6.0545,6.0545,6.0545,6.0545,6.0545,6.0545,6.0545,6.0545,6.0545,6.0545,6.0545,6.0545,6.0545,6.0545,6.0545,6.0545,6.0545,6.0545,6.0545,6.0545,6.0545,6.0545,6.0545,6.0545,6.0545,6.0545,6.0545,6.0545,6.0545,6.0545,6.0545,6.0545,6.0545,6.0545,6.0545,6.0545,6.0545,6.0545,6.0545,6.0545,6.0545,6.0545,6.0545,6.0545,6.0545,6.0545,6.0545,6.0545,6.0545,6.0545,6.0545,6.0545,6.0545,6.0545,6.0545,6.0545,6.0545,6.0545,6.0545,6.0545,6.0545,6.0545,6.0545,6.0545,6.0545,6.0545,6.0545,6.0545,6.0545,6.0545,6.0545,6.0545,6.0545,6.0545,6.0545,6.0545,6.0545,6.0545,6.0545,6.0545,6.0545,6.0545,6.0545,6.0545,6.0545,6.0545,6.0545,6.0545,6.0545,6.0545,6.0545,6.0545,6.0545,6.0545,6.0545,6.0545,6.0545,6.0545,6.0545,6.0545,6.0545,6.0545,6.0545,6.0545,6.0545,6.0545,6.0545,6.0545,6.0545,6.0545,6.0545,6.0545,6.0545,6.0545,6.0545,6.0545,6.0545,6.0545,6.0545,6.0545,6.0545,6.0545,6.0545,6.0545,6.0545,6.0545,6.0545,6.0545,6.0545,6.0545,6.0545,6.0545,6.0545,6.0545,6.0545,6.0545,6.0545,6.0545,6.0545,6.0545,6.0545,6.0545,6.0545,6.0545,6.0545,6.0545,6.0545,6.0545,6.0545,6.0545,6.0545,6.0545,6.0545,6.0545,6.0545,6.0545,6.0545,6.0545,6.0545,6.0545,6.0545,6.0545,6.0545,6.0545,6.0545,6.0545,6.0545,6.0545
6.0504,6.0504,6.0504,6.0504,6.0504,6.0504,6.0504,6.0504,6.0504,6.0504,6.0504,6.0504,6.0504,6.0504,6.0504,6.0504,6.0504,6.0504,6.0504,6.0504,6.0504,6.0504,6.0504,6.0504,6.0504,6.0504,6.0504,6.0504,6.0504,6.0504,6.0504,6.0504,6.0504,6.0504,6.0504,6.0504,6.0504,6.0504,6.0504,6.0504,6.0504,6.0504,6.0504,6.0504,6.0504,6.0504,6.0504,6.0504,6.0504,6.0504,6.0504,6.0504,6.0504,6.0504,6.0504,6.0504,6.0504,6.0504,6.0504,6.0504,6.0504,6.0504,6.0504,6.0504,6.0504,6.0504,6.0504,6.0504,6.0504,6.0504,6.0504,6.0504,6.0504,6.0504,6.0504,6.0504,6.0504,6.0504,6.0504,6.0504,6.0504,6.0504,6.0504,6.0504,6.0504,6.0504,6.0504,6.0504,6.0504,6.0504,6.0504,6.0504,6.0504,6.0504,6.0504,6.0504,6.0504,6.0504,6.0504,6.0504,6.0504,6.0504,6.0504,6.0504,6.0504,6.0504,6.0504,6.0504,6.0504,6.0504,6.0504,6.0504,6.0504,6.0504,6.0504,6.0504,6.0504,6.0504,6.0504,6.0504,6.0504,6.0504,6.0504,6.0504,6.0504,6.0504,6.0504,6.0504,6.0504,6.0504,6.0504,6.0504,6.0504,6.0504,6.0504,6.0504,6.0504,6.0504,6.0504,6.0504,6.0504,6.0504,6.0504,6.0504,6.0504,6.0504,6.0504,6.0504,6.0504,6.0504,6.0504,6.0504,6.0504,6.0504,6.0504,6.0504,6.0504,6.0504,6.0504,6.0504,6.0504,6.0504,6.0504,6.0504,6.0504,6.0504,6.0504,6.0504,6.0504,6.0504,6.0504,6.0504,6.0504,6.0504,6.0504,6.0504,6.0504,6.0504,6.0504,6.0504,6.0504,6.0504,6.0504,6.0504,6.0504,6.0504,6.0504,6.0504,6.0504,6.0504,6.0504,6.0504,6.0504,6.0504,6.0504,6.0504,6.0504,6.0504,6.0504,6.0504,6.0504,6.0504,6.0504,6.0504,6.0504,6.0504,6.0504,6.0504,6.0504,6.0504,6.0504,6.0504,6.0504,6.0504,6.0504,6.0504,6.0504,6.0504,6.0504,6.0504,6.0504,6.0504,6.0504,6.0504,6.0504,6.0504,6.0504,6.0504,6.0504,6.0504,6.0504,6.0504,6.0504,6.0504,6.0504,6.0504,6.0504,6.0504,6.0504,6.0504,6.0504,6.0504,6.0504,6.0504,6.0504,6.0504,6.0504,6.0504,6.0504,6.0504,6.0504,6.0504,6.0504,6.0504,6.0504,6.0504,6.0504,6.0504,6.0504,6.0504,6.0504,6.0504,6.0504,6.0504,6.0504,6.0504,6.0504,6.0504,6.0504,6.0504,6.0504,6.0504,6.0504,6.0504,6.0504,6.0504,6.0504,6.0504,6.0504,6.0504,6.0504,6.0504,6.0504,6.0504,6.0504,6.0504,6.0504,6.0504,6.0504,6.0504,6.0504,6.0504,6.0504,6.0504,6.0504,6.0504,6.0504,6.0504,6.0504,6.0504,6.0504,6.0504,6.0504,6.0504,6.0504,6.0504,6.0504,6.0504,6.0504,6.0504,6.0504,6.0504,6.0504,6.0504,6.0504,6.0504,6.0504,6.0504,6.0504,6.0504,6.0504,6.0504,6.0504,6.0504,6.0504,6.0504,6.0504,6.0504,6.0504,6.0504,6.0504,6.0504,6.0504,6.0504,6.0504,6.0504,6.0504,6.0504,6.0504,6.0504,6.0504,6.0504,6.0504,6.0504,6.0504,6.0504,6.0504,6.0504,6.0504,6.0504,6.0504,6.0504,6.0504,6.0504,6.0504,6.0504,6.0504,6.0504,6.0504,6.0504,6.0504,6.0504,6.0504,6.0504,6.0504,6.0504,6.0504,6.0504,6.0504,6.0504,6.0504,6.0504,6.0504,6.0504,6.0504,6.0504,6.0504,6.0504,6.0504,6.0504,6.0504,6.0504,6.0504,6.0504,6.0504,6.0504,6.0504,6.0504,6.0504,6.0504,6.0504,6.0504,6.0504,6.0504,6.0504,6.0504,6.0504,6.0504,6.0504,6.0504,6.0504,6.0504,6.0504,6.0504,6.0504,6.0504,6.0504,6.0504,6.0504,6.0504,6.0504,6.0504,6.0504,6.0504,6.0504,6.0504,6.0504,6.0504,6.0504,6.0504,6.0504,6.0504,6.0504,6.0504,6.0504,6.0504,6.0504,6.0504,6.0504,6.0504,6.0504,6.0504,6.0504,6.0504,6.0504,6.0504,6.0504,6.0504,6.0504,6.0504,6.0504,6.0504,6.0504,6.0504,6.0504,6.0504,6.0504,6.0504,6.0504,6.0504,6.0504,6.0504,6.0504,6.0504,6.0504,6.0504,6.0504,6.0504,6.0504,6.0504,6.0504,6.0504,6.0504,6.0504,6.0504,6.0504,6.0504,6.0504,6.0504,6.0504,6.0504,6.0504,6.0504,6.0504,6.0504,6.0504,6.0504,6.0504,6.0504,6.0504,6.0504,6.0504,6.0504,6.0504,6.0504,6.0504,6.0504,6.0504,6.0504,6.0504,6.0504,6.0504,6.0504,6.0504,6.0504,6.0504,6.0504,6.0504,6.0504,6.0504,6.0504,6.0504,6.0504,6.0504,6.0504,6.0504,6.0504,6.0504,6.0504,6.0504,6.0504,6.0504,6.0504,6.0504,6.0504,6.0504,6.0504,6.0504,6.0504,6.0504,6.0504,6.0504,6.0504,6.0504,6.0504,6.0504,6.0504,6.0504,6.0504,6.0504,6.0504,6.0504,6.0504,6.0504,6.0504,6.0504,6.0504,6.0504,6.0504,6.0504,6.0504,6.0504,6.0504,6.0504,6.0504,6.0504,6.0504,6.0504,6.0504,6.0504,6.0504,6.0504,6.0504,6.0504,6.0504,6.0504,6.0504,6.0504,6.0504,6.0504,6.0504,6.0504,6.0504,6.0504,6.0504,6.0504,6.0504,6.0504,6.0504,6.0504,6.0504,6.0504,6.0504,6.0504,6.0504,6.0504,6.0504,6.0504,6.0504,6.0504,6.0504,6.0504,6.0504,6.0504,6.0504,6.0504,6.0504,6.0504,6.0504,6.0504,6.0504,6.0504,6.0504,6.0504,6.0504,6.0504,6.0504,6.0504,6.0504,6.0504,6.0504,6.0504,6.0504,6.0504,6.0504,6.0504,6.0504,6.0504,6.0504,6.0504,6.0504,6.0504,6.0504,6.0504,6.0504,6.0504,6.0504,6.0504,6.0504,6.0504,6.0504,6.0504,6.0504,6.0504,6.0504,6.0504,6.0504,6.0504,6.0504,6.0504,6.0504,6.0504,6.0504,6.0504,6.0504,6.0504,6.0504,6.0504,6.0504,6.0504,6.0504,6.0504,6.0504,6.0504,6.0504,6.0504,6.0504,6.0504,6.0504,6.0504,6.0504,6.0504,6.0504,6.0504,6.0504,6.0504,6.0504,6.0504,6.0504,6.0504,6.0504,6.0504,6.0504,6.0504,6.0504,6.0504,6.0504,6.0504,6.0504,6.0504,6.0504,6.0504,6.0504,6.0504,6.0504,6.0504,6.0504,6.0504,6.0504,6.0504,6.0504,6.0504,6.0504,6.0504,6.0504,6.0504,6.0504,6.0504,6.0504,6.0504,6.0504,6.0504,6.0504,6.0504,6.0504,6.0504,6.0504,6.0504,6.0504,6.0504,6.0504,6.0504,6.0504,6.0504,6.0504,6.0504,6.0504,6.0504,6.0504,6.0504,6.0504,6.0504,6.0504,6.0504,6.0504,6.0504,6.0504,6.0504,6.0504,6.0504,6.0504,6.0504,6.0504,6.0504,6.0504,6.0504,6.0504,6.0504,6.0504,6.0504,6.0504,6.0504,6.0504,6.0504,6.0504,6.0504,6.0504,6.0504,6.0504,6.0504,6.0504,6.0504,6.0504,6.0504,6.0504,6.0504,6.0504,6.0504,6.0504,6.0504,6.0504,6.0504,6.0504,6.0504,6.0504,6.0504,6.0504,6.0504,6.0504,6.0504,6.0504,6.0504,6.0504,6.0504,6.0504,6.0504,6.0504,6.0504,6.0504,6.0504,6.0504,6.0504,6.0504,6.0504,6.0504,6.0504,6.0504,6.0504,6.0504,6.0504,6.0504,6.0504,6.0504,6.0504,6.0504,6.0504,6.0504,6.0504,6.0504,6.0504,6.0504,6.0504,6.0504,6.0504,6.0504,6.0504,6.0504,6.0504,6.0504,6.0504,6.0504,6.0504,6.0504,6.0504,6.0504,6.0504,6.0504,6.0504,6.0504,6.0504,6.0504,6.0504,6.0504,6.0504,6.0504,6.0504,6.0504,6.0504,6.0504,6.0504,6.0504,6.0504,6.0504,6.0504,6.0504,6.0504,6.0504,6.0504,6.0504,6.0504,6.0504,6.0504,6.0504,6.0504,6.0504,6.0504,6.0504,6.0504,6.0504,6.0504,6.0504,6.0504,6.0504,6.0504,6.0504,6.0504,6.0504,6.0504,6.0504,6.0504,6.0504,6.0504,6.0504,6.0504,6.0504,6.0504,6.0504,6.0504,6.0504,6.0504,6.0504,6.0504,6.0504,6.0504,6.0504,6.0504,6.0504,6.0504,6.0504,6.0504,6.0504,6.0504,6.0504,6.0504,6.0504,6.0504,6.0504,6.0504,6.0504,6.0504,6.0504,6.0504,6.0504,6.0504,6.0504,6.0504,6.0504,6.0504,6.0504,6.0504,6.0504,6.0504,6.0504,6.0504,6.0504,6.0504,6.0504,6.0504,6.0504,6.0504,6.0504,6.0504,6.0504,6.0504,6.0504,6.0504,6.0504,6.0504,6.0504,6.0504,6.0504,6.0504,6.0504,6.0504,6.0504,6.0504,6.0504,6.0504,6.0504,6.0504,6.0504,6.0504,6.0504,6.0504,6.0504,6.0504,6.0504,6.0504,6.0504,6.0504,6.0504,6.0504,6.0504,6.0504,6.0504,6.0504,6.0504,6.0504,6.0504,6.0504,6.0504,6.0504,6.0504,6.0504,6.0504,6.0504,6.0504,6.0504,6.0504,6.0504,6.0504,6.0504,6.0504,6.0504,6.0504,6.0504,6.0504,6.0504,6.0504,6.0504
6.0464,6.0464,6.0464,6.0464,6.0464,6.0464,6.0464,6.0464,6.0464,6.0464,6.0464,6.0464,6.0464,6.0464,6.0464,6.0464,6.0464,6.0464,6.0464,6.0464,6.0464,6.0464,6.0464,6.0464,6.0464,6.0464,6.0464,6.0464,6.0464,6.0464,6.0464,6.0464,6.0464,6.0464,6.0464,6.0464,6.0464,6.0464,6.0464,6.0464,6.0464,6.0464,6.0464,6.0464,6.0464,6.0464,6.0464,6.0464,6.0464,6.0464,6.0464,6.0464,6.0464,6.0464,6.0464,6.0464,6.0464,6.0464,6.0464,6.0464,6.0464,6.0464,6.0464,6.0464,6.0464,6.0464,6.0464,6.0464,6.0464,6.0464,6.0464,6.0464,6.0464,6.0464,6.0464,6.0464,6.0464,6.0464,6.0464,6.0464,6.0464,6.0464,6.0464,6.0464,6.0464,6.0464,6.0464,6.0464,6.0464,6.0464,6.0464,6.0464,6.0464,6.0464,6.0464,6.0464,6.0464,6.0464,6.0464,6.0464,6.0464,6.0464,6.0464,6.0464,6.0464,6.0464,6.0464,6.0464,6.0464,6.0464,6.0464,6.0464,6.0464,6.0464,6.0464,6.0464,6.0464,6.0464,6.0464,6.0464,6.0464,6.0464,6.0464,6.0464,6.0464,6.0464,6.0464,6.0464,6.0464,6.0464,6.0464,6.0464,6.0464,6.0464,6.0464,6.0464,6.0464,6.0464,6.0464,6.0464,6.0464,6.0464,6.0464,6.0464,6.0464,6.0464,6.0464,6.0464,6.0464,6.0464,6.0464,6.0464,6.0464,6.0464,6.0464,6.0464,6.0464,6.0464,6.0464,6.0464,6.0464,6.0464,6.0464,6.0464,6.0464,6.0464,6.0464,6.0464,6.0464,6.0464,6.0464,6.0464,6.0464,6.0464,6.0464,6.0464,6.0464,6.0464,6.0464,6.0464,6.0464,6.0464,6.0464,6.0464,6.0464,6.0464,6.0464,6.0464,6.0464,6.0464,6.0464,6.0464,6.0464,6.0464,6.0464,6.0464,6.0464,6.0464,6.0464,6.0464,6.0464,6.0464,6.0464,6.0464,6.0464,6.0464,6.0464,6.0464,6.0464,6.0464,6.0464,6.0464,6.0464,6.0464,6.0464,6.0464,6.0464,6.0464,6.0464,6.0464,6.0464,6.0464,6.0464,6.0464,6.0464,6.0464,6.0464,6.0464,6.0464,6.0464,6.0464,6.0464,6.0464,6.0464,6.0464,6.0464,6.0464,6.0464,6.0464,6.0464,6.0464,6.0464,6.0464,6.0464,6.0464,6.0464,6.0464,6.0464,6.0464,6.0464,6.0464,6.0464,6.0464,6.0464,6.0464,6.0464,6.0464,6.0464,6.0464,6.0464,6.0464,6.0464,6.0464,6.0464,6.0464,6.0464,6.0464,6.0464,6.0464,6.0464,6.0464,6.0464,6.0464,6.0464,6.0464,6.0464,6.0464,6.0464,6.0464,6.0464,6.0464,6.0464,6.0464,6.0464,6.0464,6.0464,6.0464,6.0464,6.0464,6.0464,6.0464,6.0464,6.0464,6.0464,6.0464,6.0464,6.0464,6.0464,6.0464,6.0464,6.0464,6.0464,6.0464,6.0464,6.0464,6.0464,6.0464,6.0464,6.0464,6.0464,6.0464,6.0464,6.0464,6.0464,6.0464,6.0464,6.0464,6.0464,6.0464,6.0464,6.0464,6.0464,6.0464,6.0464,6.0464,6.0464,6.0464,6.0464,6.0464,6.0464,6.0464,6.0464,6.0464,6.0464,6.0464,6.0464,6.0464,6.0464,6.0464,6.0464,6.0464,6.0464,6.0464,6.0464,6.0464,6.0464,6.0464,6.0464,6.0464,6.0464,6.0464,6.0464,6.0464,6.0464,6.0464,6.0464,6.0464,6.0464,6.0464,6.0464,6.0464,6.0464,6.0464,6.0464,6.0464,6.0464,6.0464,6.0464,6.0464,6.0464,6.0464,6.0464,6.0464,6.0464,6.0464,6.0464,6.0464,6.0464,6.0464,6.0464,6.0464,6.0464,6.0464,6.0464,6.0464,6.0464,6.0464,6.0464,6.0464,6.0464,6.0464,6.0464,6.0464,6.0464,6.0464,6.0464,6.0464,6.0464,6.0464,6.0464,6.0464,6.0464,6.0464,6.0464,6.0464,6.0464,6.0464,6.0464,6.0464,6.0464,6.0464,6.0464,6.0464,6.0464,6.0464,6.0464,6.0464,6.0464,6.0464,6.0464,6.0464,6.0464,6.0464,6.0464,6.0464,6.0464,6.0464,6.0464,6.0464,6.0464,6.0464,6.0464,6.0464,6.0464,6.0464,6.0464,6.0464,6.0464,6.0464,6.0464,6.0464,6.0464,6.0464,6.0464,6.0464,6.0464,6.0464,6.0464,6.0464,6.0464,6.0464,6.0464,6.0464,6.0464,6.0464,6.0464,6.0464,6.0464,6.0464,6.0464,6.0464,6.0464,6.0464,6.0464,6.0464,6.0464,6.0464,6.0464,6.0464,6.0464,6.0464,6.0464,6.0464,6.0464,6.0464,6.0464,6.0464,6.0464,6.0464,6.0464,6.0464,6.0464,6.0464,6.0464,6.0464,6.0464,6.0464,6.0464,6.0464,6.0464,6.0464,6.0464,6.0464,6.0464,6.0464,6.0464,6.0464,6.0464,6.0464,6.0464,6.0464,6.0464,6.0464,6.0464,6.0464,6.0464,6.0464,6.0464,6.0464,6.0464,6.0464,6.0464,6.0464,6.0464,6.0464,6.0464,6.0464,6.0464,6.0464,6.0464,6.0464,6.0464,6.0464,6.0464,6.0464,6.0464,6.0464,6.0464,6.0464,6.0464,6.0464,6.0464,6.0464,6.0464,6.0464,6.0464,6.0464,6.0464,6.0464,6.0464,6.0464,6.0464,6.0464,6.0464,6.0464,6.0464,6.0464,6.0464,6.0464,6.0464,6.0464,6.0464,6.0464,6.0464,6.0464,6.0464,6.0464,6.0464,6.0464,6.0464,6.0464,6.0464,6.0464,6.0464,6.0464,6.0464,6.0464,6.0464,6.0464,6.0464,6.0464,6.0464,6.0464,6.0464,6.0464,6.0464,6.0464,6.0464,6.0464,6.0464,6.0464,6.0464,6.0464,6.0464,6.0464,6.0464,6.0464,6.0464,6.0464,6.0464,6.0464,6.0464,6.0464,6.0464,6.0464,6.0464,6.0464,6.0464,6.0464,6.0464,6.0464,6.0464,6.0464,6.0464,6.0464,6.0464,6.0464,6.0464,6.0464,6.0464,6.0464,6.0464,6.0464,6.0464,6.0464,6.0464,6.0464,6.0464,6.0464,6.0464,6.0464,6.0464,6.0464,6.0464,6.0464,6.0464,6.0464,6.0464,6.0464,6.0464,6.0464,6.0464,6.0464,6.0464,6.0464,6.0464,6.0464,6.0464,6.0464,6.0464,6.0464,6.0464,6.0464,6.0464,6.0464,6.0464,6.0464,6.0464,6.0464,6.0464,6.0464,6.0464,6.0464,6.0464,6.0464,6.0464,6.0464,6.0464,6.0464,6.0464,6.0464,6.0464,6.0464,6.0464,6.0464,6.0464,6.0464,6.0464,6.0464,6.0464,6.0464,6.0464,6.0464,6.0464,6.0464,6.0464,6.0464,6.0464,6.0464,6.0464,6.0464,6.0464,6.0464,6.0464,6.0464,6.0464,6.0464,6.0464,6.0464,6.0464,6.0464,6.0464,6.0464,6.0464,6.0464,6.0464,6.0464,6.0464,6.0464,6.0464,6.0464,6.0464,6.0464,6.0464,6.0464,6.0464,6.0464,6.0464,6.0464,6.0464,6.0464,6.0464,6.0464,6.0464,6.0464,6.0464,6.0464,6.0464,6.0464,6.0464,6.0464,6.0464,6.0464,6.0464,6.0464,6.0464,6.0464,6.0464,6.0464,6.0464,6.0464,6.0464,6.0464,6.0464,6.0464,6.0464,6.0464,6.0464,6.0464,6.0464,6.0464,6.0464,6.0464,6.0464,6.0464,6.0464,6.0464,6.0464,6.0464,6.0464,6.0464,6.0464,6.0464,6.0464,6.0464,6.0464,6.0464,6.0464,6.0464,6.0464,6.0464,6.0464,6.0464,6.0464,6.0464,6.0464,6.0464,6.0464,6.0464,6.0464,6.0464,6.0464,6.0464,6.0464,6.0464,6.0464,6.0464,6.0464,6.0464,6.0464,6.0464,6.0464,6.0464,6.0464,6.0464,6.0464,6.0464,6.0464,6.0464,6.0464,6.0464,6.0464,6.0464,6.0464,6.0464,6.0464,6.0464,6.0464,6.0464,6.0464,6.0464,6.0464,6.0464,6.0464,6.0464,6.0464,6.0464,6.0464,6.0464,6.0464,6.0464,6.0464,6.0464,6.0464,6.0464,6.0464,6.0464,6.0464,6.0464,6.0464,6.0464,6.0464,6.0464,6.0464,6.0464,6.0464,6.0464,6.0464,6.0464,6.0464,6.0464,6.0464,6.0464,6.0464,6.0464,6.0464,6.0464,6.0464,6.0464,6.0464,6.0464,6.0464,6.0464,6.0464,6.0464,6.0464,6.0464,6.0464,6.0464,6.0464,6.0464,6.0464,6.0464,6.0464,6.0464,6.0464,6.0464,6.0464,6.0464,6.0464,6.0464,6.0464,6.0464,6.0464,6.0464,6.0464,6.0464,6.0464,6.0464,6.0464,6.0464,6.0464,6.0464,6.0464,6.0464,6.0464,6.0464,6.0464,6.0464,6.0464,6.0464,6.0464,6.0464,6.0464,6.0464,6.0464,6.0464,6.0464,6.0464,6.0464,6.0464,6.0464,6.0464,6.0464,6.0464,6.0464,6.0464,6.0464,6.0464,6.0464,6.0464,6.0464,6.0464,6.0464,6.0464,6.0464,6.0464,6.0464,6.0464,6.0464,6.0464,6.0464,6.0464,6.0464,6.0464,6.0464,6.0464,6.0464,6.0464,6.0464,6.0464,6.0464,6.0464,6.0464,6.0464,6.0464,6.0464,6.0464,6.0464,6.0464,6.0464,6.0464,6.0464,6.0464,6.0464,6.0464,6.0464,6.0464,6.0464,6.0464,6.0464,6.0464,6.0464,6.0464,6.0464,6.0464,6.0464,6.0464,6.0464,6.0464,6.0464,6.0464,6.0464,6.0464,6.0464,6.0464,6.0464,6.0464,6.0464,6.0464
6.0423,6.0423,6.0423,6.0423,6.0423,6.0423,6.0423,6.0423,6.0423,6.0423,6.0423,6.0423,6.0423,6.0423,6.0423,6.0423,6.0423,6.0423,6.0423,6.0423,6.0423,6.0423,6.0423,6.0423,6.0423,6.0423,6.0423,6.0423,6.0423,6.0423,6.0423,6.0423,6.0423,6.0423,6.0423,6.0423,6.0423,6.0423,6.0423,6.0423,6.0423,6.0423,6.0423,6.0423,6.0423,6.0423,6.0423,6.0423,6.0423,6.0423,6.0423,6.0423,6.0423,6.0423,6.0423,6.0423,6.0423,6.0423,6.0423,6.0423,6.0423,6.0423,6.0423,6.0423,6.0423,6.0423,6.0423,6.0423,6.0423,6.0423,6.0423,6.0423,6.0423,6.0423,6.0423,6.0423,6.0423,6.0423,6.0423,6.0423,6.0423,6.0423,6.0423,6.0423,6.0423,6.0423,6.0423,6.0423,6.0423,6.0423,6.0423,6.0423,6.0423,6.0423,6.0423,6.0423,6.0423,6.0423,6.0423,6.0423,6.0423,6.0423,6.0423,6.0423,6.0423,6.0423,6.0423,6.0423,6.0423,6.0423,6.0423,6.0423,6.0423,6.0423,6.0423,6.0423,6.0423,6.0423,6.0423,6.0423,6.0423,6.0423,6.0423,6.0423,6.0423,6.0423,6.0423,6.0423,6.0423,6.0423,6.0423,6.0423,6.0423,6.0423,6.0423,6.0423,6.0423,6.0423,6.0423,6.0423,6.0423,6.0423,6.0423,6.0423,6.0423,6.0423,6.0423,6.0423,6.0423,6.0423,6.0423,6.0423,6.0423,6.0423,6.0423,6.0423,6.0423,6.0423,6.0423,6.0423,6.0423,6.0423,6.0423,6.0423,6.0423,6.0423,6.0423,6.0423,6.0423,6.0423,6.0423,6.0423,6.0423,6.0423,6.0423,6.0423,6.0423,6.0423,6.0423,6.0423,6.0423,6.0423,6.0423,6.0423,6.0423,6.0423,6.0423,6.0423,6.0423,6.0423,6.0423,6.0423,6.0423,6.0423,6.0423,6.0423,6.0423,6.0423,6.0423,6.0423,6.0423,6.0423,6.0423,6.0423,6.0423,6.0423,6.0423,6.0423,6.0423,6.0423,6.0423,6.0423,6.0423,6.0423,6.0423,6.0423,6.0423,6.0423,6.0423,6.0423,6.0423,6.0423,6.0423,6.0423,6.0423,6.0423,6.0423,6.0423,6.0423,6.0423,6.0423,6.0423,6.0423,6.0423,6.0423,6.0423,6.0423,6.0423,6.0423,6.0423,6.0423,6.0423,6.0423,6.0423,6.0423,6.0423,6.0423,6.0423,6.0423,6.0423,6.0423,6.0423,6.0423,6.0423,6.0423,6.0423,6.0423,6.0423,6.0423,6.0423,6.0423,6.0423,6.0423,6.0423,6.0423,6.0423,6.0423,6.0423,6.0423,6.0423,6.0423,6.0423,6.0423,6.0423,6.0423,6.0423,6.0423,6.0423,6.0423,6.0423,6.0423,6.0423,6.0423,6.0423,6.0423,6.0423,6.0423,6.0423,6.0423,6.0423,6.0423,6.0423,6.0423,6.0423,6.0423,6.0423,6.0423,6.0423,6.0423,6.0423,6.0423,6.0423,6.0423,6.0423,6.0423,6.0423,6.0423,6.0423,6.0423,6.0423,6.0423,6.0423,6.0423,6.0423,6.0423,6.0423,6.0423,6.0423,6.0423,6.0423,6.0423,6.0423,6.0423,6.0423,6.0423,6.0423,6.0423,6.0423,6.0423,6.0423,6.0423,6.0423,6.0423,6.0423,6.0423,6.0423,6.0423,6.0423,6.0423,6.0423,6.0423,6.0423,6.0423,6.0423,6.0423,6.0423,6.0423,6.0423,6.0423,6.0423,6.0423,6.0423,6.0423,6.0423,6.0423,6.0423,6.0423,6.0423,6.0423,6.0423,6.0423,6.0423,6.0423,6.0423,6.0423,6.0423,6.0423,6.0423,6.0423,6.0423,6.0423,6.0423,6.0423,6.0423,6.0423,6.0423,6.0423,6.0423,6.0423,6.0423,6.0423,6.0423,6.0423,6.0423,6.0423,6.0423,6.0423,6.0423,6.0423,6.0423,6.0423,6.0423,6.0423,6.0423,6.0423,6.0423,6.0423,6.0423,6.0423,6.0423,6.0423,6.0423,6.0423,6.0423,6.0423,6.0423,6.0423,6.0423,6.0423,6.0423,6.0423,6.0423,6.0423,6.0423,6.0423,6.0423,6.0423,6.0423,6.0423,6.0423,6.0423,6.0423,6.0423,6.0423,6.0423,6.0423,6.0423,6.0423,6.0423,6.0423,6.0423,6.0423,6.0423,6.0423,6.0423,6.0423,6.0423,6.0423,6.0423,6.0423,6.0423,6.0423,6.0423,6.0423,6.0423,6.0423,6.0423,6.0423,6.0423,6.0423,6.0423,6.0423,6.0423,6.0423,6.0423,6.0423,6.0423,6.0423,6.0423,6.0423,6.0423,6.0423,6.0423,6.0423,6.0423,6.0423,6.0423,6.0423,6.0423,6.0423,6.0423,6.0423,6.0423,6.0423,6.0423,6.0423,6.0423,6.0423,6.0423,6.0423,6.0423,6.0423,6.0423,6.0423,6.0423,6.0423,6.0423,6.0423,6.0423,6.0423,6.0423,6.0423,6.0423,6.0423,6.0423,6.0423,6.0423,6.0423,6.0423,6.0423,6.0423,6.0423,6.0423,6.0423,6.0423,6.0423,6.0423,6.0423,6.0423,6.0423,6.0423,6.0423,6.0423,6.0423,6.0423,6.0423,6.0423,6.0423,6.0423,6.0423,6.0423,6.0423,6.0423,6.0423,6.0423,6.0423,6.0423,6.0423,6.0423,6.0423,6.0423,6.0423,6.0423,6.0423,6.0423,6.0423,6.0423,6.0423,6.0423,6.0423,6.0423,6.0423,6.0423,6.0423,6.0423,6.0423,6.0423,6.0423,6.0423,6.0423,6.0423,6.0423,6.0423,6.0423,6.0423,6.0423,6.0423,6.0423,6.0423,6.0423,6.0423,6.0423,6.0423,6.0423,6.0423,6.0423,6.0423,6.0423,6.0423,6.0423,6.0423,6.0423,6.0423,6.0423,6.0423,6.0423,6.0423,6.0423,6.0423,6.0423,6.0423,6.0423,6.0423,6.0423,6.0423,6.0423,6.0423,6.0423,6.0423,6.0423,6.0423,6.0423,6.0423,6.0423,6.0423,6.0423,6.0423,6.0423,6.0423,6.0423,6.0423,6.0423,6.0423,6.0423,6.0423,6.0423,6.0423,6.0423,6.0423,6.0423,6.0423,6.0423,6.0423,6.0423,6.0423,6.0423,6.0423,6.0423,6.0423,6.0423,6.0423,6.0423,6.0423,6.0423,6.0423,6.0423,6.0423,6.0423,6.0423,6.0423,6.0423,6.0423,6.0423,6.0423,6.0423,6.0423,6.0423,6.0423,6.0423,6.0423,6.0423,6.0423,6.0423,6.0423,6.0423,6.0423,6.0423,6.0423,6.0423,6.0423,6.0423,6.0423,6.0423,6.0423,6.0423,6.0423,6.0423,6.0423,6.0423,6.0423,6.0423,6.0423,6.0423,6.0423,6.0423,6.0423,6.0423,6.0423,6.0423,6.0423,6.0423,6.0423,6.0423,6.0423,6.0423,6.0423,6.0423,6.0423,6.0423,6.0423,6.0423,6.0423,6.0423,6.0423,6.0423,6.0423,6.0423,6.0423,6.0423,6.0423,6.0423,6.0423,6.0423,6.0423,6.0423,6.0423,6.0423,6.0423,6.0423,6.0423,6.0423,6.0423,6.0423,6.0423,6.0423,6.0423,6.0423,6.0423,6.0423,6.0423,6.0423,6.0423,6.0423,6.0423,6.0423,6.0423,6.0423,6.0423,6.0423,6.0423,6.0423,6.0423,6.0423,6.0423,6.0423,6.0423,6.0423,6.0423,6.0423,6.0423,6.0423,6.0423,6.0423,6.0423,6.0423,6.0423,6.0423,6.0423,6.0423,6.0423,6.0423,6.0423,6.0423,6.0423,6.0423,6.0423,6.0423,6.0423,6.0423,6.0423,6.0423,6.0423,6.0423,6.0423,6.0423,6.0423,6.0423,6.0423,6.0423,6.0423,6.0423,6.0423,6.0423,6.0423,6.0423,6.0423,6.0423,6.0423,6.0423,6.0423,6.0423,6.0423,6.0423,6.0423,6.0423,6.0423,6.0423,6.0423,6.0423,6.0423,6.0423,6.0423,6.0423,6.0423,6.0423,6.0423,6.0423,6.0423,6.0423,6.0423,6.0423,6.0423,6.0423,6.0423,6.0423,6.0423,6.0423,6.0423,6.0423,6.0423,6.0423,6.0423,6.0423,6.0423,6.0423,6.0423,6.0423,6.0423,6.0423,6.0423,6.0423,6.0423,6.0423,6.0423,6.0423,6.0423,6.0423,6.0423,6.0423,6.0423,6.0423,6.0423,6.0423,6.0423,6.0423,6.0423,6.0423,6.0423,6.0423,6.0423,6.0423,6.0423,6.0423,6.0423,6.0423,6.0423,6.0423,6.0423,6.0423,6.0423,6.0423,6.0423,6.0423,6.0423,6.0423,6.0423,6.0423,6.0423,6.0423,6.0423,6.0423,6.0423,6.0423,6.0423,6.0423,6.0423,6.0423,6.0423,6.0423,6.0423,6.0423,6.0423,6.0423,6.0423,6.0423,6.0423,6.0423,6.0423,6.0423,6.0423,6.0423,6.0423,6.0423,6.0423,6.0423,6.0423,6.0423,6.0423,6.0423,6.0423,6.0423,6.0423,6.0423,6.0423,6.0423,6.0423,6.0423,6.0423,6.0423,6.0423,6.0423,6.0423,6.0423,6.0423,6.0423,6.0423,6.0423,6.0423,6.0423,6.0423,6.0423,6.0423,6.0423,6.0423,6.0423,6.0423,6.0423,6.0423,6.0423,6.0423,6.0423,6.0423,6.0423,6.0423,6.0423,6.0423,6.0423,6.0423,6.0423,6.0423,6.0423,6.0423,6.0423,6.0423,6.0423,6.0423,6.0423,6.0423,6.0423,6.0423,6.0423,6.0423,6.0423,6.0423,6.0423,6.0423,6.0423,6.0423,6.0423,6.0423,6.0423,6.0423,6.0423,6.0423,6.0423,6.0423,6.0423,6.0423,6.0423,6.0423,6.0423,6.0423,6.0423,6.0423,6.0423,6.0423,6.0423,6.0423,6.0423,6.0423
6.0382,6.0382,6.0382,6.0382,6.0382,6.0382,6.0382,6.0382,6.0382,6.0382,6.0382,6.0382,6.0382,6.0382,6.0382,6.0382,6.0382,6.0382,6.0382,6.0382,6.0382,6.0382,6.0382,6.0382,6.0382,6.0382,6.0382,6.0382,6.0382,6.0382,6.0382,6.0382,6.0382,6.0382,6.0382,6.0382,6.0382,6.0382,6.0382,6.0382,6.0382,6.0382,6.0382,6.0382,6.0382,6.0382,6.0382,6.0382,6.0382,6.0382,6.0382,6.0382,6.0382,6.0382,6.0382,6.0382,6.0382,6.0382,6.0382,6.0382,6.0382,6.0382,6.0382,6.0382,6.0382,6.0382,6.0382,6.0382,6.0382,6.0382,6.0382,6.0382,6.0382,6.0382,6.0382,6.0382,6.0382,6.0382,6.0382,6.0382,6.0382,6.0382,6.0382,6.0382,6.0382,6.0382,6.0382,6.0382,6.0382,6.0382,6.0382,6.0382,6.0382,6.0382,6.0382,6.0382,6.0382,6.0382,6.0382,6.0382,6.0382,6.0382,6.0382,6.0382,6.0382,6.0382,6.0382,6.0382,6.0382,6.0382,6.0382,6.0382,6.0382,6.0382,6.0382,6.0382,6.0382,6.0382,6.0382,6.0382,6.0382,6.0382,6.0382,6.0382,6.0382,6.0382,6.0382,6.0382,6.0382,6.0382,6.0382,6.0382,6.0382,6.0382,6.0382,6.0382,6.0382,6.0382,6.0382,6.0382,6.0382,6.0382,6.0382,6.0382,6.0382,6.0382,6.0382,6.0382,6.0382,6.0382,6.0382,6.0382,6.0382,6.0382,6.0382,6.0382,6.0382,6.0382,6.0382,6.0382,6.0382,6.0382,6.0382,6.0382,6.0382,6.0382,6.0382,6.0382,6.0382,6.0382,6.0382,6.0382,6.0382,6.0382,6.0382,6.0382,6.0382,6.0382,6.0382,6.0382,6.0382,6.0382,6.0382,6.0382,6.0382,6.0382,6.0382,6.0382,6.0382,6.0382,6.0382,6.0382,6.0382,6.0382,6.0382,6.0382,6.0382,6.0382,6.0382,6.0382,6.0382,6.0382,6.0382,6.0382,6.0382,6.0382,6.0382,6.0382,6.0382,6.0382,6.0382,6.0382,6.0382,6.0382,6.0382,6.0382,6.0382,6.0382,6.0382,6.0382,6.0382,6.0382,6.0382,6.0382,6.0382,6.0382,6.0382,6.0382,6.0382,6.0382,6.0382,6.0382,6.0382,6.0382,6.0382,6.0382,6.0382,6.0382,6.0382,6.0382,6.0382,6.0382,6.0382,6.0382,6.0382,6.0382,6.0382,6.0382,6.0382,6.0382,6.0382,6.0382,6.0382,6.0382,6.0382,6.0382,6.0382,6.0382,6.0382,6.0382,6.0382,6.0382,6.0382,6.0382,6.0382,6.0382,6.0382,6.0382,6.0382,6.0382,6.0382,6.0382,6.0382,6.0382,6.0382,6.0382,6.0382,6.0382,6.0382,6.0382,6.0382,6.0382,6.0382,6.0382,6.0382,6.0382,6.0382,6.0382,6.0382,6.0382,6.0382,6.0382,6.0382,6.0382,6.0382,6.0382,6.0382,6.0382,6.0382,6.0382,6.0382,6.0382,6.0382,6.0382,6.0382,6.0382,6.0382,6.0382,6.0382,6.0382,6.0382,6.0382,6.0382,6.0382,6.0382,6.0382,6.0382,6.0382,6.0382,6.0382,6.0382,6.0382,6.0382,6.0382,6.0382,6.0382,6.0382,6.0382,6.0382,6.0382,6.0382,6.0382,6.0382,6.0382,6.0382,6.0382,6.0382,6.0382,6.0382,6.0382,6.0382,6.0382,6.0382,6.0382,6.0382,6.0382,6.0382,6.0382,6.0382,6.0382,6.0382,6.0382,6.0382,6.0382,6.0382,6.0382,6.0382,6.0382,6.0382,6.0382,6.0382,6.0382,6.0382,6.0382,6.0382,6.0382,6.0382,6.0382,6.0382,6.0382,6.0382,6.0382,6.0382,6.0382,6.0382,6.0382,6.0382,6.0382,6.0382,6.0382,6.0382,6.0382,6.0382,6.0382,6.0382,6.0382,6.0382,6.0382,6.0382,6.0382,6.0382,6.0382,6.0382,6.0382,6.0382,6.0382,6.0382,6.0382,6.0382,6.0382,6.0382,6.0382,6.0382,6.0382,6.0382,6.0382,6.0382,6.0382,6.0382,6.0382,6.0382,6.0382,6.0382,6.0382,6.0382,6.0382,6.0382,6.0382,6.0382,6.0382,6.0382,6.0382,6.0382,6.0382,6.0382,6.0382,6.0382,6.0382,6.0382,6.0382,6.0382,6.0382,6.0382,6.0382,6.0382,6.0382,6.0382,6.0382,6.0382,6.0382,6.0382,6.0382,6.0382,6.0382,6.0382,6.0382,6.0382,6.0382,6.0382,6.0382,6.0382,6.0382,6.0382,6.0382,6.0382,6.0382,6.0382,6.0382,6.0382,6.0382,6.0382,6.0382,6.0382,6.0382,6.0382,6.0382,6.0382,6.0382,6.0382,6.0382,6.0382,6.0382,6.0382,6.0382,6.0382,6.0382,6.0382,6.0382,6.0382,6.0382,6.0382,6.0382,6.0382,6.0382,6.0382,6.0382,6.0382,6.0382,6.0382,6.0382,6.0382,6.0382,6.0382,6.0382,6.0382,6.0382,6.0382,6.0382,6.0382,6.0382,6.0382,6.0382,6.0382,6.0382,6.0382,6.0382,6.0382,6.0382,6.0382,6.0382,6.0382,6.0382,6.0382,6.0382,6.0382,6.0382,6.0382,6.0382,6.0382,6.0382,6.0382,6.0382,6.0382,6.0382,6.0382,6.0382,6.0382,6.0382,6.0382,6.0382,6.0382,6.0382,6.0382,6.0382,6.0382,6.0382,6.0382,6.0382,6.0382,6.0382,6.0382,6.0382,6.0382,6.0382,6.0382,6.0382,6.0382,6.0382,6.0382,6.0382,6.0382,6.0382,6.0382,6.0382,6.0382,6.0382,6.0382,6.0382,6.0382,6.0382,6.0382,6.0382,6.0382,6.0382,6.0382,6.0382,6.0382,6.0382,6.0382,6.0382,6.0382,6.0382,6.0382,6.0382,6.0382,6.0382,6.0382,6.0382,6.0382,6.0382,6.0382,6.0382,6.0382,6.0382,6.0382,6.0382,6.0382,6.0382,6.0382,6.0382,6.0382,6.0382,6.0382,6.0382,6.0382,6.0382,6.0382,6.0382,6.0382,6.0382,6.0382,6.0382,6.0382,6.0382,6.0382,6.0382,6.0382,6.0382,6.0382,6.0382,6.0382,6.0382,6.0382,6.0382,6.0382,6.0382,6.0382,6.0382,6.0382,6.0382,6.0382,6.0382,6.0382,6.0382,6.0382,6.0382,6.0382,6.0382,6.0382,6.0382,6.0382,6.0382,6.0382,6.0382,6.0382,6.0382,6.0382,6.0382,6.0382,6.0382,6.0382,6.0382,6.0382,6.0382,6.0382,6.0382,6.0382,6.0382,6.0382,6.0382,6.0382,6.0382,6.0382,6.0382,6.0382,6.0382,6.0382,6.0382,6.0382,6.0382,6.0382,6.0382,6.0382,6.0382,6.0382,6.0382,6.0382,6.0382,6.0382,6.0382,6.0382,6.0382,6.0382,6.0382,6.0382,6.0382,6.0382,6.0382,6.0382,6.0382,6.0382,6.0382,6.0382,6.0382,6.0382,6.0382,6.0382,6.0382,6.0382,6.0382,6.0382,6.0382,6.0382,6.0382,6.0382,6.0382,6.0382,6.0382,6.0382,6.0382,6.0382,6.0382,6.0382,6.0382,6.0382,6.0382,6.0382,6.0382,6.0382,6.0382,6.0382,6.0382,6.0382,6.0382,6.0382,6.0382,6.0382,6.0382,6.0382,6.0382,6.0382,6.0382,6.0382,6.0382,6.0382,6.0382,6.0382,6.0382,6.0382,6.0382,6.0382,6.0382,6.0382,6.0382,6.0382,6.0382,6.0382,6.0382,6.0382,6.0382,6.0382,6.0382,6.0382,6.0382,6.0382,6.0382,6.0382,6.0382,6.0382,6.0382,6.0382,6.0382,6.0382,6.0382,6.0382,6.0382,6.0382,6.0382,6.0382,6.0382,6.0382,6.0382,6.0382,6.0382,6.0382,6.0382,6.0382,6.0382,6.0382,6.0382,6.0382,6.0382,6.0382,6.0382,6.0382,6.0382,6.0382,6.0382,6.0382,6.0382,6.0382,6.0382,6.0382,6.0382,6.0382,6.0382,6.0382,6.0382,6.0382,6.0382,6.0382,6.0382,6.0382,6.0382,6.0382,6.0382,6.0382,6.0382,6.0382,6.0382,6.0382,6.0382,6.0382,6.0382,6.0382,6.0382,6.0382,6.0382,6.0382,6.0382,6.0382,6.0382,6.0382,6.0382,6.0382,6.0382,6.0382,6.0382,6.0382,6.0382,6.0382,6.0382,6.0382,6.0382,6.0382,6.0382,6.0382,6.0382,6.0382,6.0382,6.0382,6.0382,6.0382,6.0382,6.0382,6.0382,6.0382,6.0382,6.0382,6.0382,6.0382,6.0382,6.0382,6.0382,6.0382,6.0382,6.0382,6.0382,6.0382,6.0382,6.0382,6.0382,6.0382,6.0382,6.0382,6.0382,6.0382,6.0382,6.0382,6.0382,6.0382,6.0382,6.0382,6.0382,6.0382,6.0382,6.0382,6.0382,6.0382,6.0382,6.0382,6.0382,6.0382,6.0382,6.0382,6.0382,6.0382,6.0382,6.0382,6.0382,6.0382,6.0382,6.0382,6.0382,6.0382,6.0382,6.0382,6.0382,6.0382,6.0382,6.0382,6.0382,6.0382,6.0382,6.0382,6.0382,6.0382,6.0382,6.0382,6.0382,6.0382,6.0382,6.0382,6.0382,6.0382,6.0382,6.0382,6.0382,6.0382,6.0382,6.0382,6.0382,6.0382,6.0382,6.0382,6.0382,6.0382,6.0382,6.0382,6.0382,6.0382,6.0382,6.0382,6.0382,6.0382,6.0382,6.0382,6.0382,6.0382,6.0382,6.0382,6.0382,6.0382,6.0382,6.0382,6.0382,6.0382,6.0382,6.0382,6.0382,6.0382,6.0382,6.0382,6.0382,6.0382,6.0382,6.0382,6.0382,6.0382,6.0382,6.0382,6.0382,6.0382,6.0382,6.0382,6.0382,6.0382,6.0382,6.0382,6.0382
6.0341,6.0341,6.0341,6.0341,6.0341,6.0341,6.0341,6.0341,6.0341,6.0341,6.0341,6.0341,6.0341,6.0341,6.0341,6.0341,6.0341,6.0341,6.0341,6.0341,6.0341,6.0341,6.0341,6.0341,6.0341,6.0341,6.0341,6.0341,6.0341,6.0341,6.0341,6.0341,6.0341,6.0341,6.0341,6.0341,6.0341,6.0341,6.0341,6.0341,6.0341,6.0341,6.0341,6.0341,6.0341,6.0341,6.0341,6.0341,6.0341,6.0341,6.0341,6.0341,6.0341,6.0341,6.0341,6.0341,6.0341,6.0341,6.0341,6.0341,6.0341,6.0341,6.0341,6.0341,6.0341,6.0341,6.0341,6.0341,6.0341,6.0341,6.0341,6.0341,6.0341,6.0341,6.0341,6.0341,6.0341,6.0341,6.0341,6.0341,6.0341,6.0341,6.0341,6.0341,6.0341,6.0341,6.0341,6.0341,6.0341,6.0341,6.0341,6.0341,6.0341,6.0341,6.0341,6.0341,6.0341,6.0341,6.0341,6.0341,6.0341,6.0341,6.0341,6.0341,6.0341,6.0341,6.0341,6.0341,6.0341,6.0341,6.0341,6.0341,6.0341,6.0341,6.0341,6.0341,6.0341,6.0341,6.0341,6.0341,6.0341,6.0341,6.0341,6.0341,6.0341,6.0341,6.0341,6.0341,6.0341,6.0341,6.0341,6.0341,6.0341,6.0341,6.0341,6.0341,6.0341,6.0341,6.0341,6.0341,6.0341,6.0341,6.0341,6.0341,6.0341,6.0341,6.0341,6.0341,6.0341,6.0341,6.0341,6.0341,6.0341,6.0341,6.0341,6.0341,6.0341,6.0341,6.0341,6.0341,6.0341,6.0341,6.0341,6.0341,6.0341,6.0341,6.0341,6.0341,6.0341,6.0341,6.0341,6.0341,6.0341,6.0341,6.0341,6.0341,6.0341,6.0341,6.0341,6.0341,6.0341,6.0341,6.0341,6.0341,6.0341,6.0341,6.0341,6.0341,6.0341,6.0341,6.0341,6.0341,6.0341,6.0341,6.0341,6.0341,6.0341,6.0341,6.0341,6.0341,6.0341,6.0341,6.0341,6.0341,6.0341,6.0341,6.0341,6.0341,6.0341,6.0341,6.0341,6.0341,6.0341,6.0341,6.0341,6.0341,6.0341,6.0341,6.0341,6.0341,6.0341,6.0341,6.0341,6.0341,6.0341,6.0341,6.0341,6.0341,6.0341,6.0341,6.0341,6.0341,6.0341,6.0341,6.0341,6.0341,6.0341,6.0341,6.0341,6.0341,6.0341,6.0341,6.0341,6.0341,6.0341,6.0341,6.0341,6.0341,6.0341,6.0341,6.0341,6.0341,6.0341,6.0341,6.0341,6.0341,6.0341,6.0341,6.0341,6.0341,6.0341,6.0341,6.0341,6.0341,6.0341,6.0341,6.0341,6.0341,6.0341,6.0341,6.0341,6.0341,6.0341,6.0341,6.0341,6.0341,6.0341,6.0341,6.0341,6.0341,6.0341,6.0341,6.0341,6.0341,6.0341,6.0341,6.0341,6.0341,6.0341,6.0341,6.0341,6.0341,6.0341,6.0341,6.0341,6.0341,6.0341,6.0341,6.0341,6.0341,6.0341,6.0341,6.0341,6.0341,6.0341,6.0341,6.0341,6.0341,6.0341,6.0341,6.0341,6.0341,6.0341,6.0341,6.0341,6.0341,6.0341,6.0341,6.0341,6.0341,6.0341,6.0341,6.0341,6.0341,6.0341,6.0341,6.0341,6.0341,6.0341,6.0341,6.0341,6.0341,6.0341,6.0341,6.0341,6.0341,6.0341,6.0341,6.0341,6.0341,6.0341,6.0341,6.0341,6.0341,6.0341,6.0341,6.0341,6.0341,6.0341,6.0341,6.0341,6.0341,6.0341,6.0341,6.0341,6.0341,6.0341,6.0341,6.0341,6.0341,6.0341,6.0341,6.0341,6.0341,6.0341,6.0341,6.0341,6.0341,6.0341,6.0341,6.0341,6.0341,6.0341,6.0341,6.0341,6.0341,6.0341,6.0341,6.0341,6.0341,6.0341,6.0341,6.0341,6.0341,6.0341,6.0341,6.0341,6.0341,6.0341,6.0341,6.0341,6.0341,6.0341,6.0341,6.0341,6.0341,6.0341,6.0341,6.0341,6.0341,6.0341,6.0341,6.0341,6.0341,6.0341,6.0341,6.0341,6.0341,6.0341,6.0341,6.0341,6.0341,6.0341,6.0341,6.0341,6.0341,6.0341,6.0341,6.0341,6.0341,6.0341,6.0341,6.0341,6.0341,6.0341,6.0341,6.0341,6.0341,6.0341,6.0341,6.0341,6.0341,6.0341,6.0341,6.0341,6.0341,6.0341,6.0341,6.0341,6.0341,6.0341,6.0341,6.0341,6.0341,6.0341,6.0341,6.0341,6.0341,6.0341,6.0341,6.0341,6.0341,6.0341,6.0341,6.0341,6.0341,6.0341,6.0341,6.0341,6.0341,6.0341,6.0341,6.0341,6.0341,6.0341,6.0341,6.0341,6.0341,6.0341,6.0341,6.0341,6.0341,6.0341,6.0341,6.0341,6.0341,6.0341,6.0341,6.0341,6.0341,6.0341,6.0341,6.0341,6.0341,6.0341,6.0341,6.0341,6.0341,6.0341,6.0341,6.0341,6.0341,6.0341,6.0341,6.0341,6.0341,6.0341,6.0341,6.0341,6.0341,6.0341,6.0341,6.0341,6.0341,6.0341,6.0341,6.0341,6.0341,6.0341,6.0341,6.0341,6.0341,6.0341,6.0341,6.0341,6.0341,6.0341,6.0341,6.0341,6.0341,6.0341,6.0341,6.0341,6.0341,6.0341,6.0341,6.0341,6.0341,6.0341,6.0341,6.0341,6.0341,6.0341,6.0341,6.0341,6.0341,6.0341,6.0341,6.0341,6.0341,6.0341,6.0341,6.0341,6.0341,6.0341,6.0341,6.0341,6.0341,6.0341,6.0341,6.0341,6.0341,6.0341,6.0341,6.0341,6.0341,6.0341,6.0341,6.0341,6.0341,6.0341,6.0341,6.0341,6.0341,6.0341,6.0341,6.0341,6.0341,6.0341,6.0341,6.0341,6.0341,6.0341,6.0341,6.0341,6.0341,6.0341,6.0341,6.0341,6.0341,6.0341,6.0341,6.0341,6.0341,6.0341,6.0341,6.0341,6.0341,6.0341,6.0341,6.0341,6.0341,6.0341,6.0341,6.0341,6.0341,6.0341,6.0341,6.0341,6.0341,6.0341,6.0341,6.0341,6.0341,6.0341,6.0341,6.0341,6.0341,6.0341,6.0341,6.0341,6.0341,6.0341,6.0341,6.0341,6.0341,6.0341,6.0341,6.0341,6.0341,6.0341,6.0341,6.0341,6.0341,6.0341,6.0341,6.0341,6.0341,6.0341,6.0341,6.0341,6.0341,6.0341,6.0341,6.0341,6.0341,6.0341,6.0341,6.0341,6.0341,6.0341,6.0341,6.0341,6.0341,6.0341,6.0341,6.0341,6.0341,6.0341,6.0341,6.0341,6.0341,6.0341,6.0341,6.0341,6.0341,6.0341,6.0341,6.0341,6.0341,6.0341,6.0341,6.0341,6.0341,6.0341,6.0341,6.0341,6.0341,6.0341,6.0341,6.0341,6.0341,6.0341,6.0341,6.0341,6.0341,6.0341,6.0341,6.0341,6.0341,6.0341,6.0341,6.0341,6.0341,6.0341,6.0341,6.0341,6.0341,6.0341,6.0341,6.0341,6.0341,6.0341,6.0341,6.0341,6.0341,6.0341,6.0341,6.0341,6.0341,6.0341,6.0341,6.0341,6.0341,6.0341,6.0341,6.0341,6.0341,6.0341,6.0341,6.0341,6.0341,6.0341,6.0341,6.0341,6.0341,6.0341,6.0341,6.0341,6.0341,6.0341,6.0341,6.0341,6.0341,6.0341,6.0341,6.0341,6.0341,6.0341,6.0341,6.0341,6.0341,6.0341,6.0341,6.0341,6.0341,6.0341,6.0341,6.0341,6.0341,6.0341,6.0341,6.0341,6.0341,6.0341,6.0341,6.0341,6.0341,6.0341,6.0341,6.0341,6.0341,6.0341,6.0341,6.0341,6.0341,6.0341,6.0341,6.0341,6.0341,6.0341,6.0341,6.0341,6.0341,6.0341,6.0341,6.0341,6.0341,6.0341,6.0341,6.0341,6.0341,6.0341,6.0341,6.0341,6.0341,6.0341,6.0341,6.0341,6.0341,6.0341,6.0341,6.0341,6.0341,6.0341,6.0341,6.0341,6.0341,6.0341,6.0341,6.0341,6.0341,6.0341,6.0341,6.0341,6.0341,6.0341,6.0341,6.0341,6.0341,6.0341,6.0341,6.0341,6.0341,6.0341,6.0341,6.0341,6.0341,6.0341,6.0341,6.0341,6.0341,6.0341,6.0341,6.0341,6.0341,6.0341,6.0341,6.0341,6.0341,6.0341,6.0341,6.0341,6.0341,6.0341,6.0341,6.0341,6.0341,6.0341,6.0341,6.0341,6.0341,6.0341,6.0341,6.0341,6.0341,6.0341,6.0341,6.0341,6.0341,6.0341,6.0341,6.0341,6.0341,6.0341,6.0341,6.0341,6.0341,6.0341,6.0341,6.0341,6.0341,6.0341,6.0341,6.0341,6.0341,6.0341,6.0341,6.0341,6.0341,6.0341,6.0341,6.0341,6.0341,6.0341,6.0341,6.0341,6.0341,6.0341,6.0341,6.0341,6.0341,6.0341,6.0341,6.0341,6.0341,6.0341,6.0341,6.0341,6.0341,6.0341,6.0341,6.0341,6.0341,6.0341,6.0341,6.0341,6.0341,6.0341,6.0341,6.0341,6.0341,6.0341,6.0341,6.0341,6.0341,6.0341,6.0341,6.0341,6.0341,6.0341,6.0341,6.0341,6.0341,6.0341,6.0341,6.0341,6.0341,6.0341,6.0341,6.0341,6.0341,6.0341,6.0341,6.0341,6.0341,6.0341,6.0341,6.0341,6.0341,6.0341,6.0341,6.0341,6.0341,6.0341,6.0341,6.0341,6.0341,6.0341,6.0341,6.0341,6.0341,6.0341,6.0341,6.0341,6.0341,6.0341,6.0341,6.0341,6.0341,6.0341,6.0341,6.0341,6.0341,6.0341,6.0341,6.0341,6.0341,6.0341,6.0341,6.0341,6.0341,6.0341,6.0341,6.0341,6.0341,6.0341,6.0341,6.0341,6.0341
6.0302,6.0302,6.0302,6.0302,6.0302,6.0302,6.0302,6.0302,6.0302,6.0302,6.0302,6.0302,6.0302,6.0302,6.0302,6.0302,6.0302,6.0302,6.0302,6.0302,6.0302,6.0302,6.0302,6.0302,6.0302,6.0302,6.0302,6.0302,6.0302,6.0302,6.0302,6.0302,6.0302,6.0302,6.0302,6.0302,6.0302,6.0302,6.0302,6.0302,6.0302,6.0302,6.0302,6.0302,6.0302,6.0302,6.0302,6.0302,6.0302,6.0302,6.0302,6.0302,6.0302,6.0302,6.0302,6.0302,6.0302,6.0302,6.0302,6.0302,6.0302,6.0302,6.0302,6.0302,6.0302,6.0302,6.0302,6.0302,6.0302,6.0302,6.0302,6.0302,6.0302,6.0302,6.0302,6.0302,6.0302,6.0302,6.0302,6.0302,6.0302,6.0302,6.0302,6.0302,6.0302,6.0302,6.0302,6.0302,6.0302,6.0302,6.0302,6.0302,6.0302,6.0302,6.0302,6.0302,6.0302,6.0302,6.0302,6.0302,6.0302,6.0302,6.0302,6.0302,6.0302,6.0302,6.0302,6.0302,6.0302,6.0302,6.0302,6.0302,6.0302,6.0302,6.0302,6.0302,6.0302,6.0302,6.0302,6.0302,6.0302,6.0302,6.0302,6.0302,6.0302,6.0302,6.0302,6.0302,6.0302,6.0302,6.0302,6.0302,6.0302,6.0302,6.0302,6.0302,6.0302,6.0302,6.0302,6.0302,6.0302,6.0302,6.0302,6.0302,6.0302,6.0302,6.0302,6.0302,6.0302,6.0302,6.0302,6.0302,6.0302,6.0302,6.0302,6.0302,6.0302,6.0302,6.0302,6.0302,6.0302,6.0302,6.0302,6.0302,6.0302,6.0302,6.0302,6.0302,6.0302,6.0302,6.0302,6.0302,6.0302,6.0302,6.0302,6.0302,6.0302,6.0302,6.0302,6.0302,6.0302,6.0302,6.0302,6.0302,6.0302,6.0302,6.0302,6.0302,6.0302,6.0302,6.0302,6.0302,6.0302,6.0302,6.0302,6.0302,6.0302,6.0302,6.0302,6.0302,6.0302,6.0302,6.0302,6.0302,6.0302,6.0302,6.0302,6.0302,6.0302,6.0302,6.0302,6.0302,6.0302,6.0302,6.0302,6.0302,6.0302,6.0302,6.0302,6.0302,6.0302,6.0302,6.0302,6.0302,6.0302,6.0302,6.0302,6.0302,6.0302,6.0302,6.0302,6.0302,6.0302,6.0302,6.0302,6.0302,6.0302,6.0302,6.0302,6.0302,6.0302,6.0302,6.0302,6.0302,6.0302,6.0302,6.0302,6.0302,6.0302,6.0302,6.0302,6.0302,6.0302,6.0302,6.0302,6.0302,6.0302,6.0302,6.0302,6.0302,6.0302,6.0302,6.0302,6.0302,6.0302,6.0302,6.0302,6.0302,6.0302,6.0302,6.0302,6.0302,6.0302,6.0302,6.0302,6.0302,6.0302,6.0302,6.0302,6.0302,6.0302,6.0302,6.0302,6.0302,6.0302,6.0302,6.0302,6.0302,6.0302,6.0302,6.0302,6.0302,6.0302,6.0302,6.0302,6.0302,6.0302,6.0302,6.0302,6.0302,6.0302,6.0302,6.0302,6.0302,6.0302,6.0302,6.0302,6.0302,6.0302,6.0302,6.0302,6.0302,6.0302,6.0302,6.0302,6.0302,6.0302,6.0302,6.0302,6.0302,6.0302,6.0302,6.0302,6.0302,6.0302,6.0302,6.0302,6.0302,6.0302,6.0302,6.0302,6.0302,6.0302,6.0302,6.0302,6.0302,6.0302,6.0302,6.0302,6.0302,6.0302,6.0302,6.0302,6.0302,6.0302,6.0302,6.0302,6.0302,6.0302,6.0302,6.0302,6.0302,6.0302,6.0302,6.0302,6.0302,6.0302,6.0302,6.0302,6.0302,6.0302,6.0302,6.0302,6.0302,6.0302,6.0302,6.0302,6.0302,6.0302,6.0302,6.0302,6.0302,6.0302,6.0302,6.0302,6.0302,6.0302,6.0302,6.0302,6.0302,6.0302,6.0302,6.0302,6.0302,6.0302,6.0302,6.0302,6.0302,6.0302,6.0302,6.0302,6.0302,6.0302,6.0302,6.0302,6.0302,6.0302,6.0302,6.0302,6.0302,6.0302,6.0302,6.0302,6.0302,6.0302,6.0302,6.0302,6.0302,6.0302,6.0302,6.0302,6.0302,6.0302,6.0302,6.0302,6.0302,6.0302,6.0302,6.0302,6.0302,6.0302,6.0302,6.0302,6.0302,6.0302,6.0302,6.0302,6.0302,6.0302,6.0302,6.0302,6.0302,6.0302,6.0302,6.0302,6.0302,6.0302,6.0302,6.0302,6.0302,6.0302,6.0302,6.0302,6.0302,6.0302,6.0302,6.0302,6.0302,6.0302,6.0302,6.0302,6.0302,6.0302,6.0302,6.0302,6.0302,6.0302,6.0302,6.0302,6.0302,6.0302,6.0302,6.0302,6.0302,6.0302,6.0302,6.0302,6.0302,6.0302,6.0302,6.0302,6.0302,6.0302,6.0302,6.0302,6.0302,6.0302,6.0302,6.0302,6.0302,6.0302,6.0302,6.0302,6.0302,6.0302,6.0302,6.0302,6.0302,6.0302,6.0302,6.0302,6.0302,6.0302,6.0302,6.0302,6.0302,6.0302,6.0302,6.0302,6.0302,6.0302,6.0302,6.0302,6.0302,6.0302,6.0302,6.0302,6.0302,6.0302,6.0302,6.0302,6.0302,6.0302,6.0302,6.0302,6.0302,6.0302,6.0302,6.0302,6.0302,6.0302,6.0302,6.0302,6.0302,6.0302,6.0302,6.0302,6.0302,6.0302,6.0302,6.0302,6.0302,6.0302,6.0302,6.0302,6.0302,6.0302,6.0302,6.0302,6.0302,6.0302,6.0302,6.0302,6.0302,6.0302,6.0302,6.0302,6.0302,6.0302,6.0302,6.0302,6.0302,6.0302,6.0302,6.0302,6.0302,6.0302,6.0302,6.0302,6.0302,6.0302,6.0302,6.0302,6.0302,6.0302,6.0302,6.0302,6.0302,6.0302,6.0302,6.0302,6.0302,6.0302,6.0302,6.0302,6.0302,6.0302,6.0302,6.0302,6.0302,6.0302,6.0302,6.0302,6.0302,6.0302,6.0302,6.0302,6.0302,6.0302,6.0302,6.0302,6.0302,6.0302,6.0302,6.0302,6.0302,6.0302,6.0302,6.0302,6.0302,6.0302,6.0302,6.0302,6.0302,6.0302,6.0302,6.0302,6.0302,6.0302,6.0302,6.0302,6.0302,6.0302,6.0302,6.0302,6.0302,6.0302,6.0302,6.0302,6.0302,6.0302,6.0302,6.0302,6.0302,6.0302,6.0302,6.0302,6.0302,6.0302,6.0302,6.0302,6.0302,6.0302,6.0302,6.0302,6.0302,6.0302,6.0302,6.0302,6.0302,6.0302,6.0302,6.0302,6.0302,6.0302,6.0302,6.0302,6.0302,6.0302,6.0302,6.0302,6.0302,6.0302,6.0302,6.0302,6.0302,6.0302,6.0302,6.0302,6.0302,6.0302,6.0302,6.0302,6.0302,6.0302,6.0302,6.0302,6.0302,6.0302,6.0302,6.0302,6.0302,6.0302,6.0302,6.0302,6.0302,6.0302,6.0302,6.0302,6.0302,6.0302,6.0302,6.0302,6.0302,6.0302,6.0302,6.0302,6.0302,6.0302,6.0302,6.0302,6.0302,6.0302,6.0302,6.0302,6.0302,6.0302,6.0302,6.0302,6.0302,6.0302,6.0302,6.0302,6.0302,6.0302,6.0302,6.0302,6.0302,6.0302,6.0302,6.0302,6.0302,6.0302,6.0302,6.0302,6.0302,6.0302,6.0302,6.0302,6.0302,6.0302,6.0302,6.0302,6.0302,6.0302,6.0302,6.0302,6.0302,6.0302,6.0302,6.0302,6.0302,6.0302,6.0302,6.0302,6.0302,6.0302,6.0302,6.0302,6.0302,6.0302,6.0302,6.0302,6.0302,6.0302,6.0302,6.0302,6.0302,6.0302,6.0302,6.0302,6.0302,6.0302,6.0302,6.0302,6.0302,6.0302,6.0302,6.0302,6.0302,6.0302,6.0302,6.0302,6.0302,6.0302,6.0302,6.0302,6.0302,6.0302,6.0302,6.0302,6.0302,6.0302,6.0302,6.0302,6.0302,6.0302,6.0302,6.0302,6.0302,6.0302,6.0302,6.0302,6.0302,6.0302,6.0302,6.0302,6.0302,6.0302,6.0302,6.0302,6.0302,6.0302,6.0302,6.0302,6.0302,6.0302,6.0302,6.0302,6.0302,6.0302,6.0302,6.0302,6.0302,6.0302,6.0302,6.0302,6.0302,6.0302,6.0302,6.0302,6.0302,6.0302,6.0302,6.0302,6.0302,6.0302,6.0302,6.0302,6.0302,6.0302,6.0302,6.0302,6.0302,6.0302,6.0302,6.0302,6.0302,6.0302,6.0302,6.0302,6.0302,6.0302,6.0302,6.0302,6.0302,6.0302,6.0302,6.0302,6.0302,6.0302,6.0302,6.0302,6.0302,6.0302,6.0302,6.0302,6.0302,6.0302,6.0302,6.0302,6.0302,6.0302,6.0302,6.0302,6.0302,6.0302,6.0302,6.0302,6.0302,6.0302,6.0302,6.0302,6.0302,6.0302,6.0302,6.0302,6.0302,6.0302,6.0302,6.0302,6.0302,6.0302,6.0302,6.0302,6.0302,6.0302,6.0302,6.0302,6.0302,6.0302,6.0302,6.0302,6.0302,6.0302,6.0302,6.0302,6.0302,6.0302,6.0302,6.0302,6.0302,6.0302,6.0302,6.0302,6.0302,6.0302,6.0302,6.0302,6.0302,6.0302,6.0302,6.0302,6.0302,6.0302,6.0302,6.0302,6.0302,6.0302,6.0302,6.0302,6.0302,6.0302,6.0302,6.0302,6.0302,6.0302,6.0302,6.0302,6.0302,6.0302,6.0302,6.0302,6.0302,6.0302,6.0302,6.0302,6.0302,6.0302,6.0302,6.0302,6.0302,6.0302,6.0302,6.0302,6.0302,6.0302,6.0302,6.0302,6.0302,6.0302,6.0302,6.0302,6.0302,6.0302,6.0302,6.0302,6.0302,6.0302,6.0302,6.0302,6.0302,6.0302,6.0302,6.0302,6.0302,6.0302,6.0302,6.0302,6.0302
6.0261,6.0261,6.0261,6.0261,6.0261,6.0261,6.0261,6.0261,6.0261,6.0261,6.0261,6.0261,6.0261,6.0261,6.0261,6.0261,6.0261,6.0261,6.0261,6.0261,6.0261,6.0261,6.0261,6.0261,6.0261,6.0261,6.0261,6.0261,6.0261,6.0261,6.0261,6.0261,6.0261,6.0261,6.0261,6.0261,6.0261,6.0261,6.0261,6.0261,6.0261,6.0261,6.0261,6.0261,6.0261,6.0261,6.0261,6.0261,6.0261,6.0261,6.0261,6.0261,6.0261,6.0261,6.0261,6.0261,6.0261,6.0261,6.0261,6.0261,6.0261,6.0261,6.0261,6.0261,6.0261,6.0261,6.0261,6.0261,6.0261,6.0261,6.0261,6.0261,6.0261,6.0261,6.0261,6.0261,6.0261,6.0261,6.0261,6.0261,6.0261,6.0261,6.0261,6.0261,6.0261,6.0261,6.0261,6.0261,6.0261,6.0261,6.0261,6.0261,6.0261,6.0261,6.0261,6.0261,6.0261,6.0261,6.0261,6.0261,6.0261,6.0261,6.0261,6.0261,6.0261,6.0261,6.0261,6.0261,6.0261,6.0261,6.0261,6.0261,6.0261,6.0261,6.0261,6.0261,6.0261,6.0261,6.0261,6.0261,6.0261,6.0261,6.0261,6.0261,6.0261,6.0261,6.0261,6.0261,6.0261,6.0261,6.0261,6.0261,6.0261,6.0261,6.0261,6.0261,6.0261,6.0261,6.0261,6.0261,6.0261,6.0261,6.0261,6.0261,6.0261,6.0261,6.0261,6.0261,6.0261,6.0261,6.0261,6.0261,6.0261,6.0261,6.0261,6.0261,6.0261,6.0261,6.0261,6.0261,6.0261,6.0261,6.0261,6.0261,6.0261,6.0261,6.0261,6.0261,6.0261,6.0261,6.0261,6.0261,6.0261,6.0261,6.0261,6.0261,6.0261,6.0261,6.0261,6.0261,6.0261,6.0261,6.0261,6.0261,6.0261,6.0261,6.0261,6.0261,6.0261,6.0261,6.0261,6.0261,6.0261,6.0261,6.0261,6.0261,6.0261,6.0261,6.0261,6.0261,6.0261,6.0261,6.0261,6.0261,6.0261,6.0261,6.0261,6.0261,6.0261,6.0261,6.0261,6.0261,6.0261,6.0261,6.0261,6.0261,6.0261,6.0261,6.0261,6.0261,6.0261,6.0261,6.0261,6.0261,6.0261,6.0261,6.0261,6.0261,6.0261,6.0261,6.0261,6.0261,6.0261,6.0261,6.0261,6.0261,6.0261,6.0261,6.0261,6.0261,6.0261,6.0261,6.0261,6.0261,6.0261,6.0261,6.0261,6.0261,6.0261,6.0261,6.0261,6.0261,6.0261,6.0261,6.0261,6.0261,6.0261,6.0261,6.0261,6.0261,6.0261,6.0261,6.0261,6.0261,6.0261,6.0261,6.0261,6.0261,6.0261,6.0261,6.0261,6.0261,6.0261,6.0261,6.0261,6.0261,6.0261,6.0261,6.0261,6.0261,6.0261,6.0261,6.0261,6.0261,6.0261,6.0261,6.0261,6.0261,6.0261,6.0261,6.0261,6.0261,6.0261,6.0261,6.0261,6.0261,6.0261,6.0261,6.0261,6.0261,6.0261,6.0261,6.0261,6.0261,6.0261,6.0261,6.0261,6.0261,6.0261,6.0261,6.0261,6.0261,6.0261,6.0261,6.0261,6.0261,6.0261,6.0261,6.0261,6.0261,6.0261,6.0261,6.0261,6.0261,6.0261,6.0261,6.0261,6.0261,6.0261,6.0261,6.0261,6.0261,6.0261,6.0261,6.0261,6.0261,6.0261,6.0261,6.0261,6.0261,6.0261,6.0261,6.0261,6.0261,6.0261,6.0261,6.0261,6.0261,6.0261,6.0261,6.0261,6.0261,6.0261,6.0261,6.0261,6.0261,6.0261,6.0261,6.0261,6.0261,6.0261,6.0261,6.0261,6.0261,6.0261,6.0261,6.0261,6.0261,6.0261,6.0261,6.0261,6.0261,6.0261,6.0261,6.0261,6.0261,6.0261,6.0261,6.0261,6.0261,6.0261,6.0261,6.0261,6.0261,6.0261,6.0261,6.0261,6.0261,6.0261,6.0261,6.0261,6.0261,6.0261,6.0261,6.0261,6.0261,6.0261,6.0261,6.0261,6.0261,6.0261,6.0261,6.0261,6.0261,6.0261,6.0261,6.0261,6.0261,6.0261,6.0261,6.0261,6.0261,6.0261,6.0261,6.0261,6.0261,6.0261,6.0261,6.0261,6.0261,6.0261,6.0261,6.0261,6.0261,6.0261,6.0261,6.0261,6.0261,6.0261,6.0261,6.0261,6.0261,6.0261,6.0261,6.0261,6.0261,6.0261,6.0261,6.0261,6.0261,6.0261,6.0261,6.0261,6.0261,6.0261,6.0261,6.0261,6.0261,6.0261,6.0261,6.0261,6.0261,6.0261,6.0261,6.0261,6.0261,6.0261,6.0261,6.0261,6.0261,6.0261,6.0261,6.0261,6.0261,6.0261,6.0261,6.0261,6.0261,6.0261,6.0261,6.0261,6.0261,6.0261,6.0261,6.0261,6.0261,6.0261,6.0261,6.0261,6.0261,6.0261,6.0261,6.0261,6.0261,6.0261,6.0261,6.0261,6.0261,6.0261,6.0261,6.0261,6.0261,6.0261,6.0261,6.0261,6.0261,6.0261,6.0261,6.0261,6.0261,6.0261,6.0261,6.0261,6.0261,6.0261,6.0261,6.0261,6.0261,6.0261,6.0261,6.0261,6.0261,6.0261,6.0261,6.0261,6.0261,6.0261,6.0261,6.0261,6.0261,6.0261,6.0261,6.0261,6.0261,6.0261,6.0261,6.0261,6.0261,6.0261,6.0261,6.0261,6.0261,6.0261,6.0261,6.0261,6.0261,6.0261,6.0261,6.0261,6.0261,6.0261,6.0261,6.0261,6.0261,6.0261,6.0261,6.0261,6.0261,6.0261,6.0261,6.0261,6.0261,6.0261,6.0261,6.0261,6.0261,6.0261,6.0261,6.0261,6.0261,6.0261,6.0261,6.0261,6.0261,6.0261,6.0261,6.0261,6.0261,6.0261,6.0261,6.0261,6.0261,6.0261,6.0261,6.0261,6.0261,6.0261,6.0261,6.0261,6.0261,6.0261,6.0261,6.0261,6.0261,6.0261,6.0261,6.0261,6.0261,6.0261,6.0261,6.0261,6.0261,6.0261,6.0261,6.0261,6.0261,6.0261,6.0261,6.0261,6.0261,6.0261,6.0261,6.0261,6.0261,6.0261,6.0261,6.0261,6.0261,6.0261,6.0261,6.0261,6.0261,6.0261,6.0261,6.0261,6.0261,6.0261,6.0261,6.0261,6.0261,6.0261,6.0261,6.0261,6.0261,6.0261,6.0261,6.0261,6.0261,6.0261,6.0261,6.0261,6.0261,6.0261,6.0261,6.0261,6.0261,6.0261,6.0261,6.0261,6.0261,6.0261,6.0261,6.0261,6.0261,6.0261,6.0261,6.0261,6.0261,6.0261,6.0261,6.0261,6.0261,6.0261,6.0261,6.0261,6.0261,6.0261,6.0261,6.0261,6.0261,6.0261,6.0261,6.0261,6.0261,6.0261,6.0261,6.0261,6.0261,6.0261,6.0261,6.0261,6.0261,6.0261,6.0261,6.0261,6.0261,6.0261,6.0261,6.0261,6.0261,6.0261,6.0261,6.0261,6.0261,6.0261,6.0261,6.0261,6.0261,6.0261,6.0261,6.0261,6.0261,6.0261,6.0261,6.0261,6.0261,6.0261,6.0261,6.0261,6.0261,6.0261,6.0261,6.0261,6.0261,6.0261,6.0261,6.0261,6.0261,6.0261,6.0261,6.0261,6.0261,6.0261,6.0261,6.0261,6.0261,6.0261,6.0261,6.0261,6.0261,6.0261,6.0261,6.0261,6.0261,6.0261,6.0261,6.0261,6.0261,6.0261,6.0261,6.0261,6.0261,6.0261,6.0261,6.0261,6.0261,6.0261,6.0261,6.0261,6.0261,6.0261,6.0261,6.0261,6.0261,6.0261,6.0261,6.0261,6.0261,6.0261,6.0261,6.0261,6.0261,6.0261,6.0261,6.0261,6.0261,6.0261,6.0261,6.0261,6.0261,6.0261,6.0261,6.0261,6.0261,6.0261,6.0261,6.0261,6.0261,6.0261,6.0261,6.0261,6.0261,6.0261,6.0261,6.0261,6.0261,6.0261,6.0261,6.0261,6.0261,6.0261,6.0261,6.0261,6.0261,6.0261,6.0261,6.0261,6.0261,6.0261,6.0261,6.0261,6.0261,6.0261,6.0261,6.0261,6.0261,6.0261,6.0261,6.0261,6.0261,6.0261,6.0261,6.0261,6.0261,6.0261,6.0261,6.0261,6.0261,6.0261,6.0261,6.0261,6.0261,6.0261,6.0261,6.0261,6.0261,6.0261,6.0261,6.0261,6.0261,6.0261,6.0261,6.0261,6.0261,6.0261,6.0261,6.0261,6.0261,6.0261,6.0261,6.0261,6.0261,6.0261,6.0261,6.0261,6.0261,6.0261,6.0261,6.0261,6.0261,6.0261,6.0261,6.0261,6.0261,6.0261,6.0261,6.0261,6.0261,6.0261,6.0261,6.0261,6.0261,6.0261,6.0261,6.0261,6.0261,6.0261,6.0261,6.0261,6.0261,6.0261,6.0261,6.0261,6.0261,6.0261,6.0261,6.0261,6.0261,6.0261,6.0261,6.0261,6.0261,6.0261,6.0261,6.0261,6.0261,6.0261,6.0261,6.0261,6.0261,6.0261,6.0261,6.0261,6.0261,6.0261,6.0261,6.0261,6.0261,6.0261,6.0261,6.0261,6.0261,6.0261,6.0261,6.0261,6.0261,6.0261,6.0261,6.0261,6.0261,6.0261,6.0261,6.0261,6.0261,6.0261,6.0261,6.0261,6.0261,6.0261,6.0261,6.0261,6.0261,6.0261,6.0261,6.0261,6.0261,6.0261,6.0261,6.0261,6.0261,6.0261,6.0261,6.0261,6.0261,6.0261,6.0261,6.0261,6.0261,6.0261,6.0261,6.0261,6.0261,6.0261,6.0261,6.0261,6.0261,6.0261,6.0261,6.0261,6.0261,6.0261,6.0261,6.0261,6.0261,6.0261,6.0261,6.0261,6.0261,6.0261,6.0261,6.0261,6.0261,6.0261,6.0261,6.0261,6.0261,6.0261,6.0261,6.0261,6.0261
6.0219,6.0219,6.0219,6.0219,6.0219,6.0219,6.0219,6.0219,6.0219,6.0219,6.0219,6.0219,6.0219,6.0219,6.0219,6.0219,6.0219,6.0219,6.0219,6.0219,6.0219,6.0219,6.0219,6.0219,6.0219,6.0219,6.0219,6.0219,6.0219,6.0219,6.0219,6.0219,6.0219,6.0219,6.0219,6.0219,6.0219,6.0219,6.0219,6.0219,6.0219,6.0219,6.0219,6.0219,6.0219,6.0219,6.0219,6.0219,6.0219,6.0219,6.0219,6.0219,6.0219,6.0219,6.0219,6.0219,6.0219,6.0219,6.0219,6.0219,6.0219,6.0219,6.0219,6.0219,6.0219,6.0219,6.0219,6.0219,6.0219,6.0219,6.0219,6.0219,6.0219,6.0219,6.0219,6.0219,6.0219,6.0219,6.0219,6.0219,6.0219,6.0219,6.0219,6.0219,6.0219,6.0219,6.0219,6.0219,6.0219,6.0219,6.0219,6.0219,6.0219,6.0219,6.0219,6.0219,6.0219,6.0219,6.0219,6.0219,6.0219,6.0219,6.0219,6.0219,6.0219,6.0219,6.0219,6.0219,6.0219,6.0219,6.0219,6.0219,6.0219,6.0219,6.0219,6.0219,6.0219,6.0219,6.0219,6.0219,6.0219,6.0219,6.0219,6.0219,6.0219,6.0219,6.0219,6.0219,6.0219,6.0219,6.0219,6.0219,6.0219,6.0219,6.0219,6.0219,6.0219,6.0219,6.0219,6.0219,6.0219,6.0219,6.0219,6.0219,6.0219,6.0219,6.0219,6.0219,6.0219,6.0219,6.0219,6.0219,6.0219,6.0219,6.0219,6.0219,6.0219,6.0219,6.0219,6.0219,6.0219,6.0219,6.0219,6.0219,6.0219,6.0219,6.0219,6.0219,6.0219,6.0219,6.0219,6.0219,6.0219,6.0219,6.0219,6.0219,6.0219,6.0219,6.0219,6.0219,6.0219,6.0219,6.0219,6.0219,6.0219,6.0219,6.0219,6.0219,6.0219,6.0219,6.0219,6.0219,6.0219,6.0219,6.0219,6.0219,6.0219,6.0219,6.0219,6.0219,6.0219,6.0219,6.0219,6.0219,6.0219,6.0219,6.0219,6.0219,6.0219,6.0219,6.0219,6.0219,6.0219,6.0219,6.0219,6.0219,6.0219,6.0219,6.0219,6.0219,6.0219,6.0219,6.0219,6.0219,6.0219,6.0219,6.0219,6.0219,6.0219,6.0219,6.0219,6.0219,6.0219,6.0219,6.0219,6.0219,6.0219,6.0219,6.0219,6.0219,6.0219,6.0219,6.0219,6.0219,6.0219,6.0219,6.0219,6.0219,6.0219,6.0219,6.0219,6.0219,6.0219,6.0219,6.0219,6.0219,6.0219,6.0219,6.0219,6.0219,6.0219,6.0219,6.0219,6.0219,6.0219,6.0219,6.0219,6.0219,6.0219,6.0219,6.0219,6.0219,6.0219,6.0219,6.0219,6.0219,6.0219,6.0219,6.0219,6.0219,6.0219,6.0219,6.0219,6.0219,6.0219,6.0219,6.0219,6.0219,6.0219,6.0219,6.0219,6.0219,6.0219,6.0219,6.0219,6.0219,6.0219,6.0219,6.0219,6.0219,6.0219,6.0219,6.0219,6.0219,6.0219,6.0219,6.0219,6.0219,6.0219,6.0219,6.0219,6.0219,6.0219,6.0219,6.0219,6.0219,6.0219,6.0219,6.0219,6.0219,6.0219,6.0219,6.0219,6.0219,6.0219,6.0219,6.0219,6.0219,6.0219,6.0219,6.0219,6.0219,6.0219,6.0219,6.0219,6.0219,6.0219,6.0219,6.0219,6.0219,6.0219,6.0219,6.0219,6.0219,6.0219,6.0219,6.0219,6.0219,6.0219,6.0219,6.0219,6.0219,6.0219,6.0219,6.0219,6.0219,6.0219,6.0219,6.0219,6.0219,6.0219,6.0219,6.0219,6.0219,6.0219,6.0219,6.0219,6.0219,6.0219,6.0219,6.0219,6.0219,6.0219,6.0219,6.0219,6.0219,6.0219,6.0219,6.0219,6.0219,6.0219,6.0219,6.0219,6.0219,6.0219,6.0219,6.0219,6.0219,6.0219,6.0219,6.0219,6.0219,6.0219,6.0219,6.0219,6.0219,6.0219,6.0219,6.0219,6.0219,6.0219,6.0219,6.0219,6.0219,6.0219,6.0219,6.0219,6.0219,6.0219,6.0219,6.0219,6.0219,6.0219,6.0219,6.0219,6.0219,6.0219,6.0219,6.0219,6.0219,6.0219,6.0219,6.0219,6.0219,6.0219,6.0219,6.0219,6.0219,6.0219,6.0219,6.0219,6.0219,6.0219,6.0219,6.0219,6.0219,6.0219,6.0219,6.0219,6.0219,6.0219,6.0219,6.0219,6.0219,6.0219,6.0219,6.0219,6.0219,6.0219,6.0219,6.0219,6.0219,6.0219,6.0219,6.0219,6.0219,6.0219,6.0219,6.0219,6.0219,6.0219,6.0219,6.0219,6.0219,6.0219,6.0219,6.0219,6.0219,6.0219,6.0219,6.0219,6.0219,6.0219,6.0219,6.0219,6.0219,6.0219,6.0219,6.0219,6.0219,6.0219,6.0219,6.0219,6.0219,6.0219,6.0219,6.0219,6.0219,6.0219,6.0219,6.0219,6.0219,6.0219,6.0219,6.0219,6.0219,6.0219,6.0219,6.0219,6.0219,6.0219,6.0219,6.0219,6.0219,6.0219,6.0219,6.0219,6.0219,6.0219,6.0219,6.0219,6.0219,6.0219,6.0219,6.0219,6.0219,6.0219,6.0219,6.0219,6.0219,6.0219,6.0219,6.0219,6.0219,6.0219,6.0219,6.0219,6.0219,6.0219,6.0219,6.0219,6.0219,6.0219,6.0219,6.0219,6.0219,6.0219,6.0219,6.0219,6.0219,6.0219,6.0219,6.0219,6.0219,6.0219,6.0219,6.0219,6.0219,6.0219,6.0219,6.0219,6.0219,6.0219,6.0219,6.0219,6.0219,6.0219,6.0219,6.0219,6.0219,6.0219,6.0219,6.0219,6.0219,6.0219,6.0219,6.0219,6.0219,6.0219,6.0219,6.0219,6.0219,6.0219,6.0219,6.0219,6.0219,6.0219,6.0219,6.0219,6.0219,6.0219,6.0219,6.0219,6.0219,6.0219,6.0219,6.0219,6.0219,6.0219,6.0219,6.0219,6.0219,6.0219,6.0219,6.0219,6.0219,6.0219,6.0219,6.0219,6.0219,6.0219,6.0219,6.0219,6.0219,6.0219,6.0219,6.0219,6.0219,6.0219,6.0219,6.0219,6.0219,6.0219,6.0219,6.0219,6.0219,6.0219,6.0219,6.0219,6.0219,6.0219,6.0219,6.0219,6.0219,6.0219,6.0219,6.0219,6.0219,6.0219,6.0219,6.0219,6.0219,6.0219,6.0219,6.0219,6.0219,6.0219,6.0219,6.0219,6.0219,6.0219,6.0219,6.0219,6.0219,6.0219,6.0219,6.0219,6.0219,6.0219,6.0219,6.0219,6.0219,6.0219,6.0219,6.0219,6.0219,6.0219,6.0219,6.0219,6.0219,6.0219,6.0219,6.0219,6.0219,6.0219,6.0219,6.0219,6.0219,6.0219,6.0219,6.0219,6.0219,6.0219,6.0219,6.0219,6.0219,6.0219,6.0219,6.0219,6.0219,6.0219,6.0219,6.0219,6.0219,6.0219,6.0219,6.0219,6.0219,6.0219,6.0219,6.0219,6.0219,6.0219,6.0219,6.0219,6.0219,6.0219,6.0219,6.0219,6.0219,6.0219,6.0219,6.0219,6.0219,6.0219,6.0219,6.0219,6.0219,6.0219,6.0219,6.0219,6.0219,6.0219,6.0219,6.0219,6.0219,6.0219,6.0219,6.0219,6.0219,6.0219,6.0219,6.0219,6.0219,6.0219,6.0219,6.0219,6.0219,6.0219,6.0219,6.0219,6.0219,6.0219,6.0219,6.0219,6.0219,6.0219,6.0219,6.0219,6.0219,6.0219,6.0219,6.0219,6.0219,6.0219,6.0219,6.0219,6.0219,6.0219,6.0219,6.0219,6.0219,6.0219,6.0219,6.0219,6.0219,6.0219,6.0219,6.0219,6.0219,6.0219,6.0219,6.0219,6.0219,6.0219,6.0219,6.0219,6.0219,6.0219,6.0219,6.0219,6.0219,6.0219,6.0219,6.0219,6.0219,6.0219,6.0219,6.0219,6.0219,6.0219,6.0219,6.0219,6.0219,6.0219,6.0219,6.0219,6.0219,6.0219,6.0219,6.0219,6.0219,6.0219,6.0219,6.0219,6.0219,6.0219,6.0219,6.0219,6.0219,6.0219,6.0219,6.0219,6.0219,6.0219,6.0219,6.0219,6.0219,6.0219,6.0219,6.0219,6.0219,6.0219,6.0219,6.0219,6.0219,6.0219,6.0219,6.0219,6.0219,6.0219,6.0219,6.0219,6.0219,6.0219,6.0219,6.0219,6.0219,6.0219,6.0219,6.0219,6.0219,6.0219,6.0219,6.0219,6.0219,6.0219,6.0219,6.0219,6.0219,6.0219,6.0219,6.0219,6.0219,6.0219,6.0219,6.0219,6.0219,6.0219,6.0219,6.0219,6.0219,6.0219,6.0219,6.0219,6.0219,6.0219,6.0219,6.0219,6.0219,6.0219,6.0219,6.0219,6.0219,6.0219,6.0219,6.0219,6.0219,6.0219,6.0219,6.0219,6.0219,6.0219,6.0219,6.0219,6.0219,6.0219,6.0219,6.0219,6.0219,6.0219,6.0219,6.0219,6.0219,6.0219,6.0219,6.0219,6.0219,6.0219,6.0219,6.0219,6.0219,6.0219,6.0219,6.0219,6.0219,6.0219,6.0219,6.0219,6.0219,6.0219,6.0219,6.0219,6.0219,6.0219,6.0219,6.0219,6.0219,6.0219,6.0219,6.0219,6.0219,6.0219,6.0219,6.0219,6.0219,6.0219,6.0219,6.0219,6.0219,6.0219,6.0219,6.0219,6.0219,6.0219,6.0219,6.0219,6.0219,6.0219,6.0219,6.0219,6.0219,6.0219,6.0219,6.0219,6.0219,6.0219,6.0219,6.0219,6.0219,6.0219,6.0219,6.0219,6.0219,6.0219,6.0219,6.0219,6.0219,6.0219,6.0219,6.0219,6.0219,6.0219,6.0219,6.0219,6.0219,6.0219,6.0219,6.0219,6.0219
6.0178,6.0178,6.0178,6.0178,6.0178,6.0178,6.0178,6.0178,6.0178,6.0178,6.0178,6.0178,6.0178,6.0178,6.0178,6.0178,6.0178,6.0178,6.0178,6.0178,6.0178,6.0178,6.0178,6.0178,6.0178,6.0178,6.0178,6.0178,6.0178,6.0178,6.0178,6.0178,6.0178,6.0178,6.0178,6.0178,6.0178,6.0178,6.0178,6.0178,6.0178,6.0178,6.0178,6.0178,6.0178,6.0178,6.0178,6.0178,6.0178,6.0178,6.0178,6.0178,6.0178,6.0178,6.0178,6.0178,6.0178,6.0178,6.0178,6.0178,6.0178,6.0178,6.0178,6.0178,6.0178,6.0178,6.0178,6.0178,6.0178,6.0178,6.0178,6.0178,6.0178,6.0178,6.0178,6.0178,6.0178,6.0178,6.0178,6.0178,6.0178,6.0178,6.0178,6.0178,6.0178,6.0178,6.0178,6.0178,6.0178,6.0178,6.0178,6.0178,6.0178,6.0178,6.0178,6.0178,6.0178,6.0178,6.0178,6.0178,6.0178,6.0178,6.0178,6.0178,6.0178,6.0178,6.0178,6.0178,6.0178,6.0178,6.0178,6.0178,6.0178,6.0178,6.0178,6.0178,6.0178,6.0178,6.0178,6.0178,6.0178,6.0178,6.0178,6.0178,6.0178,6.0178,6.0178,6.0178,6.0178,6.0178,6.0178,6.0178,6.0178,6.0178,6.0178,6.0178,6.0178,6.0178,6.0178,6.0178,6.0178,6.0178,6.0178,6.0178,6.0178,6.0178,6.0178,6.0178,6.0178,6.0178,6.0178,6.0178,6.0178,6.0178,6.0178,6.0178,6.0178,6.0178,6.0178,6.0178,6.0178,6.0178,6.0178,6.0178,6.0178,6.0178,6.0178,6.0178,6.0178,6.0178,6.0178,6.0178,6.0178,6.0178,6.0178,6.0178,6.0178,6.0178,6.0178,6.0178,6.0178,6.0178,6.0178,6.0178,6.0178,6.0178,6.0178,6.0178,6.0178,6.0178,6.0178,6.0178,6.0178,6.0178,6.0178,6.0178,6.0178,6.0178,6.0178,6.0178,6.0178,6.0178,6.0178,6.0178,6.0178,6.0178,6.0178,6.0178,6.0178,6.0178,6.0178,6.0178,6.0178,6.0178,6.0178,6.0178,6.0178,6.0178,6.0178,6.0178,6.0178,6.0178,6.0178,6.0178,6.0178,6.0178,6.0178,6.0178,6.0178,6.0178,6.0178,6.0178,6.0178,6.0178,6.0178,6.0178,6.0178,6.0178,6.0178,6.0178,6.0178,6.0178,6.0178,6.0178,6.0178,6.0178,6.0178,6.0178,6.0178,6.0178,6.0178,6.0178,6.0178,6.0178,6.0178,6.0178,6.0178,6.0178,6.0178,6.0178,6.0178,6.0178,6.0178,6.0178,6.0178,6.0178,6.0178,6.0178,6.0178,6.0178,6.0178,6.0178,6.0178,6.0178,6.0178,6.0178,6.0178,6.0178,6.0178,6.0178,6.0178,6.0178,6.0178,6.0178,6.0178,6.0178,6.0178,6.0178,6.0178,6.0178,6.0178,6.0178,6.0178,6.0178,6.0178,6.0178,6.0178,6.0178,6.0178,6.0178,6.0178,6.0178,6.0178,6.0178,6.0178,6.0178,6.0178,6.0178,6.0178,6.0178,6.0178,6.0178,6.0178,6.0178,6.0178,6.0178,6.0178,6.0178,6.0178,6.0178,6.0178,6.0178,6.0178,6.0178,6.0178,6.0178,6.0178,6.0178,6.0178,6.0178,6.0178,6.0178,6.0178,6.0178,6.0178,6.0178,6.0178,6.0178,6.0178,6.0178,6.0178,6.0178,6.0178,6.0178,6.0178,6.0178,6.0178,6.0178,6.0178,6.0178,6.0178,6.0178,6.0178,6.0178,6.0178,6.0178,6.0178,6.0178,6.0178,6.0178,6.0178,6.0178,6.0178,6.0178,6.0178,6.0178,6.0178,6.0178,6.0178,6.0178,6.0178,6.0178,6.0178,6.0178,6.0178,6.0178,6.0178,6.0178,6.0178,6.0178,6.0178,6.0178,6.0178,6.0178,6.0178,6.0178,6.0178,6.0178,6.0178,6.0178,6.0178,6.0178,6.0178,6.0178,6.0178,6.0178,6.0178,6.0178,6.0178,6.0178,6.0178,6.0178,6.0178,6.0178,6.0178,6.0178,6.0178,6.0178,6.0178,6.0178,6.0178,6.0178,6.0178,6.0178,6.0178,6.0178,6.0178,6.0178,6.0178,6.0178,6.0178,6.0178,6.0178,6.0178,6.0178,6.0178,6.0178,6.0178,6.0178,6.0178,6.0178,6.0178,6.0178,6.0178,6.0178,6.0178,6.0178,6.0178,6.0178,6.0178,6.0178,6.0178,6.0178,6.0178,6.0178,6.0178,6.0178,6.0178,6.0178,6.0178,6.0178,6.0178,6.0178,6.0178,6.0178,6.0178,6.0178,6.0178,6.0178,6.0178,6.0178,6.0178,6.0178,6.0178,6.0178,6.0178,6.0178,6.0178,6.0178,6.0178,6.0178,6.0178,6.0178,6.0178,6.0178,6.0178,6.0178,6.0178,6.0178,6.0178,6.0178,6.0178,6.0178,6.0178,6.0178,6.0178,6.0178,6.0178,6.0178,6.0178,6.0178,6.0178,6.0178,6.0178,6.0178,6.0178,6.0178,6.0178,6.0178,6.0178,6.0178,6.0178,6.0178,6.0178,6.0178,6.0178,6.0178,6.0178,6.0178,6.0178,6.0178,6.0178,6.0178,6.0178,6.0178,6.0178,6.0178,6.0178,6.0178,6.0178,6.0178,6.0178,6.0178,6.0178,6.0178,6.0178,6.0178,6.0178,6.0178,6.0178,6.0178,6.0178,6.0178,6.0178,6.0178,6.0178,6.0178,6.0178,6.0178,6.0178,6.0178,6.0178,6.0178,6.0178,6.0178,6.0178,6.0178,6.0178,6.0178,6.0178,6.0178,6.0178,6.0178,6.0178,6.0178,6.0178,6.0178,6.0178,6.0178,6.0178,6.0178,6.0178,6.0178,6.0178,6.0178,6.0178,6.0178,6.0178,6.0178,6.0178,6.0178,6.0178,6.0178,6.0178,6.0178,6.0178,6.0178,6.0178,6.0178,6.0178,6.0178,6.0178,6.0178,6.0178,6.0178,6.0178,6.0178,6.0178,6.0178,6.0178,6.0178,6.0178,6.0178,6.0178,6.0178,6.0178,6.0178,6.0178,6.0178,6.0178,6.0178,6.0178,6.0178,6.0178,6.0178,6.0178,6.0178,6.0178,6.0178,6.0178,6.0178,6.0178,6.0178,6.0178,6.0178,6.0178,6.0178,6.0178,6.0178,6.0178,6.0178,6.0178,6.0178,6.0178,6.0178,6.0178,6.0178,6.0178,6.0178,6.0178,6.0178,6.0178,6.0178,6.0178,6.0178,6.0178,6.0178,6.0178,6.0178,6.0178,6.0178,6.0178,6.0178,6.0178,6.0178,6.0178,6.0178,6.0178,6.0178,6.0178,6.0178,6.0178,6.0178,6.0178,6.0178,6.0178,6.0178,6.0178,6.0178,6.0178,6.0178,6.0178,6.0178,6.0178,6.0178,6.0178,6.0178,6.0178,6.0178,6.0178,6.0178,6.0178,6.0178,6.0178,6.0178,6.0178,6.0178,6.0178,6.0178,6.0178,6.0178,6.0178,6.0178,6.0178,6.0178,6.0178,6.0178,6.0178,6.0178,6.0178,6.0178,6.0178,6.0178,6.0178,6.0178,6.0178,6.0178,6.0178,6.0178,6.0178,6.0178,6.0178,6.0178,6.0178,6.0178,6.0178,6.0178,6.0178,6.0178,6.0178,6.0178,6.0178,6.0178,6.0178,6.0178,6.0178,6.0178,6.0178,6.0178,6.0178,6.0178,6.0178,6.0178,6.0178,6.0178,6.0178,6.0178,6.0178,6.0178,6.0178,6.0178,6.0178,6.0178,6.0178,6.0178,6.0178,6.0178,6.0178,6.0178,6.0178,6.0178,6.0178,6.0178,6.0178,6.0178,6.0178,6.0178,6.0178,6.0178,6.0178,6.0178,6.0178,6.0178,6.0178,6.0178,6.0178,6.0178,6.0178,6.0178,6.0178,6.0178,6.0178,6.0178,6.0178,6.0178,6.0178,6.0178,6.0178,6.0178,6.0178,6.0178,6.0178,6.0178,6.0178,6.0178,6.0178,6.0178,6.0178,6.0178,6.0178,6.0178,6.0178,6.0178,6.0178,6.0178,6.0178,6.0178,6.0178,6.0178,6.0178,6.0178,6.0178,6.0178,6.0178,6.0178,6.0178,6.0178,6.0178,6.0178,6.0178,6.0178,6.0178,6.0178,6.0178,6.0178,6.0178,6.0178,6.0178,6.0178,6.0178,6.0178,6.0178,6.0178,6.0178,6.0178,6.0178,6.0178,6.0178,6.0178,6.0178,6.0178,6.0178,6.0178,6.0178,6.0178,6.0178,6.0178,6.0178,6.0178,6.0178,6.0178,6.0178,6.0178,6.0178,6.0178,6.0178,6.0178,6.0178,6.0178,6.0178,6.0178,6.0178,6.0178,6.0178,6.0178,6.0178,6.0178,6.0178,6.0178,6.0178,6.0178,6.0178,6.0178,6.0178,6.0178,6.0178,6.0178,6.0178,6.0178,6.0178,6.0178,6.0178,6.0178,6.0178,6.0178,6.0178,6.0178,6.0178,6.0178,6.0178,6.0178,6.0178,6.0178,6.0178,6.0178,6.0178,6.0178,6.0178,6.0178,6.0178,6.0178,6.0178,6.0178,6.0178,6.0178,6.0178,6.0178,6.0178,6.0178,6.0178,6.0178,6.0178,6.0178,6.0178,6.0178,6.0178,6.0178,6.0178,6.0178,6.0178,6.0178,6.0178,6.0178,6.0178,6.0178,6.0178,6.0178,6.0178,6.0178,6.0178,6.0178,6.0178,6.0178,6.0178,6.0178,6.0178,6.0178,6.0178,6.0178,6.0178,6.0178,6.0178,6.0178,6.0178,6.0178,6.0178,6.0178,6.0178,6.0178,6.0178,6.0178,6.0178,6.0178,6.0178,6.0178,6.0178,6.0178,6.0178,6.0178,6.0178,6.0178,6.0178,6.0178,6.0178,6.0178,6.0178,6.0178,6.0178,6.0178,6.0178,6.0178,6.0178,6.0178,6.0178,6.0178,6.0178,6.0178,6.0178,6.0178,6.0178
6.0138,6.0138,6.0138,6.0138,6.0138,6.0138,6.0138,6.0138,6.0138,6.0138,6.0138,6.0138,6.0138,6.0138,6.0138,6.0138,6.0138,6.0138,6.0138,6.0138,6.0138,6.0138,6.0138,6.0138,6.0138,6.0138,6.0138,6.0138,6.0138,6.0138,6.0138,6.0138,6.0138,6.0138,6.0138,6.0138,6.0138,6.0138,6.0138,6.0138,6.0138,6.0138,6.0138,6.0138,6.0138,6.0138,6.0138,6.0138,6.0138,6.0138,6.0138,6.0138,6.0138,6.0138,6.0138,6.0138,6.0138,6.0138,6.0138,6.0138,6.0138,6.0138,6.0138,6.0138,6.0138,6.0138,6.0138,6.0138,6.0138,6.0138,6.0138,6.0138,6.0138,6.0138,6.0138,6.0138,6.0138,6.0138,6.0138,6.0138,6.0138,6.0138,6.0138,6.0138,6.0138,6.0138,6.0138,6.0138,6.0138,6.0138,6.0138,6.0138,6.0138,6.0138,6.0138,6.0138,6.0138,6.0138,6.0138,6.0138,6.0138,6.0138,6.0138,6.0138,6.0138,6.0138,6.0138,6.0138,6.0138,6.0138,6.0138,6.0138,6.0138,6.0138,6.0138,6.0138,6.0138,6.0138,6.0138,6.0138,6.0138,6.0138,6.0138,6.0138,6.0138,6.0138,6.0138,6.0138,6.0138,6.0138,6.0138,6.0138,6.0138,6.0138,6.0138,6.0138,6.0138,6.0138,6.0138,6.0138,6.0138,6.0138,6.0138,6.0138,6.0138,6.0138,6.0138,6.0138,6.0138,6.0138,6.0138,6.0138,6.0138,6.0138,6.0138,6.0138,6.0138,6.0138,6.0138,6.0138,6.0138,6.0138,6.0138,6.0138,6.0138,6.0138,6.0138,6.0138,6.0138,6.0138,6.0138,6.0138,6.0138,6.0138,6.0138,6.0138,6.0138,6.0138,6.0138,6.0138,6.0138,6.0138,6.0138,6.0138,6.0138,6.0138,6.0138,6.0138,6.0138,6.0138,6.0138,6.0138,6.0138,6.0138,6.0138,6.0138,6.0138,6.0138,6.0138,6.0138,6.0138,6.0138,6.0138,6.0138,6.0138,6.0138,6.0138,6.0138,6.0138,6.0138,6.0138,6.0138,6.0138,6.0138,6.0138,6.0138,6.0138,6.0138,6.0138,6.0138,6.0138,6.0138,6.0138,6.0138,6.0138,6.0138,6.0138,6.0138,6.0138,6.0138,6.0138,6.0138,6.0138,6.0138,6.0138,6.0138,6.0138,6.0138,6.0138,6.0138,6.0138,6.0138,6.0138,6.0138,6.0138,6.0138,6.0138,6.0138,6.0138,6.0138,6.0138,6.0138,6.0138,6.0138,6.0138,6.0138,6.0138,6.0138,6.0138,6.0138,6.0138,6.0138,6.0138,6.0138,6.0138,6.0138,6.0138,6.0138,6.0138,6.0138,6.0138,6.0138,6.0138,6.0138,6.0138,6.0138,6.0138,6.0138,6.0138,6.0138,6.0138,6.0138,6.0138,6.0138,6.0138,6.0138,6.0138,6.0138,6.0138,6.0138,6.0138,6.0138,6.0138,6.0138,6.0138,6.0138,6.0138,6.0138,6.0138,6.0138,6.0138,6.0138,6.0138,6.0138,6.0138,6.0138,6.0138,6.0138,6.0138,6.0138,6.0138,6.0138,6.0138,6.0138,6.0138,6.0138,6.0138,6.0138,6.0138,6.0138,6.0138,6.0138,6.0138,6.0138,6.0138,6.0138,6.0138,6.0138,6.0138,6.0138,6.0138,6.0138,6.0138,6.0138,6.0138,6.0138,6.0138,6.0138,6.0138,6.0138,6.0138,6.0138,6.0138,6.0138,6.0138,6.0138,6.0138,6.0138,6.0138,6.0138,6.0138,6.0138,6.0138,6.0138,6.0138,6.0138,6.0138,6.0138,6.0138,6.0138,6.0138,6.0138,6.0138,6.0138,6.0138,6.0138,6.0138,6.0138,6.0138,6.0138,6.0138,6.0138,6.0138,6.0138,6.0138,6.0138,6.0138,6.0138,6.0138,6.0138,6.0138,6.0138,6.0138,6.0138,6.0138,6.0138,6.0138,6.0138,6.0138,6.0138,6.0138,6.0138,6.0138,6.0138,6.0138,6.0138,6.0138,6.0138,6.0138,6.0138,6.0138,6.0138,6.0138,6.0138,6.0138,6.0138,6.0138,6.0138,6.0138,6.0138,6.0138,6.0138,6.0138,6.0138,6.0138,6.0138,6.0138,6.0138,6.0138,6.0138,6.0138,6.0138,6.0138,6.0138,6.0138,6.0138,6.0138,6.0138,6.0138,6.0138,6.0138,6.0138,6.0138,6.0138,6.0138,6.0138,6.0138,6.0138,6.0138,6.0138,6.0138,6.0138,6.0138,6.0138,6.0138,6.0138,6.0138,6.0138,6.0138,6.0138,6.0138,6.0138,6.0138,6.0138,6.0138,6.0138,6.0138,6.0138,6.0138,6.0138,6.0138,6.0138,6.0138,6.0138,6.0138,6.0138,6.0138,6.0138,6.0138,6.0138,6.0138,6.0138,6.0138,6.0138,6.0138,6.0138,6.0138,6.0138,6.0138,6.0138,6.0138,6.0138,6.0138,6.0138,6.0138,6.0138,6.0138,6.0138,6.0138,6.0138,6.0138,6.0138,6.0138,6.0138,6.0138,6.0138,6.0138,6.0138,6.0138,6.0138,6.0138,6.0138,6.0138,6.0138,6.0138,6.0138,6.0138,6.0138,6.0138,6.0138,6.0138,6.0138,6.0138,6.0138,6.0138,6.0138,6.0138,6.0138,6.0138,6.0138,6.0138,6.0138,6.0138,6.0138,6.0138,6.0138,6.0138,6.0138,6.0138,6.0138,6.0138,6.0138,6.0138,6.0138,6.0138,6.0138,6.0138,6.0138,6.0138,6.0138,6.0138,6.0138,6.0138,6.0138,6.0138,6.0138,6.0138,6.0138,6.0138,6.0138,6.0138,6.0138,6.0138,6.0138,6.0138,6.0138,6.0138,6.0138,6.0138,6.0138,6.0138,6.0138,6.0138,6.0138,6.0138,6.0138,6.0138,6.0138,6.0138,6.0138,6.0138,6.0138,6.0138,6.0138,6.0138,6.0138,6.0138,6.0138,6.0138,6.0138,6.0138,6.0138,6.0138,6.0138,6.0138,6.0138,6.0138,6.0138,6.0138,6.0138,6.0138,6.0138,6.0138,6.0138,6.0138,6.0138,6.0138,6.0138,6.0138,6.0138,6.0138,6.0138,6.0138,6.0138,6.0138,6.0138,6.0138,6.0138,6.0138,6.0138,6.0138,6.0138,6.0138,6.0138,6.0138,6.0138,6.0138,6.0138,6.0138,6.0138,6.0138,6.0138,6.0138,6.0138,6.0138,6.0138,6.0138,6.0138,6.0138,6.0138,6.0138,6.0138,6.0138,6.0138,6.0138,6.0138,6.0138,6.0138,6.0138,6.0138,6.0138,6.0138,6.0138,6.0138,6.0138,6.0138,6.0138,6.0138,6.0138,6.0138,6.0138,6.0138,6.0138,6.0138,6.0138,6.0138,6.0138,6.0138,6.0138,6.0138,6.0138,6.0138,6.0138,6.0138,6.0138,6.0138,6.0138,6.0138,6.0138,6.0138,6.0138,6.0138,6.0138,6.0138,6.0138,6.0138,6.0138,6.0138,6.0138,6.0138,6.0138,6.0138,6.0138,6.0138,6.0138,6.0138,6.0138,6.0138,6.0138,6.0138,6.0138,6.0138,6.0138,6.0138,6.0138,6.0138,6.0138,6.0138,6.0138,6.0138,6.0138,6.0138,6.0138,6.0138,6.0138,6.0138,6.0138,6.0138,6.0138,6.0138,6.0138,6.0138,6.0138,6.0138,6.0138,6.0138,6.0138,6.0138,6.0138,6.0138,6.0138,6.0138,6.0138,6.0138,6.0138,6.0138,6.0138,6.0138,6.0138,6.0138,6.0138,6.0138,6.0138,6.0138,6.0138,6.0138,6.0138,6.0138,6.0138,6.0138,6.0138,6.0138,6.0138,6.0138,6.0138,6.0138,6.0138,6.0138,6.0138,6.0138,6.0138,6.0138,6.0138,6.0138,6.0138,6.0138,6.0138,6.0138,6.0138,6.0138,6.0138,6.0138,6.0138,6.0138,6.0138,6.0138,6.0138,6.0138,6.0138,6.0138,6.0138,6.0138,6.0138,6.0138,6.0138,6.0138,6.0138,6.0138,6.0138,6.0138,6.0138,6.0138,6.0138,6.0138,6.0138,6.0138,6.0138,6.0138,6.0138,6.0138,6.0138,6.0138,6.0138,6.0138,6.0138,6.0138,6.0138,6.0138,6.0138,6.0138,6.0138,6.0138,6.0138,6.0138,6.0138,6.0138,6.0138,6.0138,6.0138,6.0138,6.0138,6.0138,6.0138,6.0138,6.0138,6.0138,6.0138,6.0138,6.0138,6.0138,6.0138,6.0138,6.0138,6.0138,6.0138,6.0138,6.0138,6.0138,6.0138,6.0138,6.0138,6.0138,6.0138,6.0138,6.0138,6.0138,6.0138,6.0138,6.0138,6.0138,6.0138,6.0138,6.0138,6.0138,6.0138,6.0138,6.0138,6.0138,6.0138,6.0138,6.0138,6.0138,6.0138,6.0138,6.0138,6.0138,6.0138,6.0138,6.0138,6.0138,6.0138,6.0138,6.0138,6.0138,6.0138,6.0138,6.0138,6.0138,6.0138,6.0138,6.0138,6.0138,6.0138,6.0138,6.0138,6.0138,6.0138,6.0138,6.0138,6.0138,6.0138,6.0138,6.0138,6.0138,6.0138,6.0138,6.0138,6.0138,6.0138,6.0138,6.0138,6.0138,6.0138,6.0138,6.0138,6.0138,6.0138,6.0138,6.0138,6.0138,6.0138,6.0138,6.0138,6.0138,6.0138,6.0138,6.0138,6.0138,6.0138,6.0138,6.0138,6.0138,6.0138,6.0138,6.0138,6.0138,6.0138,6.0138,6.0138,6.0138,6.0138,6.0138,6.0138,6.0138,6.0138,6.0138,6.0138,6.0138,6.0138,6.0138,6.0138,6.0138,6.0138,6.0138,6.0138,6.0138,6.0138,6.0138,6.0138,6.0138,6.0138,6.0138,6.0138,6.0138,6.0138,6.0138,6.0138,6.0138,6.0138,6.0138,6.0138,6.0138,6.0138,6.0138,6.0138,6.0138,6.0138,6.0138,6.0138,6.0138
6.0099,6.0099,6.0099,6.0099,6.0099,6.0099,6.0099,6.0099,6.0099,6.0099,6.0099,6.0099,6.0099,6.0099,6.0099,6.0099,6.0099,6.0099,6.0099,6.0099,6.0099,6.0099,6.0099,6.0099,6.0099,6.0099,6.0099,6.0099,6.0099,6.0099,6.0099,6.0099,6.0099,6.0099,6.0099,6.0099,6.0099,6.0099,6.0099,6.0099,6.0099,6.0099,6.0099,6.0099,6.0099,6.0099,6.0099,6.0099,6.0099,6.0099,6.0099,6.0099,6.0099,6.0099,6.0099,6.0099,6.0099,6.0099,6.0099,6.0099,6.0099,6.0099,6.0099,6.0099,6.0099,6.0099,6.0099,6.0099,6.0099,6.0099,6.0099,6.0099,6.0099,6.0099,6.0099,6.0099,6.0099,6.0099,6.0099,6.0099,6.0099,6.0099,6.0099,6.0099,6.0099,6.0099,6.0099,6.0099,6.0099,6.0099,6.0099,6.0099,6.0099,6.0099,6.0099,6.0099,6.0099,6.0099,6.0099,6.0099,6.0099,6.0099,6.0099,6.0099,6.0099,6.0099,6.0099,6.0099,6.0099,6.0099,6.0099,6.0099,6.0099,6.0099,6.0099,6.0099,6.0099,6.0099,6.0099,6.0099,6.0099,6.0099,6.0099,6.0099,6.0099,6.0099,6.0099,6.0099,6.0099,6.0099,6.0099,6.0099,6.0099,6.0099,6.0099,6.0099,6.0099,6.0099,6.0099,6.0099,6.0099,6.0099,6.0099,6.0099,6.0099,6.0099,6.0099,6.0099,6.0099,6.0099,6.0099,6.0099,6.0099,6.0099,6.0099,6.0099,6.0099,6.0099,6.0099,6.0099,6.0099,6.0099,6.0099,6.0099,6.0099,6.0099,6.0099,6.0099,6.0099,6.0099,6.0099,6.0099,6.0099,6.0099,6.0099,6.0099,6.0099,6.0099,6.0099,6.0099,6.0099,6.0099,6.0099,6.0099,6.0099,6.0099,6.0099,6.0099,6.0099,6.0099,6.0099,6.0099,6.0099,6.0099,6.0099,6.0099,6.0099,6.0099,6.0099,6.0099,6.0099,6.0099,6.0099,6.0099,6.0099,6.0099,6.0099,6.0099,6.0099,6.0099,6.0099,6.0099,6.0099,6.0099,6.0099,6.0099,6.0099,6.0099,6.0099,6.0099,6.0099,6.0099,6.0099,6.0099,6.0099,6.0099,6.0099,6.0099,6.0099,6.0099,6.0099,6.0099,6.0099,6.0099,6.0099,6.0099,6.0099,6.0099,6.0099,6.0099,6.0099,6.0099,6.0099,6.0099,6.0099,6.0099,6.0099,6.0099,6.0099,6.0099,6.0099,6.0099,6.0099,6.0099,6.0099,6.0099,6.0099,6.0099,6.0099,6.0099,6.0099,6.0099,6.0099,6.0099,6.0099,6.0099,6.0099,6.0099,6.0099,6.0099,6.0099,6.0099,6.0099,6.0099,6.0099,6.0099,6.0099,6.0099,6.0099,6.0099,6.0099,6.0099,6.0099,6.0099,6.0099,6.0099,6.0099,6.0099,6.0099,6.0099,6.0099,6.0099,6.0099,6.0099,6.0099,6.0099,6.0099,6.0099,6.0099,6.0099,6.0099,6.0099,6.0099,6.0099,6.0099,6.0099,6.0099,6.0099,6.0099,6.0099,6.0099,6.0099,6.0099,6.0099,6.0099,6.0099,6.0099,6.0099,6.0099,6.0099,6.0099,6.0099,6.0099,6.0099,6.0099,6.0099,6.0099,6.0099,6.0099,6.0099,6.0099,6.0099,6.0099,6.0099,6.0099,6.0099,6.0099,6.0099,6.0099,6.0099,6.0099,6.0099,6.0099,6.0099,6.0099,6.0099,6.0099,6.0099,6.0099,6.0099,6.0099,6.0099,6.0099,6.0099,6.0099,6.0099,6.0099,6.0099,6.0099,6.0099,6.0099,6.0099,6.0099,6.0099,6.0099,6.0099,6.0099,6.0099,6.0099,6.0099,6.0099,6.0099,6.0099,6.0099,6.0099,6.0099,6.0099,6.0099,6.0099,6.0099,6.0099,6.0099,6.0099,6.0099,6.0099,6.0099,6.0099,6.0099,6.0099,6.0099,6.0099,6.0099,6.0099,6.0099,6.0099,6.0099,6.0099,6.0099,6.0099,6.0099,6.0099,6.0099,6.0099,6.0099,6.0099,6.0099,6.0099,6.0099,6.0099,6.0099,6.0099,6.0099,6.0099,6.0099,6.0099,6.0099,6.0099,6.0099,6.0099,6.0099,6.0099,6.0099,6.0099,6.0099,6.0099,6.0099,6.0099,6.0099,6.0099,6.0099,6.0099,6.0099,6.0099,6.0099,6.0099,6.0099,6.0099,6.0099,6.0099,6.0099,6.0099,6.0099,6.0099,6.0099,6.0099,6.0099,6.0099,6.0099,6.0099,6.0099,6.0099,6.0099,6.0099,6.0099,6.0099,6.0099,6.0099,6.0099,6.0099,6.0099,6.0099,6.0099,6.0099,6.0099,6.0099,6.0099,6.0099,6.0099,6.0099,6.0099,6.0099,6.0099,6.0099,6.0099,6.0099,6.0099,6.0099,6.0099,6.0099,6.0099,6.0099,6.0099,6.0099,6.0099,6.0099,6.0099,6.0099,6.0099,6.0099,6.0099,6.0099,6.0099,6.0099,6.0099,6.0099,6.0099,6.0099,6.0099,6.0099,6.0099,6.0099,6.0099,6.0099,6.0099,6.0099,6.0099,6.0099,6.0099,6.0099,6.0099,6.0099,6.0099,6.0099,6.0099,6.0099,6.0099,6.0099,6.0099,6.0099,6.0099,6.0099,6.0099,6.0099,6.0099,6.0099,6.0099,6.0099,6.0099,6.0099,6.0099,6.0099,6.0099,6.0099,6.0099,6.0099,6.0099,6.0099,6.0099,6.0099,6.0099,6.0099,6.0099,6.0099,6.0099,6.0099,6.0099,6.0099,6.0099,6.0099,6.0099,6.0099,6.0099,6.0099,6.0099,6.0099,6.0099,6.0099,6.0099,6.0099,6.0099,6.0099,6.0099,6.0099,6.0099,6.0099,6.0099,6.0099,6.0099,6.0099,6.0099,6.0099,6.0099,6.0099,6.0099,6.0099,6.0099,6.0099,6.0099,6.0099,6.0099,6.0099,6.0099,6.0099,6.0099,6.0099,6.0099,6.0099,6.0099,6.0099,6.0099,6.0099,6.0099,6.0099,6.0099,6.0099,6.0099,6.0099,6.0099,6.0099,6.0099,6.0099,6.0099,6.0099,6.0099,6.0099,6.0099,6.0099,6.0099,6.0099,6.0099,6.0099,6.0099,6.0099,6.0099,6.0099,6.0099,6.0099,6.0099,6.0099,6.0099,6.0099,6.0099,6.0099,6.0099,6.0099,6.0099,6.0099,6.0099,6.0099,6.0099,6.0099,6.0099,6.0099,6.0099,6.0099,6.0099,6.0099,6.0099,6.0099,6.0099,6.0099,6.0099,6.0099,6.0099,6.0099,6.0099,6.0099,6.0099,6.0099,6.0099,6.0099,6.0099,6.0099,6.0099,6.0099,6.0099,6.0099,6.0099,6.0099,6.0099,6.0099,6.0099,6.0099,6.0099,6.0099,6.0099,6.0099,6.0099,6.0099,6.0099,6.0099,6.0099,6.0099,6.0099,6.0099,6.0099,6.0099,6.0099,6.0099,6.0099,6.0099,6.0099,6.0099,6.0099,6.0099,6.0099,6.0099,6.0099,6.0099,6.0099,6.0099,6.0099,6.0099,6.0099,6.0099,6.0099,6.0099,6.0099,6.0099,6.0099,6.0099,6.0099,6.0099,6.0099,6.0099,6.0099,6.0099,6.0099,6.0099,6.0099,6.0099,6.0099,6.0099,6.0099,6.0099,6.0099,6.0099,6.0099,6.0099,6.0099,6.0099,6.0099,6.0099,6.0099,6.0099,6.0099,6.0099,6.0099,6.0099,6.0099,6.0099,6.0099,6.0099,6.0099,6.0099,6.0099,6.0099,6.0099,6.0099,6.0099,6.0099,6.0099,6.0099,6.0099,6.0099,6.0099,6.0099,6.0099,6.0099,6.0099,6.0099,6.0099,6.0099,6.0099,6.0099,6.0099,6.0099,6.0099,6.0099,6.0099,6.0099,6.0099,6.0099,6.0099,6.0099,6.0099,6.0099,6.0099,6.0099,6.0099,6.0099,6.0099,6.0099,6.0099,6.0099,6.0099,6.0099,6.0099,6.0099,6.0099,6.0099,6.0099,6.0099,6.0099,6.0099,6.0099,6.0099,6.0099,6.0099,6.0099,6.0099,6.0099,6.0099,6.0099,6.0099,6.0099,6.0099,6.0099,6.0099,6.0099,6.0099,6.0099,6.0099,6.0099,6.0099,6.0099,6.0099,6.0099,6.0099,6.0099,6.0099,6.0099,6.0099,6.0099,6.0099,6.0099,6.0099,6.0099,6.0099,6.0099,6.0099,6.0099,6.0099,6.0099,6.0099,6.0099,6.0099,6.0099,6.0099,6.0099,6.0099,6.0099,6.0099,6.0099,6.0099,6.0099,6.0099,6.0099,6.0099,6.0099,6.0099,6.0099,6.0099,6.0099,6.0099,6.0099,6.0099,6.0099,6.0099,6.0099,6.0099,6.0099,6.0099,6.0099,6.0099,6.0099,6.0099,6.0099,6.0099,6.0099,6.0099,6.0099,6.0099,6.0099,6.0099,6.0099,6.0099,6.0099,6.0099,6.0099,6.0099,6.0099,6.0099,6.0099,6.0099,6.0099,6.0099,6.0099,6.0099,6.0099,6.0099,6.0099,6.0099,6.0099,6.0099,6.0099,6.0099,6.0099,6.0099,6.0099,6.0099,6.0099,6.0099,6.0099,6.0099,6.0099,6.0099,6.0099,6.0099,6.0099,6.0099,6.0099,6.0099,6.0099,6.0099,6.0099,6.0099,6.0099,6.0099,6.0099,6.0099,6.0099,6.0099,6.0099,6.0099,6.0099,6.0099,6.0099,6.0099,6.0099,6.0099,6.0099,6.0099,6.0099,6.0099,6.0099,6.0099,6.0099,6.0099,6.0099,6.0099,6.0099,6.0099,6.0099,6.0099,6.0099,6.0099,6.0099,6.0099,6.0099,6.0099,6.0099,6.0099,6.0099,6.0099,6.0099,6.0099,6.0099,6.0099,6.0099,6.0099,6.0099,6.0099,6.0099,6.0099,6.0099,6.0099,6.0099,6.0099,6.0099
6.0060,6.0060,6.0060,6.0060,6.0060,6.0060,6.0060,6.0060,6.0060,6.0060,6.0060,6.0060,6.0060,6.0060,6.0060,6.0060,6.0060,6.0060,6.0060,6.0060,6.0060,6.0060,6.0060,6.0060,6.0060,6.0060,6.0060,6.0060,6.0060,6.0060,6.0060,6.0060,6.0060,6.0060,6.0060,6.0060,6.0060,6.0060,6.0060,6.0060,6.0060,6.0060,6.0060,6.0060,6.0060,6.0060,6.0060,6.0060,6.0060,6.0060,6.0060,6.0060,6.0060,6.0060,6.0060,6.0060,6.0060,6.0060,6.0060,6.0060,6.0060,6.0060,6.0060,6.0060,6.0060,6.0060,6.0060,6.0060,6.0060,6.0060,6.0060,6.0060,6.0060,6.0060,6.0060,6.0060,6.0060,6.0060,6.0060,6.0060,6.0060,6.0060,6.0060,6.0060,6.0060,6.0060,6.0060,6.0060,6.0060,6.0060,6.0060,6.0060,6.0060,6.0060,6.0060,6.0060,6.0060,6.0060,6.0060,6.0060,6.0060,6.0060,6.0060,6.0060,6.0060,6.0060,6.0060,6.0060,6.0060,6.0060,6.0060,6.0060,6.0060,6.0060,6.0060,6.0060,6.0060,6.0060,6.0060,6.0060,6.0060,6.0060,6.0060,6.0060,6.0060,6.0060,6.0060,6.0060,6.0060,6.0060,6.0060,6.0060,6.0060,6.0060,6.0060,6.0060,6.0060,6.0060,6.0060,6.0060,6.0060,6.0060,6.0060,6.0060,6.0060,6.0060,6.0060,6.0060,6.0060,6.0060,6.0060,6.0060,6.0060,6.0060,6.0060,6.0060,6.0060,6.0060,6.0060,6.0060,6.0060,6.0060,6.0060,6.0060,6.0060,6.0060,6.0060,6.0060,6.0060,6.0060,6.0060,6.0060,6.0060,6.0060,6.0060,6.0060,6.0060,6.0060,6.0060,6.0060,6.0060,6.0060,6.0060,6.0060,6.0060,6.0060,6.0060,6.0060,6.0060,6.0060,6.0060,6.0060,6.0060,6.0060,6.0060,6.0060,6.0060,6.0060,6.0060,6.0060,6.0060,6.0060,6.0060,6.0060,6.0060,6.0060,6.0060,6.0060,6.0060,6.0060,6.0060,6.0060,6.0060,6.0060,6.0060,6.0060,6.0060,6.0060,6.0060,6.0060,6.0060,6.0060,6.0060,6.0060,6.0060,6.0060,6.0060,6.0060,6.0060,6.0060,6.0060,6.0060,6.0060,6.0060,6.0060,6.0060,6.0060,6.0060,6.0060,6.0060,6.0060,6.0060,6.0060,6.0060,6.0060,6.0060,6.0060,6.0060,6.0060,6.0060,6.0060,6.0060,6.0060,6.0060,6.0060,6.0060,6.0060,6.0060,6.0060,6.0060,6.0060,6.0060,6.0060,6.0060,6.0060,6.0060,6.0060,6.0060,6.0060,6.0060,6.0060,6.0060,6.0060,6.0060,6.0060,6.0060,6.0060,6.0060,6.0060,6.0060,6.0060,6.0060,6.0060,6.0060,6.0060,6.0060,6.0060,6.0060,6.0060,6.0060,6.0060,6.0060,6.0060,6.0060,6.0060,6.0060,6.0060,6.0060,6.0060,6.0060,6.0060,6.0060,6.0060,6.0060,6.0060,6.0060,6.0060,6.0060,6.0060,6.0060,6.0060,6.0060,6.0060,6.0060,6.0060,6.0060,6.0060,6.0060,6.0060,6.0060,6.0060,6.0060,6.0060,6.0060,6.0060,6.0060,6.0060,6.0060,6.0060,6.0060,6.0060,6.0060,6.0060,6.0060,6.0060,6.0060,6.0060,6.0060,6.0060,6.0060,6.0060,6.0060,6.0060,6.0060,6.0060,6.0060,6.0060,6.0060,6.0060,6.0060,6.0060,6.0060,6.0060,6.0060,6.0060,6.0060,6.0060,6.0060,6.0060,6.0060,6.0060,6.0060,6.0060,6.0060,6.0060,6.0060,6.0060,6.0060,6.0060,6.0060,6.0060,6.0060,6.0060,6.0060,6.0060,6.0060,6.0060,6.0060,6.0060,6.0060,6.0060,6.0060,6.0060,6.0060,6.0060,6.0060,6.0060,6.0060,6.0060,6.0060,6.0060,6.0060,6.0060,6.0060,6.0060,6.0060,6.0060,6.0060,6.0060,6.0060,6.0060,6.0060,6.0060,6.0060,6.0060,6.0060,6.0060,6.0060,6.0060,6.0060,6.0060,6.0060,6.0060,6.0060,6.0060,6.0060,6.0060,6.0060,6.0060,6.0060,6.0060,6.0060,6.0060,6.0060,6.0060,6.0060,6.0060,6.0060,6.0060,6.0060,6.0060,6.0060,6.0060,6.0060,6.0060,6.0060,6.0060,6.0060,6.0060,6.0060,6.0060,6.0060,6.0060,6.0060,6.0060,6.0060,6.0060,6.0060,6.0060,6.0060,6.0060,6.0060,6.0060,6.0060,6.0060,6.0060,6.0060,6.0060,6.0060,6.0060,6.0060,6.0060,6.0060,6.0060,6.0060,6.0060,6.0060,6.0060,6.0060,6.0060,6.0060,6.0060,6.0060,6.0060,6.0060,6.0060,6.0060,6.0060,6.0060,6.0060,6.0060,6.0060,6.0060,6.0060,6.0060,6.0060,6.0060,6.0060,6.0060,6.0060,6.0060,6.0060,6.0060,6.0060,6.0060,6.0060,6.0060,6.0060,6.0060,6.0060,6.0060,6.0060,6.0060,6.0060,6.0060,6.0060,6.0060,6.0060,6.0060,6.0060,6.0060,6.0060,6.0060,6.0060,6.0060,6.0060,6.0060,6.0060,6.0060,6.0060,6.0060,6.0060,6.0060,6.0060,6.0060,6.0060,6.0060,6.0060,6.0060,6.0060,6.0060,6.0060,6.0060,6.0060,6.0060,6.0060,6.0060,6.0060,6.0060,6.0060,6.0060,6.0060,6.0060,6.0060,6.0060,6.0060,6.0060,6.0060,6.0060,6.0060,6.0060,6.0060,6.0060,6.0060,6.0060,6.0060,6.0060,6.0060,6.0060,6.0060,6.0060,6.0060,6.0060,6.0060,6.0060,6.0060,6.0060,6.0060,6.0060,6.0060,6.0060,6.0060,6.0060,6.0060,6.0060,6.0060,6.0060,6.0060,6.0060,6.0060,6.0060,6.0060,6.0060,6.0060,6.0060,6.0060,6.0060,6.0060,6.0060,6.0060,6.0060,6.0060,6.0060,6.0060,6.0060,6.0060,6.0060,6.0060,6.0060,6.0060,6.0060,6.0060,6.0060,6.0060,6.0060,6.0060,6.0060,6.0060,6.0060,6.0060,6.0060,6.0060,6.0060,6.0060,6.0060,6.0060,6.0060,6.0060,6.0060,6.0060,6.0060,6.0060,6.0060,6.0060,6.0060,6.0060,6.0060,6.0060,6.0060,6.0060,6.0060,6.0060,6.0060,6.0060,6.0060,6.0060,6.0060,6.0060,6.0060,6.0060,6.0060,6.0060,6.0060,6.0060,6.0060,6.0060,6.0060,6.0060,6.0060,6.0060,6.0060,6.0060,6.0060,6.0060,6.0060,6.0060,6.0060,6.0060,6.0060,6.0060,6.0060,6.0060,6.0060,6.0060,6.0060,6.0060,6.0060,6.0060,6.0060,6.0060,6.0060,6.0060,6.0060,6.0060,6.0060,6.0060,6.0060,6.0060,6.0060,6.0060,6.0060,6.0060,6.0060,6.0060,6.0060,6.0060,6.0060,6.0060,6.0060,6.0060,6.0060,6.0060,6.0060,6.0060,6.0060,6.0060,6.0060,6.0060,6.0060,6.0060,6.0060,6.0060,6.0060,6.0060,6.0060,6.0060,6.0060,6.0060,6.0060,6.0060,6.0060,6.0060,6.0060,6.0060,6.0060,6.0060,6.0060,6.0060,6.0060,6.0060,6.0060,6.0060,6.0060,6.0058,6.0058,6.0058,6.0058,6.0058,6.0058,6.0058,6.0058,6.0058,6.0058,6.0058,6.0058,6.0058,6.0058,6.0058,6.0058,6.0058,6.0058,6.0058,6.0058,6.0058,6.0058,6.0058,6.0058,6.0058,6.0058,6.0058,6.0058,6.0058,6.0058,6.0058,6.0058,6.0058,6.0058,6.0058,6.0058,6.0058,6.0058,6.0058,6.0058,6.0058,6.0058,6.0058,6.0058,6.0058,6.0058,6.0058,6.0058,6.0058,6.0058,6.0058,6.0058,6.0058,6.0058,6.0058,6.0058,6.0058,6.0058,6.0058,6.0058,6.0058,6.0058,6.0058,6.0058,6.0058,6.0058,6.0058,6.0058,6.0058,6.0058,6.0058,6.0058,6.0058,6.0058,6.0058,6.0058,6.0058,6.0058,6.0058,6.0058,6.0058,6.0058,6.0058,6.0058,6.0058,6.0058,6.0058,6.0058,6.0058,6.0058,6.0058,6.0058,6.0058,6.0058,6.0058,6.0058,6.0058,6.0058,6.0058,6.0058,6.0058,6.0058,6.0058,6.0058,6.0058,6.0058,6.0058,6.0058,6.0058,6.0058,6.0058,6.0058,6.0058,6.0058,6.0058,6.0058,6.0058,6.0058,6.0058,6.0058,6.0058,6.0058,6.0058,6.0058,6.0058,6.0058,6.0058,6.0058,6.0058,6.0058,6.0058,6.0058,6.0058,6.0058,6.0058,6.0058,6.0058,6.0058,6.0058,6.0058,6.0058,6.0058,6.0058,6.0058,6.0058,6.0058,6.0058,6.0058,6.0058,6.0058,6.0058,6.0058,6.0058,6.0058,6.0058,6.0058,6.0058,6.0058,6.0058,6.0058,6.0058,6.0058,6.0058,6.0058,6.0058,6.0058,6.0058,6.0058,6.0058,6.0058,6.0058,6.0058,6.0058,6.0058,6.0058,6.0058,6.0058,6.0058,6.0058,6.0058,6.0058,6.0058,6.0058,6.0058,6.0058,6.0058,6.0058,6.0058,6.0058,6.0058,6.0058,6.0058,6.0058,6.0058,6.0058,6.0058,6.0058,6.0058,6.0058,6.0058,6.0058,6.0058,6.0058,6.0058,6.0058,6.0058,6.0058,6.0058,6.0058,6.0058,6.0058,6.0058,6.0058,6.0058,6.0058,6.0058,6.0058,6.0058,6.0058,6.0058,6.0058,6.0058,6.0058,6.0058,6.0058,6.0058,6.0058,6.0058,6.0058,6.0058,6.0058,6.0058,6.0058,6.0058,6.0058,6.0058,6.0058
6.0017,6.0017,6.0017,6.0017,6.0017,6.0017,6.0017,6.0017,6.0017,6.0017,6.0017,6.0017,6.0017,6.0017,6.0017,6.0017,6.0017,6.0017,6.0017,6.0017,6.0017,6.0017,6.0017,6.0017,6.0017,6.0017,6.0017,6.0017,6.0017,6.0017,6.0017,6.0017,6.0017,6.0017,6.0017,6.0017,6.0017,6.0017,6.0017,6.0017,6.0017,6.0017,6.0017,6.0017,6.0017,6.0017,6.0017,6.0017,6.0017,6.0017,6.0017,6.0017,6.0017,6.0017,6.0017,6.0017,6.0017,6.0017,6.0017,6.0017,6.0017,6.0017,6.0017,6.0017,6.0017,6.0017,6.0017,6.0017,6.0017,6.0017,6.0017,6.0017,6.0017,6.0017,6.0017,6.0017,6.0017,6.0017,6.0017,6.0017,6.0017,6.0017,6.0017,6.0017,6.0017,6.0017,6.0017,6.0017,6.0017,6.0017,6.0017,6.0017,6.0017,6.0017,6.0017,6.0017,6.0017,6.0017,6.0017,6.0017,6.0017,6.0017,6.0017,6.0017,6.0017,6.0017,6.0017,6.0017,6.0017,6.0017,6.0017,6.0017,6.0017,6.0017,6.0017,6.0017,6.0017,6.0017,6.0017,6.0017,6.0017,6.0017,6.0017,6.0017,6.0017,6.0017,6.0017,6.0017,6.0017,6.0017,6.0017,6.0017,6.0017,6.0017,6.0017,6.0017,6.0017,6.0017,6.0017,6.0017,6.0017,6.0017,6.0017,6.0017,6.0017,6.0017,6.0017,6.0017,6.0017,6.0017,6.0017,6.0017,6.0017,6.0017,6.0017,6.0017,6.0017,6.0017,6.0017,6.0017,6.0017,6.0017,6.0017,6.0017,6.0017,6.0017,6.0017,6.0017,6.0017,6.0017,6.0017,6.0017,6.0017,6.0017,6.0017,6.0017,6.0017,6.0017,6.0017,6.0017,6.0017,6.0017,6.0017,6.0017,6.0017,6.0017,6.0017,6.0017,6.0017,6.0017,6.0017,6.0017,6.0017,6.0017,6.0017,6.0017,6.0017,6.0017,6.0017,6.0017,6.0017,6.0017,6.0017,6.0017,6.0017,6.0017,6.0017,6.0017,6.0017,6.0017,6.0017,6.0017,6.0017,6.0017,6.0017,6.0017,6.0017,6.0017,6.0017,6.0017,6.0017,6.0017,6.0017,6.0017,6.0017,6.0017,6.0017,6.0017,6.0017,6.0017,6.0017,6.0017,6.0017,6.0017,6.0017,6.0017,6.0017,6.0017,6.0017,6.0017,6.0017,6.0017,6.0017,6.0017,6.0017,6.0017,6.0017,6.0017,6.0017,6.0017,6.0017,6.0017,6.0017,6.0017,6.0017,6.0017,6.0017,6.0017,6.0017,6.0017,6.0017,6.0017,6.0017,6.0017,6.0017,6.0017,6.0017,6.0017,6.0017,6.0017,6.0017,6.0017,6.0017,6.0017,6.0017,6.0017,6.0017,6.0017,6.0017,6.0017,6.0017,6.0017,6.0017,6.0017,6.0017,6.0017,6.0017,6.0017,6.0017,6.0017,6.0017,6.0017,6.0017,6.0017,6.0017,6.0017,6.0017,6.0017,6.0017,6.0017,6.0017,6.0017,6.0017,6.0017,6.0017,6.0017,6.0017,6.0017,6.0017,6.0017,6.0017,6.0017,6.0017,6.0017,6.0017,6.0017,6.0017,6.0017,6.0017,6.0017,6.0017,6.0017,6.0017,6.0017,6.0017,6.0017,6.0017,6.0017,6.0017,6.0017,6.0017,6.0017,6.0017,6.0017,6.0017,6.0017,6.0017,6.0017,6.0017,6.0017,6.0017,6.0017,6.0017,6.0017,6.0017,6.0017,6.0017,6.0017,6.0017,6.0017,6.0017,6.0017,6.0017,6.0017,6.0017,6.0017,6.0017,6.0017,6.0017,6.0017,6.0017,6.0017,6.0017,6.0017,6.0017,6.0017,6.0017,6.0017,6.0017,6.0017,6.0017,6.0017,6.0017,6.0017,6.0017,6.0017,6.0017,6.0017,6.0017,6.0017,6.0017,6.0017,6.0017,6.0017,6.0017,6.0017,6.0017,6.0017,6.0017,6.0017,6.0017,6.0017,6.0017,6.0017,6.0017,6.0017,6.0017,6.0017,6.0017,6.0017,6.0017,6.0017,6.0017,6.0017,6.0017,6.0017,6.0017,6.0017,6.0017,6.0017,6.0017,6.0017,6.0017,6.0017,6.0017,6.0017,6.0017,6.0017,6.0017,6.0017,6.0017,6.0017,6.0017,6.0017,6.0017,6.0017,6.0017,6.0017,6.0017,6.0017,6.0017,6.0017,6.0017,6.0017,6.0017,6.0017,6.0017,6.0017,6.0017,6.0017,6.0017,6.0017,6.0017,6.0017,6.0017,6.0017,6.0017,6.0017,6.0017,6.0017,6.0017,6.0017,6.0017,6.0017,6.0017,6.0017,6.0017,6.0017,6.0017,6.0017,6.0017,6.0017,6.0017,6.0017,6.0017,6.0017,6.0017,6.0017,6.0017,6.0017,6.0017,6.0017,6.0017,6.0017,6.0017,6.0017,6.0017,6.0017,6.0017,6.0017,6.0017,6.0017,6.0017,6.0017,6.0017,6.0017,6.0017,6.0017,6.0017,6.0017,6.0017,6.0017,6.0017,6.0017,6.0017,6.0017,6.0017,6.0017,6.0017,6.0017,6.0017,6.0017,6.0017,6.0017,6.0017,6.0017,6.0017,6.0017,6.0017,6.0017,6.0017,6.0017,6.0017,6.0017,6.0017,6.0017,6.0017,6.0017,6.0017,6.0017,6.0017,6.0017,6.0017,6.0017,6.0017,6.0017,6.0017,6.0017,6.0017,6.0017,6.0017,6.0017,6.0017,6.0017,6.0017,6.0017,6.0017,6.0017,6.0017,6.0017,6.0017,6.0017,6.0017,6.0017,6.0017,6.0017,6.0017,6.0017,6.0017,6.0017,6.0017,6.0017,6.0017,6.0017,6.0017,6.0017,6.0017,6.0017,6.0017,6.0017,6.0017,6.0017,6.0017,6.0017,6.0017,6.0017,6.0017,6.0017,6.0017,6.0017,6.0017,6.0017,6.0017,6.0017,6.0017,6.0017,6.0017,6.0017,6.0017,6.0017,6.0017,6.0017,6.0017,6.0017,6.0017,6.0017,6.0017,6.0017,6.0017,6.0017,6.0017,6.0017,6.0017,6.0017,6.0017,6.0017,6.0017,6.0017,6.0017,6.0017,6.0017,6.0017,6.0017,6.0017,6.0017,6.0017,6.0017,6.0017,6.0017,6.0017,6.0017,6.0017,6.0017,6.0017,6.0017,6.0017,6.0017,6.0017,6.0017,6.0017,6.0017,6.0017,6.0017,6.0017,6.0017,6.0017,6.0017,6.0017,6.0017,6.0017,6.0017,6.0017,6.0017,6.0017,6.0017,6.0017,6.0017,6.0017,6.0017,6.0017,6.0017,6.0017,6.0017,6.0017,6.0017,6.0017,6.0017,6.0017,6.0017,6.0017,6.0017,6.0017,6.0017,6.0017,6.0017,6.0017,6.0017,6.0017,6.0017,6.0017,6.0017,6.0017,6.0017,6.0017,6.0017,6.0017,6.0017,6.0017,6.0017,6.0017,6.0017,6.0017,6.0017,6.0017,6.0017,6.0017,6.0017,6.0017,6.0017,6.0017,6.0017,6.0017,6.0017,6.0017,6.0017,6.0017,6.0017,6.0017,6.0017,6.0017,6.0017,6.0017,6.0017,6.0017,6.0017,6.0017,6.0017,6.0017,6.0017,6.0017,6.0017,6.0017,6.0017,6.0017,6.0017,6.0017,6.0017,6.0017,6.0017,6.0017,6.0017,6.0017,6.0017,6.0017,6.0017,6.0017,6.0017,6.0017,6.0017,6.0017,6.0017,6.0017,6.0017,6.0017,6.0017,6.0017,6.0017,6.0017,6.0017,6.0017,6.0017,6.0017,6.0017,6.0017,6.0017,6.0017,6.0017,6.0017,6.0017,6.0017,6.0017,6.0017,6.0017,6.0017,6.0017,6.0017,6.0017,6.0017,6.0017,6.0017,6.0017,6.0017,6.0017,6.0017,6.0017,6.0017,6.0017,6.0017,6.0017,6.0017,6.0017,6.0017,6.0017,6.0017,6.0017,6.0017,6.0017,6.0017,6.0017,6.0017,6.0017,6.0017,6.0017,6.0017,6.0017,6.0017,6.0017,6.0017,6.0017,6.0017,6.0017,6.0017,6.0017,6.0017,6.0017,6.0017,6.0017,6.0017,6.0017,6.0017,6.0017,6.0017,6.0017,6.0017,6.0017,6.0017,6.0017,6.0017,6.0017,6.0017,6.0017,6.0017,6.0017,6.0017,6.0017,6.0017,6.0017,6.0017,6.0017,6.0017,6.0017,6.0017,6.0017,6.0017,6.0017,6.0017,6.0017,6.0017,6.0017,6.0017,6.0017,6.0017,6.0017,6.0017,6.0017,6.0017,6.0017,6.0017,6.0017,6.0017,6.0017,6.0017,6.0017,6.0017,6.0017,6.0017,6.0017,6.0017,6.0017,6.0017,6.0017,6.0017,6.0017,6.0017,6.0017,6.0017,6.0017,6.0017,6.0017,6.0017,6.0017,6.0017,6.0017,6.0017,6.0017,6.0017,6.0017,6.0017,6.0017,6.0017,6.0017,6.0017,6.0017,6.0017,6.0017,6.0017,6.0017,6.0017,6.0017,6.0017,6.0017,6.0017,6.0017,6.0017,6.0017,6.0017,6.0017,6.0017,6.0017,6.0017,6.0017,6.0017,6.0017,6.0017,6.0017,6.0017,6.0017,6.0017,6.0017,6.0017,6.0017,6.0017,6.0017,6.0017,6.0017,6.0017,6.0017,6.0017,6.0017,6.0017,6.0017,6.0017,6.0017,6.0017,6.0017,6.0017,6.0017,6.0017,6.0017,6.0017,6.0017,6.0017,6.0017,6.0017,6.0017,6.0017,6.0017,6.0017,6.0017,6.0017,6.0017,6.0017,6.0017,6.0017,6.0017,6.0017,6.0017,6.0017,6.0017,6.0017,6.0017,6.0017,6.0017,6.0017,6.0017,6.0017,6.0017,6.0017,6.0017,6.0017,6.0017,6.0017,6.0017,6.0017,6.0017,6.0017,6.0017,6.0017,6.0017,6.0017,6.0017,6.0017,6.0017,6.0017,6.0017,6.0017,6.0017,6.0017,6.0017,6.0017
5.9976,5.9976,5.9976,5.9976,5.9976,5.9976,5.9976,5.9976,5.9976,5.9976,5.9976,5.9976,5.9976,5.9976,5.9976,5.9976,5.9976,5.9976,5.9976,5.9976,5.9976,5.9976,5.9976,5.9976,5.9976,5.9976,5.9976,5.9976,5.9976,5.9976,5.9976,5.9976,5.9976,5.9976,5.9976,5.9976,5.9976,5.9976,5.9976,5.9976,5.9976,5.9976,5.9976,5.9976,5.9976,5.9976,5.9976,5.9976,5.9976,5.9976,5.9976,5.9976,5.9976,5.9976,5.9976,5.9976,5.9976,5.9976,5.9976,5.9976,5.9976,5.9976,5.9976,5.9976,5.9976,5.9976,5.9976,5.9976,5.9976,5.9976,5.9976,5.9976,5.9976,5.9976,5.9976,5.9976,5.9976,5.9976,5.9976,5.9976,5.9976,5.9976,5.9976,5.9976,5.9976,5.9976,5.9976,5.9976,5.9976,5.9976,5.9976,5.9976,5.9976,5.9976,5.9976,5.9976,5.9976,5.9976,5.9976,5.9976,5.9976,5.9976,5.9976,5.9976,5.9976,5.9976,5.9976,5.9976,5.9976,5.9976,5.9976,5.9976,5.9976,5.9976,5.9976,5.9976,5.9976,5.9976,5.9976,5.9976,5.9976,5.9976,5.9976,5.9976,5.9976,5.9976,5.9976,5.9976,5.9976,5.9976,5.9976,5.9976,5.9976,5.9976,5.9976,5.9976,5.9976,5.9976,5.9976,5.9976,5.9976,5.9976,5.9976,5.9976,5.9976,5.9976,5.9976,5.9976,5.9976,5.9976,5.9976,5.9976,5.9976,5.9976,5.9976,5.9976,5.9976,5.9976,5.9976,5.9976,5.9976,5.9976,5.9976,5.9976,5.9976,5.9976,5.9976,5.9976,5.9976,5.9976,5.9976,5.9976,5.9976,5.9976,5.9976,5.9976,5.9976,5.9976,5.9976,5.9976,5.9976,5.9976,5.9976,5.9976,5.9976,5.9976,5.9976,5.9976,5.9976,5.9976,5.9976,5.9976,5.9976,5.9976,5.9976,5.9976,5.9976,5.9976,5.9976,5.9976,5.9976,5.9976,5.9976,5.9976,5.9976,5.9976,5.9976,5.9976,5.9976,5.9976,5.9976,5.9976,5.9976,5.9976,5.9976,5.9976,5.9976,5.9976,5.9976,5.9976,5.9976,5.9976,5.9976,5.9976,5.9976,5.9976,5.9976,5.9976,5.9976,5.9976,5.9976,5.9976,5.9976,5.9976,5.9976,5.9976,5.9976,5.9976,5.9976,5.9976,5.9976,5.9976,5.9976,5.9976,5.9976,5.9976,5.9976,5.9976,5.9976,5.9976,5.9976,5.9976,5.9976,5.9976,5.9976,5.9976,5.9976,5.9976,5.9976,5.9976,5.9976,5.9976,5.9976,5.9976,5.9976,5.9976,5.9976,5.9976,5.9976,5.9976,5.9976,5.9976,5.9976,5.9976,5.9976,5.9976,5.9976,5.9976,5.9976,5.9976,5.9976,5.9976,5.9976,5.9976,5.9976,5.9976,5.9976,5.9976,5.9976,5.9976,5.9976,5.9976,5.9976,5.9976,5.9976,5.9976,5.9976,5.9976,5.9976,5.9976,5.9976,5.9976,5.9976,5.9976,5.9976,5.9976,5.9976,5.9976,5.9976,5.9976,5.9976,5.9976,5.9976,5.9976,5.9976,5.9976,5.9976,5.9976,5.9976,5.9976,5.9976,5.9976,5.9976,5.9976,5.9976,5.9976,5.9976,5.9976,5.9976,5.9976,5.9976,5.9976,5.9976,5.9976,5.9976,5.9976,5.9976,5.9976,5.9976,5.9976,5.9976,5.9976,5.9976,5.9976,5.9976,5.9976,5.9976,5.9976,5.9976,5.9976,5.9976,5.9976,5.9976,5.9976,5.9976,5.9976,5.9976,5.9976,5.9976,5.9976,5.9976,5.9976,5.9976,5.9976,5.9976,5.9976,5.9976,5.9976,5.9976,5.9976,5.9976,5.9976,5.9976,5.9976,5.9976,5.9976,5.9976,5.9976,5.9976,5.9976,5.9976,5.9976,5.9976,5.9976,5.9976,5.9976,5.9976,5.9976,5.9976,5.9976,5.9976,5.9976,5.9976,5.9976,5.9976,5.9976,5.9976,5.9976,5.9976,5.9976,5.9976,5.9976,5.9976,5.9976,5.9976,5.9976,5.9976,5.9976,5.9976,5.9976,5.9976,5.9976,5.9976,5.9976,5.9976,5.9976,5.9976,5.9976,5.9976,5.9976,5.9976,5.9976,5.9976,5.9976,5.9976,5.9976,5.9976,5.9976,5.9976,5.9976,5.9976,5.9976,5.9976,5.9976,5.9976,5.9976,5.9976,5.9976,5.9976,5.9976,5.9976,5.9976,5.9976,5.9976,5.9976,5.9976,5.9976,5.9976,5.9976,5.9976,5.9976,5.9976,5.9976,5.9976,5.9976,5.9976,5.9976,5.9976,5.9976,5.9976,5.9976,5.9976,5.9976,5.9976,5.9976,5.9976,5.9976,5.9976,5.9976,5.9976,5.9976,5.9976,5.9976,5.9976,5.9976,5.9976,5.9976,5.9976,5.9976,5.9976,5.9976,5.9976,5.9976,5.9976,5.9976,5.9976,5.9976,5.9976,5.9976,5.9976,5.9976,5.9976,5.9976,5.9976,5.9976,5.9976,5.9976,5.9976,5.9976,5.9976,5.9976,5.9976,5.9976,5.9976,5.9976,5.9976,5.9976,5.9976,5.9976,5.9976,5.9976,5.9976,5.9976,5.9976,5.9976,5.9976,5.9976,5.9976,5.9976,5.9976,5.9976,5.9976,5.9976,5.9976,5.9976,5.9976,5.9976,5.9976,5.9976,5.9976,5.9976,5.9976,5.9976,5.9976,5.9976,5.9976,5.9976,5.9976,5.9976,5.9976,5.9976,5.9976,5.9976,5.9976,5.9976,5.9976,5.9976,5.9976,5.9976,5.9976,5.9976,5.9976,5.9976,5.9976,5.9976,5.9976,5.9976,5.9976,5.9976,5.9976,5.9976,5.9976,5.9976,5.9976,5.9976,5.9976,5.9976,5.9976,5.9976,5.9976,5.9976,5.9976,5.9976,5.9976,5.9976,5.9976,5.9976,5.9976,5.9976,5.9976,5.9976,5.9976,5.9976,5.9976,5.9976,5.9976,5.9976,5.9976,5.9976,5.9976,5.9976,5.9976,5.9976,5.9976,5.9976,5.9976,5.9976,5.9976,5.9976,5.9976,5.9976,5.9976,5.9976,5.9976,5.9976,5.9976,5.9976,5.9976,5.9976,5.9976,5.9976,5.9976,5.9976,5.9976,5.9976,5.9976,5.9976,5.9976,5.9976,5.9976,5.9976,5.9976,5.9976,5.9976,5.9976,5.9976,5.9976,5.9976,5.9976,5.9976,5.9976,5.9976,5.9976,5.9976,5.9976,5.9976,5.9976,5.9976,5.9976,5.9976,5.9976,5.9976,5.9976,5.9976,5.9976,5.9976,5.9976,5.9976,5.9976,5.9976,5.9976,5.9976,5.9976,5.9976,5.9976,5.9976,5.9976,5.9976,5.9976,5.9976,5.9976,5.9976,5.9976,5.9976,5.9976,5.9976,5.9976,5.9976,5.9976,5.9976,5.9976,5.9976,5.9976,5.9976,5.9976,5.9976,5.9976,5.9976,5.9976,5.9976,5.9976,5.9976,5.9976,5.9976,5.9976,5.9976,5.9976,5.9976,5.9976,5.9976,5.9976,5.9976,5.9976,5.9976,5.9976,5.9976,5.9976,5.9976,5.9976,5.9976,5.9976,5.9976,5.9976,5.9976,5.9976,5.9976,5.9976,5.9976,5.9976,5.9976,5.9976,5.9976,5.9976,5.9976,5.9976,5.9976,5.9976,5.9976,5.9976,5.9976,5.9976,5.9976,5.9976,5.9976,5.9976,5.9976,5.9976,5.9976,5.9976,5.9976,5.9976,5.9976,5.9976,5.9976,5.9976,5.9976,5.9976,5.9976,5.9976,5.9976,5.9976,5.9976,5.9976,5.9976,5.9976,5.9976,5.9976,5.9976,5.9976,5.9976,5.9976,5.9976,5.9976,5.9976,5.9976,5.9976,5.9976,5.9976,5.9976,5.9976,5.9976,5.9976,5.9976,5.9976,5.9976,5.9976,5.9976,5.9976,5.9976,5.9976,5.9976,5.9976,5.9976,5.9976,5.9976,5.9976,5.9976,5.9976,5.9976,5.9976,5.9976,5.9976,5.9976,5.9976,5.9976,5.9976,5.9976,5.9976,5.9976,5.9976,5.9976,5.9976,5.9976,5.9976,5.9976,5.9976,5.9976,5.9976,5.9976,5.9976,5.9976,5.9976,5.9976,5.9976,5.9976,5.9976,5.9976,5.9976,5.9976,5.9976,5.9976,5.9976,5.9976,5.9976,5.9976,5.9976,5.9976,5.9976,5.9976,5.9976,5.9976,5.9976,5.9976,5.9976,5.9976,5.9976,5.9976,5.9976,5.9976,5.9976,5.9976,5.9976,5.9976,5.9976,5.9976,5.9976,5.9976,5.9976,5.9976,5.9976,5.9976,5.9976,5.9976,5.9976,5.9976,5.9976,5.9976,5.9976,5.9976,5.9976,5.9976,5.9976,5.9976,5.9976,5.9976,5.9976,5.9976,5.9976,5.9976,5.9976,5.9976,5.9976,5.9976,5.9976,5.9976,5.9976,5.9976,5.9976,5.9976,5.9976,5.9976,5.9976,5.9976,5.9976,5.9976,5.9976,5.9976,5.9976,5.9976,5.9976,5.9976,5.9976,5.9976,5.9976,5.9976,5.9976,5.9976,5.9976,5.9976,5.9976,5.9976,5.9976,5.9976,5.9976,5.9976,5.9976,5.9976,5.9976,5.9976,5.9976,5.9976,5.9976,5.9976,5.9976,5.9976,5.9976,5.9976,5.9976,5.9976,5.9976,5.9976,5.9976,5.9976,5.9976,5.9976,5.9976,5.9976,5.9976,5.9976,5.9976,5.9976,5.9976,5.9976,5.9976,5.9976,5.9976,5.9976,5.9976,5.9976,5.9976,5.9976,5.9976,5.9976,5.9976,5.9976,5.9976,5.9976,5.9976,5.9976,5.9976,5.9976,5.9976,5.9976,5.9976,5.9976,5.9976,5.9976,5.9976,5.9976,5.9976,5.9976,5.9976,5.9976,5.9976,5.9976,5.9976,5.9976,5.9976,5.9976,5.9976
5.9938,5.9938,5.9938,5.9938,5.9938,5.9938,5.9938,5.9938,5.9938,5.9938,5.9938,5.9938,5.9938,5.9938,5.9938,5.9938,5.9938,5.9938,5.9938,5.9938,5.9938,5.9938,5.9938,5.9938,5.9938,5.9938,5.9938,5.9938,5.9938,5.9938,5.9938,5.9938,5.9938,5.9938,5.9938,5.9938,5.9938,5.9938,5.9938,5.9938,5.9938,5.9938,5.9938,5.9938,5.9938,5.9938,5.9938,5.9938,5.9938,5.9938,5.9938,5.9938,5.9938,5.9938,5.9938,5.9938,5.9938,5.9938,5.9938,5.9938,5.9938,5.9938,5.9938,5.9938,5.9938,5.9938,5.9938,5.9938,5.9938,5.9938,5.9938,5.9938,5.9938,5.9938,5.9938,5.9938,5.9938,5.9938,5.9938,5.9938,5.9938,5.9938,5.9938,5.9938,5.9938,5.9938,5.9938,5.9938,5.9938,5.9938,5.9938,5.9938,5.9938,5.9938,5.9938,5.9938,5.9938,5.9938,5.9938,5.9938,5.9938,5.9938,5.9938,5.9938,5.9938,5.9938,5.9938,5.9938,5.9938,5.9938,5.9938,5.9938,5.9938,5.9938,5.9938,5.9938,5.9938,5.9938,5.9938,5.9938,5.9938,5.9938,5.9938,5.9938,5.9938,5.9938,5.9938,5.9938,5.9938,5.9938,5.9938,5.9938,5.9938,5.9938,5.9938,5.9938,5.9938,5.9938,5.9938,5.9938,5.9938,5.9938,5.9938,5.9938,5.9938,5.9938,5.9938,5.9938,5.9938,5.9938,5.9938,5.9938,5.9938,5.9938,5.9938,5.9938,5.9938,5.9938,5.9938,5.9938,5.9938,5.9938,5.9938,5.9938,5.9938,5.9938,5.9938,5.9938,5.9938,5.9938,5.9938,5.9938,5.9938,5.9938,5.9938,5.9938,5.9938,5.9938,5.9938,5.9938,5.9938,5.9938,5.9938,5.9938,5.9938,5.9938,5.9938,5.9938,5.9938,5.9938,5.9938,5.9938,5.9938,5.9938,5.9938,5.9938,5.9938,5.9938,5.9938,5.9938,5.9938,5.9938,5.9938,5.9938,5.9938,5.9938,5.9938,5.9938,5.9938,5.9938,5.9938,5.9938,5.9938,5.9938,5.9938,5.9938,5.9938,5.9938,5.9938,5.9938,5.9938,5.9938,5.9938,5.9938,5.9938,5.9938,5.9938,5.9938,5.9938,5.9938,5.9938,5.9938,5.9938,5.9938,5.9938,5.9938,5.9938,5.9938,5.9938,5.9938,5.9938,5.9938,5.9938,5.9938,5.9938,5.9938,5.9938,5.9938,5.9938,5.9938,5.9938,5.9938,5.9938,5.9938,5.9938,5.9938,5.9938,5.9938,5.9938,5.9938,5.9938,5.9938,5.9938,5.9938,5.9938,5.9938,5.9938,5.9938,5.9938,5.9938,5.9938,5.9938,5.9938,5.9938,5.9938,5.9938,5.9938,5.9938,5.9938,5.9938,5.9938,5.9938,5.9938,5.9938,5.9938,5.9938,5.9938,5.9938,5.9938,5.9938,5.9938,5.9938,5.9938,5.9938,5.9938,5.9938,5.9938,5.9938,5.9938,5.9938,5.9938,5.9938,5.9938,5.9938,5.9938,5.9938,5.9938,5.9938,5.9938,5.9938,5.9938,5.9938,5.9938,5.9938,5.9938,5.9938,5.9938,5.9938,5.9938,5.9938,5.9938,5.9938,5.9938,5.9938,5.9938,5.9938,5.9938,5.9938,5.9938,5.9938,5.9938,5.9938,5.9938,5.9938,5.9938,5.9938,5.9938,5.9938,5.9938,5.9938,5.9938,5.9938,5.9938,5.9938,5.9938,5.9938,5.9938,5.9938,5.9938,5.9938,5.9938,5.9938,5.9938,5.9938,5.9938,5.9938,5.9938,5.9938,5.9938,5.9938,5.9938,5.9938,5.9938,5.9938,5.9938,5.9938,5.9938,5.9938,5.9938,5.9938,5.9938,5.9938,5.9938,5.9938,5.9938,5.9938,5.9938,5.9938,5.9938,5.9938,5.9938,5.9938,5.9938,5.9938,5.9938,5.9938,5.9938,5.9938,5.9938,5.9938,5.9938,5.9938,5.9938,5.9938,5.9938,5.9938,5.9938,5.9938,5.9938,5.9938,5.9938,5.9938,5.9938,5.9938,5.9938,5.9938,5.9938,5.9938,5.9938,5.9938,5.9938,5.9938,5.9938,5.9938,5.9938,5.9938,5.9938,5.9938,5.9938,5.9938,5.9938,5.9938,5.9938,5.9938,5.9938,5.9938,5.9938,5.9938,5.9938,5.9938,5.9938,5.9938,5.9938,5.9938,5.9938,5.9938,5.9938,5.9938,5.9938,5.9938,5.9938,5.9938,5.9938,5.9938,5.9938,5.9938,5.9938,5.9938,5.9938,5.9938,5.9938,5.9938,5.9938,5.9938,5.9938,5.9938,5.9938,5.9938,5.9938,5.9938,5.9938,5.9938,5.9938,5.9938,5.9938,5.9938,5.9938,5.9938,5.9938,5.9938,5.9938,5.9938,5.9938,5.9938,5.9938,5.9938,5.9938,5.9938,5.9938,5.9938,5.9938,5.9938,5.9938,5.9938,5.9938,5.9938,5.9938,5.9938,5.9938,5.9938,5.9938,5.9938,5.9938,5.9938,5.9938,5.9938,5.9938,5.9938,5.9938,5.9938,5.9938,5.9938,5.9938,5.9938,5.9938,5.9938,5.9938,5.9938,5.9938,5.9938,5.9938,5.9938,5.9938,5.9938,5.9938,5.9938,5.9938,5.9938,5.9938,5.9938,5.9938,5.9938,5.9938,5.9938,5.9938,5.9938,5.9938,5.9938,5.9938,5.9938,5.9938,5.9938,5.9938,5.9938,5.9938,5.9938,5.9938,5.9938,5.9938,5.9938,5.9938,5.9938,5.9938,5.9938,5.9938,5.9938,5.9938,5.9938,5.9938,5.9938,5.9938,5.9938,5.9938,5.9938,5.9938,5.9938,5.9938,5.9938,5.9938,5.9938,5.9938,5.9938,5.9938,5.9938,5.9938,5.9938,5.9938,5.9938,5.9938,5.9938,5.9938,5.9938,5.9938,5.9938,5.9938,5.9938,5.9938,5.9938,5.9938,5.9938,5.9938,5.9938,5.9938,5.9938,5.9938,5.9938,5.9938,5.9938,5.9938,5.9938,5.9938,5.9938,5.9938,5.9938,5.9938,5.9938,5.9938,5.9938,5.9938,5.9938,5.9938,5.9938,5.9938,5.9938,5.9938,5.9938,5.9938,5.9938,5.9938,5.9938,5.9938,5.9938,5.9938,5.9938,5.9938,5.9938,5.9938,5.9938,5.9938,5.9938,5.9938,5.9938,5.9938,5.9938,5.9938,5.9938,5.9938,5.9938,5.9938,5.9938,5.9938,5.9938,5.9938,5.9938,5.9938,5.9938,5.9938,5.9938,5.9938,5.9938,5.9938,5.9938,5.9938,5.9938,5.9938,5.9938,5.9938,5.9938,5.9938,5.9938,5.9938,5.9938,5.9938,5.9938,5.9938,5.9938,5.9938,5.9938,5.9938,5.9938,5.9938,5.9938,5.9938,5.9938,5.9938,5.9938,5.9938,5.9938,5.9938,5.9938,5.9938,5.9938,5.9938,5.9938,5.9938,5.9938,5.9938,5.9938,5.9938,5.9938,5.9938,5.9938,5.9938,5.9938,5.9938,5.9938,5.9938,5.9938,5.9938,5.9938,5.9938,5.9938,5.9938,5.9938,5.9938,5.9938,5.9938,5.9938,5.9938,5.9938,5.9938,5.9938,5.9938,5.9938,5.9938,5.9938,5.9938,5.9938,5.9938,5.9938,5.9938,5.9938,5.9938,5.9938,5.9938,5.9938,5.9938,5.9938,5.9938,5.9938,5.9938,5.9938,5.9938,5.9938,5.9938,5.9938,5.9938,5.9938,5.9938,5.9938,5.9938,5.9938,5.9938,5.9938,5.9938,5.9938,5.9938,5.9938,5.9938,5.9938,5.9938,5.9938,5.9938,5.9938,5.9938,5.9938,5.9938,5.9938,5.9938,5.9938,5.9938,5.9938,5.9938,5.9938,5.9938,5.9938,5.9938,5.9938,5.9938,5.9938,5.9938,5.9938,5.9938,5.9938,5.9938,5.9938,5.9938,5.9938,5.9938,5.9938,5.9938,5.9938,5.9938,5.9938,5.9938,5.9938,5.9938,5.9938,5.9938,5.9938,5.9938,5.9938,5.9938,5.9938,5.9938,5.9938,5.9938,5.9938,5.9938,5.9938,5.9938,5.9938,5.9938,5.9938,5.9938,5.9938,5.9938,5.9938,5.9938,5.9938,5.9938,5.9938,5.9938,5.9938,5.9938,5.9938,5.9938,5.9938,5.9938,5.9938,5.9938,5.9938,5.9938,5.9938,5.9938,5.9938,5.9938,5.9938,5.9938,5.9938,5.9938,5.9938,5.9938,5.9938,5.9938,5.9938,5.9938,5.9938,5.9938,5.9938,5.9938,5.9938,5.9938,5.9938,5.9938,5.9938,5.9938,5.9938,5.9938,5.9938,5.9938,5.9938,5.9938,5.9938,5.9938,5.9938,5.9938,5.9938,5.9938,5.9938,5.9938,5.9938,5.9938,5.9938,5.9938,5.9938,5.9938,5.9938,5.9938,5.9938,5.9938,5.9938,5.9938,5.9938,5.9938,5.9938,5.9938,5.9938,5.9938,5.9938,5.9938,5.9938,5.9938,5.9938,5.9938,5.9938,5.9938,5.9938,5.9938,5.9938,5.9938,5.9938,5.9938,5.9938,5.9938,5.9938,5.9938,5.9938,5.9938,5.9938,5.9938,5.9938,5.9938,5.9938,5.9938,5.9938,5.9938,5.9938,5.9938,5.9938,5.9938,5.9938,5.9938,5.9938,5.9938,5.9938,5.9938,5.9938,5.9938,5.9938,5.9938,5.9938,5.9938,5.9938,5.9938,5.9938,5.9938,5.9938,5.9938,5.9938,5.9938,5.9938,5.9938,5.9938,5.9938,5.9938,5.9938,5.9938,5.9938,5.9938,5.9938,5.9938,5.9938,5.9938,5.9938,5.9938,5.9938,5.9938,5.9938,5.9938,5.9938,5.9938,5.9938,5.9938,5.9938,5.9938,5.9938,5.9938,5.9938,5.9938,5.9938,5.9938,5.9938,5.9938,5.9938,5.9938,5.9938,5.9938,5.9938,5.9938
5.9897,5.9897,5.9897,5.9897,5.9897,5.9897,5.9897,5.9897,5.9897,5.9897,5.9897,5.9897,5.9897,5.9897,5.9897,5.9897,5.9897,5.9897,5.9897,5.9897,5.9897,5.9897,5.9897,5.9897,5.9897,5.9897,5.9897,5.9897,5.9897,5.9897,5.9897,5.9897,5.9897,5.9897,5.9897,5.9897,5.9897,5.9897,5.9897,5.9897,5.9897,5.9897,5.9897,5.9897,5.9897,5.9897,5.9897,5.9897,5.9897,5.9897,5.9897,5.9897,5.9897,5.9897,5.9897,5.9897,5.9897,5.9897,5.9897,5.9897,5.9897,5.9897,5.9897,5.9897,5.9897,5.9897,5.9897,5.9897,5.9897,5.9897,5.9897,5.9897,5.9897,5.9897,5.9897,5.9897,5.9897,5.9897,5.9897,5.9897,5.9897,5.9897,5.9897,5.9897,5.9897,5.9897,5.9897,5.9897,5.9897,5.9897,5.9897,5.9897,5.9897,5.9897,5.9897,5.9897,5.9897,5.9897,5.9897,5.9897,5.9897,5.9897,5.9897,5.9897,5.9897,5.9897,5.9897,5.9897,5.9897,5.9897,5.9897,5.9897,5.9897,5.9897,5.9897,5.9897,5.9897,5.9897,5.9897,5.9897,5.9897,5.9897,5.9897,5.9897,5.9897,5.9897,5.9897,5.9897,5.9897,5.9897,5.9897,5.9897,5.9897,5.9897,5.9897,5.9897,5.9897,5.9897,5.9897,5.9897,5.9897,5.9897,5.9897,5.9897,5.9897,5.9897,5.9897,5.9897,5.9897,5.9897,5.9897,5.9897,5.9897,5.9897,5.9897,5.9897,5.9897,5.9897,5.9897,5.9897,5.9897,5.9897,5.9897,5.9897,5.9897,5.9897,5.9897,5.9897,5.9897,5.9897,5.9897,5.9897,5.9897,5.9897,5.9897,5.9897,5.9897,5.9897,5.9897,5.9897,5.9897,5.9897,5.9897,5.9897,5.9897,5.9897,5.9897,5.9897,5.9897,5.9897,5.9897,5.9897,5.9897,5.9897,5.9897,5.9897,5.9897,5.9897,5.9897,5.9897,5.9897,5.9897,5.9897,5.9897,5.9897,5.9897,5.9897,5.9897,5.9897,5.9897,5.9897,5.9897,5.9897,5.9897,5.9897,5.9897,5.9897,5.9897,5.9897,5.9897,5.9897,5.9897,5.9897,5.9897,5.9897,5.9897,5.9897,5.9897,5.9897,5.9897,5.9897,5.9897,5.9897,5.9897,5.9897,5.9897,5.9897,5.9897,5.9897,5.9897,5.9897,5.9897,5.9897,5.9897,5.9897,5.9897,5.9897,5.9897,5.9897,5.9897,5.9897,5.9897,5.9897,5.9897,5.9897,5.9897,5.9897,5.9897,5.9897,5.9897,5.9897,5.9897,5.9897,5.9897,5.9897,5.9897,5.9897,5.9897,5.9897,5.9897,5.9897,5.9897,5.9897,5.9897,5.9897,5.9897,5.9897,5.9897,5.9897,5.9897,5.9897,5.9897,5.9897,5.9897,5.9897,5.9897,5.9897,5.9897,5.9897,5.9897,5.9897,5.9897,5.9897,5.9897,5.9897,5.9897,5.9897,5.9897,5.9897,5.9897,5.9897,5.9897,5.9897,5.9897,5.9897,5.9897,5.9897,5.9897,5.9897,5.9897,5.9897,5.9897,5.9897,5.9897,5.9897,5.9897,5.9897,5.9897,5.9897,5.9897,5.9897,5.9897,5.9897,5.9897,5.9897,5.9897,5.9897,5.9897,5.9897,5.9897,5.9897,5.9897,5.9897,5.9897,5.9897,5.9897,5.9897,5.9897,5.9897,5.9897,5.9897,5.9897,5.9897,5.9897,5.9897,5.9897,5.9897,5.9897,5.9897,5.9897,5.9897,5.9897,5.9897,5.9897,5.9897,5.9897,5.9897,5.9897,5.9897,5.9897,5.9897,5.9897,5.9897,5.9897,5.9897,5.9897,5.9897,5.9897,5.9897,5.9897,5.9897,5.9897,5.9897,5.9897,5.9897,5.9897,5.9897,5.9897,5.9897,5.9897,5.9897,5.9897,5.9897,5.9897,5.9897,5.9897,5.9897,5.9897,5.9897,5.9897,5.9897,5.9897,5.9897,5.9897,5.9897,5.9897,5.9897,5.9897,5.9897,5.9897,5.9897,5.9897,5.9897,5.9897,5.9897,5.9897,5.9897,5.9897,5.9897,5.9897,5.9897,5.9897,5.9897,5.9897,5.9897,5.9897,5.9897,5.9897,5.9897,5.9897,5.9897,5.9897,5.9897,5.9897,5.9897,5.9897,5.9897,5.9897,5.9897,5.9897,5.9897,5.9897,5.9897,5.9897,5.9897,5.9897,5.9897,5.9897,5.9897,5.9897,5.9897,5.9897,5.9897,5.9897,5.9897,5.9897,5.9897,5.9897,5.9897,5.9897,5.9897,5.9897,5.9897,5.9897,5.9897,5.9897,5.9897,5.9897,5.9897,5.9897,5.9897,5.9897,5.9897,5.9897,5.9897,5.9897,5.9897,5.9897,5.9897,5.9897,5.9897,5.9897,5.9897,5.9897,5.9897,5.9897,5.9897,5.9897,5.9897,5.9897,5.9897,5.9897,5.9897,5.9897,5.9897,5.9897,5.9897,5.9897,5.9897,5.9897,5.9897,5.9897,5.9897,5.9897,5.9897,5.9897,5.9897,5.9897,5.9897,5.9897,5.9897,5.9897,5.9897,5.9897,5.9897,5.9897,5.9897,5.9897,5.9897,5.9897,5.9897,5.9897,5.9897,5.9897,5.9897,5.9897,5.9897,5.9897,5.9897,5.9897,5.9897,5.9897,5.9897,5.9897,5.9897,5.9897,5.9897,5.9897,5.9897,5.9897,5.9897,5.9897,5.9897,5.9897,5.9897,5.9897,5.9897,5.9897,5.9897,5.9897,5.9897,5.9897,5.9897,5.9897,5.9897,5.9897,5.9897,5.9897,5.9897,5.9897,5.9897,5.9897,5.9897,5.9897,5.9897,5.9897,5.9897,5.9897,5.9897,5.9897,5.9897,5.9897,5.9897,5.9897,5.9897,5.9897,5.9897,5.9897,5.9897,5.9897,5.9897,5.9897,5.9897,5.9897,5.9897,5.9897,5.9897,5.9897,5.9897,5.9897,5.9897,5.9897,5.9897,5.9897,5.9897,5.9897,5.9897,5.9897,5.9897,5.9897,5.9897,5.9897,5.9897,5.9897,5.9897,5.9897,5.9897,5.9897,5.9897,5.9897,5.9897,5.9897,5.9897,5.9897,5.9897,5.9897,5.9897,5.9897,5.9897,5.9897,5.9897,5.9897,5.9897,5.9897,5.9897,5.9897,5.9897,5.9897,5.9897,5.9897,5.9897,5.9897,5.9897,5.9897,5.9897,5.9897,5.9897,5.9897,5.9897,5.9897,5.9897,5.9897,5.9897,5.9897,5.9897,5.9897,5.9897,5.9897,5.9897,5.9897,5.9897,5.9897,5.9897,5.9897,5.9897,5.9897,5.9897,5.9897,5.9897,5.9897,5.9897,5.9897,5.9897,5.9897,5.9897,5.9897,5.9897,5.9897,5.9897,5.9897,5.9897,5.9897,5.9897,5.9897,5.9897,5.9897,5.9897,5.9897,5.9897,5.9897,5.9897,5.9897,5.9897,5.9897,5.9897,5.9897,5.9897,5.9897,5.9897,5.9897,5.9897,5.9897,5.9897,5.9897,5.9897,5.9897,5.9897,5.9897,5.9897,5.9897,5.9897,5.9897,5.9897,5.9897,5.9897,5.9897,5.9897,5.9897,5.9897,5.9897,5.9897,5.9897,5.9897,5.9897,5.9897,5.9897,5.9897,5.9897,5.9897,5.9897,5.9897,5.9897,5.9897,5.9897,5.9897,5.9897,5.9897,5.9897,5.9897,5.9897,5.9897,5.9897,5.9897,5.9897,5.9897,5.9897,5.9897,5.9897,5.9897,5.9897,5.9897,5.9897,5.9897,5.9897,5.9897,5.9897,5.9897,5.9897,5.9897,5.9897,5.9897,5.9897,5.9897,5.9897,5.9897,5.9897,5.9897,5.9897,5.9897,5.9897,5.9897,5.9897,5.9897,5.9897,5.9897,5.9897,5.9897,5.9897,5.9897,5.9897,5.9897,5.9897,5.9897,5.9897,5.9897,5.9897,5.9897,5.9897,5.9897,5.9897,5.9897,5.9897,5.9897,5.9897,5.9897,5.9897,5.9897,5.9897,5.9897,5.9897,5.9897,5.9897,5.9897,5.9897,5.9897,5.9897,5.9897,5.9897,5.9897,5.9897,5.9897,5.9897,5.9897,5.9897,5.9897,5.9897,5.9897,5.9897,5.9897,5.9897,5.9897,5.9897,5.9897,5.9897,5.9897,5.9897,5.9897,5.9897,5.9897,5.9897,5.9897,5.9897,5.9897,5.9897,5.9897,5.9897,5.9897,5.9897,5.9897,5.9897,5.9897,5.9897,5.9897,5.9897,5.9897,5.9897,5.9897,5.9897,5.9897,5.9897,5.9897,5.9897,5.9897,5.9897,5.9897,5.9897,5.9897,5.9897,5.9897,5.9897,5.9897,5.9897,5.9897,5.9897,5.9897,5.9897,5.9897,5.9897,5.9897,5.9897,5.9897,5.9897,5.9897,5.9897,5.9897,5.9897,5.9897,5.9897,5.9897,5.9897,5.9897,5.9897,5.9897,5.9897,5.9897,5.9897,5.9897,5.9897,5.9897,5.9897,5.9897,5.9897,5.9897,5.9897,5.9897,5.9897,5.9897,5.9897,5.9897,5.9897,5.9897,5.9897,5.9897,5.9897,5.9897,5.9897,5.9897,5.9897,5.9897,5.9897,5.9897,5.9897,5.9897,5.9897,5.9897,5.9897,5.9897,5.9897,5.9897,5.9897,5.9897,5.9897,5.9897,5.9897,5.9897,5.9897,5.9897,5.9897,5.9897,5.9897,5.9897,5.9897,5.9897,5.9897,5.9897,5.9897,5.9897,5.9897,5.9897,5.9897,5.9897,5.9897,5.9897,5.9897,5.9897,5.9897,5.9897,5.9897,5.9897,5.9897,5.9897,5.9897,5.9897,5.9897,5.9897,5.9897,5.9897,5.9897,5.9897,5.9897,5.9897,5.9897,5.9897,5.9897,5.9897,5.9897,5.9897,5.9897,5.9897,5.9897,5.9897,5.9897,5.9897,5.9897,5.9897,5.9897,5.9897,5.9897,5.9897,5.9897
5.9857,5.9857,5.9857,5.9857,5.9857,5.9857,5.9857,5.9857,5.9857,5.9857,5.9857,5.9857,5.9857,5.9857,5.9857,5.9857,5.9857,5.9857,5.9857,5.9857,5.9857,5.9857,5.9857,5.9857,5.9857,5.9857,5.9857,5.9857,5.9857,5.9857,5.9857,5.9857,5.9857,5.9857,5.9857,5.9857,5.9857,5.9857,5.9857,5.9857,5.9857,5.9857,5.9857,5.9857,5.9857,5.9857,5.9857,5.9857,5.9857,5.9857,5.9857,5.9857,5.9857,5.9857,5.9857,5.9857,5.9857,5.9857,5.9857,5.9857,5.9857,5.9857,5.9857,5.9857,5.9857,5.9857,5.9857,5.9857,5.9857,5.9857,5.9857,5.9857,5.9857,5.9857,5.9857,5.9857,5.9857,5.9857,5.9857,5.9857,5.9857,5.9857,5.9857,5.9857,5.9857,5.9857,5.9857,5.9857,5.9857,5.9857,5.9857,5.9857,5.9857,5.9857,5.9857,5.9857,5.9857,5.9857,5.9857,5.9857,5.9857,5.9857,5.9857,5.9857,5.9857,5.9857,5.9857,5.9857,5.9857,5.9857,5.9857,5.9857,5.9857,5.9857,5.9857,5.9857,5.9857,5.9857,5.9857,5.9857,5.9857,5.9857,5.9857,5.9857,5.9857,5.9857,5.9857,5.9857,5.9857,5.9857,5.9857,5.9857,5.9857,5.9857,5.9857,5.9857,5.9857,5.9857,5.9857,5.9857,5.9857,5.9857,5.9857,5.9857,5.9857,5.9857,5.9857,5.9857,5.9857,5.9857,5.9857,5.9857,5.9857,5.9857,5.9857,5.9857,5.9857,5.9857,5.9857,5.9857,5.9857,5.9857,5.9857,5.9857,5.9857,5.9857,5.9857,5.9857,5.9857,5.9857,5.9857,5.9857,5.9857,5.9857,5.9857,5.9857,5.9857,5.9857,5.9857,5.9857,5.9857,5.9857,5.9857,5.9857,5.9857,5.9857,5.9857,5.9857,5.9857,5.9857,5.9857,5.9857,5.9857,5.9857,5.9857,5.9857,5.9857,5.9857,5.9857,5.9857,5.9857,5.9857,5.9857,5.9857,5.9857,5.9857,5.9857,5.9857,5.9857,5.9857,5.9857,5.9857,5.9857,5.9857,5.9857,5.9857,5.9857,5.9857,5.9857,5.9857,5.9857,5.9857,5.9857,5.9857,5.9857,5.9857,5.9857,5.9857,5.9857,5.9857,5.9857,5.9857,5.9857,5.9857,5.9857,5.9857,5.9857,5.9857,5.9857,5.9857,5.9857,5.9857,5.9857,5.9857,5.9857,5.9857,5.9857,5.9857,5.9857,5.9857,5.9857,5.9857,5.9857,5.9857,5.9857,5.9857,5.9857,5.9857,5.9857,5.9857,5.9857,5.9857,5.9857,5.9857,5.9857,5.9857,5.9857,5.9857,5.9857,5.9857,5.9857,5.9857,5.9857,5.9857,5.9857,5.9857,5.9857,5.9857,5.9857,5.9857,5.9857,5.9857,5.9857,5.9857,5.9857,5.9857,5.9857,5.9857,5.9857,5.9857,5.9857,5.9857,5.9857,5.9857,5.9857,5.9857,5.9857,5.9857,5.9857,5.9857,5.9857,5.9857,5.9857,5.9857,5.9857,5.9857,5.9857,5.9857,5.9857,5.9857,5.9857,5.9857,5.9857,5.9857,5.9857,5.9857,5.9857,5.9857,5.9857,5.9857,5.9857,5.9857,5.9857,5.9857,5.9857,5.9857,5.9857,5.9857,5.9857,5.9857,5.9857,5.9857,5.9857,5.9857,5.9857,5.9857,5.9857,5.9857,5.9857,5.9857,5.9857,5.9857,5.9857,5.9857,5.9857,5.9857,5.9857,5.9857,5.9857,5.9857,5.9857,5.9857,5.9857,5.9857,5.9857,5.9857,5.9857,5.9857,5.9857,5.9857,5.9857,5.9857,5.9857,5.9857,5.9857,5.9857,5.9857,5.9857,5.9857,5.9857,5.9857,5.9857,5.9857,5.9857,5.9857,5.9857,5.9857,5.9857,5.9857,5.9857,5.9857,5.9857,5.9857,5.9857,5.9857,5.9857,5.9857,5.9857,5.9857,5.9857,5.9857,5.9857,5.9857,5.9857,5.9857,5.9857,5.9857,5.9857,5.9857,5.9857,5.9857,5.9857,5.9857,5.9857,5.9857,5.9857,5.9857,5.9857,5.9857,5.9857,5.9857,5.9857,5.9857,5.9857,5.9857,5.9857,5.9857,5.9857,5.9857,5.9857,5.9857,5.9857,5.9857,5.9857,5.9857,5.9857,5.9857,5.9857,5.9857,5.9857,5.9857,5.9857,5.9857,5.9857,5.9857,5.9857,5.9857,5.9857,5.9857,5.9857,5.9857,5.9857,5.9857,5.9857,5.9857,5.9857,5.9857,5.9857,5.9857,5.9857,5.9857,5.9857,5.9857,5.9857,5.9857,5.9857,5.9857,5.9857,5.9857,5.9857,5.9857,5.9857,5.9857,5.9857,5.9857,5.9857,5.9857,5.9857,5.9857,5.9857,5.9857,5.9857,5.9857,5.9857,5.9857,5.9857,5.9857,5.9857,5.9857,5.9857,5.9857,5.9857,5.9857,5.9857,5.9857,5.9857,5.9857,5.9857,5.9857,5.9857,5.9857,5.9857,5.9857,5.9857,5.9857,5.9857,5.9857,5.9857,5.9857,5.9857,5.9857,5.9857,5.9857,5.9857,5.9857,5.9857,5.9857,5.9857,5.9857,5.9857,5.9857,5.9857,5.9857,5.9857,5.9857,5.9857,5.9857,5.9857,5.9857,5.9857,5.9857,5.9857,5.9857,5.9857,5.9857,5.9857,5.9857,5.9857,5.9857,5.9857,5.9857,5.9857,5.9857,5.9857,5.9857,5.9857,5.9857,5.9857,5.9857,5.9857,5.9857,5.9857,5.9857,5.9857,5.9857,5.9857,5.9857,5.9857,5.9857,5.9857,5.9857,5.9857,5.9857,5.9857,5.9857,5.9857,5.9857,5.9857,5.9857,5.9857,5.9857,5.9857,5.9857,5.9857,5.9857,5.9857,5.9857,5.9857,5.9857,5.9857,5.9857,5.9857,5.9857,5.9857,5.9857,5.9857,5.9857,5.9857,5.9857,5.9857,5.9857,5.9857,5.9857,5.9857,5.9857,5.9857,5.9857,5.9857,5.9857,5.9857,5.9857,5.9857,5.9857,5.9857,5.9857,5.9857,5.9857,5.9857,5.9857,5.9857,5.9857,5.9857,5.9857,5.9857,5.9857,5.9857,5.9857,5.9857,5.9857,5.9857,5.9857,5.9857,5.9857,5.9857,5.9857,5.9857,5.9857,5.9857,5.9857,5.9857,5.9857,5.9857,5.9857,5.9857,5.9857,5.9857,5.9857,5.9857,5.9857,5.9857,5.9857,5.9857,5.9857,5.9857,5.9857,5.9857,5.9857,5.9857,5.9857,5.9857,5.9857,5.9857,5.9857,5.9857,5.9857,5.9857,5.9857,5.9857,5.9857,5.9857,5.9857,5.9857,5.9857,5.9857,5.9857,5.9857,5.9857,5.9857,5.9857,5.9857,5.9857,5.9857,5.9857,5.9857,5.9857,5.9857,5.9857,5.9857,5.9857,5.9857,5.9857,5.9857,5.9857,5.9857,5.9857,5.9857,5.9857,5.9857,5.9857,5.9857,5.9857,5.9857,5.9857,5.9857,5.9857,5.9857,5.9857,5.9857,5.9857,5.9857,5.9857,5.9857,5.9857,5.9857,5.9857,5.9857,5.9857,5.9857,5.9857,5.9857,5.9857,5.9857,5.9857,5.9857,5.9857,5.9857,5.9857,5.9857,5.9857,5.9857,5.9857,5.9857,5.9857,5.9857,5.9857,5.9857,5.9857,5.9857,5.9857,5.9857,5.9857,5.9857,5.9857,5.9857,5.9857,5.9857,5.9857,5.9857,5.9857,5.9857,5.9857,5.9857,5.9857,5.9857,5.9857,5.9857,5.9857,5.9857,5.9857,5.9857,5.9857,5.9857,5.9857,5.9857,5.9857,5.9857,5.9857,5.9857,5.9857,5.9857,5.9857,5.9857,5.9857,5.9857,5.9857,5.9857,5.9857,5.9857,5.9857,5.9857,5.9857,5.9857,5.9857,5.9857,5.9857,5.9857,5.9857,5.9857,5.9857,5.9857,5.9857,5.9857,5.9857,5.9857,5.9857,5.9857,5.9857,5.9857,5.9857,5.9857,5.9857,5.9857,5.9857,5.9857,5.9857,5.9857,5.9857,5.9857,5.9857,5.9857,5.9857,5.9857,5.9857,5.9857,5.9857,5.9857,5.9857,5.9857,5.9857,5.9857,5.9857,5.9857,5.9857,5.9857,5.9857,5.9857,5.9857,5.9857,5.9857,5.9857,5.9857,5.9857,5.9857,5.9857,5.9857,5.9857,5.9857,5.9857,5.9857,5.9857,5.9857,5.9857,5.9857,5.9857,5.9857,5.9857,5.9857,5.9857,5.9857,5.9857,5.9857,5.9857,5.9857,5.9857,5.9857,5.9857,5.9857,5.9857,5.9857,5.9857,5.9857,5.9857,5.9857,5.9857,5.9857,5.9857,5.9857,5.9857,5.9857,5.9857,5.9857,5.9857,5.9857,5.9857,5.9857,5.9857,5.9857,5.9857,5.9857,5.9857,5.9857,5.9857,5.9857,5.9857,5.9857,5.9857,5.9857,5.9857,5.9857,5.9857,5.9857,5.9857,5.9857,5.9857,5.9857,5.9857,5.9857,5.9857,5.9857,5.9857,5.9857,5.9857,5.9857,5.9857,5.9857,5.9857,5.9857,5.9857,5.9857,5.9857,5.9857,5.9857,5.9857,5.9857,5.9857,5.9857,5.9857,5.9857,5.9857,5.9857,5.9857,5.9857,5.9857,5.9857,5.9857,5.9857,5.9857,5.9857,5.9857,5.9857,5.9857,5.9857,5.9857,5.9857,5.9857,5.9857,5.9857,5.9857,5.9857,5.9857,5.9857,5.9857,5.9857,5.9857,5.9857,5.9857,5.9857,5.9857,5.9857,5.9857,5.9857,5.9857,5.9857,5.9857,5.9857,5.9857,5.9857,5.9857,5.9857,5.9857,5.9857,5.9857,5.9857,5.9857,5.9857,5.9857,5.9857,5.9857,5.9857,5.9857,5.9857,5.9857,5.9857,5.9857,5.9857,5.9857,5.9857,5.9857,5.9857,5.9857
5.9816,5.9816,5.9816,5.9816,5.9816,5.9816,5.9816,5.9816,5.9816,5.9816,5.9816,5.9816,5.9816,5.9816,5.9816,5.9816,5.9816,5.9816,5.9816,5.9816,5.9816,5.9816,5.9816,5.9816,5.9816,5.9816,5.9816,5.9816,5.9816,5.9816,5.9816,5.9816,5.9816,5.9816,5.9816,5.9816,5.9816,5.9816,5.9816,5.9816,5.9816,5.9816,5.9816,5.9816,5.9816,5.9816,5.9816,5.9816,5.9816,5.9816,5.9816,5.9816,5.9816,5.9816,5.9816,5.9816,5.9816,5.9816,5.9816,5.9816,5.9816,5.9816,5.9816,5.9816,5.9816,5.9816,5.9816,5.9816,5.9816,5.9816,5.9816,5.9816,5.9816,5.9816,5.9816,5.9816,5.9816,5.9816,5.9816,5.9816,5.9816,5.9816,5.9816,5.9816,5.9816,5.9816,5.9816,5.9816,5.9816,5.9816,5.9816,5.9816,5.9816,5.9816,5.9816,5.9816,5.9816,5.9816,5.9816,5.9816,5.9816,5.9816,5.9816,5.9816,5.9816,5.9816,5.9816,5.9816,5.9816,5.9816,5.9816,5.9816,5.9816,5.9816,5.9816,5.9816,5.9816,5.9816,5.9816,5.9816,5.9816,5.9816,5.9816,5.9816,5.9816,5.9816,5.9816,5.9816,5.9816,5.9816,5.9816,5.9816,5.9816,5.9816,5.9816,5.9816,5.9816,5.9816,5.9816,5.9816,5.9816,5.9816,5.9816,5.9816,5.9816,5.9816,5.9816,5.9816,5.9816,5.9816,5.9816,5.9816,5.9816,5.9816,5.9816,5.9816,5.9816,5.9816,5.9816,5.9816,5.9816,5.9816,5.9816,5.9816,5.9816,5.9816,5.9816,5.9816,5.9816,5.9816,5.9816,5.9816,5.9816,5.9816,5.9816,5.9816,5.9816,5.9816,5.9816,5.9816,5.9816,5.9816,5.9816,5.9816,5.9816,5.9816,5.9816,5.9816,5.9816,5.9816,5.9816,5.9816,5.9816,5.9816,5.9816,5.9816,5.9816,5.9816,5.9816,5.9816,5.9816,5.9816,5.9816,5.9816,5.9816,5.9816,5.9816,5.9816,5.9816,5.9816,5.9816,5.9816,5.9816,5.9816,5.9816,5.9816,5.9816,5.9816,5.9816,5.9816,5.9816,5.9816,5.9816,5.9816,5.9816,5.9816,5.9816,5.9816,5.9816,5.9816,5.9816,5.9816,5.9816,5.9816,5.9816,5.9816,5.9816,5.9816,5.9816,5.9816,5.9816,5.9816,5.9816,5.9816,5.9816,5.9816,5.9816,5.9816,5.9816,5.9816,5.9816,5.9816,5.9816,5.9816,5.9816,5.9816,5.9816,5.9816,5.9816,5.9816,5.9816,5.9816,5.9816,5.9816,5.9816,5.9816,5.9816,5.9816,5.9816,5.9816,5.9816,5.9816,5.9816,5.9816,5.9816,5.9816,5.9816,5.9816,5.9816,5.9816,5.9816,5.9816,5.9816,5.9816,5.9816,5.9816,5.9816,5.9816,5.9816,5.9816,5.9816,5.9816,5.9816,5.9816,5.9816,5.9816,5.9816,5.9816,5.9816,5.9816,5.9816,5.9816,5.9816,5.9816,5.9816,5.9816,5.9816,5.9816,5.9816,5.9816,5.9816,5.9816,5.9816,5.9816,5.9816,5.9816,5.9816,5.9816,5.9816,5.9816,5.9816,5.9816,5.9816,5.9816,5.9816,5.9816,5.9816,5.9816,5.9816,5.9816,5.9816,5.9816,5.9816,5.9816,5.9816,5.9816,5.9816,5.9816,5.9816,5.9816,5.9816,5.9816,5.9816,5.9816,5.9816,5.9816,5.9816,5.9816,5.9816,5.9816,5.9816,5.9816,5.9816,5.9816,5.9816,5.9816,5.9816,5.9816,5.9816,5.9816,5.9816,5.9816,5.9816,5.9816,5.9816,5.9816,5.9816,5.9816,5.9816,5.9816,5.9816,5.9816,5.9816,5.9816,5.9816,5.9816,5.9816,5.9816,5.9816,5.9816,5.9816,5.9816,5.9816,5.9816,5.9816,5.9816,5.9816,5.9816,5.9816,5.9816,5.9816,5.9816,5.9816,5.9816,5.9816,5.9816,5.9816,5.9816,5.9816,5.9816,5.9816,5.9816,5.9816,5.9816,5.9816,5.9816,5.9816,5.9816,5.9816,5.9816,5.9816,5.9816,5.9816,5.9816,5.9816,5.9816,5.9816,5.9816,5.9816,5.9816,5.9816,5.9816,5.9816,5.9816,5.9816,5.9816,5.9816,5.9816,5.9816,5.9816,5.9816,5.9816,5.9816,5.9816,5.9816,5.9816,5.9816,5.9816,5.9816,5.9816,5.9816,5.9816,5.9816,5.9816,5.9816,5.9816,5.9816,5.9816,5.9816,5.9816,5.9816,5.9816,5.9816,5.9816,5.9816,5.9816,5.9816,5.9816,5.9816,5.9816,5.9816,5.9816,5.9816,5.9816,5.9816,5.9816,5.9816,5.9816,5.9816,5.9816,5.9816,5.9816,5.9816,5.9816,5.9816,5.9816,5.9816,5.9816,5.9816,5.9816,5.9816,5.9816,5.9816,5.9816,5.9816,5.9816,5.9816,5.9816,5.9816,5.9816,5.9816,5.9816,5.9816,5.9816,5.9816,5.9816,5.9816,5.9816,5.9816,5.9816,5.9816,5.9816,5.9816,5.9816,5.9816,5.9816,5.9816,5.9816,5.9816,5.9816,5.9816,5.9816,5.9816,5.9816,5.9816,5.9816,5.9816,5.9816,5.9816,5.9816,5.9816,5.9816,5.9816,5.9816,5.9816,5.9816,5.9816,5.9816,5.9816,5.9816,5.9816,5.9816,5.9816,5.9816,5.9816,5.9816,5.9816,5.9816,5.9816,5.9816,5.9816,5.9816,5.9816,5.9816,5.9816,5.9816,5.9816,5.9816,5.9816,5.9816,5.9816,5.9816,5.9816,5.9816,5.9816,5.9816,5.9816,5.9816,5.9816,5.9816,5.9816,5.9816,5.9816,5.9816,5.9816,5.9816,5.9816,5.9816,5.9816,5.9816,5.9816,5.9816,5.9816,5.9816,5.9816,5.9816,5.9816,5.9816,5.9816,5.9816,5.9816,5.9816,5.9816,5.9816,5.9816,5.9816,5.9816,5.9816,5.9816,5.9816,5.9816,5.9816,5.9816,5.9816,5.9816,5.9816,5.9816,5.9816,5.9816,5.9816,5.9816,5.9816,5.9816,5.9816,5.9816,5.9816,5.9816,5.9816,5.9816,5.9816,5.9816,5.9816,5.9816,5.9816,5.9816,5.9816,5.9816,5.9816,5.9816,5.9816,5.9816,5.9816,5.9816,5.9816,5.9816,5.9816,5.9816,5.9816,5.9816,5.9816,5.9816,5.9816,5.9816,5.9816,5.9816,5.9816,5.9816,5.9816,5.9816,5.9816,5.9816,5.9816,5.9816,5.9816,5.9816,5.9816,5.9816,5.9816,5.9816,5.9816,5.9816,5.9816,5.9816,5.9816,5.9816,5.9816,5.9816,5.9816,5.9816,5.9816,5.9816,5.9816,5.9816,5.9816,5.9816,5.9816,5.9816,5.9816,5.9816,5.9816,5.9816,5.9816,5.9816,5.9816,5.9816,5.9816,5.9816,5.9816,5.9816,5.9816,5.9816,5.9816,5.9816,5.9816,5.9816,5.9816,5.9816,5.9816,5.9816,5.9816,5.9816,5.9816,5.9816,5.9816,5.9816,5.9816,5.9816,5.9816,5.9816,5.9816,5.9816,5.9816,5.9816,5.9816,5.9816,5.9816,5.9816,5.9816,5.9816,5.9816,5.9816,5.9816,5.9816,5.9816,5.9816,5.9816,5.9816,5.9816,5.9816,5.9816,5.9816,5.9816,5.9816,5.9816,5.9816,5.9816,5.9816,5.9816,5.9816,5.9816,5.9816,5.9816,5.9816,5.9816,5.9816,5.9816,5.9816,5.9816,5.9816,5.9816,5.9816,5.9816,5.9816,5.9816,5.9816,5.9816,5.9816,5.9816,5.9816,5.9816,5.9816,5.9816,5.9816,5.9816,5.9816,5.9816,5.9816,5.9816,5.9816,5.9816,5.9816,5.9816,5.9816,5.9816,5.9816,5.9816,5.9816,5.9816,5.9816,5.9816,5.9816,5.9816,5.9816,5.9816,5.9816,5.9816,5.9816,5.9816,5.9816,5.9816,5.9816,5.9816,5.9816,5.9816,5.9816,5.9816,5.9816,5.9816,5.9816,5.9816,5.9816,5.9816,5.9816,5.9816,5.9816,5.9816,5.9816,5.9816,5.9816,5.9816,5.9816,5.9816,5.9816,5.9816,5.9816,5.9816,5.9816,5.9816,5.9816,5.9816,5.9816,5.9816,5.9816,5.9816,5.9816,5.9816,5.9816,5.9816,5.9816,5.9816,5.9816,5.9816,5.9816,5.9816,5.9816,5.9816,5.9816,5.9816,5.9816,5.9816,5.9816,5.9816,5.9816,5.9816,5.9816,5.9816,5.9816,5.9816,5.9816,5.9816,5.9816,5.9816,5.9816,5.9816,5.9816,5.9816,5.9816,5.9816,5.9816,5.9816,5.9816,5.9816,5.9816,5.9816,5.9816,5.9816,5.9816,5.9816,5.9816,5.9816,5.9816,5.9816,5.9816,5.9816,5.9816,5.9816,5.9816,5.9816,5.9816,5.9816,5.9816,5.9816,5.9816,5.9816,5.9816,5.9816,5.9816,5.9816,5.9816,5.9816,5.9816,5.9816,5.9816,5.9816,5.9816,5.9816,5.9816,5.9816,5.9816,5.9816,5.9816,5.9816,5.9816,5.9816,5.9816,5.9816,5.9816,5.9816,5.9816,5.9816,5.9816,5.9816,5.9816,5.9816,5.9816,5.9816,5.9816,5.9816,5.9816,5.9816,5.9816,5.9816,5.9816,5.9816,5.9816,5.9816,5.9816,5.9816,5.9816,5.9816,5.9816,5.9816,5.9816,5.9816,5.9816,5.9816,5.9816,5.9816,5.9816,5.9816,5.9816,5.9816,5.9816,5.9816,5.9816,5.9816,5.9816,5.9816,5.9816,5.9816,5.9816,5.9816,5.9816,5.9816,5.9816,5.9816,5.9816,5.9816,5.9816,5.9816,5.9816,5.9816,5.9816,5.9816,5.9816,5.9816,5.9816,5.9816,5.9816,5.9816
5.9778,5.9778,5.9778,5.9778,5.9778,5.9778,5.9778,5.9778,5.9778,5.9778,5.9778,5.9778,5.9778,5.9778,5.9778,5.9778,5.9778,5.9778,5.9778,5.9778,5.9778,5.9778,5.9778,5.9778,5.9778,5.9778,5.9778,5.9778,5.9778,5.9778,5.9778,5.9778,5.9778,5.9778,5.9778,5.9778,5.9778,5.9778,5.9778,5.9778,5.9778,5.9778,5.9778,5.9778,5.9778,5.9778,5.9778,5.9778,5.9778,5.9778,5.9778,5.9778,5.9778,5.9778,5.9778,5.9778,5.9778,5.9778,5.9778,5.9778,5.9778,5.9778,5.9778,5.9778,5.9778,5.9778,5.9778,5.9778,5.9778,5.9778,5.9778,5.9778,5.9778,5.9778,5.9778,5.9778,5.9778,5.9778,5.9778,5.9778,5.9778,5.9778,5.9778,5.9778,5.9778,5.9778,5.9778,5.9778,5.9778,5.9778,5.9778,5.9778,5.9778,5.9778,5.9778,5.9778,5.9778,5.9778,5.9778,5.9778,5.9778,5.9778,5.9778,5.9778,5.9778,5.9778,5.9778,5.9778,5.9778,5.9778,5.9778,5.9778,5.9778,5.9778,5.9778,5.9778,5.9778,5.9778,5.9778,5.9778,5.9778,5.9778,5.9778,5.9778,5.9778,5.9778,5.9778,5.9778,5.9778,5.9778,5.9778,5.9778,5.9778,5.9778,5.9778,5.9778,5.9778,5.9778,5.9778,5.9778,5.9778,5.9778,5.9778,5.9778,5.9778,5.9778,5.9778,5.9778,5.9778,5.9778,5.9778,5.9778,5.9778,5.9778,5.9778,5.9778,5.9778,5.9778,5.9778,5.9778,5.9778,5.9778,5.9778,5.9778,5.9778,5.9778,5.9778,5.9778,5.9778,5.9778,5.9778,5.9778,5.9778,5.9778,5.9778,5.9778,5.9778,5.9778,5.9778,5.9778,5.9778,5.9778,5.9778,5.9778,5.9778,5.9778,5.9778,5.9778,5.9778,5.9778,5.9778,5.9778,5.9778,5.9778,5.9778,5.9778,5.9778,5.9778,5.9778,5.9778,5.9778,5.9778,5.9778,5.9778,5.9778,5.9778,5.9778,5.9778,5.9778,5.9778,5.9778,5.9778,5.9778,5.9778,5.9778,5.9778,5.9778,5.9778,5.9778,5.9778,5.9778,5.9778,5.9778,5.9778,5.9778,5.9778,5.9778,5.9778,5.9778,5.9778,5.9778,5.9778,5.9778,5.9778,5.9778,5.9778,5.9778,5.9778,5.9778,5.9778,5.9778,5.9778,5.9778,5.9778,5.9778,5.9778,5.9778,5.9778,5.9778,5.9778,5.9778,5.9778,5.9778,5.9778,5.9778,5.9778,5.9778,5.9778,5.9778,5.9778,5.9778,5.9778,5.9778,5.9778,5.9778,5.9778,5.9778,5.9778,5.9778,5.9778,5.9778,5.9778,5.9778,5.9778,5.9778,5.9778,5.9778,5.9778,5.9778,5.9778,5.9778,5.9778,5.9778,5.9778,5.9778,5.9778,5.9778,5.9778,5.9778,5.9778,5.9778,5.9778,5.9778,5.9778,5.9778,5.9778,5.9778,5.9778,5.9778,5.9778,5.9778,5.9778,5.9778,5.9778,5.9778,5.9778,5.9778,5.9778,5.9778,5.9778,5.9778,5.9778,5.9778,5.9778,5.9778,5.9778,5.9778,5.9778,5.9778,5.9778,5.9778,5.9778,5.9778,5.9778,5.9778,5.9778,5.9778,5.9778,5.9778,5.9778,5.9778,5.9778,5.9778,5.9778,5.9778,5.9778,5.9778,5.9778,5.9778,5.9778,5.9778,5.9778,5.9778,5.9778,5.9778,5.9778,5.9778,5.9778,5.9778,5.9778,5.9778,5.9778,5.9778,5.9778,5.9778,5.9778,5.9778,5.9778,5.9778,5.9778,5.9778,5.9778,5.9778,5.9778,5.9778,5.9778,5.9778,5.9778,5.9778,5.9778,5.9778,5.9778,5.9778,5.9778,5.9778,5.9778,5.9778,5.9778,5.9778,5.9778,5.9778,5.9778,5.9778,5.9778,5.9778,5.9778,5.9778,5.9778,5.9778,5.9778,5.9778,5.9778,5.9778,5.9778,5.9778,5.9778,5.9778,5.9778,5.9778,5.9778,5.9778,5.9778,5.9778,5.9778,5.9778,5.9778,5.9778,5.9778,5.9778,5.9778,5.9778,5.9778,5.9778,5.9778,5.9778,5.9778,5.9778,5.9778,5.9778,5.9778,5.9778,5.9778,5.9778,5.9778,5.9778,5.9778,5.9778,5.9778,5.9778,5.9778,5.9778,5.9778,5.9778,5.9778,5.9778,5.9778,5.9778,5.9778,5.9778,5.9778,5.9778,5.9778,5.9778,5.9778,5.9778,5.9778,5.9778,5.9778,5.9778,5.9778,5.9778,5.9778,5.9778,5.9778,5.9778,5.9778,5.9778,5.9778,5.9778,5.9778,5.9778,5.9778,5.9778,5.9778,5.9778,5.9778,5.9778,5.9778,5.9778,5.9778,5.9778,5.9778,5.9778,5.9778,5.9778,5.9778,5.9778,5.9778,5.9778,5.9778,5.9778,5.9778,5.9778,5.9778,5.9778,5.9778,5.9778,5.9778,5.9778,5.9778,5.9778,5.9778,5.9778,5.9778,5.9778,5.9778,5.9778,5.9778,5.9778,5.9778,5.9778,5.9778,5.9778,5.9778,5.9778,5.9778,5.9778,5.9778,5.9778,5.9778,5.9778,5.9778,5.9778,5.9778,5.9778,5.9778,5.9778,5.9778,5.9778,5.9778,5.9778,5.9778,5.9778,5.9778,5.9778,5.9778,5.9778,5.9778,5.9778,5.9778,5.9778,5.9778,5.9778,5.9778,5.9778,5.9778,5.9778,5.9778,5.9778,5.9778,5.9778,5.9778,5.9778,5.9778,5.9778,5.9778,5.9778,5.9778,5.9778,5.9778,5.9778,5.9778,5.9778,5.9778,5.9778,5.9778,5.9778,5.9778,5.9778,5.9778,5.9778,5.9778,5.9778,5.9778,5.9778,5.9778,5.9778,5.9778,5.9778,5.9778,5.9778,5.9778,5.9778,5.9778,5.9778,5.9778,5.9778,5.9778,5.9778,5.9778,5.9778,5.9778,5.9778,5.9778,5.9778,5.9778,5.9778,5.9778,5.9778,5.9778,5.9778,5.9778,5.9778,5.9778,5.9778,5.9778,5.9778,5.9778,5.9778,5.9778,5.9778,5.9778,5.9778,5.9778,5.9778,5.9778,5.9778,5.9778,5.9778,5.9778,5.9778,5.9778,5.9778,5.9778,5.9778,5.9778,5.9778,5.9778,5.9778,5.9778,5.9778,5.9778,5.9778,5.9778,5.9778,5.9778,5.9778,5.9778,5.9778,5.9778,5.9778,5.9778,5.9778,5.9778,5.9778,5.9778,5.9778,5.9778,5.9778,5.9778,5.9778,5.9778,5.9778,5.9778,5.9778,5.9778,5.9778,5.9778,5.9778,5.9778,5.9778,5.9778,5.9778,5.9778,5.9778,5.9778,5.9778,5.9778,5.9778,5.9778,5.9778,5.9778,5.9778,5.9778,5.9778,5.9778,5.9778,5.9778,5.9778,5.9778,5.9778,5.9778,5.9778,5.9778,5.9778,5.9778,5.9778,5.9778,5.9778,5.9778,5.9778,5.9778,5.9778,5.9778,5.9778,5.9778,5.9778,5.9778,5.9778,5.9778,5.9778,5.9778,5.9778,5.9778,5.9778,5.9778,5.9778,5.9778,5.9778,5.9778,5.9778,5.9778,5.9778,5.9778,5.9778,5.9778,5.9778,5.9778,5.9778,5.9778,5.9778,5.9778,5.9778,5.9778,5.9778,5.9778,5.9778,5.9778,5.9778,5.9778,5.9778,5.9778,5.9778,5.9778,5.9778,5.9778,5.9778,5.9778,5.9778,5.9778,5.9778,5.9778,5.9778,5.9778,5.9778,5.9778,5.9778,5.9778,5.9778,5.9778,5.9778,5.9778,5.9778,5.9778,5.9778,5.9778,5.9778,5.9778,5.9778,5.9778,5.9778,5.9778,5.9778,5.9778,5.9778,5.9778,5.9778,5.9778,5.9778,5.9778,5.9778,5.9778,5.9778,5.9778,5.9778,5.9778,5.9778,5.9778,5.9778,5.9778,5.9778,5.9778,5.9778,5.9778,5.9778,5.9778,5.9778,5.9778,5.9778,5.9778,5.9778,5.9778,5.9778,5.9778,5.9778,5.9778,5.9778,5.9778,5.9778,5.9778,5.9778,5.9778,5.9778,5.9778,5.9778,5.9778,5.9778,5.9778,5.9778,5.9778,5.9778,5.9778,5.9778,5.9778,5.9778,5.9778,5.9778,5.9778,5.9778,5.9778,5.9778,5.9778,5.9778,5.9778,5.9778,5.9778,5.9778,5.9778,5.9778,5.9778,5.9778,5.9778,5.9778,5.9778,5.9778,5.9778,5.9778,5.9778,5.9778,5.9778,5.9778,5.9778,5.9778,5.9778,5.9778,5.9778,5.9778,5.9778,5.9778,5.9778,5.9778,5.9778,5.9778,5.9778,5.9778,5.9778,5.9778,5.9778,5.9778,5.9778,5.9778,5.9778,5.9778,5.9778,5.9778,5.9778,5.9778,5.9778,5.9778,5.9778,5.9778,5.9778,5.9778,5.9778,5.9778,5.9778,5.9778,5.9778,5.9778,5.9778,5.9778,5.9778,5.9778,5.9778,5.9778,5.9778,5.9778,5.9778,5.9778,5.9778,5.9778,5.9778,5.9778,5.9778,5.9778,5.9778,5.9778,5.9778,5.9778,5.9778,5.9778,5.9778,5.9778,5.9778,5.9778,5.9778,5.9778,5.9778,5.9778,5.9778,5.9778,5.9778,5.9778,5.9778,5.9778,5.9778,5.9778,5.9778,5.9778,5.9778,5.9778,5.9778,5.9778,5.9778,5.9778,5.9778,5.9778,5.9778,5.9778,5.9778,5.9778,5.9778,5.9778,5.9778,5.9778,5.9778,5.9778,5.9778,5.9778,5.9778,5.9778,5.9778,5.9778,5.9778,5.9778,5.9778,5.9778,5.9778,5.9778,5.9778,5.9778,5.9778,5.9778,5.9778,5.9778,5.9778,5.9778,5.9778,5.9778,5.9778,5.9778,5.9778,5.9778,5.9778,5.9778,5.9778,5.9778,5.9778,5.9778,5.9778
5.9738,5.9738,5.9738,5.9738,5.9738,5.9738,5.9738,5.9738,5.9738,5.9738,5.9738,5.9738,5.9738,5.9738,5.9738,5.9738,5.9738,5.9738,5.9738,5.9738,5.9738,5.9738,5.9738,5.9738,5.9738,5.9738,5.9738,5.9738,5.9738,5.9738,5.9738,5.9738,5.9738,5.9738,5.9738,5.9738,5.9738,5.9738,5.9738,5.9738,5.9738,5.9738,5.9738,5.9738,5.9738,5.9738,5.9738,5.9738,5.9738,5.9738,5.9738,5.9738,5.9738,5.9738,5.9738,5.9738,5.9738,5.9738,5.9738,5.9738,5.9738,5.9738,5.9738,5.9738,5.9738,5.9738,5.9738,5.9738,5.9738,5.9738,5.9738,5.9738,5.9738,5.9738,5.9738,5.9738,5.9738,5.9738,5.9738,5.9738,5.9738,5.9738,5.9738,5.9738,5.9738,5.9738,5.9738,5.9738,5.9738,5.9738,5.9738,5.9738,5.9738,5.9738,5.9738,5.9738,5.9738,5.9738,5.9738,5.9738,5.9738,5.9738,5.9738,5.9738,5.9738,5.9738,5.9738,5.9738,5.9738,5.9738,5.9738,5.9738,5.9738,5.9738,5.9738,5.9738,5.9738,5.9738,5.9738,5.9738,5.9738,5.9738,5.9738,5.9738,5.9738,5.9738,5.9738,5.9738,5.9738,5.9738,5.9738,5.9738,5.9738,5.9738,5.9738,5.9738,5.9738,5.9738,5.9738,5.9738,5.9738,5.9738,5.9738,5.9738,5.9738,5.9738,5.9738,5.9738,5.9738,5.9738,5.9738,5.9738,5.9738,5.9738,5.9738,5.9738,5.9738,5.9738,5.9738,5.9738,5.9738,5.9738,5.9738,5.9738,5.9738,5.9738,5.9738,5.9738,5.9738,5.9738,5.9738,5.9738,5.9738,5.9738,5.9738,5.9738,5.9738,5.9738,5.9738,5.9738,5.9738,5.9738,5.9738,5.9738,5.9738,5.9738,5.9738,5.9738,5.9738,5.9738,5.9738,5.9738,5.9738,5.9738,5.9738,5.9738,5.9738,5.9738,5.9738,5.9738,5.9738,5.9738,5.9738,5.9738,5.9738,5.9738,5.9738,5.9738,5.9738,5.9738,5.9738,5.9738,5.9738,5.9738,5.9738,5.9738,5.9738,5.9738,5.9738,5.9738,5.9738,5.9738,5.9738,5.9738,5.9738,5.9738,5.9738,5.9738,5.9738,5.9738,5.9738,5.9738,5.9738,5.9738,5.9738,5.9738,5.9738,5.9738,5.9738,5.9738,5.9738,5.9738,5.9738,5.9738,5.9738,5.9738,5.9738,5.9738,5.9738,5.9738,5.9738,5.9738,5.9738,5.9738,5.9738,5.9738,5.9738,5.9738,5.9738,5.9738,5.9738,5.9738,5.9738,5.9738,5.9738,5.9738,5.9738,5.9738,5.9738,5.9738,5.9738,5.9738,5.9738,5.9738,5.9738,5.9738,5.9738,5.9738,5.9738,5.9738,5.9738,5.9738,5.9738,5.9738,5.9738,5.9738,5.9738,5.9738,5.9738,5.9738,5.9738,5.9738,5.9738,5.9738,5.9738,5.9738,5.9738,5.9738,5.9738,5.9738,5.9738,5.9738,5.9738,5.9738,5.9738,5.9738,5.9738,5.9738,5.9738,5.9738,5.9738,5.9738,5.9738,5.9738,5.9738,5.9738,5.9738,5.9738,5.9738,5.9738,5.9738,5.9738,5.9738,5.9738,5.9738,5.9738,5.9738,5.9738,5.9738,5.9738,5.9738,5.9738,5.9738,5.9738,5.9738,5.9738,5.9738,5.9738,5.9738,5.9738,5.9738,5.9738,5.9738,5.9738,5.9738,5.9738,5.9738,5.9738,5.9738,5.9738,5.9738,5.9738,5.9738,5.9738,5.9738,5.9738,5.9738,5.9738,5.9738,5.9738,5.9738,5.9738,5.9738,5.9738,5.9738,5.9738,5.9738,5.9738,5.9738,5.9738,5.9738,5.9738,5.9738,5.9738,5.9738,5.9738,5.9738,5.9738,5.9738,5.9738,5.9738,5.9738,5.9738,5.9738,5.9738,5.9738,5.9738,5.9738,5.9738,5.9738,5.9738,5.9738,5.9738,5.9738,5.9738,5.9738,5.9738,5.9738,5.9738,5.9738,5.9738,5.9738,5.9738,5.9738,5.9738,5.9738,5.9738,5.9738,5.9738,5.9738,5.9738,5.9738,5.9738,5.9738,5.9738,5.9738,5.9738,5.9738,5.9738,5.9738,5.9738,5.9738,5.9738,5.9738,5.9738,5.9738,5.9738,5.9738,5.9738,5.9738,5.9738,5.9738,5.9738,5.9738,5.9738,5.9738,5.9738,5.9738,5.9738,5.9738,5.9738,5.9738,5.9738,5.9738,5.9738,5.9738,5.9738,5.9738,5.9738,5.9738,5.9738,5.9738,5.9738,5.9738,5.9738,5.9738,5.9738,5.9738,5.9738,5.9738,5.9738,5.9738,5.9738,5.9738,5.9738,5.9738,5.9738,5.9738,5.9738,5.9738,5.9738,5.9738,5.9738,5.9738,5.9738,5.9738,5.9738,5.9738,5.9738,5.9738,5.9738,5.9738,5.9738,5.9738,5.9738,5.9738,5.9738,5.9738,5.9738,5.9738,5.9738,5.9738,5.9738,5.9738,5.9738,5.9738,5.9738,5.9738,5.9738,5.9738,5.9738,5.9738,5.9738,5.9738,5.9738,5.9738,5.9738,5.9738,5.9738,5.9738,5.9738,5.9738,5.9738,5.9738,5.9738,5.9738,5.9738,5.9738,5.9738,5.9738,5.9738,5.9738,5.9738,5.9738,5.9738,5.9738,5.9738,5.9738,5.9738,5.9738,5.9738,5.9738,5.9738,5.9738,5.9738,5.9738,5.9738,5.9738,5.9738,5.9738,5.9738,5.9738,5.9738,5.9738,5.9738,5.9738,5.9738,5.9738,5.9738,5.9738,5.9738,5.9738,5.9738,5.9738,5.9738,5.9738,5.9738,5.9738,5.9738,5.9738,5.9738,5.9738,5.9738,5.9738,5.9738,5.9738,5.9738,5.9738,5.9738,5.9738,5.9738,5.9738,5.9738,5.9738,5.9738,5.9738,5.9738,5.9738,5.9738,5.9738,5.9738,5.9738,5.9738,5.9738,5.9738,5.9738,5.9738,5.9738,5.9738,5.9738,5.9738,5.9738,5.9738,5.9738,5.9738,5.9738,5.9738,5.9738,5.9738,5.9738,5.9738,5.9738,5.9738,5.9738,5.9738,5.9738,5.9738,5.9738,5.9738,5.9738,5.9738,5.9738,5.9738,5.9738,5.9738,5.9738,5.9738,5.9738,5.9738,5.9738,5.9738,5.9738,5.9738,5.9738,5.9738,5.9738,5.9738,5.9738,5.9738,5.9738,5.9738,5.9738,5.9738,5.9738,5.9738,5.9738,5.9738,5.9738,5.9738,5.9738,5.9738,5.9738,5.9738,5.9738,5.9738,5.9738,5.9738,5.9738,5.9738,5.9738,5.9738,5.9738,5.9738,5.9738,5.9738,5.9738,5.9738,5.9738,5.9738,5.9738,5.9738,5.9738,5.9738,5.9738,5.9738,5.9738,5.9738,5.9738,5.9738,5.9738,5.9738,5.9738,5.9738,5.9738,5.9738,5.9738,5.9738,5.9738,5.9738,5.9738,5.9738,5.9738,5.9738,5.9738,5.9738,5.9738,5.9738,5.9738,5.9738,5.9738,5.9738,5.9738,5.9738,5.9738,5.9738,5.9738,5.9738,5.9738,5.9738,5.9738,5.9738,5.9738,5.9738,5.9738,5.9738,5.9738,5.9738,5.9738,5.9738,5.9738,5.9738,5.9738,5.9738,5.9738,5.9738,5.9738,5.9738,5.9738,5.9738,5.9738,5.9738,5.9738,5.9738,5.9738,5.9738,5.9738,5.9738,5.9738,5.9738,5.9738,5.9738,5.9738,5.9738,5.9738,5.9738,5.9738,5.9738,5.9738,5.9738,5.9738,5.9738,5.9738,5.9738,5.9738,5.9738,5.9738,5.9738,5.9738,5.9738,5.9738,5.9738,5.9738,5.9738,5.9738,5.9738,5.9738,5.9738,5.9738,5.9738,5.9738,5.9738,5.9738,5.9738,5.9738,5.9738,5.9738,5.9738,5.9738,5.9738,5.9738,5.9738,5.9738,5.9738,5.9738,5.9738,5.9738,5.9738,5.9738,5.9738,5.9738,5.9738,5.9738,5.9738,5.9738,5.9738,5.9738,5.9738,5.9738,5.9738,5.9738,5.9738,5.9738,5.9738,5.9738,5.9738,5.9738,5.9738,5.9738,5.9738,5.9738,5.9738,5.9738,5.9738,5.9738,5.9738,5.9738,5.9738,5.9738,5.9738,5.9738,5.9738,5.9738,5.9738,5.9738,5.9738,5.9738,5.9738,5.9738,5.9738,5.9738,5.9738,5.9738,5.9738,5.9738,5.9738,5.9738,5.9738,5.9738,5.9738,5.9738,5.9738,5.9738,5.9738,5.9738,5.9738,5.9738,5.9738,5.9738,5.9738,5.9738,5.9738,5.9738,5.9738,5.9738,5.9738,5.9738,5.9738,5.9738,5.9738,5.9738,5.9738,5.9738,5.9738,5.9738,5.9738,5.9738,5.9738,5.9738,5.9738,5.9738,5.9738,5.9738,5.9738,5.9738,5.9738,5.9738,5.9738,5.9738,5.9738,5.9738,5.9738,5.9738,5.9738,5.9738,5.9738,5.9738,5.9738,5.9738,5.9738,5.9738,5.9738,5.9738,5.9738,5.9738,5.9738,5.9738,5.9738,5.9738,5.9738,5.9738,5.9738,5.9738,5.9738,5.9738,5.9738,5.9738,5.9738,5.9738,5.9738,5.9738,5.9738,5.9738,5.9738,5.9738,5.9738,5.9738,5.9738,5.9738,5.9738,5.9738,5.9738,5.9738,5.9738,5.9738,5.9738,5.9738,5.9738,5.9738,5.9738,5.9738,5.9738,5.9738,5.9738,5.9738,5.9738,5.9738,5.9738,5.9738,5.9738,5.9738,5.9738,5.9738,5.9738,5.9738,5.9738,5.9738,5.9738,5.9738,5.9738,5.9738,5.9738,5.9738,5.9738,5.9738,5.9738,5.9738,5.9738,5.9738,5.9738,5.9738,5.9738,5.9738,5.9738,5.9738,5.9738,5.9738,5.9738,5.9738,5.9738,5.9738
5.9697,5.9697,5.9697,5.9697,5.9697,5.9697,5.9697,5.9697,5.9697,5.9697,5.9697,5.9697,5.9697,5.9697,5.9697,5.9697,5.9697,5.9697,5.9697,5.9697,5.9697,5.9697,5.9697,5.9697,5.9697,5.9697,5.9697,5.9697,5.9697,5.9697,5.9697,5.9697,5.9697,5.9697,5.9697,5.9697,5.9697,5.9697,5.9697,5.9697,5.9697,5.9697,5.9697,5.9697,5.9697,5.9697,5.9697,5.9697,5.9697,5.9697,5.9697,5.9697,5.9697,5.9697,5.9697,5.9697,5.9697,5.9697,5.9697,5.9697,5.9697,5.9697,5.9697,5.9697,5.9697,5.9697,5.9697,5.9697,5.9697,5.9697,5.9697,5.9697,5.9697,5.9697,5.9697,5.9697,5.9697,5.9697,5.9697,5.9697,5.9697,5.9697,5.9697,5.9697,5.9697,5.9697,5.9697,5.9697,5.9697,5.9697,5.9697,5.9697,5.9697,5.9697,5.9697,5.9697,5.9697,5.9697,5.9697,5.9697,5.9697,5.9697,5.9697,5.9697,5.9697,5.9697,5.9697,5.9697,5.9697,5.9697,5.9697,5.9697,5.9697,5.9697,5.9697,5.9697,5.9697,5.9697,5.9697,5.9697,5.9697,5.9697,5.9697,5.9697,5.9697,5.9697,5.9697,5.9697,5.9697,5.9697,5.9697,5.9697,5.9697,5.9697,5.9697,5.9697,5.9697,5.9697,5.9697,5.9697,5.9697,5.9697,5.9697,5.9697,5.9697,5.9697,5.9697,5.9697,5.9697,5.9697,5.9697,5.9697,5.9697,5.9697,5.9697,5.9697,5.9697,5.9697,5.9697,5.9697,5.9697,5.9697,5.9697,5.9697,5.9697,5.9697,5.9697,5.9697,5.9697,5.9697,5.9697,5.9697,5.9697,5.9697,5.9697,5.9697,5.9697,5.9697,5.9697,5.9697,5.9697,5.9697,5.9697,5.9697,5.9697,5.9697,5.9697,5.9697,5.9697,5.9697,5.9697,5.9697,5.9697,5.9697,5.9697,5.9697,5.9697,5.9697,5.9697,5.9697,5.9697,5.9697,5.9697,5.9697,5.9697,5.9697,5.9697,5.9697,5.9697,5.9697,5.9697,5.9697,5.9697,5.9697,5.9697,5.9697,5.9697,5.9697,5.9697,5.9697,5.9697,5.9697,5.9697,5.9697,5.9697,5.9697,5.9697,5.9697,5.9697,5.9697,5.9697,5.9697,5.9697,5.9697,5.9697,5.9697,5.9697,5.9697,5.9697,5.9697,5.9697,5.9697,5.9697,5.9697,5.9697,5.9697,5.9697,5.9697,5.9697,5.9697,5.9697,5.9697,5.9697,5.9697,5.9697,5.9697,5.9697,5.9697,5.9697,5.9697,5.9697,5.9697,5.9697,5.9697,5.9697,5.9697,5.9697,5.9697,5.9697,5.9697,5.9697,5.9697,5.9697,5.9697,5.9697,5.9697,5.9697,5.9697,5.9697,5.9697,5.9697,5.9697,5.9697,5.9697,5.9697,5.9697,5.9697,5.9697,5.9697,5.9697,5.9697,5.9697,5.9697,5.9697,5.9697,5.9697,5.9697,5.9697,5.9697,5.9697,5.9697,5.9697,5.9697,5.9697,5.9697,5.9697,5.9697,5.9697,5.9697,5.9697,5.9697,5.9697,5.9697,5.9697,5.9697,5.9697,5.9697,5.9697,5.9697,5.9697,5.9697,5.9697,5.9697,5.9697,5.9697,5.9697,5.9697,5.9697,5.9697,5.9697,5.9697,5.9697,5.9697,5.9697,5.9697,5.9697,5.9697,5.9697,5.9697,5.9697,5.9697,5.9697,5.9697,5.9697,5.9697,5.9697,5.9697,5.9697,5.9697,5.9697,5.9697,5.9697,5.9697,5.9697,5.9697,5.9697,5.9697,5.9697,5.9697,5.9697,5.9697,5.9697,5.9697,5.9697,5.9697,5.9697,5.9697,5.9697,5.9697,5.9697,5.9697,5.9697,5.9697,5.9697,5.9697,5.9697,5.9697,5.9697,5.9697,5.9697,5.9697,5.9697,5.9697,5.9697,5.9697,5.9697,5.9697,5.9697,5.9697,5.9697,5.9697,5.9697,5.9697,5.9697,5.9697,5.9697,5.9697,5.9697,5.9697,5.9697,5.9697,5.9697,5.9697,5.9697,5.9697,5.9697,5.9697,5.9697,5.9697,5.9697,5.9697,5.9697,5.9697,5.9697,5.9697,5.9697,5.9697,5.9697,5.9697,5.9697,5.9697,5.9697,5.9697,5.9697,5.9697,5.9697,5.9697,5.9697,5.9697,5.9697,5.9697,5.9697,5.9697,5.9697,5.9697,5.9697,5.9697,5.9697,5.9697,5.9697,5.9697,5.9697,5.9697,5.9697,5.9697,5.9697,5.9697,5.9697,5.9697,5.9697,5.9697,5.9697,5.9697,5.9697,5.9697,5.9697,5.9697,5.9697,5.9697,5.9697,5.9697,5.9697,5.9697,5.9697,5.9697,5.9697,5.9697,5.9697,5.9697,5.9697,5.9697,5.9697,5.9697,5.9697,5.9697,5.9697,5.9697,5.9697,5.9697,5.9697,5.9697,5.9697,5.9697,5.9697,5.9697,5.9697,5.9697,5.9697,5.9697,5.9697,5.9697,5.9697,5.9697,5.9697,5.9697,5.9697,5.9697,5.9697,5.9697,5.9697,5.9697,5.9697,5.9697,5.9697,5.9697,5.9697,5.9697,5.9697,5.9697,5.9697,5.9697,5.9697,5.9697,5.9697,5.9697,5.9697,5.9697,5.9697,5.9697,5.9697,5.9697,5.9697,5.9697,5.9697,5.9697,5.9697,5.9697,5.9697,5.9697,5.9697,5.9697,5.9697,5.9697,5.9697,5.9697,5.9697,5.9697,5.9697,5.9697,5.9697,5.9697,5.9697,5.9697,5.9697,5.9697,5.9697,5.9697,5.9697,5.9697,5.9697,5.9697,5.9697,5.9697,5.9697,5.9697,5.9697,5.9697,5.9697,5.9697,5.9697,5.9697,5.9697,5.9697,5.9697,5.9697,5.9697,5.9697,5.9697,5.9697,5.9697,5.9697,5.9697,5.9697,5.9697,5.9697,5.9697,5.9697,5.9697,5.9697,5.9697,5.9697,5.9697,5.9697,5.9697,5.9697,5.9697,5.9697,5.9697,5.9697,5.9697,5.9697,5.9697,5.9697,5.9697,5.9697,5.9697,5.9697,5.9697,5.9697,5.9697,5.9697,5.9697,5.9697,5.9697,5.9697,5.9697,5.9697,5.9697,5.9697,5.9697,5.9697,5.9697,5.9697,5.9697,5.9697,5.9697,5.9697,5.9697,5.9697,5.9697,5.9697,5.9697,5.9697,5.9697,5.9697,5.9697,5.9697,5.9697,5.9697,5.9697,5.9697,5.9697,5.9697,5.9697,5.9697,5.9697,5.9697,5.9697,5.9697,5.9697,5.9697,5.9697,5.9697,5.9697,5.9697,5.9697,5.9697,5.9697,5.9697,5.9697,5.9697,5.9697,5.9697,5.9697,5.9697,5.9697,5.9697,5.9697,5.9697,5.9697,5.9697,5.9697,5.9697,5.9697,5.9697,5.9697,5.9697,5.9697,5.9697,5.9697,5.9697,5.9697,5.9697,5.9697,5.9697,5.9697,5.9697,5.9697,5.9697,5.9697,5.9697,5.9697,5.9697,5.9697,5.9697,5.9697,5.9697,5.9697,5.9697,5.9697,5.9697,5.9697,5.9697,5.9697,5.9697,5.9697,5.9697,5.9697,5.9697,5.9697,5.9697,5.9697,5.9697,5.9697,5.9697,5.9697,5.9697,5.9697,5.9697,5.9697,5.9697,5.9697,5.9697,5.9697,5.9697,5.9697,5.9697,5.9697,5.9697,5.9697,5.9697,5.9697,5.9697,5.9697,5.9697,5.9697,5.9697,5.9697,5.9697,5.9697,5.9697,5.9697,5.9697,5.9697,5.9697,5.9697,5.9697,5.9697,5.9697,5.9697,5.9697,5.9697,5.9697,5.9697,5.9697,5.9697,5.9697,5.9697,5.9697,5.9697,5.9697,5.9697,5.9697,5.9697,5.9697,5.9697,5.9697,5.9697,5.9697,5.9697,5.9697,5.9697,5.9697,5.9697,5.9697,5.9697,5.9697,5.9697,5.9697,5.9697,5.9697,5.9697,5.9697,5.9697,5.9697,5.9697,5.9697,5.9697,5.9697,5.9697,5.9697,5.9697,5.9697,5.9697,5.9697,5.9697,5.9697,5.9697,5.9697,5.9697,5.9697,5.9697,5.9697,5.9697,5.9697,5.9697,5.9697,5.9697,5.9697,5.9697,5.9697,5.9697,5.9697,5.9697,5.9697,5.9697,5.9697,5.9697,5.9697,5.9697,5.9697,5.9697,5.9697,5.9697,5.9697,5.9697,5.9697,5.9697,5.9697,5.9697,5.9697,5.9697,5.9697,5.9697,5.9697,5.9697,5.9697,5.9697,5.9697,5.9697,5.9697,5.9697,5.9697,5.9697,5.9697,5.9697,5.9697,5.9697,5.9697,5.9697,5.9697,5.9697,5.9697,5.9697,5.9697,5.9697,5.9697,5.9697,5.9697,5.9697,5.9697,5.9697,5.9697,5.9697,5.9697,5.9697,5.9697,5.9697,5.9697,5.9697,5.9697,5.9697,5.9697,5.9697,5.9697,5.9697,5.9697,5.9697,5.9697,5.9697,5.9697,5.9697,5.9697,5.9697,5.9697,5.9697,5.9697,5.9697,5.9697,5.9697,5.9697,5.9697,5.9697,5.9697,5.9697,5.9697,5.9697,5.9697,5.9697,5.9697,5.9697,5.9697,5.9697,5.9697,5.9697,5.9697,5.9697,5.9697,5.9697,5.9697,5.9697,5.9697,5.9697,5.9697,5.9697,5.9697,5.9697,5.9697,5.9697,5.9697,5.9697,5.9697,5.9697,5.9697,5.9697,5.9697,5.9697,5.9697,5.9697,5.9697,5.9697,5.9697,5.9697,5.9697,5.9697,5.9697,5.9697,5.9697,5.9697,5.9697,5.9697,5.9697,5.9697,5.9697,5.9697,5.9697,5.9697,5.9697,5.9697,5.9697,5.9697,5.9697,5.9697,5.9697,5.9697,5.9697,5.9697,5.9697,5.9697,5.9697,5.9697,5.9697,5.9697,5.9697,5.9697,5.9697,5.9697,5.9697,5.9697,5.9697
5.9657,5.9657,5.9657,5.9657,5.9657,5.9657,5.9657,5.9657,5.9657,5.9657,5.9657,5.9657,5.9657,5.9657,5.9657,5.9657,5.9657,5.9657,5.9657,5.9657,5.9657,5.9657,5.9657,5.9657,5.9657,5.9657,5.9657,5.9657,5.9657,5.9657,5.9657,5.9657,5.9657,5.9657,5.9657,5.9657,5.9657,5.9657,5.9657,5.9657,5.9657,5.9657,5.9657,5.9657,5.9657,5.9657,5.9657,5.9657,5.9657,5.9657,5.9657,5.9657,5.9657,5.9657,5.9657,5.9657,5.9657,5.9657,5.9657,5.9657,5.9657,5.9657,5.9657,5.9657,5.9657,5.9657,5.9657,5.9657,5.9657,5.9657,5.9657,5.9657,5.9657,5.9657,5.9657,5.9657,5.9657,5.9657,5.9657,5.9657,5.9657,5.9657,5.9657,5.9657,5.9657,5.9657,5.9657,5.9657,5.9657,5.9657,5.9657,5.9657,5.9657,5.9657,5.9657,5.9657,5.9657,5.9657,5.9657,5.9657,5.9657,5.9657,5.9657,5.9657,5.9657,5.9657,5.9657,5.9657,5.9657,5.9657,5.9657,5.9657,5.9657,5.9657,5.9657,5.9657,5.9657,5.9657,5.9657,5.9657,5.9657,5.9657,5.9657,5.9657,5.9657,5.9657,5.9657,5.9657,5.9657,5.9657,5.9657,5.9657,5.9657,5.9657,5.9657,5.9657,5.9657,5.9657,5.9657,5.9657,5.9657,5.9657,5.9657,5.9657,5.9657,5.9657,5.9657,5.9657,5.9657,5.9657,5.9657,5.9657,5.9657,5.9657,5.9657,5.9657,5.9657,5.9657,5.9657,5.9657,5.9657,5.9657,5.9657,5.9657,5.9657,5.9657,5.9657,5.9657,5.9657,5.9657,5.9657,5.9657,5.9657,5.9657,5.9657,5.9657,5.9657,5.9657,5.9657,5.9657,5.9657,5.9657,5.9657,5.9657,5.9657,5.9657,5.9657,5.9657,5.9657,5.9657,5.9657,5.9657,5.9657,5.9657,5.9657,5.9657,5.9657,5.9657,5.9657,5.9657,5.9657,5.9657,5.9657,5.9657,5.9657,5.9657,5.9657,5.9657,5.9657,5.9657,5.9657,5.9657,5.9657,5.9657,5.9657,5.9657,5.9657,5.9657,5.9657,5.9657,5.9657,5.9657,5.9657,5.9657,5.9657,5.9657,5.9657,5.9657,5.9657,5.9657,5.9657,5.9657,5.9657,5.9657,5.9657,5.9657,5.9657,5.9657,5.9657,5.9657,5.9657,5.9657,5.9657,5.9657,5.9657,5.9657,5.9657,5.9657,5.9657,5.9657,5.9657,5.9657,5.9657,5.9657,5.9657,5.9657,5.9657,5.9657,5.9657,5.9657,5.9657,5.9657,5.9657,5.9657,5.9657,5.9657,5.9657,5.9657,5.9657,5.9657,5.9657,5.9657,5.9657,5.9657,5.9657,5.9657,5.9657,5.9657,5.9657,5.9657,5.9657,5.9657,5.9657,5.9657,5.9657,5.9657,5.9657,5.9657,5.9657,5.9657,5.9657,5.9657,5.9657,5.9657,5.9657,5.9657,5.9657,5.9657,5.9657,5.9657,5.9657,5.9657,5.9657,5.9657,5.9657,5.9657,5.9657,5.9657,5.9657,5.9657,5.9657,5.9657,5.9657,5.9657,5.9657,5.9657,5.9657,5.9657,5.9657,5.9657,5.9657,5.9657,5.9657,5.9657,5.9657,5.9657,5.9657,5.9657,5.9657,5.9657,5.9657,5.9657,5.9657,5.9657,5.9657,5.9657,5.9657,5.9657,5.9657,5.9657,5.9657,5.9657,5.9657,5.9657,5.9657,5.9657,5.9657,5.9657,5.9657,5.9657,5.9657,5.9657,5.9657,5.9657,5.9657,5.9657,5.9657,5.9657,5.9657,5.9657,5.9657,5.9657,5.9657,5.9657,5.9657,5.9657,5.9657,5.9657,5.9657,5.9657,5.9657,5.9657,5.9657,5.9657,5.9657,5.9657,5.9657,5.9657,5.9657,5.9657,5.9657,5.9657,5.9657,5.9657,5.9657,5.9657,5.9657,5.9657,5.9657,5.9657,5.9657,5.9657,5.9657,5.9657,5.9657,5.9657,5.9657,5.9657,5.9657,5.9657,5.9657,5.9657,5.9657,5.9657,5.9657,5.9657,5.9657,5.9657,5.9657,5.9657,5.9657,5.9657,5.9657,5.9657,5.9657,5.9657,5.9657,5.9657,5.9657,5.9657,5.9657,5.9657,5.9657,5.9657,5.9657,5.9657,5.9657,5.9657,5.9657,5.9657,5.9657,5.9657,5.9657,5.9657,5.9657,5.9657,5.9657,5.9657,5.9657,5.9657,5.9657,5.9657,5.9657,5.9657,5.9657,5.9657,5.9657,5.9657,5.9657,5.9657,5.9657,5.9657,5.9657,5.9657,5.9657,5.9657,5.9657,5.9657,5.9657,5.9657,5.9657,5.9657,5.9657,5.9657,5.9657,5.9657,5.9657,5.9657,5.9657,5.9657,5.9657,5.9657,5.9657,5.9657,5.9657,5.9657,5.9657,5.9657,5.9657,5.9657,5.9657,5.9657,5.9657,5.9657,5.9657,5.9657,5.9657,5.9657,5.9657,5.9657,5.9657,5.9657,5.9657,5.9657,5.9657,5.9657,5.9657,5.9657,5.9657,5.9657,5.9657,5.9657,5.9657,5.9657,5.9657,5.9657,5.9657,5.9657,5.9657,5.9657,5.9657,5.9657,5.9657,5.9657,5.9657,5.9657,5.9657,5.9657,5.9657,5.9657,5.9657,5.9657,5.9657,5.9657,5.9657,5.9657,5.9657,5.9657,5.9657,5.9657,5.9657,5.9657,5.9657,5.9657,5.9657,5.9657,5.9657,5.9657,5.9657,5.9657,5.9657,5.9657,5.9657,5.9657,5.9657,5.9657,5.9657,5.9657,5.9657,5.9657,5.9657,5.9657,5.9657,5.9657,5.9657,5.9657,5.9657,5.9657,5.9657,5.9657,5.9657,5.9657,5.9657,5.9657,5.9657,5.9657,5.9657,5.9657,5.9657,5.9657,5.9657,5.9657,5.9657,5.9657,5.9657,5.9657,5.9657,5.9657,5.9657,5.9657,5.9657,5.9657,5.9657,5.9657,5.9657,5.9657,5.9657,5.9657,5.9657,5.9657,5.9657,5.9657,5.9657,5.9657,5.9657,5.9657,5.9657,5.9657,5.9657,5.9657,5.9657,5.9657,5.9657,5.9657,5.9657,5.9657,5.9657,5.9657,5.9657,5.9657,5.9657,5.9657,5.9657,5.9657,5.9657,5.9657,5.9657,5.9657,5.9657,5.9657,5.9657,5.9657,5.9657,5.9657,5.9657,5.9657,5.9657,5.9657,5.9657,5.9657,5.9657,5.9657,5.9657,5.9657,5.9657,5.9657,5.9657,5.9657,5.9657,5.9657,5.9657,5.9657,5.9657,5.9657,5.9657,5.9657,5.9657,5.9657,5.9657,5.9657,5.9657,5.9657,5.9657,5.9657,5.9657,5.9657,5.9657,5.9657,5.9657,5.9657,5.9657,5.9657,5.9657,5.9657,5.9657,5.9657,5.9657,5.9657,5.9657,5.9657,5.9657,5.9657,5.9657,5.9657,5.9657,5.9657,5.9657,5.9657,5.9657,5.9657,5.9657,5.9657,5.9657,5.9657,5.9657,5.9657,5.9657,5.9657,5.9657,5.9657,5.9657,5.9657,5.9657,5.9657,5.9657,5.9657,5.9657,5.9657,5.9657,5.9657,5.9657,5.9657,5.9657,5.9657,5.9657,5.9657,5.9657,5.9657,5.9657,5.9657,5.9657,5.9657,5.9657,5.9657,5.9657,5.9657,5.9657,5.9657,5.9657,5.9657,5.9657,5.9657,5.9657,5.9657,5.9657,5.9657,5.9657,5.9657,5.9657,5.9657,5.9657,5.9657,5.9657,5.9657,5.9657,5.9657,5.9657,5.9657,5.9657,5.9657,5.9657,5.9657,5.9657,5.9657,5.9657,5.9657,5.9657,5.9657,5.9657,5.9657,5.9657,5.9657,5.9657,5.9657,5.9657,5.9657,5.9657,5.9657,5.9657,5.9657,5.9657,5.9657,5.9657,5.9657,5.9657,5.9657,5.9657,5.9657,5.9657,5.9657,5.9657,5.9657,5.9657,5.9657,5.9657,5.9657,5.9657,5.9657,5.9657,5.9657,5.9657,5.9657,5.9657,5.9657,5.9657,5.9657,5.9657,5.9657,5.9657,5.9657,5.9657,5.9657,5.9657,5.9657,5.9657,5.9657,5.9657,5.9657,5.9657,5.9657,5.9657,5.9657,5.9657,5.9657,5.9657,5.9657,5.9657,5.9657,5.9657,5.9657,5.9657,5.9657,5.9657,5.9657,5.9657,5.9657,5.9657,5.9657,5.9657,5.9657,5.9657,5.9657,5.9657,5.9657,5.9657,5.9657,5.9657,5.9657,5.9657,5.9657,5.9657,5.9657,5.9657,5.9657,5.9657,5.9657,5.9657,5.9657,5.9657,5.9657,5.9657,5.9657,5.9657,5.9657,5.9657,5.9657,5.9657,5.9657,5.9657,5.9657,5.9657,5.9657,5.9657,5.9657,5.9657,5.9657,5.9657,5.9657,5.9657,5.9657,5.9657,5.9657,5.9657,5.9657,5.9657,5.9657,5.9657,5.9657,5.9657,5.9657,5.9657,5.9657,5.9657,5.9657,5.9657,5.9657,5.9657,5.9657,5.9657,5.9657,5.9657,5.9657,5.9657,5.9657,5.9657,5.9657,5.9657,5.9657,5.9657,5.9657,5.9657,5.9657,5.9657,5.9657,5.9657,5.9657,5.9657,5.9657,5.9657,5.9657,5.9657,5.9657,5.9657,5.9657,5.9657,5.9657,5.9657,5.9657,5.9657,5.9657,5.9657,5.9657,5.9657,5.9657,5.9657,5.9657,5.9657,5.9657,5.9657,5.9657,5.9657,5.9657,5.9657,5.9657,5.9657,5.9657,5.9657,5.9657,5.9657,5.9657,5.9657,5.9657,5.9657,5.9657,5.9657,5.9657,5.9657,5.9657,5.9657,5.9657,5.9657,5.9657,5.9657,5.9657,5.9657,5.9657,5.9657,5.9657,5.9657,5.9657,5.9657,5.9657,5.9657,5.9657,5.9657,5.9657,5.9657,5.9657,5.9657,5.9657
5.9619,5.9619,5.9619,5.9619,5.9619,5.9619,5.9619,5.9619,5.9619,5.9619,5.9619,5.9619,5.9619,5.9619,5.9619,5.9619,5.9619,5.9619,5.9619,5.9619,5.9619,5.9619,5.9619,5.9619,5.9619,5.9619,5.9619,5.9619,5.9619,5.9619,5.9619,5.9619,5.9619,5.9619,5.9619,5.9619,5.9619,5.9619,5.9619,5.9619,5.9619,5.9619,5.9619,5.9619,5.9619,5.9619,5.9619,5.9619,5.9619,5.9619,5.9619,5.9619,5.9619,5.9619,5.9619,5.9619,5.9619,5.9619,5.9619,5.9619,5.9619,5.9619,5.9619,5.9619,5.9619,5.9619,5.9619,5.9619,5.9619,5.9619,5.9619,5.9619,5.9619,5.9619,5.9619,5.9619,5.9619,5.9619,5.9619,5.9619,5.9619,5.9619,5.9619,5.9619,5.9619,5.9619,5.9619,5.9619,5.9619,5.9619,5.9619,5.9619,5.9619,5.9619,5.9619,5.9619,5.9619,5.9619,5.9619,5.9619,5.9619,5.9619,5.9619,5.9619,5.9619,5.9619,5.9619,5.9619,5.9619,5.9619,5.9619,5.9619,5.9619,5.9619,5.9619,5.9619,5.9619,5.9619,5.9619,5.9619,5.9619,5.9619,5.9619,5.9619,5.9619,5.9619,5.9619,5.9619,5.9619,5.9619,5.9619,5.9619,5.9619,5.9619,5.9619,5.9619,5.9619,5.9619,5.9619,5.9619,5.9619,5.9619,5.9619,5.9619,5.9619,5.9619,5.9619,5.9619,5.9619,5.9619,5.9619,5.9619,5.9619,5.9619,5.9619,5.9619,5.9619,5.9619,5.9619,5.9619,5.9619,5.9619,5.9619,5.9619,5.9619,5.9619,5.9619,5.9619,5.9619,5.9619,5.9619,5.9619,5.9619,5.9619,5.9619,5.9619,5.9619,5.9619,5.9619,5.9619,5.9619,5.9619,5.9619,5.9619,5.9619,5.9619,5.9619,5.9619,5.9619,5.9619,5.9619,5.9619,5.9619,5.9619,5.9619,5.9619,5.9619,5.9619,5.9619,5.9619,5.9619,5.9619,5.9619,5.9619,5.9619,5.9619,5.9619,5.9619,5.9619,5.9619,5.9619,5.9619,5.9619,5.9619,5.9619,5.9619,5.9619,5.9619,5.9619,5.9619,5.9619,5.9619,5.9619,5.9619,5.9619,5.9619,5.9619,5.9619,5.9619,5.9619,5.9619,5.9619,5.9619,5.9619,5.9619,5.9619,5.9619,5.9619,5.9619,5.9619,5.9619,5.9619,5.9619,5.9619,5.9619,5.9619,5.9619,5.9619,5.9619,5.9619,5.9619,5.9619,5.9619,5.9619,5.9619,5.9619,5.9619,5.9619,5.9619,5.9619,5.9619,5.9619,5.9619,5.9619,5.9619,5.9619,5.9619,5.9619,5.9619,5.9619,5.9619,5.9619,5.9619,5.9619,5.9619,5.9619,5.9619,5.9619,5.9619,5.9619,5.9619,5.9619,5.9619,5.9619,5.9619,5.9619,5.9619,5.9619,5.9619,5.9619,5.9619,5.9619,5.9619,5.9619,5.9619,5.9619,5.9619,5.9619,5.9619,5.9619,5.9619,5.9619,5.9619,5.9619,5.9619,5.9619,5.9619,5.9619,5.9619,5.9619,5.9619,5.9619,5.9619,5.9619,5.9619,5.9619,5.9619,5.9619,5.9619,5.9619,5.9619,5.9619,5.9619,5.9619,5.9619,5.9619,5.9619,5.9619,5.9619,5.9619,5.9619,5.9619,5.9619,5.9619,5.9619,5.9619,5.9619,5.9619,5.9619,5.9619,5.9619,5.9619,5.9619,5.9619,5.9619,5.9619,5.9619,5.9619,5.9619,5.9619,5.9619,5.9619,5.9619,5.9619,5.9619,5.9619,5.9619,5.9619,5.9619,5.9619,5.9619,5.9619,5.9619,5.9619,5.9619,5.9619,5.9619,5.9619,5.9619,5.9619,5.9619,5.9619,5.9619,5.9619,5.9619,5.9619,5.9619,5.9619,5.9619,5.9619,5.9619,5.9619,5.9619,5.9619,5.9619,5.9619,5.9619,5.9619,5.9619,5.9619,5.9619,5.9619,5.9619,5.9619,5.9619,5.9619,5.9619,5.9619,5.9619,5.9619,5.9619,5.9619,5.9619,5.9619,5.9619,5.9619,5.9619,5.9619,5.9619,5.9619,5.9619,5.9619,5.9619,5.9619,5.9619,5.9619,5.9619,5.9619,5.9619,5.9619,5.9619,5.9619,5.9619,5.9619,5.9619,5.9619,5.9619,5.9619,5.9619,5.9619,5.9619,5.9619,5.9619,5.9619,5.9619,5.9619,5.9619,5.9619,5.9619,5.9619,5.9619,5.9619,5.9619,5.9619,5.9619,5.9619,5.9619,5.9619,5.9619,5.9619,5.9619,5.9619,5.9619,5.9619,5.9619,5.9619,5.9619,5.9619,5.9619,5.9619,5.9619,5.9619,5.9619,5.9619,5.9619,5.9619,5.9619,5.9619,5.9619,5.9619,5.9619,5.9619,5.9619,5.9619,5.9619,5.9619,5.9619,5.9619,5.9619,5.9619,5.9619,5.9619,5.9619,5.9619,5.9619,5.9619,5.9619,5.9619,5.9619,5.9619,5.9619,5.9619,5.9619,5.9619,5.9619,5.9619,5.9619,5.9619,5.9619,5.9619,5.9619,5.9619,5.9619,5.9619,5.9619,5.9619,5.9619,5.9619,5.9619,5.9619,5.9619,5.9619,5.9619,5.9619,5.9619,5.9619,5.9619,5.9619,5.9619,5.9619,5.9619,5.9619,5.9619,5.9619,5.9619,5.9619,5.9619,5.9619,5.9619,5.9619,5.9619,5.9619,5.9619,5.9619,5.9619,5.9619,5.9619,5.9619,5.9619,5.9619,5.9619,5.9619,5.9619,5.9619,5.9619,5.9619,5.9619,5.9619,5.9619,5.9619,5.9619,5.9619,5.9619,5.9619,5.9619,5.9619,5.9619,5.9619,5.9619,5.9619,5.9619,5.9619,5.9619,5.9619,5.9619,5.9619,5.9619,5.9619,5.9619,5.9619,5.9619,5.9619,5.9619,5.9619,5.9619,5.9619,5.9619,5.9619,5.9619,5.9619,5.9619,5.9619,5.9619,5.9619,5.9619,5.9619,5.9619,5.9619,5.9619,5.9619,5.9619,5.9619,5.9619,5.9619,5.9619,5.9619,5.9619,5.9619,5.9619,5.9619,5.9619,5.9619,5.9619,5.9619,5.9619,5.9619,5.9619,5.9619,5.9619,5.9619,5.9619,5.9619,5.9619,5.9619,5.9619,5.9619,5.9619,5.9619,5.9619,5.9619,5.9619,5.9619,5.9619,5.9619,5.9619,5.9619,5.9619,5.9619,5.9619,5.9619,5.9619,5.9619,5.9619,5.9619,5.9619,5.9619,5.9619,5.9619,5.9619,5.9619,5.9619,5.9619,5.9619,5.9619,5.9619,5.9619,5.9619,5.9619,5.9619,5.9619,5.9619,5.9619,5.9619,5.9619,5.9619,5.9619,5.9619,5.9619,5.9619,5.9619,5.9619,5.9619,5.9619,5.9619,5.9619,5.9619,5.9619,5.9619,5.9619,5.9619,5.9619,5.9619,5.9619,5.9619,5.9619,5.9619,5.9619,5.9619,5.9619,5.9619,5.9619,5.9619,5.9619,5.9619,5.9619,5.9619,5.9619,5.9619,5.9619,5.9619,5.9619,5.9619,5.9619,5.9619,5.9619,5.9619,5.9619,5.9619,5.9619,5.9619,5.9619,5.9619,5.9619,5.9619,5.9619,5.9619,5.9619,5.9619,5.9619,5.9619,5.9619,5.9619,5.9619,5.9619,5.9619,5.9619,5.9619,5.9619,5.9619,5.9619,5.9619,5.9619,5.9619,5.9619,5.9619,5.9619,5.9619,5.9619,5.9619,5.9619,5.9619,5.9619,5.9619,5.9619,5.9619,5.9619,5.9619,5.9619,5.9619,5.9619,5.9619,5.9619,5.9619,5.9619,5.9619,5.9619,5.9619,5.9619,5.9619,5.9619,5.9619,5.9619,5.9619,5.9619,5.9619,5.9619,5.9619,5.9619,5.9619,5.9619,5.9619,5.9619,5.9619,5.9619,5.9619,5.9619,5.9619,5.9619,5.9619,5.9619,5.9619,5.9619,5.9619,5.9619,5.9619,5.9619,5.9619,5.9619,5.9619,5.9619,5.9619,5.9619,5.9619,5.9619,5.9619,5.9619,5.9619,5.9619,5.9619,5.9619,5.9619,5.9619,5.9619,5.9619,5.9619,5.9619,5.9619,5.9619,5.9619,5.9619,5.9619,5.9619,5.9619,5.9619,5.9619,5.9619,5.9619,5.9619,5.9619,5.9619,5.9619,5.9619,5.9619,5.9619,5.9619,5.9619,5.9619,5.9619,5.9619,5.9619,5.9619,5.9619,5.9619,5.9619,5.9619,5.9619,5.9619,5.9619,5.9619,5.9619,5.9619,5.9619,5.9619,5.9619,5.9619,5.9619,5.9619,5.9619,5.9619,5.9619,5.9619,5.9619,5.9619,5.9619,5.9619,5.9619,5.9619,5.9619,5.9619,5.9619,5.9619,5.9619,5.9619,5.9619,5.9619,5.9619,5.9619,5.9619,5.9619,5.9619,5.9619,5.9619,5.9619,5.9619,5.9619,5.9619,5.9619,5.9619,5.9619,5.9619,5.9619,5.9619,5.9619,5.9619,5.9619,5.9619,5.9619,5.9619,5.9619,5.9619,5.9619,5.9619,5.9619,5.9619,5.9619,5.9619,5.9619,5.9619,5.9619,5.9619,5.9619,5.9619,5.9619,5.9619,5.9619,5.9619,5.9619,5.9619,5.9619,5.9619,5.9619,5.9619,5.9619,5.9619,5.9619,5.9619,5.9619,5.9619,5.9619,5.9619,5.9619,5.9619,5.9619,5.9619,5.9619,5.9619,5.9619,5.9619,5.9619,5.9619,5.9619,5.9619,5.9619,5.9619,5.9619,5.9619,5.9619,5.9619,5.9619,5.9619,5.9619,5.9619,5.9619,5.9619,5.9619,5.9619,5.9619,5.9619,5.9619,5.9619,5.9619,5.9619,5.9619,5.9619,5.9619,5.9619,5.9619,5.9619,5.9619,5.9619,5.9619,5.9619,5.9619,5.9619,5.9619,5.9619,5.9619,5.9619,5.9619,5.9619
5.9579,5.9579,5.9579,5.9579,5.9579,5.9579,5.9579,5.9579,5.9579,5.9579,5.9579,5.9579,5.9579,5.9579,5.9579,5.9579,5.9579,5.9579,5.9579,5.9579,5.9579,5.9579,5.9579,5.9579,5.9579,5.9579,5.9579,5.9579,5.9579,5.9579,5.9579,5.9579,5.9579,5.9579,5.9579,5.9579,5.9579,5.9579,5.9579,5.9579,5.9579,5.9579,5.9579,5.9579,5.9579,5.9579,5.9579,5.9579,5.9579,5.9579,5.9579,5.9579,5.9579,5.9579,5.9579,5.9579,5.9579,5.9579,5.9579,5.9579,5.9579,5.9579,5.9579,5.9579,5.9579,5.9579,5.9579,5.9579,5.9579,5.9579,5.9579,5.9579,5.9579,5.9579,5.9579,5.9579,5.9579,5.9579,5.9579,5.9579,5.9579,5.9579,5.9579,5.9579,5.9579,5.9579,5.9579,5.9579,5.9579,5.9579,5.9579,5.9579,5.9579,5.9579,5.9579,5.9579,5.9579,5.9579,5.9579,5.9579,5.9579,5.9579,5.9579,5.9579,5.9579,5.9579,5.9579,5.9579,5.9579,5.9579,5.9579,5.9579,5.9579,5.9579,5.9579,5.9579,5.9579,5.9579,5.9579,5.9579,5.9579,5.9579,5.9579,5.9579,5.9579,5.9579,5.9579,5.9579,5.9579,5.9579,5.9579,5.9579,5.9579,5.9579,5.9579,5.9579,5.9579,5.9579,5.9579,5.9579,5.9579,5.9579,5.9579,5.9579,5.9579,5.9579,5.9579,5.9579,5.9579,5.9579,5.9579,5.9579,5.9579,5.9579,5.9579,5.9579,5.9579,5.9579,5.9579,5.9579,5.9579,5.9579,5.9579,5.9579,5.9579,5.9579,5.9579,5.9579,5.9579,5.9579,5.9579,5.9579,5.9579,5.9579,5.9579,5.9579,5.9579,5.9579,5.9579,5.9579,5.9579,5.9579,5.9579,5.9579,5.9579,5.9579,5.9579,5.9579,5.9579,5.9579,5.9579,5.9579,5.9579,5.9579,5.9579,5.9579,5.9579,5.9579,5.9579,5.9579,5.9579,5.9579,5.9579,5.9579,5.9579,5.9579,5.9579,5.9579,5.9579,5.9579,5.9579,5.9579,5.9579,5.9579,5.9579,5.9579,5.9579,5.9579,5.9579,5.9579,5.9579,5.9579,5.9579,5.9579,5.9579,5.9579,5.9579,5.9579,5.9579,5.9579,5.9579,5.9579,5.9579,5.9579,5.9579,5.9579,5.9579,5.9579,5.9579,5.9579,5.9579,5.9579,5.9579,5.9579,5.9579,5.9579,5.9579,5.9579,5.9579,5.9579,5.9579,5.9579,5.9579,5.9579,5.9579,5.9579,5.9579,5.9579,5.9579,5.9579,5.9579,5.9579,5.9579,5.9579,5.9579,5.9579,5.9579,5.9579,5.9579,5.9579,5.9579,5.9579,5.9579,5.9579,5.9579,5.9579,5.9579,5.9579,5.9579,5.9579,5.9579,5.9579,5.9579,5.9579,5.9579,5.9579,5.9579,5.9579,5.9579,5.9579,5.9579,5.9579,5.9579,5.9579,5.9579,5.9579,5.9579,5.9579,5.9579,5.9579,5.9579,5.9579,5.9579,5.9579,5.9579,5.9579,5.9579,5.9579,5.9579,5.9579,5.9579,5.9579,5.9579,5.9579,5.9579,5.9579,5.9579,5.9579,5.9579,5.9579,5.9579,5.9579,5.9579,5.9579,5.9579,5.9579,5.9579,5.9579,5.9579,5.9579,5.9579,5.9579,5.9579,5.9579,5.9579,5.9579,5.9579,5.9579,5.9579,5.9579,5.9579,5.9579,5.9579,5.9579,5.9579,5.9579,5.9579,5.9579,5.9579,5.9579,5.9579,5.9579,5.9579,5.9579,5.9579,5.9579,5.9579,5.9579,5.9579,5.9579,5.9579,5.9579,5.9579,5.9579,5.9579,5.9579,5.9579,5.9579,5.9579,5.9579,5.9579,5.9579,5.9579,5.9579,5.9579,5.9579,5.9579,5.9579,5.9579,5.9579,5.9579,5.9579,5.9579,5.9579,5.9579,5.9579,5.9579,5.9579,5.9579,5.9579,5.9579,5.9579,5.9579,5.9579,5.9579,5.9579,5.9579,5.9579,5.9579,5.9579,5.9579,5.9579,5.9579,5.9579,5.9579,5.9579,5.9579,5.9579,5.9579,5.9579,5.9579,5.9579,5.9579,5.9579,5.9579,5.9579,5.9579,5.9579,5.9579,5.9579,5.9579,5.9579,5.9579,5.9579,5.9579,5.9579,5.9579,5.9579,5.9579,5.9579,5.9579,5.9579,5.9579,5.9579,5.9579,5.9579,5.9579,5.9579,5.9579,5.9579,5.9579,5.9579,5.9579,5.9579,5.9579,5.9579,5.9579,5.9579,5.9579,5.9579,5.9579,5.9579,5.9579,5.9579,5.9579,5.9579,5.9579,5.9579,5.9579,5.9579,5.9579,5.9579,5.9579,5.9579,5.9579,5.9579,5.9579,5.9579,5.9579,5.9579,5.9579,5.9579,5.9579,5.9579,5.9579,5.9579,5.9579,5.9579,5.9579,5.9579,5.9579,5.9579,5.9579,5.9579,5.9579,5.9579,5.9579,5.9579,5.9579,5.9579,5.9579,5.9579,5.9579,5.9579,5.9579,5.9579,5.9579,5.9579,5.9579,5.9579,5.9579,5.9579,5.9579,5.9579,5.9579,5.9579,5.9579,5.9579,5.9579,5.9579,5.9579,5.9579,5.9579,5.9579,5.9579,5.9579,5.9579,5.9579,5.9579,5.9579,5.9579,5.9579,5.9579,5.9579,5.9579,5.9579,5.9579,5.9579,5.9579,5.9579,5.9579,5.9579,5.9579,5.9579,5.9579,5.9579,5.9579,5.9579,5.9579,5.9579,5.9579,5.9579,5.9579,5.9579,5.9579,5.9579,5.9579,5.9579,5.9579,5.9579,5.9579,5.9579,5.9579,5.9579,5.9579,5.9579,5.9579,5.9579,5.9579,5.9579,5.9579,5.9579,5.9579,5.9579,5.9579,5.9579,5.9579,5.9579,5.9579,5.9579,5.9579,5.9579,5.9579,5.9579,5.9579,5.9579,5.9579,5.9579,5.9579,5.9579,5.9579,5.9579,5.9579,5.9579,5.9579,5.9579,5.9579,5.9579,5.9579,5.9579,5.9579,5.9579,5.9579,5.9579,5.9579,5.9579,5.9579,5.9579,5.9579,5.9579,5.9579,5.9579,5.9579,5.9579,5.9579,5.9579,5.9579,5.9579,5.9579,5.9579,5.9579,5.9579,5.9579,5.9579,5.9579,5.9579,5.9579,5.9579,5.9579,5.9579,5.9579,5.9579,5.9579,5.9579,5.9579,5.9579,5.9579,5.9579,5.9579,5.9579,5.9579,5.9579,5.9579,5.9579,5.9579,5.9579,5.9579,5.9579,5.9579,5.9579,5.9579,5.9579,5.9579,5.9579,5.9579,5.9579,5.9579,5.9579,5.9579,5.9579,5.9579,5.9579,5.9579,5.9579,5.9579,5.9579,5.9579,5.9579,5.9579,5.9579,5.9579,5.9579,5.9579,5.9579,5.9579,5.9579,5.9579,5.9579,5.9579,5.9579,5.9579,5.9579,5.9579,5.9579,5.9579,5.9579,5.9579,5.9579,5.9579,5.9579,5.9579,5.9579,5.9579,5.9579,5.9579,5.9579,5.9579,5.9579,5.9579,5.9579,5.9579,5.9579,5.9579,5.9579,5.9579,5.9579,5.9579,5.9579,5.9579,5.9579,5.9579,5.9579,5.9579,5.9579,5.9579,5.9579,5.9579,5.9579,5.9579,5.9579,5.9579,5.9579,5.9579,5.9579,5.9579,5.9579,5.9579,5.9579,5.9579,5.9579,5.9579,5.9579,5.9579,5.9579,5.9579,5.9579,5.9579,5.9579,5.9579,5.9579,5.9579,5.9579,5.9579,5.9579,5.9579,5.9579,5.9579,5.9579,5.9579,5.9579,5.9579,5.9579,5.9579,5.9579,5.9579,5.9579,5.9579,5.9579,5.9579,5.9579,5.9579,5.9579,5.9579,5.9579,5.9579,5.9579,5.9579,5.9579,5.9579,5.9579,5.9579,5.9579,5.9579,5.9579,5.9579,5.9579,5.9579,5.9579,5.9579,5.9579,5.9579,5.9579,5.9579,5.9579,5.9579,5.9579,5.9579,5.9579,5.9579,5.9579,5.9579,5.9579,5.9579,5.9579,5.9579,5.9579,5.9579,5.9579,5.9579,5.9579,5.9579,5.9579,5.9579,5.9579,5.9579,5.9579,5.9579,5.9579,5.9579,5.9579,5.9579,5.9579,5.9579,5.9579,5.9579,5.9579,5.9579,5.9579,5.9579,5.9579,5.9579,5.9579,5.9579,5.9579,5.9579,5.9579,5.9579,5.9579,5.9579,5.9579,5.9579,5.9579,5.9579,5.9579,5.9579,5.9579,5.9579,5.9579,5.9579,5.9579,5.9579,5.9579,5.9579,5.9579,5.9579,5.9579,5.9579,5.9579,5.9579,5.9579,5.9579,5.9579,5.9579,5.9579,5.9579,5.9579,5.9579,5.9579,5.9579,5.9579,5.9579,5.9579,5.9579,5.9579,5.9579,5.9579,5.9579,5.9579,5.9579,5.9579,5.9579,5.9579,5.9579,5.9579,5.9579,5.9579,5.9579,5.9579,5.9579,5.9579,5.9579,5.9579,5.9579,5.9579,5.9579,5.9579,5.9579,5.9579,5.9579,5.9579,5.9579,5.9579,5.9579,5.9579,5.9579,5.9579,5.9579,5.9579,5.9579,5.9579,5.9579,5.9579,5.9579,5.9579,5.9579,5.9579,5.9579,5.9579,5.9579,5.9579,5.9579,5.9579,5.9579,5.9579,5.9579,5.9579,5.9579,5.9579,5.9579,5.9579,5.9579,5.9579,5.9579,5.9579,5.9579,5.9579,5.9579,5.9579,5.9579,5.9579,5.9579,5.9579,5.9579,5.9579,5.9579,5.9579,5.9579,5.9579,5.9579,5.9579,5.9579,5.9579,5.9579,5.9579,5.9579,5.9579,5.9579,5.9579,5.9579,5.9579,5.9579,5.9579,5.9579,5.9579,5.9579,5.9579,5.9579,5.9579,5.9579,5.9579,5.9579,5.9579,5.9579,5.9579,5.9579,5.9579,5.9579,5.9579,5.9579,5.9579
5.9538,5.9538,5.9538,5.9538,5.9538,5.9538,5.9538,5.9538,5.9538,5.9538,5.9538,5.9538,5.9538,5.9538,5.9538,5.9538,5.9538,5.9538,5.9538,5.9538,5.9538,5.9538,5.9538,5.9538,5.9538,5.9538,5.9538,5.9538,5.9538,5.9538,5.9538,5.9538,5.9538,5.9538,5.9538,5.9538,5.9538,5.9538,5.9538,5.9538,5.9538,5.9538,5.9538,5.9538,5.9538,5.9538,5.9538,5.9538,5.9538,5.9538,5.9538,5.9538,5.9538,5.9538,5.9538,5.9538,5.9538,5.9538,5.9538,5.9538,5.9538,5.9538,5.9538,5.9538,5.9538,5.9538,5.9538,5.9538,5.9538,5.9538,5.9538,5.9538,5.9538,5.9538,5.9538,5.9538,5.9538,5.9538,5.9538,5.9538,5.9538,5.9538,5.9538,5.9538,5.9538,5.9538,5.9538,5.9538,5.9538,5.9538,5.9538,5.9538,5.9538,5.9538,5.9538,5.9538,5.9538,5.9538,5.9538,5.9538,5.9538,5.9538,5.9538,5.9538,5.9538,5.9538,5.9538,5.9538,5.9538,5.9538,5.9538,5.9538,5.9538,5.9538,5.9538,5.9538,5.9538,5.9538,5.9538,5.9538,5.9538,5.9538,5.9538,5.9538,5.9538,5.9538,5.9538,5.9538,5.9538,5.9538,5.9538,5.9538,5.9538,5.9538,5.9538,5.9538,5.9538,5.9538,5.9538,5.9538,5.9538,5.9538,5.9538,5.9538,5.9538,5.9538,5.9538,5.9538,5.9538,5.9538,5.9538,5.9538,5.9538,5.9538,5.9538,5.9538,5.9538,5.9538,5.9538,5.9538,5.9538,5.9538,5.9538,5.9538,5.9538,5.9538,5.9538,5.9538,5.9538,5.9538,5.9538,5.9538,5.9538,5.9538,5.9538,5.9538,5.9538,5.9538,5.9538,5.9538,5.9538,5.9538,5.9538,5.9538,5.9538,5.9538,5.9538,5.9538,5.9538,5.9538,5.9538,5.9538,5.9538,5.9538,5.9538,5.9538,5.9538,5.9538,5.9538,5.9538,5.9538,5.9538,5.9538,5.9538,5.9538,5.9538,5.9538,5.9538,5.9538,5.9538,5.9538,5.9538,5.9538,5.9538,5.9538,5.9538,5.9538,5.9538,5.9538,5.9538,5.9538,5.9538,5.9538,5.9538,5.9538,5.9538,5.9538,5.9538,5.9538,5.9538,5.9538,5.9538,5.9538,5.9538,5.9538,5.9538,5.9538,5.9538,5.9538,5.9538,5.9538,5.9538,5.9538,5.9538,5.9538,5.9538,5.9538,5.9538,5.9538,5.9538,5.9538,5.9538,5.9538,5.9538,5.9538,5.9538,5.9538,5.9538,5.9538,5.9538,5.9538,5.9538,5.9538,5.9538,5.9538,5.9538,5.9538,5.9538,5.9538,5.9538,5.9538,5.9538,5.9538,5.9538,5.9538,5.9538,5.9538,5.9538,5.9538,5.9538,5.9538,5.9538,5.9538,5.9538,5.9538,5.9538,5.9538,5.9538,5.9538,5.9538,5.9538,5.9538,5.9538,5.9538,5.9538,5.9538,5.9538,5.9538,5.9538,5.9538,5.9538,5.9538,5.9538,5.9538,5.9538,5.9538,5.9538,5.9538,5.9538,5.9538,5.9538,5.9538,5.9538,5.9538,5.9538,5.9538,5.9538,5.9538,5.9538,5.9538,5.9538,5.9538,5.9538,5.9538,5.9538,5.9538,5.9538,5.9538,5.9538,5.9538,5.9538,5.9538,5.9538,5.9538,5.9538,5.9538,5.9538,5.9538,5.9538,5.9538,5.9538,5.9538,5.9538,5.9538,5.9538,5.9538,5.9538,5.9538,5.9538,5.9538,5.9538,5.9538,5.9538,5.9538,5.9538,5.9538,5.9538,5.9538,5.9538,5.9538,5.9538,5.9538,5.9538,5.9538,5.9538,5.9538,5.9538,5.9538,5.9538,5.9538,5.9538,5.9538,5.9538,5.9538,5.9538,5.9538,5.9538,5.9538,5.9538,5.9538,5.9538,5.9538,5.9538,5.9538,5.9538,5.9538,5.9538,5.9538,5.9538,5.9538,5.9538,5.9538,5.9538,5.9538,5.9538,5.9538,5.9538,5.9538,5.9538,5.9538,5.9538,5.9538,5.9538,5.9538,5.9538,5.9538,5.9538,5.9538,5.9538,5.9538,5.9538,5.9538,5.9538,5.9538,5.9538,5.9538,5.9538,5.9538,5.9538,5.9538,5.9538,5.9538,5.9538,5.9538,5.9538,5.9538,5.9538,5.9538,5.9538,5.9538,5.9538,5.9538,5.9538,5.9538,5.9538,5.9538,5.9538,5.9538,5.9538,5.9538,5.9538,5.9538,5.9538,5.9538,5.9538,5.9538,5.9538,5.9538,5.9538,5.9538,5.9538,5.9538,5.9538,5.9538,5.9538,5.9538,5.9538,5.9538,5.9538,5.9538,5.9538,5.9538,5.9538,5.9538,5.9538,5.9538,5.9538,5.9538,5.9538,5.9538,5.9538,5.9538,5.9538,5.9538,5.9538,5.9538,5.9538,5.9538,5.9538,5.9538,5.9538,5.9538,5.9538,5.9538,5.9538,5.9538,5.9538,5.9538,5.9538,5.9538,5.9538,5.9538,5.9538,5.9538,5.9538,5.9538,5.9538,5.9538,5.9538,5.9538,5.9538,5.9538,5.9538,5.9538,5.9538,5.9538,5.9538,5.9538,5.9538,5.9538,5.9538,5.9538,5.9538,5.9538,5.9538,5.9538,5.9538,5.9538,5.9538,5.9538,5.9538,5.9538,5.9538,5.9538,5.9538,5.9538,5.9538,5.9538,5.9538,5.9538,5.9538,5.9538,5.9538,5.9538,5.9538,5.9538,5.9538,5.9538,5.9538,5.9538,5.9538,5.9538,5.9538,5.9538,5.9538,5.9538,5.9538,5.9538,5.9538,5.9538,5.9538,5.9538,5.9538,5.9538,5.9538,5.9538,5.9538,5.9538,5.9538,5.9538,5.9538,5.9538,5.9538,5.9538,5.9538,5.9538,5.9538,5.9538,5.9538,5.9538,5.9538,5.9538,5.9538,5.9538,5.9538,5.9538,5.9538,5.9538,5.9538,5.9538,5.9538,5.9538,5.9538,5.9538,5.9538,5.9538,5.9538,5.9538,5.9538,5.9538,5.9538,5.9538,5.9538,5.9538,5.9538,5.9538,5.9538,5.9538,5.9538,5.9538,5.9538,5.9538,5.9538,5.9538,5.9538,5.9538,5.9538,5.9538,5.9538,5.9538,5.9538,5.9538,5.9538,5.9538,5.9538,5.9538,5.9538,5.9538,5.9538,5.9538,5.9538,5.9538,5.9538,5.9538,5.9538,5.9538,5.9538,5.9538,5.9538,5.9538,5.9538,5.9538,5.9538,5.9538,5.9538,5.9538,5.9538,5.9538,5.9538,5.9538,5.9538,5.9538,5.9538,5.9538,5.9538,5.9538,5.9538,5.9538,5.9538,5.9538,5.9538,5.9538,5.9538,5.9538,5.9538,5.9538,5.9538,5.9538,5.9538,5.9538,5.9538,5.9538,5.9538,5.9538,5.9538,5.9538,5.9538,5.9538,5.9538,5.9538,5.9538,5.9538,5.9538,5.9538,5.9538,5.9538,5.9538,5.9538,5.9538,5.9538,5.9538,5.9538,5.9538,5.9538,5.9538,5.9538,5.9538,5.9538,5.9538,5.9538,5.9538,5.9538,5.9538,5.9538,5.9538,5.9538,5.9538,5.9538,5.9538,5.9538,5.9538,5.9538,5.9538,5.9538,5.9538,5.9538,5.9538,5.9538,5.9538,5.9538,5.9538,5.9538,5.9538,5.9538,5.9538,5.9538,5.9538,5.9538,5.9538,5.9538,5.9538,5.9538,5.9538,5.9538,5.9538,5.9538,5.9538,5.9538,5.9538,5.9538,5.9538,5.9538,5.9538,5.9538,5.9538,5.9538,5.9538,5.9538,5.9538,5.9538,5.9538,5.9538,5.9538,5.9538,5.9538,5.9538,5.9538,5.9538,5.9538,5.9538,5.9538,5.9538,5.9538,5.9538,5.9538,5.9538,5.9538,5.9538,5.9538,5.9538,5.9538,5.9538,5.9538,5.9538,5.9538,5.9538,5.9538,5.9538,5.9538,5.9538,5.9538,5.9538,5.9538,5.9538,5.9538,5.9538,5.9538,5.9538,5.9538,5.9538,5.9538,5.9538,5.9538,5.9538,5.9538,5.9538,5.9538,5.9538,5.9538,5.9538,5.9538,5.9538,5.9538,5.9538,5.9538,5.9538,5.9538,5.9538,5.9538,5.9538,5.9538,5.9538,5.9538,5.9538,5.9538,5.9538,5.9538,5.9538,5.9538,5.9538,5.9538,5.9538,5.9538,5.9538,5.9538,5.9538,5.9538,5.9538,5.9538,5.9538,5.9538,5.9538,5.9538,5.9538,5.9538,5.9538,5.9538,5.9538,5.9538,5.9538,5.9538,5.9538,5.9538,5.9538,5.9538,5.9538,5.9538,5.9538,5.9538,5.9538,5.9538,5.9538,5.9538,5.9538,5.9538,5.9538,5.9538,5.9538,5.9538,5.9538,5.9538,5.9538,5.9538,5.9538,5.9538,5.9538,5.9538,5.9538,5.9538,5.9538,5.9538,5.9538,5.9538,5.9538,5.9538,5.9538,5.9538,5.9538,5.9538,5.9538,5.9538,5.9538,5.9538,5.9538,5.9538,5.9538,5.9538,5.9538,5.9538,5.9538,5.9538,5.9538,5.9538,5.9538,5.9538,5.9538,5.9538,5.9538,5.9538,5.9538,5.9538,5.9538,5.9538,5.9538,5.9538,5.9538,5.9538,5.9538,5.9538,5.9538,5.9538,5.9538,5.9538,5.9538,5.9538,5.9538,5.9538,5.9538,5.9538,5.9538,5.9538,5.9538,5.9538,5.9538,5.9538,5.9538,5.9538,5.9538,5.9538,5.9538,5.9538,5.9538,5.9538,5.9538,5.9538,5.9538,5.9538,5.9538,5.9538,5.9538,5.9538,5.9538,5.9538,5.9538,5.9538,5.9538,5.9538,5.9538,5.9538,5.9538,5.9538,5.9538,5.9538,5.9538,5.9538,5.9538,5.9538,5.9538,5.9538,5.9538,5.9538,5.9538,5.9538,5.9538,5.9538,5.9538,5.9538,5.9538,5.9538,5.9538
5.9498,5.9498,5.9498,5.9498,5.9498,5.9498,5.9498,5.9498,5.9498,5.9498,5.9498,5.9498,5.9498,5.9498,5.9498,5.9498,5.9498,5.9498,5.9498,5.9498,5.9498,5.9498,5.9498,5.9498,5.9498,5.9498,5.9498,5.9498,5.9498,5.9498,5.9498,5.9498,5.9498,5.9498,5.9498,5.9498,5.9498,5.9498,5.9498,5.9498,5.9498,5.9498,5.9498,5.9498,5.9498,5.9498,5.9498,5.9498,5.9498,5.9498,5.9498,5.9498,5.9498,5.9498,5.9498,5.9498,5.9498,5.9498,5.9498,5.9498,5.9498,5.9498,5.9498,5.9498,5.9498,5.9498,5.9498,5.9498,5.9498,5.9498,5.9498,5.9498,5.9498,5.9498,5.9498,5.9498,5.9498,5.9498,5.9498,5.9498,5.9498,5.9498,5.9498,5.9498,5.9498,5.9498,5.9498,5.9498,5.9498,5.9498,5.9498,5.9498,5.9498,5.9498,5.9498,5.9498,5.9498,5.9498,5.9498,5.9498,5.9498,5.9498,5.9498,5.9498,5.9498,5.9498,5.9498,5.9498,5.9498,5.9498,5.9498,5.9498,5.9498,5.9498,5.9498,5.9498,5.9498,5.9498,5.9498,5.9498,5.9498,5.9498,5.9498,5.9498,5.9498,5.9498,5.9498,5.9498,5.9498,5.9498,5.9498,5.9498,5.9498,5.9498,5.9498,5.9498,5.9498,5.9498,5.9498,5.9498,5.9498,5.9498,5.9498,5.9498,5.9498,5.9498,5.9498,5.9498,5.9498,5.9498,5.9498,5.9498,5.9498,5.9498,5.9498,5.9498,5.9498,5.9498,5.9498,5.9498,5.9498,5.9498,5.9498,5.9498,5.9498,5.9498,5.9498,5.9498,5.9498,5.9498,5.9498,5.9498,5.9498,5.9498,5.9498,5.9498,5.9498,5.9498,5.9498,5.9498,5.9498,5.9498,5.9498,5.9498,5.9498,5.9498,5.9498,5.9498,5.9498,5.9498,5.9498,5.9498,5.9498,5.9498,5.9498,5.9498,5.9498,5.9498,5.9498,5.9498,5.9498,5.9498,5.9498,5.9498,5.9498,5.9498,5.9498,5.9498,5.9498,5.9498,5.9498,5.9498,5.9498,5.9498,5.9498,5.9498,5.9498,5.9498,5.9498,5.9498,5.9498,5.9498,5.9498,5.9498,5.9498,5.9498,5.9498,5.9498,5.9498,5.9498,5.9498,5.9498,5.9498,5.9498,5.9498,5.9498,5.9498,5.9498,5.9498,5.9498,5.9498,5.9498,5.9498,5.9498,5.9498,5.9498,5.9498,5.9498,5.9498,5.9498,5.9498,5.9498,5.9498,5.9498,5.9498,5.9498,5.9498,5.9498,5.9498,5.9498,5.9498,5.9498,5.9498,5.9498,5.9498,5.9498,5.9498,5.9498,5.9498,5.9498,5.9498,5.9498,5.9498,5.9498,5.9498,5.9498,5.9498,5.9498,5.9498,5.9498,5.9498,5.9498,5.9498,5.9498,5.9498,5.9498,5.9498,5.9498,5.9498,5.9498,5.9498,5.9498,5.9498,5.9498,5.9498,5.9498,5.9498,5.9498,5.9498,5.9498,5.9498,5.9498,5.9498,5.9498,5.9498,5.9498,5.9498,5.9498,5.9498,5.9498,5.9498,5.9498,5.9498,5.9498,5.9498,5.9498,5.9498,5.9498,5.9498,5.9498,5.9498,5.9498,5.9498,5.9498,5.9498,5.9498,5.9498,5.9498,5.9498,5.9498,5.9498,5.9498,5.9498,5.9498,5.9498,5.9498,5.9498,5.9498,5.9498,5.9498,5.9498,5.9498,5.9498,5.9498,5.9498,5.9498,5.9498,5.9498,5.9498,5.9498,5.9498,5.9498,5.9498,5.9498,5.9498,5.9498,5.9498,5.9498,5.9498,5.9498,5.9498,5.9498,5.9498,5.9498,5.9498,5.9498,5.9498,5.9498,5.9498,5.9498,5.9498,5.9498,5.9498,5.9498,5.9498,5.9498,5.9498,5.9498,5.9498,5.9498,5.9498,5.9498,5.9498,5.9498,5.9498,5.9498,5.9498,5.9498,5.9498,5.9498,5.9498,5.9498,5.9498,5.9498,5.9498,5.9498,5.9498,5.9498,5.9498,5.9498,5.9498,5.9498,5.9498,5.9498,5.9498,5.9498,5.9498,5.9498,5.9498,5.9498,5.9498,5.9498,5.9498,5.9498,5.9498,5.9498,5.9498,5.9498,5.9498,5.9498,5.9498,5.9498,5.9498,5.9498,5.9498,5.9498,5.9498,5.9498,5.9498,5.9498,5.9498,5.9498,5.9498,5.9498,5.9498,5.9498,5.9498,5.9498,5.9498,5.9498,5.9498,5.9498,5.9498,5.9498,5.9498,5.9498,5.9498,5.9498,5.9498,5.9498,5.9498,5.9498,5.9498,5.9498,5.9498,5.9498,5.9498,5.9498,5.9498,5.9498,5.9498,5.9498,5.9498,5.9498,5.9498,5.9498,5.9498,5.9498,5.9498,5.9498,5.9498,5.9498,5.9498,5.9498,5.9498,5.9498,5.9498,5.9498,5.9498,5.9498,5.9498,5.9498,5.9498,5.9498,5.9498,5.9498,5.9498,5.9498,5.9498,5.9498,5.9498,5.9498,5.9498,5.9498,5.9498,5.9498,5.9498,5.9498,5.9498,5.9498,5.9498,5.9498,5.9498,5.9498,5.9498,5.9498,5.9498,5.9498,5.9498,5.9498,5.9498,5.9498,5.9498,5.9498,5.9498,5.9498,5.9498,5.9498,5.9498,5.9498,5.9498,5.9498,5.9498,5.9498,5.9498,5.9498,5.9498,5.9498,5.9498,5.9498,5.9498,5.9498,5.9498,5.9498,5.9498,5.9498,5.9498,5.9498,5.9498,5.9498,5.9498,5.9498,5.9498,5.9498,5.9498,5.9498,5.9498,5.9498,5.9498,5.9498,5.9498,5.9498,5.9498,5.9498,5.9498,5.9498,5.9498,5.9498,5.9498,5.9498,5.9498,5.9498,5.9498,5.9498,5.9498,5.9498,5.9498,5.9498,5.9498,5.9498,5.9498,5.9498,5.9498,5.9498,5.9498,5.9498,5.9498,5.9498,5.9498,5.9498,5.9498,5.9498,5.9498,5.9498,5.9498,5.9498,5.9498,5.9498,5.9498,5.9498,5.9498,5.9498,5.9498,5.9498,5.9498,5.9498,5.9498,5.9498,5.9498,5.9498,5.9498,5.9498,5.9498,5.9498,5.9498,5.9498,5.9498,5.9498,5.9498,5.9498,5.9498,5.9498,5.9498,5.9498,5.9498,5.9498,5.9498,5.9498,5.9498,5.9498,5.9498,5.9498,5.9498,5.9498,5.9498,5.9498,5.9498,5.9498,5.9498,5.9498,5.9498,5.9498,5.9498,5.9498,5.9498,5.9498,5.9498,5.9498,5.9498,5.9498,5.9498,5.9498,5.9498,5.9498,5.9498,5.9498,5.9498,5.9498,5.9498,5.9498,5.9498,5.9498,5.9498,5.9498,5.9498,5.9498,5.9498,5.9498,5.9498,5.9498,5.9498,5.9498,5.9498,5.9498,5.9498,5.9498,5.9498,5.9498,5.9498,5.9498,5.9498,5.9498,5.9498,5.9498,5.9498,5.9498,5.9498,5.9498,5.9498,5.9498,5.9498,5.9498,5.9498,5.9498,5.9498,5.9498,5.9498,5.9498,5.9498,5.9498,5.9498,5.9498,5.9498,5.9498,5.9498,5.9498,5.9498,5.9498,5.9498,5.9498,5.9498,5.9498,5.9498,5.9498,5.9498,5.9498,5.9498,5.9498,5.9498,5.9498,5.9498,5.9498,5.9498,5.9498,5.9498,5.9498,5.9498,5.9498,5.9498,5.9498,5.9498,5.9498,5.9498,5.9498,5.9498,5.9498,5.9498,5.9498,5.9498,5.9498,5.9498,5.9498,5.9498,5.9498,5.9498,5.9498,5.9498,5.9498,5.9498,5.9498,5.9498,5.9498,5.9498,5.9498,5.9498,5.9498,5.9498,5.9498,5.9498,5.9498,5.9498,5.9498,5.9498,5.9498,5.9498,5.9498,5.9498,5.9498,5.9498,5.9498,5.9498,5.9498,5.9498,5.9498,5.9498,5.9498,5.9498,5.9498,5.9498,5.9498,5.9498,5.9498,5.9498,5.9498,5.9498,5.9498,5.9498,5.9498,5.9498,5.9498,5.9498,5.9498,5.9498,5.9498,5.9498,5.9498,5.9498,5.9498,5.9498,5.9498,5.9498,5.9498,5.9498,5.9498,5.9498,5.9498,5.9498,5.9498,5.9498,5.9498,5.9498,5.9498,5.9498,5.9498,5.9498,5.9498,5.9498,5.9498,5.9498,5.9498,5.9498,5.9498,5.9498,5.9498,5.9498,5.9498,5.9498,5.9498,5.9498,5.9498,5.9498,5.9498,5.9498,5.9498,5.9498,5.9498,5.9498,5.9498,5.9498,5.9498,5.9498,5.9498,5.9498,5.9498,5.9498,5.9498,5.9498,5.9498,5.9498,5.9498,5.9498,5.9498,5.9498,5.9498,5.9498,5.9498,5.9498,5.9498,5.9498,5.9498,5.9498,5.9498,5.9498,5.9498,5.9498,5.9498,5.9498,5.9498,5.9498,5.9498,5.9498,5.9498,5.9498,5.9498,5.9498,5.9498,5.9498,5.9498,5.9498,5.9498,5.9498,5.9498,5.9498,5.9498,5.9498,5.9498,5.9498,5.9498,5.9498,5.9498,5.9498,5.9498,5.9498,5.9498,5.9498,5.9498,5.9498,5.9498,5.9498,5.9498,5.9498,5.9498,5.9498,5.9498,5.9498,5.9498,5.9498,5.9498,5.9498,5.9498,5.9498,5.9498,5.9498,5.9498,5.9498,5.9498,5.9498,5.9498,5.9498,5.9498,5.9498,5.9498,5.9498,5.9498,5.9498,5.9498,5.9498,5.9498,5.9498,5.9498,5.9498,5.9498,5.9498,5.9498,5.9498,5.9498,5.9498,5.9498,5.9498,5.9498,5.9498,5.9498,5.9498,5.9498,5.9498,5.9498,5.9498,5.9498,5.9498,5.9498,5.9498,5.9498,5.9498,5.9498,5.9498,5.9498,5.9498,5.9498,5.9498,5.9498,5.9498,5.9498,5.9498,5.9498,5.9498,5.9498,5.9498,5.9498,5.9498,5.9498
5.9460,5.9460,5.9460,5.9460,5.9460,5.9460,5.9460,5.9460,5.9460,5.9460,5.9460,5.9460,5.9460,5.9460,5.9460,5.9460,5.9460,5.9460,5.9460,5.9460,5.9460,5.9460,5.9460,5.9460,5.9460,5.9460,5.9460,5.9460,5.9460,5.9460,5.9460,5.9460,5.9460,5.9460,5.9460,5.9460,5.9460,5.9460,5.9460,5.9460,5.9460,5.9460,5.9460,5.9460,5.9460,5.9460,5.9460,5.9460,5.9460,5.9460,5.9460,5.9460,5.9460,5.9460,5.9460,5.9460,5.9460,5.9460,5.9460,5.9460,5.9460,5.9460,5.9460,5.9460,5.9460,5.9460,5.9460,5.9460,5.9460,5.9460,5.9460,5.9460,5.9460,5.9460,5.9460,5.9460,5.9460,5.9460,5.9460,5.9460,5.9460,5.9460,5.9460,5.9460,5.9460,5.9460,5.9460,5.9460,5.9460,5.9460,5.9460,5.9460,5.9460,5.9460,5.9460,5.9460,5.9460,5.9460,5.9460,5.9460,5.9460,5.9460,5.9460,5.9460,5.9460,5.9460,5.9460,5.9460,5.9460,5.9460,5.9460,5.9460,5.9460,5.9460,5.9460,5.9460,5.9460,5.9460,5.9460,5.9460,5.9460,5.9460,5.9460,5.9460,5.9460,5.9460,5.9460,5.9460,5.9460,5.9460,5.9460,5.9460,5.9460,5.9460,5.9460,5.9460,5.9460,5.9460,5.9460,5.9460,5.9460,5.9460,5.9460,5.9460,5.9460,5.9460,5.9460,5.9460,5.9460,5.9460,5.9460,5.9460,5.9460,5.9460,5.9460,5.9460,5.9460,5.9460,5.9460,5.9460,5.9460,5.9460,5.9460,5.9460,5.9460,5.9460,5.9460,5.9460,5.9460,5.9460,5.9460,5.9460,5.9460,5.9460,5.9460,5.9460,5.9460,5.9460,5.9460,5.9460,5.9460,5.9460,5.9460,5.9460,5.9460,5.9460,5.9460,5.9460,5.9460,5.9460,5.9460,5.9460,5.9460,5.9460,5.9460,5.9460,5.9460,5.9460,5.9460,5.9460,5.9460,5.9460,5.9460,5.9460,5.9460,5.9460,5.9460,5.9460,5.9460,5.9460,5.9460,5.9460,5.9460,5.9460,5.9460,5.9460,5.9460,5.9460,5.9460,5.9460,5.9460,5.9460,5.9460,5.9460,5.9460,5.9460,5.9460,5.9460,5.9460,5.9460,5.9460,5.9460,5.9460,5.9460,5.9460,5.9460,5.9460,5.9460,5.9460,5.9460,5.9460,5.9460,5.9460,5.9460,5.9460,5.9460,5.9460,5.9460,5.9460,5.9460,5.9460,5.9460,5.9460,5.9460,5.9460,5.9460,5.9460,5.9460,5.9460,5.9460,5.9460,5.9460,5.9460,5.9460,5.9460,5.9460,5.9460,5.9460,5.9460,5.9460,5.9460,5.9460,5.9460,5.9460,5.9460,5.9460,5.9460,5.9460,5.9460,5.9460,5.9460,5.9460,5.9460,5.9460,5.9460,5.9460,5.9460,5.9460,5.9460,5.9460,5.9460,5.9460,5.9460,5.9460,5.9460,5.9460,5.9460,5.9460,5.9460,5.9460,5.9460,5.9460,5.9460,5.9460,5.9460,5.9460,5.9460,5.9460,5.9460,5.9460,5.9460,5.9460,5.9460,5.9460,5.9460,5.9460,5.9460,5.9460,5.9460,5.9460,5.9460,5.9460,5.9460,5.9460,5.9460,5.9460,5.9460,5.9460,5.9460,5.9460,5.9460,5.9460,5.9460,5.9460,5.9460,5.9460,5.9460,5.9460,5.9460,5.9460,5.9460,5.9460,5.9460,5.9460,5.9460,5.9460,5.9460,5.9460,5.9460,5.9460,5.9460,5.9460,5.9460,5.9460,5.9460,5.9460,5.9460,5.9460,5.9460,5.9460,5.9460,5.9460,5.9460,5.9460,5.9460,5.9460,5.9460,5.9460,5.9460,5.9460,5.9460,5.9460,5.9460,5.9460,5.9460,5.9460,5.9460,5.9460,5.9460,5.9460,5.9460,5.9460,5.9460,5.9460,5.9460,5.9460,5.9460,5.9460,5.9460,5.9460,5.9460,5.9460,5.9460,5.9460,5.9460,5.9460,5.9460,5.9460,5.9460,5.9460,5.9460,5.9460,5.9460,5.9460,5.9460,5.9460,5.9460,5.9460,5.9460,5.9460,5.9460,5.9460,5.9460,5.9460,5.9460,5.9460,5.9460,5.9460,5.9460,5.9460,5.9460,5.9460,5.9460,5.9460,5.9460,5.9460,5.9460,5.9460,5.9460,5.9460,5.9460,5.9460,5.9460,5.9460,5.9460,5.9460,5.9460,5.9460,5.9460,5.9460,5.9460,5.9460,5.9460,5.9460,5.9460,5.9460,5.9460,5.9460,5.9460,5.9460,5.9460,5.9460,5.9460,5.9460,5.9460,5.9460,5.9460,5.9460,5.9460,5.9460,5.9460,5.9460,5.9460,5.9460,5.9460,5.9460,5.9460,5.9460,5.9460,5.9460,5.9460,5.9460,5.9460,5.9460,5.9460,5.9460,5.9460,5.9460,5.9460,5.9460,5.9460,5.9460,5.9460,5.9460,5.9460,5.9460,5.9460,5.9460,5.9460,5.9460,5.9460,5.9460,5.9460,5.9460,5.9460,5.9460,5.9460,5.9460,5.9460,5.9460,5.9460,5.9460,5.9460,5.9460,5.9460,5.9460,5.9460,5.9460,5.9460,5.9460,5.9460,5.9460,5.9460,5.9460,5.9460,5.9460,5.9460,5.9460,5.9460,5.9460,5.9460,5.9460,5.9460,5.9460,5.9460,5.9460,5.9460,5.9460,5.9460,5.9460,5.9460,5.9460,5.9460,5.9460,5.9460,5.9460,5.9460,5.9460,5.9460,5.9460,5.9460,5.9460,5.9460,5.9460,5.9460,5.9460,5.9460,5.9460,5.9460,5.9460,5.9460,5.9460,5.9460,5.9460,5.9460,5.9460,5.9460,5.9460,5.9460,5.9460,5.9460,5.9460,5.9460,5.9460,5.9460,5.9460,5.9460,5.9460,5.9460,5.9460,5.9460,5.9460,5.9460,5.9460,5.9460,5.9460,5.9460,5.9460,5.9460,5.9460,5.9460,5.9460,5.9460,5.9460,5.9460,5.9460,5.9460,5.9460,5.9460,5.9460,5.9460,5.9460,5.9460,5.9460,5.9460,5.9460,5.9460,5.9460,5.9460,5.9460,5.9460,5.9460,5.9460,5.9460,5.9460,5.9460,5.9460,5.9460,5.9460,5.9460,5.9460,5.9460,5.9460,5.9460,5.9460,5.9460,5.9460,5.9460,5.9460,5.9460,5.9460,5.9460,5.9460,5.9460,5.9460,5.9460,5.9460,5.9460,5.9460,5.9460,5.9460,5.9460,5.9460,5.9460,5.9460,5.9460,5.9460,5.9460,5.9460,5.9460,5.9460,5.9460,5.9460,5.9460,5.9460,5.9460,5.9460,5.9460,5.9460,5.9460,5.9460,5.9460,5.9460,5.9460,5.9460,5.9460,5.9460,5.9460,5.9460,5.9460,5.9460,5.9460,5.9460,5.9460,5.9460,5.9460,5.9460,5.9460,5.9460,5.9460,5.9460,5.9460,5.9460,5.9460,5.9460,5.9460,5.9460,5.9460,5.9460,5.9460,5.9460,5.9460,5.9460,5.9460,5.9460,5.9460,5.9460,5.9460,5.9460,5.9460,5.9460,5.9460,5.9460,5.9460,5.9460,5.9460,5.9460,5.9460,5.9460,5.9460,5.9460,5.9460,5.9460,5.9460,5.9460,5.9460,5.9460,5.9460,5.9460,5.9460,5.9460,5.9460,5.9460,5.9460,5.9460,5.9460,5.9460,5.9460,5.9460,5.9460,5.9460,5.9460,5.9460,5.9460,5.9460,5.9460,5.9460,5.9460,5.9460,5.9460,5.9460,5.9460,5.9460,5.9460,5.9460,5.9460,5.9460,5.9460,5.9460,5.9460,5.9460,5.9460,5.9460,5.9460,5.9460,5.9460,5.9460,5.9460,5.9460,5.9460,5.9460,5.9460,5.9460,5.9460,5.9460,5.9460,5.9460,5.9460,5.9460,5.9460,5.9460,5.9460,5.9460,5.9460,5.9460,5.9460,5.9460,5.9460,5.9460,5.9460,5.9460,5.9460,5.9460,5.9460,5.9460,5.9460,5.9460,5.9460,5.9460,5.9460,5.9460,5.9460,5.9460,5.9460,5.9460,5.9460,5.9460,5.9460,5.9460,5.9460,5.9460,5.9460,5.9460,5.9460,5.9460,5.9460,5.9460,5.9460,5.9460,5.9460,5.9460,5.9460,5.9460,5.9460,5.9460,5.9460,5.9460,5.9460,5.9460,5.9460,5.9460,5.9460,5.9460,5.9460,5.9460,5.9460,5.9460,5.9460,5.9460,5.9460,5.9460,5.9460,5.9460,5.9460,5.9460,5.9460,5.9460,5.9460,5.9460,5.9460,5.9460,5.9460,5.9460,5.9460,5.9460,5.9460,5.9460,5.9460,5.9460,5.9460,5.9460,5.9460,5.9460,5.9460,5.9460,5.9460,5.9460,5.9460,5.9460,5.9460,5.9460,5.9460,5.9460,5.9460,5.9460,5.9460,5.9460,5.9460,5.9460,5.9460,5.9460,5.9460,5.9460,5.9460,5.9460,5.9460,5.9460,5.9460,5.9460,5.9460,5.9460,5.9460,5.9460,5.9460,5.9460,5.9460,5.9460,5.9460,5.9460,5.9460,5.9460,5.9460,5.9460,5.9460,5.9460,5.9460,5.9460,5.9460,5.9460,5.9460,5.9460,5.9460,5.9460,5.9460,5.9460,5.9460,5.9460,5.9460,5.9460,5.9460,5.9460,5.9460,5.9460,5.9460,5.9460,5.9460,5.9460,5.9460,5.9460,5.9460,5.9460,5.9460,5.9460,5.9460,5.9460,5.9460,5.9460,5.9460,5.9460,5.9460,5.9460,5.9460,5.9460,5.9460,5.9460,5.9460,5.9460,5.9460,5.9460,5.9460,5.9460,5.9460,5.9460,5.9460,5.9460,5.9460,5.9460,5.9460,5.9460,5.9460,5.9460,5.9460,5.9460,5.9460,5.9460,5.9460,5.9460,5.9460,5.9460,5.9460,5.9460,5.9460,5.9460,5.9460,5.9460,5.9460,5.9460,5.9460,5.9460,5.9460
5.9420,5.9420,5.9420,5.9420,5.9420,5.9420,5.9420,5.9420,5.9420,5.9420,5.9420,5.9420,5.9420,5.9420,5.9420,5.9420,5.9420,5.9420,5.9420,5.9420,5.9420,5.9420,5.9420,5.9420,5.9420,5.9420,5.9420,5.9420,5.9420,5.9420,5.9420,5.9420,5.9420,5.9420,5.9420,5.9420,5.9420,5.9420,5.9420,5.9420,5.9420,5.9420,5.9420,5.9420,5.9420,5.9420,5.9420,5.9420,5.9420,5.9420,5.9420,5.9420,5.9420,5.9420,5.9420,5.9420,5.9420,5.9420,5.9420,5.9420,5.9420,5.9420,5.9420,5.9420,5.9420,5.9420,5.9420,5.9420,5.9420,5.9420,5.9420,5.9420,5.9420,5.9420,5.9420,5.9420,5.9420,5.9420,5.9420,5.9420,5.9420,5.9420,5.9420,5.9420,5.9420,5.9420,5.9420,5.9420,5.9420,5.9420,5.9420,5.9420,5.9420,5.9420,5.9420,5.9420,5.9420,5.9420,5.9420,5.9420,5.9420,5.9420,5.9420,5.9420,5.9420,5.9420,5.9420,5.9420,5.9420,5.9420,5.9420,5.9420,5.9420,5.9420,5.9420,5.9420,5.9420,5.9420,5.9420,5.9420,5.9420,5.9420,5.9420,5.9420,5.9420,5.9420,5.9420,5.9420,5.9420,5.9420,5.9420,5.9420,5.9420,5.9420,5.9420,5.9420,5.9420,5.9420,5.9420,5.9420,5.9420,5.9420,5.9420,5.9420,5.9420,5.9420,5.9420,5.9420,5.9420,5.9420,5.9420,5.9420,5.9420,5.9420,5.9420,5.9420,5.9420,5.9420,5.9420,5.9420,5.9420,5.9420,5.9420,5.9420,5.9420,5.9420,5.9420,5.9420,5.9420,5.9420,5.9420,5.9420,5.9420,5.9420,5.9420,5.9420,5.9420,5.9420,5.9420,5.9420,5.9420,5.9420,5.9420,5.9420,5.9420,5.9420,5.9420,5.9420,5.9420,5.9420,5.9420,5.9420,5.9420,5.9420,5.9420,5.9420,5.9420,5.9420,5.9420,5.9420,5.9420,5.9420,5.9420,5.9420,5.9420,5.9420,5.9420,5.9420,5.9420,5.9420,5.9420,5.9420,5.9420,5.9420,5.9420,5.9420,5.9420,5.9420,5.9420,5.9420,5.9420,5.9420,5.9420,5.9420,5.9420,5.9420,5.9420,5.9420,5.9420,5.9420,5.9420,5.9420,5.9420,5.9420,5.9420,5.9420,5.9420,5.9420,5.9420,5.9420,5.9420,5.9420,5.9420,5.9420,5.9420,5.9420,5.9420,5.9420,5.9420,5.9420,5.9420,5.9420,5.9420,5.9420,5.9420,5.9420,5.9420,5.9420,5.9420,5.9420,5.9420,5.9420,5.9420,5.9420,5.9420,5.9420,5.9420,5.9420,5.9420,5.9420,5.9420,5.9420,5.9420,5.9420,5.9420,5.9420,5.9420,5.9420,5.9420,5.9420,5.9420,5.9420,5.9420,5.9420,5.9420,5.9420,5.9420,5.9420,5.9420,5.9420,5.9420,5.9420,5.9420,5.9420,5.9420,5.9420,5.9420,5.9420,5.9420,5.9420,5.9420,5.9420,5.9420,5.9420,5.9420,5.9420,5.9420,5.9420,5.9420,5.9420,5.9420,5.9420,5.9420,5.9420,5.9420,5.9420,5.9420,5.9420,5.9420,5.9420,5.9420,5.9420,5.9420,5.9420,5.9420,5.9420,5.9420,5.9420,5.9420,5.9420,5.9420,5.9420,5.9420,5.9420,5.9420,5.9420,5.9420,5.9420,5.9420,5.9420,5.9420,5.9420,5.9420,5.9420,5.9420,5.9420,5.9420,5.9420,5.9420,5.9420,5.9420,5.9420,5.9420,5.9420,5.9420,5.9420,5.9420,5.9420,5.9420,5.9420,5.9420,5.9420,5.9420,5.9420,5.9420,5.9420,5.9420,5.9420,5.9420,5.9420,5.9420,5.9420,5.9420,5.9420,5.9420,5.9420,5.9420,5.9420,5.9420,5.9420,5.9420,5.9420,5.9420,5.9420,5.9420,5.9420,5.9420,5.9420,5.9420,5.9420,5.9420,5.9420,5.9420,5.9420,5.9420,5.9420,5.9420,5.9420,5.9420,5.9420,5.9420,5.9420,5.9420,5.9420,5.9420,5.9420,5.9420,5.9420,5.9420,5.9420,5.9420,5.9420,5.9420,5.9420,5.9420,5.9420,5.9420,5.9420,5.9420,5.9420,5.9420,5.9420,5.9420,5.9420,5.9420,5.9420,5.9420,5.9420,5.9420,5.9420,5.9420,5.9420,5.9420,5.9420,5.9420,5.9420,5.9420,5.9420,5.9420,5.9420,5.9420,5.9420,5.9420,5.9420,5.9420,5.9420,5.9420,5.9420,5.9420,5.9420,5.9420,5.9420,5.9420,5.9420,5.9420,5.9420,5.9420,5.9420,5.9420,5.9420,5.9420,5.9420,5.9420,5.9420,5.9420,5.9420,5.9420,5.9420,5.9420,5.9420,5.9420,5.9420,5.9420,5.9420,5.9420,5.9420,5.9420,5.9420,5.9420,5.9420,5.9420,5.9420,5.9420,5.9420,5.9420,5.9420,5.9420,5.9420,5.9420,5.9420,5.9420,5.9420,5.9420,5.9420,5.9420,5.9420,5.9420,5.9420,5.9420,5.9420,5.9420,5.9420,5.9420,5.9420,5.9420,5.9420,5.9420,5.9420,5.9420,5.9420,5.9420,5.9420,5.9420,5.9420,5.9420,5.9420,5.9420,5.9420,5.9420,5.9420,5.9420,5.9420,5.9420,5.9420,5.9420,5.9420,5.9420,5.9420,5.9420,5.9420,5.9420,5.9420,5.9420,5.9420,5.9420,5.9420,5.9420,5.9420,5.9420,5.9420,5.9420,5.9420,5.9420,5.9420,5.9420,5.9420,5.9420,5.9420,5.9420,5.9420,5.9420,5.9420,5.9420,5.9420,5.9420,5.9420,5.9420,5.9420,5.9420,5.9420,5.9420,5.9420,5.9420,5.9420,5.9420,5.9420,5.9420,5.9420,5.9420,5.9420,5.9420,5.9420,5.9420,5.9420,5.9420,5.9420,5.9420,5.9420,5.9420,5.9420,5.9420,5.9420,5.9420,5.9420,5.9420,5.9420,5.9420,5.9420,5.9420,5.9420,5.9420,5.9420,5.9420,5.9420,5.9420,5.9420,5.9420,5.9420,5.9420,5.9420,5.9420,5.9420,5.9420,5.9420,5.9420,5.9420,5.9420,5.9420,5.9420,5.9420,5.9420,5.9420,5.9420,5.9420,5.9420,5.9420,5.9420,5.9420,5.9420,5.9420,5.9420,5.9420,5.9420,5.9420,5.9420,5.9420,5.9420,5.9420,5.9420,5.9420,5.9420,5.9420,5.9420,5.9420,5.9420,5.9420,5.9420,5.9420,5.9420,5.9420,5.9420,5.9420,5.9420,5.9420,5.9420,5.9420,5.9420,5.9420,5.9420,5.9420,5.9420,5.9420,5.9420,5.9420,5.9420,5.9420,5.9420,5.9420,5.9420,5.9420,5.9420,5.9420,5.9420,5.9420,5.9420,5.9420,5.9420,5.9420,5.9420,5.9420,5.9420,5.9420,5.9420,5.9420,5.9420,5.9420,5.9420,5.9420,5.9420,5.9420,5.9420,5.9420,5.9420,5.9420,5.9420,5.9420,5.9420,5.9420,5.9420,5.9420,5.9420,5.9420,5.9420,5.9420,5.9420,5.9420,5.9420,5.9420,5.9420,5.9420,5.9420,5.9420,5.9420,5.9420,5.9420,5.9420,5.9420,5.9420,5.9420,5.9420,5.9420,5.9420,5.9420,5.9420,5.9420,5.9420,5.9420,5.9420,5.9420,5.9420,5.9420,5.9420,5.9420,5.9420,5.9420,5.9420,5.9420,5.9420,5.9420,5.9420,5.9420,5.9420,5.9420,5.9420,5.9420,5.9420,5.9420,5.9420,5.9420,5.9420,5.9420,5.9420,5.9420,5.9420,5.9420,5.9420,5.9420,5.9420,5.9420,5.9420,5.9420,5.9420,5.9420,5.9420,5.9420,5.9420,5.9420,5.9420,5.9420,5.9420,5.9420,5.9420,5.9420,5.9420,5.9420,5.9420,5.9420,5.9420,5.9420,5.9420,5.9420,5.9420,5.9420,5.9420,5.9420,5.9420,5.9420,5.9420,5.9420,5.9420,5.9420,5.9420,5.9420,5.9420,5.9420,5.9420,5.9420,5.9420,5.9420,5.9420,5.9420,5.9420,5.9420,5.9420,5.9420,5.9420,5.9420,5.9420,5.9420,5.9420,5.9420,5.9420,5.9420,5.9420,5.9420,5.9420,5.9420,5.9420,5.9420,5.9420,5.9420,5.9420,5.9420,5.9420,5.9420,5.9420,5.9420,5.9420,5.9420,5.9420,5.9420,5.9420,5.9420,5.9420,5.9420,5.9420,5.9420,5.9420,5.9420,5.9420,5.9420,5.9420,5.9420,5.9420,5.9420,5.9420,5.9420,5.9420,5.9420,5.9420,5.9420,5.9420,5.9420,5.9420,5.9420,5.9420,5.9420,5.9420,5.9420,5.9420,5.9420,5.9420,5.9420,5.9420,5.9420,5.9420,5.9420,5.9420,5.9420,5.9420,5.9420,5.9420,5.9420,5.9420,5.9420,5.9420,5.9420,5.9420,5.9420,5.9420,5.9420,5.9420,5.9420,5.9420,5.9420,5.9420,5.9420,5.9420,5.9420,5.9420,5.9420,5.9420,5.9420,5.9420,5.9420,5.9420,5.9420,5.9420,5.9420,5.9420,5.9420,5.9420,5.9420,5.9420,5.9420,5.9420,5.9420,5.9420,5.9420,5.9420,5.9420,5.9420,5.9420,5.9420,5.9420,5.9420,5.9420,5.9420,5.9420,5.9420,5.9420,5.9420,5.9420,5.9420,5.9420,5.9420,5.9420,5.9420,5.9420,5.9420,5.9420,5.9420,5.9420,5.9420,5.9420,5.9420,5.9420,5.9420,5.9420,5.9420,5.9420,5.9420,5.9420,5.9420,5.9420,5.9420,5.9420,5.9420,5.9420,5.9420,5.9420,5.9420,5.9420,5.9420,5.9420,5.9420,5.9420,5.9420,5.9420,5.9420,5.9420,5.9420,5.9420,5.9420,5.9420,5.9420,5.9420,5.9420,5.9420,5.9420
5.9381,5.9381,5.9381,5.9381,5.9381,5.9381,5.9381,5.9381,5.9381,5.9381,5.9381,5.9381,5.9381,5.9381,5.9381,5.9381,5.9381,5.9381,5.9381,5.9381,5.9381,5.9381,5.9381,5.9381,5.9381,5.9381,5.9381,5.9381,5.9381,5.9381,5.9381,5.9381,5.9381,5.9381,5.9381,5.9381,5.9381,5.9381,5.9381,5.9381,5.9381,5.9381,5.9381,5.9381,5.9381,5.9381,5.9381,5.9381,5.9381,5.9381,5.9381,5.9381,5.9381,5.9381,5.9381,5.9381,5.9381,5.9381,5.9381,5.9381,5.9381,5.9381,5.9381,5.9381,5.9381,5.9381,5.9381,5.9381,5.9381,5.9381,5.9381,5.9381,5.9381,5.9381,5.9381,5.9381,5.9381,5.9381,5.9381,5.9381,5.9381,5.9381,5.9381,5.9381,5.9381,5.9381,5.9381,5.9381,5.9381,5.9381,5.9381,5.9381,5.9381,5.9381,5.9381,5.9381,5.9381,5.9381,5.9381,5.9381,5.9381,5.9381,5.9381,5.9381,5.9381,5.9381,5.9381,5.9381,5.9381,5.9381,5.9381,5.9381,5.9381,5.9381,5.9381,5.9381,5.9381,5.9381,5.9381,5.9381,5.9381,5.9381,5.9381,5.9381,5.9381,5.9381,5.9381,5.9381,5.9381,5.9381,5.9381,5.9381,5.9381,5.9381,5.9381,5.9381,5.9381,5.9381,5.9381,5.9381,5.9381,5.9381,5.9381,5.9381,5.9381,5.9381,5.9381,5.9381,5.9381,5.9381,5.9381,5.9381,5.9381,5.9381,5.9381,5.9381,5.9381,5.9381,5.9381,5.9381,5.9381,5.9381,5.9381,5.9381,5.9381,5.9381,5.9381,5.9381,5.9381,5.9381,5.9381,5.9381,5.9381,5.9381,5.9381,5.9381,5.9381,5.9381,5.9381,5.9381,5.9381,5.9381,5.9381,5.9381,5.9381,5.9381,5.9381,5.9381,5.9381,5.9381,5.9381,5.9381,5.9381,5.9381,5.9381,5.9381,5.9381,5.9381,5.9381,5.9381,5.9381,5.9381,5.9381,5.9381,5.9381,5.9381,5.9381,5.9381,5.9381,5.9381,5.9381,5.9381,5.9381,5.9381,5.9381,5.9381,5.9381,5.9381,5.9381,5.9381,5.9381,5.9381,5.9381,5.9381,5.9381,5.9381,5.9381,5.9381,5.9381,5.9381,5.9381,5.9381,5.9381,5.9381,5.9381,5.9381,5.9381,5.9381,5.9381,5.9381,5.9381,5.9381,5.9381,5.9381,5.9381,5.9381,5.9381,5.9381,5.9381,5.9381,5.9381,5.9381,5.9381,5.9381,5.9381,5.9381,5.9381,5.9381,5.9381,5.9381,5.9381,5.9381,5.9381,5.9381,5.9381,5.9381,5.9381,5.9381,5.9381,5.9381,5.9381,5.9381,5.9381,5.9381,5.9381,5.9381,5.9381,5.9381,5.9381,5.9381,5.9381,5.9381,5.9381,5.9381,5.9381,5.9381,5.9381,5.9381,5.9381,5.9381,5.9381,5.9381,5.9381,5.9381,5.9381,5.9381,5.9381,5.9381,5.9381,5.9381,5.9381,5.9381,5.9381,5.9381,5.9381,5.9381,5.9381,5.9381,5.9381,5.9381,5.9381,5.9381,5.9381,5.9381,5.9381,5.9381,5.9381,5.9381,5.9381,5.9381,5.9381,5.9381,5.9381,5.9381,5.9381,5.9381,5.9381,5.9381,5.9381,5.9381,5.9381,5.9381,5.9381,5.9381,5.9381,5.9381,5.9381,5.9381,5.9381,5.9381,5.9381,5.9381,5.9381,5.9381,5.9381,5.9381,5.9381,5.9381,5.9381,5.9381,5.9381,5.9381,5.9381,5.9381,5.9381,5.9381,5.9381,5.9381,5.9381,5.9381,5.9381,5.9381,5.9381,5.9381,5.9381,5.9381,5.9381,5.9381,5.9381,5.9381,5.9381,5.9381,5.9381,5.9381,5.9381,5.9381,5.9381,5.9381,5.9381,5.9381,5.9381,5.9381,5.9381,5.9381,5.9381,5.9381,5.9381,5.9381,5.9381,5.9381,5.9381,5.9381,5.9381,5.9381,5.9381,5.9381,5.9381,5.9381,5.9381,5.9381,5.9381,5.9381,5.9381,5.9381,5.9381,5.9381,5.9381,5.9381,5.9381,5.9381,5.9381,5.9381,5.9381,5.9381,5.9381,5.9381,5.9381,5.9381,5.9381,5.9381,5.9381,5.9381,5.9381,5.9381,5.9381,5.9381,5.9381,5.9381,5.9381,5.9381,5.9381,5.9381,5.9381,5.9381,5.9381,5.9381,5.9381,5.9381,5.9381,5.9381,5.9381,5.9381,5.9381,5.9381,5.9381,5.9381,5.9381,5.9381,5.9381,5.9381,5.9381,5.9381,5.9381,5.9381,5.9381,5.9381,5.9381,5.9381,5.9381,5.9381,5.9381,5.9381,5.9381,5.9381,5.9381,5.9381,5.9381,5.9381,5.9381,5.9381,5.9381,5.9381,5.9381,5.9381,5.9381,5.9381,5.9381,5.9381,5.9381,5.9381,5.9381,5.9381,5.9381,5.9381,5.9381,5.9381,5.9381,5.9381,5.9381,5.9381,5.9381,5.9381,5.9381,5.9381,5.9381,5.9381,5.9381,5.9381,5.9381,5.9381,5.9381,5.9381,5.9381,5.9381,5.9381,5.9381,5.9381,5.9381,5.9381,5.9381,5.9381,5.9381,5.9381,5.9381,5.9381,5.9381,5.9381,5.9381,5.9381,5.9381,5.9381,5.9381,5.9381,5.9381,5.9381,5.9381,5.9381,5.9381,5.9381,5.9381,5.9381,5.9381,5.9381,5.9381,5.9381,5.9381,5.9381,5.9381,5.9381,5.9381,5.9381,5.9381,5.9381,5.9381,5.9381,5.9381,5.9381,5.9381,5.9381,5.9381,5.9381,5.9381,5.9381,5.9381,5.9381,5.9381,5.9381,5.9381,5.9381,5.9381,5.9381,5.9381,5.9381,5.9381,5.9381,5.9381,5.9381,5.9381,5.9381,5.9381,5.9381,5.9381,5.9381,5.9381,5.9381,5.9381,5.9381,5.9381,5.9381,5.9381,5.9381,5.9381,5.9381,5.9381,5.9381,5.9381,5.9381,5.9381,5.9381,5.9381,5.9381,5.9381,5.9381,5.9381,5.9381,5.9381,5.9381,5.9381,5.9381,5.9381,5.9381,5.9381,5.9381,5.9381,5.9381,5.9381,5.9381,5.9381,5.9381,5.9381,5.9381,5.9381,5.9381,5.9381,5.9381,5.9381,5.9381,5.9381,5.9381,5.9381,5.9381,5.9381,5.9381,5.9381,5.9381,5.9381,5.9381,5.9381,5.9381,5.9381,5.9381,5.9381,5.9381,5.9381,5.9381,5.9381,5.9381,5.9381,5.9381,5.9381,5.9381,5.9381,5.9381,5.9381,5.9381,5.9381,5.9381,5.9381,5.9381,5.9381,5.9381,5.9381,5.9381,5.9381,5.9381,5.9381,5.9381,5.9381,5.9381,5.9381,5.9381,5.9381,5.9381,5.9381,5.9381,5.9381,5.9381,5.9381,5.9381,5.9381,5.9381,5.9381,5.9381,5.9381,5.9381,5.9381,5.9381,5.9381,5.9381,5.9381,5.9381,5.9381,5.9381,5.9381,5.9381,5.9381,5.9381,5.9381,5.9381,5.9381,5.9381,5.9381,5.9381,5.9381,5.9381,5.9381,5.9381,5.9381,5.9381,5.9381,5.9381,5.9381,5.9381,5.9381,5.9381,5.9381,5.9381,5.9381,5.9381,5.9381,5.9381,5.9381,5.9381,5.9381,5.9381,5.9381,5.9381,5.9381,5.9381,5.9381,5.9381,5.9381,5.9381,5.9381,5.9381,5.9381,5.9381,5.9381,5.9381,5.9381,5.9381,5.9381,5.9381,5.9381,5.9381,5.9381,5.9381,5.9381,5.9381,5.9381,5.9381,5.9381,5.9381,5.9381,5.9381,5.9381,5.9381,5.9381,5.9381,5.9381,5.9381,5.9381,5.9381,5.9381,5.9381,5.9381,5.9381,5.9381,5.9381,5.9381,5.9381,5.9381,5.9381,5.9381,5.9381,5.9381,5.9381,5.9381,5.9381,5.9381,5.9381,5.9381,5.9381,5.9381,5.9381,5.9381,5.9381,5.9381,5.9381,5.9381,5.9381,5.9381,5.9381,5.9381,5.9381,5.9381,5.9381,5.9381,5.9381,5.9381,5.9381,5.9381,5.9381,5.9381,5.9381,5.9381,5.9381,5.9381,5.9381,5.9381,5.9381,5.9381,5.9381,5.9381,5.9381,5.9381,5.9381,5.9381,5.9381,5.9381,5.9381,5.9381,5.9381,5.9381,5.9381,5.9381,5.9381,5.9381,5.9381,5.9381,5.9381,5.9381,5.9381,5.9381,5.9381,5.9381,5.9381,5.9381,5.9381,5.9381,5.9381,5.9381,5.9381,5.9381,5.9381,5.9381,5.9381,5.9381,5.9381,5.9381,5.9381,5.9381,5.9381,5.9381,5.9381,5.9381,5.9381,5.9381,5.9381,5.9381,5.9381,5.9381,5.9381,5.9381,5.9381,5.9381,5.9381,5.9381,5.9381,5.9381,5.9381,5.9381,5.9381,5.9381,5.9381,5.9381,5.9381,5.9381,5.9381,5.9381,5.9381,5.9381,5.9381,5.9381,5.9381,5.9381,5.9381,5.9381,5.9381,5.9381,5.9381,5.9381,5.9381,5.9381,5.9381,5.9381,5.9381,5.9381,5.9381,5.9381,5.9381,5.9381,5.9381,5.9381,5.9381,5.9381,5.9381,5.9381,5.9381,5.9381,5.9381,5.9381,5.9381,5.9381,5.9381,5.9381,5.9381,5.9381,5.9381,5.9381,5.9381,5.9381,5.9381,5.9381,5.9381,5.9381,5.9381,5.9381,5.9381,5.9381,5.9381,5.9381,5.9381,5.9381,5.9381,5.9381,5.9381,5.9381,5.9381,5.9381,5.9381,5.9381,5.9381,5.9381,5.9381,5.9381,5.9381,5.9381,5.9381,5.9381,5.9381,5.9381,5.9381,5.9381,5.9381,5.9381,5.9381,5.9381,5.9381,5.9381,5.9381,5.9381,5.9381,5.9381,5.9381,5.9381,5.9381,5.9381,5.9381,5.9381
5.9341,5.9341,5.9341,5.9341,5.9341,5.9341,5.9341,5.9341,5.9341,5.9341,5.9341,5.9341,5.9341,5.9341,5.9341,5.9341,5.9341,5.9341,5.9341,5.9341,5.9341,5.9341,5.9341,5.9341,5.9341,5.9341,5.9341,5.9341,5.9341,5.9341,5.9341,5.9341,5.9341,5.9341,5.9341,5.9341,5.9341,5.9341,5.9341,5.9341,5.9341,5.9341,5.9341,5.9341,5.9341,5.9341,5.9341,5.9341,5.9341,5.9341,5.9341,5.9341,5.9341,5.9341,5.9341,5.9341,5.9341,5.9341,5.9341,5.9341,5.9341,5.9341,5.9341,5.9341,5.9341,5.9341,5.9341,5.9341,5.9341,5.9341,5.9341,5.9341,5.9341,5.9341,5.9341,5.9341,5.9341,5.9341,5.9341,5.9341,5.9341,5.9341,5.9341,5.9341,5.9341,5.9341,5.9341,5.9341,5.9341,5.9341,5.9341,5.9341,5.9341,5.9341,5.9341,5.9341,5.9341,5.9341,5.9341,5.9341,5.9341,5.9341,5.9341,5.9341,5.9341,5.9341,5.9341,5.9341,5.9341,5.9341,5.9341,5.9341,5.9341,5.9341,5.9341,5.9341,5.9341,5.9341,5.9341,5.9341,5.9341,5.9341,5.9341,5.9341,5.9341,5.9341,5.9341,5.9341,5.9341,5.9341,5.9341,5.9341,5.9341,5.9341,5.9341,5.9341,5.9341,5.9341,5.9341,5.9341,5.9341,5.9341,5.9341,5.9341,5.9341,5.9341,5.9341,5.9341,5.9341,5.9341,5.9341,5.9341,5.9341,5.9341,5.9341,5.9341,5.9341,5.9341,5.9341,5.9341,5.9341,5.9341,5.9341,5.9341,5.9341,5.9341,5.9341,5.9341,5.9341,5.9341,5.9341,5.9341,5.9341,5.9341,5.9341,5.9341,5.9341,5.9341,5.9341,5.9341,5.9341,5.9341,5.9341,5.9341,5.9341,5.9341,5.9341,5.9341,5.9341,5.9341,5.9341,5.9341,5.9341,5.9341,5.9341,5.9341,5.9341,5.9341,5.9341,5.9341,5.9341,5.9341,5.9341,5.9341,5.9341,5.9341,5.9341,5.9341,5.9341,5.9341,5.9341,5.9341,5.9341,5.9341,5.9341,5.9341,5.9341,5.9341,5.9341,5.9341,5.9341,5.9341,5.9341,5.9341,5.9341,5.9341,5.9341,5.9341,5.9341,5.9341,5.9341,5.9341,5.9341,5.9341,5.9341,5.9341,5.9341,5.9341,5.9341,5.9341,5.9341,5.9341,5.9341,5.9341,5.9341,5.9341,5.9341,5.9341,5.9341,5.9341,5.9341,5.9341,5.9341,5.9341,5.9341,5.9341,5.9341,5.9341,5.9341,5.9341,5.9341,5.9341,5.9341,5.9341,5.9341,5.9341,5.9341,5.9341,5.9341,5.9341,5.9341,5.9341,5.9341,5.9341,5.9341,5.9341,5.9341,5.9341,5.9341,5.9341,5.9341,5.9341,5.9341,5.9341,5.9341,5.9341,5.9341,5.9341,5.9341,5.9341,5.9341,5.9341,5.9341,5.9341,5.9341,5.9341,5.9341,5.9341,5.9341,5.9341,5.9341,5.9341,5.9341,5.9341,5.9341,5.9341,5.9341,5.9341,5.9341,5.9341,5.9341,5.9341,5.9341,5.9341,5.9341,5.9341,5.9341,5.9341,5.9341,5.9341,5.9341,5.9341,5.9341,5.9341,5.9341,5.9341,5.9341,5.9341,5.9341,5.9341,5.9341,5.9341,5.9341,5.9341,5.9341,5.9341,5.9341,5.9341,5.9341,5.9341,5.9341,5.9341,5.9341,5.9341,5.9341,5.9341,5.9341,5.9341,5.9341,5.9341,5.9341,5.9341,5.9341,5.9341,5.9341,5.9341,5.9341,5.9341,5.9341,5.9341,5.9341,5.9341,5.9341,5.9341,5.9341,5.9341,5.9341,5.9341,5.9341,5.9341,5.9341,5.9341,5.9341,5.9341,5.9341,5.9341,5.9341,5.9341,5.9341,5.9341,5.9341,5.9341,5.9341,5.9341,5.9341,5.9341,5.9341,5.9341,5.9341,5.9341,5.9341,5.9341,5.9341,5.9341,5.9341,5.9341,5.9341,5.9341,5.9341,5.9341,5.9341,5.9341,5.9341,5.9341,5.9341,5.9341,5.9341,5.9341,5.9341,5.9341,5.9341,5.9341,5.9341,5.9341,5.9341,5.9341,5.9341,5.9341,5.9341,5.9341,5.9341,5.9341,5.9341,5.9341,5.9341,5.9341,5.9341,5.9341,5.9341,5.9341,5.9341,5.9341,5.9341,5.9341,5.9341,5.9341,5.9341,5.9341,5.9341,5.9341,5.9341,5.9341,5.9341,5.9341,5.9341,5.9341,5.9341,5.9341,5.9341,5.9341,5.9341,5.9341,5.9341,5.9341,5.9341,5.9341,5.9341,5.9341,5.9341,5.9341,5.9341,5.9341,5.9341,5.9341,5.9341,5.9341,5.9341,5.9341,5.9341,5.9341,5.9341,5.9341,5.9341,5.9341,5.9341,5.9341,5.9341,5.9341,5.9341,5.9341,5.9341,5.9341,5.9341,5.9341,5.9341,5.9341,5.9341,5.9341,5.9341,5.9341,5.9341,5.9341,5.9341,5.9341,5.9341,5.9341,5.9341,5.9341,5.9341,5.9341,5.9341,5.9341,5.9341,5.9341,5.9341,5.9341,5.9341,5.9341,5.9341,5.9341,5.9341,5.9341,5.9341,5.9341,5.9341,5.9341,5.9341,5.9341,5.9341,5.9341,5.9341,5.9341,5.9341,5.9341,5.9341,5.9341,5.9341,5.9341,5.9341,5.9341,5.9341,5.9341,5.9341,5.9341,5.9341,5.9341,5.9341,5.9341,5.9341,5.9341,5.9341,5.9341,5.9341,5.9341,5.9341,5.9341,5.9341,5.9341,5.9341,5.9341,5.9341,5.9341,5.9341,5.9341,5.9341,5.9341,5.9341,5.9341,5.9341,5.9341,5.9341,5.9341,5.9341,5.9341,5.9341,5.9341,5.9341,5.9341,5.9341,5.9341,5.9341,5.9341,5.9341,5.9341,5.9341,5.9341,5.9341,5.9341,5.9341,5.9341,5.9341,5.9341,5.9341,5.9341,5.9341,5.9341,5.9341,5.9341,5.9341,5.9341,5.9341,5.9341,5.9341,5.9341,5.9341,5.9341,5.9341,5.9341,5.9341,5.9341,5.9341,5.9341,5.9341,5.9341,5.9341,5.9341,5.9341,5.9341,5.9341,5.9341,5.9341,5.9341,5.9341,5.9341,5.9341,5.9341,5.9341,5.9341,5.9341,5.9341,5.9341,5.9341,5.9341,5.9341,5.9341,5.9341,5.9341,5.9341,5.9341,5.9341,5.9341,5.9341,5.9341,5.9341,5.9341,5.9341,5.9341,5.9341,5.9341,5.9341,5.9341,5.9341,5.9341,5.9341,5.9341,5.9341,5.9341,5.9341,5.9341,5.9341,5.9341,5.9341,5.9341,5.9341,5.9341,5.9341,5.9341,5.9341,5.9341,5.9341,5.9341,5.9341,5.9341,5.9341,5.9341,5.9341,5.9341,5.9341,5.9341,5.9341,5.9341,5.9341,5.9341,5.9341,5.9341,5.9341,5.9341,5.9341,5.9341,5.9341,5.9341,5.9341,5.9341,5.9341,5.9341,5.9341,5.9341,5.9341,5.9341,5.9341,5.9341,5.9341,5.9341,5.9341,5.9341,5.9341,5.9341,5.9341,5.9341,5.9341,5.9341,5.9341,5.9341,5.9341,5.9341,5.9341,5.9341,5.9341,5.9341,5.9341,5.9341,5.9341,5.9341,5.9341,5.9341,5.9341,5.9341,5.9341,5.9341,5.9341,5.9341,5.9341,5.9341,5.9341,5.9341,5.9341,5.9341,5.9341,5.9341,5.9341,5.9341,5.9341,5.9341,5.9341,5.9341,5.9341,5.9341,5.9341,5.9341,5.9341,5.9341,5.9341,5.9341,5.9341,5.9341,5.9341,5.9341,5.9341,5.9341,5.9341,5.9341,5.9341,5.9341,5.9341,5.9341,5.9341,5.9341,5.9341,5.9341,5.9341,5.9341,5.9341,5.9341,5.9341,5.9341,5.9341,5.9341,5.9341,5.9341,5.9341,5.9341,5.9341,5.9341,5.9341,5.9341,5.9341,5.9341,5.9341,5.9341,5.9341,5.9341,5.9341,5.9341,5.9341,5.9341,5.9341,5.9341,5.9341,5.9341,5.9341,5.9341,5.9341,5.9341,5.9341,5.9341,5.9341,5.9341,5.9341,5.9341,5.9341,5.9341,5.9341,5.9341,5.9341,5.9341,5.9341,5.9341,5.9341,5.9341,5.9341,5.9341,5.9341,5.9341,5.9341,5.9341,5.9341,5.9341,5.9341,5.9341,5.9341,5.9341,5.9341,5.9341,5.9341,5.9341,5.9341,5.9341,5.9341,5.9341,5.9341,5.9341,5.9341,5.9341,5.9341,5.9341,5.9341,5.9341,5.9341,5.9341,5.9341,5.9341,5.9341,5.9341,5.9341,5.9341,5.9341,5.9341,5.9341,5.9341,5.9341,5.9341,5.9341,5.9341,5.9341,5.9341,5.9341,5.9341,5.9341,5.9341,5.9341,5.9341,5.9341,5.9341,5.9341,5.9341,5.9341,5.9341,5.9341,5.9341,5.9341,5.9341,5.9341,5.9341,5.9341,5.9341,5.9341,5.9341,5.9341,5.9341,5.9341,5.9341,5.9341,5.9341,5.9341,5.9341,5.9341,5.9341,5.9341,5.9341,5.9341,5.9341,5.9341,5.9341,5.9341,5.9341,5.9341,5.9341,5.9341,5.9341,5.9341,5.9341,5.9341,5.9341,5.9341,5.9341,5.9341,5.9341,5.9341,5.9341,5.9341,5.9341,5.9341,5.9341,5.9341,5.9341,5.9341,5.9341,5.9341,5.9341,5.9341,5.9341,5.9341,5.9341,5.9341,5.9341,5.9341,5.9341,5.9341,5.9341,5.9341,5.9341,5.9341,5.9341,5.9341,5.9341,5.9341,5.9341,5.9341,5.9341,5.9341,5.9341,5.9341,5.9341,5.9341,5.9341,5.9341,5.9341,5.9341,5.9341,5.9341,5.9341,5.9341,5.9341,5.9341,5.9341,5.9341,5.9341,5.9341,5.9341,5.9341
5.9301,5.9301,5.9301,5.9301,5.9301,5.9301,5.9301,5.9301,5.9301,5.9301,5.9301,5.9301,5.9301,5.9301,5.9301,5.9301,5.9301,5.9301,5.9301,5.9301,5.9301,5.9301,5.9301,5.9301,5.9301,5.9301,5.9301,5.9301,5.9301,5.9301,5.9301,5.9301,5.9301,5.9301,5.9301,5.9301,5.9301,5.9301,5.9301,5.9301,5.9301,5.9301,5.9301,5.9301,5.9301,5.9301,5.9301,5.9301,5.9301,5.9301,5.9301,5.9301,5.9301,5.9301,5.9301,5.9301,5.9301,5.9301,5.9301,5.9301,5.9301,5.9301,5.9301,5.9301,5.9301,5.9301,5.9301,5.9301,5.9301,5.9301,5.9301,5.9301,5.9301,5.9301,5.9301,5.9301,5.9301,5.9301,5.9301,5.9301,5.9301,5.9301,5.9301,5.9301,5.9301,5.9301,5.9301,5.9301,5.9301,5.9301,5.9301,5.9301,5.9301,5.9301,5.9301,5.9301,5.9301,5.9301,5.9301,5.9301,5.9301,5.9301,5.9301,5.9301,5.9301,5.9301,5.9301,5.9301,5.9301,5.9301,5.9301,5.9301,5.9301,5.9301,5.9301,5.9301,5.9301,5.9301,5.9301,5.9301,5.9301,5.9301,5.9301,5.9301,5.9301,5.9301,5.9301,5.9301,5.9301,5.9301,5.9301,5.9301,5.9301,5.9301,5.9301,5.9301,5.9301,5.9301,5.9301,5.9301,5.9301,5.9301,5.9301,5.9301,5.9301,5.9301,5.9301,5.9301,5.9301,5.9301,5.9301,5.9301,5.9301,5.9301,5.9301,5.9301,5.9301,5.9301,5.9301,5.9301,5.9301,5.9301,5.9301,5.9301,5.9301,5.9301,5.9301,5.9301,5.9301,5.9301,5.9301,5.9301,5.9301,5.9301,5.9301,5.9301,5.9301,5.9301,5.9301,5.9301,5.9301,5.9301,5.9301,5.9301,5.9301,5.9301,5.9301,5.9301,5.9301,5.9301,5.9301,5.9301,5.9301,5.9301,5.9301,5.9301,5.9301,5.9301,5.9301,5.9301,5.9301,5.9301,5.9301,5.9301,5.9301,5.9301,5.9301,5.9301,5.9301,5.9301,5.9301,5.9301,5.9301,5.9301,5.9301,5.9301,5.9301,5.9301,5.9301,5.9301,5.9301,5.9301,5.9301,5.9301,5.9301,5.9301,5.9301,5.9301,5.9301,5.9301,5.9301,5.9301,5.9301,5.9301,5.9301,5.9301,5.9301,5.9301,5.9301,5.9301,5.9301,5.9301,5.9301,5.9301,5.9301,5.9301,5.9301,5.9301,5.9301,5.9301,5.9301,5.9301,5.9301,5.9301,5.9301,5.9301,5.9301,5.9301,5.9301,5.9301,5.9301,5.9301,5.9301,5.9301,5.9301,5.9301,5.9301,5.9301,5.9301,5.9301,5.9301,5.9301,5.9301,5.9301,5.9301,5.9301,5.9301,5.9301,5.9301,5.9301,5.9301,5.9301,5.9301,5.9301,5.9301,5.9301,5.9301,5.9301,5.9301,5.9301,5.9301,5.9301,5.9301,5.9301,5.9301,5.9301,5.9301,5.9301,5.9301,5.9301,5.9301,5.9301,5.9301,5.9301,5.9301,5.9301,5.9301,5.9301,5.9301,5.9301,5.9301,5.9301,5.9301,5.9301,5.9301,5.9301,5.9301,5.9301,5.9301,5.9301,5.9301,5.9301,5.9301,5.9301,5.9301,5.9301,5.9301,5.9301,5.9301,5.9301,5.9301,5.9301,5.9301,5.9301,5.9301,5.9301,5.9301,5.9301,5.9301,5.9301,5.9301,5.9301,5.9301,5.9301,5.9301,5.9301,5.9301,5.9301,5.9301,5.9301,5.9301,5.9301,5.9301,5.9301,5.9301,5.9301,5.9301,5.9301,5.9301,5.9301,5.9301,5.9301,5.9301,5.9301,5.9301,5.9301,5.9301,5.9301,5.9301,5.9301,5.9301,5.9301,5.9301,5.9301,5.9301,5.9301,5.9301,5.9301,5.9301,5.9301,5.9301,5.9301,5.9301,5.9301,5.9301,5.9301,5.9301,5.9301,5.9301,5.9301,5.9301,5.9301,5.9301,5.9301,5.9301,5.9301,5.9301,5.9301,5.9301,5.9301,5.9301,5.9301,5.9301,5.9301,5.9301,5.9301,5.9301,5.9301,5.9301,5.9301,5.9301,5.9301,5.9301,5.9301,5.9301,5.9301,5.9301,5.9301,5.9301,5.9301,5.9301,5.9301,5.9301,5.9301,5.9301,5.9301,5.9301,5.9301,5.9301,5.9301,5.9301,5.9301,5.9301,5.9301,5.9301,5.9301,5.9301,5.9301,5.9301,5.9301,5.9301,5.9301,5.9301,5.9301,5.9301,5.9301,5.9301,5.9301,5.9301,5.9301,5.9301,5.9301,5.9301,5.9301,5.9301,5.9301,5.9301,5.9301,5.9301,5.9301,5.9301,5.9301,5.9301,5.9301,5.9301,5.9301,5.9301,5.9301,5.9301,5.9301,5.9301,5.9301,5.9301,5.9301,5.9301,5.9301,5.9301,5.9301,5.9301,5.9301,5.9301,5.9301,5.9301,5.9301,5.9301,5.9301,5.9301,5.9301,5.9301,5.9301,5.9301,5.9301,5.9301,5.9301,5.9301,5.9301,5.9301,5.9301,5.9301,5.9301,5.9301,5.9301,5.9301,5.9301,5.9301,5.9301,5.9301,5.9301,5.9301,5.9301,5.9301,5.9301,5.9301,5.9301,5.9301,5.9301,5.9301,5.9301,5.9301,5.9301,5.9301,5.9301,5.9301,5.9301,5.9301,5.9301,5.9301,5.9301,5.9301,5.9301,5.9301,5.9301,5.9301,5.9301,5.9301,5.9301,5.9301,5.9301,5.9301,5.9301,5.9301,5.9301,5.9301,5.9301,5.9301,5.9301,5.9301,5.9301,5.9301,5.9301,5.9301,5.9301,5.9301,5.9301,5.9301,5.9301,5.9301,5.9301,5.9301,5.9301,5.9301,5.9301,5.9301,5.9301,5.9301,5.9301,5.9301,5.9301,5.9301,5.9301,5.9301,5.9301,5.9301,5.9301,5.9301,5.9301,5.9301,5.9301,5.9301,5.9301,5.9301,5.9301,5.9301,5.9301,5.9301,5.9301,5.9301,5.9301,5.9301,5.9301,5.9301,5.9301,5.9301,5.9301,5.9301,5.9301,5.9301,5.9301,5.9301,5.9301,5.9301,5.9301,5.9301,5.9301,5.9301,5.9301,5.9301,5.9301,5.9301,5.9301,5.9301,5.9301,5.9301,5.9301,5.9301,5.9301,5.9301,5.9301,5.9301,5.9301,5.9301,5.9301,5.9301,5.9301,5.9301,5.9301,5.9301,5.9301,5.9301,5.9301,5.9301,5.9301,5.9301,5.9301,5.9301,5.9301,5.9301,5.9301,5.9301,5.9301,5.9301,5.9301,5.9301,5.9301,5.9301,5.9301,5.9301,5.9301,5.9301,5.9301,5.9301,5.9301,5.9301,5.9301,5.9301,5.9301,5.9301,5.9301,5.9301,5.9301,5.9301,5.9301,5.9301,5.9301,5.9301,5.9301,5.9301,5.9301,5.9301,5.9301,5.9301,5.9301,5.9301,5.9301,5.9301,5.9301,5.9301,5.9301,5.9301,5.9301,5.9301,5.9301,5.9301,5.9301,5.9301,5.9301,5.9301,5.9301,5.9301,5.9301,5.9301,5.9301,5.9301,5.9301,5.9301,5.9301,5.9301,5.9301,5.9301,5.9301,5.9301,5.9301,5.9301,5.9301,5.9301,5.9301,5.9301,5.9301,5.9301,5.9301,5.9301,5.9301,5.9301,5.9301,5.9301,5.9301,5.9301,5.9301,5.9301,5.9301,5.9301,5.9301,5.9301,5.9301,5.9301,5.9301,5.9301,5.9301,5.9301,5.9301,5.9301,5.9301,5.9301,5.9301,5.9301,5.9301,5.9301,5.9301,5.9301,5.9301,5.9301,5.9301,5.9301,5.9301,5.9301,5.9301,5.9301,5.9301,5.9301,5.9301,5.9301,5.9301,5.9301,5.9301,5.9301,5.9301,5.9301,5.9301,5.9301,5.9301,5.9301,5.9301,5.9301,5.9301,5.9301,5.9301,5.9301,5.9301,5.9301,5.9301,5.9301,5.9301,5.9301,5.9301,5.9301,5.9301,5.9301,5.9301,5.9301,5.9301,5.9301,5.9301,5.9301,5.9301,5.9301,5.9301,5.9301,5.9301,5.9301,5.9301,5.9301,5.9301,5.9301,5.9301,5.9301,5.9301,5.9301,5.9301,5.9301,5.9301,5.9301,5.9301,5.9301,5.9301,5.9301,5.9301,5.9301,5.9301,5.9301,5.9301,5.9301,5.9301,5.9301,5.9301,5.9301,5.9301,5.9301,5.9301,5.9301,5.9301,5.9301,5.9301,5.9301,5.9301,5.9301,5.9301,5.9301,5.9301,5.9301,5.9301,5.9301,5.9301,5.9301,5.9301,5.9301,5.9301,5.9301,5.9301,5.9301,5.9301,5.9301,5.9301,5.9301,5.9301,5.9301,5.9301,5.9301,5.9301,5.9301,5.9301,5.9301,5.9301,5.9301,5.9301,5.9301,5.9301,5.9301,5.9301,5.9301,5.9301,5.9301,5.9301,5.9301,5.9301,5.9301,5.9301,5.9301,5.9301,5.9301,5.9301,5.9301,5.9301,5.9301,5.9301,5.9301,5.9301,5.9301,5.9301,5.9301,5.9301,5.9301,5.9301,5.9301,5.9301,5.9301,5.9301,5.9301,5.9301,5.9301,5.9301,5.9301,5.9301,5.9301,5.9301,5.9301,5.9301,5.9301,5.9301,5.9301,5.9301,5.9301,5.9301,5.9301,5.9301,5.9301,5.9301,5.9301,5.9301,5.9301,5.9301,5.9301,5.9301,5.9301,5.9301,5.9301,5.9301,5.9301,5.9301,5.9301,5.9301,5.9301,5.9301,5.9301,5.9301,5.9301,5.9301,5.9301,5.9301,5.9301,5.9301,5.9301,5.9301,5.9301,5.9301,5.9301,5.9301,5.9301,5.9301,5.9301,5.9301,5.9301,5.9301,5.9301,5.9301,5.9301,5.9301,5.9301,5.9301,5.9301,5.9301,5.9301,5.9301,5.9301,5.9301,5.9301,5.9301,5.9301,5.9301,5.9301,5.9301
5.9263,5.9263,5.9263,5.9263,5.9263,5.9263,5.9263,5.9263,5.9263,5.9263,5.9263,5.9263,5.9263,5.9263,5.9263,5.9263,5.9263,5.9263,5.9263,5.9263,5.9263,5.9263,5.9263,5.9263,5.9263,5.9263,5.9263,5.9263,5.9263,5.9263,5.9263,5.9263,5.9263,5.9263,5.9263,5.9263,5.9263,5.9263,5.9263,5.9263,5.9263,5.9263,5.9263,5.9263,5.9263,5.9263,5.9263,5.9263,5.9263,5.9263,5.9263,5.9263,5.9263,5.9263,5.9263,5.9263,5.9263,5.9263,5.9263,5.9263,5.9263,5.9263,5.9263,5.9263,5.9263,5.9263,5.9263,5.9263,5.9263,5.9263,5.9263,5.9263,5.9263,5.9263,5.9263,5.9263,5.9263,5.9263,5.9263,5.9263,5.9263,5.9263,5.9263,5.9263,5.9263,5.9263,5.9263,5.9263,5.9263,5.9263,5.9263,5.9263,5.9263,5.9263,5.9263,5.9263,5.9263,5.9263,5.9263,5.9263,5.9263,5.9263,5.9263,5.9263,5.9263,5.9263,5.9263,5.9263,5.9263,5.9263,5.9263,5.9263,5.9263,5.9263,5.9263,5.9263,5.9263,5.9263,5.9263,5.9263,5.9263,5.9263,5.9263,5.9263,5.9263,5.9263,5.9263,5.9263,5.9263,5.9263,5.9263,5.9263,5.9263,5.9263,5.9263,5.9263,5.9263,5.9263,5.9263,5.9263,5.9263,5.9263,5.9263,5.9263,5.9263,5.9263,5.9263,5.9263,5.9263,5.9263,5.9263,5.9263,5.9263,5.9263,5.9263,5.9263,5.9263,5.9263,5.9263,5.9263,5.9263,5.9263,5.9263,5.9263,5.9263,5.9263,5.9263,5.9263,5.9263,5.9263,5.9263,5.9263,5.9263,5.9263,5.9263,5.9263,5.9263,5.9263,5.9263,5.9263,5.9263,5.9263,5.9263,5.9263,5.9263,5.9263,5.9263,5.9263,5.9263,5.9263,5.9263,5.9263,5.9263,5.9263,5.9263,5.9263,5.9263,5.9263,5.9263,5.9263,5.9263,5.9263,5.9263,5.9263,5.9263,5.9263,5.9263,5.9263,5.9263,5.9263,5.9263,5.9263,5.9263,5.9263,5.9263,5.9263,5.9263,5.9263,5.9263,5.9263,5.9263,5.9263,5.9263,5.9263,5.9263,5.9263,5.9263,5.9263,5.9263,5.9263,5.9263,5.9263,5.9263,5.9263,5.9263,5.9263,5.9263,5.9263,5.9263,5.9263,5.9263,5.9263,5.9263,5.9263,5.9263,5.9263,5.9263,5.9263,5.9263,5.9263,5.9263,5.9263,5.9263,5.9263,5.9263,5.9263,5.9263,5.9263,5.9263,5.9263,5.9263,5.9263,5.9263,5.9263,5.9263,5.9263,5.9263,5.9263,5.9263,5.9263,5.9263,5.9263,5.9263,5.9263,5.9263,5.9263,5.9263,5.9263,5.9263,5.9263,5.9263,5.9263,5.9263,5.9263,5.9263,5.9263,5.9263,5.9263,5.9263,5.9263,5.9263,5.9263,5.9263,5.9263,5.9263,5.9263,5.9263,5.9263,5.9263,5.9263,5.9263,5.9263,5.9263,5.9263,5.9263,5.9263,5.9263,5.9263,5.9263,5.9263,5.9263,5.9263,5.9263,5.9263,5.9263,5.9263,5.9263,5.9263,5.9263,5.9263,5.9263,5.9263,5.9263,5.9263,5.9263,5.9263,5.9263,5.9263,5.9263,5.9263,5.9263,5.9263,5.9263,5.9263,5.9263,5.9263,5.9263,5.9263,5.9263,5.9263,5.9263,5.9263,5.9263,5.9263,5.9263,5.9263,5.9263,5.9263,5.9263,5.9263,5.9263,5.9263,5.9263,5.9263,5.9263,5.9263,5.9263,5.9263,5.9263,5.9263,5.9263,5.9263,5.9263,5.9263,5.9263,5.9263,5.9263,5.9263,5.9263,5.9263,5.9263,5.9263,5.9263,5.9263,5.9263,5.9263,5.9263,5.9263,5.9263,5.9263,5.9263,5.9263,5.9263,5.9263,5.9263,5.9263,5.9263,5.9263,5.9263,5.9263,5.9263,5.9263,5.9263,5.9263,5.9263,5.9263,5.9263,5.9263,5.9263,5.9263,5.9263,5.9263,5.9263,5.9263,5.9263,5.9263,5.9263,5.9263,5.9263,5.9263,5.9263,5.9263,5.9263,5.9263,5.9263,5.9263,5.9263,5.9263,5.9263,5.9263,5.9263,5.9263,5.9263,5.9263,5.9263,5.9263,5.9263,5.9263,5.9263,5.9263,5.9263,5.9263,5.9263,5.9263,5.9263,5.9263,5.9263,5.9263,5.9263,5.9263,5.9263,5.9263,5.9263,5.9263,5.9263,5.9263,5.9263,5.9263,5.9263,5.9263,5.9263,5.9263,5.9263,5.9263,5.9263,5.9263,5.9263,5.9263,5.9263,5.9263,5.9263,5.9263,5.9263,5.9263,5.9263,5.9263,5.9263,5.9263,5.9263,5.9263,5.9263,5.9263,5.9263,5.9263,5.9263,5.9263,5.9263,5.9263,5.9263,5.9263,5.9263,5.9263,5.9263,5.9263,5.9263,5.9263,5.9263,5.9263,5.9263,5.9263,5.9263,5.9263,5.9263,5.9263,5.9263,5.9263,5.9263,5.9263,5.9263,5.9263,5.9263,5.9263,5.9263,5.9263,5.9263,5.9263,5.9263,5.9263,5.9263,5.9263,5.9263,5.9263,5.9263,5.9263,5.9263,5.9263,5.9263,5.9263,5.9263,5.9263,5.9263,5.9263,5.9263,5.9263,5.9263,5.9263,5.9263,5.9263,5.9263,5.9263,5.9263,5.9263,5.9263,5.9263,5.9263,5.9263,5.9263,5.9263,5.9263,5.9263,5.9263,5.9263,5.9263,5.9263,5.9263,5.9263,5.9263,5.9263,5.9263,5.9263,5.9263,5.9263,5.9263,5.9263,5.9263,5.9263,5.9263,5.9263,5.9263,5.9263,5.9263,5.9263,5.9263,5.9263,5.9263,5.9263,5.9263,5.9263,5.9263,5.9263,5.9263,5.9263,5.9263,5.9263,5.9263,5.9263,5.9263,5.9263,5.9263,5.9263,5.9263,5.9263,5.9263,5.9263,5.9263,5.9263,5.9263,5.9263,5.9263,5.9263,5.9263,5.9263,5.9263,5.9263,5.9263,5.9263,5.9263,5.9263,5.9263,5.9263,5.9263,5.9263,5.9263,5.9263,5.9263,5.9263,5.9263,5.9263,5.9263,5.9263,5.9263,5.9263,5.9263,5.9263,5.9263,5.9263,5.9263,5.9263,5.9263,5.9263,5.9263,5.9263,5.9263,5.9263,5.9263,5.9263,5.9263,5.9263,5.9263,5.9263,5.9263,5.9263,5.9263,5.9263,5.9263,5.9263,5.9263,5.9263,5.9263,5.9263,5.9263,5.9263,5.9263,5.9263,5.9263,5.9263,5.9263,5.9263,5.9263,5.9263,5.9263,5.9263,5.9263,5.9263,5.9263,5.9263,5.9263,5.9263,5.9263,5.9263,5.9263,5.9263,5.9263,5.9263,5.9263,5.9263,5.9263,5.9263,5.9263,5.9263,5.9263,5.9263,5.9263,5.9263,5.9263,5.9263,5.9263,5.9263,5.9263,5.9263,5.9263,5.9263,5.9263,5.9263,5.9263,5.9263,5.9263,5.9263,5.9263,5.9263,5.9263,5.9263,5.9263,5.9263,5.9263,5.9263,5.9263,5.9263,5.9263,5.9263,5.9263,5.9263,5.9263,5.9263,5.9263,5.9263,5.9263,5.9263,5.9263,5.9263,5.9263,5.9263,5.9263,5.9263,5.9263,5.9263,5.9263,5.9263,5.9263,5.9263,5.9263,5.9263,5.9263,5.9263,5.9263,5.9263,5.9263,5.9263,5.9263,5.9263,5.9263,5.9263,5.9263,5.9263,5.9263,5.9263,5.9263,5.9263,5.9263,5.9263,5.9263,5.9263,5.9263,5.9263,5.9263,5.9263,5.9263,5.9263,5.9263,5.9263,5.9263,5.9263,5.9263,5.9263,5.9263,5.9263,5.9263,5.9263,5.9263,5.9263,5.9263,5.9263,5.9263,5.9263,5.9263,5.9263,5.9263,5.9263,5.9263,5.9263,5.9263,5.9263,5.9263,5.9263,5.9263,5.9263,5.9263,5.9263,5.9263,5.9263,5.9263,5.9263,5.9263,5.9263,5.9263,5.9263,5.9263,5.9263,5.9263,5.9263,5.9263,5.9263,5.9263,5.9263,5.9263,5.9263,5.9263,5.9263,5.9263,5.9263,5.9263,5.9263,5.9263,5.9263,5.9263,5.9263,5.9263,5.9263,5.9263,5.9263,5.9263,5.9263,5.9263,5.9263,5.9263,5.9263,5.9263,5.9263,5.9263,5.9263,5.9263,5.9263,5.9263,5.9263,5.9263,5.9263,5.9263,5.9263,5.9263,5.9263,5.9263,5.9263,5.9263,5.9263,5.9263,5.9263,5.9263,5.9263,5.9263,5.9263,5.9263,5.9263,5.9263,5.9263,5.9263,5.9263,5.9263,5.9263,5.9263,5.9263,5.9263,5.9263,5.9263,5.9263,5.9263,5.9263,5.9263,5.9263,5.9263,5.9263,5.9263,5.9263,5.9263,5.9263,5.9263,5.9263,5.9263,5.9263,5.9263,5.9263,5.9263,5.9263,5.9263,5.9263,5.9263,5.9263,5.9263,5.9263,5.9263,5.9263,5.9263,5.9263,5.9263,5.9263,5.9263,5.9263,5.9263,5.9263,5.9263,5.9263,5.9263,5.9263,5.9263,5.9263,5.9263,5.9263,5.9263,5.9263,5.9263,5.9263,5.9263,5.9263,5.9263,5.9263,5.9263,5.9263,5.9263,5.9263,5.9263,5.9263,5.9263,5.9263,5.9263,5.9263,5.9263,5.9263,5.9263,5.9263,5.9263,5.9263,5.9263,5.9263,5.9263,5.9263,5.9263,5.9263,5.9263,5.9263,5.9263,5.9263,5.9263,5.9263,5.9263,5.9263,5.9263,5.9263,5.9263,5.9263,5.9263,5.9263,5.9263,5.9263,5.9263,5.9263,5.9263,5.9263,5.9263,5.9263,5.9263,5.9263,5.9263,5.9263,5.9263,5.9263,5.9263,5.9263,5.9263,5.9263,5.9263,5.9263
5.9223,5.9223,5.9223,5.9223,5.9223,5.9223,5.9223,5.9223,5.9223,5.9223,5.9223,5.9223,5.9223,5.9223,5.9223,5.9223,5.9223,5.9223,5.9223,5.9223,5.9223,5.9223,5.9223,5.9223,5.9223,5.9223,5.9223,5.9223,5.9223,5.9223,5.9223,5.9223,5.9223,5.9223,5.9223,5.9223,5.9223,5.9223,5.9223,5.9223,5.9223,5.9223,5.9223,5.9223,5.9223,5.9223,5.9223,5.9223,5.9223,5.9223,5.9223,5.9223,5.9223,5.9223,5.9223,5.9223,5.9223,5.9223,5.9223,5.9223,5.9223,5.9223,5.9223,5.9223,5.9223,5.9223,5.9223,5.9223,5.9223,5.9223,5.9223,5.9223,5.9223,5.9223,5.9223,5.9223,5.9223,5.9223,5.9223,5.9223,5.9223,5.9223,5.9223,5.9223,5.9223,5.9223,5.9223,5.9223,5.9223,5.9223,5.9223,5.9223,5.9223,5.9223,5.9223,5.9223,5.9223,5.9223,5.9223,5.9223,5.9223,5.9223,5.9223,5.9223,5.9223,5.9223,5.9223,5.9223,5.9223,5.9223,5.9223,5.9223,5.9223,5.9223,5.9223,5.9223,5.9223,5.9223,5.9223,5.9223,5.9223,5.9223,5.9223,5.9223,5.9223,5.9223,5.9223,5.9223,5.9223,5.9223,5.9223,5.9223,5.9223,5.9223,5.9223,5.9223,5.9223,5.9223,5.9223,5.9223,5.9223,5.9223,5.9223,5.9223,5.9223,5.9223,5.9223,5.9223,5.9223,5.9223,5.9223,5.9223,5.9223,5.9223,5.9223,5.9223,5.9223,5.9223,5.9223,5.9223,5.9223,5.9223,5.9223,5.9223,5.9223,5.9223,5.9223,5.9223,5.9223,5.9223,5.9223,5.9223,5.9223,5.9223,5.9223,5.9223,5.9223,5.9223,5.9223,5.9223,5.9223,5.9223,5.9223,5.9223,5.9223,5.9223,5.9223,5.9223,5.9223,5.9223,5.9223,5.9223,5.9223,5.9223,5.9223,5.9223,5.9223,5.9223,5.9223,5.9223,5.9223,5.9223,5.9223,5.9223,5.9223,5.9223,5.9223,5.9223,5.9223,5.9223,5.9223,5.9223,5.9223,5.9223,5.9223,5.9223,5.9223,5.9223,5.9223,5.9223,5.9223,5.9223,5.9223,5.9223,5.9223,5.9223,5.9223,5.9223,5.9223,5.9223,5.9223,5.9223,5.9223,5.9223,5.9223,5.9223,5.9223,5.9223,5.9223,5.9223,5.9223,5.9223,5.9223,5.9223,5.9223,5.9223,5.9223,5.9223,5.9223,5.9223,5.9223,5.9223,5.9223,5.9223,5.9223,5.9223,5.9223,5.9223,5.9223,5.9223,5.9223,5.9223,5.9223,5.9223,5.9223,5.9223,5.9223,5.9223,5.9223,5.9223,5.9223,5.9223,5.9223,5.9223,5.9223,5.9223,5.9223,5.9223,5.9223,5.9223,5.9223,5.9223,5.9223,5.9223,5.9223,5.9223,5.9223,5.9223,5.9223,5.9223,5.9223,5.9223,5.9223,5.9223,5.9223,5.9223,5.9223,5.9223,5.9223,5.9223,5.9223,5.9223,5.9223,5.9223,5.9223,5.9223,5.9223,5.9223,5.9223,5.9223,5.9223,5.9223,5.9223,5.9223,5.9223,5.9223,5.9223,5.9223,5.9223,5.9223,5.9223,5.9223,5.9223,5.9223,5.9223,5.9223,5.9223,5.9223,5.9223,5.9223,5.9223,5.9223,5.9223,5.9223,5.9223,5.9223,5.9223,5.9223,5.9223,5.9223,5.9223,5.9223,5.9223,5.9223,5.9223,5.9223,5.9223,5.9223,5.9223,5.9223,5.9223,5.9223,5.9223,5.9223,5.9223,5.9223,5.9223,5.9223,5.9223,5.9223,5.9223,5.9223,5.9223,5.9223,5.9223,5.9223,5.9223,5.9223,5.9223,5.9223,5.9223,5.9223,5.9223,5.9223,5.9223,5.9223,5.9223,5.9223,5.9223,5.9223,5.9223,5.9223,5.9223,5.9223,5.9223,5.9223,5.9223,5.9223,5.9223,5.9223,5.9223,5.9223,5.9223,5.9223,5.9223,5.9223,5.9223,5.9223,5.9223,5.9223,5.9223,5.9223,5.9223,5.9223,5.9223,5.9223,5.9223,5.9223,5.9223,5.9223,5.9223,5.9223,5.9223,5.9223,5.9223,5.9223,5.9223,5.9223,5.9223,5.9223,5.9223,5.9223,5.9223,5.9223,5.9223,5.9223,5.9223,5.9223,5.9223,5.9223,5.9223,5.9223,5.9223,5.9223,5.9223,5.9223,5.9223,5.9223,5.9223,5.9223,5.9223,5.9223,5.9223,5.9223,5.9223,5.9223,5.9223,5.9223,5.9223,5.9223,5.9223,5.9223,5.9223,5.9223,5.9223,5.9223,5.9223,5.9223,5.9223,5.9223,5.9223,5.9223,5.9223,5.9223,5.9223,5.9223,5.9223,5.9223,5.9223,5.9223,5.9223,5.9223,5.9223,5.9223,5.9223,5.9223,5.9223,5.9223,5.9223,5.9223,5.9223,5.9223,5.9223,5.9223,5.9223,5.9223,5.9223,5.9223,5.9223,5.9223,5.9223,5.9223,5.9223,5.9223,5.9223,5.9223,5.9223,5.9223,5.9223,5.9223,5.9223,5.9223,5.9223,5.9223,5.9223,5.9223,5.9223,5.9223,5.9223,5.9223,5.9223,5.9223,5.9223,5.9223,5.9223,5.9223,5.9223,5.9223,5.9223,5.9223,5.9223,5.9223,5.9223,5.9223,5.9223,5.9223,5.9223,5.9223,5.9223,5.9223,5.9223,5.9223,5.9223,5.9223,5.9223,5.9223,5.9223,5.9223,5.9223,5.9223,5.9223,5.9223,5.9223,5.9223,5.9223,5.9223,5.9223,5.9223,5.9223,5.9223,5.9223,5.9223,5.9223,5.9223,5.9223,5.9223,5.9223,5.9223,5.9223,5.9223,5.9223,5.9223,5.9223,5.9223,5.9223,5.9223,5.9223,5.9223,5.9223,5.9223,5.9223,5.9223,5.9223,5.9223,5.9223,5.9223,5.9223,5.9223,5.9223,5.9223,5.9223,5.9223,5.9223,5.9223,5.9223,5.9223,5.9223,5.9223,5.9223,5.9223,5.9223,5.9223,5.9223,5.9223,5.9223,5.9223,5.9223,5.9223,5.9223,5.9223,5.9223,5.9223,5.9223,5.9223,5.9223,5.9223,5.9223,5.9223,5.9223,5.9223,5.9223,5.9223,5.9223,5.9223,5.9223,5.9223,5.9223,5.9223,5.9223,5.9223,5.9223,5.9223,5.9223,5.9223,5.9223,5.9223,5.9223,5.9223,5.9223,5.9223,5.9223,5.9223,5.9223,5.9223,5.9223,5.9223,5.9223,5.9223,5.9223,5.9223,5.9223,5.9223,5.9223,5.9223,5.9223,5.9223,5.9223,5.9223,5.9223,5.9223,5.9223,5.9223,5.9223,5.9223,5.9223,5.9223,5.9223,5.9223,5.9223,5.9223,5.9223,5.9223,5.9223,5.9223,5.9223,5.9223,5.9223,5.9223,5.9223,5.9223,5.9223,5.9223,5.9223,5.9223,5.9223,5.9223,5.9223,5.9223,5.9223,5.9223,5.9223,5.9223,5.9223,5.9223,5.9223,5.9223,5.9223,5.9223,5.9223,5.9223,5.9223,5.9223,5.9223,5.9223,5.9223,5.9223,5.9223,5.9223,5.9223,5.9223,5.9223,5.9223,5.9223,5.9223,5.9223,5.9223,5.9223,5.9223,5.9223,5.9223,5.9223,5.9223,5.9223,5.9223,5.9223,5.9223,5.9223,5.9223,5.9223,5.9223,5.9223,5.9223,5.9223,5.9223,5.9223,5.9223,5.9223,5.9223,5.9223,5.9223,5.9223,5.9223,5.9223,5.9223,5.9223,5.9223,5.9223,5.9223,5.9223,5.9223,5.9223,5.9223,5.9223,5.9223,5.9223,5.9223,5.9223,5.9223,5.9223,5.9223,5.9223,5.9223,5.9223,5.9223,5.9223,5.9223,5.9223,5.9223,5.9223,5.9223,5.9223,5.9223,5.9223,5.9223,5.9223,5.9223,5.9223,5.9223,5.9223,5.9223,5.9223,5.9223,5.9223,5.9223,5.9223,5.9223,5.9223,5.9223,5.9223,5.9223,5.9223,5.9223,5.9223,5.9223,5.9223,5.9223,5.9223,5.9223,5.9223,5.9223,5.9223,5.9223,5.9223,5.9223,5.9223,5.9223,5.9223,5.9223,5.9223,5.9223,5.9223,5.9223,5.9223,5.9223,5.9223,5.9223,5.9223,5.9223,5.9223,5.9223,5.9223,5.9223,5.9223,5.9223,5.9223,5.9223,5.9223,5.9223,5.9223,5.9223,5.9223,5.9223,5.9223,5.9223,5.9223,5.9223,5.9223,5.9223,5.9223,5.9223,5.9223,5.9223,5.9223,5.9223,5.9223,5.9223,5.9223,5.9223,5.9223,5.9223,5.9223,5.9223,5.9223,5.9223,5.9223,5.9223,5.9223,5.9223,5.9223,5.9223,5.9223,5.9223,5.9223,5.9223,5.9223,5.9223,5.9223,5.9223,5.9223,5.9223,5.9223,5.9223,5.9223,5.9223,5.9223,5.9223,5.9223,5.9223,5.9223,5.9223,5.9223,5.9223,5.9223,5.9223,5.9223,5.9223,5.9223,5.9223,5.9223,5.9223,5.9223,5.9223,5.9223,5.9223,5.9223,5.9223,5.9223,5.9223,5.9223,5.9223,5.9223,5.9223,5.9223,5.9223,5.9223,5.9223,5.9223,5.9223,5.9223,5.9223,5.9223,5.9223,5.9223,5.9223,5.9223,5.9223,5.9223,5.9223,5.9223,5.9223,5.9223,5.9223,5.9223,5.9223,5.9223,5.9223,5.9223,5.9223,5.9223,5.9223,5.9223,5.9223,5.9223,5.9223,5.9223,5.9223,5.9223,5.9223,5.9223,5.9223,5.9223,5.9223,5.9223,5.9223,5.9223,5.9223,5.9223,5.9223,5.9223,5.9223,5.9223,5.9223,5.9223,5.9223,5.9223,5.9223,5.9223,5.9223,5.9223,5.9223,5.9223,5.9223,5.9223,5.9223,5.9223,5.9223,5.9223,5.9223,5.9223,5.9223
5.9184,5.9184,5.9184,5.9184,5.9184,5.9184,5.9184,5.9184,5.9184,5.9184,5.9184,5.9184,5.9184,5.9184,5.9184,5.9184,5.9184,5.9184,5.9184,5.9184,5.9184,5.9184,5.9184,5.9184,5.9184,5.9184,5.9184,5.9184,5.9184,5.9184,5.9184,5.9184,5.9184,5.9184,5.9184,5.9184,5.9184,5.9184,5.9184,5.9184,5.9184,5.9184,5.9184,5.9184,5.9184,5.9184,5.9184,5.9184,5.9184,5.9184,5.9184,5.9184,5.9184,5.9184,5.9184,5.9184,5.9184,5.9184,5.9184,5.9184,5.9184,5.9184,5.9184,5.9184,5.9184,5.9184,5.9184,5.9184,5.9184,5.9184,5.9184,5.9184,5.9184,5.9184,5.9184,5.9184,5.9184,5.9184,5.9184,5.9184,5.9184,5.9184,5.9184,5.9184,5.9184,5.9184,5.9184,5.9184,5.9184,5.9184,5.9184,5.9184,5.9184,5.9184,5.9184,5.9184,5.9184,5.9184,5.9184,5.9184,5.9184,5.9184,5.9184,5.9184,5.9184,5.9184,5.9184,5.9184,5.9184,5.9184,5.9184,5.9184,5.9184,5.9184,5.9184,5.9184,5.9184,5.9184,5.9184,5.9184,5.9184,5.9184,5.9184,5.9184,5.9184,5.9184,5.9184,5.9184,5.9184,5.9184,5.9184,5.9184,5.9184,5.9184,5.9184,5.9184,5.9184,5.9184,5.9184,5.9184,5.9184,5.9184,5.9184,5.9184,5.9184,5.9184,5.9184,5.9184,5.9184,5.9184,5.9184,5.9184,5.9184,5.9184,5.9184,5.9184,5.9184,5.9184,5.9184,5.9184,5.9184,5.9184,5.9184,5.9184,5.9184,5.9184,5.9184,5.9184,5.9184,5.9184,5.9184,5.9184,5.9184,5.9184,5.9184,5.9184,5.9184,5.9184,5.9184,5.9184,5.9184,5.9184,5.9184,5.9184,5.9184,5.9184,5.9184,5.9184,5.9184,5.9184,5.9184,5.9184,5.9184,5.9184,5.9184,5.9184,5.9184,5.9184,5.9184,5.9184,5.9184,5.9184,5.9184,5.9184,5.9184,5.9184,5.9184,5.9184,5.9184,5.9184,5.9184,5.9184,5.9184,5.9184,5.9184,5.9184,5.9184,5.9184,5.9184,5.9184,5.9184,5.9184,5.9184,5.9184,5.9184,5.9184,5.9184,5.9184,5.9184,5.9184,5.9184,5.9184,5.9184,5.9184,5.9184,5.9184,5.9184,5.9184,5.9184,5.9184,5.9184,5.9184,5.9184,5.9184,5.9184,5.9184,5.9184,5.9184,5.9184,5.9184,5.9184,5.9184,5.9184,5.9184,5.9184,5.9184,5.9184,5.9184,5.9184,5.9184,5.9184,5.9184,5.9184,5.9184,5.9184,5.9184,5.9184,5.9184,5.9184,5.9184,5.9184,5.9184,5.9184,5.9184,5.9184,5.9184,5.9184,5.9184,5.9184,5.9184,5.9184,5.9184,5.9184,5.9184,5.9184,5.9184,5.9184,5.9184,5.9184,5.9184,5.9184,5.9184,5.9184,5.9184,5.9184,5.9184,5.9184,5.9184,5.9184,5.9184,5.9184,5.9184,5.9184,5.9184,5.9184,5.9184,5.9184,5.9184,5.9184,5.9184,5.9184,5.9184,5.9184,5.9184,5.9184,5.9184,5.9184,5.9184,5.9184,5.9184,5.9184,5.9184,5.9184,5.9184,5.9184,5.9184,5.9184,5.9184,5.9184,5.9184,5.9184,5.9184,5.9184,5.9184,5.9184,5.9184,5.9184,5.9184,5.9184,5.9184,5.9184,5.9184,5.9184,5.9184,5.9184,5.9184,5.9184,5.9184,5.9184,5.9184,5.9184,5.9184,5.9184,5.9184,5.9184,5.9184,5.9184,5.9184,5.9184,5.9184,5.9184,5.9184,5.9184,5.9184,5.9184,5.9184,5.9184,5.9184,5.9184,5.9184,5.9184,5.9184,5.9184,5.9184,5.9184,5.9184,5.9184,5.9184,5.9184,5.9184,5.9184,5.9184,5.9184,5.9184,5.9184,5.9184,5.9184,5.9184,5.9184,5.9184,5.9184,5.9184,5.9184,5.9184,5.9184,5.9184,5.9184,5.9184,5.9184,5.9184,5.9184,5.9184,5.9184,5.9184,5.9184,5.9184,5.9184,5.9184,5.9184,5.9184,5.9184,5.9184,5.9184,5.9184,5.9184,5.9184,5.9184,5.9184,5.9184,5.9184,5.9184,5.9184,5.9184,5.9184,5.9184,5.9184,5.9184,5.9184,5.9184,5.9184,5.9184,5.9184,5.9184,5.9184,5.9184,5.9184,5.9184,5.9184,5.9184,5.9184,5.9184,5.9184,5.9184,5.9184,5.9184,5.9184,5.9184,5.9184,5.9184,5.9184,5.9184,5.9184,5.9184,5.9184,5.9184,5.9184,5.9184,5.9184,5.9184,5.9184,5.9184,5.9184,5.9184,5.9184,5.9184,5.9184,5.9184,5.9184,5.9184,5.9184,5.9184,5.9184,5.9184,5.9184,5.9184,5.9184,5.9184,5.9184,5.9184,5.9184,5.9184,5.9184,5.9184,5.9184,5.9184,5.9184,5.9184,5.9184,5.9184,5.9184,5.9184,5.9184,5.9184,5.9184,5.9184,5.9184,5.9184,5.9184,5.9184,5.9184,5.9184,5.9184,5.9184,5.9184,5.9184,5.9184,5.9184,5.9184,5.9184,5.9184,5.9184,5.9184,5.9184,5.9184,5.9184,5.9184,5.9184,5.9184,5.9184,5.9184,5.9184,5.9184,5.9184,5.9184,5.9184,5.9184,5.9184,5.9184,5.9184,5.9184,5.9184,5.9184,5.9184,5.9184,5.9184,5.9184,5.9184,5.9184,5.9184,5.9184,5.9184,5.9184,5.9184,5.9184,5.9184,5.9184,5.9184,5.9184,5.9184,5.9184,5.9184,5.9184,5.9184,5.9184,5.9184,5.9184,5.9184,5.9184,5.9184,5.9184,5.9184,5.9184,5.9184,5.9184,5.9184,5.9184,5.9184,5.9184,5.9184,5.9184,5.9184,5.9184,5.9184,5.9184,5.9184,5.9184,5.9184,5.9184,5.9184,5.9184,5.9184,5.9184,5.9184,5.9184,5.9184,5.9184,5.9184,5.9184,5.9184,5.9184,5.9184,5.9184,5.9184,5.9184,5.9184,5.9184,5.9184,5.9184,5.9184,5.9184,5.9184,5.9184,5.9184,5.9184,5.9184,5.9184,5.9184,5.9184,5.9184,5.9184,5.9184,5.9184,5.9184,5.9184,5.9184,5.9184,5.9184,5.9184,5.9184,5.9184,5.9184,5.9184,5.9184,5.9184,5.9184,5.9184,5.9184,5.9184,5.9184,5.9184,5.9184,5.9184,5.9184,5.9184,5.9184,5.9184,5.9184,5.9184,5.9184,5.9184,5.9184,5.9184,5.9184,5.9184,5.9184,5.9184,5.9184,5.9184,5.9184,5.9184,5.9184,5.9184,5.9184,5.9184,5.9184,5.9184,5.9184,5.9184,5.9184,5.9184,5.9184,5.9184,5.9184,5.9184,5.9184,5.9184,5.9184,5.9184,5.9184,5.9184,5.9184,5.9184,5.9184,5.9184,5.9184,5.9184,5.9184,5.9184,5.9184,5.9184,5.9184,5.9184,5.9184,5.9184,5.9184,5.9184,5.9184,5.9184,5.9184,5.9184,5.9184,5.9184,5.9184,5.9184,5.9184,5.9184,5.9184,5.9184,5.9184,5.9184,5.9184,5.9184,5.9184,5.9184,5.9184,5.9184,5.9184,5.9184,5.9184,5.9184,5.9184,5.9184,5.9184,5.9184,5.9184,5.9184,5.9184,5.9184,5.9184,5.9184,5.9184,5.9184,5.9184,5.9184,5.9184,5.9184,5.9184,5.9184,5.9184,5.9184,5.9184,5.9184,5.9184,5.9184,5.9184,5.9184,5.9184,5.9184,5.9184,5.9184,5.9184,5.9184,5.9184,5.9184,5.9184,5.9184,5.9184,5.9184,5.9184,5.9184,5.9184,5.9184,5.9184,5.9184,5.9184,5.9184,5.9184,5.9184,5.9184,5.9184,5.9184,5.9184,5.9184,5.9184,5.9184,5.9184,5.9184,5.9184,5.9184,5.9184,5.9184,5.9184,5.9184,5.9184,5.9184,5.9184,5.9184,5.9184,5.9184,5.9184,5.9184,5.9184,5.9184,5.9184,5.9184,5.9184,5.9184,5.9184,5.9184,5.9184,5.9184,5.9184,5.9184,5.9184,5.9184,5.9184,5.9184,5.9184,5.9184,5.9184,5.9184,5.9184,5.9184,5.9184,5.9184,5.9184,5.9184,5.9184,5.9184,5.9184,5.9184,5.9184,5.9184,5.9184,5.9184,5.9184,5.9184,5.9184,5.9184,5.9184,5.9184,5.9184,5.9184,5.9184,5.9184,5.9184,5.9184,5.9184,5.9184,5.9184,5.9184,5.9184,5.9184,5.9184,5.9184,5.9184,5.9184,5.9184,5.9184,5.9184,5.9184,5.9184,5.9184,5.9184,5.9184,5.9184,5.9184,5.9184,5.9184,5.9184,5.9184,5.9184,5.9184,5.9184,5.9184,5.9184,5.9184,5.9184,5.9184,5.9184,5.9184,5.9184,5.9184,5.9184,5.9184,5.9184,5.9184,5.9184,5.9184,5.9184,5.9184,5.9184,5.9184,5.9184,5.9184,5.9184,5.9184,5.9184,5.9184,5.9184,5.9184,5.9184,5.9184,5.9184,5.9184,5.9184,5.9184,5.9184,5.9184,5.9184,5.9184,5.9184,5.9184,5.9184,5.9184,5.9184,5.9184,5.9184,5.9184,5.9184,5.9184,5.9184,5.9184,5.9184,5.9184,5.9184,5.9184,5.9184,5.9184,5.9184,5.9184,5.9184,5.9184,5.9184,5.9184,5.9184,5.9184,5.9184,5.9184,5.9184,5.9184,5.9184,5.9184,5.9184,5.9184,5.9184,5.9184,5.9184,5.9184,5.9184,5.9184,5.9184,5.9184,5.9184,5.9184,5.9184,5.9184,5.9184,5.9184,5.9184,5.9184,5.9184,5.9184,5.9184,5.9184,5.9184,5.9184,5.9184,5.9184,5.9184,5.9184,5.9184,5.9184,5.9184,5.9184,5.9184,5.9184,5.9184,5.9184,5.9184
5.9144,5.9144,5.9144,5.9144,5.9144,5.9144,5.9144,5.9144,5.9144,5.9144,5.9144,5.9144,5.9144,5.9144,5.9144,5.9144,5.9144,5.9144,5.9144,5.9144,5.9144,5.9144,5.9144,5.9144,5.9144,5.9144,5.9144,5.9144,5.9144,5.9144,5.9144,5.9144,5.9144,5.9144,5.9144,5.9144,5.9144,5.9144,5.9144,5.9144,5.9144,5.9144,5.9144,5.9144,5.9144,5.9144,5.9144,5.9144,5.9144,5.9144,5.9144,5.9144,5.9144,5.9144,5.9144,5.9144,5.9144,5.9144,5.9144,5.9144,5.9144,5.9144,5.9144,5.9144,5.9144,5.9144,5.9144,5.9144,5.9144,5.9144,5.9144,5.9144,5.9144,5.9144,5.9144,5.9144,5.9144,5.9144,5.9144,5.9144,5.9144,5.9144,5.9144,5.9144,5.9144,5.9144,5.9144,5.9144,5.9144,5.9144,5.9144,5.9144,5.9144,5.9144,5.9144,5.9144,5.9144,5.9144,5.9144,5.9144,5.9144,5.9144,5.9144,5.9144,5.9144,5.9144,5.9144,5.9144,5.9144,5.9144,5.9144,5.9144,5.9144,5.9144,5.9144,5.9144,5.9144,5.9144,5.9144,5.9144,5.9144,5.9144,5.9144,5.9144,5.9144,5.9144,5.9144,5.9144,5.9144,5.9144,5.9144,5.9144,5.9144,5.9144,5.9144,5.9144,5.9144,5.9144,5.9144,5.9144,5.9144,5.9144,5.9144,5.9144,5.9144,5.9144,5.9144,5.9144,5.9144,5.9144,5.9144,5.9144,5.9144,5.9144,5.9144,5.9144,5.9144,5.9144,5.9144,5.9144,5.9144,5.9144,5.9144,5.9144,5.9144,5.9144,5.9144,5.9144,5.9144,5.9144,5.9144,5.9144,5.9144,5.9144,5.9144,5.9144,5.9144,5.9144,5.9144,5.9144,5.9144,5.9144,5.9144,5.9144,5.9144,5.9144,5.9144,5.9144,5.9144,5.9144,5.9144,5.9144,5.9144,5.9144,5.9144,5.9144,5.9144,5.9144,5.9144,5.9144,5.9144,5.9144,5.9144,5.9144,5.9144,5.9144,5.9144,5.9144,5.9144,5.9144,5.9144,5.9144,5.9144,5.9144,5.9144,5.9144,5.9144,5.9144,5.9144,5.9144,5.9144,5.9144,5.9144,5.9144,5.9144,5.9144,5.9144,5.9144,5.9144,5.9144,5.9144,5.9144,5.9144,5.9144,5.9144,5.9144,5.9144,5.9144,5.9144,5.9144,5.9144,5.9144,5.9144,5.9144,5.9144,5.9144,5.9144,5.9144,5.9144,5.9144,5.9144,5.9144,5.9144,5.9144,5.9144,5.9144,5.9144,5.9144,5.9144,5.9144,5.9144,5.9144,5.9144,5.9144,5.9144,5.9144,5.9144,5.9144,5.9144,5.9144,5.9144,5.9144,5.9144,5.9144,5.9144,5.9144,5.9144,5.9144,5.9144,5.9144,5.9144,5.9144,5.9144,5.9144,5.9144,5.9144,5.9144,5.9144,5.9144,5.9144,5.9144,5.9144,5.9144,5.9144,5.9144,5.9144,5.9144,5.9144,5.9144,5.9144,5.9144,5.9144,5.9144,5.9144,5.9144,5.9144,5.9144,5.9144,5.9144,5.9144,5.9144,5.9144,5.9144,5.9144,5.9144,5.9144,5.9144,5.9144,5.9144,5.9144,5.9144,5.9144,5.9144,5.9144,5.9144,5.9144,5.9144,5.9144,5.9144,5.9144,5.9144,5.9144,5.9144,5.9144,5.9144,5.9144,5.9144,5.9144,5.9144,5.9144,5.9144,5.9144,5.9144,5.9144,5.9144,5.9144,5.9144,5.9144,5.9144,5.9144,5.9144,5.9144,5.9144,5.9144,5.9144,5.9144,5.9144,5.9144,5.9144,5.9144,5.9144,5.9144,5.9144,5.9144,5.9144,5.9144,5.9144,5.9144,5.9144,5.9144,5.9144,5.9144,5.9144,5.9144,5.9144,5.9144,5.9144,5.9144,5.9144,5.9144,5.9144,5.9144,5.9144,5.9144,5.9144,5.9144,5.9144,5.9144,5.9144,5.9144,5.9144,5.9144,5.9144,5.9144,5.9144,5.9144,5.9144,5.9144,5.9144,5.9144,5.9144,5.9144,5.9144,5.9144,5.9144,5.9144,5.9144,5.9144,5.9144,5.9144,5.9144,5.9144,5.9144,5.9144,5.9144,5.9144,5.9144,5.9144,5.9144,5.9144,5.9144,5.9144,5.9144,5.9144,5.9144,5.9144,5.9144,5.9144,5.9144,5.9144,5.9144,5.9144,5.9144,5.9144,5.9144,5.9144,5.9144,5.9144,5.9144,5.9144,5.9144,5.9144,5.9144,5.9144,5.9144,5.9144,5.9144,5.9144,5.9144,5.9144,5.9144,5.9144,5.9144,5.9144,5.9144,5.9144,5.9144,5.9144,5.9144,5.9144,5.9144,5.9144,5.9144,5.9144,5.9144,5.9144,5.9144,5.9144,5.9144,5.9144,5.9144,5.9144,5.9144,5.9144,5.9144,5.9144,5.9144,5.9144,5.9144,5.9144,5.9144,5.9144,5.9144,5.9144,5.9144,5.9144,5.9144,5.9144,5.9144,5.9144,5.9144,5.9144,5.9144,5.9144,5.9144,5.9144,5.9144,5.9144,5.9144,5.9144,5.9144,5.9144,5.9144,5.9144,5.9144,5.9144,5.9144,5.9144,5.9144,5.9144,5.9144,5.9144,5.9144,5.9144,5.9144,5.9144,5.9144,5.9144,5.9144,5.9144,5.9144,5.9144,5.9144,5.9144,5.9144,5.9144,5.9144,5.9144,5.9144,5.9144,5.9144,5.9144,5.9144,5.9144,5.9144,5.9144,5.9144,5.9144,5.9144,5.9144,5.9144,5.9144,5.9144,5.9144,5.9144,5.9144,5.9144,5.9144,5.9144,5.9144,5.9144,5.9144,5.9144,5.9144,5.9144,5.9144,5.9144,5.9144,5.9144,5.9144,5.9144,5.9144,5.9144,5.9144,5.9144,5.9144,5.9144,5.9144,5.9144,5.9144,5.9144,5.9144,5.9144,5.9144,5.9144,5.9144,5.9144,5.9144,5.9144,5.9144,5.9144,5.9144,5.9144,5.9144,5.9144,5.9144,5.9144,5.9144,5.9144,5.9144,5.9144,5.9144,5.9144,5.9144,5.9144,5.9144,5.9144,5.9144,5.9144,5.9144,5.9144,5.9144,5.9144,5.9144,5.9144,5.9144,5.9144,5.9144,5.9144,5.9144,5.9144,5.9144,5.9144,5.9144,5.9144,5.9144,5.9144,5.9144,5.9144,5.9144,5.9144,5.9144,5.9144,5.9144,5.9144,5.9144,5.9144,5.9144,5.9144,5.9144,5.9144,5.9144,5.9144,5.9144,5.9144,5.9144,5.9144,5.9144,5.9144,5.9144,5.9144,5.9144,5.9144,5.9144,5.9144,5.9144,5.9144,5.9144,5.9144,5.9144,5.9144,5.9144,5.9144,5.9144,5.9144,5.9144,5.9144,5.9144,5.9144,5.9144,5.9144,5.9144,5.9144,5.9144,5.9144,5.9144,5.9144,5.9144,5.9144,5.9144,5.9144,5.9144,5.9144,5.9144,5.9144,5.9144,5.9144,5.9144,5.9144,5.9144,5.9144,5.9144,5.9144,5.9144,5.9144,5.9144,5.9144,5.9144,5.9144,5.9144,5.9144,5.9144,5.9144,5.9144,5.9144,5.9144,5.9144,5.9144,5.9144,5.9144,5.9144,5.9144,5.9144,5.9144,5.9144,5.9144,5.9144,5.9144,5.9144,5.9144,5.9144,5.9144,5.9144,5.9144,5.9144,5.9144,5.9144,5.9144,5.9144,5.9144,5.9144,5.9144,5.9144,5.9144,5.9144,5.9144,5.9144,5.9144,5.9144,5.9144,5.9144,5.9144,5.9144,5.9144,5.9144,5.9144,5.9144,5.9144,5.9144,5.9144,5.9144,5.9144,5.9144,5.9144,5.9144,5.9144,5.9144,5.9144,5.9144,5.9144,5.9144,5.9144,5.9144,5.9144,5.9144,5.9144,5.9144,5.9144,5.9144,5.9144,5.9144,5.9144,5.9144,5.9144,5.9144,5.9144,5.9144,5.9144,5.9144,5.9144,5.9144,5.9144,5.9144,5.9144,5.9144,5.9144,5.9144,5.9144,5.9144,5.9144,5.9144,5.9144,5.9144,5.9144,5.9144,5.9144,5.9144,5.9144,5.9144,5.9144,5.9144,5.9144,5.9144,5.9144,5.9144,5.9144,5.9144,5.9144,5.9144,5.9144,5.9144,5.9144,5.9144,5.9144,5.9144,5.9144,5.9144,5.9144,5.9144,5.9144,5.9144,5.9144,5.9144,5.9144,5.9144,5.9144,5.9144,5.9144,5.9144,5.9144,5.9144,5.9144,5.9144,5.9144,5.9144,5.9144,5.9144,5.9144,5.9144,5.9144,5.9144,5.9144,5.9144,5.9144,5.9144,5.9144,5.9144,5.9144,5.9144,5.9144,5.9144,5.9144,5.9144,5.9144,5.9144,5.9144,5.9144,5.9144,5.9144,5.9144,5.9144,5.9144,5.9144,5.9144,5.9144,5.9144,5.9144,5.9144,5.9144,5.9144,5.9144,5.9144,5.9144,5.9144,5.9144,5.9144,5.9144,5.9144,5.9144,5.9144,5.9144,5.9144,5.9144,5.9144,5.9144,5.9144,5.9144,5.9144,5.9144,5.9144,5.9144,5.9144,5.9144,5.9144,5.9144,5.9144,5.9144,5.9144,5.9144,5.9144,5.9144,5.9144,5.9144,5.9144,5.9144,5.9144,5.9144,5.9144,5.9144,5.9144,5.9144,5.9144,5.9144,5.9144,5.9144,5.9144,5.9144,5.9144,5.9144,5.9144,5.9144,5.9144,5.9144,5.9144,5.9144,5.9144,5.9144,5.9144,5.9144,5.9144,5.9144,5.9144,5.9144,5.9144,5.9144,5.9144,5.9144,5.9144,5.9144,5.9144,5.9144,5.9144,5.9144,5.9144,5.9144,5.9144,5.9144,5.9144,5.9144,5.9144,5.9144,5.9144,5.9144,5.9144,5.9144,5.9144,5.9144,5.9144,5.9144,5.9144,5.9144,5.9144,5.9144,5.9144,5.9144,5.9144,5.9144,5.9144,5.9144,5.9144
5.9107,5.9107,5.9107,5.9107,5.9107,5.9107,5.9107,5.9107,5.9107,5.9107,5.9107,5.9107,5.9107,5.9107,5.9107,5.9107,5.9107,5.9107,5.9107,5.9107,5.9107,5.9107,5.9107,5.9107,5.9107,5.9107,5.9107,5.9107,5.9107,5.9107,5.9107,5.9107,5.9107,5.9107,5.9107,5.9107,5.9107,5.9107,5.9107,5.9107,5.9107,5.9107,5.9107,5.9107,5.9107,5.9107,5.9107,5.9107,5.9107,5.9107,5.9107,5.9107,5.9107,5.9107,5.9107,5.9107,5.9107,5.9107,5.9107,5.9107,5.9107,5.9107,5.9107,5.9107,5.9107,5.9107,5.9107,5.9107,5.9107,5.9107,5.9107,5.9107,5.9107,5.9107,5.9107,5.9107,5.9107,5.9107,5.9107,5.9107,5.9107,5.9107,5.9107,5.9107,5.9107,5.9107,5.9107,5.9107,5.9107,5.9107,5.9107,5.9107,5.9107,5.9107,5.9107,5.9107,5.9107,5.9107,5.9107,5.9107,5.9107,5.9107,5.9107,5.9107,5.9107,5.9107,5.9107,5.9107,5.9107,5.9107,5.9107,5.9107,5.9107,5.9107,5.9107,5.9107,5.9107,5.9107,5.9107,5.9107,5.9107,5.9107,5.9107,5.9107,5.9107,5.9107,5.9107,5.9107,5.9107,5.9107,5.9107,5.9107,5.9107,5.9107,5.9107,5.9107,5.9107,5.9107,5.9107,5.9107,5.9107,5.9107,5.9107,5.9107,5.9107,5.9107,5.9107,5.9107,5.9107,5.9107,5.9107,5.9107,5.9107,5.9107,5.9107,5.9107,5.9107,5.9107,5.9107,5.9107,5.9107,5.9107,5.9107,5.9107,5.9107,5.9107,5.9107,5.9107,5.9107,5.9107,5.9107,5.9107,5.9107,5.9107,5.9107,5.9107,5.9107,5.9107,5.9107,5.9107,5.9107,5.9107,5.9107,5.9107,5.9107,5.9107,5.9107,5.9107,5.9107,5.9107,5.9107,5.9107,5.9107,5.9107,5.9107,5.9107,5.9107,5.9107,5.9107,5.9107,5.9107,5.9107,5.9107,5.9107,5.9107,5.9107,5.9107,5.9107,5.9107,5.9107,5.9107,5.9107,5.9107,5.9107,5.9107,5.9107,5.9107,5.9107,5.9107,5.9107,5.9107,5.9107,5.9107,5.9107,5.9107,5.9107,5.9107,5.9107,5.9107,5.9107,5.9107,5.9107,5.9107,5.9107,5.9107,5.9107,5.9107,5.9107,5.9107,5.9107,5.9107,5.9107,5.9107,5.9107,5.9107,5.9107,5.9107,5.9107,5.9107,5.9107,5.9107,5.9107,5.9107,5.9107,5.9107,5.9107,5.9107,5.9107,5.9107,5.9107,5.9107,5.9107,5.9107,5.9107,5.9107,5.9107,5.9107,5.9107,5.9107,5.9107,5.9107,5.9107,5.9107,5.9107,5.9107,5.9107,5.9107,5.9107,5.9107,5.9107,5.9107,5.9107,5.9107,5.9107,5.9107,5.9107,5.9107,5.9107,5.9107,5.9107,5.9107,5.9107,5.9107,5.9107,5.9107,5.9107,5.9107,5.9107,5.9107,5.9107,5.9107,5.9107,5.9107,5.9107,5.9107,5.9107,5.9107,5.9107,5.9107,5.9107,5.9107,5.9107,5.9107,5.9107,5.9107,5.9107,5.9107,5.9107,5.9107,5.9107,5.9107,5.9107,5.9107,5.9107,5.9107,5.9107,5.9107,5.9107,5.9107,5.9107,5.9107,5.9107,5.9107,5.9107,5.9107,5.9107,5.9107,5.9107,5.9107,5.9107,5.9107,5.9107,5.9107,5.9107,5.9107,5.9107,5.9107,5.9107,5.9107,5.9107,5.9107,5.9107,5.9107,5.9107,5.9107,5.9107,5.9107,5.9107,5.9107,5.9107,5.9107,5.9107,5.9107,5.9107,5.9107,5.9107,5.9107,5.9107,5.9107,5.9107,5.9107,5.9107,5.9107,5.9107,5.9107,5.9107,5.9107,5.9107,5.9107,5.9107,5.9107,5.9107,5.9107,5.9107,5.9107,5.9107,5.9107,5.9107,5.9107,5.9107,5.9107,5.9107,5.9107,5.9107,5.9107,5.9107,5.9107,5.9107,5.9107,5.9107,5.9107,5.9107,5.9107,5.9107,5.9107,5.9107,5.9107,5.9107,5.9107,5.9107,5.9107,5.9107,5.9107,5.9107,5.9107,5.9107,5.9107,5.9107,5.9107,5.9107,5.9107,5.9107,5.9107,5.9107,5.9107,5.9107,5.9107,5.9107,5.9107,5.9107,5.9107,5.9107,5.9107,5.9107,5.9107,5.9107,5.9107,5.9107,5.9107,5.9107,5.9107,5.9107,5.9107,5.9107,5.9107,5.9107,5.9107,5.9107,5.9107,5.9107,5.9107,5.9107,5.9107,5.9107,5.9107,5.9107,5.9107,5.9107,5.9107,5.9107,5.9107,5.9107,5.9107,5.9107,5.9107,5.9107,5.9107,5.9107,5.9107,5.9107,5.9107,5.9107,5.9107,5.9107,5.9107,5.9107,5.9107,5.9107,5.9107,5.9107,5.9107,5.9107,5.9107,5.9107,5.9107,5.9107,5.9107,5.9107,5.9107,5.9107,5.9107,5.9107,5.9107,5.9107,5.9107,5.9107,5.9107,5.9107,5.9107,5.9107,5.9107,5.9107,5.9107,5.9107,5.9107,5.9107,5.9107,5.9107,5.9107,5.9107,5.9107,5.9107,5.9107,5.9107,5.9107,5.9107,5.9107,5.9107,5.9107,5.9107,5.9107,5.9107,5.9107,5.9107,5.9107,5.9107,5.9107,5.9107,5.9107,5.9107,5.9107,5.9107,5.9107,5.9107,5.9107,5.9107,5.9107,5.9107,5.9107,5.9107,5.9107,5.9107,5.9107,5.9107,5.9107,5.9107,5.9107,5.9107,5.9107,5.9107,5.9107,5.9107,5.9107,5.9107,5.9107,5.9107,5.9107,5.9107,5.9107,5.9107,5.9107,5.9107,5.9107,5.9107,5.9107,5.9107,5.9107,5.9107,5.9107,5.9107,5.9107,5.9107,5.9107,5.9107,5.9107,5.9107,5.9107,5.9107,5.9107,5.9107,5.9107,5.9107,5.9107,5.9107,5.9107,5.9107,5.9107,5.9107,5.9107,5.9107,5.9107,5.9107,5.9107,5.9107,5.9107,5.9107,5.9107,5.9107,5.9107,5.9107,5.9107,5.9107,5.9107,5.9107,5.9107,5.9107,5.9107,5.9107,5.9107,5.9107,5.9107,5.9107,5.9107,5.9107,5.9107,5.9107,5.9107,5.9107,5.9107,5.9107,5.9107,5.9107,5.9107,5.9107,5.9107,5.9107,5.9107,5.9107,5.9107,5.9107,5.9107,5.9107,5.9107,5.9107,5.9107,5.9107,5.9107,5.9107,5.9107,5.9107,5.9107,5.9107,5.9107,5.9107,5.9107,5.9107,5.9107,5.9107,5.9107,5.9107,5.9107,5.9107,5.9107,5.9107,5.9107,5.9107,5.9107,5.9107,5.9107,5.9107,5.9107,5.9107,5.9107,5.9107,5.9107,5.9107,5.9107,5.9107,5.9107,5.9107,5.9107,5.9107,5.9107,5.9107,5.9107,5.9107,5.9107,5.9107,5.9107,5.9107,5.9107,5.9107,5.9107,5.9107,5.9107,5.9107,5.9107,5.9107,5.9107,5.9107,5.9107,5.9107,5.9107,5.9107,5.9107,5.9107,5.9107,5.9107,5.9107,5.9107,5.9107,5.9107,5.9107,5.9107,5.9107,5.9107,5.9107,5.9107,5.9107,5.9107,5.9107,5.9107,5.9107,5.9107,5.9107,5.9107,5.9107,5.9107,5.9107,5.9107,5.9107,5.9107,5.9107,5.9107,5.9107,5.9107,5.9107,5.9107,5.9107,5.9107,5.9107,5.9107,5.9107,5.9107,5.9107,5.9107,5.9107,5.9107,5.9107,5.9107,5.9107,5.9107,5.9107,5.9107,5.9107,5.9107,5.9107,5.9107,5.9107,5.9107,5.9107,5.9107,5.9107,5.9107,5.9107,5.9107,5.9107,5.9107,5.9107,5.9107,5.9107,5.9107,5.9107,5.9107,5.9107,5.9107,5.9107,5.9107,5.9107,5.9107,5.9107,5.9107,5.9107,5.9107,5.9107,5.9107,5.9107,5.9107,5.9107,5.9107,5.9107,5.9107,5.9107,5.9107,5.9107,5.9107,5.9107,5.9107,5.9107,5.9107,5.9107,5.9107,5.9107,5.9107,5.9107,5.9107,5.9107,5.9107,5.9107,5.9107,5.9107,5.9107,5.9107,5.9107,5.9107,5.9107,5.9107,5.9107,5.9107,5.9107,5.9107,5.9107,5.9107,5.9107,5.9107,5.9107,5.9107,5.9107,5.9107,5.9107,5.9107,5.9107,5.9107,5.9107,5.9107,5.9107,5.9107,5.9107,5.9107,5.9107,5.9107,5.9107,5.9107,5.9107,5.9107,5.9107,5.9107,5.9107,5.9107,5.9107,5.9107,5.9107,5.9107,5.9107,5.9107,5.9107,5.9107,5.9107,5.9107,5.9107,5.9107,5.9107,5.9107,5.9107,5.9107,5.9107,5.9107,5.9107,5.9107,5.9107,5.9107,5.9107,5.9107,5.9107,5.9107,5.9107,5.9107,5.9107,5.9107,5.9107,5.9107,5.9107,5.9107,5.9107,5.9107,5.9107,5.9107,5.9107,5.9107,5.9107,5.9107,5.9107,5.9107,5.9107,5.9107,5.9107,5.9107,5.9107,5.9107,5.9107,5.9107,5.9107,5.9107,5.9107,5.9107,5.9107,5.9107,5.9107,5.9107,5.9107,5.9107,5.9107,5.9107,5.9107,5.9107,5.9107,5.9107,5.9107,5.9107,5.9107,5.9107,5.9107,5.9107,5.9107,5.9107,5.9107,5.9107,5.9107,5.9107,5.9107,5.9107,5.9107,5.9107,5.9107,5.9107,5.9107,5.9107,5.9107,5.9107,5.9107,5.9107,5.9107,5.9107,5.9107,5.9107,5.9107,5.9107,5.9107,5.9107,5.9107,5.9107,5.9107,5.9107,5.9107,5.9107,5.9107,5.9107,5.9107,5.9107,5.9107,5.9107,5.9107,5.9107,5.9107,5.9107,5.9107,5.9107,5.9107,5.9107,5.9107
5.9067,5.9067,5.9067,5.9067,5.9067,5.9067,5.9067,5.9067,5.9067,5.9067,5.9067,5.9067,5.9067,5.9067,5.9067,5.9067,5.9067,5.9067,5.9067,5.9067,5.9067,5.9067,5.9067,5.9067,5.9067,5.9067,5.9067,5.9067,5.9067,5.9067,5.9067,5.9067,5.9067,5.9067,5.9067,5.9067,5.9067,5.9067,5.9067,5.9067,5.9067,5.9067,5.9067,5.9067,5.9067,5.9067,5.9067,5.9067,5.9067,5.9067,5.9067,5.9067,5.9067,5.9067,5.9067,5.9067,5.9067,5.9067,5.9067,5.9067,5.9067,5.9067,5.9067,5.9067,5.9067,5.9067,5.9067,5.9067,5.9067,5.9067,5.9067,5.9067,5.9067,5.9067,5.9067,5.9067,5.9067,5.9067,5.9067,5.9067,5.9067,5.9067,5.9067,5.9067,5.9067,5.9067,5.9067,5.9067,5.9067,5.9067,5.9067,5.9067,5.9067,5.9067,5.9067,5.9067,5.9067,5.9067,5.9067,5.9067,5.9067,5.9067,5.9067,5.9067,5.9067,5.9067,5.9067,5.9067,5.9067,5.9067,5.9067,5.9067,5.9067,5.9067,5.9067,5.9067,5.9067,5.9067,5.9067,5.9067,5.9067,5.9067,5.9067,5.9067,5.9067,5.9067,5.9067,5.9067,5.9067,5.9067,5.9067,5.9067,5.9067,5.9067,5.9067,5.9067,5.9067,5.9067,5.9067,5.9067,5.9067,5.9067,5.9067,5.9067,5.9067,5.9067,5.9067,5.9067,5.9067,5.9067,5.9067,5.9067,5.9067,5.9067,5.9067,5.9067,5.9067,5.9067,5.9067,5.9067,5.9067,5.9067,5.9067,5.9067,5.9067,5.9067,5.9067,5.9067,5.9067,5.9067,5.9067,5.9067,5.9067,5.9067,5.9067,5.9067,5.9067,5.9067,5.9067,5.9067,5.9067,5.9067,5.9067,5.9067,5.9067,5.9067,5.9067,5.9067,5.9067,5.9067,5.9067,5.9067,5.9067,5.9067,5.9067,5.9067,5.9067,5.9067,5.9067,5.9067,5.9067,5.9067,5.9067,5.9067,5.9067,5.9067,5.9067,5.9067,5.9067,5.9067,5.9067,5.9067,5.9067,5.9067,5.9067,5.9067,5.9067,5.9067,5.9067,5.9067,5.9067,5.9067,5.9067,5.9067,5.9067,5.9067,5.9067,5.9067,5.9067,5.9067,5.9067,5.9067,5.9067,5.9067,5.9067,5.9067,5.9067,5.9067,5.9067,5.9067,5.9067,5.9067,5.9067,5.9067,5.9067,5.9067,5.9067,5.9067,5.9067,5.9067,5.9067,5.9067,5.9067,5.9067,5.9067,5.9067,5.9067,5.9067,5.9067,5.9067,5.9067,5.9067,5.9067,5.9067,5.9067,5.9067,5.9067,5.9067,5.9067,5.9067,5.9067,5.9067,5.9067,5.9067,5.9067,5.9067,5.9067,5.9067,5.9067,5.9067,5.9067,5.9067,5.9067,5.9067,5.9067,5.9067,5.9067,5.9067,5.9067,5.9067,5.9067,5.9067,5.9067,5.9067,5.9067,5.9067,5.9067,5.9067,5.9067,5.9067,5.9067,5.9067,5.9067,5.9067,5.9067,5.9067,5.9067,5.9067,5.9067,5.9067,5.9067,5.9067,5.9067,5.9067,5.9067,5.9067,5.9067,5.9067,5.9067,5.9067,5.9067,5.9067,5.9067,5.9067,5.9067,5.9067,5.9067,5.9067,5.9067,5.9067,5.9067,5.9067,5.9067,5.9067,5.9067,5.9067,5.9067,5.9067,5.9067,5.9067,5.9067,5.9067,5.9067,5.9067,5.9067,5.9067,5.9067,5.9067,5.9067,5.9067,5.9067,5.9067,5.9067,5.9067,5.9067,5.9067,5.9067,5.9067,5.9067,5.9067,5.9067,5.9067,5.9067,5.9067,5.9067,5.9067,5.9067,5.9067,5.9067,5.9067,5.9067,5.9067,5.9067,5.9067,5.9067,5.9067,5.9067,5.9067,5.9067,5.9067,5.9067,5.9067,5.9067,5.9067,5.9067,5.9067,5.9067,5.9067,5.9067,5.9067,5.9067,5.9067,5.9067,5.9067,5.9067,5.9067,5.9067,5.9067,5.9067,5.9067,5.9067,5.9067,5.9067,5.9067,5.9067,5.9067,5.9067,5.9067,5.9067,5.9067,5.9067,5.9067,5.9067,5.9067,5.9067,5.9067,5.9067,5.9067,5.9067,5.9067,5.9067,5.9067,5.9067,5.9067,5.9067,5.9067,5.9067,5.9067,5.9067,5.9067,5.9067,5.9067,5.9067,5.9067,5.9067,5.9067,5.9067,5.9067,5.9067,5.9067,5.9067,5.9067,5.9067,5.9067,5.9067,5.9067,5.9067,5.9067,5.9067,5.9067,5.9067,5.9067,5.9067,5.9067,5.9067,5.9067,5.9067,5.9067,5.9067,5.9067,5.9067,5.9067,5.9067,5.9067,5.9067,5.9067,5.9067,5.9067,5.9067,5.9067,5.9067,5.9067,5.9067,5.9067,5.9067,5.9067,5.9067,5.9067,5.9067,5.9067,5.9067,5.9067,5.9067,5.9067,5.9067,5.9067,5.9067,5.9067,5.9067,5.9067,5.9067,5.9067,5.9067,5.9067,5.9067,5.9067,5.9067,5.9067,5.9067,5.9067,5.9067,5.9067,5.9067,5.9067,5.9067,5.9067,5.9067,5.9067,5.9067,5.9067,5.9067,5.9067,5.9067,5.9067,5.9067,5.9067,5.9067,5.9067,5.9067,5.9067,5.9067,5.9067,5.9067,5.9067,5.9067,5.9067,5.9067,5.9067,5.9067,5.9067,5.9067,5.9067,5.9067,5.9067,5.9067,5.9067,5.9067,5.9067,5.9067,5.9067,5.9067,5.9067,5.9067,5.9067,5.9067,5.9067,5.9067,5.9067,5.9067,5.9067,5.9067,5.9067,5.9067,5.9067,5.9067,5.9067,5.9067,5.9067,5.9067,5.9067,5.9067,5.9067,5.9067,5.9067,5.9067,5.9067,5.9067,5.9067,5.9067,5.9067,5.9067,5.9067,5.9067,5.9067,5.9067,5.9067,5.9067,5.9067,5.9067,5.9067,5.9067,5.9067,5.9067,5.9067,5.9067,5.9067,5.9067,5.9067,5.9067,5.9067,5.9067,5.9067,5.9067,5.9067,5.9067,5.9067,5.9067,5.9067,5.9067,5.9067,5.9067,5.9067,5.9067,5.9067,5.9067,5.9067,5.9067,5.9067,5.9067,5.9067,5.9067,5.9067,5.9067,5.9067,5.9067,5.9067,5.9067,5.9067,5.9067,5.9067,5.9067,5.9067,5.9067,5.9067,5.9067,5.9067,5.9067,5.9067,5.9067,5.9067,5.9067,5.9067,5.9067,5.9067,5.9067,5.9067,5.9067,5.9067,5.9067,5.9067,5.9067,5.9067,5.9067,5.9067,5.9067,5.9067,5.9067,5.9067,5.9067,5.9067,5.9067,5.9067,5.9067,5.9067,5.9067,5.9067,5.9067,5.9067,5.9067,5.9067,5.9067,5.9067,5.9067,5.9067,5.9067,5.9067,5.9067,5.9067,5.9067,5.9067,5.9067,5.9067,5.9067,5.9067,5.9067,5.9067,5.9067,5.9067,5.9067,5.9067,5.9067,5.9067,5.9067,5.9067,5.9067,5.9067,5.9067,5.9067,5.9067,5.9067,5.9067,5.9067,5.9067,5.9067,5.9067,5.9067,5.9067,5.9067,5.9067,5.9067,5.9067,5.9067,5.9067,5.9067,5.9067,5.9067,5.9067,5.9067,5.9067,5.9067,5.9067,5.9067,5.9067,5.9067,5.9067,5.9067,5.9067,5.9067,5.9067,5.9067,5.9067,5.9067,5.9067,5.9067,5.9067,5.9067,5.9067,5.9067,5.9067,5.9067,5.9067,5.9067,5.9067,5.9067,5.9067,5.9067,5.9067,5.9067,5.9067,5.9067,5.9067,5.9067,5.9067,5.9067,5.9067,5.9067,5.9067,5.9067,5.9067,5.9067,5.9067,5.9067,5.9067,5.9067,5.9067,5.9067,5.9067,5.9067,5.9067,5.9067,5.9067,5.9067,5.9067,5.9067,5.9067,5.9067,5.9067,5.9067,5.9067,5.9067,5.9067,5.9067,5.9067,5.9067,5.9067,5.9067,5.9067,5.9067,5.9067,5.9067,5.9067,5.9067,5.9067,5.9067,5.9067,5.9067,5.9067,5.9067,5.9067,5.9067,5.9067,5.9067,5.9067,5.9067,5.9067,5.9067,5.9067,5.9067,5.9067,5.9067,5.9067,5.9067,5.9067,5.9067,5.9067,5.9067,5.9067,5.9067,5.9067,5.9067,5.9067,5.9067,5.9067,5.9067,5.9067,5.9067,5.9067,5.9067,5.9067,5.9067,5.9067,5.9067,5.9067,5.9067,5.9067,5.9067,5.9067,5.9067,5.9067,5.9067,5.9067,5.9067,5.9067,5.9067,5.9067,5.9067,5.9067,5.9067,5.9067,5.9067,5.9067,5.9067,5.9067,5.9067,5.9067,5.9067,5.9067,5.9067,5.9067,5.9067,5.9067,5.9067,5.9067,5.9067,5.9067,5.9067,5.9067,5.9067,5.9067,5.9067,5.9067,5.9067,5.9067,5.9067,5.9067,5.9067,5.9067,5.9067,5.9067,5.9067,5.9067,5.9067,5.9067,5.9067,5.9067,5.9067,5.9067,5.9067,5.9067,5.9067,5.9067,5.9067,5.9067,5.9067,5.9067,5.9067,5.9067,5.9067,5.9067,5.9067,5.9067,5.9067,5.9067,5.9067,5.9067,5.9067,5.9067,5.9067,5.9067,5.9067,5.9067,5.9067,5.9067,5.9067,5.9067,5.9067,5.9067,5.9067,5.9067,5.9067,5.9067,5.9067,5.9067,5.9067,5.9067,5.9067,5.9067,5.9067,5.9067,5.9067,5.9067,5.9067,5.9067,5.9067,5.9067,5.9067,5.9067,5.9067,5.9067,5.9067,5.9067,5.9067,5.9067,5.9067,5.9067,5.9067,5.9067,5.9067,5.9067,5.9067,5.9067,5.9067,5.9067,5.9067,5.9067,5.9067,5.9067,5.9067,5.9067,5.9067,5.9067,5.9067,5.9067,5.9067,5.9067,5.9067,5.9067,5.9067,5.9067,5.9067
5.9028,5.9028,5.9028,5.9028,5.9028,5.9028,5.9028,5.9028,5.9028,5.9028,5.9028,5.9028,5.9028,5.9028,5.9028,5.9028,5.9028,5.9028,5.9028,5.9028,5.9028,5.9028,5.9028,5.9028,5.9028,5.9028,5.9028,5.9028,5.9028,5.9028,5.9028,5.9028,5.9028,5.9028,5.9028,5.9028,5.9028,5.9028,5.9028,5.9028,5.9028,5.9028,5.9028,5.9028,5.9028,5.9028,5.9028,5.9028,5.9028,5.9028,5.9028,5.9028,5.9028,5.9028,5.9028,5.9028,5.9028,5.9028,5.9028,5.9028,5.9028,5.9028,5.9028,5.9028,5.9028,5.9028,5.9028,5.9028,5.9028,5.9028,5.9028,5.9028,5.9028,5.9028,5.9028,5.9028,5.9028,5.9028,5.9028,5.9028,5.9028,5.9028,5.9028,5.9028,5.9028,5.9028,5.9028,5.9028,5.9028,5.9028,5.9028,5.9028,5.9028,5.9028,5.9028,5.9028,5.9028,5.9028,5.9028,5.9028,5.9028,5.9028,5.9028,5.9028,5.9028,5.9028,5.9028,5.9028,5.9028,5.9028,5.9028,5.9028,5.9028,5.9028,5.9028,5.9028,5.9028,5.9028,5.9028,5.9028,5.9028,5.9028,5.9028,5.9028,5.9028,5.9028,5.9028,5.9028,5.9028,5.9028,5.9028,5.9028,5.9028,5.9028,5.9028,5.9028,5.9028,5.9028,5.9028,5.9028,5.9028,5.9028,5.9028,5.9028,5.9028,5.9028,5.9028,5.9028,5.9028,5.9028,5.9028,5.9028,5.9028,5.9028,5.9028,5.9028,5.9028,5.9028,5.9028,5.9028,5.9028,5.9028,5.9028,5.9028,5.9028,5.9028,5.9028,5.9028,5.9028,5.9028,5.9028,5.9028,5.9028,5.9028,5.9028,5.9028,5.9028,5.9028,5.9028,5.9028,5.9028,5.9028,5.9028,5.9028,5.9028,5.9028,5.9028,5.9028,5.9028,5.9028,5.9028,5.9028,5.9028,5.9028,5.9028,5.9028,5.9028,5.9028,5.9028,5.9028,5.9028,5.9028,5.9028,5.9028,5.9028,5.9028,5.9028,5.9028,5.9028,5.9028,5.9028,5.9028,5.9028,5.9028,5.9028,5.9028,5.9028,5.9028,5.9028,5.9028,5.9028,5.9028,5.9028,5.9028,5.9028,5.9028,5.9028,5.9028,5.9028,5.9028,5.9028,5.9028,5.9028,5.9028,5.9028,5.9028,5.9028,5.9028,5.9028,5.9028,5.9028,5.9028,5.9028,5.9028,5.9028,5.9028,5.9028,5.9028,5.9028,5.9028,5.9028,5.9028,5.9028,5.9028,5.9028,5.9028,5.9028,5.9028,5.9028,5.9028,5.9028,5.9028,5.9028,5.9028,5.9028,5.9028,5.9028,5.9028,5.9028,5.9028,5.9028,5.9028,5.9028,5.9028,5.9028,5.9028,5.9028,5.9028,5.9028,5.9028,5.9028,5.9028,5.9028,5.9028,5.9028,5.9028,5.9028,5.9028,5.9028,5.9028,5.9028,5.9028,5.9028,5.9028,5.9028,5.9028,5.9028,5.9028,5.9028,5.9028,5.9028,5.9028,5.9028,5.9028,5.9028,5.9028,5.9028,5.9028,5.9028,5.9028,5.9028,5.9028,5.9028,5.9028,5.9028,5.9028,5.9028,5.9028,5.9028,5.9028,5.9028,5.9028,5.9028,5.9028,5.9028,5.9028,5.9028,5.9028,5.9028,5.9028,5.9028,5.9028,5.9028,5.9028,5.9028,5.9028,5.9028,5.9028,5.9028,5.9028,5.9028,5.9028,5.9028,5.9028,5.9028,5.9028,5.9028,5.9028,5.9028,5.9028,5.9028,5.9028,5.9028,5.9028,5.9028,5.9028,5.9028,5.9028,5.9028,5.9028,5.9028,5.9028,5.9028,5.9028,5.9028,5.9028,5.9028,5.9028,5.9028,5.9028,5.9028,5.9028,5.9028,5.9028,5.9028,5.9028,5.9028,5.9028,5.9028,5.9028,5.9028,5.9028,5.9028,5.9028,5.9028,5.9028,5.9028,5.9028,5.9028,5.9028,5.9028,5.9028,5.9028,5.9028,5.9028,5.9028,5.9028,5.9028,5.9028,5.9028,5.9028,5.9028,5.9028,5.9028,5.9028,5.9028,5.9028,5.9028,5.9028,5.9028,5.9028,5.9028,5.9028,5.9028,5.9028,5.9028,5.9028,5.9028,5.9028,5.9028,5.9028,5.9028,5.9028,5.9028,5.9028,5.9028,5.9028,5.9028,5.9028,5.9028,5.9028,5.9028,5.9028,5.9028,5.9028,5.9028,5.9028,5.9028,5.9028,5.9028,5.9028,5.9028,5.9028,5.9028,5.9028,5.9028,5.9028,5.9028,5.9028,5.9028,5.9028,5.9028,5.9028,5.9028,5.9028,5.9028,5.9028,5.9028,5.9028,5.9028,5.9028,5.9028,5.9028,5.9028,5.9028,5.9028,5.9028,5.9028,5.9028,5.9028,5.9028,5.9028,5.9028,5.9028,5.9028,5.9028,5.9028,5.9028,5.9028,5.9028,5.9028,5.9028,5.9028,5.9028,5.9028,5.9028,5.9028,5.9028,5.9028,5.9028,5.9028,5.9028,5.9028,5.9028,5.9028,5.9028,5.9028,5.9028,5.9028,5.9028,5.9028,5.9028,5.9028,5.9028,5.9028,5.9028,5.9028,5.9028,5.9028,5.9028,5.9028,5.9028,5.9028,5.9028,5.9028,5.9028,5.9028,5.9028,5.9028,5.9028,5.9028,5.9028,5.9028,5.9028,5.9028,5.9028,5.9028,5.9028,5.9028,5.9028,5.9028,5.9028,5.9028,5.9028,5.9028,5.9028,5.9028,5.9028,5.9028,5.9028,5.9028,5.9028,5.9028,5.9028,5.9028,5.9028,5.9028,5.9028,5.9028,5.9028,5.9028,5.9028,5.9028,5.9028,5.9028,5.9028,5.9028,5.9028,5.9028,5.9028,5.9028,5.9028,5.9028,5.9028,5.9028,5.9028,5.9028,5.9028,5.9028,5.9028,5.9028,5.9028,5.9028,5.9028,5.9028,5.9028,5.9028,5.9028,5.9028,5.9028,5.9028,5.9028,5.9028,5.9028,5.9028,5.9028,5.9028,5.9028,5.9028,5.9028,5.9028,5.9028,5.9028,5.9028,5.9028,5.9028,5.9028,5.9028,5.9028,5.9028,5.9028,5.9028,5.9028,5.9028,5.9028,5.9028,5.9028,5.9028,5.9028,5.9028,5.9028,5.9028,5.9028,5.9028,5.9028,5.9028,5.9028,5.9028,5.9028,5.9028,5.9028,5.9028,5.9028,5.9028,5.9028,5.9028,5.9028,5.9028,5.9028,5.9028,5.9028,5.9028,5.9028,5.9028,5.9028,5.9028,5.9028,5.9028,5.9028,5.9028,5.9028,5.9028,5.9028,5.9028,5.9028,5.9028,5.9028,5.9028,5.9028,5.9028,5.9028,5.9028,5.9028,5.9028,5.9028,5.9028,5.9028,5.9028,5.9028,5.9028,5.9028,5.9028,5.9028,5.9028,5.9028,5.9028,5.9028,5.9028,5.9028,5.9028,5.9028,5.9028,5.9028,5.9028,5.9028,5.9028,5.9028,5.9028,5.9028,5.9028,5.9028,5.9028,5.9028,5.9028,5.9028,5.9028,5.9028,5.9028,5.9028,5.9028,5.9028,5.9028,5.9028,5.9028,5.9028,5.9028,5.9028,5.9028,5.9028,5.9028,5.9028,5.9028,5.9028,5.9028,5.9028,5.9028,5.9028,5.9028,5.9028,5.9028,5.9028,5.9028,5.9028,5.9028,5.9028,5.9028,5.9028,5.9028,5.9028,5.9028,5.9028,5.9028,5.9028,5.9028,5.9028,5.9028,5.9028,5.9028,5.9028,5.9028,5.9028,5.9028,5.9028,5.9028,5.9028,5.9028,5.9028,5.9028,5.9028,5.9028,5.9028,5.9028,5.9028,5.9028,5.9028,5.9028,5.9028,5.9028,5.9028,5.9028,5.9028,5.9028,5.9028,5.9028,5.9028,5.9028,5.9028,5.9028,5.9028,5.9028,5.9028,5.9028,5.9028,5.9028,5.9028,5.9028,5.9028,5.9028,5.9028,5.9028,5.9028,5.9028,5.9028,5.9028,5.9028,5.9028,5.9028,5.9028,5.9028,5.9028,5.9028,5.9028,5.9028,5.9028,5.9028,5.9028,5.9028,5.9028,5.9028,5.9028,5.9028,5.9028,5.9028,5.9028,5.9028,5.9028,5.9028,5.9028,5.9028,5.9028,5.9028,5.9028,5.9028,5.9028,5.9028,5.9028,5.9028,5.9028,5.9028,5.9028,5.9028,5.9028,5.9028,5.9028,5.9028,5.9028,5.9028,5.9028,5.9028,5.9028,5.9028,5.9028,5.9028,5.9028,5.9028,5.9028,5.9028,5.9028,5.9028,5.9028,5.9028,5.9028,5.9028,5.9028,5.9028,5.9028,5.9028,5.9028,5.9028,5.9028,5.9028,5.9028,5.9028,5.9028,5.9028,5.9028,5.9028,5.9028,5.9028,5.9028,5.9028,5.9028,5.9028,5.9028,5.9028,5.9028,5.9028,5.9028,5.9028,5.9028,5.9028,5.9028,5.9028,5.9028,5.9028,5.9028,5.9028,5.9028,5.9028,5.9028,5.9028,5.9028,5.9028,5.9028,5.9028,5.9028,5.9028,5.9028,5.9028,5.9028,5.9028,5.9028,5.9028,5.9028,5.9028,5.9028,5.9028,5.9028,5.9028,5.9028,5.9028,5.9028,5.9028,5.9028,5.9028,5.9028,5.9028,5.9028,5.9028,5.9028,5.9028,5.9028,5.9028,5.9028,5.9028,5.9028,5.9028,5.9028,5.9028,5.9028,5.9028,5.9028,5.9028,5.9028,5.9028,5.9028,5.9028,5.9028,5.9028,5.9028,5.9028,5.9028,5.9028,5.9028,5.9028,5.9028,5.9028,5.9028,5.9028,5.9028,5.9028,5.9028,5.9028,5.9028,5.9028,5.9028,5.9028,5.9028,5.9028,5.9028,5.9028,5.9028,5.9028,5.9028,5.9028,5.9028,5.9028,5.9028,5.9028,5.9028,5.9028,5.9028,5.9028,5.9028,5.9028,5.9028,5.9028,5.9028,5.9028,5.9028
5.8988,5.8988,5.8988,5.8988,5.8988,5.8988,5.8988,5.8988,5.8988,5.8988,5.8988,5.8988,5.8988,5.8988,5.8988,5.8988,5.8988,5.8988,5.8988,5.8988,5.8988,5.8988,5.8988,5.8988,5.8988,5.8988,5.8988,5.8988,5.8988,5.8988,5.8988,5.8988,5.8988,5.8988,5.8988,5.8988,5.8988,5.8988,5.8988,5.8988,5.8988,5.8988,5.8988,5.8988,5.8988,5.8988,5.8988,5.8988,5.8988,5.8988,5.8988,5.8988,5.8988,5.8988,5.8988,5.8988,5.8988,5.8988,5.8988,5.8988,5.8988,5.8988,5.8988,5.8988,5.8988,5.8988,5.8988,5.8988,5.8988,5.8988,5.8988,5.8988,5.8988,5.8988,5.8988,5.8988,5.8988,5.8988,5.8988,5.8988,5.8988,5.8988,5.8988,5.8988,5.8988,5.8988,5.8988,5.8988,5.8988,5.8988,5.8988,5.8988,5.8988,5.8988,5.8988,5.8988,5.8988,5.8988,5.8988,5.8988,5.8988,5.8988,5.8988,5.8988,5.8988,5.8988,5.8988,5.8988,5.8988,5.8988,5.8988,5.8988,5.8988,5.8988,5.8988,5.8988,5.8988,5.8988,5.8988,5.8988,5.8988,5.8988,5.8988,5.8988,5.8988,5.8988,5.8988,5.8988,5.8988,5.8988,5.8988,5.8988,5.8988,5.8988,5.8988,5.8988,5.8988,5.8988,5.8988,5.8988,5.8988,5.8988,5.8988,5.8988,5.8988,5.8988,5.8988,5.8988,5.8988,5.8988,5.8988,5.8988,5.8988,5.8988,5.8988,5.8988,5.8988,5.8988,5.8988,5.8988,5.8988,5.8988,5.8988,5.8988,5.8988,5.8988,5.8988,5.8988,5.8988,5.8988,5.8988,5.8988,5.8988,5.8988,5.8988,5.8988,5.8988,5.8988,5.8988,5.8988,5.8988,5.8988,5.8988,5.8988,5.8988,5.8988,5.8988,5.8988,5.8988,5.8988,5.8988,5.8988,5.8988,5.8988,5.8988,5.8988,5.8988,5.8988,5.8988,5.8988,5.8988,5.8988,5.8988,5.8988,5.8988,5.8988,5.8988,5.8988,5.8988,5.8988,5.8988,5.8988,5.8988,5.8988,5.8988,5.8988,5.8988,5.8988,5.8988,5.8988,5.8988,5.8988,5.8988,5.8988,5.8988,5.8988,5.8988,5.8988,5.8988,5.8988,5.8988,5.8988,5.8988,5.8988,5.8988,5.8988,5.8988,5.8988,5.8988,5.8988,5.8988,5.8988,5.8988,5.8988,5.8988,5.8988,5.8988,5.8988,5.8988,5.8988,5.8988,5.8988,5.8988,5.8988,5.8988,5.8988,5.8988,5.8988,5.8988,5.8988,5.8988,5.8988,5.8988,5.8988,5.8988,5.8988,5.8988,5.8988,5.8988,5.8988,5.8988,5.8988,5.8988,5.8988,5.8988,5.8988,5.8988,5.8988,5.8988,5.8988,5.8988,5.8988,5.8988,5.8988,5.8988,5.8988,5.8988,5.8988,5.8988,5.8988,5.8988,5.8988,5.8988,5.8988,5.8988,5.8988,5.8988,5.8988,5.8988,5.8988,5.8988,5.8988,5.8988,5.8988,5.8988,5.8988,5.8988,5.8988,5.8988,5.8988,5.8988,5.8988,5.8988,5.8988,5.8988,5.8988,5.8988,5.8988,5.8988,5.8988,5.8988,5.8988,5.8988,5.8988,5.8988,5.8988,5.8988,5.8988,5.8988,5.8988,5.8988,5.8988,5.8988,5.8988,5.8988,5.8988,5.8988,5.8988,5.8988,5.8988,5.8988,5.8988,5.8988,5.8988,5.8988,5.8988,5.8988,5.8988,5.8988,5.8988,5.8988,5.8988,5.8988,5.8988,5.8988,5.8988,5.8988,5.8988,5.8988,5.8988,5.8988,5.8988,5.8988,5.8988,5.8988,5.8988,5.8988,5.8988,5.8988,5.8988,5.8988,5.8988,5.8988,5.8988,5.8988,5.8988,5.8988,5.8988,5.8988,5.8988,5.8988,5.8988,5.8988,5.8988,5.8988,5.8988,5.8988,5.8988,5.8988,5.8988,5.8988,5.8988,5.8988,5.8988,5.8988,5.8988,5.8988,5.8988,5.8988,5.8988,5.8988,5.8988,5.8988,5.8988,5.8988,5.8988,5.8988,5.8988,5.8988,5.8988,5.8988,5.8988,5.8988,5.8988,5.8988,5.8988,5.8988,5.8988,5.8988,5.8988,5.8988,5.8988,5.8988,5.8988,5.8988,5.8988,5.8988,5.8988,5.8988,5.8988,5.8988,5.8988,5.8988,5.8988,5.8988,5.8988,5.8988,5.8988,5.8988,5.8988,5.8988,5.8988,5.8988,5.8988,5.8988,5.8988,5.8988,5.8988,5.8988,5.8988,5.8988,5.8988,5.8988,5.8988,5.8988,5.8988,5.8988,5.8988,5.8988,5.8988,5.8988,5.8988,5.8988,5.8988,5.8988,5.8988,5.8988,5.8988,5.8988,5.8988,5.8988,5.8988,5.8988,5.8988,5.8988,5.8988,5.8988,5.8988,5.8988,5.8988,5.8988,5.8988,5.8988,5.8988,5.8988,5.8988,5.8988,5.8988,5.8988,5.8988,5.8988,5.8988,5.8988,5.8988,5.8988,5.8988,5.8988,5.8988,5.8988,5.8988,5.8988,5.8988,5.8988,5.8988,5.8988,5.8988,5.8988,5.8988,5.8988,5.8988,5.8988,5.8988,5.8988,5.8988,5.8988,5.8988,5.8988,5.8988,5.8988,5.8988,5.8988,5.8988,5.8988,5.8988,5.8988,5.8988,5.8988,5.8988,5.8988,5.8988,5.8988,5.8988,5.8988,5.8988,5.8988,5.8988,5.8988,5.8988,5.8988,5.8988,5.8988,5.8988,5.8988,5.8988,5.8988,5.8988,5.8988,5.8988,5.8988,5.8988,5.8988,5.8988,5.8988,5.8988,5.8988,5.8988,5.8988,5.8988,5.8988,5.8988,5.8988,5.8988,5.8988,5.8988,5.8988,5.8988,5.8988,5.8988,5.8988,5.8988,5.8988,5.8988,5.8988,5.8988,5.8988,5.8988,5.8988,5.8988,5.8988,5.8988,5.8988,5.8988,5.8988,5.8988,5.8988,5.8988,5.8988,5.8988,5.8988,5.8988,5.8988,5.8988,5.8988,5.8988,5.8988,5.8988,5.8988,5.8988,5.8988,5.8988,5.8988,5.8988,5.8988,5.8988,5.8988,5.8988,5.8988,5.8988,5.8988,5.8988,5.8988,5.8988,5.8988,5.8988,5.8988,5.8988,5.8988,5.8988,5.8988,5.8988,5.8988,5.8988,5.8988,5.8988,5.8988,5.8988,5.8988,5.8988,5.8988,5.8988,5.8988,5.8988,5.8988,5.8988,5.8988,5.8988,5.8988,5.8988,5.8988,5.8988,5.8988,5.8988,5.8988,5.8988,5.8988,5.8988,5.8988,5.8988,5.8988,5.8988,5.8988,5.8988,5.8988,5.8988,5.8988,5.8988,5.8988,5.8988,5.8988,5.8988,5.8988,5.8988,5.8988,5.8988,5.8988,5.8988,5.8988,5.8988,5.8988,5.8988,5.8988,5.8988,5.8988,5.8988,5.8988,5.8988,5.8988,5.8988,5.8988,5.8988,5.8988,5.8988,5.8988,5.8988,5.8988,5.8988,5.8988,5.8988,5.8988,5.8988,5.8988,5.8988,5.8988,5.8988,5.8988,5.8988,5.8988,5.8988,5.8988,5.8988,5.8988,5.8988,5.8988,5.8988,5.8988,5.8988,5.8988,5.8988,5.8988,5.8988,5.8988,5.8988,5.8988,5.8988,5.8988,5.8988,5.8988,5.8988,5.8988,5.8988,5.8988,5.8988,5.8988,5.8988,5.8988,5.8988,5.8988,5.8988,5.8988,5.8988,5.8988,5.8988,5.8988,5.8988,5.8988,5.8988,5.8988,5.8988,5.8988,5.8988,5.8988,5.8988,5.8988,5.8988,5.8988,5.8988,5.8988,5.8988,5.8988,5.8988,5.8988,5.8988,5.8988,5.8988,5.8988,5.8988,5.8988,5.8988,5.8988,5.8988,5.8988,5.8988,5.8988,5.8988,5.8988,5.8988,5.8988,5.8988,5.8988,5.8988,5.8988,5.8988,5.8988,5.8988,5.8988,5.8988,5.8988,5.8988,5.8988,5.8988,5.8988,5.8988,5.8988,5.8988,5.8988,5.8988,5.8988,5.8988,5.8988,5.8988,5.8988,5.8988,5.8988,5.8988,5.8988,5.8988,5.8988,5.8988,5.8988,5.8988,5.8988,5.8988,5.8988,5.8988,5.8988,5.8988,5.8988,5.8988,5.8988,5.8988,5.8988,5.8988,5.8988,5.8988,5.8988,5.8988,5.8988,5.8988,5.8988,5.8988,5.8988,5.8988,5.8988,5.8988,5.8988,5.8988,5.8988,5.8988,5.8988,5.8988,5.8988,5.8988,5.8988,5.8988,5.8988,5.8988,5.8988,5.8988,5.8988,5.8988,5.8988,5.8988,5.8988,5.8988,5.8988,5.8988,5.8988,5.8988,5.8988,5.8988,5.8988,5.8988,5.8988,5.8988,5.8988,5.8988,5.8988,5.8988,5.8988,5.8988,5.8988,5.8988,5.8988,5.8988,5.8988,5.8988,5.8988,5.8988,5.8988,5.8988,5.8988,5.8988,5.8988,5.8988,5.8988,5.8988,5.8988,5.8988,5.8988,5.8988,5.8988,5.8988,5.8988,5.8988,5.8988,5.8988,5.8988,5.8988,5.8988,5.8988,5.8988,5.8988,5.8988,5.8988,5.8988,5.8988,5.8988,5.8988,5.8988,5.8988,5.8988,5.8988,5.8988,5.8988,5.8988,5.8988,5.8988,5.8988,5.8988,5.8988,5.8988,5.8988,5.8988,5.8988,5.8988,5.8988,5.8988,5.8988,5.8988,5.8988,5.8988,5.8988,5.8988,5.8988,5.8988,5.8988,5.8988,5.8988,5.8988,5.8988,5.8988,5.8988,5.8988,5.8988,5.8988,5.8988,5.8988,5.8988,5.8988,5.8988,5.8988,5.8988,5.8988,5.8988,5.8988,5.8988,5.8988,5.8988,5.8988,5.8988,5.8988,5.8988,5.8988,5.8988,5.8988,5.8988,5.8988,5.8988,5.8988,5.8988
5.8951,5.8951,5.8951,5.8951,5.8951,5.8951,5.8951,5.8951,5.8951,5.8951,5.8951,5.8951,5.8951,5.8951,5.8951,5.8951,5.8951,5.8951,5.8951,5.8951,5.8951,5.8951,5.8951,5.8951,5.8951,5.8951,5.8951,5.8951,5.8951,5.8951,5.8951,5.8951,5.8951,5.8951,5.8951,5.8951,5.8951,5.8951,5.8951,5.8951,5.8951,5.8951,5.8951,5.8951,5.8951,5.8951,5.8951,5.8951,5.8951,5.8951,5.8951,5.8951,5.8951,5.8951,5.8951,5.8951,5.8951,5.8951,5.8951,5.8951,5.8951,5.8951,5.8951,5.8951,5.8951,5.8951,5.8951,5.8951,5.8951,5.8951,5.8951,5.8951,5.8951,5.8951,5.8951,5.8951,5.8951,5.8951,5.8951,5.8951,5.8951,5.8951,5.8951,5.8951,5.8951,5.8951,5.8951,5.8951,5.8951,5.8951,5.8951,5.8951,5.8951,5.8951,5.8951,5.8951,5.8951,5.8951,5.8951,5.8951,5.8951,5.8951,5.8951,5.8951,5.8951,5.8951,5.8951,5.8951,5.8951,5.8951,5.8951,5.8951,5.8951,5.8951,5.8951,5.8951,5.8951,5.8951,5.8951,5.8951,5.8951,5.8951,5.8951,5.8951,5.8951,5.8951,5.8951,5.8951,5.8951,5.8951,5.8951,5.8951,5.8951,5.8951,5.8951,5.8951,5.8951,5.8951,5.8951,5.8951,5.8951,5.8951,5.8951,5.8951,5.8951,5.8951,5.8951,5.8951,5.8951,5.8951,5.8951,5.8951,5.8951,5.8951,5.8951,5.8951,5.8951,5.8951,5.8951,5.8951,5.8951,5.8951,5.8951,5.8951,5.8951,5.8951,5.8951,5.8951,5.8951,5.8951,5.8951,5.8951,5.8951,5.8951,5.8951,5.8951,5.8951,5.8951,5.8951,5.8951,5.8951,5.8951,5.8951,5.8951,5.8951,5.8951,5.8951,5.8951,5.8951,5.8951,5.8951,5.8951,5.8951,5.8951,5.8951,5.8951,5.8951,5.8951,5.8951,5.8951,5.8951,5.8951,5.8951,5.8951,5.8951,5.8951,5.8951,5.8951,5.8951,5.8951,5.8951,5.8951,5.8951,5.8951,5.8951,5.8951,5.8951,5.8951,5.8951,5.8951,5.8951,5.8951,5.8951,5.8951,5.8951,5.8951,5.8951,5.8951,5.8951,5.8951,5.8951,5.8951,5.8951,5.8951,5.8951,5.8951,5.8951,5.8951,5.8951,5.8951,5.8951,5.8951,5.8951,5.8951,5.8951,5.8951,5.8951,5.8951,5.8951,5.8951,5.8951,5.8951,5.8951,5.8951,5.8951,5.8951,5.8951,5.8951,5.8951,5.8951,5.8951,5.8951,5.8951,5.8951,5.8951,5.8951,5.8951,5.8951,5.8951,5.8951,5.8951,5.8951,5.8951,5.8951,5.8951,5.8951,5.8951,5.8951,5.8951,5.8951,5.8951,5.8951,5.8951,5.8951,5.8951,5.8951,5.8951,5.8951,5.8951,5.8951,5.8951,5.8951,5.8951,5.8951,5.8951,5.8951,5.8951,5.8951,5.8951,5.8951,5.8951,5.8951,5.8951,5.8951,5.8951,5.8951,5.8951,5.8951,5.8951,5.8951,5.8951,5.8951,5.8951,5.8951,5.8951,5.8951,5.8951,5.8951,5.8951,5.8951,5.8951,5.8951,5.8951,5.8951,5.8951,5.8951,5.8951,5.8951,5.8951,5.8951,5.8951,5.8951,5.8951,5.8951,5.8951,5.8951,5.8951,5.8951,5.8951,5.8951,5.8951,5.8951,5.8951,5.8951,5.8951,5.8951,5.8951,5.8951,5.8951,5.8951,5.8951,5.8951,5.8951,5.8951,5.8951,5.8951,5.8951,5.8951,5.8951,5.8951,5.8951,5.8951,5.8951,5.8951,5.8951,5.8951,5.8951,5.8951,5.8951,5.8951,5.8951,5.8951,5.8951,5.8951,5.8951,5.8951,5.8951,5.8951,5.8951,5.8951,5.8951,5.8951,5.8951,5.8951,5.8951,5.8951,5.8951,5.8951,5.8951,5.8951,5.8951,5.8951,5.8951,5.8951,5.8951,5.8951,5.8951,5.8951,5.8951,5.8951,5.8951,5.8951,5.8951,5.8951,5.8951,5.8951,5.8951,5.8951,5.8951,5.8951,5.8951,5.8951,5.8951,5.8951,5.8951,5.8951,5.8951,5.8951,5.8951,5.8951,5.8951,5.8951,5.8951,5.8951,5.8951,5.8951,5.8951,5.8951,5.8951,5.8951,5.8951,5.8951,5.8951,5.8951,5.8951,5.8951,5.8951,5.8951,5.8951,5.8951,5.8951,5.8951,5.8951,5.8951,5.8951,5.8951,5.8951,5.8951,5.8951,5.8951,5.8951,5.8951,5.8951,5.8951,5.8951,5.8951,5.8951,5.8951,5.8951,5.8951,5.8951,5.8951,5.8951,5.8951,5.8951,5.8951,5.8951,5.8951,5.8951,5.8951,5.8951,5.8951,5.8951,5.8951,5.8951,5.8951,5.8951,5.8951,5.8951,5.8951,5.8951,5.8951,5.8951,5.8951,5.8951,5.8951,5.8951,5.8951,5.8951,5.8951,5.8951,5.8951,5.8951,5.8951,5.8951,5.8951,5.8951,5.8951,5.8951,5.8951,5.8951,5.8951,5.8951,5.8951,5.8951,5.8951,5.8951,5.8951,5.8951,5.8951,5.8951,5.8951,5.8951,5.8951,5.8951,5.8951,5.8951,5.8951,5.8951,5.8951,5.8951,5.8951,5.8951,5.8951,5.8951,5.8951,5.8951,5.8951,5.8951,5.8951,5.8951,5.8951,5.8951,5.8951,5.8951,5.8951,5.8951,5.8951,5.8951,5.8951,5.8951,5.8951,5.8951,5.8951,5.8951,5.8951,5.8951,5.8951,5.8951,5.8951,5.8951,5.8951,5.8951,5.8951,5.8951,5.8951,5.8951,5.8951,5.8951,5.8951,5.8951,5.8951,5.8951,5.8951,5.8951,5.8951,5.8951,5.8951,5.8951,5.8951,5.8951,5.8951,5.8951,5.8951,5.8951,5.8951,5.8951,5.8951,5.8951,5.8951,5.8951,5.8951,5.8951,5.8951,5.8951,5.8951,5.8951,5.8951,5.8951,5.8951,5.8951,5.8951,5.8951,5.8951,5.8951,5.8951,5.8951,5.8951,5.8951,5.8951,5.8951,5.8951,5.8951,5.8951,5.8951,5.8951,5.8951,5.8951,5.8951,5.8951,5.8951,5.8951,5.8951,5.8951,5.8951,5.8951,5.8951,5.8951,5.8951,5.8951,5.8951,5.8951,5.8951,5.8951,5.8951,5.8951,5.8951,5.8951,5.8951,5.8951,5.8951,5.8951,5.8951,5.8951,5.8951,5.8951,5.8951,5.8951,5.8951,5.8951,5.8951,5.8951,5.8951,5.8951,5.8951,5.8951,5.8951,5.8951,5.8951,5.8951,5.8951,5.8951,5.8951,5.8951,5.8951,5.8951,5.8951,5.8951,5.8951,5.8951,5.8951,5.8951,5.8951,5.8951,5.8951,5.8951,5.8951,5.8951,5.8951,5.8951,5.8951,5.8951,5.8951,5.8951,5.8951,5.8951,5.8951,5.8951,5.8951,5.8951,5.8951,5.8951,5.8951,5.8951,5.8951,5.8951,5.8951,5.8951,5.8951,5.8951,5.8951,5.8951,5.8951,5.8951,5.8951,5.8951,5.8951,5.8951,5.8951,5.8951,5.8951,5.8951,5.8951,5.8951,5.8951,5.8951,5.8951,5.8951,5.8951,5.8951,5.8951,5.8951,5.8951,5.8951,5.8951,5.8951,5.8951,5.8951,5.8951,5.8951,5.8951,5.8951,5.8951,5.8951,5.8951,5.8951,5.8951,5.8951,5.8951,5.8951,5.8951,5.8951,5.8951,5.8951,5.8951,5.8951,5.8951,5.8951,5.8951,5.8951,5.8951,5.8951,5.8951,5.8951,5.8951,5.8951,5.8951,5.8951,5.8951,5.8951,5.8951,5.8951,5.8951,5.8951,5.8951,5.8951,5.8951,5.8951,5.8951,5.8951,5.8951,5.8951,5.8951,5.8951,5.8951,5.8951,5.8951,5.8951,5.8951,5.8951,5.8951,5.8951,5.8951,5.8951,5.8951,5.8951,5.8951,5.8951,5.8951,5.8951,5.8951,5.8951,5.8951,5.8951,5.8951,5.8951,5.8951,5.8951,5.8951,5.8951,5.8951,5.8951,5.8951,5.8951,5.8951,5.8951,5.8951,5.8951,5.8951,5.8951,5.8951,5.8951,5.8951,5.8951,5.8951,5.8951,5.8951,5.8951,5.8951,5.8951,5.8951,5.8951,5.8951,5.8951,5.8951,5.8951,5.8951,5.8951,5.8951,5.8951,5.8951,5.8951,5.8951,5.8951,5.8951,5.8951,5.8951,5.8951,5.8951,5.8951,5.8951,5.8951,5.8951,5.8951,5.8951,5.8951,5.8951,5.8951,5.8951,5.8951,5.8951,5.8951,5.8951,5.8951,5.8951,5.8951,5.8951,5.8951,5.8951,5.8951,5.8951,5.8951,5.8951,5.8951,5.8951,5.8951,5.8951,5.8951,5.8951,5.8951,5.8951,5.8951,5.8951,5.8951,5.8951,5.8951,5.8951,5.8951,5.8951,5.8951,5.8951,5.8951,5.8951,5.8951,5.8951,5.8951,5.8951,5.8951,5.8951,5.8951,5.8951,5.8951,5.8951,5.8951,5.8951,5.8951,5.8951,5.8951,5.8951,5.8951,5.8951,5.8951,5.8951,5.8951,5.8951,5.8951,5.8951,5.8951,5.8951,5.8951,5.8951,5.8951,5.8951,5.8951,5.8951,5.8951,5.8951,5.8951,5.8951,5.8951,5.8951,5.8951,5.8951,5.8951,5.8951,5.8951,5.8951,5.8951,5.8951,5.8951,5.8951,5.8951,5.8951,5.8951,5.8951,5.8951,5.8951,5.8951,5.8951,5.8951,5.8951,5.8951,5.8951,5.8951,5.8951,5.8951,5.8951,5.8951,5.8951,5.8951,5.8951,5.8951,5.8951,5.8951,5.8951,5.8951,5.8951,5.8951,5.8951,5.8951,5.8951,5.8951,5.8951,5.8951,5.8951,5.8951,5.8951,5.8951,5.8951,5.8951
5.8912,5.8912,5.8912,5.8912,5.8912,5.8912,5.8912,5.8912,5.8912,5.8912,5.8912,5.8912,5.8912,5.8912,5.8912,5.8912,5.8912,5.8912,5.8912,5.8912,5.8912,5.8912,5.8912,5.8912,5.8912,5.8912,5.8912,5.8912,5.8912,5.8912,5.8912,5.8912,5.8912,5.8912,5.8912,5.8912,5.8912,5.8912,5.8912,5.8912,5.8912,5.8912,5.8912,5.8912,5.8912,5.8912,5.8912,5.8912,5.8912,5.8912,5.8912,5.8912,5.8912,5.8912,5.8912,5.8912,5.8912,5.8912,5.8912,5.8912,5.8912,5.8912,5.8912,5.8912,5.8912,5.8912,5.8912,5.8912,5.8912,5.8912,5.8912,5.8912,5.8912,5.8912,5.8912,5.8912,5.8912,5.8912,5.8912,5.8912,5.8912,5.8912,5.8912,5.8912,5.8912,5.8912,5.8912,5.8912,5.8912,5.8912,5.8912,5.8912,5.8912,5.8912,5.8912,5.8912,5.8912,5.8912,5.8912,5.8912,5.8912,5.8912,5.8912,5.8912,5.8912,5.8912,5.8912,5.8912,5.8912,5.8912,5.8912,5.8912,5.8912,5.8912,5.8912,5.8912,5.8912,5.8912,5.8912,5.8912,5.8912,5.8912,5.8912,5.8912,5.8912,5.8912,5.8912,5.8912,5.8912,5.8912,5.8912,5.8912,5.8912,5.8912,5.8912,5.8912,5.8912,5.8912,5.8912,5.8912,5.8912,5.8912,5.8912,5.8912,5.8912,5.8912,5.8912,5.8912,5.8912,5.8912,5.8912,5.8912,5.8912,5.8912,5.8912,5.8912,5.8912,5.8912,5.8912,5.8912,5.8912,5.8912,5.8912,5.8912,5.8912,5.8912,5.8912,5.8912,5.8912,5.8912,5.8912,5.8912,5.8912,5.8912,5.8912,5.8912,5.8912,5.8912,5.8912,5.8912,5.8912,5.8912,5.8912,5.8912,5.8912,5.8912,5.8912,5.8912,5.8912,5.8912,5.8912,5.8912,5.8912,5.8912,5.8912,5.8912,5.8912,5.8912,5.8912,5.8912,5.8912,5.8912,5.8912,5.8912,5.8912,5.8912,5.8912,5.8912,5.8912,5.8912,5.8912,5.8912,5.8912,5.8912,5.8912,5.8912,5.8912,5.8912,5.8912,5.8912,5.8912,5.8912,5.8912,5.8912,5.8912,5.8912,5.8912,5.8912,5.8912,5.8912,5.8912,5.8912,5.8912,5.8912,5.8912,5.8912,5.8912,5.8912,5.8912,5.8912,5.8912,5.8912,5.8912,5.8912,5.8912,5.8912,5.8912,5.8912,5.8912,5.8912,5.8912,5.8912,5.8912,5.8912,5.8912,5.8912,5.8912,5.8912,5.8912,5.8912,5.8912,5.8912,5.8912,5.8912,5.8912,5.8912,5.8912,5.8912,5.8912,5.8912,5.8912,5.8912,5.8912,5.8912,5.8912,5.8912,5.8912,5.8912,5.8912,5.8912,5.8912,5.8912,5.8912,5.8912,5.8912,5.8912,5.8912,5.8912,5.8912,5.8912,5.8912,5.8912,5.8912,5.8912,5.8912,5.8912,5.8912,5.8912,5.8912,5.8912,5.8912,5.8912,5.8912,5.8912,5.8912,5.8912,5.8912,5.8912,5.8912,5.8912,5.8912,5.8912,5.8912,5.8912,5.8912,5.8912,5.8912,5.8912,5.8912,5.8912,5.8912,5.8912,5.8912,5.8912,5.8912,5.8912,5.8912,5.8912,5.8912,5.8912,5.8912,5.8912,5.8912,5.8912,5.8912,5.8912,5.8912,5.8912,5.8912,5.8912,5.8912,5.8912,5.8912,5.8912,5.8912,5.8912,5.8912,5.8912,5.8912,5.8912,5.8912,5.8912,5.8912,5.8912,5.8912,5.8912,5.8912,5.8912,5.8912,5.8912,5.8912,5.8912,5.8912,5.8912,5.8912,5.8912,5.8912,5.8912,5.8912,5.8912,5.8912,5.8912,5.8912,5.8912,5.8912,5.8912,5.8912,5.8912,5.8912,5.8912,5.8912,5.8912,5.8912,5.8912,5.8912,5.8912,5.8912,5.8912,5.8912,5.8912,5.8912,5.8912,5.8912,5.8912,5.8912,5.8912,5.8912,5.8912,5.8912,5.8912,5.8912,5.8912,5.8912,5.8912,5.8912,5.8912,5.8912,5.8912,5.8912,5.8912,5.8912,5.8912,5.8912,5.8912,5.8912,5.8912,5.8912,5.8912,5.8912,5.8912,5.8912,5.8912,5.8912,5.8912,5.8912,5.8912,5.8912,5.8912,5.8912,5.8912,5.8912,5.8912,5.8912,5.8912,5.8912,5.8912,5.8912,5.8912,5.8912,5.8912,5.8912,5.8912,5.8912,5.8912,5.8912,5.8912,5.8912,5.8912,5.8912,5.8912,5.8912,5.8912,5.8912,5.8912,5.8912,5.8912,5.8912,5.8912,5.8912,5.8912,5.8912,5.8912,5.8912,5.8912,5.8912,5.8912,5.8912,5.8912,5.8912,5.8912,5.8912,5.8912,5.8912,5.8912,5.8912,5.8912,5.8912,5.8912,5.8912,5.8912,5.8912,5.8912,5.8912,5.8912,5.8912,5.8912,5.8912,5.8912,5.8912,5.8912,5.8912,5.8912,5.8912,5.8912,5.8912,5.8912,5.8912,5.8912,5.8912,5.8912,5.8912,5.8912,5.8912,5.8912,5.8912,5.8912,5.8912,5.8912,5.8912,5.8912,5.8912,5.8912,5.8912,5.8912,5.8912,5.8912,5.8912,5.8912,5.8912,5.8912,5.8912,5.8912,5.8912,5.8912,5.8912,5.8912,5.8912,5.8912,5.8912,5.8912,5.8912,5.8912,5.8912,5.8912,5.8912,5.8912,5.8912,5.8912,5.8912,5.8912,5.8912,5.8912,5.8912,5.8912,5.8912,5.8912,5.8912,5.8912,5.8912,5.8912,5.8912,5.8912,5.8912,5.8912,5.8912,5.8912,5.8912,5.8912,5.8912,5.8912,5.8912,5.8912,5.8912,5.8912,5.8912,5.8912,5.8912,5.8912,5.8912,5.8912,5.8912,5.8912,5.8912,5.8912,5.8912,5.8912,5.8912,5.8912,5.8912,5.8912,5.8912,5.8912,5.8912,5.8912,5.8912,5.8912,5.8912,5.8912,5.8912,5.8912,5.8912,5.8912,5.8912,5.8912,5.8912,5.8912,5.8912,5.8912,5.8912,5.8912,5.8912,5.8912,5.8912,5.8912,5.8912,5.8912,5.8912,5.8912,5.8912,5.8912,5.8912,5.8912,5.8912,5.8912,5.8912,5.8912,5.8912,5.8912,5.8912,5.8912,5.8912,5.8912,5.8912,5.8912,5.8912,5.8912,5.8912,5.8912,5.8912,5.8912,5.8912,5.8912,5.8912,5.8912,5.8912,5.8912,5.8912,5.8912,5.8912,5.8912,5.8912,5.8912,5.8912,5.8912,5.8912,5.8912,5.8912,5.8912,5.8912,5.8912,5.8912,5.8912,5.8912,5.8912,5.8912,5.8912,5.8912,5.8912,5.8912,5.8912,5.8912,5.8912,5.8912,5.8912,5.8912,5.8912,5.8912,5.8912,5.8912,5.8912,5.8912,5.8912,5.8912,5.8912,5.8912,5.8912,5.8912,5.8912,5.8912,5.8912,5.8912,5.8912,5.8912,5.8912,5.8912,5.8912,5.8912,5.8912,5.8912,5.8912,5.8912,5.8912,5.8912,5.8912,5.8912,5.8912,5.8912,5.8912,5.8912,5.8912,5.8912,5.8912,5.8912,5.8912,5.8912,5.8912,5.8912,5.8912,5.8912,5.8912,5.8912,5.8912,5.8912,5.8912,5.8912,5.8912,5.8912,5.8912,5.8912,5.8912,5.8912,5.8912,5.8912,5.8912,5.8912,5.8912,5.8912,5.8912,5.8912,5.8912,5.8912,5.8912,5.8912,5.8912,5.8912,5.8912,5.8912,5.8912,5.8912,5.8912,5.8912,5.8912,5.8912,5.8912,5.8912,5.8912,5.8912,5.8912,5.8912,5.8912,5.8912,5.8912,5.8912,5.8912,5.8912,5.8912,5.8912,5.8912,5.8912,5.8912,5.8912,5.8912,5.8912,5.8912,5.8912,5.8912,5.8912,5.8912,5.8912,5.8912,5.8912,5.8912,5.8912,5.8912,5.8912,5.8912,5.8912,5.8912,5.8912,5.8912,5.8912,5.8912,5.8912,5.8912,5.8912,5.8912,5.8912,5.8912,5.8912,5.8912,5.8912,5.8912,5.8912,5.8912,5.8912,5.8912,5.8912,5.8912,5.8912,5.8912,5.8912,5.8912,5.8912,5.8912,5.8912,5.8912,5.8912,5.8912,5.8912,5.8912,5.8912,5.8912,5.8912,5.8912,5.8912,5.8912,5.8912,5.8912,5.8912,5.8912,5.8912,5.8912,5.8912,5.8912,5.8912,5.8912,5.8912,5.8912,5.8912,5.8912,5.8912,5.8912,5.8912,5.8912,5.8912,5.8912,5.8912,5.8912,5.8912,5.8912,5.8912,5.8912,5.8912,5.8912,5.8912,5.8912,5.8912,5.8912,5.8912,5.8912,5.8912,5.8912,5.8912,5.8912,5.8912,5.8912,5.8912,5.8912,5.8912,5.8912,5.8912,5.8912,5.8912,5.8912,5.8912,5.8912,5.8912,5.8912,5.8912,5.8912,5.8912,5.8912,5.8912,5.8912,5.8912,5.8912,5.8912,5.8912,5.8912,5.8912,5.8912,5.8912,5.8912,5.8912,5.8912,5.8912,5.8912,5.8912,5.8912,5.8912,5.8912,5.8912,5.8912,5.8912,5.8912,5.8912,5.8912,5.8912,5.8912,5.8912,5.8912,5.8912,5.8912,5.8912,5.8912,5.8912,5.8912,5.8912,5.8912,5.8912,5.8912,5.8912,5.8912,5.8912,5.8912,5.8912,5.8912,5.8912,5.8912,5.8912,5.8912,5.8912,5.8912,5.8912,5.8912,5.8912,5.8912,5.8912,5.8912,5.8912,5.8912,5.8912,5.8912,5.8912,5.8912,5.8912,5.8912,5.8912,5.8912,5.8912,5.8912,5.8912,5.8912,5.8912,5.8912,5.8912,5.8912,5.8912,5.8912,5.8912,5.8912,5.8912,5.8912,5.8912,5.8912,5.8912,5.8912,5.8912,5.8912,5.8912
5.8873,5.8873,5.8873,5.8873,5.8873,5.8873,5.8873,5.8873,5.8873,5.8873,5.8873,5.8873,5.8873,5.8873,5.8873,5.8873,5.8873,5.8873,5.8873,5.8873,5.8873,5.8873,5.8873,5.8873,5.8873,5.8873,5.8873,5.8873,5.8873,5.8873,5.8873,5.8873,5.8873,5.8873,5.8873,5.8873,5.8873,5.8873,5.8873,5.8873,5.8873,5.8873,5.8873,5.8873,5.8873,5.8873,5.8873,5.8873,5.8873,5.8873,5.8873,5.8873,5.8873,5.8873,5.8873,5.8873,5.8873,5.8873,5.8873,5.8873,5.8873,5.8873,5.8873,5.8873,5.8873,5.8873,5.8873,5.8873,5.8873,5.8873,5.8873,5.8873,5.8873,5.8873,5.8873,5.8873,5.8873,5.8873,5.8873,5.8873,5.8873,5.8873,5.8873,5.8873,5.8873,5.8873,5.8873,5.8873,5.8873,5.8873,5.8873,5.8873,5.8873,5.8873,5.8873,5.8873,5.8873,5.8873,5.8873,5.8873,5.8873,5.8873,5.8873,5.8873,5.8873,5.8873,5.8873,5.8873,5.8873,5.8873,5.8873,5.8873,5.8873,5.8873,5.8873,5.8873,5.8873,5.8873,5.8873,5.8873,5.8873,5.8873,5.8873,5.8873,5.8873,5.8873,5.8873,5.8873,5.8873,5.8873,5.8873,5.8873,5.8873,5.8873,5.8873,5.8873,5.8873,5.8873,5.8873,5.8873,5.8873,5.8873,5.8873,5.8873,5.8873,5.8873,5.8873,5.8873,5.8873,5.8873,5.8873,5.8873,5.8873,5.8873,5.8873,5.8873,5.8873,5.8873,5.8873,5.8873,5.8873,5.8873,5.8873,5.8873,5.8873,5.8873,5.8873,5.8873,5.8873,5.8873,5.8873,5.8873,5.8873,5.8873,5.8873,5.8873,5.8873,5.8873,5.8873,5.8873,5.8873,5.8873,5.8873,5.8873,5.8873,5.8873,5.8873,5.8873,5.8873,5.8873,5.8873,5.8873,5.8873,5.8873,5.8873,5.8873,5.8873,5.8873,5.8873,5.8873,5.8873,5.8873,5.8873,5.8873,5.8873,5.8873,5.8873,5.8873,5.8873,5.8873,5.8873,5.8873,5.8873,5.8873,5.8873,5.8873,5.8873,5.8873,5.8873,5.8873,5.8873,5.8873,5.8873,5.8873,5.8873,5.8873,5.8873,5.8873,5.8873,5.8873,5.8873,5.8873,5.8873,5.8873,5.8873,5.8873,5.8873,5.8873,5.8873,5.8873,5.8873,5.8873,5.8873,5.8873,5.8873,5.8873,5.8873,5.8873,5.8873,5.8873,5.8873,5.8873,5.8873,5.8873,5.8873,5.8873,5.8873,5.8873,5.8873,5.8873,5.8873,5.8873,5.8873,5.8873,5.8873,5.8873,5.8873,5.8873,5.8873,5.8873,5.8873,5.8873,5.8873,5.8873,5.8873,5.8873,5.8873,5.8873,5.8873,5.8873,5.8873,5.8873,5.8873,5.8873,5.8873,5.8873,5.8873,5.8873,5.8873,5.8873,5.8873,5.8873,5.8873,5.8873,5.8873,5.8873,5.8873,5.8873,5.8873,5.8873,5.8873,5.8873,5.8873,5.8873,5.8873,5.8873,5.8873,5.8873,5.8873,5.8873,5.8873,5.8873,5.8873,5.8873,5.8873,5.8873,5.8873,5.8873,5.8873,5.8873,5.8873,5.8873,5.8873,5.8873,5.8873,5.8873,5.8873,5.8873,5.8873,5.8873,5.8873,5.8873,5.8873,5.8873,5.8873,5.8873,5.8873,5.8873,5.8873,5.8873,5.8873,5.8873,5.8873,5.8873,5.8873,5.8873,5.8873,5.8873,5.8873,5.8873,5.8873,5.8873,5.8873,5.8873,5.8873,5.8873,5.8873,5.8873,5.8873,5.8873,5.8873,5.8873,5.8873,5.8873,5.8873,5.8873,5.8873,5.8873,5.8873,5.8873,5.8873,5.8873,5.8873,5.8873,5.8873,5.8873,5.8873,5.8873,5.8873,5.8873,5.8873,5.8873,5.8873,5.8873,5.8873,5.8873,5.8873,5.8873,5.8873,5.8873,5.8873,5.8873,5.8873,5.8873,5.8873,5.8873,5.8873,5.8873,5.8873,5.8873,5.8873,5.8873,5.8873,5.8873,5.8873,5.8873,5.8873,5.8873,5.8873,5.8873,5.8873,5.8873,5.8873,5.8873,5.8873,5.8873,5.8873,5.8873,5.8873,5.8873,5.8873,5.8873,5.8873,5.8873,5.8873,5.8873,5.8873,5.8873,5.8873,5.8873,5.8873,5.8873,5.8873,5.8873,5.8873,5.8873,5.8873,5.8873,5.8873,5.8873,5.8873,5.8873,5.8873,5.8873,5.8873,5.8873,5.8873,5.8873,5.8873,5.8873,5.8873,5.8873,5.8873,5.8873,5.8873,5.8873,5.8873,5.8873,5.8873,5.8873,5.8873,5.8873,5.8873,5.8873,5.8873,5.8873,5.8873,5.8873,5.8873,5.8873,5.8873,5.8873,5.8873,5.8873,5.8873,5.8873,5.8873,5.8873,5.8873,5.8873,5.8873,5.8873,5.8873,5.8873,5.8873,5.8873,5.8873,5.8873,5.8873,5.8873,5.8873,5.8873,5.8873,5.8873,5.8873,5.8873,5.8873,5.8873,5.8873,5.8873,5.8873,5.8873,5.8873,5.8873,5.8873,5.8873,5.8873,5.8873,5.8873,5.8873,5.8873,5.8873,5.8873,5.8873,5.8873,5.8873,5.8873,5.8873,5.8873,5.8873,5.8873,5.8873,5.8873,5.8873,5.8873,5.8873,5.8873,5.8873,5.8873,5.8873,5.8873,5.8873,5.8873,5.8873,5.8873,5.8873,5.8873,5.8873,5.8873,5.8873,5.8873,5.8873,5.8873,5.8873,5.8873,5.8873,5.8873,5.8873,5.8873,5.8873,5.8873,5.8873,5.8873,5.8873,5.8873,5.8873,5.8873,5.8873,5.8873,5.8873,5.8873,5.8873,5.8873,5.8873,5.8873,5.8873,5.8873,5.8873,5.8873,5.8873,5.8873,5.8873,5.8873,5.8873,5.8873,5.8873,5.8873,5.8873,5.8873,5.8873,5.8873,5.8873,5.8873,5.8873,5.8873,5.8873,5.8873,5.8873,5.8873,5.8873,5.8873,5.8873,5.8873,5.8873,5.8873,5.8873,5.8873,5.8873,5.8873,5.8873,5.8873,5.8873,5.8873,5.8873,5.8873,5.8873,5.8873,5.8873,5.8873,5.8873,5.8873,5.8873,5.8873,5.8873,5.8873,5.8873,5.8873,5.8873,5.8873,5.8873,5.8873,5.8873,5.8873,5.8873,5.8873,5.8873,5.8873,5.8873,5.8873,5.8873,5.8873,5.8873,5.8873,5.8873,5.8873,5.8873,5.8873,5.8873,5.8873,5.8873,5.8873,5.8873,5.8873,5.8873,5.8873,5.8873,5.8873,5.8873,5.8873,5.8873,5.8873,5.8873,5.8873,5.8873,5.8873,5.8873,5.8873,5.8873,5.8873,5.8873,5.8873,5.8873,5.8873,5.8873,5.8873,5.8873,5.8873,5.8873,5.8873,5.8873,5.8873,5.8873,5.8873,5.8873,5.8873,5.8873,5.8873,5.8873,5.8873,5.8873,5.8873,5.8873,5.8873,5.8873,5.8873,5.8873,5.8873,5.8873,5.8873,5.8873,5.8873,5.8873,5.8873,5.8873,5.8873,5.8873,5.8873,5.8873,5.8873,5.8873,5.8873,5.8873,5.8873,5.8873,5.8873,5.8873,5.8873,5.8873,5.8873,5.8873,5.8873,5.8873,5.8873,5.8873,5.8873,5.8873,5.8873,5.8873,5.8873,5.8873,5.8873,5.8873,5.8873,5.8873,5.8873,5.8873,5.8873,5.8873,5.8873,5.8873,5.8873,5.8873,5.8873,5.8873,5.8873,5.8873,5.8873,5.8873,5.8873,5.8873,5.8873,5.8873,5.8873,5.8873,5.8873,5.8873,5.8873,5.8873,5.8873,5.8873,5.8873,5.8873,5.8873,5.8873,5.8873,5.8873,5.8873,5.8873,5.8873,5.8873,5.8873,5.8873,5.8873,5.8873,5.8873,5.8873,5.8873,5.8873,5.8873,5.8873,5.8873,5.8873,5.8873,5.8873,5.8873,5.8873,5.8873,5.8873,5.8873,5.8873,5.8873,5.8873,5.8873,5.8873,5.8873,5.8873,5.8873,5.8873,5.8873,5.8873,5.8873,5.8873,5.8873,5.8873,5.8873,5.8873,5.8873,5.8873,5.8873,5.8873,5.8873,5.8873,5.8873,5.8873,5.8873,5.8873,5.8873,5.8873,5.8873,5.8873,5.8873,5.8873,5.8873,5.8873,5.8873,5.8873,5.8873,5.8873,5.8873,5.8873,5.8873,5.8873,5.8873,5.8873,5.8873,5.8873,5.8873,5.8873,5.8873,5.8873,5.8873,5.8873,5.8873,5.8873,5.8873,5.8873,5.8873,5.8873,5.8873,5.8873,5.8873,5.8873,5.8873,5.8873,5.8873,5.8873,5.8873,5.8873,5.8873,5.8873,5.8873,5.8873,5.8873,5.8873,5.8873,5.8873,5.8873,5.8873,5.8873,5.8873,5.8873,5.8873,5.8873,5.8873,5.8873,5.8873,5.8873,5.8873,5.8873,5.8873,5.8873,5.8873,5.8873,5.8873,5.8873,5.8873,5.8873,5.8873,5.8873,5.8873,5.8873,5.8873,5.8873,5.8873,5.8873,5.8873,5.8873,5.8873,5.8873,5.8873,5.8873,5.8873,5.8873,5.8873,5.8873,5.8873,5.8873,5.8873,5.8873,5.8873,5.8873,5.8873,5.8873,5.8873,5.8873,5.8873,5.8873,5.8873,5.8873,5.8873,5.8873,5.8873,5.8873,5.8873,5.8873,5.8873,5.8873,5.8873,5.8873,5.8873,5.8873,5.8873,5.8873,5.8873,5.8873,5.8873,5.8873,5.8873,5.8873,5.8873,5.8873,5.8873,5.8873,5.8873,5.8873,5.8873,5.8873,5.8873,5.8873,5.8873,5.8873,5.8873,5.8873,5.8873,5.8873,5.8873,5.8873,5.8873,5.8873,5.8873,5.8873,5.8873,5.8873,5.8873,5.8873,5.8873,5.8873,5.8873,5.8873,5.8873
5.8833,5.8833,5.8833,5.8833,5.8833,5.8833,5.8833,5.8833,5.8833,5.8833,5.8833,5.8833,5.8833,5.8833,5.8833,5.8833,5.8833,5.8833,5.8833,5.8833,5.8833,5.8833,5.8833,5.8833,5.8833,5.8833,5.8833,5.8833,5.8833,5.8833,5.8833,5.8833,5.8833,5.8833,5.8833,5.8833,5.8833,5.8833,5.8833,5.8833,5.8833,5.8833,5.8833,5.8833,5.8833,5.8833,5.8833,5.8833,5.8833,5.8833,5.8833,5.8833,5.8833,5.8833,5.8833,5.8833,5.8833,5.8833,5.8833,5.8833,5.8833,5.8833,5.8833,5.8833,5.8833,5.8833,5.8833,5.8833,5.8833,5.8833,5.8833,5.8833,5.8833,5.8833,5.8833,5.8833,5.8833,5.8833,5.8833,5.8833,5.8833,5.8833,5.8833,5.8833,5.8833,5.8833,5.8833,5.8833,5.8833,5.8833,5.8833,5.8833,5.8833,5.8833,5.8833,5.8833,5.8833,5.8833,5.8833,5.8833,5.8833,5.8833,5.8833,5.8833,5.8833,5.8833,5.8833,5.8833,5.8833,5.8833,5.8833,5.8833,5.8833,5.8833,5.8833,5.8833,5.8833,5.8833,5.8833,5.8833,5.8833,5.8833,5.8833,5.8833,5.8833,5.8833,5.8833,5.8833,5.8833,5.8833,5.8833,5.8833,5.8833,5.8833,5.8833,5.8833,5.8833,5.8833,5.8833,5.8833,5.8833,5.8833,5.8833,5.8833,5.8833,5.8833,5.8833,5.8833,5.8833,5.8833,5.8833,5.8833,5.8833,5.8833,5.8833,5.8833,5.8833,5.8833,5.8833,5.8833,5.8833,5.8833,5.8833,5.8833,5.8833,5.8833,5.8833,5.8833,5.8833,5.8833,5.8833,5.8833,5.8833,5.8833,5.8833,5.8833,5.8833,5.8833,5.8833,5.8833,5.8833,5.8833,5.8833,5.8833,5.8833,5.8833,5.8833,5.8833,5.8833,5.8833,5.8833,5.8833,5.8833,5.8833,5.8833,5.8833,5.8833,5.8833,5.8833,5.8833,5.8833,5.8833,5.8833,5.8833,5.8833,5.8833,5.8833,5.8833,5.8833,5.8833,5.8833,5.8833,5.8833,5.8833,5.8833,5.8833,5.8833,5.8833,5.8833,5.8833,5.8833,5.8833,5.8833,5.8833,5.8833,5.8833,5.8833,5.8833,5.8833,5.8833,5.8833,5.8833,5.8833,5.8833,5.8833,5.8833,5.8833,5.8833,5.8833,5.8833,5.8833,5.8833,5.8833,5.8833,5.8833,5.8833,5.8833,5.8833,5.8833,5.8833,5.8833,5.8833,5.8833,5.8833,5.8833,5.8833,5.8833,5.8833,5.8833,5.8833,5.8833,5.8833,5.8833,5.8833,5.8833,5.8833,5.8833,5.8833,5.8833,5.8833,5.8833,5.8833,5.8833,5.8833,5.8833,5.8833,5.8833,5.8833,5.8833,5.8833,5.8833,5.8833,5.8833,5.8833,5.8833,5.8833,5.8833,5.8833,5.8833,5.8833,5.8833,5.8833,5.8833,5.8833,5.8833,5.8833,5.8833,5.8833,5.8833,5.8833,5.8833,5.8833,5.8833,5.8833,5.8833,5.8833,5.8833,5.8833,5.8833,5.8833,5.8833,5.8833,5.8833,5.8833,5.8833,5.8833,5.8833,5.8833,5.8833,5.8833,5.8833,5.8833,5.8833,5.8833,5.8833,5.8833,5.8833,5.8833,5.8833,5.8833,5.8833,5.8833,5.8833,5.8833,5.8833,5.8833,5.8833,5.8833,5.8833,5.8833,5.8833,5.8833,5.8833,5.8833,5.8833,5.8833,5.8833,5.8833,5.8833,5.8833,5.8833,5.8833,5.8833,5.8833,5.8833,5.8833,5.8833,5.8833,5.8833,5.8833,5.8833,5.8833,5.8833,5.8833,5.8833,5.8833,5.8833,5.8833,5.8833,5.8833,5.8833,5.8833,5.8833,5.8833,5.8833,5.8833,5.8833,5.8833,5.8833,5.8833,5.8833,5.8833,5.8833,5.8833,5.8833,5.8833,5.8833,5.8833,5.8833,5.8833,5.8833,5.8833,5.8833,5.8833,5.8833,5.8833,5.8833,5.8833,5.8833,5.8833,5.8833,5.8833,5.8833,5.8833,5.8833,5.8833,5.8833,5.8833,5.8833,5.8833,5.8833,5.8833,5.8833,5.8833,5.8833,5.8833,5.8833,5.8833,5.8833,5.8833,5.8833,5.8833,5.8833,5.8833,5.8833,5.8833,5.8833,5.8833,5.8833,5.8833,5.8833,5.8833,5.8833,5.8833,5.8833,5.8833,5.8833,5.8833,5.8833,5.8833,5.8833,5.8833,5.8833,5.8833,5.8833,5.8833,5.8833,5.8833,5.8833,5.8833,5.8833,5.8833,5.8833,5.8833,5.8833,5.8833,5.8833,5.8833,5.8833,5.8833,5.8833,5.8833,5.8833,5.8833,5.8833,5.8833,5.8833,5.8833,5.8833,5.8833,5.8833,5.8833,5.8833,5.8833,5.8833,5.8833,5.8833,5.8833,5.8833,5.8833,5.8833,5.8833,5.8833,5.8833,5.8833,5.8833,5.8833,5.8833,5.8833,5.8833,5.8833,5.8833,5.8833,5.8833,5.8833,5.8833,5.8833,5.8833,5.8833,5.8833,5.8833,5.8833,5.8833,5.8833,5.8833,5.8833,5.8833,5.8833,5.8833,5.8833,5.8833,5.8833,5.8833,5.8833,5.8833,5.8833,5.8833,5.8833,5.8833,5.8833,5.8833,5.8833,5.8833,5.8833,5.8833,5.8833,5.8833,5.8833,5.8833,5.8833,5.8833,5.8833,5.8833,5.8833,5.8833,5.8833,5.8833,5.8833,5.8833,5.8833,5.8833,5.8833,5.8833,5.8833,5.8833,5.8833,5.8833,5.8833,5.8833,5.8833,5.8833,5.8833,5.8833,5.8833,5.8833,5.8833,5.8833,5.8833,5.8833,5.8833,5.8833,5.8833,5.8833,5.8833,5.8833,5.8833,5.8833,5.8833,5.8833,5.8833,5.8833,5.8833,5.8833,5.8833,5.8833,5.8833,5.8833,5.8833,5.8833,5.8833,5.8833,5.8833,5.8833,5.8833,5.8833,5.8833,5.8833,5.8833,5.8833,5.8833,5.8833,5.8833,5.8833,5.8833,5.8833,5.8833,5.8833,5.8833,5.8833,5.8833,5.8833,5.8833,5.8833,5.8833,5.8833,5.8833,5.8833,5.8833,5.8833,5.8833,5.8833,5.8833,5.8833,5.8833,5.8833,5.8833,5.8833,5.8833,5.8833,5.8833,5.8833,5.8833,5.8833,5.8833,5.8833,5.8833,5.8833,5.8833,5.8833,5.8833,5.8833,5.8833,5.8833,5.8833,5.8833,5.8833,5.8833,5.8833,5.8833,5.8833,5.8833,5.8833,5.8833,5.8833,5.8833,5.8833,5.8833,5.8833,5.8833,5.8833,5.8833,5.8833,5.8833,5.8833,5.8833,5.8833,5.8833,5.8833,5.8833,5.8833,5.8833,5.8833,5.8833,5.8833,5.8833,5.8833,5.8833,5.8833,5.8833,5.8833,5.8833,5.8833,5.8833,5.8833,5.8833,5.8833,5.8833,5.8833,5.8833,5.8833,5.8833,5.8833,5.8833,5.8833,5.8833,5.8833,5.8833,5.8833,5.8833,5.8833,5.8833,5.8833,5.8833,5.8833,5.8833,5.8833,5.8833,5.8833,5.8833,5.8833,5.8833,5.8833,5.8833,5.8833,5.8833,5.8833,5.8833,5.8833,5.8833,5.8833,5.8833,5.8833,5.8833,5.8833,5.8833,5.8833,5.8833,5.8833,5.8833,5.8833,5.8833,5.8833,5.8833,5.8833,5.8833,5.8833,5.8833,5.8833,5.8833,5.8833,5.8833,5.8833,5.8833,5.8833,5.8833,5.8833,5.8833,5.8833,5.8833,5.8833,5.8833,5.8833,5.8833,5.8833,5.8833,5.8833,5.8833,5.8833,5.8833,5.8833,5.8833,5.8833,5.8833,5.8833,5.8833,5.8833,5.8833,5.8833,5.8833,5.8833,5.8833,5.8833,5.8833,5.8833,5.8833,5.8833,5.8833,5.8833,5.8833,5.8833,5.8833,5.8833,5.8833,5.8833,5.8833,5.8833,5.8833,5.8833,5.8833,5.8833,5.8833,5.8833,5.8833,5.8833,5.8833,5.8833,5.8833,5.8833,5.8833,5.8833,5.8833,5.8833,5.8833,5.8833,5.8833,5.8833,5.8833,5.8833,5.8833,5.8833,5.8833,5.8833,5.8833,5.8833,5.8833,5.8833,5.8833,5.8833,5.8833,5.8833,5.8833,5.8833,5.8833,5.8833,5.8833,5.8833,5.8833,5.8833,5.8833,5.8833,5.8833,5.8833,5.8833,5.8833,5.8833,5.8833,5.8833,5.8833,5.8833,5.8833,5.8833,5.8833,5.8833,5.8833,5.8833,5.8833,5.8833,5.8833,5.8833,5.8833,5.8833,5.8833,5.8833,5.8833,5.8833,5.8833,5.8833,5.8833,5.8833,5.8833,5.8833,5.8833,5.8833,5.8833,5.8833,5.8833,5.8833,5.8833,5.8833,5.8833,5.8833,5.8833,5.8833,5.8833,5.8833,5.8833,5.8833,5.8833,5.8833,5.8833,5.8833,5.8833,5.8833,5.8833,5.8833,5.8833,5.8833,5.8833,5.8833,5.8833,5.8833,5.8833,5.8833,5.8833,5.8833,5.8833,5.8833,5.8833,5.8833,5.8833,5.8833,5.8833,5.8833,5.8833,5.8833,5.8833,5.8833,5.8833,5.8833,5.8833,5.8833,5.8833,5.8833,5.8833,5.8833,5.8833,5.8833,5.8833,5.8833,5.8833,5.8833,5.8833,5.8833,5.8833,5.8833,5.8833,5.8833,5.8833,5.8833,5.8833,5.8833,5.8833,5.8833,5.8833,5.8833,5.8833,5.8833,5.8833,5.8833,5.8833,5.8833,5.8833,5.8833,5.8833,5.8833,5.8833,5.8833,5.8833,5.8833,5.8833,5.8833,5.8833,5.8833,5.8833,5.8833,5.8833,5.8833,5.8833,5.8833,5.8833,5.8833,5.8833,5.8833,5.8833,5.8833,5.8833,5.8833,5.8833,5.8833,5.8833
